client,request_id,vendor_id,vendor_name,context_id,context_name,module_code,module_label,subject_code,subject_label,attribute_code,attribute_label,attribute_description,matching_criteria,operator,target_value,actual_value,status,compliance_profile,notes,public_notes,is_custom,documents_count,reset_on,sync_date
"Block Real Estate Services, LLC",69fdf74a62446148bd854b05,69fded1462446148bd848d6f,Enterprise Leasing Company of Kansas,69fdeef6fa0b60fcd50d3ccf,"106643 - 10661 Metcalf, LLC",evidenceOfInsurance,Evidence of Insurance,commercialGeneralLiability,Commercial General Liability,evidenceOfInsuranceCommercialGeneralLiabilityCoverageTriggerOccurrence,Coverage Trigger: Occurrence,,matchOnce,must be present,,,non_compliant,Block Requirements,,,false,0,,2026-08-16
"Block Real Estate Services, LLC",69fdf74a62446148bd854b05,69fded1462446148bd848d6f,Enterprise Leasing Company of Kansas,69fdeef6fa0b60fcd50d3ccf,"106643 - 10661 Metcalf, LLC",evidenceOfInsurance,Evidence of Insurance,commercialGeneralLiability,Commercial General Liability,evidenceOfInsuranceCommercialGeneralLiabilityGeneralAggregateLimitAppliesPerLocation,General Aggregate Limit Applies per: Location,,matchOnce,must be present,,,non_compliant,Block Requirements,,,false,0,,2026-08-16
"Block Real Estate Services, LLC",69fdf74a62446148bd854b05,69fded1462446148bd848d6f,Enterprise Leasing Company of Kansas,69fdeef6fa0b60fcd50d3ccf,"106643 - 10661 Metcalf, LLC",evidenceOfInsurance,Evidence of Insurance,commercialGeneralLiability,Commercial General Liability,evidenceOfInsuranceCommercialGeneralLiabilityEachOccurrence,Each Occurrence,,matchOnce,must be greater or equal to,1000000,,non_compliant,Block Requirements,,,false,0,,2026-08-16
"Block Real Estate Services, LLC",69fdf74a62446148bd854b05,69fded1462446148bd848d6f,Enterprise Leasing Company of Kansas,69fdeef6fa0b60fcd50d3ccf,"106643 - 10661 Metcalf, LLC",evidenceOfInsurance,Evidence of Insurance,commercialGeneralLiability,Commercial General Liability,evidenceOfInsuranceCommercialGeneralLiabilityGeneralAggregate,General Aggregate,,matchOnce,must be greater or equal to,2000000,,non_compliant,Block Requirements,,,false,0,,2026-08-16
"Block Real Estate Services, LLC",69fdf74a62446148bd854b05,69fded1462446148bd848d6f,Enterprise Leasing Company of Kansas,69fdeef6fa0b60fcd50d3ccf,"106643 - 10661 Metcalf, LLC",evidenceOfInsurance,Evidence of Insurance,commercialGeneralLiability,Commercial General Liability,evidenceOfInsuranceCommercialGeneralLiabilityWaiverOfSubrogationEndorsement,Waiver of Subrogation,"---prompt---
Determine if the insurer has waived their right of subrogation in favor of the certificate holder under the Commercial General Liability policy. Evidence may include: a checked ""Waiver of Subrogation"" box on the certificate, mention in the Description of Operations section stating ""waiver of subrogation applies"", or reference to form CG 24 04. Look for language like ""subrogation is waived"" or ""per written contract"".",matchOnce,must be present,,,non_compliant,Block Requirements,,,false,0,,2026-08-16
"Block Real Estate Services, LLC",69fdf74a62446148bd854b05,69fded1462446148bd848d6f,Enterprise Leasing Company of Kansas,69fdeef6fa0b60fcd50d3ccf,"106643 - 10661 Metcalf, LLC",evidenceOfInsurance,Evidence of Insurance,excessOrUmbrellaLiability,Umbrella/Excess Liability,evidenceOfInsuranceExcessOrUmbrellaLiabilityOccurence,Coverage Trigger: Occurrence,,matchOnce,must be present,,,non_compliant,Block Requirements,,,false,0,,2026-08-16
"Block Real Estate Services, LLC",69fdf74a62446148bd854b05,69fded1462446148bd848d6f,Enterprise Leasing Company of Kansas,69fdeef6fa0b60fcd50d3ccf,"106643 - 10661 Metcalf, LLC",evidenceOfInsurance,Evidence of Insurance,excessOrUmbrellaLiability,Umbrella/Excess Liability,evidenceOfInsuranceExcessOrUmbrellaLiabilityEachOccurrence,Each Occurrence,,matchOnce,must be greater or equal to,1000000,,non_compliant,Block Requirements,,,false,0,,2026-08-16
"Block Real Estate Services, LLC",69fdf74a62446148bd854b05,69fded1462446148bd848d6f,Enterprise Leasing Company of Kansas,69fdeef6fa0b60fcd50d3ccf,"106643 - 10661 Metcalf, LLC",evidenceOfInsurance,Evidence of Insurance,excessOrUmbrellaLiability,Umbrella/Excess Liability,evidenceOfInsuranceExcessOrUmbrellaLiabilityAggregate,Aggregate,,matchOnce,must be greater or equal to,1000000,,non_compliant,Block Requirements,,,false,0,,2026-08-16
"Block Real Estate Services, LLC",69fdf74a62446148bd854b05,69fded1462446148bd848d6f,Enterprise Leasing Company of Kansas,69fdeef6fa0b60fcd50d3ccf,"106643 - 10661 Metcalf, LLC",evidenceOfInsurance,Evidence of Insurance,workersCompensation,Workers' Compensation and Employer's Liability,evidenceOfInsuranceWorkersCompensationStatutoryLimits,Statutory Limits,,matchOnce,must be present,,,non_compliant,Block Requirements,,,false,0,,2026-08-16
"Block Real Estate Services, LLC",69fdf74a62446148bd854b05,69fded1462446148bd848d6f,Enterprise Leasing Company of Kansas,69fdeef6fa0b60fcd50d3ccf,"106643 - 10661 Metcalf, LLC",evidenceOfInsurance,Evidence of Insurance,workersCompensation,Workers' Compensation and Employer's Liability,evidenceOfInsuranceWorkersCompensationEmployersLiabilityEachAccident,Employer's Liability Each Accident,,matchOnce,must be greater or equal to,500000,,non_compliant,Block Requirements,,,false,0,,2026-08-16
"Block Real Estate Services, LLC",69fdf74a62446148bd854b05,69fded1462446148bd848d6f,Enterprise Leasing Company of Kansas,69fdeef6fa0b60fcd50d3ccf,"106643 - 10661 Metcalf, LLC",evidenceOfInsurance,Evidence of Insurance,workersCompensation,Workers' Compensation and Employer's Liability,evidenceOfInsuranceWorkersCompensationEmployersLiabilityDiseaseEachEmployee,Employer's Liability Disease - each employee,,matchOnce,must be greater or equal to,500000,,non_compliant,Block Requirements,,,false,0,,2026-08-16
"Block Real Estate Services, LLC",69fdf74a62446148bd854b05,69fded1462446148bd848d6f,Enterprise Leasing Company of Kansas,69fdeef6fa0b60fcd50d3ccf,"106643 - 10661 Metcalf, LLC",evidenceOfInsurance,Evidence of Insurance,workersCompensation,Workers' Compensation and Employer's Liability,evidenceOfInsuranceWorkersCompensationEmployersLiabilityDiseasePolicyLimit,Employer's Liability Disease - policy limit,,matchOnce,must be greater or equal to,500000,,non_compliant,Block Requirements,,,false,0,,2026-08-16
"Block Real Estate Services, LLC",69fdf74a62446148bd854b05,69fded1462446148bd848d6f,Enterprise Leasing Company of Kansas,69fdeef6fa0b60fcd50d3ccf,"106643 - 10661 Metcalf, LLC",evidenceOfInsurance,Evidence of Insurance,workersCompensation,Workers' Compensation and Employer's Liability,evidenceOfInsuranceWorkersCompensationWaiverOfSubrogationEndorsement,Waiver of Subrogation,"---prompt---
Determine if the insurer has waived their right of subrogation in favor of the certificate holder under the Workers' Compensation policy. Evidence may include: a checked ""Waiver of Subrogation"" box on the certificate, mention in the Description of Operations section stating ""waiver of subrogation applies"", or reference to form WC 00 03 13. Look for language like ""subrogation is waived"" or ""per written contract"".",matchOnce,must be present,,,non_compliant,Block Requirements,,,false,0,,2026-08-16
"Block Real Estate Services, LLC",69fdf74a62446148bd854b05,69fded1462446148bd848d6f,Enterprise Leasing Company of Kansas,69fdeef6fa0b60fcd50d3ccf,"106643 - 10661 Metcalf, LLC",evidenceOfInsurance,Evidence of Insurance,6ac20aae-5728-5d57-b364-aeba38527dba,Additional Requirements,4da5b0f1-4c9d-5885-8cf8-5d3cccaed3e0,"Block Real Estate Services, LLC and all others required by contract are named as Additional Insureds","---prompt---
Determine if the Description of Operations or the Additional Remarks Schedule section states the ""Additional Insured as Construction Management, Inc. and all others required by contract"" or reference to blanket additional insured coverage. Look for language like ""certificate holder is additional insured"" or ""per written contract"".",matchOnce,must be present,,,non_compliant,Block Requirements,,,true,0,,2026-08-16
"Block Real Estate Services, LLC",69fdf74a62446148bd854b05,69fded1462446148bd848d6f,Enterprise Leasing Company of Kansas,69fdeef6fa0b60fcd50d3ccf,"106643 - 10661 Metcalf, LLC",evidenceOfInsurance,Evidence of Insurance,6ac20aae-5728-5d57-b364-aeba38527dba,Additional Requirements,e1017741-e47e-5f58-97b8-fbc3043e919f,Umbrella follows form over General Liability,"---prompt---
Determine if the Umbrella/Excess Liability policy follows form to the underlying policies. Evidence may include: language in the Description of Operations section stating the umbrella follows form to underlying coverages or an additional page endorsement stating that it follows form. Follow form means the umbrella policy adopts the same terms, conditions, and exclusions as the underlying policies.",matchOnce,must be present,,,non_compliant,Block Requirements,,,true,0,,2026-08-16
"Block Real Estate Services, LLC",69fdf74a62446148bd854b05,69fded1462446148bd848d6f,Enterprise Leasing Company of Kansas,69fdeef6fa0b60fcd50d3ccf,"106643 - 10661 Metcalf, LLC",evidenceOfInsurance,Evidence of Insurance,6ac20aae-5728-5d57-b364-aeba38527dba,Additional Requirements,2cdd866f-c9a4-576a-afd8-1d045762790c,"The location must be listed as: 10661 Metcalf Ave, Suite 106A, Overland Park, KS, 66212","---prompt---
Determine if the Description of Operations or the Additional Remarks Schedule section states the location indicated in value field",matchOnce,must be present,,,non_compliant,Block Requirements,,,true,0,,2026-08-16
"Block Real Estate Services, LLC",69fdf74a62446148bd854b05,69fded1462446148bd848d6f,Enterprise Leasing Company of Kansas,69fdeef6fa0b60fcd50d3ccf,"106643 - 10661 Metcalf, LLC",evidenceOfInsurance,Evidence of Insurance,6ac20aae-5728-5d57-b364-aeba38527dba,Additional Requirements,3649e9d1-4e09-59bf-8f30-cb33c40cf117,"Certificate Holder must read: c/o Block Real Estate Services, LLC, 4622 Pennsylvania St., Suite 700, Kansas City, MO, 64112",,matchOnce,must be present,,,non_compliant,Block Requirements,,,true,0,,2026-08-16
"Block Real Estate Services, LLC",69fdf74a62446148bd854b06,69fded1462446148bd848d8d,Faith Technologies Inc,69fdeefa02bb2c42a879c977,"167332 - 167 Logistics Centre Building #2 {167 Logistics Centre West, LLC}",evidenceOfInsurance,Evidence of Insurance,commercialGeneralLiability,Commercial General Liability,evidenceOfInsuranceCommercialGeneralLiabilityCoverageTriggerOccurrence,Coverage Trigger: Occurrence,,matchOnce,must be present,,,non_compliant,Block Requirements,,,false,0,,2026-08-16
"Block Real Estate Services, LLC",69fdf74a62446148bd854b06,69fded1462446148bd848d8d,Faith Technologies Inc,69fdeefa02bb2c42a879c977,"167332 - 167 Logistics Centre Building #2 {167 Logistics Centre West, LLC}",evidenceOfInsurance,Evidence of Insurance,commercialGeneralLiability,Commercial General Liability,evidenceOfInsuranceCommercialGeneralLiabilityGeneralAggregateLimitAppliesPerLocation,General Aggregate Limit Applies per: Location,,matchOnce,must be present,,,non_compliant,Block Requirements,,,false,0,,2026-08-16
"Block Real Estate Services, LLC",69fdf74a62446148bd854b06,69fded1462446148bd848d8d,Faith Technologies Inc,69fdeefa02bb2c42a879c977,"167332 - 167 Logistics Centre Building #2 {167 Logistics Centre West, LLC}",evidenceOfInsurance,Evidence of Insurance,commercialGeneralLiability,Commercial General Liability,evidenceOfInsuranceCommercialGeneralLiabilityEachOccurrence,Each Occurrence,,matchOnce,must be greater or equal to,1000000,,non_compliant,Block Requirements,,,false,0,,2026-08-16
"Block Real Estate Services, LLC",69fdf74a62446148bd854b06,69fded1462446148bd848d8d,Faith Technologies Inc,69fdeefa02bb2c42a879c977,"167332 - 167 Logistics Centre Building #2 {167 Logistics Centre West, LLC}",evidenceOfInsurance,Evidence of Insurance,commercialGeneralLiability,Commercial General Liability,evidenceOfInsuranceCommercialGeneralLiabilityGeneralAggregate,General Aggregate,,matchOnce,must be greater or equal to,2000000,,non_compliant,Block Requirements,,,false,0,,2026-08-16
"Block Real Estate Services, LLC",69fdf74a62446148bd854b06,69fded1462446148bd848d8d,Faith Technologies Inc,69fdeefa02bb2c42a879c977,"167332 - 167 Logistics Centre Building #2 {167 Logistics Centre West, LLC}",evidenceOfInsurance,Evidence of Insurance,commercialGeneralLiability,Commercial General Liability,evidenceOfInsuranceCommercialGeneralLiabilityWaiverOfSubrogationEndorsement,Waiver of Subrogation,"---prompt---
Determine if the insurer has waived their right of subrogation in favor of the certificate holder under the Commercial General Liability policy. Evidence may include: a checked ""Waiver of Subrogation"" box on the certificate, mention in the Description of Operations section stating ""waiver of subrogation applies"", or reference to form CG 24 04. Look for language like ""subrogation is waived"" or ""per written contract"".",matchOnce,must be present,,,non_compliant,Block Requirements,,,false,0,,2026-08-16
"Block Real Estate Services, LLC",69fdf74a62446148bd854b06,69fded1462446148bd848d8d,Faith Technologies Inc,69fdeefa02bb2c42a879c977,"167332 - 167 Logistics Centre Building #2 {167 Logistics Centre West, LLC}",evidenceOfInsurance,Evidence of Insurance,excessOrUmbrellaLiability,Umbrella/Excess Liability,evidenceOfInsuranceExcessOrUmbrellaLiabilityOccurence,Coverage Trigger: Occurrence,,matchOnce,must be present,,,non_compliant,Block Requirements,,,false,0,,2026-08-16
"Block Real Estate Services, LLC",69fdf74a62446148bd854b06,69fded1462446148bd848d8d,Faith Technologies Inc,69fdeefa02bb2c42a879c977,"167332 - 167 Logistics Centre Building #2 {167 Logistics Centre West, LLC}",evidenceOfInsurance,Evidence of Insurance,excessOrUmbrellaLiability,Umbrella/Excess Liability,evidenceOfInsuranceExcessOrUmbrellaLiabilityEachOccurrence,Each Occurrence,,matchOnce,must be greater or equal to,1000000,,non_compliant,Block Requirements,,,false,0,,2026-08-16
"Block Real Estate Services, LLC",69fdf74a62446148bd854b06,69fded1462446148bd848d8d,Faith Technologies Inc,69fdeefa02bb2c42a879c977,"167332 - 167 Logistics Centre Building #2 {167 Logistics Centre West, LLC}",evidenceOfInsurance,Evidence of Insurance,excessOrUmbrellaLiability,Umbrella/Excess Liability,evidenceOfInsuranceExcessOrUmbrellaLiabilityAggregate,Aggregate,,matchOnce,must be greater or equal to,1000000,,non_compliant,Block Requirements,,,false,0,,2026-08-16
"Block Real Estate Services, LLC",69fdf74a62446148bd854b06,69fded1462446148bd848d8d,Faith Technologies Inc,69fdeefa02bb2c42a879c977,"167332 - 167 Logistics Centre Building #2 {167 Logistics Centre West, LLC}",evidenceOfInsurance,Evidence of Insurance,workersCompensation,Workers' Compensation and Employer's Liability,evidenceOfInsuranceWorkersCompensationStatutoryLimits,Statutory Limits,,matchOnce,must be present,,,non_compliant,Block Requirements,,,false,0,,2026-08-16
"Block Real Estate Services, LLC",69fdf74a62446148bd854b06,69fded1462446148bd848d8d,Faith Technologies Inc,69fdeefa02bb2c42a879c977,"167332 - 167 Logistics Centre Building #2 {167 Logistics Centre West, LLC}",evidenceOfInsurance,Evidence of Insurance,workersCompensation,Workers' Compensation and Employer's Liability,evidenceOfInsuranceWorkersCompensationEmployersLiabilityEachAccident,Employer's Liability Each Accident,,matchOnce,must be greater or equal to,500000,,non_compliant,Block Requirements,,,false,0,,2026-08-16
"Block Real Estate Services, LLC",69fdf74a62446148bd854b06,69fded1462446148bd848d8d,Faith Technologies Inc,69fdeefa02bb2c42a879c977,"167332 - 167 Logistics Centre Building #2 {167 Logistics Centre West, LLC}",evidenceOfInsurance,Evidence of Insurance,workersCompensation,Workers' Compensation and Employer's Liability,evidenceOfInsuranceWorkersCompensationEmployersLiabilityDiseaseEachEmployee,Employer's Liability Disease - each employee,,matchOnce,must be greater or equal to,500000,,non_compliant,Block Requirements,,,false,0,,2026-08-16
"Block Real Estate Services, LLC",69fdf74a62446148bd854b06,69fded1462446148bd848d8d,Faith Technologies Inc,69fdeefa02bb2c42a879c977,"167332 - 167 Logistics Centre Building #2 {167 Logistics Centre West, LLC}",evidenceOfInsurance,Evidence of Insurance,workersCompensation,Workers' Compensation and Employer's Liability,evidenceOfInsuranceWorkersCompensationEmployersLiabilityDiseasePolicyLimit,Employer's Liability Disease - policy limit,,matchOnce,must be greater or equal to,500000,,non_compliant,Block Requirements,,,false,0,,2026-08-16
"Block Real Estate Services, LLC",69fdf74a62446148bd854b06,69fded1462446148bd848d8d,Faith Technologies Inc,69fdeefa02bb2c42a879c977,"167332 - 167 Logistics Centre Building #2 {167 Logistics Centre West, LLC}",evidenceOfInsurance,Evidence of Insurance,workersCompensation,Workers' Compensation and Employer's Liability,evidenceOfInsuranceWorkersCompensationWaiverOfSubrogationEndorsement,Waiver of Subrogation,"---prompt---
Determine if the insurer has waived their right of subrogation in favor of the certificate holder under the Workers' Compensation policy. Evidence may include: a checked ""Waiver of Subrogation"" box on the certificate, mention in the Description of Operations section stating ""waiver of subrogation applies"", or reference to form WC 00 03 13. Look for language like ""subrogation is waived"" or ""per written contract"".",matchOnce,must be present,,,non_compliant,Block Requirements,,,false,0,,2026-08-16
"Block Real Estate Services, LLC",69fdf74a62446148bd854b06,69fded1462446148bd848d8d,Faith Technologies Inc,69fdeefa02bb2c42a879c977,"167332 - 167 Logistics Centre Building #2 {167 Logistics Centre West, LLC}",evidenceOfInsurance,Evidence of Insurance,6ac20aae-5728-5d57-b364-aeba38527dba,Additional Requirements,4da5b0f1-4c9d-5885-8cf8-5d3cccaed3e0,"Block Real Estate Services, LLC and all others required by contract are named as Additional Insureds","---prompt---
Determine if the Description of Operations or the Additional Remarks Schedule section states the ""Additional Insured as Construction Management, Inc. and all others required by contract"" or reference to blanket additional insured coverage. Look for language like ""certificate holder is additional insured"" or ""per written contract"".",matchOnce,must be present,,,non_compliant,Block Requirements,,,true,0,,2026-08-16
"Block Real Estate Services, LLC",69fdf74a62446148bd854b06,69fded1462446148bd848d8d,Faith Technologies Inc,69fdeefa02bb2c42a879c977,"167332 - 167 Logistics Centre Building #2 {167 Logistics Centre West, LLC}",evidenceOfInsurance,Evidence of Insurance,6ac20aae-5728-5d57-b364-aeba38527dba,Additional Requirements,e1017741-e47e-5f58-97b8-fbc3043e919f,Umbrella follows form over General Liability,"---prompt---
Determine if the Umbrella/Excess Liability policy follows form to the underlying policies. Evidence may include: language in the Description of Operations section stating the umbrella follows form to underlying coverages or an additional page endorsement stating that it follows form. Follow form means the umbrella policy adopts the same terms, conditions, and exclusions as the underlying policies.",matchOnce,must be present,,,non_compliant,Block Requirements,,,true,0,,2026-08-16
"Block Real Estate Services, LLC",69fdf74a62446148bd854b06,69fded1462446148bd848d8d,Faith Technologies Inc,69fdeefa02bb2c42a879c977,"167332 - 167 Logistics Centre Building #2 {167 Logistics Centre West, LLC}",evidenceOfInsurance,Evidence of Insurance,6ac20aae-5728-5d57-b364-aeba38527dba,Additional Requirements,2cdd866f-c9a4-576a-afd8-1d045762790c,"The location must be listed as: 22150 W. 167 Street, Olathe, KS, 66062","---prompt---
Determine if the Description of Operations or the Additional Remarks Schedule section states the location indicated in value field",matchOnce,must be present,,,non_compliant,Block Requirements,,,true,0,,2026-08-16
"Block Real Estate Services, LLC",69fdf74a62446148bd854b06,69fded1462446148bd848d8d,Faith Technologies Inc,69fdeefa02bb2c42a879c977,"167332 - 167 Logistics Centre Building #2 {167 Logistics Centre West, LLC}",evidenceOfInsurance,Evidence of Insurance,6ac20aae-5728-5d57-b364-aeba38527dba,Additional Requirements,3649e9d1-4e09-59bf-8f30-cb33c40cf117,"Certificate Holder must read: c/o Block Real Estate Services, LLC, 4622 Pennsylvania St., Suite 700, Kansas City, MO, 64112",,matchOnce,must be present,,,non_compliant,Block Requirements,,,true,0,,2026-08-16
"Block Real Estate Services, LLC",69fdf74a62446148bd854b07,69fded1f62446148bd84910b,Roto-Rooter Services Company Inc,69fdef98bf1df2fe96921c81,"460549 - 4600 Associates, LLC",evidenceOfInsurance,Evidence of Insurance,commercialGeneralLiability,Commercial General Liability,evidenceOfInsuranceCommercialGeneralLiabilityCoverageTriggerOccurrence,Coverage Trigger: Occurrence,,matchOnce,must be present,,,non_compliant,Block Requirements,,,false,0,,2026-08-16
"Block Real Estate Services, LLC",69fdf74a62446148bd854b07,69fded1f62446148bd84910b,Roto-Rooter Services Company Inc,69fdef98bf1df2fe96921c81,"460549 - 4600 Associates, LLC",evidenceOfInsurance,Evidence of Insurance,commercialGeneralLiability,Commercial General Liability,evidenceOfInsuranceCommercialGeneralLiabilityGeneralAggregateLimitAppliesPerLocation,General Aggregate Limit Applies per: Location,,matchOnce,must be present,,,non_compliant,Block Requirements,,,false,0,,2026-08-16
"Block Real Estate Services, LLC",69fdf74a62446148bd854b07,69fded1f62446148bd84910b,Roto-Rooter Services Company Inc,69fdef98bf1df2fe96921c81,"460549 - 4600 Associates, LLC",evidenceOfInsurance,Evidence of Insurance,commercialGeneralLiability,Commercial General Liability,evidenceOfInsuranceCommercialGeneralLiabilityEachOccurrence,Each Occurrence,,matchOnce,must be greater or equal to,1000000,,non_compliant,Block Requirements,,,false,0,,2026-08-16
"Block Real Estate Services, LLC",69fdf74a62446148bd854b07,69fded1f62446148bd84910b,Roto-Rooter Services Company Inc,69fdef98bf1df2fe96921c81,"460549 - 4600 Associates, LLC",evidenceOfInsurance,Evidence of Insurance,commercialGeneralLiability,Commercial General Liability,evidenceOfInsuranceCommercialGeneralLiabilityGeneralAggregate,General Aggregate,,matchOnce,must be greater or equal to,2000000,,non_compliant,Block Requirements,,,false,0,,2026-08-16
"Block Real Estate Services, LLC",69fdf74a62446148bd854b07,69fded1f62446148bd84910b,Roto-Rooter Services Company Inc,69fdef98bf1df2fe96921c81,"460549 - 4600 Associates, LLC",evidenceOfInsurance,Evidence of Insurance,commercialGeneralLiability,Commercial General Liability,evidenceOfInsuranceCommercialGeneralLiabilityWaiverOfSubrogationEndorsement,Waiver of Subrogation,"---prompt---
Determine if the insurer has waived their right of subrogation in favor of the certificate holder under the Commercial General Liability policy. Evidence may include: a checked ""Waiver of Subrogation"" box on the certificate, mention in the Description of Operations section stating ""waiver of subrogation applies"", or reference to form CG 24 04. Look for language like ""subrogation is waived"" or ""per written contract"".",matchOnce,must be present,,,non_compliant,Block Requirements,,,false,0,,2026-08-16
"Block Real Estate Services, LLC",69fdf74a62446148bd854b07,69fded1f62446148bd84910b,Roto-Rooter Services Company Inc,69fdef98bf1df2fe96921c81,"460549 - 4600 Associates, LLC",evidenceOfInsurance,Evidence of Insurance,excessOrUmbrellaLiability,Umbrella/Excess Liability,evidenceOfInsuranceExcessOrUmbrellaLiabilityOccurence,Coverage Trigger: Occurrence,,matchOnce,must be present,,,non_compliant,Block Requirements,,,false,0,,2026-08-16
"Block Real Estate Services, LLC",69fdf74a62446148bd854b07,69fded1f62446148bd84910b,Roto-Rooter Services Company Inc,69fdef98bf1df2fe96921c81,"460549 - 4600 Associates, LLC",evidenceOfInsurance,Evidence of Insurance,excessOrUmbrellaLiability,Umbrella/Excess Liability,evidenceOfInsuranceExcessOrUmbrellaLiabilityEachOccurrence,Each Occurrence,,matchOnce,must be greater or equal to,1000000,,non_compliant,Block Requirements,,,false,0,,2026-08-16
"Block Real Estate Services, LLC",69fdf74a62446148bd854b07,69fded1f62446148bd84910b,Roto-Rooter Services Company Inc,69fdef98bf1df2fe96921c81,"460549 - 4600 Associates, LLC",evidenceOfInsurance,Evidence of Insurance,excessOrUmbrellaLiability,Umbrella/Excess Liability,evidenceOfInsuranceExcessOrUmbrellaLiabilityAggregate,Aggregate,,matchOnce,must be greater or equal to,1000000,,non_compliant,Block Requirements,,,false,0,,2026-08-16
"Block Real Estate Services, LLC",69fdf74a62446148bd854b07,69fded1f62446148bd84910b,Roto-Rooter Services Company Inc,69fdef98bf1df2fe96921c81,"460549 - 4600 Associates, LLC",evidenceOfInsurance,Evidence of Insurance,workersCompensation,Workers' Compensation and Employer's Liability,evidenceOfInsuranceWorkersCompensationStatutoryLimits,Statutory Limits,,matchOnce,must be present,,,non_compliant,Block Requirements,,,false,0,,2026-08-16
"Block Real Estate Services, LLC",69fdf74a62446148bd854b07,69fded1f62446148bd84910b,Roto-Rooter Services Company Inc,69fdef98bf1df2fe96921c81,"460549 - 4600 Associates, LLC",evidenceOfInsurance,Evidence of Insurance,workersCompensation,Workers' Compensation and Employer's Liability,evidenceOfInsuranceWorkersCompensationEmployersLiabilityEachAccident,Employer's Liability Each Accident,,matchOnce,must be greater or equal to,500000,,non_compliant,Block Requirements,,,false,0,,2026-08-16
"Block Real Estate Services, LLC",69fdf74a62446148bd854b07,69fded1f62446148bd84910b,Roto-Rooter Services Company Inc,69fdef98bf1df2fe96921c81,"460549 - 4600 Associates, LLC",evidenceOfInsurance,Evidence of Insurance,workersCompensation,Workers' Compensation and Employer's Liability,evidenceOfInsuranceWorkersCompensationEmployersLiabilityDiseaseEachEmployee,Employer's Liability Disease - each employee,,matchOnce,must be greater or equal to,500000,,non_compliant,Block Requirements,,,false,0,,2026-08-16
"Block Real Estate Services, LLC",69fdf74a62446148bd854b07,69fded1f62446148bd84910b,Roto-Rooter Services Company Inc,69fdef98bf1df2fe96921c81,"460549 - 4600 Associates, LLC",evidenceOfInsurance,Evidence of Insurance,workersCompensation,Workers' Compensation and Employer's Liability,evidenceOfInsuranceWorkersCompensationEmployersLiabilityDiseasePolicyLimit,Employer's Liability Disease - policy limit,,matchOnce,must be greater or equal to,500000,,non_compliant,Block Requirements,,,false,0,,2026-08-16
"Block Real Estate Services, LLC",69fdf74a62446148bd854b07,69fded1f62446148bd84910b,Roto-Rooter Services Company Inc,69fdef98bf1df2fe96921c81,"460549 - 4600 Associates, LLC",evidenceOfInsurance,Evidence of Insurance,workersCompensation,Workers' Compensation and Employer's Liability,evidenceOfInsuranceWorkersCompensationWaiverOfSubrogationEndorsement,Waiver of Subrogation,"---prompt---
Determine if the insurer has waived their right of subrogation in favor of the certificate holder under the Workers' Compensation policy. Evidence may include: a checked ""Waiver of Subrogation"" box on the certificate, mention in the Description of Operations section stating ""waiver of subrogation applies"", or reference to form WC 00 03 13. Look for language like ""subrogation is waived"" or ""per written contract"".",matchOnce,must be present,,,non_compliant,Block Requirements,,,false,0,,2026-08-16
"Block Real Estate Services, LLC",69fdf74a62446148bd854b07,69fded1f62446148bd84910b,Roto-Rooter Services Company Inc,69fdef98bf1df2fe96921c81,"460549 - 4600 Associates, LLC",evidenceOfInsurance,Evidence of Insurance,6ac20aae-5728-5d57-b364-aeba38527dba,Additional Requirements,4da5b0f1-4c9d-5885-8cf8-5d3cccaed3e0,"Block Real Estate Services, LLC and all others required by contract are named as Additional Insureds","---prompt---
Determine if the Description of Operations or the Additional Remarks Schedule section states the ""Additional Insured as Construction Management, Inc. and all others required by contract"" or reference to blanket additional insured coverage. Look for language like ""certificate holder is additional insured"" or ""per written contract"".",matchOnce,must be present,,,non_compliant,Block Requirements,,,true,0,,2026-08-16
"Block Real Estate Services, LLC",69fdf74a62446148bd854b07,69fded1f62446148bd84910b,Roto-Rooter Services Company Inc,69fdef98bf1df2fe96921c81,"460549 - 4600 Associates, LLC",evidenceOfInsurance,Evidence of Insurance,6ac20aae-5728-5d57-b364-aeba38527dba,Additional Requirements,e1017741-e47e-5f58-97b8-fbc3043e919f,Umbrella follows form over General Liability,"---prompt---
Determine if the Umbrella/Excess Liability policy follows form to the underlying policies. Evidence may include: language in the Description of Operations section stating the umbrella follows form to underlying coverages or an additional page endorsement stating that it follows form. Follow form means the umbrella policy adopts the same terms, conditions, and exclusions as the underlying policies.",matchOnce,must be present,,,non_compliant,Block Requirements,,,true,0,,2026-08-16
"Block Real Estate Services, LLC",69fdf74a62446148bd854b07,69fded1f62446148bd84910b,Roto-Rooter Services Company Inc,69fdef98bf1df2fe96921c81,"460549 - 4600 Associates, LLC",evidenceOfInsurance,Evidence of Insurance,6ac20aae-5728-5d57-b364-aeba38527dba,Additional Requirements,2cdd866f-c9a4-576a-afd8-1d045762790c,"The location must be listed as: 4600 Kansas Avenue, Suite A, Kansas City, KS, 66106","---prompt---
Determine if the Description of Operations or the Additional Remarks Schedule section states the location indicated in value field",matchOnce,must be present,,,non_compliant,Block Requirements,,,true,0,,2026-08-16
"Block Real Estate Services, LLC",69fdf74a62446148bd854b07,69fded1f62446148bd84910b,Roto-Rooter Services Company Inc,69fdef98bf1df2fe96921c81,"460549 - 4600 Associates, LLC",evidenceOfInsurance,Evidence of Insurance,6ac20aae-5728-5d57-b364-aeba38527dba,Additional Requirements,3649e9d1-4e09-59bf-8f30-cb33c40cf117,"Certificate Holder must read: c/o Block Real Estate Services, LLC, 4622 Pennsylvania St., Suite 700, Kansas City, MO, 64112",,matchOnce,must be present,,,non_compliant,Block Requirements,,,true,0,,2026-08-16
"Block Real Estate Services, LLC",69fdf74a62446148bd854b08,69fded2462446148bd8492a3,Warners Stellian Co Inc,69fdef98bf1df2fe96921c81,"460549 - 4600 Associates, LLC",evidenceOfInsurance,Evidence of Insurance,commercialGeneralLiability,Commercial General Liability,evidenceOfInsuranceCommercialGeneralLiabilityCoverageTriggerOccurrence,Coverage Trigger: Occurrence,,matchOnce,must be present,,,non_compliant,Block Requirements,,,false,0,,2026-08-16
"Block Real Estate Services, LLC",69fdf74a62446148bd854b08,69fded2462446148bd8492a3,Warners Stellian Co Inc,69fdef98bf1df2fe96921c81,"460549 - 4600 Associates, LLC",evidenceOfInsurance,Evidence of Insurance,commercialGeneralLiability,Commercial General Liability,evidenceOfInsuranceCommercialGeneralLiabilityGeneralAggregateLimitAppliesPerLocation,General Aggregate Limit Applies per: Location,,matchOnce,must be present,,,non_compliant,Block Requirements,,,false,0,,2026-08-16
"Block Real Estate Services, LLC",69fdf74a62446148bd854b08,69fded2462446148bd8492a3,Warners Stellian Co Inc,69fdef98bf1df2fe96921c81,"460549 - 4600 Associates, LLC",evidenceOfInsurance,Evidence of Insurance,commercialGeneralLiability,Commercial General Liability,evidenceOfInsuranceCommercialGeneralLiabilityEachOccurrence,Each Occurrence,,matchOnce,must be greater or equal to,1000000,,non_compliant,Block Requirements,,,false,0,,2026-08-16
"Block Real Estate Services, LLC",69fdf74a62446148bd854b08,69fded2462446148bd8492a3,Warners Stellian Co Inc,69fdef98bf1df2fe96921c81,"460549 - 4600 Associates, LLC",evidenceOfInsurance,Evidence of Insurance,commercialGeneralLiability,Commercial General Liability,evidenceOfInsuranceCommercialGeneralLiabilityGeneralAggregate,General Aggregate,,matchOnce,must be greater or equal to,2000000,,non_compliant,Block Requirements,,,false,0,,2026-08-16
"Block Real Estate Services, LLC",69fdf74a62446148bd854b08,69fded2462446148bd8492a3,Warners Stellian Co Inc,69fdef98bf1df2fe96921c81,"460549 - 4600 Associates, LLC",evidenceOfInsurance,Evidence of Insurance,commercialGeneralLiability,Commercial General Liability,evidenceOfInsuranceCommercialGeneralLiabilityWaiverOfSubrogationEndorsement,Waiver of Subrogation,"---prompt---
Determine if the insurer has waived their right of subrogation in favor of the certificate holder under the Commercial General Liability policy. Evidence may include: a checked ""Waiver of Subrogation"" box on the certificate, mention in the Description of Operations section stating ""waiver of subrogation applies"", or reference to form CG 24 04. Look for language like ""subrogation is waived"" or ""per written contract"".",matchOnce,must be present,,,non_compliant,Block Requirements,,,false,0,,2026-08-16
"Block Real Estate Services, LLC",69fdf74a62446148bd854b08,69fded2462446148bd8492a3,Warners Stellian Co Inc,69fdef98bf1df2fe96921c81,"460549 - 4600 Associates, LLC",evidenceOfInsurance,Evidence of Insurance,excessOrUmbrellaLiability,Umbrella/Excess Liability,evidenceOfInsuranceExcessOrUmbrellaLiabilityOccurence,Coverage Trigger: Occurrence,,matchOnce,must be present,,,non_compliant,Block Requirements,,,false,0,,2026-08-16
"Block Real Estate Services, LLC",69fdf74a62446148bd854b08,69fded2462446148bd8492a3,Warners Stellian Co Inc,69fdef98bf1df2fe96921c81,"460549 - 4600 Associates, LLC",evidenceOfInsurance,Evidence of Insurance,excessOrUmbrellaLiability,Umbrella/Excess Liability,evidenceOfInsuranceExcessOrUmbrellaLiabilityEachOccurrence,Each Occurrence,,matchOnce,must be greater or equal to,1000000,,non_compliant,Block Requirements,,,false,0,,2026-08-16
"Block Real Estate Services, LLC",69fdf74a62446148bd854b08,69fded2462446148bd8492a3,Warners Stellian Co Inc,69fdef98bf1df2fe96921c81,"460549 - 4600 Associates, LLC",evidenceOfInsurance,Evidence of Insurance,excessOrUmbrellaLiability,Umbrella/Excess Liability,evidenceOfInsuranceExcessOrUmbrellaLiabilityAggregate,Aggregate,,matchOnce,must be greater or equal to,1000000,,non_compliant,Block Requirements,,,false,0,,2026-08-16
"Block Real Estate Services, LLC",69fdf74a62446148bd854b08,69fded2462446148bd8492a3,Warners Stellian Co Inc,69fdef98bf1df2fe96921c81,"460549 - 4600 Associates, LLC",evidenceOfInsurance,Evidence of Insurance,workersCompensation,Workers' Compensation and Employer's Liability,evidenceOfInsuranceWorkersCompensationStatutoryLimits,Statutory Limits,,matchOnce,must be present,,,non_compliant,Block Requirements,,,false,0,,2026-08-16
"Block Real Estate Services, LLC",69fdf74a62446148bd854b08,69fded2462446148bd8492a3,Warners Stellian Co Inc,69fdef98bf1df2fe96921c81,"460549 - 4600 Associates, LLC",evidenceOfInsurance,Evidence of Insurance,workersCompensation,Workers' Compensation and Employer's Liability,evidenceOfInsuranceWorkersCompensationEmployersLiabilityEachAccident,Employer's Liability Each Accident,,matchOnce,must be greater or equal to,500000,,non_compliant,Block Requirements,,,false,0,,2026-08-16
"Block Real Estate Services, LLC",69fdf74a62446148bd854b08,69fded2462446148bd8492a3,Warners Stellian Co Inc,69fdef98bf1df2fe96921c81,"460549 - 4600 Associates, LLC",evidenceOfInsurance,Evidence of Insurance,workersCompensation,Workers' Compensation and Employer's Liability,evidenceOfInsuranceWorkersCompensationEmployersLiabilityDiseaseEachEmployee,Employer's Liability Disease - each employee,,matchOnce,must be greater or equal to,500000,,non_compliant,Block Requirements,,,false,0,,2026-08-16
"Block Real Estate Services, LLC",69fdf74a62446148bd854b08,69fded2462446148bd8492a3,Warners Stellian Co Inc,69fdef98bf1df2fe96921c81,"460549 - 4600 Associates, LLC",evidenceOfInsurance,Evidence of Insurance,workersCompensation,Workers' Compensation and Employer's Liability,evidenceOfInsuranceWorkersCompensationEmployersLiabilityDiseasePolicyLimit,Employer's Liability Disease - policy limit,,matchOnce,must be greater or equal to,500000,,non_compliant,Block Requirements,,,false,0,,2026-08-16
"Block Real Estate Services, LLC",69fdf74a62446148bd854b08,69fded2462446148bd8492a3,Warners Stellian Co Inc,69fdef98bf1df2fe96921c81,"460549 - 4600 Associates, LLC",evidenceOfInsurance,Evidence of Insurance,workersCompensation,Workers' Compensation and Employer's Liability,evidenceOfInsuranceWorkersCompensationWaiverOfSubrogationEndorsement,Waiver of Subrogation,"---prompt---
Determine if the insurer has waived their right of subrogation in favor of the certificate holder under the Workers' Compensation policy. Evidence may include: a checked ""Waiver of Subrogation"" box on the certificate, mention in the Description of Operations section stating ""waiver of subrogation applies"", or reference to form WC 00 03 13. Look for language like ""subrogation is waived"" or ""per written contract"".",matchOnce,must be present,,,non_compliant,Block Requirements,,,false,0,,2026-08-16
"Block Real Estate Services, LLC",69fdf74a62446148bd854b08,69fded2462446148bd8492a3,Warners Stellian Co Inc,69fdef98bf1df2fe96921c81,"460549 - 4600 Associates, LLC",evidenceOfInsurance,Evidence of Insurance,6ac20aae-5728-5d57-b364-aeba38527dba,Additional Requirements,4da5b0f1-4c9d-5885-8cf8-5d3cccaed3e0,"Block Real Estate Services, LLC and all others required by contract are named as Additional Insureds","---prompt---
Determine if the Description of Operations or the Additional Remarks Schedule section states the ""Additional Insured as Construction Management, Inc. and all others required by contract"" or reference to blanket additional insured coverage. Look for language like ""certificate holder is additional insured"" or ""per written contract"".",matchOnce,must be present,,,non_compliant,Block Requirements,,,true,0,,2026-08-16
"Block Real Estate Services, LLC",69fdf74a62446148bd854b08,69fded2462446148bd8492a3,Warners Stellian Co Inc,69fdef98bf1df2fe96921c81,"460549 - 4600 Associates, LLC",evidenceOfInsurance,Evidence of Insurance,6ac20aae-5728-5d57-b364-aeba38527dba,Additional Requirements,e1017741-e47e-5f58-97b8-fbc3043e919f,Umbrella follows form over General Liability,"---prompt---
Determine if the Umbrella/Excess Liability policy follows form to the underlying policies. Evidence may include: language in the Description of Operations section stating the umbrella follows form to underlying coverages or an additional page endorsement stating that it follows form. Follow form means the umbrella policy adopts the same terms, conditions, and exclusions as the underlying policies.",matchOnce,must be present,,,non_compliant,Block Requirements,,,true,0,,2026-08-16
"Block Real Estate Services, LLC",69fdf74a62446148bd854b08,69fded2462446148bd8492a3,Warners Stellian Co Inc,69fdef98bf1df2fe96921c81,"460549 - 4600 Associates, LLC",evidenceOfInsurance,Evidence of Insurance,6ac20aae-5728-5d57-b364-aeba38527dba,Additional Requirements,2cdd866f-c9a4-576a-afd8-1d045762790c,"The location must be listed as: 4600 Kansas Avenue, Suite B, Kansas City, KS, 66106","---prompt---
Determine if the Description of Operations or the Additional Remarks Schedule section states the location indicated in value field",matchOnce,must be present,,,non_compliant,Block Requirements,,,true,0,,2026-08-16
"Block Real Estate Services, LLC",69fdf74a62446148bd854b08,69fded2462446148bd8492a3,Warners Stellian Co Inc,69fdef98bf1df2fe96921c81,"460549 - 4600 Associates, LLC",evidenceOfInsurance,Evidence of Insurance,6ac20aae-5728-5d57-b364-aeba38527dba,Additional Requirements,3649e9d1-4e09-59bf-8f30-cb33c40cf117,"Certificate Holder must read: c/o Block Real Estate Services, LLC, 4622 Pennsylvania St., Suite 700, Kansas City, MO, 64112",,matchOnce,must be present,,,non_compliant,Block Requirements,,,true,0,,2026-08-16
"Block Real Estate Services, LLC",69fdf74a62446148bd854b0a,69fded1c62446148bd849015,O' Reilly Automotive,69fdefa138cbea6b3a68cb21,"771655 - 7712 Wornall {7712 Wornall, LLC}",evidenceOfInsurance,Evidence of Insurance,commercialGeneralLiability,Commercial General Liability,evidenceOfInsuranceCommercialGeneralLiabilityCoverageTriggerOccurrence,Coverage Trigger: Occurrence,,matchOnce,must be present,,,non_compliant,Block Requirements,,,false,0,,2026-08-16
"Block Real Estate Services, LLC",69fdf74a62446148bd854b0a,69fded1c62446148bd849015,O' Reilly Automotive,69fdefa138cbea6b3a68cb21,"771655 - 7712 Wornall {7712 Wornall, LLC}",evidenceOfInsurance,Evidence of Insurance,commercialGeneralLiability,Commercial General Liability,evidenceOfInsuranceCommercialGeneralLiabilityGeneralAggregateLimitAppliesPerLocation,General Aggregate Limit Applies per: Location,,matchOnce,must be present,,,non_compliant,Block Requirements,,,false,0,,2026-08-16
"Block Real Estate Services, LLC",69fdf74a62446148bd854b0a,69fded1c62446148bd849015,O' Reilly Automotive,69fdefa138cbea6b3a68cb21,"771655 - 7712 Wornall {7712 Wornall, LLC}",evidenceOfInsurance,Evidence of Insurance,commercialGeneralLiability,Commercial General Liability,evidenceOfInsuranceCommercialGeneralLiabilityEachOccurrence,Each Occurrence,,matchOnce,must be greater or equal to,1000000,,non_compliant,Block Requirements,,,false,0,,2026-08-16
"Block Real Estate Services, LLC",69fdf74a62446148bd854b0a,69fded1c62446148bd849015,O' Reilly Automotive,69fdefa138cbea6b3a68cb21,"771655 - 7712 Wornall {7712 Wornall, LLC}",evidenceOfInsurance,Evidence of Insurance,commercialGeneralLiability,Commercial General Liability,evidenceOfInsuranceCommercialGeneralLiabilityGeneralAggregate,General Aggregate,,matchOnce,must be greater or equal to,2000000,,non_compliant,Block Requirements,,,false,0,,2026-08-16
"Block Real Estate Services, LLC",69fdf74a62446148bd854b0a,69fded1c62446148bd849015,O' Reilly Automotive,69fdefa138cbea6b3a68cb21,"771655 - 7712 Wornall {7712 Wornall, LLC}",evidenceOfInsurance,Evidence of Insurance,commercialGeneralLiability,Commercial General Liability,evidenceOfInsuranceCommercialGeneralLiabilityWaiverOfSubrogationEndorsement,Waiver of Subrogation,"---prompt---
Determine if the insurer has waived their right of subrogation in favor of the certificate holder under the Commercial General Liability policy. Evidence may include: a checked ""Waiver of Subrogation"" box on the certificate, mention in the Description of Operations section stating ""waiver of subrogation applies"", or reference to form CG 24 04. Look for language like ""subrogation is waived"" or ""per written contract"".",matchOnce,must be present,,,non_compliant,Block Requirements,,,false,0,,2026-08-16
"Block Real Estate Services, LLC",69fdf74a62446148bd854b0a,69fded1c62446148bd849015,O' Reilly Automotive,69fdefa138cbea6b3a68cb21,"771655 - 7712 Wornall {7712 Wornall, LLC}",evidenceOfInsurance,Evidence of Insurance,excessOrUmbrellaLiability,Umbrella/Excess Liability,evidenceOfInsuranceExcessOrUmbrellaLiabilityOccurence,Coverage Trigger: Occurrence,,matchOnce,must be present,,,non_compliant,Block Requirements,,,false,0,,2026-08-16
"Block Real Estate Services, LLC",69fdf74a62446148bd854b0a,69fded1c62446148bd849015,O' Reilly Automotive,69fdefa138cbea6b3a68cb21,"771655 - 7712 Wornall {7712 Wornall, LLC}",evidenceOfInsurance,Evidence of Insurance,excessOrUmbrellaLiability,Umbrella/Excess Liability,evidenceOfInsuranceExcessOrUmbrellaLiabilityEachOccurrence,Each Occurrence,,matchOnce,must be greater or equal to,1000000,,non_compliant,Block Requirements,,,false,0,,2026-08-16
"Block Real Estate Services, LLC",69fdf74a62446148bd854b0a,69fded1c62446148bd849015,O' Reilly Automotive,69fdefa138cbea6b3a68cb21,"771655 - 7712 Wornall {7712 Wornall, LLC}",evidenceOfInsurance,Evidence of Insurance,excessOrUmbrellaLiability,Umbrella/Excess Liability,evidenceOfInsuranceExcessOrUmbrellaLiabilityAggregate,Aggregate,,matchOnce,must be greater or equal to,1000000,,non_compliant,Block Requirements,,,false,0,,2026-08-16
"Block Real Estate Services, LLC",69fdf74a62446148bd854b0a,69fded1c62446148bd849015,O' Reilly Automotive,69fdefa138cbea6b3a68cb21,"771655 - 7712 Wornall {7712 Wornall, LLC}",evidenceOfInsurance,Evidence of Insurance,workersCompensation,Workers' Compensation and Employer's Liability,evidenceOfInsuranceWorkersCompensationStatutoryLimits,Statutory Limits,,matchOnce,must be present,,,non_compliant,Block Requirements,,,false,0,,2026-08-16
"Block Real Estate Services, LLC",69fdf74a62446148bd854b0a,69fded1c62446148bd849015,O' Reilly Automotive,69fdefa138cbea6b3a68cb21,"771655 - 7712 Wornall {7712 Wornall, LLC}",evidenceOfInsurance,Evidence of Insurance,workersCompensation,Workers' Compensation and Employer's Liability,evidenceOfInsuranceWorkersCompensationEmployersLiabilityEachAccident,Employer's Liability Each Accident,,matchOnce,must be greater or equal to,500000,,non_compliant,Block Requirements,,,false,0,,2026-08-16
"Block Real Estate Services, LLC",69fdf74a62446148bd854b0a,69fded1c62446148bd849015,O' Reilly Automotive,69fdefa138cbea6b3a68cb21,"771655 - 7712 Wornall {7712 Wornall, LLC}",evidenceOfInsurance,Evidence of Insurance,workersCompensation,Workers' Compensation and Employer's Liability,evidenceOfInsuranceWorkersCompensationEmployersLiabilityDiseaseEachEmployee,Employer's Liability Disease - each employee,,matchOnce,must be greater or equal to,500000,,non_compliant,Block Requirements,,,false,0,,2026-08-16
"Block Real Estate Services, LLC",69fdf74a62446148bd854b0a,69fded1c62446148bd849015,O' Reilly Automotive,69fdefa138cbea6b3a68cb21,"771655 - 7712 Wornall {7712 Wornall, LLC}",evidenceOfInsurance,Evidence of Insurance,workersCompensation,Workers' Compensation and Employer's Liability,evidenceOfInsuranceWorkersCompensationEmployersLiabilityDiseasePolicyLimit,Employer's Liability Disease - policy limit,,matchOnce,must be greater or equal to,500000,,non_compliant,Block Requirements,,,false,0,,2026-08-16
"Block Real Estate Services, LLC",69fdf74a62446148bd854b0a,69fded1c62446148bd849015,O' Reilly Automotive,69fdefa138cbea6b3a68cb21,"771655 - 7712 Wornall {7712 Wornall, LLC}",evidenceOfInsurance,Evidence of Insurance,workersCompensation,Workers' Compensation and Employer's Liability,evidenceOfInsuranceWorkersCompensationWaiverOfSubrogationEndorsement,Waiver of Subrogation,"---prompt---
Determine if the insurer has waived their right of subrogation in favor of the certificate holder under the Workers' Compensation policy. Evidence may include: a checked ""Waiver of Subrogation"" box on the certificate, mention in the Description of Operations section stating ""waiver of subrogation applies"", or reference to form WC 00 03 13. Look for language like ""subrogation is waived"" or ""per written contract"".",matchOnce,must be present,,,non_compliant,Block Requirements,,,false,0,,2026-08-16
"Block Real Estate Services, LLC",69fdf74a62446148bd854b0a,69fded1c62446148bd849015,O' Reilly Automotive,69fdefa138cbea6b3a68cb21,"771655 - 7712 Wornall {7712 Wornall, LLC}",evidenceOfInsurance,Evidence of Insurance,6ac20aae-5728-5d57-b364-aeba38527dba,Additional Requirements,4da5b0f1-4c9d-5885-8cf8-5d3cccaed3e0,"Block Real Estate Services, LLC and all others required by contract are named as Additional Insureds","---prompt---
Determine if the Description of Operations or the Additional Remarks Schedule section states the ""Additional Insured as Construction Management, Inc. and all others required by contract"" or reference to blanket additional insured coverage. Look for language like ""certificate holder is additional insured"" or ""per written contract"".",matchOnce,must be present,,,non_compliant,Block Requirements,,,true,0,,2026-08-16
"Block Real Estate Services, LLC",69fdf74a62446148bd854b0a,69fded1c62446148bd849015,O' Reilly Automotive,69fdefa138cbea6b3a68cb21,"771655 - 7712 Wornall {7712 Wornall, LLC}",evidenceOfInsurance,Evidence of Insurance,6ac20aae-5728-5d57-b364-aeba38527dba,Additional Requirements,e1017741-e47e-5f58-97b8-fbc3043e919f,Umbrella follows form over General Liability,"---prompt---
Determine if the Umbrella/Excess Liability policy follows form to the underlying policies. Evidence may include: language in the Description of Operations section stating the umbrella follows form to underlying coverages or an additional page endorsement stating that it follows form. Follow form means the umbrella policy adopts the same terms, conditions, and exclusions as the underlying policies.",matchOnce,must be present,,,non_compliant,Block Requirements,,,true,0,,2026-08-16
"Block Real Estate Services, LLC",69fdf74a62446148bd854b0a,69fded1c62446148bd849015,O' Reilly Automotive,69fdefa138cbea6b3a68cb21,"771655 - 7712 Wornall {7712 Wornall, LLC}",evidenceOfInsurance,Evidence of Insurance,6ac20aae-5728-5d57-b364-aeba38527dba,Additional Requirements,2cdd866f-c9a4-576a-afd8-1d045762790c,"The location must be listed as: 7712 W Wornall Road, Kansas City, MO, 64114","---prompt---
Determine if the Description of Operations or the Additional Remarks Schedule section states the location indicated in value field",matchOnce,must be present,,,non_compliant,Block Requirements,,,true,0,,2026-08-16
"Block Real Estate Services, LLC",69fdf74a62446148bd854b0a,69fded1c62446148bd849015,O' Reilly Automotive,69fdefa138cbea6b3a68cb21,"771655 - 7712 Wornall {7712 Wornall, LLC}",evidenceOfInsurance,Evidence of Insurance,6ac20aae-5728-5d57-b364-aeba38527dba,Additional Requirements,3649e9d1-4e09-59bf-8f30-cb33c40cf117,"Certificate Holder must read: c/o Block Real Estate Services, LLC, 4622 Pennsylvania St., Suite 700, Kansas City, MO, 64112",,matchOnce,must be present,,,non_compliant,Block Requirements,,,true,0,,2026-08-16
"Block Real Estate Services, LLC",69fdf74a62446148bd854b0b,69fded0e62446148bd848b80,"Applebee's Bar & Grill / Apple Central, LLC",69fdeeff3b208288e0a794bd,"3bh890 - 3BS-HMO, LLC 2401 E. Rock Haven",evidenceOfInsurance,Evidence of Insurance,commercialGeneralLiability,Commercial General Liability,evidenceOfInsuranceCommercialGeneralLiabilityCoverageTriggerOccurrence,Coverage Trigger: Occurrence,,matchOnce,must be present,,,non_compliant,Block Requirements,,,false,0,,2026-08-16
"Block Real Estate Services, LLC",69fdf74a62446148bd854b0b,69fded0e62446148bd848b80,"Applebee's Bar & Grill / Apple Central, LLC",69fdeeff3b208288e0a794bd,"3bh890 - 3BS-HMO, LLC 2401 E. Rock Haven",evidenceOfInsurance,Evidence of Insurance,commercialGeneralLiability,Commercial General Liability,evidenceOfInsuranceCommercialGeneralLiabilityGeneralAggregateLimitAppliesPerLocation,General Aggregate Limit Applies per: Location,,matchOnce,must be present,,,non_compliant,Block Requirements,,,false,0,,2026-08-16
"Block Real Estate Services, LLC",69fdf74a62446148bd854b0b,69fded0e62446148bd848b80,"Applebee's Bar & Grill / Apple Central, LLC",69fdeeff3b208288e0a794bd,"3bh890 - 3BS-HMO, LLC 2401 E. Rock Haven",evidenceOfInsurance,Evidence of Insurance,commercialGeneralLiability,Commercial General Liability,evidenceOfInsuranceCommercialGeneralLiabilityEachOccurrence,Each Occurrence,,matchOnce,must be greater or equal to,1000000,,non_compliant,Block Requirements,,,false,0,,2026-08-16
"Block Real Estate Services, LLC",69fdf74a62446148bd854b0b,69fded0e62446148bd848b80,"Applebee's Bar & Grill / Apple Central, LLC",69fdeeff3b208288e0a794bd,"3bh890 - 3BS-HMO, LLC 2401 E. Rock Haven",evidenceOfInsurance,Evidence of Insurance,commercialGeneralLiability,Commercial General Liability,evidenceOfInsuranceCommercialGeneralLiabilityGeneralAggregate,General Aggregate,,matchOnce,must be greater or equal to,2000000,,non_compliant,Block Requirements,,,false,0,,2026-08-16
"Block Real Estate Services, LLC",69fdf74a62446148bd854b0b,69fded0e62446148bd848b80,"Applebee's Bar & Grill / Apple Central, LLC",69fdeeff3b208288e0a794bd,"3bh890 - 3BS-HMO, LLC 2401 E. Rock Haven",evidenceOfInsurance,Evidence of Insurance,commercialGeneralLiability,Commercial General Liability,evidenceOfInsuranceCommercialGeneralLiabilityWaiverOfSubrogationEndorsement,Waiver of Subrogation,"---prompt---
Determine if the insurer has waived their right of subrogation in favor of the certificate holder under the Commercial General Liability policy. Evidence may include: a checked ""Waiver of Subrogation"" box on the certificate, mention in the Description of Operations section stating ""waiver of subrogation applies"", or reference to form CG 24 04. Look for language like ""subrogation is waived"" or ""per written contract"".",matchOnce,must be present,,,non_compliant,Block Requirements,,,false,0,,2026-08-16
"Block Real Estate Services, LLC",69fdf74a62446148bd854b0b,69fded0e62446148bd848b80,"Applebee's Bar & Grill / Apple Central, LLC",69fdeeff3b208288e0a794bd,"3bh890 - 3BS-HMO, LLC 2401 E. Rock Haven",evidenceOfInsurance,Evidence of Insurance,excessOrUmbrellaLiability,Umbrella/Excess Liability,evidenceOfInsuranceExcessOrUmbrellaLiabilityOccurence,Coverage Trigger: Occurrence,,matchOnce,must be present,,,non_compliant,Block Requirements,,,false,0,,2026-08-16
"Block Real Estate Services, LLC",69fdf74a62446148bd854b0b,69fded0e62446148bd848b80,"Applebee's Bar & Grill / Apple Central, LLC",69fdeeff3b208288e0a794bd,"3bh890 - 3BS-HMO, LLC 2401 E. Rock Haven",evidenceOfInsurance,Evidence of Insurance,excessOrUmbrellaLiability,Umbrella/Excess Liability,evidenceOfInsuranceExcessOrUmbrellaLiabilityEachOccurrence,Each Occurrence,,matchOnce,must be greater or equal to,1000000,,non_compliant,Block Requirements,,,false,0,,2026-08-16
"Block Real Estate Services, LLC",69fdf74a62446148bd854b0b,69fded0e62446148bd848b80,"Applebee's Bar & Grill / Apple Central, LLC",69fdeeff3b208288e0a794bd,"3bh890 - 3BS-HMO, LLC 2401 E. Rock Haven",evidenceOfInsurance,Evidence of Insurance,excessOrUmbrellaLiability,Umbrella/Excess Liability,evidenceOfInsuranceExcessOrUmbrellaLiabilityAggregate,Aggregate,,matchOnce,must be greater or equal to,1000000,,non_compliant,Block Requirements,,,false,0,,2026-08-16
"Block Real Estate Services, LLC",69fdf74a62446148bd854b0b,69fded0e62446148bd848b80,"Applebee's Bar & Grill / Apple Central, LLC",69fdeeff3b208288e0a794bd,"3bh890 - 3BS-HMO, LLC 2401 E. Rock Haven",evidenceOfInsurance,Evidence of Insurance,workersCompensation,Workers' Compensation and Employer's Liability,evidenceOfInsuranceWorkersCompensationStatutoryLimits,Statutory Limits,,matchOnce,must be present,,,non_compliant,Block Requirements,,,false,0,,2026-08-16
"Block Real Estate Services, LLC",69fdf74a62446148bd854b0b,69fded0e62446148bd848b80,"Applebee's Bar & Grill / Apple Central, LLC",69fdeeff3b208288e0a794bd,"3bh890 - 3BS-HMO, LLC 2401 E. Rock Haven",evidenceOfInsurance,Evidence of Insurance,workersCompensation,Workers' Compensation and Employer's Liability,evidenceOfInsuranceWorkersCompensationEmployersLiabilityEachAccident,Employer's Liability Each Accident,,matchOnce,must be greater or equal to,500000,,non_compliant,Block Requirements,,,false,0,,2026-08-16
"Block Real Estate Services, LLC",69fdf74a62446148bd854b0b,69fded0e62446148bd848b80,"Applebee's Bar & Grill / Apple Central, LLC",69fdeeff3b208288e0a794bd,"3bh890 - 3BS-HMO, LLC 2401 E. Rock Haven",evidenceOfInsurance,Evidence of Insurance,workersCompensation,Workers' Compensation and Employer's Liability,evidenceOfInsuranceWorkersCompensationEmployersLiabilityDiseaseEachEmployee,Employer's Liability Disease - each employee,,matchOnce,must be greater or equal to,500000,,non_compliant,Block Requirements,,,false,0,,2026-08-16
"Block Real Estate Services, LLC",69fdf74a62446148bd854b0b,69fded0e62446148bd848b80,"Applebee's Bar & Grill / Apple Central, LLC",69fdeeff3b208288e0a794bd,"3bh890 - 3BS-HMO, LLC 2401 E. Rock Haven",evidenceOfInsurance,Evidence of Insurance,workersCompensation,Workers' Compensation and Employer's Liability,evidenceOfInsuranceWorkersCompensationEmployersLiabilityDiseasePolicyLimit,Employer's Liability Disease - policy limit,,matchOnce,must be greater or equal to,500000,,non_compliant,Block Requirements,,,false,0,,2026-08-16
"Block Real Estate Services, LLC",69fdf74a62446148bd854b0b,69fded0e62446148bd848b80,"Applebee's Bar & Grill / Apple Central, LLC",69fdeeff3b208288e0a794bd,"3bh890 - 3BS-HMO, LLC 2401 E. Rock Haven",evidenceOfInsurance,Evidence of Insurance,workersCompensation,Workers' Compensation and Employer's Liability,evidenceOfInsuranceWorkersCompensationWaiverOfSubrogationEndorsement,Waiver of Subrogation,"---prompt---
Determine if the insurer has waived their right of subrogation in favor of the certificate holder under the Workers' Compensation policy. Evidence may include: a checked ""Waiver of Subrogation"" box on the certificate, mention in the Description of Operations section stating ""waiver of subrogation applies"", or reference to form WC 00 03 13. Look for language like ""subrogation is waived"" or ""per written contract"".",matchOnce,must be present,,,non_compliant,Block Requirements,,,false,0,,2026-08-16
"Block Real Estate Services, LLC",69fdf74a62446148bd854b0b,69fded0e62446148bd848b80,"Applebee's Bar & Grill / Apple Central, LLC",69fdeeff3b208288e0a794bd,"3bh890 - 3BS-HMO, LLC 2401 E. Rock Haven",evidenceOfInsurance,Evidence of Insurance,6ac20aae-5728-5d57-b364-aeba38527dba,Additional Requirements,4da5b0f1-4c9d-5885-8cf8-5d3cccaed3e0,"Block Real Estate Services, LLC and all others required by contract are named as Additional Insureds","---prompt---
Determine if the Description of Operations or the Additional Remarks Schedule section states the ""Additional Insured as Construction Management, Inc. and all others required by contract"" or reference to blanket additional insured coverage. Look for language like ""certificate holder is additional insured"" or ""per written contract"".",matchOnce,must be present,,,non_compliant,Block Requirements,,,true,0,,2026-08-16
"Block Real Estate Services, LLC",69fdf74a62446148bd854b0b,69fded0e62446148bd848b80,"Applebee's Bar & Grill / Apple Central, LLC",69fdeeff3b208288e0a794bd,"3bh890 - 3BS-HMO, LLC 2401 E. Rock Haven",evidenceOfInsurance,Evidence of Insurance,6ac20aae-5728-5d57-b364-aeba38527dba,Additional Requirements,e1017741-e47e-5f58-97b8-fbc3043e919f,Umbrella follows form over General Liability,"---prompt---
Determine if the Umbrella/Excess Liability policy follows form to the underlying policies. Evidence may include: language in the Description of Operations section stating the umbrella follows form to underlying coverages or an additional page endorsement stating that it follows form. Follow form means the umbrella policy adopts the same terms, conditions, and exclusions as the underlying policies.",matchOnce,must be present,,,non_compliant,Block Requirements,,,true,0,,2026-08-16
"Block Real Estate Services, LLC",69fdf74a62446148bd854b0b,69fded0e62446148bd848b80,"Applebee's Bar & Grill / Apple Central, LLC",69fdeeff3b208288e0a794bd,"3bh890 - 3BS-HMO, LLC 2401 E. Rock Haven",evidenceOfInsurance,Evidence of Insurance,6ac20aae-5728-5d57-b364-aeba38527dba,Additional Requirements,2cdd866f-c9a4-576a-afd8-1d045762790c,"The location must be listed as: 2401 Rock Haven Road, Harrisonville, MO, 64701","---prompt---
Determine if the Description of Operations or the Additional Remarks Schedule section states the location indicated in value field",matchOnce,must be present,,,non_compliant,Block Requirements,,,true,0,,2026-08-16
"Block Real Estate Services, LLC",69fdf74a62446148bd854b0b,69fded0e62446148bd848b80,"Applebee's Bar & Grill / Apple Central, LLC",69fdeeff3b208288e0a794bd,"3bh890 - 3BS-HMO, LLC 2401 E. Rock Haven",evidenceOfInsurance,Evidence of Insurance,6ac20aae-5728-5d57-b364-aeba38527dba,Additional Requirements,3649e9d1-4e09-59bf-8f30-cb33c40cf117,"Certificate Holder must read: c/o Block Real Estate Services, LLC, 4622 Pennsylvania St., Suite 700, Kansas City, MO, 64112",,matchOnce,must be present,,,non_compliant,Block Requirements,,,true,0,,2026-08-16
"Block Real Estate Services, LLC",69fdf74a62446148bd854b15,69fded2362446148bd84924c,"Once Upon A Smile / UB Dental, LLC",69fdef0303a2257cd27d83e8,3rd074 - Keystone Plaza Shopping Center {Larbre Family Trust},evidenceOfInsurance,Evidence of Insurance,commercialGeneralLiability,Commercial General Liability,evidenceOfInsuranceCommercialGeneralLiabilityCoverageTriggerOccurrence,Coverage Trigger: Occurrence,,matchOnce,must be present,,,non_compliant,Block Requirements,,,false,0,,2026-08-16
"Block Real Estate Services, LLC",69fdf74a62446148bd854b15,69fded2362446148bd84924c,"Once Upon A Smile / UB Dental, LLC",69fdef0303a2257cd27d83e8,3rd074 - Keystone Plaza Shopping Center {Larbre Family Trust},evidenceOfInsurance,Evidence of Insurance,commercialGeneralLiability,Commercial General Liability,evidenceOfInsuranceCommercialGeneralLiabilityGeneralAggregateLimitAppliesPerLocation,General Aggregate Limit Applies per: Location,,matchOnce,must be present,,,non_compliant,Block Requirements,,,false,0,,2026-08-16
"Block Real Estate Services, LLC",69fdf74a62446148bd854b15,69fded2362446148bd84924c,"Once Upon A Smile / UB Dental, LLC",69fdef0303a2257cd27d83e8,3rd074 - Keystone Plaza Shopping Center {Larbre Family Trust},evidenceOfInsurance,Evidence of Insurance,commercialGeneralLiability,Commercial General Liability,evidenceOfInsuranceCommercialGeneralLiabilityEachOccurrence,Each Occurrence,,matchOnce,must be greater or equal to,1000000,,non_compliant,Block Requirements,,,false,0,,2026-08-16
"Block Real Estate Services, LLC",69fdf74a62446148bd854b15,69fded2362446148bd84924c,"Once Upon A Smile / UB Dental, LLC",69fdef0303a2257cd27d83e8,3rd074 - Keystone Plaza Shopping Center {Larbre Family Trust},evidenceOfInsurance,Evidence of Insurance,commercialGeneralLiability,Commercial General Liability,evidenceOfInsuranceCommercialGeneralLiabilityGeneralAggregate,General Aggregate,,matchOnce,must be greater or equal to,2000000,,non_compliant,Block Requirements,,,false,0,,2026-08-16
"Block Real Estate Services, LLC",69fdf74a62446148bd854b15,69fded2362446148bd84924c,"Once Upon A Smile / UB Dental, LLC",69fdef0303a2257cd27d83e8,3rd074 - Keystone Plaza Shopping Center {Larbre Family Trust},evidenceOfInsurance,Evidence of Insurance,commercialGeneralLiability,Commercial General Liability,evidenceOfInsuranceCommercialGeneralLiabilityWaiverOfSubrogationEndorsement,Waiver of Subrogation,"---prompt---
Determine if the insurer has waived their right of subrogation in favor of the certificate holder under the Commercial General Liability policy. Evidence may include: a checked ""Waiver of Subrogation"" box on the certificate, mention in the Description of Operations section stating ""waiver of subrogation applies"", or reference to form CG 24 04. Look for language like ""subrogation is waived"" or ""per written contract"".",matchOnce,must be present,,,non_compliant,Block Requirements,,,false,0,,2026-08-16
"Block Real Estate Services, LLC",69fdf74a62446148bd854b15,69fded2362446148bd84924c,"Once Upon A Smile / UB Dental, LLC",69fdef0303a2257cd27d83e8,3rd074 - Keystone Plaza Shopping Center {Larbre Family Trust},evidenceOfInsurance,Evidence of Insurance,excessOrUmbrellaLiability,Umbrella/Excess Liability,evidenceOfInsuranceExcessOrUmbrellaLiabilityOccurence,Coverage Trigger: Occurrence,,matchOnce,must be present,,,non_compliant,Block Requirements,,,false,0,,2026-08-16
"Block Real Estate Services, LLC",69fdf74a62446148bd854b15,69fded2362446148bd84924c,"Once Upon A Smile / UB Dental, LLC",69fdef0303a2257cd27d83e8,3rd074 - Keystone Plaza Shopping Center {Larbre Family Trust},evidenceOfInsurance,Evidence of Insurance,excessOrUmbrellaLiability,Umbrella/Excess Liability,evidenceOfInsuranceExcessOrUmbrellaLiabilityEachOccurrence,Each Occurrence,,matchOnce,must be greater or equal to,1000000,,non_compliant,Block Requirements,,,false,0,,2026-08-16
"Block Real Estate Services, LLC",69fdf74a62446148bd854b15,69fded2362446148bd84924c,"Once Upon A Smile / UB Dental, LLC",69fdef0303a2257cd27d83e8,3rd074 - Keystone Plaza Shopping Center {Larbre Family Trust},evidenceOfInsurance,Evidence of Insurance,excessOrUmbrellaLiability,Umbrella/Excess Liability,evidenceOfInsuranceExcessOrUmbrellaLiabilityAggregate,Aggregate,,matchOnce,must be greater or equal to,1000000,,non_compliant,Block Requirements,,,false,0,,2026-08-16
"Block Real Estate Services, LLC",69fdf74a62446148bd854b15,69fded2362446148bd84924c,"Once Upon A Smile / UB Dental, LLC",69fdef0303a2257cd27d83e8,3rd074 - Keystone Plaza Shopping Center {Larbre Family Trust},evidenceOfInsurance,Evidence of Insurance,workersCompensation,Workers' Compensation and Employer's Liability,evidenceOfInsuranceWorkersCompensationStatutoryLimits,Statutory Limits,,matchOnce,must be present,,,non_compliant,Block Requirements,,,false,0,,2026-08-16
"Block Real Estate Services, LLC",69fdf74a62446148bd854b15,69fded2362446148bd84924c,"Once Upon A Smile / UB Dental, LLC",69fdef0303a2257cd27d83e8,3rd074 - Keystone Plaza Shopping Center {Larbre Family Trust},evidenceOfInsurance,Evidence of Insurance,workersCompensation,Workers' Compensation and Employer's Liability,evidenceOfInsuranceWorkersCompensationEmployersLiabilityEachAccident,Employer's Liability Each Accident,,matchOnce,must be greater or equal to,500000,,non_compliant,Block Requirements,,,false,0,,2026-08-16
"Block Real Estate Services, LLC",69fdf74a62446148bd854b15,69fded2362446148bd84924c,"Once Upon A Smile / UB Dental, LLC",69fdef0303a2257cd27d83e8,3rd074 - Keystone Plaza Shopping Center {Larbre Family Trust},evidenceOfInsurance,Evidence of Insurance,workersCompensation,Workers' Compensation and Employer's Liability,evidenceOfInsuranceWorkersCompensationEmployersLiabilityDiseaseEachEmployee,Employer's Liability Disease - each employee,,matchOnce,must be greater or equal to,500000,,non_compliant,Block Requirements,,,false,0,,2026-08-16
"Block Real Estate Services, LLC",69fdf74a62446148bd854b15,69fded2362446148bd84924c,"Once Upon A Smile / UB Dental, LLC",69fdef0303a2257cd27d83e8,3rd074 - Keystone Plaza Shopping Center {Larbre Family Trust},evidenceOfInsurance,Evidence of Insurance,workersCompensation,Workers' Compensation and Employer's Liability,evidenceOfInsuranceWorkersCompensationEmployersLiabilityDiseasePolicyLimit,Employer's Liability Disease - policy limit,,matchOnce,must be greater or equal to,500000,,non_compliant,Block Requirements,,,false,0,,2026-08-16
"Block Real Estate Services, LLC",69fdf74a62446148bd854b15,69fded2362446148bd84924c,"Once Upon A Smile / UB Dental, LLC",69fdef0303a2257cd27d83e8,3rd074 - Keystone Plaza Shopping Center {Larbre Family Trust},evidenceOfInsurance,Evidence of Insurance,workersCompensation,Workers' Compensation and Employer's Liability,evidenceOfInsuranceWorkersCompensationWaiverOfSubrogationEndorsement,Waiver of Subrogation,"---prompt---
Determine if the insurer has waived their right of subrogation in favor of the certificate holder under the Workers' Compensation policy. Evidence may include: a checked ""Waiver of Subrogation"" box on the certificate, mention in the Description of Operations section stating ""waiver of subrogation applies"", or reference to form WC 00 03 13. Look for language like ""subrogation is waived"" or ""per written contract"".",matchOnce,must be present,,,non_compliant,Block Requirements,,,false,0,,2026-08-16
"Block Real Estate Services, LLC",69fdf74a62446148bd854b15,69fded2362446148bd84924c,"Once Upon A Smile / UB Dental, LLC",69fdef0303a2257cd27d83e8,3rd074 - Keystone Plaza Shopping Center {Larbre Family Trust},evidenceOfInsurance,Evidence of Insurance,6ac20aae-5728-5d57-b364-aeba38527dba,Additional Requirements,4da5b0f1-4c9d-5885-8cf8-5d3cccaed3e0,"Block Real Estate Services, LLC and all others required by contract are named as Additional Insureds","---prompt---
Determine if the Description of Operations or the Additional Remarks Schedule section states the ""Additional Insured as Construction Management, Inc. and all others required by contract"" or reference to blanket additional insured coverage. Look for language like ""certificate holder is additional insured"" or ""per written contract"".",matchOnce,must be present,,,non_compliant,Block Requirements,,,true,0,,2026-08-16
"Block Real Estate Services, LLC",69fdf74a62446148bd854b15,69fded2362446148bd84924c,"Once Upon A Smile / UB Dental, LLC",69fdef0303a2257cd27d83e8,3rd074 - Keystone Plaza Shopping Center {Larbre Family Trust},evidenceOfInsurance,Evidence of Insurance,6ac20aae-5728-5d57-b364-aeba38527dba,Additional Requirements,e1017741-e47e-5f58-97b8-fbc3043e919f,Umbrella follows form over General Liability,"---prompt---
Determine if the Umbrella/Excess Liability policy follows form to the underlying policies. Evidence may include: language in the Description of Operations section stating the umbrella follows form to underlying coverages or an additional page endorsement stating that it follows form. Follow form means the umbrella policy adopts the same terms, conditions, and exclusions as the underlying policies.",matchOnce,must be present,,,non_compliant,Block Requirements,,,true,0,,2026-08-16
"Block Real Estate Services, LLC",69fdf74a62446148bd854b15,69fded2362446148bd84924c,"Once Upon A Smile / UB Dental, LLC",69fdef0303a2257cd27d83e8,3rd074 - Keystone Plaza Shopping Center {Larbre Family Trust},evidenceOfInsurance,Evidence of Insurance,6ac20aae-5728-5d57-b364-aeba38527dba,Additional Requirements,2cdd866f-c9a4-576a-afd8-1d045762790c,"The location must be listed as: 1726-1730 S. MO 7 Highway, Blue Springs, MO, 64014","---prompt---
Determine if the Description of Operations or the Additional Remarks Schedule section states the location indicated in value field",matchOnce,must be present,,,non_compliant,Block Requirements,,,true,0,,2026-08-16
"Block Real Estate Services, LLC",69fdf74a62446148bd854b15,69fded2362446148bd84924c,"Once Upon A Smile / UB Dental, LLC",69fdef0303a2257cd27d83e8,3rd074 - Keystone Plaza Shopping Center {Larbre Family Trust},evidenceOfInsurance,Evidence of Insurance,6ac20aae-5728-5d57-b364-aeba38527dba,Additional Requirements,3649e9d1-4e09-59bf-8f30-cb33c40cf117,"Certificate Holder must read: c/o Block Real Estate Services, LLC, 4622 Pennsylvania St., Suite 700, Kansas City, MO, 64112",,matchOnce,must be present,,,non_compliant,Block Requirements,,,true,0,,2026-08-16
"Block Real Estate Services, LLC",69fdf74a62446148bd854b11,69fded1762446148bd848e8c,Great Clips / Iris Corporation,69fdef0303a2257cd27d83e8,3rd074 - Keystone Plaza Shopping Center {Larbre Family Trust},evidenceOfInsurance,Evidence of Insurance,commercialGeneralLiability,Commercial General Liability,evidenceOfInsuranceCommercialGeneralLiabilityCoverageTriggerOccurrence,Coverage Trigger: Occurrence,,matchOnce,must be present,,,non_compliant,Block Requirements,,,false,0,,2026-08-16
"Block Real Estate Services, LLC",69fdf74a62446148bd854b11,69fded1762446148bd848e8c,Great Clips / Iris Corporation,69fdef0303a2257cd27d83e8,3rd074 - Keystone Plaza Shopping Center {Larbre Family Trust},evidenceOfInsurance,Evidence of Insurance,commercialGeneralLiability,Commercial General Liability,evidenceOfInsuranceCommercialGeneralLiabilityGeneralAggregateLimitAppliesPerLocation,General Aggregate Limit Applies per: Location,,matchOnce,must be present,,,non_compliant,Block Requirements,,,false,0,,2026-08-16
"Block Real Estate Services, LLC",69fdf74a62446148bd854b11,69fded1762446148bd848e8c,Great Clips / Iris Corporation,69fdef0303a2257cd27d83e8,3rd074 - Keystone Plaza Shopping Center {Larbre Family Trust},evidenceOfInsurance,Evidence of Insurance,commercialGeneralLiability,Commercial General Liability,evidenceOfInsuranceCommercialGeneralLiabilityEachOccurrence,Each Occurrence,,matchOnce,must be greater or equal to,1000000,,non_compliant,Block Requirements,,,false,0,,2026-08-16
"Block Real Estate Services, LLC",69fdf74a62446148bd854b11,69fded1762446148bd848e8c,Great Clips / Iris Corporation,69fdef0303a2257cd27d83e8,3rd074 - Keystone Plaza Shopping Center {Larbre Family Trust},evidenceOfInsurance,Evidence of Insurance,commercialGeneralLiability,Commercial General Liability,evidenceOfInsuranceCommercialGeneralLiabilityGeneralAggregate,General Aggregate,,matchOnce,must be greater or equal to,2000000,,non_compliant,Block Requirements,,,false,0,,2026-08-16
"Block Real Estate Services, LLC",69fdf74a62446148bd854b11,69fded1762446148bd848e8c,Great Clips / Iris Corporation,69fdef0303a2257cd27d83e8,3rd074 - Keystone Plaza Shopping Center {Larbre Family Trust},evidenceOfInsurance,Evidence of Insurance,commercialGeneralLiability,Commercial General Liability,evidenceOfInsuranceCommercialGeneralLiabilityWaiverOfSubrogationEndorsement,Waiver of Subrogation,"---prompt---
Determine if the insurer has waived their right of subrogation in favor of the certificate holder under the Commercial General Liability policy. Evidence may include: a checked ""Waiver of Subrogation"" box on the certificate, mention in the Description of Operations section stating ""waiver of subrogation applies"", or reference to form CG 24 04. Look for language like ""subrogation is waived"" or ""per written contract"".",matchOnce,must be present,,,non_compliant,Block Requirements,,,false,0,,2026-08-16
"Block Real Estate Services, LLC",69fdf74a62446148bd854b11,69fded1762446148bd848e8c,Great Clips / Iris Corporation,69fdef0303a2257cd27d83e8,3rd074 - Keystone Plaza Shopping Center {Larbre Family Trust},evidenceOfInsurance,Evidence of Insurance,excessOrUmbrellaLiability,Umbrella/Excess Liability,evidenceOfInsuranceExcessOrUmbrellaLiabilityOccurence,Coverage Trigger: Occurrence,,matchOnce,must be present,,,non_compliant,Block Requirements,,,false,0,,2026-08-16
"Block Real Estate Services, LLC",69fdf74a62446148bd854b11,69fded1762446148bd848e8c,Great Clips / Iris Corporation,69fdef0303a2257cd27d83e8,3rd074 - Keystone Plaza Shopping Center {Larbre Family Trust},evidenceOfInsurance,Evidence of Insurance,excessOrUmbrellaLiability,Umbrella/Excess Liability,evidenceOfInsuranceExcessOrUmbrellaLiabilityEachOccurrence,Each Occurrence,,matchOnce,must be greater or equal to,1000000,,non_compliant,Block Requirements,,,false,0,,2026-08-16
"Block Real Estate Services, LLC",69fdf74a62446148bd854b11,69fded1762446148bd848e8c,Great Clips / Iris Corporation,69fdef0303a2257cd27d83e8,3rd074 - Keystone Plaza Shopping Center {Larbre Family Trust},evidenceOfInsurance,Evidence of Insurance,excessOrUmbrellaLiability,Umbrella/Excess Liability,evidenceOfInsuranceExcessOrUmbrellaLiabilityAggregate,Aggregate,,matchOnce,must be greater or equal to,1000000,,non_compliant,Block Requirements,,,false,0,,2026-08-16
"Block Real Estate Services, LLC",69fdf74a62446148bd854b11,69fded1762446148bd848e8c,Great Clips / Iris Corporation,69fdef0303a2257cd27d83e8,3rd074 - Keystone Plaza Shopping Center {Larbre Family Trust},evidenceOfInsurance,Evidence of Insurance,workersCompensation,Workers' Compensation and Employer's Liability,evidenceOfInsuranceWorkersCompensationStatutoryLimits,Statutory Limits,,matchOnce,must be present,,,non_compliant,Block Requirements,,,false,0,,2026-08-16
"Block Real Estate Services, LLC",69fdf74a62446148bd854b11,69fded1762446148bd848e8c,Great Clips / Iris Corporation,69fdef0303a2257cd27d83e8,3rd074 - Keystone Plaza Shopping Center {Larbre Family Trust},evidenceOfInsurance,Evidence of Insurance,workersCompensation,Workers' Compensation and Employer's Liability,evidenceOfInsuranceWorkersCompensationEmployersLiabilityEachAccident,Employer's Liability Each Accident,,matchOnce,must be greater or equal to,500000,,non_compliant,Block Requirements,,,false,0,,2026-08-16
"Block Real Estate Services, LLC",69fdf74a62446148bd854b11,69fded1762446148bd848e8c,Great Clips / Iris Corporation,69fdef0303a2257cd27d83e8,3rd074 - Keystone Plaza Shopping Center {Larbre Family Trust},evidenceOfInsurance,Evidence of Insurance,workersCompensation,Workers' Compensation and Employer's Liability,evidenceOfInsuranceWorkersCompensationEmployersLiabilityDiseaseEachEmployee,Employer's Liability Disease - each employee,,matchOnce,must be greater or equal to,500000,,non_compliant,Block Requirements,,,false,0,,2026-08-16
"Block Real Estate Services, LLC",69fdf74a62446148bd854b11,69fded1762446148bd848e8c,Great Clips / Iris Corporation,69fdef0303a2257cd27d83e8,3rd074 - Keystone Plaza Shopping Center {Larbre Family Trust},evidenceOfInsurance,Evidence of Insurance,workersCompensation,Workers' Compensation and Employer's Liability,evidenceOfInsuranceWorkersCompensationEmployersLiabilityDiseasePolicyLimit,Employer's Liability Disease - policy limit,,matchOnce,must be greater or equal to,500000,,non_compliant,Block Requirements,,,false,0,,2026-08-16
"Block Real Estate Services, LLC",69fdf74a62446148bd854b11,69fded1762446148bd848e8c,Great Clips / Iris Corporation,69fdef0303a2257cd27d83e8,3rd074 - Keystone Plaza Shopping Center {Larbre Family Trust},evidenceOfInsurance,Evidence of Insurance,workersCompensation,Workers' Compensation and Employer's Liability,evidenceOfInsuranceWorkersCompensationWaiverOfSubrogationEndorsement,Waiver of Subrogation,"---prompt---
Determine if the insurer has waived their right of subrogation in favor of the certificate holder under the Workers' Compensation policy. Evidence may include: a checked ""Waiver of Subrogation"" box on the certificate, mention in the Description of Operations section stating ""waiver of subrogation applies"", or reference to form WC 00 03 13. Look for language like ""subrogation is waived"" or ""per written contract"".",matchOnce,must be present,,,non_compliant,Block Requirements,,,false,0,,2026-08-16
"Block Real Estate Services, LLC",69fdf74a62446148bd854b11,69fded1762446148bd848e8c,Great Clips / Iris Corporation,69fdef0303a2257cd27d83e8,3rd074 - Keystone Plaza Shopping Center {Larbre Family Trust},evidenceOfInsurance,Evidence of Insurance,6ac20aae-5728-5d57-b364-aeba38527dba,Additional Requirements,4da5b0f1-4c9d-5885-8cf8-5d3cccaed3e0,"Block Real Estate Services, LLC and all others required by contract are named as Additional Insureds","---prompt---
Determine if the Description of Operations or the Additional Remarks Schedule section states the ""Additional Insured as Construction Management, Inc. and all others required by contract"" or reference to blanket additional insured coverage. Look for language like ""certificate holder is additional insured"" or ""per written contract"".",matchOnce,must be present,,,non_compliant,Block Requirements,,,true,0,,2026-08-16
"Block Real Estate Services, LLC",69fdf74a62446148bd854b11,69fded1762446148bd848e8c,Great Clips / Iris Corporation,69fdef0303a2257cd27d83e8,3rd074 - Keystone Plaza Shopping Center {Larbre Family Trust},evidenceOfInsurance,Evidence of Insurance,6ac20aae-5728-5d57-b364-aeba38527dba,Additional Requirements,e1017741-e47e-5f58-97b8-fbc3043e919f,Umbrella follows form over General Liability,"---prompt---
Determine if the Umbrella/Excess Liability policy follows form to the underlying policies. Evidence may include: language in the Description of Operations section stating the umbrella follows form to underlying coverages or an additional page endorsement stating that it follows form. Follow form means the umbrella policy adopts the same terms, conditions, and exclusions as the underlying policies.",matchOnce,must be present,,,non_compliant,Block Requirements,,,true,0,,2026-08-16
"Block Real Estate Services, LLC",69fdf74a62446148bd854b11,69fded1762446148bd848e8c,Great Clips / Iris Corporation,69fdef0303a2257cd27d83e8,3rd074 - Keystone Plaza Shopping Center {Larbre Family Trust},evidenceOfInsurance,Evidence of Insurance,6ac20aae-5728-5d57-b364-aeba38527dba,Additional Requirements,2cdd866f-c9a4-576a-afd8-1d045762790c,"The location must be listed as: 1630 S. MO 7 Highway, Blue Springs, MO, 64014","---prompt---
Determine if the Description of Operations or the Additional Remarks Schedule section states the location indicated in value field",matchOnce,must be present,,,non_compliant,Block Requirements,,,true,0,,2026-08-16
"Block Real Estate Services, LLC",69fdf74a62446148bd854b11,69fded1762446148bd848e8c,Great Clips / Iris Corporation,69fdef0303a2257cd27d83e8,3rd074 - Keystone Plaza Shopping Center {Larbre Family Trust},evidenceOfInsurance,Evidence of Insurance,6ac20aae-5728-5d57-b364-aeba38527dba,Additional Requirements,3649e9d1-4e09-59bf-8f30-cb33c40cf117,"Certificate Holder must read: c/o Block Real Estate Services, LLC, 4622 Pennsylvania St., Suite 700, Kansas City, MO, 64112",,matchOnce,must be present,,,non_compliant,Block Requirements,,,true,0,,2026-08-16
"Block Real Estate Services, LLC",69fdf74a62446148bd854b13,69fded2162446148bd8491a1,"Spirit Haven / SSB, LLC",69fdef0303a2257cd27d83e8,3rd074 - Keystone Plaza Shopping Center {Larbre Family Trust},evidenceOfInsurance,Evidence of Insurance,commercialGeneralLiability,Commercial General Liability,evidenceOfInsuranceCommercialGeneralLiabilityCoverageTriggerOccurrence,Coverage Trigger: Occurrence,,matchOnce,must be present,,Present,compliant,Block Requirements,,,false,1,,2026-08-16
"Block Real Estate Services, LLC",69fdf74a62446148bd854b13,69fded2162446148bd8491a1,"Spirit Haven / SSB, LLC",69fdef0303a2257cd27d83e8,3rd074 - Keystone Plaza Shopping Center {Larbre Family Trust},evidenceOfInsurance,Evidence of Insurance,commercialGeneralLiability,Commercial General Liability,evidenceOfInsuranceCommercialGeneralLiabilityGeneralAggregateLimitAppliesPerLocation,General Aggregate Limit Applies per: Location,,matchOnce,must be present,,,non_compliant,Block Requirements,,,false,0,,2026-08-16
"Block Real Estate Services, LLC",69fdf74a62446148bd854b13,69fded2162446148bd8491a1,"Spirit Haven / SSB, LLC",69fdef0303a2257cd27d83e8,3rd074 - Keystone Plaza Shopping Center {Larbre Family Trust},evidenceOfInsurance,Evidence of Insurance,commercialGeneralLiability,Commercial General Liability,evidenceOfInsuranceCommercialGeneralLiabilityEachOccurrence,Each Occurrence,,matchOnce,must be greater or equal to,1000000,1000000,compliant,Block Requirements,,,false,1,,2026-08-16
"Block Real Estate Services, LLC",69fdf74a62446148bd854b13,69fded2162446148bd8491a1,"Spirit Haven / SSB, LLC",69fdef0303a2257cd27d83e8,3rd074 - Keystone Plaza Shopping Center {Larbre Family Trust},evidenceOfInsurance,Evidence of Insurance,commercialGeneralLiability,Commercial General Liability,evidenceOfInsuranceCommercialGeneralLiabilityGeneralAggregate,General Aggregate,,matchOnce,must be greater or equal to,2000000,2000000,compliant,Block Requirements,,,false,1,,2026-08-16
"Block Real Estate Services, LLC",69fdf74a62446148bd854b13,69fded2162446148bd8491a1,"Spirit Haven / SSB, LLC",69fdef0303a2257cd27d83e8,3rd074 - Keystone Plaza Shopping Center {Larbre Family Trust},evidenceOfInsurance,Evidence of Insurance,commercialGeneralLiability,Commercial General Liability,evidenceOfInsuranceCommercialGeneralLiabilityWaiverOfSubrogationEndorsement,Waiver of Subrogation,"---prompt---
Determine if the insurer has waived their right of subrogation in favor of the certificate holder under the Commercial General Liability policy. Evidence may include: a checked ""Waiver of Subrogation"" box on the certificate, mention in the Description of Operations section stating ""waiver of subrogation applies"", or reference to form CG 24 04. Look for language like ""subrogation is waived"" or ""per written contract"".",matchOnce,must be present,,Present,compliant,Block Requirements,,,false,1,,2026-08-16
"Block Real Estate Services, LLC",69fdf74a62446148bd854b13,69fded2162446148bd8491a1,"Spirit Haven / SSB, LLC",69fdef0303a2257cd27d83e8,3rd074 - Keystone Plaza Shopping Center {Larbre Family Trust},evidenceOfInsurance,Evidence of Insurance,excessOrUmbrellaLiability,Umbrella/Excess Liability,evidenceOfInsuranceExcessOrUmbrellaLiabilityOccurence,Coverage Trigger: Occurrence,,matchOnce,must be present,,,non_compliant,Block Requirements,,,false,0,,2026-08-16
"Block Real Estate Services, LLC",69fdf74a62446148bd854b13,69fded2162446148bd8491a1,"Spirit Haven / SSB, LLC",69fdef0303a2257cd27d83e8,3rd074 - Keystone Plaza Shopping Center {Larbre Family Trust},evidenceOfInsurance,Evidence of Insurance,excessOrUmbrellaLiability,Umbrella/Excess Liability,evidenceOfInsuranceExcessOrUmbrellaLiabilityEachOccurrence,Each Occurrence,,matchOnce,must be greater or equal to,1000000,,non_compliant,Block Requirements,,,false,0,,2026-08-16
"Block Real Estate Services, LLC",69fdf74a62446148bd854b13,69fded2162446148bd8491a1,"Spirit Haven / SSB, LLC",69fdef0303a2257cd27d83e8,3rd074 - Keystone Plaza Shopping Center {Larbre Family Trust},evidenceOfInsurance,Evidence of Insurance,excessOrUmbrellaLiability,Umbrella/Excess Liability,evidenceOfInsuranceExcessOrUmbrellaLiabilityAggregate,Aggregate,,matchOnce,must be greater or equal to,1000000,,non_compliant,Block Requirements,,,false,0,,2026-08-16
"Block Real Estate Services, LLC",69fdf74a62446148bd854b13,69fded2162446148bd8491a1,"Spirit Haven / SSB, LLC",69fdef0303a2257cd27d83e8,3rd074 - Keystone Plaza Shopping Center {Larbre Family Trust},evidenceOfInsurance,Evidence of Insurance,workersCompensation,Workers' Compensation and Employer's Liability,evidenceOfInsuranceWorkersCompensationStatutoryLimits,Statutory Limits,,matchOnce,must be present,,,non_compliant,Block Requirements,,,false,0,,2026-08-16
"Block Real Estate Services, LLC",69fdf74a62446148bd854b13,69fded2162446148bd8491a1,"Spirit Haven / SSB, LLC",69fdef0303a2257cd27d83e8,3rd074 - Keystone Plaza Shopping Center {Larbre Family Trust},evidenceOfInsurance,Evidence of Insurance,workersCompensation,Workers' Compensation and Employer's Liability,evidenceOfInsuranceWorkersCompensationEmployersLiabilityEachAccident,Employer's Liability Each Accident,,matchOnce,must be greater or equal to,500000,,non_compliant,Block Requirements,,,false,0,,2026-08-16
"Block Real Estate Services, LLC",69fdf74a62446148bd854b13,69fded2162446148bd8491a1,"Spirit Haven / SSB, LLC",69fdef0303a2257cd27d83e8,3rd074 - Keystone Plaza Shopping Center {Larbre Family Trust},evidenceOfInsurance,Evidence of Insurance,workersCompensation,Workers' Compensation and Employer's Liability,evidenceOfInsuranceWorkersCompensationEmployersLiabilityDiseaseEachEmployee,Employer's Liability Disease - each employee,,matchOnce,must be greater or equal to,500000,,non_compliant,Block Requirements,,,false,0,,2026-08-16
"Block Real Estate Services, LLC",69fdf74a62446148bd854b13,69fded2162446148bd8491a1,"Spirit Haven / SSB, LLC",69fdef0303a2257cd27d83e8,3rd074 - Keystone Plaza Shopping Center {Larbre Family Trust},evidenceOfInsurance,Evidence of Insurance,workersCompensation,Workers' Compensation and Employer's Liability,evidenceOfInsuranceWorkersCompensationEmployersLiabilityDiseasePolicyLimit,Employer's Liability Disease - policy limit,,matchOnce,must be greater or equal to,500000,,non_compliant,Block Requirements,,,false,0,,2026-08-16
"Block Real Estate Services, LLC",69fdf74a62446148bd854b13,69fded2162446148bd8491a1,"Spirit Haven / SSB, LLC",69fdef0303a2257cd27d83e8,3rd074 - Keystone Plaza Shopping Center {Larbre Family Trust},evidenceOfInsurance,Evidence of Insurance,workersCompensation,Workers' Compensation and Employer's Liability,evidenceOfInsuranceWorkersCompensationWaiverOfSubrogationEndorsement,Waiver of Subrogation,"---prompt---
Determine if the insurer has waived their right of subrogation in favor of the certificate holder under the Workers' Compensation policy. Evidence may include: a checked ""Waiver of Subrogation"" box on the certificate, mention in the Description of Operations section stating ""waiver of subrogation applies"", or reference to form WC 00 03 13. Look for language like ""subrogation is waived"" or ""per written contract"".",matchOnce,must be present,,,non_compliant,Block Requirements,,,false,0,,2026-08-16
"Block Real Estate Services, LLC",69fdf74a62446148bd854b13,69fded2162446148bd8491a1,"Spirit Haven / SSB, LLC",69fdef0303a2257cd27d83e8,3rd074 - Keystone Plaza Shopping Center {Larbre Family Trust},evidenceOfInsurance,Evidence of Insurance,6ac20aae-5728-5d57-b364-aeba38527dba,Additional Requirements,4da5b0f1-4c9d-5885-8cf8-5d3cccaed3e0,"Block Real Estate Services, LLC and all others required by contract are named as Additional Insureds","---prompt---
Determine if the Description of Operations or the Additional Remarks Schedule section states the ""Additional Insured as Construction Management, Inc. and all others required by contract"" or reference to blanket additional insured coverage. Look for language like ""certificate holder is additional insured"" or ""per written contract"".",matchOnce,must be present,,,non_compliant,Block Requirements,,,true,0,,2026-08-16
"Block Real Estate Services, LLC",69fdf74a62446148bd854b13,69fded2162446148bd8491a1,"Spirit Haven / SSB, LLC",69fdef0303a2257cd27d83e8,3rd074 - Keystone Plaza Shopping Center {Larbre Family Trust},evidenceOfInsurance,Evidence of Insurance,6ac20aae-5728-5d57-b364-aeba38527dba,Additional Requirements,e1017741-e47e-5f58-97b8-fbc3043e919f,Umbrella follows form over General Liability,"---prompt---
Determine if the Umbrella/Excess Liability policy follows form to the underlying policies. Evidence may include: language in the Description of Operations section stating the umbrella follows form to underlying coverages or an additional page endorsement stating that it follows form. Follow form means the umbrella policy adopts the same terms, conditions, and exclusions as the underlying policies.",matchOnce,must be present,,,non_compliant,Block Requirements,,,true,0,,2026-08-16
"Block Real Estate Services, LLC",69fdf74a62446148bd854b13,69fded2162446148bd8491a1,"Spirit Haven / SSB, LLC",69fdef0303a2257cd27d83e8,3rd074 - Keystone Plaza Shopping Center {Larbre Family Trust},evidenceOfInsurance,Evidence of Insurance,6ac20aae-5728-5d57-b364-aeba38527dba,Additional Requirements,2cdd866f-c9a4-576a-afd8-1d045762790c,"The location must be listed as: 1618-1622 S. MO 7 Highway, Blue Springs, MO, 64014","---prompt---
Determine if the Description of Operations or the Additional Remarks Schedule section states the location indicated in value field",matchOnce,must be present,,,non_compliant,Block Requirements,,,true,0,,2026-08-16
"Block Real Estate Services, LLC",69fdf74a62446148bd854b13,69fded2162446148bd8491a1,"Spirit Haven / SSB, LLC",69fdef0303a2257cd27d83e8,3rd074 - Keystone Plaza Shopping Center {Larbre Family Trust},evidenceOfInsurance,Evidence of Insurance,6ac20aae-5728-5d57-b364-aeba38527dba,Additional Requirements,3649e9d1-4e09-59bf-8f30-cb33c40cf117,"Certificate Holder must read: c/o Block Real Estate Services, LLC, 4622 Pennsylvania St., Suite 700, Kansas City, MO, 64112",,matchOnce,must be present,,,non_compliant,Block Requirements,,,true,0,,2026-08-16
"Block Real Estate Services, LLC",69fdf74a62446148bd854b0e,69fded0f62446148bd848be3,"Best Wash Laundromats / Best Wash Holdings, LLC",69fdef0303a2257cd27d83e8,3rd074 - Keystone Plaza Shopping Center {Larbre Family Trust},evidenceOfInsurance,Evidence of Insurance,commercialGeneralLiability,Commercial General Liability,evidenceOfInsuranceCommercialGeneralLiabilityCoverageTriggerOccurrence,Coverage Trigger: Occurrence,,matchOnce,must be present,,,non_compliant,Block Requirements,,,false,0,,2026-08-16
"Block Real Estate Services, LLC",69fdf74a62446148bd854b0e,69fded0f62446148bd848be3,"Best Wash Laundromats / Best Wash Holdings, LLC",69fdef0303a2257cd27d83e8,3rd074 - Keystone Plaza Shopping Center {Larbre Family Trust},evidenceOfInsurance,Evidence of Insurance,commercialGeneralLiability,Commercial General Liability,evidenceOfInsuranceCommercialGeneralLiabilityGeneralAggregateLimitAppliesPerLocation,General Aggregate Limit Applies per: Location,,matchOnce,must be present,,,non_compliant,Block Requirements,,,false,0,,2026-08-16
"Block Real Estate Services, LLC",69fdf74a62446148bd854b0e,69fded0f62446148bd848be3,"Best Wash Laundromats / Best Wash Holdings, LLC",69fdef0303a2257cd27d83e8,3rd074 - Keystone Plaza Shopping Center {Larbre Family Trust},evidenceOfInsurance,Evidence of Insurance,commercialGeneralLiability,Commercial General Liability,evidenceOfInsuranceCommercialGeneralLiabilityEachOccurrence,Each Occurrence,,matchOnce,must be greater or equal to,1000000,,non_compliant,Block Requirements,,,false,0,,2026-08-16
"Block Real Estate Services, LLC",69fdf74a62446148bd854b0e,69fded0f62446148bd848be3,"Best Wash Laundromats / Best Wash Holdings, LLC",69fdef0303a2257cd27d83e8,3rd074 - Keystone Plaza Shopping Center {Larbre Family Trust},evidenceOfInsurance,Evidence of Insurance,commercialGeneralLiability,Commercial General Liability,evidenceOfInsuranceCommercialGeneralLiabilityGeneralAggregate,General Aggregate,,matchOnce,must be greater or equal to,2000000,,non_compliant,Block Requirements,,,false,0,,2026-08-16
"Block Real Estate Services, LLC",69fdf74a62446148bd854b0e,69fded0f62446148bd848be3,"Best Wash Laundromats / Best Wash Holdings, LLC",69fdef0303a2257cd27d83e8,3rd074 - Keystone Plaza Shopping Center {Larbre Family Trust},evidenceOfInsurance,Evidence of Insurance,commercialGeneralLiability,Commercial General Liability,evidenceOfInsuranceCommercialGeneralLiabilityWaiverOfSubrogationEndorsement,Waiver of Subrogation,"---prompt---
Determine if the insurer has waived their right of subrogation in favor of the certificate holder under the Commercial General Liability policy. Evidence may include: a checked ""Waiver of Subrogation"" box on the certificate, mention in the Description of Operations section stating ""waiver of subrogation applies"", or reference to form CG 24 04. Look for language like ""subrogation is waived"" or ""per written contract"".",matchOnce,must be present,,,non_compliant,Block Requirements,,,false,0,,2026-08-16
"Block Real Estate Services, LLC",69fdf74a62446148bd854b0e,69fded0f62446148bd848be3,"Best Wash Laundromats / Best Wash Holdings, LLC",69fdef0303a2257cd27d83e8,3rd074 - Keystone Plaza Shopping Center {Larbre Family Trust},evidenceOfInsurance,Evidence of Insurance,excessOrUmbrellaLiability,Umbrella/Excess Liability,evidenceOfInsuranceExcessOrUmbrellaLiabilityOccurence,Coverage Trigger: Occurrence,,matchOnce,must be present,,,non_compliant,Block Requirements,,,false,0,,2026-08-16
"Block Real Estate Services, LLC",69fdf74a62446148bd854b0e,69fded0f62446148bd848be3,"Best Wash Laundromats / Best Wash Holdings, LLC",69fdef0303a2257cd27d83e8,3rd074 - Keystone Plaza Shopping Center {Larbre Family Trust},evidenceOfInsurance,Evidence of Insurance,excessOrUmbrellaLiability,Umbrella/Excess Liability,evidenceOfInsuranceExcessOrUmbrellaLiabilityEachOccurrence,Each Occurrence,,matchOnce,must be greater or equal to,1000000,,non_compliant,Block Requirements,,,false,0,,2026-08-16
"Block Real Estate Services, LLC",69fdf74a62446148bd854b0e,69fded0f62446148bd848be3,"Best Wash Laundromats / Best Wash Holdings, LLC",69fdef0303a2257cd27d83e8,3rd074 - Keystone Plaza Shopping Center {Larbre Family Trust},evidenceOfInsurance,Evidence of Insurance,excessOrUmbrellaLiability,Umbrella/Excess Liability,evidenceOfInsuranceExcessOrUmbrellaLiabilityAggregate,Aggregate,,matchOnce,must be greater or equal to,1000000,,non_compliant,Block Requirements,,,false,0,,2026-08-16
"Block Real Estate Services, LLC",69fdf74a62446148bd854b0e,69fded0f62446148bd848be3,"Best Wash Laundromats / Best Wash Holdings, LLC",69fdef0303a2257cd27d83e8,3rd074 - Keystone Plaza Shopping Center {Larbre Family Trust},evidenceOfInsurance,Evidence of Insurance,workersCompensation,Workers' Compensation and Employer's Liability,evidenceOfInsuranceWorkersCompensationStatutoryLimits,Statutory Limits,,matchOnce,must be present,,,non_compliant,Block Requirements,,,false,0,,2026-08-16
"Block Real Estate Services, LLC",69fdf74a62446148bd854b0e,69fded0f62446148bd848be3,"Best Wash Laundromats / Best Wash Holdings, LLC",69fdef0303a2257cd27d83e8,3rd074 - Keystone Plaza Shopping Center {Larbre Family Trust},evidenceOfInsurance,Evidence of Insurance,workersCompensation,Workers' Compensation and Employer's Liability,evidenceOfInsuranceWorkersCompensationEmployersLiabilityEachAccident,Employer's Liability Each Accident,,matchOnce,must be greater or equal to,500000,,non_compliant,Block Requirements,,,false,0,,2026-08-16
"Block Real Estate Services, LLC",69fdf74a62446148bd854b0e,69fded0f62446148bd848be3,"Best Wash Laundromats / Best Wash Holdings, LLC",69fdef0303a2257cd27d83e8,3rd074 - Keystone Plaza Shopping Center {Larbre Family Trust},evidenceOfInsurance,Evidence of Insurance,workersCompensation,Workers' Compensation and Employer's Liability,evidenceOfInsuranceWorkersCompensationEmployersLiabilityDiseaseEachEmployee,Employer's Liability Disease - each employee,,matchOnce,must be greater or equal to,500000,,non_compliant,Block Requirements,,,false,0,,2026-08-16
"Block Real Estate Services, LLC",69fdf74a62446148bd854b0e,69fded0f62446148bd848be3,"Best Wash Laundromats / Best Wash Holdings, LLC",69fdef0303a2257cd27d83e8,3rd074 - Keystone Plaza Shopping Center {Larbre Family Trust},evidenceOfInsurance,Evidence of Insurance,workersCompensation,Workers' Compensation and Employer's Liability,evidenceOfInsuranceWorkersCompensationEmployersLiabilityDiseasePolicyLimit,Employer's Liability Disease - policy limit,,matchOnce,must be greater or equal to,500000,,non_compliant,Block Requirements,,,false,0,,2026-08-16
"Block Real Estate Services, LLC",69fdf74a62446148bd854b0e,69fded0f62446148bd848be3,"Best Wash Laundromats / Best Wash Holdings, LLC",69fdef0303a2257cd27d83e8,3rd074 - Keystone Plaza Shopping Center {Larbre Family Trust},evidenceOfInsurance,Evidence of Insurance,workersCompensation,Workers' Compensation and Employer's Liability,evidenceOfInsuranceWorkersCompensationWaiverOfSubrogationEndorsement,Waiver of Subrogation,"---prompt---
Determine if the insurer has waived their right of subrogation in favor of the certificate holder under the Workers' Compensation policy. Evidence may include: a checked ""Waiver of Subrogation"" box on the certificate, mention in the Description of Operations section stating ""waiver of subrogation applies"", or reference to form WC 00 03 13. Look for language like ""subrogation is waived"" or ""per written contract"".",matchOnce,must be present,,,non_compliant,Block Requirements,,,false,0,,2026-08-16
"Block Real Estate Services, LLC",69fdf74a62446148bd854b0e,69fded0f62446148bd848be3,"Best Wash Laundromats / Best Wash Holdings, LLC",69fdef0303a2257cd27d83e8,3rd074 - Keystone Plaza Shopping Center {Larbre Family Trust},evidenceOfInsurance,Evidence of Insurance,6ac20aae-5728-5d57-b364-aeba38527dba,Additional Requirements,4da5b0f1-4c9d-5885-8cf8-5d3cccaed3e0,"Block Real Estate Services, LLC and all others required by contract are named as Additional Insureds","---prompt---
Determine if the Description of Operations or the Additional Remarks Schedule section states the ""Additional Insured as Construction Management, Inc. and all others required by contract"" or reference to blanket additional insured coverage. Look for language like ""certificate holder is additional insured"" or ""per written contract"".",matchOnce,must be present,,,non_compliant,Block Requirements,,,true,0,,2026-08-16
"Block Real Estate Services, LLC",69fdf74a62446148bd854b0e,69fded0f62446148bd848be3,"Best Wash Laundromats / Best Wash Holdings, LLC",69fdef0303a2257cd27d83e8,3rd074 - Keystone Plaza Shopping Center {Larbre Family Trust},evidenceOfInsurance,Evidence of Insurance,6ac20aae-5728-5d57-b364-aeba38527dba,Additional Requirements,e1017741-e47e-5f58-97b8-fbc3043e919f,Umbrella follows form over General Liability,"---prompt---
Determine if the Umbrella/Excess Liability policy follows form to the underlying policies. Evidence may include: language in the Description of Operations section stating the umbrella follows form to underlying coverages or an additional page endorsement stating that it follows form. Follow form means the umbrella policy adopts the same terms, conditions, and exclusions as the underlying policies.",matchOnce,must be present,,,non_compliant,Block Requirements,,,true,0,,2026-08-16
"Block Real Estate Services, LLC",69fdf74a62446148bd854b0e,69fded0f62446148bd848be3,"Best Wash Laundromats / Best Wash Holdings, LLC",69fdef0303a2257cd27d83e8,3rd074 - Keystone Plaza Shopping Center {Larbre Family Trust},evidenceOfInsurance,Evidence of Insurance,6ac20aae-5728-5d57-b364-aeba38527dba,Additional Requirements,2cdd866f-c9a4-576a-afd8-1d045762790c,"The location must be listed as: 1710-1714 S. MO 7 Highway, Blue Springs, MO, 64014","---prompt---
Determine if the Description of Operations or the Additional Remarks Schedule section states the location indicated in value field",matchOnce,must be present,,,non_compliant,Block Requirements,,,true,0,,2026-08-16
"Block Real Estate Services, LLC",69fdf74a62446148bd854b0e,69fded0f62446148bd848be3,"Best Wash Laundromats / Best Wash Holdings, LLC",69fdef0303a2257cd27d83e8,3rd074 - Keystone Plaza Shopping Center {Larbre Family Trust},evidenceOfInsurance,Evidence of Insurance,6ac20aae-5728-5d57-b364-aeba38527dba,Additional Requirements,3649e9d1-4e09-59bf-8f30-cb33c40cf117,"Certificate Holder must read: c/o Block Real Estate Services, LLC, 4622 Pennsylvania St., Suite 700, Kansas City, MO, 64112",,matchOnce,must be present,,,non_compliant,Block Requirements,,,true,0,,2026-08-16
"Block Real Estate Services, LLC",69fdf74a62446148bd854b10,69fded1262446148bd848cee,"Dark Horse Coffee / Dark Horse Collective, LLC",69fdef0303a2257cd27d83e8,3rd074 - Keystone Plaza Shopping Center {Larbre Family Trust},evidenceOfInsurance,Evidence of Insurance,commercialGeneralLiability,Commercial General Liability,evidenceOfInsuranceCommercialGeneralLiabilityCoverageTriggerOccurrence,Coverage Trigger: Occurrence,,matchOnce,must be present,,Present,compliant,Block Requirements,,,false,1,,2026-08-16
"Block Real Estate Services, LLC",69fdf74a62446148bd854b10,69fded1262446148bd848cee,"Dark Horse Coffee / Dark Horse Collective, LLC",69fdef0303a2257cd27d83e8,3rd074 - Keystone Plaza Shopping Center {Larbre Family Trust},evidenceOfInsurance,Evidence of Insurance,commercialGeneralLiability,Commercial General Liability,evidenceOfInsuranceCommercialGeneralLiabilityGeneralAggregateLimitAppliesPerLocation,General Aggregate Limit Applies per: Location,,matchOnce,must be present,,Present,compliant,Block Requirements,,,false,1,,2026-08-16
"Block Real Estate Services, LLC",69fdf74a62446148bd854b10,69fded1262446148bd848cee,"Dark Horse Coffee / Dark Horse Collective, LLC",69fdef0303a2257cd27d83e8,3rd074 - Keystone Plaza Shopping Center {Larbre Family Trust},evidenceOfInsurance,Evidence of Insurance,commercialGeneralLiability,Commercial General Liability,evidenceOfInsuranceCommercialGeneralLiabilityEachOccurrence,Each Occurrence,,matchOnce,must be greater or equal to,1000000,2000000,compliant,Block Requirements,,,false,1,,2026-08-16
"Block Real Estate Services, LLC",69fdf74a62446148bd854b10,69fded1262446148bd848cee,"Dark Horse Coffee / Dark Horse Collective, LLC",69fdef0303a2257cd27d83e8,3rd074 - Keystone Plaza Shopping Center {Larbre Family Trust},evidenceOfInsurance,Evidence of Insurance,commercialGeneralLiability,Commercial General Liability,evidenceOfInsuranceCommercialGeneralLiabilityGeneralAggregate,General Aggregate,,matchOnce,must be greater or equal to,2000000,4000000,compliant,Block Requirements,,,false,1,,2026-08-16
"Block Real Estate Services, LLC",69fdf74a62446148bd854b10,69fded1262446148bd848cee,"Dark Horse Coffee / Dark Horse Collective, LLC",69fdef0303a2257cd27d83e8,3rd074 - Keystone Plaza Shopping Center {Larbre Family Trust},evidenceOfInsurance,Evidence of Insurance,commercialGeneralLiability,Commercial General Liability,evidenceOfInsuranceCommercialGeneralLiabilityWaiverOfSubrogationEndorsement,Waiver of Subrogation,"---prompt---
Determine if the insurer has waived their right of subrogation in favor of the certificate holder under the Commercial General Liability policy. Evidence may include: a checked ""Waiver of Subrogation"" box on the certificate, mention in the Description of Operations section stating ""waiver of subrogation applies"", or reference to form CG 24 04. Look for language like ""subrogation is waived"" or ""per written contract"".",matchOnce,must be present,,Present,compliant,Block Requirements,,,false,1,,2026-08-16
"Block Real Estate Services, LLC",69fdf74a62446148bd854b10,69fded1262446148bd848cee,"Dark Horse Coffee / Dark Horse Collective, LLC",69fdef0303a2257cd27d83e8,3rd074 - Keystone Plaza Shopping Center {Larbre Family Trust},evidenceOfInsurance,Evidence of Insurance,excessOrUmbrellaLiability,Umbrella/Excess Liability,evidenceOfInsuranceExcessOrUmbrellaLiabilityOccurence,Coverage Trigger: Occurrence,,matchOnce,must be present,,Present,compliant,Block Requirements,,,false,1,,2026-08-16
"Block Real Estate Services, LLC",69fdf74a62446148bd854b10,69fded1262446148bd848cee,"Dark Horse Coffee / Dark Horse Collective, LLC",69fdef0303a2257cd27d83e8,3rd074 - Keystone Plaza Shopping Center {Larbre Family Trust},evidenceOfInsurance,Evidence of Insurance,excessOrUmbrellaLiability,Umbrella/Excess Liability,evidenceOfInsuranceExcessOrUmbrellaLiabilityEachOccurrence,Each Occurrence,,matchOnce,must be greater or equal to,1000000,2000000,compliant,Block Requirements,,,false,1,,2026-08-16
"Block Real Estate Services, LLC",69fdf74a62446148bd854b10,69fded1262446148bd848cee,"Dark Horse Coffee / Dark Horse Collective, LLC",69fdef0303a2257cd27d83e8,3rd074 - Keystone Plaza Shopping Center {Larbre Family Trust},evidenceOfInsurance,Evidence of Insurance,excessOrUmbrellaLiability,Umbrella/Excess Liability,evidenceOfInsuranceExcessOrUmbrellaLiabilityAggregate,Aggregate,,matchOnce,must be greater or equal to,1000000,2000000,compliant,Block Requirements,,,false,1,,2026-08-16
"Block Real Estate Services, LLC",69fdf74a62446148bd854b10,69fded1262446148bd848cee,"Dark Horse Coffee / Dark Horse Collective, LLC",69fdef0303a2257cd27d83e8,3rd074 - Keystone Plaza Shopping Center {Larbre Family Trust},evidenceOfInsurance,Evidence of Insurance,workersCompensation,Workers' Compensation and Employer's Liability,evidenceOfInsuranceWorkersCompensationStatutoryLimits,Statutory Limits,,matchOnce,must be present,,Present,compliant,Block Requirements,,,false,1,,2026-08-16
"Block Real Estate Services, LLC",69fdf74a62446148bd854b10,69fded1262446148bd848cee,"Dark Horse Coffee / Dark Horse Collective, LLC",69fdef0303a2257cd27d83e8,3rd074 - Keystone Plaza Shopping Center {Larbre Family Trust},evidenceOfInsurance,Evidence of Insurance,workersCompensation,Workers' Compensation and Employer's Liability,evidenceOfInsuranceWorkersCompensationEmployersLiabilityEachAccident,Employer's Liability Each Accident,,matchOnce,must be greater or equal to,500000,1000000,compliant,Block Requirements,,,false,1,,2026-08-16
"Block Real Estate Services, LLC",69fdf74a62446148bd854b10,69fded1262446148bd848cee,"Dark Horse Coffee / Dark Horse Collective, LLC",69fdef0303a2257cd27d83e8,3rd074 - Keystone Plaza Shopping Center {Larbre Family Trust},evidenceOfInsurance,Evidence of Insurance,workersCompensation,Workers' Compensation and Employer's Liability,evidenceOfInsuranceWorkersCompensationEmployersLiabilityDiseaseEachEmployee,Employer's Liability Disease - each employee,,matchOnce,must be greater or equal to,500000,1000000,compliant,Block Requirements,,,false,1,,2026-08-16
"Block Real Estate Services, LLC",69fdf74a62446148bd854b10,69fded1262446148bd848cee,"Dark Horse Coffee / Dark Horse Collective, LLC",69fdef0303a2257cd27d83e8,3rd074 - Keystone Plaza Shopping Center {Larbre Family Trust},evidenceOfInsurance,Evidence of Insurance,workersCompensation,Workers' Compensation and Employer's Liability,evidenceOfInsuranceWorkersCompensationEmployersLiabilityDiseasePolicyLimit,Employer's Liability Disease - policy limit,,matchOnce,must be greater or equal to,500000,1000000,compliant,Block Requirements,,,false,1,,2026-08-16
"Block Real Estate Services, LLC",69fdf74a62446148bd854b10,69fded1262446148bd848cee,"Dark Horse Coffee / Dark Horse Collective, LLC",69fdef0303a2257cd27d83e8,3rd074 - Keystone Plaza Shopping Center {Larbre Family Trust},evidenceOfInsurance,Evidence of Insurance,workersCompensation,Workers' Compensation and Employer's Liability,evidenceOfInsuranceWorkersCompensationWaiverOfSubrogationEndorsement,Waiver of Subrogation,"---prompt---
Determine if the insurer has waived their right of subrogation in favor of the certificate holder under the Workers' Compensation policy. Evidence may include: a checked ""Waiver of Subrogation"" box on the certificate, mention in the Description of Operations section stating ""waiver of subrogation applies"", or reference to form WC 00 03 13. Look for language like ""subrogation is waived"" or ""per written contract"".",matchOnce,must be present,,Present,compliant,Block Requirements,,,false,1,,2026-08-16
"Block Real Estate Services, LLC",69fdf74a62446148bd854b10,69fded1262446148bd848cee,"Dark Horse Coffee / Dark Horse Collective, LLC",69fdef0303a2257cd27d83e8,3rd074 - Keystone Plaza Shopping Center {Larbre Family Trust},evidenceOfInsurance,Evidence of Insurance,6ac20aae-5728-5d57-b364-aeba38527dba,Additional Requirements,4da5b0f1-4c9d-5885-8cf8-5d3cccaed3e0,"Block Real Estate Services, LLC and all others required by contract are named as Additional Insureds","---prompt---
Determine if the Description of Operations or the Additional Remarks Schedule section states the ""Additional Insured as Construction Management, Inc. and all others required by contract"" or reference to blanket additional insured coverage. Look for language like ""certificate holder is additional insured"" or ""per written contract"".",matchOnce,must be present,,Present,compliant,Block Requirements,,,true,1,,2026-08-16
"Block Real Estate Services, LLC",69fdf74a62446148bd854b10,69fded1262446148bd848cee,"Dark Horse Coffee / Dark Horse Collective, LLC",69fdef0303a2257cd27d83e8,3rd074 - Keystone Plaza Shopping Center {Larbre Family Trust},evidenceOfInsurance,Evidence of Insurance,6ac20aae-5728-5d57-b364-aeba38527dba,Additional Requirements,e1017741-e47e-5f58-97b8-fbc3043e919f,Umbrella follows form over General Liability,"---prompt---
Determine if the Umbrella/Excess Liability policy follows form to the underlying policies. Evidence may include: language in the Description of Operations section stating the umbrella follows form to underlying coverages or an additional page endorsement stating that it follows form. Follow form means the umbrella policy adopts the same terms, conditions, and exclusions as the underlying policies.",matchOnce,must be present,,Present,compliant,Block Requirements,,,true,1,,2026-08-16
"Block Real Estate Services, LLC",69fdf74a62446148bd854b10,69fded1262446148bd848cee,"Dark Horse Coffee / Dark Horse Collective, LLC",69fdef0303a2257cd27d83e8,3rd074 - Keystone Plaza Shopping Center {Larbre Family Trust},evidenceOfInsurance,Evidence of Insurance,6ac20aae-5728-5d57-b364-aeba38527dba,Additional Requirements,2cdd866f-c9a4-576a-afd8-1d045762790c,"The location must be listed as: 1702 S. MO 7 Highway, Blue Springs, MO, 64014","---prompt---
Determine if the Description of Operations or the Additional Remarks Schedule section states the location indicated in value field",matchOnce,must be present,,Present,compliant,Block Requirements,,,true,1,,2026-08-16
"Block Real Estate Services, LLC",69fdf74a62446148bd854b10,69fded1262446148bd848cee,"Dark Horse Coffee / Dark Horse Collective, LLC",69fdef0303a2257cd27d83e8,3rd074 - Keystone Plaza Shopping Center {Larbre Family Trust},evidenceOfInsurance,Evidence of Insurance,6ac20aae-5728-5d57-b364-aeba38527dba,Additional Requirements,3649e9d1-4e09-59bf-8f30-cb33c40cf117,"Certificate Holder must read: c/o Block Real Estate Services, LLC, 4622 Pennsylvania St., Suite 700, Kansas City, MO, 64112",,matchOnce,must be present,,Present,compliant,Block Requirements,,,true,1,,2026-08-16
"Block Real Estate Services, LLC",69fdf74a62446148bd854b16,69fded2562446148bd8492d0,"The Zen Den Massage / Calm Seas, LLC",69fdef0303a2257cd27d83e8,3rd074 - Keystone Plaza Shopping Center {Larbre Family Trust},evidenceOfInsurance,Evidence of Insurance,commercialGeneralLiability,Commercial General Liability,evidenceOfInsuranceCommercialGeneralLiabilityCoverageTriggerOccurrence,Coverage Trigger: Occurrence,,matchOnce,must be present,,,non_compliant,Block Requirements,,,false,0,,2026-08-16
"Block Real Estate Services, LLC",69fdf74a62446148bd854b16,69fded2562446148bd8492d0,"The Zen Den Massage / Calm Seas, LLC",69fdef0303a2257cd27d83e8,3rd074 - Keystone Plaza Shopping Center {Larbre Family Trust},evidenceOfInsurance,Evidence of Insurance,commercialGeneralLiability,Commercial General Liability,evidenceOfInsuranceCommercialGeneralLiabilityGeneralAggregateLimitAppliesPerLocation,General Aggregate Limit Applies per: Location,,matchOnce,must be present,,,non_compliant,Block Requirements,,,false,0,,2026-08-16
"Block Real Estate Services, LLC",69fdf74a62446148bd854b16,69fded2562446148bd8492d0,"The Zen Den Massage / Calm Seas, LLC",69fdef0303a2257cd27d83e8,3rd074 - Keystone Plaza Shopping Center {Larbre Family Trust},evidenceOfInsurance,Evidence of Insurance,commercialGeneralLiability,Commercial General Liability,evidenceOfInsuranceCommercialGeneralLiabilityEachOccurrence,Each Occurrence,,matchOnce,must be greater or equal to,1000000,,non_compliant,Block Requirements,,,false,0,,2026-08-16
"Block Real Estate Services, LLC",69fdf74a62446148bd854b16,69fded2562446148bd8492d0,"The Zen Den Massage / Calm Seas, LLC",69fdef0303a2257cd27d83e8,3rd074 - Keystone Plaza Shopping Center {Larbre Family Trust},evidenceOfInsurance,Evidence of Insurance,commercialGeneralLiability,Commercial General Liability,evidenceOfInsuranceCommercialGeneralLiabilityGeneralAggregate,General Aggregate,,matchOnce,must be greater or equal to,2000000,,non_compliant,Block Requirements,,,false,0,,2026-08-16
"Block Real Estate Services, LLC",69fdf74a62446148bd854b16,69fded2562446148bd8492d0,"The Zen Den Massage / Calm Seas, LLC",69fdef0303a2257cd27d83e8,3rd074 - Keystone Plaza Shopping Center {Larbre Family Trust},evidenceOfInsurance,Evidence of Insurance,commercialGeneralLiability,Commercial General Liability,evidenceOfInsuranceCommercialGeneralLiabilityWaiverOfSubrogationEndorsement,Waiver of Subrogation,"---prompt---
Determine if the insurer has waived their right of subrogation in favor of the certificate holder under the Commercial General Liability policy. Evidence may include: a checked ""Waiver of Subrogation"" box on the certificate, mention in the Description of Operations section stating ""waiver of subrogation applies"", or reference to form CG 24 04. Look for language like ""subrogation is waived"" or ""per written contract"".",matchOnce,must be present,,,non_compliant,Block Requirements,,,false,0,,2026-08-16
"Block Real Estate Services, LLC",69fdf74a62446148bd854b16,69fded2562446148bd8492d0,"The Zen Den Massage / Calm Seas, LLC",69fdef0303a2257cd27d83e8,3rd074 - Keystone Plaza Shopping Center {Larbre Family Trust},evidenceOfInsurance,Evidence of Insurance,excessOrUmbrellaLiability,Umbrella/Excess Liability,evidenceOfInsuranceExcessOrUmbrellaLiabilityOccurence,Coverage Trigger: Occurrence,,matchOnce,must be present,,,non_compliant,Block Requirements,,,false,0,,2026-08-16
"Block Real Estate Services, LLC",69fdf74a62446148bd854b16,69fded2562446148bd8492d0,"The Zen Den Massage / Calm Seas, LLC",69fdef0303a2257cd27d83e8,3rd074 - Keystone Plaza Shopping Center {Larbre Family Trust},evidenceOfInsurance,Evidence of Insurance,excessOrUmbrellaLiability,Umbrella/Excess Liability,evidenceOfInsuranceExcessOrUmbrellaLiabilityEachOccurrence,Each Occurrence,,matchOnce,must be greater or equal to,1000000,,non_compliant,Block Requirements,,,false,0,,2026-08-16
"Block Real Estate Services, LLC",69fdf74a62446148bd854b16,69fded2562446148bd8492d0,"The Zen Den Massage / Calm Seas, LLC",69fdef0303a2257cd27d83e8,3rd074 - Keystone Plaza Shopping Center {Larbre Family Trust},evidenceOfInsurance,Evidence of Insurance,excessOrUmbrellaLiability,Umbrella/Excess Liability,evidenceOfInsuranceExcessOrUmbrellaLiabilityAggregate,Aggregate,,matchOnce,must be greater or equal to,1000000,,non_compliant,Block Requirements,,,false,0,,2026-08-16
"Block Real Estate Services, LLC",69fdf74a62446148bd854b16,69fded2562446148bd8492d0,"The Zen Den Massage / Calm Seas, LLC",69fdef0303a2257cd27d83e8,3rd074 - Keystone Plaza Shopping Center {Larbre Family Trust},evidenceOfInsurance,Evidence of Insurance,workersCompensation,Workers' Compensation and Employer's Liability,evidenceOfInsuranceWorkersCompensationStatutoryLimits,Statutory Limits,,matchOnce,must be present,,,non_compliant,Block Requirements,,,false,0,,2026-08-16
"Block Real Estate Services, LLC",69fdf74a62446148bd854b16,69fded2562446148bd8492d0,"The Zen Den Massage / Calm Seas, LLC",69fdef0303a2257cd27d83e8,3rd074 - Keystone Plaza Shopping Center {Larbre Family Trust},evidenceOfInsurance,Evidence of Insurance,workersCompensation,Workers' Compensation and Employer's Liability,evidenceOfInsuranceWorkersCompensationEmployersLiabilityEachAccident,Employer's Liability Each Accident,,matchOnce,must be greater or equal to,500000,,non_compliant,Block Requirements,,,false,0,,2026-08-16
"Block Real Estate Services, LLC",69fdf74a62446148bd854b16,69fded2562446148bd8492d0,"The Zen Den Massage / Calm Seas, LLC",69fdef0303a2257cd27d83e8,3rd074 - Keystone Plaza Shopping Center {Larbre Family Trust},evidenceOfInsurance,Evidence of Insurance,workersCompensation,Workers' Compensation and Employer's Liability,evidenceOfInsuranceWorkersCompensationEmployersLiabilityDiseaseEachEmployee,Employer's Liability Disease - each employee,,matchOnce,must be greater or equal to,500000,,non_compliant,Block Requirements,,,false,0,,2026-08-16
"Block Real Estate Services, LLC",69fdf74a62446148bd854b16,69fded2562446148bd8492d0,"The Zen Den Massage / Calm Seas, LLC",69fdef0303a2257cd27d83e8,3rd074 - Keystone Plaza Shopping Center {Larbre Family Trust},evidenceOfInsurance,Evidence of Insurance,workersCompensation,Workers' Compensation and Employer's Liability,evidenceOfInsuranceWorkersCompensationEmployersLiabilityDiseasePolicyLimit,Employer's Liability Disease - policy limit,,matchOnce,must be greater or equal to,500000,,non_compliant,Block Requirements,,,false,0,,2026-08-16
"Block Real Estate Services, LLC",69fdf74a62446148bd854b16,69fded2562446148bd8492d0,"The Zen Den Massage / Calm Seas, LLC",69fdef0303a2257cd27d83e8,3rd074 - Keystone Plaza Shopping Center {Larbre Family Trust},evidenceOfInsurance,Evidence of Insurance,workersCompensation,Workers' Compensation and Employer's Liability,evidenceOfInsuranceWorkersCompensationWaiverOfSubrogationEndorsement,Waiver of Subrogation,"---prompt---
Determine if the insurer has waived their right of subrogation in favor of the certificate holder under the Workers' Compensation policy. Evidence may include: a checked ""Waiver of Subrogation"" box on the certificate, mention in the Description of Operations section stating ""waiver of subrogation applies"", or reference to form WC 00 03 13. Look for language like ""subrogation is waived"" or ""per written contract"".",matchOnce,must be present,,,non_compliant,Block Requirements,,,false,0,,2026-08-16
"Block Real Estate Services, LLC",69fdf74a62446148bd854b16,69fded2562446148bd8492d0,"The Zen Den Massage / Calm Seas, LLC",69fdef0303a2257cd27d83e8,3rd074 - Keystone Plaza Shopping Center {Larbre Family Trust},evidenceOfInsurance,Evidence of Insurance,6ac20aae-5728-5d57-b364-aeba38527dba,Additional Requirements,4da5b0f1-4c9d-5885-8cf8-5d3cccaed3e0,"Block Real Estate Services, LLC and all others required by contract are named as Additional Insureds","---prompt---
Determine if the Description of Operations or the Additional Remarks Schedule section states the ""Additional Insured as Construction Management, Inc. and all others required by contract"" or reference to blanket additional insured coverage. Look for language like ""certificate holder is additional insured"" or ""per written contract"".",matchOnce,must be present,,,non_compliant,Block Requirements,,,true,0,,2026-08-16
"Block Real Estate Services, LLC",69fdf74a62446148bd854b16,69fded2562446148bd8492d0,"The Zen Den Massage / Calm Seas, LLC",69fdef0303a2257cd27d83e8,3rd074 - Keystone Plaza Shopping Center {Larbre Family Trust},evidenceOfInsurance,Evidence of Insurance,6ac20aae-5728-5d57-b364-aeba38527dba,Additional Requirements,e1017741-e47e-5f58-97b8-fbc3043e919f,Umbrella follows form over General Liability,"---prompt---
Determine if the Umbrella/Excess Liability policy follows form to the underlying policies. Evidence may include: language in the Description of Operations section stating the umbrella follows form to underlying coverages or an additional page endorsement stating that it follows form. Follow form means the umbrella policy adopts the same terms, conditions, and exclusions as the underlying policies.",matchOnce,must be present,,,non_compliant,Block Requirements,,,true,0,,2026-08-16
"Block Real Estate Services, LLC",69fdf74a62446148bd854b16,69fded2562446148bd8492d0,"The Zen Den Massage / Calm Seas, LLC",69fdef0303a2257cd27d83e8,3rd074 - Keystone Plaza Shopping Center {Larbre Family Trust},evidenceOfInsurance,Evidence of Insurance,6ac20aae-5728-5d57-b364-aeba38527dba,Additional Requirements,2cdd866f-c9a4-576a-afd8-1d045762790c,"The location must be listed as: 1718 S. MO 7 Highway, Blue Springs, MO, 64014","---prompt---
Determine if the Description of Operations or the Additional Remarks Schedule section states the location indicated in value field",matchOnce,must be present,,,non_compliant,Block Requirements,,,true,0,,2026-08-16
"Block Real Estate Services, LLC",69fdf74a62446148bd854b16,69fded2562446148bd8492d0,"The Zen Den Massage / Calm Seas, LLC",69fdef0303a2257cd27d83e8,3rd074 - Keystone Plaza Shopping Center {Larbre Family Trust},evidenceOfInsurance,Evidence of Insurance,6ac20aae-5728-5d57-b364-aeba38527dba,Additional Requirements,3649e9d1-4e09-59bf-8f30-cb33c40cf117,"Certificate Holder must read: c/o Block Real Estate Services, LLC, 4622 Pennsylvania St., Suite 700, Kansas City, MO, 64112",,matchOnce,must be present,,,non_compliant,Block Requirements,,,true,0,,2026-08-16
"Block Real Estate Services, LLC",69fdf74a62446148bd854b14,69fded2162446148bd8491b6,Creative Nails / Steven Lam & Bang Nguyen,69fdef0303a2257cd27d83e8,3rd074 - Keystone Plaza Shopping Center {Larbre Family Trust},evidenceOfInsurance,Evidence of Insurance,commercialGeneralLiability,Commercial General Liability,evidenceOfInsuranceCommercialGeneralLiabilityCoverageTriggerOccurrence,Coverage Trigger: Occurrence,,matchOnce,must be present,,,non_compliant,Block Requirements,,,false,0,,2026-08-16
"Block Real Estate Services, LLC",69fdf74a62446148bd854b14,69fded2162446148bd8491b6,Creative Nails / Steven Lam & Bang Nguyen,69fdef0303a2257cd27d83e8,3rd074 - Keystone Plaza Shopping Center {Larbre Family Trust},evidenceOfInsurance,Evidence of Insurance,commercialGeneralLiability,Commercial General Liability,evidenceOfInsuranceCommercialGeneralLiabilityGeneralAggregateLimitAppliesPerLocation,General Aggregate Limit Applies per: Location,,matchOnce,must be present,,,non_compliant,Block Requirements,,,false,0,,2026-08-16
"Block Real Estate Services, LLC",69fdf74a62446148bd854b14,69fded2162446148bd8491b6,Creative Nails / Steven Lam & Bang Nguyen,69fdef0303a2257cd27d83e8,3rd074 - Keystone Plaza Shopping Center {Larbre Family Trust},evidenceOfInsurance,Evidence of Insurance,commercialGeneralLiability,Commercial General Liability,evidenceOfInsuranceCommercialGeneralLiabilityEachOccurrence,Each Occurrence,,matchOnce,must be greater or equal to,1000000,,non_compliant,Block Requirements,,,false,0,,2026-08-16
"Block Real Estate Services, LLC",69fdf74a62446148bd854b14,69fded2162446148bd8491b6,Creative Nails / Steven Lam & Bang Nguyen,69fdef0303a2257cd27d83e8,3rd074 - Keystone Plaza Shopping Center {Larbre Family Trust},evidenceOfInsurance,Evidence of Insurance,commercialGeneralLiability,Commercial General Liability,evidenceOfInsuranceCommercialGeneralLiabilityGeneralAggregate,General Aggregate,,matchOnce,must be greater or equal to,2000000,,non_compliant,Block Requirements,,,false,0,,2026-08-16
"Block Real Estate Services, LLC",69fdf74a62446148bd854b14,69fded2162446148bd8491b6,Creative Nails / Steven Lam & Bang Nguyen,69fdef0303a2257cd27d83e8,3rd074 - Keystone Plaza Shopping Center {Larbre Family Trust},evidenceOfInsurance,Evidence of Insurance,commercialGeneralLiability,Commercial General Liability,evidenceOfInsuranceCommercialGeneralLiabilityWaiverOfSubrogationEndorsement,Waiver of Subrogation,"---prompt---
Determine if the insurer has waived their right of subrogation in favor of the certificate holder under the Commercial General Liability policy. Evidence may include: a checked ""Waiver of Subrogation"" box on the certificate, mention in the Description of Operations section stating ""waiver of subrogation applies"", or reference to form CG 24 04. Look for language like ""subrogation is waived"" or ""per written contract"".",matchOnce,must be present,,,non_compliant,Block Requirements,,,false,0,,2026-08-16
"Block Real Estate Services, LLC",69fdf74a62446148bd854b14,69fded2162446148bd8491b6,Creative Nails / Steven Lam & Bang Nguyen,69fdef0303a2257cd27d83e8,3rd074 - Keystone Plaza Shopping Center {Larbre Family Trust},evidenceOfInsurance,Evidence of Insurance,excessOrUmbrellaLiability,Umbrella/Excess Liability,evidenceOfInsuranceExcessOrUmbrellaLiabilityOccurence,Coverage Trigger: Occurrence,,matchOnce,must be present,,,non_compliant,Block Requirements,,,false,0,,2026-08-16
"Block Real Estate Services, LLC",69fdf74a62446148bd854b14,69fded2162446148bd8491b6,Creative Nails / Steven Lam & Bang Nguyen,69fdef0303a2257cd27d83e8,3rd074 - Keystone Plaza Shopping Center {Larbre Family Trust},evidenceOfInsurance,Evidence of Insurance,excessOrUmbrellaLiability,Umbrella/Excess Liability,evidenceOfInsuranceExcessOrUmbrellaLiabilityEachOccurrence,Each Occurrence,,matchOnce,must be greater or equal to,1000000,,non_compliant,Block Requirements,,,false,0,,2026-08-16
"Block Real Estate Services, LLC",69fdf74a62446148bd854b14,69fded2162446148bd8491b6,Creative Nails / Steven Lam & Bang Nguyen,69fdef0303a2257cd27d83e8,3rd074 - Keystone Plaza Shopping Center {Larbre Family Trust},evidenceOfInsurance,Evidence of Insurance,excessOrUmbrellaLiability,Umbrella/Excess Liability,evidenceOfInsuranceExcessOrUmbrellaLiabilityAggregate,Aggregate,,matchOnce,must be greater or equal to,1000000,,non_compliant,Block Requirements,,,false,0,,2026-08-16
"Block Real Estate Services, LLC",69fdf74a62446148bd854b14,69fded2162446148bd8491b6,Creative Nails / Steven Lam & Bang Nguyen,69fdef0303a2257cd27d83e8,3rd074 - Keystone Plaza Shopping Center {Larbre Family Trust},evidenceOfInsurance,Evidence of Insurance,workersCompensation,Workers' Compensation and Employer's Liability,evidenceOfInsuranceWorkersCompensationStatutoryLimits,Statutory Limits,,matchOnce,must be present,,,non_compliant,Block Requirements,,,false,0,,2026-08-16
"Block Real Estate Services, LLC",69fdf74a62446148bd854b14,69fded2162446148bd8491b6,Creative Nails / Steven Lam & Bang Nguyen,69fdef0303a2257cd27d83e8,3rd074 - Keystone Plaza Shopping Center {Larbre Family Trust},evidenceOfInsurance,Evidence of Insurance,workersCompensation,Workers' Compensation and Employer's Liability,evidenceOfInsuranceWorkersCompensationEmployersLiabilityEachAccident,Employer's Liability Each Accident,,matchOnce,must be greater or equal to,500000,,non_compliant,Block Requirements,,,false,0,,2026-08-16
"Block Real Estate Services, LLC",69fdf74a62446148bd854b14,69fded2162446148bd8491b6,Creative Nails / Steven Lam & Bang Nguyen,69fdef0303a2257cd27d83e8,3rd074 - Keystone Plaza Shopping Center {Larbre Family Trust},evidenceOfInsurance,Evidence of Insurance,workersCompensation,Workers' Compensation and Employer's Liability,evidenceOfInsuranceWorkersCompensationEmployersLiabilityDiseaseEachEmployee,Employer's Liability Disease - each employee,,matchOnce,must be greater or equal to,500000,,non_compliant,Block Requirements,,,false,0,,2026-08-16
"Block Real Estate Services, LLC",69fdf74a62446148bd854b14,69fded2162446148bd8491b6,Creative Nails / Steven Lam & Bang Nguyen,69fdef0303a2257cd27d83e8,3rd074 - Keystone Plaza Shopping Center {Larbre Family Trust},evidenceOfInsurance,Evidence of Insurance,workersCompensation,Workers' Compensation and Employer's Liability,evidenceOfInsuranceWorkersCompensationEmployersLiabilityDiseasePolicyLimit,Employer's Liability Disease - policy limit,,matchOnce,must be greater or equal to,500000,,non_compliant,Block Requirements,,,false,0,,2026-08-16
"Block Real Estate Services, LLC",69fdf74a62446148bd854b14,69fded2162446148bd8491b6,Creative Nails / Steven Lam & Bang Nguyen,69fdef0303a2257cd27d83e8,3rd074 - Keystone Plaza Shopping Center {Larbre Family Trust},evidenceOfInsurance,Evidence of Insurance,workersCompensation,Workers' Compensation and Employer's Liability,evidenceOfInsuranceWorkersCompensationWaiverOfSubrogationEndorsement,Waiver of Subrogation,"---prompt---
Determine if the insurer has waived their right of subrogation in favor of the certificate holder under the Workers' Compensation policy. Evidence may include: a checked ""Waiver of Subrogation"" box on the certificate, mention in the Description of Operations section stating ""waiver of subrogation applies"", or reference to form WC 00 03 13. Look for language like ""subrogation is waived"" or ""per written contract"".",matchOnce,must be present,,,non_compliant,Block Requirements,,,false,0,,2026-08-16
"Block Real Estate Services, LLC",69fdf74a62446148bd854b14,69fded2162446148bd8491b6,Creative Nails / Steven Lam & Bang Nguyen,69fdef0303a2257cd27d83e8,3rd074 - Keystone Plaza Shopping Center {Larbre Family Trust},evidenceOfInsurance,Evidence of Insurance,6ac20aae-5728-5d57-b364-aeba38527dba,Additional Requirements,4da5b0f1-4c9d-5885-8cf8-5d3cccaed3e0,"Block Real Estate Services, LLC and all others required by contract are named as Additional Insureds","---prompt---
Determine if the Description of Operations or the Additional Remarks Schedule section states the ""Additional Insured as Construction Management, Inc. and all others required by contract"" or reference to blanket additional insured coverage. Look for language like ""certificate holder is additional insured"" or ""per written contract"".",matchOnce,must be present,,,non_compliant,Block Requirements,,,true,0,,2026-08-16
"Block Real Estate Services, LLC",69fdf74a62446148bd854b14,69fded2162446148bd8491b6,Creative Nails / Steven Lam & Bang Nguyen,69fdef0303a2257cd27d83e8,3rd074 - Keystone Plaza Shopping Center {Larbre Family Trust},evidenceOfInsurance,Evidence of Insurance,6ac20aae-5728-5d57-b364-aeba38527dba,Additional Requirements,e1017741-e47e-5f58-97b8-fbc3043e919f,Umbrella follows form over General Liability,"---prompt---
Determine if the Umbrella/Excess Liability policy follows form to the underlying policies. Evidence may include: language in the Description of Operations section stating the umbrella follows form to underlying coverages or an additional page endorsement stating that it follows form. Follow form means the umbrella policy adopts the same terms, conditions, and exclusions as the underlying policies.",matchOnce,must be present,,,non_compliant,Block Requirements,,,true,0,,2026-08-16
"Block Real Estate Services, LLC",69fdf74a62446148bd854b14,69fded2162446148bd8491b6,Creative Nails / Steven Lam & Bang Nguyen,69fdef0303a2257cd27d83e8,3rd074 - Keystone Plaza Shopping Center {Larbre Family Trust},evidenceOfInsurance,Evidence of Insurance,6ac20aae-5728-5d57-b364-aeba38527dba,Additional Requirements,2cdd866f-c9a4-576a-afd8-1d045762790c,"The location must be listed as: 1602-1610 S. MO 7 Highway, Blue Springs, MO, 64014","---prompt---
Determine if the Description of Operations or the Additional Remarks Schedule section states the location indicated in value field",matchOnce,must be present,,,non_compliant,Block Requirements,,,true,0,,2026-08-16
"Block Real Estate Services, LLC",69fdf74a62446148bd854b14,69fded2162446148bd8491b6,Creative Nails / Steven Lam & Bang Nguyen,69fdef0303a2257cd27d83e8,3rd074 - Keystone Plaza Shopping Center {Larbre Family Trust},evidenceOfInsurance,Evidence of Insurance,6ac20aae-5728-5d57-b364-aeba38527dba,Additional Requirements,3649e9d1-4e09-59bf-8f30-cb33c40cf117,"Certificate Holder must read: c/o Block Real Estate Services, LLC, 4622 Pennsylvania St., Suite 700, Kansas City, MO, 64112",,matchOnce,must be present,,,non_compliant,Block Requirements,,,true,0,,2026-08-16
"Block Real Estate Services, LLC",69fdf74a62446148bd854b12,69fded1e62446148bd849096,"Pizza Hut of America, Inc.",69fdef0303a2257cd27d83e8,3rd074 - Keystone Plaza Shopping Center {Larbre Family Trust},evidenceOfInsurance,Evidence of Insurance,commercialGeneralLiability,Commercial General Liability,evidenceOfInsuranceCommercialGeneralLiabilityCoverageTriggerOccurrence,Coverage Trigger: Occurrence,,matchOnce,must be present,,Present,compliant,Block Requirements,,,false,1,,2026-08-16
"Block Real Estate Services, LLC",69fdf74a62446148bd854b12,69fded1e62446148bd849096,"Pizza Hut of America, Inc.",69fdef0303a2257cd27d83e8,3rd074 - Keystone Plaza Shopping Center {Larbre Family Trust},evidenceOfInsurance,Evidence of Insurance,commercialGeneralLiability,Commercial General Liability,evidenceOfInsuranceCommercialGeneralLiabilityGeneralAggregateLimitAppliesPerLocation,General Aggregate Limit Applies per: Location,,matchOnce,must be present,,,non_compliant,Block Requirements,,,false,0,,2026-08-16
"Block Real Estate Services, LLC",69fdf74a62446148bd854b12,69fded1e62446148bd849096,"Pizza Hut of America, Inc.",69fdef0303a2257cd27d83e8,3rd074 - Keystone Plaza Shopping Center {Larbre Family Trust},evidenceOfInsurance,Evidence of Insurance,commercialGeneralLiability,Commercial General Liability,evidenceOfInsuranceCommercialGeneralLiabilityEachOccurrence,Each Occurrence,,matchOnce,must be greater or equal to,1000000,2000000,compliant,Block Requirements,,,false,1,,2026-08-16
"Block Real Estate Services, LLC",69fdf74a62446148bd854b12,69fded1e62446148bd849096,"Pizza Hut of America, Inc.",69fdef0303a2257cd27d83e8,3rd074 - Keystone Plaza Shopping Center {Larbre Family Trust},evidenceOfInsurance,Evidence of Insurance,commercialGeneralLiability,Commercial General Liability,evidenceOfInsuranceCommercialGeneralLiabilityGeneralAggregate,General Aggregate,,matchOnce,must be greater or equal to,2000000,15000000,compliant,Block Requirements,,,false,1,,2026-08-16
"Block Real Estate Services, LLC",69fdf74a62446148bd854b12,69fded1e62446148bd849096,"Pizza Hut of America, Inc.",69fdef0303a2257cd27d83e8,3rd074 - Keystone Plaza Shopping Center {Larbre Family Trust},evidenceOfInsurance,Evidence of Insurance,commercialGeneralLiability,Commercial General Liability,evidenceOfInsuranceCommercialGeneralLiabilityWaiverOfSubrogationEndorsement,Waiver of Subrogation,"---prompt---
Determine if the insurer has waived their right of subrogation in favor of the certificate holder under the Commercial General Liability policy. Evidence may include: a checked ""Waiver of Subrogation"" box on the certificate, mention in the Description of Operations section stating ""waiver of subrogation applies"", or reference to form CG 24 04. Look for language like ""subrogation is waived"" or ""per written contract"".",matchOnce,must be present,,Present,compliant,Block Requirements,,,false,1,,2026-08-16
"Block Real Estate Services, LLC",69fdf74a62446148bd854b12,69fded1e62446148bd849096,"Pizza Hut of America, Inc.",69fdef0303a2257cd27d83e8,3rd074 - Keystone Plaza Shopping Center {Larbre Family Trust},evidenceOfInsurance,Evidence of Insurance,excessOrUmbrellaLiability,Umbrella/Excess Liability,evidenceOfInsuranceExcessOrUmbrellaLiabilityOccurence,Coverage Trigger: Occurrence,,matchOnce,must be present,,Present,compliant,Block Requirements,,,false,1,,2026-08-16
"Block Real Estate Services, LLC",69fdf74a62446148bd854b12,69fded1e62446148bd849096,"Pizza Hut of America, Inc.",69fdef0303a2257cd27d83e8,3rd074 - Keystone Plaza Shopping Center {Larbre Family Trust},evidenceOfInsurance,Evidence of Insurance,excessOrUmbrellaLiability,Umbrella/Excess Liability,evidenceOfInsuranceExcessOrUmbrellaLiabilityEachOccurrence,Each Occurrence,,matchOnce,must be greater or equal to,1000000,5000000,compliant,Block Requirements,,,false,1,,2026-08-16
"Block Real Estate Services, LLC",69fdf74a62446148bd854b12,69fded1e62446148bd849096,"Pizza Hut of America, Inc.",69fdef0303a2257cd27d83e8,3rd074 - Keystone Plaza Shopping Center {Larbre Family Trust},evidenceOfInsurance,Evidence of Insurance,excessOrUmbrellaLiability,Umbrella/Excess Liability,evidenceOfInsuranceExcessOrUmbrellaLiabilityAggregate,Aggregate,,matchOnce,must be greater or equal to,1000000,5000000,compliant,Block Requirements,,,false,1,,2026-08-16
"Block Real Estate Services, LLC",69fdf74a62446148bd854b12,69fded1e62446148bd849096,"Pizza Hut of America, Inc.",69fdef0303a2257cd27d83e8,3rd074 - Keystone Plaza Shopping Center {Larbre Family Trust},evidenceOfInsurance,Evidence of Insurance,workersCompensation,Workers' Compensation and Employer's Liability,evidenceOfInsuranceWorkersCompensationStatutoryLimits,Statutory Limits,,matchOnce,must be present,,Present,compliant,Block Requirements,,,false,1,,2026-08-16
"Block Real Estate Services, LLC",69fdf74a62446148bd854b12,69fded1e62446148bd849096,"Pizza Hut of America, Inc.",69fdef0303a2257cd27d83e8,3rd074 - Keystone Plaza Shopping Center {Larbre Family Trust},evidenceOfInsurance,Evidence of Insurance,workersCompensation,Workers' Compensation and Employer's Liability,evidenceOfInsuranceWorkersCompensationEmployersLiabilityEachAccident,Employer's Liability Each Accident,,matchOnce,must be greater or equal to,500000,1000000,compliant,Block Requirements,,,false,1,,2026-08-16
"Block Real Estate Services, LLC",69fdf74a62446148bd854b12,69fded1e62446148bd849096,"Pizza Hut of America, Inc.",69fdef0303a2257cd27d83e8,3rd074 - Keystone Plaza Shopping Center {Larbre Family Trust},evidenceOfInsurance,Evidence of Insurance,workersCompensation,Workers' Compensation and Employer's Liability,evidenceOfInsuranceWorkersCompensationEmployersLiabilityDiseaseEachEmployee,Employer's Liability Disease - each employee,,matchOnce,must be greater or equal to,500000,1000000,compliant,Block Requirements,,,false,1,,2026-08-16
"Block Real Estate Services, LLC",69fdf74a62446148bd854b12,69fded1e62446148bd849096,"Pizza Hut of America, Inc.",69fdef0303a2257cd27d83e8,3rd074 - Keystone Plaza Shopping Center {Larbre Family Trust},evidenceOfInsurance,Evidence of Insurance,workersCompensation,Workers' Compensation and Employer's Liability,evidenceOfInsuranceWorkersCompensationEmployersLiabilityDiseasePolicyLimit,Employer's Liability Disease - policy limit,,matchOnce,must be greater or equal to,500000,1000000,compliant,Block Requirements,,,false,1,,2026-08-16
"Block Real Estate Services, LLC",69fdf74a62446148bd854b12,69fded1e62446148bd849096,"Pizza Hut of America, Inc.",69fdef0303a2257cd27d83e8,3rd074 - Keystone Plaza Shopping Center {Larbre Family Trust},evidenceOfInsurance,Evidence of Insurance,workersCompensation,Workers' Compensation and Employer's Liability,evidenceOfInsuranceWorkersCompensationWaiverOfSubrogationEndorsement,Waiver of Subrogation,"---prompt---
Determine if the insurer has waived their right of subrogation in favor of the certificate holder under the Workers' Compensation policy. Evidence may include: a checked ""Waiver of Subrogation"" box on the certificate, mention in the Description of Operations section stating ""waiver of subrogation applies"", or reference to form WC 00 03 13. Look for language like ""subrogation is waived"" or ""per written contract"".",matchOnce,must be present,,,non_compliant,Block Requirements,,,false,0,,2026-08-16
"Block Real Estate Services, LLC",69fdf74a62446148bd854b12,69fded1e62446148bd849096,"Pizza Hut of America, Inc.",69fdef0303a2257cd27d83e8,3rd074 - Keystone Plaza Shopping Center {Larbre Family Trust},evidenceOfInsurance,Evidence of Insurance,6ac20aae-5728-5d57-b364-aeba38527dba,Additional Requirements,4da5b0f1-4c9d-5885-8cf8-5d3cccaed3e0,"Block Real Estate Services, LLC and all others required by contract are named as Additional Insureds","---prompt---
Determine if the Description of Operations or the Additional Remarks Schedule section states the ""Additional Insured as Construction Management, Inc. and all others required by contract"" or reference to blanket additional insured coverage. Look for language like ""certificate holder is additional insured"" or ""per written contract"".",matchOnce,must be present,,,non_compliant,Block Requirements,,,true,0,,2026-08-16
"Block Real Estate Services, LLC",69fdf74a62446148bd854b12,69fded1e62446148bd849096,"Pizza Hut of America, Inc.",69fdef0303a2257cd27d83e8,3rd074 - Keystone Plaza Shopping Center {Larbre Family Trust},evidenceOfInsurance,Evidence of Insurance,6ac20aae-5728-5d57-b364-aeba38527dba,Additional Requirements,e1017741-e47e-5f58-97b8-fbc3043e919f,Umbrella follows form over General Liability,"---prompt---
Determine if the Umbrella/Excess Liability policy follows form to the underlying policies. Evidence may include: language in the Description of Operations section stating the umbrella follows form to underlying coverages or an additional page endorsement stating that it follows form. Follow form means the umbrella policy adopts the same terms, conditions, and exclusions as the underlying policies.",matchOnce,must be present,,,non_compliant,Block Requirements,,,true,0,,2026-08-16
"Block Real Estate Services, LLC",69fdf74a62446148bd854b12,69fded1e62446148bd849096,"Pizza Hut of America, Inc.",69fdef0303a2257cd27d83e8,3rd074 - Keystone Plaza Shopping Center {Larbre Family Trust},evidenceOfInsurance,Evidence of Insurance,6ac20aae-5728-5d57-b364-aeba38527dba,Additional Requirements,2cdd866f-c9a4-576a-afd8-1d045762790c,"The location must be listed as: 1626 S. MO 7 Highway, Blue Springs, MO, 64014","---prompt---
Determine if the Description of Operations or the Additional Remarks Schedule section states the location indicated in value field",matchOnce,must be present,,,non_compliant,Block Requirements,,,true,0,,2026-08-16
"Block Real Estate Services, LLC",69fdf74a62446148bd854b12,69fded1e62446148bd849096,"Pizza Hut of America, Inc.",69fdef0303a2257cd27d83e8,3rd074 - Keystone Plaza Shopping Center {Larbre Family Trust},evidenceOfInsurance,Evidence of Insurance,6ac20aae-5728-5d57-b364-aeba38527dba,Additional Requirements,3649e9d1-4e09-59bf-8f30-cb33c40cf117,"Certificate Holder must read: c/o Block Real Estate Services, LLC, 4622 Pennsylvania St., Suite 700, Kansas City, MO, 64112",,matchOnce,must be present,,Present,compliant,Block Requirements,,,true,1,,2026-08-16
"Block Real Estate Services, LLC",69fdf74a62446148bd854b0d,69fded0f62446148bd848bce,"Saturday Morning Bazaar / Bazaar Collectibles, LLC",69fdef0303a2257cd27d83e8,3rd074 - Keystone Plaza Shopping Center {Larbre Family Trust},evidenceOfInsurance,Evidence of Insurance,commercialGeneralLiability,Commercial General Liability,evidenceOfInsuranceCommercialGeneralLiabilityCoverageTriggerOccurrence,Coverage Trigger: Occurrence,,matchOnce,must be present,,Present,compliant,Block Requirements,,,false,1,,2026-08-16
"Block Real Estate Services, LLC",69fdf74a62446148bd854b0d,69fded0f62446148bd848bce,"Saturday Morning Bazaar / Bazaar Collectibles, LLC",69fdef0303a2257cd27d83e8,3rd074 - Keystone Plaza Shopping Center {Larbre Family Trust},evidenceOfInsurance,Evidence of Insurance,commercialGeneralLiability,Commercial General Liability,evidenceOfInsuranceCommercialGeneralLiabilityGeneralAggregateLimitAppliesPerLocation,General Aggregate Limit Applies per: Location,,matchOnce,must be present,,,non_compliant,Block Requirements,,,false,0,,2026-08-16
"Block Real Estate Services, LLC",69fdf74a62446148bd854b0d,69fded0f62446148bd848bce,"Saturday Morning Bazaar / Bazaar Collectibles, LLC",69fdef0303a2257cd27d83e8,3rd074 - Keystone Plaza Shopping Center {Larbre Family Trust},evidenceOfInsurance,Evidence of Insurance,commercialGeneralLiability,Commercial General Liability,evidenceOfInsuranceCommercialGeneralLiabilityEachOccurrence,Each Occurrence,,matchOnce,must be greater or equal to,1000000,2000000,compliant,Block Requirements,,,false,1,,2026-08-16
"Block Real Estate Services, LLC",69fdf74a62446148bd854b0d,69fded0f62446148bd848bce,"Saturday Morning Bazaar / Bazaar Collectibles, LLC",69fdef0303a2257cd27d83e8,3rd074 - Keystone Plaza Shopping Center {Larbre Family Trust},evidenceOfInsurance,Evidence of Insurance,commercialGeneralLiability,Commercial General Liability,evidenceOfInsuranceCommercialGeneralLiabilityGeneralAggregate,General Aggregate,,matchOnce,must be greater or equal to,2000000,4000000,compliant,Block Requirements,,,false,1,,2026-08-16
"Block Real Estate Services, LLC",69fdf74a62446148bd854b0d,69fded0f62446148bd848bce,"Saturday Morning Bazaar / Bazaar Collectibles, LLC",69fdef0303a2257cd27d83e8,3rd074 - Keystone Plaza Shopping Center {Larbre Family Trust},evidenceOfInsurance,Evidence of Insurance,commercialGeneralLiability,Commercial General Liability,evidenceOfInsuranceCommercialGeneralLiabilityWaiverOfSubrogationEndorsement,Waiver of Subrogation,"---prompt---
Determine if the insurer has waived their right of subrogation in favor of the certificate holder under the Commercial General Liability policy. Evidence may include: a checked ""Waiver of Subrogation"" box on the certificate, mention in the Description of Operations section stating ""waiver of subrogation applies"", or reference to form CG 24 04. Look for language like ""subrogation is waived"" or ""per written contract"".",matchOnce,must be present,,,non_compliant,Block Requirements,,,false,0,,2026-08-16
"Block Real Estate Services, LLC",69fdf74a62446148bd854b0d,69fded0f62446148bd848bce,"Saturday Morning Bazaar / Bazaar Collectibles, LLC",69fdef0303a2257cd27d83e8,3rd074 - Keystone Plaza Shopping Center {Larbre Family Trust},evidenceOfInsurance,Evidence of Insurance,excessOrUmbrellaLiability,Umbrella/Excess Liability,evidenceOfInsuranceExcessOrUmbrellaLiabilityOccurence,Coverage Trigger: Occurrence,,matchOnce,must be present,,,waived,Block Requirements,,,false,0,,2026-08-16
"Block Real Estate Services, LLC",69fdf74a62446148bd854b0d,69fded0f62446148bd848bce,"Saturday Morning Bazaar / Bazaar Collectibles, LLC",69fdef0303a2257cd27d83e8,3rd074 - Keystone Plaza Shopping Center {Larbre Family Trust},evidenceOfInsurance,Evidence of Insurance,excessOrUmbrellaLiability,Umbrella/Excess Liability,evidenceOfInsuranceExcessOrUmbrellaLiabilityEachOccurrence,Each Occurrence,,matchOnce,must be greater or equal to,1000000,,waived,Block Requirements,,,false,0,,2026-08-16
"Block Real Estate Services, LLC",69fdf74a62446148bd854b0d,69fded0f62446148bd848bce,"Saturday Morning Bazaar / Bazaar Collectibles, LLC",69fdef0303a2257cd27d83e8,3rd074 - Keystone Plaza Shopping Center {Larbre Family Trust},evidenceOfInsurance,Evidence of Insurance,excessOrUmbrellaLiability,Umbrella/Excess Liability,evidenceOfInsuranceExcessOrUmbrellaLiabilityAggregate,Aggregate,,matchOnce,must be greater or equal to,1000000,,waived,Block Requirements,,,false,0,,2026-08-16
"Block Real Estate Services, LLC",69fdf74a62446148bd854b0d,69fded0f62446148bd848bce,"Saturday Morning Bazaar / Bazaar Collectibles, LLC",69fdef0303a2257cd27d83e8,3rd074 - Keystone Plaza Shopping Center {Larbre Family Trust},evidenceOfInsurance,Evidence of Insurance,workersCompensation,Workers' Compensation and Employer's Liability,evidenceOfInsuranceWorkersCompensationStatutoryLimits,Statutory Limits,,matchOnce,must be present,,,non_compliant,Block Requirements,,,false,0,,2026-08-16
"Block Real Estate Services, LLC",69fdf74a62446148bd854b0d,69fded0f62446148bd848bce,"Saturday Morning Bazaar / Bazaar Collectibles, LLC",69fdef0303a2257cd27d83e8,3rd074 - Keystone Plaza Shopping Center {Larbre Family Trust},evidenceOfInsurance,Evidence of Insurance,workersCompensation,Workers' Compensation and Employer's Liability,evidenceOfInsuranceWorkersCompensationEmployersLiabilityEachAccident,Employer's Liability Each Accident,,matchOnce,must be greater or equal to,500000,,non_compliant,Block Requirements,,,false,0,,2026-08-16
"Block Real Estate Services, LLC",69fdf74a62446148bd854b0d,69fded0f62446148bd848bce,"Saturday Morning Bazaar / Bazaar Collectibles, LLC",69fdef0303a2257cd27d83e8,3rd074 - Keystone Plaza Shopping Center {Larbre Family Trust},evidenceOfInsurance,Evidence of Insurance,workersCompensation,Workers' Compensation and Employer's Liability,evidenceOfInsuranceWorkersCompensationEmployersLiabilityDiseaseEachEmployee,Employer's Liability Disease - each employee,,matchOnce,must be greater or equal to,500000,,non_compliant,Block Requirements,,,false,0,,2026-08-16
"Block Real Estate Services, LLC",69fdf74a62446148bd854b0d,69fded0f62446148bd848bce,"Saturday Morning Bazaar / Bazaar Collectibles, LLC",69fdef0303a2257cd27d83e8,3rd074 - Keystone Plaza Shopping Center {Larbre Family Trust},evidenceOfInsurance,Evidence of Insurance,workersCompensation,Workers' Compensation and Employer's Liability,evidenceOfInsuranceWorkersCompensationEmployersLiabilityDiseasePolicyLimit,Employer's Liability Disease - policy limit,,matchOnce,must be greater or equal to,500000,,non_compliant,Block Requirements,,,false,0,,2026-08-16
"Block Real Estate Services, LLC",69fdf74a62446148bd854b0d,69fded0f62446148bd848bce,"Saturday Morning Bazaar / Bazaar Collectibles, LLC",69fdef0303a2257cd27d83e8,3rd074 - Keystone Plaza Shopping Center {Larbre Family Trust},evidenceOfInsurance,Evidence of Insurance,workersCompensation,Workers' Compensation and Employer's Liability,evidenceOfInsuranceWorkersCompensationWaiverOfSubrogationEndorsement,Waiver of Subrogation,"---prompt---
Determine if the insurer has waived their right of subrogation in favor of the certificate holder under the Workers' Compensation policy. Evidence may include: a checked ""Waiver of Subrogation"" box on the certificate, mention in the Description of Operations section stating ""waiver of subrogation applies"", or reference to form WC 00 03 13. Look for language like ""subrogation is waived"" or ""per written contract"".",matchOnce,must be present,,,non_compliant,Block Requirements,,,false,0,,2026-08-16
"Block Real Estate Services, LLC",69fdf74a62446148bd854b0d,69fded0f62446148bd848bce,"Saturday Morning Bazaar / Bazaar Collectibles, LLC",69fdef0303a2257cd27d83e8,3rd074 - Keystone Plaza Shopping Center {Larbre Family Trust},evidenceOfInsurance,Evidence of Insurance,6ac20aae-5728-5d57-b364-aeba38527dba,Additional Requirements,4da5b0f1-4c9d-5885-8cf8-5d3cccaed3e0,"Block Real Estate Services, LLC and all others required by contract are named as Additional Insureds","---prompt---
Determine if the Description of Operations or the Additional Remarks Schedule section states the ""Additional Insured as Construction Management, Inc. and all others required by contract"" or reference to blanket additional insured coverage. Look for language like ""certificate holder is additional insured"" or ""per written contract"".",matchOnce,must be present,,Present,compliant,Block Requirements,,,true,1,,2026-08-16
"Block Real Estate Services, LLC",69fdf74a62446148bd854b0d,69fded0f62446148bd848bce,"Saturday Morning Bazaar / Bazaar Collectibles, LLC",69fdef0303a2257cd27d83e8,3rd074 - Keystone Plaza Shopping Center {Larbre Family Trust},evidenceOfInsurance,Evidence of Insurance,6ac20aae-5728-5d57-b364-aeba38527dba,Additional Requirements,e1017741-e47e-5f58-97b8-fbc3043e919f,Umbrella follows form over General Liability,"---prompt---
Determine if the Umbrella/Excess Liability policy follows form to the underlying policies. Evidence may include: language in the Description of Operations section stating the umbrella follows form to underlying coverages or an additional page endorsement stating that it follows form. Follow form means the umbrella policy adopts the same terms, conditions, and exclusions as the underlying policies.",matchOnce,must be present,,,waived,Block Requirements,Umbrella requirements waived,,true,0,2027-04-16,2026-08-16
"Block Real Estate Services, LLC",69fdf74a62446148bd854b0d,69fded0f62446148bd848bce,"Saturday Morning Bazaar / Bazaar Collectibles, LLC",69fdef0303a2257cd27d83e8,3rd074 - Keystone Plaza Shopping Center {Larbre Family Trust},evidenceOfInsurance,Evidence of Insurance,6ac20aae-5728-5d57-b364-aeba38527dba,Additional Requirements,2cdd866f-c9a4-576a-afd8-1d045762790c,"The location must be listed as: 1722 S. MO 7 Highway, Blue Springs, MO, 64014","---prompt---
Determine if the Description of Operations or the Additional Remarks Schedule section states the location indicated in value field",matchOnce,must be present,,Present,compliant,Block Requirements,,,true,1,,2026-08-16
"Block Real Estate Services, LLC",69fdf74a62446148bd854b0d,69fded0f62446148bd848bce,"Saturday Morning Bazaar / Bazaar Collectibles, LLC",69fdef0303a2257cd27d83e8,3rd074 - Keystone Plaza Shopping Center {Larbre Family Trust},evidenceOfInsurance,Evidence of Insurance,6ac20aae-5728-5d57-b364-aeba38527dba,Additional Requirements,3649e9d1-4e09-59bf-8f30-cb33c40cf117,"Certificate Holder must read: c/o Block Real Estate Services, LLC, 4622 Pennsylvania St., Suite 700, Kansas City, MO, 64112",,matchOnce,must be present,,,non_compliant,Block Requirements,,,true,0,,2026-08-16
"Block Real Estate Services, LLC",69fdf74a62446148bd854b0f,69fded1162446148bd848c73,Triple Black Tattoo / Chris Keegan,69fdef0303a2257cd27d83e8,3rd074 - Keystone Plaza Shopping Center {Larbre Family Trust},evidenceOfInsurance,Evidence of Insurance,commercialGeneralLiability,Commercial General Liability,evidenceOfInsuranceCommercialGeneralLiabilityCoverageTriggerOccurrence,Coverage Trigger: Occurrence,,matchOnce,must be present,,,non_compliant,Block Requirements,,,false,0,,2026-08-16
"Block Real Estate Services, LLC",69fdf74a62446148bd854b0f,69fded1162446148bd848c73,Triple Black Tattoo / Chris Keegan,69fdef0303a2257cd27d83e8,3rd074 - Keystone Plaza Shopping Center {Larbre Family Trust},evidenceOfInsurance,Evidence of Insurance,commercialGeneralLiability,Commercial General Liability,evidenceOfInsuranceCommercialGeneralLiabilityGeneralAggregateLimitAppliesPerLocation,General Aggregate Limit Applies per: Location,,matchOnce,must be present,,,non_compliant,Block Requirements,,,false,0,,2026-08-16
"Block Real Estate Services, LLC",69fdf74a62446148bd854b0f,69fded1162446148bd848c73,Triple Black Tattoo / Chris Keegan,69fdef0303a2257cd27d83e8,3rd074 - Keystone Plaza Shopping Center {Larbre Family Trust},evidenceOfInsurance,Evidence of Insurance,commercialGeneralLiability,Commercial General Liability,evidenceOfInsuranceCommercialGeneralLiabilityEachOccurrence,Each Occurrence,,matchOnce,must be greater or equal to,1000000,,non_compliant,Block Requirements,,,false,0,,2026-08-16
"Block Real Estate Services, LLC",69fdf74a62446148bd854b0f,69fded1162446148bd848c73,Triple Black Tattoo / Chris Keegan,69fdef0303a2257cd27d83e8,3rd074 - Keystone Plaza Shopping Center {Larbre Family Trust},evidenceOfInsurance,Evidence of Insurance,commercialGeneralLiability,Commercial General Liability,evidenceOfInsuranceCommercialGeneralLiabilityGeneralAggregate,General Aggregate,,matchOnce,must be greater or equal to,2000000,,non_compliant,Block Requirements,,,false,0,,2026-08-16
"Block Real Estate Services, LLC",69fdf74a62446148bd854b0f,69fded1162446148bd848c73,Triple Black Tattoo / Chris Keegan,69fdef0303a2257cd27d83e8,3rd074 - Keystone Plaza Shopping Center {Larbre Family Trust},evidenceOfInsurance,Evidence of Insurance,commercialGeneralLiability,Commercial General Liability,evidenceOfInsuranceCommercialGeneralLiabilityWaiverOfSubrogationEndorsement,Waiver of Subrogation,"---prompt---
Determine if the insurer has waived their right of subrogation in favor of the certificate holder under the Commercial General Liability policy. Evidence may include: a checked ""Waiver of Subrogation"" box on the certificate, mention in the Description of Operations section stating ""waiver of subrogation applies"", or reference to form CG 24 04. Look for language like ""subrogation is waived"" or ""per written contract"".",matchOnce,must be present,,,non_compliant,Block Requirements,,,false,0,,2026-08-16
"Block Real Estate Services, LLC",69fdf74a62446148bd854b0f,69fded1162446148bd848c73,Triple Black Tattoo / Chris Keegan,69fdef0303a2257cd27d83e8,3rd074 - Keystone Plaza Shopping Center {Larbre Family Trust},evidenceOfInsurance,Evidence of Insurance,excessOrUmbrellaLiability,Umbrella/Excess Liability,evidenceOfInsuranceExcessOrUmbrellaLiabilityOccurence,Coverage Trigger: Occurrence,,matchOnce,must be present,,,non_compliant,Block Requirements,,,false,0,,2026-08-16
"Block Real Estate Services, LLC",69fdf74a62446148bd854b0f,69fded1162446148bd848c73,Triple Black Tattoo / Chris Keegan,69fdef0303a2257cd27d83e8,3rd074 - Keystone Plaza Shopping Center {Larbre Family Trust},evidenceOfInsurance,Evidence of Insurance,excessOrUmbrellaLiability,Umbrella/Excess Liability,evidenceOfInsuranceExcessOrUmbrellaLiabilityEachOccurrence,Each Occurrence,,matchOnce,must be greater or equal to,1000000,,non_compliant,Block Requirements,,,false,0,,2026-08-16
"Block Real Estate Services, LLC",69fdf74a62446148bd854b0f,69fded1162446148bd848c73,Triple Black Tattoo / Chris Keegan,69fdef0303a2257cd27d83e8,3rd074 - Keystone Plaza Shopping Center {Larbre Family Trust},evidenceOfInsurance,Evidence of Insurance,excessOrUmbrellaLiability,Umbrella/Excess Liability,evidenceOfInsuranceExcessOrUmbrellaLiabilityAggregate,Aggregate,,matchOnce,must be greater or equal to,1000000,,non_compliant,Block Requirements,,,false,0,,2026-08-16
"Block Real Estate Services, LLC",69fdf74a62446148bd854b0f,69fded1162446148bd848c73,Triple Black Tattoo / Chris Keegan,69fdef0303a2257cd27d83e8,3rd074 - Keystone Plaza Shopping Center {Larbre Family Trust},evidenceOfInsurance,Evidence of Insurance,workersCompensation,Workers' Compensation and Employer's Liability,evidenceOfInsuranceWorkersCompensationStatutoryLimits,Statutory Limits,,matchOnce,must be present,,,non_compliant,Block Requirements,,,false,0,,2026-08-16
"Block Real Estate Services, LLC",69fdf74a62446148bd854b0f,69fded1162446148bd848c73,Triple Black Tattoo / Chris Keegan,69fdef0303a2257cd27d83e8,3rd074 - Keystone Plaza Shopping Center {Larbre Family Trust},evidenceOfInsurance,Evidence of Insurance,workersCompensation,Workers' Compensation and Employer's Liability,evidenceOfInsuranceWorkersCompensationEmployersLiabilityEachAccident,Employer's Liability Each Accident,,matchOnce,must be greater or equal to,500000,,non_compliant,Block Requirements,,,false,0,,2026-08-16
"Block Real Estate Services, LLC",69fdf74a62446148bd854b0f,69fded1162446148bd848c73,Triple Black Tattoo / Chris Keegan,69fdef0303a2257cd27d83e8,3rd074 - Keystone Plaza Shopping Center {Larbre Family Trust},evidenceOfInsurance,Evidence of Insurance,workersCompensation,Workers' Compensation and Employer's Liability,evidenceOfInsuranceWorkersCompensationEmployersLiabilityDiseaseEachEmployee,Employer's Liability Disease - each employee,,matchOnce,must be greater or equal to,500000,,non_compliant,Block Requirements,,,false,0,,2026-08-16
"Block Real Estate Services, LLC",69fdf74a62446148bd854b0f,69fded1162446148bd848c73,Triple Black Tattoo / Chris Keegan,69fdef0303a2257cd27d83e8,3rd074 - Keystone Plaza Shopping Center {Larbre Family Trust},evidenceOfInsurance,Evidence of Insurance,workersCompensation,Workers' Compensation and Employer's Liability,evidenceOfInsuranceWorkersCompensationEmployersLiabilityDiseasePolicyLimit,Employer's Liability Disease - policy limit,,matchOnce,must be greater or equal to,500000,,non_compliant,Block Requirements,,,false,0,,2026-08-16
"Block Real Estate Services, LLC",69fdf74a62446148bd854b0f,69fded1162446148bd848c73,Triple Black Tattoo / Chris Keegan,69fdef0303a2257cd27d83e8,3rd074 - Keystone Plaza Shopping Center {Larbre Family Trust},evidenceOfInsurance,Evidence of Insurance,workersCompensation,Workers' Compensation and Employer's Liability,evidenceOfInsuranceWorkersCompensationWaiverOfSubrogationEndorsement,Waiver of Subrogation,"---prompt---
Determine if the insurer has waived their right of subrogation in favor of the certificate holder under the Workers' Compensation policy. Evidence may include: a checked ""Waiver of Subrogation"" box on the certificate, mention in the Description of Operations section stating ""waiver of subrogation applies"", or reference to form WC 00 03 13. Look for language like ""subrogation is waived"" or ""per written contract"".",matchOnce,must be present,,,non_compliant,Block Requirements,,,false,0,,2026-08-16
"Block Real Estate Services, LLC",69fdf74a62446148bd854b0f,69fded1162446148bd848c73,Triple Black Tattoo / Chris Keegan,69fdef0303a2257cd27d83e8,3rd074 - Keystone Plaza Shopping Center {Larbre Family Trust},evidenceOfInsurance,Evidence of Insurance,6ac20aae-5728-5d57-b364-aeba38527dba,Additional Requirements,4da5b0f1-4c9d-5885-8cf8-5d3cccaed3e0,"Block Real Estate Services, LLC and all others required by contract are named as Additional Insureds","---prompt---
Determine if the Description of Operations or the Additional Remarks Schedule section states the ""Additional Insured as Construction Management, Inc. and all others required by contract"" or reference to blanket additional insured coverage. Look for language like ""certificate holder is additional insured"" or ""per written contract"".",matchOnce,must be present,,,non_compliant,Block Requirements,,,true,0,,2026-08-16
"Block Real Estate Services, LLC",69fdf74a62446148bd854b0f,69fded1162446148bd848c73,Triple Black Tattoo / Chris Keegan,69fdef0303a2257cd27d83e8,3rd074 - Keystone Plaza Shopping Center {Larbre Family Trust},evidenceOfInsurance,Evidence of Insurance,6ac20aae-5728-5d57-b364-aeba38527dba,Additional Requirements,e1017741-e47e-5f58-97b8-fbc3043e919f,Umbrella follows form over General Liability,"---prompt---
Determine if the Umbrella/Excess Liability policy follows form to the underlying policies. Evidence may include: language in the Description of Operations section stating the umbrella follows form to underlying coverages or an additional page endorsement stating that it follows form. Follow form means the umbrella policy adopts the same terms, conditions, and exclusions as the underlying policies.",matchOnce,must be present,,,non_compliant,Block Requirements,,,true,0,,2026-08-16
"Block Real Estate Services, LLC",69fdf74a62446148bd854b0f,69fded1162446148bd848c73,Triple Black Tattoo / Chris Keegan,69fdef0303a2257cd27d83e8,3rd074 - Keystone Plaza Shopping Center {Larbre Family Trust},evidenceOfInsurance,Evidence of Insurance,6ac20aae-5728-5d57-b364-aeba38527dba,Additional Requirements,2cdd866f-c9a4-576a-afd8-1d045762790c,"The location must be listed as: 1706 S. MO 7 Highway, Blue Springs, MO, 64014","---prompt---
Determine if the Description of Operations or the Additional Remarks Schedule section states the location indicated in value field",matchOnce,must be present,,,non_compliant,Block Requirements,,,true,0,,2026-08-16
"Block Real Estate Services, LLC",69fdf74a62446148bd854b0f,69fded1162446148bd848c73,Triple Black Tattoo / Chris Keegan,69fdef0303a2257cd27d83e8,3rd074 - Keystone Plaza Shopping Center {Larbre Family Trust},evidenceOfInsurance,Evidence of Insurance,6ac20aae-5728-5d57-b364-aeba38527dba,Additional Requirements,3649e9d1-4e09-59bf-8f30-cb33c40cf117,"Certificate Holder must read: c/o Block Real Estate Services, LLC, 4622 Pennsylvania St., Suite 700, Kansas City, MO, 64112",,matchOnce,must be present,,,non_compliant,Block Requirements,,,true,0,,2026-08-16
"Block Real Estate Services, LLC",6a199d7ef4ee7eaade978fa3,6a199d6fabae685b1c514ece,CB Smoothie Supps LLC,69fdef0303a2257cd27d83e8,3rd074 - Keystone Plaza Shopping Center {Larbre Family Trust},evidenceOfInsurance,Evidence of Insurance,commercialGeneralLiability,Commercial General Liability,evidenceOfInsuranceCommercialGeneralLiabilityCoverageTriggerOccurrence,Coverage Trigger: Occurrence,,matchOnce,must be present,,,non_compliant,Block Requirements,,,false,0,,2026-08-16
"Block Real Estate Services, LLC",6a199d7ef4ee7eaade978fa3,6a199d6fabae685b1c514ece,CB Smoothie Supps LLC,69fdef0303a2257cd27d83e8,3rd074 - Keystone Plaza Shopping Center {Larbre Family Trust},evidenceOfInsurance,Evidence of Insurance,commercialGeneralLiability,Commercial General Liability,evidenceOfInsuranceCommercialGeneralLiabilityGeneralAggregateLimitAppliesPerLocation,General Aggregate Limit Applies per: Location,,matchOnce,must be present,,,non_compliant,Block Requirements,,,false,0,,2026-08-16
"Block Real Estate Services, LLC",6a199d7ef4ee7eaade978fa3,6a199d6fabae685b1c514ece,CB Smoothie Supps LLC,69fdef0303a2257cd27d83e8,3rd074 - Keystone Plaza Shopping Center {Larbre Family Trust},evidenceOfInsurance,Evidence of Insurance,commercialGeneralLiability,Commercial General Liability,evidenceOfInsuranceCommercialGeneralLiabilityEachOccurrence,Each Occurrence,,matchOnce,must be greater or equal to,1000000,,non_compliant,Block Requirements,,,false,0,,2026-08-16
"Block Real Estate Services, LLC",6a199d7ef4ee7eaade978fa3,6a199d6fabae685b1c514ece,CB Smoothie Supps LLC,69fdef0303a2257cd27d83e8,3rd074 - Keystone Plaza Shopping Center {Larbre Family Trust},evidenceOfInsurance,Evidence of Insurance,commercialGeneralLiability,Commercial General Liability,evidenceOfInsuranceCommercialGeneralLiabilityGeneralAggregate,General Aggregate,,matchOnce,must be greater or equal to,2000000,,non_compliant,Block Requirements,,,false,0,,2026-08-16
"Block Real Estate Services, LLC",6a199d7ef4ee7eaade978fa3,6a199d6fabae685b1c514ece,CB Smoothie Supps LLC,69fdef0303a2257cd27d83e8,3rd074 - Keystone Plaza Shopping Center {Larbre Family Trust},evidenceOfInsurance,Evidence of Insurance,commercialGeneralLiability,Commercial General Liability,evidenceOfInsuranceCommercialGeneralLiabilityWaiverOfSubrogationEndorsement,Waiver of Subrogation,"---prompt---
Determine if the insurer has waived their right of subrogation in favor of the certificate holder under the Commercial General Liability policy. Evidence may include: a checked ""Waiver of Subrogation"" box on the certificate, mention in the Description of Operations section stating ""waiver of subrogation applies"", or reference to form CG 24 04. Look for language like ""subrogation is waived"" or ""per written contract"".",matchOnce,must be present,,,non_compliant,Block Requirements,,,false,0,,2026-08-16
"Block Real Estate Services, LLC",6a199d7ef4ee7eaade978fa3,6a199d6fabae685b1c514ece,CB Smoothie Supps LLC,69fdef0303a2257cd27d83e8,3rd074 - Keystone Plaza Shopping Center {Larbre Family Trust},evidenceOfInsurance,Evidence of Insurance,excessOrUmbrellaLiability,Umbrella/Excess Liability,evidenceOfInsuranceExcessOrUmbrellaLiabilityOccurence,Coverage Trigger: Occurrence,,matchOnce,must be present,,,non_compliant,Block Requirements,,,false,0,,2026-08-16
"Block Real Estate Services, LLC",6a199d7ef4ee7eaade978fa3,6a199d6fabae685b1c514ece,CB Smoothie Supps LLC,69fdef0303a2257cd27d83e8,3rd074 - Keystone Plaza Shopping Center {Larbre Family Trust},evidenceOfInsurance,Evidence of Insurance,excessOrUmbrellaLiability,Umbrella/Excess Liability,evidenceOfInsuranceExcessOrUmbrellaLiabilityEachOccurrence,Each Occurrence,,matchOnce,must be greater or equal to,1000000,,non_compliant,Block Requirements,,,false,0,,2026-08-16
"Block Real Estate Services, LLC",6a199d7ef4ee7eaade978fa3,6a199d6fabae685b1c514ece,CB Smoothie Supps LLC,69fdef0303a2257cd27d83e8,3rd074 - Keystone Plaza Shopping Center {Larbre Family Trust},evidenceOfInsurance,Evidence of Insurance,excessOrUmbrellaLiability,Umbrella/Excess Liability,evidenceOfInsuranceExcessOrUmbrellaLiabilityAggregate,Aggregate,,matchOnce,must be greater or equal to,1000000,,non_compliant,Block Requirements,,,false,0,,2026-08-16
"Block Real Estate Services, LLC",6a199d7ef4ee7eaade978fa3,6a199d6fabae685b1c514ece,CB Smoothie Supps LLC,69fdef0303a2257cd27d83e8,3rd074 - Keystone Plaza Shopping Center {Larbre Family Trust},evidenceOfInsurance,Evidence of Insurance,workersCompensation,Workers' Compensation and Employer's Liability,evidenceOfInsuranceWorkersCompensationStatutoryLimits,Statutory Limits,,matchOnce,must be present,,,non_compliant,Block Requirements,,,false,0,,2026-08-16
"Block Real Estate Services, LLC",6a199d7ef4ee7eaade978fa3,6a199d6fabae685b1c514ece,CB Smoothie Supps LLC,69fdef0303a2257cd27d83e8,3rd074 - Keystone Plaza Shopping Center {Larbre Family Trust},evidenceOfInsurance,Evidence of Insurance,workersCompensation,Workers' Compensation and Employer's Liability,evidenceOfInsuranceWorkersCompensationEmployersLiabilityEachAccident,Employer's Liability Each Accident,,matchOnce,must be greater or equal to,500000,,non_compliant,Block Requirements,,,false,0,,2026-08-16
"Block Real Estate Services, LLC",6a199d7ef4ee7eaade978fa3,6a199d6fabae685b1c514ece,CB Smoothie Supps LLC,69fdef0303a2257cd27d83e8,3rd074 - Keystone Plaza Shopping Center {Larbre Family Trust},evidenceOfInsurance,Evidence of Insurance,workersCompensation,Workers' Compensation and Employer's Liability,evidenceOfInsuranceWorkersCompensationEmployersLiabilityDiseaseEachEmployee,Employer's Liability Disease - each employee,,matchOnce,must be greater or equal to,500000,,non_compliant,Block Requirements,,,false,0,,2026-08-16
"Block Real Estate Services, LLC",6a199d7ef4ee7eaade978fa3,6a199d6fabae685b1c514ece,CB Smoothie Supps LLC,69fdef0303a2257cd27d83e8,3rd074 - Keystone Plaza Shopping Center {Larbre Family Trust},evidenceOfInsurance,Evidence of Insurance,workersCompensation,Workers' Compensation and Employer's Liability,evidenceOfInsuranceWorkersCompensationEmployersLiabilityDiseasePolicyLimit,Employer's Liability Disease - policy limit,,matchOnce,must be greater or equal to,500000,,non_compliant,Block Requirements,,,false,0,,2026-08-16
"Block Real Estate Services, LLC",6a199d7ef4ee7eaade978fa3,6a199d6fabae685b1c514ece,CB Smoothie Supps LLC,69fdef0303a2257cd27d83e8,3rd074 - Keystone Plaza Shopping Center {Larbre Family Trust},evidenceOfInsurance,Evidence of Insurance,workersCompensation,Workers' Compensation and Employer's Liability,evidenceOfInsuranceWorkersCompensationWaiverOfSubrogationEndorsement,Waiver of Subrogation,"---prompt---
Determine if the insurer has waived their right of subrogation in favor of the certificate holder under the Workers' Compensation policy. Evidence may include: a checked ""Waiver of Subrogation"" box on the certificate, mention in the Description of Operations section stating ""waiver of subrogation applies"", or reference to form WC 00 03 13. Look for language like ""subrogation is waived"" or ""per written contract"".",matchOnce,must be present,,,non_compliant,Block Requirements,,,false,0,,2026-08-16
"Block Real Estate Services, LLC",6a199d7ef4ee7eaade978fa3,6a199d6fabae685b1c514ece,CB Smoothie Supps LLC,69fdef0303a2257cd27d83e8,3rd074 - Keystone Plaza Shopping Center {Larbre Family Trust},evidenceOfInsurance,Evidence of Insurance,6ac20aae-5728-5d57-b364-aeba38527dba,Additional Requirements,4da5b0f1-4c9d-5885-8cf8-5d3cccaed3e0,"Block Real Estate Services, LLC and all others required by contract are named as Additional Insureds","---prompt---
Determine if the Description of Operations or the Additional Remarks Schedule section states the ""Additional Insured as Construction Management, Inc. and all others required by contract"" or reference to blanket additional insured coverage. Look for language like ""certificate holder is additional insured"" or ""per written contract"".",matchOnce,must be present,,,non_compliant,Block Requirements,,,true,0,,2026-08-16
"Block Real Estate Services, LLC",6a199d7ef4ee7eaade978fa3,6a199d6fabae685b1c514ece,CB Smoothie Supps LLC,69fdef0303a2257cd27d83e8,3rd074 - Keystone Plaza Shopping Center {Larbre Family Trust},evidenceOfInsurance,Evidence of Insurance,6ac20aae-5728-5d57-b364-aeba38527dba,Additional Requirements,e1017741-e47e-5f58-97b8-fbc3043e919f,Umbrella follows form over General Liability,"---prompt---
Determine if the Umbrella/Excess Liability policy follows form to the underlying policies. Evidence may include: language in the Description of Operations section stating the umbrella follows form to underlying coverages or an additional page endorsement stating that it follows form. Follow form means the umbrella policy adopts the same terms, conditions, and exclusions as the underlying policies.",matchOnce,must be present,,,non_compliant,Block Requirements,,,true,0,,2026-08-16
"Block Real Estate Services, LLC",6a199d7ef4ee7eaade978fa3,6a199d6fabae685b1c514ece,CB Smoothie Supps LLC,69fdef0303a2257cd27d83e8,3rd074 - Keystone Plaza Shopping Center {Larbre Family Trust},evidenceOfInsurance,Evidence of Insurance,6ac20aae-5728-5d57-b364-aeba38527dba,Additional Requirements,2cdd866f-c9a4-576a-afd8-1d045762790c,The location must be listed as: 1614 S. MO 7 Highway Blue Springs MO 64014,"---prompt---
Determine if the Description of Operations or the Additional Remarks Schedule section states the location indicated in value field",matchOnce,must be present,,Present,compliant,Block Requirements,,,true,1,,2026-08-16
"Block Real Estate Services, LLC",6a199d7ef4ee7eaade978fa3,6a199d6fabae685b1c514ece,CB Smoothie Supps LLC,69fdef0303a2257cd27d83e8,3rd074 - Keystone Plaza Shopping Center {Larbre Family Trust},evidenceOfInsurance,Evidence of Insurance,6ac20aae-5728-5d57-b364-aeba38527dba,Additional Requirements,3649e9d1-4e09-59bf-8f30-cb33c40cf117,"Certificate Holder must read: c/o Block Real Estate Services, LLC, 4622 Pennsylvania St., Suite 700, Kansas City, MO, 64112",,matchOnce,must be present,,Present,compliant,Block Requirements,,,true,1,,2026-08-16
"Block Real Estate Services, LLC",69fdf74a62446148bd854b18,69fded1c62446148bd849027,OMB Bank,69fdef0802bb2c42a879cab4,"3rd075 - State Line 75 {State Line 75, LLC}",evidenceOfInsurance,Evidence of Insurance,commercialGeneralLiability,Commercial General Liability,evidenceOfInsuranceCommercialGeneralLiabilityCoverageTriggerOccurrence,Coverage Trigger: Occurrence,,matchOnce,must be present,,Present,compliant,Block Requirements,,,false,1,,2026-08-16
"Block Real Estate Services, LLC",69fdf74a62446148bd854b18,69fded1c62446148bd849027,OMB Bank,69fdef0802bb2c42a879cab4,"3rd075 - State Line 75 {State Line 75, LLC}",evidenceOfInsurance,Evidence of Insurance,commercialGeneralLiability,Commercial General Liability,evidenceOfInsuranceCommercialGeneralLiabilityGeneralAggregateLimitAppliesPerLocation,General Aggregate Limit Applies per: Location,,matchOnce,must be present,,,non_compliant,Block Requirements,,,false,0,,2026-08-16
"Block Real Estate Services, LLC",69fdf74a62446148bd854b18,69fded1c62446148bd849027,OMB Bank,69fdef0802bb2c42a879cab4,"3rd075 - State Line 75 {State Line 75, LLC}",evidenceOfInsurance,Evidence of Insurance,commercialGeneralLiability,Commercial General Liability,evidenceOfInsuranceCommercialGeneralLiabilityEachOccurrence,Each Occurrence,,matchOnce,must be greater or equal to,1000000,1000000,compliant,Block Requirements,,,false,1,,2026-08-16
"Block Real Estate Services, LLC",69fdf74a62446148bd854b18,69fded1c62446148bd849027,OMB Bank,69fdef0802bb2c42a879cab4,"3rd075 - State Line 75 {State Line 75, LLC}",evidenceOfInsurance,Evidence of Insurance,commercialGeneralLiability,Commercial General Liability,evidenceOfInsuranceCommercialGeneralLiabilityGeneralAggregate,General Aggregate,,matchOnce,must be greater or equal to,2000000,2000000,compliant,Block Requirements,,,false,1,,2026-08-16
"Block Real Estate Services, LLC",69fdf74a62446148bd854b18,69fded1c62446148bd849027,OMB Bank,69fdef0802bb2c42a879cab4,"3rd075 - State Line 75 {State Line 75, LLC}",evidenceOfInsurance,Evidence of Insurance,commercialGeneralLiability,Commercial General Liability,evidenceOfInsuranceCommercialGeneralLiabilityWaiverOfSubrogationEndorsement,Waiver of Subrogation,"---prompt---
Determine if the insurer has waived their right of subrogation in favor of the certificate holder under the Commercial General Liability policy. Evidence may include: a checked ""Waiver of Subrogation"" box on the certificate, mention in the Description of Operations section stating ""waiver of subrogation applies"", or reference to form CG 24 04. Look for language like ""subrogation is waived"" or ""per written contract"".",matchOnce,must be present,,Present,compliant,Block Requirements,,,false,1,,2026-08-16
"Block Real Estate Services, LLC",69fdf74a62446148bd854b18,69fded1c62446148bd849027,OMB Bank,69fdef0802bb2c42a879cab4,"3rd075 - State Line 75 {State Line 75, LLC}",evidenceOfInsurance,Evidence of Insurance,excessOrUmbrellaLiability,Umbrella/Excess Liability,evidenceOfInsuranceExcessOrUmbrellaLiabilityOccurence,Coverage Trigger: Occurrence,,matchOnce,must be present,,Present,compliant,Block Requirements,,,false,1,,2026-08-16
"Block Real Estate Services, LLC",69fdf74a62446148bd854b18,69fded1c62446148bd849027,OMB Bank,69fdef0802bb2c42a879cab4,"3rd075 - State Line 75 {State Line 75, LLC}",evidenceOfInsurance,Evidence of Insurance,excessOrUmbrellaLiability,Umbrella/Excess Liability,evidenceOfInsuranceExcessOrUmbrellaLiabilityEachOccurrence,Each Occurrence,,matchOnce,must be greater or equal to,1000000,15000000,compliant,Block Requirements,,,false,1,,2026-08-16
"Block Real Estate Services, LLC",69fdf74a62446148bd854b18,69fded1c62446148bd849027,OMB Bank,69fdef0802bb2c42a879cab4,"3rd075 - State Line 75 {State Line 75, LLC}",evidenceOfInsurance,Evidence of Insurance,excessOrUmbrellaLiability,Umbrella/Excess Liability,evidenceOfInsuranceExcessOrUmbrellaLiabilityAggregate,Aggregate,,matchOnce,must be greater or equal to,1000000,15000000,compliant,Block Requirements,,,false,1,,2026-08-16
"Block Real Estate Services, LLC",69fdf74a62446148bd854b18,69fded1c62446148bd849027,OMB Bank,69fdef0802bb2c42a879cab4,"3rd075 - State Line 75 {State Line 75, LLC}",evidenceOfInsurance,Evidence of Insurance,workersCompensation,Workers' Compensation and Employer's Liability,evidenceOfInsuranceWorkersCompensationStatutoryLimits,Statutory Limits,,matchOnce,must be present,,Present,compliant,Block Requirements,,,false,1,,2026-08-16
"Block Real Estate Services, LLC",69fdf74a62446148bd854b18,69fded1c62446148bd849027,OMB Bank,69fdef0802bb2c42a879cab4,"3rd075 - State Line 75 {State Line 75, LLC}",evidenceOfInsurance,Evidence of Insurance,workersCompensation,Workers' Compensation and Employer's Liability,evidenceOfInsuranceWorkersCompensationEmployersLiabilityEachAccident,Employer's Liability Each Accident,,matchOnce,must be greater or equal to,500000,1000000,compliant,Block Requirements,,,false,1,,2026-08-16
"Block Real Estate Services, LLC",69fdf74a62446148bd854b18,69fded1c62446148bd849027,OMB Bank,69fdef0802bb2c42a879cab4,"3rd075 - State Line 75 {State Line 75, LLC}",evidenceOfInsurance,Evidence of Insurance,workersCompensation,Workers' Compensation and Employer's Liability,evidenceOfInsuranceWorkersCompensationEmployersLiabilityDiseaseEachEmployee,Employer's Liability Disease - each employee,,matchOnce,must be greater or equal to,500000,1000000,compliant,Block Requirements,,,false,1,,2026-08-16
"Block Real Estate Services, LLC",69fdf74a62446148bd854b18,69fded1c62446148bd849027,OMB Bank,69fdef0802bb2c42a879cab4,"3rd075 - State Line 75 {State Line 75, LLC}",evidenceOfInsurance,Evidence of Insurance,workersCompensation,Workers' Compensation and Employer's Liability,evidenceOfInsuranceWorkersCompensationEmployersLiabilityDiseasePolicyLimit,Employer's Liability Disease - policy limit,,matchOnce,must be greater or equal to,500000,1000000,compliant,Block Requirements,,,false,1,,2026-08-16
"Block Real Estate Services, LLC",69fdf74a62446148bd854b18,69fded1c62446148bd849027,OMB Bank,69fdef0802bb2c42a879cab4,"3rd075 - State Line 75 {State Line 75, LLC}",evidenceOfInsurance,Evidence of Insurance,workersCompensation,Workers' Compensation and Employer's Liability,evidenceOfInsuranceWorkersCompensationWaiverOfSubrogationEndorsement,Waiver of Subrogation,"---prompt---
Determine if the insurer has waived their right of subrogation in favor of the certificate holder under the Workers' Compensation policy. Evidence may include: a checked ""Waiver of Subrogation"" box on the certificate, mention in the Description of Operations section stating ""waiver of subrogation applies"", or reference to form WC 00 03 13. Look for language like ""subrogation is waived"" or ""per written contract"".",matchOnce,must be present,,Present,compliant,Block Requirements,,,false,1,,2026-08-16
"Block Real Estate Services, LLC",69fdf74a62446148bd854b18,69fded1c62446148bd849027,OMB Bank,69fdef0802bb2c42a879cab4,"3rd075 - State Line 75 {State Line 75, LLC}",evidenceOfInsurance,Evidence of Insurance,6ac20aae-5728-5d57-b364-aeba38527dba,Additional Requirements,4da5b0f1-4c9d-5885-8cf8-5d3cccaed3e0,"Block Real Estate Services, LLC and all others required by contract are named as Additional Insureds","---prompt---
Determine if the Description of Operations or the Additional Remarks Schedule section states the ""Additional Insured as Construction Management, Inc. and all others required by contract"" or reference to blanket additional insured coverage. Look for language like ""certificate holder is additional insured"" or ""per written contract"".",matchOnce,must be present,,Present,compliant,Block Requirements,,,true,1,,2026-08-16
"Block Real Estate Services, LLC",69fdf74a62446148bd854b18,69fded1c62446148bd849027,OMB Bank,69fdef0802bb2c42a879cab4,"3rd075 - State Line 75 {State Line 75, LLC}",evidenceOfInsurance,Evidence of Insurance,6ac20aae-5728-5d57-b364-aeba38527dba,Additional Requirements,e1017741-e47e-5f58-97b8-fbc3043e919f,Umbrella follows form over General Liability,"---prompt---
Determine if the Umbrella/Excess Liability policy follows form to the underlying policies. Evidence may include: language in the Description of Operations section stating the umbrella follows form to underlying coverages or an additional page endorsement stating that it follows form. Follow form means the umbrella policy adopts the same terms, conditions, and exclusions as the underlying policies.",matchOnce,must be present,,Present,compliant,Block Requirements,,,true,1,,2026-08-16
"Block Real Estate Services, LLC",69fdf74a62446148bd854b18,69fded1c62446148bd849027,OMB Bank,69fdef0802bb2c42a879cab4,"3rd075 - State Line 75 {State Line 75, LLC}",evidenceOfInsurance,Evidence of Insurance,6ac20aae-5728-5d57-b364-aeba38527dba,Additional Requirements,2cdd866f-c9a4-576a-afd8-1d045762790c,"The location must be listed as: 7500 State Line Road, Prairie Village, KS, 66208","---prompt---
Determine if the Description of Operations or the Additional Remarks Schedule section states the location indicated in value field",matchOnce,must be present,,Present,compliant,Block Requirements,,,true,1,,2026-08-16
"Block Real Estate Services, LLC",69fdf74a62446148bd854b18,69fded1c62446148bd849027,OMB Bank,69fdef0802bb2c42a879cab4,"3rd075 - State Line 75 {State Line 75, LLC}",evidenceOfInsurance,Evidence of Insurance,6ac20aae-5728-5d57-b364-aeba38527dba,Additional Requirements,3649e9d1-4e09-59bf-8f30-cb33c40cf117,"Certificate Holder must read: c/o Block Real Estate Services, LLC, 4622 Pennsylvania St., Suite 700, Kansas City, MO, 64112",,matchOnce,must be present,,Present,compliant,Block Requirements,,,true,1,,2026-08-16
"Block Real Estate Services, LLC",69fdf74a62446148bd854b17,69fded1b62446148bd848fc4,"Mindful Child Wellness + Aeriel Yoga, LLC",69fdef0802bb2c42a879cab4,"3rd075 - State Line 75 {State Line 75, LLC}",evidenceOfInsurance,Evidence of Insurance,commercialGeneralLiability,Commercial General Liability,evidenceOfInsuranceCommercialGeneralLiabilityCoverageTriggerOccurrence,Coverage Trigger: Occurrence,,matchOnce,must be present,,Present,compliant,Block Requirements,,,false,1,,2026-08-16
"Block Real Estate Services, LLC",69fdf74a62446148bd854b17,69fded1b62446148bd848fc4,"Mindful Child Wellness + Aeriel Yoga, LLC",69fdef0802bb2c42a879cab4,"3rd075 - State Line 75 {State Line 75, LLC}",evidenceOfInsurance,Evidence of Insurance,commercialGeneralLiability,Commercial General Liability,evidenceOfInsuranceCommercialGeneralLiabilityGeneralAggregateLimitAppliesPerLocation,General Aggregate Limit Applies per: Location,,matchOnce,must be present,,Present,compliant,Block Requirements,,,false,1,,2026-08-16
"Block Real Estate Services, LLC",69fdf74a62446148bd854b17,69fded1b62446148bd848fc4,"Mindful Child Wellness + Aeriel Yoga, LLC",69fdef0802bb2c42a879cab4,"3rd075 - State Line 75 {State Line 75, LLC}",evidenceOfInsurance,Evidence of Insurance,commercialGeneralLiability,Commercial General Liability,evidenceOfInsuranceCommercialGeneralLiabilityEachOccurrence,Each Occurrence,,matchOnce,must be greater or equal to,1000000,1000000,compliant,Block Requirements,,,false,1,,2026-08-16
"Block Real Estate Services, LLC",69fdf74a62446148bd854b17,69fded1b62446148bd848fc4,"Mindful Child Wellness + Aeriel Yoga, LLC",69fdef0802bb2c42a879cab4,"3rd075 - State Line 75 {State Line 75, LLC}",evidenceOfInsurance,Evidence of Insurance,commercialGeneralLiability,Commercial General Liability,evidenceOfInsuranceCommercialGeneralLiabilityGeneralAggregate,General Aggregate,,matchOnce,must be greater or equal to,2000000,2000000,compliant,Block Requirements,,,false,1,,2026-08-16
"Block Real Estate Services, LLC",69fdf74a62446148bd854b17,69fded1b62446148bd848fc4,"Mindful Child Wellness + Aeriel Yoga, LLC",69fdef0802bb2c42a879cab4,"3rd075 - State Line 75 {State Line 75, LLC}",evidenceOfInsurance,Evidence of Insurance,commercialGeneralLiability,Commercial General Liability,evidenceOfInsuranceCommercialGeneralLiabilityWaiverOfSubrogationEndorsement,Waiver of Subrogation,"---prompt---
Determine if the insurer has waived their right of subrogation in favor of the certificate holder under the Commercial General Liability policy. Evidence may include: a checked ""Waiver of Subrogation"" box on the certificate, mention in the Description of Operations section stating ""waiver of subrogation applies"", or reference to form CG 24 04. Look for language like ""subrogation is waived"" or ""per written contract"".",matchOnce,must be present,,,non_compliant,Block Requirements,,,false,0,,2026-08-16
"Block Real Estate Services, LLC",69fdf74a62446148bd854b17,69fded1b62446148bd848fc4,"Mindful Child Wellness + Aeriel Yoga, LLC",69fdef0802bb2c42a879cab4,"3rd075 - State Line 75 {State Line 75, LLC}",evidenceOfInsurance,Evidence of Insurance,excessOrUmbrellaLiability,Umbrella/Excess Liability,evidenceOfInsuranceExcessOrUmbrellaLiabilityOccurence,Coverage Trigger: Occurrence,,matchOnce,must be present,,,non_compliant,Block Requirements,,,false,0,,2026-08-16
"Block Real Estate Services, LLC",69fdf74a62446148bd854b17,69fded1b62446148bd848fc4,"Mindful Child Wellness + Aeriel Yoga, LLC",69fdef0802bb2c42a879cab4,"3rd075 - State Line 75 {State Line 75, LLC}",evidenceOfInsurance,Evidence of Insurance,excessOrUmbrellaLiability,Umbrella/Excess Liability,evidenceOfInsuranceExcessOrUmbrellaLiabilityEachOccurrence,Each Occurrence,,matchOnce,must be greater or equal to,1000000,,non_compliant,Block Requirements,,,false,0,,2026-08-16
"Block Real Estate Services, LLC",69fdf74a62446148bd854b17,69fded1b62446148bd848fc4,"Mindful Child Wellness + Aeriel Yoga, LLC",69fdef0802bb2c42a879cab4,"3rd075 - State Line 75 {State Line 75, LLC}",evidenceOfInsurance,Evidence of Insurance,excessOrUmbrellaLiability,Umbrella/Excess Liability,evidenceOfInsuranceExcessOrUmbrellaLiabilityAggregate,Aggregate,,matchOnce,must be greater or equal to,1000000,,non_compliant,Block Requirements,,,false,0,,2026-08-16
"Block Real Estate Services, LLC",69fdf74a62446148bd854b17,69fded1b62446148bd848fc4,"Mindful Child Wellness + Aeriel Yoga, LLC",69fdef0802bb2c42a879cab4,"3rd075 - State Line 75 {State Line 75, LLC}",evidenceOfInsurance,Evidence of Insurance,workersCompensation,Workers' Compensation and Employer's Liability,evidenceOfInsuranceWorkersCompensationStatutoryLimits,Statutory Limits,,matchOnce,must be present,,,non_compliant,Block Requirements,,,false,0,,2026-08-16
"Block Real Estate Services, LLC",69fdf74a62446148bd854b17,69fded1b62446148bd848fc4,"Mindful Child Wellness + Aeriel Yoga, LLC",69fdef0802bb2c42a879cab4,"3rd075 - State Line 75 {State Line 75, LLC}",evidenceOfInsurance,Evidence of Insurance,workersCompensation,Workers' Compensation and Employer's Liability,evidenceOfInsuranceWorkersCompensationEmployersLiabilityEachAccident,Employer's Liability Each Accident,,matchOnce,must be greater or equal to,500000,,non_compliant,Block Requirements,,,false,0,,2026-08-16
"Block Real Estate Services, LLC",69fdf74a62446148bd854b17,69fded1b62446148bd848fc4,"Mindful Child Wellness + Aeriel Yoga, LLC",69fdef0802bb2c42a879cab4,"3rd075 - State Line 75 {State Line 75, LLC}",evidenceOfInsurance,Evidence of Insurance,workersCompensation,Workers' Compensation and Employer's Liability,evidenceOfInsuranceWorkersCompensationEmployersLiabilityDiseaseEachEmployee,Employer's Liability Disease - each employee,,matchOnce,must be greater or equal to,500000,,non_compliant,Block Requirements,,,false,0,,2026-08-16
"Block Real Estate Services, LLC",69fdf74a62446148bd854b17,69fded1b62446148bd848fc4,"Mindful Child Wellness + Aeriel Yoga, LLC",69fdef0802bb2c42a879cab4,"3rd075 - State Line 75 {State Line 75, LLC}",evidenceOfInsurance,Evidence of Insurance,workersCompensation,Workers' Compensation and Employer's Liability,evidenceOfInsuranceWorkersCompensationEmployersLiabilityDiseasePolicyLimit,Employer's Liability Disease - policy limit,,matchOnce,must be greater or equal to,500000,,non_compliant,Block Requirements,,,false,0,,2026-08-16
"Block Real Estate Services, LLC",69fdf74a62446148bd854b17,69fded1b62446148bd848fc4,"Mindful Child Wellness + Aeriel Yoga, LLC",69fdef0802bb2c42a879cab4,"3rd075 - State Line 75 {State Line 75, LLC}",evidenceOfInsurance,Evidence of Insurance,workersCompensation,Workers' Compensation and Employer's Liability,evidenceOfInsuranceWorkersCompensationWaiverOfSubrogationEndorsement,Waiver of Subrogation,"---prompt---
Determine if the insurer has waived their right of subrogation in favor of the certificate holder under the Workers' Compensation policy. Evidence may include: a checked ""Waiver of Subrogation"" box on the certificate, mention in the Description of Operations section stating ""waiver of subrogation applies"", or reference to form WC 00 03 13. Look for language like ""subrogation is waived"" or ""per written contract"".",matchOnce,must be present,,,non_compliant,Block Requirements,,,false,0,,2026-08-16
"Block Real Estate Services, LLC",69fdf74a62446148bd854b17,69fded1b62446148bd848fc4,"Mindful Child Wellness + Aeriel Yoga, LLC",69fdef0802bb2c42a879cab4,"3rd075 - State Line 75 {State Line 75, LLC}",evidenceOfInsurance,Evidence of Insurance,6ac20aae-5728-5d57-b364-aeba38527dba,Additional Requirements,4da5b0f1-4c9d-5885-8cf8-5d3cccaed3e0,"Block Real Estate Services, LLC and all others required by contract are named as Additional Insureds","---prompt---
Determine if the Description of Operations or the Additional Remarks Schedule section states the ""Additional Insured as Construction Management, Inc. and all others required by contract"" or reference to blanket additional insured coverage. Look for language like ""certificate holder is additional insured"" or ""per written contract"".",matchOnce,must be present,,,non_compliant,Block Requirements,,,true,0,,2026-08-16
"Block Real Estate Services, LLC",69fdf74a62446148bd854b17,69fded1b62446148bd848fc4,"Mindful Child Wellness + Aeriel Yoga, LLC",69fdef0802bb2c42a879cab4,"3rd075 - State Line 75 {State Line 75, LLC}",evidenceOfInsurance,Evidence of Insurance,6ac20aae-5728-5d57-b364-aeba38527dba,Additional Requirements,e1017741-e47e-5f58-97b8-fbc3043e919f,Umbrella follows form over General Liability,"---prompt---
Determine if the Umbrella/Excess Liability policy follows form to the underlying policies. Evidence may include: language in the Description of Operations section stating the umbrella follows form to underlying coverages or an additional page endorsement stating that it follows form. Follow form means the umbrella policy adopts the same terms, conditions, and exclusions as the underlying policies.",matchOnce,must be present,,,non_compliant,Block Requirements,,,true,0,,2026-08-16
"Block Real Estate Services, LLC",69fdf74a62446148bd854b17,69fded1b62446148bd848fc4,"Mindful Child Wellness + Aeriel Yoga, LLC",69fdef0802bb2c42a879cab4,"3rd075 - State Line 75 {State Line 75, LLC}",evidenceOfInsurance,Evidence of Insurance,6ac20aae-5728-5d57-b364-aeba38527dba,Additional Requirements,2cdd866f-c9a4-576a-afd8-1d045762790c,"The location must be listed as: 7510-A, 7510-B State Line Road, Prairie Village, KS, 66208","---prompt---
Determine if the Description of Operations or the Additional Remarks Schedule section states the location indicated in value field",matchOnce,must be present,,,non_compliant,Block Requirements,,,true,0,,2026-08-16
"Block Real Estate Services, LLC",69fdf74a62446148bd854b17,69fded1b62446148bd848fc4,"Mindful Child Wellness + Aeriel Yoga, LLC",69fdef0802bb2c42a879cab4,"3rd075 - State Line 75 {State Line 75, LLC}",evidenceOfInsurance,Evidence of Insurance,6ac20aae-5728-5d57-b364-aeba38527dba,Additional Requirements,3649e9d1-4e09-59bf-8f30-cb33c40cf117,"Certificate Holder must read: c/o Block Real Estate Services, LLC, 4622 Pennsylvania St., Suite 700, Kansas City, MO, 64112",,matchOnce,must be present,,,non_compliant,Block Requirements,,,true,0,,2026-08-16
"Block Real Estate Services, LLC",6a16fbc62c0af08c023ab6af,6a16fbaf1814afc0f5360986,"Dr. Robert Browne, DDS",69fdef0802bb2c42a879cab4,"3rd075 - State Line 75 {State Line 75, LLC}",evidenceOfInsurance,Evidence of Insurance,commercialGeneralLiability,Commercial General Liability,evidenceOfInsuranceCommercialGeneralLiabilityCoverageTriggerOccurrence,Coverage Trigger: Occurrence,,matchOnce,must be present,,,non_compliant,Block Requirements,,,false,0,,2026-08-16
"Block Real Estate Services, LLC",6a16fbc62c0af08c023ab6af,6a16fbaf1814afc0f5360986,"Dr. Robert Browne, DDS",69fdef0802bb2c42a879cab4,"3rd075 - State Line 75 {State Line 75, LLC}",evidenceOfInsurance,Evidence of Insurance,commercialGeneralLiability,Commercial General Liability,evidenceOfInsuranceCommercialGeneralLiabilityGeneralAggregateLimitAppliesPerLocation,General Aggregate Limit Applies per: Location,,matchOnce,must be present,,,non_compliant,Block Requirements,,,false,0,,2026-08-16
"Block Real Estate Services, LLC",6a16fbc62c0af08c023ab6af,6a16fbaf1814afc0f5360986,"Dr. Robert Browne, DDS",69fdef0802bb2c42a879cab4,"3rd075 - State Line 75 {State Line 75, LLC}",evidenceOfInsurance,Evidence of Insurance,commercialGeneralLiability,Commercial General Liability,evidenceOfInsuranceCommercialGeneralLiabilityEachOccurrence,Each Occurrence,,matchOnce,must be greater or equal to,1000000,,non_compliant,Block Requirements,,,false,0,,2026-08-16
"Block Real Estate Services, LLC",6a16fbc62c0af08c023ab6af,6a16fbaf1814afc0f5360986,"Dr. Robert Browne, DDS",69fdef0802bb2c42a879cab4,"3rd075 - State Line 75 {State Line 75, LLC}",evidenceOfInsurance,Evidence of Insurance,commercialGeneralLiability,Commercial General Liability,evidenceOfInsuranceCommercialGeneralLiabilityGeneralAggregate,General Aggregate,,matchOnce,must be greater or equal to,2000000,,non_compliant,Block Requirements,,,false,0,,2026-08-16
"Block Real Estate Services, LLC",6a16fbc62c0af08c023ab6af,6a16fbaf1814afc0f5360986,"Dr. Robert Browne, DDS",69fdef0802bb2c42a879cab4,"3rd075 - State Line 75 {State Line 75, LLC}",evidenceOfInsurance,Evidence of Insurance,commercialGeneralLiability,Commercial General Liability,evidenceOfInsuranceCommercialGeneralLiabilityWaiverOfSubrogationEndorsement,Waiver of Subrogation,"---prompt---
Determine if the insurer has waived their right of subrogation in favor of the certificate holder under the Commercial General Liability policy. Evidence may include: a checked ""Waiver of Subrogation"" box on the certificate, mention in the Description of Operations section stating ""waiver of subrogation applies"", or reference to form CG 24 04. Look for language like ""subrogation is waived"" or ""per written contract"".",matchOnce,must be present,,,non_compliant,Block Requirements,,,false,0,,2026-08-16
"Block Real Estate Services, LLC",6a16fbc62c0af08c023ab6af,6a16fbaf1814afc0f5360986,"Dr. Robert Browne, DDS",69fdef0802bb2c42a879cab4,"3rd075 - State Line 75 {State Line 75, LLC}",evidenceOfInsurance,Evidence of Insurance,excessOrUmbrellaLiability,Umbrella/Excess Liability,evidenceOfInsuranceExcessOrUmbrellaLiabilityOccurence,Coverage Trigger: Occurrence,,matchOnce,must be present,,,non_compliant,Block Requirements,,,false,0,,2026-08-16
"Block Real Estate Services, LLC",6a16fbc62c0af08c023ab6af,6a16fbaf1814afc0f5360986,"Dr. Robert Browne, DDS",69fdef0802bb2c42a879cab4,"3rd075 - State Line 75 {State Line 75, LLC}",evidenceOfInsurance,Evidence of Insurance,excessOrUmbrellaLiability,Umbrella/Excess Liability,evidenceOfInsuranceExcessOrUmbrellaLiabilityEachOccurrence,Each Occurrence,,matchOnce,must be greater or equal to,1000000,,non_compliant,Block Requirements,,,false,0,,2026-08-16
"Block Real Estate Services, LLC",6a16fbc62c0af08c023ab6af,6a16fbaf1814afc0f5360986,"Dr. Robert Browne, DDS",69fdef0802bb2c42a879cab4,"3rd075 - State Line 75 {State Line 75, LLC}",evidenceOfInsurance,Evidence of Insurance,excessOrUmbrellaLiability,Umbrella/Excess Liability,evidenceOfInsuranceExcessOrUmbrellaLiabilityAggregate,Aggregate,,matchOnce,must be greater or equal to,1000000,,non_compliant,Block Requirements,,,false,0,,2026-08-16
"Block Real Estate Services, LLC",6a16fbc62c0af08c023ab6af,6a16fbaf1814afc0f5360986,"Dr. Robert Browne, DDS",69fdef0802bb2c42a879cab4,"3rd075 - State Line 75 {State Line 75, LLC}",evidenceOfInsurance,Evidence of Insurance,workersCompensation,Workers' Compensation and Employer's Liability,evidenceOfInsuranceWorkersCompensationStatutoryLimits,Statutory Limits,,matchOnce,must be present,,,non_compliant,Block Requirements,,,false,0,,2026-08-16
"Block Real Estate Services, LLC",6a16fbc62c0af08c023ab6af,6a16fbaf1814afc0f5360986,"Dr. Robert Browne, DDS",69fdef0802bb2c42a879cab4,"3rd075 - State Line 75 {State Line 75, LLC}",evidenceOfInsurance,Evidence of Insurance,workersCompensation,Workers' Compensation and Employer's Liability,evidenceOfInsuranceWorkersCompensationEmployersLiabilityEachAccident,Employer's Liability Each Accident,,matchOnce,must be greater or equal to,500000,,non_compliant,Block Requirements,,,false,0,,2026-08-16
"Block Real Estate Services, LLC",6a16fbc62c0af08c023ab6af,6a16fbaf1814afc0f5360986,"Dr. Robert Browne, DDS",69fdef0802bb2c42a879cab4,"3rd075 - State Line 75 {State Line 75, LLC}",evidenceOfInsurance,Evidence of Insurance,workersCompensation,Workers' Compensation and Employer's Liability,evidenceOfInsuranceWorkersCompensationEmployersLiabilityDiseaseEachEmployee,Employer's Liability Disease - each employee,,matchOnce,must be greater or equal to,500000,,non_compliant,Block Requirements,,,false,0,,2026-08-16
"Block Real Estate Services, LLC",6a16fbc62c0af08c023ab6af,6a16fbaf1814afc0f5360986,"Dr. Robert Browne, DDS",69fdef0802bb2c42a879cab4,"3rd075 - State Line 75 {State Line 75, LLC}",evidenceOfInsurance,Evidence of Insurance,workersCompensation,Workers' Compensation and Employer's Liability,evidenceOfInsuranceWorkersCompensationEmployersLiabilityDiseasePolicyLimit,Employer's Liability Disease - policy limit,,matchOnce,must be greater or equal to,500000,,non_compliant,Block Requirements,,,false,0,,2026-08-16
"Block Real Estate Services, LLC",6a16fbc62c0af08c023ab6af,6a16fbaf1814afc0f5360986,"Dr. Robert Browne, DDS",69fdef0802bb2c42a879cab4,"3rd075 - State Line 75 {State Line 75, LLC}",evidenceOfInsurance,Evidence of Insurance,workersCompensation,Workers' Compensation and Employer's Liability,evidenceOfInsuranceWorkersCompensationWaiverOfSubrogationEndorsement,Waiver of Subrogation,"---prompt---
Determine if the insurer has waived their right of subrogation in favor of the certificate holder under the Workers' Compensation policy. Evidence may include: a checked ""Waiver of Subrogation"" box on the certificate, mention in the Description of Operations section stating ""waiver of subrogation applies"", or reference to form WC 00 03 13. Look for language like ""subrogation is waived"" or ""per written contract"".",matchOnce,must be present,,,non_compliant,Block Requirements,,,false,0,,2026-08-16
"Block Real Estate Services, LLC",6a16fbc62c0af08c023ab6af,6a16fbaf1814afc0f5360986,"Dr. Robert Browne, DDS",69fdef0802bb2c42a879cab4,"3rd075 - State Line 75 {State Line 75, LLC}",evidenceOfInsurance,Evidence of Insurance,6ac20aae-5728-5d57-b364-aeba38527dba,Additional Requirements,4da5b0f1-4c9d-5885-8cf8-5d3cccaed3e0,"Block Real Estate Services, LLC and all others required by contract are named as Additional Insureds","---prompt---
Determine if the Description of Operations or the Additional Remarks Schedule section states the ""Additional Insured as Construction Management, Inc. and all others required by contract"" or reference to blanket additional insured coverage. Look for language like ""certificate holder is additional insured"" or ""per written contract"".",matchOnce,must be present,,,non_compliant,Block Requirements,,,true,0,,2026-08-16
"Block Real Estate Services, LLC",6a16fbc62c0af08c023ab6af,6a16fbaf1814afc0f5360986,"Dr. Robert Browne, DDS",69fdef0802bb2c42a879cab4,"3rd075 - State Line 75 {State Line 75, LLC}",evidenceOfInsurance,Evidence of Insurance,6ac20aae-5728-5d57-b364-aeba38527dba,Additional Requirements,e1017741-e47e-5f58-97b8-fbc3043e919f,Umbrella follows form over General Liability,"---prompt---
Determine if the Umbrella/Excess Liability policy follows form to the underlying policies. Evidence may include: language in the Description of Operations section stating the umbrella follows form to underlying coverages or an additional page endorsement stating that it follows form. Follow form means the umbrella policy adopts the same terms, conditions, and exclusions as the underlying policies.",matchOnce,must be present,,,non_compliant,Block Requirements,,,true,0,,2026-08-16
"Block Real Estate Services, LLC",6a16fbc62c0af08c023ab6af,6a16fbaf1814afc0f5360986,"Dr. Robert Browne, DDS",69fdef0802bb2c42a879cab4,"3rd075 - State Line 75 {State Line 75, LLC}",evidenceOfInsurance,Evidence of Insurance,6ac20aae-5728-5d57-b364-aeba38527dba,Additional Requirements,2cdd866f-c9a4-576a-afd8-1d045762790c,"The location must be listed as: 7510-C State Line Road, Prairie Village, KS, 66208","---prompt---
Determine if the Description of Operations or the Additional Remarks Schedule section states the location indicated in value field",matchOnce,must be present,,,non_compliant,Block Requirements,,,true,0,,2026-08-16
"Block Real Estate Services, LLC",6a16fbc62c0af08c023ab6af,6a16fbaf1814afc0f5360986,"Dr. Robert Browne, DDS",69fdef0802bb2c42a879cab4,"3rd075 - State Line 75 {State Line 75, LLC}",evidenceOfInsurance,Evidence of Insurance,6ac20aae-5728-5d57-b364-aeba38527dba,Additional Requirements,3649e9d1-4e09-59bf-8f30-cb33c40cf117,"Certificate Holder must read: c/o Block Real Estate Services, LLC, 4622 Pennsylvania St., Suite 700, Kansas City, MO, 64112",,matchOnce,must be present,,,non_compliant,Block Requirements,,,true,0,,2026-08-16
"Block Real Estate Services, LLC",69fdf74a62446148bd854b19,69fded0c62446148bd848b02,24 Hour Check Cashing,69fdef0c3b208288e0a796fa,"3rd093 - 85th & Wornall Retail {Tower Bridge Investements, LLC} (fka St. John Development)",evidenceOfInsurance,Evidence of Insurance,commercialGeneralLiability,Commercial General Liability,evidenceOfInsuranceCommercialGeneralLiabilityCoverageTriggerOccurrence,Coverage Trigger: Occurrence,,matchOnce,must be present,,Present,compliant,Block Requirements,,,false,1,,2026-08-16
"Block Real Estate Services, LLC",69fdf74a62446148bd854b19,69fded0c62446148bd848b02,24 Hour Check Cashing,69fdef0c3b208288e0a796fa,"3rd093 - 85th & Wornall Retail {Tower Bridge Investements, LLC} (fka St. John Development)",evidenceOfInsurance,Evidence of Insurance,commercialGeneralLiability,Commercial General Liability,evidenceOfInsuranceCommercialGeneralLiabilityGeneralAggregateLimitAppliesPerLocation,General Aggregate Limit Applies per: Location,,matchOnce,must be present,,,non_compliant,Block Requirements,,,false,0,,2026-08-16
"Block Real Estate Services, LLC",69fdf74a62446148bd854b19,69fded0c62446148bd848b02,24 Hour Check Cashing,69fdef0c3b208288e0a796fa,"3rd093 - 85th & Wornall Retail {Tower Bridge Investements, LLC} (fka St. John Development)",evidenceOfInsurance,Evidence of Insurance,commercialGeneralLiability,Commercial General Liability,evidenceOfInsuranceCommercialGeneralLiabilityEachOccurrence,Each Occurrence,,matchOnce,must be greater or equal to,1000000,1000000,compliant,Block Requirements,,,false,1,,2026-08-16
"Block Real Estate Services, LLC",69fdf74a62446148bd854b19,69fded0c62446148bd848b02,24 Hour Check Cashing,69fdef0c3b208288e0a796fa,"3rd093 - 85th & Wornall Retail {Tower Bridge Investements, LLC} (fka St. John Development)",evidenceOfInsurance,Evidence of Insurance,commercialGeneralLiability,Commercial General Liability,evidenceOfInsuranceCommercialGeneralLiabilityGeneralAggregate,General Aggregate,,matchOnce,must be greater or equal to,2000000,2000000,compliant,Block Requirements,,,false,1,,2026-08-16
"Block Real Estate Services, LLC",69fdf74a62446148bd854b19,69fded0c62446148bd848b02,24 Hour Check Cashing,69fdef0c3b208288e0a796fa,"3rd093 - 85th & Wornall Retail {Tower Bridge Investements, LLC} (fka St. John Development)",evidenceOfInsurance,Evidence of Insurance,commercialGeneralLiability,Commercial General Liability,evidenceOfInsuranceCommercialGeneralLiabilityWaiverOfSubrogationEndorsement,Waiver of Subrogation,"---prompt---
Determine if the insurer has waived their right of subrogation in favor of the certificate holder under the Commercial General Liability policy. Evidence may include: a checked ""Waiver of Subrogation"" box on the certificate, mention in the Description of Operations section stating ""waiver of subrogation applies"", or reference to form CG 24 04. Look for language like ""subrogation is waived"" or ""per written contract"".",matchOnce,must be present,,,non_compliant,Block Requirements,,,false,0,,2026-08-16
"Block Real Estate Services, LLC",69fdf74a62446148bd854b19,69fded0c62446148bd848b02,24 Hour Check Cashing,69fdef0c3b208288e0a796fa,"3rd093 - 85th & Wornall Retail {Tower Bridge Investements, LLC} (fka St. John Development)",evidenceOfInsurance,Evidence of Insurance,excessOrUmbrellaLiability,Umbrella/Excess Liability,evidenceOfInsuranceExcessOrUmbrellaLiabilityOccurence,Coverage Trigger: Occurrence,,matchOnce,must be present,,,non_compliant,Block Requirements,,,false,0,,2026-08-16
"Block Real Estate Services, LLC",69fdf74a62446148bd854b19,69fded0c62446148bd848b02,24 Hour Check Cashing,69fdef0c3b208288e0a796fa,"3rd093 - 85th & Wornall Retail {Tower Bridge Investements, LLC} (fka St. John Development)",evidenceOfInsurance,Evidence of Insurance,excessOrUmbrellaLiability,Umbrella/Excess Liability,evidenceOfInsuranceExcessOrUmbrellaLiabilityEachOccurrence,Each Occurrence,,matchOnce,must be greater or equal to,1000000,,non_compliant,Block Requirements,,,false,0,,2026-08-16
"Block Real Estate Services, LLC",69fdf74a62446148bd854b19,69fded0c62446148bd848b02,24 Hour Check Cashing,69fdef0c3b208288e0a796fa,"3rd093 - 85th & Wornall Retail {Tower Bridge Investements, LLC} (fka St. John Development)",evidenceOfInsurance,Evidence of Insurance,excessOrUmbrellaLiability,Umbrella/Excess Liability,evidenceOfInsuranceExcessOrUmbrellaLiabilityAggregate,Aggregate,,matchOnce,must be greater or equal to,1000000,,non_compliant,Block Requirements,,,false,0,,2026-08-16
"Block Real Estate Services, LLC",69fdf74a62446148bd854b19,69fded0c62446148bd848b02,24 Hour Check Cashing,69fdef0c3b208288e0a796fa,"3rd093 - 85th & Wornall Retail {Tower Bridge Investements, LLC} (fka St. John Development)",evidenceOfInsurance,Evidence of Insurance,workersCompensation,Workers' Compensation and Employer's Liability,evidenceOfInsuranceWorkersCompensationStatutoryLimits,Statutory Limits,,matchOnce,must be present,,,non_compliant,Block Requirements,,,false,0,,2026-08-16
"Block Real Estate Services, LLC",69fdf74a62446148bd854b19,69fded0c62446148bd848b02,24 Hour Check Cashing,69fdef0c3b208288e0a796fa,"3rd093 - 85th & Wornall Retail {Tower Bridge Investements, LLC} (fka St. John Development)",evidenceOfInsurance,Evidence of Insurance,workersCompensation,Workers' Compensation and Employer's Liability,evidenceOfInsuranceWorkersCompensationEmployersLiabilityEachAccident,Employer's Liability Each Accident,,matchOnce,must be greater or equal to,500000,,non_compliant,Block Requirements,,,false,0,,2026-08-16
"Block Real Estate Services, LLC",69fdf74a62446148bd854b19,69fded0c62446148bd848b02,24 Hour Check Cashing,69fdef0c3b208288e0a796fa,"3rd093 - 85th & Wornall Retail {Tower Bridge Investements, LLC} (fka St. John Development)",evidenceOfInsurance,Evidence of Insurance,workersCompensation,Workers' Compensation and Employer's Liability,evidenceOfInsuranceWorkersCompensationEmployersLiabilityDiseaseEachEmployee,Employer's Liability Disease - each employee,,matchOnce,must be greater or equal to,500000,,non_compliant,Block Requirements,,,false,0,,2026-08-16
"Block Real Estate Services, LLC",69fdf74a62446148bd854b19,69fded0c62446148bd848b02,24 Hour Check Cashing,69fdef0c3b208288e0a796fa,"3rd093 - 85th & Wornall Retail {Tower Bridge Investements, LLC} (fka St. John Development)",evidenceOfInsurance,Evidence of Insurance,workersCompensation,Workers' Compensation and Employer's Liability,evidenceOfInsuranceWorkersCompensationEmployersLiabilityDiseasePolicyLimit,Employer's Liability Disease - policy limit,,matchOnce,must be greater or equal to,500000,,non_compliant,Block Requirements,,,false,0,,2026-08-16
"Block Real Estate Services, LLC",69fdf74a62446148bd854b19,69fded0c62446148bd848b02,24 Hour Check Cashing,69fdef0c3b208288e0a796fa,"3rd093 - 85th & Wornall Retail {Tower Bridge Investements, LLC} (fka St. John Development)",evidenceOfInsurance,Evidence of Insurance,workersCompensation,Workers' Compensation and Employer's Liability,evidenceOfInsuranceWorkersCompensationWaiverOfSubrogationEndorsement,Waiver of Subrogation,"---prompt---
Determine if the insurer has waived their right of subrogation in favor of the certificate holder under the Workers' Compensation policy. Evidence may include: a checked ""Waiver of Subrogation"" box on the certificate, mention in the Description of Operations section stating ""waiver of subrogation applies"", or reference to form WC 00 03 13. Look for language like ""subrogation is waived"" or ""per written contract"".",matchOnce,must be present,,,non_compliant,Block Requirements,,,false,0,,2026-08-16
"Block Real Estate Services, LLC",69fdf74a62446148bd854b19,69fded0c62446148bd848b02,24 Hour Check Cashing,69fdef0c3b208288e0a796fa,"3rd093 - 85th & Wornall Retail {Tower Bridge Investements, LLC} (fka St. John Development)",evidenceOfInsurance,Evidence of Insurance,6ac20aae-5728-5d57-b364-aeba38527dba,Additional Requirements,4da5b0f1-4c9d-5885-8cf8-5d3cccaed3e0,"Block Real Estate Services, LLC and all others required by contract are named as Additional Insureds","---prompt---
Determine if the Description of Operations or the Additional Remarks Schedule section states the ""Additional Insured as Construction Management, Inc. and all others required by contract"" or reference to blanket additional insured coverage. Look for language like ""certificate holder is additional insured"" or ""per written contract"".",matchOnce,must be present,,Present,compliant,Block Requirements,,,true,1,,2026-08-16
"Block Real Estate Services, LLC",69fdf74a62446148bd854b19,69fded0c62446148bd848b02,24 Hour Check Cashing,69fdef0c3b208288e0a796fa,"3rd093 - 85th & Wornall Retail {Tower Bridge Investements, LLC} (fka St. John Development)",evidenceOfInsurance,Evidence of Insurance,6ac20aae-5728-5d57-b364-aeba38527dba,Additional Requirements,e1017741-e47e-5f58-97b8-fbc3043e919f,Umbrella follows form over General Liability,"---prompt---
Determine if the Umbrella/Excess Liability policy follows form to the underlying policies. Evidence may include: language in the Description of Operations section stating the umbrella follows form to underlying coverages or an additional page endorsement stating that it follows form. Follow form means the umbrella policy adopts the same terms, conditions, and exclusions as the underlying policies.",matchOnce,must be present,,,non_compliant,Block Requirements,,,true,0,,2026-08-16
"Block Real Estate Services, LLC",69fdf74a62446148bd854b19,69fded0c62446148bd848b02,24 Hour Check Cashing,69fdef0c3b208288e0a796fa,"3rd093 - 85th & Wornall Retail {Tower Bridge Investements, LLC} (fka St. John Development)",evidenceOfInsurance,Evidence of Insurance,6ac20aae-5728-5d57-b364-aeba38527dba,Additional Requirements,2cdd866f-c9a4-576a-afd8-1d045762790c,"The location must be listed as: 8437 Wornall Road, Kansas City, MO, 64114","---prompt---
Determine if the Description of Operations or the Additional Remarks Schedule section states the location indicated in value field",matchOnce,must be present,,,non_compliant,Block Requirements,,,true,0,,2026-08-16
"Block Real Estate Services, LLC",69fdf74a62446148bd854b19,69fded0c62446148bd848b02,24 Hour Check Cashing,69fdef0c3b208288e0a796fa,"3rd093 - 85th & Wornall Retail {Tower Bridge Investements, LLC} (fka St. John Development)",evidenceOfInsurance,Evidence of Insurance,6ac20aae-5728-5d57-b364-aeba38527dba,Additional Requirements,3649e9d1-4e09-59bf-8f30-cb33c40cf117,"Certificate Holder must read: c/o Block Real Estate Services, LLC, 4622 Pennsylvania St., Suite 700, Kansas City, MO, 64112",,matchOnce,must be present,,Present,compliant,Block Requirements,,,true,1,,2026-08-16
"Block Real Estate Services, LLC",69fdf74a62446148bd854b1b,69fded2462446148bd84929d,"Mike's Liquor / Waldo Spirits, Inc.",69fdef0c3b208288e0a796fa,"3rd093 - 85th & Wornall Retail {Tower Bridge Investements, LLC} (fka St. John Development)",evidenceOfInsurance,Evidence of Insurance,commercialGeneralLiability,Commercial General Liability,evidenceOfInsuranceCommercialGeneralLiabilityCoverageTriggerOccurrence,Coverage Trigger: Occurrence,,matchOnce,must be present,,,non_compliant,Block Requirements,,,false,0,,2026-08-16
"Block Real Estate Services, LLC",69fdf74a62446148bd854b1b,69fded2462446148bd84929d,"Mike's Liquor / Waldo Spirits, Inc.",69fdef0c3b208288e0a796fa,"3rd093 - 85th & Wornall Retail {Tower Bridge Investements, LLC} (fka St. John Development)",evidenceOfInsurance,Evidence of Insurance,commercialGeneralLiability,Commercial General Liability,evidenceOfInsuranceCommercialGeneralLiabilityGeneralAggregateLimitAppliesPerLocation,General Aggregate Limit Applies per: Location,,matchOnce,must be present,,,non_compliant,Block Requirements,,,false,0,,2026-08-16
"Block Real Estate Services, LLC",69fdf74a62446148bd854b1b,69fded2462446148bd84929d,"Mike's Liquor / Waldo Spirits, Inc.",69fdef0c3b208288e0a796fa,"3rd093 - 85th & Wornall Retail {Tower Bridge Investements, LLC} (fka St. John Development)",evidenceOfInsurance,Evidence of Insurance,commercialGeneralLiability,Commercial General Liability,evidenceOfInsuranceCommercialGeneralLiabilityEachOccurrence,Each Occurrence,,matchOnce,must be greater or equal to,1000000,,non_compliant,Block Requirements,,,false,0,,2026-08-16
"Block Real Estate Services, LLC",69fdf74a62446148bd854b1b,69fded2462446148bd84929d,"Mike's Liquor / Waldo Spirits, Inc.",69fdef0c3b208288e0a796fa,"3rd093 - 85th & Wornall Retail {Tower Bridge Investements, LLC} (fka St. John Development)",evidenceOfInsurance,Evidence of Insurance,commercialGeneralLiability,Commercial General Liability,evidenceOfInsuranceCommercialGeneralLiabilityGeneralAggregate,General Aggregate,,matchOnce,must be greater or equal to,2000000,,non_compliant,Block Requirements,,,false,0,,2026-08-16
"Block Real Estate Services, LLC",69fdf74a62446148bd854b1b,69fded2462446148bd84929d,"Mike's Liquor / Waldo Spirits, Inc.",69fdef0c3b208288e0a796fa,"3rd093 - 85th & Wornall Retail {Tower Bridge Investements, LLC} (fka St. John Development)",evidenceOfInsurance,Evidence of Insurance,commercialGeneralLiability,Commercial General Liability,evidenceOfInsuranceCommercialGeneralLiabilityWaiverOfSubrogationEndorsement,Waiver of Subrogation,"---prompt---
Determine if the insurer has waived their right of subrogation in favor of the certificate holder under the Commercial General Liability policy. Evidence may include: a checked ""Waiver of Subrogation"" box on the certificate, mention in the Description of Operations section stating ""waiver of subrogation applies"", or reference to form CG 24 04. Look for language like ""subrogation is waived"" or ""per written contract"".",matchOnce,must be present,,,non_compliant,Block Requirements,,,false,0,,2026-08-16
"Block Real Estate Services, LLC",69fdf74a62446148bd854b1b,69fded2462446148bd84929d,"Mike's Liquor / Waldo Spirits, Inc.",69fdef0c3b208288e0a796fa,"3rd093 - 85th & Wornall Retail {Tower Bridge Investements, LLC} (fka St. John Development)",evidenceOfInsurance,Evidence of Insurance,excessOrUmbrellaLiability,Umbrella/Excess Liability,evidenceOfInsuranceExcessOrUmbrellaLiabilityOccurence,Coverage Trigger: Occurrence,,matchOnce,must be present,,,non_compliant,Block Requirements,,,false,0,,2026-08-16
"Block Real Estate Services, LLC",69fdf74a62446148bd854b1b,69fded2462446148bd84929d,"Mike's Liquor / Waldo Spirits, Inc.",69fdef0c3b208288e0a796fa,"3rd093 - 85th & Wornall Retail {Tower Bridge Investements, LLC} (fka St. John Development)",evidenceOfInsurance,Evidence of Insurance,excessOrUmbrellaLiability,Umbrella/Excess Liability,evidenceOfInsuranceExcessOrUmbrellaLiabilityEachOccurrence,Each Occurrence,,matchOnce,must be greater or equal to,1000000,,non_compliant,Block Requirements,,,false,0,,2026-08-16
"Block Real Estate Services, LLC",69fdf74a62446148bd854b1b,69fded2462446148bd84929d,"Mike's Liquor / Waldo Spirits, Inc.",69fdef0c3b208288e0a796fa,"3rd093 - 85th & Wornall Retail {Tower Bridge Investements, LLC} (fka St. John Development)",evidenceOfInsurance,Evidence of Insurance,excessOrUmbrellaLiability,Umbrella/Excess Liability,evidenceOfInsuranceExcessOrUmbrellaLiabilityAggregate,Aggregate,,matchOnce,must be greater or equal to,1000000,,non_compliant,Block Requirements,,,false,0,,2026-08-16
"Block Real Estate Services, LLC",69fdf74a62446148bd854b1b,69fded2462446148bd84929d,"Mike's Liquor / Waldo Spirits, Inc.",69fdef0c3b208288e0a796fa,"3rd093 - 85th & Wornall Retail {Tower Bridge Investements, LLC} (fka St. John Development)",evidenceOfInsurance,Evidence of Insurance,workersCompensation,Workers' Compensation and Employer's Liability,evidenceOfInsuranceWorkersCompensationStatutoryLimits,Statutory Limits,,matchOnce,must be present,,,non_compliant,Block Requirements,,,false,0,,2026-08-16
"Block Real Estate Services, LLC",69fdf74a62446148bd854b1b,69fded2462446148bd84929d,"Mike's Liquor / Waldo Spirits, Inc.",69fdef0c3b208288e0a796fa,"3rd093 - 85th & Wornall Retail {Tower Bridge Investements, LLC} (fka St. John Development)",evidenceOfInsurance,Evidence of Insurance,workersCompensation,Workers' Compensation and Employer's Liability,evidenceOfInsuranceWorkersCompensationEmployersLiabilityEachAccident,Employer's Liability Each Accident,,matchOnce,must be greater or equal to,500000,,non_compliant,Block Requirements,,,false,0,,2026-08-16
"Block Real Estate Services, LLC",69fdf74a62446148bd854b1b,69fded2462446148bd84929d,"Mike's Liquor / Waldo Spirits, Inc.",69fdef0c3b208288e0a796fa,"3rd093 - 85th & Wornall Retail {Tower Bridge Investements, LLC} (fka St. John Development)",evidenceOfInsurance,Evidence of Insurance,workersCompensation,Workers' Compensation and Employer's Liability,evidenceOfInsuranceWorkersCompensationEmployersLiabilityDiseaseEachEmployee,Employer's Liability Disease - each employee,,matchOnce,must be greater or equal to,500000,,non_compliant,Block Requirements,,,false,0,,2026-08-16
"Block Real Estate Services, LLC",69fdf74a62446148bd854b1b,69fded2462446148bd84929d,"Mike's Liquor / Waldo Spirits, Inc.",69fdef0c3b208288e0a796fa,"3rd093 - 85th & Wornall Retail {Tower Bridge Investements, LLC} (fka St. John Development)",evidenceOfInsurance,Evidence of Insurance,workersCompensation,Workers' Compensation and Employer's Liability,evidenceOfInsuranceWorkersCompensationEmployersLiabilityDiseasePolicyLimit,Employer's Liability Disease - policy limit,,matchOnce,must be greater or equal to,500000,,non_compliant,Block Requirements,,,false,0,,2026-08-16
"Block Real Estate Services, LLC",69fdf74a62446148bd854b1b,69fded2462446148bd84929d,"Mike's Liquor / Waldo Spirits, Inc.",69fdef0c3b208288e0a796fa,"3rd093 - 85th & Wornall Retail {Tower Bridge Investements, LLC} (fka St. John Development)",evidenceOfInsurance,Evidence of Insurance,workersCompensation,Workers' Compensation and Employer's Liability,evidenceOfInsuranceWorkersCompensationWaiverOfSubrogationEndorsement,Waiver of Subrogation,"---prompt---
Determine if the insurer has waived their right of subrogation in favor of the certificate holder under the Workers' Compensation policy. Evidence may include: a checked ""Waiver of Subrogation"" box on the certificate, mention in the Description of Operations section stating ""waiver of subrogation applies"", or reference to form WC 00 03 13. Look for language like ""subrogation is waived"" or ""per written contract"".",matchOnce,must be present,,,non_compliant,Block Requirements,,,false,0,,2026-08-16
"Block Real Estate Services, LLC",69fdf74a62446148bd854b1b,69fded2462446148bd84929d,"Mike's Liquor / Waldo Spirits, Inc.",69fdef0c3b208288e0a796fa,"3rd093 - 85th & Wornall Retail {Tower Bridge Investements, LLC} (fka St. John Development)",evidenceOfInsurance,Evidence of Insurance,6ac20aae-5728-5d57-b364-aeba38527dba,Additional Requirements,4da5b0f1-4c9d-5885-8cf8-5d3cccaed3e0,"Block Real Estate Services, LLC and all others required by contract are named as Additional Insureds","---prompt---
Determine if the Description of Operations or the Additional Remarks Schedule section states the ""Additional Insured as Construction Management, Inc. and all others required by contract"" or reference to blanket additional insured coverage. Look for language like ""certificate holder is additional insured"" or ""per written contract"".",matchOnce,must be present,,,non_compliant,Block Requirements,,,true,0,,2026-08-16
"Block Real Estate Services, LLC",69fdf74a62446148bd854b1b,69fded2462446148bd84929d,"Mike's Liquor / Waldo Spirits, Inc.",69fdef0c3b208288e0a796fa,"3rd093 - 85th & Wornall Retail {Tower Bridge Investements, LLC} (fka St. John Development)",evidenceOfInsurance,Evidence of Insurance,6ac20aae-5728-5d57-b364-aeba38527dba,Additional Requirements,e1017741-e47e-5f58-97b8-fbc3043e919f,Umbrella follows form over General Liability,"---prompt---
Determine if the Umbrella/Excess Liability policy follows form to the underlying policies. Evidence may include: language in the Description of Operations section stating the umbrella follows form to underlying coverages or an additional page endorsement stating that it follows form. Follow form means the umbrella policy adopts the same terms, conditions, and exclusions as the underlying policies.",matchOnce,must be present,,,non_compliant,Block Requirements,,,true,0,,2026-08-16
"Block Real Estate Services, LLC",69fdf74a62446148bd854b1b,69fded2462446148bd84929d,"Mike's Liquor / Waldo Spirits, Inc.",69fdef0c3b208288e0a796fa,"3rd093 - 85th & Wornall Retail {Tower Bridge Investements, LLC} (fka St. John Development)",evidenceOfInsurance,Evidence of Insurance,6ac20aae-5728-5d57-b364-aeba38527dba,Additional Requirements,2cdd866f-c9a4-576a-afd8-1d045762790c,"The location must be listed as: 8441, 8447 Wornall Road, Kansas City, MO, 64114","---prompt---
Determine if the Description of Operations or the Additional Remarks Schedule section states the location indicated in value field",matchOnce,must be present,,,non_compliant,Block Requirements,,,true,0,,2026-08-16
"Block Real Estate Services, LLC",69fdf74a62446148bd854b1b,69fded2462446148bd84929d,"Mike's Liquor / Waldo Spirits, Inc.",69fdef0c3b208288e0a796fa,"3rd093 - 85th & Wornall Retail {Tower Bridge Investements, LLC} (fka St. John Development)",evidenceOfInsurance,Evidence of Insurance,6ac20aae-5728-5d57-b364-aeba38527dba,Additional Requirements,3649e9d1-4e09-59bf-8f30-cb33c40cf117,"Certificate Holder must read: c/o Block Real Estate Services, LLC, 4622 Pennsylvania St., Suite 700, Kansas City, MO, 64112",,matchOnce,must be present,,,non_compliant,Block Requirements,,,true,0,,2026-08-16
"Block Real Estate Services, LLC",69fdf74a62446148bd854b1a,69fded1d62446148bd84903f,"OUTFRONT Media, LLC / Gannett Outdoor Co., Inc.",69fdef0c3b208288e0a796fa,"3rd093 - 85th & Wornall Retail {Tower Bridge Investements, LLC} (fka St. John Development)",evidenceOfInsurance,Evidence of Insurance,commercialGeneralLiability,Commercial General Liability,evidenceOfInsuranceCommercialGeneralLiabilityCoverageTriggerOccurrence,Coverage Trigger: Occurrence,,matchOnce,must be present,,,non_compliant,Block Requirements,,,false,0,,2026-08-16
"Block Real Estate Services, LLC",69fdf74a62446148bd854b1a,69fded1d62446148bd84903f,"OUTFRONT Media, LLC / Gannett Outdoor Co., Inc.",69fdef0c3b208288e0a796fa,"3rd093 - 85th & Wornall Retail {Tower Bridge Investements, LLC} (fka St. John Development)",evidenceOfInsurance,Evidence of Insurance,commercialGeneralLiability,Commercial General Liability,evidenceOfInsuranceCommercialGeneralLiabilityGeneralAggregateLimitAppliesPerLocation,General Aggregate Limit Applies per: Location,,matchOnce,must be present,,,non_compliant,Block Requirements,,,false,0,,2026-08-16
"Block Real Estate Services, LLC",69fdf74a62446148bd854b1a,69fded1d62446148bd84903f,"OUTFRONT Media, LLC / Gannett Outdoor Co., Inc.",69fdef0c3b208288e0a796fa,"3rd093 - 85th & Wornall Retail {Tower Bridge Investements, LLC} (fka St. John Development)",evidenceOfInsurance,Evidence of Insurance,commercialGeneralLiability,Commercial General Liability,evidenceOfInsuranceCommercialGeneralLiabilityEachOccurrence,Each Occurrence,,matchOnce,must be greater or equal to,1000000,,non_compliant,Block Requirements,,,false,0,,2026-08-16
"Block Real Estate Services, LLC",69fdf74a62446148bd854b1a,69fded1d62446148bd84903f,"OUTFRONT Media, LLC / Gannett Outdoor Co., Inc.",69fdef0c3b208288e0a796fa,"3rd093 - 85th & Wornall Retail {Tower Bridge Investements, LLC} (fka St. John Development)",evidenceOfInsurance,Evidence of Insurance,commercialGeneralLiability,Commercial General Liability,evidenceOfInsuranceCommercialGeneralLiabilityGeneralAggregate,General Aggregate,,matchOnce,must be greater or equal to,2000000,,non_compliant,Block Requirements,,,false,0,,2026-08-16
"Block Real Estate Services, LLC",69fdf74a62446148bd854b1a,69fded1d62446148bd84903f,"OUTFRONT Media, LLC / Gannett Outdoor Co., Inc.",69fdef0c3b208288e0a796fa,"3rd093 - 85th & Wornall Retail {Tower Bridge Investements, LLC} (fka St. John Development)",evidenceOfInsurance,Evidence of Insurance,commercialGeneralLiability,Commercial General Liability,evidenceOfInsuranceCommercialGeneralLiabilityWaiverOfSubrogationEndorsement,Waiver of Subrogation,"---prompt---
Determine if the insurer has waived their right of subrogation in favor of the certificate holder under the Commercial General Liability policy. Evidence may include: a checked ""Waiver of Subrogation"" box on the certificate, mention in the Description of Operations section stating ""waiver of subrogation applies"", or reference to form CG 24 04. Look for language like ""subrogation is waived"" or ""per written contract"".",matchOnce,must be present,,,non_compliant,Block Requirements,,,false,0,,2026-08-16
"Block Real Estate Services, LLC",69fdf74a62446148bd854b1a,69fded1d62446148bd84903f,"OUTFRONT Media, LLC / Gannett Outdoor Co., Inc.",69fdef0c3b208288e0a796fa,"3rd093 - 85th & Wornall Retail {Tower Bridge Investements, LLC} (fka St. John Development)",evidenceOfInsurance,Evidence of Insurance,excessOrUmbrellaLiability,Umbrella/Excess Liability,evidenceOfInsuranceExcessOrUmbrellaLiabilityOccurence,Coverage Trigger: Occurrence,,matchOnce,must be present,,,non_compliant,Block Requirements,,,false,0,,2026-08-16
"Block Real Estate Services, LLC",69fdf74a62446148bd854b1a,69fded1d62446148bd84903f,"OUTFRONT Media, LLC / Gannett Outdoor Co., Inc.",69fdef0c3b208288e0a796fa,"3rd093 - 85th & Wornall Retail {Tower Bridge Investements, LLC} (fka St. John Development)",evidenceOfInsurance,Evidence of Insurance,excessOrUmbrellaLiability,Umbrella/Excess Liability,evidenceOfInsuranceExcessOrUmbrellaLiabilityEachOccurrence,Each Occurrence,,matchOnce,must be greater or equal to,1000000,,non_compliant,Block Requirements,,,false,0,,2026-08-16
"Block Real Estate Services, LLC",69fdf74a62446148bd854b1a,69fded1d62446148bd84903f,"OUTFRONT Media, LLC / Gannett Outdoor Co., Inc.",69fdef0c3b208288e0a796fa,"3rd093 - 85th & Wornall Retail {Tower Bridge Investements, LLC} (fka St. John Development)",evidenceOfInsurance,Evidence of Insurance,excessOrUmbrellaLiability,Umbrella/Excess Liability,evidenceOfInsuranceExcessOrUmbrellaLiabilityAggregate,Aggregate,,matchOnce,must be greater or equal to,1000000,,non_compliant,Block Requirements,,,false,0,,2026-08-16
"Block Real Estate Services, LLC",69fdf74a62446148bd854b1a,69fded1d62446148bd84903f,"OUTFRONT Media, LLC / Gannett Outdoor Co., Inc.",69fdef0c3b208288e0a796fa,"3rd093 - 85th & Wornall Retail {Tower Bridge Investements, LLC} (fka St. John Development)",evidenceOfInsurance,Evidence of Insurance,workersCompensation,Workers' Compensation and Employer's Liability,evidenceOfInsuranceWorkersCompensationStatutoryLimits,Statutory Limits,,matchOnce,must be present,,,non_compliant,Block Requirements,,,false,0,,2026-08-16
"Block Real Estate Services, LLC",69fdf74a62446148bd854b1a,69fded1d62446148bd84903f,"OUTFRONT Media, LLC / Gannett Outdoor Co., Inc.",69fdef0c3b208288e0a796fa,"3rd093 - 85th & Wornall Retail {Tower Bridge Investements, LLC} (fka St. John Development)",evidenceOfInsurance,Evidence of Insurance,workersCompensation,Workers' Compensation and Employer's Liability,evidenceOfInsuranceWorkersCompensationEmployersLiabilityEachAccident,Employer's Liability Each Accident,,matchOnce,must be greater or equal to,500000,,non_compliant,Block Requirements,,,false,0,,2026-08-16
"Block Real Estate Services, LLC",69fdf74a62446148bd854b1a,69fded1d62446148bd84903f,"OUTFRONT Media, LLC / Gannett Outdoor Co., Inc.",69fdef0c3b208288e0a796fa,"3rd093 - 85th & Wornall Retail {Tower Bridge Investements, LLC} (fka St. John Development)",evidenceOfInsurance,Evidence of Insurance,workersCompensation,Workers' Compensation and Employer's Liability,evidenceOfInsuranceWorkersCompensationEmployersLiabilityDiseaseEachEmployee,Employer's Liability Disease - each employee,,matchOnce,must be greater or equal to,500000,,non_compliant,Block Requirements,,,false,0,,2026-08-16
"Block Real Estate Services, LLC",69fdf74a62446148bd854b1a,69fded1d62446148bd84903f,"OUTFRONT Media, LLC / Gannett Outdoor Co., Inc.",69fdef0c3b208288e0a796fa,"3rd093 - 85th & Wornall Retail {Tower Bridge Investements, LLC} (fka St. John Development)",evidenceOfInsurance,Evidence of Insurance,workersCompensation,Workers' Compensation and Employer's Liability,evidenceOfInsuranceWorkersCompensationEmployersLiabilityDiseasePolicyLimit,Employer's Liability Disease - policy limit,,matchOnce,must be greater or equal to,500000,,non_compliant,Block Requirements,,,false,0,,2026-08-16
"Block Real Estate Services, LLC",69fdf74a62446148bd854b1a,69fded1d62446148bd84903f,"OUTFRONT Media, LLC / Gannett Outdoor Co., Inc.",69fdef0c3b208288e0a796fa,"3rd093 - 85th & Wornall Retail {Tower Bridge Investements, LLC} (fka St. John Development)",evidenceOfInsurance,Evidence of Insurance,workersCompensation,Workers' Compensation and Employer's Liability,evidenceOfInsuranceWorkersCompensationWaiverOfSubrogationEndorsement,Waiver of Subrogation,"---prompt---
Determine if the insurer has waived their right of subrogation in favor of the certificate holder under the Workers' Compensation policy. Evidence may include: a checked ""Waiver of Subrogation"" box on the certificate, mention in the Description of Operations section stating ""waiver of subrogation applies"", or reference to form WC 00 03 13. Look for language like ""subrogation is waived"" or ""per written contract"".",matchOnce,must be present,,,non_compliant,Block Requirements,,,false,0,,2026-08-16
"Block Real Estate Services, LLC",69fdf74a62446148bd854b1a,69fded1d62446148bd84903f,"OUTFRONT Media, LLC / Gannett Outdoor Co., Inc.",69fdef0c3b208288e0a796fa,"3rd093 - 85th & Wornall Retail {Tower Bridge Investements, LLC} (fka St. John Development)",evidenceOfInsurance,Evidence of Insurance,6ac20aae-5728-5d57-b364-aeba38527dba,Additional Requirements,4da5b0f1-4c9d-5885-8cf8-5d3cccaed3e0,"Block Real Estate Services, LLC and all others required by contract are named as Additional Insureds","---prompt---
Determine if the Description of Operations or the Additional Remarks Schedule section states the ""Additional Insured as Construction Management, Inc. and all others required by contract"" or reference to blanket additional insured coverage. Look for language like ""certificate holder is additional insured"" or ""per written contract"".",matchOnce,must be present,,,non_compliant,Block Requirements,,,true,0,,2026-08-16
"Block Real Estate Services, LLC",69fdf74a62446148bd854b1a,69fded1d62446148bd84903f,"OUTFRONT Media, LLC / Gannett Outdoor Co., Inc.",69fdef0c3b208288e0a796fa,"3rd093 - 85th & Wornall Retail {Tower Bridge Investements, LLC} (fka St. John Development)",evidenceOfInsurance,Evidence of Insurance,6ac20aae-5728-5d57-b364-aeba38527dba,Additional Requirements,e1017741-e47e-5f58-97b8-fbc3043e919f,Umbrella follows form over General Liability,"---prompt---
Determine if the Umbrella/Excess Liability policy follows form to the underlying policies. Evidence may include: language in the Description of Operations section stating the umbrella follows form to underlying coverages or an additional page endorsement stating that it follows form. Follow form means the umbrella policy adopts the same terms, conditions, and exclusions as the underlying policies.",matchOnce,must be present,,,non_compliant,Block Requirements,,,true,0,,2026-08-16
"Block Real Estate Services, LLC",69fdf74a62446148bd854b1a,69fded1d62446148bd84903f,"OUTFRONT Media, LLC / Gannett Outdoor Co., Inc.",69fdef0c3b208288e0a796fa,"3rd093 - 85th & Wornall Retail {Tower Bridge Investements, LLC} (fka St. John Development)",evidenceOfInsurance,Evidence of Insurance,6ac20aae-5728-5d57-b364-aeba38527dba,Additional Requirements,2cdd866f-c9a4-576a-afd8-1d045762790c,"The location must be listed as: Outdoor space on Wornall Road, Kansas City, MO, 64114","---prompt---
Determine if the Description of Operations or the Additional Remarks Schedule section states the location indicated in value field",matchOnce,must be present,,,non_compliant,Block Requirements,,,true,0,,2026-08-16
"Block Real Estate Services, LLC",69fdf74a62446148bd854b1a,69fded1d62446148bd84903f,"OUTFRONT Media, LLC / Gannett Outdoor Co., Inc.",69fdef0c3b208288e0a796fa,"3rd093 - 85th & Wornall Retail {Tower Bridge Investements, LLC} (fka St. John Development)",evidenceOfInsurance,Evidence of Insurance,6ac20aae-5728-5d57-b364-aeba38527dba,Additional Requirements,3649e9d1-4e09-59bf-8f30-cb33c40cf117,"Certificate Holder must read: c/o Block Real Estate Services, LLC, 4622 Pennsylvania St., Suite 700, Kansas City, MO, 64112",,matchOnce,must be present,,,non_compliant,Block Requirements,,,true,0,,2026-08-16
"Block Real Estate Services, LLC",69fdf74a62446148bd854b1d,69fded2562446148bd8492d3,Yia Yias Tattoo Parlor LLC,69fdef0c3b208288e0a796fa,"3rd093 - 85th & Wornall Retail {Tower Bridge Investements, LLC} (fka St. John Development)",evidenceOfInsurance,Evidence of Insurance,commercialGeneralLiability,Commercial General Liability,evidenceOfInsuranceCommercialGeneralLiabilityCoverageTriggerOccurrence,Coverage Trigger: Occurrence,,matchOnce,must be present,,,non_compliant,Block Requirements,,,false,0,,2026-08-16
"Block Real Estate Services, LLC",69fdf74a62446148bd854b1d,69fded2562446148bd8492d3,Yia Yias Tattoo Parlor LLC,69fdef0c3b208288e0a796fa,"3rd093 - 85th & Wornall Retail {Tower Bridge Investements, LLC} (fka St. John Development)",evidenceOfInsurance,Evidence of Insurance,commercialGeneralLiability,Commercial General Liability,evidenceOfInsuranceCommercialGeneralLiabilityGeneralAggregateLimitAppliesPerLocation,General Aggregate Limit Applies per: Location,,matchOnce,must be present,,,non_compliant,Block Requirements,,,false,0,,2026-08-16
"Block Real Estate Services, LLC",69fdf74a62446148bd854b1d,69fded2562446148bd8492d3,Yia Yias Tattoo Parlor LLC,69fdef0c3b208288e0a796fa,"3rd093 - 85th & Wornall Retail {Tower Bridge Investements, LLC} (fka St. John Development)",evidenceOfInsurance,Evidence of Insurance,commercialGeneralLiability,Commercial General Liability,evidenceOfInsuranceCommercialGeneralLiabilityEachOccurrence,Each Occurrence,,matchOnce,must be greater or equal to,1000000,,non_compliant,Block Requirements,,,false,0,,2026-08-16
"Block Real Estate Services, LLC",69fdf74a62446148bd854b1d,69fded2562446148bd8492d3,Yia Yias Tattoo Parlor LLC,69fdef0c3b208288e0a796fa,"3rd093 - 85th & Wornall Retail {Tower Bridge Investements, LLC} (fka St. John Development)",evidenceOfInsurance,Evidence of Insurance,commercialGeneralLiability,Commercial General Liability,evidenceOfInsuranceCommercialGeneralLiabilityGeneralAggregate,General Aggregate,,matchOnce,must be greater or equal to,2000000,,non_compliant,Block Requirements,,,false,0,,2026-08-16
"Block Real Estate Services, LLC",69fdf74a62446148bd854b1d,69fded2562446148bd8492d3,Yia Yias Tattoo Parlor LLC,69fdef0c3b208288e0a796fa,"3rd093 - 85th & Wornall Retail {Tower Bridge Investements, LLC} (fka St. John Development)",evidenceOfInsurance,Evidence of Insurance,commercialGeneralLiability,Commercial General Liability,evidenceOfInsuranceCommercialGeneralLiabilityWaiverOfSubrogationEndorsement,Waiver of Subrogation,"---prompt---
Determine if the insurer has waived their right of subrogation in favor of the certificate holder under the Commercial General Liability policy. Evidence may include: a checked ""Waiver of Subrogation"" box on the certificate, mention in the Description of Operations section stating ""waiver of subrogation applies"", or reference to form CG 24 04. Look for language like ""subrogation is waived"" or ""per written contract"".",matchOnce,must be present,,,non_compliant,Block Requirements,,,false,0,,2026-08-16
"Block Real Estate Services, LLC",69fdf74a62446148bd854b1d,69fded2562446148bd8492d3,Yia Yias Tattoo Parlor LLC,69fdef0c3b208288e0a796fa,"3rd093 - 85th & Wornall Retail {Tower Bridge Investements, LLC} (fka St. John Development)",evidenceOfInsurance,Evidence of Insurance,excessOrUmbrellaLiability,Umbrella/Excess Liability,evidenceOfInsuranceExcessOrUmbrellaLiabilityOccurence,Coverage Trigger: Occurrence,,matchOnce,must be present,,,non_compliant,Block Requirements,,,false,0,,2026-08-16
"Block Real Estate Services, LLC",69fdf74a62446148bd854b1d,69fded2562446148bd8492d3,Yia Yias Tattoo Parlor LLC,69fdef0c3b208288e0a796fa,"3rd093 - 85th & Wornall Retail {Tower Bridge Investements, LLC} (fka St. John Development)",evidenceOfInsurance,Evidence of Insurance,excessOrUmbrellaLiability,Umbrella/Excess Liability,evidenceOfInsuranceExcessOrUmbrellaLiabilityEachOccurrence,Each Occurrence,,matchOnce,must be greater or equal to,1000000,,non_compliant,Block Requirements,,,false,0,,2026-08-16
"Block Real Estate Services, LLC",69fdf74a62446148bd854b1d,69fded2562446148bd8492d3,Yia Yias Tattoo Parlor LLC,69fdef0c3b208288e0a796fa,"3rd093 - 85th & Wornall Retail {Tower Bridge Investements, LLC} (fka St. John Development)",evidenceOfInsurance,Evidence of Insurance,excessOrUmbrellaLiability,Umbrella/Excess Liability,evidenceOfInsuranceExcessOrUmbrellaLiabilityAggregate,Aggregate,,matchOnce,must be greater or equal to,1000000,,non_compliant,Block Requirements,,,false,0,,2026-08-16
"Block Real Estate Services, LLC",69fdf74a62446148bd854b1d,69fded2562446148bd8492d3,Yia Yias Tattoo Parlor LLC,69fdef0c3b208288e0a796fa,"3rd093 - 85th & Wornall Retail {Tower Bridge Investements, LLC} (fka St. John Development)",evidenceOfInsurance,Evidence of Insurance,workersCompensation,Workers' Compensation and Employer's Liability,evidenceOfInsuranceWorkersCompensationStatutoryLimits,Statutory Limits,,matchOnce,must be present,,,non_compliant,Block Requirements,,,false,0,,2026-08-16
"Block Real Estate Services, LLC",69fdf74a62446148bd854b1d,69fded2562446148bd8492d3,Yia Yias Tattoo Parlor LLC,69fdef0c3b208288e0a796fa,"3rd093 - 85th & Wornall Retail {Tower Bridge Investements, LLC} (fka St. John Development)",evidenceOfInsurance,Evidence of Insurance,workersCompensation,Workers' Compensation and Employer's Liability,evidenceOfInsuranceWorkersCompensationEmployersLiabilityEachAccident,Employer's Liability Each Accident,,matchOnce,must be greater or equal to,500000,,non_compliant,Block Requirements,,,false,0,,2026-08-16
"Block Real Estate Services, LLC",69fdf74a62446148bd854b1d,69fded2562446148bd8492d3,Yia Yias Tattoo Parlor LLC,69fdef0c3b208288e0a796fa,"3rd093 - 85th & Wornall Retail {Tower Bridge Investements, LLC} (fka St. John Development)",evidenceOfInsurance,Evidence of Insurance,workersCompensation,Workers' Compensation and Employer's Liability,evidenceOfInsuranceWorkersCompensationEmployersLiabilityDiseaseEachEmployee,Employer's Liability Disease - each employee,,matchOnce,must be greater or equal to,500000,,non_compliant,Block Requirements,,,false,0,,2026-08-16
"Block Real Estate Services, LLC",69fdf74a62446148bd854b1d,69fded2562446148bd8492d3,Yia Yias Tattoo Parlor LLC,69fdef0c3b208288e0a796fa,"3rd093 - 85th & Wornall Retail {Tower Bridge Investements, LLC} (fka St. John Development)",evidenceOfInsurance,Evidence of Insurance,workersCompensation,Workers' Compensation and Employer's Liability,evidenceOfInsuranceWorkersCompensationEmployersLiabilityDiseasePolicyLimit,Employer's Liability Disease - policy limit,,matchOnce,must be greater or equal to,500000,,non_compliant,Block Requirements,,,false,0,,2026-08-16
"Block Real Estate Services, LLC",69fdf74a62446148bd854b1d,69fded2562446148bd8492d3,Yia Yias Tattoo Parlor LLC,69fdef0c3b208288e0a796fa,"3rd093 - 85th & Wornall Retail {Tower Bridge Investements, LLC} (fka St. John Development)",evidenceOfInsurance,Evidence of Insurance,workersCompensation,Workers' Compensation and Employer's Liability,evidenceOfInsuranceWorkersCompensationWaiverOfSubrogationEndorsement,Waiver of Subrogation,"---prompt---
Determine if the insurer has waived their right of subrogation in favor of the certificate holder under the Workers' Compensation policy. Evidence may include: a checked ""Waiver of Subrogation"" box on the certificate, mention in the Description of Operations section stating ""waiver of subrogation applies"", or reference to form WC 00 03 13. Look for language like ""subrogation is waived"" or ""per written contract"".",matchOnce,must be present,,,non_compliant,Block Requirements,,,false,0,,2026-08-16
"Block Real Estate Services, LLC",69fdf74a62446148bd854b1d,69fded2562446148bd8492d3,Yia Yias Tattoo Parlor LLC,69fdef0c3b208288e0a796fa,"3rd093 - 85th & Wornall Retail {Tower Bridge Investements, LLC} (fka St. John Development)",evidenceOfInsurance,Evidence of Insurance,6ac20aae-5728-5d57-b364-aeba38527dba,Additional Requirements,4da5b0f1-4c9d-5885-8cf8-5d3cccaed3e0,"Block Real Estate Services, LLC and all others required by contract are named as Additional Insureds","---prompt---
Determine if the Description of Operations or the Additional Remarks Schedule section states the ""Additional Insured as Construction Management, Inc. and all others required by contract"" or reference to blanket additional insured coverage. Look for language like ""certificate holder is additional insured"" or ""per written contract"".",matchOnce,must be present,,,non_compliant,Block Requirements,,,true,0,,2026-08-16
"Block Real Estate Services, LLC",69fdf74a62446148bd854b1d,69fded2562446148bd8492d3,Yia Yias Tattoo Parlor LLC,69fdef0c3b208288e0a796fa,"3rd093 - 85th & Wornall Retail {Tower Bridge Investements, LLC} (fka St. John Development)",evidenceOfInsurance,Evidence of Insurance,6ac20aae-5728-5d57-b364-aeba38527dba,Additional Requirements,e1017741-e47e-5f58-97b8-fbc3043e919f,Umbrella follows form over General Liability,"---prompt---
Determine if the Umbrella/Excess Liability policy follows form to the underlying policies. Evidence may include: language in the Description of Operations section stating the umbrella follows form to underlying coverages or an additional page endorsement stating that it follows form. Follow form means the umbrella policy adopts the same terms, conditions, and exclusions as the underlying policies.",matchOnce,must be present,,,non_compliant,Block Requirements,,,true,0,,2026-08-16
"Block Real Estate Services, LLC",69fdf74a62446148bd854b1d,69fded2562446148bd8492d3,Yia Yias Tattoo Parlor LLC,69fdef0c3b208288e0a796fa,"3rd093 - 85th & Wornall Retail {Tower Bridge Investements, LLC} (fka St. John Development)",evidenceOfInsurance,Evidence of Insurance,6ac20aae-5728-5d57-b364-aeba38527dba,Additional Requirements,2cdd866f-c9a4-576a-afd8-1d045762790c,"The location must be listed as: 8439 Wornall Road, Kansas City, MO, 64114","---prompt---
Determine if the Description of Operations or the Additional Remarks Schedule section states the location indicated in value field",matchOnce,must be present,,,non_compliant,Block Requirements,,,true,0,,2026-08-16
"Block Real Estate Services, LLC",69fdf74a62446148bd854b1d,69fded2562446148bd8492d3,Yia Yias Tattoo Parlor LLC,69fdef0c3b208288e0a796fa,"3rd093 - 85th & Wornall Retail {Tower Bridge Investements, LLC} (fka St. John Development)",evidenceOfInsurance,Evidence of Insurance,6ac20aae-5728-5d57-b364-aeba38527dba,Additional Requirements,3649e9d1-4e09-59bf-8f30-cb33c40cf117,"Certificate Holder must read: c/o Block Real Estate Services, LLC, 4622 Pennsylvania St., Suite 700, Kansas City, MO, 64112",,matchOnce,must be present,,,non_compliant,Block Requirements,,,true,0,,2026-08-16
"Block Real Estate Services, LLC",6a16fdd132d89b0ceba8097d,6a16fd4062a03ce510d12d9b,"Liberda Consulting, LLC",69fdef0c3b208288e0a796fa,"3rd093 - 85th & Wornall Retail {Tower Bridge Investements, LLC} (fka St. John Development)",evidenceOfInsurance,Evidence of Insurance,commercialGeneralLiability,Commercial General Liability,evidenceOfInsuranceCommercialGeneralLiabilityCoverageTriggerOccurrence,Coverage Trigger: Occurrence,,matchOnce,must be present,,,non_compliant,Block Requirements,,,false,0,,2026-08-16
"Block Real Estate Services, LLC",6a16fdd132d89b0ceba8097d,6a16fd4062a03ce510d12d9b,"Liberda Consulting, LLC",69fdef0c3b208288e0a796fa,"3rd093 - 85th & Wornall Retail {Tower Bridge Investements, LLC} (fka St. John Development)",evidenceOfInsurance,Evidence of Insurance,commercialGeneralLiability,Commercial General Liability,evidenceOfInsuranceCommercialGeneralLiabilityGeneralAggregateLimitAppliesPerLocation,General Aggregate Limit Applies per: Location,,matchOnce,must be present,,,non_compliant,Block Requirements,,,false,0,,2026-08-16
"Block Real Estate Services, LLC",6a16fdd132d89b0ceba8097d,6a16fd4062a03ce510d12d9b,"Liberda Consulting, LLC",69fdef0c3b208288e0a796fa,"3rd093 - 85th & Wornall Retail {Tower Bridge Investements, LLC} (fka St. John Development)",evidenceOfInsurance,Evidence of Insurance,commercialGeneralLiability,Commercial General Liability,evidenceOfInsuranceCommercialGeneralLiabilityEachOccurrence,Each Occurrence,,matchOnce,must be greater or equal to,1000000,,non_compliant,Block Requirements,,,false,0,,2026-08-16
"Block Real Estate Services, LLC",6a16fdd132d89b0ceba8097d,6a16fd4062a03ce510d12d9b,"Liberda Consulting, LLC",69fdef0c3b208288e0a796fa,"3rd093 - 85th & Wornall Retail {Tower Bridge Investements, LLC} (fka St. John Development)",evidenceOfInsurance,Evidence of Insurance,commercialGeneralLiability,Commercial General Liability,evidenceOfInsuranceCommercialGeneralLiabilityGeneralAggregate,General Aggregate,,matchOnce,must be greater or equal to,2000000,,non_compliant,Block Requirements,,,false,0,,2026-08-16
"Block Real Estate Services, LLC",6a16fdd132d89b0ceba8097d,6a16fd4062a03ce510d12d9b,"Liberda Consulting, LLC",69fdef0c3b208288e0a796fa,"3rd093 - 85th & Wornall Retail {Tower Bridge Investements, LLC} (fka St. John Development)",evidenceOfInsurance,Evidence of Insurance,commercialGeneralLiability,Commercial General Liability,evidenceOfInsuranceCommercialGeneralLiabilityWaiverOfSubrogationEndorsement,Waiver of Subrogation,"---prompt---
Determine if the insurer has waived their right of subrogation in favor of the certificate holder under the Commercial General Liability policy. Evidence may include: a checked ""Waiver of Subrogation"" box on the certificate, mention in the Description of Operations section stating ""waiver of subrogation applies"", or reference to form CG 24 04. Look for language like ""subrogation is waived"" or ""per written contract"".",matchOnce,must be present,,,non_compliant,Block Requirements,,,false,0,,2026-08-16
"Block Real Estate Services, LLC",6a16fdd132d89b0ceba8097d,6a16fd4062a03ce510d12d9b,"Liberda Consulting, LLC",69fdef0c3b208288e0a796fa,"3rd093 - 85th & Wornall Retail {Tower Bridge Investements, LLC} (fka St. John Development)",evidenceOfInsurance,Evidence of Insurance,excessOrUmbrellaLiability,Umbrella/Excess Liability,evidenceOfInsuranceExcessOrUmbrellaLiabilityOccurence,Coverage Trigger: Occurrence,,matchOnce,must be present,,,non_compliant,Block Requirements,,,false,0,,2026-08-16
"Block Real Estate Services, LLC",6a16fdd132d89b0ceba8097d,6a16fd4062a03ce510d12d9b,"Liberda Consulting, LLC",69fdef0c3b208288e0a796fa,"3rd093 - 85th & Wornall Retail {Tower Bridge Investements, LLC} (fka St. John Development)",evidenceOfInsurance,Evidence of Insurance,excessOrUmbrellaLiability,Umbrella/Excess Liability,evidenceOfInsuranceExcessOrUmbrellaLiabilityEachOccurrence,Each Occurrence,,matchOnce,must be greater or equal to,1000000,,non_compliant,Block Requirements,,,false,0,,2026-08-16
"Block Real Estate Services, LLC",6a16fdd132d89b0ceba8097d,6a16fd4062a03ce510d12d9b,"Liberda Consulting, LLC",69fdef0c3b208288e0a796fa,"3rd093 - 85th & Wornall Retail {Tower Bridge Investements, LLC} (fka St. John Development)",evidenceOfInsurance,Evidence of Insurance,excessOrUmbrellaLiability,Umbrella/Excess Liability,evidenceOfInsuranceExcessOrUmbrellaLiabilityAggregate,Aggregate,,matchOnce,must be greater or equal to,1000000,,non_compliant,Block Requirements,,,false,0,,2026-08-16
"Block Real Estate Services, LLC",6a16fdd132d89b0ceba8097d,6a16fd4062a03ce510d12d9b,"Liberda Consulting, LLC",69fdef0c3b208288e0a796fa,"3rd093 - 85th & Wornall Retail {Tower Bridge Investements, LLC} (fka St. John Development)",evidenceOfInsurance,Evidence of Insurance,workersCompensation,Workers' Compensation and Employer's Liability,evidenceOfInsuranceWorkersCompensationStatutoryLimits,Statutory Limits,,matchOnce,must be present,,,non_compliant,Block Requirements,,,false,0,,2026-08-16
"Block Real Estate Services, LLC",6a16fdd132d89b0ceba8097d,6a16fd4062a03ce510d12d9b,"Liberda Consulting, LLC",69fdef0c3b208288e0a796fa,"3rd093 - 85th & Wornall Retail {Tower Bridge Investements, LLC} (fka St. John Development)",evidenceOfInsurance,Evidence of Insurance,workersCompensation,Workers' Compensation and Employer's Liability,evidenceOfInsuranceWorkersCompensationEmployersLiabilityEachAccident,Employer's Liability Each Accident,,matchOnce,must be greater or equal to,500000,,non_compliant,Block Requirements,,,false,0,,2026-08-16
"Block Real Estate Services, LLC",6a16fdd132d89b0ceba8097d,6a16fd4062a03ce510d12d9b,"Liberda Consulting, LLC",69fdef0c3b208288e0a796fa,"3rd093 - 85th & Wornall Retail {Tower Bridge Investements, LLC} (fka St. John Development)",evidenceOfInsurance,Evidence of Insurance,workersCompensation,Workers' Compensation and Employer's Liability,evidenceOfInsuranceWorkersCompensationEmployersLiabilityDiseaseEachEmployee,Employer's Liability Disease - each employee,,matchOnce,must be greater or equal to,500000,,non_compliant,Block Requirements,,,false,0,,2026-08-16
"Block Real Estate Services, LLC",6a16fdd132d89b0ceba8097d,6a16fd4062a03ce510d12d9b,"Liberda Consulting, LLC",69fdef0c3b208288e0a796fa,"3rd093 - 85th & Wornall Retail {Tower Bridge Investements, LLC} (fka St. John Development)",evidenceOfInsurance,Evidence of Insurance,workersCompensation,Workers' Compensation and Employer's Liability,evidenceOfInsuranceWorkersCompensationEmployersLiabilityDiseasePolicyLimit,Employer's Liability Disease - policy limit,,matchOnce,must be greater or equal to,500000,,non_compliant,Block Requirements,,,false,0,,2026-08-16
"Block Real Estate Services, LLC",6a16fdd132d89b0ceba8097d,6a16fd4062a03ce510d12d9b,"Liberda Consulting, LLC",69fdef0c3b208288e0a796fa,"3rd093 - 85th & Wornall Retail {Tower Bridge Investements, LLC} (fka St. John Development)",evidenceOfInsurance,Evidence of Insurance,workersCompensation,Workers' Compensation and Employer's Liability,evidenceOfInsuranceWorkersCompensationWaiverOfSubrogationEndorsement,Waiver of Subrogation,"---prompt---
Determine if the insurer has waived their right of subrogation in favor of the certificate holder under the Workers' Compensation policy. Evidence may include: a checked ""Waiver of Subrogation"" box on the certificate, mention in the Description of Operations section stating ""waiver of subrogation applies"", or reference to form WC 00 03 13. Look for language like ""subrogation is waived"" or ""per written contract"".",matchOnce,must be present,,,non_compliant,Block Requirements,,,false,0,,2026-08-16
"Block Real Estate Services, LLC",6a16fdd132d89b0ceba8097d,6a16fd4062a03ce510d12d9b,"Liberda Consulting, LLC",69fdef0c3b208288e0a796fa,"3rd093 - 85th & Wornall Retail {Tower Bridge Investements, LLC} (fka St. John Development)",evidenceOfInsurance,Evidence of Insurance,6ac20aae-5728-5d57-b364-aeba38527dba,Additional Requirements,4da5b0f1-4c9d-5885-8cf8-5d3cccaed3e0,"Block Real Estate Services, LLC and all others required by contract are named as Additional Insureds","---prompt---
Determine if the Description of Operations or the Additional Remarks Schedule section states the ""Additional Insured as Construction Management, Inc. and all others required by contract"" or reference to blanket additional insured coverage. Look for language like ""certificate holder is additional insured"" or ""per written contract"".",matchOnce,must be present,,,non_compliant,Block Requirements,,,true,0,,2026-08-16
"Block Real Estate Services, LLC",6a16fdd132d89b0ceba8097d,6a16fd4062a03ce510d12d9b,"Liberda Consulting, LLC",69fdef0c3b208288e0a796fa,"3rd093 - 85th & Wornall Retail {Tower Bridge Investements, LLC} (fka St. John Development)",evidenceOfInsurance,Evidence of Insurance,6ac20aae-5728-5d57-b364-aeba38527dba,Additional Requirements,e1017741-e47e-5f58-97b8-fbc3043e919f,Umbrella follows form over General Liability,"---prompt---
Determine if the Umbrella/Excess Liability policy follows form to the underlying policies. Evidence may include: language in the Description of Operations section stating the umbrella follows form to underlying coverages or an additional page endorsement stating that it follows form. Follow form means the umbrella policy adopts the same terms, conditions, and exclusions as the underlying policies.",matchOnce,must be present,,,non_compliant,Block Requirements,,,true,0,,2026-08-16
"Block Real Estate Services, LLC",6a16fdd132d89b0ceba8097d,6a16fd4062a03ce510d12d9b,"Liberda Consulting, LLC",69fdef0c3b208288e0a796fa,"3rd093 - 85th & Wornall Retail {Tower Bridge Investements, LLC} (fka St. John Development)",evidenceOfInsurance,Evidence of Insurance,6ac20aae-5728-5d57-b364-aeba38527dba,Additional Requirements,2cdd866f-c9a4-576a-afd8-1d045762790c,"The location must be listed as: 1/2 of 8435(A) Wornall Road, Kansas City, MO, 64114","---prompt---
Determine if the Description of Operations or the Additional Remarks Schedule section states the location indicated in value field",matchOnce,must be present,,,non_compliant,Block Requirements,,,true,0,,2026-08-16
"Block Real Estate Services, LLC",6a16fdd132d89b0ceba8097d,6a16fd4062a03ce510d12d9b,"Liberda Consulting, LLC",69fdef0c3b208288e0a796fa,"3rd093 - 85th & Wornall Retail {Tower Bridge Investements, LLC} (fka St. John Development)",evidenceOfInsurance,Evidence of Insurance,6ac20aae-5728-5d57-b364-aeba38527dba,Additional Requirements,3649e9d1-4e09-59bf-8f30-cb33c40cf117,"Certificate Holder must read: c/o Block Real Estate Services, LLC, 4622 Pennsylvania St., Suite 700, Kansas City, MO, 64112",,matchOnce,must be present,,,non_compliant,Block Requirements,,,true,0,,2026-08-16
"Block Real Estate Services, LLC",6a19b8bd42ed595e4baf76b9,6a19b8b18805769e5038a2ed,Savor Strategy,69fdef0c3b208288e0a796fa,"3rd093 - 85th & Wornall Retail {Tower Bridge Investements, LLC} (fka St. John Development)",evidenceOfInsurance,Evidence of Insurance,commercialGeneralLiability,Commercial General Liability,evidenceOfInsuranceCommercialGeneralLiabilityCoverageTriggerOccurrence,Coverage Trigger: Occurrence,,matchOnce,must be present,,Present,compliant,Block Requirements,,,false,1,,2026-08-16
"Block Real Estate Services, LLC",6a19b8bd42ed595e4baf76b9,6a19b8b18805769e5038a2ed,Savor Strategy,69fdef0c3b208288e0a796fa,"3rd093 - 85th & Wornall Retail {Tower Bridge Investements, LLC} (fka St. John Development)",evidenceOfInsurance,Evidence of Insurance,commercialGeneralLiability,Commercial General Liability,evidenceOfInsuranceCommercialGeneralLiabilityGeneralAggregateLimitAppliesPerLocation,General Aggregate Limit Applies per: Location,,matchOnce,must be present,,Present,compliant,Block Requirements,,,false,1,,2026-08-16
"Block Real Estate Services, LLC",6a19b8bd42ed595e4baf76b9,6a19b8b18805769e5038a2ed,Savor Strategy,69fdef0c3b208288e0a796fa,"3rd093 - 85th & Wornall Retail {Tower Bridge Investements, LLC} (fka St. John Development)",evidenceOfInsurance,Evidence of Insurance,commercialGeneralLiability,Commercial General Liability,evidenceOfInsuranceCommercialGeneralLiabilityEachOccurrence,Each Occurrence,,matchOnce,must be greater or equal to,1000000,1000000,compliant,Block Requirements,,,false,1,,2026-08-16
"Block Real Estate Services, LLC",6a19b8bd42ed595e4baf76b9,6a19b8b18805769e5038a2ed,Savor Strategy,69fdef0c3b208288e0a796fa,"3rd093 - 85th & Wornall Retail {Tower Bridge Investements, LLC} (fka St. John Development)",evidenceOfInsurance,Evidence of Insurance,commercialGeneralLiability,Commercial General Liability,evidenceOfInsuranceCommercialGeneralLiabilityGeneralAggregate,General Aggregate,,matchOnce,must be greater or equal to,2000000,2000000,compliant,Block Requirements,,,false,1,,2026-08-16
"Block Real Estate Services, LLC",6a19b8bd42ed595e4baf76b9,6a19b8b18805769e5038a2ed,Savor Strategy,69fdef0c3b208288e0a796fa,"3rd093 - 85th & Wornall Retail {Tower Bridge Investements, LLC} (fka St. John Development)",evidenceOfInsurance,Evidence of Insurance,commercialGeneralLiability,Commercial General Liability,evidenceOfInsuranceCommercialGeneralLiabilityWaiverOfSubrogationEndorsement,Waiver of Subrogation,"---prompt---
Determine if the insurer has waived their right of subrogation in favor of the certificate holder under the Commercial General Liability policy. Evidence may include: a checked ""Waiver of Subrogation"" box on the certificate, mention in the Description of Operations section stating ""waiver of subrogation applies"", or reference to form CG 24 04. Look for language like ""subrogation is waived"" or ""per written contract"".",matchOnce,must be present,,,non_compliant,Block Requirements,,,false,0,,2026-08-16
"Block Real Estate Services, LLC",6a19b8bd42ed595e4baf76b9,6a19b8b18805769e5038a2ed,Savor Strategy,69fdef0c3b208288e0a796fa,"3rd093 - 85th & Wornall Retail {Tower Bridge Investements, LLC} (fka St. John Development)",evidenceOfInsurance,Evidence of Insurance,excessOrUmbrellaLiability,Umbrella/Excess Liability,evidenceOfInsuranceExcessOrUmbrellaLiabilityOccurence,Coverage Trigger: Occurrence,,matchOnce,must be present,,,non_compliant,Block Requirements,,,false,0,,2026-08-16
"Block Real Estate Services, LLC",6a19b8bd42ed595e4baf76b9,6a19b8b18805769e5038a2ed,Savor Strategy,69fdef0c3b208288e0a796fa,"3rd093 - 85th & Wornall Retail {Tower Bridge Investements, LLC} (fka St. John Development)",evidenceOfInsurance,Evidence of Insurance,excessOrUmbrellaLiability,Umbrella/Excess Liability,evidenceOfInsuranceExcessOrUmbrellaLiabilityEachOccurrence,Each Occurrence,,matchOnce,must be greater or equal to,1000000,,non_compliant,Block Requirements,,,false,0,,2026-08-16
"Block Real Estate Services, LLC",6a19b8bd42ed595e4baf76b9,6a19b8b18805769e5038a2ed,Savor Strategy,69fdef0c3b208288e0a796fa,"3rd093 - 85th & Wornall Retail {Tower Bridge Investements, LLC} (fka St. John Development)",evidenceOfInsurance,Evidence of Insurance,excessOrUmbrellaLiability,Umbrella/Excess Liability,evidenceOfInsuranceExcessOrUmbrellaLiabilityAggregate,Aggregate,,matchOnce,must be greater or equal to,1000000,,non_compliant,Block Requirements,,,false,0,,2026-08-16
"Block Real Estate Services, LLC",6a19b8bd42ed595e4baf76b9,6a19b8b18805769e5038a2ed,Savor Strategy,69fdef0c3b208288e0a796fa,"3rd093 - 85th & Wornall Retail {Tower Bridge Investements, LLC} (fka St. John Development)",evidenceOfInsurance,Evidence of Insurance,workersCompensation,Workers' Compensation and Employer's Liability,evidenceOfInsuranceWorkersCompensationStatutoryLimits,Statutory Limits,,matchOnce,must be present,,,non_compliant,Block Requirements,,,false,0,,2026-08-16
"Block Real Estate Services, LLC",6a19b8bd42ed595e4baf76b9,6a19b8b18805769e5038a2ed,Savor Strategy,69fdef0c3b208288e0a796fa,"3rd093 - 85th & Wornall Retail {Tower Bridge Investements, LLC} (fka St. John Development)",evidenceOfInsurance,Evidence of Insurance,workersCompensation,Workers' Compensation and Employer's Liability,evidenceOfInsuranceWorkersCompensationEmployersLiabilityEachAccident,Employer's Liability Each Accident,,matchOnce,must be greater or equal to,500000,,non_compliant,Block Requirements,,,false,0,,2026-08-16
"Block Real Estate Services, LLC",6a19b8bd42ed595e4baf76b9,6a19b8b18805769e5038a2ed,Savor Strategy,69fdef0c3b208288e0a796fa,"3rd093 - 85th & Wornall Retail {Tower Bridge Investements, LLC} (fka St. John Development)",evidenceOfInsurance,Evidence of Insurance,workersCompensation,Workers' Compensation and Employer's Liability,evidenceOfInsuranceWorkersCompensationEmployersLiabilityDiseaseEachEmployee,Employer's Liability Disease - each employee,,matchOnce,must be greater or equal to,500000,,non_compliant,Block Requirements,,,false,0,,2026-08-16
"Block Real Estate Services, LLC",6a19b8bd42ed595e4baf76b9,6a19b8b18805769e5038a2ed,Savor Strategy,69fdef0c3b208288e0a796fa,"3rd093 - 85th & Wornall Retail {Tower Bridge Investements, LLC} (fka St. John Development)",evidenceOfInsurance,Evidence of Insurance,workersCompensation,Workers' Compensation and Employer's Liability,evidenceOfInsuranceWorkersCompensationEmployersLiabilityDiseasePolicyLimit,Employer's Liability Disease - policy limit,,matchOnce,must be greater or equal to,500000,,non_compliant,Block Requirements,,,false,0,,2026-08-16
"Block Real Estate Services, LLC",6a19b8bd42ed595e4baf76b9,6a19b8b18805769e5038a2ed,Savor Strategy,69fdef0c3b208288e0a796fa,"3rd093 - 85th & Wornall Retail {Tower Bridge Investements, LLC} (fka St. John Development)",evidenceOfInsurance,Evidence of Insurance,workersCompensation,Workers' Compensation and Employer's Liability,evidenceOfInsuranceWorkersCompensationWaiverOfSubrogationEndorsement,Waiver of Subrogation,"---prompt---
Determine if the insurer has waived their right of subrogation in favor of the certificate holder under the Workers' Compensation policy. Evidence may include: a checked ""Waiver of Subrogation"" box on the certificate, mention in the Description of Operations section stating ""waiver of subrogation applies"", or reference to form WC 00 03 13. Look for language like ""subrogation is waived"" or ""per written contract"".",matchOnce,must be present,,,non_compliant,Block Requirements,,,false,0,,2026-08-16
"Block Real Estate Services, LLC",6a19b8bd42ed595e4baf76b9,6a19b8b18805769e5038a2ed,Savor Strategy,69fdef0c3b208288e0a796fa,"3rd093 - 85th & Wornall Retail {Tower Bridge Investements, LLC} (fka St. John Development)",evidenceOfInsurance,Evidence of Insurance,6ac20aae-5728-5d57-b364-aeba38527dba,Additional Requirements,4da5b0f1-4c9d-5885-8cf8-5d3cccaed3e0,"Block Real Estate Services, LLC and all others required by contract are named as Additional Insureds","---prompt---
Determine if the Description of Operations or the Additional Remarks Schedule section states the ""Additional Insured as Construction Management, Inc. and all others required by contract"" or reference to blanket additional insured coverage. Look for language like ""certificate holder is additional insured"" or ""per written contract"".",matchOnce,must be present,,,non_compliant,Block Requirements,,,true,0,,2026-08-16
"Block Real Estate Services, LLC",6a19b8bd42ed595e4baf76b9,6a19b8b18805769e5038a2ed,Savor Strategy,69fdef0c3b208288e0a796fa,"3rd093 - 85th & Wornall Retail {Tower Bridge Investements, LLC} (fka St. John Development)",evidenceOfInsurance,Evidence of Insurance,6ac20aae-5728-5d57-b364-aeba38527dba,Additional Requirements,e1017741-e47e-5f58-97b8-fbc3043e919f,Umbrella follows form over General Liability,"---prompt---
Determine if the Umbrella/Excess Liability policy follows form to the underlying policies. Evidence may include: language in the Description of Operations section stating the umbrella follows form to underlying coverages or an additional page endorsement stating that it follows form. Follow form means the umbrella policy adopts the same terms, conditions, and exclusions as the underlying policies.",matchOnce,must be present,,,non_compliant,Block Requirements,,,true,0,,2026-08-16
"Block Real Estate Services, LLC",6a19b8bd42ed595e4baf76b9,6a19b8b18805769e5038a2ed,Savor Strategy,69fdef0c3b208288e0a796fa,"3rd093 - 85th & Wornall Retail {Tower Bridge Investements, LLC} (fka St. John Development)",evidenceOfInsurance,Evidence of Insurance,6ac20aae-5728-5d57-b364-aeba38527dba,Additional Requirements,2cdd866f-c9a4-576a-afd8-1d045762790c,"The location must be listed as: 8431, 8433, 1/2 of 8435(B) Wornall Road, Kansas City, MO, 64114","---prompt---
Determine if the Description of Operations or the Additional Remarks Schedule section states the location indicated in value field",matchOnce,must be present,,,non_compliant,Block Requirements,,,true,0,,2026-08-16
"Block Real Estate Services, LLC",6a19b8bd42ed595e4baf76b9,6a19b8b18805769e5038a2ed,Savor Strategy,69fdef0c3b208288e0a796fa,"3rd093 - 85th & Wornall Retail {Tower Bridge Investements, LLC} (fka St. John Development)",evidenceOfInsurance,Evidence of Insurance,6ac20aae-5728-5d57-b364-aeba38527dba,Additional Requirements,3649e9d1-4e09-59bf-8f30-cb33c40cf117,"Certificate Holder must read: c/o Block Real Estate Services, LLC, 4622 Pennsylvania St., Suite 700, Kansas City, MO, 64112",,matchOnce,must be present,,,non_compliant,Block Requirements,,,true,0,,2026-08-16
"Block Real Estate Services, LLC",6a46aa6469f1b5416f79aec5,6a46a9fb881712769bd59550,"Jade & Ember Munchery / Savor Strategy Group, LLC",69fdef0c3b208288e0a796fa,"3rd093 - 85th & Wornall Retail {Tower Bridge Investements, LLC} (fka St. John Development)",evidenceOfInsurance,Evidence of Insurance,commercialGeneralLiability,Commercial General Liability,evidenceOfInsuranceCommercialGeneralLiabilityCoverageTriggerOccurrence,Coverage Trigger: Occurrence,,matchOnce,must be present,,Present,compliant,Block Requirements,,,false,1,,2026-08-16
"Block Real Estate Services, LLC",6a46aa6469f1b5416f79aec5,6a46a9fb881712769bd59550,"Jade & Ember Munchery / Savor Strategy Group, LLC",69fdef0c3b208288e0a796fa,"3rd093 - 85th & Wornall Retail {Tower Bridge Investements, LLC} (fka St. John Development)",evidenceOfInsurance,Evidence of Insurance,commercialGeneralLiability,Commercial General Liability,evidenceOfInsuranceCommercialGeneralLiabilityGeneralAggregateLimitAppliesPerLocation,General Aggregate Limit Applies per: Location,,matchOnce,must be present,,Present,compliant,Block Requirements,,,false,1,,2026-08-16
"Block Real Estate Services, LLC",6a46aa6469f1b5416f79aec5,6a46a9fb881712769bd59550,"Jade & Ember Munchery / Savor Strategy Group, LLC",69fdef0c3b208288e0a796fa,"3rd093 - 85th & Wornall Retail {Tower Bridge Investements, LLC} (fka St. John Development)",evidenceOfInsurance,Evidence of Insurance,commercialGeneralLiability,Commercial General Liability,evidenceOfInsuranceCommercialGeneralLiabilityEachOccurrence,Each Occurrence,,matchOnce,must be greater or equal to,1000000,1000000,compliant,Block Requirements,,,false,1,,2026-08-16
"Block Real Estate Services, LLC",6a46aa6469f1b5416f79aec5,6a46a9fb881712769bd59550,"Jade & Ember Munchery / Savor Strategy Group, LLC",69fdef0c3b208288e0a796fa,"3rd093 - 85th & Wornall Retail {Tower Bridge Investements, LLC} (fka St. John Development)",evidenceOfInsurance,Evidence of Insurance,commercialGeneralLiability,Commercial General Liability,evidenceOfInsuranceCommercialGeneralLiabilityGeneralAggregate,General Aggregate,,matchOnce,must be greater or equal to,2000000,2000000,compliant,Block Requirements,,,false,1,,2026-08-16
"Block Real Estate Services, LLC",6a46aa6469f1b5416f79aec5,6a46a9fb881712769bd59550,"Jade & Ember Munchery / Savor Strategy Group, LLC",69fdef0c3b208288e0a796fa,"3rd093 - 85th & Wornall Retail {Tower Bridge Investements, LLC} (fka St. John Development)",evidenceOfInsurance,Evidence of Insurance,commercialGeneralLiability,Commercial General Liability,evidenceOfInsuranceCommercialGeneralLiabilityWaiverOfSubrogationEndorsement,Waiver of Subrogation,"---prompt---
Determine if the insurer has waived their right of subrogation in favor of the certificate holder under the Commercial General Liability policy. Evidence may include: a checked ""Waiver of Subrogation"" box on the certificate, mention in the Description of Operations section stating ""waiver of subrogation applies"", or reference to form CG 24 04. Look for language like ""subrogation is waived"" or ""per written contract"".",matchOnce,must be present,,,non_compliant,Block Requirements,,,false,0,,2026-08-16
"Block Real Estate Services, LLC",6a46aa6469f1b5416f79aec5,6a46a9fb881712769bd59550,"Jade & Ember Munchery / Savor Strategy Group, LLC",69fdef0c3b208288e0a796fa,"3rd093 - 85th & Wornall Retail {Tower Bridge Investements, LLC} (fka St. John Development)",evidenceOfInsurance,Evidence of Insurance,excessOrUmbrellaLiability,Umbrella/Excess Liability,evidenceOfInsuranceExcessOrUmbrellaLiabilityOccurence,Coverage Trigger: Occurrence,,matchOnce,must be present,,,non_compliant,Block Requirements,,,false,0,,2026-08-16
"Block Real Estate Services, LLC",6a46aa6469f1b5416f79aec5,6a46a9fb881712769bd59550,"Jade & Ember Munchery / Savor Strategy Group, LLC",69fdef0c3b208288e0a796fa,"3rd093 - 85th & Wornall Retail {Tower Bridge Investements, LLC} (fka St. John Development)",evidenceOfInsurance,Evidence of Insurance,excessOrUmbrellaLiability,Umbrella/Excess Liability,evidenceOfInsuranceExcessOrUmbrellaLiabilityEachOccurrence,Each Occurrence,,matchOnce,must be greater or equal to,1000000,,non_compliant,Block Requirements,,,false,0,,2026-08-16
"Block Real Estate Services, LLC",6a46aa6469f1b5416f79aec5,6a46a9fb881712769bd59550,"Jade & Ember Munchery / Savor Strategy Group, LLC",69fdef0c3b208288e0a796fa,"3rd093 - 85th & Wornall Retail {Tower Bridge Investements, LLC} (fka St. John Development)",evidenceOfInsurance,Evidence of Insurance,excessOrUmbrellaLiability,Umbrella/Excess Liability,evidenceOfInsuranceExcessOrUmbrellaLiabilityAggregate,Aggregate,,matchOnce,must be greater or equal to,1000000,,non_compliant,Block Requirements,,,false,0,,2026-08-16
"Block Real Estate Services, LLC",6a46aa6469f1b5416f79aec5,6a46a9fb881712769bd59550,"Jade & Ember Munchery / Savor Strategy Group, LLC",69fdef0c3b208288e0a796fa,"3rd093 - 85th & Wornall Retail {Tower Bridge Investements, LLC} (fka St. John Development)",evidenceOfInsurance,Evidence of Insurance,workersCompensation,Workers' Compensation and Employer's Liability,evidenceOfInsuranceWorkersCompensationStatutoryLimits,Statutory Limits,,matchOnce,must be present,,,non_compliant,Block Requirements,,,false,0,,2026-08-16
"Block Real Estate Services, LLC",6a46aa6469f1b5416f79aec5,6a46a9fb881712769bd59550,"Jade & Ember Munchery / Savor Strategy Group, LLC",69fdef0c3b208288e0a796fa,"3rd093 - 85th & Wornall Retail {Tower Bridge Investements, LLC} (fka St. John Development)",evidenceOfInsurance,Evidence of Insurance,workersCompensation,Workers' Compensation and Employer's Liability,evidenceOfInsuranceWorkersCompensationEmployersLiabilityEachAccident,Employer's Liability Each Accident,,matchOnce,must be greater or equal to,500000,,non_compliant,Block Requirements,,,false,0,,2026-08-16
"Block Real Estate Services, LLC",6a46aa6469f1b5416f79aec5,6a46a9fb881712769bd59550,"Jade & Ember Munchery / Savor Strategy Group, LLC",69fdef0c3b208288e0a796fa,"3rd093 - 85th & Wornall Retail {Tower Bridge Investements, LLC} (fka St. John Development)",evidenceOfInsurance,Evidence of Insurance,workersCompensation,Workers' Compensation and Employer's Liability,evidenceOfInsuranceWorkersCompensationEmployersLiabilityDiseaseEachEmployee,Employer's Liability Disease - each employee,,matchOnce,must be greater or equal to,500000,,non_compliant,Block Requirements,,,false,0,,2026-08-16
"Block Real Estate Services, LLC",6a46aa6469f1b5416f79aec5,6a46a9fb881712769bd59550,"Jade & Ember Munchery / Savor Strategy Group, LLC",69fdef0c3b208288e0a796fa,"3rd093 - 85th & Wornall Retail {Tower Bridge Investements, LLC} (fka St. John Development)",evidenceOfInsurance,Evidence of Insurance,workersCompensation,Workers' Compensation and Employer's Liability,evidenceOfInsuranceWorkersCompensationEmployersLiabilityDiseasePolicyLimit,Employer's Liability Disease - policy limit,,matchOnce,must be greater or equal to,500000,,non_compliant,Block Requirements,,,false,0,,2026-08-16
"Block Real Estate Services, LLC",6a46aa6469f1b5416f79aec5,6a46a9fb881712769bd59550,"Jade & Ember Munchery / Savor Strategy Group, LLC",69fdef0c3b208288e0a796fa,"3rd093 - 85th & Wornall Retail {Tower Bridge Investements, LLC} (fka St. John Development)",evidenceOfInsurance,Evidence of Insurance,workersCompensation,Workers' Compensation and Employer's Liability,evidenceOfInsuranceWorkersCompensationWaiverOfSubrogationEndorsement,Waiver of Subrogation,"---prompt---
Determine if the insurer has waived their right of subrogation in favor of the certificate holder under the Workers' Compensation policy. Evidence may include: a checked ""Waiver of Subrogation"" box on the certificate, mention in the Description of Operations section stating ""waiver of subrogation applies"", or reference to form WC 00 03 13. Look for language like ""subrogation is waived"" or ""per written contract"".",matchOnce,must be present,,,non_compliant,Block Requirements,,,false,0,,2026-08-16
"Block Real Estate Services, LLC",6a46aa6469f1b5416f79aec5,6a46a9fb881712769bd59550,"Jade & Ember Munchery / Savor Strategy Group, LLC",69fdef0c3b208288e0a796fa,"3rd093 - 85th & Wornall Retail {Tower Bridge Investements, LLC} (fka St. John Development)",evidenceOfInsurance,Evidence of Insurance,6ac20aae-5728-5d57-b364-aeba38527dba,Additional Requirements,4da5b0f1-4c9d-5885-8cf8-5d3cccaed3e0,"Block Real Estate Services, LLC and all others required by contract are named as Additional Insureds","---prompt---
Determine if the Description of Operations or the Additional Remarks Schedule section states the ""Additional Insured as Construction Management, Inc. and all others required by contract"" or reference to blanket additional insured coverage. Look for language like ""certificate holder is additional insured"" or ""per written contract"".",matchOnce,must be present,,,non_compliant,Block Requirements,,,true,0,,2026-08-16
"Block Real Estate Services, LLC",6a46aa6469f1b5416f79aec5,6a46a9fb881712769bd59550,"Jade & Ember Munchery / Savor Strategy Group, LLC",69fdef0c3b208288e0a796fa,"3rd093 - 85th & Wornall Retail {Tower Bridge Investements, LLC} (fka St. John Development)",evidenceOfInsurance,Evidence of Insurance,6ac20aae-5728-5d57-b364-aeba38527dba,Additional Requirements,e1017741-e47e-5f58-97b8-fbc3043e919f,Umbrella follows form over General Liability,"---prompt---
Determine if the Umbrella/Excess Liability policy follows form to the underlying policies. Evidence may include: language in the Description of Operations section stating the umbrella follows form to underlying coverages or an additional page endorsement stating that it follows form. Follow form means the umbrella policy adopts the same terms, conditions, and exclusions as the underlying policies.",matchOnce,must be present,,,non_compliant,Block Requirements,,,true,0,,2026-08-16
"Block Real Estate Services, LLC",6a46aa6469f1b5416f79aec5,6a46a9fb881712769bd59550,"Jade & Ember Munchery / Savor Strategy Group, LLC",69fdef0c3b208288e0a796fa,"3rd093 - 85th & Wornall Retail {Tower Bridge Investements, LLC} (fka St. John Development)",evidenceOfInsurance,Evidence of Insurance,6ac20aae-5728-5d57-b364-aeba38527dba,Additional Requirements,2cdd866f-c9a4-576a-afd8-1d045762790c,"The location must be listed as: 8431, 8433, 1/2 of 8435(B) Wornall Road, Kansas City, MO 64114","---prompt---
Determine if the Description of Operations or the Additional Remarks Schedule section states the location indicated in value field",matchOnce,must be present,,,non_compliant,Block Requirements,,,true,0,,2026-08-16
"Block Real Estate Services, LLC",6a46aa6469f1b5416f79aec5,6a46a9fb881712769bd59550,"Jade & Ember Munchery / Savor Strategy Group, LLC",69fdef0c3b208288e0a796fa,"3rd093 - 85th & Wornall Retail {Tower Bridge Investements, LLC} (fka St. John Development)",evidenceOfInsurance,Evidence of Insurance,6ac20aae-5728-5d57-b364-aeba38527dba,Additional Requirements,3649e9d1-4e09-59bf-8f30-cb33c40cf117,"Certificate Holder must read: c/o Block Real Estate Services, LLC, 4622 Pennsylvania St., Suite 700, Kansas City, MO, 64112",,matchOnce,must be present,,Present,compliant,Block Requirements,,,true,1,,2026-08-16
"Block Real Estate Services, LLC",69fdf7b562446148bd85c44c,69fded2262446148bd8491e3,Tech Electronics of Kansas,69fdf1e402bb2c42a87a8a64,"tic765 - College Crossing C {College Crossing CD, LLC}",evidenceOfInsurance,Evidence of Insurance,commercialGeneralLiability,Commercial General Liability,evidenceOfInsuranceCommercialGeneralLiabilityCoverageTriggerOccurrence,Coverage Trigger: Occurrence,,matchOnce,must be present,,Present,compliant,Block Requirements,,,false,1,,2026-08-16
"Block Real Estate Services, LLC",69fdf7b562446148bd85c44c,69fded2262446148bd8491e3,Tech Electronics of Kansas,69fdf1e402bb2c42a87a8a64,"tic765 - College Crossing C {College Crossing CD, LLC}",evidenceOfInsurance,Evidence of Insurance,commercialGeneralLiability,Commercial General Liability,evidenceOfInsuranceCommercialGeneralLiabilityGeneralAggregateLimitAppliesPerLocation,General Aggregate Limit Applies per: Location,,matchOnce,must be present,,,non_compliant,Block Requirements,,,false,0,,2026-08-16
"Block Real Estate Services, LLC",69fdf7b562446148bd85c44c,69fded2262446148bd8491e3,Tech Electronics of Kansas,69fdf1e402bb2c42a87a8a64,"tic765 - College Crossing C {College Crossing CD, LLC}",evidenceOfInsurance,Evidence of Insurance,commercialGeneralLiability,Commercial General Liability,evidenceOfInsuranceCommercialGeneralLiabilityEachOccurrence,Each Occurrence,,matchOnce,must be greater or equal to,1000000,1000000,compliant,Block Requirements,,,false,1,,2026-08-16
"Block Real Estate Services, LLC",69fdf7b562446148bd85c44c,69fded2262446148bd8491e3,Tech Electronics of Kansas,69fdf1e402bb2c42a87a8a64,"tic765 - College Crossing C {College Crossing CD, LLC}",evidenceOfInsurance,Evidence of Insurance,commercialGeneralLiability,Commercial General Liability,evidenceOfInsuranceCommercialGeneralLiabilityGeneralAggregate,General Aggregate,,matchOnce,must be greater or equal to,2000000,2000000,compliant,Block Requirements,,,false,1,,2026-08-16
"Block Real Estate Services, LLC",69fdf7b562446148bd85c44c,69fded2262446148bd8491e3,Tech Electronics of Kansas,69fdf1e402bb2c42a87a8a64,"tic765 - College Crossing C {College Crossing CD, LLC}",evidenceOfInsurance,Evidence of Insurance,commercialGeneralLiability,Commercial General Liability,evidenceOfInsuranceCommercialGeneralLiabilityWaiverOfSubrogationEndorsement,Waiver of Subrogation,"---prompt---
Determine if the insurer has waived their right of subrogation in favor of the certificate holder under the Commercial General Liability policy. Evidence may include: a checked ""Waiver of Subrogation"" box on the certificate, mention in the Description of Operations section stating ""waiver of subrogation applies"", or reference to form CG 24 04. Look for language like ""subrogation is waived"" or ""per written contract"".",matchOnce,must be present,,Present,compliant,Block Requirements,,,false,1,,2026-08-16
"Block Real Estate Services, LLC",69fdf7b562446148bd85c44c,69fded2262446148bd8491e3,Tech Electronics of Kansas,69fdf1e402bb2c42a87a8a64,"tic765 - College Crossing C {College Crossing CD, LLC}",evidenceOfInsurance,Evidence of Insurance,excessOrUmbrellaLiability,Umbrella/Excess Liability,evidenceOfInsuranceExcessOrUmbrellaLiabilityOccurence,Coverage Trigger: Occurrence,,matchOnce,must be present,,Present,compliant,Block Requirements,,,false,1,,2026-08-16
"Block Real Estate Services, LLC",69fdf7b562446148bd85c44c,69fded2262446148bd8491e3,Tech Electronics of Kansas,69fdf1e402bb2c42a87a8a64,"tic765 - College Crossing C {College Crossing CD, LLC}",evidenceOfInsurance,Evidence of Insurance,excessOrUmbrellaLiability,Umbrella/Excess Liability,evidenceOfInsuranceExcessOrUmbrellaLiabilityEachOccurrence,Each Occurrence,,matchOnce,must be greater or equal to,1000000,5000000,compliant,Block Requirements,,,false,1,,2026-08-16
"Block Real Estate Services, LLC",69fdf7b562446148bd85c44c,69fded2262446148bd8491e3,Tech Electronics of Kansas,69fdf1e402bb2c42a87a8a64,"tic765 - College Crossing C {College Crossing CD, LLC}",evidenceOfInsurance,Evidence of Insurance,excessOrUmbrellaLiability,Umbrella/Excess Liability,evidenceOfInsuranceExcessOrUmbrellaLiabilityAggregate,Aggregate,,matchOnce,must be greater or equal to,1000000,5000000,compliant,Block Requirements,,,false,1,,2026-08-16
"Block Real Estate Services, LLC",69fdf7b562446148bd85c44c,69fded2262446148bd8491e3,Tech Electronics of Kansas,69fdf1e402bb2c42a87a8a64,"tic765 - College Crossing C {College Crossing CD, LLC}",evidenceOfInsurance,Evidence of Insurance,workersCompensation,Workers' Compensation and Employer's Liability,evidenceOfInsuranceWorkersCompensationStatutoryLimits,Statutory Limits,,matchOnce,must be present,,Present,compliant,Block Requirements,,,false,1,,2026-08-16
"Block Real Estate Services, LLC",69fdf7b562446148bd85c44c,69fded2262446148bd8491e3,Tech Electronics of Kansas,69fdf1e402bb2c42a87a8a64,"tic765 - College Crossing C {College Crossing CD, LLC}",evidenceOfInsurance,Evidence of Insurance,workersCompensation,Workers' Compensation and Employer's Liability,evidenceOfInsuranceWorkersCompensationEmployersLiabilityEachAccident,Employer's Liability Each Accident,,matchOnce,must be greater or equal to,500000,1000000,compliant,Block Requirements,,,false,1,,2026-08-16
"Block Real Estate Services, LLC",69fdf7b562446148bd85c44c,69fded2262446148bd8491e3,Tech Electronics of Kansas,69fdf1e402bb2c42a87a8a64,"tic765 - College Crossing C {College Crossing CD, LLC}",evidenceOfInsurance,Evidence of Insurance,workersCompensation,Workers' Compensation and Employer's Liability,evidenceOfInsuranceWorkersCompensationEmployersLiabilityDiseaseEachEmployee,Employer's Liability Disease - each employee,,matchOnce,must be greater or equal to,500000,1000000,compliant,Block Requirements,,,false,1,,2026-08-16
"Block Real Estate Services, LLC",69fdf7b562446148bd85c44c,69fded2262446148bd8491e3,Tech Electronics of Kansas,69fdf1e402bb2c42a87a8a64,"tic765 - College Crossing C {College Crossing CD, LLC}",evidenceOfInsurance,Evidence of Insurance,workersCompensation,Workers' Compensation and Employer's Liability,evidenceOfInsuranceWorkersCompensationEmployersLiabilityDiseasePolicyLimit,Employer's Liability Disease - policy limit,,matchOnce,must be greater or equal to,500000,1000000,compliant,Block Requirements,,,false,1,,2026-08-16
"Block Real Estate Services, LLC",69fdf7b562446148bd85c44c,69fded2262446148bd8491e3,Tech Electronics of Kansas,69fdf1e402bb2c42a87a8a64,"tic765 - College Crossing C {College Crossing CD, LLC}",evidenceOfInsurance,Evidence of Insurance,workersCompensation,Workers' Compensation and Employer's Liability,evidenceOfInsuranceWorkersCompensationWaiverOfSubrogationEndorsement,Waiver of Subrogation,"---prompt---
Determine if the insurer has waived their right of subrogation in favor of the certificate holder under the Workers' Compensation policy. Evidence may include: a checked ""Waiver of Subrogation"" box on the certificate, mention in the Description of Operations section stating ""waiver of subrogation applies"", or reference to form WC 00 03 13. Look for language like ""subrogation is waived"" or ""per written contract"".",matchOnce,must be present,,Present,compliant,Block Requirements,,,false,1,,2026-08-16
"Block Real Estate Services, LLC",69fdf7b562446148bd85c44c,69fded2262446148bd8491e3,Tech Electronics of Kansas,69fdf1e402bb2c42a87a8a64,"tic765 - College Crossing C {College Crossing CD, LLC}",evidenceOfInsurance,Evidence of Insurance,6ac20aae-5728-5d57-b364-aeba38527dba,Additional Requirements,4da5b0f1-4c9d-5885-8cf8-5d3cccaed3e0,"Block Real Estate Services, LLC and all others required by contract are named as Additional Insureds","---prompt---
Determine if the Description of Operations or the Additional Remarks Schedule section states the ""Additional Insured as Construction Management, Inc. and all others required by contract"" or reference to blanket additional insured coverage. Look for language like ""certificate holder is additional insured"" or ""per written contract"".",matchOnce,must be present,,Present,compliant,Block Requirements,,,true,1,,2026-08-16
"Block Real Estate Services, LLC",69fdf7b562446148bd85c44c,69fded2262446148bd8491e3,Tech Electronics of Kansas,69fdf1e402bb2c42a87a8a64,"tic765 - College Crossing C {College Crossing CD, LLC}",evidenceOfInsurance,Evidence of Insurance,6ac20aae-5728-5d57-b364-aeba38527dba,Additional Requirements,e1017741-e47e-5f58-97b8-fbc3043e919f,Umbrella follows form over General Liability,"---prompt---
Determine if the Umbrella/Excess Liability policy follows form to the underlying policies. Evidence may include: language in the Description of Operations section stating the umbrella follows form to underlying coverages or an additional page endorsement stating that it follows form. Follow form means the umbrella policy adopts the same terms, conditions, and exclusions as the underlying policies.",matchOnce,must be present,,Present,compliant,Block Requirements,,,true,1,,2026-08-16
"Block Real Estate Services, LLC",69fdf7b562446148bd85c44c,69fded2262446148bd8491e3,Tech Electronics of Kansas,69fdf1e402bb2c42a87a8a64,"tic765 - College Crossing C {College Crossing CD, LLC}",evidenceOfInsurance,Evidence of Insurance,6ac20aae-5728-5d57-b364-aeba38527dba,Additional Requirements,2cdd866f-c9a4-576a-afd8-1d045762790c,The location must be listed as: 10934 Strang Line Road Lenexa KS 66215,,matchOnce,must be present,,Present,compliant,Block Requirements,,,true,1,,2026-08-16
"Block Real Estate Services, LLC",69fdf7b562446148bd85c44c,69fded2262446148bd8491e3,Tech Electronics of Kansas,69fdf1e402bb2c42a87a8a64,"tic765 - College Crossing C {College Crossing CD, LLC}",evidenceOfInsurance,Evidence of Insurance,6ac20aae-5728-5d57-b364-aeba38527dba,Additional Requirements,3649e9d1-4e09-59bf-8f30-cb33c40cf117,"Certificate Holder must read: c/o Block Real Estate Services, LLC, 4622 Pennsylvania St., Suite 700, Kansas City, MO, 64112",,matchOnce,must be present,,Present,compliant,Block Requirements,,,true,1,,2026-08-16
"Block Real Estate Services, LLC",69fdf7b562446148bd85c449,69fded1162446148bd848cac,CORE Cashless LLC,69fdf1e402bb2c42a87a8a64,"tic765 - College Crossing C {College Crossing CD, LLC}",evidenceOfInsurance,Evidence of Insurance,commercialGeneralLiability,Commercial General Liability,evidenceOfInsuranceCommercialGeneralLiabilityCoverageTriggerOccurrence,Coverage Trigger: Occurrence,,matchOnce,must be present,,,non_compliant,Block Requirements,,,false,0,,2026-08-16
"Block Real Estate Services, LLC",69fdf7b562446148bd85c449,69fded1162446148bd848cac,CORE Cashless LLC,69fdf1e402bb2c42a87a8a64,"tic765 - College Crossing C {College Crossing CD, LLC}",evidenceOfInsurance,Evidence of Insurance,commercialGeneralLiability,Commercial General Liability,evidenceOfInsuranceCommercialGeneralLiabilityGeneralAggregateLimitAppliesPerLocation,General Aggregate Limit Applies per: Location,,matchOnce,must be present,,,non_compliant,Block Requirements,,,false,0,,2026-08-16
"Block Real Estate Services, LLC",69fdf7b562446148bd85c449,69fded1162446148bd848cac,CORE Cashless LLC,69fdf1e402bb2c42a87a8a64,"tic765 - College Crossing C {College Crossing CD, LLC}",evidenceOfInsurance,Evidence of Insurance,commercialGeneralLiability,Commercial General Liability,evidenceOfInsuranceCommercialGeneralLiabilityEachOccurrence,Each Occurrence,,matchOnce,must be greater or equal to,1000000,,non_compliant,Block Requirements,,,false,0,,2026-08-16
"Block Real Estate Services, LLC",69fdf7b562446148bd85c449,69fded1162446148bd848cac,CORE Cashless LLC,69fdf1e402bb2c42a87a8a64,"tic765 - College Crossing C {College Crossing CD, LLC}",evidenceOfInsurance,Evidence of Insurance,commercialGeneralLiability,Commercial General Liability,evidenceOfInsuranceCommercialGeneralLiabilityGeneralAggregate,General Aggregate,,matchOnce,must be greater or equal to,2000000,,non_compliant,Block Requirements,,,false,0,,2026-08-16
"Block Real Estate Services, LLC",69fdf7b562446148bd85c449,69fded1162446148bd848cac,CORE Cashless LLC,69fdf1e402bb2c42a87a8a64,"tic765 - College Crossing C {College Crossing CD, LLC}",evidenceOfInsurance,Evidence of Insurance,commercialGeneralLiability,Commercial General Liability,evidenceOfInsuranceCommercialGeneralLiabilityWaiverOfSubrogationEndorsement,Waiver of Subrogation,"---prompt---
Determine if the insurer has waived their right of subrogation in favor of the certificate holder under the Commercial General Liability policy. Evidence may include: a checked ""Waiver of Subrogation"" box on the certificate, mention in the Description of Operations section stating ""waiver of subrogation applies"", or reference to form CG 24 04. Look for language like ""subrogation is waived"" or ""per written contract"".",matchOnce,must be present,,,non_compliant,Block Requirements,,,false,0,,2026-08-16
"Block Real Estate Services, LLC",69fdf7b562446148bd85c449,69fded1162446148bd848cac,CORE Cashless LLC,69fdf1e402bb2c42a87a8a64,"tic765 - College Crossing C {College Crossing CD, LLC}",evidenceOfInsurance,Evidence of Insurance,excessOrUmbrellaLiability,Umbrella/Excess Liability,evidenceOfInsuranceExcessOrUmbrellaLiabilityOccurence,Coverage Trigger: Occurrence,,matchOnce,must be present,,,non_compliant,Block Requirements,,,false,0,,2026-08-16
"Block Real Estate Services, LLC",69fdf7b562446148bd85c449,69fded1162446148bd848cac,CORE Cashless LLC,69fdf1e402bb2c42a87a8a64,"tic765 - College Crossing C {College Crossing CD, LLC}",evidenceOfInsurance,Evidence of Insurance,excessOrUmbrellaLiability,Umbrella/Excess Liability,evidenceOfInsuranceExcessOrUmbrellaLiabilityEachOccurrence,Each Occurrence,,matchOnce,must be greater or equal to,1000000,,non_compliant,Block Requirements,,,false,0,,2026-08-16
"Block Real Estate Services, LLC",69fdf7b562446148bd85c449,69fded1162446148bd848cac,CORE Cashless LLC,69fdf1e402bb2c42a87a8a64,"tic765 - College Crossing C {College Crossing CD, LLC}",evidenceOfInsurance,Evidence of Insurance,excessOrUmbrellaLiability,Umbrella/Excess Liability,evidenceOfInsuranceExcessOrUmbrellaLiabilityAggregate,Aggregate,,matchOnce,must be greater or equal to,1000000,,non_compliant,Block Requirements,,,false,0,,2026-08-16
"Block Real Estate Services, LLC",69fdf7b562446148bd85c449,69fded1162446148bd848cac,CORE Cashless LLC,69fdf1e402bb2c42a87a8a64,"tic765 - College Crossing C {College Crossing CD, LLC}",evidenceOfInsurance,Evidence of Insurance,workersCompensation,Workers' Compensation and Employer's Liability,evidenceOfInsuranceWorkersCompensationStatutoryLimits,Statutory Limits,,matchOnce,must be present,,,non_compliant,Block Requirements,,,false,0,,2026-08-16
"Block Real Estate Services, LLC",69fdf7b562446148bd85c449,69fded1162446148bd848cac,CORE Cashless LLC,69fdf1e402bb2c42a87a8a64,"tic765 - College Crossing C {College Crossing CD, LLC}",evidenceOfInsurance,Evidence of Insurance,workersCompensation,Workers' Compensation and Employer's Liability,evidenceOfInsuranceWorkersCompensationEmployersLiabilityEachAccident,Employer's Liability Each Accident,,matchOnce,must be greater or equal to,500000,,non_compliant,Block Requirements,,,false,0,,2026-08-16
"Block Real Estate Services, LLC",69fdf7b562446148bd85c449,69fded1162446148bd848cac,CORE Cashless LLC,69fdf1e402bb2c42a87a8a64,"tic765 - College Crossing C {College Crossing CD, LLC}",evidenceOfInsurance,Evidence of Insurance,workersCompensation,Workers' Compensation and Employer's Liability,evidenceOfInsuranceWorkersCompensationEmployersLiabilityDiseaseEachEmployee,Employer's Liability Disease - each employee,,matchOnce,must be greater or equal to,500000,,non_compliant,Block Requirements,,,false,0,,2026-08-16
"Block Real Estate Services, LLC",69fdf7b562446148bd85c449,69fded1162446148bd848cac,CORE Cashless LLC,69fdf1e402bb2c42a87a8a64,"tic765 - College Crossing C {College Crossing CD, LLC}",evidenceOfInsurance,Evidence of Insurance,workersCompensation,Workers' Compensation and Employer's Liability,evidenceOfInsuranceWorkersCompensationEmployersLiabilityDiseasePolicyLimit,Employer's Liability Disease - policy limit,,matchOnce,must be greater or equal to,500000,,non_compliant,Block Requirements,,,false,0,,2026-08-16
"Block Real Estate Services, LLC",69fdf7b562446148bd85c449,69fded1162446148bd848cac,CORE Cashless LLC,69fdf1e402bb2c42a87a8a64,"tic765 - College Crossing C {College Crossing CD, LLC}",evidenceOfInsurance,Evidence of Insurance,workersCompensation,Workers' Compensation and Employer's Liability,evidenceOfInsuranceWorkersCompensationWaiverOfSubrogationEndorsement,Waiver of Subrogation,"---prompt---
Determine if the insurer has waived their right of subrogation in favor of the certificate holder under the Workers' Compensation policy. Evidence may include: a checked ""Waiver of Subrogation"" box on the certificate, mention in the Description of Operations section stating ""waiver of subrogation applies"", or reference to form WC 00 03 13. Look for language like ""subrogation is waived"" or ""per written contract"".",matchOnce,must be present,,,non_compliant,Block Requirements,,,false,0,,2026-08-16
"Block Real Estate Services, LLC",69fdf7b562446148bd85c449,69fded1162446148bd848cac,CORE Cashless LLC,69fdf1e402bb2c42a87a8a64,"tic765 - College Crossing C {College Crossing CD, LLC}",evidenceOfInsurance,Evidence of Insurance,6ac20aae-5728-5d57-b364-aeba38527dba,Additional Requirements,4da5b0f1-4c9d-5885-8cf8-5d3cccaed3e0,"Block Real Estate Services, LLC and all others required by contract are named as Additional Insureds","---prompt---
Determine if the Description of Operations or the Additional Remarks Schedule section states the ""Additional Insured as Construction Management, Inc. and all others required by contract"" or reference to blanket additional insured coverage. Look for language like ""certificate holder is additional insured"" or ""per written contract"".",matchOnce,must be present,,,non_compliant,Block Requirements,,,true,0,,2026-08-16
"Block Real Estate Services, LLC",69fdf7b562446148bd85c449,69fded1162446148bd848cac,CORE Cashless LLC,69fdf1e402bb2c42a87a8a64,"tic765 - College Crossing C {College Crossing CD, LLC}",evidenceOfInsurance,Evidence of Insurance,6ac20aae-5728-5d57-b364-aeba38527dba,Additional Requirements,e1017741-e47e-5f58-97b8-fbc3043e919f,Umbrella follows form over General Liability,"---prompt---
Determine if the Umbrella/Excess Liability policy follows form to the underlying policies. Evidence may include: language in the Description of Operations section stating the umbrella follows form to underlying coverages or an additional page endorsement stating that it follows form. Follow form means the umbrella policy adopts the same terms, conditions, and exclusions as the underlying policies.",matchOnce,must be present,,,non_compliant,Block Requirements,,,true,0,,2026-08-16
"Block Real Estate Services, LLC",69fdf7b562446148bd85c449,69fded1162446148bd848cac,CORE Cashless LLC,69fdf1e402bb2c42a87a8a64,"tic765 - College Crossing C {College Crossing CD, LLC}",evidenceOfInsurance,Evidence of Insurance,6ac20aae-5728-5d57-b364-aeba38527dba,Additional Requirements,2cdd866f-c9a4-576a-afd8-1d045762790c,The location must be listed as: 10932 Strang Line Road Lenexa KS 66215,,matchOnce,must be present,,,non_compliant,Block Requirements,,,true,0,,2026-08-16
"Block Real Estate Services, LLC",69fdf7b562446148bd85c449,69fded1162446148bd848cac,CORE Cashless LLC,69fdf1e402bb2c42a87a8a64,"tic765 - College Crossing C {College Crossing CD, LLC}",evidenceOfInsurance,Evidence of Insurance,6ac20aae-5728-5d57-b364-aeba38527dba,Additional Requirements,3649e9d1-4e09-59bf-8f30-cb33c40cf117,"Certificate Holder must read: c/o Block Real Estate Services, LLC, 4622 Pennsylvania St., Suite 700, Kansas City, MO, 64112",,matchOnce,must be present,,,non_compliant,Block Requirements,,,true,0,,2026-08-16
"Block Real Estate Services, LLC",69fdf7b562446148bd85c446,69fded0c62446148bd848af9,"1&1 Internet / IONOS, Inc.",69fdf1e402bb2c42a87a8a64,"tic765 - College Crossing C {College Crossing CD, LLC}",evidenceOfInsurance,Evidence of Insurance,commercialGeneralLiability,Commercial General Liability,evidenceOfInsuranceCommercialGeneralLiabilityCoverageTriggerOccurrence,Coverage Trigger: Occurrence,,matchOnce,must be present,,Present,compliant,Block Requirements,,,false,1,,2026-08-16
"Block Real Estate Services, LLC",69fdf7b562446148bd85c446,69fded0c62446148bd848af9,"1&1 Internet / IONOS, Inc.",69fdf1e402bb2c42a87a8a64,"tic765 - College Crossing C {College Crossing CD, LLC}",evidenceOfInsurance,Evidence of Insurance,commercialGeneralLiability,Commercial General Liability,evidenceOfInsuranceCommercialGeneralLiabilityGeneralAggregateLimitAppliesPerLocation,General Aggregate Limit Applies per: Location,,matchOnce,must be present,,,waived,Block Requirements,Per location not a requirement in the lease,,false,0,,2026-08-16
"Block Real Estate Services, LLC",69fdf7b562446148bd85c446,69fded0c62446148bd848af9,"1&1 Internet / IONOS, Inc.",69fdf1e402bb2c42a87a8a64,"tic765 - College Crossing C {College Crossing CD, LLC}",evidenceOfInsurance,Evidence of Insurance,commercialGeneralLiability,Commercial General Liability,evidenceOfInsuranceCommercialGeneralLiabilityEachOccurrence,Each Occurrence,,matchOnce,must be greater or equal to,1000000,1000000,compliant,Block Requirements,,,false,1,,2026-08-16
"Block Real Estate Services, LLC",69fdf7b562446148bd85c446,69fded0c62446148bd848af9,"1&1 Internet / IONOS, Inc.",69fdf1e402bb2c42a87a8a64,"tic765 - College Crossing C {College Crossing CD, LLC}",evidenceOfInsurance,Evidence of Insurance,commercialGeneralLiability,Commercial General Liability,evidenceOfInsuranceCommercialGeneralLiabilityGeneralAggregate,General Aggregate,,matchOnce,must be greater or equal to,2000000,1000000,overridden,Block Requirements,Umbrella meets remainder of GL requirement,,false,1,2027-01-01,2026-08-16
"Block Real Estate Services, LLC",69fdf7b562446148bd85c446,69fded0c62446148bd848af9,"1&1 Internet / IONOS, Inc.",69fdf1e402bb2c42a87a8a64,"tic765 - College Crossing C {College Crossing CD, LLC}",evidenceOfInsurance,Evidence of Insurance,commercialGeneralLiability,Commercial General Liability,evidenceOfInsuranceCommercialGeneralLiabilityWaiverOfSubrogationEndorsement,Waiver of Subrogation,"---prompt---
Determine if the insurer has waived their right of subrogation in favor of the certificate holder under the Commercial General Liability policy. Evidence may include: a checked ""Waiver of Subrogation"" box on the certificate, mention in the Description of Operations section stating ""waiver of subrogation applies"", or reference to form CG 24 04. Look for language like ""subrogation is waived"" or ""per written contract"".",matchOnce,must be present,,Present,compliant,Block Requirements,,,false,1,,2026-08-16
"Block Real Estate Services, LLC",69fdf7b562446148bd85c446,69fded0c62446148bd848af9,"1&1 Internet / IONOS, Inc.",69fdf1e402bb2c42a87a8a64,"tic765 - College Crossing C {College Crossing CD, LLC}",evidenceOfInsurance,Evidence of Insurance,excessOrUmbrellaLiability,Umbrella/Excess Liability,evidenceOfInsuranceExcessOrUmbrellaLiabilityOccurence,Coverage Trigger: Occurrence,,matchOnce,must be present,,Present,compliant,Block Requirements,,,false,1,,2026-08-16
"Block Real Estate Services, LLC",69fdf7b562446148bd85c446,69fded0c62446148bd848af9,"1&1 Internet / IONOS, Inc.",69fdf1e402bb2c42a87a8a64,"tic765 - College Crossing C {College Crossing CD, LLC}",evidenceOfInsurance,Evidence of Insurance,excessOrUmbrellaLiability,Umbrella/Excess Liability,evidenceOfInsuranceExcessOrUmbrellaLiabilityEachOccurrence,Each Occurrence,,matchOnce,must be greater or equal to,1000000,4000000,compliant,Block Requirements,,,false,1,,2026-08-16
"Block Real Estate Services, LLC",69fdf7b562446148bd85c446,69fded0c62446148bd848af9,"1&1 Internet / IONOS, Inc.",69fdf1e402bb2c42a87a8a64,"tic765 - College Crossing C {College Crossing CD, LLC}",evidenceOfInsurance,Evidence of Insurance,excessOrUmbrellaLiability,Umbrella/Excess Liability,evidenceOfInsuranceExcessOrUmbrellaLiabilityAggregate,Aggregate,,matchOnce,must be greater or equal to,1000000,4000000,compliant,Block Requirements,,,false,1,,2026-08-16
"Block Real Estate Services, LLC",69fdf7b562446148bd85c446,69fded0c62446148bd848af9,"1&1 Internet / IONOS, Inc.",69fdf1e402bb2c42a87a8a64,"tic765 - College Crossing C {College Crossing CD, LLC}",evidenceOfInsurance,Evidence of Insurance,workersCompensation,Workers' Compensation and Employer's Liability,evidenceOfInsuranceWorkersCompensationStatutoryLimits,Statutory Limits,,matchOnce,must be present,,Present,compliant,Block Requirements,,,false,1,,2026-08-16
"Block Real Estate Services, LLC",69fdf7b562446148bd85c446,69fded0c62446148bd848af9,"1&1 Internet / IONOS, Inc.",69fdf1e402bb2c42a87a8a64,"tic765 - College Crossing C {College Crossing CD, LLC}",evidenceOfInsurance,Evidence of Insurance,workersCompensation,Workers' Compensation and Employer's Liability,evidenceOfInsuranceWorkersCompensationEmployersLiabilityEachAccident,Employer's Liability Each Accident,,matchOnce,must be greater or equal to,500000,1000000,compliant,Block Requirements,,,false,1,,2026-08-16
"Block Real Estate Services, LLC",69fdf7b562446148bd85c446,69fded0c62446148bd848af9,"1&1 Internet / IONOS, Inc.",69fdf1e402bb2c42a87a8a64,"tic765 - College Crossing C {College Crossing CD, LLC}",evidenceOfInsurance,Evidence of Insurance,workersCompensation,Workers' Compensation and Employer's Liability,evidenceOfInsuranceWorkersCompensationEmployersLiabilityDiseaseEachEmployee,Employer's Liability Disease - each employee,,matchOnce,must be greater or equal to,500000,1000000,compliant,Block Requirements,,,false,1,,2026-08-16
"Block Real Estate Services, LLC",69fdf7b562446148bd85c446,69fded0c62446148bd848af9,"1&1 Internet / IONOS, Inc.",69fdf1e402bb2c42a87a8a64,"tic765 - College Crossing C {College Crossing CD, LLC}",evidenceOfInsurance,Evidence of Insurance,workersCompensation,Workers' Compensation and Employer's Liability,evidenceOfInsuranceWorkersCompensationEmployersLiabilityDiseasePolicyLimit,Employer's Liability Disease - policy limit,,matchOnce,must be greater or equal to,500000,1000000,compliant,Block Requirements,,,false,1,,2026-08-16
"Block Real Estate Services, LLC",69fdf7b562446148bd85c446,69fded0c62446148bd848af9,"1&1 Internet / IONOS, Inc.",69fdf1e402bb2c42a87a8a64,"tic765 - College Crossing C {College Crossing CD, LLC}",evidenceOfInsurance,Evidence of Insurance,workersCompensation,Workers' Compensation and Employer's Liability,evidenceOfInsuranceWorkersCompensationWaiverOfSubrogationEndorsement,Waiver of Subrogation,"---prompt---
Determine if the insurer has waived their right of subrogation in favor of the certificate holder under the Workers' Compensation policy. Evidence may include: a checked ""Waiver of Subrogation"" box on the certificate, mention in the Description of Operations section stating ""waiver of subrogation applies"", or reference to form WC 00 03 13. Look for language like ""subrogation is waived"" or ""per written contract"".",matchOnce,must be present,,Present,compliant,Block Requirements,,,false,1,,2026-08-16
"Block Real Estate Services, LLC",69fdf7b562446148bd85c446,69fded0c62446148bd848af9,"1&1 Internet / IONOS, Inc.",69fdf1e402bb2c42a87a8a64,"tic765 - College Crossing C {College Crossing CD, LLC}",evidenceOfInsurance,Evidence of Insurance,6ac20aae-5728-5d57-b364-aeba38527dba,Additional Requirements,4da5b0f1-4c9d-5885-8cf8-5d3cccaed3e0,"Block Real Estate Services, LLC and all others required by contract are named as Additional Insureds","---prompt---
Determine if the Description of Operations or the Additional Remarks Schedule section states the ""Additional Insured as Construction Management, Inc. and all others required by contract"" or reference to blanket additional insured coverage. Look for language like ""certificate holder is additional insured"" or ""per written contract"".",matchOnce,must be present,,Present,compliant,Block Requirements,,,true,1,,2026-08-16
"Block Real Estate Services, LLC",69fdf7b562446148bd85c446,69fded0c62446148bd848af9,"1&1 Internet / IONOS, Inc.",69fdf1e402bb2c42a87a8a64,"tic765 - College Crossing C {College Crossing CD, LLC}",evidenceOfInsurance,Evidence of Insurance,6ac20aae-5728-5d57-b364-aeba38527dba,Additional Requirements,e1017741-e47e-5f58-97b8-fbc3043e919f,Umbrella follows form over General Liability,"---prompt---
Determine if the Umbrella/Excess Liability policy follows form to the underlying policies. Evidence may include: language in the Description of Operations section stating the umbrella follows form to underlying coverages or an additional page endorsement stating that it follows form. Follow form means the umbrella policy adopts the same terms, conditions, and exclusions as the underlying policies.",matchOnce,must be present,,Present,compliant,Block Requirements,,,true,1,,2026-08-16
"Block Real Estate Services, LLC",69fdf7b562446148bd85c446,69fded0c62446148bd848af9,"1&1 Internet / IONOS, Inc.",69fdf1e402bb2c42a87a8a64,"tic765 - College Crossing C {College Crossing CD, LLC}",evidenceOfInsurance,Evidence of Insurance,6ac20aae-5728-5d57-b364-aeba38527dba,Additional Requirements,2cdd866f-c9a4-576a-afd8-1d045762790c,The location must be listed as: 10936-10950 Strang Line Road Lenexa KS 66215,,matchOnce,must be present,,Present,compliant,Block Requirements,,,true,1,,2026-08-16
"Block Real Estate Services, LLC",69fdf7b562446148bd85c446,69fded0c62446148bd848af9,"1&1 Internet / IONOS, Inc.",69fdf1e402bb2c42a87a8a64,"tic765 - College Crossing C {College Crossing CD, LLC}",evidenceOfInsurance,Evidence of Insurance,6ac20aae-5728-5d57-b364-aeba38527dba,Additional Requirements,3649e9d1-4e09-59bf-8f30-cb33c40cf117,"Certificate Holder must read: c/o Block Real Estate Services, LLC, 4622 Pennsylvania St., Suite 700, Kansas City, MO, 64112",,matchOnce,must be present,,Present,compliant,Block Requirements,,,true,1,,2026-08-16
"Block Real Estate Services, LLC",69fdf7a362446148bd85b018,69fded0e62446148bd848bb6,AXIS Capital / AXIS Reinsurance Company,69fdf15ebf1df2fe9692af51,"tic001 - 46 Penn Centre {46 PC Investors, LLC}",evidenceOfInsurance,Evidence of Insurance,commercialGeneralLiability,Commercial General Liability,evidenceOfInsuranceCommercialGeneralLiabilityCoverageTriggerOccurrence,Coverage Trigger: Occurrence,,matchOnce,must be present,,,non_compliant,Block Requirements,,,false,0,,2026-08-16
"Block Real Estate Services, LLC",69fdf7a362446148bd85b018,69fded0e62446148bd848bb6,AXIS Capital / AXIS Reinsurance Company,69fdf15ebf1df2fe9692af51,"tic001 - 46 Penn Centre {46 PC Investors, LLC}",evidenceOfInsurance,Evidence of Insurance,commercialGeneralLiability,Commercial General Liability,evidenceOfInsuranceCommercialGeneralLiabilityGeneralAggregateLimitAppliesPerLocation,General Aggregate Limit Applies per: Location,,matchOnce,must be present,,,non_compliant,Block Requirements,,,false,0,,2026-08-16
"Block Real Estate Services, LLC",69fdf7a362446148bd85b018,69fded0e62446148bd848bb6,AXIS Capital / AXIS Reinsurance Company,69fdf15ebf1df2fe9692af51,"tic001 - 46 Penn Centre {46 PC Investors, LLC}",evidenceOfInsurance,Evidence of Insurance,commercialGeneralLiability,Commercial General Liability,evidenceOfInsuranceCommercialGeneralLiabilityEachOccurrence,Each Occurrence,,matchOnce,must be greater or equal to,1000000,,non_compliant,Block Requirements,,,false,0,,2026-08-16
"Block Real Estate Services, LLC",69fdf7a362446148bd85b018,69fded0e62446148bd848bb6,AXIS Capital / AXIS Reinsurance Company,69fdf15ebf1df2fe9692af51,"tic001 - 46 Penn Centre {46 PC Investors, LLC}",evidenceOfInsurance,Evidence of Insurance,commercialGeneralLiability,Commercial General Liability,evidenceOfInsuranceCommercialGeneralLiabilityGeneralAggregate,General Aggregate,,matchOnce,must be greater or equal to,2000000,,non_compliant,Block Requirements,,,false,0,,2026-08-16
"Block Real Estate Services, LLC",69fdf7a362446148bd85b018,69fded0e62446148bd848bb6,AXIS Capital / AXIS Reinsurance Company,69fdf15ebf1df2fe9692af51,"tic001 - 46 Penn Centre {46 PC Investors, LLC}",evidenceOfInsurance,Evidence of Insurance,commercialGeneralLiability,Commercial General Liability,evidenceOfInsuranceCommercialGeneralLiabilityWaiverOfSubrogationEndorsement,Waiver of Subrogation,"---prompt---
Determine if the insurer has waived their right of subrogation in favor of the certificate holder under the Commercial General Liability policy. Evidence may include: a checked ""Waiver of Subrogation"" box on the certificate, mention in the Description of Operations section stating ""waiver of subrogation applies"", or reference to form CG 24 04. Look for language like ""subrogation is waived"" or ""per written contract"".",matchOnce,must be present,,,non_compliant,Block Requirements,,,false,0,,2026-08-16
"Block Real Estate Services, LLC",69fdf7a362446148bd85b018,69fded0e62446148bd848bb6,AXIS Capital / AXIS Reinsurance Company,69fdf15ebf1df2fe9692af51,"tic001 - 46 Penn Centre {46 PC Investors, LLC}",evidenceOfInsurance,Evidence of Insurance,excessOrUmbrellaLiability,Umbrella/Excess Liability,evidenceOfInsuranceExcessOrUmbrellaLiabilityOccurence,Coverage Trigger: Occurrence,,matchOnce,must be present,,,non_compliant,Block Requirements,,,false,0,,2026-08-16
"Block Real Estate Services, LLC",69fdf7a362446148bd85b018,69fded0e62446148bd848bb6,AXIS Capital / AXIS Reinsurance Company,69fdf15ebf1df2fe9692af51,"tic001 - 46 Penn Centre {46 PC Investors, LLC}",evidenceOfInsurance,Evidence of Insurance,excessOrUmbrellaLiability,Umbrella/Excess Liability,evidenceOfInsuranceExcessOrUmbrellaLiabilityEachOccurrence,Each Occurrence,,matchOnce,must be greater or equal to,1000000,,non_compliant,Block Requirements,,,false,0,,2026-08-16
"Block Real Estate Services, LLC",69fdf7a362446148bd85b018,69fded0e62446148bd848bb6,AXIS Capital / AXIS Reinsurance Company,69fdf15ebf1df2fe9692af51,"tic001 - 46 Penn Centre {46 PC Investors, LLC}",evidenceOfInsurance,Evidence of Insurance,excessOrUmbrellaLiability,Umbrella/Excess Liability,evidenceOfInsuranceExcessOrUmbrellaLiabilityAggregate,Aggregate,,matchOnce,must be greater or equal to,1000000,,non_compliant,Block Requirements,,,false,0,,2026-08-16
"Block Real Estate Services, LLC",69fdf7a362446148bd85b018,69fded0e62446148bd848bb6,AXIS Capital / AXIS Reinsurance Company,69fdf15ebf1df2fe9692af51,"tic001 - 46 Penn Centre {46 PC Investors, LLC}",evidenceOfInsurance,Evidence of Insurance,workersCompensation,Workers' Compensation and Employer's Liability,evidenceOfInsuranceWorkersCompensationStatutoryLimits,Statutory Limits,,matchOnce,must be present,,,non_compliant,Block Requirements,,,false,0,,2026-08-16
"Block Real Estate Services, LLC",69fdf7a362446148bd85b018,69fded0e62446148bd848bb6,AXIS Capital / AXIS Reinsurance Company,69fdf15ebf1df2fe9692af51,"tic001 - 46 Penn Centre {46 PC Investors, LLC}",evidenceOfInsurance,Evidence of Insurance,workersCompensation,Workers' Compensation and Employer's Liability,evidenceOfInsuranceWorkersCompensationEmployersLiabilityEachAccident,Employer's Liability Each Accident,,matchOnce,must be greater or equal to,500000,,non_compliant,Block Requirements,,,false,0,,2026-08-16
"Block Real Estate Services, LLC",69fdf7a362446148bd85b018,69fded0e62446148bd848bb6,AXIS Capital / AXIS Reinsurance Company,69fdf15ebf1df2fe9692af51,"tic001 - 46 Penn Centre {46 PC Investors, LLC}",evidenceOfInsurance,Evidence of Insurance,workersCompensation,Workers' Compensation and Employer's Liability,evidenceOfInsuranceWorkersCompensationEmployersLiabilityDiseaseEachEmployee,Employer's Liability Disease - each employee,,matchOnce,must be greater or equal to,500000,,non_compliant,Block Requirements,,,false,0,,2026-08-16
"Block Real Estate Services, LLC",69fdf7a362446148bd85b018,69fded0e62446148bd848bb6,AXIS Capital / AXIS Reinsurance Company,69fdf15ebf1df2fe9692af51,"tic001 - 46 Penn Centre {46 PC Investors, LLC}",evidenceOfInsurance,Evidence of Insurance,workersCompensation,Workers' Compensation and Employer's Liability,evidenceOfInsuranceWorkersCompensationEmployersLiabilityDiseasePolicyLimit,Employer's Liability Disease - policy limit,,matchOnce,must be greater or equal to,500000,,non_compliant,Block Requirements,,,false,0,,2026-08-16
"Block Real Estate Services, LLC",69fdf7a362446148bd85b018,69fded0e62446148bd848bb6,AXIS Capital / AXIS Reinsurance Company,69fdf15ebf1df2fe9692af51,"tic001 - 46 Penn Centre {46 PC Investors, LLC}",evidenceOfInsurance,Evidence of Insurance,workersCompensation,Workers' Compensation and Employer's Liability,evidenceOfInsuranceWorkersCompensationWaiverOfSubrogationEndorsement,Waiver of Subrogation,"---prompt---
Determine if the insurer has waived their right of subrogation in favor of the certificate holder under the Workers' Compensation policy. Evidence may include: a checked ""Waiver of Subrogation"" box on the certificate, mention in the Description of Operations section stating ""waiver of subrogation applies"", or reference to form WC 00 03 13. Look for language like ""subrogation is waived"" or ""per written contract"".",matchOnce,must be present,,,non_compliant,Block Requirements,,,false,0,,2026-08-16
"Block Real Estate Services, LLC",69fdf7a362446148bd85b018,69fded0e62446148bd848bb6,AXIS Capital / AXIS Reinsurance Company,69fdf15ebf1df2fe9692af51,"tic001 - 46 Penn Centre {46 PC Investors, LLC}",evidenceOfInsurance,Evidence of Insurance,6ac20aae-5728-5d57-b364-aeba38527dba,Additional Requirements,4da5b0f1-4c9d-5885-8cf8-5d3cccaed3e0,"Block Real Estate Services, LLC and all others required by contract are named as Additional Insureds","---prompt---
Determine if the Description of Operations or the Additional Remarks Schedule section states the ""Additional Insured as Construction Management, Inc. and all others required by contract"" or reference to blanket additional insured coverage. Look for language like ""certificate holder is additional insured"" or ""per written contract"".",matchOnce,must be present,,,non_compliant,Block Requirements,,,true,0,,2026-08-16
"Block Real Estate Services, LLC",69fdf7a362446148bd85b018,69fded0e62446148bd848bb6,AXIS Capital / AXIS Reinsurance Company,69fdf15ebf1df2fe9692af51,"tic001 - 46 Penn Centre {46 PC Investors, LLC}",evidenceOfInsurance,Evidence of Insurance,6ac20aae-5728-5d57-b364-aeba38527dba,Additional Requirements,e1017741-e47e-5f58-97b8-fbc3043e919f,Umbrella follows form over General Liability,"---prompt---
Determine if the Umbrella/Excess Liability policy follows form to the underlying policies. Evidence may include: language in the Description of Operations section stating the umbrella follows form to underlying coverages or an additional page endorsement stating that it follows form. Follow form means the umbrella policy adopts the same terms, conditions, and exclusions as the underlying policies.",matchOnce,must be present,,,non_compliant,Block Requirements,,,true,0,,2026-08-16
"Block Real Estate Services, LLC",69fdf7a362446148bd85b018,69fded0e62446148bd848bb6,AXIS Capital / AXIS Reinsurance Company,69fdf15ebf1df2fe9692af51,"tic001 - 46 Penn Centre {46 PC Investors, LLC}",evidenceOfInsurance,Evidence of Insurance,6ac20aae-5728-5d57-b364-aeba38527dba,Additional Requirements,2cdd866f-c9a4-576a-afd8-1d045762790c,The location must be listed as: 4622 Pennsylvania Avenue Suite 1200 Kansas City MO 64112,,matchOnce,must be present,,,non_compliant,Block Requirements,,,true,0,,2026-08-16
"Block Real Estate Services, LLC",69fdf7a362446148bd85b018,69fded0e62446148bd848bb6,AXIS Capital / AXIS Reinsurance Company,69fdf15ebf1df2fe9692af51,"tic001 - 46 Penn Centre {46 PC Investors, LLC}",evidenceOfInsurance,Evidence of Insurance,6ac20aae-5728-5d57-b364-aeba38527dba,Additional Requirements,3649e9d1-4e09-59bf-8f30-cb33c40cf117,"Certificate Holder must read: c/o Block Real Estate Services, LLC, 4622 Pennsylvania St., Suite 700, Kansas City, MO, 64112",,matchOnce,must be present,,,non_compliant,Block Requirements,,,true,0,,2026-08-16
"Block Real Estate Services, LLC",69fdf7a362446148bd85b024,69fded2162446148bd8491b9,Stifel Nicolaus & Company Inc,69fdf15ebf1df2fe9692af51,"tic001 - 46 Penn Centre {46 PC Investors, LLC}",evidenceOfInsurance,Evidence of Insurance,commercialGeneralLiability,Commercial General Liability,evidenceOfInsuranceCommercialGeneralLiabilityCoverageTriggerOccurrence,Coverage Trigger: Occurrence,,matchOnce,must be present,,,non_compliant,Block Requirements,,,false,0,,2026-08-16
"Block Real Estate Services, LLC",69fdf7a362446148bd85b024,69fded2162446148bd8491b9,Stifel Nicolaus & Company Inc,69fdf15ebf1df2fe9692af51,"tic001 - 46 Penn Centre {46 PC Investors, LLC}",evidenceOfInsurance,Evidence of Insurance,commercialGeneralLiability,Commercial General Liability,evidenceOfInsuranceCommercialGeneralLiabilityGeneralAggregateLimitAppliesPerLocation,General Aggregate Limit Applies per: Location,,matchOnce,must be present,,,non_compliant,Block Requirements,,,false,0,,2026-08-16
"Block Real Estate Services, LLC",69fdf7a362446148bd85b024,69fded2162446148bd8491b9,Stifel Nicolaus & Company Inc,69fdf15ebf1df2fe9692af51,"tic001 - 46 Penn Centre {46 PC Investors, LLC}",evidenceOfInsurance,Evidence of Insurance,commercialGeneralLiability,Commercial General Liability,evidenceOfInsuranceCommercialGeneralLiabilityEachOccurrence,Each Occurrence,,matchOnce,must be greater or equal to,1000000,,non_compliant,Block Requirements,,,false,0,,2026-08-16
"Block Real Estate Services, LLC",69fdf7a362446148bd85b024,69fded2162446148bd8491b9,Stifel Nicolaus & Company Inc,69fdf15ebf1df2fe9692af51,"tic001 - 46 Penn Centre {46 PC Investors, LLC}",evidenceOfInsurance,Evidence of Insurance,commercialGeneralLiability,Commercial General Liability,evidenceOfInsuranceCommercialGeneralLiabilityGeneralAggregate,General Aggregate,,matchOnce,must be greater or equal to,2000000,,non_compliant,Block Requirements,,,false,0,,2026-08-16
"Block Real Estate Services, LLC",69fdf7a362446148bd85b024,69fded2162446148bd8491b9,Stifel Nicolaus & Company Inc,69fdf15ebf1df2fe9692af51,"tic001 - 46 Penn Centre {46 PC Investors, LLC}",evidenceOfInsurance,Evidence of Insurance,commercialGeneralLiability,Commercial General Liability,evidenceOfInsuranceCommercialGeneralLiabilityWaiverOfSubrogationEndorsement,Waiver of Subrogation,"---prompt---
Determine if the insurer has waived their right of subrogation in favor of the certificate holder under the Commercial General Liability policy. Evidence may include: a checked ""Waiver of Subrogation"" box on the certificate, mention in the Description of Operations section stating ""waiver of subrogation applies"", or reference to form CG 24 04. Look for language like ""subrogation is waived"" or ""per written contract"".",matchOnce,must be present,,,non_compliant,Block Requirements,,,false,0,,2026-08-16
"Block Real Estate Services, LLC",69fdf7a362446148bd85b024,69fded2162446148bd8491b9,Stifel Nicolaus & Company Inc,69fdf15ebf1df2fe9692af51,"tic001 - 46 Penn Centre {46 PC Investors, LLC}",evidenceOfInsurance,Evidence of Insurance,excessOrUmbrellaLiability,Umbrella/Excess Liability,evidenceOfInsuranceExcessOrUmbrellaLiabilityOccurence,Coverage Trigger: Occurrence,,matchOnce,must be present,,,non_compliant,Block Requirements,,,false,0,,2026-08-16
"Block Real Estate Services, LLC",69fdf7a362446148bd85b024,69fded2162446148bd8491b9,Stifel Nicolaus & Company Inc,69fdf15ebf1df2fe9692af51,"tic001 - 46 Penn Centre {46 PC Investors, LLC}",evidenceOfInsurance,Evidence of Insurance,excessOrUmbrellaLiability,Umbrella/Excess Liability,evidenceOfInsuranceExcessOrUmbrellaLiabilityEachOccurrence,Each Occurrence,,matchOnce,must be greater or equal to,1000000,,non_compliant,Block Requirements,,,false,0,,2026-08-16
"Block Real Estate Services, LLC",69fdf7a362446148bd85b024,69fded2162446148bd8491b9,Stifel Nicolaus & Company Inc,69fdf15ebf1df2fe9692af51,"tic001 - 46 Penn Centre {46 PC Investors, LLC}",evidenceOfInsurance,Evidence of Insurance,excessOrUmbrellaLiability,Umbrella/Excess Liability,evidenceOfInsuranceExcessOrUmbrellaLiabilityAggregate,Aggregate,,matchOnce,must be greater or equal to,1000000,,non_compliant,Block Requirements,,,false,0,,2026-08-16
"Block Real Estate Services, LLC",69fdf7a362446148bd85b024,69fded2162446148bd8491b9,Stifel Nicolaus & Company Inc,69fdf15ebf1df2fe9692af51,"tic001 - 46 Penn Centre {46 PC Investors, LLC}",evidenceOfInsurance,Evidence of Insurance,workersCompensation,Workers' Compensation and Employer's Liability,evidenceOfInsuranceWorkersCompensationStatutoryLimits,Statutory Limits,,matchOnce,must be present,,,non_compliant,Block Requirements,,,false,0,,2026-08-16
"Block Real Estate Services, LLC",69fdf7a362446148bd85b024,69fded2162446148bd8491b9,Stifel Nicolaus & Company Inc,69fdf15ebf1df2fe9692af51,"tic001 - 46 Penn Centre {46 PC Investors, LLC}",evidenceOfInsurance,Evidence of Insurance,workersCompensation,Workers' Compensation and Employer's Liability,evidenceOfInsuranceWorkersCompensationEmployersLiabilityEachAccident,Employer's Liability Each Accident,,matchOnce,must be greater or equal to,500000,,non_compliant,Block Requirements,,,false,0,,2026-08-16
"Block Real Estate Services, LLC",69fdf7a362446148bd85b024,69fded2162446148bd8491b9,Stifel Nicolaus & Company Inc,69fdf15ebf1df2fe9692af51,"tic001 - 46 Penn Centre {46 PC Investors, LLC}",evidenceOfInsurance,Evidence of Insurance,workersCompensation,Workers' Compensation and Employer's Liability,evidenceOfInsuranceWorkersCompensationEmployersLiabilityDiseaseEachEmployee,Employer's Liability Disease - each employee,,matchOnce,must be greater or equal to,500000,,non_compliant,Block Requirements,,,false,0,,2026-08-16
"Block Real Estate Services, LLC",69fdf7a362446148bd85b024,69fded2162446148bd8491b9,Stifel Nicolaus & Company Inc,69fdf15ebf1df2fe9692af51,"tic001 - 46 Penn Centre {46 PC Investors, LLC}",evidenceOfInsurance,Evidence of Insurance,workersCompensation,Workers' Compensation and Employer's Liability,evidenceOfInsuranceWorkersCompensationEmployersLiabilityDiseasePolicyLimit,Employer's Liability Disease - policy limit,,matchOnce,must be greater or equal to,500000,,non_compliant,Block Requirements,,,false,0,,2026-08-16
"Block Real Estate Services, LLC",69fdf7a362446148bd85b024,69fded2162446148bd8491b9,Stifel Nicolaus & Company Inc,69fdf15ebf1df2fe9692af51,"tic001 - 46 Penn Centre {46 PC Investors, LLC}",evidenceOfInsurance,Evidence of Insurance,workersCompensation,Workers' Compensation and Employer's Liability,evidenceOfInsuranceWorkersCompensationWaiverOfSubrogationEndorsement,Waiver of Subrogation,"---prompt---
Determine if the insurer has waived their right of subrogation in favor of the certificate holder under the Workers' Compensation policy. Evidence may include: a checked ""Waiver of Subrogation"" box on the certificate, mention in the Description of Operations section stating ""waiver of subrogation applies"", or reference to form WC 00 03 13. Look for language like ""subrogation is waived"" or ""per written contract"".",matchOnce,must be present,,,non_compliant,Block Requirements,,,false,0,,2026-08-16
"Block Real Estate Services, LLC",69fdf7a362446148bd85b024,69fded2162446148bd8491b9,Stifel Nicolaus & Company Inc,69fdf15ebf1df2fe9692af51,"tic001 - 46 Penn Centre {46 PC Investors, LLC}",evidenceOfInsurance,Evidence of Insurance,6ac20aae-5728-5d57-b364-aeba38527dba,Additional Requirements,4da5b0f1-4c9d-5885-8cf8-5d3cccaed3e0,"Block Real Estate Services, LLC and all others required by contract are named as Additional Insureds","---prompt---
Determine if the Description of Operations or the Additional Remarks Schedule section states the ""Additional Insured as Construction Management, Inc. and all others required by contract"" or reference to blanket additional insured coverage. Look for language like ""certificate holder is additional insured"" or ""per written contract"".",matchOnce,must be present,,,non_compliant,Block Requirements,,,true,0,,2026-08-16
"Block Real Estate Services, LLC",69fdf7a362446148bd85b024,69fded2162446148bd8491b9,Stifel Nicolaus & Company Inc,69fdf15ebf1df2fe9692af51,"tic001 - 46 Penn Centre {46 PC Investors, LLC}",evidenceOfInsurance,Evidence of Insurance,6ac20aae-5728-5d57-b364-aeba38527dba,Additional Requirements,e1017741-e47e-5f58-97b8-fbc3043e919f,Umbrella follows form over General Liability,"---prompt---
Determine if the Umbrella/Excess Liability policy follows form to the underlying policies. Evidence may include: language in the Description of Operations section stating the umbrella follows form to underlying coverages or an additional page endorsement stating that it follows form. Follow form means the umbrella policy adopts the same terms, conditions, and exclusions as the underlying policies.",matchOnce,must be present,,,non_compliant,Block Requirements,,,true,0,,2026-08-16
"Block Real Estate Services, LLC",69fdf7a362446148bd85b024,69fded2162446148bd8491b9,Stifel Nicolaus & Company Inc,69fdf15ebf1df2fe9692af51,"tic001 - 46 Penn Centre {46 PC Investors, LLC}",evidenceOfInsurance,Evidence of Insurance,6ac20aae-5728-5d57-b364-aeba38527dba,Additional Requirements,2cdd866f-c9a4-576a-afd8-1d045762790c,The location must be listed as: 4622 Pennsylvania Avenue Suite 1210 Kansas City MO 64112,,matchOnce,must be present,,,non_compliant,Block Requirements,,,true,0,,2026-08-16
"Block Real Estate Services, LLC",69fdf7a362446148bd85b024,69fded2162446148bd8491b9,Stifel Nicolaus & Company Inc,69fdf15ebf1df2fe9692af51,"tic001 - 46 Penn Centre {46 PC Investors, LLC}",evidenceOfInsurance,Evidence of Insurance,6ac20aae-5728-5d57-b364-aeba38527dba,Additional Requirements,3649e9d1-4e09-59bf-8f30-cb33c40cf117,"Certificate Holder must read: c/o Block Real Estate Services, LLC, 4622 Pennsylvania St., Suite 700, Kansas City, MO, 64112",,matchOnce,must be present,,,non_compliant,Block Requirements,,,true,0,,2026-08-16
"Block Real Estate Services, LLC",69fdf7a362446148bd85b025,69fded2362446148bd84924f,UBS Financial Services Inc,69fdf15ebf1df2fe9692af51,"tic001 - 46 Penn Centre {46 PC Investors, LLC}",evidenceOfInsurance,Evidence of Insurance,commercialGeneralLiability,Commercial General Liability,evidenceOfInsuranceCommercialGeneralLiabilityCoverageTriggerOccurrence,Coverage Trigger: Occurrence,,matchOnce,must be present,,Present,compliant,Block Requirements,,,false,2,,2026-08-16
"Block Real Estate Services, LLC",69fdf7a362446148bd85b025,69fded2362446148bd84924f,UBS Financial Services Inc,69fdf15ebf1df2fe9692af51,"tic001 - 46 Penn Centre {46 PC Investors, LLC}",evidenceOfInsurance,Evidence of Insurance,commercialGeneralLiability,Commercial General Liability,evidenceOfInsuranceCommercialGeneralLiabilityGeneralAggregateLimitAppliesPerLocation,General Aggregate Limit Applies per: Location,,matchOnce,must be present,,,non_compliant,Block Requirements,,,false,0,,2026-08-16
"Block Real Estate Services, LLC",69fdf7a362446148bd85b025,69fded2362446148bd84924f,UBS Financial Services Inc,69fdf15ebf1df2fe9692af51,"tic001 - 46 Penn Centre {46 PC Investors, LLC}",evidenceOfInsurance,Evidence of Insurance,commercialGeneralLiability,Commercial General Liability,evidenceOfInsuranceCommercialGeneralLiabilityEachOccurrence,Each Occurrence,,matchOnce,must be greater or equal to,1000000,1000000,compliant,Block Requirements,,,false,2,,2026-08-16
"Block Real Estate Services, LLC",69fdf7a362446148bd85b025,69fded2362446148bd84924f,UBS Financial Services Inc,69fdf15ebf1df2fe9692af51,"tic001 - 46 Penn Centre {46 PC Investors, LLC}",evidenceOfInsurance,Evidence of Insurance,commercialGeneralLiability,Commercial General Liability,evidenceOfInsuranceCommercialGeneralLiabilityGeneralAggregate,General Aggregate,,matchOnce,must be greater or equal to,2000000,2000000,compliant,Block Requirements,,,false,2,,2026-08-16
"Block Real Estate Services, LLC",69fdf7a362446148bd85b025,69fded2362446148bd84924f,UBS Financial Services Inc,69fdf15ebf1df2fe9692af51,"tic001 - 46 Penn Centre {46 PC Investors, LLC}",evidenceOfInsurance,Evidence of Insurance,commercialGeneralLiability,Commercial General Liability,evidenceOfInsuranceCommercialGeneralLiabilityWaiverOfSubrogationEndorsement,Waiver of Subrogation,"---prompt---
Determine if the insurer has waived their right of subrogation in favor of the certificate holder under the Commercial General Liability policy. Evidence may include: a checked ""Waiver of Subrogation"" box on the certificate, mention in the Description of Operations section stating ""waiver of subrogation applies"", or reference to form CG 24 04. Look for language like ""subrogation is waived"" or ""per written contract"".",matchOnce,must be present,,Present,compliant,Block Requirements,,,false,2,,2026-08-16
"Block Real Estate Services, LLC",69fdf7a362446148bd85b025,69fded2362446148bd84924f,UBS Financial Services Inc,69fdf15ebf1df2fe9692af51,"tic001 - 46 Penn Centre {46 PC Investors, LLC}",evidenceOfInsurance,Evidence of Insurance,excessOrUmbrellaLiability,Umbrella/Excess Liability,evidenceOfInsuranceExcessOrUmbrellaLiabilityOccurence,Coverage Trigger: Occurrence,,matchOnce,must be present,,Present,compliant,Block Requirements,,,false,2,,2026-08-16
"Block Real Estate Services, LLC",69fdf7a362446148bd85b025,69fded2362446148bd84924f,UBS Financial Services Inc,69fdf15ebf1df2fe9692af51,"tic001 - 46 Penn Centre {46 PC Investors, LLC}",evidenceOfInsurance,Evidence of Insurance,excessOrUmbrellaLiability,Umbrella/Excess Liability,evidenceOfInsuranceExcessOrUmbrellaLiabilityEachOccurrence,Each Occurrence,,matchOnce,must be greater or equal to,1000000,5000000,compliant,Block Requirements,,,false,2,,2026-08-16
"Block Real Estate Services, LLC",69fdf7a362446148bd85b025,69fded2362446148bd84924f,UBS Financial Services Inc,69fdf15ebf1df2fe9692af51,"tic001 - 46 Penn Centre {46 PC Investors, LLC}",evidenceOfInsurance,Evidence of Insurance,excessOrUmbrellaLiability,Umbrella/Excess Liability,evidenceOfInsuranceExcessOrUmbrellaLiabilityAggregate,Aggregate,,matchOnce,must be greater or equal to,1000000,5000000,compliant,Block Requirements,,,false,2,,2026-08-16
"Block Real Estate Services, LLC",69fdf7a362446148bd85b025,69fded2362446148bd84924f,UBS Financial Services Inc,69fdf15ebf1df2fe9692af51,"tic001 - 46 Penn Centre {46 PC Investors, LLC}",evidenceOfInsurance,Evidence of Insurance,workersCompensation,Workers' Compensation and Employer's Liability,evidenceOfInsuranceWorkersCompensationStatutoryLimits,Statutory Limits,,matchOnce,must be present,,,non_compliant,Block Requirements,,,false,0,,2026-08-16
"Block Real Estate Services, LLC",69fdf7a362446148bd85b025,69fded2362446148bd84924f,UBS Financial Services Inc,69fdf15ebf1df2fe9692af51,"tic001 - 46 Penn Centre {46 PC Investors, LLC}",evidenceOfInsurance,Evidence of Insurance,workersCompensation,Workers' Compensation and Employer's Liability,evidenceOfInsuranceWorkersCompensationEmployersLiabilityEachAccident,Employer's Liability Each Accident,,matchOnce,must be greater or equal to,500000,,non_compliant,Block Requirements,,,false,0,,2026-08-16
"Block Real Estate Services, LLC",69fdf7a362446148bd85b025,69fded2362446148bd84924f,UBS Financial Services Inc,69fdf15ebf1df2fe9692af51,"tic001 - 46 Penn Centre {46 PC Investors, LLC}",evidenceOfInsurance,Evidence of Insurance,workersCompensation,Workers' Compensation and Employer's Liability,evidenceOfInsuranceWorkersCompensationEmployersLiabilityDiseaseEachEmployee,Employer's Liability Disease - each employee,,matchOnce,must be greater or equal to,500000,,non_compliant,Block Requirements,,,false,0,,2026-08-16
"Block Real Estate Services, LLC",69fdf7a362446148bd85b025,69fded2362446148bd84924f,UBS Financial Services Inc,69fdf15ebf1df2fe9692af51,"tic001 - 46 Penn Centre {46 PC Investors, LLC}",evidenceOfInsurance,Evidence of Insurance,workersCompensation,Workers' Compensation and Employer's Liability,evidenceOfInsuranceWorkersCompensationEmployersLiabilityDiseasePolicyLimit,Employer's Liability Disease - policy limit,,matchOnce,must be greater or equal to,500000,,non_compliant,Block Requirements,,,false,0,,2026-08-16
"Block Real Estate Services, LLC",69fdf7a362446148bd85b025,69fded2362446148bd84924f,UBS Financial Services Inc,69fdf15ebf1df2fe9692af51,"tic001 - 46 Penn Centre {46 PC Investors, LLC}",evidenceOfInsurance,Evidence of Insurance,workersCompensation,Workers' Compensation and Employer's Liability,evidenceOfInsuranceWorkersCompensationWaiverOfSubrogationEndorsement,Waiver of Subrogation,"---prompt---
Determine if the insurer has waived their right of subrogation in favor of the certificate holder under the Workers' Compensation policy. Evidence may include: a checked ""Waiver of Subrogation"" box on the certificate, mention in the Description of Operations section stating ""waiver of subrogation applies"", or reference to form WC 00 03 13. Look for language like ""subrogation is waived"" or ""per written contract"".",matchOnce,must be present,,,non_compliant,Block Requirements,,,false,0,,2026-08-16
"Block Real Estate Services, LLC",69fdf7a362446148bd85b025,69fded2362446148bd84924f,UBS Financial Services Inc,69fdf15ebf1df2fe9692af51,"tic001 - 46 Penn Centre {46 PC Investors, LLC}",evidenceOfInsurance,Evidence of Insurance,6ac20aae-5728-5d57-b364-aeba38527dba,Additional Requirements,4da5b0f1-4c9d-5885-8cf8-5d3cccaed3e0,"Block Real Estate Services, LLC and all others required by contract are named as Additional Insureds","---prompt---
Determine if the Description of Operations or the Additional Remarks Schedule section states the ""Additional Insured as Construction Management, Inc. and all others required by contract"" or reference to blanket additional insured coverage. Look for language like ""certificate holder is additional insured"" or ""per written contract"".",matchOnce,must be present,,Present,compliant,Block Requirements,,,true,1,,2026-08-16
"Block Real Estate Services, LLC",69fdf7a362446148bd85b025,69fded2362446148bd84924f,UBS Financial Services Inc,69fdf15ebf1df2fe9692af51,"tic001 - 46 Penn Centre {46 PC Investors, LLC}",evidenceOfInsurance,Evidence of Insurance,6ac20aae-5728-5d57-b364-aeba38527dba,Additional Requirements,e1017741-e47e-5f58-97b8-fbc3043e919f,Umbrella follows form over General Liability,"---prompt---
Determine if the Umbrella/Excess Liability policy follows form to the underlying policies. Evidence may include: language in the Description of Operations section stating the umbrella follows form to underlying coverages or an additional page endorsement stating that it follows form. Follow form means the umbrella policy adopts the same terms, conditions, and exclusions as the underlying policies.",matchOnce,must be present,,Present,compliant,Block Requirements,,,true,1,,2026-08-16
"Block Real Estate Services, LLC",69fdf7a362446148bd85b025,69fded2362446148bd84924f,UBS Financial Services Inc,69fdf15ebf1df2fe9692af51,"tic001 - 46 Penn Centre {46 PC Investors, LLC}",evidenceOfInsurance,Evidence of Insurance,6ac20aae-5728-5d57-b364-aeba38527dba,Additional Requirements,2cdd866f-c9a4-576a-afd8-1d045762790c,The location must be listed as: 4622 Pennsylvania Avenue Suite 800 Kansas City MO 64112,,matchOnce,must be present,,Present,compliant,Block Requirements,,,true,1,,2026-08-16
"Block Real Estate Services, LLC",69fdf7a362446148bd85b025,69fded2362446148bd84924f,UBS Financial Services Inc,69fdf15ebf1df2fe9692af51,"tic001 - 46 Penn Centre {46 PC Investors, LLC}",evidenceOfInsurance,Evidence of Insurance,6ac20aae-5728-5d57-b364-aeba38527dba,Additional Requirements,3649e9d1-4e09-59bf-8f30-cb33c40cf117,"Certificate Holder must read: c/o Block Real Estate Services, LLC, 4622 Pennsylvania St., Suite 700, Kansas City, MO, 64112",,matchOnce,must be present,,Present,compliant,Block Requirements,,,true,1,,2026-08-16
"Block Real Estate Services, LLC",69fdf7a362446148bd85b01b,69fded1562446148bd848db7,Fisher & Phillips LLP,69fdf15ebf1df2fe9692af51,"tic001 - 46 Penn Centre {46 PC Investors, LLC}",evidenceOfInsurance,Evidence of Insurance,commercialGeneralLiability,Commercial General Liability,evidenceOfInsuranceCommercialGeneralLiabilityCoverageTriggerOccurrence,Coverage Trigger: Occurrence,,matchOnce,must be present,,Present,compliant,Block Requirements,,,false,1,,2026-08-16
"Block Real Estate Services, LLC",69fdf7a362446148bd85b01b,69fded1562446148bd848db7,Fisher & Phillips LLP,69fdf15ebf1df2fe9692af51,"tic001 - 46 Penn Centre {46 PC Investors, LLC}",evidenceOfInsurance,Evidence of Insurance,commercialGeneralLiability,Commercial General Liability,evidenceOfInsuranceCommercialGeneralLiabilityGeneralAggregateLimitAppliesPerLocation,General Aggregate Limit Applies per: Location,,matchOnce,must be present,,Present,compliant,Block Requirements,,,false,1,,2026-08-16
"Block Real Estate Services, LLC",69fdf7a362446148bd85b01b,69fded1562446148bd848db7,Fisher & Phillips LLP,69fdf15ebf1df2fe9692af51,"tic001 - 46 Penn Centre {46 PC Investors, LLC}",evidenceOfInsurance,Evidence of Insurance,commercialGeneralLiability,Commercial General Liability,evidenceOfInsuranceCommercialGeneralLiabilityEachOccurrence,Each Occurrence,,matchOnce,must be greater or equal to,1000000,1000000,compliant,Block Requirements,,,false,1,,2026-08-16
"Block Real Estate Services, LLC",69fdf7a362446148bd85b01b,69fded1562446148bd848db7,Fisher & Phillips LLP,69fdf15ebf1df2fe9692af51,"tic001 - 46 Penn Centre {46 PC Investors, LLC}",evidenceOfInsurance,Evidence of Insurance,commercialGeneralLiability,Commercial General Liability,evidenceOfInsuranceCommercialGeneralLiabilityGeneralAggregate,General Aggregate,,matchOnce,must be greater or equal to,2000000,2000000,compliant,Block Requirements,,,false,1,,2026-08-16
"Block Real Estate Services, LLC",69fdf7a362446148bd85b01b,69fded1562446148bd848db7,Fisher & Phillips LLP,69fdf15ebf1df2fe9692af51,"tic001 - 46 Penn Centre {46 PC Investors, LLC}",evidenceOfInsurance,Evidence of Insurance,commercialGeneralLiability,Commercial General Liability,evidenceOfInsuranceCommercialGeneralLiabilityWaiverOfSubrogationEndorsement,Waiver of Subrogation,"---prompt---
Determine if the insurer has waived their right of subrogation in favor of the certificate holder under the Commercial General Liability policy. Evidence may include: a checked ""Waiver of Subrogation"" box on the certificate, mention in the Description of Operations section stating ""waiver of subrogation applies"", or reference to form CG 24 04. Look for language like ""subrogation is waived"" or ""per written contract"".",matchOnce,must be present,,Present,compliant,Block Requirements,,,false,1,,2026-08-16
"Block Real Estate Services, LLC",69fdf7a362446148bd85b01b,69fded1562446148bd848db7,Fisher & Phillips LLP,69fdf15ebf1df2fe9692af51,"tic001 - 46 Penn Centre {46 PC Investors, LLC}",evidenceOfInsurance,Evidence of Insurance,excessOrUmbrellaLiability,Umbrella/Excess Liability,evidenceOfInsuranceExcessOrUmbrellaLiabilityOccurence,Coverage Trigger: Occurrence,,matchOnce,must be present,,Present,compliant,Block Requirements,,,false,1,,2026-08-16
"Block Real Estate Services, LLC",69fdf7a362446148bd85b01b,69fded1562446148bd848db7,Fisher & Phillips LLP,69fdf15ebf1df2fe9692af51,"tic001 - 46 Penn Centre {46 PC Investors, LLC}",evidenceOfInsurance,Evidence of Insurance,excessOrUmbrellaLiability,Umbrella/Excess Liability,evidenceOfInsuranceExcessOrUmbrellaLiabilityEachOccurrence,Each Occurrence,,matchOnce,must be greater or equal to,1000000,25000000,compliant,Block Requirements,,,false,1,,2026-08-16
"Block Real Estate Services, LLC",69fdf7a362446148bd85b01b,69fded1562446148bd848db7,Fisher & Phillips LLP,69fdf15ebf1df2fe9692af51,"tic001 - 46 Penn Centre {46 PC Investors, LLC}",evidenceOfInsurance,Evidence of Insurance,excessOrUmbrellaLiability,Umbrella/Excess Liability,evidenceOfInsuranceExcessOrUmbrellaLiabilityAggregate,Aggregate,,matchOnce,must be greater or equal to,1000000,25000000,compliant,Block Requirements,,,false,1,,2026-08-16
"Block Real Estate Services, LLC",69fdf7a362446148bd85b01b,69fded1562446148bd848db7,Fisher & Phillips LLP,69fdf15ebf1df2fe9692af51,"tic001 - 46 Penn Centre {46 PC Investors, LLC}",evidenceOfInsurance,Evidence of Insurance,workersCompensation,Workers' Compensation and Employer's Liability,evidenceOfInsuranceWorkersCompensationStatutoryLimits,Statutory Limits,,matchOnce,must be present,,Present,compliant,Block Requirements,,,false,1,,2026-08-16
"Block Real Estate Services, LLC",69fdf7a362446148bd85b01b,69fded1562446148bd848db7,Fisher & Phillips LLP,69fdf15ebf1df2fe9692af51,"tic001 - 46 Penn Centre {46 PC Investors, LLC}",evidenceOfInsurance,Evidence of Insurance,workersCompensation,Workers' Compensation and Employer's Liability,evidenceOfInsuranceWorkersCompensationEmployersLiabilityEachAccident,Employer's Liability Each Accident,,matchOnce,must be greater or equal to,500000,500000,compliant,Block Requirements,,,false,1,,2026-08-16
"Block Real Estate Services, LLC",69fdf7a362446148bd85b01b,69fded1562446148bd848db7,Fisher & Phillips LLP,69fdf15ebf1df2fe9692af51,"tic001 - 46 Penn Centre {46 PC Investors, LLC}",evidenceOfInsurance,Evidence of Insurance,workersCompensation,Workers' Compensation and Employer's Liability,evidenceOfInsuranceWorkersCompensationEmployersLiabilityDiseaseEachEmployee,Employer's Liability Disease - each employee,,matchOnce,must be greater or equal to,500000,500000,compliant,Block Requirements,,,false,1,,2026-08-16
"Block Real Estate Services, LLC",69fdf7a362446148bd85b01b,69fded1562446148bd848db7,Fisher & Phillips LLP,69fdf15ebf1df2fe9692af51,"tic001 - 46 Penn Centre {46 PC Investors, LLC}",evidenceOfInsurance,Evidence of Insurance,workersCompensation,Workers' Compensation and Employer's Liability,evidenceOfInsuranceWorkersCompensationEmployersLiabilityDiseasePolicyLimit,Employer's Liability Disease - policy limit,,matchOnce,must be greater or equal to,500000,500000,compliant,Block Requirements,,,false,1,,2026-08-16
"Block Real Estate Services, LLC",69fdf7a362446148bd85b01b,69fded1562446148bd848db7,Fisher & Phillips LLP,69fdf15ebf1df2fe9692af51,"tic001 - 46 Penn Centre {46 PC Investors, LLC}",evidenceOfInsurance,Evidence of Insurance,workersCompensation,Workers' Compensation and Employer's Liability,evidenceOfInsuranceWorkersCompensationWaiverOfSubrogationEndorsement,Waiver of Subrogation,"---prompt---
Determine if the insurer has waived their right of subrogation in favor of the certificate holder under the Workers' Compensation policy. Evidence may include: a checked ""Waiver of Subrogation"" box on the certificate, mention in the Description of Operations section stating ""waiver of subrogation applies"", or reference to form WC 00 03 13. Look for language like ""subrogation is waived"" or ""per written contract"".",matchOnce,must be present,,Present,compliant,Block Requirements,,,false,1,,2026-08-16
"Block Real Estate Services, LLC",69fdf7a362446148bd85b01b,69fded1562446148bd848db7,Fisher & Phillips LLP,69fdf15ebf1df2fe9692af51,"tic001 - 46 Penn Centre {46 PC Investors, LLC}",evidenceOfInsurance,Evidence of Insurance,6ac20aae-5728-5d57-b364-aeba38527dba,Additional Requirements,4da5b0f1-4c9d-5885-8cf8-5d3cccaed3e0,"Block Real Estate Services, LLC and all others required by contract are named as Additional Insureds","---prompt---
Determine if the Description of Operations or the Additional Remarks Schedule section states the ""Additional Insured as Construction Management, Inc. and all others required by contract"" or reference to blanket additional insured coverage. Look for language like ""certificate holder is additional insured"" or ""per written contract"".",matchOnce,must be present,,Present,compliant,Block Requirements,,,true,1,,2026-08-16
"Block Real Estate Services, LLC",69fdf7a362446148bd85b01b,69fded1562446148bd848db7,Fisher & Phillips LLP,69fdf15ebf1df2fe9692af51,"tic001 - 46 Penn Centre {46 PC Investors, LLC}",evidenceOfInsurance,Evidence of Insurance,6ac20aae-5728-5d57-b364-aeba38527dba,Additional Requirements,e1017741-e47e-5f58-97b8-fbc3043e919f,Umbrella follows form over General Liability,"---prompt---
Determine if the Umbrella/Excess Liability policy follows form to the underlying policies. Evidence may include: language in the Description of Operations section stating the umbrella follows form to underlying coverages or an additional page endorsement stating that it follows form. Follow form means the umbrella policy adopts the same terms, conditions, and exclusions as the underlying policies.",matchOnce,must be present,,Present,compliant,Block Requirements,,,true,1,,2026-08-16
"Block Real Estate Services, LLC",69fdf7a362446148bd85b01b,69fded1562446148bd848db7,Fisher & Phillips LLP,69fdf15ebf1df2fe9692af51,"tic001 - 46 Penn Centre {46 PC Investors, LLC}",evidenceOfInsurance,Evidence of Insurance,6ac20aae-5728-5d57-b364-aeba38527dba,Additional Requirements,2cdd866f-c9a4-576a-afd8-1d045762790c,The location must be listed as: 4622 Pennsylvania Avenue Suite 910 Kansas City MO 64112,,matchOnce,must be present,,Present,compliant,Block Requirements,,,true,1,,2026-08-16
"Block Real Estate Services, LLC",69fdf7a362446148bd85b01b,69fded1562446148bd848db7,Fisher & Phillips LLP,69fdf15ebf1df2fe9692af51,"tic001 - 46 Penn Centre {46 PC Investors, LLC}",evidenceOfInsurance,Evidence of Insurance,6ac20aae-5728-5d57-b364-aeba38527dba,Additional Requirements,3649e9d1-4e09-59bf-8f30-cb33c40cf117,"Certificate Holder must read: c/o Block Real Estate Services, LLC, 4622 Pennsylvania St., Suite 700, Kansas City, MO, 64112",,matchOnce,must be present,,Present,compliant,Block Requirements,,,true,1,,2026-08-16
"Block Real Estate Services, LLC",69fdf7a362446148bd85b020,69fded1d62446148bd849060,Parris Communications,69fdf15ebf1df2fe9692af51,"tic001 - 46 Penn Centre {46 PC Investors, LLC}",evidenceOfInsurance,Evidence of Insurance,commercialGeneralLiability,Commercial General Liability,evidenceOfInsuranceCommercialGeneralLiabilityCoverageTriggerOccurrence,Coverage Trigger: Occurrence,,matchOnce,must be present,,Present,compliant,Block Requirements,,,false,1,,2026-08-16
"Block Real Estate Services, LLC",69fdf7a362446148bd85b020,69fded1d62446148bd849060,Parris Communications,69fdf15ebf1df2fe9692af51,"tic001 - 46 Penn Centre {46 PC Investors, LLC}",evidenceOfInsurance,Evidence of Insurance,commercialGeneralLiability,Commercial General Liability,evidenceOfInsuranceCommercialGeneralLiabilityGeneralAggregateLimitAppliesPerLocation,General Aggregate Limit Applies per: Location,,matchOnce,must be present,,Present,compliant,Block Requirements,,,false,1,,2026-08-16
"Block Real Estate Services, LLC",69fdf7a362446148bd85b020,69fded1d62446148bd849060,Parris Communications,69fdf15ebf1df2fe9692af51,"tic001 - 46 Penn Centre {46 PC Investors, LLC}",evidenceOfInsurance,Evidence of Insurance,commercialGeneralLiability,Commercial General Liability,evidenceOfInsuranceCommercialGeneralLiabilityEachOccurrence,Each Occurrence,,matchOnce,must be greater or equal to,1000000,2000000,compliant,Block Requirements,,,false,1,,2026-08-16
"Block Real Estate Services, LLC",69fdf7a362446148bd85b020,69fded1d62446148bd849060,Parris Communications,69fdf15ebf1df2fe9692af51,"tic001 - 46 Penn Centre {46 PC Investors, LLC}",evidenceOfInsurance,Evidence of Insurance,commercialGeneralLiability,Commercial General Liability,evidenceOfInsuranceCommercialGeneralLiabilityGeneralAggregate,General Aggregate,,matchOnce,must be greater or equal to,2000000,4000000,compliant,Block Requirements,,,false,1,,2026-08-16
"Block Real Estate Services, LLC",69fdf7a362446148bd85b020,69fded1d62446148bd849060,Parris Communications,69fdf15ebf1df2fe9692af51,"tic001 - 46 Penn Centre {46 PC Investors, LLC}",evidenceOfInsurance,Evidence of Insurance,commercialGeneralLiability,Commercial General Liability,evidenceOfInsuranceCommercialGeneralLiabilityWaiverOfSubrogationEndorsement,Waiver of Subrogation,"---prompt---
Determine if the insurer has waived their right of subrogation in favor of the certificate holder under the Commercial General Liability policy. Evidence may include: a checked ""Waiver of Subrogation"" box on the certificate, mention in the Description of Operations section stating ""waiver of subrogation applies"", or reference to form CG 24 04. Look for language like ""subrogation is waived"" or ""per written contract"".",matchOnce,must be present,,Present,compliant,Block Requirements,,,false,1,,2026-08-16
"Block Real Estate Services, LLC",69fdf7a362446148bd85b020,69fded1d62446148bd849060,Parris Communications,69fdf15ebf1df2fe9692af51,"tic001 - 46 Penn Centre {46 PC Investors, LLC}",evidenceOfInsurance,Evidence of Insurance,excessOrUmbrellaLiability,Umbrella/Excess Liability,evidenceOfInsuranceExcessOrUmbrellaLiabilityOccurence,Coverage Trigger: Occurrence,,matchOnce,must be present,,,waived,Block Requirements,,,false,0,,2026-08-16
"Block Real Estate Services, LLC",69fdf7a362446148bd85b020,69fded1d62446148bd849060,Parris Communications,69fdf15ebf1df2fe9692af51,"tic001 - 46 Penn Centre {46 PC Investors, LLC}",evidenceOfInsurance,Evidence of Insurance,excessOrUmbrellaLiability,Umbrella/Excess Liability,evidenceOfInsuranceExcessOrUmbrellaLiabilityEachOccurrence,Each Occurrence,,matchOnce,must be greater or equal to,1000000,,waived,Block Requirements,,,false,0,,2026-08-16
"Block Real Estate Services, LLC",69fdf7a362446148bd85b020,69fded1d62446148bd849060,Parris Communications,69fdf15ebf1df2fe9692af51,"tic001 - 46 Penn Centre {46 PC Investors, LLC}",evidenceOfInsurance,Evidence of Insurance,excessOrUmbrellaLiability,Umbrella/Excess Liability,evidenceOfInsuranceExcessOrUmbrellaLiabilityAggregate,Aggregate,,matchOnce,must be greater or equal to,1000000,,waived,Block Requirements,,,false,0,,2026-08-16
"Block Real Estate Services, LLC",69fdf7a362446148bd85b020,69fded1d62446148bd849060,Parris Communications,69fdf15ebf1df2fe9692af51,"tic001 - 46 Penn Centre {46 PC Investors, LLC}",evidenceOfInsurance,Evidence of Insurance,workersCompensation,Workers' Compensation and Employer's Liability,evidenceOfInsuranceWorkersCompensationStatutoryLimits,Statutory Limits,,matchOnce,must be present,,Present,compliant,Block Requirements,,,false,1,,2026-08-16
"Block Real Estate Services, LLC",69fdf7a362446148bd85b020,69fded1d62446148bd849060,Parris Communications,69fdf15ebf1df2fe9692af51,"tic001 - 46 Penn Centre {46 PC Investors, LLC}",evidenceOfInsurance,Evidence of Insurance,workersCompensation,Workers' Compensation and Employer's Liability,evidenceOfInsuranceWorkersCompensationEmployersLiabilityEachAccident,Employer's Liability Each Accident,,matchOnce,must be greater or equal to,500000,500000,compliant,Block Requirements,,,false,1,,2026-08-16
"Block Real Estate Services, LLC",69fdf7a362446148bd85b020,69fded1d62446148bd849060,Parris Communications,69fdf15ebf1df2fe9692af51,"tic001 - 46 Penn Centre {46 PC Investors, LLC}",evidenceOfInsurance,Evidence of Insurance,workersCompensation,Workers' Compensation and Employer's Liability,evidenceOfInsuranceWorkersCompensationEmployersLiabilityDiseaseEachEmployee,Employer's Liability Disease - each employee,,matchOnce,must be greater or equal to,500000,500000,compliant,Block Requirements,,,false,1,,2026-08-16
"Block Real Estate Services, LLC",69fdf7a362446148bd85b020,69fded1d62446148bd849060,Parris Communications,69fdf15ebf1df2fe9692af51,"tic001 - 46 Penn Centre {46 PC Investors, LLC}",evidenceOfInsurance,Evidence of Insurance,workersCompensation,Workers' Compensation and Employer's Liability,evidenceOfInsuranceWorkersCompensationEmployersLiabilityDiseasePolicyLimit,Employer's Liability Disease - policy limit,,matchOnce,must be greater or equal to,500000,500000,compliant,Block Requirements,,,false,1,,2026-08-16
"Block Real Estate Services, LLC",69fdf7a362446148bd85b020,69fded1d62446148bd849060,Parris Communications,69fdf15ebf1df2fe9692af51,"tic001 - 46 Penn Centre {46 PC Investors, LLC}",evidenceOfInsurance,Evidence of Insurance,workersCompensation,Workers' Compensation and Employer's Liability,evidenceOfInsuranceWorkersCompensationWaiverOfSubrogationEndorsement,Waiver of Subrogation,"---prompt---
Determine if the insurer has waived their right of subrogation in favor of the certificate holder under the Workers' Compensation policy. Evidence may include: a checked ""Waiver of Subrogation"" box on the certificate, mention in the Description of Operations section stating ""waiver of subrogation applies"", or reference to form WC 00 03 13. Look for language like ""subrogation is waived"" or ""per written contract"".",matchOnce,must be present,,,waived,Block Requirements,WoS for WC not available in state of MO,,false,0,,2026-08-16
"Block Real Estate Services, LLC",69fdf7a362446148bd85b020,69fded1d62446148bd849060,Parris Communications,69fdf15ebf1df2fe9692af51,"tic001 - 46 Penn Centre {46 PC Investors, LLC}",evidenceOfInsurance,Evidence of Insurance,6ac20aae-5728-5d57-b364-aeba38527dba,Additional Requirements,4da5b0f1-4c9d-5885-8cf8-5d3cccaed3e0,"Block Real Estate Services, LLC and all others required by contract are named as Additional Insureds","---prompt---
Determine if the Description of Operations or the Additional Remarks Schedule section states the ""Additional Insured as Construction Management, Inc. and all others required by contract"" or reference to blanket additional insured coverage. Look for language like ""certificate holder is additional insured"" or ""per written contract"".",matchOnce,must be present,,Present,compliant,Block Requirements,,,true,1,,2026-08-16
"Block Real Estate Services, LLC",69fdf7a362446148bd85b020,69fded1d62446148bd849060,Parris Communications,69fdf15ebf1df2fe9692af51,"tic001 - 46 Penn Centre {46 PC Investors, LLC}",evidenceOfInsurance,Evidence of Insurance,6ac20aae-5728-5d57-b364-aeba38527dba,Additional Requirements,e1017741-e47e-5f58-97b8-fbc3043e919f,Umbrella follows form over General Liability,"---prompt---
Determine if the Umbrella/Excess Liability policy follows form to the underlying policies. Evidence may include: language in the Description of Operations section stating the umbrella follows form to underlying coverages or an additional page endorsement stating that it follows form. Follow form means the umbrella policy adopts the same terms, conditions, and exclusions as the underlying policies.",matchOnce,must be present,,,waived,Block Requirements,Umbrella requirement waived,,true,0,2027-01-01,2026-08-16
"Block Real Estate Services, LLC",69fdf7a362446148bd85b020,69fded1d62446148bd849060,Parris Communications,69fdf15ebf1df2fe9692af51,"tic001 - 46 Penn Centre {46 PC Investors, LLC}",evidenceOfInsurance,Evidence of Insurance,6ac20aae-5728-5d57-b364-aeba38527dba,Additional Requirements,2cdd866f-c9a4-576a-afd8-1d045762790c,The location must be listed as: 4622 Pennsylvania Avenue Suite 900 Kansas City MO 64112,,matchOnce,must be present,,Present,compliant,Block Requirements,,,true,1,,2026-08-16
"Block Real Estate Services, LLC",69fdf7a362446148bd85b020,69fded1d62446148bd849060,Parris Communications,69fdf15ebf1df2fe9692af51,"tic001 - 46 Penn Centre {46 PC Investors, LLC}",evidenceOfInsurance,Evidence of Insurance,6ac20aae-5728-5d57-b364-aeba38527dba,Additional Requirements,3649e9d1-4e09-59bf-8f30-cb33c40cf117,"Certificate Holder must read: c/o Block Real Estate Services, LLC, 4622 Pennsylvania St., Suite 700, Kansas City, MO, 64112",,matchOnce,must be present,,Present,compliant,Block Requirements,,,true,1,,2026-08-16
"Block Real Estate Services, LLC",69fdf7a362446148bd85b021,69fded1d62446148bd849066,Paycom Payroll LLC,69fdf15ebf1df2fe9692af51,"tic001 - 46 Penn Centre {46 PC Investors, LLC}",evidenceOfInsurance,Evidence of Insurance,commercialGeneralLiability,Commercial General Liability,evidenceOfInsuranceCommercialGeneralLiabilityCoverageTriggerOccurrence,Coverage Trigger: Occurrence,,matchOnce,must be present,,Present,compliant,Block Requirements,,,false,1,,2026-08-16
"Block Real Estate Services, LLC",69fdf7a362446148bd85b021,69fded1d62446148bd849066,Paycom Payroll LLC,69fdf15ebf1df2fe9692af51,"tic001 - 46 Penn Centre {46 PC Investors, LLC}",evidenceOfInsurance,Evidence of Insurance,commercialGeneralLiability,Commercial General Liability,evidenceOfInsuranceCommercialGeneralLiabilityGeneralAggregateLimitAppliesPerLocation,General Aggregate Limit Applies per: Location,,matchOnce,must be present,,Present,compliant,Block Requirements,,,false,1,,2026-08-16
"Block Real Estate Services, LLC",69fdf7a362446148bd85b021,69fded1d62446148bd849066,Paycom Payroll LLC,69fdf15ebf1df2fe9692af51,"tic001 - 46 Penn Centre {46 PC Investors, LLC}",evidenceOfInsurance,Evidence of Insurance,commercialGeneralLiability,Commercial General Liability,evidenceOfInsuranceCommercialGeneralLiabilityEachOccurrence,Each Occurrence,,matchOnce,must be greater or equal to,1000000,1000000,compliant,Block Requirements,,,false,1,,2026-08-16
"Block Real Estate Services, LLC",69fdf7a362446148bd85b021,69fded1d62446148bd849066,Paycom Payroll LLC,69fdf15ebf1df2fe9692af51,"tic001 - 46 Penn Centre {46 PC Investors, LLC}",evidenceOfInsurance,Evidence of Insurance,commercialGeneralLiability,Commercial General Liability,evidenceOfInsuranceCommercialGeneralLiabilityGeneralAggregate,General Aggregate,,matchOnce,must be greater or equal to,2000000,2000000,compliant,Block Requirements,,,false,1,,2026-08-16
"Block Real Estate Services, LLC",69fdf7a362446148bd85b021,69fded1d62446148bd849066,Paycom Payroll LLC,69fdf15ebf1df2fe9692af51,"tic001 - 46 Penn Centre {46 PC Investors, LLC}",evidenceOfInsurance,Evidence of Insurance,commercialGeneralLiability,Commercial General Liability,evidenceOfInsuranceCommercialGeneralLiabilityWaiverOfSubrogationEndorsement,Waiver of Subrogation,"---prompt---
Determine if the insurer has waived their right of subrogation in favor of the certificate holder under the Commercial General Liability policy. Evidence may include: a checked ""Waiver of Subrogation"" box on the certificate, mention in the Description of Operations section stating ""waiver of subrogation applies"", or reference to form CG 24 04. Look for language like ""subrogation is waived"" or ""per written contract"".",matchOnce,must be present,,Present,compliant,Block Requirements,,,false,1,,2026-08-16
"Block Real Estate Services, LLC",69fdf7a362446148bd85b021,69fded1d62446148bd849066,Paycom Payroll LLC,69fdf15ebf1df2fe9692af51,"tic001 - 46 Penn Centre {46 PC Investors, LLC}",evidenceOfInsurance,Evidence of Insurance,excessOrUmbrellaLiability,Umbrella/Excess Liability,evidenceOfInsuranceExcessOrUmbrellaLiabilityOccurence,Coverage Trigger: Occurrence,,matchOnce,must be present,,Present,compliant,Block Requirements,,,false,1,,2026-08-16
"Block Real Estate Services, LLC",69fdf7a362446148bd85b021,69fded1d62446148bd849066,Paycom Payroll LLC,69fdf15ebf1df2fe9692af51,"tic001 - 46 Penn Centre {46 PC Investors, LLC}",evidenceOfInsurance,Evidence of Insurance,excessOrUmbrellaLiability,Umbrella/Excess Liability,evidenceOfInsuranceExcessOrUmbrellaLiabilityEachOccurrence,Each Occurrence,,matchOnce,must be greater or equal to,1000000,20000000,compliant,Block Requirements,,,false,1,,2026-08-16
"Block Real Estate Services, LLC",69fdf7a362446148bd85b021,69fded1d62446148bd849066,Paycom Payroll LLC,69fdf15ebf1df2fe9692af51,"tic001 - 46 Penn Centre {46 PC Investors, LLC}",evidenceOfInsurance,Evidence of Insurance,excessOrUmbrellaLiability,Umbrella/Excess Liability,evidenceOfInsuranceExcessOrUmbrellaLiabilityAggregate,Aggregate,,matchOnce,must be greater or equal to,1000000,20000000,compliant,Block Requirements,,,false,1,,2026-08-16
"Block Real Estate Services, LLC",69fdf7a362446148bd85b021,69fded1d62446148bd849066,Paycom Payroll LLC,69fdf15ebf1df2fe9692af51,"tic001 - 46 Penn Centre {46 PC Investors, LLC}",evidenceOfInsurance,Evidence of Insurance,workersCompensation,Workers' Compensation and Employer's Liability,evidenceOfInsuranceWorkersCompensationStatutoryLimits,Statutory Limits,,matchOnce,must be present,,Present,compliant,Block Requirements,,,false,1,,2026-08-16
"Block Real Estate Services, LLC",69fdf7a362446148bd85b021,69fded1d62446148bd849066,Paycom Payroll LLC,69fdf15ebf1df2fe9692af51,"tic001 - 46 Penn Centre {46 PC Investors, LLC}",evidenceOfInsurance,Evidence of Insurance,workersCompensation,Workers' Compensation and Employer's Liability,evidenceOfInsuranceWorkersCompensationEmployersLiabilityEachAccident,Employer's Liability Each Accident,,matchOnce,must be greater or equal to,500000,1000000,compliant,Block Requirements,,,false,1,,2026-08-16
"Block Real Estate Services, LLC",69fdf7a362446148bd85b021,69fded1d62446148bd849066,Paycom Payroll LLC,69fdf15ebf1df2fe9692af51,"tic001 - 46 Penn Centre {46 PC Investors, LLC}",evidenceOfInsurance,Evidence of Insurance,workersCompensation,Workers' Compensation and Employer's Liability,evidenceOfInsuranceWorkersCompensationEmployersLiabilityDiseaseEachEmployee,Employer's Liability Disease - each employee,,matchOnce,must be greater or equal to,500000,1000000,compliant,Block Requirements,,,false,1,,2026-08-16
"Block Real Estate Services, LLC",69fdf7a362446148bd85b021,69fded1d62446148bd849066,Paycom Payroll LLC,69fdf15ebf1df2fe9692af51,"tic001 - 46 Penn Centre {46 PC Investors, LLC}",evidenceOfInsurance,Evidence of Insurance,workersCompensation,Workers' Compensation and Employer's Liability,evidenceOfInsuranceWorkersCompensationEmployersLiabilityDiseasePolicyLimit,Employer's Liability Disease - policy limit,,matchOnce,must be greater or equal to,500000,1000000,compliant,Block Requirements,,,false,1,,2026-08-16
"Block Real Estate Services, LLC",69fdf7a362446148bd85b021,69fded1d62446148bd849066,Paycom Payroll LLC,69fdf15ebf1df2fe9692af51,"tic001 - 46 Penn Centre {46 PC Investors, LLC}",evidenceOfInsurance,Evidence of Insurance,workersCompensation,Workers' Compensation and Employer's Liability,evidenceOfInsuranceWorkersCompensationWaiverOfSubrogationEndorsement,Waiver of Subrogation,"---prompt---
Determine if the insurer has waived their right of subrogation in favor of the certificate holder under the Workers' Compensation policy. Evidence may include: a checked ""Waiver of Subrogation"" box on the certificate, mention in the Description of Operations section stating ""waiver of subrogation applies"", or reference to form WC 00 03 13. Look for language like ""subrogation is waived"" or ""per written contract"".",matchOnce,must be present,,Present,compliant,Block Requirements,,,false,1,,2026-08-16
"Block Real Estate Services, LLC",69fdf7a362446148bd85b021,69fded1d62446148bd849066,Paycom Payroll LLC,69fdf15ebf1df2fe9692af51,"tic001 - 46 Penn Centre {46 PC Investors, LLC}",evidenceOfInsurance,Evidence of Insurance,6ac20aae-5728-5d57-b364-aeba38527dba,Additional Requirements,4da5b0f1-4c9d-5885-8cf8-5d3cccaed3e0,"Block Real Estate Services, LLC and all others required by contract are named as Additional Insureds","---prompt---
Determine if the Description of Operations or the Additional Remarks Schedule section states the ""Additional Insured as Construction Management, Inc. and all others required by contract"" or reference to blanket additional insured coverage. Look for language like ""certificate holder is additional insured"" or ""per written contract"".",matchOnce,must be present,,Present,compliant,Block Requirements,,,true,1,,2026-08-16
"Block Real Estate Services, LLC",69fdf7a362446148bd85b021,69fded1d62446148bd849066,Paycom Payroll LLC,69fdf15ebf1df2fe9692af51,"tic001 - 46 Penn Centre {46 PC Investors, LLC}",evidenceOfInsurance,Evidence of Insurance,6ac20aae-5728-5d57-b364-aeba38527dba,Additional Requirements,e1017741-e47e-5f58-97b8-fbc3043e919f,Umbrella follows form over General Liability,"---prompt---
Determine if the Umbrella/Excess Liability policy follows form to the underlying policies. Evidence may include: language in the Description of Operations section stating the umbrella follows form to underlying coverages or an additional page endorsement stating that it follows form. Follow form means the umbrella policy adopts the same terms, conditions, and exclusions as the underlying policies.",matchOnce,must be present,,Present,compliant,Block Requirements,,,true,1,,2026-08-16
"Block Real Estate Services, LLC",69fdf7a362446148bd85b021,69fded1d62446148bd849066,Paycom Payroll LLC,69fdf15ebf1df2fe9692af51,"tic001 - 46 Penn Centre {46 PC Investors, LLC}",evidenceOfInsurance,Evidence of Insurance,6ac20aae-5728-5d57-b364-aeba38527dba,Additional Requirements,2cdd866f-c9a4-576a-afd8-1d045762790c,The location must be listed as: 4622 Pennsylvania Avenue Suite 820 Kansas City MO 64112,,matchOnce,must be present,,Present,compliant,Block Requirements,,,true,1,,2026-08-16
"Block Real Estate Services, LLC",69fdf7a362446148bd85b021,69fded1d62446148bd849066,Paycom Payroll LLC,69fdf15ebf1df2fe9692af51,"tic001 - 46 Penn Centre {46 PC Investors, LLC}",evidenceOfInsurance,Evidence of Insurance,6ac20aae-5728-5d57-b364-aeba38527dba,Additional Requirements,3649e9d1-4e09-59bf-8f30-cb33c40cf117,"Certificate Holder must read: c/o Block Real Estate Services, LLC, 4622 Pennsylvania St., Suite 700, Kansas City, MO, 64112",,matchOnce,must be present,,Present,compliant,Block Requirements,,,true,1,,2026-08-16
"Block Real Estate Services, LLC",69fdf7a362446148bd85b019,69fded0f62446148bd848bfb,"Block Real Estate Services, LLC / Block Partners, LLC",69fdf15ebf1df2fe9692af51,"tic001 - 46 Penn Centre {46 PC Investors, LLC}",evidenceOfInsurance,Evidence of Insurance,commercialGeneralLiability,Commercial General Liability,evidenceOfInsuranceCommercialGeneralLiabilityCoverageTriggerOccurrence,Coverage Trigger: Occurrence,,matchOnce,must be present,,,non_compliant,Block Requirements,,,false,0,,2026-08-16
"Block Real Estate Services, LLC",69fdf7a362446148bd85b019,69fded0f62446148bd848bfb,"Block Real Estate Services, LLC / Block Partners, LLC",69fdf15ebf1df2fe9692af51,"tic001 - 46 Penn Centre {46 PC Investors, LLC}",evidenceOfInsurance,Evidence of Insurance,commercialGeneralLiability,Commercial General Liability,evidenceOfInsuranceCommercialGeneralLiabilityGeneralAggregateLimitAppliesPerLocation,General Aggregate Limit Applies per: Location,,matchOnce,must be present,,,non_compliant,Block Requirements,,,false,0,,2026-08-16
"Block Real Estate Services, LLC",69fdf7a362446148bd85b019,69fded0f62446148bd848bfb,"Block Real Estate Services, LLC / Block Partners, LLC",69fdf15ebf1df2fe9692af51,"tic001 - 46 Penn Centre {46 PC Investors, LLC}",evidenceOfInsurance,Evidence of Insurance,commercialGeneralLiability,Commercial General Liability,evidenceOfInsuranceCommercialGeneralLiabilityEachOccurrence,Each Occurrence,,matchOnce,must be greater or equal to,1000000,,non_compliant,Block Requirements,,,false,0,,2026-08-16
"Block Real Estate Services, LLC",69fdf7a362446148bd85b019,69fded0f62446148bd848bfb,"Block Real Estate Services, LLC / Block Partners, LLC",69fdf15ebf1df2fe9692af51,"tic001 - 46 Penn Centre {46 PC Investors, LLC}",evidenceOfInsurance,Evidence of Insurance,commercialGeneralLiability,Commercial General Liability,evidenceOfInsuranceCommercialGeneralLiabilityGeneralAggregate,General Aggregate,,matchOnce,must be greater or equal to,2000000,,non_compliant,Block Requirements,,,false,0,,2026-08-16
"Block Real Estate Services, LLC",69fdf7a362446148bd85b019,69fded0f62446148bd848bfb,"Block Real Estate Services, LLC / Block Partners, LLC",69fdf15ebf1df2fe9692af51,"tic001 - 46 Penn Centre {46 PC Investors, LLC}",evidenceOfInsurance,Evidence of Insurance,commercialGeneralLiability,Commercial General Liability,evidenceOfInsuranceCommercialGeneralLiabilityWaiverOfSubrogationEndorsement,Waiver of Subrogation,"---prompt---
Determine if the insurer has waived their right of subrogation in favor of the certificate holder under the Commercial General Liability policy. Evidence may include: a checked ""Waiver of Subrogation"" box on the certificate, mention in the Description of Operations section stating ""waiver of subrogation applies"", or reference to form CG 24 04. Look for language like ""subrogation is waived"" or ""per written contract"".",matchOnce,must be present,,,non_compliant,Block Requirements,,,false,0,,2026-08-16
"Block Real Estate Services, LLC",69fdf7a362446148bd85b019,69fded0f62446148bd848bfb,"Block Real Estate Services, LLC / Block Partners, LLC",69fdf15ebf1df2fe9692af51,"tic001 - 46 Penn Centre {46 PC Investors, LLC}",evidenceOfInsurance,Evidence of Insurance,excessOrUmbrellaLiability,Umbrella/Excess Liability,evidenceOfInsuranceExcessOrUmbrellaLiabilityOccurence,Coverage Trigger: Occurrence,,matchOnce,must be present,,,non_compliant,Block Requirements,,,false,0,,2026-08-16
"Block Real Estate Services, LLC",69fdf7a362446148bd85b019,69fded0f62446148bd848bfb,"Block Real Estate Services, LLC / Block Partners, LLC",69fdf15ebf1df2fe9692af51,"tic001 - 46 Penn Centre {46 PC Investors, LLC}",evidenceOfInsurance,Evidence of Insurance,excessOrUmbrellaLiability,Umbrella/Excess Liability,evidenceOfInsuranceExcessOrUmbrellaLiabilityEachOccurrence,Each Occurrence,,matchOnce,must be greater or equal to,1000000,,non_compliant,Block Requirements,,,false,0,,2026-08-16
"Block Real Estate Services, LLC",69fdf7a362446148bd85b019,69fded0f62446148bd848bfb,"Block Real Estate Services, LLC / Block Partners, LLC",69fdf15ebf1df2fe9692af51,"tic001 - 46 Penn Centre {46 PC Investors, LLC}",evidenceOfInsurance,Evidence of Insurance,excessOrUmbrellaLiability,Umbrella/Excess Liability,evidenceOfInsuranceExcessOrUmbrellaLiabilityAggregate,Aggregate,,matchOnce,must be greater or equal to,1000000,,non_compliant,Block Requirements,,,false,0,,2026-08-16
"Block Real Estate Services, LLC",69fdf7a362446148bd85b019,69fded0f62446148bd848bfb,"Block Real Estate Services, LLC / Block Partners, LLC",69fdf15ebf1df2fe9692af51,"tic001 - 46 Penn Centre {46 PC Investors, LLC}",evidenceOfInsurance,Evidence of Insurance,workersCompensation,Workers' Compensation and Employer's Liability,evidenceOfInsuranceWorkersCompensationStatutoryLimits,Statutory Limits,,matchOnce,must be present,,,non_compliant,Block Requirements,,,false,0,,2026-08-16
"Block Real Estate Services, LLC",69fdf7a362446148bd85b019,69fded0f62446148bd848bfb,"Block Real Estate Services, LLC / Block Partners, LLC",69fdf15ebf1df2fe9692af51,"tic001 - 46 Penn Centre {46 PC Investors, LLC}",evidenceOfInsurance,Evidence of Insurance,workersCompensation,Workers' Compensation and Employer's Liability,evidenceOfInsuranceWorkersCompensationEmployersLiabilityEachAccident,Employer's Liability Each Accident,,matchOnce,must be greater or equal to,500000,,non_compliant,Block Requirements,,,false,0,,2026-08-16
"Block Real Estate Services, LLC",69fdf7a362446148bd85b019,69fded0f62446148bd848bfb,"Block Real Estate Services, LLC / Block Partners, LLC",69fdf15ebf1df2fe9692af51,"tic001 - 46 Penn Centre {46 PC Investors, LLC}",evidenceOfInsurance,Evidence of Insurance,workersCompensation,Workers' Compensation and Employer's Liability,evidenceOfInsuranceWorkersCompensationEmployersLiabilityDiseaseEachEmployee,Employer's Liability Disease - each employee,,matchOnce,must be greater or equal to,500000,,non_compliant,Block Requirements,,,false,0,,2026-08-16
"Block Real Estate Services, LLC",69fdf7a362446148bd85b019,69fded0f62446148bd848bfb,"Block Real Estate Services, LLC / Block Partners, LLC",69fdf15ebf1df2fe9692af51,"tic001 - 46 Penn Centre {46 PC Investors, LLC}",evidenceOfInsurance,Evidence of Insurance,workersCompensation,Workers' Compensation and Employer's Liability,evidenceOfInsuranceWorkersCompensationEmployersLiabilityDiseasePolicyLimit,Employer's Liability Disease - policy limit,,matchOnce,must be greater or equal to,500000,,non_compliant,Block Requirements,,,false,0,,2026-08-16
"Block Real Estate Services, LLC",69fdf7a362446148bd85b019,69fded0f62446148bd848bfb,"Block Real Estate Services, LLC / Block Partners, LLC",69fdf15ebf1df2fe9692af51,"tic001 - 46 Penn Centre {46 PC Investors, LLC}",evidenceOfInsurance,Evidence of Insurance,workersCompensation,Workers' Compensation and Employer's Liability,evidenceOfInsuranceWorkersCompensationWaiverOfSubrogationEndorsement,Waiver of Subrogation,"---prompt---
Determine if the insurer has waived their right of subrogation in favor of the certificate holder under the Workers' Compensation policy. Evidence may include: a checked ""Waiver of Subrogation"" box on the certificate, mention in the Description of Operations section stating ""waiver of subrogation applies"", or reference to form WC 00 03 13. Look for language like ""subrogation is waived"" or ""per written contract"".",matchOnce,must be present,,,non_compliant,Block Requirements,,,false,0,,2026-08-16
"Block Real Estate Services, LLC",69fdf7a362446148bd85b019,69fded0f62446148bd848bfb,"Block Real Estate Services, LLC / Block Partners, LLC",69fdf15ebf1df2fe9692af51,"tic001 - 46 Penn Centre {46 PC Investors, LLC}",evidenceOfInsurance,Evidence of Insurance,6ac20aae-5728-5d57-b364-aeba38527dba,Additional Requirements,4da5b0f1-4c9d-5885-8cf8-5d3cccaed3e0,"Block Real Estate Services, LLC and all others required by contract are named as Additional Insureds","---prompt---
Determine if the Description of Operations or the Additional Remarks Schedule section states the ""Additional Insured as Construction Management, Inc. and all others required by contract"" or reference to blanket additional insured coverage. Look for language like ""certificate holder is additional insured"" or ""per written contract"".",matchOnce,must be present,,,non_compliant,Block Requirements,,,true,0,,2026-08-16
"Block Real Estate Services, LLC",69fdf7a362446148bd85b019,69fded0f62446148bd848bfb,"Block Real Estate Services, LLC / Block Partners, LLC",69fdf15ebf1df2fe9692af51,"tic001 - 46 Penn Centre {46 PC Investors, LLC}",evidenceOfInsurance,Evidence of Insurance,6ac20aae-5728-5d57-b364-aeba38527dba,Additional Requirements,e1017741-e47e-5f58-97b8-fbc3043e919f,Umbrella follows form over General Liability,"---prompt---
Determine if the Umbrella/Excess Liability policy follows form to the underlying policies. Evidence may include: language in the Description of Operations section stating the umbrella follows form to underlying coverages or an additional page endorsement stating that it follows form. Follow form means the umbrella policy adopts the same terms, conditions, and exclusions as the underlying policies.",matchOnce,must be present,,,non_compliant,Block Requirements,,,true,0,,2026-08-16
"Block Real Estate Services, LLC",69fdf7a362446148bd85b019,69fded0f62446148bd848bfb,"Block Real Estate Services, LLC / Block Partners, LLC",69fdf15ebf1df2fe9692af51,"tic001 - 46 Penn Centre {46 PC Investors, LLC}",evidenceOfInsurance,Evidence of Insurance,6ac20aae-5728-5d57-b364-aeba38527dba,Additional Requirements,2cdd866f-c9a4-576a-afd8-1d045762790c,The location must be listed as: 4622 Pennsylvania Avenue Suite 700 Kansas City MO 64112,,matchOnce,must be present,,,non_compliant,Block Requirements,,,true,0,,2026-08-16
"Block Real Estate Services, LLC",69fdf7a362446148bd85b019,69fded0f62446148bd848bfb,"Block Real Estate Services, LLC / Block Partners, LLC",69fdf15ebf1df2fe9692af51,"tic001 - 46 Penn Centre {46 PC Investors, LLC}",evidenceOfInsurance,Evidence of Insurance,6ac20aae-5728-5d57-b364-aeba38527dba,Additional Requirements,3649e9d1-4e09-59bf-8f30-cb33c40cf117,"Certificate Holder must read: c/o Block Real Estate Services, LLC, 4622 Pennsylvania St., Suite 700, Kansas City, MO, 64112",,matchOnce,must be present,,,non_compliant,Block Requirements,,,true,0,,2026-08-16
"Block Real Estate Services, LLC",69fdf7a362446148bd85b017,69fded0e62446148bd848b92,Arthur J Gallagher Risk Management Services Inc,69fdf15ebf1df2fe9692af51,"tic001 - 46 Penn Centre {46 PC Investors, LLC}",evidenceOfInsurance,Evidence of Insurance,commercialGeneralLiability,Commercial General Liability,evidenceOfInsuranceCommercialGeneralLiabilityCoverageTriggerOccurrence,Coverage Trigger: Occurrence,,matchOnce,must be present,,Present,compliant,Block Requirements,,,false,1,,2026-08-16
"Block Real Estate Services, LLC",69fdf7a362446148bd85b017,69fded0e62446148bd848b92,Arthur J Gallagher Risk Management Services Inc,69fdf15ebf1df2fe9692af51,"tic001 - 46 Penn Centre {46 PC Investors, LLC}",evidenceOfInsurance,Evidence of Insurance,commercialGeneralLiability,Commercial General Liability,evidenceOfInsuranceCommercialGeneralLiabilityGeneralAggregateLimitAppliesPerLocation,General Aggregate Limit Applies per: Location,,matchOnce,must be present,,Present,compliant,Block Requirements,,,false,1,,2026-08-16
"Block Real Estate Services, LLC",69fdf7a362446148bd85b017,69fded0e62446148bd848b92,Arthur J Gallagher Risk Management Services Inc,69fdf15ebf1df2fe9692af51,"tic001 - 46 Penn Centre {46 PC Investors, LLC}",evidenceOfInsurance,Evidence of Insurance,commercialGeneralLiability,Commercial General Liability,evidenceOfInsuranceCommercialGeneralLiabilityEachOccurrence,Each Occurrence,,matchOnce,must be greater or equal to,1000000,2000000,compliant,Block Requirements,,,false,1,,2026-08-16
"Block Real Estate Services, LLC",69fdf7a362446148bd85b017,69fded0e62446148bd848b92,Arthur J Gallagher Risk Management Services Inc,69fdf15ebf1df2fe9692af51,"tic001 - 46 Penn Centre {46 PC Investors, LLC}",evidenceOfInsurance,Evidence of Insurance,commercialGeneralLiability,Commercial General Liability,evidenceOfInsuranceCommercialGeneralLiabilityGeneralAggregate,General Aggregate,,matchOnce,must be greater or equal to,2000000,4000000,compliant,Block Requirements,,,false,1,,2026-08-16
"Block Real Estate Services, LLC",69fdf7a362446148bd85b017,69fded0e62446148bd848b92,Arthur J Gallagher Risk Management Services Inc,69fdf15ebf1df2fe9692af51,"tic001 - 46 Penn Centre {46 PC Investors, LLC}",evidenceOfInsurance,Evidence of Insurance,commercialGeneralLiability,Commercial General Liability,evidenceOfInsuranceCommercialGeneralLiabilityWaiverOfSubrogationEndorsement,Waiver of Subrogation,"---prompt---
Determine if the insurer has waived their right of subrogation in favor of the certificate holder under the Commercial General Liability policy. Evidence may include: a checked ""Waiver of Subrogation"" box on the certificate, mention in the Description of Operations section stating ""waiver of subrogation applies"", or reference to form CG 24 04. Look for language like ""subrogation is waived"" or ""per written contract"".",matchOnce,must be present,,Present,compliant,Block Requirements,,,false,1,,2026-08-16
"Block Real Estate Services, LLC",69fdf7a362446148bd85b017,69fded0e62446148bd848b92,Arthur J Gallagher Risk Management Services Inc,69fdf15ebf1df2fe9692af51,"tic001 - 46 Penn Centre {46 PC Investors, LLC}",evidenceOfInsurance,Evidence of Insurance,excessOrUmbrellaLiability,Umbrella/Excess Liability,evidenceOfInsuranceExcessOrUmbrellaLiabilityOccurence,Coverage Trigger: Occurrence,,matchOnce,must be present,,Present,compliant,Block Requirements,,,false,1,,2026-08-16
"Block Real Estate Services, LLC",69fdf7a362446148bd85b017,69fded0e62446148bd848b92,Arthur J Gallagher Risk Management Services Inc,69fdf15ebf1df2fe9692af51,"tic001 - 46 Penn Centre {46 PC Investors, LLC}",evidenceOfInsurance,Evidence of Insurance,excessOrUmbrellaLiability,Umbrella/Excess Liability,evidenceOfInsuranceExcessOrUmbrellaLiabilityEachOccurrence,Each Occurrence,,matchOnce,must be greater or equal to,1000000,25000000,compliant,Block Requirements,,,false,1,,2026-08-16
"Block Real Estate Services, LLC",69fdf7a362446148bd85b017,69fded0e62446148bd848b92,Arthur J Gallagher Risk Management Services Inc,69fdf15ebf1df2fe9692af51,"tic001 - 46 Penn Centre {46 PC Investors, LLC}",evidenceOfInsurance,Evidence of Insurance,excessOrUmbrellaLiability,Umbrella/Excess Liability,evidenceOfInsuranceExcessOrUmbrellaLiabilityAggregate,Aggregate,,matchOnce,must be greater or equal to,1000000,25000000,compliant,Block Requirements,,,false,1,,2026-08-16
"Block Real Estate Services, LLC",69fdf7a362446148bd85b017,69fded0e62446148bd848b92,Arthur J Gallagher Risk Management Services Inc,69fdf15ebf1df2fe9692af51,"tic001 - 46 Penn Centre {46 PC Investors, LLC}",evidenceOfInsurance,Evidence of Insurance,workersCompensation,Workers' Compensation and Employer's Liability,evidenceOfInsuranceWorkersCompensationStatutoryLimits,Statutory Limits,,matchOnce,must be present,,Present,compliant,Block Requirements,,,false,1,,2026-08-16
"Block Real Estate Services, LLC",69fdf7a362446148bd85b017,69fded0e62446148bd848b92,Arthur J Gallagher Risk Management Services Inc,69fdf15ebf1df2fe9692af51,"tic001 - 46 Penn Centre {46 PC Investors, LLC}",evidenceOfInsurance,Evidence of Insurance,workersCompensation,Workers' Compensation and Employer's Liability,evidenceOfInsuranceWorkersCompensationEmployersLiabilityEachAccident,Employer's Liability Each Accident,,matchOnce,must be greater or equal to,500000,1000000,compliant,Block Requirements,,,false,1,,2026-08-16
"Block Real Estate Services, LLC",69fdf7a362446148bd85b017,69fded0e62446148bd848b92,Arthur J Gallagher Risk Management Services Inc,69fdf15ebf1df2fe9692af51,"tic001 - 46 Penn Centre {46 PC Investors, LLC}",evidenceOfInsurance,Evidence of Insurance,workersCompensation,Workers' Compensation and Employer's Liability,evidenceOfInsuranceWorkersCompensationEmployersLiabilityDiseaseEachEmployee,Employer's Liability Disease - each employee,,matchOnce,must be greater or equal to,500000,1000000,compliant,Block Requirements,,,false,1,,2026-08-16
"Block Real Estate Services, LLC",69fdf7a362446148bd85b017,69fded0e62446148bd848b92,Arthur J Gallagher Risk Management Services Inc,69fdf15ebf1df2fe9692af51,"tic001 - 46 Penn Centre {46 PC Investors, LLC}",evidenceOfInsurance,Evidence of Insurance,workersCompensation,Workers' Compensation and Employer's Liability,evidenceOfInsuranceWorkersCompensationEmployersLiabilityDiseasePolicyLimit,Employer's Liability Disease - policy limit,,matchOnce,must be greater or equal to,500000,1000000,compliant,Block Requirements,,,false,1,,2026-08-16
"Block Real Estate Services, LLC",69fdf7a362446148bd85b017,69fded0e62446148bd848b92,Arthur J Gallagher Risk Management Services Inc,69fdf15ebf1df2fe9692af51,"tic001 - 46 Penn Centre {46 PC Investors, LLC}",evidenceOfInsurance,Evidence of Insurance,workersCompensation,Workers' Compensation and Employer's Liability,evidenceOfInsuranceWorkersCompensationWaiverOfSubrogationEndorsement,Waiver of Subrogation,"---prompt---
Determine if the insurer has waived their right of subrogation in favor of the certificate holder under the Workers' Compensation policy. Evidence may include: a checked ""Waiver of Subrogation"" box on the certificate, mention in the Description of Operations section stating ""waiver of subrogation applies"", or reference to form WC 00 03 13. Look for language like ""subrogation is waived"" or ""per written contract"".",matchOnce,must be present,,Present,compliant,Block Requirements,,,false,1,,2026-08-16
"Block Real Estate Services, LLC",69fdf7a362446148bd85b017,69fded0e62446148bd848b92,Arthur J Gallagher Risk Management Services Inc,69fdf15ebf1df2fe9692af51,"tic001 - 46 Penn Centre {46 PC Investors, LLC}",evidenceOfInsurance,Evidence of Insurance,6ac20aae-5728-5d57-b364-aeba38527dba,Additional Requirements,4da5b0f1-4c9d-5885-8cf8-5d3cccaed3e0,"Block Real Estate Services, LLC and all others required by contract are named as Additional Insureds","---prompt---
Determine if the Description of Operations or the Additional Remarks Schedule section states the ""Additional Insured as Construction Management, Inc. and all others required by contract"" or reference to blanket additional insured coverage. Look for language like ""certificate holder is additional insured"" or ""per written contract"".",matchOnce,must be present,,Present,compliant,Block Requirements,,,true,1,,2026-08-16
"Block Real Estate Services, LLC",69fdf7a362446148bd85b017,69fded0e62446148bd848b92,Arthur J Gallagher Risk Management Services Inc,69fdf15ebf1df2fe9692af51,"tic001 - 46 Penn Centre {46 PC Investors, LLC}",evidenceOfInsurance,Evidence of Insurance,6ac20aae-5728-5d57-b364-aeba38527dba,Additional Requirements,e1017741-e47e-5f58-97b8-fbc3043e919f,Umbrella follows form over General Liability,"---prompt---
Determine if the Umbrella/Excess Liability policy follows form to the underlying policies. Evidence may include: language in the Description of Operations section stating the umbrella follows form to underlying coverages or an additional page endorsement stating that it follows form. Follow form means the umbrella policy adopts the same terms, conditions, and exclusions as the underlying policies.",matchOnce,must be present,,,waived,Block Requirements,GL $2M/$4M meets Umbrella requirement so Umbrella does not need to follow form,,true,0,,2026-08-16
"Block Real Estate Services, LLC",69fdf7a362446148bd85b017,69fded0e62446148bd848b92,Arthur J Gallagher Risk Management Services Inc,69fdf15ebf1df2fe9692af51,"tic001 - 46 Penn Centre {46 PC Investors, LLC}",evidenceOfInsurance,Evidence of Insurance,6ac20aae-5728-5d57-b364-aeba38527dba,Additional Requirements,2cdd866f-c9a4-576a-afd8-1d045762790c,The location must be listed as: 4622 Pennsylvania Avenue Suite 920 Kansas City MO 64112,,matchOnce,must be present,,Present,compliant,Block Requirements,,,true,1,,2026-08-16
"Block Real Estate Services, LLC",69fdf7a362446148bd85b017,69fded0e62446148bd848b92,Arthur J Gallagher Risk Management Services Inc,69fdf15ebf1df2fe9692af51,"tic001 - 46 Penn Centre {46 PC Investors, LLC}",evidenceOfInsurance,Evidence of Insurance,6ac20aae-5728-5d57-b364-aeba38527dba,Additional Requirements,3649e9d1-4e09-59bf-8f30-cb33c40cf117,"Certificate Holder must read: c/o Block Real Estate Services, LLC, 4622 Pennsylvania St., Suite 700, Kansas City, MO, 64112",,matchOnce,must be present,,Present,compliant,Block Requirements,,,true,1,,2026-08-16
"Block Real Estate Services, LLC",69fdf7a362446148bd85b016,69fded0c62446148bd848afc,1248 Holdings LLC,69fdf15ebf1df2fe9692af51,"tic001 - 46 Penn Centre {46 PC Investors, LLC}",evidenceOfInsurance,Evidence of Insurance,commercialGeneralLiability,Commercial General Liability,evidenceOfInsuranceCommercialGeneralLiabilityCoverageTriggerOccurrence,Coverage Trigger: Occurrence,,matchOnce,must be present,,Present,compliant,Block Requirements,,,false,1,,2026-08-16
"Block Real Estate Services, LLC",69fdf7a362446148bd85b016,69fded0c62446148bd848afc,1248 Holdings LLC,69fdf15ebf1df2fe9692af51,"tic001 - 46 Penn Centre {46 PC Investors, LLC}",evidenceOfInsurance,Evidence of Insurance,commercialGeneralLiability,Commercial General Liability,evidenceOfInsuranceCommercialGeneralLiabilityGeneralAggregateLimitAppliesPerLocation,General Aggregate Limit Applies per: Location,,matchOnce,must be present,,Present,compliant,Block Requirements,,,false,1,,2026-08-16
"Block Real Estate Services, LLC",69fdf7a362446148bd85b016,69fded0c62446148bd848afc,1248 Holdings LLC,69fdf15ebf1df2fe9692af51,"tic001 - 46 Penn Centre {46 PC Investors, LLC}",evidenceOfInsurance,Evidence of Insurance,commercialGeneralLiability,Commercial General Liability,evidenceOfInsuranceCommercialGeneralLiabilityEachOccurrence,Each Occurrence,,matchOnce,must be greater or equal to,1000000,1000000,compliant,Block Requirements,,,false,1,,2026-08-16
"Block Real Estate Services, LLC",69fdf7a362446148bd85b016,69fded0c62446148bd848afc,1248 Holdings LLC,69fdf15ebf1df2fe9692af51,"tic001 - 46 Penn Centre {46 PC Investors, LLC}",evidenceOfInsurance,Evidence of Insurance,commercialGeneralLiability,Commercial General Liability,evidenceOfInsuranceCommercialGeneralLiabilityGeneralAggregate,General Aggregate,,matchOnce,must be greater or equal to,2000000,2000000,compliant,Block Requirements,,,false,1,,2026-08-16
"Block Real Estate Services, LLC",69fdf7a362446148bd85b016,69fded0c62446148bd848afc,1248 Holdings LLC,69fdf15ebf1df2fe9692af51,"tic001 - 46 Penn Centre {46 PC Investors, LLC}",evidenceOfInsurance,Evidence of Insurance,commercialGeneralLiability,Commercial General Liability,evidenceOfInsuranceCommercialGeneralLiabilityWaiverOfSubrogationEndorsement,Waiver of Subrogation,"---prompt---
Determine if the insurer has waived their right of subrogation in favor of the certificate holder under the Commercial General Liability policy. Evidence may include: a checked ""Waiver of Subrogation"" box on the certificate, mention in the Description of Operations section stating ""waiver of subrogation applies"", or reference to form CG 24 04. Look for language like ""subrogation is waived"" or ""per written contract"".",matchOnce,must be present,,Present,compliant,Block Requirements,,,false,1,,2026-08-16
"Block Real Estate Services, LLC",69fdf7a362446148bd85b016,69fded0c62446148bd848afc,1248 Holdings LLC,69fdf15ebf1df2fe9692af51,"tic001 - 46 Penn Centre {46 PC Investors, LLC}",evidenceOfInsurance,Evidence of Insurance,excessOrUmbrellaLiability,Umbrella/Excess Liability,evidenceOfInsuranceExcessOrUmbrellaLiabilityOccurence,Coverage Trigger: Occurrence,,matchOnce,must be present,,Present,compliant,Block Requirements,,,false,1,,2026-08-16
"Block Real Estate Services, LLC",69fdf7a362446148bd85b016,69fded0c62446148bd848afc,1248 Holdings LLC,69fdf15ebf1df2fe9692af51,"tic001 - 46 Penn Centre {46 PC Investors, LLC}",evidenceOfInsurance,Evidence of Insurance,excessOrUmbrellaLiability,Umbrella/Excess Liability,evidenceOfInsuranceExcessOrUmbrellaLiabilityEachOccurrence,Each Occurrence,,matchOnce,must be greater or equal to,1000000,1000000,compliant,Block Requirements,,,false,1,,2026-08-16
"Block Real Estate Services, LLC",69fdf7a362446148bd85b016,69fded0c62446148bd848afc,1248 Holdings LLC,69fdf15ebf1df2fe9692af51,"tic001 - 46 Penn Centre {46 PC Investors, LLC}",evidenceOfInsurance,Evidence of Insurance,excessOrUmbrellaLiability,Umbrella/Excess Liability,evidenceOfInsuranceExcessOrUmbrellaLiabilityAggregate,Aggregate,,matchOnce,must be greater or equal to,1000000,1000000,compliant,Block Requirements,,,false,1,,2026-08-16
"Block Real Estate Services, LLC",69fdf7a362446148bd85b016,69fded0c62446148bd848afc,1248 Holdings LLC,69fdf15ebf1df2fe9692af51,"tic001 - 46 Penn Centre {46 PC Investors, LLC}",evidenceOfInsurance,Evidence of Insurance,workersCompensation,Workers' Compensation and Employer's Liability,evidenceOfInsuranceWorkersCompensationStatutoryLimits,Statutory Limits,,matchOnce,must be present,,Present,compliant,Block Requirements,,,false,1,,2026-08-16
"Block Real Estate Services, LLC",69fdf7a362446148bd85b016,69fded0c62446148bd848afc,1248 Holdings LLC,69fdf15ebf1df2fe9692af51,"tic001 - 46 Penn Centre {46 PC Investors, LLC}",evidenceOfInsurance,Evidence of Insurance,workersCompensation,Workers' Compensation and Employer's Liability,evidenceOfInsuranceWorkersCompensationEmployersLiabilityEachAccident,Employer's Liability Each Accident,,matchOnce,must be greater or equal to,500000,1000000,compliant,Block Requirements,,,false,1,,2026-08-16
"Block Real Estate Services, LLC",69fdf7a362446148bd85b016,69fded0c62446148bd848afc,1248 Holdings LLC,69fdf15ebf1df2fe9692af51,"tic001 - 46 Penn Centre {46 PC Investors, LLC}",evidenceOfInsurance,Evidence of Insurance,workersCompensation,Workers' Compensation and Employer's Liability,evidenceOfInsuranceWorkersCompensationEmployersLiabilityDiseaseEachEmployee,Employer's Liability Disease - each employee,,matchOnce,must be greater or equal to,500000,1000000,compliant,Block Requirements,,,false,1,,2026-08-16
"Block Real Estate Services, LLC",69fdf7a362446148bd85b016,69fded0c62446148bd848afc,1248 Holdings LLC,69fdf15ebf1df2fe9692af51,"tic001 - 46 Penn Centre {46 PC Investors, LLC}",evidenceOfInsurance,Evidence of Insurance,workersCompensation,Workers' Compensation and Employer's Liability,evidenceOfInsuranceWorkersCompensationEmployersLiabilityDiseasePolicyLimit,Employer's Liability Disease - policy limit,,matchOnce,must be greater or equal to,500000,1000000,compliant,Block Requirements,,,false,1,,2026-08-16
"Block Real Estate Services, LLC",69fdf7a362446148bd85b016,69fded0c62446148bd848afc,1248 Holdings LLC,69fdf15ebf1df2fe9692af51,"tic001 - 46 Penn Centre {46 PC Investors, LLC}",evidenceOfInsurance,Evidence of Insurance,workersCompensation,Workers' Compensation and Employer's Liability,evidenceOfInsuranceWorkersCompensationWaiverOfSubrogationEndorsement,Waiver of Subrogation,"---prompt---
Determine if the insurer has waived their right of subrogation in favor of the certificate holder under the Workers' Compensation policy. Evidence may include: a checked ""Waiver of Subrogation"" box on the certificate, mention in the Description of Operations section stating ""waiver of subrogation applies"", or reference to form WC 00 03 13. Look for language like ""subrogation is waived"" or ""per written contract"".",matchOnce,must be present,,Present,compliant,Block Requirements,,,false,1,,2026-08-16
"Block Real Estate Services, LLC",69fdf7a362446148bd85b016,69fded0c62446148bd848afc,1248 Holdings LLC,69fdf15ebf1df2fe9692af51,"tic001 - 46 Penn Centre {46 PC Investors, LLC}",evidenceOfInsurance,Evidence of Insurance,6ac20aae-5728-5d57-b364-aeba38527dba,Additional Requirements,4da5b0f1-4c9d-5885-8cf8-5d3cccaed3e0,"Block Real Estate Services, LLC and all others required by contract are named as Additional Insureds","---prompt---
Determine if the Description of Operations or the Additional Remarks Schedule section states the ""Additional Insured as Construction Management, Inc. and all others required by contract"" or reference to blanket additional insured coverage. Look for language like ""certificate holder is additional insured"" or ""per written contract"".",matchOnce,must be present,,Present,compliant,Block Requirements,,,true,2,,2026-08-16
"Block Real Estate Services, LLC",69fdf7a362446148bd85b016,69fded0c62446148bd848afc,1248 Holdings LLC,69fdf15ebf1df2fe9692af51,"tic001 - 46 Penn Centre {46 PC Investors, LLC}",evidenceOfInsurance,Evidence of Insurance,6ac20aae-5728-5d57-b364-aeba38527dba,Additional Requirements,e1017741-e47e-5f58-97b8-fbc3043e919f,Umbrella follows form over General Liability,"---prompt---
Determine if the Umbrella/Excess Liability policy follows form to the underlying policies. Evidence may include: language in the Description of Operations section stating the umbrella follows form to underlying coverages or an additional page endorsement stating that it follows form. Follow form means the umbrella policy adopts the same terms, conditions, and exclusions as the underlying policies.",matchOnce,must be present,,Present,compliant,Block Requirements,,,true,1,,2026-08-16
"Block Real Estate Services, LLC",69fdf7a362446148bd85b016,69fded0c62446148bd848afc,1248 Holdings LLC,69fdf15ebf1df2fe9692af51,"tic001 - 46 Penn Centre {46 PC Investors, LLC}",evidenceOfInsurance,Evidence of Insurance,6ac20aae-5728-5d57-b364-aeba38527dba,Additional Requirements,2cdd866f-c9a4-576a-afd8-1d045762790c,The location must be listed as: 4622 Pennsylvania Avenue Suite 600 Kansas City MO 64112,,matchOnce,must be present,,Present,compliant,Block Requirements,,,true,2,,2026-08-16
"Block Real Estate Services, LLC",69fdf7a362446148bd85b016,69fded0c62446148bd848afc,1248 Holdings LLC,69fdf15ebf1df2fe9692af51,"tic001 - 46 Penn Centre {46 PC Investors, LLC}",evidenceOfInsurance,Evidence of Insurance,6ac20aae-5728-5d57-b364-aeba38527dba,Additional Requirements,3649e9d1-4e09-59bf-8f30-cb33c40cf117,"Certificate Holder must read: c/o Block Real Estate Services, LLC, 4622 Pennsylvania St., Suite 700, Kansas City, MO, 64112",,matchOnce,must be present,,Present,compliant,Block Requirements,,,true,2,,2026-08-16
"Block Real Estate Services, LLC",69fdf7a362446148bd85b023,69fded1f62446148bd84911a,RSM US LLP,69fdf15ebf1df2fe9692af51,"tic001 - 46 Penn Centre {46 PC Investors, LLC}",evidenceOfInsurance,Evidence of Insurance,commercialGeneralLiability,Commercial General Liability,evidenceOfInsuranceCommercialGeneralLiabilityCoverageTriggerOccurrence,Coverage Trigger: Occurrence,,matchOnce,must be present,,,non_compliant,Block Requirements,,,false,0,,2026-08-16
"Block Real Estate Services, LLC",69fdf7a362446148bd85b023,69fded1f62446148bd84911a,RSM US LLP,69fdf15ebf1df2fe9692af51,"tic001 - 46 Penn Centre {46 PC Investors, LLC}",evidenceOfInsurance,Evidence of Insurance,commercialGeneralLiability,Commercial General Liability,evidenceOfInsuranceCommercialGeneralLiabilityGeneralAggregateLimitAppliesPerLocation,General Aggregate Limit Applies per: Location,,matchOnce,must be present,,,non_compliant,Block Requirements,,,false,0,,2026-08-16
"Block Real Estate Services, LLC",69fdf7a362446148bd85b023,69fded1f62446148bd84911a,RSM US LLP,69fdf15ebf1df2fe9692af51,"tic001 - 46 Penn Centre {46 PC Investors, LLC}",evidenceOfInsurance,Evidence of Insurance,commercialGeneralLiability,Commercial General Liability,evidenceOfInsuranceCommercialGeneralLiabilityEachOccurrence,Each Occurrence,,matchOnce,must be greater or equal to,1000000,,non_compliant,Block Requirements,,,false,0,,2026-08-16
"Block Real Estate Services, LLC",69fdf7a362446148bd85b023,69fded1f62446148bd84911a,RSM US LLP,69fdf15ebf1df2fe9692af51,"tic001 - 46 Penn Centre {46 PC Investors, LLC}",evidenceOfInsurance,Evidence of Insurance,commercialGeneralLiability,Commercial General Liability,evidenceOfInsuranceCommercialGeneralLiabilityGeneralAggregate,General Aggregate,,matchOnce,must be greater or equal to,2000000,,non_compliant,Block Requirements,,,false,0,,2026-08-16
"Block Real Estate Services, LLC",69fdf7a362446148bd85b023,69fded1f62446148bd84911a,RSM US LLP,69fdf15ebf1df2fe9692af51,"tic001 - 46 Penn Centre {46 PC Investors, LLC}",evidenceOfInsurance,Evidence of Insurance,commercialGeneralLiability,Commercial General Liability,evidenceOfInsuranceCommercialGeneralLiabilityWaiverOfSubrogationEndorsement,Waiver of Subrogation,"---prompt---
Determine if the insurer has waived their right of subrogation in favor of the certificate holder under the Commercial General Liability policy. Evidence may include: a checked ""Waiver of Subrogation"" box on the certificate, mention in the Description of Operations section stating ""waiver of subrogation applies"", or reference to form CG 24 04. Look for language like ""subrogation is waived"" or ""per written contract"".",matchOnce,must be present,,,non_compliant,Block Requirements,,,false,0,,2026-08-16
"Block Real Estate Services, LLC",69fdf7a362446148bd85b023,69fded1f62446148bd84911a,RSM US LLP,69fdf15ebf1df2fe9692af51,"tic001 - 46 Penn Centre {46 PC Investors, LLC}",evidenceOfInsurance,Evidence of Insurance,excessOrUmbrellaLiability,Umbrella/Excess Liability,evidenceOfInsuranceExcessOrUmbrellaLiabilityOccurence,Coverage Trigger: Occurrence,,matchOnce,must be present,,,non_compliant,Block Requirements,,,false,0,,2026-08-16
"Block Real Estate Services, LLC",69fdf7a362446148bd85b023,69fded1f62446148bd84911a,RSM US LLP,69fdf15ebf1df2fe9692af51,"tic001 - 46 Penn Centre {46 PC Investors, LLC}",evidenceOfInsurance,Evidence of Insurance,excessOrUmbrellaLiability,Umbrella/Excess Liability,evidenceOfInsuranceExcessOrUmbrellaLiabilityEachOccurrence,Each Occurrence,,matchOnce,must be greater or equal to,1000000,,non_compliant,Block Requirements,,,false,0,,2026-08-16
"Block Real Estate Services, LLC",69fdf7a362446148bd85b023,69fded1f62446148bd84911a,RSM US LLP,69fdf15ebf1df2fe9692af51,"tic001 - 46 Penn Centre {46 PC Investors, LLC}",evidenceOfInsurance,Evidence of Insurance,excessOrUmbrellaLiability,Umbrella/Excess Liability,evidenceOfInsuranceExcessOrUmbrellaLiabilityAggregate,Aggregate,,matchOnce,must be greater or equal to,1000000,,non_compliant,Block Requirements,,,false,0,,2026-08-16
"Block Real Estate Services, LLC",69fdf7a362446148bd85b023,69fded1f62446148bd84911a,RSM US LLP,69fdf15ebf1df2fe9692af51,"tic001 - 46 Penn Centre {46 PC Investors, LLC}",evidenceOfInsurance,Evidence of Insurance,workersCompensation,Workers' Compensation and Employer's Liability,evidenceOfInsuranceWorkersCompensationStatutoryLimits,Statutory Limits,,matchOnce,must be present,,,non_compliant,Block Requirements,,,false,0,,2026-08-16
"Block Real Estate Services, LLC",69fdf7a362446148bd85b023,69fded1f62446148bd84911a,RSM US LLP,69fdf15ebf1df2fe9692af51,"tic001 - 46 Penn Centre {46 PC Investors, LLC}",evidenceOfInsurance,Evidence of Insurance,workersCompensation,Workers' Compensation and Employer's Liability,evidenceOfInsuranceWorkersCompensationEmployersLiabilityEachAccident,Employer's Liability Each Accident,,matchOnce,must be greater or equal to,500000,,non_compliant,Block Requirements,,,false,0,,2026-08-16
"Block Real Estate Services, LLC",69fdf7a362446148bd85b023,69fded1f62446148bd84911a,RSM US LLP,69fdf15ebf1df2fe9692af51,"tic001 - 46 Penn Centre {46 PC Investors, LLC}",evidenceOfInsurance,Evidence of Insurance,workersCompensation,Workers' Compensation and Employer's Liability,evidenceOfInsuranceWorkersCompensationEmployersLiabilityDiseaseEachEmployee,Employer's Liability Disease - each employee,,matchOnce,must be greater or equal to,500000,,non_compliant,Block Requirements,,,false,0,,2026-08-16
"Block Real Estate Services, LLC",69fdf7a362446148bd85b023,69fded1f62446148bd84911a,RSM US LLP,69fdf15ebf1df2fe9692af51,"tic001 - 46 Penn Centre {46 PC Investors, LLC}",evidenceOfInsurance,Evidence of Insurance,workersCompensation,Workers' Compensation and Employer's Liability,evidenceOfInsuranceWorkersCompensationEmployersLiabilityDiseasePolicyLimit,Employer's Liability Disease - policy limit,,matchOnce,must be greater or equal to,500000,,non_compliant,Block Requirements,,,false,0,,2026-08-16
"Block Real Estate Services, LLC",69fdf7a362446148bd85b023,69fded1f62446148bd84911a,RSM US LLP,69fdf15ebf1df2fe9692af51,"tic001 - 46 Penn Centre {46 PC Investors, LLC}",evidenceOfInsurance,Evidence of Insurance,workersCompensation,Workers' Compensation and Employer's Liability,evidenceOfInsuranceWorkersCompensationWaiverOfSubrogationEndorsement,Waiver of Subrogation,"---prompt---
Determine if the insurer has waived their right of subrogation in favor of the certificate holder under the Workers' Compensation policy. Evidence may include: a checked ""Waiver of Subrogation"" box on the certificate, mention in the Description of Operations section stating ""waiver of subrogation applies"", or reference to form WC 00 03 13. Look for language like ""subrogation is waived"" or ""per written contract"".",matchOnce,must be present,,,non_compliant,Block Requirements,,,false,0,,2026-08-16
"Block Real Estate Services, LLC",69fdf7a362446148bd85b023,69fded1f62446148bd84911a,RSM US LLP,69fdf15ebf1df2fe9692af51,"tic001 - 46 Penn Centre {46 PC Investors, LLC}",evidenceOfInsurance,Evidence of Insurance,6ac20aae-5728-5d57-b364-aeba38527dba,Additional Requirements,4da5b0f1-4c9d-5885-8cf8-5d3cccaed3e0,"Block Real Estate Services, LLC and all others required by contract are named as Additional Insureds","---prompt---
Determine if the Description of Operations or the Additional Remarks Schedule section states the ""Additional Insured as Construction Management, Inc. and all others required by contract"" or reference to blanket additional insured coverage. Look for language like ""certificate holder is additional insured"" or ""per written contract"".",matchOnce,must be present,,,non_compliant,Block Requirements,,,true,0,,2026-08-16
"Block Real Estate Services, LLC",69fdf7a362446148bd85b023,69fded1f62446148bd84911a,RSM US LLP,69fdf15ebf1df2fe9692af51,"tic001 - 46 Penn Centre {46 PC Investors, LLC}",evidenceOfInsurance,Evidence of Insurance,6ac20aae-5728-5d57-b364-aeba38527dba,Additional Requirements,e1017741-e47e-5f58-97b8-fbc3043e919f,Umbrella follows form over General Liability,"---prompt---
Determine if the Umbrella/Excess Liability policy follows form to the underlying policies. Evidence may include: language in the Description of Operations section stating the umbrella follows form to underlying coverages or an additional page endorsement stating that it follows form. Follow form means the umbrella policy adopts the same terms, conditions, and exclusions as the underlying policies.",matchOnce,must be present,,,non_compliant,Block Requirements,,,true,0,,2026-08-16
"Block Real Estate Services, LLC",69fdf7a362446148bd85b023,69fded1f62446148bd84911a,RSM US LLP,69fdf15ebf1df2fe9692af51,"tic001 - 46 Penn Centre {46 PC Investors, LLC}",evidenceOfInsurance,Evidence of Insurance,6ac20aae-5728-5d57-b364-aeba38527dba,Additional Requirements,2cdd866f-c9a4-576a-afd8-1d045762790c,The location must be listed as: 4622 Pennsylvania Avenue Suite 1100 Kansas City MO 64112,,matchOnce,must be present,,,non_compliant,Block Requirements,,,true,0,,2026-08-16
"Block Real Estate Services, LLC",69fdf7a362446148bd85b023,69fded1f62446148bd84911a,RSM US LLP,69fdf15ebf1df2fe9692af51,"tic001 - 46 Penn Centre {46 PC Investors, LLC}",evidenceOfInsurance,Evidence of Insurance,6ac20aae-5728-5d57-b364-aeba38527dba,Additional Requirements,3649e9d1-4e09-59bf-8f30-cb33c40cf117,"Certificate Holder must read: c/o Block Real Estate Services, LLC, 4622 Pennsylvania St., Suite 700, Kansas City, MO, 64112",,matchOnce,must be present,,,non_compliant,Block Requirements,,,true,0,,2026-08-16
"Block Real Estate Services, LLC",69fdf7a362446148bd85b01c,69fded1562446148bd848de7,"Triad Capital Advisors, Inc. / Gantry, Inc.",69fdf15ebf1df2fe9692af51,"tic001 - 46 Penn Centre {46 PC Investors, LLC}",evidenceOfInsurance,Evidence of Insurance,commercialGeneralLiability,Commercial General Liability,evidenceOfInsuranceCommercialGeneralLiabilityCoverageTriggerOccurrence,Coverage Trigger: Occurrence,,matchOnce,must be present,,Present,compliant,Block Requirements,,,false,2,,2026-08-16
"Block Real Estate Services, LLC",69fdf7a362446148bd85b01c,69fded1562446148bd848de7,"Triad Capital Advisors, Inc. / Gantry, Inc.",69fdf15ebf1df2fe9692af51,"tic001 - 46 Penn Centre {46 PC Investors, LLC}",evidenceOfInsurance,Evidence of Insurance,commercialGeneralLiability,Commercial General Liability,evidenceOfInsuranceCommercialGeneralLiabilityGeneralAggregateLimitAppliesPerLocation,General Aggregate Limit Applies per: Location,,matchOnce,must be present,,Present,compliant,Block Requirements,,,false,2,,2026-08-16
"Block Real Estate Services, LLC",69fdf7a362446148bd85b01c,69fded1562446148bd848de7,"Triad Capital Advisors, Inc. / Gantry, Inc.",69fdf15ebf1df2fe9692af51,"tic001 - 46 Penn Centre {46 PC Investors, LLC}",evidenceOfInsurance,Evidence of Insurance,commercialGeneralLiability,Commercial General Liability,evidenceOfInsuranceCommercialGeneralLiabilityEachOccurrence,Each Occurrence,,matchOnce,must be greater or equal to,1000000,2000000,compliant,Block Requirements,,,false,2,,2026-08-16
"Block Real Estate Services, LLC",69fdf7a362446148bd85b01c,69fded1562446148bd848de7,"Triad Capital Advisors, Inc. / Gantry, Inc.",69fdf15ebf1df2fe9692af51,"tic001 - 46 Penn Centre {46 PC Investors, LLC}",evidenceOfInsurance,Evidence of Insurance,commercialGeneralLiability,Commercial General Liability,evidenceOfInsuranceCommercialGeneralLiabilityGeneralAggregate,General Aggregate,,matchOnce,must be greater or equal to,2000000,4000000,compliant,Block Requirements,,,false,2,,2026-08-16
"Block Real Estate Services, LLC",69fdf7a362446148bd85b01c,69fded1562446148bd848de7,"Triad Capital Advisors, Inc. / Gantry, Inc.",69fdf15ebf1df2fe9692af51,"tic001 - 46 Penn Centre {46 PC Investors, LLC}",evidenceOfInsurance,Evidence of Insurance,commercialGeneralLiability,Commercial General Liability,evidenceOfInsuranceCommercialGeneralLiabilityWaiverOfSubrogationEndorsement,Waiver of Subrogation,"---prompt---
Determine if the insurer has waived their right of subrogation in favor of the certificate holder under the Commercial General Liability policy. Evidence may include: a checked ""Waiver of Subrogation"" box on the certificate, mention in the Description of Operations section stating ""waiver of subrogation applies"", or reference to form CG 24 04. Look for language like ""subrogation is waived"" or ""per written contract"".",matchOnce,must be present,,Present,compliant,Block Requirements,,,false,2,,2026-08-16
"Block Real Estate Services, LLC",69fdf7a362446148bd85b01c,69fded1562446148bd848de7,"Triad Capital Advisors, Inc. / Gantry, Inc.",69fdf15ebf1df2fe9692af51,"tic001 - 46 Penn Centre {46 PC Investors, LLC}",evidenceOfInsurance,Evidence of Insurance,excessOrUmbrellaLiability,Umbrella/Excess Liability,evidenceOfInsuranceExcessOrUmbrellaLiabilityOccurence,Coverage Trigger: Occurrence,,matchOnce,must be present,,Present,compliant,Block Requirements,,,false,2,,2026-08-16
"Block Real Estate Services, LLC",69fdf7a362446148bd85b01c,69fded1562446148bd848de7,"Triad Capital Advisors, Inc. / Gantry, Inc.",69fdf15ebf1df2fe9692af51,"tic001 - 46 Penn Centre {46 PC Investors, LLC}",evidenceOfInsurance,Evidence of Insurance,excessOrUmbrellaLiability,Umbrella/Excess Liability,evidenceOfInsuranceExcessOrUmbrellaLiabilityEachOccurrence,Each Occurrence,,matchOnce,must be greater or equal to,1000000,3000000,compliant,Block Requirements,,,false,2,,2026-08-16
"Block Real Estate Services, LLC",69fdf7a362446148bd85b01c,69fded1562446148bd848de7,"Triad Capital Advisors, Inc. / Gantry, Inc.",69fdf15ebf1df2fe9692af51,"tic001 - 46 Penn Centre {46 PC Investors, LLC}",evidenceOfInsurance,Evidence of Insurance,excessOrUmbrellaLiability,Umbrella/Excess Liability,evidenceOfInsuranceExcessOrUmbrellaLiabilityAggregate,Aggregate,,matchOnce,must be greater or equal to,1000000,3000000,compliant,Block Requirements,,,false,2,,2026-08-16
"Block Real Estate Services, LLC",69fdf7a362446148bd85b01c,69fded1562446148bd848de7,"Triad Capital Advisors, Inc. / Gantry, Inc.",69fdf15ebf1df2fe9692af51,"tic001 - 46 Penn Centre {46 PC Investors, LLC}",evidenceOfInsurance,Evidence of Insurance,workersCompensation,Workers' Compensation and Employer's Liability,evidenceOfInsuranceWorkersCompensationStatutoryLimits,Statutory Limits,,matchOnce,must be present,,Present,compliant,Block Requirements,,,false,1,,2026-08-16
"Block Real Estate Services, LLC",69fdf7a362446148bd85b01c,69fded1562446148bd848de7,"Triad Capital Advisors, Inc. / Gantry, Inc.",69fdf15ebf1df2fe9692af51,"tic001 - 46 Penn Centre {46 PC Investors, LLC}",evidenceOfInsurance,Evidence of Insurance,workersCompensation,Workers' Compensation and Employer's Liability,evidenceOfInsuranceWorkersCompensationEmployersLiabilityEachAccident,Employer's Liability Each Accident,,matchOnce,must be greater or equal to,500000,1000000,compliant,Block Requirements,,,false,1,,2026-08-16
"Block Real Estate Services, LLC",69fdf7a362446148bd85b01c,69fded1562446148bd848de7,"Triad Capital Advisors, Inc. / Gantry, Inc.",69fdf15ebf1df2fe9692af51,"tic001 - 46 Penn Centre {46 PC Investors, LLC}",evidenceOfInsurance,Evidence of Insurance,workersCompensation,Workers' Compensation and Employer's Liability,evidenceOfInsuranceWorkersCompensationEmployersLiabilityDiseaseEachEmployee,Employer's Liability Disease - each employee,,matchOnce,must be greater or equal to,500000,1000000,compliant,Block Requirements,,,false,1,,2026-08-16
"Block Real Estate Services, LLC",69fdf7a362446148bd85b01c,69fded1562446148bd848de7,"Triad Capital Advisors, Inc. / Gantry, Inc.",69fdf15ebf1df2fe9692af51,"tic001 - 46 Penn Centre {46 PC Investors, LLC}",evidenceOfInsurance,Evidence of Insurance,workersCompensation,Workers' Compensation and Employer's Liability,evidenceOfInsuranceWorkersCompensationEmployersLiabilityDiseasePolicyLimit,Employer's Liability Disease - policy limit,,matchOnce,must be greater or equal to,500000,1000000,compliant,Block Requirements,,,false,1,,2026-08-16
"Block Real Estate Services, LLC",69fdf7a362446148bd85b01c,69fded1562446148bd848de7,"Triad Capital Advisors, Inc. / Gantry, Inc.",69fdf15ebf1df2fe9692af51,"tic001 - 46 Penn Centre {46 PC Investors, LLC}",evidenceOfInsurance,Evidence of Insurance,workersCompensation,Workers' Compensation and Employer's Liability,evidenceOfInsuranceWorkersCompensationWaiverOfSubrogationEndorsement,Waiver of Subrogation,"---prompt---
Determine if the insurer has waived their right of subrogation in favor of the certificate holder under the Workers' Compensation policy. Evidence may include: a checked ""Waiver of Subrogation"" box on the certificate, mention in the Description of Operations section stating ""waiver of subrogation applies"", or reference to form WC 00 03 13. Look for language like ""subrogation is waived"" or ""per written contract"".",matchOnce,must be present,,Present,waived,Block Requirements,WoS for WC not available in the state of MO,,false,1,,2026-08-16
"Block Real Estate Services, LLC",69fdf7a362446148bd85b01c,69fded1562446148bd848de7,"Triad Capital Advisors, Inc. / Gantry, Inc.",69fdf15ebf1df2fe9692af51,"tic001 - 46 Penn Centre {46 PC Investors, LLC}",evidenceOfInsurance,Evidence of Insurance,6ac20aae-5728-5d57-b364-aeba38527dba,Additional Requirements,4da5b0f1-4c9d-5885-8cf8-5d3cccaed3e0,"Block Real Estate Services, LLC and all others required by contract are named as Additional Insureds","---prompt---
Determine if the Description of Operations or the Additional Remarks Schedule section states the ""Additional Insured as Construction Management, Inc. and all others required by contract"" or reference to blanket additional insured coverage. Look for language like ""certificate holder is additional insured"" or ""per written contract"".",matchOnce,must be present,,Present,compliant,Block Requirements,,,true,1,,2026-08-16
"Block Real Estate Services, LLC",69fdf7a362446148bd85b01c,69fded1562446148bd848de7,"Triad Capital Advisors, Inc. / Gantry, Inc.",69fdf15ebf1df2fe9692af51,"tic001 - 46 Penn Centre {46 PC Investors, LLC}",evidenceOfInsurance,Evidence of Insurance,6ac20aae-5728-5d57-b364-aeba38527dba,Additional Requirements,e1017741-e47e-5f58-97b8-fbc3043e919f,Umbrella follows form over General Liability,"---prompt---
Determine if the Umbrella/Excess Liability policy follows form to the underlying policies. Evidence may include: language in the Description of Operations section stating the umbrella follows form to underlying coverages or an additional page endorsement stating that it follows form. Follow form means the umbrella policy adopts the same terms, conditions, and exclusions as the underlying policies.",matchOnce,must be present,,Present,compliant,Block Requirements,,,true,1,,2026-08-16
"Block Real Estate Services, LLC",69fdf7a362446148bd85b01c,69fded1562446148bd848de7,"Triad Capital Advisors, Inc. / Gantry, Inc.",69fdf15ebf1df2fe9692af51,"tic001 - 46 Penn Centre {46 PC Investors, LLC}",evidenceOfInsurance,Evidence of Insurance,6ac20aae-5728-5d57-b364-aeba38527dba,Additional Requirements,2cdd866f-c9a4-576a-afd8-1d045762790c,The location must be listed as: 4622 Pennsylvania Avenue Suite 810 Kansas City MO 64112,,matchOnce,must be present,,Present,compliant,Block Requirements,,,true,1,,2026-08-16
"Block Real Estate Services, LLC",69fdf7a362446148bd85b01c,69fded1562446148bd848de7,"Triad Capital Advisors, Inc. / Gantry, Inc.",69fdf15ebf1df2fe9692af51,"tic001 - 46 Penn Centre {46 PC Investors, LLC}",evidenceOfInsurance,Evidence of Insurance,6ac20aae-5728-5d57-b364-aeba38527dba,Additional Requirements,3649e9d1-4e09-59bf-8f30-cb33c40cf117,"Certificate Holder must read: c/o Block Real Estate Services, LLC, 4622 Pennsylvania St., Suite 700, Kansas City, MO, 64112",,matchOnce,must be present,,Present,compliant,Block Requirements,,,true,1,,2026-08-16
"Block Real Estate Services, LLC",69fdf7a362446148bd85b01d,69fded1762446148bd848e68,Hoefer Welker LLC,69fdf15ebf1df2fe9692af51,"tic001 - 46 Penn Centre {46 PC Investors, LLC}",evidenceOfInsurance,Evidence of Insurance,commercialGeneralLiability,Commercial General Liability,evidenceOfInsuranceCommercialGeneralLiabilityCoverageTriggerOccurrence,Coverage Trigger: Occurrence,,matchOnce,must be present,,Present,compliant,Block Requirements,,,false,1,,2026-08-16
"Block Real Estate Services, LLC",69fdf7a362446148bd85b01d,69fded1762446148bd848e68,Hoefer Welker LLC,69fdf15ebf1df2fe9692af51,"tic001 - 46 Penn Centre {46 PC Investors, LLC}",evidenceOfInsurance,Evidence of Insurance,commercialGeneralLiability,Commercial General Liability,evidenceOfInsuranceCommercialGeneralLiabilityGeneralAggregateLimitAppliesPerLocation,General Aggregate Limit Applies per: Location,,matchOnce,must be present,,Present,compliant,Block Requirements,,,false,1,,2026-08-16
"Block Real Estate Services, LLC",69fdf7a362446148bd85b01d,69fded1762446148bd848e68,Hoefer Welker LLC,69fdf15ebf1df2fe9692af51,"tic001 - 46 Penn Centre {46 PC Investors, LLC}",evidenceOfInsurance,Evidence of Insurance,commercialGeneralLiability,Commercial General Liability,evidenceOfInsuranceCommercialGeneralLiabilityEachOccurrence,Each Occurrence,,matchOnce,must be greater or equal to,1000000,1000000,compliant,Block Requirements,,,false,1,,2026-08-16
"Block Real Estate Services, LLC",69fdf7a362446148bd85b01d,69fded1762446148bd848e68,Hoefer Welker LLC,69fdf15ebf1df2fe9692af51,"tic001 - 46 Penn Centre {46 PC Investors, LLC}",evidenceOfInsurance,Evidence of Insurance,commercialGeneralLiability,Commercial General Liability,evidenceOfInsuranceCommercialGeneralLiabilityGeneralAggregate,General Aggregate,,matchOnce,must be greater or equal to,2000000,2000000,compliant,Block Requirements,,,false,1,,2026-08-16
"Block Real Estate Services, LLC",69fdf7a362446148bd85b01d,69fded1762446148bd848e68,Hoefer Welker LLC,69fdf15ebf1df2fe9692af51,"tic001 - 46 Penn Centre {46 PC Investors, LLC}",evidenceOfInsurance,Evidence of Insurance,commercialGeneralLiability,Commercial General Liability,evidenceOfInsuranceCommercialGeneralLiabilityWaiverOfSubrogationEndorsement,Waiver of Subrogation,"---prompt---
Determine if the insurer has waived their right of subrogation in favor of the certificate holder under the Commercial General Liability policy. Evidence may include: a checked ""Waiver of Subrogation"" box on the certificate, mention in the Description of Operations section stating ""waiver of subrogation applies"", or reference to form CG 24 04. Look for language like ""subrogation is waived"" or ""per written contract"".",matchOnce,must be present,,Present,compliant,Block Requirements,,,false,1,,2026-08-16
"Block Real Estate Services, LLC",69fdf7a362446148bd85b01d,69fded1762446148bd848e68,Hoefer Welker LLC,69fdf15ebf1df2fe9692af51,"tic001 - 46 Penn Centre {46 PC Investors, LLC}",evidenceOfInsurance,Evidence of Insurance,excessOrUmbrellaLiability,Umbrella/Excess Liability,evidenceOfInsuranceExcessOrUmbrellaLiabilityOccurence,Coverage Trigger: Occurrence,,matchOnce,must be present,,Present,compliant,Block Requirements,,,false,1,,2026-08-16
"Block Real Estate Services, LLC",69fdf7a362446148bd85b01d,69fded1762446148bd848e68,Hoefer Welker LLC,69fdf15ebf1df2fe9692af51,"tic001 - 46 Penn Centre {46 PC Investors, LLC}",evidenceOfInsurance,Evidence of Insurance,excessOrUmbrellaLiability,Umbrella/Excess Liability,evidenceOfInsuranceExcessOrUmbrellaLiabilityEachOccurrence,Each Occurrence,,matchOnce,must be greater or equal to,1000000,5000000,compliant,Block Requirements,,,false,1,,2026-08-16
"Block Real Estate Services, LLC",69fdf7a362446148bd85b01d,69fded1762446148bd848e68,Hoefer Welker LLC,69fdf15ebf1df2fe9692af51,"tic001 - 46 Penn Centre {46 PC Investors, LLC}",evidenceOfInsurance,Evidence of Insurance,excessOrUmbrellaLiability,Umbrella/Excess Liability,evidenceOfInsuranceExcessOrUmbrellaLiabilityAggregate,Aggregate,,matchOnce,must be greater or equal to,1000000,5000000,compliant,Block Requirements,,,false,1,,2026-08-16
"Block Real Estate Services, LLC",69fdf7a362446148bd85b01d,69fded1762446148bd848e68,Hoefer Welker LLC,69fdf15ebf1df2fe9692af51,"tic001 - 46 Penn Centre {46 PC Investors, LLC}",evidenceOfInsurance,Evidence of Insurance,workersCompensation,Workers' Compensation and Employer's Liability,evidenceOfInsuranceWorkersCompensationStatutoryLimits,Statutory Limits,,matchOnce,must be present,,Present,compliant,Block Requirements,,,false,1,,2026-08-16
"Block Real Estate Services, LLC",69fdf7a362446148bd85b01d,69fded1762446148bd848e68,Hoefer Welker LLC,69fdf15ebf1df2fe9692af51,"tic001 - 46 Penn Centre {46 PC Investors, LLC}",evidenceOfInsurance,Evidence of Insurance,workersCompensation,Workers' Compensation and Employer's Liability,evidenceOfInsuranceWorkersCompensationEmployersLiabilityEachAccident,Employer's Liability Each Accident,,matchOnce,must be greater or equal to,500000,1000000,compliant,Block Requirements,,,false,1,,2026-08-16
"Block Real Estate Services, LLC",69fdf7a362446148bd85b01d,69fded1762446148bd848e68,Hoefer Welker LLC,69fdf15ebf1df2fe9692af51,"tic001 - 46 Penn Centre {46 PC Investors, LLC}",evidenceOfInsurance,Evidence of Insurance,workersCompensation,Workers' Compensation and Employer's Liability,evidenceOfInsuranceWorkersCompensationEmployersLiabilityDiseaseEachEmployee,Employer's Liability Disease - each employee,,matchOnce,must be greater or equal to,500000,1000000,compliant,Block Requirements,,,false,1,,2026-08-16
"Block Real Estate Services, LLC",69fdf7a362446148bd85b01d,69fded1762446148bd848e68,Hoefer Welker LLC,69fdf15ebf1df2fe9692af51,"tic001 - 46 Penn Centre {46 PC Investors, LLC}",evidenceOfInsurance,Evidence of Insurance,workersCompensation,Workers' Compensation and Employer's Liability,evidenceOfInsuranceWorkersCompensationEmployersLiabilityDiseasePolicyLimit,Employer's Liability Disease - policy limit,,matchOnce,must be greater or equal to,500000,1000000,compliant,Block Requirements,,,false,1,,2026-08-16
"Block Real Estate Services, LLC",69fdf7a362446148bd85b01d,69fded1762446148bd848e68,Hoefer Welker LLC,69fdf15ebf1df2fe9692af51,"tic001 - 46 Penn Centre {46 PC Investors, LLC}",evidenceOfInsurance,Evidence of Insurance,workersCompensation,Workers' Compensation and Employer's Liability,evidenceOfInsuranceWorkersCompensationWaiverOfSubrogationEndorsement,Waiver of Subrogation,"---prompt---
Determine if the insurer has waived their right of subrogation in favor of the certificate holder under the Workers' Compensation policy. Evidence may include: a checked ""Waiver of Subrogation"" box on the certificate, mention in the Description of Operations section stating ""waiver of subrogation applies"", or reference to form WC 00 03 13. Look for language like ""subrogation is waived"" or ""per written contract"".",matchOnce,must be present,,Present,compliant,Block Requirements,,,false,1,,2026-08-16
"Block Real Estate Services, LLC",69fdf7a362446148bd85b01d,69fded1762446148bd848e68,Hoefer Welker LLC,69fdf15ebf1df2fe9692af51,"tic001 - 46 Penn Centre {46 PC Investors, LLC}",evidenceOfInsurance,Evidence of Insurance,6ac20aae-5728-5d57-b364-aeba38527dba,Additional Requirements,4da5b0f1-4c9d-5885-8cf8-5d3cccaed3e0,"Block Real Estate Services, LLC and all others required by contract are named as Additional Insureds","---prompt---
Determine if the Description of Operations or the Additional Remarks Schedule section states the ""Additional Insured as Construction Management, Inc. and all others required by contract"" or reference to blanket additional insured coverage. Look for language like ""certificate holder is additional insured"" or ""per written contract"".",matchOnce,must be present,,Present,compliant,Block Requirements,,,true,1,,2026-08-16
"Block Real Estate Services, LLC",69fdf7a362446148bd85b01d,69fded1762446148bd848e68,Hoefer Welker LLC,69fdf15ebf1df2fe9692af51,"tic001 - 46 Penn Centre {46 PC Investors, LLC}",evidenceOfInsurance,Evidence of Insurance,6ac20aae-5728-5d57-b364-aeba38527dba,Additional Requirements,e1017741-e47e-5f58-97b8-fbc3043e919f,Umbrella follows form over General Liability,"---prompt---
Determine if the Umbrella/Excess Liability policy follows form to the underlying policies. Evidence may include: language in the Description of Operations section stating the umbrella follows form to underlying coverages or an additional page endorsement stating that it follows form. Follow form means the umbrella policy adopts the same terms, conditions, and exclusions as the underlying policies.",matchOnce,must be present,,Present,compliant,Block Requirements,,,true,1,,2026-08-16
"Block Real Estate Services, LLC",69fdf7a362446148bd85b01d,69fded1762446148bd848e68,Hoefer Welker LLC,69fdf15ebf1df2fe9692af51,"tic001 - 46 Penn Centre {46 PC Investors, LLC}",evidenceOfInsurance,Evidence of Insurance,6ac20aae-5728-5d57-b364-aeba38527dba,Additional Requirements,2cdd866f-c9a4-576a-afd8-1d045762790c,The location must be listed as: 4622 Pennsylvania Avenue Suite 1400 Kansas City MO 64112,,matchOnce,must be present,,Present,compliant,Block Requirements,,,true,1,,2026-08-16
"Block Real Estate Services, LLC",69fdf7a362446148bd85b01d,69fded1762446148bd848e68,Hoefer Welker LLC,69fdf15ebf1df2fe9692af51,"tic001 - 46 Penn Centre {46 PC Investors, LLC}",evidenceOfInsurance,Evidence of Insurance,6ac20aae-5728-5d57-b364-aeba38527dba,Additional Requirements,3649e9d1-4e09-59bf-8f30-cb33c40cf117,"Certificate Holder must read: c/o Block Real Estate Services, LLC, 4622 Pennsylvania St., Suite 700, Kansas City, MO, 64112",,matchOnce,must be present,,Present,compliant,Block Requirements,,,true,1,,2026-08-16
"Block Real Estate Services, LLC",69fdf7a362446148bd85b01f,69fded1c62446148bd84902d,"Ocean Prime / OPKC, LLC",69fdf15ebf1df2fe9692af51,"tic001 - 46 Penn Centre {46 PC Investors, LLC}",evidenceOfInsurance,Evidence of Insurance,commercialGeneralLiability,Commercial General Liability,evidenceOfInsuranceCommercialGeneralLiabilityCoverageTriggerOccurrence,Coverage Trigger: Occurrence,,matchOnce,must be present,,,non_compliant,Block Requirements,,,false,0,,2026-08-16
"Block Real Estate Services, LLC",69fdf7a362446148bd85b01f,69fded1c62446148bd84902d,"Ocean Prime / OPKC, LLC",69fdf15ebf1df2fe9692af51,"tic001 - 46 Penn Centre {46 PC Investors, LLC}",evidenceOfInsurance,Evidence of Insurance,commercialGeneralLiability,Commercial General Liability,evidenceOfInsuranceCommercialGeneralLiabilityGeneralAggregateLimitAppliesPerLocation,General Aggregate Limit Applies per: Location,,matchOnce,must be present,,,non_compliant,Block Requirements,,,false,0,,2026-08-16
"Block Real Estate Services, LLC",69fdf7a362446148bd85b01f,69fded1c62446148bd84902d,"Ocean Prime / OPKC, LLC",69fdf15ebf1df2fe9692af51,"tic001 - 46 Penn Centre {46 PC Investors, LLC}",evidenceOfInsurance,Evidence of Insurance,commercialGeneralLiability,Commercial General Liability,evidenceOfInsuranceCommercialGeneralLiabilityEachOccurrence,Each Occurrence,,matchOnce,must be greater or equal to,1000000,,non_compliant,Block Requirements,,,false,0,,2026-08-16
"Block Real Estate Services, LLC",69fdf7a362446148bd85b01f,69fded1c62446148bd84902d,"Ocean Prime / OPKC, LLC",69fdf15ebf1df2fe9692af51,"tic001 - 46 Penn Centre {46 PC Investors, LLC}",evidenceOfInsurance,Evidence of Insurance,commercialGeneralLiability,Commercial General Liability,evidenceOfInsuranceCommercialGeneralLiabilityGeneralAggregate,General Aggregate,,matchOnce,must be greater or equal to,2000000,,non_compliant,Block Requirements,,,false,0,,2026-08-16
"Block Real Estate Services, LLC",69fdf7a362446148bd85b01f,69fded1c62446148bd84902d,"Ocean Prime / OPKC, LLC",69fdf15ebf1df2fe9692af51,"tic001 - 46 Penn Centre {46 PC Investors, LLC}",evidenceOfInsurance,Evidence of Insurance,commercialGeneralLiability,Commercial General Liability,evidenceOfInsuranceCommercialGeneralLiabilityWaiverOfSubrogationEndorsement,Waiver of Subrogation,"---prompt---
Determine if the insurer has waived their right of subrogation in favor of the certificate holder under the Commercial General Liability policy. Evidence may include: a checked ""Waiver of Subrogation"" box on the certificate, mention in the Description of Operations section stating ""waiver of subrogation applies"", or reference to form CG 24 04. Look for language like ""subrogation is waived"" or ""per written contract"".",matchOnce,must be present,,,non_compliant,Block Requirements,,,false,0,,2026-08-16
"Block Real Estate Services, LLC",69fdf7a362446148bd85b01f,69fded1c62446148bd84902d,"Ocean Prime / OPKC, LLC",69fdf15ebf1df2fe9692af51,"tic001 - 46 Penn Centre {46 PC Investors, LLC}",evidenceOfInsurance,Evidence of Insurance,excessOrUmbrellaLiability,Umbrella/Excess Liability,evidenceOfInsuranceExcessOrUmbrellaLiabilityOccurence,Coverage Trigger: Occurrence,,matchOnce,must be present,,,non_compliant,Block Requirements,,,false,0,,2026-08-16
"Block Real Estate Services, LLC",69fdf7a362446148bd85b01f,69fded1c62446148bd84902d,"Ocean Prime / OPKC, LLC",69fdf15ebf1df2fe9692af51,"tic001 - 46 Penn Centre {46 PC Investors, LLC}",evidenceOfInsurance,Evidence of Insurance,excessOrUmbrellaLiability,Umbrella/Excess Liability,evidenceOfInsuranceExcessOrUmbrellaLiabilityEachOccurrence,Each Occurrence,,matchOnce,must be greater or equal to,1000000,,non_compliant,Block Requirements,,,false,0,,2026-08-16
"Block Real Estate Services, LLC",69fdf7a362446148bd85b01f,69fded1c62446148bd84902d,"Ocean Prime / OPKC, LLC",69fdf15ebf1df2fe9692af51,"tic001 - 46 Penn Centre {46 PC Investors, LLC}",evidenceOfInsurance,Evidence of Insurance,excessOrUmbrellaLiability,Umbrella/Excess Liability,evidenceOfInsuranceExcessOrUmbrellaLiabilityAggregate,Aggregate,,matchOnce,must be greater or equal to,1000000,,non_compliant,Block Requirements,,,false,0,,2026-08-16
"Block Real Estate Services, LLC",69fdf7a362446148bd85b01f,69fded1c62446148bd84902d,"Ocean Prime / OPKC, LLC",69fdf15ebf1df2fe9692af51,"tic001 - 46 Penn Centre {46 PC Investors, LLC}",evidenceOfInsurance,Evidence of Insurance,workersCompensation,Workers' Compensation and Employer's Liability,evidenceOfInsuranceWorkersCompensationStatutoryLimits,Statutory Limits,,matchOnce,must be present,,,non_compliant,Block Requirements,,,false,0,,2026-08-16
"Block Real Estate Services, LLC",69fdf7a362446148bd85b01f,69fded1c62446148bd84902d,"Ocean Prime / OPKC, LLC",69fdf15ebf1df2fe9692af51,"tic001 - 46 Penn Centre {46 PC Investors, LLC}",evidenceOfInsurance,Evidence of Insurance,workersCompensation,Workers' Compensation and Employer's Liability,evidenceOfInsuranceWorkersCompensationEmployersLiabilityEachAccident,Employer's Liability Each Accident,,matchOnce,must be greater or equal to,500000,,non_compliant,Block Requirements,,,false,0,,2026-08-16
"Block Real Estate Services, LLC",69fdf7a362446148bd85b01f,69fded1c62446148bd84902d,"Ocean Prime / OPKC, LLC",69fdf15ebf1df2fe9692af51,"tic001 - 46 Penn Centre {46 PC Investors, LLC}",evidenceOfInsurance,Evidence of Insurance,workersCompensation,Workers' Compensation and Employer's Liability,evidenceOfInsuranceWorkersCompensationEmployersLiabilityDiseaseEachEmployee,Employer's Liability Disease - each employee,,matchOnce,must be greater or equal to,500000,,non_compliant,Block Requirements,,,false,0,,2026-08-16
"Block Real Estate Services, LLC",69fdf7a362446148bd85b01f,69fded1c62446148bd84902d,"Ocean Prime / OPKC, LLC",69fdf15ebf1df2fe9692af51,"tic001 - 46 Penn Centre {46 PC Investors, LLC}",evidenceOfInsurance,Evidence of Insurance,workersCompensation,Workers' Compensation and Employer's Liability,evidenceOfInsuranceWorkersCompensationEmployersLiabilityDiseasePolicyLimit,Employer's Liability Disease - policy limit,,matchOnce,must be greater or equal to,500000,,non_compliant,Block Requirements,,,false,0,,2026-08-16
"Block Real Estate Services, LLC",69fdf7a362446148bd85b01f,69fded1c62446148bd84902d,"Ocean Prime / OPKC, LLC",69fdf15ebf1df2fe9692af51,"tic001 - 46 Penn Centre {46 PC Investors, LLC}",evidenceOfInsurance,Evidence of Insurance,workersCompensation,Workers' Compensation and Employer's Liability,evidenceOfInsuranceWorkersCompensationWaiverOfSubrogationEndorsement,Waiver of Subrogation,"---prompt---
Determine if the insurer has waived their right of subrogation in favor of the certificate holder under the Workers' Compensation policy. Evidence may include: a checked ""Waiver of Subrogation"" box on the certificate, mention in the Description of Operations section stating ""waiver of subrogation applies"", or reference to form WC 00 03 13. Look for language like ""subrogation is waived"" or ""per written contract"".",matchOnce,must be present,,,non_compliant,Block Requirements,,,false,0,,2026-08-16
"Block Real Estate Services, LLC",69fdf7a362446148bd85b01f,69fded1c62446148bd84902d,"Ocean Prime / OPKC, LLC",69fdf15ebf1df2fe9692af51,"tic001 - 46 Penn Centre {46 PC Investors, LLC}",evidenceOfInsurance,Evidence of Insurance,6ac20aae-5728-5d57-b364-aeba38527dba,Additional Requirements,4da5b0f1-4c9d-5885-8cf8-5d3cccaed3e0,"Block Real Estate Services, LLC and all others required by contract are named as Additional Insureds","---prompt---
Determine if the Description of Operations or the Additional Remarks Schedule section states the ""Additional Insured as Construction Management, Inc. and all others required by contract"" or reference to blanket additional insured coverage. Look for language like ""certificate holder is additional insured"" or ""per written contract"".",matchOnce,must be present,,,non_compliant,Block Requirements,,,true,0,,2026-08-16
"Block Real Estate Services, LLC",69fdf7a362446148bd85b01f,69fded1c62446148bd84902d,"Ocean Prime / OPKC, LLC",69fdf15ebf1df2fe9692af51,"tic001 - 46 Penn Centre {46 PC Investors, LLC}",evidenceOfInsurance,Evidence of Insurance,6ac20aae-5728-5d57-b364-aeba38527dba,Additional Requirements,e1017741-e47e-5f58-97b8-fbc3043e919f,Umbrella follows form over General Liability,"---prompt---
Determine if the Umbrella/Excess Liability policy follows form to the underlying policies. Evidence may include: language in the Description of Operations section stating the umbrella follows form to underlying coverages or an additional page endorsement stating that it follows form. Follow form means the umbrella policy adopts the same terms, conditions, and exclusions as the underlying policies.",matchOnce,must be present,,,non_compliant,Block Requirements,,,true,0,,2026-08-16
"Block Real Estate Services, LLC",69fdf7a362446148bd85b01f,69fded1c62446148bd84902d,"Ocean Prime / OPKC, LLC",69fdf15ebf1df2fe9692af51,"tic001 - 46 Penn Centre {46 PC Investors, LLC}",evidenceOfInsurance,Evidence of Insurance,6ac20aae-5728-5d57-b364-aeba38527dba,Additional Requirements,2cdd866f-c9a4-576a-afd8-1d045762790c,The location must be listed as: 4622 Pennsylvania Avenue Suite 300 Kansas City MO 64112,,matchOnce,must be present,,,non_compliant,Block Requirements,,,true,0,,2026-08-16
"Block Real Estate Services, LLC",69fdf7a362446148bd85b01f,69fded1c62446148bd84902d,"Ocean Prime / OPKC, LLC",69fdf15ebf1df2fe9692af51,"tic001 - 46 Penn Centre {46 PC Investors, LLC}",evidenceOfInsurance,Evidence of Insurance,6ac20aae-5728-5d57-b364-aeba38527dba,Additional Requirements,3649e9d1-4e09-59bf-8f30-cb33c40cf117,"Certificate Holder must read: c/o Block Real Estate Services, LLC, 4622 Pennsylvania St., Suite 700, Kansas City, MO, 64112",,matchOnce,must be present,,,non_compliant,Block Requirements,,,true,0,,2026-08-16
"Block Real Estate Services, LLC",69fdf7a362446148bd85b022,69fded1e62446148bd8490cf,Pulse Design Group,69fdf15ebf1df2fe9692af51,"tic001 - 46 Penn Centre {46 PC Investors, LLC}",evidenceOfInsurance,Evidence of Insurance,commercialGeneralLiability,Commercial General Liability,evidenceOfInsuranceCommercialGeneralLiabilityCoverageTriggerOccurrence,Coverage Trigger: Occurrence,,matchOnce,must be present,,Present,compliant,Block Requirements,,,false,1,,2026-08-16
"Block Real Estate Services, LLC",69fdf7a362446148bd85b022,69fded1e62446148bd8490cf,Pulse Design Group,69fdf15ebf1df2fe9692af51,"tic001 - 46 Penn Centre {46 PC Investors, LLC}",evidenceOfInsurance,Evidence of Insurance,commercialGeneralLiability,Commercial General Liability,evidenceOfInsuranceCommercialGeneralLiabilityGeneralAggregateLimitAppliesPerLocation,General Aggregate Limit Applies per: Location,,matchOnce,must be present,,,non_compliant,Block Requirements,,,false,0,,2026-08-16
"Block Real Estate Services, LLC",69fdf7a362446148bd85b022,69fded1e62446148bd8490cf,Pulse Design Group,69fdf15ebf1df2fe9692af51,"tic001 - 46 Penn Centre {46 PC Investors, LLC}",evidenceOfInsurance,Evidence of Insurance,commercialGeneralLiability,Commercial General Liability,evidenceOfInsuranceCommercialGeneralLiabilityEachOccurrence,Each Occurrence,,matchOnce,must be greater or equal to,1000000,1000000,compliant,Block Requirements,,,false,1,,2026-08-16
"Block Real Estate Services, LLC",69fdf7a362446148bd85b022,69fded1e62446148bd8490cf,Pulse Design Group,69fdf15ebf1df2fe9692af51,"tic001 - 46 Penn Centre {46 PC Investors, LLC}",evidenceOfInsurance,Evidence of Insurance,commercialGeneralLiability,Commercial General Liability,evidenceOfInsuranceCommercialGeneralLiabilityGeneralAggregate,General Aggregate,,matchOnce,must be greater or equal to,2000000,2000000,compliant,Block Requirements,,,false,1,,2026-08-16
"Block Real Estate Services, LLC",69fdf7a362446148bd85b022,69fded1e62446148bd8490cf,Pulse Design Group,69fdf15ebf1df2fe9692af51,"tic001 - 46 Penn Centre {46 PC Investors, LLC}",evidenceOfInsurance,Evidence of Insurance,commercialGeneralLiability,Commercial General Liability,evidenceOfInsuranceCommercialGeneralLiabilityWaiverOfSubrogationEndorsement,Waiver of Subrogation,"---prompt---
Determine if the insurer has waived their right of subrogation in favor of the certificate holder under the Commercial General Liability policy. Evidence may include: a checked ""Waiver of Subrogation"" box on the certificate, mention in the Description of Operations section stating ""waiver of subrogation applies"", or reference to form CG 24 04. Look for language like ""subrogation is waived"" or ""per written contract"".",matchOnce,must be present,,Present,compliant,Block Requirements,,,false,1,,2026-08-16
"Block Real Estate Services, LLC",69fdf7a362446148bd85b022,69fded1e62446148bd8490cf,Pulse Design Group,69fdf15ebf1df2fe9692af51,"tic001 - 46 Penn Centre {46 PC Investors, LLC}",evidenceOfInsurance,Evidence of Insurance,excessOrUmbrellaLiability,Umbrella/Excess Liability,evidenceOfInsuranceExcessOrUmbrellaLiabilityOccurence,Coverage Trigger: Occurrence,,matchOnce,must be present,,Present,compliant,Block Requirements,,,false,1,,2026-08-16
"Block Real Estate Services, LLC",69fdf7a362446148bd85b022,69fded1e62446148bd8490cf,Pulse Design Group,69fdf15ebf1df2fe9692af51,"tic001 - 46 Penn Centre {46 PC Investors, LLC}",evidenceOfInsurance,Evidence of Insurance,excessOrUmbrellaLiability,Umbrella/Excess Liability,evidenceOfInsuranceExcessOrUmbrellaLiabilityEachOccurrence,Each Occurrence,,matchOnce,must be greater or equal to,1000000,10000000,compliant,Block Requirements,,,false,1,,2026-08-16
"Block Real Estate Services, LLC",69fdf7a362446148bd85b022,69fded1e62446148bd8490cf,Pulse Design Group,69fdf15ebf1df2fe9692af51,"tic001 - 46 Penn Centre {46 PC Investors, LLC}",evidenceOfInsurance,Evidence of Insurance,excessOrUmbrellaLiability,Umbrella/Excess Liability,evidenceOfInsuranceExcessOrUmbrellaLiabilityAggregate,Aggregate,,matchOnce,must be greater or equal to,1000000,10000000,compliant,Block Requirements,,,false,1,,2026-08-16
"Block Real Estate Services, LLC",69fdf7a362446148bd85b022,69fded1e62446148bd8490cf,Pulse Design Group,69fdf15ebf1df2fe9692af51,"tic001 - 46 Penn Centre {46 PC Investors, LLC}",evidenceOfInsurance,Evidence of Insurance,workersCompensation,Workers' Compensation and Employer's Liability,evidenceOfInsuranceWorkersCompensationStatutoryLimits,Statutory Limits,,matchOnce,must be present,,Present,compliant,Block Requirements,,,false,1,,2026-08-16
"Block Real Estate Services, LLC",69fdf7a362446148bd85b022,69fded1e62446148bd8490cf,Pulse Design Group,69fdf15ebf1df2fe9692af51,"tic001 - 46 Penn Centre {46 PC Investors, LLC}",evidenceOfInsurance,Evidence of Insurance,workersCompensation,Workers' Compensation and Employer's Liability,evidenceOfInsuranceWorkersCompensationEmployersLiabilityEachAccident,Employer's Liability Each Accident,,matchOnce,must be greater or equal to,500000,1000000,compliant,Block Requirements,,,false,1,,2026-08-16
"Block Real Estate Services, LLC",69fdf7a362446148bd85b022,69fded1e62446148bd8490cf,Pulse Design Group,69fdf15ebf1df2fe9692af51,"tic001 - 46 Penn Centre {46 PC Investors, LLC}",evidenceOfInsurance,Evidence of Insurance,workersCompensation,Workers' Compensation and Employer's Liability,evidenceOfInsuranceWorkersCompensationEmployersLiabilityDiseaseEachEmployee,Employer's Liability Disease - each employee,,matchOnce,must be greater or equal to,500000,1000000,compliant,Block Requirements,,,false,1,,2026-08-16
"Block Real Estate Services, LLC",69fdf7a362446148bd85b022,69fded1e62446148bd8490cf,Pulse Design Group,69fdf15ebf1df2fe9692af51,"tic001 - 46 Penn Centre {46 PC Investors, LLC}",evidenceOfInsurance,Evidence of Insurance,workersCompensation,Workers' Compensation and Employer's Liability,evidenceOfInsuranceWorkersCompensationEmployersLiabilityDiseasePolicyLimit,Employer's Liability Disease - policy limit,,matchOnce,must be greater or equal to,500000,1000000,compliant,Block Requirements,,,false,1,,2026-08-16
"Block Real Estate Services, LLC",69fdf7a362446148bd85b022,69fded1e62446148bd8490cf,Pulse Design Group,69fdf15ebf1df2fe9692af51,"tic001 - 46 Penn Centre {46 PC Investors, LLC}",evidenceOfInsurance,Evidence of Insurance,workersCompensation,Workers' Compensation and Employer's Liability,evidenceOfInsuranceWorkersCompensationWaiverOfSubrogationEndorsement,Waiver of Subrogation,"---prompt---
Determine if the insurer has waived their right of subrogation in favor of the certificate holder under the Workers' Compensation policy. Evidence may include: a checked ""Waiver of Subrogation"" box on the certificate, mention in the Description of Operations section stating ""waiver of subrogation applies"", or reference to form WC 00 03 13. Look for language like ""subrogation is waived"" or ""per written contract"".",matchOnce,must be present,,Present,compliant,Block Requirements,,,false,1,,2026-08-16
"Block Real Estate Services, LLC",69fdf7a362446148bd85b022,69fded1e62446148bd8490cf,Pulse Design Group,69fdf15ebf1df2fe9692af51,"tic001 - 46 Penn Centre {46 PC Investors, LLC}",evidenceOfInsurance,Evidence of Insurance,6ac20aae-5728-5d57-b364-aeba38527dba,Additional Requirements,4da5b0f1-4c9d-5885-8cf8-5d3cccaed3e0,"Block Real Estate Services, LLC and all others required by contract are named as Additional Insureds","---prompt---
Determine if the Description of Operations or the Additional Remarks Schedule section states the ""Additional Insured as Construction Management, Inc. and all others required by contract"" or reference to blanket additional insured coverage. Look for language like ""certificate holder is additional insured"" or ""per written contract"".",matchOnce,must be present,,Present,compliant,Block Requirements,,,true,1,,2026-08-16
"Block Real Estate Services, LLC",69fdf7a362446148bd85b022,69fded1e62446148bd8490cf,Pulse Design Group,69fdf15ebf1df2fe9692af51,"tic001 - 46 Penn Centre {46 PC Investors, LLC}",evidenceOfInsurance,Evidence of Insurance,6ac20aae-5728-5d57-b364-aeba38527dba,Additional Requirements,e1017741-e47e-5f58-97b8-fbc3043e919f,Umbrella follows form over General Liability,"---prompt---
Determine if the Umbrella/Excess Liability policy follows form to the underlying policies. Evidence may include: language in the Description of Operations section stating the umbrella follows form to underlying coverages or an additional page endorsement stating that it follows form. Follow form means the umbrella policy adopts the same terms, conditions, and exclusions as the underlying policies.",matchOnce,must be present,,Present,compliant,Block Requirements,,,true,1,,2026-08-16
"Block Real Estate Services, LLC",69fdf7a362446148bd85b022,69fded1e62446148bd8490cf,Pulse Design Group,69fdf15ebf1df2fe9692af51,"tic001 - 46 Penn Centre {46 PC Investors, LLC}",evidenceOfInsurance,Evidence of Insurance,6ac20aae-5728-5d57-b364-aeba38527dba,Additional Requirements,2cdd866f-c9a4-576a-afd8-1d045762790c,The location must be listed as: 4622 Pennsylvania Avenue Suite 1050 Kansas City MO 64112,,matchOnce,must be present,,Present,compliant,Block Requirements,,,true,1,,2026-08-16
"Block Real Estate Services, LLC",69fdf7a362446148bd85b022,69fded1e62446148bd8490cf,Pulse Design Group,69fdf15ebf1df2fe9692af51,"tic001 - 46 Penn Centre {46 PC Investors, LLC}",evidenceOfInsurance,Evidence of Insurance,6ac20aae-5728-5d57-b364-aeba38527dba,Additional Requirements,3649e9d1-4e09-59bf-8f30-cb33c40cf117,"Certificate Holder must read: c/o Block Real Estate Services, LLC, 4622 Pennsylvania St., Suite 700, Kansas City, MO, 64112",,matchOnce,must be present,,Present,compliant,Block Requirements,,,true,1,,2026-08-16
"Block Real Estate Services, LLC",6a186073907a70f1cb1586ed,69fded1e62446148bd8490cf,Pulse Design Group,69fdf15ebf1df2fe9692af51,"tic001 - 46 Penn Centre {46 PC Investors, LLC}",evidenceOfInsurance,Evidence of Insurance,commercialGeneralLiability,Commercial General Liability,evidenceOfInsuranceCommercialGeneralLiabilityCoverageTriggerOccurrence,Coverage Trigger: Occurrence,,matchOnce,must be present,,,non_compliant,Block Requirements,,,false,0,,2026-08-16
"Block Real Estate Services, LLC",6a186073907a70f1cb1586ed,69fded1e62446148bd8490cf,Pulse Design Group,69fdf15ebf1df2fe9692af51,"tic001 - 46 Penn Centre {46 PC Investors, LLC}",evidenceOfInsurance,Evidence of Insurance,commercialGeneralLiability,Commercial General Liability,evidenceOfInsuranceCommercialGeneralLiabilityGeneralAggregateLimitAppliesPerLocation,General Aggregate Limit Applies per: Location,,matchOnce,must be present,,,non_compliant,Block Requirements,,,false,0,,2026-08-16
"Block Real Estate Services, LLC",6a186073907a70f1cb1586ed,69fded1e62446148bd8490cf,Pulse Design Group,69fdf15ebf1df2fe9692af51,"tic001 - 46 Penn Centre {46 PC Investors, LLC}",evidenceOfInsurance,Evidence of Insurance,commercialGeneralLiability,Commercial General Liability,evidenceOfInsuranceCommercialGeneralLiabilityEachOccurrence,Each Occurrence,,matchOnce,must be greater or equal to,1000000,,non_compliant,Block Requirements,,,false,0,,2026-08-16
"Block Real Estate Services, LLC",6a186073907a70f1cb1586ed,69fded1e62446148bd8490cf,Pulse Design Group,69fdf15ebf1df2fe9692af51,"tic001 - 46 Penn Centre {46 PC Investors, LLC}",evidenceOfInsurance,Evidence of Insurance,commercialGeneralLiability,Commercial General Liability,evidenceOfInsuranceCommercialGeneralLiabilityGeneralAggregate,General Aggregate,,matchOnce,must be greater or equal to,2000000,,non_compliant,Block Requirements,,,false,0,,2026-08-16
"Block Real Estate Services, LLC",6a186073907a70f1cb1586ed,69fded1e62446148bd8490cf,Pulse Design Group,69fdf15ebf1df2fe9692af51,"tic001 - 46 Penn Centre {46 PC Investors, LLC}",evidenceOfInsurance,Evidence of Insurance,commercialGeneralLiability,Commercial General Liability,evidenceOfInsuranceCommercialGeneralLiabilityWaiverOfSubrogationEndorsement,Waiver of Subrogation,"---prompt---
Determine if the insurer has waived their right of subrogation in favor of the certificate holder under the Commercial General Liability policy. Evidence may include: a checked ""Waiver of Subrogation"" box on the certificate, mention in the Description of Operations section stating ""waiver of subrogation applies"", or reference to form CG 24 04. Look for language like ""subrogation is waived"" or ""per written contract"".",matchOnce,must be present,,,non_compliant,Block Requirements,,,false,0,,2026-08-16
"Block Real Estate Services, LLC",6a186073907a70f1cb1586ed,69fded1e62446148bd8490cf,Pulse Design Group,69fdf15ebf1df2fe9692af51,"tic001 - 46 Penn Centre {46 PC Investors, LLC}",evidenceOfInsurance,Evidence of Insurance,excessOrUmbrellaLiability,Umbrella/Excess Liability,evidenceOfInsuranceExcessOrUmbrellaLiabilityOccurence,Coverage Trigger: Occurrence,,matchOnce,must be present,,,non_compliant,Block Requirements,,,false,0,,2026-08-16
"Block Real Estate Services, LLC",6a186073907a70f1cb1586ed,69fded1e62446148bd8490cf,Pulse Design Group,69fdf15ebf1df2fe9692af51,"tic001 - 46 Penn Centre {46 PC Investors, LLC}",evidenceOfInsurance,Evidence of Insurance,excessOrUmbrellaLiability,Umbrella/Excess Liability,evidenceOfInsuranceExcessOrUmbrellaLiabilityEachOccurrence,Each Occurrence,,matchOnce,must be greater or equal to,1000000,,non_compliant,Block Requirements,,,false,0,,2026-08-16
"Block Real Estate Services, LLC",6a186073907a70f1cb1586ed,69fded1e62446148bd8490cf,Pulse Design Group,69fdf15ebf1df2fe9692af51,"tic001 - 46 Penn Centre {46 PC Investors, LLC}",evidenceOfInsurance,Evidence of Insurance,excessOrUmbrellaLiability,Umbrella/Excess Liability,evidenceOfInsuranceExcessOrUmbrellaLiabilityAggregate,Aggregate,,matchOnce,must be greater or equal to,1000000,,non_compliant,Block Requirements,,,false,0,,2026-08-16
"Block Real Estate Services, LLC",6a186073907a70f1cb1586ed,69fded1e62446148bd8490cf,Pulse Design Group,69fdf15ebf1df2fe9692af51,"tic001 - 46 Penn Centre {46 PC Investors, LLC}",evidenceOfInsurance,Evidence of Insurance,workersCompensation,Workers' Compensation and Employer's Liability,evidenceOfInsuranceWorkersCompensationStatutoryLimits,Statutory Limits,,matchOnce,must be present,,,non_compliant,Block Requirements,,,false,0,,2026-08-16
"Block Real Estate Services, LLC",6a186073907a70f1cb1586ed,69fded1e62446148bd8490cf,Pulse Design Group,69fdf15ebf1df2fe9692af51,"tic001 - 46 Penn Centre {46 PC Investors, LLC}",evidenceOfInsurance,Evidence of Insurance,workersCompensation,Workers' Compensation and Employer's Liability,evidenceOfInsuranceWorkersCompensationEmployersLiabilityEachAccident,Employer's Liability Each Accident,,matchOnce,must be greater or equal to,500000,,non_compliant,Block Requirements,,,false,0,,2026-08-16
"Block Real Estate Services, LLC",6a186073907a70f1cb1586ed,69fded1e62446148bd8490cf,Pulse Design Group,69fdf15ebf1df2fe9692af51,"tic001 - 46 Penn Centre {46 PC Investors, LLC}",evidenceOfInsurance,Evidence of Insurance,workersCompensation,Workers' Compensation and Employer's Liability,evidenceOfInsuranceWorkersCompensationEmployersLiabilityDiseaseEachEmployee,Employer's Liability Disease - each employee,,matchOnce,must be greater or equal to,500000,,non_compliant,Block Requirements,,,false,0,,2026-08-16
"Block Real Estate Services, LLC",6a186073907a70f1cb1586ed,69fded1e62446148bd8490cf,Pulse Design Group,69fdf15ebf1df2fe9692af51,"tic001 - 46 Penn Centre {46 PC Investors, LLC}",evidenceOfInsurance,Evidence of Insurance,workersCompensation,Workers' Compensation and Employer's Liability,evidenceOfInsuranceWorkersCompensationEmployersLiabilityDiseasePolicyLimit,Employer's Liability Disease - policy limit,,matchOnce,must be greater or equal to,500000,,non_compliant,Block Requirements,,,false,0,,2026-08-16
"Block Real Estate Services, LLC",6a186073907a70f1cb1586ed,69fded1e62446148bd8490cf,Pulse Design Group,69fdf15ebf1df2fe9692af51,"tic001 - 46 Penn Centre {46 PC Investors, LLC}",evidenceOfInsurance,Evidence of Insurance,workersCompensation,Workers' Compensation and Employer's Liability,evidenceOfInsuranceWorkersCompensationWaiverOfSubrogationEndorsement,Waiver of Subrogation,"---prompt---
Determine if the insurer has waived their right of subrogation in favor of the certificate holder under the Workers' Compensation policy. Evidence may include: a checked ""Waiver of Subrogation"" box on the certificate, mention in the Description of Operations section stating ""waiver of subrogation applies"", or reference to form WC 00 03 13. Look for language like ""subrogation is waived"" or ""per written contract"".",matchOnce,must be present,,,non_compliant,Block Requirements,,,false,0,,2026-08-16
"Block Real Estate Services, LLC",6a186073907a70f1cb1586ed,69fded1e62446148bd8490cf,Pulse Design Group,69fdf15ebf1df2fe9692af51,"tic001 - 46 Penn Centre {46 PC Investors, LLC}",evidenceOfInsurance,Evidence of Insurance,6ac20aae-5728-5d57-b364-aeba38527dba,Additional Requirements,4da5b0f1-4c9d-5885-8cf8-5d3cccaed3e0,"Block Real Estate Services, LLC and all others required by contract are named as Additional Insureds","---prompt---
Determine if the Description of Operations or the Additional Remarks Schedule section states the ""Additional Insured as Construction Management, Inc. and all others required by contract"" or reference to blanket additional insured coverage. Look for language like ""certificate holder is additional insured"" or ""per written contract"".",matchOnce,must be present,,,non_compliant,Block Requirements,,,true,0,,2026-08-16
"Block Real Estate Services, LLC",6a186073907a70f1cb1586ed,69fded1e62446148bd8490cf,Pulse Design Group,69fdf15ebf1df2fe9692af51,"tic001 - 46 Penn Centre {46 PC Investors, LLC}",evidenceOfInsurance,Evidence of Insurance,6ac20aae-5728-5d57-b364-aeba38527dba,Additional Requirements,e1017741-e47e-5f58-97b8-fbc3043e919f,Umbrella follows form over General Liability,"---prompt---
Determine if the Umbrella/Excess Liability policy follows form to the underlying policies. Evidence may include: language in the Description of Operations section stating the umbrella follows form to underlying coverages or an additional page endorsement stating that it follows form. Follow form means the umbrella policy adopts the same terms, conditions, and exclusions as the underlying policies.",matchOnce,must be present,,,non_compliant,Block Requirements,,,true,0,,2026-08-16
"Block Real Estate Services, LLC",6a186073907a70f1cb1586ed,69fded1e62446148bd8490cf,Pulse Design Group,69fdf15ebf1df2fe9692af51,"tic001 - 46 Penn Centre {46 PC Investors, LLC}",evidenceOfInsurance,Evidence of Insurance,6ac20aae-5728-5d57-b364-aeba38527dba,Additional Requirements,2cdd866f-c9a4-576a-afd8-1d045762790c,The location must be listed as: 4622 Pennsylvania Avenue Suite 930 Kansas City MO 64112,,matchOnce,must be present,,,non_compliant,Block Requirements,,,true,0,,2026-08-16
"Block Real Estate Services, LLC",6a186073907a70f1cb1586ed,69fded1e62446148bd8490cf,Pulse Design Group,69fdf15ebf1df2fe9692af51,"tic001 - 46 Penn Centre {46 PC Investors, LLC}",evidenceOfInsurance,Evidence of Insurance,6ac20aae-5728-5d57-b364-aeba38527dba,Additional Requirements,3649e9d1-4e09-59bf-8f30-cb33c40cf117,"Certificate Holder must read: c/o Block Real Estate Services, LLC, 4622 Pennsylvania St., Suite 700, Kansas City, MO, 64112",,matchOnce,must be present,,,non_compliant,Block Requirements,,,true,0,,2026-08-16
"Block Real Estate Services, LLC",6a1860b1907a70f1cb158721,69fded1f62446148bd84911a,RSM US LLP,69fdf15ebf1df2fe9692af51,"tic001 - 46 Penn Centre {46 PC Investors, LLC}",evidenceOfInsurance,Evidence of Insurance,commercialGeneralLiability,Commercial General Liability,evidenceOfInsuranceCommercialGeneralLiabilityCoverageTriggerOccurrence,Coverage Trigger: Occurrence,,matchOnce,must be present,,,non_compliant,Block Requirements,,,false,0,,2026-08-16
"Block Real Estate Services, LLC",6a1860b1907a70f1cb158721,69fded1f62446148bd84911a,RSM US LLP,69fdf15ebf1df2fe9692af51,"tic001 - 46 Penn Centre {46 PC Investors, LLC}",evidenceOfInsurance,Evidence of Insurance,commercialGeneralLiability,Commercial General Liability,evidenceOfInsuranceCommercialGeneralLiabilityGeneralAggregateLimitAppliesPerLocation,General Aggregate Limit Applies per: Location,,matchOnce,must be present,,,non_compliant,Block Requirements,,,false,0,,2026-08-16
"Block Real Estate Services, LLC",6a1860b1907a70f1cb158721,69fded1f62446148bd84911a,RSM US LLP,69fdf15ebf1df2fe9692af51,"tic001 - 46 Penn Centre {46 PC Investors, LLC}",evidenceOfInsurance,Evidence of Insurance,commercialGeneralLiability,Commercial General Liability,evidenceOfInsuranceCommercialGeneralLiabilityEachOccurrence,Each Occurrence,,matchOnce,must be greater or equal to,1000000,,non_compliant,Block Requirements,,,false,0,,2026-08-16
"Block Real Estate Services, LLC",6a1860b1907a70f1cb158721,69fded1f62446148bd84911a,RSM US LLP,69fdf15ebf1df2fe9692af51,"tic001 - 46 Penn Centre {46 PC Investors, LLC}",evidenceOfInsurance,Evidence of Insurance,commercialGeneralLiability,Commercial General Liability,evidenceOfInsuranceCommercialGeneralLiabilityGeneralAggregate,General Aggregate,,matchOnce,must be greater or equal to,2000000,,non_compliant,Block Requirements,,,false,0,,2026-08-16
"Block Real Estate Services, LLC",6a1860b1907a70f1cb158721,69fded1f62446148bd84911a,RSM US LLP,69fdf15ebf1df2fe9692af51,"tic001 - 46 Penn Centre {46 PC Investors, LLC}",evidenceOfInsurance,Evidence of Insurance,commercialGeneralLiability,Commercial General Liability,evidenceOfInsuranceCommercialGeneralLiabilityWaiverOfSubrogationEndorsement,Waiver of Subrogation,"---prompt---
Determine if the insurer has waived their right of subrogation in favor of the certificate holder under the Commercial General Liability policy. Evidence may include: a checked ""Waiver of Subrogation"" box on the certificate, mention in the Description of Operations section stating ""waiver of subrogation applies"", or reference to form CG 24 04. Look for language like ""subrogation is waived"" or ""per written contract"".",matchOnce,must be present,,,non_compliant,Block Requirements,,,false,0,,2026-08-16
"Block Real Estate Services, LLC",6a1860b1907a70f1cb158721,69fded1f62446148bd84911a,RSM US LLP,69fdf15ebf1df2fe9692af51,"tic001 - 46 Penn Centre {46 PC Investors, LLC}",evidenceOfInsurance,Evidence of Insurance,excessOrUmbrellaLiability,Umbrella/Excess Liability,evidenceOfInsuranceExcessOrUmbrellaLiabilityOccurence,Coverage Trigger: Occurrence,,matchOnce,must be present,,,non_compliant,Block Requirements,,,false,0,,2026-08-16
"Block Real Estate Services, LLC",6a1860b1907a70f1cb158721,69fded1f62446148bd84911a,RSM US LLP,69fdf15ebf1df2fe9692af51,"tic001 - 46 Penn Centre {46 PC Investors, LLC}",evidenceOfInsurance,Evidence of Insurance,excessOrUmbrellaLiability,Umbrella/Excess Liability,evidenceOfInsuranceExcessOrUmbrellaLiabilityEachOccurrence,Each Occurrence,,matchOnce,must be greater or equal to,1000000,,non_compliant,Block Requirements,,,false,0,,2026-08-16
"Block Real Estate Services, LLC",6a1860b1907a70f1cb158721,69fded1f62446148bd84911a,RSM US LLP,69fdf15ebf1df2fe9692af51,"tic001 - 46 Penn Centre {46 PC Investors, LLC}",evidenceOfInsurance,Evidence of Insurance,excessOrUmbrellaLiability,Umbrella/Excess Liability,evidenceOfInsuranceExcessOrUmbrellaLiabilityAggregate,Aggregate,,matchOnce,must be greater or equal to,1000000,,non_compliant,Block Requirements,,,false,0,,2026-08-16
"Block Real Estate Services, LLC",6a1860b1907a70f1cb158721,69fded1f62446148bd84911a,RSM US LLP,69fdf15ebf1df2fe9692af51,"tic001 - 46 Penn Centre {46 PC Investors, LLC}",evidenceOfInsurance,Evidence of Insurance,workersCompensation,Workers' Compensation and Employer's Liability,evidenceOfInsuranceWorkersCompensationStatutoryLimits,Statutory Limits,,matchOnce,must be present,,,non_compliant,Block Requirements,,,false,0,,2026-08-16
"Block Real Estate Services, LLC",6a1860b1907a70f1cb158721,69fded1f62446148bd84911a,RSM US LLP,69fdf15ebf1df2fe9692af51,"tic001 - 46 Penn Centre {46 PC Investors, LLC}",evidenceOfInsurance,Evidence of Insurance,workersCompensation,Workers' Compensation and Employer's Liability,evidenceOfInsuranceWorkersCompensationEmployersLiabilityEachAccident,Employer's Liability Each Accident,,matchOnce,must be greater or equal to,500000,,non_compliant,Block Requirements,,,false,0,,2026-08-16
"Block Real Estate Services, LLC",6a1860b1907a70f1cb158721,69fded1f62446148bd84911a,RSM US LLP,69fdf15ebf1df2fe9692af51,"tic001 - 46 Penn Centre {46 PC Investors, LLC}",evidenceOfInsurance,Evidence of Insurance,workersCompensation,Workers' Compensation and Employer's Liability,evidenceOfInsuranceWorkersCompensationEmployersLiabilityDiseaseEachEmployee,Employer's Liability Disease - each employee,,matchOnce,must be greater or equal to,500000,,non_compliant,Block Requirements,,,false,0,,2026-08-16
"Block Real Estate Services, LLC",6a1860b1907a70f1cb158721,69fded1f62446148bd84911a,RSM US LLP,69fdf15ebf1df2fe9692af51,"tic001 - 46 Penn Centre {46 PC Investors, LLC}",evidenceOfInsurance,Evidence of Insurance,workersCompensation,Workers' Compensation and Employer's Liability,evidenceOfInsuranceWorkersCompensationEmployersLiabilityDiseasePolicyLimit,Employer's Liability Disease - policy limit,,matchOnce,must be greater or equal to,500000,,non_compliant,Block Requirements,,,false,0,,2026-08-16
"Block Real Estate Services, LLC",6a1860b1907a70f1cb158721,69fded1f62446148bd84911a,RSM US LLP,69fdf15ebf1df2fe9692af51,"tic001 - 46 Penn Centre {46 PC Investors, LLC}",evidenceOfInsurance,Evidence of Insurance,workersCompensation,Workers' Compensation and Employer's Liability,evidenceOfInsuranceWorkersCompensationWaiverOfSubrogationEndorsement,Waiver of Subrogation,"---prompt---
Determine if the insurer has waived their right of subrogation in favor of the certificate holder under the Workers' Compensation policy. Evidence may include: a checked ""Waiver of Subrogation"" box on the certificate, mention in the Description of Operations section stating ""waiver of subrogation applies"", or reference to form WC 00 03 13. Look for language like ""subrogation is waived"" or ""per written contract"".",matchOnce,must be present,,,non_compliant,Block Requirements,,,false,0,,2026-08-16
"Block Real Estate Services, LLC",6a1860b1907a70f1cb158721,69fded1f62446148bd84911a,RSM US LLP,69fdf15ebf1df2fe9692af51,"tic001 - 46 Penn Centre {46 PC Investors, LLC}",evidenceOfInsurance,Evidence of Insurance,6ac20aae-5728-5d57-b364-aeba38527dba,Additional Requirements,4da5b0f1-4c9d-5885-8cf8-5d3cccaed3e0,"Block Real Estate Services, LLC and all others required by contract are named as Additional Insureds","---prompt---
Determine if the Description of Operations or the Additional Remarks Schedule section states the ""Additional Insured as Construction Management, Inc. and all others required by contract"" or reference to blanket additional insured coverage. Look for language like ""certificate holder is additional insured"" or ""per written contract"".",matchOnce,must be present,,,non_compliant,Block Requirements,,,true,0,,2026-08-16
"Block Real Estate Services, LLC",6a1860b1907a70f1cb158721,69fded1f62446148bd84911a,RSM US LLP,69fdf15ebf1df2fe9692af51,"tic001 - 46 Penn Centre {46 PC Investors, LLC}",evidenceOfInsurance,Evidence of Insurance,6ac20aae-5728-5d57-b364-aeba38527dba,Additional Requirements,e1017741-e47e-5f58-97b8-fbc3043e919f,Umbrella follows form over General Liability,"---prompt---
Determine if the Umbrella/Excess Liability policy follows form to the underlying policies. Evidence may include: language in the Description of Operations section stating the umbrella follows form to underlying coverages or an additional page endorsement stating that it follows form. Follow form means the umbrella policy adopts the same terms, conditions, and exclusions as the underlying policies.",matchOnce,must be present,,,non_compliant,Block Requirements,,,true,0,,2026-08-16
"Block Real Estate Services, LLC",6a1860b1907a70f1cb158721,69fded1f62446148bd84911a,RSM US LLP,69fdf15ebf1df2fe9692af51,"tic001 - 46 Penn Centre {46 PC Investors, LLC}",evidenceOfInsurance,Evidence of Insurance,6ac20aae-5728-5d57-b364-aeba38527dba,Additional Requirements,2cdd866f-c9a4-576a-afd8-1d045762790c,The location must be listed as: 4622 Pennsylvania Avenue Suite 1000 Kansas City MO 64112,,matchOnce,must be present,,,non_compliant,Block Requirements,,,true,0,,2026-08-16
"Block Real Estate Services, LLC",6a1860b1907a70f1cb158721,69fded1f62446148bd84911a,RSM US LLP,69fdf15ebf1df2fe9692af51,"tic001 - 46 Penn Centre {46 PC Investors, LLC}",evidenceOfInsurance,Evidence of Insurance,6ac20aae-5728-5d57-b364-aeba38527dba,Additional Requirements,3649e9d1-4e09-59bf-8f30-cb33c40cf117,"Certificate Holder must read: c/o Block Real Estate Services, LLC, 4622 Pennsylvania St., Suite 700, Kansas City, MO, 64112",,matchOnce,must be present,,,non_compliant,Block Requirements,,,true,0,,2026-08-16
"Block Real Estate Services, LLC",6a186116907a70f1cb158832,6a186100b517ae25a87b054a,CrossFirst Bank,69fdf15ebf1df2fe9692af51,"tic001 - 46 Penn Centre {46 PC Investors, LLC}",evidenceOfInsurance,Evidence of Insurance,commercialGeneralLiability,Commercial General Liability,evidenceOfInsuranceCommercialGeneralLiabilityCoverageTriggerOccurrence,Coverage Trigger: Occurrence,,matchOnce,must be present,,,non_compliant,Block Requirements,,,false,0,,2026-08-16
"Block Real Estate Services, LLC",6a186116907a70f1cb158832,6a186100b517ae25a87b054a,CrossFirst Bank,69fdf15ebf1df2fe9692af51,"tic001 - 46 Penn Centre {46 PC Investors, LLC}",evidenceOfInsurance,Evidence of Insurance,commercialGeneralLiability,Commercial General Liability,evidenceOfInsuranceCommercialGeneralLiabilityGeneralAggregateLimitAppliesPerLocation,General Aggregate Limit Applies per: Location,,matchOnce,must be present,,,non_compliant,Block Requirements,,,false,0,,2026-08-16
"Block Real Estate Services, LLC",6a186116907a70f1cb158832,6a186100b517ae25a87b054a,CrossFirst Bank,69fdf15ebf1df2fe9692af51,"tic001 - 46 Penn Centre {46 PC Investors, LLC}",evidenceOfInsurance,Evidence of Insurance,commercialGeneralLiability,Commercial General Liability,evidenceOfInsuranceCommercialGeneralLiabilityEachOccurrence,Each Occurrence,,matchOnce,must be greater or equal to,1000000,,non_compliant,Block Requirements,,,false,0,,2026-08-16
"Block Real Estate Services, LLC",6a186116907a70f1cb158832,6a186100b517ae25a87b054a,CrossFirst Bank,69fdf15ebf1df2fe9692af51,"tic001 - 46 Penn Centre {46 PC Investors, LLC}",evidenceOfInsurance,Evidence of Insurance,commercialGeneralLiability,Commercial General Liability,evidenceOfInsuranceCommercialGeneralLiabilityGeneralAggregate,General Aggregate,,matchOnce,must be greater or equal to,2000000,,non_compliant,Block Requirements,,,false,0,,2026-08-16
"Block Real Estate Services, LLC",6a186116907a70f1cb158832,6a186100b517ae25a87b054a,CrossFirst Bank,69fdf15ebf1df2fe9692af51,"tic001 - 46 Penn Centre {46 PC Investors, LLC}",evidenceOfInsurance,Evidence of Insurance,commercialGeneralLiability,Commercial General Liability,evidenceOfInsuranceCommercialGeneralLiabilityWaiverOfSubrogationEndorsement,Waiver of Subrogation,"---prompt---
Determine if the insurer has waived their right of subrogation in favor of the certificate holder under the Commercial General Liability policy. Evidence may include: a checked ""Waiver of Subrogation"" box on the certificate, mention in the Description of Operations section stating ""waiver of subrogation applies"", or reference to form CG 24 04. Look for language like ""subrogation is waived"" or ""per written contract"".",matchOnce,must be present,,,non_compliant,Block Requirements,,,false,0,,2026-08-16
"Block Real Estate Services, LLC",6a186116907a70f1cb158832,6a186100b517ae25a87b054a,CrossFirst Bank,69fdf15ebf1df2fe9692af51,"tic001 - 46 Penn Centre {46 PC Investors, LLC}",evidenceOfInsurance,Evidence of Insurance,excessOrUmbrellaLiability,Umbrella/Excess Liability,evidenceOfInsuranceExcessOrUmbrellaLiabilityOccurence,Coverage Trigger: Occurrence,,matchOnce,must be present,,,non_compliant,Block Requirements,,,false,0,,2026-08-16
"Block Real Estate Services, LLC",6a186116907a70f1cb158832,6a186100b517ae25a87b054a,CrossFirst Bank,69fdf15ebf1df2fe9692af51,"tic001 - 46 Penn Centre {46 PC Investors, LLC}",evidenceOfInsurance,Evidence of Insurance,excessOrUmbrellaLiability,Umbrella/Excess Liability,evidenceOfInsuranceExcessOrUmbrellaLiabilityEachOccurrence,Each Occurrence,,matchOnce,must be greater or equal to,1000000,,non_compliant,Block Requirements,,,false,0,,2026-08-16
"Block Real Estate Services, LLC",6a186116907a70f1cb158832,6a186100b517ae25a87b054a,CrossFirst Bank,69fdf15ebf1df2fe9692af51,"tic001 - 46 Penn Centre {46 PC Investors, LLC}",evidenceOfInsurance,Evidence of Insurance,excessOrUmbrellaLiability,Umbrella/Excess Liability,evidenceOfInsuranceExcessOrUmbrellaLiabilityAggregate,Aggregate,,matchOnce,must be greater or equal to,1000000,,non_compliant,Block Requirements,,,false,0,,2026-08-16
"Block Real Estate Services, LLC",6a186116907a70f1cb158832,6a186100b517ae25a87b054a,CrossFirst Bank,69fdf15ebf1df2fe9692af51,"tic001 - 46 Penn Centre {46 PC Investors, LLC}",evidenceOfInsurance,Evidence of Insurance,workersCompensation,Workers' Compensation and Employer's Liability,evidenceOfInsuranceWorkersCompensationStatutoryLimits,Statutory Limits,,matchOnce,must be present,,,non_compliant,Block Requirements,,,false,0,,2026-08-16
"Block Real Estate Services, LLC",6a186116907a70f1cb158832,6a186100b517ae25a87b054a,CrossFirst Bank,69fdf15ebf1df2fe9692af51,"tic001 - 46 Penn Centre {46 PC Investors, LLC}",evidenceOfInsurance,Evidence of Insurance,workersCompensation,Workers' Compensation and Employer's Liability,evidenceOfInsuranceWorkersCompensationEmployersLiabilityEachAccident,Employer's Liability Each Accident,,matchOnce,must be greater or equal to,500000,,non_compliant,Block Requirements,,,false,0,,2026-08-16
"Block Real Estate Services, LLC",6a186116907a70f1cb158832,6a186100b517ae25a87b054a,CrossFirst Bank,69fdf15ebf1df2fe9692af51,"tic001 - 46 Penn Centre {46 PC Investors, LLC}",evidenceOfInsurance,Evidence of Insurance,workersCompensation,Workers' Compensation and Employer's Liability,evidenceOfInsuranceWorkersCompensationEmployersLiabilityDiseaseEachEmployee,Employer's Liability Disease - each employee,,matchOnce,must be greater or equal to,500000,,non_compliant,Block Requirements,,,false,0,,2026-08-16
"Block Real Estate Services, LLC",6a186116907a70f1cb158832,6a186100b517ae25a87b054a,CrossFirst Bank,69fdf15ebf1df2fe9692af51,"tic001 - 46 Penn Centre {46 PC Investors, LLC}",evidenceOfInsurance,Evidence of Insurance,workersCompensation,Workers' Compensation and Employer's Liability,evidenceOfInsuranceWorkersCompensationEmployersLiabilityDiseasePolicyLimit,Employer's Liability Disease - policy limit,,matchOnce,must be greater or equal to,500000,,non_compliant,Block Requirements,,,false,0,,2026-08-16
"Block Real Estate Services, LLC",6a186116907a70f1cb158832,6a186100b517ae25a87b054a,CrossFirst Bank,69fdf15ebf1df2fe9692af51,"tic001 - 46 Penn Centre {46 PC Investors, LLC}",evidenceOfInsurance,Evidence of Insurance,workersCompensation,Workers' Compensation and Employer's Liability,evidenceOfInsuranceWorkersCompensationWaiverOfSubrogationEndorsement,Waiver of Subrogation,"---prompt---
Determine if the insurer has waived their right of subrogation in favor of the certificate holder under the Workers' Compensation policy. Evidence may include: a checked ""Waiver of Subrogation"" box on the certificate, mention in the Description of Operations section stating ""waiver of subrogation applies"", or reference to form WC 00 03 13. Look for language like ""subrogation is waived"" or ""per written contract"".",matchOnce,must be present,,,non_compliant,Block Requirements,,,false,0,,2026-08-16
"Block Real Estate Services, LLC",6a186116907a70f1cb158832,6a186100b517ae25a87b054a,CrossFirst Bank,69fdf15ebf1df2fe9692af51,"tic001 - 46 Penn Centre {46 PC Investors, LLC}",evidenceOfInsurance,Evidence of Insurance,6ac20aae-5728-5d57-b364-aeba38527dba,Additional Requirements,4da5b0f1-4c9d-5885-8cf8-5d3cccaed3e0,"Block Real Estate Services, LLC and all others required by contract are named as Additional Insureds","---prompt---
Determine if the Description of Operations or the Additional Remarks Schedule section states the ""Additional Insured as Construction Management, Inc. and all others required by contract"" or reference to blanket additional insured coverage. Look for language like ""certificate holder is additional insured"" or ""per written contract"".",matchOnce,must be present,,,non_compliant,Block Requirements,,,true,0,,2026-08-16
"Block Real Estate Services, LLC",6a186116907a70f1cb158832,6a186100b517ae25a87b054a,CrossFirst Bank,69fdf15ebf1df2fe9692af51,"tic001 - 46 Penn Centre {46 PC Investors, LLC}",evidenceOfInsurance,Evidence of Insurance,6ac20aae-5728-5d57-b364-aeba38527dba,Additional Requirements,e1017741-e47e-5f58-97b8-fbc3043e919f,Umbrella follows form over General Liability,"---prompt---
Determine if the Umbrella/Excess Liability policy follows form to the underlying policies. Evidence may include: language in the Description of Operations section stating the umbrella follows form to underlying coverages or an additional page endorsement stating that it follows form. Follow form means the umbrella policy adopts the same terms, conditions, and exclusions as the underlying policies.",matchOnce,must be present,,,non_compliant,Block Requirements,,,true,0,,2026-08-16
"Block Real Estate Services, LLC",6a186116907a70f1cb158832,6a186100b517ae25a87b054a,CrossFirst Bank,69fdf15ebf1df2fe9692af51,"tic001 - 46 Penn Centre {46 PC Investors, LLC}",evidenceOfInsurance,Evidence of Insurance,6ac20aae-5728-5d57-b364-aeba38527dba,Additional Requirements,2cdd866f-c9a4-576a-afd8-1d045762790c,The location must be listed as: 4622 Pennsylvania Avenue Suite 100 Kansas City MO 64112,,matchOnce,must be present,,,non_compliant,Block Requirements,,,true,0,,2026-08-16
"Block Real Estate Services, LLC",6a186116907a70f1cb158832,6a186100b517ae25a87b054a,CrossFirst Bank,69fdf15ebf1df2fe9692af51,"tic001 - 46 Penn Centre {46 PC Investors, LLC}",evidenceOfInsurance,Evidence of Insurance,6ac20aae-5728-5d57-b364-aeba38527dba,Additional Requirements,3649e9d1-4e09-59bf-8f30-cb33c40cf117,"Certificate Holder must read: c/o Block Real Estate Services, LLC, 4622 Pennsylvania St., Suite 700, Kansas City, MO, 64112",,matchOnce,must be present,,,non_compliant,Block Requirements,,,true,0,,2026-08-16
"Block Real Estate Services, LLC",6a186116907a70f1cb158833,6a186100b517ae25a87b054a,CrossFirst Bank,69fdf15ebf1df2fe9692af51,"tic001 - 46 Penn Centre {46 PC Investors, LLC}",evidenceOfInsurance,Evidence of Insurance,commercialGeneralLiability,Commercial General Liability,evidenceOfInsuranceCommercialGeneralLiabilityCoverageTriggerOccurrence,Coverage Trigger: Occurrence,,matchOnce,must be present,,,non_compliant,Block Requirements,,,false,0,,2026-08-16
"Block Real Estate Services, LLC",6a186116907a70f1cb158833,6a186100b517ae25a87b054a,CrossFirst Bank,69fdf15ebf1df2fe9692af51,"tic001 - 46 Penn Centre {46 PC Investors, LLC}",evidenceOfInsurance,Evidence of Insurance,commercialGeneralLiability,Commercial General Liability,evidenceOfInsuranceCommercialGeneralLiabilityGeneralAggregateLimitAppliesPerLocation,General Aggregate Limit Applies per: Location,,matchOnce,must be present,,,non_compliant,Block Requirements,,,false,0,,2026-08-16
"Block Real Estate Services, LLC",6a186116907a70f1cb158833,6a186100b517ae25a87b054a,CrossFirst Bank,69fdf15ebf1df2fe9692af51,"tic001 - 46 Penn Centre {46 PC Investors, LLC}",evidenceOfInsurance,Evidence of Insurance,commercialGeneralLiability,Commercial General Liability,evidenceOfInsuranceCommercialGeneralLiabilityEachOccurrence,Each Occurrence,,matchOnce,must be greater or equal to,1000000,,non_compliant,Block Requirements,,,false,0,,2026-08-16
"Block Real Estate Services, LLC",6a186116907a70f1cb158833,6a186100b517ae25a87b054a,CrossFirst Bank,69fdf15ebf1df2fe9692af51,"tic001 - 46 Penn Centre {46 PC Investors, LLC}",evidenceOfInsurance,Evidence of Insurance,commercialGeneralLiability,Commercial General Liability,evidenceOfInsuranceCommercialGeneralLiabilityGeneralAggregate,General Aggregate,,matchOnce,must be greater or equal to,2000000,,non_compliant,Block Requirements,,,false,0,,2026-08-16
"Block Real Estate Services, LLC",6a186116907a70f1cb158833,6a186100b517ae25a87b054a,CrossFirst Bank,69fdf15ebf1df2fe9692af51,"tic001 - 46 Penn Centre {46 PC Investors, LLC}",evidenceOfInsurance,Evidence of Insurance,commercialGeneralLiability,Commercial General Liability,evidenceOfInsuranceCommercialGeneralLiabilityWaiverOfSubrogationEndorsement,Waiver of Subrogation,"---prompt---
Determine if the insurer has waived their right of subrogation in favor of the certificate holder under the Commercial General Liability policy. Evidence may include: a checked ""Waiver of Subrogation"" box on the certificate, mention in the Description of Operations section stating ""waiver of subrogation applies"", or reference to form CG 24 04. Look for language like ""subrogation is waived"" or ""per written contract"".",matchOnce,must be present,,,non_compliant,Block Requirements,,,false,0,,2026-08-16
"Block Real Estate Services, LLC",6a186116907a70f1cb158833,6a186100b517ae25a87b054a,CrossFirst Bank,69fdf15ebf1df2fe9692af51,"tic001 - 46 Penn Centre {46 PC Investors, LLC}",evidenceOfInsurance,Evidence of Insurance,excessOrUmbrellaLiability,Umbrella/Excess Liability,evidenceOfInsuranceExcessOrUmbrellaLiabilityOccurence,Coverage Trigger: Occurrence,,matchOnce,must be present,,,non_compliant,Block Requirements,,,false,0,,2026-08-16
"Block Real Estate Services, LLC",6a186116907a70f1cb158833,6a186100b517ae25a87b054a,CrossFirst Bank,69fdf15ebf1df2fe9692af51,"tic001 - 46 Penn Centre {46 PC Investors, LLC}",evidenceOfInsurance,Evidence of Insurance,excessOrUmbrellaLiability,Umbrella/Excess Liability,evidenceOfInsuranceExcessOrUmbrellaLiabilityEachOccurrence,Each Occurrence,,matchOnce,must be greater or equal to,1000000,,non_compliant,Block Requirements,,,false,0,,2026-08-16
"Block Real Estate Services, LLC",6a186116907a70f1cb158833,6a186100b517ae25a87b054a,CrossFirst Bank,69fdf15ebf1df2fe9692af51,"tic001 - 46 Penn Centre {46 PC Investors, LLC}",evidenceOfInsurance,Evidence of Insurance,excessOrUmbrellaLiability,Umbrella/Excess Liability,evidenceOfInsuranceExcessOrUmbrellaLiabilityAggregate,Aggregate,,matchOnce,must be greater or equal to,1000000,,non_compliant,Block Requirements,,,false,0,,2026-08-16
"Block Real Estate Services, LLC",6a186116907a70f1cb158833,6a186100b517ae25a87b054a,CrossFirst Bank,69fdf15ebf1df2fe9692af51,"tic001 - 46 Penn Centre {46 PC Investors, LLC}",evidenceOfInsurance,Evidence of Insurance,workersCompensation,Workers' Compensation and Employer's Liability,evidenceOfInsuranceWorkersCompensationStatutoryLimits,Statutory Limits,,matchOnce,must be present,,,non_compliant,Block Requirements,,,false,0,,2026-08-16
"Block Real Estate Services, LLC",6a186116907a70f1cb158833,6a186100b517ae25a87b054a,CrossFirst Bank,69fdf15ebf1df2fe9692af51,"tic001 - 46 Penn Centre {46 PC Investors, LLC}",evidenceOfInsurance,Evidence of Insurance,workersCompensation,Workers' Compensation and Employer's Liability,evidenceOfInsuranceWorkersCompensationEmployersLiabilityEachAccident,Employer's Liability Each Accident,,matchOnce,must be greater or equal to,500000,,non_compliant,Block Requirements,,,false,0,,2026-08-16
"Block Real Estate Services, LLC",6a186116907a70f1cb158833,6a186100b517ae25a87b054a,CrossFirst Bank,69fdf15ebf1df2fe9692af51,"tic001 - 46 Penn Centre {46 PC Investors, LLC}",evidenceOfInsurance,Evidence of Insurance,workersCompensation,Workers' Compensation and Employer's Liability,evidenceOfInsuranceWorkersCompensationEmployersLiabilityDiseaseEachEmployee,Employer's Liability Disease - each employee,,matchOnce,must be greater or equal to,500000,,non_compliant,Block Requirements,,,false,0,,2026-08-16
"Block Real Estate Services, LLC",6a186116907a70f1cb158833,6a186100b517ae25a87b054a,CrossFirst Bank,69fdf15ebf1df2fe9692af51,"tic001 - 46 Penn Centre {46 PC Investors, LLC}",evidenceOfInsurance,Evidence of Insurance,workersCompensation,Workers' Compensation and Employer's Liability,evidenceOfInsuranceWorkersCompensationEmployersLiabilityDiseasePolicyLimit,Employer's Liability Disease - policy limit,,matchOnce,must be greater or equal to,500000,,non_compliant,Block Requirements,,,false,0,,2026-08-16
"Block Real Estate Services, LLC",6a186116907a70f1cb158833,6a186100b517ae25a87b054a,CrossFirst Bank,69fdf15ebf1df2fe9692af51,"tic001 - 46 Penn Centre {46 PC Investors, LLC}",evidenceOfInsurance,Evidence of Insurance,workersCompensation,Workers' Compensation and Employer's Liability,evidenceOfInsuranceWorkersCompensationWaiverOfSubrogationEndorsement,Waiver of Subrogation,"---prompt---
Determine if the insurer has waived their right of subrogation in favor of the certificate holder under the Workers' Compensation policy. Evidence may include: a checked ""Waiver of Subrogation"" box on the certificate, mention in the Description of Operations section stating ""waiver of subrogation applies"", or reference to form WC 00 03 13. Look for language like ""subrogation is waived"" or ""per written contract"".",matchOnce,must be present,,,non_compliant,Block Requirements,,,false,0,,2026-08-16
"Block Real Estate Services, LLC",6a186116907a70f1cb158833,6a186100b517ae25a87b054a,CrossFirst Bank,69fdf15ebf1df2fe9692af51,"tic001 - 46 Penn Centre {46 PC Investors, LLC}",evidenceOfInsurance,Evidence of Insurance,6ac20aae-5728-5d57-b364-aeba38527dba,Additional Requirements,4da5b0f1-4c9d-5885-8cf8-5d3cccaed3e0,"Block Real Estate Services, LLC and all others required by contract are named as Additional Insureds","---prompt---
Determine if the Description of Operations or the Additional Remarks Schedule section states the ""Additional Insured as Construction Management, Inc. and all others required by contract"" or reference to blanket additional insured coverage. Look for language like ""certificate holder is additional insured"" or ""per written contract"".",matchOnce,must be present,,,non_compliant,Block Requirements,,,true,0,,2026-08-16
"Block Real Estate Services, LLC",6a186116907a70f1cb158833,6a186100b517ae25a87b054a,CrossFirst Bank,69fdf15ebf1df2fe9692af51,"tic001 - 46 Penn Centre {46 PC Investors, LLC}",evidenceOfInsurance,Evidence of Insurance,6ac20aae-5728-5d57-b364-aeba38527dba,Additional Requirements,e1017741-e47e-5f58-97b8-fbc3043e919f,Umbrella follows form over General Liability,"---prompt---
Determine if the Umbrella/Excess Liability policy follows form to the underlying policies. Evidence may include: language in the Description of Operations section stating the umbrella follows form to underlying coverages or an additional page endorsement stating that it follows form. Follow form means the umbrella policy adopts the same terms, conditions, and exclusions as the underlying policies.",matchOnce,must be present,,,non_compliant,Block Requirements,,,true,0,,2026-08-16
"Block Real Estate Services, LLC",6a186116907a70f1cb158833,6a186100b517ae25a87b054a,CrossFirst Bank,69fdf15ebf1df2fe9692af51,"tic001 - 46 Penn Centre {46 PC Investors, LLC}",evidenceOfInsurance,Evidence of Insurance,6ac20aae-5728-5d57-b364-aeba38527dba,Additional Requirements,2cdd866f-c9a4-576a-afd8-1d045762790c,The location must be listed as: 4622 Pennsylvania Avenue Suite 1500 Kansas City MO 64112,,matchOnce,must be present,,,non_compliant,Block Requirements,,,true,0,,2026-08-16
"Block Real Estate Services, LLC",6a186116907a70f1cb158833,6a186100b517ae25a87b054a,CrossFirst Bank,69fdf15ebf1df2fe9692af51,"tic001 - 46 Penn Centre {46 PC Investors, LLC}",evidenceOfInsurance,Evidence of Insurance,6ac20aae-5728-5d57-b364-aeba38527dba,Additional Requirements,3649e9d1-4e09-59bf-8f30-cb33c40cf117,"Certificate Holder must read: c/o Block Real Estate Services, LLC, 4622 Pennsylvania St., Suite 700, Kansas City, MO, 64112",,matchOnce,must be present,,,non_compliant,Block Requirements,,,true,0,,2026-08-16
"Block Real Estate Services, LLC",6a186157dbcac4598a698988,6a18614617ab90e8a02de8cb,"Prime Social / OPKC, LLC",69fdf15ebf1df2fe9692af51,"tic001 - 46 Penn Centre {46 PC Investors, LLC}",evidenceOfInsurance,Evidence of Insurance,commercialGeneralLiability,Commercial General Liability,evidenceOfInsuranceCommercialGeneralLiabilityCoverageTriggerOccurrence,Coverage Trigger: Occurrence,,matchOnce,must be present,,,non_compliant,Block Requirements,,,false,0,,2026-08-16
"Block Real Estate Services, LLC",6a186157dbcac4598a698988,6a18614617ab90e8a02de8cb,"Prime Social / OPKC, LLC",69fdf15ebf1df2fe9692af51,"tic001 - 46 Penn Centre {46 PC Investors, LLC}",evidenceOfInsurance,Evidence of Insurance,commercialGeneralLiability,Commercial General Liability,evidenceOfInsuranceCommercialGeneralLiabilityGeneralAggregateLimitAppliesPerLocation,General Aggregate Limit Applies per: Location,,matchOnce,must be present,,,non_compliant,Block Requirements,,,false,0,,2026-08-16
"Block Real Estate Services, LLC",6a186157dbcac4598a698988,6a18614617ab90e8a02de8cb,"Prime Social / OPKC, LLC",69fdf15ebf1df2fe9692af51,"tic001 - 46 Penn Centre {46 PC Investors, LLC}",evidenceOfInsurance,Evidence of Insurance,commercialGeneralLiability,Commercial General Liability,evidenceOfInsuranceCommercialGeneralLiabilityEachOccurrence,Each Occurrence,,matchOnce,must be greater or equal to,1000000,,non_compliant,Block Requirements,,,false,0,,2026-08-16
"Block Real Estate Services, LLC",6a186157dbcac4598a698988,6a18614617ab90e8a02de8cb,"Prime Social / OPKC, LLC",69fdf15ebf1df2fe9692af51,"tic001 - 46 Penn Centre {46 PC Investors, LLC}",evidenceOfInsurance,Evidence of Insurance,commercialGeneralLiability,Commercial General Liability,evidenceOfInsuranceCommercialGeneralLiabilityGeneralAggregate,General Aggregate,,matchOnce,must be greater or equal to,2000000,,non_compliant,Block Requirements,,,false,0,,2026-08-16
"Block Real Estate Services, LLC",6a186157dbcac4598a698988,6a18614617ab90e8a02de8cb,"Prime Social / OPKC, LLC",69fdf15ebf1df2fe9692af51,"tic001 - 46 Penn Centre {46 PC Investors, LLC}",evidenceOfInsurance,Evidence of Insurance,commercialGeneralLiability,Commercial General Liability,evidenceOfInsuranceCommercialGeneralLiabilityWaiverOfSubrogationEndorsement,Waiver of Subrogation,"---prompt---
Determine if the insurer has waived their right of subrogation in favor of the certificate holder under the Commercial General Liability policy. Evidence may include: a checked ""Waiver of Subrogation"" box on the certificate, mention in the Description of Operations section stating ""waiver of subrogation applies"", or reference to form CG 24 04. Look for language like ""subrogation is waived"" or ""per written contract"".",matchOnce,must be present,,,non_compliant,Block Requirements,,,false,0,,2026-08-16
"Block Real Estate Services, LLC",6a186157dbcac4598a698988,6a18614617ab90e8a02de8cb,"Prime Social / OPKC, LLC",69fdf15ebf1df2fe9692af51,"tic001 - 46 Penn Centre {46 PC Investors, LLC}",evidenceOfInsurance,Evidence of Insurance,excessOrUmbrellaLiability,Umbrella/Excess Liability,evidenceOfInsuranceExcessOrUmbrellaLiabilityOccurence,Coverage Trigger: Occurrence,,matchOnce,must be present,,,non_compliant,Block Requirements,,,false,0,,2026-08-16
"Block Real Estate Services, LLC",6a186157dbcac4598a698988,6a18614617ab90e8a02de8cb,"Prime Social / OPKC, LLC",69fdf15ebf1df2fe9692af51,"tic001 - 46 Penn Centre {46 PC Investors, LLC}",evidenceOfInsurance,Evidence of Insurance,excessOrUmbrellaLiability,Umbrella/Excess Liability,evidenceOfInsuranceExcessOrUmbrellaLiabilityEachOccurrence,Each Occurrence,,matchOnce,must be greater or equal to,1000000,,non_compliant,Block Requirements,,,false,0,,2026-08-16
"Block Real Estate Services, LLC",6a186157dbcac4598a698988,6a18614617ab90e8a02de8cb,"Prime Social / OPKC, LLC",69fdf15ebf1df2fe9692af51,"tic001 - 46 Penn Centre {46 PC Investors, LLC}",evidenceOfInsurance,Evidence of Insurance,excessOrUmbrellaLiability,Umbrella/Excess Liability,evidenceOfInsuranceExcessOrUmbrellaLiabilityAggregate,Aggregate,,matchOnce,must be greater or equal to,1000000,,non_compliant,Block Requirements,,,false,0,,2026-08-16
"Block Real Estate Services, LLC",6a186157dbcac4598a698988,6a18614617ab90e8a02de8cb,"Prime Social / OPKC, LLC",69fdf15ebf1df2fe9692af51,"tic001 - 46 Penn Centre {46 PC Investors, LLC}",evidenceOfInsurance,Evidence of Insurance,workersCompensation,Workers' Compensation and Employer's Liability,evidenceOfInsuranceWorkersCompensationStatutoryLimits,Statutory Limits,,matchOnce,must be present,,,non_compliant,Block Requirements,,,false,0,,2026-08-16
"Block Real Estate Services, LLC",6a186157dbcac4598a698988,6a18614617ab90e8a02de8cb,"Prime Social / OPKC, LLC",69fdf15ebf1df2fe9692af51,"tic001 - 46 Penn Centre {46 PC Investors, LLC}",evidenceOfInsurance,Evidence of Insurance,workersCompensation,Workers' Compensation and Employer's Liability,evidenceOfInsuranceWorkersCompensationEmployersLiabilityEachAccident,Employer's Liability Each Accident,,matchOnce,must be greater or equal to,500000,,non_compliant,Block Requirements,,,false,0,,2026-08-16
"Block Real Estate Services, LLC",6a186157dbcac4598a698988,6a18614617ab90e8a02de8cb,"Prime Social / OPKC, LLC",69fdf15ebf1df2fe9692af51,"tic001 - 46 Penn Centre {46 PC Investors, LLC}",evidenceOfInsurance,Evidence of Insurance,workersCompensation,Workers' Compensation and Employer's Liability,evidenceOfInsuranceWorkersCompensationEmployersLiabilityDiseaseEachEmployee,Employer's Liability Disease - each employee,,matchOnce,must be greater or equal to,500000,,non_compliant,Block Requirements,,,false,0,,2026-08-16
"Block Real Estate Services, LLC",6a186157dbcac4598a698988,6a18614617ab90e8a02de8cb,"Prime Social / OPKC, LLC",69fdf15ebf1df2fe9692af51,"tic001 - 46 Penn Centre {46 PC Investors, LLC}",evidenceOfInsurance,Evidence of Insurance,workersCompensation,Workers' Compensation and Employer's Liability,evidenceOfInsuranceWorkersCompensationEmployersLiabilityDiseasePolicyLimit,Employer's Liability Disease - policy limit,,matchOnce,must be greater or equal to,500000,,non_compliant,Block Requirements,,,false,0,,2026-08-16
"Block Real Estate Services, LLC",6a186157dbcac4598a698988,6a18614617ab90e8a02de8cb,"Prime Social / OPKC, LLC",69fdf15ebf1df2fe9692af51,"tic001 - 46 Penn Centre {46 PC Investors, LLC}",evidenceOfInsurance,Evidence of Insurance,workersCompensation,Workers' Compensation and Employer's Liability,evidenceOfInsuranceWorkersCompensationWaiverOfSubrogationEndorsement,Waiver of Subrogation,"---prompt---
Determine if the insurer has waived their right of subrogation in favor of the certificate holder under the Workers' Compensation policy. Evidence may include: a checked ""Waiver of Subrogation"" box on the certificate, mention in the Description of Operations section stating ""waiver of subrogation applies"", or reference to form WC 00 03 13. Look for language like ""subrogation is waived"" or ""per written contract"".",matchOnce,must be present,,,non_compliant,Block Requirements,,,false,0,,2026-08-16
"Block Real Estate Services, LLC",6a186157dbcac4598a698988,6a18614617ab90e8a02de8cb,"Prime Social / OPKC, LLC",69fdf15ebf1df2fe9692af51,"tic001 - 46 Penn Centre {46 PC Investors, LLC}",evidenceOfInsurance,Evidence of Insurance,6ac20aae-5728-5d57-b364-aeba38527dba,Additional Requirements,4da5b0f1-4c9d-5885-8cf8-5d3cccaed3e0,"Block Real Estate Services, LLC and all others required by contract are named as Additional Insureds","---prompt---
Determine if the Description of Operations or the Additional Remarks Schedule section states the ""Additional Insured as Construction Management, Inc. and all others required by contract"" or reference to blanket additional insured coverage. Look for language like ""certificate holder is additional insured"" or ""per written contract"".",matchOnce,must be present,,,non_compliant,Block Requirements,,,true,0,,2026-08-16
"Block Real Estate Services, LLC",6a186157dbcac4598a698988,6a18614617ab90e8a02de8cb,"Prime Social / OPKC, LLC",69fdf15ebf1df2fe9692af51,"tic001 - 46 Penn Centre {46 PC Investors, LLC}",evidenceOfInsurance,Evidence of Insurance,6ac20aae-5728-5d57-b364-aeba38527dba,Additional Requirements,e1017741-e47e-5f58-97b8-fbc3043e919f,Umbrella follows form over General Liability,"---prompt---
Determine if the Umbrella/Excess Liability policy follows form to the underlying policies. Evidence may include: language in the Description of Operations section stating the umbrella follows form to underlying coverages or an additional page endorsement stating that it follows form. Follow form means the umbrella policy adopts the same terms, conditions, and exclusions as the underlying policies.",matchOnce,must be present,,,non_compliant,Block Requirements,,,true,0,,2026-08-16
"Block Real Estate Services, LLC",6a186157dbcac4598a698988,6a18614617ab90e8a02de8cb,"Prime Social / OPKC, LLC",69fdf15ebf1df2fe9692af51,"tic001 - 46 Penn Centre {46 PC Investors, LLC}",evidenceOfInsurance,Evidence of Insurance,6ac20aae-5728-5d57-b364-aeba38527dba,Additional Requirements,2cdd866f-c9a4-576a-afd8-1d045762790c,The location must be listed as: 4622 Pennsylvania Avenue Suite 1600 Kansas City MO 64112,,matchOnce,must be present,,,non_compliant,Block Requirements,,,true,0,,2026-08-16
"Block Real Estate Services, LLC",6a186157dbcac4598a698988,6a18614617ab90e8a02de8cb,"Prime Social / OPKC, LLC",69fdf15ebf1df2fe9692af51,"tic001 - 46 Penn Centre {46 PC Investors, LLC}",evidenceOfInsurance,Evidence of Insurance,6ac20aae-5728-5d57-b364-aeba38527dba,Additional Requirements,3649e9d1-4e09-59bf-8f30-cb33c40cf117,"Certificate Holder must read: c/o Block Real Estate Services, LLC, 4622 Pennsylvania St., Suite 700, Kansas City, MO, 64112",,matchOnce,must be present,,,non_compliant,Block Requirements,,,true,0,,2026-08-16
"Block Real Estate Services, LLC",69fdf78062446148bd8587fa,69fded0c62446148bd848aff,"1-800-Pack Rat, LLC",69fdf0b9bf1df2fe9692782f,"pas771 - Paseo Industrial - 1307 Vernon {Paseo Industrial, LLC}",evidenceOfInsurance,Evidence of Insurance,commercialGeneralLiability,Commercial General Liability,evidenceOfInsuranceCommercialGeneralLiabilityCoverageTriggerOccurrence,Coverage Trigger: Occurrence,,matchOnce,must be present,,Present,compliant,Block Requirements,,,false,1,,2026-08-16
"Block Real Estate Services, LLC",69fdf78062446148bd8587fa,69fded0c62446148bd848aff,"1-800-Pack Rat, LLC",69fdf0b9bf1df2fe9692782f,"pas771 - Paseo Industrial - 1307 Vernon {Paseo Industrial, LLC}",evidenceOfInsurance,Evidence of Insurance,commercialGeneralLiability,Commercial General Liability,evidenceOfInsuranceCommercialGeneralLiabilityGeneralAggregateLimitAppliesPerLocation,General Aggregate Limit Applies per: Location,,matchOnce,must be present,,Present,compliant,Block Requirements,,,false,1,,2026-08-16
"Block Real Estate Services, LLC",69fdf78062446148bd8587fa,69fded0c62446148bd848aff,"1-800-Pack Rat, LLC",69fdf0b9bf1df2fe9692782f,"pas771 - Paseo Industrial - 1307 Vernon {Paseo Industrial, LLC}",evidenceOfInsurance,Evidence of Insurance,commercialGeneralLiability,Commercial General Liability,evidenceOfInsuranceCommercialGeneralLiabilityEachOccurrence,Each Occurrence,,matchOnce,must be greater or equal to,1000000,1000000,compliant,Block Requirements,,,false,1,,2026-08-16
"Block Real Estate Services, LLC",69fdf78062446148bd8587fa,69fded0c62446148bd848aff,"1-800-Pack Rat, LLC",69fdf0b9bf1df2fe9692782f,"pas771 - Paseo Industrial - 1307 Vernon {Paseo Industrial, LLC}",evidenceOfInsurance,Evidence of Insurance,commercialGeneralLiability,Commercial General Liability,evidenceOfInsuranceCommercialGeneralLiabilityGeneralAggregate,General Aggregate,,matchOnce,must be greater or equal to,2000000,2000000,compliant,Block Requirements,,,false,1,,2026-08-16
"Block Real Estate Services, LLC",69fdf78062446148bd8587fa,69fded0c62446148bd848aff,"1-800-Pack Rat, LLC",69fdf0b9bf1df2fe9692782f,"pas771 - Paseo Industrial - 1307 Vernon {Paseo Industrial, LLC}",evidenceOfInsurance,Evidence of Insurance,commercialGeneralLiability,Commercial General Liability,evidenceOfInsuranceCommercialGeneralLiabilityWaiverOfSubrogationEndorsement,Waiver of Subrogation,"---prompt---
Determine if the insurer has waived their right of subrogation in favor of the certificate holder under the Commercial General Liability policy. Evidence may include: a checked ""Waiver of Subrogation"" box on the certificate, mention in the Description of Operations section stating ""waiver of subrogation applies"", or reference to form CG 24 04. Look for language like ""subrogation is waived"" or ""per written contract"".",matchOnce,must be present,,Present,compliant,Block Requirements,,,false,1,,2026-08-16
"Block Real Estate Services, LLC",69fdf78062446148bd8587fa,69fded0c62446148bd848aff,"1-800-Pack Rat, LLC",69fdf0b9bf1df2fe9692782f,"pas771 - Paseo Industrial - 1307 Vernon {Paseo Industrial, LLC}",evidenceOfInsurance,Evidence of Insurance,excessOrUmbrellaLiability,Umbrella/Excess Liability,evidenceOfInsuranceExcessOrUmbrellaLiabilityOccurence,Coverage Trigger: Occurrence,,matchOnce,must be present,,Present,compliant,Block Requirements,,,false,1,,2026-08-16
"Block Real Estate Services, LLC",69fdf78062446148bd8587fa,69fded0c62446148bd848aff,"1-800-Pack Rat, LLC",69fdf0b9bf1df2fe9692782f,"pas771 - Paseo Industrial - 1307 Vernon {Paseo Industrial, LLC}",evidenceOfInsurance,Evidence of Insurance,excessOrUmbrellaLiability,Umbrella/Excess Liability,evidenceOfInsuranceExcessOrUmbrellaLiabilityEachOccurrence,Each Occurrence,,matchOnce,must be greater or equal to,1000000,5000000,compliant,Block Requirements,,,false,1,,2026-08-16
"Block Real Estate Services, LLC",69fdf78062446148bd8587fa,69fded0c62446148bd848aff,"1-800-Pack Rat, LLC",69fdf0b9bf1df2fe9692782f,"pas771 - Paseo Industrial - 1307 Vernon {Paseo Industrial, LLC}",evidenceOfInsurance,Evidence of Insurance,excessOrUmbrellaLiability,Umbrella/Excess Liability,evidenceOfInsuranceExcessOrUmbrellaLiabilityAggregate,Aggregate,,matchOnce,must be greater or equal to,1000000,5000000,compliant,Block Requirements,,,false,1,,2026-08-16
"Block Real Estate Services, LLC",69fdf78062446148bd8587fa,69fded0c62446148bd848aff,"1-800-Pack Rat, LLC",69fdf0b9bf1df2fe9692782f,"pas771 - Paseo Industrial - 1307 Vernon {Paseo Industrial, LLC}",evidenceOfInsurance,Evidence of Insurance,workersCompensation,Workers' Compensation and Employer's Liability,evidenceOfInsuranceWorkersCompensationStatutoryLimits,Statutory Limits,,matchOnce,must be present,,Present,compliant,Block Requirements,,,false,1,,2026-08-16
"Block Real Estate Services, LLC",69fdf78062446148bd8587fa,69fded0c62446148bd848aff,"1-800-Pack Rat, LLC",69fdf0b9bf1df2fe9692782f,"pas771 - Paseo Industrial - 1307 Vernon {Paseo Industrial, LLC}",evidenceOfInsurance,Evidence of Insurance,workersCompensation,Workers' Compensation and Employer's Liability,evidenceOfInsuranceWorkersCompensationEmployersLiabilityEachAccident,Employer's Liability Each Accident,,matchOnce,must be greater or equal to,500000,1000000,compliant,Block Requirements,,,false,1,,2026-08-16
"Block Real Estate Services, LLC",69fdf78062446148bd8587fa,69fded0c62446148bd848aff,"1-800-Pack Rat, LLC",69fdf0b9bf1df2fe9692782f,"pas771 - Paseo Industrial - 1307 Vernon {Paseo Industrial, LLC}",evidenceOfInsurance,Evidence of Insurance,workersCompensation,Workers' Compensation and Employer's Liability,evidenceOfInsuranceWorkersCompensationEmployersLiabilityDiseaseEachEmployee,Employer's Liability Disease - each employee,,matchOnce,must be greater or equal to,500000,1000000,compliant,Block Requirements,,,false,1,,2026-08-16
"Block Real Estate Services, LLC",69fdf78062446148bd8587fa,69fded0c62446148bd848aff,"1-800-Pack Rat, LLC",69fdf0b9bf1df2fe9692782f,"pas771 - Paseo Industrial - 1307 Vernon {Paseo Industrial, LLC}",evidenceOfInsurance,Evidence of Insurance,workersCompensation,Workers' Compensation and Employer's Liability,evidenceOfInsuranceWorkersCompensationEmployersLiabilityDiseasePolicyLimit,Employer's Liability Disease - policy limit,,matchOnce,must be greater or equal to,500000,1000000,compliant,Block Requirements,,,false,1,,2026-08-16
"Block Real Estate Services, LLC",69fdf78062446148bd8587fa,69fded0c62446148bd848aff,"1-800-Pack Rat, LLC",69fdf0b9bf1df2fe9692782f,"pas771 - Paseo Industrial - 1307 Vernon {Paseo Industrial, LLC}",evidenceOfInsurance,Evidence of Insurance,workersCompensation,Workers' Compensation and Employer's Liability,evidenceOfInsuranceWorkersCompensationWaiverOfSubrogationEndorsement,Waiver of Subrogation,"---prompt---
Determine if the insurer has waived their right of subrogation in favor of the certificate holder under the Workers' Compensation policy. Evidence may include: a checked ""Waiver of Subrogation"" box on the certificate, mention in the Description of Operations section stating ""waiver of subrogation applies"", or reference to form WC 00 03 13. Look for language like ""subrogation is waived"" or ""per written contract"".",matchOnce,must be present,,Present,compliant,Block Requirements,,,false,1,,2026-08-16
"Block Real Estate Services, LLC",69fdf78062446148bd8587fa,69fded0c62446148bd848aff,"1-800-Pack Rat, LLC",69fdf0b9bf1df2fe9692782f,"pas771 - Paseo Industrial - 1307 Vernon {Paseo Industrial, LLC}",evidenceOfInsurance,Evidence of Insurance,6ac20aae-5728-5d57-b364-aeba38527dba,Additional Requirements,4da5b0f1-4c9d-5885-8cf8-5d3cccaed3e0,"Block Real Estate Services, LLC and all others required by contract are named as Additional Insureds","---prompt---
Determine if the Description of Operations or the Additional Remarks Schedule section states the ""Additional Insured as Construction Management, Inc. and all others required by contract"" or reference to blanket additional insured coverage. Look for language like ""certificate holder is additional insured"" or ""per written contract"".",matchOnce,must be present,,Present,compliant,Block Requirements,,,true,1,,2026-08-16
"Block Real Estate Services, LLC",69fdf78062446148bd8587fa,69fded0c62446148bd848aff,"1-800-Pack Rat, LLC",69fdf0b9bf1df2fe9692782f,"pas771 - Paseo Industrial - 1307 Vernon {Paseo Industrial, LLC}",evidenceOfInsurance,Evidence of Insurance,6ac20aae-5728-5d57-b364-aeba38527dba,Additional Requirements,e1017741-e47e-5f58-97b8-fbc3043e919f,Umbrella follows form over General Liability,"---prompt---
Determine if the Umbrella/Excess Liability policy follows form to the underlying policies. Evidence may include: language in the Description of Operations section stating the umbrella follows form to underlying coverages or an additional page endorsement stating that it follows form. Follow form means the umbrella policy adopts the same terms, conditions, and exclusions as the underlying policies.",matchOnce,must be present,,Present,compliant,Block Requirements,,,true,1,,2026-08-16
"Block Real Estate Services, LLC",69fdf78062446148bd8587fa,69fded0c62446148bd848aff,"1-800-Pack Rat, LLC",69fdf0b9bf1df2fe9692782f,"pas771 - Paseo Industrial - 1307 Vernon {Paseo Industrial, LLC}",evidenceOfInsurance,Evidence of Insurance,6ac20aae-5728-5d57-b364-aeba38527dba,Additional Requirements,2cdd866f-c9a4-576a-afd8-1d045762790c,The location must be listed as: 1307-C Vernon Street North Kansas City MO 64116,,matchOnce,must be present,,Present,compliant,Block Requirements,,,true,1,,2026-08-16
"Block Real Estate Services, LLC",69fdf78062446148bd8587fa,69fded0c62446148bd848aff,"1-800-Pack Rat, LLC",69fdf0b9bf1df2fe9692782f,"pas771 - Paseo Industrial - 1307 Vernon {Paseo Industrial, LLC}",evidenceOfInsurance,Evidence of Insurance,6ac20aae-5728-5d57-b364-aeba38527dba,Additional Requirements,3649e9d1-4e09-59bf-8f30-cb33c40cf117,"Certificate Holder must read: c/o Block Real Estate Services, LLC, 4622 Pennsylvania St., Suite 700, Kansas City, MO, 64112",,matchOnce,must be present,,Present,compliant,Block Requirements,,,true,1,,2026-08-16
"Block Real Estate Services, LLC",69fdf78062446148bd8587e5,69fded0e62446148bd848ba7,"Athletico Physical Therapy / Athletico Management, LLC",69fdf0a60bb484cab513d2da,"mil708 - Mill Street Station {Mill Street Station, LLC}",evidenceOfInsurance,Evidence of Insurance,commercialGeneralLiability,Commercial General Liability,evidenceOfInsuranceCommercialGeneralLiabilityCoverageTriggerOccurrence,Coverage Trigger: Occurrence,,matchOnce,must be present,,,non_compliant,Block Requirements,,,false,0,,2026-08-16
"Block Real Estate Services, LLC",69fdf78062446148bd8587e5,69fded0e62446148bd848ba7,"Athletico Physical Therapy / Athletico Management, LLC",69fdf0a60bb484cab513d2da,"mil708 - Mill Street Station {Mill Street Station, LLC}",evidenceOfInsurance,Evidence of Insurance,commercialGeneralLiability,Commercial General Liability,evidenceOfInsuranceCommercialGeneralLiabilityGeneralAggregateLimitAppliesPerLocation,General Aggregate Limit Applies per: Location,,matchOnce,must be present,,,non_compliant,Block Requirements,,,false,0,,2026-08-16
"Block Real Estate Services, LLC",69fdf78062446148bd8587e5,69fded0e62446148bd848ba7,"Athletico Physical Therapy / Athletico Management, LLC",69fdf0a60bb484cab513d2da,"mil708 - Mill Street Station {Mill Street Station, LLC}",evidenceOfInsurance,Evidence of Insurance,commercialGeneralLiability,Commercial General Liability,evidenceOfInsuranceCommercialGeneralLiabilityEachOccurrence,Each Occurrence,,matchOnce,must be greater or equal to,1000000,,non_compliant,Block Requirements,,,false,0,,2026-08-16
"Block Real Estate Services, LLC",69fdf78062446148bd8587e5,69fded0e62446148bd848ba7,"Athletico Physical Therapy / Athletico Management, LLC",69fdf0a60bb484cab513d2da,"mil708 - Mill Street Station {Mill Street Station, LLC}",evidenceOfInsurance,Evidence of Insurance,commercialGeneralLiability,Commercial General Liability,evidenceOfInsuranceCommercialGeneralLiabilityGeneralAggregate,General Aggregate,,matchOnce,must be greater or equal to,2000000,,non_compliant,Block Requirements,,,false,0,,2026-08-16
"Block Real Estate Services, LLC",69fdf78062446148bd8587e5,69fded0e62446148bd848ba7,"Athletico Physical Therapy / Athletico Management, LLC",69fdf0a60bb484cab513d2da,"mil708 - Mill Street Station {Mill Street Station, LLC}",evidenceOfInsurance,Evidence of Insurance,commercialGeneralLiability,Commercial General Liability,evidenceOfInsuranceCommercialGeneralLiabilityWaiverOfSubrogationEndorsement,Waiver of Subrogation,"---prompt---
Determine if the insurer has waived their right of subrogation in favor of the certificate holder under the Commercial General Liability policy. Evidence may include: a checked ""Waiver of Subrogation"" box on the certificate, mention in the Description of Operations section stating ""waiver of subrogation applies"", or reference to form CG 24 04. Look for language like ""subrogation is waived"" or ""per written contract"".",matchOnce,must be present,,,non_compliant,Block Requirements,,,false,0,,2026-08-16
"Block Real Estate Services, LLC",69fdf78062446148bd8587e5,69fded0e62446148bd848ba7,"Athletico Physical Therapy / Athletico Management, LLC",69fdf0a60bb484cab513d2da,"mil708 - Mill Street Station {Mill Street Station, LLC}",evidenceOfInsurance,Evidence of Insurance,excessOrUmbrellaLiability,Umbrella/Excess Liability,evidenceOfInsuranceExcessOrUmbrellaLiabilityOccurence,Coverage Trigger: Occurrence,,matchOnce,must be present,,,non_compliant,Block Requirements,,,false,0,,2026-08-16
"Block Real Estate Services, LLC",69fdf78062446148bd8587e5,69fded0e62446148bd848ba7,"Athletico Physical Therapy / Athletico Management, LLC",69fdf0a60bb484cab513d2da,"mil708 - Mill Street Station {Mill Street Station, LLC}",evidenceOfInsurance,Evidence of Insurance,excessOrUmbrellaLiability,Umbrella/Excess Liability,evidenceOfInsuranceExcessOrUmbrellaLiabilityEachOccurrence,Each Occurrence,,matchOnce,must be greater or equal to,1000000,,non_compliant,Block Requirements,,,false,0,,2026-08-16
"Block Real Estate Services, LLC",69fdf78062446148bd8587e5,69fded0e62446148bd848ba7,"Athletico Physical Therapy / Athletico Management, LLC",69fdf0a60bb484cab513d2da,"mil708 - Mill Street Station {Mill Street Station, LLC}",evidenceOfInsurance,Evidence of Insurance,excessOrUmbrellaLiability,Umbrella/Excess Liability,evidenceOfInsuranceExcessOrUmbrellaLiabilityAggregate,Aggregate,,matchOnce,must be greater or equal to,1000000,,non_compliant,Block Requirements,,,false,0,,2026-08-16
"Block Real Estate Services, LLC",69fdf78062446148bd8587e5,69fded0e62446148bd848ba7,"Athletico Physical Therapy / Athletico Management, LLC",69fdf0a60bb484cab513d2da,"mil708 - Mill Street Station {Mill Street Station, LLC}",evidenceOfInsurance,Evidence of Insurance,workersCompensation,Workers' Compensation and Employer's Liability,evidenceOfInsuranceWorkersCompensationStatutoryLimits,Statutory Limits,,matchOnce,must be present,,,non_compliant,Block Requirements,,,false,0,,2026-08-16
"Block Real Estate Services, LLC",69fdf78062446148bd8587e5,69fded0e62446148bd848ba7,"Athletico Physical Therapy / Athletico Management, LLC",69fdf0a60bb484cab513d2da,"mil708 - Mill Street Station {Mill Street Station, LLC}",evidenceOfInsurance,Evidence of Insurance,workersCompensation,Workers' Compensation and Employer's Liability,evidenceOfInsuranceWorkersCompensationEmployersLiabilityEachAccident,Employer's Liability Each Accident,,matchOnce,must be greater or equal to,500000,,non_compliant,Block Requirements,,,false,0,,2026-08-16
"Block Real Estate Services, LLC",69fdf78062446148bd8587e5,69fded0e62446148bd848ba7,"Athletico Physical Therapy / Athletico Management, LLC",69fdf0a60bb484cab513d2da,"mil708 - Mill Street Station {Mill Street Station, LLC}",evidenceOfInsurance,Evidence of Insurance,workersCompensation,Workers' Compensation and Employer's Liability,evidenceOfInsuranceWorkersCompensationEmployersLiabilityDiseaseEachEmployee,Employer's Liability Disease - each employee,,matchOnce,must be greater or equal to,500000,,non_compliant,Block Requirements,,,false,0,,2026-08-16
"Block Real Estate Services, LLC",69fdf78062446148bd8587e5,69fded0e62446148bd848ba7,"Athletico Physical Therapy / Athletico Management, LLC",69fdf0a60bb484cab513d2da,"mil708 - Mill Street Station {Mill Street Station, LLC}",evidenceOfInsurance,Evidence of Insurance,workersCompensation,Workers' Compensation and Employer's Liability,evidenceOfInsuranceWorkersCompensationEmployersLiabilityDiseasePolicyLimit,Employer's Liability Disease - policy limit,,matchOnce,must be greater or equal to,500000,,non_compliant,Block Requirements,,,false,0,,2026-08-16
"Block Real Estate Services, LLC",69fdf78062446148bd8587e5,69fded0e62446148bd848ba7,"Athletico Physical Therapy / Athletico Management, LLC",69fdf0a60bb484cab513d2da,"mil708 - Mill Street Station {Mill Street Station, LLC}",evidenceOfInsurance,Evidence of Insurance,workersCompensation,Workers' Compensation and Employer's Liability,evidenceOfInsuranceWorkersCompensationWaiverOfSubrogationEndorsement,Waiver of Subrogation,"---prompt---
Determine if the insurer has waived their right of subrogation in favor of the certificate holder under the Workers' Compensation policy. Evidence may include: a checked ""Waiver of Subrogation"" box on the certificate, mention in the Description of Operations section stating ""waiver of subrogation applies"", or reference to form WC 00 03 13. Look for language like ""subrogation is waived"" or ""per written contract"".",matchOnce,must be present,,,non_compliant,Block Requirements,,,false,0,,2026-08-16
"Block Real Estate Services, LLC",69fdf78062446148bd8587e5,69fded0e62446148bd848ba7,"Athletico Physical Therapy / Athletico Management, LLC",69fdf0a60bb484cab513d2da,"mil708 - Mill Street Station {Mill Street Station, LLC}",evidenceOfInsurance,Evidence of Insurance,6ac20aae-5728-5d57-b364-aeba38527dba,Additional Requirements,4da5b0f1-4c9d-5885-8cf8-5d3cccaed3e0,"Block Real Estate Services, LLC and all others required by contract are named as Additional Insureds","---prompt---
Determine if the Description of Operations or the Additional Remarks Schedule section states the ""Additional Insured as Construction Management, Inc. and all others required by contract"" or reference to blanket additional insured coverage. Look for language like ""certificate holder is additional insured"" or ""per written contract"".",matchOnce,must be present,,,non_compliant,Block Requirements,,,true,0,,2026-08-16
"Block Real Estate Services, LLC",69fdf78062446148bd8587e5,69fded0e62446148bd848ba7,"Athletico Physical Therapy / Athletico Management, LLC",69fdf0a60bb484cab513d2da,"mil708 - Mill Street Station {Mill Street Station, LLC}",evidenceOfInsurance,Evidence of Insurance,6ac20aae-5728-5d57-b364-aeba38527dba,Additional Requirements,e1017741-e47e-5f58-97b8-fbc3043e919f,Umbrella follows form over General Liability,"---prompt---
Determine if the Umbrella/Excess Liability policy follows form to the underlying policies. Evidence may include: language in the Description of Operations section stating the umbrella follows form to underlying coverages or an additional page endorsement stating that it follows form. Follow form means the umbrella policy adopts the same terms, conditions, and exclusions as the underlying policies.",matchOnce,must be present,,,non_compliant,Block Requirements,,,true,0,,2026-08-16
"Block Real Estate Services, LLC",69fdf78062446148bd8587e5,69fded0e62446148bd848ba7,"Athletico Physical Therapy / Athletico Management, LLC",69fdf0a60bb484cab513d2da,"mil708 - Mill Street Station {Mill Street Station, LLC}",evidenceOfInsurance,Evidence of Insurance,6ac20aae-5728-5d57-b364-aeba38527dba,Additional Requirements,2cdd866f-c9a4-576a-afd8-1d045762790c,The location must be listed as: 4029 Mill Street Kansas City MO 64111,,matchOnce,must be present,,,non_compliant,Block Requirements,,,true,0,,2026-08-16
"Block Real Estate Services, LLC",69fdf78062446148bd8587e5,69fded0e62446148bd848ba7,"Athletico Physical Therapy / Athletico Management, LLC",69fdf0a60bb484cab513d2da,"mil708 - Mill Street Station {Mill Street Station, LLC}",evidenceOfInsurance,Evidence of Insurance,6ac20aae-5728-5d57-b364-aeba38527dba,Additional Requirements,3649e9d1-4e09-59bf-8f30-cb33c40cf117,"Certificate Holder must read: c/o Block Real Estate Services, LLC, 4622 Pennsylvania St., Suite 700, Kansas City, MO, 64112",,matchOnce,must be present,,,non_compliant,Block Requirements,,,true,0,,2026-08-16
"Block Real Estate Services, LLC",69fdf78062446148bd8587eb,69fded1c62446148bd848ffd,"New Cingular Wireless PCS, LLC",69fdf0a60bb484cab513d2da,"mil708 - Mill Street Station {Mill Street Station, LLC}",evidenceOfInsurance,Evidence of Insurance,commercialGeneralLiability,Commercial General Liability,evidenceOfInsuranceCommercialGeneralLiabilityCoverageTriggerOccurrence,Coverage Trigger: Occurrence,,matchOnce,must be present,,Present,compliant,Block Requirements,,,false,3,,2026-08-16
"Block Real Estate Services, LLC",69fdf78062446148bd8587eb,69fded1c62446148bd848ffd,"New Cingular Wireless PCS, LLC",69fdf0a60bb484cab513d2da,"mil708 - Mill Street Station {Mill Street Station, LLC}",evidenceOfInsurance,Evidence of Insurance,commercialGeneralLiability,Commercial General Liability,evidenceOfInsuranceCommercialGeneralLiabilityGeneralAggregateLimitAppliesPerLocation,General Aggregate Limit Applies per: Location,,matchOnce,must be present,,,non_compliant,Block Requirements,,,false,0,,2026-08-16
"Block Real Estate Services, LLC",69fdf78062446148bd8587eb,69fded1c62446148bd848ffd,"New Cingular Wireless PCS, LLC",69fdf0a60bb484cab513d2da,"mil708 - Mill Street Station {Mill Street Station, LLC}",evidenceOfInsurance,Evidence of Insurance,commercialGeneralLiability,Commercial General Liability,evidenceOfInsuranceCommercialGeneralLiabilityEachOccurrence,Each Occurrence,,matchOnce,must be greater or equal to,1000000,10000000,compliant,Block Requirements,,,false,3,,2026-08-16
"Block Real Estate Services, LLC",69fdf78062446148bd8587eb,69fded1c62446148bd848ffd,"New Cingular Wireless PCS, LLC",69fdf0a60bb484cab513d2da,"mil708 - Mill Street Station {Mill Street Station, LLC}",evidenceOfInsurance,Evidence of Insurance,commercialGeneralLiability,Commercial General Liability,evidenceOfInsuranceCommercialGeneralLiabilityGeneralAggregate,General Aggregate,,matchOnce,must be greater or equal to,2000000,20000000,compliant,Block Requirements,,,false,3,,2026-08-16
"Block Real Estate Services, LLC",69fdf78062446148bd8587eb,69fded1c62446148bd848ffd,"New Cingular Wireless PCS, LLC",69fdf0a60bb484cab513d2da,"mil708 - Mill Street Station {Mill Street Station, LLC}",evidenceOfInsurance,Evidence of Insurance,commercialGeneralLiability,Commercial General Liability,evidenceOfInsuranceCommercialGeneralLiabilityWaiverOfSubrogationEndorsement,Waiver of Subrogation,"---prompt---
Determine if the insurer has waived their right of subrogation in favor of the certificate holder under the Commercial General Liability policy. Evidence may include: a checked ""Waiver of Subrogation"" box on the certificate, mention in the Description of Operations section stating ""waiver of subrogation applies"", or reference to form CG 24 04. Look for language like ""subrogation is waived"" or ""per written contract"".",matchOnce,must be present,,Present,compliant,Block Requirements,,,false,3,,2026-08-16
"Block Real Estate Services, LLC",69fdf78062446148bd8587eb,69fded1c62446148bd848ffd,"New Cingular Wireless PCS, LLC",69fdf0a60bb484cab513d2da,"mil708 - Mill Street Station {Mill Street Station, LLC}",evidenceOfInsurance,Evidence of Insurance,excessOrUmbrellaLiability,Umbrella/Excess Liability,evidenceOfInsuranceExcessOrUmbrellaLiabilityOccurence,Coverage Trigger: Occurrence,,matchOnce,must be present,,,non_compliant,Block Requirements,,,false,0,,2026-08-16
"Block Real Estate Services, LLC",69fdf78062446148bd8587eb,69fded1c62446148bd848ffd,"New Cingular Wireless PCS, LLC",69fdf0a60bb484cab513d2da,"mil708 - Mill Street Station {Mill Street Station, LLC}",evidenceOfInsurance,Evidence of Insurance,excessOrUmbrellaLiability,Umbrella/Excess Liability,evidenceOfInsuranceExcessOrUmbrellaLiabilityEachOccurrence,Each Occurrence,,matchOnce,must be greater or equal to,1000000,,non_compliant,Block Requirements,,,false,0,,2026-08-16
"Block Real Estate Services, LLC",69fdf78062446148bd8587eb,69fded1c62446148bd848ffd,"New Cingular Wireless PCS, LLC",69fdf0a60bb484cab513d2da,"mil708 - Mill Street Station {Mill Street Station, LLC}",evidenceOfInsurance,Evidence of Insurance,excessOrUmbrellaLiability,Umbrella/Excess Liability,evidenceOfInsuranceExcessOrUmbrellaLiabilityAggregate,Aggregate,,matchOnce,must be greater or equal to,1000000,,non_compliant,Block Requirements,,,false,0,,2026-08-16
"Block Real Estate Services, LLC",69fdf78062446148bd8587eb,69fded1c62446148bd848ffd,"New Cingular Wireless PCS, LLC",69fdf0a60bb484cab513d2da,"mil708 - Mill Street Station {Mill Street Station, LLC}",evidenceOfInsurance,Evidence of Insurance,workersCompensation,Workers' Compensation and Employer's Liability,evidenceOfInsuranceWorkersCompensationStatutoryLimits,Statutory Limits,,matchOnce,must be present,,Present,compliant,Block Requirements,,,false,3,,2026-08-16
"Block Real Estate Services, LLC",69fdf78062446148bd8587eb,69fded1c62446148bd848ffd,"New Cingular Wireless PCS, LLC",69fdf0a60bb484cab513d2da,"mil708 - Mill Street Station {Mill Street Station, LLC}",evidenceOfInsurance,Evidence of Insurance,workersCompensation,Workers' Compensation and Employer's Liability,evidenceOfInsuranceWorkersCompensationEmployersLiabilityEachAccident,Employer's Liability Each Accident,,matchOnce,must be greater or equal to,500000,2000000,compliant,Block Requirements,,,false,3,,2026-08-16
"Block Real Estate Services, LLC",69fdf78062446148bd8587eb,69fded1c62446148bd848ffd,"New Cingular Wireless PCS, LLC",69fdf0a60bb484cab513d2da,"mil708 - Mill Street Station {Mill Street Station, LLC}",evidenceOfInsurance,Evidence of Insurance,workersCompensation,Workers' Compensation and Employer's Liability,evidenceOfInsuranceWorkersCompensationEmployersLiabilityDiseaseEachEmployee,Employer's Liability Disease - each employee,,matchOnce,must be greater or equal to,500000,2000000,compliant,Block Requirements,,,false,3,,2026-08-16
"Block Real Estate Services, LLC",69fdf78062446148bd8587eb,69fded1c62446148bd848ffd,"New Cingular Wireless PCS, LLC",69fdf0a60bb484cab513d2da,"mil708 - Mill Street Station {Mill Street Station, LLC}",evidenceOfInsurance,Evidence of Insurance,workersCompensation,Workers' Compensation and Employer's Liability,evidenceOfInsuranceWorkersCompensationEmployersLiabilityDiseasePolicyLimit,Employer's Liability Disease - policy limit,,matchOnce,must be greater or equal to,500000,2000000,compliant,Block Requirements,,,false,3,,2026-08-16
"Block Real Estate Services, LLC",69fdf78062446148bd8587eb,69fded1c62446148bd848ffd,"New Cingular Wireless PCS, LLC",69fdf0a60bb484cab513d2da,"mil708 - Mill Street Station {Mill Street Station, LLC}",evidenceOfInsurance,Evidence of Insurance,workersCompensation,Workers' Compensation and Employer's Liability,evidenceOfInsuranceWorkersCompensationWaiverOfSubrogationEndorsement,Waiver of Subrogation,"---prompt---
Determine if the insurer has waived their right of subrogation in favor of the certificate holder under the Workers' Compensation policy. Evidence may include: a checked ""Waiver of Subrogation"" box on the certificate, mention in the Description of Operations section stating ""waiver of subrogation applies"", or reference to form WC 00 03 13. Look for language like ""subrogation is waived"" or ""per written contract"".",matchOnce,must be present,,Present,compliant,Block Requirements,,,false,1,,2026-08-16
"Block Real Estate Services, LLC",69fdf78062446148bd8587eb,69fded1c62446148bd848ffd,"New Cingular Wireless PCS, LLC",69fdf0a60bb484cab513d2da,"mil708 - Mill Street Station {Mill Street Station, LLC}",evidenceOfInsurance,Evidence of Insurance,6ac20aae-5728-5d57-b364-aeba38527dba,Additional Requirements,4da5b0f1-4c9d-5885-8cf8-5d3cccaed3e0,"Block Real Estate Services, LLC and all others required by contract are named as Additional Insureds","---prompt---
Determine if the Description of Operations or the Additional Remarks Schedule section states the ""Additional Insured as Construction Management, Inc. and all others required by contract"" or reference to blanket additional insured coverage. Look for language like ""certificate holder is additional insured"" or ""per written contract"".",matchOnce,must be present,,,non_compliant,Block Requirements,,,true,0,,2026-08-16
"Block Real Estate Services, LLC",69fdf78062446148bd8587eb,69fded1c62446148bd848ffd,"New Cingular Wireless PCS, LLC",69fdf0a60bb484cab513d2da,"mil708 - Mill Street Station {Mill Street Station, LLC}",evidenceOfInsurance,Evidence of Insurance,6ac20aae-5728-5d57-b364-aeba38527dba,Additional Requirements,e1017741-e47e-5f58-97b8-fbc3043e919f,Umbrella follows form over General Liability,"---prompt---
Determine if the Umbrella/Excess Liability policy follows form to the underlying policies. Evidence may include: language in the Description of Operations section stating the umbrella follows form to underlying coverages or an additional page endorsement stating that it follows form. Follow form means the umbrella policy adopts the same terms, conditions, and exclusions as the underlying policies.",matchOnce,must be present,,,non_compliant,Block Requirements,,,true,0,,2026-08-16
"Block Real Estate Services, LLC",69fdf78062446148bd8587eb,69fded1c62446148bd848ffd,"New Cingular Wireless PCS, LLC",69fdf0a60bb484cab513d2da,"mil708 - Mill Street Station {Mill Street Station, LLC}",evidenceOfInsurance,Evidence of Insurance,6ac20aae-5728-5d57-b364-aeba38527dba,Additional Requirements,2cdd866f-c9a4-576a-afd8-1d045762790c,The location must be listed as: 4015 Mill Street Kansas City MO 64111,,matchOnce,must be present,,,non_compliant,Block Requirements,,,true,0,,2026-08-16
"Block Real Estate Services, LLC",69fdf78062446148bd8587eb,69fded1c62446148bd848ffd,"New Cingular Wireless PCS, LLC",69fdf0a60bb484cab513d2da,"mil708 - Mill Street Station {Mill Street Station, LLC}",evidenceOfInsurance,Evidence of Insurance,6ac20aae-5728-5d57-b364-aeba38527dba,Additional Requirements,3649e9d1-4e09-59bf-8f30-cb33c40cf117,"Certificate Holder must read: c/o Block Real Estate Services, LLC, 4622 Pennsylvania St., Suite 700, Kansas City, MO, 64112",,matchOnce,must be present,,,non_compliant,Block Requirements,,,true,0,,2026-08-16
"Block Real Estate Services, LLC",69fdf78062446148bd8587e9,69fded1b62446148bd848fca,"Wingstop / Missouri Wings XIV, LLC",69fdf0a60bb484cab513d2da,"mil708 - Mill Street Station {Mill Street Station, LLC}",evidenceOfInsurance,Evidence of Insurance,commercialGeneralLiability,Commercial General Liability,evidenceOfInsuranceCommercialGeneralLiabilityCoverageTriggerOccurrence,Coverage Trigger: Occurrence,,matchOnce,must be present,,Present,compliant,Block Requirements,,,false,1,,2026-08-16
"Block Real Estate Services, LLC",69fdf78062446148bd8587e9,69fded1b62446148bd848fca,"Wingstop / Missouri Wings XIV, LLC",69fdf0a60bb484cab513d2da,"mil708 - Mill Street Station {Mill Street Station, LLC}",evidenceOfInsurance,Evidence of Insurance,commercialGeneralLiability,Commercial General Liability,evidenceOfInsuranceCommercialGeneralLiabilityGeneralAggregateLimitAppliesPerLocation,General Aggregate Limit Applies per: Location,,matchOnce,must be present,,Present,compliant,Block Requirements,,,false,1,,2026-08-16
"Block Real Estate Services, LLC",69fdf78062446148bd8587e9,69fded1b62446148bd848fca,"Wingstop / Missouri Wings XIV, LLC",69fdf0a60bb484cab513d2da,"mil708 - Mill Street Station {Mill Street Station, LLC}",evidenceOfInsurance,Evidence of Insurance,commercialGeneralLiability,Commercial General Liability,evidenceOfInsuranceCommercialGeneralLiabilityEachOccurrence,Each Occurrence,,matchOnce,must be greater or equal to,1000000,1000000,compliant,Block Requirements,,,false,1,,2026-08-16
"Block Real Estate Services, LLC",69fdf78062446148bd8587e9,69fded1b62446148bd848fca,"Wingstop / Missouri Wings XIV, LLC",69fdf0a60bb484cab513d2da,"mil708 - Mill Street Station {Mill Street Station, LLC}",evidenceOfInsurance,Evidence of Insurance,commercialGeneralLiability,Commercial General Liability,evidenceOfInsuranceCommercialGeneralLiabilityGeneralAggregate,General Aggregate,,matchOnce,must be greater or equal to,2000000,2000000,compliant,Block Requirements,,,false,1,,2026-08-16
"Block Real Estate Services, LLC",69fdf78062446148bd8587e9,69fded1b62446148bd848fca,"Wingstop / Missouri Wings XIV, LLC",69fdf0a60bb484cab513d2da,"mil708 - Mill Street Station {Mill Street Station, LLC}",evidenceOfInsurance,Evidence of Insurance,commercialGeneralLiability,Commercial General Liability,evidenceOfInsuranceCommercialGeneralLiabilityWaiverOfSubrogationEndorsement,Waiver of Subrogation,"---prompt---
Determine if the insurer has waived their right of subrogation in favor of the certificate holder under the Commercial General Liability policy. Evidence may include: a checked ""Waiver of Subrogation"" box on the certificate, mention in the Description of Operations section stating ""waiver of subrogation applies"", or reference to form CG 24 04. Look for language like ""subrogation is waived"" or ""per written contract"".",matchOnce,must be present,,Present,compliant,Block Requirements,,,false,1,,2026-08-16
"Block Real Estate Services, LLC",69fdf78062446148bd8587e9,69fded1b62446148bd848fca,"Wingstop / Missouri Wings XIV, LLC",69fdf0a60bb484cab513d2da,"mil708 - Mill Street Station {Mill Street Station, LLC}",evidenceOfInsurance,Evidence of Insurance,excessOrUmbrellaLiability,Umbrella/Excess Liability,evidenceOfInsuranceExcessOrUmbrellaLiabilityOccurence,Coverage Trigger: Occurrence,,matchOnce,must be present,,Present,compliant,Block Requirements,,,false,1,,2026-08-16
"Block Real Estate Services, LLC",69fdf78062446148bd8587e9,69fded1b62446148bd848fca,"Wingstop / Missouri Wings XIV, LLC",69fdf0a60bb484cab513d2da,"mil708 - Mill Street Station {Mill Street Station, LLC}",evidenceOfInsurance,Evidence of Insurance,excessOrUmbrellaLiability,Umbrella/Excess Liability,evidenceOfInsuranceExcessOrUmbrellaLiabilityEachOccurrence,Each Occurrence,,matchOnce,must be greater or equal to,1000000,5000000,compliant,Block Requirements,,,false,1,,2026-08-16
"Block Real Estate Services, LLC",69fdf78062446148bd8587e9,69fded1b62446148bd848fca,"Wingstop / Missouri Wings XIV, LLC",69fdf0a60bb484cab513d2da,"mil708 - Mill Street Station {Mill Street Station, LLC}",evidenceOfInsurance,Evidence of Insurance,excessOrUmbrellaLiability,Umbrella/Excess Liability,evidenceOfInsuranceExcessOrUmbrellaLiabilityAggregate,Aggregate,,matchOnce,must be greater or equal to,1000000,5000000,compliant,Block Requirements,,,false,1,,2026-08-16
"Block Real Estate Services, LLC",69fdf78062446148bd8587e9,69fded1b62446148bd848fca,"Wingstop / Missouri Wings XIV, LLC",69fdf0a60bb484cab513d2da,"mil708 - Mill Street Station {Mill Street Station, LLC}",evidenceOfInsurance,Evidence of Insurance,workersCompensation,Workers' Compensation and Employer's Liability,evidenceOfInsuranceWorkersCompensationStatutoryLimits,Statutory Limits,,matchOnce,must be present,,Present,compliant,Block Requirements,,,false,1,,2026-08-16
"Block Real Estate Services, LLC",69fdf78062446148bd8587e9,69fded1b62446148bd848fca,"Wingstop / Missouri Wings XIV, LLC",69fdf0a60bb484cab513d2da,"mil708 - Mill Street Station {Mill Street Station, LLC}",evidenceOfInsurance,Evidence of Insurance,workersCompensation,Workers' Compensation and Employer's Liability,evidenceOfInsuranceWorkersCompensationEmployersLiabilityEachAccident,Employer's Liability Each Accident,,matchOnce,must be greater or equal to,500000,1000000,compliant,Block Requirements,,,false,1,,2026-08-16
"Block Real Estate Services, LLC",69fdf78062446148bd8587e9,69fded1b62446148bd848fca,"Wingstop / Missouri Wings XIV, LLC",69fdf0a60bb484cab513d2da,"mil708 - Mill Street Station {Mill Street Station, LLC}",evidenceOfInsurance,Evidence of Insurance,workersCompensation,Workers' Compensation and Employer's Liability,evidenceOfInsuranceWorkersCompensationEmployersLiabilityDiseaseEachEmployee,Employer's Liability Disease - each employee,,matchOnce,must be greater or equal to,500000,1000000,compliant,Block Requirements,,,false,1,,2026-08-16
"Block Real Estate Services, LLC",69fdf78062446148bd8587e9,69fded1b62446148bd848fca,"Wingstop / Missouri Wings XIV, LLC",69fdf0a60bb484cab513d2da,"mil708 - Mill Street Station {Mill Street Station, LLC}",evidenceOfInsurance,Evidence of Insurance,workersCompensation,Workers' Compensation and Employer's Liability,evidenceOfInsuranceWorkersCompensationEmployersLiabilityDiseasePolicyLimit,Employer's Liability Disease - policy limit,,matchOnce,must be greater or equal to,500000,1000000,compliant,Block Requirements,,,false,1,,2026-08-16
"Block Real Estate Services, LLC",69fdf78062446148bd8587e9,69fded1b62446148bd848fca,"Wingstop / Missouri Wings XIV, LLC",69fdf0a60bb484cab513d2da,"mil708 - Mill Street Station {Mill Street Station, LLC}",evidenceOfInsurance,Evidence of Insurance,workersCompensation,Workers' Compensation and Employer's Liability,evidenceOfInsuranceWorkersCompensationWaiverOfSubrogationEndorsement,Waiver of Subrogation,"---prompt---
Determine if the insurer has waived their right of subrogation in favor of the certificate holder under the Workers' Compensation policy. Evidence may include: a checked ""Waiver of Subrogation"" box on the certificate, mention in the Description of Operations section stating ""waiver of subrogation applies"", or reference to form WC 00 03 13. Look for language like ""subrogation is waived"" or ""per written contract"".",matchOnce,must be present,,Present,compliant,Block Requirements,,,false,1,,2026-08-16
"Block Real Estate Services, LLC",69fdf78062446148bd8587e9,69fded1b62446148bd848fca,"Wingstop / Missouri Wings XIV, LLC",69fdf0a60bb484cab513d2da,"mil708 - Mill Street Station {Mill Street Station, LLC}",evidenceOfInsurance,Evidence of Insurance,6ac20aae-5728-5d57-b364-aeba38527dba,Additional Requirements,4da5b0f1-4c9d-5885-8cf8-5d3cccaed3e0,"Block Real Estate Services, LLC and all others required by contract are named as Additional Insureds","---prompt---
Determine if the Description of Operations or the Additional Remarks Schedule section states the ""Additional Insured as Construction Management, Inc. and all others required by contract"" or reference to blanket additional insured coverage. Look for language like ""certificate holder is additional insured"" or ""per written contract"".",matchOnce,must be present,,Present,compliant,Block Requirements,,,true,1,,2026-08-16
"Block Real Estate Services, LLC",69fdf78062446148bd8587e9,69fded1b62446148bd848fca,"Wingstop / Missouri Wings XIV, LLC",69fdf0a60bb484cab513d2da,"mil708 - Mill Street Station {Mill Street Station, LLC}",evidenceOfInsurance,Evidence of Insurance,6ac20aae-5728-5d57-b364-aeba38527dba,Additional Requirements,e1017741-e47e-5f58-97b8-fbc3043e919f,Umbrella follows form over General Liability,"---prompt---
Determine if the Umbrella/Excess Liability policy follows form to the underlying policies. Evidence may include: language in the Description of Operations section stating the umbrella follows form to underlying coverages or an additional page endorsement stating that it follows form. Follow form means the umbrella policy adopts the same terms, conditions, and exclusions as the underlying policies.",matchOnce,must be present,,Present,compliant,Block Requirements,,,true,1,,2026-08-16
"Block Real Estate Services, LLC",69fdf78062446148bd8587e9,69fded1b62446148bd848fca,"Wingstop / Missouri Wings XIV, LLC",69fdf0a60bb484cab513d2da,"mil708 - Mill Street Station {Mill Street Station, LLC}",evidenceOfInsurance,Evidence of Insurance,6ac20aae-5728-5d57-b364-aeba38527dba,Additional Requirements,2cdd866f-c9a4-576a-afd8-1d045762790c,The location must be listed as: 4039-A Mill Street Kansas City MO 64111,,matchOnce,must be present,,Present,compliant,Block Requirements,,,true,1,,2026-08-16
"Block Real Estate Services, LLC",69fdf78062446148bd8587e9,69fded1b62446148bd848fca,"Wingstop / Missouri Wings XIV, LLC",69fdf0a60bb484cab513d2da,"mil708 - Mill Street Station {Mill Street Station, LLC}",evidenceOfInsurance,Evidence of Insurance,6ac20aae-5728-5d57-b364-aeba38527dba,Additional Requirements,3649e9d1-4e09-59bf-8f30-cb33c40cf117,"Certificate Holder must read: c/o Block Real Estate Services, LLC, 4622 Pennsylvania St., Suite 700, Kansas City, MO, 64112",,matchOnce,must be present,,Present,compliant,Block Requirements,,,true,1,,2026-08-16
"Block Real Estate Services, LLC",69fdf78062446148bd8587ec,69fded2062446148bd84915c,Sherwin Williams-SW 07526,69fdf0a60bb484cab513d2da,"mil708 - Mill Street Station {Mill Street Station, LLC}",evidenceOfInsurance,Evidence of Insurance,commercialGeneralLiability,Commercial General Liability,evidenceOfInsuranceCommercialGeneralLiabilityCoverageTriggerOccurrence,Coverage Trigger: Occurrence,,matchOnce,must be present,,Present,compliant,Block Requirements,,,false,2,,2026-08-16
"Block Real Estate Services, LLC",69fdf78062446148bd8587ec,69fded2062446148bd84915c,Sherwin Williams-SW 07526,69fdf0a60bb484cab513d2da,"mil708 - Mill Street Station {Mill Street Station, LLC}",evidenceOfInsurance,Evidence of Insurance,commercialGeneralLiability,Commercial General Liability,evidenceOfInsuranceCommercialGeneralLiabilityGeneralAggregateLimitAppliesPerLocation,General Aggregate Limit Applies per: Location,,matchOnce,must be present,,,waived,Block Requirements,Per location not a requirement in the lease,,false,0,,2026-08-16
"Block Real Estate Services, LLC",69fdf78062446148bd8587ec,69fded2062446148bd84915c,Sherwin Williams-SW 07526,69fdf0a60bb484cab513d2da,"mil708 - Mill Street Station {Mill Street Station, LLC}",evidenceOfInsurance,Evidence of Insurance,commercialGeneralLiability,Commercial General Liability,evidenceOfInsuranceCommercialGeneralLiabilityEachOccurrence,Each Occurrence,,matchOnce,must be greater or equal to,1000000,2000000,compliant,Block Requirements,,,false,2,,2026-08-16
"Block Real Estate Services, LLC",69fdf78062446148bd8587ec,69fded2062446148bd84915c,Sherwin Williams-SW 07526,69fdf0a60bb484cab513d2da,"mil708 - Mill Street Station {Mill Street Station, LLC}",evidenceOfInsurance,Evidence of Insurance,commercialGeneralLiability,Commercial General Liability,evidenceOfInsuranceCommercialGeneralLiabilityGeneralAggregate,General Aggregate,,matchOnce,must be greater or equal to,2000000,10000000,compliant,Block Requirements,,,false,2,,2026-08-16
"Block Real Estate Services, LLC",69fdf78062446148bd8587ec,69fded2062446148bd84915c,Sherwin Williams-SW 07526,69fdf0a60bb484cab513d2da,"mil708 - Mill Street Station {Mill Street Station, LLC}",evidenceOfInsurance,Evidence of Insurance,commercialGeneralLiability,Commercial General Liability,evidenceOfInsuranceCommercialGeneralLiabilityWaiverOfSubrogationEndorsement,Waiver of Subrogation,"---prompt---
Determine if the insurer has waived their right of subrogation in favor of the certificate holder under the Commercial General Liability policy. Evidence may include: a checked ""Waiver of Subrogation"" box on the certificate, mention in the Description of Operations section stating ""waiver of subrogation applies"", or reference to form CG 24 04. Look for language like ""subrogation is waived"" or ""per written contract"".",matchOnce,must be present,,Present,compliant,Block Requirements,,,false,2,,2026-08-16
"Block Real Estate Services, LLC",69fdf78062446148bd8587ec,69fded2062446148bd84915c,Sherwin Williams-SW 07526,69fdf0a60bb484cab513d2da,"mil708 - Mill Street Station {Mill Street Station, LLC}",evidenceOfInsurance,Evidence of Insurance,excessOrUmbrellaLiability,Umbrella/Excess Liability,evidenceOfInsuranceExcessOrUmbrellaLiabilityOccurence,Coverage Trigger: Occurrence,,matchOnce,must be present,,Present,waived,Block Requirements,,,false,2,,2026-08-16
"Block Real Estate Services, LLC",69fdf78062446148bd8587ec,69fded2062446148bd84915c,Sherwin Williams-SW 07526,69fdf0a60bb484cab513d2da,"mil708 - Mill Street Station {Mill Street Station, LLC}",evidenceOfInsurance,Evidence of Insurance,excessOrUmbrellaLiability,Umbrella/Excess Liability,evidenceOfInsuranceExcessOrUmbrellaLiabilityEachOccurrence,Each Occurrence,,matchOnce,must be greater or equal to,1000000,10000000,waived,Block Requirements,,,false,2,,2026-08-16
"Block Real Estate Services, LLC",69fdf78062446148bd8587ec,69fded2062446148bd84915c,Sherwin Williams-SW 07526,69fdf0a60bb484cab513d2da,"mil708 - Mill Street Station {Mill Street Station, LLC}",evidenceOfInsurance,Evidence of Insurance,excessOrUmbrellaLiability,Umbrella/Excess Liability,evidenceOfInsuranceExcessOrUmbrellaLiabilityAggregate,Aggregate,,matchOnce,must be greater or equal to,1000000,10000000,waived,Block Requirements,,,false,2,,2026-08-16
"Block Real Estate Services, LLC",69fdf78062446148bd8587ec,69fded2062446148bd84915c,Sherwin Williams-SW 07526,69fdf0a60bb484cab513d2da,"mil708 - Mill Street Station {Mill Street Station, LLC}",evidenceOfInsurance,Evidence of Insurance,workersCompensation,Workers' Compensation and Employer's Liability,evidenceOfInsuranceWorkersCompensationStatutoryLimits,Statutory Limits,,matchOnce,must be present,,Present,waived,Block Requirements,,,false,2,,2026-08-16
"Block Real Estate Services, LLC",69fdf78062446148bd8587ec,69fded2062446148bd84915c,Sherwin Williams-SW 07526,69fdf0a60bb484cab513d2da,"mil708 - Mill Street Station {Mill Street Station, LLC}",evidenceOfInsurance,Evidence of Insurance,workersCompensation,Workers' Compensation and Employer's Liability,evidenceOfInsuranceWorkersCompensationEmployersLiabilityEachAccident,Employer's Liability Each Accident,,matchOnce,must be greater or equal to,500000,2000000,waived,Block Requirements,,,false,2,,2026-08-16
"Block Real Estate Services, LLC",69fdf78062446148bd8587ec,69fded2062446148bd84915c,Sherwin Williams-SW 07526,69fdf0a60bb484cab513d2da,"mil708 - Mill Street Station {Mill Street Station, LLC}",evidenceOfInsurance,Evidence of Insurance,workersCompensation,Workers' Compensation and Employer's Liability,evidenceOfInsuranceWorkersCompensationEmployersLiabilityDiseaseEachEmployee,Employer's Liability Disease - each employee,,matchOnce,must be greater or equal to,500000,2000000,waived,Block Requirements,,,false,2,,2026-08-16
"Block Real Estate Services, LLC",69fdf78062446148bd8587ec,69fded2062446148bd84915c,Sherwin Williams-SW 07526,69fdf0a60bb484cab513d2da,"mil708 - Mill Street Station {Mill Street Station, LLC}",evidenceOfInsurance,Evidence of Insurance,workersCompensation,Workers' Compensation and Employer's Liability,evidenceOfInsuranceWorkersCompensationEmployersLiabilityDiseasePolicyLimit,Employer's Liability Disease - policy limit,,matchOnce,must be greater or equal to,500000,2000000,waived,Block Requirements,,,false,2,,2026-08-16
"Block Real Estate Services, LLC",69fdf78062446148bd8587ec,69fded2062446148bd84915c,Sherwin Williams-SW 07526,69fdf0a60bb484cab513d2da,"mil708 - Mill Street Station {Mill Street Station, LLC}",evidenceOfInsurance,Evidence of Insurance,workersCompensation,Workers' Compensation and Employer's Liability,evidenceOfInsuranceWorkersCompensationWaiverOfSubrogationEndorsement,Waiver of Subrogation,"---prompt---
Determine if the insurer has waived their right of subrogation in favor of the certificate holder under the Workers' Compensation policy. Evidence may include: a checked ""Waiver of Subrogation"" box on the certificate, mention in the Description of Operations section stating ""waiver of subrogation applies"", or reference to form WC 00 03 13. Look for language like ""subrogation is waived"" or ""per written contract"".",matchOnce,must be present,,Present,waived,Block Requirements,,,false,2,,2026-08-16
"Block Real Estate Services, LLC",69fdf78062446148bd8587ec,69fded2062446148bd84915c,Sherwin Williams-SW 07526,69fdf0a60bb484cab513d2da,"mil708 - Mill Street Station {Mill Street Station, LLC}",evidenceOfInsurance,Evidence of Insurance,6ac20aae-5728-5d57-b364-aeba38527dba,Additional Requirements,4da5b0f1-4c9d-5885-8cf8-5d3cccaed3e0,"Block Real Estate Services, LLC and all others required by contract are named as Additional Insureds","---prompt---
Determine if the Description of Operations or the Additional Remarks Schedule section states the ""Additional Insured as Construction Management, Inc. and all others required by contract"" or reference to blanket additional insured coverage. Look for language like ""certificate holder is additional insured"" or ""per written contract"".",matchOnce,must be present,,Present,compliant,Block Requirements,,,true,1,,2026-08-16
"Block Real Estate Services, LLC",69fdf78062446148bd8587ec,69fded2062446148bd84915c,Sherwin Williams-SW 07526,69fdf0a60bb484cab513d2da,"mil708 - Mill Street Station {Mill Street Station, LLC}",evidenceOfInsurance,Evidence of Insurance,6ac20aae-5728-5d57-b364-aeba38527dba,Additional Requirements,e1017741-e47e-5f58-97b8-fbc3043e919f,Umbrella follows form over General Liability,"---prompt---
Determine if the Umbrella/Excess Liability policy follows form to the underlying policies. Evidence may include: language in the Description of Operations section stating the umbrella follows form to underlying coverages or an additional page endorsement stating that it follows form. Follow form means the umbrella policy adopts the same terms, conditions, and exclusions as the underlying policies.",matchOnce,must be present,,,waived,Block Requirements,Umbrella Liability not a requirement in the lease,,true,0,,2026-08-16
"Block Real Estate Services, LLC",69fdf78062446148bd8587ec,69fded2062446148bd84915c,Sherwin Williams-SW 07526,69fdf0a60bb484cab513d2da,"mil708 - Mill Street Station {Mill Street Station, LLC}",evidenceOfInsurance,Evidence of Insurance,6ac20aae-5728-5d57-b364-aeba38527dba,Additional Requirements,2cdd866f-c9a4-576a-afd8-1d045762790c,The location must be listed as: 4011 Mill Street Kansas City MO 64111,,matchOnce,must be present,,Present,compliant,Block Requirements,,,true,1,,2026-08-16
"Block Real Estate Services, LLC",69fdf78062446148bd8587ec,69fded2062446148bd84915c,Sherwin Williams-SW 07526,69fdf0a60bb484cab513d2da,"mil708 - Mill Street Station {Mill Street Station, LLC}",evidenceOfInsurance,Evidence of Insurance,6ac20aae-5728-5d57-b364-aeba38527dba,Additional Requirements,3649e9d1-4e09-59bf-8f30-cb33c40cf117,"Certificate Holder must read: c/o Block Real Estate Services, LLC, 4622 Pennsylvania St., Suite 700, Kansas City, MO, 64112",,matchOnce,must be present,,Present,compliant,Block Requirements,,,true,1,,2026-08-16
"Block Real Estate Services, LLC",69fdf78062446148bd8587e4,69fded0c62446148bd848b05,"Big Biscuit / 27 Biscuits, LLC",69fdf0a60bb484cab513d2da,"mil708 - Mill Street Station {Mill Street Station, LLC}",evidenceOfInsurance,Evidence of Insurance,commercialGeneralLiability,Commercial General Liability,evidenceOfInsuranceCommercialGeneralLiabilityCoverageTriggerOccurrence,Coverage Trigger: Occurrence,,matchOnce,must be present,,Present,compliant,Block Requirements,,,false,1,,2026-08-16
"Block Real Estate Services, LLC",69fdf78062446148bd8587e4,69fded0c62446148bd848b05,"Big Biscuit / 27 Biscuits, LLC",69fdf0a60bb484cab513d2da,"mil708 - Mill Street Station {Mill Street Station, LLC}",evidenceOfInsurance,Evidence of Insurance,commercialGeneralLiability,Commercial General Liability,evidenceOfInsuranceCommercialGeneralLiabilityGeneralAggregateLimitAppliesPerLocation,General Aggregate Limit Applies per: Location,,matchOnce,must be present,,,non_compliant,Block Requirements,,,false,0,,2026-08-16
"Block Real Estate Services, LLC",69fdf78062446148bd8587e4,69fded0c62446148bd848b05,"Big Biscuit / 27 Biscuits, LLC",69fdf0a60bb484cab513d2da,"mil708 - Mill Street Station {Mill Street Station, LLC}",evidenceOfInsurance,Evidence of Insurance,commercialGeneralLiability,Commercial General Liability,evidenceOfInsuranceCommercialGeneralLiabilityEachOccurrence,Each Occurrence,,matchOnce,must be greater or equal to,1000000,1000000,compliant,Block Requirements,,,false,1,,2026-08-16
"Block Real Estate Services, LLC",69fdf78062446148bd8587e4,69fded0c62446148bd848b05,"Big Biscuit / 27 Biscuits, LLC",69fdf0a60bb484cab513d2da,"mil708 - Mill Street Station {Mill Street Station, LLC}",evidenceOfInsurance,Evidence of Insurance,commercialGeneralLiability,Commercial General Liability,evidenceOfInsuranceCommercialGeneralLiabilityGeneralAggregate,General Aggregate,,matchOnce,must be greater or equal to,2000000,2000000,compliant,Block Requirements,,,false,1,,2026-08-16
"Block Real Estate Services, LLC",69fdf78062446148bd8587e4,69fded0c62446148bd848b05,"Big Biscuit / 27 Biscuits, LLC",69fdf0a60bb484cab513d2da,"mil708 - Mill Street Station {Mill Street Station, LLC}",evidenceOfInsurance,Evidence of Insurance,commercialGeneralLiability,Commercial General Liability,evidenceOfInsuranceCommercialGeneralLiabilityWaiverOfSubrogationEndorsement,Waiver of Subrogation,"---prompt---
Determine if the insurer has waived their right of subrogation in favor of the certificate holder under the Commercial General Liability policy. Evidence may include: a checked ""Waiver of Subrogation"" box on the certificate, mention in the Description of Operations section stating ""waiver of subrogation applies"", or reference to form CG 24 04. Look for language like ""subrogation is waived"" or ""per written contract"".",matchOnce,must be present,,Present,compliant,Block Requirements,,,false,1,,2026-08-16
"Block Real Estate Services, LLC",69fdf78062446148bd8587e4,69fded0c62446148bd848b05,"Big Biscuit / 27 Biscuits, LLC",69fdf0a60bb484cab513d2da,"mil708 - Mill Street Station {Mill Street Station, LLC}",evidenceOfInsurance,Evidence of Insurance,excessOrUmbrellaLiability,Umbrella/Excess Liability,evidenceOfInsuranceExcessOrUmbrellaLiabilityOccurence,Coverage Trigger: Occurrence,,matchOnce,must be present,,Present,compliant,Block Requirements,,,false,1,,2026-08-16
"Block Real Estate Services, LLC",69fdf78062446148bd8587e4,69fded0c62446148bd848b05,"Big Biscuit / 27 Biscuits, LLC",69fdf0a60bb484cab513d2da,"mil708 - Mill Street Station {Mill Street Station, LLC}",evidenceOfInsurance,Evidence of Insurance,excessOrUmbrellaLiability,Umbrella/Excess Liability,evidenceOfInsuranceExcessOrUmbrellaLiabilityEachOccurrence,Each Occurrence,,matchOnce,must be greater or equal to,1000000,5000000,compliant,Block Requirements,,,false,1,,2026-08-16
"Block Real Estate Services, LLC",69fdf78062446148bd8587e4,69fded0c62446148bd848b05,"Big Biscuit / 27 Biscuits, LLC",69fdf0a60bb484cab513d2da,"mil708 - Mill Street Station {Mill Street Station, LLC}",evidenceOfInsurance,Evidence of Insurance,excessOrUmbrellaLiability,Umbrella/Excess Liability,evidenceOfInsuranceExcessOrUmbrellaLiabilityAggregate,Aggregate,,matchOnce,must be greater or equal to,1000000,5000000,compliant,Block Requirements,,,false,1,,2026-08-16
"Block Real Estate Services, LLC",69fdf78062446148bd8587e4,69fded0c62446148bd848b05,"Big Biscuit / 27 Biscuits, LLC",69fdf0a60bb484cab513d2da,"mil708 - Mill Street Station {Mill Street Station, LLC}",evidenceOfInsurance,Evidence of Insurance,workersCompensation,Workers' Compensation and Employer's Liability,evidenceOfInsuranceWorkersCompensationStatutoryLimits,Statutory Limits,,matchOnce,must be present,,Present,compliant,Block Requirements,,,false,1,,2026-08-16
"Block Real Estate Services, LLC",69fdf78062446148bd8587e4,69fded0c62446148bd848b05,"Big Biscuit / 27 Biscuits, LLC",69fdf0a60bb484cab513d2da,"mil708 - Mill Street Station {Mill Street Station, LLC}",evidenceOfInsurance,Evidence of Insurance,workersCompensation,Workers' Compensation and Employer's Liability,evidenceOfInsuranceWorkersCompensationEmployersLiabilityEachAccident,Employer's Liability Each Accident,,matchOnce,must be greater or equal to,500000,1000000,compliant,Block Requirements,,,false,1,,2026-08-16
"Block Real Estate Services, LLC",69fdf78062446148bd8587e4,69fded0c62446148bd848b05,"Big Biscuit / 27 Biscuits, LLC",69fdf0a60bb484cab513d2da,"mil708 - Mill Street Station {Mill Street Station, LLC}",evidenceOfInsurance,Evidence of Insurance,workersCompensation,Workers' Compensation and Employer's Liability,evidenceOfInsuranceWorkersCompensationEmployersLiabilityDiseaseEachEmployee,Employer's Liability Disease - each employee,,matchOnce,must be greater or equal to,500000,1000000,compliant,Block Requirements,,,false,1,,2026-08-16
"Block Real Estate Services, LLC",69fdf78062446148bd8587e4,69fded0c62446148bd848b05,"Big Biscuit / 27 Biscuits, LLC",69fdf0a60bb484cab513d2da,"mil708 - Mill Street Station {Mill Street Station, LLC}",evidenceOfInsurance,Evidence of Insurance,workersCompensation,Workers' Compensation and Employer's Liability,evidenceOfInsuranceWorkersCompensationEmployersLiabilityDiseasePolicyLimit,Employer's Liability Disease - policy limit,,matchOnce,must be greater or equal to,500000,1000000,compliant,Block Requirements,,,false,1,,2026-08-16
"Block Real Estate Services, LLC",69fdf78062446148bd8587e4,69fded0c62446148bd848b05,"Big Biscuit / 27 Biscuits, LLC",69fdf0a60bb484cab513d2da,"mil708 - Mill Street Station {Mill Street Station, LLC}",evidenceOfInsurance,Evidence of Insurance,workersCompensation,Workers' Compensation and Employer's Liability,evidenceOfInsuranceWorkersCompensationWaiverOfSubrogationEndorsement,Waiver of Subrogation,"---prompt---
Determine if the insurer has waived their right of subrogation in favor of the certificate holder under the Workers' Compensation policy. Evidence may include: a checked ""Waiver of Subrogation"" box on the certificate, mention in the Description of Operations section stating ""waiver of subrogation applies"", or reference to form WC 00 03 13. Look for language like ""subrogation is waived"" or ""per written contract"".",matchOnce,must be present,,,waived,Block Requirements,WoS for WC not available in the state of MO,,false,0,,2026-08-16
"Block Real Estate Services, LLC",69fdf78062446148bd8587e4,69fded0c62446148bd848b05,"Big Biscuit / 27 Biscuits, LLC",69fdf0a60bb484cab513d2da,"mil708 - Mill Street Station {Mill Street Station, LLC}",evidenceOfInsurance,Evidence of Insurance,6ac20aae-5728-5d57-b364-aeba38527dba,Additional Requirements,4da5b0f1-4c9d-5885-8cf8-5d3cccaed3e0,"Block Real Estate Services, LLC and all others required by contract are named as Additional Insureds","---prompt---
Determine if the Description of Operations or the Additional Remarks Schedule section states the ""Additional Insured as Construction Management, Inc. and all others required by contract"" or reference to blanket additional insured coverage. Look for language like ""certificate holder is additional insured"" or ""per written contract"".",matchOnce,must be present,,,non_compliant,Block Requirements,,,true,0,,2026-08-16
"Block Real Estate Services, LLC",69fdf78062446148bd8587e4,69fded0c62446148bd848b05,"Big Biscuit / 27 Biscuits, LLC",69fdf0a60bb484cab513d2da,"mil708 - Mill Street Station {Mill Street Station, LLC}",evidenceOfInsurance,Evidence of Insurance,6ac20aae-5728-5d57-b364-aeba38527dba,Additional Requirements,e1017741-e47e-5f58-97b8-fbc3043e919f,Umbrella follows form over General Liability,"---prompt---
Determine if the Umbrella/Excess Liability policy follows form to the underlying policies. Evidence may include: language in the Description of Operations section stating the umbrella follows form to underlying coverages or an additional page endorsement stating that it follows form. Follow form means the umbrella policy adopts the same terms, conditions, and exclusions as the underlying policies.",matchOnce,must be present,,Present,compliant,Block Requirements,,,true,1,,2026-08-16
"Block Real Estate Services, LLC",69fdf78062446148bd8587e4,69fded0c62446148bd848b05,"Big Biscuit / 27 Biscuits, LLC",69fdf0a60bb484cab513d2da,"mil708 - Mill Street Station {Mill Street Station, LLC}",evidenceOfInsurance,Evidence of Insurance,6ac20aae-5728-5d57-b364-aeba38527dba,Additional Requirements,2cdd866f-c9a4-576a-afd8-1d045762790c,The location must be listed as: 4039-B Mill Street Kansas City MO 64111,,matchOnce,must be present,,,non_compliant,Block Requirements,,,true,0,,2026-08-16
"Block Real Estate Services, LLC",69fdf78062446148bd8587e4,69fded0c62446148bd848b05,"Big Biscuit / 27 Biscuits, LLC",69fdf0a60bb484cab513d2da,"mil708 - Mill Street Station {Mill Street Station, LLC}",evidenceOfInsurance,Evidence of Insurance,6ac20aae-5728-5d57-b364-aeba38527dba,Additional Requirements,3649e9d1-4e09-59bf-8f30-cb33c40cf117,"Certificate Holder must read: c/o Block Real Estate Services, LLC, 4622 Pennsylvania St., Suite 700, Kansas City, MO, 64112",,matchOnce,must be present,,Present,compliant,Block Requirements,,,true,1,,2026-08-16
"Block Real Estate Services, LLC",69fdf78062446148bd8587e7,69fded1662446148bd848e08,GNC (Store #581-02),69fdf0a60bb484cab513d2da,"mil708 - Mill Street Station {Mill Street Station, LLC}",evidenceOfInsurance,Evidence of Insurance,commercialGeneralLiability,Commercial General Liability,evidenceOfInsuranceCommercialGeneralLiabilityCoverageTriggerOccurrence,Coverage Trigger: Occurrence,,matchOnce,must be present,,,non_compliant,Block Requirements,,,false,0,,2026-08-16
"Block Real Estate Services, LLC",69fdf78062446148bd8587e7,69fded1662446148bd848e08,GNC (Store #581-02),69fdf0a60bb484cab513d2da,"mil708 - Mill Street Station {Mill Street Station, LLC}",evidenceOfInsurance,Evidence of Insurance,commercialGeneralLiability,Commercial General Liability,evidenceOfInsuranceCommercialGeneralLiabilityGeneralAggregateLimitAppliesPerLocation,General Aggregate Limit Applies per: Location,,matchOnce,must be present,,,non_compliant,Block Requirements,,,false,0,,2026-08-16
"Block Real Estate Services, LLC",69fdf78062446148bd8587e7,69fded1662446148bd848e08,GNC (Store #581-02),69fdf0a60bb484cab513d2da,"mil708 - Mill Street Station {Mill Street Station, LLC}",evidenceOfInsurance,Evidence of Insurance,commercialGeneralLiability,Commercial General Liability,evidenceOfInsuranceCommercialGeneralLiabilityEachOccurrence,Each Occurrence,,matchOnce,must be greater or equal to,1000000,,non_compliant,Block Requirements,,,false,0,,2026-08-16
"Block Real Estate Services, LLC",69fdf78062446148bd8587e7,69fded1662446148bd848e08,GNC (Store #581-02),69fdf0a60bb484cab513d2da,"mil708 - Mill Street Station {Mill Street Station, LLC}",evidenceOfInsurance,Evidence of Insurance,commercialGeneralLiability,Commercial General Liability,evidenceOfInsuranceCommercialGeneralLiabilityGeneralAggregate,General Aggregate,,matchOnce,must be greater or equal to,2000000,,non_compliant,Block Requirements,,,false,0,,2026-08-16
"Block Real Estate Services, LLC",69fdf78062446148bd8587e7,69fded1662446148bd848e08,GNC (Store #581-02),69fdf0a60bb484cab513d2da,"mil708 - Mill Street Station {Mill Street Station, LLC}",evidenceOfInsurance,Evidence of Insurance,commercialGeneralLiability,Commercial General Liability,evidenceOfInsuranceCommercialGeneralLiabilityWaiverOfSubrogationEndorsement,Waiver of Subrogation,"---prompt---
Determine if the insurer has waived their right of subrogation in favor of the certificate holder under the Commercial General Liability policy. Evidence may include: a checked ""Waiver of Subrogation"" box on the certificate, mention in the Description of Operations section stating ""waiver of subrogation applies"", or reference to form CG 24 04. Look for language like ""subrogation is waived"" or ""per written contract"".",matchOnce,must be present,,,non_compliant,Block Requirements,,,false,0,,2026-08-16
"Block Real Estate Services, LLC",69fdf78062446148bd8587e7,69fded1662446148bd848e08,GNC (Store #581-02),69fdf0a60bb484cab513d2da,"mil708 - Mill Street Station {Mill Street Station, LLC}",evidenceOfInsurance,Evidence of Insurance,excessOrUmbrellaLiability,Umbrella/Excess Liability,evidenceOfInsuranceExcessOrUmbrellaLiabilityOccurence,Coverage Trigger: Occurrence,,matchOnce,must be present,,,non_compliant,Block Requirements,,,false,0,,2026-08-16
"Block Real Estate Services, LLC",69fdf78062446148bd8587e7,69fded1662446148bd848e08,GNC (Store #581-02),69fdf0a60bb484cab513d2da,"mil708 - Mill Street Station {Mill Street Station, LLC}",evidenceOfInsurance,Evidence of Insurance,excessOrUmbrellaLiability,Umbrella/Excess Liability,evidenceOfInsuranceExcessOrUmbrellaLiabilityEachOccurrence,Each Occurrence,,matchOnce,must be greater or equal to,1000000,,non_compliant,Block Requirements,,,false,0,,2026-08-16
"Block Real Estate Services, LLC",69fdf78062446148bd8587e7,69fded1662446148bd848e08,GNC (Store #581-02),69fdf0a60bb484cab513d2da,"mil708 - Mill Street Station {Mill Street Station, LLC}",evidenceOfInsurance,Evidence of Insurance,excessOrUmbrellaLiability,Umbrella/Excess Liability,evidenceOfInsuranceExcessOrUmbrellaLiabilityAggregate,Aggregate,,matchOnce,must be greater or equal to,1000000,,non_compliant,Block Requirements,,,false,0,,2026-08-16
"Block Real Estate Services, LLC",69fdf78062446148bd8587e7,69fded1662446148bd848e08,GNC (Store #581-02),69fdf0a60bb484cab513d2da,"mil708 - Mill Street Station {Mill Street Station, LLC}",evidenceOfInsurance,Evidence of Insurance,workersCompensation,Workers' Compensation and Employer's Liability,evidenceOfInsuranceWorkersCompensationStatutoryLimits,Statutory Limits,,matchOnce,must be present,,Present,compliant,Block Requirements,,,false,1,,2026-08-16
"Block Real Estate Services, LLC",69fdf78062446148bd8587e7,69fded1662446148bd848e08,GNC (Store #581-02),69fdf0a60bb484cab513d2da,"mil708 - Mill Street Station {Mill Street Station, LLC}",evidenceOfInsurance,Evidence of Insurance,workersCompensation,Workers' Compensation and Employer's Liability,evidenceOfInsuranceWorkersCompensationEmployersLiabilityEachAccident,Employer's Liability Each Accident,,matchOnce,must be greater or equal to,500000,1000000,compliant,Block Requirements,,,false,1,,2026-08-16
"Block Real Estate Services, LLC",69fdf78062446148bd8587e7,69fded1662446148bd848e08,GNC (Store #581-02),69fdf0a60bb484cab513d2da,"mil708 - Mill Street Station {Mill Street Station, LLC}",evidenceOfInsurance,Evidence of Insurance,workersCompensation,Workers' Compensation and Employer's Liability,evidenceOfInsuranceWorkersCompensationEmployersLiabilityDiseaseEachEmployee,Employer's Liability Disease - each employee,,matchOnce,must be greater or equal to,500000,1000000,compliant,Block Requirements,,,false,1,,2026-08-16
"Block Real Estate Services, LLC",69fdf78062446148bd8587e7,69fded1662446148bd848e08,GNC (Store #581-02),69fdf0a60bb484cab513d2da,"mil708 - Mill Street Station {Mill Street Station, LLC}",evidenceOfInsurance,Evidence of Insurance,workersCompensation,Workers' Compensation and Employer's Liability,evidenceOfInsuranceWorkersCompensationEmployersLiabilityDiseasePolicyLimit,Employer's Liability Disease - policy limit,,matchOnce,must be greater or equal to,500000,1000000,compliant,Block Requirements,,,false,1,,2026-08-16
"Block Real Estate Services, LLC",69fdf78062446148bd8587e7,69fded1662446148bd848e08,GNC (Store #581-02),69fdf0a60bb484cab513d2da,"mil708 - Mill Street Station {Mill Street Station, LLC}",evidenceOfInsurance,Evidence of Insurance,workersCompensation,Workers' Compensation and Employer's Liability,evidenceOfInsuranceWorkersCompensationWaiverOfSubrogationEndorsement,Waiver of Subrogation,"---prompt---
Determine if the insurer has waived their right of subrogation in favor of the certificate holder under the Workers' Compensation policy. Evidence may include: a checked ""Waiver of Subrogation"" box on the certificate, mention in the Description of Operations section stating ""waiver of subrogation applies"", or reference to form WC 00 03 13. Look for language like ""subrogation is waived"" or ""per written contract"".",matchOnce,must be present,,Present,compliant,Block Requirements,,,false,1,,2026-08-16
"Block Real Estate Services, LLC",69fdf78062446148bd8587e7,69fded1662446148bd848e08,GNC (Store #581-02),69fdf0a60bb484cab513d2da,"mil708 - Mill Street Station {Mill Street Station, LLC}",evidenceOfInsurance,Evidence of Insurance,6ac20aae-5728-5d57-b364-aeba38527dba,Additional Requirements,4da5b0f1-4c9d-5885-8cf8-5d3cccaed3e0,"Block Real Estate Services, LLC and all others required by contract are named as Additional Insureds","---prompt---
Determine if the Description of Operations or the Additional Remarks Schedule section states the ""Additional Insured as Construction Management, Inc. and all others required by contract"" or reference to blanket additional insured coverage. Look for language like ""certificate holder is additional insured"" or ""per written contract"".",matchOnce,must be present,,,non_compliant,Block Requirements,,,true,0,,2026-08-16
"Block Real Estate Services, LLC",69fdf78062446148bd8587e7,69fded1662446148bd848e08,GNC (Store #581-02),69fdf0a60bb484cab513d2da,"mil708 - Mill Street Station {Mill Street Station, LLC}",evidenceOfInsurance,Evidence of Insurance,6ac20aae-5728-5d57-b364-aeba38527dba,Additional Requirements,e1017741-e47e-5f58-97b8-fbc3043e919f,Umbrella follows form over General Liability,"---prompt---
Determine if the Umbrella/Excess Liability policy follows form to the underlying policies. Evidence may include: language in the Description of Operations section stating the umbrella follows form to underlying coverages or an additional page endorsement stating that it follows form. Follow form means the umbrella policy adopts the same terms, conditions, and exclusions as the underlying policies.",matchOnce,must be present,,,non_compliant,Block Requirements,,,true,0,,2026-08-16
"Block Real Estate Services, LLC",69fdf78062446148bd8587e7,69fded1662446148bd848e08,GNC (Store #581-02),69fdf0a60bb484cab513d2da,"mil708 - Mill Street Station {Mill Street Station, LLC}",evidenceOfInsurance,Evidence of Insurance,6ac20aae-5728-5d57-b364-aeba38527dba,Additional Requirements,2cdd866f-c9a4-576a-afd8-1d045762790c,The location must be listed as: 4025 Mill Street Kansas City MO 64111,,matchOnce,must be present,,Present,compliant,Block Requirements,,,true,1,,2026-08-16
"Block Real Estate Services, LLC",69fdf78062446148bd8587e7,69fded1662446148bd848e08,GNC (Store #581-02),69fdf0a60bb484cab513d2da,"mil708 - Mill Street Station {Mill Street Station, LLC}",evidenceOfInsurance,Evidence of Insurance,6ac20aae-5728-5d57-b364-aeba38527dba,Additional Requirements,3649e9d1-4e09-59bf-8f30-cb33c40cf117,"Certificate Holder must read: c/o Block Real Estate Services, LLC, 4622 Pennsylvania St., Suite 700, Kansas City, MO, 64112",,matchOnce,must be present,,Present,compliant,Block Requirements,,,true,1,,2026-08-16
"Block Real Estate Services, LLC",69fdf78062446148bd8587e6,69fded1162446148bd848cbb,"Cosentino, Group, Inc. / Associated Wholesale Grocers, Inc.",69fdf0a60bb484cab513d2da,"mil708 - Mill Street Station {Mill Street Station, LLC}",evidenceOfInsurance,Evidence of Insurance,commercialGeneralLiability,Commercial General Liability,evidenceOfInsuranceCommercialGeneralLiabilityCoverageTriggerOccurrence,Coverage Trigger: Occurrence,,matchOnce,must be present,,,non_compliant,Block Requirements,,,false,0,,2026-08-16
"Block Real Estate Services, LLC",69fdf78062446148bd8587e6,69fded1162446148bd848cbb,"Cosentino, Group, Inc. / Associated Wholesale Grocers, Inc.",69fdf0a60bb484cab513d2da,"mil708 - Mill Street Station {Mill Street Station, LLC}",evidenceOfInsurance,Evidence of Insurance,commercialGeneralLiability,Commercial General Liability,evidenceOfInsuranceCommercialGeneralLiabilityGeneralAggregateLimitAppliesPerLocation,General Aggregate Limit Applies per: Location,,matchOnce,must be present,,,non_compliant,Block Requirements,,,false,0,,2026-08-16
"Block Real Estate Services, LLC",69fdf78062446148bd8587e6,69fded1162446148bd848cbb,"Cosentino, Group, Inc. / Associated Wholesale Grocers, Inc.",69fdf0a60bb484cab513d2da,"mil708 - Mill Street Station {Mill Street Station, LLC}",evidenceOfInsurance,Evidence of Insurance,commercialGeneralLiability,Commercial General Liability,evidenceOfInsuranceCommercialGeneralLiabilityEachOccurrence,Each Occurrence,,matchOnce,must be greater or equal to,1000000,2000000,compliant,Block Requirements,,,false,1,,2026-08-16
"Block Real Estate Services, LLC",69fdf78062446148bd8587e6,69fded1162446148bd848cbb,"Cosentino, Group, Inc. / Associated Wholesale Grocers, Inc.",69fdf0a60bb484cab513d2da,"mil708 - Mill Street Station {Mill Street Station, LLC}",evidenceOfInsurance,Evidence of Insurance,commercialGeneralLiability,Commercial General Liability,evidenceOfInsuranceCommercialGeneralLiabilityGeneralAggregate,General Aggregate,,matchOnce,must be greater or equal to,2000000,5000000,compliant,Block Requirements,,,false,1,,2026-08-16
"Block Real Estate Services, LLC",69fdf78062446148bd8587e6,69fded1162446148bd848cbb,"Cosentino, Group, Inc. / Associated Wholesale Grocers, Inc.",69fdf0a60bb484cab513d2da,"mil708 - Mill Street Station {Mill Street Station, LLC}",evidenceOfInsurance,Evidence of Insurance,commercialGeneralLiability,Commercial General Liability,evidenceOfInsuranceCommercialGeneralLiabilityWaiverOfSubrogationEndorsement,Waiver of Subrogation,"---prompt---
Determine if the insurer has waived their right of subrogation in favor of the certificate holder under the Commercial General Liability policy. Evidence may include: a checked ""Waiver of Subrogation"" box on the certificate, mention in the Description of Operations section stating ""waiver of subrogation applies"", or reference to form CG 24 04. Look for language like ""subrogation is waived"" or ""per written contract"".",matchOnce,must be present,,,non_compliant,Block Requirements,,,false,0,,2026-08-16
"Block Real Estate Services, LLC",69fdf78062446148bd8587e6,69fded1162446148bd848cbb,"Cosentino, Group, Inc. / Associated Wholesale Grocers, Inc.",69fdf0a60bb484cab513d2da,"mil708 - Mill Street Station {Mill Street Station, LLC}",evidenceOfInsurance,Evidence of Insurance,excessOrUmbrellaLiability,Umbrella/Excess Liability,evidenceOfInsuranceExcessOrUmbrellaLiabilityOccurence,Coverage Trigger: Occurrence,,matchOnce,must be present,,Present,compliant,Block Requirements,,,false,1,,2026-08-16
"Block Real Estate Services, LLC",69fdf78062446148bd8587e6,69fded1162446148bd848cbb,"Cosentino, Group, Inc. / Associated Wholesale Grocers, Inc.",69fdf0a60bb484cab513d2da,"mil708 - Mill Street Station {Mill Street Station, LLC}",evidenceOfInsurance,Evidence of Insurance,excessOrUmbrellaLiability,Umbrella/Excess Liability,evidenceOfInsuranceExcessOrUmbrellaLiabilityEachOccurrence,Each Occurrence,,matchOnce,must be greater or equal to,1000000,50000000,compliant,Block Requirements,,,false,1,,2026-08-16
"Block Real Estate Services, LLC",69fdf78062446148bd8587e6,69fded1162446148bd848cbb,"Cosentino, Group, Inc. / Associated Wholesale Grocers, Inc.",69fdf0a60bb484cab513d2da,"mil708 - Mill Street Station {Mill Street Station, LLC}",evidenceOfInsurance,Evidence of Insurance,excessOrUmbrellaLiability,Umbrella/Excess Liability,evidenceOfInsuranceExcessOrUmbrellaLiabilityAggregate,Aggregate,,matchOnce,must be greater or equal to,1000000,50000000,compliant,Block Requirements,,,false,1,,2026-08-16
"Block Real Estate Services, LLC",69fdf78062446148bd8587e6,69fded1162446148bd848cbb,"Cosentino, Group, Inc. / Associated Wholesale Grocers, Inc.",69fdf0a60bb484cab513d2da,"mil708 - Mill Street Station {Mill Street Station, LLC}",evidenceOfInsurance,Evidence of Insurance,workersCompensation,Workers' Compensation and Employer's Liability,evidenceOfInsuranceWorkersCompensationStatutoryLimits,Statutory Limits,,matchOnce,must be present,,Present,compliant,Block Requirements,,,false,1,,2026-08-16
"Block Real Estate Services, LLC",69fdf78062446148bd8587e6,69fded1162446148bd848cbb,"Cosentino, Group, Inc. / Associated Wholesale Grocers, Inc.",69fdf0a60bb484cab513d2da,"mil708 - Mill Street Station {Mill Street Station, LLC}",evidenceOfInsurance,Evidence of Insurance,workersCompensation,Workers' Compensation and Employer's Liability,evidenceOfInsuranceWorkersCompensationEmployersLiabilityEachAccident,Employer's Liability Each Accident,,matchOnce,must be greater or equal to,500000,1000000,compliant,Block Requirements,,,false,1,,2026-08-16
"Block Real Estate Services, LLC",69fdf78062446148bd8587e6,69fded1162446148bd848cbb,"Cosentino, Group, Inc. / Associated Wholesale Grocers, Inc.",69fdf0a60bb484cab513d2da,"mil708 - Mill Street Station {Mill Street Station, LLC}",evidenceOfInsurance,Evidence of Insurance,workersCompensation,Workers' Compensation and Employer's Liability,evidenceOfInsuranceWorkersCompensationEmployersLiabilityDiseaseEachEmployee,Employer's Liability Disease - each employee,,matchOnce,must be greater or equal to,500000,1000000,compliant,Block Requirements,,,false,1,,2026-08-16
"Block Real Estate Services, LLC",69fdf78062446148bd8587e6,69fded1162446148bd848cbb,"Cosentino, Group, Inc. / Associated Wholesale Grocers, Inc.",69fdf0a60bb484cab513d2da,"mil708 - Mill Street Station {Mill Street Station, LLC}",evidenceOfInsurance,Evidence of Insurance,workersCompensation,Workers' Compensation and Employer's Liability,evidenceOfInsuranceWorkersCompensationEmployersLiabilityDiseasePolicyLimit,Employer's Liability Disease - policy limit,,matchOnce,must be greater or equal to,500000,1000000,compliant,Block Requirements,,,false,1,,2026-08-16
"Block Real Estate Services, LLC",69fdf78062446148bd8587e6,69fded1162446148bd848cbb,"Cosentino, Group, Inc. / Associated Wholesale Grocers, Inc.",69fdf0a60bb484cab513d2da,"mil708 - Mill Street Station {Mill Street Station, LLC}",evidenceOfInsurance,Evidence of Insurance,workersCompensation,Workers' Compensation and Employer's Liability,evidenceOfInsuranceWorkersCompensationWaiverOfSubrogationEndorsement,Waiver of Subrogation,"---prompt---
Determine if the insurer has waived their right of subrogation in favor of the certificate holder under the Workers' Compensation policy. Evidence may include: a checked ""Waiver of Subrogation"" box on the certificate, mention in the Description of Operations section stating ""waiver of subrogation applies"", or reference to form WC 00 03 13. Look for language like ""subrogation is waived"" or ""per written contract"".",matchOnce,must be present,,,non_compliant,Block Requirements,,,false,0,,2026-08-16
"Block Real Estate Services, LLC",69fdf78062446148bd8587e6,69fded1162446148bd848cbb,"Cosentino, Group, Inc. / Associated Wholesale Grocers, Inc.",69fdf0a60bb484cab513d2da,"mil708 - Mill Street Station {Mill Street Station, LLC}",evidenceOfInsurance,Evidence of Insurance,6ac20aae-5728-5d57-b364-aeba38527dba,Additional Requirements,4da5b0f1-4c9d-5885-8cf8-5d3cccaed3e0,"Block Real Estate Services, LLC and all others required by contract are named as Additional Insureds","---prompt---
Determine if the Description of Operations or the Additional Remarks Schedule section states the ""Additional Insured as Construction Management, Inc. and all others required by contract"" or reference to blanket additional insured coverage. Look for language like ""certificate holder is additional insured"" or ""per written contract"".",matchOnce,must be present,,Present,compliant,Block Requirements,,,true,1,,2026-08-16
"Block Real Estate Services, LLC",69fdf78062446148bd8587e6,69fded1162446148bd848cbb,"Cosentino, Group, Inc. / Associated Wholesale Grocers, Inc.",69fdf0a60bb484cab513d2da,"mil708 - Mill Street Station {Mill Street Station, LLC}",evidenceOfInsurance,Evidence of Insurance,6ac20aae-5728-5d57-b364-aeba38527dba,Additional Requirements,e1017741-e47e-5f58-97b8-fbc3043e919f,Umbrella follows form over General Liability,"---prompt---
Determine if the Umbrella/Excess Liability policy follows form to the underlying policies. Evidence may include: language in the Description of Operations section stating the umbrella follows form to underlying coverages or an additional page endorsement stating that it follows form. Follow form means the umbrella policy adopts the same terms, conditions, and exclusions as the underlying policies.",matchOnce,must be present,,,non_compliant,Block Requirements,,,true,0,,2026-08-16
"Block Real Estate Services, LLC",69fdf78062446148bd8587e6,69fded1162446148bd848cbb,"Cosentino, Group, Inc. / Associated Wholesale Grocers, Inc.",69fdf0a60bb484cab513d2da,"mil708 - Mill Street Station {Mill Street Station, LLC}",evidenceOfInsurance,Evidence of Insurance,6ac20aae-5728-5d57-b364-aeba38527dba,Additional Requirements,2cdd866f-c9a4-576a-afd8-1d045762790c,The location must be listed as: 4001 Mill Street Kansas City MO 64111,,matchOnce,must be present,,Present,compliant,Block Requirements,,,true,1,,2026-08-16
"Block Real Estate Services, LLC",69fdf78062446148bd8587e6,69fded1162446148bd848cbb,"Cosentino, Group, Inc. / Associated Wholesale Grocers, Inc.",69fdf0a60bb484cab513d2da,"mil708 - Mill Street Station {Mill Street Station, LLC}",evidenceOfInsurance,Evidence of Insurance,6ac20aae-5728-5d57-b364-aeba38527dba,Additional Requirements,3649e9d1-4e09-59bf-8f30-cb33c40cf117,"Certificate Holder must read: c/o Block Real Estate Services, LLC, 4622 Pennsylvania St., Suite 700, Kansas City, MO, 64112",,matchOnce,must be present,,Present,compliant,Block Requirements,,,true,1,,2026-08-16
"Block Real Estate Services, LLC",69fdf78062446148bd8587ea,69fded1c62446148bd848fe2,"National Vision, Inc",69fdf0a60bb484cab513d2da,"mil708 - Mill Street Station {Mill Street Station, LLC}",evidenceOfInsurance,Evidence of Insurance,commercialGeneralLiability,Commercial General Liability,evidenceOfInsuranceCommercialGeneralLiabilityCoverageTriggerOccurrence,Coverage Trigger: Occurrence,,matchOnce,must be present,,Present,compliant,Block Requirements,,,false,1,,2026-08-16
"Block Real Estate Services, LLC",69fdf78062446148bd8587ea,69fded1c62446148bd848fe2,"National Vision, Inc",69fdf0a60bb484cab513d2da,"mil708 - Mill Street Station {Mill Street Station, LLC}",evidenceOfInsurance,Evidence of Insurance,commercialGeneralLiability,Commercial General Liability,evidenceOfInsuranceCommercialGeneralLiabilityGeneralAggregateLimitAppliesPerLocation,General Aggregate Limit Applies per: Location,,matchOnce,must be present,,,non_compliant,Block Requirements,,,false,0,,2026-08-16
"Block Real Estate Services, LLC",69fdf78062446148bd8587ea,69fded1c62446148bd848fe2,"National Vision, Inc",69fdf0a60bb484cab513d2da,"mil708 - Mill Street Station {Mill Street Station, LLC}",evidenceOfInsurance,Evidence of Insurance,commercialGeneralLiability,Commercial General Liability,evidenceOfInsuranceCommercialGeneralLiabilityEachOccurrence,Each Occurrence,,matchOnce,must be greater or equal to,1000000,2000000,compliant,Block Requirements,,,false,1,,2026-08-16
"Block Real Estate Services, LLC",69fdf78062446148bd8587ea,69fded1c62446148bd848fe2,"National Vision, Inc",69fdf0a60bb484cab513d2da,"mil708 - Mill Street Station {Mill Street Station, LLC}",evidenceOfInsurance,Evidence of Insurance,commercialGeneralLiability,Commercial General Liability,evidenceOfInsuranceCommercialGeneralLiabilityGeneralAggregate,General Aggregate,,matchOnce,must be greater or equal to,2000000,4000000,compliant,Block Requirements,,,false,1,,2026-08-16
"Block Real Estate Services, LLC",69fdf78062446148bd8587ea,69fded1c62446148bd848fe2,"National Vision, Inc",69fdf0a60bb484cab513d2da,"mil708 - Mill Street Station {Mill Street Station, LLC}",evidenceOfInsurance,Evidence of Insurance,commercialGeneralLiability,Commercial General Liability,evidenceOfInsuranceCommercialGeneralLiabilityWaiverOfSubrogationEndorsement,Waiver of Subrogation,"---prompt---
Determine if the insurer has waived their right of subrogation in favor of the certificate holder under the Commercial General Liability policy. Evidence may include: a checked ""Waiver of Subrogation"" box on the certificate, mention in the Description of Operations section stating ""waiver of subrogation applies"", or reference to form CG 24 04. Look for language like ""subrogation is waived"" or ""per written contract"".",matchOnce,must be present,,,non_compliant,Block Requirements,,,false,0,,2026-08-16
"Block Real Estate Services, LLC",69fdf78062446148bd8587ea,69fded1c62446148bd848fe2,"National Vision, Inc",69fdf0a60bb484cab513d2da,"mil708 - Mill Street Station {Mill Street Station, LLC}",evidenceOfInsurance,Evidence of Insurance,excessOrUmbrellaLiability,Umbrella/Excess Liability,evidenceOfInsuranceExcessOrUmbrellaLiabilityOccurence,Coverage Trigger: Occurrence,,matchOnce,must be present,,Present,compliant,Block Requirements,,,false,1,,2026-08-16
"Block Real Estate Services, LLC",69fdf78062446148bd8587ea,69fded1c62446148bd848fe2,"National Vision, Inc",69fdf0a60bb484cab513d2da,"mil708 - Mill Street Station {Mill Street Station, LLC}",evidenceOfInsurance,Evidence of Insurance,excessOrUmbrellaLiability,Umbrella/Excess Liability,evidenceOfInsuranceExcessOrUmbrellaLiabilityEachOccurrence,Each Occurrence,,matchOnce,must be greater or equal to,1000000,5000000,compliant,Block Requirements,,,false,1,,2026-08-16
"Block Real Estate Services, LLC",69fdf78062446148bd8587ea,69fded1c62446148bd848fe2,"National Vision, Inc",69fdf0a60bb484cab513d2da,"mil708 - Mill Street Station {Mill Street Station, LLC}",evidenceOfInsurance,Evidence of Insurance,excessOrUmbrellaLiability,Umbrella/Excess Liability,evidenceOfInsuranceExcessOrUmbrellaLiabilityAggregate,Aggregate,,matchOnce,must be greater or equal to,1000000,5000000,compliant,Block Requirements,,,false,1,,2026-08-16
"Block Real Estate Services, LLC",69fdf78062446148bd8587ea,69fded1c62446148bd848fe2,"National Vision, Inc",69fdf0a60bb484cab513d2da,"mil708 - Mill Street Station {Mill Street Station, LLC}",evidenceOfInsurance,Evidence of Insurance,workersCompensation,Workers' Compensation and Employer's Liability,evidenceOfInsuranceWorkersCompensationStatutoryLimits,Statutory Limits,,matchOnce,must be present,,Present,compliant,Block Requirements,,,false,1,,2026-08-16
"Block Real Estate Services, LLC",69fdf78062446148bd8587ea,69fded1c62446148bd848fe2,"National Vision, Inc",69fdf0a60bb484cab513d2da,"mil708 - Mill Street Station {Mill Street Station, LLC}",evidenceOfInsurance,Evidence of Insurance,workersCompensation,Workers' Compensation and Employer's Liability,evidenceOfInsuranceWorkersCompensationEmployersLiabilityEachAccident,Employer's Liability Each Accident,,matchOnce,must be greater or equal to,500000,1000000,compliant,Block Requirements,,,false,1,,2026-08-16
"Block Real Estate Services, LLC",69fdf78062446148bd8587ea,69fded1c62446148bd848fe2,"National Vision, Inc",69fdf0a60bb484cab513d2da,"mil708 - Mill Street Station {Mill Street Station, LLC}",evidenceOfInsurance,Evidence of Insurance,workersCompensation,Workers' Compensation and Employer's Liability,evidenceOfInsuranceWorkersCompensationEmployersLiabilityDiseaseEachEmployee,Employer's Liability Disease - each employee,,matchOnce,must be greater or equal to,500000,1000000,compliant,Block Requirements,,,false,1,,2026-08-16
"Block Real Estate Services, LLC",69fdf78062446148bd8587ea,69fded1c62446148bd848fe2,"National Vision, Inc",69fdf0a60bb484cab513d2da,"mil708 - Mill Street Station {Mill Street Station, LLC}",evidenceOfInsurance,Evidence of Insurance,workersCompensation,Workers' Compensation and Employer's Liability,evidenceOfInsuranceWorkersCompensationEmployersLiabilityDiseasePolicyLimit,Employer's Liability Disease - policy limit,,matchOnce,must be greater or equal to,500000,1000000,compliant,Block Requirements,,,false,1,,2026-08-16
"Block Real Estate Services, LLC",69fdf78062446148bd8587ea,69fded1c62446148bd848fe2,"National Vision, Inc",69fdf0a60bb484cab513d2da,"mil708 - Mill Street Station {Mill Street Station, LLC}",evidenceOfInsurance,Evidence of Insurance,workersCompensation,Workers' Compensation and Employer's Liability,evidenceOfInsuranceWorkersCompensationWaiverOfSubrogationEndorsement,Waiver of Subrogation,"---prompt---
Determine if the insurer has waived their right of subrogation in favor of the certificate holder under the Workers' Compensation policy. Evidence may include: a checked ""Waiver of Subrogation"" box on the certificate, mention in the Description of Operations section stating ""waiver of subrogation applies"", or reference to form WC 00 03 13. Look for language like ""subrogation is waived"" or ""per written contract"".",matchOnce,must be present,,,non_compliant,Block Requirements,,,false,0,,2026-08-16
"Block Real Estate Services, LLC",69fdf78062446148bd8587ea,69fded1c62446148bd848fe2,"National Vision, Inc",69fdf0a60bb484cab513d2da,"mil708 - Mill Street Station {Mill Street Station, LLC}",evidenceOfInsurance,Evidence of Insurance,6ac20aae-5728-5d57-b364-aeba38527dba,Additional Requirements,4da5b0f1-4c9d-5885-8cf8-5d3cccaed3e0,"Block Real Estate Services, LLC and all others required by contract are named as Additional Insureds","---prompt---
Determine if the Description of Operations or the Additional Remarks Schedule section states the ""Additional Insured as Construction Management, Inc. and all others required by contract"" or reference to blanket additional insured coverage. Look for language like ""certificate holder is additional insured"" or ""per written contract"".",matchOnce,must be present,,,non_compliant,Block Requirements,,,true,0,,2026-08-16
"Block Real Estate Services, LLC",69fdf78062446148bd8587ea,69fded1c62446148bd848fe2,"National Vision, Inc",69fdf0a60bb484cab513d2da,"mil708 - Mill Street Station {Mill Street Station, LLC}",evidenceOfInsurance,Evidence of Insurance,6ac20aae-5728-5d57-b364-aeba38527dba,Additional Requirements,e1017741-e47e-5f58-97b8-fbc3043e919f,Umbrella follows form over General Liability,"---prompt---
Determine if the Umbrella/Excess Liability policy follows form to the underlying policies. Evidence may include: language in the Description of Operations section stating the umbrella follows form to underlying coverages or an additional page endorsement stating that it follows form. Follow form means the umbrella policy adopts the same terms, conditions, and exclusions as the underlying policies.",matchOnce,must be present,,,non_compliant,Block Requirements,,,true,0,,2026-08-16
"Block Real Estate Services, LLC",69fdf78062446148bd8587ea,69fded1c62446148bd848fe2,"National Vision, Inc",69fdf0a60bb484cab513d2da,"mil708 - Mill Street Station {Mill Street Station, LLC}",evidenceOfInsurance,Evidence of Insurance,6ac20aae-5728-5d57-b364-aeba38527dba,Additional Requirements,2cdd866f-c9a4-576a-afd8-1d045762790c,The location must be listed as: 4027 Mill Street Kansas City MO 64111,,matchOnce,must be present,,Present,compliant,Block Requirements,,,true,1,,2026-08-16
"Block Real Estate Services, LLC",69fdf78062446148bd8587ea,69fded1c62446148bd848fe2,"National Vision, Inc",69fdf0a60bb484cab513d2da,"mil708 - Mill Street Station {Mill Street Station, LLC}",evidenceOfInsurance,Evidence of Insurance,6ac20aae-5728-5d57-b364-aeba38527dba,Additional Requirements,3649e9d1-4e09-59bf-8f30-cb33c40cf117,"Certificate Holder must read: c/o Block Real Estate Services, LLC, 4622 Pennsylvania St., Suite 700, Kansas City, MO, 64112",,matchOnce,must be present,,Present,compliant,Block Requirements,,,true,1,,2026-08-16
"Block Real Estate Services, LLC",69fdf78062446148bd8587e8,69fded1762446148bd848e8c,Great Clips / Iris Corporation,69fdf0a60bb484cab513d2da,"mil708 - Mill Street Station {Mill Street Station, LLC}",evidenceOfInsurance,Evidence of Insurance,commercialGeneralLiability,Commercial General Liability,evidenceOfInsuranceCommercialGeneralLiabilityCoverageTriggerOccurrence,Coverage Trigger: Occurrence,,matchOnce,must be present,,,non_compliant,Block Requirements,,,false,0,,2026-08-16
"Block Real Estate Services, LLC",69fdf78062446148bd8587e8,69fded1762446148bd848e8c,Great Clips / Iris Corporation,69fdf0a60bb484cab513d2da,"mil708 - Mill Street Station {Mill Street Station, LLC}",evidenceOfInsurance,Evidence of Insurance,commercialGeneralLiability,Commercial General Liability,evidenceOfInsuranceCommercialGeneralLiabilityGeneralAggregateLimitAppliesPerLocation,General Aggregate Limit Applies per: Location,,matchOnce,must be present,,,non_compliant,Block Requirements,,,false,0,,2026-08-16
"Block Real Estate Services, LLC",69fdf78062446148bd8587e8,69fded1762446148bd848e8c,Great Clips / Iris Corporation,69fdf0a60bb484cab513d2da,"mil708 - Mill Street Station {Mill Street Station, LLC}",evidenceOfInsurance,Evidence of Insurance,commercialGeneralLiability,Commercial General Liability,evidenceOfInsuranceCommercialGeneralLiabilityEachOccurrence,Each Occurrence,,matchOnce,must be greater or equal to,1000000,,non_compliant,Block Requirements,,,false,0,,2026-08-16
"Block Real Estate Services, LLC",69fdf78062446148bd8587e8,69fded1762446148bd848e8c,Great Clips / Iris Corporation,69fdf0a60bb484cab513d2da,"mil708 - Mill Street Station {Mill Street Station, LLC}",evidenceOfInsurance,Evidence of Insurance,commercialGeneralLiability,Commercial General Liability,evidenceOfInsuranceCommercialGeneralLiabilityGeneralAggregate,General Aggregate,,matchOnce,must be greater or equal to,2000000,,non_compliant,Block Requirements,,,false,0,,2026-08-16
"Block Real Estate Services, LLC",69fdf78062446148bd8587e8,69fded1762446148bd848e8c,Great Clips / Iris Corporation,69fdf0a60bb484cab513d2da,"mil708 - Mill Street Station {Mill Street Station, LLC}",evidenceOfInsurance,Evidence of Insurance,commercialGeneralLiability,Commercial General Liability,evidenceOfInsuranceCommercialGeneralLiabilityWaiverOfSubrogationEndorsement,Waiver of Subrogation,"---prompt---
Determine if the insurer has waived their right of subrogation in favor of the certificate holder under the Commercial General Liability policy. Evidence may include: a checked ""Waiver of Subrogation"" box on the certificate, mention in the Description of Operations section stating ""waiver of subrogation applies"", or reference to form CG 24 04. Look for language like ""subrogation is waived"" or ""per written contract"".",matchOnce,must be present,,,non_compliant,Block Requirements,,,false,0,,2026-08-16
"Block Real Estate Services, LLC",69fdf78062446148bd8587e8,69fded1762446148bd848e8c,Great Clips / Iris Corporation,69fdf0a60bb484cab513d2da,"mil708 - Mill Street Station {Mill Street Station, LLC}",evidenceOfInsurance,Evidence of Insurance,excessOrUmbrellaLiability,Umbrella/Excess Liability,evidenceOfInsuranceExcessOrUmbrellaLiabilityOccurence,Coverage Trigger: Occurrence,,matchOnce,must be present,,,non_compliant,Block Requirements,,,false,0,,2026-08-16
"Block Real Estate Services, LLC",69fdf78062446148bd8587e8,69fded1762446148bd848e8c,Great Clips / Iris Corporation,69fdf0a60bb484cab513d2da,"mil708 - Mill Street Station {Mill Street Station, LLC}",evidenceOfInsurance,Evidence of Insurance,excessOrUmbrellaLiability,Umbrella/Excess Liability,evidenceOfInsuranceExcessOrUmbrellaLiabilityEachOccurrence,Each Occurrence,,matchOnce,must be greater or equal to,1000000,,non_compliant,Block Requirements,,,false,0,,2026-08-16
"Block Real Estate Services, LLC",69fdf78062446148bd8587e8,69fded1762446148bd848e8c,Great Clips / Iris Corporation,69fdf0a60bb484cab513d2da,"mil708 - Mill Street Station {Mill Street Station, LLC}",evidenceOfInsurance,Evidence of Insurance,excessOrUmbrellaLiability,Umbrella/Excess Liability,evidenceOfInsuranceExcessOrUmbrellaLiabilityAggregate,Aggregate,,matchOnce,must be greater or equal to,1000000,,non_compliant,Block Requirements,,,false,0,,2026-08-16
"Block Real Estate Services, LLC",69fdf78062446148bd8587e8,69fded1762446148bd848e8c,Great Clips / Iris Corporation,69fdf0a60bb484cab513d2da,"mil708 - Mill Street Station {Mill Street Station, LLC}",evidenceOfInsurance,Evidence of Insurance,workersCompensation,Workers' Compensation and Employer's Liability,evidenceOfInsuranceWorkersCompensationStatutoryLimits,Statutory Limits,,matchOnce,must be present,,,non_compliant,Block Requirements,,,false,0,,2026-08-16
"Block Real Estate Services, LLC",69fdf78062446148bd8587e8,69fded1762446148bd848e8c,Great Clips / Iris Corporation,69fdf0a60bb484cab513d2da,"mil708 - Mill Street Station {Mill Street Station, LLC}",evidenceOfInsurance,Evidence of Insurance,workersCompensation,Workers' Compensation and Employer's Liability,evidenceOfInsuranceWorkersCompensationEmployersLiabilityEachAccident,Employer's Liability Each Accident,,matchOnce,must be greater or equal to,500000,,non_compliant,Block Requirements,,,false,0,,2026-08-16
"Block Real Estate Services, LLC",69fdf78062446148bd8587e8,69fded1762446148bd848e8c,Great Clips / Iris Corporation,69fdf0a60bb484cab513d2da,"mil708 - Mill Street Station {Mill Street Station, LLC}",evidenceOfInsurance,Evidence of Insurance,workersCompensation,Workers' Compensation and Employer's Liability,evidenceOfInsuranceWorkersCompensationEmployersLiabilityDiseaseEachEmployee,Employer's Liability Disease - each employee,,matchOnce,must be greater or equal to,500000,,non_compliant,Block Requirements,,,false,0,,2026-08-16
"Block Real Estate Services, LLC",69fdf78062446148bd8587e8,69fded1762446148bd848e8c,Great Clips / Iris Corporation,69fdf0a60bb484cab513d2da,"mil708 - Mill Street Station {Mill Street Station, LLC}",evidenceOfInsurance,Evidence of Insurance,workersCompensation,Workers' Compensation and Employer's Liability,evidenceOfInsuranceWorkersCompensationEmployersLiabilityDiseasePolicyLimit,Employer's Liability Disease - policy limit,,matchOnce,must be greater or equal to,500000,,non_compliant,Block Requirements,,,false,0,,2026-08-16
"Block Real Estate Services, LLC",69fdf78062446148bd8587e8,69fded1762446148bd848e8c,Great Clips / Iris Corporation,69fdf0a60bb484cab513d2da,"mil708 - Mill Street Station {Mill Street Station, LLC}",evidenceOfInsurance,Evidence of Insurance,workersCompensation,Workers' Compensation and Employer's Liability,evidenceOfInsuranceWorkersCompensationWaiverOfSubrogationEndorsement,Waiver of Subrogation,"---prompt---
Determine if the insurer has waived their right of subrogation in favor of the certificate holder under the Workers' Compensation policy. Evidence may include: a checked ""Waiver of Subrogation"" box on the certificate, mention in the Description of Operations section stating ""waiver of subrogation applies"", or reference to form WC 00 03 13. Look for language like ""subrogation is waived"" or ""per written contract"".",matchOnce,must be present,,,non_compliant,Block Requirements,,,false,0,,2026-08-16
"Block Real Estate Services, LLC",69fdf78062446148bd8587e8,69fded1762446148bd848e8c,Great Clips / Iris Corporation,69fdf0a60bb484cab513d2da,"mil708 - Mill Street Station {Mill Street Station, LLC}",evidenceOfInsurance,Evidence of Insurance,6ac20aae-5728-5d57-b364-aeba38527dba,Additional Requirements,4da5b0f1-4c9d-5885-8cf8-5d3cccaed3e0,"Block Real Estate Services, LLC and all others required by contract are named as Additional Insureds","---prompt---
Determine if the Description of Operations or the Additional Remarks Schedule section states the ""Additional Insured as Construction Management, Inc. and all others required by contract"" or reference to blanket additional insured coverage. Look for language like ""certificate holder is additional insured"" or ""per written contract"".",matchOnce,must be present,,,non_compliant,Block Requirements,,,true,0,,2026-08-16
"Block Real Estate Services, LLC",69fdf78062446148bd8587e8,69fded1762446148bd848e8c,Great Clips / Iris Corporation,69fdf0a60bb484cab513d2da,"mil708 - Mill Street Station {Mill Street Station, LLC}",evidenceOfInsurance,Evidence of Insurance,6ac20aae-5728-5d57-b364-aeba38527dba,Additional Requirements,e1017741-e47e-5f58-97b8-fbc3043e919f,Umbrella follows form over General Liability,"---prompt---
Determine if the Umbrella/Excess Liability policy follows form to the underlying policies. Evidence may include: language in the Description of Operations section stating the umbrella follows form to underlying coverages or an additional page endorsement stating that it follows form. Follow form means the umbrella policy adopts the same terms, conditions, and exclusions as the underlying policies.",matchOnce,must be present,,,non_compliant,Block Requirements,,,true,0,,2026-08-16
"Block Real Estate Services, LLC",69fdf78062446148bd8587e8,69fded1762446148bd848e8c,Great Clips / Iris Corporation,69fdf0a60bb484cab513d2da,"mil708 - Mill Street Station {Mill Street Station, LLC}",evidenceOfInsurance,Evidence of Insurance,6ac20aae-5728-5d57-b364-aeba38527dba,Additional Requirements,2cdd866f-c9a4-576a-afd8-1d045762790c,The location must be listed as: 4021 Mill Street Kansas City MO 64111,,matchOnce,must be present,,,non_compliant,Block Requirements,,,true,0,,2026-08-16
"Block Real Estate Services, LLC",69fdf78062446148bd8587e8,69fded1762446148bd848e8c,Great Clips / Iris Corporation,69fdf0a60bb484cab513d2da,"mil708 - Mill Street Station {Mill Street Station, LLC}",evidenceOfInsurance,Evidence of Insurance,6ac20aae-5728-5d57-b364-aeba38527dba,Additional Requirements,3649e9d1-4e09-59bf-8f30-cb33c40cf117,"Certificate Holder must read: c/o Block Real Estate Services, LLC, 4622 Pennsylvania St., Suite 700, Kansas City, MO, 64112",,matchOnce,must be present,,,non_compliant,Block Requirements,,,true,0,,2026-08-16
"Block Real Estate Services, LLC",6a1885cd4d859309ccfacac8,69fded0e62446148bd848ba7,"Athletico Physical Therapy / Athletico Management, LLC",69fdf0a60bb484cab513d2da,"mil708 - Mill Street Station {Mill Street Station, LLC}",evidenceOfInsurance,Evidence of Insurance,commercialGeneralLiability,Commercial General Liability,evidenceOfInsuranceCommercialGeneralLiabilityCoverageTriggerOccurrence,Coverage Trigger: Occurrence,,matchOnce,must be present,,,non_compliant,Block Requirements,,,false,0,,2026-08-16
"Block Real Estate Services, LLC",6a1885cd4d859309ccfacac8,69fded0e62446148bd848ba7,"Athletico Physical Therapy / Athletico Management, LLC",69fdf0a60bb484cab513d2da,"mil708 - Mill Street Station {Mill Street Station, LLC}",evidenceOfInsurance,Evidence of Insurance,commercialGeneralLiability,Commercial General Liability,evidenceOfInsuranceCommercialGeneralLiabilityGeneralAggregateLimitAppliesPerLocation,General Aggregate Limit Applies per: Location,,matchOnce,must be present,,,non_compliant,Block Requirements,,,false,0,,2026-08-16
"Block Real Estate Services, LLC",6a1885cd4d859309ccfacac8,69fded0e62446148bd848ba7,"Athletico Physical Therapy / Athletico Management, LLC",69fdf0a60bb484cab513d2da,"mil708 - Mill Street Station {Mill Street Station, LLC}",evidenceOfInsurance,Evidence of Insurance,commercialGeneralLiability,Commercial General Liability,evidenceOfInsuranceCommercialGeneralLiabilityEachOccurrence,Each Occurrence,,matchOnce,must be greater or equal to,1000000,,non_compliant,Block Requirements,,,false,0,,2026-08-16
"Block Real Estate Services, LLC",6a1885cd4d859309ccfacac8,69fded0e62446148bd848ba7,"Athletico Physical Therapy / Athletico Management, LLC",69fdf0a60bb484cab513d2da,"mil708 - Mill Street Station {Mill Street Station, LLC}",evidenceOfInsurance,Evidence of Insurance,commercialGeneralLiability,Commercial General Liability,evidenceOfInsuranceCommercialGeneralLiabilityGeneralAggregate,General Aggregate,,matchOnce,must be greater or equal to,2000000,,non_compliant,Block Requirements,,,false,0,,2026-08-16
"Block Real Estate Services, LLC",6a1885cd4d859309ccfacac8,69fded0e62446148bd848ba7,"Athletico Physical Therapy / Athletico Management, LLC",69fdf0a60bb484cab513d2da,"mil708 - Mill Street Station {Mill Street Station, LLC}",evidenceOfInsurance,Evidence of Insurance,commercialGeneralLiability,Commercial General Liability,evidenceOfInsuranceCommercialGeneralLiabilityWaiverOfSubrogationEndorsement,Waiver of Subrogation,"---prompt---
Determine if the insurer has waived their right of subrogation in favor of the certificate holder under the Commercial General Liability policy. Evidence may include: a checked ""Waiver of Subrogation"" box on the certificate, mention in the Description of Operations section stating ""waiver of subrogation applies"", or reference to form CG 24 04. Look for language like ""subrogation is waived"" or ""per written contract"".",matchOnce,must be present,,,non_compliant,Block Requirements,,,false,0,,2026-08-16
"Block Real Estate Services, LLC",6a1885cd4d859309ccfacac8,69fded0e62446148bd848ba7,"Athletico Physical Therapy / Athletico Management, LLC",69fdf0a60bb484cab513d2da,"mil708 - Mill Street Station {Mill Street Station, LLC}",evidenceOfInsurance,Evidence of Insurance,excessOrUmbrellaLiability,Umbrella/Excess Liability,evidenceOfInsuranceExcessOrUmbrellaLiabilityOccurence,Coverage Trigger: Occurrence,,matchOnce,must be present,,,non_compliant,Block Requirements,,,false,0,,2026-08-16
"Block Real Estate Services, LLC",6a1885cd4d859309ccfacac8,69fded0e62446148bd848ba7,"Athletico Physical Therapy / Athletico Management, LLC",69fdf0a60bb484cab513d2da,"mil708 - Mill Street Station {Mill Street Station, LLC}",evidenceOfInsurance,Evidence of Insurance,excessOrUmbrellaLiability,Umbrella/Excess Liability,evidenceOfInsuranceExcessOrUmbrellaLiabilityEachOccurrence,Each Occurrence,,matchOnce,must be greater or equal to,1000000,,non_compliant,Block Requirements,,,false,0,,2026-08-16
"Block Real Estate Services, LLC",6a1885cd4d859309ccfacac8,69fded0e62446148bd848ba7,"Athletico Physical Therapy / Athletico Management, LLC",69fdf0a60bb484cab513d2da,"mil708 - Mill Street Station {Mill Street Station, LLC}",evidenceOfInsurance,Evidence of Insurance,excessOrUmbrellaLiability,Umbrella/Excess Liability,evidenceOfInsuranceExcessOrUmbrellaLiabilityAggregate,Aggregate,,matchOnce,must be greater or equal to,1000000,,non_compliant,Block Requirements,,,false,0,,2026-08-16
"Block Real Estate Services, LLC",6a1885cd4d859309ccfacac8,69fded0e62446148bd848ba7,"Athletico Physical Therapy / Athletico Management, LLC",69fdf0a60bb484cab513d2da,"mil708 - Mill Street Station {Mill Street Station, LLC}",evidenceOfInsurance,Evidence of Insurance,workersCompensation,Workers' Compensation and Employer's Liability,evidenceOfInsuranceWorkersCompensationStatutoryLimits,Statutory Limits,,matchOnce,must be present,,,non_compliant,Block Requirements,,,false,0,,2026-08-16
"Block Real Estate Services, LLC",6a1885cd4d859309ccfacac8,69fded0e62446148bd848ba7,"Athletico Physical Therapy / Athletico Management, LLC",69fdf0a60bb484cab513d2da,"mil708 - Mill Street Station {Mill Street Station, LLC}",evidenceOfInsurance,Evidence of Insurance,workersCompensation,Workers' Compensation and Employer's Liability,evidenceOfInsuranceWorkersCompensationEmployersLiabilityEachAccident,Employer's Liability Each Accident,,matchOnce,must be greater or equal to,500000,,non_compliant,Block Requirements,,,false,0,,2026-08-16
"Block Real Estate Services, LLC",6a1885cd4d859309ccfacac8,69fded0e62446148bd848ba7,"Athletico Physical Therapy / Athletico Management, LLC",69fdf0a60bb484cab513d2da,"mil708 - Mill Street Station {Mill Street Station, LLC}",evidenceOfInsurance,Evidence of Insurance,workersCompensation,Workers' Compensation and Employer's Liability,evidenceOfInsuranceWorkersCompensationEmployersLiabilityDiseaseEachEmployee,Employer's Liability Disease - each employee,,matchOnce,must be greater or equal to,500000,,non_compliant,Block Requirements,,,false,0,,2026-08-16
"Block Real Estate Services, LLC",6a1885cd4d859309ccfacac8,69fded0e62446148bd848ba7,"Athletico Physical Therapy / Athletico Management, LLC",69fdf0a60bb484cab513d2da,"mil708 - Mill Street Station {Mill Street Station, LLC}",evidenceOfInsurance,Evidence of Insurance,workersCompensation,Workers' Compensation and Employer's Liability,evidenceOfInsuranceWorkersCompensationEmployersLiabilityDiseasePolicyLimit,Employer's Liability Disease - policy limit,,matchOnce,must be greater or equal to,500000,,non_compliant,Block Requirements,,,false,0,,2026-08-16
"Block Real Estate Services, LLC",6a1885cd4d859309ccfacac8,69fded0e62446148bd848ba7,"Athletico Physical Therapy / Athletico Management, LLC",69fdf0a60bb484cab513d2da,"mil708 - Mill Street Station {Mill Street Station, LLC}",evidenceOfInsurance,Evidence of Insurance,workersCompensation,Workers' Compensation and Employer's Liability,evidenceOfInsuranceWorkersCompensationWaiverOfSubrogationEndorsement,Waiver of Subrogation,"---prompt---
Determine if the insurer has waived their right of subrogation in favor of the certificate holder under the Workers' Compensation policy. Evidence may include: a checked ""Waiver of Subrogation"" box on the certificate, mention in the Description of Operations section stating ""waiver of subrogation applies"", or reference to form WC 00 03 13. Look for language like ""subrogation is waived"" or ""per written contract"".",matchOnce,must be present,,,non_compliant,Block Requirements,,,false,0,,2026-08-16
"Block Real Estate Services, LLC",6a1885cd4d859309ccfacac8,69fded0e62446148bd848ba7,"Athletico Physical Therapy / Athletico Management, LLC",69fdf0a60bb484cab513d2da,"mil708 - Mill Street Station {Mill Street Station, LLC}",evidenceOfInsurance,Evidence of Insurance,6ac20aae-5728-5d57-b364-aeba38527dba,Additional Requirements,4da5b0f1-4c9d-5885-8cf8-5d3cccaed3e0,"Block Real Estate Services, LLC and all others required by contract are named as Additional Insureds","---prompt---
Determine if the Description of Operations or the Additional Remarks Schedule section states the ""Additional Insured as Construction Management, Inc. and all others required by contract"" or reference to blanket additional insured coverage. Look for language like ""certificate holder is additional insured"" or ""per written contract"".",matchOnce,must be present,,,non_compliant,Block Requirements,,,true,0,,2026-08-16
"Block Real Estate Services, LLC",6a1885cd4d859309ccfacac8,69fded0e62446148bd848ba7,"Athletico Physical Therapy / Athletico Management, LLC",69fdf0a60bb484cab513d2da,"mil708 - Mill Street Station {Mill Street Station, LLC}",evidenceOfInsurance,Evidence of Insurance,6ac20aae-5728-5d57-b364-aeba38527dba,Additional Requirements,e1017741-e47e-5f58-97b8-fbc3043e919f,Umbrella follows form over General Liability,"---prompt---
Determine if the Umbrella/Excess Liability policy follows form to the underlying policies. Evidence may include: language in the Description of Operations section stating the umbrella follows form to underlying coverages or an additional page endorsement stating that it follows form. Follow form means the umbrella policy adopts the same terms, conditions, and exclusions as the underlying policies.",matchOnce,must be present,,,non_compliant,Block Requirements,,,true,0,,2026-08-16
"Block Real Estate Services, LLC",6a1885cd4d859309ccfacac8,69fded0e62446148bd848ba7,"Athletico Physical Therapy / Athletico Management, LLC",69fdf0a60bb484cab513d2da,"mil708 - Mill Street Station {Mill Street Station, LLC}",evidenceOfInsurance,Evidence of Insurance,6ac20aae-5728-5d57-b364-aeba38527dba,Additional Requirements,2cdd866f-c9a4-576a-afd8-1d045762790c,The location must be listed as: 4037 Mill Street Kansas City MO 64111,,matchOnce,must be present,,,non_compliant,Block Requirements,,,true,0,,2026-08-16
"Block Real Estate Services, LLC",6a1885cd4d859309ccfacac8,69fded0e62446148bd848ba7,"Athletico Physical Therapy / Athletico Management, LLC",69fdf0a60bb484cab513d2da,"mil708 - Mill Street Station {Mill Street Station, LLC}",evidenceOfInsurance,Evidence of Insurance,6ac20aae-5728-5d57-b364-aeba38527dba,Additional Requirements,3649e9d1-4e09-59bf-8f30-cb33c40cf117,"Certificate Holder must read: c/o Block Real Estate Services, LLC, 4622 Pennsylvania St., Suite 700, Kansas City, MO, 64112",,matchOnce,must be present,,,non_compliant,Block Requirements,,,true,0,,2026-08-16
"Block Real Estate Services, LLC",69fdf7c762446148bd85d87c,69fded0f62446148bd848bec,Sarpino's / BHPS Restaurant Group LLC,69fdf21f19e1eeeaeb9ada59,"viv080 - Vivion Road Shopping Center {Vivion Road Development Company, LLC}",evidenceOfInsurance,Evidence of Insurance,commercialGeneralLiability,Commercial General Liability,evidenceOfInsuranceCommercialGeneralLiabilityCoverageTriggerOccurrence,Coverage Trigger: Occurrence,,matchOnce,must be present,,,non_compliant,Block Requirements,,,false,0,,2026-08-16
"Block Real Estate Services, LLC",69fdf7c762446148bd85d87c,69fded0f62446148bd848bec,Sarpino's / BHPS Restaurant Group LLC,69fdf21f19e1eeeaeb9ada59,"viv080 - Vivion Road Shopping Center {Vivion Road Development Company, LLC}",evidenceOfInsurance,Evidence of Insurance,commercialGeneralLiability,Commercial General Liability,evidenceOfInsuranceCommercialGeneralLiabilityGeneralAggregateLimitAppliesPerLocation,General Aggregate Limit Applies per: Location,,matchOnce,must be present,,,non_compliant,Block Requirements,,,false,0,,2026-08-16
"Block Real Estate Services, LLC",69fdf7c762446148bd85d87c,69fded0f62446148bd848bec,Sarpino's / BHPS Restaurant Group LLC,69fdf21f19e1eeeaeb9ada59,"viv080 - Vivion Road Shopping Center {Vivion Road Development Company, LLC}",evidenceOfInsurance,Evidence of Insurance,commercialGeneralLiability,Commercial General Liability,evidenceOfInsuranceCommercialGeneralLiabilityEachOccurrence,Each Occurrence,,matchOnce,must be greater or equal to,1000000,,non_compliant,Block Requirements,,,false,0,,2026-08-16
"Block Real Estate Services, LLC",69fdf7c762446148bd85d87c,69fded0f62446148bd848bec,Sarpino's / BHPS Restaurant Group LLC,69fdf21f19e1eeeaeb9ada59,"viv080 - Vivion Road Shopping Center {Vivion Road Development Company, LLC}",evidenceOfInsurance,Evidence of Insurance,commercialGeneralLiability,Commercial General Liability,evidenceOfInsuranceCommercialGeneralLiabilityGeneralAggregate,General Aggregate,,matchOnce,must be greater or equal to,2000000,,non_compliant,Block Requirements,,,false,0,,2026-08-16
"Block Real Estate Services, LLC",69fdf7c762446148bd85d87c,69fded0f62446148bd848bec,Sarpino's / BHPS Restaurant Group LLC,69fdf21f19e1eeeaeb9ada59,"viv080 - Vivion Road Shopping Center {Vivion Road Development Company, LLC}",evidenceOfInsurance,Evidence of Insurance,commercialGeneralLiability,Commercial General Liability,evidenceOfInsuranceCommercialGeneralLiabilityWaiverOfSubrogationEndorsement,Waiver of Subrogation,"---prompt---
Determine if the insurer has waived their right of subrogation in favor of the certificate holder under the Commercial General Liability policy. Evidence may include: a checked ""Waiver of Subrogation"" box on the certificate, mention in the Description of Operations section stating ""waiver of subrogation applies"", or reference to form CG 24 04. Look for language like ""subrogation is waived"" or ""per written contract"".",matchOnce,must be present,,,non_compliant,Block Requirements,,,false,0,,2026-08-16
"Block Real Estate Services, LLC",69fdf7c762446148bd85d87c,69fded0f62446148bd848bec,Sarpino's / BHPS Restaurant Group LLC,69fdf21f19e1eeeaeb9ada59,"viv080 - Vivion Road Shopping Center {Vivion Road Development Company, LLC}",evidenceOfInsurance,Evidence of Insurance,excessOrUmbrellaLiability,Umbrella/Excess Liability,evidenceOfInsuranceExcessOrUmbrellaLiabilityOccurence,Coverage Trigger: Occurrence,,matchOnce,must be present,,,non_compliant,Block Requirements,,,false,0,,2026-08-16
"Block Real Estate Services, LLC",69fdf7c762446148bd85d87c,69fded0f62446148bd848bec,Sarpino's / BHPS Restaurant Group LLC,69fdf21f19e1eeeaeb9ada59,"viv080 - Vivion Road Shopping Center {Vivion Road Development Company, LLC}",evidenceOfInsurance,Evidence of Insurance,excessOrUmbrellaLiability,Umbrella/Excess Liability,evidenceOfInsuranceExcessOrUmbrellaLiabilityEachOccurrence,Each Occurrence,,matchOnce,must be greater or equal to,1000000,,non_compliant,Block Requirements,,,false,0,,2026-08-16
"Block Real Estate Services, LLC",69fdf7c762446148bd85d87c,69fded0f62446148bd848bec,Sarpino's / BHPS Restaurant Group LLC,69fdf21f19e1eeeaeb9ada59,"viv080 - Vivion Road Shopping Center {Vivion Road Development Company, LLC}",evidenceOfInsurance,Evidence of Insurance,excessOrUmbrellaLiability,Umbrella/Excess Liability,evidenceOfInsuranceExcessOrUmbrellaLiabilityAggregate,Aggregate,,matchOnce,must be greater or equal to,1000000,,non_compliant,Block Requirements,,,false,0,,2026-08-16
"Block Real Estate Services, LLC",69fdf7c762446148bd85d87c,69fded0f62446148bd848bec,Sarpino's / BHPS Restaurant Group LLC,69fdf21f19e1eeeaeb9ada59,"viv080 - Vivion Road Shopping Center {Vivion Road Development Company, LLC}",evidenceOfInsurance,Evidence of Insurance,workersCompensation,Workers' Compensation and Employer's Liability,evidenceOfInsuranceWorkersCompensationStatutoryLimits,Statutory Limits,,matchOnce,must be present,,,non_compliant,Block Requirements,,,false,0,,2026-08-16
"Block Real Estate Services, LLC",69fdf7c762446148bd85d87c,69fded0f62446148bd848bec,Sarpino's / BHPS Restaurant Group LLC,69fdf21f19e1eeeaeb9ada59,"viv080 - Vivion Road Shopping Center {Vivion Road Development Company, LLC}",evidenceOfInsurance,Evidence of Insurance,workersCompensation,Workers' Compensation and Employer's Liability,evidenceOfInsuranceWorkersCompensationEmployersLiabilityEachAccident,Employer's Liability Each Accident,,matchOnce,must be greater or equal to,500000,,non_compliant,Block Requirements,,,false,0,,2026-08-16
"Block Real Estate Services, LLC",69fdf7c762446148bd85d87c,69fded0f62446148bd848bec,Sarpino's / BHPS Restaurant Group LLC,69fdf21f19e1eeeaeb9ada59,"viv080 - Vivion Road Shopping Center {Vivion Road Development Company, LLC}",evidenceOfInsurance,Evidence of Insurance,workersCompensation,Workers' Compensation and Employer's Liability,evidenceOfInsuranceWorkersCompensationEmployersLiabilityDiseaseEachEmployee,Employer's Liability Disease - each employee,,matchOnce,must be greater or equal to,500000,,non_compliant,Block Requirements,,,false,0,,2026-08-16
"Block Real Estate Services, LLC",69fdf7c762446148bd85d87c,69fded0f62446148bd848bec,Sarpino's / BHPS Restaurant Group LLC,69fdf21f19e1eeeaeb9ada59,"viv080 - Vivion Road Shopping Center {Vivion Road Development Company, LLC}",evidenceOfInsurance,Evidence of Insurance,workersCompensation,Workers' Compensation and Employer's Liability,evidenceOfInsuranceWorkersCompensationEmployersLiabilityDiseasePolicyLimit,Employer's Liability Disease - policy limit,,matchOnce,must be greater or equal to,500000,,non_compliant,Block Requirements,,,false,0,,2026-08-16
"Block Real Estate Services, LLC",69fdf7c762446148bd85d87c,69fded0f62446148bd848bec,Sarpino's / BHPS Restaurant Group LLC,69fdf21f19e1eeeaeb9ada59,"viv080 - Vivion Road Shopping Center {Vivion Road Development Company, LLC}",evidenceOfInsurance,Evidence of Insurance,workersCompensation,Workers' Compensation and Employer's Liability,evidenceOfInsuranceWorkersCompensationWaiverOfSubrogationEndorsement,Waiver of Subrogation,"---prompt---
Determine if the insurer has waived their right of subrogation in favor of the certificate holder under the Workers' Compensation policy. Evidence may include: a checked ""Waiver of Subrogation"" box on the certificate, mention in the Description of Operations section stating ""waiver of subrogation applies"", or reference to form WC 00 03 13. Look for language like ""subrogation is waived"" or ""per written contract"".",matchOnce,must be present,,,non_compliant,Block Requirements,,,false,0,,2026-08-16
"Block Real Estate Services, LLC",69fdf7c762446148bd85d87c,69fded0f62446148bd848bec,Sarpino's / BHPS Restaurant Group LLC,69fdf21f19e1eeeaeb9ada59,"viv080 - Vivion Road Shopping Center {Vivion Road Development Company, LLC}",evidenceOfInsurance,Evidence of Insurance,6ac20aae-5728-5d57-b364-aeba38527dba,Additional Requirements,4da5b0f1-4c9d-5885-8cf8-5d3cccaed3e0,"Block Real Estate Services, LLC and all others required by contract are named as Additional Insureds","---prompt---
Determine if the Description of Operations or the Additional Remarks Schedule section states the ""Additional Insured as Construction Management, Inc. and all others required by contract"" or reference to blanket additional insured coverage. Look for language like ""certificate holder is additional insured"" or ""per written contract"".",matchOnce,must be present,,,non_compliant,Block Requirements,,,true,0,,2026-08-16
"Block Real Estate Services, LLC",69fdf7c762446148bd85d87c,69fded0f62446148bd848bec,Sarpino's / BHPS Restaurant Group LLC,69fdf21f19e1eeeaeb9ada59,"viv080 - Vivion Road Shopping Center {Vivion Road Development Company, LLC}",evidenceOfInsurance,Evidence of Insurance,6ac20aae-5728-5d57-b364-aeba38527dba,Additional Requirements,e1017741-e47e-5f58-97b8-fbc3043e919f,Umbrella follows form over General Liability,"---prompt---
Determine if the Umbrella/Excess Liability policy follows form to the underlying policies. Evidence may include: language in the Description of Operations section stating the umbrella follows form to underlying coverages or an additional page endorsement stating that it follows form. Follow form means the umbrella policy adopts the same terms, conditions, and exclusions as the underlying policies.",matchOnce,must be present,,,non_compliant,Block Requirements,,,true,0,,2026-08-16
"Block Real Estate Services, LLC",69fdf7c762446148bd85d87c,69fded0f62446148bd848bec,Sarpino's / BHPS Restaurant Group LLC,69fdf21f19e1eeeaeb9ada59,"viv080 - Vivion Road Shopping Center {Vivion Road Development Company, LLC}",evidenceOfInsurance,Evidence of Insurance,6ac20aae-5728-5d57-b364-aeba38527dba,Additional Requirements,2cdd866f-c9a4-576a-afd8-1d045762790c,The location must be listed as: 311 NE Vivion Road Kansas City MO 64118,,matchOnce,must be present,,,non_compliant,Block Requirements,,,true,0,,2026-08-16
"Block Real Estate Services, LLC",69fdf7c762446148bd85d87c,69fded0f62446148bd848bec,Sarpino's / BHPS Restaurant Group LLC,69fdf21f19e1eeeaeb9ada59,"viv080 - Vivion Road Shopping Center {Vivion Road Development Company, LLC}",evidenceOfInsurance,Evidence of Insurance,6ac20aae-5728-5d57-b364-aeba38527dba,Additional Requirements,3649e9d1-4e09-59bf-8f30-cb33c40cf117,"Certificate Holder must read: c/o Block Real Estate Services, LLC, 4622 Pennsylvania St., Suite 700, Kansas City, MO, 64112",,matchOnce,must be present,,,non_compliant,Block Requirements,,,true,0,,2026-08-16
"Block Real Estate Services, LLC",69fdf7c762446148bd85d87d,69fded0f62446148bd848c13,"Celebrate Dental & Braces / Brave, LLC",69fdf21f19e1eeeaeb9ada59,"viv080 - Vivion Road Shopping Center {Vivion Road Development Company, LLC}",evidenceOfInsurance,Evidence of Insurance,commercialGeneralLiability,Commercial General Liability,evidenceOfInsuranceCommercialGeneralLiabilityCoverageTriggerOccurrence,Coverage Trigger: Occurrence,,matchOnce,must be present,,,non_compliant,Block Requirements,,,false,0,,2026-08-16
"Block Real Estate Services, LLC",69fdf7c762446148bd85d87d,69fded0f62446148bd848c13,"Celebrate Dental & Braces / Brave, LLC",69fdf21f19e1eeeaeb9ada59,"viv080 - Vivion Road Shopping Center {Vivion Road Development Company, LLC}",evidenceOfInsurance,Evidence of Insurance,commercialGeneralLiability,Commercial General Liability,evidenceOfInsuranceCommercialGeneralLiabilityGeneralAggregateLimitAppliesPerLocation,General Aggregate Limit Applies per: Location,,matchOnce,must be present,,,non_compliant,Block Requirements,,,false,0,,2026-08-16
"Block Real Estate Services, LLC",69fdf7c762446148bd85d87d,69fded0f62446148bd848c13,"Celebrate Dental & Braces / Brave, LLC",69fdf21f19e1eeeaeb9ada59,"viv080 - Vivion Road Shopping Center {Vivion Road Development Company, LLC}",evidenceOfInsurance,Evidence of Insurance,commercialGeneralLiability,Commercial General Liability,evidenceOfInsuranceCommercialGeneralLiabilityEachOccurrence,Each Occurrence,,matchOnce,must be greater or equal to,1000000,,non_compliant,Block Requirements,,,false,0,,2026-08-16
"Block Real Estate Services, LLC",69fdf7c762446148bd85d87d,69fded0f62446148bd848c13,"Celebrate Dental & Braces / Brave, LLC",69fdf21f19e1eeeaeb9ada59,"viv080 - Vivion Road Shopping Center {Vivion Road Development Company, LLC}",evidenceOfInsurance,Evidence of Insurance,commercialGeneralLiability,Commercial General Liability,evidenceOfInsuranceCommercialGeneralLiabilityGeneralAggregate,General Aggregate,,matchOnce,must be greater or equal to,2000000,,non_compliant,Block Requirements,,,false,0,,2026-08-16
"Block Real Estate Services, LLC",69fdf7c762446148bd85d87d,69fded0f62446148bd848c13,"Celebrate Dental & Braces / Brave, LLC",69fdf21f19e1eeeaeb9ada59,"viv080 - Vivion Road Shopping Center {Vivion Road Development Company, LLC}",evidenceOfInsurance,Evidence of Insurance,commercialGeneralLiability,Commercial General Liability,evidenceOfInsuranceCommercialGeneralLiabilityWaiverOfSubrogationEndorsement,Waiver of Subrogation,"---prompt---
Determine if the insurer has waived their right of subrogation in favor of the certificate holder under the Commercial General Liability policy. Evidence may include: a checked ""Waiver of Subrogation"" box on the certificate, mention in the Description of Operations section stating ""waiver of subrogation applies"", or reference to form CG 24 04. Look for language like ""subrogation is waived"" or ""per written contract"".",matchOnce,must be present,,,non_compliant,Block Requirements,,,false,0,,2026-08-16
"Block Real Estate Services, LLC",69fdf7c762446148bd85d87d,69fded0f62446148bd848c13,"Celebrate Dental & Braces / Brave, LLC",69fdf21f19e1eeeaeb9ada59,"viv080 - Vivion Road Shopping Center {Vivion Road Development Company, LLC}",evidenceOfInsurance,Evidence of Insurance,excessOrUmbrellaLiability,Umbrella/Excess Liability,evidenceOfInsuranceExcessOrUmbrellaLiabilityOccurence,Coverage Trigger: Occurrence,,matchOnce,must be present,,,non_compliant,Block Requirements,,,false,0,,2026-08-16
"Block Real Estate Services, LLC",69fdf7c762446148bd85d87d,69fded0f62446148bd848c13,"Celebrate Dental & Braces / Brave, LLC",69fdf21f19e1eeeaeb9ada59,"viv080 - Vivion Road Shopping Center {Vivion Road Development Company, LLC}",evidenceOfInsurance,Evidence of Insurance,excessOrUmbrellaLiability,Umbrella/Excess Liability,evidenceOfInsuranceExcessOrUmbrellaLiabilityEachOccurrence,Each Occurrence,,matchOnce,must be greater or equal to,1000000,,non_compliant,Block Requirements,,,false,0,,2026-08-16
"Block Real Estate Services, LLC",69fdf7c762446148bd85d87d,69fded0f62446148bd848c13,"Celebrate Dental & Braces / Brave, LLC",69fdf21f19e1eeeaeb9ada59,"viv080 - Vivion Road Shopping Center {Vivion Road Development Company, LLC}",evidenceOfInsurance,Evidence of Insurance,excessOrUmbrellaLiability,Umbrella/Excess Liability,evidenceOfInsuranceExcessOrUmbrellaLiabilityAggregate,Aggregate,,matchOnce,must be greater or equal to,1000000,,non_compliant,Block Requirements,,,false,0,,2026-08-16
"Block Real Estate Services, LLC",69fdf7c762446148bd85d87d,69fded0f62446148bd848c13,"Celebrate Dental & Braces / Brave, LLC",69fdf21f19e1eeeaeb9ada59,"viv080 - Vivion Road Shopping Center {Vivion Road Development Company, LLC}",evidenceOfInsurance,Evidence of Insurance,workersCompensation,Workers' Compensation and Employer's Liability,evidenceOfInsuranceWorkersCompensationStatutoryLimits,Statutory Limits,,matchOnce,must be present,,,non_compliant,Block Requirements,,,false,0,,2026-08-16
"Block Real Estate Services, LLC",69fdf7c762446148bd85d87d,69fded0f62446148bd848c13,"Celebrate Dental & Braces / Brave, LLC",69fdf21f19e1eeeaeb9ada59,"viv080 - Vivion Road Shopping Center {Vivion Road Development Company, LLC}",evidenceOfInsurance,Evidence of Insurance,workersCompensation,Workers' Compensation and Employer's Liability,evidenceOfInsuranceWorkersCompensationEmployersLiabilityEachAccident,Employer's Liability Each Accident,,matchOnce,must be greater or equal to,500000,,non_compliant,Block Requirements,,,false,0,,2026-08-16
"Block Real Estate Services, LLC",69fdf7c762446148bd85d87d,69fded0f62446148bd848c13,"Celebrate Dental & Braces / Brave, LLC",69fdf21f19e1eeeaeb9ada59,"viv080 - Vivion Road Shopping Center {Vivion Road Development Company, LLC}",evidenceOfInsurance,Evidence of Insurance,workersCompensation,Workers' Compensation and Employer's Liability,evidenceOfInsuranceWorkersCompensationEmployersLiabilityDiseaseEachEmployee,Employer's Liability Disease - each employee,,matchOnce,must be greater or equal to,500000,,non_compliant,Block Requirements,,,false,0,,2026-08-16
"Block Real Estate Services, LLC",69fdf7c762446148bd85d87d,69fded0f62446148bd848c13,"Celebrate Dental & Braces / Brave, LLC",69fdf21f19e1eeeaeb9ada59,"viv080 - Vivion Road Shopping Center {Vivion Road Development Company, LLC}",evidenceOfInsurance,Evidence of Insurance,workersCompensation,Workers' Compensation and Employer's Liability,evidenceOfInsuranceWorkersCompensationEmployersLiabilityDiseasePolicyLimit,Employer's Liability Disease - policy limit,,matchOnce,must be greater or equal to,500000,,non_compliant,Block Requirements,,,false,0,,2026-08-16
"Block Real Estate Services, LLC",69fdf7c762446148bd85d87d,69fded0f62446148bd848c13,"Celebrate Dental & Braces / Brave, LLC",69fdf21f19e1eeeaeb9ada59,"viv080 - Vivion Road Shopping Center {Vivion Road Development Company, LLC}",evidenceOfInsurance,Evidence of Insurance,workersCompensation,Workers' Compensation and Employer's Liability,evidenceOfInsuranceWorkersCompensationWaiverOfSubrogationEndorsement,Waiver of Subrogation,"---prompt---
Determine if the insurer has waived their right of subrogation in favor of the certificate holder under the Workers' Compensation policy. Evidence may include: a checked ""Waiver of Subrogation"" box on the certificate, mention in the Description of Operations section stating ""waiver of subrogation applies"", or reference to form WC 00 03 13. Look for language like ""subrogation is waived"" or ""per written contract"".",matchOnce,must be present,,,non_compliant,Block Requirements,,,false,0,,2026-08-16
"Block Real Estate Services, LLC",69fdf7c762446148bd85d87d,69fded0f62446148bd848c13,"Celebrate Dental & Braces / Brave, LLC",69fdf21f19e1eeeaeb9ada59,"viv080 - Vivion Road Shopping Center {Vivion Road Development Company, LLC}",evidenceOfInsurance,Evidence of Insurance,6ac20aae-5728-5d57-b364-aeba38527dba,Additional Requirements,4da5b0f1-4c9d-5885-8cf8-5d3cccaed3e0,"Block Real Estate Services, LLC and all others required by contract are named as Additional Insureds","---prompt---
Determine if the Description of Operations or the Additional Remarks Schedule section states the ""Additional Insured as Construction Management, Inc. and all others required by contract"" or reference to blanket additional insured coverage. Look for language like ""certificate holder is additional insured"" or ""per written contract"".",matchOnce,must be present,,,non_compliant,Block Requirements,,,true,0,,2026-08-16
"Block Real Estate Services, LLC",69fdf7c762446148bd85d87d,69fded0f62446148bd848c13,"Celebrate Dental & Braces / Brave, LLC",69fdf21f19e1eeeaeb9ada59,"viv080 - Vivion Road Shopping Center {Vivion Road Development Company, LLC}",evidenceOfInsurance,Evidence of Insurance,6ac20aae-5728-5d57-b364-aeba38527dba,Additional Requirements,e1017741-e47e-5f58-97b8-fbc3043e919f,Umbrella follows form over General Liability,"---prompt---
Determine if the Umbrella/Excess Liability policy follows form to the underlying policies. Evidence may include: language in the Description of Operations section stating the umbrella follows form to underlying coverages or an additional page endorsement stating that it follows form. Follow form means the umbrella policy adopts the same terms, conditions, and exclusions as the underlying policies.",matchOnce,must be present,,,non_compliant,Block Requirements,,,true,0,,2026-08-16
"Block Real Estate Services, LLC",69fdf7c762446148bd85d87d,69fded0f62446148bd848c13,"Celebrate Dental & Braces / Brave, LLC",69fdf21f19e1eeeaeb9ada59,"viv080 - Vivion Road Shopping Center {Vivion Road Development Company, LLC}",evidenceOfInsurance,Evidence of Insurance,6ac20aae-5728-5d57-b364-aeba38527dba,Additional Requirements,2cdd866f-c9a4-576a-afd8-1d045762790c,The location must be listed as: 319 NE Vivion Road Kansas City MO 64118,,matchOnce,must be present,,,non_compliant,Block Requirements,,,true,0,,2026-08-16
"Block Real Estate Services, LLC",69fdf7c762446148bd85d87d,69fded0f62446148bd848c13,"Celebrate Dental & Braces / Brave, LLC",69fdf21f19e1eeeaeb9ada59,"viv080 - Vivion Road Shopping Center {Vivion Road Development Company, LLC}",evidenceOfInsurance,Evidence of Insurance,6ac20aae-5728-5d57-b364-aeba38527dba,Additional Requirements,3649e9d1-4e09-59bf-8f30-cb33c40cf117,"Certificate Holder must read: c/o Block Real Estate Services, LLC, 4622 Pennsylvania St., Suite 700, Kansas City, MO, 64112",,matchOnce,must be present,,,non_compliant,Block Requirements,,,true,0,,2026-08-16
"Block Real Estate Services, LLC",69fdf7c762446148bd85d87b,69fded0c62446148bd848b08,"Ray's Donuts & Deli / 6tinos, LLC",69fdf21f19e1eeeaeb9ada59,"viv080 - Vivion Road Shopping Center {Vivion Road Development Company, LLC}",evidenceOfInsurance,Evidence of Insurance,commercialGeneralLiability,Commercial General Liability,evidenceOfInsuranceCommercialGeneralLiabilityCoverageTriggerOccurrence,Coverage Trigger: Occurrence,,matchOnce,must be present,,,non_compliant,Block Requirements,,,false,0,,2026-08-16
"Block Real Estate Services, LLC",69fdf7c762446148bd85d87b,69fded0c62446148bd848b08,"Ray's Donuts & Deli / 6tinos, LLC",69fdf21f19e1eeeaeb9ada59,"viv080 - Vivion Road Shopping Center {Vivion Road Development Company, LLC}",evidenceOfInsurance,Evidence of Insurance,commercialGeneralLiability,Commercial General Liability,evidenceOfInsuranceCommercialGeneralLiabilityGeneralAggregateLimitAppliesPerLocation,General Aggregate Limit Applies per: Location,,matchOnce,must be present,,,non_compliant,Block Requirements,,,false,0,,2026-08-16
"Block Real Estate Services, LLC",69fdf7c762446148bd85d87b,69fded0c62446148bd848b08,"Ray's Donuts & Deli / 6tinos, LLC",69fdf21f19e1eeeaeb9ada59,"viv080 - Vivion Road Shopping Center {Vivion Road Development Company, LLC}",evidenceOfInsurance,Evidence of Insurance,commercialGeneralLiability,Commercial General Liability,evidenceOfInsuranceCommercialGeneralLiabilityEachOccurrence,Each Occurrence,,matchOnce,must be greater or equal to,1000000,,non_compliant,Block Requirements,,,false,0,,2026-08-16
"Block Real Estate Services, LLC",69fdf7c762446148bd85d87b,69fded0c62446148bd848b08,"Ray's Donuts & Deli / 6tinos, LLC",69fdf21f19e1eeeaeb9ada59,"viv080 - Vivion Road Shopping Center {Vivion Road Development Company, LLC}",evidenceOfInsurance,Evidence of Insurance,commercialGeneralLiability,Commercial General Liability,evidenceOfInsuranceCommercialGeneralLiabilityGeneralAggregate,General Aggregate,,matchOnce,must be greater or equal to,2000000,,non_compliant,Block Requirements,,,false,0,,2026-08-16
"Block Real Estate Services, LLC",69fdf7c762446148bd85d87b,69fded0c62446148bd848b08,"Ray's Donuts & Deli / 6tinos, LLC",69fdf21f19e1eeeaeb9ada59,"viv080 - Vivion Road Shopping Center {Vivion Road Development Company, LLC}",evidenceOfInsurance,Evidence of Insurance,commercialGeneralLiability,Commercial General Liability,evidenceOfInsuranceCommercialGeneralLiabilityWaiverOfSubrogationEndorsement,Waiver of Subrogation,"---prompt---
Determine if the insurer has waived their right of subrogation in favor of the certificate holder under the Commercial General Liability policy. Evidence may include: a checked ""Waiver of Subrogation"" box on the certificate, mention in the Description of Operations section stating ""waiver of subrogation applies"", or reference to form CG 24 04. Look for language like ""subrogation is waived"" or ""per written contract"".",matchOnce,must be present,,,non_compliant,Block Requirements,,,false,0,,2026-08-16
"Block Real Estate Services, LLC",69fdf7c762446148bd85d87b,69fded0c62446148bd848b08,"Ray's Donuts & Deli / 6tinos, LLC",69fdf21f19e1eeeaeb9ada59,"viv080 - Vivion Road Shopping Center {Vivion Road Development Company, LLC}",evidenceOfInsurance,Evidence of Insurance,excessOrUmbrellaLiability,Umbrella/Excess Liability,evidenceOfInsuranceExcessOrUmbrellaLiabilityOccurence,Coverage Trigger: Occurrence,,matchOnce,must be present,,,non_compliant,Block Requirements,,,false,0,,2026-08-16
"Block Real Estate Services, LLC",69fdf7c762446148bd85d87b,69fded0c62446148bd848b08,"Ray's Donuts & Deli / 6tinos, LLC",69fdf21f19e1eeeaeb9ada59,"viv080 - Vivion Road Shopping Center {Vivion Road Development Company, LLC}",evidenceOfInsurance,Evidence of Insurance,excessOrUmbrellaLiability,Umbrella/Excess Liability,evidenceOfInsuranceExcessOrUmbrellaLiabilityEachOccurrence,Each Occurrence,,matchOnce,must be greater or equal to,1000000,,non_compliant,Block Requirements,,,false,0,,2026-08-16
"Block Real Estate Services, LLC",69fdf7c762446148bd85d87b,69fded0c62446148bd848b08,"Ray's Donuts & Deli / 6tinos, LLC",69fdf21f19e1eeeaeb9ada59,"viv080 - Vivion Road Shopping Center {Vivion Road Development Company, LLC}",evidenceOfInsurance,Evidence of Insurance,excessOrUmbrellaLiability,Umbrella/Excess Liability,evidenceOfInsuranceExcessOrUmbrellaLiabilityAggregate,Aggregate,,matchOnce,must be greater or equal to,1000000,,non_compliant,Block Requirements,,,false,0,,2026-08-16
"Block Real Estate Services, LLC",69fdf7c762446148bd85d87b,69fded0c62446148bd848b08,"Ray's Donuts & Deli / 6tinos, LLC",69fdf21f19e1eeeaeb9ada59,"viv080 - Vivion Road Shopping Center {Vivion Road Development Company, LLC}",evidenceOfInsurance,Evidence of Insurance,workersCompensation,Workers' Compensation and Employer's Liability,evidenceOfInsuranceWorkersCompensationStatutoryLimits,Statutory Limits,,matchOnce,must be present,,,non_compliant,Block Requirements,,,false,0,,2026-08-16
"Block Real Estate Services, LLC",69fdf7c762446148bd85d87b,69fded0c62446148bd848b08,"Ray's Donuts & Deli / 6tinos, LLC",69fdf21f19e1eeeaeb9ada59,"viv080 - Vivion Road Shopping Center {Vivion Road Development Company, LLC}",evidenceOfInsurance,Evidence of Insurance,workersCompensation,Workers' Compensation and Employer's Liability,evidenceOfInsuranceWorkersCompensationEmployersLiabilityEachAccident,Employer's Liability Each Accident,,matchOnce,must be greater or equal to,500000,,non_compliant,Block Requirements,,,false,0,,2026-08-16
"Block Real Estate Services, LLC",69fdf7c762446148bd85d87b,69fded0c62446148bd848b08,"Ray's Donuts & Deli / 6tinos, LLC",69fdf21f19e1eeeaeb9ada59,"viv080 - Vivion Road Shopping Center {Vivion Road Development Company, LLC}",evidenceOfInsurance,Evidence of Insurance,workersCompensation,Workers' Compensation and Employer's Liability,evidenceOfInsuranceWorkersCompensationEmployersLiabilityDiseaseEachEmployee,Employer's Liability Disease - each employee,,matchOnce,must be greater or equal to,500000,,non_compliant,Block Requirements,,,false,0,,2026-08-16
"Block Real Estate Services, LLC",69fdf7c762446148bd85d87b,69fded0c62446148bd848b08,"Ray's Donuts & Deli / 6tinos, LLC",69fdf21f19e1eeeaeb9ada59,"viv080 - Vivion Road Shopping Center {Vivion Road Development Company, LLC}",evidenceOfInsurance,Evidence of Insurance,workersCompensation,Workers' Compensation and Employer's Liability,evidenceOfInsuranceWorkersCompensationEmployersLiabilityDiseasePolicyLimit,Employer's Liability Disease - policy limit,,matchOnce,must be greater or equal to,500000,,non_compliant,Block Requirements,,,false,0,,2026-08-16
"Block Real Estate Services, LLC",69fdf7c762446148bd85d87b,69fded0c62446148bd848b08,"Ray's Donuts & Deli / 6tinos, LLC",69fdf21f19e1eeeaeb9ada59,"viv080 - Vivion Road Shopping Center {Vivion Road Development Company, LLC}",evidenceOfInsurance,Evidence of Insurance,workersCompensation,Workers' Compensation and Employer's Liability,evidenceOfInsuranceWorkersCompensationWaiverOfSubrogationEndorsement,Waiver of Subrogation,"---prompt---
Determine if the insurer has waived their right of subrogation in favor of the certificate holder under the Workers' Compensation policy. Evidence may include: a checked ""Waiver of Subrogation"" box on the certificate, mention in the Description of Operations section stating ""waiver of subrogation applies"", or reference to form WC 00 03 13. Look for language like ""subrogation is waived"" or ""per written contract"".",matchOnce,must be present,,,non_compliant,Block Requirements,,,false,0,,2026-08-16
"Block Real Estate Services, LLC",69fdf7c762446148bd85d87b,69fded0c62446148bd848b08,"Ray's Donuts & Deli / 6tinos, LLC",69fdf21f19e1eeeaeb9ada59,"viv080 - Vivion Road Shopping Center {Vivion Road Development Company, LLC}",evidenceOfInsurance,Evidence of Insurance,6ac20aae-5728-5d57-b364-aeba38527dba,Additional Requirements,4da5b0f1-4c9d-5885-8cf8-5d3cccaed3e0,"Block Real Estate Services, LLC and all others required by contract are named as Additional Insureds","---prompt---
Determine if the Description of Operations or the Additional Remarks Schedule section states the ""Additional Insured as Construction Management, Inc. and all others required by contract"" or reference to blanket additional insured coverage. Look for language like ""certificate holder is additional insured"" or ""per written contract"".",matchOnce,must be present,,,non_compliant,Block Requirements,,,true,0,,2026-08-16
"Block Real Estate Services, LLC",69fdf7c762446148bd85d87b,69fded0c62446148bd848b08,"Ray's Donuts & Deli / 6tinos, LLC",69fdf21f19e1eeeaeb9ada59,"viv080 - Vivion Road Shopping Center {Vivion Road Development Company, LLC}",evidenceOfInsurance,Evidence of Insurance,6ac20aae-5728-5d57-b364-aeba38527dba,Additional Requirements,e1017741-e47e-5f58-97b8-fbc3043e919f,Umbrella follows form over General Liability,"---prompt---
Determine if the Umbrella/Excess Liability policy follows form to the underlying policies. Evidence may include: language in the Description of Operations section stating the umbrella follows form to underlying coverages or an additional page endorsement stating that it follows form. Follow form means the umbrella policy adopts the same terms, conditions, and exclusions as the underlying policies.",matchOnce,must be present,,,non_compliant,Block Requirements,,,true,0,,2026-08-16
"Block Real Estate Services, LLC",69fdf7c762446148bd85d87b,69fded0c62446148bd848b08,"Ray's Donuts & Deli / 6tinos, LLC",69fdf21f19e1eeeaeb9ada59,"viv080 - Vivion Road Shopping Center {Vivion Road Development Company, LLC}",evidenceOfInsurance,Evidence of Insurance,6ac20aae-5728-5d57-b364-aeba38527dba,Additional Requirements,2cdd866f-c9a4-576a-afd8-1d045762790c,The location must be listed as: 315 NE Vivion Road Kansas City MO 64118,,matchOnce,must be present,,,non_compliant,Block Requirements,,,true,0,,2026-08-16
"Block Real Estate Services, LLC",69fdf7c762446148bd85d87b,69fded0c62446148bd848b08,"Ray's Donuts & Deli / 6tinos, LLC",69fdf21f19e1eeeaeb9ada59,"viv080 - Vivion Road Shopping Center {Vivion Road Development Company, LLC}",evidenceOfInsurance,Evidence of Insurance,6ac20aae-5728-5d57-b364-aeba38527dba,Additional Requirements,3649e9d1-4e09-59bf-8f30-cb33c40cf117,"Certificate Holder must read: c/o Block Real Estate Services, LLC, 4622 Pennsylvania St., Suite 700, Kansas City, MO, 64112",,matchOnce,must be present,,,non_compliant,Block Requirements,,,true,0,,2026-08-16
"Block Real Estate Services, LLC",69fdf7c762446148bd85d880,69fded1f62446148bd8490f3,Rent-A-Center #1724,69fdf21f19e1eeeaeb9ada59,"viv080 - Vivion Road Shopping Center {Vivion Road Development Company, LLC}",evidenceOfInsurance,Evidence of Insurance,commercialGeneralLiability,Commercial General Liability,evidenceOfInsuranceCommercialGeneralLiabilityCoverageTriggerOccurrence,Coverage Trigger: Occurrence,,matchOnce,must be present,,Present,compliant,Block Requirements,,,false,1,,2026-08-16
"Block Real Estate Services, LLC",69fdf7c762446148bd85d880,69fded1f62446148bd8490f3,Rent-A-Center #1724,69fdf21f19e1eeeaeb9ada59,"viv080 - Vivion Road Shopping Center {Vivion Road Development Company, LLC}",evidenceOfInsurance,Evidence of Insurance,commercialGeneralLiability,Commercial General Liability,evidenceOfInsuranceCommercialGeneralLiabilityGeneralAggregateLimitAppliesPerLocation,General Aggregate Limit Applies per: Location,,matchOnce,must be present,,Present,compliant,Block Requirements,,,false,1,,2026-08-16
"Block Real Estate Services, LLC",69fdf7c762446148bd85d880,69fded1f62446148bd8490f3,Rent-A-Center #1724,69fdf21f19e1eeeaeb9ada59,"viv080 - Vivion Road Shopping Center {Vivion Road Development Company, LLC}",evidenceOfInsurance,Evidence of Insurance,commercialGeneralLiability,Commercial General Liability,evidenceOfInsuranceCommercialGeneralLiabilityEachOccurrence,Each Occurrence,,matchOnce,must be greater or equal to,1000000,2000000,compliant,Block Requirements,,,false,1,,2026-08-16
"Block Real Estate Services, LLC",69fdf7c762446148bd85d880,69fded1f62446148bd8490f3,Rent-A-Center #1724,69fdf21f19e1eeeaeb9ada59,"viv080 - Vivion Road Shopping Center {Vivion Road Development Company, LLC}",evidenceOfInsurance,Evidence of Insurance,commercialGeneralLiability,Commercial General Liability,evidenceOfInsuranceCommercialGeneralLiabilityGeneralAggregate,General Aggregate,,matchOnce,must be greater or equal to,2000000,20000000,compliant,Block Requirements,,,false,1,,2026-08-16
"Block Real Estate Services, LLC",69fdf7c762446148bd85d880,69fded1f62446148bd8490f3,Rent-A-Center #1724,69fdf21f19e1eeeaeb9ada59,"viv080 - Vivion Road Shopping Center {Vivion Road Development Company, LLC}",evidenceOfInsurance,Evidence of Insurance,commercialGeneralLiability,Commercial General Liability,evidenceOfInsuranceCommercialGeneralLiabilityWaiverOfSubrogationEndorsement,Waiver of Subrogation,"---prompt---
Determine if the insurer has waived their right of subrogation in favor of the certificate holder under the Commercial General Liability policy. Evidence may include: a checked ""Waiver of Subrogation"" box on the certificate, mention in the Description of Operations section stating ""waiver of subrogation applies"", or reference to form CG 24 04. Look for language like ""subrogation is waived"" or ""per written contract"".",matchOnce,must be present,,Present,compliant,Block Requirements,,,false,1,,2026-08-16
"Block Real Estate Services, LLC",69fdf7c762446148bd85d880,69fded1f62446148bd8490f3,Rent-A-Center #1724,69fdf21f19e1eeeaeb9ada59,"viv080 - Vivion Road Shopping Center {Vivion Road Development Company, LLC}",evidenceOfInsurance,Evidence of Insurance,excessOrUmbrellaLiability,Umbrella/Excess Liability,evidenceOfInsuranceExcessOrUmbrellaLiabilityOccurence,Coverage Trigger: Occurrence,,matchOnce,must be present,,Present,compliant,Block Requirements,,,false,2,,2026-08-16
"Block Real Estate Services, LLC",69fdf7c762446148bd85d880,69fded1f62446148bd8490f3,Rent-A-Center #1724,69fdf21f19e1eeeaeb9ada59,"viv080 - Vivion Road Shopping Center {Vivion Road Development Company, LLC}",evidenceOfInsurance,Evidence of Insurance,excessOrUmbrellaLiability,Umbrella/Excess Liability,evidenceOfInsuranceExcessOrUmbrellaLiabilityEachOccurrence,Each Occurrence,,matchOnce,must be greater or equal to,1000000,5000000,compliant,Block Requirements,,,false,2,,2026-08-16
"Block Real Estate Services, LLC",69fdf7c762446148bd85d880,69fded1f62446148bd8490f3,Rent-A-Center #1724,69fdf21f19e1eeeaeb9ada59,"viv080 - Vivion Road Shopping Center {Vivion Road Development Company, LLC}",evidenceOfInsurance,Evidence of Insurance,excessOrUmbrellaLiability,Umbrella/Excess Liability,evidenceOfInsuranceExcessOrUmbrellaLiabilityAggregate,Aggregate,,matchOnce,must be greater or equal to,1000000,5000000,compliant,Block Requirements,,,false,2,,2026-08-16
"Block Real Estate Services, LLC",69fdf7c762446148bd85d880,69fded1f62446148bd8490f3,Rent-A-Center #1724,69fdf21f19e1eeeaeb9ada59,"viv080 - Vivion Road Shopping Center {Vivion Road Development Company, LLC}",evidenceOfInsurance,Evidence of Insurance,workersCompensation,Workers' Compensation and Employer's Liability,evidenceOfInsuranceWorkersCompensationStatutoryLimits,Statutory Limits,,matchOnce,must be present,,Present,compliant,Block Requirements,,,false,2,,2026-08-16
"Block Real Estate Services, LLC",69fdf7c762446148bd85d880,69fded1f62446148bd8490f3,Rent-A-Center #1724,69fdf21f19e1eeeaeb9ada59,"viv080 - Vivion Road Shopping Center {Vivion Road Development Company, LLC}",evidenceOfInsurance,Evidence of Insurance,workersCompensation,Workers' Compensation and Employer's Liability,evidenceOfInsuranceWorkersCompensationEmployersLiabilityEachAccident,Employer's Liability Each Accident,,matchOnce,must be greater or equal to,500000,2000000,compliant,Block Requirements,,,false,2,,2026-08-16
"Block Real Estate Services, LLC",69fdf7c762446148bd85d880,69fded1f62446148bd8490f3,Rent-A-Center #1724,69fdf21f19e1eeeaeb9ada59,"viv080 - Vivion Road Shopping Center {Vivion Road Development Company, LLC}",evidenceOfInsurance,Evidence of Insurance,workersCompensation,Workers' Compensation and Employer's Liability,evidenceOfInsuranceWorkersCompensationEmployersLiabilityDiseaseEachEmployee,Employer's Liability Disease - each employee,,matchOnce,must be greater or equal to,500000,2000000,compliant,Block Requirements,,,false,2,,2026-08-16
"Block Real Estate Services, LLC",69fdf7c762446148bd85d880,69fded1f62446148bd8490f3,Rent-A-Center #1724,69fdf21f19e1eeeaeb9ada59,"viv080 - Vivion Road Shopping Center {Vivion Road Development Company, LLC}",evidenceOfInsurance,Evidence of Insurance,workersCompensation,Workers' Compensation and Employer's Liability,evidenceOfInsuranceWorkersCompensationEmployersLiabilityDiseasePolicyLimit,Employer's Liability Disease - policy limit,,matchOnce,must be greater or equal to,500000,2000000,compliant,Block Requirements,,,false,2,,2026-08-16
"Block Real Estate Services, LLC",69fdf7c762446148bd85d880,69fded1f62446148bd8490f3,Rent-A-Center #1724,69fdf21f19e1eeeaeb9ada59,"viv080 - Vivion Road Shopping Center {Vivion Road Development Company, LLC}",evidenceOfInsurance,Evidence of Insurance,workersCompensation,Workers' Compensation and Employer's Liability,evidenceOfInsuranceWorkersCompensationWaiverOfSubrogationEndorsement,Waiver of Subrogation,"---prompt---
Determine if the insurer has waived their right of subrogation in favor of the certificate holder under the Workers' Compensation policy. Evidence may include: a checked ""Waiver of Subrogation"" box on the certificate, mention in the Description of Operations section stating ""waiver of subrogation applies"", or reference to form WC 00 03 13. Look for language like ""subrogation is waived"" or ""per written contract"".",matchOnce,must be present,,Present,compliant,Block Requirements,,,false,2,,2026-08-16
"Block Real Estate Services, LLC",69fdf7c762446148bd85d880,69fded1f62446148bd8490f3,Rent-A-Center #1724,69fdf21f19e1eeeaeb9ada59,"viv080 - Vivion Road Shopping Center {Vivion Road Development Company, LLC}",evidenceOfInsurance,Evidence of Insurance,6ac20aae-5728-5d57-b364-aeba38527dba,Additional Requirements,4da5b0f1-4c9d-5885-8cf8-5d3cccaed3e0,"Block Real Estate Services, LLC and all others required by contract are named as Additional Insureds","---prompt---
Determine if the Description of Operations or the Additional Remarks Schedule section states the ""Additional Insured as Construction Management, Inc. and all others required by contract"" or reference to blanket additional insured coverage. Look for language like ""certificate holder is additional insured"" or ""per written contract"".",matchOnce,must be present,,,non_compliant,Block Requirements,,,true,0,,2026-08-16
"Block Real Estate Services, LLC",69fdf7c762446148bd85d880,69fded1f62446148bd8490f3,Rent-A-Center #1724,69fdf21f19e1eeeaeb9ada59,"viv080 - Vivion Road Shopping Center {Vivion Road Development Company, LLC}",evidenceOfInsurance,Evidence of Insurance,6ac20aae-5728-5d57-b364-aeba38527dba,Additional Requirements,e1017741-e47e-5f58-97b8-fbc3043e919f,Umbrella follows form over General Liability,"---prompt---
Determine if the Umbrella/Excess Liability policy follows form to the underlying policies. Evidence may include: language in the Description of Operations section stating the umbrella follows form to underlying coverages or an additional page endorsement stating that it follows form. Follow form means the umbrella policy adopts the same terms, conditions, and exclusions as the underlying policies.",matchOnce,must be present,,Present,compliant,Block Requirements,,,true,1,,2026-08-16
"Block Real Estate Services, LLC",69fdf7c762446148bd85d880,69fded1f62446148bd8490f3,Rent-A-Center #1724,69fdf21f19e1eeeaeb9ada59,"viv080 - Vivion Road Shopping Center {Vivion Road Development Company, LLC}",evidenceOfInsurance,Evidence of Insurance,6ac20aae-5728-5d57-b364-aeba38527dba,Additional Requirements,2cdd866f-c9a4-576a-afd8-1d045762790c,The location must be listed as: 307 NE Vivion Road Kansas City MO 64118,,matchOnce,must be present,,,non_compliant,Block Requirements,,,true,0,,2026-08-16
"Block Real Estate Services, LLC",69fdf7c762446148bd85d880,69fded1f62446148bd8490f3,Rent-A-Center #1724,69fdf21f19e1eeeaeb9ada59,"viv080 - Vivion Road Shopping Center {Vivion Road Development Company, LLC}",evidenceOfInsurance,Evidence of Insurance,6ac20aae-5728-5d57-b364-aeba38527dba,Additional Requirements,3649e9d1-4e09-59bf-8f30-cb33c40cf117,"Certificate Holder must read: c/o Block Real Estate Services, LLC, 4622 Pennsylvania St., Suite 700, Kansas City, MO, 64112",,matchOnce,must be present,,,non_compliant,Block Requirements,,,true,0,,2026-08-16
"Block Real Estate Services, LLC",69fdf7c762446148bd85d87e,69fded1762446148bd848e65,"Hoang Tran Nhat Pham, Phuoc Duc Ngo and Binh Xuan Nguyen",69fdf21f19e1eeeaeb9ada59,"viv080 - Vivion Road Shopping Center {Vivion Road Development Company, LLC}",evidenceOfInsurance,Evidence of Insurance,commercialGeneralLiability,Commercial General Liability,evidenceOfInsuranceCommercialGeneralLiabilityCoverageTriggerOccurrence,Coverage Trigger: Occurrence,,matchOnce,must be present,,,non_compliant,Block Requirements,,,false,0,,2026-08-16
"Block Real Estate Services, LLC",69fdf7c762446148bd85d87e,69fded1762446148bd848e65,"Hoang Tran Nhat Pham, Phuoc Duc Ngo and Binh Xuan Nguyen",69fdf21f19e1eeeaeb9ada59,"viv080 - Vivion Road Shopping Center {Vivion Road Development Company, LLC}",evidenceOfInsurance,Evidence of Insurance,commercialGeneralLiability,Commercial General Liability,evidenceOfInsuranceCommercialGeneralLiabilityGeneralAggregateLimitAppliesPerLocation,General Aggregate Limit Applies per: Location,,matchOnce,must be present,,,non_compliant,Block Requirements,,,false,0,,2026-08-16
"Block Real Estate Services, LLC",69fdf7c762446148bd85d87e,69fded1762446148bd848e65,"Hoang Tran Nhat Pham, Phuoc Duc Ngo and Binh Xuan Nguyen",69fdf21f19e1eeeaeb9ada59,"viv080 - Vivion Road Shopping Center {Vivion Road Development Company, LLC}",evidenceOfInsurance,Evidence of Insurance,commercialGeneralLiability,Commercial General Liability,evidenceOfInsuranceCommercialGeneralLiabilityEachOccurrence,Each Occurrence,,matchOnce,must be greater or equal to,1000000,,non_compliant,Block Requirements,,,false,0,,2026-08-16
"Block Real Estate Services, LLC",69fdf7c762446148bd85d87e,69fded1762446148bd848e65,"Hoang Tran Nhat Pham, Phuoc Duc Ngo and Binh Xuan Nguyen",69fdf21f19e1eeeaeb9ada59,"viv080 - Vivion Road Shopping Center {Vivion Road Development Company, LLC}",evidenceOfInsurance,Evidence of Insurance,commercialGeneralLiability,Commercial General Liability,evidenceOfInsuranceCommercialGeneralLiabilityGeneralAggregate,General Aggregate,,matchOnce,must be greater or equal to,2000000,,non_compliant,Block Requirements,,,false,0,,2026-08-16
"Block Real Estate Services, LLC",69fdf7c762446148bd85d87e,69fded1762446148bd848e65,"Hoang Tran Nhat Pham, Phuoc Duc Ngo and Binh Xuan Nguyen",69fdf21f19e1eeeaeb9ada59,"viv080 - Vivion Road Shopping Center {Vivion Road Development Company, LLC}",evidenceOfInsurance,Evidence of Insurance,commercialGeneralLiability,Commercial General Liability,evidenceOfInsuranceCommercialGeneralLiabilityWaiverOfSubrogationEndorsement,Waiver of Subrogation,"---prompt---
Determine if the insurer has waived their right of subrogation in favor of the certificate holder under the Commercial General Liability policy. Evidence may include: a checked ""Waiver of Subrogation"" box on the certificate, mention in the Description of Operations section stating ""waiver of subrogation applies"", or reference to form CG 24 04. Look for language like ""subrogation is waived"" or ""per written contract"".",matchOnce,must be present,,,non_compliant,Block Requirements,,,false,0,,2026-08-16
"Block Real Estate Services, LLC",69fdf7c762446148bd85d87e,69fded1762446148bd848e65,"Hoang Tran Nhat Pham, Phuoc Duc Ngo and Binh Xuan Nguyen",69fdf21f19e1eeeaeb9ada59,"viv080 - Vivion Road Shopping Center {Vivion Road Development Company, LLC}",evidenceOfInsurance,Evidence of Insurance,excessOrUmbrellaLiability,Umbrella/Excess Liability,evidenceOfInsuranceExcessOrUmbrellaLiabilityOccurence,Coverage Trigger: Occurrence,,matchOnce,must be present,,,non_compliant,Block Requirements,,,false,0,,2026-08-16
"Block Real Estate Services, LLC",69fdf7c762446148bd85d87e,69fded1762446148bd848e65,"Hoang Tran Nhat Pham, Phuoc Duc Ngo and Binh Xuan Nguyen",69fdf21f19e1eeeaeb9ada59,"viv080 - Vivion Road Shopping Center {Vivion Road Development Company, LLC}",evidenceOfInsurance,Evidence of Insurance,excessOrUmbrellaLiability,Umbrella/Excess Liability,evidenceOfInsuranceExcessOrUmbrellaLiabilityEachOccurrence,Each Occurrence,,matchOnce,must be greater or equal to,1000000,,non_compliant,Block Requirements,,,false,0,,2026-08-16
"Block Real Estate Services, LLC",69fdf7c762446148bd85d87e,69fded1762446148bd848e65,"Hoang Tran Nhat Pham, Phuoc Duc Ngo and Binh Xuan Nguyen",69fdf21f19e1eeeaeb9ada59,"viv080 - Vivion Road Shopping Center {Vivion Road Development Company, LLC}",evidenceOfInsurance,Evidence of Insurance,excessOrUmbrellaLiability,Umbrella/Excess Liability,evidenceOfInsuranceExcessOrUmbrellaLiabilityAggregate,Aggregate,,matchOnce,must be greater or equal to,1000000,,non_compliant,Block Requirements,,,false,0,,2026-08-16
"Block Real Estate Services, LLC",69fdf7c762446148bd85d87e,69fded1762446148bd848e65,"Hoang Tran Nhat Pham, Phuoc Duc Ngo and Binh Xuan Nguyen",69fdf21f19e1eeeaeb9ada59,"viv080 - Vivion Road Shopping Center {Vivion Road Development Company, LLC}",evidenceOfInsurance,Evidence of Insurance,workersCompensation,Workers' Compensation and Employer's Liability,evidenceOfInsuranceWorkersCompensationStatutoryLimits,Statutory Limits,,matchOnce,must be present,,,non_compliant,Block Requirements,,,false,0,,2026-08-16
"Block Real Estate Services, LLC",69fdf7c762446148bd85d87e,69fded1762446148bd848e65,"Hoang Tran Nhat Pham, Phuoc Duc Ngo and Binh Xuan Nguyen",69fdf21f19e1eeeaeb9ada59,"viv080 - Vivion Road Shopping Center {Vivion Road Development Company, LLC}",evidenceOfInsurance,Evidence of Insurance,workersCompensation,Workers' Compensation and Employer's Liability,evidenceOfInsuranceWorkersCompensationEmployersLiabilityEachAccident,Employer's Liability Each Accident,,matchOnce,must be greater or equal to,500000,,non_compliant,Block Requirements,,,false,0,,2026-08-16
"Block Real Estate Services, LLC",69fdf7c762446148bd85d87e,69fded1762446148bd848e65,"Hoang Tran Nhat Pham, Phuoc Duc Ngo and Binh Xuan Nguyen",69fdf21f19e1eeeaeb9ada59,"viv080 - Vivion Road Shopping Center {Vivion Road Development Company, LLC}",evidenceOfInsurance,Evidence of Insurance,workersCompensation,Workers' Compensation and Employer's Liability,evidenceOfInsuranceWorkersCompensationEmployersLiabilityDiseaseEachEmployee,Employer's Liability Disease - each employee,,matchOnce,must be greater or equal to,500000,,non_compliant,Block Requirements,,,false,0,,2026-08-16
"Block Real Estate Services, LLC",69fdf7c762446148bd85d87e,69fded1762446148bd848e65,"Hoang Tran Nhat Pham, Phuoc Duc Ngo and Binh Xuan Nguyen",69fdf21f19e1eeeaeb9ada59,"viv080 - Vivion Road Shopping Center {Vivion Road Development Company, LLC}",evidenceOfInsurance,Evidence of Insurance,workersCompensation,Workers' Compensation and Employer's Liability,evidenceOfInsuranceWorkersCompensationEmployersLiabilityDiseasePolicyLimit,Employer's Liability Disease - policy limit,,matchOnce,must be greater or equal to,500000,,non_compliant,Block Requirements,,,false,0,,2026-08-16
"Block Real Estate Services, LLC",69fdf7c762446148bd85d87e,69fded1762446148bd848e65,"Hoang Tran Nhat Pham, Phuoc Duc Ngo and Binh Xuan Nguyen",69fdf21f19e1eeeaeb9ada59,"viv080 - Vivion Road Shopping Center {Vivion Road Development Company, LLC}",evidenceOfInsurance,Evidence of Insurance,workersCompensation,Workers' Compensation and Employer's Liability,evidenceOfInsuranceWorkersCompensationWaiverOfSubrogationEndorsement,Waiver of Subrogation,"---prompt---
Determine if the insurer has waived their right of subrogation in favor of the certificate holder under the Workers' Compensation policy. Evidence may include: a checked ""Waiver of Subrogation"" box on the certificate, mention in the Description of Operations section stating ""waiver of subrogation applies"", or reference to form WC 00 03 13. Look for language like ""subrogation is waived"" or ""per written contract"".",matchOnce,must be present,,,non_compliant,Block Requirements,,,false,0,,2026-08-16
"Block Real Estate Services, LLC",69fdf7c762446148bd85d87e,69fded1762446148bd848e65,"Hoang Tran Nhat Pham, Phuoc Duc Ngo and Binh Xuan Nguyen",69fdf21f19e1eeeaeb9ada59,"viv080 - Vivion Road Shopping Center {Vivion Road Development Company, LLC}",evidenceOfInsurance,Evidence of Insurance,6ac20aae-5728-5d57-b364-aeba38527dba,Additional Requirements,4da5b0f1-4c9d-5885-8cf8-5d3cccaed3e0,"Block Real Estate Services, LLC and all others required by contract are named as Additional Insureds","---prompt---
Determine if the Description of Operations or the Additional Remarks Schedule section states the ""Additional Insured as Construction Management, Inc. and all others required by contract"" or reference to blanket additional insured coverage. Look for language like ""certificate holder is additional insured"" or ""per written contract"".",matchOnce,must be present,,,non_compliant,Block Requirements,,,true,0,,2026-08-16
"Block Real Estate Services, LLC",69fdf7c762446148bd85d87e,69fded1762446148bd848e65,"Hoang Tran Nhat Pham, Phuoc Duc Ngo and Binh Xuan Nguyen",69fdf21f19e1eeeaeb9ada59,"viv080 - Vivion Road Shopping Center {Vivion Road Development Company, LLC}",evidenceOfInsurance,Evidence of Insurance,6ac20aae-5728-5d57-b364-aeba38527dba,Additional Requirements,e1017741-e47e-5f58-97b8-fbc3043e919f,Umbrella follows form over General Liability,"---prompt---
Determine if the Umbrella/Excess Liability policy follows form to the underlying policies. Evidence may include: language in the Description of Operations section stating the umbrella follows form to underlying coverages or an additional page endorsement stating that it follows form. Follow form means the umbrella policy adopts the same terms, conditions, and exclusions as the underlying policies.",matchOnce,must be present,,,non_compliant,Block Requirements,,,true,0,,2026-08-16
"Block Real Estate Services, LLC",69fdf7c762446148bd85d87e,69fded1762446148bd848e65,"Hoang Tran Nhat Pham, Phuoc Duc Ngo and Binh Xuan Nguyen",69fdf21f19e1eeeaeb9ada59,"viv080 - Vivion Road Shopping Center {Vivion Road Development Company, LLC}",evidenceOfInsurance,Evidence of Insurance,6ac20aae-5728-5d57-b364-aeba38527dba,Additional Requirements,2cdd866f-c9a4-576a-afd8-1d045762790c,The location must be listed as:,,matchOnce,must be present,,,non_compliant,Block Requirements,,,true,0,,2026-08-16
"Block Real Estate Services, LLC",69fdf7c762446148bd85d87e,69fded1762446148bd848e65,"Hoang Tran Nhat Pham, Phuoc Duc Ngo and Binh Xuan Nguyen",69fdf21f19e1eeeaeb9ada59,"viv080 - Vivion Road Shopping Center {Vivion Road Development Company, LLC}",evidenceOfInsurance,Evidence of Insurance,6ac20aae-5728-5d57-b364-aeba38527dba,Additional Requirements,3649e9d1-4e09-59bf-8f30-cb33c40cf117,"Certificate Holder must read: c/o Block Real Estate Services, LLC, 4622 Pennsylvania St., Suite 700, Kansas City, MO, 64112",,matchOnce,must be present,,,non_compliant,Block Requirements,,,true,0,,2026-08-16
"Block Real Estate Services, LLC",69fdf7c762446148bd85d87f,69fded1c62446148bd84901b,"Office Max, Inc #472",69fdf21f19e1eeeaeb9ada59,"viv080 - Vivion Road Shopping Center {Vivion Road Development Company, LLC}",evidenceOfInsurance,Evidence of Insurance,commercialGeneralLiability,Commercial General Liability,evidenceOfInsuranceCommercialGeneralLiabilityCoverageTriggerOccurrence,Coverage Trigger: Occurrence,,matchOnce,must be present,,,non_compliant,Block Requirements,,,false,0,,2026-08-16
"Block Real Estate Services, LLC",69fdf7c762446148bd85d87f,69fded1c62446148bd84901b,"Office Max, Inc #472",69fdf21f19e1eeeaeb9ada59,"viv080 - Vivion Road Shopping Center {Vivion Road Development Company, LLC}",evidenceOfInsurance,Evidence of Insurance,commercialGeneralLiability,Commercial General Liability,evidenceOfInsuranceCommercialGeneralLiabilityGeneralAggregateLimitAppliesPerLocation,General Aggregate Limit Applies per: Location,,matchOnce,must be present,,,non_compliant,Block Requirements,,,false,0,,2026-08-16
"Block Real Estate Services, LLC",69fdf7c762446148bd85d87f,69fded1c62446148bd84901b,"Office Max, Inc #472",69fdf21f19e1eeeaeb9ada59,"viv080 - Vivion Road Shopping Center {Vivion Road Development Company, LLC}",evidenceOfInsurance,Evidence of Insurance,commercialGeneralLiability,Commercial General Liability,evidenceOfInsuranceCommercialGeneralLiabilityEachOccurrence,Each Occurrence,,matchOnce,must be greater or equal to,1000000,,non_compliant,Block Requirements,,,false,0,,2026-08-16
"Block Real Estate Services, LLC",69fdf7c762446148bd85d87f,69fded1c62446148bd84901b,"Office Max, Inc #472",69fdf21f19e1eeeaeb9ada59,"viv080 - Vivion Road Shopping Center {Vivion Road Development Company, LLC}",evidenceOfInsurance,Evidence of Insurance,commercialGeneralLiability,Commercial General Liability,evidenceOfInsuranceCommercialGeneralLiabilityGeneralAggregate,General Aggregate,,matchOnce,must be greater or equal to,2000000,,non_compliant,Block Requirements,,,false,0,,2026-08-16
"Block Real Estate Services, LLC",69fdf7c762446148bd85d87f,69fded1c62446148bd84901b,"Office Max, Inc #472",69fdf21f19e1eeeaeb9ada59,"viv080 - Vivion Road Shopping Center {Vivion Road Development Company, LLC}",evidenceOfInsurance,Evidence of Insurance,commercialGeneralLiability,Commercial General Liability,evidenceOfInsuranceCommercialGeneralLiabilityWaiverOfSubrogationEndorsement,Waiver of Subrogation,"---prompt---
Determine if the insurer has waived their right of subrogation in favor of the certificate holder under the Commercial General Liability policy. Evidence may include: a checked ""Waiver of Subrogation"" box on the certificate, mention in the Description of Operations section stating ""waiver of subrogation applies"", or reference to form CG 24 04. Look for language like ""subrogation is waived"" or ""per written contract"".",matchOnce,must be present,,,non_compliant,Block Requirements,,,false,0,,2026-08-16
"Block Real Estate Services, LLC",69fdf7c762446148bd85d87f,69fded1c62446148bd84901b,"Office Max, Inc #472",69fdf21f19e1eeeaeb9ada59,"viv080 - Vivion Road Shopping Center {Vivion Road Development Company, LLC}",evidenceOfInsurance,Evidence of Insurance,excessOrUmbrellaLiability,Umbrella/Excess Liability,evidenceOfInsuranceExcessOrUmbrellaLiabilityOccurence,Coverage Trigger: Occurrence,,matchOnce,must be present,,,non_compliant,Block Requirements,,,false,0,,2026-08-16
"Block Real Estate Services, LLC",69fdf7c762446148bd85d87f,69fded1c62446148bd84901b,"Office Max, Inc #472",69fdf21f19e1eeeaeb9ada59,"viv080 - Vivion Road Shopping Center {Vivion Road Development Company, LLC}",evidenceOfInsurance,Evidence of Insurance,excessOrUmbrellaLiability,Umbrella/Excess Liability,evidenceOfInsuranceExcessOrUmbrellaLiabilityEachOccurrence,Each Occurrence,,matchOnce,must be greater or equal to,1000000,,non_compliant,Block Requirements,,,false,0,,2026-08-16
"Block Real Estate Services, LLC",69fdf7c762446148bd85d87f,69fded1c62446148bd84901b,"Office Max, Inc #472",69fdf21f19e1eeeaeb9ada59,"viv080 - Vivion Road Shopping Center {Vivion Road Development Company, LLC}",evidenceOfInsurance,Evidence of Insurance,excessOrUmbrellaLiability,Umbrella/Excess Liability,evidenceOfInsuranceExcessOrUmbrellaLiabilityAggregate,Aggregate,,matchOnce,must be greater or equal to,1000000,,non_compliant,Block Requirements,,,false,0,,2026-08-16
"Block Real Estate Services, LLC",69fdf7c762446148bd85d87f,69fded1c62446148bd84901b,"Office Max, Inc #472",69fdf21f19e1eeeaeb9ada59,"viv080 - Vivion Road Shopping Center {Vivion Road Development Company, LLC}",evidenceOfInsurance,Evidence of Insurance,workersCompensation,Workers' Compensation and Employer's Liability,evidenceOfInsuranceWorkersCompensationStatutoryLimits,Statutory Limits,,matchOnce,must be present,,,non_compliant,Block Requirements,,,false,0,,2026-08-16
"Block Real Estate Services, LLC",69fdf7c762446148bd85d87f,69fded1c62446148bd84901b,"Office Max, Inc #472",69fdf21f19e1eeeaeb9ada59,"viv080 - Vivion Road Shopping Center {Vivion Road Development Company, LLC}",evidenceOfInsurance,Evidence of Insurance,workersCompensation,Workers' Compensation and Employer's Liability,evidenceOfInsuranceWorkersCompensationEmployersLiabilityEachAccident,Employer's Liability Each Accident,,matchOnce,must be greater or equal to,500000,,non_compliant,Block Requirements,,,false,0,,2026-08-16
"Block Real Estate Services, LLC",69fdf7c762446148bd85d87f,69fded1c62446148bd84901b,"Office Max, Inc #472",69fdf21f19e1eeeaeb9ada59,"viv080 - Vivion Road Shopping Center {Vivion Road Development Company, LLC}",evidenceOfInsurance,Evidence of Insurance,workersCompensation,Workers' Compensation and Employer's Liability,evidenceOfInsuranceWorkersCompensationEmployersLiabilityDiseaseEachEmployee,Employer's Liability Disease - each employee,,matchOnce,must be greater or equal to,500000,,non_compliant,Block Requirements,,,false,0,,2026-08-16
"Block Real Estate Services, LLC",69fdf7c762446148bd85d87f,69fded1c62446148bd84901b,"Office Max, Inc #472",69fdf21f19e1eeeaeb9ada59,"viv080 - Vivion Road Shopping Center {Vivion Road Development Company, LLC}",evidenceOfInsurance,Evidence of Insurance,workersCompensation,Workers' Compensation and Employer's Liability,evidenceOfInsuranceWorkersCompensationEmployersLiabilityDiseasePolicyLimit,Employer's Liability Disease - policy limit,,matchOnce,must be greater or equal to,500000,,non_compliant,Block Requirements,,,false,0,,2026-08-16
"Block Real Estate Services, LLC",69fdf7c762446148bd85d87f,69fded1c62446148bd84901b,"Office Max, Inc #472",69fdf21f19e1eeeaeb9ada59,"viv080 - Vivion Road Shopping Center {Vivion Road Development Company, LLC}",evidenceOfInsurance,Evidence of Insurance,workersCompensation,Workers' Compensation and Employer's Liability,evidenceOfInsuranceWorkersCompensationWaiverOfSubrogationEndorsement,Waiver of Subrogation,"---prompt---
Determine if the insurer has waived their right of subrogation in favor of the certificate holder under the Workers' Compensation policy. Evidence may include: a checked ""Waiver of Subrogation"" box on the certificate, mention in the Description of Operations section stating ""waiver of subrogation applies"", or reference to form WC 00 03 13. Look for language like ""subrogation is waived"" or ""per written contract"".",matchOnce,must be present,,,non_compliant,Block Requirements,,,false,0,,2026-08-16
"Block Real Estate Services, LLC",69fdf7c762446148bd85d87f,69fded1c62446148bd84901b,"Office Max, Inc #472",69fdf21f19e1eeeaeb9ada59,"viv080 - Vivion Road Shopping Center {Vivion Road Development Company, LLC}",evidenceOfInsurance,Evidence of Insurance,6ac20aae-5728-5d57-b364-aeba38527dba,Additional Requirements,4da5b0f1-4c9d-5885-8cf8-5d3cccaed3e0,"Block Real Estate Services, LLC and all others required by contract are named as Additional Insureds","---prompt---
Determine if the Description of Operations or the Additional Remarks Schedule section states the ""Additional Insured as Construction Management, Inc. and all others required by contract"" or reference to blanket additional insured coverage. Look for language like ""certificate holder is additional insured"" or ""per written contract"".",matchOnce,must be present,,,non_compliant,Block Requirements,,,true,0,,2026-08-16
"Block Real Estate Services, LLC",69fdf7c762446148bd85d87f,69fded1c62446148bd84901b,"Office Max, Inc #472",69fdf21f19e1eeeaeb9ada59,"viv080 - Vivion Road Shopping Center {Vivion Road Development Company, LLC}",evidenceOfInsurance,Evidence of Insurance,6ac20aae-5728-5d57-b364-aeba38527dba,Additional Requirements,e1017741-e47e-5f58-97b8-fbc3043e919f,Umbrella follows form over General Liability,"---prompt---
Determine if the Umbrella/Excess Liability policy follows form to the underlying policies. Evidence may include: language in the Description of Operations section stating the umbrella follows form to underlying coverages or an additional page endorsement stating that it follows form. Follow form means the umbrella policy adopts the same terms, conditions, and exclusions as the underlying policies.",matchOnce,must be present,,,non_compliant,Block Requirements,,,true,0,,2026-08-16
"Block Real Estate Services, LLC",69fdf7c762446148bd85d87f,69fded1c62446148bd84901b,"Office Max, Inc #472",69fdf21f19e1eeeaeb9ada59,"viv080 - Vivion Road Shopping Center {Vivion Road Development Company, LLC}",evidenceOfInsurance,Evidence of Insurance,6ac20aae-5728-5d57-b364-aeba38527dba,Additional Requirements,2cdd866f-c9a4-576a-afd8-1d045762790c,The location must be listed as:,,matchOnce,must be present,,,non_compliant,Block Requirements,,,true,0,,2026-08-16
"Block Real Estate Services, LLC",69fdf7c762446148bd85d87f,69fded1c62446148bd84901b,"Office Max, Inc #472",69fdf21f19e1eeeaeb9ada59,"viv080 - Vivion Road Shopping Center {Vivion Road Development Company, LLC}",evidenceOfInsurance,Evidence of Insurance,6ac20aae-5728-5d57-b364-aeba38527dba,Additional Requirements,3649e9d1-4e09-59bf-8f30-cb33c40cf117,"Certificate Holder must read: c/o Block Real Estate Services, LLC, 4622 Pennsylvania St., Suite 700, Kansas City, MO, 64112",,matchOnce,must be present,,,non_compliant,Block Requirements,,,true,0,,2026-08-16
"Block Real Estate Services, LLC",69fdf7b562446148bd85c444,69fded1f62446148bd849120,Ryan Poage & Company,69fdf1fad3bfa5e4945e603a,"tic752 - Plaza Corporate Centre {Prom Motor Hotel, Inc.}",evidenceOfInsurance,Evidence of Insurance,commercialGeneralLiability,Commercial General Liability,evidenceOfInsuranceCommercialGeneralLiabilityCoverageTriggerOccurrence,Coverage Trigger: Occurrence,,matchOnce,must be present,,Present,compliant,Block Requirements,,,false,1,,2026-08-16
"Block Real Estate Services, LLC",69fdf7b562446148bd85c444,69fded1f62446148bd849120,Ryan Poage & Company,69fdf1fad3bfa5e4945e603a,"tic752 - Plaza Corporate Centre {Prom Motor Hotel, Inc.}",evidenceOfInsurance,Evidence of Insurance,commercialGeneralLiability,Commercial General Liability,evidenceOfInsuranceCommercialGeneralLiabilityGeneralAggregateLimitAppliesPerLocation,General Aggregate Limit Applies per: Location,,matchOnce,must be present,,,non_compliant,Block Requirements,,,false,0,,2026-08-16
"Block Real Estate Services, LLC",69fdf7b562446148bd85c444,69fded1f62446148bd849120,Ryan Poage & Company,69fdf1fad3bfa5e4945e603a,"tic752 - Plaza Corporate Centre {Prom Motor Hotel, Inc.}",evidenceOfInsurance,Evidence of Insurance,commercialGeneralLiability,Commercial General Liability,evidenceOfInsuranceCommercialGeneralLiabilityEachOccurrence,Each Occurrence,,matchOnce,must be greater or equal to,1000000,2000000,compliant,Block Requirements,,,false,1,,2026-08-16
"Block Real Estate Services, LLC",69fdf7b562446148bd85c444,69fded1f62446148bd849120,Ryan Poage & Company,69fdf1fad3bfa5e4945e603a,"tic752 - Plaza Corporate Centre {Prom Motor Hotel, Inc.}",evidenceOfInsurance,Evidence of Insurance,commercialGeneralLiability,Commercial General Liability,evidenceOfInsuranceCommercialGeneralLiabilityGeneralAggregate,General Aggregate,,matchOnce,must be greater or equal to,2000000,4000000,compliant,Block Requirements,,,false,1,,2026-08-16
"Block Real Estate Services, LLC",69fdf7b562446148bd85c444,69fded1f62446148bd849120,Ryan Poage & Company,69fdf1fad3bfa5e4945e603a,"tic752 - Plaza Corporate Centre {Prom Motor Hotel, Inc.}",evidenceOfInsurance,Evidence of Insurance,commercialGeneralLiability,Commercial General Liability,evidenceOfInsuranceCommercialGeneralLiabilityWaiverOfSubrogationEndorsement,Waiver of Subrogation,"---prompt---
Determine if the insurer has waived their right of subrogation in favor of the certificate holder under the Commercial General Liability policy. Evidence may include: a checked ""Waiver of Subrogation"" box on the certificate, mention in the Description of Operations section stating ""waiver of subrogation applies"", or reference to form CG 24 04. Look for language like ""subrogation is waived"" or ""per written contract"".",matchOnce,must be present,,Present,compliant,Block Requirements,,,false,1,,2026-08-16
"Block Real Estate Services, LLC",69fdf7b562446148bd85c444,69fded1f62446148bd849120,Ryan Poage & Company,69fdf1fad3bfa5e4945e603a,"tic752 - Plaza Corporate Centre {Prom Motor Hotel, Inc.}",evidenceOfInsurance,Evidence of Insurance,excessOrUmbrellaLiability,Umbrella/Excess Liability,evidenceOfInsuranceExcessOrUmbrellaLiabilityOccurence,Coverage Trigger: Occurrence,,matchOnce,must be present,,,waived,Block Requirements,,,false,0,,2026-08-16
"Block Real Estate Services, LLC",69fdf7b562446148bd85c444,69fded1f62446148bd849120,Ryan Poage & Company,69fdf1fad3bfa5e4945e603a,"tic752 - Plaza Corporate Centre {Prom Motor Hotel, Inc.}",evidenceOfInsurance,Evidence of Insurance,excessOrUmbrellaLiability,Umbrella/Excess Liability,evidenceOfInsuranceExcessOrUmbrellaLiabilityEachOccurrence,Each Occurrence,,matchOnce,must be greater or equal to,1000000,,waived,Block Requirements,,,false,0,,2026-08-16
"Block Real Estate Services, LLC",69fdf7b562446148bd85c444,69fded1f62446148bd849120,Ryan Poage & Company,69fdf1fad3bfa5e4945e603a,"tic752 - Plaza Corporate Centre {Prom Motor Hotel, Inc.}",evidenceOfInsurance,Evidence of Insurance,excessOrUmbrellaLiability,Umbrella/Excess Liability,evidenceOfInsuranceExcessOrUmbrellaLiabilityAggregate,Aggregate,,matchOnce,must be greater or equal to,1000000,,waived,Block Requirements,,,false,0,,2026-08-16
"Block Real Estate Services, LLC",69fdf7b562446148bd85c444,69fded1f62446148bd849120,Ryan Poage & Company,69fdf1fad3bfa5e4945e603a,"tic752 - Plaza Corporate Centre {Prom Motor Hotel, Inc.}",evidenceOfInsurance,Evidence of Insurance,workersCompensation,Workers' Compensation and Employer's Liability,evidenceOfInsuranceWorkersCompensationStatutoryLimits,Statutory Limits,,matchOnce,must be present,,,non_compliant,Block Requirements,,,false,0,,2026-08-16
"Block Real Estate Services, LLC",69fdf7b562446148bd85c444,69fded1f62446148bd849120,Ryan Poage & Company,69fdf1fad3bfa5e4945e603a,"tic752 - Plaza Corporate Centre {Prom Motor Hotel, Inc.}",evidenceOfInsurance,Evidence of Insurance,workersCompensation,Workers' Compensation and Employer's Liability,evidenceOfInsuranceWorkersCompensationEmployersLiabilityEachAccident,Employer's Liability Each Accident,,matchOnce,must be greater or equal to,500000,1000000,compliant,Block Requirements,,,false,1,,2026-08-16
"Block Real Estate Services, LLC",69fdf7b562446148bd85c444,69fded1f62446148bd849120,Ryan Poage & Company,69fdf1fad3bfa5e4945e603a,"tic752 - Plaza Corporate Centre {Prom Motor Hotel, Inc.}",evidenceOfInsurance,Evidence of Insurance,workersCompensation,Workers' Compensation and Employer's Liability,evidenceOfInsuranceWorkersCompensationEmployersLiabilityDiseaseEachEmployee,Employer's Liability Disease - each employee,,matchOnce,must be greater or equal to,500000,1000000,compliant,Block Requirements,,,false,1,,2026-08-16
"Block Real Estate Services, LLC",69fdf7b562446148bd85c444,69fded1f62446148bd849120,Ryan Poage & Company,69fdf1fad3bfa5e4945e603a,"tic752 - Plaza Corporate Centre {Prom Motor Hotel, Inc.}",evidenceOfInsurance,Evidence of Insurance,workersCompensation,Workers' Compensation and Employer's Liability,evidenceOfInsuranceWorkersCompensationEmployersLiabilityDiseasePolicyLimit,Employer's Liability Disease - policy limit,,matchOnce,must be greater or equal to,500000,1000000,compliant,Block Requirements,,,false,1,,2026-08-16
"Block Real Estate Services, LLC",69fdf7b562446148bd85c444,69fded1f62446148bd849120,Ryan Poage & Company,69fdf1fad3bfa5e4945e603a,"tic752 - Plaza Corporate Centre {Prom Motor Hotel, Inc.}",evidenceOfInsurance,Evidence of Insurance,workersCompensation,Workers' Compensation and Employer's Liability,evidenceOfInsuranceWorkersCompensationWaiverOfSubrogationEndorsement,Waiver of Subrogation,"---prompt---
Determine if the insurer has waived their right of subrogation in favor of the certificate holder under the Workers' Compensation policy. Evidence may include: a checked ""Waiver of Subrogation"" box on the certificate, mention in the Description of Operations section stating ""waiver of subrogation applies"", or reference to form WC 00 03 13. Look for language like ""subrogation is waived"" or ""per written contract"".",matchOnce,must be present,,Present,compliant,Block Requirements,,,false,1,,2026-08-16
"Block Real Estate Services, LLC",69fdf7b562446148bd85c444,69fded1f62446148bd849120,Ryan Poage & Company,69fdf1fad3bfa5e4945e603a,"tic752 - Plaza Corporate Centre {Prom Motor Hotel, Inc.}",evidenceOfInsurance,Evidence of Insurance,6ac20aae-5728-5d57-b364-aeba38527dba,Additional Requirements,4da5b0f1-4c9d-5885-8cf8-5d3cccaed3e0,"Block Real Estate Services, LLC and all others required by contract are named as Additional Insureds","---prompt---
Determine if the Description of Operations or the Additional Remarks Schedule section states the ""Additional Insured as Construction Management, Inc. and all others required by contract"" or reference to blanket additional insured coverage. Look for language like ""certificate holder is additional insured"" or ""per written contract"".",matchOnce,must be present,,Present,compliant,Block Requirements,,,true,1,,2026-08-16
"Block Real Estate Services, LLC",69fdf7b562446148bd85c444,69fded1f62446148bd849120,Ryan Poage & Company,69fdf1fad3bfa5e4945e603a,"tic752 - Plaza Corporate Centre {Prom Motor Hotel, Inc.}",evidenceOfInsurance,Evidence of Insurance,6ac20aae-5728-5d57-b364-aeba38527dba,Additional Requirements,e1017741-e47e-5f58-97b8-fbc3043e919f,Umbrella follows form over General Liability,"---prompt---
Determine if the Umbrella/Excess Liability policy follows form to the underlying policies. Evidence may include: language in the Description of Operations section stating the umbrella follows form to underlying coverages or an additional page endorsement stating that it follows form. Follow form means the umbrella policy adopts the same terms, conditions, and exclusions as the underlying policies.",matchOnce,must be present,,,waived,Block Requirements,Umbrella requirement waived,,true,0,2027-02-01,2026-08-16
"Block Real Estate Services, LLC",69fdf7b562446148bd85c444,69fded1f62446148bd849120,Ryan Poage & Company,69fdf1fad3bfa5e4945e603a,"tic752 - Plaza Corporate Centre {Prom Motor Hotel, Inc.}",evidenceOfInsurance,Evidence of Insurance,6ac20aae-5728-5d57-b364-aeba38527dba,Additional Requirements,2cdd866f-c9a4-576a-afd8-1d045762790c,The location must be listed as: 800 W. 47th Street Suite 700 Kansas City MO 64112,,matchOnce,must be present,,Present,compliant,Block Requirements,,,true,1,,2026-08-16
"Block Real Estate Services, LLC",69fdf7b562446148bd85c444,69fded1f62446148bd849120,Ryan Poage & Company,69fdf1fad3bfa5e4945e603a,"tic752 - Plaza Corporate Centre {Prom Motor Hotel, Inc.}",evidenceOfInsurance,Evidence of Insurance,6ac20aae-5728-5d57-b364-aeba38527dba,Additional Requirements,3649e9d1-4e09-59bf-8f30-cb33c40cf117,"Certificate Holder must read: c/o Block Real Estate Services, LLC, 4622 Pennsylvania St., Suite 700, Kansas City, MO, 64112",,matchOnce,must be present,,Present,compliant,Block Requirements,,,true,1,,2026-08-16
"Block Real Estate Services, LLC",69fdf7b562446148bd85c43f,69fded1762446148bd848e5c,"Heritage First, Inc.",69fdf1fad3bfa5e4945e603a,"tic752 - Plaza Corporate Centre {Prom Motor Hotel, Inc.}",evidenceOfInsurance,Evidence of Insurance,commercialGeneralLiability,Commercial General Liability,evidenceOfInsuranceCommercialGeneralLiabilityCoverageTriggerOccurrence,Coverage Trigger: Occurrence,,matchOnce,must be present,,,non_compliant,Block Requirements,,,false,0,,2026-08-16
"Block Real Estate Services, LLC",69fdf7b562446148bd85c43f,69fded1762446148bd848e5c,"Heritage First, Inc.",69fdf1fad3bfa5e4945e603a,"tic752 - Plaza Corporate Centre {Prom Motor Hotel, Inc.}",evidenceOfInsurance,Evidence of Insurance,commercialGeneralLiability,Commercial General Liability,evidenceOfInsuranceCommercialGeneralLiabilityGeneralAggregateLimitAppliesPerLocation,General Aggregate Limit Applies per: Location,,matchOnce,must be present,,,non_compliant,Block Requirements,,,false,0,,2026-08-16
"Block Real Estate Services, LLC",69fdf7b562446148bd85c43f,69fded1762446148bd848e5c,"Heritage First, Inc.",69fdf1fad3bfa5e4945e603a,"tic752 - Plaza Corporate Centre {Prom Motor Hotel, Inc.}",evidenceOfInsurance,Evidence of Insurance,commercialGeneralLiability,Commercial General Liability,evidenceOfInsuranceCommercialGeneralLiabilityEachOccurrence,Each Occurrence,,matchOnce,must be greater or equal to,1000000,,non_compliant,Block Requirements,,,false,0,,2026-08-16
"Block Real Estate Services, LLC",69fdf7b562446148bd85c43f,69fded1762446148bd848e5c,"Heritage First, Inc.",69fdf1fad3bfa5e4945e603a,"tic752 - Plaza Corporate Centre {Prom Motor Hotel, Inc.}",evidenceOfInsurance,Evidence of Insurance,commercialGeneralLiability,Commercial General Liability,evidenceOfInsuranceCommercialGeneralLiabilityGeneralAggregate,General Aggregate,,matchOnce,must be greater or equal to,2000000,,non_compliant,Block Requirements,,,false,0,,2026-08-16
"Block Real Estate Services, LLC",69fdf7b562446148bd85c43f,69fded1762446148bd848e5c,"Heritage First, Inc.",69fdf1fad3bfa5e4945e603a,"tic752 - Plaza Corporate Centre {Prom Motor Hotel, Inc.}",evidenceOfInsurance,Evidence of Insurance,commercialGeneralLiability,Commercial General Liability,evidenceOfInsuranceCommercialGeneralLiabilityWaiverOfSubrogationEndorsement,Waiver of Subrogation,"---prompt---
Determine if the insurer has waived their right of subrogation in favor of the certificate holder under the Commercial General Liability policy. Evidence may include: a checked ""Waiver of Subrogation"" box on the certificate, mention in the Description of Operations section stating ""waiver of subrogation applies"", or reference to form CG 24 04. Look for language like ""subrogation is waived"" or ""per written contract"".",matchOnce,must be present,,,non_compliant,Block Requirements,,,false,0,,2026-08-16
"Block Real Estate Services, LLC",69fdf7b562446148bd85c43f,69fded1762446148bd848e5c,"Heritage First, Inc.",69fdf1fad3bfa5e4945e603a,"tic752 - Plaza Corporate Centre {Prom Motor Hotel, Inc.}",evidenceOfInsurance,Evidence of Insurance,excessOrUmbrellaLiability,Umbrella/Excess Liability,evidenceOfInsuranceExcessOrUmbrellaLiabilityOccurence,Coverage Trigger: Occurrence,,matchOnce,must be present,,,non_compliant,Block Requirements,,,false,0,,2026-08-16
"Block Real Estate Services, LLC",69fdf7b562446148bd85c43f,69fded1762446148bd848e5c,"Heritage First, Inc.",69fdf1fad3bfa5e4945e603a,"tic752 - Plaza Corporate Centre {Prom Motor Hotel, Inc.}",evidenceOfInsurance,Evidence of Insurance,excessOrUmbrellaLiability,Umbrella/Excess Liability,evidenceOfInsuranceExcessOrUmbrellaLiabilityEachOccurrence,Each Occurrence,,matchOnce,must be greater or equal to,1000000,,non_compliant,Block Requirements,,,false,0,,2026-08-16
"Block Real Estate Services, LLC",69fdf7b562446148bd85c43f,69fded1762446148bd848e5c,"Heritage First, Inc.",69fdf1fad3bfa5e4945e603a,"tic752 - Plaza Corporate Centre {Prom Motor Hotel, Inc.}",evidenceOfInsurance,Evidence of Insurance,excessOrUmbrellaLiability,Umbrella/Excess Liability,evidenceOfInsuranceExcessOrUmbrellaLiabilityAggregate,Aggregate,,matchOnce,must be greater or equal to,1000000,,non_compliant,Block Requirements,,,false,0,,2026-08-16
"Block Real Estate Services, LLC",69fdf7b562446148bd85c43f,69fded1762446148bd848e5c,"Heritage First, Inc.",69fdf1fad3bfa5e4945e603a,"tic752 - Plaza Corporate Centre {Prom Motor Hotel, Inc.}",evidenceOfInsurance,Evidence of Insurance,workersCompensation,Workers' Compensation and Employer's Liability,evidenceOfInsuranceWorkersCompensationStatutoryLimits,Statutory Limits,,matchOnce,must be present,,,non_compliant,Block Requirements,,,false,0,,2026-08-16
"Block Real Estate Services, LLC",69fdf7b562446148bd85c43f,69fded1762446148bd848e5c,"Heritage First, Inc.",69fdf1fad3bfa5e4945e603a,"tic752 - Plaza Corporate Centre {Prom Motor Hotel, Inc.}",evidenceOfInsurance,Evidence of Insurance,workersCompensation,Workers' Compensation and Employer's Liability,evidenceOfInsuranceWorkersCompensationEmployersLiabilityEachAccident,Employer's Liability Each Accident,,matchOnce,must be greater or equal to,500000,,non_compliant,Block Requirements,,,false,0,,2026-08-16
"Block Real Estate Services, LLC",69fdf7b562446148bd85c43f,69fded1762446148bd848e5c,"Heritage First, Inc.",69fdf1fad3bfa5e4945e603a,"tic752 - Plaza Corporate Centre {Prom Motor Hotel, Inc.}",evidenceOfInsurance,Evidence of Insurance,workersCompensation,Workers' Compensation and Employer's Liability,evidenceOfInsuranceWorkersCompensationEmployersLiabilityDiseaseEachEmployee,Employer's Liability Disease - each employee,,matchOnce,must be greater or equal to,500000,,non_compliant,Block Requirements,,,false,0,,2026-08-16
"Block Real Estate Services, LLC",69fdf7b562446148bd85c43f,69fded1762446148bd848e5c,"Heritage First, Inc.",69fdf1fad3bfa5e4945e603a,"tic752 - Plaza Corporate Centre {Prom Motor Hotel, Inc.}",evidenceOfInsurance,Evidence of Insurance,workersCompensation,Workers' Compensation and Employer's Liability,evidenceOfInsuranceWorkersCompensationEmployersLiabilityDiseasePolicyLimit,Employer's Liability Disease - policy limit,,matchOnce,must be greater or equal to,500000,,non_compliant,Block Requirements,,,false,0,,2026-08-16
"Block Real Estate Services, LLC",69fdf7b562446148bd85c43f,69fded1762446148bd848e5c,"Heritage First, Inc.",69fdf1fad3bfa5e4945e603a,"tic752 - Plaza Corporate Centre {Prom Motor Hotel, Inc.}",evidenceOfInsurance,Evidence of Insurance,workersCompensation,Workers' Compensation and Employer's Liability,evidenceOfInsuranceWorkersCompensationWaiverOfSubrogationEndorsement,Waiver of Subrogation,"---prompt---
Determine if the insurer has waived their right of subrogation in favor of the certificate holder under the Workers' Compensation policy. Evidence may include: a checked ""Waiver of Subrogation"" box on the certificate, mention in the Description of Operations section stating ""waiver of subrogation applies"", or reference to form WC 00 03 13. Look for language like ""subrogation is waived"" or ""per written contract"".",matchOnce,must be present,,,non_compliant,Block Requirements,,,false,0,,2026-08-16
"Block Real Estate Services, LLC",69fdf7b562446148bd85c43f,69fded1762446148bd848e5c,"Heritage First, Inc.",69fdf1fad3bfa5e4945e603a,"tic752 - Plaza Corporate Centre {Prom Motor Hotel, Inc.}",evidenceOfInsurance,Evidence of Insurance,6ac20aae-5728-5d57-b364-aeba38527dba,Additional Requirements,4da5b0f1-4c9d-5885-8cf8-5d3cccaed3e0,"Block Real Estate Services, LLC and all others required by contract are named as Additional Insureds","---prompt---
Determine if the Description of Operations or the Additional Remarks Schedule section states the ""Additional Insured as Construction Management, Inc. and all others required by contract"" or reference to blanket additional insured coverage. Look for language like ""certificate holder is additional insured"" or ""per written contract"".",matchOnce,must be present,,,non_compliant,Block Requirements,,,true,0,,2026-08-16
"Block Real Estate Services, LLC",69fdf7b562446148bd85c43f,69fded1762446148bd848e5c,"Heritage First, Inc.",69fdf1fad3bfa5e4945e603a,"tic752 - Plaza Corporate Centre {Prom Motor Hotel, Inc.}",evidenceOfInsurance,Evidence of Insurance,6ac20aae-5728-5d57-b364-aeba38527dba,Additional Requirements,e1017741-e47e-5f58-97b8-fbc3043e919f,Umbrella follows form over General Liability,"---prompt---
Determine if the Umbrella/Excess Liability policy follows form to the underlying policies. Evidence may include: language in the Description of Operations section stating the umbrella follows form to underlying coverages or an additional page endorsement stating that it follows form. Follow form means the umbrella policy adopts the same terms, conditions, and exclusions as the underlying policies.",matchOnce,must be present,,,non_compliant,Block Requirements,,,true,0,,2026-08-16
"Block Real Estate Services, LLC",69fdf7b562446148bd85c43f,69fded1762446148bd848e5c,"Heritage First, Inc.",69fdf1fad3bfa5e4945e603a,"tic752 - Plaza Corporate Centre {Prom Motor Hotel, Inc.}",evidenceOfInsurance,Evidence of Insurance,6ac20aae-5728-5d57-b364-aeba38527dba,Additional Requirements,2cdd866f-c9a4-576a-afd8-1d045762790c,"The location must be listed as: 800 W. 47th Street Suites 702, 709 Kansas City MO 64112",,matchOnce,must be present,,,non_compliant,Block Requirements,,,true,0,,2026-08-16
"Block Real Estate Services, LLC",69fdf7b562446148bd85c43f,69fded1762446148bd848e5c,"Heritage First, Inc.",69fdf1fad3bfa5e4945e603a,"tic752 - Plaza Corporate Centre {Prom Motor Hotel, Inc.}",evidenceOfInsurance,Evidence of Insurance,6ac20aae-5728-5d57-b364-aeba38527dba,Additional Requirements,3649e9d1-4e09-59bf-8f30-cb33c40cf117,"Certificate Holder must read: c/o Block Real Estate Services, LLC, 4622 Pennsylvania St., Suite 700, Kansas City, MO, 64112",,matchOnce,must be present,,,non_compliant,Block Requirements,,,true,0,,2026-08-16
"Block Real Estate Services, LLC",69fdf7b562446148bd85c439,69fded1062446148bd848c6a,Cherish The Furs LLC,69fdf1fad3bfa5e4945e603a,"tic752 - Plaza Corporate Centre {Prom Motor Hotel, Inc.}",evidenceOfInsurance,Evidence of Insurance,commercialGeneralLiability,Commercial General Liability,evidenceOfInsuranceCommercialGeneralLiabilityCoverageTriggerOccurrence,Coverage Trigger: Occurrence,,matchOnce,must be present,,,non_compliant,Block Requirements,,,false,0,,2026-08-16
"Block Real Estate Services, LLC",69fdf7b562446148bd85c439,69fded1062446148bd848c6a,Cherish The Furs LLC,69fdf1fad3bfa5e4945e603a,"tic752 - Plaza Corporate Centre {Prom Motor Hotel, Inc.}",evidenceOfInsurance,Evidence of Insurance,commercialGeneralLiability,Commercial General Liability,evidenceOfInsuranceCommercialGeneralLiabilityGeneralAggregateLimitAppliesPerLocation,General Aggregate Limit Applies per: Location,,matchOnce,must be present,,,non_compliant,Block Requirements,,,false,0,,2026-08-16
"Block Real Estate Services, LLC",69fdf7b562446148bd85c439,69fded1062446148bd848c6a,Cherish The Furs LLC,69fdf1fad3bfa5e4945e603a,"tic752 - Plaza Corporate Centre {Prom Motor Hotel, Inc.}",evidenceOfInsurance,Evidence of Insurance,commercialGeneralLiability,Commercial General Liability,evidenceOfInsuranceCommercialGeneralLiabilityEachOccurrence,Each Occurrence,,matchOnce,must be greater or equal to,1000000,,non_compliant,Block Requirements,,,false,0,,2026-08-16
"Block Real Estate Services, LLC",69fdf7b562446148bd85c439,69fded1062446148bd848c6a,Cherish The Furs LLC,69fdf1fad3bfa5e4945e603a,"tic752 - Plaza Corporate Centre {Prom Motor Hotel, Inc.}",evidenceOfInsurance,Evidence of Insurance,commercialGeneralLiability,Commercial General Liability,evidenceOfInsuranceCommercialGeneralLiabilityGeneralAggregate,General Aggregate,,matchOnce,must be greater or equal to,2000000,,non_compliant,Block Requirements,,,false,0,,2026-08-16
"Block Real Estate Services, LLC",69fdf7b562446148bd85c439,69fded1062446148bd848c6a,Cherish The Furs LLC,69fdf1fad3bfa5e4945e603a,"tic752 - Plaza Corporate Centre {Prom Motor Hotel, Inc.}",evidenceOfInsurance,Evidence of Insurance,commercialGeneralLiability,Commercial General Liability,evidenceOfInsuranceCommercialGeneralLiabilityWaiverOfSubrogationEndorsement,Waiver of Subrogation,"---prompt---
Determine if the insurer has waived their right of subrogation in favor of the certificate holder under the Commercial General Liability policy. Evidence may include: a checked ""Waiver of Subrogation"" box on the certificate, mention in the Description of Operations section stating ""waiver of subrogation applies"", or reference to form CG 24 04. Look for language like ""subrogation is waived"" or ""per written contract"".",matchOnce,must be present,,,non_compliant,Block Requirements,,,false,0,,2026-08-16
"Block Real Estate Services, LLC",69fdf7b562446148bd85c439,69fded1062446148bd848c6a,Cherish The Furs LLC,69fdf1fad3bfa5e4945e603a,"tic752 - Plaza Corporate Centre {Prom Motor Hotel, Inc.}",evidenceOfInsurance,Evidence of Insurance,excessOrUmbrellaLiability,Umbrella/Excess Liability,evidenceOfInsuranceExcessOrUmbrellaLiabilityOccurence,Coverage Trigger: Occurrence,,matchOnce,must be present,,,non_compliant,Block Requirements,,,false,0,,2026-08-16
"Block Real Estate Services, LLC",69fdf7b562446148bd85c439,69fded1062446148bd848c6a,Cherish The Furs LLC,69fdf1fad3bfa5e4945e603a,"tic752 - Plaza Corporate Centre {Prom Motor Hotel, Inc.}",evidenceOfInsurance,Evidence of Insurance,excessOrUmbrellaLiability,Umbrella/Excess Liability,evidenceOfInsuranceExcessOrUmbrellaLiabilityEachOccurrence,Each Occurrence,,matchOnce,must be greater or equal to,1000000,,non_compliant,Block Requirements,,,false,0,,2026-08-16
"Block Real Estate Services, LLC",69fdf7b562446148bd85c439,69fded1062446148bd848c6a,Cherish The Furs LLC,69fdf1fad3bfa5e4945e603a,"tic752 - Plaza Corporate Centre {Prom Motor Hotel, Inc.}",evidenceOfInsurance,Evidence of Insurance,excessOrUmbrellaLiability,Umbrella/Excess Liability,evidenceOfInsuranceExcessOrUmbrellaLiabilityAggregate,Aggregate,,matchOnce,must be greater or equal to,1000000,,non_compliant,Block Requirements,,,false,0,,2026-08-16
"Block Real Estate Services, LLC",69fdf7b562446148bd85c439,69fded1062446148bd848c6a,Cherish The Furs LLC,69fdf1fad3bfa5e4945e603a,"tic752 - Plaza Corporate Centre {Prom Motor Hotel, Inc.}",evidenceOfInsurance,Evidence of Insurance,workersCompensation,Workers' Compensation and Employer's Liability,evidenceOfInsuranceWorkersCompensationStatutoryLimits,Statutory Limits,,matchOnce,must be present,,,non_compliant,Block Requirements,,,false,0,,2026-08-16
"Block Real Estate Services, LLC",69fdf7b562446148bd85c439,69fded1062446148bd848c6a,Cherish The Furs LLC,69fdf1fad3bfa5e4945e603a,"tic752 - Plaza Corporate Centre {Prom Motor Hotel, Inc.}",evidenceOfInsurance,Evidence of Insurance,workersCompensation,Workers' Compensation and Employer's Liability,evidenceOfInsuranceWorkersCompensationEmployersLiabilityEachAccident,Employer's Liability Each Accident,,matchOnce,must be greater or equal to,500000,,non_compliant,Block Requirements,,,false,0,,2026-08-16
"Block Real Estate Services, LLC",69fdf7b562446148bd85c439,69fded1062446148bd848c6a,Cherish The Furs LLC,69fdf1fad3bfa5e4945e603a,"tic752 - Plaza Corporate Centre {Prom Motor Hotel, Inc.}",evidenceOfInsurance,Evidence of Insurance,workersCompensation,Workers' Compensation and Employer's Liability,evidenceOfInsuranceWorkersCompensationEmployersLiabilityDiseaseEachEmployee,Employer's Liability Disease - each employee,,matchOnce,must be greater or equal to,500000,,non_compliant,Block Requirements,,,false,0,,2026-08-16
"Block Real Estate Services, LLC",69fdf7b562446148bd85c439,69fded1062446148bd848c6a,Cherish The Furs LLC,69fdf1fad3bfa5e4945e603a,"tic752 - Plaza Corporate Centre {Prom Motor Hotel, Inc.}",evidenceOfInsurance,Evidence of Insurance,workersCompensation,Workers' Compensation and Employer's Liability,evidenceOfInsuranceWorkersCompensationEmployersLiabilityDiseasePolicyLimit,Employer's Liability Disease - policy limit,,matchOnce,must be greater or equal to,500000,,non_compliant,Block Requirements,,,false,0,,2026-08-16
"Block Real Estate Services, LLC",69fdf7b562446148bd85c439,69fded1062446148bd848c6a,Cherish The Furs LLC,69fdf1fad3bfa5e4945e603a,"tic752 - Plaza Corporate Centre {Prom Motor Hotel, Inc.}",evidenceOfInsurance,Evidence of Insurance,workersCompensation,Workers' Compensation and Employer's Liability,evidenceOfInsuranceWorkersCompensationWaiverOfSubrogationEndorsement,Waiver of Subrogation,"---prompt---
Determine if the insurer has waived their right of subrogation in favor of the certificate holder under the Workers' Compensation policy. Evidence may include: a checked ""Waiver of Subrogation"" box on the certificate, mention in the Description of Operations section stating ""waiver of subrogation applies"", or reference to form WC 00 03 13. Look for language like ""subrogation is waived"" or ""per written contract"".",matchOnce,must be present,,,non_compliant,Block Requirements,,,false,0,,2026-08-16
"Block Real Estate Services, LLC",69fdf7b562446148bd85c439,69fded1062446148bd848c6a,Cherish The Furs LLC,69fdf1fad3bfa5e4945e603a,"tic752 - Plaza Corporate Centre {Prom Motor Hotel, Inc.}",evidenceOfInsurance,Evidence of Insurance,6ac20aae-5728-5d57-b364-aeba38527dba,Additional Requirements,4da5b0f1-4c9d-5885-8cf8-5d3cccaed3e0,"Block Real Estate Services, LLC and all others required by contract are named as Additional Insureds","---prompt---
Determine if the Description of Operations or the Additional Remarks Schedule section states the ""Additional Insured as Construction Management, Inc. and all others required by contract"" or reference to blanket additional insured coverage. Look for language like ""certificate holder is additional insured"" or ""per written contract"".",matchOnce,must be present,,,non_compliant,Block Requirements,,,true,0,,2026-08-16
"Block Real Estate Services, LLC",69fdf7b562446148bd85c439,69fded1062446148bd848c6a,Cherish The Furs LLC,69fdf1fad3bfa5e4945e603a,"tic752 - Plaza Corporate Centre {Prom Motor Hotel, Inc.}",evidenceOfInsurance,Evidence of Insurance,6ac20aae-5728-5d57-b364-aeba38527dba,Additional Requirements,e1017741-e47e-5f58-97b8-fbc3043e919f,Umbrella follows form over General Liability,"---prompt---
Determine if the Umbrella/Excess Liability policy follows form to the underlying policies. Evidence may include: language in the Description of Operations section stating the umbrella follows form to underlying coverages or an additional page endorsement stating that it follows form. Follow form means the umbrella policy adopts the same terms, conditions, and exclusions as the underlying policies.",matchOnce,must be present,,,non_compliant,Block Requirements,,,true,0,,2026-08-16
"Block Real Estate Services, LLC",69fdf7b562446148bd85c439,69fded1062446148bd848c6a,Cherish The Furs LLC,69fdf1fad3bfa5e4945e603a,"tic752 - Plaza Corporate Centre {Prom Motor Hotel, Inc.}",evidenceOfInsurance,Evidence of Insurance,6ac20aae-5728-5d57-b364-aeba38527dba,Additional Requirements,2cdd866f-c9a4-576a-afd8-1d045762790c,The location must be listed as: 800 W. 47th Street Suite 634 Kansas City MO 64112,,matchOnce,must be present,,,non_compliant,Block Requirements,,,true,0,,2026-08-16
"Block Real Estate Services, LLC",69fdf7b562446148bd85c439,69fded1062446148bd848c6a,Cherish The Furs LLC,69fdf1fad3bfa5e4945e603a,"tic752 - Plaza Corporate Centre {Prom Motor Hotel, Inc.}",evidenceOfInsurance,Evidence of Insurance,6ac20aae-5728-5d57-b364-aeba38527dba,Additional Requirements,3649e9d1-4e09-59bf-8f30-cb33c40cf117,"Certificate Holder must read: c/o Block Real Estate Services, LLC, 4622 Pennsylvania St., Suite 700, Kansas City, MO, 64112",,matchOnce,must be present,,,non_compliant,Block Requirements,,,true,0,,2026-08-16
"Block Real Estate Services, LLC",69fdf7b562446148bd85c43c,69fded1362446148bd848d2d,"Perry Plaza Dental / Dr. Darren Perry, DDS",69fdf1fad3bfa5e4945e603a,"tic752 - Plaza Corporate Centre {Prom Motor Hotel, Inc.}",evidenceOfInsurance,Evidence of Insurance,commercialGeneralLiability,Commercial General Liability,evidenceOfInsuranceCommercialGeneralLiabilityCoverageTriggerOccurrence,Coverage Trigger: Occurrence,,matchOnce,must be present,,,non_compliant,Block Requirements,,,false,0,,2026-08-16
"Block Real Estate Services, LLC",69fdf7b562446148bd85c43c,69fded1362446148bd848d2d,"Perry Plaza Dental / Dr. Darren Perry, DDS",69fdf1fad3bfa5e4945e603a,"tic752 - Plaza Corporate Centre {Prom Motor Hotel, Inc.}",evidenceOfInsurance,Evidence of Insurance,commercialGeneralLiability,Commercial General Liability,evidenceOfInsuranceCommercialGeneralLiabilityGeneralAggregateLimitAppliesPerLocation,General Aggregate Limit Applies per: Location,,matchOnce,must be present,,,non_compliant,Block Requirements,,,false,0,,2026-08-16
"Block Real Estate Services, LLC",69fdf7b562446148bd85c43c,69fded1362446148bd848d2d,"Perry Plaza Dental / Dr. Darren Perry, DDS",69fdf1fad3bfa5e4945e603a,"tic752 - Plaza Corporate Centre {Prom Motor Hotel, Inc.}",evidenceOfInsurance,Evidence of Insurance,commercialGeneralLiability,Commercial General Liability,evidenceOfInsuranceCommercialGeneralLiabilityEachOccurrence,Each Occurrence,,matchOnce,must be greater or equal to,1000000,,non_compliant,Block Requirements,,,false,0,,2026-08-16
"Block Real Estate Services, LLC",69fdf7b562446148bd85c43c,69fded1362446148bd848d2d,"Perry Plaza Dental / Dr. Darren Perry, DDS",69fdf1fad3bfa5e4945e603a,"tic752 - Plaza Corporate Centre {Prom Motor Hotel, Inc.}",evidenceOfInsurance,Evidence of Insurance,commercialGeneralLiability,Commercial General Liability,evidenceOfInsuranceCommercialGeneralLiabilityGeneralAggregate,General Aggregate,,matchOnce,must be greater or equal to,2000000,,non_compliant,Block Requirements,,,false,0,,2026-08-16
"Block Real Estate Services, LLC",69fdf7b562446148bd85c43c,69fded1362446148bd848d2d,"Perry Plaza Dental / Dr. Darren Perry, DDS",69fdf1fad3bfa5e4945e603a,"tic752 - Plaza Corporate Centre {Prom Motor Hotel, Inc.}",evidenceOfInsurance,Evidence of Insurance,commercialGeneralLiability,Commercial General Liability,evidenceOfInsuranceCommercialGeneralLiabilityWaiverOfSubrogationEndorsement,Waiver of Subrogation,"---prompt---
Determine if the insurer has waived their right of subrogation in favor of the certificate holder under the Commercial General Liability policy. Evidence may include: a checked ""Waiver of Subrogation"" box on the certificate, mention in the Description of Operations section stating ""waiver of subrogation applies"", or reference to form CG 24 04. Look for language like ""subrogation is waived"" or ""per written contract"".",matchOnce,must be present,,,non_compliant,Block Requirements,,,false,0,,2026-08-16
"Block Real Estate Services, LLC",69fdf7b562446148bd85c43c,69fded1362446148bd848d2d,"Perry Plaza Dental / Dr. Darren Perry, DDS",69fdf1fad3bfa5e4945e603a,"tic752 - Plaza Corporate Centre {Prom Motor Hotel, Inc.}",evidenceOfInsurance,Evidence of Insurance,excessOrUmbrellaLiability,Umbrella/Excess Liability,evidenceOfInsuranceExcessOrUmbrellaLiabilityOccurence,Coverage Trigger: Occurrence,,matchOnce,must be present,,,non_compliant,Block Requirements,,,false,0,,2026-08-16
"Block Real Estate Services, LLC",69fdf7b562446148bd85c43c,69fded1362446148bd848d2d,"Perry Plaza Dental / Dr. Darren Perry, DDS",69fdf1fad3bfa5e4945e603a,"tic752 - Plaza Corporate Centre {Prom Motor Hotel, Inc.}",evidenceOfInsurance,Evidence of Insurance,excessOrUmbrellaLiability,Umbrella/Excess Liability,evidenceOfInsuranceExcessOrUmbrellaLiabilityEachOccurrence,Each Occurrence,,matchOnce,must be greater or equal to,1000000,,non_compliant,Block Requirements,,,false,0,,2026-08-16
"Block Real Estate Services, LLC",69fdf7b562446148bd85c43c,69fded1362446148bd848d2d,"Perry Plaza Dental / Dr. Darren Perry, DDS",69fdf1fad3bfa5e4945e603a,"tic752 - Plaza Corporate Centre {Prom Motor Hotel, Inc.}",evidenceOfInsurance,Evidence of Insurance,excessOrUmbrellaLiability,Umbrella/Excess Liability,evidenceOfInsuranceExcessOrUmbrellaLiabilityAggregate,Aggregate,,matchOnce,must be greater or equal to,1000000,,non_compliant,Block Requirements,,,false,0,,2026-08-16
"Block Real Estate Services, LLC",69fdf7b562446148bd85c43c,69fded1362446148bd848d2d,"Perry Plaza Dental / Dr. Darren Perry, DDS",69fdf1fad3bfa5e4945e603a,"tic752 - Plaza Corporate Centre {Prom Motor Hotel, Inc.}",evidenceOfInsurance,Evidence of Insurance,workersCompensation,Workers' Compensation and Employer's Liability,evidenceOfInsuranceWorkersCompensationStatutoryLimits,Statutory Limits,,matchOnce,must be present,,Present,compliant,Block Requirements,,,false,1,,2026-08-16
"Block Real Estate Services, LLC",69fdf7b562446148bd85c43c,69fded1362446148bd848d2d,"Perry Plaza Dental / Dr. Darren Perry, DDS",69fdf1fad3bfa5e4945e603a,"tic752 - Plaza Corporate Centre {Prom Motor Hotel, Inc.}",evidenceOfInsurance,Evidence of Insurance,workersCompensation,Workers' Compensation and Employer's Liability,evidenceOfInsuranceWorkersCompensationEmployersLiabilityEachAccident,Employer's Liability Each Accident,,matchOnce,must be greater or equal to,500000,500000,compliant,Block Requirements,,,false,1,,2026-08-16
"Block Real Estate Services, LLC",69fdf7b562446148bd85c43c,69fded1362446148bd848d2d,"Perry Plaza Dental / Dr. Darren Perry, DDS",69fdf1fad3bfa5e4945e603a,"tic752 - Plaza Corporate Centre {Prom Motor Hotel, Inc.}",evidenceOfInsurance,Evidence of Insurance,workersCompensation,Workers' Compensation and Employer's Liability,evidenceOfInsuranceWorkersCompensationEmployersLiabilityDiseaseEachEmployee,Employer's Liability Disease - each employee,,matchOnce,must be greater or equal to,500000,500000,compliant,Block Requirements,,,false,1,,2026-08-16
"Block Real Estate Services, LLC",69fdf7b562446148bd85c43c,69fded1362446148bd848d2d,"Perry Plaza Dental / Dr. Darren Perry, DDS",69fdf1fad3bfa5e4945e603a,"tic752 - Plaza Corporate Centre {Prom Motor Hotel, Inc.}",evidenceOfInsurance,Evidence of Insurance,workersCompensation,Workers' Compensation and Employer's Liability,evidenceOfInsuranceWorkersCompensationEmployersLiabilityDiseasePolicyLimit,Employer's Liability Disease - policy limit,,matchOnce,must be greater or equal to,500000,500000,compliant,Block Requirements,,,false,1,,2026-08-16
"Block Real Estate Services, LLC",69fdf7b562446148bd85c43c,69fded1362446148bd848d2d,"Perry Plaza Dental / Dr. Darren Perry, DDS",69fdf1fad3bfa5e4945e603a,"tic752 - Plaza Corporate Centre {Prom Motor Hotel, Inc.}",evidenceOfInsurance,Evidence of Insurance,workersCompensation,Workers' Compensation and Employer's Liability,evidenceOfInsuranceWorkersCompensationWaiverOfSubrogationEndorsement,Waiver of Subrogation,"---prompt---
Determine if the insurer has waived their right of subrogation in favor of the certificate holder under the Workers' Compensation policy. Evidence may include: a checked ""Waiver of Subrogation"" box on the certificate, mention in the Description of Operations section stating ""waiver of subrogation applies"", or reference to form WC 00 03 13. Look for language like ""subrogation is waived"" or ""per written contract"".",matchOnce,must be present,,Present,compliant,Block Requirements,,,false,1,,2026-08-16
"Block Real Estate Services, LLC",69fdf7b562446148bd85c43c,69fded1362446148bd848d2d,"Perry Plaza Dental / Dr. Darren Perry, DDS",69fdf1fad3bfa5e4945e603a,"tic752 - Plaza Corporate Centre {Prom Motor Hotel, Inc.}",evidenceOfInsurance,Evidence of Insurance,6ac20aae-5728-5d57-b364-aeba38527dba,Additional Requirements,4da5b0f1-4c9d-5885-8cf8-5d3cccaed3e0,"Block Real Estate Services, LLC and all others required by contract are named as Additional Insureds","---prompt---
Determine if the Description of Operations or the Additional Remarks Schedule section states the ""Additional Insured as Construction Management, Inc. and all others required by contract"" or reference to blanket additional insured coverage. Look for language like ""certificate holder is additional insured"" or ""per written contract"".",matchOnce,must be present,,,non_compliant,Block Requirements,,,true,0,,2026-08-16
"Block Real Estate Services, LLC",69fdf7b562446148bd85c43c,69fded1362446148bd848d2d,"Perry Plaza Dental / Dr. Darren Perry, DDS",69fdf1fad3bfa5e4945e603a,"tic752 - Plaza Corporate Centre {Prom Motor Hotel, Inc.}",evidenceOfInsurance,Evidence of Insurance,6ac20aae-5728-5d57-b364-aeba38527dba,Additional Requirements,e1017741-e47e-5f58-97b8-fbc3043e919f,Umbrella follows form over General Liability,"---prompt---
Determine if the Umbrella/Excess Liability policy follows form to the underlying policies. Evidence may include: language in the Description of Operations section stating the umbrella follows form to underlying coverages or an additional page endorsement stating that it follows form. Follow form means the umbrella policy adopts the same terms, conditions, and exclusions as the underlying policies.",matchOnce,must be present,,,non_compliant,Block Requirements,,,true,0,,2026-08-16
"Block Real Estate Services, LLC",69fdf7b562446148bd85c43c,69fded1362446148bd848d2d,"Perry Plaza Dental / Dr. Darren Perry, DDS",69fdf1fad3bfa5e4945e603a,"tic752 - Plaza Corporate Centre {Prom Motor Hotel, Inc.}",evidenceOfInsurance,Evidence of Insurance,6ac20aae-5728-5d57-b364-aeba38527dba,Additional Requirements,2cdd866f-c9a4-576a-afd8-1d045762790c,"The location must be listed as: 800 W. 47th Street Suites 502, 515 Kansas City MO 64112",,matchOnce,must be present,,,non_compliant,Block Requirements,,,true,0,,2026-08-16
"Block Real Estate Services, LLC",69fdf7b562446148bd85c43c,69fded1362446148bd848d2d,"Perry Plaza Dental / Dr. Darren Perry, DDS",69fdf1fad3bfa5e4945e603a,"tic752 - Plaza Corporate Centre {Prom Motor Hotel, Inc.}",evidenceOfInsurance,Evidence of Insurance,6ac20aae-5728-5d57-b364-aeba38527dba,Additional Requirements,3649e9d1-4e09-59bf-8f30-cb33c40cf117,"Certificate Holder must read: c/o Block Real Estate Services, LLC, 4622 Pennsylvania St., Suite 700, Kansas City, MO, 64112",,matchOnce,must be present,,Present,compliant,Block Requirements,,,true,1,,2026-08-16
"Block Real Estate Services, LLC",69fdf7b562446148bd85c436,69fded0c62446148bd848b0b,717 Office Group LLC,69fdf1fad3bfa5e4945e603a,"tic752 - Plaza Corporate Centre {Prom Motor Hotel, Inc.}",evidenceOfInsurance,Evidence of Insurance,commercialGeneralLiability,Commercial General Liability,evidenceOfInsuranceCommercialGeneralLiabilityCoverageTriggerOccurrence,Coverage Trigger: Occurrence,,matchOnce,must be present,,,non_compliant,Block Requirements,,,false,0,,2026-08-16
"Block Real Estate Services, LLC",69fdf7b562446148bd85c436,69fded0c62446148bd848b0b,717 Office Group LLC,69fdf1fad3bfa5e4945e603a,"tic752 - Plaza Corporate Centre {Prom Motor Hotel, Inc.}",evidenceOfInsurance,Evidence of Insurance,commercialGeneralLiability,Commercial General Liability,evidenceOfInsuranceCommercialGeneralLiabilityGeneralAggregateLimitAppliesPerLocation,General Aggregate Limit Applies per: Location,,matchOnce,must be present,,,non_compliant,Block Requirements,,,false,0,,2026-08-16
"Block Real Estate Services, LLC",69fdf7b562446148bd85c436,69fded0c62446148bd848b0b,717 Office Group LLC,69fdf1fad3bfa5e4945e603a,"tic752 - Plaza Corporate Centre {Prom Motor Hotel, Inc.}",evidenceOfInsurance,Evidence of Insurance,commercialGeneralLiability,Commercial General Liability,evidenceOfInsuranceCommercialGeneralLiabilityEachOccurrence,Each Occurrence,,matchOnce,must be greater or equal to,1000000,,non_compliant,Block Requirements,,,false,0,,2026-08-16
"Block Real Estate Services, LLC",69fdf7b562446148bd85c436,69fded0c62446148bd848b0b,717 Office Group LLC,69fdf1fad3bfa5e4945e603a,"tic752 - Plaza Corporate Centre {Prom Motor Hotel, Inc.}",evidenceOfInsurance,Evidence of Insurance,commercialGeneralLiability,Commercial General Liability,evidenceOfInsuranceCommercialGeneralLiabilityGeneralAggregate,General Aggregate,,matchOnce,must be greater or equal to,2000000,,non_compliant,Block Requirements,,,false,0,,2026-08-16
"Block Real Estate Services, LLC",69fdf7b562446148bd85c436,69fded0c62446148bd848b0b,717 Office Group LLC,69fdf1fad3bfa5e4945e603a,"tic752 - Plaza Corporate Centre {Prom Motor Hotel, Inc.}",evidenceOfInsurance,Evidence of Insurance,commercialGeneralLiability,Commercial General Liability,evidenceOfInsuranceCommercialGeneralLiabilityWaiverOfSubrogationEndorsement,Waiver of Subrogation,"---prompt---
Determine if the insurer has waived their right of subrogation in favor of the certificate holder under the Commercial General Liability policy. Evidence may include: a checked ""Waiver of Subrogation"" box on the certificate, mention in the Description of Operations section stating ""waiver of subrogation applies"", or reference to form CG 24 04. Look for language like ""subrogation is waived"" or ""per written contract"".",matchOnce,must be present,,,non_compliant,Block Requirements,,,false,0,,2026-08-16
"Block Real Estate Services, LLC",69fdf7b562446148bd85c436,69fded0c62446148bd848b0b,717 Office Group LLC,69fdf1fad3bfa5e4945e603a,"tic752 - Plaza Corporate Centre {Prom Motor Hotel, Inc.}",evidenceOfInsurance,Evidence of Insurance,excessOrUmbrellaLiability,Umbrella/Excess Liability,evidenceOfInsuranceExcessOrUmbrellaLiabilityOccurence,Coverage Trigger: Occurrence,,matchOnce,must be present,,,non_compliant,Block Requirements,,,false,0,,2026-08-16
"Block Real Estate Services, LLC",69fdf7b562446148bd85c436,69fded0c62446148bd848b0b,717 Office Group LLC,69fdf1fad3bfa5e4945e603a,"tic752 - Plaza Corporate Centre {Prom Motor Hotel, Inc.}",evidenceOfInsurance,Evidence of Insurance,excessOrUmbrellaLiability,Umbrella/Excess Liability,evidenceOfInsuranceExcessOrUmbrellaLiabilityEachOccurrence,Each Occurrence,,matchOnce,must be greater or equal to,1000000,,non_compliant,Block Requirements,,,false,0,,2026-08-16
"Block Real Estate Services, LLC",69fdf7b562446148bd85c436,69fded0c62446148bd848b0b,717 Office Group LLC,69fdf1fad3bfa5e4945e603a,"tic752 - Plaza Corporate Centre {Prom Motor Hotel, Inc.}",evidenceOfInsurance,Evidence of Insurance,excessOrUmbrellaLiability,Umbrella/Excess Liability,evidenceOfInsuranceExcessOrUmbrellaLiabilityAggregate,Aggregate,,matchOnce,must be greater or equal to,1000000,,non_compliant,Block Requirements,,,false,0,,2026-08-16
"Block Real Estate Services, LLC",69fdf7b562446148bd85c436,69fded0c62446148bd848b0b,717 Office Group LLC,69fdf1fad3bfa5e4945e603a,"tic752 - Plaza Corporate Centre {Prom Motor Hotel, Inc.}",evidenceOfInsurance,Evidence of Insurance,workersCompensation,Workers' Compensation and Employer's Liability,evidenceOfInsuranceWorkersCompensationStatutoryLimits,Statutory Limits,,matchOnce,must be present,,,non_compliant,Block Requirements,,,false,0,,2026-08-16
"Block Real Estate Services, LLC",69fdf7b562446148bd85c436,69fded0c62446148bd848b0b,717 Office Group LLC,69fdf1fad3bfa5e4945e603a,"tic752 - Plaza Corporate Centre {Prom Motor Hotel, Inc.}",evidenceOfInsurance,Evidence of Insurance,workersCompensation,Workers' Compensation and Employer's Liability,evidenceOfInsuranceWorkersCompensationEmployersLiabilityEachAccident,Employer's Liability Each Accident,,matchOnce,must be greater or equal to,500000,,non_compliant,Block Requirements,,,false,0,,2026-08-16
"Block Real Estate Services, LLC",69fdf7b562446148bd85c436,69fded0c62446148bd848b0b,717 Office Group LLC,69fdf1fad3bfa5e4945e603a,"tic752 - Plaza Corporate Centre {Prom Motor Hotel, Inc.}",evidenceOfInsurance,Evidence of Insurance,workersCompensation,Workers' Compensation and Employer's Liability,evidenceOfInsuranceWorkersCompensationEmployersLiabilityDiseaseEachEmployee,Employer's Liability Disease - each employee,,matchOnce,must be greater or equal to,500000,,non_compliant,Block Requirements,,,false,0,,2026-08-16
"Block Real Estate Services, LLC",69fdf7b562446148bd85c436,69fded0c62446148bd848b0b,717 Office Group LLC,69fdf1fad3bfa5e4945e603a,"tic752 - Plaza Corporate Centre {Prom Motor Hotel, Inc.}",evidenceOfInsurance,Evidence of Insurance,workersCompensation,Workers' Compensation and Employer's Liability,evidenceOfInsuranceWorkersCompensationEmployersLiabilityDiseasePolicyLimit,Employer's Liability Disease - policy limit,,matchOnce,must be greater or equal to,500000,,non_compliant,Block Requirements,,,false,0,,2026-08-16
"Block Real Estate Services, LLC",69fdf7b562446148bd85c436,69fded0c62446148bd848b0b,717 Office Group LLC,69fdf1fad3bfa5e4945e603a,"tic752 - Plaza Corporate Centre {Prom Motor Hotel, Inc.}",evidenceOfInsurance,Evidence of Insurance,workersCompensation,Workers' Compensation and Employer's Liability,evidenceOfInsuranceWorkersCompensationWaiverOfSubrogationEndorsement,Waiver of Subrogation,"---prompt---
Determine if the insurer has waived their right of subrogation in favor of the certificate holder under the Workers' Compensation policy. Evidence may include: a checked ""Waiver of Subrogation"" box on the certificate, mention in the Description of Operations section stating ""waiver of subrogation applies"", or reference to form WC 00 03 13. Look for language like ""subrogation is waived"" or ""per written contract"".",matchOnce,must be present,,,non_compliant,Block Requirements,,,false,0,,2026-08-16
"Block Real Estate Services, LLC",69fdf7b562446148bd85c436,69fded0c62446148bd848b0b,717 Office Group LLC,69fdf1fad3bfa5e4945e603a,"tic752 - Plaza Corporate Centre {Prom Motor Hotel, Inc.}",evidenceOfInsurance,Evidence of Insurance,6ac20aae-5728-5d57-b364-aeba38527dba,Additional Requirements,4da5b0f1-4c9d-5885-8cf8-5d3cccaed3e0,"Block Real Estate Services, LLC and all others required by contract are named as Additional Insureds","---prompt---
Determine if the Description of Operations or the Additional Remarks Schedule section states the ""Additional Insured as Construction Management, Inc. and all others required by contract"" or reference to blanket additional insured coverage. Look for language like ""certificate holder is additional insured"" or ""per written contract"".",matchOnce,must be present,,,non_compliant,Block Requirements,,,true,0,,2026-08-16
"Block Real Estate Services, LLC",69fdf7b562446148bd85c436,69fded0c62446148bd848b0b,717 Office Group LLC,69fdf1fad3bfa5e4945e603a,"tic752 - Plaza Corporate Centre {Prom Motor Hotel, Inc.}",evidenceOfInsurance,Evidence of Insurance,6ac20aae-5728-5d57-b364-aeba38527dba,Additional Requirements,e1017741-e47e-5f58-97b8-fbc3043e919f,Umbrella follows form over General Liability,"---prompt---
Determine if the Umbrella/Excess Liability policy follows form to the underlying policies. Evidence may include: language in the Description of Operations section stating the umbrella follows form to underlying coverages or an additional page endorsement stating that it follows form. Follow form means the umbrella policy adopts the same terms, conditions, and exclusions as the underlying policies.",matchOnce,must be present,,,non_compliant,Block Requirements,,,true,0,,2026-08-16
"Block Real Estate Services, LLC",69fdf7b562446148bd85c436,69fded0c62446148bd848b0b,717 Office Group LLC,69fdf1fad3bfa5e4945e603a,"tic752 - Plaza Corporate Centre {Prom Motor Hotel, Inc.}",evidenceOfInsurance,Evidence of Insurance,6ac20aae-5728-5d57-b364-aeba38527dba,Additional Requirements,2cdd866f-c9a4-576a-afd8-1d045762790c,The location must be listed as: 800 W. 47th Street Suite 705 Kansas City MO 64112,,matchOnce,must be present,,,non_compliant,Block Requirements,,,true,0,,2026-08-16
"Block Real Estate Services, LLC",69fdf7b562446148bd85c436,69fded0c62446148bd848b0b,717 Office Group LLC,69fdf1fad3bfa5e4945e603a,"tic752 - Plaza Corporate Centre {Prom Motor Hotel, Inc.}",evidenceOfInsurance,Evidence of Insurance,6ac20aae-5728-5d57-b364-aeba38527dba,Additional Requirements,3649e9d1-4e09-59bf-8f30-cb33c40cf117,"Certificate Holder must read: c/o Block Real Estate Services, LLC, 4622 Pennsylvania St., Suite 700, Kansas City, MO, 64112",,matchOnce,must be present,,,non_compliant,Block Requirements,,,true,0,,2026-08-16
"Block Real Estate Services, LLC",69fdf7b562446148bd85c43e,69fded1562446148bd848df0,Gateway Spine & Joint LLC,69fdf1fad3bfa5e4945e603a,"tic752 - Plaza Corporate Centre {Prom Motor Hotel, Inc.}",evidenceOfInsurance,Evidence of Insurance,commercialGeneralLiability,Commercial General Liability,evidenceOfInsuranceCommercialGeneralLiabilityCoverageTriggerOccurrence,Coverage Trigger: Occurrence,,matchOnce,must be present,,Present,compliant,Block Requirements,,,false,1,,2026-08-16
"Block Real Estate Services, LLC",69fdf7b562446148bd85c43e,69fded1562446148bd848df0,Gateway Spine & Joint LLC,69fdf1fad3bfa5e4945e603a,"tic752 - Plaza Corporate Centre {Prom Motor Hotel, Inc.}",evidenceOfInsurance,Evidence of Insurance,commercialGeneralLiability,Commercial General Liability,evidenceOfInsuranceCommercialGeneralLiabilityGeneralAggregateLimitAppliesPerLocation,General Aggregate Limit Applies per: Location,,matchOnce,must be present,,Present,compliant,Block Requirements,,,false,1,,2026-08-16
"Block Real Estate Services, LLC",69fdf7b562446148bd85c43e,69fded1562446148bd848df0,Gateway Spine & Joint LLC,69fdf1fad3bfa5e4945e603a,"tic752 - Plaza Corporate Centre {Prom Motor Hotel, Inc.}",evidenceOfInsurance,Evidence of Insurance,commercialGeneralLiability,Commercial General Liability,evidenceOfInsuranceCommercialGeneralLiabilityEachOccurrence,Each Occurrence,,matchOnce,must be greater or equal to,1000000,1000000,compliant,Block Requirements,,,false,1,,2026-08-16
"Block Real Estate Services, LLC",69fdf7b562446148bd85c43e,69fded1562446148bd848df0,Gateway Spine & Joint LLC,69fdf1fad3bfa5e4945e603a,"tic752 - Plaza Corporate Centre {Prom Motor Hotel, Inc.}",evidenceOfInsurance,Evidence of Insurance,commercialGeneralLiability,Commercial General Liability,evidenceOfInsuranceCommercialGeneralLiabilityGeneralAggregate,General Aggregate,,matchOnce,must be greater or equal to,2000000,2000000,compliant,Block Requirements,,,false,1,,2026-08-16
"Block Real Estate Services, LLC",69fdf7b562446148bd85c43e,69fded1562446148bd848df0,Gateway Spine & Joint LLC,69fdf1fad3bfa5e4945e603a,"tic752 - Plaza Corporate Centre {Prom Motor Hotel, Inc.}",evidenceOfInsurance,Evidence of Insurance,commercialGeneralLiability,Commercial General Liability,evidenceOfInsuranceCommercialGeneralLiabilityWaiverOfSubrogationEndorsement,Waiver of Subrogation,"---prompt---
Determine if the insurer has waived their right of subrogation in favor of the certificate holder under the Commercial General Liability policy. Evidence may include: a checked ""Waiver of Subrogation"" box on the certificate, mention in the Description of Operations section stating ""waiver of subrogation applies"", or reference to form CG 24 04. Look for language like ""subrogation is waived"" or ""per written contract"".",matchOnce,must be present,,Present,compliant,Block Requirements,,,false,1,,2026-08-16
"Block Real Estate Services, LLC",69fdf7b562446148bd85c43e,69fded1562446148bd848df0,Gateway Spine & Joint LLC,69fdf1fad3bfa5e4945e603a,"tic752 - Plaza Corporate Centre {Prom Motor Hotel, Inc.}",evidenceOfInsurance,Evidence of Insurance,excessOrUmbrellaLiability,Umbrella/Excess Liability,evidenceOfInsuranceExcessOrUmbrellaLiabilityOccurence,Coverage Trigger: Occurrence,,matchOnce,must be present,,,non_compliant,Block Requirements,,,false,0,,2026-08-16
"Block Real Estate Services, LLC",69fdf7b562446148bd85c43e,69fded1562446148bd848df0,Gateway Spine & Joint LLC,69fdf1fad3bfa5e4945e603a,"tic752 - Plaza Corporate Centre {Prom Motor Hotel, Inc.}",evidenceOfInsurance,Evidence of Insurance,excessOrUmbrellaLiability,Umbrella/Excess Liability,evidenceOfInsuranceExcessOrUmbrellaLiabilityEachOccurrence,Each Occurrence,,matchOnce,must be greater or equal to,1000000,,non_compliant,Block Requirements,,,false,0,,2026-08-16
"Block Real Estate Services, LLC",69fdf7b562446148bd85c43e,69fded1562446148bd848df0,Gateway Spine & Joint LLC,69fdf1fad3bfa5e4945e603a,"tic752 - Plaza Corporate Centre {Prom Motor Hotel, Inc.}",evidenceOfInsurance,Evidence of Insurance,excessOrUmbrellaLiability,Umbrella/Excess Liability,evidenceOfInsuranceExcessOrUmbrellaLiabilityAggregate,Aggregate,,matchOnce,must be greater or equal to,1000000,,non_compliant,Block Requirements,,,false,0,,2026-08-16
"Block Real Estate Services, LLC",69fdf7b562446148bd85c43e,69fded1562446148bd848df0,Gateway Spine & Joint LLC,69fdf1fad3bfa5e4945e603a,"tic752 - Plaza Corporate Centre {Prom Motor Hotel, Inc.}",evidenceOfInsurance,Evidence of Insurance,workersCompensation,Workers' Compensation and Employer's Liability,evidenceOfInsuranceWorkersCompensationStatutoryLimits,Statutory Limits,,matchOnce,must be present,,,non_compliant,Block Requirements,,,false,0,,2026-08-16
"Block Real Estate Services, LLC",69fdf7b562446148bd85c43e,69fded1562446148bd848df0,Gateway Spine & Joint LLC,69fdf1fad3bfa5e4945e603a,"tic752 - Plaza Corporate Centre {Prom Motor Hotel, Inc.}",evidenceOfInsurance,Evidence of Insurance,workersCompensation,Workers' Compensation and Employer's Liability,evidenceOfInsuranceWorkersCompensationEmployersLiabilityEachAccident,Employer's Liability Each Accident,,matchOnce,must be greater or equal to,500000,,non_compliant,Block Requirements,,,false,0,,2026-08-16
"Block Real Estate Services, LLC",69fdf7b562446148bd85c43e,69fded1562446148bd848df0,Gateway Spine & Joint LLC,69fdf1fad3bfa5e4945e603a,"tic752 - Plaza Corporate Centre {Prom Motor Hotel, Inc.}",evidenceOfInsurance,Evidence of Insurance,workersCompensation,Workers' Compensation and Employer's Liability,evidenceOfInsuranceWorkersCompensationEmployersLiabilityDiseaseEachEmployee,Employer's Liability Disease - each employee,,matchOnce,must be greater or equal to,500000,,non_compliant,Block Requirements,,,false,0,,2026-08-16
"Block Real Estate Services, LLC",69fdf7b562446148bd85c43e,69fded1562446148bd848df0,Gateway Spine & Joint LLC,69fdf1fad3bfa5e4945e603a,"tic752 - Plaza Corporate Centre {Prom Motor Hotel, Inc.}",evidenceOfInsurance,Evidence of Insurance,workersCompensation,Workers' Compensation and Employer's Liability,evidenceOfInsuranceWorkersCompensationEmployersLiabilityDiseasePolicyLimit,Employer's Liability Disease - policy limit,,matchOnce,must be greater or equal to,500000,,non_compliant,Block Requirements,,,false,0,,2026-08-16
"Block Real Estate Services, LLC",69fdf7b562446148bd85c43e,69fded1562446148bd848df0,Gateway Spine & Joint LLC,69fdf1fad3bfa5e4945e603a,"tic752 - Plaza Corporate Centre {Prom Motor Hotel, Inc.}",evidenceOfInsurance,Evidence of Insurance,workersCompensation,Workers' Compensation and Employer's Liability,evidenceOfInsuranceWorkersCompensationWaiverOfSubrogationEndorsement,Waiver of Subrogation,"---prompt---
Determine if the insurer has waived their right of subrogation in favor of the certificate holder under the Workers' Compensation policy. Evidence may include: a checked ""Waiver of Subrogation"" box on the certificate, mention in the Description of Operations section stating ""waiver of subrogation applies"", or reference to form WC 00 03 13. Look for language like ""subrogation is waived"" or ""per written contract"".",matchOnce,must be present,,,non_compliant,Block Requirements,,,false,0,,2026-08-16
"Block Real Estate Services, LLC",69fdf7b562446148bd85c43e,69fded1562446148bd848df0,Gateway Spine & Joint LLC,69fdf1fad3bfa5e4945e603a,"tic752 - Plaza Corporate Centre {Prom Motor Hotel, Inc.}",evidenceOfInsurance,Evidence of Insurance,6ac20aae-5728-5d57-b364-aeba38527dba,Additional Requirements,4da5b0f1-4c9d-5885-8cf8-5d3cccaed3e0,"Block Real Estate Services, LLC and all others required by contract are named as Additional Insureds","---prompt---
Determine if the Description of Operations or the Additional Remarks Schedule section states the ""Additional Insured as Construction Management, Inc. and all others required by contract"" or reference to blanket additional insured coverage. Look for language like ""certificate holder is additional insured"" or ""per written contract"".",matchOnce,must be present,,,non_compliant,Block Requirements,,,true,0,,2026-08-16
"Block Real Estate Services, LLC",69fdf7b562446148bd85c43e,69fded1562446148bd848df0,Gateway Spine & Joint LLC,69fdf1fad3bfa5e4945e603a,"tic752 - Plaza Corporate Centre {Prom Motor Hotel, Inc.}",evidenceOfInsurance,Evidence of Insurance,6ac20aae-5728-5d57-b364-aeba38527dba,Additional Requirements,e1017741-e47e-5f58-97b8-fbc3043e919f,Umbrella follows form over General Liability,"---prompt---
Determine if the Umbrella/Excess Liability policy follows form to the underlying policies. Evidence may include: language in the Description of Operations section stating the umbrella follows form to underlying coverages or an additional page endorsement stating that it follows form. Follow form means the umbrella policy adopts the same terms, conditions, and exclusions as the underlying policies.",matchOnce,must be present,,,non_compliant,Block Requirements,,,true,0,,2026-08-16
"Block Real Estate Services, LLC",69fdf7b562446148bd85c43e,69fded1562446148bd848df0,Gateway Spine & Joint LLC,69fdf1fad3bfa5e4945e603a,"tic752 - Plaza Corporate Centre {Prom Motor Hotel, Inc.}",evidenceOfInsurance,Evidence of Insurance,6ac20aae-5728-5d57-b364-aeba38527dba,Additional Requirements,2cdd866f-c9a4-576a-afd8-1d045762790c,The location must be listed as: 800 W. 47th Street Suite 100 Kansas City MO 64112,,matchOnce,must be present,,,non_compliant,Block Requirements,,,true,0,,2026-08-16
"Block Real Estate Services, LLC",69fdf7b562446148bd85c43e,69fded1562446148bd848df0,Gateway Spine & Joint LLC,69fdf1fad3bfa5e4945e603a,"tic752 - Plaza Corporate Centre {Prom Motor Hotel, Inc.}",evidenceOfInsurance,Evidence of Insurance,6ac20aae-5728-5d57-b364-aeba38527dba,Additional Requirements,3649e9d1-4e09-59bf-8f30-cb33c40cf117,"Certificate Holder must read: c/o Block Real Estate Services, LLC, 4622 Pennsylvania St., Suite 700, Kansas City, MO, 64112",,matchOnce,must be present,,,non_compliant,Block Requirements,,,true,0,,2026-08-16
"Block Real Estate Services, LLC",69fdf7b562446148bd85c438,69fded0f62446148bd848c07,"BMO Harris Commercial Banking / BMO Harris Bank, NA",69fdf1fad3bfa5e4945e603a,"tic752 - Plaza Corporate Centre {Prom Motor Hotel, Inc.}",evidenceOfInsurance,Evidence of Insurance,commercialGeneralLiability,Commercial General Liability,evidenceOfInsuranceCommercialGeneralLiabilityCoverageTriggerOccurrence,Coverage Trigger: Occurrence,,matchOnce,must be present,,Present,compliant,Block Requirements,,,false,1,,2026-08-16
"Block Real Estate Services, LLC",69fdf7b562446148bd85c438,69fded0f62446148bd848c07,"BMO Harris Commercial Banking / BMO Harris Bank, NA",69fdf1fad3bfa5e4945e603a,"tic752 - Plaza Corporate Centre {Prom Motor Hotel, Inc.}",evidenceOfInsurance,Evidence of Insurance,commercialGeneralLiability,Commercial General Liability,evidenceOfInsuranceCommercialGeneralLiabilityGeneralAggregateLimitAppliesPerLocation,General Aggregate Limit Applies per: Location,,matchOnce,must be present,,,waived,Block Requirements,Umb $5M/$5M covers remainder of GL aggregate requirement,,false,0,2027-04-30,2026-08-16
"Block Real Estate Services, LLC",69fdf7b562446148bd85c438,69fded0f62446148bd848c07,"BMO Harris Commercial Banking / BMO Harris Bank, NA",69fdf1fad3bfa5e4945e603a,"tic752 - Plaza Corporate Centre {Prom Motor Hotel, Inc.}",evidenceOfInsurance,Evidence of Insurance,commercialGeneralLiability,Commercial General Liability,evidenceOfInsuranceCommercialGeneralLiabilityEachOccurrence,Each Occurrence,,matchOnce,must be greater or equal to,1000000,1000000,compliant,Block Requirements,,,false,1,,2026-08-16
"Block Real Estate Services, LLC",69fdf7b562446148bd85c438,69fded0f62446148bd848c07,"BMO Harris Commercial Banking / BMO Harris Bank, NA",69fdf1fad3bfa5e4945e603a,"tic752 - Plaza Corporate Centre {Prom Motor Hotel, Inc.}",evidenceOfInsurance,Evidence of Insurance,commercialGeneralLiability,Commercial General Liability,evidenceOfInsuranceCommercialGeneralLiabilityGeneralAggregate,General Aggregate,,matchOnce,must be greater or equal to,2000000,1000000,overridden,Block Requirements,Umb of $5M/$5M meets remainder of GL requirement,,false,1,2027-04-30,2026-08-16
"Block Real Estate Services, LLC",69fdf7b562446148bd85c438,69fded0f62446148bd848c07,"BMO Harris Commercial Banking / BMO Harris Bank, NA",69fdf1fad3bfa5e4945e603a,"tic752 - Plaza Corporate Centre {Prom Motor Hotel, Inc.}",evidenceOfInsurance,Evidence of Insurance,commercialGeneralLiability,Commercial General Liability,evidenceOfInsuranceCommercialGeneralLiabilityWaiverOfSubrogationEndorsement,Waiver of Subrogation,"---prompt---
Determine if the insurer has waived their right of subrogation in favor of the certificate holder under the Commercial General Liability policy. Evidence may include: a checked ""Waiver of Subrogation"" box on the certificate, mention in the Description of Operations section stating ""waiver of subrogation applies"", or reference to form CG 24 04. Look for language like ""subrogation is waived"" or ""per written contract"".",matchOnce,must be present,,Present,compliant,Block Requirements,,,false,1,,2026-08-16
"Block Real Estate Services, LLC",69fdf7b562446148bd85c438,69fded0f62446148bd848c07,"BMO Harris Commercial Banking / BMO Harris Bank, NA",69fdf1fad3bfa5e4945e603a,"tic752 - Plaza Corporate Centre {Prom Motor Hotel, Inc.}",evidenceOfInsurance,Evidence of Insurance,excessOrUmbrellaLiability,Umbrella/Excess Liability,evidenceOfInsuranceExcessOrUmbrellaLiabilityOccurence,Coverage Trigger: Occurrence,,matchOnce,must be present,,Present,compliant,Block Requirements,,,false,1,,2026-08-16
"Block Real Estate Services, LLC",69fdf7b562446148bd85c438,69fded0f62446148bd848c07,"BMO Harris Commercial Banking / BMO Harris Bank, NA",69fdf1fad3bfa5e4945e603a,"tic752 - Plaza Corporate Centre {Prom Motor Hotel, Inc.}",evidenceOfInsurance,Evidence of Insurance,excessOrUmbrellaLiability,Umbrella/Excess Liability,evidenceOfInsuranceExcessOrUmbrellaLiabilityEachOccurrence,Each Occurrence,,matchOnce,must be greater or equal to,1000000,5000000,compliant,Block Requirements,,,false,1,,2026-08-16
"Block Real Estate Services, LLC",69fdf7b562446148bd85c438,69fded0f62446148bd848c07,"BMO Harris Commercial Banking / BMO Harris Bank, NA",69fdf1fad3bfa5e4945e603a,"tic752 - Plaza Corporate Centre {Prom Motor Hotel, Inc.}",evidenceOfInsurance,Evidence of Insurance,excessOrUmbrellaLiability,Umbrella/Excess Liability,evidenceOfInsuranceExcessOrUmbrellaLiabilityAggregate,Aggregate,,matchOnce,must be greater or equal to,1000000,5000000,compliant,Block Requirements,,,false,1,,2026-08-16
"Block Real Estate Services, LLC",69fdf7b562446148bd85c438,69fded0f62446148bd848c07,"BMO Harris Commercial Banking / BMO Harris Bank, NA",69fdf1fad3bfa5e4945e603a,"tic752 - Plaza Corporate Centre {Prom Motor Hotel, Inc.}",evidenceOfInsurance,Evidence of Insurance,workersCompensation,Workers' Compensation and Employer's Liability,evidenceOfInsuranceWorkersCompensationStatutoryLimits,Statutory Limits,,matchOnce,must be present,,Present,compliant,Block Requirements,,,false,1,,2026-08-16
"Block Real Estate Services, LLC",69fdf7b562446148bd85c438,69fded0f62446148bd848c07,"BMO Harris Commercial Banking / BMO Harris Bank, NA",69fdf1fad3bfa5e4945e603a,"tic752 - Plaza Corporate Centre {Prom Motor Hotel, Inc.}",evidenceOfInsurance,Evidence of Insurance,workersCompensation,Workers' Compensation and Employer's Liability,evidenceOfInsuranceWorkersCompensationEmployersLiabilityEachAccident,Employer's Liability Each Accident,,matchOnce,must be greater or equal to,500000,500000,compliant,Block Requirements,,,false,1,,2026-08-16
"Block Real Estate Services, LLC",69fdf7b562446148bd85c438,69fded0f62446148bd848c07,"BMO Harris Commercial Banking / BMO Harris Bank, NA",69fdf1fad3bfa5e4945e603a,"tic752 - Plaza Corporate Centre {Prom Motor Hotel, Inc.}",evidenceOfInsurance,Evidence of Insurance,workersCompensation,Workers' Compensation and Employer's Liability,evidenceOfInsuranceWorkersCompensationEmployersLiabilityDiseaseEachEmployee,Employer's Liability Disease - each employee,,matchOnce,must be greater or equal to,500000,500000,compliant,Block Requirements,,,false,1,,2026-08-16
"Block Real Estate Services, LLC",69fdf7b562446148bd85c438,69fded0f62446148bd848c07,"BMO Harris Commercial Banking / BMO Harris Bank, NA",69fdf1fad3bfa5e4945e603a,"tic752 - Plaza Corporate Centre {Prom Motor Hotel, Inc.}",evidenceOfInsurance,Evidence of Insurance,workersCompensation,Workers' Compensation and Employer's Liability,evidenceOfInsuranceWorkersCompensationEmployersLiabilityDiseasePolicyLimit,Employer's Liability Disease - policy limit,,matchOnce,must be greater or equal to,500000,500000,compliant,Block Requirements,,,false,1,,2026-08-16
"Block Real Estate Services, LLC",69fdf7b562446148bd85c438,69fded0f62446148bd848c07,"BMO Harris Commercial Banking / BMO Harris Bank, NA",69fdf1fad3bfa5e4945e603a,"tic752 - Plaza Corporate Centre {Prom Motor Hotel, Inc.}",evidenceOfInsurance,Evidence of Insurance,workersCompensation,Workers' Compensation and Employer's Liability,evidenceOfInsuranceWorkersCompensationWaiverOfSubrogationEndorsement,Waiver of Subrogation,"---prompt---
Determine if the insurer has waived their right of subrogation in favor of the certificate holder under the Workers' Compensation policy. Evidence may include: a checked ""Waiver of Subrogation"" box on the certificate, mention in the Description of Operations section stating ""waiver of subrogation applies"", or reference to form WC 00 03 13. Look for language like ""subrogation is waived"" or ""per written contract"".",matchOnce,must be present,,Present,compliant,Block Requirements,,,false,1,,2026-08-16
"Block Real Estate Services, LLC",69fdf7b562446148bd85c438,69fded0f62446148bd848c07,"BMO Harris Commercial Banking / BMO Harris Bank, NA",69fdf1fad3bfa5e4945e603a,"tic752 - Plaza Corporate Centre {Prom Motor Hotel, Inc.}",evidenceOfInsurance,Evidence of Insurance,6ac20aae-5728-5d57-b364-aeba38527dba,Additional Requirements,4da5b0f1-4c9d-5885-8cf8-5d3cccaed3e0,"Block Real Estate Services, LLC and all others required by contract are named as Additional Insureds","---prompt---
Determine if the Description of Operations or the Additional Remarks Schedule section states the ""Additional Insured as Construction Management, Inc. and all others required by contract"" or reference to blanket additional insured coverage. Look for language like ""certificate holder is additional insured"" or ""per written contract"".",matchOnce,must be present,,Present,compliant,Block Requirements,,,true,1,,2026-08-16
"Block Real Estate Services, LLC",69fdf7b562446148bd85c438,69fded0f62446148bd848c07,"BMO Harris Commercial Banking / BMO Harris Bank, NA",69fdf1fad3bfa5e4945e603a,"tic752 - Plaza Corporate Centre {Prom Motor Hotel, Inc.}",evidenceOfInsurance,Evidence of Insurance,6ac20aae-5728-5d57-b364-aeba38527dba,Additional Requirements,e1017741-e47e-5f58-97b8-fbc3043e919f,Umbrella follows form over General Liability,"---prompt---
Determine if the Umbrella/Excess Liability policy follows form to the underlying policies. Evidence may include: language in the Description of Operations section stating the umbrella follows form to underlying coverages or an additional page endorsement stating that it follows form. Follow form means the umbrella policy adopts the same terms, conditions, and exclusions as the underlying policies.",matchOnce,must be present,,Present,compliant,Block Requirements,,,true,1,,2026-08-16
"Block Real Estate Services, LLC",69fdf7b562446148bd85c438,69fded0f62446148bd848c07,"BMO Harris Commercial Banking / BMO Harris Bank, NA",69fdf1fad3bfa5e4945e603a,"tic752 - Plaza Corporate Centre {Prom Motor Hotel, Inc.}",evidenceOfInsurance,Evidence of Insurance,6ac20aae-5728-5d57-b364-aeba38527dba,Additional Requirements,2cdd866f-c9a4-576a-afd8-1d045762790c,The location must be listed as: 800 W. 47th Street Suite 101 Kansas City MO 64112,,matchOnce,must be present,,Present,compliant,Block Requirements,,,true,1,,2026-08-16
"Block Real Estate Services, LLC",69fdf7b562446148bd85c438,69fded0f62446148bd848c07,"BMO Harris Commercial Banking / BMO Harris Bank, NA",69fdf1fad3bfa5e4945e603a,"tic752 - Plaza Corporate Centre {Prom Motor Hotel, Inc.}",evidenceOfInsurance,Evidence of Insurance,6ac20aae-5728-5d57-b364-aeba38527dba,Additional Requirements,3649e9d1-4e09-59bf-8f30-cb33c40cf117,"Certificate Holder must read: c/o Block Real Estate Services, LLC, 4622 Pennsylvania St., Suite 700, Kansas City, MO, 64112",,matchOnce,must be present,,Present,compliant,Block Requirements,,,true,1,,2026-08-16
"Block Real Estate Services, LLC",69fdf7b562446148bd85c43b,69fded1262446148bd848cdf,"D.A. Davidson, Inc. / DA Davidson & Co.",69fdf1fad3bfa5e4945e603a,"tic752 - Plaza Corporate Centre {Prom Motor Hotel, Inc.}",evidenceOfInsurance,Evidence of Insurance,commercialGeneralLiability,Commercial General Liability,evidenceOfInsuranceCommercialGeneralLiabilityCoverageTriggerOccurrence,Coverage Trigger: Occurrence,,matchOnce,must be present,,,non_compliant,Block Requirements,,,false,0,,2026-08-16
"Block Real Estate Services, LLC",69fdf7b562446148bd85c43b,69fded1262446148bd848cdf,"D.A. Davidson, Inc. / DA Davidson & Co.",69fdf1fad3bfa5e4945e603a,"tic752 - Plaza Corporate Centre {Prom Motor Hotel, Inc.}",evidenceOfInsurance,Evidence of Insurance,commercialGeneralLiability,Commercial General Liability,evidenceOfInsuranceCommercialGeneralLiabilityGeneralAggregateLimitAppliesPerLocation,General Aggregate Limit Applies per: Location,,matchOnce,must be present,,,non_compliant,Block Requirements,,,false,0,,2026-08-16
"Block Real Estate Services, LLC",69fdf7b562446148bd85c43b,69fded1262446148bd848cdf,"D.A. Davidson, Inc. / DA Davidson & Co.",69fdf1fad3bfa5e4945e603a,"tic752 - Plaza Corporate Centre {Prom Motor Hotel, Inc.}",evidenceOfInsurance,Evidence of Insurance,commercialGeneralLiability,Commercial General Liability,evidenceOfInsuranceCommercialGeneralLiabilityEachOccurrence,Each Occurrence,,matchOnce,must be greater or equal to,1000000,,non_compliant,Block Requirements,,,false,0,,2026-08-16
"Block Real Estate Services, LLC",69fdf7b562446148bd85c43b,69fded1262446148bd848cdf,"D.A. Davidson, Inc. / DA Davidson & Co.",69fdf1fad3bfa5e4945e603a,"tic752 - Plaza Corporate Centre {Prom Motor Hotel, Inc.}",evidenceOfInsurance,Evidence of Insurance,commercialGeneralLiability,Commercial General Liability,evidenceOfInsuranceCommercialGeneralLiabilityGeneralAggregate,General Aggregate,,matchOnce,must be greater or equal to,2000000,,non_compliant,Block Requirements,,,false,0,,2026-08-16
"Block Real Estate Services, LLC",69fdf7b562446148bd85c43b,69fded1262446148bd848cdf,"D.A. Davidson, Inc. / DA Davidson & Co.",69fdf1fad3bfa5e4945e603a,"tic752 - Plaza Corporate Centre {Prom Motor Hotel, Inc.}",evidenceOfInsurance,Evidence of Insurance,commercialGeneralLiability,Commercial General Liability,evidenceOfInsuranceCommercialGeneralLiabilityWaiverOfSubrogationEndorsement,Waiver of Subrogation,"---prompt---
Determine if the insurer has waived their right of subrogation in favor of the certificate holder under the Commercial General Liability policy. Evidence may include: a checked ""Waiver of Subrogation"" box on the certificate, mention in the Description of Operations section stating ""waiver of subrogation applies"", or reference to form CG 24 04. Look for language like ""subrogation is waived"" or ""per written contract"".",matchOnce,must be present,,,non_compliant,Block Requirements,,,false,0,,2026-08-16
"Block Real Estate Services, LLC",69fdf7b562446148bd85c43b,69fded1262446148bd848cdf,"D.A. Davidson, Inc. / DA Davidson & Co.",69fdf1fad3bfa5e4945e603a,"tic752 - Plaza Corporate Centre {Prom Motor Hotel, Inc.}",evidenceOfInsurance,Evidence of Insurance,excessOrUmbrellaLiability,Umbrella/Excess Liability,evidenceOfInsuranceExcessOrUmbrellaLiabilityOccurence,Coverage Trigger: Occurrence,,matchOnce,must be present,,,non_compliant,Block Requirements,,,false,0,,2026-08-16
"Block Real Estate Services, LLC",69fdf7b562446148bd85c43b,69fded1262446148bd848cdf,"D.A. Davidson, Inc. / DA Davidson & Co.",69fdf1fad3bfa5e4945e603a,"tic752 - Plaza Corporate Centre {Prom Motor Hotel, Inc.}",evidenceOfInsurance,Evidence of Insurance,excessOrUmbrellaLiability,Umbrella/Excess Liability,evidenceOfInsuranceExcessOrUmbrellaLiabilityEachOccurrence,Each Occurrence,,matchOnce,must be greater or equal to,1000000,,non_compliant,Block Requirements,,,false,0,,2026-08-16
"Block Real Estate Services, LLC",69fdf7b562446148bd85c43b,69fded1262446148bd848cdf,"D.A. Davidson, Inc. / DA Davidson & Co.",69fdf1fad3bfa5e4945e603a,"tic752 - Plaza Corporate Centre {Prom Motor Hotel, Inc.}",evidenceOfInsurance,Evidence of Insurance,excessOrUmbrellaLiability,Umbrella/Excess Liability,evidenceOfInsuranceExcessOrUmbrellaLiabilityAggregate,Aggregate,,matchOnce,must be greater or equal to,1000000,,non_compliant,Block Requirements,,,false,0,,2026-08-16
"Block Real Estate Services, LLC",69fdf7b562446148bd85c43b,69fded1262446148bd848cdf,"D.A. Davidson, Inc. / DA Davidson & Co.",69fdf1fad3bfa5e4945e603a,"tic752 - Plaza Corporate Centre {Prom Motor Hotel, Inc.}",evidenceOfInsurance,Evidence of Insurance,workersCompensation,Workers' Compensation and Employer's Liability,evidenceOfInsuranceWorkersCompensationStatutoryLimits,Statutory Limits,,matchOnce,must be present,,,non_compliant,Block Requirements,,,false,0,,2026-08-16
"Block Real Estate Services, LLC",69fdf7b562446148bd85c43b,69fded1262446148bd848cdf,"D.A. Davidson, Inc. / DA Davidson & Co.",69fdf1fad3bfa5e4945e603a,"tic752 - Plaza Corporate Centre {Prom Motor Hotel, Inc.}",evidenceOfInsurance,Evidence of Insurance,workersCompensation,Workers' Compensation and Employer's Liability,evidenceOfInsuranceWorkersCompensationEmployersLiabilityEachAccident,Employer's Liability Each Accident,,matchOnce,must be greater or equal to,500000,,non_compliant,Block Requirements,,,false,0,,2026-08-16
"Block Real Estate Services, LLC",69fdf7b562446148bd85c43b,69fded1262446148bd848cdf,"D.A. Davidson, Inc. / DA Davidson & Co.",69fdf1fad3bfa5e4945e603a,"tic752 - Plaza Corporate Centre {Prom Motor Hotel, Inc.}",evidenceOfInsurance,Evidence of Insurance,workersCompensation,Workers' Compensation and Employer's Liability,evidenceOfInsuranceWorkersCompensationEmployersLiabilityDiseaseEachEmployee,Employer's Liability Disease - each employee,,matchOnce,must be greater or equal to,500000,,non_compliant,Block Requirements,,,false,0,,2026-08-16
"Block Real Estate Services, LLC",69fdf7b562446148bd85c43b,69fded1262446148bd848cdf,"D.A. Davidson, Inc. / DA Davidson & Co.",69fdf1fad3bfa5e4945e603a,"tic752 - Plaza Corporate Centre {Prom Motor Hotel, Inc.}",evidenceOfInsurance,Evidence of Insurance,workersCompensation,Workers' Compensation and Employer's Liability,evidenceOfInsuranceWorkersCompensationEmployersLiabilityDiseasePolicyLimit,Employer's Liability Disease - policy limit,,matchOnce,must be greater or equal to,500000,,non_compliant,Block Requirements,,,false,0,,2026-08-16
"Block Real Estate Services, LLC",69fdf7b562446148bd85c43b,69fded1262446148bd848cdf,"D.A. Davidson, Inc. / DA Davidson & Co.",69fdf1fad3bfa5e4945e603a,"tic752 - Plaza Corporate Centre {Prom Motor Hotel, Inc.}",evidenceOfInsurance,Evidence of Insurance,workersCompensation,Workers' Compensation and Employer's Liability,evidenceOfInsuranceWorkersCompensationWaiverOfSubrogationEndorsement,Waiver of Subrogation,"---prompt---
Determine if the insurer has waived their right of subrogation in favor of the certificate holder under the Workers' Compensation policy. Evidence may include: a checked ""Waiver of Subrogation"" box on the certificate, mention in the Description of Operations section stating ""waiver of subrogation applies"", or reference to form WC 00 03 13. Look for language like ""subrogation is waived"" or ""per written contract"".",matchOnce,must be present,,,non_compliant,Block Requirements,,,false,0,,2026-08-16
"Block Real Estate Services, LLC",69fdf7b562446148bd85c43b,69fded1262446148bd848cdf,"D.A. Davidson, Inc. / DA Davidson & Co.",69fdf1fad3bfa5e4945e603a,"tic752 - Plaza Corporate Centre {Prom Motor Hotel, Inc.}",evidenceOfInsurance,Evidence of Insurance,6ac20aae-5728-5d57-b364-aeba38527dba,Additional Requirements,4da5b0f1-4c9d-5885-8cf8-5d3cccaed3e0,"Block Real Estate Services, LLC and all others required by contract are named as Additional Insureds","---prompt---
Determine if the Description of Operations or the Additional Remarks Schedule section states the ""Additional Insured as Construction Management, Inc. and all others required by contract"" or reference to blanket additional insured coverage. Look for language like ""certificate holder is additional insured"" or ""per written contract"".",matchOnce,must be present,,,non_compliant,Block Requirements,,,true,0,,2026-08-16
"Block Real Estate Services, LLC",69fdf7b562446148bd85c43b,69fded1262446148bd848cdf,"D.A. Davidson, Inc. / DA Davidson & Co.",69fdf1fad3bfa5e4945e603a,"tic752 - Plaza Corporate Centre {Prom Motor Hotel, Inc.}",evidenceOfInsurance,Evidence of Insurance,6ac20aae-5728-5d57-b364-aeba38527dba,Additional Requirements,e1017741-e47e-5f58-97b8-fbc3043e919f,Umbrella follows form over General Liability,"---prompt---
Determine if the Umbrella/Excess Liability policy follows form to the underlying policies. Evidence may include: language in the Description of Operations section stating the umbrella follows form to underlying coverages or an additional page endorsement stating that it follows form. Follow form means the umbrella policy adopts the same terms, conditions, and exclusions as the underlying policies.",matchOnce,must be present,,,non_compliant,Block Requirements,,,true,0,,2026-08-16
"Block Real Estate Services, LLC",69fdf7b562446148bd85c43b,69fded1262446148bd848cdf,"D.A. Davidson, Inc. / DA Davidson & Co.",69fdf1fad3bfa5e4945e603a,"tic752 - Plaza Corporate Centre {Prom Motor Hotel, Inc.}",evidenceOfInsurance,Evidence of Insurance,6ac20aae-5728-5d57-b364-aeba38527dba,Additional Requirements,2cdd866f-c9a4-576a-afd8-1d045762790c,The location must be listed as: 800 W. 47th Street Suite 512 Kansas City MO 64112,,matchOnce,must be present,,,non_compliant,Block Requirements,,,true,0,,2026-08-16
"Block Real Estate Services, LLC",69fdf7b562446148bd85c43b,69fded1262446148bd848cdf,"D.A. Davidson, Inc. / DA Davidson & Co.",69fdf1fad3bfa5e4945e603a,"tic752 - Plaza Corporate Centre {Prom Motor Hotel, Inc.}",evidenceOfInsurance,Evidence of Insurance,6ac20aae-5728-5d57-b364-aeba38527dba,Additional Requirements,3649e9d1-4e09-59bf-8f30-cb33c40cf117,"Certificate Holder must read: c/o Block Real Estate Services, LLC, 4622 Pennsylvania St., Suite 700, Kansas City, MO, 64112",,matchOnce,must be present,,,non_compliant,Block Requirements,,,true,0,,2026-08-16
"Block Real Estate Services, LLC",69fdf7b562446148bd85c440,69fded1862446148bd848ebc,Juro International Systems Inc,69fdf1fad3bfa5e4945e603a,"tic752 - Plaza Corporate Centre {Prom Motor Hotel, Inc.}",evidenceOfInsurance,Evidence of Insurance,commercialGeneralLiability,Commercial General Liability,evidenceOfInsuranceCommercialGeneralLiabilityCoverageTriggerOccurrence,Coverage Trigger: Occurrence,,matchOnce,must be present,,,non_compliant,Block Requirements,,,false,0,,2026-08-16
"Block Real Estate Services, LLC",69fdf7b562446148bd85c440,69fded1862446148bd848ebc,Juro International Systems Inc,69fdf1fad3bfa5e4945e603a,"tic752 - Plaza Corporate Centre {Prom Motor Hotel, Inc.}",evidenceOfInsurance,Evidence of Insurance,commercialGeneralLiability,Commercial General Liability,evidenceOfInsuranceCommercialGeneralLiabilityGeneralAggregateLimitAppliesPerLocation,General Aggregate Limit Applies per: Location,,matchOnce,must be present,,,non_compliant,Block Requirements,,,false,0,,2026-08-16
"Block Real Estate Services, LLC",69fdf7b562446148bd85c440,69fded1862446148bd848ebc,Juro International Systems Inc,69fdf1fad3bfa5e4945e603a,"tic752 - Plaza Corporate Centre {Prom Motor Hotel, Inc.}",evidenceOfInsurance,Evidence of Insurance,commercialGeneralLiability,Commercial General Liability,evidenceOfInsuranceCommercialGeneralLiabilityEachOccurrence,Each Occurrence,,matchOnce,must be greater or equal to,1000000,,non_compliant,Block Requirements,,,false,0,,2026-08-16
"Block Real Estate Services, LLC",69fdf7b562446148bd85c440,69fded1862446148bd848ebc,Juro International Systems Inc,69fdf1fad3bfa5e4945e603a,"tic752 - Plaza Corporate Centre {Prom Motor Hotel, Inc.}",evidenceOfInsurance,Evidence of Insurance,commercialGeneralLiability,Commercial General Liability,evidenceOfInsuranceCommercialGeneralLiabilityGeneralAggregate,General Aggregate,,matchOnce,must be greater or equal to,2000000,,non_compliant,Block Requirements,,,false,0,,2026-08-16
"Block Real Estate Services, LLC",69fdf7b562446148bd85c440,69fded1862446148bd848ebc,Juro International Systems Inc,69fdf1fad3bfa5e4945e603a,"tic752 - Plaza Corporate Centre {Prom Motor Hotel, Inc.}",evidenceOfInsurance,Evidence of Insurance,commercialGeneralLiability,Commercial General Liability,evidenceOfInsuranceCommercialGeneralLiabilityWaiverOfSubrogationEndorsement,Waiver of Subrogation,"---prompt---
Determine if the insurer has waived their right of subrogation in favor of the certificate holder under the Commercial General Liability policy. Evidence may include: a checked ""Waiver of Subrogation"" box on the certificate, mention in the Description of Operations section stating ""waiver of subrogation applies"", or reference to form CG 24 04. Look for language like ""subrogation is waived"" or ""per written contract"".",matchOnce,must be present,,,non_compliant,Block Requirements,,,false,0,,2026-08-16
"Block Real Estate Services, LLC",69fdf7b562446148bd85c440,69fded1862446148bd848ebc,Juro International Systems Inc,69fdf1fad3bfa5e4945e603a,"tic752 - Plaza Corporate Centre {Prom Motor Hotel, Inc.}",evidenceOfInsurance,Evidence of Insurance,excessOrUmbrellaLiability,Umbrella/Excess Liability,evidenceOfInsuranceExcessOrUmbrellaLiabilityOccurence,Coverage Trigger: Occurrence,,matchOnce,must be present,,,non_compliant,Block Requirements,,,false,0,,2026-08-16
"Block Real Estate Services, LLC",69fdf7b562446148bd85c440,69fded1862446148bd848ebc,Juro International Systems Inc,69fdf1fad3bfa5e4945e603a,"tic752 - Plaza Corporate Centre {Prom Motor Hotel, Inc.}",evidenceOfInsurance,Evidence of Insurance,excessOrUmbrellaLiability,Umbrella/Excess Liability,evidenceOfInsuranceExcessOrUmbrellaLiabilityEachOccurrence,Each Occurrence,,matchOnce,must be greater or equal to,1000000,,non_compliant,Block Requirements,,,false,0,,2026-08-16
"Block Real Estate Services, LLC",69fdf7b562446148bd85c440,69fded1862446148bd848ebc,Juro International Systems Inc,69fdf1fad3bfa5e4945e603a,"tic752 - Plaza Corporate Centre {Prom Motor Hotel, Inc.}",evidenceOfInsurance,Evidence of Insurance,excessOrUmbrellaLiability,Umbrella/Excess Liability,evidenceOfInsuranceExcessOrUmbrellaLiabilityAggregate,Aggregate,,matchOnce,must be greater or equal to,1000000,,non_compliant,Block Requirements,,,false,0,,2026-08-16
"Block Real Estate Services, LLC",69fdf7b562446148bd85c440,69fded1862446148bd848ebc,Juro International Systems Inc,69fdf1fad3bfa5e4945e603a,"tic752 - Plaza Corporate Centre {Prom Motor Hotel, Inc.}",evidenceOfInsurance,Evidence of Insurance,workersCompensation,Workers' Compensation and Employer's Liability,evidenceOfInsuranceWorkersCompensationStatutoryLimits,Statutory Limits,,matchOnce,must be present,,,non_compliant,Block Requirements,,,false,0,,2026-08-16
"Block Real Estate Services, LLC",69fdf7b562446148bd85c440,69fded1862446148bd848ebc,Juro International Systems Inc,69fdf1fad3bfa5e4945e603a,"tic752 - Plaza Corporate Centre {Prom Motor Hotel, Inc.}",evidenceOfInsurance,Evidence of Insurance,workersCompensation,Workers' Compensation and Employer's Liability,evidenceOfInsuranceWorkersCompensationEmployersLiabilityEachAccident,Employer's Liability Each Accident,,matchOnce,must be greater or equal to,500000,,non_compliant,Block Requirements,,,false,0,,2026-08-16
"Block Real Estate Services, LLC",69fdf7b562446148bd85c440,69fded1862446148bd848ebc,Juro International Systems Inc,69fdf1fad3bfa5e4945e603a,"tic752 - Plaza Corporate Centre {Prom Motor Hotel, Inc.}",evidenceOfInsurance,Evidence of Insurance,workersCompensation,Workers' Compensation and Employer's Liability,evidenceOfInsuranceWorkersCompensationEmployersLiabilityDiseaseEachEmployee,Employer's Liability Disease - each employee,,matchOnce,must be greater or equal to,500000,,non_compliant,Block Requirements,,,false,0,,2026-08-16
"Block Real Estate Services, LLC",69fdf7b562446148bd85c440,69fded1862446148bd848ebc,Juro International Systems Inc,69fdf1fad3bfa5e4945e603a,"tic752 - Plaza Corporate Centre {Prom Motor Hotel, Inc.}",evidenceOfInsurance,Evidence of Insurance,workersCompensation,Workers' Compensation and Employer's Liability,evidenceOfInsuranceWorkersCompensationEmployersLiabilityDiseasePolicyLimit,Employer's Liability Disease - policy limit,,matchOnce,must be greater or equal to,500000,,non_compliant,Block Requirements,,,false,0,,2026-08-16
"Block Real Estate Services, LLC",69fdf7b562446148bd85c440,69fded1862446148bd848ebc,Juro International Systems Inc,69fdf1fad3bfa5e4945e603a,"tic752 - Plaza Corporate Centre {Prom Motor Hotel, Inc.}",evidenceOfInsurance,Evidence of Insurance,workersCompensation,Workers' Compensation and Employer's Liability,evidenceOfInsuranceWorkersCompensationWaiverOfSubrogationEndorsement,Waiver of Subrogation,"---prompt---
Determine if the insurer has waived their right of subrogation in favor of the certificate holder under the Workers' Compensation policy. Evidence may include: a checked ""Waiver of Subrogation"" box on the certificate, mention in the Description of Operations section stating ""waiver of subrogation applies"", or reference to form WC 00 03 13. Look for language like ""subrogation is waived"" or ""per written contract"".",matchOnce,must be present,,,non_compliant,Block Requirements,,,false,0,,2026-08-16
"Block Real Estate Services, LLC",69fdf7b562446148bd85c440,69fded1862446148bd848ebc,Juro International Systems Inc,69fdf1fad3bfa5e4945e603a,"tic752 - Plaza Corporate Centre {Prom Motor Hotel, Inc.}",evidenceOfInsurance,Evidence of Insurance,6ac20aae-5728-5d57-b364-aeba38527dba,Additional Requirements,4da5b0f1-4c9d-5885-8cf8-5d3cccaed3e0,"Block Real Estate Services, LLC and all others required by contract are named as Additional Insureds","---prompt---
Determine if the Description of Operations or the Additional Remarks Schedule section states the ""Additional Insured as Construction Management, Inc. and all others required by contract"" or reference to blanket additional insured coverage. Look for language like ""certificate holder is additional insured"" or ""per written contract"".",matchOnce,must be present,,,non_compliant,Block Requirements,,,true,0,,2026-08-16
"Block Real Estate Services, LLC",69fdf7b562446148bd85c440,69fded1862446148bd848ebc,Juro International Systems Inc,69fdf1fad3bfa5e4945e603a,"tic752 - Plaza Corporate Centre {Prom Motor Hotel, Inc.}",evidenceOfInsurance,Evidence of Insurance,6ac20aae-5728-5d57-b364-aeba38527dba,Additional Requirements,e1017741-e47e-5f58-97b8-fbc3043e919f,Umbrella follows form over General Liability,"---prompt---
Determine if the Umbrella/Excess Liability policy follows form to the underlying policies. Evidence may include: language in the Description of Operations section stating the umbrella follows form to underlying coverages or an additional page endorsement stating that it follows form. Follow form means the umbrella policy adopts the same terms, conditions, and exclusions as the underlying policies.",matchOnce,must be present,,,non_compliant,Block Requirements,,,true,0,,2026-08-16
"Block Real Estate Services, LLC",69fdf7b562446148bd85c440,69fded1862446148bd848ebc,Juro International Systems Inc,69fdf1fad3bfa5e4945e603a,"tic752 - Plaza Corporate Centre {Prom Motor Hotel, Inc.}",evidenceOfInsurance,Evidence of Insurance,6ac20aae-5728-5d57-b364-aeba38527dba,Additional Requirements,2cdd866f-c9a4-576a-afd8-1d045762790c,The location must be listed as: 800 W. 47th Street Suite 701 Kansas City MO 64112,,matchOnce,must be present,,,non_compliant,Block Requirements,,,true,0,,2026-08-16
"Block Real Estate Services, LLC",69fdf7b562446148bd85c440,69fded1862446148bd848ebc,Juro International Systems Inc,69fdf1fad3bfa5e4945e603a,"tic752 - Plaza Corporate Centre {Prom Motor Hotel, Inc.}",evidenceOfInsurance,Evidence of Insurance,6ac20aae-5728-5d57-b364-aeba38527dba,Additional Requirements,3649e9d1-4e09-59bf-8f30-cb33c40cf117,"Certificate Holder must read: c/o Block Real Estate Services, LLC, 4622 Pennsylvania St., Suite 700, Kansas City, MO, 64112",,matchOnce,must be present,,,non_compliant,Block Requirements,,,true,0,,2026-08-16
"Block Real Estate Services, LLC",69fdf7b562446148bd85c43a,69fded1162446148bd848c91,CMA / Colarelli Meyer & Associates,69fdf1fad3bfa5e4945e603a,"tic752 - Plaza Corporate Centre {Prom Motor Hotel, Inc.}",evidenceOfInsurance,Evidence of Insurance,commercialGeneralLiability,Commercial General Liability,evidenceOfInsuranceCommercialGeneralLiabilityCoverageTriggerOccurrence,Coverage Trigger: Occurrence,,matchOnce,must be present,,,non_compliant,Block Requirements,,,false,0,,2026-08-16
"Block Real Estate Services, LLC",69fdf7b562446148bd85c43a,69fded1162446148bd848c91,CMA / Colarelli Meyer & Associates,69fdf1fad3bfa5e4945e603a,"tic752 - Plaza Corporate Centre {Prom Motor Hotel, Inc.}",evidenceOfInsurance,Evidence of Insurance,commercialGeneralLiability,Commercial General Liability,evidenceOfInsuranceCommercialGeneralLiabilityGeneralAggregateLimitAppliesPerLocation,General Aggregate Limit Applies per: Location,,matchOnce,must be present,,,non_compliant,Block Requirements,,,false,0,,2026-08-16
"Block Real Estate Services, LLC",69fdf7b562446148bd85c43a,69fded1162446148bd848c91,CMA / Colarelli Meyer & Associates,69fdf1fad3bfa5e4945e603a,"tic752 - Plaza Corporate Centre {Prom Motor Hotel, Inc.}",evidenceOfInsurance,Evidence of Insurance,commercialGeneralLiability,Commercial General Liability,evidenceOfInsuranceCommercialGeneralLiabilityEachOccurrence,Each Occurrence,,matchOnce,must be greater or equal to,1000000,,non_compliant,Block Requirements,,,false,0,,2026-08-16
"Block Real Estate Services, LLC",69fdf7b562446148bd85c43a,69fded1162446148bd848c91,CMA / Colarelli Meyer & Associates,69fdf1fad3bfa5e4945e603a,"tic752 - Plaza Corporate Centre {Prom Motor Hotel, Inc.}",evidenceOfInsurance,Evidence of Insurance,commercialGeneralLiability,Commercial General Liability,evidenceOfInsuranceCommercialGeneralLiabilityGeneralAggregate,General Aggregate,,matchOnce,must be greater or equal to,2000000,,non_compliant,Block Requirements,,,false,0,,2026-08-16
"Block Real Estate Services, LLC",69fdf7b562446148bd85c43a,69fded1162446148bd848c91,CMA / Colarelli Meyer & Associates,69fdf1fad3bfa5e4945e603a,"tic752 - Plaza Corporate Centre {Prom Motor Hotel, Inc.}",evidenceOfInsurance,Evidence of Insurance,commercialGeneralLiability,Commercial General Liability,evidenceOfInsuranceCommercialGeneralLiabilityWaiverOfSubrogationEndorsement,Waiver of Subrogation,"---prompt---
Determine if the insurer has waived their right of subrogation in favor of the certificate holder under the Commercial General Liability policy. Evidence may include: a checked ""Waiver of Subrogation"" box on the certificate, mention in the Description of Operations section stating ""waiver of subrogation applies"", or reference to form CG 24 04. Look for language like ""subrogation is waived"" or ""per written contract"".",matchOnce,must be present,,,non_compliant,Block Requirements,,,false,0,,2026-08-16
"Block Real Estate Services, LLC",69fdf7b562446148bd85c43a,69fded1162446148bd848c91,CMA / Colarelli Meyer & Associates,69fdf1fad3bfa5e4945e603a,"tic752 - Plaza Corporate Centre {Prom Motor Hotel, Inc.}",evidenceOfInsurance,Evidence of Insurance,excessOrUmbrellaLiability,Umbrella/Excess Liability,evidenceOfInsuranceExcessOrUmbrellaLiabilityOccurence,Coverage Trigger: Occurrence,,matchOnce,must be present,,,non_compliant,Block Requirements,,,false,0,,2026-08-16
"Block Real Estate Services, LLC",69fdf7b562446148bd85c43a,69fded1162446148bd848c91,CMA / Colarelli Meyer & Associates,69fdf1fad3bfa5e4945e603a,"tic752 - Plaza Corporate Centre {Prom Motor Hotel, Inc.}",evidenceOfInsurance,Evidence of Insurance,excessOrUmbrellaLiability,Umbrella/Excess Liability,evidenceOfInsuranceExcessOrUmbrellaLiabilityEachOccurrence,Each Occurrence,,matchOnce,must be greater or equal to,1000000,,non_compliant,Block Requirements,,,false,0,,2026-08-16
"Block Real Estate Services, LLC",69fdf7b562446148bd85c43a,69fded1162446148bd848c91,CMA / Colarelli Meyer & Associates,69fdf1fad3bfa5e4945e603a,"tic752 - Plaza Corporate Centre {Prom Motor Hotel, Inc.}",evidenceOfInsurance,Evidence of Insurance,excessOrUmbrellaLiability,Umbrella/Excess Liability,evidenceOfInsuranceExcessOrUmbrellaLiabilityAggregate,Aggregate,,matchOnce,must be greater or equal to,1000000,,non_compliant,Block Requirements,,,false,0,,2026-08-16
"Block Real Estate Services, LLC",69fdf7b562446148bd85c43a,69fded1162446148bd848c91,CMA / Colarelli Meyer & Associates,69fdf1fad3bfa5e4945e603a,"tic752 - Plaza Corporate Centre {Prom Motor Hotel, Inc.}",evidenceOfInsurance,Evidence of Insurance,workersCompensation,Workers' Compensation and Employer's Liability,evidenceOfInsuranceWorkersCompensationStatutoryLimits,Statutory Limits,,matchOnce,must be present,,,non_compliant,Block Requirements,,,false,0,,2026-08-16
"Block Real Estate Services, LLC",69fdf7b562446148bd85c43a,69fded1162446148bd848c91,CMA / Colarelli Meyer & Associates,69fdf1fad3bfa5e4945e603a,"tic752 - Plaza Corporate Centre {Prom Motor Hotel, Inc.}",evidenceOfInsurance,Evidence of Insurance,workersCompensation,Workers' Compensation and Employer's Liability,evidenceOfInsuranceWorkersCompensationEmployersLiabilityEachAccident,Employer's Liability Each Accident,,matchOnce,must be greater or equal to,500000,,non_compliant,Block Requirements,,,false,0,,2026-08-16
"Block Real Estate Services, LLC",69fdf7b562446148bd85c43a,69fded1162446148bd848c91,CMA / Colarelli Meyer & Associates,69fdf1fad3bfa5e4945e603a,"tic752 - Plaza Corporate Centre {Prom Motor Hotel, Inc.}",evidenceOfInsurance,Evidence of Insurance,workersCompensation,Workers' Compensation and Employer's Liability,evidenceOfInsuranceWorkersCompensationEmployersLiabilityDiseaseEachEmployee,Employer's Liability Disease - each employee,,matchOnce,must be greater or equal to,500000,,non_compliant,Block Requirements,,,false,0,,2026-08-16
"Block Real Estate Services, LLC",69fdf7b562446148bd85c43a,69fded1162446148bd848c91,CMA / Colarelli Meyer & Associates,69fdf1fad3bfa5e4945e603a,"tic752 - Plaza Corporate Centre {Prom Motor Hotel, Inc.}",evidenceOfInsurance,Evidence of Insurance,workersCompensation,Workers' Compensation and Employer's Liability,evidenceOfInsuranceWorkersCompensationEmployersLiabilityDiseasePolicyLimit,Employer's Liability Disease - policy limit,,matchOnce,must be greater or equal to,500000,,non_compliant,Block Requirements,,,false,0,,2026-08-16
"Block Real Estate Services, LLC",69fdf7b562446148bd85c43a,69fded1162446148bd848c91,CMA / Colarelli Meyer & Associates,69fdf1fad3bfa5e4945e603a,"tic752 - Plaza Corporate Centre {Prom Motor Hotel, Inc.}",evidenceOfInsurance,Evidence of Insurance,workersCompensation,Workers' Compensation and Employer's Liability,evidenceOfInsuranceWorkersCompensationWaiverOfSubrogationEndorsement,Waiver of Subrogation,"---prompt---
Determine if the insurer has waived their right of subrogation in favor of the certificate holder under the Workers' Compensation policy. Evidence may include: a checked ""Waiver of Subrogation"" box on the certificate, mention in the Description of Operations section stating ""waiver of subrogation applies"", or reference to form WC 00 03 13. Look for language like ""subrogation is waived"" or ""per written contract"".",matchOnce,must be present,,,non_compliant,Block Requirements,,,false,0,,2026-08-16
"Block Real Estate Services, LLC",69fdf7b562446148bd85c43a,69fded1162446148bd848c91,CMA / Colarelli Meyer & Associates,69fdf1fad3bfa5e4945e603a,"tic752 - Plaza Corporate Centre {Prom Motor Hotel, Inc.}",evidenceOfInsurance,Evidence of Insurance,6ac20aae-5728-5d57-b364-aeba38527dba,Additional Requirements,4da5b0f1-4c9d-5885-8cf8-5d3cccaed3e0,"Block Real Estate Services, LLC and all others required by contract are named as Additional Insureds","---prompt---
Determine if the Description of Operations or the Additional Remarks Schedule section states the ""Additional Insured as Construction Management, Inc. and all others required by contract"" or reference to blanket additional insured coverage. Look for language like ""certificate holder is additional insured"" or ""per written contract"".",matchOnce,must be present,,,non_compliant,Block Requirements,,,true,0,,2026-08-16
"Block Real Estate Services, LLC",69fdf7b562446148bd85c43a,69fded1162446148bd848c91,CMA / Colarelli Meyer & Associates,69fdf1fad3bfa5e4945e603a,"tic752 - Plaza Corporate Centre {Prom Motor Hotel, Inc.}",evidenceOfInsurance,Evidence of Insurance,6ac20aae-5728-5d57-b364-aeba38527dba,Additional Requirements,e1017741-e47e-5f58-97b8-fbc3043e919f,Umbrella follows form over General Liability,"---prompt---
Determine if the Umbrella/Excess Liability policy follows form to the underlying policies. Evidence may include: language in the Description of Operations section stating the umbrella follows form to underlying coverages or an additional page endorsement stating that it follows form. Follow form means the umbrella policy adopts the same terms, conditions, and exclusions as the underlying policies.",matchOnce,must be present,,,non_compliant,Block Requirements,,,true,0,,2026-08-16
"Block Real Estate Services, LLC",69fdf7b562446148bd85c43a,69fded1162446148bd848c91,CMA / Colarelli Meyer & Associates,69fdf1fad3bfa5e4945e603a,"tic752 - Plaza Corporate Centre {Prom Motor Hotel, Inc.}",evidenceOfInsurance,Evidence of Insurance,6ac20aae-5728-5d57-b364-aeba38527dba,Additional Requirements,2cdd866f-c9a4-576a-afd8-1d045762790c,The location must be listed as: 800 W. 47th Street Suite 716 Kansas City MO 64112,,matchOnce,must be present,,,non_compliant,Block Requirements,,,true,0,,2026-08-16
"Block Real Estate Services, LLC",69fdf7b562446148bd85c43a,69fded1162446148bd848c91,CMA / Colarelli Meyer & Associates,69fdf1fad3bfa5e4945e603a,"tic752 - Plaza Corporate Centre {Prom Motor Hotel, Inc.}",evidenceOfInsurance,Evidence of Insurance,6ac20aae-5728-5d57-b364-aeba38527dba,Additional Requirements,3649e9d1-4e09-59bf-8f30-cb33c40cf117,"Certificate Holder must read: c/o Block Real Estate Services, LLC, 4622 Pennsylvania St., Suite 700, Kansas City, MO, 64112",,matchOnce,must be present,,,non_compliant,Block Requirements,,,true,0,,2026-08-16
"Block Real Estate Services, LLC",69fdf7b562446148bd85c437,69fded0e62446148bd848bb3,Axiom Strategies LLC,69fdf1fad3bfa5e4945e603a,"tic752 - Plaza Corporate Centre {Prom Motor Hotel, Inc.}",evidenceOfInsurance,Evidence of Insurance,commercialGeneralLiability,Commercial General Liability,evidenceOfInsuranceCommercialGeneralLiabilityCoverageTriggerOccurrence,Coverage Trigger: Occurrence,,matchOnce,must be present,,,non_compliant,Block Requirements,,,false,0,,2026-08-16
"Block Real Estate Services, LLC",69fdf7b562446148bd85c437,69fded0e62446148bd848bb3,Axiom Strategies LLC,69fdf1fad3bfa5e4945e603a,"tic752 - Plaza Corporate Centre {Prom Motor Hotel, Inc.}",evidenceOfInsurance,Evidence of Insurance,commercialGeneralLiability,Commercial General Liability,evidenceOfInsuranceCommercialGeneralLiabilityGeneralAggregateLimitAppliesPerLocation,General Aggregate Limit Applies per: Location,,matchOnce,must be present,,,non_compliant,Block Requirements,,,false,0,,2026-08-16
"Block Real Estate Services, LLC",69fdf7b562446148bd85c437,69fded0e62446148bd848bb3,Axiom Strategies LLC,69fdf1fad3bfa5e4945e603a,"tic752 - Plaza Corporate Centre {Prom Motor Hotel, Inc.}",evidenceOfInsurance,Evidence of Insurance,commercialGeneralLiability,Commercial General Liability,evidenceOfInsuranceCommercialGeneralLiabilityEachOccurrence,Each Occurrence,,matchOnce,must be greater or equal to,1000000,,non_compliant,Block Requirements,,,false,0,,2026-08-16
"Block Real Estate Services, LLC",69fdf7b562446148bd85c437,69fded0e62446148bd848bb3,Axiom Strategies LLC,69fdf1fad3bfa5e4945e603a,"tic752 - Plaza Corporate Centre {Prom Motor Hotel, Inc.}",evidenceOfInsurance,Evidence of Insurance,commercialGeneralLiability,Commercial General Liability,evidenceOfInsuranceCommercialGeneralLiabilityGeneralAggregate,General Aggregate,,matchOnce,must be greater or equal to,2000000,,non_compliant,Block Requirements,,,false,0,,2026-08-16
"Block Real Estate Services, LLC",69fdf7b562446148bd85c437,69fded0e62446148bd848bb3,Axiom Strategies LLC,69fdf1fad3bfa5e4945e603a,"tic752 - Plaza Corporate Centre {Prom Motor Hotel, Inc.}",evidenceOfInsurance,Evidence of Insurance,commercialGeneralLiability,Commercial General Liability,evidenceOfInsuranceCommercialGeneralLiabilityWaiverOfSubrogationEndorsement,Waiver of Subrogation,"---prompt---
Determine if the insurer has waived their right of subrogation in favor of the certificate holder under the Commercial General Liability policy. Evidence may include: a checked ""Waiver of Subrogation"" box on the certificate, mention in the Description of Operations section stating ""waiver of subrogation applies"", or reference to form CG 24 04. Look for language like ""subrogation is waived"" or ""per written contract"".",matchOnce,must be present,,,non_compliant,Block Requirements,,,false,0,,2026-08-16
"Block Real Estate Services, LLC",69fdf7b562446148bd85c437,69fded0e62446148bd848bb3,Axiom Strategies LLC,69fdf1fad3bfa5e4945e603a,"tic752 - Plaza Corporate Centre {Prom Motor Hotel, Inc.}",evidenceOfInsurance,Evidence of Insurance,excessOrUmbrellaLiability,Umbrella/Excess Liability,evidenceOfInsuranceExcessOrUmbrellaLiabilityOccurence,Coverage Trigger: Occurrence,,matchOnce,must be present,,,waived,Block Requirements,,,false,0,,2026-08-16
"Block Real Estate Services, LLC",69fdf7b562446148bd85c437,69fded0e62446148bd848bb3,Axiom Strategies LLC,69fdf1fad3bfa5e4945e603a,"tic752 - Plaza Corporate Centre {Prom Motor Hotel, Inc.}",evidenceOfInsurance,Evidence of Insurance,excessOrUmbrellaLiability,Umbrella/Excess Liability,evidenceOfInsuranceExcessOrUmbrellaLiabilityEachOccurrence,Each Occurrence,,matchOnce,must be greater or equal to,1000000,,waived,Block Requirements,,,false,0,,2026-08-16
"Block Real Estate Services, LLC",69fdf7b562446148bd85c437,69fded0e62446148bd848bb3,Axiom Strategies LLC,69fdf1fad3bfa5e4945e603a,"tic752 - Plaza Corporate Centre {Prom Motor Hotel, Inc.}",evidenceOfInsurance,Evidence of Insurance,excessOrUmbrellaLiability,Umbrella/Excess Liability,evidenceOfInsuranceExcessOrUmbrellaLiabilityAggregate,Aggregate,,matchOnce,must be greater or equal to,1000000,,waived,Block Requirements,,,false,0,,2026-08-16
"Block Real Estate Services, LLC",69fdf7b562446148bd85c437,69fded0e62446148bd848bb3,Axiom Strategies LLC,69fdf1fad3bfa5e4945e603a,"tic752 - Plaza Corporate Centre {Prom Motor Hotel, Inc.}",evidenceOfInsurance,Evidence of Insurance,workersCompensation,Workers' Compensation and Employer's Liability,evidenceOfInsuranceWorkersCompensationStatutoryLimits,Statutory Limits,,matchOnce,must be present,,,non_compliant,Block Requirements,,,false,0,,2026-08-16
"Block Real Estate Services, LLC",69fdf7b562446148bd85c437,69fded0e62446148bd848bb3,Axiom Strategies LLC,69fdf1fad3bfa5e4945e603a,"tic752 - Plaza Corporate Centre {Prom Motor Hotel, Inc.}",evidenceOfInsurance,Evidence of Insurance,workersCompensation,Workers' Compensation and Employer's Liability,evidenceOfInsuranceWorkersCompensationEmployersLiabilityEachAccident,Employer's Liability Each Accident,,matchOnce,must be greater or equal to,500000,,non_compliant,Block Requirements,,,false,0,,2026-08-16
"Block Real Estate Services, LLC",69fdf7b562446148bd85c437,69fded0e62446148bd848bb3,Axiom Strategies LLC,69fdf1fad3bfa5e4945e603a,"tic752 - Plaza Corporate Centre {Prom Motor Hotel, Inc.}",evidenceOfInsurance,Evidence of Insurance,workersCompensation,Workers' Compensation and Employer's Liability,evidenceOfInsuranceWorkersCompensationEmployersLiabilityDiseaseEachEmployee,Employer's Liability Disease - each employee,,matchOnce,must be greater or equal to,500000,,non_compliant,Block Requirements,,,false,0,,2026-08-16
"Block Real Estate Services, LLC",69fdf7b562446148bd85c437,69fded0e62446148bd848bb3,Axiom Strategies LLC,69fdf1fad3bfa5e4945e603a,"tic752 - Plaza Corporate Centre {Prom Motor Hotel, Inc.}",evidenceOfInsurance,Evidence of Insurance,workersCompensation,Workers' Compensation and Employer's Liability,evidenceOfInsuranceWorkersCompensationEmployersLiabilityDiseasePolicyLimit,Employer's Liability Disease - policy limit,,matchOnce,must be greater or equal to,500000,,non_compliant,Block Requirements,,,false,0,,2026-08-16
"Block Real Estate Services, LLC",69fdf7b562446148bd85c437,69fded0e62446148bd848bb3,Axiom Strategies LLC,69fdf1fad3bfa5e4945e603a,"tic752 - Plaza Corporate Centre {Prom Motor Hotel, Inc.}",evidenceOfInsurance,Evidence of Insurance,workersCompensation,Workers' Compensation and Employer's Liability,evidenceOfInsuranceWorkersCompensationWaiverOfSubrogationEndorsement,Waiver of Subrogation,"---prompt---
Determine if the insurer has waived their right of subrogation in favor of the certificate holder under the Workers' Compensation policy. Evidence may include: a checked ""Waiver of Subrogation"" box on the certificate, mention in the Description of Operations section stating ""waiver of subrogation applies"", or reference to form WC 00 03 13. Look for language like ""subrogation is waived"" or ""per written contract"".",matchOnce,must be present,,,non_compliant,Block Requirements,,,false,0,,2026-08-16
"Block Real Estate Services, LLC",69fdf7b562446148bd85c437,69fded0e62446148bd848bb3,Axiom Strategies LLC,69fdf1fad3bfa5e4945e603a,"tic752 - Plaza Corporate Centre {Prom Motor Hotel, Inc.}",evidenceOfInsurance,Evidence of Insurance,6ac20aae-5728-5d57-b364-aeba38527dba,Additional Requirements,4da5b0f1-4c9d-5885-8cf8-5d3cccaed3e0,"Block Real Estate Services, LLC and all others required by contract are named as Additional Insureds","---prompt---
Determine if the Description of Operations or the Additional Remarks Schedule section states the ""Additional Insured as Construction Management, Inc. and all others required by contract"" or reference to blanket additional insured coverage. Look for language like ""certificate holder is additional insured"" or ""per written contract"".",matchOnce,must be present,,,non_compliant,Block Requirements,,,true,0,,2026-08-16
"Block Real Estate Services, LLC",69fdf7b562446148bd85c437,69fded0e62446148bd848bb3,Axiom Strategies LLC,69fdf1fad3bfa5e4945e603a,"tic752 - Plaza Corporate Centre {Prom Motor Hotel, Inc.}",evidenceOfInsurance,Evidence of Insurance,6ac20aae-5728-5d57-b364-aeba38527dba,Additional Requirements,e1017741-e47e-5f58-97b8-fbc3043e919f,Umbrella follows form over General Liability,"---prompt---
Determine if the Umbrella/Excess Liability policy follows form to the underlying policies. Evidence may include: language in the Description of Operations section stating the umbrella follows form to underlying coverages or an additional page endorsement stating that it follows form. Follow form means the umbrella policy adopts the same terms, conditions, and exclusions as the underlying policies.",matchOnce,must be present,,,non_compliant,Block Requirements,,,true,0,,2026-08-16
"Block Real Estate Services, LLC",69fdf7b562446148bd85c437,69fded0e62446148bd848bb3,Axiom Strategies LLC,69fdf1fad3bfa5e4945e603a,"tic752 - Plaza Corporate Centre {Prom Motor Hotel, Inc.}",evidenceOfInsurance,Evidence of Insurance,6ac20aae-5728-5d57-b364-aeba38527dba,Additional Requirements,2cdd866f-c9a4-576a-afd8-1d045762790c,The location must be listed as: 800 W. 47th Street Suite 200 Kansas City MO 64112,,matchOnce,must be present,,,non_compliant,Block Requirements,,,true,0,,2026-08-16
"Block Real Estate Services, LLC",69fdf7b562446148bd85c437,69fded0e62446148bd848bb3,Axiom Strategies LLC,69fdf1fad3bfa5e4945e603a,"tic752 - Plaza Corporate Centre {Prom Motor Hotel, Inc.}",evidenceOfInsurance,Evidence of Insurance,6ac20aae-5728-5d57-b364-aeba38527dba,Additional Requirements,3649e9d1-4e09-59bf-8f30-cb33c40cf117,"Certificate Holder must read: c/o Block Real Estate Services, LLC, 4622 Pennsylvania St., Suite 700, Kansas City, MO, 64112",,matchOnce,must be present,,,non_compliant,Block Requirements,,,true,0,,2026-08-16
"Block Real Estate Services, LLC",69fdf7b562446148bd85c445,69fded2162446148bd8491bf,Studio Local LLC,69fdf1fad3bfa5e4945e603a,"tic752 - Plaza Corporate Centre {Prom Motor Hotel, Inc.}",evidenceOfInsurance,Evidence of Insurance,commercialGeneralLiability,Commercial General Liability,evidenceOfInsuranceCommercialGeneralLiabilityCoverageTriggerOccurrence,Coverage Trigger: Occurrence,,matchOnce,must be present,,,non_compliant,Block Requirements,,,false,0,,2026-08-16
"Block Real Estate Services, LLC",69fdf7b562446148bd85c445,69fded2162446148bd8491bf,Studio Local LLC,69fdf1fad3bfa5e4945e603a,"tic752 - Plaza Corporate Centre {Prom Motor Hotel, Inc.}",evidenceOfInsurance,Evidence of Insurance,commercialGeneralLiability,Commercial General Liability,evidenceOfInsuranceCommercialGeneralLiabilityGeneralAggregateLimitAppliesPerLocation,General Aggregate Limit Applies per: Location,,matchOnce,must be present,,,non_compliant,Block Requirements,,,false,0,,2026-08-16
"Block Real Estate Services, LLC",69fdf7b562446148bd85c445,69fded2162446148bd8491bf,Studio Local LLC,69fdf1fad3bfa5e4945e603a,"tic752 - Plaza Corporate Centre {Prom Motor Hotel, Inc.}",evidenceOfInsurance,Evidence of Insurance,commercialGeneralLiability,Commercial General Liability,evidenceOfInsuranceCommercialGeneralLiabilityEachOccurrence,Each Occurrence,,matchOnce,must be greater or equal to,1000000,,non_compliant,Block Requirements,,,false,0,,2026-08-16
"Block Real Estate Services, LLC",69fdf7b562446148bd85c445,69fded2162446148bd8491bf,Studio Local LLC,69fdf1fad3bfa5e4945e603a,"tic752 - Plaza Corporate Centre {Prom Motor Hotel, Inc.}",evidenceOfInsurance,Evidence of Insurance,commercialGeneralLiability,Commercial General Liability,evidenceOfInsuranceCommercialGeneralLiabilityGeneralAggregate,General Aggregate,,matchOnce,must be greater or equal to,2000000,,non_compliant,Block Requirements,,,false,0,,2026-08-16
"Block Real Estate Services, LLC",69fdf7b562446148bd85c445,69fded2162446148bd8491bf,Studio Local LLC,69fdf1fad3bfa5e4945e603a,"tic752 - Plaza Corporate Centre {Prom Motor Hotel, Inc.}",evidenceOfInsurance,Evidence of Insurance,commercialGeneralLiability,Commercial General Liability,evidenceOfInsuranceCommercialGeneralLiabilityWaiverOfSubrogationEndorsement,Waiver of Subrogation,"---prompt---
Determine if the insurer has waived their right of subrogation in favor of the certificate holder under the Commercial General Liability policy. Evidence may include: a checked ""Waiver of Subrogation"" box on the certificate, mention in the Description of Operations section stating ""waiver of subrogation applies"", or reference to form CG 24 04. Look for language like ""subrogation is waived"" or ""per written contract"".",matchOnce,must be present,,,non_compliant,Block Requirements,,,false,0,,2026-08-16
"Block Real Estate Services, LLC",69fdf7b562446148bd85c445,69fded2162446148bd8491bf,Studio Local LLC,69fdf1fad3bfa5e4945e603a,"tic752 - Plaza Corporate Centre {Prom Motor Hotel, Inc.}",evidenceOfInsurance,Evidence of Insurance,excessOrUmbrellaLiability,Umbrella/Excess Liability,evidenceOfInsuranceExcessOrUmbrellaLiabilityOccurence,Coverage Trigger: Occurrence,,matchOnce,must be present,,,non_compliant,Block Requirements,,,false,0,,2026-08-16
"Block Real Estate Services, LLC",69fdf7b562446148bd85c445,69fded2162446148bd8491bf,Studio Local LLC,69fdf1fad3bfa5e4945e603a,"tic752 - Plaza Corporate Centre {Prom Motor Hotel, Inc.}",evidenceOfInsurance,Evidence of Insurance,excessOrUmbrellaLiability,Umbrella/Excess Liability,evidenceOfInsuranceExcessOrUmbrellaLiabilityEachOccurrence,Each Occurrence,,matchOnce,must be greater or equal to,1000000,,non_compliant,Block Requirements,,,false,0,,2026-08-16
"Block Real Estate Services, LLC",69fdf7b562446148bd85c445,69fded2162446148bd8491bf,Studio Local LLC,69fdf1fad3bfa5e4945e603a,"tic752 - Plaza Corporate Centre {Prom Motor Hotel, Inc.}",evidenceOfInsurance,Evidence of Insurance,excessOrUmbrellaLiability,Umbrella/Excess Liability,evidenceOfInsuranceExcessOrUmbrellaLiabilityAggregate,Aggregate,,matchOnce,must be greater or equal to,1000000,,non_compliant,Block Requirements,,,false,0,,2026-08-16
"Block Real Estate Services, LLC",69fdf7b562446148bd85c445,69fded2162446148bd8491bf,Studio Local LLC,69fdf1fad3bfa5e4945e603a,"tic752 - Plaza Corporate Centre {Prom Motor Hotel, Inc.}",evidenceOfInsurance,Evidence of Insurance,workersCompensation,Workers' Compensation and Employer's Liability,evidenceOfInsuranceWorkersCompensationStatutoryLimits,Statutory Limits,,matchOnce,must be present,,,non_compliant,Block Requirements,,,false,0,,2026-08-16
"Block Real Estate Services, LLC",69fdf7b562446148bd85c445,69fded2162446148bd8491bf,Studio Local LLC,69fdf1fad3bfa5e4945e603a,"tic752 - Plaza Corporate Centre {Prom Motor Hotel, Inc.}",evidenceOfInsurance,Evidence of Insurance,workersCompensation,Workers' Compensation and Employer's Liability,evidenceOfInsuranceWorkersCompensationEmployersLiabilityEachAccident,Employer's Liability Each Accident,,matchOnce,must be greater or equal to,500000,,non_compliant,Block Requirements,,,false,0,,2026-08-16
"Block Real Estate Services, LLC",69fdf7b562446148bd85c445,69fded2162446148bd8491bf,Studio Local LLC,69fdf1fad3bfa5e4945e603a,"tic752 - Plaza Corporate Centre {Prom Motor Hotel, Inc.}",evidenceOfInsurance,Evidence of Insurance,workersCompensation,Workers' Compensation and Employer's Liability,evidenceOfInsuranceWorkersCompensationEmployersLiabilityDiseaseEachEmployee,Employer's Liability Disease - each employee,,matchOnce,must be greater or equal to,500000,,non_compliant,Block Requirements,,,false,0,,2026-08-16
"Block Real Estate Services, LLC",69fdf7b562446148bd85c445,69fded2162446148bd8491bf,Studio Local LLC,69fdf1fad3bfa5e4945e603a,"tic752 - Plaza Corporate Centre {Prom Motor Hotel, Inc.}",evidenceOfInsurance,Evidence of Insurance,workersCompensation,Workers' Compensation and Employer's Liability,evidenceOfInsuranceWorkersCompensationEmployersLiabilityDiseasePolicyLimit,Employer's Liability Disease - policy limit,,matchOnce,must be greater or equal to,500000,,non_compliant,Block Requirements,,,false,0,,2026-08-16
"Block Real Estate Services, LLC",69fdf7b562446148bd85c445,69fded2162446148bd8491bf,Studio Local LLC,69fdf1fad3bfa5e4945e603a,"tic752 - Plaza Corporate Centre {Prom Motor Hotel, Inc.}",evidenceOfInsurance,Evidence of Insurance,workersCompensation,Workers' Compensation and Employer's Liability,evidenceOfInsuranceWorkersCompensationWaiverOfSubrogationEndorsement,Waiver of Subrogation,"---prompt---
Determine if the insurer has waived their right of subrogation in favor of the certificate holder under the Workers' Compensation policy. Evidence may include: a checked ""Waiver of Subrogation"" box on the certificate, mention in the Description of Operations section stating ""waiver of subrogation applies"", or reference to form WC 00 03 13. Look for language like ""subrogation is waived"" or ""per written contract"".",matchOnce,must be present,,,non_compliant,Block Requirements,,,false,0,,2026-08-16
"Block Real Estate Services, LLC",69fdf7b562446148bd85c445,69fded2162446148bd8491bf,Studio Local LLC,69fdf1fad3bfa5e4945e603a,"tic752 - Plaza Corporate Centre {Prom Motor Hotel, Inc.}",evidenceOfInsurance,Evidence of Insurance,6ac20aae-5728-5d57-b364-aeba38527dba,Additional Requirements,4da5b0f1-4c9d-5885-8cf8-5d3cccaed3e0,"Block Real Estate Services, LLC and all others required by contract are named as Additional Insureds","---prompt---
Determine if the Description of Operations or the Additional Remarks Schedule section states the ""Additional Insured as Construction Management, Inc. and all others required by contract"" or reference to blanket additional insured coverage. Look for language like ""certificate holder is additional insured"" or ""per written contract"".",matchOnce,must be present,,,non_compliant,Block Requirements,,,true,0,,2026-08-16
"Block Real Estate Services, LLC",69fdf7b562446148bd85c445,69fded2162446148bd8491bf,Studio Local LLC,69fdf1fad3bfa5e4945e603a,"tic752 - Plaza Corporate Centre {Prom Motor Hotel, Inc.}",evidenceOfInsurance,Evidence of Insurance,6ac20aae-5728-5d57-b364-aeba38527dba,Additional Requirements,e1017741-e47e-5f58-97b8-fbc3043e919f,Umbrella follows form over General Liability,"---prompt---
Determine if the Umbrella/Excess Liability policy follows form to the underlying policies. Evidence may include: language in the Description of Operations section stating the umbrella follows form to underlying coverages or an additional page endorsement stating that it follows form. Follow form means the umbrella policy adopts the same terms, conditions, and exclusions as the underlying policies.",matchOnce,must be present,,,non_compliant,Block Requirements,,,true,0,,2026-08-16
"Block Real Estate Services, LLC",69fdf7b562446148bd85c445,69fded2162446148bd8491bf,Studio Local LLC,69fdf1fad3bfa5e4945e603a,"tic752 - Plaza Corporate Centre {Prom Motor Hotel, Inc.}",evidenceOfInsurance,Evidence of Insurance,6ac20aae-5728-5d57-b364-aeba38527dba,Additional Requirements,2cdd866f-c9a4-576a-afd8-1d045762790c,The location must be listed as: 800 W. 47th Street Suite 635 Kansas City MO 64112,,matchOnce,must be present,,,non_compliant,Block Requirements,,,true,0,,2026-08-16
"Block Real Estate Services, LLC",69fdf7b562446148bd85c445,69fded2162446148bd8491bf,Studio Local LLC,69fdf1fad3bfa5e4945e603a,"tic752 - Plaza Corporate Centre {Prom Motor Hotel, Inc.}",evidenceOfInsurance,Evidence of Insurance,6ac20aae-5728-5d57-b364-aeba38527dba,Additional Requirements,3649e9d1-4e09-59bf-8f30-cb33c40cf117,"Certificate Holder must read: c/o Block Real Estate Services, LLC, 4622 Pennsylvania St., Suite 700, Kansas City, MO, 64112",,matchOnce,must be present,,,non_compliant,Block Requirements,,,true,0,,2026-08-16
"Block Real Estate Services, LLC",69fdf7b562446148bd85c442,69fded1e62446148bd8490ae,Prestige Land Title LLC,69fdf1fad3bfa5e4945e603a,"tic752 - Plaza Corporate Centre {Prom Motor Hotel, Inc.}",evidenceOfInsurance,Evidence of Insurance,commercialGeneralLiability,Commercial General Liability,evidenceOfInsuranceCommercialGeneralLiabilityCoverageTriggerOccurrence,Coverage Trigger: Occurrence,,matchOnce,must be present,,,non_compliant,Block Requirements,,,false,0,,2026-08-16
"Block Real Estate Services, LLC",69fdf7b562446148bd85c442,69fded1e62446148bd8490ae,Prestige Land Title LLC,69fdf1fad3bfa5e4945e603a,"tic752 - Plaza Corporate Centre {Prom Motor Hotel, Inc.}",evidenceOfInsurance,Evidence of Insurance,commercialGeneralLiability,Commercial General Liability,evidenceOfInsuranceCommercialGeneralLiabilityGeneralAggregateLimitAppliesPerLocation,General Aggregate Limit Applies per: Location,,matchOnce,must be present,,,non_compliant,Block Requirements,,,false,0,,2026-08-16
"Block Real Estate Services, LLC",69fdf7b562446148bd85c442,69fded1e62446148bd8490ae,Prestige Land Title LLC,69fdf1fad3bfa5e4945e603a,"tic752 - Plaza Corporate Centre {Prom Motor Hotel, Inc.}",evidenceOfInsurance,Evidence of Insurance,commercialGeneralLiability,Commercial General Liability,evidenceOfInsuranceCommercialGeneralLiabilityEachOccurrence,Each Occurrence,,matchOnce,must be greater or equal to,1000000,,non_compliant,Block Requirements,,,false,0,,2026-08-16
"Block Real Estate Services, LLC",69fdf7b562446148bd85c442,69fded1e62446148bd8490ae,Prestige Land Title LLC,69fdf1fad3bfa5e4945e603a,"tic752 - Plaza Corporate Centre {Prom Motor Hotel, Inc.}",evidenceOfInsurance,Evidence of Insurance,commercialGeneralLiability,Commercial General Liability,evidenceOfInsuranceCommercialGeneralLiabilityGeneralAggregate,General Aggregate,,matchOnce,must be greater or equal to,2000000,,non_compliant,Block Requirements,,,false,0,,2026-08-16
"Block Real Estate Services, LLC",69fdf7b562446148bd85c442,69fded1e62446148bd8490ae,Prestige Land Title LLC,69fdf1fad3bfa5e4945e603a,"tic752 - Plaza Corporate Centre {Prom Motor Hotel, Inc.}",evidenceOfInsurance,Evidence of Insurance,commercialGeneralLiability,Commercial General Liability,evidenceOfInsuranceCommercialGeneralLiabilityWaiverOfSubrogationEndorsement,Waiver of Subrogation,"---prompt---
Determine if the insurer has waived their right of subrogation in favor of the certificate holder under the Commercial General Liability policy. Evidence may include: a checked ""Waiver of Subrogation"" box on the certificate, mention in the Description of Operations section stating ""waiver of subrogation applies"", or reference to form CG 24 04. Look for language like ""subrogation is waived"" or ""per written contract"".",matchOnce,must be present,,,non_compliant,Block Requirements,,,false,0,,2026-08-16
"Block Real Estate Services, LLC",69fdf7b562446148bd85c442,69fded1e62446148bd8490ae,Prestige Land Title LLC,69fdf1fad3bfa5e4945e603a,"tic752 - Plaza Corporate Centre {Prom Motor Hotel, Inc.}",evidenceOfInsurance,Evidence of Insurance,excessOrUmbrellaLiability,Umbrella/Excess Liability,evidenceOfInsuranceExcessOrUmbrellaLiabilityOccurence,Coverage Trigger: Occurrence,,matchOnce,must be present,,,non_compliant,Block Requirements,,,false,0,,2026-08-16
"Block Real Estate Services, LLC",69fdf7b562446148bd85c442,69fded1e62446148bd8490ae,Prestige Land Title LLC,69fdf1fad3bfa5e4945e603a,"tic752 - Plaza Corporate Centre {Prom Motor Hotel, Inc.}",evidenceOfInsurance,Evidence of Insurance,excessOrUmbrellaLiability,Umbrella/Excess Liability,evidenceOfInsuranceExcessOrUmbrellaLiabilityEachOccurrence,Each Occurrence,,matchOnce,must be greater or equal to,1000000,,non_compliant,Block Requirements,,,false,0,,2026-08-16
"Block Real Estate Services, LLC",69fdf7b562446148bd85c442,69fded1e62446148bd8490ae,Prestige Land Title LLC,69fdf1fad3bfa5e4945e603a,"tic752 - Plaza Corporate Centre {Prom Motor Hotel, Inc.}",evidenceOfInsurance,Evidence of Insurance,excessOrUmbrellaLiability,Umbrella/Excess Liability,evidenceOfInsuranceExcessOrUmbrellaLiabilityAggregate,Aggregate,,matchOnce,must be greater or equal to,1000000,,non_compliant,Block Requirements,,,false,0,,2026-08-16
"Block Real Estate Services, LLC",69fdf7b562446148bd85c442,69fded1e62446148bd8490ae,Prestige Land Title LLC,69fdf1fad3bfa5e4945e603a,"tic752 - Plaza Corporate Centre {Prom Motor Hotel, Inc.}",evidenceOfInsurance,Evidence of Insurance,workersCompensation,Workers' Compensation and Employer's Liability,evidenceOfInsuranceWorkersCompensationStatutoryLimits,Statutory Limits,,matchOnce,must be present,,,non_compliant,Block Requirements,,,false,0,,2026-08-16
"Block Real Estate Services, LLC",69fdf7b562446148bd85c442,69fded1e62446148bd8490ae,Prestige Land Title LLC,69fdf1fad3bfa5e4945e603a,"tic752 - Plaza Corporate Centre {Prom Motor Hotel, Inc.}",evidenceOfInsurance,Evidence of Insurance,workersCompensation,Workers' Compensation and Employer's Liability,evidenceOfInsuranceWorkersCompensationEmployersLiabilityEachAccident,Employer's Liability Each Accident,,matchOnce,must be greater or equal to,500000,,non_compliant,Block Requirements,,,false,0,,2026-08-16
"Block Real Estate Services, LLC",69fdf7b562446148bd85c442,69fded1e62446148bd8490ae,Prestige Land Title LLC,69fdf1fad3bfa5e4945e603a,"tic752 - Plaza Corporate Centre {Prom Motor Hotel, Inc.}",evidenceOfInsurance,Evidence of Insurance,workersCompensation,Workers' Compensation and Employer's Liability,evidenceOfInsuranceWorkersCompensationEmployersLiabilityDiseaseEachEmployee,Employer's Liability Disease - each employee,,matchOnce,must be greater or equal to,500000,,non_compliant,Block Requirements,,,false,0,,2026-08-16
"Block Real Estate Services, LLC",69fdf7b562446148bd85c442,69fded1e62446148bd8490ae,Prestige Land Title LLC,69fdf1fad3bfa5e4945e603a,"tic752 - Plaza Corporate Centre {Prom Motor Hotel, Inc.}",evidenceOfInsurance,Evidence of Insurance,workersCompensation,Workers' Compensation and Employer's Liability,evidenceOfInsuranceWorkersCompensationEmployersLiabilityDiseasePolicyLimit,Employer's Liability Disease - policy limit,,matchOnce,must be greater or equal to,500000,,non_compliant,Block Requirements,,,false,0,,2026-08-16
"Block Real Estate Services, LLC",69fdf7b562446148bd85c442,69fded1e62446148bd8490ae,Prestige Land Title LLC,69fdf1fad3bfa5e4945e603a,"tic752 - Plaza Corporate Centre {Prom Motor Hotel, Inc.}",evidenceOfInsurance,Evidence of Insurance,workersCompensation,Workers' Compensation and Employer's Liability,evidenceOfInsuranceWorkersCompensationWaiverOfSubrogationEndorsement,Waiver of Subrogation,"---prompt---
Determine if the insurer has waived their right of subrogation in favor of the certificate holder under the Workers' Compensation policy. Evidence may include: a checked ""Waiver of Subrogation"" box on the certificate, mention in the Description of Operations section stating ""waiver of subrogation applies"", or reference to form WC 00 03 13. Look for language like ""subrogation is waived"" or ""per written contract"".",matchOnce,must be present,,,non_compliant,Block Requirements,,,false,0,,2026-08-16
"Block Real Estate Services, LLC",69fdf7b562446148bd85c442,69fded1e62446148bd8490ae,Prestige Land Title LLC,69fdf1fad3bfa5e4945e603a,"tic752 - Plaza Corporate Centre {Prom Motor Hotel, Inc.}",evidenceOfInsurance,Evidence of Insurance,6ac20aae-5728-5d57-b364-aeba38527dba,Additional Requirements,4da5b0f1-4c9d-5885-8cf8-5d3cccaed3e0,"Block Real Estate Services, LLC and all others required by contract are named as Additional Insureds","---prompt---
Determine if the Description of Operations or the Additional Remarks Schedule section states the ""Additional Insured as Construction Management, Inc. and all others required by contract"" or reference to blanket additional insured coverage. Look for language like ""certificate holder is additional insured"" or ""per written contract"".",matchOnce,must be present,,,non_compliant,Block Requirements,,,true,0,,2026-08-16
"Block Real Estate Services, LLC",69fdf7b562446148bd85c442,69fded1e62446148bd8490ae,Prestige Land Title LLC,69fdf1fad3bfa5e4945e603a,"tic752 - Plaza Corporate Centre {Prom Motor Hotel, Inc.}",evidenceOfInsurance,Evidence of Insurance,6ac20aae-5728-5d57-b364-aeba38527dba,Additional Requirements,e1017741-e47e-5f58-97b8-fbc3043e919f,Umbrella follows form over General Liability,"---prompt---
Determine if the Umbrella/Excess Liability policy follows form to the underlying policies. Evidence may include: language in the Description of Operations section stating the umbrella follows form to underlying coverages or an additional page endorsement stating that it follows form. Follow form means the umbrella policy adopts the same terms, conditions, and exclusions as the underlying policies.",matchOnce,must be present,,,non_compliant,Block Requirements,,,true,0,,2026-08-16
"Block Real Estate Services, LLC",69fdf7b562446148bd85c442,69fded1e62446148bd8490ae,Prestige Land Title LLC,69fdf1fad3bfa5e4945e603a,"tic752 - Plaza Corporate Centre {Prom Motor Hotel, Inc.}",evidenceOfInsurance,Evidence of Insurance,6ac20aae-5728-5d57-b364-aeba38527dba,Additional Requirements,2cdd866f-c9a4-576a-afd8-1d045762790c,"The location must be listed as: 800 W. 47th Street Suites 518, 519 Kansas City MO 64112",,matchOnce,must be present,,,non_compliant,Block Requirements,,,true,0,,2026-08-16
"Block Real Estate Services, LLC",69fdf7b562446148bd85c442,69fded1e62446148bd8490ae,Prestige Land Title LLC,69fdf1fad3bfa5e4945e603a,"tic752 - Plaza Corporate Centre {Prom Motor Hotel, Inc.}",evidenceOfInsurance,Evidence of Insurance,6ac20aae-5728-5d57-b364-aeba38527dba,Additional Requirements,3649e9d1-4e09-59bf-8f30-cb33c40cf117,"Certificate Holder must read: c/o Block Real Estate Services, LLC, 4622 Pennsylvania St., Suite 700, Kansas City, MO, 64112",,matchOnce,must be present,,,non_compliant,Block Requirements,,,true,0,,2026-08-16
"Block Real Estate Services, LLC",69fdf7b562446148bd85c443,69fded1e62446148bd8490cc,"Psychology Office Management, Inc.",69fdf1fad3bfa5e4945e603a,"tic752 - Plaza Corporate Centre {Prom Motor Hotel, Inc.}",evidenceOfInsurance,Evidence of Insurance,commercialGeneralLiability,Commercial General Liability,evidenceOfInsuranceCommercialGeneralLiabilityCoverageTriggerOccurrence,Coverage Trigger: Occurrence,,matchOnce,must be present,,,non_compliant,Block Requirements,,,false,0,,2026-08-16
"Block Real Estate Services, LLC",69fdf7b562446148bd85c443,69fded1e62446148bd8490cc,"Psychology Office Management, Inc.",69fdf1fad3bfa5e4945e603a,"tic752 - Plaza Corporate Centre {Prom Motor Hotel, Inc.}",evidenceOfInsurance,Evidence of Insurance,commercialGeneralLiability,Commercial General Liability,evidenceOfInsuranceCommercialGeneralLiabilityGeneralAggregateLimitAppliesPerLocation,General Aggregate Limit Applies per: Location,,matchOnce,must be present,,Present,waived,Block Requirements,Per location not a requirement in the lease,,false,1,,2026-08-16
"Block Real Estate Services, LLC",69fdf7b562446148bd85c443,69fded1e62446148bd8490cc,"Psychology Office Management, Inc.",69fdf1fad3bfa5e4945e603a,"tic752 - Plaza Corporate Centre {Prom Motor Hotel, Inc.}",evidenceOfInsurance,Evidence of Insurance,commercialGeneralLiability,Commercial General Liability,evidenceOfInsuranceCommercialGeneralLiabilityEachOccurrence,Each Occurrence,,matchOnce,must be greater or equal to,1000000,2000000,compliant,Block Requirements,,,false,1,,2026-08-16
"Block Real Estate Services, LLC",69fdf7b562446148bd85c443,69fded1e62446148bd8490cc,"Psychology Office Management, Inc.",69fdf1fad3bfa5e4945e603a,"tic752 - Plaza Corporate Centre {Prom Motor Hotel, Inc.}",evidenceOfInsurance,Evidence of Insurance,commercialGeneralLiability,Commercial General Liability,evidenceOfInsuranceCommercialGeneralLiabilityGeneralAggregate,General Aggregate,,matchOnce,must be greater or equal to,2000000,4000000,compliant,Block Requirements,,,false,1,,2026-08-16
"Block Real Estate Services, LLC",69fdf7b562446148bd85c443,69fded1e62446148bd8490cc,"Psychology Office Management, Inc.",69fdf1fad3bfa5e4945e603a,"tic752 - Plaza Corporate Centre {Prom Motor Hotel, Inc.}",evidenceOfInsurance,Evidence of Insurance,commercialGeneralLiability,Commercial General Liability,evidenceOfInsuranceCommercialGeneralLiabilityWaiverOfSubrogationEndorsement,Waiver of Subrogation,"---prompt---
Determine if the insurer has waived their right of subrogation in favor of the certificate holder under the Commercial General Liability policy. Evidence may include: a checked ""Waiver of Subrogation"" box on the certificate, mention in the Description of Operations section stating ""waiver of subrogation applies"", or reference to form CG 24 04. Look for language like ""subrogation is waived"" or ""per written contract"".",matchOnce,must be present,,Present,compliant,Block Requirements,,,false,1,,2026-08-16
"Block Real Estate Services, LLC",69fdf7b562446148bd85c443,69fded1e62446148bd8490cc,"Psychology Office Management, Inc.",69fdf1fad3bfa5e4945e603a,"tic752 - Plaza Corporate Centre {Prom Motor Hotel, Inc.}",evidenceOfInsurance,Evidence of Insurance,excessOrUmbrellaLiability,Umbrella/Excess Liability,evidenceOfInsuranceExcessOrUmbrellaLiabilityOccurence,Coverage Trigger: Occurrence,,matchOnce,must be present,,,waived,Block Requirements,,,false,0,,2026-08-16
"Block Real Estate Services, LLC",69fdf7b562446148bd85c443,69fded1e62446148bd8490cc,"Psychology Office Management, Inc.",69fdf1fad3bfa5e4945e603a,"tic752 - Plaza Corporate Centre {Prom Motor Hotel, Inc.}",evidenceOfInsurance,Evidence of Insurance,excessOrUmbrellaLiability,Umbrella/Excess Liability,evidenceOfInsuranceExcessOrUmbrellaLiabilityEachOccurrence,Each Occurrence,,matchOnce,must be greater or equal to,1000000,,waived,Block Requirements,,,false,0,,2026-08-16
"Block Real Estate Services, LLC",69fdf7b562446148bd85c443,69fded1e62446148bd8490cc,"Psychology Office Management, Inc.",69fdf1fad3bfa5e4945e603a,"tic752 - Plaza Corporate Centre {Prom Motor Hotel, Inc.}",evidenceOfInsurance,Evidence of Insurance,excessOrUmbrellaLiability,Umbrella/Excess Liability,evidenceOfInsuranceExcessOrUmbrellaLiabilityAggregate,Aggregate,,matchOnce,must be greater or equal to,1000000,,waived,Block Requirements,,,false,0,,2026-08-16
"Block Real Estate Services, LLC",69fdf7b562446148bd85c443,69fded1e62446148bd8490cc,"Psychology Office Management, Inc.",69fdf1fad3bfa5e4945e603a,"tic752 - Plaza Corporate Centre {Prom Motor Hotel, Inc.}",evidenceOfInsurance,Evidence of Insurance,workersCompensation,Workers' Compensation and Employer's Liability,evidenceOfInsuranceWorkersCompensationStatutoryLimits,Statutory Limits,,matchOnce,must be present,,,non_compliant,Block Requirements,,,false,0,,2026-08-16
"Block Real Estate Services, LLC",69fdf7b562446148bd85c443,69fded1e62446148bd8490cc,"Psychology Office Management, Inc.",69fdf1fad3bfa5e4945e603a,"tic752 - Plaza Corporate Centre {Prom Motor Hotel, Inc.}",evidenceOfInsurance,Evidence of Insurance,workersCompensation,Workers' Compensation and Employer's Liability,evidenceOfInsuranceWorkersCompensationEmployersLiabilityEachAccident,Employer's Liability Each Accident,,matchOnce,must be greater or equal to,500000,100000,waived,Block Requirements,WC limits not required in lease,,false,1,,2026-08-16
"Block Real Estate Services, LLC",69fdf7b562446148bd85c443,69fded1e62446148bd8490cc,"Psychology Office Management, Inc.",69fdf1fad3bfa5e4945e603a,"tic752 - Plaza Corporate Centre {Prom Motor Hotel, Inc.}",evidenceOfInsurance,Evidence of Insurance,workersCompensation,Workers' Compensation and Employer's Liability,evidenceOfInsuranceWorkersCompensationEmployersLiabilityDiseaseEachEmployee,Employer's Liability Disease - each employee,,matchOnce,must be greater or equal to,500000,100000,waived,Block Requirements,WC limits not required in lease,,false,1,,2026-08-16
"Block Real Estate Services, LLC",69fdf7b562446148bd85c443,69fded1e62446148bd8490cc,"Psychology Office Management, Inc.",69fdf1fad3bfa5e4945e603a,"tic752 - Plaza Corporate Centre {Prom Motor Hotel, Inc.}",evidenceOfInsurance,Evidence of Insurance,workersCompensation,Workers' Compensation and Employer's Liability,evidenceOfInsuranceWorkersCompensationEmployersLiabilityDiseasePolicyLimit,Employer's Liability Disease - policy limit,,matchOnce,must be greater or equal to,500000,500000,waived,Block Requirements,WC limits not required in lease,,false,1,,2026-08-16
"Block Real Estate Services, LLC",69fdf7b562446148bd85c443,69fded1e62446148bd8490cc,"Psychology Office Management, Inc.",69fdf1fad3bfa5e4945e603a,"tic752 - Plaza Corporate Centre {Prom Motor Hotel, Inc.}",evidenceOfInsurance,Evidence of Insurance,workersCompensation,Workers' Compensation and Employer's Liability,evidenceOfInsuranceWorkersCompensationWaiverOfSubrogationEndorsement,Waiver of Subrogation,"---prompt---
Determine if the insurer has waived their right of subrogation in favor of the certificate holder under the Workers' Compensation policy. Evidence may include: a checked ""Waiver of Subrogation"" box on the certificate, mention in the Description of Operations section stating ""waiver of subrogation applies"", or reference to form WC 00 03 13. Look for language like ""subrogation is waived"" or ""per written contract"".",matchOnce,must be present,,Present,compliant,Block Requirements,,,false,1,,2026-08-16
"Block Real Estate Services, LLC",69fdf7b562446148bd85c443,69fded1e62446148bd8490cc,"Psychology Office Management, Inc.",69fdf1fad3bfa5e4945e603a,"tic752 - Plaza Corporate Centre {Prom Motor Hotel, Inc.}",evidenceOfInsurance,Evidence of Insurance,6ac20aae-5728-5d57-b364-aeba38527dba,Additional Requirements,4da5b0f1-4c9d-5885-8cf8-5d3cccaed3e0,"Block Real Estate Services, LLC and all others required by contract are named as Additional Insureds","---prompt---
Determine if the Description of Operations or the Additional Remarks Schedule section states the ""Additional Insured as Construction Management, Inc. and all others required by contract"" or reference to blanket additional insured coverage. Look for language like ""certificate holder is additional insured"" or ""per written contract"".",matchOnce,must be present,,Present,compliant,Block Requirements,,,true,1,,2026-08-16
"Block Real Estate Services, LLC",69fdf7b562446148bd85c443,69fded1e62446148bd8490cc,"Psychology Office Management, Inc.",69fdf1fad3bfa5e4945e603a,"tic752 - Plaza Corporate Centre {Prom Motor Hotel, Inc.}",evidenceOfInsurance,Evidence of Insurance,6ac20aae-5728-5d57-b364-aeba38527dba,Additional Requirements,e1017741-e47e-5f58-97b8-fbc3043e919f,Umbrella follows form over General Liability,"---prompt---
Determine if the Umbrella/Excess Liability policy follows form to the underlying policies. Evidence may include: language in the Description of Operations section stating the umbrella follows form to underlying coverages or an additional page endorsement stating that it follows form. Follow form means the umbrella policy adopts the same terms, conditions, and exclusions as the underlying policies.",matchOnce,must be present,,,waived,Block Requirements,Umbrella Liability not a requirement in the lease,,true,0,,2026-08-16
"Block Real Estate Services, LLC",69fdf7b562446148bd85c443,69fded1e62446148bd8490cc,"Psychology Office Management, Inc.",69fdf1fad3bfa5e4945e603a,"tic752 - Plaza Corporate Centre {Prom Motor Hotel, Inc.}",evidenceOfInsurance,Evidence of Insurance,6ac20aae-5728-5d57-b364-aeba38527dba,Additional Requirements,2cdd866f-c9a4-576a-afd8-1d045762790c,The location must be listed as: 800 W. 47th Street Suite 630 Kansas City MO 64112,,matchOnce,must be present,,Present,compliant,Block Requirements,,,true,1,,2026-08-16
"Block Real Estate Services, LLC",69fdf7b562446148bd85c443,69fded1e62446148bd8490cc,"Psychology Office Management, Inc.",69fdf1fad3bfa5e4945e603a,"tic752 - Plaza Corporate Centre {Prom Motor Hotel, Inc.}",evidenceOfInsurance,Evidence of Insurance,6ac20aae-5728-5d57-b364-aeba38527dba,Additional Requirements,3649e9d1-4e09-59bf-8f30-cb33c40cf117,"Certificate Holder must read: c/o Block Real Estate Services, LLC, 4622 Pennsylvania St., Suite 700, Kansas City, MO, 64112",,matchOnce,must be present,,Present,compliant,Block Requirements,,,true,1,,2026-08-16
"Block Real Estate Services, LLC",69fdf7b562446148bd85c43d,69fded1362446148bd848d4b,Edward D Jones & Co LP,69fdf1fad3bfa5e4945e603a,"tic752 - Plaza Corporate Centre {Prom Motor Hotel, Inc.}",evidenceOfInsurance,Evidence of Insurance,commercialGeneralLiability,Commercial General Liability,evidenceOfInsuranceCommercialGeneralLiabilityCoverageTriggerOccurrence,Coverage Trigger: Occurrence,,matchOnce,must be present,,,non_compliant,Block Requirements,,,false,0,,2026-08-16
"Block Real Estate Services, LLC",69fdf7b562446148bd85c43d,69fded1362446148bd848d4b,Edward D Jones & Co LP,69fdf1fad3bfa5e4945e603a,"tic752 - Plaza Corporate Centre {Prom Motor Hotel, Inc.}",evidenceOfInsurance,Evidence of Insurance,commercialGeneralLiability,Commercial General Liability,evidenceOfInsuranceCommercialGeneralLiabilityGeneralAggregateLimitAppliesPerLocation,General Aggregate Limit Applies per: Location,,matchOnce,must be present,,,non_compliant,Block Requirements,,,false,0,,2026-08-16
"Block Real Estate Services, LLC",69fdf7b562446148bd85c43d,69fded1362446148bd848d4b,Edward D Jones & Co LP,69fdf1fad3bfa5e4945e603a,"tic752 - Plaza Corporate Centre {Prom Motor Hotel, Inc.}",evidenceOfInsurance,Evidence of Insurance,commercialGeneralLiability,Commercial General Liability,evidenceOfInsuranceCommercialGeneralLiabilityEachOccurrence,Each Occurrence,,matchOnce,must be greater or equal to,1000000,,non_compliant,Block Requirements,,,false,0,,2026-08-16
"Block Real Estate Services, LLC",69fdf7b562446148bd85c43d,69fded1362446148bd848d4b,Edward D Jones & Co LP,69fdf1fad3bfa5e4945e603a,"tic752 - Plaza Corporate Centre {Prom Motor Hotel, Inc.}",evidenceOfInsurance,Evidence of Insurance,commercialGeneralLiability,Commercial General Liability,evidenceOfInsuranceCommercialGeneralLiabilityGeneralAggregate,General Aggregate,,matchOnce,must be greater or equal to,2000000,,non_compliant,Block Requirements,,,false,0,,2026-08-16
"Block Real Estate Services, LLC",69fdf7b562446148bd85c43d,69fded1362446148bd848d4b,Edward D Jones & Co LP,69fdf1fad3bfa5e4945e603a,"tic752 - Plaza Corporate Centre {Prom Motor Hotel, Inc.}",evidenceOfInsurance,Evidence of Insurance,commercialGeneralLiability,Commercial General Liability,evidenceOfInsuranceCommercialGeneralLiabilityWaiverOfSubrogationEndorsement,Waiver of Subrogation,"---prompt---
Determine if the insurer has waived their right of subrogation in favor of the certificate holder under the Commercial General Liability policy. Evidence may include: a checked ""Waiver of Subrogation"" box on the certificate, mention in the Description of Operations section stating ""waiver of subrogation applies"", or reference to form CG 24 04. Look for language like ""subrogation is waived"" or ""per written contract"".",matchOnce,must be present,,,non_compliant,Block Requirements,,,false,0,,2026-08-16
"Block Real Estate Services, LLC",69fdf7b562446148bd85c43d,69fded1362446148bd848d4b,Edward D Jones & Co LP,69fdf1fad3bfa5e4945e603a,"tic752 - Plaza Corporate Centre {Prom Motor Hotel, Inc.}",evidenceOfInsurance,Evidence of Insurance,excessOrUmbrellaLiability,Umbrella/Excess Liability,evidenceOfInsuranceExcessOrUmbrellaLiabilityOccurence,Coverage Trigger: Occurrence,,matchOnce,must be present,,,non_compliant,Block Requirements,,,false,0,,2026-08-16
"Block Real Estate Services, LLC",69fdf7b562446148bd85c43d,69fded1362446148bd848d4b,Edward D Jones & Co LP,69fdf1fad3bfa5e4945e603a,"tic752 - Plaza Corporate Centre {Prom Motor Hotel, Inc.}",evidenceOfInsurance,Evidence of Insurance,excessOrUmbrellaLiability,Umbrella/Excess Liability,evidenceOfInsuranceExcessOrUmbrellaLiabilityEachOccurrence,Each Occurrence,,matchOnce,must be greater or equal to,1000000,,non_compliant,Block Requirements,,,false,0,,2026-08-16
"Block Real Estate Services, LLC",69fdf7b562446148bd85c43d,69fded1362446148bd848d4b,Edward D Jones & Co LP,69fdf1fad3bfa5e4945e603a,"tic752 - Plaza Corporate Centre {Prom Motor Hotel, Inc.}",evidenceOfInsurance,Evidence of Insurance,excessOrUmbrellaLiability,Umbrella/Excess Liability,evidenceOfInsuranceExcessOrUmbrellaLiabilityAggregate,Aggregate,,matchOnce,must be greater or equal to,1000000,,non_compliant,Block Requirements,,,false,0,,2026-08-16
"Block Real Estate Services, LLC",69fdf7b562446148bd85c43d,69fded1362446148bd848d4b,Edward D Jones & Co LP,69fdf1fad3bfa5e4945e603a,"tic752 - Plaza Corporate Centre {Prom Motor Hotel, Inc.}",evidenceOfInsurance,Evidence of Insurance,workersCompensation,Workers' Compensation and Employer's Liability,evidenceOfInsuranceWorkersCompensationStatutoryLimits,Statutory Limits,,matchOnce,must be present,,,non_compliant,Block Requirements,,,false,0,,2026-08-16
"Block Real Estate Services, LLC",69fdf7b562446148bd85c43d,69fded1362446148bd848d4b,Edward D Jones & Co LP,69fdf1fad3bfa5e4945e603a,"tic752 - Plaza Corporate Centre {Prom Motor Hotel, Inc.}",evidenceOfInsurance,Evidence of Insurance,workersCompensation,Workers' Compensation and Employer's Liability,evidenceOfInsuranceWorkersCompensationEmployersLiabilityEachAccident,Employer's Liability Each Accident,,matchOnce,must be greater or equal to,500000,,non_compliant,Block Requirements,,,false,0,,2026-08-16
"Block Real Estate Services, LLC",69fdf7b562446148bd85c43d,69fded1362446148bd848d4b,Edward D Jones & Co LP,69fdf1fad3bfa5e4945e603a,"tic752 - Plaza Corporate Centre {Prom Motor Hotel, Inc.}",evidenceOfInsurance,Evidence of Insurance,workersCompensation,Workers' Compensation and Employer's Liability,evidenceOfInsuranceWorkersCompensationEmployersLiabilityDiseaseEachEmployee,Employer's Liability Disease - each employee,,matchOnce,must be greater or equal to,500000,,non_compliant,Block Requirements,,,false,0,,2026-08-16
"Block Real Estate Services, LLC",69fdf7b562446148bd85c43d,69fded1362446148bd848d4b,Edward D Jones & Co LP,69fdf1fad3bfa5e4945e603a,"tic752 - Plaza Corporate Centre {Prom Motor Hotel, Inc.}",evidenceOfInsurance,Evidence of Insurance,workersCompensation,Workers' Compensation and Employer's Liability,evidenceOfInsuranceWorkersCompensationEmployersLiabilityDiseasePolicyLimit,Employer's Liability Disease - policy limit,,matchOnce,must be greater or equal to,500000,,non_compliant,Block Requirements,,,false,0,,2026-08-16
"Block Real Estate Services, LLC",69fdf7b562446148bd85c43d,69fded1362446148bd848d4b,Edward D Jones & Co LP,69fdf1fad3bfa5e4945e603a,"tic752 - Plaza Corporate Centre {Prom Motor Hotel, Inc.}",evidenceOfInsurance,Evidence of Insurance,workersCompensation,Workers' Compensation and Employer's Liability,evidenceOfInsuranceWorkersCompensationWaiverOfSubrogationEndorsement,Waiver of Subrogation,"---prompt---
Determine if the insurer has waived their right of subrogation in favor of the certificate holder under the Workers' Compensation policy. Evidence may include: a checked ""Waiver of Subrogation"" box on the certificate, mention in the Description of Operations section stating ""waiver of subrogation applies"", or reference to form WC 00 03 13. Look for language like ""subrogation is waived"" or ""per written contract"".",matchOnce,must be present,,,non_compliant,Block Requirements,,,false,0,,2026-08-16
"Block Real Estate Services, LLC",69fdf7b562446148bd85c43d,69fded1362446148bd848d4b,Edward D Jones & Co LP,69fdf1fad3bfa5e4945e603a,"tic752 - Plaza Corporate Centre {Prom Motor Hotel, Inc.}",evidenceOfInsurance,Evidence of Insurance,6ac20aae-5728-5d57-b364-aeba38527dba,Additional Requirements,4da5b0f1-4c9d-5885-8cf8-5d3cccaed3e0,"Block Real Estate Services, LLC and all others required by contract are named as Additional Insureds","---prompt---
Determine if the Description of Operations or the Additional Remarks Schedule section states the ""Additional Insured as Construction Management, Inc. and all others required by contract"" or reference to blanket additional insured coverage. Look for language like ""certificate holder is additional insured"" or ""per written contract"".",matchOnce,must be present,,,non_compliant,Block Requirements,,,true,0,,2026-08-16
"Block Real Estate Services, LLC",69fdf7b562446148bd85c43d,69fded1362446148bd848d4b,Edward D Jones & Co LP,69fdf1fad3bfa5e4945e603a,"tic752 - Plaza Corporate Centre {Prom Motor Hotel, Inc.}",evidenceOfInsurance,Evidence of Insurance,6ac20aae-5728-5d57-b364-aeba38527dba,Additional Requirements,e1017741-e47e-5f58-97b8-fbc3043e919f,Umbrella follows form over General Liability,"---prompt---
Determine if the Umbrella/Excess Liability policy follows form to the underlying policies. Evidence may include: language in the Description of Operations section stating the umbrella follows form to underlying coverages or an additional page endorsement stating that it follows form. Follow form means the umbrella policy adopts the same terms, conditions, and exclusions as the underlying policies.",matchOnce,must be present,,,non_compliant,Block Requirements,,,true,0,,2026-08-16
"Block Real Estate Services, LLC",69fdf7b562446148bd85c43d,69fded1362446148bd848d4b,Edward D Jones & Co LP,69fdf1fad3bfa5e4945e603a,"tic752 - Plaza Corporate Centre {Prom Motor Hotel, Inc.}",evidenceOfInsurance,Evidence of Insurance,6ac20aae-5728-5d57-b364-aeba38527dba,Additional Requirements,2cdd866f-c9a4-576a-afd8-1d045762790c,The location must be listed as: 800 W. 47th Street Suite 711 Kansas City MO 64112,,matchOnce,must be present,,,non_compliant,Block Requirements,,,true,0,,2026-08-16
"Block Real Estate Services, LLC",69fdf7b562446148bd85c43d,69fded1362446148bd848d4b,Edward D Jones & Co LP,69fdf1fad3bfa5e4945e603a,"tic752 - Plaza Corporate Centre {Prom Motor Hotel, Inc.}",evidenceOfInsurance,Evidence of Insurance,6ac20aae-5728-5d57-b364-aeba38527dba,Additional Requirements,3649e9d1-4e09-59bf-8f30-cb33c40cf117,"Certificate Holder must read: c/o Block Real Estate Services, LLC, 4622 Pennsylvania St., Suite 700, Kansas City, MO, 64112",,matchOnce,must be present,,,non_compliant,Block Requirements,,,true,0,,2026-08-16
"Block Real Estate Services, LLC",69fdf7b562446148bd85c441,69fded1b62446148bd848f97,"Melcher Investment Company, LP",69fdf1fad3bfa5e4945e603a,"tic752 - Plaza Corporate Centre {Prom Motor Hotel, Inc.}",evidenceOfInsurance,Evidence of Insurance,commercialGeneralLiability,Commercial General Liability,evidenceOfInsuranceCommercialGeneralLiabilityCoverageTriggerOccurrence,Coverage Trigger: Occurrence,,matchOnce,must be present,,Present,compliant,Block Requirements,,,false,1,,2026-08-16
"Block Real Estate Services, LLC",69fdf7b562446148bd85c441,69fded1b62446148bd848f97,"Melcher Investment Company, LP",69fdf1fad3bfa5e4945e603a,"tic752 - Plaza Corporate Centre {Prom Motor Hotel, Inc.}",evidenceOfInsurance,Evidence of Insurance,commercialGeneralLiability,Commercial General Liability,evidenceOfInsuranceCommercialGeneralLiabilityGeneralAggregateLimitAppliesPerLocation,General Aggregate Limit Applies per: Location,,matchOnce,must be present,,,non_compliant,Block Requirements,,,false,0,,2026-08-16
"Block Real Estate Services, LLC",69fdf7b562446148bd85c441,69fded1b62446148bd848f97,"Melcher Investment Company, LP",69fdf1fad3bfa5e4945e603a,"tic752 - Plaza Corporate Centre {Prom Motor Hotel, Inc.}",evidenceOfInsurance,Evidence of Insurance,commercialGeneralLiability,Commercial General Liability,evidenceOfInsuranceCommercialGeneralLiabilityEachOccurrence,Each Occurrence,,matchOnce,must be greater or equal to,1000000,1000000,compliant,Block Requirements,,,false,1,,2026-08-16
"Block Real Estate Services, LLC",69fdf7b562446148bd85c441,69fded1b62446148bd848f97,"Melcher Investment Company, LP",69fdf1fad3bfa5e4945e603a,"tic752 - Plaza Corporate Centre {Prom Motor Hotel, Inc.}",evidenceOfInsurance,Evidence of Insurance,commercialGeneralLiability,Commercial General Liability,evidenceOfInsuranceCommercialGeneralLiabilityGeneralAggregate,General Aggregate,,matchOnce,must be greater or equal to,2000000,2000000,compliant,Block Requirements,,,false,1,,2026-08-16
"Block Real Estate Services, LLC",69fdf7b562446148bd85c441,69fded1b62446148bd848f97,"Melcher Investment Company, LP",69fdf1fad3bfa5e4945e603a,"tic752 - Plaza Corporate Centre {Prom Motor Hotel, Inc.}",evidenceOfInsurance,Evidence of Insurance,commercialGeneralLiability,Commercial General Liability,evidenceOfInsuranceCommercialGeneralLiabilityWaiverOfSubrogationEndorsement,Waiver of Subrogation,"---prompt---
Determine if the insurer has waived their right of subrogation in favor of the certificate holder under the Commercial General Liability policy. Evidence may include: a checked ""Waiver of Subrogation"" box on the certificate, mention in the Description of Operations section stating ""waiver of subrogation applies"", or reference to form CG 24 04. Look for language like ""subrogation is waived"" or ""per written contract"".",matchOnce,must be present,,Present,compliant,Block Requirements,,,false,1,,2026-08-16
"Block Real Estate Services, LLC",69fdf7b562446148bd85c441,69fded1b62446148bd848f97,"Melcher Investment Company, LP",69fdf1fad3bfa5e4945e603a,"tic752 - Plaza Corporate Centre {Prom Motor Hotel, Inc.}",evidenceOfInsurance,Evidence of Insurance,excessOrUmbrellaLiability,Umbrella/Excess Liability,evidenceOfInsuranceExcessOrUmbrellaLiabilityOccurence,Coverage Trigger: Occurrence,,matchOnce,must be present,,,non_compliant,Block Requirements,,,false,0,,2026-08-16
"Block Real Estate Services, LLC",69fdf7b562446148bd85c441,69fded1b62446148bd848f97,"Melcher Investment Company, LP",69fdf1fad3bfa5e4945e603a,"tic752 - Plaza Corporate Centre {Prom Motor Hotel, Inc.}",evidenceOfInsurance,Evidence of Insurance,excessOrUmbrellaLiability,Umbrella/Excess Liability,evidenceOfInsuranceExcessOrUmbrellaLiabilityEachOccurrence,Each Occurrence,,matchOnce,must be greater or equal to,1000000,,non_compliant,Block Requirements,,,false,0,,2026-08-16
"Block Real Estate Services, LLC",69fdf7b562446148bd85c441,69fded1b62446148bd848f97,"Melcher Investment Company, LP",69fdf1fad3bfa5e4945e603a,"tic752 - Plaza Corporate Centre {Prom Motor Hotel, Inc.}",evidenceOfInsurance,Evidence of Insurance,excessOrUmbrellaLiability,Umbrella/Excess Liability,evidenceOfInsuranceExcessOrUmbrellaLiabilityAggregate,Aggregate,,matchOnce,must be greater or equal to,1000000,,non_compliant,Block Requirements,,,false,0,,2026-08-16
"Block Real Estate Services, LLC",69fdf7b562446148bd85c441,69fded1b62446148bd848f97,"Melcher Investment Company, LP",69fdf1fad3bfa5e4945e603a,"tic752 - Plaza Corporate Centre {Prom Motor Hotel, Inc.}",evidenceOfInsurance,Evidence of Insurance,workersCompensation,Workers' Compensation and Employer's Liability,evidenceOfInsuranceWorkersCompensationStatutoryLimits,Statutory Limits,,matchOnce,must be present,,Present,compliant,Block Requirements,,,false,1,,2026-08-16
"Block Real Estate Services, LLC",69fdf7b562446148bd85c441,69fded1b62446148bd848f97,"Melcher Investment Company, LP",69fdf1fad3bfa5e4945e603a,"tic752 - Plaza Corporate Centre {Prom Motor Hotel, Inc.}",evidenceOfInsurance,Evidence of Insurance,workersCompensation,Workers' Compensation and Employer's Liability,evidenceOfInsuranceWorkersCompensationEmployersLiabilityEachAccident,Employer's Liability Each Accident,,matchOnce,must be greater or equal to,500000,100000,non_compliant,Block Requirements,,,false,1,,2026-08-16
"Block Real Estate Services, LLC",69fdf7b562446148bd85c441,69fded1b62446148bd848f97,"Melcher Investment Company, LP",69fdf1fad3bfa5e4945e603a,"tic752 - Plaza Corporate Centre {Prom Motor Hotel, Inc.}",evidenceOfInsurance,Evidence of Insurance,workersCompensation,Workers' Compensation and Employer's Liability,evidenceOfInsuranceWorkersCompensationEmployersLiabilityDiseaseEachEmployee,Employer's Liability Disease - each employee,,matchOnce,must be greater or equal to,500000,100000,non_compliant,Block Requirements,,,false,1,,2026-08-16
"Block Real Estate Services, LLC",69fdf7b562446148bd85c441,69fded1b62446148bd848f97,"Melcher Investment Company, LP",69fdf1fad3bfa5e4945e603a,"tic752 - Plaza Corporate Centre {Prom Motor Hotel, Inc.}",evidenceOfInsurance,Evidence of Insurance,workersCompensation,Workers' Compensation and Employer's Liability,evidenceOfInsuranceWorkersCompensationEmployersLiabilityDiseasePolicyLimit,Employer's Liability Disease - policy limit,,matchOnce,must be greater or equal to,500000,500000,compliant,Block Requirements,,,false,1,,2026-08-16
"Block Real Estate Services, LLC",69fdf7b562446148bd85c441,69fded1b62446148bd848f97,"Melcher Investment Company, LP",69fdf1fad3bfa5e4945e603a,"tic752 - Plaza Corporate Centre {Prom Motor Hotel, Inc.}",evidenceOfInsurance,Evidence of Insurance,workersCompensation,Workers' Compensation and Employer's Liability,evidenceOfInsuranceWorkersCompensationWaiverOfSubrogationEndorsement,Waiver of Subrogation,"---prompt---
Determine if the insurer has waived their right of subrogation in favor of the certificate holder under the Workers' Compensation policy. Evidence may include: a checked ""Waiver of Subrogation"" box on the certificate, mention in the Description of Operations section stating ""waiver of subrogation applies"", or reference to form WC 00 03 13. Look for language like ""subrogation is waived"" or ""per written contract"".",matchOnce,must be present,,Present,compliant,Block Requirements,,,false,1,,2026-08-16
"Block Real Estate Services, LLC",69fdf7b562446148bd85c441,69fded1b62446148bd848f97,"Melcher Investment Company, LP",69fdf1fad3bfa5e4945e603a,"tic752 - Plaza Corporate Centre {Prom Motor Hotel, Inc.}",evidenceOfInsurance,Evidence of Insurance,6ac20aae-5728-5d57-b364-aeba38527dba,Additional Requirements,4da5b0f1-4c9d-5885-8cf8-5d3cccaed3e0,"Block Real Estate Services, LLC and all others required by contract are named as Additional Insureds","---prompt---
Determine if the Description of Operations or the Additional Remarks Schedule section states the ""Additional Insured as Construction Management, Inc. and all others required by contract"" or reference to blanket additional insured coverage. Look for language like ""certificate holder is additional insured"" or ""per written contract"".",matchOnce,must be present,,Present,compliant,Block Requirements,,,true,1,,2026-08-16
"Block Real Estate Services, LLC",69fdf7b562446148bd85c441,69fded1b62446148bd848f97,"Melcher Investment Company, LP",69fdf1fad3bfa5e4945e603a,"tic752 - Plaza Corporate Centre {Prom Motor Hotel, Inc.}",evidenceOfInsurance,Evidence of Insurance,6ac20aae-5728-5d57-b364-aeba38527dba,Additional Requirements,e1017741-e47e-5f58-97b8-fbc3043e919f,Umbrella follows form over General Liability,"---prompt---
Determine if the Umbrella/Excess Liability policy follows form to the underlying policies. Evidence may include: language in the Description of Operations section stating the umbrella follows form to underlying coverages or an additional page endorsement stating that it follows form. Follow form means the umbrella policy adopts the same terms, conditions, and exclusions as the underlying policies.",matchOnce,must be present,,,non_compliant,Block Requirements,,,true,0,,2026-08-16
"Block Real Estate Services, LLC",69fdf7b562446148bd85c441,69fded1b62446148bd848f97,"Melcher Investment Company, LP",69fdf1fad3bfa5e4945e603a,"tic752 - Plaza Corporate Centre {Prom Motor Hotel, Inc.}",evidenceOfInsurance,Evidence of Insurance,6ac20aae-5728-5d57-b364-aeba38527dba,Additional Requirements,2cdd866f-c9a4-576a-afd8-1d045762790c,The location must be listed as: 800 W. 47th Street Suite 720 Kansas City MO 64112,,matchOnce,must be present,,Present,compliant,Block Requirements,,,true,1,,2026-08-16
"Block Real Estate Services, LLC",69fdf7b562446148bd85c441,69fded1b62446148bd848f97,"Melcher Investment Company, LP",69fdf1fad3bfa5e4945e603a,"tic752 - Plaza Corporate Centre {Prom Motor Hotel, Inc.}",evidenceOfInsurance,Evidence of Insurance,6ac20aae-5728-5d57-b364-aeba38527dba,Additional Requirements,3649e9d1-4e09-59bf-8f30-cb33c40cf117,"Certificate Holder must read: c/o Block Real Estate Services, LLC, 4622 Pennsylvania St., Suite 700, Kansas City, MO, 64112",,matchOnce,must be present,,Present,compliant,Block Requirements,,,true,1,,2026-08-16
"Block Real Estate Services, LLC",6a1ee8dcea09be9823620181,69fded1562446148bd848df0,Gateway Spine & Joint LLC,69fdf1fad3bfa5e4945e603a,"tic752 - Plaza Corporate Centre {Prom Motor Hotel, Inc.}",evidenceOfInsurance,Evidence of Insurance,commercialGeneralLiability,Commercial General Liability,evidenceOfInsuranceCommercialGeneralLiabilityCoverageTriggerOccurrence,Coverage Trigger: Occurrence,,matchOnce,must be present,,Present,compliant,Block Requirements,,,false,1,,2026-08-16
"Block Real Estate Services, LLC",6a1ee8dcea09be9823620181,69fded1562446148bd848df0,Gateway Spine & Joint LLC,69fdf1fad3bfa5e4945e603a,"tic752 - Plaza Corporate Centre {Prom Motor Hotel, Inc.}",evidenceOfInsurance,Evidence of Insurance,commercialGeneralLiability,Commercial General Liability,evidenceOfInsuranceCommercialGeneralLiabilityGeneralAggregateLimitAppliesPerLocation,General Aggregate Limit Applies per: Location,,matchOnce,must be present,,Present,compliant,Block Requirements,,,false,1,,2026-08-16
"Block Real Estate Services, LLC",6a1ee8dcea09be9823620181,69fded1562446148bd848df0,Gateway Spine & Joint LLC,69fdf1fad3bfa5e4945e603a,"tic752 - Plaza Corporate Centre {Prom Motor Hotel, Inc.}",evidenceOfInsurance,Evidence of Insurance,commercialGeneralLiability,Commercial General Liability,evidenceOfInsuranceCommercialGeneralLiabilityEachOccurrence,Each Occurrence,,matchOnce,must be greater or equal to,1000000,1000000,compliant,Block Requirements,,,false,1,,2026-08-16
"Block Real Estate Services, LLC",6a1ee8dcea09be9823620181,69fded1562446148bd848df0,Gateway Spine & Joint LLC,69fdf1fad3bfa5e4945e603a,"tic752 - Plaza Corporate Centre {Prom Motor Hotel, Inc.}",evidenceOfInsurance,Evidence of Insurance,commercialGeneralLiability,Commercial General Liability,evidenceOfInsuranceCommercialGeneralLiabilityGeneralAggregate,General Aggregate,,matchOnce,must be greater or equal to,2000000,2000000,compliant,Block Requirements,,,false,1,,2026-08-16
"Block Real Estate Services, LLC",6a1ee8dcea09be9823620181,69fded1562446148bd848df0,Gateway Spine & Joint LLC,69fdf1fad3bfa5e4945e603a,"tic752 - Plaza Corporate Centre {Prom Motor Hotel, Inc.}",evidenceOfInsurance,Evidence of Insurance,commercialGeneralLiability,Commercial General Liability,evidenceOfInsuranceCommercialGeneralLiabilityWaiverOfSubrogationEndorsement,Waiver of Subrogation,"---prompt---
Determine if the insurer has waived their right of subrogation in favor of the certificate holder under the Commercial General Liability policy. Evidence may include: a checked ""Waiver of Subrogation"" box on the certificate, mention in the Description of Operations section stating ""waiver of subrogation applies"", or reference to form CG 24 04. Look for language like ""subrogation is waived"" or ""per written contract"".",matchOnce,must be present,,Present,compliant,Block Requirements,,,false,1,,2026-08-16
"Block Real Estate Services, LLC",6a1ee8dcea09be9823620181,69fded1562446148bd848df0,Gateway Spine & Joint LLC,69fdf1fad3bfa5e4945e603a,"tic752 - Plaza Corporate Centre {Prom Motor Hotel, Inc.}",evidenceOfInsurance,Evidence of Insurance,excessOrUmbrellaLiability,Umbrella/Excess Liability,evidenceOfInsuranceExcessOrUmbrellaLiabilityOccurence,Coverage Trigger: Occurrence,,matchOnce,must be present,,,non_compliant,Block Requirements,,,false,0,,2026-08-16
"Block Real Estate Services, LLC",6a1ee8dcea09be9823620181,69fded1562446148bd848df0,Gateway Spine & Joint LLC,69fdf1fad3bfa5e4945e603a,"tic752 - Plaza Corporate Centre {Prom Motor Hotel, Inc.}",evidenceOfInsurance,Evidence of Insurance,excessOrUmbrellaLiability,Umbrella/Excess Liability,evidenceOfInsuranceExcessOrUmbrellaLiabilityEachOccurrence,Each Occurrence,,matchOnce,must be greater or equal to,1000000,,non_compliant,Block Requirements,,,false,0,,2026-08-16
"Block Real Estate Services, LLC",6a1ee8dcea09be9823620181,69fded1562446148bd848df0,Gateway Spine & Joint LLC,69fdf1fad3bfa5e4945e603a,"tic752 - Plaza Corporate Centre {Prom Motor Hotel, Inc.}",evidenceOfInsurance,Evidence of Insurance,excessOrUmbrellaLiability,Umbrella/Excess Liability,evidenceOfInsuranceExcessOrUmbrellaLiabilityAggregate,Aggregate,,matchOnce,must be greater or equal to,1000000,,non_compliant,Block Requirements,,,false,0,,2026-08-16
"Block Real Estate Services, LLC",6a1ee8dcea09be9823620181,69fded1562446148bd848df0,Gateway Spine & Joint LLC,69fdf1fad3bfa5e4945e603a,"tic752 - Plaza Corporate Centre {Prom Motor Hotel, Inc.}",evidenceOfInsurance,Evidence of Insurance,workersCompensation,Workers' Compensation and Employer's Liability,evidenceOfInsuranceWorkersCompensationStatutoryLimits,Statutory Limits,,matchOnce,must be present,,,non_compliant,Block Requirements,,,false,0,,2026-08-16
"Block Real Estate Services, LLC",6a1ee8dcea09be9823620181,69fded1562446148bd848df0,Gateway Spine & Joint LLC,69fdf1fad3bfa5e4945e603a,"tic752 - Plaza Corporate Centre {Prom Motor Hotel, Inc.}",evidenceOfInsurance,Evidence of Insurance,workersCompensation,Workers' Compensation and Employer's Liability,evidenceOfInsuranceWorkersCompensationEmployersLiabilityEachAccident,Employer's Liability Each Accident,,matchOnce,must be greater or equal to,500000,,non_compliant,Block Requirements,,,false,0,,2026-08-16
"Block Real Estate Services, LLC",6a1ee8dcea09be9823620181,69fded1562446148bd848df0,Gateway Spine & Joint LLC,69fdf1fad3bfa5e4945e603a,"tic752 - Plaza Corporate Centre {Prom Motor Hotel, Inc.}",evidenceOfInsurance,Evidence of Insurance,workersCompensation,Workers' Compensation and Employer's Liability,evidenceOfInsuranceWorkersCompensationEmployersLiabilityDiseaseEachEmployee,Employer's Liability Disease - each employee,,matchOnce,must be greater or equal to,500000,,non_compliant,Block Requirements,,,false,0,,2026-08-16
"Block Real Estate Services, LLC",6a1ee8dcea09be9823620181,69fded1562446148bd848df0,Gateway Spine & Joint LLC,69fdf1fad3bfa5e4945e603a,"tic752 - Plaza Corporate Centre {Prom Motor Hotel, Inc.}",evidenceOfInsurance,Evidence of Insurance,workersCompensation,Workers' Compensation and Employer's Liability,evidenceOfInsuranceWorkersCompensationEmployersLiabilityDiseasePolicyLimit,Employer's Liability Disease - policy limit,,matchOnce,must be greater or equal to,500000,,non_compliant,Block Requirements,,,false,0,,2026-08-16
"Block Real Estate Services, LLC",6a1ee8dcea09be9823620181,69fded1562446148bd848df0,Gateway Spine & Joint LLC,69fdf1fad3bfa5e4945e603a,"tic752 - Plaza Corporate Centre {Prom Motor Hotel, Inc.}",evidenceOfInsurance,Evidence of Insurance,workersCompensation,Workers' Compensation and Employer's Liability,evidenceOfInsuranceWorkersCompensationWaiverOfSubrogationEndorsement,Waiver of Subrogation,"---prompt---
Determine if the insurer has waived their right of subrogation in favor of the certificate holder under the Workers' Compensation policy. Evidence may include: a checked ""Waiver of Subrogation"" box on the certificate, mention in the Description of Operations section stating ""waiver of subrogation applies"", or reference to form WC 00 03 13. Look for language like ""subrogation is waived"" or ""per written contract"".",matchOnce,must be present,,,non_compliant,Block Requirements,,,false,0,,2026-08-16
"Block Real Estate Services, LLC",6a1ee8dcea09be9823620181,69fded1562446148bd848df0,Gateway Spine & Joint LLC,69fdf1fad3bfa5e4945e603a,"tic752 - Plaza Corporate Centre {Prom Motor Hotel, Inc.}",evidenceOfInsurance,Evidence of Insurance,6ac20aae-5728-5d57-b364-aeba38527dba,Additional Requirements,4da5b0f1-4c9d-5885-8cf8-5d3cccaed3e0,"Block Real Estate Services, LLC and all others required by contract are named as Additional Insureds","---prompt---
Determine if the Description of Operations or the Additional Remarks Schedule section states the ""Additional Insured as Construction Management, Inc. and all others required by contract"" or reference to blanket additional insured coverage. Look for language like ""certificate holder is additional insured"" or ""per written contract"".",matchOnce,must be present,,,non_compliant,Block Requirements,,,true,0,,2026-08-16
"Block Real Estate Services, LLC",6a1ee8dcea09be9823620181,69fded1562446148bd848df0,Gateway Spine & Joint LLC,69fdf1fad3bfa5e4945e603a,"tic752 - Plaza Corporate Centre {Prom Motor Hotel, Inc.}",evidenceOfInsurance,Evidence of Insurance,6ac20aae-5728-5d57-b364-aeba38527dba,Additional Requirements,e1017741-e47e-5f58-97b8-fbc3043e919f,Umbrella follows form over General Liability,"---prompt---
Determine if the Umbrella/Excess Liability policy follows form to the underlying policies. Evidence may include: language in the Description of Operations section stating the umbrella follows form to underlying coverages or an additional page endorsement stating that it follows form. Follow form means the umbrella policy adopts the same terms, conditions, and exclusions as the underlying policies.",matchOnce,must be present,,,non_compliant,Block Requirements,,,true,0,,2026-08-16
"Block Real Estate Services, LLC",6a1ee8dcea09be9823620181,69fded1562446148bd848df0,Gateway Spine & Joint LLC,69fdf1fad3bfa5e4945e603a,"tic752 - Plaza Corporate Centre {Prom Motor Hotel, Inc.}",evidenceOfInsurance,Evidence of Insurance,6ac20aae-5728-5d57-b364-aeba38527dba,Additional Requirements,2cdd866f-c9a4-576a-afd8-1d045762790c,The location must be listed as: 800 W. 47th Street Suite 001/Basement Kansas City MO 64112,,matchOnce,must be present,,,non_compliant,Block Requirements,,,true,0,,2026-08-16
"Block Real Estate Services, LLC",6a1ee8dcea09be9823620181,69fded1562446148bd848df0,Gateway Spine & Joint LLC,69fdf1fad3bfa5e4945e603a,"tic752 - Plaza Corporate Centre {Prom Motor Hotel, Inc.}",evidenceOfInsurance,Evidence of Insurance,6ac20aae-5728-5d57-b364-aeba38527dba,Additional Requirements,3649e9d1-4e09-59bf-8f30-cb33c40cf117,"Certificate Holder must read: c/o Block Real Estate Services, LLC, 4622 Pennsylvania St., Suite 700, Kansas City, MO, 64112",,matchOnce,must be present,,,non_compliant,Block Requirements,,,true,0,,2026-08-16
"Block Real Estate Services, LLC",6a1ee8dcea09be9823620182,69fded1562446148bd848df0,Gateway Spine & Joint LLC,69fdf1fad3bfa5e4945e603a,"tic752 - Plaza Corporate Centre {Prom Motor Hotel, Inc.}",evidenceOfInsurance,Evidence of Insurance,commercialGeneralLiability,Commercial General Liability,evidenceOfInsuranceCommercialGeneralLiabilityCoverageTriggerOccurrence,Coverage Trigger: Occurrence,,matchOnce,must be present,,Present,compliant,Block Requirements,,,false,1,,2026-08-16
"Block Real Estate Services, LLC",6a1ee8dcea09be9823620182,69fded1562446148bd848df0,Gateway Spine & Joint LLC,69fdf1fad3bfa5e4945e603a,"tic752 - Plaza Corporate Centre {Prom Motor Hotel, Inc.}",evidenceOfInsurance,Evidence of Insurance,commercialGeneralLiability,Commercial General Liability,evidenceOfInsuranceCommercialGeneralLiabilityGeneralAggregateLimitAppliesPerLocation,General Aggregate Limit Applies per: Location,,matchOnce,must be present,,Present,compliant,Block Requirements,,,false,1,,2026-08-16
"Block Real Estate Services, LLC",6a1ee8dcea09be9823620182,69fded1562446148bd848df0,Gateway Spine & Joint LLC,69fdf1fad3bfa5e4945e603a,"tic752 - Plaza Corporate Centre {Prom Motor Hotel, Inc.}",evidenceOfInsurance,Evidence of Insurance,commercialGeneralLiability,Commercial General Liability,evidenceOfInsuranceCommercialGeneralLiabilityEachOccurrence,Each Occurrence,,matchOnce,must be greater or equal to,1000000,1000000,compliant,Block Requirements,,,false,1,,2026-08-16
"Block Real Estate Services, LLC",6a1ee8dcea09be9823620182,69fded1562446148bd848df0,Gateway Spine & Joint LLC,69fdf1fad3bfa5e4945e603a,"tic752 - Plaza Corporate Centre {Prom Motor Hotel, Inc.}",evidenceOfInsurance,Evidence of Insurance,commercialGeneralLiability,Commercial General Liability,evidenceOfInsuranceCommercialGeneralLiabilityGeneralAggregate,General Aggregate,,matchOnce,must be greater or equal to,2000000,2000000,compliant,Block Requirements,,,false,1,,2026-08-16
"Block Real Estate Services, LLC",6a1ee8dcea09be9823620182,69fded1562446148bd848df0,Gateway Spine & Joint LLC,69fdf1fad3bfa5e4945e603a,"tic752 - Plaza Corporate Centre {Prom Motor Hotel, Inc.}",evidenceOfInsurance,Evidence of Insurance,commercialGeneralLiability,Commercial General Liability,evidenceOfInsuranceCommercialGeneralLiabilityWaiverOfSubrogationEndorsement,Waiver of Subrogation,"---prompt---
Determine if the insurer has waived their right of subrogation in favor of the certificate holder under the Commercial General Liability policy. Evidence may include: a checked ""Waiver of Subrogation"" box on the certificate, mention in the Description of Operations section stating ""waiver of subrogation applies"", or reference to form CG 24 04. Look for language like ""subrogation is waived"" or ""per written contract"".",matchOnce,must be present,,Present,compliant,Block Requirements,,,false,1,,2026-08-16
"Block Real Estate Services, LLC",6a1ee8dcea09be9823620182,69fded1562446148bd848df0,Gateway Spine & Joint LLC,69fdf1fad3bfa5e4945e603a,"tic752 - Plaza Corporate Centre {Prom Motor Hotel, Inc.}",evidenceOfInsurance,Evidence of Insurance,excessOrUmbrellaLiability,Umbrella/Excess Liability,evidenceOfInsuranceExcessOrUmbrellaLiabilityOccurence,Coverage Trigger: Occurrence,,matchOnce,must be present,,,non_compliant,Block Requirements,,,false,0,,2026-08-16
"Block Real Estate Services, LLC",6a1ee8dcea09be9823620182,69fded1562446148bd848df0,Gateway Spine & Joint LLC,69fdf1fad3bfa5e4945e603a,"tic752 - Plaza Corporate Centre {Prom Motor Hotel, Inc.}",evidenceOfInsurance,Evidence of Insurance,excessOrUmbrellaLiability,Umbrella/Excess Liability,evidenceOfInsuranceExcessOrUmbrellaLiabilityEachOccurrence,Each Occurrence,,matchOnce,must be greater or equal to,1000000,,non_compliant,Block Requirements,,,false,0,,2026-08-16
"Block Real Estate Services, LLC",6a1ee8dcea09be9823620182,69fded1562446148bd848df0,Gateway Spine & Joint LLC,69fdf1fad3bfa5e4945e603a,"tic752 - Plaza Corporate Centre {Prom Motor Hotel, Inc.}",evidenceOfInsurance,Evidence of Insurance,excessOrUmbrellaLiability,Umbrella/Excess Liability,evidenceOfInsuranceExcessOrUmbrellaLiabilityAggregate,Aggregate,,matchOnce,must be greater or equal to,1000000,,non_compliant,Block Requirements,,,false,0,,2026-08-16
"Block Real Estate Services, LLC",6a1ee8dcea09be9823620182,69fded1562446148bd848df0,Gateway Spine & Joint LLC,69fdf1fad3bfa5e4945e603a,"tic752 - Plaza Corporate Centre {Prom Motor Hotel, Inc.}",evidenceOfInsurance,Evidence of Insurance,workersCompensation,Workers' Compensation and Employer's Liability,evidenceOfInsuranceWorkersCompensationStatutoryLimits,Statutory Limits,,matchOnce,must be present,,,non_compliant,Block Requirements,,,false,0,,2026-08-16
"Block Real Estate Services, LLC",6a1ee8dcea09be9823620182,69fded1562446148bd848df0,Gateway Spine & Joint LLC,69fdf1fad3bfa5e4945e603a,"tic752 - Plaza Corporate Centre {Prom Motor Hotel, Inc.}",evidenceOfInsurance,Evidence of Insurance,workersCompensation,Workers' Compensation and Employer's Liability,evidenceOfInsuranceWorkersCompensationEmployersLiabilityEachAccident,Employer's Liability Each Accident,,matchOnce,must be greater or equal to,500000,,non_compliant,Block Requirements,,,false,0,,2026-08-16
"Block Real Estate Services, LLC",6a1ee8dcea09be9823620182,69fded1562446148bd848df0,Gateway Spine & Joint LLC,69fdf1fad3bfa5e4945e603a,"tic752 - Plaza Corporate Centre {Prom Motor Hotel, Inc.}",evidenceOfInsurance,Evidence of Insurance,workersCompensation,Workers' Compensation and Employer's Liability,evidenceOfInsuranceWorkersCompensationEmployersLiabilityDiseaseEachEmployee,Employer's Liability Disease - each employee,,matchOnce,must be greater or equal to,500000,,non_compliant,Block Requirements,,,false,0,,2026-08-16
"Block Real Estate Services, LLC",6a1ee8dcea09be9823620182,69fded1562446148bd848df0,Gateway Spine & Joint LLC,69fdf1fad3bfa5e4945e603a,"tic752 - Plaza Corporate Centre {Prom Motor Hotel, Inc.}",evidenceOfInsurance,Evidence of Insurance,workersCompensation,Workers' Compensation and Employer's Liability,evidenceOfInsuranceWorkersCompensationEmployersLiabilityDiseasePolicyLimit,Employer's Liability Disease - policy limit,,matchOnce,must be greater or equal to,500000,,non_compliant,Block Requirements,,,false,0,,2026-08-16
"Block Real Estate Services, LLC",6a1ee8dcea09be9823620182,69fded1562446148bd848df0,Gateway Spine & Joint LLC,69fdf1fad3bfa5e4945e603a,"tic752 - Plaza Corporate Centre {Prom Motor Hotel, Inc.}",evidenceOfInsurance,Evidence of Insurance,workersCompensation,Workers' Compensation and Employer's Liability,evidenceOfInsuranceWorkersCompensationWaiverOfSubrogationEndorsement,Waiver of Subrogation,"---prompt---
Determine if the insurer has waived their right of subrogation in favor of the certificate holder under the Workers' Compensation policy. Evidence may include: a checked ""Waiver of Subrogation"" box on the certificate, mention in the Description of Operations section stating ""waiver of subrogation applies"", or reference to form WC 00 03 13. Look for language like ""subrogation is waived"" or ""per written contract"".",matchOnce,must be present,,,non_compliant,Block Requirements,,,false,0,,2026-08-16
"Block Real Estate Services, LLC",6a1ee8dcea09be9823620182,69fded1562446148bd848df0,Gateway Spine & Joint LLC,69fdf1fad3bfa5e4945e603a,"tic752 - Plaza Corporate Centre {Prom Motor Hotel, Inc.}",evidenceOfInsurance,Evidence of Insurance,6ac20aae-5728-5d57-b364-aeba38527dba,Additional Requirements,4da5b0f1-4c9d-5885-8cf8-5d3cccaed3e0,"Block Real Estate Services, LLC and all others required by contract are named as Additional Insureds","---prompt---
Determine if the Description of Operations or the Additional Remarks Schedule section states the ""Additional Insured as Construction Management, Inc. and all others required by contract"" or reference to blanket additional insured coverage. Look for language like ""certificate holder is additional insured"" or ""per written contract"".",matchOnce,must be present,,,non_compliant,Block Requirements,,,true,0,,2026-08-16
"Block Real Estate Services, LLC",6a1ee8dcea09be9823620182,69fded1562446148bd848df0,Gateway Spine & Joint LLC,69fdf1fad3bfa5e4945e603a,"tic752 - Plaza Corporate Centre {Prom Motor Hotel, Inc.}",evidenceOfInsurance,Evidence of Insurance,6ac20aae-5728-5d57-b364-aeba38527dba,Additional Requirements,e1017741-e47e-5f58-97b8-fbc3043e919f,Umbrella follows form over General Liability,"---prompt---
Determine if the Umbrella/Excess Liability policy follows form to the underlying policies. Evidence may include: language in the Description of Operations section stating the umbrella follows form to underlying coverages or an additional page endorsement stating that it follows form. Follow form means the umbrella policy adopts the same terms, conditions, and exclusions as the underlying policies.",matchOnce,must be present,,,non_compliant,Block Requirements,,,true,0,,2026-08-16
"Block Real Estate Services, LLC",6a1ee8dcea09be9823620182,69fded1562446148bd848df0,Gateway Spine & Joint LLC,69fdf1fad3bfa5e4945e603a,"tic752 - Plaza Corporate Centre {Prom Motor Hotel, Inc.}",evidenceOfInsurance,Evidence of Insurance,6ac20aae-5728-5d57-b364-aeba38527dba,Additional Requirements,2cdd866f-c9a4-576a-afd8-1d045762790c,The location must be listed as: 800 W. 47th Street Suite 525 Kansas City MO 64112,,matchOnce,must be present,,,non_compliant,Block Requirements,,,true,0,,2026-08-16
"Block Real Estate Services, LLC",6a1ee8dcea09be9823620182,69fded1562446148bd848df0,Gateway Spine & Joint LLC,69fdf1fad3bfa5e4945e603a,"tic752 - Plaza Corporate Centre {Prom Motor Hotel, Inc.}",evidenceOfInsurance,Evidence of Insurance,6ac20aae-5728-5d57-b364-aeba38527dba,Additional Requirements,3649e9d1-4e09-59bf-8f30-cb33c40cf117,"Certificate Holder must read: c/o Block Real Estate Services, LLC, 4622 Pennsylvania St., Suite 700, Kansas City, MO, 64112",,matchOnce,must be present,,,non_compliant,Block Requirements,,,true,0,,2026-08-16
"Block Real Estate Services, LLC",69fdf74a62446148bd854b5d,69fded0c62446148bd848b0e,A.N.D. Design Studio LLC,69fdef6abf1df2fe969214c6,"3rd657 - Sni-A-Bar Plaza {KCG Investment Properties, LLC}",evidenceOfInsurance,Evidence of Insurance,commercialGeneralLiability,Commercial General Liability,evidenceOfInsuranceCommercialGeneralLiabilityCoverageTriggerOccurrence,Coverage Trigger: Occurrence,,matchOnce,must be present,,Present,compliant,Block Requirements,,,false,1,,2026-08-16
"Block Real Estate Services, LLC",69fdf74a62446148bd854b5d,69fded0c62446148bd848b0e,A.N.D. Design Studio LLC,69fdef6abf1df2fe969214c6,"3rd657 - Sni-A-Bar Plaza {KCG Investment Properties, LLC}",evidenceOfInsurance,Evidence of Insurance,commercialGeneralLiability,Commercial General Liability,evidenceOfInsuranceCommercialGeneralLiabilityGeneralAggregateLimitAppliesPerLocation,General Aggregate Limit Applies per: Location,,matchOnce,must be present,,Present,compliant,Block Requirements,,,false,1,,2026-08-16
"Block Real Estate Services, LLC",69fdf74a62446148bd854b5d,69fded0c62446148bd848b0e,A.N.D. Design Studio LLC,69fdef6abf1df2fe969214c6,"3rd657 - Sni-A-Bar Plaza {KCG Investment Properties, LLC}",evidenceOfInsurance,Evidence of Insurance,commercialGeneralLiability,Commercial General Liability,evidenceOfInsuranceCommercialGeneralLiabilityEachOccurrence,Each Occurrence,,matchOnce,must be greater or equal to,1000000,1000000,compliant,Block Requirements,,,false,1,,2026-08-16
"Block Real Estate Services, LLC",69fdf74a62446148bd854b5d,69fded0c62446148bd848b0e,A.N.D. Design Studio LLC,69fdef6abf1df2fe969214c6,"3rd657 - Sni-A-Bar Plaza {KCG Investment Properties, LLC}",evidenceOfInsurance,Evidence of Insurance,commercialGeneralLiability,Commercial General Liability,evidenceOfInsuranceCommercialGeneralLiabilityGeneralAggregate,General Aggregate,,matchOnce,must be greater or equal to,2000000,2000000,compliant,Block Requirements,,,false,1,,2026-08-16
"Block Real Estate Services, LLC",69fdf74a62446148bd854b5d,69fded0c62446148bd848b0e,A.N.D. Design Studio LLC,69fdef6abf1df2fe969214c6,"3rd657 - Sni-A-Bar Plaza {KCG Investment Properties, LLC}",evidenceOfInsurance,Evidence of Insurance,commercialGeneralLiability,Commercial General Liability,evidenceOfInsuranceCommercialGeneralLiabilityWaiverOfSubrogationEndorsement,Waiver of Subrogation,"---prompt---
Determine if the insurer has waived their right of subrogation in favor of the certificate holder under the Commercial General Liability policy. Evidence may include: a checked ""Waiver of Subrogation"" box on the certificate, mention in the Description of Operations section stating ""waiver of subrogation applies"", or reference to form CG 24 04. Look for language like ""subrogation is waived"" or ""per written contract"".",matchOnce,must be present,,Present,compliant,Block Requirements,,,false,1,,2026-08-16
"Block Real Estate Services, LLC",69fdf74a62446148bd854b5d,69fded0c62446148bd848b0e,A.N.D. Design Studio LLC,69fdef6abf1df2fe969214c6,"3rd657 - Sni-A-Bar Plaza {KCG Investment Properties, LLC}",evidenceOfInsurance,Evidence of Insurance,excessOrUmbrellaLiability,Umbrella/Excess Liability,evidenceOfInsuranceExcessOrUmbrellaLiabilityOccurence,Coverage Trigger: Occurrence,,matchOnce,must be present,,,waived,Block Requirements,,,false,0,,2026-08-16
"Block Real Estate Services, LLC",69fdf74a62446148bd854b5d,69fded0c62446148bd848b0e,A.N.D. Design Studio LLC,69fdef6abf1df2fe969214c6,"3rd657 - Sni-A-Bar Plaza {KCG Investment Properties, LLC}",evidenceOfInsurance,Evidence of Insurance,excessOrUmbrellaLiability,Umbrella/Excess Liability,evidenceOfInsuranceExcessOrUmbrellaLiabilityEachOccurrence,Each Occurrence,,matchOnce,must be greater or equal to,1000000,,waived,Block Requirements,,,false,0,,2026-08-16
"Block Real Estate Services, LLC",69fdf74a62446148bd854b5d,69fded0c62446148bd848b0e,A.N.D. Design Studio LLC,69fdef6abf1df2fe969214c6,"3rd657 - Sni-A-Bar Plaza {KCG Investment Properties, LLC}",evidenceOfInsurance,Evidence of Insurance,excessOrUmbrellaLiability,Umbrella/Excess Liability,evidenceOfInsuranceExcessOrUmbrellaLiabilityAggregate,Aggregate,,matchOnce,must be greater or equal to,1000000,,waived,Block Requirements,,,false,0,,2026-08-16
"Block Real Estate Services, LLC",69fdf74a62446148bd854b5d,69fded0c62446148bd848b0e,A.N.D. Design Studio LLC,69fdef6abf1df2fe969214c6,"3rd657 - Sni-A-Bar Plaza {KCG Investment Properties, LLC}",evidenceOfInsurance,Evidence of Insurance,workersCompensation,Workers' Compensation and Employer's Liability,evidenceOfInsuranceWorkersCompensationStatutoryLimits,Statutory Limits,,matchOnce,must be present,,,waived,Block Requirements,,,false,0,,2026-08-16
"Block Real Estate Services, LLC",69fdf74a62446148bd854b5d,69fded0c62446148bd848b0e,A.N.D. Design Studio LLC,69fdef6abf1df2fe969214c6,"3rd657 - Sni-A-Bar Plaza {KCG Investment Properties, LLC}",evidenceOfInsurance,Evidence of Insurance,workersCompensation,Workers' Compensation and Employer's Liability,evidenceOfInsuranceWorkersCompensationEmployersLiabilityEachAccident,Employer's Liability Each Accident,,matchOnce,must be greater or equal to,500000,,waived,Block Requirements,,,false,0,,2026-08-16
"Block Real Estate Services, LLC",69fdf74a62446148bd854b5d,69fded0c62446148bd848b0e,A.N.D. Design Studio LLC,69fdef6abf1df2fe969214c6,"3rd657 - Sni-A-Bar Plaza {KCG Investment Properties, LLC}",evidenceOfInsurance,Evidence of Insurance,workersCompensation,Workers' Compensation and Employer's Liability,evidenceOfInsuranceWorkersCompensationEmployersLiabilityDiseaseEachEmployee,Employer's Liability Disease - each employee,,matchOnce,must be greater or equal to,500000,,waived,Block Requirements,,,false,0,,2026-08-16
"Block Real Estate Services, LLC",69fdf74a62446148bd854b5d,69fded0c62446148bd848b0e,A.N.D. Design Studio LLC,69fdef6abf1df2fe969214c6,"3rd657 - Sni-A-Bar Plaza {KCG Investment Properties, LLC}",evidenceOfInsurance,Evidence of Insurance,workersCompensation,Workers' Compensation and Employer's Liability,evidenceOfInsuranceWorkersCompensationEmployersLiabilityDiseasePolicyLimit,Employer's Liability Disease - policy limit,,matchOnce,must be greater or equal to,500000,,waived,Block Requirements,,,false,0,,2026-08-16
"Block Real Estate Services, LLC",69fdf74a62446148bd854b5d,69fded0c62446148bd848b0e,A.N.D. Design Studio LLC,69fdef6abf1df2fe969214c6,"3rd657 - Sni-A-Bar Plaza {KCG Investment Properties, LLC}",evidenceOfInsurance,Evidence of Insurance,workersCompensation,Workers' Compensation and Employer's Liability,evidenceOfInsuranceWorkersCompensationWaiverOfSubrogationEndorsement,Waiver of Subrogation,"---prompt---
Determine if the insurer has waived their right of subrogation in favor of the certificate holder under the Workers' Compensation policy. Evidence may include: a checked ""Waiver of Subrogation"" box on the certificate, mention in the Description of Operations section stating ""waiver of subrogation applies"", or reference to form WC 00 03 13. Look for language like ""subrogation is waived"" or ""per written contract"".",matchOnce,must be present,,,waived,Block Requirements,,,false,0,,2026-08-16
"Block Real Estate Services, LLC",69fdf74a62446148bd854b5d,69fded0c62446148bd848b0e,A.N.D. Design Studio LLC,69fdef6abf1df2fe969214c6,"3rd657 - Sni-A-Bar Plaza {KCG Investment Properties, LLC}",evidenceOfInsurance,Evidence of Insurance,6ac20aae-5728-5d57-b364-aeba38527dba,Additional Requirements,4da5b0f1-4c9d-5885-8cf8-5d3cccaed3e0,"Block Real Estate Services, LLC and all others required by contract are named as Additional Insureds","---prompt---
Determine if the Description of Operations or the Additional Remarks Schedule section states the ""Additional Insured as Construction Management, Inc. and all others required by contract"" or reference to blanket additional insured coverage. Look for language like ""certificate holder is additional insured"" or ""per written contract"".",matchOnce,must be present,,Present,compliant,Block Requirements,,,true,1,,2026-08-16
"Block Real Estate Services, LLC",69fdf74a62446148bd854b5d,69fded0c62446148bd848b0e,A.N.D. Design Studio LLC,69fdef6abf1df2fe969214c6,"3rd657 - Sni-A-Bar Plaza {KCG Investment Properties, LLC}",evidenceOfInsurance,Evidence of Insurance,6ac20aae-5728-5d57-b364-aeba38527dba,Additional Requirements,e1017741-e47e-5f58-97b8-fbc3043e919f,Umbrella follows form over General Liability,"---prompt---
Determine if the Umbrella/Excess Liability policy follows form to the underlying policies. Evidence may include: language in the Description of Operations section stating the umbrella follows form to underlying coverages or an additional page endorsement stating that it follows form. Follow form means the umbrella policy adopts the same terms, conditions, and exclusions as the underlying policies.",matchOnce,must be present,,,waived,Block Requirements,Umbrella not a requirement in the lease,,true,0,,2026-08-16
"Block Real Estate Services, LLC",69fdf74a62446148bd854b5d,69fded0c62446148bd848b0e,A.N.D. Design Studio LLC,69fdef6abf1df2fe969214c6,"3rd657 - Sni-A-Bar Plaza {KCG Investment Properties, LLC}",evidenceOfInsurance,Evidence of Insurance,6ac20aae-5728-5d57-b364-aeba38527dba,Additional Requirements,2cdd866f-c9a4-576a-afd8-1d045762790c,"The location must be listed as: 1450 SW Eagles Parkway, Grain Valley, MO, 64029",,matchOnce,must be present,,Present,compliant,Block Requirements,,,true,1,,2026-08-16
"Block Real Estate Services, LLC",69fdf74a62446148bd854b5d,69fded0c62446148bd848b0e,A.N.D. Design Studio LLC,69fdef6abf1df2fe969214c6,"3rd657 - Sni-A-Bar Plaza {KCG Investment Properties, LLC}",evidenceOfInsurance,Evidence of Insurance,6ac20aae-5728-5d57-b364-aeba38527dba,Additional Requirements,3649e9d1-4e09-59bf-8f30-cb33c40cf117,"Certificate Holder must read: c/o Block Real Estate Services, LLC, 4622 Pennsylvania St., Suite 700, Kansas City, MO, 64112",,matchOnce,must be present,,Present,compliant,Block Requirements,,,true,1,,2026-08-16
"Block Real Estate Services, LLC",69fdf74a62446148bd854b64,69fded1862446148bd848e9e,"Janette Brown Insurance Agency, LLC (Farmer's Insurance)",69fdef6abf1df2fe969214c6,"3rd657 - Sni-A-Bar Plaza {KCG Investment Properties, LLC}",evidenceOfInsurance,Evidence of Insurance,commercialGeneralLiability,Commercial General Liability,evidenceOfInsuranceCommercialGeneralLiabilityCoverageTriggerOccurrence,Coverage Trigger: Occurrence,,matchOnce,must be present,,Present,compliant,Block Requirements,,,false,1,,2026-08-16
"Block Real Estate Services, LLC",69fdf74a62446148bd854b64,69fded1862446148bd848e9e,"Janette Brown Insurance Agency, LLC (Farmer's Insurance)",69fdef6abf1df2fe969214c6,"3rd657 - Sni-A-Bar Plaza {KCG Investment Properties, LLC}",evidenceOfInsurance,Evidence of Insurance,commercialGeneralLiability,Commercial General Liability,evidenceOfInsuranceCommercialGeneralLiabilityGeneralAggregateLimitAppliesPerLocation,General Aggregate Limit Applies per: Location,,matchOnce,must be present,,,non_compliant,Block Requirements,,,false,0,,2026-08-16
"Block Real Estate Services, LLC",69fdf74a62446148bd854b64,69fded1862446148bd848e9e,"Janette Brown Insurance Agency, LLC (Farmer's Insurance)",69fdef6abf1df2fe969214c6,"3rd657 - Sni-A-Bar Plaza {KCG Investment Properties, LLC}",evidenceOfInsurance,Evidence of Insurance,commercialGeneralLiability,Commercial General Liability,evidenceOfInsuranceCommercialGeneralLiabilityEachOccurrence,Each Occurrence,,matchOnce,must be greater or equal to,1000000,1000000,compliant,Block Requirements,,,false,1,,2026-08-16
"Block Real Estate Services, LLC",69fdf74a62446148bd854b64,69fded1862446148bd848e9e,"Janette Brown Insurance Agency, LLC (Farmer's Insurance)",69fdef6abf1df2fe969214c6,"3rd657 - Sni-A-Bar Plaza {KCG Investment Properties, LLC}",evidenceOfInsurance,Evidence of Insurance,commercialGeneralLiability,Commercial General Liability,evidenceOfInsuranceCommercialGeneralLiabilityGeneralAggregate,General Aggregate,,matchOnce,must be greater or equal to,2000000,2000000,compliant,Block Requirements,,,false,1,,2026-08-16
"Block Real Estate Services, LLC",69fdf74a62446148bd854b64,69fded1862446148bd848e9e,"Janette Brown Insurance Agency, LLC (Farmer's Insurance)",69fdef6abf1df2fe969214c6,"3rd657 - Sni-A-Bar Plaza {KCG Investment Properties, LLC}",evidenceOfInsurance,Evidence of Insurance,commercialGeneralLiability,Commercial General Liability,evidenceOfInsuranceCommercialGeneralLiabilityWaiverOfSubrogationEndorsement,Waiver of Subrogation,"---prompt---
Determine if the insurer has waived their right of subrogation in favor of the certificate holder under the Commercial General Liability policy. Evidence may include: a checked ""Waiver of Subrogation"" box on the certificate, mention in the Description of Operations section stating ""waiver of subrogation applies"", or reference to form CG 24 04. Look for language like ""subrogation is waived"" or ""per written contract"".",matchOnce,must be present,,Present,compliant,Block Requirements,,,false,1,,2026-08-16
"Block Real Estate Services, LLC",69fdf74a62446148bd854b64,69fded1862446148bd848e9e,"Janette Brown Insurance Agency, LLC (Farmer's Insurance)",69fdef6abf1df2fe969214c6,"3rd657 - Sni-A-Bar Plaza {KCG Investment Properties, LLC}",evidenceOfInsurance,Evidence of Insurance,excessOrUmbrellaLiability,Umbrella/Excess Liability,evidenceOfInsuranceExcessOrUmbrellaLiabilityOccurence,Coverage Trigger: Occurrence,,matchOnce,must be present,,,non_compliant,Block Requirements,,,false,0,,2026-08-16
"Block Real Estate Services, LLC",69fdf74a62446148bd854b64,69fded1862446148bd848e9e,"Janette Brown Insurance Agency, LLC (Farmer's Insurance)",69fdef6abf1df2fe969214c6,"3rd657 - Sni-A-Bar Plaza {KCG Investment Properties, LLC}",evidenceOfInsurance,Evidence of Insurance,excessOrUmbrellaLiability,Umbrella/Excess Liability,evidenceOfInsuranceExcessOrUmbrellaLiabilityEachOccurrence,Each Occurrence,,matchOnce,must be greater or equal to,1000000,,non_compliant,Block Requirements,,,false,0,,2026-08-16
"Block Real Estate Services, LLC",69fdf74a62446148bd854b64,69fded1862446148bd848e9e,"Janette Brown Insurance Agency, LLC (Farmer's Insurance)",69fdef6abf1df2fe969214c6,"3rd657 - Sni-A-Bar Plaza {KCG Investment Properties, LLC}",evidenceOfInsurance,Evidence of Insurance,excessOrUmbrellaLiability,Umbrella/Excess Liability,evidenceOfInsuranceExcessOrUmbrellaLiabilityAggregate,Aggregate,,matchOnce,must be greater or equal to,1000000,,non_compliant,Block Requirements,,,false,0,,2026-08-16
"Block Real Estate Services, LLC",69fdf74a62446148bd854b64,69fded1862446148bd848e9e,"Janette Brown Insurance Agency, LLC (Farmer's Insurance)",69fdef6abf1df2fe969214c6,"3rd657 - Sni-A-Bar Plaza {KCG Investment Properties, LLC}",evidenceOfInsurance,Evidence of Insurance,workersCompensation,Workers' Compensation and Employer's Liability,evidenceOfInsuranceWorkersCompensationStatutoryLimits,Statutory Limits,,matchOnce,must be present,,Present,compliant,Block Requirements,,,false,1,,2026-08-16
"Block Real Estate Services, LLC",69fdf74a62446148bd854b64,69fded1862446148bd848e9e,"Janette Brown Insurance Agency, LLC (Farmer's Insurance)",69fdef6abf1df2fe969214c6,"3rd657 - Sni-A-Bar Plaza {KCG Investment Properties, LLC}",evidenceOfInsurance,Evidence of Insurance,workersCompensation,Workers' Compensation and Employer's Liability,evidenceOfInsuranceWorkersCompensationEmployersLiabilityEachAccident,Employer's Liability Each Accident,,matchOnce,must be greater or equal to,500000,100000,non_compliant,Block Requirements,,,false,1,,2026-08-16
"Block Real Estate Services, LLC",69fdf74a62446148bd854b64,69fded1862446148bd848e9e,"Janette Brown Insurance Agency, LLC (Farmer's Insurance)",69fdef6abf1df2fe969214c6,"3rd657 - Sni-A-Bar Plaza {KCG Investment Properties, LLC}",evidenceOfInsurance,Evidence of Insurance,workersCompensation,Workers' Compensation and Employer's Liability,evidenceOfInsuranceWorkersCompensationEmployersLiabilityDiseaseEachEmployee,Employer's Liability Disease - each employee,,matchOnce,must be greater or equal to,500000,100000,non_compliant,Block Requirements,,,false,1,,2026-08-16
"Block Real Estate Services, LLC",69fdf74a62446148bd854b64,69fded1862446148bd848e9e,"Janette Brown Insurance Agency, LLC (Farmer's Insurance)",69fdef6abf1df2fe969214c6,"3rd657 - Sni-A-Bar Plaza {KCG Investment Properties, LLC}",evidenceOfInsurance,Evidence of Insurance,workersCompensation,Workers' Compensation and Employer's Liability,evidenceOfInsuranceWorkersCompensationEmployersLiabilityDiseasePolicyLimit,Employer's Liability Disease - policy limit,,matchOnce,must be greater or equal to,500000,500000,compliant,Block Requirements,,,false,1,,2026-08-16
"Block Real Estate Services, LLC",69fdf74a62446148bd854b64,69fded1862446148bd848e9e,"Janette Brown Insurance Agency, LLC (Farmer's Insurance)",69fdef6abf1df2fe969214c6,"3rd657 - Sni-A-Bar Plaza {KCG Investment Properties, LLC}",evidenceOfInsurance,Evidence of Insurance,workersCompensation,Workers' Compensation and Employer's Liability,evidenceOfInsuranceWorkersCompensationWaiverOfSubrogationEndorsement,Waiver of Subrogation,"---prompt---
Determine if the insurer has waived their right of subrogation in favor of the certificate holder under the Workers' Compensation policy. Evidence may include: a checked ""Waiver of Subrogation"" box on the certificate, mention in the Description of Operations section stating ""waiver of subrogation applies"", or reference to form WC 00 03 13. Look for language like ""subrogation is waived"" or ""per written contract"".",matchOnce,must be present,,,non_compliant,Block Requirements,,,false,0,,2026-08-16
"Block Real Estate Services, LLC",69fdf74a62446148bd854b64,69fded1862446148bd848e9e,"Janette Brown Insurance Agency, LLC (Farmer's Insurance)",69fdef6abf1df2fe969214c6,"3rd657 - Sni-A-Bar Plaza {KCG Investment Properties, LLC}",evidenceOfInsurance,Evidence of Insurance,6ac20aae-5728-5d57-b364-aeba38527dba,Additional Requirements,4da5b0f1-4c9d-5885-8cf8-5d3cccaed3e0,"Block Real Estate Services, LLC and all others required by contract are named as Additional Insureds","---prompt---
Determine if the Description of Operations or the Additional Remarks Schedule section states the ""Additional Insured as Construction Management, Inc. and all others required by contract"" or reference to blanket additional insured coverage. Look for language like ""certificate holder is additional insured"" or ""per written contract"".",matchOnce,must be present,,Present,compliant,Block Requirements,,,true,1,,2026-08-16
"Block Real Estate Services, LLC",69fdf74a62446148bd854b64,69fded1862446148bd848e9e,"Janette Brown Insurance Agency, LLC (Farmer's Insurance)",69fdef6abf1df2fe969214c6,"3rd657 - Sni-A-Bar Plaza {KCG Investment Properties, LLC}",evidenceOfInsurance,Evidence of Insurance,6ac20aae-5728-5d57-b364-aeba38527dba,Additional Requirements,e1017741-e47e-5f58-97b8-fbc3043e919f,Umbrella follows form over General Liability,"---prompt---
Determine if the Umbrella/Excess Liability policy follows form to the underlying policies. Evidence may include: language in the Description of Operations section stating the umbrella follows form to underlying coverages or an additional page endorsement stating that it follows form. Follow form means the umbrella policy adopts the same terms, conditions, and exclusions as the underlying policies.",matchOnce,must be present,,,non_compliant,Block Requirements,,,true,0,,2026-08-16
"Block Real Estate Services, LLC",69fdf74a62446148bd854b64,69fded1862446148bd848e9e,"Janette Brown Insurance Agency, LLC (Farmer's Insurance)",69fdef6abf1df2fe969214c6,"3rd657 - Sni-A-Bar Plaza {KCG Investment Properties, LLC}",evidenceOfInsurance,Evidence of Insurance,6ac20aae-5728-5d57-b364-aeba38527dba,Additional Requirements,2cdd866f-c9a4-576a-afd8-1d045762790c,"The location must be listed as: 1436 SW Eagles Parkway, Grain Valley, MO, 64029",,matchOnce,must be present,,Present,compliant,Block Requirements,,,true,1,,2026-08-16
"Block Real Estate Services, LLC",69fdf74a62446148bd854b64,69fded1862446148bd848e9e,"Janette Brown Insurance Agency, LLC (Farmer's Insurance)",69fdef6abf1df2fe969214c6,"3rd657 - Sni-A-Bar Plaza {KCG Investment Properties, LLC}",evidenceOfInsurance,Evidence of Insurance,6ac20aae-5728-5d57-b364-aeba38527dba,Additional Requirements,3649e9d1-4e09-59bf-8f30-cb33c40cf117,"Certificate Holder must read: c/o Block Real Estate Services, LLC, 4622 Pennsylvania St., Suite 700, Kansas City, MO, 64112",,matchOnce,must be present,,Present,compliant,Block Requirements,,,true,1,,2026-08-16
"Block Real Estate Services, LLC",69fdf74a62446148bd854b66,69fded1a62446148bd848f3d,Mactan Asian Market / Steve Shatto,69fdef6abf1df2fe969214c6,"3rd657 - Sni-A-Bar Plaza {KCG Investment Properties, LLC}",evidenceOfInsurance,Evidence of Insurance,commercialGeneralLiability,Commercial General Liability,evidenceOfInsuranceCommercialGeneralLiabilityCoverageTriggerOccurrence,Coverage Trigger: Occurrence,,matchOnce,must be present,,Present,compliant,Block Requirements,,,false,1,,2026-08-16
"Block Real Estate Services, LLC",69fdf74a62446148bd854b66,69fded1a62446148bd848f3d,Mactan Asian Market / Steve Shatto,69fdef6abf1df2fe969214c6,"3rd657 - Sni-A-Bar Plaza {KCG Investment Properties, LLC}",evidenceOfInsurance,Evidence of Insurance,commercialGeneralLiability,Commercial General Liability,evidenceOfInsuranceCommercialGeneralLiabilityGeneralAggregateLimitAppliesPerLocation,General Aggregate Limit Applies per: Location,,matchOnce,must be present,,,non_compliant,Block Requirements,,,false,0,,2026-08-16
"Block Real Estate Services, LLC",69fdf74a62446148bd854b66,69fded1a62446148bd848f3d,Mactan Asian Market / Steve Shatto,69fdef6abf1df2fe969214c6,"3rd657 - Sni-A-Bar Plaza {KCG Investment Properties, LLC}",evidenceOfInsurance,Evidence of Insurance,commercialGeneralLiability,Commercial General Liability,evidenceOfInsuranceCommercialGeneralLiabilityEachOccurrence,Each Occurrence,,matchOnce,must be greater or equal to,1000000,1000000,compliant,Block Requirements,,,false,1,,2026-08-16
"Block Real Estate Services, LLC",69fdf74a62446148bd854b66,69fded1a62446148bd848f3d,Mactan Asian Market / Steve Shatto,69fdef6abf1df2fe969214c6,"3rd657 - Sni-A-Bar Plaza {KCG Investment Properties, LLC}",evidenceOfInsurance,Evidence of Insurance,commercialGeneralLiability,Commercial General Liability,evidenceOfInsuranceCommercialGeneralLiabilityGeneralAggregate,General Aggregate,,matchOnce,must be greater or equal to,2000000,2000000,compliant,Block Requirements,,,false,1,,2026-08-16
"Block Real Estate Services, LLC",69fdf74a62446148bd854b66,69fded1a62446148bd848f3d,Mactan Asian Market / Steve Shatto,69fdef6abf1df2fe969214c6,"3rd657 - Sni-A-Bar Plaza {KCG Investment Properties, LLC}",evidenceOfInsurance,Evidence of Insurance,commercialGeneralLiability,Commercial General Liability,evidenceOfInsuranceCommercialGeneralLiabilityWaiverOfSubrogationEndorsement,Waiver of Subrogation,"---prompt---
Determine if the insurer has waived their right of subrogation in favor of the certificate holder under the Commercial General Liability policy. Evidence may include: a checked ""Waiver of Subrogation"" box on the certificate, mention in the Description of Operations section stating ""waiver of subrogation applies"", or reference to form CG 24 04. Look for language like ""subrogation is waived"" or ""per written contract"".",matchOnce,must be present,,,non_compliant,Block Requirements,,,false,0,,2026-08-16
"Block Real Estate Services, LLC",69fdf74a62446148bd854b66,69fded1a62446148bd848f3d,Mactan Asian Market / Steve Shatto,69fdef6abf1df2fe969214c6,"3rd657 - Sni-A-Bar Plaza {KCG Investment Properties, LLC}",evidenceOfInsurance,Evidence of Insurance,excessOrUmbrellaLiability,Umbrella/Excess Liability,evidenceOfInsuranceExcessOrUmbrellaLiabilityOccurence,Coverage Trigger: Occurrence,,matchOnce,must be present,,,non_compliant,Block Requirements,,,false,0,,2026-08-16
"Block Real Estate Services, LLC",69fdf74a62446148bd854b66,69fded1a62446148bd848f3d,Mactan Asian Market / Steve Shatto,69fdef6abf1df2fe969214c6,"3rd657 - Sni-A-Bar Plaza {KCG Investment Properties, LLC}",evidenceOfInsurance,Evidence of Insurance,excessOrUmbrellaLiability,Umbrella/Excess Liability,evidenceOfInsuranceExcessOrUmbrellaLiabilityEachOccurrence,Each Occurrence,,matchOnce,must be greater or equal to,1000000,,non_compliant,Block Requirements,,,false,0,,2026-08-16
"Block Real Estate Services, LLC",69fdf74a62446148bd854b66,69fded1a62446148bd848f3d,Mactan Asian Market / Steve Shatto,69fdef6abf1df2fe969214c6,"3rd657 - Sni-A-Bar Plaza {KCG Investment Properties, LLC}",evidenceOfInsurance,Evidence of Insurance,excessOrUmbrellaLiability,Umbrella/Excess Liability,evidenceOfInsuranceExcessOrUmbrellaLiabilityAggregate,Aggregate,,matchOnce,must be greater or equal to,1000000,,non_compliant,Block Requirements,,,false,0,,2026-08-16
"Block Real Estate Services, LLC",69fdf74a62446148bd854b66,69fded1a62446148bd848f3d,Mactan Asian Market / Steve Shatto,69fdef6abf1df2fe969214c6,"3rd657 - Sni-A-Bar Plaza {KCG Investment Properties, LLC}",evidenceOfInsurance,Evidence of Insurance,workersCompensation,Workers' Compensation and Employer's Liability,evidenceOfInsuranceWorkersCompensationStatutoryLimits,Statutory Limits,,matchOnce,must be present,,,non_compliant,Block Requirements,,,false,0,,2026-08-16
"Block Real Estate Services, LLC",69fdf74a62446148bd854b66,69fded1a62446148bd848f3d,Mactan Asian Market / Steve Shatto,69fdef6abf1df2fe969214c6,"3rd657 - Sni-A-Bar Plaza {KCG Investment Properties, LLC}",evidenceOfInsurance,Evidence of Insurance,workersCompensation,Workers' Compensation and Employer's Liability,evidenceOfInsuranceWorkersCompensationEmployersLiabilityEachAccident,Employer's Liability Each Accident,,matchOnce,must be greater or equal to,500000,,non_compliant,Block Requirements,,,false,0,,2026-08-16
"Block Real Estate Services, LLC",69fdf74a62446148bd854b66,69fded1a62446148bd848f3d,Mactan Asian Market / Steve Shatto,69fdef6abf1df2fe969214c6,"3rd657 - Sni-A-Bar Plaza {KCG Investment Properties, LLC}",evidenceOfInsurance,Evidence of Insurance,workersCompensation,Workers' Compensation and Employer's Liability,evidenceOfInsuranceWorkersCompensationEmployersLiabilityDiseaseEachEmployee,Employer's Liability Disease - each employee,,matchOnce,must be greater or equal to,500000,,non_compliant,Block Requirements,,,false,0,,2026-08-16
"Block Real Estate Services, LLC",69fdf74a62446148bd854b66,69fded1a62446148bd848f3d,Mactan Asian Market / Steve Shatto,69fdef6abf1df2fe969214c6,"3rd657 - Sni-A-Bar Plaza {KCG Investment Properties, LLC}",evidenceOfInsurance,Evidence of Insurance,workersCompensation,Workers' Compensation and Employer's Liability,evidenceOfInsuranceWorkersCompensationEmployersLiabilityDiseasePolicyLimit,Employer's Liability Disease - policy limit,,matchOnce,must be greater or equal to,500000,,non_compliant,Block Requirements,,,false,0,,2026-08-16
"Block Real Estate Services, LLC",69fdf74a62446148bd854b66,69fded1a62446148bd848f3d,Mactan Asian Market / Steve Shatto,69fdef6abf1df2fe969214c6,"3rd657 - Sni-A-Bar Plaza {KCG Investment Properties, LLC}",evidenceOfInsurance,Evidence of Insurance,workersCompensation,Workers' Compensation and Employer's Liability,evidenceOfInsuranceWorkersCompensationWaiverOfSubrogationEndorsement,Waiver of Subrogation,"---prompt---
Determine if the insurer has waived their right of subrogation in favor of the certificate holder under the Workers' Compensation policy. Evidence may include: a checked ""Waiver of Subrogation"" box on the certificate, mention in the Description of Operations section stating ""waiver of subrogation applies"", or reference to form WC 00 03 13. Look for language like ""subrogation is waived"" or ""per written contract"".",matchOnce,must be present,,,non_compliant,Block Requirements,,,false,0,,2026-08-16
"Block Real Estate Services, LLC",69fdf74a62446148bd854b66,69fded1a62446148bd848f3d,Mactan Asian Market / Steve Shatto,69fdef6abf1df2fe969214c6,"3rd657 - Sni-A-Bar Plaza {KCG Investment Properties, LLC}",evidenceOfInsurance,Evidence of Insurance,6ac20aae-5728-5d57-b364-aeba38527dba,Additional Requirements,4da5b0f1-4c9d-5885-8cf8-5d3cccaed3e0,"Block Real Estate Services, LLC and all others required by contract are named as Additional Insureds","---prompt---
Determine if the Description of Operations or the Additional Remarks Schedule section states the ""Additional Insured as Construction Management, Inc. and all others required by contract"" or reference to blanket additional insured coverage. Look for language like ""certificate holder is additional insured"" or ""per written contract"".",matchOnce,must be present,,,non_compliant,Block Requirements,,,true,0,,2026-08-16
"Block Real Estate Services, LLC",69fdf74a62446148bd854b66,69fded1a62446148bd848f3d,Mactan Asian Market / Steve Shatto,69fdef6abf1df2fe969214c6,"3rd657 - Sni-A-Bar Plaza {KCG Investment Properties, LLC}",evidenceOfInsurance,Evidence of Insurance,6ac20aae-5728-5d57-b364-aeba38527dba,Additional Requirements,e1017741-e47e-5f58-97b8-fbc3043e919f,Umbrella follows form over General Liability,"---prompt---
Determine if the Umbrella/Excess Liability policy follows form to the underlying policies. Evidence may include: language in the Description of Operations section stating the umbrella follows form to underlying coverages or an additional page endorsement stating that it follows form. Follow form means the umbrella policy adopts the same terms, conditions, and exclusions as the underlying policies.",matchOnce,must be present,,,non_compliant,Block Requirements,,,true,0,,2026-08-16
"Block Real Estate Services, LLC",69fdf74a62446148bd854b66,69fded1a62446148bd848f3d,Mactan Asian Market / Steve Shatto,69fdef6abf1df2fe969214c6,"3rd657 - Sni-A-Bar Plaza {KCG Investment Properties, LLC}",evidenceOfInsurance,Evidence of Insurance,6ac20aae-5728-5d57-b364-aeba38527dba,Additional Requirements,2cdd866f-c9a4-576a-afd8-1d045762790c,"The location must be listed as: 1438 SW Eagles Parkway, Grain Valley, MO, 64029",,matchOnce,must be present,,Present,compliant,Block Requirements,,,true,1,,2026-08-16
"Block Real Estate Services, LLC",69fdf74a62446148bd854b66,69fded1a62446148bd848f3d,Mactan Asian Market / Steve Shatto,69fdef6abf1df2fe969214c6,"3rd657 - Sni-A-Bar Plaza {KCG Investment Properties, LLC}",evidenceOfInsurance,Evidence of Insurance,6ac20aae-5728-5d57-b364-aeba38527dba,Additional Requirements,3649e9d1-4e09-59bf-8f30-cb33c40cf117,"Certificate Holder must read: c/o Block Real Estate Services, LLC, 4622 Pennsylvania St., Suite 700, Kansas City, MO, 64112",,matchOnce,must be present,,Present,compliant,Block Requirements,,,true,1,,2026-08-16
"Block Real Estate Services, LLC",69fdf74a62446148bd854b65,69fded1862446148bd848ea1,Studio 5 Beauty Boutique / Jayci Lynn Stratton,69fdef6abf1df2fe969214c6,"3rd657 - Sni-A-Bar Plaza {KCG Investment Properties, LLC}",evidenceOfInsurance,Evidence of Insurance,commercialGeneralLiability,Commercial General Liability,evidenceOfInsuranceCommercialGeneralLiabilityCoverageTriggerOccurrence,Coverage Trigger: Occurrence,,matchOnce,must be present,,,non_compliant,Block Requirements,,,false,0,,2026-08-16
"Block Real Estate Services, LLC",69fdf74a62446148bd854b65,69fded1862446148bd848ea1,Studio 5 Beauty Boutique / Jayci Lynn Stratton,69fdef6abf1df2fe969214c6,"3rd657 - Sni-A-Bar Plaza {KCG Investment Properties, LLC}",evidenceOfInsurance,Evidence of Insurance,commercialGeneralLiability,Commercial General Liability,evidenceOfInsuranceCommercialGeneralLiabilityGeneralAggregateLimitAppliesPerLocation,General Aggregate Limit Applies per: Location,,matchOnce,must be present,,,non_compliant,Block Requirements,,,false,0,,2026-08-16
"Block Real Estate Services, LLC",69fdf74a62446148bd854b65,69fded1862446148bd848ea1,Studio 5 Beauty Boutique / Jayci Lynn Stratton,69fdef6abf1df2fe969214c6,"3rd657 - Sni-A-Bar Plaza {KCG Investment Properties, LLC}",evidenceOfInsurance,Evidence of Insurance,commercialGeneralLiability,Commercial General Liability,evidenceOfInsuranceCommercialGeneralLiabilityEachOccurrence,Each Occurrence,,matchOnce,must be greater or equal to,1000000,,non_compliant,Block Requirements,,,false,0,,2026-08-16
"Block Real Estate Services, LLC",69fdf74a62446148bd854b65,69fded1862446148bd848ea1,Studio 5 Beauty Boutique / Jayci Lynn Stratton,69fdef6abf1df2fe969214c6,"3rd657 - Sni-A-Bar Plaza {KCG Investment Properties, LLC}",evidenceOfInsurance,Evidence of Insurance,commercialGeneralLiability,Commercial General Liability,evidenceOfInsuranceCommercialGeneralLiabilityGeneralAggregate,General Aggregate,,matchOnce,must be greater or equal to,2000000,,non_compliant,Block Requirements,,,false,0,,2026-08-16
"Block Real Estate Services, LLC",69fdf74a62446148bd854b65,69fded1862446148bd848ea1,Studio 5 Beauty Boutique / Jayci Lynn Stratton,69fdef6abf1df2fe969214c6,"3rd657 - Sni-A-Bar Plaza {KCG Investment Properties, LLC}",evidenceOfInsurance,Evidence of Insurance,commercialGeneralLiability,Commercial General Liability,evidenceOfInsuranceCommercialGeneralLiabilityWaiverOfSubrogationEndorsement,Waiver of Subrogation,"---prompt---
Determine if the insurer has waived their right of subrogation in favor of the certificate holder under the Commercial General Liability policy. Evidence may include: a checked ""Waiver of Subrogation"" box on the certificate, mention in the Description of Operations section stating ""waiver of subrogation applies"", or reference to form CG 24 04. Look for language like ""subrogation is waived"" or ""per written contract"".",matchOnce,must be present,,,non_compliant,Block Requirements,,,false,0,,2026-08-16
"Block Real Estate Services, LLC",69fdf74a62446148bd854b65,69fded1862446148bd848ea1,Studio 5 Beauty Boutique / Jayci Lynn Stratton,69fdef6abf1df2fe969214c6,"3rd657 - Sni-A-Bar Plaza {KCG Investment Properties, LLC}",evidenceOfInsurance,Evidence of Insurance,excessOrUmbrellaLiability,Umbrella/Excess Liability,evidenceOfInsuranceExcessOrUmbrellaLiabilityOccurence,Coverage Trigger: Occurrence,,matchOnce,must be present,,,non_compliant,Block Requirements,,,false,0,,2026-08-16
"Block Real Estate Services, LLC",69fdf74a62446148bd854b65,69fded1862446148bd848ea1,Studio 5 Beauty Boutique / Jayci Lynn Stratton,69fdef6abf1df2fe969214c6,"3rd657 - Sni-A-Bar Plaza {KCG Investment Properties, LLC}",evidenceOfInsurance,Evidence of Insurance,excessOrUmbrellaLiability,Umbrella/Excess Liability,evidenceOfInsuranceExcessOrUmbrellaLiabilityEachOccurrence,Each Occurrence,,matchOnce,must be greater or equal to,1000000,,non_compliant,Block Requirements,,,false,0,,2026-08-16
"Block Real Estate Services, LLC",69fdf74a62446148bd854b65,69fded1862446148bd848ea1,Studio 5 Beauty Boutique / Jayci Lynn Stratton,69fdef6abf1df2fe969214c6,"3rd657 - Sni-A-Bar Plaza {KCG Investment Properties, LLC}",evidenceOfInsurance,Evidence of Insurance,excessOrUmbrellaLiability,Umbrella/Excess Liability,evidenceOfInsuranceExcessOrUmbrellaLiabilityAggregate,Aggregate,,matchOnce,must be greater or equal to,1000000,,non_compliant,Block Requirements,,,false,0,,2026-08-16
"Block Real Estate Services, LLC",69fdf74a62446148bd854b65,69fded1862446148bd848ea1,Studio 5 Beauty Boutique / Jayci Lynn Stratton,69fdef6abf1df2fe969214c6,"3rd657 - Sni-A-Bar Plaza {KCG Investment Properties, LLC}",evidenceOfInsurance,Evidence of Insurance,workersCompensation,Workers' Compensation and Employer's Liability,evidenceOfInsuranceWorkersCompensationStatutoryLimits,Statutory Limits,,matchOnce,must be present,,,non_compliant,Block Requirements,,,false,0,,2026-08-16
"Block Real Estate Services, LLC",69fdf74a62446148bd854b65,69fded1862446148bd848ea1,Studio 5 Beauty Boutique / Jayci Lynn Stratton,69fdef6abf1df2fe969214c6,"3rd657 - Sni-A-Bar Plaza {KCG Investment Properties, LLC}",evidenceOfInsurance,Evidence of Insurance,workersCompensation,Workers' Compensation and Employer's Liability,evidenceOfInsuranceWorkersCompensationEmployersLiabilityEachAccident,Employer's Liability Each Accident,,matchOnce,must be greater or equal to,500000,,non_compliant,Block Requirements,,,false,0,,2026-08-16
"Block Real Estate Services, LLC",69fdf74a62446148bd854b65,69fded1862446148bd848ea1,Studio 5 Beauty Boutique / Jayci Lynn Stratton,69fdef6abf1df2fe969214c6,"3rd657 - Sni-A-Bar Plaza {KCG Investment Properties, LLC}",evidenceOfInsurance,Evidence of Insurance,workersCompensation,Workers' Compensation and Employer's Liability,evidenceOfInsuranceWorkersCompensationEmployersLiabilityDiseaseEachEmployee,Employer's Liability Disease - each employee,,matchOnce,must be greater or equal to,500000,,non_compliant,Block Requirements,,,false,0,,2026-08-16
"Block Real Estate Services, LLC",69fdf74a62446148bd854b65,69fded1862446148bd848ea1,Studio 5 Beauty Boutique / Jayci Lynn Stratton,69fdef6abf1df2fe969214c6,"3rd657 - Sni-A-Bar Plaza {KCG Investment Properties, LLC}",evidenceOfInsurance,Evidence of Insurance,workersCompensation,Workers' Compensation and Employer's Liability,evidenceOfInsuranceWorkersCompensationEmployersLiabilityDiseasePolicyLimit,Employer's Liability Disease - policy limit,,matchOnce,must be greater or equal to,500000,,non_compliant,Block Requirements,,,false,0,,2026-08-16
"Block Real Estate Services, LLC",69fdf74a62446148bd854b65,69fded1862446148bd848ea1,Studio 5 Beauty Boutique / Jayci Lynn Stratton,69fdef6abf1df2fe969214c6,"3rd657 - Sni-A-Bar Plaza {KCG Investment Properties, LLC}",evidenceOfInsurance,Evidence of Insurance,workersCompensation,Workers' Compensation and Employer's Liability,evidenceOfInsuranceWorkersCompensationWaiverOfSubrogationEndorsement,Waiver of Subrogation,"---prompt---
Determine if the insurer has waived their right of subrogation in favor of the certificate holder under the Workers' Compensation policy. Evidence may include: a checked ""Waiver of Subrogation"" box on the certificate, mention in the Description of Operations section stating ""waiver of subrogation applies"", or reference to form WC 00 03 13. Look for language like ""subrogation is waived"" or ""per written contract"".",matchOnce,must be present,,,non_compliant,Block Requirements,,,false,0,,2026-08-16
"Block Real Estate Services, LLC",69fdf74a62446148bd854b65,69fded1862446148bd848ea1,Studio 5 Beauty Boutique / Jayci Lynn Stratton,69fdef6abf1df2fe969214c6,"3rd657 - Sni-A-Bar Plaza {KCG Investment Properties, LLC}",evidenceOfInsurance,Evidence of Insurance,6ac20aae-5728-5d57-b364-aeba38527dba,Additional Requirements,4da5b0f1-4c9d-5885-8cf8-5d3cccaed3e0,"Block Real Estate Services, LLC and all others required by contract are named as Additional Insureds","---prompt---
Determine if the Description of Operations or the Additional Remarks Schedule section states the ""Additional Insured as Construction Management, Inc. and all others required by contract"" or reference to blanket additional insured coverage. Look for language like ""certificate holder is additional insured"" or ""per written contract"".",matchOnce,must be present,,,non_compliant,Block Requirements,,,true,0,,2026-08-16
"Block Real Estate Services, LLC",69fdf74a62446148bd854b65,69fded1862446148bd848ea1,Studio 5 Beauty Boutique / Jayci Lynn Stratton,69fdef6abf1df2fe969214c6,"3rd657 - Sni-A-Bar Plaza {KCG Investment Properties, LLC}",evidenceOfInsurance,Evidence of Insurance,6ac20aae-5728-5d57-b364-aeba38527dba,Additional Requirements,e1017741-e47e-5f58-97b8-fbc3043e919f,Umbrella follows form over General Liability,"---prompt---
Determine if the Umbrella/Excess Liability policy follows form to the underlying policies. Evidence may include: language in the Description of Operations section stating the umbrella follows form to underlying coverages or an additional page endorsement stating that it follows form. Follow form means the umbrella policy adopts the same terms, conditions, and exclusions as the underlying policies.",matchOnce,must be present,,,non_compliant,Block Requirements,,,true,0,,2026-08-16
"Block Real Estate Services, LLC",69fdf74a62446148bd854b65,69fded1862446148bd848ea1,Studio 5 Beauty Boutique / Jayci Lynn Stratton,69fdef6abf1df2fe969214c6,"3rd657 - Sni-A-Bar Plaza {KCG Investment Properties, LLC}",evidenceOfInsurance,Evidence of Insurance,6ac20aae-5728-5d57-b364-aeba38527dba,Additional Requirements,2cdd866f-c9a4-576a-afd8-1d045762790c,"The location must be listed as: 1440, 1442 SW Eagles Parkway, Grain Valley, MO, 64029",,matchOnce,must be present,,,non_compliant,Block Requirements,,,true,0,,2026-08-16
"Block Real Estate Services, LLC",69fdf74a62446148bd854b65,69fded1862446148bd848ea1,Studio 5 Beauty Boutique / Jayci Lynn Stratton,69fdef6abf1df2fe969214c6,"3rd657 - Sni-A-Bar Plaza {KCG Investment Properties, LLC}",evidenceOfInsurance,Evidence of Insurance,6ac20aae-5728-5d57-b364-aeba38527dba,Additional Requirements,3649e9d1-4e09-59bf-8f30-cb33c40cf117,"Certificate Holder must read: c/o Block Real Estate Services, LLC, 4622 Pennsylvania St., Suite 700, Kansas City, MO, 64112",,matchOnce,must be present,,,non_compliant,Block Requirements,,,true,0,,2026-08-16
"Block Real Estate Services, LLC",69fdf74a62446148bd854b5f,69fded0e62446148bd848bbf,Baking With A Bass / Kayla Bass,69fdef6abf1df2fe969214c6,"3rd657 - Sni-A-Bar Plaza {KCG Investment Properties, LLC}",evidenceOfInsurance,Evidence of Insurance,commercialGeneralLiability,Commercial General Liability,evidenceOfInsuranceCommercialGeneralLiabilityCoverageTriggerOccurrence,Coverage Trigger: Occurrence,,matchOnce,must be present,,Present,compliant,Block Requirements,,,false,2,,2026-08-16
"Block Real Estate Services, LLC",69fdf74a62446148bd854b5f,69fded0e62446148bd848bbf,Baking With A Bass / Kayla Bass,69fdef6abf1df2fe969214c6,"3rd657 - Sni-A-Bar Plaza {KCG Investment Properties, LLC}",evidenceOfInsurance,Evidence of Insurance,commercialGeneralLiability,Commercial General Liability,evidenceOfInsuranceCommercialGeneralLiabilityGeneralAggregateLimitAppliesPerLocation,General Aggregate Limit Applies per: Location,,matchOnce,must be present,,,waived,Block Requirements,Per location not a requirement in the lease,,false,0,,2026-08-16
"Block Real Estate Services, LLC",69fdf74a62446148bd854b5f,69fded0e62446148bd848bbf,Baking With A Bass / Kayla Bass,69fdef6abf1df2fe969214c6,"3rd657 - Sni-A-Bar Plaza {KCG Investment Properties, LLC}",evidenceOfInsurance,Evidence of Insurance,commercialGeneralLiability,Commercial General Liability,evidenceOfInsuranceCommercialGeneralLiabilityEachOccurrence,Each Occurrence,,matchOnce,must be greater or equal to,1000000,1000000,compliant,Block Requirements,,,false,2,,2026-08-16
"Block Real Estate Services, LLC",69fdf74a62446148bd854b5f,69fded0e62446148bd848bbf,Baking With A Bass / Kayla Bass,69fdef6abf1df2fe969214c6,"3rd657 - Sni-A-Bar Plaza {KCG Investment Properties, LLC}",evidenceOfInsurance,Evidence of Insurance,commercialGeneralLiability,Commercial General Liability,evidenceOfInsuranceCommercialGeneralLiabilityGeneralAggregate,General Aggregate,,matchOnce,must be greater or equal to,2000000,2000000,compliant,Block Requirements,,,false,2,,2026-08-16
"Block Real Estate Services, LLC",69fdf74a62446148bd854b5f,69fded0e62446148bd848bbf,Baking With A Bass / Kayla Bass,69fdef6abf1df2fe969214c6,"3rd657 - Sni-A-Bar Plaza {KCG Investment Properties, LLC}",evidenceOfInsurance,Evidence of Insurance,commercialGeneralLiability,Commercial General Liability,evidenceOfInsuranceCommercialGeneralLiabilityWaiverOfSubrogationEndorsement,Waiver of Subrogation,"---prompt---
Determine if the insurer has waived their right of subrogation in favor of the certificate holder under the Commercial General Liability policy. Evidence may include: a checked ""Waiver of Subrogation"" box on the certificate, mention in the Description of Operations section stating ""waiver of subrogation applies"", or reference to form CG 24 04. Look for language like ""subrogation is waived"" or ""per written contract"".",matchOnce,must be present,,Present,compliant,Block Requirements,,,false,2,,2026-08-16
"Block Real Estate Services, LLC",69fdf74a62446148bd854b5f,69fded0e62446148bd848bbf,Baking With A Bass / Kayla Bass,69fdef6abf1df2fe969214c6,"3rd657 - Sni-A-Bar Plaza {KCG Investment Properties, LLC}",evidenceOfInsurance,Evidence of Insurance,excessOrUmbrellaLiability,Umbrella/Excess Liability,evidenceOfInsuranceExcessOrUmbrellaLiabilityOccurence,Coverage Trigger: Occurrence,,matchOnce,must be present,,Present,waived,Block Requirements,,,false,2,,2026-08-16
"Block Real Estate Services, LLC",69fdf74a62446148bd854b5f,69fded0e62446148bd848bbf,Baking With A Bass / Kayla Bass,69fdef6abf1df2fe969214c6,"3rd657 - Sni-A-Bar Plaza {KCG Investment Properties, LLC}",evidenceOfInsurance,Evidence of Insurance,excessOrUmbrellaLiability,Umbrella/Excess Liability,evidenceOfInsuranceExcessOrUmbrellaLiabilityEachOccurrence,Each Occurrence,,matchOnce,must be greater or equal to,1000000,1000000,waived,Block Requirements,,,false,2,,2026-08-16
"Block Real Estate Services, LLC",69fdf74a62446148bd854b5f,69fded0e62446148bd848bbf,Baking With A Bass / Kayla Bass,69fdef6abf1df2fe969214c6,"3rd657 - Sni-A-Bar Plaza {KCG Investment Properties, LLC}",evidenceOfInsurance,Evidence of Insurance,excessOrUmbrellaLiability,Umbrella/Excess Liability,evidenceOfInsuranceExcessOrUmbrellaLiabilityAggregate,Aggregate,,matchOnce,must be greater or equal to,1000000,1000000,waived,Block Requirements,,,false,2,,2026-08-16
"Block Real Estate Services, LLC",69fdf74a62446148bd854b5f,69fded0e62446148bd848bbf,Baking With A Bass / Kayla Bass,69fdef6abf1df2fe969214c6,"3rd657 - Sni-A-Bar Plaza {KCG Investment Properties, LLC}",evidenceOfInsurance,Evidence of Insurance,workersCompensation,Workers' Compensation and Employer's Liability,evidenceOfInsuranceWorkersCompensationStatutoryLimits,Statutory Limits,,matchOnce,must be present,,Present,waived,Block Requirements,,,false,1,,2026-08-16
"Block Real Estate Services, LLC",69fdf74a62446148bd854b5f,69fded0e62446148bd848bbf,Baking With A Bass / Kayla Bass,69fdef6abf1df2fe969214c6,"3rd657 - Sni-A-Bar Plaza {KCG Investment Properties, LLC}",evidenceOfInsurance,Evidence of Insurance,workersCompensation,Workers' Compensation and Employer's Liability,evidenceOfInsuranceWorkersCompensationEmployersLiabilityEachAccident,Employer's Liability Each Accident,,matchOnce,must be greater or equal to,500000,500000,waived,Block Requirements,,,false,1,,2026-08-16
"Block Real Estate Services, LLC",69fdf74a62446148bd854b5f,69fded0e62446148bd848bbf,Baking With A Bass / Kayla Bass,69fdef6abf1df2fe969214c6,"3rd657 - Sni-A-Bar Plaza {KCG Investment Properties, LLC}",evidenceOfInsurance,Evidence of Insurance,workersCompensation,Workers' Compensation and Employer's Liability,evidenceOfInsuranceWorkersCompensationEmployersLiabilityDiseaseEachEmployee,Employer's Liability Disease - each employee,,matchOnce,must be greater or equal to,500000,500000,waived,Block Requirements,,,false,1,,2026-08-16
"Block Real Estate Services, LLC",69fdf74a62446148bd854b5f,69fded0e62446148bd848bbf,Baking With A Bass / Kayla Bass,69fdef6abf1df2fe969214c6,"3rd657 - Sni-A-Bar Plaza {KCG Investment Properties, LLC}",evidenceOfInsurance,Evidence of Insurance,workersCompensation,Workers' Compensation and Employer's Liability,evidenceOfInsuranceWorkersCompensationEmployersLiabilityDiseasePolicyLimit,Employer's Liability Disease - policy limit,,matchOnce,must be greater or equal to,500000,500000,waived,Block Requirements,,,false,1,,2026-08-16
"Block Real Estate Services, LLC",69fdf74a62446148bd854b5f,69fded0e62446148bd848bbf,Baking With A Bass / Kayla Bass,69fdef6abf1df2fe969214c6,"3rd657 - Sni-A-Bar Plaza {KCG Investment Properties, LLC}",evidenceOfInsurance,Evidence of Insurance,workersCompensation,Workers' Compensation and Employer's Liability,evidenceOfInsuranceWorkersCompensationWaiverOfSubrogationEndorsement,Waiver of Subrogation,"---prompt---
Determine if the insurer has waived their right of subrogation in favor of the certificate holder under the Workers' Compensation policy. Evidence may include: a checked ""Waiver of Subrogation"" box on the certificate, mention in the Description of Operations section stating ""waiver of subrogation applies"", or reference to form WC 00 03 13. Look for language like ""subrogation is waived"" or ""per written contract"".",matchOnce,must be present,,Present,waived,Block Requirements,,,false,1,,2026-08-16
"Block Real Estate Services, LLC",69fdf74a62446148bd854b5f,69fded0e62446148bd848bbf,Baking With A Bass / Kayla Bass,69fdef6abf1df2fe969214c6,"3rd657 - Sni-A-Bar Plaza {KCG Investment Properties, LLC}",evidenceOfInsurance,Evidence of Insurance,6ac20aae-5728-5d57-b364-aeba38527dba,Additional Requirements,4da5b0f1-4c9d-5885-8cf8-5d3cccaed3e0,"Block Real Estate Services, LLC and all others required by contract are named as Additional Insureds","---prompt---
Determine if the Description of Operations or the Additional Remarks Schedule section states the ""Additional Insured as Construction Management, Inc. and all others required by contract"" or reference to blanket additional insured coverage. Look for language like ""certificate holder is additional insured"" or ""per written contract"".",matchOnce,must be present,,Present,compliant,Block Requirements,,,true,1,,2026-08-16
"Block Real Estate Services, LLC",69fdf74a62446148bd854b5f,69fded0e62446148bd848bbf,Baking With A Bass / Kayla Bass,69fdef6abf1df2fe969214c6,"3rd657 - Sni-A-Bar Plaza {KCG Investment Properties, LLC}",evidenceOfInsurance,Evidence of Insurance,6ac20aae-5728-5d57-b364-aeba38527dba,Additional Requirements,e1017741-e47e-5f58-97b8-fbc3043e919f,Umbrella follows form over General Liability,"---prompt---
Determine if the Umbrella/Excess Liability policy follows form to the underlying policies. Evidence may include: language in the Description of Operations section stating the umbrella follows form to underlying coverages or an additional page endorsement stating that it follows form. Follow form means the umbrella policy adopts the same terms, conditions, and exclusions as the underlying policies.",matchOnce,must be present,,Present,waived,Block Requirements,Umbrella not a requirement in the lease,,true,1,,2026-08-16
"Block Real Estate Services, LLC",69fdf74a62446148bd854b5f,69fded0e62446148bd848bbf,Baking With A Bass / Kayla Bass,69fdef6abf1df2fe969214c6,"3rd657 - Sni-A-Bar Plaza {KCG Investment Properties, LLC}",evidenceOfInsurance,Evidence of Insurance,6ac20aae-5728-5d57-b364-aeba38527dba,Additional Requirements,2cdd866f-c9a4-576a-afd8-1d045762790c,"The location must be listed as: 1428 SW Eagles Parkway, Grain Valley, MO, 64029",,matchOnce,must be present,,Present,compliant,Block Requirements,,,true,1,,2026-08-16
"Block Real Estate Services, LLC",69fdf74a62446148bd854b5f,69fded0e62446148bd848bbf,Baking With A Bass / Kayla Bass,69fdef6abf1df2fe969214c6,"3rd657 - Sni-A-Bar Plaza {KCG Investment Properties, LLC}",evidenceOfInsurance,Evidence of Insurance,6ac20aae-5728-5d57-b364-aeba38527dba,Additional Requirements,3649e9d1-4e09-59bf-8f30-cb33c40cf117,"Certificate Holder must read: c/o Block Real Estate Services, LLC, 4622 Pennsylvania St., Suite 700, Kansas City, MO, 64112",,matchOnce,must be present,,Present,compliant,Block Requirements,,,true,1,,2026-08-16
"Block Real Estate Services, LLC",69fdf74a62446148bd854b61,69fded1162446148bd848c79,CigaWatt LLC,69fdef6abf1df2fe969214c6,"3rd657 - Sni-A-Bar Plaza {KCG Investment Properties, LLC}",evidenceOfInsurance,Evidence of Insurance,commercialGeneralLiability,Commercial General Liability,evidenceOfInsuranceCommercialGeneralLiabilityCoverageTriggerOccurrence,Coverage Trigger: Occurrence,,matchOnce,must be present,,,non_compliant,Block Requirements,,,false,0,,2026-08-16
"Block Real Estate Services, LLC",69fdf74a62446148bd854b61,69fded1162446148bd848c79,CigaWatt LLC,69fdef6abf1df2fe969214c6,"3rd657 - Sni-A-Bar Plaza {KCG Investment Properties, LLC}",evidenceOfInsurance,Evidence of Insurance,commercialGeneralLiability,Commercial General Liability,evidenceOfInsuranceCommercialGeneralLiabilityGeneralAggregateLimitAppliesPerLocation,General Aggregate Limit Applies per: Location,,matchOnce,must be present,,,non_compliant,Block Requirements,,,false,0,,2026-08-16
"Block Real Estate Services, LLC",69fdf74a62446148bd854b61,69fded1162446148bd848c79,CigaWatt LLC,69fdef6abf1df2fe969214c6,"3rd657 - Sni-A-Bar Plaza {KCG Investment Properties, LLC}",evidenceOfInsurance,Evidence of Insurance,commercialGeneralLiability,Commercial General Liability,evidenceOfInsuranceCommercialGeneralLiabilityEachOccurrence,Each Occurrence,,matchOnce,must be greater or equal to,1000000,,non_compliant,Block Requirements,,,false,0,,2026-08-16
"Block Real Estate Services, LLC",69fdf74a62446148bd854b61,69fded1162446148bd848c79,CigaWatt LLC,69fdef6abf1df2fe969214c6,"3rd657 - Sni-A-Bar Plaza {KCG Investment Properties, LLC}",evidenceOfInsurance,Evidence of Insurance,commercialGeneralLiability,Commercial General Liability,evidenceOfInsuranceCommercialGeneralLiabilityGeneralAggregate,General Aggregate,,matchOnce,must be greater or equal to,2000000,,non_compliant,Block Requirements,,,false,0,,2026-08-16
"Block Real Estate Services, LLC",69fdf74a62446148bd854b61,69fded1162446148bd848c79,CigaWatt LLC,69fdef6abf1df2fe969214c6,"3rd657 - Sni-A-Bar Plaza {KCG Investment Properties, LLC}",evidenceOfInsurance,Evidence of Insurance,commercialGeneralLiability,Commercial General Liability,evidenceOfInsuranceCommercialGeneralLiabilityWaiverOfSubrogationEndorsement,Waiver of Subrogation,"---prompt---
Determine if the insurer has waived their right of subrogation in favor of the certificate holder under the Commercial General Liability policy. Evidence may include: a checked ""Waiver of Subrogation"" box on the certificate, mention in the Description of Operations section stating ""waiver of subrogation applies"", or reference to form CG 24 04. Look for language like ""subrogation is waived"" or ""per written contract"".",matchOnce,must be present,,,non_compliant,Block Requirements,,,false,0,,2026-08-16
"Block Real Estate Services, LLC",69fdf74a62446148bd854b61,69fded1162446148bd848c79,CigaWatt LLC,69fdef6abf1df2fe969214c6,"3rd657 - Sni-A-Bar Plaza {KCG Investment Properties, LLC}",evidenceOfInsurance,Evidence of Insurance,excessOrUmbrellaLiability,Umbrella/Excess Liability,evidenceOfInsuranceExcessOrUmbrellaLiabilityOccurence,Coverage Trigger: Occurrence,,matchOnce,must be present,,,non_compliant,Block Requirements,,,false,0,,2026-08-16
"Block Real Estate Services, LLC",69fdf74a62446148bd854b61,69fded1162446148bd848c79,CigaWatt LLC,69fdef6abf1df2fe969214c6,"3rd657 - Sni-A-Bar Plaza {KCG Investment Properties, LLC}",evidenceOfInsurance,Evidence of Insurance,excessOrUmbrellaLiability,Umbrella/Excess Liability,evidenceOfInsuranceExcessOrUmbrellaLiabilityEachOccurrence,Each Occurrence,,matchOnce,must be greater or equal to,1000000,,non_compliant,Block Requirements,,,false,0,,2026-08-16
"Block Real Estate Services, LLC",69fdf74a62446148bd854b61,69fded1162446148bd848c79,CigaWatt LLC,69fdef6abf1df2fe969214c6,"3rd657 - Sni-A-Bar Plaza {KCG Investment Properties, LLC}",evidenceOfInsurance,Evidence of Insurance,excessOrUmbrellaLiability,Umbrella/Excess Liability,evidenceOfInsuranceExcessOrUmbrellaLiabilityAggregate,Aggregate,,matchOnce,must be greater or equal to,1000000,,non_compliant,Block Requirements,,,false,0,,2026-08-16
"Block Real Estate Services, LLC",69fdf74a62446148bd854b61,69fded1162446148bd848c79,CigaWatt LLC,69fdef6abf1df2fe969214c6,"3rd657 - Sni-A-Bar Plaza {KCG Investment Properties, LLC}",evidenceOfInsurance,Evidence of Insurance,workersCompensation,Workers' Compensation and Employer's Liability,evidenceOfInsuranceWorkersCompensationStatutoryLimits,Statutory Limits,,matchOnce,must be present,,,non_compliant,Block Requirements,,,false,0,,2026-08-16
"Block Real Estate Services, LLC",69fdf74a62446148bd854b61,69fded1162446148bd848c79,CigaWatt LLC,69fdef6abf1df2fe969214c6,"3rd657 - Sni-A-Bar Plaza {KCG Investment Properties, LLC}",evidenceOfInsurance,Evidence of Insurance,workersCompensation,Workers' Compensation and Employer's Liability,evidenceOfInsuranceWorkersCompensationEmployersLiabilityEachAccident,Employer's Liability Each Accident,,matchOnce,must be greater or equal to,500000,,non_compliant,Block Requirements,,,false,0,,2026-08-16
"Block Real Estate Services, LLC",69fdf74a62446148bd854b61,69fded1162446148bd848c79,CigaWatt LLC,69fdef6abf1df2fe969214c6,"3rd657 - Sni-A-Bar Plaza {KCG Investment Properties, LLC}",evidenceOfInsurance,Evidence of Insurance,workersCompensation,Workers' Compensation and Employer's Liability,evidenceOfInsuranceWorkersCompensationEmployersLiabilityDiseaseEachEmployee,Employer's Liability Disease - each employee,,matchOnce,must be greater or equal to,500000,,non_compliant,Block Requirements,,,false,0,,2026-08-16
"Block Real Estate Services, LLC",69fdf74a62446148bd854b61,69fded1162446148bd848c79,CigaWatt LLC,69fdef6abf1df2fe969214c6,"3rd657 - Sni-A-Bar Plaza {KCG Investment Properties, LLC}",evidenceOfInsurance,Evidence of Insurance,workersCompensation,Workers' Compensation and Employer's Liability,evidenceOfInsuranceWorkersCompensationEmployersLiabilityDiseasePolicyLimit,Employer's Liability Disease - policy limit,,matchOnce,must be greater or equal to,500000,,non_compliant,Block Requirements,,,false,0,,2026-08-16
"Block Real Estate Services, LLC",69fdf74a62446148bd854b61,69fded1162446148bd848c79,CigaWatt LLC,69fdef6abf1df2fe969214c6,"3rd657 - Sni-A-Bar Plaza {KCG Investment Properties, LLC}",evidenceOfInsurance,Evidence of Insurance,workersCompensation,Workers' Compensation and Employer's Liability,evidenceOfInsuranceWorkersCompensationWaiverOfSubrogationEndorsement,Waiver of Subrogation,"---prompt---
Determine if the insurer has waived their right of subrogation in favor of the certificate holder under the Workers' Compensation policy. Evidence may include: a checked ""Waiver of Subrogation"" box on the certificate, mention in the Description of Operations section stating ""waiver of subrogation applies"", or reference to form WC 00 03 13. Look for language like ""subrogation is waived"" or ""per written contract"".",matchOnce,must be present,,,non_compliant,Block Requirements,,,false,0,,2026-08-16
"Block Real Estate Services, LLC",69fdf74a62446148bd854b61,69fded1162446148bd848c79,CigaWatt LLC,69fdef6abf1df2fe969214c6,"3rd657 - Sni-A-Bar Plaza {KCG Investment Properties, LLC}",evidenceOfInsurance,Evidence of Insurance,6ac20aae-5728-5d57-b364-aeba38527dba,Additional Requirements,4da5b0f1-4c9d-5885-8cf8-5d3cccaed3e0,"Block Real Estate Services, LLC and all others required by contract are named as Additional Insureds","---prompt---
Determine if the Description of Operations or the Additional Remarks Schedule section states the ""Additional Insured as Construction Management, Inc. and all others required by contract"" or reference to blanket additional insured coverage. Look for language like ""certificate holder is additional insured"" or ""per written contract"".",matchOnce,must be present,,,non_compliant,Block Requirements,,,true,0,,2026-08-16
"Block Real Estate Services, LLC",69fdf74a62446148bd854b61,69fded1162446148bd848c79,CigaWatt LLC,69fdef6abf1df2fe969214c6,"3rd657 - Sni-A-Bar Plaza {KCG Investment Properties, LLC}",evidenceOfInsurance,Evidence of Insurance,6ac20aae-5728-5d57-b364-aeba38527dba,Additional Requirements,e1017741-e47e-5f58-97b8-fbc3043e919f,Umbrella follows form over General Liability,"---prompt---
Determine if the Umbrella/Excess Liability policy follows form to the underlying policies. Evidence may include: language in the Description of Operations section stating the umbrella follows form to underlying coverages or an additional page endorsement stating that it follows form. Follow form means the umbrella policy adopts the same terms, conditions, and exclusions as the underlying policies.",matchOnce,must be present,,,non_compliant,Block Requirements,,,true,0,,2026-08-16
"Block Real Estate Services, LLC",69fdf74a62446148bd854b61,69fded1162446148bd848c79,CigaWatt LLC,69fdef6abf1df2fe969214c6,"3rd657 - Sni-A-Bar Plaza {KCG Investment Properties, LLC}",evidenceOfInsurance,Evidence of Insurance,6ac20aae-5728-5d57-b364-aeba38527dba,Additional Requirements,2cdd866f-c9a4-576a-afd8-1d045762790c,"The location must be listed as: 1420 SW Eagles Parkway, Grain Valley, MO, 64029",,matchOnce,must be present,,,non_compliant,Block Requirements,,,true,0,,2026-08-16
"Block Real Estate Services, LLC",69fdf74a62446148bd854b61,69fded1162446148bd848c79,CigaWatt LLC,69fdef6abf1df2fe969214c6,"3rd657 - Sni-A-Bar Plaza {KCG Investment Properties, LLC}",evidenceOfInsurance,Evidence of Insurance,6ac20aae-5728-5d57-b364-aeba38527dba,Additional Requirements,3649e9d1-4e09-59bf-8f30-cb33c40cf117,"Certificate Holder must read: c/o Block Real Estate Services, LLC, 4622 Pennsylvania St., Suite 700, Kansas City, MO, 64112",,matchOnce,must be present,,,non_compliant,Block Requirements,,,true,0,,2026-08-16
"Block Real Estate Services, LLC",69fdf74a62446148bd854b63,69fded1662446148bd848e17,Sni Valley Academy / Dr. Warren L. Moss - Grain Valley School District,69fdef6abf1df2fe969214c6,"3rd657 - Sni-A-Bar Plaza {KCG Investment Properties, LLC}",evidenceOfInsurance,Evidence of Insurance,commercialGeneralLiability,Commercial General Liability,evidenceOfInsuranceCommercialGeneralLiabilityCoverageTriggerOccurrence,Coverage Trigger: Occurrence,,matchOnce,must be present,,Present,compliant,Block Requirements,,,false,1,,2026-08-16
"Block Real Estate Services, LLC",69fdf74a62446148bd854b63,69fded1662446148bd848e17,Sni Valley Academy / Dr. Warren L. Moss - Grain Valley School District,69fdef6abf1df2fe969214c6,"3rd657 - Sni-A-Bar Plaza {KCG Investment Properties, LLC}",evidenceOfInsurance,Evidence of Insurance,commercialGeneralLiability,Commercial General Liability,evidenceOfInsuranceCommercialGeneralLiabilityGeneralAggregateLimitAppliesPerLocation,General Aggregate Limit Applies per: Location,,matchOnce,must be present,,,non_compliant,Block Requirements,,,false,0,,2026-08-16
"Block Real Estate Services, LLC",69fdf74a62446148bd854b63,69fded1662446148bd848e17,Sni Valley Academy / Dr. Warren L. Moss - Grain Valley School District,69fdef6abf1df2fe969214c6,"3rd657 - Sni-A-Bar Plaza {KCG Investment Properties, LLC}",evidenceOfInsurance,Evidence of Insurance,commercialGeneralLiability,Commercial General Liability,evidenceOfInsuranceCommercialGeneralLiabilityEachOccurrence,Each Occurrence,,matchOnce,must be greater or equal to,1000000,3500000,compliant,Block Requirements,,,false,1,,2026-08-16
"Block Real Estate Services, LLC",69fdf74a62446148bd854b63,69fded1662446148bd848e17,Sni Valley Academy / Dr. Warren L. Moss - Grain Valley School District,69fdef6abf1df2fe969214c6,"3rd657 - Sni-A-Bar Plaza {KCG Investment Properties, LLC}",evidenceOfInsurance,Evidence of Insurance,commercialGeneralLiability,Commercial General Liability,evidenceOfInsuranceCommercialGeneralLiabilityGeneralAggregate,General Aggregate,,matchOnce,must be greater or equal to,2000000,,overridden,Block Requirements,GL Aggregate states unlimited,,false,0,2026-12-31,2026-08-16
"Block Real Estate Services, LLC",69fdf74a62446148bd854b63,69fded1662446148bd848e17,Sni Valley Academy / Dr. Warren L. Moss - Grain Valley School District,69fdef6abf1df2fe969214c6,"3rd657 - Sni-A-Bar Plaza {KCG Investment Properties, LLC}",evidenceOfInsurance,Evidence of Insurance,commercialGeneralLiability,Commercial General Liability,evidenceOfInsuranceCommercialGeneralLiabilityWaiverOfSubrogationEndorsement,Waiver of Subrogation,"---prompt---
Determine if the insurer has waived their right of subrogation in favor of the certificate holder under the Commercial General Liability policy. Evidence may include: a checked ""Waiver of Subrogation"" box on the certificate, mention in the Description of Operations section stating ""waiver of subrogation applies"", or reference to form CG 24 04. Look for language like ""subrogation is waived"" or ""per written contract"".",matchOnce,must be present,,,non_compliant,Block Requirements,,,false,0,,2026-08-16
"Block Real Estate Services, LLC",69fdf74a62446148bd854b63,69fded1662446148bd848e17,Sni Valley Academy / Dr. Warren L. Moss - Grain Valley School District,69fdef6abf1df2fe969214c6,"3rd657 - Sni-A-Bar Plaza {KCG Investment Properties, LLC}",evidenceOfInsurance,Evidence of Insurance,excessOrUmbrellaLiability,Umbrella/Excess Liability,evidenceOfInsuranceExcessOrUmbrellaLiabilityOccurence,Coverage Trigger: Occurrence,,matchOnce,must be present,,,waived,Block Requirements,,,false,0,,2026-08-16
"Block Real Estate Services, LLC",69fdf74a62446148bd854b63,69fded1662446148bd848e17,Sni Valley Academy / Dr. Warren L. Moss - Grain Valley School District,69fdef6abf1df2fe969214c6,"3rd657 - Sni-A-Bar Plaza {KCG Investment Properties, LLC}",evidenceOfInsurance,Evidence of Insurance,excessOrUmbrellaLiability,Umbrella/Excess Liability,evidenceOfInsuranceExcessOrUmbrellaLiabilityEachOccurrence,Each Occurrence,,matchOnce,must be greater or equal to,1000000,,waived,Block Requirements,,,false,0,,2026-08-16
"Block Real Estate Services, LLC",69fdf74a62446148bd854b63,69fded1662446148bd848e17,Sni Valley Academy / Dr. Warren L. Moss - Grain Valley School District,69fdef6abf1df2fe969214c6,"3rd657 - Sni-A-Bar Plaza {KCG Investment Properties, LLC}",evidenceOfInsurance,Evidence of Insurance,excessOrUmbrellaLiability,Umbrella/Excess Liability,evidenceOfInsuranceExcessOrUmbrellaLiabilityAggregate,Aggregate,,matchOnce,must be greater or equal to,1000000,,waived,Block Requirements,,,false,0,,2026-08-16
"Block Real Estate Services, LLC",69fdf74a62446148bd854b63,69fded1662446148bd848e17,Sni Valley Academy / Dr. Warren L. Moss - Grain Valley School District,69fdef6abf1df2fe969214c6,"3rd657 - Sni-A-Bar Plaza {KCG Investment Properties, LLC}",evidenceOfInsurance,Evidence of Insurance,workersCompensation,Workers' Compensation and Employer's Liability,evidenceOfInsuranceWorkersCompensationStatutoryLimits,Statutory Limits,,matchOnce,must be present,,Present,compliant,Block Requirements,,,false,1,,2026-08-16
"Block Real Estate Services, LLC",69fdf74a62446148bd854b63,69fded1662446148bd848e17,Sni Valley Academy / Dr. Warren L. Moss - Grain Valley School District,69fdef6abf1df2fe969214c6,"3rd657 - Sni-A-Bar Plaza {KCG Investment Properties, LLC}",evidenceOfInsurance,Evidence of Insurance,workersCompensation,Workers' Compensation and Employer's Liability,evidenceOfInsuranceWorkersCompensationEmployersLiabilityEachAccident,Employer's Liability Each Accident,,matchOnce,must be greater or equal to,500000,1000000,compliant,Block Requirements,,,false,1,,2026-08-16
"Block Real Estate Services, LLC",69fdf74a62446148bd854b63,69fded1662446148bd848e17,Sni Valley Academy / Dr. Warren L. Moss - Grain Valley School District,69fdef6abf1df2fe969214c6,"3rd657 - Sni-A-Bar Plaza {KCG Investment Properties, LLC}",evidenceOfInsurance,Evidence of Insurance,workersCompensation,Workers' Compensation and Employer's Liability,evidenceOfInsuranceWorkersCompensationEmployersLiabilityDiseaseEachEmployee,Employer's Liability Disease - each employee,,matchOnce,must be greater or equal to,500000,1000000,compliant,Block Requirements,,,false,1,,2026-08-16
"Block Real Estate Services, LLC",69fdf74a62446148bd854b63,69fded1662446148bd848e17,Sni Valley Academy / Dr. Warren L. Moss - Grain Valley School District,69fdef6abf1df2fe969214c6,"3rd657 - Sni-A-Bar Plaza {KCG Investment Properties, LLC}",evidenceOfInsurance,Evidence of Insurance,workersCompensation,Workers' Compensation and Employer's Liability,evidenceOfInsuranceWorkersCompensationEmployersLiabilityDiseasePolicyLimit,Employer's Liability Disease - policy limit,,matchOnce,must be greater or equal to,500000,1000000,compliant,Block Requirements,,,false,1,,2026-08-16
"Block Real Estate Services, LLC",69fdf74a62446148bd854b63,69fded1662446148bd848e17,Sni Valley Academy / Dr. Warren L. Moss - Grain Valley School District,69fdef6abf1df2fe969214c6,"3rd657 - Sni-A-Bar Plaza {KCG Investment Properties, LLC}",evidenceOfInsurance,Evidence of Insurance,workersCompensation,Workers' Compensation and Employer's Liability,evidenceOfInsuranceWorkersCompensationWaiverOfSubrogationEndorsement,Waiver of Subrogation,"---prompt---
Determine if the insurer has waived their right of subrogation in favor of the certificate holder under the Workers' Compensation policy. Evidence may include: a checked ""Waiver of Subrogation"" box on the certificate, mention in the Description of Operations section stating ""waiver of subrogation applies"", or reference to form WC 00 03 13. Look for language like ""subrogation is waived"" or ""per written contract"".",matchOnce,must be present,,,non_compliant,Block Requirements,,,false,0,,2026-08-16
"Block Real Estate Services, LLC",69fdf74a62446148bd854b63,69fded1662446148bd848e17,Sni Valley Academy / Dr. Warren L. Moss - Grain Valley School District,69fdef6abf1df2fe969214c6,"3rd657 - Sni-A-Bar Plaza {KCG Investment Properties, LLC}",evidenceOfInsurance,Evidence of Insurance,6ac20aae-5728-5d57-b364-aeba38527dba,Additional Requirements,4da5b0f1-4c9d-5885-8cf8-5d3cccaed3e0,"Block Real Estate Services, LLC and all others required by contract are named as Additional Insureds","---prompt---
Determine if the Description of Operations or the Additional Remarks Schedule section states the ""Additional Insured as Construction Management, Inc. and all others required by contract"" or reference to blanket additional insured coverage. Look for language like ""certificate holder is additional insured"" or ""per written contract"".",matchOnce,must be present,,Present,compliant,Block Requirements,,,true,1,,2026-08-16
"Block Real Estate Services, LLC",69fdf74a62446148bd854b63,69fded1662446148bd848e17,Sni Valley Academy / Dr. Warren L. Moss - Grain Valley School District,69fdef6abf1df2fe969214c6,"3rd657 - Sni-A-Bar Plaza {KCG Investment Properties, LLC}",evidenceOfInsurance,Evidence of Insurance,6ac20aae-5728-5d57-b364-aeba38527dba,Additional Requirements,e1017741-e47e-5f58-97b8-fbc3043e919f,Umbrella follows form over General Liability,"---prompt---
Determine if the Umbrella/Excess Liability policy follows form to the underlying policies. Evidence may include: language in the Description of Operations section stating the umbrella follows form to underlying coverages or an additional page endorsement stating that it follows form. Follow form means the umbrella policy adopts the same terms, conditions, and exclusions as the underlying policies.",matchOnce,must be present,,,waived,Block Requirements,Waived Umbrella requirement,,true,0,2026-12-31,2026-08-16
"Block Real Estate Services, LLC",69fdf74a62446148bd854b63,69fded1662446148bd848e17,Sni Valley Academy / Dr. Warren L. Moss - Grain Valley School District,69fdef6abf1df2fe969214c6,"3rd657 - Sni-A-Bar Plaza {KCG Investment Properties, LLC}",evidenceOfInsurance,Evidence of Insurance,6ac20aae-5728-5d57-b364-aeba38527dba,Additional Requirements,2cdd866f-c9a4-576a-afd8-1d045762790c,"The location must be listed as: 1414, 1416, 1418 SW Eagles Parkway, Grain Valley, MO, 64029",,matchOnce,must be present,,,non_compliant,Block Requirements,,,true,0,,2026-08-16
"Block Real Estate Services, LLC",69fdf74a62446148bd854b63,69fded1662446148bd848e17,Sni Valley Academy / Dr. Warren L. Moss - Grain Valley School District,69fdef6abf1df2fe969214c6,"3rd657 - Sni-A-Bar Plaza {KCG Investment Properties, LLC}",evidenceOfInsurance,Evidence of Insurance,6ac20aae-5728-5d57-b364-aeba38527dba,Additional Requirements,3649e9d1-4e09-59bf-8f30-cb33c40cf117,"Certificate Holder must read: c/o Block Real Estate Services, LLC, 4622 Pennsylvania St., Suite 700, Kansas City, MO, 64112",,matchOnce,must be present,,,non_compliant,Block Requirements,,,true,0,,2026-08-16
"Block Real Estate Services, LLC",69fdf74a62446148bd854b62,69fded1662446148bd848e14,Grain Valley Chop Shop,69fdef6abf1df2fe969214c6,"3rd657 - Sni-A-Bar Plaza {KCG Investment Properties, LLC}",evidenceOfInsurance,Evidence of Insurance,commercialGeneralLiability,Commercial General Liability,evidenceOfInsuranceCommercialGeneralLiabilityCoverageTriggerOccurrence,Coverage Trigger: Occurrence,,matchOnce,must be present,,,non_compliant,Block Requirements,,,false,0,,2026-08-16
"Block Real Estate Services, LLC",69fdf74a62446148bd854b62,69fded1662446148bd848e14,Grain Valley Chop Shop,69fdef6abf1df2fe969214c6,"3rd657 - Sni-A-Bar Plaza {KCG Investment Properties, LLC}",evidenceOfInsurance,Evidence of Insurance,commercialGeneralLiability,Commercial General Liability,evidenceOfInsuranceCommercialGeneralLiabilityGeneralAggregateLimitAppliesPerLocation,General Aggregate Limit Applies per: Location,,matchOnce,must be present,,,non_compliant,Block Requirements,,,false,0,,2026-08-16
"Block Real Estate Services, LLC",69fdf74a62446148bd854b62,69fded1662446148bd848e14,Grain Valley Chop Shop,69fdef6abf1df2fe969214c6,"3rd657 - Sni-A-Bar Plaza {KCG Investment Properties, LLC}",evidenceOfInsurance,Evidence of Insurance,commercialGeneralLiability,Commercial General Liability,evidenceOfInsuranceCommercialGeneralLiabilityEachOccurrence,Each Occurrence,,matchOnce,must be greater or equal to,1000000,,non_compliant,Block Requirements,,,false,0,,2026-08-16
"Block Real Estate Services, LLC",69fdf74a62446148bd854b62,69fded1662446148bd848e14,Grain Valley Chop Shop,69fdef6abf1df2fe969214c6,"3rd657 - Sni-A-Bar Plaza {KCG Investment Properties, LLC}",evidenceOfInsurance,Evidence of Insurance,commercialGeneralLiability,Commercial General Liability,evidenceOfInsuranceCommercialGeneralLiabilityGeneralAggregate,General Aggregate,,matchOnce,must be greater or equal to,2000000,,non_compliant,Block Requirements,,,false,0,,2026-08-16
"Block Real Estate Services, LLC",69fdf74a62446148bd854b62,69fded1662446148bd848e14,Grain Valley Chop Shop,69fdef6abf1df2fe969214c6,"3rd657 - Sni-A-Bar Plaza {KCG Investment Properties, LLC}",evidenceOfInsurance,Evidence of Insurance,commercialGeneralLiability,Commercial General Liability,evidenceOfInsuranceCommercialGeneralLiabilityWaiverOfSubrogationEndorsement,Waiver of Subrogation,"---prompt---
Determine if the insurer has waived their right of subrogation in favor of the certificate holder under the Commercial General Liability policy. Evidence may include: a checked ""Waiver of Subrogation"" box on the certificate, mention in the Description of Operations section stating ""waiver of subrogation applies"", or reference to form CG 24 04. Look for language like ""subrogation is waived"" or ""per written contract"".",matchOnce,must be present,,,non_compliant,Block Requirements,,,false,0,,2026-08-16
"Block Real Estate Services, LLC",69fdf74a62446148bd854b62,69fded1662446148bd848e14,Grain Valley Chop Shop,69fdef6abf1df2fe969214c6,"3rd657 - Sni-A-Bar Plaza {KCG Investment Properties, LLC}",evidenceOfInsurance,Evidence of Insurance,excessOrUmbrellaLiability,Umbrella/Excess Liability,evidenceOfInsuranceExcessOrUmbrellaLiabilityOccurence,Coverage Trigger: Occurrence,,matchOnce,must be present,,,non_compliant,Block Requirements,,,false,0,,2026-08-16
"Block Real Estate Services, LLC",69fdf74a62446148bd854b62,69fded1662446148bd848e14,Grain Valley Chop Shop,69fdef6abf1df2fe969214c6,"3rd657 - Sni-A-Bar Plaza {KCG Investment Properties, LLC}",evidenceOfInsurance,Evidence of Insurance,excessOrUmbrellaLiability,Umbrella/Excess Liability,evidenceOfInsuranceExcessOrUmbrellaLiabilityEachOccurrence,Each Occurrence,,matchOnce,must be greater or equal to,1000000,,non_compliant,Block Requirements,,,false,0,,2026-08-16
"Block Real Estate Services, LLC",69fdf74a62446148bd854b62,69fded1662446148bd848e14,Grain Valley Chop Shop,69fdef6abf1df2fe969214c6,"3rd657 - Sni-A-Bar Plaza {KCG Investment Properties, LLC}",evidenceOfInsurance,Evidence of Insurance,excessOrUmbrellaLiability,Umbrella/Excess Liability,evidenceOfInsuranceExcessOrUmbrellaLiabilityAggregate,Aggregate,,matchOnce,must be greater or equal to,1000000,,non_compliant,Block Requirements,,,false,0,,2026-08-16
"Block Real Estate Services, LLC",69fdf74a62446148bd854b62,69fded1662446148bd848e14,Grain Valley Chop Shop,69fdef6abf1df2fe969214c6,"3rd657 - Sni-A-Bar Plaza {KCG Investment Properties, LLC}",evidenceOfInsurance,Evidence of Insurance,workersCompensation,Workers' Compensation and Employer's Liability,evidenceOfInsuranceWorkersCompensationStatutoryLimits,Statutory Limits,,matchOnce,must be present,,,non_compliant,Block Requirements,,,false,0,,2026-08-16
"Block Real Estate Services, LLC",69fdf74a62446148bd854b62,69fded1662446148bd848e14,Grain Valley Chop Shop,69fdef6abf1df2fe969214c6,"3rd657 - Sni-A-Bar Plaza {KCG Investment Properties, LLC}",evidenceOfInsurance,Evidence of Insurance,workersCompensation,Workers' Compensation and Employer's Liability,evidenceOfInsuranceWorkersCompensationEmployersLiabilityEachAccident,Employer's Liability Each Accident,,matchOnce,must be greater or equal to,500000,,non_compliant,Block Requirements,,,false,0,,2026-08-16
"Block Real Estate Services, LLC",69fdf74a62446148bd854b62,69fded1662446148bd848e14,Grain Valley Chop Shop,69fdef6abf1df2fe969214c6,"3rd657 - Sni-A-Bar Plaza {KCG Investment Properties, LLC}",evidenceOfInsurance,Evidence of Insurance,workersCompensation,Workers' Compensation and Employer's Liability,evidenceOfInsuranceWorkersCompensationEmployersLiabilityDiseaseEachEmployee,Employer's Liability Disease - each employee,,matchOnce,must be greater or equal to,500000,,non_compliant,Block Requirements,,,false,0,,2026-08-16
"Block Real Estate Services, LLC",69fdf74a62446148bd854b62,69fded1662446148bd848e14,Grain Valley Chop Shop,69fdef6abf1df2fe969214c6,"3rd657 - Sni-A-Bar Plaza {KCG Investment Properties, LLC}",evidenceOfInsurance,Evidence of Insurance,workersCompensation,Workers' Compensation and Employer's Liability,evidenceOfInsuranceWorkersCompensationEmployersLiabilityDiseasePolicyLimit,Employer's Liability Disease - policy limit,,matchOnce,must be greater or equal to,500000,,non_compliant,Block Requirements,,,false,0,,2026-08-16
"Block Real Estate Services, LLC",69fdf74a62446148bd854b62,69fded1662446148bd848e14,Grain Valley Chop Shop,69fdef6abf1df2fe969214c6,"3rd657 - Sni-A-Bar Plaza {KCG Investment Properties, LLC}",evidenceOfInsurance,Evidence of Insurance,workersCompensation,Workers' Compensation and Employer's Liability,evidenceOfInsuranceWorkersCompensationWaiverOfSubrogationEndorsement,Waiver of Subrogation,"---prompt---
Determine if the insurer has waived their right of subrogation in favor of the certificate holder under the Workers' Compensation policy. Evidence may include: a checked ""Waiver of Subrogation"" box on the certificate, mention in the Description of Operations section stating ""waiver of subrogation applies"", or reference to form WC 00 03 13. Look for language like ""subrogation is waived"" or ""per written contract"".",matchOnce,must be present,,,non_compliant,Block Requirements,,,false,0,,2026-08-16
"Block Real Estate Services, LLC",69fdf74a62446148bd854b62,69fded1662446148bd848e14,Grain Valley Chop Shop,69fdef6abf1df2fe969214c6,"3rd657 - Sni-A-Bar Plaza {KCG Investment Properties, LLC}",evidenceOfInsurance,Evidence of Insurance,6ac20aae-5728-5d57-b364-aeba38527dba,Additional Requirements,4da5b0f1-4c9d-5885-8cf8-5d3cccaed3e0,"Block Real Estate Services, LLC and all others required by contract are named as Additional Insureds","---prompt---
Determine if the Description of Operations or the Additional Remarks Schedule section states the ""Additional Insured as Construction Management, Inc. and all others required by contract"" or reference to blanket additional insured coverage. Look for language like ""certificate holder is additional insured"" or ""per written contract"".",matchOnce,must be present,,,non_compliant,Block Requirements,,,true,0,,2026-08-16
"Block Real Estate Services, LLC",69fdf74a62446148bd854b62,69fded1662446148bd848e14,Grain Valley Chop Shop,69fdef6abf1df2fe969214c6,"3rd657 - Sni-A-Bar Plaza {KCG Investment Properties, LLC}",evidenceOfInsurance,Evidence of Insurance,6ac20aae-5728-5d57-b364-aeba38527dba,Additional Requirements,e1017741-e47e-5f58-97b8-fbc3043e919f,Umbrella follows form over General Liability,"---prompt---
Determine if the Umbrella/Excess Liability policy follows form to the underlying policies. Evidence may include: language in the Description of Operations section stating the umbrella follows form to underlying coverages or an additional page endorsement stating that it follows form. Follow form means the umbrella policy adopts the same terms, conditions, and exclusions as the underlying policies.",matchOnce,must be present,,,non_compliant,Block Requirements,,,true,0,,2026-08-16
"Block Real Estate Services, LLC",69fdf74a62446148bd854b62,69fded1662446148bd848e14,Grain Valley Chop Shop,69fdef6abf1df2fe969214c6,"3rd657 - Sni-A-Bar Plaza {KCG Investment Properties, LLC}",evidenceOfInsurance,Evidence of Insurance,6ac20aae-5728-5d57-b364-aeba38527dba,Additional Requirements,2cdd866f-c9a4-576a-afd8-1d045762790c,"The location must be listed as: 1404 SW Eagles Parkway, Grain Valley, MO, 64029",,matchOnce,must be present,,,non_compliant,Block Requirements,,,true,0,,2026-08-16
"Block Real Estate Services, LLC",69fdf74a62446148bd854b62,69fded1662446148bd848e14,Grain Valley Chop Shop,69fdef6abf1df2fe969214c6,"3rd657 - Sni-A-Bar Plaza {KCG Investment Properties, LLC}",evidenceOfInsurance,Evidence of Insurance,6ac20aae-5728-5d57-b364-aeba38527dba,Additional Requirements,3649e9d1-4e09-59bf-8f30-cb33c40cf117,"Certificate Holder must read: c/o Block Real Estate Services, LLC, 4622 Pennsylvania St., Suite 700, Kansas City, MO, 64112",,matchOnce,must be present,,,non_compliant,Block Requirements,,,true,0,,2026-08-16
"Block Real Estate Services, LLC",69fdf74a62446148bd854b67,69fded1b62446148bd848f9a,"510 Counseling Group / Melissa Winston, LLC",69fdef6abf1df2fe969214c6,"3rd657 - Sni-A-Bar Plaza {KCG Investment Properties, LLC}",evidenceOfInsurance,Evidence of Insurance,commercialGeneralLiability,Commercial General Liability,evidenceOfInsuranceCommercialGeneralLiabilityCoverageTriggerOccurrence,Coverage Trigger: Occurrence,,matchOnce,must be present,,Present,compliant,Block Requirements,,,false,1,,2026-08-16
"Block Real Estate Services, LLC",69fdf74a62446148bd854b67,69fded1b62446148bd848f9a,"510 Counseling Group / Melissa Winston, LLC",69fdef6abf1df2fe969214c6,"3rd657 - Sni-A-Bar Plaza {KCG Investment Properties, LLC}",evidenceOfInsurance,Evidence of Insurance,commercialGeneralLiability,Commercial General Liability,evidenceOfInsuranceCommercialGeneralLiabilityGeneralAggregateLimitAppliesPerLocation,General Aggregate Limit Applies per: Location,,matchOnce,must be present,,,waived,Block Requirements,Per location not a requirement in the lease,,false,0,,2026-08-16
"Block Real Estate Services, LLC",69fdf74a62446148bd854b67,69fded1b62446148bd848f9a,"510 Counseling Group / Melissa Winston, LLC",69fdef6abf1df2fe969214c6,"3rd657 - Sni-A-Bar Plaza {KCG Investment Properties, LLC}",evidenceOfInsurance,Evidence of Insurance,commercialGeneralLiability,Commercial General Liability,evidenceOfInsuranceCommercialGeneralLiabilityEachOccurrence,Each Occurrence,,matchOnce,must be greater or equal to,1000000,1000000,compliant,Block Requirements,,,false,1,,2026-08-16
"Block Real Estate Services, LLC",69fdf74a62446148bd854b67,69fded1b62446148bd848f9a,"510 Counseling Group / Melissa Winston, LLC",69fdef6abf1df2fe969214c6,"3rd657 - Sni-A-Bar Plaza {KCG Investment Properties, LLC}",evidenceOfInsurance,Evidence of Insurance,commercialGeneralLiability,Commercial General Liability,evidenceOfInsuranceCommercialGeneralLiabilityGeneralAggregate,General Aggregate,,matchOnce,must be greater or equal to,2000000,2000000,compliant,Block Requirements,,,false,1,,2026-08-16
"Block Real Estate Services, LLC",69fdf74a62446148bd854b67,69fded1b62446148bd848f9a,"510 Counseling Group / Melissa Winston, LLC",69fdef6abf1df2fe969214c6,"3rd657 - Sni-A-Bar Plaza {KCG Investment Properties, LLC}",evidenceOfInsurance,Evidence of Insurance,commercialGeneralLiability,Commercial General Liability,evidenceOfInsuranceCommercialGeneralLiabilityWaiverOfSubrogationEndorsement,Waiver of Subrogation,"---prompt---
Determine if the insurer has waived their right of subrogation in favor of the certificate holder under the Commercial General Liability policy. Evidence may include: a checked ""Waiver of Subrogation"" box on the certificate, mention in the Description of Operations section stating ""waiver of subrogation applies"", or reference to form CG 24 04. Look for language like ""subrogation is waived"" or ""per written contract"".",matchOnce,must be present,,Present,compliant,Block Requirements,,,false,1,,2026-08-16
"Block Real Estate Services, LLC",69fdf74a62446148bd854b67,69fded1b62446148bd848f9a,"510 Counseling Group / Melissa Winston, LLC",69fdef6abf1df2fe969214c6,"3rd657 - Sni-A-Bar Plaza {KCG Investment Properties, LLC}",evidenceOfInsurance,Evidence of Insurance,excessOrUmbrellaLiability,Umbrella/Excess Liability,evidenceOfInsuranceExcessOrUmbrellaLiabilityOccurence,Coverage Trigger: Occurrence,,matchOnce,must be present,,,waived,Block Requirements,,,false,0,,2026-08-16
"Block Real Estate Services, LLC",69fdf74a62446148bd854b67,69fded1b62446148bd848f9a,"510 Counseling Group / Melissa Winston, LLC",69fdef6abf1df2fe969214c6,"3rd657 - Sni-A-Bar Plaza {KCG Investment Properties, LLC}",evidenceOfInsurance,Evidence of Insurance,excessOrUmbrellaLiability,Umbrella/Excess Liability,evidenceOfInsuranceExcessOrUmbrellaLiabilityEachOccurrence,Each Occurrence,,matchOnce,must be greater or equal to,1000000,,waived,Block Requirements,,,false,0,,2026-08-16
"Block Real Estate Services, LLC",69fdf74a62446148bd854b67,69fded1b62446148bd848f9a,"510 Counseling Group / Melissa Winston, LLC",69fdef6abf1df2fe969214c6,"3rd657 - Sni-A-Bar Plaza {KCG Investment Properties, LLC}",evidenceOfInsurance,Evidence of Insurance,excessOrUmbrellaLiability,Umbrella/Excess Liability,evidenceOfInsuranceExcessOrUmbrellaLiabilityAggregate,Aggregate,,matchOnce,must be greater or equal to,1000000,,waived,Block Requirements,,,false,0,,2026-08-16
"Block Real Estate Services, LLC",69fdf74a62446148bd854b67,69fded1b62446148bd848f9a,"510 Counseling Group / Melissa Winston, LLC",69fdef6abf1df2fe969214c6,"3rd657 - Sni-A-Bar Plaza {KCG Investment Properties, LLC}",evidenceOfInsurance,Evidence of Insurance,workersCompensation,Workers' Compensation and Employer's Liability,evidenceOfInsuranceWorkersCompensationStatutoryLimits,Statutory Limits,,matchOnce,must be present,,Present,waived,Block Requirements,,,false,2,,2026-08-16
"Block Real Estate Services, LLC",69fdf74a62446148bd854b67,69fded1b62446148bd848f9a,"510 Counseling Group / Melissa Winston, LLC",69fdef6abf1df2fe969214c6,"3rd657 - Sni-A-Bar Plaza {KCG Investment Properties, LLC}",evidenceOfInsurance,Evidence of Insurance,workersCompensation,Workers' Compensation and Employer's Liability,evidenceOfInsuranceWorkersCompensationEmployersLiabilityEachAccident,Employer's Liability Each Accident,,matchOnce,must be greater or equal to,500000,500000,waived,Block Requirements,,,false,2,,2026-08-16
"Block Real Estate Services, LLC",69fdf74a62446148bd854b67,69fded1b62446148bd848f9a,"510 Counseling Group / Melissa Winston, LLC",69fdef6abf1df2fe969214c6,"3rd657 - Sni-A-Bar Plaza {KCG Investment Properties, LLC}",evidenceOfInsurance,Evidence of Insurance,workersCompensation,Workers' Compensation and Employer's Liability,evidenceOfInsuranceWorkersCompensationEmployersLiabilityDiseaseEachEmployee,Employer's Liability Disease - each employee,,matchOnce,must be greater or equal to,500000,500000,waived,Block Requirements,,,false,2,,2026-08-16
"Block Real Estate Services, LLC",69fdf74a62446148bd854b67,69fded1b62446148bd848f9a,"510 Counseling Group / Melissa Winston, LLC",69fdef6abf1df2fe969214c6,"3rd657 - Sni-A-Bar Plaza {KCG Investment Properties, LLC}",evidenceOfInsurance,Evidence of Insurance,workersCompensation,Workers' Compensation and Employer's Liability,evidenceOfInsuranceWorkersCompensationEmployersLiabilityDiseasePolicyLimit,Employer's Liability Disease - policy limit,,matchOnce,must be greater or equal to,500000,500000,waived,Block Requirements,,,false,2,,2026-08-16
"Block Real Estate Services, LLC",69fdf74a62446148bd854b67,69fded1b62446148bd848f9a,"510 Counseling Group / Melissa Winston, LLC",69fdef6abf1df2fe969214c6,"3rd657 - Sni-A-Bar Plaza {KCG Investment Properties, LLC}",evidenceOfInsurance,Evidence of Insurance,workersCompensation,Workers' Compensation and Employer's Liability,evidenceOfInsuranceWorkersCompensationWaiverOfSubrogationEndorsement,Waiver of Subrogation,"---prompt---
Determine if the insurer has waived their right of subrogation in favor of the certificate holder under the Workers' Compensation policy. Evidence may include: a checked ""Waiver of Subrogation"" box on the certificate, mention in the Description of Operations section stating ""waiver of subrogation applies"", or reference to form WC 00 03 13. Look for language like ""subrogation is waived"" or ""per written contract"".",matchOnce,must be present,,Present,waived,Block Requirements,,,false,1,,2026-08-16
"Block Real Estate Services, LLC",69fdf74a62446148bd854b67,69fded1b62446148bd848f9a,"510 Counseling Group / Melissa Winston, LLC",69fdef6abf1df2fe969214c6,"3rd657 - Sni-A-Bar Plaza {KCG Investment Properties, LLC}",evidenceOfInsurance,Evidence of Insurance,6ac20aae-5728-5d57-b364-aeba38527dba,Additional Requirements,4da5b0f1-4c9d-5885-8cf8-5d3cccaed3e0,"Block Real Estate Services, LLC and all others required by contract are named as Additional Insureds","---prompt---
Determine if the Description of Operations or the Additional Remarks Schedule section states the ""Additional Insured as Construction Management, Inc. and all others required by contract"" or reference to blanket additional insured coverage. Look for language like ""certificate holder is additional insured"" or ""per written contract"".",matchOnce,must be present,,Present,compliant,Block Requirements,,,true,1,,2026-08-16
"Block Real Estate Services, LLC",69fdf74a62446148bd854b67,69fded1b62446148bd848f9a,"510 Counseling Group / Melissa Winston, LLC",69fdef6abf1df2fe969214c6,"3rd657 - Sni-A-Bar Plaza {KCG Investment Properties, LLC}",evidenceOfInsurance,Evidence of Insurance,6ac20aae-5728-5d57-b364-aeba38527dba,Additional Requirements,e1017741-e47e-5f58-97b8-fbc3043e919f,Umbrella follows form over General Liability,"---prompt---
Determine if the Umbrella/Excess Liability policy follows form to the underlying policies. Evidence may include: language in the Description of Operations section stating the umbrella follows form to underlying coverages or an additional page endorsement stating that it follows form. Follow form means the umbrella policy adopts the same terms, conditions, and exclusions as the underlying policies.",matchOnce,must be present,,Present,waived,Block Requirements,Umbrella Liability not a requirement in the lease,,true,1,,2026-08-16
"Block Real Estate Services, LLC",69fdf74a62446148bd854b67,69fded1b62446148bd848f9a,"510 Counseling Group / Melissa Winston, LLC",69fdef6abf1df2fe969214c6,"3rd657 - Sni-A-Bar Plaza {KCG Investment Properties, LLC}",evidenceOfInsurance,Evidence of Insurance,6ac20aae-5728-5d57-b364-aeba38527dba,Additional Requirements,2cdd866f-c9a4-576a-afd8-1d045762790c,"The location must be listed as: 1408 SW Eagles Parkway, Grain Valley, MO, 64029",,matchOnce,must be present,,,non_compliant,Block Requirements,,"<p>Please list address: 1408, 1410, 1412, 1422 SW Eagles Parkway, Grain Valley, MO, 64029 for compliance</p>",true,0,,2026-08-16
"Block Real Estate Services, LLC",69fdf74a62446148bd854b67,69fded1b62446148bd848f9a,"510 Counseling Group / Melissa Winston, LLC",69fdef6abf1df2fe969214c6,"3rd657 - Sni-A-Bar Plaza {KCG Investment Properties, LLC}",evidenceOfInsurance,Evidence of Insurance,6ac20aae-5728-5d57-b364-aeba38527dba,Additional Requirements,3649e9d1-4e09-59bf-8f30-cb33c40cf117,"Certificate Holder must read: c/o Block Real Estate Services, LLC, 4622 Pennsylvania St., Suite 700, Kansas City, MO, 64112",,matchOnce,must be present,,Present,compliant,Block Requirements,,,true,2,,2026-08-16
"Block Real Estate Services, LLC",69fdf74a62446148bd854b60,69fded0f62446148bd848bf2,Bird Dog Shaved Ice (Vacant but still leasing),69fdef6abf1df2fe969214c6,"3rd657 - Sni-A-Bar Plaza {KCG Investment Properties, LLC}",evidenceOfInsurance,Evidence of Insurance,commercialGeneralLiability,Commercial General Liability,evidenceOfInsuranceCommercialGeneralLiabilityCoverageTriggerOccurrence,Coverage Trigger: Occurrence,,matchOnce,must be present,,,non_compliant,Block Requirements,,,false,0,,2026-08-16
"Block Real Estate Services, LLC",69fdf74a62446148bd854b60,69fded0f62446148bd848bf2,Bird Dog Shaved Ice (Vacant but still leasing),69fdef6abf1df2fe969214c6,"3rd657 - Sni-A-Bar Plaza {KCG Investment Properties, LLC}",evidenceOfInsurance,Evidence of Insurance,commercialGeneralLiability,Commercial General Liability,evidenceOfInsuranceCommercialGeneralLiabilityGeneralAggregateLimitAppliesPerLocation,General Aggregate Limit Applies per: Location,,matchOnce,must be present,,,non_compliant,Block Requirements,,,false,0,,2026-08-16
"Block Real Estate Services, LLC",69fdf74a62446148bd854b60,69fded0f62446148bd848bf2,Bird Dog Shaved Ice (Vacant but still leasing),69fdef6abf1df2fe969214c6,"3rd657 - Sni-A-Bar Plaza {KCG Investment Properties, LLC}",evidenceOfInsurance,Evidence of Insurance,commercialGeneralLiability,Commercial General Liability,evidenceOfInsuranceCommercialGeneralLiabilityEachOccurrence,Each Occurrence,,matchOnce,must be greater or equal to,1000000,,non_compliant,Block Requirements,,,false,0,,2026-08-16
"Block Real Estate Services, LLC",69fdf74a62446148bd854b60,69fded0f62446148bd848bf2,Bird Dog Shaved Ice (Vacant but still leasing),69fdef6abf1df2fe969214c6,"3rd657 - Sni-A-Bar Plaza {KCG Investment Properties, LLC}",evidenceOfInsurance,Evidence of Insurance,commercialGeneralLiability,Commercial General Liability,evidenceOfInsuranceCommercialGeneralLiabilityGeneralAggregate,General Aggregate,,matchOnce,must be greater or equal to,2000000,,non_compliant,Block Requirements,,,false,0,,2026-08-16
"Block Real Estate Services, LLC",69fdf74a62446148bd854b60,69fded0f62446148bd848bf2,Bird Dog Shaved Ice (Vacant but still leasing),69fdef6abf1df2fe969214c6,"3rd657 - Sni-A-Bar Plaza {KCG Investment Properties, LLC}",evidenceOfInsurance,Evidence of Insurance,commercialGeneralLiability,Commercial General Liability,evidenceOfInsuranceCommercialGeneralLiabilityWaiverOfSubrogationEndorsement,Waiver of Subrogation,"---prompt---
Determine if the insurer has waived their right of subrogation in favor of the certificate holder under the Commercial General Liability policy. Evidence may include: a checked ""Waiver of Subrogation"" box on the certificate, mention in the Description of Operations section stating ""waiver of subrogation applies"", or reference to form CG 24 04. Look for language like ""subrogation is waived"" or ""per written contract"".",matchOnce,must be present,,,non_compliant,Block Requirements,,,false,0,,2026-08-16
"Block Real Estate Services, LLC",69fdf74a62446148bd854b60,69fded0f62446148bd848bf2,Bird Dog Shaved Ice (Vacant but still leasing),69fdef6abf1df2fe969214c6,"3rd657 - Sni-A-Bar Plaza {KCG Investment Properties, LLC}",evidenceOfInsurance,Evidence of Insurance,excessOrUmbrellaLiability,Umbrella/Excess Liability,evidenceOfInsuranceExcessOrUmbrellaLiabilityOccurence,Coverage Trigger: Occurrence,,matchOnce,must be present,,,non_compliant,Block Requirements,,,false,0,,2026-08-16
"Block Real Estate Services, LLC",69fdf74a62446148bd854b60,69fded0f62446148bd848bf2,Bird Dog Shaved Ice (Vacant but still leasing),69fdef6abf1df2fe969214c6,"3rd657 - Sni-A-Bar Plaza {KCG Investment Properties, LLC}",evidenceOfInsurance,Evidence of Insurance,excessOrUmbrellaLiability,Umbrella/Excess Liability,evidenceOfInsuranceExcessOrUmbrellaLiabilityEachOccurrence,Each Occurrence,,matchOnce,must be greater or equal to,1000000,,non_compliant,Block Requirements,,,false,0,,2026-08-16
"Block Real Estate Services, LLC",69fdf74a62446148bd854b60,69fded0f62446148bd848bf2,Bird Dog Shaved Ice (Vacant but still leasing),69fdef6abf1df2fe969214c6,"3rd657 - Sni-A-Bar Plaza {KCG Investment Properties, LLC}",evidenceOfInsurance,Evidence of Insurance,excessOrUmbrellaLiability,Umbrella/Excess Liability,evidenceOfInsuranceExcessOrUmbrellaLiabilityAggregate,Aggregate,,matchOnce,must be greater or equal to,1000000,,non_compliant,Block Requirements,,,false,0,,2026-08-16
"Block Real Estate Services, LLC",69fdf74a62446148bd854b60,69fded0f62446148bd848bf2,Bird Dog Shaved Ice (Vacant but still leasing),69fdef6abf1df2fe969214c6,"3rd657 - Sni-A-Bar Plaza {KCG Investment Properties, LLC}",evidenceOfInsurance,Evidence of Insurance,workersCompensation,Workers' Compensation and Employer's Liability,evidenceOfInsuranceWorkersCompensationStatutoryLimits,Statutory Limits,,matchOnce,must be present,,,non_compliant,Block Requirements,,,false,0,,2026-08-16
"Block Real Estate Services, LLC",69fdf74a62446148bd854b60,69fded0f62446148bd848bf2,Bird Dog Shaved Ice (Vacant but still leasing),69fdef6abf1df2fe969214c6,"3rd657 - Sni-A-Bar Plaza {KCG Investment Properties, LLC}",evidenceOfInsurance,Evidence of Insurance,workersCompensation,Workers' Compensation and Employer's Liability,evidenceOfInsuranceWorkersCompensationEmployersLiabilityEachAccident,Employer's Liability Each Accident,,matchOnce,must be greater or equal to,500000,,non_compliant,Block Requirements,,,false,0,,2026-08-16
"Block Real Estate Services, LLC",69fdf74a62446148bd854b60,69fded0f62446148bd848bf2,Bird Dog Shaved Ice (Vacant but still leasing),69fdef6abf1df2fe969214c6,"3rd657 - Sni-A-Bar Plaza {KCG Investment Properties, LLC}",evidenceOfInsurance,Evidence of Insurance,workersCompensation,Workers' Compensation and Employer's Liability,evidenceOfInsuranceWorkersCompensationEmployersLiabilityDiseaseEachEmployee,Employer's Liability Disease - each employee,,matchOnce,must be greater or equal to,500000,,non_compliant,Block Requirements,,,false,0,,2026-08-16
"Block Real Estate Services, LLC",69fdf74a62446148bd854b60,69fded0f62446148bd848bf2,Bird Dog Shaved Ice (Vacant but still leasing),69fdef6abf1df2fe969214c6,"3rd657 - Sni-A-Bar Plaza {KCG Investment Properties, LLC}",evidenceOfInsurance,Evidence of Insurance,workersCompensation,Workers' Compensation and Employer's Liability,evidenceOfInsuranceWorkersCompensationEmployersLiabilityDiseasePolicyLimit,Employer's Liability Disease - policy limit,,matchOnce,must be greater or equal to,500000,,non_compliant,Block Requirements,,,false,0,,2026-08-16
"Block Real Estate Services, LLC",69fdf74a62446148bd854b60,69fded0f62446148bd848bf2,Bird Dog Shaved Ice (Vacant but still leasing),69fdef6abf1df2fe969214c6,"3rd657 - Sni-A-Bar Plaza {KCG Investment Properties, LLC}",evidenceOfInsurance,Evidence of Insurance,workersCompensation,Workers' Compensation and Employer's Liability,evidenceOfInsuranceWorkersCompensationWaiverOfSubrogationEndorsement,Waiver of Subrogation,"---prompt---
Determine if the insurer has waived their right of subrogation in favor of the certificate holder under the Workers' Compensation policy. Evidence may include: a checked ""Waiver of Subrogation"" box on the certificate, mention in the Description of Operations section stating ""waiver of subrogation applies"", or reference to form WC 00 03 13. Look for language like ""subrogation is waived"" or ""per written contract"".",matchOnce,must be present,,,non_compliant,Block Requirements,,,false,0,,2026-08-16
"Block Real Estate Services, LLC",69fdf74a62446148bd854b60,69fded0f62446148bd848bf2,Bird Dog Shaved Ice (Vacant but still leasing),69fdef6abf1df2fe969214c6,"3rd657 - Sni-A-Bar Plaza {KCG Investment Properties, LLC}",evidenceOfInsurance,Evidence of Insurance,6ac20aae-5728-5d57-b364-aeba38527dba,Additional Requirements,4da5b0f1-4c9d-5885-8cf8-5d3cccaed3e0,"Block Real Estate Services, LLC and all others required by contract are named as Additional Insureds","---prompt---
Determine if the Description of Operations or the Additional Remarks Schedule section states the ""Additional Insured as Construction Management, Inc. and all others required by contract"" or reference to blanket additional insured coverage. Look for language like ""certificate holder is additional insured"" or ""per written contract"".",matchOnce,must be present,,,non_compliant,Block Requirements,,,true,0,,2026-08-16
"Block Real Estate Services, LLC",69fdf74a62446148bd854b60,69fded0f62446148bd848bf2,Bird Dog Shaved Ice (Vacant but still leasing),69fdef6abf1df2fe969214c6,"3rd657 - Sni-A-Bar Plaza {KCG Investment Properties, LLC}",evidenceOfInsurance,Evidence of Insurance,6ac20aae-5728-5d57-b364-aeba38527dba,Additional Requirements,e1017741-e47e-5f58-97b8-fbc3043e919f,Umbrella follows form over General Liability,"---prompt---
Determine if the Umbrella/Excess Liability policy follows form to the underlying policies. Evidence may include: language in the Description of Operations section stating the umbrella follows form to underlying coverages or an additional page endorsement stating that it follows form. Follow form means the umbrella policy adopts the same terms, conditions, and exclusions as the underlying policies.",matchOnce,must be present,,,non_compliant,Block Requirements,,,true,0,,2026-08-16
"Block Real Estate Services, LLC",69fdf74a62446148bd854b60,69fded0f62446148bd848bf2,Bird Dog Shaved Ice (Vacant but still leasing),69fdef6abf1df2fe969214c6,"3rd657 - Sni-A-Bar Plaza {KCG Investment Properties, LLC}",evidenceOfInsurance,Evidence of Insurance,6ac20aae-5728-5d57-b364-aeba38527dba,Additional Requirements,2cdd866f-c9a4-576a-afd8-1d045762790c,"The location must be listed as: 1400 SW Eagles Parkway, Grain Valley, MO, 64029",,matchOnce,must be present,,,non_compliant,Block Requirements,,,true,0,,2026-08-16
"Block Real Estate Services, LLC",69fdf74a62446148bd854b60,69fded0f62446148bd848bf2,Bird Dog Shaved Ice (Vacant but still leasing),69fdef6abf1df2fe969214c6,"3rd657 - Sni-A-Bar Plaza {KCG Investment Properties, LLC}",evidenceOfInsurance,Evidence of Insurance,6ac20aae-5728-5d57-b364-aeba38527dba,Additional Requirements,3649e9d1-4e09-59bf-8f30-cb33c40cf117,"Certificate Holder must read: c/o Block Real Estate Services, LLC, 4622 Pennsylvania St., Suite 700, Kansas City, MO, 64112",,matchOnce,must be present,,,non_compliant,Block Requirements,,,true,0,,2026-08-16
"Block Real Estate Services, LLC",69fdf74a62446148bd854b68,69fded1b62446148bd848fb2,Midwest Dance Center / Priscilla Lea Young,69fdef6abf1df2fe969214c6,"3rd657 - Sni-A-Bar Plaza {KCG Investment Properties, LLC}",evidenceOfInsurance,Evidence of Insurance,commercialGeneralLiability,Commercial General Liability,evidenceOfInsuranceCommercialGeneralLiabilityCoverageTriggerOccurrence,Coverage Trigger: Occurrence,,matchOnce,must be present,,Present,compliant,Block Requirements,,,false,1,,2026-08-16
"Block Real Estate Services, LLC",69fdf74a62446148bd854b68,69fded1b62446148bd848fb2,Midwest Dance Center / Priscilla Lea Young,69fdef6abf1df2fe969214c6,"3rd657 - Sni-A-Bar Plaza {KCG Investment Properties, LLC}",evidenceOfInsurance,Evidence of Insurance,commercialGeneralLiability,Commercial General Liability,evidenceOfInsuranceCommercialGeneralLiabilityGeneralAggregateLimitAppliesPerLocation,General Aggregate Limit Applies per: Location,,matchOnce,must be present,,,waived,Block Requirements,Per location not a requirement in the lease,,false,0,,2026-08-16
"Block Real Estate Services, LLC",69fdf74a62446148bd854b68,69fded1b62446148bd848fb2,Midwest Dance Center / Priscilla Lea Young,69fdef6abf1df2fe969214c6,"3rd657 - Sni-A-Bar Plaza {KCG Investment Properties, LLC}",evidenceOfInsurance,Evidence of Insurance,commercialGeneralLiability,Commercial General Liability,evidenceOfInsuranceCommercialGeneralLiabilityEachOccurrence,Each Occurrence,,matchOnce,must be greater or equal to,1000000,1000000,compliant,Block Requirements,,,false,1,,2026-08-16
"Block Real Estate Services, LLC",69fdf74a62446148bd854b68,69fded1b62446148bd848fb2,Midwest Dance Center / Priscilla Lea Young,69fdef6abf1df2fe969214c6,"3rd657 - Sni-A-Bar Plaza {KCG Investment Properties, LLC}",evidenceOfInsurance,Evidence of Insurance,commercialGeneralLiability,Commercial General Liability,evidenceOfInsuranceCommercialGeneralLiabilityGeneralAggregate,General Aggregate,,matchOnce,must be greater or equal to,2000000,2000000,compliant,Block Requirements,,,false,1,,2026-08-16
"Block Real Estate Services, LLC",69fdf74a62446148bd854b68,69fded1b62446148bd848fb2,Midwest Dance Center / Priscilla Lea Young,69fdef6abf1df2fe969214c6,"3rd657 - Sni-A-Bar Plaza {KCG Investment Properties, LLC}",evidenceOfInsurance,Evidence of Insurance,commercialGeneralLiability,Commercial General Liability,evidenceOfInsuranceCommercialGeneralLiabilityWaiverOfSubrogationEndorsement,Waiver of Subrogation,"---prompt---
Determine if the insurer has waived their right of subrogation in favor of the certificate holder under the Commercial General Liability policy. Evidence may include: a checked ""Waiver of Subrogation"" box on the certificate, mention in the Description of Operations section stating ""waiver of subrogation applies"", or reference to form CG 24 04. Look for language like ""subrogation is waived"" or ""per written contract"".",matchOnce,must be present,,,non_compliant,Block Requirements,,,false,0,,2026-08-16
"Block Real Estate Services, LLC",69fdf74a62446148bd854b68,69fded1b62446148bd848fb2,Midwest Dance Center / Priscilla Lea Young,69fdef6abf1df2fe969214c6,"3rd657 - Sni-A-Bar Plaza {KCG Investment Properties, LLC}",evidenceOfInsurance,Evidence of Insurance,excessOrUmbrellaLiability,Umbrella/Excess Liability,evidenceOfInsuranceExcessOrUmbrellaLiabilityOccurence,Coverage Trigger: Occurrence,,matchOnce,must be present,,,waived,Block Requirements,,,false,0,,2026-08-16
"Block Real Estate Services, LLC",69fdf74a62446148bd854b68,69fded1b62446148bd848fb2,Midwest Dance Center / Priscilla Lea Young,69fdef6abf1df2fe969214c6,"3rd657 - Sni-A-Bar Plaza {KCG Investment Properties, LLC}",evidenceOfInsurance,Evidence of Insurance,excessOrUmbrellaLiability,Umbrella/Excess Liability,evidenceOfInsuranceExcessOrUmbrellaLiabilityEachOccurrence,Each Occurrence,,matchOnce,must be greater or equal to,1000000,,waived,Block Requirements,,,false,0,,2026-08-16
"Block Real Estate Services, LLC",69fdf74a62446148bd854b68,69fded1b62446148bd848fb2,Midwest Dance Center / Priscilla Lea Young,69fdef6abf1df2fe969214c6,"3rd657 - Sni-A-Bar Plaza {KCG Investment Properties, LLC}",evidenceOfInsurance,Evidence of Insurance,excessOrUmbrellaLiability,Umbrella/Excess Liability,evidenceOfInsuranceExcessOrUmbrellaLiabilityAggregate,Aggregate,,matchOnce,must be greater or equal to,1000000,,waived,Block Requirements,,,false,0,,2026-08-16
"Block Real Estate Services, LLC",69fdf74a62446148bd854b68,69fded1b62446148bd848fb2,Midwest Dance Center / Priscilla Lea Young,69fdef6abf1df2fe969214c6,"3rd657 - Sni-A-Bar Plaza {KCG Investment Properties, LLC}",evidenceOfInsurance,Evidence of Insurance,workersCompensation,Workers' Compensation and Employer's Liability,evidenceOfInsuranceWorkersCompensationStatutoryLimits,Statutory Limits,,matchOnce,must be present,,,waived,Block Requirements,,,false,0,,2026-08-16
"Block Real Estate Services, LLC",69fdf74a62446148bd854b68,69fded1b62446148bd848fb2,Midwest Dance Center / Priscilla Lea Young,69fdef6abf1df2fe969214c6,"3rd657 - Sni-A-Bar Plaza {KCG Investment Properties, LLC}",evidenceOfInsurance,Evidence of Insurance,workersCompensation,Workers' Compensation and Employer's Liability,evidenceOfInsuranceWorkersCompensationEmployersLiabilityEachAccident,Employer's Liability Each Accident,,matchOnce,must be greater or equal to,500000,,waived,Block Requirements,,,false,0,,2026-08-16
"Block Real Estate Services, LLC",69fdf74a62446148bd854b68,69fded1b62446148bd848fb2,Midwest Dance Center / Priscilla Lea Young,69fdef6abf1df2fe969214c6,"3rd657 - Sni-A-Bar Plaza {KCG Investment Properties, LLC}",evidenceOfInsurance,Evidence of Insurance,workersCompensation,Workers' Compensation and Employer's Liability,evidenceOfInsuranceWorkersCompensationEmployersLiabilityDiseaseEachEmployee,Employer's Liability Disease - each employee,,matchOnce,must be greater or equal to,500000,,waived,Block Requirements,,,false,0,,2026-08-16
"Block Real Estate Services, LLC",69fdf74a62446148bd854b68,69fded1b62446148bd848fb2,Midwest Dance Center / Priscilla Lea Young,69fdef6abf1df2fe969214c6,"3rd657 - Sni-A-Bar Plaza {KCG Investment Properties, LLC}",evidenceOfInsurance,Evidence of Insurance,workersCompensation,Workers' Compensation and Employer's Liability,evidenceOfInsuranceWorkersCompensationEmployersLiabilityDiseasePolicyLimit,Employer's Liability Disease - policy limit,,matchOnce,must be greater or equal to,500000,,waived,Block Requirements,,,false,0,,2026-08-16
"Block Real Estate Services, LLC",69fdf74a62446148bd854b68,69fded1b62446148bd848fb2,Midwest Dance Center / Priscilla Lea Young,69fdef6abf1df2fe969214c6,"3rd657 - Sni-A-Bar Plaza {KCG Investment Properties, LLC}",evidenceOfInsurance,Evidence of Insurance,workersCompensation,Workers' Compensation and Employer's Liability,evidenceOfInsuranceWorkersCompensationWaiverOfSubrogationEndorsement,Waiver of Subrogation,"---prompt---
Determine if the insurer has waived their right of subrogation in favor of the certificate holder under the Workers' Compensation policy. Evidence may include: a checked ""Waiver of Subrogation"" box on the certificate, mention in the Description of Operations section stating ""waiver of subrogation applies"", or reference to form WC 00 03 13. Look for language like ""subrogation is waived"" or ""per written contract"".",matchOnce,must be present,,,waived,Block Requirements,,,false,0,,2026-08-16
"Block Real Estate Services, LLC",69fdf74a62446148bd854b68,69fded1b62446148bd848fb2,Midwest Dance Center / Priscilla Lea Young,69fdef6abf1df2fe969214c6,"3rd657 - Sni-A-Bar Plaza {KCG Investment Properties, LLC}",evidenceOfInsurance,Evidence of Insurance,6ac20aae-5728-5d57-b364-aeba38527dba,Additional Requirements,4da5b0f1-4c9d-5885-8cf8-5d3cccaed3e0,"Block Real Estate Services, LLC and all others required by contract are named as Additional Insureds","---prompt---
Determine if the Description of Operations or the Additional Remarks Schedule section states the ""Additional Insured as Construction Management, Inc. and all others required by contract"" or reference to blanket additional insured coverage. Look for language like ""certificate holder is additional insured"" or ""per written contract"".",matchOnce,must be present,,,non_compliant,Block Requirements,,,true,0,,2026-08-16
"Block Real Estate Services, LLC",69fdf74a62446148bd854b68,69fded1b62446148bd848fb2,Midwest Dance Center / Priscilla Lea Young,69fdef6abf1df2fe969214c6,"3rd657 - Sni-A-Bar Plaza {KCG Investment Properties, LLC}",evidenceOfInsurance,Evidence of Insurance,6ac20aae-5728-5d57-b364-aeba38527dba,Additional Requirements,e1017741-e47e-5f58-97b8-fbc3043e919f,Umbrella follows form over General Liability,"---prompt---
Determine if the Umbrella/Excess Liability policy follows form to the underlying policies. Evidence may include: language in the Description of Operations section stating the umbrella follows form to underlying coverages or an additional page endorsement stating that it follows form. Follow form means the umbrella policy adopts the same terms, conditions, and exclusions as the underlying policies.",matchOnce,must be present,,,waived,Block Requirements,Umbrella Liability not a requirement in the lease,,true,0,,2026-08-16
"Block Real Estate Services, LLC",69fdf74a62446148bd854b68,69fded1b62446148bd848fb2,Midwest Dance Center / Priscilla Lea Young,69fdef6abf1df2fe969214c6,"3rd657 - Sni-A-Bar Plaza {KCG Investment Properties, LLC}",evidenceOfInsurance,Evidence of Insurance,6ac20aae-5728-5d57-b364-aeba38527dba,Additional Requirements,2cdd866f-c9a4-576a-afd8-1d045762790c,"The location must be listed as: 1430, 1432 SW Eagles Parkway, Grain Valley, MO, 64029",,matchOnce,must be present,,,non_compliant,Block Requirements,,,true,0,,2026-08-16
"Block Real Estate Services, LLC",69fdf74a62446148bd854b68,69fded1b62446148bd848fb2,Midwest Dance Center / Priscilla Lea Young,69fdef6abf1df2fe969214c6,"3rd657 - Sni-A-Bar Plaza {KCG Investment Properties, LLC}",evidenceOfInsurance,Evidence of Insurance,6ac20aae-5728-5d57-b364-aeba38527dba,Additional Requirements,3649e9d1-4e09-59bf-8f30-cb33c40cf117,"Certificate Holder must read: c/o Block Real Estate Services, LLC, 4622 Pennsylvania St., Suite 700, Kansas City, MO, 64112",,matchOnce,must be present,,,non_compliant,Block Requirements,,,true,0,,2026-08-16
"Block Real Estate Services, LLC",69fdf74a62446148bd854b5e,69fded0d62446148bd848b6e,Puppy Love Grooming / Anntippia Young,69fdef6abf1df2fe969214c6,"3rd657 - Sni-A-Bar Plaza {KCG Investment Properties, LLC}",evidenceOfInsurance,Evidence of Insurance,commercialGeneralLiability,Commercial General Liability,evidenceOfInsuranceCommercialGeneralLiabilityCoverageTriggerOccurrence,Coverage Trigger: Occurrence,,matchOnce,must be present,,,non_compliant,Block Requirements,,,false,0,,2026-08-16
"Block Real Estate Services, LLC",69fdf74a62446148bd854b5e,69fded0d62446148bd848b6e,Puppy Love Grooming / Anntippia Young,69fdef6abf1df2fe969214c6,"3rd657 - Sni-A-Bar Plaza {KCG Investment Properties, LLC}",evidenceOfInsurance,Evidence of Insurance,commercialGeneralLiability,Commercial General Liability,evidenceOfInsuranceCommercialGeneralLiabilityGeneralAggregateLimitAppliesPerLocation,General Aggregate Limit Applies per: Location,,matchOnce,must be present,,,non_compliant,Block Requirements,,,false,0,,2026-08-16
"Block Real Estate Services, LLC",69fdf74a62446148bd854b5e,69fded0d62446148bd848b6e,Puppy Love Grooming / Anntippia Young,69fdef6abf1df2fe969214c6,"3rd657 - Sni-A-Bar Plaza {KCG Investment Properties, LLC}",evidenceOfInsurance,Evidence of Insurance,commercialGeneralLiability,Commercial General Liability,evidenceOfInsuranceCommercialGeneralLiabilityEachOccurrence,Each Occurrence,,matchOnce,must be greater or equal to,1000000,,non_compliant,Block Requirements,,,false,0,,2026-08-16
"Block Real Estate Services, LLC",69fdf74a62446148bd854b5e,69fded0d62446148bd848b6e,Puppy Love Grooming / Anntippia Young,69fdef6abf1df2fe969214c6,"3rd657 - Sni-A-Bar Plaza {KCG Investment Properties, LLC}",evidenceOfInsurance,Evidence of Insurance,commercialGeneralLiability,Commercial General Liability,evidenceOfInsuranceCommercialGeneralLiabilityGeneralAggregate,General Aggregate,,matchOnce,must be greater or equal to,2000000,,non_compliant,Block Requirements,,,false,0,,2026-08-16
"Block Real Estate Services, LLC",69fdf74a62446148bd854b5e,69fded0d62446148bd848b6e,Puppy Love Grooming / Anntippia Young,69fdef6abf1df2fe969214c6,"3rd657 - Sni-A-Bar Plaza {KCG Investment Properties, LLC}",evidenceOfInsurance,Evidence of Insurance,commercialGeneralLiability,Commercial General Liability,evidenceOfInsuranceCommercialGeneralLiabilityWaiverOfSubrogationEndorsement,Waiver of Subrogation,"---prompt---
Determine if the insurer has waived their right of subrogation in favor of the certificate holder under the Commercial General Liability policy. Evidence may include: a checked ""Waiver of Subrogation"" box on the certificate, mention in the Description of Operations section stating ""waiver of subrogation applies"", or reference to form CG 24 04. Look for language like ""subrogation is waived"" or ""per written contract"".",matchOnce,must be present,,,non_compliant,Block Requirements,,,false,0,,2026-08-16
"Block Real Estate Services, LLC",69fdf74a62446148bd854b5e,69fded0d62446148bd848b6e,Puppy Love Grooming / Anntippia Young,69fdef6abf1df2fe969214c6,"3rd657 - Sni-A-Bar Plaza {KCG Investment Properties, LLC}",evidenceOfInsurance,Evidence of Insurance,excessOrUmbrellaLiability,Umbrella/Excess Liability,evidenceOfInsuranceExcessOrUmbrellaLiabilityOccurence,Coverage Trigger: Occurrence,,matchOnce,must be present,,,non_compliant,Block Requirements,,,false,0,,2026-08-16
"Block Real Estate Services, LLC",69fdf74a62446148bd854b5e,69fded0d62446148bd848b6e,Puppy Love Grooming / Anntippia Young,69fdef6abf1df2fe969214c6,"3rd657 - Sni-A-Bar Plaza {KCG Investment Properties, LLC}",evidenceOfInsurance,Evidence of Insurance,excessOrUmbrellaLiability,Umbrella/Excess Liability,evidenceOfInsuranceExcessOrUmbrellaLiabilityEachOccurrence,Each Occurrence,,matchOnce,must be greater or equal to,1000000,,non_compliant,Block Requirements,,,false,0,,2026-08-16
"Block Real Estate Services, LLC",69fdf74a62446148bd854b5e,69fded0d62446148bd848b6e,Puppy Love Grooming / Anntippia Young,69fdef6abf1df2fe969214c6,"3rd657 - Sni-A-Bar Plaza {KCG Investment Properties, LLC}",evidenceOfInsurance,Evidence of Insurance,excessOrUmbrellaLiability,Umbrella/Excess Liability,evidenceOfInsuranceExcessOrUmbrellaLiabilityAggregate,Aggregate,,matchOnce,must be greater or equal to,1000000,,non_compliant,Block Requirements,,,false,0,,2026-08-16
"Block Real Estate Services, LLC",69fdf74a62446148bd854b5e,69fded0d62446148bd848b6e,Puppy Love Grooming / Anntippia Young,69fdef6abf1df2fe969214c6,"3rd657 - Sni-A-Bar Plaza {KCG Investment Properties, LLC}",evidenceOfInsurance,Evidence of Insurance,workersCompensation,Workers' Compensation and Employer's Liability,evidenceOfInsuranceWorkersCompensationStatutoryLimits,Statutory Limits,,matchOnce,must be present,,,non_compliant,Block Requirements,,,false,0,,2026-08-16
"Block Real Estate Services, LLC",69fdf74a62446148bd854b5e,69fded0d62446148bd848b6e,Puppy Love Grooming / Anntippia Young,69fdef6abf1df2fe969214c6,"3rd657 - Sni-A-Bar Plaza {KCG Investment Properties, LLC}",evidenceOfInsurance,Evidence of Insurance,workersCompensation,Workers' Compensation and Employer's Liability,evidenceOfInsuranceWorkersCompensationEmployersLiabilityEachAccident,Employer's Liability Each Accident,,matchOnce,must be greater or equal to,500000,,non_compliant,Block Requirements,,,false,0,,2026-08-16
"Block Real Estate Services, LLC",69fdf74a62446148bd854b5e,69fded0d62446148bd848b6e,Puppy Love Grooming / Anntippia Young,69fdef6abf1df2fe969214c6,"3rd657 - Sni-A-Bar Plaza {KCG Investment Properties, LLC}",evidenceOfInsurance,Evidence of Insurance,workersCompensation,Workers' Compensation and Employer's Liability,evidenceOfInsuranceWorkersCompensationEmployersLiabilityDiseaseEachEmployee,Employer's Liability Disease - each employee,,matchOnce,must be greater or equal to,500000,,non_compliant,Block Requirements,,,false,0,,2026-08-16
"Block Real Estate Services, LLC",69fdf74a62446148bd854b5e,69fded0d62446148bd848b6e,Puppy Love Grooming / Anntippia Young,69fdef6abf1df2fe969214c6,"3rd657 - Sni-A-Bar Plaza {KCG Investment Properties, LLC}",evidenceOfInsurance,Evidence of Insurance,workersCompensation,Workers' Compensation and Employer's Liability,evidenceOfInsuranceWorkersCompensationEmployersLiabilityDiseasePolicyLimit,Employer's Liability Disease - policy limit,,matchOnce,must be greater or equal to,500000,,non_compliant,Block Requirements,,,false,0,,2026-08-16
"Block Real Estate Services, LLC",69fdf74a62446148bd854b5e,69fded0d62446148bd848b6e,Puppy Love Grooming / Anntippia Young,69fdef6abf1df2fe969214c6,"3rd657 - Sni-A-Bar Plaza {KCG Investment Properties, LLC}",evidenceOfInsurance,Evidence of Insurance,workersCompensation,Workers' Compensation and Employer's Liability,evidenceOfInsuranceWorkersCompensationWaiverOfSubrogationEndorsement,Waiver of Subrogation,"---prompt---
Determine if the insurer has waived their right of subrogation in favor of the certificate holder under the Workers' Compensation policy. Evidence may include: a checked ""Waiver of Subrogation"" box on the certificate, mention in the Description of Operations section stating ""waiver of subrogation applies"", or reference to form WC 00 03 13. Look for language like ""subrogation is waived"" or ""per written contract"".",matchOnce,must be present,,,non_compliant,Block Requirements,,,false,0,,2026-08-16
"Block Real Estate Services, LLC",69fdf74a62446148bd854b5e,69fded0d62446148bd848b6e,Puppy Love Grooming / Anntippia Young,69fdef6abf1df2fe969214c6,"3rd657 - Sni-A-Bar Plaza {KCG Investment Properties, LLC}",evidenceOfInsurance,Evidence of Insurance,6ac20aae-5728-5d57-b364-aeba38527dba,Additional Requirements,4da5b0f1-4c9d-5885-8cf8-5d3cccaed3e0,"Block Real Estate Services, LLC and all others required by contract are named as Additional Insureds","---prompt---
Determine if the Description of Operations or the Additional Remarks Schedule section states the ""Additional Insured as Construction Management, Inc. and all others required by contract"" or reference to blanket additional insured coverage. Look for language like ""certificate holder is additional insured"" or ""per written contract"".",matchOnce,must be present,,,non_compliant,Block Requirements,,,true,0,,2026-08-16
"Block Real Estate Services, LLC",69fdf74a62446148bd854b5e,69fded0d62446148bd848b6e,Puppy Love Grooming / Anntippia Young,69fdef6abf1df2fe969214c6,"3rd657 - Sni-A-Bar Plaza {KCG Investment Properties, LLC}",evidenceOfInsurance,Evidence of Insurance,6ac20aae-5728-5d57-b364-aeba38527dba,Additional Requirements,e1017741-e47e-5f58-97b8-fbc3043e919f,Umbrella follows form over General Liability,"---prompt---
Determine if the Umbrella/Excess Liability policy follows form to the underlying policies. Evidence may include: language in the Description of Operations section stating the umbrella follows form to underlying coverages or an additional page endorsement stating that it follows form. Follow form means the umbrella policy adopts the same terms, conditions, and exclusions as the underlying policies.",matchOnce,must be present,,,non_compliant,Block Requirements,,,true,0,,2026-08-16
"Block Real Estate Services, LLC",69fdf74a62446148bd854b5e,69fded0d62446148bd848b6e,Puppy Love Grooming / Anntippia Young,69fdef6abf1df2fe969214c6,"3rd657 - Sni-A-Bar Plaza {KCG Investment Properties, LLC}",evidenceOfInsurance,Evidence of Insurance,6ac20aae-5728-5d57-b364-aeba38527dba,Additional Requirements,2cdd866f-c9a4-576a-afd8-1d045762790c,"The location must be listed as: 1454 SW Eagles Parkway, Grain Valley, MO, 64029",,matchOnce,must be present,,,non_compliant,Block Requirements,,,true,0,,2026-08-16
"Block Real Estate Services, LLC",69fdf74a62446148bd854b5e,69fded0d62446148bd848b6e,Puppy Love Grooming / Anntippia Young,69fdef6abf1df2fe969214c6,"3rd657 - Sni-A-Bar Plaza {KCG Investment Properties, LLC}",evidenceOfInsurance,Evidence of Insurance,6ac20aae-5728-5d57-b364-aeba38527dba,Additional Requirements,3649e9d1-4e09-59bf-8f30-cb33c40cf117,"Certificate Holder must read: c/o Block Real Estate Services, LLC, 4622 Pennsylvania St., Suite 700, Kansas City, MO, 64112",,matchOnce,must be present,,,non_compliant,Block Requirements,,,true,0,,2026-08-16
"Block Real Estate Services, LLC",69fdf75c62446148bd855f55,69fded1f62446148bd8490ed,Releve Performing Arts / Ashley Collier,69fdef6abf1df2fe969214c6,"3rd657 - Sni-A-Bar Plaza {KCG Investment Properties, LLC}",evidenceOfInsurance,Evidence of Insurance,commercialGeneralLiability,Commercial General Liability,evidenceOfInsuranceCommercialGeneralLiabilityCoverageTriggerOccurrence,Coverage Trigger: Occurrence,,matchOnce,must be present,,,non_compliant,Block Requirements,,,false,0,,2026-08-16
"Block Real Estate Services, LLC",69fdf75c62446148bd855f55,69fded1f62446148bd8490ed,Releve Performing Arts / Ashley Collier,69fdef6abf1df2fe969214c6,"3rd657 - Sni-A-Bar Plaza {KCG Investment Properties, LLC}",evidenceOfInsurance,Evidence of Insurance,commercialGeneralLiability,Commercial General Liability,evidenceOfInsuranceCommercialGeneralLiabilityGeneralAggregateLimitAppliesPerLocation,General Aggregate Limit Applies per: Location,,matchOnce,must be present,,,non_compliant,Block Requirements,,,false,0,,2026-08-16
"Block Real Estate Services, LLC",69fdf75c62446148bd855f55,69fded1f62446148bd8490ed,Releve Performing Arts / Ashley Collier,69fdef6abf1df2fe969214c6,"3rd657 - Sni-A-Bar Plaza {KCG Investment Properties, LLC}",evidenceOfInsurance,Evidence of Insurance,commercialGeneralLiability,Commercial General Liability,evidenceOfInsuranceCommercialGeneralLiabilityEachOccurrence,Each Occurrence,,matchOnce,must be greater or equal to,1000000,,non_compliant,Block Requirements,,,false,0,,2026-08-16
"Block Real Estate Services, LLC",69fdf75c62446148bd855f55,69fded1f62446148bd8490ed,Releve Performing Arts / Ashley Collier,69fdef6abf1df2fe969214c6,"3rd657 - Sni-A-Bar Plaza {KCG Investment Properties, LLC}",evidenceOfInsurance,Evidence of Insurance,commercialGeneralLiability,Commercial General Liability,evidenceOfInsuranceCommercialGeneralLiabilityGeneralAggregate,General Aggregate,,matchOnce,must be greater or equal to,2000000,,non_compliant,Block Requirements,,,false,0,,2026-08-16
"Block Real Estate Services, LLC",69fdf75c62446148bd855f55,69fded1f62446148bd8490ed,Releve Performing Arts / Ashley Collier,69fdef6abf1df2fe969214c6,"3rd657 - Sni-A-Bar Plaza {KCG Investment Properties, LLC}",evidenceOfInsurance,Evidence of Insurance,commercialGeneralLiability,Commercial General Liability,evidenceOfInsuranceCommercialGeneralLiabilityWaiverOfSubrogationEndorsement,Waiver of Subrogation,"---prompt---
Determine if the insurer has waived their right of subrogation in favor of the certificate holder under the Commercial General Liability policy. Evidence may include: a checked ""Waiver of Subrogation"" box on the certificate, mention in the Description of Operations section stating ""waiver of subrogation applies"", or reference to form CG 24 04. Look for language like ""subrogation is waived"" or ""per written contract"".",matchOnce,must be present,,,non_compliant,Block Requirements,,,false,0,,2026-08-16
"Block Real Estate Services, LLC",69fdf75c62446148bd855f55,69fded1f62446148bd8490ed,Releve Performing Arts / Ashley Collier,69fdef6abf1df2fe969214c6,"3rd657 - Sni-A-Bar Plaza {KCG Investment Properties, LLC}",evidenceOfInsurance,Evidence of Insurance,excessOrUmbrellaLiability,Umbrella/Excess Liability,evidenceOfInsuranceExcessOrUmbrellaLiabilityOccurence,Coverage Trigger: Occurrence,,matchOnce,must be present,,,non_compliant,Block Requirements,,,false,0,,2026-08-16
"Block Real Estate Services, LLC",69fdf75c62446148bd855f55,69fded1f62446148bd8490ed,Releve Performing Arts / Ashley Collier,69fdef6abf1df2fe969214c6,"3rd657 - Sni-A-Bar Plaza {KCG Investment Properties, LLC}",evidenceOfInsurance,Evidence of Insurance,excessOrUmbrellaLiability,Umbrella/Excess Liability,evidenceOfInsuranceExcessOrUmbrellaLiabilityEachOccurrence,Each Occurrence,,matchOnce,must be greater or equal to,1000000,,non_compliant,Block Requirements,,,false,0,,2026-08-16
"Block Real Estate Services, LLC",69fdf75c62446148bd855f55,69fded1f62446148bd8490ed,Releve Performing Arts / Ashley Collier,69fdef6abf1df2fe969214c6,"3rd657 - Sni-A-Bar Plaza {KCG Investment Properties, LLC}",evidenceOfInsurance,Evidence of Insurance,excessOrUmbrellaLiability,Umbrella/Excess Liability,evidenceOfInsuranceExcessOrUmbrellaLiabilityAggregate,Aggregate,,matchOnce,must be greater or equal to,1000000,,non_compliant,Block Requirements,,,false,0,,2026-08-16
"Block Real Estate Services, LLC",69fdf75c62446148bd855f55,69fded1f62446148bd8490ed,Releve Performing Arts / Ashley Collier,69fdef6abf1df2fe969214c6,"3rd657 - Sni-A-Bar Plaza {KCG Investment Properties, LLC}",evidenceOfInsurance,Evidence of Insurance,workersCompensation,Workers' Compensation and Employer's Liability,evidenceOfInsuranceWorkersCompensationStatutoryLimits,Statutory Limits,,matchOnce,must be present,,,non_compliant,Block Requirements,,,false,0,,2026-08-16
"Block Real Estate Services, LLC",69fdf75c62446148bd855f55,69fded1f62446148bd8490ed,Releve Performing Arts / Ashley Collier,69fdef6abf1df2fe969214c6,"3rd657 - Sni-A-Bar Plaza {KCG Investment Properties, LLC}",evidenceOfInsurance,Evidence of Insurance,workersCompensation,Workers' Compensation and Employer's Liability,evidenceOfInsuranceWorkersCompensationEmployersLiabilityEachAccident,Employer's Liability Each Accident,,matchOnce,must be greater or equal to,500000,,non_compliant,Block Requirements,,,false,0,,2026-08-16
"Block Real Estate Services, LLC",69fdf75c62446148bd855f55,69fded1f62446148bd8490ed,Releve Performing Arts / Ashley Collier,69fdef6abf1df2fe969214c6,"3rd657 - Sni-A-Bar Plaza {KCG Investment Properties, LLC}",evidenceOfInsurance,Evidence of Insurance,workersCompensation,Workers' Compensation and Employer's Liability,evidenceOfInsuranceWorkersCompensationEmployersLiabilityDiseaseEachEmployee,Employer's Liability Disease - each employee,,matchOnce,must be greater or equal to,500000,,non_compliant,Block Requirements,,,false,0,,2026-08-16
"Block Real Estate Services, LLC",69fdf75c62446148bd855f55,69fded1f62446148bd8490ed,Releve Performing Arts / Ashley Collier,69fdef6abf1df2fe969214c6,"3rd657 - Sni-A-Bar Plaza {KCG Investment Properties, LLC}",evidenceOfInsurance,Evidence of Insurance,workersCompensation,Workers' Compensation and Employer's Liability,evidenceOfInsuranceWorkersCompensationEmployersLiabilityDiseasePolicyLimit,Employer's Liability Disease - policy limit,,matchOnce,must be greater or equal to,500000,,non_compliant,Block Requirements,,,false,0,,2026-08-16
"Block Real Estate Services, LLC",69fdf75c62446148bd855f55,69fded1f62446148bd8490ed,Releve Performing Arts / Ashley Collier,69fdef6abf1df2fe969214c6,"3rd657 - Sni-A-Bar Plaza {KCG Investment Properties, LLC}",evidenceOfInsurance,Evidence of Insurance,workersCompensation,Workers' Compensation and Employer's Liability,evidenceOfInsuranceWorkersCompensationWaiverOfSubrogationEndorsement,Waiver of Subrogation,"---prompt---
Determine if the insurer has waived their right of subrogation in favor of the certificate holder under the Workers' Compensation policy. Evidence may include: a checked ""Waiver of Subrogation"" box on the certificate, mention in the Description of Operations section stating ""waiver of subrogation applies"", or reference to form WC 00 03 13. Look for language like ""subrogation is waived"" or ""per written contract"".",matchOnce,must be present,,,non_compliant,Block Requirements,,,false,0,,2026-08-16
"Block Real Estate Services, LLC",69fdf75c62446148bd855f55,69fded1f62446148bd8490ed,Releve Performing Arts / Ashley Collier,69fdef6abf1df2fe969214c6,"3rd657 - Sni-A-Bar Plaza {KCG Investment Properties, LLC}",evidenceOfInsurance,Evidence of Insurance,6ac20aae-5728-5d57-b364-aeba38527dba,Additional Requirements,4da5b0f1-4c9d-5885-8cf8-5d3cccaed3e0,"Block Real Estate Services, LLC and all others required by contract are named as Additional Insureds","---prompt---
Determine if the Description of Operations or the Additional Remarks Schedule section states the ""Additional Insured as Construction Management, Inc. and all others required by contract"" or reference to blanket additional insured coverage. Look for language like ""certificate holder is additional insured"" or ""per written contract"".",matchOnce,must be present,,,non_compliant,Block Requirements,,,true,0,,2026-08-16
"Block Real Estate Services, LLC",69fdf75c62446148bd855f55,69fded1f62446148bd8490ed,Releve Performing Arts / Ashley Collier,69fdef6abf1df2fe969214c6,"3rd657 - Sni-A-Bar Plaza {KCG Investment Properties, LLC}",evidenceOfInsurance,Evidence of Insurance,6ac20aae-5728-5d57-b364-aeba38527dba,Additional Requirements,e1017741-e47e-5f58-97b8-fbc3043e919f,Umbrella follows form over General Liability,"---prompt---
Determine if the Umbrella/Excess Liability policy follows form to the underlying policies. Evidence may include: language in the Description of Operations section stating the umbrella follows form to underlying coverages or an additional page endorsement stating that it follows form. Follow form means the umbrella policy adopts the same terms, conditions, and exclusions as the underlying policies.",matchOnce,must be present,,,non_compliant,Block Requirements,,,true,0,,2026-08-16
"Block Real Estate Services, LLC",69fdf75c62446148bd855f55,69fded1f62446148bd8490ed,Releve Performing Arts / Ashley Collier,69fdef6abf1df2fe969214c6,"3rd657 - Sni-A-Bar Plaza {KCG Investment Properties, LLC}",evidenceOfInsurance,Evidence of Insurance,6ac20aae-5728-5d57-b364-aeba38527dba,Additional Requirements,2cdd866f-c9a4-576a-afd8-1d045762790c,"The location must be listed as: 1444, 1446, 1448 SW Eagles Parkway, Grain Valley, MO, 64029",,matchOnce,must be present,,,non_compliant,Block Requirements,,,true,0,,2026-08-16
"Block Real Estate Services, LLC",69fdf75c62446148bd855f55,69fded1f62446148bd8490ed,Releve Performing Arts / Ashley Collier,69fdef6abf1df2fe969214c6,"3rd657 - Sni-A-Bar Plaza {KCG Investment Properties, LLC}",evidenceOfInsurance,Evidence of Insurance,6ac20aae-5728-5d57-b364-aeba38527dba,Additional Requirements,3649e9d1-4e09-59bf-8f30-cb33c40cf117,"Certificate Holder must read: c/o Block Real Estate Services, LLC, 4622 Pennsylvania St., Suite 700, Kansas City, MO, 64112",,matchOnce,must be present,,,non_compliant,Block Requirements,,,true,0,,2026-08-16
"Block Real Estate Services, LLC",69fdf75c62446148bd855f56,69fded2162446148bd84917d,Soar Nutrition,69fdef6abf1df2fe969214c6,"3rd657 - Sni-A-Bar Plaza {KCG Investment Properties, LLC}",evidenceOfInsurance,Evidence of Insurance,commercialGeneralLiability,Commercial General Liability,evidenceOfInsuranceCommercialGeneralLiabilityCoverageTriggerOccurrence,Coverage Trigger: Occurrence,,matchOnce,must be present,,,non_compliant,Block Requirements,,,false,0,,2026-08-16
"Block Real Estate Services, LLC",69fdf75c62446148bd855f56,69fded2162446148bd84917d,Soar Nutrition,69fdef6abf1df2fe969214c6,"3rd657 - Sni-A-Bar Plaza {KCG Investment Properties, LLC}",evidenceOfInsurance,Evidence of Insurance,commercialGeneralLiability,Commercial General Liability,evidenceOfInsuranceCommercialGeneralLiabilityGeneralAggregateLimitAppliesPerLocation,General Aggregate Limit Applies per: Location,,matchOnce,must be present,,,non_compliant,Block Requirements,,,false,0,,2026-08-16
"Block Real Estate Services, LLC",69fdf75c62446148bd855f56,69fded2162446148bd84917d,Soar Nutrition,69fdef6abf1df2fe969214c6,"3rd657 - Sni-A-Bar Plaza {KCG Investment Properties, LLC}",evidenceOfInsurance,Evidence of Insurance,commercialGeneralLiability,Commercial General Liability,evidenceOfInsuranceCommercialGeneralLiabilityEachOccurrence,Each Occurrence,,matchOnce,must be greater or equal to,1000000,,non_compliant,Block Requirements,,,false,0,,2026-08-16
"Block Real Estate Services, LLC",69fdf75c62446148bd855f56,69fded2162446148bd84917d,Soar Nutrition,69fdef6abf1df2fe969214c6,"3rd657 - Sni-A-Bar Plaza {KCG Investment Properties, LLC}",evidenceOfInsurance,Evidence of Insurance,commercialGeneralLiability,Commercial General Liability,evidenceOfInsuranceCommercialGeneralLiabilityGeneralAggregate,General Aggregate,,matchOnce,must be greater or equal to,2000000,,non_compliant,Block Requirements,,,false,0,,2026-08-16
"Block Real Estate Services, LLC",69fdf75c62446148bd855f56,69fded2162446148bd84917d,Soar Nutrition,69fdef6abf1df2fe969214c6,"3rd657 - Sni-A-Bar Plaza {KCG Investment Properties, LLC}",evidenceOfInsurance,Evidence of Insurance,commercialGeneralLiability,Commercial General Liability,evidenceOfInsuranceCommercialGeneralLiabilityWaiverOfSubrogationEndorsement,Waiver of Subrogation,"---prompt---
Determine if the insurer has waived their right of subrogation in favor of the certificate holder under the Commercial General Liability policy. Evidence may include: a checked ""Waiver of Subrogation"" box on the certificate, mention in the Description of Operations section stating ""waiver of subrogation applies"", or reference to form CG 24 04. Look for language like ""subrogation is waived"" or ""per written contract"".",matchOnce,must be present,,,non_compliant,Block Requirements,,,false,0,,2026-08-16
"Block Real Estate Services, LLC",69fdf75c62446148bd855f56,69fded2162446148bd84917d,Soar Nutrition,69fdef6abf1df2fe969214c6,"3rd657 - Sni-A-Bar Plaza {KCG Investment Properties, LLC}",evidenceOfInsurance,Evidence of Insurance,excessOrUmbrellaLiability,Umbrella/Excess Liability,evidenceOfInsuranceExcessOrUmbrellaLiabilityOccurence,Coverage Trigger: Occurrence,,matchOnce,must be present,,,non_compliant,Block Requirements,,,false,0,,2026-08-16
"Block Real Estate Services, LLC",69fdf75c62446148bd855f56,69fded2162446148bd84917d,Soar Nutrition,69fdef6abf1df2fe969214c6,"3rd657 - Sni-A-Bar Plaza {KCG Investment Properties, LLC}",evidenceOfInsurance,Evidence of Insurance,excessOrUmbrellaLiability,Umbrella/Excess Liability,evidenceOfInsuranceExcessOrUmbrellaLiabilityEachOccurrence,Each Occurrence,,matchOnce,must be greater or equal to,1000000,,non_compliant,Block Requirements,,,false,0,,2026-08-16
"Block Real Estate Services, LLC",69fdf75c62446148bd855f56,69fded2162446148bd84917d,Soar Nutrition,69fdef6abf1df2fe969214c6,"3rd657 - Sni-A-Bar Plaza {KCG Investment Properties, LLC}",evidenceOfInsurance,Evidence of Insurance,excessOrUmbrellaLiability,Umbrella/Excess Liability,evidenceOfInsuranceExcessOrUmbrellaLiabilityAggregate,Aggregate,,matchOnce,must be greater or equal to,1000000,,non_compliant,Block Requirements,,,false,0,,2026-08-16
"Block Real Estate Services, LLC",69fdf75c62446148bd855f56,69fded2162446148bd84917d,Soar Nutrition,69fdef6abf1df2fe969214c6,"3rd657 - Sni-A-Bar Plaza {KCG Investment Properties, LLC}",evidenceOfInsurance,Evidence of Insurance,workersCompensation,Workers' Compensation and Employer's Liability,evidenceOfInsuranceWorkersCompensationStatutoryLimits,Statutory Limits,,matchOnce,must be present,,,non_compliant,Block Requirements,,,false,0,,2026-08-16
"Block Real Estate Services, LLC",69fdf75c62446148bd855f56,69fded2162446148bd84917d,Soar Nutrition,69fdef6abf1df2fe969214c6,"3rd657 - Sni-A-Bar Plaza {KCG Investment Properties, LLC}",evidenceOfInsurance,Evidence of Insurance,workersCompensation,Workers' Compensation and Employer's Liability,evidenceOfInsuranceWorkersCompensationEmployersLiabilityEachAccident,Employer's Liability Each Accident,,matchOnce,must be greater or equal to,500000,,non_compliant,Block Requirements,,,false,0,,2026-08-16
"Block Real Estate Services, LLC",69fdf75c62446148bd855f56,69fded2162446148bd84917d,Soar Nutrition,69fdef6abf1df2fe969214c6,"3rd657 - Sni-A-Bar Plaza {KCG Investment Properties, LLC}",evidenceOfInsurance,Evidence of Insurance,workersCompensation,Workers' Compensation and Employer's Liability,evidenceOfInsuranceWorkersCompensationEmployersLiabilityDiseaseEachEmployee,Employer's Liability Disease - each employee,,matchOnce,must be greater or equal to,500000,,non_compliant,Block Requirements,,,false,0,,2026-08-16
"Block Real Estate Services, LLC",69fdf75c62446148bd855f56,69fded2162446148bd84917d,Soar Nutrition,69fdef6abf1df2fe969214c6,"3rd657 - Sni-A-Bar Plaza {KCG Investment Properties, LLC}",evidenceOfInsurance,Evidence of Insurance,workersCompensation,Workers' Compensation and Employer's Liability,evidenceOfInsuranceWorkersCompensationEmployersLiabilityDiseasePolicyLimit,Employer's Liability Disease - policy limit,,matchOnce,must be greater or equal to,500000,,non_compliant,Block Requirements,,,false,0,,2026-08-16
"Block Real Estate Services, LLC",69fdf75c62446148bd855f56,69fded2162446148bd84917d,Soar Nutrition,69fdef6abf1df2fe969214c6,"3rd657 - Sni-A-Bar Plaza {KCG Investment Properties, LLC}",evidenceOfInsurance,Evidence of Insurance,workersCompensation,Workers' Compensation and Employer's Liability,evidenceOfInsuranceWorkersCompensationWaiverOfSubrogationEndorsement,Waiver of Subrogation,"---prompt---
Determine if the insurer has waived their right of subrogation in favor of the certificate holder under the Workers' Compensation policy. Evidence may include: a checked ""Waiver of Subrogation"" box on the certificate, mention in the Description of Operations section stating ""waiver of subrogation applies"", or reference to form WC 00 03 13. Look for language like ""subrogation is waived"" or ""per written contract"".",matchOnce,must be present,,,non_compliant,Block Requirements,,,false,0,,2026-08-16
"Block Real Estate Services, LLC",69fdf75c62446148bd855f56,69fded2162446148bd84917d,Soar Nutrition,69fdef6abf1df2fe969214c6,"3rd657 - Sni-A-Bar Plaza {KCG Investment Properties, LLC}",evidenceOfInsurance,Evidence of Insurance,6ac20aae-5728-5d57-b364-aeba38527dba,Additional Requirements,4da5b0f1-4c9d-5885-8cf8-5d3cccaed3e0,"Block Real Estate Services, LLC and all others required by contract are named as Additional Insureds","---prompt---
Determine if the Description of Operations or the Additional Remarks Schedule section states the ""Additional Insured as Construction Management, Inc. and all others required by contract"" or reference to blanket additional insured coverage. Look for language like ""certificate holder is additional insured"" or ""per written contract"".",matchOnce,must be present,,,non_compliant,Block Requirements,,,true,0,,2026-08-16
"Block Real Estate Services, LLC",69fdf75c62446148bd855f56,69fded2162446148bd84917d,Soar Nutrition,69fdef6abf1df2fe969214c6,"3rd657 - Sni-A-Bar Plaza {KCG Investment Properties, LLC}",evidenceOfInsurance,Evidence of Insurance,6ac20aae-5728-5d57-b364-aeba38527dba,Additional Requirements,e1017741-e47e-5f58-97b8-fbc3043e919f,Umbrella follows form over General Liability,"---prompt---
Determine if the Umbrella/Excess Liability policy follows form to the underlying policies. Evidence may include: language in the Description of Operations section stating the umbrella follows form to underlying coverages or an additional page endorsement stating that it follows form. Follow form means the umbrella policy adopts the same terms, conditions, and exclusions as the underlying policies.",matchOnce,must be present,,,non_compliant,Block Requirements,,,true,0,,2026-08-16
"Block Real Estate Services, LLC",69fdf75c62446148bd855f56,69fded2162446148bd84917d,Soar Nutrition,69fdef6abf1df2fe969214c6,"3rd657 - Sni-A-Bar Plaza {KCG Investment Properties, LLC}",evidenceOfInsurance,Evidence of Insurance,6ac20aae-5728-5d57-b364-aeba38527dba,Additional Requirements,2cdd866f-c9a4-576a-afd8-1d045762790c,"The location must be listed as: 1434 SW Eagles Parkway, Grain Valley, MO, 64029",,matchOnce,must be present,,,non_compliant,Block Requirements,,,true,0,,2026-08-16
"Block Real Estate Services, LLC",69fdf75c62446148bd855f56,69fded2162446148bd84917d,Soar Nutrition,69fdef6abf1df2fe969214c6,"3rd657 - Sni-A-Bar Plaza {KCG Investment Properties, LLC}",evidenceOfInsurance,Evidence of Insurance,6ac20aae-5728-5d57-b364-aeba38527dba,Additional Requirements,3649e9d1-4e09-59bf-8f30-cb33c40cf117,"Certificate Holder must read: c/o Block Real Estate Services, LLC, 4622 Pennsylvania St., Suite 700, Kansas City, MO, 64112",,matchOnce,must be present,,,non_compliant,Block Requirements,,,true,0,,2026-08-16
"Block Real Estate Services, LLC",6a174f976bce9a8c3c222c44,69fded1b62446148bd848f9a,"510 Counseling Group / Melissa Winston, LLC",69fdef6abf1df2fe969214c6,"3rd657 - Sni-A-Bar Plaza {KCG Investment Properties, LLC}",evidenceOfInsurance,Evidence of Insurance,commercialGeneralLiability,Commercial General Liability,evidenceOfInsuranceCommercialGeneralLiabilityCoverageTriggerOccurrence,Coverage Trigger: Occurrence,,matchOnce,must be present,,Present,compliant,Block Requirements,,,false,1,,2026-08-16
"Block Real Estate Services, LLC",6a174f976bce9a8c3c222c44,69fded1b62446148bd848f9a,"510 Counseling Group / Melissa Winston, LLC",69fdef6abf1df2fe969214c6,"3rd657 - Sni-A-Bar Plaza {KCG Investment Properties, LLC}",evidenceOfInsurance,Evidence of Insurance,commercialGeneralLiability,Commercial General Liability,evidenceOfInsuranceCommercialGeneralLiabilityGeneralAggregateLimitAppliesPerLocation,General Aggregate Limit Applies per: Location,,matchOnce,must be present,,,waived,Block Requirements,Per location not a requirement in the lease,,false,0,,2026-08-16
"Block Real Estate Services, LLC",6a174f976bce9a8c3c222c44,69fded1b62446148bd848f9a,"510 Counseling Group / Melissa Winston, LLC",69fdef6abf1df2fe969214c6,"3rd657 - Sni-A-Bar Plaza {KCG Investment Properties, LLC}",evidenceOfInsurance,Evidence of Insurance,commercialGeneralLiability,Commercial General Liability,evidenceOfInsuranceCommercialGeneralLiabilityEachOccurrence,Each Occurrence,,matchOnce,must be greater or equal to,1000000,1000000,compliant,Block Requirements,,,false,1,,2026-08-16
"Block Real Estate Services, LLC",6a174f976bce9a8c3c222c44,69fded1b62446148bd848f9a,"510 Counseling Group / Melissa Winston, LLC",69fdef6abf1df2fe969214c6,"3rd657 - Sni-A-Bar Plaza {KCG Investment Properties, LLC}",evidenceOfInsurance,Evidence of Insurance,commercialGeneralLiability,Commercial General Liability,evidenceOfInsuranceCommercialGeneralLiabilityGeneralAggregate,General Aggregate,,matchOnce,must be greater or equal to,2000000,2000000,compliant,Block Requirements,,,false,1,,2026-08-16
"Block Real Estate Services, LLC",6a174f976bce9a8c3c222c44,69fded1b62446148bd848f9a,"510 Counseling Group / Melissa Winston, LLC",69fdef6abf1df2fe969214c6,"3rd657 - Sni-A-Bar Plaza {KCG Investment Properties, LLC}",evidenceOfInsurance,Evidence of Insurance,commercialGeneralLiability,Commercial General Liability,evidenceOfInsuranceCommercialGeneralLiabilityWaiverOfSubrogationEndorsement,Waiver of Subrogation,"---prompt---
Determine if the insurer has waived their right of subrogation in favor of the certificate holder under the Commercial General Liability policy. Evidence may include: a checked ""Waiver of Subrogation"" box on the certificate, mention in the Description of Operations section stating ""waiver of subrogation applies"", or reference to form CG 24 04. Look for language like ""subrogation is waived"" or ""per written contract"".",matchOnce,must be present,,Present,compliant,Block Requirements,,,false,1,,2026-08-16
"Block Real Estate Services, LLC",6a174f976bce9a8c3c222c44,69fded1b62446148bd848f9a,"510 Counseling Group / Melissa Winston, LLC",69fdef6abf1df2fe969214c6,"3rd657 - Sni-A-Bar Plaza {KCG Investment Properties, LLC}",evidenceOfInsurance,Evidence of Insurance,excessOrUmbrellaLiability,Umbrella/Excess Liability,evidenceOfInsuranceExcessOrUmbrellaLiabilityOccurence,Coverage Trigger: Occurrence,,matchOnce,must be present,,,waived,Block Requirements,,,false,0,,2026-08-16
"Block Real Estate Services, LLC",6a174f976bce9a8c3c222c44,69fded1b62446148bd848f9a,"510 Counseling Group / Melissa Winston, LLC",69fdef6abf1df2fe969214c6,"3rd657 - Sni-A-Bar Plaza {KCG Investment Properties, LLC}",evidenceOfInsurance,Evidence of Insurance,excessOrUmbrellaLiability,Umbrella/Excess Liability,evidenceOfInsuranceExcessOrUmbrellaLiabilityEachOccurrence,Each Occurrence,,matchOnce,must be greater or equal to,1000000,,waived,Block Requirements,,,false,0,,2026-08-16
"Block Real Estate Services, LLC",6a174f976bce9a8c3c222c44,69fded1b62446148bd848f9a,"510 Counseling Group / Melissa Winston, LLC",69fdef6abf1df2fe969214c6,"3rd657 - Sni-A-Bar Plaza {KCG Investment Properties, LLC}",evidenceOfInsurance,Evidence of Insurance,excessOrUmbrellaLiability,Umbrella/Excess Liability,evidenceOfInsuranceExcessOrUmbrellaLiabilityAggregate,Aggregate,,matchOnce,must be greater or equal to,1000000,,waived,Block Requirements,,,false,0,,2026-08-16
"Block Real Estate Services, LLC",6a174f976bce9a8c3c222c44,69fded1b62446148bd848f9a,"510 Counseling Group / Melissa Winston, LLC",69fdef6abf1df2fe969214c6,"3rd657 - Sni-A-Bar Plaza {KCG Investment Properties, LLC}",evidenceOfInsurance,Evidence of Insurance,workersCompensation,Workers' Compensation and Employer's Liability,evidenceOfInsuranceWorkersCompensationStatutoryLimits,Statutory Limits,,matchOnce,must be present,,Present,waived,Block Requirements,,,false,2,,2026-08-16
"Block Real Estate Services, LLC",6a174f976bce9a8c3c222c44,69fded1b62446148bd848f9a,"510 Counseling Group / Melissa Winston, LLC",69fdef6abf1df2fe969214c6,"3rd657 - Sni-A-Bar Plaza {KCG Investment Properties, LLC}",evidenceOfInsurance,Evidence of Insurance,workersCompensation,Workers' Compensation and Employer's Liability,evidenceOfInsuranceWorkersCompensationEmployersLiabilityEachAccident,Employer's Liability Each Accident,,matchOnce,must be greater or equal to,500000,500000,waived,Block Requirements,,,false,2,,2026-08-16
"Block Real Estate Services, LLC",6a174f976bce9a8c3c222c44,69fded1b62446148bd848f9a,"510 Counseling Group / Melissa Winston, LLC",69fdef6abf1df2fe969214c6,"3rd657 - Sni-A-Bar Plaza {KCG Investment Properties, LLC}",evidenceOfInsurance,Evidence of Insurance,workersCompensation,Workers' Compensation and Employer's Liability,evidenceOfInsuranceWorkersCompensationEmployersLiabilityDiseaseEachEmployee,Employer's Liability Disease - each employee,,matchOnce,must be greater or equal to,500000,500000,waived,Block Requirements,,,false,2,,2026-08-16
"Block Real Estate Services, LLC",6a174f976bce9a8c3c222c44,69fded1b62446148bd848f9a,"510 Counseling Group / Melissa Winston, LLC",69fdef6abf1df2fe969214c6,"3rd657 - Sni-A-Bar Plaza {KCG Investment Properties, LLC}",evidenceOfInsurance,Evidence of Insurance,workersCompensation,Workers' Compensation and Employer's Liability,evidenceOfInsuranceWorkersCompensationEmployersLiabilityDiseasePolicyLimit,Employer's Liability Disease - policy limit,,matchOnce,must be greater or equal to,500000,500000,waived,Block Requirements,,,false,2,,2026-08-16
"Block Real Estate Services, LLC",6a174f976bce9a8c3c222c44,69fded1b62446148bd848f9a,"510 Counseling Group / Melissa Winston, LLC",69fdef6abf1df2fe969214c6,"3rd657 - Sni-A-Bar Plaza {KCG Investment Properties, LLC}",evidenceOfInsurance,Evidence of Insurance,workersCompensation,Workers' Compensation and Employer's Liability,evidenceOfInsuranceWorkersCompensationWaiverOfSubrogationEndorsement,Waiver of Subrogation,"---prompt---
Determine if the insurer has waived their right of subrogation in favor of the certificate holder under the Workers' Compensation policy. Evidence may include: a checked ""Waiver of Subrogation"" box on the certificate, mention in the Description of Operations section stating ""waiver of subrogation applies"", or reference to form WC 00 03 13. Look for language like ""subrogation is waived"" or ""per written contract"".",matchOnce,must be present,,Present,waived,Block Requirements,,,false,1,,2026-08-16
"Block Real Estate Services, LLC",6a174f976bce9a8c3c222c44,69fded1b62446148bd848f9a,"510 Counseling Group / Melissa Winston, LLC",69fdef6abf1df2fe969214c6,"3rd657 - Sni-A-Bar Plaza {KCG Investment Properties, LLC}",evidenceOfInsurance,Evidence of Insurance,6ac20aae-5728-5d57-b364-aeba38527dba,Additional Requirements,4da5b0f1-4c9d-5885-8cf8-5d3cccaed3e0,"Block Real Estate Services, LLC and all others required by contract are named as Additional Insureds","---prompt---
Determine if the Description of Operations or the Additional Remarks Schedule section states the ""Additional Insured as Construction Management, Inc. and all others required by contract"" or reference to blanket additional insured coverage. Look for language like ""certificate holder is additional insured"" or ""per written contract"".",matchOnce,must be present,,Present,compliant,Block Requirements,,,true,1,,2026-08-16
"Block Real Estate Services, LLC",6a174f976bce9a8c3c222c44,69fded1b62446148bd848f9a,"510 Counseling Group / Melissa Winston, LLC",69fdef6abf1df2fe969214c6,"3rd657 - Sni-A-Bar Plaza {KCG Investment Properties, LLC}",evidenceOfInsurance,Evidence of Insurance,6ac20aae-5728-5d57-b364-aeba38527dba,Additional Requirements,e1017741-e47e-5f58-97b8-fbc3043e919f,Umbrella follows form over General Liability,"---prompt---
Determine if the Umbrella/Excess Liability policy follows form to the underlying policies. Evidence may include: language in the Description of Operations section stating the umbrella follows form to underlying coverages or an additional page endorsement stating that it follows form. Follow form means the umbrella policy adopts the same terms, conditions, and exclusions as the underlying policies.",matchOnce,must be present,,Present,compliant,Block Requirements,,,true,1,,2026-08-16
"Block Real Estate Services, LLC",6a174f976bce9a8c3c222c44,69fded1b62446148bd848f9a,"510 Counseling Group / Melissa Winston, LLC",69fdef6abf1df2fe969214c6,"3rd657 - Sni-A-Bar Plaza {KCG Investment Properties, LLC}",evidenceOfInsurance,Evidence of Insurance,6ac20aae-5728-5d57-b364-aeba38527dba,Additional Requirements,2cdd866f-c9a4-576a-afd8-1d045762790c,"The location must be listed as: 1410, 1412 SW Eagles Parkway, Grain Valley, MO, 64029",,matchOnce,must be present,,,non_compliant,Block Requirements,,,true,0,,2026-08-16
"Block Real Estate Services, LLC",6a174f976bce9a8c3c222c44,69fded1b62446148bd848f9a,"510 Counseling Group / Melissa Winston, LLC",69fdef6abf1df2fe969214c6,"3rd657 - Sni-A-Bar Plaza {KCG Investment Properties, LLC}",evidenceOfInsurance,Evidence of Insurance,6ac20aae-5728-5d57-b364-aeba38527dba,Additional Requirements,3649e9d1-4e09-59bf-8f30-cb33c40cf117,"Certificate Holder must read: c/o Block Real Estate Services, LLC, 4622 Pennsylvania St., Suite 700, Kansas City, MO, 64112",,matchOnce,must be present,,Present,compliant,Block Requirements,,,true,2,,2026-08-16
"Block Real Estate Services, LLC",6a174f976bce9a8c3c222c45,69fded1b62446148bd848f9a,"510 Counseling Group / Melissa Winston, LLC",69fdef6abf1df2fe969214c6,"3rd657 - Sni-A-Bar Plaza {KCG Investment Properties, LLC}",evidenceOfInsurance,Evidence of Insurance,commercialGeneralLiability,Commercial General Liability,evidenceOfInsuranceCommercialGeneralLiabilityCoverageTriggerOccurrence,Coverage Trigger: Occurrence,,matchOnce,must be present,,Present,compliant,Block Requirements,,,false,1,,2026-08-16
"Block Real Estate Services, LLC",6a174f976bce9a8c3c222c45,69fded1b62446148bd848f9a,"510 Counseling Group / Melissa Winston, LLC",69fdef6abf1df2fe969214c6,"3rd657 - Sni-A-Bar Plaza {KCG Investment Properties, LLC}",evidenceOfInsurance,Evidence of Insurance,commercialGeneralLiability,Commercial General Liability,evidenceOfInsuranceCommercialGeneralLiabilityGeneralAggregateLimitAppliesPerLocation,General Aggregate Limit Applies per: Location,,matchOnce,must be present,,,waived,Block Requirements,Per location not a requirement in the lease,,false,0,,2026-08-16
"Block Real Estate Services, LLC",6a174f976bce9a8c3c222c45,69fded1b62446148bd848f9a,"510 Counseling Group / Melissa Winston, LLC",69fdef6abf1df2fe969214c6,"3rd657 - Sni-A-Bar Plaza {KCG Investment Properties, LLC}",evidenceOfInsurance,Evidence of Insurance,commercialGeneralLiability,Commercial General Liability,evidenceOfInsuranceCommercialGeneralLiabilityEachOccurrence,Each Occurrence,,matchOnce,must be greater or equal to,1000000,1000000,compliant,Block Requirements,,,false,1,,2026-08-16
"Block Real Estate Services, LLC",6a174f976bce9a8c3c222c45,69fded1b62446148bd848f9a,"510 Counseling Group / Melissa Winston, LLC",69fdef6abf1df2fe969214c6,"3rd657 - Sni-A-Bar Plaza {KCG Investment Properties, LLC}",evidenceOfInsurance,Evidence of Insurance,commercialGeneralLiability,Commercial General Liability,evidenceOfInsuranceCommercialGeneralLiabilityGeneralAggregate,General Aggregate,,matchOnce,must be greater or equal to,2000000,2000000,compliant,Block Requirements,,,false,1,,2026-08-16
"Block Real Estate Services, LLC",6a174f976bce9a8c3c222c45,69fded1b62446148bd848f9a,"510 Counseling Group / Melissa Winston, LLC",69fdef6abf1df2fe969214c6,"3rd657 - Sni-A-Bar Plaza {KCG Investment Properties, LLC}",evidenceOfInsurance,Evidence of Insurance,commercialGeneralLiability,Commercial General Liability,evidenceOfInsuranceCommercialGeneralLiabilityWaiverOfSubrogationEndorsement,Waiver of Subrogation,"---prompt---
Determine if the insurer has waived their right of subrogation in favor of the certificate holder under the Commercial General Liability policy. Evidence may include: a checked ""Waiver of Subrogation"" box on the certificate, mention in the Description of Operations section stating ""waiver of subrogation applies"", or reference to form CG 24 04. Look for language like ""subrogation is waived"" or ""per written contract"".",matchOnce,must be present,,Present,compliant,Block Requirements,,,false,1,,2026-08-16
"Block Real Estate Services, LLC",6a174f976bce9a8c3c222c45,69fded1b62446148bd848f9a,"510 Counseling Group / Melissa Winston, LLC",69fdef6abf1df2fe969214c6,"3rd657 - Sni-A-Bar Plaza {KCG Investment Properties, LLC}",evidenceOfInsurance,Evidence of Insurance,excessOrUmbrellaLiability,Umbrella/Excess Liability,evidenceOfInsuranceExcessOrUmbrellaLiabilityOccurence,Coverage Trigger: Occurrence,,matchOnce,must be present,,,waived,Block Requirements,,,false,0,,2026-08-16
"Block Real Estate Services, LLC",6a174f976bce9a8c3c222c45,69fded1b62446148bd848f9a,"510 Counseling Group / Melissa Winston, LLC",69fdef6abf1df2fe969214c6,"3rd657 - Sni-A-Bar Plaza {KCG Investment Properties, LLC}",evidenceOfInsurance,Evidence of Insurance,excessOrUmbrellaLiability,Umbrella/Excess Liability,evidenceOfInsuranceExcessOrUmbrellaLiabilityEachOccurrence,Each Occurrence,,matchOnce,must be greater or equal to,1000000,,waived,Block Requirements,,,false,0,,2026-08-16
"Block Real Estate Services, LLC",6a174f976bce9a8c3c222c45,69fded1b62446148bd848f9a,"510 Counseling Group / Melissa Winston, LLC",69fdef6abf1df2fe969214c6,"3rd657 - Sni-A-Bar Plaza {KCG Investment Properties, LLC}",evidenceOfInsurance,Evidence of Insurance,excessOrUmbrellaLiability,Umbrella/Excess Liability,evidenceOfInsuranceExcessOrUmbrellaLiabilityAggregate,Aggregate,,matchOnce,must be greater or equal to,1000000,,waived,Block Requirements,,,false,0,,2026-08-16
"Block Real Estate Services, LLC",6a174f976bce9a8c3c222c45,69fded1b62446148bd848f9a,"510 Counseling Group / Melissa Winston, LLC",69fdef6abf1df2fe969214c6,"3rd657 - Sni-A-Bar Plaza {KCG Investment Properties, LLC}",evidenceOfInsurance,Evidence of Insurance,workersCompensation,Workers' Compensation and Employer's Liability,evidenceOfInsuranceWorkersCompensationStatutoryLimits,Statutory Limits,,matchOnce,must be present,,Present,waived,Block Requirements,,,false,2,,2026-08-16
"Block Real Estate Services, LLC",6a174f976bce9a8c3c222c45,69fded1b62446148bd848f9a,"510 Counseling Group / Melissa Winston, LLC",69fdef6abf1df2fe969214c6,"3rd657 - Sni-A-Bar Plaza {KCG Investment Properties, LLC}",evidenceOfInsurance,Evidence of Insurance,workersCompensation,Workers' Compensation and Employer's Liability,evidenceOfInsuranceWorkersCompensationEmployersLiabilityEachAccident,Employer's Liability Each Accident,,matchOnce,must be greater or equal to,500000,500000,waived,Block Requirements,,,false,2,,2026-08-16
"Block Real Estate Services, LLC",6a174f976bce9a8c3c222c45,69fded1b62446148bd848f9a,"510 Counseling Group / Melissa Winston, LLC",69fdef6abf1df2fe969214c6,"3rd657 - Sni-A-Bar Plaza {KCG Investment Properties, LLC}",evidenceOfInsurance,Evidence of Insurance,workersCompensation,Workers' Compensation and Employer's Liability,evidenceOfInsuranceWorkersCompensationEmployersLiabilityDiseaseEachEmployee,Employer's Liability Disease - each employee,,matchOnce,must be greater or equal to,500000,500000,waived,Block Requirements,,,false,2,,2026-08-16
"Block Real Estate Services, LLC",6a174f976bce9a8c3c222c45,69fded1b62446148bd848f9a,"510 Counseling Group / Melissa Winston, LLC",69fdef6abf1df2fe969214c6,"3rd657 - Sni-A-Bar Plaza {KCG Investment Properties, LLC}",evidenceOfInsurance,Evidence of Insurance,workersCompensation,Workers' Compensation and Employer's Liability,evidenceOfInsuranceWorkersCompensationEmployersLiabilityDiseasePolicyLimit,Employer's Liability Disease - policy limit,,matchOnce,must be greater or equal to,500000,500000,waived,Block Requirements,,,false,2,,2026-08-16
"Block Real Estate Services, LLC",6a174f976bce9a8c3c222c45,69fded1b62446148bd848f9a,"510 Counseling Group / Melissa Winston, LLC",69fdef6abf1df2fe969214c6,"3rd657 - Sni-A-Bar Plaza {KCG Investment Properties, LLC}",evidenceOfInsurance,Evidence of Insurance,workersCompensation,Workers' Compensation and Employer's Liability,evidenceOfInsuranceWorkersCompensationWaiverOfSubrogationEndorsement,Waiver of Subrogation,"---prompt---
Determine if the insurer has waived their right of subrogation in favor of the certificate holder under the Workers' Compensation policy. Evidence may include: a checked ""Waiver of Subrogation"" box on the certificate, mention in the Description of Operations section stating ""waiver of subrogation applies"", or reference to form WC 00 03 13. Look for language like ""subrogation is waived"" or ""per written contract"".",matchOnce,must be present,,Present,waived,Block Requirements,,,false,1,,2026-08-16
"Block Real Estate Services, LLC",6a174f976bce9a8c3c222c45,69fded1b62446148bd848f9a,"510 Counseling Group / Melissa Winston, LLC",69fdef6abf1df2fe969214c6,"3rd657 - Sni-A-Bar Plaza {KCG Investment Properties, LLC}",evidenceOfInsurance,Evidence of Insurance,6ac20aae-5728-5d57-b364-aeba38527dba,Additional Requirements,4da5b0f1-4c9d-5885-8cf8-5d3cccaed3e0,"Block Real Estate Services, LLC and all others required by contract are named as Additional Insureds","---prompt---
Determine if the Description of Operations or the Additional Remarks Schedule section states the ""Additional Insured as Construction Management, Inc. and all others required by contract"" or reference to blanket additional insured coverage. Look for language like ""certificate holder is additional insured"" or ""per written contract"".",matchOnce,must be present,,Present,compliant,Block Requirements,,,true,1,,2026-08-16
"Block Real Estate Services, LLC",6a174f976bce9a8c3c222c45,69fded1b62446148bd848f9a,"510 Counseling Group / Melissa Winston, LLC",69fdef6abf1df2fe969214c6,"3rd657 - Sni-A-Bar Plaza {KCG Investment Properties, LLC}",evidenceOfInsurance,Evidence of Insurance,6ac20aae-5728-5d57-b364-aeba38527dba,Additional Requirements,e1017741-e47e-5f58-97b8-fbc3043e919f,Umbrella follows form over General Liability,"---prompt---
Determine if the Umbrella/Excess Liability policy follows form to the underlying policies. Evidence may include: language in the Description of Operations section stating the umbrella follows form to underlying coverages or an additional page endorsement stating that it follows form. Follow form means the umbrella policy adopts the same terms, conditions, and exclusions as the underlying policies.",matchOnce,must be present,,Present,compliant,Block Requirements,,,true,1,,2026-08-16
"Block Real Estate Services, LLC",6a174f976bce9a8c3c222c45,69fded1b62446148bd848f9a,"510 Counseling Group / Melissa Winston, LLC",69fdef6abf1df2fe969214c6,"3rd657 - Sni-A-Bar Plaza {KCG Investment Properties, LLC}",evidenceOfInsurance,Evidence of Insurance,6ac20aae-5728-5d57-b364-aeba38527dba,Additional Requirements,2cdd866f-c9a4-576a-afd8-1d045762790c,"The location must be listed as: 1422 SW Eagles Parkway, Grain Valley, MO, 64029",,matchOnce,must be present,,,non_compliant,Block Requirements,,,true,0,,2026-08-16
"Block Real Estate Services, LLC",6a174f976bce9a8c3c222c45,69fded1b62446148bd848f9a,"510 Counseling Group / Melissa Winston, LLC",69fdef6abf1df2fe969214c6,"3rd657 - Sni-A-Bar Plaza {KCG Investment Properties, LLC}",evidenceOfInsurance,Evidence of Insurance,6ac20aae-5728-5d57-b364-aeba38527dba,Additional Requirements,3649e9d1-4e09-59bf-8f30-cb33c40cf117,"Certificate Holder must read: c/o Block Real Estate Services, LLC, 4622 Pennsylvania St., Suite 700, Kansas City, MO, 64112",,matchOnce,must be present,,Present,compliant,Block Requirements,,,true,2,,2026-08-16
"Block Real Estate Services, LLC",6a1750f1bf28cb6a86a7e9ce,6a1750d2df078f8120119232,Dr. Julia Loecker Dentistry,69fdef6abf1df2fe969214c6,"3rd657 - Sni-A-Bar Plaza {KCG Investment Properties, LLC}",evidenceOfInsurance,Evidence of Insurance,commercialGeneralLiability,Commercial General Liability,evidenceOfInsuranceCommercialGeneralLiabilityCoverageTriggerOccurrence,Coverage Trigger: Occurrence,,matchOnce,must be present,,,non_compliant,Block Requirements,,,false,0,,2026-08-16
"Block Real Estate Services, LLC",6a1750f1bf28cb6a86a7e9ce,6a1750d2df078f8120119232,Dr. Julia Loecker Dentistry,69fdef6abf1df2fe969214c6,"3rd657 - Sni-A-Bar Plaza {KCG Investment Properties, LLC}",evidenceOfInsurance,Evidence of Insurance,commercialGeneralLiability,Commercial General Liability,evidenceOfInsuranceCommercialGeneralLiabilityGeneralAggregateLimitAppliesPerLocation,General Aggregate Limit Applies per: Location,,matchOnce,must be present,,,non_compliant,Block Requirements,,,false,0,,2026-08-16
"Block Real Estate Services, LLC",6a1750f1bf28cb6a86a7e9ce,6a1750d2df078f8120119232,Dr. Julia Loecker Dentistry,69fdef6abf1df2fe969214c6,"3rd657 - Sni-A-Bar Plaza {KCG Investment Properties, LLC}",evidenceOfInsurance,Evidence of Insurance,commercialGeneralLiability,Commercial General Liability,evidenceOfInsuranceCommercialGeneralLiabilityEachOccurrence,Each Occurrence,,matchOnce,must be greater or equal to,1000000,,non_compliant,Block Requirements,,,false,0,,2026-08-16
"Block Real Estate Services, LLC",6a1750f1bf28cb6a86a7e9ce,6a1750d2df078f8120119232,Dr. Julia Loecker Dentistry,69fdef6abf1df2fe969214c6,"3rd657 - Sni-A-Bar Plaza {KCG Investment Properties, LLC}",evidenceOfInsurance,Evidence of Insurance,commercialGeneralLiability,Commercial General Liability,evidenceOfInsuranceCommercialGeneralLiabilityGeneralAggregate,General Aggregate,,matchOnce,must be greater or equal to,2000000,,non_compliant,Block Requirements,,,false,0,,2026-08-16
"Block Real Estate Services, LLC",6a1750f1bf28cb6a86a7e9ce,6a1750d2df078f8120119232,Dr. Julia Loecker Dentistry,69fdef6abf1df2fe969214c6,"3rd657 - Sni-A-Bar Plaza {KCG Investment Properties, LLC}",evidenceOfInsurance,Evidence of Insurance,commercialGeneralLiability,Commercial General Liability,evidenceOfInsuranceCommercialGeneralLiabilityWaiverOfSubrogationEndorsement,Waiver of Subrogation,"---prompt---
Determine if the insurer has waived their right of subrogation in favor of the certificate holder under the Commercial General Liability policy. Evidence may include: a checked ""Waiver of Subrogation"" box on the certificate, mention in the Description of Operations section stating ""waiver of subrogation applies"", or reference to form CG 24 04. Look for language like ""subrogation is waived"" or ""per written contract"".",matchOnce,must be present,,,non_compliant,Block Requirements,,,false,0,,2026-08-16
"Block Real Estate Services, LLC",6a1750f1bf28cb6a86a7e9ce,6a1750d2df078f8120119232,Dr. Julia Loecker Dentistry,69fdef6abf1df2fe969214c6,"3rd657 - Sni-A-Bar Plaza {KCG Investment Properties, LLC}",evidenceOfInsurance,Evidence of Insurance,excessOrUmbrellaLiability,Umbrella/Excess Liability,evidenceOfInsuranceExcessOrUmbrellaLiabilityOccurence,Coverage Trigger: Occurrence,,matchOnce,must be present,,,non_compliant,Block Requirements,,,false,0,,2026-08-16
"Block Real Estate Services, LLC",6a1750f1bf28cb6a86a7e9ce,6a1750d2df078f8120119232,Dr. Julia Loecker Dentistry,69fdef6abf1df2fe969214c6,"3rd657 - Sni-A-Bar Plaza {KCG Investment Properties, LLC}",evidenceOfInsurance,Evidence of Insurance,excessOrUmbrellaLiability,Umbrella/Excess Liability,evidenceOfInsuranceExcessOrUmbrellaLiabilityEachOccurrence,Each Occurrence,,matchOnce,must be greater or equal to,1000000,,non_compliant,Block Requirements,,,false,0,,2026-08-16
"Block Real Estate Services, LLC",6a1750f1bf28cb6a86a7e9ce,6a1750d2df078f8120119232,Dr. Julia Loecker Dentistry,69fdef6abf1df2fe969214c6,"3rd657 - Sni-A-Bar Plaza {KCG Investment Properties, LLC}",evidenceOfInsurance,Evidence of Insurance,excessOrUmbrellaLiability,Umbrella/Excess Liability,evidenceOfInsuranceExcessOrUmbrellaLiabilityAggregate,Aggregate,,matchOnce,must be greater or equal to,1000000,,non_compliant,Block Requirements,,,false,0,,2026-08-16
"Block Real Estate Services, LLC",6a1750f1bf28cb6a86a7e9ce,6a1750d2df078f8120119232,Dr. Julia Loecker Dentistry,69fdef6abf1df2fe969214c6,"3rd657 - Sni-A-Bar Plaza {KCG Investment Properties, LLC}",evidenceOfInsurance,Evidence of Insurance,workersCompensation,Workers' Compensation and Employer's Liability,evidenceOfInsuranceWorkersCompensationStatutoryLimits,Statutory Limits,,matchOnce,must be present,,,non_compliant,Block Requirements,,,false,0,,2026-08-16
"Block Real Estate Services, LLC",6a1750f1bf28cb6a86a7e9ce,6a1750d2df078f8120119232,Dr. Julia Loecker Dentistry,69fdef6abf1df2fe969214c6,"3rd657 - Sni-A-Bar Plaza {KCG Investment Properties, LLC}",evidenceOfInsurance,Evidence of Insurance,workersCompensation,Workers' Compensation and Employer's Liability,evidenceOfInsuranceWorkersCompensationEmployersLiabilityEachAccident,Employer's Liability Each Accident,,matchOnce,must be greater or equal to,500000,,non_compliant,Block Requirements,,,false,0,,2026-08-16
"Block Real Estate Services, LLC",6a1750f1bf28cb6a86a7e9ce,6a1750d2df078f8120119232,Dr. Julia Loecker Dentistry,69fdef6abf1df2fe969214c6,"3rd657 - Sni-A-Bar Plaza {KCG Investment Properties, LLC}",evidenceOfInsurance,Evidence of Insurance,workersCompensation,Workers' Compensation and Employer's Liability,evidenceOfInsuranceWorkersCompensationEmployersLiabilityDiseaseEachEmployee,Employer's Liability Disease - each employee,,matchOnce,must be greater or equal to,500000,,non_compliant,Block Requirements,,,false,0,,2026-08-16
"Block Real Estate Services, LLC",6a1750f1bf28cb6a86a7e9ce,6a1750d2df078f8120119232,Dr. Julia Loecker Dentistry,69fdef6abf1df2fe969214c6,"3rd657 - Sni-A-Bar Plaza {KCG Investment Properties, LLC}",evidenceOfInsurance,Evidence of Insurance,workersCompensation,Workers' Compensation and Employer's Liability,evidenceOfInsuranceWorkersCompensationEmployersLiabilityDiseasePolicyLimit,Employer's Liability Disease - policy limit,,matchOnce,must be greater or equal to,500000,,non_compliant,Block Requirements,,,false,0,,2026-08-16
"Block Real Estate Services, LLC",6a1750f1bf28cb6a86a7e9ce,6a1750d2df078f8120119232,Dr. Julia Loecker Dentistry,69fdef6abf1df2fe969214c6,"3rd657 - Sni-A-Bar Plaza {KCG Investment Properties, LLC}",evidenceOfInsurance,Evidence of Insurance,workersCompensation,Workers' Compensation and Employer's Liability,evidenceOfInsuranceWorkersCompensationWaiverOfSubrogationEndorsement,Waiver of Subrogation,"---prompt---
Determine if the insurer has waived their right of subrogation in favor of the certificate holder under the Workers' Compensation policy. Evidence may include: a checked ""Waiver of Subrogation"" box on the certificate, mention in the Description of Operations section stating ""waiver of subrogation applies"", or reference to form WC 00 03 13. Look for language like ""subrogation is waived"" or ""per written contract"".",matchOnce,must be present,,,non_compliant,Block Requirements,,,false,0,,2026-08-16
"Block Real Estate Services, LLC",6a1750f1bf28cb6a86a7e9ce,6a1750d2df078f8120119232,Dr. Julia Loecker Dentistry,69fdef6abf1df2fe969214c6,"3rd657 - Sni-A-Bar Plaza {KCG Investment Properties, LLC}",evidenceOfInsurance,Evidence of Insurance,6ac20aae-5728-5d57-b364-aeba38527dba,Additional Requirements,4da5b0f1-4c9d-5885-8cf8-5d3cccaed3e0,"Block Real Estate Services, LLC and all others required by contract are named as Additional Insureds","---prompt---
Determine if the Description of Operations or the Additional Remarks Schedule section states the ""Additional Insured as Construction Management, Inc. and all others required by contract"" or reference to blanket additional insured coverage. Look for language like ""certificate holder is additional insured"" or ""per written contract"".",matchOnce,must be present,,,non_compliant,Block Requirements,,,true,0,,2026-08-16
"Block Real Estate Services, LLC",6a1750f1bf28cb6a86a7e9ce,6a1750d2df078f8120119232,Dr. Julia Loecker Dentistry,69fdef6abf1df2fe969214c6,"3rd657 - Sni-A-Bar Plaza {KCG Investment Properties, LLC}",evidenceOfInsurance,Evidence of Insurance,6ac20aae-5728-5d57-b364-aeba38527dba,Additional Requirements,e1017741-e47e-5f58-97b8-fbc3043e919f,Umbrella follows form over General Liability,"---prompt---
Determine if the Umbrella/Excess Liability policy follows form to the underlying policies. Evidence may include: language in the Description of Operations section stating the umbrella follows form to underlying coverages or an additional page endorsement stating that it follows form. Follow form means the umbrella policy adopts the same terms, conditions, and exclusions as the underlying policies.",matchOnce,must be present,,,non_compliant,Block Requirements,,,true,0,,2026-08-16
"Block Real Estate Services, LLC",6a1750f1bf28cb6a86a7e9ce,6a1750d2df078f8120119232,Dr. Julia Loecker Dentistry,69fdef6abf1df2fe969214c6,"3rd657 - Sni-A-Bar Plaza {KCG Investment Properties, LLC}",evidenceOfInsurance,Evidence of Insurance,6ac20aae-5728-5d57-b364-aeba38527dba,Additional Requirements,2cdd866f-c9a4-576a-afd8-1d045762790c,"The location must be listed as: 1424, 1426 SW Eagles Parkway, Grain Valley, MO, 64029",,matchOnce,must be present,,,non_compliant,Block Requirements,,,true,0,,2026-08-16
"Block Real Estate Services, LLC",6a1750f1bf28cb6a86a7e9ce,6a1750d2df078f8120119232,Dr. Julia Loecker Dentistry,69fdef6abf1df2fe969214c6,"3rd657 - Sni-A-Bar Plaza {KCG Investment Properties, LLC}",evidenceOfInsurance,Evidence of Insurance,6ac20aae-5728-5d57-b364-aeba38527dba,Additional Requirements,3649e9d1-4e09-59bf-8f30-cb33c40cf117,"Certificate Holder must read: c/o Block Real Estate Services, LLC, 4622 Pennsylvania St., Suite 700, Kansas City, MO, 64112",,matchOnce,must be present,,,non_compliant,Block Requirements,,,true,0,,2026-08-16
"Block Real Estate Services, LLC",6a1750f9fe945d9ac88bd41f,6a1750de402cef48fa2e24a7,Cheezsteak Company / Asma Shane,69fdef6abf1df2fe969214c6,"3rd657 - Sni-A-Bar Plaza {KCG Investment Properties, LLC}",evidenceOfInsurance,Evidence of Insurance,commercialGeneralLiability,Commercial General Liability,evidenceOfInsuranceCommercialGeneralLiabilityCoverageTriggerOccurrence,Coverage Trigger: Occurrence,,matchOnce,must be present,,,non_compliant,Block Requirements,,,false,0,,2026-08-16
"Block Real Estate Services, LLC",6a1750f9fe945d9ac88bd41f,6a1750de402cef48fa2e24a7,Cheezsteak Company / Asma Shane,69fdef6abf1df2fe969214c6,"3rd657 - Sni-A-Bar Plaza {KCG Investment Properties, LLC}",evidenceOfInsurance,Evidence of Insurance,commercialGeneralLiability,Commercial General Liability,evidenceOfInsuranceCommercialGeneralLiabilityGeneralAggregateLimitAppliesPerLocation,General Aggregate Limit Applies per: Location,,matchOnce,must be present,,,non_compliant,Block Requirements,,,false,0,,2026-08-16
"Block Real Estate Services, LLC",6a1750f9fe945d9ac88bd41f,6a1750de402cef48fa2e24a7,Cheezsteak Company / Asma Shane,69fdef6abf1df2fe969214c6,"3rd657 - Sni-A-Bar Plaza {KCG Investment Properties, LLC}",evidenceOfInsurance,Evidence of Insurance,commercialGeneralLiability,Commercial General Liability,evidenceOfInsuranceCommercialGeneralLiabilityEachOccurrence,Each Occurrence,,matchOnce,must be greater or equal to,1000000,,non_compliant,Block Requirements,,,false,0,,2026-08-16
"Block Real Estate Services, LLC",6a1750f9fe945d9ac88bd41f,6a1750de402cef48fa2e24a7,Cheezsteak Company / Asma Shane,69fdef6abf1df2fe969214c6,"3rd657 - Sni-A-Bar Plaza {KCG Investment Properties, LLC}",evidenceOfInsurance,Evidence of Insurance,commercialGeneralLiability,Commercial General Liability,evidenceOfInsuranceCommercialGeneralLiabilityGeneralAggregate,General Aggregate,,matchOnce,must be greater or equal to,2000000,,non_compliant,Block Requirements,,,false,0,,2026-08-16
"Block Real Estate Services, LLC",6a1750f9fe945d9ac88bd41f,6a1750de402cef48fa2e24a7,Cheezsteak Company / Asma Shane,69fdef6abf1df2fe969214c6,"3rd657 - Sni-A-Bar Plaza {KCG Investment Properties, LLC}",evidenceOfInsurance,Evidence of Insurance,commercialGeneralLiability,Commercial General Liability,evidenceOfInsuranceCommercialGeneralLiabilityWaiverOfSubrogationEndorsement,Waiver of Subrogation,"---prompt---
Determine if the insurer has waived their right of subrogation in favor of the certificate holder under the Commercial General Liability policy. Evidence may include: a checked ""Waiver of Subrogation"" box on the certificate, mention in the Description of Operations section stating ""waiver of subrogation applies"", or reference to form CG 24 04. Look for language like ""subrogation is waived"" or ""per written contract"".",matchOnce,must be present,,,non_compliant,Block Requirements,,,false,0,,2026-08-16
"Block Real Estate Services, LLC",6a1750f9fe945d9ac88bd41f,6a1750de402cef48fa2e24a7,Cheezsteak Company / Asma Shane,69fdef6abf1df2fe969214c6,"3rd657 - Sni-A-Bar Plaza {KCG Investment Properties, LLC}",evidenceOfInsurance,Evidence of Insurance,excessOrUmbrellaLiability,Umbrella/Excess Liability,evidenceOfInsuranceExcessOrUmbrellaLiabilityOccurence,Coverage Trigger: Occurrence,,matchOnce,must be present,,,non_compliant,Block Requirements,,,false,0,,2026-08-16
"Block Real Estate Services, LLC",6a1750f9fe945d9ac88bd41f,6a1750de402cef48fa2e24a7,Cheezsteak Company / Asma Shane,69fdef6abf1df2fe969214c6,"3rd657 - Sni-A-Bar Plaza {KCG Investment Properties, LLC}",evidenceOfInsurance,Evidence of Insurance,excessOrUmbrellaLiability,Umbrella/Excess Liability,evidenceOfInsuranceExcessOrUmbrellaLiabilityEachOccurrence,Each Occurrence,,matchOnce,must be greater or equal to,1000000,,non_compliant,Block Requirements,,,false,0,,2026-08-16
"Block Real Estate Services, LLC",6a1750f9fe945d9ac88bd41f,6a1750de402cef48fa2e24a7,Cheezsteak Company / Asma Shane,69fdef6abf1df2fe969214c6,"3rd657 - Sni-A-Bar Plaza {KCG Investment Properties, LLC}",evidenceOfInsurance,Evidence of Insurance,excessOrUmbrellaLiability,Umbrella/Excess Liability,evidenceOfInsuranceExcessOrUmbrellaLiabilityAggregate,Aggregate,,matchOnce,must be greater or equal to,1000000,,non_compliant,Block Requirements,,,false,0,,2026-08-16
"Block Real Estate Services, LLC",6a1750f9fe945d9ac88bd41f,6a1750de402cef48fa2e24a7,Cheezsteak Company / Asma Shane,69fdef6abf1df2fe969214c6,"3rd657 - Sni-A-Bar Plaza {KCG Investment Properties, LLC}",evidenceOfInsurance,Evidence of Insurance,workersCompensation,Workers' Compensation and Employer's Liability,evidenceOfInsuranceWorkersCompensationStatutoryLimits,Statutory Limits,,matchOnce,must be present,,,non_compliant,Block Requirements,,,false,0,,2026-08-16
"Block Real Estate Services, LLC",6a1750f9fe945d9ac88bd41f,6a1750de402cef48fa2e24a7,Cheezsteak Company / Asma Shane,69fdef6abf1df2fe969214c6,"3rd657 - Sni-A-Bar Plaza {KCG Investment Properties, LLC}",evidenceOfInsurance,Evidence of Insurance,workersCompensation,Workers' Compensation and Employer's Liability,evidenceOfInsuranceWorkersCompensationEmployersLiabilityEachAccident,Employer's Liability Each Accident,,matchOnce,must be greater or equal to,500000,,non_compliant,Block Requirements,,,false,0,,2026-08-16
"Block Real Estate Services, LLC",6a1750f9fe945d9ac88bd41f,6a1750de402cef48fa2e24a7,Cheezsteak Company / Asma Shane,69fdef6abf1df2fe969214c6,"3rd657 - Sni-A-Bar Plaza {KCG Investment Properties, LLC}",evidenceOfInsurance,Evidence of Insurance,workersCompensation,Workers' Compensation and Employer's Liability,evidenceOfInsuranceWorkersCompensationEmployersLiabilityDiseaseEachEmployee,Employer's Liability Disease - each employee,,matchOnce,must be greater or equal to,500000,,non_compliant,Block Requirements,,,false,0,,2026-08-16
"Block Real Estate Services, LLC",6a1750f9fe945d9ac88bd41f,6a1750de402cef48fa2e24a7,Cheezsteak Company / Asma Shane,69fdef6abf1df2fe969214c6,"3rd657 - Sni-A-Bar Plaza {KCG Investment Properties, LLC}",evidenceOfInsurance,Evidence of Insurance,workersCompensation,Workers' Compensation and Employer's Liability,evidenceOfInsuranceWorkersCompensationEmployersLiabilityDiseasePolicyLimit,Employer's Liability Disease - policy limit,,matchOnce,must be greater or equal to,500000,,non_compliant,Block Requirements,,,false,0,,2026-08-16
"Block Real Estate Services, LLC",6a1750f9fe945d9ac88bd41f,6a1750de402cef48fa2e24a7,Cheezsteak Company / Asma Shane,69fdef6abf1df2fe969214c6,"3rd657 - Sni-A-Bar Plaza {KCG Investment Properties, LLC}",evidenceOfInsurance,Evidence of Insurance,workersCompensation,Workers' Compensation and Employer's Liability,evidenceOfInsuranceWorkersCompensationWaiverOfSubrogationEndorsement,Waiver of Subrogation,"---prompt---
Determine if the insurer has waived their right of subrogation in favor of the certificate holder under the Workers' Compensation policy. Evidence may include: a checked ""Waiver of Subrogation"" box on the certificate, mention in the Description of Operations section stating ""waiver of subrogation applies"", or reference to form WC 00 03 13. Look for language like ""subrogation is waived"" or ""per written contract"".",matchOnce,must be present,,,non_compliant,Block Requirements,,,false,0,,2026-08-16
"Block Real Estate Services, LLC",6a1750f9fe945d9ac88bd41f,6a1750de402cef48fa2e24a7,Cheezsteak Company / Asma Shane,69fdef6abf1df2fe969214c6,"3rd657 - Sni-A-Bar Plaza {KCG Investment Properties, LLC}",evidenceOfInsurance,Evidence of Insurance,6ac20aae-5728-5d57-b364-aeba38527dba,Additional Requirements,4da5b0f1-4c9d-5885-8cf8-5d3cccaed3e0,"Block Real Estate Services, LLC and all others required by contract are named as Additional Insureds","---prompt---
Determine if the Description of Operations or the Additional Remarks Schedule section states the ""Additional Insured as Construction Management, Inc. and all others required by contract"" or reference to blanket additional insured coverage. Look for language like ""certificate holder is additional insured"" or ""per written contract"".",matchOnce,must be present,,,non_compliant,Block Requirements,,,true,0,,2026-08-16
"Block Real Estate Services, LLC",6a1750f9fe945d9ac88bd41f,6a1750de402cef48fa2e24a7,Cheezsteak Company / Asma Shane,69fdef6abf1df2fe969214c6,"3rd657 - Sni-A-Bar Plaza {KCG Investment Properties, LLC}",evidenceOfInsurance,Evidence of Insurance,6ac20aae-5728-5d57-b364-aeba38527dba,Additional Requirements,e1017741-e47e-5f58-97b8-fbc3043e919f,Umbrella follows form over General Liability,"---prompt---
Determine if the Umbrella/Excess Liability policy follows form to the underlying policies. Evidence may include: language in the Description of Operations section stating the umbrella follows form to underlying coverages or an additional page endorsement stating that it follows form. Follow form means the umbrella policy adopts the same terms, conditions, and exclusions as the underlying policies.",matchOnce,must be present,,,non_compliant,Block Requirements,,,true,0,,2026-08-16
"Block Real Estate Services, LLC",6a1750f9fe945d9ac88bd41f,6a1750de402cef48fa2e24a7,Cheezsteak Company / Asma Shane,69fdef6abf1df2fe969214c6,"3rd657 - Sni-A-Bar Plaza {KCG Investment Properties, LLC}",evidenceOfInsurance,Evidence of Insurance,6ac20aae-5728-5d57-b364-aeba38527dba,Additional Requirements,2cdd866f-c9a4-576a-afd8-1d045762790c,"The location must be listed as: 1452 SW Eagles Parkway, Grain Valley, MO, 64029",,matchOnce,must be present,,,non_compliant,Block Requirements,,,true,0,,2026-08-16
"Block Real Estate Services, LLC",6a1750f9fe945d9ac88bd41f,6a1750de402cef48fa2e24a7,Cheezsteak Company / Asma Shane,69fdef6abf1df2fe969214c6,"3rd657 - Sni-A-Bar Plaza {KCG Investment Properties, LLC}",evidenceOfInsurance,Evidence of Insurance,6ac20aae-5728-5d57-b364-aeba38527dba,Additional Requirements,3649e9d1-4e09-59bf-8f30-cb33c40cf117,"Certificate Holder must read: c/o Block Real Estate Services, LLC, 4622 Pennsylvania St., Suite 700, Kansas City, MO, 64112",,matchOnce,must be present,,,non_compliant,Block Requirements,,,true,0,,2026-08-16
"Block Real Estate Services, LLC",69fdf75c62446148bd855f81,69fded1862446148bd848ec2,"Noblemans Barber Lounge / Kansas City Barber Group, LLC",69fdef8fbf1df2fe9692198a,"3rd959 - Bell 39 Properties, LLC",evidenceOfInsurance,Evidence of Insurance,commercialGeneralLiability,Commercial General Liability,evidenceOfInsuranceCommercialGeneralLiabilityCoverageTriggerOccurrence,Coverage Trigger: Occurrence,,matchOnce,must be present,,,non_compliant,Block Requirements,,,false,0,,2026-08-16
"Block Real Estate Services, LLC",69fdf75c62446148bd855f81,69fded1862446148bd848ec2,"Noblemans Barber Lounge / Kansas City Barber Group, LLC",69fdef8fbf1df2fe9692198a,"3rd959 - Bell 39 Properties, LLC",evidenceOfInsurance,Evidence of Insurance,commercialGeneralLiability,Commercial General Liability,evidenceOfInsuranceCommercialGeneralLiabilityGeneralAggregateLimitAppliesPerLocation,General Aggregate Limit Applies per: Location,,matchOnce,must be present,,,non_compliant,Block Requirements,,,false,0,,2026-08-16
"Block Real Estate Services, LLC",69fdf75c62446148bd855f81,69fded1862446148bd848ec2,"Noblemans Barber Lounge / Kansas City Barber Group, LLC",69fdef8fbf1df2fe9692198a,"3rd959 - Bell 39 Properties, LLC",evidenceOfInsurance,Evidence of Insurance,commercialGeneralLiability,Commercial General Liability,evidenceOfInsuranceCommercialGeneralLiabilityEachOccurrence,Each Occurrence,,matchOnce,must be greater or equal to,1000000,,non_compliant,Block Requirements,,,false,0,,2026-08-16
"Block Real Estate Services, LLC",69fdf75c62446148bd855f81,69fded1862446148bd848ec2,"Noblemans Barber Lounge / Kansas City Barber Group, LLC",69fdef8fbf1df2fe9692198a,"3rd959 - Bell 39 Properties, LLC",evidenceOfInsurance,Evidence of Insurance,commercialGeneralLiability,Commercial General Liability,evidenceOfInsuranceCommercialGeneralLiabilityGeneralAggregate,General Aggregate,,matchOnce,must be greater or equal to,2000000,,non_compliant,Block Requirements,,,false,0,,2026-08-16
"Block Real Estate Services, LLC",69fdf75c62446148bd855f81,69fded1862446148bd848ec2,"Noblemans Barber Lounge / Kansas City Barber Group, LLC",69fdef8fbf1df2fe9692198a,"3rd959 - Bell 39 Properties, LLC",evidenceOfInsurance,Evidence of Insurance,commercialGeneralLiability,Commercial General Liability,evidenceOfInsuranceCommercialGeneralLiabilityWaiverOfSubrogationEndorsement,Waiver of Subrogation,"---prompt---
Determine if the insurer has waived their right of subrogation in favor of the certificate holder under the Commercial General Liability policy. Evidence may include: a checked ""Waiver of Subrogation"" box on the certificate, mention in the Description of Operations section stating ""waiver of subrogation applies"", or reference to form CG 24 04. Look for language like ""subrogation is waived"" or ""per written contract"".",matchOnce,must be present,,,non_compliant,Block Requirements,,,false,0,,2026-08-16
"Block Real Estate Services, LLC",69fdf75c62446148bd855f81,69fded1862446148bd848ec2,"Noblemans Barber Lounge / Kansas City Barber Group, LLC",69fdef8fbf1df2fe9692198a,"3rd959 - Bell 39 Properties, LLC",evidenceOfInsurance,Evidence of Insurance,excessOrUmbrellaLiability,Umbrella/Excess Liability,evidenceOfInsuranceExcessOrUmbrellaLiabilityOccurence,Coverage Trigger: Occurrence,,matchOnce,must be present,,,non_compliant,Block Requirements,,,false,0,,2026-08-16
"Block Real Estate Services, LLC",69fdf75c62446148bd855f81,69fded1862446148bd848ec2,"Noblemans Barber Lounge / Kansas City Barber Group, LLC",69fdef8fbf1df2fe9692198a,"3rd959 - Bell 39 Properties, LLC",evidenceOfInsurance,Evidence of Insurance,excessOrUmbrellaLiability,Umbrella/Excess Liability,evidenceOfInsuranceExcessOrUmbrellaLiabilityEachOccurrence,Each Occurrence,,matchOnce,must be greater or equal to,1000000,,non_compliant,Block Requirements,,,false,0,,2026-08-16
"Block Real Estate Services, LLC",69fdf75c62446148bd855f81,69fded1862446148bd848ec2,"Noblemans Barber Lounge / Kansas City Barber Group, LLC",69fdef8fbf1df2fe9692198a,"3rd959 - Bell 39 Properties, LLC",evidenceOfInsurance,Evidence of Insurance,excessOrUmbrellaLiability,Umbrella/Excess Liability,evidenceOfInsuranceExcessOrUmbrellaLiabilityAggregate,Aggregate,,matchOnce,must be greater or equal to,1000000,,non_compliant,Block Requirements,,,false,0,,2026-08-16
"Block Real Estate Services, LLC",69fdf75c62446148bd855f81,69fded1862446148bd848ec2,"Noblemans Barber Lounge / Kansas City Barber Group, LLC",69fdef8fbf1df2fe9692198a,"3rd959 - Bell 39 Properties, LLC",evidenceOfInsurance,Evidence of Insurance,workersCompensation,Workers' Compensation and Employer's Liability,evidenceOfInsuranceWorkersCompensationStatutoryLimits,Statutory Limits,,matchOnce,must be present,,,non_compliant,Block Requirements,,,false,0,,2026-08-16
"Block Real Estate Services, LLC",69fdf75c62446148bd855f81,69fded1862446148bd848ec2,"Noblemans Barber Lounge / Kansas City Barber Group, LLC",69fdef8fbf1df2fe9692198a,"3rd959 - Bell 39 Properties, LLC",evidenceOfInsurance,Evidence of Insurance,workersCompensation,Workers' Compensation and Employer's Liability,evidenceOfInsuranceWorkersCompensationEmployersLiabilityEachAccident,Employer's Liability Each Accident,,matchOnce,must be greater or equal to,500000,,non_compliant,Block Requirements,,,false,0,,2026-08-16
"Block Real Estate Services, LLC",69fdf75c62446148bd855f81,69fded1862446148bd848ec2,"Noblemans Barber Lounge / Kansas City Barber Group, LLC",69fdef8fbf1df2fe9692198a,"3rd959 - Bell 39 Properties, LLC",evidenceOfInsurance,Evidence of Insurance,workersCompensation,Workers' Compensation and Employer's Liability,evidenceOfInsuranceWorkersCompensationEmployersLiabilityDiseaseEachEmployee,Employer's Liability Disease - each employee,,matchOnce,must be greater or equal to,500000,,non_compliant,Block Requirements,,,false,0,,2026-08-16
"Block Real Estate Services, LLC",69fdf75c62446148bd855f81,69fded1862446148bd848ec2,"Noblemans Barber Lounge / Kansas City Barber Group, LLC",69fdef8fbf1df2fe9692198a,"3rd959 - Bell 39 Properties, LLC",evidenceOfInsurance,Evidence of Insurance,workersCompensation,Workers' Compensation and Employer's Liability,evidenceOfInsuranceWorkersCompensationEmployersLiabilityDiseasePolicyLimit,Employer's Liability Disease - policy limit,,matchOnce,must be greater or equal to,500000,,non_compliant,Block Requirements,,,false,0,,2026-08-16
"Block Real Estate Services, LLC",69fdf75c62446148bd855f81,69fded1862446148bd848ec2,"Noblemans Barber Lounge / Kansas City Barber Group, LLC",69fdef8fbf1df2fe9692198a,"3rd959 - Bell 39 Properties, LLC",evidenceOfInsurance,Evidence of Insurance,workersCompensation,Workers' Compensation and Employer's Liability,evidenceOfInsuranceWorkersCompensationWaiverOfSubrogationEndorsement,Waiver of Subrogation,"---prompt---
Determine if the insurer has waived their right of subrogation in favor of the certificate holder under the Workers' Compensation policy. Evidence may include: a checked ""Waiver of Subrogation"" box on the certificate, mention in the Description of Operations section stating ""waiver of subrogation applies"", or reference to form WC 00 03 13. Look for language like ""subrogation is waived"" or ""per written contract"".",matchOnce,must be present,,,non_compliant,Block Requirements,,,false,0,,2026-08-16
"Block Real Estate Services, LLC",69fdf75c62446148bd855f81,69fded1862446148bd848ec2,"Noblemans Barber Lounge / Kansas City Barber Group, LLC",69fdef8fbf1df2fe9692198a,"3rd959 - Bell 39 Properties, LLC",evidenceOfInsurance,Evidence of Insurance,6ac20aae-5728-5d57-b364-aeba38527dba,Additional Requirements,4da5b0f1-4c9d-5885-8cf8-5d3cccaed3e0,"Block Real Estate Services, LLC and all others required by contract are named as Additional Insureds","---prompt---
Determine if the Description of Operations or the Additional Remarks Schedule section states the ""Additional Insured as Construction Management, Inc. and all others required by contract"" or reference to blanket additional insured coverage. Look for language like ""certificate holder is additional insured"" or ""per written contract"".",matchOnce,must be present,,,non_compliant,Block Requirements,,,true,0,,2026-08-16
"Block Real Estate Services, LLC",69fdf75c62446148bd855f81,69fded1862446148bd848ec2,"Noblemans Barber Lounge / Kansas City Barber Group, LLC",69fdef8fbf1df2fe9692198a,"3rd959 - Bell 39 Properties, LLC",evidenceOfInsurance,Evidence of Insurance,6ac20aae-5728-5d57-b364-aeba38527dba,Additional Requirements,e1017741-e47e-5f58-97b8-fbc3043e919f,Umbrella follows form over General Liability,"---prompt---
Determine if the Umbrella/Excess Liability policy follows form to the underlying policies. Evidence may include: language in the Description of Operations section stating the umbrella follows form to underlying coverages or an additional page endorsement stating that it follows form. Follow form means the umbrella policy adopts the same terms, conditions, and exclusions as the underlying policies.",matchOnce,must be present,,,non_compliant,Block Requirements,,,true,0,,2026-08-16
"Block Real Estate Services, LLC",69fdf75c62446148bd855f81,69fded1862446148bd848ec2,"Noblemans Barber Lounge / Kansas City Barber Group, LLC",69fdef8fbf1df2fe9692198a,"3rd959 - Bell 39 Properties, LLC",evidenceOfInsurance,Evidence of Insurance,6ac20aae-5728-5d57-b364-aeba38527dba,Additional Requirements,2cdd866f-c9a4-576a-afd8-1d045762790c,"The location must be listed as: 1717 W 39th Street, Kansas City, MO, 66111",,matchOnce,must be present,,,non_compliant,Block Requirements,,,true,0,,2026-08-16
"Block Real Estate Services, LLC",69fdf75c62446148bd855f81,69fded1862446148bd848ec2,"Noblemans Barber Lounge / Kansas City Barber Group, LLC",69fdef8fbf1df2fe9692198a,"3rd959 - Bell 39 Properties, LLC",evidenceOfInsurance,Evidence of Insurance,6ac20aae-5728-5d57-b364-aeba38527dba,Additional Requirements,3649e9d1-4e09-59bf-8f30-cb33c40cf117,"Certificate Holder must read: c/o Block Real Estate Services, LLC, 4622 Pennsylvania St., Suite 700, Kansas City, MO, 64112",,matchOnce,must be present,,,non_compliant,Block Requirements,,,true,0,,2026-08-16
"Block Real Estate Services, LLC",69fdf75c62446148bd855f79,69fded1162446148bd848c70,Chipotle Mexican Grill,69fdef8fbf1df2fe9692198a,"3rd959 - Bell 39 Properties, LLC",evidenceOfInsurance,Evidence of Insurance,commercialGeneralLiability,Commercial General Liability,evidenceOfInsuranceCommercialGeneralLiabilityCoverageTriggerOccurrence,Coverage Trigger: Occurrence,,matchOnce,must be present,,,non_compliant,Block Requirements,,,false,0,,2026-08-16
"Block Real Estate Services, LLC",69fdf75c62446148bd855f79,69fded1162446148bd848c70,Chipotle Mexican Grill,69fdef8fbf1df2fe9692198a,"3rd959 - Bell 39 Properties, LLC",evidenceOfInsurance,Evidence of Insurance,commercialGeneralLiability,Commercial General Liability,evidenceOfInsuranceCommercialGeneralLiabilityGeneralAggregateLimitAppliesPerLocation,General Aggregate Limit Applies per: Location,,matchOnce,must be present,,,non_compliant,Block Requirements,,,false,0,,2026-08-16
"Block Real Estate Services, LLC",69fdf75c62446148bd855f79,69fded1162446148bd848c70,Chipotle Mexican Grill,69fdef8fbf1df2fe9692198a,"3rd959 - Bell 39 Properties, LLC",evidenceOfInsurance,Evidence of Insurance,commercialGeneralLiability,Commercial General Liability,evidenceOfInsuranceCommercialGeneralLiabilityEachOccurrence,Each Occurrence,,matchOnce,must be greater or equal to,1000000,,non_compliant,Block Requirements,,,false,0,,2026-08-16
"Block Real Estate Services, LLC",69fdf75c62446148bd855f79,69fded1162446148bd848c70,Chipotle Mexican Grill,69fdef8fbf1df2fe9692198a,"3rd959 - Bell 39 Properties, LLC",evidenceOfInsurance,Evidence of Insurance,commercialGeneralLiability,Commercial General Liability,evidenceOfInsuranceCommercialGeneralLiabilityGeneralAggregate,General Aggregate,,matchOnce,must be greater or equal to,2000000,,non_compliant,Block Requirements,,,false,0,,2026-08-16
"Block Real Estate Services, LLC",69fdf75c62446148bd855f79,69fded1162446148bd848c70,Chipotle Mexican Grill,69fdef8fbf1df2fe9692198a,"3rd959 - Bell 39 Properties, LLC",evidenceOfInsurance,Evidence of Insurance,commercialGeneralLiability,Commercial General Liability,evidenceOfInsuranceCommercialGeneralLiabilityWaiverOfSubrogationEndorsement,Waiver of Subrogation,"---prompt---
Determine if the insurer has waived their right of subrogation in favor of the certificate holder under the Commercial General Liability policy. Evidence may include: a checked ""Waiver of Subrogation"" box on the certificate, mention in the Description of Operations section stating ""waiver of subrogation applies"", or reference to form CG 24 04. Look for language like ""subrogation is waived"" or ""per written contract"".",matchOnce,must be present,,,non_compliant,Block Requirements,,,false,0,,2026-08-16
"Block Real Estate Services, LLC",69fdf75c62446148bd855f79,69fded1162446148bd848c70,Chipotle Mexican Grill,69fdef8fbf1df2fe9692198a,"3rd959 - Bell 39 Properties, LLC",evidenceOfInsurance,Evidence of Insurance,excessOrUmbrellaLiability,Umbrella/Excess Liability,evidenceOfInsuranceExcessOrUmbrellaLiabilityOccurence,Coverage Trigger: Occurrence,,matchOnce,must be present,,,non_compliant,Block Requirements,,,false,0,,2026-08-16
"Block Real Estate Services, LLC",69fdf75c62446148bd855f79,69fded1162446148bd848c70,Chipotle Mexican Grill,69fdef8fbf1df2fe9692198a,"3rd959 - Bell 39 Properties, LLC",evidenceOfInsurance,Evidence of Insurance,excessOrUmbrellaLiability,Umbrella/Excess Liability,evidenceOfInsuranceExcessOrUmbrellaLiabilityEachOccurrence,Each Occurrence,,matchOnce,must be greater or equal to,1000000,,non_compliant,Block Requirements,,,false,0,,2026-08-16
"Block Real Estate Services, LLC",69fdf75c62446148bd855f79,69fded1162446148bd848c70,Chipotle Mexican Grill,69fdef8fbf1df2fe9692198a,"3rd959 - Bell 39 Properties, LLC",evidenceOfInsurance,Evidence of Insurance,excessOrUmbrellaLiability,Umbrella/Excess Liability,evidenceOfInsuranceExcessOrUmbrellaLiabilityAggregate,Aggregate,,matchOnce,must be greater or equal to,1000000,,non_compliant,Block Requirements,,,false,0,,2026-08-16
"Block Real Estate Services, LLC",69fdf75c62446148bd855f79,69fded1162446148bd848c70,Chipotle Mexican Grill,69fdef8fbf1df2fe9692198a,"3rd959 - Bell 39 Properties, LLC",evidenceOfInsurance,Evidence of Insurance,workersCompensation,Workers' Compensation and Employer's Liability,evidenceOfInsuranceWorkersCompensationStatutoryLimits,Statutory Limits,,matchOnce,must be present,,,non_compliant,Block Requirements,,,false,0,,2026-08-16
"Block Real Estate Services, LLC",69fdf75c62446148bd855f79,69fded1162446148bd848c70,Chipotle Mexican Grill,69fdef8fbf1df2fe9692198a,"3rd959 - Bell 39 Properties, LLC",evidenceOfInsurance,Evidence of Insurance,workersCompensation,Workers' Compensation and Employer's Liability,evidenceOfInsuranceWorkersCompensationEmployersLiabilityEachAccident,Employer's Liability Each Accident,,matchOnce,must be greater or equal to,500000,,non_compliant,Block Requirements,,,false,0,,2026-08-16
"Block Real Estate Services, LLC",69fdf75c62446148bd855f79,69fded1162446148bd848c70,Chipotle Mexican Grill,69fdef8fbf1df2fe9692198a,"3rd959 - Bell 39 Properties, LLC",evidenceOfInsurance,Evidence of Insurance,workersCompensation,Workers' Compensation and Employer's Liability,evidenceOfInsuranceWorkersCompensationEmployersLiabilityDiseaseEachEmployee,Employer's Liability Disease - each employee,,matchOnce,must be greater or equal to,500000,,non_compliant,Block Requirements,,,false,0,,2026-08-16
"Block Real Estate Services, LLC",69fdf75c62446148bd855f79,69fded1162446148bd848c70,Chipotle Mexican Grill,69fdef8fbf1df2fe9692198a,"3rd959 - Bell 39 Properties, LLC",evidenceOfInsurance,Evidence of Insurance,workersCompensation,Workers' Compensation and Employer's Liability,evidenceOfInsuranceWorkersCompensationEmployersLiabilityDiseasePolicyLimit,Employer's Liability Disease - policy limit,,matchOnce,must be greater or equal to,500000,,non_compliant,Block Requirements,,,false,0,,2026-08-16
"Block Real Estate Services, LLC",69fdf75c62446148bd855f79,69fded1162446148bd848c70,Chipotle Mexican Grill,69fdef8fbf1df2fe9692198a,"3rd959 - Bell 39 Properties, LLC",evidenceOfInsurance,Evidence of Insurance,workersCompensation,Workers' Compensation and Employer's Liability,evidenceOfInsuranceWorkersCompensationWaiverOfSubrogationEndorsement,Waiver of Subrogation,"---prompt---
Determine if the insurer has waived their right of subrogation in favor of the certificate holder under the Workers' Compensation policy. Evidence may include: a checked ""Waiver of Subrogation"" box on the certificate, mention in the Description of Operations section stating ""waiver of subrogation applies"", or reference to form WC 00 03 13. Look for language like ""subrogation is waived"" or ""per written contract"".",matchOnce,must be present,,,non_compliant,Block Requirements,,,false,0,,2026-08-16
"Block Real Estate Services, LLC",69fdf75c62446148bd855f79,69fded1162446148bd848c70,Chipotle Mexican Grill,69fdef8fbf1df2fe9692198a,"3rd959 - Bell 39 Properties, LLC",evidenceOfInsurance,Evidence of Insurance,6ac20aae-5728-5d57-b364-aeba38527dba,Additional Requirements,4da5b0f1-4c9d-5885-8cf8-5d3cccaed3e0,"Block Real Estate Services, LLC and all others required by contract are named as Additional Insureds","---prompt---
Determine if the Description of Operations or the Additional Remarks Schedule section states the ""Additional Insured as Construction Management, Inc. and all others required by contract"" or reference to blanket additional insured coverage. Look for language like ""certificate holder is additional insured"" or ""per written contract"".",matchOnce,must be present,,,non_compliant,Block Requirements,,,true,0,,2026-08-16
"Block Real Estate Services, LLC",69fdf75c62446148bd855f79,69fded1162446148bd848c70,Chipotle Mexican Grill,69fdef8fbf1df2fe9692198a,"3rd959 - Bell 39 Properties, LLC",evidenceOfInsurance,Evidence of Insurance,6ac20aae-5728-5d57-b364-aeba38527dba,Additional Requirements,e1017741-e47e-5f58-97b8-fbc3043e919f,Umbrella follows form over General Liability,"---prompt---
Determine if the Umbrella/Excess Liability policy follows form to the underlying policies. Evidence may include: language in the Description of Operations section stating the umbrella follows form to underlying coverages or an additional page endorsement stating that it follows form. Follow form means the umbrella policy adopts the same terms, conditions, and exclusions as the underlying policies.",matchOnce,must be present,,,non_compliant,Block Requirements,,,true,0,,2026-08-16
"Block Real Estate Services, LLC",69fdf75c62446148bd855f79,69fded1162446148bd848c70,Chipotle Mexican Grill,69fdef8fbf1df2fe9692198a,"3rd959 - Bell 39 Properties, LLC",evidenceOfInsurance,Evidence of Insurance,6ac20aae-5728-5d57-b364-aeba38527dba,Additional Requirements,2cdd866f-c9a4-576a-afd8-1d045762790c,"The location must be listed as: 1701 W 39th Street, Kansas City, MO, 66111",,matchOnce,must be present,,,non_compliant,Block Requirements,,,true,0,,2026-08-16
"Block Real Estate Services, LLC",69fdf75c62446148bd855f79,69fded1162446148bd848c70,Chipotle Mexican Grill,69fdef8fbf1df2fe9692198a,"3rd959 - Bell 39 Properties, LLC",evidenceOfInsurance,Evidence of Insurance,6ac20aae-5728-5d57-b364-aeba38527dba,Additional Requirements,3649e9d1-4e09-59bf-8f30-cb33c40cf117,"Certificate Holder must read: c/o Block Real Estate Services, LLC, 4622 Pennsylvania St., Suite 700, Kansas City, MO, 64112",,matchOnce,must be present,,,non_compliant,Block Requirements,,,true,0,,2026-08-16
"Block Real Estate Services, LLC",69fdf75c62446148bd855f7e,69fded1762446148bd848e4d,Wright/Laird Casting / Heather Laird,69fdef8fbf1df2fe9692198a,"3rd959 - Bell 39 Properties, LLC",evidenceOfInsurance,Evidence of Insurance,commercialGeneralLiability,Commercial General Liability,evidenceOfInsuranceCommercialGeneralLiabilityCoverageTriggerOccurrence,Coverage Trigger: Occurrence,,matchOnce,must be present,,Present,compliant,Block Requirements,,,false,1,,2026-08-16
"Block Real Estate Services, LLC",69fdf75c62446148bd855f7e,69fded1762446148bd848e4d,Wright/Laird Casting / Heather Laird,69fdef8fbf1df2fe9692198a,"3rd959 - Bell 39 Properties, LLC",evidenceOfInsurance,Evidence of Insurance,commercialGeneralLiability,Commercial General Liability,evidenceOfInsuranceCommercialGeneralLiabilityGeneralAggregateLimitAppliesPerLocation,General Aggregate Limit Applies per: Location,,matchOnce,must be present,,,non_compliant,Block Requirements,,,false,0,,2026-08-16
"Block Real Estate Services, LLC",69fdf75c62446148bd855f7e,69fded1762446148bd848e4d,Wright/Laird Casting / Heather Laird,69fdef8fbf1df2fe9692198a,"3rd959 - Bell 39 Properties, LLC",evidenceOfInsurance,Evidence of Insurance,commercialGeneralLiability,Commercial General Liability,evidenceOfInsuranceCommercialGeneralLiabilityEachOccurrence,Each Occurrence,,matchOnce,must be greater or equal to,1000000,1000000,compliant,Block Requirements,,,false,1,,2026-08-16
"Block Real Estate Services, LLC",69fdf75c62446148bd855f7e,69fded1762446148bd848e4d,Wright/Laird Casting / Heather Laird,69fdef8fbf1df2fe9692198a,"3rd959 - Bell 39 Properties, LLC",evidenceOfInsurance,Evidence of Insurance,commercialGeneralLiability,Commercial General Liability,evidenceOfInsuranceCommercialGeneralLiabilityGeneralAggregate,General Aggregate,,matchOnce,must be greater or equal to,2000000,2000000,compliant,Block Requirements,,,false,1,,2026-08-16
"Block Real Estate Services, LLC",69fdf75c62446148bd855f7e,69fded1762446148bd848e4d,Wright/Laird Casting / Heather Laird,69fdef8fbf1df2fe9692198a,"3rd959 - Bell 39 Properties, LLC",evidenceOfInsurance,Evidence of Insurance,commercialGeneralLiability,Commercial General Liability,evidenceOfInsuranceCommercialGeneralLiabilityWaiverOfSubrogationEndorsement,Waiver of Subrogation,"---prompt---
Determine if the insurer has waived their right of subrogation in favor of the certificate holder under the Commercial General Liability policy. Evidence may include: a checked ""Waiver of Subrogation"" box on the certificate, mention in the Description of Operations section stating ""waiver of subrogation applies"", or reference to form CG 24 04. Look for language like ""subrogation is waived"" or ""per written contract"".",matchOnce,must be present,,,non_compliant,Block Requirements,,,false,0,,2026-08-16
"Block Real Estate Services, LLC",69fdf75c62446148bd855f7e,69fded1762446148bd848e4d,Wright/Laird Casting / Heather Laird,69fdef8fbf1df2fe9692198a,"3rd959 - Bell 39 Properties, LLC",evidenceOfInsurance,Evidence of Insurance,excessOrUmbrellaLiability,Umbrella/Excess Liability,evidenceOfInsuranceExcessOrUmbrellaLiabilityOccurence,Coverage Trigger: Occurrence,,matchOnce,must be present,,,non_compliant,Block Requirements,,,false,0,,2026-08-16
"Block Real Estate Services, LLC",69fdf75c62446148bd855f7e,69fded1762446148bd848e4d,Wright/Laird Casting / Heather Laird,69fdef8fbf1df2fe9692198a,"3rd959 - Bell 39 Properties, LLC",evidenceOfInsurance,Evidence of Insurance,excessOrUmbrellaLiability,Umbrella/Excess Liability,evidenceOfInsuranceExcessOrUmbrellaLiabilityEachOccurrence,Each Occurrence,,matchOnce,must be greater or equal to,1000000,,non_compliant,Block Requirements,,,false,0,,2026-08-16
"Block Real Estate Services, LLC",69fdf75c62446148bd855f7e,69fded1762446148bd848e4d,Wright/Laird Casting / Heather Laird,69fdef8fbf1df2fe9692198a,"3rd959 - Bell 39 Properties, LLC",evidenceOfInsurance,Evidence of Insurance,excessOrUmbrellaLiability,Umbrella/Excess Liability,evidenceOfInsuranceExcessOrUmbrellaLiabilityAggregate,Aggregate,,matchOnce,must be greater or equal to,1000000,,non_compliant,Block Requirements,,,false,0,,2026-08-16
"Block Real Estate Services, LLC",69fdf75c62446148bd855f7e,69fded1762446148bd848e4d,Wright/Laird Casting / Heather Laird,69fdef8fbf1df2fe9692198a,"3rd959 - Bell 39 Properties, LLC",evidenceOfInsurance,Evidence of Insurance,workersCompensation,Workers' Compensation and Employer's Liability,evidenceOfInsuranceWorkersCompensationStatutoryLimits,Statutory Limits,,matchOnce,must be present,,,non_compliant,Block Requirements,,,false,0,,2026-08-16
"Block Real Estate Services, LLC",69fdf75c62446148bd855f7e,69fded1762446148bd848e4d,Wright/Laird Casting / Heather Laird,69fdef8fbf1df2fe9692198a,"3rd959 - Bell 39 Properties, LLC",evidenceOfInsurance,Evidence of Insurance,workersCompensation,Workers' Compensation and Employer's Liability,evidenceOfInsuranceWorkersCompensationEmployersLiabilityEachAccident,Employer's Liability Each Accident,,matchOnce,must be greater or equal to,500000,,non_compliant,Block Requirements,,,false,0,,2026-08-16
"Block Real Estate Services, LLC",69fdf75c62446148bd855f7e,69fded1762446148bd848e4d,Wright/Laird Casting / Heather Laird,69fdef8fbf1df2fe9692198a,"3rd959 - Bell 39 Properties, LLC",evidenceOfInsurance,Evidence of Insurance,workersCompensation,Workers' Compensation and Employer's Liability,evidenceOfInsuranceWorkersCompensationEmployersLiabilityDiseaseEachEmployee,Employer's Liability Disease - each employee,,matchOnce,must be greater or equal to,500000,,non_compliant,Block Requirements,,,false,0,,2026-08-16
"Block Real Estate Services, LLC",69fdf75c62446148bd855f7e,69fded1762446148bd848e4d,Wright/Laird Casting / Heather Laird,69fdef8fbf1df2fe9692198a,"3rd959 - Bell 39 Properties, LLC",evidenceOfInsurance,Evidence of Insurance,workersCompensation,Workers' Compensation and Employer's Liability,evidenceOfInsuranceWorkersCompensationEmployersLiabilityDiseasePolicyLimit,Employer's Liability Disease - policy limit,,matchOnce,must be greater or equal to,500000,,non_compliant,Block Requirements,,,false,0,,2026-08-16
"Block Real Estate Services, LLC",69fdf75c62446148bd855f7e,69fded1762446148bd848e4d,Wright/Laird Casting / Heather Laird,69fdef8fbf1df2fe9692198a,"3rd959 - Bell 39 Properties, LLC",evidenceOfInsurance,Evidence of Insurance,workersCompensation,Workers' Compensation and Employer's Liability,evidenceOfInsuranceWorkersCompensationWaiverOfSubrogationEndorsement,Waiver of Subrogation,"---prompt---
Determine if the insurer has waived their right of subrogation in favor of the certificate holder under the Workers' Compensation policy. Evidence may include: a checked ""Waiver of Subrogation"" box on the certificate, mention in the Description of Operations section stating ""waiver of subrogation applies"", or reference to form WC 00 03 13. Look for language like ""subrogation is waived"" or ""per written contract"".",matchOnce,must be present,,,non_compliant,Block Requirements,,,false,0,,2026-08-16
"Block Real Estate Services, LLC",69fdf75c62446148bd855f7e,69fded1762446148bd848e4d,Wright/Laird Casting / Heather Laird,69fdef8fbf1df2fe9692198a,"3rd959 - Bell 39 Properties, LLC",evidenceOfInsurance,Evidence of Insurance,6ac20aae-5728-5d57-b364-aeba38527dba,Additional Requirements,4da5b0f1-4c9d-5885-8cf8-5d3cccaed3e0,"Block Real Estate Services, LLC and all others required by contract are named as Additional Insureds","---prompt---
Determine if the Description of Operations or the Additional Remarks Schedule section states the ""Additional Insured as Construction Management, Inc. and all others required by contract"" or reference to blanket additional insured coverage. Look for language like ""certificate holder is additional insured"" or ""per written contract"".",matchOnce,must be present,,,non_compliant,Block Requirements,,,true,0,,2026-08-16
"Block Real Estate Services, LLC",69fdf75c62446148bd855f7e,69fded1762446148bd848e4d,Wright/Laird Casting / Heather Laird,69fdef8fbf1df2fe9692198a,"3rd959 - Bell 39 Properties, LLC",evidenceOfInsurance,Evidence of Insurance,6ac20aae-5728-5d57-b364-aeba38527dba,Additional Requirements,e1017741-e47e-5f58-97b8-fbc3043e919f,Umbrella follows form over General Liability,"---prompt---
Determine if the Umbrella/Excess Liability policy follows form to the underlying policies. Evidence may include: language in the Description of Operations section stating the umbrella follows form to underlying coverages or an additional page endorsement stating that it follows form. Follow form means the umbrella policy adopts the same terms, conditions, and exclusions as the underlying policies.",matchOnce,must be present,,,non_compliant,Block Requirements,,,true,0,,2026-08-16
"Block Real Estate Services, LLC",69fdf75c62446148bd855f7e,69fded1762446148bd848e4d,Wright/Laird Casting / Heather Laird,69fdef8fbf1df2fe9692198a,"3rd959 - Bell 39 Properties, LLC",evidenceOfInsurance,Evidence of Insurance,6ac20aae-5728-5d57-b364-aeba38527dba,Additional Requirements,2cdd866f-c9a4-576a-afd8-1d045762790c,"The location must be listed as: 1715 1/2 W 39th Street, Suite 209, Kansas City, MO, 66111",,matchOnce,must be present,,,non_compliant,Block Requirements,,,true,0,,2026-08-16
"Block Real Estate Services, LLC",69fdf75c62446148bd855f7e,69fded1762446148bd848e4d,Wright/Laird Casting / Heather Laird,69fdef8fbf1df2fe9692198a,"3rd959 - Bell 39 Properties, LLC",evidenceOfInsurance,Evidence of Insurance,6ac20aae-5728-5d57-b364-aeba38527dba,Additional Requirements,3649e9d1-4e09-59bf-8f30-cb33c40cf117,"Certificate Holder must read: c/o Block Real Estate Services, LLC, 4622 Pennsylvania St., Suite 700, Kansas City, MO, 64112",,matchOnce,must be present,,,non_compliant,Block Requirements,,,true,0,,2026-08-16
"Block Real Estate Services, LLC",69fdf75c62446148bd855f86,69fded2462446148bd849288,Victor Caballero,69fdef8fbf1df2fe9692198a,"3rd959 - Bell 39 Properties, LLC",evidenceOfInsurance,Evidence of Insurance,commercialGeneralLiability,Commercial General Liability,evidenceOfInsuranceCommercialGeneralLiabilityCoverageTriggerOccurrence,Coverage Trigger: Occurrence,,matchOnce,must be present,,,non_compliant,Block Requirements,,,false,0,,2026-08-16
"Block Real Estate Services, LLC",69fdf75c62446148bd855f86,69fded2462446148bd849288,Victor Caballero,69fdef8fbf1df2fe9692198a,"3rd959 - Bell 39 Properties, LLC",evidenceOfInsurance,Evidence of Insurance,commercialGeneralLiability,Commercial General Liability,evidenceOfInsuranceCommercialGeneralLiabilityGeneralAggregateLimitAppliesPerLocation,General Aggregate Limit Applies per: Location,,matchOnce,must be present,,,non_compliant,Block Requirements,,,false,0,,2026-08-16
"Block Real Estate Services, LLC",69fdf75c62446148bd855f86,69fded2462446148bd849288,Victor Caballero,69fdef8fbf1df2fe9692198a,"3rd959 - Bell 39 Properties, LLC",evidenceOfInsurance,Evidence of Insurance,commercialGeneralLiability,Commercial General Liability,evidenceOfInsuranceCommercialGeneralLiabilityEachOccurrence,Each Occurrence,,matchOnce,must be greater or equal to,1000000,,non_compliant,Block Requirements,,,false,0,,2026-08-16
"Block Real Estate Services, LLC",69fdf75c62446148bd855f86,69fded2462446148bd849288,Victor Caballero,69fdef8fbf1df2fe9692198a,"3rd959 - Bell 39 Properties, LLC",evidenceOfInsurance,Evidence of Insurance,commercialGeneralLiability,Commercial General Liability,evidenceOfInsuranceCommercialGeneralLiabilityGeneralAggregate,General Aggregate,,matchOnce,must be greater or equal to,2000000,,non_compliant,Block Requirements,,,false,0,,2026-08-16
"Block Real Estate Services, LLC",69fdf75c62446148bd855f86,69fded2462446148bd849288,Victor Caballero,69fdef8fbf1df2fe9692198a,"3rd959 - Bell 39 Properties, LLC",evidenceOfInsurance,Evidence of Insurance,commercialGeneralLiability,Commercial General Liability,evidenceOfInsuranceCommercialGeneralLiabilityWaiverOfSubrogationEndorsement,Waiver of Subrogation,"---prompt---
Determine if the insurer has waived their right of subrogation in favor of the certificate holder under the Commercial General Liability policy. Evidence may include: a checked ""Waiver of Subrogation"" box on the certificate, mention in the Description of Operations section stating ""waiver of subrogation applies"", or reference to form CG 24 04. Look for language like ""subrogation is waived"" or ""per written contract"".",matchOnce,must be present,,,non_compliant,Block Requirements,,,false,0,,2026-08-16
"Block Real Estate Services, LLC",69fdf75c62446148bd855f86,69fded2462446148bd849288,Victor Caballero,69fdef8fbf1df2fe9692198a,"3rd959 - Bell 39 Properties, LLC",evidenceOfInsurance,Evidence of Insurance,excessOrUmbrellaLiability,Umbrella/Excess Liability,evidenceOfInsuranceExcessOrUmbrellaLiabilityOccurence,Coverage Trigger: Occurrence,,matchOnce,must be present,,,non_compliant,Block Requirements,,,false,0,,2026-08-16
"Block Real Estate Services, LLC",69fdf75c62446148bd855f86,69fded2462446148bd849288,Victor Caballero,69fdef8fbf1df2fe9692198a,"3rd959 - Bell 39 Properties, LLC",evidenceOfInsurance,Evidence of Insurance,excessOrUmbrellaLiability,Umbrella/Excess Liability,evidenceOfInsuranceExcessOrUmbrellaLiabilityEachOccurrence,Each Occurrence,,matchOnce,must be greater or equal to,1000000,,non_compliant,Block Requirements,,,false,0,,2026-08-16
"Block Real Estate Services, LLC",69fdf75c62446148bd855f86,69fded2462446148bd849288,Victor Caballero,69fdef8fbf1df2fe9692198a,"3rd959 - Bell 39 Properties, LLC",evidenceOfInsurance,Evidence of Insurance,excessOrUmbrellaLiability,Umbrella/Excess Liability,evidenceOfInsuranceExcessOrUmbrellaLiabilityAggregate,Aggregate,,matchOnce,must be greater or equal to,1000000,,non_compliant,Block Requirements,,,false,0,,2026-08-16
"Block Real Estate Services, LLC",69fdf75c62446148bd855f86,69fded2462446148bd849288,Victor Caballero,69fdef8fbf1df2fe9692198a,"3rd959 - Bell 39 Properties, LLC",evidenceOfInsurance,Evidence of Insurance,workersCompensation,Workers' Compensation and Employer's Liability,evidenceOfInsuranceWorkersCompensationStatutoryLimits,Statutory Limits,,matchOnce,must be present,,,non_compliant,Block Requirements,,,false,0,,2026-08-16
"Block Real Estate Services, LLC",69fdf75c62446148bd855f86,69fded2462446148bd849288,Victor Caballero,69fdef8fbf1df2fe9692198a,"3rd959 - Bell 39 Properties, LLC",evidenceOfInsurance,Evidence of Insurance,workersCompensation,Workers' Compensation and Employer's Liability,evidenceOfInsuranceWorkersCompensationEmployersLiabilityEachAccident,Employer's Liability Each Accident,,matchOnce,must be greater or equal to,500000,,non_compliant,Block Requirements,,,false,0,,2026-08-16
"Block Real Estate Services, LLC",69fdf75c62446148bd855f86,69fded2462446148bd849288,Victor Caballero,69fdef8fbf1df2fe9692198a,"3rd959 - Bell 39 Properties, LLC",evidenceOfInsurance,Evidence of Insurance,workersCompensation,Workers' Compensation and Employer's Liability,evidenceOfInsuranceWorkersCompensationEmployersLiabilityDiseaseEachEmployee,Employer's Liability Disease - each employee,,matchOnce,must be greater or equal to,500000,,non_compliant,Block Requirements,,,false,0,,2026-08-16
"Block Real Estate Services, LLC",69fdf75c62446148bd855f86,69fded2462446148bd849288,Victor Caballero,69fdef8fbf1df2fe9692198a,"3rd959 - Bell 39 Properties, LLC",evidenceOfInsurance,Evidence of Insurance,workersCompensation,Workers' Compensation and Employer's Liability,evidenceOfInsuranceWorkersCompensationEmployersLiabilityDiseasePolicyLimit,Employer's Liability Disease - policy limit,,matchOnce,must be greater or equal to,500000,,non_compliant,Block Requirements,,,false,0,,2026-08-16
"Block Real Estate Services, LLC",69fdf75c62446148bd855f86,69fded2462446148bd849288,Victor Caballero,69fdef8fbf1df2fe9692198a,"3rd959 - Bell 39 Properties, LLC",evidenceOfInsurance,Evidence of Insurance,workersCompensation,Workers' Compensation and Employer's Liability,evidenceOfInsuranceWorkersCompensationWaiverOfSubrogationEndorsement,Waiver of Subrogation,"---prompt---
Determine if the insurer has waived their right of subrogation in favor of the certificate holder under the Workers' Compensation policy. Evidence may include: a checked ""Waiver of Subrogation"" box on the certificate, mention in the Description of Operations section stating ""waiver of subrogation applies"", or reference to form WC 00 03 13. Look for language like ""subrogation is waived"" or ""per written contract"".",matchOnce,must be present,,,non_compliant,Block Requirements,,,false,0,,2026-08-16
"Block Real Estate Services, LLC",69fdf75c62446148bd855f86,69fded2462446148bd849288,Victor Caballero,69fdef8fbf1df2fe9692198a,"3rd959 - Bell 39 Properties, LLC",evidenceOfInsurance,Evidence of Insurance,6ac20aae-5728-5d57-b364-aeba38527dba,Additional Requirements,4da5b0f1-4c9d-5885-8cf8-5d3cccaed3e0,"Block Real Estate Services, LLC and all others required by contract are named as Additional Insureds","---prompt---
Determine if the Description of Operations or the Additional Remarks Schedule section states the ""Additional Insured as Construction Management, Inc. and all others required by contract"" or reference to blanket additional insured coverage. Look for language like ""certificate holder is additional insured"" or ""per written contract"".",matchOnce,must be present,,,non_compliant,Block Requirements,,,true,0,,2026-08-16
"Block Real Estate Services, LLC",69fdf75c62446148bd855f86,69fded2462446148bd849288,Victor Caballero,69fdef8fbf1df2fe9692198a,"3rd959 - Bell 39 Properties, LLC",evidenceOfInsurance,Evidence of Insurance,6ac20aae-5728-5d57-b364-aeba38527dba,Additional Requirements,e1017741-e47e-5f58-97b8-fbc3043e919f,Umbrella follows form over General Liability,"---prompt---
Determine if the Umbrella/Excess Liability policy follows form to the underlying policies. Evidence may include: language in the Description of Operations section stating the umbrella follows form to underlying coverages or an additional page endorsement stating that it follows form. Follow form means the umbrella policy adopts the same terms, conditions, and exclusions as the underlying policies.",matchOnce,must be present,,,non_compliant,Block Requirements,,,true,0,,2026-08-16
"Block Real Estate Services, LLC",69fdf75c62446148bd855f86,69fded2462446148bd849288,Victor Caballero,69fdef8fbf1df2fe9692198a,"3rd959 - Bell 39 Properties, LLC",evidenceOfInsurance,Evidence of Insurance,6ac20aae-5728-5d57-b364-aeba38527dba,Additional Requirements,2cdd866f-c9a4-576a-afd8-1d045762790c,"The location must be listed as: 1719 W 39th Street, Suite 202, Kansas City, MO, 66111",,matchOnce,must be present,,,non_compliant,Block Requirements,,,true,0,,2026-08-16
"Block Real Estate Services, LLC",69fdf75c62446148bd855f86,69fded2462446148bd849288,Victor Caballero,69fdef8fbf1df2fe9692198a,"3rd959 - Bell 39 Properties, LLC",evidenceOfInsurance,Evidence of Insurance,6ac20aae-5728-5d57-b364-aeba38527dba,Additional Requirements,3649e9d1-4e09-59bf-8f30-cb33c40cf117,"Certificate Holder must read: c/o Block Real Estate Services, LLC, 4622 Pennsylvania St., Suite 700, Kansas City, MO, 64112",,matchOnce,must be present,,,non_compliant,Block Requirements,,,true,0,,2026-08-16
"Block Real Estate Services, LLC",69fdf75c62446148bd855f7a,69fded1262446148bd848cfd,Residential - renter occupied: David Remick,69fdef8fbf1df2fe9692198a,"3rd959 - Bell 39 Properties, LLC",evidenceOfInsurance,Evidence of Insurance,commercialGeneralLiability,Commercial General Liability,evidenceOfInsuranceCommercialGeneralLiabilityCoverageTriggerOccurrence,Coverage Trigger: Occurrence,,matchOnce,must be present,,,non_compliant,Block Requirements,,,false,0,,2026-08-16
"Block Real Estate Services, LLC",69fdf75c62446148bd855f7a,69fded1262446148bd848cfd,Residential - renter occupied: David Remick,69fdef8fbf1df2fe9692198a,"3rd959 - Bell 39 Properties, LLC",evidenceOfInsurance,Evidence of Insurance,commercialGeneralLiability,Commercial General Liability,evidenceOfInsuranceCommercialGeneralLiabilityGeneralAggregateLimitAppliesPerLocation,General Aggregate Limit Applies per: Location,,matchOnce,must be present,,,non_compliant,Block Requirements,,,false,0,,2026-08-16
"Block Real Estate Services, LLC",69fdf75c62446148bd855f7a,69fded1262446148bd848cfd,Residential - renter occupied: David Remick,69fdef8fbf1df2fe9692198a,"3rd959 - Bell 39 Properties, LLC",evidenceOfInsurance,Evidence of Insurance,commercialGeneralLiability,Commercial General Liability,evidenceOfInsuranceCommercialGeneralLiabilityEachOccurrence,Each Occurrence,,matchOnce,must be greater or equal to,1000000,,non_compliant,Block Requirements,,,false,0,,2026-08-16
"Block Real Estate Services, LLC",69fdf75c62446148bd855f7a,69fded1262446148bd848cfd,Residential - renter occupied: David Remick,69fdef8fbf1df2fe9692198a,"3rd959 - Bell 39 Properties, LLC",evidenceOfInsurance,Evidence of Insurance,commercialGeneralLiability,Commercial General Liability,evidenceOfInsuranceCommercialGeneralLiabilityGeneralAggregate,General Aggregate,,matchOnce,must be greater or equal to,2000000,,non_compliant,Block Requirements,,,false,0,,2026-08-16
"Block Real Estate Services, LLC",69fdf75c62446148bd855f7a,69fded1262446148bd848cfd,Residential - renter occupied: David Remick,69fdef8fbf1df2fe9692198a,"3rd959 - Bell 39 Properties, LLC",evidenceOfInsurance,Evidence of Insurance,commercialGeneralLiability,Commercial General Liability,evidenceOfInsuranceCommercialGeneralLiabilityWaiverOfSubrogationEndorsement,Waiver of Subrogation,"---prompt---
Determine if the insurer has waived their right of subrogation in favor of the certificate holder under the Commercial General Liability policy. Evidence may include: a checked ""Waiver of Subrogation"" box on the certificate, mention in the Description of Operations section stating ""waiver of subrogation applies"", or reference to form CG 24 04. Look for language like ""subrogation is waived"" or ""per written contract"".",matchOnce,must be present,,,non_compliant,Block Requirements,,,false,0,,2026-08-16
"Block Real Estate Services, LLC",69fdf75c62446148bd855f7a,69fded1262446148bd848cfd,Residential - renter occupied: David Remick,69fdef8fbf1df2fe9692198a,"3rd959 - Bell 39 Properties, LLC",evidenceOfInsurance,Evidence of Insurance,excessOrUmbrellaLiability,Umbrella/Excess Liability,evidenceOfInsuranceExcessOrUmbrellaLiabilityOccurence,Coverage Trigger: Occurrence,,matchOnce,must be present,,,non_compliant,Block Requirements,,,false,0,,2026-08-16
"Block Real Estate Services, LLC",69fdf75c62446148bd855f7a,69fded1262446148bd848cfd,Residential - renter occupied: David Remick,69fdef8fbf1df2fe9692198a,"3rd959 - Bell 39 Properties, LLC",evidenceOfInsurance,Evidence of Insurance,excessOrUmbrellaLiability,Umbrella/Excess Liability,evidenceOfInsuranceExcessOrUmbrellaLiabilityEachOccurrence,Each Occurrence,,matchOnce,must be greater or equal to,1000000,,non_compliant,Block Requirements,,,false,0,,2026-08-16
"Block Real Estate Services, LLC",69fdf75c62446148bd855f7a,69fded1262446148bd848cfd,Residential - renter occupied: David Remick,69fdef8fbf1df2fe9692198a,"3rd959 - Bell 39 Properties, LLC",evidenceOfInsurance,Evidence of Insurance,excessOrUmbrellaLiability,Umbrella/Excess Liability,evidenceOfInsuranceExcessOrUmbrellaLiabilityAggregate,Aggregate,,matchOnce,must be greater or equal to,1000000,,non_compliant,Block Requirements,,,false,0,,2026-08-16
"Block Real Estate Services, LLC",69fdf75c62446148bd855f7a,69fded1262446148bd848cfd,Residential - renter occupied: David Remick,69fdef8fbf1df2fe9692198a,"3rd959 - Bell 39 Properties, LLC",evidenceOfInsurance,Evidence of Insurance,workersCompensation,Workers' Compensation and Employer's Liability,evidenceOfInsuranceWorkersCompensationStatutoryLimits,Statutory Limits,,matchOnce,must be present,,,non_compliant,Block Requirements,,,false,0,,2026-08-16
"Block Real Estate Services, LLC",69fdf75c62446148bd855f7a,69fded1262446148bd848cfd,Residential - renter occupied: David Remick,69fdef8fbf1df2fe9692198a,"3rd959 - Bell 39 Properties, LLC",evidenceOfInsurance,Evidence of Insurance,workersCompensation,Workers' Compensation and Employer's Liability,evidenceOfInsuranceWorkersCompensationEmployersLiabilityEachAccident,Employer's Liability Each Accident,,matchOnce,must be greater or equal to,500000,,non_compliant,Block Requirements,,,false,0,,2026-08-16
"Block Real Estate Services, LLC",69fdf75c62446148bd855f7a,69fded1262446148bd848cfd,Residential - renter occupied: David Remick,69fdef8fbf1df2fe9692198a,"3rd959 - Bell 39 Properties, LLC",evidenceOfInsurance,Evidence of Insurance,workersCompensation,Workers' Compensation and Employer's Liability,evidenceOfInsuranceWorkersCompensationEmployersLiabilityDiseaseEachEmployee,Employer's Liability Disease - each employee,,matchOnce,must be greater or equal to,500000,,non_compliant,Block Requirements,,,false,0,,2026-08-16
"Block Real Estate Services, LLC",69fdf75c62446148bd855f7a,69fded1262446148bd848cfd,Residential - renter occupied: David Remick,69fdef8fbf1df2fe9692198a,"3rd959 - Bell 39 Properties, LLC",evidenceOfInsurance,Evidence of Insurance,workersCompensation,Workers' Compensation and Employer's Liability,evidenceOfInsuranceWorkersCompensationEmployersLiabilityDiseasePolicyLimit,Employer's Liability Disease - policy limit,,matchOnce,must be greater or equal to,500000,,non_compliant,Block Requirements,,,false,0,,2026-08-16
"Block Real Estate Services, LLC",69fdf75c62446148bd855f7a,69fded1262446148bd848cfd,Residential - renter occupied: David Remick,69fdef8fbf1df2fe9692198a,"3rd959 - Bell 39 Properties, LLC",evidenceOfInsurance,Evidence of Insurance,workersCompensation,Workers' Compensation and Employer's Liability,evidenceOfInsuranceWorkersCompensationWaiverOfSubrogationEndorsement,Waiver of Subrogation,"---prompt---
Determine if the insurer has waived their right of subrogation in favor of the certificate holder under the Workers' Compensation policy. Evidence may include: a checked ""Waiver of Subrogation"" box on the certificate, mention in the Description of Operations section stating ""waiver of subrogation applies"", or reference to form WC 00 03 13. Look for language like ""subrogation is waived"" or ""per written contract"".",matchOnce,must be present,,,non_compliant,Block Requirements,,,false,0,,2026-08-16
"Block Real Estate Services, LLC",69fdf75c62446148bd855f7a,69fded1262446148bd848cfd,Residential - renter occupied: David Remick,69fdef8fbf1df2fe9692198a,"3rd959 - Bell 39 Properties, LLC",evidenceOfInsurance,Evidence of Insurance,6ac20aae-5728-5d57-b364-aeba38527dba,Additional Requirements,4da5b0f1-4c9d-5885-8cf8-5d3cccaed3e0,"Block Real Estate Services, LLC and all others required by contract are named as Additional Insureds","---prompt---
Determine if the Description of Operations or the Additional Remarks Schedule section states the ""Additional Insured as Construction Management, Inc. and all others required by contract"" or reference to blanket additional insured coverage. Look for language like ""certificate holder is additional insured"" or ""per written contract"".",matchOnce,must be present,,,non_compliant,Block Requirements,,,true,0,,2026-08-16
"Block Real Estate Services, LLC",69fdf75c62446148bd855f7a,69fded1262446148bd848cfd,Residential - renter occupied: David Remick,69fdef8fbf1df2fe9692198a,"3rd959 - Bell 39 Properties, LLC",evidenceOfInsurance,Evidence of Insurance,6ac20aae-5728-5d57-b364-aeba38527dba,Additional Requirements,e1017741-e47e-5f58-97b8-fbc3043e919f,Umbrella follows form over General Liability,"---prompt---
Determine if the Umbrella/Excess Liability policy follows form to the underlying policies. Evidence may include: language in the Description of Operations section stating the umbrella follows form to underlying coverages or an additional page endorsement stating that it follows form. Follow form means the umbrella policy adopts the same terms, conditions, and exclusions as the underlying policies.",matchOnce,must be present,,,non_compliant,Block Requirements,,,true,0,,2026-08-16
"Block Real Estate Services, LLC",69fdf75c62446148bd855f7a,69fded1262446148bd848cfd,Residential - renter occupied: David Remick,69fdef8fbf1df2fe9692198a,"3rd959 - Bell 39 Properties, LLC",evidenceOfInsurance,Evidence of Insurance,6ac20aae-5728-5d57-b364-aeba38527dba,Additional Requirements,2cdd866f-c9a4-576a-afd8-1d045762790c,"The location must be listed as: 3909-B Bell Street, Kansas City, MO, 66111",,matchOnce,must be present,,,non_compliant,Block Requirements,,,true,0,,2026-08-16
"Block Real Estate Services, LLC",69fdf75c62446148bd855f7a,69fded1262446148bd848cfd,Residential - renter occupied: David Remick,69fdef8fbf1df2fe9692198a,"3rd959 - Bell 39 Properties, LLC",evidenceOfInsurance,Evidence of Insurance,6ac20aae-5728-5d57-b364-aeba38527dba,Additional Requirements,3649e9d1-4e09-59bf-8f30-cb33c40cf117,"Certificate Holder must read: c/o Block Real Estate Services, LLC, 4622 Pennsylvania St., Suite 700, Kansas City, MO, 64112",,matchOnce,must be present,,,non_compliant,Block Requirements,,,true,0,,2026-08-16
"Block Real Estate Services, LLC",69fdf75c62446148bd855f84,69fded2262446148bd849219,"Theodore Habiger and Rm 39 Midtown, LLC",69fdef8fbf1df2fe9692198a,"3rd959 - Bell 39 Properties, LLC",evidenceOfInsurance,Evidence of Insurance,commercialGeneralLiability,Commercial General Liability,evidenceOfInsuranceCommercialGeneralLiabilityCoverageTriggerOccurrence,Coverage Trigger: Occurrence,,matchOnce,must be present,,,non_compliant,Block Requirements,,,false,0,,2026-08-16
"Block Real Estate Services, LLC",69fdf75c62446148bd855f84,69fded2262446148bd849219,"Theodore Habiger and Rm 39 Midtown, LLC",69fdef8fbf1df2fe9692198a,"3rd959 - Bell 39 Properties, LLC",evidenceOfInsurance,Evidence of Insurance,commercialGeneralLiability,Commercial General Liability,evidenceOfInsuranceCommercialGeneralLiabilityGeneralAggregateLimitAppliesPerLocation,General Aggregate Limit Applies per: Location,,matchOnce,must be present,,,non_compliant,Block Requirements,,,false,0,,2026-08-16
"Block Real Estate Services, LLC",69fdf75c62446148bd855f84,69fded2262446148bd849219,"Theodore Habiger and Rm 39 Midtown, LLC",69fdef8fbf1df2fe9692198a,"3rd959 - Bell 39 Properties, LLC",evidenceOfInsurance,Evidence of Insurance,commercialGeneralLiability,Commercial General Liability,evidenceOfInsuranceCommercialGeneralLiabilityEachOccurrence,Each Occurrence,,matchOnce,must be greater or equal to,1000000,,non_compliant,Block Requirements,,,false,0,,2026-08-16
"Block Real Estate Services, LLC",69fdf75c62446148bd855f84,69fded2262446148bd849219,"Theodore Habiger and Rm 39 Midtown, LLC",69fdef8fbf1df2fe9692198a,"3rd959 - Bell 39 Properties, LLC",evidenceOfInsurance,Evidence of Insurance,commercialGeneralLiability,Commercial General Liability,evidenceOfInsuranceCommercialGeneralLiabilityGeneralAggregate,General Aggregate,,matchOnce,must be greater or equal to,2000000,,non_compliant,Block Requirements,,,false,0,,2026-08-16
"Block Real Estate Services, LLC",69fdf75c62446148bd855f84,69fded2262446148bd849219,"Theodore Habiger and Rm 39 Midtown, LLC",69fdef8fbf1df2fe9692198a,"3rd959 - Bell 39 Properties, LLC",evidenceOfInsurance,Evidence of Insurance,commercialGeneralLiability,Commercial General Liability,evidenceOfInsuranceCommercialGeneralLiabilityWaiverOfSubrogationEndorsement,Waiver of Subrogation,"---prompt---
Determine if the insurer has waived their right of subrogation in favor of the certificate holder under the Commercial General Liability policy. Evidence may include: a checked ""Waiver of Subrogation"" box on the certificate, mention in the Description of Operations section stating ""waiver of subrogation applies"", or reference to form CG 24 04. Look for language like ""subrogation is waived"" or ""per written contract"".",matchOnce,must be present,,,non_compliant,Block Requirements,,,false,0,,2026-08-16
"Block Real Estate Services, LLC",69fdf75c62446148bd855f84,69fded2262446148bd849219,"Theodore Habiger and Rm 39 Midtown, LLC",69fdef8fbf1df2fe9692198a,"3rd959 - Bell 39 Properties, LLC",evidenceOfInsurance,Evidence of Insurance,excessOrUmbrellaLiability,Umbrella/Excess Liability,evidenceOfInsuranceExcessOrUmbrellaLiabilityOccurence,Coverage Trigger: Occurrence,,matchOnce,must be present,,,non_compliant,Block Requirements,,,false,0,,2026-08-16
"Block Real Estate Services, LLC",69fdf75c62446148bd855f84,69fded2262446148bd849219,"Theodore Habiger and Rm 39 Midtown, LLC",69fdef8fbf1df2fe9692198a,"3rd959 - Bell 39 Properties, LLC",evidenceOfInsurance,Evidence of Insurance,excessOrUmbrellaLiability,Umbrella/Excess Liability,evidenceOfInsuranceExcessOrUmbrellaLiabilityEachOccurrence,Each Occurrence,,matchOnce,must be greater or equal to,1000000,,non_compliant,Block Requirements,,,false,0,,2026-08-16
"Block Real Estate Services, LLC",69fdf75c62446148bd855f84,69fded2262446148bd849219,"Theodore Habiger and Rm 39 Midtown, LLC",69fdef8fbf1df2fe9692198a,"3rd959 - Bell 39 Properties, LLC",evidenceOfInsurance,Evidence of Insurance,excessOrUmbrellaLiability,Umbrella/Excess Liability,evidenceOfInsuranceExcessOrUmbrellaLiabilityAggregate,Aggregate,,matchOnce,must be greater or equal to,1000000,,non_compliant,Block Requirements,,,false,0,,2026-08-16
"Block Real Estate Services, LLC",69fdf75c62446148bd855f84,69fded2262446148bd849219,"Theodore Habiger and Rm 39 Midtown, LLC",69fdef8fbf1df2fe9692198a,"3rd959 - Bell 39 Properties, LLC",evidenceOfInsurance,Evidence of Insurance,workersCompensation,Workers' Compensation and Employer's Liability,evidenceOfInsuranceWorkersCompensationStatutoryLimits,Statutory Limits,,matchOnce,must be present,,,non_compliant,Block Requirements,,,false,0,,2026-08-16
"Block Real Estate Services, LLC",69fdf75c62446148bd855f84,69fded2262446148bd849219,"Theodore Habiger and Rm 39 Midtown, LLC",69fdef8fbf1df2fe9692198a,"3rd959 - Bell 39 Properties, LLC",evidenceOfInsurance,Evidence of Insurance,workersCompensation,Workers' Compensation and Employer's Liability,evidenceOfInsuranceWorkersCompensationEmployersLiabilityEachAccident,Employer's Liability Each Accident,,matchOnce,must be greater or equal to,500000,,non_compliant,Block Requirements,,,false,0,,2026-08-16
"Block Real Estate Services, LLC",69fdf75c62446148bd855f84,69fded2262446148bd849219,"Theodore Habiger and Rm 39 Midtown, LLC",69fdef8fbf1df2fe9692198a,"3rd959 - Bell 39 Properties, LLC",evidenceOfInsurance,Evidence of Insurance,workersCompensation,Workers' Compensation and Employer's Liability,evidenceOfInsuranceWorkersCompensationEmployersLiabilityDiseaseEachEmployee,Employer's Liability Disease - each employee,,matchOnce,must be greater or equal to,500000,,non_compliant,Block Requirements,,,false,0,,2026-08-16
"Block Real Estate Services, LLC",69fdf75c62446148bd855f84,69fded2262446148bd849219,"Theodore Habiger and Rm 39 Midtown, LLC",69fdef8fbf1df2fe9692198a,"3rd959 - Bell 39 Properties, LLC",evidenceOfInsurance,Evidence of Insurance,workersCompensation,Workers' Compensation and Employer's Liability,evidenceOfInsuranceWorkersCompensationEmployersLiabilityDiseasePolicyLimit,Employer's Liability Disease - policy limit,,matchOnce,must be greater or equal to,500000,,non_compliant,Block Requirements,,,false,0,,2026-08-16
"Block Real Estate Services, LLC",69fdf75c62446148bd855f84,69fded2262446148bd849219,"Theodore Habiger and Rm 39 Midtown, LLC",69fdef8fbf1df2fe9692198a,"3rd959 - Bell 39 Properties, LLC",evidenceOfInsurance,Evidence of Insurance,workersCompensation,Workers' Compensation and Employer's Liability,evidenceOfInsuranceWorkersCompensationWaiverOfSubrogationEndorsement,Waiver of Subrogation,"---prompt---
Determine if the insurer has waived their right of subrogation in favor of the certificate holder under the Workers' Compensation policy. Evidence may include: a checked ""Waiver of Subrogation"" box on the certificate, mention in the Description of Operations section stating ""waiver of subrogation applies"", or reference to form WC 00 03 13. Look for language like ""subrogation is waived"" or ""per written contract"".",matchOnce,must be present,,,non_compliant,Block Requirements,,,false,0,,2026-08-16
"Block Real Estate Services, LLC",69fdf75c62446148bd855f84,69fded2262446148bd849219,"Theodore Habiger and Rm 39 Midtown, LLC",69fdef8fbf1df2fe9692198a,"3rd959 - Bell 39 Properties, LLC",evidenceOfInsurance,Evidence of Insurance,6ac20aae-5728-5d57-b364-aeba38527dba,Additional Requirements,4da5b0f1-4c9d-5885-8cf8-5d3cccaed3e0,"Block Real Estate Services, LLC and all others required by contract are named as Additional Insureds","---prompt---
Determine if the Description of Operations or the Additional Remarks Schedule section states the ""Additional Insured as Construction Management, Inc. and all others required by contract"" or reference to blanket additional insured coverage. Look for language like ""certificate holder is additional insured"" or ""per written contract"".",matchOnce,must be present,,,non_compliant,Block Requirements,,,true,0,,2026-08-16
"Block Real Estate Services, LLC",69fdf75c62446148bd855f84,69fded2262446148bd849219,"Theodore Habiger and Rm 39 Midtown, LLC",69fdef8fbf1df2fe9692198a,"3rd959 - Bell 39 Properties, LLC",evidenceOfInsurance,Evidence of Insurance,6ac20aae-5728-5d57-b364-aeba38527dba,Additional Requirements,e1017741-e47e-5f58-97b8-fbc3043e919f,Umbrella follows form over General Liability,"---prompt---
Determine if the Umbrella/Excess Liability policy follows form to the underlying policies. Evidence may include: language in the Description of Operations section stating the umbrella follows form to underlying coverages or an additional page endorsement stating that it follows form. Follow form means the umbrella policy adopts the same terms, conditions, and exclusions as the underlying policies.",matchOnce,must be present,,,non_compliant,Block Requirements,,,true,0,,2026-08-16
"Block Real Estate Services, LLC",69fdf75c62446148bd855f84,69fded2262446148bd849219,"Theodore Habiger and Rm 39 Midtown, LLC",69fdef8fbf1df2fe9692198a,"3rd959 - Bell 39 Properties, LLC",evidenceOfInsurance,Evidence of Insurance,6ac20aae-5728-5d57-b364-aeba38527dba,Additional Requirements,2cdd866f-c9a4-576a-afd8-1d045762790c,"The location must be listed as: 1719 W 39th Street, Suite 211, Kansas City, MO, 66111",,matchOnce,must be present,,,non_compliant,Block Requirements,,,true,0,,2026-08-16
"Block Real Estate Services, LLC",69fdf75c62446148bd855f84,69fded2262446148bd849219,"Theodore Habiger and Rm 39 Midtown, LLC",69fdef8fbf1df2fe9692198a,"3rd959 - Bell 39 Properties, LLC",evidenceOfInsurance,Evidence of Insurance,6ac20aae-5728-5d57-b364-aeba38527dba,Additional Requirements,3649e9d1-4e09-59bf-8f30-cb33c40cf117,"Certificate Holder must read: c/o Block Real Estate Services, LLC, 4622 Pennsylvania St., Suite 700, Kansas City, MO, 64112",,matchOnce,must be present,,,non_compliant,Block Requirements,,,true,0,,2026-08-16
"Block Real Estate Services, LLC",69fdf75c62446148bd855f83,69fded2162446148bd8491b3,Starbucks Corporation,69fdef8fbf1df2fe9692198a,"3rd959 - Bell 39 Properties, LLC",evidenceOfInsurance,Evidence of Insurance,commercialGeneralLiability,Commercial General Liability,evidenceOfInsuranceCommercialGeneralLiabilityCoverageTriggerOccurrence,Coverage Trigger: Occurrence,,matchOnce,must be present,,Present,compliant,Block Requirements,,,false,1,,2026-08-16
"Block Real Estate Services, LLC",69fdf75c62446148bd855f83,69fded2162446148bd8491b3,Starbucks Corporation,69fdef8fbf1df2fe9692198a,"3rd959 - Bell 39 Properties, LLC",evidenceOfInsurance,Evidence of Insurance,commercialGeneralLiability,Commercial General Liability,evidenceOfInsuranceCommercialGeneralLiabilityGeneralAggregateLimitAppliesPerLocation,General Aggregate Limit Applies per: Location,,matchOnce,must be present,,,waived,Block Requirements,Per location not a requirement in the lease,,false,0,,2026-08-16
"Block Real Estate Services, LLC",69fdf75c62446148bd855f83,69fded2162446148bd8491b3,Starbucks Corporation,69fdef8fbf1df2fe9692198a,"3rd959 - Bell 39 Properties, LLC",evidenceOfInsurance,Evidence of Insurance,commercialGeneralLiability,Commercial General Liability,evidenceOfInsuranceCommercialGeneralLiabilityEachOccurrence,Each Occurrence,,matchOnce,must be greater or equal to,1000000,1000000,compliant,Block Requirements,,,false,1,,2026-08-16
"Block Real Estate Services, LLC",69fdf75c62446148bd855f83,69fded2162446148bd8491b3,Starbucks Corporation,69fdef8fbf1df2fe9692198a,"3rd959 - Bell 39 Properties, LLC",evidenceOfInsurance,Evidence of Insurance,commercialGeneralLiability,Commercial General Liability,evidenceOfInsuranceCommercialGeneralLiabilityGeneralAggregate,General Aggregate,,matchOnce,must be greater or equal to,2000000,5000000,compliant,Block Requirements,,,false,1,,2026-08-16
"Block Real Estate Services, LLC",69fdf75c62446148bd855f83,69fded2162446148bd8491b3,Starbucks Corporation,69fdef8fbf1df2fe9692198a,"3rd959 - Bell 39 Properties, LLC",evidenceOfInsurance,Evidence of Insurance,commercialGeneralLiability,Commercial General Liability,evidenceOfInsuranceCommercialGeneralLiabilityWaiverOfSubrogationEndorsement,Waiver of Subrogation,"---prompt---
Determine if the insurer has waived their right of subrogation in favor of the certificate holder under the Commercial General Liability policy. Evidence may include: a checked ""Waiver of Subrogation"" box on the certificate, mention in the Description of Operations section stating ""waiver of subrogation applies"", or reference to form CG 24 04. Look for language like ""subrogation is waived"" or ""per written contract"".",matchOnce,must be present,,Present,compliant,Block Requirements,,,false,1,,2026-08-16
"Block Real Estate Services, LLC",69fdf75c62446148bd855f83,69fded2162446148bd8491b3,Starbucks Corporation,69fdef8fbf1df2fe9692198a,"3rd959 - Bell 39 Properties, LLC",evidenceOfInsurance,Evidence of Insurance,excessOrUmbrellaLiability,Umbrella/Excess Liability,evidenceOfInsuranceExcessOrUmbrellaLiabilityOccurence,Coverage Trigger: Occurrence,,matchOnce,must be present,,,waived,Block Requirements,,,false,0,,2026-08-16
"Block Real Estate Services, LLC",69fdf75c62446148bd855f83,69fded2162446148bd8491b3,Starbucks Corporation,69fdef8fbf1df2fe9692198a,"3rd959 - Bell 39 Properties, LLC",evidenceOfInsurance,Evidence of Insurance,excessOrUmbrellaLiability,Umbrella/Excess Liability,evidenceOfInsuranceExcessOrUmbrellaLiabilityEachOccurrence,Each Occurrence,,matchOnce,must be greater or equal to,1000000,,waived,Block Requirements,,,false,0,,2026-08-16
"Block Real Estate Services, LLC",69fdf75c62446148bd855f83,69fded2162446148bd8491b3,Starbucks Corporation,69fdef8fbf1df2fe9692198a,"3rd959 - Bell 39 Properties, LLC",evidenceOfInsurance,Evidence of Insurance,excessOrUmbrellaLiability,Umbrella/Excess Liability,evidenceOfInsuranceExcessOrUmbrellaLiabilityAggregate,Aggregate,,matchOnce,must be greater or equal to,1000000,,waived,Block Requirements,,,false,0,,2026-08-16
"Block Real Estate Services, LLC",69fdf75c62446148bd855f83,69fded2162446148bd8491b3,Starbucks Corporation,69fdef8fbf1df2fe9692198a,"3rd959 - Bell 39 Properties, LLC",evidenceOfInsurance,Evidence of Insurance,workersCompensation,Workers' Compensation and Employer's Liability,evidenceOfInsuranceWorkersCompensationStatutoryLimits,Statutory Limits,,matchOnce,must be present,,,waived,Block Requirements,,,false,0,,2026-08-16
"Block Real Estate Services, LLC",69fdf75c62446148bd855f83,69fded2162446148bd8491b3,Starbucks Corporation,69fdef8fbf1df2fe9692198a,"3rd959 - Bell 39 Properties, LLC",evidenceOfInsurance,Evidence of Insurance,workersCompensation,Workers' Compensation and Employer's Liability,evidenceOfInsuranceWorkersCompensationEmployersLiabilityEachAccident,Employer's Liability Each Accident,,matchOnce,must be greater or equal to,500000,,waived,Block Requirements,,,false,0,,2026-08-16
"Block Real Estate Services, LLC",69fdf75c62446148bd855f83,69fded2162446148bd8491b3,Starbucks Corporation,69fdef8fbf1df2fe9692198a,"3rd959 - Bell 39 Properties, LLC",evidenceOfInsurance,Evidence of Insurance,workersCompensation,Workers' Compensation and Employer's Liability,evidenceOfInsuranceWorkersCompensationEmployersLiabilityDiseaseEachEmployee,Employer's Liability Disease - each employee,,matchOnce,must be greater or equal to,500000,,waived,Block Requirements,,,false,0,,2026-08-16
"Block Real Estate Services, LLC",69fdf75c62446148bd855f83,69fded2162446148bd8491b3,Starbucks Corporation,69fdef8fbf1df2fe9692198a,"3rd959 - Bell 39 Properties, LLC",evidenceOfInsurance,Evidence of Insurance,workersCompensation,Workers' Compensation and Employer's Liability,evidenceOfInsuranceWorkersCompensationEmployersLiabilityDiseasePolicyLimit,Employer's Liability Disease - policy limit,,matchOnce,must be greater or equal to,500000,,waived,Block Requirements,,,false,0,,2026-08-16
"Block Real Estate Services, LLC",69fdf75c62446148bd855f83,69fded2162446148bd8491b3,Starbucks Corporation,69fdef8fbf1df2fe9692198a,"3rd959 - Bell 39 Properties, LLC",evidenceOfInsurance,Evidence of Insurance,workersCompensation,Workers' Compensation and Employer's Liability,evidenceOfInsuranceWorkersCompensationWaiverOfSubrogationEndorsement,Waiver of Subrogation,"---prompt---
Determine if the insurer has waived their right of subrogation in favor of the certificate holder under the Workers' Compensation policy. Evidence may include: a checked ""Waiver of Subrogation"" box on the certificate, mention in the Description of Operations section stating ""waiver of subrogation applies"", or reference to form WC 00 03 13. Look for language like ""subrogation is waived"" or ""per written contract"".",matchOnce,must be present,,,waived,Block Requirements,,,false,0,,2026-08-16
"Block Real Estate Services, LLC",69fdf75c62446148bd855f83,69fded2162446148bd8491b3,Starbucks Corporation,69fdef8fbf1df2fe9692198a,"3rd959 - Bell 39 Properties, LLC",evidenceOfInsurance,Evidence of Insurance,6ac20aae-5728-5d57-b364-aeba38527dba,Additional Requirements,4da5b0f1-4c9d-5885-8cf8-5d3cccaed3e0,"Block Real Estate Services, LLC and all others required by contract are named as Additional Insureds","---prompt---
Determine if the Description of Operations or the Additional Remarks Schedule section states the ""Additional Insured as Construction Management, Inc. and all others required by contract"" or reference to blanket additional insured coverage. Look for language like ""certificate holder is additional insured"" or ""per written contract"".",matchOnce,must be present,,,waived,Block Requirements,MOI accepted by Ellen Ochampaugh,,true,0,,2026-08-16
"Block Real Estate Services, LLC",69fdf75c62446148bd855f83,69fded2162446148bd8491b3,Starbucks Corporation,69fdef8fbf1df2fe9692198a,"3rd959 - Bell 39 Properties, LLC",evidenceOfInsurance,Evidence of Insurance,6ac20aae-5728-5d57-b364-aeba38527dba,Additional Requirements,e1017741-e47e-5f58-97b8-fbc3043e919f,Umbrella follows form over General Liability,"---prompt---
Determine if the Umbrella/Excess Liability policy follows form to the underlying policies. Evidence may include: language in the Description of Operations section stating the umbrella follows form to underlying coverages or an additional page endorsement stating that it follows form. Follow form means the umbrella policy adopts the same terms, conditions, and exclusions as the underlying policies.",matchOnce,must be present,,,waived,Block Requirements,Umbrella not a requirement in the lease,,true,0,,2026-08-16
"Block Real Estate Services, LLC",69fdf75c62446148bd855f83,69fded2162446148bd8491b3,Starbucks Corporation,69fdef8fbf1df2fe9692198a,"3rd959 - Bell 39 Properties, LLC",evidenceOfInsurance,Evidence of Insurance,6ac20aae-5728-5d57-b364-aeba38527dba,Additional Requirements,2cdd866f-c9a4-576a-afd8-1d045762790c,"The location must be listed as: 1701 W 39th Street, Kansas City, MO, 64111",,matchOnce,must be present,,,waived,Block Requirements,MOI accepted by Ellen Ochampaugh,,true,0,,2026-08-16
"Block Real Estate Services, LLC",69fdf75c62446148bd855f83,69fded2162446148bd8491b3,Starbucks Corporation,69fdef8fbf1df2fe9692198a,"3rd959 - Bell 39 Properties, LLC",evidenceOfInsurance,Evidence of Insurance,6ac20aae-5728-5d57-b364-aeba38527dba,Additional Requirements,3649e9d1-4e09-59bf-8f30-cb33c40cf117,"Certificate Holder must read: c/o Block Real Estate Services, LLC, 4622 Pennsylvania St., Suite 700, Kansas City, MO, 64112",,matchOnce,must be present,,,waived,Block Requirements,MOI accepted by Ellen Ochampaugh,,true,0,,2026-08-16
"Block Real Estate Services, LLC",6a18435511a51e6a99eddf2c,6a1842e4b517ae25a873e28c,"Kari's On 39th, LLC",69fdef8fbf1df2fe9692198a,"3rd959 - Bell 39 Properties, LLC",evidenceOfInsurance,Evidence of Insurance,commercialGeneralLiability,Commercial General Liability,evidenceOfInsuranceCommercialGeneralLiabilityCoverageTriggerOccurrence,Coverage Trigger: Occurrence,,matchOnce,must be present,,,non_compliant,Block Requirements,,,false,0,,2026-08-16
"Block Real Estate Services, LLC",6a18435511a51e6a99eddf2c,6a1842e4b517ae25a873e28c,"Kari's On 39th, LLC",69fdef8fbf1df2fe9692198a,"3rd959 - Bell 39 Properties, LLC",evidenceOfInsurance,Evidence of Insurance,commercialGeneralLiability,Commercial General Liability,evidenceOfInsuranceCommercialGeneralLiabilityGeneralAggregateLimitAppliesPerLocation,General Aggregate Limit Applies per: Location,,matchOnce,must be present,,,non_compliant,Block Requirements,,,false,0,,2026-08-16
"Block Real Estate Services, LLC",6a18435511a51e6a99eddf2c,6a1842e4b517ae25a873e28c,"Kari's On 39th, LLC",69fdef8fbf1df2fe9692198a,"3rd959 - Bell 39 Properties, LLC",evidenceOfInsurance,Evidence of Insurance,commercialGeneralLiability,Commercial General Liability,evidenceOfInsuranceCommercialGeneralLiabilityEachOccurrence,Each Occurrence,,matchOnce,must be greater or equal to,1000000,,non_compliant,Block Requirements,,,false,0,,2026-08-16
"Block Real Estate Services, LLC",6a18435511a51e6a99eddf2c,6a1842e4b517ae25a873e28c,"Kari's On 39th, LLC",69fdef8fbf1df2fe9692198a,"3rd959 - Bell 39 Properties, LLC",evidenceOfInsurance,Evidence of Insurance,commercialGeneralLiability,Commercial General Liability,evidenceOfInsuranceCommercialGeneralLiabilityGeneralAggregate,General Aggregate,,matchOnce,must be greater or equal to,2000000,,non_compliant,Block Requirements,,,false,0,,2026-08-16
"Block Real Estate Services, LLC",6a18435511a51e6a99eddf2c,6a1842e4b517ae25a873e28c,"Kari's On 39th, LLC",69fdef8fbf1df2fe9692198a,"3rd959 - Bell 39 Properties, LLC",evidenceOfInsurance,Evidence of Insurance,commercialGeneralLiability,Commercial General Liability,evidenceOfInsuranceCommercialGeneralLiabilityWaiverOfSubrogationEndorsement,Waiver of Subrogation,"---prompt---
Determine if the insurer has waived their right of subrogation in favor of the certificate holder under the Commercial General Liability policy. Evidence may include: a checked ""Waiver of Subrogation"" box on the certificate, mention in the Description of Operations section stating ""waiver of subrogation applies"", or reference to form CG 24 04. Look for language like ""subrogation is waived"" or ""per written contract"".",matchOnce,must be present,,,non_compliant,Block Requirements,,,false,0,,2026-08-16
"Block Real Estate Services, LLC",6a18435511a51e6a99eddf2c,6a1842e4b517ae25a873e28c,"Kari's On 39th, LLC",69fdef8fbf1df2fe9692198a,"3rd959 - Bell 39 Properties, LLC",evidenceOfInsurance,Evidence of Insurance,excessOrUmbrellaLiability,Umbrella/Excess Liability,evidenceOfInsuranceExcessOrUmbrellaLiabilityOccurence,Coverage Trigger: Occurrence,,matchOnce,must be present,,,non_compliant,Block Requirements,,,false,0,,2026-08-16
"Block Real Estate Services, LLC",6a18435511a51e6a99eddf2c,6a1842e4b517ae25a873e28c,"Kari's On 39th, LLC",69fdef8fbf1df2fe9692198a,"3rd959 - Bell 39 Properties, LLC",evidenceOfInsurance,Evidence of Insurance,excessOrUmbrellaLiability,Umbrella/Excess Liability,evidenceOfInsuranceExcessOrUmbrellaLiabilityEachOccurrence,Each Occurrence,,matchOnce,must be greater or equal to,1000000,,non_compliant,Block Requirements,,,false,0,,2026-08-16
"Block Real Estate Services, LLC",6a18435511a51e6a99eddf2c,6a1842e4b517ae25a873e28c,"Kari's On 39th, LLC",69fdef8fbf1df2fe9692198a,"3rd959 - Bell 39 Properties, LLC",evidenceOfInsurance,Evidence of Insurance,excessOrUmbrellaLiability,Umbrella/Excess Liability,evidenceOfInsuranceExcessOrUmbrellaLiabilityAggregate,Aggregate,,matchOnce,must be greater or equal to,1000000,,non_compliant,Block Requirements,,,false,0,,2026-08-16
"Block Real Estate Services, LLC",6a18435511a51e6a99eddf2c,6a1842e4b517ae25a873e28c,"Kari's On 39th, LLC",69fdef8fbf1df2fe9692198a,"3rd959 - Bell 39 Properties, LLC",evidenceOfInsurance,Evidence of Insurance,workersCompensation,Workers' Compensation and Employer's Liability,evidenceOfInsuranceWorkersCompensationStatutoryLimits,Statutory Limits,,matchOnce,must be present,,,non_compliant,Block Requirements,,,false,0,,2026-08-16
"Block Real Estate Services, LLC",6a18435511a51e6a99eddf2c,6a1842e4b517ae25a873e28c,"Kari's On 39th, LLC",69fdef8fbf1df2fe9692198a,"3rd959 - Bell 39 Properties, LLC",evidenceOfInsurance,Evidence of Insurance,workersCompensation,Workers' Compensation and Employer's Liability,evidenceOfInsuranceWorkersCompensationEmployersLiabilityEachAccident,Employer's Liability Each Accident,,matchOnce,must be greater or equal to,500000,,non_compliant,Block Requirements,,,false,0,,2026-08-16
"Block Real Estate Services, LLC",6a18435511a51e6a99eddf2c,6a1842e4b517ae25a873e28c,"Kari's On 39th, LLC",69fdef8fbf1df2fe9692198a,"3rd959 - Bell 39 Properties, LLC",evidenceOfInsurance,Evidence of Insurance,workersCompensation,Workers' Compensation and Employer's Liability,evidenceOfInsuranceWorkersCompensationEmployersLiabilityDiseaseEachEmployee,Employer's Liability Disease - each employee,,matchOnce,must be greater or equal to,500000,,non_compliant,Block Requirements,,,false,0,,2026-08-16
"Block Real Estate Services, LLC",6a18435511a51e6a99eddf2c,6a1842e4b517ae25a873e28c,"Kari's On 39th, LLC",69fdef8fbf1df2fe9692198a,"3rd959 - Bell 39 Properties, LLC",evidenceOfInsurance,Evidence of Insurance,workersCompensation,Workers' Compensation and Employer's Liability,evidenceOfInsuranceWorkersCompensationEmployersLiabilityDiseasePolicyLimit,Employer's Liability Disease - policy limit,,matchOnce,must be greater or equal to,500000,,non_compliant,Block Requirements,,,false,0,,2026-08-16
"Block Real Estate Services, LLC",6a18435511a51e6a99eddf2c,6a1842e4b517ae25a873e28c,"Kari's On 39th, LLC",69fdef8fbf1df2fe9692198a,"3rd959 - Bell 39 Properties, LLC",evidenceOfInsurance,Evidence of Insurance,workersCompensation,Workers' Compensation and Employer's Liability,evidenceOfInsuranceWorkersCompensationWaiverOfSubrogationEndorsement,Waiver of Subrogation,"---prompt---
Determine if the insurer has waived their right of subrogation in favor of the certificate holder under the Workers' Compensation policy. Evidence may include: a checked ""Waiver of Subrogation"" box on the certificate, mention in the Description of Operations section stating ""waiver of subrogation applies"", or reference to form WC 00 03 13. Look for language like ""subrogation is waived"" or ""per written contract"".",matchOnce,must be present,,,non_compliant,Block Requirements,,,false,0,,2026-08-16
"Block Real Estate Services, LLC",6a18435511a51e6a99eddf2c,6a1842e4b517ae25a873e28c,"Kari's On 39th, LLC",69fdef8fbf1df2fe9692198a,"3rd959 - Bell 39 Properties, LLC",evidenceOfInsurance,Evidence of Insurance,6ac20aae-5728-5d57-b364-aeba38527dba,Additional Requirements,4da5b0f1-4c9d-5885-8cf8-5d3cccaed3e0,"Block Real Estate Services, LLC and all others required by contract are named as Additional Insureds","---prompt---
Determine if the Description of Operations or the Additional Remarks Schedule section states the ""Additional Insured as Construction Management, Inc. and all others required by contract"" or reference to blanket additional insured coverage. Look for language like ""certificate holder is additional insured"" or ""per written contract"".",matchOnce,must be present,,,non_compliant,Block Requirements,,,true,0,,2026-08-16
"Block Real Estate Services, LLC",6a18435511a51e6a99eddf2c,6a1842e4b517ae25a873e28c,"Kari's On 39th, LLC",69fdef8fbf1df2fe9692198a,"3rd959 - Bell 39 Properties, LLC",evidenceOfInsurance,Evidence of Insurance,6ac20aae-5728-5d57-b364-aeba38527dba,Additional Requirements,e1017741-e47e-5f58-97b8-fbc3043e919f,Umbrella follows form over General Liability,"---prompt---
Determine if the Umbrella/Excess Liability policy follows form to the underlying policies. Evidence may include: language in the Description of Operations section stating the umbrella follows form to underlying coverages or an additional page endorsement stating that it follows form. Follow form means the umbrella policy adopts the same terms, conditions, and exclusions as the underlying policies.",matchOnce,must be present,,,non_compliant,Block Requirements,,,true,0,,2026-08-16
"Block Real Estate Services, LLC",6a18435511a51e6a99eddf2c,6a1842e4b517ae25a873e28c,"Kari's On 39th, LLC",69fdef8fbf1df2fe9692198a,"3rd959 - Bell 39 Properties, LLC",evidenceOfInsurance,Evidence of Insurance,6ac20aae-5728-5d57-b364-aeba38527dba,Additional Requirements,2cdd866f-c9a4-576a-afd8-1d045762790c,"The location must be listed as: 1715 W 39th Street, Kansas City, MO, 66111",,matchOnce,must be present,,,non_compliant,Block Requirements,,,true,0,,2026-08-16
"Block Real Estate Services, LLC",6a18435511a51e6a99eddf2c,6a1842e4b517ae25a873e28c,"Kari's On 39th, LLC",69fdef8fbf1df2fe9692198a,"3rd959 - Bell 39 Properties, LLC",evidenceOfInsurance,Evidence of Insurance,6ac20aae-5728-5d57-b364-aeba38527dba,Additional Requirements,3649e9d1-4e09-59bf-8f30-cb33c40cf117,"Certificate Holder must read: c/o Block Real Estate Services, LLC, 4622 Pennsylvania St., Suite 700, Kansas City, MO, 64112",,matchOnce,must be present,,,non_compliant,Block Requirements,,,true,0,,2026-08-16
"Block Real Estate Services, LLC",6a18435e6b1e29a28e4bed9c,6a1842efb517ae25a873e629,Lisa Coryell,69fdef8fbf1df2fe9692198a,"3rd959 - Bell 39 Properties, LLC",evidenceOfInsurance,Evidence of Insurance,commercialGeneralLiability,Commercial General Liability,evidenceOfInsuranceCommercialGeneralLiabilityCoverageTriggerOccurrence,Coverage Trigger: Occurrence,,matchOnce,must be present,,,non_compliant,Block Requirements,,,false,0,,2026-08-16
"Block Real Estate Services, LLC",6a18435e6b1e29a28e4bed9c,6a1842efb517ae25a873e629,Lisa Coryell,69fdef8fbf1df2fe9692198a,"3rd959 - Bell 39 Properties, LLC",evidenceOfInsurance,Evidence of Insurance,commercialGeneralLiability,Commercial General Liability,evidenceOfInsuranceCommercialGeneralLiabilityGeneralAggregateLimitAppliesPerLocation,General Aggregate Limit Applies per: Location,,matchOnce,must be present,,,non_compliant,Block Requirements,,,false,0,,2026-08-16
"Block Real Estate Services, LLC",6a18435e6b1e29a28e4bed9c,6a1842efb517ae25a873e629,Lisa Coryell,69fdef8fbf1df2fe9692198a,"3rd959 - Bell 39 Properties, LLC",evidenceOfInsurance,Evidence of Insurance,commercialGeneralLiability,Commercial General Liability,evidenceOfInsuranceCommercialGeneralLiabilityEachOccurrence,Each Occurrence,,matchOnce,must be greater or equal to,1000000,,non_compliant,Block Requirements,,,false,0,,2026-08-16
"Block Real Estate Services, LLC",6a18435e6b1e29a28e4bed9c,6a1842efb517ae25a873e629,Lisa Coryell,69fdef8fbf1df2fe9692198a,"3rd959 - Bell 39 Properties, LLC",evidenceOfInsurance,Evidence of Insurance,commercialGeneralLiability,Commercial General Liability,evidenceOfInsuranceCommercialGeneralLiabilityGeneralAggregate,General Aggregate,,matchOnce,must be greater or equal to,2000000,,non_compliant,Block Requirements,,,false,0,,2026-08-16
"Block Real Estate Services, LLC",6a18435e6b1e29a28e4bed9c,6a1842efb517ae25a873e629,Lisa Coryell,69fdef8fbf1df2fe9692198a,"3rd959 - Bell 39 Properties, LLC",evidenceOfInsurance,Evidence of Insurance,commercialGeneralLiability,Commercial General Liability,evidenceOfInsuranceCommercialGeneralLiabilityWaiverOfSubrogationEndorsement,Waiver of Subrogation,"---prompt---
Determine if the insurer has waived their right of subrogation in favor of the certificate holder under the Commercial General Liability policy. Evidence may include: a checked ""Waiver of Subrogation"" box on the certificate, mention in the Description of Operations section stating ""waiver of subrogation applies"", or reference to form CG 24 04. Look for language like ""subrogation is waived"" or ""per written contract"".",matchOnce,must be present,,,non_compliant,Block Requirements,,,false,0,,2026-08-16
"Block Real Estate Services, LLC",6a18435e6b1e29a28e4bed9c,6a1842efb517ae25a873e629,Lisa Coryell,69fdef8fbf1df2fe9692198a,"3rd959 - Bell 39 Properties, LLC",evidenceOfInsurance,Evidence of Insurance,excessOrUmbrellaLiability,Umbrella/Excess Liability,evidenceOfInsuranceExcessOrUmbrellaLiabilityOccurence,Coverage Trigger: Occurrence,,matchOnce,must be present,,,non_compliant,Block Requirements,,,false,0,,2026-08-16
"Block Real Estate Services, LLC",6a18435e6b1e29a28e4bed9c,6a1842efb517ae25a873e629,Lisa Coryell,69fdef8fbf1df2fe9692198a,"3rd959 - Bell 39 Properties, LLC",evidenceOfInsurance,Evidence of Insurance,excessOrUmbrellaLiability,Umbrella/Excess Liability,evidenceOfInsuranceExcessOrUmbrellaLiabilityEachOccurrence,Each Occurrence,,matchOnce,must be greater or equal to,1000000,,non_compliant,Block Requirements,,,false,0,,2026-08-16
"Block Real Estate Services, LLC",6a18435e6b1e29a28e4bed9c,6a1842efb517ae25a873e629,Lisa Coryell,69fdef8fbf1df2fe9692198a,"3rd959 - Bell 39 Properties, LLC",evidenceOfInsurance,Evidence of Insurance,excessOrUmbrellaLiability,Umbrella/Excess Liability,evidenceOfInsuranceExcessOrUmbrellaLiabilityAggregate,Aggregate,,matchOnce,must be greater or equal to,1000000,,non_compliant,Block Requirements,,,false,0,,2026-08-16
"Block Real Estate Services, LLC",6a18435e6b1e29a28e4bed9c,6a1842efb517ae25a873e629,Lisa Coryell,69fdef8fbf1df2fe9692198a,"3rd959 - Bell 39 Properties, LLC",evidenceOfInsurance,Evidence of Insurance,workersCompensation,Workers' Compensation and Employer's Liability,evidenceOfInsuranceWorkersCompensationStatutoryLimits,Statutory Limits,,matchOnce,must be present,,,non_compliant,Block Requirements,,,false,0,,2026-08-16
"Block Real Estate Services, LLC",6a18435e6b1e29a28e4bed9c,6a1842efb517ae25a873e629,Lisa Coryell,69fdef8fbf1df2fe9692198a,"3rd959 - Bell 39 Properties, LLC",evidenceOfInsurance,Evidence of Insurance,workersCompensation,Workers' Compensation and Employer's Liability,evidenceOfInsuranceWorkersCompensationEmployersLiabilityEachAccident,Employer's Liability Each Accident,,matchOnce,must be greater or equal to,500000,,non_compliant,Block Requirements,,,false,0,,2026-08-16
"Block Real Estate Services, LLC",6a18435e6b1e29a28e4bed9c,6a1842efb517ae25a873e629,Lisa Coryell,69fdef8fbf1df2fe9692198a,"3rd959 - Bell 39 Properties, LLC",evidenceOfInsurance,Evidence of Insurance,workersCompensation,Workers' Compensation and Employer's Liability,evidenceOfInsuranceWorkersCompensationEmployersLiabilityDiseaseEachEmployee,Employer's Liability Disease - each employee,,matchOnce,must be greater or equal to,500000,,non_compliant,Block Requirements,,,false,0,,2026-08-16
"Block Real Estate Services, LLC",6a18435e6b1e29a28e4bed9c,6a1842efb517ae25a873e629,Lisa Coryell,69fdef8fbf1df2fe9692198a,"3rd959 - Bell 39 Properties, LLC",evidenceOfInsurance,Evidence of Insurance,workersCompensation,Workers' Compensation and Employer's Liability,evidenceOfInsuranceWorkersCompensationEmployersLiabilityDiseasePolicyLimit,Employer's Liability Disease - policy limit,,matchOnce,must be greater or equal to,500000,,non_compliant,Block Requirements,,,false,0,,2026-08-16
"Block Real Estate Services, LLC",6a18435e6b1e29a28e4bed9c,6a1842efb517ae25a873e629,Lisa Coryell,69fdef8fbf1df2fe9692198a,"3rd959 - Bell 39 Properties, LLC",evidenceOfInsurance,Evidence of Insurance,workersCompensation,Workers' Compensation and Employer's Liability,evidenceOfInsuranceWorkersCompensationWaiverOfSubrogationEndorsement,Waiver of Subrogation,"---prompt---
Determine if the insurer has waived their right of subrogation in favor of the certificate holder under the Workers' Compensation policy. Evidence may include: a checked ""Waiver of Subrogation"" box on the certificate, mention in the Description of Operations section stating ""waiver of subrogation applies"", or reference to form WC 00 03 13. Look for language like ""subrogation is waived"" or ""per written contract"".",matchOnce,must be present,,,non_compliant,Block Requirements,,,false,0,,2026-08-16
"Block Real Estate Services, LLC",6a18435e6b1e29a28e4bed9c,6a1842efb517ae25a873e629,Lisa Coryell,69fdef8fbf1df2fe9692198a,"3rd959 - Bell 39 Properties, LLC",evidenceOfInsurance,Evidence of Insurance,6ac20aae-5728-5d57-b364-aeba38527dba,Additional Requirements,4da5b0f1-4c9d-5885-8cf8-5d3cccaed3e0,"Block Real Estate Services, LLC and all others required by contract are named as Additional Insureds","---prompt---
Determine if the Description of Operations or the Additional Remarks Schedule section states the ""Additional Insured as Construction Management, Inc. and all others required by contract"" or reference to blanket additional insured coverage. Look for language like ""certificate holder is additional insured"" or ""per written contract"".",matchOnce,must be present,,,non_compliant,Block Requirements,,,true,0,,2026-08-16
"Block Real Estate Services, LLC",6a18435e6b1e29a28e4bed9c,6a1842efb517ae25a873e629,Lisa Coryell,69fdef8fbf1df2fe9692198a,"3rd959 - Bell 39 Properties, LLC",evidenceOfInsurance,Evidence of Insurance,6ac20aae-5728-5d57-b364-aeba38527dba,Additional Requirements,e1017741-e47e-5f58-97b8-fbc3043e919f,Umbrella follows form over General Liability,"---prompt---
Determine if the Umbrella/Excess Liability policy follows form to the underlying policies. Evidence may include: language in the Description of Operations section stating the umbrella follows form to underlying coverages or an additional page endorsement stating that it follows form. Follow form means the umbrella policy adopts the same terms, conditions, and exclusions as the underlying policies.",matchOnce,must be present,,,non_compliant,Block Requirements,,,true,0,,2026-08-16
"Block Real Estate Services, LLC",6a18435e6b1e29a28e4bed9c,6a1842efb517ae25a873e629,Lisa Coryell,69fdef8fbf1df2fe9692198a,"3rd959 - Bell 39 Properties, LLC",evidenceOfInsurance,Evidence of Insurance,6ac20aae-5728-5d57-b364-aeba38527dba,Additional Requirements,2cdd866f-c9a4-576a-afd8-1d045762790c,"The location must be listed as: 1715 1/2 W 39th Street, Suite 205, Kansas City, MO, 66111",,matchOnce,must be present,,,non_compliant,Block Requirements,,,true,0,,2026-08-16
"Block Real Estate Services, LLC",6a18435e6b1e29a28e4bed9c,6a1842efb517ae25a873e629,Lisa Coryell,69fdef8fbf1df2fe9692198a,"3rd959 - Bell 39 Properties, LLC",evidenceOfInsurance,Evidence of Insurance,6ac20aae-5728-5d57-b364-aeba38527dba,Additional Requirements,3649e9d1-4e09-59bf-8f30-cb33c40cf117,"Certificate Holder must read: c/o Block Real Estate Services, LLC, 4622 Pennsylvania St., Suite 700, Kansas City, MO, 64112",,matchOnce,must be present,,,non_compliant,Block Requirements,,,true,0,,2026-08-16
"Block Real Estate Services, LLC",6a1843676b1e29a28e4bedd0,6a1842f8e701796d85d37b7e,Myla Ruffin,69fdef8fbf1df2fe9692198a,"3rd959 - Bell 39 Properties, LLC",evidenceOfInsurance,Evidence of Insurance,commercialGeneralLiability,Commercial General Liability,evidenceOfInsuranceCommercialGeneralLiabilityCoverageTriggerOccurrence,Coverage Trigger: Occurrence,,matchOnce,must be present,,,non_compliant,Block Requirements,,,false,0,,2026-08-16
"Block Real Estate Services, LLC",6a1843676b1e29a28e4bedd0,6a1842f8e701796d85d37b7e,Myla Ruffin,69fdef8fbf1df2fe9692198a,"3rd959 - Bell 39 Properties, LLC",evidenceOfInsurance,Evidence of Insurance,commercialGeneralLiability,Commercial General Liability,evidenceOfInsuranceCommercialGeneralLiabilityGeneralAggregateLimitAppliesPerLocation,General Aggregate Limit Applies per: Location,,matchOnce,must be present,,,non_compliant,Block Requirements,,,false,0,,2026-08-16
"Block Real Estate Services, LLC",6a1843676b1e29a28e4bedd0,6a1842f8e701796d85d37b7e,Myla Ruffin,69fdef8fbf1df2fe9692198a,"3rd959 - Bell 39 Properties, LLC",evidenceOfInsurance,Evidence of Insurance,commercialGeneralLiability,Commercial General Liability,evidenceOfInsuranceCommercialGeneralLiabilityEachOccurrence,Each Occurrence,,matchOnce,must be greater or equal to,1000000,,non_compliant,Block Requirements,,,false,0,,2026-08-16
"Block Real Estate Services, LLC",6a1843676b1e29a28e4bedd0,6a1842f8e701796d85d37b7e,Myla Ruffin,69fdef8fbf1df2fe9692198a,"3rd959 - Bell 39 Properties, LLC",evidenceOfInsurance,Evidence of Insurance,commercialGeneralLiability,Commercial General Liability,evidenceOfInsuranceCommercialGeneralLiabilityGeneralAggregate,General Aggregate,,matchOnce,must be greater or equal to,2000000,,non_compliant,Block Requirements,,,false,0,,2026-08-16
"Block Real Estate Services, LLC",6a1843676b1e29a28e4bedd0,6a1842f8e701796d85d37b7e,Myla Ruffin,69fdef8fbf1df2fe9692198a,"3rd959 - Bell 39 Properties, LLC",evidenceOfInsurance,Evidence of Insurance,commercialGeneralLiability,Commercial General Liability,evidenceOfInsuranceCommercialGeneralLiabilityWaiverOfSubrogationEndorsement,Waiver of Subrogation,"---prompt---
Determine if the insurer has waived their right of subrogation in favor of the certificate holder under the Commercial General Liability policy. Evidence may include: a checked ""Waiver of Subrogation"" box on the certificate, mention in the Description of Operations section stating ""waiver of subrogation applies"", or reference to form CG 24 04. Look for language like ""subrogation is waived"" or ""per written contract"".",matchOnce,must be present,,,non_compliant,Block Requirements,,,false,0,,2026-08-16
"Block Real Estate Services, LLC",6a1843676b1e29a28e4bedd0,6a1842f8e701796d85d37b7e,Myla Ruffin,69fdef8fbf1df2fe9692198a,"3rd959 - Bell 39 Properties, LLC",evidenceOfInsurance,Evidence of Insurance,excessOrUmbrellaLiability,Umbrella/Excess Liability,evidenceOfInsuranceExcessOrUmbrellaLiabilityOccurence,Coverage Trigger: Occurrence,,matchOnce,must be present,,,non_compliant,Block Requirements,,,false,0,,2026-08-16
"Block Real Estate Services, LLC",6a1843676b1e29a28e4bedd0,6a1842f8e701796d85d37b7e,Myla Ruffin,69fdef8fbf1df2fe9692198a,"3rd959 - Bell 39 Properties, LLC",evidenceOfInsurance,Evidence of Insurance,excessOrUmbrellaLiability,Umbrella/Excess Liability,evidenceOfInsuranceExcessOrUmbrellaLiabilityEachOccurrence,Each Occurrence,,matchOnce,must be greater or equal to,1000000,,non_compliant,Block Requirements,,,false,0,,2026-08-16
"Block Real Estate Services, LLC",6a1843676b1e29a28e4bedd0,6a1842f8e701796d85d37b7e,Myla Ruffin,69fdef8fbf1df2fe9692198a,"3rd959 - Bell 39 Properties, LLC",evidenceOfInsurance,Evidence of Insurance,excessOrUmbrellaLiability,Umbrella/Excess Liability,evidenceOfInsuranceExcessOrUmbrellaLiabilityAggregate,Aggregate,,matchOnce,must be greater or equal to,1000000,,non_compliant,Block Requirements,,,false,0,,2026-08-16
"Block Real Estate Services, LLC",6a1843676b1e29a28e4bedd0,6a1842f8e701796d85d37b7e,Myla Ruffin,69fdef8fbf1df2fe9692198a,"3rd959 - Bell 39 Properties, LLC",evidenceOfInsurance,Evidence of Insurance,workersCompensation,Workers' Compensation and Employer's Liability,evidenceOfInsuranceWorkersCompensationStatutoryLimits,Statutory Limits,,matchOnce,must be present,,,non_compliant,Block Requirements,,,false,0,,2026-08-16
"Block Real Estate Services, LLC",6a1843676b1e29a28e4bedd0,6a1842f8e701796d85d37b7e,Myla Ruffin,69fdef8fbf1df2fe9692198a,"3rd959 - Bell 39 Properties, LLC",evidenceOfInsurance,Evidence of Insurance,workersCompensation,Workers' Compensation and Employer's Liability,evidenceOfInsuranceWorkersCompensationEmployersLiabilityEachAccident,Employer's Liability Each Accident,,matchOnce,must be greater or equal to,500000,,non_compliant,Block Requirements,,,false,0,,2026-08-16
"Block Real Estate Services, LLC",6a1843676b1e29a28e4bedd0,6a1842f8e701796d85d37b7e,Myla Ruffin,69fdef8fbf1df2fe9692198a,"3rd959 - Bell 39 Properties, LLC",evidenceOfInsurance,Evidence of Insurance,workersCompensation,Workers' Compensation and Employer's Liability,evidenceOfInsuranceWorkersCompensationEmployersLiabilityDiseaseEachEmployee,Employer's Liability Disease - each employee,,matchOnce,must be greater or equal to,500000,,non_compliant,Block Requirements,,,false,0,,2026-08-16
"Block Real Estate Services, LLC",6a1843676b1e29a28e4bedd0,6a1842f8e701796d85d37b7e,Myla Ruffin,69fdef8fbf1df2fe9692198a,"3rd959 - Bell 39 Properties, LLC",evidenceOfInsurance,Evidence of Insurance,workersCompensation,Workers' Compensation and Employer's Liability,evidenceOfInsuranceWorkersCompensationEmployersLiabilityDiseasePolicyLimit,Employer's Liability Disease - policy limit,,matchOnce,must be greater or equal to,500000,,non_compliant,Block Requirements,,,false,0,,2026-08-16
"Block Real Estate Services, LLC",6a1843676b1e29a28e4bedd0,6a1842f8e701796d85d37b7e,Myla Ruffin,69fdef8fbf1df2fe9692198a,"3rd959 - Bell 39 Properties, LLC",evidenceOfInsurance,Evidence of Insurance,workersCompensation,Workers' Compensation and Employer's Liability,evidenceOfInsuranceWorkersCompensationWaiverOfSubrogationEndorsement,Waiver of Subrogation,"---prompt---
Determine if the insurer has waived their right of subrogation in favor of the certificate holder under the Workers' Compensation policy. Evidence may include: a checked ""Waiver of Subrogation"" box on the certificate, mention in the Description of Operations section stating ""waiver of subrogation applies"", or reference to form WC 00 03 13. Look for language like ""subrogation is waived"" or ""per written contract"".",matchOnce,must be present,,,non_compliant,Block Requirements,,,false,0,,2026-08-16
"Block Real Estate Services, LLC",6a1843676b1e29a28e4bedd0,6a1842f8e701796d85d37b7e,Myla Ruffin,69fdef8fbf1df2fe9692198a,"3rd959 - Bell 39 Properties, LLC",evidenceOfInsurance,Evidence of Insurance,6ac20aae-5728-5d57-b364-aeba38527dba,Additional Requirements,4da5b0f1-4c9d-5885-8cf8-5d3cccaed3e0,"Block Real Estate Services, LLC and all others required by contract are named as Additional Insureds","---prompt---
Determine if the Description of Operations or the Additional Remarks Schedule section states the ""Additional Insured as Construction Management, Inc. and all others required by contract"" or reference to blanket additional insured coverage. Look for language like ""certificate holder is additional insured"" or ""per written contract"".",matchOnce,must be present,,,non_compliant,Block Requirements,,,true,0,,2026-08-16
"Block Real Estate Services, LLC",6a1843676b1e29a28e4bedd0,6a1842f8e701796d85d37b7e,Myla Ruffin,69fdef8fbf1df2fe9692198a,"3rd959 - Bell 39 Properties, LLC",evidenceOfInsurance,Evidence of Insurance,6ac20aae-5728-5d57-b364-aeba38527dba,Additional Requirements,e1017741-e47e-5f58-97b8-fbc3043e919f,Umbrella follows form over General Liability,"---prompt---
Determine if the Umbrella/Excess Liability policy follows form to the underlying policies. Evidence may include: language in the Description of Operations section stating the umbrella follows form to underlying coverages or an additional page endorsement stating that it follows form. Follow form means the umbrella policy adopts the same terms, conditions, and exclusions as the underlying policies.",matchOnce,must be present,,,non_compliant,Block Requirements,,,true,0,,2026-08-16
"Block Real Estate Services, LLC",6a1843676b1e29a28e4bedd0,6a1842f8e701796d85d37b7e,Myla Ruffin,69fdef8fbf1df2fe9692198a,"3rd959 - Bell 39 Properties, LLC",evidenceOfInsurance,Evidence of Insurance,6ac20aae-5728-5d57-b364-aeba38527dba,Additional Requirements,2cdd866f-c9a4-576a-afd8-1d045762790c,"The location must be listed as: 1715 1/2 W 39th Street, Suite 208, Kansas City, MO, 66111",,matchOnce,must be present,,,non_compliant,Block Requirements,,,true,0,,2026-08-16
"Block Real Estate Services, LLC",6a1843676b1e29a28e4bedd0,6a1842f8e701796d85d37b7e,Myla Ruffin,69fdef8fbf1df2fe9692198a,"3rd959 - Bell 39 Properties, LLC",evidenceOfInsurance,Evidence of Insurance,6ac20aae-5728-5d57-b364-aeba38527dba,Additional Requirements,3649e9d1-4e09-59bf-8f30-cb33c40cf117,"Certificate Holder must read: c/o Block Real Estate Services, LLC, 4622 Pennsylvania St., Suite 700, Kansas City, MO, 64112",,matchOnce,must be present,,,non_compliant,Block Requirements,,,true,0,,2026-08-16
"Block Real Estate Services, LLC",6a18436ecdbb489359c3f5fd,6a184302bda7a44c6000696a,Anthony Falcon,69fdef8fbf1df2fe9692198a,"3rd959 - Bell 39 Properties, LLC",evidenceOfInsurance,Evidence of Insurance,commercialGeneralLiability,Commercial General Liability,evidenceOfInsuranceCommercialGeneralLiabilityCoverageTriggerOccurrence,Coverage Trigger: Occurrence,,matchOnce,must be present,,,non_compliant,Block Requirements,,,false,0,,2026-08-16
"Block Real Estate Services, LLC",6a18436ecdbb489359c3f5fd,6a184302bda7a44c6000696a,Anthony Falcon,69fdef8fbf1df2fe9692198a,"3rd959 - Bell 39 Properties, LLC",evidenceOfInsurance,Evidence of Insurance,commercialGeneralLiability,Commercial General Liability,evidenceOfInsuranceCommercialGeneralLiabilityGeneralAggregateLimitAppliesPerLocation,General Aggregate Limit Applies per: Location,,matchOnce,must be present,,,non_compliant,Block Requirements,,,false,0,,2026-08-16
"Block Real Estate Services, LLC",6a18436ecdbb489359c3f5fd,6a184302bda7a44c6000696a,Anthony Falcon,69fdef8fbf1df2fe9692198a,"3rd959 - Bell 39 Properties, LLC",evidenceOfInsurance,Evidence of Insurance,commercialGeneralLiability,Commercial General Liability,evidenceOfInsuranceCommercialGeneralLiabilityEachOccurrence,Each Occurrence,,matchOnce,must be greater or equal to,1000000,,non_compliant,Block Requirements,,,false,0,,2026-08-16
"Block Real Estate Services, LLC",6a18436ecdbb489359c3f5fd,6a184302bda7a44c6000696a,Anthony Falcon,69fdef8fbf1df2fe9692198a,"3rd959 - Bell 39 Properties, LLC",evidenceOfInsurance,Evidence of Insurance,commercialGeneralLiability,Commercial General Liability,evidenceOfInsuranceCommercialGeneralLiabilityGeneralAggregate,General Aggregate,,matchOnce,must be greater or equal to,2000000,,non_compliant,Block Requirements,,,false,0,,2026-08-16
"Block Real Estate Services, LLC",6a18436ecdbb489359c3f5fd,6a184302bda7a44c6000696a,Anthony Falcon,69fdef8fbf1df2fe9692198a,"3rd959 - Bell 39 Properties, LLC",evidenceOfInsurance,Evidence of Insurance,commercialGeneralLiability,Commercial General Liability,evidenceOfInsuranceCommercialGeneralLiabilityWaiverOfSubrogationEndorsement,Waiver of Subrogation,"---prompt---
Determine if the insurer has waived their right of subrogation in favor of the certificate holder under the Commercial General Liability policy. Evidence may include: a checked ""Waiver of Subrogation"" box on the certificate, mention in the Description of Operations section stating ""waiver of subrogation applies"", or reference to form CG 24 04. Look for language like ""subrogation is waived"" or ""per written contract"".",matchOnce,must be present,,,non_compliant,Block Requirements,,,false,0,,2026-08-16
"Block Real Estate Services, LLC",6a18436ecdbb489359c3f5fd,6a184302bda7a44c6000696a,Anthony Falcon,69fdef8fbf1df2fe9692198a,"3rd959 - Bell 39 Properties, LLC",evidenceOfInsurance,Evidence of Insurance,excessOrUmbrellaLiability,Umbrella/Excess Liability,evidenceOfInsuranceExcessOrUmbrellaLiabilityOccurence,Coverage Trigger: Occurrence,,matchOnce,must be present,,,non_compliant,Block Requirements,,,false,0,,2026-08-16
"Block Real Estate Services, LLC",6a18436ecdbb489359c3f5fd,6a184302bda7a44c6000696a,Anthony Falcon,69fdef8fbf1df2fe9692198a,"3rd959 - Bell 39 Properties, LLC",evidenceOfInsurance,Evidence of Insurance,excessOrUmbrellaLiability,Umbrella/Excess Liability,evidenceOfInsuranceExcessOrUmbrellaLiabilityEachOccurrence,Each Occurrence,,matchOnce,must be greater or equal to,1000000,,non_compliant,Block Requirements,,,false,0,,2026-08-16
"Block Real Estate Services, LLC",6a18436ecdbb489359c3f5fd,6a184302bda7a44c6000696a,Anthony Falcon,69fdef8fbf1df2fe9692198a,"3rd959 - Bell 39 Properties, LLC",evidenceOfInsurance,Evidence of Insurance,excessOrUmbrellaLiability,Umbrella/Excess Liability,evidenceOfInsuranceExcessOrUmbrellaLiabilityAggregate,Aggregate,,matchOnce,must be greater or equal to,1000000,,non_compliant,Block Requirements,,,false,0,,2026-08-16
"Block Real Estate Services, LLC",6a18436ecdbb489359c3f5fd,6a184302bda7a44c6000696a,Anthony Falcon,69fdef8fbf1df2fe9692198a,"3rd959 - Bell 39 Properties, LLC",evidenceOfInsurance,Evidence of Insurance,workersCompensation,Workers' Compensation and Employer's Liability,evidenceOfInsuranceWorkersCompensationStatutoryLimits,Statutory Limits,,matchOnce,must be present,,,non_compliant,Block Requirements,,,false,0,,2026-08-16
"Block Real Estate Services, LLC",6a18436ecdbb489359c3f5fd,6a184302bda7a44c6000696a,Anthony Falcon,69fdef8fbf1df2fe9692198a,"3rd959 - Bell 39 Properties, LLC",evidenceOfInsurance,Evidence of Insurance,workersCompensation,Workers' Compensation and Employer's Liability,evidenceOfInsuranceWorkersCompensationEmployersLiabilityEachAccident,Employer's Liability Each Accident,,matchOnce,must be greater or equal to,500000,,non_compliant,Block Requirements,,,false,0,,2026-08-16
"Block Real Estate Services, LLC",6a18436ecdbb489359c3f5fd,6a184302bda7a44c6000696a,Anthony Falcon,69fdef8fbf1df2fe9692198a,"3rd959 - Bell 39 Properties, LLC",evidenceOfInsurance,Evidence of Insurance,workersCompensation,Workers' Compensation and Employer's Liability,evidenceOfInsuranceWorkersCompensationEmployersLiabilityDiseaseEachEmployee,Employer's Liability Disease - each employee,,matchOnce,must be greater or equal to,500000,,non_compliant,Block Requirements,,,false,0,,2026-08-16
"Block Real Estate Services, LLC",6a18436ecdbb489359c3f5fd,6a184302bda7a44c6000696a,Anthony Falcon,69fdef8fbf1df2fe9692198a,"3rd959 - Bell 39 Properties, LLC",evidenceOfInsurance,Evidence of Insurance,workersCompensation,Workers' Compensation and Employer's Liability,evidenceOfInsuranceWorkersCompensationEmployersLiabilityDiseasePolicyLimit,Employer's Liability Disease - policy limit,,matchOnce,must be greater or equal to,500000,,non_compliant,Block Requirements,,,false,0,,2026-08-16
"Block Real Estate Services, LLC",6a18436ecdbb489359c3f5fd,6a184302bda7a44c6000696a,Anthony Falcon,69fdef8fbf1df2fe9692198a,"3rd959 - Bell 39 Properties, LLC",evidenceOfInsurance,Evidence of Insurance,workersCompensation,Workers' Compensation and Employer's Liability,evidenceOfInsuranceWorkersCompensationWaiverOfSubrogationEndorsement,Waiver of Subrogation,"---prompt---
Determine if the insurer has waived their right of subrogation in favor of the certificate holder under the Workers' Compensation policy. Evidence may include: a checked ""Waiver of Subrogation"" box on the certificate, mention in the Description of Operations section stating ""waiver of subrogation applies"", or reference to form WC 00 03 13. Look for language like ""subrogation is waived"" or ""per written contract"".",matchOnce,must be present,,,non_compliant,Block Requirements,,,false,0,,2026-08-16
"Block Real Estate Services, LLC",6a18436ecdbb489359c3f5fd,6a184302bda7a44c6000696a,Anthony Falcon,69fdef8fbf1df2fe9692198a,"3rd959 - Bell 39 Properties, LLC",evidenceOfInsurance,Evidence of Insurance,6ac20aae-5728-5d57-b364-aeba38527dba,Additional Requirements,4da5b0f1-4c9d-5885-8cf8-5d3cccaed3e0,"Block Real Estate Services, LLC and all others required by contract are named as Additional Insureds","---prompt---
Determine if the Description of Operations or the Additional Remarks Schedule section states the ""Additional Insured as Construction Management, Inc. and all others required by contract"" or reference to blanket additional insured coverage. Look for language like ""certificate holder is additional insured"" or ""per written contract"".",matchOnce,must be present,,,non_compliant,Block Requirements,,,true,0,,2026-08-16
"Block Real Estate Services, LLC",6a18436ecdbb489359c3f5fd,6a184302bda7a44c6000696a,Anthony Falcon,69fdef8fbf1df2fe9692198a,"3rd959 - Bell 39 Properties, LLC",evidenceOfInsurance,Evidence of Insurance,6ac20aae-5728-5d57-b364-aeba38527dba,Additional Requirements,e1017741-e47e-5f58-97b8-fbc3043e919f,Umbrella follows form over General Liability,"---prompt---
Determine if the Umbrella/Excess Liability policy follows form to the underlying policies. Evidence may include: language in the Description of Operations section stating the umbrella follows form to underlying coverages or an additional page endorsement stating that it follows form. Follow form means the umbrella policy adopts the same terms, conditions, and exclusions as the underlying policies.",matchOnce,must be present,,,non_compliant,Block Requirements,,,true,0,,2026-08-16
"Block Real Estate Services, LLC",6a18436ecdbb489359c3f5fd,6a184302bda7a44c6000696a,Anthony Falcon,69fdef8fbf1df2fe9692198a,"3rd959 - Bell 39 Properties, LLC",evidenceOfInsurance,Evidence of Insurance,6ac20aae-5728-5d57-b364-aeba38527dba,Additional Requirements,2cdd866f-c9a4-576a-afd8-1d045762790c,"The location must be listed as: 1717 W 39th Street, Suite 203, Kansas City, MO, 66111",,matchOnce,must be present,,,non_compliant,Block Requirements,,,true,0,,2026-08-16
"Block Real Estate Services, LLC",6a18436ecdbb489359c3f5fd,6a184302bda7a44c6000696a,Anthony Falcon,69fdef8fbf1df2fe9692198a,"3rd959 - Bell 39 Properties, LLC",evidenceOfInsurance,Evidence of Insurance,6ac20aae-5728-5d57-b364-aeba38527dba,Additional Requirements,3649e9d1-4e09-59bf-8f30-cb33c40cf117,"Certificate Holder must read: c/o Block Real Estate Services, LLC, 4622 Pennsylvania St., Suite 700, Kansas City, MO, 64112",,matchOnce,must be present,,,non_compliant,Block Requirements,,,true,0,,2026-08-16
"Block Real Estate Services, LLC",6a18437a11a51e6a99ede376,6a18430bf8f612ef09496270,Angel Romero,69fdef8fbf1df2fe9692198a,"3rd959 - Bell 39 Properties, LLC",evidenceOfInsurance,Evidence of Insurance,commercialGeneralLiability,Commercial General Liability,evidenceOfInsuranceCommercialGeneralLiabilityCoverageTriggerOccurrence,Coverage Trigger: Occurrence,,matchOnce,must be present,,,non_compliant,Block Requirements,,,false,0,,2026-08-16
"Block Real Estate Services, LLC",6a18437a11a51e6a99ede376,6a18430bf8f612ef09496270,Angel Romero,69fdef8fbf1df2fe9692198a,"3rd959 - Bell 39 Properties, LLC",evidenceOfInsurance,Evidence of Insurance,commercialGeneralLiability,Commercial General Liability,evidenceOfInsuranceCommercialGeneralLiabilityGeneralAggregateLimitAppliesPerLocation,General Aggregate Limit Applies per: Location,,matchOnce,must be present,,,non_compliant,Block Requirements,,,false,0,,2026-08-16
"Block Real Estate Services, LLC",6a18437a11a51e6a99ede376,6a18430bf8f612ef09496270,Angel Romero,69fdef8fbf1df2fe9692198a,"3rd959 - Bell 39 Properties, LLC",evidenceOfInsurance,Evidence of Insurance,commercialGeneralLiability,Commercial General Liability,evidenceOfInsuranceCommercialGeneralLiabilityEachOccurrence,Each Occurrence,,matchOnce,must be greater or equal to,1000000,,non_compliant,Block Requirements,,,false,0,,2026-08-16
"Block Real Estate Services, LLC",6a18437a11a51e6a99ede376,6a18430bf8f612ef09496270,Angel Romero,69fdef8fbf1df2fe9692198a,"3rd959 - Bell 39 Properties, LLC",evidenceOfInsurance,Evidence of Insurance,commercialGeneralLiability,Commercial General Liability,evidenceOfInsuranceCommercialGeneralLiabilityGeneralAggregate,General Aggregate,,matchOnce,must be greater or equal to,2000000,,non_compliant,Block Requirements,,,false,0,,2026-08-16
"Block Real Estate Services, LLC",6a18437a11a51e6a99ede376,6a18430bf8f612ef09496270,Angel Romero,69fdef8fbf1df2fe9692198a,"3rd959 - Bell 39 Properties, LLC",evidenceOfInsurance,Evidence of Insurance,commercialGeneralLiability,Commercial General Liability,evidenceOfInsuranceCommercialGeneralLiabilityWaiverOfSubrogationEndorsement,Waiver of Subrogation,"---prompt---
Determine if the insurer has waived their right of subrogation in favor of the certificate holder under the Commercial General Liability policy. Evidence may include: a checked ""Waiver of Subrogation"" box on the certificate, mention in the Description of Operations section stating ""waiver of subrogation applies"", or reference to form CG 24 04. Look for language like ""subrogation is waived"" or ""per written contract"".",matchOnce,must be present,,,non_compliant,Block Requirements,,,false,0,,2026-08-16
"Block Real Estate Services, LLC",6a18437a11a51e6a99ede376,6a18430bf8f612ef09496270,Angel Romero,69fdef8fbf1df2fe9692198a,"3rd959 - Bell 39 Properties, LLC",evidenceOfInsurance,Evidence of Insurance,excessOrUmbrellaLiability,Umbrella/Excess Liability,evidenceOfInsuranceExcessOrUmbrellaLiabilityOccurence,Coverage Trigger: Occurrence,,matchOnce,must be present,,,non_compliant,Block Requirements,,,false,0,,2026-08-16
"Block Real Estate Services, LLC",6a18437a11a51e6a99ede376,6a18430bf8f612ef09496270,Angel Romero,69fdef8fbf1df2fe9692198a,"3rd959 - Bell 39 Properties, LLC",evidenceOfInsurance,Evidence of Insurance,excessOrUmbrellaLiability,Umbrella/Excess Liability,evidenceOfInsuranceExcessOrUmbrellaLiabilityEachOccurrence,Each Occurrence,,matchOnce,must be greater or equal to,1000000,,non_compliant,Block Requirements,,,false,0,,2026-08-16
"Block Real Estate Services, LLC",6a18437a11a51e6a99ede376,6a18430bf8f612ef09496270,Angel Romero,69fdef8fbf1df2fe9692198a,"3rd959 - Bell 39 Properties, LLC",evidenceOfInsurance,Evidence of Insurance,excessOrUmbrellaLiability,Umbrella/Excess Liability,evidenceOfInsuranceExcessOrUmbrellaLiabilityAggregate,Aggregate,,matchOnce,must be greater or equal to,1000000,,non_compliant,Block Requirements,,,false,0,,2026-08-16
"Block Real Estate Services, LLC",6a18437a11a51e6a99ede376,6a18430bf8f612ef09496270,Angel Romero,69fdef8fbf1df2fe9692198a,"3rd959 - Bell 39 Properties, LLC",evidenceOfInsurance,Evidence of Insurance,workersCompensation,Workers' Compensation and Employer's Liability,evidenceOfInsuranceWorkersCompensationStatutoryLimits,Statutory Limits,,matchOnce,must be present,,,non_compliant,Block Requirements,,,false,0,,2026-08-16
"Block Real Estate Services, LLC",6a18437a11a51e6a99ede376,6a18430bf8f612ef09496270,Angel Romero,69fdef8fbf1df2fe9692198a,"3rd959 - Bell 39 Properties, LLC",evidenceOfInsurance,Evidence of Insurance,workersCompensation,Workers' Compensation and Employer's Liability,evidenceOfInsuranceWorkersCompensationEmployersLiabilityEachAccident,Employer's Liability Each Accident,,matchOnce,must be greater or equal to,500000,,non_compliant,Block Requirements,,,false,0,,2026-08-16
"Block Real Estate Services, LLC",6a18437a11a51e6a99ede376,6a18430bf8f612ef09496270,Angel Romero,69fdef8fbf1df2fe9692198a,"3rd959 - Bell 39 Properties, LLC",evidenceOfInsurance,Evidence of Insurance,workersCompensation,Workers' Compensation and Employer's Liability,evidenceOfInsuranceWorkersCompensationEmployersLiabilityDiseaseEachEmployee,Employer's Liability Disease - each employee,,matchOnce,must be greater or equal to,500000,,non_compliant,Block Requirements,,,false,0,,2026-08-16
"Block Real Estate Services, LLC",6a18437a11a51e6a99ede376,6a18430bf8f612ef09496270,Angel Romero,69fdef8fbf1df2fe9692198a,"3rd959 - Bell 39 Properties, LLC",evidenceOfInsurance,Evidence of Insurance,workersCompensation,Workers' Compensation and Employer's Liability,evidenceOfInsuranceWorkersCompensationEmployersLiabilityDiseasePolicyLimit,Employer's Liability Disease - policy limit,,matchOnce,must be greater or equal to,500000,,non_compliant,Block Requirements,,,false,0,,2026-08-16
"Block Real Estate Services, LLC",6a18437a11a51e6a99ede376,6a18430bf8f612ef09496270,Angel Romero,69fdef8fbf1df2fe9692198a,"3rd959 - Bell 39 Properties, LLC",evidenceOfInsurance,Evidence of Insurance,workersCompensation,Workers' Compensation and Employer's Liability,evidenceOfInsuranceWorkersCompensationWaiverOfSubrogationEndorsement,Waiver of Subrogation,"---prompt---
Determine if the insurer has waived their right of subrogation in favor of the certificate holder under the Workers' Compensation policy. Evidence may include: a checked ""Waiver of Subrogation"" box on the certificate, mention in the Description of Operations section stating ""waiver of subrogation applies"", or reference to form WC 00 03 13. Look for language like ""subrogation is waived"" or ""per written contract"".",matchOnce,must be present,,,non_compliant,Block Requirements,,,false,0,,2026-08-16
"Block Real Estate Services, LLC",6a18437a11a51e6a99ede376,6a18430bf8f612ef09496270,Angel Romero,69fdef8fbf1df2fe9692198a,"3rd959 - Bell 39 Properties, LLC",evidenceOfInsurance,Evidence of Insurance,6ac20aae-5728-5d57-b364-aeba38527dba,Additional Requirements,4da5b0f1-4c9d-5885-8cf8-5d3cccaed3e0,"Block Real Estate Services, LLC and all others required by contract are named as Additional Insureds","---prompt---
Determine if the Description of Operations or the Additional Remarks Schedule section states the ""Additional Insured as Construction Management, Inc. and all others required by contract"" or reference to blanket additional insured coverage. Look for language like ""certificate holder is additional insured"" or ""per written contract"".",matchOnce,must be present,,,non_compliant,Block Requirements,,,true,0,,2026-08-16
"Block Real Estate Services, LLC",6a18437a11a51e6a99ede376,6a18430bf8f612ef09496270,Angel Romero,69fdef8fbf1df2fe9692198a,"3rd959 - Bell 39 Properties, LLC",evidenceOfInsurance,Evidence of Insurance,6ac20aae-5728-5d57-b364-aeba38527dba,Additional Requirements,e1017741-e47e-5f58-97b8-fbc3043e919f,Umbrella follows form over General Liability,"---prompt---
Determine if the Umbrella/Excess Liability policy follows form to the underlying policies. Evidence may include: language in the Description of Operations section stating the umbrella follows form to underlying coverages or an additional page endorsement stating that it follows form. Follow form means the umbrella policy adopts the same terms, conditions, and exclusions as the underlying policies.",matchOnce,must be present,,,non_compliant,Block Requirements,,,true,0,,2026-08-16
"Block Real Estate Services, LLC",6a18437a11a51e6a99ede376,6a18430bf8f612ef09496270,Angel Romero,69fdef8fbf1df2fe9692198a,"3rd959 - Bell 39 Properties, LLC",evidenceOfInsurance,Evidence of Insurance,6ac20aae-5728-5d57-b364-aeba38527dba,Additional Requirements,2cdd866f-c9a4-576a-afd8-1d045762790c,"The location must be listed as: 1719 W 39th Street, Suite 201, Kansas City, MO, 66111",,matchOnce,must be present,,,non_compliant,Block Requirements,,,true,0,,2026-08-16
"Block Real Estate Services, LLC",6a18437a11a51e6a99ede376,6a18430bf8f612ef09496270,Angel Romero,69fdef8fbf1df2fe9692198a,"3rd959 - Bell 39 Properties, LLC",evidenceOfInsurance,Evidence of Insurance,6ac20aae-5728-5d57-b364-aeba38527dba,Additional Requirements,3649e9d1-4e09-59bf-8f30-cb33c40cf117,"Certificate Holder must read: c/o Block Real Estate Services, LLC, 4622 Pennsylvania St., Suite 700, Kansas City, MO, 64112",,matchOnce,must be present,,,non_compliant,Block Requirements,,,true,0,,2026-08-16
"Block Real Estate Services, LLC",6a184386dbcac4598a68839e,6a1843168bbe0a0890e878d2,"Seen Productions, LLC",69fdef8fbf1df2fe9692198a,"3rd959 - Bell 39 Properties, LLC",evidenceOfInsurance,Evidence of Insurance,commercialGeneralLiability,Commercial General Liability,evidenceOfInsuranceCommercialGeneralLiabilityCoverageTriggerOccurrence,Coverage Trigger: Occurrence,,matchOnce,must be present,,,non_compliant,Block Requirements,,,false,0,,2026-08-16
"Block Real Estate Services, LLC",6a184386dbcac4598a68839e,6a1843168bbe0a0890e878d2,"Seen Productions, LLC",69fdef8fbf1df2fe9692198a,"3rd959 - Bell 39 Properties, LLC",evidenceOfInsurance,Evidence of Insurance,commercialGeneralLiability,Commercial General Liability,evidenceOfInsuranceCommercialGeneralLiabilityGeneralAggregateLimitAppliesPerLocation,General Aggregate Limit Applies per: Location,,matchOnce,must be present,,,non_compliant,Block Requirements,,,false,0,,2026-08-16
"Block Real Estate Services, LLC",6a184386dbcac4598a68839e,6a1843168bbe0a0890e878d2,"Seen Productions, LLC",69fdef8fbf1df2fe9692198a,"3rd959 - Bell 39 Properties, LLC",evidenceOfInsurance,Evidence of Insurance,commercialGeneralLiability,Commercial General Liability,evidenceOfInsuranceCommercialGeneralLiabilityEachOccurrence,Each Occurrence,,matchOnce,must be greater or equal to,1000000,,non_compliant,Block Requirements,,,false,0,,2026-08-16
"Block Real Estate Services, LLC",6a184386dbcac4598a68839e,6a1843168bbe0a0890e878d2,"Seen Productions, LLC",69fdef8fbf1df2fe9692198a,"3rd959 - Bell 39 Properties, LLC",evidenceOfInsurance,Evidence of Insurance,commercialGeneralLiability,Commercial General Liability,evidenceOfInsuranceCommercialGeneralLiabilityGeneralAggregate,General Aggregate,,matchOnce,must be greater or equal to,2000000,,non_compliant,Block Requirements,,,false,0,,2026-08-16
"Block Real Estate Services, LLC",6a184386dbcac4598a68839e,6a1843168bbe0a0890e878d2,"Seen Productions, LLC",69fdef8fbf1df2fe9692198a,"3rd959 - Bell 39 Properties, LLC",evidenceOfInsurance,Evidence of Insurance,commercialGeneralLiability,Commercial General Liability,evidenceOfInsuranceCommercialGeneralLiabilityWaiverOfSubrogationEndorsement,Waiver of Subrogation,"---prompt---
Determine if the insurer has waived their right of subrogation in favor of the certificate holder under the Commercial General Liability policy. Evidence may include: a checked ""Waiver of Subrogation"" box on the certificate, mention in the Description of Operations section stating ""waiver of subrogation applies"", or reference to form CG 24 04. Look for language like ""subrogation is waived"" or ""per written contract"".",matchOnce,must be present,,,non_compliant,Block Requirements,,,false,0,,2026-08-16
"Block Real Estate Services, LLC",6a184386dbcac4598a68839e,6a1843168bbe0a0890e878d2,"Seen Productions, LLC",69fdef8fbf1df2fe9692198a,"3rd959 - Bell 39 Properties, LLC",evidenceOfInsurance,Evidence of Insurance,excessOrUmbrellaLiability,Umbrella/Excess Liability,evidenceOfInsuranceExcessOrUmbrellaLiabilityOccurence,Coverage Trigger: Occurrence,,matchOnce,must be present,,,non_compliant,Block Requirements,,,false,0,,2026-08-16
"Block Real Estate Services, LLC",6a184386dbcac4598a68839e,6a1843168bbe0a0890e878d2,"Seen Productions, LLC",69fdef8fbf1df2fe9692198a,"3rd959 - Bell 39 Properties, LLC",evidenceOfInsurance,Evidence of Insurance,excessOrUmbrellaLiability,Umbrella/Excess Liability,evidenceOfInsuranceExcessOrUmbrellaLiabilityEachOccurrence,Each Occurrence,,matchOnce,must be greater or equal to,1000000,,non_compliant,Block Requirements,,,false,0,,2026-08-16
"Block Real Estate Services, LLC",6a184386dbcac4598a68839e,6a1843168bbe0a0890e878d2,"Seen Productions, LLC",69fdef8fbf1df2fe9692198a,"3rd959 - Bell 39 Properties, LLC",evidenceOfInsurance,Evidence of Insurance,excessOrUmbrellaLiability,Umbrella/Excess Liability,evidenceOfInsuranceExcessOrUmbrellaLiabilityAggregate,Aggregate,,matchOnce,must be greater or equal to,1000000,,non_compliant,Block Requirements,,,false,0,,2026-08-16
"Block Real Estate Services, LLC",6a184386dbcac4598a68839e,6a1843168bbe0a0890e878d2,"Seen Productions, LLC",69fdef8fbf1df2fe9692198a,"3rd959 - Bell 39 Properties, LLC",evidenceOfInsurance,Evidence of Insurance,workersCompensation,Workers' Compensation and Employer's Liability,evidenceOfInsuranceWorkersCompensationStatutoryLimits,Statutory Limits,,matchOnce,must be present,,,non_compliant,Block Requirements,,,false,0,,2026-08-16
"Block Real Estate Services, LLC",6a184386dbcac4598a68839e,6a1843168bbe0a0890e878d2,"Seen Productions, LLC",69fdef8fbf1df2fe9692198a,"3rd959 - Bell 39 Properties, LLC",evidenceOfInsurance,Evidence of Insurance,workersCompensation,Workers' Compensation and Employer's Liability,evidenceOfInsuranceWorkersCompensationEmployersLiabilityEachAccident,Employer's Liability Each Accident,,matchOnce,must be greater or equal to,500000,,non_compliant,Block Requirements,,,false,0,,2026-08-16
"Block Real Estate Services, LLC",6a184386dbcac4598a68839e,6a1843168bbe0a0890e878d2,"Seen Productions, LLC",69fdef8fbf1df2fe9692198a,"3rd959 - Bell 39 Properties, LLC",evidenceOfInsurance,Evidence of Insurance,workersCompensation,Workers' Compensation and Employer's Liability,evidenceOfInsuranceWorkersCompensationEmployersLiabilityDiseaseEachEmployee,Employer's Liability Disease - each employee,,matchOnce,must be greater or equal to,500000,,non_compliant,Block Requirements,,,false,0,,2026-08-16
"Block Real Estate Services, LLC",6a184386dbcac4598a68839e,6a1843168bbe0a0890e878d2,"Seen Productions, LLC",69fdef8fbf1df2fe9692198a,"3rd959 - Bell 39 Properties, LLC",evidenceOfInsurance,Evidence of Insurance,workersCompensation,Workers' Compensation and Employer's Liability,evidenceOfInsuranceWorkersCompensationEmployersLiabilityDiseasePolicyLimit,Employer's Liability Disease - policy limit,,matchOnce,must be greater or equal to,500000,,non_compliant,Block Requirements,,,false,0,,2026-08-16
"Block Real Estate Services, LLC",6a184386dbcac4598a68839e,6a1843168bbe0a0890e878d2,"Seen Productions, LLC",69fdef8fbf1df2fe9692198a,"3rd959 - Bell 39 Properties, LLC",evidenceOfInsurance,Evidence of Insurance,workersCompensation,Workers' Compensation and Employer's Liability,evidenceOfInsuranceWorkersCompensationWaiverOfSubrogationEndorsement,Waiver of Subrogation,"---prompt---
Determine if the insurer has waived their right of subrogation in favor of the certificate holder under the Workers' Compensation policy. Evidence may include: a checked ""Waiver of Subrogation"" box on the certificate, mention in the Description of Operations section stating ""waiver of subrogation applies"", or reference to form WC 00 03 13. Look for language like ""subrogation is waived"" or ""per written contract"".",matchOnce,must be present,,,non_compliant,Block Requirements,,,false,0,,2026-08-16
"Block Real Estate Services, LLC",6a184386dbcac4598a68839e,6a1843168bbe0a0890e878d2,"Seen Productions, LLC",69fdef8fbf1df2fe9692198a,"3rd959 - Bell 39 Properties, LLC",evidenceOfInsurance,Evidence of Insurance,6ac20aae-5728-5d57-b364-aeba38527dba,Additional Requirements,4da5b0f1-4c9d-5885-8cf8-5d3cccaed3e0,"Block Real Estate Services, LLC and all others required by contract are named as Additional Insureds","---prompt---
Determine if the Description of Operations or the Additional Remarks Schedule section states the ""Additional Insured as Construction Management, Inc. and all others required by contract"" or reference to blanket additional insured coverage. Look for language like ""certificate holder is additional insured"" or ""per written contract"".",matchOnce,must be present,,,non_compliant,Block Requirements,,,true,0,,2026-08-16
"Block Real Estate Services, LLC",6a184386dbcac4598a68839e,6a1843168bbe0a0890e878d2,"Seen Productions, LLC",69fdef8fbf1df2fe9692198a,"3rd959 - Bell 39 Properties, LLC",evidenceOfInsurance,Evidence of Insurance,6ac20aae-5728-5d57-b364-aeba38527dba,Additional Requirements,e1017741-e47e-5f58-97b8-fbc3043e919f,Umbrella follows form over General Liability,"---prompt---
Determine if the Umbrella/Excess Liability policy follows form to the underlying policies. Evidence may include: language in the Description of Operations section stating the umbrella follows form to underlying coverages or an additional page endorsement stating that it follows form. Follow form means the umbrella policy adopts the same terms, conditions, and exclusions as the underlying policies.",matchOnce,must be present,,,non_compliant,Block Requirements,,,true,0,,2026-08-16
"Block Real Estate Services, LLC",6a184386dbcac4598a68839e,6a1843168bbe0a0890e878d2,"Seen Productions, LLC",69fdef8fbf1df2fe9692198a,"3rd959 - Bell 39 Properties, LLC",evidenceOfInsurance,Evidence of Insurance,6ac20aae-5728-5d57-b364-aeba38527dba,Additional Requirements,2cdd866f-c9a4-576a-afd8-1d045762790c,"The location must be listed as: 1719 W 39th Street, Suite 210 B, Kansas City, MO, 66111",,matchOnce,must be present,,,non_compliant,Block Requirements,,,true,0,,2026-08-16
"Block Real Estate Services, LLC",6a184386dbcac4598a68839e,6a1843168bbe0a0890e878d2,"Seen Productions, LLC",69fdef8fbf1df2fe9692198a,"3rd959 - Bell 39 Properties, LLC",evidenceOfInsurance,Evidence of Insurance,6ac20aae-5728-5d57-b364-aeba38527dba,Additional Requirements,3649e9d1-4e09-59bf-8f30-cb33c40cf117,"Certificate Holder must read: c/o Block Real Estate Services, LLC, 4622 Pennsylvania St., Suite 700, Kansas City, MO, 64112",,matchOnce,must be present,,,non_compliant,Block Requirements,,,true,0,,2026-08-16
"Block Real Estate Services, LLC",6a18438e6b1e29a28e4bee04,6a1843228bbe0a0890e87ab8,Residential - renter occupied: Taylor Hill,69fdef8fbf1df2fe9692198a,"3rd959 - Bell 39 Properties, LLC",evidenceOfInsurance,Evidence of Insurance,commercialGeneralLiability,Commercial General Liability,evidenceOfInsuranceCommercialGeneralLiabilityCoverageTriggerOccurrence,Coverage Trigger: Occurrence,,matchOnce,must be present,,,non_compliant,Block Requirements,,,false,0,,2026-08-16
"Block Real Estate Services, LLC",6a18438e6b1e29a28e4bee04,6a1843228bbe0a0890e87ab8,Residential - renter occupied: Taylor Hill,69fdef8fbf1df2fe9692198a,"3rd959 - Bell 39 Properties, LLC",evidenceOfInsurance,Evidence of Insurance,commercialGeneralLiability,Commercial General Liability,evidenceOfInsuranceCommercialGeneralLiabilityGeneralAggregateLimitAppliesPerLocation,General Aggregate Limit Applies per: Location,,matchOnce,must be present,,,non_compliant,Block Requirements,,,false,0,,2026-08-16
"Block Real Estate Services, LLC",6a18438e6b1e29a28e4bee04,6a1843228bbe0a0890e87ab8,Residential - renter occupied: Taylor Hill,69fdef8fbf1df2fe9692198a,"3rd959 - Bell 39 Properties, LLC",evidenceOfInsurance,Evidence of Insurance,commercialGeneralLiability,Commercial General Liability,evidenceOfInsuranceCommercialGeneralLiabilityEachOccurrence,Each Occurrence,,matchOnce,must be greater or equal to,1000000,,non_compliant,Block Requirements,,,false,0,,2026-08-16
"Block Real Estate Services, LLC",6a18438e6b1e29a28e4bee04,6a1843228bbe0a0890e87ab8,Residential - renter occupied: Taylor Hill,69fdef8fbf1df2fe9692198a,"3rd959 - Bell 39 Properties, LLC",evidenceOfInsurance,Evidence of Insurance,commercialGeneralLiability,Commercial General Liability,evidenceOfInsuranceCommercialGeneralLiabilityGeneralAggregate,General Aggregate,,matchOnce,must be greater or equal to,2000000,,non_compliant,Block Requirements,,,false,0,,2026-08-16
"Block Real Estate Services, LLC",6a18438e6b1e29a28e4bee04,6a1843228bbe0a0890e87ab8,Residential - renter occupied: Taylor Hill,69fdef8fbf1df2fe9692198a,"3rd959 - Bell 39 Properties, LLC",evidenceOfInsurance,Evidence of Insurance,commercialGeneralLiability,Commercial General Liability,evidenceOfInsuranceCommercialGeneralLiabilityWaiverOfSubrogationEndorsement,Waiver of Subrogation,"---prompt---
Determine if the insurer has waived their right of subrogation in favor of the certificate holder under the Commercial General Liability policy. Evidence may include: a checked ""Waiver of Subrogation"" box on the certificate, mention in the Description of Operations section stating ""waiver of subrogation applies"", or reference to form CG 24 04. Look for language like ""subrogation is waived"" or ""per written contract"".",matchOnce,must be present,,,non_compliant,Block Requirements,,,false,0,,2026-08-16
"Block Real Estate Services, LLC",6a18438e6b1e29a28e4bee04,6a1843228bbe0a0890e87ab8,Residential - renter occupied: Taylor Hill,69fdef8fbf1df2fe9692198a,"3rd959 - Bell 39 Properties, LLC",evidenceOfInsurance,Evidence of Insurance,excessOrUmbrellaLiability,Umbrella/Excess Liability,evidenceOfInsuranceExcessOrUmbrellaLiabilityOccurence,Coverage Trigger: Occurrence,,matchOnce,must be present,,,non_compliant,Block Requirements,,,false,0,,2026-08-16
"Block Real Estate Services, LLC",6a18438e6b1e29a28e4bee04,6a1843228bbe0a0890e87ab8,Residential - renter occupied: Taylor Hill,69fdef8fbf1df2fe9692198a,"3rd959 - Bell 39 Properties, LLC",evidenceOfInsurance,Evidence of Insurance,excessOrUmbrellaLiability,Umbrella/Excess Liability,evidenceOfInsuranceExcessOrUmbrellaLiabilityEachOccurrence,Each Occurrence,,matchOnce,must be greater or equal to,1000000,,non_compliant,Block Requirements,,,false,0,,2026-08-16
"Block Real Estate Services, LLC",6a18438e6b1e29a28e4bee04,6a1843228bbe0a0890e87ab8,Residential - renter occupied: Taylor Hill,69fdef8fbf1df2fe9692198a,"3rd959 - Bell 39 Properties, LLC",evidenceOfInsurance,Evidence of Insurance,excessOrUmbrellaLiability,Umbrella/Excess Liability,evidenceOfInsuranceExcessOrUmbrellaLiabilityAggregate,Aggregate,,matchOnce,must be greater or equal to,1000000,,non_compliant,Block Requirements,,,false,0,,2026-08-16
"Block Real Estate Services, LLC",6a18438e6b1e29a28e4bee04,6a1843228bbe0a0890e87ab8,Residential - renter occupied: Taylor Hill,69fdef8fbf1df2fe9692198a,"3rd959 - Bell 39 Properties, LLC",evidenceOfInsurance,Evidence of Insurance,workersCompensation,Workers' Compensation and Employer's Liability,evidenceOfInsuranceWorkersCompensationStatutoryLimits,Statutory Limits,,matchOnce,must be present,,,non_compliant,Block Requirements,,,false,0,,2026-08-16
"Block Real Estate Services, LLC",6a18438e6b1e29a28e4bee04,6a1843228bbe0a0890e87ab8,Residential - renter occupied: Taylor Hill,69fdef8fbf1df2fe9692198a,"3rd959 - Bell 39 Properties, LLC",evidenceOfInsurance,Evidence of Insurance,workersCompensation,Workers' Compensation and Employer's Liability,evidenceOfInsuranceWorkersCompensationEmployersLiabilityEachAccident,Employer's Liability Each Accident,,matchOnce,must be greater or equal to,500000,,non_compliant,Block Requirements,,,false,0,,2026-08-16
"Block Real Estate Services, LLC",6a18438e6b1e29a28e4bee04,6a1843228bbe0a0890e87ab8,Residential - renter occupied: Taylor Hill,69fdef8fbf1df2fe9692198a,"3rd959 - Bell 39 Properties, LLC",evidenceOfInsurance,Evidence of Insurance,workersCompensation,Workers' Compensation and Employer's Liability,evidenceOfInsuranceWorkersCompensationEmployersLiabilityDiseaseEachEmployee,Employer's Liability Disease - each employee,,matchOnce,must be greater or equal to,500000,,non_compliant,Block Requirements,,,false,0,,2026-08-16
"Block Real Estate Services, LLC",6a18438e6b1e29a28e4bee04,6a1843228bbe0a0890e87ab8,Residential - renter occupied: Taylor Hill,69fdef8fbf1df2fe9692198a,"3rd959 - Bell 39 Properties, LLC",evidenceOfInsurance,Evidence of Insurance,workersCompensation,Workers' Compensation and Employer's Liability,evidenceOfInsuranceWorkersCompensationEmployersLiabilityDiseasePolicyLimit,Employer's Liability Disease - policy limit,,matchOnce,must be greater or equal to,500000,,non_compliant,Block Requirements,,,false,0,,2026-08-16
"Block Real Estate Services, LLC",6a18438e6b1e29a28e4bee04,6a1843228bbe0a0890e87ab8,Residential - renter occupied: Taylor Hill,69fdef8fbf1df2fe9692198a,"3rd959 - Bell 39 Properties, LLC",evidenceOfInsurance,Evidence of Insurance,workersCompensation,Workers' Compensation and Employer's Liability,evidenceOfInsuranceWorkersCompensationWaiverOfSubrogationEndorsement,Waiver of Subrogation,"---prompt---
Determine if the insurer has waived their right of subrogation in favor of the certificate holder under the Workers' Compensation policy. Evidence may include: a checked ""Waiver of Subrogation"" box on the certificate, mention in the Description of Operations section stating ""waiver of subrogation applies"", or reference to form WC 00 03 13. Look for language like ""subrogation is waived"" or ""per written contract"".",matchOnce,must be present,,,non_compliant,Block Requirements,,,false,0,,2026-08-16
"Block Real Estate Services, LLC",6a18438e6b1e29a28e4bee04,6a1843228bbe0a0890e87ab8,Residential - renter occupied: Taylor Hill,69fdef8fbf1df2fe9692198a,"3rd959 - Bell 39 Properties, LLC",evidenceOfInsurance,Evidence of Insurance,6ac20aae-5728-5d57-b364-aeba38527dba,Additional Requirements,4da5b0f1-4c9d-5885-8cf8-5d3cccaed3e0,"Block Real Estate Services, LLC and all others required by contract are named as Additional Insureds","---prompt---
Determine if the Description of Operations or the Additional Remarks Schedule section states the ""Additional Insured as Construction Management, Inc. and all others required by contract"" or reference to blanket additional insured coverage. Look for language like ""certificate holder is additional insured"" or ""per written contract"".",matchOnce,must be present,,,non_compliant,Block Requirements,,,true,0,,2026-08-16
"Block Real Estate Services, LLC",6a18438e6b1e29a28e4bee04,6a1843228bbe0a0890e87ab8,Residential - renter occupied: Taylor Hill,69fdef8fbf1df2fe9692198a,"3rd959 - Bell 39 Properties, LLC",evidenceOfInsurance,Evidence of Insurance,6ac20aae-5728-5d57-b364-aeba38527dba,Additional Requirements,e1017741-e47e-5f58-97b8-fbc3043e919f,Umbrella follows form over General Liability,"---prompt---
Determine if the Umbrella/Excess Liability policy follows form to the underlying policies. Evidence may include: language in the Description of Operations section stating the umbrella follows form to underlying coverages or an additional page endorsement stating that it follows form. Follow form means the umbrella policy adopts the same terms, conditions, and exclusions as the underlying policies.",matchOnce,must be present,,,non_compliant,Block Requirements,,,true,0,,2026-08-16
"Block Real Estate Services, LLC",6a18438e6b1e29a28e4bee04,6a1843228bbe0a0890e87ab8,Residential - renter occupied: Taylor Hill,69fdef8fbf1df2fe9692198a,"3rd959 - Bell 39 Properties, LLC",evidenceOfInsurance,Evidence of Insurance,6ac20aae-5728-5d57-b364-aeba38527dba,Additional Requirements,2cdd866f-c9a4-576a-afd8-1d045762790c,"The location must be listed as: 3909-A Bell Street, Kansas City, MO, 66111",,matchOnce,must be present,,,non_compliant,Block Requirements,,,true,0,,2026-08-16
"Block Real Estate Services, LLC",6a18438e6b1e29a28e4bee04,6a1843228bbe0a0890e87ab8,Residential - renter occupied: Taylor Hill,69fdef8fbf1df2fe9692198a,"3rd959 - Bell 39 Properties, LLC",evidenceOfInsurance,Evidence of Insurance,6ac20aae-5728-5d57-b364-aeba38527dba,Additional Requirements,3649e9d1-4e09-59bf-8f30-cb33c40cf117,"Certificate Holder must read: c/o Block Real Estate Services, LLC, 4622 Pennsylvania St., Suite 700, Kansas City, MO, 64112",,matchOnce,must be present,,,non_compliant,Block Requirements,,,true,0,,2026-08-16
"Block Real Estate Services, LLC",6a184395cdbb489359c3f63a,6a18432d8bbe0a0890e87ff9,Residential - renter occupied: John Woods,69fdef8fbf1df2fe9692198a,"3rd959 - Bell 39 Properties, LLC",evidenceOfInsurance,Evidence of Insurance,commercialGeneralLiability,Commercial General Liability,evidenceOfInsuranceCommercialGeneralLiabilityCoverageTriggerOccurrence,Coverage Trigger: Occurrence,,matchOnce,must be present,,,non_compliant,Block Requirements,,,false,0,,2026-08-16
"Block Real Estate Services, LLC",6a184395cdbb489359c3f63a,6a18432d8bbe0a0890e87ff9,Residential - renter occupied: John Woods,69fdef8fbf1df2fe9692198a,"3rd959 - Bell 39 Properties, LLC",evidenceOfInsurance,Evidence of Insurance,commercialGeneralLiability,Commercial General Liability,evidenceOfInsuranceCommercialGeneralLiabilityGeneralAggregateLimitAppliesPerLocation,General Aggregate Limit Applies per: Location,,matchOnce,must be present,,,non_compliant,Block Requirements,,,false,0,,2026-08-16
"Block Real Estate Services, LLC",6a184395cdbb489359c3f63a,6a18432d8bbe0a0890e87ff9,Residential - renter occupied: John Woods,69fdef8fbf1df2fe9692198a,"3rd959 - Bell 39 Properties, LLC",evidenceOfInsurance,Evidence of Insurance,commercialGeneralLiability,Commercial General Liability,evidenceOfInsuranceCommercialGeneralLiabilityEachOccurrence,Each Occurrence,,matchOnce,must be greater or equal to,1000000,,non_compliant,Block Requirements,,,false,0,,2026-08-16
"Block Real Estate Services, LLC",6a184395cdbb489359c3f63a,6a18432d8bbe0a0890e87ff9,Residential - renter occupied: John Woods,69fdef8fbf1df2fe9692198a,"3rd959 - Bell 39 Properties, LLC",evidenceOfInsurance,Evidence of Insurance,commercialGeneralLiability,Commercial General Liability,evidenceOfInsuranceCommercialGeneralLiabilityGeneralAggregate,General Aggregate,,matchOnce,must be greater or equal to,2000000,,non_compliant,Block Requirements,,,false,0,,2026-08-16
"Block Real Estate Services, LLC",6a184395cdbb489359c3f63a,6a18432d8bbe0a0890e87ff9,Residential - renter occupied: John Woods,69fdef8fbf1df2fe9692198a,"3rd959 - Bell 39 Properties, LLC",evidenceOfInsurance,Evidence of Insurance,commercialGeneralLiability,Commercial General Liability,evidenceOfInsuranceCommercialGeneralLiabilityWaiverOfSubrogationEndorsement,Waiver of Subrogation,"---prompt---
Determine if the insurer has waived their right of subrogation in favor of the certificate holder under the Commercial General Liability policy. Evidence may include: a checked ""Waiver of Subrogation"" box on the certificate, mention in the Description of Operations section stating ""waiver of subrogation applies"", or reference to form CG 24 04. Look for language like ""subrogation is waived"" or ""per written contract"".",matchOnce,must be present,,,non_compliant,Block Requirements,,,false,0,,2026-08-16
"Block Real Estate Services, LLC",6a184395cdbb489359c3f63a,6a18432d8bbe0a0890e87ff9,Residential - renter occupied: John Woods,69fdef8fbf1df2fe9692198a,"3rd959 - Bell 39 Properties, LLC",evidenceOfInsurance,Evidence of Insurance,excessOrUmbrellaLiability,Umbrella/Excess Liability,evidenceOfInsuranceExcessOrUmbrellaLiabilityOccurence,Coverage Trigger: Occurrence,,matchOnce,must be present,,,non_compliant,Block Requirements,,,false,0,,2026-08-16
"Block Real Estate Services, LLC",6a184395cdbb489359c3f63a,6a18432d8bbe0a0890e87ff9,Residential - renter occupied: John Woods,69fdef8fbf1df2fe9692198a,"3rd959 - Bell 39 Properties, LLC",evidenceOfInsurance,Evidence of Insurance,excessOrUmbrellaLiability,Umbrella/Excess Liability,evidenceOfInsuranceExcessOrUmbrellaLiabilityEachOccurrence,Each Occurrence,,matchOnce,must be greater or equal to,1000000,,non_compliant,Block Requirements,,,false,0,,2026-08-16
"Block Real Estate Services, LLC",6a184395cdbb489359c3f63a,6a18432d8bbe0a0890e87ff9,Residential - renter occupied: John Woods,69fdef8fbf1df2fe9692198a,"3rd959 - Bell 39 Properties, LLC",evidenceOfInsurance,Evidence of Insurance,excessOrUmbrellaLiability,Umbrella/Excess Liability,evidenceOfInsuranceExcessOrUmbrellaLiabilityAggregate,Aggregate,,matchOnce,must be greater or equal to,1000000,,non_compliant,Block Requirements,,,false,0,,2026-08-16
"Block Real Estate Services, LLC",6a184395cdbb489359c3f63a,6a18432d8bbe0a0890e87ff9,Residential - renter occupied: John Woods,69fdef8fbf1df2fe9692198a,"3rd959 - Bell 39 Properties, LLC",evidenceOfInsurance,Evidence of Insurance,workersCompensation,Workers' Compensation and Employer's Liability,evidenceOfInsuranceWorkersCompensationStatutoryLimits,Statutory Limits,,matchOnce,must be present,,,non_compliant,Block Requirements,,,false,0,,2026-08-16
"Block Real Estate Services, LLC",6a184395cdbb489359c3f63a,6a18432d8bbe0a0890e87ff9,Residential - renter occupied: John Woods,69fdef8fbf1df2fe9692198a,"3rd959 - Bell 39 Properties, LLC",evidenceOfInsurance,Evidence of Insurance,workersCompensation,Workers' Compensation and Employer's Liability,evidenceOfInsuranceWorkersCompensationEmployersLiabilityEachAccident,Employer's Liability Each Accident,,matchOnce,must be greater or equal to,500000,,non_compliant,Block Requirements,,,false,0,,2026-08-16
"Block Real Estate Services, LLC",6a184395cdbb489359c3f63a,6a18432d8bbe0a0890e87ff9,Residential - renter occupied: John Woods,69fdef8fbf1df2fe9692198a,"3rd959 - Bell 39 Properties, LLC",evidenceOfInsurance,Evidence of Insurance,workersCompensation,Workers' Compensation and Employer's Liability,evidenceOfInsuranceWorkersCompensationEmployersLiabilityDiseaseEachEmployee,Employer's Liability Disease - each employee,,matchOnce,must be greater or equal to,500000,,non_compliant,Block Requirements,,,false,0,,2026-08-16
"Block Real Estate Services, LLC",6a184395cdbb489359c3f63a,6a18432d8bbe0a0890e87ff9,Residential - renter occupied: John Woods,69fdef8fbf1df2fe9692198a,"3rd959 - Bell 39 Properties, LLC",evidenceOfInsurance,Evidence of Insurance,workersCompensation,Workers' Compensation and Employer's Liability,evidenceOfInsuranceWorkersCompensationEmployersLiabilityDiseasePolicyLimit,Employer's Liability Disease - policy limit,,matchOnce,must be greater or equal to,500000,,non_compliant,Block Requirements,,,false,0,,2026-08-16
"Block Real Estate Services, LLC",6a184395cdbb489359c3f63a,6a18432d8bbe0a0890e87ff9,Residential - renter occupied: John Woods,69fdef8fbf1df2fe9692198a,"3rd959 - Bell 39 Properties, LLC",evidenceOfInsurance,Evidence of Insurance,workersCompensation,Workers' Compensation and Employer's Liability,evidenceOfInsuranceWorkersCompensationWaiverOfSubrogationEndorsement,Waiver of Subrogation,"---prompt---
Determine if the insurer has waived their right of subrogation in favor of the certificate holder under the Workers' Compensation policy. Evidence may include: a checked ""Waiver of Subrogation"" box on the certificate, mention in the Description of Operations section stating ""waiver of subrogation applies"", or reference to form WC 00 03 13. Look for language like ""subrogation is waived"" or ""per written contract"".",matchOnce,must be present,,,non_compliant,Block Requirements,,,false,0,,2026-08-16
"Block Real Estate Services, LLC",6a184395cdbb489359c3f63a,6a18432d8bbe0a0890e87ff9,Residential - renter occupied: John Woods,69fdef8fbf1df2fe9692198a,"3rd959 - Bell 39 Properties, LLC",evidenceOfInsurance,Evidence of Insurance,6ac20aae-5728-5d57-b364-aeba38527dba,Additional Requirements,4da5b0f1-4c9d-5885-8cf8-5d3cccaed3e0,"Block Real Estate Services, LLC and all others required by contract are named as Additional Insureds","---prompt---
Determine if the Description of Operations or the Additional Remarks Schedule section states the ""Additional Insured as Construction Management, Inc. and all others required by contract"" or reference to blanket additional insured coverage. Look for language like ""certificate holder is additional insured"" or ""per written contract"".",matchOnce,must be present,,,non_compliant,Block Requirements,,,true,0,,2026-08-16
"Block Real Estate Services, LLC",6a184395cdbb489359c3f63a,6a18432d8bbe0a0890e87ff9,Residential - renter occupied: John Woods,69fdef8fbf1df2fe9692198a,"3rd959 - Bell 39 Properties, LLC",evidenceOfInsurance,Evidence of Insurance,6ac20aae-5728-5d57-b364-aeba38527dba,Additional Requirements,e1017741-e47e-5f58-97b8-fbc3043e919f,Umbrella follows form over General Liability,"---prompt---
Determine if the Umbrella/Excess Liability policy follows form to the underlying policies. Evidence may include: language in the Description of Operations section stating the umbrella follows form to underlying coverages or an additional page endorsement stating that it follows form. Follow form means the umbrella policy adopts the same terms, conditions, and exclusions as the underlying policies.",matchOnce,must be present,,,non_compliant,Block Requirements,,,true,0,,2026-08-16
"Block Real Estate Services, LLC",6a184395cdbb489359c3f63a,6a18432d8bbe0a0890e87ff9,Residential - renter occupied: John Woods,69fdef8fbf1df2fe9692198a,"3rd959 - Bell 39 Properties, LLC",evidenceOfInsurance,Evidence of Insurance,6ac20aae-5728-5d57-b364-aeba38527dba,Additional Requirements,2cdd866f-c9a4-576a-afd8-1d045762790c,"The location must be listed as: 3914 Genesee, Kansas City, MO, 66111",,matchOnce,must be present,,,non_compliant,Block Requirements,,,true,0,,2026-08-16
"Block Real Estate Services, LLC",6a184395cdbb489359c3f63a,6a18432d8bbe0a0890e87ff9,Residential - renter occupied: John Woods,69fdef8fbf1df2fe9692198a,"3rd959 - Bell 39 Properties, LLC",evidenceOfInsurance,Evidence of Insurance,6ac20aae-5728-5d57-b364-aeba38527dba,Additional Requirements,3649e9d1-4e09-59bf-8f30-cb33c40cf117,"Certificate Holder must read: c/o Block Real Estate Services, LLC, 4622 Pennsylvania St., Suite 700, Kansas City, MO, 64112",,matchOnce,must be present,,,non_compliant,Block Requirements,,,true,0,,2026-08-16
"Block Real Estate Services, LLC",6a46aa6469f1b5416f79aeba,6a46a9fa881712769bd59511,Abdalla Osman,69fdef8fbf1df2fe9692198a,"3rd959 - Bell 39 Properties, LLC",evidenceOfInsurance,Evidence of Insurance,commercialGeneralLiability,Commercial General Liability,evidenceOfInsuranceCommercialGeneralLiabilityCoverageTriggerOccurrence,Coverage Trigger: Occurrence,,matchOnce,must be present,,Present,compliant,Block Requirements,,,false,1,,2026-08-16
"Block Real Estate Services, LLC",6a46aa6469f1b5416f79aeba,6a46a9fa881712769bd59511,Abdalla Osman,69fdef8fbf1df2fe9692198a,"3rd959 - Bell 39 Properties, LLC",evidenceOfInsurance,Evidence of Insurance,commercialGeneralLiability,Commercial General Liability,evidenceOfInsuranceCommercialGeneralLiabilityGeneralAggregateLimitAppliesPerLocation,General Aggregate Limit Applies per: Location,,matchOnce,must be present,,Present,compliant,Block Requirements,,,false,1,,2026-08-16
"Block Real Estate Services, LLC",6a46aa6469f1b5416f79aeba,6a46a9fa881712769bd59511,Abdalla Osman,69fdef8fbf1df2fe9692198a,"3rd959 - Bell 39 Properties, LLC",evidenceOfInsurance,Evidence of Insurance,commercialGeneralLiability,Commercial General Liability,evidenceOfInsuranceCommercialGeneralLiabilityEachOccurrence,Each Occurrence,,matchOnce,must be greater or equal to,1000000,1000000,compliant,Block Requirements,,,false,1,,2026-08-16
"Block Real Estate Services, LLC",6a46aa6469f1b5416f79aeba,6a46a9fa881712769bd59511,Abdalla Osman,69fdef8fbf1df2fe9692198a,"3rd959 - Bell 39 Properties, LLC",evidenceOfInsurance,Evidence of Insurance,commercialGeneralLiability,Commercial General Liability,evidenceOfInsuranceCommercialGeneralLiabilityGeneralAggregate,General Aggregate,,matchOnce,must be greater or equal to,2000000,2000000,compliant,Block Requirements,,,false,1,,2026-08-16
"Block Real Estate Services, LLC",6a46aa6469f1b5416f79aeba,6a46a9fa881712769bd59511,Abdalla Osman,69fdef8fbf1df2fe9692198a,"3rd959 - Bell 39 Properties, LLC",evidenceOfInsurance,Evidence of Insurance,commercialGeneralLiability,Commercial General Liability,evidenceOfInsuranceCommercialGeneralLiabilityWaiverOfSubrogationEndorsement,Waiver of Subrogation,"---prompt---
Determine if the insurer has waived their right of subrogation in favor of the certificate holder under the Commercial General Liability policy. Evidence may include: a checked ""Waiver of Subrogation"" box on the certificate, mention in the Description of Operations section stating ""waiver of subrogation applies"", or reference to form CG 24 04. Look for language like ""subrogation is waived"" or ""per written contract"".",matchOnce,must be present,,,non_compliant,Block Requirements,,,false,0,,2026-08-16
"Block Real Estate Services, LLC",6a46aa6469f1b5416f79aeba,6a46a9fa881712769bd59511,Abdalla Osman,69fdef8fbf1df2fe9692198a,"3rd959 - Bell 39 Properties, LLC",evidenceOfInsurance,Evidence of Insurance,excessOrUmbrellaLiability,Umbrella/Excess Liability,evidenceOfInsuranceExcessOrUmbrellaLiabilityOccurence,Coverage Trigger: Occurrence,,matchOnce,must be present,,,non_compliant,Block Requirements,,,false,0,,2026-08-16
"Block Real Estate Services, LLC",6a46aa6469f1b5416f79aeba,6a46a9fa881712769bd59511,Abdalla Osman,69fdef8fbf1df2fe9692198a,"3rd959 - Bell 39 Properties, LLC",evidenceOfInsurance,Evidence of Insurance,excessOrUmbrellaLiability,Umbrella/Excess Liability,evidenceOfInsuranceExcessOrUmbrellaLiabilityEachOccurrence,Each Occurrence,,matchOnce,must be greater or equal to,1000000,,non_compliant,Block Requirements,,,false,0,,2026-08-16
"Block Real Estate Services, LLC",6a46aa6469f1b5416f79aeba,6a46a9fa881712769bd59511,Abdalla Osman,69fdef8fbf1df2fe9692198a,"3rd959 - Bell 39 Properties, LLC",evidenceOfInsurance,Evidence of Insurance,excessOrUmbrellaLiability,Umbrella/Excess Liability,evidenceOfInsuranceExcessOrUmbrellaLiabilityAggregate,Aggregate,,matchOnce,must be greater or equal to,1000000,,non_compliant,Block Requirements,,,false,0,,2026-08-16
"Block Real Estate Services, LLC",6a46aa6469f1b5416f79aeba,6a46a9fa881712769bd59511,Abdalla Osman,69fdef8fbf1df2fe9692198a,"3rd959 - Bell 39 Properties, LLC",evidenceOfInsurance,Evidence of Insurance,workersCompensation,Workers' Compensation and Employer's Liability,evidenceOfInsuranceWorkersCompensationStatutoryLimits,Statutory Limits,,matchOnce,must be present,,Present,compliant,Block Requirements,,,false,1,,2026-08-16
"Block Real Estate Services, LLC",6a46aa6469f1b5416f79aeba,6a46a9fa881712769bd59511,Abdalla Osman,69fdef8fbf1df2fe9692198a,"3rd959 - Bell 39 Properties, LLC",evidenceOfInsurance,Evidence of Insurance,workersCompensation,Workers' Compensation and Employer's Liability,evidenceOfInsuranceWorkersCompensationEmployersLiabilityEachAccident,Employer's Liability Each Accident,,matchOnce,must be greater or equal to,500000,1000000,compliant,Block Requirements,,,false,1,,2026-08-16
"Block Real Estate Services, LLC",6a46aa6469f1b5416f79aeba,6a46a9fa881712769bd59511,Abdalla Osman,69fdef8fbf1df2fe9692198a,"3rd959 - Bell 39 Properties, LLC",evidenceOfInsurance,Evidence of Insurance,workersCompensation,Workers' Compensation and Employer's Liability,evidenceOfInsuranceWorkersCompensationEmployersLiabilityDiseaseEachEmployee,Employer's Liability Disease - each employee,,matchOnce,must be greater or equal to,500000,1000000,compliant,Block Requirements,,,false,1,,2026-08-16
"Block Real Estate Services, LLC",6a46aa6469f1b5416f79aeba,6a46a9fa881712769bd59511,Abdalla Osman,69fdef8fbf1df2fe9692198a,"3rd959 - Bell 39 Properties, LLC",evidenceOfInsurance,Evidence of Insurance,workersCompensation,Workers' Compensation and Employer's Liability,evidenceOfInsuranceWorkersCompensationEmployersLiabilityDiseasePolicyLimit,Employer's Liability Disease - policy limit,,matchOnce,must be greater or equal to,500000,1000000,compliant,Block Requirements,,,false,1,,2026-08-16
"Block Real Estate Services, LLC",6a46aa6469f1b5416f79aeba,6a46a9fa881712769bd59511,Abdalla Osman,69fdef8fbf1df2fe9692198a,"3rd959 - Bell 39 Properties, LLC",evidenceOfInsurance,Evidence of Insurance,workersCompensation,Workers' Compensation and Employer's Liability,evidenceOfInsuranceWorkersCompensationWaiverOfSubrogationEndorsement,Waiver of Subrogation,"---prompt---
Determine if the insurer has waived their right of subrogation in favor of the certificate holder under the Workers' Compensation policy. Evidence may include: a checked ""Waiver of Subrogation"" box on the certificate, mention in the Description of Operations section stating ""waiver of subrogation applies"", or reference to form WC 00 03 13. Look for language like ""subrogation is waived"" or ""per written contract"".",matchOnce,must be present,,,non_compliant,Block Requirements,,,false,0,,2026-08-16
"Block Real Estate Services, LLC",6a46aa6469f1b5416f79aeba,6a46a9fa881712769bd59511,Abdalla Osman,69fdef8fbf1df2fe9692198a,"3rd959 - Bell 39 Properties, LLC",evidenceOfInsurance,Evidence of Insurance,6ac20aae-5728-5d57-b364-aeba38527dba,Additional Requirements,4da5b0f1-4c9d-5885-8cf8-5d3cccaed3e0,"Block Real Estate Services, LLC and all others required by contract are named as Additional Insureds","---prompt---
Determine if the Description of Operations or the Additional Remarks Schedule section states the ""Additional Insured as Construction Management, Inc. and all others required by contract"" or reference to blanket additional insured coverage. Look for language like ""certificate holder is additional insured"" or ""per written contract"".",matchOnce,must be present,,,non_compliant,Block Requirements,,,true,0,,2026-08-16
"Block Real Estate Services, LLC",6a46aa6469f1b5416f79aeba,6a46a9fa881712769bd59511,Abdalla Osman,69fdef8fbf1df2fe9692198a,"3rd959 - Bell 39 Properties, LLC",evidenceOfInsurance,Evidence of Insurance,6ac20aae-5728-5d57-b364-aeba38527dba,Additional Requirements,e1017741-e47e-5f58-97b8-fbc3043e919f,Umbrella follows form over General Liability,"---prompt---
Determine if the Umbrella/Excess Liability policy follows form to the underlying policies. Evidence may include: language in the Description of Operations section stating the umbrella follows form to underlying coverages or an additional page endorsement stating that it follows form. Follow form means the umbrella policy adopts the same terms, conditions, and exclusions as the underlying policies.",matchOnce,must be present,,,non_compliant,Block Requirements,,,true,0,,2026-08-16
"Block Real Estate Services, LLC",6a46aa6469f1b5416f79aeba,6a46a9fa881712769bd59511,Abdalla Osman,69fdef8fbf1df2fe9692198a,"3rd959 - Bell 39 Properties, LLC",evidenceOfInsurance,Evidence of Insurance,6ac20aae-5728-5d57-b364-aeba38527dba,Additional Requirements,2cdd866f-c9a4-576a-afd8-1d045762790c,"The location must be listed as: 1715 W 39th Street, Kansas City, MO 66111",,matchOnce,must be present,,,non_compliant,Block Requirements,,,true,0,,2026-08-16
"Block Real Estate Services, LLC",6a46aa6469f1b5416f79aeba,6a46a9fa881712769bd59511,Abdalla Osman,69fdef8fbf1df2fe9692198a,"3rd959 - Bell 39 Properties, LLC",evidenceOfInsurance,Evidence of Insurance,6ac20aae-5728-5d57-b364-aeba38527dba,Additional Requirements,3649e9d1-4e09-59bf-8f30-cb33c40cf117,"Certificate Holder must read: c/o Block Real Estate Services, LLC, 4622 Pennsylvania St., Suite 700, Kansas City, MO, 64112",,matchOnce,must be present,,,non_compliant,Block Requirements,,,true,0,,2026-08-16
"Block Real Estate Services, LLC",6a46aa6469f1b5416f79aebc,6a46a9fa881712769bd59518,"Better Way Dogs, LLC",69fdef8fbf1df2fe9692198a,"3rd959 - Bell 39 Properties, LLC",evidenceOfInsurance,Evidence of Insurance,commercialGeneralLiability,Commercial General Liability,evidenceOfInsuranceCommercialGeneralLiabilityCoverageTriggerOccurrence,Coverage Trigger: Occurrence,,matchOnce,must be present,,,non_compliant,Block Requirements,,,false,0,,2026-08-16
"Block Real Estate Services, LLC",6a46aa6469f1b5416f79aebc,6a46a9fa881712769bd59518,"Better Way Dogs, LLC",69fdef8fbf1df2fe9692198a,"3rd959 - Bell 39 Properties, LLC",evidenceOfInsurance,Evidence of Insurance,commercialGeneralLiability,Commercial General Liability,evidenceOfInsuranceCommercialGeneralLiabilityGeneralAggregateLimitAppliesPerLocation,General Aggregate Limit Applies per: Location,,matchOnce,must be present,,,non_compliant,Block Requirements,,,false,0,,2026-08-16
"Block Real Estate Services, LLC",6a46aa6469f1b5416f79aebc,6a46a9fa881712769bd59518,"Better Way Dogs, LLC",69fdef8fbf1df2fe9692198a,"3rd959 - Bell 39 Properties, LLC",evidenceOfInsurance,Evidence of Insurance,commercialGeneralLiability,Commercial General Liability,evidenceOfInsuranceCommercialGeneralLiabilityEachOccurrence,Each Occurrence,,matchOnce,must be greater or equal to,1000000,,non_compliant,Block Requirements,,,false,0,,2026-08-16
"Block Real Estate Services, LLC",6a46aa6469f1b5416f79aebc,6a46a9fa881712769bd59518,"Better Way Dogs, LLC",69fdef8fbf1df2fe9692198a,"3rd959 - Bell 39 Properties, LLC",evidenceOfInsurance,Evidence of Insurance,commercialGeneralLiability,Commercial General Liability,evidenceOfInsuranceCommercialGeneralLiabilityGeneralAggregate,General Aggregate,,matchOnce,must be greater or equal to,2000000,,non_compliant,Block Requirements,,,false,0,,2026-08-16
"Block Real Estate Services, LLC",6a46aa6469f1b5416f79aebc,6a46a9fa881712769bd59518,"Better Way Dogs, LLC",69fdef8fbf1df2fe9692198a,"3rd959 - Bell 39 Properties, LLC",evidenceOfInsurance,Evidence of Insurance,commercialGeneralLiability,Commercial General Liability,evidenceOfInsuranceCommercialGeneralLiabilityWaiverOfSubrogationEndorsement,Waiver of Subrogation,"---prompt---
Determine if the insurer has waived their right of subrogation in favor of the certificate holder under the Commercial General Liability policy. Evidence may include: a checked ""Waiver of Subrogation"" box on the certificate, mention in the Description of Operations section stating ""waiver of subrogation applies"", or reference to form CG 24 04. Look for language like ""subrogation is waived"" or ""per written contract"".",matchOnce,must be present,,,non_compliant,Block Requirements,,,false,0,,2026-08-16
"Block Real Estate Services, LLC",6a46aa6469f1b5416f79aebc,6a46a9fa881712769bd59518,"Better Way Dogs, LLC",69fdef8fbf1df2fe9692198a,"3rd959 - Bell 39 Properties, LLC",evidenceOfInsurance,Evidence of Insurance,excessOrUmbrellaLiability,Umbrella/Excess Liability,evidenceOfInsuranceExcessOrUmbrellaLiabilityOccurence,Coverage Trigger: Occurrence,,matchOnce,must be present,,,non_compliant,Block Requirements,,,false,0,,2026-08-16
"Block Real Estate Services, LLC",6a46aa6469f1b5416f79aebc,6a46a9fa881712769bd59518,"Better Way Dogs, LLC",69fdef8fbf1df2fe9692198a,"3rd959 - Bell 39 Properties, LLC",evidenceOfInsurance,Evidence of Insurance,excessOrUmbrellaLiability,Umbrella/Excess Liability,evidenceOfInsuranceExcessOrUmbrellaLiabilityEachOccurrence,Each Occurrence,,matchOnce,must be greater or equal to,1000000,,non_compliant,Block Requirements,,,false,0,,2026-08-16
"Block Real Estate Services, LLC",6a46aa6469f1b5416f79aebc,6a46a9fa881712769bd59518,"Better Way Dogs, LLC",69fdef8fbf1df2fe9692198a,"3rd959 - Bell 39 Properties, LLC",evidenceOfInsurance,Evidence of Insurance,excessOrUmbrellaLiability,Umbrella/Excess Liability,evidenceOfInsuranceExcessOrUmbrellaLiabilityAggregate,Aggregate,,matchOnce,must be greater or equal to,1000000,,non_compliant,Block Requirements,,,false,0,,2026-08-16
"Block Real Estate Services, LLC",6a46aa6469f1b5416f79aebc,6a46a9fa881712769bd59518,"Better Way Dogs, LLC",69fdef8fbf1df2fe9692198a,"3rd959 - Bell 39 Properties, LLC",evidenceOfInsurance,Evidence of Insurance,workersCompensation,Workers' Compensation and Employer's Liability,evidenceOfInsuranceWorkersCompensationStatutoryLimits,Statutory Limits,,matchOnce,must be present,,,non_compliant,Block Requirements,,,false,0,,2026-08-16
"Block Real Estate Services, LLC",6a46aa6469f1b5416f79aebc,6a46a9fa881712769bd59518,"Better Way Dogs, LLC",69fdef8fbf1df2fe9692198a,"3rd959 - Bell 39 Properties, LLC",evidenceOfInsurance,Evidence of Insurance,workersCompensation,Workers' Compensation and Employer's Liability,evidenceOfInsuranceWorkersCompensationEmployersLiabilityEachAccident,Employer's Liability Each Accident,,matchOnce,must be greater or equal to,500000,,non_compliant,Block Requirements,,,false,0,,2026-08-16
"Block Real Estate Services, LLC",6a46aa6469f1b5416f79aebc,6a46a9fa881712769bd59518,"Better Way Dogs, LLC",69fdef8fbf1df2fe9692198a,"3rd959 - Bell 39 Properties, LLC",evidenceOfInsurance,Evidence of Insurance,workersCompensation,Workers' Compensation and Employer's Liability,evidenceOfInsuranceWorkersCompensationEmployersLiabilityDiseaseEachEmployee,Employer's Liability Disease - each employee,,matchOnce,must be greater or equal to,500000,,non_compliant,Block Requirements,,,false,0,,2026-08-16
"Block Real Estate Services, LLC",6a46aa6469f1b5416f79aebc,6a46a9fa881712769bd59518,"Better Way Dogs, LLC",69fdef8fbf1df2fe9692198a,"3rd959 - Bell 39 Properties, LLC",evidenceOfInsurance,Evidence of Insurance,workersCompensation,Workers' Compensation and Employer's Liability,evidenceOfInsuranceWorkersCompensationEmployersLiabilityDiseasePolicyLimit,Employer's Liability Disease - policy limit,,matchOnce,must be greater or equal to,500000,,non_compliant,Block Requirements,,,false,0,,2026-08-16
"Block Real Estate Services, LLC",6a46aa6469f1b5416f79aebc,6a46a9fa881712769bd59518,"Better Way Dogs, LLC",69fdef8fbf1df2fe9692198a,"3rd959 - Bell 39 Properties, LLC",evidenceOfInsurance,Evidence of Insurance,workersCompensation,Workers' Compensation and Employer's Liability,evidenceOfInsuranceWorkersCompensationWaiverOfSubrogationEndorsement,Waiver of Subrogation,"---prompt---
Determine if the insurer has waived their right of subrogation in favor of the certificate holder under the Workers' Compensation policy. Evidence may include: a checked ""Waiver of Subrogation"" box on the certificate, mention in the Description of Operations section stating ""waiver of subrogation applies"", or reference to form WC 00 03 13. Look for language like ""subrogation is waived"" or ""per written contract"".",matchOnce,must be present,,,non_compliant,Block Requirements,,,false,0,,2026-08-16
"Block Real Estate Services, LLC",6a46aa6469f1b5416f79aebc,6a46a9fa881712769bd59518,"Better Way Dogs, LLC",69fdef8fbf1df2fe9692198a,"3rd959 - Bell 39 Properties, LLC",evidenceOfInsurance,Evidence of Insurance,6ac20aae-5728-5d57-b364-aeba38527dba,Additional Requirements,4da5b0f1-4c9d-5885-8cf8-5d3cccaed3e0,"Block Real Estate Services, LLC and all others required by contract are named as Additional Insureds","---prompt---
Determine if the Description of Operations or the Additional Remarks Schedule section states the ""Additional Insured as Construction Management, Inc. and all others required by contract"" or reference to blanket additional insured coverage. Look for language like ""certificate holder is additional insured"" or ""per written contract"".",matchOnce,must be present,,,non_compliant,Block Requirements,,,true,0,,2026-08-16
"Block Real Estate Services, LLC",6a46aa6469f1b5416f79aebc,6a46a9fa881712769bd59518,"Better Way Dogs, LLC",69fdef8fbf1df2fe9692198a,"3rd959 - Bell 39 Properties, LLC",evidenceOfInsurance,Evidence of Insurance,6ac20aae-5728-5d57-b364-aeba38527dba,Additional Requirements,e1017741-e47e-5f58-97b8-fbc3043e919f,Umbrella follows form over General Liability,"---prompt---
Determine if the Umbrella/Excess Liability policy follows form to the underlying policies. Evidence may include: language in the Description of Operations section stating the umbrella follows form to underlying coverages or an additional page endorsement stating that it follows form. Follow form means the umbrella policy adopts the same terms, conditions, and exclusions as the underlying policies.",matchOnce,must be present,,,non_compliant,Block Requirements,,,true,0,,2026-08-16
"Block Real Estate Services, LLC",6a46aa6469f1b5416f79aebc,6a46a9fa881712769bd59518,"Better Way Dogs, LLC",69fdef8fbf1df2fe9692198a,"3rd959 - Bell 39 Properties, LLC",evidenceOfInsurance,Evidence of Insurance,6ac20aae-5728-5d57-b364-aeba38527dba,Additional Requirements,2cdd866f-c9a4-576a-afd8-1d045762790c,"The location must be listed as: 1719 W 39th Street, Suite 204, Kansas City, MO 66111",,matchOnce,must be present,,,non_compliant,Block Requirements,,,true,0,,2026-08-16
"Block Real Estate Services, LLC",6a46aa6469f1b5416f79aebc,6a46a9fa881712769bd59518,"Better Way Dogs, LLC",69fdef8fbf1df2fe9692198a,"3rd959 - Bell 39 Properties, LLC",evidenceOfInsurance,Evidence of Insurance,6ac20aae-5728-5d57-b364-aeba38527dba,Additional Requirements,3649e9d1-4e09-59bf-8f30-cb33c40cf117,"Certificate Holder must read: c/o Block Real Estate Services, LLC, 4622 Pennsylvania St., Suite 700, Kansas City, MO, 64112",,matchOnce,must be present,,,non_compliant,Block Requirements,,,true,0,,2026-08-16
"Block Real Estate Services, LLC",6a46aa6469f1b5416f79aebd,6a46a9fa881712769bd5951f,"Betur, LLC",69fdef8fbf1df2fe9692198a,"3rd959 - Bell 39 Properties, LLC",evidenceOfInsurance,Evidence of Insurance,commercialGeneralLiability,Commercial General Liability,evidenceOfInsuranceCommercialGeneralLiabilityCoverageTriggerOccurrence,Coverage Trigger: Occurrence,,matchOnce,must be present,,,non_compliant,Block Requirements,,,false,0,,2026-08-16
"Block Real Estate Services, LLC",6a46aa6469f1b5416f79aebd,6a46a9fa881712769bd5951f,"Betur, LLC",69fdef8fbf1df2fe9692198a,"3rd959 - Bell 39 Properties, LLC",evidenceOfInsurance,Evidence of Insurance,commercialGeneralLiability,Commercial General Liability,evidenceOfInsuranceCommercialGeneralLiabilityGeneralAggregateLimitAppliesPerLocation,General Aggregate Limit Applies per: Location,,matchOnce,must be present,,,non_compliant,Block Requirements,,,false,0,,2026-08-16
"Block Real Estate Services, LLC",6a46aa6469f1b5416f79aebd,6a46a9fa881712769bd5951f,"Betur, LLC",69fdef8fbf1df2fe9692198a,"3rd959 - Bell 39 Properties, LLC",evidenceOfInsurance,Evidence of Insurance,commercialGeneralLiability,Commercial General Liability,evidenceOfInsuranceCommercialGeneralLiabilityEachOccurrence,Each Occurrence,,matchOnce,must be greater or equal to,1000000,,non_compliant,Block Requirements,,,false,0,,2026-08-16
"Block Real Estate Services, LLC",6a46aa6469f1b5416f79aebd,6a46a9fa881712769bd5951f,"Betur, LLC",69fdef8fbf1df2fe9692198a,"3rd959 - Bell 39 Properties, LLC",evidenceOfInsurance,Evidence of Insurance,commercialGeneralLiability,Commercial General Liability,evidenceOfInsuranceCommercialGeneralLiabilityGeneralAggregate,General Aggregate,,matchOnce,must be greater or equal to,2000000,,non_compliant,Block Requirements,,,false,0,,2026-08-16
"Block Real Estate Services, LLC",6a46aa6469f1b5416f79aebd,6a46a9fa881712769bd5951f,"Betur, LLC",69fdef8fbf1df2fe9692198a,"3rd959 - Bell 39 Properties, LLC",evidenceOfInsurance,Evidence of Insurance,commercialGeneralLiability,Commercial General Liability,evidenceOfInsuranceCommercialGeneralLiabilityWaiverOfSubrogationEndorsement,Waiver of Subrogation,"---prompt---
Determine if the insurer has waived their right of subrogation in favor of the certificate holder under the Commercial General Liability policy. Evidence may include: a checked ""Waiver of Subrogation"" box on the certificate, mention in the Description of Operations section stating ""waiver of subrogation applies"", or reference to form CG 24 04. Look for language like ""subrogation is waived"" or ""per written contract"".",matchOnce,must be present,,,non_compliant,Block Requirements,,,false,0,,2026-08-16
"Block Real Estate Services, LLC",6a46aa6469f1b5416f79aebd,6a46a9fa881712769bd5951f,"Betur, LLC",69fdef8fbf1df2fe9692198a,"3rd959 - Bell 39 Properties, LLC",evidenceOfInsurance,Evidence of Insurance,excessOrUmbrellaLiability,Umbrella/Excess Liability,evidenceOfInsuranceExcessOrUmbrellaLiabilityOccurence,Coverage Trigger: Occurrence,,matchOnce,must be present,,,non_compliant,Block Requirements,,,false,0,,2026-08-16
"Block Real Estate Services, LLC",6a46aa6469f1b5416f79aebd,6a46a9fa881712769bd5951f,"Betur, LLC",69fdef8fbf1df2fe9692198a,"3rd959 - Bell 39 Properties, LLC",evidenceOfInsurance,Evidence of Insurance,excessOrUmbrellaLiability,Umbrella/Excess Liability,evidenceOfInsuranceExcessOrUmbrellaLiabilityEachOccurrence,Each Occurrence,,matchOnce,must be greater or equal to,1000000,,non_compliant,Block Requirements,,,false,0,,2026-08-16
"Block Real Estate Services, LLC",6a46aa6469f1b5416f79aebd,6a46a9fa881712769bd5951f,"Betur, LLC",69fdef8fbf1df2fe9692198a,"3rd959 - Bell 39 Properties, LLC",evidenceOfInsurance,Evidence of Insurance,excessOrUmbrellaLiability,Umbrella/Excess Liability,evidenceOfInsuranceExcessOrUmbrellaLiabilityAggregate,Aggregate,,matchOnce,must be greater or equal to,1000000,,non_compliant,Block Requirements,,,false,0,,2026-08-16
"Block Real Estate Services, LLC",6a46aa6469f1b5416f79aebd,6a46a9fa881712769bd5951f,"Betur, LLC",69fdef8fbf1df2fe9692198a,"3rd959 - Bell 39 Properties, LLC",evidenceOfInsurance,Evidence of Insurance,workersCompensation,Workers' Compensation and Employer's Liability,evidenceOfInsuranceWorkersCompensationStatutoryLimits,Statutory Limits,,matchOnce,must be present,,,non_compliant,Block Requirements,,,false,0,,2026-08-16
"Block Real Estate Services, LLC",6a46aa6469f1b5416f79aebd,6a46a9fa881712769bd5951f,"Betur, LLC",69fdef8fbf1df2fe9692198a,"3rd959 - Bell 39 Properties, LLC",evidenceOfInsurance,Evidence of Insurance,workersCompensation,Workers' Compensation and Employer's Liability,evidenceOfInsuranceWorkersCompensationEmployersLiabilityEachAccident,Employer's Liability Each Accident,,matchOnce,must be greater or equal to,500000,,non_compliant,Block Requirements,,,false,0,,2026-08-16
"Block Real Estate Services, LLC",6a46aa6469f1b5416f79aebd,6a46a9fa881712769bd5951f,"Betur, LLC",69fdef8fbf1df2fe9692198a,"3rd959 - Bell 39 Properties, LLC",evidenceOfInsurance,Evidence of Insurance,workersCompensation,Workers' Compensation and Employer's Liability,evidenceOfInsuranceWorkersCompensationEmployersLiabilityDiseaseEachEmployee,Employer's Liability Disease - each employee,,matchOnce,must be greater or equal to,500000,,non_compliant,Block Requirements,,,false,0,,2026-08-16
"Block Real Estate Services, LLC",6a46aa6469f1b5416f79aebd,6a46a9fa881712769bd5951f,"Betur, LLC",69fdef8fbf1df2fe9692198a,"3rd959 - Bell 39 Properties, LLC",evidenceOfInsurance,Evidence of Insurance,workersCompensation,Workers' Compensation and Employer's Liability,evidenceOfInsuranceWorkersCompensationEmployersLiabilityDiseasePolicyLimit,Employer's Liability Disease - policy limit,,matchOnce,must be greater or equal to,500000,,non_compliant,Block Requirements,,,false,0,,2026-08-16
"Block Real Estate Services, LLC",6a46aa6469f1b5416f79aebd,6a46a9fa881712769bd5951f,"Betur, LLC",69fdef8fbf1df2fe9692198a,"3rd959 - Bell 39 Properties, LLC",evidenceOfInsurance,Evidence of Insurance,workersCompensation,Workers' Compensation and Employer's Liability,evidenceOfInsuranceWorkersCompensationWaiverOfSubrogationEndorsement,Waiver of Subrogation,"---prompt---
Determine if the insurer has waived their right of subrogation in favor of the certificate holder under the Workers' Compensation policy. Evidence may include: a checked ""Waiver of Subrogation"" box on the certificate, mention in the Description of Operations section stating ""waiver of subrogation applies"", or reference to form WC 00 03 13. Look for language like ""subrogation is waived"" or ""per written contract"".",matchOnce,must be present,,,non_compliant,Block Requirements,,,false,0,,2026-08-16
"Block Real Estate Services, LLC",6a46aa6469f1b5416f79aebd,6a46a9fa881712769bd5951f,"Betur, LLC",69fdef8fbf1df2fe9692198a,"3rd959 - Bell 39 Properties, LLC",evidenceOfInsurance,Evidence of Insurance,6ac20aae-5728-5d57-b364-aeba38527dba,Additional Requirements,4da5b0f1-4c9d-5885-8cf8-5d3cccaed3e0,"Block Real Estate Services, LLC and all others required by contract are named as Additional Insureds","---prompt---
Determine if the Description of Operations or the Additional Remarks Schedule section states the ""Additional Insured as Construction Management, Inc. and all others required by contract"" or reference to blanket additional insured coverage. Look for language like ""certificate holder is additional insured"" or ""per written contract"".",matchOnce,must be present,,,non_compliant,Block Requirements,,,true,0,,2026-08-16
"Block Real Estate Services, LLC",6a46aa6469f1b5416f79aebd,6a46a9fa881712769bd5951f,"Betur, LLC",69fdef8fbf1df2fe9692198a,"3rd959 - Bell 39 Properties, LLC",evidenceOfInsurance,Evidence of Insurance,6ac20aae-5728-5d57-b364-aeba38527dba,Additional Requirements,e1017741-e47e-5f58-97b8-fbc3043e919f,Umbrella follows form over General Liability,"---prompt---
Determine if the Umbrella/Excess Liability policy follows form to the underlying policies. Evidence may include: language in the Description of Operations section stating the umbrella follows form to underlying coverages or an additional page endorsement stating that it follows form. Follow form means the umbrella policy adopts the same terms, conditions, and exclusions as the underlying policies.",matchOnce,must be present,,,non_compliant,Block Requirements,,,true,0,,2026-08-16
"Block Real Estate Services, LLC",6a46aa6469f1b5416f79aebd,6a46a9fa881712769bd5951f,"Betur, LLC",69fdef8fbf1df2fe9692198a,"3rd959 - Bell 39 Properties, LLC",evidenceOfInsurance,Evidence of Insurance,6ac20aae-5728-5d57-b364-aeba38527dba,Additional Requirements,2cdd866f-c9a4-576a-afd8-1d045762790c,"The location must be listed as: 1719 W 39th Street, Suite 206, Kansas City, MO 66111",,matchOnce,must be present,,,non_compliant,Block Requirements,,,true,0,,2026-08-16
"Block Real Estate Services, LLC",6a46aa6469f1b5416f79aebd,6a46a9fa881712769bd5951f,"Betur, LLC",69fdef8fbf1df2fe9692198a,"3rd959 - Bell 39 Properties, LLC",evidenceOfInsurance,Evidence of Insurance,6ac20aae-5728-5d57-b364-aeba38527dba,Additional Requirements,3649e9d1-4e09-59bf-8f30-cb33c40cf117,"Certificate Holder must read: c/o Block Real Estate Services, LLC, 4622 Pennsylvania St., Suite 700, Kansas City, MO, 64112",,matchOnce,must be present,,,non_compliant,Block Requirements,,,true,0,,2026-08-16
"Block Real Estate Services, LLC",6a46aa6469f1b5416f79aebf,6a46a9fa881712769bd5952d,Chazmine English,69fdef8fbf1df2fe9692198a,"3rd959 - Bell 39 Properties, LLC",evidenceOfInsurance,Evidence of Insurance,commercialGeneralLiability,Commercial General Liability,evidenceOfInsuranceCommercialGeneralLiabilityCoverageTriggerOccurrence,Coverage Trigger: Occurrence,,matchOnce,must be present,,,non_compliant,Block Requirements,,,false,0,,2026-08-16
"Block Real Estate Services, LLC",6a46aa6469f1b5416f79aebf,6a46a9fa881712769bd5952d,Chazmine English,69fdef8fbf1df2fe9692198a,"3rd959 - Bell 39 Properties, LLC",evidenceOfInsurance,Evidence of Insurance,commercialGeneralLiability,Commercial General Liability,evidenceOfInsuranceCommercialGeneralLiabilityGeneralAggregateLimitAppliesPerLocation,General Aggregate Limit Applies per: Location,,matchOnce,must be present,,,non_compliant,Block Requirements,,,false,0,,2026-08-16
"Block Real Estate Services, LLC",6a46aa6469f1b5416f79aebf,6a46a9fa881712769bd5952d,Chazmine English,69fdef8fbf1df2fe9692198a,"3rd959 - Bell 39 Properties, LLC",evidenceOfInsurance,Evidence of Insurance,commercialGeneralLiability,Commercial General Liability,evidenceOfInsuranceCommercialGeneralLiabilityEachOccurrence,Each Occurrence,,matchOnce,must be greater or equal to,1000000,,non_compliant,Block Requirements,,,false,0,,2026-08-16
"Block Real Estate Services, LLC",6a46aa6469f1b5416f79aebf,6a46a9fa881712769bd5952d,Chazmine English,69fdef8fbf1df2fe9692198a,"3rd959 - Bell 39 Properties, LLC",evidenceOfInsurance,Evidence of Insurance,commercialGeneralLiability,Commercial General Liability,evidenceOfInsuranceCommercialGeneralLiabilityGeneralAggregate,General Aggregate,,matchOnce,must be greater or equal to,2000000,,non_compliant,Block Requirements,,,false,0,,2026-08-16
"Block Real Estate Services, LLC",6a46aa6469f1b5416f79aebf,6a46a9fa881712769bd5952d,Chazmine English,69fdef8fbf1df2fe9692198a,"3rd959 - Bell 39 Properties, LLC",evidenceOfInsurance,Evidence of Insurance,commercialGeneralLiability,Commercial General Liability,evidenceOfInsuranceCommercialGeneralLiabilityWaiverOfSubrogationEndorsement,Waiver of Subrogation,"---prompt---
Determine if the insurer has waived their right of subrogation in favor of the certificate holder under the Commercial General Liability policy. Evidence may include: a checked ""Waiver of Subrogation"" box on the certificate, mention in the Description of Operations section stating ""waiver of subrogation applies"", or reference to form CG 24 04. Look for language like ""subrogation is waived"" or ""per written contract"".",matchOnce,must be present,,,non_compliant,Block Requirements,,,false,0,,2026-08-16
"Block Real Estate Services, LLC",6a46aa6469f1b5416f79aebf,6a46a9fa881712769bd5952d,Chazmine English,69fdef8fbf1df2fe9692198a,"3rd959 - Bell 39 Properties, LLC",evidenceOfInsurance,Evidence of Insurance,excessOrUmbrellaLiability,Umbrella/Excess Liability,evidenceOfInsuranceExcessOrUmbrellaLiabilityOccurence,Coverage Trigger: Occurrence,,matchOnce,must be present,,,non_compliant,Block Requirements,,,false,0,,2026-08-16
"Block Real Estate Services, LLC",6a46aa6469f1b5416f79aebf,6a46a9fa881712769bd5952d,Chazmine English,69fdef8fbf1df2fe9692198a,"3rd959 - Bell 39 Properties, LLC",evidenceOfInsurance,Evidence of Insurance,excessOrUmbrellaLiability,Umbrella/Excess Liability,evidenceOfInsuranceExcessOrUmbrellaLiabilityEachOccurrence,Each Occurrence,,matchOnce,must be greater or equal to,1000000,,non_compliant,Block Requirements,,,false,0,,2026-08-16
"Block Real Estate Services, LLC",6a46aa6469f1b5416f79aebf,6a46a9fa881712769bd5952d,Chazmine English,69fdef8fbf1df2fe9692198a,"3rd959 - Bell 39 Properties, LLC",evidenceOfInsurance,Evidence of Insurance,excessOrUmbrellaLiability,Umbrella/Excess Liability,evidenceOfInsuranceExcessOrUmbrellaLiabilityAggregate,Aggregate,,matchOnce,must be greater or equal to,1000000,,non_compliant,Block Requirements,,,false,0,,2026-08-16
"Block Real Estate Services, LLC",6a46aa6469f1b5416f79aebf,6a46a9fa881712769bd5952d,Chazmine English,69fdef8fbf1df2fe9692198a,"3rd959 - Bell 39 Properties, LLC",evidenceOfInsurance,Evidence of Insurance,workersCompensation,Workers' Compensation and Employer's Liability,evidenceOfInsuranceWorkersCompensationStatutoryLimits,Statutory Limits,,matchOnce,must be present,,,non_compliant,Block Requirements,,,false,0,,2026-08-16
"Block Real Estate Services, LLC",6a46aa6469f1b5416f79aebf,6a46a9fa881712769bd5952d,Chazmine English,69fdef8fbf1df2fe9692198a,"3rd959 - Bell 39 Properties, LLC",evidenceOfInsurance,Evidence of Insurance,workersCompensation,Workers' Compensation and Employer's Liability,evidenceOfInsuranceWorkersCompensationEmployersLiabilityEachAccident,Employer's Liability Each Accident,,matchOnce,must be greater or equal to,500000,,non_compliant,Block Requirements,,,false,0,,2026-08-16
"Block Real Estate Services, LLC",6a46aa6469f1b5416f79aebf,6a46a9fa881712769bd5952d,Chazmine English,69fdef8fbf1df2fe9692198a,"3rd959 - Bell 39 Properties, LLC",evidenceOfInsurance,Evidence of Insurance,workersCompensation,Workers' Compensation and Employer's Liability,evidenceOfInsuranceWorkersCompensationEmployersLiabilityDiseaseEachEmployee,Employer's Liability Disease - each employee,,matchOnce,must be greater or equal to,500000,,non_compliant,Block Requirements,,,false,0,,2026-08-16
"Block Real Estate Services, LLC",6a46aa6469f1b5416f79aebf,6a46a9fa881712769bd5952d,Chazmine English,69fdef8fbf1df2fe9692198a,"3rd959 - Bell 39 Properties, LLC",evidenceOfInsurance,Evidence of Insurance,workersCompensation,Workers' Compensation and Employer's Liability,evidenceOfInsuranceWorkersCompensationEmployersLiabilityDiseasePolicyLimit,Employer's Liability Disease - policy limit,,matchOnce,must be greater or equal to,500000,,non_compliant,Block Requirements,,,false,0,,2026-08-16
"Block Real Estate Services, LLC",6a46aa6469f1b5416f79aebf,6a46a9fa881712769bd5952d,Chazmine English,69fdef8fbf1df2fe9692198a,"3rd959 - Bell 39 Properties, LLC",evidenceOfInsurance,Evidence of Insurance,workersCompensation,Workers' Compensation and Employer's Liability,evidenceOfInsuranceWorkersCompensationWaiverOfSubrogationEndorsement,Waiver of Subrogation,"---prompt---
Determine if the insurer has waived their right of subrogation in favor of the certificate holder under the Workers' Compensation policy. Evidence may include: a checked ""Waiver of Subrogation"" box on the certificate, mention in the Description of Operations section stating ""waiver of subrogation applies"", or reference to form WC 00 03 13. Look for language like ""subrogation is waived"" or ""per written contract"".",matchOnce,must be present,,,non_compliant,Block Requirements,,,false,0,,2026-08-16
"Block Real Estate Services, LLC",6a46aa6469f1b5416f79aebf,6a46a9fa881712769bd5952d,Chazmine English,69fdef8fbf1df2fe9692198a,"3rd959 - Bell 39 Properties, LLC",evidenceOfInsurance,Evidence of Insurance,6ac20aae-5728-5d57-b364-aeba38527dba,Additional Requirements,4da5b0f1-4c9d-5885-8cf8-5d3cccaed3e0,"Block Real Estate Services, LLC and all others required by contract are named as Additional Insureds","---prompt---
Determine if the Description of Operations or the Additional Remarks Schedule section states the ""Additional Insured as Construction Management, Inc. and all others required by contract"" or reference to blanket additional insured coverage. Look for language like ""certificate holder is additional insured"" or ""per written contract"".",matchOnce,must be present,,,non_compliant,Block Requirements,,,true,0,,2026-08-16
"Block Real Estate Services, LLC",6a46aa6469f1b5416f79aebf,6a46a9fa881712769bd5952d,Chazmine English,69fdef8fbf1df2fe9692198a,"3rd959 - Bell 39 Properties, LLC",evidenceOfInsurance,Evidence of Insurance,6ac20aae-5728-5d57-b364-aeba38527dba,Additional Requirements,e1017741-e47e-5f58-97b8-fbc3043e919f,Umbrella follows form over General Liability,"---prompt---
Determine if the Umbrella/Excess Liability policy follows form to the underlying policies. Evidence may include: language in the Description of Operations section stating the umbrella follows form to underlying coverages or an additional page endorsement stating that it follows form. Follow form means the umbrella policy adopts the same terms, conditions, and exclusions as the underlying policies.",matchOnce,must be present,,,non_compliant,Block Requirements,,,true,0,,2026-08-16
"Block Real Estate Services, LLC",6a46aa6469f1b5416f79aebf,6a46a9fa881712769bd5952d,Chazmine English,69fdef8fbf1df2fe9692198a,"3rd959 - Bell 39 Properties, LLC",evidenceOfInsurance,Evidence of Insurance,6ac20aae-5728-5d57-b364-aeba38527dba,Additional Requirements,2cdd866f-c9a4-576a-afd8-1d045762790c,"The location must be listed as: 1717 W 39th Street, Suite 203, Kansas City, MO 66111",,matchOnce,must be present,,,non_compliant,Block Requirements,,,true,0,,2026-08-16
"Block Real Estate Services, LLC",6a46aa6469f1b5416f79aebf,6a46a9fa881712769bd5952d,Chazmine English,69fdef8fbf1df2fe9692198a,"3rd959 - Bell 39 Properties, LLC",evidenceOfInsurance,Evidence of Insurance,6ac20aae-5728-5d57-b364-aeba38527dba,Additional Requirements,3649e9d1-4e09-59bf-8f30-cb33c40cf117,"Certificate Holder must read: c/o Block Real Estate Services, LLC, 4622 Pennsylvania St., Suite 700, Kansas City, MO, 64112",,matchOnce,must be present,,,non_compliant,Block Requirements,,,true,0,,2026-08-16
"Block Real Estate Services, LLC",6a46aa6469f1b5416f79aec0,6a46a9fa881712769bd59534,"Divino Brands, LLC",69fdef8fbf1df2fe9692198a,"3rd959 - Bell 39 Properties, LLC",evidenceOfInsurance,Evidence of Insurance,commercialGeneralLiability,Commercial General Liability,evidenceOfInsuranceCommercialGeneralLiabilityCoverageTriggerOccurrence,Coverage Trigger: Occurrence,,matchOnce,must be present,,,non_compliant,Block Requirements,,,false,0,,2026-08-16
"Block Real Estate Services, LLC",6a46aa6469f1b5416f79aec0,6a46a9fa881712769bd59534,"Divino Brands, LLC",69fdef8fbf1df2fe9692198a,"3rd959 - Bell 39 Properties, LLC",evidenceOfInsurance,Evidence of Insurance,commercialGeneralLiability,Commercial General Liability,evidenceOfInsuranceCommercialGeneralLiabilityGeneralAggregateLimitAppliesPerLocation,General Aggregate Limit Applies per: Location,,matchOnce,must be present,,,non_compliant,Block Requirements,,,false,0,,2026-08-16
"Block Real Estate Services, LLC",6a46aa6469f1b5416f79aec0,6a46a9fa881712769bd59534,"Divino Brands, LLC",69fdef8fbf1df2fe9692198a,"3rd959 - Bell 39 Properties, LLC",evidenceOfInsurance,Evidence of Insurance,commercialGeneralLiability,Commercial General Liability,evidenceOfInsuranceCommercialGeneralLiabilityEachOccurrence,Each Occurrence,,matchOnce,must be greater or equal to,1000000,,non_compliant,Block Requirements,,,false,0,,2026-08-16
"Block Real Estate Services, LLC",6a46aa6469f1b5416f79aec0,6a46a9fa881712769bd59534,"Divino Brands, LLC",69fdef8fbf1df2fe9692198a,"3rd959 - Bell 39 Properties, LLC",evidenceOfInsurance,Evidence of Insurance,commercialGeneralLiability,Commercial General Liability,evidenceOfInsuranceCommercialGeneralLiabilityGeneralAggregate,General Aggregate,,matchOnce,must be greater or equal to,2000000,,non_compliant,Block Requirements,,,false,0,,2026-08-16
"Block Real Estate Services, LLC",6a46aa6469f1b5416f79aec0,6a46a9fa881712769bd59534,"Divino Brands, LLC",69fdef8fbf1df2fe9692198a,"3rd959 - Bell 39 Properties, LLC",evidenceOfInsurance,Evidence of Insurance,commercialGeneralLiability,Commercial General Liability,evidenceOfInsuranceCommercialGeneralLiabilityWaiverOfSubrogationEndorsement,Waiver of Subrogation,"---prompt---
Determine if the insurer has waived their right of subrogation in favor of the certificate holder under the Commercial General Liability policy. Evidence may include: a checked ""Waiver of Subrogation"" box on the certificate, mention in the Description of Operations section stating ""waiver of subrogation applies"", or reference to form CG 24 04. Look for language like ""subrogation is waived"" or ""per written contract"".",matchOnce,must be present,,,non_compliant,Block Requirements,,,false,0,,2026-08-16
"Block Real Estate Services, LLC",6a46aa6469f1b5416f79aec0,6a46a9fa881712769bd59534,"Divino Brands, LLC",69fdef8fbf1df2fe9692198a,"3rd959 - Bell 39 Properties, LLC",evidenceOfInsurance,Evidence of Insurance,excessOrUmbrellaLiability,Umbrella/Excess Liability,evidenceOfInsuranceExcessOrUmbrellaLiabilityOccurence,Coverage Trigger: Occurrence,,matchOnce,must be present,,,non_compliant,Block Requirements,,,false,0,,2026-08-16
"Block Real Estate Services, LLC",6a46aa6469f1b5416f79aec0,6a46a9fa881712769bd59534,"Divino Brands, LLC",69fdef8fbf1df2fe9692198a,"3rd959 - Bell 39 Properties, LLC",evidenceOfInsurance,Evidence of Insurance,excessOrUmbrellaLiability,Umbrella/Excess Liability,evidenceOfInsuranceExcessOrUmbrellaLiabilityEachOccurrence,Each Occurrence,,matchOnce,must be greater or equal to,1000000,,non_compliant,Block Requirements,,,false,0,,2026-08-16
"Block Real Estate Services, LLC",6a46aa6469f1b5416f79aec0,6a46a9fa881712769bd59534,"Divino Brands, LLC",69fdef8fbf1df2fe9692198a,"3rd959 - Bell 39 Properties, LLC",evidenceOfInsurance,Evidence of Insurance,excessOrUmbrellaLiability,Umbrella/Excess Liability,evidenceOfInsuranceExcessOrUmbrellaLiabilityAggregate,Aggregate,,matchOnce,must be greater or equal to,1000000,,non_compliant,Block Requirements,,,false,0,,2026-08-16
"Block Real Estate Services, LLC",6a46aa6469f1b5416f79aec0,6a46a9fa881712769bd59534,"Divino Brands, LLC",69fdef8fbf1df2fe9692198a,"3rd959 - Bell 39 Properties, LLC",evidenceOfInsurance,Evidence of Insurance,workersCompensation,Workers' Compensation and Employer's Liability,evidenceOfInsuranceWorkersCompensationStatutoryLimits,Statutory Limits,,matchOnce,must be present,,,non_compliant,Block Requirements,,,false,0,,2026-08-16
"Block Real Estate Services, LLC",6a46aa6469f1b5416f79aec0,6a46a9fa881712769bd59534,"Divino Brands, LLC",69fdef8fbf1df2fe9692198a,"3rd959 - Bell 39 Properties, LLC",evidenceOfInsurance,Evidence of Insurance,workersCompensation,Workers' Compensation and Employer's Liability,evidenceOfInsuranceWorkersCompensationEmployersLiabilityEachAccident,Employer's Liability Each Accident,,matchOnce,must be greater or equal to,500000,,non_compliant,Block Requirements,,,false,0,,2026-08-16
"Block Real Estate Services, LLC",6a46aa6469f1b5416f79aec0,6a46a9fa881712769bd59534,"Divino Brands, LLC",69fdef8fbf1df2fe9692198a,"3rd959 - Bell 39 Properties, LLC",evidenceOfInsurance,Evidence of Insurance,workersCompensation,Workers' Compensation and Employer's Liability,evidenceOfInsuranceWorkersCompensationEmployersLiabilityDiseaseEachEmployee,Employer's Liability Disease - each employee,,matchOnce,must be greater or equal to,500000,,non_compliant,Block Requirements,,,false,0,,2026-08-16
"Block Real Estate Services, LLC",6a46aa6469f1b5416f79aec0,6a46a9fa881712769bd59534,"Divino Brands, LLC",69fdef8fbf1df2fe9692198a,"3rd959 - Bell 39 Properties, LLC",evidenceOfInsurance,Evidence of Insurance,workersCompensation,Workers' Compensation and Employer's Liability,evidenceOfInsuranceWorkersCompensationEmployersLiabilityDiseasePolicyLimit,Employer's Liability Disease - policy limit,,matchOnce,must be greater or equal to,500000,,non_compliant,Block Requirements,,,false,0,,2026-08-16
"Block Real Estate Services, LLC",6a46aa6469f1b5416f79aec0,6a46a9fa881712769bd59534,"Divino Brands, LLC",69fdef8fbf1df2fe9692198a,"3rd959 - Bell 39 Properties, LLC",evidenceOfInsurance,Evidence of Insurance,workersCompensation,Workers' Compensation and Employer's Liability,evidenceOfInsuranceWorkersCompensationWaiverOfSubrogationEndorsement,Waiver of Subrogation,"---prompt---
Determine if the insurer has waived their right of subrogation in favor of the certificate holder under the Workers' Compensation policy. Evidence may include: a checked ""Waiver of Subrogation"" box on the certificate, mention in the Description of Operations section stating ""waiver of subrogation applies"", or reference to form WC 00 03 13. Look for language like ""subrogation is waived"" or ""per written contract"".",matchOnce,must be present,,,non_compliant,Block Requirements,,,false,0,,2026-08-16
"Block Real Estate Services, LLC",6a46aa6469f1b5416f79aec0,6a46a9fa881712769bd59534,"Divino Brands, LLC",69fdef8fbf1df2fe9692198a,"3rd959 - Bell 39 Properties, LLC",evidenceOfInsurance,Evidence of Insurance,6ac20aae-5728-5d57-b364-aeba38527dba,Additional Requirements,4da5b0f1-4c9d-5885-8cf8-5d3cccaed3e0,"Block Real Estate Services, LLC and all others required by contract are named as Additional Insureds","---prompt---
Determine if the Description of Operations or the Additional Remarks Schedule section states the ""Additional Insured as Construction Management, Inc. and all others required by contract"" or reference to blanket additional insured coverage. Look for language like ""certificate holder is additional insured"" or ""per written contract"".",matchOnce,must be present,,,non_compliant,Block Requirements,,,true,0,,2026-08-16
"Block Real Estate Services, LLC",6a46aa6469f1b5416f79aec0,6a46a9fa881712769bd59534,"Divino Brands, LLC",69fdef8fbf1df2fe9692198a,"3rd959 - Bell 39 Properties, LLC",evidenceOfInsurance,Evidence of Insurance,6ac20aae-5728-5d57-b364-aeba38527dba,Additional Requirements,e1017741-e47e-5f58-97b8-fbc3043e919f,Umbrella follows form over General Liability,"---prompt---
Determine if the Umbrella/Excess Liability policy follows form to the underlying policies. Evidence may include: language in the Description of Operations section stating the umbrella follows form to underlying coverages or an additional page endorsement stating that it follows form. Follow form means the umbrella policy adopts the same terms, conditions, and exclusions as the underlying policies.",matchOnce,must be present,,,non_compliant,Block Requirements,,,true,0,,2026-08-16
"Block Real Estate Services, LLC",6a46aa6469f1b5416f79aec0,6a46a9fa881712769bd59534,"Divino Brands, LLC",69fdef8fbf1df2fe9692198a,"3rd959 - Bell 39 Properties, LLC",evidenceOfInsurance,Evidence of Insurance,6ac20aae-5728-5d57-b364-aeba38527dba,Additional Requirements,2cdd866f-c9a4-576a-afd8-1d045762790c,"The location must be listed as: 1721 W 39th Street, Kansas City, MO 66111",,matchOnce,must be present,,,non_compliant,Block Requirements,,,true,0,,2026-08-16
"Block Real Estate Services, LLC",6a46aa6469f1b5416f79aec0,6a46a9fa881712769bd59534,"Divino Brands, LLC",69fdef8fbf1df2fe9692198a,"3rd959 - Bell 39 Properties, LLC",evidenceOfInsurance,Evidence of Insurance,6ac20aae-5728-5d57-b364-aeba38527dba,Additional Requirements,3649e9d1-4e09-59bf-8f30-cb33c40cf117,"Certificate Holder must read: c/o Block Real Estate Services, LLC, 4622 Pennsylvania St., Suite 700, Kansas City, MO, 64112",,matchOnce,must be present,,,non_compliant,Block Requirements,,,true,0,,2026-08-16
"Block Real Estate Services, LLC",6a46aa6469f1b5416f79aec1,6a46a9fa881712769bd5953b,Evalinesthetics,69fdef8fbf1df2fe9692198a,"3rd959 - Bell 39 Properties, LLC",evidenceOfInsurance,Evidence of Insurance,commercialGeneralLiability,Commercial General Liability,evidenceOfInsuranceCommercialGeneralLiabilityCoverageTriggerOccurrence,Coverage Trigger: Occurrence,,matchOnce,must be present,,,non_compliant,Block Requirements,,,false,0,,2026-08-16
"Block Real Estate Services, LLC",6a46aa6469f1b5416f79aec1,6a46a9fa881712769bd5953b,Evalinesthetics,69fdef8fbf1df2fe9692198a,"3rd959 - Bell 39 Properties, LLC",evidenceOfInsurance,Evidence of Insurance,commercialGeneralLiability,Commercial General Liability,evidenceOfInsuranceCommercialGeneralLiabilityGeneralAggregateLimitAppliesPerLocation,General Aggregate Limit Applies per: Location,,matchOnce,must be present,,,non_compliant,Block Requirements,,,false,0,,2026-08-16
"Block Real Estate Services, LLC",6a46aa6469f1b5416f79aec1,6a46a9fa881712769bd5953b,Evalinesthetics,69fdef8fbf1df2fe9692198a,"3rd959 - Bell 39 Properties, LLC",evidenceOfInsurance,Evidence of Insurance,commercialGeneralLiability,Commercial General Liability,evidenceOfInsuranceCommercialGeneralLiabilityEachOccurrence,Each Occurrence,,matchOnce,must be greater or equal to,1000000,,non_compliant,Block Requirements,,,false,0,,2026-08-16
"Block Real Estate Services, LLC",6a46aa6469f1b5416f79aec1,6a46a9fa881712769bd5953b,Evalinesthetics,69fdef8fbf1df2fe9692198a,"3rd959 - Bell 39 Properties, LLC",evidenceOfInsurance,Evidence of Insurance,commercialGeneralLiability,Commercial General Liability,evidenceOfInsuranceCommercialGeneralLiabilityGeneralAggregate,General Aggregate,,matchOnce,must be greater or equal to,2000000,,non_compliant,Block Requirements,,,false,0,,2026-08-16
"Block Real Estate Services, LLC",6a46aa6469f1b5416f79aec1,6a46a9fa881712769bd5953b,Evalinesthetics,69fdef8fbf1df2fe9692198a,"3rd959 - Bell 39 Properties, LLC",evidenceOfInsurance,Evidence of Insurance,commercialGeneralLiability,Commercial General Liability,evidenceOfInsuranceCommercialGeneralLiabilityWaiverOfSubrogationEndorsement,Waiver of Subrogation,"---prompt---
Determine if the insurer has waived their right of subrogation in favor of the certificate holder under the Commercial General Liability policy. Evidence may include: a checked ""Waiver of Subrogation"" box on the certificate, mention in the Description of Operations section stating ""waiver of subrogation applies"", or reference to form CG 24 04. Look for language like ""subrogation is waived"" or ""per written contract"".",matchOnce,must be present,,,non_compliant,Block Requirements,,,false,0,,2026-08-16
"Block Real Estate Services, LLC",6a46aa6469f1b5416f79aec1,6a46a9fa881712769bd5953b,Evalinesthetics,69fdef8fbf1df2fe9692198a,"3rd959 - Bell 39 Properties, LLC",evidenceOfInsurance,Evidence of Insurance,excessOrUmbrellaLiability,Umbrella/Excess Liability,evidenceOfInsuranceExcessOrUmbrellaLiabilityOccurence,Coverage Trigger: Occurrence,,matchOnce,must be present,,,non_compliant,Block Requirements,,,false,0,,2026-08-16
"Block Real Estate Services, LLC",6a46aa6469f1b5416f79aec1,6a46a9fa881712769bd5953b,Evalinesthetics,69fdef8fbf1df2fe9692198a,"3rd959 - Bell 39 Properties, LLC",evidenceOfInsurance,Evidence of Insurance,excessOrUmbrellaLiability,Umbrella/Excess Liability,evidenceOfInsuranceExcessOrUmbrellaLiabilityEachOccurrence,Each Occurrence,,matchOnce,must be greater or equal to,1000000,,non_compliant,Block Requirements,,,false,0,,2026-08-16
"Block Real Estate Services, LLC",6a46aa6469f1b5416f79aec1,6a46a9fa881712769bd5953b,Evalinesthetics,69fdef8fbf1df2fe9692198a,"3rd959 - Bell 39 Properties, LLC",evidenceOfInsurance,Evidence of Insurance,excessOrUmbrellaLiability,Umbrella/Excess Liability,evidenceOfInsuranceExcessOrUmbrellaLiabilityAggregate,Aggregate,,matchOnce,must be greater or equal to,1000000,,non_compliant,Block Requirements,,,false,0,,2026-08-16
"Block Real Estate Services, LLC",6a46aa6469f1b5416f79aec1,6a46a9fa881712769bd5953b,Evalinesthetics,69fdef8fbf1df2fe9692198a,"3rd959 - Bell 39 Properties, LLC",evidenceOfInsurance,Evidence of Insurance,workersCompensation,Workers' Compensation and Employer's Liability,evidenceOfInsuranceWorkersCompensationStatutoryLimits,Statutory Limits,,matchOnce,must be present,,,non_compliant,Block Requirements,,,false,0,,2026-08-16
"Block Real Estate Services, LLC",6a46aa6469f1b5416f79aec1,6a46a9fa881712769bd5953b,Evalinesthetics,69fdef8fbf1df2fe9692198a,"3rd959 - Bell 39 Properties, LLC",evidenceOfInsurance,Evidence of Insurance,workersCompensation,Workers' Compensation and Employer's Liability,evidenceOfInsuranceWorkersCompensationEmployersLiabilityEachAccident,Employer's Liability Each Accident,,matchOnce,must be greater or equal to,500000,,non_compliant,Block Requirements,,,false,0,,2026-08-16
"Block Real Estate Services, LLC",6a46aa6469f1b5416f79aec1,6a46a9fa881712769bd5953b,Evalinesthetics,69fdef8fbf1df2fe9692198a,"3rd959 - Bell 39 Properties, LLC",evidenceOfInsurance,Evidence of Insurance,workersCompensation,Workers' Compensation and Employer's Liability,evidenceOfInsuranceWorkersCompensationEmployersLiabilityDiseaseEachEmployee,Employer's Liability Disease - each employee,,matchOnce,must be greater or equal to,500000,,non_compliant,Block Requirements,,,false,0,,2026-08-16
"Block Real Estate Services, LLC",6a46aa6469f1b5416f79aec1,6a46a9fa881712769bd5953b,Evalinesthetics,69fdef8fbf1df2fe9692198a,"3rd959 - Bell 39 Properties, LLC",evidenceOfInsurance,Evidence of Insurance,workersCompensation,Workers' Compensation and Employer's Liability,evidenceOfInsuranceWorkersCompensationEmployersLiabilityDiseasePolicyLimit,Employer's Liability Disease - policy limit,,matchOnce,must be greater or equal to,500000,,non_compliant,Block Requirements,,,false,0,,2026-08-16
"Block Real Estate Services, LLC",6a46aa6469f1b5416f79aec1,6a46a9fa881712769bd5953b,Evalinesthetics,69fdef8fbf1df2fe9692198a,"3rd959 - Bell 39 Properties, LLC",evidenceOfInsurance,Evidence of Insurance,workersCompensation,Workers' Compensation and Employer's Liability,evidenceOfInsuranceWorkersCompensationWaiverOfSubrogationEndorsement,Waiver of Subrogation,"---prompt---
Determine if the insurer has waived their right of subrogation in favor of the certificate holder under the Workers' Compensation policy. Evidence may include: a checked ""Waiver of Subrogation"" box on the certificate, mention in the Description of Operations section stating ""waiver of subrogation applies"", or reference to form WC 00 03 13. Look for language like ""subrogation is waived"" or ""per written contract"".",matchOnce,must be present,,,non_compliant,Block Requirements,,,false,0,,2026-08-16
"Block Real Estate Services, LLC",6a46aa6469f1b5416f79aec1,6a46a9fa881712769bd5953b,Evalinesthetics,69fdef8fbf1df2fe9692198a,"3rd959 - Bell 39 Properties, LLC",evidenceOfInsurance,Evidence of Insurance,6ac20aae-5728-5d57-b364-aeba38527dba,Additional Requirements,4da5b0f1-4c9d-5885-8cf8-5d3cccaed3e0,"Block Real Estate Services, LLC and all others required by contract are named as Additional Insureds","---prompt---
Determine if the Description of Operations or the Additional Remarks Schedule section states the ""Additional Insured as Construction Management, Inc. and all others required by contract"" or reference to blanket additional insured coverage. Look for language like ""certificate holder is additional insured"" or ""per written contract"".",matchOnce,must be present,,,non_compliant,Block Requirements,,,true,0,,2026-08-16
"Block Real Estate Services, LLC",6a46aa6469f1b5416f79aec1,6a46a9fa881712769bd5953b,Evalinesthetics,69fdef8fbf1df2fe9692198a,"3rd959 - Bell 39 Properties, LLC",evidenceOfInsurance,Evidence of Insurance,6ac20aae-5728-5d57-b364-aeba38527dba,Additional Requirements,e1017741-e47e-5f58-97b8-fbc3043e919f,Umbrella follows form over General Liability,"---prompt---
Determine if the Umbrella/Excess Liability policy follows form to the underlying policies. Evidence may include: language in the Description of Operations section stating the umbrella follows form to underlying coverages or an additional page endorsement stating that it follows form. Follow form means the umbrella policy adopts the same terms, conditions, and exclusions as the underlying policies.",matchOnce,must be present,,,non_compliant,Block Requirements,,,true,0,,2026-08-16
"Block Real Estate Services, LLC",6a46aa6469f1b5416f79aec1,6a46a9fa881712769bd5953b,Evalinesthetics,69fdef8fbf1df2fe9692198a,"3rd959 - Bell 39 Properties, LLC",evidenceOfInsurance,Evidence of Insurance,6ac20aae-5728-5d57-b364-aeba38527dba,Additional Requirements,2cdd866f-c9a4-576a-afd8-1d045762790c,"The location must be listed as: 1719 W 39th Street, Suite 211, Kansas City, MO 66111",,matchOnce,must be present,,,non_compliant,Block Requirements,,,true,0,,2026-08-16
"Block Real Estate Services, LLC",6a46aa6469f1b5416f79aec1,6a46a9fa881712769bd5953b,Evalinesthetics,69fdef8fbf1df2fe9692198a,"3rd959 - Bell 39 Properties, LLC",evidenceOfInsurance,Evidence of Insurance,6ac20aae-5728-5d57-b364-aeba38527dba,Additional Requirements,3649e9d1-4e09-59bf-8f30-cb33c40cf117,"Certificate Holder must read: c/o Block Real Estate Services, LLC, 4622 Pennsylvania St., Suite 700, Kansas City, MO, 64112",,matchOnce,must be present,,,non_compliant,Block Requirements,,,true,0,,2026-08-16
"Block Real Estate Services, LLC",6a46aa6469f1b5416f79aec4,6a46a9fa881712769bd59549,"Isaiah Ink, LLC",69fdef8fbf1df2fe9692198a,"3rd959 - Bell 39 Properties, LLC",evidenceOfInsurance,Evidence of Insurance,commercialGeneralLiability,Commercial General Liability,evidenceOfInsuranceCommercialGeneralLiabilityCoverageTriggerOccurrence,Coverage Trigger: Occurrence,,matchOnce,must be present,,,non_compliant,Block Requirements,,,false,0,,2026-08-16
"Block Real Estate Services, LLC",6a46aa6469f1b5416f79aec4,6a46a9fa881712769bd59549,"Isaiah Ink, LLC",69fdef8fbf1df2fe9692198a,"3rd959 - Bell 39 Properties, LLC",evidenceOfInsurance,Evidence of Insurance,commercialGeneralLiability,Commercial General Liability,evidenceOfInsuranceCommercialGeneralLiabilityGeneralAggregateLimitAppliesPerLocation,General Aggregate Limit Applies per: Location,,matchOnce,must be present,,,non_compliant,Block Requirements,,,false,0,,2026-08-16
"Block Real Estate Services, LLC",6a46aa6469f1b5416f79aec4,6a46a9fa881712769bd59549,"Isaiah Ink, LLC",69fdef8fbf1df2fe9692198a,"3rd959 - Bell 39 Properties, LLC",evidenceOfInsurance,Evidence of Insurance,commercialGeneralLiability,Commercial General Liability,evidenceOfInsuranceCommercialGeneralLiabilityEachOccurrence,Each Occurrence,,matchOnce,must be greater or equal to,1000000,,non_compliant,Block Requirements,,,false,0,,2026-08-16
"Block Real Estate Services, LLC",6a46aa6469f1b5416f79aec4,6a46a9fa881712769bd59549,"Isaiah Ink, LLC",69fdef8fbf1df2fe9692198a,"3rd959 - Bell 39 Properties, LLC",evidenceOfInsurance,Evidence of Insurance,commercialGeneralLiability,Commercial General Liability,evidenceOfInsuranceCommercialGeneralLiabilityGeneralAggregate,General Aggregate,,matchOnce,must be greater or equal to,2000000,,non_compliant,Block Requirements,,,false,0,,2026-08-16
"Block Real Estate Services, LLC",6a46aa6469f1b5416f79aec4,6a46a9fa881712769bd59549,"Isaiah Ink, LLC",69fdef8fbf1df2fe9692198a,"3rd959 - Bell 39 Properties, LLC",evidenceOfInsurance,Evidence of Insurance,commercialGeneralLiability,Commercial General Liability,evidenceOfInsuranceCommercialGeneralLiabilityWaiverOfSubrogationEndorsement,Waiver of Subrogation,"---prompt---
Determine if the insurer has waived their right of subrogation in favor of the certificate holder under the Commercial General Liability policy. Evidence may include: a checked ""Waiver of Subrogation"" box on the certificate, mention in the Description of Operations section stating ""waiver of subrogation applies"", or reference to form CG 24 04. Look for language like ""subrogation is waived"" or ""per written contract"".",matchOnce,must be present,,,non_compliant,Block Requirements,,,false,0,,2026-08-16
"Block Real Estate Services, LLC",6a46aa6469f1b5416f79aec4,6a46a9fa881712769bd59549,"Isaiah Ink, LLC",69fdef8fbf1df2fe9692198a,"3rd959 - Bell 39 Properties, LLC",evidenceOfInsurance,Evidence of Insurance,excessOrUmbrellaLiability,Umbrella/Excess Liability,evidenceOfInsuranceExcessOrUmbrellaLiabilityOccurence,Coverage Trigger: Occurrence,,matchOnce,must be present,,,non_compliant,Block Requirements,,,false,0,,2026-08-16
"Block Real Estate Services, LLC",6a46aa6469f1b5416f79aec4,6a46a9fa881712769bd59549,"Isaiah Ink, LLC",69fdef8fbf1df2fe9692198a,"3rd959 - Bell 39 Properties, LLC",evidenceOfInsurance,Evidence of Insurance,excessOrUmbrellaLiability,Umbrella/Excess Liability,evidenceOfInsuranceExcessOrUmbrellaLiabilityEachOccurrence,Each Occurrence,,matchOnce,must be greater or equal to,1000000,,non_compliant,Block Requirements,,,false,0,,2026-08-16
"Block Real Estate Services, LLC",6a46aa6469f1b5416f79aec4,6a46a9fa881712769bd59549,"Isaiah Ink, LLC",69fdef8fbf1df2fe9692198a,"3rd959 - Bell 39 Properties, LLC",evidenceOfInsurance,Evidence of Insurance,excessOrUmbrellaLiability,Umbrella/Excess Liability,evidenceOfInsuranceExcessOrUmbrellaLiabilityAggregate,Aggregate,,matchOnce,must be greater or equal to,1000000,,non_compliant,Block Requirements,,,false,0,,2026-08-16
"Block Real Estate Services, LLC",6a46aa6469f1b5416f79aec4,6a46a9fa881712769bd59549,"Isaiah Ink, LLC",69fdef8fbf1df2fe9692198a,"3rd959 - Bell 39 Properties, LLC",evidenceOfInsurance,Evidence of Insurance,workersCompensation,Workers' Compensation and Employer's Liability,evidenceOfInsuranceWorkersCompensationStatutoryLimits,Statutory Limits,,matchOnce,must be present,,,non_compliant,Block Requirements,,,false,0,,2026-08-16
"Block Real Estate Services, LLC",6a46aa6469f1b5416f79aec4,6a46a9fa881712769bd59549,"Isaiah Ink, LLC",69fdef8fbf1df2fe9692198a,"3rd959 - Bell 39 Properties, LLC",evidenceOfInsurance,Evidence of Insurance,workersCompensation,Workers' Compensation and Employer's Liability,evidenceOfInsuranceWorkersCompensationEmployersLiabilityEachAccident,Employer's Liability Each Accident,,matchOnce,must be greater or equal to,500000,,non_compliant,Block Requirements,,,false,0,,2026-08-16
"Block Real Estate Services, LLC",6a46aa6469f1b5416f79aec4,6a46a9fa881712769bd59549,"Isaiah Ink, LLC",69fdef8fbf1df2fe9692198a,"3rd959 - Bell 39 Properties, LLC",evidenceOfInsurance,Evidence of Insurance,workersCompensation,Workers' Compensation and Employer's Liability,evidenceOfInsuranceWorkersCompensationEmployersLiabilityDiseaseEachEmployee,Employer's Liability Disease - each employee,,matchOnce,must be greater or equal to,500000,,non_compliant,Block Requirements,,,false,0,,2026-08-16
"Block Real Estate Services, LLC",6a46aa6469f1b5416f79aec4,6a46a9fa881712769bd59549,"Isaiah Ink, LLC",69fdef8fbf1df2fe9692198a,"3rd959 - Bell 39 Properties, LLC",evidenceOfInsurance,Evidence of Insurance,workersCompensation,Workers' Compensation and Employer's Liability,evidenceOfInsuranceWorkersCompensationEmployersLiabilityDiseasePolicyLimit,Employer's Liability Disease - policy limit,,matchOnce,must be greater or equal to,500000,,non_compliant,Block Requirements,,,false,0,,2026-08-16
"Block Real Estate Services, LLC",6a46aa6469f1b5416f79aec4,6a46a9fa881712769bd59549,"Isaiah Ink, LLC",69fdef8fbf1df2fe9692198a,"3rd959 - Bell 39 Properties, LLC",evidenceOfInsurance,Evidence of Insurance,workersCompensation,Workers' Compensation and Employer's Liability,evidenceOfInsuranceWorkersCompensationWaiverOfSubrogationEndorsement,Waiver of Subrogation,"---prompt---
Determine if the insurer has waived their right of subrogation in favor of the certificate holder under the Workers' Compensation policy. Evidence may include: a checked ""Waiver of Subrogation"" box on the certificate, mention in the Description of Operations section stating ""waiver of subrogation applies"", or reference to form WC 00 03 13. Look for language like ""subrogation is waived"" or ""per written contract"".",matchOnce,must be present,,,non_compliant,Block Requirements,,,false,0,,2026-08-16
"Block Real Estate Services, LLC",6a46aa6469f1b5416f79aec4,6a46a9fa881712769bd59549,"Isaiah Ink, LLC",69fdef8fbf1df2fe9692198a,"3rd959 - Bell 39 Properties, LLC",evidenceOfInsurance,Evidence of Insurance,6ac20aae-5728-5d57-b364-aeba38527dba,Additional Requirements,4da5b0f1-4c9d-5885-8cf8-5d3cccaed3e0,"Block Real Estate Services, LLC and all others required by contract are named as Additional Insureds","---prompt---
Determine if the Description of Operations or the Additional Remarks Schedule section states the ""Additional Insured as Construction Management, Inc. and all others required by contract"" or reference to blanket additional insured coverage. Look for language like ""certificate holder is additional insured"" or ""per written contract"".",matchOnce,must be present,,,non_compliant,Block Requirements,,,true,0,,2026-08-16
"Block Real Estate Services, LLC",6a46aa6469f1b5416f79aec4,6a46a9fa881712769bd59549,"Isaiah Ink, LLC",69fdef8fbf1df2fe9692198a,"3rd959 - Bell 39 Properties, LLC",evidenceOfInsurance,Evidence of Insurance,6ac20aae-5728-5d57-b364-aeba38527dba,Additional Requirements,e1017741-e47e-5f58-97b8-fbc3043e919f,Umbrella follows form over General Liability,"---prompt---
Determine if the Umbrella/Excess Liability policy follows form to the underlying policies. Evidence may include: language in the Description of Operations section stating the umbrella follows form to underlying coverages or an additional page endorsement stating that it follows form. Follow form means the umbrella policy adopts the same terms, conditions, and exclusions as the underlying policies.",matchOnce,must be present,,,non_compliant,Block Requirements,,,true,0,,2026-08-16
"Block Real Estate Services, LLC",6a46aa6469f1b5416f79aec4,6a46a9fa881712769bd59549,"Isaiah Ink, LLC",69fdef8fbf1df2fe9692198a,"3rd959 - Bell 39 Properties, LLC",evidenceOfInsurance,Evidence of Insurance,6ac20aae-5728-5d57-b364-aeba38527dba,Additional Requirements,2cdd866f-c9a4-576a-afd8-1d045762790c,"The location must be listed as: 1715 1/2 W 39th Street, Suite 208, Kansas City, MO 66111",,matchOnce,must be present,,,non_compliant,Block Requirements,,,true,0,,2026-08-16
"Block Real Estate Services, LLC",6a46aa6469f1b5416f79aec4,6a46a9fa881712769bd59549,"Isaiah Ink, LLC",69fdef8fbf1df2fe9692198a,"3rd959 - Bell 39 Properties, LLC",evidenceOfInsurance,Evidence of Insurance,6ac20aae-5728-5d57-b364-aeba38527dba,Additional Requirements,3649e9d1-4e09-59bf-8f30-cb33c40cf117,"Certificate Holder must read: c/o Block Real Estate Services, LLC, 4622 Pennsylvania St., Suite 700, Kansas City, MO, 64112",,matchOnce,must be present,,,non_compliant,Block Requirements,,,true,0,,2026-08-16
"Block Real Estate Services, LLC",6a46aa6469f1b5416f79aec6,6a46a9fb881712769bd59557,Jonathan Walker,69fdef8fbf1df2fe9692198a,"3rd959 - Bell 39 Properties, LLC",evidenceOfInsurance,Evidence of Insurance,commercialGeneralLiability,Commercial General Liability,evidenceOfInsuranceCommercialGeneralLiabilityCoverageTriggerOccurrence,Coverage Trigger: Occurrence,,matchOnce,must be present,,,non_compliant,Block Requirements,,,false,0,,2026-08-16
"Block Real Estate Services, LLC",6a46aa6469f1b5416f79aec6,6a46a9fb881712769bd59557,Jonathan Walker,69fdef8fbf1df2fe9692198a,"3rd959 - Bell 39 Properties, LLC",evidenceOfInsurance,Evidence of Insurance,commercialGeneralLiability,Commercial General Liability,evidenceOfInsuranceCommercialGeneralLiabilityGeneralAggregateLimitAppliesPerLocation,General Aggregate Limit Applies per: Location,,matchOnce,must be present,,,non_compliant,Block Requirements,,,false,0,,2026-08-16
"Block Real Estate Services, LLC",6a46aa6469f1b5416f79aec6,6a46a9fb881712769bd59557,Jonathan Walker,69fdef8fbf1df2fe9692198a,"3rd959 - Bell 39 Properties, LLC",evidenceOfInsurance,Evidence of Insurance,commercialGeneralLiability,Commercial General Liability,evidenceOfInsuranceCommercialGeneralLiabilityEachOccurrence,Each Occurrence,,matchOnce,must be greater or equal to,1000000,,non_compliant,Block Requirements,,,false,0,,2026-08-16
"Block Real Estate Services, LLC",6a46aa6469f1b5416f79aec6,6a46a9fb881712769bd59557,Jonathan Walker,69fdef8fbf1df2fe9692198a,"3rd959 - Bell 39 Properties, LLC",evidenceOfInsurance,Evidence of Insurance,commercialGeneralLiability,Commercial General Liability,evidenceOfInsuranceCommercialGeneralLiabilityGeneralAggregate,General Aggregate,,matchOnce,must be greater or equal to,2000000,,non_compliant,Block Requirements,,,false,0,,2026-08-16
"Block Real Estate Services, LLC",6a46aa6469f1b5416f79aec6,6a46a9fb881712769bd59557,Jonathan Walker,69fdef8fbf1df2fe9692198a,"3rd959 - Bell 39 Properties, LLC",evidenceOfInsurance,Evidence of Insurance,commercialGeneralLiability,Commercial General Liability,evidenceOfInsuranceCommercialGeneralLiabilityWaiverOfSubrogationEndorsement,Waiver of Subrogation,"---prompt---
Determine if the insurer has waived their right of subrogation in favor of the certificate holder under the Commercial General Liability policy. Evidence may include: a checked ""Waiver of Subrogation"" box on the certificate, mention in the Description of Operations section stating ""waiver of subrogation applies"", or reference to form CG 24 04. Look for language like ""subrogation is waived"" or ""per written contract"".",matchOnce,must be present,,,non_compliant,Block Requirements,,,false,0,,2026-08-16
"Block Real Estate Services, LLC",6a46aa6469f1b5416f79aec6,6a46a9fb881712769bd59557,Jonathan Walker,69fdef8fbf1df2fe9692198a,"3rd959 - Bell 39 Properties, LLC",evidenceOfInsurance,Evidence of Insurance,excessOrUmbrellaLiability,Umbrella/Excess Liability,evidenceOfInsuranceExcessOrUmbrellaLiabilityOccurence,Coverage Trigger: Occurrence,,matchOnce,must be present,,,non_compliant,Block Requirements,,,false,0,,2026-08-16
"Block Real Estate Services, LLC",6a46aa6469f1b5416f79aec6,6a46a9fb881712769bd59557,Jonathan Walker,69fdef8fbf1df2fe9692198a,"3rd959 - Bell 39 Properties, LLC",evidenceOfInsurance,Evidence of Insurance,excessOrUmbrellaLiability,Umbrella/Excess Liability,evidenceOfInsuranceExcessOrUmbrellaLiabilityEachOccurrence,Each Occurrence,,matchOnce,must be greater or equal to,1000000,,non_compliant,Block Requirements,,,false,0,,2026-08-16
"Block Real Estate Services, LLC",6a46aa6469f1b5416f79aec6,6a46a9fb881712769bd59557,Jonathan Walker,69fdef8fbf1df2fe9692198a,"3rd959 - Bell 39 Properties, LLC",evidenceOfInsurance,Evidence of Insurance,excessOrUmbrellaLiability,Umbrella/Excess Liability,evidenceOfInsuranceExcessOrUmbrellaLiabilityAggregate,Aggregate,,matchOnce,must be greater or equal to,1000000,,non_compliant,Block Requirements,,,false,0,,2026-08-16
"Block Real Estate Services, LLC",6a46aa6469f1b5416f79aec6,6a46a9fb881712769bd59557,Jonathan Walker,69fdef8fbf1df2fe9692198a,"3rd959 - Bell 39 Properties, LLC",evidenceOfInsurance,Evidence of Insurance,workersCompensation,Workers' Compensation and Employer's Liability,evidenceOfInsuranceWorkersCompensationStatutoryLimits,Statutory Limits,,matchOnce,must be present,,,non_compliant,Block Requirements,,,false,0,,2026-08-16
"Block Real Estate Services, LLC",6a46aa6469f1b5416f79aec6,6a46a9fb881712769bd59557,Jonathan Walker,69fdef8fbf1df2fe9692198a,"3rd959 - Bell 39 Properties, LLC",evidenceOfInsurance,Evidence of Insurance,workersCompensation,Workers' Compensation and Employer's Liability,evidenceOfInsuranceWorkersCompensationEmployersLiabilityEachAccident,Employer's Liability Each Accident,,matchOnce,must be greater or equal to,500000,,non_compliant,Block Requirements,,,false,0,,2026-08-16
"Block Real Estate Services, LLC",6a46aa6469f1b5416f79aec6,6a46a9fb881712769bd59557,Jonathan Walker,69fdef8fbf1df2fe9692198a,"3rd959 - Bell 39 Properties, LLC",evidenceOfInsurance,Evidence of Insurance,workersCompensation,Workers' Compensation and Employer's Liability,evidenceOfInsuranceWorkersCompensationEmployersLiabilityDiseaseEachEmployee,Employer's Liability Disease - each employee,,matchOnce,must be greater or equal to,500000,,non_compliant,Block Requirements,,,false,0,,2026-08-16
"Block Real Estate Services, LLC",6a46aa6469f1b5416f79aec6,6a46a9fb881712769bd59557,Jonathan Walker,69fdef8fbf1df2fe9692198a,"3rd959 - Bell 39 Properties, LLC",evidenceOfInsurance,Evidence of Insurance,workersCompensation,Workers' Compensation and Employer's Liability,evidenceOfInsuranceWorkersCompensationEmployersLiabilityDiseasePolicyLimit,Employer's Liability Disease - policy limit,,matchOnce,must be greater or equal to,500000,,non_compliant,Block Requirements,,,false,0,,2026-08-16
"Block Real Estate Services, LLC",6a46aa6469f1b5416f79aec6,6a46a9fb881712769bd59557,Jonathan Walker,69fdef8fbf1df2fe9692198a,"3rd959 - Bell 39 Properties, LLC",evidenceOfInsurance,Evidence of Insurance,workersCompensation,Workers' Compensation and Employer's Liability,evidenceOfInsuranceWorkersCompensationWaiverOfSubrogationEndorsement,Waiver of Subrogation,"---prompt---
Determine if the insurer has waived their right of subrogation in favor of the certificate holder under the Workers' Compensation policy. Evidence may include: a checked ""Waiver of Subrogation"" box on the certificate, mention in the Description of Operations section stating ""waiver of subrogation applies"", or reference to form WC 00 03 13. Look for language like ""subrogation is waived"" or ""per written contract"".",matchOnce,must be present,,,non_compliant,Block Requirements,,,false,0,,2026-08-16
"Block Real Estate Services, LLC",6a46aa6469f1b5416f79aec6,6a46a9fb881712769bd59557,Jonathan Walker,69fdef8fbf1df2fe9692198a,"3rd959 - Bell 39 Properties, LLC",evidenceOfInsurance,Evidence of Insurance,6ac20aae-5728-5d57-b364-aeba38527dba,Additional Requirements,4da5b0f1-4c9d-5885-8cf8-5d3cccaed3e0,"Block Real Estate Services, LLC and all others required by contract are named as Additional Insureds","---prompt---
Determine if the Description of Operations or the Additional Remarks Schedule section states the ""Additional Insured as Construction Management, Inc. and all others required by contract"" or reference to blanket additional insured coverage. Look for language like ""certificate holder is additional insured"" or ""per written contract"".",matchOnce,must be present,,,non_compliant,Block Requirements,,,true,0,,2026-08-16
"Block Real Estate Services, LLC",6a46aa6469f1b5416f79aec6,6a46a9fb881712769bd59557,Jonathan Walker,69fdef8fbf1df2fe9692198a,"3rd959 - Bell 39 Properties, LLC",evidenceOfInsurance,Evidence of Insurance,6ac20aae-5728-5d57-b364-aeba38527dba,Additional Requirements,e1017741-e47e-5f58-97b8-fbc3043e919f,Umbrella follows form over General Liability,"---prompt---
Determine if the Umbrella/Excess Liability policy follows form to the underlying policies. Evidence may include: language in the Description of Operations section stating the umbrella follows form to underlying coverages or an additional page endorsement stating that it follows form. Follow form means the umbrella policy adopts the same terms, conditions, and exclusions as the underlying policies.",matchOnce,must be present,,,non_compliant,Block Requirements,,,true,0,,2026-08-16
"Block Real Estate Services, LLC",6a46aa6469f1b5416f79aec6,6a46a9fb881712769bd59557,Jonathan Walker,69fdef8fbf1df2fe9692198a,"3rd959 - Bell 39 Properties, LLC",evidenceOfInsurance,Evidence of Insurance,6ac20aae-5728-5d57-b364-aeba38527dba,Additional Requirements,2cdd866f-c9a4-576a-afd8-1d045762790c,"The location must be listed as: 1719 W 39th Street, Suite 210 B, Kansas City, MO 66111",,matchOnce,must be present,,,non_compliant,Block Requirements,,,true,0,,2026-08-16
"Block Real Estate Services, LLC",6a46aa6469f1b5416f79aec6,6a46a9fb881712769bd59557,Jonathan Walker,69fdef8fbf1df2fe9692198a,"3rd959 - Bell 39 Properties, LLC",evidenceOfInsurance,Evidence of Insurance,6ac20aae-5728-5d57-b364-aeba38527dba,Additional Requirements,3649e9d1-4e09-59bf-8f30-cb33c40cf117,"Certificate Holder must read: c/o Block Real Estate Services, LLC, 4622 Pennsylvania St., Suite 700, Kansas City, MO, 64112",,matchOnce,must be present,,,non_compliant,Block Requirements,,,true,0,,2026-08-16
"Block Real Estate Services, LLC",6a46aa6469f1b5416f79aecf,6a46a9fb881712769bd59574,Residential - renter occupied: George & Kelsey K.,69fdef8fbf1df2fe9692198a,"3rd959 - Bell 39 Properties, LLC",evidenceOfInsurance,Evidence of Insurance,commercialGeneralLiability,Commercial General Liability,evidenceOfInsuranceCommercialGeneralLiabilityCoverageTriggerOccurrence,Coverage Trigger: Occurrence,,matchOnce,must be present,,,non_compliant,Block Requirements,,,false,0,,2026-08-16
"Block Real Estate Services, LLC",6a46aa6469f1b5416f79aecf,6a46a9fb881712769bd59574,Residential - renter occupied: George & Kelsey K.,69fdef8fbf1df2fe9692198a,"3rd959 - Bell 39 Properties, LLC",evidenceOfInsurance,Evidence of Insurance,commercialGeneralLiability,Commercial General Liability,evidenceOfInsuranceCommercialGeneralLiabilityGeneralAggregateLimitAppliesPerLocation,General Aggregate Limit Applies per: Location,,matchOnce,must be present,,,non_compliant,Block Requirements,,,false,0,,2026-08-16
"Block Real Estate Services, LLC",6a46aa6469f1b5416f79aecf,6a46a9fb881712769bd59574,Residential - renter occupied: George & Kelsey K.,69fdef8fbf1df2fe9692198a,"3rd959 - Bell 39 Properties, LLC",evidenceOfInsurance,Evidence of Insurance,commercialGeneralLiability,Commercial General Liability,evidenceOfInsuranceCommercialGeneralLiabilityEachOccurrence,Each Occurrence,,matchOnce,must be greater or equal to,1000000,,non_compliant,Block Requirements,,,false,0,,2026-08-16
"Block Real Estate Services, LLC",6a46aa6469f1b5416f79aecf,6a46a9fb881712769bd59574,Residential - renter occupied: George & Kelsey K.,69fdef8fbf1df2fe9692198a,"3rd959 - Bell 39 Properties, LLC",evidenceOfInsurance,Evidence of Insurance,commercialGeneralLiability,Commercial General Liability,evidenceOfInsuranceCommercialGeneralLiabilityGeneralAggregate,General Aggregate,,matchOnce,must be greater or equal to,2000000,,non_compliant,Block Requirements,,,false,0,,2026-08-16
"Block Real Estate Services, LLC",6a46aa6469f1b5416f79aecf,6a46a9fb881712769bd59574,Residential - renter occupied: George & Kelsey K.,69fdef8fbf1df2fe9692198a,"3rd959 - Bell 39 Properties, LLC",evidenceOfInsurance,Evidence of Insurance,commercialGeneralLiability,Commercial General Liability,evidenceOfInsuranceCommercialGeneralLiabilityWaiverOfSubrogationEndorsement,Waiver of Subrogation,"---prompt---
Determine if the insurer has waived their right of subrogation in favor of the certificate holder under the Commercial General Liability policy. Evidence may include: a checked ""Waiver of Subrogation"" box on the certificate, mention in the Description of Operations section stating ""waiver of subrogation applies"", or reference to form CG 24 04. Look for language like ""subrogation is waived"" or ""per written contract"".",matchOnce,must be present,,,non_compliant,Block Requirements,,,false,0,,2026-08-16
"Block Real Estate Services, LLC",6a46aa6469f1b5416f79aecf,6a46a9fb881712769bd59574,Residential - renter occupied: George & Kelsey K.,69fdef8fbf1df2fe9692198a,"3rd959 - Bell 39 Properties, LLC",evidenceOfInsurance,Evidence of Insurance,excessOrUmbrellaLiability,Umbrella/Excess Liability,evidenceOfInsuranceExcessOrUmbrellaLiabilityOccurence,Coverage Trigger: Occurrence,,matchOnce,must be present,,,non_compliant,Block Requirements,,,false,0,,2026-08-16
"Block Real Estate Services, LLC",6a46aa6469f1b5416f79aecf,6a46a9fb881712769bd59574,Residential - renter occupied: George & Kelsey K.,69fdef8fbf1df2fe9692198a,"3rd959 - Bell 39 Properties, LLC",evidenceOfInsurance,Evidence of Insurance,excessOrUmbrellaLiability,Umbrella/Excess Liability,evidenceOfInsuranceExcessOrUmbrellaLiabilityEachOccurrence,Each Occurrence,,matchOnce,must be greater or equal to,1000000,,non_compliant,Block Requirements,,,false,0,,2026-08-16
"Block Real Estate Services, LLC",6a46aa6469f1b5416f79aecf,6a46a9fb881712769bd59574,Residential - renter occupied: George & Kelsey K.,69fdef8fbf1df2fe9692198a,"3rd959 - Bell 39 Properties, LLC",evidenceOfInsurance,Evidence of Insurance,excessOrUmbrellaLiability,Umbrella/Excess Liability,evidenceOfInsuranceExcessOrUmbrellaLiabilityAggregate,Aggregate,,matchOnce,must be greater or equal to,1000000,,non_compliant,Block Requirements,,,false,0,,2026-08-16
"Block Real Estate Services, LLC",6a46aa6469f1b5416f79aecf,6a46a9fb881712769bd59574,Residential - renter occupied: George & Kelsey K.,69fdef8fbf1df2fe9692198a,"3rd959 - Bell 39 Properties, LLC",evidenceOfInsurance,Evidence of Insurance,workersCompensation,Workers' Compensation and Employer's Liability,evidenceOfInsuranceWorkersCompensationStatutoryLimits,Statutory Limits,,matchOnce,must be present,,,non_compliant,Block Requirements,,,false,0,,2026-08-16
"Block Real Estate Services, LLC",6a46aa6469f1b5416f79aecf,6a46a9fb881712769bd59574,Residential - renter occupied: George & Kelsey K.,69fdef8fbf1df2fe9692198a,"3rd959 - Bell 39 Properties, LLC",evidenceOfInsurance,Evidence of Insurance,workersCompensation,Workers' Compensation and Employer's Liability,evidenceOfInsuranceWorkersCompensationEmployersLiabilityEachAccident,Employer's Liability Each Accident,,matchOnce,must be greater or equal to,500000,,non_compliant,Block Requirements,,,false,0,,2026-08-16
"Block Real Estate Services, LLC",6a46aa6469f1b5416f79aecf,6a46a9fb881712769bd59574,Residential - renter occupied: George & Kelsey K.,69fdef8fbf1df2fe9692198a,"3rd959 - Bell 39 Properties, LLC",evidenceOfInsurance,Evidence of Insurance,workersCompensation,Workers' Compensation and Employer's Liability,evidenceOfInsuranceWorkersCompensationEmployersLiabilityDiseaseEachEmployee,Employer's Liability Disease - each employee,,matchOnce,must be greater or equal to,500000,,non_compliant,Block Requirements,,,false,0,,2026-08-16
"Block Real Estate Services, LLC",6a46aa6469f1b5416f79aecf,6a46a9fb881712769bd59574,Residential - renter occupied: George & Kelsey K.,69fdef8fbf1df2fe9692198a,"3rd959 - Bell 39 Properties, LLC",evidenceOfInsurance,Evidence of Insurance,workersCompensation,Workers' Compensation and Employer's Liability,evidenceOfInsuranceWorkersCompensationEmployersLiabilityDiseasePolicyLimit,Employer's Liability Disease - policy limit,,matchOnce,must be greater or equal to,500000,,non_compliant,Block Requirements,,,false,0,,2026-08-16
"Block Real Estate Services, LLC",6a46aa6469f1b5416f79aecf,6a46a9fb881712769bd59574,Residential - renter occupied: George & Kelsey K.,69fdef8fbf1df2fe9692198a,"3rd959 - Bell 39 Properties, LLC",evidenceOfInsurance,Evidence of Insurance,workersCompensation,Workers' Compensation and Employer's Liability,evidenceOfInsuranceWorkersCompensationWaiverOfSubrogationEndorsement,Waiver of Subrogation,"---prompt---
Determine if the insurer has waived their right of subrogation in favor of the certificate holder under the Workers' Compensation policy. Evidence may include: a checked ""Waiver of Subrogation"" box on the certificate, mention in the Description of Operations section stating ""waiver of subrogation applies"", or reference to form WC 00 03 13. Look for language like ""subrogation is waived"" or ""per written contract"".",matchOnce,must be present,,,non_compliant,Block Requirements,,,false,0,,2026-08-16
"Block Real Estate Services, LLC",6a46aa6469f1b5416f79aecf,6a46a9fb881712769bd59574,Residential - renter occupied: George & Kelsey K.,69fdef8fbf1df2fe9692198a,"3rd959 - Bell 39 Properties, LLC",evidenceOfInsurance,Evidence of Insurance,6ac20aae-5728-5d57-b364-aeba38527dba,Additional Requirements,4da5b0f1-4c9d-5885-8cf8-5d3cccaed3e0,"Block Real Estate Services, LLC and all others required by contract are named as Additional Insureds","---prompt---
Determine if the Description of Operations or the Additional Remarks Schedule section states the ""Additional Insured as Construction Management, Inc. and all others required by contract"" or reference to blanket additional insured coverage. Look for language like ""certificate holder is additional insured"" or ""per written contract"".",matchOnce,must be present,,,non_compliant,Block Requirements,,,true,0,,2026-08-16
"Block Real Estate Services, LLC",6a46aa6469f1b5416f79aecf,6a46a9fb881712769bd59574,Residential - renter occupied: George & Kelsey K.,69fdef8fbf1df2fe9692198a,"3rd959 - Bell 39 Properties, LLC",evidenceOfInsurance,Evidence of Insurance,6ac20aae-5728-5d57-b364-aeba38527dba,Additional Requirements,e1017741-e47e-5f58-97b8-fbc3043e919f,Umbrella follows form over General Liability,"---prompt---
Determine if the Umbrella/Excess Liability policy follows form to the underlying policies. Evidence may include: language in the Description of Operations section stating the umbrella follows form to underlying coverages or an additional page endorsement stating that it follows form. Follow form means the umbrella policy adopts the same terms, conditions, and exclusions as the underlying policies.",matchOnce,must be present,,,non_compliant,Block Requirements,,,true,0,,2026-08-16
"Block Real Estate Services, LLC",6a46aa6469f1b5416f79aecf,6a46a9fb881712769bd59574,Residential - renter occupied: George & Kelsey K.,69fdef8fbf1df2fe9692198a,"3rd959 - Bell 39 Properties, LLC",evidenceOfInsurance,Evidence of Insurance,6ac20aae-5728-5d57-b364-aeba38527dba,Additional Requirements,2cdd866f-c9a4-576a-afd8-1d045762790c,"The location must be listed as: 3909-A Bell Street, Kansas City, MO 66111",,matchOnce,must be present,,,non_compliant,Block Requirements,,,true,0,,2026-08-16
"Block Real Estate Services, LLC",6a46aa6469f1b5416f79aecf,6a46a9fb881712769bd59574,Residential - renter occupied: George & Kelsey K.,69fdef8fbf1df2fe9692198a,"3rd959 - Bell 39 Properties, LLC",evidenceOfInsurance,Evidence of Insurance,6ac20aae-5728-5d57-b364-aeba38527dba,Additional Requirements,3649e9d1-4e09-59bf-8f30-cb33c40cf117,"Certificate Holder must read: c/o Block Real Estate Services, LLC, 4622 Pennsylvania St., Suite 700, Kansas City, MO, 64112",,matchOnce,must be present,,,non_compliant,Block Requirements,,,true,0,,2026-08-16
"Block Real Estate Services, LLC",6a46aa6469f1b5416f79aed0,6a46a9fb881712769bd5957b,Shelby Lawson & Co.,69fdef8fbf1df2fe9692198a,"3rd959 - Bell 39 Properties, LLC",evidenceOfInsurance,Evidence of Insurance,commercialGeneralLiability,Commercial General Liability,evidenceOfInsuranceCommercialGeneralLiabilityCoverageTriggerOccurrence,Coverage Trigger: Occurrence,,matchOnce,must be present,,,non_compliant,Block Requirements,,,false,0,,2026-08-16
"Block Real Estate Services, LLC",6a46aa6469f1b5416f79aed0,6a46a9fb881712769bd5957b,Shelby Lawson & Co.,69fdef8fbf1df2fe9692198a,"3rd959 - Bell 39 Properties, LLC",evidenceOfInsurance,Evidence of Insurance,commercialGeneralLiability,Commercial General Liability,evidenceOfInsuranceCommercialGeneralLiabilityGeneralAggregateLimitAppliesPerLocation,General Aggregate Limit Applies per: Location,,matchOnce,must be present,,,non_compliant,Block Requirements,,,false,0,,2026-08-16
"Block Real Estate Services, LLC",6a46aa6469f1b5416f79aed0,6a46a9fb881712769bd5957b,Shelby Lawson & Co.,69fdef8fbf1df2fe9692198a,"3rd959 - Bell 39 Properties, LLC",evidenceOfInsurance,Evidence of Insurance,commercialGeneralLiability,Commercial General Liability,evidenceOfInsuranceCommercialGeneralLiabilityEachOccurrence,Each Occurrence,,matchOnce,must be greater or equal to,1000000,,non_compliant,Block Requirements,,,false,0,,2026-08-16
"Block Real Estate Services, LLC",6a46aa6469f1b5416f79aed0,6a46a9fb881712769bd5957b,Shelby Lawson & Co.,69fdef8fbf1df2fe9692198a,"3rd959 - Bell 39 Properties, LLC",evidenceOfInsurance,Evidence of Insurance,commercialGeneralLiability,Commercial General Liability,evidenceOfInsuranceCommercialGeneralLiabilityGeneralAggregate,General Aggregate,,matchOnce,must be greater or equal to,2000000,,non_compliant,Block Requirements,,,false,0,,2026-08-16
"Block Real Estate Services, LLC",6a46aa6469f1b5416f79aed0,6a46a9fb881712769bd5957b,Shelby Lawson & Co.,69fdef8fbf1df2fe9692198a,"3rd959 - Bell 39 Properties, LLC",evidenceOfInsurance,Evidence of Insurance,commercialGeneralLiability,Commercial General Liability,evidenceOfInsuranceCommercialGeneralLiabilityWaiverOfSubrogationEndorsement,Waiver of Subrogation,"---prompt---
Determine if the insurer has waived their right of subrogation in favor of the certificate holder under the Commercial General Liability policy. Evidence may include: a checked ""Waiver of Subrogation"" box on the certificate, mention in the Description of Operations section stating ""waiver of subrogation applies"", or reference to form CG 24 04. Look for language like ""subrogation is waived"" or ""per written contract"".",matchOnce,must be present,,,non_compliant,Block Requirements,,,false,0,,2026-08-16
"Block Real Estate Services, LLC",6a46aa6469f1b5416f79aed0,6a46a9fb881712769bd5957b,Shelby Lawson & Co.,69fdef8fbf1df2fe9692198a,"3rd959 - Bell 39 Properties, LLC",evidenceOfInsurance,Evidence of Insurance,excessOrUmbrellaLiability,Umbrella/Excess Liability,evidenceOfInsuranceExcessOrUmbrellaLiabilityOccurence,Coverage Trigger: Occurrence,,matchOnce,must be present,,,non_compliant,Block Requirements,,,false,0,,2026-08-16
"Block Real Estate Services, LLC",6a46aa6469f1b5416f79aed0,6a46a9fb881712769bd5957b,Shelby Lawson & Co.,69fdef8fbf1df2fe9692198a,"3rd959 - Bell 39 Properties, LLC",evidenceOfInsurance,Evidence of Insurance,excessOrUmbrellaLiability,Umbrella/Excess Liability,evidenceOfInsuranceExcessOrUmbrellaLiabilityEachOccurrence,Each Occurrence,,matchOnce,must be greater or equal to,1000000,,non_compliant,Block Requirements,,,false,0,,2026-08-16
"Block Real Estate Services, LLC",6a46aa6469f1b5416f79aed0,6a46a9fb881712769bd5957b,Shelby Lawson & Co.,69fdef8fbf1df2fe9692198a,"3rd959 - Bell 39 Properties, LLC",evidenceOfInsurance,Evidence of Insurance,excessOrUmbrellaLiability,Umbrella/Excess Liability,evidenceOfInsuranceExcessOrUmbrellaLiabilityAggregate,Aggregate,,matchOnce,must be greater or equal to,1000000,,non_compliant,Block Requirements,,,false,0,,2026-08-16
"Block Real Estate Services, LLC",6a46aa6469f1b5416f79aed0,6a46a9fb881712769bd5957b,Shelby Lawson & Co.,69fdef8fbf1df2fe9692198a,"3rd959 - Bell 39 Properties, LLC",evidenceOfInsurance,Evidence of Insurance,workersCompensation,Workers' Compensation and Employer's Liability,evidenceOfInsuranceWorkersCompensationStatutoryLimits,Statutory Limits,,matchOnce,must be present,,,non_compliant,Block Requirements,,,false,0,,2026-08-16
"Block Real Estate Services, LLC",6a46aa6469f1b5416f79aed0,6a46a9fb881712769bd5957b,Shelby Lawson & Co.,69fdef8fbf1df2fe9692198a,"3rd959 - Bell 39 Properties, LLC",evidenceOfInsurance,Evidence of Insurance,workersCompensation,Workers' Compensation and Employer's Liability,evidenceOfInsuranceWorkersCompensationEmployersLiabilityEachAccident,Employer's Liability Each Accident,,matchOnce,must be greater or equal to,500000,,non_compliant,Block Requirements,,,false,0,,2026-08-16
"Block Real Estate Services, LLC",6a46aa6469f1b5416f79aed0,6a46a9fb881712769bd5957b,Shelby Lawson & Co.,69fdef8fbf1df2fe9692198a,"3rd959 - Bell 39 Properties, LLC",evidenceOfInsurance,Evidence of Insurance,workersCompensation,Workers' Compensation and Employer's Liability,evidenceOfInsuranceWorkersCompensationEmployersLiabilityDiseaseEachEmployee,Employer's Liability Disease - each employee,,matchOnce,must be greater or equal to,500000,,non_compliant,Block Requirements,,,false,0,,2026-08-16
"Block Real Estate Services, LLC",6a46aa6469f1b5416f79aed0,6a46a9fb881712769bd5957b,Shelby Lawson & Co.,69fdef8fbf1df2fe9692198a,"3rd959 - Bell 39 Properties, LLC",evidenceOfInsurance,Evidence of Insurance,workersCompensation,Workers' Compensation and Employer's Liability,evidenceOfInsuranceWorkersCompensationEmployersLiabilityDiseasePolicyLimit,Employer's Liability Disease - policy limit,,matchOnce,must be greater or equal to,500000,,non_compliant,Block Requirements,,,false,0,,2026-08-16
"Block Real Estate Services, LLC",6a46aa6469f1b5416f79aed0,6a46a9fb881712769bd5957b,Shelby Lawson & Co.,69fdef8fbf1df2fe9692198a,"3rd959 - Bell 39 Properties, LLC",evidenceOfInsurance,Evidence of Insurance,workersCompensation,Workers' Compensation and Employer's Liability,evidenceOfInsuranceWorkersCompensationWaiverOfSubrogationEndorsement,Waiver of Subrogation,"---prompt---
Determine if the insurer has waived their right of subrogation in favor of the certificate holder under the Workers' Compensation policy. Evidence may include: a checked ""Waiver of Subrogation"" box on the certificate, mention in the Description of Operations section stating ""waiver of subrogation applies"", or reference to form WC 00 03 13. Look for language like ""subrogation is waived"" or ""per written contract"".",matchOnce,must be present,,,non_compliant,Block Requirements,,,false,0,,2026-08-16
"Block Real Estate Services, LLC",6a46aa6469f1b5416f79aed0,6a46a9fb881712769bd5957b,Shelby Lawson & Co.,69fdef8fbf1df2fe9692198a,"3rd959 - Bell 39 Properties, LLC",evidenceOfInsurance,Evidence of Insurance,6ac20aae-5728-5d57-b364-aeba38527dba,Additional Requirements,4da5b0f1-4c9d-5885-8cf8-5d3cccaed3e0,"Block Real Estate Services, LLC and all others required by contract are named as Additional Insureds","---prompt---
Determine if the Description of Operations or the Additional Remarks Schedule section states the ""Additional Insured as Construction Management, Inc. and all others required by contract"" or reference to blanket additional insured coverage. Look for language like ""certificate holder is additional insured"" or ""per written contract"".",matchOnce,must be present,,,non_compliant,Block Requirements,,,true,0,,2026-08-16
"Block Real Estate Services, LLC",6a46aa6469f1b5416f79aed0,6a46a9fb881712769bd5957b,Shelby Lawson & Co.,69fdef8fbf1df2fe9692198a,"3rd959 - Bell 39 Properties, LLC",evidenceOfInsurance,Evidence of Insurance,6ac20aae-5728-5d57-b364-aeba38527dba,Additional Requirements,e1017741-e47e-5f58-97b8-fbc3043e919f,Umbrella follows form over General Liability,"---prompt---
Determine if the Umbrella/Excess Liability policy follows form to the underlying policies. Evidence may include: language in the Description of Operations section stating the umbrella follows form to underlying coverages or an additional page endorsement stating that it follows form. Follow form means the umbrella policy adopts the same terms, conditions, and exclusions as the underlying policies.",matchOnce,must be present,,,non_compliant,Block Requirements,,,true,0,,2026-08-16
"Block Real Estate Services, LLC",6a46aa6469f1b5416f79aed0,6a46a9fb881712769bd5957b,Shelby Lawson & Co.,69fdef8fbf1df2fe9692198a,"3rd959 - Bell 39 Properties, LLC",evidenceOfInsurance,Evidence of Insurance,6ac20aae-5728-5d57-b364-aeba38527dba,Additional Requirements,2cdd866f-c9a4-576a-afd8-1d045762790c,"The location must be listed as: 1719 W 39th Street, Suite 201, Kansas City, MO 66111",,matchOnce,must be present,,,non_compliant,Block Requirements,,,true,0,,2026-08-16
"Block Real Estate Services, LLC",6a46aa6469f1b5416f79aed0,6a46a9fb881712769bd5957b,Shelby Lawson & Co.,69fdef8fbf1df2fe9692198a,"3rd959 - Bell 39 Properties, LLC",evidenceOfInsurance,Evidence of Insurance,6ac20aae-5728-5d57-b364-aeba38527dba,Additional Requirements,3649e9d1-4e09-59bf-8f30-cb33c40cf117,"Certificate Holder must read: c/o Block Real Estate Services, LLC, 4622 Pennsylvania St., Suite 700, Kansas City, MO, 64112",,matchOnce,must be present,,,non_compliant,Block Requirements,,,true,0,,2026-08-16
"Block Real Estate Services, LLC",6a46aa6469f1b5416f79aed1,6a46a9fb881712769bd59582,Veterans Ascent Corp,69fdef8fbf1df2fe9692198a,"3rd959 - Bell 39 Properties, LLC",evidenceOfInsurance,Evidence of Insurance,commercialGeneralLiability,Commercial General Liability,evidenceOfInsuranceCommercialGeneralLiabilityCoverageTriggerOccurrence,Coverage Trigger: Occurrence,,matchOnce,must be present,,,non_compliant,Block Requirements,,,false,0,,2026-08-16
"Block Real Estate Services, LLC",6a46aa6469f1b5416f79aed1,6a46a9fb881712769bd59582,Veterans Ascent Corp,69fdef8fbf1df2fe9692198a,"3rd959 - Bell 39 Properties, LLC",evidenceOfInsurance,Evidence of Insurance,commercialGeneralLiability,Commercial General Liability,evidenceOfInsuranceCommercialGeneralLiabilityGeneralAggregateLimitAppliesPerLocation,General Aggregate Limit Applies per: Location,,matchOnce,must be present,,,non_compliant,Block Requirements,,,false,0,,2026-08-16
"Block Real Estate Services, LLC",6a46aa6469f1b5416f79aed1,6a46a9fb881712769bd59582,Veterans Ascent Corp,69fdef8fbf1df2fe9692198a,"3rd959 - Bell 39 Properties, LLC",evidenceOfInsurance,Evidence of Insurance,commercialGeneralLiability,Commercial General Liability,evidenceOfInsuranceCommercialGeneralLiabilityEachOccurrence,Each Occurrence,,matchOnce,must be greater or equal to,1000000,,non_compliant,Block Requirements,,,false,0,,2026-08-16
"Block Real Estate Services, LLC",6a46aa6469f1b5416f79aed1,6a46a9fb881712769bd59582,Veterans Ascent Corp,69fdef8fbf1df2fe9692198a,"3rd959 - Bell 39 Properties, LLC",evidenceOfInsurance,Evidence of Insurance,commercialGeneralLiability,Commercial General Liability,evidenceOfInsuranceCommercialGeneralLiabilityGeneralAggregate,General Aggregate,,matchOnce,must be greater or equal to,2000000,,non_compliant,Block Requirements,,,false,0,,2026-08-16
"Block Real Estate Services, LLC",6a46aa6469f1b5416f79aed1,6a46a9fb881712769bd59582,Veterans Ascent Corp,69fdef8fbf1df2fe9692198a,"3rd959 - Bell 39 Properties, LLC",evidenceOfInsurance,Evidence of Insurance,commercialGeneralLiability,Commercial General Liability,evidenceOfInsuranceCommercialGeneralLiabilityWaiverOfSubrogationEndorsement,Waiver of Subrogation,"---prompt---
Determine if the insurer has waived their right of subrogation in favor of the certificate holder under the Commercial General Liability policy. Evidence may include: a checked ""Waiver of Subrogation"" box on the certificate, mention in the Description of Operations section stating ""waiver of subrogation applies"", or reference to form CG 24 04. Look for language like ""subrogation is waived"" or ""per written contract"".",matchOnce,must be present,,,non_compliant,Block Requirements,,,false,0,,2026-08-16
"Block Real Estate Services, LLC",6a46aa6469f1b5416f79aed1,6a46a9fb881712769bd59582,Veterans Ascent Corp,69fdef8fbf1df2fe9692198a,"3rd959 - Bell 39 Properties, LLC",evidenceOfInsurance,Evidence of Insurance,excessOrUmbrellaLiability,Umbrella/Excess Liability,evidenceOfInsuranceExcessOrUmbrellaLiabilityOccurence,Coverage Trigger: Occurrence,,matchOnce,must be present,,,non_compliant,Block Requirements,,,false,0,,2026-08-16
"Block Real Estate Services, LLC",6a46aa6469f1b5416f79aed1,6a46a9fb881712769bd59582,Veterans Ascent Corp,69fdef8fbf1df2fe9692198a,"3rd959 - Bell 39 Properties, LLC",evidenceOfInsurance,Evidence of Insurance,excessOrUmbrellaLiability,Umbrella/Excess Liability,evidenceOfInsuranceExcessOrUmbrellaLiabilityEachOccurrence,Each Occurrence,,matchOnce,must be greater or equal to,1000000,,non_compliant,Block Requirements,,,false,0,,2026-08-16
"Block Real Estate Services, LLC",6a46aa6469f1b5416f79aed1,6a46a9fb881712769bd59582,Veterans Ascent Corp,69fdef8fbf1df2fe9692198a,"3rd959 - Bell 39 Properties, LLC",evidenceOfInsurance,Evidence of Insurance,excessOrUmbrellaLiability,Umbrella/Excess Liability,evidenceOfInsuranceExcessOrUmbrellaLiabilityAggregate,Aggregate,,matchOnce,must be greater or equal to,1000000,,non_compliant,Block Requirements,,,false,0,,2026-08-16
"Block Real Estate Services, LLC",6a46aa6469f1b5416f79aed1,6a46a9fb881712769bd59582,Veterans Ascent Corp,69fdef8fbf1df2fe9692198a,"3rd959 - Bell 39 Properties, LLC",evidenceOfInsurance,Evidence of Insurance,workersCompensation,Workers' Compensation and Employer's Liability,evidenceOfInsuranceWorkersCompensationStatutoryLimits,Statutory Limits,,matchOnce,must be present,,,non_compliant,Block Requirements,,,false,0,,2026-08-16
"Block Real Estate Services, LLC",6a46aa6469f1b5416f79aed1,6a46a9fb881712769bd59582,Veterans Ascent Corp,69fdef8fbf1df2fe9692198a,"3rd959 - Bell 39 Properties, LLC",evidenceOfInsurance,Evidence of Insurance,workersCompensation,Workers' Compensation and Employer's Liability,evidenceOfInsuranceWorkersCompensationEmployersLiabilityEachAccident,Employer's Liability Each Accident,,matchOnce,must be greater or equal to,500000,,non_compliant,Block Requirements,,,false,0,,2026-08-16
"Block Real Estate Services, LLC",6a46aa6469f1b5416f79aed1,6a46a9fb881712769bd59582,Veterans Ascent Corp,69fdef8fbf1df2fe9692198a,"3rd959 - Bell 39 Properties, LLC",evidenceOfInsurance,Evidence of Insurance,workersCompensation,Workers' Compensation and Employer's Liability,evidenceOfInsuranceWorkersCompensationEmployersLiabilityDiseaseEachEmployee,Employer's Liability Disease - each employee,,matchOnce,must be greater or equal to,500000,,non_compliant,Block Requirements,,,false,0,,2026-08-16
"Block Real Estate Services, LLC",6a46aa6469f1b5416f79aed1,6a46a9fb881712769bd59582,Veterans Ascent Corp,69fdef8fbf1df2fe9692198a,"3rd959 - Bell 39 Properties, LLC",evidenceOfInsurance,Evidence of Insurance,workersCompensation,Workers' Compensation and Employer's Liability,evidenceOfInsuranceWorkersCompensationEmployersLiabilityDiseasePolicyLimit,Employer's Liability Disease - policy limit,,matchOnce,must be greater or equal to,500000,,non_compliant,Block Requirements,,,false,0,,2026-08-16
"Block Real Estate Services, LLC",6a46aa6469f1b5416f79aed1,6a46a9fb881712769bd59582,Veterans Ascent Corp,69fdef8fbf1df2fe9692198a,"3rd959 - Bell 39 Properties, LLC",evidenceOfInsurance,Evidence of Insurance,workersCompensation,Workers' Compensation and Employer's Liability,evidenceOfInsuranceWorkersCompensationWaiverOfSubrogationEndorsement,Waiver of Subrogation,"---prompt---
Determine if the insurer has waived their right of subrogation in favor of the certificate holder under the Workers' Compensation policy. Evidence may include: a checked ""Waiver of Subrogation"" box on the certificate, mention in the Description of Operations section stating ""waiver of subrogation applies"", or reference to form WC 00 03 13. Look for language like ""subrogation is waived"" or ""per written contract"".",matchOnce,must be present,,,non_compliant,Block Requirements,,,false,0,,2026-08-16
"Block Real Estate Services, LLC",6a46aa6469f1b5416f79aed1,6a46a9fb881712769bd59582,Veterans Ascent Corp,69fdef8fbf1df2fe9692198a,"3rd959 - Bell 39 Properties, LLC",evidenceOfInsurance,Evidence of Insurance,6ac20aae-5728-5d57-b364-aeba38527dba,Additional Requirements,4da5b0f1-4c9d-5885-8cf8-5d3cccaed3e0,"Block Real Estate Services, LLC and all others required by contract are named as Additional Insureds","---prompt---
Determine if the Description of Operations or the Additional Remarks Schedule section states the ""Additional Insured as Construction Management, Inc. and all others required by contract"" or reference to blanket additional insured coverage. Look for language like ""certificate holder is additional insured"" or ""per written contract"".",matchOnce,must be present,,,non_compliant,Block Requirements,,,true,0,,2026-08-16
"Block Real Estate Services, LLC",6a46aa6469f1b5416f79aed1,6a46a9fb881712769bd59582,Veterans Ascent Corp,69fdef8fbf1df2fe9692198a,"3rd959 - Bell 39 Properties, LLC",evidenceOfInsurance,Evidence of Insurance,6ac20aae-5728-5d57-b364-aeba38527dba,Additional Requirements,e1017741-e47e-5f58-97b8-fbc3043e919f,Umbrella follows form over General Liability,"---prompt---
Determine if the Umbrella/Excess Liability policy follows form to the underlying policies. Evidence may include: language in the Description of Operations section stating the umbrella follows form to underlying coverages or an additional page endorsement stating that it follows form. Follow form means the umbrella policy adopts the same terms, conditions, and exclusions as the underlying policies.",matchOnce,must be present,,,non_compliant,Block Requirements,,,true,0,,2026-08-16
"Block Real Estate Services, LLC",6a46aa6469f1b5416f79aed1,6a46a9fb881712769bd59582,Veterans Ascent Corp,69fdef8fbf1df2fe9692198a,"3rd959 - Bell 39 Properties, LLC",evidenceOfInsurance,Evidence of Insurance,6ac20aae-5728-5d57-b364-aeba38527dba,Additional Requirements,2cdd866f-c9a4-576a-afd8-1d045762790c,"The location must be listed as: 1715 1/2 W 39th Street, Suite 205, Kansas City, MO 66111",,matchOnce,must be present,,,non_compliant,Block Requirements,,,true,0,,2026-08-16
"Block Real Estate Services, LLC",6a46aa6469f1b5416f79aed1,6a46a9fb881712769bd59582,Veterans Ascent Corp,69fdef8fbf1df2fe9692198a,"3rd959 - Bell 39 Properties, LLC",evidenceOfInsurance,Evidence of Insurance,6ac20aae-5728-5d57-b364-aeba38527dba,Additional Requirements,3649e9d1-4e09-59bf-8f30-cb33c40cf117,"Certificate Holder must read: c/o Block Real Estate Services, LLC, 4622 Pennsylvania St., Suite 700, Kansas City, MO, 64112",,matchOnce,must be present,,,non_compliant,Block Requirements,,,true,0,,2026-08-16
"Block Real Estate Services, LLC",69fdf7b562446148bd85c463,69fded0c62446148bd848b14,Academy Bank,69fdf1fc3b208288e0a86ed1,"tic827 - Westchester Square Shopping Centre {Westchester 87 Investors, LLC}",evidenceOfInsurance,Evidence of Insurance,commercialGeneralLiability,Commercial General Liability,evidenceOfInsuranceCommercialGeneralLiabilityCoverageTriggerOccurrence,Coverage Trigger: Occurrence,,matchOnce,must be present,,Present,compliant,Block Requirements,,,false,1,,2026-08-16
"Block Real Estate Services, LLC",69fdf7b562446148bd85c463,69fded0c62446148bd848b14,Academy Bank,69fdf1fc3b208288e0a86ed1,"tic827 - Westchester Square Shopping Centre {Westchester 87 Investors, LLC}",evidenceOfInsurance,Evidence of Insurance,commercialGeneralLiability,Commercial General Liability,evidenceOfInsuranceCommercialGeneralLiabilityGeneralAggregateLimitAppliesPerLocation,General Aggregate Limit Applies per: Location,,matchOnce,must be present,,Present,compliant,Block Requirements,,,false,1,,2026-08-16
"Block Real Estate Services, LLC",69fdf7b562446148bd85c463,69fded0c62446148bd848b14,Academy Bank,69fdf1fc3b208288e0a86ed1,"tic827 - Westchester Square Shopping Centre {Westchester 87 Investors, LLC}",evidenceOfInsurance,Evidence of Insurance,commercialGeneralLiability,Commercial General Liability,evidenceOfInsuranceCommercialGeneralLiabilityEachOccurrence,Each Occurrence,,matchOnce,must be greater or equal to,1000000,1000000,compliant,Block Requirements,,,false,1,,2026-08-16
"Block Real Estate Services, LLC",69fdf7b562446148bd85c463,69fded0c62446148bd848b14,Academy Bank,69fdf1fc3b208288e0a86ed1,"tic827 - Westchester Square Shopping Centre {Westchester 87 Investors, LLC}",evidenceOfInsurance,Evidence of Insurance,commercialGeneralLiability,Commercial General Liability,evidenceOfInsuranceCommercialGeneralLiabilityGeneralAggregate,General Aggregate,,matchOnce,must be greater or equal to,2000000,5000000,compliant,Block Requirements,,,false,1,,2026-08-16
"Block Real Estate Services, LLC",69fdf7b562446148bd85c463,69fded0c62446148bd848b14,Academy Bank,69fdf1fc3b208288e0a86ed1,"tic827 - Westchester Square Shopping Centre {Westchester 87 Investors, LLC}",evidenceOfInsurance,Evidence of Insurance,commercialGeneralLiability,Commercial General Liability,evidenceOfInsuranceCommercialGeneralLiabilityWaiverOfSubrogationEndorsement,Waiver of Subrogation,"---prompt---
Determine if the insurer has waived their right of subrogation in favor of the certificate holder under the Commercial General Liability policy. Evidence may include: a checked ""Waiver of Subrogation"" box on the certificate, mention in the Description of Operations section stating ""waiver of subrogation applies"", or reference to form CG 24 04. Look for language like ""subrogation is waived"" or ""per written contract"".",matchOnce,must be present,,Present,compliant,Block Requirements,,,false,1,,2026-08-16
"Block Real Estate Services, LLC",69fdf7b562446148bd85c463,69fded0c62446148bd848b14,Academy Bank,69fdf1fc3b208288e0a86ed1,"tic827 - Westchester Square Shopping Centre {Westchester 87 Investors, LLC}",evidenceOfInsurance,Evidence of Insurance,excessOrUmbrellaLiability,Umbrella/Excess Liability,evidenceOfInsuranceExcessOrUmbrellaLiabilityOccurence,Coverage Trigger: Occurrence,,matchOnce,must be present,,Present,compliant,Block Requirements,,,false,1,,2026-08-16
"Block Real Estate Services, LLC",69fdf7b562446148bd85c463,69fded0c62446148bd848b14,Academy Bank,69fdf1fc3b208288e0a86ed1,"tic827 - Westchester Square Shopping Centre {Westchester 87 Investors, LLC}",evidenceOfInsurance,Evidence of Insurance,excessOrUmbrellaLiability,Umbrella/Excess Liability,evidenceOfInsuranceExcessOrUmbrellaLiabilityEachOccurrence,Each Occurrence,,matchOnce,must be greater or equal to,1000000,25000000,compliant,Block Requirements,,,false,1,,2026-08-16
"Block Real Estate Services, LLC",69fdf7b562446148bd85c463,69fded0c62446148bd848b14,Academy Bank,69fdf1fc3b208288e0a86ed1,"tic827 - Westchester Square Shopping Centre {Westchester 87 Investors, LLC}",evidenceOfInsurance,Evidence of Insurance,excessOrUmbrellaLiability,Umbrella/Excess Liability,evidenceOfInsuranceExcessOrUmbrellaLiabilityAggregate,Aggregate,,matchOnce,must be greater or equal to,1000000,25000000,compliant,Block Requirements,,,false,1,,2026-08-16
"Block Real Estate Services, LLC",69fdf7b562446148bd85c463,69fded0c62446148bd848b14,Academy Bank,69fdf1fc3b208288e0a86ed1,"tic827 - Westchester Square Shopping Centre {Westchester 87 Investors, LLC}",evidenceOfInsurance,Evidence of Insurance,workersCompensation,Workers' Compensation and Employer's Liability,evidenceOfInsuranceWorkersCompensationStatutoryLimits,Statutory Limits,,matchOnce,must be present,,Present,compliant,Block Requirements,,,false,1,,2026-08-16
"Block Real Estate Services, LLC",69fdf7b562446148bd85c463,69fded0c62446148bd848b14,Academy Bank,69fdf1fc3b208288e0a86ed1,"tic827 - Westchester Square Shopping Centre {Westchester 87 Investors, LLC}",evidenceOfInsurance,Evidence of Insurance,workersCompensation,Workers' Compensation and Employer's Liability,evidenceOfInsuranceWorkersCompensationEmployersLiabilityEachAccident,Employer's Liability Each Accident,,matchOnce,must be greater or equal to,500000,1000000,compliant,Block Requirements,,,false,1,,2026-08-16
"Block Real Estate Services, LLC",69fdf7b562446148bd85c463,69fded0c62446148bd848b14,Academy Bank,69fdf1fc3b208288e0a86ed1,"tic827 - Westchester Square Shopping Centre {Westchester 87 Investors, LLC}",evidenceOfInsurance,Evidence of Insurance,workersCompensation,Workers' Compensation and Employer's Liability,evidenceOfInsuranceWorkersCompensationEmployersLiabilityDiseaseEachEmployee,Employer's Liability Disease - each employee,,matchOnce,must be greater or equal to,500000,1000000,compliant,Block Requirements,,,false,1,,2026-08-16
"Block Real Estate Services, LLC",69fdf7b562446148bd85c463,69fded0c62446148bd848b14,Academy Bank,69fdf1fc3b208288e0a86ed1,"tic827 - Westchester Square Shopping Centre {Westchester 87 Investors, LLC}",evidenceOfInsurance,Evidence of Insurance,workersCompensation,Workers' Compensation and Employer's Liability,evidenceOfInsuranceWorkersCompensationEmployersLiabilityDiseasePolicyLimit,Employer's Liability Disease - policy limit,,matchOnce,must be greater or equal to,500000,1000000,compliant,Block Requirements,,,false,1,,2026-08-16
"Block Real Estate Services, LLC",69fdf7b562446148bd85c463,69fded0c62446148bd848b14,Academy Bank,69fdf1fc3b208288e0a86ed1,"tic827 - Westchester Square Shopping Centre {Westchester 87 Investors, LLC}",evidenceOfInsurance,Evidence of Insurance,workersCompensation,Workers' Compensation and Employer's Liability,evidenceOfInsuranceWorkersCompensationWaiverOfSubrogationEndorsement,Waiver of Subrogation,"---prompt---
Determine if the insurer has waived their right of subrogation in favor of the certificate holder under the Workers' Compensation policy. Evidence may include: a checked ""Waiver of Subrogation"" box on the certificate, mention in the Description of Operations section stating ""waiver of subrogation applies"", or reference to form WC 00 03 13. Look for language like ""subrogation is waived"" or ""per written contract"".",matchOnce,must be present,,Present,compliant,Block Requirements,,,false,1,,2026-08-16
"Block Real Estate Services, LLC",69fdf7b562446148bd85c463,69fded0c62446148bd848b14,Academy Bank,69fdf1fc3b208288e0a86ed1,"tic827 - Westchester Square Shopping Centre {Westchester 87 Investors, LLC}",evidenceOfInsurance,Evidence of Insurance,6ac20aae-5728-5d57-b364-aeba38527dba,Additional Requirements,4da5b0f1-4c9d-5885-8cf8-5d3cccaed3e0,"Block Real Estate Services, LLC and all others required by contract are named as Additional Insureds","---prompt---
Determine if the Description of Operations or the Additional Remarks Schedule section states the ""Additional Insured as Construction Management, Inc. and all others required by contract"" or reference to blanket additional insured coverage. Look for language like ""certificate holder is additional insured"" or ""per written contract"".",matchOnce,must be present,,Present,compliant,Block Requirements,,,true,1,,2026-08-16
"Block Real Estate Services, LLC",69fdf7b562446148bd85c463,69fded0c62446148bd848b14,Academy Bank,69fdf1fc3b208288e0a86ed1,"tic827 - Westchester Square Shopping Centre {Westchester 87 Investors, LLC}",evidenceOfInsurance,Evidence of Insurance,6ac20aae-5728-5d57-b364-aeba38527dba,Additional Requirements,e1017741-e47e-5f58-97b8-fbc3043e919f,Umbrella follows form over General Liability,"---prompt---
Determine if the Umbrella/Excess Liability policy follows form to the underlying policies. Evidence may include: language in the Description of Operations section stating the umbrella follows form to underlying coverages or an additional page endorsement stating that it follows form. Follow form means the umbrella policy adopts the same terms, conditions, and exclusions as the underlying policies.",matchOnce,must be present,,Present,compliant,Block Requirements,,,true,1,,2026-08-16
"Block Real Estate Services, LLC",69fdf7b562446148bd85c463,69fded0c62446148bd848b14,Academy Bank,69fdf1fc3b208288e0a86ed1,"tic827 - Westchester Square Shopping Centre {Westchester 87 Investors, LLC}",evidenceOfInsurance,Evidence of Insurance,6ac20aae-5728-5d57-b364-aeba38527dba,Additional Requirements,2cdd866f-c9a4-576a-afd8-1d045762790c,The location must be listed as: 13218 W. 87th Street Lenexa KS 66215,,matchOnce,must be present,,Present,compliant,Block Requirements,,,true,1,,2026-08-16
"Block Real Estate Services, LLC",69fdf7b562446148bd85c463,69fded0c62446148bd848b14,Academy Bank,69fdf1fc3b208288e0a86ed1,"tic827 - Westchester Square Shopping Centre {Westchester 87 Investors, LLC}",evidenceOfInsurance,Evidence of Insurance,6ac20aae-5728-5d57-b364-aeba38527dba,Additional Requirements,3649e9d1-4e09-59bf-8f30-cb33c40cf117,"Certificate Holder must read: c/o Block Real Estate Services, LLC, 4622 Pennsylvania St., Suite 700, Kansas City, MO, 64112",,matchOnce,must be present,,Present,compliant,Block Requirements,,,true,1,,2026-08-16
"Block Real Estate Services, LLC",69fdf7b562446148bd85c46b,69fded1762446148bd848e7d,Hy-Vee Inc,69fdf1fc3b208288e0a86ed1,"tic827 - Westchester Square Shopping Centre {Westchester 87 Investors, LLC}",evidenceOfInsurance,Evidence of Insurance,commercialGeneralLiability,Commercial General Liability,evidenceOfInsuranceCommercialGeneralLiabilityCoverageTriggerOccurrence,Coverage Trigger: Occurrence,,matchOnce,must be present,,,non_compliant,Block Requirements,,,false,0,,2026-08-16
"Block Real Estate Services, LLC",69fdf7b562446148bd85c46b,69fded1762446148bd848e7d,Hy-Vee Inc,69fdf1fc3b208288e0a86ed1,"tic827 - Westchester Square Shopping Centre {Westchester 87 Investors, LLC}",evidenceOfInsurance,Evidence of Insurance,commercialGeneralLiability,Commercial General Liability,evidenceOfInsuranceCommercialGeneralLiabilityGeneralAggregateLimitAppliesPerLocation,General Aggregate Limit Applies per: Location,,matchOnce,must be present,,,non_compliant,Block Requirements,,,false,0,,2026-08-16
"Block Real Estate Services, LLC",69fdf7b562446148bd85c46b,69fded1762446148bd848e7d,Hy-Vee Inc,69fdf1fc3b208288e0a86ed1,"tic827 - Westchester Square Shopping Centre {Westchester 87 Investors, LLC}",evidenceOfInsurance,Evidence of Insurance,commercialGeneralLiability,Commercial General Liability,evidenceOfInsuranceCommercialGeneralLiabilityEachOccurrence,Each Occurrence,,matchOnce,must be greater or equal to,1000000,,non_compliant,Block Requirements,,,false,0,,2026-08-16
"Block Real Estate Services, LLC",69fdf7b562446148bd85c46b,69fded1762446148bd848e7d,Hy-Vee Inc,69fdf1fc3b208288e0a86ed1,"tic827 - Westchester Square Shopping Centre {Westchester 87 Investors, LLC}",evidenceOfInsurance,Evidence of Insurance,commercialGeneralLiability,Commercial General Liability,evidenceOfInsuranceCommercialGeneralLiabilityGeneralAggregate,General Aggregate,,matchOnce,must be greater or equal to,2000000,,non_compliant,Block Requirements,,,false,0,,2026-08-16
"Block Real Estate Services, LLC",69fdf7b562446148bd85c46b,69fded1762446148bd848e7d,Hy-Vee Inc,69fdf1fc3b208288e0a86ed1,"tic827 - Westchester Square Shopping Centre {Westchester 87 Investors, LLC}",evidenceOfInsurance,Evidence of Insurance,commercialGeneralLiability,Commercial General Liability,evidenceOfInsuranceCommercialGeneralLiabilityWaiverOfSubrogationEndorsement,Waiver of Subrogation,"---prompt---
Determine if the insurer has waived their right of subrogation in favor of the certificate holder under the Commercial General Liability policy. Evidence may include: a checked ""Waiver of Subrogation"" box on the certificate, mention in the Description of Operations section stating ""waiver of subrogation applies"", or reference to form CG 24 04. Look for language like ""subrogation is waived"" or ""per written contract"".",matchOnce,must be present,,,non_compliant,Block Requirements,,,false,0,,2026-08-16
"Block Real Estate Services, LLC",69fdf7b562446148bd85c46b,69fded1762446148bd848e7d,Hy-Vee Inc,69fdf1fc3b208288e0a86ed1,"tic827 - Westchester Square Shopping Centre {Westchester 87 Investors, LLC}",evidenceOfInsurance,Evidence of Insurance,excessOrUmbrellaLiability,Umbrella/Excess Liability,evidenceOfInsuranceExcessOrUmbrellaLiabilityOccurence,Coverage Trigger: Occurrence,,matchOnce,must be present,,,non_compliant,Block Requirements,,,false,0,,2026-08-16
"Block Real Estate Services, LLC",69fdf7b562446148bd85c46b,69fded1762446148bd848e7d,Hy-Vee Inc,69fdf1fc3b208288e0a86ed1,"tic827 - Westchester Square Shopping Centre {Westchester 87 Investors, LLC}",evidenceOfInsurance,Evidence of Insurance,excessOrUmbrellaLiability,Umbrella/Excess Liability,evidenceOfInsuranceExcessOrUmbrellaLiabilityEachOccurrence,Each Occurrence,,matchOnce,must be greater or equal to,1000000,,non_compliant,Block Requirements,,,false,0,,2026-08-16
"Block Real Estate Services, LLC",69fdf7b562446148bd85c46b,69fded1762446148bd848e7d,Hy-Vee Inc,69fdf1fc3b208288e0a86ed1,"tic827 - Westchester Square Shopping Centre {Westchester 87 Investors, LLC}",evidenceOfInsurance,Evidence of Insurance,excessOrUmbrellaLiability,Umbrella/Excess Liability,evidenceOfInsuranceExcessOrUmbrellaLiabilityAggregate,Aggregate,,matchOnce,must be greater or equal to,1000000,,non_compliant,Block Requirements,,,false,0,,2026-08-16
"Block Real Estate Services, LLC",69fdf7b562446148bd85c46b,69fded1762446148bd848e7d,Hy-Vee Inc,69fdf1fc3b208288e0a86ed1,"tic827 - Westchester Square Shopping Centre {Westchester 87 Investors, LLC}",evidenceOfInsurance,Evidence of Insurance,workersCompensation,Workers' Compensation and Employer's Liability,evidenceOfInsuranceWorkersCompensationStatutoryLimits,Statutory Limits,,matchOnce,must be present,,,non_compliant,Block Requirements,,,false,0,,2026-08-16
"Block Real Estate Services, LLC",69fdf7b562446148bd85c46b,69fded1762446148bd848e7d,Hy-Vee Inc,69fdf1fc3b208288e0a86ed1,"tic827 - Westchester Square Shopping Centre {Westchester 87 Investors, LLC}",evidenceOfInsurance,Evidence of Insurance,workersCompensation,Workers' Compensation and Employer's Liability,evidenceOfInsuranceWorkersCompensationEmployersLiabilityEachAccident,Employer's Liability Each Accident,,matchOnce,must be greater or equal to,500000,,non_compliant,Block Requirements,,,false,0,,2026-08-16
"Block Real Estate Services, LLC",69fdf7b562446148bd85c46b,69fded1762446148bd848e7d,Hy-Vee Inc,69fdf1fc3b208288e0a86ed1,"tic827 - Westchester Square Shopping Centre {Westchester 87 Investors, LLC}",evidenceOfInsurance,Evidence of Insurance,workersCompensation,Workers' Compensation and Employer's Liability,evidenceOfInsuranceWorkersCompensationEmployersLiabilityDiseaseEachEmployee,Employer's Liability Disease - each employee,,matchOnce,must be greater or equal to,500000,,non_compliant,Block Requirements,,,false,0,,2026-08-16
"Block Real Estate Services, LLC",69fdf7b562446148bd85c46b,69fded1762446148bd848e7d,Hy-Vee Inc,69fdf1fc3b208288e0a86ed1,"tic827 - Westchester Square Shopping Centre {Westchester 87 Investors, LLC}",evidenceOfInsurance,Evidence of Insurance,workersCompensation,Workers' Compensation and Employer's Liability,evidenceOfInsuranceWorkersCompensationEmployersLiabilityDiseasePolicyLimit,Employer's Liability Disease - policy limit,,matchOnce,must be greater or equal to,500000,,non_compliant,Block Requirements,,,false,0,,2026-08-16
"Block Real Estate Services, LLC",69fdf7b562446148bd85c46b,69fded1762446148bd848e7d,Hy-Vee Inc,69fdf1fc3b208288e0a86ed1,"tic827 - Westchester Square Shopping Centre {Westchester 87 Investors, LLC}",evidenceOfInsurance,Evidence of Insurance,workersCompensation,Workers' Compensation and Employer's Liability,evidenceOfInsuranceWorkersCompensationWaiverOfSubrogationEndorsement,Waiver of Subrogation,"---prompt---
Determine if the insurer has waived their right of subrogation in favor of the certificate holder under the Workers' Compensation policy. Evidence may include: a checked ""Waiver of Subrogation"" box on the certificate, mention in the Description of Operations section stating ""waiver of subrogation applies"", or reference to form WC 00 03 13. Look for language like ""subrogation is waived"" or ""per written contract"".",matchOnce,must be present,,,non_compliant,Block Requirements,,,false,0,,2026-08-16
"Block Real Estate Services, LLC",69fdf7b562446148bd85c46b,69fded1762446148bd848e7d,Hy-Vee Inc,69fdf1fc3b208288e0a86ed1,"tic827 - Westchester Square Shopping Centre {Westchester 87 Investors, LLC}",evidenceOfInsurance,Evidence of Insurance,6ac20aae-5728-5d57-b364-aeba38527dba,Additional Requirements,4da5b0f1-4c9d-5885-8cf8-5d3cccaed3e0,"Block Real Estate Services, LLC and all others required by contract are named as Additional Insureds","---prompt---
Determine if the Description of Operations or the Additional Remarks Schedule section states the ""Additional Insured as Construction Management, Inc. and all others required by contract"" or reference to blanket additional insured coverage. Look for language like ""certificate holder is additional insured"" or ""per written contract"".",matchOnce,must be present,,,non_compliant,Block Requirements,,,true,0,,2026-08-16
"Block Real Estate Services, LLC",69fdf7b562446148bd85c46b,69fded1762446148bd848e7d,Hy-Vee Inc,69fdf1fc3b208288e0a86ed1,"tic827 - Westchester Square Shopping Centre {Westchester 87 Investors, LLC}",evidenceOfInsurance,Evidence of Insurance,6ac20aae-5728-5d57-b364-aeba38527dba,Additional Requirements,e1017741-e47e-5f58-97b8-fbc3043e919f,Umbrella follows form over General Liability,"---prompt---
Determine if the Umbrella/Excess Liability policy follows form to the underlying policies. Evidence may include: language in the Description of Operations section stating the umbrella follows form to underlying coverages or an additional page endorsement stating that it follows form. Follow form means the umbrella policy adopts the same terms, conditions, and exclusions as the underlying policies.",matchOnce,must be present,,,non_compliant,Block Requirements,,,true,0,,2026-08-16
"Block Real Estate Services, LLC",69fdf7b562446148bd85c46b,69fded1762446148bd848e7d,Hy-Vee Inc,69fdf1fc3b208288e0a86ed1,"tic827 - Westchester Square Shopping Centre {Westchester 87 Investors, LLC}",evidenceOfInsurance,Evidence of Insurance,6ac20aae-5728-5d57-b364-aeba38527dba,Additional Requirements,2cdd866f-c9a4-576a-afd8-1d045762790c,The location must be listed as: 13400 W. 87th Street Lenexa KS 66215,,matchOnce,must be present,,,non_compliant,Block Requirements,,,true,0,,2026-08-16
"Block Real Estate Services, LLC",69fdf7b562446148bd85c46b,69fded1762446148bd848e7d,Hy-Vee Inc,69fdf1fc3b208288e0a86ed1,"tic827 - Westchester Square Shopping Centre {Westchester 87 Investors, LLC}",evidenceOfInsurance,Evidence of Insurance,6ac20aae-5728-5d57-b364-aeba38527dba,Additional Requirements,3649e9d1-4e09-59bf-8f30-cb33c40cf117,"Certificate Holder must read: c/o Block Real Estate Services, LLC, 4622 Pennsylvania St., Suite 700, Kansas City, MO, 64112",,matchOnce,must be present,,,non_compliant,Block Requirements,,,true,0,,2026-08-16
"Block Real Estate Services, LLC",69fdf7b562446148bd85c476,69fded2262446148bd8491ec,Tesla Inc,69fdf1fc3b208288e0a86ed1,"tic827 - Westchester Square Shopping Centre {Westchester 87 Investors, LLC}",evidenceOfInsurance,Evidence of Insurance,commercialGeneralLiability,Commercial General Liability,evidenceOfInsuranceCommercialGeneralLiabilityCoverageTriggerOccurrence,Coverage Trigger: Occurrence,,matchOnce,must be present,,Present,compliant,Block Requirements,,,false,1,,2026-08-16
"Block Real Estate Services, LLC",69fdf7b562446148bd85c476,69fded2262446148bd8491ec,Tesla Inc,69fdf1fc3b208288e0a86ed1,"tic827 - Westchester Square Shopping Centre {Westchester 87 Investors, LLC}",evidenceOfInsurance,Evidence of Insurance,commercialGeneralLiability,Commercial General Liability,evidenceOfInsuranceCommercialGeneralLiabilityGeneralAggregateLimitAppliesPerLocation,General Aggregate Limit Applies per: Location,,matchOnce,must be present,,,waived,Block Requirements,Per location not a requirement in the lease,,false,0,,2026-08-16
"Block Real Estate Services, LLC",69fdf7b562446148bd85c476,69fded2262446148bd8491ec,Tesla Inc,69fdf1fc3b208288e0a86ed1,"tic827 - Westchester Square Shopping Centre {Westchester 87 Investors, LLC}",evidenceOfInsurance,Evidence of Insurance,commercialGeneralLiability,Commercial General Liability,evidenceOfInsuranceCommercialGeneralLiabilityEachOccurrence,Each Occurrence,,matchOnce,must be greater or equal to,1000000,2500000,compliant,Block Requirements,,,false,1,,2026-08-16
"Block Real Estate Services, LLC",69fdf7b562446148bd85c476,69fded2262446148bd8491ec,Tesla Inc,69fdf1fc3b208288e0a86ed1,"tic827 - Westchester Square Shopping Centre {Westchester 87 Investors, LLC}",evidenceOfInsurance,Evidence of Insurance,commercialGeneralLiability,Commercial General Liability,evidenceOfInsuranceCommercialGeneralLiabilityGeneralAggregate,General Aggregate,,matchOnce,must be greater or equal to,2000000,4000000,compliant,Block Requirements,,,false,1,,2026-08-16
"Block Real Estate Services, LLC",69fdf7b562446148bd85c476,69fded2262446148bd8491ec,Tesla Inc,69fdf1fc3b208288e0a86ed1,"tic827 - Westchester Square Shopping Centre {Westchester 87 Investors, LLC}",evidenceOfInsurance,Evidence of Insurance,commercialGeneralLiability,Commercial General Liability,evidenceOfInsuranceCommercialGeneralLiabilityWaiverOfSubrogationEndorsement,Waiver of Subrogation,"---prompt---
Determine if the insurer has waived their right of subrogation in favor of the certificate holder under the Commercial General Liability policy. Evidence may include: a checked ""Waiver of Subrogation"" box on the certificate, mention in the Description of Operations section stating ""waiver of subrogation applies"", or reference to form CG 24 04. Look for language like ""subrogation is waived"" or ""per written contract"".",matchOnce,must be present,,Present,compliant,Block Requirements,,,false,1,,2026-08-16
"Block Real Estate Services, LLC",69fdf7b562446148bd85c476,69fded2262446148bd8491ec,Tesla Inc,69fdf1fc3b208288e0a86ed1,"tic827 - Westchester Square Shopping Centre {Westchester 87 Investors, LLC}",evidenceOfInsurance,Evidence of Insurance,excessOrUmbrellaLiability,Umbrella/Excess Liability,evidenceOfInsuranceExcessOrUmbrellaLiabilityOccurence,Coverage Trigger: Occurrence,,matchOnce,must be present,,,waived,Block Requirements,,,false,0,,2026-08-16
"Block Real Estate Services, LLC",69fdf7b562446148bd85c476,69fded2262446148bd8491ec,Tesla Inc,69fdf1fc3b208288e0a86ed1,"tic827 - Westchester Square Shopping Centre {Westchester 87 Investors, LLC}",evidenceOfInsurance,Evidence of Insurance,excessOrUmbrellaLiability,Umbrella/Excess Liability,evidenceOfInsuranceExcessOrUmbrellaLiabilityEachOccurrence,Each Occurrence,,matchOnce,must be greater or equal to,1000000,,waived,Block Requirements,,,false,0,,2026-08-16
"Block Real Estate Services, LLC",69fdf7b562446148bd85c476,69fded2262446148bd8491ec,Tesla Inc,69fdf1fc3b208288e0a86ed1,"tic827 - Westchester Square Shopping Centre {Westchester 87 Investors, LLC}",evidenceOfInsurance,Evidence of Insurance,excessOrUmbrellaLiability,Umbrella/Excess Liability,evidenceOfInsuranceExcessOrUmbrellaLiabilityAggregate,Aggregate,,matchOnce,must be greater or equal to,1000000,,waived,Block Requirements,,,false,0,,2026-08-16
"Block Real Estate Services, LLC",69fdf7b562446148bd85c476,69fded2262446148bd8491ec,Tesla Inc,69fdf1fc3b208288e0a86ed1,"tic827 - Westchester Square Shopping Centre {Westchester 87 Investors, LLC}",evidenceOfInsurance,Evidence of Insurance,workersCompensation,Workers' Compensation and Employer's Liability,evidenceOfInsuranceWorkersCompensationStatutoryLimits,Statutory Limits,,matchOnce,must be present,,Present,compliant,Block Requirements,,,false,1,,2026-08-16
"Block Real Estate Services, LLC",69fdf7b562446148bd85c476,69fded2262446148bd8491ec,Tesla Inc,69fdf1fc3b208288e0a86ed1,"tic827 - Westchester Square Shopping Centre {Westchester 87 Investors, LLC}",evidenceOfInsurance,Evidence of Insurance,workersCompensation,Workers' Compensation and Employer's Liability,evidenceOfInsuranceWorkersCompensationEmployersLiabilityEachAccident,Employer's Liability Each Accident,,matchOnce,must be greater or equal to,500000,1000000,compliant,Block Requirements,,,false,1,,2026-08-16
"Block Real Estate Services, LLC",69fdf7b562446148bd85c476,69fded2262446148bd8491ec,Tesla Inc,69fdf1fc3b208288e0a86ed1,"tic827 - Westchester Square Shopping Centre {Westchester 87 Investors, LLC}",evidenceOfInsurance,Evidence of Insurance,workersCompensation,Workers' Compensation and Employer's Liability,evidenceOfInsuranceWorkersCompensationEmployersLiabilityDiseaseEachEmployee,Employer's Liability Disease - each employee,,matchOnce,must be greater or equal to,500000,1000000,compliant,Block Requirements,,,false,1,,2026-08-16
"Block Real Estate Services, LLC",69fdf7b562446148bd85c476,69fded2262446148bd8491ec,Tesla Inc,69fdf1fc3b208288e0a86ed1,"tic827 - Westchester Square Shopping Centre {Westchester 87 Investors, LLC}",evidenceOfInsurance,Evidence of Insurance,workersCompensation,Workers' Compensation and Employer's Liability,evidenceOfInsuranceWorkersCompensationEmployersLiabilityDiseasePolicyLimit,Employer's Liability Disease - policy limit,,matchOnce,must be greater or equal to,500000,1000000,compliant,Block Requirements,,,false,1,,2026-08-16
"Block Real Estate Services, LLC",69fdf7b562446148bd85c476,69fded2262446148bd8491ec,Tesla Inc,69fdf1fc3b208288e0a86ed1,"tic827 - Westchester Square Shopping Centre {Westchester 87 Investors, LLC}",evidenceOfInsurance,Evidence of Insurance,workersCompensation,Workers' Compensation and Employer's Liability,evidenceOfInsuranceWorkersCompensationWaiverOfSubrogationEndorsement,Waiver of Subrogation,"---prompt---
Determine if the insurer has waived their right of subrogation in favor of the certificate holder under the Workers' Compensation policy. Evidence may include: a checked ""Waiver of Subrogation"" box on the certificate, mention in the Description of Operations section stating ""waiver of subrogation applies"", or reference to form WC 00 03 13. Look for language like ""subrogation is waived"" or ""per written contract"".",matchOnce,must be present,,Present,compliant,Block Requirements,,,false,1,,2026-08-16
"Block Real Estate Services, LLC",69fdf7b562446148bd85c476,69fded2262446148bd8491ec,Tesla Inc,69fdf1fc3b208288e0a86ed1,"tic827 - Westchester Square Shopping Centre {Westchester 87 Investors, LLC}",evidenceOfInsurance,Evidence of Insurance,6ac20aae-5728-5d57-b364-aeba38527dba,Additional Requirements,4da5b0f1-4c9d-5885-8cf8-5d3cccaed3e0,"Block Real Estate Services, LLC and all others required by contract are named as Additional Insureds","---prompt---
Determine if the Description of Operations or the Additional Remarks Schedule section states the ""Additional Insured as Construction Management, Inc. and all others required by contract"" or reference to blanket additional insured coverage. Look for language like ""certificate holder is additional insured"" or ""per written contract"".",matchOnce,must be present,,,non_compliant,Block Requirements,,,true,0,,2026-08-16
"Block Real Estate Services, LLC",69fdf7b562446148bd85c476,69fded2262446148bd8491ec,Tesla Inc,69fdf1fc3b208288e0a86ed1,"tic827 - Westchester Square Shopping Centre {Westchester 87 Investors, LLC}",evidenceOfInsurance,Evidence of Insurance,6ac20aae-5728-5d57-b364-aeba38527dba,Additional Requirements,e1017741-e47e-5f58-97b8-fbc3043e919f,Umbrella follows form over General Liability,"---prompt---
Determine if the Umbrella/Excess Liability policy follows form to the underlying policies. Evidence may include: language in the Description of Operations section stating the umbrella follows form to underlying coverages or an additional page endorsement stating that it follows form. Follow form means the umbrella policy adopts the same terms, conditions, and exclusions as the underlying policies.",matchOnce,must be present,,,waived,Block Requirements,Umbrella Liability not a requirement in the lease,,true,0,,2026-08-16
"Block Real Estate Services, LLC",69fdf7b562446148bd85c476,69fded2262446148bd8491ec,Tesla Inc,69fdf1fc3b208288e0a86ed1,"tic827 - Westchester Square Shopping Centre {Westchester 87 Investors, LLC}",evidenceOfInsurance,Evidence of Insurance,6ac20aae-5728-5d57-b364-aeba38527dba,Additional Requirements,2cdd866f-c9a4-576a-afd8-1d045762790c,"The location must be listed as: 13400 W 87th St Pkwy, Lenexa, KS 66215",,matchOnce,must be present,,Present,compliant,Block Requirements,,,true,1,,2026-08-16
"Block Real Estate Services, LLC",69fdf7b562446148bd85c476,69fded2262446148bd8491ec,Tesla Inc,69fdf1fc3b208288e0a86ed1,"tic827 - Westchester Square Shopping Centre {Westchester 87 Investors, LLC}",evidenceOfInsurance,Evidence of Insurance,6ac20aae-5728-5d57-b364-aeba38527dba,Additional Requirements,3649e9d1-4e09-59bf-8f30-cb33c40cf117,"Certificate Holder must read: c/o Block Real Estate Services, LLC, 4622 Pennsylvania St., Suite 700, Kansas City, MO, 64112",,matchOnce,must be present,,,non_compliant,Block Requirements,,,true,0,,2026-08-16
"Block Real Estate Services, LLC",69fdf7b562446148bd85c478,69fded2462446148bd8492be,Workout Anytime,69fdf1fc3b208288e0a86ed1,"tic827 - Westchester Square Shopping Centre {Westchester 87 Investors, LLC}",evidenceOfInsurance,Evidence of Insurance,commercialGeneralLiability,Commercial General Liability,evidenceOfInsuranceCommercialGeneralLiabilityCoverageTriggerOccurrence,Coverage Trigger: Occurrence,,matchOnce,must be present,,,non_compliant,Block Requirements,,,false,0,,2026-08-16
"Block Real Estate Services, LLC",69fdf7b562446148bd85c478,69fded2462446148bd8492be,Workout Anytime,69fdf1fc3b208288e0a86ed1,"tic827 - Westchester Square Shopping Centre {Westchester 87 Investors, LLC}",evidenceOfInsurance,Evidence of Insurance,commercialGeneralLiability,Commercial General Liability,evidenceOfInsuranceCommercialGeneralLiabilityGeneralAggregateLimitAppliesPerLocation,General Aggregate Limit Applies per: Location,,matchOnce,must be present,,,non_compliant,Block Requirements,,,false,0,,2026-08-16
"Block Real Estate Services, LLC",69fdf7b562446148bd85c478,69fded2462446148bd8492be,Workout Anytime,69fdf1fc3b208288e0a86ed1,"tic827 - Westchester Square Shopping Centre {Westchester 87 Investors, LLC}",evidenceOfInsurance,Evidence of Insurance,commercialGeneralLiability,Commercial General Liability,evidenceOfInsuranceCommercialGeneralLiabilityEachOccurrence,Each Occurrence,,matchOnce,must be greater or equal to,1000000,,non_compliant,Block Requirements,,,false,0,,2026-08-16
"Block Real Estate Services, LLC",69fdf7b562446148bd85c478,69fded2462446148bd8492be,Workout Anytime,69fdf1fc3b208288e0a86ed1,"tic827 - Westchester Square Shopping Centre {Westchester 87 Investors, LLC}",evidenceOfInsurance,Evidence of Insurance,commercialGeneralLiability,Commercial General Liability,evidenceOfInsuranceCommercialGeneralLiabilityGeneralAggregate,General Aggregate,,matchOnce,must be greater or equal to,2000000,,non_compliant,Block Requirements,,,false,0,,2026-08-16
"Block Real Estate Services, LLC",69fdf7b562446148bd85c478,69fded2462446148bd8492be,Workout Anytime,69fdf1fc3b208288e0a86ed1,"tic827 - Westchester Square Shopping Centre {Westchester 87 Investors, LLC}",evidenceOfInsurance,Evidence of Insurance,commercialGeneralLiability,Commercial General Liability,evidenceOfInsuranceCommercialGeneralLiabilityWaiverOfSubrogationEndorsement,Waiver of Subrogation,"---prompt---
Determine if the insurer has waived their right of subrogation in favor of the certificate holder under the Commercial General Liability policy. Evidence may include: a checked ""Waiver of Subrogation"" box on the certificate, mention in the Description of Operations section stating ""waiver of subrogation applies"", or reference to form CG 24 04. Look for language like ""subrogation is waived"" or ""per written contract"".",matchOnce,must be present,,,non_compliant,Block Requirements,,,false,0,,2026-08-16
"Block Real Estate Services, LLC",69fdf7b562446148bd85c478,69fded2462446148bd8492be,Workout Anytime,69fdf1fc3b208288e0a86ed1,"tic827 - Westchester Square Shopping Centre {Westchester 87 Investors, LLC}",evidenceOfInsurance,Evidence of Insurance,excessOrUmbrellaLiability,Umbrella/Excess Liability,evidenceOfInsuranceExcessOrUmbrellaLiabilityOccurence,Coverage Trigger: Occurrence,,matchOnce,must be present,,,non_compliant,Block Requirements,,,false,0,,2026-08-16
"Block Real Estate Services, LLC",69fdf7b562446148bd85c478,69fded2462446148bd8492be,Workout Anytime,69fdf1fc3b208288e0a86ed1,"tic827 - Westchester Square Shopping Centre {Westchester 87 Investors, LLC}",evidenceOfInsurance,Evidence of Insurance,excessOrUmbrellaLiability,Umbrella/Excess Liability,evidenceOfInsuranceExcessOrUmbrellaLiabilityEachOccurrence,Each Occurrence,,matchOnce,must be greater or equal to,1000000,,non_compliant,Block Requirements,,,false,0,,2026-08-16
"Block Real Estate Services, LLC",69fdf7b562446148bd85c478,69fded2462446148bd8492be,Workout Anytime,69fdf1fc3b208288e0a86ed1,"tic827 - Westchester Square Shopping Centre {Westchester 87 Investors, LLC}",evidenceOfInsurance,Evidence of Insurance,excessOrUmbrellaLiability,Umbrella/Excess Liability,evidenceOfInsuranceExcessOrUmbrellaLiabilityAggregate,Aggregate,,matchOnce,must be greater or equal to,1000000,,non_compliant,Block Requirements,,,false,0,,2026-08-16
"Block Real Estate Services, LLC",69fdf7b562446148bd85c478,69fded2462446148bd8492be,Workout Anytime,69fdf1fc3b208288e0a86ed1,"tic827 - Westchester Square Shopping Centre {Westchester 87 Investors, LLC}",evidenceOfInsurance,Evidence of Insurance,workersCompensation,Workers' Compensation and Employer's Liability,evidenceOfInsuranceWorkersCompensationStatutoryLimits,Statutory Limits,,matchOnce,must be present,,,non_compliant,Block Requirements,,,false,0,,2026-08-16
"Block Real Estate Services, LLC",69fdf7b562446148bd85c478,69fded2462446148bd8492be,Workout Anytime,69fdf1fc3b208288e0a86ed1,"tic827 - Westchester Square Shopping Centre {Westchester 87 Investors, LLC}",evidenceOfInsurance,Evidence of Insurance,workersCompensation,Workers' Compensation and Employer's Liability,evidenceOfInsuranceWorkersCompensationEmployersLiabilityEachAccident,Employer's Liability Each Accident,,matchOnce,must be greater or equal to,500000,,non_compliant,Block Requirements,,,false,0,,2026-08-16
"Block Real Estate Services, LLC",69fdf7b562446148bd85c478,69fded2462446148bd8492be,Workout Anytime,69fdf1fc3b208288e0a86ed1,"tic827 - Westchester Square Shopping Centre {Westchester 87 Investors, LLC}",evidenceOfInsurance,Evidence of Insurance,workersCompensation,Workers' Compensation and Employer's Liability,evidenceOfInsuranceWorkersCompensationEmployersLiabilityDiseaseEachEmployee,Employer's Liability Disease - each employee,,matchOnce,must be greater or equal to,500000,,non_compliant,Block Requirements,,,false,0,,2026-08-16
"Block Real Estate Services, LLC",69fdf7b562446148bd85c478,69fded2462446148bd8492be,Workout Anytime,69fdf1fc3b208288e0a86ed1,"tic827 - Westchester Square Shopping Centre {Westchester 87 Investors, LLC}",evidenceOfInsurance,Evidence of Insurance,workersCompensation,Workers' Compensation and Employer's Liability,evidenceOfInsuranceWorkersCompensationEmployersLiabilityDiseasePolicyLimit,Employer's Liability Disease - policy limit,,matchOnce,must be greater or equal to,500000,,non_compliant,Block Requirements,,,false,0,,2026-08-16
"Block Real Estate Services, LLC",69fdf7b562446148bd85c478,69fded2462446148bd8492be,Workout Anytime,69fdf1fc3b208288e0a86ed1,"tic827 - Westchester Square Shopping Centre {Westchester 87 Investors, LLC}",evidenceOfInsurance,Evidence of Insurance,workersCompensation,Workers' Compensation and Employer's Liability,evidenceOfInsuranceWorkersCompensationWaiverOfSubrogationEndorsement,Waiver of Subrogation,"---prompt---
Determine if the insurer has waived their right of subrogation in favor of the certificate holder under the Workers' Compensation policy. Evidence may include: a checked ""Waiver of Subrogation"" box on the certificate, mention in the Description of Operations section stating ""waiver of subrogation applies"", or reference to form WC 00 03 13. Look for language like ""subrogation is waived"" or ""per written contract"".",matchOnce,must be present,,,non_compliant,Block Requirements,,,false,0,,2026-08-16
"Block Real Estate Services, LLC",69fdf7b562446148bd85c478,69fded2462446148bd8492be,Workout Anytime,69fdf1fc3b208288e0a86ed1,"tic827 - Westchester Square Shopping Centre {Westchester 87 Investors, LLC}",evidenceOfInsurance,Evidence of Insurance,6ac20aae-5728-5d57-b364-aeba38527dba,Additional Requirements,4da5b0f1-4c9d-5885-8cf8-5d3cccaed3e0,"Block Real Estate Services, LLC and all others required by contract are named as Additional Insureds","---prompt---
Determine if the Description of Operations or the Additional Remarks Schedule section states the ""Additional Insured as Construction Management, Inc. and all others required by contract"" or reference to blanket additional insured coverage. Look for language like ""certificate holder is additional insured"" or ""per written contract"".",matchOnce,must be present,,,non_compliant,Block Requirements,,,true,0,,2026-08-16
"Block Real Estate Services, LLC",69fdf7b562446148bd85c478,69fded2462446148bd8492be,Workout Anytime,69fdf1fc3b208288e0a86ed1,"tic827 - Westchester Square Shopping Centre {Westchester 87 Investors, LLC}",evidenceOfInsurance,Evidence of Insurance,6ac20aae-5728-5d57-b364-aeba38527dba,Additional Requirements,e1017741-e47e-5f58-97b8-fbc3043e919f,Umbrella follows form over General Liability,"---prompt---
Determine if the Umbrella/Excess Liability policy follows form to the underlying policies. Evidence may include: language in the Description of Operations section stating the umbrella follows form to underlying coverages or an additional page endorsement stating that it follows form. Follow form means the umbrella policy adopts the same terms, conditions, and exclusions as the underlying policies.",matchOnce,must be present,,,non_compliant,Block Requirements,,,true,0,,2026-08-16
"Block Real Estate Services, LLC",69fdf7b562446148bd85c478,69fded2462446148bd8492be,Workout Anytime,69fdf1fc3b208288e0a86ed1,"tic827 - Westchester Square Shopping Centre {Westchester 87 Investors, LLC}",evidenceOfInsurance,Evidence of Insurance,6ac20aae-5728-5d57-b364-aeba38527dba,Additional Requirements,2cdd866f-c9a4-576a-afd8-1d045762790c,The location must be listed as: 8601 Hauser Court Lenexa KS 66215,,matchOnce,must be present,,,non_compliant,Block Requirements,,,true,0,,2026-08-16
"Block Real Estate Services, LLC",69fdf7b562446148bd85c478,69fded2462446148bd8492be,Workout Anytime,69fdf1fc3b208288e0a86ed1,"tic827 - Westchester Square Shopping Centre {Westchester 87 Investors, LLC}",evidenceOfInsurance,Evidence of Insurance,6ac20aae-5728-5d57-b364-aeba38527dba,Additional Requirements,3649e9d1-4e09-59bf-8f30-cb33c40cf117,"Certificate Holder must read: c/o Block Real Estate Services, LLC, 4622 Pennsylvania St., Suite 700, Kansas City, MO, 64112",,matchOnce,must be present,,,non_compliant,Block Requirements,,,true,0,,2026-08-16
"Block Real Estate Services, LLC",69fdf7b562446148bd85c467,69fded1362446148bd848d45,Edible Arrangements,69fdf1fc3b208288e0a86ed1,"tic827 - Westchester Square Shopping Centre {Westchester 87 Investors, LLC}",evidenceOfInsurance,Evidence of Insurance,commercialGeneralLiability,Commercial General Liability,evidenceOfInsuranceCommercialGeneralLiabilityCoverageTriggerOccurrence,Coverage Trigger: Occurrence,,matchOnce,must be present,,,non_compliant,Block Requirements,,,false,0,,2026-08-16
"Block Real Estate Services, LLC",69fdf7b562446148bd85c467,69fded1362446148bd848d45,Edible Arrangements,69fdf1fc3b208288e0a86ed1,"tic827 - Westchester Square Shopping Centre {Westchester 87 Investors, LLC}",evidenceOfInsurance,Evidence of Insurance,commercialGeneralLiability,Commercial General Liability,evidenceOfInsuranceCommercialGeneralLiabilityGeneralAggregateLimitAppliesPerLocation,General Aggregate Limit Applies per: Location,,matchOnce,must be present,,,non_compliant,Block Requirements,,,false,0,,2026-08-16
"Block Real Estate Services, LLC",69fdf7b562446148bd85c467,69fded1362446148bd848d45,Edible Arrangements,69fdf1fc3b208288e0a86ed1,"tic827 - Westchester Square Shopping Centre {Westchester 87 Investors, LLC}",evidenceOfInsurance,Evidence of Insurance,commercialGeneralLiability,Commercial General Liability,evidenceOfInsuranceCommercialGeneralLiabilityEachOccurrence,Each Occurrence,,matchOnce,must be greater or equal to,1000000,,non_compliant,Block Requirements,,,false,0,,2026-08-16
"Block Real Estate Services, LLC",69fdf7b562446148bd85c467,69fded1362446148bd848d45,Edible Arrangements,69fdf1fc3b208288e0a86ed1,"tic827 - Westchester Square Shopping Centre {Westchester 87 Investors, LLC}",evidenceOfInsurance,Evidence of Insurance,commercialGeneralLiability,Commercial General Liability,evidenceOfInsuranceCommercialGeneralLiabilityGeneralAggregate,General Aggregate,,matchOnce,must be greater or equal to,2000000,,non_compliant,Block Requirements,,,false,0,,2026-08-16
"Block Real Estate Services, LLC",69fdf7b562446148bd85c467,69fded1362446148bd848d45,Edible Arrangements,69fdf1fc3b208288e0a86ed1,"tic827 - Westchester Square Shopping Centre {Westchester 87 Investors, LLC}",evidenceOfInsurance,Evidence of Insurance,commercialGeneralLiability,Commercial General Liability,evidenceOfInsuranceCommercialGeneralLiabilityWaiverOfSubrogationEndorsement,Waiver of Subrogation,"---prompt---
Determine if the insurer has waived their right of subrogation in favor of the certificate holder under the Commercial General Liability policy. Evidence may include: a checked ""Waiver of Subrogation"" box on the certificate, mention in the Description of Operations section stating ""waiver of subrogation applies"", or reference to form CG 24 04. Look for language like ""subrogation is waived"" or ""per written contract"".",matchOnce,must be present,,,non_compliant,Block Requirements,,,false,0,,2026-08-16
"Block Real Estate Services, LLC",69fdf7b562446148bd85c467,69fded1362446148bd848d45,Edible Arrangements,69fdf1fc3b208288e0a86ed1,"tic827 - Westchester Square Shopping Centre {Westchester 87 Investors, LLC}",evidenceOfInsurance,Evidence of Insurance,excessOrUmbrellaLiability,Umbrella/Excess Liability,evidenceOfInsuranceExcessOrUmbrellaLiabilityOccurence,Coverage Trigger: Occurrence,,matchOnce,must be present,,,non_compliant,Block Requirements,,,false,0,,2026-08-16
"Block Real Estate Services, LLC",69fdf7b562446148bd85c467,69fded1362446148bd848d45,Edible Arrangements,69fdf1fc3b208288e0a86ed1,"tic827 - Westchester Square Shopping Centre {Westchester 87 Investors, LLC}",evidenceOfInsurance,Evidence of Insurance,excessOrUmbrellaLiability,Umbrella/Excess Liability,evidenceOfInsuranceExcessOrUmbrellaLiabilityEachOccurrence,Each Occurrence,,matchOnce,must be greater or equal to,1000000,,non_compliant,Block Requirements,,,false,0,,2026-08-16
"Block Real Estate Services, LLC",69fdf7b562446148bd85c467,69fded1362446148bd848d45,Edible Arrangements,69fdf1fc3b208288e0a86ed1,"tic827 - Westchester Square Shopping Centre {Westchester 87 Investors, LLC}",evidenceOfInsurance,Evidence of Insurance,excessOrUmbrellaLiability,Umbrella/Excess Liability,evidenceOfInsuranceExcessOrUmbrellaLiabilityAggregate,Aggregate,,matchOnce,must be greater or equal to,1000000,,non_compliant,Block Requirements,,,false,0,,2026-08-16
"Block Real Estate Services, LLC",69fdf7b562446148bd85c467,69fded1362446148bd848d45,Edible Arrangements,69fdf1fc3b208288e0a86ed1,"tic827 - Westchester Square Shopping Centre {Westchester 87 Investors, LLC}",evidenceOfInsurance,Evidence of Insurance,workersCompensation,Workers' Compensation and Employer's Liability,evidenceOfInsuranceWorkersCompensationStatutoryLimits,Statutory Limits,,matchOnce,must be present,,,non_compliant,Block Requirements,,,false,0,,2026-08-16
"Block Real Estate Services, LLC",69fdf7b562446148bd85c467,69fded1362446148bd848d45,Edible Arrangements,69fdf1fc3b208288e0a86ed1,"tic827 - Westchester Square Shopping Centre {Westchester 87 Investors, LLC}",evidenceOfInsurance,Evidence of Insurance,workersCompensation,Workers' Compensation and Employer's Liability,evidenceOfInsuranceWorkersCompensationEmployersLiabilityEachAccident,Employer's Liability Each Accident,,matchOnce,must be greater or equal to,500000,,non_compliant,Block Requirements,,,false,0,,2026-08-16
"Block Real Estate Services, LLC",69fdf7b562446148bd85c467,69fded1362446148bd848d45,Edible Arrangements,69fdf1fc3b208288e0a86ed1,"tic827 - Westchester Square Shopping Centre {Westchester 87 Investors, LLC}",evidenceOfInsurance,Evidence of Insurance,workersCompensation,Workers' Compensation and Employer's Liability,evidenceOfInsuranceWorkersCompensationEmployersLiabilityDiseaseEachEmployee,Employer's Liability Disease - each employee,,matchOnce,must be greater or equal to,500000,,non_compliant,Block Requirements,,,false,0,,2026-08-16
"Block Real Estate Services, LLC",69fdf7b562446148bd85c467,69fded1362446148bd848d45,Edible Arrangements,69fdf1fc3b208288e0a86ed1,"tic827 - Westchester Square Shopping Centre {Westchester 87 Investors, LLC}",evidenceOfInsurance,Evidence of Insurance,workersCompensation,Workers' Compensation and Employer's Liability,evidenceOfInsuranceWorkersCompensationEmployersLiabilityDiseasePolicyLimit,Employer's Liability Disease - policy limit,,matchOnce,must be greater or equal to,500000,,non_compliant,Block Requirements,,,false,0,,2026-08-16
"Block Real Estate Services, LLC",69fdf7b562446148bd85c467,69fded1362446148bd848d45,Edible Arrangements,69fdf1fc3b208288e0a86ed1,"tic827 - Westchester Square Shopping Centre {Westchester 87 Investors, LLC}",evidenceOfInsurance,Evidence of Insurance,workersCompensation,Workers' Compensation and Employer's Liability,evidenceOfInsuranceWorkersCompensationWaiverOfSubrogationEndorsement,Waiver of Subrogation,"---prompt---
Determine if the insurer has waived their right of subrogation in favor of the certificate holder under the Workers' Compensation policy. Evidence may include: a checked ""Waiver of Subrogation"" box on the certificate, mention in the Description of Operations section stating ""waiver of subrogation applies"", or reference to form WC 00 03 13. Look for language like ""subrogation is waived"" or ""per written contract"".",matchOnce,must be present,,,non_compliant,Block Requirements,,,false,0,,2026-08-16
"Block Real Estate Services, LLC",69fdf7b562446148bd85c467,69fded1362446148bd848d45,Edible Arrangements,69fdf1fc3b208288e0a86ed1,"tic827 - Westchester Square Shopping Centre {Westchester 87 Investors, LLC}",evidenceOfInsurance,Evidence of Insurance,6ac20aae-5728-5d57-b364-aeba38527dba,Additional Requirements,4da5b0f1-4c9d-5885-8cf8-5d3cccaed3e0,"Block Real Estate Services, LLC and all others required by contract are named as Additional Insureds","---prompt---
Determine if the Description of Operations or the Additional Remarks Schedule section states the ""Additional Insured as Construction Management, Inc. and all others required by contract"" or reference to blanket additional insured coverage. Look for language like ""certificate holder is additional insured"" or ""per written contract"".",matchOnce,must be present,,,non_compliant,Block Requirements,,,true,0,,2026-08-16
"Block Real Estate Services, LLC",69fdf7b562446148bd85c467,69fded1362446148bd848d45,Edible Arrangements,69fdf1fc3b208288e0a86ed1,"tic827 - Westchester Square Shopping Centre {Westchester 87 Investors, LLC}",evidenceOfInsurance,Evidence of Insurance,6ac20aae-5728-5d57-b364-aeba38527dba,Additional Requirements,e1017741-e47e-5f58-97b8-fbc3043e919f,Umbrella follows form over General Liability,"---prompt---
Determine if the Umbrella/Excess Liability policy follows form to the underlying policies. Evidence may include: language in the Description of Operations section stating the umbrella follows form to underlying coverages or an additional page endorsement stating that it follows form. Follow form means the umbrella policy adopts the same terms, conditions, and exclusions as the underlying policies.",matchOnce,must be present,,,non_compliant,Block Requirements,,,true,0,,2026-08-16
"Block Real Estate Services, LLC",69fdf7b562446148bd85c467,69fded1362446148bd848d45,Edible Arrangements,69fdf1fc3b208288e0a86ed1,"tic827 - Westchester Square Shopping Centre {Westchester 87 Investors, LLC}",evidenceOfInsurance,Evidence of Insurance,6ac20aae-5728-5d57-b364-aeba38527dba,Additional Requirements,2cdd866f-c9a4-576a-afd8-1d045762790c,The location must be listed as: 13246 W. 87th Street Lenexa KS 66215,,matchOnce,must be present,,,non_compliant,Block Requirements,,,true,0,,2026-08-16
"Block Real Estate Services, LLC",69fdf7b562446148bd85c467,69fded1362446148bd848d45,Edible Arrangements,69fdf1fc3b208288e0a86ed1,"tic827 - Westchester Square Shopping Centre {Westchester 87 Investors, LLC}",evidenceOfInsurance,Evidence of Insurance,6ac20aae-5728-5d57-b364-aeba38527dba,Additional Requirements,3649e9d1-4e09-59bf-8f30-cb33c40cf117,"Certificate Holder must read: c/o Block Real Estate Services, LLC, 4622 Pennsylvania St., Suite 700, Kansas City, MO, 64112",,matchOnce,must be present,,,non_compliant,Block Requirements,,,true,0,,2026-08-16
"Block Real Estate Services, LLC",69fdf7b562446148bd85c46f,69fded2062446148bd84912c,Salon Ji,69fdf1fc3b208288e0a86ed1,"tic827 - Westchester Square Shopping Centre {Westchester 87 Investors, LLC}",evidenceOfInsurance,Evidence of Insurance,commercialGeneralLiability,Commercial General Liability,evidenceOfInsuranceCommercialGeneralLiabilityCoverageTriggerOccurrence,Coverage Trigger: Occurrence,,matchOnce,must be present,,Present,compliant,Block Requirements,,,false,1,,2026-08-16
"Block Real Estate Services, LLC",69fdf7b562446148bd85c46f,69fded2062446148bd84912c,Salon Ji,69fdf1fc3b208288e0a86ed1,"tic827 - Westchester Square Shopping Centre {Westchester 87 Investors, LLC}",evidenceOfInsurance,Evidence of Insurance,commercialGeneralLiability,Commercial General Liability,evidenceOfInsuranceCommercialGeneralLiabilityGeneralAggregateLimitAppliesPerLocation,General Aggregate Limit Applies per: Location,,matchOnce,must be present,,Present,waived,Block Requirements,Per location not a requirement in the lease,,false,1,,2026-08-16
"Block Real Estate Services, LLC",69fdf7b562446148bd85c46f,69fded2062446148bd84912c,Salon Ji,69fdf1fc3b208288e0a86ed1,"tic827 - Westchester Square Shopping Centre {Westchester 87 Investors, LLC}",evidenceOfInsurance,Evidence of Insurance,commercialGeneralLiability,Commercial General Liability,evidenceOfInsuranceCommercialGeneralLiabilityEachOccurrence,Each Occurrence,,matchOnce,must be greater or equal to,1000000,1000000,compliant,Block Requirements,,,false,1,,2026-08-16
"Block Real Estate Services, LLC",69fdf7b562446148bd85c46f,69fded2062446148bd84912c,Salon Ji,69fdf1fc3b208288e0a86ed1,"tic827 - Westchester Square Shopping Centre {Westchester 87 Investors, LLC}",evidenceOfInsurance,Evidence of Insurance,commercialGeneralLiability,Commercial General Liability,evidenceOfInsuranceCommercialGeneralLiabilityGeneralAggregate,General Aggregate,,matchOnce,must be greater or equal to,2000000,2000000,compliant,Block Requirements,,,false,1,,2026-08-16
"Block Real Estate Services, LLC",69fdf7b562446148bd85c46f,69fded2062446148bd84912c,Salon Ji,69fdf1fc3b208288e0a86ed1,"tic827 - Westchester Square Shopping Centre {Westchester 87 Investors, LLC}",evidenceOfInsurance,Evidence of Insurance,commercialGeneralLiability,Commercial General Liability,evidenceOfInsuranceCommercialGeneralLiabilityWaiverOfSubrogationEndorsement,Waiver of Subrogation,"---prompt---
Determine if the insurer has waived their right of subrogation in favor of the certificate holder under the Commercial General Liability policy. Evidence may include: a checked ""Waiver of Subrogation"" box on the certificate, mention in the Description of Operations section stating ""waiver of subrogation applies"", or reference to form CG 24 04. Look for language like ""subrogation is waived"" or ""per written contract"".",matchOnce,must be present,,Present,compliant,Block Requirements,,,false,1,,2026-08-16
"Block Real Estate Services, LLC",69fdf7b562446148bd85c46f,69fded2062446148bd84912c,Salon Ji,69fdf1fc3b208288e0a86ed1,"tic827 - Westchester Square Shopping Centre {Westchester 87 Investors, LLC}",evidenceOfInsurance,Evidence of Insurance,excessOrUmbrellaLiability,Umbrella/Excess Liability,evidenceOfInsuranceExcessOrUmbrellaLiabilityOccurence,Coverage Trigger: Occurrence,,matchOnce,must be present,,,waived,Block Requirements,,,false,0,,2026-08-16
"Block Real Estate Services, LLC",69fdf7b562446148bd85c46f,69fded2062446148bd84912c,Salon Ji,69fdf1fc3b208288e0a86ed1,"tic827 - Westchester Square Shopping Centre {Westchester 87 Investors, LLC}",evidenceOfInsurance,Evidence of Insurance,excessOrUmbrellaLiability,Umbrella/Excess Liability,evidenceOfInsuranceExcessOrUmbrellaLiabilityEachOccurrence,Each Occurrence,,matchOnce,must be greater or equal to,1000000,,waived,Block Requirements,,,false,0,,2026-08-16
"Block Real Estate Services, LLC",69fdf7b562446148bd85c46f,69fded2062446148bd84912c,Salon Ji,69fdf1fc3b208288e0a86ed1,"tic827 - Westchester Square Shopping Centre {Westchester 87 Investors, LLC}",evidenceOfInsurance,Evidence of Insurance,excessOrUmbrellaLiability,Umbrella/Excess Liability,evidenceOfInsuranceExcessOrUmbrellaLiabilityAggregate,Aggregate,,matchOnce,must be greater or equal to,1000000,,waived,Block Requirements,,,false,0,,2026-08-16
"Block Real Estate Services, LLC",69fdf7b562446148bd85c46f,69fded2062446148bd84912c,Salon Ji,69fdf1fc3b208288e0a86ed1,"tic827 - Westchester Square Shopping Centre {Westchester 87 Investors, LLC}",evidenceOfInsurance,Evidence of Insurance,workersCompensation,Workers' Compensation and Employer's Liability,evidenceOfInsuranceWorkersCompensationStatutoryLimits,Statutory Limits,,matchOnce,must be present,,,waived,Block Requirements,,,false,0,,2026-08-16
"Block Real Estate Services, LLC",69fdf7b562446148bd85c46f,69fded2062446148bd84912c,Salon Ji,69fdf1fc3b208288e0a86ed1,"tic827 - Westchester Square Shopping Centre {Westchester 87 Investors, LLC}",evidenceOfInsurance,Evidence of Insurance,workersCompensation,Workers' Compensation and Employer's Liability,evidenceOfInsuranceWorkersCompensationEmployersLiabilityEachAccident,Employer's Liability Each Accident,,matchOnce,must be greater or equal to,500000,,waived,Block Requirements,,,false,0,,2026-08-16
"Block Real Estate Services, LLC",69fdf7b562446148bd85c46f,69fded2062446148bd84912c,Salon Ji,69fdf1fc3b208288e0a86ed1,"tic827 - Westchester Square Shopping Centre {Westchester 87 Investors, LLC}",evidenceOfInsurance,Evidence of Insurance,workersCompensation,Workers' Compensation and Employer's Liability,evidenceOfInsuranceWorkersCompensationEmployersLiabilityDiseaseEachEmployee,Employer's Liability Disease - each employee,,matchOnce,must be greater or equal to,500000,,waived,Block Requirements,,,false,0,,2026-08-16
"Block Real Estate Services, LLC",69fdf7b562446148bd85c46f,69fded2062446148bd84912c,Salon Ji,69fdf1fc3b208288e0a86ed1,"tic827 - Westchester Square Shopping Centre {Westchester 87 Investors, LLC}",evidenceOfInsurance,Evidence of Insurance,workersCompensation,Workers' Compensation and Employer's Liability,evidenceOfInsuranceWorkersCompensationEmployersLiabilityDiseasePolicyLimit,Employer's Liability Disease - policy limit,,matchOnce,must be greater or equal to,500000,,waived,Block Requirements,,,false,0,,2026-08-16
"Block Real Estate Services, LLC",69fdf7b562446148bd85c46f,69fded2062446148bd84912c,Salon Ji,69fdf1fc3b208288e0a86ed1,"tic827 - Westchester Square Shopping Centre {Westchester 87 Investors, LLC}",evidenceOfInsurance,Evidence of Insurance,workersCompensation,Workers' Compensation and Employer's Liability,evidenceOfInsuranceWorkersCompensationWaiverOfSubrogationEndorsement,Waiver of Subrogation,"---prompt---
Determine if the insurer has waived their right of subrogation in favor of the certificate holder under the Workers' Compensation policy. Evidence may include: a checked ""Waiver of Subrogation"" box on the certificate, mention in the Description of Operations section stating ""waiver of subrogation applies"", or reference to form WC 00 03 13. Look for language like ""subrogation is waived"" or ""per written contract"".",matchOnce,must be present,,,waived,Block Requirements,,,false,0,,2026-08-16
"Block Real Estate Services, LLC",69fdf7b562446148bd85c46f,69fded2062446148bd84912c,Salon Ji,69fdf1fc3b208288e0a86ed1,"tic827 - Westchester Square Shopping Centre {Westchester 87 Investors, LLC}",evidenceOfInsurance,Evidence of Insurance,6ac20aae-5728-5d57-b364-aeba38527dba,Additional Requirements,4da5b0f1-4c9d-5885-8cf8-5d3cccaed3e0,"Block Real Estate Services, LLC and all others required by contract are named as Additional Insureds","---prompt---
Determine if the Description of Operations or the Additional Remarks Schedule section states the ""Additional Insured as Construction Management, Inc. and all others required by contract"" or reference to blanket additional insured coverage. Look for language like ""certificate holder is additional insured"" or ""per written contract"".",matchOnce,must be present,,Present,compliant,Block Requirements,,,true,1,,2026-08-16
"Block Real Estate Services, LLC",69fdf7b562446148bd85c46f,69fded2062446148bd84912c,Salon Ji,69fdf1fc3b208288e0a86ed1,"tic827 - Westchester Square Shopping Centre {Westchester 87 Investors, LLC}",evidenceOfInsurance,Evidence of Insurance,6ac20aae-5728-5d57-b364-aeba38527dba,Additional Requirements,e1017741-e47e-5f58-97b8-fbc3043e919f,Umbrella follows form over General Liability,"---prompt---
Determine if the Umbrella/Excess Liability policy follows form to the underlying policies. Evidence may include: language in the Description of Operations section stating the umbrella follows form to underlying coverages or an additional page endorsement stating that it follows form. Follow form means the umbrella policy adopts the same terms, conditions, and exclusions as the underlying policies.",matchOnce,must be present,,,waived,Block Requirements,Umbrella not a requirement in the lease,,true,0,,2026-08-16
"Block Real Estate Services, LLC",69fdf7b562446148bd85c46f,69fded2062446148bd84912c,Salon Ji,69fdf1fc3b208288e0a86ed1,"tic827 - Westchester Square Shopping Centre {Westchester 87 Investors, LLC}",evidenceOfInsurance,Evidence of Insurance,6ac20aae-5728-5d57-b364-aeba38527dba,Additional Requirements,2cdd866f-c9a4-576a-afd8-1d045762790c,The location must be listed as: 8639 Hauser Court Lenexa KS 66215,,matchOnce,must be present,,Present,compliant,Block Requirements,,,true,1,,2026-08-16
"Block Real Estate Services, LLC",69fdf7b562446148bd85c46f,69fded2062446148bd84912c,Salon Ji,69fdf1fc3b208288e0a86ed1,"tic827 - Westchester Square Shopping Centre {Westchester 87 Investors, LLC}",evidenceOfInsurance,Evidence of Insurance,6ac20aae-5728-5d57-b364-aeba38527dba,Additional Requirements,3649e9d1-4e09-59bf-8f30-cb33c40cf117,"Certificate Holder must read: c/o Block Real Estate Services, LLC, 4622 Pennsylvania St., Suite 700, Kansas City, MO, 64112",,matchOnce,must be present,,Present,compliant,Block Requirements,,,true,1,,2026-08-16
"Block Real Estate Services, LLC",69fdf7b562446148bd85c466,69fded1362446148bd848d27,Dollar Tree #4044,69fdf1fc3b208288e0a86ed1,"tic827 - Westchester Square Shopping Centre {Westchester 87 Investors, LLC}",evidenceOfInsurance,Evidence of Insurance,commercialGeneralLiability,Commercial General Liability,evidenceOfInsuranceCommercialGeneralLiabilityCoverageTriggerOccurrence,Coverage Trigger: Occurrence,,matchOnce,must be present,,Present,compliant,Block Requirements,,,false,1,,2026-08-16
"Block Real Estate Services, LLC",69fdf7b562446148bd85c466,69fded1362446148bd848d27,Dollar Tree #4044,69fdf1fc3b208288e0a86ed1,"tic827 - Westchester Square Shopping Centre {Westchester 87 Investors, LLC}",evidenceOfInsurance,Evidence of Insurance,commercialGeneralLiability,Commercial General Liability,evidenceOfInsuranceCommercialGeneralLiabilityGeneralAggregateLimitAppliesPerLocation,General Aggregate Limit Applies per: Location,,matchOnce,must be present,,,waived,Block Requirements,Waiving per Location requirement after Lease review,,false,0,,2026-08-16
"Block Real Estate Services, LLC",69fdf7b562446148bd85c466,69fded1362446148bd848d27,Dollar Tree #4044,69fdf1fc3b208288e0a86ed1,"tic827 - Westchester Square Shopping Centre {Westchester 87 Investors, LLC}",evidenceOfInsurance,Evidence of Insurance,commercialGeneralLiability,Commercial General Liability,evidenceOfInsuranceCommercialGeneralLiabilityEachOccurrence,Each Occurrence,,matchOnce,must be greater or equal to,1000000,4000000,compliant,Block Requirements,,,false,1,,2026-08-16
"Block Real Estate Services, LLC",69fdf7b562446148bd85c466,69fded1362446148bd848d27,Dollar Tree #4044,69fdf1fc3b208288e0a86ed1,"tic827 - Westchester Square Shopping Centre {Westchester 87 Investors, LLC}",evidenceOfInsurance,Evidence of Insurance,commercialGeneralLiability,Commercial General Liability,evidenceOfInsuranceCommercialGeneralLiabilityGeneralAggregate,General Aggregate,,matchOnce,must be greater or equal to,2000000,20000000,compliant,Block Requirements,,,false,1,,2026-08-16
"Block Real Estate Services, LLC",69fdf7b562446148bd85c466,69fded1362446148bd848d27,Dollar Tree #4044,69fdf1fc3b208288e0a86ed1,"tic827 - Westchester Square Shopping Centre {Westchester 87 Investors, LLC}",evidenceOfInsurance,Evidence of Insurance,commercialGeneralLiability,Commercial General Liability,evidenceOfInsuranceCommercialGeneralLiabilityWaiverOfSubrogationEndorsement,Waiver of Subrogation,"---prompt---
Determine if the insurer has waived their right of subrogation in favor of the certificate holder under the Commercial General Liability policy. Evidence may include: a checked ""Waiver of Subrogation"" box on the certificate, mention in the Description of Operations section stating ""waiver of subrogation applies"", or reference to form CG 24 04. Look for language like ""subrogation is waived"" or ""per written contract"".",matchOnce,must be present,,Present,compliant,Block Requirements,,,false,1,,2026-08-16
"Block Real Estate Services, LLC",69fdf7b562446148bd85c466,69fded1362446148bd848d27,Dollar Tree #4044,69fdf1fc3b208288e0a86ed1,"tic827 - Westchester Square Shopping Centre {Westchester 87 Investors, LLC}",evidenceOfInsurance,Evidence of Insurance,excessOrUmbrellaLiability,Umbrella/Excess Liability,evidenceOfInsuranceExcessOrUmbrellaLiabilityOccurence,Coverage Trigger: Occurrence,,matchOnce,must be present,,Present,compliant,Block Requirements,,,false,1,,2026-08-16
"Block Real Estate Services, LLC",69fdf7b562446148bd85c466,69fded1362446148bd848d27,Dollar Tree #4044,69fdf1fc3b208288e0a86ed1,"tic827 - Westchester Square Shopping Centre {Westchester 87 Investors, LLC}",evidenceOfInsurance,Evidence of Insurance,excessOrUmbrellaLiability,Umbrella/Excess Liability,evidenceOfInsuranceExcessOrUmbrellaLiabilityEachOccurrence,Each Occurrence,,matchOnce,must be greater or equal to,1000000,10000000,compliant,Block Requirements,,,false,1,,2026-08-16
"Block Real Estate Services, LLC",69fdf7b562446148bd85c466,69fded1362446148bd848d27,Dollar Tree #4044,69fdf1fc3b208288e0a86ed1,"tic827 - Westchester Square Shopping Centre {Westchester 87 Investors, LLC}",evidenceOfInsurance,Evidence of Insurance,excessOrUmbrellaLiability,Umbrella/Excess Liability,evidenceOfInsuranceExcessOrUmbrellaLiabilityAggregate,Aggregate,,matchOnce,must be greater or equal to,1000000,10000000,compliant,Block Requirements,,,false,1,,2026-08-16
"Block Real Estate Services, LLC",69fdf7b562446148bd85c466,69fded1362446148bd848d27,Dollar Tree #4044,69fdf1fc3b208288e0a86ed1,"tic827 - Westchester Square Shopping Centre {Westchester 87 Investors, LLC}",evidenceOfInsurance,Evidence of Insurance,workersCompensation,Workers' Compensation and Employer's Liability,evidenceOfInsuranceWorkersCompensationStatutoryLimits,Statutory Limits,,matchOnce,must be present,,Present,compliant,Block Requirements,,,false,1,,2026-08-16
"Block Real Estate Services, LLC",69fdf7b562446148bd85c466,69fded1362446148bd848d27,Dollar Tree #4044,69fdf1fc3b208288e0a86ed1,"tic827 - Westchester Square Shopping Centre {Westchester 87 Investors, LLC}",evidenceOfInsurance,Evidence of Insurance,workersCompensation,Workers' Compensation and Employer's Liability,evidenceOfInsuranceWorkersCompensationEmployersLiabilityEachAccident,Employer's Liability Each Accident,,matchOnce,must be greater or equal to,500000,1000000,compliant,Block Requirements,,,false,1,,2026-08-16
"Block Real Estate Services, LLC",69fdf7b562446148bd85c466,69fded1362446148bd848d27,Dollar Tree #4044,69fdf1fc3b208288e0a86ed1,"tic827 - Westchester Square Shopping Centre {Westchester 87 Investors, LLC}",evidenceOfInsurance,Evidence of Insurance,workersCompensation,Workers' Compensation and Employer's Liability,evidenceOfInsuranceWorkersCompensationEmployersLiabilityDiseaseEachEmployee,Employer's Liability Disease - each employee,,matchOnce,must be greater or equal to,500000,1000000,compliant,Block Requirements,,,false,1,,2026-08-16
"Block Real Estate Services, LLC",69fdf7b562446148bd85c466,69fded1362446148bd848d27,Dollar Tree #4044,69fdf1fc3b208288e0a86ed1,"tic827 - Westchester Square Shopping Centre {Westchester 87 Investors, LLC}",evidenceOfInsurance,Evidence of Insurance,workersCompensation,Workers' Compensation and Employer's Liability,evidenceOfInsuranceWorkersCompensationEmployersLiabilityDiseasePolicyLimit,Employer's Liability Disease - policy limit,,matchOnce,must be greater or equal to,500000,1000000,compliant,Block Requirements,,,false,1,,2026-08-16
"Block Real Estate Services, LLC",69fdf7b562446148bd85c466,69fded1362446148bd848d27,Dollar Tree #4044,69fdf1fc3b208288e0a86ed1,"tic827 - Westchester Square Shopping Centre {Westchester 87 Investors, LLC}",evidenceOfInsurance,Evidence of Insurance,workersCompensation,Workers' Compensation and Employer's Liability,evidenceOfInsuranceWorkersCompensationWaiverOfSubrogationEndorsement,Waiver of Subrogation,"---prompt---
Determine if the insurer has waived their right of subrogation in favor of the certificate holder under the Workers' Compensation policy. Evidence may include: a checked ""Waiver of Subrogation"" box on the certificate, mention in the Description of Operations section stating ""waiver of subrogation applies"", or reference to form WC 00 03 13. Look for language like ""subrogation is waived"" or ""per written contract"".",matchOnce,must be present,,Present,compliant,Block Requirements,,,false,1,,2026-08-16
"Block Real Estate Services, LLC",69fdf7b562446148bd85c466,69fded1362446148bd848d27,Dollar Tree #4044,69fdf1fc3b208288e0a86ed1,"tic827 - Westchester Square Shopping Centre {Westchester 87 Investors, LLC}",evidenceOfInsurance,Evidence of Insurance,6ac20aae-5728-5d57-b364-aeba38527dba,Additional Requirements,4da5b0f1-4c9d-5885-8cf8-5d3cccaed3e0,"Block Real Estate Services, LLC and all others required by contract are named as Additional Insureds","---prompt---
Determine if the Description of Operations or the Additional Remarks Schedule section states the ""Additional Insured as Construction Management, Inc. and all others required by contract"" or reference to blanket additional insured coverage. Look for language like ""certificate holder is additional insured"" or ""per written contract"".",matchOnce,must be present,,Present,compliant,Block Requirements,,,true,1,,2026-08-16
"Block Real Estate Services, LLC",69fdf7b562446148bd85c466,69fded1362446148bd848d27,Dollar Tree #4044,69fdf1fc3b208288e0a86ed1,"tic827 - Westchester Square Shopping Centre {Westchester 87 Investors, LLC}",evidenceOfInsurance,Evidence of Insurance,6ac20aae-5728-5d57-b364-aeba38527dba,Additional Requirements,e1017741-e47e-5f58-97b8-fbc3043e919f,Umbrella follows form over General Liability,"---prompt---
Determine if the Umbrella/Excess Liability policy follows form to the underlying policies. Evidence may include: language in the Description of Operations section stating the umbrella follows form to underlying coverages or an additional page endorsement stating that it follows form. Follow form means the umbrella policy adopts the same terms, conditions, and exclusions as the underlying policies.",matchOnce,must be present,,Present,compliant,Block Requirements,,,true,1,,2026-08-16
"Block Real Estate Services, LLC",69fdf7b562446148bd85c466,69fded1362446148bd848d27,Dollar Tree #4044,69fdf1fc3b208288e0a86ed1,"tic827 - Westchester Square Shopping Centre {Westchester 87 Investors, LLC}",evidenceOfInsurance,Evidence of Insurance,6ac20aae-5728-5d57-b364-aeba38527dba,Additional Requirements,2cdd866f-c9a4-576a-afd8-1d045762790c,The location must be listed as: 13240 W. 87th Street Lenexa KS 66215,,matchOnce,must be present,,Present,compliant,Block Requirements,,,true,1,,2026-08-16
"Block Real Estate Services, LLC",69fdf7b562446148bd85c466,69fded1362446148bd848d27,Dollar Tree #4044,69fdf1fc3b208288e0a86ed1,"tic827 - Westchester Square Shopping Centre {Westchester 87 Investors, LLC}",evidenceOfInsurance,Evidence of Insurance,6ac20aae-5728-5d57-b364-aeba38527dba,Additional Requirements,3649e9d1-4e09-59bf-8f30-cb33c40cf117,"Certificate Holder must read: c/o Block Real Estate Services, LLC, 4622 Pennsylvania St., Suite 700, Kansas City, MO, 64112",,matchOnce,must be present,,Present,compliant,Block Requirements,,,true,1,,2026-08-16
"Block Real Estate Services, LLC",69fdf7b562446148bd85c46e,69fded1a62446148bd848f67,Massage Envy,69fdf1fc3b208288e0a86ed1,"tic827 - Westchester Square Shopping Centre {Westchester 87 Investors, LLC}",evidenceOfInsurance,Evidence of Insurance,commercialGeneralLiability,Commercial General Liability,evidenceOfInsuranceCommercialGeneralLiabilityCoverageTriggerOccurrence,Coverage Trigger: Occurrence,,matchOnce,must be present,,Present,compliant,Block Requirements,,,false,1,,2026-08-16
"Block Real Estate Services, LLC",69fdf7b562446148bd85c46e,69fded1a62446148bd848f67,Massage Envy,69fdf1fc3b208288e0a86ed1,"tic827 - Westchester Square Shopping Centre {Westchester 87 Investors, LLC}",evidenceOfInsurance,Evidence of Insurance,commercialGeneralLiability,Commercial General Liability,evidenceOfInsuranceCommercialGeneralLiabilityGeneralAggregateLimitAppliesPerLocation,General Aggregate Limit Applies per: Location,,matchOnce,must be present,,Present,compliant,Block Requirements,,,false,1,,2026-08-16
"Block Real Estate Services, LLC",69fdf7b562446148bd85c46e,69fded1a62446148bd848f67,Massage Envy,69fdf1fc3b208288e0a86ed1,"tic827 - Westchester Square Shopping Centre {Westchester 87 Investors, LLC}",evidenceOfInsurance,Evidence of Insurance,commercialGeneralLiability,Commercial General Liability,evidenceOfInsuranceCommercialGeneralLiabilityEachOccurrence,Each Occurrence,,matchOnce,must be greater or equal to,1000000,2000000,compliant,Block Requirements,,,false,1,,2026-08-16
"Block Real Estate Services, LLC",69fdf7b562446148bd85c46e,69fded1a62446148bd848f67,Massage Envy,69fdf1fc3b208288e0a86ed1,"tic827 - Westchester Square Shopping Centre {Westchester 87 Investors, LLC}",evidenceOfInsurance,Evidence of Insurance,commercialGeneralLiability,Commercial General Liability,evidenceOfInsuranceCommercialGeneralLiabilityGeneralAggregate,General Aggregate,,matchOnce,must be greater or equal to,2000000,4000000,compliant,Block Requirements,,,false,1,,2026-08-16
"Block Real Estate Services, LLC",69fdf7b562446148bd85c46e,69fded1a62446148bd848f67,Massage Envy,69fdf1fc3b208288e0a86ed1,"tic827 - Westchester Square Shopping Centre {Westchester 87 Investors, LLC}",evidenceOfInsurance,Evidence of Insurance,commercialGeneralLiability,Commercial General Liability,evidenceOfInsuranceCommercialGeneralLiabilityWaiverOfSubrogationEndorsement,Waiver of Subrogation,"---prompt---
Determine if the insurer has waived their right of subrogation in favor of the certificate holder under the Commercial General Liability policy. Evidence may include: a checked ""Waiver of Subrogation"" box on the certificate, mention in the Description of Operations section stating ""waiver of subrogation applies"", or reference to form CG 24 04. Look for language like ""subrogation is waived"" or ""per written contract"".",matchOnce,must be present,,Present,compliant,Block Requirements,,,false,1,,2026-08-16
"Block Real Estate Services, LLC",69fdf7b562446148bd85c46e,69fded1a62446148bd848f67,Massage Envy,69fdf1fc3b208288e0a86ed1,"tic827 - Westchester Square Shopping Centre {Westchester 87 Investors, LLC}",evidenceOfInsurance,Evidence of Insurance,excessOrUmbrellaLiability,Umbrella/Excess Liability,evidenceOfInsuranceExcessOrUmbrellaLiabilityOccurence,Coverage Trigger: Occurrence,,matchOnce,must be present,,,waived,Block Requirements,,,false,0,,2026-08-16
"Block Real Estate Services, LLC",69fdf7b562446148bd85c46e,69fded1a62446148bd848f67,Massage Envy,69fdf1fc3b208288e0a86ed1,"tic827 - Westchester Square Shopping Centre {Westchester 87 Investors, LLC}",evidenceOfInsurance,Evidence of Insurance,excessOrUmbrellaLiability,Umbrella/Excess Liability,evidenceOfInsuranceExcessOrUmbrellaLiabilityEachOccurrence,Each Occurrence,,matchOnce,must be greater or equal to,1000000,,waived,Block Requirements,,,false,0,,2026-08-16
"Block Real Estate Services, LLC",69fdf7b562446148bd85c46e,69fded1a62446148bd848f67,Massage Envy,69fdf1fc3b208288e0a86ed1,"tic827 - Westchester Square Shopping Centre {Westchester 87 Investors, LLC}",evidenceOfInsurance,Evidence of Insurance,excessOrUmbrellaLiability,Umbrella/Excess Liability,evidenceOfInsuranceExcessOrUmbrellaLiabilityAggregate,Aggregate,,matchOnce,must be greater or equal to,1000000,,waived,Block Requirements,,,false,0,,2026-08-16
"Block Real Estate Services, LLC",69fdf7b562446148bd85c46e,69fded1a62446148bd848f67,Massage Envy,69fdf1fc3b208288e0a86ed1,"tic827 - Westchester Square Shopping Centre {Westchester 87 Investors, LLC}",evidenceOfInsurance,Evidence of Insurance,workersCompensation,Workers' Compensation and Employer's Liability,evidenceOfInsuranceWorkersCompensationStatutoryLimits,Statutory Limits,,matchOnce,must be present,,Present,compliant,Block Requirements,,,false,1,,2026-08-16
"Block Real Estate Services, LLC",69fdf7b562446148bd85c46e,69fded1a62446148bd848f67,Massage Envy,69fdf1fc3b208288e0a86ed1,"tic827 - Westchester Square Shopping Centre {Westchester 87 Investors, LLC}",evidenceOfInsurance,Evidence of Insurance,workersCompensation,Workers' Compensation and Employer's Liability,evidenceOfInsuranceWorkersCompensationEmployersLiabilityEachAccident,Employer's Liability Each Accident,,matchOnce,must be greater or equal to,500000,1000000,compliant,Block Requirements,,,false,1,,2026-08-16
"Block Real Estate Services, LLC",69fdf7b562446148bd85c46e,69fded1a62446148bd848f67,Massage Envy,69fdf1fc3b208288e0a86ed1,"tic827 - Westchester Square Shopping Centre {Westchester 87 Investors, LLC}",evidenceOfInsurance,Evidence of Insurance,workersCompensation,Workers' Compensation and Employer's Liability,evidenceOfInsuranceWorkersCompensationEmployersLiabilityDiseaseEachEmployee,Employer's Liability Disease - each employee,,matchOnce,must be greater or equal to,500000,1000000,compliant,Block Requirements,,,false,1,,2026-08-16
"Block Real Estate Services, LLC",69fdf7b562446148bd85c46e,69fded1a62446148bd848f67,Massage Envy,69fdf1fc3b208288e0a86ed1,"tic827 - Westchester Square Shopping Centre {Westchester 87 Investors, LLC}",evidenceOfInsurance,Evidence of Insurance,workersCompensation,Workers' Compensation and Employer's Liability,evidenceOfInsuranceWorkersCompensationEmployersLiabilityDiseasePolicyLimit,Employer's Liability Disease - policy limit,,matchOnce,must be greater or equal to,500000,1000000,compliant,Block Requirements,,,false,1,,2026-08-16
"Block Real Estate Services, LLC",69fdf7b562446148bd85c46e,69fded1a62446148bd848f67,Massage Envy,69fdf1fc3b208288e0a86ed1,"tic827 - Westchester Square Shopping Centre {Westchester 87 Investors, LLC}",evidenceOfInsurance,Evidence of Insurance,workersCompensation,Workers' Compensation and Employer's Liability,evidenceOfInsuranceWorkersCompensationWaiverOfSubrogationEndorsement,Waiver of Subrogation,"---prompt---
Determine if the insurer has waived their right of subrogation in favor of the certificate holder under the Workers' Compensation policy. Evidence may include: a checked ""Waiver of Subrogation"" box on the certificate, mention in the Description of Operations section stating ""waiver of subrogation applies"", or reference to form WC 00 03 13. Look for language like ""subrogation is waived"" or ""per written contract"".",matchOnce,must be present,,Present,compliant,Block Requirements,,,false,1,,2026-08-16
"Block Real Estate Services, LLC",69fdf7b562446148bd85c46e,69fded1a62446148bd848f67,Massage Envy,69fdf1fc3b208288e0a86ed1,"tic827 - Westchester Square Shopping Centre {Westchester 87 Investors, LLC}",evidenceOfInsurance,Evidence of Insurance,6ac20aae-5728-5d57-b364-aeba38527dba,Additional Requirements,4da5b0f1-4c9d-5885-8cf8-5d3cccaed3e0,"Block Real Estate Services, LLC and all others required by contract are named as Additional Insureds","---prompt---
Determine if the Description of Operations or the Additional Remarks Schedule section states the ""Additional Insured as Construction Management, Inc. and all others required by contract"" or reference to blanket additional insured coverage. Look for language like ""certificate holder is additional insured"" or ""per written contract"".",matchOnce,must be present,,Present,compliant,Block Requirements,,,true,1,,2026-08-16
"Block Real Estate Services, LLC",69fdf7b562446148bd85c46e,69fded1a62446148bd848f67,Massage Envy,69fdf1fc3b208288e0a86ed1,"tic827 - Westchester Square Shopping Centre {Westchester 87 Investors, LLC}",evidenceOfInsurance,Evidence of Insurance,6ac20aae-5728-5d57-b364-aeba38527dba,Additional Requirements,e1017741-e47e-5f58-97b8-fbc3043e919f,Umbrella follows form over General Liability,"---prompt---
Determine if the Umbrella/Excess Liability policy follows form to the underlying policies. Evidence may include: language in the Description of Operations section stating the umbrella follows form to underlying coverages or an additional page endorsement stating that it follows form. Follow form means the umbrella policy adopts the same terms, conditions, and exclusions as the underlying policies.",matchOnce,must be present,,,waived,Block Requirements,Umbrella requirement waived,,true,0,2026-09-19,2026-08-16
"Block Real Estate Services, LLC",69fdf7b562446148bd85c46e,69fded1a62446148bd848f67,Massage Envy,69fdf1fc3b208288e0a86ed1,"tic827 - Westchester Square Shopping Centre {Westchester 87 Investors, LLC}",evidenceOfInsurance,Evidence of Insurance,6ac20aae-5728-5d57-b364-aeba38527dba,Additional Requirements,2cdd866f-c9a4-576a-afd8-1d045762790c,The location must be listed as: 13224 W. 87th Street Lenexa KS 66215,,matchOnce,must be present,,Present,compliant,Block Requirements,,,true,1,,2026-08-16
"Block Real Estate Services, LLC",69fdf7b562446148bd85c46e,69fded1a62446148bd848f67,Massage Envy,69fdf1fc3b208288e0a86ed1,"tic827 - Westchester Square Shopping Centre {Westchester 87 Investors, LLC}",evidenceOfInsurance,Evidence of Insurance,6ac20aae-5728-5d57-b364-aeba38527dba,Additional Requirements,3649e9d1-4e09-59bf-8f30-cb33c40cf117,"Certificate Holder must read: c/o Block Real Estate Services, LLC, 4622 Pennsylvania St., Suite 700, Kansas City, MO, 64112",,matchOnce,must be present,,Present,compliant,Block Requirements,,,true,1,,2026-08-16
"Block Real Estate Services, LLC",69fdf7b562446148bd85c473,69fded2162446148bd8491aa,Star Beauty,69fdf1fc3b208288e0a86ed1,"tic827 - Westchester Square Shopping Centre {Westchester 87 Investors, LLC}",evidenceOfInsurance,Evidence of Insurance,commercialGeneralLiability,Commercial General Liability,evidenceOfInsuranceCommercialGeneralLiabilityCoverageTriggerOccurrence,Coverage Trigger: Occurrence,,matchOnce,must be present,,Present,compliant,Block Requirements,,,false,2,,2026-08-16
"Block Real Estate Services, LLC",69fdf7b562446148bd85c473,69fded2162446148bd8491aa,Star Beauty,69fdf1fc3b208288e0a86ed1,"tic827 - Westchester Square Shopping Centre {Westchester 87 Investors, LLC}",evidenceOfInsurance,Evidence of Insurance,commercialGeneralLiability,Commercial General Liability,evidenceOfInsuranceCommercialGeneralLiabilityGeneralAggregateLimitAppliesPerLocation,General Aggregate Limit Applies per: Location,,matchOnce,must be present,,,non_compliant,Block Requirements,,,false,0,,2026-08-16
"Block Real Estate Services, LLC",69fdf7b562446148bd85c473,69fded2162446148bd8491aa,Star Beauty,69fdf1fc3b208288e0a86ed1,"tic827 - Westchester Square Shopping Centre {Westchester 87 Investors, LLC}",evidenceOfInsurance,Evidence of Insurance,commercialGeneralLiability,Commercial General Liability,evidenceOfInsuranceCommercialGeneralLiabilityEachOccurrence,Each Occurrence,,matchOnce,must be greater or equal to,1000000,2000000,compliant,Block Requirements,,,false,2,,2026-08-16
"Block Real Estate Services, LLC",69fdf7b562446148bd85c473,69fded2162446148bd8491aa,Star Beauty,69fdf1fc3b208288e0a86ed1,"tic827 - Westchester Square Shopping Centre {Westchester 87 Investors, LLC}",evidenceOfInsurance,Evidence of Insurance,commercialGeneralLiability,Commercial General Liability,evidenceOfInsuranceCommercialGeneralLiabilityGeneralAggregate,General Aggregate,,matchOnce,must be greater or equal to,2000000,4000000,compliant,Block Requirements,,,false,2,,2026-08-16
"Block Real Estate Services, LLC",69fdf7b562446148bd85c473,69fded2162446148bd8491aa,Star Beauty,69fdf1fc3b208288e0a86ed1,"tic827 - Westchester Square Shopping Centre {Westchester 87 Investors, LLC}",evidenceOfInsurance,Evidence of Insurance,commercialGeneralLiability,Commercial General Liability,evidenceOfInsuranceCommercialGeneralLiabilityWaiverOfSubrogationEndorsement,Waiver of Subrogation,"---prompt---
Determine if the insurer has waived their right of subrogation in favor of the certificate holder under the Commercial General Liability policy. Evidence may include: a checked ""Waiver of Subrogation"" box on the certificate, mention in the Description of Operations section stating ""waiver of subrogation applies"", or reference to form CG 24 04. Look for language like ""subrogation is waived"" or ""per written contract"".",matchOnce,must be present,,Present,compliant,Block Requirements,,,false,2,,2026-08-16
"Block Real Estate Services, LLC",69fdf7b562446148bd85c473,69fded2162446148bd8491aa,Star Beauty,69fdf1fc3b208288e0a86ed1,"tic827 - Westchester Square Shopping Centre {Westchester 87 Investors, LLC}",evidenceOfInsurance,Evidence of Insurance,excessOrUmbrellaLiability,Umbrella/Excess Liability,evidenceOfInsuranceExcessOrUmbrellaLiabilityOccurence,Coverage Trigger: Occurrence,,matchOnce,must be present,,,overridden,Block Requirements,,,false,0,,2026-08-16
"Block Real Estate Services, LLC",69fdf7b562446148bd85c473,69fded2162446148bd8491aa,Star Beauty,69fdf1fc3b208288e0a86ed1,"tic827 - Westchester Square Shopping Centre {Westchester 87 Investors, LLC}",evidenceOfInsurance,Evidence of Insurance,excessOrUmbrellaLiability,Umbrella/Excess Liability,evidenceOfInsuranceExcessOrUmbrellaLiabilityEachOccurrence,Each Occurrence,,matchOnce,must be greater or equal to,1000000,,overridden,Block Requirements,,,false,0,,2026-08-16
"Block Real Estate Services, LLC",69fdf7b562446148bd85c473,69fded2162446148bd8491aa,Star Beauty,69fdf1fc3b208288e0a86ed1,"tic827 - Westchester Square Shopping Centre {Westchester 87 Investors, LLC}",evidenceOfInsurance,Evidence of Insurance,excessOrUmbrellaLiability,Umbrella/Excess Liability,evidenceOfInsuranceExcessOrUmbrellaLiabilityAggregate,Aggregate,,matchOnce,must be greater or equal to,1000000,,overridden,Block Requirements,,,false,0,,2026-08-16
"Block Real Estate Services, LLC",69fdf7b562446148bd85c473,69fded2162446148bd8491aa,Star Beauty,69fdf1fc3b208288e0a86ed1,"tic827 - Westchester Square Shopping Centre {Westchester 87 Investors, LLC}",evidenceOfInsurance,Evidence of Insurance,workersCompensation,Workers' Compensation and Employer's Liability,evidenceOfInsuranceWorkersCompensationStatutoryLimits,Statutory Limits,,matchOnce,must be present,,,non_compliant,Block Requirements,,,false,0,,2026-08-16
"Block Real Estate Services, LLC",69fdf7b562446148bd85c473,69fded2162446148bd8491aa,Star Beauty,69fdf1fc3b208288e0a86ed1,"tic827 - Westchester Square Shopping Centre {Westchester 87 Investors, LLC}",evidenceOfInsurance,Evidence of Insurance,workersCompensation,Workers' Compensation and Employer's Liability,evidenceOfInsuranceWorkersCompensationEmployersLiabilityEachAccident,Employer's Liability Each Accident,,matchOnce,must be greater or equal to,500000,500000,compliant,Block Requirements,,,false,1,,2026-08-16
"Block Real Estate Services, LLC",69fdf7b562446148bd85c473,69fded2162446148bd8491aa,Star Beauty,69fdf1fc3b208288e0a86ed1,"tic827 - Westchester Square Shopping Centre {Westchester 87 Investors, LLC}",evidenceOfInsurance,Evidence of Insurance,workersCompensation,Workers' Compensation and Employer's Liability,evidenceOfInsuranceWorkersCompensationEmployersLiabilityDiseaseEachEmployee,Employer's Liability Disease - each employee,,matchOnce,must be greater or equal to,500000,500000,compliant,Block Requirements,,,false,1,,2026-08-16
"Block Real Estate Services, LLC",69fdf7b562446148bd85c473,69fded2162446148bd8491aa,Star Beauty,69fdf1fc3b208288e0a86ed1,"tic827 - Westchester Square Shopping Centre {Westchester 87 Investors, LLC}",evidenceOfInsurance,Evidence of Insurance,workersCompensation,Workers' Compensation and Employer's Liability,evidenceOfInsuranceWorkersCompensationEmployersLiabilityDiseasePolicyLimit,Employer's Liability Disease - policy limit,,matchOnce,must be greater or equal to,500000,500000,compliant,Block Requirements,,,false,1,,2026-08-16
"Block Real Estate Services, LLC",69fdf7b562446148bd85c473,69fded2162446148bd8491aa,Star Beauty,69fdf1fc3b208288e0a86ed1,"tic827 - Westchester Square Shopping Centre {Westchester 87 Investors, LLC}",evidenceOfInsurance,Evidence of Insurance,workersCompensation,Workers' Compensation and Employer's Liability,evidenceOfInsuranceWorkersCompensationWaiverOfSubrogationEndorsement,Waiver of Subrogation,"---prompt---
Determine if the insurer has waived their right of subrogation in favor of the certificate holder under the Workers' Compensation policy. Evidence may include: a checked ""Waiver of Subrogation"" box on the certificate, mention in the Description of Operations section stating ""waiver of subrogation applies"", or reference to form WC 00 03 13. Look for language like ""subrogation is waived"" or ""per written contract"".",matchOnce,must be present,,Present,compliant,Block Requirements,,,false,1,,2026-08-16
"Block Real Estate Services, LLC",69fdf7b562446148bd85c473,69fded2162446148bd8491aa,Star Beauty,69fdf1fc3b208288e0a86ed1,"tic827 - Westchester Square Shopping Centre {Westchester 87 Investors, LLC}",evidenceOfInsurance,Evidence of Insurance,6ac20aae-5728-5d57-b364-aeba38527dba,Additional Requirements,4da5b0f1-4c9d-5885-8cf8-5d3cccaed3e0,"Block Real Estate Services, LLC and all others required by contract are named as Additional Insureds","---prompt---
Determine if the Description of Operations or the Additional Remarks Schedule section states the ""Additional Insured as Construction Management, Inc. and all others required by contract"" or reference to blanket additional insured coverage. Look for language like ""certificate holder is additional insured"" or ""per written contract"".",matchOnce,must be present,,Present,compliant,Block Requirements,,,true,2,,2026-08-16
"Block Real Estate Services, LLC",69fdf7b562446148bd85c473,69fded2162446148bd8491aa,Star Beauty,69fdf1fc3b208288e0a86ed1,"tic827 - Westchester Square Shopping Centre {Westchester 87 Investors, LLC}",evidenceOfInsurance,Evidence of Insurance,6ac20aae-5728-5d57-b364-aeba38527dba,Additional Requirements,e1017741-e47e-5f58-97b8-fbc3043e919f,Umbrella follows form over General Liability,"---prompt---
Determine if the Umbrella/Excess Liability policy follows form to the underlying policies. Evidence may include: language in the Description of Operations section stating the umbrella follows form to underlying coverages or an additional page endorsement stating that it follows form. Follow form means the umbrella policy adopts the same terms, conditions, and exclusions as the underlying policies.",matchOnce,must be present,,,overridden,Block Requirements,Umbrella requirement waived,,true,0,2027-01-12,2026-08-16
"Block Real Estate Services, LLC",69fdf7b562446148bd85c473,69fded2162446148bd8491aa,Star Beauty,69fdf1fc3b208288e0a86ed1,"tic827 - Westchester Square Shopping Centre {Westchester 87 Investors, LLC}",evidenceOfInsurance,Evidence of Insurance,6ac20aae-5728-5d57-b364-aeba38527dba,Additional Requirements,2cdd866f-c9a4-576a-afd8-1d045762790c,The location must be listed as: 13300 W. 87th Street Lenexa KS 66215,,matchOnce,must be present,,Present,compliant,Block Requirements,,,true,2,,2026-08-16
"Block Real Estate Services, LLC",69fdf7b562446148bd85c473,69fded2162446148bd8491aa,Star Beauty,69fdf1fc3b208288e0a86ed1,"tic827 - Westchester Square Shopping Centre {Westchester 87 Investors, LLC}",evidenceOfInsurance,Evidence of Insurance,6ac20aae-5728-5d57-b364-aeba38527dba,Additional Requirements,3649e9d1-4e09-59bf-8f30-cb33c40cf117,"Certificate Holder must read: c/o Block Real Estate Services, LLC, 4622 Pennsylvania St., Suite 700, Kansas City, MO, 64112",,matchOnce,must be present,,Present,compliant,Block Requirements,,,true,2,,2026-08-16
"Block Real Estate Services, LLC",69fdf7b562446148bd85c46d,69fded1a62446148bd848f49,Mainland Valuation Services,69fdf1fc3b208288e0a86ed1,"tic827 - Westchester Square Shopping Centre {Westchester 87 Investors, LLC}",evidenceOfInsurance,Evidence of Insurance,commercialGeneralLiability,Commercial General Liability,evidenceOfInsuranceCommercialGeneralLiabilityCoverageTriggerOccurrence,Coverage Trigger: Occurrence,,matchOnce,must be present,,Present,compliant,Block Requirements,,,false,1,,2026-08-16
"Block Real Estate Services, LLC",69fdf7b562446148bd85c46d,69fded1a62446148bd848f49,Mainland Valuation Services,69fdf1fc3b208288e0a86ed1,"tic827 - Westchester Square Shopping Centre {Westchester 87 Investors, LLC}",evidenceOfInsurance,Evidence of Insurance,commercialGeneralLiability,Commercial General Liability,evidenceOfInsuranceCommercialGeneralLiabilityGeneralAggregateLimitAppliesPerLocation,General Aggregate Limit Applies per: Location,,matchOnce,must be present,,,non_compliant,Block Requirements,,,false,0,,2026-08-16
"Block Real Estate Services, LLC",69fdf7b562446148bd85c46d,69fded1a62446148bd848f49,Mainland Valuation Services,69fdf1fc3b208288e0a86ed1,"tic827 - Westchester Square Shopping Centre {Westchester 87 Investors, LLC}",evidenceOfInsurance,Evidence of Insurance,commercialGeneralLiability,Commercial General Liability,evidenceOfInsuranceCommercialGeneralLiabilityEachOccurrence,Each Occurrence,,matchOnce,must be greater or equal to,1000000,2000000,compliant,Block Requirements,,,false,1,,2026-08-16
"Block Real Estate Services, LLC",69fdf7b562446148bd85c46d,69fded1a62446148bd848f49,Mainland Valuation Services,69fdf1fc3b208288e0a86ed1,"tic827 - Westchester Square Shopping Centre {Westchester 87 Investors, LLC}",evidenceOfInsurance,Evidence of Insurance,commercialGeneralLiability,Commercial General Liability,evidenceOfInsuranceCommercialGeneralLiabilityGeneralAggregate,General Aggregate,,matchOnce,must be greater or equal to,2000000,4000000,compliant,Block Requirements,,,false,1,,2026-08-16
"Block Real Estate Services, LLC",69fdf7b562446148bd85c46d,69fded1a62446148bd848f49,Mainland Valuation Services,69fdf1fc3b208288e0a86ed1,"tic827 - Westchester Square Shopping Centre {Westchester 87 Investors, LLC}",evidenceOfInsurance,Evidence of Insurance,commercialGeneralLiability,Commercial General Liability,evidenceOfInsuranceCommercialGeneralLiabilityWaiverOfSubrogationEndorsement,Waiver of Subrogation,"---prompt---
Determine if the insurer has waived their right of subrogation in favor of the certificate holder under the Commercial General Liability policy. Evidence may include: a checked ""Waiver of Subrogation"" box on the certificate, mention in the Description of Operations section stating ""waiver of subrogation applies"", or reference to form CG 24 04. Look for language like ""subrogation is waived"" or ""per written contract"".",matchOnce,must be present,,Present,compliant,Block Requirements,,,false,1,,2026-08-16
"Block Real Estate Services, LLC",69fdf7b562446148bd85c46d,69fded1a62446148bd848f49,Mainland Valuation Services,69fdf1fc3b208288e0a86ed1,"tic827 - Westchester Square Shopping Centre {Westchester 87 Investors, LLC}",evidenceOfInsurance,Evidence of Insurance,excessOrUmbrellaLiability,Umbrella/Excess Liability,evidenceOfInsuranceExcessOrUmbrellaLiabilityOccurence,Coverage Trigger: Occurrence,,matchOnce,must be present,,,non_compliant,Block Requirements,,,false,0,,2026-08-16
"Block Real Estate Services, LLC",69fdf7b562446148bd85c46d,69fded1a62446148bd848f49,Mainland Valuation Services,69fdf1fc3b208288e0a86ed1,"tic827 - Westchester Square Shopping Centre {Westchester 87 Investors, LLC}",evidenceOfInsurance,Evidence of Insurance,excessOrUmbrellaLiability,Umbrella/Excess Liability,evidenceOfInsuranceExcessOrUmbrellaLiabilityEachOccurrence,Each Occurrence,,matchOnce,must be greater or equal to,1000000,,non_compliant,Block Requirements,,,false,0,,2026-08-16
"Block Real Estate Services, LLC",69fdf7b562446148bd85c46d,69fded1a62446148bd848f49,Mainland Valuation Services,69fdf1fc3b208288e0a86ed1,"tic827 - Westchester Square Shopping Centre {Westchester 87 Investors, LLC}",evidenceOfInsurance,Evidence of Insurance,excessOrUmbrellaLiability,Umbrella/Excess Liability,evidenceOfInsuranceExcessOrUmbrellaLiabilityAggregate,Aggregate,,matchOnce,must be greater or equal to,1000000,,non_compliant,Block Requirements,,,false,0,,2026-08-16
"Block Real Estate Services, LLC",69fdf7b562446148bd85c46d,69fded1a62446148bd848f49,Mainland Valuation Services,69fdf1fc3b208288e0a86ed1,"tic827 - Westchester Square Shopping Centre {Westchester 87 Investors, LLC}",evidenceOfInsurance,Evidence of Insurance,workersCompensation,Workers' Compensation and Employer's Liability,evidenceOfInsuranceWorkersCompensationStatutoryLimits,Statutory Limits,,matchOnce,must be present,,Present,compliant,Block Requirements,,,false,1,,2026-08-16
"Block Real Estate Services, LLC",69fdf7b562446148bd85c46d,69fded1a62446148bd848f49,Mainland Valuation Services,69fdf1fc3b208288e0a86ed1,"tic827 - Westchester Square Shopping Centre {Westchester 87 Investors, LLC}",evidenceOfInsurance,Evidence of Insurance,workersCompensation,Workers' Compensation and Employer's Liability,evidenceOfInsuranceWorkersCompensationEmployersLiabilityEachAccident,Employer's Liability Each Accident,,matchOnce,must be greater or equal to,500000,100000,non_compliant,Block Requirements,,,false,1,,2026-08-16
"Block Real Estate Services, LLC",69fdf7b562446148bd85c46d,69fded1a62446148bd848f49,Mainland Valuation Services,69fdf1fc3b208288e0a86ed1,"tic827 - Westchester Square Shopping Centre {Westchester 87 Investors, LLC}",evidenceOfInsurance,Evidence of Insurance,workersCompensation,Workers' Compensation and Employer's Liability,evidenceOfInsuranceWorkersCompensationEmployersLiabilityDiseaseEachEmployee,Employer's Liability Disease - each employee,,matchOnce,must be greater or equal to,500000,100000,non_compliant,Block Requirements,,,false,1,,2026-08-16
"Block Real Estate Services, LLC",69fdf7b562446148bd85c46d,69fded1a62446148bd848f49,Mainland Valuation Services,69fdf1fc3b208288e0a86ed1,"tic827 - Westchester Square Shopping Centre {Westchester 87 Investors, LLC}",evidenceOfInsurance,Evidence of Insurance,workersCompensation,Workers' Compensation and Employer's Liability,evidenceOfInsuranceWorkersCompensationEmployersLiabilityDiseasePolicyLimit,Employer's Liability Disease - policy limit,,matchOnce,must be greater or equal to,500000,500000,compliant,Block Requirements,,,false,1,,2026-08-16
"Block Real Estate Services, LLC",69fdf7b562446148bd85c46d,69fded1a62446148bd848f49,Mainland Valuation Services,69fdf1fc3b208288e0a86ed1,"tic827 - Westchester Square Shopping Centre {Westchester 87 Investors, LLC}",evidenceOfInsurance,Evidence of Insurance,workersCompensation,Workers' Compensation and Employer's Liability,evidenceOfInsuranceWorkersCompensationWaiverOfSubrogationEndorsement,Waiver of Subrogation,"---prompt---
Determine if the insurer has waived their right of subrogation in favor of the certificate holder under the Workers' Compensation policy. Evidence may include: a checked ""Waiver of Subrogation"" box on the certificate, mention in the Description of Operations section stating ""waiver of subrogation applies"", or reference to form WC 00 03 13. Look for language like ""subrogation is waived"" or ""per written contract"".",matchOnce,must be present,,,non_compliant,Block Requirements,,,false,0,,2026-08-16
"Block Real Estate Services, LLC",69fdf7b562446148bd85c46d,69fded1a62446148bd848f49,Mainland Valuation Services,69fdf1fc3b208288e0a86ed1,"tic827 - Westchester Square Shopping Centre {Westchester 87 Investors, LLC}",evidenceOfInsurance,Evidence of Insurance,6ac20aae-5728-5d57-b364-aeba38527dba,Additional Requirements,4da5b0f1-4c9d-5885-8cf8-5d3cccaed3e0,"Block Real Estate Services, LLC and all others required by contract are named as Additional Insureds","---prompt---
Determine if the Description of Operations or the Additional Remarks Schedule section states the ""Additional Insured as Construction Management, Inc. and all others required by contract"" or reference to blanket additional insured coverage. Look for language like ""certificate holder is additional insured"" or ""per written contract"".",matchOnce,must be present,,,non_compliant,Block Requirements,,,true,0,,2026-08-16
"Block Real Estate Services, LLC",69fdf7b562446148bd85c46d,69fded1a62446148bd848f49,Mainland Valuation Services,69fdf1fc3b208288e0a86ed1,"tic827 - Westchester Square Shopping Centre {Westchester 87 Investors, LLC}",evidenceOfInsurance,Evidence of Insurance,6ac20aae-5728-5d57-b364-aeba38527dba,Additional Requirements,e1017741-e47e-5f58-97b8-fbc3043e919f,Umbrella follows form over General Liability,"---prompt---
Determine if the Umbrella/Excess Liability policy follows form to the underlying policies. Evidence may include: language in the Description of Operations section stating the umbrella follows form to underlying coverages or an additional page endorsement stating that it follows form. Follow form means the umbrella policy adopts the same terms, conditions, and exclusions as the underlying policies.",matchOnce,must be present,,,non_compliant,Block Requirements,,,true,0,,2026-08-16
"Block Real Estate Services, LLC",69fdf7b562446148bd85c46d,69fded1a62446148bd848f49,Mainland Valuation Services,69fdf1fc3b208288e0a86ed1,"tic827 - Westchester Square Shopping Centre {Westchester 87 Investors, LLC}",evidenceOfInsurance,Evidence of Insurance,6ac20aae-5728-5d57-b364-aeba38527dba,Additional Requirements,2cdd866f-c9a4-576a-afd8-1d045762790c,The location must be listed as: 8643 Hauser Court Suite 235 Lenexa KS 66215,,matchOnce,must be present,,,non_compliant,Block Requirements,,,true,0,,2026-08-16
"Block Real Estate Services, LLC",69fdf7b562446148bd85c46d,69fded1a62446148bd848f49,Mainland Valuation Services,69fdf1fc3b208288e0a86ed1,"tic827 - Westchester Square Shopping Centre {Westchester 87 Investors, LLC}",evidenceOfInsurance,Evidence of Insurance,6ac20aae-5728-5d57-b364-aeba38527dba,Additional Requirements,3649e9d1-4e09-59bf-8f30-cb33c40cf117,"Certificate Holder must read: c/o Block Real Estate Services, LLC, 4622 Pennsylvania St., Suite 700, Kansas City, MO, 64112",,matchOnce,must be present,,,non_compliant,Block Requirements,,,true,0,,2026-08-16
"Block Real Estate Services, LLC",69fdf7b562446148bd85c470,69fded2062446148bd84914a,"Senior Day KC / The Respite House, LLC",69fdf1fc3b208288e0a86ed1,"tic827 - Westchester Square Shopping Centre {Westchester 87 Investors, LLC}",evidenceOfInsurance,Evidence of Insurance,commercialGeneralLiability,Commercial General Liability,evidenceOfInsuranceCommercialGeneralLiabilityCoverageTriggerOccurrence,Coverage Trigger: Occurrence,,matchOnce,must be present,,,non_compliant,Block Requirements,,,false,0,,2026-08-16
"Block Real Estate Services, LLC",69fdf7b562446148bd85c470,69fded2062446148bd84914a,"Senior Day KC / The Respite House, LLC",69fdf1fc3b208288e0a86ed1,"tic827 - Westchester Square Shopping Centre {Westchester 87 Investors, LLC}",evidenceOfInsurance,Evidence of Insurance,commercialGeneralLiability,Commercial General Liability,evidenceOfInsuranceCommercialGeneralLiabilityGeneralAggregateLimitAppliesPerLocation,General Aggregate Limit Applies per: Location,,matchOnce,must be present,,,non_compliant,Block Requirements,,,false,0,,2026-08-16
"Block Real Estate Services, LLC",69fdf7b562446148bd85c470,69fded2062446148bd84914a,"Senior Day KC / The Respite House, LLC",69fdf1fc3b208288e0a86ed1,"tic827 - Westchester Square Shopping Centre {Westchester 87 Investors, LLC}",evidenceOfInsurance,Evidence of Insurance,commercialGeneralLiability,Commercial General Liability,evidenceOfInsuranceCommercialGeneralLiabilityEachOccurrence,Each Occurrence,,matchOnce,must be greater or equal to,1000000,,non_compliant,Block Requirements,,,false,0,,2026-08-16
"Block Real Estate Services, LLC",69fdf7b562446148bd85c470,69fded2062446148bd84914a,"Senior Day KC / The Respite House, LLC",69fdf1fc3b208288e0a86ed1,"tic827 - Westchester Square Shopping Centre {Westchester 87 Investors, LLC}",evidenceOfInsurance,Evidence of Insurance,commercialGeneralLiability,Commercial General Liability,evidenceOfInsuranceCommercialGeneralLiabilityGeneralAggregate,General Aggregate,,matchOnce,must be greater or equal to,2000000,,non_compliant,Block Requirements,,,false,0,,2026-08-16
"Block Real Estate Services, LLC",69fdf7b562446148bd85c470,69fded2062446148bd84914a,"Senior Day KC / The Respite House, LLC",69fdf1fc3b208288e0a86ed1,"tic827 - Westchester Square Shopping Centre {Westchester 87 Investors, LLC}",evidenceOfInsurance,Evidence of Insurance,commercialGeneralLiability,Commercial General Liability,evidenceOfInsuranceCommercialGeneralLiabilityWaiverOfSubrogationEndorsement,Waiver of Subrogation,"---prompt---
Determine if the insurer has waived their right of subrogation in favor of the certificate holder under the Commercial General Liability policy. Evidence may include: a checked ""Waiver of Subrogation"" box on the certificate, mention in the Description of Operations section stating ""waiver of subrogation applies"", or reference to form CG 24 04. Look for language like ""subrogation is waived"" or ""per written contract"".",matchOnce,must be present,,,non_compliant,Block Requirements,,,false,0,,2026-08-16
"Block Real Estate Services, LLC",69fdf7b562446148bd85c470,69fded2062446148bd84914a,"Senior Day KC / The Respite House, LLC",69fdf1fc3b208288e0a86ed1,"tic827 - Westchester Square Shopping Centre {Westchester 87 Investors, LLC}",evidenceOfInsurance,Evidence of Insurance,excessOrUmbrellaLiability,Umbrella/Excess Liability,evidenceOfInsuranceExcessOrUmbrellaLiabilityOccurence,Coverage Trigger: Occurrence,,matchOnce,must be present,,,non_compliant,Block Requirements,,,false,0,,2026-08-16
"Block Real Estate Services, LLC",69fdf7b562446148bd85c470,69fded2062446148bd84914a,"Senior Day KC / The Respite House, LLC",69fdf1fc3b208288e0a86ed1,"tic827 - Westchester Square Shopping Centre {Westchester 87 Investors, LLC}",evidenceOfInsurance,Evidence of Insurance,excessOrUmbrellaLiability,Umbrella/Excess Liability,evidenceOfInsuranceExcessOrUmbrellaLiabilityEachOccurrence,Each Occurrence,,matchOnce,must be greater or equal to,1000000,,non_compliant,Block Requirements,,,false,0,,2026-08-16
"Block Real Estate Services, LLC",69fdf7b562446148bd85c470,69fded2062446148bd84914a,"Senior Day KC / The Respite House, LLC",69fdf1fc3b208288e0a86ed1,"tic827 - Westchester Square Shopping Centre {Westchester 87 Investors, LLC}",evidenceOfInsurance,Evidence of Insurance,excessOrUmbrellaLiability,Umbrella/Excess Liability,evidenceOfInsuranceExcessOrUmbrellaLiabilityAggregate,Aggregate,,matchOnce,must be greater or equal to,1000000,,non_compliant,Block Requirements,,,false,0,,2026-08-16
"Block Real Estate Services, LLC",69fdf7b562446148bd85c470,69fded2062446148bd84914a,"Senior Day KC / The Respite House, LLC",69fdf1fc3b208288e0a86ed1,"tic827 - Westchester Square Shopping Centre {Westchester 87 Investors, LLC}",evidenceOfInsurance,Evidence of Insurance,workersCompensation,Workers' Compensation and Employer's Liability,evidenceOfInsuranceWorkersCompensationStatutoryLimits,Statutory Limits,,matchOnce,must be present,,,non_compliant,Block Requirements,,,false,0,,2026-08-16
"Block Real Estate Services, LLC",69fdf7b562446148bd85c470,69fded2062446148bd84914a,"Senior Day KC / The Respite House, LLC",69fdf1fc3b208288e0a86ed1,"tic827 - Westchester Square Shopping Centre {Westchester 87 Investors, LLC}",evidenceOfInsurance,Evidence of Insurance,workersCompensation,Workers' Compensation and Employer's Liability,evidenceOfInsuranceWorkersCompensationEmployersLiabilityEachAccident,Employer's Liability Each Accident,,matchOnce,must be greater or equal to,500000,,non_compliant,Block Requirements,,,false,0,,2026-08-16
"Block Real Estate Services, LLC",69fdf7b562446148bd85c470,69fded2062446148bd84914a,"Senior Day KC / The Respite House, LLC",69fdf1fc3b208288e0a86ed1,"tic827 - Westchester Square Shopping Centre {Westchester 87 Investors, LLC}",evidenceOfInsurance,Evidence of Insurance,workersCompensation,Workers' Compensation and Employer's Liability,evidenceOfInsuranceWorkersCompensationEmployersLiabilityDiseaseEachEmployee,Employer's Liability Disease - each employee,,matchOnce,must be greater or equal to,500000,,non_compliant,Block Requirements,,,false,0,,2026-08-16
"Block Real Estate Services, LLC",69fdf7b562446148bd85c470,69fded2062446148bd84914a,"Senior Day KC / The Respite House, LLC",69fdf1fc3b208288e0a86ed1,"tic827 - Westchester Square Shopping Centre {Westchester 87 Investors, LLC}",evidenceOfInsurance,Evidence of Insurance,workersCompensation,Workers' Compensation and Employer's Liability,evidenceOfInsuranceWorkersCompensationEmployersLiabilityDiseasePolicyLimit,Employer's Liability Disease - policy limit,,matchOnce,must be greater or equal to,500000,,non_compliant,Block Requirements,,,false,0,,2026-08-16
"Block Real Estate Services, LLC",69fdf7b562446148bd85c470,69fded2062446148bd84914a,"Senior Day KC / The Respite House, LLC",69fdf1fc3b208288e0a86ed1,"tic827 - Westchester Square Shopping Centre {Westchester 87 Investors, LLC}",evidenceOfInsurance,Evidence of Insurance,workersCompensation,Workers' Compensation and Employer's Liability,evidenceOfInsuranceWorkersCompensationWaiverOfSubrogationEndorsement,Waiver of Subrogation,"---prompt---
Determine if the insurer has waived their right of subrogation in favor of the certificate holder under the Workers' Compensation policy. Evidence may include: a checked ""Waiver of Subrogation"" box on the certificate, mention in the Description of Operations section stating ""waiver of subrogation applies"", or reference to form WC 00 03 13. Look for language like ""subrogation is waived"" or ""per written contract"".",matchOnce,must be present,,,non_compliant,Block Requirements,,,false,0,,2026-08-16
"Block Real Estate Services, LLC",69fdf7b562446148bd85c470,69fded2062446148bd84914a,"Senior Day KC / The Respite House, LLC",69fdf1fc3b208288e0a86ed1,"tic827 - Westchester Square Shopping Centre {Westchester 87 Investors, LLC}",evidenceOfInsurance,Evidence of Insurance,6ac20aae-5728-5d57-b364-aeba38527dba,Additional Requirements,4da5b0f1-4c9d-5885-8cf8-5d3cccaed3e0,"Block Real Estate Services, LLC and all others required by contract are named as Additional Insureds","---prompt---
Determine if the Description of Operations or the Additional Remarks Schedule section states the ""Additional Insured as Construction Management, Inc. and all others required by contract"" or reference to blanket additional insured coverage. Look for language like ""certificate holder is additional insured"" or ""per written contract"".",matchOnce,must be present,,,non_compliant,Block Requirements,,,true,0,,2026-08-16
"Block Real Estate Services, LLC",69fdf7b562446148bd85c470,69fded2062446148bd84914a,"Senior Day KC / The Respite House, LLC",69fdf1fc3b208288e0a86ed1,"tic827 - Westchester Square Shopping Centre {Westchester 87 Investors, LLC}",evidenceOfInsurance,Evidence of Insurance,6ac20aae-5728-5d57-b364-aeba38527dba,Additional Requirements,e1017741-e47e-5f58-97b8-fbc3043e919f,Umbrella follows form over General Liability,"---prompt---
Determine if the Umbrella/Excess Liability policy follows form to the underlying policies. Evidence may include: language in the Description of Operations section stating the umbrella follows form to underlying coverages or an additional page endorsement stating that it follows form. Follow form means the umbrella policy adopts the same terms, conditions, and exclusions as the underlying policies.",matchOnce,must be present,,,non_compliant,Block Requirements,,,true,0,,2026-08-16
"Block Real Estate Services, LLC",69fdf7b562446148bd85c470,69fded2062446148bd84914a,"Senior Day KC / The Respite House, LLC",69fdf1fc3b208288e0a86ed1,"tic827 - Westchester Square Shopping Centre {Westchester 87 Investors, LLC}",evidenceOfInsurance,Evidence of Insurance,6ac20aae-5728-5d57-b364-aeba38527dba,Additional Requirements,2cdd866f-c9a4-576a-afd8-1d045762790c,The location must be listed as: 8651 Hauser Court Lenexa KS 66215,,matchOnce,must be present,,,non_compliant,Block Requirements,,,true,0,,2026-08-16
"Block Real Estate Services, LLC",69fdf7b562446148bd85c470,69fded2062446148bd84914a,"Senior Day KC / The Respite House, LLC",69fdf1fc3b208288e0a86ed1,"tic827 - Westchester Square Shopping Centre {Westchester 87 Investors, LLC}",evidenceOfInsurance,Evidence of Insurance,6ac20aae-5728-5d57-b364-aeba38527dba,Additional Requirements,3649e9d1-4e09-59bf-8f30-cb33c40cf117,"Certificate Holder must read: c/o Block Real Estate Services, LLC, 4622 Pennsylvania St., Suite 700, Kansas City, MO, 64112",,matchOnce,must be present,,,non_compliant,Block Requirements,,,true,0,,2026-08-16
"Block Real Estate Services, LLC",69fdf7b562446148bd85c471,69fded2062446148bd849165,Side Pockets Inc,69fdf1fc3b208288e0a86ed1,"tic827 - Westchester Square Shopping Centre {Westchester 87 Investors, LLC}",evidenceOfInsurance,Evidence of Insurance,commercialGeneralLiability,Commercial General Liability,evidenceOfInsuranceCommercialGeneralLiabilityCoverageTriggerOccurrence,Coverage Trigger: Occurrence,,matchOnce,must be present,,,non_compliant,Block Requirements,,,false,0,,2026-08-16
"Block Real Estate Services, LLC",69fdf7b562446148bd85c471,69fded2062446148bd849165,Side Pockets Inc,69fdf1fc3b208288e0a86ed1,"tic827 - Westchester Square Shopping Centre {Westchester 87 Investors, LLC}",evidenceOfInsurance,Evidence of Insurance,commercialGeneralLiability,Commercial General Liability,evidenceOfInsuranceCommercialGeneralLiabilityGeneralAggregateLimitAppliesPerLocation,General Aggregate Limit Applies per: Location,,matchOnce,must be present,,,non_compliant,Block Requirements,,,false,0,,2026-08-16
"Block Real Estate Services, LLC",69fdf7b562446148bd85c471,69fded2062446148bd849165,Side Pockets Inc,69fdf1fc3b208288e0a86ed1,"tic827 - Westchester Square Shopping Centre {Westchester 87 Investors, LLC}",evidenceOfInsurance,Evidence of Insurance,commercialGeneralLiability,Commercial General Liability,evidenceOfInsuranceCommercialGeneralLiabilityEachOccurrence,Each Occurrence,,matchOnce,must be greater or equal to,1000000,,non_compliant,Block Requirements,,,false,0,,2026-08-16
"Block Real Estate Services, LLC",69fdf7b562446148bd85c471,69fded2062446148bd849165,Side Pockets Inc,69fdf1fc3b208288e0a86ed1,"tic827 - Westchester Square Shopping Centre {Westchester 87 Investors, LLC}",evidenceOfInsurance,Evidence of Insurance,commercialGeneralLiability,Commercial General Liability,evidenceOfInsuranceCommercialGeneralLiabilityGeneralAggregate,General Aggregate,,matchOnce,must be greater or equal to,2000000,,non_compliant,Block Requirements,,,false,0,,2026-08-16
"Block Real Estate Services, LLC",69fdf7b562446148bd85c471,69fded2062446148bd849165,Side Pockets Inc,69fdf1fc3b208288e0a86ed1,"tic827 - Westchester Square Shopping Centre {Westchester 87 Investors, LLC}",evidenceOfInsurance,Evidence of Insurance,commercialGeneralLiability,Commercial General Liability,evidenceOfInsuranceCommercialGeneralLiabilityWaiverOfSubrogationEndorsement,Waiver of Subrogation,"---prompt---
Determine if the insurer has waived their right of subrogation in favor of the certificate holder under the Commercial General Liability policy. Evidence may include: a checked ""Waiver of Subrogation"" box on the certificate, mention in the Description of Operations section stating ""waiver of subrogation applies"", or reference to form CG 24 04. Look for language like ""subrogation is waived"" or ""per written contract"".",matchOnce,must be present,,,non_compliant,Block Requirements,,,false,0,,2026-08-16
"Block Real Estate Services, LLC",69fdf7b562446148bd85c471,69fded2062446148bd849165,Side Pockets Inc,69fdf1fc3b208288e0a86ed1,"tic827 - Westchester Square Shopping Centre {Westchester 87 Investors, LLC}",evidenceOfInsurance,Evidence of Insurance,excessOrUmbrellaLiability,Umbrella/Excess Liability,evidenceOfInsuranceExcessOrUmbrellaLiabilityOccurence,Coverage Trigger: Occurrence,,matchOnce,must be present,,,non_compliant,Block Requirements,,,false,0,,2026-08-16
"Block Real Estate Services, LLC",69fdf7b562446148bd85c471,69fded2062446148bd849165,Side Pockets Inc,69fdf1fc3b208288e0a86ed1,"tic827 - Westchester Square Shopping Centre {Westchester 87 Investors, LLC}",evidenceOfInsurance,Evidence of Insurance,excessOrUmbrellaLiability,Umbrella/Excess Liability,evidenceOfInsuranceExcessOrUmbrellaLiabilityEachOccurrence,Each Occurrence,,matchOnce,must be greater or equal to,1000000,,non_compliant,Block Requirements,,,false,0,,2026-08-16
"Block Real Estate Services, LLC",69fdf7b562446148bd85c471,69fded2062446148bd849165,Side Pockets Inc,69fdf1fc3b208288e0a86ed1,"tic827 - Westchester Square Shopping Centre {Westchester 87 Investors, LLC}",evidenceOfInsurance,Evidence of Insurance,excessOrUmbrellaLiability,Umbrella/Excess Liability,evidenceOfInsuranceExcessOrUmbrellaLiabilityAggregate,Aggregate,,matchOnce,must be greater or equal to,1000000,,non_compliant,Block Requirements,,,false,0,,2026-08-16
"Block Real Estate Services, LLC",69fdf7b562446148bd85c471,69fded2062446148bd849165,Side Pockets Inc,69fdf1fc3b208288e0a86ed1,"tic827 - Westchester Square Shopping Centre {Westchester 87 Investors, LLC}",evidenceOfInsurance,Evidence of Insurance,workersCompensation,Workers' Compensation and Employer's Liability,evidenceOfInsuranceWorkersCompensationStatutoryLimits,Statutory Limits,,matchOnce,must be present,,,non_compliant,Block Requirements,,,false,0,,2026-08-16
"Block Real Estate Services, LLC",69fdf7b562446148bd85c471,69fded2062446148bd849165,Side Pockets Inc,69fdf1fc3b208288e0a86ed1,"tic827 - Westchester Square Shopping Centre {Westchester 87 Investors, LLC}",evidenceOfInsurance,Evidence of Insurance,workersCompensation,Workers' Compensation and Employer's Liability,evidenceOfInsuranceWorkersCompensationEmployersLiabilityEachAccident,Employer's Liability Each Accident,,matchOnce,must be greater or equal to,500000,,non_compliant,Block Requirements,,,false,0,,2026-08-16
"Block Real Estate Services, LLC",69fdf7b562446148bd85c471,69fded2062446148bd849165,Side Pockets Inc,69fdf1fc3b208288e0a86ed1,"tic827 - Westchester Square Shopping Centre {Westchester 87 Investors, LLC}",evidenceOfInsurance,Evidence of Insurance,workersCompensation,Workers' Compensation and Employer's Liability,evidenceOfInsuranceWorkersCompensationEmployersLiabilityDiseaseEachEmployee,Employer's Liability Disease - each employee,,matchOnce,must be greater or equal to,500000,,non_compliant,Block Requirements,,,false,0,,2026-08-16
"Block Real Estate Services, LLC",69fdf7b562446148bd85c471,69fded2062446148bd849165,Side Pockets Inc,69fdf1fc3b208288e0a86ed1,"tic827 - Westchester Square Shopping Centre {Westchester 87 Investors, LLC}",evidenceOfInsurance,Evidence of Insurance,workersCompensation,Workers' Compensation and Employer's Liability,evidenceOfInsuranceWorkersCompensationEmployersLiabilityDiseasePolicyLimit,Employer's Liability Disease - policy limit,,matchOnce,must be greater or equal to,500000,,non_compliant,Block Requirements,,,false,0,,2026-08-16
"Block Real Estate Services, LLC",69fdf7b562446148bd85c471,69fded2062446148bd849165,Side Pockets Inc,69fdf1fc3b208288e0a86ed1,"tic827 - Westchester Square Shopping Centre {Westchester 87 Investors, LLC}",evidenceOfInsurance,Evidence of Insurance,workersCompensation,Workers' Compensation and Employer's Liability,evidenceOfInsuranceWorkersCompensationWaiverOfSubrogationEndorsement,Waiver of Subrogation,"---prompt---
Determine if the insurer has waived their right of subrogation in favor of the certificate holder under the Workers' Compensation policy. Evidence may include: a checked ""Waiver of Subrogation"" box on the certificate, mention in the Description of Operations section stating ""waiver of subrogation applies"", or reference to form WC 00 03 13. Look for language like ""subrogation is waived"" or ""per written contract"".",matchOnce,must be present,,,non_compliant,Block Requirements,,,false,0,,2026-08-16
"Block Real Estate Services, LLC",69fdf7b562446148bd85c471,69fded2062446148bd849165,Side Pockets Inc,69fdf1fc3b208288e0a86ed1,"tic827 - Westchester Square Shopping Centre {Westchester 87 Investors, LLC}",evidenceOfInsurance,Evidence of Insurance,6ac20aae-5728-5d57-b364-aeba38527dba,Additional Requirements,4da5b0f1-4c9d-5885-8cf8-5d3cccaed3e0,"Block Real Estate Services, LLC and all others required by contract are named as Additional Insureds","---prompt---
Determine if the Description of Operations or the Additional Remarks Schedule section states the ""Additional Insured as Construction Management, Inc. and all others required by contract"" or reference to blanket additional insured coverage. Look for language like ""certificate holder is additional insured"" or ""per written contract"".",matchOnce,must be present,,,non_compliant,Block Requirements,,,true,0,,2026-08-16
"Block Real Estate Services, LLC",69fdf7b562446148bd85c471,69fded2062446148bd849165,Side Pockets Inc,69fdf1fc3b208288e0a86ed1,"tic827 - Westchester Square Shopping Centre {Westchester 87 Investors, LLC}",evidenceOfInsurance,Evidence of Insurance,6ac20aae-5728-5d57-b364-aeba38527dba,Additional Requirements,e1017741-e47e-5f58-97b8-fbc3043e919f,Umbrella follows form over General Liability,"---prompt---
Determine if the Umbrella/Excess Liability policy follows form to the underlying policies. Evidence may include: language in the Description of Operations section stating the umbrella follows form to underlying coverages or an additional page endorsement stating that it follows form. Follow form means the umbrella policy adopts the same terms, conditions, and exclusions as the underlying policies.",matchOnce,must be present,,,non_compliant,Block Requirements,,,true,0,,2026-08-16
"Block Real Estate Services, LLC",69fdf7b562446148bd85c471,69fded2062446148bd849165,Side Pockets Inc,69fdf1fc3b208288e0a86ed1,"tic827 - Westchester Square Shopping Centre {Westchester 87 Investors, LLC}",evidenceOfInsurance,Evidence of Insurance,6ac20aae-5728-5d57-b364-aeba38527dba,Additional Requirements,2cdd866f-c9a4-576a-afd8-1d045762790c,The location must be listed as: 13320 W. 87th Street Lenexa KS 66215,,matchOnce,must be present,,,non_compliant,Block Requirements,,,true,0,,2026-08-16
"Block Real Estate Services, LLC",69fdf7b562446148bd85c471,69fded2062446148bd849165,Side Pockets Inc,69fdf1fc3b208288e0a86ed1,"tic827 - Westchester Square Shopping Centre {Westchester 87 Investors, LLC}",evidenceOfInsurance,Evidence of Insurance,6ac20aae-5728-5d57-b364-aeba38527dba,Additional Requirements,3649e9d1-4e09-59bf-8f30-cb33c40cf117,"Certificate Holder must read: c/o Block Real Estate Services, LLC, 4622 Pennsylvania St., Suite 700, Kansas City, MO, 64112",,matchOnce,must be present,,,non_compliant,Block Requirements,,,true,0,,2026-08-16
"Block Real Estate Services, LLC",69fdf7b562446148bd85c465,69fded1062446148bd848c67,Check Into Cash,69fdf1fc3b208288e0a86ed1,"tic827 - Westchester Square Shopping Centre {Westchester 87 Investors, LLC}",evidenceOfInsurance,Evidence of Insurance,commercialGeneralLiability,Commercial General Liability,evidenceOfInsuranceCommercialGeneralLiabilityCoverageTriggerOccurrence,Coverage Trigger: Occurrence,,matchOnce,must be present,,Present,compliant,Block Requirements,,,false,1,,2026-08-16
"Block Real Estate Services, LLC",69fdf7b562446148bd85c465,69fded1062446148bd848c67,Check Into Cash,69fdf1fc3b208288e0a86ed1,"tic827 - Westchester Square Shopping Centre {Westchester 87 Investors, LLC}",evidenceOfInsurance,Evidence of Insurance,commercialGeneralLiability,Commercial General Liability,evidenceOfInsuranceCommercialGeneralLiabilityGeneralAggregateLimitAppliesPerLocation,General Aggregate Limit Applies per: Location,,matchOnce,must be present,,Present,compliant,Block Requirements,,,false,1,,2026-08-16
"Block Real Estate Services, LLC",69fdf7b562446148bd85c465,69fded1062446148bd848c67,Check Into Cash,69fdf1fc3b208288e0a86ed1,"tic827 - Westchester Square Shopping Centre {Westchester 87 Investors, LLC}",evidenceOfInsurance,Evidence of Insurance,commercialGeneralLiability,Commercial General Liability,evidenceOfInsuranceCommercialGeneralLiabilityEachOccurrence,Each Occurrence,,matchOnce,must be greater or equal to,1000000,1000000,compliant,Block Requirements,,,false,1,,2026-08-16
"Block Real Estate Services, LLC",69fdf7b562446148bd85c465,69fded1062446148bd848c67,Check Into Cash,69fdf1fc3b208288e0a86ed1,"tic827 - Westchester Square Shopping Centre {Westchester 87 Investors, LLC}",evidenceOfInsurance,Evidence of Insurance,commercialGeneralLiability,Commercial General Liability,evidenceOfInsuranceCommercialGeneralLiabilityGeneralAggregate,General Aggregate,,matchOnce,must be greater or equal to,2000000,2000000,compliant,Block Requirements,,,false,1,,2026-08-16
"Block Real Estate Services, LLC",69fdf7b562446148bd85c465,69fded1062446148bd848c67,Check Into Cash,69fdf1fc3b208288e0a86ed1,"tic827 - Westchester Square Shopping Centre {Westchester 87 Investors, LLC}",evidenceOfInsurance,Evidence of Insurance,commercialGeneralLiability,Commercial General Liability,evidenceOfInsuranceCommercialGeneralLiabilityWaiverOfSubrogationEndorsement,Waiver of Subrogation,"---prompt---
Determine if the insurer has waived their right of subrogation in favor of the certificate holder under the Commercial General Liability policy. Evidence may include: a checked ""Waiver of Subrogation"" box on the certificate, mention in the Description of Operations section stating ""waiver of subrogation applies"", or reference to form CG 24 04. Look for language like ""subrogation is waived"" or ""per written contract"".",matchOnce,must be present,,,non_compliant,Block Requirements,,,false,0,,2026-08-16
"Block Real Estate Services, LLC",69fdf7b562446148bd85c465,69fded1062446148bd848c67,Check Into Cash,69fdf1fc3b208288e0a86ed1,"tic827 - Westchester Square Shopping Centre {Westchester 87 Investors, LLC}",evidenceOfInsurance,Evidence of Insurance,excessOrUmbrellaLiability,Umbrella/Excess Liability,evidenceOfInsuranceExcessOrUmbrellaLiabilityOccurence,Coverage Trigger: Occurrence,,matchOnce,must be present,,Present,compliant,Block Requirements,,,false,1,,2026-08-16
"Block Real Estate Services, LLC",69fdf7b562446148bd85c465,69fded1062446148bd848c67,Check Into Cash,69fdf1fc3b208288e0a86ed1,"tic827 - Westchester Square Shopping Centre {Westchester 87 Investors, LLC}",evidenceOfInsurance,Evidence of Insurance,excessOrUmbrellaLiability,Umbrella/Excess Liability,evidenceOfInsuranceExcessOrUmbrellaLiabilityEachOccurrence,Each Occurrence,,matchOnce,must be greater or equal to,1000000,10000000,compliant,Block Requirements,,,false,1,,2026-08-16
"Block Real Estate Services, LLC",69fdf7b562446148bd85c465,69fded1062446148bd848c67,Check Into Cash,69fdf1fc3b208288e0a86ed1,"tic827 - Westchester Square Shopping Centre {Westchester 87 Investors, LLC}",evidenceOfInsurance,Evidence of Insurance,excessOrUmbrellaLiability,Umbrella/Excess Liability,evidenceOfInsuranceExcessOrUmbrellaLiabilityAggregate,Aggregate,,matchOnce,must be greater or equal to,1000000,10000000,compliant,Block Requirements,,,false,1,,2026-08-16
"Block Real Estate Services, LLC",69fdf7b562446148bd85c465,69fded1062446148bd848c67,Check Into Cash,69fdf1fc3b208288e0a86ed1,"tic827 - Westchester Square Shopping Centre {Westchester 87 Investors, LLC}",evidenceOfInsurance,Evidence of Insurance,workersCompensation,Workers' Compensation and Employer's Liability,evidenceOfInsuranceWorkersCompensationStatutoryLimits,Statutory Limits,,matchOnce,must be present,,Present,compliant,Block Requirements,,,false,1,,2026-08-16
"Block Real Estate Services, LLC",69fdf7b562446148bd85c465,69fded1062446148bd848c67,Check Into Cash,69fdf1fc3b208288e0a86ed1,"tic827 - Westchester Square Shopping Centre {Westchester 87 Investors, LLC}",evidenceOfInsurance,Evidence of Insurance,workersCompensation,Workers' Compensation and Employer's Liability,evidenceOfInsuranceWorkersCompensationEmployersLiabilityEachAccident,Employer's Liability Each Accident,,matchOnce,must be greater or equal to,500000,1000000,compliant,Block Requirements,,,false,1,,2026-08-16
"Block Real Estate Services, LLC",69fdf7b562446148bd85c465,69fded1062446148bd848c67,Check Into Cash,69fdf1fc3b208288e0a86ed1,"tic827 - Westchester Square Shopping Centre {Westchester 87 Investors, LLC}",evidenceOfInsurance,Evidence of Insurance,workersCompensation,Workers' Compensation and Employer's Liability,evidenceOfInsuranceWorkersCompensationEmployersLiabilityDiseaseEachEmployee,Employer's Liability Disease - each employee,,matchOnce,must be greater or equal to,500000,1000000,compliant,Block Requirements,,,false,1,,2026-08-16
"Block Real Estate Services, LLC",69fdf7b562446148bd85c465,69fded1062446148bd848c67,Check Into Cash,69fdf1fc3b208288e0a86ed1,"tic827 - Westchester Square Shopping Centre {Westchester 87 Investors, LLC}",evidenceOfInsurance,Evidence of Insurance,workersCompensation,Workers' Compensation and Employer's Liability,evidenceOfInsuranceWorkersCompensationEmployersLiabilityDiseasePolicyLimit,Employer's Liability Disease - policy limit,,matchOnce,must be greater or equal to,500000,1000000,compliant,Block Requirements,,,false,1,,2026-08-16
"Block Real Estate Services, LLC",69fdf7b562446148bd85c465,69fded1062446148bd848c67,Check Into Cash,69fdf1fc3b208288e0a86ed1,"tic827 - Westchester Square Shopping Centre {Westchester 87 Investors, LLC}",evidenceOfInsurance,Evidence of Insurance,workersCompensation,Workers' Compensation and Employer's Liability,evidenceOfInsuranceWorkersCompensationWaiverOfSubrogationEndorsement,Waiver of Subrogation,"---prompt---
Determine if the insurer has waived their right of subrogation in favor of the certificate holder under the Workers' Compensation policy. Evidence may include: a checked ""Waiver of Subrogation"" box on the certificate, mention in the Description of Operations section stating ""waiver of subrogation applies"", or reference to form WC 00 03 13. Look for language like ""subrogation is waived"" or ""per written contract"".",matchOnce,must be present,,,non_compliant,Block Requirements,,,false,0,,2026-08-16
"Block Real Estate Services, LLC",69fdf7b562446148bd85c465,69fded1062446148bd848c67,Check Into Cash,69fdf1fc3b208288e0a86ed1,"tic827 - Westchester Square Shopping Centre {Westchester 87 Investors, LLC}",evidenceOfInsurance,Evidence of Insurance,6ac20aae-5728-5d57-b364-aeba38527dba,Additional Requirements,4da5b0f1-4c9d-5885-8cf8-5d3cccaed3e0,"Block Real Estate Services, LLC and all others required by contract are named as Additional Insureds","---prompt---
Determine if the Description of Operations or the Additional Remarks Schedule section states the ""Additional Insured as Construction Management, Inc. and all others required by contract"" or reference to blanket additional insured coverage. Look for language like ""certificate holder is additional insured"" or ""per written contract"".",matchOnce,must be present,,,non_compliant,Block Requirements,,<p>Please update Named Insured to reference Check Into Cash for compliance</p>,true,0,,2026-08-16
"Block Real Estate Services, LLC",69fdf7b562446148bd85c465,69fded1062446148bd848c67,Check Into Cash,69fdf1fc3b208288e0a86ed1,"tic827 - Westchester Square Shopping Centre {Westchester 87 Investors, LLC}",evidenceOfInsurance,Evidence of Insurance,6ac20aae-5728-5d57-b364-aeba38527dba,Additional Requirements,e1017741-e47e-5f58-97b8-fbc3043e919f,Umbrella follows form over General Liability,"---prompt---
Determine if the Umbrella/Excess Liability policy follows form to the underlying policies. Evidence may include: language in the Description of Operations section stating the umbrella follows form to underlying coverages or an additional page endorsement stating that it follows form. Follow form means the umbrella policy adopts the same terms, conditions, and exclusions as the underlying policies.",matchOnce,must be present,,Present,compliant,Block Requirements,,,true,1,,2026-08-16
"Block Real Estate Services, LLC",69fdf7b562446148bd85c465,69fded1062446148bd848c67,Check Into Cash,69fdf1fc3b208288e0a86ed1,"tic827 - Westchester Square Shopping Centre {Westchester 87 Investors, LLC}",evidenceOfInsurance,Evidence of Insurance,6ac20aae-5728-5d57-b364-aeba38527dba,Additional Requirements,2cdd866f-c9a4-576a-afd8-1d045762790c,The location must be listed as: 13314 W. 87th Street Lenexa KS 66215,,matchOnce,must be present,,,non_compliant,Block Requirements,,,true,0,,2026-08-16
"Block Real Estate Services, LLC",69fdf7b562446148bd85c465,69fded1062446148bd848c67,Check Into Cash,69fdf1fc3b208288e0a86ed1,"tic827 - Westchester Square Shopping Centre {Westchester 87 Investors, LLC}",evidenceOfInsurance,Evidence of Insurance,6ac20aae-5728-5d57-b364-aeba38527dba,Additional Requirements,3649e9d1-4e09-59bf-8f30-cb33c40cf117,"Certificate Holder must read: c/o Block Real Estate Services, LLC, 4622 Pennsylvania St., Suite 700, Kansas City, MO, 64112",,matchOnce,must be present,,Present,compliant,Block Requirements,,,true,1,,2026-08-16
"Block Real Estate Services, LLC",69fdf7b562446148bd85c472,69fded2162446148bd849192,Sport Clips,69fdf1fc3b208288e0a86ed1,"tic827 - Westchester Square Shopping Centre {Westchester 87 Investors, LLC}",evidenceOfInsurance,Evidence of Insurance,commercialGeneralLiability,Commercial General Liability,evidenceOfInsuranceCommercialGeneralLiabilityCoverageTriggerOccurrence,Coverage Trigger: Occurrence,,matchOnce,must be present,,,non_compliant,Block Requirements,,,false,0,,2026-08-16
"Block Real Estate Services, LLC",69fdf7b562446148bd85c472,69fded2162446148bd849192,Sport Clips,69fdf1fc3b208288e0a86ed1,"tic827 - Westchester Square Shopping Centre {Westchester 87 Investors, LLC}",evidenceOfInsurance,Evidence of Insurance,commercialGeneralLiability,Commercial General Liability,evidenceOfInsuranceCommercialGeneralLiabilityGeneralAggregateLimitAppliesPerLocation,General Aggregate Limit Applies per: Location,,matchOnce,must be present,,,non_compliant,Block Requirements,,,false,0,,2026-08-16
"Block Real Estate Services, LLC",69fdf7b562446148bd85c472,69fded2162446148bd849192,Sport Clips,69fdf1fc3b208288e0a86ed1,"tic827 - Westchester Square Shopping Centre {Westchester 87 Investors, LLC}",evidenceOfInsurance,Evidence of Insurance,commercialGeneralLiability,Commercial General Liability,evidenceOfInsuranceCommercialGeneralLiabilityEachOccurrence,Each Occurrence,,matchOnce,must be greater or equal to,1000000,,non_compliant,Block Requirements,,,false,0,,2026-08-16
"Block Real Estate Services, LLC",69fdf7b562446148bd85c472,69fded2162446148bd849192,Sport Clips,69fdf1fc3b208288e0a86ed1,"tic827 - Westchester Square Shopping Centre {Westchester 87 Investors, LLC}",evidenceOfInsurance,Evidence of Insurance,commercialGeneralLiability,Commercial General Liability,evidenceOfInsuranceCommercialGeneralLiabilityGeneralAggregate,General Aggregate,,matchOnce,must be greater or equal to,2000000,,non_compliant,Block Requirements,,,false,0,,2026-08-16
"Block Real Estate Services, LLC",69fdf7b562446148bd85c472,69fded2162446148bd849192,Sport Clips,69fdf1fc3b208288e0a86ed1,"tic827 - Westchester Square Shopping Centre {Westchester 87 Investors, LLC}",evidenceOfInsurance,Evidence of Insurance,commercialGeneralLiability,Commercial General Liability,evidenceOfInsuranceCommercialGeneralLiabilityWaiverOfSubrogationEndorsement,Waiver of Subrogation,"---prompt---
Determine if the insurer has waived their right of subrogation in favor of the certificate holder under the Commercial General Liability policy. Evidence may include: a checked ""Waiver of Subrogation"" box on the certificate, mention in the Description of Operations section stating ""waiver of subrogation applies"", or reference to form CG 24 04. Look for language like ""subrogation is waived"" or ""per written contract"".",matchOnce,must be present,,,non_compliant,Block Requirements,,,false,0,,2026-08-16
"Block Real Estate Services, LLC",69fdf7b562446148bd85c472,69fded2162446148bd849192,Sport Clips,69fdf1fc3b208288e0a86ed1,"tic827 - Westchester Square Shopping Centre {Westchester 87 Investors, LLC}",evidenceOfInsurance,Evidence of Insurance,excessOrUmbrellaLiability,Umbrella/Excess Liability,evidenceOfInsuranceExcessOrUmbrellaLiabilityOccurence,Coverage Trigger: Occurrence,,matchOnce,must be present,,,non_compliant,Block Requirements,,,false,0,,2026-08-16
"Block Real Estate Services, LLC",69fdf7b562446148bd85c472,69fded2162446148bd849192,Sport Clips,69fdf1fc3b208288e0a86ed1,"tic827 - Westchester Square Shopping Centre {Westchester 87 Investors, LLC}",evidenceOfInsurance,Evidence of Insurance,excessOrUmbrellaLiability,Umbrella/Excess Liability,evidenceOfInsuranceExcessOrUmbrellaLiabilityEachOccurrence,Each Occurrence,,matchOnce,must be greater or equal to,1000000,,non_compliant,Block Requirements,,,false,0,,2026-08-16
"Block Real Estate Services, LLC",69fdf7b562446148bd85c472,69fded2162446148bd849192,Sport Clips,69fdf1fc3b208288e0a86ed1,"tic827 - Westchester Square Shopping Centre {Westchester 87 Investors, LLC}",evidenceOfInsurance,Evidence of Insurance,excessOrUmbrellaLiability,Umbrella/Excess Liability,evidenceOfInsuranceExcessOrUmbrellaLiabilityAggregate,Aggregate,,matchOnce,must be greater or equal to,1000000,,non_compliant,Block Requirements,,,false,0,,2026-08-16
"Block Real Estate Services, LLC",69fdf7b562446148bd85c472,69fded2162446148bd849192,Sport Clips,69fdf1fc3b208288e0a86ed1,"tic827 - Westchester Square Shopping Centre {Westchester 87 Investors, LLC}",evidenceOfInsurance,Evidence of Insurance,workersCompensation,Workers' Compensation and Employer's Liability,evidenceOfInsuranceWorkersCompensationStatutoryLimits,Statutory Limits,,matchOnce,must be present,,,non_compliant,Block Requirements,,,false,0,,2026-08-16
"Block Real Estate Services, LLC",69fdf7b562446148bd85c472,69fded2162446148bd849192,Sport Clips,69fdf1fc3b208288e0a86ed1,"tic827 - Westchester Square Shopping Centre {Westchester 87 Investors, LLC}",evidenceOfInsurance,Evidence of Insurance,workersCompensation,Workers' Compensation and Employer's Liability,evidenceOfInsuranceWorkersCompensationEmployersLiabilityEachAccident,Employer's Liability Each Accident,,matchOnce,must be greater or equal to,500000,,non_compliant,Block Requirements,,,false,0,,2026-08-16
"Block Real Estate Services, LLC",69fdf7b562446148bd85c472,69fded2162446148bd849192,Sport Clips,69fdf1fc3b208288e0a86ed1,"tic827 - Westchester Square Shopping Centre {Westchester 87 Investors, LLC}",evidenceOfInsurance,Evidence of Insurance,workersCompensation,Workers' Compensation and Employer's Liability,evidenceOfInsuranceWorkersCompensationEmployersLiabilityDiseaseEachEmployee,Employer's Liability Disease - each employee,,matchOnce,must be greater or equal to,500000,,non_compliant,Block Requirements,,,false,0,,2026-08-16
"Block Real Estate Services, LLC",69fdf7b562446148bd85c472,69fded2162446148bd849192,Sport Clips,69fdf1fc3b208288e0a86ed1,"tic827 - Westchester Square Shopping Centre {Westchester 87 Investors, LLC}",evidenceOfInsurance,Evidence of Insurance,workersCompensation,Workers' Compensation and Employer's Liability,evidenceOfInsuranceWorkersCompensationEmployersLiabilityDiseasePolicyLimit,Employer's Liability Disease - policy limit,,matchOnce,must be greater or equal to,500000,,non_compliant,Block Requirements,,,false,0,,2026-08-16
"Block Real Estate Services, LLC",69fdf7b562446148bd85c472,69fded2162446148bd849192,Sport Clips,69fdf1fc3b208288e0a86ed1,"tic827 - Westchester Square Shopping Centre {Westchester 87 Investors, LLC}",evidenceOfInsurance,Evidence of Insurance,workersCompensation,Workers' Compensation and Employer's Liability,evidenceOfInsuranceWorkersCompensationWaiverOfSubrogationEndorsement,Waiver of Subrogation,"---prompt---
Determine if the insurer has waived their right of subrogation in favor of the certificate holder under the Workers' Compensation policy. Evidence may include: a checked ""Waiver of Subrogation"" box on the certificate, mention in the Description of Operations section stating ""waiver of subrogation applies"", or reference to form WC 00 03 13. Look for language like ""subrogation is waived"" or ""per written contract"".",matchOnce,must be present,,,non_compliant,Block Requirements,,,false,0,,2026-08-16
"Block Real Estate Services, LLC",69fdf7b562446148bd85c472,69fded2162446148bd849192,Sport Clips,69fdf1fc3b208288e0a86ed1,"tic827 - Westchester Square Shopping Centre {Westchester 87 Investors, LLC}",evidenceOfInsurance,Evidence of Insurance,6ac20aae-5728-5d57-b364-aeba38527dba,Additional Requirements,4da5b0f1-4c9d-5885-8cf8-5d3cccaed3e0,"Block Real Estate Services, LLC and all others required by contract are named as Additional Insureds","---prompt---
Determine if the Description of Operations or the Additional Remarks Schedule section states the ""Additional Insured as Construction Management, Inc. and all others required by contract"" or reference to blanket additional insured coverage. Look for language like ""certificate holder is additional insured"" or ""per written contract"".",matchOnce,must be present,,,non_compliant,Block Requirements,,,true,0,,2026-08-16
"Block Real Estate Services, LLC",69fdf7b562446148bd85c472,69fded2162446148bd849192,Sport Clips,69fdf1fc3b208288e0a86ed1,"tic827 - Westchester Square Shopping Centre {Westchester 87 Investors, LLC}",evidenceOfInsurance,Evidence of Insurance,6ac20aae-5728-5d57-b364-aeba38527dba,Additional Requirements,e1017741-e47e-5f58-97b8-fbc3043e919f,Umbrella follows form over General Liability,"---prompt---
Determine if the Umbrella/Excess Liability policy follows form to the underlying policies. Evidence may include: language in the Description of Operations section stating the umbrella follows form to underlying coverages or an additional page endorsement stating that it follows form. Follow form means the umbrella policy adopts the same terms, conditions, and exclusions as the underlying policies.",matchOnce,must be present,,,non_compliant,Block Requirements,,,true,0,,2026-08-16
"Block Real Estate Services, LLC",69fdf7b562446148bd85c472,69fded2162446148bd849192,Sport Clips,69fdf1fc3b208288e0a86ed1,"tic827 - Westchester Square Shopping Centre {Westchester 87 Investors, LLC}",evidenceOfInsurance,Evidence of Insurance,6ac20aae-5728-5d57-b364-aeba38527dba,Additional Requirements,2cdd866f-c9a4-576a-afd8-1d045762790c,The location must be listed as: 13220 W. 87th Street Lenexa KS 66215,,matchOnce,must be present,,,non_compliant,Block Requirements,,,true,0,,2026-08-16
"Block Real Estate Services, LLC",69fdf7b562446148bd85c472,69fded2162446148bd849192,Sport Clips,69fdf1fc3b208288e0a86ed1,"tic827 - Westchester Square Shopping Centre {Westchester 87 Investors, LLC}",evidenceOfInsurance,Evidence of Insurance,6ac20aae-5728-5d57-b364-aeba38527dba,Additional Requirements,3649e9d1-4e09-59bf-8f30-cb33c40cf117,"Certificate Holder must read: c/o Block Real Estate Services, LLC, 4622 Pennsylvania St., Suite 700, Kansas City, MO, 64112",,matchOnce,must be present,,,non_compliant,Block Requirements,,,true,0,,2026-08-16
"Block Real Estate Services, LLC",69fdf7b562446148bd85c469,69fded1462446148bd848d99,FedEx/Kinko's,69fdf1fc3b208288e0a86ed1,"tic827 - Westchester Square Shopping Centre {Westchester 87 Investors, LLC}",evidenceOfInsurance,Evidence of Insurance,commercialGeneralLiability,Commercial General Liability,evidenceOfInsuranceCommercialGeneralLiabilityCoverageTriggerOccurrence,Coverage Trigger: Occurrence,,matchOnce,must be present,,Present,compliant,Block Requirements,,,false,1,,2026-08-16
"Block Real Estate Services, LLC",69fdf7b562446148bd85c469,69fded1462446148bd848d99,FedEx/Kinko's,69fdf1fc3b208288e0a86ed1,"tic827 - Westchester Square Shopping Centre {Westchester 87 Investors, LLC}",evidenceOfInsurance,Evidence of Insurance,commercialGeneralLiability,Commercial General Liability,evidenceOfInsuranceCommercialGeneralLiabilityGeneralAggregateLimitAppliesPerLocation,General Aggregate Limit Applies per: Location,,matchOnce,must be present,,,waived,Block Requirements,Per location not a requirement in the lease,,false,0,,2026-08-16
"Block Real Estate Services, LLC",69fdf7b562446148bd85c469,69fded1462446148bd848d99,FedEx/Kinko's,69fdf1fc3b208288e0a86ed1,"tic827 - Westchester Square Shopping Centre {Westchester 87 Investors, LLC}",evidenceOfInsurance,Evidence of Insurance,commercialGeneralLiability,Commercial General Liability,evidenceOfInsuranceCommercialGeneralLiabilityEachOccurrence,Each Occurrence,,matchOnce,must be greater or equal to,1000000,10000000,compliant,Block Requirements,,,false,1,,2026-08-16
"Block Real Estate Services, LLC",69fdf7b562446148bd85c469,69fded1462446148bd848d99,FedEx/Kinko's,69fdf1fc3b208288e0a86ed1,"tic827 - Westchester Square Shopping Centre {Westchester 87 Investors, LLC}",evidenceOfInsurance,Evidence of Insurance,commercialGeneralLiability,Commercial General Liability,evidenceOfInsuranceCommercialGeneralLiabilityGeneralAggregate,General Aggregate,,matchOnce,must be greater or equal to,2000000,10000000,compliant,Block Requirements,,,false,1,,2026-08-16
"Block Real Estate Services, LLC",69fdf7b562446148bd85c469,69fded1462446148bd848d99,FedEx/Kinko's,69fdf1fc3b208288e0a86ed1,"tic827 - Westchester Square Shopping Centre {Westchester 87 Investors, LLC}",evidenceOfInsurance,Evidence of Insurance,commercialGeneralLiability,Commercial General Liability,evidenceOfInsuranceCommercialGeneralLiabilityWaiverOfSubrogationEndorsement,Waiver of Subrogation,"---prompt---
Determine if the insurer has waived their right of subrogation in favor of the certificate holder under the Commercial General Liability policy. Evidence may include: a checked ""Waiver of Subrogation"" box on the certificate, mention in the Description of Operations section stating ""waiver of subrogation applies"", or reference to form CG 24 04. Look for language like ""subrogation is waived"" or ""per written contract"".",matchOnce,must be present,,Present,compliant,Block Requirements,,,false,1,,2026-08-16
"Block Real Estate Services, LLC",69fdf7b562446148bd85c469,69fded1462446148bd848d99,FedEx/Kinko's,69fdf1fc3b208288e0a86ed1,"tic827 - Westchester Square Shopping Centre {Westchester 87 Investors, LLC}",evidenceOfInsurance,Evidence of Insurance,excessOrUmbrellaLiability,Umbrella/Excess Liability,evidenceOfInsuranceExcessOrUmbrellaLiabilityOccurence,Coverage Trigger: Occurrence,,matchOnce,must be present,,,waived,Block Requirements,,,false,0,,2026-08-16
"Block Real Estate Services, LLC",69fdf7b562446148bd85c469,69fded1462446148bd848d99,FedEx/Kinko's,69fdf1fc3b208288e0a86ed1,"tic827 - Westchester Square Shopping Centre {Westchester 87 Investors, LLC}",evidenceOfInsurance,Evidence of Insurance,excessOrUmbrellaLiability,Umbrella/Excess Liability,evidenceOfInsuranceExcessOrUmbrellaLiabilityEachOccurrence,Each Occurrence,,matchOnce,must be greater or equal to,1000000,,waived,Block Requirements,,,false,0,,2026-08-16
"Block Real Estate Services, LLC",69fdf7b562446148bd85c469,69fded1462446148bd848d99,FedEx/Kinko's,69fdf1fc3b208288e0a86ed1,"tic827 - Westchester Square Shopping Centre {Westchester 87 Investors, LLC}",evidenceOfInsurance,Evidence of Insurance,excessOrUmbrellaLiability,Umbrella/Excess Liability,evidenceOfInsuranceExcessOrUmbrellaLiabilityAggregate,Aggregate,,matchOnce,must be greater or equal to,1000000,,waived,Block Requirements,,,false,0,,2026-08-16
"Block Real Estate Services, LLC",69fdf7b562446148bd85c469,69fded1462446148bd848d99,FedEx/Kinko's,69fdf1fc3b208288e0a86ed1,"tic827 - Westchester Square Shopping Centre {Westchester 87 Investors, LLC}",evidenceOfInsurance,Evidence of Insurance,workersCompensation,Workers' Compensation and Employer's Liability,evidenceOfInsuranceWorkersCompensationStatutoryLimits,Statutory Limits,,matchOnce,must be present,,Present,waived,Block Requirements,,,false,1,,2026-08-16
"Block Real Estate Services, LLC",69fdf7b562446148bd85c469,69fded1462446148bd848d99,FedEx/Kinko's,69fdf1fc3b208288e0a86ed1,"tic827 - Westchester Square Shopping Centre {Westchester 87 Investors, LLC}",evidenceOfInsurance,Evidence of Insurance,workersCompensation,Workers' Compensation and Employer's Liability,evidenceOfInsuranceWorkersCompensationEmployersLiabilityEachAccident,Employer's Liability Each Accident,,matchOnce,must be greater or equal to,500000,5000000,waived,Block Requirements,,,false,1,,2026-08-16
"Block Real Estate Services, LLC",69fdf7b562446148bd85c469,69fded1462446148bd848d99,FedEx/Kinko's,69fdf1fc3b208288e0a86ed1,"tic827 - Westchester Square Shopping Centre {Westchester 87 Investors, LLC}",evidenceOfInsurance,Evidence of Insurance,workersCompensation,Workers' Compensation and Employer's Liability,evidenceOfInsuranceWorkersCompensationEmployersLiabilityDiseaseEachEmployee,Employer's Liability Disease - each employee,,matchOnce,must be greater or equal to,500000,5000000,waived,Block Requirements,,,false,1,,2026-08-16
"Block Real Estate Services, LLC",69fdf7b562446148bd85c469,69fded1462446148bd848d99,FedEx/Kinko's,69fdf1fc3b208288e0a86ed1,"tic827 - Westchester Square Shopping Centre {Westchester 87 Investors, LLC}",evidenceOfInsurance,Evidence of Insurance,workersCompensation,Workers' Compensation and Employer's Liability,evidenceOfInsuranceWorkersCompensationEmployersLiabilityDiseasePolicyLimit,Employer's Liability Disease - policy limit,,matchOnce,must be greater or equal to,500000,5000000,waived,Block Requirements,,,false,1,,2026-08-16
"Block Real Estate Services, LLC",69fdf7b562446148bd85c469,69fded1462446148bd848d99,FedEx/Kinko's,69fdf1fc3b208288e0a86ed1,"tic827 - Westchester Square Shopping Centre {Westchester 87 Investors, LLC}",evidenceOfInsurance,Evidence of Insurance,workersCompensation,Workers' Compensation and Employer's Liability,evidenceOfInsuranceWorkersCompensationWaiverOfSubrogationEndorsement,Waiver of Subrogation,"---prompt---
Determine if the insurer has waived their right of subrogation in favor of the certificate holder under the Workers' Compensation policy. Evidence may include: a checked ""Waiver of Subrogation"" box on the certificate, mention in the Description of Operations section stating ""waiver of subrogation applies"", or reference to form WC 00 03 13. Look for language like ""subrogation is waived"" or ""per written contract"".",matchOnce,must be present,,,waived,Block Requirements,,,false,0,,2026-08-16
"Block Real Estate Services, LLC",69fdf7b562446148bd85c469,69fded1462446148bd848d99,FedEx/Kinko's,69fdf1fc3b208288e0a86ed1,"tic827 - Westchester Square Shopping Centre {Westchester 87 Investors, LLC}",evidenceOfInsurance,Evidence of Insurance,6ac20aae-5728-5d57-b364-aeba38527dba,Additional Requirements,4da5b0f1-4c9d-5885-8cf8-5d3cccaed3e0,"Block Real Estate Services, LLC and all others required by contract are named as Additional Insureds","---prompt---
Determine if the Description of Operations or the Additional Remarks Schedule section states the ""Additional Insured as Construction Management, Inc. and all others required by contract"" or reference to blanket additional insured coverage. Look for language like ""certificate holder is additional insured"" or ""per written contract"".",matchOnce,must be present,,,overridden,Block Requirements,BRE Retail Residual Owner 6 LLC is an acceptable AI per lease,,true,0,2026-10-01,2026-08-16
"Block Real Estate Services, LLC",69fdf7b562446148bd85c469,69fded1462446148bd848d99,FedEx/Kinko's,69fdf1fc3b208288e0a86ed1,"tic827 - Westchester Square Shopping Centre {Westchester 87 Investors, LLC}",evidenceOfInsurance,Evidence of Insurance,6ac20aae-5728-5d57-b364-aeba38527dba,Additional Requirements,e1017741-e47e-5f58-97b8-fbc3043e919f,Umbrella follows form over General Liability,"---prompt---
Determine if the Umbrella/Excess Liability policy follows form to the underlying policies. Evidence may include: language in the Description of Operations section stating the umbrella follows form to underlying coverages or an additional page endorsement stating that it follows form. Follow form means the umbrella policy adopts the same terms, conditions, and exclusions as the underlying policies.",matchOnce,must be present,,,waived,Block Requirements,Umbrella requirement waived,,true,0,,2026-08-16
"Block Real Estate Services, LLC",69fdf7b562446148bd85c469,69fded1462446148bd848d99,FedEx/Kinko's,69fdf1fc3b208288e0a86ed1,"tic827 - Westchester Square Shopping Centre {Westchester 87 Investors, LLC}",evidenceOfInsurance,Evidence of Insurance,6ac20aae-5728-5d57-b364-aeba38527dba,Additional Requirements,2cdd866f-c9a4-576a-afd8-1d045762790c,The location must be listed as: 13450 W 87th Street Lenexa KS 66215,,matchOnce,must be present,,Present,compliant,Block Requirements,,,true,1,,2026-08-16
"Block Real Estate Services, LLC",69fdf7b562446148bd85c469,69fded1462446148bd848d99,FedEx/Kinko's,69fdf1fc3b208288e0a86ed1,"tic827 - Westchester Square Shopping Centre {Westchester 87 Investors, LLC}",evidenceOfInsurance,Evidence of Insurance,6ac20aae-5728-5d57-b364-aeba38527dba,Additional Requirements,3649e9d1-4e09-59bf-8f30-cb33c40cf117,"Certificate Holder must read: c/o Block Real Estate Services, LLC, 4622 Pennsylvania St., Suite 700, Kansas City, MO, 64112",,matchOnce,must be present,,,overridden,Block Requirements,"BRE Retail Residual Owner 6 LLC, 8 Wood Hollow Road, Suite 301 Parsippany, NJ 07054 is an acceptable Cert Holder per lease",,true,0,2026-10-01,2026-08-16
"Block Real Estate Services, LLC",69fdf7b562446148bd85c46a,69fded1662446148bd848e32,H & R Block Enterprises LLC,69fdf1fc3b208288e0a86ed1,"tic827 - Westchester Square Shopping Centre {Westchester 87 Investors, LLC}",evidenceOfInsurance,Evidence of Insurance,commercialGeneralLiability,Commercial General Liability,evidenceOfInsuranceCommercialGeneralLiabilityCoverageTriggerOccurrence,Coverage Trigger: Occurrence,,matchOnce,must be present,,Present,compliant,Block Requirements,,,false,1,,2026-08-16
"Block Real Estate Services, LLC",69fdf7b562446148bd85c46a,69fded1662446148bd848e32,H & R Block Enterprises LLC,69fdf1fc3b208288e0a86ed1,"tic827 - Westchester Square Shopping Centre {Westchester 87 Investors, LLC}",evidenceOfInsurance,Evidence of Insurance,commercialGeneralLiability,Commercial General Liability,evidenceOfInsuranceCommercialGeneralLiabilityGeneralAggregateLimitAppliesPerLocation,General Aggregate Limit Applies per: Location,,matchOnce,must be present,,,non_compliant,Block Requirements,,,false,0,,2026-08-16
"Block Real Estate Services, LLC",69fdf7b562446148bd85c46a,69fded1662446148bd848e32,H & R Block Enterprises LLC,69fdf1fc3b208288e0a86ed1,"tic827 - Westchester Square Shopping Centre {Westchester 87 Investors, LLC}",evidenceOfInsurance,Evidence of Insurance,commercialGeneralLiability,Commercial General Liability,evidenceOfInsuranceCommercialGeneralLiabilityEachOccurrence,Each Occurrence,,matchOnce,must be greater or equal to,1000000,2000000,compliant,Block Requirements,,,false,1,,2026-08-16
"Block Real Estate Services, LLC",69fdf7b562446148bd85c46a,69fded1662446148bd848e32,H & R Block Enterprises LLC,69fdf1fc3b208288e0a86ed1,"tic827 - Westchester Square Shopping Centre {Westchester 87 Investors, LLC}",evidenceOfInsurance,Evidence of Insurance,commercialGeneralLiability,Commercial General Liability,evidenceOfInsuranceCommercialGeneralLiabilityGeneralAggregate,General Aggregate,,matchOnce,must be greater or equal to,2000000,10000000,compliant,Block Requirements,,,false,1,,2026-08-16
"Block Real Estate Services, LLC",69fdf7b562446148bd85c46a,69fded1662446148bd848e32,H & R Block Enterprises LLC,69fdf1fc3b208288e0a86ed1,"tic827 - Westchester Square Shopping Centre {Westchester 87 Investors, LLC}",evidenceOfInsurance,Evidence of Insurance,commercialGeneralLiability,Commercial General Liability,evidenceOfInsuranceCommercialGeneralLiabilityWaiverOfSubrogationEndorsement,Waiver of Subrogation,"---prompt---
Determine if the insurer has waived their right of subrogation in favor of the certificate holder under the Commercial General Liability policy. Evidence may include: a checked ""Waiver of Subrogation"" box on the certificate, mention in the Description of Operations section stating ""waiver of subrogation applies"", or reference to form CG 24 04. Look for language like ""subrogation is waived"" or ""per written contract"".",matchOnce,must be present,,Present,compliant,Block Requirements,,,false,1,,2026-08-16
"Block Real Estate Services, LLC",69fdf7b562446148bd85c46a,69fded1662446148bd848e32,H & R Block Enterprises LLC,69fdf1fc3b208288e0a86ed1,"tic827 - Westchester Square Shopping Centre {Westchester 87 Investors, LLC}",evidenceOfInsurance,Evidence of Insurance,excessOrUmbrellaLiability,Umbrella/Excess Liability,evidenceOfInsuranceExcessOrUmbrellaLiabilityOccurence,Coverage Trigger: Occurrence,,matchOnce,must be present,,Present,compliant,Block Requirements,,,false,1,,2026-08-16
"Block Real Estate Services, LLC",69fdf7b562446148bd85c46a,69fded1662446148bd848e32,H & R Block Enterprises LLC,69fdf1fc3b208288e0a86ed1,"tic827 - Westchester Square Shopping Centre {Westchester 87 Investors, LLC}",evidenceOfInsurance,Evidence of Insurance,excessOrUmbrellaLiability,Umbrella/Excess Liability,evidenceOfInsuranceExcessOrUmbrellaLiabilityEachOccurrence,Each Occurrence,,matchOnce,must be greater or equal to,1000000,1000000,compliant,Block Requirements,,,false,1,,2026-08-16
"Block Real Estate Services, LLC",69fdf7b562446148bd85c46a,69fded1662446148bd848e32,H & R Block Enterprises LLC,69fdf1fc3b208288e0a86ed1,"tic827 - Westchester Square Shopping Centre {Westchester 87 Investors, LLC}",evidenceOfInsurance,Evidence of Insurance,excessOrUmbrellaLiability,Umbrella/Excess Liability,evidenceOfInsuranceExcessOrUmbrellaLiabilityAggregate,Aggregate,,matchOnce,must be greater or equal to,1000000,1000000,compliant,Block Requirements,,,false,1,,2026-08-16
"Block Real Estate Services, LLC",69fdf7b562446148bd85c46a,69fded1662446148bd848e32,H & R Block Enterprises LLC,69fdf1fc3b208288e0a86ed1,"tic827 - Westchester Square Shopping Centre {Westchester 87 Investors, LLC}",evidenceOfInsurance,Evidence of Insurance,workersCompensation,Workers' Compensation and Employer's Liability,evidenceOfInsuranceWorkersCompensationStatutoryLimits,Statutory Limits,,matchOnce,must be present,,Present,compliant,Block Requirements,,,false,1,,2026-08-16
"Block Real Estate Services, LLC",69fdf7b562446148bd85c46a,69fded1662446148bd848e32,H & R Block Enterprises LLC,69fdf1fc3b208288e0a86ed1,"tic827 - Westchester Square Shopping Centre {Westchester 87 Investors, LLC}",evidenceOfInsurance,Evidence of Insurance,workersCompensation,Workers' Compensation and Employer's Liability,evidenceOfInsuranceWorkersCompensationEmployersLiabilityEachAccident,Employer's Liability Each Accident,,matchOnce,must be greater or equal to,500000,1000000,compliant,Block Requirements,,,false,1,,2026-08-16
"Block Real Estate Services, LLC",69fdf7b562446148bd85c46a,69fded1662446148bd848e32,H & R Block Enterprises LLC,69fdf1fc3b208288e0a86ed1,"tic827 - Westchester Square Shopping Centre {Westchester 87 Investors, LLC}",evidenceOfInsurance,Evidence of Insurance,workersCompensation,Workers' Compensation and Employer's Liability,evidenceOfInsuranceWorkersCompensationEmployersLiabilityDiseaseEachEmployee,Employer's Liability Disease - each employee,,matchOnce,must be greater or equal to,500000,1000000,compliant,Block Requirements,,,false,1,,2026-08-16
"Block Real Estate Services, LLC",69fdf7b562446148bd85c46a,69fded1662446148bd848e32,H & R Block Enterprises LLC,69fdf1fc3b208288e0a86ed1,"tic827 - Westchester Square Shopping Centre {Westchester 87 Investors, LLC}",evidenceOfInsurance,Evidence of Insurance,workersCompensation,Workers' Compensation and Employer's Liability,evidenceOfInsuranceWorkersCompensationEmployersLiabilityDiseasePolicyLimit,Employer's Liability Disease - policy limit,,matchOnce,must be greater or equal to,500000,1000000,compliant,Block Requirements,,,false,1,,2026-08-16
"Block Real Estate Services, LLC",69fdf7b562446148bd85c46a,69fded1662446148bd848e32,H & R Block Enterprises LLC,69fdf1fc3b208288e0a86ed1,"tic827 - Westchester Square Shopping Centre {Westchester 87 Investors, LLC}",evidenceOfInsurance,Evidence of Insurance,workersCompensation,Workers' Compensation and Employer's Liability,evidenceOfInsuranceWorkersCompensationWaiverOfSubrogationEndorsement,Waiver of Subrogation,"---prompt---
Determine if the insurer has waived their right of subrogation in favor of the certificate holder under the Workers' Compensation policy. Evidence may include: a checked ""Waiver of Subrogation"" box on the certificate, mention in the Description of Operations section stating ""waiver of subrogation applies"", or reference to form WC 00 03 13. Look for language like ""subrogation is waived"" or ""per written contract"".",matchOnce,must be present,,Present,compliant,Block Requirements,,,false,1,,2026-08-16
"Block Real Estate Services, LLC",69fdf7b562446148bd85c46a,69fded1662446148bd848e32,H & R Block Enterprises LLC,69fdf1fc3b208288e0a86ed1,"tic827 - Westchester Square Shopping Centre {Westchester 87 Investors, LLC}",evidenceOfInsurance,Evidence of Insurance,6ac20aae-5728-5d57-b364-aeba38527dba,Additional Requirements,4da5b0f1-4c9d-5885-8cf8-5d3cccaed3e0,"Block Real Estate Services, LLC and all others required by contract are named as Additional Insureds","---prompt---
Determine if the Description of Operations or the Additional Remarks Schedule section states the ""Additional Insured as Construction Management, Inc. and all others required by contract"" or reference to blanket additional insured coverage. Look for language like ""certificate holder is additional insured"" or ""per written contract"".",matchOnce,must be present,,Present,compliant,Block Requirements,,,true,1,,2026-08-16
"Block Real Estate Services, LLC",69fdf7b562446148bd85c46a,69fded1662446148bd848e32,H & R Block Enterprises LLC,69fdf1fc3b208288e0a86ed1,"tic827 - Westchester Square Shopping Centre {Westchester 87 Investors, LLC}",evidenceOfInsurance,Evidence of Insurance,6ac20aae-5728-5d57-b364-aeba38527dba,Additional Requirements,e1017741-e47e-5f58-97b8-fbc3043e919f,Umbrella follows form over General Liability,"---prompt---
Determine if the Umbrella/Excess Liability policy follows form to the underlying policies. Evidence may include: language in the Description of Operations section stating the umbrella follows form to underlying coverages or an additional page endorsement stating that it follows form. Follow form means the umbrella policy adopts the same terms, conditions, and exclusions as the underlying policies.",matchOnce,must be present,,,non_compliant,Block Requirements,,,true,0,,2026-08-16
"Block Real Estate Services, LLC",69fdf7b562446148bd85c46a,69fded1662446148bd848e32,H & R Block Enterprises LLC,69fdf1fc3b208288e0a86ed1,"tic827 - Westchester Square Shopping Centre {Westchester 87 Investors, LLC}",evidenceOfInsurance,Evidence of Insurance,6ac20aae-5728-5d57-b364-aeba38527dba,Additional Requirements,2cdd866f-c9a4-576a-afd8-1d045762790c,The location must be listed as: 13250 W. 87th Street Lenexa KS 66215,,matchOnce,must be present,,,non_compliant,Block Requirements,,,true,0,,2026-08-16
"Block Real Estate Services, LLC",69fdf7b562446148bd85c46a,69fded1662446148bd848e32,H & R Block Enterprises LLC,69fdf1fc3b208288e0a86ed1,"tic827 - Westchester Square Shopping Centre {Westchester 87 Investors, LLC}",evidenceOfInsurance,Evidence of Insurance,6ac20aae-5728-5d57-b364-aeba38527dba,Additional Requirements,3649e9d1-4e09-59bf-8f30-cb33c40cf117,"Certificate Holder must read: c/o Block Real Estate Services, LLC, 4622 Pennsylvania St., Suite 700, Kansas City, MO, 64112",,matchOnce,must be present,,Present,compliant,Block Requirements,,,true,1,,2026-08-16
"Block Real Estate Services, LLC",69fdf7b562446148bd85c474,69fded2162446148bd8491ad,Starbucks #2436,69fdf1fc3b208288e0a86ed1,"tic827 - Westchester Square Shopping Centre {Westchester 87 Investors, LLC}",evidenceOfInsurance,Evidence of Insurance,commercialGeneralLiability,Commercial General Liability,evidenceOfInsuranceCommercialGeneralLiabilityCoverageTriggerOccurrence,Coverage Trigger: Occurrence,,matchOnce,must be present,,Present,compliant,Block Requirements,,,false,1,,2026-08-16
"Block Real Estate Services, LLC",69fdf7b562446148bd85c474,69fded2162446148bd8491ad,Starbucks #2436,69fdf1fc3b208288e0a86ed1,"tic827 - Westchester Square Shopping Centre {Westchester 87 Investors, LLC}",evidenceOfInsurance,Evidence of Insurance,commercialGeneralLiability,Commercial General Liability,evidenceOfInsuranceCommercialGeneralLiabilityGeneralAggregateLimitAppliesPerLocation,General Aggregate Limit Applies per: Location,,matchOnce,must be present,,,waived,Block Requirements,Per location not a requirement in the lease,,false,0,,2026-08-16
"Block Real Estate Services, LLC",69fdf7b562446148bd85c474,69fded2162446148bd8491ad,Starbucks #2436,69fdf1fc3b208288e0a86ed1,"tic827 - Westchester Square Shopping Centre {Westchester 87 Investors, LLC}",evidenceOfInsurance,Evidence of Insurance,commercialGeneralLiability,Commercial General Liability,evidenceOfInsuranceCommercialGeneralLiabilityEachOccurrence,Each Occurrence,,matchOnce,must be greater or equal to,1000000,1000000,compliant,Block Requirements,,,false,1,,2026-08-16
"Block Real Estate Services, LLC",69fdf7b562446148bd85c474,69fded2162446148bd8491ad,Starbucks #2436,69fdf1fc3b208288e0a86ed1,"tic827 - Westchester Square Shopping Centre {Westchester 87 Investors, LLC}",evidenceOfInsurance,Evidence of Insurance,commercialGeneralLiability,Commercial General Liability,evidenceOfInsuranceCommercialGeneralLiabilityGeneralAggregate,General Aggregate,,matchOnce,must be greater or equal to,2000000,5000000,compliant,Block Requirements,,,false,1,,2026-08-16
"Block Real Estate Services, LLC",69fdf7b562446148bd85c474,69fded2162446148bd8491ad,Starbucks #2436,69fdf1fc3b208288e0a86ed1,"tic827 - Westchester Square Shopping Centre {Westchester 87 Investors, LLC}",evidenceOfInsurance,Evidence of Insurance,commercialGeneralLiability,Commercial General Liability,evidenceOfInsuranceCommercialGeneralLiabilityWaiverOfSubrogationEndorsement,Waiver of Subrogation,"---prompt---
Determine if the insurer has waived their right of subrogation in favor of the certificate holder under the Commercial General Liability policy. Evidence may include: a checked ""Waiver of Subrogation"" box on the certificate, mention in the Description of Operations section stating ""waiver of subrogation applies"", or reference to form CG 24 04. Look for language like ""subrogation is waived"" or ""per written contract"".",matchOnce,must be present,,Present,compliant,Block Requirements,,,false,1,,2026-08-16
"Block Real Estate Services, LLC",69fdf7b562446148bd85c474,69fded2162446148bd8491ad,Starbucks #2436,69fdf1fc3b208288e0a86ed1,"tic827 - Westchester Square Shopping Centre {Westchester 87 Investors, LLC}",evidenceOfInsurance,Evidence of Insurance,excessOrUmbrellaLiability,Umbrella/Excess Liability,evidenceOfInsuranceExcessOrUmbrellaLiabilityOccurence,Coverage Trigger: Occurrence,,matchOnce,must be present,,,waived,Block Requirements,,,false,0,,2026-08-16
"Block Real Estate Services, LLC",69fdf7b562446148bd85c474,69fded2162446148bd8491ad,Starbucks #2436,69fdf1fc3b208288e0a86ed1,"tic827 - Westchester Square Shopping Centre {Westchester 87 Investors, LLC}",evidenceOfInsurance,Evidence of Insurance,excessOrUmbrellaLiability,Umbrella/Excess Liability,evidenceOfInsuranceExcessOrUmbrellaLiabilityEachOccurrence,Each Occurrence,,matchOnce,must be greater or equal to,1000000,,waived,Block Requirements,,,false,0,,2026-08-16
"Block Real Estate Services, LLC",69fdf7b562446148bd85c474,69fded2162446148bd8491ad,Starbucks #2436,69fdf1fc3b208288e0a86ed1,"tic827 - Westchester Square Shopping Centre {Westchester 87 Investors, LLC}",evidenceOfInsurance,Evidence of Insurance,excessOrUmbrellaLiability,Umbrella/Excess Liability,evidenceOfInsuranceExcessOrUmbrellaLiabilityAggregate,Aggregate,,matchOnce,must be greater or equal to,1000000,,waived,Block Requirements,,,false,0,,2026-08-16
"Block Real Estate Services, LLC",69fdf7b562446148bd85c474,69fded2162446148bd8491ad,Starbucks #2436,69fdf1fc3b208288e0a86ed1,"tic827 - Westchester Square Shopping Centre {Westchester 87 Investors, LLC}",evidenceOfInsurance,Evidence of Insurance,workersCompensation,Workers' Compensation and Employer's Liability,evidenceOfInsuranceWorkersCompensationStatutoryLimits,Statutory Limits,,matchOnce,must be present,,,waived,Block Requirements,,,false,0,,2026-08-16
"Block Real Estate Services, LLC",69fdf7b562446148bd85c474,69fded2162446148bd8491ad,Starbucks #2436,69fdf1fc3b208288e0a86ed1,"tic827 - Westchester Square Shopping Centre {Westchester 87 Investors, LLC}",evidenceOfInsurance,Evidence of Insurance,workersCompensation,Workers' Compensation and Employer's Liability,evidenceOfInsuranceWorkersCompensationEmployersLiabilityEachAccident,Employer's Liability Each Accident,,matchOnce,must be greater or equal to,500000,,waived,Block Requirements,,,false,0,,2026-08-16
"Block Real Estate Services, LLC",69fdf7b562446148bd85c474,69fded2162446148bd8491ad,Starbucks #2436,69fdf1fc3b208288e0a86ed1,"tic827 - Westchester Square Shopping Centre {Westchester 87 Investors, LLC}",evidenceOfInsurance,Evidence of Insurance,workersCompensation,Workers' Compensation and Employer's Liability,evidenceOfInsuranceWorkersCompensationEmployersLiabilityDiseaseEachEmployee,Employer's Liability Disease - each employee,,matchOnce,must be greater or equal to,500000,,waived,Block Requirements,,,false,0,,2026-08-16
"Block Real Estate Services, LLC",69fdf7b562446148bd85c474,69fded2162446148bd8491ad,Starbucks #2436,69fdf1fc3b208288e0a86ed1,"tic827 - Westchester Square Shopping Centre {Westchester 87 Investors, LLC}",evidenceOfInsurance,Evidence of Insurance,workersCompensation,Workers' Compensation and Employer's Liability,evidenceOfInsuranceWorkersCompensationEmployersLiabilityDiseasePolicyLimit,Employer's Liability Disease - policy limit,,matchOnce,must be greater or equal to,500000,,waived,Block Requirements,,,false,0,,2026-08-16
"Block Real Estate Services, LLC",69fdf7b562446148bd85c474,69fded2162446148bd8491ad,Starbucks #2436,69fdf1fc3b208288e0a86ed1,"tic827 - Westchester Square Shopping Centre {Westchester 87 Investors, LLC}",evidenceOfInsurance,Evidence of Insurance,workersCompensation,Workers' Compensation and Employer's Liability,evidenceOfInsuranceWorkersCompensationWaiverOfSubrogationEndorsement,Waiver of Subrogation,"---prompt---
Determine if the insurer has waived their right of subrogation in favor of the certificate holder under the Workers' Compensation policy. Evidence may include: a checked ""Waiver of Subrogation"" box on the certificate, mention in the Description of Operations section stating ""waiver of subrogation applies"", or reference to form WC 00 03 13. Look for language like ""subrogation is waived"" or ""per written contract"".",matchOnce,must be present,,,waived,Block Requirements,,,false,0,,2026-08-16
"Block Real Estate Services, LLC",69fdf7b562446148bd85c474,69fded2162446148bd8491ad,Starbucks #2436,69fdf1fc3b208288e0a86ed1,"tic827 - Westchester Square Shopping Centre {Westchester 87 Investors, LLC}",evidenceOfInsurance,Evidence of Insurance,6ac20aae-5728-5d57-b364-aeba38527dba,Additional Requirements,4da5b0f1-4c9d-5885-8cf8-5d3cccaed3e0,"Block Real Estate Services, LLC and all others required by contract are named as Additional Insureds","---prompt---
Determine if the Description of Operations or the Additional Remarks Schedule section states the ""Additional Insured as Construction Management, Inc. and all others required by contract"" or reference to blanket additional insured coverage. Look for language like ""certificate holder is additional insured"" or ""per written contract"".",matchOnce,must be present,,,waived,Block Requirements,MOI accepted by Ellen Ochampaugh,,true,0,,2026-08-16
"Block Real Estate Services, LLC",69fdf7b562446148bd85c474,69fded2162446148bd8491ad,Starbucks #2436,69fdf1fc3b208288e0a86ed1,"tic827 - Westchester Square Shopping Centre {Westchester 87 Investors, LLC}",evidenceOfInsurance,Evidence of Insurance,6ac20aae-5728-5d57-b364-aeba38527dba,Additional Requirements,e1017741-e47e-5f58-97b8-fbc3043e919f,Umbrella follows form over General Liability,"---prompt---
Determine if the Umbrella/Excess Liability policy follows form to the underlying policies. Evidence may include: language in the Description of Operations section stating the umbrella follows form to underlying coverages or an additional page endorsement stating that it follows form. Follow form means the umbrella policy adopts the same terms, conditions, and exclusions as the underlying policies.",matchOnce,must be present,,,waived,Block Requirements,Umbrella not a requirement in the lease,,true,0,,2026-08-16
"Block Real Estate Services, LLC",69fdf7b562446148bd85c474,69fded2162446148bd8491ad,Starbucks #2436,69fdf1fc3b208288e0a86ed1,"tic827 - Westchester Square Shopping Centre {Westchester 87 Investors, LLC}",evidenceOfInsurance,Evidence of Insurance,6ac20aae-5728-5d57-b364-aeba38527dba,Additional Requirements,2cdd866f-c9a4-576a-afd8-1d045762790c,The location must be listed as: 13120 W. 87th Street Lenexa KS 66215,,matchOnce,must be present,,,waived,Block Requirements,MOI accepted by Ellen Ochampaugh,,true,0,,2026-08-16
"Block Real Estate Services, LLC",69fdf7b562446148bd85c474,69fded2162446148bd8491ad,Starbucks #2436,69fdf1fc3b208288e0a86ed1,"tic827 - Westchester Square Shopping Centre {Westchester 87 Investors, LLC}",evidenceOfInsurance,Evidence of Insurance,6ac20aae-5728-5d57-b364-aeba38527dba,Additional Requirements,3649e9d1-4e09-59bf-8f30-cb33c40cf117,"Certificate Holder must read: c/o Block Real Estate Services, LLC, 4622 Pennsylvania St., Suite 700, Kansas City, MO, 64112",,matchOnce,must be present,,,waived,Block Requirements,MOI accepted by Ellen Ochampaugh,,true,0,,2026-08-16
"Block Real Estate Services, LLC",69fdf7b562446148bd85c475,69fded2162446148bd8491c5,Subway #41462,69fdf1fc3b208288e0a86ed1,"tic827 - Westchester Square Shopping Centre {Westchester 87 Investors, LLC}",evidenceOfInsurance,Evidence of Insurance,commercialGeneralLiability,Commercial General Liability,evidenceOfInsuranceCommercialGeneralLiabilityCoverageTriggerOccurrence,Coverage Trigger: Occurrence,,matchOnce,must be present,,,non_compliant,Block Requirements,,,false,0,,2026-08-16
"Block Real Estate Services, LLC",69fdf7b562446148bd85c475,69fded2162446148bd8491c5,Subway #41462,69fdf1fc3b208288e0a86ed1,"tic827 - Westchester Square Shopping Centre {Westchester 87 Investors, LLC}",evidenceOfInsurance,Evidence of Insurance,commercialGeneralLiability,Commercial General Liability,evidenceOfInsuranceCommercialGeneralLiabilityGeneralAggregateLimitAppliesPerLocation,General Aggregate Limit Applies per: Location,,matchOnce,must be present,,,non_compliant,Block Requirements,,,false,0,,2026-08-16
"Block Real Estate Services, LLC",69fdf7b562446148bd85c475,69fded2162446148bd8491c5,Subway #41462,69fdf1fc3b208288e0a86ed1,"tic827 - Westchester Square Shopping Centre {Westchester 87 Investors, LLC}",evidenceOfInsurance,Evidence of Insurance,commercialGeneralLiability,Commercial General Liability,evidenceOfInsuranceCommercialGeneralLiabilityEachOccurrence,Each Occurrence,,matchOnce,must be greater or equal to,1000000,,non_compliant,Block Requirements,,,false,0,,2026-08-16
"Block Real Estate Services, LLC",69fdf7b562446148bd85c475,69fded2162446148bd8491c5,Subway #41462,69fdf1fc3b208288e0a86ed1,"tic827 - Westchester Square Shopping Centre {Westchester 87 Investors, LLC}",evidenceOfInsurance,Evidence of Insurance,commercialGeneralLiability,Commercial General Liability,evidenceOfInsuranceCommercialGeneralLiabilityGeneralAggregate,General Aggregate,,matchOnce,must be greater or equal to,2000000,,non_compliant,Block Requirements,,,false,0,,2026-08-16
"Block Real Estate Services, LLC",69fdf7b562446148bd85c475,69fded2162446148bd8491c5,Subway #41462,69fdf1fc3b208288e0a86ed1,"tic827 - Westchester Square Shopping Centre {Westchester 87 Investors, LLC}",evidenceOfInsurance,Evidence of Insurance,commercialGeneralLiability,Commercial General Liability,evidenceOfInsuranceCommercialGeneralLiabilityWaiverOfSubrogationEndorsement,Waiver of Subrogation,"---prompt---
Determine if the insurer has waived their right of subrogation in favor of the certificate holder under the Commercial General Liability policy. Evidence may include: a checked ""Waiver of Subrogation"" box on the certificate, mention in the Description of Operations section stating ""waiver of subrogation applies"", or reference to form CG 24 04. Look for language like ""subrogation is waived"" or ""per written contract"".",matchOnce,must be present,,,non_compliant,Block Requirements,,,false,0,,2026-08-16
"Block Real Estate Services, LLC",69fdf7b562446148bd85c475,69fded2162446148bd8491c5,Subway #41462,69fdf1fc3b208288e0a86ed1,"tic827 - Westchester Square Shopping Centre {Westchester 87 Investors, LLC}",evidenceOfInsurance,Evidence of Insurance,excessOrUmbrellaLiability,Umbrella/Excess Liability,evidenceOfInsuranceExcessOrUmbrellaLiabilityOccurence,Coverage Trigger: Occurrence,,matchOnce,must be present,,,non_compliant,Block Requirements,,,false,0,,2026-08-16
"Block Real Estate Services, LLC",69fdf7b562446148bd85c475,69fded2162446148bd8491c5,Subway #41462,69fdf1fc3b208288e0a86ed1,"tic827 - Westchester Square Shopping Centre {Westchester 87 Investors, LLC}",evidenceOfInsurance,Evidence of Insurance,excessOrUmbrellaLiability,Umbrella/Excess Liability,evidenceOfInsuranceExcessOrUmbrellaLiabilityEachOccurrence,Each Occurrence,,matchOnce,must be greater or equal to,1000000,,non_compliant,Block Requirements,,,false,0,,2026-08-16
"Block Real Estate Services, LLC",69fdf7b562446148bd85c475,69fded2162446148bd8491c5,Subway #41462,69fdf1fc3b208288e0a86ed1,"tic827 - Westchester Square Shopping Centre {Westchester 87 Investors, LLC}",evidenceOfInsurance,Evidence of Insurance,excessOrUmbrellaLiability,Umbrella/Excess Liability,evidenceOfInsuranceExcessOrUmbrellaLiabilityAggregate,Aggregate,,matchOnce,must be greater or equal to,1000000,,non_compliant,Block Requirements,,,false,0,,2026-08-16
"Block Real Estate Services, LLC",69fdf7b562446148bd85c475,69fded2162446148bd8491c5,Subway #41462,69fdf1fc3b208288e0a86ed1,"tic827 - Westchester Square Shopping Centre {Westchester 87 Investors, LLC}",evidenceOfInsurance,Evidence of Insurance,workersCompensation,Workers' Compensation and Employer's Liability,evidenceOfInsuranceWorkersCompensationStatutoryLimits,Statutory Limits,,matchOnce,must be present,,,non_compliant,Block Requirements,,,false,0,,2026-08-16
"Block Real Estate Services, LLC",69fdf7b562446148bd85c475,69fded2162446148bd8491c5,Subway #41462,69fdf1fc3b208288e0a86ed1,"tic827 - Westchester Square Shopping Centre {Westchester 87 Investors, LLC}",evidenceOfInsurance,Evidence of Insurance,workersCompensation,Workers' Compensation and Employer's Liability,evidenceOfInsuranceWorkersCompensationEmployersLiabilityEachAccident,Employer's Liability Each Accident,,matchOnce,must be greater or equal to,500000,,non_compliant,Block Requirements,,,false,0,,2026-08-16
"Block Real Estate Services, LLC",69fdf7b562446148bd85c475,69fded2162446148bd8491c5,Subway #41462,69fdf1fc3b208288e0a86ed1,"tic827 - Westchester Square Shopping Centre {Westchester 87 Investors, LLC}",evidenceOfInsurance,Evidence of Insurance,workersCompensation,Workers' Compensation and Employer's Liability,evidenceOfInsuranceWorkersCompensationEmployersLiabilityDiseaseEachEmployee,Employer's Liability Disease - each employee,,matchOnce,must be greater or equal to,500000,,non_compliant,Block Requirements,,,false,0,,2026-08-16
"Block Real Estate Services, LLC",69fdf7b562446148bd85c475,69fded2162446148bd8491c5,Subway #41462,69fdf1fc3b208288e0a86ed1,"tic827 - Westchester Square Shopping Centre {Westchester 87 Investors, LLC}",evidenceOfInsurance,Evidence of Insurance,workersCompensation,Workers' Compensation and Employer's Liability,evidenceOfInsuranceWorkersCompensationEmployersLiabilityDiseasePolicyLimit,Employer's Liability Disease - policy limit,,matchOnce,must be greater or equal to,500000,,non_compliant,Block Requirements,,,false,0,,2026-08-16
"Block Real Estate Services, LLC",69fdf7b562446148bd85c475,69fded2162446148bd8491c5,Subway #41462,69fdf1fc3b208288e0a86ed1,"tic827 - Westchester Square Shopping Centre {Westchester 87 Investors, LLC}",evidenceOfInsurance,Evidence of Insurance,workersCompensation,Workers' Compensation and Employer's Liability,evidenceOfInsuranceWorkersCompensationWaiverOfSubrogationEndorsement,Waiver of Subrogation,"---prompt---
Determine if the insurer has waived their right of subrogation in favor of the certificate holder under the Workers' Compensation policy. Evidence may include: a checked ""Waiver of Subrogation"" box on the certificate, mention in the Description of Operations section stating ""waiver of subrogation applies"", or reference to form WC 00 03 13. Look for language like ""subrogation is waived"" or ""per written contract"".",matchOnce,must be present,,,non_compliant,Block Requirements,,,false,0,,2026-08-16
"Block Real Estate Services, LLC",69fdf7b562446148bd85c475,69fded2162446148bd8491c5,Subway #41462,69fdf1fc3b208288e0a86ed1,"tic827 - Westchester Square Shopping Centre {Westchester 87 Investors, LLC}",evidenceOfInsurance,Evidence of Insurance,6ac20aae-5728-5d57-b364-aeba38527dba,Additional Requirements,4da5b0f1-4c9d-5885-8cf8-5d3cccaed3e0,"Block Real Estate Services, LLC and all others required by contract are named as Additional Insureds","---prompt---
Determine if the Description of Operations or the Additional Remarks Schedule section states the ""Additional Insured as Construction Management, Inc. and all others required by contract"" or reference to blanket additional insured coverage. Look for language like ""certificate holder is additional insured"" or ""per written contract"".",matchOnce,must be present,,,non_compliant,Block Requirements,,,true,0,,2026-08-16
"Block Real Estate Services, LLC",69fdf7b562446148bd85c475,69fded2162446148bd8491c5,Subway #41462,69fdf1fc3b208288e0a86ed1,"tic827 - Westchester Square Shopping Centre {Westchester 87 Investors, LLC}",evidenceOfInsurance,Evidence of Insurance,6ac20aae-5728-5d57-b364-aeba38527dba,Additional Requirements,e1017741-e47e-5f58-97b8-fbc3043e919f,Umbrella follows form over General Liability,"---prompt---
Determine if the Umbrella/Excess Liability policy follows form to the underlying policies. Evidence may include: language in the Description of Operations section stating the umbrella follows form to underlying coverages or an additional page endorsement stating that it follows form. Follow form means the umbrella policy adopts the same terms, conditions, and exclusions as the underlying policies.",matchOnce,must be present,,,non_compliant,Block Requirements,,,true,0,,2026-08-16
"Block Real Estate Services, LLC",69fdf7b562446148bd85c475,69fded2162446148bd8491c5,Subway #41462,69fdf1fc3b208288e0a86ed1,"tic827 - Westchester Square Shopping Centre {Westchester 87 Investors, LLC}",evidenceOfInsurance,Evidence of Insurance,6ac20aae-5728-5d57-b364-aeba38527dba,Additional Requirements,2cdd866f-c9a4-576a-afd8-1d045762790c,The location must be listed as: 13228 W. 87th Street Lenexa KS 66215,,matchOnce,must be present,,,non_compliant,Block Requirements,,,true,0,,2026-08-16
"Block Real Estate Services, LLC",69fdf7b562446148bd85c475,69fded2162446148bd8491c5,Subway #41462,69fdf1fc3b208288e0a86ed1,"tic827 - Westchester Square Shopping Centre {Westchester 87 Investors, LLC}",evidenceOfInsurance,Evidence of Insurance,6ac20aae-5728-5d57-b364-aeba38527dba,Additional Requirements,3649e9d1-4e09-59bf-8f30-cb33c40cf117,"Certificate Holder must read: c/o Block Real Estate Services, LLC, 4622 Pennsylvania St., Suite 700, Kansas City, MO, 64112",,matchOnce,must be present,,,non_compliant,Block Requirements,,,true,0,,2026-08-16
"Block Real Estate Services, LLC",69fdf7b562446148bd85c468,69fded1362446148bd848d5d,Elysian Salon and Spa LLC,69fdf1fc3b208288e0a86ed1,"tic827 - Westchester Square Shopping Centre {Westchester 87 Investors, LLC}",evidenceOfInsurance,Evidence of Insurance,commercialGeneralLiability,Commercial General Liability,evidenceOfInsuranceCommercialGeneralLiabilityCoverageTriggerOccurrence,Coverage Trigger: Occurrence,,matchOnce,must be present,,Present,compliant,Block Requirements,,,false,2,,2026-08-16
"Block Real Estate Services, LLC",69fdf7b562446148bd85c468,69fded1362446148bd848d5d,Elysian Salon and Spa LLC,69fdf1fc3b208288e0a86ed1,"tic827 - Westchester Square Shopping Centre {Westchester 87 Investors, LLC}",evidenceOfInsurance,Evidence of Insurance,commercialGeneralLiability,Commercial General Liability,evidenceOfInsuranceCommercialGeneralLiabilityGeneralAggregateLimitAppliesPerLocation,General Aggregate Limit Applies per: Location,,matchOnce,must be present,,Present,compliant,Block Requirements,,,false,1,,2026-08-16
"Block Real Estate Services, LLC",69fdf7b562446148bd85c468,69fded1362446148bd848d5d,Elysian Salon and Spa LLC,69fdf1fc3b208288e0a86ed1,"tic827 - Westchester Square Shopping Centre {Westchester 87 Investors, LLC}",evidenceOfInsurance,Evidence of Insurance,commercialGeneralLiability,Commercial General Liability,evidenceOfInsuranceCommercialGeneralLiabilityEachOccurrence,Each Occurrence,,matchOnce,must be greater or equal to,1000000,2000000,compliant,Block Requirements,,,false,2,,2026-08-16
"Block Real Estate Services, LLC",69fdf7b562446148bd85c468,69fded1362446148bd848d5d,Elysian Salon and Spa LLC,69fdf1fc3b208288e0a86ed1,"tic827 - Westchester Square Shopping Centre {Westchester 87 Investors, LLC}",evidenceOfInsurance,Evidence of Insurance,commercialGeneralLiability,Commercial General Liability,evidenceOfInsuranceCommercialGeneralLiabilityGeneralAggregate,General Aggregate,,matchOnce,must be greater or equal to,2000000,4000000,compliant,Block Requirements,,,false,2,,2026-08-16
"Block Real Estate Services, LLC",69fdf7b562446148bd85c468,69fded1362446148bd848d5d,Elysian Salon and Spa LLC,69fdf1fc3b208288e0a86ed1,"tic827 - Westchester Square Shopping Centre {Westchester 87 Investors, LLC}",evidenceOfInsurance,Evidence of Insurance,commercialGeneralLiability,Commercial General Liability,evidenceOfInsuranceCommercialGeneralLiabilityWaiverOfSubrogationEndorsement,Waiver of Subrogation,"---prompt---
Determine if the insurer has waived their right of subrogation in favor of the certificate holder under the Commercial General Liability policy. Evidence may include: a checked ""Waiver of Subrogation"" box on the certificate, mention in the Description of Operations section stating ""waiver of subrogation applies"", or reference to form CG 24 04. Look for language like ""subrogation is waived"" or ""per written contract"".",matchOnce,must be present,,Present,compliant,Block Requirements,,,false,2,,2026-08-16
"Block Real Estate Services, LLC",69fdf7b562446148bd85c468,69fded1362446148bd848d5d,Elysian Salon and Spa LLC,69fdf1fc3b208288e0a86ed1,"tic827 - Westchester Square Shopping Centre {Westchester 87 Investors, LLC}",evidenceOfInsurance,Evidence of Insurance,excessOrUmbrellaLiability,Umbrella/Excess Liability,evidenceOfInsuranceExcessOrUmbrellaLiabilityOccurence,Coverage Trigger: Occurrence,,matchOnce,must be present,,,waived,Block Requirements,,,false,0,,2026-08-16
"Block Real Estate Services, LLC",69fdf7b562446148bd85c468,69fded1362446148bd848d5d,Elysian Salon and Spa LLC,69fdf1fc3b208288e0a86ed1,"tic827 - Westchester Square Shopping Centre {Westchester 87 Investors, LLC}",evidenceOfInsurance,Evidence of Insurance,excessOrUmbrellaLiability,Umbrella/Excess Liability,evidenceOfInsuranceExcessOrUmbrellaLiabilityEachOccurrence,Each Occurrence,,matchOnce,must be greater or equal to,1000000,,waived,Block Requirements,,,false,0,,2026-08-16
"Block Real Estate Services, LLC",69fdf7b562446148bd85c468,69fded1362446148bd848d5d,Elysian Salon and Spa LLC,69fdf1fc3b208288e0a86ed1,"tic827 - Westchester Square Shopping Centre {Westchester 87 Investors, LLC}",evidenceOfInsurance,Evidence of Insurance,excessOrUmbrellaLiability,Umbrella/Excess Liability,evidenceOfInsuranceExcessOrUmbrellaLiabilityAggregate,Aggregate,,matchOnce,must be greater or equal to,1000000,,waived,Block Requirements,,,false,0,,2026-08-16
"Block Real Estate Services, LLC",69fdf7b562446148bd85c468,69fded1362446148bd848d5d,Elysian Salon and Spa LLC,69fdf1fc3b208288e0a86ed1,"tic827 - Westchester Square Shopping Centre {Westchester 87 Investors, LLC}",evidenceOfInsurance,Evidence of Insurance,workersCompensation,Workers' Compensation and Employer's Liability,evidenceOfInsuranceWorkersCompensationStatutoryLimits,Statutory Limits,,matchOnce,must be present,,Present,compliant,Block Requirements,,,false,1,,2026-08-16
"Block Real Estate Services, LLC",69fdf7b562446148bd85c468,69fded1362446148bd848d5d,Elysian Salon and Spa LLC,69fdf1fc3b208288e0a86ed1,"tic827 - Westchester Square Shopping Centre {Westchester 87 Investors, LLC}",evidenceOfInsurance,Evidence of Insurance,workersCompensation,Workers' Compensation and Employer's Liability,evidenceOfInsuranceWorkersCompensationEmployersLiabilityEachAccident,Employer's Liability Each Accident,,matchOnce,must be greater or equal to,500000,500000,compliant,Block Requirements,,,false,2,,2026-08-16
"Block Real Estate Services, LLC",69fdf7b562446148bd85c468,69fded1362446148bd848d5d,Elysian Salon and Spa LLC,69fdf1fc3b208288e0a86ed1,"tic827 - Westchester Square Shopping Centre {Westchester 87 Investors, LLC}",evidenceOfInsurance,Evidence of Insurance,workersCompensation,Workers' Compensation and Employer's Liability,evidenceOfInsuranceWorkersCompensationEmployersLiabilityDiseaseEachEmployee,Employer's Liability Disease - each employee,,matchOnce,must be greater or equal to,500000,500000,compliant,Block Requirements,,,false,2,,2026-08-16
"Block Real Estate Services, LLC",69fdf7b562446148bd85c468,69fded1362446148bd848d5d,Elysian Salon and Spa LLC,69fdf1fc3b208288e0a86ed1,"tic827 - Westchester Square Shopping Centre {Westchester 87 Investors, LLC}",evidenceOfInsurance,Evidence of Insurance,workersCompensation,Workers' Compensation and Employer's Liability,evidenceOfInsuranceWorkersCompensationEmployersLiabilityDiseasePolicyLimit,Employer's Liability Disease - policy limit,,matchOnce,must be greater or equal to,500000,500000,compliant,Block Requirements,,,false,2,,2026-08-16
"Block Real Estate Services, LLC",69fdf7b562446148bd85c468,69fded1362446148bd848d5d,Elysian Salon and Spa LLC,69fdf1fc3b208288e0a86ed1,"tic827 - Westchester Square Shopping Centre {Westchester 87 Investors, LLC}",evidenceOfInsurance,Evidence of Insurance,workersCompensation,Workers' Compensation and Employer's Liability,evidenceOfInsuranceWorkersCompensationWaiverOfSubrogationEndorsement,Waiver of Subrogation,"---prompt---
Determine if the insurer has waived their right of subrogation in favor of the certificate holder under the Workers' Compensation policy. Evidence may include: a checked ""Waiver of Subrogation"" box on the certificate, mention in the Description of Operations section stating ""waiver of subrogation applies"", or reference to form WC 00 03 13. Look for language like ""subrogation is waived"" or ""per written contract"".",matchOnce,must be present,,Present,compliant,Block Requirements,,,false,2,,2026-08-16
"Block Real Estate Services, LLC",69fdf7b562446148bd85c468,69fded1362446148bd848d5d,Elysian Salon and Spa LLC,69fdf1fc3b208288e0a86ed1,"tic827 - Westchester Square Shopping Centre {Westchester 87 Investors, LLC}",evidenceOfInsurance,Evidence of Insurance,6ac20aae-5728-5d57-b364-aeba38527dba,Additional Requirements,4da5b0f1-4c9d-5885-8cf8-5d3cccaed3e0,"Block Real Estate Services, LLC and all others required by contract are named as Additional Insureds","---prompt---
Determine if the Description of Operations or the Additional Remarks Schedule section states the ""Additional Insured as Construction Management, Inc. and all others required by contract"" or reference to blanket additional insured coverage. Look for language like ""certificate holder is additional insured"" or ""per written contract"".",matchOnce,must be present,,Present,compliant,Block Requirements,,,true,1,,2026-08-16
"Block Real Estate Services, LLC",69fdf7b562446148bd85c468,69fded1362446148bd848d5d,Elysian Salon and Spa LLC,69fdf1fc3b208288e0a86ed1,"tic827 - Westchester Square Shopping Centre {Westchester 87 Investors, LLC}",evidenceOfInsurance,Evidence of Insurance,6ac20aae-5728-5d57-b364-aeba38527dba,Additional Requirements,e1017741-e47e-5f58-97b8-fbc3043e919f,Umbrella follows form over General Liability,"---prompt---
Determine if the Umbrella/Excess Liability policy follows form to the underlying policies. Evidence may include: language in the Description of Operations section stating the umbrella follows form to underlying coverages or an additional page endorsement stating that it follows form. Follow form means the umbrella policy adopts the same terms, conditions, and exclusions as the underlying policies.",matchOnce,must be present,,,waived,Block Requirements,Umbrella requirement waived,,true,0,2026-12-05,2026-08-16
"Block Real Estate Services, LLC",69fdf7b562446148bd85c468,69fded1362446148bd848d5d,Elysian Salon and Spa LLC,69fdf1fc3b208288e0a86ed1,"tic827 - Westchester Square Shopping Centre {Westchester 87 Investors, LLC}",evidenceOfInsurance,Evidence of Insurance,6ac20aae-5728-5d57-b364-aeba38527dba,Additional Requirements,2cdd866f-c9a4-576a-afd8-1d045762790c,The location must be listed as: 13312 W. 87th Steet Lenexa KS 66215,,matchOnce,must be present,,Present,compliant,Block Requirements,,,true,2,,2026-08-16
"Block Real Estate Services, LLC",69fdf7b562446148bd85c468,69fded1362446148bd848d5d,Elysian Salon and Spa LLC,69fdf1fc3b208288e0a86ed1,"tic827 - Westchester Square Shopping Centre {Westchester 87 Investors, LLC}",evidenceOfInsurance,Evidence of Insurance,6ac20aae-5728-5d57-b364-aeba38527dba,Additional Requirements,3649e9d1-4e09-59bf-8f30-cb33c40cf117,"Certificate Holder must read: c/o Block Real Estate Services, LLC, 4622 Pennsylvania St., Suite 700, Kansas City, MO, 64112",,matchOnce,must be present,,Present,compliant,Block Requirements,,,true,2,,2026-08-16
"Block Real Estate Services, LLC",69fdf7b562446148bd85c464,69fded0e62446148bd848bb9,"Pet Supplies Plus / B&B Pet Products, LLC",69fdf1fc3b208288e0a86ed1,"tic827 - Westchester Square Shopping Centre {Westchester 87 Investors, LLC}",evidenceOfInsurance,Evidence of Insurance,commercialGeneralLiability,Commercial General Liability,evidenceOfInsuranceCommercialGeneralLiabilityCoverageTriggerOccurrence,Coverage Trigger: Occurrence,,matchOnce,must be present,,Present,compliant,Block Requirements,,,false,1,,2026-08-16
"Block Real Estate Services, LLC",69fdf7b562446148bd85c464,69fded0e62446148bd848bb9,"Pet Supplies Plus / B&B Pet Products, LLC",69fdf1fc3b208288e0a86ed1,"tic827 - Westchester Square Shopping Centre {Westchester 87 Investors, LLC}",evidenceOfInsurance,Evidence of Insurance,commercialGeneralLiability,Commercial General Liability,evidenceOfInsuranceCommercialGeneralLiabilityGeneralAggregateLimitAppliesPerLocation,General Aggregate Limit Applies per: Location,,matchOnce,must be present,,Present,compliant,Block Requirements,,,false,1,,2026-08-16
"Block Real Estate Services, LLC",69fdf7b562446148bd85c464,69fded0e62446148bd848bb9,"Pet Supplies Plus / B&B Pet Products, LLC",69fdf1fc3b208288e0a86ed1,"tic827 - Westchester Square Shopping Centre {Westchester 87 Investors, LLC}",evidenceOfInsurance,Evidence of Insurance,commercialGeneralLiability,Commercial General Liability,evidenceOfInsuranceCommercialGeneralLiabilityEachOccurrence,Each Occurrence,,matchOnce,must be greater or equal to,1000000,1000000,compliant,Block Requirements,,,false,1,,2026-08-16
"Block Real Estate Services, LLC",69fdf7b562446148bd85c464,69fded0e62446148bd848bb9,"Pet Supplies Plus / B&B Pet Products, LLC",69fdf1fc3b208288e0a86ed1,"tic827 - Westchester Square Shopping Centre {Westchester 87 Investors, LLC}",evidenceOfInsurance,Evidence of Insurance,commercialGeneralLiability,Commercial General Liability,evidenceOfInsuranceCommercialGeneralLiabilityGeneralAggregate,General Aggregate,,matchOnce,must be greater or equal to,2000000,2000000,compliant,Block Requirements,,,false,1,,2026-08-16
"Block Real Estate Services, LLC",69fdf7b562446148bd85c464,69fded0e62446148bd848bb9,"Pet Supplies Plus / B&B Pet Products, LLC",69fdf1fc3b208288e0a86ed1,"tic827 - Westchester Square Shopping Centre {Westchester 87 Investors, LLC}",evidenceOfInsurance,Evidence of Insurance,commercialGeneralLiability,Commercial General Liability,evidenceOfInsuranceCommercialGeneralLiabilityWaiverOfSubrogationEndorsement,Waiver of Subrogation,"---prompt---
Determine if the insurer has waived their right of subrogation in favor of the certificate holder under the Commercial General Liability policy. Evidence may include: a checked ""Waiver of Subrogation"" box on the certificate, mention in the Description of Operations section stating ""waiver of subrogation applies"", or reference to form CG 24 04. Look for language like ""subrogation is waived"" or ""per written contract"".",matchOnce,must be present,,Present,compliant,Block Requirements,,,false,1,,2026-08-16
"Block Real Estate Services, LLC",69fdf7b562446148bd85c464,69fded0e62446148bd848bb9,"Pet Supplies Plus / B&B Pet Products, LLC",69fdf1fc3b208288e0a86ed1,"tic827 - Westchester Square Shopping Centre {Westchester 87 Investors, LLC}",evidenceOfInsurance,Evidence of Insurance,excessOrUmbrellaLiability,Umbrella/Excess Liability,evidenceOfInsuranceExcessOrUmbrellaLiabilityOccurence,Coverage Trigger: Occurrence,,matchOnce,must be present,,Present,compliant,Block Requirements,,,false,1,,2026-08-16
"Block Real Estate Services, LLC",69fdf7b562446148bd85c464,69fded0e62446148bd848bb9,"Pet Supplies Plus / B&B Pet Products, LLC",69fdf1fc3b208288e0a86ed1,"tic827 - Westchester Square Shopping Centre {Westchester 87 Investors, LLC}",evidenceOfInsurance,Evidence of Insurance,excessOrUmbrellaLiability,Umbrella/Excess Liability,evidenceOfInsuranceExcessOrUmbrellaLiabilityEachOccurrence,Each Occurrence,,matchOnce,must be greater or equal to,1000000,1000000,compliant,Block Requirements,,,false,1,,2026-08-16
"Block Real Estate Services, LLC",69fdf7b562446148bd85c464,69fded0e62446148bd848bb9,"Pet Supplies Plus / B&B Pet Products, LLC",69fdf1fc3b208288e0a86ed1,"tic827 - Westchester Square Shopping Centre {Westchester 87 Investors, LLC}",evidenceOfInsurance,Evidence of Insurance,excessOrUmbrellaLiability,Umbrella/Excess Liability,evidenceOfInsuranceExcessOrUmbrellaLiabilityAggregate,Aggregate,,matchOnce,must be greater or equal to,1000000,1000000,compliant,Block Requirements,,,false,1,,2026-08-16
"Block Real Estate Services, LLC",69fdf7b562446148bd85c464,69fded0e62446148bd848bb9,"Pet Supplies Plus / B&B Pet Products, LLC",69fdf1fc3b208288e0a86ed1,"tic827 - Westchester Square Shopping Centre {Westchester 87 Investors, LLC}",evidenceOfInsurance,Evidence of Insurance,workersCompensation,Workers' Compensation and Employer's Liability,evidenceOfInsuranceWorkersCompensationStatutoryLimits,Statutory Limits,,matchOnce,must be present,,,non_compliant,Block Requirements,,,false,0,,2026-08-16
"Block Real Estate Services, LLC",69fdf7b562446148bd85c464,69fded0e62446148bd848bb9,"Pet Supplies Plus / B&B Pet Products, LLC",69fdf1fc3b208288e0a86ed1,"tic827 - Westchester Square Shopping Centre {Westchester 87 Investors, LLC}",evidenceOfInsurance,Evidence of Insurance,workersCompensation,Workers' Compensation and Employer's Liability,evidenceOfInsuranceWorkersCompensationEmployersLiabilityEachAccident,Employer's Liability Each Accident,,matchOnce,must be greater or equal to,500000,,non_compliant,Block Requirements,,,false,0,,2026-08-16
"Block Real Estate Services, LLC",69fdf7b562446148bd85c464,69fded0e62446148bd848bb9,"Pet Supplies Plus / B&B Pet Products, LLC",69fdf1fc3b208288e0a86ed1,"tic827 - Westchester Square Shopping Centre {Westchester 87 Investors, LLC}",evidenceOfInsurance,Evidence of Insurance,workersCompensation,Workers' Compensation and Employer's Liability,evidenceOfInsuranceWorkersCompensationEmployersLiabilityDiseaseEachEmployee,Employer's Liability Disease - each employee,,matchOnce,must be greater or equal to,500000,,non_compliant,Block Requirements,,,false,0,,2026-08-16
"Block Real Estate Services, LLC",69fdf7b562446148bd85c464,69fded0e62446148bd848bb9,"Pet Supplies Plus / B&B Pet Products, LLC",69fdf1fc3b208288e0a86ed1,"tic827 - Westchester Square Shopping Centre {Westchester 87 Investors, LLC}",evidenceOfInsurance,Evidence of Insurance,workersCompensation,Workers' Compensation and Employer's Liability,evidenceOfInsuranceWorkersCompensationEmployersLiabilityDiseasePolicyLimit,Employer's Liability Disease - policy limit,,matchOnce,must be greater or equal to,500000,,non_compliant,Block Requirements,,,false,0,,2026-08-16
"Block Real Estate Services, LLC",69fdf7b562446148bd85c464,69fded0e62446148bd848bb9,"Pet Supplies Plus / B&B Pet Products, LLC",69fdf1fc3b208288e0a86ed1,"tic827 - Westchester Square Shopping Centre {Westchester 87 Investors, LLC}",evidenceOfInsurance,Evidence of Insurance,workersCompensation,Workers' Compensation and Employer's Liability,evidenceOfInsuranceWorkersCompensationWaiverOfSubrogationEndorsement,Waiver of Subrogation,"---prompt---
Determine if the insurer has waived their right of subrogation in favor of the certificate holder under the Workers' Compensation policy. Evidence may include: a checked ""Waiver of Subrogation"" box on the certificate, mention in the Description of Operations section stating ""waiver of subrogation applies"", or reference to form WC 00 03 13. Look for language like ""subrogation is waived"" or ""per written contract"".",matchOnce,must be present,,,non_compliant,Block Requirements,,,false,0,,2026-08-16
"Block Real Estate Services, LLC",69fdf7b562446148bd85c464,69fded0e62446148bd848bb9,"Pet Supplies Plus / B&B Pet Products, LLC",69fdf1fc3b208288e0a86ed1,"tic827 - Westchester Square Shopping Centre {Westchester 87 Investors, LLC}",evidenceOfInsurance,Evidence of Insurance,6ac20aae-5728-5d57-b364-aeba38527dba,Additional Requirements,4da5b0f1-4c9d-5885-8cf8-5d3cccaed3e0,"Block Real Estate Services, LLC and all others required by contract are named as Additional Insureds","---prompt---
Determine if the Description of Operations or the Additional Remarks Schedule section states the ""Additional Insured as Construction Management, Inc. and all others required by contract"" or reference to blanket additional insured coverage. Look for language like ""certificate holder is additional insured"" or ""per written contract"".",matchOnce,must be present,,Present,compliant,Block Requirements,,,true,1,,2026-08-16
"Block Real Estate Services, LLC",69fdf7b562446148bd85c464,69fded0e62446148bd848bb9,"Pet Supplies Plus / B&B Pet Products, LLC",69fdf1fc3b208288e0a86ed1,"tic827 - Westchester Square Shopping Centre {Westchester 87 Investors, LLC}",evidenceOfInsurance,Evidence of Insurance,6ac20aae-5728-5d57-b364-aeba38527dba,Additional Requirements,e1017741-e47e-5f58-97b8-fbc3043e919f,Umbrella follows form over General Liability,"---prompt---
Determine if the Umbrella/Excess Liability policy follows form to the underlying policies. Evidence may include: language in the Description of Operations section stating the umbrella follows form to underlying coverages or an additional page endorsement stating that it follows form. Follow form means the umbrella policy adopts the same terms, conditions, and exclusions as the underlying policies.",matchOnce,must be present,,Present,compliant,Block Requirements,,,true,1,,2026-08-16
"Block Real Estate Services, LLC",69fdf7b562446148bd85c464,69fded0e62446148bd848bb9,"Pet Supplies Plus / B&B Pet Products, LLC",69fdf1fc3b208288e0a86ed1,"tic827 - Westchester Square Shopping Centre {Westchester 87 Investors, LLC}",evidenceOfInsurance,Evidence of Insurance,6ac20aae-5728-5d57-b364-aeba38527dba,Additional Requirements,2cdd866f-c9a4-576a-afd8-1d045762790c,The location must be listed as: 13360 W. 87th Street Lenexa KS 66215,,matchOnce,must be present,,Present,compliant,Block Requirements,,,true,1,,2026-08-16
"Block Real Estate Services, LLC",69fdf7b562446148bd85c464,69fded0e62446148bd848bb9,"Pet Supplies Plus / B&B Pet Products, LLC",69fdf1fc3b208288e0a86ed1,"tic827 - Westchester Square Shopping Centre {Westchester 87 Investors, LLC}",evidenceOfInsurance,Evidence of Insurance,6ac20aae-5728-5d57-b364-aeba38527dba,Additional Requirements,3649e9d1-4e09-59bf-8f30-cb33c40cf117,"Certificate Holder must read: c/o Block Real Estate Services, LLC, 4622 Pennsylvania St., Suite 700, Kansas City, MO, 64112",,matchOnce,must be present,,Present,compliant,Block Requirements,,,true,1,,2026-08-16
"Block Real Estate Services, LLC",69fdf7b562446148bd85c46c,69fded1862446148bd848ebf,Kababs,69fdf1fc3b208288e0a86ed1,"tic827 - Westchester Square Shopping Centre {Westchester 87 Investors, LLC}",evidenceOfInsurance,Evidence of Insurance,commercialGeneralLiability,Commercial General Liability,evidenceOfInsuranceCommercialGeneralLiabilityCoverageTriggerOccurrence,Coverage Trigger: Occurrence,,matchOnce,must be present,,,non_compliant,Block Requirements,,,false,0,,2026-08-16
"Block Real Estate Services, LLC",69fdf7b562446148bd85c46c,69fded1862446148bd848ebf,Kababs,69fdf1fc3b208288e0a86ed1,"tic827 - Westchester Square Shopping Centre {Westchester 87 Investors, LLC}",evidenceOfInsurance,Evidence of Insurance,commercialGeneralLiability,Commercial General Liability,evidenceOfInsuranceCommercialGeneralLiabilityGeneralAggregateLimitAppliesPerLocation,General Aggregate Limit Applies per: Location,,matchOnce,must be present,,,non_compliant,Block Requirements,,,false,0,,2026-08-16
"Block Real Estate Services, LLC",69fdf7b562446148bd85c46c,69fded1862446148bd848ebf,Kababs,69fdf1fc3b208288e0a86ed1,"tic827 - Westchester Square Shopping Centre {Westchester 87 Investors, LLC}",evidenceOfInsurance,Evidence of Insurance,commercialGeneralLiability,Commercial General Liability,evidenceOfInsuranceCommercialGeneralLiabilityEachOccurrence,Each Occurrence,,matchOnce,must be greater or equal to,1000000,,non_compliant,Block Requirements,,,false,0,,2026-08-16
"Block Real Estate Services, LLC",69fdf7b562446148bd85c46c,69fded1862446148bd848ebf,Kababs,69fdf1fc3b208288e0a86ed1,"tic827 - Westchester Square Shopping Centre {Westchester 87 Investors, LLC}",evidenceOfInsurance,Evidence of Insurance,commercialGeneralLiability,Commercial General Liability,evidenceOfInsuranceCommercialGeneralLiabilityGeneralAggregate,General Aggregate,,matchOnce,must be greater or equal to,2000000,,non_compliant,Block Requirements,,,false,0,,2026-08-16
"Block Real Estate Services, LLC",69fdf7b562446148bd85c46c,69fded1862446148bd848ebf,Kababs,69fdf1fc3b208288e0a86ed1,"tic827 - Westchester Square Shopping Centre {Westchester 87 Investors, LLC}",evidenceOfInsurance,Evidence of Insurance,commercialGeneralLiability,Commercial General Liability,evidenceOfInsuranceCommercialGeneralLiabilityWaiverOfSubrogationEndorsement,Waiver of Subrogation,"---prompt---
Determine if the insurer has waived their right of subrogation in favor of the certificate holder under the Commercial General Liability policy. Evidence may include: a checked ""Waiver of Subrogation"" box on the certificate, mention in the Description of Operations section stating ""waiver of subrogation applies"", or reference to form CG 24 04. Look for language like ""subrogation is waived"" or ""per written contract"".",matchOnce,must be present,,,non_compliant,Block Requirements,,,false,0,,2026-08-16
"Block Real Estate Services, LLC",69fdf7b562446148bd85c46c,69fded1862446148bd848ebf,Kababs,69fdf1fc3b208288e0a86ed1,"tic827 - Westchester Square Shopping Centre {Westchester 87 Investors, LLC}",evidenceOfInsurance,Evidence of Insurance,excessOrUmbrellaLiability,Umbrella/Excess Liability,evidenceOfInsuranceExcessOrUmbrellaLiabilityOccurence,Coverage Trigger: Occurrence,,matchOnce,must be present,,,non_compliant,Block Requirements,,,false,0,,2026-08-16
"Block Real Estate Services, LLC",69fdf7b562446148bd85c46c,69fded1862446148bd848ebf,Kababs,69fdf1fc3b208288e0a86ed1,"tic827 - Westchester Square Shopping Centre {Westchester 87 Investors, LLC}",evidenceOfInsurance,Evidence of Insurance,excessOrUmbrellaLiability,Umbrella/Excess Liability,evidenceOfInsuranceExcessOrUmbrellaLiabilityEachOccurrence,Each Occurrence,,matchOnce,must be greater or equal to,1000000,,non_compliant,Block Requirements,,,false,0,,2026-08-16
"Block Real Estate Services, LLC",69fdf7b562446148bd85c46c,69fded1862446148bd848ebf,Kababs,69fdf1fc3b208288e0a86ed1,"tic827 - Westchester Square Shopping Centre {Westchester 87 Investors, LLC}",evidenceOfInsurance,Evidence of Insurance,excessOrUmbrellaLiability,Umbrella/Excess Liability,evidenceOfInsuranceExcessOrUmbrellaLiabilityAggregate,Aggregate,,matchOnce,must be greater or equal to,1000000,,non_compliant,Block Requirements,,,false,0,,2026-08-16
"Block Real Estate Services, LLC",69fdf7b562446148bd85c46c,69fded1862446148bd848ebf,Kababs,69fdf1fc3b208288e0a86ed1,"tic827 - Westchester Square Shopping Centre {Westchester 87 Investors, LLC}",evidenceOfInsurance,Evidence of Insurance,workersCompensation,Workers' Compensation and Employer's Liability,evidenceOfInsuranceWorkersCompensationStatutoryLimits,Statutory Limits,,matchOnce,must be present,,,non_compliant,Block Requirements,,,false,0,,2026-08-16
"Block Real Estate Services, LLC",69fdf7b562446148bd85c46c,69fded1862446148bd848ebf,Kababs,69fdf1fc3b208288e0a86ed1,"tic827 - Westchester Square Shopping Centre {Westchester 87 Investors, LLC}",evidenceOfInsurance,Evidence of Insurance,workersCompensation,Workers' Compensation and Employer's Liability,evidenceOfInsuranceWorkersCompensationEmployersLiabilityEachAccident,Employer's Liability Each Accident,,matchOnce,must be greater or equal to,500000,1000000,compliant,Block Requirements,,,false,1,,2026-08-16
"Block Real Estate Services, LLC",69fdf7b562446148bd85c46c,69fded1862446148bd848ebf,Kababs,69fdf1fc3b208288e0a86ed1,"tic827 - Westchester Square Shopping Centre {Westchester 87 Investors, LLC}",evidenceOfInsurance,Evidence of Insurance,workersCompensation,Workers' Compensation and Employer's Liability,evidenceOfInsuranceWorkersCompensationEmployersLiabilityDiseaseEachEmployee,Employer's Liability Disease - each employee,,matchOnce,must be greater or equal to,500000,1000000,compliant,Block Requirements,,,false,1,,2026-08-16
"Block Real Estate Services, LLC",69fdf7b562446148bd85c46c,69fded1862446148bd848ebf,Kababs,69fdf1fc3b208288e0a86ed1,"tic827 - Westchester Square Shopping Centre {Westchester 87 Investors, LLC}",evidenceOfInsurance,Evidence of Insurance,workersCompensation,Workers' Compensation and Employer's Liability,evidenceOfInsuranceWorkersCompensationEmployersLiabilityDiseasePolicyLimit,Employer's Liability Disease - policy limit,,matchOnce,must be greater or equal to,500000,1000000,compliant,Block Requirements,,,false,1,,2026-08-16
"Block Real Estate Services, LLC",69fdf7b562446148bd85c46c,69fded1862446148bd848ebf,Kababs,69fdf1fc3b208288e0a86ed1,"tic827 - Westchester Square Shopping Centre {Westchester 87 Investors, LLC}",evidenceOfInsurance,Evidence of Insurance,workersCompensation,Workers' Compensation and Employer's Liability,evidenceOfInsuranceWorkersCompensationWaiverOfSubrogationEndorsement,Waiver of Subrogation,"---prompt---
Determine if the insurer has waived their right of subrogation in favor of the certificate holder under the Workers' Compensation policy. Evidence may include: a checked ""Waiver of Subrogation"" box on the certificate, mention in the Description of Operations section stating ""waiver of subrogation applies"", or reference to form WC 00 03 13. Look for language like ""subrogation is waived"" or ""per written contract"".",matchOnce,must be present,,,non_compliant,Block Requirements,,,false,0,,2026-08-16
"Block Real Estate Services, LLC",69fdf7b562446148bd85c46c,69fded1862446148bd848ebf,Kababs,69fdf1fc3b208288e0a86ed1,"tic827 - Westchester Square Shopping Centre {Westchester 87 Investors, LLC}",evidenceOfInsurance,Evidence of Insurance,6ac20aae-5728-5d57-b364-aeba38527dba,Additional Requirements,4da5b0f1-4c9d-5885-8cf8-5d3cccaed3e0,"Block Real Estate Services, LLC and all others required by contract are named as Additional Insureds","---prompt---
Determine if the Description of Operations or the Additional Remarks Schedule section states the ""Additional Insured as Construction Management, Inc. and all others required by contract"" or reference to blanket additional insured coverage. Look for language like ""certificate holder is additional insured"" or ""per written contract"".",matchOnce,must be present,,,non_compliant,Block Requirements,,,true,0,,2026-08-16
"Block Real Estate Services, LLC",69fdf7b562446148bd85c46c,69fded1862446148bd848ebf,Kababs,69fdf1fc3b208288e0a86ed1,"tic827 - Westchester Square Shopping Centre {Westchester 87 Investors, LLC}",evidenceOfInsurance,Evidence of Insurance,6ac20aae-5728-5d57-b364-aeba38527dba,Additional Requirements,e1017741-e47e-5f58-97b8-fbc3043e919f,Umbrella follows form over General Liability,"---prompt---
Determine if the Umbrella/Excess Liability policy follows form to the underlying policies. Evidence may include: language in the Description of Operations section stating the umbrella follows form to underlying coverages or an additional page endorsement stating that it follows form. Follow form means the umbrella policy adopts the same terms, conditions, and exclusions as the underlying policies.",matchOnce,must be present,,,non_compliant,Block Requirements,,,true,0,,2026-08-16
"Block Real Estate Services, LLC",69fdf7b562446148bd85c46c,69fded1862446148bd848ebf,Kababs,69fdf1fc3b208288e0a86ed1,"tic827 - Westchester Square Shopping Centre {Westchester 87 Investors, LLC}",evidenceOfInsurance,Evidence of Insurance,6ac20aae-5728-5d57-b364-aeba38527dba,Additional Requirements,2cdd866f-c9a4-576a-afd8-1d045762790c,The location must be listed as: 8615 Hauser Court Lenexa KS 66215,,matchOnce,must be present,,Present,compliant,Block Requirements,,,true,1,,2026-08-16
"Block Real Estate Services, LLC",69fdf7b562446148bd85c46c,69fded1862446148bd848ebf,Kababs,69fdf1fc3b208288e0a86ed1,"tic827 - Westchester Square Shopping Centre {Westchester 87 Investors, LLC}",evidenceOfInsurance,Evidence of Insurance,6ac20aae-5728-5d57-b364-aeba38527dba,Additional Requirements,3649e9d1-4e09-59bf-8f30-cb33c40cf117,"Certificate Holder must read: c/o Block Real Estate Services, LLC, 4622 Pennsylvania St., Suite 700, Kansas City, MO, 64112",,matchOnce,must be present,,Present,compliant,Block Requirements,,,true,1,,2026-08-16
"Block Real Estate Services, LLC",69fdf7b562446148bd85c477,69fded2262446148bd8491fb,Thai Chili Cuisine,69fdf1fc3b208288e0a86ed1,"tic827 - Westchester Square Shopping Centre {Westchester 87 Investors, LLC}",evidenceOfInsurance,Evidence of Insurance,commercialGeneralLiability,Commercial General Liability,evidenceOfInsuranceCommercialGeneralLiabilityCoverageTriggerOccurrence,Coverage Trigger: Occurrence,,matchOnce,must be present,,,non_compliant,Block Requirements,,,false,0,,2026-08-16
"Block Real Estate Services, LLC",69fdf7b562446148bd85c477,69fded2262446148bd8491fb,Thai Chili Cuisine,69fdf1fc3b208288e0a86ed1,"tic827 - Westchester Square Shopping Centre {Westchester 87 Investors, LLC}",evidenceOfInsurance,Evidence of Insurance,commercialGeneralLiability,Commercial General Liability,evidenceOfInsuranceCommercialGeneralLiabilityGeneralAggregateLimitAppliesPerLocation,General Aggregate Limit Applies per: Location,,matchOnce,must be present,,,non_compliant,Block Requirements,,,false,0,,2026-08-16
"Block Real Estate Services, LLC",69fdf7b562446148bd85c477,69fded2262446148bd8491fb,Thai Chili Cuisine,69fdf1fc3b208288e0a86ed1,"tic827 - Westchester Square Shopping Centre {Westchester 87 Investors, LLC}",evidenceOfInsurance,Evidence of Insurance,commercialGeneralLiability,Commercial General Liability,evidenceOfInsuranceCommercialGeneralLiabilityEachOccurrence,Each Occurrence,,matchOnce,must be greater or equal to,1000000,,non_compliant,Block Requirements,,,false,0,,2026-08-16
"Block Real Estate Services, LLC",69fdf7b562446148bd85c477,69fded2262446148bd8491fb,Thai Chili Cuisine,69fdf1fc3b208288e0a86ed1,"tic827 - Westchester Square Shopping Centre {Westchester 87 Investors, LLC}",evidenceOfInsurance,Evidence of Insurance,commercialGeneralLiability,Commercial General Liability,evidenceOfInsuranceCommercialGeneralLiabilityGeneralAggregate,General Aggregate,,matchOnce,must be greater or equal to,2000000,,non_compliant,Block Requirements,,,false,0,,2026-08-16
"Block Real Estate Services, LLC",69fdf7b562446148bd85c477,69fded2262446148bd8491fb,Thai Chili Cuisine,69fdf1fc3b208288e0a86ed1,"tic827 - Westchester Square Shopping Centre {Westchester 87 Investors, LLC}",evidenceOfInsurance,Evidence of Insurance,commercialGeneralLiability,Commercial General Liability,evidenceOfInsuranceCommercialGeneralLiabilityWaiverOfSubrogationEndorsement,Waiver of Subrogation,"---prompt---
Determine if the insurer has waived their right of subrogation in favor of the certificate holder under the Commercial General Liability policy. Evidence may include: a checked ""Waiver of Subrogation"" box on the certificate, mention in the Description of Operations section stating ""waiver of subrogation applies"", or reference to form CG 24 04. Look for language like ""subrogation is waived"" or ""per written contract"".",matchOnce,must be present,,,non_compliant,Block Requirements,,,false,0,,2026-08-16
"Block Real Estate Services, LLC",69fdf7b562446148bd85c477,69fded2262446148bd8491fb,Thai Chili Cuisine,69fdf1fc3b208288e0a86ed1,"tic827 - Westchester Square Shopping Centre {Westchester 87 Investors, LLC}",evidenceOfInsurance,Evidence of Insurance,excessOrUmbrellaLiability,Umbrella/Excess Liability,evidenceOfInsuranceExcessOrUmbrellaLiabilityOccurence,Coverage Trigger: Occurrence,,matchOnce,must be present,,,non_compliant,Block Requirements,,,false,0,,2026-08-16
"Block Real Estate Services, LLC",69fdf7b562446148bd85c477,69fded2262446148bd8491fb,Thai Chili Cuisine,69fdf1fc3b208288e0a86ed1,"tic827 - Westchester Square Shopping Centre {Westchester 87 Investors, LLC}",evidenceOfInsurance,Evidence of Insurance,excessOrUmbrellaLiability,Umbrella/Excess Liability,evidenceOfInsuranceExcessOrUmbrellaLiabilityEachOccurrence,Each Occurrence,,matchOnce,must be greater or equal to,1000000,,non_compliant,Block Requirements,,,false,0,,2026-08-16
"Block Real Estate Services, LLC",69fdf7b562446148bd85c477,69fded2262446148bd8491fb,Thai Chili Cuisine,69fdf1fc3b208288e0a86ed1,"tic827 - Westchester Square Shopping Centre {Westchester 87 Investors, LLC}",evidenceOfInsurance,Evidence of Insurance,excessOrUmbrellaLiability,Umbrella/Excess Liability,evidenceOfInsuranceExcessOrUmbrellaLiabilityAggregate,Aggregate,,matchOnce,must be greater or equal to,1000000,,non_compliant,Block Requirements,,,false,0,,2026-08-16
"Block Real Estate Services, LLC",69fdf7b562446148bd85c477,69fded2262446148bd8491fb,Thai Chili Cuisine,69fdf1fc3b208288e0a86ed1,"tic827 - Westchester Square Shopping Centre {Westchester 87 Investors, LLC}",evidenceOfInsurance,Evidence of Insurance,workersCompensation,Workers' Compensation and Employer's Liability,evidenceOfInsuranceWorkersCompensationStatutoryLimits,Statutory Limits,,matchOnce,must be present,,,non_compliant,Block Requirements,,,false,0,,2026-08-16
"Block Real Estate Services, LLC",69fdf7b562446148bd85c477,69fded2262446148bd8491fb,Thai Chili Cuisine,69fdf1fc3b208288e0a86ed1,"tic827 - Westchester Square Shopping Centre {Westchester 87 Investors, LLC}",evidenceOfInsurance,Evidence of Insurance,workersCompensation,Workers' Compensation and Employer's Liability,evidenceOfInsuranceWorkersCompensationEmployersLiabilityEachAccident,Employer's Liability Each Accident,,matchOnce,must be greater or equal to,500000,,non_compliant,Block Requirements,,,false,0,,2026-08-16
"Block Real Estate Services, LLC",69fdf7b562446148bd85c477,69fded2262446148bd8491fb,Thai Chili Cuisine,69fdf1fc3b208288e0a86ed1,"tic827 - Westchester Square Shopping Centre {Westchester 87 Investors, LLC}",evidenceOfInsurance,Evidence of Insurance,workersCompensation,Workers' Compensation and Employer's Liability,evidenceOfInsuranceWorkersCompensationEmployersLiabilityDiseaseEachEmployee,Employer's Liability Disease - each employee,,matchOnce,must be greater or equal to,500000,,non_compliant,Block Requirements,,,false,0,,2026-08-16
"Block Real Estate Services, LLC",69fdf7b562446148bd85c477,69fded2262446148bd8491fb,Thai Chili Cuisine,69fdf1fc3b208288e0a86ed1,"tic827 - Westchester Square Shopping Centre {Westchester 87 Investors, LLC}",evidenceOfInsurance,Evidence of Insurance,workersCompensation,Workers' Compensation and Employer's Liability,evidenceOfInsuranceWorkersCompensationEmployersLiabilityDiseasePolicyLimit,Employer's Liability Disease - policy limit,,matchOnce,must be greater or equal to,500000,,non_compliant,Block Requirements,,,false,0,,2026-08-16
"Block Real Estate Services, LLC",69fdf7b562446148bd85c477,69fded2262446148bd8491fb,Thai Chili Cuisine,69fdf1fc3b208288e0a86ed1,"tic827 - Westchester Square Shopping Centre {Westchester 87 Investors, LLC}",evidenceOfInsurance,Evidence of Insurance,workersCompensation,Workers' Compensation and Employer's Liability,evidenceOfInsuranceWorkersCompensationWaiverOfSubrogationEndorsement,Waiver of Subrogation,"---prompt---
Determine if the insurer has waived their right of subrogation in favor of the certificate holder under the Workers' Compensation policy. Evidence may include: a checked ""Waiver of Subrogation"" box on the certificate, mention in the Description of Operations section stating ""waiver of subrogation applies"", or reference to form WC 00 03 13. Look for language like ""subrogation is waived"" or ""per written contract"".",matchOnce,must be present,,,non_compliant,Block Requirements,,,false,0,,2026-08-16
"Block Real Estate Services, LLC",69fdf7b562446148bd85c477,69fded2262446148bd8491fb,Thai Chili Cuisine,69fdf1fc3b208288e0a86ed1,"tic827 - Westchester Square Shopping Centre {Westchester 87 Investors, LLC}",evidenceOfInsurance,Evidence of Insurance,6ac20aae-5728-5d57-b364-aeba38527dba,Additional Requirements,4da5b0f1-4c9d-5885-8cf8-5d3cccaed3e0,"Block Real Estate Services, LLC and all others required by contract are named as Additional Insureds","---prompt---
Determine if the Description of Operations or the Additional Remarks Schedule section states the ""Additional Insured as Construction Management, Inc. and all others required by contract"" or reference to blanket additional insured coverage. Look for language like ""certificate holder is additional insured"" or ""per written contract"".",matchOnce,must be present,,,non_compliant,Block Requirements,,,true,0,,2026-08-16
"Block Real Estate Services, LLC",69fdf7b562446148bd85c477,69fded2262446148bd8491fb,Thai Chili Cuisine,69fdf1fc3b208288e0a86ed1,"tic827 - Westchester Square Shopping Centre {Westchester 87 Investors, LLC}",evidenceOfInsurance,Evidence of Insurance,6ac20aae-5728-5d57-b364-aeba38527dba,Additional Requirements,e1017741-e47e-5f58-97b8-fbc3043e919f,Umbrella follows form over General Liability,"---prompt---
Determine if the Umbrella/Excess Liability policy follows form to the underlying policies. Evidence may include: language in the Description of Operations section stating the umbrella follows form to underlying coverages or an additional page endorsement stating that it follows form. Follow form means the umbrella policy adopts the same terms, conditions, and exclusions as the underlying policies.",matchOnce,must be present,,,non_compliant,Block Requirements,,,true,0,,2026-08-16
"Block Real Estate Services, LLC",69fdf7b562446148bd85c477,69fded2262446148bd8491fb,Thai Chili Cuisine,69fdf1fc3b208288e0a86ed1,"tic827 - Westchester Square Shopping Centre {Westchester 87 Investors, LLC}",evidenceOfInsurance,Evidence of Insurance,6ac20aae-5728-5d57-b364-aeba38527dba,Additional Requirements,2cdd866f-c9a4-576a-afd8-1d045762790c,The location must be listed as: 8611 Hauser Court Lenexa KS 66215,,matchOnce,must be present,,,non_compliant,Block Requirements,,,true,0,,2026-08-16
"Block Real Estate Services, LLC",69fdf7b562446148bd85c477,69fded2262446148bd8491fb,Thai Chili Cuisine,69fdf1fc3b208288e0a86ed1,"tic827 - Westchester Square Shopping Centre {Westchester 87 Investors, LLC}",evidenceOfInsurance,Evidence of Insurance,6ac20aae-5728-5d57-b364-aeba38527dba,Additional Requirements,3649e9d1-4e09-59bf-8f30-cb33c40cf117,"Certificate Holder must read: c/o Block Real Estate Services, LLC, 4622 Pennsylvania St., Suite 700, Kansas City, MO, 64112",,matchOnce,must be present,,,non_compliant,Block Requirements,,,true,0,,2026-08-16
"Block Real Estate Services, LLC",6a46aa6469f1b5416f79aecc,6a46a9fb881712769bd59566,"Parkway Animal Hospital / Village Vet, LLC",69fdf1fc3b208288e0a86ed1,"tic827 - Westchester Square Shopping Centre {Westchester 87 Investors, LLC}",evidenceOfInsurance,Evidence of Insurance,commercialGeneralLiability,Commercial General Liability,evidenceOfInsuranceCommercialGeneralLiabilityCoverageTriggerOccurrence,Coverage Trigger: Occurrence,,matchOnce,must be present,,,non_compliant,Block Requirements,,,false,0,,2026-08-16
"Block Real Estate Services, LLC",6a46aa6469f1b5416f79aecc,6a46a9fb881712769bd59566,"Parkway Animal Hospital / Village Vet, LLC",69fdf1fc3b208288e0a86ed1,"tic827 - Westchester Square Shopping Centre {Westchester 87 Investors, LLC}",evidenceOfInsurance,Evidence of Insurance,commercialGeneralLiability,Commercial General Liability,evidenceOfInsuranceCommercialGeneralLiabilityGeneralAggregateLimitAppliesPerLocation,General Aggregate Limit Applies per: Location,,matchOnce,must be present,,,non_compliant,Block Requirements,,,false,0,,2026-08-16
"Block Real Estate Services, LLC",6a46aa6469f1b5416f79aecc,6a46a9fb881712769bd59566,"Parkway Animal Hospital / Village Vet, LLC",69fdf1fc3b208288e0a86ed1,"tic827 - Westchester Square Shopping Centre {Westchester 87 Investors, LLC}",evidenceOfInsurance,Evidence of Insurance,commercialGeneralLiability,Commercial General Liability,evidenceOfInsuranceCommercialGeneralLiabilityEachOccurrence,Each Occurrence,,matchOnce,must be greater or equal to,1000000,,non_compliant,Block Requirements,,,false,0,,2026-08-16
"Block Real Estate Services, LLC",6a46aa6469f1b5416f79aecc,6a46a9fb881712769bd59566,"Parkway Animal Hospital / Village Vet, LLC",69fdf1fc3b208288e0a86ed1,"tic827 - Westchester Square Shopping Centre {Westchester 87 Investors, LLC}",evidenceOfInsurance,Evidence of Insurance,commercialGeneralLiability,Commercial General Liability,evidenceOfInsuranceCommercialGeneralLiabilityGeneralAggregate,General Aggregate,,matchOnce,must be greater or equal to,2000000,,non_compliant,Block Requirements,,,false,0,,2026-08-16
"Block Real Estate Services, LLC",6a46aa6469f1b5416f79aecc,6a46a9fb881712769bd59566,"Parkway Animal Hospital / Village Vet, LLC",69fdf1fc3b208288e0a86ed1,"tic827 - Westchester Square Shopping Centre {Westchester 87 Investors, LLC}",evidenceOfInsurance,Evidence of Insurance,commercialGeneralLiability,Commercial General Liability,evidenceOfInsuranceCommercialGeneralLiabilityWaiverOfSubrogationEndorsement,Waiver of Subrogation,"---prompt---
Determine if the insurer has waived their right of subrogation in favor of the certificate holder under the Commercial General Liability policy. Evidence may include: a checked ""Waiver of Subrogation"" box on the certificate, mention in the Description of Operations section stating ""waiver of subrogation applies"", or reference to form CG 24 04. Look for language like ""subrogation is waived"" or ""per written contract"".",matchOnce,must be present,,,non_compliant,Block Requirements,,,false,0,,2026-08-16
"Block Real Estate Services, LLC",6a46aa6469f1b5416f79aecc,6a46a9fb881712769bd59566,"Parkway Animal Hospital / Village Vet, LLC",69fdf1fc3b208288e0a86ed1,"tic827 - Westchester Square Shopping Centre {Westchester 87 Investors, LLC}",evidenceOfInsurance,Evidence of Insurance,excessOrUmbrellaLiability,Umbrella/Excess Liability,evidenceOfInsuranceExcessOrUmbrellaLiabilityOccurence,Coverage Trigger: Occurrence,,matchOnce,must be present,,,non_compliant,Block Requirements,,,false,0,,2026-08-16
"Block Real Estate Services, LLC",6a46aa6469f1b5416f79aecc,6a46a9fb881712769bd59566,"Parkway Animal Hospital / Village Vet, LLC",69fdf1fc3b208288e0a86ed1,"tic827 - Westchester Square Shopping Centre {Westchester 87 Investors, LLC}",evidenceOfInsurance,Evidence of Insurance,excessOrUmbrellaLiability,Umbrella/Excess Liability,evidenceOfInsuranceExcessOrUmbrellaLiabilityEachOccurrence,Each Occurrence,,matchOnce,must be greater or equal to,1000000,,non_compliant,Block Requirements,,,false,0,,2026-08-16
"Block Real Estate Services, LLC",6a46aa6469f1b5416f79aecc,6a46a9fb881712769bd59566,"Parkway Animal Hospital / Village Vet, LLC",69fdf1fc3b208288e0a86ed1,"tic827 - Westchester Square Shopping Centre {Westchester 87 Investors, LLC}",evidenceOfInsurance,Evidence of Insurance,excessOrUmbrellaLiability,Umbrella/Excess Liability,evidenceOfInsuranceExcessOrUmbrellaLiabilityAggregate,Aggregate,,matchOnce,must be greater or equal to,1000000,,non_compliant,Block Requirements,,,false,0,,2026-08-16
"Block Real Estate Services, LLC",6a46aa6469f1b5416f79aecc,6a46a9fb881712769bd59566,"Parkway Animal Hospital / Village Vet, LLC",69fdf1fc3b208288e0a86ed1,"tic827 - Westchester Square Shopping Centre {Westchester 87 Investors, LLC}",evidenceOfInsurance,Evidence of Insurance,workersCompensation,Workers' Compensation and Employer's Liability,evidenceOfInsuranceWorkersCompensationStatutoryLimits,Statutory Limits,,matchOnce,must be present,,,non_compliant,Block Requirements,,,false,0,,2026-08-16
"Block Real Estate Services, LLC",6a46aa6469f1b5416f79aecc,6a46a9fb881712769bd59566,"Parkway Animal Hospital / Village Vet, LLC",69fdf1fc3b208288e0a86ed1,"tic827 - Westchester Square Shopping Centre {Westchester 87 Investors, LLC}",evidenceOfInsurance,Evidence of Insurance,workersCompensation,Workers' Compensation and Employer's Liability,evidenceOfInsuranceWorkersCompensationEmployersLiabilityEachAccident,Employer's Liability Each Accident,,matchOnce,must be greater or equal to,500000,,non_compliant,Block Requirements,,,false,0,,2026-08-16
"Block Real Estate Services, LLC",6a46aa6469f1b5416f79aecc,6a46a9fb881712769bd59566,"Parkway Animal Hospital / Village Vet, LLC",69fdf1fc3b208288e0a86ed1,"tic827 - Westchester Square Shopping Centre {Westchester 87 Investors, LLC}",evidenceOfInsurance,Evidence of Insurance,workersCompensation,Workers' Compensation and Employer's Liability,evidenceOfInsuranceWorkersCompensationEmployersLiabilityDiseaseEachEmployee,Employer's Liability Disease - each employee,,matchOnce,must be greater or equal to,500000,,non_compliant,Block Requirements,,,false,0,,2026-08-16
"Block Real Estate Services, LLC",6a46aa6469f1b5416f79aecc,6a46a9fb881712769bd59566,"Parkway Animal Hospital / Village Vet, LLC",69fdf1fc3b208288e0a86ed1,"tic827 - Westchester Square Shopping Centre {Westchester 87 Investors, LLC}",evidenceOfInsurance,Evidence of Insurance,workersCompensation,Workers' Compensation and Employer's Liability,evidenceOfInsuranceWorkersCompensationEmployersLiabilityDiseasePolicyLimit,Employer's Liability Disease - policy limit,,matchOnce,must be greater or equal to,500000,,non_compliant,Block Requirements,,,false,0,,2026-08-16
"Block Real Estate Services, LLC",6a46aa6469f1b5416f79aecc,6a46a9fb881712769bd59566,"Parkway Animal Hospital / Village Vet, LLC",69fdf1fc3b208288e0a86ed1,"tic827 - Westchester Square Shopping Centre {Westchester 87 Investors, LLC}",evidenceOfInsurance,Evidence of Insurance,workersCompensation,Workers' Compensation and Employer's Liability,evidenceOfInsuranceWorkersCompensationWaiverOfSubrogationEndorsement,Waiver of Subrogation,"---prompt---
Determine if the insurer has waived their right of subrogation in favor of the certificate holder under the Workers' Compensation policy. Evidence may include: a checked ""Waiver of Subrogation"" box on the certificate, mention in the Description of Operations section stating ""waiver of subrogation applies"", or reference to form WC 00 03 13. Look for language like ""subrogation is waived"" or ""per written contract"".",matchOnce,must be present,,,non_compliant,Block Requirements,,,false,0,,2026-08-16
"Block Real Estate Services, LLC",6a46aa6469f1b5416f79aecc,6a46a9fb881712769bd59566,"Parkway Animal Hospital / Village Vet, LLC",69fdf1fc3b208288e0a86ed1,"tic827 - Westchester Square Shopping Centre {Westchester 87 Investors, LLC}",evidenceOfInsurance,Evidence of Insurance,6ac20aae-5728-5d57-b364-aeba38527dba,Additional Requirements,4da5b0f1-4c9d-5885-8cf8-5d3cccaed3e0,"Block Real Estate Services, LLC and all others required by contract are named as Additional Insureds","---prompt---
Determine if the Description of Operations or the Additional Remarks Schedule section states the ""Additional Insured as Construction Management, Inc. and all others required by contract"" or reference to blanket additional insured coverage. Look for language like ""certificate holder is additional insured"" or ""per written contract"".",matchOnce,must be present,,,non_compliant,Block Requirements,,,true,0,,2026-08-16
"Block Real Estate Services, LLC",6a46aa6469f1b5416f79aecc,6a46a9fb881712769bd59566,"Parkway Animal Hospital / Village Vet, LLC",69fdf1fc3b208288e0a86ed1,"tic827 - Westchester Square Shopping Centre {Westchester 87 Investors, LLC}",evidenceOfInsurance,Evidence of Insurance,6ac20aae-5728-5d57-b364-aeba38527dba,Additional Requirements,e1017741-e47e-5f58-97b8-fbc3043e919f,Umbrella follows form over General Liability,"---prompt---
Determine if the Umbrella/Excess Liability policy follows form to the underlying policies. Evidence may include: language in the Description of Operations section stating the umbrella follows form to underlying coverages or an additional page endorsement stating that it follows form. Follow form means the umbrella policy adopts the same terms, conditions, and exclusions as the underlying policies.",matchOnce,must be present,,,non_compliant,Block Requirements,,,true,0,,2026-08-16
"Block Real Estate Services, LLC",6a46aa6469f1b5416f79aecc,6a46a9fb881712769bd59566,"Parkway Animal Hospital / Village Vet, LLC",69fdf1fc3b208288e0a86ed1,"tic827 - Westchester Square Shopping Centre {Westchester 87 Investors, LLC}",evidenceOfInsurance,Evidence of Insurance,6ac20aae-5728-5d57-b364-aeba38527dba,Additional Requirements,2cdd866f-c9a4-576a-afd8-1d045762790c,"The location must be listed as: 8645 Hauser Court, Lenexa, KS 66215",,matchOnce,must be present,,,non_compliant,Block Requirements,,,true,0,,2026-08-16
"Block Real Estate Services, LLC",6a46aa6469f1b5416f79aecc,6a46a9fb881712769bd59566,"Parkway Animal Hospital / Village Vet, LLC",69fdf1fc3b208288e0a86ed1,"tic827 - Westchester Square Shopping Centre {Westchester 87 Investors, LLC}",evidenceOfInsurance,Evidence of Insurance,6ac20aae-5728-5d57-b364-aeba38527dba,Additional Requirements,3649e9d1-4e09-59bf-8f30-cb33c40cf117,"Certificate Holder must read: c/o Block Real Estate Services, LLC, 4622 Pennsylvania St., Suite 700, Kansas City, MO, 64112",,matchOnce,must be present,,,non_compliant,Block Requirements,,,true,0,,2026-08-16
"Block Real Estate Services, LLC",6a46b10929f90f4137e0033e,69fded2162446148bd8491b6,Creative Nails / Steven Lam & Bang Nguyen,69fdf1fc3b208288e0a86ed1,"tic827 - Westchester Square Shopping Centre {Westchester 87 Investors, LLC}",evidenceOfInsurance,Evidence of Insurance,commercialGeneralLiability,Commercial General Liability,evidenceOfInsuranceCommercialGeneralLiabilityCoverageTriggerOccurrence,Coverage Trigger: Occurrence,,matchOnce,must be present,,,non_compliant,Block Requirements,,,false,0,,2026-08-16
"Block Real Estate Services, LLC",6a46b10929f90f4137e0033e,69fded2162446148bd8491b6,Creative Nails / Steven Lam & Bang Nguyen,69fdf1fc3b208288e0a86ed1,"tic827 - Westchester Square Shopping Centre {Westchester 87 Investors, LLC}",evidenceOfInsurance,Evidence of Insurance,commercialGeneralLiability,Commercial General Liability,evidenceOfInsuranceCommercialGeneralLiabilityGeneralAggregateLimitAppliesPerLocation,General Aggregate Limit Applies per: Location,,matchOnce,must be present,,,non_compliant,Block Requirements,,,false,0,,2026-08-16
"Block Real Estate Services, LLC",6a46b10929f90f4137e0033e,69fded2162446148bd8491b6,Creative Nails / Steven Lam & Bang Nguyen,69fdf1fc3b208288e0a86ed1,"tic827 - Westchester Square Shopping Centre {Westchester 87 Investors, LLC}",evidenceOfInsurance,Evidence of Insurance,commercialGeneralLiability,Commercial General Liability,evidenceOfInsuranceCommercialGeneralLiabilityEachOccurrence,Each Occurrence,,matchOnce,must be greater or equal to,1000000,,non_compliant,Block Requirements,,,false,0,,2026-08-16
"Block Real Estate Services, LLC",6a46b10929f90f4137e0033e,69fded2162446148bd8491b6,Creative Nails / Steven Lam & Bang Nguyen,69fdf1fc3b208288e0a86ed1,"tic827 - Westchester Square Shopping Centre {Westchester 87 Investors, LLC}",evidenceOfInsurance,Evidence of Insurance,commercialGeneralLiability,Commercial General Liability,evidenceOfInsuranceCommercialGeneralLiabilityGeneralAggregate,General Aggregate,,matchOnce,must be greater or equal to,2000000,,non_compliant,Block Requirements,,,false,0,,2026-08-16
"Block Real Estate Services, LLC",6a46b10929f90f4137e0033e,69fded2162446148bd8491b6,Creative Nails / Steven Lam & Bang Nguyen,69fdf1fc3b208288e0a86ed1,"tic827 - Westchester Square Shopping Centre {Westchester 87 Investors, LLC}",evidenceOfInsurance,Evidence of Insurance,commercialGeneralLiability,Commercial General Liability,evidenceOfInsuranceCommercialGeneralLiabilityWaiverOfSubrogationEndorsement,Waiver of Subrogation,"---prompt---
Determine if the insurer has waived their right of subrogation in favor of the certificate holder under the Commercial General Liability policy. Evidence may include: a checked ""Waiver of Subrogation"" box on the certificate, mention in the Description of Operations section stating ""waiver of subrogation applies"", or reference to form CG 24 04. Look for language like ""subrogation is waived"" or ""per written contract"".",matchOnce,must be present,,,non_compliant,Block Requirements,,,false,0,,2026-08-16
"Block Real Estate Services, LLC",6a46b10929f90f4137e0033e,69fded2162446148bd8491b6,Creative Nails / Steven Lam & Bang Nguyen,69fdf1fc3b208288e0a86ed1,"tic827 - Westchester Square Shopping Centre {Westchester 87 Investors, LLC}",evidenceOfInsurance,Evidence of Insurance,excessOrUmbrellaLiability,Umbrella/Excess Liability,evidenceOfInsuranceExcessOrUmbrellaLiabilityOccurence,Coverage Trigger: Occurrence,,matchOnce,must be present,,,non_compliant,Block Requirements,,,false,0,,2026-08-16
"Block Real Estate Services, LLC",6a46b10929f90f4137e0033e,69fded2162446148bd8491b6,Creative Nails / Steven Lam & Bang Nguyen,69fdf1fc3b208288e0a86ed1,"tic827 - Westchester Square Shopping Centre {Westchester 87 Investors, LLC}",evidenceOfInsurance,Evidence of Insurance,excessOrUmbrellaLiability,Umbrella/Excess Liability,evidenceOfInsuranceExcessOrUmbrellaLiabilityEachOccurrence,Each Occurrence,,matchOnce,must be greater or equal to,1000000,,non_compliant,Block Requirements,,,false,0,,2026-08-16
"Block Real Estate Services, LLC",6a46b10929f90f4137e0033e,69fded2162446148bd8491b6,Creative Nails / Steven Lam & Bang Nguyen,69fdf1fc3b208288e0a86ed1,"tic827 - Westchester Square Shopping Centre {Westchester 87 Investors, LLC}",evidenceOfInsurance,Evidence of Insurance,excessOrUmbrellaLiability,Umbrella/Excess Liability,evidenceOfInsuranceExcessOrUmbrellaLiabilityAggregate,Aggregate,,matchOnce,must be greater or equal to,1000000,,non_compliant,Block Requirements,,,false,0,,2026-08-16
"Block Real Estate Services, LLC",6a46b10929f90f4137e0033e,69fded2162446148bd8491b6,Creative Nails / Steven Lam & Bang Nguyen,69fdf1fc3b208288e0a86ed1,"tic827 - Westchester Square Shopping Centre {Westchester 87 Investors, LLC}",evidenceOfInsurance,Evidence of Insurance,workersCompensation,Workers' Compensation and Employer's Liability,evidenceOfInsuranceWorkersCompensationStatutoryLimits,Statutory Limits,,matchOnce,must be present,,,non_compliant,Block Requirements,,,false,0,,2026-08-16
"Block Real Estate Services, LLC",6a46b10929f90f4137e0033e,69fded2162446148bd8491b6,Creative Nails / Steven Lam & Bang Nguyen,69fdf1fc3b208288e0a86ed1,"tic827 - Westchester Square Shopping Centre {Westchester 87 Investors, LLC}",evidenceOfInsurance,Evidence of Insurance,workersCompensation,Workers' Compensation and Employer's Liability,evidenceOfInsuranceWorkersCompensationEmployersLiabilityEachAccident,Employer's Liability Each Accident,,matchOnce,must be greater or equal to,500000,,non_compliant,Block Requirements,,,false,0,,2026-08-16
"Block Real Estate Services, LLC",6a46b10929f90f4137e0033e,69fded2162446148bd8491b6,Creative Nails / Steven Lam & Bang Nguyen,69fdf1fc3b208288e0a86ed1,"tic827 - Westchester Square Shopping Centre {Westchester 87 Investors, LLC}",evidenceOfInsurance,Evidence of Insurance,workersCompensation,Workers' Compensation and Employer's Liability,evidenceOfInsuranceWorkersCompensationEmployersLiabilityDiseaseEachEmployee,Employer's Liability Disease - each employee,,matchOnce,must be greater or equal to,500000,,non_compliant,Block Requirements,,,false,0,,2026-08-16
"Block Real Estate Services, LLC",6a46b10929f90f4137e0033e,69fded2162446148bd8491b6,Creative Nails / Steven Lam & Bang Nguyen,69fdf1fc3b208288e0a86ed1,"tic827 - Westchester Square Shopping Centre {Westchester 87 Investors, LLC}",evidenceOfInsurance,Evidence of Insurance,workersCompensation,Workers' Compensation and Employer's Liability,evidenceOfInsuranceWorkersCompensationEmployersLiabilityDiseasePolicyLimit,Employer's Liability Disease - policy limit,,matchOnce,must be greater or equal to,500000,,non_compliant,Block Requirements,,,false,0,,2026-08-16
"Block Real Estate Services, LLC",6a46b10929f90f4137e0033e,69fded2162446148bd8491b6,Creative Nails / Steven Lam & Bang Nguyen,69fdf1fc3b208288e0a86ed1,"tic827 - Westchester Square Shopping Centre {Westchester 87 Investors, LLC}",evidenceOfInsurance,Evidence of Insurance,workersCompensation,Workers' Compensation and Employer's Liability,evidenceOfInsuranceWorkersCompensationWaiverOfSubrogationEndorsement,Waiver of Subrogation,"---prompt---
Determine if the insurer has waived their right of subrogation in favor of the certificate holder under the Workers' Compensation policy. Evidence may include: a checked ""Waiver of Subrogation"" box on the certificate, mention in the Description of Operations section stating ""waiver of subrogation applies"", or reference to form WC 00 03 13. Look for language like ""subrogation is waived"" or ""per written contract"".",matchOnce,must be present,,,non_compliant,Block Requirements,,,false,0,,2026-08-16
"Block Real Estate Services, LLC",6a46b10929f90f4137e0033e,69fded2162446148bd8491b6,Creative Nails / Steven Lam & Bang Nguyen,69fdf1fc3b208288e0a86ed1,"tic827 - Westchester Square Shopping Centre {Westchester 87 Investors, LLC}",evidenceOfInsurance,Evidence of Insurance,6ac20aae-5728-5d57-b364-aeba38527dba,Additional Requirements,4da5b0f1-4c9d-5885-8cf8-5d3cccaed3e0,"Block Real Estate Services, LLC and all others required by contract are named as Additional Insureds","---prompt---
Determine if the Description of Operations or the Additional Remarks Schedule section states the ""Additional Insured as Construction Management, Inc. and all others required by contract"" or reference to blanket additional insured coverage. Look for language like ""certificate holder is additional insured"" or ""per written contract"".",matchOnce,must be present,,,non_compliant,Block Requirements,,,true,0,,2026-08-16
"Block Real Estate Services, LLC",6a46b10929f90f4137e0033e,69fded2162446148bd8491b6,Creative Nails / Steven Lam & Bang Nguyen,69fdf1fc3b208288e0a86ed1,"tic827 - Westchester Square Shopping Centre {Westchester 87 Investors, LLC}",evidenceOfInsurance,Evidence of Insurance,6ac20aae-5728-5d57-b364-aeba38527dba,Additional Requirements,e1017741-e47e-5f58-97b8-fbc3043e919f,Umbrella follows form over General Liability,"---prompt---
Determine if the Umbrella/Excess Liability policy follows form to the underlying policies. Evidence may include: language in the Description of Operations section stating the umbrella follows form to underlying coverages or an additional page endorsement stating that it follows form. Follow form means the umbrella policy adopts the same terms, conditions, and exclusions as the underlying policies.",matchOnce,must be present,,,non_compliant,Block Requirements,,,true,0,,2026-08-16
"Block Real Estate Services, LLC",6a46b10929f90f4137e0033e,69fded2162446148bd8491b6,Creative Nails / Steven Lam & Bang Nguyen,69fdf1fc3b208288e0a86ed1,"tic827 - Westchester Square Shopping Centre {Westchester 87 Investors, LLC}",evidenceOfInsurance,Evidence of Insurance,6ac20aae-5728-5d57-b364-aeba38527dba,Additional Requirements,2cdd866f-c9a4-576a-afd8-1d045762790c,"The location must be listed as: 8619/8625 Hauser Court, Lenexa, KS 66215",,matchOnce,must be present,,,non_compliant,Block Requirements,,,true,0,,2026-08-16
"Block Real Estate Services, LLC",6a46b10929f90f4137e0033e,69fded2162446148bd8491b6,Creative Nails / Steven Lam & Bang Nguyen,69fdf1fc3b208288e0a86ed1,"tic827 - Westchester Square Shopping Centre {Westchester 87 Investors, LLC}",evidenceOfInsurance,Evidence of Insurance,6ac20aae-5728-5d57-b364-aeba38527dba,Additional Requirements,3649e9d1-4e09-59bf-8f30-cb33c40cf117,"Certificate Holder must read: c/o Block Real Estate Services, LLC, 4622 Pennsylvania St., Suite 700, Kansas City, MO, 64112",,matchOnce,must be present,,,non_compliant,Block Requirements,,,true,0,,2026-08-16
"Block Real Estate Services, LLC",6a71feac91042af52de61518,6a71fe9c1df1817c9d72a945,"Thrift World, Inc.",69fdf1fc3b208288e0a86ed1,"tic827 - Westchester Square Shopping Centre {Westchester 87 Investors, LLC}",evidenceOfInsurance,Evidence of Insurance,commercialGeneralLiability,Commercial General Liability,evidenceOfInsuranceCommercialGeneralLiabilityCoverageTriggerOccurrence,Coverage Trigger: Occurrence,,matchOnce,must be present,,,non_compliant,Block Requirements,,,false,0,,2026-08-16
"Block Real Estate Services, LLC",6a71feac91042af52de61518,6a71fe9c1df1817c9d72a945,"Thrift World, Inc.",69fdf1fc3b208288e0a86ed1,"tic827 - Westchester Square Shopping Centre {Westchester 87 Investors, LLC}",evidenceOfInsurance,Evidence of Insurance,commercialGeneralLiability,Commercial General Liability,evidenceOfInsuranceCommercialGeneralLiabilityGeneralAggregateLimitAppliesPerLocation,General Aggregate Limit Applies per: Location,,matchOnce,must be present,,,waived,Block Requirements,Per location not a requirement in the lease,,false,0,,2026-08-16
"Block Real Estate Services, LLC",6a71feac91042af52de61518,6a71fe9c1df1817c9d72a945,"Thrift World, Inc.",69fdf1fc3b208288e0a86ed1,"tic827 - Westchester Square Shopping Centre {Westchester 87 Investors, LLC}",evidenceOfInsurance,Evidence of Insurance,commercialGeneralLiability,Commercial General Liability,evidenceOfInsuranceCommercialGeneralLiabilityEachOccurrence,Each Occurrence,,matchOnce,must be greater or equal to,1000000,,non_compliant,Block Requirements,,,false,0,,2026-08-16
"Block Real Estate Services, LLC",6a71feac91042af52de61518,6a71fe9c1df1817c9d72a945,"Thrift World, Inc.",69fdf1fc3b208288e0a86ed1,"tic827 - Westchester Square Shopping Centre {Westchester 87 Investors, LLC}",evidenceOfInsurance,Evidence of Insurance,commercialGeneralLiability,Commercial General Liability,evidenceOfInsuranceCommercialGeneralLiabilityGeneralAggregate,General Aggregate,,matchOnce,must be greater or equal to,2000000,,non_compliant,Block Requirements,,,false,0,,2026-08-16
"Block Real Estate Services, LLC",6a71feac91042af52de61518,6a71fe9c1df1817c9d72a945,"Thrift World, Inc.",69fdf1fc3b208288e0a86ed1,"tic827 - Westchester Square Shopping Centre {Westchester 87 Investors, LLC}",evidenceOfInsurance,Evidence of Insurance,commercialGeneralLiability,Commercial General Liability,evidenceOfInsuranceCommercialGeneralLiabilityWaiverOfSubrogationEndorsement,Waiver of Subrogation,"---prompt---
Determine if the insurer has waived their right of subrogation in favor of the certificate holder under the Commercial General Liability policy. Evidence may include: a checked ""Waiver of Subrogation"" box on the certificate, mention in the Description of Operations section stating ""waiver of subrogation applies"", or reference to form CG 24 04. Look for language like ""subrogation is waived"" or ""per written contract"".",matchOnce,must be present,,,non_compliant,Block Requirements,,,false,0,,2026-08-16
"Block Real Estate Services, LLC",6a71feac91042af52de61518,6a71fe9c1df1817c9d72a945,"Thrift World, Inc.",69fdf1fc3b208288e0a86ed1,"tic827 - Westchester Square Shopping Centre {Westchester 87 Investors, LLC}",evidenceOfInsurance,Evidence of Insurance,excessOrUmbrellaLiability,Umbrella/Excess Liability,evidenceOfInsuranceExcessOrUmbrellaLiabilityOccurence,Coverage Trigger: Occurrence,,matchOnce,must be present,,,waived,Block Requirements,,,false,0,,2026-08-16
"Block Real Estate Services, LLC",6a71feac91042af52de61518,6a71fe9c1df1817c9d72a945,"Thrift World, Inc.",69fdf1fc3b208288e0a86ed1,"tic827 - Westchester Square Shopping Centre {Westchester 87 Investors, LLC}",evidenceOfInsurance,Evidence of Insurance,excessOrUmbrellaLiability,Umbrella/Excess Liability,evidenceOfInsuranceExcessOrUmbrellaLiabilityEachOccurrence,Each Occurrence,,matchOnce,must be greater or equal to,1000000,,waived,Block Requirements,,,false,0,,2026-08-16
"Block Real Estate Services, LLC",6a71feac91042af52de61518,6a71fe9c1df1817c9d72a945,"Thrift World, Inc.",69fdf1fc3b208288e0a86ed1,"tic827 - Westchester Square Shopping Centre {Westchester 87 Investors, LLC}",evidenceOfInsurance,Evidence of Insurance,excessOrUmbrellaLiability,Umbrella/Excess Liability,evidenceOfInsuranceExcessOrUmbrellaLiabilityAggregate,Aggregate,,matchOnce,must be greater or equal to,1000000,,waived,Block Requirements,,,false,0,,2026-08-16
"Block Real Estate Services, LLC",6a71feac91042af52de61518,6a71fe9c1df1817c9d72a945,"Thrift World, Inc.",69fdf1fc3b208288e0a86ed1,"tic827 - Westchester Square Shopping Centre {Westchester 87 Investors, LLC}",evidenceOfInsurance,Evidence of Insurance,workersCompensation,Workers' Compensation and Employer's Liability,evidenceOfInsuranceWorkersCompensationStatutoryLimits,Statutory Limits,,matchOnce,must be present,,,waived,Block Requirements,,,false,0,,2026-08-16
"Block Real Estate Services, LLC",6a71feac91042af52de61518,6a71fe9c1df1817c9d72a945,"Thrift World, Inc.",69fdf1fc3b208288e0a86ed1,"tic827 - Westchester Square Shopping Centre {Westchester 87 Investors, LLC}",evidenceOfInsurance,Evidence of Insurance,workersCompensation,Workers' Compensation and Employer's Liability,evidenceOfInsuranceWorkersCompensationEmployersLiabilityEachAccident,Employer's Liability Each Accident,,matchOnce,must be greater or equal to,500000,,waived,Block Requirements,,,false,0,,2026-08-16
"Block Real Estate Services, LLC",6a71feac91042af52de61518,6a71fe9c1df1817c9d72a945,"Thrift World, Inc.",69fdf1fc3b208288e0a86ed1,"tic827 - Westchester Square Shopping Centre {Westchester 87 Investors, LLC}",evidenceOfInsurance,Evidence of Insurance,workersCompensation,Workers' Compensation and Employer's Liability,evidenceOfInsuranceWorkersCompensationEmployersLiabilityDiseaseEachEmployee,Employer's Liability Disease - each employee,,matchOnce,must be greater or equal to,500000,,waived,Block Requirements,,,false,0,,2026-08-16
"Block Real Estate Services, LLC",6a71feac91042af52de61518,6a71fe9c1df1817c9d72a945,"Thrift World, Inc.",69fdf1fc3b208288e0a86ed1,"tic827 - Westchester Square Shopping Centre {Westchester 87 Investors, LLC}",evidenceOfInsurance,Evidence of Insurance,workersCompensation,Workers' Compensation and Employer's Liability,evidenceOfInsuranceWorkersCompensationEmployersLiabilityDiseasePolicyLimit,Employer's Liability Disease - policy limit,,matchOnce,must be greater or equal to,500000,,waived,Block Requirements,,,false,0,,2026-08-16
"Block Real Estate Services, LLC",6a71feac91042af52de61518,6a71fe9c1df1817c9d72a945,"Thrift World, Inc.",69fdf1fc3b208288e0a86ed1,"tic827 - Westchester Square Shopping Centre {Westchester 87 Investors, LLC}",evidenceOfInsurance,Evidence of Insurance,workersCompensation,Workers' Compensation and Employer's Liability,evidenceOfInsuranceWorkersCompensationWaiverOfSubrogationEndorsement,Waiver of Subrogation,"---prompt---
Determine if the insurer has waived their right of subrogation in favor of the certificate holder under the Workers' Compensation policy. Evidence may include: a checked ""Waiver of Subrogation"" box on the certificate, mention in the Description of Operations section stating ""waiver of subrogation applies"", or reference to form WC 00 03 13. Look for language like ""subrogation is waived"" or ""per written contract"".",matchOnce,must be present,,,waived,Block Requirements,,,false,0,,2026-08-16
"Block Real Estate Services, LLC",6a71feac91042af52de61518,6a71fe9c1df1817c9d72a945,"Thrift World, Inc.",69fdf1fc3b208288e0a86ed1,"tic827 - Westchester Square Shopping Centre {Westchester 87 Investors, LLC}",evidenceOfInsurance,Evidence of Insurance,6ac20aae-5728-5d57-b364-aeba38527dba,Additional Requirements,4da5b0f1-4c9d-5885-8cf8-5d3cccaed3e0,"Block Real Estate Services, LLC and all others required by contract are named as Additional Insureds","---prompt---
Determine if the Description of Operations or the Additional Remarks Schedule section states the ""Additional Insured as Construction Management, Inc. and all others required by contract"" or reference to blanket additional insured coverage. Look for language like ""certificate holder is additional insured"" or ""per written contract"".",matchOnce,must be present,,,non_compliant,Block Requirements,,,true,0,,2026-08-16
"Block Real Estate Services, LLC",6a71feac91042af52de61518,6a71fe9c1df1817c9d72a945,"Thrift World, Inc.",69fdf1fc3b208288e0a86ed1,"tic827 - Westchester Square Shopping Centre {Westchester 87 Investors, LLC}",evidenceOfInsurance,Evidence of Insurance,6ac20aae-5728-5d57-b364-aeba38527dba,Additional Requirements,e1017741-e47e-5f58-97b8-fbc3043e919f,Umbrella follows form over General Liability,"---prompt---
Determine if the Umbrella/Excess Liability policy follows form to the underlying policies. Evidence may include: language in the Description of Operations section stating the umbrella follows form to underlying coverages or an additional page endorsement stating that it follows form. Follow form means the umbrella policy adopts the same terms, conditions, and exclusions as the underlying policies.",matchOnce,must be present,,,waived,Block Requirements,Umbrella Liability not a requirement in the lease,,true,0,,2026-08-16
"Block Real Estate Services, LLC",6a71feac91042af52de61518,6a71fe9c1df1817c9d72a945,"Thrift World, Inc.",69fdf1fc3b208288e0a86ed1,"tic827 - Westchester Square Shopping Centre {Westchester 87 Investors, LLC}",evidenceOfInsurance,Evidence of Insurance,6ac20aae-5728-5d57-b364-aeba38527dba,Additional Requirements,2cdd866f-c9a4-576a-afd8-1d045762790c,"The location must be listed as: 13400 W 87th St Pkwy, Lenexa, KS 66215",,matchOnce,must be present,,,non_compliant,Block Requirements,,,true,0,,2026-08-16
"Block Real Estate Services, LLC",6a71feac91042af52de61518,6a71fe9c1df1817c9d72a945,"Thrift World, Inc.",69fdf1fc3b208288e0a86ed1,"tic827 - Westchester Square Shopping Centre {Westchester 87 Investors, LLC}",evidenceOfInsurance,Evidence of Insurance,6ac20aae-5728-5d57-b364-aeba38527dba,Additional Requirements,3649e9d1-4e09-59bf-8f30-cb33c40cf117,"Certificate Holder must read: c/o Block Real Estate Services, LLC, 4622 Pennsylvania St., Suite 700, Kansas City, MO, 64112",,matchOnce,must be present,,,non_compliant,Block Requirements,,,true,0,,2026-08-16
"Block Real Estate Services, LLC",69fdf78062446148bd8587de,69fded1362446148bd848d5a,Elliott Electric Supply Inc,69fdf0a3e45e7dcf5c438149,"lne435 - Lenexa Logistics Centre North Building 5 {LLCN 5, LLC}",evidenceOfInsurance,Evidence of Insurance,commercialGeneralLiability,Commercial General Liability,evidenceOfInsuranceCommercialGeneralLiabilityCoverageTriggerOccurrence,Coverage Trigger: Occurrence,,matchOnce,must be present,,Present,compliant,Block Requirements,,,false,1,,2026-08-16
"Block Real Estate Services, LLC",69fdf78062446148bd8587de,69fded1362446148bd848d5a,Elliott Electric Supply Inc,69fdf0a3e45e7dcf5c438149,"lne435 - Lenexa Logistics Centre North Building 5 {LLCN 5, LLC}",evidenceOfInsurance,Evidence of Insurance,commercialGeneralLiability,Commercial General Liability,evidenceOfInsuranceCommercialGeneralLiabilityGeneralAggregateLimitAppliesPerLocation,General Aggregate Limit Applies per: Location,,matchOnce,must be present,,Present,compliant,Block Requirements,,,false,1,,2026-08-16
"Block Real Estate Services, LLC",69fdf78062446148bd8587de,69fded1362446148bd848d5a,Elliott Electric Supply Inc,69fdf0a3e45e7dcf5c438149,"lne435 - Lenexa Logistics Centre North Building 5 {LLCN 5, LLC}",evidenceOfInsurance,Evidence of Insurance,commercialGeneralLiability,Commercial General Liability,evidenceOfInsuranceCommercialGeneralLiabilityEachOccurrence,Each Occurrence,,matchOnce,must be greater or equal to,1000000,1000000,compliant,Block Requirements,,,false,1,,2026-08-16
"Block Real Estate Services, LLC",69fdf78062446148bd8587de,69fded1362446148bd848d5a,Elliott Electric Supply Inc,69fdf0a3e45e7dcf5c438149,"lne435 - Lenexa Logistics Centre North Building 5 {LLCN 5, LLC}",evidenceOfInsurance,Evidence of Insurance,commercialGeneralLiability,Commercial General Liability,evidenceOfInsuranceCommercialGeneralLiabilityGeneralAggregate,General Aggregate,,matchOnce,must be greater or equal to,2000000,2000000,compliant,Block Requirements,,,false,1,,2026-08-16
"Block Real Estate Services, LLC",69fdf78062446148bd8587de,69fded1362446148bd848d5a,Elliott Electric Supply Inc,69fdf0a3e45e7dcf5c438149,"lne435 - Lenexa Logistics Centre North Building 5 {LLCN 5, LLC}",evidenceOfInsurance,Evidence of Insurance,commercialGeneralLiability,Commercial General Liability,evidenceOfInsuranceCommercialGeneralLiabilityWaiverOfSubrogationEndorsement,Waiver of Subrogation,"---prompt---
Determine if the insurer has waived their right of subrogation in favor of the certificate holder under the Commercial General Liability policy. Evidence may include: a checked ""Waiver of Subrogation"" box on the certificate, mention in the Description of Operations section stating ""waiver of subrogation applies"", or reference to form CG 24 04. Look for language like ""subrogation is waived"" or ""per written contract"".",matchOnce,must be present,,Present,compliant,Block Requirements,,,false,1,,2026-08-16
"Block Real Estate Services, LLC",69fdf78062446148bd8587de,69fded1362446148bd848d5a,Elliott Electric Supply Inc,69fdf0a3e45e7dcf5c438149,"lne435 - Lenexa Logistics Centre North Building 5 {LLCN 5, LLC}",evidenceOfInsurance,Evidence of Insurance,excessOrUmbrellaLiability,Umbrella/Excess Liability,evidenceOfInsuranceExcessOrUmbrellaLiabilityOccurence,Coverage Trigger: Occurrence,,matchOnce,must be present,,Present,compliant,Block Requirements,,,false,1,,2026-08-16
"Block Real Estate Services, LLC",69fdf78062446148bd8587de,69fded1362446148bd848d5a,Elliott Electric Supply Inc,69fdf0a3e45e7dcf5c438149,"lne435 - Lenexa Logistics Centre North Building 5 {LLCN 5, LLC}",evidenceOfInsurance,Evidence of Insurance,excessOrUmbrellaLiability,Umbrella/Excess Liability,evidenceOfInsuranceExcessOrUmbrellaLiabilityEachOccurrence,Each Occurrence,,matchOnce,must be greater or equal to,1000000,10000000,compliant,Block Requirements,,,false,1,,2026-08-16
"Block Real Estate Services, LLC",69fdf78062446148bd8587de,69fded1362446148bd848d5a,Elliott Electric Supply Inc,69fdf0a3e45e7dcf5c438149,"lne435 - Lenexa Logistics Centre North Building 5 {LLCN 5, LLC}",evidenceOfInsurance,Evidence of Insurance,excessOrUmbrellaLiability,Umbrella/Excess Liability,evidenceOfInsuranceExcessOrUmbrellaLiabilityAggregate,Aggregate,,matchOnce,must be greater or equal to,1000000,10000000,compliant,Block Requirements,,,false,1,,2026-08-16
"Block Real Estate Services, LLC",69fdf78062446148bd8587de,69fded1362446148bd848d5a,Elliott Electric Supply Inc,69fdf0a3e45e7dcf5c438149,"lne435 - Lenexa Logistics Centre North Building 5 {LLCN 5, LLC}",evidenceOfInsurance,Evidence of Insurance,workersCompensation,Workers' Compensation and Employer's Liability,evidenceOfInsuranceWorkersCompensationStatutoryLimits,Statutory Limits,,matchOnce,must be present,,Present,compliant,Block Requirements,,,false,1,,2026-08-16
"Block Real Estate Services, LLC",69fdf78062446148bd8587de,69fded1362446148bd848d5a,Elliott Electric Supply Inc,69fdf0a3e45e7dcf5c438149,"lne435 - Lenexa Logistics Centre North Building 5 {LLCN 5, LLC}",evidenceOfInsurance,Evidence of Insurance,workersCompensation,Workers' Compensation and Employer's Liability,evidenceOfInsuranceWorkersCompensationEmployersLiabilityEachAccident,Employer's Liability Each Accident,,matchOnce,must be greater or equal to,500000,1000000,compliant,Block Requirements,,,false,1,,2026-08-16
"Block Real Estate Services, LLC",69fdf78062446148bd8587de,69fded1362446148bd848d5a,Elliott Electric Supply Inc,69fdf0a3e45e7dcf5c438149,"lne435 - Lenexa Logistics Centre North Building 5 {LLCN 5, LLC}",evidenceOfInsurance,Evidence of Insurance,workersCompensation,Workers' Compensation and Employer's Liability,evidenceOfInsuranceWorkersCompensationEmployersLiabilityDiseaseEachEmployee,Employer's Liability Disease - each employee,,matchOnce,must be greater or equal to,500000,1000000,compliant,Block Requirements,,,false,1,,2026-08-16
"Block Real Estate Services, LLC",69fdf78062446148bd8587de,69fded1362446148bd848d5a,Elliott Electric Supply Inc,69fdf0a3e45e7dcf5c438149,"lne435 - Lenexa Logistics Centre North Building 5 {LLCN 5, LLC}",evidenceOfInsurance,Evidence of Insurance,workersCompensation,Workers' Compensation and Employer's Liability,evidenceOfInsuranceWorkersCompensationEmployersLiabilityDiseasePolicyLimit,Employer's Liability Disease - policy limit,,matchOnce,must be greater or equal to,500000,1000000,compliant,Block Requirements,,,false,1,,2026-08-16
"Block Real Estate Services, LLC",69fdf78062446148bd8587de,69fded1362446148bd848d5a,Elliott Electric Supply Inc,69fdf0a3e45e7dcf5c438149,"lne435 - Lenexa Logistics Centre North Building 5 {LLCN 5, LLC}",evidenceOfInsurance,Evidence of Insurance,workersCompensation,Workers' Compensation and Employer's Liability,evidenceOfInsuranceWorkersCompensationWaiverOfSubrogationEndorsement,Waiver of Subrogation,"---prompt---
Determine if the insurer has waived their right of subrogation in favor of the certificate holder under the Workers' Compensation policy. Evidence may include: a checked ""Waiver of Subrogation"" box on the certificate, mention in the Description of Operations section stating ""waiver of subrogation applies"", or reference to form WC 00 03 13. Look for language like ""subrogation is waived"" or ""per written contract"".",matchOnce,must be present,,Present,compliant,Block Requirements,,,false,1,,2026-08-16
"Block Real Estate Services, LLC",69fdf78062446148bd8587de,69fded1362446148bd848d5a,Elliott Electric Supply Inc,69fdf0a3e45e7dcf5c438149,"lne435 - Lenexa Logistics Centre North Building 5 {LLCN 5, LLC}",evidenceOfInsurance,Evidence of Insurance,6ac20aae-5728-5d57-b364-aeba38527dba,Additional Requirements,4da5b0f1-4c9d-5885-8cf8-5d3cccaed3e0,"Block Real Estate Services, LLC and all others required by contract are named as Additional Insureds","---prompt---
Determine if the Description of Operations or the Additional Remarks Schedule section states the ""Additional Insured as Construction Management, Inc. and all others required by contract"" or reference to blanket additional insured coverage. Look for language like ""certificate holder is additional insured"" or ""per written contract"".",matchOnce,must be present,,,non_compliant,Block Requirements,,,true,0,,2026-08-16
"Block Real Estate Services, LLC",69fdf78062446148bd8587de,69fded1362446148bd848d5a,Elliott Electric Supply Inc,69fdf0a3e45e7dcf5c438149,"lne435 - Lenexa Logistics Centre North Building 5 {LLCN 5, LLC}",evidenceOfInsurance,Evidence of Insurance,6ac20aae-5728-5d57-b364-aeba38527dba,Additional Requirements,e1017741-e47e-5f58-97b8-fbc3043e919f,Umbrella follows form over General Liability,"---prompt---
Determine if the Umbrella/Excess Liability policy follows form to the underlying policies. Evidence may include: language in the Description of Operations section stating the umbrella follows form to underlying coverages or an additional page endorsement stating that it follows form. Follow form means the umbrella policy adopts the same terms, conditions, and exclusions as the underlying policies.",matchOnce,must be present,,Present,compliant,Block Requirements,,,true,1,,2026-08-16
"Block Real Estate Services, LLC",69fdf78062446148bd8587de,69fded1362446148bd848d5a,Elliott Electric Supply Inc,69fdf0a3e45e7dcf5c438149,"lne435 - Lenexa Logistics Centre North Building 5 {LLCN 5, LLC}",evidenceOfInsurance,Evidence of Insurance,6ac20aae-5728-5d57-b364-aeba38527dba,Additional Requirements,2cdd866f-c9a4-576a-afd8-1d045762790c,The location must be listed as: 10917 Mill Creek Road Lenexa KS 66219,,matchOnce,must be present,,Present,compliant,Block Requirements,,,true,1,,2026-08-16
"Block Real Estate Services, LLC",69fdf78062446148bd8587de,69fded1362446148bd848d5a,Elliott Electric Supply Inc,69fdf0a3e45e7dcf5c438149,"lne435 - Lenexa Logistics Centre North Building 5 {LLCN 5, LLC}",evidenceOfInsurance,Evidence of Insurance,6ac20aae-5728-5d57-b364-aeba38527dba,Additional Requirements,3649e9d1-4e09-59bf-8f30-cb33c40cf117,"Certificate Holder must read: c/o Block Real Estate Services, LLC, 4622 Pennsylvania St., Suite 700, Kansas City, MO, 64112",,matchOnce,must be present,,Present,compliant,Block Requirements,,,true,1,,2026-08-16
"Block Real Estate Services, LLC",69fdf78062446148bd8587df,69fded1962446148bd848ef2,"KGPCo / KGP Telecommunications, LLC",69fdf0a3e45e7dcf5c438149,"lne435 - Lenexa Logistics Centre North Building 5 {LLCN 5, LLC}",evidenceOfInsurance,Evidence of Insurance,commercialGeneralLiability,Commercial General Liability,evidenceOfInsuranceCommercialGeneralLiabilityCoverageTriggerOccurrence,Coverage Trigger: Occurrence,,matchOnce,must be present,,,non_compliant,Block Requirements,,,false,0,,2026-08-16
"Block Real Estate Services, LLC",69fdf78062446148bd8587df,69fded1962446148bd848ef2,"KGPCo / KGP Telecommunications, LLC",69fdf0a3e45e7dcf5c438149,"lne435 - Lenexa Logistics Centre North Building 5 {LLCN 5, LLC}",evidenceOfInsurance,Evidence of Insurance,commercialGeneralLiability,Commercial General Liability,evidenceOfInsuranceCommercialGeneralLiabilityGeneralAggregateLimitAppliesPerLocation,General Aggregate Limit Applies per: Location,,matchOnce,must be present,,,non_compliant,Block Requirements,,,false,0,,2026-08-16
"Block Real Estate Services, LLC",69fdf78062446148bd8587df,69fded1962446148bd848ef2,"KGPCo / KGP Telecommunications, LLC",69fdf0a3e45e7dcf5c438149,"lne435 - Lenexa Logistics Centre North Building 5 {LLCN 5, LLC}",evidenceOfInsurance,Evidence of Insurance,commercialGeneralLiability,Commercial General Liability,evidenceOfInsuranceCommercialGeneralLiabilityEachOccurrence,Each Occurrence,,matchOnce,must be greater or equal to,1000000,,non_compliant,Block Requirements,,,false,0,,2026-08-16
"Block Real Estate Services, LLC",69fdf78062446148bd8587df,69fded1962446148bd848ef2,"KGPCo / KGP Telecommunications, LLC",69fdf0a3e45e7dcf5c438149,"lne435 - Lenexa Logistics Centre North Building 5 {LLCN 5, LLC}",evidenceOfInsurance,Evidence of Insurance,commercialGeneralLiability,Commercial General Liability,evidenceOfInsuranceCommercialGeneralLiabilityGeneralAggregate,General Aggregate,,matchOnce,must be greater or equal to,2000000,,non_compliant,Block Requirements,,,false,0,,2026-08-16
"Block Real Estate Services, LLC",69fdf78062446148bd8587df,69fded1962446148bd848ef2,"KGPCo / KGP Telecommunications, LLC",69fdf0a3e45e7dcf5c438149,"lne435 - Lenexa Logistics Centre North Building 5 {LLCN 5, LLC}",evidenceOfInsurance,Evidence of Insurance,commercialGeneralLiability,Commercial General Liability,evidenceOfInsuranceCommercialGeneralLiabilityWaiverOfSubrogationEndorsement,Waiver of Subrogation,"---prompt---
Determine if the insurer has waived their right of subrogation in favor of the certificate holder under the Commercial General Liability policy. Evidence may include: a checked ""Waiver of Subrogation"" box on the certificate, mention in the Description of Operations section stating ""waiver of subrogation applies"", or reference to form CG 24 04. Look for language like ""subrogation is waived"" or ""per written contract"".",matchOnce,must be present,,,non_compliant,Block Requirements,,,false,0,,2026-08-16
"Block Real Estate Services, LLC",69fdf78062446148bd8587df,69fded1962446148bd848ef2,"KGPCo / KGP Telecommunications, LLC",69fdf0a3e45e7dcf5c438149,"lne435 - Lenexa Logistics Centre North Building 5 {LLCN 5, LLC}",evidenceOfInsurance,Evidence of Insurance,excessOrUmbrellaLiability,Umbrella/Excess Liability,evidenceOfInsuranceExcessOrUmbrellaLiabilityOccurence,Coverage Trigger: Occurrence,,matchOnce,must be present,,,non_compliant,Block Requirements,,,false,0,,2026-08-16
"Block Real Estate Services, LLC",69fdf78062446148bd8587df,69fded1962446148bd848ef2,"KGPCo / KGP Telecommunications, LLC",69fdf0a3e45e7dcf5c438149,"lne435 - Lenexa Logistics Centre North Building 5 {LLCN 5, LLC}",evidenceOfInsurance,Evidence of Insurance,excessOrUmbrellaLiability,Umbrella/Excess Liability,evidenceOfInsuranceExcessOrUmbrellaLiabilityEachOccurrence,Each Occurrence,,matchOnce,must be greater or equal to,1000000,,non_compliant,Block Requirements,,,false,0,,2026-08-16
"Block Real Estate Services, LLC",69fdf78062446148bd8587df,69fded1962446148bd848ef2,"KGPCo / KGP Telecommunications, LLC",69fdf0a3e45e7dcf5c438149,"lne435 - Lenexa Logistics Centre North Building 5 {LLCN 5, LLC}",evidenceOfInsurance,Evidence of Insurance,excessOrUmbrellaLiability,Umbrella/Excess Liability,evidenceOfInsuranceExcessOrUmbrellaLiabilityAggregate,Aggregate,,matchOnce,must be greater or equal to,1000000,,non_compliant,Block Requirements,,,false,0,,2026-08-16
"Block Real Estate Services, LLC",69fdf78062446148bd8587df,69fded1962446148bd848ef2,"KGPCo / KGP Telecommunications, LLC",69fdf0a3e45e7dcf5c438149,"lne435 - Lenexa Logistics Centre North Building 5 {LLCN 5, LLC}",evidenceOfInsurance,Evidence of Insurance,workersCompensation,Workers' Compensation and Employer's Liability,evidenceOfInsuranceWorkersCompensationStatutoryLimits,Statutory Limits,,matchOnce,must be present,,,non_compliant,Block Requirements,,,false,0,,2026-08-16
"Block Real Estate Services, LLC",69fdf78062446148bd8587df,69fded1962446148bd848ef2,"KGPCo / KGP Telecommunications, LLC",69fdf0a3e45e7dcf5c438149,"lne435 - Lenexa Logistics Centre North Building 5 {LLCN 5, LLC}",evidenceOfInsurance,Evidence of Insurance,workersCompensation,Workers' Compensation and Employer's Liability,evidenceOfInsuranceWorkersCompensationEmployersLiabilityEachAccident,Employer's Liability Each Accident,,matchOnce,must be greater or equal to,500000,,non_compliant,Block Requirements,,,false,0,,2026-08-16
"Block Real Estate Services, LLC",69fdf78062446148bd8587df,69fded1962446148bd848ef2,"KGPCo / KGP Telecommunications, LLC",69fdf0a3e45e7dcf5c438149,"lne435 - Lenexa Logistics Centre North Building 5 {LLCN 5, LLC}",evidenceOfInsurance,Evidence of Insurance,workersCompensation,Workers' Compensation and Employer's Liability,evidenceOfInsuranceWorkersCompensationEmployersLiabilityDiseaseEachEmployee,Employer's Liability Disease - each employee,,matchOnce,must be greater or equal to,500000,,non_compliant,Block Requirements,,,false,0,,2026-08-16
"Block Real Estate Services, LLC",69fdf78062446148bd8587df,69fded1962446148bd848ef2,"KGPCo / KGP Telecommunications, LLC",69fdf0a3e45e7dcf5c438149,"lne435 - Lenexa Logistics Centre North Building 5 {LLCN 5, LLC}",evidenceOfInsurance,Evidence of Insurance,workersCompensation,Workers' Compensation and Employer's Liability,evidenceOfInsuranceWorkersCompensationEmployersLiabilityDiseasePolicyLimit,Employer's Liability Disease - policy limit,,matchOnce,must be greater or equal to,500000,,non_compliant,Block Requirements,,,false,0,,2026-08-16
"Block Real Estate Services, LLC",69fdf78062446148bd8587df,69fded1962446148bd848ef2,"KGPCo / KGP Telecommunications, LLC",69fdf0a3e45e7dcf5c438149,"lne435 - Lenexa Logistics Centre North Building 5 {LLCN 5, LLC}",evidenceOfInsurance,Evidence of Insurance,workersCompensation,Workers' Compensation and Employer's Liability,evidenceOfInsuranceWorkersCompensationWaiverOfSubrogationEndorsement,Waiver of Subrogation,"---prompt---
Determine if the insurer has waived their right of subrogation in favor of the certificate holder under the Workers' Compensation policy. Evidence may include: a checked ""Waiver of Subrogation"" box on the certificate, mention in the Description of Operations section stating ""waiver of subrogation applies"", or reference to form WC 00 03 13. Look for language like ""subrogation is waived"" or ""per written contract"".",matchOnce,must be present,,,non_compliant,Block Requirements,,,false,0,,2026-08-16
"Block Real Estate Services, LLC",69fdf78062446148bd8587df,69fded1962446148bd848ef2,"KGPCo / KGP Telecommunications, LLC",69fdf0a3e45e7dcf5c438149,"lne435 - Lenexa Logistics Centre North Building 5 {LLCN 5, LLC}",evidenceOfInsurance,Evidence of Insurance,6ac20aae-5728-5d57-b364-aeba38527dba,Additional Requirements,4da5b0f1-4c9d-5885-8cf8-5d3cccaed3e0,"Block Real Estate Services, LLC and all others required by contract are named as Additional Insureds","---prompt---
Determine if the Description of Operations or the Additional Remarks Schedule section states the ""Additional Insured as Construction Management, Inc. and all others required by contract"" or reference to blanket additional insured coverage. Look for language like ""certificate holder is additional insured"" or ""per written contract"".",matchOnce,must be present,,,non_compliant,Block Requirements,,,true,0,,2026-08-16
"Block Real Estate Services, LLC",69fdf78062446148bd8587df,69fded1962446148bd848ef2,"KGPCo / KGP Telecommunications, LLC",69fdf0a3e45e7dcf5c438149,"lne435 - Lenexa Logistics Centre North Building 5 {LLCN 5, LLC}",evidenceOfInsurance,Evidence of Insurance,6ac20aae-5728-5d57-b364-aeba38527dba,Additional Requirements,e1017741-e47e-5f58-97b8-fbc3043e919f,Umbrella follows form over General Liability,"---prompt---
Determine if the Umbrella/Excess Liability policy follows form to the underlying policies. Evidence may include: language in the Description of Operations section stating the umbrella follows form to underlying coverages or an additional page endorsement stating that it follows form. Follow form means the umbrella policy adopts the same terms, conditions, and exclusions as the underlying policies.",matchOnce,must be present,,,non_compliant,Block Requirements,,,true,0,,2026-08-16
"Block Real Estate Services, LLC",69fdf78062446148bd8587df,69fded1962446148bd848ef2,"KGPCo / KGP Telecommunications, LLC",69fdf0a3e45e7dcf5c438149,"lne435 - Lenexa Logistics Centre North Building 5 {LLCN 5, LLC}",evidenceOfInsurance,Evidence of Insurance,6ac20aae-5728-5d57-b364-aeba38527dba,Additional Requirements,2cdd866f-c9a4-576a-afd8-1d045762790c,"The location must be listed as: 10933, 10941 Mill Creek Road Lenexa KS 66219",,matchOnce,must be present,,,non_compliant,Block Requirements,,,true,0,,2026-08-16
"Block Real Estate Services, LLC",69fdf78062446148bd8587df,69fded1962446148bd848ef2,"KGPCo / KGP Telecommunications, LLC",69fdf0a3e45e7dcf5c438149,"lne435 - Lenexa Logistics Centre North Building 5 {LLCN 5, LLC}",evidenceOfInsurance,Evidence of Insurance,6ac20aae-5728-5d57-b364-aeba38527dba,Additional Requirements,3649e9d1-4e09-59bf-8f30-cb33c40cf117,"Certificate Holder must read: c/o Block Real Estate Services, LLC, 4622 Pennsylvania St., Suite 700, Kansas City, MO, 64112",,matchOnce,must be present,,,non_compliant,Block Requirements,,,true,0,,2026-08-16
"Block Real Estate Services, LLC",69fdf78062446148bd8587e0,69fded1e62446148bd8490a8,Power Sales & Advertising Inc,69fdf0a3e45e7dcf5c438149,"lne435 - Lenexa Logistics Centre North Building 5 {LLCN 5, LLC}",evidenceOfInsurance,Evidence of Insurance,commercialGeneralLiability,Commercial General Liability,evidenceOfInsuranceCommercialGeneralLiabilityCoverageTriggerOccurrence,Coverage Trigger: Occurrence,,matchOnce,must be present,,Present,compliant,Block Requirements,,,false,1,,2026-08-16
"Block Real Estate Services, LLC",69fdf78062446148bd8587e0,69fded1e62446148bd8490a8,Power Sales & Advertising Inc,69fdf0a3e45e7dcf5c438149,"lne435 - Lenexa Logistics Centre North Building 5 {LLCN 5, LLC}",evidenceOfInsurance,Evidence of Insurance,commercialGeneralLiability,Commercial General Liability,evidenceOfInsuranceCommercialGeneralLiabilityGeneralAggregateLimitAppliesPerLocation,General Aggregate Limit Applies per: Location,,matchOnce,must be present,,Present,compliant,Block Requirements,,,false,1,,2026-08-16
"Block Real Estate Services, LLC",69fdf78062446148bd8587e0,69fded1e62446148bd8490a8,Power Sales & Advertising Inc,69fdf0a3e45e7dcf5c438149,"lne435 - Lenexa Logistics Centre North Building 5 {LLCN 5, LLC}",evidenceOfInsurance,Evidence of Insurance,commercialGeneralLiability,Commercial General Liability,evidenceOfInsuranceCommercialGeneralLiabilityEachOccurrence,Each Occurrence,,matchOnce,must be greater or equal to,1000000,1000000,compliant,Block Requirements,,,false,1,,2026-08-16
"Block Real Estate Services, LLC",69fdf78062446148bd8587e0,69fded1e62446148bd8490a8,Power Sales & Advertising Inc,69fdf0a3e45e7dcf5c438149,"lne435 - Lenexa Logistics Centre North Building 5 {LLCN 5, LLC}",evidenceOfInsurance,Evidence of Insurance,commercialGeneralLiability,Commercial General Liability,evidenceOfInsuranceCommercialGeneralLiabilityGeneralAggregate,General Aggregate,,matchOnce,must be greater or equal to,2000000,2000000,compliant,Block Requirements,,,false,1,,2026-08-16
"Block Real Estate Services, LLC",69fdf78062446148bd8587e0,69fded1e62446148bd8490a8,Power Sales & Advertising Inc,69fdf0a3e45e7dcf5c438149,"lne435 - Lenexa Logistics Centre North Building 5 {LLCN 5, LLC}",evidenceOfInsurance,Evidence of Insurance,commercialGeneralLiability,Commercial General Liability,evidenceOfInsuranceCommercialGeneralLiabilityWaiverOfSubrogationEndorsement,Waiver of Subrogation,"---prompt---
Determine if the insurer has waived their right of subrogation in favor of the certificate holder under the Commercial General Liability policy. Evidence may include: a checked ""Waiver of Subrogation"" box on the certificate, mention in the Description of Operations section stating ""waiver of subrogation applies"", or reference to form CG 24 04. Look for language like ""subrogation is waived"" or ""per written contract"".",matchOnce,must be present,,Present,compliant,Block Requirements,,,false,1,,2026-08-16
"Block Real Estate Services, LLC",69fdf78062446148bd8587e0,69fded1e62446148bd8490a8,Power Sales & Advertising Inc,69fdf0a3e45e7dcf5c438149,"lne435 - Lenexa Logistics Centre North Building 5 {LLCN 5, LLC}",evidenceOfInsurance,Evidence of Insurance,excessOrUmbrellaLiability,Umbrella/Excess Liability,evidenceOfInsuranceExcessOrUmbrellaLiabilityOccurence,Coverage Trigger: Occurrence,,matchOnce,must be present,,Present,compliant,Block Requirements,,,false,1,,2026-08-16
"Block Real Estate Services, LLC",69fdf78062446148bd8587e0,69fded1e62446148bd8490a8,Power Sales & Advertising Inc,69fdf0a3e45e7dcf5c438149,"lne435 - Lenexa Logistics Centre North Building 5 {LLCN 5, LLC}",evidenceOfInsurance,Evidence of Insurance,excessOrUmbrellaLiability,Umbrella/Excess Liability,evidenceOfInsuranceExcessOrUmbrellaLiabilityEachOccurrence,Each Occurrence,,matchOnce,must be greater or equal to,1000000,14000000,compliant,Block Requirements,,,false,1,,2026-08-16
"Block Real Estate Services, LLC",69fdf78062446148bd8587e0,69fded1e62446148bd8490a8,Power Sales & Advertising Inc,69fdf0a3e45e7dcf5c438149,"lne435 - Lenexa Logistics Centre North Building 5 {LLCN 5, LLC}",evidenceOfInsurance,Evidence of Insurance,excessOrUmbrellaLiability,Umbrella/Excess Liability,evidenceOfInsuranceExcessOrUmbrellaLiabilityAggregate,Aggregate,,matchOnce,must be greater or equal to,1000000,14000000,compliant,Block Requirements,,,false,1,,2026-08-16
"Block Real Estate Services, LLC",69fdf78062446148bd8587e0,69fded1e62446148bd8490a8,Power Sales & Advertising Inc,69fdf0a3e45e7dcf5c438149,"lne435 - Lenexa Logistics Centre North Building 5 {LLCN 5, LLC}",evidenceOfInsurance,Evidence of Insurance,workersCompensation,Workers' Compensation and Employer's Liability,evidenceOfInsuranceWorkersCompensationStatutoryLimits,Statutory Limits,,matchOnce,must be present,,Present,compliant,Block Requirements,,,false,1,,2026-08-16
"Block Real Estate Services, LLC",69fdf78062446148bd8587e0,69fded1e62446148bd8490a8,Power Sales & Advertising Inc,69fdf0a3e45e7dcf5c438149,"lne435 - Lenexa Logistics Centre North Building 5 {LLCN 5, LLC}",evidenceOfInsurance,Evidence of Insurance,workersCompensation,Workers' Compensation and Employer's Liability,evidenceOfInsuranceWorkersCompensationEmployersLiabilityEachAccident,Employer's Liability Each Accident,,matchOnce,must be greater or equal to,500000,1000000,compliant,Block Requirements,,,false,1,,2026-08-16
"Block Real Estate Services, LLC",69fdf78062446148bd8587e0,69fded1e62446148bd8490a8,Power Sales & Advertising Inc,69fdf0a3e45e7dcf5c438149,"lne435 - Lenexa Logistics Centre North Building 5 {LLCN 5, LLC}",evidenceOfInsurance,Evidence of Insurance,workersCompensation,Workers' Compensation and Employer's Liability,evidenceOfInsuranceWorkersCompensationEmployersLiabilityDiseaseEachEmployee,Employer's Liability Disease - each employee,,matchOnce,must be greater or equal to,500000,1000000,compliant,Block Requirements,,,false,1,,2026-08-16
"Block Real Estate Services, LLC",69fdf78062446148bd8587e0,69fded1e62446148bd8490a8,Power Sales & Advertising Inc,69fdf0a3e45e7dcf5c438149,"lne435 - Lenexa Logistics Centre North Building 5 {LLCN 5, LLC}",evidenceOfInsurance,Evidence of Insurance,workersCompensation,Workers' Compensation and Employer's Liability,evidenceOfInsuranceWorkersCompensationEmployersLiabilityDiseasePolicyLimit,Employer's Liability Disease - policy limit,,matchOnce,must be greater or equal to,500000,1000000,compliant,Block Requirements,,,false,1,,2026-08-16
"Block Real Estate Services, LLC",69fdf78062446148bd8587e0,69fded1e62446148bd8490a8,Power Sales & Advertising Inc,69fdf0a3e45e7dcf5c438149,"lne435 - Lenexa Logistics Centre North Building 5 {LLCN 5, LLC}",evidenceOfInsurance,Evidence of Insurance,workersCompensation,Workers' Compensation and Employer's Liability,evidenceOfInsuranceWorkersCompensationWaiverOfSubrogationEndorsement,Waiver of Subrogation,"---prompt---
Determine if the insurer has waived their right of subrogation in favor of the certificate holder under the Workers' Compensation policy. Evidence may include: a checked ""Waiver of Subrogation"" box on the certificate, mention in the Description of Operations section stating ""waiver of subrogation applies"", or reference to form WC 00 03 13. Look for language like ""subrogation is waived"" or ""per written contract"".",matchOnce,must be present,,Present,compliant,Block Requirements,,,false,1,,2026-08-16
"Block Real Estate Services, LLC",69fdf78062446148bd8587e0,69fded1e62446148bd8490a8,Power Sales & Advertising Inc,69fdf0a3e45e7dcf5c438149,"lne435 - Lenexa Logistics Centre North Building 5 {LLCN 5, LLC}",evidenceOfInsurance,Evidence of Insurance,6ac20aae-5728-5d57-b364-aeba38527dba,Additional Requirements,4da5b0f1-4c9d-5885-8cf8-5d3cccaed3e0,"Block Real Estate Services, LLC and all others required by contract are named as Additional Insureds","---prompt---
Determine if the Description of Operations or the Additional Remarks Schedule section states the ""Additional Insured as Construction Management, Inc. and all others required by contract"" or reference to blanket additional insured coverage. Look for language like ""certificate holder is additional insured"" or ""per written contract"".",matchOnce,must be present,,Present,compliant,Block Requirements,,,true,1,,2026-08-16
"Block Real Estate Services, LLC",69fdf78062446148bd8587e0,69fded1e62446148bd8490a8,Power Sales & Advertising Inc,69fdf0a3e45e7dcf5c438149,"lne435 - Lenexa Logistics Centre North Building 5 {LLCN 5, LLC}",evidenceOfInsurance,Evidence of Insurance,6ac20aae-5728-5d57-b364-aeba38527dba,Additional Requirements,e1017741-e47e-5f58-97b8-fbc3043e919f,Umbrella follows form over General Liability,"---prompt---
Determine if the Umbrella/Excess Liability policy follows form to the underlying policies. Evidence may include: language in the Description of Operations section stating the umbrella follows form to underlying coverages or an additional page endorsement stating that it follows form. Follow form means the umbrella policy adopts the same terms, conditions, and exclusions as the underlying policies.",matchOnce,must be present,,Present,compliant,Block Requirements,,,true,1,,2026-08-16
"Block Real Estate Services, LLC",69fdf78062446148bd8587e0,69fded1e62446148bd8490a8,Power Sales & Advertising Inc,69fdf0a3e45e7dcf5c438149,"lne435 - Lenexa Logistics Centre North Building 5 {LLCN 5, LLC}",evidenceOfInsurance,Evidence of Insurance,6ac20aae-5728-5d57-b364-aeba38527dba,Additional Requirements,2cdd866f-c9a4-576a-afd8-1d045762790c,The location must be listed as: 10909 Mill Creek Road Lenexa KS 66219,,matchOnce,must be present,,Present,compliant,Block Requirements,,,true,1,,2026-08-16
"Block Real Estate Services, LLC",69fdf78062446148bd8587e0,69fded1e62446148bd8490a8,Power Sales & Advertising Inc,69fdf0a3e45e7dcf5c438149,"lne435 - Lenexa Logistics Centre North Building 5 {LLCN 5, LLC}",evidenceOfInsurance,Evidence of Insurance,6ac20aae-5728-5d57-b364-aeba38527dba,Additional Requirements,3649e9d1-4e09-59bf-8f30-cb33c40cf117,"Certificate Holder must read: c/o Block Real Estate Services, LLC, 4622 Pennsylvania St., Suite 700, Kansas City, MO, 64112",,matchOnce,must be present,,Present,compliant,Block Requirements,,,true,1,,2026-08-16
"Block Real Estate Services, LLC",69fdf78062446148bd8587dd,69fded0c62446148bd848b17,"Pertronix (Aeromotive) / Accelerate Auto Works Intermediate, LLC",69fdf0a3e45e7dcf5c438149,"lne435 - Lenexa Logistics Centre North Building 5 {LLCN 5, LLC}",evidenceOfInsurance,Evidence of Insurance,commercialGeneralLiability,Commercial General Liability,evidenceOfInsuranceCommercialGeneralLiabilityCoverageTriggerOccurrence,Coverage Trigger: Occurrence,,matchOnce,must be present,,Present,compliant,Block Requirements,,,false,1,,2026-08-16
"Block Real Estate Services, LLC",69fdf78062446148bd8587dd,69fded0c62446148bd848b17,"Pertronix (Aeromotive) / Accelerate Auto Works Intermediate, LLC",69fdf0a3e45e7dcf5c438149,"lne435 - Lenexa Logistics Centre North Building 5 {LLCN 5, LLC}",evidenceOfInsurance,Evidence of Insurance,commercialGeneralLiability,Commercial General Liability,evidenceOfInsuranceCommercialGeneralLiabilityGeneralAggregateLimitAppliesPerLocation,General Aggregate Limit Applies per: Location,,matchOnce,must be present,,,non_compliant,Block Requirements,,,false,0,,2026-08-16
"Block Real Estate Services, LLC",69fdf78062446148bd8587dd,69fded0c62446148bd848b17,"Pertronix (Aeromotive) / Accelerate Auto Works Intermediate, LLC",69fdf0a3e45e7dcf5c438149,"lne435 - Lenexa Logistics Centre North Building 5 {LLCN 5, LLC}",evidenceOfInsurance,Evidence of Insurance,commercialGeneralLiability,Commercial General Liability,evidenceOfInsuranceCommercialGeneralLiabilityEachOccurrence,Each Occurrence,,matchOnce,must be greater or equal to,1000000,1000000,compliant,Block Requirements,,,false,1,,2026-08-16
"Block Real Estate Services, LLC",69fdf78062446148bd8587dd,69fded0c62446148bd848b17,"Pertronix (Aeromotive) / Accelerate Auto Works Intermediate, LLC",69fdf0a3e45e7dcf5c438149,"lne435 - Lenexa Logistics Centre North Building 5 {LLCN 5, LLC}",evidenceOfInsurance,Evidence of Insurance,commercialGeneralLiability,Commercial General Liability,evidenceOfInsuranceCommercialGeneralLiabilityGeneralAggregate,General Aggregate,,matchOnce,must be greater or equal to,2000000,2000000,compliant,Block Requirements,,,false,1,,2026-08-16
"Block Real Estate Services, LLC",69fdf78062446148bd8587dd,69fded0c62446148bd848b17,"Pertronix (Aeromotive) / Accelerate Auto Works Intermediate, LLC",69fdf0a3e45e7dcf5c438149,"lne435 - Lenexa Logistics Centre North Building 5 {LLCN 5, LLC}",evidenceOfInsurance,Evidence of Insurance,commercialGeneralLiability,Commercial General Liability,evidenceOfInsuranceCommercialGeneralLiabilityWaiverOfSubrogationEndorsement,Waiver of Subrogation,"---prompt---
Determine if the insurer has waived their right of subrogation in favor of the certificate holder under the Commercial General Liability policy. Evidence may include: a checked ""Waiver of Subrogation"" box on the certificate, mention in the Description of Operations section stating ""waiver of subrogation applies"", or reference to form CG 24 04. Look for language like ""subrogation is waived"" or ""per written contract"".",matchOnce,must be present,,Present,compliant,Block Requirements,,,false,1,,2026-08-16
"Block Real Estate Services, LLC",69fdf78062446148bd8587dd,69fded0c62446148bd848b17,"Pertronix (Aeromotive) / Accelerate Auto Works Intermediate, LLC",69fdf0a3e45e7dcf5c438149,"lne435 - Lenexa Logistics Centre North Building 5 {LLCN 5, LLC}",evidenceOfInsurance,Evidence of Insurance,excessOrUmbrellaLiability,Umbrella/Excess Liability,evidenceOfInsuranceExcessOrUmbrellaLiabilityOccurence,Coverage Trigger: Occurrence,,matchOnce,must be present,,Present,compliant,Block Requirements,,,false,1,,2026-08-16
"Block Real Estate Services, LLC",69fdf78062446148bd8587dd,69fded0c62446148bd848b17,"Pertronix (Aeromotive) / Accelerate Auto Works Intermediate, LLC",69fdf0a3e45e7dcf5c438149,"lne435 - Lenexa Logistics Centre North Building 5 {LLCN 5, LLC}",evidenceOfInsurance,Evidence of Insurance,excessOrUmbrellaLiability,Umbrella/Excess Liability,evidenceOfInsuranceExcessOrUmbrellaLiabilityEachOccurrence,Each Occurrence,,matchOnce,must be greater or equal to,1000000,5000000,compliant,Block Requirements,,,false,1,,2026-08-16
"Block Real Estate Services, LLC",69fdf78062446148bd8587dd,69fded0c62446148bd848b17,"Pertronix (Aeromotive) / Accelerate Auto Works Intermediate, LLC",69fdf0a3e45e7dcf5c438149,"lne435 - Lenexa Logistics Centre North Building 5 {LLCN 5, LLC}",evidenceOfInsurance,Evidence of Insurance,excessOrUmbrellaLiability,Umbrella/Excess Liability,evidenceOfInsuranceExcessOrUmbrellaLiabilityAggregate,Aggregate,,matchOnce,must be greater or equal to,1000000,5000000,compliant,Block Requirements,,,false,1,,2026-08-16
"Block Real Estate Services, LLC",69fdf78062446148bd8587dd,69fded0c62446148bd848b17,"Pertronix (Aeromotive) / Accelerate Auto Works Intermediate, LLC",69fdf0a3e45e7dcf5c438149,"lne435 - Lenexa Logistics Centre North Building 5 {LLCN 5, LLC}",evidenceOfInsurance,Evidence of Insurance,workersCompensation,Workers' Compensation and Employer's Liability,evidenceOfInsuranceWorkersCompensationStatutoryLimits,Statutory Limits,,matchOnce,must be present,,Present,compliant,Block Requirements,,,false,1,,2026-08-16
"Block Real Estate Services, LLC",69fdf78062446148bd8587dd,69fded0c62446148bd848b17,"Pertronix (Aeromotive) / Accelerate Auto Works Intermediate, LLC",69fdf0a3e45e7dcf5c438149,"lne435 - Lenexa Logistics Centre North Building 5 {LLCN 5, LLC}",evidenceOfInsurance,Evidence of Insurance,workersCompensation,Workers' Compensation and Employer's Liability,evidenceOfInsuranceWorkersCompensationEmployersLiabilityEachAccident,Employer's Liability Each Accident,,matchOnce,must be greater or equal to,500000,1000000,compliant,Block Requirements,,,false,1,,2026-08-16
"Block Real Estate Services, LLC",69fdf78062446148bd8587dd,69fded0c62446148bd848b17,"Pertronix (Aeromotive) / Accelerate Auto Works Intermediate, LLC",69fdf0a3e45e7dcf5c438149,"lne435 - Lenexa Logistics Centre North Building 5 {LLCN 5, LLC}",evidenceOfInsurance,Evidence of Insurance,workersCompensation,Workers' Compensation and Employer's Liability,evidenceOfInsuranceWorkersCompensationEmployersLiabilityDiseaseEachEmployee,Employer's Liability Disease - each employee,,matchOnce,must be greater or equal to,500000,1000000,compliant,Block Requirements,,,false,1,,2026-08-16
"Block Real Estate Services, LLC",69fdf78062446148bd8587dd,69fded0c62446148bd848b17,"Pertronix (Aeromotive) / Accelerate Auto Works Intermediate, LLC",69fdf0a3e45e7dcf5c438149,"lne435 - Lenexa Logistics Centre North Building 5 {LLCN 5, LLC}",evidenceOfInsurance,Evidence of Insurance,workersCompensation,Workers' Compensation and Employer's Liability,evidenceOfInsuranceWorkersCompensationEmployersLiabilityDiseasePolicyLimit,Employer's Liability Disease - policy limit,,matchOnce,must be greater or equal to,500000,1000000,compliant,Block Requirements,,,false,1,,2026-08-16
"Block Real Estate Services, LLC",69fdf78062446148bd8587dd,69fded0c62446148bd848b17,"Pertronix (Aeromotive) / Accelerate Auto Works Intermediate, LLC",69fdf0a3e45e7dcf5c438149,"lne435 - Lenexa Logistics Centre North Building 5 {LLCN 5, LLC}",evidenceOfInsurance,Evidence of Insurance,workersCompensation,Workers' Compensation and Employer's Liability,evidenceOfInsuranceWorkersCompensationWaiverOfSubrogationEndorsement,Waiver of Subrogation,"---prompt---
Determine if the insurer has waived their right of subrogation in favor of the certificate holder under the Workers' Compensation policy. Evidence may include: a checked ""Waiver of Subrogation"" box on the certificate, mention in the Description of Operations section stating ""waiver of subrogation applies"", or reference to form WC 00 03 13. Look for language like ""subrogation is waived"" or ""per written contract"".",matchOnce,must be present,,Present,compliant,Block Requirements,,,false,1,,2026-08-16
"Block Real Estate Services, LLC",69fdf78062446148bd8587dd,69fded0c62446148bd848b17,"Pertronix (Aeromotive) / Accelerate Auto Works Intermediate, LLC",69fdf0a3e45e7dcf5c438149,"lne435 - Lenexa Logistics Centre North Building 5 {LLCN 5, LLC}",evidenceOfInsurance,Evidence of Insurance,6ac20aae-5728-5d57-b364-aeba38527dba,Additional Requirements,4da5b0f1-4c9d-5885-8cf8-5d3cccaed3e0,"Block Real Estate Services, LLC and all others required by contract are named as Additional Insureds","---prompt---
Determine if the Description of Operations or the Additional Remarks Schedule section states the ""Additional Insured as Construction Management, Inc. and all others required by contract"" or reference to blanket additional insured coverage. Look for language like ""certificate holder is additional insured"" or ""per written contract"".",matchOnce,must be present,,Present,compliant,Block Requirements,,,true,1,,2026-08-16
"Block Real Estate Services, LLC",69fdf78062446148bd8587dd,69fded0c62446148bd848b17,"Pertronix (Aeromotive) / Accelerate Auto Works Intermediate, LLC",69fdf0a3e45e7dcf5c438149,"lne435 - Lenexa Logistics Centre North Building 5 {LLCN 5, LLC}",evidenceOfInsurance,Evidence of Insurance,6ac20aae-5728-5d57-b364-aeba38527dba,Additional Requirements,e1017741-e47e-5f58-97b8-fbc3043e919f,Umbrella follows form over General Liability,"---prompt---
Determine if the Umbrella/Excess Liability policy follows form to the underlying policies. Evidence may include: language in the Description of Operations section stating the umbrella follows form to underlying coverages or an additional page endorsement stating that it follows form. Follow form means the umbrella policy adopts the same terms, conditions, and exclusions as the underlying policies.",matchOnce,must be present,,Present,compliant,Block Requirements,,,true,1,,2026-08-16
"Block Real Estate Services, LLC",69fdf78062446148bd8587dd,69fded0c62446148bd848b17,"Pertronix (Aeromotive) / Accelerate Auto Works Intermediate, LLC",69fdf0a3e45e7dcf5c438149,"lne435 - Lenexa Logistics Centre North Building 5 {LLCN 5, LLC}",evidenceOfInsurance,Evidence of Insurance,6ac20aae-5728-5d57-b364-aeba38527dba,Additional Requirements,2cdd866f-c9a4-576a-afd8-1d045762790c,The location must be listed as: 10925 (10955 per city) Mill Creek Road Lenexa KS 66219,,matchOnce,must be present,,Present,compliant,Block Requirements,,,true,1,,2026-08-16
"Block Real Estate Services, LLC",69fdf78062446148bd8587dd,69fded0c62446148bd848b17,"Pertronix (Aeromotive) / Accelerate Auto Works Intermediate, LLC",69fdf0a3e45e7dcf5c438149,"lne435 - Lenexa Logistics Centre North Building 5 {LLCN 5, LLC}",evidenceOfInsurance,Evidence of Insurance,6ac20aae-5728-5d57-b364-aeba38527dba,Additional Requirements,3649e9d1-4e09-59bf-8f30-cb33c40cf117,"Certificate Holder must read: c/o Block Real Estate Services, LLC, 4622 Pennsylvania St., Suite 700, Kansas City, MO, 64112",,matchOnce,must be present,,Present,compliant,Block Requirements,,,true,1,,2026-08-16
"Block Real Estate Services, LLC",69fdf78062446148bd8587e1,69fded2362446148bd849246,Turn5 Inc,69fdf0a3e45e7dcf5c438149,"lne435 - Lenexa Logistics Centre North Building 5 {LLCN 5, LLC}",evidenceOfInsurance,Evidence of Insurance,commercialGeneralLiability,Commercial General Liability,evidenceOfInsuranceCommercialGeneralLiabilityCoverageTriggerOccurrence,Coverage Trigger: Occurrence,,matchOnce,must be present,,,non_compliant,Block Requirements,,,false,0,,2026-08-16
"Block Real Estate Services, LLC",69fdf78062446148bd8587e1,69fded2362446148bd849246,Turn5 Inc,69fdf0a3e45e7dcf5c438149,"lne435 - Lenexa Logistics Centre North Building 5 {LLCN 5, LLC}",evidenceOfInsurance,Evidence of Insurance,commercialGeneralLiability,Commercial General Liability,evidenceOfInsuranceCommercialGeneralLiabilityGeneralAggregateLimitAppliesPerLocation,General Aggregate Limit Applies per: Location,,matchOnce,must be present,,,non_compliant,Block Requirements,,,false,0,,2026-08-16
"Block Real Estate Services, LLC",69fdf78062446148bd8587e1,69fded2362446148bd849246,Turn5 Inc,69fdf0a3e45e7dcf5c438149,"lne435 - Lenexa Logistics Centre North Building 5 {LLCN 5, LLC}",evidenceOfInsurance,Evidence of Insurance,commercialGeneralLiability,Commercial General Liability,evidenceOfInsuranceCommercialGeneralLiabilityEachOccurrence,Each Occurrence,,matchOnce,must be greater or equal to,1000000,,non_compliant,Block Requirements,,,false,0,,2026-08-16
"Block Real Estate Services, LLC",69fdf78062446148bd8587e1,69fded2362446148bd849246,Turn5 Inc,69fdf0a3e45e7dcf5c438149,"lne435 - Lenexa Logistics Centre North Building 5 {LLCN 5, LLC}",evidenceOfInsurance,Evidence of Insurance,commercialGeneralLiability,Commercial General Liability,evidenceOfInsuranceCommercialGeneralLiabilityGeneralAggregate,General Aggregate,,matchOnce,must be greater or equal to,2000000,,non_compliant,Block Requirements,,,false,0,,2026-08-16
"Block Real Estate Services, LLC",69fdf78062446148bd8587e1,69fded2362446148bd849246,Turn5 Inc,69fdf0a3e45e7dcf5c438149,"lne435 - Lenexa Logistics Centre North Building 5 {LLCN 5, LLC}",evidenceOfInsurance,Evidence of Insurance,commercialGeneralLiability,Commercial General Liability,evidenceOfInsuranceCommercialGeneralLiabilityWaiverOfSubrogationEndorsement,Waiver of Subrogation,"---prompt---
Determine if the insurer has waived their right of subrogation in favor of the certificate holder under the Commercial General Liability policy. Evidence may include: a checked ""Waiver of Subrogation"" box on the certificate, mention in the Description of Operations section stating ""waiver of subrogation applies"", or reference to form CG 24 04. Look for language like ""subrogation is waived"" or ""per written contract"".",matchOnce,must be present,,,non_compliant,Block Requirements,,,false,0,,2026-08-16
"Block Real Estate Services, LLC",69fdf78062446148bd8587e1,69fded2362446148bd849246,Turn5 Inc,69fdf0a3e45e7dcf5c438149,"lne435 - Lenexa Logistics Centre North Building 5 {LLCN 5, LLC}",evidenceOfInsurance,Evidence of Insurance,excessOrUmbrellaLiability,Umbrella/Excess Liability,evidenceOfInsuranceExcessOrUmbrellaLiabilityOccurence,Coverage Trigger: Occurrence,,matchOnce,must be present,,,non_compliant,Block Requirements,,,false,0,,2026-08-16
"Block Real Estate Services, LLC",69fdf78062446148bd8587e1,69fded2362446148bd849246,Turn5 Inc,69fdf0a3e45e7dcf5c438149,"lne435 - Lenexa Logistics Centre North Building 5 {LLCN 5, LLC}",evidenceOfInsurance,Evidence of Insurance,excessOrUmbrellaLiability,Umbrella/Excess Liability,evidenceOfInsuranceExcessOrUmbrellaLiabilityEachOccurrence,Each Occurrence,,matchOnce,must be greater or equal to,1000000,,non_compliant,Block Requirements,,,false,0,,2026-08-16
"Block Real Estate Services, LLC",69fdf78062446148bd8587e1,69fded2362446148bd849246,Turn5 Inc,69fdf0a3e45e7dcf5c438149,"lne435 - Lenexa Logistics Centre North Building 5 {LLCN 5, LLC}",evidenceOfInsurance,Evidence of Insurance,excessOrUmbrellaLiability,Umbrella/Excess Liability,evidenceOfInsuranceExcessOrUmbrellaLiabilityAggregate,Aggregate,,matchOnce,must be greater or equal to,1000000,,non_compliant,Block Requirements,,,false,0,,2026-08-16
"Block Real Estate Services, LLC",69fdf78062446148bd8587e1,69fded2362446148bd849246,Turn5 Inc,69fdf0a3e45e7dcf5c438149,"lne435 - Lenexa Logistics Centre North Building 5 {LLCN 5, LLC}",evidenceOfInsurance,Evidence of Insurance,workersCompensation,Workers' Compensation and Employer's Liability,evidenceOfInsuranceWorkersCompensationStatutoryLimits,Statutory Limits,,matchOnce,must be present,,,non_compliant,Block Requirements,,,false,0,,2026-08-16
"Block Real Estate Services, LLC",69fdf78062446148bd8587e1,69fded2362446148bd849246,Turn5 Inc,69fdf0a3e45e7dcf5c438149,"lne435 - Lenexa Logistics Centre North Building 5 {LLCN 5, LLC}",evidenceOfInsurance,Evidence of Insurance,workersCompensation,Workers' Compensation and Employer's Liability,evidenceOfInsuranceWorkersCompensationEmployersLiabilityEachAccident,Employer's Liability Each Accident,,matchOnce,must be greater or equal to,500000,,non_compliant,Block Requirements,,,false,0,,2026-08-16
"Block Real Estate Services, LLC",69fdf78062446148bd8587e1,69fded2362446148bd849246,Turn5 Inc,69fdf0a3e45e7dcf5c438149,"lne435 - Lenexa Logistics Centre North Building 5 {LLCN 5, LLC}",evidenceOfInsurance,Evidence of Insurance,workersCompensation,Workers' Compensation and Employer's Liability,evidenceOfInsuranceWorkersCompensationEmployersLiabilityDiseaseEachEmployee,Employer's Liability Disease - each employee,,matchOnce,must be greater or equal to,500000,,non_compliant,Block Requirements,,,false,0,,2026-08-16
"Block Real Estate Services, LLC",69fdf78062446148bd8587e1,69fded2362446148bd849246,Turn5 Inc,69fdf0a3e45e7dcf5c438149,"lne435 - Lenexa Logistics Centre North Building 5 {LLCN 5, LLC}",evidenceOfInsurance,Evidence of Insurance,workersCompensation,Workers' Compensation and Employer's Liability,evidenceOfInsuranceWorkersCompensationEmployersLiabilityDiseasePolicyLimit,Employer's Liability Disease - policy limit,,matchOnce,must be greater or equal to,500000,,non_compliant,Block Requirements,,,false,0,,2026-08-16
"Block Real Estate Services, LLC",69fdf78062446148bd8587e1,69fded2362446148bd849246,Turn5 Inc,69fdf0a3e45e7dcf5c438149,"lne435 - Lenexa Logistics Centre North Building 5 {LLCN 5, LLC}",evidenceOfInsurance,Evidence of Insurance,workersCompensation,Workers' Compensation and Employer's Liability,evidenceOfInsuranceWorkersCompensationWaiverOfSubrogationEndorsement,Waiver of Subrogation,"---prompt---
Determine if the insurer has waived their right of subrogation in favor of the certificate holder under the Workers' Compensation policy. Evidence may include: a checked ""Waiver of Subrogation"" box on the certificate, mention in the Description of Operations section stating ""waiver of subrogation applies"", or reference to form WC 00 03 13. Look for language like ""subrogation is waived"" or ""per written contract"".",matchOnce,must be present,,,non_compliant,Block Requirements,,,false,0,,2026-08-16
"Block Real Estate Services, LLC",69fdf78062446148bd8587e1,69fded2362446148bd849246,Turn5 Inc,69fdf0a3e45e7dcf5c438149,"lne435 - Lenexa Logistics Centre North Building 5 {LLCN 5, LLC}",evidenceOfInsurance,Evidence of Insurance,6ac20aae-5728-5d57-b364-aeba38527dba,Additional Requirements,4da5b0f1-4c9d-5885-8cf8-5d3cccaed3e0,"Block Real Estate Services, LLC and all others required by contract are named as Additional Insureds","---prompt---
Determine if the Description of Operations or the Additional Remarks Schedule section states the ""Additional Insured as Construction Management, Inc. and all others required by contract"" or reference to blanket additional insured coverage. Look for language like ""certificate holder is additional insured"" or ""per written contract"".",matchOnce,must be present,,,non_compliant,Block Requirements,,,true,0,,2026-08-16
"Block Real Estate Services, LLC",69fdf78062446148bd8587e1,69fded2362446148bd849246,Turn5 Inc,69fdf0a3e45e7dcf5c438149,"lne435 - Lenexa Logistics Centre North Building 5 {LLCN 5, LLC}",evidenceOfInsurance,Evidence of Insurance,6ac20aae-5728-5d57-b364-aeba38527dba,Additional Requirements,e1017741-e47e-5f58-97b8-fbc3043e919f,Umbrella follows form over General Liability,"---prompt---
Determine if the Umbrella/Excess Liability policy follows form to the underlying policies. Evidence may include: language in the Description of Operations section stating the umbrella follows form to underlying coverages or an additional page endorsement stating that it follows form. Follow form means the umbrella policy adopts the same terms, conditions, and exclusions as the underlying policies.",matchOnce,must be present,,,non_compliant,Block Requirements,,,true,0,,2026-08-16
"Block Real Estate Services, LLC",69fdf78062446148bd8587e1,69fded2362446148bd849246,Turn5 Inc,69fdf0a3e45e7dcf5c438149,"lne435 - Lenexa Logistics Centre North Building 5 {LLCN 5, LLC}",evidenceOfInsurance,Evidence of Insurance,6ac20aae-5728-5d57-b364-aeba38527dba,Additional Requirements,2cdd866f-c9a4-576a-afd8-1d045762790c,The location must be listed as: 10901 Mill Creek Road Lenexa KS 66219,,matchOnce,must be present,,,non_compliant,Block Requirements,,,true,0,,2026-08-16
"Block Real Estate Services, LLC",69fdf78062446148bd8587e1,69fded2362446148bd849246,Turn5 Inc,69fdf0a3e45e7dcf5c438149,"lne435 - Lenexa Logistics Centre North Building 5 {LLCN 5, LLC}",evidenceOfInsurance,Evidence of Insurance,6ac20aae-5728-5d57-b364-aeba38527dba,Additional Requirements,3649e9d1-4e09-59bf-8f30-cb33c40cf117,"Certificate Holder must read: c/o Block Real Estate Services, LLC, 4622 Pennsylvania St., Suite 700, Kansas City, MO, 64112",,matchOnce,must be present,,,non_compliant,Block Requirements,,,true,0,,2026-08-16
"Block Real Estate Services, LLC",69fdf75c62446148bd855fb5,69fded1c62446148bd84902a,OneDigital Borrower LLC,69fdeff702bb2c42a87a062f,"ccc268 - CityPlace Corporate Centre I {Cityplace Corporate Centre I Investors, LLC}",evidenceOfInsurance,Evidence of Insurance,commercialGeneralLiability,Commercial General Liability,evidenceOfInsuranceCommercialGeneralLiabilityCoverageTriggerOccurrence,Coverage Trigger: Occurrence,,matchOnce,must be present,,Present,compliant,Block Requirements,,,false,1,,2026-08-16
"Block Real Estate Services, LLC",69fdf75c62446148bd855fb5,69fded1c62446148bd84902a,OneDigital Borrower LLC,69fdeff702bb2c42a87a062f,"ccc268 - CityPlace Corporate Centre I {Cityplace Corporate Centre I Investors, LLC}",evidenceOfInsurance,Evidence of Insurance,commercialGeneralLiability,Commercial General Liability,evidenceOfInsuranceCommercialGeneralLiabilityGeneralAggregateLimitAppliesPerLocation,General Aggregate Limit Applies per: Location,,matchOnce,must be present,,,non_compliant,Block Requirements,,,false,0,,2026-08-16
"Block Real Estate Services, LLC",69fdf75c62446148bd855fb5,69fded1c62446148bd84902a,OneDigital Borrower LLC,69fdeff702bb2c42a87a062f,"ccc268 - CityPlace Corporate Centre I {Cityplace Corporate Centre I Investors, LLC}",evidenceOfInsurance,Evidence of Insurance,commercialGeneralLiability,Commercial General Liability,evidenceOfInsuranceCommercialGeneralLiabilityEachOccurrence,Each Occurrence,,matchOnce,must be greater or equal to,1000000,1000000,compliant,Block Requirements,,,false,1,,2026-08-16
"Block Real Estate Services, LLC",69fdf75c62446148bd855fb5,69fded1c62446148bd84902a,OneDigital Borrower LLC,69fdeff702bb2c42a87a062f,"ccc268 - CityPlace Corporate Centre I {Cityplace Corporate Centre I Investors, LLC}",evidenceOfInsurance,Evidence of Insurance,commercialGeneralLiability,Commercial General Liability,evidenceOfInsuranceCommercialGeneralLiabilityGeneralAggregate,General Aggregate,,matchOnce,must be greater or equal to,2000000,2000000,compliant,Block Requirements,,,false,1,,2026-08-16
"Block Real Estate Services, LLC",69fdf75c62446148bd855fb5,69fded1c62446148bd84902a,OneDigital Borrower LLC,69fdeff702bb2c42a87a062f,"ccc268 - CityPlace Corporate Centre I {Cityplace Corporate Centre I Investors, LLC}",evidenceOfInsurance,Evidence of Insurance,commercialGeneralLiability,Commercial General Liability,evidenceOfInsuranceCommercialGeneralLiabilityWaiverOfSubrogationEndorsement,Waiver of Subrogation,"---prompt---
Determine if the insurer has waived their right of subrogation in favor of the certificate holder under the Commercial General Liability policy. Evidence may include: a checked ""Waiver of Subrogation"" box on the certificate, mention in the Description of Operations section stating ""waiver of subrogation applies"", or reference to form CG 24 04. Look for language like ""subrogation is waived"" or ""per written contract"".",matchOnce,must be present,,Present,compliant,Block Requirements,,,false,1,,2026-08-16
"Block Real Estate Services, LLC",69fdf75c62446148bd855fb5,69fded1c62446148bd84902a,OneDigital Borrower LLC,69fdeff702bb2c42a87a062f,"ccc268 - CityPlace Corporate Centre I {Cityplace Corporate Centre I Investors, LLC}",evidenceOfInsurance,Evidence of Insurance,excessOrUmbrellaLiability,Umbrella/Excess Liability,evidenceOfInsuranceExcessOrUmbrellaLiabilityOccurence,Coverage Trigger: Occurrence,,matchOnce,must be present,,Present,compliant,Block Requirements,,,false,1,,2026-08-16
"Block Real Estate Services, LLC",69fdf75c62446148bd855fb5,69fded1c62446148bd84902a,OneDigital Borrower LLC,69fdeff702bb2c42a87a062f,"ccc268 - CityPlace Corporate Centre I {Cityplace Corporate Centre I Investors, LLC}",evidenceOfInsurance,Evidence of Insurance,excessOrUmbrellaLiability,Umbrella/Excess Liability,evidenceOfInsuranceExcessOrUmbrellaLiabilityEachOccurrence,Each Occurrence,,matchOnce,must be greater or equal to,1000000,25000000,compliant,Block Requirements,,,false,1,,2026-08-16
"Block Real Estate Services, LLC",69fdf75c62446148bd855fb5,69fded1c62446148bd84902a,OneDigital Borrower LLC,69fdeff702bb2c42a87a062f,"ccc268 - CityPlace Corporate Centre I {Cityplace Corporate Centre I Investors, LLC}",evidenceOfInsurance,Evidence of Insurance,excessOrUmbrellaLiability,Umbrella/Excess Liability,evidenceOfInsuranceExcessOrUmbrellaLiabilityAggregate,Aggregate,,matchOnce,must be greater or equal to,1000000,25000000,compliant,Block Requirements,,,false,1,,2026-08-16
"Block Real Estate Services, LLC",69fdf75c62446148bd855fb5,69fded1c62446148bd84902a,OneDigital Borrower LLC,69fdeff702bb2c42a87a062f,"ccc268 - CityPlace Corporate Centre I {Cityplace Corporate Centre I Investors, LLC}",evidenceOfInsurance,Evidence of Insurance,workersCompensation,Workers' Compensation and Employer's Liability,evidenceOfInsuranceWorkersCompensationStatutoryLimits,Statutory Limits,,matchOnce,must be present,,Present,compliant,Block Requirements,,,false,1,,2026-08-16
"Block Real Estate Services, LLC",69fdf75c62446148bd855fb5,69fded1c62446148bd84902a,OneDigital Borrower LLC,69fdeff702bb2c42a87a062f,"ccc268 - CityPlace Corporate Centre I {Cityplace Corporate Centre I Investors, LLC}",evidenceOfInsurance,Evidence of Insurance,workersCompensation,Workers' Compensation and Employer's Liability,evidenceOfInsuranceWorkersCompensationEmployersLiabilityEachAccident,Employer's Liability Each Accident,,matchOnce,must be greater or equal to,500000,1000000,compliant,Block Requirements,,,false,1,,2026-08-16
"Block Real Estate Services, LLC",69fdf75c62446148bd855fb5,69fded1c62446148bd84902a,OneDigital Borrower LLC,69fdeff702bb2c42a87a062f,"ccc268 - CityPlace Corporate Centre I {Cityplace Corporate Centre I Investors, LLC}",evidenceOfInsurance,Evidence of Insurance,workersCompensation,Workers' Compensation and Employer's Liability,evidenceOfInsuranceWorkersCompensationEmployersLiabilityDiseaseEachEmployee,Employer's Liability Disease - each employee,,matchOnce,must be greater or equal to,500000,1000000,compliant,Block Requirements,,,false,1,,2026-08-16
"Block Real Estate Services, LLC",69fdf75c62446148bd855fb5,69fded1c62446148bd84902a,OneDigital Borrower LLC,69fdeff702bb2c42a87a062f,"ccc268 - CityPlace Corporate Centre I {Cityplace Corporate Centre I Investors, LLC}",evidenceOfInsurance,Evidence of Insurance,workersCompensation,Workers' Compensation and Employer's Liability,evidenceOfInsuranceWorkersCompensationEmployersLiabilityDiseasePolicyLimit,Employer's Liability Disease - policy limit,,matchOnce,must be greater or equal to,500000,1000000,compliant,Block Requirements,,,false,1,,2026-08-16
"Block Real Estate Services, LLC",69fdf75c62446148bd855fb5,69fded1c62446148bd84902a,OneDigital Borrower LLC,69fdeff702bb2c42a87a062f,"ccc268 - CityPlace Corporate Centre I {Cityplace Corporate Centre I Investors, LLC}",evidenceOfInsurance,Evidence of Insurance,workersCompensation,Workers' Compensation and Employer's Liability,evidenceOfInsuranceWorkersCompensationWaiverOfSubrogationEndorsement,Waiver of Subrogation,"---prompt---
Determine if the insurer has waived their right of subrogation in favor of the certificate holder under the Workers' Compensation policy. Evidence may include: a checked ""Waiver of Subrogation"" box on the certificate, mention in the Description of Operations section stating ""waiver of subrogation applies"", or reference to form WC 00 03 13. Look for language like ""subrogation is waived"" or ""per written contract"".",matchOnce,must be present,,Present,compliant,Block Requirements,,,false,1,,2026-08-16
"Block Real Estate Services, LLC",69fdf75c62446148bd855fb5,69fded1c62446148bd84902a,OneDigital Borrower LLC,69fdeff702bb2c42a87a062f,"ccc268 - CityPlace Corporate Centre I {Cityplace Corporate Centre I Investors, LLC}",evidenceOfInsurance,Evidence of Insurance,6ac20aae-5728-5d57-b364-aeba38527dba,Additional Requirements,4da5b0f1-4c9d-5885-8cf8-5d3cccaed3e0,"Block Real Estate Services, LLC and all others required by contract are named as Additional Insureds","---prompt---
Determine if the Description of Operations or the Additional Remarks Schedule section states the ""Additional Insured as Construction Management, Inc. and all others required by contract"" or reference to blanket additional insured coverage. Look for language like ""certificate holder is additional insured"" or ""per written contract"".",matchOnce,must be present,,Present,compliant,Block Requirements,,,true,1,,2026-08-16
"Block Real Estate Services, LLC",69fdf75c62446148bd855fb5,69fded1c62446148bd84902a,OneDigital Borrower LLC,69fdeff702bb2c42a87a062f,"ccc268 - CityPlace Corporate Centre I {Cityplace Corporate Centre I Investors, LLC}",evidenceOfInsurance,Evidence of Insurance,6ac20aae-5728-5d57-b364-aeba38527dba,Additional Requirements,e1017741-e47e-5f58-97b8-fbc3043e919f,Umbrella follows form over General Liability,"---prompt---
Determine if the Umbrella/Excess Liability policy follows form to the underlying policies. Evidence may include: language in the Description of Operations section stating the umbrella follows form to underlying coverages or an additional page endorsement stating that it follows form. Follow form means the umbrella policy adopts the same terms, conditions, and exclusions as the underlying policies.",matchOnce,must be present,,Present,compliant,Block Requirements,,,true,1,,2026-08-16
"Block Real Estate Services, LLC",69fdf75c62446148bd855fb5,69fded1c62446148bd84902a,OneDigital Borrower LLC,69fdeff702bb2c42a87a062f,"ccc268 - CityPlace Corporate Centre I {Cityplace Corporate Centre I Investors, LLC}",evidenceOfInsurance,Evidence of Insurance,6ac20aae-5728-5d57-b364-aeba38527dba,Additional Requirements,2cdd866f-c9a4-576a-afd8-1d045762790c,"The location must be listed as: 11101 Switzer Road, Suite 200, Overland Park, KS, 66210",,matchOnce,must be present,,Present,compliant,Block Requirements,,,true,1,,2026-08-16
"Block Real Estate Services, LLC",69fdf75c62446148bd855fb5,69fded1c62446148bd84902a,OneDigital Borrower LLC,69fdeff702bb2c42a87a062f,"ccc268 - CityPlace Corporate Centre I {Cityplace Corporate Centre I Investors, LLC}",evidenceOfInsurance,Evidence of Insurance,6ac20aae-5728-5d57-b364-aeba38527dba,Additional Requirements,3649e9d1-4e09-59bf-8f30-cb33c40cf117,"Certificate Holder must read: c/o Block Real Estate Services, LLC, 4622 Pennsylvania St., Suite 700, Kansas City, MO, 64112",,matchOnce,must be present,,Present,compliant,Block Requirements,,,true,1,,2026-08-16
"Block Real Estate Services, LLC",69fdf75c62446148bd855fb2,69fded1162446148bd848cb8,CorVel Healthcare Corporation,69fdeff702bb2c42a87a062f,"ccc268 - CityPlace Corporate Centre I {Cityplace Corporate Centre I Investors, LLC}",evidenceOfInsurance,Evidence of Insurance,commercialGeneralLiability,Commercial General Liability,evidenceOfInsuranceCommercialGeneralLiabilityCoverageTriggerOccurrence,Coverage Trigger: Occurrence,,matchOnce,must be present,,Present,compliant,Block Requirements,,,false,1,,2026-08-16
"Block Real Estate Services, LLC",69fdf75c62446148bd855fb2,69fded1162446148bd848cb8,CorVel Healthcare Corporation,69fdeff702bb2c42a87a062f,"ccc268 - CityPlace Corporate Centre I {Cityplace Corporate Centre I Investors, LLC}",evidenceOfInsurance,Evidence of Insurance,commercialGeneralLiability,Commercial General Liability,evidenceOfInsuranceCommercialGeneralLiabilityGeneralAggregateLimitAppliesPerLocation,General Aggregate Limit Applies per: Location,,matchOnce,must be present,,,waived,Block Requirements,Per location not a requirement in the lease,,false,0,,2026-08-16
"Block Real Estate Services, LLC",69fdf75c62446148bd855fb2,69fded1162446148bd848cb8,CorVel Healthcare Corporation,69fdeff702bb2c42a87a062f,"ccc268 - CityPlace Corporate Centre I {Cityplace Corporate Centre I Investors, LLC}",evidenceOfInsurance,Evidence of Insurance,commercialGeneralLiability,Commercial General Liability,evidenceOfInsuranceCommercialGeneralLiabilityEachOccurrence,Each Occurrence,,matchOnce,must be greater or equal to,1000000,1000000,compliant,Block Requirements,,,false,1,,2026-08-16
"Block Real Estate Services, LLC",69fdf75c62446148bd855fb2,69fded1162446148bd848cb8,CorVel Healthcare Corporation,69fdeff702bb2c42a87a062f,"ccc268 - CityPlace Corporate Centre I {Cityplace Corporate Centre I Investors, LLC}",evidenceOfInsurance,Evidence of Insurance,commercialGeneralLiability,Commercial General Liability,evidenceOfInsuranceCommercialGeneralLiabilityGeneralAggregate,General Aggregate,,matchOnce,must be greater or equal to,2000000,2000000,compliant,Block Requirements,,,false,1,,2026-08-16
"Block Real Estate Services, LLC",69fdf75c62446148bd855fb2,69fded1162446148bd848cb8,CorVel Healthcare Corporation,69fdeff702bb2c42a87a062f,"ccc268 - CityPlace Corporate Centre I {Cityplace Corporate Centre I Investors, LLC}",evidenceOfInsurance,Evidence of Insurance,commercialGeneralLiability,Commercial General Liability,evidenceOfInsuranceCommercialGeneralLiabilityWaiverOfSubrogationEndorsement,Waiver of Subrogation,"---prompt---
Determine if the insurer has waived their right of subrogation in favor of the certificate holder under the Commercial General Liability policy. Evidence may include: a checked ""Waiver of Subrogation"" box on the certificate, mention in the Description of Operations section stating ""waiver of subrogation applies"", or reference to form CG 24 04. Look for language like ""subrogation is waived"" or ""per written contract"".",matchOnce,must be present,,Present,compliant,Block Requirements,,,false,1,,2026-08-16
"Block Real Estate Services, LLC",69fdf75c62446148bd855fb2,69fded1162446148bd848cb8,CorVel Healthcare Corporation,69fdeff702bb2c42a87a062f,"ccc268 - CityPlace Corporate Centre I {Cityplace Corporate Centre I Investors, LLC}",evidenceOfInsurance,Evidence of Insurance,excessOrUmbrellaLiability,Umbrella/Excess Liability,evidenceOfInsuranceExcessOrUmbrellaLiabilityOccurence,Coverage Trigger: Occurrence,,matchOnce,must be present,,Present,waived,Block Requirements,,,false,1,,2026-08-16
"Block Real Estate Services, LLC",69fdf75c62446148bd855fb2,69fded1162446148bd848cb8,CorVel Healthcare Corporation,69fdeff702bb2c42a87a062f,"ccc268 - CityPlace Corporate Centre I {Cityplace Corporate Centre I Investors, LLC}",evidenceOfInsurance,Evidence of Insurance,excessOrUmbrellaLiability,Umbrella/Excess Liability,evidenceOfInsuranceExcessOrUmbrellaLiabilityEachOccurrence,Each Occurrence,,matchOnce,must be greater or equal to,1000000,1000000,waived,Block Requirements,,,false,1,,2026-08-16
"Block Real Estate Services, LLC",69fdf75c62446148bd855fb2,69fded1162446148bd848cb8,CorVel Healthcare Corporation,69fdeff702bb2c42a87a062f,"ccc268 - CityPlace Corporate Centre I {Cityplace Corporate Centre I Investors, LLC}",evidenceOfInsurance,Evidence of Insurance,excessOrUmbrellaLiability,Umbrella/Excess Liability,evidenceOfInsuranceExcessOrUmbrellaLiabilityAggregate,Aggregate,,matchOnce,must be greater or equal to,1000000,1000000,waived,Block Requirements,,,false,1,,2026-08-16
"Block Real Estate Services, LLC",69fdf75c62446148bd855fb2,69fded1162446148bd848cb8,CorVel Healthcare Corporation,69fdeff702bb2c42a87a062f,"ccc268 - CityPlace Corporate Centre I {Cityplace Corporate Centre I Investors, LLC}",evidenceOfInsurance,Evidence of Insurance,workersCompensation,Workers' Compensation and Employer's Liability,evidenceOfInsuranceWorkersCompensationStatutoryLimits,Statutory Limits,,matchOnce,must be present,,Present,compliant,Block Requirements,,,false,1,,2026-08-16
"Block Real Estate Services, LLC",69fdf75c62446148bd855fb2,69fded1162446148bd848cb8,CorVel Healthcare Corporation,69fdeff702bb2c42a87a062f,"ccc268 - CityPlace Corporate Centre I {Cityplace Corporate Centre I Investors, LLC}",evidenceOfInsurance,Evidence of Insurance,workersCompensation,Workers' Compensation and Employer's Liability,evidenceOfInsuranceWorkersCompensationEmployersLiabilityEachAccident,Employer's Liability Each Accident,,matchOnce,must be greater or equal to,500000,1000000,compliant,Block Requirements,,,false,1,,2026-08-16
"Block Real Estate Services, LLC",69fdf75c62446148bd855fb2,69fded1162446148bd848cb8,CorVel Healthcare Corporation,69fdeff702bb2c42a87a062f,"ccc268 - CityPlace Corporate Centre I {Cityplace Corporate Centre I Investors, LLC}",evidenceOfInsurance,Evidence of Insurance,workersCompensation,Workers' Compensation and Employer's Liability,evidenceOfInsuranceWorkersCompensationEmployersLiabilityDiseaseEachEmployee,Employer's Liability Disease - each employee,,matchOnce,must be greater or equal to,500000,1000000,compliant,Block Requirements,,,false,1,,2026-08-16
"Block Real Estate Services, LLC",69fdf75c62446148bd855fb2,69fded1162446148bd848cb8,CorVel Healthcare Corporation,69fdeff702bb2c42a87a062f,"ccc268 - CityPlace Corporate Centre I {Cityplace Corporate Centre I Investors, LLC}",evidenceOfInsurance,Evidence of Insurance,workersCompensation,Workers' Compensation and Employer's Liability,evidenceOfInsuranceWorkersCompensationEmployersLiabilityDiseasePolicyLimit,Employer's Liability Disease - policy limit,,matchOnce,must be greater or equal to,500000,1000000,compliant,Block Requirements,,,false,1,,2026-08-16
"Block Real Estate Services, LLC",69fdf75c62446148bd855fb2,69fded1162446148bd848cb8,CorVel Healthcare Corporation,69fdeff702bb2c42a87a062f,"ccc268 - CityPlace Corporate Centre I {Cityplace Corporate Centre I Investors, LLC}",evidenceOfInsurance,Evidence of Insurance,workersCompensation,Workers' Compensation and Employer's Liability,evidenceOfInsuranceWorkersCompensationWaiverOfSubrogationEndorsement,Waiver of Subrogation,"---prompt---
Determine if the insurer has waived their right of subrogation in favor of the certificate holder under the Workers' Compensation policy. Evidence may include: a checked ""Waiver of Subrogation"" box on the certificate, mention in the Description of Operations section stating ""waiver of subrogation applies"", or reference to form WC 00 03 13. Look for language like ""subrogation is waived"" or ""per written contract"".",matchOnce,must be present,,Present,compliant,Block Requirements,,,false,1,,2026-08-16
"Block Real Estate Services, LLC",69fdf75c62446148bd855fb2,69fded1162446148bd848cb8,CorVel Healthcare Corporation,69fdeff702bb2c42a87a062f,"ccc268 - CityPlace Corporate Centre I {Cityplace Corporate Centre I Investors, LLC}",evidenceOfInsurance,Evidence of Insurance,6ac20aae-5728-5d57-b364-aeba38527dba,Additional Requirements,4da5b0f1-4c9d-5885-8cf8-5d3cccaed3e0,"Block Real Estate Services, LLC and all others required by contract are named as Additional Insureds","---prompt---
Determine if the Description of Operations or the Additional Remarks Schedule section states the ""Additional Insured as Construction Management, Inc. and all others required by contract"" or reference to blanket additional insured coverage. Look for language like ""certificate holder is additional insured"" or ""per written contract"".",matchOnce,must be present,,Present,compliant,Block Requirements,,,true,1,,2026-08-16
"Block Real Estate Services, LLC",69fdf75c62446148bd855fb2,69fded1162446148bd848cb8,CorVel Healthcare Corporation,69fdeff702bb2c42a87a062f,"ccc268 - CityPlace Corporate Centre I {Cityplace Corporate Centre I Investors, LLC}",evidenceOfInsurance,Evidence of Insurance,6ac20aae-5728-5d57-b364-aeba38527dba,Additional Requirements,e1017741-e47e-5f58-97b8-fbc3043e919f,Umbrella follows form over General Liability,"---prompt---
Determine if the Umbrella/Excess Liability policy follows form to the underlying policies. Evidence may include: language in the Description of Operations section stating the umbrella follows form to underlying coverages or an additional page endorsement stating that it follows form. Follow form means the umbrella policy adopts the same terms, conditions, and exclusions as the underlying policies.",matchOnce,must be present,,Present,waived,Block Requirements,Umbrella not a requirement in the lease,,true,1,,2026-08-16
"Block Real Estate Services, LLC",69fdf75c62446148bd855fb2,69fded1162446148bd848cb8,CorVel Healthcare Corporation,69fdeff702bb2c42a87a062f,"ccc268 - CityPlace Corporate Centre I {Cityplace Corporate Centre I Investors, LLC}",evidenceOfInsurance,Evidence of Insurance,6ac20aae-5728-5d57-b364-aeba38527dba,Additional Requirements,2cdd866f-c9a4-576a-afd8-1d045762790c,"The location must be listed as: 11101 Switzer Road, Suite 210, Overland Park, KS, 66210",,matchOnce,must be present,,Present,compliant,Block Requirements,,,true,1,,2026-08-16
"Block Real Estate Services, LLC",69fdf75c62446148bd855fb2,69fded1162446148bd848cb8,CorVel Healthcare Corporation,69fdeff702bb2c42a87a062f,"ccc268 - CityPlace Corporate Centre I {Cityplace Corporate Centre I Investors, LLC}",evidenceOfInsurance,Evidence of Insurance,6ac20aae-5728-5d57-b364-aeba38527dba,Additional Requirements,3649e9d1-4e09-59bf-8f30-cb33c40cf117,"Certificate Holder must read: c/o Block Real Estate Services, LLC, 4622 Pennsylvania St., Suite 700, Kansas City, MO, 64112",,matchOnce,must be present,,Present,compliant,Block Requirements,,,true,1,,2026-08-16
"Block Real Estate Services, LLC",69fdf75c62446148bd855fb3,69fded1262446148bd848cf4,Data Systems International/ Nextworld / Cloud Inventory,69fdeff702bb2c42a87a062f,"ccc268 - CityPlace Corporate Centre I {Cityplace Corporate Centre I Investors, LLC}",evidenceOfInsurance,Evidence of Insurance,commercialGeneralLiability,Commercial General Liability,evidenceOfInsuranceCommercialGeneralLiabilityCoverageTriggerOccurrence,Coverage Trigger: Occurrence,,matchOnce,must be present,,Present,compliant,Block Requirements,,,false,2,,2026-08-16
"Block Real Estate Services, LLC",69fdf75c62446148bd855fb3,69fded1262446148bd848cf4,Data Systems International/ Nextworld / Cloud Inventory,69fdeff702bb2c42a87a062f,"ccc268 - CityPlace Corporate Centre I {Cityplace Corporate Centre I Investors, LLC}",evidenceOfInsurance,Evidence of Insurance,commercialGeneralLiability,Commercial General Liability,evidenceOfInsuranceCommercialGeneralLiabilityGeneralAggregateLimitAppliesPerLocation,General Aggregate Limit Applies per: Location,,matchOnce,must be present,,,waived,Block Requirements,Per location not a requirement in the lease,,false,0,,2026-08-16
"Block Real Estate Services, LLC",69fdf75c62446148bd855fb3,69fded1262446148bd848cf4,Data Systems International/ Nextworld / Cloud Inventory,69fdeff702bb2c42a87a062f,"ccc268 - CityPlace Corporate Centre I {Cityplace Corporate Centre I Investors, LLC}",evidenceOfInsurance,Evidence of Insurance,commercialGeneralLiability,Commercial General Liability,evidenceOfInsuranceCommercialGeneralLiabilityEachOccurrence,Each Occurrence,,matchOnce,must be greater or equal to,1000000,1000000,compliant,Block Requirements,,,false,2,,2026-08-16
"Block Real Estate Services, LLC",69fdf75c62446148bd855fb3,69fded1262446148bd848cf4,Data Systems International/ Nextworld / Cloud Inventory,69fdeff702bb2c42a87a062f,"ccc268 - CityPlace Corporate Centre I {Cityplace Corporate Centre I Investors, LLC}",evidenceOfInsurance,Evidence of Insurance,commercialGeneralLiability,Commercial General Liability,evidenceOfInsuranceCommercialGeneralLiabilityGeneralAggregate,General Aggregate,,matchOnce,must be greater or equal to,2000000,2000000,compliant,Block Requirements,,,false,2,,2026-08-16
"Block Real Estate Services, LLC",69fdf75c62446148bd855fb3,69fded1262446148bd848cf4,Data Systems International/ Nextworld / Cloud Inventory,69fdeff702bb2c42a87a062f,"ccc268 - CityPlace Corporate Centre I {Cityplace Corporate Centre I Investors, LLC}",evidenceOfInsurance,Evidence of Insurance,commercialGeneralLiability,Commercial General Liability,evidenceOfInsuranceCommercialGeneralLiabilityWaiverOfSubrogationEndorsement,Waiver of Subrogation,"---prompt---
Determine if the insurer has waived their right of subrogation in favor of the certificate holder under the Commercial General Liability policy. Evidence may include: a checked ""Waiver of Subrogation"" box on the certificate, mention in the Description of Operations section stating ""waiver of subrogation applies"", or reference to form CG 24 04. Look for language like ""subrogation is waived"" or ""per written contract"".",matchOnce,must be present,,Present,compliant,Block Requirements,,,false,2,,2026-08-16
"Block Real Estate Services, LLC",69fdf75c62446148bd855fb3,69fded1262446148bd848cf4,Data Systems International/ Nextworld / Cloud Inventory,69fdeff702bb2c42a87a062f,"ccc268 - CityPlace Corporate Centre I {Cityplace Corporate Centre I Investors, LLC}",evidenceOfInsurance,Evidence of Insurance,excessOrUmbrellaLiability,Umbrella/Excess Liability,evidenceOfInsuranceExcessOrUmbrellaLiabilityOccurence,Coverage Trigger: Occurrence,,matchOnce,must be present,,Present,waived,Block Requirements,,,false,2,,2026-08-16
"Block Real Estate Services, LLC",69fdf75c62446148bd855fb3,69fded1262446148bd848cf4,Data Systems International/ Nextworld / Cloud Inventory,69fdeff702bb2c42a87a062f,"ccc268 - CityPlace Corporate Centre I {Cityplace Corporate Centre I Investors, LLC}",evidenceOfInsurance,Evidence of Insurance,excessOrUmbrellaLiability,Umbrella/Excess Liability,evidenceOfInsuranceExcessOrUmbrellaLiabilityEachOccurrence,Each Occurrence,,matchOnce,must be greater or equal to,1000000,5000000,waived,Block Requirements,,,false,2,,2026-08-16
"Block Real Estate Services, LLC",69fdf75c62446148bd855fb3,69fded1262446148bd848cf4,Data Systems International/ Nextworld / Cloud Inventory,69fdeff702bb2c42a87a062f,"ccc268 - CityPlace Corporate Centre I {Cityplace Corporate Centre I Investors, LLC}",evidenceOfInsurance,Evidence of Insurance,excessOrUmbrellaLiability,Umbrella/Excess Liability,evidenceOfInsuranceExcessOrUmbrellaLiabilityAggregate,Aggregate,,matchOnce,must be greater or equal to,1000000,5000000,waived,Block Requirements,,,false,1,,2026-08-16
"Block Real Estate Services, LLC",69fdf75c62446148bd855fb3,69fded1262446148bd848cf4,Data Systems International/ Nextworld / Cloud Inventory,69fdeff702bb2c42a87a062f,"ccc268 - CityPlace Corporate Centre I {Cityplace Corporate Centre I Investors, LLC}",evidenceOfInsurance,Evidence of Insurance,workersCompensation,Workers' Compensation and Employer's Liability,evidenceOfInsuranceWorkersCompensationStatutoryLimits,Statutory Limits,,matchOnce,must be present,,Present,compliant,Block Requirements,,,false,2,,2026-08-16
"Block Real Estate Services, LLC",69fdf75c62446148bd855fb3,69fded1262446148bd848cf4,Data Systems International/ Nextworld / Cloud Inventory,69fdeff702bb2c42a87a062f,"ccc268 - CityPlace Corporate Centre I {Cityplace Corporate Centre I Investors, LLC}",evidenceOfInsurance,Evidence of Insurance,workersCompensation,Workers' Compensation and Employer's Liability,evidenceOfInsuranceWorkersCompensationEmployersLiabilityEachAccident,Employer's Liability Each Accident,,matchOnce,must be greater or equal to,500000,1000000,compliant,Block Requirements,,,false,2,,2026-08-16
"Block Real Estate Services, LLC",69fdf75c62446148bd855fb3,69fded1262446148bd848cf4,Data Systems International/ Nextworld / Cloud Inventory,69fdeff702bb2c42a87a062f,"ccc268 - CityPlace Corporate Centre I {Cityplace Corporate Centre I Investors, LLC}",evidenceOfInsurance,Evidence of Insurance,workersCompensation,Workers' Compensation and Employer's Liability,evidenceOfInsuranceWorkersCompensationEmployersLiabilityDiseaseEachEmployee,Employer's Liability Disease - each employee,,matchOnce,must be greater or equal to,500000,1000000,compliant,Block Requirements,,,false,2,,2026-08-16
"Block Real Estate Services, LLC",69fdf75c62446148bd855fb3,69fded1262446148bd848cf4,Data Systems International/ Nextworld / Cloud Inventory,69fdeff702bb2c42a87a062f,"ccc268 - CityPlace Corporate Centre I {Cityplace Corporate Centre I Investors, LLC}",evidenceOfInsurance,Evidence of Insurance,workersCompensation,Workers' Compensation and Employer's Liability,evidenceOfInsuranceWorkersCompensationEmployersLiabilityDiseasePolicyLimit,Employer's Liability Disease - policy limit,,matchOnce,must be greater or equal to,500000,1000000,compliant,Block Requirements,,,false,2,,2026-08-16
"Block Real Estate Services, LLC",69fdf75c62446148bd855fb3,69fded1262446148bd848cf4,Data Systems International/ Nextworld / Cloud Inventory,69fdeff702bb2c42a87a062f,"ccc268 - CityPlace Corporate Centre I {Cityplace Corporate Centre I Investors, LLC}",evidenceOfInsurance,Evidence of Insurance,workersCompensation,Workers' Compensation and Employer's Liability,evidenceOfInsuranceWorkersCompensationWaiverOfSubrogationEndorsement,Waiver of Subrogation,"---prompt---
Determine if the insurer has waived their right of subrogation in favor of the certificate holder under the Workers' Compensation policy. Evidence may include: a checked ""Waiver of Subrogation"" box on the certificate, mention in the Description of Operations section stating ""waiver of subrogation applies"", or reference to form WC 00 03 13. Look for language like ""subrogation is waived"" or ""per written contract"".",matchOnce,must be present,,Present,compliant,Block Requirements,,,false,2,,2026-08-16
"Block Real Estate Services, LLC",69fdf75c62446148bd855fb3,69fded1262446148bd848cf4,Data Systems International/ Nextworld / Cloud Inventory,69fdeff702bb2c42a87a062f,"ccc268 - CityPlace Corporate Centre I {Cityplace Corporate Centre I Investors, LLC}",evidenceOfInsurance,Evidence of Insurance,6ac20aae-5728-5d57-b364-aeba38527dba,Additional Requirements,4da5b0f1-4c9d-5885-8cf8-5d3cccaed3e0,"Block Real Estate Services, LLC and all others required by contract are named as Additional Insureds","---prompt---
Determine if the Description of Operations or the Additional Remarks Schedule section states the ""Additional Insured as Construction Management, Inc. and all others required by contract"" or reference to blanket additional insured coverage. Look for language like ""certificate holder is additional insured"" or ""per written contract"".",matchOnce,must be present,,Present,compliant,Block Requirements,,,true,2,,2026-08-16
"Block Real Estate Services, LLC",69fdf75c62446148bd855fb3,69fded1262446148bd848cf4,Data Systems International/ Nextworld / Cloud Inventory,69fdeff702bb2c42a87a062f,"ccc268 - CityPlace Corporate Centre I {Cityplace Corporate Centre I Investors, LLC}",evidenceOfInsurance,Evidence of Insurance,6ac20aae-5728-5d57-b364-aeba38527dba,Additional Requirements,e1017741-e47e-5f58-97b8-fbc3043e919f,Umbrella follows form over General Liability,"---prompt---
Determine if the Umbrella/Excess Liability policy follows form to the underlying policies. Evidence may include: language in the Description of Operations section stating the umbrella follows form to underlying coverages or an additional page endorsement stating that it follows form. Follow form means the umbrella policy adopts the same terms, conditions, and exclusions as the underlying policies.",matchOnce,must be present,,Present,waived,Block Requirements,Umbrella Liability not a requirement in the lease,,true,2,,2026-08-16
"Block Real Estate Services, LLC",69fdf75c62446148bd855fb3,69fded1262446148bd848cf4,Data Systems International/ Nextworld / Cloud Inventory,69fdeff702bb2c42a87a062f,"ccc268 - CityPlace Corporate Centre I {Cityplace Corporate Centre I Investors, LLC}",evidenceOfInsurance,Evidence of Insurance,6ac20aae-5728-5d57-b364-aeba38527dba,Additional Requirements,2cdd866f-c9a4-576a-afd8-1d045762790c,"The location must be listed as: 11101 Switzer Road, Suite 300, 305, Overland Park, KS, 66210",,matchOnce,must be present,,Present,compliant,Block Requirements,,,true,1,,2026-08-16
"Block Real Estate Services, LLC",69fdf75c62446148bd855fb3,69fded1262446148bd848cf4,Data Systems International/ Nextworld / Cloud Inventory,69fdeff702bb2c42a87a062f,"ccc268 - CityPlace Corporate Centre I {Cityplace Corporate Centre I Investors, LLC}",evidenceOfInsurance,Evidence of Insurance,6ac20aae-5728-5d57-b364-aeba38527dba,Additional Requirements,3649e9d1-4e09-59bf-8f30-cb33c40cf117,"Certificate Holder must read: c/o Block Real Estate Services, LLC, 4622 Pennsylvania St., Suite 700, Kansas City, MO, 64112",,matchOnce,must be present,,Present,compliant,Block Requirements,,,true,1,,2026-08-16
"Block Real Estate Services, LLC",69fdf75c62446148bd855fb1,69fded0c62446148bd848b1a,Actuarial Resources Corporation (ARC),69fdeff702bb2c42a87a062f,"ccc268 - CityPlace Corporate Centre I {Cityplace Corporate Centre I Investors, LLC}",evidenceOfInsurance,Evidence of Insurance,commercialGeneralLiability,Commercial General Liability,evidenceOfInsuranceCommercialGeneralLiabilityCoverageTriggerOccurrence,Coverage Trigger: Occurrence,,matchOnce,must be present,,Present,compliant,Block Requirements,,,false,1,,2026-08-16
"Block Real Estate Services, LLC",69fdf75c62446148bd855fb1,69fded0c62446148bd848b1a,Actuarial Resources Corporation (ARC),69fdeff702bb2c42a87a062f,"ccc268 - CityPlace Corporate Centre I {Cityplace Corporate Centre I Investors, LLC}",evidenceOfInsurance,Evidence of Insurance,commercialGeneralLiability,Commercial General Liability,evidenceOfInsuranceCommercialGeneralLiabilityGeneralAggregateLimitAppliesPerLocation,General Aggregate Limit Applies per: Location,,matchOnce,must be present,,Present,compliant,Block Requirements,,,false,1,,2026-08-16
"Block Real Estate Services, LLC",69fdf75c62446148bd855fb1,69fded0c62446148bd848b1a,Actuarial Resources Corporation (ARC),69fdeff702bb2c42a87a062f,"ccc268 - CityPlace Corporate Centre I {Cityplace Corporate Centre I Investors, LLC}",evidenceOfInsurance,Evidence of Insurance,commercialGeneralLiability,Commercial General Liability,evidenceOfInsuranceCommercialGeneralLiabilityEachOccurrence,Each Occurrence,,matchOnce,must be greater or equal to,1000000,1000000,compliant,Block Requirements,,,false,1,,2026-08-16
"Block Real Estate Services, LLC",69fdf75c62446148bd855fb1,69fded0c62446148bd848b1a,Actuarial Resources Corporation (ARC),69fdeff702bb2c42a87a062f,"ccc268 - CityPlace Corporate Centre I {Cityplace Corporate Centre I Investors, LLC}",evidenceOfInsurance,Evidence of Insurance,commercialGeneralLiability,Commercial General Liability,evidenceOfInsuranceCommercialGeneralLiabilityGeneralAggregate,General Aggregate,,matchOnce,must be greater or equal to,2000000,2000000,compliant,Block Requirements,,,false,1,,2026-08-16
"Block Real Estate Services, LLC",69fdf75c62446148bd855fb1,69fded0c62446148bd848b1a,Actuarial Resources Corporation (ARC),69fdeff702bb2c42a87a062f,"ccc268 - CityPlace Corporate Centre I {Cityplace Corporate Centre I Investors, LLC}",evidenceOfInsurance,Evidence of Insurance,commercialGeneralLiability,Commercial General Liability,evidenceOfInsuranceCommercialGeneralLiabilityWaiverOfSubrogationEndorsement,Waiver of Subrogation,"---prompt---
Determine if the insurer has waived their right of subrogation in favor of the certificate holder under the Commercial General Liability policy. Evidence may include: a checked ""Waiver of Subrogation"" box on the certificate, mention in the Description of Operations section stating ""waiver of subrogation applies"", or reference to form CG 24 04. Look for language like ""subrogation is waived"" or ""per written contract"".",matchOnce,must be present,,Present,compliant,Block Requirements,,,false,1,,2026-08-16
"Block Real Estate Services, LLC",69fdf75c62446148bd855fb1,69fded0c62446148bd848b1a,Actuarial Resources Corporation (ARC),69fdeff702bb2c42a87a062f,"ccc268 - CityPlace Corporate Centre I {Cityplace Corporate Centre I Investors, LLC}",evidenceOfInsurance,Evidence of Insurance,excessOrUmbrellaLiability,Umbrella/Excess Liability,evidenceOfInsuranceExcessOrUmbrellaLiabilityOccurence,Coverage Trigger: Occurrence,,matchOnce,must be present,,Present,compliant,Block Requirements,,,false,1,,2026-08-16
"Block Real Estate Services, LLC",69fdf75c62446148bd855fb1,69fded0c62446148bd848b1a,Actuarial Resources Corporation (ARC),69fdeff702bb2c42a87a062f,"ccc268 - CityPlace Corporate Centre I {Cityplace Corporate Centre I Investors, LLC}",evidenceOfInsurance,Evidence of Insurance,excessOrUmbrellaLiability,Umbrella/Excess Liability,evidenceOfInsuranceExcessOrUmbrellaLiabilityEachOccurrence,Each Occurrence,,matchOnce,must be greater or equal to,1000000,1000000,compliant,Block Requirements,,,false,1,,2026-08-16
"Block Real Estate Services, LLC",69fdf75c62446148bd855fb1,69fded0c62446148bd848b1a,Actuarial Resources Corporation (ARC),69fdeff702bb2c42a87a062f,"ccc268 - CityPlace Corporate Centre I {Cityplace Corporate Centre I Investors, LLC}",evidenceOfInsurance,Evidence of Insurance,excessOrUmbrellaLiability,Umbrella/Excess Liability,evidenceOfInsuranceExcessOrUmbrellaLiabilityAggregate,Aggregate,,matchOnce,must be greater or equal to,1000000,1000000,compliant,Block Requirements,,,false,1,,2026-08-16
"Block Real Estate Services, LLC",69fdf75c62446148bd855fb1,69fded0c62446148bd848b1a,Actuarial Resources Corporation (ARC),69fdeff702bb2c42a87a062f,"ccc268 - CityPlace Corporate Centre I {Cityplace Corporate Centre I Investors, LLC}",evidenceOfInsurance,Evidence of Insurance,workersCompensation,Workers' Compensation and Employer's Liability,evidenceOfInsuranceWorkersCompensationStatutoryLimits,Statutory Limits,,matchOnce,must be present,,Present,compliant,Block Requirements,,,false,1,,2026-08-16
"Block Real Estate Services, LLC",69fdf75c62446148bd855fb1,69fded0c62446148bd848b1a,Actuarial Resources Corporation (ARC),69fdeff702bb2c42a87a062f,"ccc268 - CityPlace Corporate Centre I {Cityplace Corporate Centre I Investors, LLC}",evidenceOfInsurance,Evidence of Insurance,workersCompensation,Workers' Compensation and Employer's Liability,evidenceOfInsuranceWorkersCompensationEmployersLiabilityEachAccident,Employer's Liability Each Accident,,matchOnce,must be greater or equal to,500000,1000000,compliant,Block Requirements,,,false,1,,2026-08-16
"Block Real Estate Services, LLC",69fdf75c62446148bd855fb1,69fded0c62446148bd848b1a,Actuarial Resources Corporation (ARC),69fdeff702bb2c42a87a062f,"ccc268 - CityPlace Corporate Centre I {Cityplace Corporate Centre I Investors, LLC}",evidenceOfInsurance,Evidence of Insurance,workersCompensation,Workers' Compensation and Employer's Liability,evidenceOfInsuranceWorkersCompensationEmployersLiabilityDiseaseEachEmployee,Employer's Liability Disease - each employee,,matchOnce,must be greater or equal to,500000,1000000,compliant,Block Requirements,,,false,1,,2026-08-16
"Block Real Estate Services, LLC",69fdf75c62446148bd855fb1,69fded0c62446148bd848b1a,Actuarial Resources Corporation (ARC),69fdeff702bb2c42a87a062f,"ccc268 - CityPlace Corporate Centre I {Cityplace Corporate Centre I Investors, LLC}",evidenceOfInsurance,Evidence of Insurance,workersCompensation,Workers' Compensation and Employer's Liability,evidenceOfInsuranceWorkersCompensationEmployersLiabilityDiseasePolicyLimit,Employer's Liability Disease - policy limit,,matchOnce,must be greater or equal to,500000,1000000,compliant,Block Requirements,,,false,1,,2026-08-16
"Block Real Estate Services, LLC",69fdf75c62446148bd855fb1,69fded0c62446148bd848b1a,Actuarial Resources Corporation (ARC),69fdeff702bb2c42a87a062f,"ccc268 - CityPlace Corporate Centre I {Cityplace Corporate Centre I Investors, LLC}",evidenceOfInsurance,Evidence of Insurance,workersCompensation,Workers' Compensation and Employer's Liability,evidenceOfInsuranceWorkersCompensationWaiverOfSubrogationEndorsement,Waiver of Subrogation,"---prompt---
Determine if the insurer has waived their right of subrogation in favor of the certificate holder under the Workers' Compensation policy. Evidence may include: a checked ""Waiver of Subrogation"" box on the certificate, mention in the Description of Operations section stating ""waiver of subrogation applies"", or reference to form WC 00 03 13. Look for language like ""subrogation is waived"" or ""per written contract"".",matchOnce,must be present,,Present,compliant,Block Requirements,,,false,1,,2026-08-16
"Block Real Estate Services, LLC",69fdf75c62446148bd855fb1,69fded0c62446148bd848b1a,Actuarial Resources Corporation (ARC),69fdeff702bb2c42a87a062f,"ccc268 - CityPlace Corporate Centre I {Cityplace Corporate Centre I Investors, LLC}",evidenceOfInsurance,Evidence of Insurance,6ac20aae-5728-5d57-b364-aeba38527dba,Additional Requirements,4da5b0f1-4c9d-5885-8cf8-5d3cccaed3e0,"Block Real Estate Services, LLC and all others required by contract are named as Additional Insureds","---prompt---
Determine if the Description of Operations or the Additional Remarks Schedule section states the ""Additional Insured as Construction Management, Inc. and all others required by contract"" or reference to blanket additional insured coverage. Look for language like ""certificate holder is additional insured"" or ""per written contract"".",matchOnce,must be present,,Present,compliant,Block Requirements,,,true,1,,2026-08-16
"Block Real Estate Services, LLC",69fdf75c62446148bd855fb1,69fded0c62446148bd848b1a,Actuarial Resources Corporation (ARC),69fdeff702bb2c42a87a062f,"ccc268 - CityPlace Corporate Centre I {Cityplace Corporate Centre I Investors, LLC}",evidenceOfInsurance,Evidence of Insurance,6ac20aae-5728-5d57-b364-aeba38527dba,Additional Requirements,e1017741-e47e-5f58-97b8-fbc3043e919f,Umbrella follows form over General Liability,"---prompt---
Determine if the Umbrella/Excess Liability policy follows form to the underlying policies. Evidence may include: language in the Description of Operations section stating the umbrella follows form to underlying coverages or an additional page endorsement stating that it follows form. Follow form means the umbrella policy adopts the same terms, conditions, and exclusions as the underlying policies.",matchOnce,must be present,,Present,compliant,Block Requirements,,,true,1,,2026-08-16
"Block Real Estate Services, LLC",69fdf75c62446148bd855fb1,69fded0c62446148bd848b1a,Actuarial Resources Corporation (ARC),69fdeff702bb2c42a87a062f,"ccc268 - CityPlace Corporate Centre I {Cityplace Corporate Centre I Investors, LLC}",evidenceOfInsurance,Evidence of Insurance,6ac20aae-5728-5d57-b364-aeba38527dba,Additional Requirements,2cdd866f-c9a4-576a-afd8-1d045762790c,"The location must be listed as: 11101 Switzer Road, Suite 105, Overland Park, KS, 66210",,matchOnce,must be present,,Present,compliant,Block Requirements,,,true,1,,2026-08-16
"Block Real Estate Services, LLC",69fdf75c62446148bd855fb1,69fded0c62446148bd848b1a,Actuarial Resources Corporation (ARC),69fdeff702bb2c42a87a062f,"ccc268 - CityPlace Corporate Centre I {Cityplace Corporate Centre I Investors, LLC}",evidenceOfInsurance,Evidence of Insurance,6ac20aae-5728-5d57-b364-aeba38527dba,Additional Requirements,3649e9d1-4e09-59bf-8f30-cb33c40cf117,"Certificate Holder must read: c/o Block Real Estate Services, LLC, 4622 Pennsylvania St., Suite 700, Kansas City, MO, 64112",,matchOnce,must be present,,Present,compliant,Block Requirements,,,true,1,,2026-08-16
"Block Real Estate Services, LLC",69fdf75c62446148bd855fb4,69fded1c62446148bd849009,Nextaff Group LLC,69fdeff702bb2c42a87a062f,"ccc268 - CityPlace Corporate Centre I {Cityplace Corporate Centre I Investors, LLC}",evidenceOfInsurance,Evidence of Insurance,commercialGeneralLiability,Commercial General Liability,evidenceOfInsuranceCommercialGeneralLiabilityCoverageTriggerOccurrence,Coverage Trigger: Occurrence,,matchOnce,must be present,,,non_compliant,Block Requirements,,,false,0,,2026-08-16
"Block Real Estate Services, LLC",69fdf75c62446148bd855fb4,69fded1c62446148bd849009,Nextaff Group LLC,69fdeff702bb2c42a87a062f,"ccc268 - CityPlace Corporate Centre I {Cityplace Corporate Centre I Investors, LLC}",evidenceOfInsurance,Evidence of Insurance,commercialGeneralLiability,Commercial General Liability,evidenceOfInsuranceCommercialGeneralLiabilityGeneralAggregateLimitAppliesPerLocation,General Aggregate Limit Applies per: Location,,matchOnce,must be present,,,non_compliant,Block Requirements,,,false,0,,2026-08-16
"Block Real Estate Services, LLC",69fdf75c62446148bd855fb4,69fded1c62446148bd849009,Nextaff Group LLC,69fdeff702bb2c42a87a062f,"ccc268 - CityPlace Corporate Centre I {Cityplace Corporate Centre I Investors, LLC}",evidenceOfInsurance,Evidence of Insurance,commercialGeneralLiability,Commercial General Liability,evidenceOfInsuranceCommercialGeneralLiabilityEachOccurrence,Each Occurrence,,matchOnce,must be greater or equal to,1000000,,non_compliant,Block Requirements,,,false,0,,2026-08-16
"Block Real Estate Services, LLC",69fdf75c62446148bd855fb4,69fded1c62446148bd849009,Nextaff Group LLC,69fdeff702bb2c42a87a062f,"ccc268 - CityPlace Corporate Centre I {Cityplace Corporate Centre I Investors, LLC}",evidenceOfInsurance,Evidence of Insurance,commercialGeneralLiability,Commercial General Liability,evidenceOfInsuranceCommercialGeneralLiabilityGeneralAggregate,General Aggregate,,matchOnce,must be greater or equal to,2000000,,non_compliant,Block Requirements,,,false,0,,2026-08-16
"Block Real Estate Services, LLC",69fdf75c62446148bd855fb4,69fded1c62446148bd849009,Nextaff Group LLC,69fdeff702bb2c42a87a062f,"ccc268 - CityPlace Corporate Centre I {Cityplace Corporate Centre I Investors, LLC}",evidenceOfInsurance,Evidence of Insurance,commercialGeneralLiability,Commercial General Liability,evidenceOfInsuranceCommercialGeneralLiabilityWaiverOfSubrogationEndorsement,Waiver of Subrogation,"---prompt---
Determine if the insurer has waived their right of subrogation in favor of the certificate holder under the Commercial General Liability policy. Evidence may include: a checked ""Waiver of Subrogation"" box on the certificate, mention in the Description of Operations section stating ""waiver of subrogation applies"", or reference to form CG 24 04. Look for language like ""subrogation is waived"" or ""per written contract"".",matchOnce,must be present,,,non_compliant,Block Requirements,,,false,0,,2026-08-16
"Block Real Estate Services, LLC",69fdf75c62446148bd855fb4,69fded1c62446148bd849009,Nextaff Group LLC,69fdeff702bb2c42a87a062f,"ccc268 - CityPlace Corporate Centre I {Cityplace Corporate Centre I Investors, LLC}",evidenceOfInsurance,Evidence of Insurance,excessOrUmbrellaLiability,Umbrella/Excess Liability,evidenceOfInsuranceExcessOrUmbrellaLiabilityOccurence,Coverage Trigger: Occurrence,,matchOnce,must be present,,,non_compliant,Block Requirements,,,false,0,,2026-08-16
"Block Real Estate Services, LLC",69fdf75c62446148bd855fb4,69fded1c62446148bd849009,Nextaff Group LLC,69fdeff702bb2c42a87a062f,"ccc268 - CityPlace Corporate Centre I {Cityplace Corporate Centre I Investors, LLC}",evidenceOfInsurance,Evidence of Insurance,excessOrUmbrellaLiability,Umbrella/Excess Liability,evidenceOfInsuranceExcessOrUmbrellaLiabilityEachOccurrence,Each Occurrence,,matchOnce,must be greater or equal to,1000000,,non_compliant,Block Requirements,,,false,0,,2026-08-16
"Block Real Estate Services, LLC",69fdf75c62446148bd855fb4,69fded1c62446148bd849009,Nextaff Group LLC,69fdeff702bb2c42a87a062f,"ccc268 - CityPlace Corporate Centre I {Cityplace Corporate Centre I Investors, LLC}",evidenceOfInsurance,Evidence of Insurance,excessOrUmbrellaLiability,Umbrella/Excess Liability,evidenceOfInsuranceExcessOrUmbrellaLiabilityAggregate,Aggregate,,matchOnce,must be greater or equal to,1000000,,non_compliant,Block Requirements,,,false,0,,2026-08-16
"Block Real Estate Services, LLC",69fdf75c62446148bd855fb4,69fded1c62446148bd849009,Nextaff Group LLC,69fdeff702bb2c42a87a062f,"ccc268 - CityPlace Corporate Centre I {Cityplace Corporate Centre I Investors, LLC}",evidenceOfInsurance,Evidence of Insurance,workersCompensation,Workers' Compensation and Employer's Liability,evidenceOfInsuranceWorkersCompensationStatutoryLimits,Statutory Limits,,matchOnce,must be present,,,non_compliant,Block Requirements,,,false,0,,2026-08-16
"Block Real Estate Services, LLC",69fdf75c62446148bd855fb4,69fded1c62446148bd849009,Nextaff Group LLC,69fdeff702bb2c42a87a062f,"ccc268 - CityPlace Corporate Centre I {Cityplace Corporate Centre I Investors, LLC}",evidenceOfInsurance,Evidence of Insurance,workersCompensation,Workers' Compensation and Employer's Liability,evidenceOfInsuranceWorkersCompensationEmployersLiabilityEachAccident,Employer's Liability Each Accident,,matchOnce,must be greater or equal to,500000,,non_compliant,Block Requirements,,,false,0,,2026-08-16
"Block Real Estate Services, LLC",69fdf75c62446148bd855fb4,69fded1c62446148bd849009,Nextaff Group LLC,69fdeff702bb2c42a87a062f,"ccc268 - CityPlace Corporate Centre I {Cityplace Corporate Centre I Investors, LLC}",evidenceOfInsurance,Evidence of Insurance,workersCompensation,Workers' Compensation and Employer's Liability,evidenceOfInsuranceWorkersCompensationEmployersLiabilityDiseaseEachEmployee,Employer's Liability Disease - each employee,,matchOnce,must be greater or equal to,500000,,non_compliant,Block Requirements,,,false,0,,2026-08-16
"Block Real Estate Services, LLC",69fdf75c62446148bd855fb4,69fded1c62446148bd849009,Nextaff Group LLC,69fdeff702bb2c42a87a062f,"ccc268 - CityPlace Corporate Centre I {Cityplace Corporate Centre I Investors, LLC}",evidenceOfInsurance,Evidence of Insurance,workersCompensation,Workers' Compensation and Employer's Liability,evidenceOfInsuranceWorkersCompensationEmployersLiabilityDiseasePolicyLimit,Employer's Liability Disease - policy limit,,matchOnce,must be greater or equal to,500000,,non_compliant,Block Requirements,,,false,0,,2026-08-16
"Block Real Estate Services, LLC",69fdf75c62446148bd855fb4,69fded1c62446148bd849009,Nextaff Group LLC,69fdeff702bb2c42a87a062f,"ccc268 - CityPlace Corporate Centre I {Cityplace Corporate Centre I Investors, LLC}",evidenceOfInsurance,Evidence of Insurance,workersCompensation,Workers' Compensation and Employer's Liability,evidenceOfInsuranceWorkersCompensationWaiverOfSubrogationEndorsement,Waiver of Subrogation,"---prompt---
Determine if the insurer has waived their right of subrogation in favor of the certificate holder under the Workers' Compensation policy. Evidence may include: a checked ""Waiver of Subrogation"" box on the certificate, mention in the Description of Operations section stating ""waiver of subrogation applies"", or reference to form WC 00 03 13. Look for language like ""subrogation is waived"" or ""per written contract"".",matchOnce,must be present,,,non_compliant,Block Requirements,,,false,0,,2026-08-16
"Block Real Estate Services, LLC",69fdf75c62446148bd855fb4,69fded1c62446148bd849009,Nextaff Group LLC,69fdeff702bb2c42a87a062f,"ccc268 - CityPlace Corporate Centre I {Cityplace Corporate Centre I Investors, LLC}",evidenceOfInsurance,Evidence of Insurance,6ac20aae-5728-5d57-b364-aeba38527dba,Additional Requirements,4da5b0f1-4c9d-5885-8cf8-5d3cccaed3e0,"Block Real Estate Services, LLC and all others required by contract are named as Additional Insureds","---prompt---
Determine if the Description of Operations or the Additional Remarks Schedule section states the ""Additional Insured as Construction Management, Inc. and all others required by contract"" or reference to blanket additional insured coverage. Look for language like ""certificate holder is additional insured"" or ""per written contract"".",matchOnce,must be present,,,non_compliant,Block Requirements,,,true,0,,2026-08-16
"Block Real Estate Services, LLC",69fdf75c62446148bd855fb4,69fded1c62446148bd849009,Nextaff Group LLC,69fdeff702bb2c42a87a062f,"ccc268 - CityPlace Corporate Centre I {Cityplace Corporate Centre I Investors, LLC}",evidenceOfInsurance,Evidence of Insurance,6ac20aae-5728-5d57-b364-aeba38527dba,Additional Requirements,e1017741-e47e-5f58-97b8-fbc3043e919f,Umbrella follows form over General Liability,"---prompt---
Determine if the Umbrella/Excess Liability policy follows form to the underlying policies. Evidence may include: language in the Description of Operations section stating the umbrella follows form to underlying coverages or an additional page endorsement stating that it follows form. Follow form means the umbrella policy adopts the same terms, conditions, and exclusions as the underlying policies.",matchOnce,must be present,,,non_compliant,Block Requirements,,,true,0,,2026-08-16
"Block Real Estate Services, LLC",69fdf75c62446148bd855fb4,69fded1c62446148bd849009,Nextaff Group LLC,69fdeff702bb2c42a87a062f,"ccc268 - CityPlace Corporate Centre I {Cityplace Corporate Centre I Investors, LLC}",evidenceOfInsurance,Evidence of Insurance,6ac20aae-5728-5d57-b364-aeba38527dba,Additional Requirements,2cdd866f-c9a4-576a-afd8-1d045762790c,"The location must be listed as: 11101 Switzer Road, Suite 110, Overland Park, KS, 66210",,matchOnce,must be present,,,non_compliant,Block Requirements,,,true,0,,2026-08-16
"Block Real Estate Services, LLC",69fdf75c62446148bd855fb4,69fded1c62446148bd849009,Nextaff Group LLC,69fdeff702bb2c42a87a062f,"ccc268 - CityPlace Corporate Centre I {Cityplace Corporate Centre I Investors, LLC}",evidenceOfInsurance,Evidence of Insurance,6ac20aae-5728-5d57-b364-aeba38527dba,Additional Requirements,3649e9d1-4e09-59bf-8f30-cb33c40cf117,"Certificate Holder must read: c/o Block Real Estate Services, LLC, 4622 Pennsylvania St., Suite 700, Kansas City, MO, 64112",,matchOnce,must be present,,,non_compliant,Block Requirements,,,true,0,,2026-08-16
"Block Real Estate Services, LLC",69fdf75c62446148bd855fb7,69fded1e62446148bd8490b4,Principal Life Insurance Company,69fdeff702bb2c42a87a062f,"ccc268 - CityPlace Corporate Centre I {Cityplace Corporate Centre I Investors, LLC}",evidenceOfInsurance,Evidence of Insurance,commercialGeneralLiability,Commercial General Liability,evidenceOfInsuranceCommercialGeneralLiabilityCoverageTriggerOccurrence,Coverage Trigger: Occurrence,,matchOnce,must be present,,Present,compliant,Block Requirements,,,false,1,,2026-08-16
"Block Real Estate Services, LLC",69fdf75c62446148bd855fb7,69fded1e62446148bd8490b4,Principal Life Insurance Company,69fdeff702bb2c42a87a062f,"ccc268 - CityPlace Corporate Centre I {Cityplace Corporate Centre I Investors, LLC}",evidenceOfInsurance,Evidence of Insurance,commercialGeneralLiability,Commercial General Liability,evidenceOfInsuranceCommercialGeneralLiabilityGeneralAggregateLimitAppliesPerLocation,General Aggregate Limit Applies per: Location,,matchOnce,must be present,,Present,compliant,Block Requirements,,,false,1,,2026-08-16
"Block Real Estate Services, LLC",69fdf75c62446148bd855fb7,69fded1e62446148bd8490b4,Principal Life Insurance Company,69fdeff702bb2c42a87a062f,"ccc268 - CityPlace Corporate Centre I {Cityplace Corporate Centre I Investors, LLC}",evidenceOfInsurance,Evidence of Insurance,commercialGeneralLiability,Commercial General Liability,evidenceOfInsuranceCommercialGeneralLiabilityEachOccurrence,Each Occurrence,,matchOnce,must be greater or equal to,1000000,2000000,compliant,Block Requirements,,,false,1,,2026-08-16
"Block Real Estate Services, LLC",69fdf75c62446148bd855fb7,69fded1e62446148bd8490b4,Principal Life Insurance Company,69fdeff702bb2c42a87a062f,"ccc268 - CityPlace Corporate Centre I {Cityplace Corporate Centre I Investors, LLC}",evidenceOfInsurance,Evidence of Insurance,commercialGeneralLiability,Commercial General Liability,evidenceOfInsuranceCommercialGeneralLiabilityGeneralAggregate,General Aggregate,,matchOnce,must be greater or equal to,2000000,4000000,compliant,Block Requirements,,,false,1,,2026-08-16
"Block Real Estate Services, LLC",69fdf75c62446148bd855fb7,69fded1e62446148bd8490b4,Principal Life Insurance Company,69fdeff702bb2c42a87a062f,"ccc268 - CityPlace Corporate Centre I {Cityplace Corporate Centre I Investors, LLC}",evidenceOfInsurance,Evidence of Insurance,commercialGeneralLiability,Commercial General Liability,evidenceOfInsuranceCommercialGeneralLiabilityWaiverOfSubrogationEndorsement,Waiver of Subrogation,"---prompt---
Determine if the insurer has waived their right of subrogation in favor of the certificate holder under the Commercial General Liability policy. Evidence may include: a checked ""Waiver of Subrogation"" box on the certificate, mention in the Description of Operations section stating ""waiver of subrogation applies"", or reference to form CG 24 04. Look for language like ""subrogation is waived"" or ""per written contract"".",matchOnce,must be present,,Present,compliant,Block Requirements,,,false,1,,2026-08-16
"Block Real Estate Services, LLC",69fdf75c62446148bd855fb7,69fded1e62446148bd8490b4,Principal Life Insurance Company,69fdeff702bb2c42a87a062f,"ccc268 - CityPlace Corporate Centre I {Cityplace Corporate Centre I Investors, LLC}",evidenceOfInsurance,Evidence of Insurance,excessOrUmbrellaLiability,Umbrella/Excess Liability,evidenceOfInsuranceExcessOrUmbrellaLiabilityOccurence,Coverage Trigger: Occurrence,,matchOnce,must be present,,Present,compliant,Block Requirements,,,false,1,,2026-08-16
"Block Real Estate Services, LLC",69fdf75c62446148bd855fb7,69fded1e62446148bd8490b4,Principal Life Insurance Company,69fdeff702bb2c42a87a062f,"ccc268 - CityPlace Corporate Centre I {Cityplace Corporate Centre I Investors, LLC}",evidenceOfInsurance,Evidence of Insurance,excessOrUmbrellaLiability,Umbrella/Excess Liability,evidenceOfInsuranceExcessOrUmbrellaLiabilityEachOccurrence,Each Occurrence,,matchOnce,must be greater or equal to,1000000,5000000,compliant,Block Requirements,,,false,1,,2026-08-16
"Block Real Estate Services, LLC",69fdf75c62446148bd855fb7,69fded1e62446148bd8490b4,Principal Life Insurance Company,69fdeff702bb2c42a87a062f,"ccc268 - CityPlace Corporate Centre I {Cityplace Corporate Centre I Investors, LLC}",evidenceOfInsurance,Evidence of Insurance,excessOrUmbrellaLiability,Umbrella/Excess Liability,evidenceOfInsuranceExcessOrUmbrellaLiabilityAggregate,Aggregate,,matchOnce,must be greater or equal to,1000000,5000000,compliant,Block Requirements,,,false,1,,2026-08-16
"Block Real Estate Services, LLC",69fdf75c62446148bd855fb7,69fded1e62446148bd8490b4,Principal Life Insurance Company,69fdeff702bb2c42a87a062f,"ccc268 - CityPlace Corporate Centre I {Cityplace Corporate Centre I Investors, LLC}",evidenceOfInsurance,Evidence of Insurance,workersCompensation,Workers' Compensation and Employer's Liability,evidenceOfInsuranceWorkersCompensationStatutoryLimits,Statutory Limits,,matchOnce,must be present,,Present,compliant,Block Requirements,,,false,1,,2026-08-16
"Block Real Estate Services, LLC",69fdf75c62446148bd855fb7,69fded1e62446148bd8490b4,Principal Life Insurance Company,69fdeff702bb2c42a87a062f,"ccc268 - CityPlace Corporate Centre I {Cityplace Corporate Centre I Investors, LLC}",evidenceOfInsurance,Evidence of Insurance,workersCompensation,Workers' Compensation and Employer's Liability,evidenceOfInsuranceWorkersCompensationEmployersLiabilityEachAccident,Employer's Liability Each Accident,,matchOnce,must be greater or equal to,500000,1000000,compliant,Block Requirements,,,false,1,,2026-08-16
"Block Real Estate Services, LLC",69fdf75c62446148bd855fb7,69fded1e62446148bd8490b4,Principal Life Insurance Company,69fdeff702bb2c42a87a062f,"ccc268 - CityPlace Corporate Centre I {Cityplace Corporate Centre I Investors, LLC}",evidenceOfInsurance,Evidence of Insurance,workersCompensation,Workers' Compensation and Employer's Liability,evidenceOfInsuranceWorkersCompensationEmployersLiabilityDiseaseEachEmployee,Employer's Liability Disease - each employee,,matchOnce,must be greater or equal to,500000,1000000,compliant,Block Requirements,,,false,1,,2026-08-16
"Block Real Estate Services, LLC",69fdf75c62446148bd855fb7,69fded1e62446148bd8490b4,Principal Life Insurance Company,69fdeff702bb2c42a87a062f,"ccc268 - CityPlace Corporate Centre I {Cityplace Corporate Centre I Investors, LLC}",evidenceOfInsurance,Evidence of Insurance,workersCompensation,Workers' Compensation and Employer's Liability,evidenceOfInsuranceWorkersCompensationEmployersLiabilityDiseasePolicyLimit,Employer's Liability Disease - policy limit,,matchOnce,must be greater or equal to,500000,1000000,compliant,Block Requirements,,,false,1,,2026-08-16
"Block Real Estate Services, LLC",69fdf75c62446148bd855fb7,69fded1e62446148bd8490b4,Principal Life Insurance Company,69fdeff702bb2c42a87a062f,"ccc268 - CityPlace Corporate Centre I {Cityplace Corporate Centre I Investors, LLC}",evidenceOfInsurance,Evidence of Insurance,workersCompensation,Workers' Compensation and Employer's Liability,evidenceOfInsuranceWorkersCompensationWaiverOfSubrogationEndorsement,Waiver of Subrogation,"---prompt---
Determine if the insurer has waived their right of subrogation in favor of the certificate holder under the Workers' Compensation policy. Evidence may include: a checked ""Waiver of Subrogation"" box on the certificate, mention in the Description of Operations section stating ""waiver of subrogation applies"", or reference to form WC 00 03 13. Look for language like ""subrogation is waived"" or ""per written contract"".",matchOnce,must be present,,,non_compliant,Block Requirements,,,false,0,,2026-08-16
"Block Real Estate Services, LLC",69fdf75c62446148bd855fb7,69fded1e62446148bd8490b4,Principal Life Insurance Company,69fdeff702bb2c42a87a062f,"ccc268 - CityPlace Corporate Centre I {Cityplace Corporate Centre I Investors, LLC}",evidenceOfInsurance,Evidence of Insurance,6ac20aae-5728-5d57-b364-aeba38527dba,Additional Requirements,4da5b0f1-4c9d-5885-8cf8-5d3cccaed3e0,"Block Real Estate Services, LLC and all others required by contract are named as Additional Insureds","---prompt---
Determine if the Description of Operations or the Additional Remarks Schedule section states the ""Additional Insured as Construction Management, Inc. and all others required by contract"" or reference to blanket additional insured coverage. Look for language like ""certificate holder is additional insured"" or ""per written contract"".",matchOnce,must be present,,Present,compliant,Block Requirements,,,true,1,,2026-08-16
"Block Real Estate Services, LLC",69fdf75c62446148bd855fb7,69fded1e62446148bd8490b4,Principal Life Insurance Company,69fdeff702bb2c42a87a062f,"ccc268 - CityPlace Corporate Centre I {Cityplace Corporate Centre I Investors, LLC}",evidenceOfInsurance,Evidence of Insurance,6ac20aae-5728-5d57-b364-aeba38527dba,Additional Requirements,e1017741-e47e-5f58-97b8-fbc3043e919f,Umbrella follows form over General Liability,"---prompt---
Determine if the Umbrella/Excess Liability policy follows form to the underlying policies. Evidence may include: language in the Description of Operations section stating the umbrella follows form to underlying coverages or an additional page endorsement stating that it follows form. Follow form means the umbrella policy adopts the same terms, conditions, and exclusions as the underlying policies.",matchOnce,must be present,,Present,compliant,Block Requirements,,,true,1,,2026-08-16
"Block Real Estate Services, LLC",69fdf75c62446148bd855fb7,69fded1e62446148bd8490b4,Principal Life Insurance Company,69fdeff702bb2c42a87a062f,"ccc268 - CityPlace Corporate Centre I {Cityplace Corporate Centre I Investors, LLC}",evidenceOfInsurance,Evidence of Insurance,6ac20aae-5728-5d57-b364-aeba38527dba,Additional Requirements,2cdd866f-c9a4-576a-afd8-1d045762790c,"The location must be listed as: 11101 Switzer Road, Suite 100, Overland Park, KS, 66210",,matchOnce,must be present,,,non_compliant,Block Requirements,,,true,0,,2026-08-16
"Block Real Estate Services, LLC",69fdf75c62446148bd855fb7,69fded1e62446148bd8490b4,Principal Life Insurance Company,69fdeff702bb2c42a87a062f,"ccc268 - CityPlace Corporate Centre I {Cityplace Corporate Centre I Investors, LLC}",evidenceOfInsurance,Evidence of Insurance,6ac20aae-5728-5d57-b364-aeba38527dba,Additional Requirements,3649e9d1-4e09-59bf-8f30-cb33c40cf117,"Certificate Holder must read: c/o Block Real Estate Services, LLC, 4622 Pennsylvania St., Suite 700, Kansas City, MO, 64112",,matchOnce,must be present,,Present,compliant,Block Requirements,,,true,2,,2026-08-16
"Block Real Estate Services, LLC",69fdf75c62446148bd855fb8,69fded1f62446148bd8490db,Brinkmann Constructors / R G Brinkman Company,69fdeff702bb2c42a87a062f,"ccc268 - CityPlace Corporate Centre I {Cityplace Corporate Centre I Investors, LLC}",evidenceOfInsurance,Evidence of Insurance,commercialGeneralLiability,Commercial General Liability,evidenceOfInsuranceCommercialGeneralLiabilityCoverageTriggerOccurrence,Coverage Trigger: Occurrence,,matchOnce,must be present,,,non_compliant,Block Requirements,,,false,0,,2026-08-16
"Block Real Estate Services, LLC",69fdf75c62446148bd855fb8,69fded1f62446148bd8490db,Brinkmann Constructors / R G Brinkman Company,69fdeff702bb2c42a87a062f,"ccc268 - CityPlace Corporate Centre I {Cityplace Corporate Centre I Investors, LLC}",evidenceOfInsurance,Evidence of Insurance,commercialGeneralLiability,Commercial General Liability,evidenceOfInsuranceCommercialGeneralLiabilityGeneralAggregateLimitAppliesPerLocation,General Aggregate Limit Applies per: Location,,matchOnce,must be present,,,non_compliant,Block Requirements,,,false,0,,2026-08-16
"Block Real Estate Services, LLC",69fdf75c62446148bd855fb8,69fded1f62446148bd8490db,Brinkmann Constructors / R G Brinkman Company,69fdeff702bb2c42a87a062f,"ccc268 - CityPlace Corporate Centre I {Cityplace Corporate Centre I Investors, LLC}",evidenceOfInsurance,Evidence of Insurance,commercialGeneralLiability,Commercial General Liability,evidenceOfInsuranceCommercialGeneralLiabilityEachOccurrence,Each Occurrence,,matchOnce,must be greater or equal to,1000000,,non_compliant,Block Requirements,,,false,0,,2026-08-16
"Block Real Estate Services, LLC",69fdf75c62446148bd855fb8,69fded1f62446148bd8490db,Brinkmann Constructors / R G Brinkman Company,69fdeff702bb2c42a87a062f,"ccc268 - CityPlace Corporate Centre I {Cityplace Corporate Centre I Investors, LLC}",evidenceOfInsurance,Evidence of Insurance,commercialGeneralLiability,Commercial General Liability,evidenceOfInsuranceCommercialGeneralLiabilityGeneralAggregate,General Aggregate,,matchOnce,must be greater or equal to,2000000,,non_compliant,Block Requirements,,,false,0,,2026-08-16
"Block Real Estate Services, LLC",69fdf75c62446148bd855fb8,69fded1f62446148bd8490db,Brinkmann Constructors / R G Brinkman Company,69fdeff702bb2c42a87a062f,"ccc268 - CityPlace Corporate Centre I {Cityplace Corporate Centre I Investors, LLC}",evidenceOfInsurance,Evidence of Insurance,commercialGeneralLiability,Commercial General Liability,evidenceOfInsuranceCommercialGeneralLiabilityWaiverOfSubrogationEndorsement,Waiver of Subrogation,"---prompt---
Determine if the insurer has waived their right of subrogation in favor of the certificate holder under the Commercial General Liability policy. Evidence may include: a checked ""Waiver of Subrogation"" box on the certificate, mention in the Description of Operations section stating ""waiver of subrogation applies"", or reference to form CG 24 04. Look for language like ""subrogation is waived"" or ""per written contract"".",matchOnce,must be present,,,non_compliant,Block Requirements,,,false,0,,2026-08-16
"Block Real Estate Services, LLC",69fdf75c62446148bd855fb8,69fded1f62446148bd8490db,Brinkmann Constructors / R G Brinkman Company,69fdeff702bb2c42a87a062f,"ccc268 - CityPlace Corporate Centre I {Cityplace Corporate Centre I Investors, LLC}",evidenceOfInsurance,Evidence of Insurance,excessOrUmbrellaLiability,Umbrella/Excess Liability,evidenceOfInsuranceExcessOrUmbrellaLiabilityOccurence,Coverage Trigger: Occurrence,,matchOnce,must be present,,,non_compliant,Block Requirements,,,false,0,,2026-08-16
"Block Real Estate Services, LLC",69fdf75c62446148bd855fb8,69fded1f62446148bd8490db,Brinkmann Constructors / R G Brinkman Company,69fdeff702bb2c42a87a062f,"ccc268 - CityPlace Corporate Centre I {Cityplace Corporate Centre I Investors, LLC}",evidenceOfInsurance,Evidence of Insurance,excessOrUmbrellaLiability,Umbrella/Excess Liability,evidenceOfInsuranceExcessOrUmbrellaLiabilityEachOccurrence,Each Occurrence,,matchOnce,must be greater or equal to,1000000,,non_compliant,Block Requirements,,,false,0,,2026-08-16
"Block Real Estate Services, LLC",69fdf75c62446148bd855fb8,69fded1f62446148bd8490db,Brinkmann Constructors / R G Brinkman Company,69fdeff702bb2c42a87a062f,"ccc268 - CityPlace Corporate Centre I {Cityplace Corporate Centre I Investors, LLC}",evidenceOfInsurance,Evidence of Insurance,excessOrUmbrellaLiability,Umbrella/Excess Liability,evidenceOfInsuranceExcessOrUmbrellaLiabilityAggregate,Aggregate,,matchOnce,must be greater or equal to,1000000,,non_compliant,Block Requirements,,,false,0,,2026-08-16
"Block Real Estate Services, LLC",69fdf75c62446148bd855fb8,69fded1f62446148bd8490db,Brinkmann Constructors / R G Brinkman Company,69fdeff702bb2c42a87a062f,"ccc268 - CityPlace Corporate Centre I {Cityplace Corporate Centre I Investors, LLC}",evidenceOfInsurance,Evidence of Insurance,workersCompensation,Workers' Compensation and Employer's Liability,evidenceOfInsuranceWorkersCompensationStatutoryLimits,Statutory Limits,,matchOnce,must be present,,,non_compliant,Block Requirements,,,false,0,,2026-08-16
"Block Real Estate Services, LLC",69fdf75c62446148bd855fb8,69fded1f62446148bd8490db,Brinkmann Constructors / R G Brinkman Company,69fdeff702bb2c42a87a062f,"ccc268 - CityPlace Corporate Centre I {Cityplace Corporate Centre I Investors, LLC}",evidenceOfInsurance,Evidence of Insurance,workersCompensation,Workers' Compensation and Employer's Liability,evidenceOfInsuranceWorkersCompensationEmployersLiabilityEachAccident,Employer's Liability Each Accident,,matchOnce,must be greater or equal to,500000,,non_compliant,Block Requirements,,,false,0,,2026-08-16
"Block Real Estate Services, LLC",69fdf75c62446148bd855fb8,69fded1f62446148bd8490db,Brinkmann Constructors / R G Brinkman Company,69fdeff702bb2c42a87a062f,"ccc268 - CityPlace Corporate Centre I {Cityplace Corporate Centre I Investors, LLC}",evidenceOfInsurance,Evidence of Insurance,workersCompensation,Workers' Compensation and Employer's Liability,evidenceOfInsuranceWorkersCompensationEmployersLiabilityDiseaseEachEmployee,Employer's Liability Disease - each employee,,matchOnce,must be greater or equal to,500000,,non_compliant,Block Requirements,,,false,0,,2026-08-16
"Block Real Estate Services, LLC",69fdf75c62446148bd855fb8,69fded1f62446148bd8490db,Brinkmann Constructors / R G Brinkman Company,69fdeff702bb2c42a87a062f,"ccc268 - CityPlace Corporate Centre I {Cityplace Corporate Centre I Investors, LLC}",evidenceOfInsurance,Evidence of Insurance,workersCompensation,Workers' Compensation and Employer's Liability,evidenceOfInsuranceWorkersCompensationEmployersLiabilityDiseasePolicyLimit,Employer's Liability Disease - policy limit,,matchOnce,must be greater or equal to,500000,,non_compliant,Block Requirements,,,false,0,,2026-08-16
"Block Real Estate Services, LLC",69fdf75c62446148bd855fb8,69fded1f62446148bd8490db,Brinkmann Constructors / R G Brinkman Company,69fdeff702bb2c42a87a062f,"ccc268 - CityPlace Corporate Centre I {Cityplace Corporate Centre I Investors, LLC}",evidenceOfInsurance,Evidence of Insurance,workersCompensation,Workers' Compensation and Employer's Liability,evidenceOfInsuranceWorkersCompensationWaiverOfSubrogationEndorsement,Waiver of Subrogation,"---prompt---
Determine if the insurer has waived their right of subrogation in favor of the certificate holder under the Workers' Compensation policy. Evidence may include: a checked ""Waiver of Subrogation"" box on the certificate, mention in the Description of Operations section stating ""waiver of subrogation applies"", or reference to form WC 00 03 13. Look for language like ""subrogation is waived"" or ""per written contract"".",matchOnce,must be present,,,non_compliant,Block Requirements,,,false,0,,2026-08-16
"Block Real Estate Services, LLC",69fdf75c62446148bd855fb8,69fded1f62446148bd8490db,Brinkmann Constructors / R G Brinkman Company,69fdeff702bb2c42a87a062f,"ccc268 - CityPlace Corporate Centre I {Cityplace Corporate Centre I Investors, LLC}",evidenceOfInsurance,Evidence of Insurance,6ac20aae-5728-5d57-b364-aeba38527dba,Additional Requirements,4da5b0f1-4c9d-5885-8cf8-5d3cccaed3e0,"Block Real Estate Services, LLC and all others required by contract are named as Additional Insureds","---prompt---
Determine if the Description of Operations or the Additional Remarks Schedule section states the ""Additional Insured as Construction Management, Inc. and all others required by contract"" or reference to blanket additional insured coverage. Look for language like ""certificate holder is additional insured"" or ""per written contract"".",matchOnce,must be present,,,non_compliant,Block Requirements,,,true,0,,2026-08-16
"Block Real Estate Services, LLC",69fdf75c62446148bd855fb8,69fded1f62446148bd8490db,Brinkmann Constructors / R G Brinkman Company,69fdeff702bb2c42a87a062f,"ccc268 - CityPlace Corporate Centre I {Cityplace Corporate Centre I Investors, LLC}",evidenceOfInsurance,Evidence of Insurance,6ac20aae-5728-5d57-b364-aeba38527dba,Additional Requirements,e1017741-e47e-5f58-97b8-fbc3043e919f,Umbrella follows form over General Liability,"---prompt---
Determine if the Umbrella/Excess Liability policy follows form to the underlying policies. Evidence may include: language in the Description of Operations section stating the umbrella follows form to underlying coverages or an additional page endorsement stating that it follows form. Follow form means the umbrella policy adopts the same terms, conditions, and exclusions as the underlying policies.",matchOnce,must be present,,,non_compliant,Block Requirements,,,true,0,,2026-08-16
"Block Real Estate Services, LLC",69fdf75c62446148bd855fb8,69fded1f62446148bd8490db,Brinkmann Constructors / R G Brinkman Company,69fdeff702bb2c42a87a062f,"ccc268 - CityPlace Corporate Centre I {Cityplace Corporate Centre I Investors, LLC}",evidenceOfInsurance,Evidence of Insurance,6ac20aae-5728-5d57-b364-aeba38527dba,Additional Requirements,2cdd866f-c9a4-576a-afd8-1d045762790c,"The location must be listed as: 11101 Switzer Road, Suite 310, Overland Park, KS, 66210",,matchOnce,must be present,,,non_compliant,Block Requirements,,,true,0,,2026-08-16
"Block Real Estate Services, LLC",69fdf75c62446148bd855fb8,69fded1f62446148bd8490db,Brinkmann Constructors / R G Brinkman Company,69fdeff702bb2c42a87a062f,"ccc268 - CityPlace Corporate Centre I {Cityplace Corporate Centre I Investors, LLC}",evidenceOfInsurance,Evidence of Insurance,6ac20aae-5728-5d57-b364-aeba38527dba,Additional Requirements,3649e9d1-4e09-59bf-8f30-cb33c40cf117,"Certificate Holder must read: c/o Block Real Estate Services, LLC, 4622 Pennsylvania St., Suite 700, Kansas City, MO, 64112",,matchOnce,must be present,,,non_compliant,Block Requirements,,,true,0,,2026-08-16
"Block Real Estate Services, LLC",69fdf76e62446148bd8573a5,69fded2462446148bd8492c7,"Worldwide Express / WWEX Franchise Holdings, LLC",69fdeff702bb2c42a87a062f,"ccc268 - CityPlace Corporate Centre I {Cityplace Corporate Centre I Investors, LLC}",evidenceOfInsurance,Evidence of Insurance,commercialGeneralLiability,Commercial General Liability,evidenceOfInsuranceCommercialGeneralLiabilityCoverageTriggerOccurrence,Coverage Trigger: Occurrence,,matchOnce,must be present,,Present,compliant,Block Requirements,,,false,1,,2026-08-16
"Block Real Estate Services, LLC",69fdf76e62446148bd8573a5,69fded2462446148bd8492c7,"Worldwide Express / WWEX Franchise Holdings, LLC",69fdeff702bb2c42a87a062f,"ccc268 - CityPlace Corporate Centre I {Cityplace Corporate Centre I Investors, LLC}",evidenceOfInsurance,Evidence of Insurance,commercialGeneralLiability,Commercial General Liability,evidenceOfInsuranceCommercialGeneralLiabilityGeneralAggregateLimitAppliesPerLocation,General Aggregate Limit Applies per: Location,,matchOnce,must be present,,,non_compliant,Block Requirements,,,false,0,,2026-08-16
"Block Real Estate Services, LLC",69fdf76e62446148bd8573a5,69fded2462446148bd8492c7,"Worldwide Express / WWEX Franchise Holdings, LLC",69fdeff702bb2c42a87a062f,"ccc268 - CityPlace Corporate Centre I {Cityplace Corporate Centre I Investors, LLC}",evidenceOfInsurance,Evidence of Insurance,commercialGeneralLiability,Commercial General Liability,evidenceOfInsuranceCommercialGeneralLiabilityEachOccurrence,Each Occurrence,,matchOnce,must be greater or equal to,1000000,1000000,compliant,Block Requirements,,,false,1,,2026-08-16
"Block Real Estate Services, LLC",69fdf76e62446148bd8573a5,69fded2462446148bd8492c7,"Worldwide Express / WWEX Franchise Holdings, LLC",69fdeff702bb2c42a87a062f,"ccc268 - CityPlace Corporate Centre I {Cityplace Corporate Centre I Investors, LLC}",evidenceOfInsurance,Evidence of Insurance,commercialGeneralLiability,Commercial General Liability,evidenceOfInsuranceCommercialGeneralLiabilityGeneralAggregate,General Aggregate,,matchOnce,must be greater or equal to,2000000,2000000,compliant,Block Requirements,,,false,1,,2026-08-16
"Block Real Estate Services, LLC",69fdf76e62446148bd8573a5,69fded2462446148bd8492c7,"Worldwide Express / WWEX Franchise Holdings, LLC",69fdeff702bb2c42a87a062f,"ccc268 - CityPlace Corporate Centre I {Cityplace Corporate Centre I Investors, LLC}",evidenceOfInsurance,Evidence of Insurance,commercialGeneralLiability,Commercial General Liability,evidenceOfInsuranceCommercialGeneralLiabilityWaiverOfSubrogationEndorsement,Waiver of Subrogation,"---prompt---
Determine if the insurer has waived their right of subrogation in favor of the certificate holder under the Commercial General Liability policy. Evidence may include: a checked ""Waiver of Subrogation"" box on the certificate, mention in the Description of Operations section stating ""waiver of subrogation applies"", or reference to form CG 24 04. Look for language like ""subrogation is waived"" or ""per written contract"".",matchOnce,must be present,,,non_compliant,Block Requirements,,,false,0,,2026-08-16
"Block Real Estate Services, LLC",69fdf76e62446148bd8573a5,69fded2462446148bd8492c7,"Worldwide Express / WWEX Franchise Holdings, LLC",69fdeff702bb2c42a87a062f,"ccc268 - CityPlace Corporate Centre I {Cityplace Corporate Centre I Investors, LLC}",evidenceOfInsurance,Evidence of Insurance,excessOrUmbrellaLiability,Umbrella/Excess Liability,evidenceOfInsuranceExcessOrUmbrellaLiabilityOccurence,Coverage Trigger: Occurrence,,matchOnce,must be present,,Present,compliant,Block Requirements,,,false,1,,2026-08-16
"Block Real Estate Services, LLC",69fdf76e62446148bd8573a5,69fded2462446148bd8492c7,"Worldwide Express / WWEX Franchise Holdings, LLC",69fdeff702bb2c42a87a062f,"ccc268 - CityPlace Corporate Centre I {Cityplace Corporate Centre I Investors, LLC}",evidenceOfInsurance,Evidence of Insurance,excessOrUmbrellaLiability,Umbrella/Excess Liability,evidenceOfInsuranceExcessOrUmbrellaLiabilityEachOccurrence,Each Occurrence,,matchOnce,must be greater or equal to,1000000,5000000,compliant,Block Requirements,,,false,1,,2026-08-16
"Block Real Estate Services, LLC",69fdf76e62446148bd8573a5,69fded2462446148bd8492c7,"Worldwide Express / WWEX Franchise Holdings, LLC",69fdeff702bb2c42a87a062f,"ccc268 - CityPlace Corporate Centre I {Cityplace Corporate Centre I Investors, LLC}",evidenceOfInsurance,Evidence of Insurance,excessOrUmbrellaLiability,Umbrella/Excess Liability,evidenceOfInsuranceExcessOrUmbrellaLiabilityAggregate,Aggregate,,matchOnce,must be greater or equal to,1000000,5000000,compliant,Block Requirements,,,false,1,,2026-08-16
"Block Real Estate Services, LLC",69fdf76e62446148bd8573a5,69fded2462446148bd8492c7,"Worldwide Express / WWEX Franchise Holdings, LLC",69fdeff702bb2c42a87a062f,"ccc268 - CityPlace Corporate Centre I {Cityplace Corporate Centre I Investors, LLC}",evidenceOfInsurance,Evidence of Insurance,workersCompensation,Workers' Compensation and Employer's Liability,evidenceOfInsuranceWorkersCompensationStatutoryLimits,Statutory Limits,,matchOnce,must be present,,Present,compliant,Block Requirements,,,false,1,,2026-08-16
"Block Real Estate Services, LLC",69fdf76e62446148bd8573a5,69fded2462446148bd8492c7,"Worldwide Express / WWEX Franchise Holdings, LLC",69fdeff702bb2c42a87a062f,"ccc268 - CityPlace Corporate Centre I {Cityplace Corporate Centre I Investors, LLC}",evidenceOfInsurance,Evidence of Insurance,workersCompensation,Workers' Compensation and Employer's Liability,evidenceOfInsuranceWorkersCompensationEmployersLiabilityEachAccident,Employer's Liability Each Accident,,matchOnce,must be greater or equal to,500000,1000000,compliant,Block Requirements,,,false,1,,2026-08-16
"Block Real Estate Services, LLC",69fdf76e62446148bd8573a5,69fded2462446148bd8492c7,"Worldwide Express / WWEX Franchise Holdings, LLC",69fdeff702bb2c42a87a062f,"ccc268 - CityPlace Corporate Centre I {Cityplace Corporate Centre I Investors, LLC}",evidenceOfInsurance,Evidence of Insurance,workersCompensation,Workers' Compensation and Employer's Liability,evidenceOfInsuranceWorkersCompensationEmployersLiabilityDiseaseEachEmployee,Employer's Liability Disease - each employee,,matchOnce,must be greater or equal to,500000,1000000,compliant,Block Requirements,,,false,1,,2026-08-16
"Block Real Estate Services, LLC",69fdf76e62446148bd8573a5,69fded2462446148bd8492c7,"Worldwide Express / WWEX Franchise Holdings, LLC",69fdeff702bb2c42a87a062f,"ccc268 - CityPlace Corporate Centre I {Cityplace Corporate Centre I Investors, LLC}",evidenceOfInsurance,Evidence of Insurance,workersCompensation,Workers' Compensation and Employer's Liability,evidenceOfInsuranceWorkersCompensationEmployersLiabilityDiseasePolicyLimit,Employer's Liability Disease - policy limit,,matchOnce,must be greater or equal to,500000,1000000,compliant,Block Requirements,,,false,1,,2026-08-16
"Block Real Estate Services, LLC",69fdf76e62446148bd8573a5,69fded2462446148bd8492c7,"Worldwide Express / WWEX Franchise Holdings, LLC",69fdeff702bb2c42a87a062f,"ccc268 - CityPlace Corporate Centre I {Cityplace Corporate Centre I Investors, LLC}",evidenceOfInsurance,Evidence of Insurance,workersCompensation,Workers' Compensation and Employer's Liability,evidenceOfInsuranceWorkersCompensationWaiverOfSubrogationEndorsement,Waiver of Subrogation,"---prompt---
Determine if the insurer has waived their right of subrogation in favor of the certificate holder under the Workers' Compensation policy. Evidence may include: a checked ""Waiver of Subrogation"" box on the certificate, mention in the Description of Operations section stating ""waiver of subrogation applies"", or reference to form WC 00 03 13. Look for language like ""subrogation is waived"" or ""per written contract"".",matchOnce,must be present,,,non_compliant,Block Requirements,,,false,0,,2026-08-16
"Block Real Estate Services, LLC",69fdf76e62446148bd8573a5,69fded2462446148bd8492c7,"Worldwide Express / WWEX Franchise Holdings, LLC",69fdeff702bb2c42a87a062f,"ccc268 - CityPlace Corporate Centre I {Cityplace Corporate Centre I Investors, LLC}",evidenceOfInsurance,Evidence of Insurance,6ac20aae-5728-5d57-b364-aeba38527dba,Additional Requirements,4da5b0f1-4c9d-5885-8cf8-5d3cccaed3e0,"Block Real Estate Services, LLC and all others required by contract are named as Additional Insureds","---prompt---
Determine if the Description of Operations or the Additional Remarks Schedule section states the ""Additional Insured as Construction Management, Inc. and all others required by contract"" or reference to blanket additional insured coverage. Look for language like ""certificate holder is additional insured"" or ""per written contract"".",matchOnce,must be present,,Present,compliant,Block Requirements,,,true,1,,2026-08-16
"Block Real Estate Services, LLC",69fdf76e62446148bd8573a5,69fded2462446148bd8492c7,"Worldwide Express / WWEX Franchise Holdings, LLC",69fdeff702bb2c42a87a062f,"ccc268 - CityPlace Corporate Centre I {Cityplace Corporate Centre I Investors, LLC}",evidenceOfInsurance,Evidence of Insurance,6ac20aae-5728-5d57-b364-aeba38527dba,Additional Requirements,e1017741-e47e-5f58-97b8-fbc3043e919f,Umbrella follows form over General Liability,"---prompt---
Determine if the Umbrella/Excess Liability policy follows form to the underlying policies. Evidence may include: language in the Description of Operations section stating the umbrella follows form to underlying coverages or an additional page endorsement stating that it follows form. Follow form means the umbrella policy adopts the same terms, conditions, and exclusions as the underlying policies.",matchOnce,must be present,,Present,compliant,Block Requirements,,,true,1,,2026-08-16
"Block Real Estate Services, LLC",69fdf76e62446148bd8573a5,69fded2462446148bd8492c7,"Worldwide Express / WWEX Franchise Holdings, LLC",69fdeff702bb2c42a87a062f,"ccc268 - CityPlace Corporate Centre I {Cityplace Corporate Centre I Investors, LLC}",evidenceOfInsurance,Evidence of Insurance,6ac20aae-5728-5d57-b364-aeba38527dba,Additional Requirements,2cdd866f-c9a4-576a-afd8-1d045762790c,"The location must be listed as: 11101 Switzer Road, Suite 400, Overland Park, KS, 66210",,matchOnce,must be present,,Present,compliant,Block Requirements,,,true,1,,2026-08-16
"Block Real Estate Services, LLC",69fdf76e62446148bd8573a5,69fded2462446148bd8492c7,"Worldwide Express / WWEX Franchise Holdings, LLC",69fdeff702bb2c42a87a062f,"ccc268 - CityPlace Corporate Centre I {Cityplace Corporate Centre I Investors, LLC}",evidenceOfInsurance,Evidence of Insurance,6ac20aae-5728-5d57-b364-aeba38527dba,Additional Requirements,3649e9d1-4e09-59bf-8f30-cb33c40cf117,"Certificate Holder must read: c/o Block Real Estate Services, LLC, 4622 Pennsylvania St., Suite 700, Kansas City, MO, 64112",,matchOnce,must be present,,Present,compliant,Block Requirements,,,true,1,,2026-08-16
"Block Real Estate Services, LLC",6a18534b6b1e29a28e503f20,69fded1c62446148bd84902a,OneDigital Borrower LLC,69fdeff702bb2c42a87a062f,"ccc268 - CityPlace Corporate Centre I {Cityplace Corporate Centre I Investors, LLC}",evidenceOfInsurance,Evidence of Insurance,commercialGeneralLiability,Commercial General Liability,evidenceOfInsuranceCommercialGeneralLiabilityCoverageTriggerOccurrence,Coverage Trigger: Occurrence,,matchOnce,must be present,,Present,compliant,Block Requirements,,,false,1,,2026-08-16
"Block Real Estate Services, LLC",6a18534b6b1e29a28e503f20,69fded1c62446148bd84902a,OneDigital Borrower LLC,69fdeff702bb2c42a87a062f,"ccc268 - CityPlace Corporate Centre I {Cityplace Corporate Centre I Investors, LLC}",evidenceOfInsurance,Evidence of Insurance,commercialGeneralLiability,Commercial General Liability,evidenceOfInsuranceCommercialGeneralLiabilityGeneralAggregateLimitAppliesPerLocation,General Aggregate Limit Applies per: Location,,matchOnce,must be present,,,non_compliant,Block Requirements,,,false,0,,2026-08-16
"Block Real Estate Services, LLC",6a18534b6b1e29a28e503f20,69fded1c62446148bd84902a,OneDigital Borrower LLC,69fdeff702bb2c42a87a062f,"ccc268 - CityPlace Corporate Centre I {Cityplace Corporate Centre I Investors, LLC}",evidenceOfInsurance,Evidence of Insurance,commercialGeneralLiability,Commercial General Liability,evidenceOfInsuranceCommercialGeneralLiabilityEachOccurrence,Each Occurrence,,matchOnce,must be greater or equal to,1000000,1000000,compliant,Block Requirements,,,false,1,,2026-08-16
"Block Real Estate Services, LLC",6a18534b6b1e29a28e503f20,69fded1c62446148bd84902a,OneDigital Borrower LLC,69fdeff702bb2c42a87a062f,"ccc268 - CityPlace Corporate Centre I {Cityplace Corporate Centre I Investors, LLC}",evidenceOfInsurance,Evidence of Insurance,commercialGeneralLiability,Commercial General Liability,evidenceOfInsuranceCommercialGeneralLiabilityGeneralAggregate,General Aggregate,,matchOnce,must be greater or equal to,2000000,2000000,compliant,Block Requirements,,,false,1,,2026-08-16
"Block Real Estate Services, LLC",6a18534b6b1e29a28e503f20,69fded1c62446148bd84902a,OneDigital Borrower LLC,69fdeff702bb2c42a87a062f,"ccc268 - CityPlace Corporate Centre I {Cityplace Corporate Centre I Investors, LLC}",evidenceOfInsurance,Evidence of Insurance,commercialGeneralLiability,Commercial General Liability,evidenceOfInsuranceCommercialGeneralLiabilityWaiverOfSubrogationEndorsement,Waiver of Subrogation,"---prompt---
Determine if the insurer has waived their right of subrogation in favor of the certificate holder under the Commercial General Liability policy. Evidence may include: a checked ""Waiver of Subrogation"" box on the certificate, mention in the Description of Operations section stating ""waiver of subrogation applies"", or reference to form CG 24 04. Look for language like ""subrogation is waived"" or ""per written contract"".",matchOnce,must be present,,Present,compliant,Block Requirements,,,false,1,,2026-08-16
"Block Real Estate Services, LLC",6a18534b6b1e29a28e503f20,69fded1c62446148bd84902a,OneDigital Borrower LLC,69fdeff702bb2c42a87a062f,"ccc268 - CityPlace Corporate Centre I {Cityplace Corporate Centre I Investors, LLC}",evidenceOfInsurance,Evidence of Insurance,excessOrUmbrellaLiability,Umbrella/Excess Liability,evidenceOfInsuranceExcessOrUmbrellaLiabilityOccurence,Coverage Trigger: Occurrence,,matchOnce,must be present,,Present,compliant,Block Requirements,,,false,1,,2026-08-16
"Block Real Estate Services, LLC",6a18534b6b1e29a28e503f20,69fded1c62446148bd84902a,OneDigital Borrower LLC,69fdeff702bb2c42a87a062f,"ccc268 - CityPlace Corporate Centre I {Cityplace Corporate Centre I Investors, LLC}",evidenceOfInsurance,Evidence of Insurance,excessOrUmbrellaLiability,Umbrella/Excess Liability,evidenceOfInsuranceExcessOrUmbrellaLiabilityEachOccurrence,Each Occurrence,,matchOnce,must be greater or equal to,1000000,25000000,compliant,Block Requirements,,,false,1,,2026-08-16
"Block Real Estate Services, LLC",6a18534b6b1e29a28e503f20,69fded1c62446148bd84902a,OneDigital Borrower LLC,69fdeff702bb2c42a87a062f,"ccc268 - CityPlace Corporate Centre I {Cityplace Corporate Centre I Investors, LLC}",evidenceOfInsurance,Evidence of Insurance,excessOrUmbrellaLiability,Umbrella/Excess Liability,evidenceOfInsuranceExcessOrUmbrellaLiabilityAggregate,Aggregate,,matchOnce,must be greater or equal to,1000000,25000000,compliant,Block Requirements,,,false,1,,2026-08-16
"Block Real Estate Services, LLC",6a18534b6b1e29a28e503f20,69fded1c62446148bd84902a,OneDigital Borrower LLC,69fdeff702bb2c42a87a062f,"ccc268 - CityPlace Corporate Centre I {Cityplace Corporate Centre I Investors, LLC}",evidenceOfInsurance,Evidence of Insurance,workersCompensation,Workers' Compensation and Employer's Liability,evidenceOfInsuranceWorkersCompensationStatutoryLimits,Statutory Limits,,matchOnce,must be present,,Present,compliant,Block Requirements,,,false,1,,2026-08-16
"Block Real Estate Services, LLC",6a18534b6b1e29a28e503f20,69fded1c62446148bd84902a,OneDigital Borrower LLC,69fdeff702bb2c42a87a062f,"ccc268 - CityPlace Corporate Centre I {Cityplace Corporate Centre I Investors, LLC}",evidenceOfInsurance,Evidence of Insurance,workersCompensation,Workers' Compensation and Employer's Liability,evidenceOfInsuranceWorkersCompensationEmployersLiabilityEachAccident,Employer's Liability Each Accident,,matchOnce,must be greater or equal to,500000,1000000,compliant,Block Requirements,,,false,1,,2026-08-16
"Block Real Estate Services, LLC",6a18534b6b1e29a28e503f20,69fded1c62446148bd84902a,OneDigital Borrower LLC,69fdeff702bb2c42a87a062f,"ccc268 - CityPlace Corporate Centre I {Cityplace Corporate Centre I Investors, LLC}",evidenceOfInsurance,Evidence of Insurance,workersCompensation,Workers' Compensation and Employer's Liability,evidenceOfInsuranceWorkersCompensationEmployersLiabilityDiseaseEachEmployee,Employer's Liability Disease - each employee,,matchOnce,must be greater or equal to,500000,1000000,compliant,Block Requirements,,,false,1,,2026-08-16
"Block Real Estate Services, LLC",6a18534b6b1e29a28e503f20,69fded1c62446148bd84902a,OneDigital Borrower LLC,69fdeff702bb2c42a87a062f,"ccc268 - CityPlace Corporate Centre I {Cityplace Corporate Centre I Investors, LLC}",evidenceOfInsurance,Evidence of Insurance,workersCompensation,Workers' Compensation and Employer's Liability,evidenceOfInsuranceWorkersCompensationEmployersLiabilityDiseasePolicyLimit,Employer's Liability Disease - policy limit,,matchOnce,must be greater or equal to,500000,1000000,compliant,Block Requirements,,,false,1,,2026-08-16
"Block Real Estate Services, LLC",6a18534b6b1e29a28e503f20,69fded1c62446148bd84902a,OneDigital Borrower LLC,69fdeff702bb2c42a87a062f,"ccc268 - CityPlace Corporate Centre I {Cityplace Corporate Centre I Investors, LLC}",evidenceOfInsurance,Evidence of Insurance,workersCompensation,Workers' Compensation and Employer's Liability,evidenceOfInsuranceWorkersCompensationWaiverOfSubrogationEndorsement,Waiver of Subrogation,"---prompt---
Determine if the insurer has waived their right of subrogation in favor of the certificate holder under the Workers' Compensation policy. Evidence may include: a checked ""Waiver of Subrogation"" box on the certificate, mention in the Description of Operations section stating ""waiver of subrogation applies"", or reference to form WC 00 03 13. Look for language like ""subrogation is waived"" or ""per written contract"".",matchOnce,must be present,,Present,compliant,Block Requirements,,,false,1,,2026-08-16
"Block Real Estate Services, LLC",6a18534b6b1e29a28e503f20,69fded1c62446148bd84902a,OneDigital Borrower LLC,69fdeff702bb2c42a87a062f,"ccc268 - CityPlace Corporate Centre I {Cityplace Corporate Centre I Investors, LLC}",evidenceOfInsurance,Evidence of Insurance,6ac20aae-5728-5d57-b364-aeba38527dba,Additional Requirements,4da5b0f1-4c9d-5885-8cf8-5d3cccaed3e0,"Block Real Estate Services, LLC and all others required by contract are named as Additional Insureds","---prompt---
Determine if the Description of Operations or the Additional Remarks Schedule section states the ""Additional Insured as Construction Management, Inc. and all others required by contract"" or reference to blanket additional insured coverage. Look for language like ""certificate holder is additional insured"" or ""per written contract"".",matchOnce,must be present,,Present,compliant,Block Requirements,,,true,1,,2026-08-16
"Block Real Estate Services, LLC",6a18534b6b1e29a28e503f20,69fded1c62446148bd84902a,OneDigital Borrower LLC,69fdeff702bb2c42a87a062f,"ccc268 - CityPlace Corporate Centre I {Cityplace Corporate Centre I Investors, LLC}",evidenceOfInsurance,Evidence of Insurance,6ac20aae-5728-5d57-b364-aeba38527dba,Additional Requirements,e1017741-e47e-5f58-97b8-fbc3043e919f,Umbrella follows form over General Liability,"---prompt---
Determine if the Umbrella/Excess Liability policy follows form to the underlying policies. Evidence may include: language in the Description of Operations section stating the umbrella follows form to underlying coverages or an additional page endorsement stating that it follows form. Follow form means the umbrella policy adopts the same terms, conditions, and exclusions as the underlying policies.",matchOnce,must be present,,Present,compliant,Block Requirements,,,true,1,,2026-08-16
"Block Real Estate Services, LLC",6a18534b6b1e29a28e503f20,69fded1c62446148bd84902a,OneDigital Borrower LLC,69fdeff702bb2c42a87a062f,"ccc268 - CityPlace Corporate Centre I {Cityplace Corporate Centre I Investors, LLC}",evidenceOfInsurance,Evidence of Insurance,6ac20aae-5728-5d57-b364-aeba38527dba,Additional Requirements,2cdd866f-c9a4-576a-afd8-1d045762790c,"The location must be listed as: 11101 Switzer Road, Suite 220, Overland Park, KS, 66210",,matchOnce,must be present,,,non_compliant,Block Requirements,,,true,0,,2026-08-16
"Block Real Estate Services, LLC",6a18534b6b1e29a28e503f20,69fded1c62446148bd84902a,OneDigital Borrower LLC,69fdeff702bb2c42a87a062f,"ccc268 - CityPlace Corporate Centre I {Cityplace Corporate Centre I Investors, LLC}",evidenceOfInsurance,Evidence of Insurance,6ac20aae-5728-5d57-b364-aeba38527dba,Additional Requirements,3649e9d1-4e09-59bf-8f30-cb33c40cf117,"Certificate Holder must read: c/o Block Real Estate Services, LLC, 4622 Pennsylvania St., Suite 700, Kansas City, MO, 64112",,matchOnce,must be present,,Present,compliant,Block Requirements,,,true,1,,2026-08-16
"Block Real Estate Services, LLC",6a18534b6b1e29a28e503f21,6a18531ae701796d85d75b3b,Voya Services Company,69fdeff702bb2c42a87a062f,"ccc268 - CityPlace Corporate Centre I {Cityplace Corporate Centre I Investors, LLC}",evidenceOfInsurance,Evidence of Insurance,commercialGeneralLiability,Commercial General Liability,evidenceOfInsuranceCommercialGeneralLiabilityCoverageTriggerOccurrence,Coverage Trigger: Occurrence,,matchOnce,must be present,,,non_compliant,Block Requirements,,,false,0,,2026-08-16
"Block Real Estate Services, LLC",6a18534b6b1e29a28e503f21,6a18531ae701796d85d75b3b,Voya Services Company,69fdeff702bb2c42a87a062f,"ccc268 - CityPlace Corporate Centre I {Cityplace Corporate Centre I Investors, LLC}",evidenceOfInsurance,Evidence of Insurance,commercialGeneralLiability,Commercial General Liability,evidenceOfInsuranceCommercialGeneralLiabilityGeneralAggregateLimitAppliesPerLocation,General Aggregate Limit Applies per: Location,,matchOnce,must be present,,,non_compliant,Block Requirements,,,false,0,,2026-08-16
"Block Real Estate Services, LLC",6a18534b6b1e29a28e503f21,6a18531ae701796d85d75b3b,Voya Services Company,69fdeff702bb2c42a87a062f,"ccc268 - CityPlace Corporate Centre I {Cityplace Corporate Centre I Investors, LLC}",evidenceOfInsurance,Evidence of Insurance,commercialGeneralLiability,Commercial General Liability,evidenceOfInsuranceCommercialGeneralLiabilityEachOccurrence,Each Occurrence,,matchOnce,must be greater or equal to,1000000,,non_compliant,Block Requirements,,,false,0,,2026-08-16
"Block Real Estate Services, LLC",6a18534b6b1e29a28e503f21,6a18531ae701796d85d75b3b,Voya Services Company,69fdeff702bb2c42a87a062f,"ccc268 - CityPlace Corporate Centre I {Cityplace Corporate Centre I Investors, LLC}",evidenceOfInsurance,Evidence of Insurance,commercialGeneralLiability,Commercial General Liability,evidenceOfInsuranceCommercialGeneralLiabilityGeneralAggregate,General Aggregate,,matchOnce,must be greater or equal to,2000000,,non_compliant,Block Requirements,,,false,0,,2026-08-16
"Block Real Estate Services, LLC",6a18534b6b1e29a28e503f21,6a18531ae701796d85d75b3b,Voya Services Company,69fdeff702bb2c42a87a062f,"ccc268 - CityPlace Corporate Centre I {Cityplace Corporate Centre I Investors, LLC}",evidenceOfInsurance,Evidence of Insurance,commercialGeneralLiability,Commercial General Liability,evidenceOfInsuranceCommercialGeneralLiabilityWaiverOfSubrogationEndorsement,Waiver of Subrogation,"---prompt---
Determine if the insurer has waived their right of subrogation in favor of the certificate holder under the Commercial General Liability policy. Evidence may include: a checked ""Waiver of Subrogation"" box on the certificate, mention in the Description of Operations section stating ""waiver of subrogation applies"", or reference to form CG 24 04. Look for language like ""subrogation is waived"" or ""per written contract"".",matchOnce,must be present,,,non_compliant,Block Requirements,,,false,0,,2026-08-16
"Block Real Estate Services, LLC",6a18534b6b1e29a28e503f21,6a18531ae701796d85d75b3b,Voya Services Company,69fdeff702bb2c42a87a062f,"ccc268 - CityPlace Corporate Centre I {Cityplace Corporate Centre I Investors, LLC}",evidenceOfInsurance,Evidence of Insurance,excessOrUmbrellaLiability,Umbrella/Excess Liability,evidenceOfInsuranceExcessOrUmbrellaLiabilityOccurence,Coverage Trigger: Occurrence,,matchOnce,must be present,,,non_compliant,Block Requirements,,,false,0,,2026-08-16
"Block Real Estate Services, LLC",6a18534b6b1e29a28e503f21,6a18531ae701796d85d75b3b,Voya Services Company,69fdeff702bb2c42a87a062f,"ccc268 - CityPlace Corporate Centre I {Cityplace Corporate Centre I Investors, LLC}",evidenceOfInsurance,Evidence of Insurance,excessOrUmbrellaLiability,Umbrella/Excess Liability,evidenceOfInsuranceExcessOrUmbrellaLiabilityEachOccurrence,Each Occurrence,,matchOnce,must be greater or equal to,1000000,,non_compliant,Block Requirements,,,false,0,,2026-08-16
"Block Real Estate Services, LLC",6a18534b6b1e29a28e503f21,6a18531ae701796d85d75b3b,Voya Services Company,69fdeff702bb2c42a87a062f,"ccc268 - CityPlace Corporate Centre I {Cityplace Corporate Centre I Investors, LLC}",evidenceOfInsurance,Evidence of Insurance,excessOrUmbrellaLiability,Umbrella/Excess Liability,evidenceOfInsuranceExcessOrUmbrellaLiabilityAggregate,Aggregate,,matchOnce,must be greater or equal to,1000000,,non_compliant,Block Requirements,,,false,0,,2026-08-16
"Block Real Estate Services, LLC",6a18534b6b1e29a28e503f21,6a18531ae701796d85d75b3b,Voya Services Company,69fdeff702bb2c42a87a062f,"ccc268 - CityPlace Corporate Centre I {Cityplace Corporate Centre I Investors, LLC}",evidenceOfInsurance,Evidence of Insurance,workersCompensation,Workers' Compensation and Employer's Liability,evidenceOfInsuranceWorkersCompensationStatutoryLimits,Statutory Limits,,matchOnce,must be present,,,non_compliant,Block Requirements,,,false,0,,2026-08-16
"Block Real Estate Services, LLC",6a18534b6b1e29a28e503f21,6a18531ae701796d85d75b3b,Voya Services Company,69fdeff702bb2c42a87a062f,"ccc268 - CityPlace Corporate Centre I {Cityplace Corporate Centre I Investors, LLC}",evidenceOfInsurance,Evidence of Insurance,workersCompensation,Workers' Compensation and Employer's Liability,evidenceOfInsuranceWorkersCompensationEmployersLiabilityEachAccident,Employer's Liability Each Accident,,matchOnce,must be greater or equal to,500000,,non_compliant,Block Requirements,,,false,0,,2026-08-16
"Block Real Estate Services, LLC",6a18534b6b1e29a28e503f21,6a18531ae701796d85d75b3b,Voya Services Company,69fdeff702bb2c42a87a062f,"ccc268 - CityPlace Corporate Centre I {Cityplace Corporate Centre I Investors, LLC}",evidenceOfInsurance,Evidence of Insurance,workersCompensation,Workers' Compensation and Employer's Liability,evidenceOfInsuranceWorkersCompensationEmployersLiabilityDiseaseEachEmployee,Employer's Liability Disease - each employee,,matchOnce,must be greater or equal to,500000,,non_compliant,Block Requirements,,,false,0,,2026-08-16
"Block Real Estate Services, LLC",6a18534b6b1e29a28e503f21,6a18531ae701796d85d75b3b,Voya Services Company,69fdeff702bb2c42a87a062f,"ccc268 - CityPlace Corporate Centre I {Cityplace Corporate Centre I Investors, LLC}",evidenceOfInsurance,Evidence of Insurance,workersCompensation,Workers' Compensation and Employer's Liability,evidenceOfInsuranceWorkersCompensationEmployersLiabilityDiseasePolicyLimit,Employer's Liability Disease - policy limit,,matchOnce,must be greater or equal to,500000,,non_compliant,Block Requirements,,,false,0,,2026-08-16
"Block Real Estate Services, LLC",6a18534b6b1e29a28e503f21,6a18531ae701796d85d75b3b,Voya Services Company,69fdeff702bb2c42a87a062f,"ccc268 - CityPlace Corporate Centre I {Cityplace Corporate Centre I Investors, LLC}",evidenceOfInsurance,Evidence of Insurance,workersCompensation,Workers' Compensation and Employer's Liability,evidenceOfInsuranceWorkersCompensationWaiverOfSubrogationEndorsement,Waiver of Subrogation,"---prompt---
Determine if the insurer has waived their right of subrogation in favor of the certificate holder under the Workers' Compensation policy. Evidence may include: a checked ""Waiver of Subrogation"" box on the certificate, mention in the Description of Operations section stating ""waiver of subrogation applies"", or reference to form WC 00 03 13. Look for language like ""subrogation is waived"" or ""per written contract"".",matchOnce,must be present,,,non_compliant,Block Requirements,,,false,0,,2026-08-16
"Block Real Estate Services, LLC",6a18534b6b1e29a28e503f21,6a18531ae701796d85d75b3b,Voya Services Company,69fdeff702bb2c42a87a062f,"ccc268 - CityPlace Corporate Centre I {Cityplace Corporate Centre I Investors, LLC}",evidenceOfInsurance,Evidence of Insurance,6ac20aae-5728-5d57-b364-aeba38527dba,Additional Requirements,4da5b0f1-4c9d-5885-8cf8-5d3cccaed3e0,"Block Real Estate Services, LLC and all others required by contract are named as Additional Insureds","---prompt---
Determine if the Description of Operations or the Additional Remarks Schedule section states the ""Additional Insured as Construction Management, Inc. and all others required by contract"" or reference to blanket additional insured coverage. Look for language like ""certificate holder is additional insured"" or ""per written contract"".",matchOnce,must be present,,,non_compliant,Block Requirements,,,true,0,,2026-08-16
"Block Real Estate Services, LLC",6a18534b6b1e29a28e503f21,6a18531ae701796d85d75b3b,Voya Services Company,69fdeff702bb2c42a87a062f,"ccc268 - CityPlace Corporate Centre I {Cityplace Corporate Centre I Investors, LLC}",evidenceOfInsurance,Evidence of Insurance,6ac20aae-5728-5d57-b364-aeba38527dba,Additional Requirements,e1017741-e47e-5f58-97b8-fbc3043e919f,Umbrella follows form over General Liability,"---prompt---
Determine if the Umbrella/Excess Liability policy follows form to the underlying policies. Evidence may include: language in the Description of Operations section stating the umbrella follows form to underlying coverages or an additional page endorsement stating that it follows form. Follow form means the umbrella policy adopts the same terms, conditions, and exclusions as the underlying policies.",matchOnce,must be present,,,non_compliant,Block Requirements,,,true,0,,2026-08-16
"Block Real Estate Services, LLC",6a18534b6b1e29a28e503f21,6a18531ae701796d85d75b3b,Voya Services Company,69fdeff702bb2c42a87a062f,"ccc268 - CityPlace Corporate Centre I {Cityplace Corporate Centre I Investors, LLC}",evidenceOfInsurance,Evidence of Insurance,6ac20aae-5728-5d57-b364-aeba38527dba,Additional Requirements,2cdd866f-c9a4-576a-afd8-1d045762790c,"The location must be listed as: 11101 Switzer Road, Suite 130, Overland Park, KS, 66210",,matchOnce,must be present,,,non_compliant,Block Requirements,,,true,0,,2026-08-16
"Block Real Estate Services, LLC",6a18534b6b1e29a28e503f21,6a18531ae701796d85d75b3b,Voya Services Company,69fdeff702bb2c42a87a062f,"ccc268 - CityPlace Corporate Centre I {Cityplace Corporate Centre I Investors, LLC}",evidenceOfInsurance,Evidence of Insurance,6ac20aae-5728-5d57-b364-aeba38527dba,Additional Requirements,3649e9d1-4e09-59bf-8f30-cb33c40cf117,"Certificate Holder must read: c/o Block Real Estate Services, LLC, 4622 Pennsylvania St., Suite 700, Kansas City, MO, 64112",,matchOnce,must be present,,,non_compliant,Block Requirements,,,true,0,,2026-08-16
"Block Real Estate Services, LLC",69fdf78062446148bd8587dc,69fded0c62446148bd848b2f,"Daymon / Advantage Sales & Marketing, LLC",69fdf0a00bb484cab513cf51,"lle449 - Lenexa Logistics Centre East Building 4 {NB Lenexa East 4, LLC}",evidenceOfInsurance,Evidence of Insurance,commercialGeneralLiability,Commercial General Liability,evidenceOfInsuranceCommercialGeneralLiabilityCoverageTriggerOccurrence,Coverage Trigger: Occurrence,,matchOnce,must be present,,,non_compliant,Block Requirements,,,false,0,,2026-08-16
"Block Real Estate Services, LLC",69fdf78062446148bd8587dc,69fded0c62446148bd848b2f,"Daymon / Advantage Sales & Marketing, LLC",69fdf0a00bb484cab513cf51,"lle449 - Lenexa Logistics Centre East Building 4 {NB Lenexa East 4, LLC}",evidenceOfInsurance,Evidence of Insurance,commercialGeneralLiability,Commercial General Liability,evidenceOfInsuranceCommercialGeneralLiabilityGeneralAggregateLimitAppliesPerLocation,General Aggregate Limit Applies per: Location,,matchOnce,must be present,,,non_compliant,Block Requirements,,,false,0,,2026-08-16
"Block Real Estate Services, LLC",69fdf78062446148bd8587dc,69fded0c62446148bd848b2f,"Daymon / Advantage Sales & Marketing, LLC",69fdf0a00bb484cab513cf51,"lle449 - Lenexa Logistics Centre East Building 4 {NB Lenexa East 4, LLC}",evidenceOfInsurance,Evidence of Insurance,commercialGeneralLiability,Commercial General Liability,evidenceOfInsuranceCommercialGeneralLiabilityEachOccurrence,Each Occurrence,,matchOnce,must be greater or equal to,1000000,,non_compliant,Block Requirements,,,false,0,,2026-08-16
"Block Real Estate Services, LLC",69fdf78062446148bd8587dc,69fded0c62446148bd848b2f,"Daymon / Advantage Sales & Marketing, LLC",69fdf0a00bb484cab513cf51,"lle449 - Lenexa Logistics Centre East Building 4 {NB Lenexa East 4, LLC}",evidenceOfInsurance,Evidence of Insurance,commercialGeneralLiability,Commercial General Liability,evidenceOfInsuranceCommercialGeneralLiabilityGeneralAggregate,General Aggregate,,matchOnce,must be greater or equal to,2000000,,non_compliant,Block Requirements,,,false,0,,2026-08-16
"Block Real Estate Services, LLC",69fdf78062446148bd8587dc,69fded0c62446148bd848b2f,"Daymon / Advantage Sales & Marketing, LLC",69fdf0a00bb484cab513cf51,"lle449 - Lenexa Logistics Centre East Building 4 {NB Lenexa East 4, LLC}",evidenceOfInsurance,Evidence of Insurance,commercialGeneralLiability,Commercial General Liability,evidenceOfInsuranceCommercialGeneralLiabilityWaiverOfSubrogationEndorsement,Waiver of Subrogation,"---prompt---
Determine if the insurer has waived their right of subrogation in favor of the certificate holder under the Commercial General Liability policy. Evidence may include: a checked ""Waiver of Subrogation"" box on the certificate, mention in the Description of Operations section stating ""waiver of subrogation applies"", or reference to form CG 24 04. Look for language like ""subrogation is waived"" or ""per written contract"".",matchOnce,must be present,,,non_compliant,Block Requirements,,,false,0,,2026-08-16
"Block Real Estate Services, LLC",69fdf78062446148bd8587dc,69fded0c62446148bd848b2f,"Daymon / Advantage Sales & Marketing, LLC",69fdf0a00bb484cab513cf51,"lle449 - Lenexa Logistics Centre East Building 4 {NB Lenexa East 4, LLC}",evidenceOfInsurance,Evidence of Insurance,excessOrUmbrellaLiability,Umbrella/Excess Liability,evidenceOfInsuranceExcessOrUmbrellaLiabilityOccurence,Coverage Trigger: Occurrence,,matchOnce,must be present,,,non_compliant,Block Requirements,,,false,0,,2026-08-16
"Block Real Estate Services, LLC",69fdf78062446148bd8587dc,69fded0c62446148bd848b2f,"Daymon / Advantage Sales & Marketing, LLC",69fdf0a00bb484cab513cf51,"lle449 - Lenexa Logistics Centre East Building 4 {NB Lenexa East 4, LLC}",evidenceOfInsurance,Evidence of Insurance,excessOrUmbrellaLiability,Umbrella/Excess Liability,evidenceOfInsuranceExcessOrUmbrellaLiabilityEachOccurrence,Each Occurrence,,matchOnce,must be greater or equal to,1000000,,non_compliant,Block Requirements,,,false,0,,2026-08-16
"Block Real Estate Services, LLC",69fdf78062446148bd8587dc,69fded0c62446148bd848b2f,"Daymon / Advantage Sales & Marketing, LLC",69fdf0a00bb484cab513cf51,"lle449 - Lenexa Logistics Centre East Building 4 {NB Lenexa East 4, LLC}",evidenceOfInsurance,Evidence of Insurance,excessOrUmbrellaLiability,Umbrella/Excess Liability,evidenceOfInsuranceExcessOrUmbrellaLiabilityAggregate,Aggregate,,matchOnce,must be greater or equal to,1000000,,non_compliant,Block Requirements,,,false,0,,2026-08-16
"Block Real Estate Services, LLC",69fdf78062446148bd8587dc,69fded0c62446148bd848b2f,"Daymon / Advantage Sales & Marketing, LLC",69fdf0a00bb484cab513cf51,"lle449 - Lenexa Logistics Centre East Building 4 {NB Lenexa East 4, LLC}",evidenceOfInsurance,Evidence of Insurance,workersCompensation,Workers' Compensation and Employer's Liability,evidenceOfInsuranceWorkersCompensationStatutoryLimits,Statutory Limits,,matchOnce,must be present,,,non_compliant,Block Requirements,,,false,0,,2026-08-16
"Block Real Estate Services, LLC",69fdf78062446148bd8587dc,69fded0c62446148bd848b2f,"Daymon / Advantage Sales & Marketing, LLC",69fdf0a00bb484cab513cf51,"lle449 - Lenexa Logistics Centre East Building 4 {NB Lenexa East 4, LLC}",evidenceOfInsurance,Evidence of Insurance,workersCompensation,Workers' Compensation and Employer's Liability,evidenceOfInsuranceWorkersCompensationEmployersLiabilityEachAccident,Employer's Liability Each Accident,,matchOnce,must be greater or equal to,500000,,non_compliant,Block Requirements,,,false,0,,2026-08-16
"Block Real Estate Services, LLC",69fdf78062446148bd8587dc,69fded0c62446148bd848b2f,"Daymon / Advantage Sales & Marketing, LLC",69fdf0a00bb484cab513cf51,"lle449 - Lenexa Logistics Centre East Building 4 {NB Lenexa East 4, LLC}",evidenceOfInsurance,Evidence of Insurance,workersCompensation,Workers' Compensation and Employer's Liability,evidenceOfInsuranceWorkersCompensationEmployersLiabilityDiseaseEachEmployee,Employer's Liability Disease - each employee,,matchOnce,must be greater or equal to,500000,,non_compliant,Block Requirements,,,false,0,,2026-08-16
"Block Real Estate Services, LLC",69fdf78062446148bd8587dc,69fded0c62446148bd848b2f,"Daymon / Advantage Sales & Marketing, LLC",69fdf0a00bb484cab513cf51,"lle449 - Lenexa Logistics Centre East Building 4 {NB Lenexa East 4, LLC}",evidenceOfInsurance,Evidence of Insurance,workersCompensation,Workers' Compensation and Employer's Liability,evidenceOfInsuranceWorkersCompensationEmployersLiabilityDiseasePolicyLimit,Employer's Liability Disease - policy limit,,matchOnce,must be greater or equal to,500000,,non_compliant,Block Requirements,,,false,0,,2026-08-16
"Block Real Estate Services, LLC",69fdf78062446148bd8587dc,69fded0c62446148bd848b2f,"Daymon / Advantage Sales & Marketing, LLC",69fdf0a00bb484cab513cf51,"lle449 - Lenexa Logistics Centre East Building 4 {NB Lenexa East 4, LLC}",evidenceOfInsurance,Evidence of Insurance,workersCompensation,Workers' Compensation and Employer's Liability,evidenceOfInsuranceWorkersCompensationWaiverOfSubrogationEndorsement,Waiver of Subrogation,"---prompt---
Determine if the insurer has waived their right of subrogation in favor of the certificate holder under the Workers' Compensation policy. Evidence may include: a checked ""Waiver of Subrogation"" box on the certificate, mention in the Description of Operations section stating ""waiver of subrogation applies"", or reference to form WC 00 03 13. Look for language like ""subrogation is waived"" or ""per written contract"".",matchOnce,must be present,,,non_compliant,Block Requirements,,,false,0,,2026-08-16
"Block Real Estate Services, LLC",69fdf78062446148bd8587dc,69fded0c62446148bd848b2f,"Daymon / Advantage Sales & Marketing, LLC",69fdf0a00bb484cab513cf51,"lle449 - Lenexa Logistics Centre East Building 4 {NB Lenexa East 4, LLC}",evidenceOfInsurance,Evidence of Insurance,6ac20aae-5728-5d57-b364-aeba38527dba,Additional Requirements,4da5b0f1-4c9d-5885-8cf8-5d3cccaed3e0,"Block Real Estate Services, LLC and all others required by contract are named as Additional Insureds","---prompt---
Determine if the Description of Operations or the Additional Remarks Schedule section states the ""Additional Insured as Construction Management, Inc. and all others required by contract"" or reference to blanket additional insured coverage. Look for language like ""certificate holder is additional insured"" or ""per written contract"".",matchOnce,must be present,,,non_compliant,Block Requirements,,,true,0,,2026-08-16
"Block Real Estate Services, LLC",69fdf78062446148bd8587dc,69fded0c62446148bd848b2f,"Daymon / Advantage Sales & Marketing, LLC",69fdf0a00bb484cab513cf51,"lle449 - Lenexa Logistics Centre East Building 4 {NB Lenexa East 4, LLC}",evidenceOfInsurance,Evidence of Insurance,6ac20aae-5728-5d57-b364-aeba38527dba,Additional Requirements,e1017741-e47e-5f58-97b8-fbc3043e919f,Umbrella follows form over General Liability,"---prompt---
Determine if the Umbrella/Excess Liability policy follows form to the underlying policies. Evidence may include: language in the Description of Operations section stating the umbrella follows form to underlying coverages or an additional page endorsement stating that it follows form. Follow form means the umbrella policy adopts the same terms, conditions, and exclusions as the underlying policies.",matchOnce,must be present,,,non_compliant,Block Requirements,,,true,0,,2026-08-16
"Block Real Estate Services, LLC",69fdf78062446148bd8587dc,69fded0c62446148bd848b2f,"Daymon / Advantage Sales & Marketing, LLC",69fdf0a00bb484cab513cf51,"lle449 - Lenexa Logistics Centre East Building 4 {NB Lenexa East 4, LLC}",evidenceOfInsurance,Evidence of Insurance,6ac20aae-5728-5d57-b364-aeba38527dba,Additional Requirements,2cdd866f-c9a4-576a-afd8-1d045762790c,The location must be listed as: 16000 W. 116th Street Lenexa KS 66219,,matchOnce,must be present,,,non_compliant,Block Requirements,,,true,0,,2026-08-16
"Block Real Estate Services, LLC",69fdf78062446148bd8587dc,69fded0c62446148bd848b2f,"Daymon / Advantage Sales & Marketing, LLC",69fdf0a00bb484cab513cf51,"lle449 - Lenexa Logistics Centre East Building 4 {NB Lenexa East 4, LLC}",evidenceOfInsurance,Evidence of Insurance,6ac20aae-5728-5d57-b364-aeba38527dba,Additional Requirements,3649e9d1-4e09-59bf-8f30-cb33c40cf117,"Certificate Holder must read: c/o Block Real Estate Services, LLC, 4622 Pennsylvania St., Suite 700, Kansas City, MO, 64112",,matchOnce,must be present,,,non_compliant,Block Requirements,,,true,0,,2026-08-16
"Block Real Estate Services, LLC",69fdf78062446148bd8587db,69fded0c62446148bd848b1d,"Adams Cable Equipment, Inc.",69fdf0a00bb484cab513cf51,"lle449 - Lenexa Logistics Centre East Building 4 {NB Lenexa East 4, LLC}",evidenceOfInsurance,Evidence of Insurance,commercialGeneralLiability,Commercial General Liability,evidenceOfInsuranceCommercialGeneralLiabilityCoverageTriggerOccurrence,Coverage Trigger: Occurrence,,matchOnce,must be present,,Present,compliant,Block Requirements,,,false,1,,2026-08-16
"Block Real Estate Services, LLC",69fdf78062446148bd8587db,69fded0c62446148bd848b1d,"Adams Cable Equipment, Inc.",69fdf0a00bb484cab513cf51,"lle449 - Lenexa Logistics Centre East Building 4 {NB Lenexa East 4, LLC}",evidenceOfInsurance,Evidence of Insurance,commercialGeneralLiability,Commercial General Liability,evidenceOfInsuranceCommercialGeneralLiabilityGeneralAggregateLimitAppliesPerLocation,General Aggregate Limit Applies per: Location,,matchOnce,must be present,,Present,compliant,Block Requirements,,,false,1,,2026-08-16
"Block Real Estate Services, LLC",69fdf78062446148bd8587db,69fded0c62446148bd848b1d,"Adams Cable Equipment, Inc.",69fdf0a00bb484cab513cf51,"lle449 - Lenexa Logistics Centre East Building 4 {NB Lenexa East 4, LLC}",evidenceOfInsurance,Evidence of Insurance,commercialGeneralLiability,Commercial General Liability,evidenceOfInsuranceCommercialGeneralLiabilityEachOccurrence,Each Occurrence,,matchOnce,must be greater or equal to,1000000,1000000,compliant,Block Requirements,,,false,1,,2026-08-16
"Block Real Estate Services, LLC",69fdf78062446148bd8587db,69fded0c62446148bd848b1d,"Adams Cable Equipment, Inc.",69fdf0a00bb484cab513cf51,"lle449 - Lenexa Logistics Centre East Building 4 {NB Lenexa East 4, LLC}",evidenceOfInsurance,Evidence of Insurance,commercialGeneralLiability,Commercial General Liability,evidenceOfInsuranceCommercialGeneralLiabilityGeneralAggregate,General Aggregate,,matchOnce,must be greater or equal to,2000000,2000000,compliant,Block Requirements,,,false,1,,2026-08-16
"Block Real Estate Services, LLC",69fdf78062446148bd8587db,69fded0c62446148bd848b1d,"Adams Cable Equipment, Inc.",69fdf0a00bb484cab513cf51,"lle449 - Lenexa Logistics Centre East Building 4 {NB Lenexa East 4, LLC}",evidenceOfInsurance,Evidence of Insurance,commercialGeneralLiability,Commercial General Liability,evidenceOfInsuranceCommercialGeneralLiabilityWaiverOfSubrogationEndorsement,Waiver of Subrogation,"---prompt---
Determine if the insurer has waived their right of subrogation in favor of the certificate holder under the Commercial General Liability policy. Evidence may include: a checked ""Waiver of Subrogation"" box on the certificate, mention in the Description of Operations section stating ""waiver of subrogation applies"", or reference to form CG 24 04. Look for language like ""subrogation is waived"" or ""per written contract"".",matchOnce,must be present,,Present,compliant,Block Requirements,,,false,1,,2026-08-16
"Block Real Estate Services, LLC",69fdf78062446148bd8587db,69fded0c62446148bd848b1d,"Adams Cable Equipment, Inc.",69fdf0a00bb484cab513cf51,"lle449 - Lenexa Logistics Centre East Building 4 {NB Lenexa East 4, LLC}",evidenceOfInsurance,Evidence of Insurance,excessOrUmbrellaLiability,Umbrella/Excess Liability,evidenceOfInsuranceExcessOrUmbrellaLiabilityOccurence,Coverage Trigger: Occurrence,,matchOnce,must be present,,Present,compliant,Block Requirements,,,false,1,,2026-08-16
"Block Real Estate Services, LLC",69fdf78062446148bd8587db,69fded0c62446148bd848b1d,"Adams Cable Equipment, Inc.",69fdf0a00bb484cab513cf51,"lle449 - Lenexa Logistics Centre East Building 4 {NB Lenexa East 4, LLC}",evidenceOfInsurance,Evidence of Insurance,excessOrUmbrellaLiability,Umbrella/Excess Liability,evidenceOfInsuranceExcessOrUmbrellaLiabilityEachOccurrence,Each Occurrence,,matchOnce,must be greater or equal to,1000000,10000000,compliant,Block Requirements,,,false,1,,2026-08-16
"Block Real Estate Services, LLC",69fdf78062446148bd8587db,69fded0c62446148bd848b1d,"Adams Cable Equipment, Inc.",69fdf0a00bb484cab513cf51,"lle449 - Lenexa Logistics Centre East Building 4 {NB Lenexa East 4, LLC}",evidenceOfInsurance,Evidence of Insurance,excessOrUmbrellaLiability,Umbrella/Excess Liability,evidenceOfInsuranceExcessOrUmbrellaLiabilityAggregate,Aggregate,,matchOnce,must be greater or equal to,1000000,10000000,compliant,Block Requirements,,,false,1,,2026-08-16
"Block Real Estate Services, LLC",69fdf78062446148bd8587db,69fded0c62446148bd848b1d,"Adams Cable Equipment, Inc.",69fdf0a00bb484cab513cf51,"lle449 - Lenexa Logistics Centre East Building 4 {NB Lenexa East 4, LLC}",evidenceOfInsurance,Evidence of Insurance,workersCompensation,Workers' Compensation and Employer's Liability,evidenceOfInsuranceWorkersCompensationStatutoryLimits,Statutory Limits,,matchOnce,must be present,,,non_compliant,Block Requirements,,,false,0,,2026-08-16
"Block Real Estate Services, LLC",69fdf78062446148bd8587db,69fded0c62446148bd848b1d,"Adams Cable Equipment, Inc.",69fdf0a00bb484cab513cf51,"lle449 - Lenexa Logistics Centre East Building 4 {NB Lenexa East 4, LLC}",evidenceOfInsurance,Evidence of Insurance,workersCompensation,Workers' Compensation and Employer's Liability,evidenceOfInsuranceWorkersCompensationEmployersLiabilityEachAccident,Employer's Liability Each Accident,,matchOnce,must be greater or equal to,500000,,non_compliant,Block Requirements,,,false,0,,2026-08-16
"Block Real Estate Services, LLC",69fdf78062446148bd8587db,69fded0c62446148bd848b1d,"Adams Cable Equipment, Inc.",69fdf0a00bb484cab513cf51,"lle449 - Lenexa Logistics Centre East Building 4 {NB Lenexa East 4, LLC}",evidenceOfInsurance,Evidence of Insurance,workersCompensation,Workers' Compensation and Employer's Liability,evidenceOfInsuranceWorkersCompensationEmployersLiabilityDiseaseEachEmployee,Employer's Liability Disease - each employee,,matchOnce,must be greater or equal to,500000,,non_compliant,Block Requirements,,,false,0,,2026-08-16
"Block Real Estate Services, LLC",69fdf78062446148bd8587db,69fded0c62446148bd848b1d,"Adams Cable Equipment, Inc.",69fdf0a00bb484cab513cf51,"lle449 - Lenexa Logistics Centre East Building 4 {NB Lenexa East 4, LLC}",evidenceOfInsurance,Evidence of Insurance,workersCompensation,Workers' Compensation and Employer's Liability,evidenceOfInsuranceWorkersCompensationEmployersLiabilityDiseasePolicyLimit,Employer's Liability Disease - policy limit,,matchOnce,must be greater or equal to,500000,,non_compliant,Block Requirements,,,false,0,,2026-08-16
"Block Real Estate Services, LLC",69fdf78062446148bd8587db,69fded0c62446148bd848b1d,"Adams Cable Equipment, Inc.",69fdf0a00bb484cab513cf51,"lle449 - Lenexa Logistics Centre East Building 4 {NB Lenexa East 4, LLC}",evidenceOfInsurance,Evidence of Insurance,workersCompensation,Workers' Compensation and Employer's Liability,evidenceOfInsuranceWorkersCompensationWaiverOfSubrogationEndorsement,Waiver of Subrogation,"---prompt---
Determine if the insurer has waived their right of subrogation in favor of the certificate holder under the Workers' Compensation policy. Evidence may include: a checked ""Waiver of Subrogation"" box on the certificate, mention in the Description of Operations section stating ""waiver of subrogation applies"", or reference to form WC 00 03 13. Look for language like ""subrogation is waived"" or ""per written contract"".",matchOnce,must be present,,,non_compliant,Block Requirements,,,false,0,,2026-08-16
"Block Real Estate Services, LLC",69fdf78062446148bd8587db,69fded0c62446148bd848b1d,"Adams Cable Equipment, Inc.",69fdf0a00bb484cab513cf51,"lle449 - Lenexa Logistics Centre East Building 4 {NB Lenexa East 4, LLC}",evidenceOfInsurance,Evidence of Insurance,6ac20aae-5728-5d57-b364-aeba38527dba,Additional Requirements,4da5b0f1-4c9d-5885-8cf8-5d3cccaed3e0,"Block Real Estate Services, LLC and all others required by contract are named as Additional Insureds","---prompt---
Determine if the Description of Operations or the Additional Remarks Schedule section states the ""Additional Insured as Construction Management, Inc. and all others required by contract"" or reference to blanket additional insured coverage. Look for language like ""certificate holder is additional insured"" or ""per written contract"".",matchOnce,must be present,,,non_compliant,Block Requirements,,,true,0,,2026-08-16
"Block Real Estate Services, LLC",69fdf78062446148bd8587db,69fded0c62446148bd848b1d,"Adams Cable Equipment, Inc.",69fdf0a00bb484cab513cf51,"lle449 - Lenexa Logistics Centre East Building 4 {NB Lenexa East 4, LLC}",evidenceOfInsurance,Evidence of Insurance,6ac20aae-5728-5d57-b364-aeba38527dba,Additional Requirements,e1017741-e47e-5f58-97b8-fbc3043e919f,Umbrella follows form over General Liability,"---prompt---
Determine if the Umbrella/Excess Liability policy follows form to the underlying policies. Evidence may include: language in the Description of Operations section stating the umbrella follows form to underlying coverages or an additional page endorsement stating that it follows form. Follow form means the umbrella policy adopts the same terms, conditions, and exclusions as the underlying policies.",matchOnce,must be present,,,non_compliant,Block Requirements,,,true,0,,2026-08-16
"Block Real Estate Services, LLC",69fdf78062446148bd8587db,69fded0c62446148bd848b1d,"Adams Cable Equipment, Inc.",69fdf0a00bb484cab513cf51,"lle449 - Lenexa Logistics Centre East Building 4 {NB Lenexa East 4, LLC}",evidenceOfInsurance,Evidence of Insurance,6ac20aae-5728-5d57-b364-aeba38527dba,Additional Requirements,2cdd866f-c9a4-576a-afd8-1d045762790c,The location must be listed as: 16200 W. 116th Street Lenexa KS 66219,,matchOnce,must be present,,,non_compliant,Block Requirements,,,true,0,,2026-08-16
"Block Real Estate Services, LLC",69fdf78062446148bd8587db,69fded0c62446148bd848b1d,"Adams Cable Equipment, Inc.",69fdf0a00bb484cab513cf51,"lle449 - Lenexa Logistics Centre East Building 4 {NB Lenexa East 4, LLC}",evidenceOfInsurance,Evidence of Insurance,6ac20aae-5728-5d57-b364-aeba38527dba,Additional Requirements,3649e9d1-4e09-59bf-8f30-cb33c40cf117,"Certificate Holder must read: c/o Block Real Estate Services, LLC, 4622 Pennsylvania St., Suite 700, Kansas City, MO, 64112",,matchOnce,must be present,,,non_compliant,Block Requirements,,,true,0,,2026-08-16
"Block Real Estate Services, LLC",69fdf7b562446148bd85c431,69fded1c62446148bd84900f,Nifty Promotions LLC,69fdf1b38e25e7a0d9188c24,"wes706 - Westbrook II {Westbrook I-II KC Partners, LLC}",evidenceOfInsurance,Evidence of Insurance,commercialGeneralLiability,Commercial General Liability,evidenceOfInsuranceCommercialGeneralLiabilityCoverageTriggerOccurrence,Coverage Trigger: Occurrence,,matchOnce,must be present,,Present,compliant,Block Requirements,,,false,1,,2026-08-16
"Block Real Estate Services, LLC",69fdf7b562446148bd85c431,69fded1c62446148bd84900f,Nifty Promotions LLC,69fdf1b38e25e7a0d9188c24,"wes706 - Westbrook II {Westbrook I-II KC Partners, LLC}",evidenceOfInsurance,Evidence of Insurance,commercialGeneralLiability,Commercial General Liability,evidenceOfInsuranceCommercialGeneralLiabilityGeneralAggregateLimitAppliesPerLocation,General Aggregate Limit Applies per: Location,,matchOnce,must be present,,Present,compliant,Block Requirements,,,false,1,,2026-08-16
"Block Real Estate Services, LLC",69fdf7b562446148bd85c431,69fded1c62446148bd84900f,Nifty Promotions LLC,69fdf1b38e25e7a0d9188c24,"wes706 - Westbrook II {Westbrook I-II KC Partners, LLC}",evidenceOfInsurance,Evidence of Insurance,commercialGeneralLiability,Commercial General Liability,evidenceOfInsuranceCommercialGeneralLiabilityEachOccurrence,Each Occurrence,,matchOnce,must be greater or equal to,1000000,1000000,compliant,Block Requirements,,,false,1,,2026-08-16
"Block Real Estate Services, LLC",69fdf7b562446148bd85c431,69fded1c62446148bd84900f,Nifty Promotions LLC,69fdf1b38e25e7a0d9188c24,"wes706 - Westbrook II {Westbrook I-II KC Partners, LLC}",evidenceOfInsurance,Evidence of Insurance,commercialGeneralLiability,Commercial General Liability,evidenceOfInsuranceCommercialGeneralLiabilityGeneralAggregate,General Aggregate,,matchOnce,must be greater or equal to,2000000,2000000,compliant,Block Requirements,,,false,1,,2026-08-16
"Block Real Estate Services, LLC",69fdf7b562446148bd85c431,69fded1c62446148bd84900f,Nifty Promotions LLC,69fdf1b38e25e7a0d9188c24,"wes706 - Westbrook II {Westbrook I-II KC Partners, LLC}",evidenceOfInsurance,Evidence of Insurance,commercialGeneralLiability,Commercial General Liability,evidenceOfInsuranceCommercialGeneralLiabilityWaiverOfSubrogationEndorsement,Waiver of Subrogation,"---prompt---
Determine if the insurer has waived their right of subrogation in favor of the certificate holder under the Commercial General Liability policy. Evidence may include: a checked ""Waiver of Subrogation"" box on the certificate, mention in the Description of Operations section stating ""waiver of subrogation applies"", or reference to form CG 24 04. Look for language like ""subrogation is waived"" or ""per written contract"".",matchOnce,must be present,,Present,compliant,Block Requirements,,,false,1,,2026-08-16
"Block Real Estate Services, LLC",69fdf7b562446148bd85c431,69fded1c62446148bd84900f,Nifty Promotions LLC,69fdf1b38e25e7a0d9188c24,"wes706 - Westbrook II {Westbrook I-II KC Partners, LLC}",evidenceOfInsurance,Evidence of Insurance,excessOrUmbrellaLiability,Umbrella/Excess Liability,evidenceOfInsuranceExcessOrUmbrellaLiabilityOccurence,Coverage Trigger: Occurrence,,matchOnce,must be present,,Present,compliant,Block Requirements,,,false,1,,2026-08-16
"Block Real Estate Services, LLC",69fdf7b562446148bd85c431,69fded1c62446148bd84900f,Nifty Promotions LLC,69fdf1b38e25e7a0d9188c24,"wes706 - Westbrook II {Westbrook I-II KC Partners, LLC}",evidenceOfInsurance,Evidence of Insurance,excessOrUmbrellaLiability,Umbrella/Excess Liability,evidenceOfInsuranceExcessOrUmbrellaLiabilityEachOccurrence,Each Occurrence,,matchOnce,must be greater or equal to,1000000,3000000,compliant,Block Requirements,,,false,1,,2026-08-16
"Block Real Estate Services, LLC",69fdf7b562446148bd85c431,69fded1c62446148bd84900f,Nifty Promotions LLC,69fdf1b38e25e7a0d9188c24,"wes706 - Westbrook II {Westbrook I-II KC Partners, LLC}",evidenceOfInsurance,Evidence of Insurance,excessOrUmbrellaLiability,Umbrella/Excess Liability,evidenceOfInsuranceExcessOrUmbrellaLiabilityAggregate,Aggregate,,matchOnce,must be greater or equal to,1000000,3000000,compliant,Block Requirements,,,false,1,,2026-08-16
"Block Real Estate Services, LLC",69fdf7b562446148bd85c431,69fded1c62446148bd84900f,Nifty Promotions LLC,69fdf1b38e25e7a0d9188c24,"wes706 - Westbrook II {Westbrook I-II KC Partners, LLC}",evidenceOfInsurance,Evidence of Insurance,workersCompensation,Workers' Compensation and Employer's Liability,evidenceOfInsuranceWorkersCompensationStatutoryLimits,Statutory Limits,,matchOnce,must be present,,Present,compliant,Block Requirements,,,false,1,,2026-08-16
"Block Real Estate Services, LLC",69fdf7b562446148bd85c431,69fded1c62446148bd84900f,Nifty Promotions LLC,69fdf1b38e25e7a0d9188c24,"wes706 - Westbrook II {Westbrook I-II KC Partners, LLC}",evidenceOfInsurance,Evidence of Insurance,workersCompensation,Workers' Compensation and Employer's Liability,evidenceOfInsuranceWorkersCompensationEmployersLiabilityEachAccident,Employer's Liability Each Accident,,matchOnce,must be greater or equal to,500000,1000000,compliant,Block Requirements,,,false,1,,2026-08-16
"Block Real Estate Services, LLC",69fdf7b562446148bd85c431,69fded1c62446148bd84900f,Nifty Promotions LLC,69fdf1b38e25e7a0d9188c24,"wes706 - Westbrook II {Westbrook I-II KC Partners, LLC}",evidenceOfInsurance,Evidence of Insurance,workersCompensation,Workers' Compensation and Employer's Liability,evidenceOfInsuranceWorkersCompensationEmployersLiabilityDiseaseEachEmployee,Employer's Liability Disease - each employee,,matchOnce,must be greater or equal to,500000,1000000,compliant,Block Requirements,,,false,1,,2026-08-16
"Block Real Estate Services, LLC",69fdf7b562446148bd85c431,69fded1c62446148bd84900f,Nifty Promotions LLC,69fdf1b38e25e7a0d9188c24,"wes706 - Westbrook II {Westbrook I-II KC Partners, LLC}",evidenceOfInsurance,Evidence of Insurance,workersCompensation,Workers' Compensation and Employer's Liability,evidenceOfInsuranceWorkersCompensationEmployersLiabilityDiseasePolicyLimit,Employer's Liability Disease - policy limit,,matchOnce,must be greater or equal to,500000,1000000,compliant,Block Requirements,,,false,1,,2026-08-16
"Block Real Estate Services, LLC",69fdf7b562446148bd85c431,69fded1c62446148bd84900f,Nifty Promotions LLC,69fdf1b38e25e7a0d9188c24,"wes706 - Westbrook II {Westbrook I-II KC Partners, LLC}",evidenceOfInsurance,Evidence of Insurance,workersCompensation,Workers' Compensation and Employer's Liability,evidenceOfInsuranceWorkersCompensationWaiverOfSubrogationEndorsement,Waiver of Subrogation,"---prompt---
Determine if the insurer has waived their right of subrogation in favor of the certificate holder under the Workers' Compensation policy. Evidence may include: a checked ""Waiver of Subrogation"" box on the certificate, mention in the Description of Operations section stating ""waiver of subrogation applies"", or reference to form WC 00 03 13. Look for language like ""subrogation is waived"" or ""per written contract"".",matchOnce,must be present,,Present,compliant,Block Requirements,,,false,1,,2026-08-16
"Block Real Estate Services, LLC",69fdf7b562446148bd85c431,69fded1c62446148bd84900f,Nifty Promotions LLC,69fdf1b38e25e7a0d9188c24,"wes706 - Westbrook II {Westbrook I-II KC Partners, LLC}",evidenceOfInsurance,Evidence of Insurance,6ac20aae-5728-5d57-b364-aeba38527dba,Additional Requirements,4da5b0f1-4c9d-5885-8cf8-5d3cccaed3e0,"Block Real Estate Services, LLC and all others required by contract are named as Additional Insureds","---prompt---
Determine if the Description of Operations or the Additional Remarks Schedule section states the ""Additional Insured as Construction Management, Inc. and all others required by contract"" or reference to blanket additional insured coverage. Look for language like ""certificate holder is additional insured"" or ""per written contract"".",matchOnce,must be present,,Present,compliant,Block Requirements,,,true,1,,2026-08-16
"Block Real Estate Services, LLC",69fdf7b562446148bd85c431,69fded1c62446148bd84900f,Nifty Promotions LLC,69fdf1b38e25e7a0d9188c24,"wes706 - Westbrook II {Westbrook I-II KC Partners, LLC}",evidenceOfInsurance,Evidence of Insurance,6ac20aae-5728-5d57-b364-aeba38527dba,Additional Requirements,e1017741-e47e-5f58-97b8-fbc3043e919f,Umbrella follows form over General Liability,"---prompt---
Determine if the Umbrella/Excess Liability policy follows form to the underlying policies. Evidence may include: language in the Description of Operations section stating the umbrella follows form to underlying coverages or an additional page endorsement stating that it follows form. Follow form means the umbrella policy adopts the same terms, conditions, and exclusions as the underlying policies.",matchOnce,must be present,,Present,compliant,Block Requirements,,,true,1,,2026-08-16
"Block Real Estate Services, LLC",69fdf7b562446148bd85c431,69fded1c62446148bd84900f,Nifty Promotions LLC,69fdf1b38e25e7a0d9188c24,"wes706 - Westbrook II {Westbrook I-II KC Partners, LLC}",evidenceOfInsurance,Evidence of Insurance,6ac20aae-5728-5d57-b364-aeba38527dba,Additional Requirements,2cdd866f-c9a4-576a-afd8-1d045762790c,The location must be listed as: 8002 Reeder Street Lenexa KS 66214,,matchOnce,must be present,,Present,compliant,Block Requirements,,,true,1,,2026-08-16
"Block Real Estate Services, LLC",69fdf7b562446148bd85c431,69fded1c62446148bd84900f,Nifty Promotions LLC,69fdf1b38e25e7a0d9188c24,"wes706 - Westbrook II {Westbrook I-II KC Partners, LLC}",evidenceOfInsurance,Evidence of Insurance,6ac20aae-5728-5d57-b364-aeba38527dba,Additional Requirements,3649e9d1-4e09-59bf-8f30-cb33c40cf117,"Certificate Holder must read: c/o Block Real Estate Services, LLC, 4622 Pennsylvania St., Suite 700, Kansas City, MO, 64112",,matchOnce,must be present,,Present,compliant,Block Requirements,,,true,1,,2026-08-16
"Block Real Estate Services, LLC",69fdf7b562446148bd85c430,69fded1962446148bd848ef5,"Merry Maids 391 & 604 / Khaos, Inc.",69fdf1b38e25e7a0d9188c24,"wes706 - Westbrook II {Westbrook I-II KC Partners, LLC}",evidenceOfInsurance,Evidence of Insurance,commercialGeneralLiability,Commercial General Liability,evidenceOfInsuranceCommercialGeneralLiabilityCoverageTriggerOccurrence,Coverage Trigger: Occurrence,,matchOnce,must be present,,Present,compliant,Block Requirements,,,false,1,,2026-08-16
"Block Real Estate Services, LLC",69fdf7b562446148bd85c430,69fded1962446148bd848ef5,"Merry Maids 391 & 604 / Khaos, Inc.",69fdf1b38e25e7a0d9188c24,"wes706 - Westbrook II {Westbrook I-II KC Partners, LLC}",evidenceOfInsurance,Evidence of Insurance,commercialGeneralLiability,Commercial General Liability,evidenceOfInsuranceCommercialGeneralLiabilityGeneralAggregateLimitAppliesPerLocation,General Aggregate Limit Applies per: Location,,matchOnce,must be present,,Present,compliant,Block Requirements,,,false,1,,2026-08-16
"Block Real Estate Services, LLC",69fdf7b562446148bd85c430,69fded1962446148bd848ef5,"Merry Maids 391 & 604 / Khaos, Inc.",69fdf1b38e25e7a0d9188c24,"wes706 - Westbrook II {Westbrook I-II KC Partners, LLC}",evidenceOfInsurance,Evidence of Insurance,commercialGeneralLiability,Commercial General Liability,evidenceOfInsuranceCommercialGeneralLiabilityEachOccurrence,Each Occurrence,,matchOnce,must be greater or equal to,1000000,1000000,compliant,Block Requirements,,,false,1,,2026-08-16
"Block Real Estate Services, LLC",69fdf7b562446148bd85c430,69fded1962446148bd848ef5,"Merry Maids 391 & 604 / Khaos, Inc.",69fdf1b38e25e7a0d9188c24,"wes706 - Westbrook II {Westbrook I-II KC Partners, LLC}",evidenceOfInsurance,Evidence of Insurance,commercialGeneralLiability,Commercial General Liability,evidenceOfInsuranceCommercialGeneralLiabilityGeneralAggregate,General Aggregate,,matchOnce,must be greater or equal to,2000000,2000000,compliant,Block Requirements,,,false,1,,2026-08-16
"Block Real Estate Services, LLC",69fdf7b562446148bd85c430,69fded1962446148bd848ef5,"Merry Maids 391 & 604 / Khaos, Inc.",69fdf1b38e25e7a0d9188c24,"wes706 - Westbrook II {Westbrook I-II KC Partners, LLC}",evidenceOfInsurance,Evidence of Insurance,commercialGeneralLiability,Commercial General Liability,evidenceOfInsuranceCommercialGeneralLiabilityWaiverOfSubrogationEndorsement,Waiver of Subrogation,"---prompt---
Determine if the insurer has waived their right of subrogation in favor of the certificate holder under the Commercial General Liability policy. Evidence may include: a checked ""Waiver of Subrogation"" box on the certificate, mention in the Description of Operations section stating ""waiver of subrogation applies"", or reference to form CG 24 04. Look for language like ""subrogation is waived"" or ""per written contract"".",matchOnce,must be present,,Present,compliant,Block Requirements,,,false,1,,2026-08-16
"Block Real Estate Services, LLC",69fdf7b562446148bd85c430,69fded1962446148bd848ef5,"Merry Maids 391 & 604 / Khaos, Inc.",69fdf1b38e25e7a0d9188c24,"wes706 - Westbrook II {Westbrook I-II KC Partners, LLC}",evidenceOfInsurance,Evidence of Insurance,excessOrUmbrellaLiability,Umbrella/Excess Liability,evidenceOfInsuranceExcessOrUmbrellaLiabilityOccurence,Coverage Trigger: Occurrence,,matchOnce,must be present,,Present,compliant,Block Requirements,,,false,1,,2026-08-16
"Block Real Estate Services, LLC",69fdf7b562446148bd85c430,69fded1962446148bd848ef5,"Merry Maids 391 & 604 / Khaos, Inc.",69fdf1b38e25e7a0d9188c24,"wes706 - Westbrook II {Westbrook I-II KC Partners, LLC}",evidenceOfInsurance,Evidence of Insurance,excessOrUmbrellaLiability,Umbrella/Excess Liability,evidenceOfInsuranceExcessOrUmbrellaLiabilityEachOccurrence,Each Occurrence,,matchOnce,must be greater or equal to,1000000,2000000,compliant,Block Requirements,,,false,1,,2026-08-16
"Block Real Estate Services, LLC",69fdf7b562446148bd85c430,69fded1962446148bd848ef5,"Merry Maids 391 & 604 / Khaos, Inc.",69fdf1b38e25e7a0d9188c24,"wes706 - Westbrook II {Westbrook I-II KC Partners, LLC}",evidenceOfInsurance,Evidence of Insurance,excessOrUmbrellaLiability,Umbrella/Excess Liability,evidenceOfInsuranceExcessOrUmbrellaLiabilityAggregate,Aggregate,,matchOnce,must be greater or equal to,1000000,2000000,compliant,Block Requirements,,,false,1,,2026-08-16
"Block Real Estate Services, LLC",69fdf7b562446148bd85c430,69fded1962446148bd848ef5,"Merry Maids 391 & 604 / Khaos, Inc.",69fdf1b38e25e7a0d9188c24,"wes706 - Westbrook II {Westbrook I-II KC Partners, LLC}",evidenceOfInsurance,Evidence of Insurance,workersCompensation,Workers' Compensation and Employer's Liability,evidenceOfInsuranceWorkersCompensationStatutoryLimits,Statutory Limits,,matchOnce,must be present,,Present,compliant,Block Requirements,,,false,1,,2026-08-16
"Block Real Estate Services, LLC",69fdf7b562446148bd85c430,69fded1962446148bd848ef5,"Merry Maids 391 & 604 / Khaos, Inc.",69fdf1b38e25e7a0d9188c24,"wes706 - Westbrook II {Westbrook I-II KC Partners, LLC}",evidenceOfInsurance,Evidence of Insurance,workersCompensation,Workers' Compensation and Employer's Liability,evidenceOfInsuranceWorkersCompensationEmployersLiabilityEachAccident,Employer's Liability Each Accident,,matchOnce,must be greater or equal to,500000,1000000,compliant,Block Requirements,,,false,1,,2026-08-16
"Block Real Estate Services, LLC",69fdf7b562446148bd85c430,69fded1962446148bd848ef5,"Merry Maids 391 & 604 / Khaos, Inc.",69fdf1b38e25e7a0d9188c24,"wes706 - Westbrook II {Westbrook I-II KC Partners, LLC}",evidenceOfInsurance,Evidence of Insurance,workersCompensation,Workers' Compensation and Employer's Liability,evidenceOfInsuranceWorkersCompensationEmployersLiabilityDiseaseEachEmployee,Employer's Liability Disease - each employee,,matchOnce,must be greater or equal to,500000,1000000,compliant,Block Requirements,,,false,1,,2026-08-16
"Block Real Estate Services, LLC",69fdf7b562446148bd85c430,69fded1962446148bd848ef5,"Merry Maids 391 & 604 / Khaos, Inc.",69fdf1b38e25e7a0d9188c24,"wes706 - Westbrook II {Westbrook I-II KC Partners, LLC}",evidenceOfInsurance,Evidence of Insurance,workersCompensation,Workers' Compensation and Employer's Liability,evidenceOfInsuranceWorkersCompensationEmployersLiabilityDiseasePolicyLimit,Employer's Liability Disease - policy limit,,matchOnce,must be greater or equal to,500000,1000000,compliant,Block Requirements,,,false,1,,2026-08-16
"Block Real Estate Services, LLC",69fdf7b562446148bd85c430,69fded1962446148bd848ef5,"Merry Maids 391 & 604 / Khaos, Inc.",69fdf1b38e25e7a0d9188c24,"wes706 - Westbrook II {Westbrook I-II KC Partners, LLC}",evidenceOfInsurance,Evidence of Insurance,workersCompensation,Workers' Compensation and Employer's Liability,evidenceOfInsuranceWorkersCompensationWaiverOfSubrogationEndorsement,Waiver of Subrogation,"---prompt---
Determine if the insurer has waived their right of subrogation in favor of the certificate holder under the Workers' Compensation policy. Evidence may include: a checked ""Waiver of Subrogation"" box on the certificate, mention in the Description of Operations section stating ""waiver of subrogation applies"", or reference to form WC 00 03 13. Look for language like ""subrogation is waived"" or ""per written contract"".",matchOnce,must be present,,Present,compliant,Block Requirements,,,false,1,,2026-08-16
"Block Real Estate Services, LLC",69fdf7b562446148bd85c430,69fded1962446148bd848ef5,"Merry Maids 391 & 604 / Khaos, Inc.",69fdf1b38e25e7a0d9188c24,"wes706 - Westbrook II {Westbrook I-II KC Partners, LLC}",evidenceOfInsurance,Evidence of Insurance,6ac20aae-5728-5d57-b364-aeba38527dba,Additional Requirements,4da5b0f1-4c9d-5885-8cf8-5d3cccaed3e0,"Block Real Estate Services, LLC and all others required by contract are named as Additional Insureds","---prompt---
Determine if the Description of Operations or the Additional Remarks Schedule section states the ""Additional Insured as Construction Management, Inc. and all others required by contract"" or reference to blanket additional insured coverage. Look for language like ""certificate holder is additional insured"" or ""per written contract"".",matchOnce,must be present,,Present,compliant,Block Requirements,,,true,1,,2026-08-16
"Block Real Estate Services, LLC",69fdf7b562446148bd85c430,69fded1962446148bd848ef5,"Merry Maids 391 & 604 / Khaos, Inc.",69fdf1b38e25e7a0d9188c24,"wes706 - Westbrook II {Westbrook I-II KC Partners, LLC}",evidenceOfInsurance,Evidence of Insurance,6ac20aae-5728-5d57-b364-aeba38527dba,Additional Requirements,e1017741-e47e-5f58-97b8-fbc3043e919f,Umbrella follows form over General Liability,"---prompt---
Determine if the Umbrella/Excess Liability policy follows form to the underlying policies. Evidence may include: language in the Description of Operations section stating the umbrella follows form to underlying coverages or an additional page endorsement stating that it follows form. Follow form means the umbrella policy adopts the same terms, conditions, and exclusions as the underlying policies.",matchOnce,must be present,,Present,compliant,Block Requirements,,,true,1,,2026-08-16
"Block Real Estate Services, LLC",69fdf7b562446148bd85c430,69fded1962446148bd848ef5,"Merry Maids 391 & 604 / Khaos, Inc.",69fdf1b38e25e7a0d9188c24,"wes706 - Westbrook II {Westbrook I-II KC Partners, LLC}",evidenceOfInsurance,Evidence of Insurance,6ac20aae-5728-5d57-b364-aeba38527dba,Additional Requirements,2cdd866f-c9a4-576a-afd8-1d045762790c,The location must be listed as: 8016 Reeder Street Lenexa KS 66214,,matchOnce,must be present,,Present,compliant,Block Requirements,,,true,1,,2026-08-16
"Block Real Estate Services, LLC",69fdf7b562446148bd85c430,69fded1962446148bd848ef5,"Merry Maids 391 & 604 / Khaos, Inc.",69fdf1b38e25e7a0d9188c24,"wes706 - Westbrook II {Westbrook I-II KC Partners, LLC}",evidenceOfInsurance,Evidence of Insurance,6ac20aae-5728-5d57-b364-aeba38527dba,Additional Requirements,3649e9d1-4e09-59bf-8f30-cb33c40cf117,"Certificate Holder must read: c/o Block Real Estate Services, LLC, 4622 Pennsylvania St., Suite 700, Kansas City, MO, 64112",,matchOnce,must be present,,Present,compliant,Block Requirements,,,true,1,,2026-08-16
"Block Real Estate Services, LLC",69fdf7b562446148bd85c42d,69fded1162446148bd848cb2,Corporate Flooring Inc,69fdf1b38e25e7a0d9188c24,"wes706 - Westbrook II {Westbrook I-II KC Partners, LLC}",evidenceOfInsurance,Evidence of Insurance,commercialGeneralLiability,Commercial General Liability,evidenceOfInsuranceCommercialGeneralLiabilityCoverageTriggerOccurrence,Coverage Trigger: Occurrence,,matchOnce,must be present,,Present,compliant,Block Requirements,,,false,1,,2026-08-16
"Block Real Estate Services, LLC",69fdf7b562446148bd85c42d,69fded1162446148bd848cb2,Corporate Flooring Inc,69fdf1b38e25e7a0d9188c24,"wes706 - Westbrook II {Westbrook I-II KC Partners, LLC}",evidenceOfInsurance,Evidence of Insurance,commercialGeneralLiability,Commercial General Liability,evidenceOfInsuranceCommercialGeneralLiabilityGeneralAggregateLimitAppliesPerLocation,General Aggregate Limit Applies per: Location,,matchOnce,must be present,,Present,compliant,Block Requirements,,,false,1,,2026-08-16
"Block Real Estate Services, LLC",69fdf7b562446148bd85c42d,69fded1162446148bd848cb2,Corporate Flooring Inc,69fdf1b38e25e7a0d9188c24,"wes706 - Westbrook II {Westbrook I-II KC Partners, LLC}",evidenceOfInsurance,Evidence of Insurance,commercialGeneralLiability,Commercial General Liability,evidenceOfInsuranceCommercialGeneralLiabilityEachOccurrence,Each Occurrence,,matchOnce,must be greater or equal to,1000000,2000000,compliant,Block Requirements,,,false,1,,2026-08-16
"Block Real Estate Services, LLC",69fdf7b562446148bd85c42d,69fded1162446148bd848cb2,Corporate Flooring Inc,69fdf1b38e25e7a0d9188c24,"wes706 - Westbrook II {Westbrook I-II KC Partners, LLC}",evidenceOfInsurance,Evidence of Insurance,commercialGeneralLiability,Commercial General Liability,evidenceOfInsuranceCommercialGeneralLiabilityGeneralAggregate,General Aggregate,,matchOnce,must be greater or equal to,2000000,3000000,compliant,Block Requirements,,,false,1,,2026-08-16
"Block Real Estate Services, LLC",69fdf7b562446148bd85c42d,69fded1162446148bd848cb2,Corporate Flooring Inc,69fdf1b38e25e7a0d9188c24,"wes706 - Westbrook II {Westbrook I-II KC Partners, LLC}",evidenceOfInsurance,Evidence of Insurance,commercialGeneralLiability,Commercial General Liability,evidenceOfInsuranceCommercialGeneralLiabilityWaiverOfSubrogationEndorsement,Waiver of Subrogation,"---prompt---
Determine if the insurer has waived their right of subrogation in favor of the certificate holder under the Commercial General Liability policy. Evidence may include: a checked ""Waiver of Subrogation"" box on the certificate, mention in the Description of Operations section stating ""waiver of subrogation applies"", or reference to form CG 24 04. Look for language like ""subrogation is waived"" or ""per written contract"".",matchOnce,must be present,,Present,compliant,Block Requirements,,,false,1,,2026-08-16
"Block Real Estate Services, LLC",69fdf7b562446148bd85c42d,69fded1162446148bd848cb2,Corporate Flooring Inc,69fdf1b38e25e7a0d9188c24,"wes706 - Westbrook II {Westbrook I-II KC Partners, LLC}",evidenceOfInsurance,Evidence of Insurance,excessOrUmbrellaLiability,Umbrella/Excess Liability,evidenceOfInsuranceExcessOrUmbrellaLiabilityOccurence,Coverage Trigger: Occurrence,,matchOnce,must be present,,Present,compliant,Block Requirements,,,false,1,,2026-08-16
"Block Real Estate Services, LLC",69fdf7b562446148bd85c42d,69fded1162446148bd848cb2,Corporate Flooring Inc,69fdf1b38e25e7a0d9188c24,"wes706 - Westbrook II {Westbrook I-II KC Partners, LLC}",evidenceOfInsurance,Evidence of Insurance,excessOrUmbrellaLiability,Umbrella/Excess Liability,evidenceOfInsuranceExcessOrUmbrellaLiabilityEachOccurrence,Each Occurrence,,matchOnce,must be greater or equal to,1000000,3000000,compliant,Block Requirements,,,false,1,,2026-08-16
"Block Real Estate Services, LLC",69fdf7b562446148bd85c42d,69fded1162446148bd848cb2,Corporate Flooring Inc,69fdf1b38e25e7a0d9188c24,"wes706 - Westbrook II {Westbrook I-II KC Partners, LLC}",evidenceOfInsurance,Evidence of Insurance,excessOrUmbrellaLiability,Umbrella/Excess Liability,evidenceOfInsuranceExcessOrUmbrellaLiabilityAggregate,Aggregate,,matchOnce,must be greater or equal to,1000000,3000000,compliant,Block Requirements,,,false,1,,2026-08-16
"Block Real Estate Services, LLC",69fdf7b562446148bd85c42d,69fded1162446148bd848cb2,Corporate Flooring Inc,69fdf1b38e25e7a0d9188c24,"wes706 - Westbrook II {Westbrook I-II KC Partners, LLC}",evidenceOfInsurance,Evidence of Insurance,workersCompensation,Workers' Compensation and Employer's Liability,evidenceOfInsuranceWorkersCompensationStatutoryLimits,Statutory Limits,,matchOnce,must be present,,Present,compliant,Block Requirements,,,false,1,,2026-08-16
"Block Real Estate Services, LLC",69fdf7b562446148bd85c42d,69fded1162446148bd848cb2,Corporate Flooring Inc,69fdf1b38e25e7a0d9188c24,"wes706 - Westbrook II {Westbrook I-II KC Partners, LLC}",evidenceOfInsurance,Evidence of Insurance,workersCompensation,Workers' Compensation and Employer's Liability,evidenceOfInsuranceWorkersCompensationEmployersLiabilityEachAccident,Employer's Liability Each Accident,,matchOnce,must be greater or equal to,500000,500000,compliant,Block Requirements,,,false,1,,2026-08-16
"Block Real Estate Services, LLC",69fdf7b562446148bd85c42d,69fded1162446148bd848cb2,Corporate Flooring Inc,69fdf1b38e25e7a0d9188c24,"wes706 - Westbrook II {Westbrook I-II KC Partners, LLC}",evidenceOfInsurance,Evidence of Insurance,workersCompensation,Workers' Compensation and Employer's Liability,evidenceOfInsuranceWorkersCompensationEmployersLiabilityDiseaseEachEmployee,Employer's Liability Disease - each employee,,matchOnce,must be greater or equal to,500000,500000,compliant,Block Requirements,,,false,1,,2026-08-16
"Block Real Estate Services, LLC",69fdf7b562446148bd85c42d,69fded1162446148bd848cb2,Corporate Flooring Inc,69fdf1b38e25e7a0d9188c24,"wes706 - Westbrook II {Westbrook I-II KC Partners, LLC}",evidenceOfInsurance,Evidence of Insurance,workersCompensation,Workers' Compensation and Employer's Liability,evidenceOfInsuranceWorkersCompensationEmployersLiabilityDiseasePolicyLimit,Employer's Liability Disease - policy limit,,matchOnce,must be greater or equal to,500000,500000,compliant,Block Requirements,,,false,1,,2026-08-16
"Block Real Estate Services, LLC",69fdf7b562446148bd85c42d,69fded1162446148bd848cb2,Corporate Flooring Inc,69fdf1b38e25e7a0d9188c24,"wes706 - Westbrook II {Westbrook I-II KC Partners, LLC}",evidenceOfInsurance,Evidence of Insurance,workersCompensation,Workers' Compensation and Employer's Liability,evidenceOfInsuranceWorkersCompensationWaiverOfSubrogationEndorsement,Waiver of Subrogation,"---prompt---
Determine if the insurer has waived their right of subrogation in favor of the certificate holder under the Workers' Compensation policy. Evidence may include: a checked ""Waiver of Subrogation"" box on the certificate, mention in the Description of Operations section stating ""waiver of subrogation applies"", or reference to form WC 00 03 13. Look for language like ""subrogation is waived"" or ""per written contract"".",matchOnce,must be present,,Present,compliant,Block Requirements,,,false,1,,2026-08-16
"Block Real Estate Services, LLC",69fdf7b562446148bd85c42d,69fded1162446148bd848cb2,Corporate Flooring Inc,69fdf1b38e25e7a0d9188c24,"wes706 - Westbrook II {Westbrook I-II KC Partners, LLC}",evidenceOfInsurance,Evidence of Insurance,6ac20aae-5728-5d57-b364-aeba38527dba,Additional Requirements,4da5b0f1-4c9d-5885-8cf8-5d3cccaed3e0,"Block Real Estate Services, LLC and all others required by contract are named as Additional Insureds","---prompt---
Determine if the Description of Operations or the Additional Remarks Schedule section states the ""Additional Insured as Construction Management, Inc. and all others required by contract"" or reference to blanket additional insured coverage. Look for language like ""certificate holder is additional insured"" or ""per written contract"".",matchOnce,must be present,,Present,compliant,Block Requirements,,,true,1,,2026-08-16
"Block Real Estate Services, LLC",69fdf7b562446148bd85c42d,69fded1162446148bd848cb2,Corporate Flooring Inc,69fdf1b38e25e7a0d9188c24,"wes706 - Westbrook II {Westbrook I-II KC Partners, LLC}",evidenceOfInsurance,Evidence of Insurance,6ac20aae-5728-5d57-b364-aeba38527dba,Additional Requirements,e1017741-e47e-5f58-97b8-fbc3043e919f,Umbrella follows form over General Liability,"---prompt---
Determine if the Umbrella/Excess Liability policy follows form to the underlying policies. Evidence may include: language in the Description of Operations section stating the umbrella follows form to underlying coverages or an additional page endorsement stating that it follows form. Follow form means the umbrella policy adopts the same terms, conditions, and exclusions as the underlying policies.",matchOnce,must be present,,Present,compliant,Block Requirements,,,true,1,,2026-08-16
"Block Real Estate Services, LLC",69fdf7b562446148bd85c42d,69fded1162446148bd848cb2,Corporate Flooring Inc,69fdf1b38e25e7a0d9188c24,"wes706 - Westbrook II {Westbrook I-II KC Partners, LLC}",evidenceOfInsurance,Evidence of Insurance,6ac20aae-5728-5d57-b364-aeba38527dba,Additional Requirements,2cdd866f-c9a4-576a-afd8-1d045762790c,The location must be listed as: 8018 Reeder Street Lenexa KS 66214,,matchOnce,must be present,,Present,compliant,Block Requirements,,,true,1,,2026-08-16
"Block Real Estate Services, LLC",69fdf7b562446148bd85c42d,69fded1162446148bd848cb2,Corporate Flooring Inc,69fdf1b38e25e7a0d9188c24,"wes706 - Westbrook II {Westbrook I-II KC Partners, LLC}",evidenceOfInsurance,Evidence of Insurance,6ac20aae-5728-5d57-b364-aeba38527dba,Additional Requirements,3649e9d1-4e09-59bf-8f30-cb33c40cf117,"Certificate Holder must read: c/o Block Real Estate Services, LLC, 4622 Pennsylvania St., Suite 700, Kansas City, MO, 64112",,matchOnce,must be present,,Present,compliant,Block Requirements,,,true,1,,2026-08-16
"Block Real Estate Services, LLC",69fdf7b562446148bd85c42e,69fded1262446148bd848cdc,"DL Smith Electrical Construction, Inc.",69fdf1b38e25e7a0d9188c24,"wes706 - Westbrook II {Westbrook I-II KC Partners, LLC}",evidenceOfInsurance,Evidence of Insurance,commercialGeneralLiability,Commercial General Liability,evidenceOfInsuranceCommercialGeneralLiabilityCoverageTriggerOccurrence,Coverage Trigger: Occurrence,,matchOnce,must be present,,Present,compliant,Block Requirements,,,false,1,,2026-08-16
"Block Real Estate Services, LLC",69fdf7b562446148bd85c42e,69fded1262446148bd848cdc,"DL Smith Electrical Construction, Inc.",69fdf1b38e25e7a0d9188c24,"wes706 - Westbrook II {Westbrook I-II KC Partners, LLC}",evidenceOfInsurance,Evidence of Insurance,commercialGeneralLiability,Commercial General Liability,evidenceOfInsuranceCommercialGeneralLiabilityGeneralAggregateLimitAppliesPerLocation,General Aggregate Limit Applies per: Location,,matchOnce,must be present,,Present,compliant,Block Requirements,,,false,1,,2026-08-16
"Block Real Estate Services, LLC",69fdf7b562446148bd85c42e,69fded1262446148bd848cdc,"DL Smith Electrical Construction, Inc.",69fdf1b38e25e7a0d9188c24,"wes706 - Westbrook II {Westbrook I-II KC Partners, LLC}",evidenceOfInsurance,Evidence of Insurance,commercialGeneralLiability,Commercial General Liability,evidenceOfInsuranceCommercialGeneralLiabilityEachOccurrence,Each Occurrence,,matchOnce,must be greater or equal to,1000000,1000000,compliant,Block Requirements,,,false,1,,2026-08-16
"Block Real Estate Services, LLC",69fdf7b562446148bd85c42e,69fded1262446148bd848cdc,"DL Smith Electrical Construction, Inc.",69fdf1b38e25e7a0d9188c24,"wes706 - Westbrook II {Westbrook I-II KC Partners, LLC}",evidenceOfInsurance,Evidence of Insurance,commercialGeneralLiability,Commercial General Liability,evidenceOfInsuranceCommercialGeneralLiabilityGeneralAggregate,General Aggregate,,matchOnce,must be greater or equal to,2000000,2000000,compliant,Block Requirements,,,false,1,,2026-08-16
"Block Real Estate Services, LLC",69fdf7b562446148bd85c42e,69fded1262446148bd848cdc,"DL Smith Electrical Construction, Inc.",69fdf1b38e25e7a0d9188c24,"wes706 - Westbrook II {Westbrook I-II KC Partners, LLC}",evidenceOfInsurance,Evidence of Insurance,commercialGeneralLiability,Commercial General Liability,evidenceOfInsuranceCommercialGeneralLiabilityWaiverOfSubrogationEndorsement,Waiver of Subrogation,"---prompt---
Determine if the insurer has waived their right of subrogation in favor of the certificate holder under the Commercial General Liability policy. Evidence may include: a checked ""Waiver of Subrogation"" box on the certificate, mention in the Description of Operations section stating ""waiver of subrogation applies"", or reference to form CG 24 04. Look for language like ""subrogation is waived"" or ""per written contract"".",matchOnce,must be present,,Present,compliant,Block Requirements,,,false,1,,2026-08-16
"Block Real Estate Services, LLC",69fdf7b562446148bd85c42e,69fded1262446148bd848cdc,"DL Smith Electrical Construction, Inc.",69fdf1b38e25e7a0d9188c24,"wes706 - Westbrook II {Westbrook I-II KC Partners, LLC}",evidenceOfInsurance,Evidence of Insurance,excessOrUmbrellaLiability,Umbrella/Excess Liability,evidenceOfInsuranceExcessOrUmbrellaLiabilityOccurence,Coverage Trigger: Occurrence,,matchOnce,must be present,,Present,compliant,Block Requirements,,,false,1,,2026-08-16
"Block Real Estate Services, LLC",69fdf7b562446148bd85c42e,69fded1262446148bd848cdc,"DL Smith Electrical Construction, Inc.",69fdf1b38e25e7a0d9188c24,"wes706 - Westbrook II {Westbrook I-II KC Partners, LLC}",evidenceOfInsurance,Evidence of Insurance,excessOrUmbrellaLiability,Umbrella/Excess Liability,evidenceOfInsuranceExcessOrUmbrellaLiabilityEachOccurrence,Each Occurrence,,matchOnce,must be greater or equal to,1000000,10000000,compliant,Block Requirements,,,false,1,,2026-08-16
"Block Real Estate Services, LLC",69fdf7b562446148bd85c42e,69fded1262446148bd848cdc,"DL Smith Electrical Construction, Inc.",69fdf1b38e25e7a0d9188c24,"wes706 - Westbrook II {Westbrook I-II KC Partners, LLC}",evidenceOfInsurance,Evidence of Insurance,excessOrUmbrellaLiability,Umbrella/Excess Liability,evidenceOfInsuranceExcessOrUmbrellaLiabilityAggregate,Aggregate,,matchOnce,must be greater or equal to,1000000,10000000,compliant,Block Requirements,,,false,1,,2026-08-16
"Block Real Estate Services, LLC",69fdf7b562446148bd85c42e,69fded1262446148bd848cdc,"DL Smith Electrical Construction, Inc.",69fdf1b38e25e7a0d9188c24,"wes706 - Westbrook II {Westbrook I-II KC Partners, LLC}",evidenceOfInsurance,Evidence of Insurance,workersCompensation,Workers' Compensation and Employer's Liability,evidenceOfInsuranceWorkersCompensationStatutoryLimits,Statutory Limits,,matchOnce,must be present,,Present,compliant,Block Requirements,,,false,1,,2026-08-16
"Block Real Estate Services, LLC",69fdf7b562446148bd85c42e,69fded1262446148bd848cdc,"DL Smith Electrical Construction, Inc.",69fdf1b38e25e7a0d9188c24,"wes706 - Westbrook II {Westbrook I-II KC Partners, LLC}",evidenceOfInsurance,Evidence of Insurance,workersCompensation,Workers' Compensation and Employer's Liability,evidenceOfInsuranceWorkersCompensationEmployersLiabilityEachAccident,Employer's Liability Each Accident,,matchOnce,must be greater or equal to,500000,1000000,compliant,Block Requirements,,,false,1,,2026-08-16
"Block Real Estate Services, LLC",69fdf7b562446148bd85c42e,69fded1262446148bd848cdc,"DL Smith Electrical Construction, Inc.",69fdf1b38e25e7a0d9188c24,"wes706 - Westbrook II {Westbrook I-II KC Partners, LLC}",evidenceOfInsurance,Evidence of Insurance,workersCompensation,Workers' Compensation and Employer's Liability,evidenceOfInsuranceWorkersCompensationEmployersLiabilityDiseaseEachEmployee,Employer's Liability Disease - each employee,,matchOnce,must be greater or equal to,500000,1000000,compliant,Block Requirements,,,false,1,,2026-08-16
"Block Real Estate Services, LLC",69fdf7b562446148bd85c42e,69fded1262446148bd848cdc,"DL Smith Electrical Construction, Inc.",69fdf1b38e25e7a0d9188c24,"wes706 - Westbrook II {Westbrook I-II KC Partners, LLC}",evidenceOfInsurance,Evidence of Insurance,workersCompensation,Workers' Compensation and Employer's Liability,evidenceOfInsuranceWorkersCompensationEmployersLiabilityDiseasePolicyLimit,Employer's Liability Disease - policy limit,,matchOnce,must be greater or equal to,500000,1000000,compliant,Block Requirements,,,false,1,,2026-08-16
"Block Real Estate Services, LLC",69fdf7b562446148bd85c42e,69fded1262446148bd848cdc,"DL Smith Electrical Construction, Inc.",69fdf1b38e25e7a0d9188c24,"wes706 - Westbrook II {Westbrook I-II KC Partners, LLC}",evidenceOfInsurance,Evidence of Insurance,workersCompensation,Workers' Compensation and Employer's Liability,evidenceOfInsuranceWorkersCompensationWaiverOfSubrogationEndorsement,Waiver of Subrogation,"---prompt---
Determine if the insurer has waived their right of subrogation in favor of the certificate holder under the Workers' Compensation policy. Evidence may include: a checked ""Waiver of Subrogation"" box on the certificate, mention in the Description of Operations section stating ""waiver of subrogation applies"", or reference to form WC 00 03 13. Look for language like ""subrogation is waived"" or ""per written contract"".",matchOnce,must be present,,Present,compliant,Block Requirements,,,false,1,,2026-08-16
"Block Real Estate Services, LLC",69fdf7b562446148bd85c42e,69fded1262446148bd848cdc,"DL Smith Electrical Construction, Inc.",69fdf1b38e25e7a0d9188c24,"wes706 - Westbrook II {Westbrook I-II KC Partners, LLC}",evidenceOfInsurance,Evidence of Insurance,6ac20aae-5728-5d57-b364-aeba38527dba,Additional Requirements,4da5b0f1-4c9d-5885-8cf8-5d3cccaed3e0,"Block Real Estate Services, LLC and all others required by contract are named as Additional Insureds","---prompt---
Determine if the Description of Operations or the Additional Remarks Schedule section states the ""Additional Insured as Construction Management, Inc. and all others required by contract"" or reference to blanket additional insured coverage. Look for language like ""certificate holder is additional insured"" or ""per written contract"".",matchOnce,must be present,,Present,compliant,Block Requirements,,,true,1,,2026-08-16
"Block Real Estate Services, LLC",69fdf7b562446148bd85c42e,69fded1262446148bd848cdc,"DL Smith Electrical Construction, Inc.",69fdf1b38e25e7a0d9188c24,"wes706 - Westbrook II {Westbrook I-II KC Partners, LLC}",evidenceOfInsurance,Evidence of Insurance,6ac20aae-5728-5d57-b364-aeba38527dba,Additional Requirements,e1017741-e47e-5f58-97b8-fbc3043e919f,Umbrella follows form over General Liability,"---prompt---
Determine if the Umbrella/Excess Liability policy follows form to the underlying policies. Evidence may include: language in the Description of Operations section stating the umbrella follows form to underlying coverages or an additional page endorsement stating that it follows form. Follow form means the umbrella policy adopts the same terms, conditions, and exclusions as the underlying policies.",matchOnce,must be present,,Present,compliant,Block Requirements,,,true,1,,2026-08-16
"Block Real Estate Services, LLC",69fdf7b562446148bd85c42e,69fded1262446148bd848cdc,"DL Smith Electrical Construction, Inc.",69fdf1b38e25e7a0d9188c24,"wes706 - Westbrook II {Westbrook I-II KC Partners, LLC}",evidenceOfInsurance,Evidence of Insurance,6ac20aae-5728-5d57-b364-aeba38527dba,Additional Requirements,2cdd866f-c9a4-576a-afd8-1d045762790c,The location must be listed as: 8000 Reeder Street Lenexa KS 66214,,matchOnce,must be present,,Present,compliant,Block Requirements,,,true,1,,2026-08-16
"Block Real Estate Services, LLC",69fdf7b562446148bd85c42e,69fded1262446148bd848cdc,"DL Smith Electrical Construction, Inc.",69fdf1b38e25e7a0d9188c24,"wes706 - Westbrook II {Westbrook I-II KC Partners, LLC}",evidenceOfInsurance,Evidence of Insurance,6ac20aae-5728-5d57-b364-aeba38527dba,Additional Requirements,3649e9d1-4e09-59bf-8f30-cb33c40cf117,"Certificate Holder must read: c/o Block Real Estate Services, LLC, 4622 Pennsylvania St., Suite 700, Kansas City, MO, 64112",,matchOnce,must be present,,Present,compliant,Block Requirements,,,true,1,,2026-08-16
"Block Real Estate Services, LLC",69fdf7b562446148bd85c42f,69fded1362446148bd848d51,Electrical Investments Inc,69fdf1b38e25e7a0d9188c24,"wes706 - Westbrook II {Westbrook I-II KC Partners, LLC}",evidenceOfInsurance,Evidence of Insurance,commercialGeneralLiability,Commercial General Liability,evidenceOfInsuranceCommercialGeneralLiabilityCoverageTriggerOccurrence,Coverage Trigger: Occurrence,,matchOnce,must be present,,Present,compliant,Block Requirements,,,false,2,,2026-08-16
"Block Real Estate Services, LLC",69fdf7b562446148bd85c42f,69fded1362446148bd848d51,Electrical Investments Inc,69fdf1b38e25e7a0d9188c24,"wes706 - Westbrook II {Westbrook I-II KC Partners, LLC}",evidenceOfInsurance,Evidence of Insurance,commercialGeneralLiability,Commercial General Liability,evidenceOfInsuranceCommercialGeneralLiabilityGeneralAggregateLimitAppliesPerLocation,General Aggregate Limit Applies per: Location,,matchOnce,must be present,,Present,compliant,Block Requirements,,,false,2,,2026-08-16
"Block Real Estate Services, LLC",69fdf7b562446148bd85c42f,69fded1362446148bd848d51,Electrical Investments Inc,69fdf1b38e25e7a0d9188c24,"wes706 - Westbrook II {Westbrook I-II KC Partners, LLC}",evidenceOfInsurance,Evidence of Insurance,commercialGeneralLiability,Commercial General Liability,evidenceOfInsuranceCommercialGeneralLiabilityEachOccurrence,Each Occurrence,,matchOnce,must be greater or equal to,1000000,1000000,compliant,Block Requirements,,,false,2,,2026-08-16
"Block Real Estate Services, LLC",69fdf7b562446148bd85c42f,69fded1362446148bd848d51,Electrical Investments Inc,69fdf1b38e25e7a0d9188c24,"wes706 - Westbrook II {Westbrook I-II KC Partners, LLC}",evidenceOfInsurance,Evidence of Insurance,commercialGeneralLiability,Commercial General Liability,evidenceOfInsuranceCommercialGeneralLiabilityGeneralAggregate,General Aggregate,,matchOnce,must be greater or equal to,2000000,2000000,compliant,Block Requirements,,,false,2,,2026-08-16
"Block Real Estate Services, LLC",69fdf7b562446148bd85c42f,69fded1362446148bd848d51,Electrical Investments Inc,69fdf1b38e25e7a0d9188c24,"wes706 - Westbrook II {Westbrook I-II KC Partners, LLC}",evidenceOfInsurance,Evidence of Insurance,commercialGeneralLiability,Commercial General Liability,evidenceOfInsuranceCommercialGeneralLiabilityWaiverOfSubrogationEndorsement,Waiver of Subrogation,"---prompt---
Determine if the insurer has waived their right of subrogation in favor of the certificate holder under the Commercial General Liability policy. Evidence may include: a checked ""Waiver of Subrogation"" box on the certificate, mention in the Description of Operations section stating ""waiver of subrogation applies"", or reference to form CG 24 04. Look for language like ""subrogation is waived"" or ""per written contract"".",matchOnce,must be present,,Present,compliant,Block Requirements,,,false,2,,2026-08-16
"Block Real Estate Services, LLC",69fdf7b562446148bd85c42f,69fded1362446148bd848d51,Electrical Investments Inc,69fdf1b38e25e7a0d9188c24,"wes706 - Westbrook II {Westbrook I-II KC Partners, LLC}",evidenceOfInsurance,Evidence of Insurance,excessOrUmbrellaLiability,Umbrella/Excess Liability,evidenceOfInsuranceExcessOrUmbrellaLiabilityOccurence,Coverage Trigger: Occurrence,,matchOnce,must be present,,Present,compliant,Block Requirements,,,false,2,,2026-08-16
"Block Real Estate Services, LLC",69fdf7b562446148bd85c42f,69fded1362446148bd848d51,Electrical Investments Inc,69fdf1b38e25e7a0d9188c24,"wes706 - Westbrook II {Westbrook I-II KC Partners, LLC}",evidenceOfInsurance,Evidence of Insurance,excessOrUmbrellaLiability,Umbrella/Excess Liability,evidenceOfInsuranceExcessOrUmbrellaLiabilityEachOccurrence,Each Occurrence,,matchOnce,must be greater or equal to,1000000,5000000,compliant,Block Requirements,,,false,2,,2026-08-16
"Block Real Estate Services, LLC",69fdf7b562446148bd85c42f,69fded1362446148bd848d51,Electrical Investments Inc,69fdf1b38e25e7a0d9188c24,"wes706 - Westbrook II {Westbrook I-II KC Partners, LLC}",evidenceOfInsurance,Evidence of Insurance,excessOrUmbrellaLiability,Umbrella/Excess Liability,evidenceOfInsuranceExcessOrUmbrellaLiabilityAggregate,Aggregate,,matchOnce,must be greater or equal to,1000000,5000000,compliant,Block Requirements,,,false,2,,2026-08-16
"Block Real Estate Services, LLC",69fdf7b562446148bd85c42f,69fded1362446148bd848d51,Electrical Investments Inc,69fdf1b38e25e7a0d9188c24,"wes706 - Westbrook II {Westbrook I-II KC Partners, LLC}",evidenceOfInsurance,Evidence of Insurance,workersCompensation,Workers' Compensation and Employer's Liability,evidenceOfInsuranceWorkersCompensationStatutoryLimits,Statutory Limits,,matchOnce,must be present,,Present,compliant,Block Requirements,,,false,2,,2026-08-16
"Block Real Estate Services, LLC",69fdf7b562446148bd85c42f,69fded1362446148bd848d51,Electrical Investments Inc,69fdf1b38e25e7a0d9188c24,"wes706 - Westbrook II {Westbrook I-II KC Partners, LLC}",evidenceOfInsurance,Evidence of Insurance,workersCompensation,Workers' Compensation and Employer's Liability,evidenceOfInsuranceWorkersCompensationEmployersLiabilityEachAccident,Employer's Liability Each Accident,,matchOnce,must be greater or equal to,500000,500000,compliant,Block Requirements,,,false,2,,2026-08-16
"Block Real Estate Services, LLC",69fdf7b562446148bd85c42f,69fded1362446148bd848d51,Electrical Investments Inc,69fdf1b38e25e7a0d9188c24,"wes706 - Westbrook II {Westbrook I-II KC Partners, LLC}",evidenceOfInsurance,Evidence of Insurance,workersCompensation,Workers' Compensation and Employer's Liability,evidenceOfInsuranceWorkersCompensationEmployersLiabilityDiseaseEachEmployee,Employer's Liability Disease - each employee,,matchOnce,must be greater or equal to,500000,500000,compliant,Block Requirements,,,false,2,,2026-08-16
"Block Real Estate Services, LLC",69fdf7b562446148bd85c42f,69fded1362446148bd848d51,Electrical Investments Inc,69fdf1b38e25e7a0d9188c24,"wes706 - Westbrook II {Westbrook I-II KC Partners, LLC}",evidenceOfInsurance,Evidence of Insurance,workersCompensation,Workers' Compensation and Employer's Liability,evidenceOfInsuranceWorkersCompensationEmployersLiabilityDiseasePolicyLimit,Employer's Liability Disease - policy limit,,matchOnce,must be greater or equal to,500000,500000,compliant,Block Requirements,,,false,2,,2026-08-16
"Block Real Estate Services, LLC",69fdf7b562446148bd85c42f,69fded1362446148bd848d51,Electrical Investments Inc,69fdf1b38e25e7a0d9188c24,"wes706 - Westbrook II {Westbrook I-II KC Partners, LLC}",evidenceOfInsurance,Evidence of Insurance,workersCompensation,Workers' Compensation and Employer's Liability,evidenceOfInsuranceWorkersCompensationWaiverOfSubrogationEndorsement,Waiver of Subrogation,"---prompt---
Determine if the insurer has waived their right of subrogation in favor of the certificate holder under the Workers' Compensation policy. Evidence may include: a checked ""Waiver of Subrogation"" box on the certificate, mention in the Description of Operations section stating ""waiver of subrogation applies"", or reference to form WC 00 03 13. Look for language like ""subrogation is waived"" or ""per written contract"".",matchOnce,must be present,,Present,compliant,Block Requirements,,,false,2,,2026-08-16
"Block Real Estate Services, LLC",69fdf7b562446148bd85c42f,69fded1362446148bd848d51,Electrical Investments Inc,69fdf1b38e25e7a0d9188c24,"wes706 - Westbrook II {Westbrook I-II KC Partners, LLC}",evidenceOfInsurance,Evidence of Insurance,6ac20aae-5728-5d57-b364-aeba38527dba,Additional Requirements,4da5b0f1-4c9d-5885-8cf8-5d3cccaed3e0,"Block Real Estate Services, LLC and all others required by contract are named as Additional Insureds","---prompt---
Determine if the Description of Operations or the Additional Remarks Schedule section states the ""Additional Insured as Construction Management, Inc. and all others required by contract"" or reference to blanket additional insured coverage. Look for language like ""certificate holder is additional insured"" or ""per written contract"".",matchOnce,must be present,,Present,compliant,Block Requirements,,,true,2,,2026-08-16
"Block Real Estate Services, LLC",69fdf7b562446148bd85c42f,69fded1362446148bd848d51,Electrical Investments Inc,69fdf1b38e25e7a0d9188c24,"wes706 - Westbrook II {Westbrook I-II KC Partners, LLC}",evidenceOfInsurance,Evidence of Insurance,6ac20aae-5728-5d57-b364-aeba38527dba,Additional Requirements,e1017741-e47e-5f58-97b8-fbc3043e919f,Umbrella follows form over General Liability,"---prompt---
Determine if the Umbrella/Excess Liability policy follows form to the underlying policies. Evidence may include: language in the Description of Operations section stating the umbrella follows form to underlying coverages or an additional page endorsement stating that it follows form. Follow form means the umbrella policy adopts the same terms, conditions, and exclusions as the underlying policies.",matchOnce,must be present,,Present,compliant,Block Requirements,,,true,2,,2026-08-16
"Block Real Estate Services, LLC",69fdf7b562446148bd85c42f,69fded1362446148bd848d51,Electrical Investments Inc,69fdf1b38e25e7a0d9188c24,"wes706 - Westbrook II {Westbrook I-II KC Partners, LLC}",evidenceOfInsurance,Evidence of Insurance,6ac20aae-5728-5d57-b364-aeba38527dba,Additional Requirements,2cdd866f-c9a4-576a-afd8-1d045762790c,The location must be listed as: 8014 Reeder Street Lenexa KS 66214,,matchOnce,must be present,,Present,compliant,Block Requirements,,,true,1,,2026-08-16
"Block Real Estate Services, LLC",69fdf7b562446148bd85c42f,69fded1362446148bd848d51,Electrical Investments Inc,69fdf1b38e25e7a0d9188c24,"wes706 - Westbrook II {Westbrook I-II KC Partners, LLC}",evidenceOfInsurance,Evidence of Insurance,6ac20aae-5728-5d57-b364-aeba38527dba,Additional Requirements,3649e9d1-4e09-59bf-8f30-cb33c40cf117,"Certificate Holder must read: c/o Block Real Estate Services, LLC, 4622 Pennsylvania St., Suite 700, Kansas City, MO, 64112",,matchOnce,must be present,,Present,compliant,Block Requirements,,,true,2,,2026-08-16
"Block Real Estate Services, LLC",69fdf7b562446148bd85c432,69fded1d62446148bd849036,Orkin LLC,69fdf1b38e25e7a0d9188c24,"wes706 - Westbrook II {Westbrook I-II KC Partners, LLC}",evidenceOfInsurance,Evidence of Insurance,commercialGeneralLiability,Commercial General Liability,evidenceOfInsuranceCommercialGeneralLiabilityCoverageTriggerOccurrence,Coverage Trigger: Occurrence,,matchOnce,must be present,,,non_compliant,Block Requirements,,,false,0,,2026-08-16
"Block Real Estate Services, LLC",69fdf7b562446148bd85c432,69fded1d62446148bd849036,Orkin LLC,69fdf1b38e25e7a0d9188c24,"wes706 - Westbrook II {Westbrook I-II KC Partners, LLC}",evidenceOfInsurance,Evidence of Insurance,commercialGeneralLiability,Commercial General Liability,evidenceOfInsuranceCommercialGeneralLiabilityGeneralAggregateLimitAppliesPerLocation,General Aggregate Limit Applies per: Location,,matchOnce,must be present,,,non_compliant,Block Requirements,,,false,0,,2026-08-16
"Block Real Estate Services, LLC",69fdf7b562446148bd85c432,69fded1d62446148bd849036,Orkin LLC,69fdf1b38e25e7a0d9188c24,"wes706 - Westbrook II {Westbrook I-II KC Partners, LLC}",evidenceOfInsurance,Evidence of Insurance,commercialGeneralLiability,Commercial General Liability,evidenceOfInsuranceCommercialGeneralLiabilityEachOccurrence,Each Occurrence,,matchOnce,must be greater or equal to,1000000,,non_compliant,Block Requirements,,,false,0,,2026-08-16
"Block Real Estate Services, LLC",69fdf7b562446148bd85c432,69fded1d62446148bd849036,Orkin LLC,69fdf1b38e25e7a0d9188c24,"wes706 - Westbrook II {Westbrook I-II KC Partners, LLC}",evidenceOfInsurance,Evidence of Insurance,commercialGeneralLiability,Commercial General Liability,evidenceOfInsuranceCommercialGeneralLiabilityGeneralAggregate,General Aggregate,,matchOnce,must be greater or equal to,2000000,,non_compliant,Block Requirements,,,false,0,,2026-08-16
"Block Real Estate Services, LLC",69fdf7b562446148bd85c432,69fded1d62446148bd849036,Orkin LLC,69fdf1b38e25e7a0d9188c24,"wes706 - Westbrook II {Westbrook I-II KC Partners, LLC}",evidenceOfInsurance,Evidence of Insurance,commercialGeneralLiability,Commercial General Liability,evidenceOfInsuranceCommercialGeneralLiabilityWaiverOfSubrogationEndorsement,Waiver of Subrogation,"---prompt---
Determine if the insurer has waived their right of subrogation in favor of the certificate holder under the Commercial General Liability policy. Evidence may include: a checked ""Waiver of Subrogation"" box on the certificate, mention in the Description of Operations section stating ""waiver of subrogation applies"", or reference to form CG 24 04. Look for language like ""subrogation is waived"" or ""per written contract"".",matchOnce,must be present,,,non_compliant,Block Requirements,,,false,0,,2026-08-16
"Block Real Estate Services, LLC",69fdf7b562446148bd85c432,69fded1d62446148bd849036,Orkin LLC,69fdf1b38e25e7a0d9188c24,"wes706 - Westbrook II {Westbrook I-II KC Partners, LLC}",evidenceOfInsurance,Evidence of Insurance,excessOrUmbrellaLiability,Umbrella/Excess Liability,evidenceOfInsuranceExcessOrUmbrellaLiabilityOccurence,Coverage Trigger: Occurrence,,matchOnce,must be present,,,non_compliant,Block Requirements,,,false,0,,2026-08-16
"Block Real Estate Services, LLC",69fdf7b562446148bd85c432,69fded1d62446148bd849036,Orkin LLC,69fdf1b38e25e7a0d9188c24,"wes706 - Westbrook II {Westbrook I-II KC Partners, LLC}",evidenceOfInsurance,Evidence of Insurance,excessOrUmbrellaLiability,Umbrella/Excess Liability,evidenceOfInsuranceExcessOrUmbrellaLiabilityEachOccurrence,Each Occurrence,,matchOnce,must be greater or equal to,1000000,,non_compliant,Block Requirements,,,false,0,,2026-08-16
"Block Real Estate Services, LLC",69fdf7b562446148bd85c432,69fded1d62446148bd849036,Orkin LLC,69fdf1b38e25e7a0d9188c24,"wes706 - Westbrook II {Westbrook I-II KC Partners, LLC}",evidenceOfInsurance,Evidence of Insurance,excessOrUmbrellaLiability,Umbrella/Excess Liability,evidenceOfInsuranceExcessOrUmbrellaLiabilityAggregate,Aggregate,,matchOnce,must be greater or equal to,1000000,,non_compliant,Block Requirements,,,false,0,,2026-08-16
"Block Real Estate Services, LLC",69fdf7b562446148bd85c432,69fded1d62446148bd849036,Orkin LLC,69fdf1b38e25e7a0d9188c24,"wes706 - Westbrook II {Westbrook I-II KC Partners, LLC}",evidenceOfInsurance,Evidence of Insurance,workersCompensation,Workers' Compensation and Employer's Liability,evidenceOfInsuranceWorkersCompensationStatutoryLimits,Statutory Limits,,matchOnce,must be present,,,non_compliant,Block Requirements,,,false,0,,2026-08-16
"Block Real Estate Services, LLC",69fdf7b562446148bd85c432,69fded1d62446148bd849036,Orkin LLC,69fdf1b38e25e7a0d9188c24,"wes706 - Westbrook II {Westbrook I-II KC Partners, LLC}",evidenceOfInsurance,Evidence of Insurance,workersCompensation,Workers' Compensation and Employer's Liability,evidenceOfInsuranceWorkersCompensationEmployersLiabilityEachAccident,Employer's Liability Each Accident,,matchOnce,must be greater or equal to,500000,,non_compliant,Block Requirements,,,false,0,,2026-08-16
"Block Real Estate Services, LLC",69fdf7b562446148bd85c432,69fded1d62446148bd849036,Orkin LLC,69fdf1b38e25e7a0d9188c24,"wes706 - Westbrook II {Westbrook I-II KC Partners, LLC}",evidenceOfInsurance,Evidence of Insurance,workersCompensation,Workers' Compensation and Employer's Liability,evidenceOfInsuranceWorkersCompensationEmployersLiabilityDiseaseEachEmployee,Employer's Liability Disease - each employee,,matchOnce,must be greater or equal to,500000,,non_compliant,Block Requirements,,,false,0,,2026-08-16
"Block Real Estate Services, LLC",69fdf7b562446148bd85c432,69fded1d62446148bd849036,Orkin LLC,69fdf1b38e25e7a0d9188c24,"wes706 - Westbrook II {Westbrook I-II KC Partners, LLC}",evidenceOfInsurance,Evidence of Insurance,workersCompensation,Workers' Compensation and Employer's Liability,evidenceOfInsuranceWorkersCompensationEmployersLiabilityDiseasePolicyLimit,Employer's Liability Disease - policy limit,,matchOnce,must be greater or equal to,500000,,non_compliant,Block Requirements,,,false,0,,2026-08-16
"Block Real Estate Services, LLC",69fdf7b562446148bd85c432,69fded1d62446148bd849036,Orkin LLC,69fdf1b38e25e7a0d9188c24,"wes706 - Westbrook II {Westbrook I-II KC Partners, LLC}",evidenceOfInsurance,Evidence of Insurance,workersCompensation,Workers' Compensation and Employer's Liability,evidenceOfInsuranceWorkersCompensationWaiverOfSubrogationEndorsement,Waiver of Subrogation,"---prompt---
Determine if the insurer has waived their right of subrogation in favor of the certificate holder under the Workers' Compensation policy. Evidence may include: a checked ""Waiver of Subrogation"" box on the certificate, mention in the Description of Operations section stating ""waiver of subrogation applies"", or reference to form WC 00 03 13. Look for language like ""subrogation is waived"" or ""per written contract"".",matchOnce,must be present,,,non_compliant,Block Requirements,,,false,0,,2026-08-16
"Block Real Estate Services, LLC",69fdf7b562446148bd85c432,69fded1d62446148bd849036,Orkin LLC,69fdf1b38e25e7a0d9188c24,"wes706 - Westbrook II {Westbrook I-II KC Partners, LLC}",evidenceOfInsurance,Evidence of Insurance,6ac20aae-5728-5d57-b364-aeba38527dba,Additional Requirements,4da5b0f1-4c9d-5885-8cf8-5d3cccaed3e0,"Block Real Estate Services, LLC and all others required by contract are named as Additional Insureds","---prompt---
Determine if the Description of Operations or the Additional Remarks Schedule section states the ""Additional Insured as Construction Management, Inc. and all others required by contract"" or reference to blanket additional insured coverage. Look for language like ""certificate holder is additional insured"" or ""per written contract"".",matchOnce,must be present,,,non_compliant,Block Requirements,,,true,0,,2026-08-16
"Block Real Estate Services, LLC",69fdf7b562446148bd85c432,69fded1d62446148bd849036,Orkin LLC,69fdf1b38e25e7a0d9188c24,"wes706 - Westbrook II {Westbrook I-II KC Partners, LLC}",evidenceOfInsurance,Evidence of Insurance,6ac20aae-5728-5d57-b364-aeba38527dba,Additional Requirements,e1017741-e47e-5f58-97b8-fbc3043e919f,Umbrella follows form over General Liability,"---prompt---
Determine if the Umbrella/Excess Liability policy follows form to the underlying policies. Evidence may include: language in the Description of Operations section stating the umbrella follows form to underlying coverages or an additional page endorsement stating that it follows form. Follow form means the umbrella policy adopts the same terms, conditions, and exclusions as the underlying policies.",matchOnce,must be present,,,non_compliant,Block Requirements,,,true,0,,2026-08-16
"Block Real Estate Services, LLC",69fdf7b562446148bd85c432,69fded1d62446148bd849036,Orkin LLC,69fdf1b38e25e7a0d9188c24,"wes706 - Westbrook II {Westbrook I-II KC Partners, LLC}",evidenceOfInsurance,Evidence of Insurance,6ac20aae-5728-5d57-b364-aeba38527dba,Additional Requirements,2cdd866f-c9a4-576a-afd8-1d045762790c,The location must be listed as: 8004 Reeder Street Lenexa KS 66214,,matchOnce,must be present,,,non_compliant,Block Requirements,,,true,0,,2026-08-16
"Block Real Estate Services, LLC",69fdf7b562446148bd85c432,69fded1d62446148bd849036,Orkin LLC,69fdf1b38e25e7a0d9188c24,"wes706 - Westbrook II {Westbrook I-II KC Partners, LLC}",evidenceOfInsurance,Evidence of Insurance,6ac20aae-5728-5d57-b364-aeba38527dba,Additional Requirements,3649e9d1-4e09-59bf-8f30-cb33c40cf117,"Certificate Holder must read: c/o Block Real Estate Services, LLC, 4622 Pennsylvania St., Suite 700, Kansas City, MO, 64112",,matchOnce,must be present,,,non_compliant,Block Requirements,,,true,0,,2026-08-16
"Block Real Estate Services, LLC",69fdf7b562446148bd85c42c,69fded0c62446148bd848b20,Adare Pharma Solutions,69fdf1b38e25e7a0d9188c24,"wes706 - Westbrook II {Westbrook I-II KC Partners, LLC}",evidenceOfInsurance,Evidence of Insurance,commercialGeneralLiability,Commercial General Liability,evidenceOfInsuranceCommercialGeneralLiabilityCoverageTriggerOccurrence,Coverage Trigger: Occurrence,,matchOnce,must be present,,,non_compliant,Block Requirements,,,false,0,,2026-08-16
"Block Real Estate Services, LLC",69fdf7b562446148bd85c42c,69fded0c62446148bd848b20,Adare Pharma Solutions,69fdf1b38e25e7a0d9188c24,"wes706 - Westbrook II {Westbrook I-II KC Partners, LLC}",evidenceOfInsurance,Evidence of Insurance,commercialGeneralLiability,Commercial General Liability,evidenceOfInsuranceCommercialGeneralLiabilityGeneralAggregateLimitAppliesPerLocation,General Aggregate Limit Applies per: Location,,matchOnce,must be present,,,non_compliant,Block Requirements,,,false,0,,2026-08-16
"Block Real Estate Services, LLC",69fdf7b562446148bd85c42c,69fded0c62446148bd848b20,Adare Pharma Solutions,69fdf1b38e25e7a0d9188c24,"wes706 - Westbrook II {Westbrook I-II KC Partners, LLC}",evidenceOfInsurance,Evidence of Insurance,commercialGeneralLiability,Commercial General Liability,evidenceOfInsuranceCommercialGeneralLiabilityEachOccurrence,Each Occurrence,,matchOnce,must be greater or equal to,1000000,,non_compliant,Block Requirements,,,false,0,,2026-08-16
"Block Real Estate Services, LLC",69fdf7b562446148bd85c42c,69fded0c62446148bd848b20,Adare Pharma Solutions,69fdf1b38e25e7a0d9188c24,"wes706 - Westbrook II {Westbrook I-II KC Partners, LLC}",evidenceOfInsurance,Evidence of Insurance,commercialGeneralLiability,Commercial General Liability,evidenceOfInsuranceCommercialGeneralLiabilityGeneralAggregate,General Aggregate,,matchOnce,must be greater or equal to,2000000,,non_compliant,Block Requirements,,,false,0,,2026-08-16
"Block Real Estate Services, LLC",69fdf7b562446148bd85c42c,69fded0c62446148bd848b20,Adare Pharma Solutions,69fdf1b38e25e7a0d9188c24,"wes706 - Westbrook II {Westbrook I-II KC Partners, LLC}",evidenceOfInsurance,Evidence of Insurance,commercialGeneralLiability,Commercial General Liability,evidenceOfInsuranceCommercialGeneralLiabilityWaiverOfSubrogationEndorsement,Waiver of Subrogation,"---prompt---
Determine if the insurer has waived their right of subrogation in favor of the certificate holder under the Commercial General Liability policy. Evidence may include: a checked ""Waiver of Subrogation"" box on the certificate, mention in the Description of Operations section stating ""waiver of subrogation applies"", or reference to form CG 24 04. Look for language like ""subrogation is waived"" or ""per written contract"".",matchOnce,must be present,,,non_compliant,Block Requirements,,,false,0,,2026-08-16
"Block Real Estate Services, LLC",69fdf7b562446148bd85c42c,69fded0c62446148bd848b20,Adare Pharma Solutions,69fdf1b38e25e7a0d9188c24,"wes706 - Westbrook II {Westbrook I-II KC Partners, LLC}",evidenceOfInsurance,Evidence of Insurance,excessOrUmbrellaLiability,Umbrella/Excess Liability,evidenceOfInsuranceExcessOrUmbrellaLiabilityOccurence,Coverage Trigger: Occurrence,,matchOnce,must be present,,,non_compliant,Block Requirements,,,false,0,,2026-08-16
"Block Real Estate Services, LLC",69fdf7b562446148bd85c42c,69fded0c62446148bd848b20,Adare Pharma Solutions,69fdf1b38e25e7a0d9188c24,"wes706 - Westbrook II {Westbrook I-II KC Partners, LLC}",evidenceOfInsurance,Evidence of Insurance,excessOrUmbrellaLiability,Umbrella/Excess Liability,evidenceOfInsuranceExcessOrUmbrellaLiabilityEachOccurrence,Each Occurrence,,matchOnce,must be greater or equal to,1000000,,non_compliant,Block Requirements,,,false,0,,2026-08-16
"Block Real Estate Services, LLC",69fdf7b562446148bd85c42c,69fded0c62446148bd848b20,Adare Pharma Solutions,69fdf1b38e25e7a0d9188c24,"wes706 - Westbrook II {Westbrook I-II KC Partners, LLC}",evidenceOfInsurance,Evidence of Insurance,excessOrUmbrellaLiability,Umbrella/Excess Liability,evidenceOfInsuranceExcessOrUmbrellaLiabilityAggregate,Aggregate,,matchOnce,must be greater or equal to,1000000,,non_compliant,Block Requirements,,,false,0,,2026-08-16
"Block Real Estate Services, LLC",69fdf7b562446148bd85c42c,69fded0c62446148bd848b20,Adare Pharma Solutions,69fdf1b38e25e7a0d9188c24,"wes706 - Westbrook II {Westbrook I-II KC Partners, LLC}",evidenceOfInsurance,Evidence of Insurance,workersCompensation,Workers' Compensation and Employer's Liability,evidenceOfInsuranceWorkersCompensationStatutoryLimits,Statutory Limits,,matchOnce,must be present,,,non_compliant,Block Requirements,,,false,0,,2026-08-16
"Block Real Estate Services, LLC",69fdf7b562446148bd85c42c,69fded0c62446148bd848b20,Adare Pharma Solutions,69fdf1b38e25e7a0d9188c24,"wes706 - Westbrook II {Westbrook I-II KC Partners, LLC}",evidenceOfInsurance,Evidence of Insurance,workersCompensation,Workers' Compensation and Employer's Liability,evidenceOfInsuranceWorkersCompensationEmployersLiabilityEachAccident,Employer's Liability Each Accident,,matchOnce,must be greater or equal to,500000,,non_compliant,Block Requirements,,,false,0,,2026-08-16
"Block Real Estate Services, LLC",69fdf7b562446148bd85c42c,69fded0c62446148bd848b20,Adare Pharma Solutions,69fdf1b38e25e7a0d9188c24,"wes706 - Westbrook II {Westbrook I-II KC Partners, LLC}",evidenceOfInsurance,Evidence of Insurance,workersCompensation,Workers' Compensation and Employer's Liability,evidenceOfInsuranceWorkersCompensationEmployersLiabilityDiseaseEachEmployee,Employer's Liability Disease - each employee,,matchOnce,must be greater or equal to,500000,,non_compliant,Block Requirements,,,false,0,,2026-08-16
"Block Real Estate Services, LLC",69fdf7b562446148bd85c42c,69fded0c62446148bd848b20,Adare Pharma Solutions,69fdf1b38e25e7a0d9188c24,"wes706 - Westbrook II {Westbrook I-II KC Partners, LLC}",evidenceOfInsurance,Evidence of Insurance,workersCompensation,Workers' Compensation and Employer's Liability,evidenceOfInsuranceWorkersCompensationEmployersLiabilityDiseasePolicyLimit,Employer's Liability Disease - policy limit,,matchOnce,must be greater or equal to,500000,,non_compliant,Block Requirements,,,false,0,,2026-08-16
"Block Real Estate Services, LLC",69fdf7b562446148bd85c42c,69fded0c62446148bd848b20,Adare Pharma Solutions,69fdf1b38e25e7a0d9188c24,"wes706 - Westbrook II {Westbrook I-II KC Partners, LLC}",evidenceOfInsurance,Evidence of Insurance,workersCompensation,Workers' Compensation and Employer's Liability,evidenceOfInsuranceWorkersCompensationWaiverOfSubrogationEndorsement,Waiver of Subrogation,"---prompt---
Determine if the insurer has waived their right of subrogation in favor of the certificate holder under the Workers' Compensation policy. Evidence may include: a checked ""Waiver of Subrogation"" box on the certificate, mention in the Description of Operations section stating ""waiver of subrogation applies"", or reference to form WC 00 03 13. Look for language like ""subrogation is waived"" or ""per written contract"".",matchOnce,must be present,,,non_compliant,Block Requirements,,,false,0,,2026-08-16
"Block Real Estate Services, LLC",69fdf7b562446148bd85c42c,69fded0c62446148bd848b20,Adare Pharma Solutions,69fdf1b38e25e7a0d9188c24,"wes706 - Westbrook II {Westbrook I-II KC Partners, LLC}",evidenceOfInsurance,Evidence of Insurance,6ac20aae-5728-5d57-b364-aeba38527dba,Additional Requirements,4da5b0f1-4c9d-5885-8cf8-5d3cccaed3e0,"Block Real Estate Services, LLC and all others required by contract are named as Additional Insureds","---prompt---
Determine if the Description of Operations or the Additional Remarks Schedule section states the ""Additional Insured as Construction Management, Inc. and all others required by contract"" or reference to blanket additional insured coverage. Look for language like ""certificate holder is additional insured"" or ""per written contract"".",matchOnce,must be present,,,non_compliant,Block Requirements,,,true,0,,2026-08-16
"Block Real Estate Services, LLC",69fdf7b562446148bd85c42c,69fded0c62446148bd848b20,Adare Pharma Solutions,69fdf1b38e25e7a0d9188c24,"wes706 - Westbrook II {Westbrook I-II KC Partners, LLC}",evidenceOfInsurance,Evidence of Insurance,6ac20aae-5728-5d57-b364-aeba38527dba,Additional Requirements,e1017741-e47e-5f58-97b8-fbc3043e919f,Umbrella follows form over General Liability,"---prompt---
Determine if the Umbrella/Excess Liability policy follows form to the underlying policies. Evidence may include: language in the Description of Operations section stating the umbrella follows form to underlying coverages or an additional page endorsement stating that it follows form. Follow form means the umbrella policy adopts the same terms, conditions, and exclusions as the underlying policies.",matchOnce,must be present,,,non_compliant,Block Requirements,,,true,0,,2026-08-16
"Block Real Estate Services, LLC",69fdf7b562446148bd85c42c,69fded0c62446148bd848b20,Adare Pharma Solutions,69fdf1b38e25e7a0d9188c24,"wes706 - Westbrook II {Westbrook I-II KC Partners, LLC}",evidenceOfInsurance,Evidence of Insurance,6ac20aae-5728-5d57-b364-aeba38527dba,Additional Requirements,2cdd866f-c9a4-576a-afd8-1d045762790c,The location must be listed as: 8006 Reeder Street Lenexa KS 66214,,matchOnce,must be present,,,non_compliant,Block Requirements,,,true,0,,2026-08-16
"Block Real Estate Services, LLC",69fdf7b562446148bd85c42c,69fded0c62446148bd848b20,Adare Pharma Solutions,69fdf1b38e25e7a0d9188c24,"wes706 - Westbrook II {Westbrook I-II KC Partners, LLC}",evidenceOfInsurance,Evidence of Insurance,6ac20aae-5728-5d57-b364-aeba38527dba,Additional Requirements,3649e9d1-4e09-59bf-8f30-cb33c40cf117,"Certificate Holder must read: c/o Block Real Estate Services, LLC, 4622 Pennsylvania St., Suite 700, Kansas City, MO, 64112",,matchOnce,must be present,,,non_compliant,Block Requirements,,,true,0,,2026-08-16
"Block Real Estate Services, LLC",6a184f1f11a51e6a99ee0d77,6a184f0e5a886bcac1349c23,"Veseris / ES OPCO OSE, LLC",69fdf1b38e25e7a0d9188c24,"wes706 - Westbrook II {Westbrook I-II KC Partners, LLC}",evidenceOfInsurance,Evidence of Insurance,commercialGeneralLiability,Commercial General Liability,evidenceOfInsuranceCommercialGeneralLiabilityCoverageTriggerOccurrence,Coverage Trigger: Occurrence,,matchOnce,must be present,,Present,compliant,Block Requirements,,,false,1,,2026-08-16
"Block Real Estate Services, LLC",6a184f1f11a51e6a99ee0d77,6a184f0e5a886bcac1349c23,"Veseris / ES OPCO OSE, LLC",69fdf1b38e25e7a0d9188c24,"wes706 - Westbrook II {Westbrook I-II KC Partners, LLC}",evidenceOfInsurance,Evidence of Insurance,commercialGeneralLiability,Commercial General Liability,evidenceOfInsuranceCommercialGeneralLiabilityGeneralAggregateLimitAppliesPerLocation,General Aggregate Limit Applies per: Location,,matchOnce,must be present,,Present,compliant,Block Requirements,,,false,1,,2026-08-16
"Block Real Estate Services, LLC",6a184f1f11a51e6a99ee0d77,6a184f0e5a886bcac1349c23,"Veseris / ES OPCO OSE, LLC",69fdf1b38e25e7a0d9188c24,"wes706 - Westbrook II {Westbrook I-II KC Partners, LLC}",evidenceOfInsurance,Evidence of Insurance,commercialGeneralLiability,Commercial General Liability,evidenceOfInsuranceCommercialGeneralLiabilityEachOccurrence,Each Occurrence,,matchOnce,must be greater or equal to,1000000,1000000,compliant,Block Requirements,,,false,1,,2026-08-16
"Block Real Estate Services, LLC",6a184f1f11a51e6a99ee0d77,6a184f0e5a886bcac1349c23,"Veseris / ES OPCO OSE, LLC",69fdf1b38e25e7a0d9188c24,"wes706 - Westbrook II {Westbrook I-II KC Partners, LLC}",evidenceOfInsurance,Evidence of Insurance,commercialGeneralLiability,Commercial General Liability,evidenceOfInsuranceCommercialGeneralLiabilityGeneralAggregate,General Aggregate,,matchOnce,must be greater or equal to,2000000,2000000,compliant,Block Requirements,,,false,1,,2026-08-16
"Block Real Estate Services, LLC",6a184f1f11a51e6a99ee0d77,6a184f0e5a886bcac1349c23,"Veseris / ES OPCO OSE, LLC",69fdf1b38e25e7a0d9188c24,"wes706 - Westbrook II {Westbrook I-II KC Partners, LLC}",evidenceOfInsurance,Evidence of Insurance,commercialGeneralLiability,Commercial General Liability,evidenceOfInsuranceCommercialGeneralLiabilityWaiverOfSubrogationEndorsement,Waiver of Subrogation,"---prompt---
Determine if the insurer has waived their right of subrogation in favor of the certificate holder under the Commercial General Liability policy. Evidence may include: a checked ""Waiver of Subrogation"" box on the certificate, mention in the Description of Operations section stating ""waiver of subrogation applies"", or reference to form CG 24 04. Look for language like ""subrogation is waived"" or ""per written contract"".",matchOnce,must be present,,Present,compliant,Block Requirements,,,false,1,,2026-08-16
"Block Real Estate Services, LLC",6a184f1f11a51e6a99ee0d77,6a184f0e5a886bcac1349c23,"Veseris / ES OPCO OSE, LLC",69fdf1b38e25e7a0d9188c24,"wes706 - Westbrook II {Westbrook I-II KC Partners, LLC}",evidenceOfInsurance,Evidence of Insurance,excessOrUmbrellaLiability,Umbrella/Excess Liability,evidenceOfInsuranceExcessOrUmbrellaLiabilityOccurence,Coverage Trigger: Occurrence,,matchOnce,must be present,,Present,compliant,Block Requirements,,,false,1,,2026-08-16
"Block Real Estate Services, LLC",6a184f1f11a51e6a99ee0d77,6a184f0e5a886bcac1349c23,"Veseris / ES OPCO OSE, LLC",69fdf1b38e25e7a0d9188c24,"wes706 - Westbrook II {Westbrook I-II KC Partners, LLC}",evidenceOfInsurance,Evidence of Insurance,excessOrUmbrellaLiability,Umbrella/Excess Liability,evidenceOfInsuranceExcessOrUmbrellaLiabilityEachOccurrence,Each Occurrence,,matchOnce,must be greater or equal to,1000000,10000000,compliant,Block Requirements,,,false,1,,2026-08-16
"Block Real Estate Services, LLC",6a184f1f11a51e6a99ee0d77,6a184f0e5a886bcac1349c23,"Veseris / ES OPCO OSE, LLC",69fdf1b38e25e7a0d9188c24,"wes706 - Westbrook II {Westbrook I-II KC Partners, LLC}",evidenceOfInsurance,Evidence of Insurance,excessOrUmbrellaLiability,Umbrella/Excess Liability,evidenceOfInsuranceExcessOrUmbrellaLiabilityAggregate,Aggregate,,matchOnce,must be greater or equal to,1000000,10000000,compliant,Block Requirements,,,false,1,,2026-08-16
"Block Real Estate Services, LLC",6a184f1f11a51e6a99ee0d77,6a184f0e5a886bcac1349c23,"Veseris / ES OPCO OSE, LLC",69fdf1b38e25e7a0d9188c24,"wes706 - Westbrook II {Westbrook I-II KC Partners, LLC}",evidenceOfInsurance,Evidence of Insurance,workersCompensation,Workers' Compensation and Employer's Liability,evidenceOfInsuranceWorkersCompensationStatutoryLimits,Statutory Limits,,matchOnce,must be present,,Present,compliant,Block Requirements,,,false,1,,2026-08-16
"Block Real Estate Services, LLC",6a184f1f11a51e6a99ee0d77,6a184f0e5a886bcac1349c23,"Veseris / ES OPCO OSE, LLC",69fdf1b38e25e7a0d9188c24,"wes706 - Westbrook II {Westbrook I-II KC Partners, LLC}",evidenceOfInsurance,Evidence of Insurance,workersCompensation,Workers' Compensation and Employer's Liability,evidenceOfInsuranceWorkersCompensationEmployersLiabilityEachAccident,Employer's Liability Each Accident,,matchOnce,must be greater or equal to,500000,1000000,compliant,Block Requirements,,,false,1,,2026-08-16
"Block Real Estate Services, LLC",6a184f1f11a51e6a99ee0d77,6a184f0e5a886bcac1349c23,"Veseris / ES OPCO OSE, LLC",69fdf1b38e25e7a0d9188c24,"wes706 - Westbrook II {Westbrook I-II KC Partners, LLC}",evidenceOfInsurance,Evidence of Insurance,workersCompensation,Workers' Compensation and Employer's Liability,evidenceOfInsuranceWorkersCompensationEmployersLiabilityDiseaseEachEmployee,Employer's Liability Disease - each employee,,matchOnce,must be greater or equal to,500000,1000000,compliant,Block Requirements,,,false,1,,2026-08-16
"Block Real Estate Services, LLC",6a184f1f11a51e6a99ee0d77,6a184f0e5a886bcac1349c23,"Veseris / ES OPCO OSE, LLC",69fdf1b38e25e7a0d9188c24,"wes706 - Westbrook II {Westbrook I-II KC Partners, LLC}",evidenceOfInsurance,Evidence of Insurance,workersCompensation,Workers' Compensation and Employer's Liability,evidenceOfInsuranceWorkersCompensationEmployersLiabilityDiseasePolicyLimit,Employer's Liability Disease - policy limit,,matchOnce,must be greater or equal to,500000,1000000,compliant,Block Requirements,,,false,1,,2026-08-16
"Block Real Estate Services, LLC",6a184f1f11a51e6a99ee0d77,6a184f0e5a886bcac1349c23,"Veseris / ES OPCO OSE, LLC",69fdf1b38e25e7a0d9188c24,"wes706 - Westbrook II {Westbrook I-II KC Partners, LLC}",evidenceOfInsurance,Evidence of Insurance,workersCompensation,Workers' Compensation and Employer's Liability,evidenceOfInsuranceWorkersCompensationWaiverOfSubrogationEndorsement,Waiver of Subrogation,"---prompt---
Determine if the insurer has waived their right of subrogation in favor of the certificate holder under the Workers' Compensation policy. Evidence may include: a checked ""Waiver of Subrogation"" box on the certificate, mention in the Description of Operations section stating ""waiver of subrogation applies"", or reference to form WC 00 03 13. Look for language like ""subrogation is waived"" or ""per written contract"".",matchOnce,must be present,,Present,compliant,Block Requirements,,,false,1,,2026-08-16
"Block Real Estate Services, LLC",6a184f1f11a51e6a99ee0d77,6a184f0e5a886bcac1349c23,"Veseris / ES OPCO OSE, LLC",69fdf1b38e25e7a0d9188c24,"wes706 - Westbrook II {Westbrook I-II KC Partners, LLC}",evidenceOfInsurance,Evidence of Insurance,6ac20aae-5728-5d57-b364-aeba38527dba,Additional Requirements,4da5b0f1-4c9d-5885-8cf8-5d3cccaed3e0,"Block Real Estate Services, LLC and all others required by contract are named as Additional Insureds","---prompt---
Determine if the Description of Operations or the Additional Remarks Schedule section states the ""Additional Insured as Construction Management, Inc. and all others required by contract"" or reference to blanket additional insured coverage. Look for language like ""certificate holder is additional insured"" or ""per written contract"".",matchOnce,must be present,,Present,compliant,Block Requirements,,,true,1,,2026-08-16
"Block Real Estate Services, LLC",6a184f1f11a51e6a99ee0d77,6a184f0e5a886bcac1349c23,"Veseris / ES OPCO OSE, LLC",69fdf1b38e25e7a0d9188c24,"wes706 - Westbrook II {Westbrook I-II KC Partners, LLC}",evidenceOfInsurance,Evidence of Insurance,6ac20aae-5728-5d57-b364-aeba38527dba,Additional Requirements,e1017741-e47e-5f58-97b8-fbc3043e919f,Umbrella follows form over General Liability,"---prompt---
Determine if the Umbrella/Excess Liability policy follows form to the underlying policies. Evidence may include: language in the Description of Operations section stating the umbrella follows form to underlying coverages or an additional page endorsement stating that it follows form. Follow form means the umbrella policy adopts the same terms, conditions, and exclusions as the underlying policies.",matchOnce,must be present,,Present,compliant,Block Requirements,,,true,1,,2026-08-16
"Block Real Estate Services, LLC",6a184f1f11a51e6a99ee0d77,6a184f0e5a886bcac1349c23,"Veseris / ES OPCO OSE, LLC",69fdf1b38e25e7a0d9188c24,"wes706 - Westbrook II {Westbrook I-II KC Partners, LLC}",evidenceOfInsurance,Evidence of Insurance,6ac20aae-5728-5d57-b364-aeba38527dba,Additional Requirements,2cdd866f-c9a4-576a-afd8-1d045762790c,The location must be listed as: 8024 Reeder Street Lenexa KS 66214,,matchOnce,must be present,,Present,compliant,Block Requirements,,,true,1,,2026-08-16
"Block Real Estate Services, LLC",6a184f1f11a51e6a99ee0d77,6a184f0e5a886bcac1349c23,"Veseris / ES OPCO OSE, LLC",69fdf1b38e25e7a0d9188c24,"wes706 - Westbrook II {Westbrook I-II KC Partners, LLC}",evidenceOfInsurance,Evidence of Insurance,6ac20aae-5728-5d57-b364-aeba38527dba,Additional Requirements,3649e9d1-4e09-59bf-8f30-cb33c40cf117,"Certificate Holder must read: c/o Block Real Estate Services, LLC, 4622 Pennsylvania St., Suite 700, Kansas City, MO, 64112",,matchOnce,must be present,,Present,compliant,Block Requirements,,,true,1,,2026-08-16
"Block Real Estate Services, LLC",6a184f596b1e29a28e503c12,6a184f4af8f612ef094c4c00,PharMerica / Pharmacy Corporation of America,69fdf1b38e25e7a0d9188c24,"wes706 - Westbrook II {Westbrook I-II KC Partners, LLC}",evidenceOfInsurance,Evidence of Insurance,commercialGeneralLiability,Commercial General Liability,evidenceOfInsuranceCommercialGeneralLiabilityCoverageTriggerOccurrence,Coverage Trigger: Occurrence,,matchOnce,must be present,,Present,compliant,Block Requirements,,,false,1,,2026-08-16
"Block Real Estate Services, LLC",6a184f596b1e29a28e503c12,6a184f4af8f612ef094c4c00,PharMerica / Pharmacy Corporation of America,69fdf1b38e25e7a0d9188c24,"wes706 - Westbrook II {Westbrook I-II KC Partners, LLC}",evidenceOfInsurance,Evidence of Insurance,commercialGeneralLiability,Commercial General Liability,evidenceOfInsuranceCommercialGeneralLiabilityGeneralAggregateLimitAppliesPerLocation,General Aggregate Limit Applies per: Location,,matchOnce,must be present,,,non_compliant,Block Requirements,,,false,0,,2026-08-16
"Block Real Estate Services, LLC",6a184f596b1e29a28e503c12,6a184f4af8f612ef094c4c00,PharMerica / Pharmacy Corporation of America,69fdf1b38e25e7a0d9188c24,"wes706 - Westbrook II {Westbrook I-II KC Partners, LLC}",evidenceOfInsurance,Evidence of Insurance,commercialGeneralLiability,Commercial General Liability,evidenceOfInsuranceCommercialGeneralLiabilityEachOccurrence,Each Occurrence,,matchOnce,must be greater or equal to,1000000,4000000,compliant,Block Requirements,,,false,1,,2026-08-16
"Block Real Estate Services, LLC",6a184f596b1e29a28e503c12,6a184f4af8f612ef094c4c00,PharMerica / Pharmacy Corporation of America,69fdf1b38e25e7a0d9188c24,"wes706 - Westbrook II {Westbrook I-II KC Partners, LLC}",evidenceOfInsurance,Evidence of Insurance,commercialGeneralLiability,Commercial General Liability,evidenceOfInsuranceCommercialGeneralLiabilityGeneralAggregate,General Aggregate,,matchOnce,must be greater or equal to,2000000,6000000,compliant,Block Requirements,,,false,1,,2026-08-16
"Block Real Estate Services, LLC",6a184f596b1e29a28e503c12,6a184f4af8f612ef094c4c00,PharMerica / Pharmacy Corporation of America,69fdf1b38e25e7a0d9188c24,"wes706 - Westbrook II {Westbrook I-II KC Partners, LLC}",evidenceOfInsurance,Evidence of Insurance,commercialGeneralLiability,Commercial General Liability,evidenceOfInsuranceCommercialGeneralLiabilityWaiverOfSubrogationEndorsement,Waiver of Subrogation,"---prompt---
Determine if the insurer has waived their right of subrogation in favor of the certificate holder under the Commercial General Liability policy. Evidence may include: a checked ""Waiver of Subrogation"" box on the certificate, mention in the Description of Operations section stating ""waiver of subrogation applies"", or reference to form CG 24 04. Look for language like ""subrogation is waived"" or ""per written contract"".",matchOnce,must be present,,,non_compliant,Block Requirements,,,false,0,,2026-08-16
"Block Real Estate Services, LLC",6a184f596b1e29a28e503c12,6a184f4af8f612ef094c4c00,PharMerica / Pharmacy Corporation of America,69fdf1b38e25e7a0d9188c24,"wes706 - Westbrook II {Westbrook I-II KC Partners, LLC}",evidenceOfInsurance,Evidence of Insurance,excessOrUmbrellaLiability,Umbrella/Excess Liability,evidenceOfInsuranceExcessOrUmbrellaLiabilityOccurence,Coverage Trigger: Occurrence,,matchOnce,must be present,,Present,compliant,Block Requirements,,,false,1,,2026-08-16
"Block Real Estate Services, LLC",6a184f596b1e29a28e503c12,6a184f4af8f612ef094c4c00,PharMerica / Pharmacy Corporation of America,69fdf1b38e25e7a0d9188c24,"wes706 - Westbrook II {Westbrook I-II KC Partners, LLC}",evidenceOfInsurance,Evidence of Insurance,excessOrUmbrellaLiability,Umbrella/Excess Liability,evidenceOfInsuranceExcessOrUmbrellaLiabilityEachOccurrence,Each Occurrence,,matchOnce,must be greater or equal to,1000000,15000000,compliant,Block Requirements,,,false,1,,2026-08-16
"Block Real Estate Services, LLC",6a184f596b1e29a28e503c12,6a184f4af8f612ef094c4c00,PharMerica / Pharmacy Corporation of America,69fdf1b38e25e7a0d9188c24,"wes706 - Westbrook II {Westbrook I-II KC Partners, LLC}",evidenceOfInsurance,Evidence of Insurance,excessOrUmbrellaLiability,Umbrella/Excess Liability,evidenceOfInsuranceExcessOrUmbrellaLiabilityAggregate,Aggregate,,matchOnce,must be greater or equal to,1000000,15000000,compliant,Block Requirements,,,false,1,,2026-08-16
"Block Real Estate Services, LLC",6a184f596b1e29a28e503c12,6a184f4af8f612ef094c4c00,PharMerica / Pharmacy Corporation of America,69fdf1b38e25e7a0d9188c24,"wes706 - Westbrook II {Westbrook I-II KC Partners, LLC}",evidenceOfInsurance,Evidence of Insurance,workersCompensation,Workers' Compensation and Employer's Liability,evidenceOfInsuranceWorkersCompensationStatutoryLimits,Statutory Limits,,matchOnce,must be present,,Present,compliant,Block Requirements,,,false,1,,2026-08-16
"Block Real Estate Services, LLC",6a184f596b1e29a28e503c12,6a184f4af8f612ef094c4c00,PharMerica / Pharmacy Corporation of America,69fdf1b38e25e7a0d9188c24,"wes706 - Westbrook II {Westbrook I-II KC Partners, LLC}",evidenceOfInsurance,Evidence of Insurance,workersCompensation,Workers' Compensation and Employer's Liability,evidenceOfInsuranceWorkersCompensationEmployersLiabilityEachAccident,Employer's Liability Each Accident,,matchOnce,must be greater or equal to,500000,2000000,compliant,Block Requirements,,,false,1,,2026-08-16
"Block Real Estate Services, LLC",6a184f596b1e29a28e503c12,6a184f4af8f612ef094c4c00,PharMerica / Pharmacy Corporation of America,69fdf1b38e25e7a0d9188c24,"wes706 - Westbrook II {Westbrook I-II KC Partners, LLC}",evidenceOfInsurance,Evidence of Insurance,workersCompensation,Workers' Compensation and Employer's Liability,evidenceOfInsuranceWorkersCompensationEmployersLiabilityDiseaseEachEmployee,Employer's Liability Disease - each employee,,matchOnce,must be greater or equal to,500000,2000000,compliant,Block Requirements,,,false,1,,2026-08-16
"Block Real Estate Services, LLC",6a184f596b1e29a28e503c12,6a184f4af8f612ef094c4c00,PharMerica / Pharmacy Corporation of America,69fdf1b38e25e7a0d9188c24,"wes706 - Westbrook II {Westbrook I-II KC Partners, LLC}",evidenceOfInsurance,Evidence of Insurance,workersCompensation,Workers' Compensation and Employer's Liability,evidenceOfInsuranceWorkersCompensationEmployersLiabilityDiseasePolicyLimit,Employer's Liability Disease - policy limit,,matchOnce,must be greater or equal to,500000,2000000,compliant,Block Requirements,,,false,1,,2026-08-16
"Block Real Estate Services, LLC",6a184f596b1e29a28e503c12,6a184f4af8f612ef094c4c00,PharMerica / Pharmacy Corporation of America,69fdf1b38e25e7a0d9188c24,"wes706 - Westbrook II {Westbrook I-II KC Partners, LLC}",evidenceOfInsurance,Evidence of Insurance,workersCompensation,Workers' Compensation and Employer's Liability,evidenceOfInsuranceWorkersCompensationWaiverOfSubrogationEndorsement,Waiver of Subrogation,"---prompt---
Determine if the insurer has waived their right of subrogation in favor of the certificate holder under the Workers' Compensation policy. Evidence may include: a checked ""Waiver of Subrogation"" box on the certificate, mention in the Description of Operations section stating ""waiver of subrogation applies"", or reference to form WC 00 03 13. Look for language like ""subrogation is waived"" or ""per written contract"".",matchOnce,must be present,,,non_compliant,Block Requirements,,,false,0,,2026-08-16
"Block Real Estate Services, LLC",6a184f596b1e29a28e503c12,6a184f4af8f612ef094c4c00,PharMerica / Pharmacy Corporation of America,69fdf1b38e25e7a0d9188c24,"wes706 - Westbrook II {Westbrook I-II KC Partners, LLC}",evidenceOfInsurance,Evidence of Insurance,6ac20aae-5728-5d57-b364-aeba38527dba,Additional Requirements,4da5b0f1-4c9d-5885-8cf8-5d3cccaed3e0,"Block Real Estate Services, LLC and all others required by contract are named as Additional Insureds","---prompt---
Determine if the Description of Operations or the Additional Remarks Schedule section states the ""Additional Insured as Construction Management, Inc. and all others required by contract"" or reference to blanket additional insured coverage. Look for language like ""certificate holder is additional insured"" or ""per written contract"".",matchOnce,must be present,,,non_compliant,Block Requirements,,,true,0,,2026-08-16
"Block Real Estate Services, LLC",6a184f596b1e29a28e503c12,6a184f4af8f612ef094c4c00,PharMerica / Pharmacy Corporation of America,69fdf1b38e25e7a0d9188c24,"wes706 - Westbrook II {Westbrook I-II KC Partners, LLC}",evidenceOfInsurance,Evidence of Insurance,6ac20aae-5728-5d57-b364-aeba38527dba,Additional Requirements,e1017741-e47e-5f58-97b8-fbc3043e919f,Umbrella follows form over General Liability,"---prompt---
Determine if the Umbrella/Excess Liability policy follows form to the underlying policies. Evidence may include: language in the Description of Operations section stating the umbrella follows form to underlying coverages or an additional page endorsement stating that it follows form. Follow form means the umbrella policy adopts the same terms, conditions, and exclusions as the underlying policies.",matchOnce,must be present,,,non_compliant,Block Requirements,,,true,0,,2026-08-16
"Block Real Estate Services, LLC",6a184f596b1e29a28e503c12,6a184f4af8f612ef094c4c00,PharMerica / Pharmacy Corporation of America,69fdf1b38e25e7a0d9188c24,"wes706 - Westbrook II {Westbrook I-II KC Partners, LLC}",evidenceOfInsurance,Evidence of Insurance,6ac20aae-5728-5d57-b364-aeba38527dba,Additional Requirements,2cdd866f-c9a4-576a-afd8-1d045762790c,The location must be listed as: 8028-8030 Reeder Street Lenexa KS 66214,,matchOnce,must be present,,,non_compliant,Block Requirements,,,true,0,,2026-08-16
"Block Real Estate Services, LLC",6a184f596b1e29a28e503c12,6a184f4af8f612ef094c4c00,PharMerica / Pharmacy Corporation of America,69fdf1b38e25e7a0d9188c24,"wes706 - Westbrook II {Westbrook I-II KC Partners, LLC}",evidenceOfInsurance,Evidence of Insurance,6ac20aae-5728-5d57-b364-aeba38527dba,Additional Requirements,3649e9d1-4e09-59bf-8f30-cb33c40cf117,"Certificate Holder must read: c/o Block Real Estate Services, LLC, 4622 Pennsylvania St., Suite 700, Kansas City, MO, 64112",,matchOnce,must be present,,,non_compliant,Block Requirements,,,true,0,,2026-08-16
"Block Real Estate Services, LLC",6a2c126c82940ea64b66ff2a,69fded1362446148bd848d51,Electrical Investments Inc,69fdf1b38e25e7a0d9188c24,"wes706 - Westbrook II {Westbrook I-II KC Partners, LLC}",evidenceOfInsurance,Evidence of Insurance,commercialGeneralLiability,Commercial General Liability,evidenceOfInsuranceCommercialGeneralLiabilityCoverageTriggerOccurrence,Coverage Trigger: Occurrence,,matchOnce,must be present,,Present,compliant,Block Requirements,,,false,1,,2026-08-16
"Block Real Estate Services, LLC",6a2c126c82940ea64b66ff2a,69fded1362446148bd848d51,Electrical Investments Inc,69fdf1b38e25e7a0d9188c24,"wes706 - Westbrook II {Westbrook I-II KC Partners, LLC}",evidenceOfInsurance,Evidence of Insurance,commercialGeneralLiability,Commercial General Liability,evidenceOfInsuranceCommercialGeneralLiabilityGeneralAggregateLimitAppliesPerLocation,General Aggregate Limit Applies per: Location,,matchOnce,must be present,,Present,compliant,Block Requirements,,,false,1,,2026-08-16
"Block Real Estate Services, LLC",6a2c126c82940ea64b66ff2a,69fded1362446148bd848d51,Electrical Investments Inc,69fdf1b38e25e7a0d9188c24,"wes706 - Westbrook II {Westbrook I-II KC Partners, LLC}",evidenceOfInsurance,Evidence of Insurance,commercialGeneralLiability,Commercial General Liability,evidenceOfInsuranceCommercialGeneralLiabilityEachOccurrence,Each Occurrence,,matchOnce,must be greater or equal to,1000000,1000000,compliant,Block Requirements,,,false,1,,2026-08-16
"Block Real Estate Services, LLC",6a2c126c82940ea64b66ff2a,69fded1362446148bd848d51,Electrical Investments Inc,69fdf1b38e25e7a0d9188c24,"wes706 - Westbrook II {Westbrook I-II KC Partners, LLC}",evidenceOfInsurance,Evidence of Insurance,commercialGeneralLiability,Commercial General Liability,evidenceOfInsuranceCommercialGeneralLiabilityGeneralAggregate,General Aggregate,,matchOnce,must be greater or equal to,2000000,2000000,compliant,Block Requirements,,,false,1,,2026-08-16
"Block Real Estate Services, LLC",6a2c126c82940ea64b66ff2a,69fded1362446148bd848d51,Electrical Investments Inc,69fdf1b38e25e7a0d9188c24,"wes706 - Westbrook II {Westbrook I-II KC Partners, LLC}",evidenceOfInsurance,Evidence of Insurance,commercialGeneralLiability,Commercial General Liability,evidenceOfInsuranceCommercialGeneralLiabilityWaiverOfSubrogationEndorsement,Waiver of Subrogation,"---prompt---
Determine if the insurer has waived their right of subrogation in favor of the certificate holder under the Commercial General Liability policy. Evidence may include: a checked ""Waiver of Subrogation"" box on the certificate, mention in the Description of Operations section stating ""waiver of subrogation applies"", or reference to form CG 24 04. Look for language like ""subrogation is waived"" or ""per written contract"".",matchOnce,must be present,,Present,compliant,Block Requirements,,,false,1,,2026-08-16
"Block Real Estate Services, LLC",6a2c126c82940ea64b66ff2a,69fded1362446148bd848d51,Electrical Investments Inc,69fdf1b38e25e7a0d9188c24,"wes706 - Westbrook II {Westbrook I-II KC Partners, LLC}",evidenceOfInsurance,Evidence of Insurance,excessOrUmbrellaLiability,Umbrella/Excess Liability,evidenceOfInsuranceExcessOrUmbrellaLiabilityOccurence,Coverage Trigger: Occurrence,,matchOnce,must be present,,Present,compliant,Block Requirements,,,false,1,,2026-08-16
"Block Real Estate Services, LLC",6a2c126c82940ea64b66ff2a,69fded1362446148bd848d51,Electrical Investments Inc,69fdf1b38e25e7a0d9188c24,"wes706 - Westbrook II {Westbrook I-II KC Partners, LLC}",evidenceOfInsurance,Evidence of Insurance,excessOrUmbrellaLiability,Umbrella/Excess Liability,evidenceOfInsuranceExcessOrUmbrellaLiabilityEachOccurrence,Each Occurrence,,matchOnce,must be greater or equal to,1000000,5000000,compliant,Block Requirements,,,false,1,,2026-08-16
"Block Real Estate Services, LLC",6a2c126c82940ea64b66ff2a,69fded1362446148bd848d51,Electrical Investments Inc,69fdf1b38e25e7a0d9188c24,"wes706 - Westbrook II {Westbrook I-II KC Partners, LLC}",evidenceOfInsurance,Evidence of Insurance,excessOrUmbrellaLiability,Umbrella/Excess Liability,evidenceOfInsuranceExcessOrUmbrellaLiabilityAggregate,Aggregate,,matchOnce,must be greater or equal to,1000000,5000000,compliant,Block Requirements,,,false,1,,2026-08-16
"Block Real Estate Services, LLC",6a2c126c82940ea64b66ff2a,69fded1362446148bd848d51,Electrical Investments Inc,69fdf1b38e25e7a0d9188c24,"wes706 - Westbrook II {Westbrook I-II KC Partners, LLC}",evidenceOfInsurance,Evidence of Insurance,workersCompensation,Workers' Compensation and Employer's Liability,evidenceOfInsuranceWorkersCompensationStatutoryLimits,Statutory Limits,,matchOnce,must be present,,Present,compliant,Block Requirements,,,false,1,,2026-08-16
"Block Real Estate Services, LLC",6a2c126c82940ea64b66ff2a,69fded1362446148bd848d51,Electrical Investments Inc,69fdf1b38e25e7a0d9188c24,"wes706 - Westbrook II {Westbrook I-II KC Partners, LLC}",evidenceOfInsurance,Evidence of Insurance,workersCompensation,Workers' Compensation and Employer's Liability,evidenceOfInsuranceWorkersCompensationEmployersLiabilityEachAccident,Employer's Liability Each Accident,,matchOnce,must be greater or equal to,500000,500000,compliant,Block Requirements,,,false,1,,2026-08-16
"Block Real Estate Services, LLC",6a2c126c82940ea64b66ff2a,69fded1362446148bd848d51,Electrical Investments Inc,69fdf1b38e25e7a0d9188c24,"wes706 - Westbrook II {Westbrook I-II KC Partners, LLC}",evidenceOfInsurance,Evidence of Insurance,workersCompensation,Workers' Compensation and Employer's Liability,evidenceOfInsuranceWorkersCompensationEmployersLiabilityDiseaseEachEmployee,Employer's Liability Disease - each employee,,matchOnce,must be greater or equal to,500000,500000,compliant,Block Requirements,,,false,1,,2026-08-16
"Block Real Estate Services, LLC",6a2c126c82940ea64b66ff2a,69fded1362446148bd848d51,Electrical Investments Inc,69fdf1b38e25e7a0d9188c24,"wes706 - Westbrook II {Westbrook I-II KC Partners, LLC}",evidenceOfInsurance,Evidence of Insurance,workersCompensation,Workers' Compensation and Employer's Liability,evidenceOfInsuranceWorkersCompensationEmployersLiabilityDiseasePolicyLimit,Employer's Liability Disease - policy limit,,matchOnce,must be greater or equal to,500000,500000,compliant,Block Requirements,,,false,1,,2026-08-16
"Block Real Estate Services, LLC",6a2c126c82940ea64b66ff2a,69fded1362446148bd848d51,Electrical Investments Inc,69fdf1b38e25e7a0d9188c24,"wes706 - Westbrook II {Westbrook I-II KC Partners, LLC}",evidenceOfInsurance,Evidence of Insurance,workersCompensation,Workers' Compensation and Employer's Liability,evidenceOfInsuranceWorkersCompensationWaiverOfSubrogationEndorsement,Waiver of Subrogation,"---prompt---
Determine if the insurer has waived their right of subrogation in favor of the certificate holder under the Workers' Compensation policy. Evidence may include: a checked ""Waiver of Subrogation"" box on the certificate, mention in the Description of Operations section stating ""waiver of subrogation applies"", or reference to form WC 00 03 13. Look for language like ""subrogation is waived"" or ""per written contract"".",matchOnce,must be present,,Present,compliant,Block Requirements,,,false,1,,2026-08-16
"Block Real Estate Services, LLC",6a2c126c82940ea64b66ff2a,69fded1362446148bd848d51,Electrical Investments Inc,69fdf1b38e25e7a0d9188c24,"wes706 - Westbrook II {Westbrook I-II KC Partners, LLC}",evidenceOfInsurance,Evidence of Insurance,6ac20aae-5728-5d57-b364-aeba38527dba,Additional Requirements,4da5b0f1-4c9d-5885-8cf8-5d3cccaed3e0,"Block Real Estate Services, LLC and all others required by contract are named as Additional Insureds","---prompt---
Determine if the Description of Operations or the Additional Remarks Schedule section states the ""Additional Insured as Construction Management, Inc. and all others required by contract"" or reference to blanket additional insured coverage. Look for language like ""certificate holder is additional insured"" or ""per written contract"".",matchOnce,must be present,,Present,compliant,Block Requirements,,,true,1,,2026-08-16
"Block Real Estate Services, LLC",6a2c126c82940ea64b66ff2a,69fded1362446148bd848d51,Electrical Investments Inc,69fdf1b38e25e7a0d9188c24,"wes706 - Westbrook II {Westbrook I-II KC Partners, LLC}",evidenceOfInsurance,Evidence of Insurance,6ac20aae-5728-5d57-b364-aeba38527dba,Additional Requirements,e1017741-e47e-5f58-97b8-fbc3043e919f,Umbrella follows form over General Liability,"---prompt---
Determine if the Umbrella/Excess Liability policy follows form to the underlying policies. Evidence may include: language in the Description of Operations section stating the umbrella follows form to underlying coverages or an additional page endorsement stating that it follows form. Follow form means the umbrella policy adopts the same terms, conditions, and exclusions as the underlying policies.",matchOnce,must be present,,Present,compliant,Block Requirements,,,true,1,,2026-08-16
"Block Real Estate Services, LLC",6a2c126c82940ea64b66ff2a,69fded1362446148bd848d51,Electrical Investments Inc,69fdf1b38e25e7a0d9188c24,"wes706 - Westbrook II {Westbrook I-II KC Partners, LLC}",evidenceOfInsurance,Evidence of Insurance,6ac20aae-5728-5d57-b364-aeba38527dba,Additional Requirements,2cdd866f-c9a4-576a-afd8-1d045762790c,The location must be listed as: 8022 Reeder Street Lenexa KS 66214,,matchOnce,must be present,,Present,compliant,Block Requirements,,,true,1,,2026-08-16
"Block Real Estate Services, LLC",6a2c126c82940ea64b66ff2a,69fded1362446148bd848d51,Electrical Investments Inc,69fdf1b38e25e7a0d9188c24,"wes706 - Westbrook II {Westbrook I-II KC Partners, LLC}",evidenceOfInsurance,Evidence of Insurance,6ac20aae-5728-5d57-b364-aeba38527dba,Additional Requirements,3649e9d1-4e09-59bf-8f30-cb33c40cf117,"Certificate Holder must read: c/o Block Real Estate Services, LLC, 4622 Pennsylvania St., Suite 700, Kansas City, MO, 64112",,matchOnce,must be present,,Present,compliant,Block Requirements,,,true,1,,2026-08-16
"Block Real Estate Services, LLC",69fdf79262446148bd859c38,69fded0c62446148bd848b23,"ADI (Ademco Distribution, Inc.) / Honeywell International, Inc.",69fdf10643ffeed6de3b1f8e,"prg841 - Pine Ridge Building 19 {PERG BUILDINGS, LLC}",evidenceOfInsurance,Evidence of Insurance,commercialGeneralLiability,Commercial General Liability,evidenceOfInsuranceCommercialGeneralLiabilityCoverageTriggerOccurrence,Coverage Trigger: Occurrence,,matchOnce,must be present,,,non_compliant,Block Requirements,,,false,0,,2026-08-16
"Block Real Estate Services, LLC",69fdf79262446148bd859c38,69fded0c62446148bd848b23,"ADI (Ademco Distribution, Inc.) / Honeywell International, Inc.",69fdf10643ffeed6de3b1f8e,"prg841 - Pine Ridge Building 19 {PERG BUILDINGS, LLC}",evidenceOfInsurance,Evidence of Insurance,commercialGeneralLiability,Commercial General Liability,evidenceOfInsuranceCommercialGeneralLiabilityGeneralAggregateLimitAppliesPerLocation,General Aggregate Limit Applies per: Location,,matchOnce,must be present,,,waived,Block Requirements,Per location not a requirement in the lease,,false,0,,2026-08-16
"Block Real Estate Services, LLC",69fdf79262446148bd859c38,69fded0c62446148bd848b23,"ADI (Ademco Distribution, Inc.) / Honeywell International, Inc.",69fdf10643ffeed6de3b1f8e,"prg841 - Pine Ridge Building 19 {PERG BUILDINGS, LLC}",evidenceOfInsurance,Evidence of Insurance,commercialGeneralLiability,Commercial General Liability,evidenceOfInsuranceCommercialGeneralLiabilityEachOccurrence,Each Occurrence,,matchOnce,must be greater or equal to,1000000,,non_compliant,Block Requirements,,,false,0,,2026-08-16
"Block Real Estate Services, LLC",69fdf79262446148bd859c38,69fded0c62446148bd848b23,"ADI (Ademco Distribution, Inc.) / Honeywell International, Inc.",69fdf10643ffeed6de3b1f8e,"prg841 - Pine Ridge Building 19 {PERG BUILDINGS, LLC}",evidenceOfInsurance,Evidence of Insurance,commercialGeneralLiability,Commercial General Liability,evidenceOfInsuranceCommercialGeneralLiabilityGeneralAggregate,General Aggregate,,matchOnce,must be greater or equal to,2000000,,non_compliant,Block Requirements,,,false,0,,2026-08-16
"Block Real Estate Services, LLC",69fdf79262446148bd859c38,69fded0c62446148bd848b23,"ADI (Ademco Distribution, Inc.) / Honeywell International, Inc.",69fdf10643ffeed6de3b1f8e,"prg841 - Pine Ridge Building 19 {PERG BUILDINGS, LLC}",evidenceOfInsurance,Evidence of Insurance,commercialGeneralLiability,Commercial General Liability,evidenceOfInsuranceCommercialGeneralLiabilityWaiverOfSubrogationEndorsement,Waiver of Subrogation,"---prompt---
Determine if the insurer has waived their right of subrogation in favor of the certificate holder under the Commercial General Liability policy. Evidence may include: a checked ""Waiver of Subrogation"" box on the certificate, mention in the Description of Operations section stating ""waiver of subrogation applies"", or reference to form CG 24 04. Look for language like ""subrogation is waived"" or ""per written contract"".",matchOnce,must be present,,,non_compliant,Block Requirements,,,false,0,,2026-08-16
"Block Real Estate Services, LLC",69fdf79262446148bd859c38,69fded0c62446148bd848b23,"ADI (Ademco Distribution, Inc.) / Honeywell International, Inc.",69fdf10643ffeed6de3b1f8e,"prg841 - Pine Ridge Building 19 {PERG BUILDINGS, LLC}",evidenceOfInsurance,Evidence of Insurance,excessOrUmbrellaLiability,Umbrella/Excess Liability,evidenceOfInsuranceExcessOrUmbrellaLiabilityOccurence,Coverage Trigger: Occurrence,,matchOnce,must be present,,,waived,Block Requirements,,,false,0,,2026-08-16
"Block Real Estate Services, LLC",69fdf79262446148bd859c38,69fded0c62446148bd848b23,"ADI (Ademco Distribution, Inc.) / Honeywell International, Inc.",69fdf10643ffeed6de3b1f8e,"prg841 - Pine Ridge Building 19 {PERG BUILDINGS, LLC}",evidenceOfInsurance,Evidence of Insurance,excessOrUmbrellaLiability,Umbrella/Excess Liability,evidenceOfInsuranceExcessOrUmbrellaLiabilityEachOccurrence,Each Occurrence,,matchOnce,must be greater or equal to,1000000,,waived,Block Requirements,,,false,0,,2026-08-16
"Block Real Estate Services, LLC",69fdf79262446148bd859c38,69fded0c62446148bd848b23,"ADI (Ademco Distribution, Inc.) / Honeywell International, Inc.",69fdf10643ffeed6de3b1f8e,"prg841 - Pine Ridge Building 19 {PERG BUILDINGS, LLC}",evidenceOfInsurance,Evidence of Insurance,excessOrUmbrellaLiability,Umbrella/Excess Liability,evidenceOfInsuranceExcessOrUmbrellaLiabilityAggregate,Aggregate,,matchOnce,must be greater or equal to,1000000,,waived,Block Requirements,,,false,0,,2026-08-16
"Block Real Estate Services, LLC",69fdf79262446148bd859c38,69fded0c62446148bd848b23,"ADI (Ademco Distribution, Inc.) / Honeywell International, Inc.",69fdf10643ffeed6de3b1f8e,"prg841 - Pine Ridge Building 19 {PERG BUILDINGS, LLC}",evidenceOfInsurance,Evidence of Insurance,workersCompensation,Workers' Compensation and Employer's Liability,evidenceOfInsuranceWorkersCompensationStatutoryLimits,Statutory Limits,,matchOnce,must be present,,,non_compliant,Block Requirements,,,false,0,,2026-08-16
"Block Real Estate Services, LLC",69fdf79262446148bd859c38,69fded0c62446148bd848b23,"ADI (Ademco Distribution, Inc.) / Honeywell International, Inc.",69fdf10643ffeed6de3b1f8e,"prg841 - Pine Ridge Building 19 {PERG BUILDINGS, LLC}",evidenceOfInsurance,Evidence of Insurance,workersCompensation,Workers' Compensation and Employer's Liability,evidenceOfInsuranceWorkersCompensationEmployersLiabilityEachAccident,Employer's Liability Each Accident,,matchOnce,must be greater or equal to,500000,,non_compliant,Block Requirements,,,false,0,,2026-08-16
"Block Real Estate Services, LLC",69fdf79262446148bd859c38,69fded0c62446148bd848b23,"ADI (Ademco Distribution, Inc.) / Honeywell International, Inc.",69fdf10643ffeed6de3b1f8e,"prg841 - Pine Ridge Building 19 {PERG BUILDINGS, LLC}",evidenceOfInsurance,Evidence of Insurance,workersCompensation,Workers' Compensation and Employer's Liability,evidenceOfInsuranceWorkersCompensationEmployersLiabilityDiseaseEachEmployee,Employer's Liability Disease - each employee,,matchOnce,must be greater or equal to,500000,,non_compliant,Block Requirements,,,false,0,,2026-08-16
"Block Real Estate Services, LLC",69fdf79262446148bd859c38,69fded0c62446148bd848b23,"ADI (Ademco Distribution, Inc.) / Honeywell International, Inc.",69fdf10643ffeed6de3b1f8e,"prg841 - Pine Ridge Building 19 {PERG BUILDINGS, LLC}",evidenceOfInsurance,Evidence of Insurance,workersCompensation,Workers' Compensation and Employer's Liability,evidenceOfInsuranceWorkersCompensationEmployersLiabilityDiseasePolicyLimit,Employer's Liability Disease - policy limit,,matchOnce,must be greater or equal to,500000,,non_compliant,Block Requirements,,,false,0,,2026-08-16
"Block Real Estate Services, LLC",69fdf79262446148bd859c38,69fded0c62446148bd848b23,"ADI (Ademco Distribution, Inc.) / Honeywell International, Inc.",69fdf10643ffeed6de3b1f8e,"prg841 - Pine Ridge Building 19 {PERG BUILDINGS, LLC}",evidenceOfInsurance,Evidence of Insurance,workersCompensation,Workers' Compensation and Employer's Liability,evidenceOfInsuranceWorkersCompensationWaiverOfSubrogationEndorsement,Waiver of Subrogation,"---prompt---
Determine if the insurer has waived their right of subrogation in favor of the certificate holder under the Workers' Compensation policy. Evidence may include: a checked ""Waiver of Subrogation"" box on the certificate, mention in the Description of Operations section stating ""waiver of subrogation applies"", or reference to form WC 00 03 13. Look for language like ""subrogation is waived"" or ""per written contract"".",matchOnce,must be present,,,non_compliant,Block Requirements,,,false,0,,2026-08-16
"Block Real Estate Services, LLC",69fdf79262446148bd859c38,69fded0c62446148bd848b23,"ADI (Ademco Distribution, Inc.) / Honeywell International, Inc.",69fdf10643ffeed6de3b1f8e,"prg841 - Pine Ridge Building 19 {PERG BUILDINGS, LLC}",evidenceOfInsurance,Evidence of Insurance,6ac20aae-5728-5d57-b364-aeba38527dba,Additional Requirements,4da5b0f1-4c9d-5885-8cf8-5d3cccaed3e0,"Block Real Estate Services, LLC and all others required by contract are named as Additional Insureds","---prompt---
Determine if the Description of Operations or the Additional Remarks Schedule section states the ""Additional Insured as Construction Management, Inc. and all others required by contract"" or reference to blanket additional insured coverage. Look for language like ""certificate holder is additional insured"" or ""per written contract"".",matchOnce,must be present,,,waived,Block Requirements,MOI accepted migrated from Legacy,,true,0,,2026-08-16
"Block Real Estate Services, LLC",69fdf79262446148bd859c38,69fded0c62446148bd848b23,"ADI (Ademco Distribution, Inc.) / Honeywell International, Inc.",69fdf10643ffeed6de3b1f8e,"prg841 - Pine Ridge Building 19 {PERG BUILDINGS, LLC}",evidenceOfInsurance,Evidence of Insurance,6ac20aae-5728-5d57-b364-aeba38527dba,Additional Requirements,e1017741-e47e-5f58-97b8-fbc3043e919f,Umbrella follows form over General Liability,"---prompt---
Determine if the Umbrella/Excess Liability policy follows form to the underlying policies. Evidence may include: language in the Description of Operations section stating the umbrella follows form to underlying coverages or an additional page endorsement stating that it follows form. Follow form means the umbrella policy adopts the same terms, conditions, and exclusions as the underlying policies.",matchOnce,must be present,,,waived,Block Requirements,Umbrella Liability not a requirement in the lease,,true,0,,2026-08-16
"Block Real Estate Services, LLC",69fdf79262446148bd859c38,69fded0c62446148bd848b23,"ADI (Ademco Distribution, Inc.) / Honeywell International, Inc.",69fdf10643ffeed6de3b1f8e,"prg841 - Pine Ridge Building 19 {PERG BUILDINGS, LLC}",evidenceOfInsurance,Evidence of Insurance,6ac20aae-5728-5d57-b364-aeba38527dba,Additional Requirements,2cdd866f-c9a4-576a-afd8-1d045762790c,"The location must be listed as: 8055, 8057 Flint Street Lenexa KS 66214",,matchOnce,must be present,,,waived,Block Requirements,MOI accepted migrated from Legacy,,true,0,,2026-08-16
"Block Real Estate Services, LLC",69fdf79262446148bd859c38,69fded0c62446148bd848b23,"ADI (Ademco Distribution, Inc.) / Honeywell International, Inc.",69fdf10643ffeed6de3b1f8e,"prg841 - Pine Ridge Building 19 {PERG BUILDINGS, LLC}",evidenceOfInsurance,Evidence of Insurance,6ac20aae-5728-5d57-b364-aeba38527dba,Additional Requirements,3649e9d1-4e09-59bf-8f30-cb33c40cf117,"Certificate Holder must read: c/o Block Real Estate Services, LLC, 4622 Pennsylvania St., Suite 700, Kansas City, MO, 64112",,matchOnce,must be present,,,waived,Block Requirements,MOI accepted migrated from Legacy,,true,0,,2026-08-16
"Block Real Estate Services, LLC",69fdf79262446148bd859c39,69fded0c62446148bd848b29,Advanced Pharmaceuticals LLC,69fdf10643ffeed6de3b1f8e,"prg841 - Pine Ridge Building 19 {PERG BUILDINGS, LLC}",evidenceOfInsurance,Evidence of Insurance,commercialGeneralLiability,Commercial General Liability,evidenceOfInsuranceCommercialGeneralLiabilityCoverageTriggerOccurrence,Coverage Trigger: Occurrence,,matchOnce,must be present,,Present,compliant,Block Requirements,,,false,2,,2026-08-16
"Block Real Estate Services, LLC",69fdf79262446148bd859c39,69fded0c62446148bd848b29,Advanced Pharmaceuticals LLC,69fdf10643ffeed6de3b1f8e,"prg841 - Pine Ridge Building 19 {PERG BUILDINGS, LLC}",evidenceOfInsurance,Evidence of Insurance,commercialGeneralLiability,Commercial General Liability,evidenceOfInsuranceCommercialGeneralLiabilityGeneralAggregateLimitAppliesPerLocation,General Aggregate Limit Applies per: Location,,matchOnce,must be present,,Present,compliant,Block Requirements,,,false,1,,2026-08-16
"Block Real Estate Services, LLC",69fdf79262446148bd859c39,69fded0c62446148bd848b29,Advanced Pharmaceuticals LLC,69fdf10643ffeed6de3b1f8e,"prg841 - Pine Ridge Building 19 {PERG BUILDINGS, LLC}",evidenceOfInsurance,Evidence of Insurance,commercialGeneralLiability,Commercial General Liability,evidenceOfInsuranceCommercialGeneralLiabilityEachOccurrence,Each Occurrence,,matchOnce,must be greater or equal to,1000000,1000000,compliant,Block Requirements,,,false,2,,2026-08-16
"Block Real Estate Services, LLC",69fdf79262446148bd859c39,69fded0c62446148bd848b29,Advanced Pharmaceuticals LLC,69fdf10643ffeed6de3b1f8e,"prg841 - Pine Ridge Building 19 {PERG BUILDINGS, LLC}",evidenceOfInsurance,Evidence of Insurance,commercialGeneralLiability,Commercial General Liability,evidenceOfInsuranceCommercialGeneralLiabilityGeneralAggregate,General Aggregate,,matchOnce,must be greater or equal to,2000000,2000000,compliant,Block Requirements,,,false,2,,2026-08-16
"Block Real Estate Services, LLC",69fdf79262446148bd859c39,69fded0c62446148bd848b29,Advanced Pharmaceuticals LLC,69fdf10643ffeed6de3b1f8e,"prg841 - Pine Ridge Building 19 {PERG BUILDINGS, LLC}",evidenceOfInsurance,Evidence of Insurance,commercialGeneralLiability,Commercial General Liability,evidenceOfInsuranceCommercialGeneralLiabilityWaiverOfSubrogationEndorsement,Waiver of Subrogation,"---prompt---
Determine if the insurer has waived their right of subrogation in favor of the certificate holder under the Commercial General Liability policy. Evidence may include: a checked ""Waiver of Subrogation"" box on the certificate, mention in the Description of Operations section stating ""waiver of subrogation applies"", or reference to form CG 24 04. Look for language like ""subrogation is waived"" or ""per written contract"".",matchOnce,must be present,,Present,compliant,Block Requirements,,,false,2,,2026-08-16
"Block Real Estate Services, LLC",69fdf79262446148bd859c39,69fded0c62446148bd848b29,Advanced Pharmaceuticals LLC,69fdf10643ffeed6de3b1f8e,"prg841 - Pine Ridge Building 19 {PERG BUILDINGS, LLC}",evidenceOfInsurance,Evidence of Insurance,excessOrUmbrellaLiability,Umbrella/Excess Liability,evidenceOfInsuranceExcessOrUmbrellaLiabilityOccurence,Coverage Trigger: Occurrence,,matchOnce,must be present,,,non_compliant,Block Requirements,,,false,0,,2026-08-16
"Block Real Estate Services, LLC",69fdf79262446148bd859c39,69fded0c62446148bd848b29,Advanced Pharmaceuticals LLC,69fdf10643ffeed6de3b1f8e,"prg841 - Pine Ridge Building 19 {PERG BUILDINGS, LLC}",evidenceOfInsurance,Evidence of Insurance,excessOrUmbrellaLiability,Umbrella/Excess Liability,evidenceOfInsuranceExcessOrUmbrellaLiabilityEachOccurrence,Each Occurrence,,matchOnce,must be greater or equal to,1000000,,non_compliant,Block Requirements,,,false,0,,2026-08-16
"Block Real Estate Services, LLC",69fdf79262446148bd859c39,69fded0c62446148bd848b29,Advanced Pharmaceuticals LLC,69fdf10643ffeed6de3b1f8e,"prg841 - Pine Ridge Building 19 {PERG BUILDINGS, LLC}",evidenceOfInsurance,Evidence of Insurance,excessOrUmbrellaLiability,Umbrella/Excess Liability,evidenceOfInsuranceExcessOrUmbrellaLiabilityAggregate,Aggregate,,matchOnce,must be greater or equal to,1000000,,non_compliant,Block Requirements,,,false,0,,2026-08-16
"Block Real Estate Services, LLC",69fdf79262446148bd859c39,69fded0c62446148bd848b29,Advanced Pharmaceuticals LLC,69fdf10643ffeed6de3b1f8e,"prg841 - Pine Ridge Building 19 {PERG BUILDINGS, LLC}",evidenceOfInsurance,Evidence of Insurance,workersCompensation,Workers' Compensation and Employer's Liability,evidenceOfInsuranceWorkersCompensationStatutoryLimits,Statutory Limits,,matchOnce,must be present,,Present,compliant,Block Requirements,,,false,2,,2026-08-16
"Block Real Estate Services, LLC",69fdf79262446148bd859c39,69fded0c62446148bd848b29,Advanced Pharmaceuticals LLC,69fdf10643ffeed6de3b1f8e,"prg841 - Pine Ridge Building 19 {PERG BUILDINGS, LLC}",evidenceOfInsurance,Evidence of Insurance,workersCompensation,Workers' Compensation and Employer's Liability,evidenceOfInsuranceWorkersCompensationEmployersLiabilityEachAccident,Employer's Liability Each Accident,,matchOnce,must be greater or equal to,500000,500000,compliant,Block Requirements,,,false,2,,2026-08-16
"Block Real Estate Services, LLC",69fdf79262446148bd859c39,69fded0c62446148bd848b29,Advanced Pharmaceuticals LLC,69fdf10643ffeed6de3b1f8e,"prg841 - Pine Ridge Building 19 {PERG BUILDINGS, LLC}",evidenceOfInsurance,Evidence of Insurance,workersCompensation,Workers' Compensation and Employer's Liability,evidenceOfInsuranceWorkersCompensationEmployersLiabilityDiseaseEachEmployee,Employer's Liability Disease - each employee,,matchOnce,must be greater or equal to,500000,500000,compliant,Block Requirements,,,false,2,,2026-08-16
"Block Real Estate Services, LLC",69fdf79262446148bd859c39,69fded0c62446148bd848b29,Advanced Pharmaceuticals LLC,69fdf10643ffeed6de3b1f8e,"prg841 - Pine Ridge Building 19 {PERG BUILDINGS, LLC}",evidenceOfInsurance,Evidence of Insurance,workersCompensation,Workers' Compensation and Employer's Liability,evidenceOfInsuranceWorkersCompensationEmployersLiabilityDiseasePolicyLimit,Employer's Liability Disease - policy limit,,matchOnce,must be greater or equal to,500000,500000,compliant,Block Requirements,,,false,2,,2026-08-16
"Block Real Estate Services, LLC",69fdf79262446148bd859c39,69fded0c62446148bd848b29,Advanced Pharmaceuticals LLC,69fdf10643ffeed6de3b1f8e,"prg841 - Pine Ridge Building 19 {PERG BUILDINGS, LLC}",evidenceOfInsurance,Evidence of Insurance,workersCompensation,Workers' Compensation and Employer's Liability,evidenceOfInsuranceWorkersCompensationWaiverOfSubrogationEndorsement,Waiver of Subrogation,"---prompt---
Determine if the insurer has waived their right of subrogation in favor of the certificate holder under the Workers' Compensation policy. Evidence may include: a checked ""Waiver of Subrogation"" box on the certificate, mention in the Description of Operations section stating ""waiver of subrogation applies"", or reference to form WC 00 03 13. Look for language like ""subrogation is waived"" or ""per written contract"".",matchOnce,must be present,,Present,compliant,Block Requirements,,,false,2,,2026-08-16
"Block Real Estate Services, LLC",69fdf79262446148bd859c39,69fded0c62446148bd848b29,Advanced Pharmaceuticals LLC,69fdf10643ffeed6de3b1f8e,"prg841 - Pine Ridge Building 19 {PERG BUILDINGS, LLC}",evidenceOfInsurance,Evidence of Insurance,6ac20aae-5728-5d57-b364-aeba38527dba,Additional Requirements,4da5b0f1-4c9d-5885-8cf8-5d3cccaed3e0,"Block Real Estate Services, LLC and all others required by contract are named as Additional Insureds","---prompt---
Determine if the Description of Operations or the Additional Remarks Schedule section states the ""Additional Insured as Construction Management, Inc. and all others required by contract"" or reference to blanket additional insured coverage. Look for language like ""certificate holder is additional insured"" or ""per written contract"".",matchOnce,must be present,,Present,compliant,Block Requirements,,,true,2,,2026-08-16
"Block Real Estate Services, LLC",69fdf79262446148bd859c39,69fded0c62446148bd848b29,Advanced Pharmaceuticals LLC,69fdf10643ffeed6de3b1f8e,"prg841 - Pine Ridge Building 19 {PERG BUILDINGS, LLC}",evidenceOfInsurance,Evidence of Insurance,6ac20aae-5728-5d57-b364-aeba38527dba,Additional Requirements,e1017741-e47e-5f58-97b8-fbc3043e919f,Umbrella follows form over General Liability,"---prompt---
Determine if the Umbrella/Excess Liability policy follows form to the underlying policies. Evidence may include: language in the Description of Operations section stating the umbrella follows form to underlying coverages or an additional page endorsement stating that it follows form. Follow form means the umbrella policy adopts the same terms, conditions, and exclusions as the underlying policies.",matchOnce,must be present,,,non_compliant,Block Requirements,,,true,0,,2026-08-16
"Block Real Estate Services, LLC",69fdf79262446148bd859c39,69fded0c62446148bd848b29,Advanced Pharmaceuticals LLC,69fdf10643ffeed6de3b1f8e,"prg841 - Pine Ridge Building 19 {PERG BUILDINGS, LLC}",evidenceOfInsurance,Evidence of Insurance,6ac20aae-5728-5d57-b364-aeba38527dba,Additional Requirements,2cdd866f-c9a4-576a-afd8-1d045762790c,The location must be listed as: 8071 Flint Street Lenexa KS 66214,,matchOnce,must be present,,Present,compliant,Block Requirements,,,true,1,,2026-08-16
"Block Real Estate Services, LLC",69fdf79262446148bd859c39,69fded0c62446148bd848b29,Advanced Pharmaceuticals LLC,69fdf10643ffeed6de3b1f8e,"prg841 - Pine Ridge Building 19 {PERG BUILDINGS, LLC}",evidenceOfInsurance,Evidence of Insurance,6ac20aae-5728-5d57-b364-aeba38527dba,Additional Requirements,3649e9d1-4e09-59bf-8f30-cb33c40cf117,"Certificate Holder must read: c/o Block Real Estate Services, LLC, 4622 Pennsylvania St., Suite 700, Kansas City, MO, 64112",,matchOnce,must be present,,Present,compliant,Block Requirements,,,true,2,,2026-08-16
"Block Real Estate Services, LLC",69fdf79262446148bd859c3d,69fded2462446148bd84928e,Vintegrity Kansas LLC,69fdf10643ffeed6de3b1f8e,"prg841 - Pine Ridge Building 19 {PERG BUILDINGS, LLC}",evidenceOfInsurance,Evidence of Insurance,commercialGeneralLiability,Commercial General Liability,evidenceOfInsuranceCommercialGeneralLiabilityCoverageTriggerOccurrence,Coverage Trigger: Occurrence,,matchOnce,must be present,,,non_compliant,Block Requirements,,,false,0,,2026-08-16
"Block Real Estate Services, LLC",69fdf79262446148bd859c3d,69fded2462446148bd84928e,Vintegrity Kansas LLC,69fdf10643ffeed6de3b1f8e,"prg841 - Pine Ridge Building 19 {PERG BUILDINGS, LLC}",evidenceOfInsurance,Evidence of Insurance,commercialGeneralLiability,Commercial General Liability,evidenceOfInsuranceCommercialGeneralLiabilityGeneralAggregateLimitAppliesPerLocation,General Aggregate Limit Applies per: Location,,matchOnce,must be present,,,non_compliant,Block Requirements,,,false,0,,2026-08-16
"Block Real Estate Services, LLC",69fdf79262446148bd859c3d,69fded2462446148bd84928e,Vintegrity Kansas LLC,69fdf10643ffeed6de3b1f8e,"prg841 - Pine Ridge Building 19 {PERG BUILDINGS, LLC}",evidenceOfInsurance,Evidence of Insurance,commercialGeneralLiability,Commercial General Liability,evidenceOfInsuranceCommercialGeneralLiabilityEachOccurrence,Each Occurrence,,matchOnce,must be greater or equal to,1000000,1000000,compliant,Block Requirements,,,false,1,,2026-08-16
"Block Real Estate Services, LLC",69fdf79262446148bd859c3d,69fded2462446148bd84928e,Vintegrity Kansas LLC,69fdf10643ffeed6de3b1f8e,"prg841 - Pine Ridge Building 19 {PERG BUILDINGS, LLC}",evidenceOfInsurance,Evidence of Insurance,commercialGeneralLiability,Commercial General Liability,evidenceOfInsuranceCommercialGeneralLiabilityGeneralAggregate,General Aggregate,,matchOnce,must be greater or equal to,2000000,3000000,compliant,Block Requirements,,,false,1,,2026-08-16
"Block Real Estate Services, LLC",69fdf79262446148bd859c3d,69fded2462446148bd84928e,Vintegrity Kansas LLC,69fdf10643ffeed6de3b1f8e,"prg841 - Pine Ridge Building 19 {PERG BUILDINGS, LLC}",evidenceOfInsurance,Evidence of Insurance,commercialGeneralLiability,Commercial General Liability,evidenceOfInsuranceCommercialGeneralLiabilityWaiverOfSubrogationEndorsement,Waiver of Subrogation,"---prompt---
Determine if the insurer has waived their right of subrogation in favor of the certificate holder under the Commercial General Liability policy. Evidence may include: a checked ""Waiver of Subrogation"" box on the certificate, mention in the Description of Operations section stating ""waiver of subrogation applies"", or reference to form CG 24 04. Look for language like ""subrogation is waived"" or ""per written contract"".",matchOnce,must be present,,Present,compliant,Block Requirements,,,false,1,,2026-08-16
"Block Real Estate Services, LLC",69fdf79262446148bd859c3d,69fded2462446148bd84928e,Vintegrity Kansas LLC,69fdf10643ffeed6de3b1f8e,"prg841 - Pine Ridge Building 19 {PERG BUILDINGS, LLC}",evidenceOfInsurance,Evidence of Insurance,excessOrUmbrellaLiability,Umbrella/Excess Liability,evidenceOfInsuranceExcessOrUmbrellaLiabilityOccurence,Coverage Trigger: Occurrence,,matchOnce,must be present,,Present,compliant,Block Requirements,,,false,1,,2026-08-16
"Block Real Estate Services, LLC",69fdf79262446148bd859c3d,69fded2462446148bd84928e,Vintegrity Kansas LLC,69fdf10643ffeed6de3b1f8e,"prg841 - Pine Ridge Building 19 {PERG BUILDINGS, LLC}",evidenceOfInsurance,Evidence of Insurance,excessOrUmbrellaLiability,Umbrella/Excess Liability,evidenceOfInsuranceExcessOrUmbrellaLiabilityEachOccurrence,Each Occurrence,,matchOnce,must be greater or equal to,1000000,3000000,compliant,Block Requirements,,,false,1,,2026-08-16
"Block Real Estate Services, LLC",69fdf79262446148bd859c3d,69fded2462446148bd84928e,Vintegrity Kansas LLC,69fdf10643ffeed6de3b1f8e,"prg841 - Pine Ridge Building 19 {PERG BUILDINGS, LLC}",evidenceOfInsurance,Evidence of Insurance,excessOrUmbrellaLiability,Umbrella/Excess Liability,evidenceOfInsuranceExcessOrUmbrellaLiabilityAggregate,Aggregate,,matchOnce,must be greater or equal to,1000000,3000000,compliant,Block Requirements,,,false,1,,2026-08-16
"Block Real Estate Services, LLC",69fdf79262446148bd859c3d,69fded2462446148bd84928e,Vintegrity Kansas LLC,69fdf10643ffeed6de3b1f8e,"prg841 - Pine Ridge Building 19 {PERG BUILDINGS, LLC}",evidenceOfInsurance,Evidence of Insurance,workersCompensation,Workers' Compensation and Employer's Liability,evidenceOfInsuranceWorkersCompensationStatutoryLimits,Statutory Limits,,matchOnce,must be present,,Present,compliant,Block Requirements,,,false,1,,2026-08-16
"Block Real Estate Services, LLC",69fdf79262446148bd859c3d,69fded2462446148bd84928e,Vintegrity Kansas LLC,69fdf10643ffeed6de3b1f8e,"prg841 - Pine Ridge Building 19 {PERG BUILDINGS, LLC}",evidenceOfInsurance,Evidence of Insurance,workersCompensation,Workers' Compensation and Employer's Liability,evidenceOfInsuranceWorkersCompensationEmployersLiabilityEachAccident,Employer's Liability Each Accident,,matchOnce,must be greater or equal to,500000,1000000,compliant,Block Requirements,,,false,1,,2026-08-16
"Block Real Estate Services, LLC",69fdf79262446148bd859c3d,69fded2462446148bd84928e,Vintegrity Kansas LLC,69fdf10643ffeed6de3b1f8e,"prg841 - Pine Ridge Building 19 {PERG BUILDINGS, LLC}",evidenceOfInsurance,Evidence of Insurance,workersCompensation,Workers' Compensation and Employer's Liability,evidenceOfInsuranceWorkersCompensationEmployersLiabilityDiseaseEachEmployee,Employer's Liability Disease - each employee,,matchOnce,must be greater or equal to,500000,1000000,compliant,Block Requirements,,,false,1,,2026-08-16
"Block Real Estate Services, LLC",69fdf79262446148bd859c3d,69fded2462446148bd84928e,Vintegrity Kansas LLC,69fdf10643ffeed6de3b1f8e,"prg841 - Pine Ridge Building 19 {PERG BUILDINGS, LLC}",evidenceOfInsurance,Evidence of Insurance,workersCompensation,Workers' Compensation and Employer's Liability,evidenceOfInsuranceWorkersCompensationEmployersLiabilityDiseasePolicyLimit,Employer's Liability Disease - policy limit,,matchOnce,must be greater or equal to,500000,1000000,compliant,Block Requirements,,,false,1,,2026-08-16
"Block Real Estate Services, LLC",69fdf79262446148bd859c3d,69fded2462446148bd84928e,Vintegrity Kansas LLC,69fdf10643ffeed6de3b1f8e,"prg841 - Pine Ridge Building 19 {PERG BUILDINGS, LLC}",evidenceOfInsurance,Evidence of Insurance,workersCompensation,Workers' Compensation and Employer's Liability,evidenceOfInsuranceWorkersCompensationWaiverOfSubrogationEndorsement,Waiver of Subrogation,"---prompt---
Determine if the insurer has waived their right of subrogation in favor of the certificate holder under the Workers' Compensation policy. Evidence may include: a checked ""Waiver of Subrogation"" box on the certificate, mention in the Description of Operations section stating ""waiver of subrogation applies"", or reference to form WC 00 03 13. Look for language like ""subrogation is waived"" or ""per written contract"".",matchOnce,must be present,,Present,compliant,Block Requirements,,,false,1,,2026-08-16
"Block Real Estate Services, LLC",69fdf79262446148bd859c3d,69fded2462446148bd84928e,Vintegrity Kansas LLC,69fdf10643ffeed6de3b1f8e,"prg841 - Pine Ridge Building 19 {PERG BUILDINGS, LLC}",evidenceOfInsurance,Evidence of Insurance,6ac20aae-5728-5d57-b364-aeba38527dba,Additional Requirements,4da5b0f1-4c9d-5885-8cf8-5d3cccaed3e0,"Block Real Estate Services, LLC and all others required by contract are named as Additional Insureds","---prompt---
Determine if the Description of Operations or the Additional Remarks Schedule section states the ""Additional Insured as Construction Management, Inc. and all others required by contract"" or reference to blanket additional insured coverage. Look for language like ""certificate holder is additional insured"" or ""per written contract"".",matchOnce,must be present,,,non_compliant,Block Requirements,,,true,0,,2026-08-16
"Block Real Estate Services, LLC",69fdf79262446148bd859c3d,69fded2462446148bd84928e,Vintegrity Kansas LLC,69fdf10643ffeed6de3b1f8e,"prg841 - Pine Ridge Building 19 {PERG BUILDINGS, LLC}",evidenceOfInsurance,Evidence of Insurance,6ac20aae-5728-5d57-b364-aeba38527dba,Additional Requirements,e1017741-e47e-5f58-97b8-fbc3043e919f,Umbrella follows form over General Liability,"---prompt---
Determine if the Umbrella/Excess Liability policy follows form to the underlying policies. Evidence may include: language in the Description of Operations section stating the umbrella follows form to underlying coverages or an additional page endorsement stating that it follows form. Follow form means the umbrella policy adopts the same terms, conditions, and exclusions as the underlying policies.",matchOnce,must be present,,,non_compliant,Block Requirements,,,true,0,,2026-08-16
"Block Real Estate Services, LLC",69fdf79262446148bd859c3d,69fded2462446148bd84928e,Vintegrity Kansas LLC,69fdf10643ffeed6de3b1f8e,"prg841 - Pine Ridge Building 19 {PERG BUILDINGS, LLC}",evidenceOfInsurance,Evidence of Insurance,6ac20aae-5728-5d57-b364-aeba38527dba,Additional Requirements,2cdd866f-c9a4-576a-afd8-1d045762790c,The location must be listed as: 8059 Flint Street Lenexa KS 66214,,matchOnce,must be present,,,non_compliant,Block Requirements,,,true,0,,2026-08-16
"Block Real Estate Services, LLC",69fdf79262446148bd859c3d,69fded2462446148bd84928e,Vintegrity Kansas LLC,69fdf10643ffeed6de3b1f8e,"prg841 - Pine Ridge Building 19 {PERG BUILDINGS, LLC}",evidenceOfInsurance,Evidence of Insurance,6ac20aae-5728-5d57-b364-aeba38527dba,Additional Requirements,3649e9d1-4e09-59bf-8f30-cb33c40cf117,"Certificate Holder must read: c/o Block Real Estate Services, LLC, 4622 Pennsylvania St., Suite 700, Kansas City, MO, 64112",,matchOnce,must be present,,,non_compliant,Block Requirements,,,true,0,,2026-08-16
"Block Real Estate Services, LLC",69fdf79262446148bd859c3b,69fded1b62446148bd848f8b,"Med Resources, Inc.",69fdf10643ffeed6de3b1f8e,"prg841 - Pine Ridge Building 19 {PERG BUILDINGS, LLC}",evidenceOfInsurance,Evidence of Insurance,commercialGeneralLiability,Commercial General Liability,evidenceOfInsuranceCommercialGeneralLiabilityCoverageTriggerOccurrence,Coverage Trigger: Occurrence,,matchOnce,must be present,,,non_compliant,Block Requirements,,,false,0,,2026-08-16
"Block Real Estate Services, LLC",69fdf79262446148bd859c3b,69fded1b62446148bd848f8b,"Med Resources, Inc.",69fdf10643ffeed6de3b1f8e,"prg841 - Pine Ridge Building 19 {PERG BUILDINGS, LLC}",evidenceOfInsurance,Evidence of Insurance,commercialGeneralLiability,Commercial General Liability,evidenceOfInsuranceCommercialGeneralLiabilityGeneralAggregateLimitAppliesPerLocation,General Aggregate Limit Applies per: Location,,matchOnce,must be present,,,non_compliant,Block Requirements,,,false,0,,2026-08-16
"Block Real Estate Services, LLC",69fdf79262446148bd859c3b,69fded1b62446148bd848f8b,"Med Resources, Inc.",69fdf10643ffeed6de3b1f8e,"prg841 - Pine Ridge Building 19 {PERG BUILDINGS, LLC}",evidenceOfInsurance,Evidence of Insurance,commercialGeneralLiability,Commercial General Liability,evidenceOfInsuranceCommercialGeneralLiabilityEachOccurrence,Each Occurrence,,matchOnce,must be greater or equal to,1000000,,non_compliant,Block Requirements,,,false,0,,2026-08-16
"Block Real Estate Services, LLC",69fdf79262446148bd859c3b,69fded1b62446148bd848f8b,"Med Resources, Inc.",69fdf10643ffeed6de3b1f8e,"prg841 - Pine Ridge Building 19 {PERG BUILDINGS, LLC}",evidenceOfInsurance,Evidence of Insurance,commercialGeneralLiability,Commercial General Liability,evidenceOfInsuranceCommercialGeneralLiabilityGeneralAggregate,General Aggregate,,matchOnce,must be greater or equal to,2000000,,non_compliant,Block Requirements,,,false,0,,2026-08-16
"Block Real Estate Services, LLC",69fdf79262446148bd859c3b,69fded1b62446148bd848f8b,"Med Resources, Inc.",69fdf10643ffeed6de3b1f8e,"prg841 - Pine Ridge Building 19 {PERG BUILDINGS, LLC}",evidenceOfInsurance,Evidence of Insurance,commercialGeneralLiability,Commercial General Liability,evidenceOfInsuranceCommercialGeneralLiabilityWaiverOfSubrogationEndorsement,Waiver of Subrogation,"---prompt---
Determine if the insurer has waived their right of subrogation in favor of the certificate holder under the Commercial General Liability policy. Evidence may include: a checked ""Waiver of Subrogation"" box on the certificate, mention in the Description of Operations section stating ""waiver of subrogation applies"", or reference to form CG 24 04. Look for language like ""subrogation is waived"" or ""per written contract"".",matchOnce,must be present,,,non_compliant,Block Requirements,,,false,0,,2026-08-16
"Block Real Estate Services, LLC",69fdf79262446148bd859c3b,69fded1b62446148bd848f8b,"Med Resources, Inc.",69fdf10643ffeed6de3b1f8e,"prg841 - Pine Ridge Building 19 {PERG BUILDINGS, LLC}",evidenceOfInsurance,Evidence of Insurance,excessOrUmbrellaLiability,Umbrella/Excess Liability,evidenceOfInsuranceExcessOrUmbrellaLiabilityOccurence,Coverage Trigger: Occurrence,,matchOnce,must be present,,,non_compliant,Block Requirements,,,false,0,,2026-08-16
"Block Real Estate Services, LLC",69fdf79262446148bd859c3b,69fded1b62446148bd848f8b,"Med Resources, Inc.",69fdf10643ffeed6de3b1f8e,"prg841 - Pine Ridge Building 19 {PERG BUILDINGS, LLC}",evidenceOfInsurance,Evidence of Insurance,excessOrUmbrellaLiability,Umbrella/Excess Liability,evidenceOfInsuranceExcessOrUmbrellaLiabilityEachOccurrence,Each Occurrence,,matchOnce,must be greater or equal to,1000000,,non_compliant,Block Requirements,,,false,0,,2026-08-16
"Block Real Estate Services, LLC",69fdf79262446148bd859c3b,69fded1b62446148bd848f8b,"Med Resources, Inc.",69fdf10643ffeed6de3b1f8e,"prg841 - Pine Ridge Building 19 {PERG BUILDINGS, LLC}",evidenceOfInsurance,Evidence of Insurance,excessOrUmbrellaLiability,Umbrella/Excess Liability,evidenceOfInsuranceExcessOrUmbrellaLiabilityAggregate,Aggregate,,matchOnce,must be greater or equal to,1000000,,non_compliant,Block Requirements,,,false,0,,2026-08-16
"Block Real Estate Services, LLC",69fdf79262446148bd859c3b,69fded1b62446148bd848f8b,"Med Resources, Inc.",69fdf10643ffeed6de3b1f8e,"prg841 - Pine Ridge Building 19 {PERG BUILDINGS, LLC}",evidenceOfInsurance,Evidence of Insurance,workersCompensation,Workers' Compensation and Employer's Liability,evidenceOfInsuranceWorkersCompensationStatutoryLimits,Statutory Limits,,matchOnce,must be present,,,non_compliant,Block Requirements,,,false,0,,2026-08-16
"Block Real Estate Services, LLC",69fdf79262446148bd859c3b,69fded1b62446148bd848f8b,"Med Resources, Inc.",69fdf10643ffeed6de3b1f8e,"prg841 - Pine Ridge Building 19 {PERG BUILDINGS, LLC}",evidenceOfInsurance,Evidence of Insurance,workersCompensation,Workers' Compensation and Employer's Liability,evidenceOfInsuranceWorkersCompensationEmployersLiabilityEachAccident,Employer's Liability Each Accident,,matchOnce,must be greater or equal to,500000,,non_compliant,Block Requirements,,,false,0,,2026-08-16
"Block Real Estate Services, LLC",69fdf79262446148bd859c3b,69fded1b62446148bd848f8b,"Med Resources, Inc.",69fdf10643ffeed6de3b1f8e,"prg841 - Pine Ridge Building 19 {PERG BUILDINGS, LLC}",evidenceOfInsurance,Evidence of Insurance,workersCompensation,Workers' Compensation and Employer's Liability,evidenceOfInsuranceWorkersCompensationEmployersLiabilityDiseaseEachEmployee,Employer's Liability Disease - each employee,,matchOnce,must be greater or equal to,500000,,non_compliant,Block Requirements,,,false,0,,2026-08-16
"Block Real Estate Services, LLC",69fdf79262446148bd859c3b,69fded1b62446148bd848f8b,"Med Resources, Inc.",69fdf10643ffeed6de3b1f8e,"prg841 - Pine Ridge Building 19 {PERG BUILDINGS, LLC}",evidenceOfInsurance,Evidence of Insurance,workersCompensation,Workers' Compensation and Employer's Liability,evidenceOfInsuranceWorkersCompensationEmployersLiabilityDiseasePolicyLimit,Employer's Liability Disease - policy limit,,matchOnce,must be greater or equal to,500000,,non_compliant,Block Requirements,,,false,0,,2026-08-16
"Block Real Estate Services, LLC",69fdf79262446148bd859c3b,69fded1b62446148bd848f8b,"Med Resources, Inc.",69fdf10643ffeed6de3b1f8e,"prg841 - Pine Ridge Building 19 {PERG BUILDINGS, LLC}",evidenceOfInsurance,Evidence of Insurance,workersCompensation,Workers' Compensation and Employer's Liability,evidenceOfInsuranceWorkersCompensationWaiverOfSubrogationEndorsement,Waiver of Subrogation,"---prompt---
Determine if the insurer has waived their right of subrogation in favor of the certificate holder under the Workers' Compensation policy. Evidence may include: a checked ""Waiver of Subrogation"" box on the certificate, mention in the Description of Operations section stating ""waiver of subrogation applies"", or reference to form WC 00 03 13. Look for language like ""subrogation is waived"" or ""per written contract"".",matchOnce,must be present,,,non_compliant,Block Requirements,,,false,0,,2026-08-16
"Block Real Estate Services, LLC",69fdf79262446148bd859c3b,69fded1b62446148bd848f8b,"Med Resources, Inc.",69fdf10643ffeed6de3b1f8e,"prg841 - Pine Ridge Building 19 {PERG BUILDINGS, LLC}",evidenceOfInsurance,Evidence of Insurance,6ac20aae-5728-5d57-b364-aeba38527dba,Additional Requirements,4da5b0f1-4c9d-5885-8cf8-5d3cccaed3e0,"Block Real Estate Services, LLC and all others required by contract are named as Additional Insureds","---prompt---
Determine if the Description of Operations or the Additional Remarks Schedule section states the ""Additional Insured as Construction Management, Inc. and all others required by contract"" or reference to blanket additional insured coverage. Look for language like ""certificate holder is additional insured"" or ""per written contract"".",matchOnce,must be present,,,non_compliant,Block Requirements,,,true,0,,2026-08-16
"Block Real Estate Services, LLC",69fdf79262446148bd859c3b,69fded1b62446148bd848f8b,"Med Resources, Inc.",69fdf10643ffeed6de3b1f8e,"prg841 - Pine Ridge Building 19 {PERG BUILDINGS, LLC}",evidenceOfInsurance,Evidence of Insurance,6ac20aae-5728-5d57-b364-aeba38527dba,Additional Requirements,e1017741-e47e-5f58-97b8-fbc3043e919f,Umbrella follows form over General Liability,"---prompt---
Determine if the Umbrella/Excess Liability policy follows form to the underlying policies. Evidence may include: language in the Description of Operations section stating the umbrella follows form to underlying coverages or an additional page endorsement stating that it follows form. Follow form means the umbrella policy adopts the same terms, conditions, and exclusions as the underlying policies.",matchOnce,must be present,,,non_compliant,Block Requirements,,,true,0,,2026-08-16
"Block Real Estate Services, LLC",69fdf79262446148bd859c3b,69fded1b62446148bd848f8b,"Med Resources, Inc.",69fdf10643ffeed6de3b1f8e,"prg841 - Pine Ridge Building 19 {PERG BUILDINGS, LLC}",evidenceOfInsurance,Evidence of Insurance,6ac20aae-5728-5d57-b364-aeba38527dba,Additional Requirements,2cdd866f-c9a4-576a-afd8-1d045762790c,The location must be listed as: 8061 Flint Street Lenexa KS 66214,,matchOnce,must be present,,,non_compliant,Block Requirements,,,true,0,,2026-08-16
"Block Real Estate Services, LLC",69fdf79262446148bd859c3b,69fded1b62446148bd848f8b,"Med Resources, Inc.",69fdf10643ffeed6de3b1f8e,"prg841 - Pine Ridge Building 19 {PERG BUILDINGS, LLC}",evidenceOfInsurance,Evidence of Insurance,6ac20aae-5728-5d57-b364-aeba38527dba,Additional Requirements,3649e9d1-4e09-59bf-8f30-cb33c40cf117,"Certificate Holder must read: c/o Block Real Estate Services, LLC, 4622 Pennsylvania St., Suite 700, Kansas City, MO, 64112",,matchOnce,must be present,,,non_compliant,Block Requirements,,,true,0,,2026-08-16
"Block Real Estate Services, LLC",69fdf79262446148bd859c3c,69fded2162446148bd8491ce,"UDP (Unisource Document Products)/ Datamax / Sumner Group, Inc.",69fdf10643ffeed6de3b1f8e,"prg841 - Pine Ridge Building 19 {PERG BUILDINGS, LLC}",evidenceOfInsurance,Evidence of Insurance,commercialGeneralLiability,Commercial General Liability,evidenceOfInsuranceCommercialGeneralLiabilityCoverageTriggerOccurrence,Coverage Trigger: Occurrence,,matchOnce,must be present,,Present,compliant,Block Requirements,,,false,1,,2026-08-16
"Block Real Estate Services, LLC",69fdf79262446148bd859c3c,69fded2162446148bd8491ce,"UDP (Unisource Document Products)/ Datamax / Sumner Group, Inc.",69fdf10643ffeed6de3b1f8e,"prg841 - Pine Ridge Building 19 {PERG BUILDINGS, LLC}",evidenceOfInsurance,Evidence of Insurance,commercialGeneralLiability,Commercial General Liability,evidenceOfInsuranceCommercialGeneralLiabilityGeneralAggregateLimitAppliesPerLocation,General Aggregate Limit Applies per: Location,,matchOnce,must be present,,Present,compliant,Block Requirements,,,false,1,,2026-08-16
"Block Real Estate Services, LLC",69fdf79262446148bd859c3c,69fded2162446148bd8491ce,"UDP (Unisource Document Products)/ Datamax / Sumner Group, Inc.",69fdf10643ffeed6de3b1f8e,"prg841 - Pine Ridge Building 19 {PERG BUILDINGS, LLC}",evidenceOfInsurance,Evidence of Insurance,commercialGeneralLiability,Commercial General Liability,evidenceOfInsuranceCommercialGeneralLiabilityEachOccurrence,Each Occurrence,,matchOnce,must be greater or equal to,1000000,1000000,compliant,Block Requirements,,,false,1,,2026-08-16
"Block Real Estate Services, LLC",69fdf79262446148bd859c3c,69fded2162446148bd8491ce,"UDP (Unisource Document Products)/ Datamax / Sumner Group, Inc.",69fdf10643ffeed6de3b1f8e,"prg841 - Pine Ridge Building 19 {PERG BUILDINGS, LLC}",evidenceOfInsurance,Evidence of Insurance,commercialGeneralLiability,Commercial General Liability,evidenceOfInsuranceCommercialGeneralLiabilityGeneralAggregate,General Aggregate,,matchOnce,must be greater or equal to,2000000,2000000,compliant,Block Requirements,,,false,1,,2026-08-16
"Block Real Estate Services, LLC",69fdf79262446148bd859c3c,69fded2162446148bd8491ce,"UDP (Unisource Document Products)/ Datamax / Sumner Group, Inc.",69fdf10643ffeed6de3b1f8e,"prg841 - Pine Ridge Building 19 {PERG BUILDINGS, LLC}",evidenceOfInsurance,Evidence of Insurance,commercialGeneralLiability,Commercial General Liability,evidenceOfInsuranceCommercialGeneralLiabilityWaiverOfSubrogationEndorsement,Waiver of Subrogation,"---prompt---
Determine if the insurer has waived their right of subrogation in favor of the certificate holder under the Commercial General Liability policy. Evidence may include: a checked ""Waiver of Subrogation"" box on the certificate, mention in the Description of Operations section stating ""waiver of subrogation applies"", or reference to form CG 24 04. Look for language like ""subrogation is waived"" or ""per written contract"".",matchOnce,must be present,,Present,compliant,Block Requirements,,,false,1,,2026-08-16
"Block Real Estate Services, LLC",69fdf79262446148bd859c3c,69fded2162446148bd8491ce,"UDP (Unisource Document Products)/ Datamax / Sumner Group, Inc.",69fdf10643ffeed6de3b1f8e,"prg841 - Pine Ridge Building 19 {PERG BUILDINGS, LLC}",evidenceOfInsurance,Evidence of Insurance,excessOrUmbrellaLiability,Umbrella/Excess Liability,evidenceOfInsuranceExcessOrUmbrellaLiabilityOccurence,Coverage Trigger: Occurrence,,matchOnce,must be present,,Present,compliant,Block Requirements,,,false,1,,2026-08-16
"Block Real Estate Services, LLC",69fdf79262446148bd859c3c,69fded2162446148bd8491ce,"UDP (Unisource Document Products)/ Datamax / Sumner Group, Inc.",69fdf10643ffeed6de3b1f8e,"prg841 - Pine Ridge Building 19 {PERG BUILDINGS, LLC}",evidenceOfInsurance,Evidence of Insurance,excessOrUmbrellaLiability,Umbrella/Excess Liability,evidenceOfInsuranceExcessOrUmbrellaLiabilityEachOccurrence,Each Occurrence,,matchOnce,must be greater or equal to,1000000,10000000,compliant,Block Requirements,,,false,1,,2026-08-16
"Block Real Estate Services, LLC",69fdf79262446148bd859c3c,69fded2162446148bd8491ce,"UDP (Unisource Document Products)/ Datamax / Sumner Group, Inc.",69fdf10643ffeed6de3b1f8e,"prg841 - Pine Ridge Building 19 {PERG BUILDINGS, LLC}",evidenceOfInsurance,Evidence of Insurance,excessOrUmbrellaLiability,Umbrella/Excess Liability,evidenceOfInsuranceExcessOrUmbrellaLiabilityAggregate,Aggregate,,matchOnce,must be greater or equal to,1000000,10000000,compliant,Block Requirements,,,false,1,,2026-08-16
"Block Real Estate Services, LLC",69fdf79262446148bd859c3c,69fded2162446148bd8491ce,"UDP (Unisource Document Products)/ Datamax / Sumner Group, Inc.",69fdf10643ffeed6de3b1f8e,"prg841 - Pine Ridge Building 19 {PERG BUILDINGS, LLC}",evidenceOfInsurance,Evidence of Insurance,workersCompensation,Workers' Compensation and Employer's Liability,evidenceOfInsuranceWorkersCompensationStatutoryLimits,Statutory Limits,,matchOnce,must be present,,Present,compliant,Block Requirements,,,false,1,,2026-08-16
"Block Real Estate Services, LLC",69fdf79262446148bd859c3c,69fded2162446148bd8491ce,"UDP (Unisource Document Products)/ Datamax / Sumner Group, Inc.",69fdf10643ffeed6de3b1f8e,"prg841 - Pine Ridge Building 19 {PERG BUILDINGS, LLC}",evidenceOfInsurance,Evidence of Insurance,workersCompensation,Workers' Compensation and Employer's Liability,evidenceOfInsuranceWorkersCompensationEmployersLiabilityEachAccident,Employer's Liability Each Accident,,matchOnce,must be greater or equal to,500000,1000000,compliant,Block Requirements,,,false,1,,2026-08-16
"Block Real Estate Services, LLC",69fdf79262446148bd859c3c,69fded2162446148bd8491ce,"UDP (Unisource Document Products)/ Datamax / Sumner Group, Inc.",69fdf10643ffeed6de3b1f8e,"prg841 - Pine Ridge Building 19 {PERG BUILDINGS, LLC}",evidenceOfInsurance,Evidence of Insurance,workersCompensation,Workers' Compensation and Employer's Liability,evidenceOfInsuranceWorkersCompensationEmployersLiabilityDiseaseEachEmployee,Employer's Liability Disease - each employee,,matchOnce,must be greater or equal to,500000,1000000,compliant,Block Requirements,,,false,1,,2026-08-16
"Block Real Estate Services, LLC",69fdf79262446148bd859c3c,69fded2162446148bd8491ce,"UDP (Unisource Document Products)/ Datamax / Sumner Group, Inc.",69fdf10643ffeed6de3b1f8e,"prg841 - Pine Ridge Building 19 {PERG BUILDINGS, LLC}",evidenceOfInsurance,Evidence of Insurance,workersCompensation,Workers' Compensation and Employer's Liability,evidenceOfInsuranceWorkersCompensationEmployersLiabilityDiseasePolicyLimit,Employer's Liability Disease - policy limit,,matchOnce,must be greater or equal to,500000,1000000,compliant,Block Requirements,,,false,1,,2026-08-16
"Block Real Estate Services, LLC",69fdf79262446148bd859c3c,69fded2162446148bd8491ce,"UDP (Unisource Document Products)/ Datamax / Sumner Group, Inc.",69fdf10643ffeed6de3b1f8e,"prg841 - Pine Ridge Building 19 {PERG BUILDINGS, LLC}",evidenceOfInsurance,Evidence of Insurance,workersCompensation,Workers' Compensation and Employer's Liability,evidenceOfInsuranceWorkersCompensationWaiverOfSubrogationEndorsement,Waiver of Subrogation,"---prompt---
Determine if the insurer has waived their right of subrogation in favor of the certificate holder under the Workers' Compensation policy. Evidence may include: a checked ""Waiver of Subrogation"" box on the certificate, mention in the Description of Operations section stating ""waiver of subrogation applies"", or reference to form WC 00 03 13. Look for language like ""subrogation is waived"" or ""per written contract"".",matchOnce,must be present,,Present,compliant,Block Requirements,,,false,1,,2026-08-16
"Block Real Estate Services, LLC",69fdf79262446148bd859c3c,69fded2162446148bd8491ce,"UDP (Unisource Document Products)/ Datamax / Sumner Group, Inc.",69fdf10643ffeed6de3b1f8e,"prg841 - Pine Ridge Building 19 {PERG BUILDINGS, LLC}",evidenceOfInsurance,Evidence of Insurance,6ac20aae-5728-5d57-b364-aeba38527dba,Additional Requirements,4da5b0f1-4c9d-5885-8cf8-5d3cccaed3e0,"Block Real Estate Services, LLC and all others required by contract are named as Additional Insureds","---prompt---
Determine if the Description of Operations or the Additional Remarks Schedule section states the ""Additional Insured as Construction Management, Inc. and all others required by contract"" or reference to blanket additional insured coverage. Look for language like ""certificate holder is additional insured"" or ""per written contract"".",matchOnce,must be present,,Present,compliant,Block Requirements,,,true,1,,2026-08-16
"Block Real Estate Services, LLC",69fdf79262446148bd859c3c,69fded2162446148bd8491ce,"UDP (Unisource Document Products)/ Datamax / Sumner Group, Inc.",69fdf10643ffeed6de3b1f8e,"prg841 - Pine Ridge Building 19 {PERG BUILDINGS, LLC}",evidenceOfInsurance,Evidence of Insurance,6ac20aae-5728-5d57-b364-aeba38527dba,Additional Requirements,e1017741-e47e-5f58-97b8-fbc3043e919f,Umbrella follows form over General Liability,"---prompt---
Determine if the Umbrella/Excess Liability policy follows form to the underlying policies. Evidence may include: language in the Description of Operations section stating the umbrella follows form to underlying coverages or an additional page endorsement stating that it follows form. Follow form means the umbrella policy adopts the same terms, conditions, and exclusions as the underlying policies.",matchOnce,must be present,,,non_compliant,Block Requirements,,,true,0,,2026-08-16
"Block Real Estate Services, LLC",69fdf79262446148bd859c3c,69fded2162446148bd8491ce,"UDP (Unisource Document Products)/ Datamax / Sumner Group, Inc.",69fdf10643ffeed6de3b1f8e,"prg841 - Pine Ridge Building 19 {PERG BUILDINGS, LLC}",evidenceOfInsurance,Evidence of Insurance,6ac20aae-5728-5d57-b364-aeba38527dba,Additional Requirements,2cdd866f-c9a4-576a-afd8-1d045762790c,The location must be listed as: 8063 Flint Street Lenexa KS 66214,,matchOnce,must be present,,Present,compliant,Block Requirements,,,true,1,,2026-08-16
"Block Real Estate Services, LLC",69fdf79262446148bd859c3c,69fded2162446148bd8491ce,"UDP (Unisource Document Products)/ Datamax / Sumner Group, Inc.",69fdf10643ffeed6de3b1f8e,"prg841 - Pine Ridge Building 19 {PERG BUILDINGS, LLC}",evidenceOfInsurance,Evidence of Insurance,6ac20aae-5728-5d57-b364-aeba38527dba,Additional Requirements,3649e9d1-4e09-59bf-8f30-cb33c40cf117,"Certificate Holder must read: c/o Block Real Estate Services, LLC, 4622 Pennsylvania St., Suite 700, Kansas City, MO, 64112",,matchOnce,must be present,,Present,compliant,Block Requirements,,,true,1,,2026-08-16
"Block Real Estate Services, LLC",69fdf79262446148bd859c3a,69fded1262446148bd848ceb,Dairy Farmers of America Inc,69fdf10643ffeed6de3b1f8e,"prg841 - Pine Ridge Building 19 {PERG BUILDINGS, LLC}",evidenceOfInsurance,Evidence of Insurance,commercialGeneralLiability,Commercial General Liability,evidenceOfInsuranceCommercialGeneralLiabilityCoverageTriggerOccurrence,Coverage Trigger: Occurrence,,matchOnce,must be present,,Present,compliant,Block Requirements,,,false,1,,2026-08-16
"Block Real Estate Services, LLC",69fdf79262446148bd859c3a,69fded1262446148bd848ceb,Dairy Farmers of America Inc,69fdf10643ffeed6de3b1f8e,"prg841 - Pine Ridge Building 19 {PERG BUILDINGS, LLC}",evidenceOfInsurance,Evidence of Insurance,commercialGeneralLiability,Commercial General Liability,evidenceOfInsuranceCommercialGeneralLiabilityGeneralAggregateLimitAppliesPerLocation,General Aggregate Limit Applies per: Location,,matchOnce,must be present,,Present,compliant,Block Requirements,,,false,1,,2026-08-16
"Block Real Estate Services, LLC",69fdf79262446148bd859c3a,69fded1262446148bd848ceb,Dairy Farmers of America Inc,69fdf10643ffeed6de3b1f8e,"prg841 - Pine Ridge Building 19 {PERG BUILDINGS, LLC}",evidenceOfInsurance,Evidence of Insurance,commercialGeneralLiability,Commercial General Liability,evidenceOfInsuranceCommercialGeneralLiabilityEachOccurrence,Each Occurrence,,matchOnce,must be greater or equal to,1000000,5000000,compliant,Block Requirements,,,false,1,,2026-08-16
"Block Real Estate Services, LLC",69fdf79262446148bd859c3a,69fded1262446148bd848ceb,Dairy Farmers of America Inc,69fdf10643ffeed6de3b1f8e,"prg841 - Pine Ridge Building 19 {PERG BUILDINGS, LLC}",evidenceOfInsurance,Evidence of Insurance,commercialGeneralLiability,Commercial General Liability,evidenceOfInsuranceCommercialGeneralLiabilityGeneralAggregate,General Aggregate,,matchOnce,must be greater or equal to,2000000,10000000,compliant,Block Requirements,,,false,1,,2026-08-16
"Block Real Estate Services, LLC",69fdf79262446148bd859c3a,69fded1262446148bd848ceb,Dairy Farmers of America Inc,69fdf10643ffeed6de3b1f8e,"prg841 - Pine Ridge Building 19 {PERG BUILDINGS, LLC}",evidenceOfInsurance,Evidence of Insurance,commercialGeneralLiability,Commercial General Liability,evidenceOfInsuranceCommercialGeneralLiabilityWaiverOfSubrogationEndorsement,Waiver of Subrogation,"---prompt---
Determine if the insurer has waived their right of subrogation in favor of the certificate holder under the Commercial General Liability policy. Evidence may include: a checked ""Waiver of Subrogation"" box on the certificate, mention in the Description of Operations section stating ""waiver of subrogation applies"", or reference to form CG 24 04. Look for language like ""subrogation is waived"" or ""per written contract"".",matchOnce,must be present,,Present,compliant,Block Requirements,,,false,1,,2026-08-16
"Block Real Estate Services, LLC",69fdf79262446148bd859c3a,69fded1262446148bd848ceb,Dairy Farmers of America Inc,69fdf10643ffeed6de3b1f8e,"prg841 - Pine Ridge Building 19 {PERG BUILDINGS, LLC}",evidenceOfInsurance,Evidence of Insurance,excessOrUmbrellaLiability,Umbrella/Excess Liability,evidenceOfInsuranceExcessOrUmbrellaLiabilityOccurence,Coverage Trigger: Occurrence,,matchOnce,must be present,,Present,compliant,Block Requirements,,,false,1,,2026-08-16
"Block Real Estate Services, LLC",69fdf79262446148bd859c3a,69fded1262446148bd848ceb,Dairy Farmers of America Inc,69fdf10643ffeed6de3b1f8e,"prg841 - Pine Ridge Building 19 {PERG BUILDINGS, LLC}",evidenceOfInsurance,Evidence of Insurance,excessOrUmbrellaLiability,Umbrella/Excess Liability,evidenceOfInsuranceExcessOrUmbrellaLiabilityEachOccurrence,Each Occurrence,,matchOnce,must be greater or equal to,1000000,1000000,compliant,Block Requirements,,,false,1,,2026-08-16
"Block Real Estate Services, LLC",69fdf79262446148bd859c3a,69fded1262446148bd848ceb,Dairy Farmers of America Inc,69fdf10643ffeed6de3b1f8e,"prg841 - Pine Ridge Building 19 {PERG BUILDINGS, LLC}",evidenceOfInsurance,Evidence of Insurance,excessOrUmbrellaLiability,Umbrella/Excess Liability,evidenceOfInsuranceExcessOrUmbrellaLiabilityAggregate,Aggregate,,matchOnce,must be greater or equal to,1000000,1000000,compliant,Block Requirements,,,false,1,,2026-08-16
"Block Real Estate Services, LLC",69fdf79262446148bd859c3a,69fded1262446148bd848ceb,Dairy Farmers of America Inc,69fdf10643ffeed6de3b1f8e,"prg841 - Pine Ridge Building 19 {PERG BUILDINGS, LLC}",evidenceOfInsurance,Evidence of Insurance,workersCompensation,Workers' Compensation and Employer's Liability,evidenceOfInsuranceWorkersCompensationStatutoryLimits,Statutory Limits,,matchOnce,must be present,,Present,compliant,Block Requirements,,,false,1,,2026-08-16
"Block Real Estate Services, LLC",69fdf79262446148bd859c3a,69fded1262446148bd848ceb,Dairy Farmers of America Inc,69fdf10643ffeed6de3b1f8e,"prg841 - Pine Ridge Building 19 {PERG BUILDINGS, LLC}",evidenceOfInsurance,Evidence of Insurance,workersCompensation,Workers' Compensation and Employer's Liability,evidenceOfInsuranceWorkersCompensationEmployersLiabilityEachAccident,Employer's Liability Each Accident,,matchOnce,must be greater or equal to,500000,1000000,compliant,Block Requirements,,,false,1,,2026-08-16
"Block Real Estate Services, LLC",69fdf79262446148bd859c3a,69fded1262446148bd848ceb,Dairy Farmers of America Inc,69fdf10643ffeed6de3b1f8e,"prg841 - Pine Ridge Building 19 {PERG BUILDINGS, LLC}",evidenceOfInsurance,Evidence of Insurance,workersCompensation,Workers' Compensation and Employer's Liability,evidenceOfInsuranceWorkersCompensationEmployersLiabilityDiseaseEachEmployee,Employer's Liability Disease - each employee,,matchOnce,must be greater or equal to,500000,1000000,compliant,Block Requirements,,,false,1,,2026-08-16
"Block Real Estate Services, LLC",69fdf79262446148bd859c3a,69fded1262446148bd848ceb,Dairy Farmers of America Inc,69fdf10643ffeed6de3b1f8e,"prg841 - Pine Ridge Building 19 {PERG BUILDINGS, LLC}",evidenceOfInsurance,Evidence of Insurance,workersCompensation,Workers' Compensation and Employer's Liability,evidenceOfInsuranceWorkersCompensationEmployersLiabilityDiseasePolicyLimit,Employer's Liability Disease - policy limit,,matchOnce,must be greater or equal to,500000,1000000,compliant,Block Requirements,,,false,1,,2026-08-16
"Block Real Estate Services, LLC",69fdf79262446148bd859c3a,69fded1262446148bd848ceb,Dairy Farmers of America Inc,69fdf10643ffeed6de3b1f8e,"prg841 - Pine Ridge Building 19 {PERG BUILDINGS, LLC}",evidenceOfInsurance,Evidence of Insurance,workersCompensation,Workers' Compensation and Employer's Liability,evidenceOfInsuranceWorkersCompensationWaiverOfSubrogationEndorsement,Waiver of Subrogation,"---prompt---
Determine if the insurer has waived their right of subrogation in favor of the certificate holder under the Workers' Compensation policy. Evidence may include: a checked ""Waiver of Subrogation"" box on the certificate, mention in the Description of Operations section stating ""waiver of subrogation applies"", or reference to form WC 00 03 13. Look for language like ""subrogation is waived"" or ""per written contract"".",matchOnce,must be present,,Present,waived,Block Requirements,WoS for WC not available in the state of MO,,false,1,,2026-08-16
"Block Real Estate Services, LLC",69fdf79262446148bd859c3a,69fded1262446148bd848ceb,Dairy Farmers of America Inc,69fdf10643ffeed6de3b1f8e,"prg841 - Pine Ridge Building 19 {PERG BUILDINGS, LLC}",evidenceOfInsurance,Evidence of Insurance,6ac20aae-5728-5d57-b364-aeba38527dba,Additional Requirements,4da5b0f1-4c9d-5885-8cf8-5d3cccaed3e0,"Block Real Estate Services, LLC and all others required by contract are named as Additional Insureds","---prompt---
Determine if the Description of Operations or the Additional Remarks Schedule section states the ""Additional Insured as Construction Management, Inc. and all others required by contract"" or reference to blanket additional insured coverage. Look for language like ""certificate holder is additional insured"" or ""per written contract"".",matchOnce,must be present,,Present,compliant,Block Requirements,,,true,1,,2026-08-16
"Block Real Estate Services, LLC",69fdf79262446148bd859c3a,69fded1262446148bd848ceb,Dairy Farmers of America Inc,69fdf10643ffeed6de3b1f8e,"prg841 - Pine Ridge Building 19 {PERG BUILDINGS, LLC}",evidenceOfInsurance,Evidence of Insurance,6ac20aae-5728-5d57-b364-aeba38527dba,Additional Requirements,e1017741-e47e-5f58-97b8-fbc3043e919f,Umbrella follows form over General Liability,"---prompt---
Determine if the Umbrella/Excess Liability policy follows form to the underlying policies. Evidence may include: language in the Description of Operations section stating the umbrella follows form to underlying coverages or an additional page endorsement stating that it follows form. Follow form means the umbrella policy adopts the same terms, conditions, and exclusions as the underlying policies.",matchOnce,must be present,,Present,compliant,Block Requirements,,,true,1,,2026-08-16
"Block Real Estate Services, LLC",69fdf79262446148bd859c3a,69fded1262446148bd848ceb,Dairy Farmers of America Inc,69fdf10643ffeed6de3b1f8e,"prg841 - Pine Ridge Building 19 {PERG BUILDINGS, LLC}",evidenceOfInsurance,Evidence of Insurance,6ac20aae-5728-5d57-b364-aeba38527dba,Additional Requirements,2cdd866f-c9a4-576a-afd8-1d045762790c,"The location must be listed as: 8065, 8067, 8069 Flint Street Lenexa KS 66214",,matchOnce,must be present,,Present,compliant,Block Requirements,,,true,1,,2026-08-16
"Block Real Estate Services, LLC",69fdf79262446148bd859c3a,69fded1262446148bd848ceb,Dairy Farmers of America Inc,69fdf10643ffeed6de3b1f8e,"prg841 - Pine Ridge Building 19 {PERG BUILDINGS, LLC}",evidenceOfInsurance,Evidence of Insurance,6ac20aae-5728-5d57-b364-aeba38527dba,Additional Requirements,3649e9d1-4e09-59bf-8f30-cb33c40cf117,"Certificate Holder must read: c/o Block Real Estate Services, LLC, 4622 Pennsylvania St., Suite 700, Kansas City, MO, 64112",,matchOnce,must be present,,Present,compliant,Block Requirements,,,true,1,,2026-08-16
"Block Real Estate Services, LLC",69fdf75c62446148bd855f94,69fded0c62446148bd848b26,"Advanced Auto / Advanced Stores Co., Inc.",69fdefa6e45e7dcf5c4348ed,agb318 - 4401 E. Truman Road (Allen & Gloria Block Family Limited Partnership},evidenceOfInsurance,Evidence of Insurance,commercialGeneralLiability,Commercial General Liability,evidenceOfInsuranceCommercialGeneralLiabilityCoverageTriggerOccurrence,Coverage Trigger: Occurrence,,matchOnce,must be present,,Present,compliant,Block Requirements,,,false,1,,2026-08-16
"Block Real Estate Services, LLC",69fdf75c62446148bd855f94,69fded0c62446148bd848b26,"Advanced Auto / Advanced Stores Co., Inc.",69fdefa6e45e7dcf5c4348ed,agb318 - 4401 E. Truman Road (Allen & Gloria Block Family Limited Partnership},evidenceOfInsurance,Evidence of Insurance,commercialGeneralLiability,Commercial General Liability,evidenceOfInsuranceCommercialGeneralLiabilityGeneralAggregateLimitAppliesPerLocation,General Aggregate Limit Applies per: Location,,matchOnce,must be present,,,non_compliant,Block Requirements,,,false,0,,2026-08-16
"Block Real Estate Services, LLC",69fdf75c62446148bd855f94,69fded0c62446148bd848b26,"Advanced Auto / Advanced Stores Co., Inc.",69fdefa6e45e7dcf5c4348ed,agb318 - 4401 E. Truman Road (Allen & Gloria Block Family Limited Partnership},evidenceOfInsurance,Evidence of Insurance,commercialGeneralLiability,Commercial General Liability,evidenceOfInsuranceCommercialGeneralLiabilityEachOccurrence,Each Occurrence,,matchOnce,must be greater or equal to,1000000,1000000,compliant,Block Requirements,,,false,1,,2026-08-16
"Block Real Estate Services, LLC",69fdf75c62446148bd855f94,69fded0c62446148bd848b26,"Advanced Auto / Advanced Stores Co., Inc.",69fdefa6e45e7dcf5c4348ed,agb318 - 4401 E. Truman Road (Allen & Gloria Block Family Limited Partnership},evidenceOfInsurance,Evidence of Insurance,commercialGeneralLiability,Commercial General Liability,evidenceOfInsuranceCommercialGeneralLiabilityGeneralAggregate,General Aggregate,,matchOnce,must be greater or equal to,2000000,10000000,compliant,Block Requirements,,,false,1,,2026-08-16
"Block Real Estate Services, LLC",69fdf75c62446148bd855f94,69fded0c62446148bd848b26,"Advanced Auto / Advanced Stores Co., Inc.",69fdefa6e45e7dcf5c4348ed,agb318 - 4401 E. Truman Road (Allen & Gloria Block Family Limited Partnership},evidenceOfInsurance,Evidence of Insurance,commercialGeneralLiability,Commercial General Liability,evidenceOfInsuranceCommercialGeneralLiabilityWaiverOfSubrogationEndorsement,Waiver of Subrogation,"---prompt---
Determine if the insurer has waived their right of subrogation in favor of the certificate holder under the Commercial General Liability policy. Evidence may include: a checked ""Waiver of Subrogation"" box on the certificate, mention in the Description of Operations section stating ""waiver of subrogation applies"", or reference to form CG 24 04. Look for language like ""subrogation is waived"" or ""per written contract"".",matchOnce,must be present,,Present,compliant,Block Requirements,,,false,1,,2026-08-16
"Block Real Estate Services, LLC",69fdf75c62446148bd855f94,69fded0c62446148bd848b26,"Advanced Auto / Advanced Stores Co., Inc.",69fdefa6e45e7dcf5c4348ed,agb318 - 4401 E. Truman Road (Allen & Gloria Block Family Limited Partnership},evidenceOfInsurance,Evidence of Insurance,excessOrUmbrellaLiability,Umbrella/Excess Liability,evidenceOfInsuranceExcessOrUmbrellaLiabilityOccurence,Coverage Trigger: Occurrence,,matchOnce,must be present,,Present,compliant,Block Requirements,,,false,1,,2026-08-16
"Block Real Estate Services, LLC",69fdf75c62446148bd855f94,69fded0c62446148bd848b26,"Advanced Auto / Advanced Stores Co., Inc.",69fdefa6e45e7dcf5c4348ed,agb318 - 4401 E. Truman Road (Allen & Gloria Block Family Limited Partnership},evidenceOfInsurance,Evidence of Insurance,excessOrUmbrellaLiability,Umbrella/Excess Liability,evidenceOfInsuranceExcessOrUmbrellaLiabilityEachOccurrence,Each Occurrence,,matchOnce,must be greater or equal to,1000000,5000000,compliant,Block Requirements,,,false,1,,2026-08-16
"Block Real Estate Services, LLC",69fdf75c62446148bd855f94,69fded0c62446148bd848b26,"Advanced Auto / Advanced Stores Co., Inc.",69fdefa6e45e7dcf5c4348ed,agb318 - 4401 E. Truman Road (Allen & Gloria Block Family Limited Partnership},evidenceOfInsurance,Evidence of Insurance,excessOrUmbrellaLiability,Umbrella/Excess Liability,evidenceOfInsuranceExcessOrUmbrellaLiabilityAggregate,Aggregate,,matchOnce,must be greater or equal to,1000000,5000000,compliant,Block Requirements,,,false,1,,2026-08-16
"Block Real Estate Services, LLC",69fdf75c62446148bd855f94,69fded0c62446148bd848b26,"Advanced Auto / Advanced Stores Co., Inc.",69fdefa6e45e7dcf5c4348ed,agb318 - 4401 E. Truman Road (Allen & Gloria Block Family Limited Partnership},evidenceOfInsurance,Evidence of Insurance,workersCompensation,Workers' Compensation and Employer's Liability,evidenceOfInsuranceWorkersCompensationStatutoryLimits,Statutory Limits,,matchOnce,must be present,,Present,compliant,Block Requirements,,,false,1,,2026-08-16
"Block Real Estate Services, LLC",69fdf75c62446148bd855f94,69fded0c62446148bd848b26,"Advanced Auto / Advanced Stores Co., Inc.",69fdefa6e45e7dcf5c4348ed,agb318 - 4401 E. Truman Road (Allen & Gloria Block Family Limited Partnership},evidenceOfInsurance,Evidence of Insurance,workersCompensation,Workers' Compensation and Employer's Liability,evidenceOfInsuranceWorkersCompensationEmployersLiabilityEachAccident,Employer's Liability Each Accident,,matchOnce,must be greater or equal to,500000,1000000,compliant,Block Requirements,,,false,1,,2026-08-16
"Block Real Estate Services, LLC",69fdf75c62446148bd855f94,69fded0c62446148bd848b26,"Advanced Auto / Advanced Stores Co., Inc.",69fdefa6e45e7dcf5c4348ed,agb318 - 4401 E. Truman Road (Allen & Gloria Block Family Limited Partnership},evidenceOfInsurance,Evidence of Insurance,workersCompensation,Workers' Compensation and Employer's Liability,evidenceOfInsuranceWorkersCompensationEmployersLiabilityDiseaseEachEmployee,Employer's Liability Disease - each employee,,matchOnce,must be greater or equal to,500000,1000000,compliant,Block Requirements,,,false,1,,2026-08-16
"Block Real Estate Services, LLC",69fdf75c62446148bd855f94,69fded0c62446148bd848b26,"Advanced Auto / Advanced Stores Co., Inc.",69fdefa6e45e7dcf5c4348ed,agb318 - 4401 E. Truman Road (Allen & Gloria Block Family Limited Partnership},evidenceOfInsurance,Evidence of Insurance,workersCompensation,Workers' Compensation and Employer's Liability,evidenceOfInsuranceWorkersCompensationEmployersLiabilityDiseasePolicyLimit,Employer's Liability Disease - policy limit,,matchOnce,must be greater or equal to,500000,1000000,compliant,Block Requirements,,,false,1,,2026-08-16
"Block Real Estate Services, LLC",69fdf75c62446148bd855f94,69fded0c62446148bd848b26,"Advanced Auto / Advanced Stores Co., Inc.",69fdefa6e45e7dcf5c4348ed,agb318 - 4401 E. Truman Road (Allen & Gloria Block Family Limited Partnership},evidenceOfInsurance,Evidence of Insurance,workersCompensation,Workers' Compensation and Employer's Liability,evidenceOfInsuranceWorkersCompensationWaiverOfSubrogationEndorsement,Waiver of Subrogation,"---prompt---
Determine if the insurer has waived their right of subrogation in favor of the certificate holder under the Workers' Compensation policy. Evidence may include: a checked ""Waiver of Subrogation"" box on the certificate, mention in the Description of Operations section stating ""waiver of subrogation applies"", or reference to form WC 00 03 13. Look for language like ""subrogation is waived"" or ""per written contract"".",matchOnce,must be present,,Present,compliant,Block Requirements,,,false,1,,2026-08-16
"Block Real Estate Services, LLC",69fdf75c62446148bd855f94,69fded0c62446148bd848b26,"Advanced Auto / Advanced Stores Co., Inc.",69fdefa6e45e7dcf5c4348ed,agb318 - 4401 E. Truman Road (Allen & Gloria Block Family Limited Partnership},evidenceOfInsurance,Evidence of Insurance,6ac20aae-5728-5d57-b364-aeba38527dba,Additional Requirements,4da5b0f1-4c9d-5885-8cf8-5d3cccaed3e0,"Block Real Estate Services, LLC and all others required by contract are named as Additional Insureds","---prompt---
Determine if the Description of Operations or the Additional Remarks Schedule section states the ""Additional Insured as Construction Management, Inc. and all others required by contract"" or reference to blanket additional insured coverage. Look for language like ""certificate holder is additional insured"" or ""per written contract"".",matchOnce,must be present,,Present,compliant,Block Requirements,,,true,1,,2026-08-16
"Block Real Estate Services, LLC",69fdf75c62446148bd855f94,69fded0c62446148bd848b26,"Advanced Auto / Advanced Stores Co., Inc.",69fdefa6e45e7dcf5c4348ed,agb318 - 4401 E. Truman Road (Allen & Gloria Block Family Limited Partnership},evidenceOfInsurance,Evidence of Insurance,6ac20aae-5728-5d57-b364-aeba38527dba,Additional Requirements,e1017741-e47e-5f58-97b8-fbc3043e919f,Umbrella follows form over General Liability,"---prompt---
Determine if the Umbrella/Excess Liability policy follows form to the underlying policies. Evidence may include: language in the Description of Operations section stating the umbrella follows form to underlying coverages or an additional page endorsement stating that it follows form. Follow form means the umbrella policy adopts the same terms, conditions, and exclusions as the underlying policies.",matchOnce,must be present,,,non_compliant,Block Requirements,,,true,0,,2026-08-16
"Block Real Estate Services, LLC",69fdf75c62446148bd855f94,69fded0c62446148bd848b26,"Advanced Auto / Advanced Stores Co., Inc.",69fdefa6e45e7dcf5c4348ed,agb318 - 4401 E. Truman Road (Allen & Gloria Block Family Limited Partnership},evidenceOfInsurance,Evidence of Insurance,6ac20aae-5728-5d57-b364-aeba38527dba,Additional Requirements,2cdd866f-c9a4-576a-afd8-1d045762790c,"The location must be listed as: 4401 E. Truman Road, Kansas City, MO, 64127",,matchOnce,must be present,,Present,compliant,Block Requirements,,,true,1,,2026-08-16
"Block Real Estate Services, LLC",69fdf75c62446148bd855f94,69fded0c62446148bd848b26,"Advanced Auto / Advanced Stores Co., Inc.",69fdefa6e45e7dcf5c4348ed,agb318 - 4401 E. Truman Road (Allen & Gloria Block Family Limited Partnership},evidenceOfInsurance,Evidence of Insurance,6ac20aae-5728-5d57-b364-aeba38527dba,Additional Requirements,3649e9d1-4e09-59bf-8f30-cb33c40cf117,"Certificate Holder must read: c/o Block Real Estate Services, LLC, 4622 Pennsylvania St., Suite 700, Kansas City, MO, 64112",,matchOnce,must be present,,Present,compliant,Block Requirements,,,true,1,,2026-08-16
"Block Real Estate Services, LLC",69fdf76e62446148bd857403,69fded0e62446148bd848b83,Applied Industrial Technologies Inc,69fdf06abf1df2fe96926664,"kci289 - Platte Valley Industrial Center 9 {Platte Valley Investment, LLC}",evidenceOfInsurance,Evidence of Insurance,commercialGeneralLiability,Commercial General Liability,evidenceOfInsuranceCommercialGeneralLiabilityCoverageTriggerOccurrence,Coverage Trigger: Occurrence,,matchOnce,must be present,,Present,compliant,Block Requirements,,,false,1,,2026-08-16
"Block Real Estate Services, LLC",69fdf76e62446148bd857403,69fded0e62446148bd848b83,Applied Industrial Technologies Inc,69fdf06abf1df2fe96926664,"kci289 - Platte Valley Industrial Center 9 {Platte Valley Investment, LLC}",evidenceOfInsurance,Evidence of Insurance,commercialGeneralLiability,Commercial General Liability,evidenceOfInsuranceCommercialGeneralLiabilityGeneralAggregateLimitAppliesPerLocation,General Aggregate Limit Applies per: Location,,matchOnce,must be present,,,non_compliant,Block Requirements,,,false,0,,2026-08-16
"Block Real Estate Services, LLC",69fdf76e62446148bd857403,69fded0e62446148bd848b83,Applied Industrial Technologies Inc,69fdf06abf1df2fe96926664,"kci289 - Platte Valley Industrial Center 9 {Platte Valley Investment, LLC}",evidenceOfInsurance,Evidence of Insurance,commercialGeneralLiability,Commercial General Liability,evidenceOfInsuranceCommercialGeneralLiabilityEachOccurrence,Each Occurrence,,matchOnce,must be greater or equal to,1000000,2000000,compliant,Block Requirements,,,false,1,,2026-08-16
"Block Real Estate Services, LLC",69fdf76e62446148bd857403,69fded0e62446148bd848b83,Applied Industrial Technologies Inc,69fdf06abf1df2fe96926664,"kci289 - Platte Valley Industrial Center 9 {Platte Valley Investment, LLC}",evidenceOfInsurance,Evidence of Insurance,commercialGeneralLiability,Commercial General Liability,evidenceOfInsuranceCommercialGeneralLiabilityGeneralAggregate,General Aggregate,,matchOnce,must be greater or equal to,2000000,10000000,compliant,Block Requirements,,,false,1,,2026-08-16
"Block Real Estate Services, LLC",69fdf76e62446148bd857403,69fded0e62446148bd848b83,Applied Industrial Technologies Inc,69fdf06abf1df2fe96926664,"kci289 - Platte Valley Industrial Center 9 {Platte Valley Investment, LLC}",evidenceOfInsurance,Evidence of Insurance,commercialGeneralLiability,Commercial General Liability,evidenceOfInsuranceCommercialGeneralLiabilityWaiverOfSubrogationEndorsement,Waiver of Subrogation,"---prompt---
Determine if the insurer has waived their right of subrogation in favor of the certificate holder under the Commercial General Liability policy. Evidence may include: a checked ""Waiver of Subrogation"" box on the certificate, mention in the Description of Operations section stating ""waiver of subrogation applies"", or reference to form CG 24 04. Look for language like ""subrogation is waived"" or ""per written contract"".",matchOnce,must be present,,Present,compliant,Block Requirements,,,false,1,,2026-08-16
"Block Real Estate Services, LLC",69fdf76e62446148bd857403,69fded0e62446148bd848b83,Applied Industrial Technologies Inc,69fdf06abf1df2fe96926664,"kci289 - Platte Valley Industrial Center 9 {Platte Valley Investment, LLC}",evidenceOfInsurance,Evidence of Insurance,excessOrUmbrellaLiability,Umbrella/Excess Liability,evidenceOfInsuranceExcessOrUmbrellaLiabilityOccurence,Coverage Trigger: Occurrence,,matchOnce,must be present,,Present,compliant,Block Requirements,,,false,1,,2026-08-16
"Block Real Estate Services, LLC",69fdf76e62446148bd857403,69fded0e62446148bd848b83,Applied Industrial Technologies Inc,69fdf06abf1df2fe96926664,"kci289 - Platte Valley Industrial Center 9 {Platte Valley Investment, LLC}",evidenceOfInsurance,Evidence of Insurance,excessOrUmbrellaLiability,Umbrella/Excess Liability,evidenceOfInsuranceExcessOrUmbrellaLiabilityEachOccurrence,Each Occurrence,,matchOnce,must be greater or equal to,1000000,1000000,compliant,Block Requirements,,,false,1,,2026-08-16
"Block Real Estate Services, LLC",69fdf76e62446148bd857403,69fded0e62446148bd848b83,Applied Industrial Technologies Inc,69fdf06abf1df2fe96926664,"kci289 - Platte Valley Industrial Center 9 {Platte Valley Investment, LLC}",evidenceOfInsurance,Evidence of Insurance,excessOrUmbrellaLiability,Umbrella/Excess Liability,evidenceOfInsuranceExcessOrUmbrellaLiabilityAggregate,Aggregate,,matchOnce,must be greater or equal to,1000000,1000000,compliant,Block Requirements,,,false,1,,2026-08-16
"Block Real Estate Services, LLC",69fdf76e62446148bd857403,69fded0e62446148bd848b83,Applied Industrial Technologies Inc,69fdf06abf1df2fe96926664,"kci289 - Platte Valley Industrial Center 9 {Platte Valley Investment, LLC}",evidenceOfInsurance,Evidence of Insurance,workersCompensation,Workers' Compensation and Employer's Liability,evidenceOfInsuranceWorkersCompensationStatutoryLimits,Statutory Limits,,matchOnce,must be present,,Present,compliant,Block Requirements,,,false,1,,2026-08-16
"Block Real Estate Services, LLC",69fdf76e62446148bd857403,69fded0e62446148bd848b83,Applied Industrial Technologies Inc,69fdf06abf1df2fe96926664,"kci289 - Platte Valley Industrial Center 9 {Platte Valley Investment, LLC}",evidenceOfInsurance,Evidence of Insurance,workersCompensation,Workers' Compensation and Employer's Liability,evidenceOfInsuranceWorkersCompensationEmployersLiabilityEachAccident,Employer's Liability Each Accident,,matchOnce,must be greater or equal to,500000,2000000,compliant,Block Requirements,,,false,1,,2026-08-16
"Block Real Estate Services, LLC",69fdf76e62446148bd857403,69fded0e62446148bd848b83,Applied Industrial Technologies Inc,69fdf06abf1df2fe96926664,"kci289 - Platte Valley Industrial Center 9 {Platte Valley Investment, LLC}",evidenceOfInsurance,Evidence of Insurance,workersCompensation,Workers' Compensation and Employer's Liability,evidenceOfInsuranceWorkersCompensationEmployersLiabilityDiseaseEachEmployee,Employer's Liability Disease - each employee,,matchOnce,must be greater or equal to,500000,2000000,compliant,Block Requirements,,,false,1,,2026-08-16
"Block Real Estate Services, LLC",69fdf76e62446148bd857403,69fded0e62446148bd848b83,Applied Industrial Technologies Inc,69fdf06abf1df2fe96926664,"kci289 - Platte Valley Industrial Center 9 {Platte Valley Investment, LLC}",evidenceOfInsurance,Evidence of Insurance,workersCompensation,Workers' Compensation and Employer's Liability,evidenceOfInsuranceWorkersCompensationEmployersLiabilityDiseasePolicyLimit,Employer's Liability Disease - policy limit,,matchOnce,must be greater or equal to,500000,2000000,compliant,Block Requirements,,,false,1,,2026-08-16
"Block Real Estate Services, LLC",69fdf76e62446148bd857403,69fded0e62446148bd848b83,Applied Industrial Technologies Inc,69fdf06abf1df2fe96926664,"kci289 - Platte Valley Industrial Center 9 {Platte Valley Investment, LLC}",evidenceOfInsurance,Evidence of Insurance,workersCompensation,Workers' Compensation and Employer's Liability,evidenceOfInsuranceWorkersCompensationWaiverOfSubrogationEndorsement,Waiver of Subrogation,"---prompt---
Determine if the insurer has waived their right of subrogation in favor of the certificate holder under the Workers' Compensation policy. Evidence may include: a checked ""Waiver of Subrogation"" box on the certificate, mention in the Description of Operations section stating ""waiver of subrogation applies"", or reference to form WC 00 03 13. Look for language like ""subrogation is waived"" or ""per written contract"".",matchOnce,must be present,,Present,compliant,Block Requirements,,,false,1,,2026-08-16
"Block Real Estate Services, LLC",69fdf76e62446148bd857403,69fded0e62446148bd848b83,Applied Industrial Technologies Inc,69fdf06abf1df2fe96926664,"kci289 - Platte Valley Industrial Center 9 {Platte Valley Investment, LLC}",evidenceOfInsurance,Evidence of Insurance,6ac20aae-5728-5d57-b364-aeba38527dba,Additional Requirements,4da5b0f1-4c9d-5885-8cf8-5d3cccaed3e0,"Block Real Estate Services, LLC and all others required by contract are named as Additional Insureds","---prompt---
Determine if the Description of Operations or the Additional Remarks Schedule section states the ""Additional Insured as Construction Management, Inc. and all others required by contract"" or reference to blanket additional insured coverage. Look for language like ""certificate holder is additional insured"" or ""per written contract"".",matchOnce,must be present,,Present,compliant,Block Requirements,,,true,1,,2026-08-16
"Block Real Estate Services, LLC",69fdf76e62446148bd857403,69fded0e62446148bd848b83,Applied Industrial Technologies Inc,69fdf06abf1df2fe96926664,"kci289 - Platte Valley Industrial Center 9 {Platte Valley Investment, LLC}",evidenceOfInsurance,Evidence of Insurance,6ac20aae-5728-5d57-b364-aeba38527dba,Additional Requirements,e1017741-e47e-5f58-97b8-fbc3043e919f,Umbrella follows form over General Liability,"---prompt---
Determine if the Umbrella/Excess Liability policy follows form to the underlying policies. Evidence may include: language in the Description of Operations section stating the umbrella follows form to underlying coverages or an additional page endorsement stating that it follows form. Follow form means the umbrella policy adopts the same terms, conditions, and exclusions as the underlying policies.",matchOnce,must be present,,,non_compliant,Block Requirements,,,true,0,,2026-08-16
"Block Real Estate Services, LLC",69fdf76e62446148bd857403,69fded0e62446148bd848b83,Applied Industrial Technologies Inc,69fdf06abf1df2fe96926664,"kci289 - Platte Valley Industrial Center 9 {Platte Valley Investment, LLC}",evidenceOfInsurance,Evidence of Insurance,6ac20aae-5728-5d57-b364-aeba38527dba,Additional Requirements,2cdd866f-c9a4-576a-afd8-1d045762790c,"The location must be listed as: 232 NW Parkway Drive, Riverside, MO, 64150",,matchOnce,must be present,,Present,compliant,Block Requirements,,,true,1,,2026-08-16
"Block Real Estate Services, LLC",69fdf76e62446148bd857403,69fded0e62446148bd848b83,Applied Industrial Technologies Inc,69fdf06abf1df2fe96926664,"kci289 - Platte Valley Industrial Center 9 {Platte Valley Investment, LLC}",evidenceOfInsurance,Evidence of Insurance,6ac20aae-5728-5d57-b364-aeba38527dba,Additional Requirements,3649e9d1-4e09-59bf-8f30-cb33c40cf117,"Certificate Holder must read: c/o Block Real Estate Services, LLC, 4622 Pennsylvania St., Suite 700, Kansas City, MO, 64112",,matchOnce,must be present,,Present,compliant,Block Requirements,,,true,1,,2026-08-16
"Block Real Estate Services, LLC",69fdf76e62446148bd857405,69fded1562446148bd848dc0,Force America Inc,69fdf06abf1df2fe96926664,"kci289 - Platte Valley Industrial Center 9 {Platte Valley Investment, LLC}",evidenceOfInsurance,Evidence of Insurance,commercialGeneralLiability,Commercial General Liability,evidenceOfInsuranceCommercialGeneralLiabilityCoverageTriggerOccurrence,Coverage Trigger: Occurrence,,matchOnce,must be present,,,non_compliant,Block Requirements,,,false,0,,2026-08-16
"Block Real Estate Services, LLC",69fdf76e62446148bd857405,69fded1562446148bd848dc0,Force America Inc,69fdf06abf1df2fe96926664,"kci289 - Platte Valley Industrial Center 9 {Platte Valley Investment, LLC}",evidenceOfInsurance,Evidence of Insurance,commercialGeneralLiability,Commercial General Liability,evidenceOfInsuranceCommercialGeneralLiabilityGeneralAggregateLimitAppliesPerLocation,General Aggregate Limit Applies per: Location,,matchOnce,must be present,,,non_compliant,Block Requirements,,,false,0,,2026-08-16
"Block Real Estate Services, LLC",69fdf76e62446148bd857405,69fded1562446148bd848dc0,Force America Inc,69fdf06abf1df2fe96926664,"kci289 - Platte Valley Industrial Center 9 {Platte Valley Investment, LLC}",evidenceOfInsurance,Evidence of Insurance,commercialGeneralLiability,Commercial General Liability,evidenceOfInsuranceCommercialGeneralLiabilityEachOccurrence,Each Occurrence,,matchOnce,must be greater or equal to,1000000,,non_compliant,Block Requirements,,,false,0,,2026-08-16
"Block Real Estate Services, LLC",69fdf76e62446148bd857405,69fded1562446148bd848dc0,Force America Inc,69fdf06abf1df2fe96926664,"kci289 - Platte Valley Industrial Center 9 {Platte Valley Investment, LLC}",evidenceOfInsurance,Evidence of Insurance,commercialGeneralLiability,Commercial General Liability,evidenceOfInsuranceCommercialGeneralLiabilityGeneralAggregate,General Aggregate,,matchOnce,must be greater or equal to,2000000,,non_compliant,Block Requirements,,,false,0,,2026-08-16
"Block Real Estate Services, LLC",69fdf76e62446148bd857405,69fded1562446148bd848dc0,Force America Inc,69fdf06abf1df2fe96926664,"kci289 - Platte Valley Industrial Center 9 {Platte Valley Investment, LLC}",evidenceOfInsurance,Evidence of Insurance,commercialGeneralLiability,Commercial General Liability,evidenceOfInsuranceCommercialGeneralLiabilityWaiverOfSubrogationEndorsement,Waiver of Subrogation,"---prompt---
Determine if the insurer has waived their right of subrogation in favor of the certificate holder under the Commercial General Liability policy. Evidence may include: a checked ""Waiver of Subrogation"" box on the certificate, mention in the Description of Operations section stating ""waiver of subrogation applies"", or reference to form CG 24 04. Look for language like ""subrogation is waived"" or ""per written contract"".",matchOnce,must be present,,,non_compliant,Block Requirements,,,false,0,,2026-08-16
"Block Real Estate Services, LLC",69fdf76e62446148bd857405,69fded1562446148bd848dc0,Force America Inc,69fdf06abf1df2fe96926664,"kci289 - Platte Valley Industrial Center 9 {Platte Valley Investment, LLC}",evidenceOfInsurance,Evidence of Insurance,excessOrUmbrellaLiability,Umbrella/Excess Liability,evidenceOfInsuranceExcessOrUmbrellaLiabilityOccurence,Coverage Trigger: Occurrence,,matchOnce,must be present,,,non_compliant,Block Requirements,,,false,0,,2026-08-16
"Block Real Estate Services, LLC",69fdf76e62446148bd857405,69fded1562446148bd848dc0,Force America Inc,69fdf06abf1df2fe96926664,"kci289 - Platte Valley Industrial Center 9 {Platte Valley Investment, LLC}",evidenceOfInsurance,Evidence of Insurance,excessOrUmbrellaLiability,Umbrella/Excess Liability,evidenceOfInsuranceExcessOrUmbrellaLiabilityEachOccurrence,Each Occurrence,,matchOnce,must be greater or equal to,1000000,,non_compliant,Block Requirements,,,false,0,,2026-08-16
"Block Real Estate Services, LLC",69fdf76e62446148bd857405,69fded1562446148bd848dc0,Force America Inc,69fdf06abf1df2fe96926664,"kci289 - Platte Valley Industrial Center 9 {Platte Valley Investment, LLC}",evidenceOfInsurance,Evidence of Insurance,excessOrUmbrellaLiability,Umbrella/Excess Liability,evidenceOfInsuranceExcessOrUmbrellaLiabilityAggregate,Aggregate,,matchOnce,must be greater or equal to,1000000,,non_compliant,Block Requirements,,,false,0,,2026-08-16
"Block Real Estate Services, LLC",69fdf76e62446148bd857405,69fded1562446148bd848dc0,Force America Inc,69fdf06abf1df2fe96926664,"kci289 - Platte Valley Industrial Center 9 {Platte Valley Investment, LLC}",evidenceOfInsurance,Evidence of Insurance,workersCompensation,Workers' Compensation and Employer's Liability,evidenceOfInsuranceWorkersCompensationStatutoryLimits,Statutory Limits,,matchOnce,must be present,,,non_compliant,Block Requirements,,,false,0,,2026-08-16
"Block Real Estate Services, LLC",69fdf76e62446148bd857405,69fded1562446148bd848dc0,Force America Inc,69fdf06abf1df2fe96926664,"kci289 - Platte Valley Industrial Center 9 {Platte Valley Investment, LLC}",evidenceOfInsurance,Evidence of Insurance,workersCompensation,Workers' Compensation and Employer's Liability,evidenceOfInsuranceWorkersCompensationEmployersLiabilityEachAccident,Employer's Liability Each Accident,,matchOnce,must be greater or equal to,500000,,non_compliant,Block Requirements,,,false,0,,2026-08-16
"Block Real Estate Services, LLC",69fdf76e62446148bd857405,69fded1562446148bd848dc0,Force America Inc,69fdf06abf1df2fe96926664,"kci289 - Platte Valley Industrial Center 9 {Platte Valley Investment, LLC}",evidenceOfInsurance,Evidence of Insurance,workersCompensation,Workers' Compensation and Employer's Liability,evidenceOfInsuranceWorkersCompensationEmployersLiabilityDiseaseEachEmployee,Employer's Liability Disease - each employee,,matchOnce,must be greater or equal to,500000,,non_compliant,Block Requirements,,,false,0,,2026-08-16
"Block Real Estate Services, LLC",69fdf76e62446148bd857405,69fded1562446148bd848dc0,Force America Inc,69fdf06abf1df2fe96926664,"kci289 - Platte Valley Industrial Center 9 {Platte Valley Investment, LLC}",evidenceOfInsurance,Evidence of Insurance,workersCompensation,Workers' Compensation and Employer's Liability,evidenceOfInsuranceWorkersCompensationEmployersLiabilityDiseasePolicyLimit,Employer's Liability Disease - policy limit,,matchOnce,must be greater or equal to,500000,,non_compliant,Block Requirements,,,false,0,,2026-08-16
"Block Real Estate Services, LLC",69fdf76e62446148bd857405,69fded1562446148bd848dc0,Force America Inc,69fdf06abf1df2fe96926664,"kci289 - Platte Valley Industrial Center 9 {Platte Valley Investment, LLC}",evidenceOfInsurance,Evidence of Insurance,workersCompensation,Workers' Compensation and Employer's Liability,evidenceOfInsuranceWorkersCompensationWaiverOfSubrogationEndorsement,Waiver of Subrogation,"---prompt---
Determine if the insurer has waived their right of subrogation in favor of the certificate holder under the Workers' Compensation policy. Evidence may include: a checked ""Waiver of Subrogation"" box on the certificate, mention in the Description of Operations section stating ""waiver of subrogation applies"", or reference to form WC 00 03 13. Look for language like ""subrogation is waived"" or ""per written contract"".",matchOnce,must be present,,,non_compliant,Block Requirements,,,false,0,,2026-08-16
"Block Real Estate Services, LLC",69fdf76e62446148bd857405,69fded1562446148bd848dc0,Force America Inc,69fdf06abf1df2fe96926664,"kci289 - Platte Valley Industrial Center 9 {Platte Valley Investment, LLC}",evidenceOfInsurance,Evidence of Insurance,6ac20aae-5728-5d57-b364-aeba38527dba,Additional Requirements,4da5b0f1-4c9d-5885-8cf8-5d3cccaed3e0,"Block Real Estate Services, LLC and all others required by contract are named as Additional Insureds","---prompt---
Determine if the Description of Operations or the Additional Remarks Schedule section states the ""Additional Insured as Construction Management, Inc. and all others required by contract"" or reference to blanket additional insured coverage. Look for language like ""certificate holder is additional insured"" or ""per written contract"".",matchOnce,must be present,,,non_compliant,Block Requirements,,,true,0,,2026-08-16
"Block Real Estate Services, LLC",69fdf76e62446148bd857405,69fded1562446148bd848dc0,Force America Inc,69fdf06abf1df2fe96926664,"kci289 - Platte Valley Industrial Center 9 {Platte Valley Investment, LLC}",evidenceOfInsurance,Evidence of Insurance,6ac20aae-5728-5d57-b364-aeba38527dba,Additional Requirements,e1017741-e47e-5f58-97b8-fbc3043e919f,Umbrella follows form over General Liability,"---prompt---
Determine if the Umbrella/Excess Liability policy follows form to the underlying policies. Evidence may include: language in the Description of Operations section stating the umbrella follows form to underlying coverages or an additional page endorsement stating that it follows form. Follow form means the umbrella policy adopts the same terms, conditions, and exclusions as the underlying policies.",matchOnce,must be present,,,non_compliant,Block Requirements,,,true,0,,2026-08-16
"Block Real Estate Services, LLC",69fdf76e62446148bd857405,69fded1562446148bd848dc0,Force America Inc,69fdf06abf1df2fe96926664,"kci289 - Platte Valley Industrial Center 9 {Platte Valley Investment, LLC}",evidenceOfInsurance,Evidence of Insurance,6ac20aae-5728-5d57-b364-aeba38527dba,Additional Requirements,2cdd866f-c9a4-576a-afd8-1d045762790c,"The location must be listed as: 216 NW Parkway Drive, Riverside, MO, 64150",,matchOnce,must be present,,,non_compliant,Block Requirements,,,true,0,,2026-08-16
"Block Real Estate Services, LLC",69fdf76e62446148bd857405,69fded1562446148bd848dc0,Force America Inc,69fdf06abf1df2fe96926664,"kci289 - Platte Valley Industrial Center 9 {Platte Valley Investment, LLC}",evidenceOfInsurance,Evidence of Insurance,6ac20aae-5728-5d57-b364-aeba38527dba,Additional Requirements,3649e9d1-4e09-59bf-8f30-cb33c40cf117,"Certificate Holder must read: c/o Block Real Estate Services, LLC, 4622 Pennsylvania St., Suite 700, Kansas City, MO, 64112",,matchOnce,must be present,,,non_compliant,Block Requirements,,,true,0,,2026-08-16
"Block Real Estate Services, LLC",69fdf76e62446148bd857402,69fded0c62446148bd848b2c,Advanced Turf Solutions Inc,69fdf06abf1df2fe96926664,"kci289 - Platte Valley Industrial Center 9 {Platte Valley Investment, LLC}",evidenceOfInsurance,Evidence of Insurance,commercialGeneralLiability,Commercial General Liability,evidenceOfInsuranceCommercialGeneralLiabilityCoverageTriggerOccurrence,Coverage Trigger: Occurrence,,matchOnce,must be present,,Present,compliant,Block Requirements,,,false,1,,2026-08-16
"Block Real Estate Services, LLC",69fdf76e62446148bd857402,69fded0c62446148bd848b2c,Advanced Turf Solutions Inc,69fdf06abf1df2fe96926664,"kci289 - Platte Valley Industrial Center 9 {Platte Valley Investment, LLC}",evidenceOfInsurance,Evidence of Insurance,commercialGeneralLiability,Commercial General Liability,evidenceOfInsuranceCommercialGeneralLiabilityGeneralAggregateLimitAppliesPerLocation,General Aggregate Limit Applies per: Location,,matchOnce,must be present,,Present,compliant,Block Requirements,,,false,1,,2026-08-16
"Block Real Estate Services, LLC",69fdf76e62446148bd857402,69fded0c62446148bd848b2c,Advanced Turf Solutions Inc,69fdf06abf1df2fe96926664,"kci289 - Platte Valley Industrial Center 9 {Platte Valley Investment, LLC}",evidenceOfInsurance,Evidence of Insurance,commercialGeneralLiability,Commercial General Liability,evidenceOfInsuranceCommercialGeneralLiabilityEachOccurrence,Each Occurrence,,matchOnce,must be greater or equal to,1000000,1000000,compliant,Block Requirements,,,false,1,,2026-08-16
"Block Real Estate Services, LLC",69fdf76e62446148bd857402,69fded0c62446148bd848b2c,Advanced Turf Solutions Inc,69fdf06abf1df2fe96926664,"kci289 - Platte Valley Industrial Center 9 {Platte Valley Investment, LLC}",evidenceOfInsurance,Evidence of Insurance,commercialGeneralLiability,Commercial General Liability,evidenceOfInsuranceCommercialGeneralLiabilityGeneralAggregate,General Aggregate,,matchOnce,must be greater or equal to,2000000,2000000,compliant,Block Requirements,,,false,1,,2026-08-16
"Block Real Estate Services, LLC",69fdf76e62446148bd857402,69fded0c62446148bd848b2c,Advanced Turf Solutions Inc,69fdf06abf1df2fe96926664,"kci289 - Platte Valley Industrial Center 9 {Platte Valley Investment, LLC}",evidenceOfInsurance,Evidence of Insurance,commercialGeneralLiability,Commercial General Liability,evidenceOfInsuranceCommercialGeneralLiabilityWaiverOfSubrogationEndorsement,Waiver of Subrogation,"---prompt---
Determine if the insurer has waived their right of subrogation in favor of the certificate holder under the Commercial General Liability policy. Evidence may include: a checked ""Waiver of Subrogation"" box on the certificate, mention in the Description of Operations section stating ""waiver of subrogation applies"", or reference to form CG 24 04. Look for language like ""subrogation is waived"" or ""per written contract"".",matchOnce,must be present,,Present,compliant,Block Requirements,,,false,1,,2026-08-16
"Block Real Estate Services, LLC",69fdf76e62446148bd857402,69fded0c62446148bd848b2c,Advanced Turf Solutions Inc,69fdf06abf1df2fe96926664,"kci289 - Platte Valley Industrial Center 9 {Platte Valley Investment, LLC}",evidenceOfInsurance,Evidence of Insurance,excessOrUmbrellaLiability,Umbrella/Excess Liability,evidenceOfInsuranceExcessOrUmbrellaLiabilityOccurence,Coverage Trigger: Occurrence,,matchOnce,must be present,,Present,compliant,Block Requirements,,,false,1,,2026-08-16
"Block Real Estate Services, LLC",69fdf76e62446148bd857402,69fded0c62446148bd848b2c,Advanced Turf Solutions Inc,69fdf06abf1df2fe96926664,"kci289 - Platte Valley Industrial Center 9 {Platte Valley Investment, LLC}",evidenceOfInsurance,Evidence of Insurance,excessOrUmbrellaLiability,Umbrella/Excess Liability,evidenceOfInsuranceExcessOrUmbrellaLiabilityEachOccurrence,Each Occurrence,,matchOnce,must be greater or equal to,1000000,5000000,compliant,Block Requirements,,,false,1,,2026-08-16
"Block Real Estate Services, LLC",69fdf76e62446148bd857402,69fded0c62446148bd848b2c,Advanced Turf Solutions Inc,69fdf06abf1df2fe96926664,"kci289 - Platte Valley Industrial Center 9 {Platte Valley Investment, LLC}",evidenceOfInsurance,Evidence of Insurance,excessOrUmbrellaLiability,Umbrella/Excess Liability,evidenceOfInsuranceExcessOrUmbrellaLiabilityAggregate,Aggregate,,matchOnce,must be greater or equal to,1000000,5000000,compliant,Block Requirements,,,false,1,,2026-08-16
"Block Real Estate Services, LLC",69fdf76e62446148bd857402,69fded0c62446148bd848b2c,Advanced Turf Solutions Inc,69fdf06abf1df2fe96926664,"kci289 - Platte Valley Industrial Center 9 {Platte Valley Investment, LLC}",evidenceOfInsurance,Evidence of Insurance,workersCompensation,Workers' Compensation and Employer's Liability,evidenceOfInsuranceWorkersCompensationStatutoryLimits,Statutory Limits,,matchOnce,must be present,,Present,compliant,Block Requirements,,,false,1,,2026-08-16
"Block Real Estate Services, LLC",69fdf76e62446148bd857402,69fded0c62446148bd848b2c,Advanced Turf Solutions Inc,69fdf06abf1df2fe96926664,"kci289 - Platte Valley Industrial Center 9 {Platte Valley Investment, LLC}",evidenceOfInsurance,Evidence of Insurance,workersCompensation,Workers' Compensation and Employer's Liability,evidenceOfInsuranceWorkersCompensationEmployersLiabilityEachAccident,Employer's Liability Each Accident,,matchOnce,must be greater or equal to,500000,1000000,compliant,Block Requirements,,,false,1,,2026-08-16
"Block Real Estate Services, LLC",69fdf76e62446148bd857402,69fded0c62446148bd848b2c,Advanced Turf Solutions Inc,69fdf06abf1df2fe96926664,"kci289 - Platte Valley Industrial Center 9 {Platte Valley Investment, LLC}",evidenceOfInsurance,Evidence of Insurance,workersCompensation,Workers' Compensation and Employer's Liability,evidenceOfInsuranceWorkersCompensationEmployersLiabilityDiseaseEachEmployee,Employer's Liability Disease - each employee,,matchOnce,must be greater or equal to,500000,1000000,compliant,Block Requirements,,,false,1,,2026-08-16
"Block Real Estate Services, LLC",69fdf76e62446148bd857402,69fded0c62446148bd848b2c,Advanced Turf Solutions Inc,69fdf06abf1df2fe96926664,"kci289 - Platte Valley Industrial Center 9 {Platte Valley Investment, LLC}",evidenceOfInsurance,Evidence of Insurance,workersCompensation,Workers' Compensation and Employer's Liability,evidenceOfInsuranceWorkersCompensationEmployersLiabilityDiseasePolicyLimit,Employer's Liability Disease - policy limit,,matchOnce,must be greater or equal to,500000,1000000,compliant,Block Requirements,,,false,1,,2026-08-16
"Block Real Estate Services, LLC",69fdf76e62446148bd857402,69fded0c62446148bd848b2c,Advanced Turf Solutions Inc,69fdf06abf1df2fe96926664,"kci289 - Platte Valley Industrial Center 9 {Platte Valley Investment, LLC}",evidenceOfInsurance,Evidence of Insurance,workersCompensation,Workers' Compensation and Employer's Liability,evidenceOfInsuranceWorkersCompensationWaiverOfSubrogationEndorsement,Waiver of Subrogation,"---prompt---
Determine if the insurer has waived their right of subrogation in favor of the certificate holder under the Workers' Compensation policy. Evidence may include: a checked ""Waiver of Subrogation"" box on the certificate, mention in the Description of Operations section stating ""waiver of subrogation applies"", or reference to form WC 00 03 13. Look for language like ""subrogation is waived"" or ""per written contract"".",matchOnce,must be present,,Present,compliant,Block Requirements,,,false,1,,2026-08-16
"Block Real Estate Services, LLC",69fdf76e62446148bd857402,69fded0c62446148bd848b2c,Advanced Turf Solutions Inc,69fdf06abf1df2fe96926664,"kci289 - Platte Valley Industrial Center 9 {Platte Valley Investment, LLC}",evidenceOfInsurance,Evidence of Insurance,6ac20aae-5728-5d57-b364-aeba38527dba,Additional Requirements,4da5b0f1-4c9d-5885-8cf8-5d3cccaed3e0,"Block Real Estate Services, LLC and all others required by contract are named as Additional Insureds","---prompt---
Determine if the Description of Operations or the Additional Remarks Schedule section states the ""Additional Insured as Construction Management, Inc. and all others required by contract"" or reference to blanket additional insured coverage. Look for language like ""certificate holder is additional insured"" or ""per written contract"".",matchOnce,must be present,,Present,compliant,Block Requirements,,,true,1,,2026-08-16
"Block Real Estate Services, LLC",69fdf76e62446148bd857402,69fded0c62446148bd848b2c,Advanced Turf Solutions Inc,69fdf06abf1df2fe96926664,"kci289 - Platte Valley Industrial Center 9 {Platte Valley Investment, LLC}",evidenceOfInsurance,Evidence of Insurance,6ac20aae-5728-5d57-b364-aeba38527dba,Additional Requirements,e1017741-e47e-5f58-97b8-fbc3043e919f,Umbrella follows form over General Liability,"---prompt---
Determine if the Umbrella/Excess Liability policy follows form to the underlying policies. Evidence may include: language in the Description of Operations section stating the umbrella follows form to underlying coverages or an additional page endorsement stating that it follows form. Follow form means the umbrella policy adopts the same terms, conditions, and exclusions as the underlying policies.",matchOnce,must be present,,Present,compliant,Block Requirements,,,true,1,,2026-08-16
"Block Real Estate Services, LLC",69fdf76e62446148bd857402,69fded0c62446148bd848b2c,Advanced Turf Solutions Inc,69fdf06abf1df2fe96926664,"kci289 - Platte Valley Industrial Center 9 {Platte Valley Investment, LLC}",evidenceOfInsurance,Evidence of Insurance,6ac20aae-5728-5d57-b364-aeba38527dba,Additional Requirements,2cdd866f-c9a4-576a-afd8-1d045762790c,"The location must be listed as: 224 NW Parkway Drive, Riverside, MO, 64150",,matchOnce,must be present,,Present,compliant,Block Requirements,,,true,1,,2026-08-16
"Block Real Estate Services, LLC",69fdf76e62446148bd857402,69fded0c62446148bd848b2c,Advanced Turf Solutions Inc,69fdf06abf1df2fe96926664,"kci289 - Platte Valley Industrial Center 9 {Platte Valley Investment, LLC}",evidenceOfInsurance,Evidence of Insurance,6ac20aae-5728-5d57-b364-aeba38527dba,Additional Requirements,3649e9d1-4e09-59bf-8f30-cb33c40cf117,"Certificate Holder must read: c/o Block Real Estate Services, LLC, 4622 Pennsylvania St., Suite 700, Kansas City, MO, 64112",,matchOnce,must be present,,Present,compliant,Block Requirements,,,true,1,,2026-08-16
"Block Real Estate Services, LLC",69fdf76e62446148bd857404,69fded1162446148bd848c7f,CJ Industries LLC,69fdf06abf1df2fe96926664,"kci289 - Platte Valley Industrial Center 9 {Platte Valley Investment, LLC}",evidenceOfInsurance,Evidence of Insurance,commercialGeneralLiability,Commercial General Liability,evidenceOfInsuranceCommercialGeneralLiabilityCoverageTriggerOccurrence,Coverage Trigger: Occurrence,,matchOnce,must be present,,Present,compliant,Block Requirements,,,false,1,,2026-08-16
"Block Real Estate Services, LLC",69fdf76e62446148bd857404,69fded1162446148bd848c7f,CJ Industries LLC,69fdf06abf1df2fe96926664,"kci289 - Platte Valley Industrial Center 9 {Platte Valley Investment, LLC}",evidenceOfInsurance,Evidence of Insurance,commercialGeneralLiability,Commercial General Liability,evidenceOfInsuranceCommercialGeneralLiabilityGeneralAggregateLimitAppliesPerLocation,General Aggregate Limit Applies per: Location,,matchOnce,must be present,,Present,compliant,Block Requirements,,,false,1,,2026-08-16
"Block Real Estate Services, LLC",69fdf76e62446148bd857404,69fded1162446148bd848c7f,CJ Industries LLC,69fdf06abf1df2fe96926664,"kci289 - Platte Valley Industrial Center 9 {Platte Valley Investment, LLC}",evidenceOfInsurance,Evidence of Insurance,commercialGeneralLiability,Commercial General Liability,evidenceOfInsuranceCommercialGeneralLiabilityEachOccurrence,Each Occurrence,,matchOnce,must be greater or equal to,1000000,1000000,compliant,Block Requirements,,,false,1,,2026-08-16
"Block Real Estate Services, LLC",69fdf76e62446148bd857404,69fded1162446148bd848c7f,CJ Industries LLC,69fdf06abf1df2fe96926664,"kci289 - Platte Valley Industrial Center 9 {Platte Valley Investment, LLC}",evidenceOfInsurance,Evidence of Insurance,commercialGeneralLiability,Commercial General Liability,evidenceOfInsuranceCommercialGeneralLiabilityGeneralAggregate,General Aggregate,,matchOnce,must be greater or equal to,2000000,2000000,compliant,Block Requirements,,,false,1,,2026-08-16
"Block Real Estate Services, LLC",69fdf76e62446148bd857404,69fded1162446148bd848c7f,CJ Industries LLC,69fdf06abf1df2fe96926664,"kci289 - Platte Valley Industrial Center 9 {Platte Valley Investment, LLC}",evidenceOfInsurance,Evidence of Insurance,commercialGeneralLiability,Commercial General Liability,evidenceOfInsuranceCommercialGeneralLiabilityWaiverOfSubrogationEndorsement,Waiver of Subrogation,"---prompt---
Determine if the insurer has waived their right of subrogation in favor of the certificate holder under the Commercial General Liability policy. Evidence may include: a checked ""Waiver of Subrogation"" box on the certificate, mention in the Description of Operations section stating ""waiver of subrogation applies"", or reference to form CG 24 04. Look for language like ""subrogation is waived"" or ""per written contract"".",matchOnce,must be present,,Present,compliant,Block Requirements,,,false,1,,2026-08-16
"Block Real Estate Services, LLC",69fdf76e62446148bd857404,69fded1162446148bd848c7f,CJ Industries LLC,69fdf06abf1df2fe96926664,"kci289 - Platte Valley Industrial Center 9 {Platte Valley Investment, LLC}",evidenceOfInsurance,Evidence of Insurance,excessOrUmbrellaLiability,Umbrella/Excess Liability,evidenceOfInsuranceExcessOrUmbrellaLiabilityOccurence,Coverage Trigger: Occurrence,,matchOnce,must be present,,Present,compliant,Block Requirements,,,false,1,,2026-08-16
"Block Real Estate Services, LLC",69fdf76e62446148bd857404,69fded1162446148bd848c7f,CJ Industries LLC,69fdf06abf1df2fe96926664,"kci289 - Platte Valley Industrial Center 9 {Platte Valley Investment, LLC}",evidenceOfInsurance,Evidence of Insurance,excessOrUmbrellaLiability,Umbrella/Excess Liability,evidenceOfInsuranceExcessOrUmbrellaLiabilityEachOccurrence,Each Occurrence,,matchOnce,must be greater or equal to,1000000,9000000,compliant,Block Requirements,,,false,1,,2026-08-16
"Block Real Estate Services, LLC",69fdf76e62446148bd857404,69fded1162446148bd848c7f,CJ Industries LLC,69fdf06abf1df2fe96926664,"kci289 - Platte Valley Industrial Center 9 {Platte Valley Investment, LLC}",evidenceOfInsurance,Evidence of Insurance,excessOrUmbrellaLiability,Umbrella/Excess Liability,evidenceOfInsuranceExcessOrUmbrellaLiabilityAggregate,Aggregate,,matchOnce,must be greater or equal to,1000000,9000000,compliant,Block Requirements,,,false,1,,2026-08-16
"Block Real Estate Services, LLC",69fdf76e62446148bd857404,69fded1162446148bd848c7f,CJ Industries LLC,69fdf06abf1df2fe96926664,"kci289 - Platte Valley Industrial Center 9 {Platte Valley Investment, LLC}",evidenceOfInsurance,Evidence of Insurance,workersCompensation,Workers' Compensation and Employer's Liability,evidenceOfInsuranceWorkersCompensationStatutoryLimits,Statutory Limits,,matchOnce,must be present,,Present,compliant,Block Requirements,,,false,1,,2026-08-16
"Block Real Estate Services, LLC",69fdf76e62446148bd857404,69fded1162446148bd848c7f,CJ Industries LLC,69fdf06abf1df2fe96926664,"kci289 - Platte Valley Industrial Center 9 {Platte Valley Investment, LLC}",evidenceOfInsurance,Evidence of Insurance,workersCompensation,Workers' Compensation and Employer's Liability,evidenceOfInsuranceWorkersCompensationEmployersLiabilityEachAccident,Employer's Liability Each Accident,,matchOnce,must be greater or equal to,500000,1000000,compliant,Block Requirements,,,false,1,,2026-08-16
"Block Real Estate Services, LLC",69fdf76e62446148bd857404,69fded1162446148bd848c7f,CJ Industries LLC,69fdf06abf1df2fe96926664,"kci289 - Platte Valley Industrial Center 9 {Platte Valley Investment, LLC}",evidenceOfInsurance,Evidence of Insurance,workersCompensation,Workers' Compensation and Employer's Liability,evidenceOfInsuranceWorkersCompensationEmployersLiabilityDiseaseEachEmployee,Employer's Liability Disease - each employee,,matchOnce,must be greater or equal to,500000,1000000,compliant,Block Requirements,,,false,1,,2026-08-16
"Block Real Estate Services, LLC",69fdf76e62446148bd857404,69fded1162446148bd848c7f,CJ Industries LLC,69fdf06abf1df2fe96926664,"kci289 - Platte Valley Industrial Center 9 {Platte Valley Investment, LLC}",evidenceOfInsurance,Evidence of Insurance,workersCompensation,Workers' Compensation and Employer's Liability,evidenceOfInsuranceWorkersCompensationEmployersLiabilityDiseasePolicyLimit,Employer's Liability Disease - policy limit,,matchOnce,must be greater or equal to,500000,1000000,compliant,Block Requirements,,,false,1,,2026-08-16
"Block Real Estate Services, LLC",69fdf76e62446148bd857404,69fded1162446148bd848c7f,CJ Industries LLC,69fdf06abf1df2fe96926664,"kci289 - Platte Valley Industrial Center 9 {Platte Valley Investment, LLC}",evidenceOfInsurance,Evidence of Insurance,workersCompensation,Workers' Compensation and Employer's Liability,evidenceOfInsuranceWorkersCompensationWaiverOfSubrogationEndorsement,Waiver of Subrogation,"---prompt---
Determine if the insurer has waived their right of subrogation in favor of the certificate holder under the Workers' Compensation policy. Evidence may include: a checked ""Waiver of Subrogation"" box on the certificate, mention in the Description of Operations section stating ""waiver of subrogation applies"", or reference to form WC 00 03 13. Look for language like ""subrogation is waived"" or ""per written contract"".",matchOnce,must be present,,Present,compliant,Block Requirements,,,false,1,,2026-08-16
"Block Real Estate Services, LLC",69fdf76e62446148bd857404,69fded1162446148bd848c7f,CJ Industries LLC,69fdf06abf1df2fe96926664,"kci289 - Platte Valley Industrial Center 9 {Platte Valley Investment, LLC}",evidenceOfInsurance,Evidence of Insurance,6ac20aae-5728-5d57-b364-aeba38527dba,Additional Requirements,4da5b0f1-4c9d-5885-8cf8-5d3cccaed3e0,"Block Real Estate Services, LLC and all others required by contract are named as Additional Insureds","---prompt---
Determine if the Description of Operations or the Additional Remarks Schedule section states the ""Additional Insured as Construction Management, Inc. and all others required by contract"" or reference to blanket additional insured coverage. Look for language like ""certificate holder is additional insured"" or ""per written contract"".",matchOnce,must be present,,Present,compliant,Block Requirements,,,true,1,,2026-08-16
"Block Real Estate Services, LLC",69fdf76e62446148bd857404,69fded1162446148bd848c7f,CJ Industries LLC,69fdf06abf1df2fe96926664,"kci289 - Platte Valley Industrial Center 9 {Platte Valley Investment, LLC}",evidenceOfInsurance,Evidence of Insurance,6ac20aae-5728-5d57-b364-aeba38527dba,Additional Requirements,e1017741-e47e-5f58-97b8-fbc3043e919f,Umbrella follows form over General Liability,"---prompt---
Determine if the Umbrella/Excess Liability policy follows form to the underlying policies. Evidence may include: language in the Description of Operations section stating the umbrella follows form to underlying coverages or an additional page endorsement stating that it follows form. Follow form means the umbrella policy adopts the same terms, conditions, and exclusions as the underlying policies.",matchOnce,must be present,,Present,compliant,Block Requirements,,,true,1,,2026-08-16
"Block Real Estate Services, LLC",69fdf76e62446148bd857404,69fded1162446148bd848c7f,CJ Industries LLC,69fdf06abf1df2fe96926664,"kci289 - Platte Valley Industrial Center 9 {Platte Valley Investment, LLC}",evidenceOfInsurance,Evidence of Insurance,6ac20aae-5728-5d57-b364-aeba38527dba,Additional Requirements,2cdd866f-c9a4-576a-afd8-1d045762790c,"The location must be listed as: 200 NW Parkway Drive, Riverside, MO, 64150",,matchOnce,must be present,,Present,compliant,Block Requirements,,,true,1,,2026-08-16
"Block Real Estate Services, LLC",69fdf76e62446148bd857404,69fded1162446148bd848c7f,CJ Industries LLC,69fdf06abf1df2fe96926664,"kci289 - Platte Valley Industrial Center 9 {Platte Valley Investment, LLC}",evidenceOfInsurance,Evidence of Insurance,6ac20aae-5728-5d57-b364-aeba38527dba,Additional Requirements,3649e9d1-4e09-59bf-8f30-cb33c40cf117,"Certificate Holder must read: c/o Block Real Estate Services, LLC, 4622 Pennsylvania St., Suite 700, Kansas City, MO, 64112",,matchOnce,must be present,,Present,compliant,Block Requirements,,,true,1,,2026-08-16
"Block Real Estate Services, LLC",69fdf7a362446148bd85b070,69fded0c62446148bd848b2f,"Daymon / Advantage Sales & Marketing, LLC",69fdf1b002bb2c42a87a7dd3,"wes705 - Westbrook I {Westbrook I-II KC Partners, LLC}",evidenceOfInsurance,Evidence of Insurance,commercialGeneralLiability,Commercial General Liability,evidenceOfInsuranceCommercialGeneralLiabilityCoverageTriggerOccurrence,Coverage Trigger: Occurrence,,matchOnce,must be present,,,non_compliant,Block Requirements,,,false,0,,2026-08-16
"Block Real Estate Services, LLC",69fdf7a362446148bd85b070,69fded0c62446148bd848b2f,"Daymon / Advantage Sales & Marketing, LLC",69fdf1b002bb2c42a87a7dd3,"wes705 - Westbrook I {Westbrook I-II KC Partners, LLC}",evidenceOfInsurance,Evidence of Insurance,commercialGeneralLiability,Commercial General Liability,evidenceOfInsuranceCommercialGeneralLiabilityGeneralAggregateLimitAppliesPerLocation,General Aggregate Limit Applies per: Location,,matchOnce,must be present,,,non_compliant,Block Requirements,,,false,0,,2026-08-16
"Block Real Estate Services, LLC",69fdf7a362446148bd85b070,69fded0c62446148bd848b2f,"Daymon / Advantage Sales & Marketing, LLC",69fdf1b002bb2c42a87a7dd3,"wes705 - Westbrook I {Westbrook I-II KC Partners, LLC}",evidenceOfInsurance,Evidence of Insurance,commercialGeneralLiability,Commercial General Liability,evidenceOfInsuranceCommercialGeneralLiabilityEachOccurrence,Each Occurrence,,matchOnce,must be greater or equal to,1000000,,non_compliant,Block Requirements,,,false,0,,2026-08-16
"Block Real Estate Services, LLC",69fdf7a362446148bd85b070,69fded0c62446148bd848b2f,"Daymon / Advantage Sales & Marketing, LLC",69fdf1b002bb2c42a87a7dd3,"wes705 - Westbrook I {Westbrook I-II KC Partners, LLC}",evidenceOfInsurance,Evidence of Insurance,commercialGeneralLiability,Commercial General Liability,evidenceOfInsuranceCommercialGeneralLiabilityGeneralAggregate,General Aggregate,,matchOnce,must be greater or equal to,2000000,,non_compliant,Block Requirements,,,false,0,,2026-08-16
"Block Real Estate Services, LLC",69fdf7a362446148bd85b070,69fded0c62446148bd848b2f,"Daymon / Advantage Sales & Marketing, LLC",69fdf1b002bb2c42a87a7dd3,"wes705 - Westbrook I {Westbrook I-II KC Partners, LLC}",evidenceOfInsurance,Evidence of Insurance,commercialGeneralLiability,Commercial General Liability,evidenceOfInsuranceCommercialGeneralLiabilityWaiverOfSubrogationEndorsement,Waiver of Subrogation,"---prompt---
Determine if the insurer has waived their right of subrogation in favor of the certificate holder under the Commercial General Liability policy. Evidence may include: a checked ""Waiver of Subrogation"" box on the certificate, mention in the Description of Operations section stating ""waiver of subrogation applies"", or reference to form CG 24 04. Look for language like ""subrogation is waived"" or ""per written contract"".",matchOnce,must be present,,,non_compliant,Block Requirements,,,false,0,,2026-08-16
"Block Real Estate Services, LLC",69fdf7a362446148bd85b070,69fded0c62446148bd848b2f,"Daymon / Advantage Sales & Marketing, LLC",69fdf1b002bb2c42a87a7dd3,"wes705 - Westbrook I {Westbrook I-II KC Partners, LLC}",evidenceOfInsurance,Evidence of Insurance,excessOrUmbrellaLiability,Umbrella/Excess Liability,evidenceOfInsuranceExcessOrUmbrellaLiabilityOccurence,Coverage Trigger: Occurrence,,matchOnce,must be present,,,non_compliant,Block Requirements,,,false,0,,2026-08-16
"Block Real Estate Services, LLC",69fdf7a362446148bd85b070,69fded0c62446148bd848b2f,"Daymon / Advantage Sales & Marketing, LLC",69fdf1b002bb2c42a87a7dd3,"wes705 - Westbrook I {Westbrook I-II KC Partners, LLC}",evidenceOfInsurance,Evidence of Insurance,excessOrUmbrellaLiability,Umbrella/Excess Liability,evidenceOfInsuranceExcessOrUmbrellaLiabilityEachOccurrence,Each Occurrence,,matchOnce,must be greater or equal to,1000000,,non_compliant,Block Requirements,,,false,0,,2026-08-16
"Block Real Estate Services, LLC",69fdf7a362446148bd85b070,69fded0c62446148bd848b2f,"Daymon / Advantage Sales & Marketing, LLC",69fdf1b002bb2c42a87a7dd3,"wes705 - Westbrook I {Westbrook I-II KC Partners, LLC}",evidenceOfInsurance,Evidence of Insurance,excessOrUmbrellaLiability,Umbrella/Excess Liability,evidenceOfInsuranceExcessOrUmbrellaLiabilityAggregate,Aggregate,,matchOnce,must be greater or equal to,1000000,,non_compliant,Block Requirements,,,false,0,,2026-08-16
"Block Real Estate Services, LLC",69fdf7a362446148bd85b070,69fded0c62446148bd848b2f,"Daymon / Advantage Sales & Marketing, LLC",69fdf1b002bb2c42a87a7dd3,"wes705 - Westbrook I {Westbrook I-II KC Partners, LLC}",evidenceOfInsurance,Evidence of Insurance,workersCompensation,Workers' Compensation and Employer's Liability,evidenceOfInsuranceWorkersCompensationStatutoryLimits,Statutory Limits,,matchOnce,must be present,,,non_compliant,Block Requirements,,,false,0,,2026-08-16
"Block Real Estate Services, LLC",69fdf7a362446148bd85b070,69fded0c62446148bd848b2f,"Daymon / Advantage Sales & Marketing, LLC",69fdf1b002bb2c42a87a7dd3,"wes705 - Westbrook I {Westbrook I-II KC Partners, LLC}",evidenceOfInsurance,Evidence of Insurance,workersCompensation,Workers' Compensation and Employer's Liability,evidenceOfInsuranceWorkersCompensationEmployersLiabilityEachAccident,Employer's Liability Each Accident,,matchOnce,must be greater or equal to,500000,,non_compliant,Block Requirements,,,false,0,,2026-08-16
"Block Real Estate Services, LLC",69fdf7a362446148bd85b070,69fded0c62446148bd848b2f,"Daymon / Advantage Sales & Marketing, LLC",69fdf1b002bb2c42a87a7dd3,"wes705 - Westbrook I {Westbrook I-II KC Partners, LLC}",evidenceOfInsurance,Evidence of Insurance,workersCompensation,Workers' Compensation and Employer's Liability,evidenceOfInsuranceWorkersCompensationEmployersLiabilityDiseaseEachEmployee,Employer's Liability Disease - each employee,,matchOnce,must be greater or equal to,500000,,non_compliant,Block Requirements,,,false,0,,2026-08-16
"Block Real Estate Services, LLC",69fdf7a362446148bd85b070,69fded0c62446148bd848b2f,"Daymon / Advantage Sales & Marketing, LLC",69fdf1b002bb2c42a87a7dd3,"wes705 - Westbrook I {Westbrook I-II KC Partners, LLC}",evidenceOfInsurance,Evidence of Insurance,workersCompensation,Workers' Compensation and Employer's Liability,evidenceOfInsuranceWorkersCompensationEmployersLiabilityDiseasePolicyLimit,Employer's Liability Disease - policy limit,,matchOnce,must be greater or equal to,500000,,non_compliant,Block Requirements,,,false,0,,2026-08-16
"Block Real Estate Services, LLC",69fdf7a362446148bd85b070,69fded0c62446148bd848b2f,"Daymon / Advantage Sales & Marketing, LLC",69fdf1b002bb2c42a87a7dd3,"wes705 - Westbrook I {Westbrook I-II KC Partners, LLC}",evidenceOfInsurance,Evidence of Insurance,workersCompensation,Workers' Compensation and Employer's Liability,evidenceOfInsuranceWorkersCompensationWaiverOfSubrogationEndorsement,Waiver of Subrogation,"---prompt---
Determine if the insurer has waived their right of subrogation in favor of the certificate holder under the Workers' Compensation policy. Evidence may include: a checked ""Waiver of Subrogation"" box on the certificate, mention in the Description of Operations section stating ""waiver of subrogation applies"", or reference to form WC 00 03 13. Look for language like ""subrogation is waived"" or ""per written contract"".",matchOnce,must be present,,,non_compliant,Block Requirements,,,false,0,,2026-08-16
"Block Real Estate Services, LLC",69fdf7a362446148bd85b070,69fded0c62446148bd848b2f,"Daymon / Advantage Sales & Marketing, LLC",69fdf1b002bb2c42a87a7dd3,"wes705 - Westbrook I {Westbrook I-II KC Partners, LLC}",evidenceOfInsurance,Evidence of Insurance,6ac20aae-5728-5d57-b364-aeba38527dba,Additional Requirements,4da5b0f1-4c9d-5885-8cf8-5d3cccaed3e0,"Block Real Estate Services, LLC and all others required by contract are named as Additional Insureds","---prompt---
Determine if the Description of Operations or the Additional Remarks Schedule section states the ""Additional Insured as Construction Management, Inc. and all others required by contract"" or reference to blanket additional insured coverage. Look for language like ""certificate holder is additional insured"" or ""per written contract"".",matchOnce,must be present,,,non_compliant,Block Requirements,,,true,0,,2026-08-16
"Block Real Estate Services, LLC",69fdf7a362446148bd85b070,69fded0c62446148bd848b2f,"Daymon / Advantage Sales & Marketing, LLC",69fdf1b002bb2c42a87a7dd3,"wes705 - Westbrook I {Westbrook I-II KC Partners, LLC}",evidenceOfInsurance,Evidence of Insurance,6ac20aae-5728-5d57-b364-aeba38527dba,Additional Requirements,e1017741-e47e-5f58-97b8-fbc3043e919f,Umbrella follows form over General Liability,"---prompt---
Determine if the Umbrella/Excess Liability policy follows form to the underlying policies. Evidence may include: language in the Description of Operations section stating the umbrella follows form to underlying coverages or an additional page endorsement stating that it follows form. Follow form means the umbrella policy adopts the same terms, conditions, and exclusions as the underlying policies.",matchOnce,must be present,,,non_compliant,Block Requirements,,,true,0,,2026-08-16
"Block Real Estate Services, LLC",69fdf7a362446148bd85b070,69fded0c62446148bd848b2f,"Daymon / Advantage Sales & Marketing, LLC",69fdf1b002bb2c42a87a7dd3,"wes705 - Westbrook I {Westbrook I-II KC Partners, LLC}",evidenceOfInsurance,Evidence of Insurance,6ac20aae-5728-5d57-b364-aeba38527dba,Additional Requirements,2cdd866f-c9a4-576a-afd8-1d045762790c,The location must be listed as: 8068 Reeder Street Lenexa KS 66214,,matchOnce,must be present,,,non_compliant,Block Requirements,,,true,0,,2026-08-16
"Block Real Estate Services, LLC",69fdf7a362446148bd85b070,69fded0c62446148bd848b2f,"Daymon / Advantage Sales & Marketing, LLC",69fdf1b002bb2c42a87a7dd3,"wes705 - Westbrook I {Westbrook I-II KC Partners, LLC}",evidenceOfInsurance,Evidence of Insurance,6ac20aae-5728-5d57-b364-aeba38527dba,Additional Requirements,3649e9d1-4e09-59bf-8f30-cb33c40cf117,"Certificate Holder must read: c/o Block Real Estate Services, LLC, 4622 Pennsylvania St., Suite 700, Kansas City, MO, 64112",,matchOnce,must be present,,,non_compliant,Block Requirements,,,true,0,,2026-08-16
"Block Real Estate Services, LLC",69fdf7a362446148bd85b071,69fded1262446148bd848d09,Dentek Inc,69fdf1b002bb2c42a87a7dd3,"wes705 - Westbrook I {Westbrook I-II KC Partners, LLC}",evidenceOfInsurance,Evidence of Insurance,commercialGeneralLiability,Commercial General Liability,evidenceOfInsuranceCommercialGeneralLiabilityCoverageTriggerOccurrence,Coverage Trigger: Occurrence,,matchOnce,must be present,,,non_compliant,Block Requirements,,,false,0,,2026-08-16
"Block Real Estate Services, LLC",69fdf7a362446148bd85b071,69fded1262446148bd848d09,Dentek Inc,69fdf1b002bb2c42a87a7dd3,"wes705 - Westbrook I {Westbrook I-II KC Partners, LLC}",evidenceOfInsurance,Evidence of Insurance,commercialGeneralLiability,Commercial General Liability,evidenceOfInsuranceCommercialGeneralLiabilityGeneralAggregateLimitAppliesPerLocation,General Aggregate Limit Applies per: Location,,matchOnce,must be present,,,non_compliant,Block Requirements,,,false,0,,2026-08-16
"Block Real Estate Services, LLC",69fdf7a362446148bd85b071,69fded1262446148bd848d09,Dentek Inc,69fdf1b002bb2c42a87a7dd3,"wes705 - Westbrook I {Westbrook I-II KC Partners, LLC}",evidenceOfInsurance,Evidence of Insurance,commercialGeneralLiability,Commercial General Liability,evidenceOfInsuranceCommercialGeneralLiabilityEachOccurrence,Each Occurrence,,matchOnce,must be greater or equal to,1000000,,non_compliant,Block Requirements,,,false,0,,2026-08-16
"Block Real Estate Services, LLC",69fdf7a362446148bd85b071,69fded1262446148bd848d09,Dentek Inc,69fdf1b002bb2c42a87a7dd3,"wes705 - Westbrook I {Westbrook I-II KC Partners, LLC}",evidenceOfInsurance,Evidence of Insurance,commercialGeneralLiability,Commercial General Liability,evidenceOfInsuranceCommercialGeneralLiabilityGeneralAggregate,General Aggregate,,matchOnce,must be greater or equal to,2000000,,non_compliant,Block Requirements,,,false,0,,2026-08-16
"Block Real Estate Services, LLC",69fdf7a362446148bd85b071,69fded1262446148bd848d09,Dentek Inc,69fdf1b002bb2c42a87a7dd3,"wes705 - Westbrook I {Westbrook I-II KC Partners, LLC}",evidenceOfInsurance,Evidence of Insurance,commercialGeneralLiability,Commercial General Liability,evidenceOfInsuranceCommercialGeneralLiabilityWaiverOfSubrogationEndorsement,Waiver of Subrogation,"---prompt---
Determine if the insurer has waived their right of subrogation in favor of the certificate holder under the Commercial General Liability policy. Evidence may include: a checked ""Waiver of Subrogation"" box on the certificate, mention in the Description of Operations section stating ""waiver of subrogation applies"", or reference to form CG 24 04. Look for language like ""subrogation is waived"" or ""per written contract"".",matchOnce,must be present,,,non_compliant,Block Requirements,,,false,0,,2026-08-16
"Block Real Estate Services, LLC",69fdf7a362446148bd85b071,69fded1262446148bd848d09,Dentek Inc,69fdf1b002bb2c42a87a7dd3,"wes705 - Westbrook I {Westbrook I-II KC Partners, LLC}",evidenceOfInsurance,Evidence of Insurance,excessOrUmbrellaLiability,Umbrella/Excess Liability,evidenceOfInsuranceExcessOrUmbrellaLiabilityOccurence,Coverage Trigger: Occurrence,,matchOnce,must be present,,,non_compliant,Block Requirements,,,false,0,,2026-08-16
"Block Real Estate Services, LLC",69fdf7a362446148bd85b071,69fded1262446148bd848d09,Dentek Inc,69fdf1b002bb2c42a87a7dd3,"wes705 - Westbrook I {Westbrook I-II KC Partners, LLC}",evidenceOfInsurance,Evidence of Insurance,excessOrUmbrellaLiability,Umbrella/Excess Liability,evidenceOfInsuranceExcessOrUmbrellaLiabilityEachOccurrence,Each Occurrence,,matchOnce,must be greater or equal to,1000000,,non_compliant,Block Requirements,,,false,0,,2026-08-16
"Block Real Estate Services, LLC",69fdf7a362446148bd85b071,69fded1262446148bd848d09,Dentek Inc,69fdf1b002bb2c42a87a7dd3,"wes705 - Westbrook I {Westbrook I-II KC Partners, LLC}",evidenceOfInsurance,Evidence of Insurance,excessOrUmbrellaLiability,Umbrella/Excess Liability,evidenceOfInsuranceExcessOrUmbrellaLiabilityAggregate,Aggregate,,matchOnce,must be greater or equal to,1000000,,non_compliant,Block Requirements,,,false,0,,2026-08-16
"Block Real Estate Services, LLC",69fdf7a362446148bd85b071,69fded1262446148bd848d09,Dentek Inc,69fdf1b002bb2c42a87a7dd3,"wes705 - Westbrook I {Westbrook I-II KC Partners, LLC}",evidenceOfInsurance,Evidence of Insurance,workersCompensation,Workers' Compensation and Employer's Liability,evidenceOfInsuranceWorkersCompensationStatutoryLimits,Statutory Limits,,matchOnce,must be present,,,non_compliant,Block Requirements,,,false,0,,2026-08-16
"Block Real Estate Services, LLC",69fdf7a362446148bd85b071,69fded1262446148bd848d09,Dentek Inc,69fdf1b002bb2c42a87a7dd3,"wes705 - Westbrook I {Westbrook I-II KC Partners, LLC}",evidenceOfInsurance,Evidence of Insurance,workersCompensation,Workers' Compensation and Employer's Liability,evidenceOfInsuranceWorkersCompensationEmployersLiabilityEachAccident,Employer's Liability Each Accident,,matchOnce,must be greater or equal to,500000,,non_compliant,Block Requirements,,,false,0,,2026-08-16
"Block Real Estate Services, LLC",69fdf7a362446148bd85b071,69fded1262446148bd848d09,Dentek Inc,69fdf1b002bb2c42a87a7dd3,"wes705 - Westbrook I {Westbrook I-II KC Partners, LLC}",evidenceOfInsurance,Evidence of Insurance,workersCompensation,Workers' Compensation and Employer's Liability,evidenceOfInsuranceWorkersCompensationEmployersLiabilityDiseaseEachEmployee,Employer's Liability Disease - each employee,,matchOnce,must be greater or equal to,500000,,non_compliant,Block Requirements,,,false,0,,2026-08-16
"Block Real Estate Services, LLC",69fdf7a362446148bd85b071,69fded1262446148bd848d09,Dentek Inc,69fdf1b002bb2c42a87a7dd3,"wes705 - Westbrook I {Westbrook I-II KC Partners, LLC}",evidenceOfInsurance,Evidence of Insurance,workersCompensation,Workers' Compensation and Employer's Liability,evidenceOfInsuranceWorkersCompensationEmployersLiabilityDiseasePolicyLimit,Employer's Liability Disease - policy limit,,matchOnce,must be greater or equal to,500000,,non_compliant,Block Requirements,,,false,0,,2026-08-16
"Block Real Estate Services, LLC",69fdf7a362446148bd85b071,69fded1262446148bd848d09,Dentek Inc,69fdf1b002bb2c42a87a7dd3,"wes705 - Westbrook I {Westbrook I-II KC Partners, LLC}",evidenceOfInsurance,Evidence of Insurance,workersCompensation,Workers' Compensation and Employer's Liability,evidenceOfInsuranceWorkersCompensationWaiverOfSubrogationEndorsement,Waiver of Subrogation,"---prompt---
Determine if the insurer has waived their right of subrogation in favor of the certificate holder under the Workers' Compensation policy. Evidence may include: a checked ""Waiver of Subrogation"" box on the certificate, mention in the Description of Operations section stating ""waiver of subrogation applies"", or reference to form WC 00 03 13. Look for language like ""subrogation is waived"" or ""per written contract"".",matchOnce,must be present,,,non_compliant,Block Requirements,,,false,0,,2026-08-16
"Block Real Estate Services, LLC",69fdf7a362446148bd85b071,69fded1262446148bd848d09,Dentek Inc,69fdf1b002bb2c42a87a7dd3,"wes705 - Westbrook I {Westbrook I-II KC Partners, LLC}",evidenceOfInsurance,Evidence of Insurance,6ac20aae-5728-5d57-b364-aeba38527dba,Additional Requirements,4da5b0f1-4c9d-5885-8cf8-5d3cccaed3e0,"Block Real Estate Services, LLC and all others required by contract are named as Additional Insureds","---prompt---
Determine if the Description of Operations or the Additional Remarks Schedule section states the ""Additional Insured as Construction Management, Inc. and all others required by contract"" or reference to blanket additional insured coverage. Look for language like ""certificate holder is additional insured"" or ""per written contract"".",matchOnce,must be present,,,non_compliant,Block Requirements,,,true,0,,2026-08-16
"Block Real Estate Services, LLC",69fdf7a362446148bd85b071,69fded1262446148bd848d09,Dentek Inc,69fdf1b002bb2c42a87a7dd3,"wes705 - Westbrook I {Westbrook I-II KC Partners, LLC}",evidenceOfInsurance,Evidence of Insurance,6ac20aae-5728-5d57-b364-aeba38527dba,Additional Requirements,e1017741-e47e-5f58-97b8-fbc3043e919f,Umbrella follows form over General Liability,"---prompt---
Determine if the Umbrella/Excess Liability policy follows form to the underlying policies. Evidence may include: language in the Description of Operations section stating the umbrella follows form to underlying coverages or an additional page endorsement stating that it follows form. Follow form means the umbrella policy adopts the same terms, conditions, and exclusions as the underlying policies.",matchOnce,must be present,,,non_compliant,Block Requirements,,,true,0,,2026-08-16
"Block Real Estate Services, LLC",69fdf7a362446148bd85b071,69fded1262446148bd848d09,Dentek Inc,69fdf1b002bb2c42a87a7dd3,"wes705 - Westbrook I {Westbrook I-II KC Partners, LLC}",evidenceOfInsurance,Evidence of Insurance,6ac20aae-5728-5d57-b364-aeba38527dba,Additional Requirements,2cdd866f-c9a4-576a-afd8-1d045762790c,The location must be listed as: 8056 Reeder Street Lenexa KS 66214,,matchOnce,must be present,,,non_compliant,Block Requirements,,,true,0,,2026-08-16
"Block Real Estate Services, LLC",69fdf7a362446148bd85b071,69fded1262446148bd848d09,Dentek Inc,69fdf1b002bb2c42a87a7dd3,"wes705 - Westbrook I {Westbrook I-II KC Partners, LLC}",evidenceOfInsurance,Evidence of Insurance,6ac20aae-5728-5d57-b364-aeba38527dba,Additional Requirements,3649e9d1-4e09-59bf-8f30-cb33c40cf117,"Certificate Holder must read: c/o Block Real Estate Services, LLC, 4622 Pennsylvania St., Suite 700, Kansas City, MO, 64112",,matchOnce,must be present,,,non_compliant,Block Requirements,,,true,0,,2026-08-16
"Block Real Estate Services, LLC",69fdf7b562446148bd85c42b,69fded1362446148bd848d42,EcoShield Pest Solutions,69fdf1b002bb2c42a87a7dd3,"wes705 - Westbrook I {Westbrook I-II KC Partners, LLC}",evidenceOfInsurance,Evidence of Insurance,commercialGeneralLiability,Commercial General Liability,evidenceOfInsuranceCommercialGeneralLiabilityCoverageTriggerOccurrence,Coverage Trigger: Occurrence,,matchOnce,must be present,,Present,compliant,Block Requirements,,,false,1,,2026-08-16
"Block Real Estate Services, LLC",69fdf7b562446148bd85c42b,69fded1362446148bd848d42,EcoShield Pest Solutions,69fdf1b002bb2c42a87a7dd3,"wes705 - Westbrook I {Westbrook I-II KC Partners, LLC}",evidenceOfInsurance,Evidence of Insurance,commercialGeneralLiability,Commercial General Liability,evidenceOfInsuranceCommercialGeneralLiabilityGeneralAggregateLimitAppliesPerLocation,General Aggregate Limit Applies per: Location,,matchOnce,must be present,,,waived,Block Requirements,Per location not a requirement in the lease,,false,0,,2026-08-16
"Block Real Estate Services, LLC",69fdf7b562446148bd85c42b,69fded1362446148bd848d42,EcoShield Pest Solutions,69fdf1b002bb2c42a87a7dd3,"wes705 - Westbrook I {Westbrook I-II KC Partners, LLC}",evidenceOfInsurance,Evidence of Insurance,commercialGeneralLiability,Commercial General Liability,evidenceOfInsuranceCommercialGeneralLiabilityEachOccurrence,Each Occurrence,,matchOnce,must be greater or equal to,1000000,1000000,compliant,Block Requirements,,,false,1,,2026-08-16
"Block Real Estate Services, LLC",69fdf7b562446148bd85c42b,69fded1362446148bd848d42,EcoShield Pest Solutions,69fdf1b002bb2c42a87a7dd3,"wes705 - Westbrook I {Westbrook I-II KC Partners, LLC}",evidenceOfInsurance,Evidence of Insurance,commercialGeneralLiability,Commercial General Liability,evidenceOfInsuranceCommercialGeneralLiabilityGeneralAggregate,General Aggregate,,matchOnce,must be greater or equal to,2000000,2000000,compliant,Block Requirements,,,false,1,,2026-08-16
"Block Real Estate Services, LLC",69fdf7b562446148bd85c42b,69fded1362446148bd848d42,EcoShield Pest Solutions,69fdf1b002bb2c42a87a7dd3,"wes705 - Westbrook I {Westbrook I-II KC Partners, LLC}",evidenceOfInsurance,Evidence of Insurance,commercialGeneralLiability,Commercial General Liability,evidenceOfInsuranceCommercialGeneralLiabilityWaiverOfSubrogationEndorsement,Waiver of Subrogation,"---prompt---
Determine if the insurer has waived their right of subrogation in favor of the certificate holder under the Commercial General Liability policy. Evidence may include: a checked ""Waiver of Subrogation"" box on the certificate, mention in the Description of Operations section stating ""waiver of subrogation applies"", or reference to form CG 24 04. Look for language like ""subrogation is waived"" or ""per written contract"".",matchOnce,must be present,,Present,compliant,Block Requirements,,,false,1,,2026-08-16
"Block Real Estate Services, LLC",69fdf7b562446148bd85c42b,69fded1362446148bd848d42,EcoShield Pest Solutions,69fdf1b002bb2c42a87a7dd3,"wes705 - Westbrook I {Westbrook I-II KC Partners, LLC}",evidenceOfInsurance,Evidence of Insurance,excessOrUmbrellaLiability,Umbrella/Excess Liability,evidenceOfInsuranceExcessOrUmbrellaLiabilityOccurence,Coverage Trigger: Occurrence,,matchOnce,must be present,,Present,compliant,Block Requirements,,,false,1,,2026-08-16
"Block Real Estate Services, LLC",69fdf7b562446148bd85c42b,69fded1362446148bd848d42,EcoShield Pest Solutions,69fdf1b002bb2c42a87a7dd3,"wes705 - Westbrook I {Westbrook I-II KC Partners, LLC}",evidenceOfInsurance,Evidence of Insurance,excessOrUmbrellaLiability,Umbrella/Excess Liability,evidenceOfInsuranceExcessOrUmbrellaLiabilityEachOccurrence,Each Occurrence,,matchOnce,must be greater or equal to,1000000,4000000,compliant,Block Requirements,,,false,1,,2026-08-16
"Block Real Estate Services, LLC",69fdf7b562446148bd85c42b,69fded1362446148bd848d42,EcoShield Pest Solutions,69fdf1b002bb2c42a87a7dd3,"wes705 - Westbrook I {Westbrook I-II KC Partners, LLC}",evidenceOfInsurance,Evidence of Insurance,excessOrUmbrellaLiability,Umbrella/Excess Liability,evidenceOfInsuranceExcessOrUmbrellaLiabilityAggregate,Aggregate,,matchOnce,must be greater or equal to,1000000,4000000,compliant,Block Requirements,,,false,1,,2026-08-16
"Block Real Estate Services, LLC",69fdf7b562446148bd85c42b,69fded1362446148bd848d42,EcoShield Pest Solutions,69fdf1b002bb2c42a87a7dd3,"wes705 - Westbrook I {Westbrook I-II KC Partners, LLC}",evidenceOfInsurance,Evidence of Insurance,workersCompensation,Workers' Compensation and Employer's Liability,evidenceOfInsuranceWorkersCompensationStatutoryLimits,Statutory Limits,,matchOnce,must be present,,Present,compliant,Block Requirements,,,false,1,,2026-08-16
"Block Real Estate Services, LLC",69fdf7b562446148bd85c42b,69fded1362446148bd848d42,EcoShield Pest Solutions,69fdf1b002bb2c42a87a7dd3,"wes705 - Westbrook I {Westbrook I-II KC Partners, LLC}",evidenceOfInsurance,Evidence of Insurance,workersCompensation,Workers' Compensation and Employer's Liability,evidenceOfInsuranceWorkersCompensationEmployersLiabilityEachAccident,Employer's Liability Each Accident,,matchOnce,must be greater or equal to,500000,1000000,compliant,Block Requirements,,,false,1,,2026-08-16
"Block Real Estate Services, LLC",69fdf7b562446148bd85c42b,69fded1362446148bd848d42,EcoShield Pest Solutions,69fdf1b002bb2c42a87a7dd3,"wes705 - Westbrook I {Westbrook I-II KC Partners, LLC}",evidenceOfInsurance,Evidence of Insurance,workersCompensation,Workers' Compensation and Employer's Liability,evidenceOfInsuranceWorkersCompensationEmployersLiabilityDiseaseEachEmployee,Employer's Liability Disease - each employee,,matchOnce,must be greater or equal to,500000,1000000,compliant,Block Requirements,,,false,1,,2026-08-16
"Block Real Estate Services, LLC",69fdf7b562446148bd85c42b,69fded1362446148bd848d42,EcoShield Pest Solutions,69fdf1b002bb2c42a87a7dd3,"wes705 - Westbrook I {Westbrook I-II KC Partners, LLC}",evidenceOfInsurance,Evidence of Insurance,workersCompensation,Workers' Compensation and Employer's Liability,evidenceOfInsuranceWorkersCompensationEmployersLiabilityDiseasePolicyLimit,Employer's Liability Disease - policy limit,,matchOnce,must be greater or equal to,500000,1000000,compliant,Block Requirements,,,false,1,,2026-08-16
"Block Real Estate Services, LLC",69fdf7b562446148bd85c42b,69fded1362446148bd848d42,EcoShield Pest Solutions,69fdf1b002bb2c42a87a7dd3,"wes705 - Westbrook I {Westbrook I-II KC Partners, LLC}",evidenceOfInsurance,Evidence of Insurance,workersCompensation,Workers' Compensation and Employer's Liability,evidenceOfInsuranceWorkersCompensationWaiverOfSubrogationEndorsement,Waiver of Subrogation,"---prompt---
Determine if the insurer has waived their right of subrogation in favor of the certificate holder under the Workers' Compensation policy. Evidence may include: a checked ""Waiver of Subrogation"" box on the certificate, mention in the Description of Operations section stating ""waiver of subrogation applies"", or reference to form WC 00 03 13. Look for language like ""subrogation is waived"" or ""per written contract"".",matchOnce,must be present,,Present,compliant,Block Requirements,,,false,1,,2026-08-16
"Block Real Estate Services, LLC",69fdf7b562446148bd85c42b,69fded1362446148bd848d42,EcoShield Pest Solutions,69fdf1b002bb2c42a87a7dd3,"wes705 - Westbrook I {Westbrook I-II KC Partners, LLC}",evidenceOfInsurance,Evidence of Insurance,6ac20aae-5728-5d57-b364-aeba38527dba,Additional Requirements,4da5b0f1-4c9d-5885-8cf8-5d3cccaed3e0,"Block Real Estate Services, LLC and all others required by contract are named as Additional Insureds","---prompt---
Determine if the Description of Operations or the Additional Remarks Schedule section states the ""Additional Insured as Construction Management, Inc. and all others required by contract"" or reference to blanket additional insured coverage. Look for language like ""certificate holder is additional insured"" or ""per written contract"".",matchOnce,must be present,,Present,compliant,Block Requirements,,,true,1,,2026-08-16
"Block Real Estate Services, LLC",69fdf7b562446148bd85c42b,69fded1362446148bd848d42,EcoShield Pest Solutions,69fdf1b002bb2c42a87a7dd3,"wes705 - Westbrook I {Westbrook I-II KC Partners, LLC}",evidenceOfInsurance,Evidence of Insurance,6ac20aae-5728-5d57-b364-aeba38527dba,Additional Requirements,e1017741-e47e-5f58-97b8-fbc3043e919f,Umbrella follows form over General Liability,"---prompt---
Determine if the Umbrella/Excess Liability policy follows form to the underlying policies. Evidence may include: language in the Description of Operations section stating the umbrella follows form to underlying coverages or an additional page endorsement stating that it follows form. Follow form means the umbrella policy adopts the same terms, conditions, and exclusions as the underlying policies.",matchOnce,must be present,,Present,compliant,Block Requirements,,,true,1,,2026-08-16
"Block Real Estate Services, LLC",69fdf7b562446148bd85c42b,69fded1362446148bd848d42,EcoShield Pest Solutions,69fdf1b002bb2c42a87a7dd3,"wes705 - Westbrook I {Westbrook I-II KC Partners, LLC}",evidenceOfInsurance,Evidence of Insurance,6ac20aae-5728-5d57-b364-aeba38527dba,Additional Requirements,2cdd866f-c9a4-576a-afd8-1d045762790c,The location must be listed as: 8052 Reeder Street Lenexa KS 66214,,matchOnce,must be present,,Present,compliant,Block Requirements,,,true,2,,2026-08-16
"Block Real Estate Services, LLC",69fdf7b562446148bd85c42b,69fded1362446148bd848d42,EcoShield Pest Solutions,69fdf1b002bb2c42a87a7dd3,"wes705 - Westbrook I {Westbrook I-II KC Partners, LLC}",evidenceOfInsurance,Evidence of Insurance,6ac20aae-5728-5d57-b364-aeba38527dba,Additional Requirements,3649e9d1-4e09-59bf-8f30-cb33c40cf117,"Certificate Holder must read: c/o Block Real Estate Services, LLC, 4622 Pennsylvania St., Suite 700, Kansas City, MO, 64112",,matchOnce,must be present,,Present,compliant,Block Requirements,,,true,2,,2026-08-16
"Block Real Estate Services, LLC",6a1851686b1e29a28e503eb2,69fded1262446148bd848d09,Dentek Inc,69fdf1b002bb2c42a87a7dd3,"wes705 - Westbrook I {Westbrook I-II KC Partners, LLC}",evidenceOfInsurance,Evidence of Insurance,commercialGeneralLiability,Commercial General Liability,evidenceOfInsuranceCommercialGeneralLiabilityCoverageTriggerOccurrence,Coverage Trigger: Occurrence,,matchOnce,must be present,,,non_compliant,Block Requirements,,,false,0,,2026-08-16
"Block Real Estate Services, LLC",6a1851686b1e29a28e503eb2,69fded1262446148bd848d09,Dentek Inc,69fdf1b002bb2c42a87a7dd3,"wes705 - Westbrook I {Westbrook I-II KC Partners, LLC}",evidenceOfInsurance,Evidence of Insurance,commercialGeneralLiability,Commercial General Liability,evidenceOfInsuranceCommercialGeneralLiabilityGeneralAggregateLimitAppliesPerLocation,General Aggregate Limit Applies per: Location,,matchOnce,must be present,,,non_compliant,Block Requirements,,,false,0,,2026-08-16
"Block Real Estate Services, LLC",6a1851686b1e29a28e503eb2,69fded1262446148bd848d09,Dentek Inc,69fdf1b002bb2c42a87a7dd3,"wes705 - Westbrook I {Westbrook I-II KC Partners, LLC}",evidenceOfInsurance,Evidence of Insurance,commercialGeneralLiability,Commercial General Liability,evidenceOfInsuranceCommercialGeneralLiabilityEachOccurrence,Each Occurrence,,matchOnce,must be greater or equal to,1000000,,non_compliant,Block Requirements,,,false,0,,2026-08-16
"Block Real Estate Services, LLC",6a1851686b1e29a28e503eb2,69fded1262446148bd848d09,Dentek Inc,69fdf1b002bb2c42a87a7dd3,"wes705 - Westbrook I {Westbrook I-II KC Partners, LLC}",evidenceOfInsurance,Evidence of Insurance,commercialGeneralLiability,Commercial General Liability,evidenceOfInsuranceCommercialGeneralLiabilityGeneralAggregate,General Aggregate,,matchOnce,must be greater or equal to,2000000,,non_compliant,Block Requirements,,,false,0,,2026-08-16
"Block Real Estate Services, LLC",6a1851686b1e29a28e503eb2,69fded1262446148bd848d09,Dentek Inc,69fdf1b002bb2c42a87a7dd3,"wes705 - Westbrook I {Westbrook I-II KC Partners, LLC}",evidenceOfInsurance,Evidence of Insurance,commercialGeneralLiability,Commercial General Liability,evidenceOfInsuranceCommercialGeneralLiabilityWaiverOfSubrogationEndorsement,Waiver of Subrogation,"---prompt---
Determine if the insurer has waived their right of subrogation in favor of the certificate holder under the Commercial General Liability policy. Evidence may include: a checked ""Waiver of Subrogation"" box on the certificate, mention in the Description of Operations section stating ""waiver of subrogation applies"", or reference to form CG 24 04. Look for language like ""subrogation is waived"" or ""per written contract"".",matchOnce,must be present,,,non_compliant,Block Requirements,,,false,0,,2026-08-16
"Block Real Estate Services, LLC",6a1851686b1e29a28e503eb2,69fded1262446148bd848d09,Dentek Inc,69fdf1b002bb2c42a87a7dd3,"wes705 - Westbrook I {Westbrook I-II KC Partners, LLC}",evidenceOfInsurance,Evidence of Insurance,excessOrUmbrellaLiability,Umbrella/Excess Liability,evidenceOfInsuranceExcessOrUmbrellaLiabilityOccurence,Coverage Trigger: Occurrence,,matchOnce,must be present,,,non_compliant,Block Requirements,,,false,0,,2026-08-16
"Block Real Estate Services, LLC",6a1851686b1e29a28e503eb2,69fded1262446148bd848d09,Dentek Inc,69fdf1b002bb2c42a87a7dd3,"wes705 - Westbrook I {Westbrook I-II KC Partners, LLC}",evidenceOfInsurance,Evidence of Insurance,excessOrUmbrellaLiability,Umbrella/Excess Liability,evidenceOfInsuranceExcessOrUmbrellaLiabilityEachOccurrence,Each Occurrence,,matchOnce,must be greater or equal to,1000000,,non_compliant,Block Requirements,,,false,0,,2026-08-16
"Block Real Estate Services, LLC",6a1851686b1e29a28e503eb2,69fded1262446148bd848d09,Dentek Inc,69fdf1b002bb2c42a87a7dd3,"wes705 - Westbrook I {Westbrook I-II KC Partners, LLC}",evidenceOfInsurance,Evidence of Insurance,excessOrUmbrellaLiability,Umbrella/Excess Liability,evidenceOfInsuranceExcessOrUmbrellaLiabilityAggregate,Aggregate,,matchOnce,must be greater or equal to,1000000,,non_compliant,Block Requirements,,,false,0,,2026-08-16
"Block Real Estate Services, LLC",6a1851686b1e29a28e503eb2,69fded1262446148bd848d09,Dentek Inc,69fdf1b002bb2c42a87a7dd3,"wes705 - Westbrook I {Westbrook I-II KC Partners, LLC}",evidenceOfInsurance,Evidence of Insurance,workersCompensation,Workers' Compensation and Employer's Liability,evidenceOfInsuranceWorkersCompensationStatutoryLimits,Statutory Limits,,matchOnce,must be present,,,non_compliant,Block Requirements,,,false,0,,2026-08-16
"Block Real Estate Services, LLC",6a1851686b1e29a28e503eb2,69fded1262446148bd848d09,Dentek Inc,69fdf1b002bb2c42a87a7dd3,"wes705 - Westbrook I {Westbrook I-II KC Partners, LLC}",evidenceOfInsurance,Evidence of Insurance,workersCompensation,Workers' Compensation and Employer's Liability,evidenceOfInsuranceWorkersCompensationEmployersLiabilityEachAccident,Employer's Liability Each Accident,,matchOnce,must be greater or equal to,500000,,non_compliant,Block Requirements,,,false,0,,2026-08-16
"Block Real Estate Services, LLC",6a1851686b1e29a28e503eb2,69fded1262446148bd848d09,Dentek Inc,69fdf1b002bb2c42a87a7dd3,"wes705 - Westbrook I {Westbrook I-II KC Partners, LLC}",evidenceOfInsurance,Evidence of Insurance,workersCompensation,Workers' Compensation and Employer's Liability,evidenceOfInsuranceWorkersCompensationEmployersLiabilityDiseaseEachEmployee,Employer's Liability Disease - each employee,,matchOnce,must be greater or equal to,500000,,non_compliant,Block Requirements,,,false,0,,2026-08-16
"Block Real Estate Services, LLC",6a1851686b1e29a28e503eb2,69fded1262446148bd848d09,Dentek Inc,69fdf1b002bb2c42a87a7dd3,"wes705 - Westbrook I {Westbrook I-II KC Partners, LLC}",evidenceOfInsurance,Evidence of Insurance,workersCompensation,Workers' Compensation and Employer's Liability,evidenceOfInsuranceWorkersCompensationEmployersLiabilityDiseasePolicyLimit,Employer's Liability Disease - policy limit,,matchOnce,must be greater or equal to,500000,,non_compliant,Block Requirements,,,false,0,,2026-08-16
"Block Real Estate Services, LLC",6a1851686b1e29a28e503eb2,69fded1262446148bd848d09,Dentek Inc,69fdf1b002bb2c42a87a7dd3,"wes705 - Westbrook I {Westbrook I-II KC Partners, LLC}",evidenceOfInsurance,Evidence of Insurance,workersCompensation,Workers' Compensation and Employer's Liability,evidenceOfInsuranceWorkersCompensationWaiverOfSubrogationEndorsement,Waiver of Subrogation,"---prompt---
Determine if the insurer has waived their right of subrogation in favor of the certificate holder under the Workers' Compensation policy. Evidence may include: a checked ""Waiver of Subrogation"" box on the certificate, mention in the Description of Operations section stating ""waiver of subrogation applies"", or reference to form WC 00 03 13. Look for language like ""subrogation is waived"" or ""per written contract"".",matchOnce,must be present,,,non_compliant,Block Requirements,,,false,0,,2026-08-16
"Block Real Estate Services, LLC",6a1851686b1e29a28e503eb2,69fded1262446148bd848d09,Dentek Inc,69fdf1b002bb2c42a87a7dd3,"wes705 - Westbrook I {Westbrook I-II KC Partners, LLC}",evidenceOfInsurance,Evidence of Insurance,6ac20aae-5728-5d57-b364-aeba38527dba,Additional Requirements,4da5b0f1-4c9d-5885-8cf8-5d3cccaed3e0,"Block Real Estate Services, LLC and all others required by contract are named as Additional Insureds","---prompt---
Determine if the Description of Operations or the Additional Remarks Schedule section states the ""Additional Insured as Construction Management, Inc. and all others required by contract"" or reference to blanket additional insured coverage. Look for language like ""certificate holder is additional insured"" or ""per written contract"".",matchOnce,must be present,,,non_compliant,Block Requirements,,,true,0,,2026-08-16
"Block Real Estate Services, LLC",6a1851686b1e29a28e503eb2,69fded1262446148bd848d09,Dentek Inc,69fdf1b002bb2c42a87a7dd3,"wes705 - Westbrook I {Westbrook I-II KC Partners, LLC}",evidenceOfInsurance,Evidence of Insurance,6ac20aae-5728-5d57-b364-aeba38527dba,Additional Requirements,e1017741-e47e-5f58-97b8-fbc3043e919f,Umbrella follows form over General Liability,"---prompt---
Determine if the Umbrella/Excess Liability policy follows form to the underlying policies. Evidence may include: language in the Description of Operations section stating the umbrella follows form to underlying coverages or an additional page endorsement stating that it follows form. Follow form means the umbrella policy adopts the same terms, conditions, and exclusions as the underlying policies.",matchOnce,must be present,,,non_compliant,Block Requirements,,,true,0,,2026-08-16
"Block Real Estate Services, LLC",6a1851686b1e29a28e503eb2,69fded1262446148bd848d09,Dentek Inc,69fdf1b002bb2c42a87a7dd3,"wes705 - Westbrook I {Westbrook I-II KC Partners, LLC}",evidenceOfInsurance,Evidence of Insurance,6ac20aae-5728-5d57-b364-aeba38527dba,Additional Requirements,2cdd866f-c9a4-576a-afd8-1d045762790c,The location must be listed as: 8060 Reeder Street Lenexa KS 66214,,matchOnce,must be present,,,non_compliant,Block Requirements,,,true,0,,2026-08-16
"Block Real Estate Services, LLC",6a1851686b1e29a28e503eb2,69fded1262446148bd848d09,Dentek Inc,69fdf1b002bb2c42a87a7dd3,"wes705 - Westbrook I {Westbrook I-II KC Partners, LLC}",evidenceOfInsurance,Evidence of Insurance,6ac20aae-5728-5d57-b364-aeba38527dba,Additional Requirements,3649e9d1-4e09-59bf-8f30-cb33c40cf117,"Certificate Holder must read: c/o Block Real Estate Services, LLC, 4622 Pennsylvania St., Suite 700, Kansas City, MO, 64112",,matchOnce,must be present,,,non_compliant,Block Requirements,,,true,0,,2026-08-16
"Block Real Estate Services, LLC",69fdf75c62446148bd855f6f,69fded0c62446148bd848b32,Advocate Construction Inc,69fdef8238cbea6b3a68c358,"3rd810 - Pine Ridge Building J {MEL B, LLC}",evidenceOfInsurance,Evidence of Insurance,commercialGeneralLiability,Commercial General Liability,evidenceOfInsuranceCommercialGeneralLiabilityCoverageTriggerOccurrence,Coverage Trigger: Occurrence,,matchOnce,must be present,,Present,compliant,Block Requirements,,,false,1,,2026-08-16
"Block Real Estate Services, LLC",69fdf75c62446148bd855f6f,69fded0c62446148bd848b32,Advocate Construction Inc,69fdef8238cbea6b3a68c358,"3rd810 - Pine Ridge Building J {MEL B, LLC}",evidenceOfInsurance,Evidence of Insurance,commercialGeneralLiability,Commercial General Liability,evidenceOfInsuranceCommercialGeneralLiabilityGeneralAggregateLimitAppliesPerLocation,General Aggregate Limit Applies per: Location,,matchOnce,must be present,,Present,compliant,Block Requirements,,,false,1,,2026-08-16
"Block Real Estate Services, LLC",69fdf75c62446148bd855f6f,69fded0c62446148bd848b32,Advocate Construction Inc,69fdef8238cbea6b3a68c358,"3rd810 - Pine Ridge Building J {MEL B, LLC}",evidenceOfInsurance,Evidence of Insurance,commercialGeneralLiability,Commercial General Liability,evidenceOfInsuranceCommercialGeneralLiabilityEachOccurrence,Each Occurrence,,matchOnce,must be greater or equal to,1000000,1000000,compliant,Block Requirements,,,false,1,,2026-08-16
"Block Real Estate Services, LLC",69fdf75c62446148bd855f6f,69fded0c62446148bd848b32,Advocate Construction Inc,69fdef8238cbea6b3a68c358,"3rd810 - Pine Ridge Building J {MEL B, LLC}",evidenceOfInsurance,Evidence of Insurance,commercialGeneralLiability,Commercial General Liability,evidenceOfInsuranceCommercialGeneralLiabilityGeneralAggregate,General Aggregate,,matchOnce,must be greater or equal to,2000000,2000000,compliant,Block Requirements,,,false,1,,2026-08-16
"Block Real Estate Services, LLC",69fdf75c62446148bd855f6f,69fded0c62446148bd848b32,Advocate Construction Inc,69fdef8238cbea6b3a68c358,"3rd810 - Pine Ridge Building J {MEL B, LLC}",evidenceOfInsurance,Evidence of Insurance,commercialGeneralLiability,Commercial General Liability,evidenceOfInsuranceCommercialGeneralLiabilityWaiverOfSubrogationEndorsement,Waiver of Subrogation,"---prompt---
Determine if the insurer has waived their right of subrogation in favor of the certificate holder under the Commercial General Liability policy. Evidence may include: a checked ""Waiver of Subrogation"" box on the certificate, mention in the Description of Operations section stating ""waiver of subrogation applies"", or reference to form CG 24 04. Look for language like ""subrogation is waived"" or ""per written contract"".",matchOnce,must be present,,Present,compliant,Block Requirements,,,false,1,,2026-08-16
"Block Real Estate Services, LLC",69fdf75c62446148bd855f6f,69fded0c62446148bd848b32,Advocate Construction Inc,69fdef8238cbea6b3a68c358,"3rd810 - Pine Ridge Building J {MEL B, LLC}",evidenceOfInsurance,Evidence of Insurance,excessOrUmbrellaLiability,Umbrella/Excess Liability,evidenceOfInsuranceExcessOrUmbrellaLiabilityOccurence,Coverage Trigger: Occurrence,,matchOnce,must be present,,Present,compliant,Block Requirements,,,false,1,,2026-08-16
"Block Real Estate Services, LLC",69fdf75c62446148bd855f6f,69fded0c62446148bd848b32,Advocate Construction Inc,69fdef8238cbea6b3a68c358,"3rd810 - Pine Ridge Building J {MEL B, LLC}",evidenceOfInsurance,Evidence of Insurance,excessOrUmbrellaLiability,Umbrella/Excess Liability,evidenceOfInsuranceExcessOrUmbrellaLiabilityEachOccurrence,Each Occurrence,,matchOnce,must be greater or equal to,1000000,5000000,compliant,Block Requirements,,,false,1,,2026-08-16
"Block Real Estate Services, LLC",69fdf75c62446148bd855f6f,69fded0c62446148bd848b32,Advocate Construction Inc,69fdef8238cbea6b3a68c358,"3rd810 - Pine Ridge Building J {MEL B, LLC}",evidenceOfInsurance,Evidence of Insurance,excessOrUmbrellaLiability,Umbrella/Excess Liability,evidenceOfInsuranceExcessOrUmbrellaLiabilityAggregate,Aggregate,,matchOnce,must be greater or equal to,1000000,5000000,compliant,Block Requirements,,,false,1,,2026-08-16
"Block Real Estate Services, LLC",69fdf75c62446148bd855f6f,69fded0c62446148bd848b32,Advocate Construction Inc,69fdef8238cbea6b3a68c358,"3rd810 - Pine Ridge Building J {MEL B, LLC}",evidenceOfInsurance,Evidence of Insurance,workersCompensation,Workers' Compensation and Employer's Liability,evidenceOfInsuranceWorkersCompensationStatutoryLimits,Statutory Limits,,matchOnce,must be present,,Present,compliant,Block Requirements,,,false,1,,2026-08-16
"Block Real Estate Services, LLC",69fdf75c62446148bd855f6f,69fded0c62446148bd848b32,Advocate Construction Inc,69fdef8238cbea6b3a68c358,"3rd810 - Pine Ridge Building J {MEL B, LLC}",evidenceOfInsurance,Evidence of Insurance,workersCompensation,Workers' Compensation and Employer's Liability,evidenceOfInsuranceWorkersCompensationEmployersLiabilityEachAccident,Employer's Liability Each Accident,,matchOnce,must be greater or equal to,500000,1000000,compliant,Block Requirements,,,false,1,,2026-08-16
"Block Real Estate Services, LLC",69fdf75c62446148bd855f6f,69fded0c62446148bd848b32,Advocate Construction Inc,69fdef8238cbea6b3a68c358,"3rd810 - Pine Ridge Building J {MEL B, LLC}",evidenceOfInsurance,Evidence of Insurance,workersCompensation,Workers' Compensation and Employer's Liability,evidenceOfInsuranceWorkersCompensationEmployersLiabilityDiseaseEachEmployee,Employer's Liability Disease - each employee,,matchOnce,must be greater or equal to,500000,1000000,compliant,Block Requirements,,,false,1,,2026-08-16
"Block Real Estate Services, LLC",69fdf75c62446148bd855f6f,69fded0c62446148bd848b32,Advocate Construction Inc,69fdef8238cbea6b3a68c358,"3rd810 - Pine Ridge Building J {MEL B, LLC}",evidenceOfInsurance,Evidence of Insurance,workersCompensation,Workers' Compensation and Employer's Liability,evidenceOfInsuranceWorkersCompensationEmployersLiabilityDiseasePolicyLimit,Employer's Liability Disease - policy limit,,matchOnce,must be greater or equal to,500000,1000000,compliant,Block Requirements,,,false,1,,2026-08-16
"Block Real Estate Services, LLC",69fdf75c62446148bd855f6f,69fded0c62446148bd848b32,Advocate Construction Inc,69fdef8238cbea6b3a68c358,"3rd810 - Pine Ridge Building J {MEL B, LLC}",evidenceOfInsurance,Evidence of Insurance,workersCompensation,Workers' Compensation and Employer's Liability,evidenceOfInsuranceWorkersCompensationWaiverOfSubrogationEndorsement,Waiver of Subrogation,"---prompt---
Determine if the insurer has waived their right of subrogation in favor of the certificate holder under the Workers' Compensation policy. Evidence may include: a checked ""Waiver of Subrogation"" box on the certificate, mention in the Description of Operations section stating ""waiver of subrogation applies"", or reference to form WC 00 03 13. Look for language like ""subrogation is waived"" or ""per written contract"".",matchOnce,must be present,,,waived,Block Requirements,WoS for WC not available in state of MO,,false,0,,2026-08-16
"Block Real Estate Services, LLC",69fdf75c62446148bd855f6f,69fded0c62446148bd848b32,Advocate Construction Inc,69fdef8238cbea6b3a68c358,"3rd810 - Pine Ridge Building J {MEL B, LLC}",evidenceOfInsurance,Evidence of Insurance,6ac20aae-5728-5d57-b364-aeba38527dba,Additional Requirements,4da5b0f1-4c9d-5885-8cf8-5d3cccaed3e0,"Block Real Estate Services, LLC and all others required by contract are named as Additional Insureds","---prompt---
Determine if the Description of Operations or the Additional Remarks Schedule section states the ""Additional Insured as Construction Management, Inc. and all others required by contract"" or reference to blanket additional insured coverage. Look for language like ""certificate holder is additional insured"" or ""per written contract"".",matchOnce,must be present,,Present,compliant,Block Requirements,,,true,1,,2026-08-16
"Block Real Estate Services, LLC",69fdf75c62446148bd855f6f,69fded0c62446148bd848b32,Advocate Construction Inc,69fdef8238cbea6b3a68c358,"3rd810 - Pine Ridge Building J {MEL B, LLC}",evidenceOfInsurance,Evidence of Insurance,6ac20aae-5728-5d57-b364-aeba38527dba,Additional Requirements,e1017741-e47e-5f58-97b8-fbc3043e919f,Umbrella follows form over General Liability,"---prompt---
Determine if the Umbrella/Excess Liability policy follows form to the underlying policies. Evidence may include: language in the Description of Operations section stating the umbrella follows form to underlying coverages or an additional page endorsement stating that it follows form. Follow form means the umbrella policy adopts the same terms, conditions, and exclusions as the underlying policies.",matchOnce,must be present,,Present,compliant,Block Requirements,,,true,1,,2026-08-16
"Block Real Estate Services, LLC",69fdf75c62446148bd855f6f,69fded0c62446148bd848b32,Advocate Construction Inc,69fdef8238cbea6b3a68c358,"3rd810 - Pine Ridge Building J {MEL B, LLC}",evidenceOfInsurance,Evidence of Insurance,6ac20aae-5728-5d57-b364-aeba38527dba,Additional Requirements,2cdd866f-c9a4-576a-afd8-1d045762790c,"The location must be listed as: 10457, 10501 W. 84th Terrace, Lenexa, KS, 66214",,matchOnce,must be present,,Present,compliant,Block Requirements,,,true,1,,2026-08-16
"Block Real Estate Services, LLC",69fdf75c62446148bd855f6f,69fded0c62446148bd848b32,Advocate Construction Inc,69fdef8238cbea6b3a68c358,"3rd810 - Pine Ridge Building J {MEL B, LLC}",evidenceOfInsurance,Evidence of Insurance,6ac20aae-5728-5d57-b364-aeba38527dba,Additional Requirements,3649e9d1-4e09-59bf-8f30-cb33c40cf117,"Certificate Holder must read: c/o Block Real Estate Services, LLC, 4622 Pennsylvania St., Suite 700, Kansas City, MO, 64112",,matchOnce,must be present,,Present,compliant,Block Requirements,,,true,1,,2026-08-16
"Block Real Estate Services, LLC",69fdf75c62446148bd855f70,69fded2362446148bd849231,"Johnson County Davita / Total Renal Care, Inc.",69fdef8238cbea6b3a68c358,"3rd810 - Pine Ridge Building J {MEL B, LLC}",evidenceOfInsurance,Evidence of Insurance,commercialGeneralLiability,Commercial General Liability,evidenceOfInsuranceCommercialGeneralLiabilityCoverageTriggerOccurrence,Coverage Trigger: Occurrence,,matchOnce,must be present,,Present,compliant,Block Requirements,,,false,1,,2026-08-16
"Block Real Estate Services, LLC",69fdf75c62446148bd855f70,69fded2362446148bd849231,"Johnson County Davita / Total Renal Care, Inc.",69fdef8238cbea6b3a68c358,"3rd810 - Pine Ridge Building J {MEL B, LLC}",evidenceOfInsurance,Evidence of Insurance,commercialGeneralLiability,Commercial General Liability,evidenceOfInsuranceCommercialGeneralLiabilityGeneralAggregateLimitAppliesPerLocation,General Aggregate Limit Applies per: Location,,matchOnce,must be present,,,waived,Block Requirements,Per location not a requirement per lease review,,false,0,,2026-08-16
"Block Real Estate Services, LLC",69fdf75c62446148bd855f70,69fded2362446148bd849231,"Johnson County Davita / Total Renal Care, Inc.",69fdef8238cbea6b3a68c358,"3rd810 - Pine Ridge Building J {MEL B, LLC}",evidenceOfInsurance,Evidence of Insurance,commercialGeneralLiability,Commercial General Liability,evidenceOfInsuranceCommercialGeneralLiabilityEachOccurrence,Each Occurrence,,matchOnce,must be greater or equal to,1000000,3000000,compliant,Block Requirements,,,false,1,,2026-08-16
"Block Real Estate Services, LLC",69fdf75c62446148bd855f70,69fded2362446148bd849231,"Johnson County Davita / Total Renal Care, Inc.",69fdef8238cbea6b3a68c358,"3rd810 - Pine Ridge Building J {MEL B, LLC}",evidenceOfInsurance,Evidence of Insurance,commercialGeneralLiability,Commercial General Liability,evidenceOfInsuranceCommercialGeneralLiabilityGeneralAggregate,General Aggregate,,matchOnce,must be greater or equal to,2000000,3000000,compliant,Block Requirements,,,false,1,,2026-08-16
"Block Real Estate Services, LLC",69fdf75c62446148bd855f70,69fded2362446148bd849231,"Johnson County Davita / Total Renal Care, Inc.",69fdef8238cbea6b3a68c358,"3rd810 - Pine Ridge Building J {MEL B, LLC}",evidenceOfInsurance,Evidence of Insurance,commercialGeneralLiability,Commercial General Liability,evidenceOfInsuranceCommercialGeneralLiabilityWaiverOfSubrogationEndorsement,Waiver of Subrogation,"---prompt---
Determine if the insurer has waived their right of subrogation in favor of the certificate holder under the Commercial General Liability policy. Evidence may include: a checked ""Waiver of Subrogation"" box on the certificate, mention in the Description of Operations section stating ""waiver of subrogation applies"", or reference to form CG 24 04. Look for language like ""subrogation is waived"" or ""per written contract"".",matchOnce,must be present,,Present,compliant,Block Requirements,,,false,1,,2026-08-16
"Block Real Estate Services, LLC",69fdf75c62446148bd855f70,69fded2362446148bd849231,"Johnson County Davita / Total Renal Care, Inc.",69fdef8238cbea6b3a68c358,"3rd810 - Pine Ridge Building J {MEL B, LLC}",evidenceOfInsurance,Evidence of Insurance,excessOrUmbrellaLiability,Umbrella/Excess Liability,evidenceOfInsuranceExcessOrUmbrellaLiabilityOccurence,Coverage Trigger: Occurrence,,matchOnce,must be present,,,waived,Block Requirements,,,false,0,,2026-08-16
"Block Real Estate Services, LLC",69fdf75c62446148bd855f70,69fded2362446148bd849231,"Johnson County Davita / Total Renal Care, Inc.",69fdef8238cbea6b3a68c358,"3rd810 - Pine Ridge Building J {MEL B, LLC}",evidenceOfInsurance,Evidence of Insurance,excessOrUmbrellaLiability,Umbrella/Excess Liability,evidenceOfInsuranceExcessOrUmbrellaLiabilityEachOccurrence,Each Occurrence,,matchOnce,must be greater or equal to,1000000,,waived,Block Requirements,,,false,0,,2026-08-16
"Block Real Estate Services, LLC",69fdf75c62446148bd855f70,69fded2362446148bd849231,"Johnson County Davita / Total Renal Care, Inc.",69fdef8238cbea6b3a68c358,"3rd810 - Pine Ridge Building J {MEL B, LLC}",evidenceOfInsurance,Evidence of Insurance,excessOrUmbrellaLiability,Umbrella/Excess Liability,evidenceOfInsuranceExcessOrUmbrellaLiabilityAggregate,Aggregate,,matchOnce,must be greater or equal to,1000000,,waived,Block Requirements,,,false,0,,2026-08-16
"Block Real Estate Services, LLC",69fdf75c62446148bd855f70,69fded2362446148bd849231,"Johnson County Davita / Total Renal Care, Inc.",69fdef8238cbea6b3a68c358,"3rd810 - Pine Ridge Building J {MEL B, LLC}",evidenceOfInsurance,Evidence of Insurance,workersCompensation,Workers' Compensation and Employer's Liability,evidenceOfInsuranceWorkersCompensationStatutoryLimits,Statutory Limits,,matchOnce,must be present,,Present,compliant,Block Requirements,,,false,1,,2026-08-16
"Block Real Estate Services, LLC",69fdf75c62446148bd855f70,69fded2362446148bd849231,"Johnson County Davita / Total Renal Care, Inc.",69fdef8238cbea6b3a68c358,"3rd810 - Pine Ridge Building J {MEL B, LLC}",evidenceOfInsurance,Evidence of Insurance,workersCompensation,Workers' Compensation and Employer's Liability,evidenceOfInsuranceWorkersCompensationEmployersLiabilityEachAccident,Employer's Liability Each Accident,,matchOnce,must be greater or equal to,500000,3000000,compliant,Block Requirements,,,false,1,,2026-08-16
"Block Real Estate Services, LLC",69fdf75c62446148bd855f70,69fded2362446148bd849231,"Johnson County Davita / Total Renal Care, Inc.",69fdef8238cbea6b3a68c358,"3rd810 - Pine Ridge Building J {MEL B, LLC}",evidenceOfInsurance,Evidence of Insurance,workersCompensation,Workers' Compensation and Employer's Liability,evidenceOfInsuranceWorkersCompensationEmployersLiabilityDiseaseEachEmployee,Employer's Liability Disease - each employee,,matchOnce,must be greater or equal to,500000,3000000,compliant,Block Requirements,,,false,1,,2026-08-16
"Block Real Estate Services, LLC",69fdf75c62446148bd855f70,69fded2362446148bd849231,"Johnson County Davita / Total Renal Care, Inc.",69fdef8238cbea6b3a68c358,"3rd810 - Pine Ridge Building J {MEL B, LLC}",evidenceOfInsurance,Evidence of Insurance,workersCompensation,Workers' Compensation and Employer's Liability,evidenceOfInsuranceWorkersCompensationEmployersLiabilityDiseasePolicyLimit,Employer's Liability Disease - policy limit,,matchOnce,must be greater or equal to,500000,3000000,compliant,Block Requirements,,,false,1,,2026-08-16
"Block Real Estate Services, LLC",69fdf75c62446148bd855f70,69fded2362446148bd849231,"Johnson County Davita / Total Renal Care, Inc.",69fdef8238cbea6b3a68c358,"3rd810 - Pine Ridge Building J {MEL B, LLC}",evidenceOfInsurance,Evidence of Insurance,workersCompensation,Workers' Compensation and Employer's Liability,evidenceOfInsuranceWorkersCompensationWaiverOfSubrogationEndorsement,Waiver of Subrogation,"---prompt---
Determine if the insurer has waived their right of subrogation in favor of the certificate holder under the Workers' Compensation policy. Evidence may include: a checked ""Waiver of Subrogation"" box on the certificate, mention in the Description of Operations section stating ""waiver of subrogation applies"", or reference to form WC 00 03 13. Look for language like ""subrogation is waived"" or ""per written contract"".",matchOnce,must be present,,Present,compliant,Block Requirements,,,false,1,,2026-08-16
"Block Real Estate Services, LLC",69fdf75c62446148bd855f70,69fded2362446148bd849231,"Johnson County Davita / Total Renal Care, Inc.",69fdef8238cbea6b3a68c358,"3rd810 - Pine Ridge Building J {MEL B, LLC}",evidenceOfInsurance,Evidence of Insurance,6ac20aae-5728-5d57-b364-aeba38527dba,Additional Requirements,4da5b0f1-4c9d-5885-8cf8-5d3cccaed3e0,"Block Real Estate Services, LLC and all others required by contract are named as Additional Insureds","---prompt---
Determine if the Description of Operations or the Additional Remarks Schedule section states the ""Additional Insured as Construction Management, Inc. and all others required by contract"" or reference to blanket additional insured coverage. Look for language like ""certificate holder is additional insured"" or ""per written contract"".",matchOnce,must be present,,Present,compliant,Block Requirements,,,true,1,,2026-08-16
"Block Real Estate Services, LLC",69fdf75c62446148bd855f70,69fded2362446148bd849231,"Johnson County Davita / Total Renal Care, Inc.",69fdef8238cbea6b3a68c358,"3rd810 - Pine Ridge Building J {MEL B, LLC}",evidenceOfInsurance,Evidence of Insurance,6ac20aae-5728-5d57-b364-aeba38527dba,Additional Requirements,e1017741-e47e-5f58-97b8-fbc3043e919f,Umbrella follows form over General Liability,"---prompt---
Determine if the Umbrella/Excess Liability policy follows form to the underlying policies. Evidence may include: language in the Description of Operations section stating the umbrella follows form to underlying coverages or an additional page endorsement stating that it follows form. Follow form means the umbrella policy adopts the same terms, conditions, and exclusions as the underlying policies.",matchOnce,must be present,,Present,waived,Block Requirements,Umbrella requirement waived,,true,1,,2026-08-16
"Block Real Estate Services, LLC",69fdf75c62446148bd855f70,69fded2362446148bd849231,"Johnson County Davita / Total Renal Care, Inc.",69fdef8238cbea6b3a68c358,"3rd810 - Pine Ridge Building J {MEL B, LLC}",evidenceOfInsurance,Evidence of Insurance,6ac20aae-5728-5d57-b364-aeba38527dba,Additional Requirements,2cdd866f-c9a4-576a-afd8-1d045762790c,"The location must be listed as: 10453 W. 84th Terrace, Lenexa, KS, 66214",,matchOnce,must be present,,Present,compliant,Block Requirements,,,true,1,,2026-08-16
"Block Real Estate Services, LLC",69fdf75c62446148bd855f70,69fded2362446148bd849231,"Johnson County Davita / Total Renal Care, Inc.",69fdef8238cbea6b3a68c358,"3rd810 - Pine Ridge Building J {MEL B, LLC}",evidenceOfInsurance,Evidence of Insurance,6ac20aae-5728-5d57-b364-aeba38527dba,Additional Requirements,3649e9d1-4e09-59bf-8f30-cb33c40cf117,"Certificate Holder must read: c/o Block Real Estate Services, LLC, 4622 Pennsylvania St., Suite 700, Kansas City, MO, 64112",,matchOnce,must be present,,Present,compliant,Block Requirements,,,true,1,,2026-08-16
"Block Real Estate Services, LLC",6a1dff2768f8b1cfc37cbb9b,6a1dff1ca79f4c38d5103b69,"Design & Detail / Mel B, LLC",69fdef8238cbea6b3a68c358,"3rd810 - Pine Ridge Building J {MEL B, LLC}",evidenceOfInsurance,Evidence of Insurance,commercialGeneralLiability,Commercial General Liability,evidenceOfInsuranceCommercialGeneralLiabilityCoverageTriggerOccurrence,Coverage Trigger: Occurrence,,matchOnce,must be present,,,non_compliant,Block Requirements,,,false,0,,2026-08-16
"Block Real Estate Services, LLC",6a1dff2768f8b1cfc37cbb9b,6a1dff1ca79f4c38d5103b69,"Design & Detail / Mel B, LLC",69fdef8238cbea6b3a68c358,"3rd810 - Pine Ridge Building J {MEL B, LLC}",evidenceOfInsurance,Evidence of Insurance,commercialGeneralLiability,Commercial General Liability,evidenceOfInsuranceCommercialGeneralLiabilityGeneralAggregateLimitAppliesPerLocation,General Aggregate Limit Applies per: Location,,matchOnce,must be present,,,non_compliant,Block Requirements,,,false,0,,2026-08-16
"Block Real Estate Services, LLC",6a1dff2768f8b1cfc37cbb9b,6a1dff1ca79f4c38d5103b69,"Design & Detail / Mel B, LLC",69fdef8238cbea6b3a68c358,"3rd810 - Pine Ridge Building J {MEL B, LLC}",evidenceOfInsurance,Evidence of Insurance,commercialGeneralLiability,Commercial General Liability,evidenceOfInsuranceCommercialGeneralLiabilityEachOccurrence,Each Occurrence,,matchOnce,must be greater or equal to,1000000,,non_compliant,Block Requirements,,,false,0,,2026-08-16
"Block Real Estate Services, LLC",6a1dff2768f8b1cfc37cbb9b,6a1dff1ca79f4c38d5103b69,"Design & Detail / Mel B, LLC",69fdef8238cbea6b3a68c358,"3rd810 - Pine Ridge Building J {MEL B, LLC}",evidenceOfInsurance,Evidence of Insurance,commercialGeneralLiability,Commercial General Liability,evidenceOfInsuranceCommercialGeneralLiabilityGeneralAggregate,General Aggregate,,matchOnce,must be greater or equal to,2000000,,non_compliant,Block Requirements,,,false,0,,2026-08-16
"Block Real Estate Services, LLC",6a1dff2768f8b1cfc37cbb9b,6a1dff1ca79f4c38d5103b69,"Design & Detail / Mel B, LLC",69fdef8238cbea6b3a68c358,"3rd810 - Pine Ridge Building J {MEL B, LLC}",evidenceOfInsurance,Evidence of Insurance,commercialGeneralLiability,Commercial General Liability,evidenceOfInsuranceCommercialGeneralLiabilityWaiverOfSubrogationEndorsement,Waiver of Subrogation,"---prompt---
Determine if the insurer has waived their right of subrogation in favor of the certificate holder under the Commercial General Liability policy. Evidence may include: a checked ""Waiver of Subrogation"" box on the certificate, mention in the Description of Operations section stating ""waiver of subrogation applies"", or reference to form CG 24 04. Look for language like ""subrogation is waived"" or ""per written contract"".",matchOnce,must be present,,,non_compliant,Block Requirements,,,false,0,,2026-08-16
"Block Real Estate Services, LLC",6a1dff2768f8b1cfc37cbb9b,6a1dff1ca79f4c38d5103b69,"Design & Detail / Mel B, LLC",69fdef8238cbea6b3a68c358,"3rd810 - Pine Ridge Building J {MEL B, LLC}",evidenceOfInsurance,Evidence of Insurance,excessOrUmbrellaLiability,Umbrella/Excess Liability,evidenceOfInsuranceExcessOrUmbrellaLiabilityOccurence,Coverage Trigger: Occurrence,,matchOnce,must be present,,,non_compliant,Block Requirements,,,false,0,,2026-08-16
"Block Real Estate Services, LLC",6a1dff2768f8b1cfc37cbb9b,6a1dff1ca79f4c38d5103b69,"Design & Detail / Mel B, LLC",69fdef8238cbea6b3a68c358,"3rd810 - Pine Ridge Building J {MEL B, LLC}",evidenceOfInsurance,Evidence of Insurance,excessOrUmbrellaLiability,Umbrella/Excess Liability,evidenceOfInsuranceExcessOrUmbrellaLiabilityEachOccurrence,Each Occurrence,,matchOnce,must be greater or equal to,1000000,,non_compliant,Block Requirements,,,false,0,,2026-08-16
"Block Real Estate Services, LLC",6a1dff2768f8b1cfc37cbb9b,6a1dff1ca79f4c38d5103b69,"Design & Detail / Mel B, LLC",69fdef8238cbea6b3a68c358,"3rd810 - Pine Ridge Building J {MEL B, LLC}",evidenceOfInsurance,Evidence of Insurance,excessOrUmbrellaLiability,Umbrella/Excess Liability,evidenceOfInsuranceExcessOrUmbrellaLiabilityAggregate,Aggregate,,matchOnce,must be greater or equal to,1000000,,non_compliant,Block Requirements,,,false,0,,2026-08-16
"Block Real Estate Services, LLC",6a1dff2768f8b1cfc37cbb9b,6a1dff1ca79f4c38d5103b69,"Design & Detail / Mel B, LLC",69fdef8238cbea6b3a68c358,"3rd810 - Pine Ridge Building J {MEL B, LLC}",evidenceOfInsurance,Evidence of Insurance,workersCompensation,Workers' Compensation and Employer's Liability,evidenceOfInsuranceWorkersCompensationStatutoryLimits,Statutory Limits,,matchOnce,must be present,,,non_compliant,Block Requirements,,,false,0,,2026-08-16
"Block Real Estate Services, LLC",6a1dff2768f8b1cfc37cbb9b,6a1dff1ca79f4c38d5103b69,"Design & Detail / Mel B, LLC",69fdef8238cbea6b3a68c358,"3rd810 - Pine Ridge Building J {MEL B, LLC}",evidenceOfInsurance,Evidence of Insurance,workersCompensation,Workers' Compensation and Employer's Liability,evidenceOfInsuranceWorkersCompensationEmployersLiabilityEachAccident,Employer's Liability Each Accident,,matchOnce,must be greater or equal to,500000,,non_compliant,Block Requirements,,,false,0,,2026-08-16
"Block Real Estate Services, LLC",6a1dff2768f8b1cfc37cbb9b,6a1dff1ca79f4c38d5103b69,"Design & Detail / Mel B, LLC",69fdef8238cbea6b3a68c358,"3rd810 - Pine Ridge Building J {MEL B, LLC}",evidenceOfInsurance,Evidence of Insurance,workersCompensation,Workers' Compensation and Employer's Liability,evidenceOfInsuranceWorkersCompensationEmployersLiabilityDiseaseEachEmployee,Employer's Liability Disease - each employee,,matchOnce,must be greater or equal to,500000,,non_compliant,Block Requirements,,,false,0,,2026-08-16
"Block Real Estate Services, LLC",6a1dff2768f8b1cfc37cbb9b,6a1dff1ca79f4c38d5103b69,"Design & Detail / Mel B, LLC",69fdef8238cbea6b3a68c358,"3rd810 - Pine Ridge Building J {MEL B, LLC}",evidenceOfInsurance,Evidence of Insurance,workersCompensation,Workers' Compensation and Employer's Liability,evidenceOfInsuranceWorkersCompensationEmployersLiabilityDiseasePolicyLimit,Employer's Liability Disease - policy limit,,matchOnce,must be greater or equal to,500000,,non_compliant,Block Requirements,,,false,0,,2026-08-16
"Block Real Estate Services, LLC",6a1dff2768f8b1cfc37cbb9b,6a1dff1ca79f4c38d5103b69,"Design & Detail / Mel B, LLC",69fdef8238cbea6b3a68c358,"3rd810 - Pine Ridge Building J {MEL B, LLC}",evidenceOfInsurance,Evidence of Insurance,workersCompensation,Workers' Compensation and Employer's Liability,evidenceOfInsuranceWorkersCompensationWaiverOfSubrogationEndorsement,Waiver of Subrogation,"---prompt---
Determine if the insurer has waived their right of subrogation in favor of the certificate holder under the Workers' Compensation policy. Evidence may include: a checked ""Waiver of Subrogation"" box on the certificate, mention in the Description of Operations section stating ""waiver of subrogation applies"", or reference to form WC 00 03 13. Look for language like ""subrogation is waived"" or ""per written contract"".",matchOnce,must be present,,,non_compliant,Block Requirements,,,false,0,,2026-08-16
"Block Real Estate Services, LLC",6a1dff2768f8b1cfc37cbb9b,6a1dff1ca79f4c38d5103b69,"Design & Detail / Mel B, LLC",69fdef8238cbea6b3a68c358,"3rd810 - Pine Ridge Building J {MEL B, LLC}",evidenceOfInsurance,Evidence of Insurance,6ac20aae-5728-5d57-b364-aeba38527dba,Additional Requirements,4da5b0f1-4c9d-5885-8cf8-5d3cccaed3e0,"Block Real Estate Services, LLC and all others required by contract are named as Additional Insureds","---prompt---
Determine if the Description of Operations or the Additional Remarks Schedule section states the ""Additional Insured as Construction Management, Inc. and all others required by contract"" or reference to blanket additional insured coverage. Look for language like ""certificate holder is additional insured"" or ""per written contract"".",matchOnce,must be present,,,non_compliant,Block Requirements,,,true,0,,2026-08-16
"Block Real Estate Services, LLC",6a1dff2768f8b1cfc37cbb9b,6a1dff1ca79f4c38d5103b69,"Design & Detail / Mel B, LLC",69fdef8238cbea6b3a68c358,"3rd810 - Pine Ridge Building J {MEL B, LLC}",evidenceOfInsurance,Evidence of Insurance,6ac20aae-5728-5d57-b364-aeba38527dba,Additional Requirements,e1017741-e47e-5f58-97b8-fbc3043e919f,Umbrella follows form over General Liability,"---prompt---
Determine if the Umbrella/Excess Liability policy follows form to the underlying policies. Evidence may include: language in the Description of Operations section stating the umbrella follows form to underlying coverages or an additional page endorsement stating that it follows form. Follow form means the umbrella policy adopts the same terms, conditions, and exclusions as the underlying policies.",matchOnce,must be present,,,non_compliant,Block Requirements,,,true,0,,2026-08-16
"Block Real Estate Services, LLC",6a1dff2768f8b1cfc37cbb9b,6a1dff1ca79f4c38d5103b69,"Design & Detail / Mel B, LLC",69fdef8238cbea6b3a68c358,"3rd810 - Pine Ridge Building J {MEL B, LLC}",evidenceOfInsurance,Evidence of Insurance,6ac20aae-5728-5d57-b364-aeba38527dba,Additional Requirements,2cdd866f-c9a4-576a-afd8-1d045762790c,"The location must be listed as: 10505, 10509, 10513 W. 84th Terrace Lenexa KS 66214",,matchOnce,must be present,,,non_compliant,Block Requirements,,,true,0,,2026-08-16
"Block Real Estate Services, LLC",6a1dff2768f8b1cfc37cbb9b,6a1dff1ca79f4c38d5103b69,"Design & Detail / Mel B, LLC",69fdef8238cbea6b3a68c358,"3rd810 - Pine Ridge Building J {MEL B, LLC}",evidenceOfInsurance,Evidence of Insurance,6ac20aae-5728-5d57-b364-aeba38527dba,Additional Requirements,3649e9d1-4e09-59bf-8f30-cb33c40cf117,"Certificate Holder must read: c/o Block Real Estate Services, LLC, 4622 Pennsylvania St., Suite 700, Kansas City, MO, 64112",,matchOnce,must be present,,,non_compliant,Block Requirements,,,true,0,,2026-08-16
"Block Real Estate Services, LLC",69fdf78062446148bd8587c3,69fded1162446148bd848c97,"Commercial Industrial Supply, LLC",69fdf08a38cbea6b3a6914e6,"kci892 - Riverside Industrial Center 2 {Riverside Industrial Center Investment, LLC}",evidenceOfInsurance,Evidence of Insurance,commercialGeneralLiability,Commercial General Liability,evidenceOfInsuranceCommercialGeneralLiabilityCoverageTriggerOccurrence,Coverage Trigger: Occurrence,,matchOnce,must be present,,Present,compliant,Block Requirements,,,false,1,,2026-08-16
"Block Real Estate Services, LLC",69fdf78062446148bd8587c3,69fded1162446148bd848c97,"Commercial Industrial Supply, LLC",69fdf08a38cbea6b3a6914e6,"kci892 - Riverside Industrial Center 2 {Riverside Industrial Center Investment, LLC}",evidenceOfInsurance,Evidence of Insurance,commercialGeneralLiability,Commercial General Liability,evidenceOfInsuranceCommercialGeneralLiabilityGeneralAggregateLimitAppliesPerLocation,General Aggregate Limit Applies per: Location,,matchOnce,must be present,,Present,compliant,Block Requirements,,,false,1,,2026-08-16
"Block Real Estate Services, LLC",69fdf78062446148bd8587c3,69fded1162446148bd848c97,"Commercial Industrial Supply, LLC",69fdf08a38cbea6b3a6914e6,"kci892 - Riverside Industrial Center 2 {Riverside Industrial Center Investment, LLC}",evidenceOfInsurance,Evidence of Insurance,commercialGeneralLiability,Commercial General Liability,evidenceOfInsuranceCommercialGeneralLiabilityEachOccurrence,Each Occurrence,,matchOnce,must be greater or equal to,1000000,1000000,compliant,Block Requirements,,,false,1,,2026-08-16
"Block Real Estate Services, LLC",69fdf78062446148bd8587c3,69fded1162446148bd848c97,"Commercial Industrial Supply, LLC",69fdf08a38cbea6b3a6914e6,"kci892 - Riverside Industrial Center 2 {Riverside Industrial Center Investment, LLC}",evidenceOfInsurance,Evidence of Insurance,commercialGeneralLiability,Commercial General Liability,evidenceOfInsuranceCommercialGeneralLiabilityGeneralAggregate,General Aggregate,,matchOnce,must be greater or equal to,2000000,2000000,compliant,Block Requirements,,,false,1,,2026-08-16
"Block Real Estate Services, LLC",69fdf78062446148bd8587c3,69fded1162446148bd848c97,"Commercial Industrial Supply, LLC",69fdf08a38cbea6b3a6914e6,"kci892 - Riverside Industrial Center 2 {Riverside Industrial Center Investment, LLC}",evidenceOfInsurance,Evidence of Insurance,commercialGeneralLiability,Commercial General Liability,evidenceOfInsuranceCommercialGeneralLiabilityWaiverOfSubrogationEndorsement,Waiver of Subrogation,"---prompt---
Determine if the insurer has waived their right of subrogation in favor of the certificate holder under the Commercial General Liability policy. Evidence may include: a checked ""Waiver of Subrogation"" box on the certificate, mention in the Description of Operations section stating ""waiver of subrogation applies"", or reference to form CG 24 04. Look for language like ""subrogation is waived"" or ""per written contract"".",matchOnce,must be present,,Present,compliant,Block Requirements,,,false,1,,2026-08-16
"Block Real Estate Services, LLC",69fdf78062446148bd8587c3,69fded1162446148bd848c97,"Commercial Industrial Supply, LLC",69fdf08a38cbea6b3a6914e6,"kci892 - Riverside Industrial Center 2 {Riverside Industrial Center Investment, LLC}",evidenceOfInsurance,Evidence of Insurance,excessOrUmbrellaLiability,Umbrella/Excess Liability,evidenceOfInsuranceExcessOrUmbrellaLiabilityOccurence,Coverage Trigger: Occurrence,,matchOnce,must be present,,Present,compliant,Block Requirements,,,false,1,,2026-08-16
"Block Real Estate Services, LLC",69fdf78062446148bd8587c3,69fded1162446148bd848c97,"Commercial Industrial Supply, LLC",69fdf08a38cbea6b3a6914e6,"kci892 - Riverside Industrial Center 2 {Riverside Industrial Center Investment, LLC}",evidenceOfInsurance,Evidence of Insurance,excessOrUmbrellaLiability,Umbrella/Excess Liability,evidenceOfInsuranceExcessOrUmbrellaLiabilityEachOccurrence,Each Occurrence,,matchOnce,must be greater or equal to,1000000,1000000,compliant,Block Requirements,,,false,1,,2026-08-16
"Block Real Estate Services, LLC",69fdf78062446148bd8587c3,69fded1162446148bd848c97,"Commercial Industrial Supply, LLC",69fdf08a38cbea6b3a6914e6,"kci892 - Riverside Industrial Center 2 {Riverside Industrial Center Investment, LLC}",evidenceOfInsurance,Evidence of Insurance,excessOrUmbrellaLiability,Umbrella/Excess Liability,evidenceOfInsuranceExcessOrUmbrellaLiabilityAggregate,Aggregate,,matchOnce,must be greater or equal to,1000000,1000000,compliant,Block Requirements,,,false,1,,2026-08-16
"Block Real Estate Services, LLC",69fdf78062446148bd8587c3,69fded1162446148bd848c97,"Commercial Industrial Supply, LLC",69fdf08a38cbea6b3a6914e6,"kci892 - Riverside Industrial Center 2 {Riverside Industrial Center Investment, LLC}",evidenceOfInsurance,Evidence of Insurance,workersCompensation,Workers' Compensation and Employer's Liability,evidenceOfInsuranceWorkersCompensationStatutoryLimits,Statutory Limits,,matchOnce,must be present,,Present,compliant,Block Requirements,,,false,1,,2026-08-16
"Block Real Estate Services, LLC",69fdf78062446148bd8587c3,69fded1162446148bd848c97,"Commercial Industrial Supply, LLC",69fdf08a38cbea6b3a6914e6,"kci892 - Riverside Industrial Center 2 {Riverside Industrial Center Investment, LLC}",evidenceOfInsurance,Evidence of Insurance,workersCompensation,Workers' Compensation and Employer's Liability,evidenceOfInsuranceWorkersCompensationEmployersLiabilityEachAccident,Employer's Liability Each Accident,,matchOnce,must be greater or equal to,500000,1000000,compliant,Block Requirements,,,false,1,,2026-08-16
"Block Real Estate Services, LLC",69fdf78062446148bd8587c3,69fded1162446148bd848c97,"Commercial Industrial Supply, LLC",69fdf08a38cbea6b3a6914e6,"kci892 - Riverside Industrial Center 2 {Riverside Industrial Center Investment, LLC}",evidenceOfInsurance,Evidence of Insurance,workersCompensation,Workers' Compensation and Employer's Liability,evidenceOfInsuranceWorkersCompensationEmployersLiabilityDiseaseEachEmployee,Employer's Liability Disease - each employee,,matchOnce,must be greater or equal to,500000,1000000,compliant,Block Requirements,,,false,1,,2026-08-16
"Block Real Estate Services, LLC",69fdf78062446148bd8587c3,69fded1162446148bd848c97,"Commercial Industrial Supply, LLC",69fdf08a38cbea6b3a6914e6,"kci892 - Riverside Industrial Center 2 {Riverside Industrial Center Investment, LLC}",evidenceOfInsurance,Evidence of Insurance,workersCompensation,Workers' Compensation and Employer's Liability,evidenceOfInsuranceWorkersCompensationEmployersLiabilityDiseasePolicyLimit,Employer's Liability Disease - policy limit,,matchOnce,must be greater or equal to,500000,1000000,compliant,Block Requirements,,,false,1,,2026-08-16
"Block Real Estate Services, LLC",69fdf78062446148bd8587c3,69fded1162446148bd848c97,"Commercial Industrial Supply, LLC",69fdf08a38cbea6b3a6914e6,"kci892 - Riverside Industrial Center 2 {Riverside Industrial Center Investment, LLC}",evidenceOfInsurance,Evidence of Insurance,workersCompensation,Workers' Compensation and Employer's Liability,evidenceOfInsuranceWorkersCompensationWaiverOfSubrogationEndorsement,Waiver of Subrogation,"---prompt---
Determine if the insurer has waived their right of subrogation in favor of the certificate holder under the Workers' Compensation policy. Evidence may include: a checked ""Waiver of Subrogation"" box on the certificate, mention in the Description of Operations section stating ""waiver of subrogation applies"", or reference to form WC 00 03 13. Look for language like ""subrogation is waived"" or ""per written contract"".",matchOnce,must be present,,,waived,Block Requirements,WoS for WC not available in state of MO,,false,0,,2026-08-16
"Block Real Estate Services, LLC",69fdf78062446148bd8587c3,69fded1162446148bd848c97,"Commercial Industrial Supply, LLC",69fdf08a38cbea6b3a6914e6,"kci892 - Riverside Industrial Center 2 {Riverside Industrial Center Investment, LLC}",evidenceOfInsurance,Evidence of Insurance,6ac20aae-5728-5d57-b364-aeba38527dba,Additional Requirements,4da5b0f1-4c9d-5885-8cf8-5d3cccaed3e0,"Block Real Estate Services, LLC and all others required by contract are named as Additional Insureds","---prompt---
Determine if the Description of Operations or the Additional Remarks Schedule section states the ""Additional Insured as Construction Management, Inc. and all others required by contract"" or reference to blanket additional insured coverage. Look for language like ""certificate holder is additional insured"" or ""per written contract"".",matchOnce,must be present,,Present,compliant,Block Requirements,,,true,1,,2026-08-16
"Block Real Estate Services, LLC",69fdf78062446148bd8587c3,69fded1162446148bd848c97,"Commercial Industrial Supply, LLC",69fdf08a38cbea6b3a6914e6,"kci892 - Riverside Industrial Center 2 {Riverside Industrial Center Investment, LLC}",evidenceOfInsurance,Evidence of Insurance,6ac20aae-5728-5d57-b364-aeba38527dba,Additional Requirements,e1017741-e47e-5f58-97b8-fbc3043e919f,Umbrella follows form over General Liability,"---prompt---
Determine if the Umbrella/Excess Liability policy follows form to the underlying policies. Evidence may include: language in the Description of Operations section stating the umbrella follows form to underlying coverages or an additional page endorsement stating that it follows form. Follow form means the umbrella policy adopts the same terms, conditions, and exclusions as the underlying policies.",matchOnce,must be present,,Present,compliant,Block Requirements,,,true,1,,2026-08-16
"Block Real Estate Services, LLC",69fdf78062446148bd8587c3,69fded1162446148bd848c97,"Commercial Industrial Supply, LLC",69fdf08a38cbea6b3a6914e6,"kci892 - Riverside Industrial Center 2 {Riverside Industrial Center Investment, LLC}",evidenceOfInsurance,Evidence of Insurance,6ac20aae-5728-5d57-b364-aeba38527dba,Additional Requirements,2cdd866f-c9a4-576a-afd8-1d045762790c,"The location must be listed as: 106, 108, 112, 114 NW Business Park Lane, Riverside, MO, 64150",,matchOnce,must be present,,Present,compliant,Block Requirements,,,true,1,,2026-08-16
"Block Real Estate Services, LLC",69fdf78062446148bd8587c3,69fded1162446148bd848c97,"Commercial Industrial Supply, LLC",69fdf08a38cbea6b3a6914e6,"kci892 - Riverside Industrial Center 2 {Riverside Industrial Center Investment, LLC}",evidenceOfInsurance,Evidence of Insurance,6ac20aae-5728-5d57-b364-aeba38527dba,Additional Requirements,3649e9d1-4e09-59bf-8f30-cb33c40cf117,"Certificate Holder must read: c/o Block Real Estate Services, LLC, 4622 Pennsylvania St., Suite 700, Kansas City, MO, 64112",,matchOnce,must be present,,Present,compliant,Block Requirements,,,true,1,,2026-08-16
"Block Real Estate Services, LLC",69fdf78062446148bd8587c4,69fded1662446148bd848e20,"The Shredder + MedShred / Green Resource Management, Inc.",69fdf08a38cbea6b3a6914e6,"kci892 - Riverside Industrial Center 2 {Riverside Industrial Center Investment, LLC}",evidenceOfInsurance,Evidence of Insurance,commercialGeneralLiability,Commercial General Liability,evidenceOfInsuranceCommercialGeneralLiabilityCoverageTriggerOccurrence,Coverage Trigger: Occurrence,,matchOnce,must be present,,Present,compliant,Block Requirements,,,false,1,,2026-08-16
"Block Real Estate Services, LLC",69fdf78062446148bd8587c4,69fded1662446148bd848e20,"The Shredder + MedShred / Green Resource Management, Inc.",69fdf08a38cbea6b3a6914e6,"kci892 - Riverside Industrial Center 2 {Riverside Industrial Center Investment, LLC}",evidenceOfInsurance,Evidence of Insurance,commercialGeneralLiability,Commercial General Liability,evidenceOfInsuranceCommercialGeneralLiabilityGeneralAggregateLimitAppliesPerLocation,General Aggregate Limit Applies per: Location,,matchOnce,must be present,,,non_compliant,Block Requirements,,,false,0,,2026-08-16
"Block Real Estate Services, LLC",69fdf78062446148bd8587c4,69fded1662446148bd848e20,"The Shredder + MedShred / Green Resource Management, Inc.",69fdf08a38cbea6b3a6914e6,"kci892 - Riverside Industrial Center 2 {Riverside Industrial Center Investment, LLC}",evidenceOfInsurance,Evidence of Insurance,commercialGeneralLiability,Commercial General Liability,evidenceOfInsuranceCommercialGeneralLiabilityEachOccurrence,Each Occurrence,,matchOnce,must be greater or equal to,1000000,1000000,compliant,Block Requirements,,,false,1,,2026-08-16
"Block Real Estate Services, LLC",69fdf78062446148bd8587c4,69fded1662446148bd848e20,"The Shredder + MedShred / Green Resource Management, Inc.",69fdf08a38cbea6b3a6914e6,"kci892 - Riverside Industrial Center 2 {Riverside Industrial Center Investment, LLC}",evidenceOfInsurance,Evidence of Insurance,commercialGeneralLiability,Commercial General Liability,evidenceOfInsuranceCommercialGeneralLiabilityGeneralAggregate,General Aggregate,,matchOnce,must be greater or equal to,2000000,2000000,compliant,Block Requirements,,,false,1,,2026-08-16
"Block Real Estate Services, LLC",69fdf78062446148bd8587c4,69fded1662446148bd848e20,"The Shredder + MedShred / Green Resource Management, Inc.",69fdf08a38cbea6b3a6914e6,"kci892 - Riverside Industrial Center 2 {Riverside Industrial Center Investment, LLC}",evidenceOfInsurance,Evidence of Insurance,commercialGeneralLiability,Commercial General Liability,evidenceOfInsuranceCommercialGeneralLiabilityWaiverOfSubrogationEndorsement,Waiver of Subrogation,"---prompt---
Determine if the insurer has waived their right of subrogation in favor of the certificate holder under the Commercial General Liability policy. Evidence may include: a checked ""Waiver of Subrogation"" box on the certificate, mention in the Description of Operations section stating ""waiver of subrogation applies"", or reference to form CG 24 04. Look for language like ""subrogation is waived"" or ""per written contract"".",matchOnce,must be present,,Present,compliant,Block Requirements,,,false,1,,2026-08-16
"Block Real Estate Services, LLC",69fdf78062446148bd8587c4,69fded1662446148bd848e20,"The Shredder + MedShred / Green Resource Management, Inc.",69fdf08a38cbea6b3a6914e6,"kci892 - Riverside Industrial Center 2 {Riverside Industrial Center Investment, LLC}",evidenceOfInsurance,Evidence of Insurance,excessOrUmbrellaLiability,Umbrella/Excess Liability,evidenceOfInsuranceExcessOrUmbrellaLiabilityOccurence,Coverage Trigger: Occurrence,,matchOnce,must be present,,Present,compliant,Block Requirements,,,false,1,,2026-08-16
"Block Real Estate Services, LLC",69fdf78062446148bd8587c4,69fded1662446148bd848e20,"The Shredder + MedShred / Green Resource Management, Inc.",69fdf08a38cbea6b3a6914e6,"kci892 - Riverside Industrial Center 2 {Riverside Industrial Center Investment, LLC}",evidenceOfInsurance,Evidence of Insurance,excessOrUmbrellaLiability,Umbrella/Excess Liability,evidenceOfInsuranceExcessOrUmbrellaLiabilityEachOccurrence,Each Occurrence,,matchOnce,must be greater or equal to,1000000,4000000,compliant,Block Requirements,,,false,1,,2026-08-16
"Block Real Estate Services, LLC",69fdf78062446148bd8587c4,69fded1662446148bd848e20,"The Shredder + MedShred / Green Resource Management, Inc.",69fdf08a38cbea6b3a6914e6,"kci892 - Riverside Industrial Center 2 {Riverside Industrial Center Investment, LLC}",evidenceOfInsurance,Evidence of Insurance,excessOrUmbrellaLiability,Umbrella/Excess Liability,evidenceOfInsuranceExcessOrUmbrellaLiabilityAggregate,Aggregate,,matchOnce,must be greater or equal to,1000000,4000000,compliant,Block Requirements,,,false,1,,2026-08-16
"Block Real Estate Services, LLC",69fdf78062446148bd8587c4,69fded1662446148bd848e20,"The Shredder + MedShred / Green Resource Management, Inc.",69fdf08a38cbea6b3a6914e6,"kci892 - Riverside Industrial Center 2 {Riverside Industrial Center Investment, LLC}",evidenceOfInsurance,Evidence of Insurance,workersCompensation,Workers' Compensation and Employer's Liability,evidenceOfInsuranceWorkersCompensationStatutoryLimits,Statutory Limits,,matchOnce,must be present,,Present,compliant,Block Requirements,,,false,1,,2026-08-16
"Block Real Estate Services, LLC",69fdf78062446148bd8587c4,69fded1662446148bd848e20,"The Shredder + MedShred / Green Resource Management, Inc.",69fdf08a38cbea6b3a6914e6,"kci892 - Riverside Industrial Center 2 {Riverside Industrial Center Investment, LLC}",evidenceOfInsurance,Evidence of Insurance,workersCompensation,Workers' Compensation and Employer's Liability,evidenceOfInsuranceWorkersCompensationEmployersLiabilityEachAccident,Employer's Liability Each Accident,,matchOnce,must be greater or equal to,500000,500000,compliant,Block Requirements,,,false,1,,2026-08-16
"Block Real Estate Services, LLC",69fdf78062446148bd8587c4,69fded1662446148bd848e20,"The Shredder + MedShred / Green Resource Management, Inc.",69fdf08a38cbea6b3a6914e6,"kci892 - Riverside Industrial Center 2 {Riverside Industrial Center Investment, LLC}",evidenceOfInsurance,Evidence of Insurance,workersCompensation,Workers' Compensation and Employer's Liability,evidenceOfInsuranceWorkersCompensationEmployersLiabilityDiseaseEachEmployee,Employer's Liability Disease - each employee,,matchOnce,must be greater or equal to,500000,500000,compliant,Block Requirements,,,false,1,,2026-08-16
"Block Real Estate Services, LLC",69fdf78062446148bd8587c4,69fded1662446148bd848e20,"The Shredder + MedShred / Green Resource Management, Inc.",69fdf08a38cbea6b3a6914e6,"kci892 - Riverside Industrial Center 2 {Riverside Industrial Center Investment, LLC}",evidenceOfInsurance,Evidence of Insurance,workersCompensation,Workers' Compensation and Employer's Liability,evidenceOfInsuranceWorkersCompensationEmployersLiabilityDiseasePolicyLimit,Employer's Liability Disease - policy limit,,matchOnce,must be greater or equal to,500000,500000,compliant,Block Requirements,,,false,1,,2026-08-16
"Block Real Estate Services, LLC",69fdf78062446148bd8587c4,69fded1662446148bd848e20,"The Shredder + MedShred / Green Resource Management, Inc.",69fdf08a38cbea6b3a6914e6,"kci892 - Riverside Industrial Center 2 {Riverside Industrial Center Investment, LLC}",evidenceOfInsurance,Evidence of Insurance,workersCompensation,Workers' Compensation and Employer's Liability,evidenceOfInsuranceWorkersCompensationWaiverOfSubrogationEndorsement,Waiver of Subrogation,"---prompt---
Determine if the insurer has waived their right of subrogation in favor of the certificate holder under the Workers' Compensation policy. Evidence may include: a checked ""Waiver of Subrogation"" box on the certificate, mention in the Description of Operations section stating ""waiver of subrogation applies"", or reference to form WC 00 03 13. Look for language like ""subrogation is waived"" or ""per written contract"".",matchOnce,must be present,,Present,compliant,Block Requirements,,,false,1,,2026-08-16
"Block Real Estate Services, LLC",69fdf78062446148bd8587c4,69fded1662446148bd848e20,"The Shredder + MedShred / Green Resource Management, Inc.",69fdf08a38cbea6b3a6914e6,"kci892 - Riverside Industrial Center 2 {Riverside Industrial Center Investment, LLC}",evidenceOfInsurance,Evidence of Insurance,6ac20aae-5728-5d57-b364-aeba38527dba,Additional Requirements,4da5b0f1-4c9d-5885-8cf8-5d3cccaed3e0,"Block Real Estate Services, LLC and all others required by contract are named as Additional Insureds","---prompt---
Determine if the Description of Operations or the Additional Remarks Schedule section states the ""Additional Insured as Construction Management, Inc. and all others required by contract"" or reference to blanket additional insured coverage. Look for language like ""certificate holder is additional insured"" or ""per written contract"".",matchOnce,must be present,,,non_compliant,Block Requirements,,,true,0,,2026-08-16
"Block Real Estate Services, LLC",69fdf78062446148bd8587c4,69fded1662446148bd848e20,"The Shredder + MedShred / Green Resource Management, Inc.",69fdf08a38cbea6b3a6914e6,"kci892 - Riverside Industrial Center 2 {Riverside Industrial Center Investment, LLC}",evidenceOfInsurance,Evidence of Insurance,6ac20aae-5728-5d57-b364-aeba38527dba,Additional Requirements,e1017741-e47e-5f58-97b8-fbc3043e919f,Umbrella follows form over General Liability,"---prompt---
Determine if the Umbrella/Excess Liability policy follows form to the underlying policies. Evidence may include: language in the Description of Operations section stating the umbrella follows form to underlying coverages or an additional page endorsement stating that it follows form. Follow form means the umbrella policy adopts the same terms, conditions, and exclusions as the underlying policies.",matchOnce,must be present,,,non_compliant,Block Requirements,,,true,0,,2026-08-16
"Block Real Estate Services, LLC",69fdf78062446148bd8587c4,69fded1662446148bd848e20,"The Shredder + MedShred / Green Resource Management, Inc.",69fdf08a38cbea6b3a6914e6,"kci892 - Riverside Industrial Center 2 {Riverside Industrial Center Investment, LLC}",evidenceOfInsurance,Evidence of Insurance,6ac20aae-5728-5d57-b364-aeba38527dba,Additional Requirements,2cdd866f-c9a4-576a-afd8-1d045762790c,"The location must be listed as: 120 NW Business Park Lane, Riverside, MO, 64150",,matchOnce,must be present,,,non_compliant,Block Requirements,,,true,0,,2026-08-16
"Block Real Estate Services, LLC",69fdf78062446148bd8587c4,69fded1662446148bd848e20,"The Shredder + MedShred / Green Resource Management, Inc.",69fdf08a38cbea6b3a6914e6,"kci892 - Riverside Industrial Center 2 {Riverside Industrial Center Investment, LLC}",evidenceOfInsurance,Evidence of Insurance,6ac20aae-5728-5d57-b364-aeba38527dba,Additional Requirements,3649e9d1-4e09-59bf-8f30-cb33c40cf117,"Certificate Holder must read: c/o Block Real Estate Services, LLC, 4622 Pennsylvania St., Suite 700, Kansas City, MO, 64112",,matchOnce,must be present,,,non_compliant,Block Requirements,,,true,0,,2026-08-16
"Block Real Estate Services, LLC",69fdf78062446148bd8587c1,69fded0d62446148bd848b35,"Aircraft Electrical / AEE-EMF, Inc.",69fdf08a38cbea6b3a6914e6,"kci892 - Riverside Industrial Center 2 {Riverside Industrial Center Investment, LLC}",evidenceOfInsurance,Evidence of Insurance,commercialGeneralLiability,Commercial General Liability,evidenceOfInsuranceCommercialGeneralLiabilityCoverageTriggerOccurrence,Coverage Trigger: Occurrence,,matchOnce,must be present,,Present,compliant,Block Requirements,,,false,1,,2026-08-16
"Block Real Estate Services, LLC",69fdf78062446148bd8587c1,69fded0d62446148bd848b35,"Aircraft Electrical / AEE-EMF, Inc.",69fdf08a38cbea6b3a6914e6,"kci892 - Riverside Industrial Center 2 {Riverside Industrial Center Investment, LLC}",evidenceOfInsurance,Evidence of Insurance,commercialGeneralLiability,Commercial General Liability,evidenceOfInsuranceCommercialGeneralLiabilityGeneralAggregateLimitAppliesPerLocation,General Aggregate Limit Applies per: Location,,matchOnce,must be present,,,non_compliant,Block Requirements,,,false,0,,2026-08-16
"Block Real Estate Services, LLC",69fdf78062446148bd8587c1,69fded0d62446148bd848b35,"Aircraft Electrical / AEE-EMF, Inc.",69fdf08a38cbea6b3a6914e6,"kci892 - Riverside Industrial Center 2 {Riverside Industrial Center Investment, LLC}",evidenceOfInsurance,Evidence of Insurance,commercialGeneralLiability,Commercial General Liability,evidenceOfInsuranceCommercialGeneralLiabilityEachOccurrence,Each Occurrence,,matchOnce,must be greater or equal to,1000000,1000000,compliant,Block Requirements,,,false,1,,2026-08-16
"Block Real Estate Services, LLC",69fdf78062446148bd8587c1,69fded0d62446148bd848b35,"Aircraft Electrical / AEE-EMF, Inc.",69fdf08a38cbea6b3a6914e6,"kci892 - Riverside Industrial Center 2 {Riverside Industrial Center Investment, LLC}",evidenceOfInsurance,Evidence of Insurance,commercialGeneralLiability,Commercial General Liability,evidenceOfInsuranceCommercialGeneralLiabilityGeneralAggregate,General Aggregate,,matchOnce,must be greater or equal to,2000000,3000000,compliant,Block Requirements,,,false,1,,2026-08-16
"Block Real Estate Services, LLC",69fdf78062446148bd8587c1,69fded0d62446148bd848b35,"Aircraft Electrical / AEE-EMF, Inc.",69fdf08a38cbea6b3a6914e6,"kci892 - Riverside Industrial Center 2 {Riverside Industrial Center Investment, LLC}",evidenceOfInsurance,Evidence of Insurance,commercialGeneralLiability,Commercial General Liability,evidenceOfInsuranceCommercialGeneralLiabilityWaiverOfSubrogationEndorsement,Waiver of Subrogation,"---prompt---
Determine if the insurer has waived their right of subrogation in favor of the certificate holder under the Commercial General Liability policy. Evidence may include: a checked ""Waiver of Subrogation"" box on the certificate, mention in the Description of Operations section stating ""waiver of subrogation applies"", or reference to form CG 24 04. Look for language like ""subrogation is waived"" or ""per written contract"".",matchOnce,must be present,,Present,compliant,Block Requirements,,,false,1,,2026-08-16
"Block Real Estate Services, LLC",69fdf78062446148bd8587c1,69fded0d62446148bd848b35,"Aircraft Electrical / AEE-EMF, Inc.",69fdf08a38cbea6b3a6914e6,"kci892 - Riverside Industrial Center 2 {Riverside Industrial Center Investment, LLC}",evidenceOfInsurance,Evidence of Insurance,excessOrUmbrellaLiability,Umbrella/Excess Liability,evidenceOfInsuranceExcessOrUmbrellaLiabilityOccurence,Coverage Trigger: Occurrence,,matchOnce,must be present,,,non_compliant,Block Requirements,,,false,0,,2026-08-16
"Block Real Estate Services, LLC",69fdf78062446148bd8587c1,69fded0d62446148bd848b35,"Aircraft Electrical / AEE-EMF, Inc.",69fdf08a38cbea6b3a6914e6,"kci892 - Riverside Industrial Center 2 {Riverside Industrial Center Investment, LLC}",evidenceOfInsurance,Evidence of Insurance,excessOrUmbrellaLiability,Umbrella/Excess Liability,evidenceOfInsuranceExcessOrUmbrellaLiabilityEachOccurrence,Each Occurrence,,matchOnce,must be greater or equal to,1000000,,non_compliant,Block Requirements,,,false,0,,2026-08-16
"Block Real Estate Services, LLC",69fdf78062446148bd8587c1,69fded0d62446148bd848b35,"Aircraft Electrical / AEE-EMF, Inc.",69fdf08a38cbea6b3a6914e6,"kci892 - Riverside Industrial Center 2 {Riverside Industrial Center Investment, LLC}",evidenceOfInsurance,Evidence of Insurance,excessOrUmbrellaLiability,Umbrella/Excess Liability,evidenceOfInsuranceExcessOrUmbrellaLiabilityAggregate,Aggregate,,matchOnce,must be greater or equal to,1000000,,non_compliant,Block Requirements,,,false,0,,2026-08-16
"Block Real Estate Services, LLC",69fdf78062446148bd8587c1,69fded0d62446148bd848b35,"Aircraft Electrical / AEE-EMF, Inc.",69fdf08a38cbea6b3a6914e6,"kci892 - Riverside Industrial Center 2 {Riverside Industrial Center Investment, LLC}",evidenceOfInsurance,Evidence of Insurance,workersCompensation,Workers' Compensation and Employer's Liability,evidenceOfInsuranceWorkersCompensationStatutoryLimits,Statutory Limits,,matchOnce,must be present,,Present,compliant,Block Requirements,,,false,1,,2026-08-16
"Block Real Estate Services, LLC",69fdf78062446148bd8587c1,69fded0d62446148bd848b35,"Aircraft Electrical / AEE-EMF, Inc.",69fdf08a38cbea6b3a6914e6,"kci892 - Riverside Industrial Center 2 {Riverside Industrial Center Investment, LLC}",evidenceOfInsurance,Evidence of Insurance,workersCompensation,Workers' Compensation and Employer's Liability,evidenceOfInsuranceWorkersCompensationEmployersLiabilityEachAccident,Employer's Liability Each Accident,,matchOnce,must be greater or equal to,500000,5000000,compliant,Block Requirements,,,false,1,,2026-08-16
"Block Real Estate Services, LLC",69fdf78062446148bd8587c1,69fded0d62446148bd848b35,"Aircraft Electrical / AEE-EMF, Inc.",69fdf08a38cbea6b3a6914e6,"kci892 - Riverside Industrial Center 2 {Riverside Industrial Center Investment, LLC}",evidenceOfInsurance,Evidence of Insurance,workersCompensation,Workers' Compensation and Employer's Liability,evidenceOfInsuranceWorkersCompensationEmployersLiabilityDiseaseEachEmployee,Employer's Liability Disease - each employee,,matchOnce,must be greater or equal to,500000,500000,compliant,Block Requirements,,,false,1,,2026-08-16
"Block Real Estate Services, LLC",69fdf78062446148bd8587c1,69fded0d62446148bd848b35,"Aircraft Electrical / AEE-EMF, Inc.",69fdf08a38cbea6b3a6914e6,"kci892 - Riverside Industrial Center 2 {Riverside Industrial Center Investment, LLC}",evidenceOfInsurance,Evidence of Insurance,workersCompensation,Workers' Compensation and Employer's Liability,evidenceOfInsuranceWorkersCompensationEmployersLiabilityDiseasePolicyLimit,Employer's Liability Disease - policy limit,,matchOnce,must be greater or equal to,500000,500000,compliant,Block Requirements,,,false,1,,2026-08-16
"Block Real Estate Services, LLC",69fdf78062446148bd8587c1,69fded0d62446148bd848b35,"Aircraft Electrical / AEE-EMF, Inc.",69fdf08a38cbea6b3a6914e6,"kci892 - Riverside Industrial Center 2 {Riverside Industrial Center Investment, LLC}",evidenceOfInsurance,Evidence of Insurance,workersCompensation,Workers' Compensation and Employer's Liability,evidenceOfInsuranceWorkersCompensationWaiverOfSubrogationEndorsement,Waiver of Subrogation,"---prompt---
Determine if the insurer has waived their right of subrogation in favor of the certificate holder under the Workers' Compensation policy. Evidence may include: a checked ""Waiver of Subrogation"" box on the certificate, mention in the Description of Operations section stating ""waiver of subrogation applies"", or reference to form WC 00 03 13. Look for language like ""subrogation is waived"" or ""per written contract"".",matchOnce,must be present,,,non_compliant,Block Requirements,,,false,0,,2026-08-16
"Block Real Estate Services, LLC",69fdf78062446148bd8587c1,69fded0d62446148bd848b35,"Aircraft Electrical / AEE-EMF, Inc.",69fdf08a38cbea6b3a6914e6,"kci892 - Riverside Industrial Center 2 {Riverside Industrial Center Investment, LLC}",evidenceOfInsurance,Evidence of Insurance,6ac20aae-5728-5d57-b364-aeba38527dba,Additional Requirements,4da5b0f1-4c9d-5885-8cf8-5d3cccaed3e0,"Block Real Estate Services, LLC and all others required by contract are named as Additional Insureds","---prompt---
Determine if the Description of Operations or the Additional Remarks Schedule section states the ""Additional Insured as Construction Management, Inc. and all others required by contract"" or reference to blanket additional insured coverage. Look for language like ""certificate holder is additional insured"" or ""per written contract"".",matchOnce,must be present,,Present,compliant,Block Requirements,,,true,1,,2026-08-16
"Block Real Estate Services, LLC",69fdf78062446148bd8587c1,69fded0d62446148bd848b35,"Aircraft Electrical / AEE-EMF, Inc.",69fdf08a38cbea6b3a6914e6,"kci892 - Riverside Industrial Center 2 {Riverside Industrial Center Investment, LLC}",evidenceOfInsurance,Evidence of Insurance,6ac20aae-5728-5d57-b364-aeba38527dba,Additional Requirements,e1017741-e47e-5f58-97b8-fbc3043e919f,Umbrella follows form over General Liability,"---prompt---
Determine if the Umbrella/Excess Liability policy follows form to the underlying policies. Evidence may include: language in the Description of Operations section stating the umbrella follows form to underlying coverages or an additional page endorsement stating that it follows form. Follow form means the umbrella policy adopts the same terms, conditions, and exclusions as the underlying policies.",matchOnce,must be present,,,non_compliant,Block Requirements,,,true,0,,2026-08-16
"Block Real Estate Services, LLC",69fdf78062446148bd8587c1,69fded0d62446148bd848b35,"Aircraft Electrical / AEE-EMF, Inc.",69fdf08a38cbea6b3a6914e6,"kci892 - Riverside Industrial Center 2 {Riverside Industrial Center Investment, LLC}",evidenceOfInsurance,Evidence of Insurance,6ac20aae-5728-5d57-b364-aeba38527dba,Additional Requirements,2cdd866f-c9a4-576a-afd8-1d045762790c,"The location must be listed as: 102 NW Business Park Lane, Riverside, MO, 64150",,matchOnce,must be present,,Present,compliant,Block Requirements,,,true,1,,2026-08-16
"Block Real Estate Services, LLC",69fdf78062446148bd8587c1,69fded0d62446148bd848b35,"Aircraft Electrical / AEE-EMF, Inc.",69fdf08a38cbea6b3a6914e6,"kci892 - Riverside Industrial Center 2 {Riverside Industrial Center Investment, LLC}",evidenceOfInsurance,Evidence of Insurance,6ac20aae-5728-5d57-b364-aeba38527dba,Additional Requirements,3649e9d1-4e09-59bf-8f30-cb33c40cf117,"Certificate Holder must read: c/o Block Real Estate Services, LLC, 4622 Pennsylvania St., Suite 700, Kansas City, MO, 64112",,matchOnce,must be present,,Present,compliant,Block Requirements,,,true,1,,2026-08-16
"Block Real Estate Services, LLC",69fdf78062446148bd8587c5,69fded1962446148bd848f16,"LeafFilter North, LLC/Leaf Home Safety Solutions, LLC",69fdf08a38cbea6b3a6914e6,"kci892 - Riverside Industrial Center 2 {Riverside Industrial Center Investment, LLC}",evidenceOfInsurance,Evidence of Insurance,commercialGeneralLiability,Commercial General Liability,evidenceOfInsuranceCommercialGeneralLiabilityCoverageTriggerOccurrence,Coverage Trigger: Occurrence,,matchOnce,must be present,,Present,compliant,Block Requirements,,,false,1,,2026-08-16
"Block Real Estate Services, LLC",69fdf78062446148bd8587c5,69fded1962446148bd848f16,"LeafFilter North, LLC/Leaf Home Safety Solutions, LLC",69fdf08a38cbea6b3a6914e6,"kci892 - Riverside Industrial Center 2 {Riverside Industrial Center Investment, LLC}",evidenceOfInsurance,Evidence of Insurance,commercialGeneralLiability,Commercial General Liability,evidenceOfInsuranceCommercialGeneralLiabilityGeneralAggregateLimitAppliesPerLocation,General Aggregate Limit Applies per: Location,,matchOnce,must be present,,Present,compliant,Block Requirements,,,false,1,,2026-08-16
"Block Real Estate Services, LLC",69fdf78062446148bd8587c5,69fded1962446148bd848f16,"LeafFilter North, LLC/Leaf Home Safety Solutions, LLC",69fdf08a38cbea6b3a6914e6,"kci892 - Riverside Industrial Center 2 {Riverside Industrial Center Investment, LLC}",evidenceOfInsurance,Evidence of Insurance,commercialGeneralLiability,Commercial General Liability,evidenceOfInsuranceCommercialGeneralLiabilityEachOccurrence,Each Occurrence,,matchOnce,must be greater or equal to,1000000,1750000,compliant,Block Requirements,,,false,1,,2026-08-16
"Block Real Estate Services, LLC",69fdf78062446148bd8587c5,69fded1962446148bd848f16,"LeafFilter North, LLC/Leaf Home Safety Solutions, LLC",69fdf08a38cbea6b3a6914e6,"kci892 - Riverside Industrial Center 2 {Riverside Industrial Center Investment, LLC}",evidenceOfInsurance,Evidence of Insurance,commercialGeneralLiability,Commercial General Liability,evidenceOfInsuranceCommercialGeneralLiabilityGeneralAggregate,General Aggregate,,matchOnce,must be greater or equal to,2000000,4000000,compliant,Block Requirements,,,false,1,,2026-08-16
"Block Real Estate Services, LLC",69fdf78062446148bd8587c5,69fded1962446148bd848f16,"LeafFilter North, LLC/Leaf Home Safety Solutions, LLC",69fdf08a38cbea6b3a6914e6,"kci892 - Riverside Industrial Center 2 {Riverside Industrial Center Investment, LLC}",evidenceOfInsurance,Evidence of Insurance,commercialGeneralLiability,Commercial General Liability,evidenceOfInsuranceCommercialGeneralLiabilityWaiverOfSubrogationEndorsement,Waiver of Subrogation,"---prompt---
Determine if the insurer has waived their right of subrogation in favor of the certificate holder under the Commercial General Liability policy. Evidence may include: a checked ""Waiver of Subrogation"" box on the certificate, mention in the Description of Operations section stating ""waiver of subrogation applies"", or reference to form CG 24 04. Look for language like ""subrogation is waived"" or ""per written contract"".",matchOnce,must be present,,Present,compliant,Block Requirements,,,false,1,,2026-08-16
"Block Real Estate Services, LLC",69fdf78062446148bd8587c5,69fded1962446148bd848f16,"LeafFilter North, LLC/Leaf Home Safety Solutions, LLC",69fdf08a38cbea6b3a6914e6,"kci892 - Riverside Industrial Center 2 {Riverside Industrial Center Investment, LLC}",evidenceOfInsurance,Evidence of Insurance,excessOrUmbrellaLiability,Umbrella/Excess Liability,evidenceOfInsuranceExcessOrUmbrellaLiabilityOccurence,Coverage Trigger: Occurrence,,matchOnce,must be present,,Present,compliant,Block Requirements,,,false,1,,2026-08-16
"Block Real Estate Services, LLC",69fdf78062446148bd8587c5,69fded1962446148bd848f16,"LeafFilter North, LLC/Leaf Home Safety Solutions, LLC",69fdf08a38cbea6b3a6914e6,"kci892 - Riverside Industrial Center 2 {Riverside Industrial Center Investment, LLC}",evidenceOfInsurance,Evidence of Insurance,excessOrUmbrellaLiability,Umbrella/Excess Liability,evidenceOfInsuranceExcessOrUmbrellaLiabilityEachOccurrence,Each Occurrence,,matchOnce,must be greater or equal to,1000000,25000000,compliant,Block Requirements,,,false,1,,2026-08-16
"Block Real Estate Services, LLC",69fdf78062446148bd8587c5,69fded1962446148bd848f16,"LeafFilter North, LLC/Leaf Home Safety Solutions, LLC",69fdf08a38cbea6b3a6914e6,"kci892 - Riverside Industrial Center 2 {Riverside Industrial Center Investment, LLC}",evidenceOfInsurance,Evidence of Insurance,excessOrUmbrellaLiability,Umbrella/Excess Liability,evidenceOfInsuranceExcessOrUmbrellaLiabilityAggregate,Aggregate,,matchOnce,must be greater or equal to,1000000,25000000,compliant,Block Requirements,,,false,1,,2026-08-16
"Block Real Estate Services, LLC",69fdf78062446148bd8587c5,69fded1962446148bd848f16,"LeafFilter North, LLC/Leaf Home Safety Solutions, LLC",69fdf08a38cbea6b3a6914e6,"kci892 - Riverside Industrial Center 2 {Riverside Industrial Center Investment, LLC}",evidenceOfInsurance,Evidence of Insurance,workersCompensation,Workers' Compensation and Employer's Liability,evidenceOfInsuranceWorkersCompensationStatutoryLimits,Statutory Limits,,matchOnce,must be present,,Present,compliant,Block Requirements,,,false,1,,2026-08-16
"Block Real Estate Services, LLC",69fdf78062446148bd8587c5,69fded1962446148bd848f16,"LeafFilter North, LLC/Leaf Home Safety Solutions, LLC",69fdf08a38cbea6b3a6914e6,"kci892 - Riverside Industrial Center 2 {Riverside Industrial Center Investment, LLC}",evidenceOfInsurance,Evidence of Insurance,workersCompensation,Workers' Compensation and Employer's Liability,evidenceOfInsuranceWorkersCompensationEmployersLiabilityEachAccident,Employer's Liability Each Accident,,matchOnce,must be greater or equal to,500000,1000000,compliant,Block Requirements,,,false,1,,2026-08-16
"Block Real Estate Services, LLC",69fdf78062446148bd8587c5,69fded1962446148bd848f16,"LeafFilter North, LLC/Leaf Home Safety Solutions, LLC",69fdf08a38cbea6b3a6914e6,"kci892 - Riverside Industrial Center 2 {Riverside Industrial Center Investment, LLC}",evidenceOfInsurance,Evidence of Insurance,workersCompensation,Workers' Compensation and Employer's Liability,evidenceOfInsuranceWorkersCompensationEmployersLiabilityDiseaseEachEmployee,Employer's Liability Disease - each employee,,matchOnce,must be greater or equal to,500000,1000000,compliant,Block Requirements,,,false,1,,2026-08-16
"Block Real Estate Services, LLC",69fdf78062446148bd8587c5,69fded1962446148bd848f16,"LeafFilter North, LLC/Leaf Home Safety Solutions, LLC",69fdf08a38cbea6b3a6914e6,"kci892 - Riverside Industrial Center 2 {Riverside Industrial Center Investment, LLC}",evidenceOfInsurance,Evidence of Insurance,workersCompensation,Workers' Compensation and Employer's Liability,evidenceOfInsuranceWorkersCompensationEmployersLiabilityDiseasePolicyLimit,Employer's Liability Disease - policy limit,,matchOnce,must be greater or equal to,500000,1000000,compliant,Block Requirements,,,false,1,,2026-08-16
"Block Real Estate Services, LLC",69fdf78062446148bd8587c5,69fded1962446148bd848f16,"LeafFilter North, LLC/Leaf Home Safety Solutions, LLC",69fdf08a38cbea6b3a6914e6,"kci892 - Riverside Industrial Center 2 {Riverside Industrial Center Investment, LLC}",evidenceOfInsurance,Evidence of Insurance,workersCompensation,Workers' Compensation and Employer's Liability,evidenceOfInsuranceWorkersCompensationWaiverOfSubrogationEndorsement,Waiver of Subrogation,"---prompt---
Determine if the insurer has waived their right of subrogation in favor of the certificate holder under the Workers' Compensation policy. Evidence may include: a checked ""Waiver of Subrogation"" box on the certificate, mention in the Description of Operations section stating ""waiver of subrogation applies"", or reference to form WC 00 03 13. Look for language like ""subrogation is waived"" or ""per written contract"".",matchOnce,must be present,,Present,compliant,Block Requirements,,,false,1,,2026-08-16
"Block Real Estate Services, LLC",69fdf78062446148bd8587c5,69fded1962446148bd848f16,"LeafFilter North, LLC/Leaf Home Safety Solutions, LLC",69fdf08a38cbea6b3a6914e6,"kci892 - Riverside Industrial Center 2 {Riverside Industrial Center Investment, LLC}",evidenceOfInsurance,Evidence of Insurance,6ac20aae-5728-5d57-b364-aeba38527dba,Additional Requirements,4da5b0f1-4c9d-5885-8cf8-5d3cccaed3e0,"Block Real Estate Services, LLC and all others required by contract are named as Additional Insureds","---prompt---
Determine if the Description of Operations or the Additional Remarks Schedule section states the ""Additional Insured as Construction Management, Inc. and all others required by contract"" or reference to blanket additional insured coverage. Look for language like ""certificate holder is additional insured"" or ""per written contract"".",matchOnce,must be present,,Present,compliant,Block Requirements,,,true,1,,2026-08-16
"Block Real Estate Services, LLC",69fdf78062446148bd8587c5,69fded1962446148bd848f16,"LeafFilter North, LLC/Leaf Home Safety Solutions, LLC",69fdf08a38cbea6b3a6914e6,"kci892 - Riverside Industrial Center 2 {Riverside Industrial Center Investment, LLC}",evidenceOfInsurance,Evidence of Insurance,6ac20aae-5728-5d57-b364-aeba38527dba,Additional Requirements,e1017741-e47e-5f58-97b8-fbc3043e919f,Umbrella follows form over General Liability,"---prompt---
Determine if the Umbrella/Excess Liability policy follows form to the underlying policies. Evidence may include: language in the Description of Operations section stating the umbrella follows form to underlying coverages or an additional page endorsement stating that it follows form. Follow form means the umbrella policy adopts the same terms, conditions, and exclusions as the underlying policies.",matchOnce,must be present,,Present,compliant,Block Requirements,,,true,1,,2026-08-16
"Block Real Estate Services, LLC",69fdf78062446148bd8587c5,69fded1962446148bd848f16,"LeafFilter North, LLC/Leaf Home Safety Solutions, LLC",69fdf08a38cbea6b3a6914e6,"kci892 - Riverside Industrial Center 2 {Riverside Industrial Center Investment, LLC}",evidenceOfInsurance,Evidence of Insurance,6ac20aae-5728-5d57-b364-aeba38527dba,Additional Requirements,2cdd866f-c9a4-576a-afd8-1d045762790c,"The location must be listed as: 124 - 126 (sb 130) NW Business Park Lane, Riverside, MO, 64150",,matchOnce,must be present,,Present,compliant,Block Requirements,,,true,1,,2026-08-16
"Block Real Estate Services, LLC",69fdf78062446148bd8587c5,69fded1962446148bd848f16,"LeafFilter North, LLC/Leaf Home Safety Solutions, LLC",69fdf08a38cbea6b3a6914e6,"kci892 - Riverside Industrial Center 2 {Riverside Industrial Center Investment, LLC}",evidenceOfInsurance,Evidence of Insurance,6ac20aae-5728-5d57-b364-aeba38527dba,Additional Requirements,3649e9d1-4e09-59bf-8f30-cb33c40cf117,"Certificate Holder must read: c/o Block Real Estate Services, LLC, 4622 Pennsylvania St., Suite 700, Kansas City, MO, 64112",,matchOnce,must be present,,Present,compliant,Block Requirements,,,true,1,,2026-08-16
"Block Real Estate Services, LLC",69fdf78062446148bd8587c2,69fded0e62446148bd848b89,Archway Technology LLC,69fdf08a38cbea6b3a6914e6,"kci892 - Riverside Industrial Center 2 {Riverside Industrial Center Investment, LLC}",evidenceOfInsurance,Evidence of Insurance,commercialGeneralLiability,Commercial General Liability,evidenceOfInsuranceCommercialGeneralLiabilityCoverageTriggerOccurrence,Coverage Trigger: Occurrence,,matchOnce,must be present,,,non_compliant,Block Requirements,,,false,0,,2026-08-16
"Block Real Estate Services, LLC",69fdf78062446148bd8587c2,69fded0e62446148bd848b89,Archway Technology LLC,69fdf08a38cbea6b3a6914e6,"kci892 - Riverside Industrial Center 2 {Riverside Industrial Center Investment, LLC}",evidenceOfInsurance,Evidence of Insurance,commercialGeneralLiability,Commercial General Liability,evidenceOfInsuranceCommercialGeneralLiabilityGeneralAggregateLimitAppliesPerLocation,General Aggregate Limit Applies per: Location,,matchOnce,must be present,,,non_compliant,Block Requirements,,,false,0,,2026-08-16
"Block Real Estate Services, LLC",69fdf78062446148bd8587c2,69fded0e62446148bd848b89,Archway Technology LLC,69fdf08a38cbea6b3a6914e6,"kci892 - Riverside Industrial Center 2 {Riverside Industrial Center Investment, LLC}",evidenceOfInsurance,Evidence of Insurance,commercialGeneralLiability,Commercial General Liability,evidenceOfInsuranceCommercialGeneralLiabilityEachOccurrence,Each Occurrence,,matchOnce,must be greater or equal to,1000000,,non_compliant,Block Requirements,,,false,0,,2026-08-16
"Block Real Estate Services, LLC",69fdf78062446148bd8587c2,69fded0e62446148bd848b89,Archway Technology LLC,69fdf08a38cbea6b3a6914e6,"kci892 - Riverside Industrial Center 2 {Riverside Industrial Center Investment, LLC}",evidenceOfInsurance,Evidence of Insurance,commercialGeneralLiability,Commercial General Liability,evidenceOfInsuranceCommercialGeneralLiabilityGeneralAggregate,General Aggregate,,matchOnce,must be greater or equal to,2000000,,non_compliant,Block Requirements,,,false,0,,2026-08-16
"Block Real Estate Services, LLC",69fdf78062446148bd8587c2,69fded0e62446148bd848b89,Archway Technology LLC,69fdf08a38cbea6b3a6914e6,"kci892 - Riverside Industrial Center 2 {Riverside Industrial Center Investment, LLC}",evidenceOfInsurance,Evidence of Insurance,commercialGeneralLiability,Commercial General Liability,evidenceOfInsuranceCommercialGeneralLiabilityWaiverOfSubrogationEndorsement,Waiver of Subrogation,"---prompt---
Determine if the insurer has waived their right of subrogation in favor of the certificate holder under the Commercial General Liability policy. Evidence may include: a checked ""Waiver of Subrogation"" box on the certificate, mention in the Description of Operations section stating ""waiver of subrogation applies"", or reference to form CG 24 04. Look for language like ""subrogation is waived"" or ""per written contract"".",matchOnce,must be present,,,non_compliant,Block Requirements,,,false,0,,2026-08-16
"Block Real Estate Services, LLC",69fdf78062446148bd8587c2,69fded0e62446148bd848b89,Archway Technology LLC,69fdf08a38cbea6b3a6914e6,"kci892 - Riverside Industrial Center 2 {Riverside Industrial Center Investment, LLC}",evidenceOfInsurance,Evidence of Insurance,excessOrUmbrellaLiability,Umbrella/Excess Liability,evidenceOfInsuranceExcessOrUmbrellaLiabilityOccurence,Coverage Trigger: Occurrence,,matchOnce,must be present,,,non_compliant,Block Requirements,,,false,0,,2026-08-16
"Block Real Estate Services, LLC",69fdf78062446148bd8587c2,69fded0e62446148bd848b89,Archway Technology LLC,69fdf08a38cbea6b3a6914e6,"kci892 - Riverside Industrial Center 2 {Riverside Industrial Center Investment, LLC}",evidenceOfInsurance,Evidence of Insurance,excessOrUmbrellaLiability,Umbrella/Excess Liability,evidenceOfInsuranceExcessOrUmbrellaLiabilityEachOccurrence,Each Occurrence,,matchOnce,must be greater or equal to,1000000,,non_compliant,Block Requirements,,,false,0,,2026-08-16
"Block Real Estate Services, LLC",69fdf78062446148bd8587c2,69fded0e62446148bd848b89,Archway Technology LLC,69fdf08a38cbea6b3a6914e6,"kci892 - Riverside Industrial Center 2 {Riverside Industrial Center Investment, LLC}",evidenceOfInsurance,Evidence of Insurance,excessOrUmbrellaLiability,Umbrella/Excess Liability,evidenceOfInsuranceExcessOrUmbrellaLiabilityAggregate,Aggregate,,matchOnce,must be greater or equal to,1000000,,non_compliant,Block Requirements,,,false,0,,2026-08-16
"Block Real Estate Services, LLC",69fdf78062446148bd8587c2,69fded0e62446148bd848b89,Archway Technology LLC,69fdf08a38cbea6b3a6914e6,"kci892 - Riverside Industrial Center 2 {Riverside Industrial Center Investment, LLC}",evidenceOfInsurance,Evidence of Insurance,workersCompensation,Workers' Compensation and Employer's Liability,evidenceOfInsuranceWorkersCompensationStatutoryLimits,Statutory Limits,,matchOnce,must be present,,,non_compliant,Block Requirements,,,false,0,,2026-08-16
"Block Real Estate Services, LLC",69fdf78062446148bd8587c2,69fded0e62446148bd848b89,Archway Technology LLC,69fdf08a38cbea6b3a6914e6,"kci892 - Riverside Industrial Center 2 {Riverside Industrial Center Investment, LLC}",evidenceOfInsurance,Evidence of Insurance,workersCompensation,Workers' Compensation and Employer's Liability,evidenceOfInsuranceWorkersCompensationEmployersLiabilityEachAccident,Employer's Liability Each Accident,,matchOnce,must be greater or equal to,500000,,non_compliant,Block Requirements,,,false,0,,2026-08-16
"Block Real Estate Services, LLC",69fdf78062446148bd8587c2,69fded0e62446148bd848b89,Archway Technology LLC,69fdf08a38cbea6b3a6914e6,"kci892 - Riverside Industrial Center 2 {Riverside Industrial Center Investment, LLC}",evidenceOfInsurance,Evidence of Insurance,workersCompensation,Workers' Compensation and Employer's Liability,evidenceOfInsuranceWorkersCompensationEmployersLiabilityDiseaseEachEmployee,Employer's Liability Disease - each employee,,matchOnce,must be greater or equal to,500000,,non_compliant,Block Requirements,,,false,0,,2026-08-16
"Block Real Estate Services, LLC",69fdf78062446148bd8587c2,69fded0e62446148bd848b89,Archway Technology LLC,69fdf08a38cbea6b3a6914e6,"kci892 - Riverside Industrial Center 2 {Riverside Industrial Center Investment, LLC}",evidenceOfInsurance,Evidence of Insurance,workersCompensation,Workers' Compensation and Employer's Liability,evidenceOfInsuranceWorkersCompensationEmployersLiabilityDiseasePolicyLimit,Employer's Liability Disease - policy limit,,matchOnce,must be greater or equal to,500000,,non_compliant,Block Requirements,,,false,0,,2026-08-16
"Block Real Estate Services, LLC",69fdf78062446148bd8587c2,69fded0e62446148bd848b89,Archway Technology LLC,69fdf08a38cbea6b3a6914e6,"kci892 - Riverside Industrial Center 2 {Riverside Industrial Center Investment, LLC}",evidenceOfInsurance,Evidence of Insurance,workersCompensation,Workers' Compensation and Employer's Liability,evidenceOfInsuranceWorkersCompensationWaiverOfSubrogationEndorsement,Waiver of Subrogation,"---prompt---
Determine if the insurer has waived their right of subrogation in favor of the certificate holder under the Workers' Compensation policy. Evidence may include: a checked ""Waiver of Subrogation"" box on the certificate, mention in the Description of Operations section stating ""waiver of subrogation applies"", or reference to form WC 00 03 13. Look for language like ""subrogation is waived"" or ""per written contract"".",matchOnce,must be present,,,non_compliant,Block Requirements,,,false,0,,2026-08-16
"Block Real Estate Services, LLC",69fdf78062446148bd8587c2,69fded0e62446148bd848b89,Archway Technology LLC,69fdf08a38cbea6b3a6914e6,"kci892 - Riverside Industrial Center 2 {Riverside Industrial Center Investment, LLC}",evidenceOfInsurance,Evidence of Insurance,6ac20aae-5728-5d57-b364-aeba38527dba,Additional Requirements,4da5b0f1-4c9d-5885-8cf8-5d3cccaed3e0,"Block Real Estate Services, LLC and all others required by contract are named as Additional Insureds","---prompt---
Determine if the Description of Operations or the Additional Remarks Schedule section states the ""Additional Insured as Construction Management, Inc. and all others required by contract"" or reference to blanket additional insured coverage. Look for language like ""certificate holder is additional insured"" or ""per written contract"".",matchOnce,must be present,,,non_compliant,Block Requirements,,,true,0,,2026-08-16
"Block Real Estate Services, LLC",69fdf78062446148bd8587c2,69fded0e62446148bd848b89,Archway Technology LLC,69fdf08a38cbea6b3a6914e6,"kci892 - Riverside Industrial Center 2 {Riverside Industrial Center Investment, LLC}",evidenceOfInsurance,Evidence of Insurance,6ac20aae-5728-5d57-b364-aeba38527dba,Additional Requirements,e1017741-e47e-5f58-97b8-fbc3043e919f,Umbrella follows form over General Liability,"---prompt---
Determine if the Umbrella/Excess Liability policy follows form to the underlying policies. Evidence may include: language in the Description of Operations section stating the umbrella follows form to underlying coverages or an additional page endorsement stating that it follows form. Follow form means the umbrella policy adopts the same terms, conditions, and exclusions as the underlying policies.",matchOnce,must be present,,,non_compliant,Block Requirements,,,true,0,,2026-08-16
"Block Real Estate Services, LLC",69fdf78062446148bd8587c2,69fded0e62446148bd848b89,Archway Technology LLC,69fdf08a38cbea6b3a6914e6,"kci892 - Riverside Industrial Center 2 {Riverside Industrial Center Investment, LLC}",evidenceOfInsurance,Evidence of Insurance,6ac20aae-5728-5d57-b364-aeba38527dba,Additional Requirements,2cdd866f-c9a4-576a-afd8-1d045762790c,"The location must be listed as: 100 NW Business Park Lane, Riverside, MO, 64150",,matchOnce,must be present,,,non_compliant,Block Requirements,,,true,0,,2026-08-16
"Block Real Estate Services, LLC",69fdf78062446148bd8587c2,69fded0e62446148bd848b89,Archway Technology LLC,69fdf08a38cbea6b3a6914e6,"kci892 - Riverside Industrial Center 2 {Riverside Industrial Center Investment, LLC}",evidenceOfInsurance,Evidence of Insurance,6ac20aae-5728-5d57-b364-aeba38527dba,Additional Requirements,3649e9d1-4e09-59bf-8f30-cb33c40cf117,"Certificate Holder must read: c/o Block Real Estate Services, LLC, 4622 Pennsylvania St., Suite 700, Kansas City, MO, 64112",,matchOnce,must be present,,,non_compliant,Block Requirements,,,true,0,,2026-08-16
"Block Real Estate Services, LLC",69fdf78062446148bd8587c6,69fded1f62446148bd849117,Royal Seamless Gutter Inc,69fdf08a38cbea6b3a6914e6,"kci892 - Riverside Industrial Center 2 {Riverside Industrial Center Investment, LLC}",evidenceOfInsurance,Evidence of Insurance,commercialGeneralLiability,Commercial General Liability,evidenceOfInsuranceCommercialGeneralLiabilityCoverageTriggerOccurrence,Coverage Trigger: Occurrence,,matchOnce,must be present,,,non_compliant,Block Requirements,,,false,0,,2026-08-16
"Block Real Estate Services, LLC",69fdf78062446148bd8587c6,69fded1f62446148bd849117,Royal Seamless Gutter Inc,69fdf08a38cbea6b3a6914e6,"kci892 - Riverside Industrial Center 2 {Riverside Industrial Center Investment, LLC}",evidenceOfInsurance,Evidence of Insurance,commercialGeneralLiability,Commercial General Liability,evidenceOfInsuranceCommercialGeneralLiabilityGeneralAggregateLimitAppliesPerLocation,General Aggregate Limit Applies per: Location,,matchOnce,must be present,,,non_compliant,Block Requirements,,,false,0,,2026-08-16
"Block Real Estate Services, LLC",69fdf78062446148bd8587c6,69fded1f62446148bd849117,Royal Seamless Gutter Inc,69fdf08a38cbea6b3a6914e6,"kci892 - Riverside Industrial Center 2 {Riverside Industrial Center Investment, LLC}",evidenceOfInsurance,Evidence of Insurance,commercialGeneralLiability,Commercial General Liability,evidenceOfInsuranceCommercialGeneralLiabilityEachOccurrence,Each Occurrence,,matchOnce,must be greater or equal to,1000000,,non_compliant,Block Requirements,,,false,0,,2026-08-16
"Block Real Estate Services, LLC",69fdf78062446148bd8587c6,69fded1f62446148bd849117,Royal Seamless Gutter Inc,69fdf08a38cbea6b3a6914e6,"kci892 - Riverside Industrial Center 2 {Riverside Industrial Center Investment, LLC}",evidenceOfInsurance,Evidence of Insurance,commercialGeneralLiability,Commercial General Liability,evidenceOfInsuranceCommercialGeneralLiabilityGeneralAggregate,General Aggregate,,matchOnce,must be greater or equal to,2000000,,non_compliant,Block Requirements,,,false,0,,2026-08-16
"Block Real Estate Services, LLC",69fdf78062446148bd8587c6,69fded1f62446148bd849117,Royal Seamless Gutter Inc,69fdf08a38cbea6b3a6914e6,"kci892 - Riverside Industrial Center 2 {Riverside Industrial Center Investment, LLC}",evidenceOfInsurance,Evidence of Insurance,commercialGeneralLiability,Commercial General Liability,evidenceOfInsuranceCommercialGeneralLiabilityWaiverOfSubrogationEndorsement,Waiver of Subrogation,"---prompt---
Determine if the insurer has waived their right of subrogation in favor of the certificate holder under the Commercial General Liability policy. Evidence may include: a checked ""Waiver of Subrogation"" box on the certificate, mention in the Description of Operations section stating ""waiver of subrogation applies"", or reference to form CG 24 04. Look for language like ""subrogation is waived"" or ""per written contract"".",matchOnce,must be present,,,non_compliant,Block Requirements,,,false,0,,2026-08-16
"Block Real Estate Services, LLC",69fdf78062446148bd8587c6,69fded1f62446148bd849117,Royal Seamless Gutter Inc,69fdf08a38cbea6b3a6914e6,"kci892 - Riverside Industrial Center 2 {Riverside Industrial Center Investment, LLC}",evidenceOfInsurance,Evidence of Insurance,excessOrUmbrellaLiability,Umbrella/Excess Liability,evidenceOfInsuranceExcessOrUmbrellaLiabilityOccurence,Coverage Trigger: Occurrence,,matchOnce,must be present,,,non_compliant,Block Requirements,,,false,0,,2026-08-16
"Block Real Estate Services, LLC",69fdf78062446148bd8587c6,69fded1f62446148bd849117,Royal Seamless Gutter Inc,69fdf08a38cbea6b3a6914e6,"kci892 - Riverside Industrial Center 2 {Riverside Industrial Center Investment, LLC}",evidenceOfInsurance,Evidence of Insurance,excessOrUmbrellaLiability,Umbrella/Excess Liability,evidenceOfInsuranceExcessOrUmbrellaLiabilityEachOccurrence,Each Occurrence,,matchOnce,must be greater or equal to,1000000,,non_compliant,Block Requirements,,,false,0,,2026-08-16
"Block Real Estate Services, LLC",69fdf78062446148bd8587c6,69fded1f62446148bd849117,Royal Seamless Gutter Inc,69fdf08a38cbea6b3a6914e6,"kci892 - Riverside Industrial Center 2 {Riverside Industrial Center Investment, LLC}",evidenceOfInsurance,Evidence of Insurance,excessOrUmbrellaLiability,Umbrella/Excess Liability,evidenceOfInsuranceExcessOrUmbrellaLiabilityAggregate,Aggregate,,matchOnce,must be greater or equal to,1000000,,non_compliant,Block Requirements,,,false,0,,2026-08-16
"Block Real Estate Services, LLC",69fdf78062446148bd8587c6,69fded1f62446148bd849117,Royal Seamless Gutter Inc,69fdf08a38cbea6b3a6914e6,"kci892 - Riverside Industrial Center 2 {Riverside Industrial Center Investment, LLC}",evidenceOfInsurance,Evidence of Insurance,workersCompensation,Workers' Compensation and Employer's Liability,evidenceOfInsuranceWorkersCompensationStatutoryLimits,Statutory Limits,,matchOnce,must be present,,,non_compliant,Block Requirements,,,false,0,,2026-08-16
"Block Real Estate Services, LLC",69fdf78062446148bd8587c6,69fded1f62446148bd849117,Royal Seamless Gutter Inc,69fdf08a38cbea6b3a6914e6,"kci892 - Riverside Industrial Center 2 {Riverside Industrial Center Investment, LLC}",evidenceOfInsurance,Evidence of Insurance,workersCompensation,Workers' Compensation and Employer's Liability,evidenceOfInsuranceWorkersCompensationEmployersLiabilityEachAccident,Employer's Liability Each Accident,,matchOnce,must be greater or equal to,500000,,non_compliant,Block Requirements,,,false,0,,2026-08-16
"Block Real Estate Services, LLC",69fdf78062446148bd8587c6,69fded1f62446148bd849117,Royal Seamless Gutter Inc,69fdf08a38cbea6b3a6914e6,"kci892 - Riverside Industrial Center 2 {Riverside Industrial Center Investment, LLC}",evidenceOfInsurance,Evidence of Insurance,workersCompensation,Workers' Compensation and Employer's Liability,evidenceOfInsuranceWorkersCompensationEmployersLiabilityDiseaseEachEmployee,Employer's Liability Disease - each employee,,matchOnce,must be greater or equal to,500000,,non_compliant,Block Requirements,,,false,0,,2026-08-16
"Block Real Estate Services, LLC",69fdf78062446148bd8587c6,69fded1f62446148bd849117,Royal Seamless Gutter Inc,69fdf08a38cbea6b3a6914e6,"kci892 - Riverside Industrial Center 2 {Riverside Industrial Center Investment, LLC}",evidenceOfInsurance,Evidence of Insurance,workersCompensation,Workers' Compensation and Employer's Liability,evidenceOfInsuranceWorkersCompensationEmployersLiabilityDiseasePolicyLimit,Employer's Liability Disease - policy limit,,matchOnce,must be greater or equal to,500000,,non_compliant,Block Requirements,,,false,0,,2026-08-16
"Block Real Estate Services, LLC",69fdf78062446148bd8587c6,69fded1f62446148bd849117,Royal Seamless Gutter Inc,69fdf08a38cbea6b3a6914e6,"kci892 - Riverside Industrial Center 2 {Riverside Industrial Center Investment, LLC}",evidenceOfInsurance,Evidence of Insurance,workersCompensation,Workers' Compensation and Employer's Liability,evidenceOfInsuranceWorkersCompensationWaiverOfSubrogationEndorsement,Waiver of Subrogation,"---prompt---
Determine if the insurer has waived their right of subrogation in favor of the certificate holder under the Workers' Compensation policy. Evidence may include: a checked ""Waiver of Subrogation"" box on the certificate, mention in the Description of Operations section stating ""waiver of subrogation applies"", or reference to form WC 00 03 13. Look for language like ""subrogation is waived"" or ""per written contract"".",matchOnce,must be present,,,non_compliant,Block Requirements,,,false,0,,2026-08-16
"Block Real Estate Services, LLC",69fdf78062446148bd8587c6,69fded1f62446148bd849117,Royal Seamless Gutter Inc,69fdf08a38cbea6b3a6914e6,"kci892 - Riverside Industrial Center 2 {Riverside Industrial Center Investment, LLC}",evidenceOfInsurance,Evidence of Insurance,6ac20aae-5728-5d57-b364-aeba38527dba,Additional Requirements,4da5b0f1-4c9d-5885-8cf8-5d3cccaed3e0,"Block Real Estate Services, LLC and all others required by contract are named as Additional Insureds","---prompt---
Determine if the Description of Operations or the Additional Remarks Schedule section states the ""Additional Insured as Construction Management, Inc. and all others required by contract"" or reference to blanket additional insured coverage. Look for language like ""certificate holder is additional insured"" or ""per written contract"".",matchOnce,must be present,,,non_compliant,Block Requirements,,,true,0,,2026-08-16
"Block Real Estate Services, LLC",69fdf78062446148bd8587c6,69fded1f62446148bd849117,Royal Seamless Gutter Inc,69fdf08a38cbea6b3a6914e6,"kci892 - Riverside Industrial Center 2 {Riverside Industrial Center Investment, LLC}",evidenceOfInsurance,Evidence of Insurance,6ac20aae-5728-5d57-b364-aeba38527dba,Additional Requirements,e1017741-e47e-5f58-97b8-fbc3043e919f,Umbrella follows form over General Liability,"---prompt---
Determine if the Umbrella/Excess Liability policy follows form to the underlying policies. Evidence may include: language in the Description of Operations section stating the umbrella follows form to underlying coverages or an additional page endorsement stating that it follows form. Follow form means the umbrella policy adopts the same terms, conditions, and exclusions as the underlying policies.",matchOnce,must be present,,,non_compliant,Block Requirements,,,true,0,,2026-08-16
"Block Real Estate Services, LLC",69fdf78062446148bd8587c6,69fded1f62446148bd849117,Royal Seamless Gutter Inc,69fdf08a38cbea6b3a6914e6,"kci892 - Riverside Industrial Center 2 {Riverside Industrial Center Investment, LLC}",evidenceOfInsurance,Evidence of Insurance,6ac20aae-5728-5d57-b364-aeba38527dba,Additional Requirements,2cdd866f-c9a4-576a-afd8-1d045762790c,"The location must be listed as: 116, 118 NW Business Park Lane, Riverside, MO, 64150",,matchOnce,must be present,,,non_compliant,Block Requirements,,,true,0,,2026-08-16
"Block Real Estate Services, LLC",69fdf78062446148bd8587c6,69fded1f62446148bd849117,Royal Seamless Gutter Inc,69fdf08a38cbea6b3a6914e6,"kci892 - Riverside Industrial Center 2 {Riverside Industrial Center Investment, LLC}",evidenceOfInsurance,Evidence of Insurance,6ac20aae-5728-5d57-b364-aeba38527dba,Additional Requirements,3649e9d1-4e09-59bf-8f30-cb33c40cf117,"Certificate Holder must read: c/o Block Real Estate Services, LLC, 4622 Pennsylvania St., Suite 700, Kansas City, MO, 64112",,matchOnce,must be present,,,non_compliant,Block Requirements,,,true,0,,2026-08-16
"Block Real Estate Services, LLC",69fdf74a62446148bd854b50,69fded1162446148bd848caf,Cornerstones Barbershop LLC,69fdef653b208288e0a7a89f,"3rd654 - Devonshire Village Shops {Devonshire Shops, LLC}",evidenceOfInsurance,Evidence of Insurance,commercialGeneralLiability,Commercial General Liability,evidenceOfInsuranceCommercialGeneralLiabilityCoverageTriggerOccurrence,Coverage Trigger: Occurrence,,matchOnce,must be present,,,non_compliant,Block Requirements,,,false,0,,2026-08-16
"Block Real Estate Services, LLC",69fdf74a62446148bd854b50,69fded1162446148bd848caf,Cornerstones Barbershop LLC,69fdef653b208288e0a7a89f,"3rd654 - Devonshire Village Shops {Devonshire Shops, LLC}",evidenceOfInsurance,Evidence of Insurance,commercialGeneralLiability,Commercial General Liability,evidenceOfInsuranceCommercialGeneralLiabilityGeneralAggregateLimitAppliesPerLocation,General Aggregate Limit Applies per: Location,,matchOnce,must be present,,,non_compliant,Block Requirements,,,false,0,,2026-08-16
"Block Real Estate Services, LLC",69fdf74a62446148bd854b50,69fded1162446148bd848caf,Cornerstones Barbershop LLC,69fdef653b208288e0a7a89f,"3rd654 - Devonshire Village Shops {Devonshire Shops, LLC}",evidenceOfInsurance,Evidence of Insurance,commercialGeneralLiability,Commercial General Liability,evidenceOfInsuranceCommercialGeneralLiabilityEachOccurrence,Each Occurrence,,matchOnce,must be greater or equal to,1000000,,non_compliant,Block Requirements,,,false,0,,2026-08-16
"Block Real Estate Services, LLC",69fdf74a62446148bd854b50,69fded1162446148bd848caf,Cornerstones Barbershop LLC,69fdef653b208288e0a7a89f,"3rd654 - Devonshire Village Shops {Devonshire Shops, LLC}",evidenceOfInsurance,Evidence of Insurance,commercialGeneralLiability,Commercial General Liability,evidenceOfInsuranceCommercialGeneralLiabilityGeneralAggregate,General Aggregate,,matchOnce,must be greater or equal to,2000000,,non_compliant,Block Requirements,,,false,0,,2026-08-16
"Block Real Estate Services, LLC",69fdf74a62446148bd854b50,69fded1162446148bd848caf,Cornerstones Barbershop LLC,69fdef653b208288e0a7a89f,"3rd654 - Devonshire Village Shops {Devonshire Shops, LLC}",evidenceOfInsurance,Evidence of Insurance,commercialGeneralLiability,Commercial General Liability,evidenceOfInsuranceCommercialGeneralLiabilityWaiverOfSubrogationEndorsement,Waiver of Subrogation,"---prompt---
Determine if the insurer has waived their right of subrogation in favor of the certificate holder under the Commercial General Liability policy. Evidence may include: a checked ""Waiver of Subrogation"" box on the certificate, mention in the Description of Operations section stating ""waiver of subrogation applies"", or reference to form CG 24 04. Look for language like ""subrogation is waived"" or ""per written contract"".",matchOnce,must be present,,,non_compliant,Block Requirements,,,false,0,,2026-08-16
"Block Real Estate Services, LLC",69fdf74a62446148bd854b50,69fded1162446148bd848caf,Cornerstones Barbershop LLC,69fdef653b208288e0a7a89f,"3rd654 - Devonshire Village Shops {Devonshire Shops, LLC}",evidenceOfInsurance,Evidence of Insurance,excessOrUmbrellaLiability,Umbrella/Excess Liability,evidenceOfInsuranceExcessOrUmbrellaLiabilityOccurence,Coverage Trigger: Occurrence,,matchOnce,must be present,,,non_compliant,Block Requirements,,,false,0,,2026-08-16
"Block Real Estate Services, LLC",69fdf74a62446148bd854b50,69fded1162446148bd848caf,Cornerstones Barbershop LLC,69fdef653b208288e0a7a89f,"3rd654 - Devonshire Village Shops {Devonshire Shops, LLC}",evidenceOfInsurance,Evidence of Insurance,excessOrUmbrellaLiability,Umbrella/Excess Liability,evidenceOfInsuranceExcessOrUmbrellaLiabilityEachOccurrence,Each Occurrence,,matchOnce,must be greater or equal to,1000000,,non_compliant,Block Requirements,,,false,0,,2026-08-16
"Block Real Estate Services, LLC",69fdf74a62446148bd854b50,69fded1162446148bd848caf,Cornerstones Barbershop LLC,69fdef653b208288e0a7a89f,"3rd654 - Devonshire Village Shops {Devonshire Shops, LLC}",evidenceOfInsurance,Evidence of Insurance,excessOrUmbrellaLiability,Umbrella/Excess Liability,evidenceOfInsuranceExcessOrUmbrellaLiabilityAggregate,Aggregate,,matchOnce,must be greater or equal to,1000000,,non_compliant,Block Requirements,,,false,0,,2026-08-16
"Block Real Estate Services, LLC",69fdf74a62446148bd854b50,69fded1162446148bd848caf,Cornerstones Barbershop LLC,69fdef653b208288e0a7a89f,"3rd654 - Devonshire Village Shops {Devonshire Shops, LLC}",evidenceOfInsurance,Evidence of Insurance,workersCompensation,Workers' Compensation and Employer's Liability,evidenceOfInsuranceWorkersCompensationStatutoryLimits,Statutory Limits,,matchOnce,must be present,,,non_compliant,Block Requirements,,,false,0,,2026-08-16
"Block Real Estate Services, LLC",69fdf74a62446148bd854b50,69fded1162446148bd848caf,Cornerstones Barbershop LLC,69fdef653b208288e0a7a89f,"3rd654 - Devonshire Village Shops {Devonshire Shops, LLC}",evidenceOfInsurance,Evidence of Insurance,workersCompensation,Workers' Compensation and Employer's Liability,evidenceOfInsuranceWorkersCompensationEmployersLiabilityEachAccident,Employer's Liability Each Accident,,matchOnce,must be greater or equal to,500000,,non_compliant,Block Requirements,,,false,0,,2026-08-16
"Block Real Estate Services, LLC",69fdf74a62446148bd854b50,69fded1162446148bd848caf,Cornerstones Barbershop LLC,69fdef653b208288e0a7a89f,"3rd654 - Devonshire Village Shops {Devonshire Shops, LLC}",evidenceOfInsurance,Evidence of Insurance,workersCompensation,Workers' Compensation and Employer's Liability,evidenceOfInsuranceWorkersCompensationEmployersLiabilityDiseaseEachEmployee,Employer's Liability Disease - each employee,,matchOnce,must be greater or equal to,500000,,non_compliant,Block Requirements,,,false,0,,2026-08-16
"Block Real Estate Services, LLC",69fdf74a62446148bd854b50,69fded1162446148bd848caf,Cornerstones Barbershop LLC,69fdef653b208288e0a7a89f,"3rd654 - Devonshire Village Shops {Devonshire Shops, LLC}",evidenceOfInsurance,Evidence of Insurance,workersCompensation,Workers' Compensation and Employer's Liability,evidenceOfInsuranceWorkersCompensationEmployersLiabilityDiseasePolicyLimit,Employer's Liability Disease - policy limit,,matchOnce,must be greater or equal to,500000,,non_compliant,Block Requirements,,,false,0,,2026-08-16
"Block Real Estate Services, LLC",69fdf74a62446148bd854b50,69fded1162446148bd848caf,Cornerstones Barbershop LLC,69fdef653b208288e0a7a89f,"3rd654 - Devonshire Village Shops {Devonshire Shops, LLC}",evidenceOfInsurance,Evidence of Insurance,workersCompensation,Workers' Compensation and Employer's Liability,evidenceOfInsuranceWorkersCompensationWaiverOfSubrogationEndorsement,Waiver of Subrogation,"---prompt---
Determine if the insurer has waived their right of subrogation in favor of the certificate holder under the Workers' Compensation policy. Evidence may include: a checked ""Waiver of Subrogation"" box on the certificate, mention in the Description of Operations section stating ""waiver of subrogation applies"", or reference to form WC 00 03 13. Look for language like ""subrogation is waived"" or ""per written contract"".",matchOnce,must be present,,,non_compliant,Block Requirements,,,false,0,,2026-08-16
"Block Real Estate Services, LLC",69fdf74a62446148bd854b50,69fded1162446148bd848caf,Cornerstones Barbershop LLC,69fdef653b208288e0a7a89f,"3rd654 - Devonshire Village Shops {Devonshire Shops, LLC}",evidenceOfInsurance,Evidence of Insurance,6ac20aae-5728-5d57-b364-aeba38527dba,Additional Requirements,4da5b0f1-4c9d-5885-8cf8-5d3cccaed3e0,"Block Real Estate Services, LLC and all others required by contract are named as Additional Insureds","---prompt---
Determine if the Description of Operations or the Additional Remarks Schedule section states the ""Additional Insured as Construction Management, Inc. and all others required by contract"" or reference to blanket additional insured coverage. Look for language like ""certificate holder is additional insured"" or ""per written contract"".",matchOnce,must be present,,,non_compliant,Block Requirements,,,true,0,,2026-08-16
"Block Real Estate Services, LLC",69fdf74a62446148bd854b50,69fded1162446148bd848caf,Cornerstones Barbershop LLC,69fdef653b208288e0a7a89f,"3rd654 - Devonshire Village Shops {Devonshire Shops, LLC}",evidenceOfInsurance,Evidence of Insurance,6ac20aae-5728-5d57-b364-aeba38527dba,Additional Requirements,e1017741-e47e-5f58-97b8-fbc3043e919f,Umbrella follows form over General Liability,"---prompt---
Determine if the Umbrella/Excess Liability policy follows form to the underlying policies. Evidence may include: language in the Description of Operations section stating the umbrella follows form to underlying coverages or an additional page endorsement stating that it follows form. Follow form means the umbrella policy adopts the same terms, conditions, and exclusions as the underlying policies.",matchOnce,must be present,,,non_compliant,Block Requirements,,,true,0,,2026-08-16
"Block Real Estate Services, LLC",69fdf74a62446148bd854b50,69fded1162446148bd848caf,Cornerstones Barbershop LLC,69fdef653b208288e0a7a89f,"3rd654 - Devonshire Village Shops {Devonshire Shops, LLC}",evidenceOfInsurance,Evidence of Insurance,6ac20aae-5728-5d57-b364-aeba38527dba,Additional Requirements,2cdd866f-c9a4-576a-afd8-1d045762790c,"The location must be listed as: 12705 S Mur-Len Rd, Suite A2, Olathe, KS, 66062",,matchOnce,must be present,,,non_compliant,Block Requirements,,,true,0,,2026-08-16
"Block Real Estate Services, LLC",69fdf74a62446148bd854b50,69fded1162446148bd848caf,Cornerstones Barbershop LLC,69fdef653b208288e0a7a89f,"3rd654 - Devonshire Village Shops {Devonshire Shops, LLC}",evidenceOfInsurance,Evidence of Insurance,6ac20aae-5728-5d57-b364-aeba38527dba,Additional Requirements,3649e9d1-4e09-59bf-8f30-cb33c40cf117,"Certificate Holder must read: c/o Block Real Estate Services, LLC, 4622 Pennsylvania St., Suite 700, Kansas City, MO, 64112",,matchOnce,must be present,,,non_compliant,Block Requirements,,,true,0,,2026-08-16
"Block Real Estate Services, LLC",69fdf74a62446148bd854b53,69fded1662446148bd848e02,"Pizza Hut / GMRG ACQ 1, LLC #0359",69fdef653b208288e0a7a89f,"3rd654 - Devonshire Village Shops {Devonshire Shops, LLC}",evidenceOfInsurance,Evidence of Insurance,commercialGeneralLiability,Commercial General Liability,evidenceOfInsuranceCommercialGeneralLiabilityCoverageTriggerOccurrence,Coverage Trigger: Occurrence,,matchOnce,must be present,,Present,compliant,Block Requirements,,,false,1,,2026-08-16
"Block Real Estate Services, LLC",69fdf74a62446148bd854b53,69fded1662446148bd848e02,"Pizza Hut / GMRG ACQ 1, LLC #0359",69fdef653b208288e0a7a89f,"3rd654 - Devonshire Village Shops {Devonshire Shops, LLC}",evidenceOfInsurance,Evidence of Insurance,commercialGeneralLiability,Commercial General Liability,evidenceOfInsuranceCommercialGeneralLiabilityGeneralAggregateLimitAppliesPerLocation,General Aggregate Limit Applies per: Location,,matchOnce,must be present,,Present,compliant,Block Requirements,,,false,1,,2026-08-16
"Block Real Estate Services, LLC",69fdf74a62446148bd854b53,69fded1662446148bd848e02,"Pizza Hut / GMRG ACQ 1, LLC #0359",69fdef653b208288e0a7a89f,"3rd654 - Devonshire Village Shops {Devonshire Shops, LLC}",evidenceOfInsurance,Evidence of Insurance,commercialGeneralLiability,Commercial General Liability,evidenceOfInsuranceCommercialGeneralLiabilityEachOccurrence,Each Occurrence,,matchOnce,must be greater or equal to,1000000,1000000,compliant,Block Requirements,,,false,1,,2026-08-16
"Block Real Estate Services, LLC",69fdf74a62446148bd854b53,69fded1662446148bd848e02,"Pizza Hut / GMRG ACQ 1, LLC #0359",69fdef653b208288e0a7a89f,"3rd654 - Devonshire Village Shops {Devonshire Shops, LLC}",evidenceOfInsurance,Evidence of Insurance,commercialGeneralLiability,Commercial General Liability,evidenceOfInsuranceCommercialGeneralLiabilityGeneralAggregate,General Aggregate,,matchOnce,must be greater or equal to,2000000,2000000,compliant,Block Requirements,,,false,1,,2026-08-16
"Block Real Estate Services, LLC",69fdf74a62446148bd854b53,69fded1662446148bd848e02,"Pizza Hut / GMRG ACQ 1, LLC #0359",69fdef653b208288e0a7a89f,"3rd654 - Devonshire Village Shops {Devonshire Shops, LLC}",evidenceOfInsurance,Evidence of Insurance,commercialGeneralLiability,Commercial General Liability,evidenceOfInsuranceCommercialGeneralLiabilityWaiverOfSubrogationEndorsement,Waiver of Subrogation,"---prompt---
Determine if the insurer has waived their right of subrogation in favor of the certificate holder under the Commercial General Liability policy. Evidence may include: a checked ""Waiver of Subrogation"" box on the certificate, mention in the Description of Operations section stating ""waiver of subrogation applies"", or reference to form CG 24 04. Look for language like ""subrogation is waived"" or ""per written contract"".",matchOnce,must be present,,Present,compliant,Block Requirements,,,false,1,,2026-08-16
"Block Real Estate Services, LLC",69fdf74a62446148bd854b53,69fded1662446148bd848e02,"Pizza Hut / GMRG ACQ 1, LLC #0359",69fdef653b208288e0a7a89f,"3rd654 - Devonshire Village Shops {Devonshire Shops, LLC}",evidenceOfInsurance,Evidence of Insurance,excessOrUmbrellaLiability,Umbrella/Excess Liability,evidenceOfInsuranceExcessOrUmbrellaLiabilityOccurence,Coverage Trigger: Occurrence,,matchOnce,must be present,,Present,compliant,Block Requirements,,,false,1,,2026-08-16
"Block Real Estate Services, LLC",69fdf74a62446148bd854b53,69fded1662446148bd848e02,"Pizza Hut / GMRG ACQ 1, LLC #0359",69fdef653b208288e0a7a89f,"3rd654 - Devonshire Village Shops {Devonshire Shops, LLC}",evidenceOfInsurance,Evidence of Insurance,excessOrUmbrellaLiability,Umbrella/Excess Liability,evidenceOfInsuranceExcessOrUmbrellaLiabilityEachOccurrence,Each Occurrence,,matchOnce,must be greater or equal to,1000000,10000000,compliant,Block Requirements,,,false,1,,2026-08-16
"Block Real Estate Services, LLC",69fdf74a62446148bd854b53,69fded1662446148bd848e02,"Pizza Hut / GMRG ACQ 1, LLC #0359",69fdef653b208288e0a7a89f,"3rd654 - Devonshire Village Shops {Devonshire Shops, LLC}",evidenceOfInsurance,Evidence of Insurance,excessOrUmbrellaLiability,Umbrella/Excess Liability,evidenceOfInsuranceExcessOrUmbrellaLiabilityAggregate,Aggregate,,matchOnce,must be greater or equal to,1000000,10000000,compliant,Block Requirements,,,false,1,,2026-08-16
"Block Real Estate Services, LLC",69fdf74a62446148bd854b53,69fded1662446148bd848e02,"Pizza Hut / GMRG ACQ 1, LLC #0359",69fdef653b208288e0a7a89f,"3rd654 - Devonshire Village Shops {Devonshire Shops, LLC}",evidenceOfInsurance,Evidence of Insurance,workersCompensation,Workers' Compensation and Employer's Liability,evidenceOfInsuranceWorkersCompensationStatutoryLimits,Statutory Limits,,matchOnce,must be present,,Present,compliant,Block Requirements,,,false,1,,2026-08-16
"Block Real Estate Services, LLC",69fdf74a62446148bd854b53,69fded1662446148bd848e02,"Pizza Hut / GMRG ACQ 1, LLC #0359",69fdef653b208288e0a7a89f,"3rd654 - Devonshire Village Shops {Devonshire Shops, LLC}",evidenceOfInsurance,Evidence of Insurance,workersCompensation,Workers' Compensation and Employer's Liability,evidenceOfInsuranceWorkersCompensationEmployersLiabilityEachAccident,Employer's Liability Each Accident,,matchOnce,must be greater or equal to,500000,1000000,compliant,Block Requirements,,,false,1,,2026-08-16
"Block Real Estate Services, LLC",69fdf74a62446148bd854b53,69fded1662446148bd848e02,"Pizza Hut / GMRG ACQ 1, LLC #0359",69fdef653b208288e0a7a89f,"3rd654 - Devonshire Village Shops {Devonshire Shops, LLC}",evidenceOfInsurance,Evidence of Insurance,workersCompensation,Workers' Compensation and Employer's Liability,evidenceOfInsuranceWorkersCompensationEmployersLiabilityDiseaseEachEmployee,Employer's Liability Disease - each employee,,matchOnce,must be greater or equal to,500000,1000000,compliant,Block Requirements,,,false,1,,2026-08-16
"Block Real Estate Services, LLC",69fdf74a62446148bd854b53,69fded1662446148bd848e02,"Pizza Hut / GMRG ACQ 1, LLC #0359",69fdef653b208288e0a7a89f,"3rd654 - Devonshire Village Shops {Devonshire Shops, LLC}",evidenceOfInsurance,Evidence of Insurance,workersCompensation,Workers' Compensation and Employer's Liability,evidenceOfInsuranceWorkersCompensationEmployersLiabilityDiseasePolicyLimit,Employer's Liability Disease - policy limit,,matchOnce,must be greater or equal to,500000,1000000,compliant,Block Requirements,,,false,1,,2026-08-16
"Block Real Estate Services, LLC",69fdf74a62446148bd854b53,69fded1662446148bd848e02,"Pizza Hut / GMRG ACQ 1, LLC #0359",69fdef653b208288e0a7a89f,"3rd654 - Devonshire Village Shops {Devonshire Shops, LLC}",evidenceOfInsurance,Evidence of Insurance,workersCompensation,Workers' Compensation and Employer's Liability,evidenceOfInsuranceWorkersCompensationWaiverOfSubrogationEndorsement,Waiver of Subrogation,"---prompt---
Determine if the insurer has waived their right of subrogation in favor of the certificate holder under the Workers' Compensation policy. Evidence may include: a checked ""Waiver of Subrogation"" box on the certificate, mention in the Description of Operations section stating ""waiver of subrogation applies"", or reference to form WC 00 03 13. Look for language like ""subrogation is waived"" or ""per written contract"".",matchOnce,must be present,,Present,compliant,Block Requirements,,,false,1,,2026-08-16
"Block Real Estate Services, LLC",69fdf74a62446148bd854b53,69fded1662446148bd848e02,"Pizza Hut / GMRG ACQ 1, LLC #0359",69fdef653b208288e0a7a89f,"3rd654 - Devonshire Village Shops {Devonshire Shops, LLC}",evidenceOfInsurance,Evidence of Insurance,6ac20aae-5728-5d57-b364-aeba38527dba,Additional Requirements,4da5b0f1-4c9d-5885-8cf8-5d3cccaed3e0,"Block Real Estate Services, LLC and all others required by contract are named as Additional Insureds","---prompt---
Determine if the Description of Operations or the Additional Remarks Schedule section states the ""Additional Insured as Construction Management, Inc. and all others required by contract"" or reference to blanket additional insured coverage. Look for language like ""certificate holder is additional insured"" or ""per written contract"".",matchOnce,must be present,,Present,compliant,Block Requirements,,,true,1,,2026-08-16
"Block Real Estate Services, LLC",69fdf74a62446148bd854b53,69fded1662446148bd848e02,"Pizza Hut / GMRG ACQ 1, LLC #0359",69fdef653b208288e0a7a89f,"3rd654 - Devonshire Village Shops {Devonshire Shops, LLC}",evidenceOfInsurance,Evidence of Insurance,6ac20aae-5728-5d57-b364-aeba38527dba,Additional Requirements,e1017741-e47e-5f58-97b8-fbc3043e919f,Umbrella follows form over General Liability,"---prompt---
Determine if the Umbrella/Excess Liability policy follows form to the underlying policies. Evidence may include: language in the Description of Operations section stating the umbrella follows form to underlying coverages or an additional page endorsement stating that it follows form. Follow form means the umbrella policy adopts the same terms, conditions, and exclusions as the underlying policies.",matchOnce,must be present,,Present,compliant,Block Requirements,,,true,1,,2026-08-16
"Block Real Estate Services, LLC",69fdf74a62446148bd854b53,69fded1662446148bd848e02,"Pizza Hut / GMRG ACQ 1, LLC #0359",69fdef653b208288e0a7a89f,"3rd654 - Devonshire Village Shops {Devonshire Shops, LLC}",evidenceOfInsurance,Evidence of Insurance,6ac20aae-5728-5d57-b364-aeba38527dba,Additional Requirements,2cdd866f-c9a4-576a-afd8-1d045762790c,"The location must be listed as: 12705 N Mur-Len Rd, Suite A4, Olathe, KS, 66062",,matchOnce,must be present,,Present,compliant,Block Requirements,,,true,1,,2026-08-16
"Block Real Estate Services, LLC",69fdf74a62446148bd854b53,69fded1662446148bd848e02,"Pizza Hut / GMRG ACQ 1, LLC #0359",69fdef653b208288e0a7a89f,"3rd654 - Devonshire Village Shops {Devonshire Shops, LLC}",evidenceOfInsurance,Evidence of Insurance,6ac20aae-5728-5d57-b364-aeba38527dba,Additional Requirements,3649e9d1-4e09-59bf-8f30-cb33c40cf117,"Certificate Holder must read: c/o Block Real Estate Services, LLC, 4622 Pennsylvania St., Suite 700, Kansas City, MO, 64112",,matchOnce,must be present,,Present,compliant,Block Requirements,,,true,1,,2026-08-16
"Block Real Estate Services, LLC",69fdf74a62446148bd854b58,69fded2162446148bd849180,Sobriety First,69fdef653b208288e0a7a89f,"3rd654 - Devonshire Village Shops {Devonshire Shops, LLC}",evidenceOfInsurance,Evidence of Insurance,commercialGeneralLiability,Commercial General Liability,evidenceOfInsuranceCommercialGeneralLiabilityCoverageTriggerOccurrence,Coverage Trigger: Occurrence,,matchOnce,must be present,,Present,compliant,Block Requirements,,,false,1,,2026-08-16
"Block Real Estate Services, LLC",69fdf74a62446148bd854b58,69fded2162446148bd849180,Sobriety First,69fdef653b208288e0a7a89f,"3rd654 - Devonshire Village Shops {Devonshire Shops, LLC}",evidenceOfInsurance,Evidence of Insurance,commercialGeneralLiability,Commercial General Liability,evidenceOfInsuranceCommercialGeneralLiabilityGeneralAggregateLimitAppliesPerLocation,General Aggregate Limit Applies per: Location,,matchOnce,must be present,,Present,compliant,Block Requirements,,,false,1,,2026-08-16
"Block Real Estate Services, LLC",69fdf74a62446148bd854b58,69fded2162446148bd849180,Sobriety First,69fdef653b208288e0a7a89f,"3rd654 - Devonshire Village Shops {Devonshire Shops, LLC}",evidenceOfInsurance,Evidence of Insurance,commercialGeneralLiability,Commercial General Liability,evidenceOfInsuranceCommercialGeneralLiabilityEachOccurrence,Each Occurrence,,matchOnce,must be greater or equal to,1000000,1000000,compliant,Block Requirements,,,false,1,,2026-08-16
"Block Real Estate Services, LLC",69fdf74a62446148bd854b58,69fded2162446148bd849180,Sobriety First,69fdef653b208288e0a7a89f,"3rd654 - Devonshire Village Shops {Devonshire Shops, LLC}",evidenceOfInsurance,Evidence of Insurance,commercialGeneralLiability,Commercial General Liability,evidenceOfInsuranceCommercialGeneralLiabilityGeneralAggregate,General Aggregate,,matchOnce,must be greater or equal to,2000000,2000000,compliant,Block Requirements,,,false,1,,2026-08-16
"Block Real Estate Services, LLC",69fdf74a62446148bd854b58,69fded2162446148bd849180,Sobriety First,69fdef653b208288e0a7a89f,"3rd654 - Devonshire Village Shops {Devonshire Shops, LLC}",evidenceOfInsurance,Evidence of Insurance,commercialGeneralLiability,Commercial General Liability,evidenceOfInsuranceCommercialGeneralLiabilityWaiverOfSubrogationEndorsement,Waiver of Subrogation,"---prompt---
Determine if the insurer has waived their right of subrogation in favor of the certificate holder under the Commercial General Liability policy. Evidence may include: a checked ""Waiver of Subrogation"" box on the certificate, mention in the Description of Operations section stating ""waiver of subrogation applies"", or reference to form CG 24 04. Look for language like ""subrogation is waived"" or ""per written contract"".",matchOnce,must be present,,,non_compliant,Block Requirements,,,false,0,,2026-08-16
"Block Real Estate Services, LLC",69fdf74a62446148bd854b58,69fded2162446148bd849180,Sobriety First,69fdef653b208288e0a7a89f,"3rd654 - Devonshire Village Shops {Devonshire Shops, LLC}",evidenceOfInsurance,Evidence of Insurance,excessOrUmbrellaLiability,Umbrella/Excess Liability,evidenceOfInsuranceExcessOrUmbrellaLiabilityOccurence,Coverage Trigger: Occurrence,,matchOnce,must be present,,Present,compliant,Block Requirements,,,false,1,,2026-08-16
"Block Real Estate Services, LLC",69fdf74a62446148bd854b58,69fded2162446148bd849180,Sobriety First,69fdef653b208288e0a7a89f,"3rd654 - Devonshire Village Shops {Devonshire Shops, LLC}",evidenceOfInsurance,Evidence of Insurance,excessOrUmbrellaLiability,Umbrella/Excess Liability,evidenceOfInsuranceExcessOrUmbrellaLiabilityEachOccurrence,Each Occurrence,,matchOnce,must be greater or equal to,1000000,2000000,compliant,Block Requirements,,,false,1,,2026-08-16
"Block Real Estate Services, LLC",69fdf74a62446148bd854b58,69fded2162446148bd849180,Sobriety First,69fdef653b208288e0a7a89f,"3rd654 - Devonshire Village Shops {Devonshire Shops, LLC}",evidenceOfInsurance,Evidence of Insurance,excessOrUmbrellaLiability,Umbrella/Excess Liability,evidenceOfInsuranceExcessOrUmbrellaLiabilityAggregate,Aggregate,,matchOnce,must be greater or equal to,1000000,2000000,compliant,Block Requirements,,,false,1,,2026-08-16
"Block Real Estate Services, LLC",69fdf74a62446148bd854b58,69fded2162446148bd849180,Sobriety First,69fdef653b208288e0a7a89f,"3rd654 - Devonshire Village Shops {Devonshire Shops, LLC}",evidenceOfInsurance,Evidence of Insurance,workersCompensation,Workers' Compensation and Employer's Liability,evidenceOfInsuranceWorkersCompensationStatutoryLimits,Statutory Limits,,matchOnce,must be present,,,non_compliant,Block Requirements,,,false,0,,2026-08-16
"Block Real Estate Services, LLC",69fdf74a62446148bd854b58,69fded2162446148bd849180,Sobriety First,69fdef653b208288e0a7a89f,"3rd654 - Devonshire Village Shops {Devonshire Shops, LLC}",evidenceOfInsurance,Evidence of Insurance,workersCompensation,Workers' Compensation and Employer's Liability,evidenceOfInsuranceWorkersCompensationEmployersLiabilityEachAccident,Employer's Liability Each Accident,,matchOnce,must be greater or equal to,500000,,non_compliant,Block Requirements,,,false,0,,2026-08-16
"Block Real Estate Services, LLC",69fdf74a62446148bd854b58,69fded2162446148bd849180,Sobriety First,69fdef653b208288e0a7a89f,"3rd654 - Devonshire Village Shops {Devonshire Shops, LLC}",evidenceOfInsurance,Evidence of Insurance,workersCompensation,Workers' Compensation and Employer's Liability,evidenceOfInsuranceWorkersCompensationEmployersLiabilityDiseaseEachEmployee,Employer's Liability Disease - each employee,,matchOnce,must be greater or equal to,500000,,non_compliant,Block Requirements,,,false,0,,2026-08-16
"Block Real Estate Services, LLC",69fdf74a62446148bd854b58,69fded2162446148bd849180,Sobriety First,69fdef653b208288e0a7a89f,"3rd654 - Devonshire Village Shops {Devonshire Shops, LLC}",evidenceOfInsurance,Evidence of Insurance,workersCompensation,Workers' Compensation and Employer's Liability,evidenceOfInsuranceWorkersCompensationEmployersLiabilityDiseasePolicyLimit,Employer's Liability Disease - policy limit,,matchOnce,must be greater or equal to,500000,,non_compliant,Block Requirements,,,false,0,,2026-08-16
"Block Real Estate Services, LLC",69fdf74a62446148bd854b58,69fded2162446148bd849180,Sobriety First,69fdef653b208288e0a7a89f,"3rd654 - Devonshire Village Shops {Devonshire Shops, LLC}",evidenceOfInsurance,Evidence of Insurance,workersCompensation,Workers' Compensation and Employer's Liability,evidenceOfInsuranceWorkersCompensationWaiverOfSubrogationEndorsement,Waiver of Subrogation,"---prompt---
Determine if the insurer has waived their right of subrogation in favor of the certificate holder under the Workers' Compensation policy. Evidence may include: a checked ""Waiver of Subrogation"" box on the certificate, mention in the Description of Operations section stating ""waiver of subrogation applies"", or reference to form WC 00 03 13. Look for language like ""subrogation is waived"" or ""per written contract"".",matchOnce,must be present,,,non_compliant,Block Requirements,,,false,0,,2026-08-16
"Block Real Estate Services, LLC",69fdf74a62446148bd854b58,69fded2162446148bd849180,Sobriety First,69fdef653b208288e0a7a89f,"3rd654 - Devonshire Village Shops {Devonshire Shops, LLC}",evidenceOfInsurance,Evidence of Insurance,6ac20aae-5728-5d57-b364-aeba38527dba,Additional Requirements,4da5b0f1-4c9d-5885-8cf8-5d3cccaed3e0,"Block Real Estate Services, LLC and all others required by contract are named as Additional Insureds","---prompt---
Determine if the Description of Operations or the Additional Remarks Schedule section states the ""Additional Insured as Construction Management, Inc. and all others required by contract"" or reference to blanket additional insured coverage. Look for language like ""certificate holder is additional insured"" or ""per written contract"".",matchOnce,must be present,,Present,compliant,Block Requirements,,,true,1,,2026-08-16
"Block Real Estate Services, LLC",69fdf74a62446148bd854b58,69fded2162446148bd849180,Sobriety First,69fdef653b208288e0a7a89f,"3rd654 - Devonshire Village Shops {Devonshire Shops, LLC}",evidenceOfInsurance,Evidence of Insurance,6ac20aae-5728-5d57-b364-aeba38527dba,Additional Requirements,e1017741-e47e-5f58-97b8-fbc3043e919f,Umbrella follows form over General Liability,"---prompt---
Determine if the Umbrella/Excess Liability policy follows form to the underlying policies. Evidence may include: language in the Description of Operations section stating the umbrella follows form to underlying coverages or an additional page endorsement stating that it follows form. Follow form means the umbrella policy adopts the same terms, conditions, and exclusions as the underlying policies.",matchOnce,must be present,,Present,compliant,Block Requirements,,,true,1,,2026-08-16
"Block Real Estate Services, LLC",69fdf74a62446148bd854b58,69fded2162446148bd849180,Sobriety First,69fdef653b208288e0a7a89f,"3rd654 - Devonshire Village Shops {Devonshire Shops, LLC}",evidenceOfInsurance,Evidence of Insurance,6ac20aae-5728-5d57-b364-aeba38527dba,Additional Requirements,2cdd866f-c9a4-576a-afd8-1d045762790c,"The location must be listed as: 12755 S Mur-Len Rd, Suite B13, Olathe, KS, 66062",,matchOnce,must be present,,Present,compliant,Block Requirements,,,true,1,,2026-08-16
"Block Real Estate Services, LLC",69fdf74a62446148bd854b58,69fded2162446148bd849180,Sobriety First,69fdef653b208288e0a7a89f,"3rd654 - Devonshire Village Shops {Devonshire Shops, LLC}",evidenceOfInsurance,Evidence of Insurance,6ac20aae-5728-5d57-b364-aeba38527dba,Additional Requirements,3649e9d1-4e09-59bf-8f30-cb33c40cf117,"Certificate Holder must read: c/o Block Real Estate Services, LLC, 4622 Pennsylvania St., Suite 700, Kansas City, MO, 64112",,matchOnce,must be present,,Present,compliant,Block Requirements,,,true,1,,2026-08-16
"Block Real Estate Services, LLC",69fdf74a62446148bd854b52,69fded1262446148bd848d00,Daylight Donuts-Olathe LLC,69fdef653b208288e0a7a89f,"3rd654 - Devonshire Village Shops {Devonshire Shops, LLC}",evidenceOfInsurance,Evidence of Insurance,commercialGeneralLiability,Commercial General Liability,evidenceOfInsuranceCommercialGeneralLiabilityCoverageTriggerOccurrence,Coverage Trigger: Occurrence,,matchOnce,must be present,,,non_compliant,Block Requirements,,,false,0,,2026-08-16
"Block Real Estate Services, LLC",69fdf74a62446148bd854b52,69fded1262446148bd848d00,Daylight Donuts-Olathe LLC,69fdef653b208288e0a7a89f,"3rd654 - Devonshire Village Shops {Devonshire Shops, LLC}",evidenceOfInsurance,Evidence of Insurance,commercialGeneralLiability,Commercial General Liability,evidenceOfInsuranceCommercialGeneralLiabilityGeneralAggregateLimitAppliesPerLocation,General Aggregate Limit Applies per: Location,,matchOnce,must be present,,,non_compliant,Block Requirements,,,false,0,,2026-08-16
"Block Real Estate Services, LLC",69fdf74a62446148bd854b52,69fded1262446148bd848d00,Daylight Donuts-Olathe LLC,69fdef653b208288e0a7a89f,"3rd654 - Devonshire Village Shops {Devonshire Shops, LLC}",evidenceOfInsurance,Evidence of Insurance,commercialGeneralLiability,Commercial General Liability,evidenceOfInsuranceCommercialGeneralLiabilityEachOccurrence,Each Occurrence,,matchOnce,must be greater or equal to,1000000,,non_compliant,Block Requirements,,,false,0,,2026-08-16
"Block Real Estate Services, LLC",69fdf74a62446148bd854b52,69fded1262446148bd848d00,Daylight Donuts-Olathe LLC,69fdef653b208288e0a7a89f,"3rd654 - Devonshire Village Shops {Devonshire Shops, LLC}",evidenceOfInsurance,Evidence of Insurance,commercialGeneralLiability,Commercial General Liability,evidenceOfInsuranceCommercialGeneralLiabilityGeneralAggregate,General Aggregate,,matchOnce,must be greater or equal to,2000000,,non_compliant,Block Requirements,,,false,0,,2026-08-16
"Block Real Estate Services, LLC",69fdf74a62446148bd854b52,69fded1262446148bd848d00,Daylight Donuts-Olathe LLC,69fdef653b208288e0a7a89f,"3rd654 - Devonshire Village Shops {Devonshire Shops, LLC}",evidenceOfInsurance,Evidence of Insurance,commercialGeneralLiability,Commercial General Liability,evidenceOfInsuranceCommercialGeneralLiabilityWaiverOfSubrogationEndorsement,Waiver of Subrogation,"---prompt---
Determine if the insurer has waived their right of subrogation in favor of the certificate holder under the Commercial General Liability policy. Evidence may include: a checked ""Waiver of Subrogation"" box on the certificate, mention in the Description of Operations section stating ""waiver of subrogation applies"", or reference to form CG 24 04. Look for language like ""subrogation is waived"" or ""per written contract"".",matchOnce,must be present,,,non_compliant,Block Requirements,,,false,0,,2026-08-16
"Block Real Estate Services, LLC",69fdf74a62446148bd854b52,69fded1262446148bd848d00,Daylight Donuts-Olathe LLC,69fdef653b208288e0a7a89f,"3rd654 - Devonshire Village Shops {Devonshire Shops, LLC}",evidenceOfInsurance,Evidence of Insurance,excessOrUmbrellaLiability,Umbrella/Excess Liability,evidenceOfInsuranceExcessOrUmbrellaLiabilityOccurence,Coverage Trigger: Occurrence,,matchOnce,must be present,,,non_compliant,Block Requirements,,,false,0,,2026-08-16
"Block Real Estate Services, LLC",69fdf74a62446148bd854b52,69fded1262446148bd848d00,Daylight Donuts-Olathe LLC,69fdef653b208288e0a7a89f,"3rd654 - Devonshire Village Shops {Devonshire Shops, LLC}",evidenceOfInsurance,Evidence of Insurance,excessOrUmbrellaLiability,Umbrella/Excess Liability,evidenceOfInsuranceExcessOrUmbrellaLiabilityEachOccurrence,Each Occurrence,,matchOnce,must be greater or equal to,1000000,,non_compliant,Block Requirements,,,false,0,,2026-08-16
"Block Real Estate Services, LLC",69fdf74a62446148bd854b52,69fded1262446148bd848d00,Daylight Donuts-Olathe LLC,69fdef653b208288e0a7a89f,"3rd654 - Devonshire Village Shops {Devonshire Shops, LLC}",evidenceOfInsurance,Evidence of Insurance,excessOrUmbrellaLiability,Umbrella/Excess Liability,evidenceOfInsuranceExcessOrUmbrellaLiabilityAggregate,Aggregate,,matchOnce,must be greater or equal to,1000000,,non_compliant,Block Requirements,,,false,0,,2026-08-16
"Block Real Estate Services, LLC",69fdf74a62446148bd854b52,69fded1262446148bd848d00,Daylight Donuts-Olathe LLC,69fdef653b208288e0a7a89f,"3rd654 - Devonshire Village Shops {Devonshire Shops, LLC}",evidenceOfInsurance,Evidence of Insurance,workersCompensation,Workers' Compensation and Employer's Liability,evidenceOfInsuranceWorkersCompensationStatutoryLimits,Statutory Limits,,matchOnce,must be present,,,non_compliant,Block Requirements,,,false,0,,2026-08-16
"Block Real Estate Services, LLC",69fdf74a62446148bd854b52,69fded1262446148bd848d00,Daylight Donuts-Olathe LLC,69fdef653b208288e0a7a89f,"3rd654 - Devonshire Village Shops {Devonshire Shops, LLC}",evidenceOfInsurance,Evidence of Insurance,workersCompensation,Workers' Compensation and Employer's Liability,evidenceOfInsuranceWorkersCompensationEmployersLiabilityEachAccident,Employer's Liability Each Accident,,matchOnce,must be greater or equal to,500000,,non_compliant,Block Requirements,,,false,0,,2026-08-16
"Block Real Estate Services, LLC",69fdf74a62446148bd854b52,69fded1262446148bd848d00,Daylight Donuts-Olathe LLC,69fdef653b208288e0a7a89f,"3rd654 - Devonshire Village Shops {Devonshire Shops, LLC}",evidenceOfInsurance,Evidence of Insurance,workersCompensation,Workers' Compensation and Employer's Liability,evidenceOfInsuranceWorkersCompensationEmployersLiabilityDiseaseEachEmployee,Employer's Liability Disease - each employee,,matchOnce,must be greater or equal to,500000,,non_compliant,Block Requirements,,,false,0,,2026-08-16
"Block Real Estate Services, LLC",69fdf74a62446148bd854b52,69fded1262446148bd848d00,Daylight Donuts-Olathe LLC,69fdef653b208288e0a7a89f,"3rd654 - Devonshire Village Shops {Devonshire Shops, LLC}",evidenceOfInsurance,Evidence of Insurance,workersCompensation,Workers' Compensation and Employer's Liability,evidenceOfInsuranceWorkersCompensationEmployersLiabilityDiseasePolicyLimit,Employer's Liability Disease - policy limit,,matchOnce,must be greater or equal to,500000,,non_compliant,Block Requirements,,,false,0,,2026-08-16
"Block Real Estate Services, LLC",69fdf74a62446148bd854b52,69fded1262446148bd848d00,Daylight Donuts-Olathe LLC,69fdef653b208288e0a7a89f,"3rd654 - Devonshire Village Shops {Devonshire Shops, LLC}",evidenceOfInsurance,Evidence of Insurance,workersCompensation,Workers' Compensation and Employer's Liability,evidenceOfInsuranceWorkersCompensationWaiverOfSubrogationEndorsement,Waiver of Subrogation,"---prompt---
Determine if the insurer has waived their right of subrogation in favor of the certificate holder under the Workers' Compensation policy. Evidence may include: a checked ""Waiver of Subrogation"" box on the certificate, mention in the Description of Operations section stating ""waiver of subrogation applies"", or reference to form WC 00 03 13. Look for language like ""subrogation is waived"" or ""per written contract"".",matchOnce,must be present,,,non_compliant,Block Requirements,,,false,0,,2026-08-16
"Block Real Estate Services, LLC",69fdf74a62446148bd854b52,69fded1262446148bd848d00,Daylight Donuts-Olathe LLC,69fdef653b208288e0a7a89f,"3rd654 - Devonshire Village Shops {Devonshire Shops, LLC}",evidenceOfInsurance,Evidence of Insurance,6ac20aae-5728-5d57-b364-aeba38527dba,Additional Requirements,4da5b0f1-4c9d-5885-8cf8-5d3cccaed3e0,"Block Real Estate Services, LLC and all others required by contract are named as Additional Insureds","---prompt---
Determine if the Description of Operations or the Additional Remarks Schedule section states the ""Additional Insured as Construction Management, Inc. and all others required by contract"" or reference to blanket additional insured coverage. Look for language like ""certificate holder is additional insured"" or ""per written contract"".",matchOnce,must be present,,,non_compliant,Block Requirements,,,true,0,,2026-08-16
"Block Real Estate Services, LLC",69fdf74a62446148bd854b52,69fded1262446148bd848d00,Daylight Donuts-Olathe LLC,69fdef653b208288e0a7a89f,"3rd654 - Devonshire Village Shops {Devonshire Shops, LLC}",evidenceOfInsurance,Evidence of Insurance,6ac20aae-5728-5d57-b364-aeba38527dba,Additional Requirements,e1017741-e47e-5f58-97b8-fbc3043e919f,Umbrella follows form over General Liability,"---prompt---
Determine if the Umbrella/Excess Liability policy follows form to the underlying policies. Evidence may include: language in the Description of Operations section stating the umbrella follows form to underlying coverages or an additional page endorsement stating that it follows form. Follow form means the umbrella policy adopts the same terms, conditions, and exclusions as the underlying policies.",matchOnce,must be present,,,non_compliant,Block Requirements,,,true,0,,2026-08-16
"Block Real Estate Services, LLC",69fdf74a62446148bd854b52,69fded1262446148bd848d00,Daylight Donuts-Olathe LLC,69fdef653b208288e0a7a89f,"3rd654 - Devonshire Village Shops {Devonshire Shops, LLC}",evidenceOfInsurance,Evidence of Insurance,6ac20aae-5728-5d57-b364-aeba38527dba,Additional Requirements,2cdd866f-c9a4-576a-afd8-1d045762790c,"The location must be listed as: 12705 S Mur-Len Rd, Suite A1, Olathe, KS, 66062",,matchOnce,must be present,,,non_compliant,Block Requirements,,,true,0,,2026-08-16
"Block Real Estate Services, LLC",69fdf74a62446148bd854b52,69fded1262446148bd848d00,Daylight Donuts-Olathe LLC,69fdef653b208288e0a7a89f,"3rd654 - Devonshire Village Shops {Devonshire Shops, LLC}",evidenceOfInsurance,Evidence of Insurance,6ac20aae-5728-5d57-b364-aeba38527dba,Additional Requirements,3649e9d1-4e09-59bf-8f30-cb33c40cf117,"Certificate Holder must read: c/o Block Real Estate Services, LLC, 4622 Pennsylvania St., Suite 700, Kansas City, MO, 64112",,matchOnce,must be present,,,non_compliant,Block Requirements,,,true,0,,2026-08-16
"Block Real Estate Services, LLC",69fdf74a62446148bd854b4d,69fded0d62446148bd848b3b,Agape Montessori School/Pulliam Properties LLC,69fdef653b208288e0a7a89f,"3rd654 - Devonshire Village Shops {Devonshire Shops, LLC}",evidenceOfInsurance,Evidence of Insurance,commercialGeneralLiability,Commercial General Liability,evidenceOfInsuranceCommercialGeneralLiabilityCoverageTriggerOccurrence,Coverage Trigger: Occurrence,,matchOnce,must be present,,Present,compliant,Block Requirements,,,false,1,,2026-08-16
"Block Real Estate Services, LLC",69fdf74a62446148bd854b4d,69fded0d62446148bd848b3b,Agape Montessori School/Pulliam Properties LLC,69fdef653b208288e0a7a89f,"3rd654 - Devonshire Village Shops {Devonshire Shops, LLC}",evidenceOfInsurance,Evidence of Insurance,commercialGeneralLiability,Commercial General Liability,evidenceOfInsuranceCommercialGeneralLiabilityGeneralAggregateLimitAppliesPerLocation,General Aggregate Limit Applies per: Location,,matchOnce,must be present,,,non_compliant,Block Requirements,,,false,0,,2026-08-16
"Block Real Estate Services, LLC",69fdf74a62446148bd854b4d,69fded0d62446148bd848b3b,Agape Montessori School/Pulliam Properties LLC,69fdef653b208288e0a7a89f,"3rd654 - Devonshire Village Shops {Devonshire Shops, LLC}",evidenceOfInsurance,Evidence of Insurance,commercialGeneralLiability,Commercial General Liability,evidenceOfInsuranceCommercialGeneralLiabilityEachOccurrence,Each Occurrence,,matchOnce,must be greater or equal to,1000000,1000000,compliant,Block Requirements,,,false,1,,2026-08-16
"Block Real Estate Services, LLC",69fdf74a62446148bd854b4d,69fded0d62446148bd848b3b,Agape Montessori School/Pulliam Properties LLC,69fdef653b208288e0a7a89f,"3rd654 - Devonshire Village Shops {Devonshire Shops, LLC}",evidenceOfInsurance,Evidence of Insurance,commercialGeneralLiability,Commercial General Liability,evidenceOfInsuranceCommercialGeneralLiabilityGeneralAggregate,General Aggregate,,matchOnce,must be greater or equal to,2000000,2000000,compliant,Block Requirements,,,false,1,,2026-08-16
"Block Real Estate Services, LLC",69fdf74a62446148bd854b4d,69fded0d62446148bd848b3b,Agape Montessori School/Pulliam Properties LLC,69fdef653b208288e0a7a89f,"3rd654 - Devonshire Village Shops {Devonshire Shops, LLC}",evidenceOfInsurance,Evidence of Insurance,commercialGeneralLiability,Commercial General Liability,evidenceOfInsuranceCommercialGeneralLiabilityWaiverOfSubrogationEndorsement,Waiver of Subrogation,"---prompt---
Determine if the insurer has waived their right of subrogation in favor of the certificate holder under the Commercial General Liability policy. Evidence may include: a checked ""Waiver of Subrogation"" box on the certificate, mention in the Description of Operations section stating ""waiver of subrogation applies"", or reference to form CG 24 04. Look for language like ""subrogation is waived"" or ""per written contract"".",matchOnce,must be present,,Present,compliant,Block Requirements,,,false,1,,2026-08-16
"Block Real Estate Services, LLC",69fdf74a62446148bd854b4d,69fded0d62446148bd848b3b,Agape Montessori School/Pulliam Properties LLC,69fdef653b208288e0a7a89f,"3rd654 - Devonshire Village Shops {Devonshire Shops, LLC}",evidenceOfInsurance,Evidence of Insurance,excessOrUmbrellaLiability,Umbrella/Excess Liability,evidenceOfInsuranceExcessOrUmbrellaLiabilityOccurence,Coverage Trigger: Occurrence,,matchOnce,must be present,,Present,compliant,Block Requirements,,,false,1,,2026-08-16
"Block Real Estate Services, LLC",69fdf74a62446148bd854b4d,69fded0d62446148bd848b3b,Agape Montessori School/Pulliam Properties LLC,69fdef653b208288e0a7a89f,"3rd654 - Devonshire Village Shops {Devonshire Shops, LLC}",evidenceOfInsurance,Evidence of Insurance,excessOrUmbrellaLiability,Umbrella/Excess Liability,evidenceOfInsuranceExcessOrUmbrellaLiabilityEachOccurrence,Each Occurrence,,matchOnce,must be greater or equal to,1000000,1000000,compliant,Block Requirements,,,false,1,,2026-08-16
"Block Real Estate Services, LLC",69fdf74a62446148bd854b4d,69fded0d62446148bd848b3b,Agape Montessori School/Pulliam Properties LLC,69fdef653b208288e0a7a89f,"3rd654 - Devonshire Village Shops {Devonshire Shops, LLC}",evidenceOfInsurance,Evidence of Insurance,excessOrUmbrellaLiability,Umbrella/Excess Liability,evidenceOfInsuranceExcessOrUmbrellaLiabilityAggregate,Aggregate,,matchOnce,must be greater or equal to,1000000,1000000,compliant,Block Requirements,,,false,1,,2026-08-16
"Block Real Estate Services, LLC",69fdf74a62446148bd854b4d,69fded0d62446148bd848b3b,Agape Montessori School/Pulliam Properties LLC,69fdef653b208288e0a7a89f,"3rd654 - Devonshire Village Shops {Devonshire Shops, LLC}",evidenceOfInsurance,Evidence of Insurance,workersCompensation,Workers' Compensation and Employer's Liability,evidenceOfInsuranceWorkersCompensationStatutoryLimits,Statutory Limits,,matchOnce,must be present,,,non_compliant,Block Requirements,,,false,0,,2026-08-16
"Block Real Estate Services, LLC",69fdf74a62446148bd854b4d,69fded0d62446148bd848b3b,Agape Montessori School/Pulliam Properties LLC,69fdef653b208288e0a7a89f,"3rd654 - Devonshire Village Shops {Devonshire Shops, LLC}",evidenceOfInsurance,Evidence of Insurance,workersCompensation,Workers' Compensation and Employer's Liability,evidenceOfInsuranceWorkersCompensationEmployersLiabilityEachAccident,Employer's Liability Each Accident,,matchOnce,must be greater or equal to,500000,,non_compliant,Block Requirements,,,false,0,,2026-08-16
"Block Real Estate Services, LLC",69fdf74a62446148bd854b4d,69fded0d62446148bd848b3b,Agape Montessori School/Pulliam Properties LLC,69fdef653b208288e0a7a89f,"3rd654 - Devonshire Village Shops {Devonshire Shops, LLC}",evidenceOfInsurance,Evidence of Insurance,workersCompensation,Workers' Compensation and Employer's Liability,evidenceOfInsuranceWorkersCompensationEmployersLiabilityDiseaseEachEmployee,Employer's Liability Disease - each employee,,matchOnce,must be greater or equal to,500000,,non_compliant,Block Requirements,,,false,0,,2026-08-16
"Block Real Estate Services, LLC",69fdf74a62446148bd854b4d,69fded0d62446148bd848b3b,Agape Montessori School/Pulliam Properties LLC,69fdef653b208288e0a7a89f,"3rd654 - Devonshire Village Shops {Devonshire Shops, LLC}",evidenceOfInsurance,Evidence of Insurance,workersCompensation,Workers' Compensation and Employer's Liability,evidenceOfInsuranceWorkersCompensationEmployersLiabilityDiseasePolicyLimit,Employer's Liability Disease - policy limit,,matchOnce,must be greater or equal to,500000,,non_compliant,Block Requirements,,,false,0,,2026-08-16
"Block Real Estate Services, LLC",69fdf74a62446148bd854b4d,69fded0d62446148bd848b3b,Agape Montessori School/Pulliam Properties LLC,69fdef653b208288e0a7a89f,"3rd654 - Devonshire Village Shops {Devonshire Shops, LLC}",evidenceOfInsurance,Evidence of Insurance,workersCompensation,Workers' Compensation and Employer's Liability,evidenceOfInsuranceWorkersCompensationWaiverOfSubrogationEndorsement,Waiver of Subrogation,"---prompt---
Determine if the insurer has waived their right of subrogation in favor of the certificate holder under the Workers' Compensation policy. Evidence may include: a checked ""Waiver of Subrogation"" box on the certificate, mention in the Description of Operations section stating ""waiver of subrogation applies"", or reference to form WC 00 03 13. Look for language like ""subrogation is waived"" or ""per written contract"".",matchOnce,must be present,,,non_compliant,Block Requirements,,,false,0,,2026-08-16
"Block Real Estate Services, LLC",69fdf74a62446148bd854b4d,69fded0d62446148bd848b3b,Agape Montessori School/Pulliam Properties LLC,69fdef653b208288e0a7a89f,"3rd654 - Devonshire Village Shops {Devonshire Shops, LLC}",evidenceOfInsurance,Evidence of Insurance,6ac20aae-5728-5d57-b364-aeba38527dba,Additional Requirements,4da5b0f1-4c9d-5885-8cf8-5d3cccaed3e0,"Block Real Estate Services, LLC and all others required by contract are named as Additional Insureds","---prompt---
Determine if the Description of Operations or the Additional Remarks Schedule section states the ""Additional Insured as Construction Management, Inc. and all others required by contract"" or reference to blanket additional insured coverage. Look for language like ""certificate holder is additional insured"" or ""per written contract"".",matchOnce,must be present,,Present,compliant,Block Requirements,,,true,1,,2026-08-16
"Block Real Estate Services, LLC",69fdf74a62446148bd854b4d,69fded0d62446148bd848b3b,Agape Montessori School/Pulliam Properties LLC,69fdef653b208288e0a7a89f,"3rd654 - Devonshire Village Shops {Devonshire Shops, LLC}",evidenceOfInsurance,Evidence of Insurance,6ac20aae-5728-5d57-b364-aeba38527dba,Additional Requirements,e1017741-e47e-5f58-97b8-fbc3043e919f,Umbrella follows form over General Liability,"---prompt---
Determine if the Umbrella/Excess Liability policy follows form to the underlying policies. Evidence may include: language in the Description of Operations section stating the umbrella follows form to underlying coverages or an additional page endorsement stating that it follows form. Follow form means the umbrella policy adopts the same terms, conditions, and exclusions as the underlying policies.",matchOnce,must be present,,Present,compliant,Block Requirements,,,true,1,,2026-08-16
"Block Real Estate Services, LLC",69fdf74a62446148bd854b4d,69fded0d62446148bd848b3b,Agape Montessori School/Pulliam Properties LLC,69fdef653b208288e0a7a89f,"3rd654 - Devonshire Village Shops {Devonshire Shops, LLC}",evidenceOfInsurance,Evidence of Insurance,6ac20aae-5728-5d57-b364-aeba38527dba,Additional Requirements,2cdd866f-c9a4-576a-afd8-1d045762790c,"The location must be listed as: 12805 S Mur-Len Rd, Suite C6 & 16550 W 129th St Suite D1, Olathe, KS, 66062",,matchOnce,must be present,,Present,compliant,Block Requirements,,,true,1,,2026-08-16
"Block Real Estate Services, LLC",69fdf74a62446148bd854b4d,69fded0d62446148bd848b3b,Agape Montessori School/Pulliam Properties LLC,69fdef653b208288e0a7a89f,"3rd654 - Devonshire Village Shops {Devonshire Shops, LLC}",evidenceOfInsurance,Evidence of Insurance,6ac20aae-5728-5d57-b364-aeba38527dba,Additional Requirements,3649e9d1-4e09-59bf-8f30-cb33c40cf117,"Certificate Holder must read: c/o Block Real Estate Services, LLC, 4622 Pennsylvania St., Suite 700, Kansas City, MO, 64112",,matchOnce,must be present,,Present,compliant,Block Requirements,,,true,1,,2026-08-16
"Block Real Estate Services, LLC",69fdf74a62446148bd854b4e,69fded0d62446148bd848b4d,Allstate Insurance,69fdef653b208288e0a7a89f,"3rd654 - Devonshire Village Shops {Devonshire Shops, LLC}",evidenceOfInsurance,Evidence of Insurance,commercialGeneralLiability,Commercial General Liability,evidenceOfInsuranceCommercialGeneralLiabilityCoverageTriggerOccurrence,Coverage Trigger: Occurrence,,matchOnce,must be present,,Present,compliant,Block Requirements,,,false,1,,2026-08-16
"Block Real Estate Services, LLC",69fdf74a62446148bd854b4e,69fded0d62446148bd848b4d,Allstate Insurance,69fdef653b208288e0a7a89f,"3rd654 - Devonshire Village Shops {Devonshire Shops, LLC}",evidenceOfInsurance,Evidence of Insurance,commercialGeneralLiability,Commercial General Liability,evidenceOfInsuranceCommercialGeneralLiabilityGeneralAggregateLimitAppliesPerLocation,General Aggregate Limit Applies per: Location,,matchOnce,must be present,,,non_compliant,Block Requirements,,,false,0,,2026-08-16
"Block Real Estate Services, LLC",69fdf74a62446148bd854b4e,69fded0d62446148bd848b4d,Allstate Insurance,69fdef653b208288e0a7a89f,"3rd654 - Devonshire Village Shops {Devonshire Shops, LLC}",evidenceOfInsurance,Evidence of Insurance,commercialGeneralLiability,Commercial General Liability,evidenceOfInsuranceCommercialGeneralLiabilityEachOccurrence,Each Occurrence,,matchOnce,must be greater or equal to,1000000,1000000,compliant,Block Requirements,,,false,1,,2026-08-16
"Block Real Estate Services, LLC",69fdf74a62446148bd854b4e,69fded0d62446148bd848b4d,Allstate Insurance,69fdef653b208288e0a7a89f,"3rd654 - Devonshire Village Shops {Devonshire Shops, LLC}",evidenceOfInsurance,Evidence of Insurance,commercialGeneralLiability,Commercial General Liability,evidenceOfInsuranceCommercialGeneralLiabilityGeneralAggregate,General Aggregate,,matchOnce,must be greater or equal to,2000000,2000000,compliant,Block Requirements,,,false,1,,2026-08-16
"Block Real Estate Services, LLC",69fdf74a62446148bd854b4e,69fded0d62446148bd848b4d,Allstate Insurance,69fdef653b208288e0a7a89f,"3rd654 - Devonshire Village Shops {Devonshire Shops, LLC}",evidenceOfInsurance,Evidence of Insurance,commercialGeneralLiability,Commercial General Liability,evidenceOfInsuranceCommercialGeneralLiabilityWaiverOfSubrogationEndorsement,Waiver of Subrogation,"---prompt---
Determine if the insurer has waived their right of subrogation in favor of the certificate holder under the Commercial General Liability policy. Evidence may include: a checked ""Waiver of Subrogation"" box on the certificate, mention in the Description of Operations section stating ""waiver of subrogation applies"", or reference to form CG 24 04. Look for language like ""subrogation is waived"" or ""per written contract"".",matchOnce,must be present,,,non_compliant,Block Requirements,,,false,0,,2026-08-16
"Block Real Estate Services, LLC",69fdf74a62446148bd854b4e,69fded0d62446148bd848b4d,Allstate Insurance,69fdef653b208288e0a7a89f,"3rd654 - Devonshire Village Shops {Devonshire Shops, LLC}",evidenceOfInsurance,Evidence of Insurance,excessOrUmbrellaLiability,Umbrella/Excess Liability,evidenceOfInsuranceExcessOrUmbrellaLiabilityOccurence,Coverage Trigger: Occurrence,,matchOnce,must be present,,,non_compliant,Block Requirements,,,false,0,,2026-08-16
"Block Real Estate Services, LLC",69fdf74a62446148bd854b4e,69fded0d62446148bd848b4d,Allstate Insurance,69fdef653b208288e0a7a89f,"3rd654 - Devonshire Village Shops {Devonshire Shops, LLC}",evidenceOfInsurance,Evidence of Insurance,excessOrUmbrellaLiability,Umbrella/Excess Liability,evidenceOfInsuranceExcessOrUmbrellaLiabilityEachOccurrence,Each Occurrence,,matchOnce,must be greater or equal to,1000000,,non_compliant,Block Requirements,,,false,0,,2026-08-16
"Block Real Estate Services, LLC",69fdf74a62446148bd854b4e,69fded0d62446148bd848b4d,Allstate Insurance,69fdef653b208288e0a7a89f,"3rd654 - Devonshire Village Shops {Devonshire Shops, LLC}",evidenceOfInsurance,Evidence of Insurance,excessOrUmbrellaLiability,Umbrella/Excess Liability,evidenceOfInsuranceExcessOrUmbrellaLiabilityAggregate,Aggregate,,matchOnce,must be greater or equal to,1000000,,non_compliant,Block Requirements,,,false,0,,2026-08-16
"Block Real Estate Services, LLC",69fdf74a62446148bd854b4e,69fded0d62446148bd848b4d,Allstate Insurance,69fdef653b208288e0a7a89f,"3rd654 - Devonshire Village Shops {Devonshire Shops, LLC}",evidenceOfInsurance,Evidence of Insurance,workersCompensation,Workers' Compensation and Employer's Liability,evidenceOfInsuranceWorkersCompensationStatutoryLimits,Statutory Limits,,matchOnce,must be present,,Present,compliant,Block Requirements,,,false,1,,2026-08-16
"Block Real Estate Services, LLC",69fdf74a62446148bd854b4e,69fded0d62446148bd848b4d,Allstate Insurance,69fdef653b208288e0a7a89f,"3rd654 - Devonshire Village Shops {Devonshire Shops, LLC}",evidenceOfInsurance,Evidence of Insurance,workersCompensation,Workers' Compensation and Employer's Liability,evidenceOfInsuranceWorkersCompensationEmployersLiabilityEachAccident,Employer's Liability Each Accident,,matchOnce,must be greater or equal to,500000,1000000,compliant,Block Requirements,,,false,1,,2026-08-16
"Block Real Estate Services, LLC",69fdf74a62446148bd854b4e,69fded0d62446148bd848b4d,Allstate Insurance,69fdef653b208288e0a7a89f,"3rd654 - Devonshire Village Shops {Devonshire Shops, LLC}",evidenceOfInsurance,Evidence of Insurance,workersCompensation,Workers' Compensation and Employer's Liability,evidenceOfInsuranceWorkersCompensationEmployersLiabilityDiseaseEachEmployee,Employer's Liability Disease - each employee,,matchOnce,must be greater or equal to,500000,1000000,compliant,Block Requirements,,,false,1,,2026-08-16
"Block Real Estate Services, LLC",69fdf74a62446148bd854b4e,69fded0d62446148bd848b4d,Allstate Insurance,69fdef653b208288e0a7a89f,"3rd654 - Devonshire Village Shops {Devonshire Shops, LLC}",evidenceOfInsurance,Evidence of Insurance,workersCompensation,Workers' Compensation and Employer's Liability,evidenceOfInsuranceWorkersCompensationEmployersLiabilityDiseasePolicyLimit,Employer's Liability Disease - policy limit,,matchOnce,must be greater or equal to,500000,1000000,compliant,Block Requirements,,,false,1,,2026-08-16
"Block Real Estate Services, LLC",69fdf74a62446148bd854b4e,69fded0d62446148bd848b4d,Allstate Insurance,69fdef653b208288e0a7a89f,"3rd654 - Devonshire Village Shops {Devonshire Shops, LLC}",evidenceOfInsurance,Evidence of Insurance,workersCompensation,Workers' Compensation and Employer's Liability,evidenceOfInsuranceWorkersCompensationWaiverOfSubrogationEndorsement,Waiver of Subrogation,"---prompt---
Determine if the insurer has waived their right of subrogation in favor of the certificate holder under the Workers' Compensation policy. Evidence may include: a checked ""Waiver of Subrogation"" box on the certificate, mention in the Description of Operations section stating ""waiver of subrogation applies"", or reference to form WC 00 03 13. Look for language like ""subrogation is waived"" or ""per written contract"".",matchOnce,must be present,,,non_compliant,Block Requirements,,,false,0,,2026-08-16
"Block Real Estate Services, LLC",69fdf74a62446148bd854b4e,69fded0d62446148bd848b4d,Allstate Insurance,69fdef653b208288e0a7a89f,"3rd654 - Devonshire Village Shops {Devonshire Shops, LLC}",evidenceOfInsurance,Evidence of Insurance,6ac20aae-5728-5d57-b364-aeba38527dba,Additional Requirements,4da5b0f1-4c9d-5885-8cf8-5d3cccaed3e0,"Block Real Estate Services, LLC and all others required by contract are named as Additional Insureds","---prompt---
Determine if the Description of Operations or the Additional Remarks Schedule section states the ""Additional Insured as Construction Management, Inc. and all others required by contract"" or reference to blanket additional insured coverage. Look for language like ""certificate holder is additional insured"" or ""per written contract"".",matchOnce,must be present,,,non_compliant,Block Requirements,,,true,0,,2026-08-16
"Block Real Estate Services, LLC",69fdf74a62446148bd854b4e,69fded0d62446148bd848b4d,Allstate Insurance,69fdef653b208288e0a7a89f,"3rd654 - Devonshire Village Shops {Devonshire Shops, LLC}",evidenceOfInsurance,Evidence of Insurance,6ac20aae-5728-5d57-b364-aeba38527dba,Additional Requirements,e1017741-e47e-5f58-97b8-fbc3043e919f,Umbrella follows form over General Liability,"---prompt---
Determine if the Umbrella/Excess Liability policy follows form to the underlying policies. Evidence may include: language in the Description of Operations section stating the umbrella follows form to underlying coverages or an additional page endorsement stating that it follows form. Follow form means the umbrella policy adopts the same terms, conditions, and exclusions as the underlying policies.",matchOnce,must be present,,,non_compliant,Block Requirements,,,true,0,,2026-08-16
"Block Real Estate Services, LLC",69fdf74a62446148bd854b4e,69fded0d62446148bd848b4d,Allstate Insurance,69fdef653b208288e0a7a89f,"3rd654 - Devonshire Village Shops {Devonshire Shops, LLC}",evidenceOfInsurance,Evidence of Insurance,6ac20aae-5728-5d57-b364-aeba38527dba,Additional Requirements,2cdd866f-c9a4-576a-afd8-1d045762790c,"The location must be listed as: 12755 S Mur-Len Rd, Suite B8, Olathe, KS, 66062",,matchOnce,must be present,,Present,compliant,Block Requirements,,,true,1,,2026-08-16
"Block Real Estate Services, LLC",69fdf74a62446148bd854b4e,69fded0d62446148bd848b4d,Allstate Insurance,69fdef653b208288e0a7a89f,"3rd654 - Devonshire Village Shops {Devonshire Shops, LLC}",evidenceOfInsurance,Evidence of Insurance,6ac20aae-5728-5d57-b364-aeba38527dba,Additional Requirements,3649e9d1-4e09-59bf-8f30-cb33c40cf117,"Certificate Holder must read: c/o Block Real Estate Services, LLC, 4622 Pennsylvania St., Suite 700, Kansas City, MO, 64112",,matchOnce,must be present,,Present,compliant,Block Requirements,,,true,1,,2026-08-16
"Block Real Estate Services, LLC",69fdf74a62446148bd854b54,69fded1762446148bd848e8f,"Tea Garden / Iris Restaurant, LLC",69fdef653b208288e0a7a89f,"3rd654 - Devonshire Village Shops {Devonshire Shops, LLC}",evidenceOfInsurance,Evidence of Insurance,commercialGeneralLiability,Commercial General Liability,evidenceOfInsuranceCommercialGeneralLiabilityCoverageTriggerOccurrence,Coverage Trigger: Occurrence,,matchOnce,must be present,,,non_compliant,Block Requirements,,,false,0,,2026-08-16
"Block Real Estate Services, LLC",69fdf74a62446148bd854b54,69fded1762446148bd848e8f,"Tea Garden / Iris Restaurant, LLC",69fdef653b208288e0a7a89f,"3rd654 - Devonshire Village Shops {Devonshire Shops, LLC}",evidenceOfInsurance,Evidence of Insurance,commercialGeneralLiability,Commercial General Liability,evidenceOfInsuranceCommercialGeneralLiabilityGeneralAggregateLimitAppliesPerLocation,General Aggregate Limit Applies per: Location,,matchOnce,must be present,,,non_compliant,Block Requirements,,,false,0,,2026-08-16
"Block Real Estate Services, LLC",69fdf74a62446148bd854b54,69fded1762446148bd848e8f,"Tea Garden / Iris Restaurant, LLC",69fdef653b208288e0a7a89f,"3rd654 - Devonshire Village Shops {Devonshire Shops, LLC}",evidenceOfInsurance,Evidence of Insurance,commercialGeneralLiability,Commercial General Liability,evidenceOfInsuranceCommercialGeneralLiabilityEachOccurrence,Each Occurrence,,matchOnce,must be greater or equal to,1000000,,non_compliant,Block Requirements,,,false,0,,2026-08-16
"Block Real Estate Services, LLC",69fdf74a62446148bd854b54,69fded1762446148bd848e8f,"Tea Garden / Iris Restaurant, LLC",69fdef653b208288e0a7a89f,"3rd654 - Devonshire Village Shops {Devonshire Shops, LLC}",evidenceOfInsurance,Evidence of Insurance,commercialGeneralLiability,Commercial General Liability,evidenceOfInsuranceCommercialGeneralLiabilityGeneralAggregate,General Aggregate,,matchOnce,must be greater or equal to,2000000,,non_compliant,Block Requirements,,,false,0,,2026-08-16
"Block Real Estate Services, LLC",69fdf74a62446148bd854b54,69fded1762446148bd848e8f,"Tea Garden / Iris Restaurant, LLC",69fdef653b208288e0a7a89f,"3rd654 - Devonshire Village Shops {Devonshire Shops, LLC}",evidenceOfInsurance,Evidence of Insurance,commercialGeneralLiability,Commercial General Liability,evidenceOfInsuranceCommercialGeneralLiabilityWaiverOfSubrogationEndorsement,Waiver of Subrogation,"---prompt---
Determine if the insurer has waived their right of subrogation in favor of the certificate holder under the Commercial General Liability policy. Evidence may include: a checked ""Waiver of Subrogation"" box on the certificate, mention in the Description of Operations section stating ""waiver of subrogation applies"", or reference to form CG 24 04. Look for language like ""subrogation is waived"" or ""per written contract"".",matchOnce,must be present,,,non_compliant,Block Requirements,,,false,0,,2026-08-16
"Block Real Estate Services, LLC",69fdf74a62446148bd854b54,69fded1762446148bd848e8f,"Tea Garden / Iris Restaurant, LLC",69fdef653b208288e0a7a89f,"3rd654 - Devonshire Village Shops {Devonshire Shops, LLC}",evidenceOfInsurance,Evidence of Insurance,excessOrUmbrellaLiability,Umbrella/Excess Liability,evidenceOfInsuranceExcessOrUmbrellaLiabilityOccurence,Coverage Trigger: Occurrence,,matchOnce,must be present,,,non_compliant,Block Requirements,,,false,0,,2026-08-16
"Block Real Estate Services, LLC",69fdf74a62446148bd854b54,69fded1762446148bd848e8f,"Tea Garden / Iris Restaurant, LLC",69fdef653b208288e0a7a89f,"3rd654 - Devonshire Village Shops {Devonshire Shops, LLC}",evidenceOfInsurance,Evidence of Insurance,excessOrUmbrellaLiability,Umbrella/Excess Liability,evidenceOfInsuranceExcessOrUmbrellaLiabilityEachOccurrence,Each Occurrence,,matchOnce,must be greater or equal to,1000000,,non_compliant,Block Requirements,,,false,0,,2026-08-16
"Block Real Estate Services, LLC",69fdf74a62446148bd854b54,69fded1762446148bd848e8f,"Tea Garden / Iris Restaurant, LLC",69fdef653b208288e0a7a89f,"3rd654 - Devonshire Village Shops {Devonshire Shops, LLC}",evidenceOfInsurance,Evidence of Insurance,excessOrUmbrellaLiability,Umbrella/Excess Liability,evidenceOfInsuranceExcessOrUmbrellaLiabilityAggregate,Aggregate,,matchOnce,must be greater or equal to,1000000,,non_compliant,Block Requirements,,,false,0,,2026-08-16
"Block Real Estate Services, LLC",69fdf74a62446148bd854b54,69fded1762446148bd848e8f,"Tea Garden / Iris Restaurant, LLC",69fdef653b208288e0a7a89f,"3rd654 - Devonshire Village Shops {Devonshire Shops, LLC}",evidenceOfInsurance,Evidence of Insurance,workersCompensation,Workers' Compensation and Employer's Liability,evidenceOfInsuranceWorkersCompensationStatutoryLimits,Statutory Limits,,matchOnce,must be present,,,non_compliant,Block Requirements,,,false,0,,2026-08-16
"Block Real Estate Services, LLC",69fdf74a62446148bd854b54,69fded1762446148bd848e8f,"Tea Garden / Iris Restaurant, LLC",69fdef653b208288e0a7a89f,"3rd654 - Devonshire Village Shops {Devonshire Shops, LLC}",evidenceOfInsurance,Evidence of Insurance,workersCompensation,Workers' Compensation and Employer's Liability,evidenceOfInsuranceWorkersCompensationEmployersLiabilityEachAccident,Employer's Liability Each Accident,,matchOnce,must be greater or equal to,500000,,non_compliant,Block Requirements,,,false,0,,2026-08-16
"Block Real Estate Services, LLC",69fdf74a62446148bd854b54,69fded1762446148bd848e8f,"Tea Garden / Iris Restaurant, LLC",69fdef653b208288e0a7a89f,"3rd654 - Devonshire Village Shops {Devonshire Shops, LLC}",evidenceOfInsurance,Evidence of Insurance,workersCompensation,Workers' Compensation and Employer's Liability,evidenceOfInsuranceWorkersCompensationEmployersLiabilityDiseaseEachEmployee,Employer's Liability Disease - each employee,,matchOnce,must be greater or equal to,500000,,non_compliant,Block Requirements,,,false,0,,2026-08-16
"Block Real Estate Services, LLC",69fdf74a62446148bd854b54,69fded1762446148bd848e8f,"Tea Garden / Iris Restaurant, LLC",69fdef653b208288e0a7a89f,"3rd654 - Devonshire Village Shops {Devonshire Shops, LLC}",evidenceOfInsurance,Evidence of Insurance,workersCompensation,Workers' Compensation and Employer's Liability,evidenceOfInsuranceWorkersCompensationEmployersLiabilityDiseasePolicyLimit,Employer's Liability Disease - policy limit,,matchOnce,must be greater or equal to,500000,,non_compliant,Block Requirements,,,false,0,,2026-08-16
"Block Real Estate Services, LLC",69fdf74a62446148bd854b54,69fded1762446148bd848e8f,"Tea Garden / Iris Restaurant, LLC",69fdef653b208288e0a7a89f,"3rd654 - Devonshire Village Shops {Devonshire Shops, LLC}",evidenceOfInsurance,Evidence of Insurance,workersCompensation,Workers' Compensation and Employer's Liability,evidenceOfInsuranceWorkersCompensationWaiverOfSubrogationEndorsement,Waiver of Subrogation,"---prompt---
Determine if the insurer has waived their right of subrogation in favor of the certificate holder under the Workers' Compensation policy. Evidence may include: a checked ""Waiver of Subrogation"" box on the certificate, mention in the Description of Operations section stating ""waiver of subrogation applies"", or reference to form WC 00 03 13. Look for language like ""subrogation is waived"" or ""per written contract"".",matchOnce,must be present,,,non_compliant,Block Requirements,,,false,0,,2026-08-16
"Block Real Estate Services, LLC",69fdf74a62446148bd854b54,69fded1762446148bd848e8f,"Tea Garden / Iris Restaurant, LLC",69fdef653b208288e0a7a89f,"3rd654 - Devonshire Village Shops {Devonshire Shops, LLC}",evidenceOfInsurance,Evidence of Insurance,6ac20aae-5728-5d57-b364-aeba38527dba,Additional Requirements,4da5b0f1-4c9d-5885-8cf8-5d3cccaed3e0,"Block Real Estate Services, LLC and all others required by contract are named as Additional Insureds","---prompt---
Determine if the Description of Operations or the Additional Remarks Schedule section states the ""Additional Insured as Construction Management, Inc. and all others required by contract"" or reference to blanket additional insured coverage. Look for language like ""certificate holder is additional insured"" or ""per written contract"".",matchOnce,must be present,,,non_compliant,Block Requirements,,,true,0,,2026-08-16
"Block Real Estate Services, LLC",69fdf74a62446148bd854b54,69fded1762446148bd848e8f,"Tea Garden / Iris Restaurant, LLC",69fdef653b208288e0a7a89f,"3rd654 - Devonshire Village Shops {Devonshire Shops, LLC}",evidenceOfInsurance,Evidence of Insurance,6ac20aae-5728-5d57-b364-aeba38527dba,Additional Requirements,e1017741-e47e-5f58-97b8-fbc3043e919f,Umbrella follows form over General Liability,"---prompt---
Determine if the Umbrella/Excess Liability policy follows form to the underlying policies. Evidence may include: language in the Description of Operations section stating the umbrella follows form to underlying coverages or an additional page endorsement stating that it follows form. Follow form means the umbrella policy adopts the same terms, conditions, and exclusions as the underlying policies.",matchOnce,must be present,,,non_compliant,Block Requirements,,,true,0,,2026-08-16
"Block Real Estate Services, LLC",69fdf74a62446148bd854b54,69fded1762446148bd848e8f,"Tea Garden / Iris Restaurant, LLC",69fdef653b208288e0a7a89f,"3rd654 - Devonshire Village Shops {Devonshire Shops, LLC}",evidenceOfInsurance,Evidence of Insurance,6ac20aae-5728-5d57-b364-aeba38527dba,Additional Requirements,2cdd866f-c9a4-576a-afd8-1d045762790c,"The location must be listed as: 12755 S Mur-Len Rd, Suite B4, Olathe, KS, 66062",,matchOnce,must be present,,,non_compliant,Block Requirements,,,true,0,,2026-08-16
"Block Real Estate Services, LLC",69fdf74a62446148bd854b54,69fded1762446148bd848e8f,"Tea Garden / Iris Restaurant, LLC",69fdef653b208288e0a7a89f,"3rd654 - Devonshire Village Shops {Devonshire Shops, LLC}",evidenceOfInsurance,Evidence of Insurance,6ac20aae-5728-5d57-b364-aeba38527dba,Additional Requirements,3649e9d1-4e09-59bf-8f30-cb33c40cf117,"Certificate Holder must read: c/o Block Real Estate Services, LLC, 4622 Pennsylvania St., Suite 700, Kansas City, MO, 64112",,matchOnce,must be present,,,non_compliant,Block Requirements,,,true,0,,2026-08-16
"Block Real Estate Services, LLC",69fdf74a62446148bd854b5a,69fded2262446148bd84920a,"The Hairem / The Hairem of Olathe, LLC",69fdef653b208288e0a7a89f,"3rd654 - Devonshire Village Shops {Devonshire Shops, LLC}",evidenceOfInsurance,Evidence of Insurance,commercialGeneralLiability,Commercial General Liability,evidenceOfInsuranceCommercialGeneralLiabilityCoverageTriggerOccurrence,Coverage Trigger: Occurrence,,matchOnce,must be present,,,non_compliant,Block Requirements,,,false,0,,2026-08-16
"Block Real Estate Services, LLC",69fdf74a62446148bd854b5a,69fded2262446148bd84920a,"The Hairem / The Hairem of Olathe, LLC",69fdef653b208288e0a7a89f,"3rd654 - Devonshire Village Shops {Devonshire Shops, LLC}",evidenceOfInsurance,Evidence of Insurance,commercialGeneralLiability,Commercial General Liability,evidenceOfInsuranceCommercialGeneralLiabilityGeneralAggregateLimitAppliesPerLocation,General Aggregate Limit Applies per: Location,,matchOnce,must be present,,,non_compliant,Block Requirements,,,false,0,,2026-08-16
"Block Real Estate Services, LLC",69fdf74a62446148bd854b5a,69fded2262446148bd84920a,"The Hairem / The Hairem of Olathe, LLC",69fdef653b208288e0a7a89f,"3rd654 - Devonshire Village Shops {Devonshire Shops, LLC}",evidenceOfInsurance,Evidence of Insurance,commercialGeneralLiability,Commercial General Liability,evidenceOfInsuranceCommercialGeneralLiabilityEachOccurrence,Each Occurrence,,matchOnce,must be greater or equal to,1000000,,non_compliant,Block Requirements,,,false,0,,2026-08-16
"Block Real Estate Services, LLC",69fdf74a62446148bd854b5a,69fded2262446148bd84920a,"The Hairem / The Hairem of Olathe, LLC",69fdef653b208288e0a7a89f,"3rd654 - Devonshire Village Shops {Devonshire Shops, LLC}",evidenceOfInsurance,Evidence of Insurance,commercialGeneralLiability,Commercial General Liability,evidenceOfInsuranceCommercialGeneralLiabilityGeneralAggregate,General Aggregate,,matchOnce,must be greater or equal to,2000000,,non_compliant,Block Requirements,,,false,0,,2026-08-16
"Block Real Estate Services, LLC",69fdf74a62446148bd854b5a,69fded2262446148bd84920a,"The Hairem / The Hairem of Olathe, LLC",69fdef653b208288e0a7a89f,"3rd654 - Devonshire Village Shops {Devonshire Shops, LLC}",evidenceOfInsurance,Evidence of Insurance,commercialGeneralLiability,Commercial General Liability,evidenceOfInsuranceCommercialGeneralLiabilityWaiverOfSubrogationEndorsement,Waiver of Subrogation,"---prompt---
Determine if the insurer has waived their right of subrogation in favor of the certificate holder under the Commercial General Liability policy. Evidence may include: a checked ""Waiver of Subrogation"" box on the certificate, mention in the Description of Operations section stating ""waiver of subrogation applies"", or reference to form CG 24 04. Look for language like ""subrogation is waived"" or ""per written contract"".",matchOnce,must be present,,,non_compliant,Block Requirements,,,false,0,,2026-08-16
"Block Real Estate Services, LLC",69fdf74a62446148bd854b5a,69fded2262446148bd84920a,"The Hairem / The Hairem of Olathe, LLC",69fdef653b208288e0a7a89f,"3rd654 - Devonshire Village Shops {Devonshire Shops, LLC}",evidenceOfInsurance,Evidence of Insurance,excessOrUmbrellaLiability,Umbrella/Excess Liability,evidenceOfInsuranceExcessOrUmbrellaLiabilityOccurence,Coverage Trigger: Occurrence,,matchOnce,must be present,,,non_compliant,Block Requirements,,,false,0,,2026-08-16
"Block Real Estate Services, LLC",69fdf74a62446148bd854b5a,69fded2262446148bd84920a,"The Hairem / The Hairem of Olathe, LLC",69fdef653b208288e0a7a89f,"3rd654 - Devonshire Village Shops {Devonshire Shops, LLC}",evidenceOfInsurance,Evidence of Insurance,excessOrUmbrellaLiability,Umbrella/Excess Liability,evidenceOfInsuranceExcessOrUmbrellaLiabilityEachOccurrence,Each Occurrence,,matchOnce,must be greater or equal to,1000000,,non_compliant,Block Requirements,,,false,0,,2026-08-16
"Block Real Estate Services, LLC",69fdf74a62446148bd854b5a,69fded2262446148bd84920a,"The Hairem / The Hairem of Olathe, LLC",69fdef653b208288e0a7a89f,"3rd654 - Devonshire Village Shops {Devonshire Shops, LLC}",evidenceOfInsurance,Evidence of Insurance,excessOrUmbrellaLiability,Umbrella/Excess Liability,evidenceOfInsuranceExcessOrUmbrellaLiabilityAggregate,Aggregate,,matchOnce,must be greater or equal to,1000000,,non_compliant,Block Requirements,,,false,0,,2026-08-16
"Block Real Estate Services, LLC",69fdf74a62446148bd854b5a,69fded2262446148bd84920a,"The Hairem / The Hairem of Olathe, LLC",69fdef653b208288e0a7a89f,"3rd654 - Devonshire Village Shops {Devonshire Shops, LLC}",evidenceOfInsurance,Evidence of Insurance,workersCompensation,Workers' Compensation and Employer's Liability,evidenceOfInsuranceWorkersCompensationStatutoryLimits,Statutory Limits,,matchOnce,must be present,,,non_compliant,Block Requirements,,,false,0,,2026-08-16
"Block Real Estate Services, LLC",69fdf74a62446148bd854b5a,69fded2262446148bd84920a,"The Hairem / The Hairem of Olathe, LLC",69fdef653b208288e0a7a89f,"3rd654 - Devonshire Village Shops {Devonshire Shops, LLC}",evidenceOfInsurance,Evidence of Insurance,workersCompensation,Workers' Compensation and Employer's Liability,evidenceOfInsuranceWorkersCompensationEmployersLiabilityEachAccident,Employer's Liability Each Accident,,matchOnce,must be greater or equal to,500000,,non_compliant,Block Requirements,,,false,0,,2026-08-16
"Block Real Estate Services, LLC",69fdf74a62446148bd854b5a,69fded2262446148bd84920a,"The Hairem / The Hairem of Olathe, LLC",69fdef653b208288e0a7a89f,"3rd654 - Devonshire Village Shops {Devonshire Shops, LLC}",evidenceOfInsurance,Evidence of Insurance,workersCompensation,Workers' Compensation and Employer's Liability,evidenceOfInsuranceWorkersCompensationEmployersLiabilityDiseaseEachEmployee,Employer's Liability Disease - each employee,,matchOnce,must be greater or equal to,500000,,non_compliant,Block Requirements,,,false,0,,2026-08-16
"Block Real Estate Services, LLC",69fdf74a62446148bd854b5a,69fded2262446148bd84920a,"The Hairem / The Hairem of Olathe, LLC",69fdef653b208288e0a7a89f,"3rd654 - Devonshire Village Shops {Devonshire Shops, LLC}",evidenceOfInsurance,Evidence of Insurance,workersCompensation,Workers' Compensation and Employer's Liability,evidenceOfInsuranceWorkersCompensationEmployersLiabilityDiseasePolicyLimit,Employer's Liability Disease - policy limit,,matchOnce,must be greater or equal to,500000,,non_compliant,Block Requirements,,,false,0,,2026-08-16
"Block Real Estate Services, LLC",69fdf74a62446148bd854b5a,69fded2262446148bd84920a,"The Hairem / The Hairem of Olathe, LLC",69fdef653b208288e0a7a89f,"3rd654 - Devonshire Village Shops {Devonshire Shops, LLC}",evidenceOfInsurance,Evidence of Insurance,workersCompensation,Workers' Compensation and Employer's Liability,evidenceOfInsuranceWorkersCompensationWaiverOfSubrogationEndorsement,Waiver of Subrogation,"---prompt---
Determine if the insurer has waived their right of subrogation in favor of the certificate holder under the Workers' Compensation policy. Evidence may include: a checked ""Waiver of Subrogation"" box on the certificate, mention in the Description of Operations section stating ""waiver of subrogation applies"", or reference to form WC 00 03 13. Look for language like ""subrogation is waived"" or ""per written contract"".",matchOnce,must be present,,,non_compliant,Block Requirements,,,false,0,,2026-08-16
"Block Real Estate Services, LLC",69fdf74a62446148bd854b5a,69fded2262446148bd84920a,"The Hairem / The Hairem of Olathe, LLC",69fdef653b208288e0a7a89f,"3rd654 - Devonshire Village Shops {Devonshire Shops, LLC}",evidenceOfInsurance,Evidence of Insurance,6ac20aae-5728-5d57-b364-aeba38527dba,Additional Requirements,4da5b0f1-4c9d-5885-8cf8-5d3cccaed3e0,"Block Real Estate Services, LLC and all others required by contract are named as Additional Insureds","---prompt---
Determine if the Description of Operations or the Additional Remarks Schedule section states the ""Additional Insured as Construction Management, Inc. and all others required by contract"" or reference to blanket additional insured coverage. Look for language like ""certificate holder is additional insured"" or ""per written contract"".",matchOnce,must be present,,,non_compliant,Block Requirements,,,true,0,,2026-08-16
"Block Real Estate Services, LLC",69fdf74a62446148bd854b5a,69fded2262446148bd84920a,"The Hairem / The Hairem of Olathe, LLC",69fdef653b208288e0a7a89f,"3rd654 - Devonshire Village Shops {Devonshire Shops, LLC}",evidenceOfInsurance,Evidence of Insurance,6ac20aae-5728-5d57-b364-aeba38527dba,Additional Requirements,e1017741-e47e-5f58-97b8-fbc3043e919f,Umbrella follows form over General Liability,"---prompt---
Determine if the Umbrella/Excess Liability policy follows form to the underlying policies. Evidence may include: language in the Description of Operations section stating the umbrella follows form to underlying coverages or an additional page endorsement stating that it follows form. Follow form means the umbrella policy adopts the same terms, conditions, and exclusions as the underlying policies.",matchOnce,must be present,,,non_compliant,Block Requirements,,,true,0,,2026-08-16
"Block Real Estate Services, LLC",69fdf74a62446148bd854b5a,69fded2262446148bd84920a,"The Hairem / The Hairem of Olathe, LLC",69fdef653b208288e0a7a89f,"3rd654 - Devonshire Village Shops {Devonshire Shops, LLC}",evidenceOfInsurance,Evidence of Insurance,6ac20aae-5728-5d57-b364-aeba38527dba,Additional Requirements,2cdd866f-c9a4-576a-afd8-1d045762790c,"The location must be listed as: 12805 S Mur-Len Rd, Suite C5, Olathe, KS, 66062",,matchOnce,must be present,,,non_compliant,Block Requirements,,,true,0,,2026-08-16
"Block Real Estate Services, LLC",69fdf74a62446148bd854b5a,69fded2262446148bd84920a,"The Hairem / The Hairem of Olathe, LLC",69fdef653b208288e0a7a89f,"3rd654 - Devonshire Village Shops {Devonshire Shops, LLC}",evidenceOfInsurance,Evidence of Insurance,6ac20aae-5728-5d57-b364-aeba38527dba,Additional Requirements,3649e9d1-4e09-59bf-8f30-cb33c40cf117,"Certificate Holder must read: c/o Block Real Estate Services, LLC, 4622 Pennsylvania St., Suite 700, Kansas City, MO, 64112",,matchOnce,must be present,,,non_compliant,Block Requirements,,,true,0,,2026-08-16
"Block Real Estate Services, LLC",69fdf74a62446148bd854b5b,69fded2362446148bd849273,Unopenedpackman Sportscards and Collectibles LLC,69fdef653b208288e0a7a89f,"3rd654 - Devonshire Village Shops {Devonshire Shops, LLC}",evidenceOfInsurance,Evidence of Insurance,commercialGeneralLiability,Commercial General Liability,evidenceOfInsuranceCommercialGeneralLiabilityCoverageTriggerOccurrence,Coverage Trigger: Occurrence,,matchOnce,must be present,,,non_compliant,Block Requirements,,,false,0,,2026-08-16
"Block Real Estate Services, LLC",69fdf74a62446148bd854b5b,69fded2362446148bd849273,Unopenedpackman Sportscards and Collectibles LLC,69fdef653b208288e0a7a89f,"3rd654 - Devonshire Village Shops {Devonshire Shops, LLC}",evidenceOfInsurance,Evidence of Insurance,commercialGeneralLiability,Commercial General Liability,evidenceOfInsuranceCommercialGeneralLiabilityGeneralAggregateLimitAppliesPerLocation,General Aggregate Limit Applies per: Location,,matchOnce,must be present,,,non_compliant,Block Requirements,,,false,0,,2026-08-16
"Block Real Estate Services, LLC",69fdf74a62446148bd854b5b,69fded2362446148bd849273,Unopenedpackman Sportscards and Collectibles LLC,69fdef653b208288e0a7a89f,"3rd654 - Devonshire Village Shops {Devonshire Shops, LLC}",evidenceOfInsurance,Evidence of Insurance,commercialGeneralLiability,Commercial General Liability,evidenceOfInsuranceCommercialGeneralLiabilityEachOccurrence,Each Occurrence,,matchOnce,must be greater or equal to,1000000,,non_compliant,Block Requirements,,,false,0,,2026-08-16
"Block Real Estate Services, LLC",69fdf74a62446148bd854b5b,69fded2362446148bd849273,Unopenedpackman Sportscards and Collectibles LLC,69fdef653b208288e0a7a89f,"3rd654 - Devonshire Village Shops {Devonshire Shops, LLC}",evidenceOfInsurance,Evidence of Insurance,commercialGeneralLiability,Commercial General Liability,evidenceOfInsuranceCommercialGeneralLiabilityGeneralAggregate,General Aggregate,,matchOnce,must be greater or equal to,2000000,,non_compliant,Block Requirements,,,false,0,,2026-08-16
"Block Real Estate Services, LLC",69fdf74a62446148bd854b5b,69fded2362446148bd849273,Unopenedpackman Sportscards and Collectibles LLC,69fdef653b208288e0a7a89f,"3rd654 - Devonshire Village Shops {Devonshire Shops, LLC}",evidenceOfInsurance,Evidence of Insurance,commercialGeneralLiability,Commercial General Liability,evidenceOfInsuranceCommercialGeneralLiabilityWaiverOfSubrogationEndorsement,Waiver of Subrogation,"---prompt---
Determine if the insurer has waived their right of subrogation in favor of the certificate holder under the Commercial General Liability policy. Evidence may include: a checked ""Waiver of Subrogation"" box on the certificate, mention in the Description of Operations section stating ""waiver of subrogation applies"", or reference to form CG 24 04. Look for language like ""subrogation is waived"" or ""per written contract"".",matchOnce,must be present,,,non_compliant,Block Requirements,,,false,0,,2026-08-16
"Block Real Estate Services, LLC",69fdf74a62446148bd854b5b,69fded2362446148bd849273,Unopenedpackman Sportscards and Collectibles LLC,69fdef653b208288e0a7a89f,"3rd654 - Devonshire Village Shops {Devonshire Shops, LLC}",evidenceOfInsurance,Evidence of Insurance,excessOrUmbrellaLiability,Umbrella/Excess Liability,evidenceOfInsuranceExcessOrUmbrellaLiabilityOccurence,Coverage Trigger: Occurrence,,matchOnce,must be present,,,non_compliant,Block Requirements,,,false,0,,2026-08-16
"Block Real Estate Services, LLC",69fdf74a62446148bd854b5b,69fded2362446148bd849273,Unopenedpackman Sportscards and Collectibles LLC,69fdef653b208288e0a7a89f,"3rd654 - Devonshire Village Shops {Devonshire Shops, LLC}",evidenceOfInsurance,Evidence of Insurance,excessOrUmbrellaLiability,Umbrella/Excess Liability,evidenceOfInsuranceExcessOrUmbrellaLiabilityEachOccurrence,Each Occurrence,,matchOnce,must be greater or equal to,1000000,,non_compliant,Block Requirements,,,false,0,,2026-08-16
"Block Real Estate Services, LLC",69fdf74a62446148bd854b5b,69fded2362446148bd849273,Unopenedpackman Sportscards and Collectibles LLC,69fdef653b208288e0a7a89f,"3rd654 - Devonshire Village Shops {Devonshire Shops, LLC}",evidenceOfInsurance,Evidence of Insurance,excessOrUmbrellaLiability,Umbrella/Excess Liability,evidenceOfInsuranceExcessOrUmbrellaLiabilityAggregate,Aggregate,,matchOnce,must be greater or equal to,1000000,,non_compliant,Block Requirements,,,false,0,,2026-08-16
"Block Real Estate Services, LLC",69fdf74a62446148bd854b5b,69fded2362446148bd849273,Unopenedpackman Sportscards and Collectibles LLC,69fdef653b208288e0a7a89f,"3rd654 - Devonshire Village Shops {Devonshire Shops, LLC}",evidenceOfInsurance,Evidence of Insurance,workersCompensation,Workers' Compensation and Employer's Liability,evidenceOfInsuranceWorkersCompensationStatutoryLimits,Statutory Limits,,matchOnce,must be present,,,non_compliant,Block Requirements,,,false,0,,2026-08-16
"Block Real Estate Services, LLC",69fdf74a62446148bd854b5b,69fded2362446148bd849273,Unopenedpackman Sportscards and Collectibles LLC,69fdef653b208288e0a7a89f,"3rd654 - Devonshire Village Shops {Devonshire Shops, LLC}",evidenceOfInsurance,Evidence of Insurance,workersCompensation,Workers' Compensation and Employer's Liability,evidenceOfInsuranceWorkersCompensationEmployersLiabilityEachAccident,Employer's Liability Each Accident,,matchOnce,must be greater or equal to,500000,,non_compliant,Block Requirements,,,false,0,,2026-08-16
"Block Real Estate Services, LLC",69fdf74a62446148bd854b5b,69fded2362446148bd849273,Unopenedpackman Sportscards and Collectibles LLC,69fdef653b208288e0a7a89f,"3rd654 - Devonshire Village Shops {Devonshire Shops, LLC}",evidenceOfInsurance,Evidence of Insurance,workersCompensation,Workers' Compensation and Employer's Liability,evidenceOfInsuranceWorkersCompensationEmployersLiabilityDiseaseEachEmployee,Employer's Liability Disease - each employee,,matchOnce,must be greater or equal to,500000,,non_compliant,Block Requirements,,,false,0,,2026-08-16
"Block Real Estate Services, LLC",69fdf74a62446148bd854b5b,69fded2362446148bd849273,Unopenedpackman Sportscards and Collectibles LLC,69fdef653b208288e0a7a89f,"3rd654 - Devonshire Village Shops {Devonshire Shops, LLC}",evidenceOfInsurance,Evidence of Insurance,workersCompensation,Workers' Compensation and Employer's Liability,evidenceOfInsuranceWorkersCompensationEmployersLiabilityDiseasePolicyLimit,Employer's Liability Disease - policy limit,,matchOnce,must be greater or equal to,500000,,non_compliant,Block Requirements,,,false,0,,2026-08-16
"Block Real Estate Services, LLC",69fdf74a62446148bd854b5b,69fded2362446148bd849273,Unopenedpackman Sportscards and Collectibles LLC,69fdef653b208288e0a7a89f,"3rd654 - Devonshire Village Shops {Devonshire Shops, LLC}",evidenceOfInsurance,Evidence of Insurance,workersCompensation,Workers' Compensation and Employer's Liability,evidenceOfInsuranceWorkersCompensationWaiverOfSubrogationEndorsement,Waiver of Subrogation,"---prompt---
Determine if the insurer has waived their right of subrogation in favor of the certificate holder under the Workers' Compensation policy. Evidence may include: a checked ""Waiver of Subrogation"" box on the certificate, mention in the Description of Operations section stating ""waiver of subrogation applies"", or reference to form WC 00 03 13. Look for language like ""subrogation is waived"" or ""per written contract"".",matchOnce,must be present,,,non_compliant,Block Requirements,,,false,0,,2026-08-16
"Block Real Estate Services, LLC",69fdf74a62446148bd854b5b,69fded2362446148bd849273,Unopenedpackman Sportscards and Collectibles LLC,69fdef653b208288e0a7a89f,"3rd654 - Devonshire Village Shops {Devonshire Shops, LLC}",evidenceOfInsurance,Evidence of Insurance,6ac20aae-5728-5d57-b364-aeba38527dba,Additional Requirements,4da5b0f1-4c9d-5885-8cf8-5d3cccaed3e0,"Block Real Estate Services, LLC and all others required by contract are named as Additional Insureds","---prompt---
Determine if the Description of Operations or the Additional Remarks Schedule section states the ""Additional Insured as Construction Management, Inc. and all others required by contract"" or reference to blanket additional insured coverage. Look for language like ""certificate holder is additional insured"" or ""per written contract"".",matchOnce,must be present,,,non_compliant,Block Requirements,,,true,0,,2026-08-16
"Block Real Estate Services, LLC",69fdf74a62446148bd854b5b,69fded2362446148bd849273,Unopenedpackman Sportscards and Collectibles LLC,69fdef653b208288e0a7a89f,"3rd654 - Devonshire Village Shops {Devonshire Shops, LLC}",evidenceOfInsurance,Evidence of Insurance,6ac20aae-5728-5d57-b364-aeba38527dba,Additional Requirements,e1017741-e47e-5f58-97b8-fbc3043e919f,Umbrella follows form over General Liability,"---prompt---
Determine if the Umbrella/Excess Liability policy follows form to the underlying policies. Evidence may include: language in the Description of Operations section stating the umbrella follows form to underlying coverages or an additional page endorsement stating that it follows form. Follow form means the umbrella policy adopts the same terms, conditions, and exclusions as the underlying policies.",matchOnce,must be present,,,non_compliant,Block Requirements,,,true,0,,2026-08-16
"Block Real Estate Services, LLC",69fdf74a62446148bd854b5b,69fded2362446148bd849273,Unopenedpackman Sportscards and Collectibles LLC,69fdef653b208288e0a7a89f,"3rd654 - Devonshire Village Shops {Devonshire Shops, LLC}",evidenceOfInsurance,Evidence of Insurance,6ac20aae-5728-5d57-b364-aeba38527dba,Additional Requirements,2cdd866f-c9a4-576a-afd8-1d045762790c,"The location must be listed as: 12755 S Mur-Len Rd, Suite B7, Olathe, KS, 66062",,matchOnce,must be present,,,non_compliant,Block Requirements,,,true,0,,2026-08-16
"Block Real Estate Services, LLC",69fdf74a62446148bd854b5b,69fded2362446148bd849273,Unopenedpackman Sportscards and Collectibles LLC,69fdef653b208288e0a7a89f,"3rd654 - Devonshire Village Shops {Devonshire Shops, LLC}",evidenceOfInsurance,Evidence of Insurance,6ac20aae-5728-5d57-b364-aeba38527dba,Additional Requirements,3649e9d1-4e09-59bf-8f30-cb33c40cf117,"Certificate Holder must read: c/o Block Real Estate Services, LLC, 4622 Pennsylvania St., Suite 700, Kansas City, MO, 64112",,matchOnce,must be present,,,non_compliant,Block Requirements,,,true,0,,2026-08-16
"Block Real Estate Services, LLC",69fdf74a62446148bd854b56,69fded1f62446148bd849123,Safari Mart,69fdef653b208288e0a7a89f,"3rd654 - Devonshire Village Shops {Devonshire Shops, LLC}",evidenceOfInsurance,Evidence of Insurance,commercialGeneralLiability,Commercial General Liability,evidenceOfInsuranceCommercialGeneralLiabilityCoverageTriggerOccurrence,Coverage Trigger: Occurrence,,matchOnce,must be present,,,non_compliant,Block Requirements,,,false,0,,2026-08-16
"Block Real Estate Services, LLC",69fdf74a62446148bd854b56,69fded1f62446148bd849123,Safari Mart,69fdef653b208288e0a7a89f,"3rd654 - Devonshire Village Shops {Devonshire Shops, LLC}",evidenceOfInsurance,Evidence of Insurance,commercialGeneralLiability,Commercial General Liability,evidenceOfInsuranceCommercialGeneralLiabilityGeneralAggregateLimitAppliesPerLocation,General Aggregate Limit Applies per: Location,,matchOnce,must be present,,,non_compliant,Block Requirements,,,false,0,,2026-08-16
"Block Real Estate Services, LLC",69fdf74a62446148bd854b56,69fded1f62446148bd849123,Safari Mart,69fdef653b208288e0a7a89f,"3rd654 - Devonshire Village Shops {Devonshire Shops, LLC}",evidenceOfInsurance,Evidence of Insurance,commercialGeneralLiability,Commercial General Liability,evidenceOfInsuranceCommercialGeneralLiabilityEachOccurrence,Each Occurrence,,matchOnce,must be greater or equal to,1000000,,non_compliant,Block Requirements,,,false,0,,2026-08-16
"Block Real Estate Services, LLC",69fdf74a62446148bd854b56,69fded1f62446148bd849123,Safari Mart,69fdef653b208288e0a7a89f,"3rd654 - Devonshire Village Shops {Devonshire Shops, LLC}",evidenceOfInsurance,Evidence of Insurance,commercialGeneralLiability,Commercial General Liability,evidenceOfInsuranceCommercialGeneralLiabilityGeneralAggregate,General Aggregate,,matchOnce,must be greater or equal to,2000000,,non_compliant,Block Requirements,,,false,0,,2026-08-16
"Block Real Estate Services, LLC",69fdf74a62446148bd854b56,69fded1f62446148bd849123,Safari Mart,69fdef653b208288e0a7a89f,"3rd654 - Devonshire Village Shops {Devonshire Shops, LLC}",evidenceOfInsurance,Evidence of Insurance,commercialGeneralLiability,Commercial General Liability,evidenceOfInsuranceCommercialGeneralLiabilityWaiverOfSubrogationEndorsement,Waiver of Subrogation,"---prompt---
Determine if the insurer has waived their right of subrogation in favor of the certificate holder under the Commercial General Liability policy. Evidence may include: a checked ""Waiver of Subrogation"" box on the certificate, mention in the Description of Operations section stating ""waiver of subrogation applies"", or reference to form CG 24 04. Look for language like ""subrogation is waived"" or ""per written contract"".",matchOnce,must be present,,,non_compliant,Block Requirements,,,false,0,,2026-08-16
"Block Real Estate Services, LLC",69fdf74a62446148bd854b56,69fded1f62446148bd849123,Safari Mart,69fdef653b208288e0a7a89f,"3rd654 - Devonshire Village Shops {Devonshire Shops, LLC}",evidenceOfInsurance,Evidence of Insurance,excessOrUmbrellaLiability,Umbrella/Excess Liability,evidenceOfInsuranceExcessOrUmbrellaLiabilityOccurence,Coverage Trigger: Occurrence,,matchOnce,must be present,,,non_compliant,Block Requirements,,,false,0,,2026-08-16
"Block Real Estate Services, LLC",69fdf74a62446148bd854b56,69fded1f62446148bd849123,Safari Mart,69fdef653b208288e0a7a89f,"3rd654 - Devonshire Village Shops {Devonshire Shops, LLC}",evidenceOfInsurance,Evidence of Insurance,excessOrUmbrellaLiability,Umbrella/Excess Liability,evidenceOfInsuranceExcessOrUmbrellaLiabilityEachOccurrence,Each Occurrence,,matchOnce,must be greater or equal to,1000000,,non_compliant,Block Requirements,,,false,0,,2026-08-16
"Block Real Estate Services, LLC",69fdf74a62446148bd854b56,69fded1f62446148bd849123,Safari Mart,69fdef653b208288e0a7a89f,"3rd654 - Devonshire Village Shops {Devonshire Shops, LLC}",evidenceOfInsurance,Evidence of Insurance,excessOrUmbrellaLiability,Umbrella/Excess Liability,evidenceOfInsuranceExcessOrUmbrellaLiabilityAggregate,Aggregate,,matchOnce,must be greater or equal to,1000000,,non_compliant,Block Requirements,,,false,0,,2026-08-16
"Block Real Estate Services, LLC",69fdf74a62446148bd854b56,69fded1f62446148bd849123,Safari Mart,69fdef653b208288e0a7a89f,"3rd654 - Devonshire Village Shops {Devonshire Shops, LLC}",evidenceOfInsurance,Evidence of Insurance,workersCompensation,Workers' Compensation and Employer's Liability,evidenceOfInsuranceWorkersCompensationStatutoryLimits,Statutory Limits,,matchOnce,must be present,,,non_compliant,Block Requirements,,,false,0,,2026-08-16
"Block Real Estate Services, LLC",69fdf74a62446148bd854b56,69fded1f62446148bd849123,Safari Mart,69fdef653b208288e0a7a89f,"3rd654 - Devonshire Village Shops {Devonshire Shops, LLC}",evidenceOfInsurance,Evidence of Insurance,workersCompensation,Workers' Compensation and Employer's Liability,evidenceOfInsuranceWorkersCompensationEmployersLiabilityEachAccident,Employer's Liability Each Accident,,matchOnce,must be greater or equal to,500000,,non_compliant,Block Requirements,,,false,0,,2026-08-16
"Block Real Estate Services, LLC",69fdf74a62446148bd854b56,69fded1f62446148bd849123,Safari Mart,69fdef653b208288e0a7a89f,"3rd654 - Devonshire Village Shops {Devonshire Shops, LLC}",evidenceOfInsurance,Evidence of Insurance,workersCompensation,Workers' Compensation and Employer's Liability,evidenceOfInsuranceWorkersCompensationEmployersLiabilityDiseaseEachEmployee,Employer's Liability Disease - each employee,,matchOnce,must be greater or equal to,500000,,non_compliant,Block Requirements,,,false,0,,2026-08-16
"Block Real Estate Services, LLC",69fdf74a62446148bd854b56,69fded1f62446148bd849123,Safari Mart,69fdef653b208288e0a7a89f,"3rd654 - Devonshire Village Shops {Devonshire Shops, LLC}",evidenceOfInsurance,Evidence of Insurance,workersCompensation,Workers' Compensation and Employer's Liability,evidenceOfInsuranceWorkersCompensationEmployersLiabilityDiseasePolicyLimit,Employer's Liability Disease - policy limit,,matchOnce,must be greater or equal to,500000,,non_compliant,Block Requirements,,,false,0,,2026-08-16
"Block Real Estate Services, LLC",69fdf74a62446148bd854b56,69fded1f62446148bd849123,Safari Mart,69fdef653b208288e0a7a89f,"3rd654 - Devonshire Village Shops {Devonshire Shops, LLC}",evidenceOfInsurance,Evidence of Insurance,workersCompensation,Workers' Compensation and Employer's Liability,evidenceOfInsuranceWorkersCompensationWaiverOfSubrogationEndorsement,Waiver of Subrogation,"---prompt---
Determine if the insurer has waived their right of subrogation in favor of the certificate holder under the Workers' Compensation policy. Evidence may include: a checked ""Waiver of Subrogation"" box on the certificate, mention in the Description of Operations section stating ""waiver of subrogation applies"", or reference to form WC 00 03 13. Look for language like ""subrogation is waived"" or ""per written contract"".",matchOnce,must be present,,,non_compliant,Block Requirements,,,false,0,,2026-08-16
"Block Real Estate Services, LLC",69fdf74a62446148bd854b56,69fded1f62446148bd849123,Safari Mart,69fdef653b208288e0a7a89f,"3rd654 - Devonshire Village Shops {Devonshire Shops, LLC}",evidenceOfInsurance,Evidence of Insurance,6ac20aae-5728-5d57-b364-aeba38527dba,Additional Requirements,4da5b0f1-4c9d-5885-8cf8-5d3cccaed3e0,"Block Real Estate Services, LLC and all others required by contract are named as Additional Insureds","---prompt---
Determine if the Description of Operations or the Additional Remarks Schedule section states the ""Additional Insured as Construction Management, Inc. and all others required by contract"" or reference to blanket additional insured coverage. Look for language like ""certificate holder is additional insured"" or ""per written contract"".",matchOnce,must be present,,,non_compliant,Block Requirements,,,true,0,,2026-08-16
"Block Real Estate Services, LLC",69fdf74a62446148bd854b56,69fded1f62446148bd849123,Safari Mart,69fdef653b208288e0a7a89f,"3rd654 - Devonshire Village Shops {Devonshire Shops, LLC}",evidenceOfInsurance,Evidence of Insurance,6ac20aae-5728-5d57-b364-aeba38527dba,Additional Requirements,e1017741-e47e-5f58-97b8-fbc3043e919f,Umbrella follows form over General Liability,"---prompt---
Determine if the Umbrella/Excess Liability policy follows form to the underlying policies. Evidence may include: language in the Description of Operations section stating the umbrella follows form to underlying coverages or an additional page endorsement stating that it follows form. Follow form means the umbrella policy adopts the same terms, conditions, and exclusions as the underlying policies.",matchOnce,must be present,,,non_compliant,Block Requirements,,,true,0,,2026-08-16
"Block Real Estate Services, LLC",69fdf74a62446148bd854b56,69fded1f62446148bd849123,Safari Mart,69fdef653b208288e0a7a89f,"3rd654 - Devonshire Village Shops {Devonshire Shops, LLC}",evidenceOfInsurance,Evidence of Insurance,6ac20aae-5728-5d57-b364-aeba38527dba,Additional Requirements,2cdd866f-c9a4-576a-afd8-1d045762790c,"The location must be listed as: 12755 S Mur-Len Rd, Suite B10, Olathe, KS, 66062",,matchOnce,must be present,,,non_compliant,Block Requirements,,,true,0,,2026-08-16
"Block Real Estate Services, LLC",69fdf74a62446148bd854b56,69fded1f62446148bd849123,Safari Mart,69fdef653b208288e0a7a89f,"3rd654 - Devonshire Village Shops {Devonshire Shops, LLC}",evidenceOfInsurance,Evidence of Insurance,6ac20aae-5728-5d57-b364-aeba38527dba,Additional Requirements,3649e9d1-4e09-59bf-8f30-cb33c40cf117,"Certificate Holder must read: c/o Block Real Estate Services, LLC, 4622 Pennsylvania St., Suite 700, Kansas City, MO, 64112",,matchOnce,must be present,,,non_compliant,Block Requirements,,,true,0,,2026-08-16
"Block Real Estate Services, LLC",69fdf74a62446148bd854b55,69fded1b62446148bd848fd6,Moncayo Legal LLC,69fdef653b208288e0a7a89f,"3rd654 - Devonshire Village Shops {Devonshire Shops, LLC}",evidenceOfInsurance,Evidence of Insurance,commercialGeneralLiability,Commercial General Liability,evidenceOfInsuranceCommercialGeneralLiabilityCoverageTriggerOccurrence,Coverage Trigger: Occurrence,,matchOnce,must be present,,Present,compliant,Block Requirements,,,false,1,,2026-08-16
"Block Real Estate Services, LLC",69fdf74a62446148bd854b55,69fded1b62446148bd848fd6,Moncayo Legal LLC,69fdef653b208288e0a7a89f,"3rd654 - Devonshire Village Shops {Devonshire Shops, LLC}",evidenceOfInsurance,Evidence of Insurance,commercialGeneralLiability,Commercial General Liability,evidenceOfInsuranceCommercialGeneralLiabilityGeneralAggregateLimitAppliesPerLocation,General Aggregate Limit Applies per: Location,,matchOnce,must be present,,,non_compliant,Block Requirements,,,false,0,,2026-08-16
"Block Real Estate Services, LLC",69fdf74a62446148bd854b55,69fded1b62446148bd848fd6,Moncayo Legal LLC,69fdef653b208288e0a7a89f,"3rd654 - Devonshire Village Shops {Devonshire Shops, LLC}",evidenceOfInsurance,Evidence of Insurance,commercialGeneralLiability,Commercial General Liability,evidenceOfInsuranceCommercialGeneralLiabilityEachOccurrence,Each Occurrence,,matchOnce,must be greater or equal to,1000000,1000000,compliant,Block Requirements,,,false,1,,2026-08-16
"Block Real Estate Services, LLC",69fdf74a62446148bd854b55,69fded1b62446148bd848fd6,Moncayo Legal LLC,69fdef653b208288e0a7a89f,"3rd654 - Devonshire Village Shops {Devonshire Shops, LLC}",evidenceOfInsurance,Evidence of Insurance,commercialGeneralLiability,Commercial General Liability,evidenceOfInsuranceCommercialGeneralLiabilityGeneralAggregate,General Aggregate,,matchOnce,must be greater or equal to,2000000,2000000,compliant,Block Requirements,,,false,1,,2026-08-16
"Block Real Estate Services, LLC",69fdf74a62446148bd854b55,69fded1b62446148bd848fd6,Moncayo Legal LLC,69fdef653b208288e0a7a89f,"3rd654 - Devonshire Village Shops {Devonshire Shops, LLC}",evidenceOfInsurance,Evidence of Insurance,commercialGeneralLiability,Commercial General Liability,evidenceOfInsuranceCommercialGeneralLiabilityWaiverOfSubrogationEndorsement,Waiver of Subrogation,"---prompt---
Determine if the insurer has waived their right of subrogation in favor of the certificate holder under the Commercial General Liability policy. Evidence may include: a checked ""Waiver of Subrogation"" box on the certificate, mention in the Description of Operations section stating ""waiver of subrogation applies"", or reference to form CG 24 04. Look for language like ""subrogation is waived"" or ""per written contract"".",matchOnce,must be present,,,non_compliant,Block Requirements,,,false,0,,2026-08-16
"Block Real Estate Services, LLC",69fdf74a62446148bd854b55,69fded1b62446148bd848fd6,Moncayo Legal LLC,69fdef653b208288e0a7a89f,"3rd654 - Devonshire Village Shops {Devonshire Shops, LLC}",evidenceOfInsurance,Evidence of Insurance,excessOrUmbrellaLiability,Umbrella/Excess Liability,evidenceOfInsuranceExcessOrUmbrellaLiabilityOccurence,Coverage Trigger: Occurrence,,matchOnce,must be present,,,non_compliant,Block Requirements,,,false,0,,2026-08-16
"Block Real Estate Services, LLC",69fdf74a62446148bd854b55,69fded1b62446148bd848fd6,Moncayo Legal LLC,69fdef653b208288e0a7a89f,"3rd654 - Devonshire Village Shops {Devonshire Shops, LLC}",evidenceOfInsurance,Evidence of Insurance,excessOrUmbrellaLiability,Umbrella/Excess Liability,evidenceOfInsuranceExcessOrUmbrellaLiabilityEachOccurrence,Each Occurrence,,matchOnce,must be greater or equal to,1000000,,non_compliant,Block Requirements,,,false,0,,2026-08-16
"Block Real Estate Services, LLC",69fdf74a62446148bd854b55,69fded1b62446148bd848fd6,Moncayo Legal LLC,69fdef653b208288e0a7a89f,"3rd654 - Devonshire Village Shops {Devonshire Shops, LLC}",evidenceOfInsurance,Evidence of Insurance,excessOrUmbrellaLiability,Umbrella/Excess Liability,evidenceOfInsuranceExcessOrUmbrellaLiabilityAggregate,Aggregate,,matchOnce,must be greater or equal to,1000000,,non_compliant,Block Requirements,,,false,0,,2026-08-16
"Block Real Estate Services, LLC",69fdf74a62446148bd854b55,69fded1b62446148bd848fd6,Moncayo Legal LLC,69fdef653b208288e0a7a89f,"3rd654 - Devonshire Village Shops {Devonshire Shops, LLC}",evidenceOfInsurance,Evidence of Insurance,workersCompensation,Workers' Compensation and Employer's Liability,evidenceOfInsuranceWorkersCompensationStatutoryLimits,Statutory Limits,,matchOnce,must be present,,,non_compliant,Block Requirements,,,false,0,,2026-08-16
"Block Real Estate Services, LLC",69fdf74a62446148bd854b55,69fded1b62446148bd848fd6,Moncayo Legal LLC,69fdef653b208288e0a7a89f,"3rd654 - Devonshire Village Shops {Devonshire Shops, LLC}",evidenceOfInsurance,Evidence of Insurance,workersCompensation,Workers' Compensation and Employer's Liability,evidenceOfInsuranceWorkersCompensationEmployersLiabilityEachAccident,Employer's Liability Each Accident,,matchOnce,must be greater or equal to,500000,,non_compliant,Block Requirements,,,false,0,,2026-08-16
"Block Real Estate Services, LLC",69fdf74a62446148bd854b55,69fded1b62446148bd848fd6,Moncayo Legal LLC,69fdef653b208288e0a7a89f,"3rd654 - Devonshire Village Shops {Devonshire Shops, LLC}",evidenceOfInsurance,Evidence of Insurance,workersCompensation,Workers' Compensation and Employer's Liability,evidenceOfInsuranceWorkersCompensationEmployersLiabilityDiseaseEachEmployee,Employer's Liability Disease - each employee,,matchOnce,must be greater or equal to,500000,,non_compliant,Block Requirements,,,false,0,,2026-08-16
"Block Real Estate Services, LLC",69fdf74a62446148bd854b55,69fded1b62446148bd848fd6,Moncayo Legal LLC,69fdef653b208288e0a7a89f,"3rd654 - Devonshire Village Shops {Devonshire Shops, LLC}",evidenceOfInsurance,Evidence of Insurance,workersCompensation,Workers' Compensation and Employer's Liability,evidenceOfInsuranceWorkersCompensationEmployersLiabilityDiseasePolicyLimit,Employer's Liability Disease - policy limit,,matchOnce,must be greater or equal to,500000,,non_compliant,Block Requirements,,,false,0,,2026-08-16
"Block Real Estate Services, LLC",69fdf74a62446148bd854b55,69fded1b62446148bd848fd6,Moncayo Legal LLC,69fdef653b208288e0a7a89f,"3rd654 - Devonshire Village Shops {Devonshire Shops, LLC}",evidenceOfInsurance,Evidence of Insurance,workersCompensation,Workers' Compensation and Employer's Liability,evidenceOfInsuranceWorkersCompensationWaiverOfSubrogationEndorsement,Waiver of Subrogation,"---prompt---
Determine if the insurer has waived their right of subrogation in favor of the certificate holder under the Workers' Compensation policy. Evidence may include: a checked ""Waiver of Subrogation"" box on the certificate, mention in the Description of Operations section stating ""waiver of subrogation applies"", or reference to form WC 00 03 13. Look for language like ""subrogation is waived"" or ""per written contract"".",matchOnce,must be present,,,non_compliant,Block Requirements,,,false,0,,2026-08-16
"Block Real Estate Services, LLC",69fdf74a62446148bd854b55,69fded1b62446148bd848fd6,Moncayo Legal LLC,69fdef653b208288e0a7a89f,"3rd654 - Devonshire Village Shops {Devonshire Shops, LLC}",evidenceOfInsurance,Evidence of Insurance,6ac20aae-5728-5d57-b364-aeba38527dba,Additional Requirements,4da5b0f1-4c9d-5885-8cf8-5d3cccaed3e0,"Block Real Estate Services, LLC and all others required by contract are named as Additional Insureds","---prompt---
Determine if the Description of Operations or the Additional Remarks Schedule section states the ""Additional Insured as Construction Management, Inc. and all others required by contract"" or reference to blanket additional insured coverage. Look for language like ""certificate holder is additional insured"" or ""per written contract"".",matchOnce,must be present,,,non_compliant,Block Requirements,,,true,0,,2026-08-16
"Block Real Estate Services, LLC",69fdf74a62446148bd854b55,69fded1b62446148bd848fd6,Moncayo Legal LLC,69fdef653b208288e0a7a89f,"3rd654 - Devonshire Village Shops {Devonshire Shops, LLC}",evidenceOfInsurance,Evidence of Insurance,6ac20aae-5728-5d57-b364-aeba38527dba,Additional Requirements,e1017741-e47e-5f58-97b8-fbc3043e919f,Umbrella follows form over General Liability,"---prompt---
Determine if the Umbrella/Excess Liability policy follows form to the underlying policies. Evidence may include: language in the Description of Operations section stating the umbrella follows form to underlying coverages or an additional page endorsement stating that it follows form. Follow form means the umbrella policy adopts the same terms, conditions, and exclusions as the underlying policies.",matchOnce,must be present,,,non_compliant,Block Requirements,,,true,0,,2026-08-16
"Block Real Estate Services, LLC",69fdf74a62446148bd854b55,69fded1b62446148bd848fd6,Moncayo Legal LLC,69fdef653b208288e0a7a89f,"3rd654 - Devonshire Village Shops {Devonshire Shops, LLC}",evidenceOfInsurance,Evidence of Insurance,6ac20aae-5728-5d57-b364-aeba38527dba,Additional Requirements,2cdd866f-c9a4-576a-afd8-1d045762790c,"The location must be listed as: 12755 S Mur-Len Rd, Suite B6, Olathe, KS, 66062",,matchOnce,must be present,,,non_compliant,Block Requirements,,,true,0,,2026-08-16
"Block Real Estate Services, LLC",69fdf74a62446148bd854b55,69fded1b62446148bd848fd6,Moncayo Legal LLC,69fdef653b208288e0a7a89f,"3rd654 - Devonshire Village Shops {Devonshire Shops, LLC}",evidenceOfInsurance,Evidence of Insurance,6ac20aae-5728-5d57-b364-aeba38527dba,Additional Requirements,3649e9d1-4e09-59bf-8f30-cb33c40cf117,"Certificate Holder must read: c/o Block Real Estate Services, LLC, 4622 Pennsylvania St., Suite 700, Kansas City, MO, 64112",,matchOnce,must be present,,,non_compliant,Block Requirements,,,true,0,,2026-08-16
"Block Real Estate Services, LLC",69fdf74a62446148bd854b5c,69fded2462446148bd84927c,"Vape Time / AVRWL, LLC (fka Aqueous Vapor)",69fdef653b208288e0a7a89f,"3rd654 - Devonshire Village Shops {Devonshire Shops, LLC}",evidenceOfInsurance,Evidence of Insurance,commercialGeneralLiability,Commercial General Liability,evidenceOfInsuranceCommercialGeneralLiabilityCoverageTriggerOccurrence,Coverage Trigger: Occurrence,,matchOnce,must be present,,,non_compliant,Block Requirements,,,false,0,,2026-08-16
"Block Real Estate Services, LLC",69fdf74a62446148bd854b5c,69fded2462446148bd84927c,"Vape Time / AVRWL, LLC (fka Aqueous Vapor)",69fdef653b208288e0a7a89f,"3rd654 - Devonshire Village Shops {Devonshire Shops, LLC}",evidenceOfInsurance,Evidence of Insurance,commercialGeneralLiability,Commercial General Liability,evidenceOfInsuranceCommercialGeneralLiabilityGeneralAggregateLimitAppliesPerLocation,General Aggregate Limit Applies per: Location,,matchOnce,must be present,,,non_compliant,Block Requirements,,,false,0,,2026-08-16
"Block Real Estate Services, LLC",69fdf74a62446148bd854b5c,69fded2462446148bd84927c,"Vape Time / AVRWL, LLC (fka Aqueous Vapor)",69fdef653b208288e0a7a89f,"3rd654 - Devonshire Village Shops {Devonshire Shops, LLC}",evidenceOfInsurance,Evidence of Insurance,commercialGeneralLiability,Commercial General Liability,evidenceOfInsuranceCommercialGeneralLiabilityEachOccurrence,Each Occurrence,,matchOnce,must be greater or equal to,1000000,,non_compliant,Block Requirements,,,false,0,,2026-08-16
"Block Real Estate Services, LLC",69fdf74a62446148bd854b5c,69fded2462446148bd84927c,"Vape Time / AVRWL, LLC (fka Aqueous Vapor)",69fdef653b208288e0a7a89f,"3rd654 - Devonshire Village Shops {Devonshire Shops, LLC}",evidenceOfInsurance,Evidence of Insurance,commercialGeneralLiability,Commercial General Liability,evidenceOfInsuranceCommercialGeneralLiabilityGeneralAggregate,General Aggregate,,matchOnce,must be greater or equal to,2000000,,non_compliant,Block Requirements,,,false,0,,2026-08-16
"Block Real Estate Services, LLC",69fdf74a62446148bd854b5c,69fded2462446148bd84927c,"Vape Time / AVRWL, LLC (fka Aqueous Vapor)",69fdef653b208288e0a7a89f,"3rd654 - Devonshire Village Shops {Devonshire Shops, LLC}",evidenceOfInsurance,Evidence of Insurance,commercialGeneralLiability,Commercial General Liability,evidenceOfInsuranceCommercialGeneralLiabilityWaiverOfSubrogationEndorsement,Waiver of Subrogation,"---prompt---
Determine if the insurer has waived their right of subrogation in favor of the certificate holder under the Commercial General Liability policy. Evidence may include: a checked ""Waiver of Subrogation"" box on the certificate, mention in the Description of Operations section stating ""waiver of subrogation applies"", or reference to form CG 24 04. Look for language like ""subrogation is waived"" or ""per written contract"".",matchOnce,must be present,,,non_compliant,Block Requirements,,,false,0,,2026-08-16
"Block Real Estate Services, LLC",69fdf74a62446148bd854b5c,69fded2462446148bd84927c,"Vape Time / AVRWL, LLC (fka Aqueous Vapor)",69fdef653b208288e0a7a89f,"3rd654 - Devonshire Village Shops {Devonshire Shops, LLC}",evidenceOfInsurance,Evidence of Insurance,excessOrUmbrellaLiability,Umbrella/Excess Liability,evidenceOfInsuranceExcessOrUmbrellaLiabilityOccurence,Coverage Trigger: Occurrence,,matchOnce,must be present,,,non_compliant,Block Requirements,,,false,0,,2026-08-16
"Block Real Estate Services, LLC",69fdf74a62446148bd854b5c,69fded2462446148bd84927c,"Vape Time / AVRWL, LLC (fka Aqueous Vapor)",69fdef653b208288e0a7a89f,"3rd654 - Devonshire Village Shops {Devonshire Shops, LLC}",evidenceOfInsurance,Evidence of Insurance,excessOrUmbrellaLiability,Umbrella/Excess Liability,evidenceOfInsuranceExcessOrUmbrellaLiabilityEachOccurrence,Each Occurrence,,matchOnce,must be greater or equal to,1000000,,non_compliant,Block Requirements,,,false,0,,2026-08-16
"Block Real Estate Services, LLC",69fdf74a62446148bd854b5c,69fded2462446148bd84927c,"Vape Time / AVRWL, LLC (fka Aqueous Vapor)",69fdef653b208288e0a7a89f,"3rd654 - Devonshire Village Shops {Devonshire Shops, LLC}",evidenceOfInsurance,Evidence of Insurance,excessOrUmbrellaLiability,Umbrella/Excess Liability,evidenceOfInsuranceExcessOrUmbrellaLiabilityAggregate,Aggregate,,matchOnce,must be greater or equal to,1000000,,non_compliant,Block Requirements,,,false,0,,2026-08-16
"Block Real Estate Services, LLC",69fdf74a62446148bd854b5c,69fded2462446148bd84927c,"Vape Time / AVRWL, LLC (fka Aqueous Vapor)",69fdef653b208288e0a7a89f,"3rd654 - Devonshire Village Shops {Devonshire Shops, LLC}",evidenceOfInsurance,Evidence of Insurance,workersCompensation,Workers' Compensation and Employer's Liability,evidenceOfInsuranceWorkersCompensationStatutoryLimits,Statutory Limits,,matchOnce,must be present,,,non_compliant,Block Requirements,,,false,0,,2026-08-16
"Block Real Estate Services, LLC",69fdf74a62446148bd854b5c,69fded2462446148bd84927c,"Vape Time / AVRWL, LLC (fka Aqueous Vapor)",69fdef653b208288e0a7a89f,"3rd654 - Devonshire Village Shops {Devonshire Shops, LLC}",evidenceOfInsurance,Evidence of Insurance,workersCompensation,Workers' Compensation and Employer's Liability,evidenceOfInsuranceWorkersCompensationEmployersLiabilityEachAccident,Employer's Liability Each Accident,,matchOnce,must be greater or equal to,500000,,non_compliant,Block Requirements,,,false,0,,2026-08-16
"Block Real Estate Services, LLC",69fdf74a62446148bd854b5c,69fded2462446148bd84927c,"Vape Time / AVRWL, LLC (fka Aqueous Vapor)",69fdef653b208288e0a7a89f,"3rd654 - Devonshire Village Shops {Devonshire Shops, LLC}",evidenceOfInsurance,Evidence of Insurance,workersCompensation,Workers' Compensation and Employer's Liability,evidenceOfInsuranceWorkersCompensationEmployersLiabilityDiseaseEachEmployee,Employer's Liability Disease - each employee,,matchOnce,must be greater or equal to,500000,,non_compliant,Block Requirements,,,false,0,,2026-08-16
"Block Real Estate Services, LLC",69fdf74a62446148bd854b5c,69fded2462446148bd84927c,"Vape Time / AVRWL, LLC (fka Aqueous Vapor)",69fdef653b208288e0a7a89f,"3rd654 - Devonshire Village Shops {Devonshire Shops, LLC}",evidenceOfInsurance,Evidence of Insurance,workersCompensation,Workers' Compensation and Employer's Liability,evidenceOfInsuranceWorkersCompensationEmployersLiabilityDiseasePolicyLimit,Employer's Liability Disease - policy limit,,matchOnce,must be greater or equal to,500000,,non_compliant,Block Requirements,,,false,0,,2026-08-16
"Block Real Estate Services, LLC",69fdf74a62446148bd854b5c,69fded2462446148bd84927c,"Vape Time / AVRWL, LLC (fka Aqueous Vapor)",69fdef653b208288e0a7a89f,"3rd654 - Devonshire Village Shops {Devonshire Shops, LLC}",evidenceOfInsurance,Evidence of Insurance,workersCompensation,Workers' Compensation and Employer's Liability,evidenceOfInsuranceWorkersCompensationWaiverOfSubrogationEndorsement,Waiver of Subrogation,"---prompt---
Determine if the insurer has waived their right of subrogation in favor of the certificate holder under the Workers' Compensation policy. Evidence may include: a checked ""Waiver of Subrogation"" box on the certificate, mention in the Description of Operations section stating ""waiver of subrogation applies"", or reference to form WC 00 03 13. Look for language like ""subrogation is waived"" or ""per written contract"".",matchOnce,must be present,,,non_compliant,Block Requirements,,,false,0,,2026-08-16
"Block Real Estate Services, LLC",69fdf74a62446148bd854b5c,69fded2462446148bd84927c,"Vape Time / AVRWL, LLC (fka Aqueous Vapor)",69fdef653b208288e0a7a89f,"3rd654 - Devonshire Village Shops {Devonshire Shops, LLC}",evidenceOfInsurance,Evidence of Insurance,6ac20aae-5728-5d57-b364-aeba38527dba,Additional Requirements,4da5b0f1-4c9d-5885-8cf8-5d3cccaed3e0,"Block Real Estate Services, LLC and all others required by contract are named as Additional Insureds","---prompt---
Determine if the Description of Operations or the Additional Remarks Schedule section states the ""Additional Insured as Construction Management, Inc. and all others required by contract"" or reference to blanket additional insured coverage. Look for language like ""certificate holder is additional insured"" or ""per written contract"".",matchOnce,must be present,,,non_compliant,Block Requirements,,,true,0,,2026-08-16
"Block Real Estate Services, LLC",69fdf74a62446148bd854b5c,69fded2462446148bd84927c,"Vape Time / AVRWL, LLC (fka Aqueous Vapor)",69fdef653b208288e0a7a89f,"3rd654 - Devonshire Village Shops {Devonshire Shops, LLC}",evidenceOfInsurance,Evidence of Insurance,6ac20aae-5728-5d57-b364-aeba38527dba,Additional Requirements,e1017741-e47e-5f58-97b8-fbc3043e919f,Umbrella follows form over General Liability,"---prompt---
Determine if the Umbrella/Excess Liability policy follows form to the underlying policies. Evidence may include: language in the Description of Operations section stating the umbrella follows form to underlying coverages or an additional page endorsement stating that it follows form. Follow form means the umbrella policy adopts the same terms, conditions, and exclusions as the underlying policies.",matchOnce,must be present,,,non_compliant,Block Requirements,,,true,0,,2026-08-16
"Block Real Estate Services, LLC",69fdf74a62446148bd854b5c,69fded2462446148bd84927c,"Vape Time / AVRWL, LLC (fka Aqueous Vapor)",69fdef653b208288e0a7a89f,"3rd654 - Devonshire Village Shops {Devonshire Shops, LLC}",evidenceOfInsurance,Evidence of Insurance,6ac20aae-5728-5d57-b364-aeba38527dba,Additional Requirements,2cdd866f-c9a4-576a-afd8-1d045762790c,"The location must be listed as: 12755 S Mur-Len Rd, Suite B5, Olathe, KS, 66062",,matchOnce,must be present,,,non_compliant,Block Requirements,,,true,0,,2026-08-16
"Block Real Estate Services, LLC",69fdf74a62446148bd854b5c,69fded2462446148bd84927c,"Vape Time / AVRWL, LLC (fka Aqueous Vapor)",69fdef653b208288e0a7a89f,"3rd654 - Devonshire Village Shops {Devonshire Shops, LLC}",evidenceOfInsurance,Evidence of Insurance,6ac20aae-5728-5d57-b364-aeba38527dba,Additional Requirements,3649e9d1-4e09-59bf-8f30-cb33c40cf117,"Certificate Holder must read: c/o Block Real Estate Services, LLC, 4622 Pennsylvania St., Suite 700, Kansas City, MO, 64112",,matchOnce,must be present,,,non_compliant,Block Requirements,,,true,0,,2026-08-16
"Block Real Estate Services, LLC",69fdf74a62446148bd854b51,69fded1262446148bd848cd9,KK Express Employment / Curtis Holding Company,69fdef653b208288e0a7a89f,"3rd654 - Devonshire Village Shops {Devonshire Shops, LLC}",evidenceOfInsurance,Evidence of Insurance,commercialGeneralLiability,Commercial General Liability,evidenceOfInsuranceCommercialGeneralLiabilityCoverageTriggerOccurrence,Coverage Trigger: Occurrence,,matchOnce,must be present,,,non_compliant,Block Requirements,,,false,0,,2026-08-16
"Block Real Estate Services, LLC",69fdf74a62446148bd854b51,69fded1262446148bd848cd9,KK Express Employment / Curtis Holding Company,69fdef653b208288e0a7a89f,"3rd654 - Devonshire Village Shops {Devonshire Shops, LLC}",evidenceOfInsurance,Evidence of Insurance,commercialGeneralLiability,Commercial General Liability,evidenceOfInsuranceCommercialGeneralLiabilityGeneralAggregateLimitAppliesPerLocation,General Aggregate Limit Applies per: Location,,matchOnce,must be present,,,non_compliant,Block Requirements,,,false,0,,2026-08-16
"Block Real Estate Services, LLC",69fdf74a62446148bd854b51,69fded1262446148bd848cd9,KK Express Employment / Curtis Holding Company,69fdef653b208288e0a7a89f,"3rd654 - Devonshire Village Shops {Devonshire Shops, LLC}",evidenceOfInsurance,Evidence of Insurance,commercialGeneralLiability,Commercial General Liability,evidenceOfInsuranceCommercialGeneralLiabilityEachOccurrence,Each Occurrence,,matchOnce,must be greater or equal to,1000000,,non_compliant,Block Requirements,,,false,0,,2026-08-16
"Block Real Estate Services, LLC",69fdf74a62446148bd854b51,69fded1262446148bd848cd9,KK Express Employment / Curtis Holding Company,69fdef653b208288e0a7a89f,"3rd654 - Devonshire Village Shops {Devonshire Shops, LLC}",evidenceOfInsurance,Evidence of Insurance,commercialGeneralLiability,Commercial General Liability,evidenceOfInsuranceCommercialGeneralLiabilityGeneralAggregate,General Aggregate,,matchOnce,must be greater or equal to,2000000,,non_compliant,Block Requirements,,,false,0,,2026-08-16
"Block Real Estate Services, LLC",69fdf74a62446148bd854b51,69fded1262446148bd848cd9,KK Express Employment / Curtis Holding Company,69fdef653b208288e0a7a89f,"3rd654 - Devonshire Village Shops {Devonshire Shops, LLC}",evidenceOfInsurance,Evidence of Insurance,commercialGeneralLiability,Commercial General Liability,evidenceOfInsuranceCommercialGeneralLiabilityWaiverOfSubrogationEndorsement,Waiver of Subrogation,"---prompt---
Determine if the insurer has waived their right of subrogation in favor of the certificate holder under the Commercial General Liability policy. Evidence may include: a checked ""Waiver of Subrogation"" box on the certificate, mention in the Description of Operations section stating ""waiver of subrogation applies"", or reference to form CG 24 04. Look for language like ""subrogation is waived"" or ""per written contract"".",matchOnce,must be present,,,non_compliant,Block Requirements,,,false,0,,2026-08-16
"Block Real Estate Services, LLC",69fdf74a62446148bd854b51,69fded1262446148bd848cd9,KK Express Employment / Curtis Holding Company,69fdef653b208288e0a7a89f,"3rd654 - Devonshire Village Shops {Devonshire Shops, LLC}",evidenceOfInsurance,Evidence of Insurance,excessOrUmbrellaLiability,Umbrella/Excess Liability,evidenceOfInsuranceExcessOrUmbrellaLiabilityOccurence,Coverage Trigger: Occurrence,,matchOnce,must be present,,,non_compliant,Block Requirements,,,false,0,,2026-08-16
"Block Real Estate Services, LLC",69fdf74a62446148bd854b51,69fded1262446148bd848cd9,KK Express Employment / Curtis Holding Company,69fdef653b208288e0a7a89f,"3rd654 - Devonshire Village Shops {Devonshire Shops, LLC}",evidenceOfInsurance,Evidence of Insurance,excessOrUmbrellaLiability,Umbrella/Excess Liability,evidenceOfInsuranceExcessOrUmbrellaLiabilityEachOccurrence,Each Occurrence,,matchOnce,must be greater or equal to,1000000,,non_compliant,Block Requirements,,,false,0,,2026-08-16
"Block Real Estate Services, LLC",69fdf74a62446148bd854b51,69fded1262446148bd848cd9,KK Express Employment / Curtis Holding Company,69fdef653b208288e0a7a89f,"3rd654 - Devonshire Village Shops {Devonshire Shops, LLC}",evidenceOfInsurance,Evidence of Insurance,excessOrUmbrellaLiability,Umbrella/Excess Liability,evidenceOfInsuranceExcessOrUmbrellaLiabilityAggregate,Aggregate,,matchOnce,must be greater or equal to,1000000,,non_compliant,Block Requirements,,,false,0,,2026-08-16
"Block Real Estate Services, LLC",69fdf74a62446148bd854b51,69fded1262446148bd848cd9,KK Express Employment / Curtis Holding Company,69fdef653b208288e0a7a89f,"3rd654 - Devonshire Village Shops {Devonshire Shops, LLC}",evidenceOfInsurance,Evidence of Insurance,workersCompensation,Workers' Compensation and Employer's Liability,evidenceOfInsuranceWorkersCompensationStatutoryLimits,Statutory Limits,,matchOnce,must be present,,,non_compliant,Block Requirements,,,false,0,,2026-08-16
"Block Real Estate Services, LLC",69fdf74a62446148bd854b51,69fded1262446148bd848cd9,KK Express Employment / Curtis Holding Company,69fdef653b208288e0a7a89f,"3rd654 - Devonshire Village Shops {Devonshire Shops, LLC}",evidenceOfInsurance,Evidence of Insurance,workersCompensation,Workers' Compensation and Employer's Liability,evidenceOfInsuranceWorkersCompensationEmployersLiabilityEachAccident,Employer's Liability Each Accident,,matchOnce,must be greater or equal to,500000,,non_compliant,Block Requirements,,,false,0,,2026-08-16
"Block Real Estate Services, LLC",69fdf74a62446148bd854b51,69fded1262446148bd848cd9,KK Express Employment / Curtis Holding Company,69fdef653b208288e0a7a89f,"3rd654 - Devonshire Village Shops {Devonshire Shops, LLC}",evidenceOfInsurance,Evidence of Insurance,workersCompensation,Workers' Compensation and Employer's Liability,evidenceOfInsuranceWorkersCompensationEmployersLiabilityDiseaseEachEmployee,Employer's Liability Disease - each employee,,matchOnce,must be greater or equal to,500000,,non_compliant,Block Requirements,,,false,0,,2026-08-16
"Block Real Estate Services, LLC",69fdf74a62446148bd854b51,69fded1262446148bd848cd9,KK Express Employment / Curtis Holding Company,69fdef653b208288e0a7a89f,"3rd654 - Devonshire Village Shops {Devonshire Shops, LLC}",evidenceOfInsurance,Evidence of Insurance,workersCompensation,Workers' Compensation and Employer's Liability,evidenceOfInsuranceWorkersCompensationEmployersLiabilityDiseasePolicyLimit,Employer's Liability Disease - policy limit,,matchOnce,must be greater or equal to,500000,,non_compliant,Block Requirements,,,false,0,,2026-08-16
"Block Real Estate Services, LLC",69fdf74a62446148bd854b51,69fded1262446148bd848cd9,KK Express Employment / Curtis Holding Company,69fdef653b208288e0a7a89f,"3rd654 - Devonshire Village Shops {Devonshire Shops, LLC}",evidenceOfInsurance,Evidence of Insurance,workersCompensation,Workers' Compensation and Employer's Liability,evidenceOfInsuranceWorkersCompensationWaiverOfSubrogationEndorsement,Waiver of Subrogation,"---prompt---
Determine if the insurer has waived their right of subrogation in favor of the certificate holder under the Workers' Compensation policy. Evidence may include: a checked ""Waiver of Subrogation"" box on the certificate, mention in the Description of Operations section stating ""waiver of subrogation applies"", or reference to form WC 00 03 13. Look for language like ""subrogation is waived"" or ""per written contract"".",matchOnce,must be present,,,non_compliant,Block Requirements,,,false,0,,2026-08-16
"Block Real Estate Services, LLC",69fdf74a62446148bd854b51,69fded1262446148bd848cd9,KK Express Employment / Curtis Holding Company,69fdef653b208288e0a7a89f,"3rd654 - Devonshire Village Shops {Devonshire Shops, LLC}",evidenceOfInsurance,Evidence of Insurance,6ac20aae-5728-5d57-b364-aeba38527dba,Additional Requirements,4da5b0f1-4c9d-5885-8cf8-5d3cccaed3e0,"Block Real Estate Services, LLC and all others required by contract are named as Additional Insureds","---prompt---
Determine if the Description of Operations or the Additional Remarks Schedule section states the ""Additional Insured as Construction Management, Inc. and all others required by contract"" or reference to blanket additional insured coverage. Look for language like ""certificate holder is additional insured"" or ""per written contract"".",matchOnce,must be present,,,non_compliant,Block Requirements,,,true,0,,2026-08-16
"Block Real Estate Services, LLC",69fdf74a62446148bd854b51,69fded1262446148bd848cd9,KK Express Employment / Curtis Holding Company,69fdef653b208288e0a7a89f,"3rd654 - Devonshire Village Shops {Devonshire Shops, LLC}",evidenceOfInsurance,Evidence of Insurance,6ac20aae-5728-5d57-b364-aeba38527dba,Additional Requirements,e1017741-e47e-5f58-97b8-fbc3043e919f,Umbrella follows form over General Liability,"---prompt---
Determine if the Umbrella/Excess Liability policy follows form to the underlying policies. Evidence may include: language in the Description of Operations section stating the umbrella follows form to underlying coverages or an additional page endorsement stating that it follows form. Follow form means the umbrella policy adopts the same terms, conditions, and exclusions as the underlying policies.",matchOnce,must be present,,,non_compliant,Block Requirements,,,true,0,,2026-08-16
"Block Real Estate Services, LLC",69fdf74a62446148bd854b51,69fded1262446148bd848cd9,KK Express Employment / Curtis Holding Company,69fdef653b208288e0a7a89f,"3rd654 - Devonshire Village Shops {Devonshire Shops, LLC}",evidenceOfInsurance,Evidence of Insurance,6ac20aae-5728-5d57-b364-aeba38527dba,Additional Requirements,2cdd866f-c9a4-576a-afd8-1d045762790c,"The location must be listed as: 12705 S Mur-Len Rd, Suite A8, Olathe, KS, 66062",,matchOnce,must be present,,,non_compliant,Block Requirements,,,true,0,,2026-08-16
"Block Real Estate Services, LLC",69fdf74a62446148bd854b51,69fded1262446148bd848cd9,KK Express Employment / Curtis Holding Company,69fdef653b208288e0a7a89f,"3rd654 - Devonshire Village Shops {Devonshire Shops, LLC}",evidenceOfInsurance,Evidence of Insurance,6ac20aae-5728-5d57-b364-aeba38527dba,Additional Requirements,3649e9d1-4e09-59bf-8f30-cb33c40cf117,"Certificate Holder must read: c/o Block Real Estate Services, LLC, 4622 Pennsylvania St., Suite 700, Kansas City, MO, 64112",,matchOnce,must be present,,,non_compliant,Block Requirements,,,true,0,,2026-08-16
"Block Real Estate Services, LLC",69fdf74a62446148bd854b4f,69fded0f62446148bd848c0a,"AKKA Karate USA / BMS Fitnes Solutions, Inc. (AKKA Olathe Martial Arts)",69fdef653b208288e0a7a89f,"3rd654 - Devonshire Village Shops {Devonshire Shops, LLC}",evidenceOfInsurance,Evidence of Insurance,commercialGeneralLiability,Commercial General Liability,evidenceOfInsuranceCommercialGeneralLiabilityCoverageTriggerOccurrence,Coverage Trigger: Occurrence,,matchOnce,must be present,,Present,compliant,Block Requirements,,,false,1,,2026-08-16
"Block Real Estate Services, LLC",69fdf74a62446148bd854b4f,69fded0f62446148bd848c0a,"AKKA Karate USA / BMS Fitnes Solutions, Inc. (AKKA Olathe Martial Arts)",69fdef653b208288e0a7a89f,"3rd654 - Devonshire Village Shops {Devonshire Shops, LLC}",evidenceOfInsurance,Evidence of Insurance,commercialGeneralLiability,Commercial General Liability,evidenceOfInsuranceCommercialGeneralLiabilityGeneralAggregateLimitAppliesPerLocation,General Aggregate Limit Applies per: Location,,matchOnce,must be present,,,non_compliant,Block Requirements,,,false,0,,2026-08-16
"Block Real Estate Services, LLC",69fdf74a62446148bd854b4f,69fded0f62446148bd848c0a,"AKKA Karate USA / BMS Fitnes Solutions, Inc. (AKKA Olathe Martial Arts)",69fdef653b208288e0a7a89f,"3rd654 - Devonshire Village Shops {Devonshire Shops, LLC}",evidenceOfInsurance,Evidence of Insurance,commercialGeneralLiability,Commercial General Liability,evidenceOfInsuranceCommercialGeneralLiabilityEachOccurrence,Each Occurrence,,matchOnce,must be greater or equal to,1000000,1000000,compliant,Block Requirements,,,false,1,,2026-08-16
"Block Real Estate Services, LLC",69fdf74a62446148bd854b4f,69fded0f62446148bd848c0a,"AKKA Karate USA / BMS Fitnes Solutions, Inc. (AKKA Olathe Martial Arts)",69fdef653b208288e0a7a89f,"3rd654 - Devonshire Village Shops {Devonshire Shops, LLC}",evidenceOfInsurance,Evidence of Insurance,commercialGeneralLiability,Commercial General Liability,evidenceOfInsuranceCommercialGeneralLiabilityGeneralAggregate,General Aggregate,,matchOnce,must be greater or equal to,2000000,3000000,compliant,Block Requirements,,,false,1,,2026-08-16
"Block Real Estate Services, LLC",69fdf74a62446148bd854b4f,69fded0f62446148bd848c0a,"AKKA Karate USA / BMS Fitnes Solutions, Inc. (AKKA Olathe Martial Arts)",69fdef653b208288e0a7a89f,"3rd654 - Devonshire Village Shops {Devonshire Shops, LLC}",evidenceOfInsurance,Evidence of Insurance,commercialGeneralLiability,Commercial General Liability,evidenceOfInsuranceCommercialGeneralLiabilityWaiverOfSubrogationEndorsement,Waiver of Subrogation,"---prompt---
Determine if the insurer has waived their right of subrogation in favor of the certificate holder under the Commercial General Liability policy. Evidence may include: a checked ""Waiver of Subrogation"" box on the certificate, mention in the Description of Operations section stating ""waiver of subrogation applies"", or reference to form CG 24 04. Look for language like ""subrogation is waived"" or ""per written contract"".",matchOnce,must be present,,,non_compliant,Block Requirements,,,false,0,,2026-08-16
"Block Real Estate Services, LLC",69fdf74a62446148bd854b4f,69fded0f62446148bd848c0a,"AKKA Karate USA / BMS Fitnes Solutions, Inc. (AKKA Olathe Martial Arts)",69fdef653b208288e0a7a89f,"3rd654 - Devonshire Village Shops {Devonshire Shops, LLC}",evidenceOfInsurance,Evidence of Insurance,excessOrUmbrellaLiability,Umbrella/Excess Liability,evidenceOfInsuranceExcessOrUmbrellaLiabilityOccurence,Coverage Trigger: Occurrence,,matchOnce,must be present,,,non_compliant,Block Requirements,,,false,0,,2026-08-16
"Block Real Estate Services, LLC",69fdf74a62446148bd854b4f,69fded0f62446148bd848c0a,"AKKA Karate USA / BMS Fitnes Solutions, Inc. (AKKA Olathe Martial Arts)",69fdef653b208288e0a7a89f,"3rd654 - Devonshire Village Shops {Devonshire Shops, LLC}",evidenceOfInsurance,Evidence of Insurance,excessOrUmbrellaLiability,Umbrella/Excess Liability,evidenceOfInsuranceExcessOrUmbrellaLiabilityEachOccurrence,Each Occurrence,,matchOnce,must be greater or equal to,1000000,,non_compliant,Block Requirements,,,false,0,,2026-08-16
"Block Real Estate Services, LLC",69fdf74a62446148bd854b4f,69fded0f62446148bd848c0a,"AKKA Karate USA / BMS Fitnes Solutions, Inc. (AKKA Olathe Martial Arts)",69fdef653b208288e0a7a89f,"3rd654 - Devonshire Village Shops {Devonshire Shops, LLC}",evidenceOfInsurance,Evidence of Insurance,excessOrUmbrellaLiability,Umbrella/Excess Liability,evidenceOfInsuranceExcessOrUmbrellaLiabilityAggregate,Aggregate,,matchOnce,must be greater or equal to,1000000,,non_compliant,Block Requirements,,,false,0,,2026-08-16
"Block Real Estate Services, LLC",69fdf74a62446148bd854b4f,69fded0f62446148bd848c0a,"AKKA Karate USA / BMS Fitnes Solutions, Inc. (AKKA Olathe Martial Arts)",69fdef653b208288e0a7a89f,"3rd654 - Devonshire Village Shops {Devonshire Shops, LLC}",evidenceOfInsurance,Evidence of Insurance,workersCompensation,Workers' Compensation and Employer's Liability,evidenceOfInsuranceWorkersCompensationStatutoryLimits,Statutory Limits,,matchOnce,must be present,,,non_compliant,Block Requirements,,,false,0,,2026-08-16
"Block Real Estate Services, LLC",69fdf74a62446148bd854b4f,69fded0f62446148bd848c0a,"AKKA Karate USA / BMS Fitnes Solutions, Inc. (AKKA Olathe Martial Arts)",69fdef653b208288e0a7a89f,"3rd654 - Devonshire Village Shops {Devonshire Shops, LLC}",evidenceOfInsurance,Evidence of Insurance,workersCompensation,Workers' Compensation and Employer's Liability,evidenceOfInsuranceWorkersCompensationEmployersLiabilityEachAccident,Employer's Liability Each Accident,,matchOnce,must be greater or equal to,500000,,non_compliant,Block Requirements,,,false,0,,2026-08-16
"Block Real Estate Services, LLC",69fdf74a62446148bd854b4f,69fded0f62446148bd848c0a,"AKKA Karate USA / BMS Fitnes Solutions, Inc. (AKKA Olathe Martial Arts)",69fdef653b208288e0a7a89f,"3rd654 - Devonshire Village Shops {Devonshire Shops, LLC}",evidenceOfInsurance,Evidence of Insurance,workersCompensation,Workers' Compensation and Employer's Liability,evidenceOfInsuranceWorkersCompensationEmployersLiabilityDiseaseEachEmployee,Employer's Liability Disease - each employee,,matchOnce,must be greater or equal to,500000,,non_compliant,Block Requirements,,,false,0,,2026-08-16
"Block Real Estate Services, LLC",69fdf74a62446148bd854b4f,69fded0f62446148bd848c0a,"AKKA Karate USA / BMS Fitnes Solutions, Inc. (AKKA Olathe Martial Arts)",69fdef653b208288e0a7a89f,"3rd654 - Devonshire Village Shops {Devonshire Shops, LLC}",evidenceOfInsurance,Evidence of Insurance,workersCompensation,Workers' Compensation and Employer's Liability,evidenceOfInsuranceWorkersCompensationEmployersLiabilityDiseasePolicyLimit,Employer's Liability Disease - policy limit,,matchOnce,must be greater or equal to,500000,,non_compliant,Block Requirements,,,false,0,,2026-08-16
"Block Real Estate Services, LLC",69fdf74a62446148bd854b4f,69fded0f62446148bd848c0a,"AKKA Karate USA / BMS Fitnes Solutions, Inc. (AKKA Olathe Martial Arts)",69fdef653b208288e0a7a89f,"3rd654 - Devonshire Village Shops {Devonshire Shops, LLC}",evidenceOfInsurance,Evidence of Insurance,workersCompensation,Workers' Compensation and Employer's Liability,evidenceOfInsuranceWorkersCompensationWaiverOfSubrogationEndorsement,Waiver of Subrogation,"---prompt---
Determine if the insurer has waived their right of subrogation in favor of the certificate holder under the Workers' Compensation policy. Evidence may include: a checked ""Waiver of Subrogation"" box on the certificate, mention in the Description of Operations section stating ""waiver of subrogation applies"", or reference to form WC 00 03 13. Look for language like ""subrogation is waived"" or ""per written contract"".",matchOnce,must be present,,,non_compliant,Block Requirements,,,false,0,,2026-08-16
"Block Real Estate Services, LLC",69fdf74a62446148bd854b4f,69fded0f62446148bd848c0a,"AKKA Karate USA / BMS Fitnes Solutions, Inc. (AKKA Olathe Martial Arts)",69fdef653b208288e0a7a89f,"3rd654 - Devonshire Village Shops {Devonshire Shops, LLC}",evidenceOfInsurance,Evidence of Insurance,6ac20aae-5728-5d57-b364-aeba38527dba,Additional Requirements,4da5b0f1-4c9d-5885-8cf8-5d3cccaed3e0,"Block Real Estate Services, LLC and all others required by contract are named as Additional Insureds","---prompt---
Determine if the Description of Operations or the Additional Remarks Schedule section states the ""Additional Insured as Construction Management, Inc. and all others required by contract"" or reference to blanket additional insured coverage. Look for language like ""certificate holder is additional insured"" or ""per written contract"".",matchOnce,must be present,,,non_compliant,Block Requirements,,,true,0,,2026-08-16
"Block Real Estate Services, LLC",69fdf74a62446148bd854b4f,69fded0f62446148bd848c0a,"AKKA Karate USA / BMS Fitnes Solutions, Inc. (AKKA Olathe Martial Arts)",69fdef653b208288e0a7a89f,"3rd654 - Devonshire Village Shops {Devonshire Shops, LLC}",evidenceOfInsurance,Evidence of Insurance,6ac20aae-5728-5d57-b364-aeba38527dba,Additional Requirements,e1017741-e47e-5f58-97b8-fbc3043e919f,Umbrella follows form over General Liability,"---prompt---
Determine if the Umbrella/Excess Liability policy follows form to the underlying policies. Evidence may include: language in the Description of Operations section stating the umbrella follows form to underlying coverages or an additional page endorsement stating that it follows form. Follow form means the umbrella policy adopts the same terms, conditions, and exclusions as the underlying policies.",matchOnce,must be present,,,non_compliant,Block Requirements,,,true,0,,2026-08-16
"Block Real Estate Services, LLC",69fdf74a62446148bd854b4f,69fded0f62446148bd848c0a,"AKKA Karate USA / BMS Fitnes Solutions, Inc. (AKKA Olathe Martial Arts)",69fdef653b208288e0a7a89f,"3rd654 - Devonshire Village Shops {Devonshire Shops, LLC}",evidenceOfInsurance,Evidence of Insurance,6ac20aae-5728-5d57-b364-aeba38527dba,Additional Requirements,2cdd866f-c9a4-576a-afd8-1d045762790c,"The location must be listed as: 12705 S Mur-Len Rd, Suite A2S/A5/A6, Olathe, KS, 66062",,matchOnce,must be present,,,non_compliant,Block Requirements,,,true,0,,2026-08-16
"Block Real Estate Services, LLC",69fdf74a62446148bd854b4f,69fded0f62446148bd848c0a,"AKKA Karate USA / BMS Fitnes Solutions, Inc. (AKKA Olathe Martial Arts)",69fdef653b208288e0a7a89f,"3rd654 - Devonshire Village Shops {Devonshire Shops, LLC}",evidenceOfInsurance,Evidence of Insurance,6ac20aae-5728-5d57-b364-aeba38527dba,Additional Requirements,3649e9d1-4e09-59bf-8f30-cb33c40cf117,"Certificate Holder must read: c/o Block Real Estate Services, LLC, 4622 Pennsylvania St., Suite 700, Kansas City, MO, 64112",,matchOnce,must be present,,,non_compliant,Block Requirements,,,true,0,,2026-08-16
"Block Real Estate Services, LLC",6a174875bf28cb6a86a6046c,69fded1f62446148bd849123,Safari Mart,69fdef653b208288e0a7a89f,"3rd654 - Devonshire Village Shops {Devonshire Shops, LLC}",evidenceOfInsurance,Evidence of Insurance,commercialGeneralLiability,Commercial General Liability,evidenceOfInsuranceCommercialGeneralLiabilityCoverageTriggerOccurrence,Coverage Trigger: Occurrence,,matchOnce,must be present,,,non_compliant,Block Requirements,,,false,0,,2026-08-16
"Block Real Estate Services, LLC",6a174875bf28cb6a86a6046c,69fded1f62446148bd849123,Safari Mart,69fdef653b208288e0a7a89f,"3rd654 - Devonshire Village Shops {Devonshire Shops, LLC}",evidenceOfInsurance,Evidence of Insurance,commercialGeneralLiability,Commercial General Liability,evidenceOfInsuranceCommercialGeneralLiabilityGeneralAggregateLimitAppliesPerLocation,General Aggregate Limit Applies per: Location,,matchOnce,must be present,,,non_compliant,Block Requirements,,,false,0,,2026-08-16
"Block Real Estate Services, LLC",6a174875bf28cb6a86a6046c,69fded1f62446148bd849123,Safari Mart,69fdef653b208288e0a7a89f,"3rd654 - Devonshire Village Shops {Devonshire Shops, LLC}",evidenceOfInsurance,Evidence of Insurance,commercialGeneralLiability,Commercial General Liability,evidenceOfInsuranceCommercialGeneralLiabilityEachOccurrence,Each Occurrence,,matchOnce,must be greater or equal to,1000000,,non_compliant,Block Requirements,,,false,0,,2026-08-16
"Block Real Estate Services, LLC",6a174875bf28cb6a86a6046c,69fded1f62446148bd849123,Safari Mart,69fdef653b208288e0a7a89f,"3rd654 - Devonshire Village Shops {Devonshire Shops, LLC}",evidenceOfInsurance,Evidence of Insurance,commercialGeneralLiability,Commercial General Liability,evidenceOfInsuranceCommercialGeneralLiabilityGeneralAggregate,General Aggregate,,matchOnce,must be greater or equal to,2000000,,non_compliant,Block Requirements,,,false,0,,2026-08-16
"Block Real Estate Services, LLC",6a174875bf28cb6a86a6046c,69fded1f62446148bd849123,Safari Mart,69fdef653b208288e0a7a89f,"3rd654 - Devonshire Village Shops {Devonshire Shops, LLC}",evidenceOfInsurance,Evidence of Insurance,commercialGeneralLiability,Commercial General Liability,evidenceOfInsuranceCommercialGeneralLiabilityWaiverOfSubrogationEndorsement,Waiver of Subrogation,"---prompt---
Determine if the insurer has waived their right of subrogation in favor of the certificate holder under the Commercial General Liability policy. Evidence may include: a checked ""Waiver of Subrogation"" box on the certificate, mention in the Description of Operations section stating ""waiver of subrogation applies"", or reference to form CG 24 04. Look for language like ""subrogation is waived"" or ""per written contract"".",matchOnce,must be present,,,non_compliant,Block Requirements,,,false,0,,2026-08-16
"Block Real Estate Services, LLC",6a174875bf28cb6a86a6046c,69fded1f62446148bd849123,Safari Mart,69fdef653b208288e0a7a89f,"3rd654 - Devonshire Village Shops {Devonshire Shops, LLC}",evidenceOfInsurance,Evidence of Insurance,excessOrUmbrellaLiability,Umbrella/Excess Liability,evidenceOfInsuranceExcessOrUmbrellaLiabilityOccurence,Coverage Trigger: Occurrence,,matchOnce,must be present,,,non_compliant,Block Requirements,,,false,0,,2026-08-16
"Block Real Estate Services, LLC",6a174875bf28cb6a86a6046c,69fded1f62446148bd849123,Safari Mart,69fdef653b208288e0a7a89f,"3rd654 - Devonshire Village Shops {Devonshire Shops, LLC}",evidenceOfInsurance,Evidence of Insurance,excessOrUmbrellaLiability,Umbrella/Excess Liability,evidenceOfInsuranceExcessOrUmbrellaLiabilityEachOccurrence,Each Occurrence,,matchOnce,must be greater or equal to,1000000,,non_compliant,Block Requirements,,,false,0,,2026-08-16
"Block Real Estate Services, LLC",6a174875bf28cb6a86a6046c,69fded1f62446148bd849123,Safari Mart,69fdef653b208288e0a7a89f,"3rd654 - Devonshire Village Shops {Devonshire Shops, LLC}",evidenceOfInsurance,Evidence of Insurance,excessOrUmbrellaLiability,Umbrella/Excess Liability,evidenceOfInsuranceExcessOrUmbrellaLiabilityAggregate,Aggregate,,matchOnce,must be greater or equal to,1000000,,non_compliant,Block Requirements,,,false,0,,2026-08-16
"Block Real Estate Services, LLC",6a174875bf28cb6a86a6046c,69fded1f62446148bd849123,Safari Mart,69fdef653b208288e0a7a89f,"3rd654 - Devonshire Village Shops {Devonshire Shops, LLC}",evidenceOfInsurance,Evidence of Insurance,workersCompensation,Workers' Compensation and Employer's Liability,evidenceOfInsuranceWorkersCompensationStatutoryLimits,Statutory Limits,,matchOnce,must be present,,,non_compliant,Block Requirements,,,false,0,,2026-08-16
"Block Real Estate Services, LLC",6a174875bf28cb6a86a6046c,69fded1f62446148bd849123,Safari Mart,69fdef653b208288e0a7a89f,"3rd654 - Devonshire Village Shops {Devonshire Shops, LLC}",evidenceOfInsurance,Evidence of Insurance,workersCompensation,Workers' Compensation and Employer's Liability,evidenceOfInsuranceWorkersCompensationEmployersLiabilityEachAccident,Employer's Liability Each Accident,,matchOnce,must be greater or equal to,500000,,non_compliant,Block Requirements,,,false,0,,2026-08-16
"Block Real Estate Services, LLC",6a174875bf28cb6a86a6046c,69fded1f62446148bd849123,Safari Mart,69fdef653b208288e0a7a89f,"3rd654 - Devonshire Village Shops {Devonshire Shops, LLC}",evidenceOfInsurance,Evidence of Insurance,workersCompensation,Workers' Compensation and Employer's Liability,evidenceOfInsuranceWorkersCompensationEmployersLiabilityDiseaseEachEmployee,Employer's Liability Disease - each employee,,matchOnce,must be greater or equal to,500000,,non_compliant,Block Requirements,,,false,0,,2026-08-16
"Block Real Estate Services, LLC",6a174875bf28cb6a86a6046c,69fded1f62446148bd849123,Safari Mart,69fdef653b208288e0a7a89f,"3rd654 - Devonshire Village Shops {Devonshire Shops, LLC}",evidenceOfInsurance,Evidence of Insurance,workersCompensation,Workers' Compensation and Employer's Liability,evidenceOfInsuranceWorkersCompensationEmployersLiabilityDiseasePolicyLimit,Employer's Liability Disease - policy limit,,matchOnce,must be greater or equal to,500000,,non_compliant,Block Requirements,,,false,0,,2026-08-16
"Block Real Estate Services, LLC",6a174875bf28cb6a86a6046c,69fded1f62446148bd849123,Safari Mart,69fdef653b208288e0a7a89f,"3rd654 - Devonshire Village Shops {Devonshire Shops, LLC}",evidenceOfInsurance,Evidence of Insurance,workersCompensation,Workers' Compensation and Employer's Liability,evidenceOfInsuranceWorkersCompensationWaiverOfSubrogationEndorsement,Waiver of Subrogation,"---prompt---
Determine if the insurer has waived their right of subrogation in favor of the certificate holder under the Workers' Compensation policy. Evidence may include: a checked ""Waiver of Subrogation"" box on the certificate, mention in the Description of Operations section stating ""waiver of subrogation applies"", or reference to form WC 00 03 13. Look for language like ""subrogation is waived"" or ""per written contract"".",matchOnce,must be present,,,non_compliant,Block Requirements,,,false,0,,2026-08-16
"Block Real Estate Services, LLC",6a174875bf28cb6a86a6046c,69fded1f62446148bd849123,Safari Mart,69fdef653b208288e0a7a89f,"3rd654 - Devonshire Village Shops {Devonshire Shops, LLC}",evidenceOfInsurance,Evidence of Insurance,6ac20aae-5728-5d57-b364-aeba38527dba,Additional Requirements,4da5b0f1-4c9d-5885-8cf8-5d3cccaed3e0,"Block Real Estate Services, LLC and all others required by contract are named as Additional Insureds","---prompt---
Determine if the Description of Operations or the Additional Remarks Schedule section states the ""Additional Insured as Construction Management, Inc. and all others required by contract"" or reference to blanket additional insured coverage. Look for language like ""certificate holder is additional insured"" or ""per written contract"".",matchOnce,must be present,,,non_compliant,Block Requirements,,,true,0,,2026-08-16
"Block Real Estate Services, LLC",6a174875bf28cb6a86a6046c,69fded1f62446148bd849123,Safari Mart,69fdef653b208288e0a7a89f,"3rd654 - Devonshire Village Shops {Devonshire Shops, LLC}",evidenceOfInsurance,Evidence of Insurance,6ac20aae-5728-5d57-b364-aeba38527dba,Additional Requirements,e1017741-e47e-5f58-97b8-fbc3043e919f,Umbrella follows form over General Liability,"---prompt---
Determine if the Umbrella/Excess Liability policy follows form to the underlying policies. Evidence may include: language in the Description of Operations section stating the umbrella follows form to underlying coverages or an additional page endorsement stating that it follows form. Follow form means the umbrella policy adopts the same terms, conditions, and exclusions as the underlying policies.",matchOnce,must be present,,,non_compliant,Block Requirements,,,true,0,,2026-08-16
"Block Real Estate Services, LLC",6a174875bf28cb6a86a6046c,69fded1f62446148bd849123,Safari Mart,69fdef653b208288e0a7a89f,"3rd654 - Devonshire Village Shops {Devonshire Shops, LLC}",evidenceOfInsurance,Evidence of Insurance,6ac20aae-5728-5d57-b364-aeba38527dba,Additional Requirements,2cdd866f-c9a4-576a-afd8-1d045762790c,"The location must be listed as: 12755 S Mur-Len Rd, Suite B11, Olathe, KS, 66062",,matchOnce,must be present,,,non_compliant,Block Requirements,,,true,0,,2026-08-16
"Block Real Estate Services, LLC",6a174875bf28cb6a86a6046c,69fded1f62446148bd849123,Safari Mart,69fdef653b208288e0a7a89f,"3rd654 - Devonshire Village Shops {Devonshire Shops, LLC}",evidenceOfInsurance,Evidence of Insurance,6ac20aae-5728-5d57-b364-aeba38527dba,Additional Requirements,3649e9d1-4e09-59bf-8f30-cb33c40cf117,"Certificate Holder must read: c/o Block Real Estate Services, LLC, 4622 Pennsylvania St., Suite 700, Kansas City, MO, 64112",,matchOnce,must be present,,,non_compliant,Block Requirements,,,true,0,,2026-08-16
"Block Real Estate Services, LLC",6a17493c6bce9a8c3c20a95c,69fded2062446148bd84914d,"SERC Physical Therapy / SERC Rehabilitation Partners, LLC",69fdef653b208288e0a7a89f,"3rd654 - Devonshire Village Shops {Devonshire Shops, LLC}",evidenceOfInsurance,Evidence of Insurance,commercialGeneralLiability,Commercial General Liability,evidenceOfInsuranceCommercialGeneralLiabilityCoverageTriggerOccurrence,Coverage Trigger: Occurrence,,matchOnce,must be present,,Present,compliant,Block Requirements,,,false,1,,2026-08-16
"Block Real Estate Services, LLC",6a17493c6bce9a8c3c20a95c,69fded2062446148bd84914d,"SERC Physical Therapy / SERC Rehabilitation Partners, LLC",69fdef653b208288e0a7a89f,"3rd654 - Devonshire Village Shops {Devonshire Shops, LLC}",evidenceOfInsurance,Evidence of Insurance,commercialGeneralLiability,Commercial General Liability,evidenceOfInsuranceCommercialGeneralLiabilityGeneralAggregateLimitAppliesPerLocation,General Aggregate Limit Applies per: Location,,matchOnce,must be present,,Present,compliant,Block Requirements,,,false,1,,2026-08-16
"Block Real Estate Services, LLC",6a17493c6bce9a8c3c20a95c,69fded2062446148bd84914d,"SERC Physical Therapy / SERC Rehabilitation Partners, LLC",69fdef653b208288e0a7a89f,"3rd654 - Devonshire Village Shops {Devonshire Shops, LLC}",evidenceOfInsurance,Evidence of Insurance,commercialGeneralLiability,Commercial General Liability,evidenceOfInsuranceCommercialGeneralLiabilityEachOccurrence,Each Occurrence,,matchOnce,must be greater or equal to,1000000,1000000,compliant,Block Requirements,,,false,1,,2026-08-16
"Block Real Estate Services, LLC",6a17493c6bce9a8c3c20a95c,69fded2062446148bd84914d,"SERC Physical Therapy / SERC Rehabilitation Partners, LLC",69fdef653b208288e0a7a89f,"3rd654 - Devonshire Village Shops {Devonshire Shops, LLC}",evidenceOfInsurance,Evidence of Insurance,commercialGeneralLiability,Commercial General Liability,evidenceOfInsuranceCommercialGeneralLiabilityGeneralAggregate,General Aggregate,,matchOnce,must be greater or equal to,2000000,5000000,compliant,Block Requirements,,,false,1,,2026-08-16
"Block Real Estate Services, LLC",6a17493c6bce9a8c3c20a95c,69fded2062446148bd84914d,"SERC Physical Therapy / SERC Rehabilitation Partners, LLC",69fdef653b208288e0a7a89f,"3rd654 - Devonshire Village Shops {Devonshire Shops, LLC}",evidenceOfInsurance,Evidence of Insurance,commercialGeneralLiability,Commercial General Liability,evidenceOfInsuranceCommercialGeneralLiabilityWaiverOfSubrogationEndorsement,Waiver of Subrogation,"---prompt---
Determine if the insurer has waived their right of subrogation in favor of the certificate holder under the Commercial General Liability policy. Evidence may include: a checked ""Waiver of Subrogation"" box on the certificate, mention in the Description of Operations section stating ""waiver of subrogation applies"", or reference to form CG 24 04. Look for language like ""subrogation is waived"" or ""per written contract"".",matchOnce,must be present,,Present,compliant,Block Requirements,,,false,1,,2026-08-16
"Block Real Estate Services, LLC",6a17493c6bce9a8c3c20a95c,69fded2062446148bd84914d,"SERC Physical Therapy / SERC Rehabilitation Partners, LLC",69fdef653b208288e0a7a89f,"3rd654 - Devonshire Village Shops {Devonshire Shops, LLC}",evidenceOfInsurance,Evidence of Insurance,excessOrUmbrellaLiability,Umbrella/Excess Liability,evidenceOfInsuranceExcessOrUmbrellaLiabilityOccurence,Coverage Trigger: Occurrence,,matchOnce,must be present,,Present,compliant,Block Requirements,,,false,1,,2026-08-16
"Block Real Estate Services, LLC",6a17493c6bce9a8c3c20a95c,69fded2062446148bd84914d,"SERC Physical Therapy / SERC Rehabilitation Partners, LLC",69fdef653b208288e0a7a89f,"3rd654 - Devonshire Village Shops {Devonshire Shops, LLC}",evidenceOfInsurance,Evidence of Insurance,excessOrUmbrellaLiability,Umbrella/Excess Liability,evidenceOfInsuranceExcessOrUmbrellaLiabilityEachOccurrence,Each Occurrence,,matchOnce,must be greater or equal to,1000000,5000000,compliant,Block Requirements,,,false,1,,2026-08-16
"Block Real Estate Services, LLC",6a17493c6bce9a8c3c20a95c,69fded2062446148bd84914d,"SERC Physical Therapy / SERC Rehabilitation Partners, LLC",69fdef653b208288e0a7a89f,"3rd654 - Devonshire Village Shops {Devonshire Shops, LLC}",evidenceOfInsurance,Evidence of Insurance,excessOrUmbrellaLiability,Umbrella/Excess Liability,evidenceOfInsuranceExcessOrUmbrellaLiabilityAggregate,Aggregate,,matchOnce,must be greater or equal to,1000000,5000000,compliant,Block Requirements,,,false,1,,2026-08-16
"Block Real Estate Services, LLC",6a17493c6bce9a8c3c20a95c,69fded2062446148bd84914d,"SERC Physical Therapy / SERC Rehabilitation Partners, LLC",69fdef653b208288e0a7a89f,"3rd654 - Devonshire Village Shops {Devonshire Shops, LLC}",evidenceOfInsurance,Evidence of Insurance,workersCompensation,Workers' Compensation and Employer's Liability,evidenceOfInsuranceWorkersCompensationStatutoryLimits,Statutory Limits,,matchOnce,must be present,,Present,compliant,Block Requirements,,,false,1,,2026-08-16
"Block Real Estate Services, LLC",6a17493c6bce9a8c3c20a95c,69fded2062446148bd84914d,"SERC Physical Therapy / SERC Rehabilitation Partners, LLC",69fdef653b208288e0a7a89f,"3rd654 - Devonshire Village Shops {Devonshire Shops, LLC}",evidenceOfInsurance,Evidence of Insurance,workersCompensation,Workers' Compensation and Employer's Liability,evidenceOfInsuranceWorkersCompensationEmployersLiabilityEachAccident,Employer's Liability Each Accident,,matchOnce,must be greater or equal to,500000,1000000,compliant,Block Requirements,,,false,1,,2026-08-16
"Block Real Estate Services, LLC",6a17493c6bce9a8c3c20a95c,69fded2062446148bd84914d,"SERC Physical Therapy / SERC Rehabilitation Partners, LLC",69fdef653b208288e0a7a89f,"3rd654 - Devonshire Village Shops {Devonshire Shops, LLC}",evidenceOfInsurance,Evidence of Insurance,workersCompensation,Workers' Compensation and Employer's Liability,evidenceOfInsuranceWorkersCompensationEmployersLiabilityDiseaseEachEmployee,Employer's Liability Disease - each employee,,matchOnce,must be greater or equal to,500000,1000000,compliant,Block Requirements,,,false,1,,2026-08-16
"Block Real Estate Services, LLC",6a17493c6bce9a8c3c20a95c,69fded2062446148bd84914d,"SERC Physical Therapy / SERC Rehabilitation Partners, LLC",69fdef653b208288e0a7a89f,"3rd654 - Devonshire Village Shops {Devonshire Shops, LLC}",evidenceOfInsurance,Evidence of Insurance,workersCompensation,Workers' Compensation and Employer's Liability,evidenceOfInsuranceWorkersCompensationEmployersLiabilityDiseasePolicyLimit,Employer's Liability Disease - policy limit,,matchOnce,must be greater or equal to,500000,1000000,compliant,Block Requirements,,,false,1,,2026-08-16
"Block Real Estate Services, LLC",6a17493c6bce9a8c3c20a95c,69fded2062446148bd84914d,"SERC Physical Therapy / SERC Rehabilitation Partners, LLC",69fdef653b208288e0a7a89f,"3rd654 - Devonshire Village Shops {Devonshire Shops, LLC}",evidenceOfInsurance,Evidence of Insurance,workersCompensation,Workers' Compensation and Employer's Liability,evidenceOfInsuranceWorkersCompensationWaiverOfSubrogationEndorsement,Waiver of Subrogation,"---prompt---
Determine if the insurer has waived their right of subrogation in favor of the certificate holder under the Workers' Compensation policy. Evidence may include: a checked ""Waiver of Subrogation"" box on the certificate, mention in the Description of Operations section stating ""waiver of subrogation applies"", or reference to form WC 00 03 13. Look for language like ""subrogation is waived"" or ""per written contract"".",matchOnce,must be present,,Present,compliant,Block Requirements,,,false,1,,2026-08-16
"Block Real Estate Services, LLC",6a17493c6bce9a8c3c20a95c,69fded2062446148bd84914d,"SERC Physical Therapy / SERC Rehabilitation Partners, LLC",69fdef653b208288e0a7a89f,"3rd654 - Devonshire Village Shops {Devonshire Shops, LLC}",evidenceOfInsurance,Evidence of Insurance,6ac20aae-5728-5d57-b364-aeba38527dba,Additional Requirements,4da5b0f1-4c9d-5885-8cf8-5d3cccaed3e0,"Block Real Estate Services, LLC and all others required by contract are named as Additional Insureds","---prompt---
Determine if the Description of Operations or the Additional Remarks Schedule section states the ""Additional Insured as Construction Management, Inc. and all others required by contract"" or reference to blanket additional insured coverage. Look for language like ""certificate holder is additional insured"" or ""per written contract"".",matchOnce,must be present,,Present,compliant,Block Requirements,,,true,1,,2026-08-16
"Block Real Estate Services, LLC",6a17493c6bce9a8c3c20a95c,69fded2062446148bd84914d,"SERC Physical Therapy / SERC Rehabilitation Partners, LLC",69fdef653b208288e0a7a89f,"3rd654 - Devonshire Village Shops {Devonshire Shops, LLC}",evidenceOfInsurance,Evidence of Insurance,6ac20aae-5728-5d57-b364-aeba38527dba,Additional Requirements,e1017741-e47e-5f58-97b8-fbc3043e919f,Umbrella follows form over General Liability,"---prompt---
Determine if the Umbrella/Excess Liability policy follows form to the underlying policies. Evidence may include: language in the Description of Operations section stating the umbrella follows form to underlying coverages or an additional page endorsement stating that it follows form. Follow form means the umbrella policy adopts the same terms, conditions, and exclusions as the underlying policies.",matchOnce,must be present,,Present,compliant,Block Requirements,,,true,1,,2026-08-16
"Block Real Estate Services, LLC",6a17493c6bce9a8c3c20a95c,69fded2062446148bd84914d,"SERC Physical Therapy / SERC Rehabilitation Partners, LLC",69fdef653b208288e0a7a89f,"3rd654 - Devonshire Village Shops {Devonshire Shops, LLC}",evidenceOfInsurance,Evidence of Insurance,6ac20aae-5728-5d57-b364-aeba38527dba,Additional Requirements,2cdd866f-c9a4-576a-afd8-1d045762790c,"The location must be listed as: 12755 S Mur-Len Rd, Suite B1, Olathe, KS, 66062",,matchOnce,must be present,,Present,compliant,Block Requirements,,,true,1,,2026-08-16
"Block Real Estate Services, LLC",6a17493c6bce9a8c3c20a95c,69fded2062446148bd84914d,"SERC Physical Therapy / SERC Rehabilitation Partners, LLC",69fdef653b208288e0a7a89f,"3rd654 - Devonshire Village Shops {Devonshire Shops, LLC}",evidenceOfInsurance,Evidence of Insurance,6ac20aae-5728-5d57-b364-aeba38527dba,Additional Requirements,3649e9d1-4e09-59bf-8f30-cb33c40cf117,"Certificate Holder must read: c/o Block Real Estate Services, LLC, 4622 Pennsylvania St., Suite 700, Kansas City, MO, 64112",,matchOnce,must be present,,Present,compliant,Block Requirements,,,true,1,,2026-08-16
"Block Real Estate Services, LLC",6a174c1bbf28cb6a86a73529,69fded1862446148bd848eb9,JP Morgan Chase Bank,69fdef653b208288e0a7a89f,"3rd654 - Devonshire Village Shops {Devonshire Shops, LLC}",evidenceOfInsurance,Evidence of Insurance,commercialGeneralLiability,Commercial General Liability,evidenceOfInsuranceCommercialGeneralLiabilityCoverageTriggerOccurrence,Coverage Trigger: Occurrence,,matchOnce,must be present,,,non_compliant,Block Requirements,,,false,0,,2026-08-16
"Block Real Estate Services, LLC",6a174c1bbf28cb6a86a73529,69fded1862446148bd848eb9,JP Morgan Chase Bank,69fdef653b208288e0a7a89f,"3rd654 - Devonshire Village Shops {Devonshire Shops, LLC}",evidenceOfInsurance,Evidence of Insurance,commercialGeneralLiability,Commercial General Liability,evidenceOfInsuranceCommercialGeneralLiabilityGeneralAggregateLimitAppliesPerLocation,General Aggregate Limit Applies per: Location,,matchOnce,must be present,,,non_compliant,Block Requirements,,,false,0,,2026-08-16
"Block Real Estate Services, LLC",6a174c1bbf28cb6a86a73529,69fded1862446148bd848eb9,JP Morgan Chase Bank,69fdef653b208288e0a7a89f,"3rd654 - Devonshire Village Shops {Devonshire Shops, LLC}",evidenceOfInsurance,Evidence of Insurance,commercialGeneralLiability,Commercial General Liability,evidenceOfInsuranceCommercialGeneralLiabilityEachOccurrence,Each Occurrence,,matchOnce,must be greater or equal to,1000000,,non_compliant,Block Requirements,,,false,0,,2026-08-16
"Block Real Estate Services, LLC",6a174c1bbf28cb6a86a73529,69fded1862446148bd848eb9,JP Morgan Chase Bank,69fdef653b208288e0a7a89f,"3rd654 - Devonshire Village Shops {Devonshire Shops, LLC}",evidenceOfInsurance,Evidence of Insurance,commercialGeneralLiability,Commercial General Liability,evidenceOfInsuranceCommercialGeneralLiabilityGeneralAggregate,General Aggregate,,matchOnce,must be greater or equal to,2000000,,non_compliant,Block Requirements,,,false,0,,2026-08-16
"Block Real Estate Services, LLC",6a174c1bbf28cb6a86a73529,69fded1862446148bd848eb9,JP Morgan Chase Bank,69fdef653b208288e0a7a89f,"3rd654 - Devonshire Village Shops {Devonshire Shops, LLC}",evidenceOfInsurance,Evidence of Insurance,commercialGeneralLiability,Commercial General Liability,evidenceOfInsuranceCommercialGeneralLiabilityWaiverOfSubrogationEndorsement,Waiver of Subrogation,"---prompt---
Determine if the insurer has waived their right of subrogation in favor of the certificate holder under the Commercial General Liability policy. Evidence may include: a checked ""Waiver of Subrogation"" box on the certificate, mention in the Description of Operations section stating ""waiver of subrogation applies"", or reference to form CG 24 04. Look for language like ""subrogation is waived"" or ""per written contract"".",matchOnce,must be present,,,non_compliant,Block Requirements,,,false,0,,2026-08-16
"Block Real Estate Services, LLC",6a174c1bbf28cb6a86a73529,69fded1862446148bd848eb9,JP Morgan Chase Bank,69fdef653b208288e0a7a89f,"3rd654 - Devonshire Village Shops {Devonshire Shops, LLC}",evidenceOfInsurance,Evidence of Insurance,excessOrUmbrellaLiability,Umbrella/Excess Liability,evidenceOfInsuranceExcessOrUmbrellaLiabilityOccurence,Coverage Trigger: Occurrence,,matchOnce,must be present,,,non_compliant,Block Requirements,,,false,0,,2026-08-16
"Block Real Estate Services, LLC",6a174c1bbf28cb6a86a73529,69fded1862446148bd848eb9,JP Morgan Chase Bank,69fdef653b208288e0a7a89f,"3rd654 - Devonshire Village Shops {Devonshire Shops, LLC}",evidenceOfInsurance,Evidence of Insurance,excessOrUmbrellaLiability,Umbrella/Excess Liability,evidenceOfInsuranceExcessOrUmbrellaLiabilityEachOccurrence,Each Occurrence,,matchOnce,must be greater or equal to,1000000,,non_compliant,Block Requirements,,,false,0,,2026-08-16
"Block Real Estate Services, LLC",6a174c1bbf28cb6a86a73529,69fded1862446148bd848eb9,JP Morgan Chase Bank,69fdef653b208288e0a7a89f,"3rd654 - Devonshire Village Shops {Devonshire Shops, LLC}",evidenceOfInsurance,Evidence of Insurance,excessOrUmbrellaLiability,Umbrella/Excess Liability,evidenceOfInsuranceExcessOrUmbrellaLiabilityAggregate,Aggregate,,matchOnce,must be greater or equal to,1000000,,non_compliant,Block Requirements,,,false,0,,2026-08-16
"Block Real Estate Services, LLC",6a174c1bbf28cb6a86a73529,69fded1862446148bd848eb9,JP Morgan Chase Bank,69fdef653b208288e0a7a89f,"3rd654 - Devonshire Village Shops {Devonshire Shops, LLC}",evidenceOfInsurance,Evidence of Insurance,workersCompensation,Workers' Compensation and Employer's Liability,evidenceOfInsuranceWorkersCompensationStatutoryLimits,Statutory Limits,,matchOnce,must be present,,,non_compliant,Block Requirements,,,false,0,,2026-08-16
"Block Real Estate Services, LLC",6a174c1bbf28cb6a86a73529,69fded1862446148bd848eb9,JP Morgan Chase Bank,69fdef653b208288e0a7a89f,"3rd654 - Devonshire Village Shops {Devonshire Shops, LLC}",evidenceOfInsurance,Evidence of Insurance,workersCompensation,Workers' Compensation and Employer's Liability,evidenceOfInsuranceWorkersCompensationEmployersLiabilityEachAccident,Employer's Liability Each Accident,,matchOnce,must be greater or equal to,500000,,non_compliant,Block Requirements,,,false,0,,2026-08-16
"Block Real Estate Services, LLC",6a174c1bbf28cb6a86a73529,69fded1862446148bd848eb9,JP Morgan Chase Bank,69fdef653b208288e0a7a89f,"3rd654 - Devonshire Village Shops {Devonshire Shops, LLC}",evidenceOfInsurance,Evidence of Insurance,workersCompensation,Workers' Compensation and Employer's Liability,evidenceOfInsuranceWorkersCompensationEmployersLiabilityDiseaseEachEmployee,Employer's Liability Disease - each employee,,matchOnce,must be greater or equal to,500000,,non_compliant,Block Requirements,,,false,0,,2026-08-16
"Block Real Estate Services, LLC",6a174c1bbf28cb6a86a73529,69fded1862446148bd848eb9,JP Morgan Chase Bank,69fdef653b208288e0a7a89f,"3rd654 - Devonshire Village Shops {Devonshire Shops, LLC}",evidenceOfInsurance,Evidence of Insurance,workersCompensation,Workers' Compensation and Employer's Liability,evidenceOfInsuranceWorkersCompensationEmployersLiabilityDiseasePolicyLimit,Employer's Liability Disease - policy limit,,matchOnce,must be greater or equal to,500000,,non_compliant,Block Requirements,,,false,0,,2026-08-16
"Block Real Estate Services, LLC",6a174c1bbf28cb6a86a73529,69fded1862446148bd848eb9,JP Morgan Chase Bank,69fdef653b208288e0a7a89f,"3rd654 - Devonshire Village Shops {Devonshire Shops, LLC}",evidenceOfInsurance,Evidence of Insurance,workersCompensation,Workers' Compensation and Employer's Liability,evidenceOfInsuranceWorkersCompensationWaiverOfSubrogationEndorsement,Waiver of Subrogation,"---prompt---
Determine if the insurer has waived their right of subrogation in favor of the certificate holder under the Workers' Compensation policy. Evidence may include: a checked ""Waiver of Subrogation"" box on the certificate, mention in the Description of Operations section stating ""waiver of subrogation applies"", or reference to form WC 00 03 13. Look for language like ""subrogation is waived"" or ""per written contract"".",matchOnce,must be present,,,non_compliant,Block Requirements,,,false,0,,2026-08-16
"Block Real Estate Services, LLC",6a174c1bbf28cb6a86a73529,69fded1862446148bd848eb9,JP Morgan Chase Bank,69fdef653b208288e0a7a89f,"3rd654 - Devonshire Village Shops {Devonshire Shops, LLC}",evidenceOfInsurance,Evidence of Insurance,6ac20aae-5728-5d57-b364-aeba38527dba,Additional Requirements,4da5b0f1-4c9d-5885-8cf8-5d3cccaed3e0,"Block Real Estate Services, LLC and all others required by contract are named as Additional Insureds","---prompt---
Determine if the Description of Operations or the Additional Remarks Schedule section states the ""Additional Insured as Construction Management, Inc. and all others required by contract"" or reference to blanket additional insured coverage. Look for language like ""certificate holder is additional insured"" or ""per written contract"".",matchOnce,must be present,,,non_compliant,Block Requirements,,,true,0,,2026-08-16
"Block Real Estate Services, LLC",6a174c1bbf28cb6a86a73529,69fded1862446148bd848eb9,JP Morgan Chase Bank,69fdef653b208288e0a7a89f,"3rd654 - Devonshire Village Shops {Devonshire Shops, LLC}",evidenceOfInsurance,Evidence of Insurance,6ac20aae-5728-5d57-b364-aeba38527dba,Additional Requirements,e1017741-e47e-5f58-97b8-fbc3043e919f,Umbrella follows form over General Liability,"---prompt---
Determine if the Umbrella/Excess Liability policy follows form to the underlying policies. Evidence may include: language in the Description of Operations section stating the umbrella follows form to underlying coverages or an additional page endorsement stating that it follows form. Follow form means the umbrella policy adopts the same terms, conditions, and exclusions as the underlying policies.",matchOnce,must be present,,,non_compliant,Block Requirements,,,true,0,,2026-08-16
"Block Real Estate Services, LLC",6a174c1bbf28cb6a86a73529,69fded1862446148bd848eb9,JP Morgan Chase Bank,69fdef653b208288e0a7a89f,"3rd654 - Devonshire Village Shops {Devonshire Shops, LLC}",evidenceOfInsurance,Evidence of Insurance,6ac20aae-5728-5d57-b364-aeba38527dba,Additional Requirements,2cdd866f-c9a4-576a-afd8-1d045762790c,"The location must be listed as: 12703 S Mur-Len Rd, ATM, Olathe, KS, 66062",,matchOnce,must be present,,,non_compliant,Block Requirements,,,true,0,,2026-08-16
"Block Real Estate Services, LLC",6a174c1bbf28cb6a86a73529,69fded1862446148bd848eb9,JP Morgan Chase Bank,69fdef653b208288e0a7a89f,"3rd654 - Devonshire Village Shops {Devonshire Shops, LLC}",evidenceOfInsurance,Evidence of Insurance,6ac20aae-5728-5d57-b364-aeba38527dba,Additional Requirements,3649e9d1-4e09-59bf-8f30-cb33c40cf117,"Certificate Holder must read: c/o Block Real Estate Services, LLC, 4622 Pennsylvania St., Suite 700, Kansas City, MO, 64112",,matchOnce,must be present,,,non_compliant,Block Requirements,,,true,0,,2026-08-16
"Block Real Estate Services, LLC",6a174c6c24dcd300522256cb,6a174c521814afc0f550857c,"Money N Minutes / Z & H Holding, LLC",69fdef653b208288e0a7a89f,"3rd654 - Devonshire Village Shops {Devonshire Shops, LLC}",evidenceOfInsurance,Evidence of Insurance,commercialGeneralLiability,Commercial General Liability,evidenceOfInsuranceCommercialGeneralLiabilityCoverageTriggerOccurrence,Coverage Trigger: Occurrence,,matchOnce,must be present,,,non_compliant,Block Requirements,,,false,0,,2026-08-16
"Block Real Estate Services, LLC",6a174c6c24dcd300522256cb,6a174c521814afc0f550857c,"Money N Minutes / Z & H Holding, LLC",69fdef653b208288e0a7a89f,"3rd654 - Devonshire Village Shops {Devonshire Shops, LLC}",evidenceOfInsurance,Evidence of Insurance,commercialGeneralLiability,Commercial General Liability,evidenceOfInsuranceCommercialGeneralLiabilityGeneralAggregateLimitAppliesPerLocation,General Aggregate Limit Applies per: Location,,matchOnce,must be present,,,non_compliant,Block Requirements,,,false,0,,2026-08-16
"Block Real Estate Services, LLC",6a174c6c24dcd300522256cb,6a174c521814afc0f550857c,"Money N Minutes / Z & H Holding, LLC",69fdef653b208288e0a7a89f,"3rd654 - Devonshire Village Shops {Devonshire Shops, LLC}",evidenceOfInsurance,Evidence of Insurance,commercialGeneralLiability,Commercial General Liability,evidenceOfInsuranceCommercialGeneralLiabilityEachOccurrence,Each Occurrence,,matchOnce,must be greater or equal to,1000000,,non_compliant,Block Requirements,,,false,0,,2026-08-16
"Block Real Estate Services, LLC",6a174c6c24dcd300522256cb,6a174c521814afc0f550857c,"Money N Minutes / Z & H Holding, LLC",69fdef653b208288e0a7a89f,"3rd654 - Devonshire Village Shops {Devonshire Shops, LLC}",evidenceOfInsurance,Evidence of Insurance,commercialGeneralLiability,Commercial General Liability,evidenceOfInsuranceCommercialGeneralLiabilityGeneralAggregate,General Aggregate,,matchOnce,must be greater or equal to,2000000,,non_compliant,Block Requirements,,,false,0,,2026-08-16
"Block Real Estate Services, LLC",6a174c6c24dcd300522256cb,6a174c521814afc0f550857c,"Money N Minutes / Z & H Holding, LLC",69fdef653b208288e0a7a89f,"3rd654 - Devonshire Village Shops {Devonshire Shops, LLC}",evidenceOfInsurance,Evidence of Insurance,commercialGeneralLiability,Commercial General Liability,evidenceOfInsuranceCommercialGeneralLiabilityWaiverOfSubrogationEndorsement,Waiver of Subrogation,"---prompt---
Determine if the insurer has waived their right of subrogation in favor of the certificate holder under the Commercial General Liability policy. Evidence may include: a checked ""Waiver of Subrogation"" box on the certificate, mention in the Description of Operations section stating ""waiver of subrogation applies"", or reference to form CG 24 04. Look for language like ""subrogation is waived"" or ""per written contract"".",matchOnce,must be present,,,non_compliant,Block Requirements,,,false,0,,2026-08-16
"Block Real Estate Services, LLC",6a174c6c24dcd300522256cb,6a174c521814afc0f550857c,"Money N Minutes / Z & H Holding, LLC",69fdef653b208288e0a7a89f,"3rd654 - Devonshire Village Shops {Devonshire Shops, LLC}",evidenceOfInsurance,Evidence of Insurance,excessOrUmbrellaLiability,Umbrella/Excess Liability,evidenceOfInsuranceExcessOrUmbrellaLiabilityOccurence,Coverage Trigger: Occurrence,,matchOnce,must be present,,,non_compliant,Block Requirements,,,false,0,,2026-08-16
"Block Real Estate Services, LLC",6a174c6c24dcd300522256cb,6a174c521814afc0f550857c,"Money N Minutes / Z & H Holding, LLC",69fdef653b208288e0a7a89f,"3rd654 - Devonshire Village Shops {Devonshire Shops, LLC}",evidenceOfInsurance,Evidence of Insurance,excessOrUmbrellaLiability,Umbrella/Excess Liability,evidenceOfInsuranceExcessOrUmbrellaLiabilityEachOccurrence,Each Occurrence,,matchOnce,must be greater or equal to,1000000,,non_compliant,Block Requirements,,,false,0,,2026-08-16
"Block Real Estate Services, LLC",6a174c6c24dcd300522256cb,6a174c521814afc0f550857c,"Money N Minutes / Z & H Holding, LLC",69fdef653b208288e0a7a89f,"3rd654 - Devonshire Village Shops {Devonshire Shops, LLC}",evidenceOfInsurance,Evidence of Insurance,excessOrUmbrellaLiability,Umbrella/Excess Liability,evidenceOfInsuranceExcessOrUmbrellaLiabilityAggregate,Aggregate,,matchOnce,must be greater or equal to,1000000,,non_compliant,Block Requirements,,,false,0,,2026-08-16
"Block Real Estate Services, LLC",6a174c6c24dcd300522256cb,6a174c521814afc0f550857c,"Money N Minutes / Z & H Holding, LLC",69fdef653b208288e0a7a89f,"3rd654 - Devonshire Village Shops {Devonshire Shops, LLC}",evidenceOfInsurance,Evidence of Insurance,workersCompensation,Workers' Compensation and Employer's Liability,evidenceOfInsuranceWorkersCompensationStatutoryLimits,Statutory Limits,,matchOnce,must be present,,,non_compliant,Block Requirements,,,false,0,,2026-08-16
"Block Real Estate Services, LLC",6a174c6c24dcd300522256cb,6a174c521814afc0f550857c,"Money N Minutes / Z & H Holding, LLC",69fdef653b208288e0a7a89f,"3rd654 - Devonshire Village Shops {Devonshire Shops, LLC}",evidenceOfInsurance,Evidence of Insurance,workersCompensation,Workers' Compensation and Employer's Liability,evidenceOfInsuranceWorkersCompensationEmployersLiabilityEachAccident,Employer's Liability Each Accident,,matchOnce,must be greater or equal to,500000,,non_compliant,Block Requirements,,,false,0,,2026-08-16
"Block Real Estate Services, LLC",6a174c6c24dcd300522256cb,6a174c521814afc0f550857c,"Money N Minutes / Z & H Holding, LLC",69fdef653b208288e0a7a89f,"3rd654 - Devonshire Village Shops {Devonshire Shops, LLC}",evidenceOfInsurance,Evidence of Insurance,workersCompensation,Workers' Compensation and Employer's Liability,evidenceOfInsuranceWorkersCompensationEmployersLiabilityDiseaseEachEmployee,Employer's Liability Disease - each employee,,matchOnce,must be greater or equal to,500000,,non_compliant,Block Requirements,,,false,0,,2026-08-16
"Block Real Estate Services, LLC",6a174c6c24dcd300522256cb,6a174c521814afc0f550857c,"Money N Minutes / Z & H Holding, LLC",69fdef653b208288e0a7a89f,"3rd654 - Devonshire Village Shops {Devonshire Shops, LLC}",evidenceOfInsurance,Evidence of Insurance,workersCompensation,Workers' Compensation and Employer's Liability,evidenceOfInsuranceWorkersCompensationEmployersLiabilityDiseasePolicyLimit,Employer's Liability Disease - policy limit,,matchOnce,must be greater or equal to,500000,,non_compliant,Block Requirements,,,false,0,,2026-08-16
"Block Real Estate Services, LLC",6a174c6c24dcd300522256cb,6a174c521814afc0f550857c,"Money N Minutes / Z & H Holding, LLC",69fdef653b208288e0a7a89f,"3rd654 - Devonshire Village Shops {Devonshire Shops, LLC}",evidenceOfInsurance,Evidence of Insurance,workersCompensation,Workers' Compensation and Employer's Liability,evidenceOfInsuranceWorkersCompensationWaiverOfSubrogationEndorsement,Waiver of Subrogation,"---prompt---
Determine if the insurer has waived their right of subrogation in favor of the certificate holder under the Workers' Compensation policy. Evidence may include: a checked ""Waiver of Subrogation"" box on the certificate, mention in the Description of Operations section stating ""waiver of subrogation applies"", or reference to form WC 00 03 13. Look for language like ""subrogation is waived"" or ""per written contract"".",matchOnce,must be present,,,non_compliant,Block Requirements,,,false,0,,2026-08-16
"Block Real Estate Services, LLC",6a174c6c24dcd300522256cb,6a174c521814afc0f550857c,"Money N Minutes / Z & H Holding, LLC",69fdef653b208288e0a7a89f,"3rd654 - Devonshire Village Shops {Devonshire Shops, LLC}",evidenceOfInsurance,Evidence of Insurance,6ac20aae-5728-5d57-b364-aeba38527dba,Additional Requirements,4da5b0f1-4c9d-5885-8cf8-5d3cccaed3e0,"Block Real Estate Services, LLC and all others required by contract are named as Additional Insureds","---prompt---
Determine if the Description of Operations or the Additional Remarks Schedule section states the ""Additional Insured as Construction Management, Inc. and all others required by contract"" or reference to blanket additional insured coverage. Look for language like ""certificate holder is additional insured"" or ""per written contract"".",matchOnce,must be present,,,non_compliant,Block Requirements,,,true,0,,2026-08-16
"Block Real Estate Services, LLC",6a174c6c24dcd300522256cb,6a174c521814afc0f550857c,"Money N Minutes / Z & H Holding, LLC",69fdef653b208288e0a7a89f,"3rd654 - Devonshire Village Shops {Devonshire Shops, LLC}",evidenceOfInsurance,Evidence of Insurance,6ac20aae-5728-5d57-b364-aeba38527dba,Additional Requirements,e1017741-e47e-5f58-97b8-fbc3043e919f,Umbrella follows form over General Liability,"---prompt---
Determine if the Umbrella/Excess Liability policy follows form to the underlying policies. Evidence may include: language in the Description of Operations section stating the umbrella follows form to underlying coverages or an additional page endorsement stating that it follows form. Follow form means the umbrella policy adopts the same terms, conditions, and exclusions as the underlying policies.",matchOnce,must be present,,,non_compliant,Block Requirements,,,true,0,,2026-08-16
"Block Real Estate Services, LLC",6a174c6c24dcd300522256cb,6a174c521814afc0f550857c,"Money N Minutes / Z & H Holding, LLC",69fdef653b208288e0a7a89f,"3rd654 - Devonshire Village Shops {Devonshire Shops, LLC}",evidenceOfInsurance,Evidence of Insurance,6ac20aae-5728-5d57-b364-aeba38527dba,Additional Requirements,2cdd866f-c9a4-576a-afd8-1d045762790c,"The location must be listed as: 12705 S Mur-Len Rd, Suite A3, Olathe, KS, 66062",,matchOnce,must be present,,,non_compliant,Block Requirements,,,true,0,,2026-08-16
"Block Real Estate Services, LLC",6a174c6c24dcd300522256cb,6a174c521814afc0f550857c,"Money N Minutes / Z & H Holding, LLC",69fdef653b208288e0a7a89f,"3rd654 - Devonshire Village Shops {Devonshire Shops, LLC}",evidenceOfInsurance,Evidence of Insurance,6ac20aae-5728-5d57-b364-aeba38527dba,Additional Requirements,3649e9d1-4e09-59bf-8f30-cb33c40cf117,"Certificate Holder must read: c/o Block Real Estate Services, LLC, 4622 Pennsylvania St., Suite 700, Kansas City, MO, 64112",,matchOnce,must be present,,,non_compliant,Block Requirements,,,true,0,,2026-08-16
"Block Real Estate Services, LLC",6a174c75bf28cb6a86a73720,6a174c5f68ca7e99894e866e,"Party Time Liquor / LEXMI, LLC",69fdef653b208288e0a7a89f,"3rd654 - Devonshire Village Shops {Devonshire Shops, LLC}",evidenceOfInsurance,Evidence of Insurance,commercialGeneralLiability,Commercial General Liability,evidenceOfInsuranceCommercialGeneralLiabilityCoverageTriggerOccurrence,Coverage Trigger: Occurrence,,matchOnce,must be present,,Present,compliant,Block Requirements,,,false,2,,2026-08-16
"Block Real Estate Services, LLC",6a174c75bf28cb6a86a73720,6a174c5f68ca7e99894e866e,"Party Time Liquor / LEXMI, LLC",69fdef653b208288e0a7a89f,"3rd654 - Devonshire Village Shops {Devonshire Shops, LLC}",evidenceOfInsurance,Evidence of Insurance,commercialGeneralLiability,Commercial General Liability,evidenceOfInsuranceCommercialGeneralLiabilityGeneralAggregateLimitAppliesPerLocation,General Aggregate Limit Applies per: Location,,matchOnce,must be present,,Present,compliant,Block Requirements,,,false,2,,2026-08-16
"Block Real Estate Services, LLC",6a174c75bf28cb6a86a73720,6a174c5f68ca7e99894e866e,"Party Time Liquor / LEXMI, LLC",69fdef653b208288e0a7a89f,"3rd654 - Devonshire Village Shops {Devonshire Shops, LLC}",evidenceOfInsurance,Evidence of Insurance,commercialGeneralLiability,Commercial General Liability,evidenceOfInsuranceCommercialGeneralLiabilityEachOccurrence,Each Occurrence,,matchOnce,must be greater or equal to,1000000,1000000,compliant,Block Requirements,,,false,2,,2026-08-16
"Block Real Estate Services, LLC",6a174c75bf28cb6a86a73720,6a174c5f68ca7e99894e866e,"Party Time Liquor / LEXMI, LLC",69fdef653b208288e0a7a89f,"3rd654 - Devonshire Village Shops {Devonshire Shops, LLC}",evidenceOfInsurance,Evidence of Insurance,commercialGeneralLiability,Commercial General Liability,evidenceOfInsuranceCommercialGeneralLiabilityGeneralAggregate,General Aggregate,,matchOnce,must be greater or equal to,2000000,2000000,compliant,Block Requirements,,,false,2,,2026-08-16
"Block Real Estate Services, LLC",6a174c75bf28cb6a86a73720,6a174c5f68ca7e99894e866e,"Party Time Liquor / LEXMI, LLC",69fdef653b208288e0a7a89f,"3rd654 - Devonshire Village Shops {Devonshire Shops, LLC}",evidenceOfInsurance,Evidence of Insurance,commercialGeneralLiability,Commercial General Liability,evidenceOfInsuranceCommercialGeneralLiabilityWaiverOfSubrogationEndorsement,Waiver of Subrogation,"---prompt---
Determine if the insurer has waived their right of subrogation in favor of the certificate holder under the Commercial General Liability policy. Evidence may include: a checked ""Waiver of Subrogation"" box on the certificate, mention in the Description of Operations section stating ""waiver of subrogation applies"", or reference to form CG 24 04. Look for language like ""subrogation is waived"" or ""per written contract"".",matchOnce,must be present,,Present,compliant,Block Requirements,,,false,2,,2026-08-16
"Block Real Estate Services, LLC",6a174c75bf28cb6a86a73720,6a174c5f68ca7e99894e866e,"Party Time Liquor / LEXMI, LLC",69fdef653b208288e0a7a89f,"3rd654 - Devonshire Village Shops {Devonshire Shops, LLC}",evidenceOfInsurance,Evidence of Insurance,excessOrUmbrellaLiability,Umbrella/Excess Liability,evidenceOfInsuranceExcessOrUmbrellaLiabilityOccurence,Coverage Trigger: Occurrence,,matchOnce,must be present,,Present,compliant,Block Requirements,,,false,1,,2026-08-16
"Block Real Estate Services, LLC",6a174c75bf28cb6a86a73720,6a174c5f68ca7e99894e866e,"Party Time Liquor / LEXMI, LLC",69fdef653b208288e0a7a89f,"3rd654 - Devonshire Village Shops {Devonshire Shops, LLC}",evidenceOfInsurance,Evidence of Insurance,excessOrUmbrellaLiability,Umbrella/Excess Liability,evidenceOfInsuranceExcessOrUmbrellaLiabilityEachOccurrence,Each Occurrence,,matchOnce,must be greater or equal to,1000000,1000000,compliant,Block Requirements,,,false,1,,2026-08-16
"Block Real Estate Services, LLC",6a174c75bf28cb6a86a73720,6a174c5f68ca7e99894e866e,"Party Time Liquor / LEXMI, LLC",69fdef653b208288e0a7a89f,"3rd654 - Devonshire Village Shops {Devonshire Shops, LLC}",evidenceOfInsurance,Evidence of Insurance,excessOrUmbrellaLiability,Umbrella/Excess Liability,evidenceOfInsuranceExcessOrUmbrellaLiabilityAggregate,Aggregate,,matchOnce,must be greater or equal to,1000000,1000000,compliant,Block Requirements,,,false,1,,2026-08-16
"Block Real Estate Services, LLC",6a174c75bf28cb6a86a73720,6a174c5f68ca7e99894e866e,"Party Time Liquor / LEXMI, LLC",69fdef653b208288e0a7a89f,"3rd654 - Devonshire Village Shops {Devonshire Shops, LLC}",evidenceOfInsurance,Evidence of Insurance,workersCompensation,Workers' Compensation and Employer's Liability,evidenceOfInsuranceWorkersCompensationStatutoryLimits,Statutory Limits,,matchOnce,must be present,,Present,compliant,Block Requirements,,,false,1,,2026-08-16
"Block Real Estate Services, LLC",6a174c75bf28cb6a86a73720,6a174c5f68ca7e99894e866e,"Party Time Liquor / LEXMI, LLC",69fdef653b208288e0a7a89f,"3rd654 - Devonshire Village Shops {Devonshire Shops, LLC}",evidenceOfInsurance,Evidence of Insurance,workersCompensation,Workers' Compensation and Employer's Liability,evidenceOfInsuranceWorkersCompensationEmployersLiabilityEachAccident,Employer's Liability Each Accident,,matchOnce,must be greater or equal to,500000,1000000,compliant,Block Requirements,,,false,1,,2026-08-16
"Block Real Estate Services, LLC",6a174c75bf28cb6a86a73720,6a174c5f68ca7e99894e866e,"Party Time Liquor / LEXMI, LLC",69fdef653b208288e0a7a89f,"3rd654 - Devonshire Village Shops {Devonshire Shops, LLC}",evidenceOfInsurance,Evidence of Insurance,workersCompensation,Workers' Compensation and Employer's Liability,evidenceOfInsuranceWorkersCompensationEmployersLiabilityDiseaseEachEmployee,Employer's Liability Disease - each employee,,matchOnce,must be greater or equal to,500000,1000000,compliant,Block Requirements,,,false,1,,2026-08-16
"Block Real Estate Services, LLC",6a174c75bf28cb6a86a73720,6a174c5f68ca7e99894e866e,"Party Time Liquor / LEXMI, LLC",69fdef653b208288e0a7a89f,"3rd654 - Devonshire Village Shops {Devonshire Shops, LLC}",evidenceOfInsurance,Evidence of Insurance,workersCompensation,Workers' Compensation and Employer's Liability,evidenceOfInsuranceWorkersCompensationEmployersLiabilityDiseasePolicyLimit,Employer's Liability Disease - policy limit,,matchOnce,must be greater or equal to,500000,1000000,compliant,Block Requirements,,,false,1,,2026-08-16
"Block Real Estate Services, LLC",6a174c75bf28cb6a86a73720,6a174c5f68ca7e99894e866e,"Party Time Liquor / LEXMI, LLC",69fdef653b208288e0a7a89f,"3rd654 - Devonshire Village Shops {Devonshire Shops, LLC}",evidenceOfInsurance,Evidence of Insurance,workersCompensation,Workers' Compensation and Employer's Liability,evidenceOfInsuranceWorkersCompensationWaiverOfSubrogationEndorsement,Waiver of Subrogation,"---prompt---
Determine if the insurer has waived their right of subrogation in favor of the certificate holder under the Workers' Compensation policy. Evidence may include: a checked ""Waiver of Subrogation"" box on the certificate, mention in the Description of Operations section stating ""waiver of subrogation applies"", or reference to form WC 00 03 13. Look for language like ""subrogation is waived"" or ""per written contract"".",matchOnce,must be present,,,non_compliant,Block Requirements,,,false,0,,2026-08-16
"Block Real Estate Services, LLC",6a174c75bf28cb6a86a73720,6a174c5f68ca7e99894e866e,"Party Time Liquor / LEXMI, LLC",69fdef653b208288e0a7a89f,"3rd654 - Devonshire Village Shops {Devonshire Shops, LLC}",evidenceOfInsurance,Evidence of Insurance,6ac20aae-5728-5d57-b364-aeba38527dba,Additional Requirements,4da5b0f1-4c9d-5885-8cf8-5d3cccaed3e0,"Block Real Estate Services, LLC and all others required by contract are named as Additional Insureds","---prompt---
Determine if the Description of Operations or the Additional Remarks Schedule section states the ""Additional Insured as Construction Management, Inc. and all others required by contract"" or reference to blanket additional insured coverage. Look for language like ""certificate holder is additional insured"" or ""per written contract"".",matchOnce,must be present,,,non_compliant,Block Requirements,,,true,0,,2026-08-16
"Block Real Estate Services, LLC",6a174c75bf28cb6a86a73720,6a174c5f68ca7e99894e866e,"Party Time Liquor / LEXMI, LLC",69fdef653b208288e0a7a89f,"3rd654 - Devonshire Village Shops {Devonshire Shops, LLC}",evidenceOfInsurance,Evidence of Insurance,6ac20aae-5728-5d57-b364-aeba38527dba,Additional Requirements,e1017741-e47e-5f58-97b8-fbc3043e919f,Umbrella follows form over General Liability,"---prompt---
Determine if the Umbrella/Excess Liability policy follows form to the underlying policies. Evidence may include: language in the Description of Operations section stating the umbrella follows form to underlying coverages or an additional page endorsement stating that it follows form. Follow form means the umbrella policy adopts the same terms, conditions, and exclusions as the underlying policies.",matchOnce,must be present,,,non_compliant,Block Requirements,,,true,0,,2026-08-16
"Block Real Estate Services, LLC",6a174c75bf28cb6a86a73720,6a174c5f68ca7e99894e866e,"Party Time Liquor / LEXMI, LLC",69fdef653b208288e0a7a89f,"3rd654 - Devonshire Village Shops {Devonshire Shops, LLC}",evidenceOfInsurance,Evidence of Insurance,6ac20aae-5728-5d57-b364-aeba38527dba,Additional Requirements,2cdd866f-c9a4-576a-afd8-1d045762790c,"The location must be listed as: 12805 S Mur-Len Rd, Suite C2/C3, Olathe, KS, 66062",,matchOnce,must be present,,,non_compliant,Block Requirements,,,true,0,,2026-08-16
"Block Real Estate Services, LLC",6a174c75bf28cb6a86a73720,6a174c5f68ca7e99894e866e,"Party Time Liquor / LEXMI, LLC",69fdef653b208288e0a7a89f,"3rd654 - Devonshire Village Shops {Devonshire Shops, LLC}",evidenceOfInsurance,Evidence of Insurance,6ac20aae-5728-5d57-b364-aeba38527dba,Additional Requirements,3649e9d1-4e09-59bf-8f30-cb33c40cf117,"Certificate Holder must read: c/o Block Real Estate Services, LLC, 4622 Pennsylvania St., Suite 700, Kansas City, MO, 64112",,matchOnce,must be present,,,non_compliant,Block Requirements,,,true,0,,2026-08-16
"Block Real Estate Services, LLC",6a7ccb9253619feb18ce42fe,6a7ccb7c72f903848e0cb0d8,Robin's Gluten Free Bakery,69fdef653b208288e0a7a89f,"3rd654 - Devonshire Village Shops {Devonshire Shops, LLC}",evidenceOfInsurance,Evidence of Insurance,commercialGeneralLiability,Commercial General Liability,evidenceOfInsuranceCommercialGeneralLiabilityCoverageTriggerOccurrence,Coverage Trigger: Occurrence,,matchOnce,must be present,,,non_compliant,Block Requirements,,,false,0,,2026-08-16
"Block Real Estate Services, LLC",6a7ccb9253619feb18ce42fe,6a7ccb7c72f903848e0cb0d8,Robin's Gluten Free Bakery,69fdef653b208288e0a7a89f,"3rd654 - Devonshire Village Shops {Devonshire Shops, LLC}",evidenceOfInsurance,Evidence of Insurance,commercialGeneralLiability,Commercial General Liability,evidenceOfInsuranceCommercialGeneralLiabilityGeneralAggregateLimitAppliesPerLocation,General Aggregate Limit Applies per: Location,,matchOnce,must be present,,,non_compliant,Block Requirements,,,false,0,,2026-08-16
"Block Real Estate Services, LLC",6a7ccb9253619feb18ce42fe,6a7ccb7c72f903848e0cb0d8,Robin's Gluten Free Bakery,69fdef653b208288e0a7a89f,"3rd654 - Devonshire Village Shops {Devonshire Shops, LLC}",evidenceOfInsurance,Evidence of Insurance,commercialGeneralLiability,Commercial General Liability,evidenceOfInsuranceCommercialGeneralLiabilityEachOccurrence,Each Occurrence,,matchOnce,must be greater or equal to,1000000,,non_compliant,Block Requirements,,,false,0,,2026-08-16
"Block Real Estate Services, LLC",6a7ccb9253619feb18ce42fe,6a7ccb7c72f903848e0cb0d8,Robin's Gluten Free Bakery,69fdef653b208288e0a7a89f,"3rd654 - Devonshire Village Shops {Devonshire Shops, LLC}",evidenceOfInsurance,Evidence of Insurance,commercialGeneralLiability,Commercial General Liability,evidenceOfInsuranceCommercialGeneralLiabilityGeneralAggregate,General Aggregate,,matchOnce,must be greater or equal to,2000000,,non_compliant,Block Requirements,,,false,0,,2026-08-16
"Block Real Estate Services, LLC",6a7ccb9253619feb18ce42fe,6a7ccb7c72f903848e0cb0d8,Robin's Gluten Free Bakery,69fdef653b208288e0a7a89f,"3rd654 - Devonshire Village Shops {Devonshire Shops, LLC}",evidenceOfInsurance,Evidence of Insurance,commercialGeneralLiability,Commercial General Liability,evidenceOfInsuranceCommercialGeneralLiabilityWaiverOfSubrogationEndorsement,Waiver of Subrogation,"---prompt---
Determine if the insurer has waived their right of subrogation in favor of the certificate holder under the Commercial General Liability policy. Evidence may include: a checked ""Waiver of Subrogation"" box on the certificate, mention in the Description of Operations section stating ""waiver of subrogation applies"", or reference to form CG 24 04. Look for language like ""subrogation is waived"" or ""per written contract"".",matchOnce,must be present,,,non_compliant,Block Requirements,,,false,0,,2026-08-16
"Block Real Estate Services, LLC",6a7ccb9253619feb18ce42fe,6a7ccb7c72f903848e0cb0d8,Robin's Gluten Free Bakery,69fdef653b208288e0a7a89f,"3rd654 - Devonshire Village Shops {Devonshire Shops, LLC}",evidenceOfInsurance,Evidence of Insurance,excessOrUmbrellaLiability,Umbrella/Excess Liability,evidenceOfInsuranceExcessOrUmbrellaLiabilityOccurence,Coverage Trigger: Occurrence,,matchOnce,must be present,,,non_compliant,Block Requirements,,,false,0,,2026-08-16
"Block Real Estate Services, LLC",6a7ccb9253619feb18ce42fe,6a7ccb7c72f903848e0cb0d8,Robin's Gluten Free Bakery,69fdef653b208288e0a7a89f,"3rd654 - Devonshire Village Shops {Devonshire Shops, LLC}",evidenceOfInsurance,Evidence of Insurance,excessOrUmbrellaLiability,Umbrella/Excess Liability,evidenceOfInsuranceExcessOrUmbrellaLiabilityEachOccurrence,Each Occurrence,,matchOnce,must be greater or equal to,1000000,,non_compliant,Block Requirements,,,false,0,,2026-08-16
"Block Real Estate Services, LLC",6a7ccb9253619feb18ce42fe,6a7ccb7c72f903848e0cb0d8,Robin's Gluten Free Bakery,69fdef653b208288e0a7a89f,"3rd654 - Devonshire Village Shops {Devonshire Shops, LLC}",evidenceOfInsurance,Evidence of Insurance,excessOrUmbrellaLiability,Umbrella/Excess Liability,evidenceOfInsuranceExcessOrUmbrellaLiabilityAggregate,Aggregate,,matchOnce,must be greater or equal to,1000000,,non_compliant,Block Requirements,,,false,0,,2026-08-16
"Block Real Estate Services, LLC",6a7ccb9253619feb18ce42fe,6a7ccb7c72f903848e0cb0d8,Robin's Gluten Free Bakery,69fdef653b208288e0a7a89f,"3rd654 - Devonshire Village Shops {Devonshire Shops, LLC}",evidenceOfInsurance,Evidence of Insurance,workersCompensation,Workers' Compensation and Employer's Liability,evidenceOfInsuranceWorkersCompensationStatutoryLimits,Statutory Limits,,matchOnce,must be present,,,non_compliant,Block Requirements,,,false,0,,2026-08-16
"Block Real Estate Services, LLC",6a7ccb9253619feb18ce42fe,6a7ccb7c72f903848e0cb0d8,Robin's Gluten Free Bakery,69fdef653b208288e0a7a89f,"3rd654 - Devonshire Village Shops {Devonshire Shops, LLC}",evidenceOfInsurance,Evidence of Insurance,workersCompensation,Workers' Compensation and Employer's Liability,evidenceOfInsuranceWorkersCompensationEmployersLiabilityEachAccident,Employer's Liability Each Accident,,matchOnce,must be greater or equal to,500000,,non_compliant,Block Requirements,,,false,0,,2026-08-16
"Block Real Estate Services, LLC",6a7ccb9253619feb18ce42fe,6a7ccb7c72f903848e0cb0d8,Robin's Gluten Free Bakery,69fdef653b208288e0a7a89f,"3rd654 - Devonshire Village Shops {Devonshire Shops, LLC}",evidenceOfInsurance,Evidence of Insurance,workersCompensation,Workers' Compensation and Employer's Liability,evidenceOfInsuranceWorkersCompensationEmployersLiabilityDiseaseEachEmployee,Employer's Liability Disease - each employee,,matchOnce,must be greater or equal to,500000,,non_compliant,Block Requirements,,,false,0,,2026-08-16
"Block Real Estate Services, LLC",6a7ccb9253619feb18ce42fe,6a7ccb7c72f903848e0cb0d8,Robin's Gluten Free Bakery,69fdef653b208288e0a7a89f,"3rd654 - Devonshire Village Shops {Devonshire Shops, LLC}",evidenceOfInsurance,Evidence of Insurance,workersCompensation,Workers' Compensation and Employer's Liability,evidenceOfInsuranceWorkersCompensationEmployersLiabilityDiseasePolicyLimit,Employer's Liability Disease - policy limit,,matchOnce,must be greater or equal to,500000,,non_compliant,Block Requirements,,,false,0,,2026-08-16
"Block Real Estate Services, LLC",6a7ccb9253619feb18ce42fe,6a7ccb7c72f903848e0cb0d8,Robin's Gluten Free Bakery,69fdef653b208288e0a7a89f,"3rd654 - Devonshire Village Shops {Devonshire Shops, LLC}",evidenceOfInsurance,Evidence of Insurance,workersCompensation,Workers' Compensation and Employer's Liability,evidenceOfInsuranceWorkersCompensationWaiverOfSubrogationEndorsement,Waiver of Subrogation,"---prompt---
Determine if the insurer has waived their right of subrogation in favor of the certificate holder under the Workers' Compensation policy. Evidence may include: a checked ""Waiver of Subrogation"" box on the certificate, mention in the Description of Operations section stating ""waiver of subrogation applies"", or reference to form WC 00 03 13. Look for language like ""subrogation is waived"" or ""per written contract"".",matchOnce,must be present,,,non_compliant,Block Requirements,,,false,0,,2026-08-16
"Block Real Estate Services, LLC",6a7ccb9253619feb18ce42fe,6a7ccb7c72f903848e0cb0d8,Robin's Gluten Free Bakery,69fdef653b208288e0a7a89f,"3rd654 - Devonshire Village Shops {Devonshire Shops, LLC}",evidenceOfInsurance,Evidence of Insurance,6ac20aae-5728-5d57-b364-aeba38527dba,Additional Requirements,4da5b0f1-4c9d-5885-8cf8-5d3cccaed3e0,"Block Real Estate Services, LLC and all others required by contract are named as Additional Insureds","---prompt---
Determine if the Description of Operations or the Additional Remarks Schedule section states the ""Additional Insured as Construction Management, Inc. and all others required by contract"" or reference to blanket additional insured coverage. Look for language like ""certificate holder is additional insured"" or ""per written contract"".",matchOnce,must be present,,,non_compliant,Block Requirements,,,true,0,,2026-08-16
"Block Real Estate Services, LLC",6a7ccb9253619feb18ce42fe,6a7ccb7c72f903848e0cb0d8,Robin's Gluten Free Bakery,69fdef653b208288e0a7a89f,"3rd654 - Devonshire Village Shops {Devonshire Shops, LLC}",evidenceOfInsurance,Evidence of Insurance,6ac20aae-5728-5d57-b364-aeba38527dba,Additional Requirements,e1017741-e47e-5f58-97b8-fbc3043e919f,Umbrella follows form over General Liability,"---prompt---
Determine if the Umbrella/Excess Liability policy follows form to the underlying policies. Evidence may include: language in the Description of Operations section stating the umbrella follows form to underlying coverages or an additional page endorsement stating that it follows form. Follow form means the umbrella policy adopts the same terms, conditions, and exclusions as the underlying policies.",matchOnce,must be present,,,non_compliant,Block Requirements,,,true,0,,2026-08-16
"Block Real Estate Services, LLC",6a7ccb9253619feb18ce42fe,6a7ccb7c72f903848e0cb0d8,Robin's Gluten Free Bakery,69fdef653b208288e0a7a89f,"3rd654 - Devonshire Village Shops {Devonshire Shops, LLC}",evidenceOfInsurance,Evidence of Insurance,6ac20aae-5728-5d57-b364-aeba38527dba,Additional Requirements,2cdd866f-c9a4-576a-afd8-1d045762790c,"The location must be listed as: 12805 S Murlen, Suite C-1, Olathe KS 66062",,matchOnce,must be present,,,non_compliant,Block Requirements,,,true,0,,2026-08-16
"Block Real Estate Services, LLC",6a7ccb9253619feb18ce42fe,6a7ccb7c72f903848e0cb0d8,Robin's Gluten Free Bakery,69fdef653b208288e0a7a89f,"3rd654 - Devonshire Village Shops {Devonshire Shops, LLC}",evidenceOfInsurance,Evidence of Insurance,6ac20aae-5728-5d57-b364-aeba38527dba,Additional Requirements,3649e9d1-4e09-59bf-8f30-cb33c40cf117,"Certificate Holder must read: c/o Block Real Estate Services, LLC, 4622 Pennsylvania St., Suite 700, Kansas City, MO, 64112",,matchOnce,must be present,,,non_compliant,Block Requirements,,,true,0,,2026-08-16
"Block Real Estate Services, LLC",69fdf7a362446148bd85b02e,69fded0d62446148bd848b3e,AgForce Transport Services / Consolidated Grain and Barge Co.,69fdf16fbf1df2fe9692b2ff,"tic253 - Nall Corporate Centre II {HLBT Associates, LLC}",evidenceOfInsurance,Evidence of Insurance,commercialGeneralLiability,Commercial General Liability,evidenceOfInsuranceCommercialGeneralLiabilityCoverageTriggerOccurrence,Coverage Trigger: Occurrence,,matchOnce,must be present,,Present,compliant,Block Requirements,,,false,1,,2026-08-16
"Block Real Estate Services, LLC",69fdf7a362446148bd85b02e,69fded0d62446148bd848b3e,AgForce Transport Services / Consolidated Grain and Barge Co.,69fdf16fbf1df2fe9692b2ff,"tic253 - Nall Corporate Centre II {HLBT Associates, LLC}",evidenceOfInsurance,Evidence of Insurance,commercialGeneralLiability,Commercial General Liability,evidenceOfInsuranceCommercialGeneralLiabilityGeneralAggregateLimitAppliesPerLocation,General Aggregate Limit Applies per: Location,,matchOnce,must be present,,Present,compliant,Block Requirements,,,false,1,,2026-08-16
"Block Real Estate Services, LLC",69fdf7a362446148bd85b02e,69fded0d62446148bd848b3e,AgForce Transport Services / Consolidated Grain and Barge Co.,69fdf16fbf1df2fe9692b2ff,"tic253 - Nall Corporate Centre II {HLBT Associates, LLC}",evidenceOfInsurance,Evidence of Insurance,commercialGeneralLiability,Commercial General Liability,evidenceOfInsuranceCommercialGeneralLiabilityEachOccurrence,Each Occurrence,,matchOnce,must be greater or equal to,1000000,1000000,compliant,Block Requirements,,,false,1,,2026-08-16
"Block Real Estate Services, LLC",69fdf7a362446148bd85b02e,69fded0d62446148bd848b3e,AgForce Transport Services / Consolidated Grain and Barge Co.,69fdf16fbf1df2fe9692b2ff,"tic253 - Nall Corporate Centre II {HLBT Associates, LLC}",evidenceOfInsurance,Evidence of Insurance,commercialGeneralLiability,Commercial General Liability,evidenceOfInsuranceCommercialGeneralLiabilityGeneralAggregate,General Aggregate,,matchOnce,must be greater or equal to,2000000,2000000,compliant,Block Requirements,,,false,1,,2026-08-16
"Block Real Estate Services, LLC",69fdf7a362446148bd85b02e,69fded0d62446148bd848b3e,AgForce Transport Services / Consolidated Grain and Barge Co.,69fdf16fbf1df2fe9692b2ff,"tic253 - Nall Corporate Centre II {HLBT Associates, LLC}",evidenceOfInsurance,Evidence of Insurance,commercialGeneralLiability,Commercial General Liability,evidenceOfInsuranceCommercialGeneralLiabilityWaiverOfSubrogationEndorsement,Waiver of Subrogation,"---prompt---
Determine if the insurer has waived their right of subrogation in favor of the certificate holder under the Commercial General Liability policy. Evidence may include: a checked ""Waiver of Subrogation"" box on the certificate, mention in the Description of Operations section stating ""waiver of subrogation applies"", or reference to form CG 24 04. Look for language like ""subrogation is waived"" or ""per written contract"".",matchOnce,must be present,,Present,compliant,Block Requirements,,,false,1,,2026-08-16
"Block Real Estate Services, LLC",69fdf7a362446148bd85b02e,69fded0d62446148bd848b3e,AgForce Transport Services / Consolidated Grain and Barge Co.,69fdf16fbf1df2fe9692b2ff,"tic253 - Nall Corporate Centre II {HLBT Associates, LLC}",evidenceOfInsurance,Evidence of Insurance,excessOrUmbrellaLiability,Umbrella/Excess Liability,evidenceOfInsuranceExcessOrUmbrellaLiabilityOccurence,Coverage Trigger: Occurrence,,matchOnce,must be present,,Present,compliant,Block Requirements,,,false,1,,2026-08-16
"Block Real Estate Services, LLC",69fdf7a362446148bd85b02e,69fded0d62446148bd848b3e,AgForce Transport Services / Consolidated Grain and Barge Co.,69fdf16fbf1df2fe9692b2ff,"tic253 - Nall Corporate Centre II {HLBT Associates, LLC}",evidenceOfInsurance,Evidence of Insurance,excessOrUmbrellaLiability,Umbrella/Excess Liability,evidenceOfInsuranceExcessOrUmbrellaLiabilityEachOccurrence,Each Occurrence,,matchOnce,must be greater or equal to,1000000,2000000,compliant,Block Requirements,,,false,1,,2026-08-16
"Block Real Estate Services, LLC",69fdf7a362446148bd85b02e,69fded0d62446148bd848b3e,AgForce Transport Services / Consolidated Grain and Barge Co.,69fdf16fbf1df2fe9692b2ff,"tic253 - Nall Corporate Centre II {HLBT Associates, LLC}",evidenceOfInsurance,Evidence of Insurance,excessOrUmbrellaLiability,Umbrella/Excess Liability,evidenceOfInsuranceExcessOrUmbrellaLiabilityAggregate,Aggregate,,matchOnce,must be greater or equal to,1000000,2000000,compliant,Block Requirements,,,false,1,,2026-08-16
"Block Real Estate Services, LLC",69fdf7a362446148bd85b02e,69fded0d62446148bd848b3e,AgForce Transport Services / Consolidated Grain and Barge Co.,69fdf16fbf1df2fe9692b2ff,"tic253 - Nall Corporate Centre II {HLBT Associates, LLC}",evidenceOfInsurance,Evidence of Insurance,workersCompensation,Workers' Compensation and Employer's Liability,evidenceOfInsuranceWorkersCompensationStatutoryLimits,Statutory Limits,,matchOnce,must be present,,Present,compliant,Block Requirements,,,false,1,,2026-08-16
"Block Real Estate Services, LLC",69fdf7a362446148bd85b02e,69fded0d62446148bd848b3e,AgForce Transport Services / Consolidated Grain and Barge Co.,69fdf16fbf1df2fe9692b2ff,"tic253 - Nall Corporate Centre II {HLBT Associates, LLC}",evidenceOfInsurance,Evidence of Insurance,workersCompensation,Workers' Compensation and Employer's Liability,evidenceOfInsuranceWorkersCompensationEmployersLiabilityEachAccident,Employer's Liability Each Accident,,matchOnce,must be greater or equal to,500000,1000000,compliant,Block Requirements,,,false,1,,2026-08-16
"Block Real Estate Services, LLC",69fdf7a362446148bd85b02e,69fded0d62446148bd848b3e,AgForce Transport Services / Consolidated Grain and Barge Co.,69fdf16fbf1df2fe9692b2ff,"tic253 - Nall Corporate Centre II {HLBT Associates, LLC}",evidenceOfInsurance,Evidence of Insurance,workersCompensation,Workers' Compensation and Employer's Liability,evidenceOfInsuranceWorkersCompensationEmployersLiabilityDiseaseEachEmployee,Employer's Liability Disease - each employee,,matchOnce,must be greater or equal to,500000,1000000,compliant,Block Requirements,,,false,1,,2026-08-16
"Block Real Estate Services, LLC",69fdf7a362446148bd85b02e,69fded0d62446148bd848b3e,AgForce Transport Services / Consolidated Grain and Barge Co.,69fdf16fbf1df2fe9692b2ff,"tic253 - Nall Corporate Centre II {HLBT Associates, LLC}",evidenceOfInsurance,Evidence of Insurance,workersCompensation,Workers' Compensation and Employer's Liability,evidenceOfInsuranceWorkersCompensationEmployersLiabilityDiseasePolicyLimit,Employer's Liability Disease - policy limit,,matchOnce,must be greater or equal to,500000,1000000,compliant,Block Requirements,,,false,1,,2026-08-16
"Block Real Estate Services, LLC",69fdf7a362446148bd85b02e,69fded0d62446148bd848b3e,AgForce Transport Services / Consolidated Grain and Barge Co.,69fdf16fbf1df2fe9692b2ff,"tic253 - Nall Corporate Centre II {HLBT Associates, LLC}",evidenceOfInsurance,Evidence of Insurance,workersCompensation,Workers' Compensation and Employer's Liability,evidenceOfInsuranceWorkersCompensationWaiverOfSubrogationEndorsement,Waiver of Subrogation,"---prompt---
Determine if the insurer has waived their right of subrogation in favor of the certificate holder under the Workers' Compensation policy. Evidence may include: a checked ""Waiver of Subrogation"" box on the certificate, mention in the Description of Operations section stating ""waiver of subrogation applies"", or reference to form WC 00 03 13. Look for language like ""subrogation is waived"" or ""per written contract"".",matchOnce,must be present,,Present,compliant,Block Requirements,,,false,1,,2026-08-16
"Block Real Estate Services, LLC",69fdf7a362446148bd85b02e,69fded0d62446148bd848b3e,AgForce Transport Services / Consolidated Grain and Barge Co.,69fdf16fbf1df2fe9692b2ff,"tic253 - Nall Corporate Centre II {HLBT Associates, LLC}",evidenceOfInsurance,Evidence of Insurance,6ac20aae-5728-5d57-b364-aeba38527dba,Additional Requirements,4da5b0f1-4c9d-5885-8cf8-5d3cccaed3e0,"Block Real Estate Services, LLC and all others required by contract are named as Additional Insureds","---prompt---
Determine if the Description of Operations or the Additional Remarks Schedule section states the ""Additional Insured as Construction Management, Inc. and all others required by contract"" or reference to blanket additional insured coverage. Look for language like ""certificate holder is additional insured"" or ""per written contract"".",matchOnce,must be present,,Present,compliant,Block Requirements,,,true,1,,2026-08-16
"Block Real Estate Services, LLC",69fdf7a362446148bd85b02e,69fded0d62446148bd848b3e,AgForce Transport Services / Consolidated Grain and Barge Co.,69fdf16fbf1df2fe9692b2ff,"tic253 - Nall Corporate Centre II {HLBT Associates, LLC}",evidenceOfInsurance,Evidence of Insurance,6ac20aae-5728-5d57-b364-aeba38527dba,Additional Requirements,e1017741-e47e-5f58-97b8-fbc3043e919f,Umbrella follows form over General Liability,"---prompt---
Determine if the Umbrella/Excess Liability policy follows form to the underlying policies. Evidence may include: language in the Description of Operations section stating the umbrella follows form to underlying coverages or an additional page endorsement stating that it follows form. Follow form means the umbrella policy adopts the same terms, conditions, and exclusions as the underlying policies.",matchOnce,must be present,,Present,compliant,Block Requirements,,,true,1,,2026-08-16
"Block Real Estate Services, LLC",69fdf7a362446148bd85b02e,69fded0d62446148bd848b3e,AgForce Transport Services / Consolidated Grain and Barge Co.,69fdf16fbf1df2fe9692b2ff,"tic253 - Nall Corporate Centre II {HLBT Associates, LLC}",evidenceOfInsurance,Evidence of Insurance,6ac20aae-5728-5d57-b364-aeba38527dba,Additional Requirements,2cdd866f-c9a4-576a-afd8-1d045762790c,The location must be listed as: 5700 W. 112th Street Suite 330 Overland Park KS 66211,,matchOnce,must be present,,,non_compliant,Block Requirements,,"<p>Our files indicate Suite 330, please update the address in the DOO accordingly for compliant</p>",true,0,,2026-08-16
"Block Real Estate Services, LLC",69fdf7a362446148bd85b02e,69fded0d62446148bd848b3e,AgForce Transport Services / Consolidated Grain and Barge Co.,69fdf16fbf1df2fe9692b2ff,"tic253 - Nall Corporate Centre II {HLBT Associates, LLC}",evidenceOfInsurance,Evidence of Insurance,6ac20aae-5728-5d57-b364-aeba38527dba,Additional Requirements,3649e9d1-4e09-59bf-8f30-cb33c40cf117,"Certificate Holder must read: c/o Block Real Estate Services, LLC, 4622 Pennsylvania St., Suite 700, Kansas City, MO, 64112",,matchOnce,must be present,,Present,compliant,Block Requirements,,,true,1,,2026-08-16
"Block Real Estate Services, LLC",69fdf7a362446148bd85b030,69fded1162446148bd848c82,Clarivate Analytics LLC,69fdf16fbf1df2fe9692b2ff,"tic253 - Nall Corporate Centre II {HLBT Associates, LLC}",evidenceOfInsurance,Evidence of Insurance,commercialGeneralLiability,Commercial General Liability,evidenceOfInsuranceCommercialGeneralLiabilityCoverageTriggerOccurrence,Coverage Trigger: Occurrence,,matchOnce,must be present,,Present,compliant,Block Requirements,,,false,2,,2026-08-16
"Block Real Estate Services, LLC",69fdf7a362446148bd85b030,69fded1162446148bd848c82,Clarivate Analytics LLC,69fdf16fbf1df2fe9692b2ff,"tic253 - Nall Corporate Centre II {HLBT Associates, LLC}",evidenceOfInsurance,Evidence of Insurance,commercialGeneralLiability,Commercial General Liability,evidenceOfInsuranceCommercialGeneralLiabilityGeneralAggregateLimitAppliesPerLocation,General Aggregate Limit Applies per: Location,,matchOnce,must be present,,Present,compliant,Block Requirements,,,false,2,,2026-08-16
"Block Real Estate Services, LLC",69fdf7a362446148bd85b030,69fded1162446148bd848c82,Clarivate Analytics LLC,69fdf16fbf1df2fe9692b2ff,"tic253 - Nall Corporate Centre II {HLBT Associates, LLC}",evidenceOfInsurance,Evidence of Insurance,commercialGeneralLiability,Commercial General Liability,evidenceOfInsuranceCommercialGeneralLiabilityEachOccurrence,Each Occurrence,,matchOnce,must be greater or equal to,1000000,1000000,compliant,Block Requirements,,,false,2,,2026-08-16
"Block Real Estate Services, LLC",69fdf7a362446148bd85b030,69fded1162446148bd848c82,Clarivate Analytics LLC,69fdf16fbf1df2fe9692b2ff,"tic253 - Nall Corporate Centre II {HLBT Associates, LLC}",evidenceOfInsurance,Evidence of Insurance,commercialGeneralLiability,Commercial General Liability,evidenceOfInsuranceCommercialGeneralLiabilityGeneralAggregate,General Aggregate,,matchOnce,must be greater or equal to,2000000,2000000,compliant,Block Requirements,,,false,2,,2026-08-16
"Block Real Estate Services, LLC",69fdf7a362446148bd85b030,69fded1162446148bd848c82,Clarivate Analytics LLC,69fdf16fbf1df2fe9692b2ff,"tic253 - Nall Corporate Centre II {HLBT Associates, LLC}",evidenceOfInsurance,Evidence of Insurance,commercialGeneralLiability,Commercial General Liability,evidenceOfInsuranceCommercialGeneralLiabilityWaiverOfSubrogationEndorsement,Waiver of Subrogation,"---prompt---
Determine if the insurer has waived their right of subrogation in favor of the certificate holder under the Commercial General Liability policy. Evidence may include: a checked ""Waiver of Subrogation"" box on the certificate, mention in the Description of Operations section stating ""waiver of subrogation applies"", or reference to form CG 24 04. Look for language like ""subrogation is waived"" or ""per written contract"".",matchOnce,must be present,,Present,compliant,Block Requirements,,,false,2,,2026-08-16
"Block Real Estate Services, LLC",69fdf7a362446148bd85b030,69fded1162446148bd848c82,Clarivate Analytics LLC,69fdf16fbf1df2fe9692b2ff,"tic253 - Nall Corporate Centre II {HLBT Associates, LLC}",evidenceOfInsurance,Evidence of Insurance,excessOrUmbrellaLiability,Umbrella/Excess Liability,evidenceOfInsuranceExcessOrUmbrellaLiabilityOccurence,Coverage Trigger: Occurrence,,matchOnce,must be present,,Present,compliant,Block Requirements,,,false,2,,2026-08-16
"Block Real Estate Services, LLC",69fdf7a362446148bd85b030,69fded1162446148bd848c82,Clarivate Analytics LLC,69fdf16fbf1df2fe9692b2ff,"tic253 - Nall Corporate Centre II {HLBT Associates, LLC}",evidenceOfInsurance,Evidence of Insurance,excessOrUmbrellaLiability,Umbrella/Excess Liability,evidenceOfInsuranceExcessOrUmbrellaLiabilityEachOccurrence,Each Occurrence,,matchOnce,must be greater or equal to,1000000,10000000,compliant,Block Requirements,,,false,2,,2026-08-16
"Block Real Estate Services, LLC",69fdf7a362446148bd85b030,69fded1162446148bd848c82,Clarivate Analytics LLC,69fdf16fbf1df2fe9692b2ff,"tic253 - Nall Corporate Centre II {HLBT Associates, LLC}",evidenceOfInsurance,Evidence of Insurance,excessOrUmbrellaLiability,Umbrella/Excess Liability,evidenceOfInsuranceExcessOrUmbrellaLiabilityAggregate,Aggregate,,matchOnce,must be greater or equal to,1000000,10000000,compliant,Block Requirements,,,false,2,,2026-08-16
"Block Real Estate Services, LLC",69fdf7a362446148bd85b030,69fded1162446148bd848c82,Clarivate Analytics LLC,69fdf16fbf1df2fe9692b2ff,"tic253 - Nall Corporate Centre II {HLBT Associates, LLC}",evidenceOfInsurance,Evidence of Insurance,workersCompensation,Workers' Compensation and Employer's Liability,evidenceOfInsuranceWorkersCompensationStatutoryLimits,Statutory Limits,,matchOnce,must be present,,Present,compliant,Block Requirements,,,false,2,,2026-08-16
"Block Real Estate Services, LLC",69fdf7a362446148bd85b030,69fded1162446148bd848c82,Clarivate Analytics LLC,69fdf16fbf1df2fe9692b2ff,"tic253 - Nall Corporate Centre II {HLBT Associates, LLC}",evidenceOfInsurance,Evidence of Insurance,workersCompensation,Workers' Compensation and Employer's Liability,evidenceOfInsuranceWorkersCompensationEmployersLiabilityEachAccident,Employer's Liability Each Accident,,matchOnce,must be greater or equal to,500000,1000000,compliant,Block Requirements,,,false,2,,2026-08-16
"Block Real Estate Services, LLC",69fdf7a362446148bd85b030,69fded1162446148bd848c82,Clarivate Analytics LLC,69fdf16fbf1df2fe9692b2ff,"tic253 - Nall Corporate Centre II {HLBT Associates, LLC}",evidenceOfInsurance,Evidence of Insurance,workersCompensation,Workers' Compensation and Employer's Liability,evidenceOfInsuranceWorkersCompensationEmployersLiabilityDiseaseEachEmployee,Employer's Liability Disease - each employee,,matchOnce,must be greater or equal to,500000,1000000,compliant,Block Requirements,,,false,2,,2026-08-16
"Block Real Estate Services, LLC",69fdf7a362446148bd85b030,69fded1162446148bd848c82,Clarivate Analytics LLC,69fdf16fbf1df2fe9692b2ff,"tic253 - Nall Corporate Centre II {HLBT Associates, LLC}",evidenceOfInsurance,Evidence of Insurance,workersCompensation,Workers' Compensation and Employer's Liability,evidenceOfInsuranceWorkersCompensationEmployersLiabilityDiseasePolicyLimit,Employer's Liability Disease - policy limit,,matchOnce,must be greater or equal to,500000,1000000,compliant,Block Requirements,,,false,2,,2026-08-16
"Block Real Estate Services, LLC",69fdf7a362446148bd85b030,69fded1162446148bd848c82,Clarivate Analytics LLC,69fdf16fbf1df2fe9692b2ff,"tic253 - Nall Corporate Centre II {HLBT Associates, LLC}",evidenceOfInsurance,Evidence of Insurance,workersCompensation,Workers' Compensation and Employer's Liability,evidenceOfInsuranceWorkersCompensationWaiverOfSubrogationEndorsement,Waiver of Subrogation,"---prompt---
Determine if the insurer has waived their right of subrogation in favor of the certificate holder under the Workers' Compensation policy. Evidence may include: a checked ""Waiver of Subrogation"" box on the certificate, mention in the Description of Operations section stating ""waiver of subrogation applies"", or reference to form WC 00 03 13. Look for language like ""subrogation is waived"" or ""per written contract"".",matchOnce,must be present,,Present,compliant,Block Requirements,,,false,1,,2026-08-16
"Block Real Estate Services, LLC",69fdf7a362446148bd85b030,69fded1162446148bd848c82,Clarivate Analytics LLC,69fdf16fbf1df2fe9692b2ff,"tic253 - Nall Corporate Centre II {HLBT Associates, LLC}",evidenceOfInsurance,Evidence of Insurance,6ac20aae-5728-5d57-b364-aeba38527dba,Additional Requirements,4da5b0f1-4c9d-5885-8cf8-5d3cccaed3e0,"Block Real Estate Services, LLC and all others required by contract are named as Additional Insureds","---prompt---
Determine if the Description of Operations or the Additional Remarks Schedule section states the ""Additional Insured as Construction Management, Inc. and all others required by contract"" or reference to blanket additional insured coverage. Look for language like ""certificate holder is additional insured"" or ""per written contract"".",matchOnce,must be present,,Present,compliant,Block Requirements,,,true,2,,2026-08-16
"Block Real Estate Services, LLC",69fdf7a362446148bd85b030,69fded1162446148bd848c82,Clarivate Analytics LLC,69fdf16fbf1df2fe9692b2ff,"tic253 - Nall Corporate Centre II {HLBT Associates, LLC}",evidenceOfInsurance,Evidence of Insurance,6ac20aae-5728-5d57-b364-aeba38527dba,Additional Requirements,e1017741-e47e-5f58-97b8-fbc3043e919f,Umbrella follows form over General Liability,"---prompt---
Determine if the Umbrella/Excess Liability policy follows form to the underlying policies. Evidence may include: language in the Description of Operations section stating the umbrella follows form to underlying coverages or an additional page endorsement stating that it follows form. Follow form means the umbrella policy adopts the same terms, conditions, and exclusions as the underlying policies.",matchOnce,must be present,,Present,compliant,Block Requirements,,,true,2,,2026-08-16
"Block Real Estate Services, LLC",69fdf7a362446148bd85b030,69fded1162446148bd848c82,Clarivate Analytics LLC,69fdf16fbf1df2fe9692b2ff,"tic253 - Nall Corporate Centre II {HLBT Associates, LLC}",evidenceOfInsurance,Evidence of Insurance,6ac20aae-5728-5d57-b364-aeba38527dba,Additional Requirements,2cdd866f-c9a4-576a-afd8-1d045762790c,The location must be listed as: 5700 W. 112th Street Suite 100 Overland Park KS 66211,,matchOnce,must be present,,Present,compliant,Block Requirements,,,true,1,,2026-08-16
"Block Real Estate Services, LLC",69fdf7a362446148bd85b030,69fded1162446148bd848c82,Clarivate Analytics LLC,69fdf16fbf1df2fe9692b2ff,"tic253 - Nall Corporate Centre II {HLBT Associates, LLC}",evidenceOfInsurance,Evidence of Insurance,6ac20aae-5728-5d57-b364-aeba38527dba,Additional Requirements,3649e9d1-4e09-59bf-8f30-cb33c40cf117,"Certificate Holder must read: c/o Block Real Estate Services, LLC, 4622 Pennsylvania St., Suite 700, Kansas City, MO, 64112",,matchOnce,must be present,,Present,compliant,Block Requirements,,,true,2,,2026-08-16
"Block Real Estate Services, LLC",69fdf7a362446148bd85b031,69fded1262446148bd848cc4,"Ameriprise Financial Services, LLC / Respective Wealth / Schenck, Thompson & Associates, LLC (fka Creative Collaboration)",69fdf16fbf1df2fe9692b2ff,"tic253 - Nall Corporate Centre II {HLBT Associates, LLC}",evidenceOfInsurance,Evidence of Insurance,commercialGeneralLiability,Commercial General Liability,evidenceOfInsuranceCommercialGeneralLiabilityCoverageTriggerOccurrence,Coverage Trigger: Occurrence,,matchOnce,must be present,,Present,compliant,Block Requirements,,,false,2,,2026-08-16
"Block Real Estate Services, LLC",69fdf7a362446148bd85b031,69fded1262446148bd848cc4,"Ameriprise Financial Services, LLC / Respective Wealth / Schenck, Thompson & Associates, LLC (fka Creative Collaboration)",69fdf16fbf1df2fe9692b2ff,"tic253 - Nall Corporate Centre II {HLBT Associates, LLC}",evidenceOfInsurance,Evidence of Insurance,commercialGeneralLiability,Commercial General Liability,evidenceOfInsuranceCommercialGeneralLiabilityGeneralAggregateLimitAppliesPerLocation,General Aggregate Limit Applies per: Location,,matchOnce,must be present,,Present,compliant,Block Requirements,,,false,2,,2026-08-16
"Block Real Estate Services, LLC",69fdf7a362446148bd85b031,69fded1262446148bd848cc4,"Ameriprise Financial Services, LLC / Respective Wealth / Schenck, Thompson & Associates, LLC (fka Creative Collaboration)",69fdf16fbf1df2fe9692b2ff,"tic253 - Nall Corporate Centre II {HLBT Associates, LLC}",evidenceOfInsurance,Evidence of Insurance,commercialGeneralLiability,Commercial General Liability,evidenceOfInsuranceCommercialGeneralLiabilityEachOccurrence,Each Occurrence,,matchOnce,must be greater or equal to,1000000,2000000,compliant,Block Requirements,,,false,2,,2026-08-16
"Block Real Estate Services, LLC",69fdf7a362446148bd85b031,69fded1262446148bd848cc4,"Ameriprise Financial Services, LLC / Respective Wealth / Schenck, Thompson & Associates, LLC (fka Creative Collaboration)",69fdf16fbf1df2fe9692b2ff,"tic253 - Nall Corporate Centre II {HLBT Associates, LLC}",evidenceOfInsurance,Evidence of Insurance,commercialGeneralLiability,Commercial General Liability,evidenceOfInsuranceCommercialGeneralLiabilityGeneralAggregate,General Aggregate,,matchOnce,must be greater or equal to,2000000,4000000,compliant,Block Requirements,,,false,2,,2026-08-16
"Block Real Estate Services, LLC",69fdf7a362446148bd85b031,69fded1262446148bd848cc4,"Ameriprise Financial Services, LLC / Respective Wealth / Schenck, Thompson & Associates, LLC (fka Creative Collaboration)",69fdf16fbf1df2fe9692b2ff,"tic253 - Nall Corporate Centre II {HLBT Associates, LLC}",evidenceOfInsurance,Evidence of Insurance,commercialGeneralLiability,Commercial General Liability,evidenceOfInsuranceCommercialGeneralLiabilityWaiverOfSubrogationEndorsement,Waiver of Subrogation,"---prompt---
Determine if the insurer has waived their right of subrogation in favor of the certificate holder under the Commercial General Liability policy. Evidence may include: a checked ""Waiver of Subrogation"" box on the certificate, mention in the Description of Operations section stating ""waiver of subrogation applies"", or reference to form CG 24 04. Look for language like ""subrogation is waived"" or ""per written contract"".",matchOnce,must be present,,Present,compliant,Block Requirements,,,false,1,,2026-08-16
"Block Real Estate Services, LLC",69fdf7a362446148bd85b031,69fded1262446148bd848cc4,"Ameriprise Financial Services, LLC / Respective Wealth / Schenck, Thompson & Associates, LLC (fka Creative Collaboration)",69fdf16fbf1df2fe9692b2ff,"tic253 - Nall Corporate Centre II {HLBT Associates, LLC}",evidenceOfInsurance,Evidence of Insurance,excessOrUmbrellaLiability,Umbrella/Excess Liability,evidenceOfInsuranceExcessOrUmbrellaLiabilityOccurence,Coverage Trigger: Occurrence,,matchOnce,must be present,,Present,compliant,Block Requirements,,,false,2,,2026-08-16
"Block Real Estate Services, LLC",69fdf7a362446148bd85b031,69fded1262446148bd848cc4,"Ameriprise Financial Services, LLC / Respective Wealth / Schenck, Thompson & Associates, LLC (fka Creative Collaboration)",69fdf16fbf1df2fe9692b2ff,"tic253 - Nall Corporate Centre II {HLBT Associates, LLC}",evidenceOfInsurance,Evidence of Insurance,excessOrUmbrellaLiability,Umbrella/Excess Liability,evidenceOfInsuranceExcessOrUmbrellaLiabilityEachOccurrence,Each Occurrence,,matchOnce,must be greater or equal to,1000000,1000000,compliant,Block Requirements,,,false,2,,2026-08-16
"Block Real Estate Services, LLC",69fdf7a362446148bd85b031,69fded1262446148bd848cc4,"Ameriprise Financial Services, LLC / Respective Wealth / Schenck, Thompson & Associates, LLC (fka Creative Collaboration)",69fdf16fbf1df2fe9692b2ff,"tic253 - Nall Corporate Centre II {HLBT Associates, LLC}",evidenceOfInsurance,Evidence of Insurance,excessOrUmbrellaLiability,Umbrella/Excess Liability,evidenceOfInsuranceExcessOrUmbrellaLiabilityAggregate,Aggregate,,matchOnce,must be greater or equal to,1000000,1000000,compliant,Block Requirements,,,false,2,,2026-08-16
"Block Real Estate Services, LLC",69fdf7a362446148bd85b031,69fded1262446148bd848cc4,"Ameriprise Financial Services, LLC / Respective Wealth / Schenck, Thompson & Associates, LLC (fka Creative Collaboration)",69fdf16fbf1df2fe9692b2ff,"tic253 - Nall Corporate Centre II {HLBT Associates, LLC}",evidenceOfInsurance,Evidence of Insurance,workersCompensation,Workers' Compensation and Employer's Liability,evidenceOfInsuranceWorkersCompensationStatutoryLimits,Statutory Limits,,matchOnce,must be present,,Present,compliant,Block Requirements,,,false,2,,2026-08-16
"Block Real Estate Services, LLC",69fdf7a362446148bd85b031,69fded1262446148bd848cc4,"Ameriprise Financial Services, LLC / Respective Wealth / Schenck, Thompson & Associates, LLC (fka Creative Collaboration)",69fdf16fbf1df2fe9692b2ff,"tic253 - Nall Corporate Centre II {HLBT Associates, LLC}",evidenceOfInsurance,Evidence of Insurance,workersCompensation,Workers' Compensation and Employer's Liability,evidenceOfInsuranceWorkersCompensationEmployersLiabilityEachAccident,Employer's Liability Each Accident,,matchOnce,must be greater or equal to,500000,1000000,compliant,Block Requirements,,,false,2,,2026-08-16
"Block Real Estate Services, LLC",69fdf7a362446148bd85b031,69fded1262446148bd848cc4,"Ameriprise Financial Services, LLC / Respective Wealth / Schenck, Thompson & Associates, LLC (fka Creative Collaboration)",69fdf16fbf1df2fe9692b2ff,"tic253 - Nall Corporate Centre II {HLBT Associates, LLC}",evidenceOfInsurance,Evidence of Insurance,workersCompensation,Workers' Compensation and Employer's Liability,evidenceOfInsuranceWorkersCompensationEmployersLiabilityDiseaseEachEmployee,Employer's Liability Disease - each employee,,matchOnce,must be greater or equal to,500000,1000000,compliant,Block Requirements,,,false,2,,2026-08-16
"Block Real Estate Services, LLC",69fdf7a362446148bd85b031,69fded1262446148bd848cc4,"Ameriprise Financial Services, LLC / Respective Wealth / Schenck, Thompson & Associates, LLC (fka Creative Collaboration)",69fdf16fbf1df2fe9692b2ff,"tic253 - Nall Corporate Centre II {HLBT Associates, LLC}",evidenceOfInsurance,Evidence of Insurance,workersCompensation,Workers' Compensation and Employer's Liability,evidenceOfInsuranceWorkersCompensationEmployersLiabilityDiseasePolicyLimit,Employer's Liability Disease - policy limit,,matchOnce,must be greater or equal to,500000,1000000,compliant,Block Requirements,,,false,2,,2026-08-16
"Block Real Estate Services, LLC",69fdf7a362446148bd85b031,69fded1262446148bd848cc4,"Ameriprise Financial Services, LLC / Respective Wealth / Schenck, Thompson & Associates, LLC (fka Creative Collaboration)",69fdf16fbf1df2fe9692b2ff,"tic253 - Nall Corporate Centre II {HLBT Associates, LLC}",evidenceOfInsurance,Evidence of Insurance,workersCompensation,Workers' Compensation and Employer's Liability,evidenceOfInsuranceWorkersCompensationWaiverOfSubrogationEndorsement,Waiver of Subrogation,"---prompt---
Determine if the insurer has waived their right of subrogation in favor of the certificate holder under the Workers' Compensation policy. Evidence may include: a checked ""Waiver of Subrogation"" box on the certificate, mention in the Description of Operations section stating ""waiver of subrogation applies"", or reference to form WC 00 03 13. Look for language like ""subrogation is waived"" or ""per written contract"".",matchOnce,must be present,,Present,compliant,Block Requirements,,,false,1,,2026-08-16
"Block Real Estate Services, LLC",69fdf7a362446148bd85b031,69fded1262446148bd848cc4,"Ameriprise Financial Services, LLC / Respective Wealth / Schenck, Thompson & Associates, LLC (fka Creative Collaboration)",69fdf16fbf1df2fe9692b2ff,"tic253 - Nall Corporate Centre II {HLBT Associates, LLC}",evidenceOfInsurance,Evidence of Insurance,6ac20aae-5728-5d57-b364-aeba38527dba,Additional Requirements,4da5b0f1-4c9d-5885-8cf8-5d3cccaed3e0,"Block Real Estate Services, LLC and all others required by contract are named as Additional Insureds","---prompt---
Determine if the Description of Operations or the Additional Remarks Schedule section states the ""Additional Insured as Construction Management, Inc. and all others required by contract"" or reference to blanket additional insured coverage. Look for language like ""certificate holder is additional insured"" or ""per written contract"".",matchOnce,must be present,,Present,compliant,Block Requirements,,,true,2,,2026-08-16
"Block Real Estate Services, LLC",69fdf7a362446148bd85b031,69fded1262446148bd848cc4,"Ameriprise Financial Services, LLC / Respective Wealth / Schenck, Thompson & Associates, LLC (fka Creative Collaboration)",69fdf16fbf1df2fe9692b2ff,"tic253 - Nall Corporate Centre II {HLBT Associates, LLC}",evidenceOfInsurance,Evidence of Insurance,6ac20aae-5728-5d57-b364-aeba38527dba,Additional Requirements,e1017741-e47e-5f58-97b8-fbc3043e919f,Umbrella follows form over General Liability,"---prompt---
Determine if the Umbrella/Excess Liability policy follows form to the underlying policies. Evidence may include: language in the Description of Operations section stating the umbrella follows form to underlying coverages or an additional page endorsement stating that it follows form. Follow form means the umbrella policy adopts the same terms, conditions, and exclusions as the underlying policies.",matchOnce,must be present,,Present,compliant,Block Requirements,,,true,2,,2026-08-16
"Block Real Estate Services, LLC",69fdf7a362446148bd85b031,69fded1262446148bd848cc4,"Ameriprise Financial Services, LLC / Respective Wealth / Schenck, Thompson & Associates, LLC (fka Creative Collaboration)",69fdf16fbf1df2fe9692b2ff,"tic253 - Nall Corporate Centre II {HLBT Associates, LLC}",evidenceOfInsurance,Evidence of Insurance,6ac20aae-5728-5d57-b364-aeba38527dba,Additional Requirements,2cdd866f-c9a4-576a-afd8-1d045762790c,The location must be listed as: 5700 W. 112th Street Suite 130 Overland Park KS 66211,,matchOnce,must be present,,Present,compliant,Block Requirements,,,true,2,,2026-08-16
"Block Real Estate Services, LLC",69fdf7a362446148bd85b031,69fded1262446148bd848cc4,"Ameriprise Financial Services, LLC / Respective Wealth / Schenck, Thompson & Associates, LLC (fka Creative Collaboration)",69fdf16fbf1df2fe9692b2ff,"tic253 - Nall Corporate Centre II {HLBT Associates, LLC}",evidenceOfInsurance,Evidence of Insurance,6ac20aae-5728-5d57-b364-aeba38527dba,Additional Requirements,3649e9d1-4e09-59bf-8f30-cb33c40cf117,"Certificate Holder must read: c/o Block Real Estate Services, LLC, 4622 Pennsylvania St., Suite 700, Kansas City, MO, 64112",,matchOnce,must be present,,Present,compliant,Block Requirements,,,true,2,,2026-08-16
"Block Real Estate Services, LLC",69fdf7a362446148bd85b037,69fded2262446148bd849213,The Sunderland Foundation,69fdf16fbf1df2fe9692b2ff,"tic253 - Nall Corporate Centre II {HLBT Associates, LLC}",evidenceOfInsurance,Evidence of Insurance,commercialGeneralLiability,Commercial General Liability,evidenceOfInsuranceCommercialGeneralLiabilityCoverageTriggerOccurrence,Coverage Trigger: Occurrence,,matchOnce,must be present,,Present,compliant,Block Requirements,,,false,1,,2026-08-16
"Block Real Estate Services, LLC",69fdf7a362446148bd85b037,69fded2262446148bd849213,The Sunderland Foundation,69fdf16fbf1df2fe9692b2ff,"tic253 - Nall Corporate Centre II {HLBT Associates, LLC}",evidenceOfInsurance,Evidence of Insurance,commercialGeneralLiability,Commercial General Liability,evidenceOfInsuranceCommercialGeneralLiabilityGeneralAggregateLimitAppliesPerLocation,General Aggregate Limit Applies per: Location,,matchOnce,must be present,,Present,compliant,Block Requirements,,,false,1,,2026-08-16
"Block Real Estate Services, LLC",69fdf7a362446148bd85b037,69fded2262446148bd849213,The Sunderland Foundation,69fdf16fbf1df2fe9692b2ff,"tic253 - Nall Corporate Centre II {HLBT Associates, LLC}",evidenceOfInsurance,Evidence of Insurance,commercialGeneralLiability,Commercial General Liability,evidenceOfInsuranceCommercialGeneralLiabilityEachOccurrence,Each Occurrence,,matchOnce,must be greater or equal to,1000000,1000000,compliant,Block Requirements,,,false,1,,2026-08-16
"Block Real Estate Services, LLC",69fdf7a362446148bd85b037,69fded2262446148bd849213,The Sunderland Foundation,69fdf16fbf1df2fe9692b2ff,"tic253 - Nall Corporate Centre II {HLBT Associates, LLC}",evidenceOfInsurance,Evidence of Insurance,commercialGeneralLiability,Commercial General Liability,evidenceOfInsuranceCommercialGeneralLiabilityGeneralAggregate,General Aggregate,,matchOnce,must be greater or equal to,2000000,2000000,compliant,Block Requirements,,,false,1,,2026-08-16
"Block Real Estate Services, LLC",69fdf7a362446148bd85b037,69fded2262446148bd849213,The Sunderland Foundation,69fdf16fbf1df2fe9692b2ff,"tic253 - Nall Corporate Centre II {HLBT Associates, LLC}",evidenceOfInsurance,Evidence of Insurance,commercialGeneralLiability,Commercial General Liability,evidenceOfInsuranceCommercialGeneralLiabilityWaiverOfSubrogationEndorsement,Waiver of Subrogation,"---prompt---
Determine if the insurer has waived their right of subrogation in favor of the certificate holder under the Commercial General Liability policy. Evidence may include: a checked ""Waiver of Subrogation"" box on the certificate, mention in the Description of Operations section stating ""waiver of subrogation applies"", or reference to form CG 24 04. Look for language like ""subrogation is waived"" or ""per written contract"".",matchOnce,must be present,,Present,compliant,Block Requirements,,,false,1,,2026-08-16
"Block Real Estate Services, LLC",69fdf7a362446148bd85b037,69fded2262446148bd849213,The Sunderland Foundation,69fdf16fbf1df2fe9692b2ff,"tic253 - Nall Corporate Centre II {HLBT Associates, LLC}",evidenceOfInsurance,Evidence of Insurance,excessOrUmbrellaLiability,Umbrella/Excess Liability,evidenceOfInsuranceExcessOrUmbrellaLiabilityOccurence,Coverage Trigger: Occurrence,,matchOnce,must be present,,Present,compliant,Block Requirements,,,false,1,,2026-08-16
"Block Real Estate Services, LLC",69fdf7a362446148bd85b037,69fded2262446148bd849213,The Sunderland Foundation,69fdf16fbf1df2fe9692b2ff,"tic253 - Nall Corporate Centre II {HLBT Associates, LLC}",evidenceOfInsurance,Evidence of Insurance,excessOrUmbrellaLiability,Umbrella/Excess Liability,evidenceOfInsuranceExcessOrUmbrellaLiabilityEachOccurrence,Each Occurrence,,matchOnce,must be greater or equal to,1000000,1000000,compliant,Block Requirements,,,false,1,,2026-08-16
"Block Real Estate Services, LLC",69fdf7a362446148bd85b037,69fded2262446148bd849213,The Sunderland Foundation,69fdf16fbf1df2fe9692b2ff,"tic253 - Nall Corporate Centre II {HLBT Associates, LLC}",evidenceOfInsurance,Evidence of Insurance,excessOrUmbrellaLiability,Umbrella/Excess Liability,evidenceOfInsuranceExcessOrUmbrellaLiabilityAggregate,Aggregate,,matchOnce,must be greater or equal to,1000000,1000000,compliant,Block Requirements,,,false,1,,2026-08-16
"Block Real Estate Services, LLC",69fdf7a362446148bd85b037,69fded2262446148bd849213,The Sunderland Foundation,69fdf16fbf1df2fe9692b2ff,"tic253 - Nall Corporate Centre II {HLBT Associates, LLC}",evidenceOfInsurance,Evidence of Insurance,workersCompensation,Workers' Compensation and Employer's Liability,evidenceOfInsuranceWorkersCompensationStatutoryLimits,Statutory Limits,,matchOnce,must be present,,Present,compliant,Block Requirements,,,false,1,,2026-08-16
"Block Real Estate Services, LLC",69fdf7a362446148bd85b037,69fded2262446148bd849213,The Sunderland Foundation,69fdf16fbf1df2fe9692b2ff,"tic253 - Nall Corporate Centre II {HLBT Associates, LLC}",evidenceOfInsurance,Evidence of Insurance,workersCompensation,Workers' Compensation and Employer's Liability,evidenceOfInsuranceWorkersCompensationEmployersLiabilityEachAccident,Employer's Liability Each Accident,,matchOnce,must be greater or equal to,500000,1000000,compliant,Block Requirements,,,false,1,,2026-08-16
"Block Real Estate Services, LLC",69fdf7a362446148bd85b037,69fded2262446148bd849213,The Sunderland Foundation,69fdf16fbf1df2fe9692b2ff,"tic253 - Nall Corporate Centre II {HLBT Associates, LLC}",evidenceOfInsurance,Evidence of Insurance,workersCompensation,Workers' Compensation and Employer's Liability,evidenceOfInsuranceWorkersCompensationEmployersLiabilityDiseaseEachEmployee,Employer's Liability Disease - each employee,,matchOnce,must be greater or equal to,500000,1000000,compliant,Block Requirements,,,false,1,,2026-08-16
"Block Real Estate Services, LLC",69fdf7a362446148bd85b037,69fded2262446148bd849213,The Sunderland Foundation,69fdf16fbf1df2fe9692b2ff,"tic253 - Nall Corporate Centre II {HLBT Associates, LLC}",evidenceOfInsurance,Evidence of Insurance,workersCompensation,Workers' Compensation and Employer's Liability,evidenceOfInsuranceWorkersCompensationEmployersLiabilityDiseasePolicyLimit,Employer's Liability Disease - policy limit,,matchOnce,must be greater or equal to,500000,1000000,compliant,Block Requirements,,,false,1,,2026-08-16
"Block Real Estate Services, LLC",69fdf7a362446148bd85b037,69fded2262446148bd849213,The Sunderland Foundation,69fdf16fbf1df2fe9692b2ff,"tic253 - Nall Corporate Centre II {HLBT Associates, LLC}",evidenceOfInsurance,Evidence of Insurance,workersCompensation,Workers' Compensation and Employer's Liability,evidenceOfInsuranceWorkersCompensationWaiverOfSubrogationEndorsement,Waiver of Subrogation,"---prompt---
Determine if the insurer has waived their right of subrogation in favor of the certificate holder under the Workers' Compensation policy. Evidence may include: a checked ""Waiver of Subrogation"" box on the certificate, mention in the Description of Operations section stating ""waiver of subrogation applies"", or reference to form WC 00 03 13. Look for language like ""subrogation is waived"" or ""per written contract"".",matchOnce,must be present,,Present,compliant,Block Requirements,,,false,1,,2026-08-16
"Block Real Estate Services, LLC",69fdf7a362446148bd85b037,69fded2262446148bd849213,The Sunderland Foundation,69fdf16fbf1df2fe9692b2ff,"tic253 - Nall Corporate Centre II {HLBT Associates, LLC}",evidenceOfInsurance,Evidence of Insurance,6ac20aae-5728-5d57-b364-aeba38527dba,Additional Requirements,4da5b0f1-4c9d-5885-8cf8-5d3cccaed3e0,"Block Real Estate Services, LLC and all others required by contract are named as Additional Insureds","---prompt---
Determine if the Description of Operations or the Additional Remarks Schedule section states the ""Additional Insured as Construction Management, Inc. and all others required by contract"" or reference to blanket additional insured coverage. Look for language like ""certificate holder is additional insured"" or ""per written contract"".",matchOnce,must be present,,Present,compliant,Block Requirements,,,true,2,,2026-08-16
"Block Real Estate Services, LLC",69fdf7a362446148bd85b037,69fded2262446148bd849213,The Sunderland Foundation,69fdf16fbf1df2fe9692b2ff,"tic253 - Nall Corporate Centre II {HLBT Associates, LLC}",evidenceOfInsurance,Evidence of Insurance,6ac20aae-5728-5d57-b364-aeba38527dba,Additional Requirements,e1017741-e47e-5f58-97b8-fbc3043e919f,Umbrella follows form over General Liability,"---prompt---
Determine if the Umbrella/Excess Liability policy follows form to the underlying policies. Evidence may include: language in the Description of Operations section stating the umbrella follows form to underlying coverages or an additional page endorsement stating that it follows form. Follow form means the umbrella policy adopts the same terms, conditions, and exclusions as the underlying policies.",matchOnce,must be present,,Present,compliant,Block Requirements,,,true,1,,2026-08-16
"Block Real Estate Services, LLC",69fdf7a362446148bd85b037,69fded2262446148bd849213,The Sunderland Foundation,69fdf16fbf1df2fe9692b2ff,"tic253 - Nall Corporate Centre II {HLBT Associates, LLC}",evidenceOfInsurance,Evidence of Insurance,6ac20aae-5728-5d57-b364-aeba38527dba,Additional Requirements,2cdd866f-c9a4-576a-afd8-1d045762790c,The location must be listed as: 5700 W. 112th Street Suite 320 Overland Park KS 66211,,matchOnce,must be present,,Present,compliant,Block Requirements,,,true,2,,2026-08-16
"Block Real Estate Services, LLC",69fdf7a362446148bd85b037,69fded2262446148bd849213,The Sunderland Foundation,69fdf16fbf1df2fe9692b2ff,"tic253 - Nall Corporate Centre II {HLBT Associates, LLC}",evidenceOfInsurance,Evidence of Insurance,6ac20aae-5728-5d57-b364-aeba38527dba,Additional Requirements,3649e9d1-4e09-59bf-8f30-cb33c40cf117,"Certificate Holder must read: c/o Block Real Estate Services, LLC, 4622 Pennsylvania St., Suite 700, Kansas City, MO, 64112",,matchOnce,must be present,,,non_compliant,Block Requirements,,,true,0,,2026-08-16
"Block Real Estate Services, LLC",69fdf7a362446148bd85b02f,69fded0e62446148bd848b98,Aspen Properties Group,69fdf16fbf1df2fe9692b2ff,"tic253 - Nall Corporate Centre II {HLBT Associates, LLC}",evidenceOfInsurance,Evidence of Insurance,commercialGeneralLiability,Commercial General Liability,evidenceOfInsuranceCommercialGeneralLiabilityCoverageTriggerOccurrence,Coverage Trigger: Occurrence,,matchOnce,must be present,,Present,compliant,Block Requirements,,,false,1,,2026-08-16
"Block Real Estate Services, LLC",69fdf7a362446148bd85b02f,69fded0e62446148bd848b98,Aspen Properties Group,69fdf16fbf1df2fe9692b2ff,"tic253 - Nall Corporate Centre II {HLBT Associates, LLC}",evidenceOfInsurance,Evidence of Insurance,commercialGeneralLiability,Commercial General Liability,evidenceOfInsuranceCommercialGeneralLiabilityGeneralAggregateLimitAppliesPerLocation,General Aggregate Limit Applies per: Location,,matchOnce,must be present,,,non_compliant,Block Requirements,,,false,0,,2026-08-16
"Block Real Estate Services, LLC",69fdf7a362446148bd85b02f,69fded0e62446148bd848b98,Aspen Properties Group,69fdf16fbf1df2fe9692b2ff,"tic253 - Nall Corporate Centre II {HLBT Associates, LLC}",evidenceOfInsurance,Evidence of Insurance,commercialGeneralLiability,Commercial General Liability,evidenceOfInsuranceCommercialGeneralLiabilityEachOccurrence,Each Occurrence,,matchOnce,must be greater or equal to,1000000,1000000,compliant,Block Requirements,,,false,1,,2026-08-16
"Block Real Estate Services, LLC",69fdf7a362446148bd85b02f,69fded0e62446148bd848b98,Aspen Properties Group,69fdf16fbf1df2fe9692b2ff,"tic253 - Nall Corporate Centre II {HLBT Associates, LLC}",evidenceOfInsurance,Evidence of Insurance,commercialGeneralLiability,Commercial General Liability,evidenceOfInsuranceCommercialGeneralLiabilityGeneralAggregate,General Aggregate,,matchOnce,must be greater or equal to,2000000,2000000,compliant,Block Requirements,,,false,1,,2026-08-16
"Block Real Estate Services, LLC",69fdf7a362446148bd85b02f,69fded0e62446148bd848b98,Aspen Properties Group,69fdf16fbf1df2fe9692b2ff,"tic253 - Nall Corporate Centre II {HLBT Associates, LLC}",evidenceOfInsurance,Evidence of Insurance,commercialGeneralLiability,Commercial General Liability,evidenceOfInsuranceCommercialGeneralLiabilityWaiverOfSubrogationEndorsement,Waiver of Subrogation,"---prompt---
Determine if the insurer has waived their right of subrogation in favor of the certificate holder under the Commercial General Liability policy. Evidence may include: a checked ""Waiver of Subrogation"" box on the certificate, mention in the Description of Operations section stating ""waiver of subrogation applies"", or reference to form CG 24 04. Look for language like ""subrogation is waived"" or ""per written contract"".",matchOnce,must be present,,Present,compliant,Block Requirements,,,false,1,,2026-08-16
"Block Real Estate Services, LLC",69fdf7a362446148bd85b02f,69fded0e62446148bd848b98,Aspen Properties Group,69fdf16fbf1df2fe9692b2ff,"tic253 - Nall Corporate Centre II {HLBT Associates, LLC}",evidenceOfInsurance,Evidence of Insurance,excessOrUmbrellaLiability,Umbrella/Excess Liability,evidenceOfInsuranceExcessOrUmbrellaLiabilityOccurence,Coverage Trigger: Occurrence,,matchOnce,must be present,,Present,compliant,Block Requirements,,,false,1,,2026-08-16
"Block Real Estate Services, LLC",69fdf7a362446148bd85b02f,69fded0e62446148bd848b98,Aspen Properties Group,69fdf16fbf1df2fe9692b2ff,"tic253 - Nall Corporate Centre II {HLBT Associates, LLC}",evidenceOfInsurance,Evidence of Insurance,excessOrUmbrellaLiability,Umbrella/Excess Liability,evidenceOfInsuranceExcessOrUmbrellaLiabilityEachOccurrence,Each Occurrence,,matchOnce,must be greater or equal to,1000000,1000000,compliant,Block Requirements,,,false,1,,2026-08-16
"Block Real Estate Services, LLC",69fdf7a362446148bd85b02f,69fded0e62446148bd848b98,Aspen Properties Group,69fdf16fbf1df2fe9692b2ff,"tic253 - Nall Corporate Centre II {HLBT Associates, LLC}",evidenceOfInsurance,Evidence of Insurance,excessOrUmbrellaLiability,Umbrella/Excess Liability,evidenceOfInsuranceExcessOrUmbrellaLiabilityAggregate,Aggregate,,matchOnce,must be greater or equal to,1000000,1000000,compliant,Block Requirements,,,false,1,,2026-08-16
"Block Real Estate Services, LLC",69fdf7a362446148bd85b02f,69fded0e62446148bd848b98,Aspen Properties Group,69fdf16fbf1df2fe9692b2ff,"tic253 - Nall Corporate Centre II {HLBT Associates, LLC}",evidenceOfInsurance,Evidence of Insurance,workersCompensation,Workers' Compensation and Employer's Liability,evidenceOfInsuranceWorkersCompensationStatutoryLimits,Statutory Limits,,matchOnce,must be present,,Present,compliant,Block Requirements,,,false,2,,2026-08-16
"Block Real Estate Services, LLC",69fdf7a362446148bd85b02f,69fded0e62446148bd848b98,Aspen Properties Group,69fdf16fbf1df2fe9692b2ff,"tic253 - Nall Corporate Centre II {HLBT Associates, LLC}",evidenceOfInsurance,Evidence of Insurance,workersCompensation,Workers' Compensation and Employer's Liability,evidenceOfInsuranceWorkersCompensationEmployersLiabilityEachAccident,Employer's Liability Each Accident,,matchOnce,must be greater or equal to,500000,1000000,compliant,Block Requirements,,,false,3,,2026-08-16
"Block Real Estate Services, LLC",69fdf7a362446148bd85b02f,69fded0e62446148bd848b98,Aspen Properties Group,69fdf16fbf1df2fe9692b2ff,"tic253 - Nall Corporate Centre II {HLBT Associates, LLC}",evidenceOfInsurance,Evidence of Insurance,workersCompensation,Workers' Compensation and Employer's Liability,evidenceOfInsuranceWorkersCompensationEmployersLiabilityDiseaseEachEmployee,Employer's Liability Disease - each employee,,matchOnce,must be greater or equal to,500000,1000000,compliant,Block Requirements,,,false,3,,2026-08-16
"Block Real Estate Services, LLC",69fdf7a362446148bd85b02f,69fded0e62446148bd848b98,Aspen Properties Group,69fdf16fbf1df2fe9692b2ff,"tic253 - Nall Corporate Centre II {HLBT Associates, LLC}",evidenceOfInsurance,Evidence of Insurance,workersCompensation,Workers' Compensation and Employer's Liability,evidenceOfInsuranceWorkersCompensationEmployersLiabilityDiseasePolicyLimit,Employer's Liability Disease - policy limit,,matchOnce,must be greater or equal to,500000,1000000,compliant,Block Requirements,,,false,3,,2026-08-16
"Block Real Estate Services, LLC",69fdf7a362446148bd85b02f,69fded0e62446148bd848b98,Aspen Properties Group,69fdf16fbf1df2fe9692b2ff,"tic253 - Nall Corporate Centre II {HLBT Associates, LLC}",evidenceOfInsurance,Evidence of Insurance,workersCompensation,Workers' Compensation and Employer's Liability,evidenceOfInsuranceWorkersCompensationWaiverOfSubrogationEndorsement,Waiver of Subrogation,"---prompt---
Determine if the insurer has waived their right of subrogation in favor of the certificate holder under the Workers' Compensation policy. Evidence may include: a checked ""Waiver of Subrogation"" box on the certificate, mention in the Description of Operations section stating ""waiver of subrogation applies"", or reference to form WC 00 03 13. Look for language like ""subrogation is waived"" or ""per written contract"".",matchOnce,must be present,,Present,compliant,Block Requirements,,,false,1,,2026-08-16
"Block Real Estate Services, LLC",69fdf7a362446148bd85b02f,69fded0e62446148bd848b98,Aspen Properties Group,69fdf16fbf1df2fe9692b2ff,"tic253 - Nall Corporate Centre II {HLBT Associates, LLC}",evidenceOfInsurance,Evidence of Insurance,6ac20aae-5728-5d57-b364-aeba38527dba,Additional Requirements,4da5b0f1-4c9d-5885-8cf8-5d3cccaed3e0,"Block Real Estate Services, LLC and all others required by contract are named as Additional Insureds","---prompt---
Determine if the Description of Operations or the Additional Remarks Schedule section states the ""Additional Insured as Construction Management, Inc. and all others required by contract"" or reference to blanket additional insured coverage. Look for language like ""certificate holder is additional insured"" or ""per written contract"".",matchOnce,must be present,,Present,compliant,Block Requirements,,,true,1,,2026-08-16
"Block Real Estate Services, LLC",69fdf7a362446148bd85b02f,69fded0e62446148bd848b98,Aspen Properties Group,69fdf16fbf1df2fe9692b2ff,"tic253 - Nall Corporate Centre II {HLBT Associates, LLC}",evidenceOfInsurance,Evidence of Insurance,6ac20aae-5728-5d57-b364-aeba38527dba,Additional Requirements,e1017741-e47e-5f58-97b8-fbc3043e919f,Umbrella follows form over General Liability,"---prompt---
Determine if the Umbrella/Excess Liability policy follows form to the underlying policies. Evidence may include: language in the Description of Operations section stating the umbrella follows form to underlying coverages or an additional page endorsement stating that it follows form. Follow form means the umbrella policy adopts the same terms, conditions, and exclusions as the underlying policies.",matchOnce,must be present,,,non_compliant,Block Requirements,,<p>Missing Umbrella Follows Form over GL language in DOO</p>,true,0,,2026-08-16
"Block Real Estate Services, LLC",69fdf7a362446148bd85b02f,69fded0e62446148bd848b98,Aspen Properties Group,69fdf16fbf1df2fe9692b2ff,"tic253 - Nall Corporate Centre II {HLBT Associates, LLC}",evidenceOfInsurance,Evidence of Insurance,6ac20aae-5728-5d57-b364-aeba38527dba,Additional Requirements,2cdd866f-c9a4-576a-afd8-1d045762790c,The location must be listed as: 5700 W. 112th Street Suite 110 Overland Park KS 66211,,matchOnce,must be present,,Present,compliant,Block Requirements,,,true,3,,2026-08-16
"Block Real Estate Services, LLC",69fdf7a362446148bd85b02f,69fded0e62446148bd848b98,Aspen Properties Group,69fdf16fbf1df2fe9692b2ff,"tic253 - Nall Corporate Centre II {HLBT Associates, LLC}",evidenceOfInsurance,Evidence of Insurance,6ac20aae-5728-5d57-b364-aeba38527dba,Additional Requirements,3649e9d1-4e09-59bf-8f30-cb33c40cf117,"Certificate Holder must read: c/o Block Real Estate Services, LLC, 4622 Pennsylvania St., Suite 700, Kansas City, MO, 64112",,matchOnce,must be present,,Present,compliant,Block Requirements,,,true,2,,2026-08-16
"Block Real Estate Services, LLC",69fdf7a362446148bd85b032,69fded1362446148bd848d63,Employers Mutual Casualty Company (EMC Insurance),69fdf16fbf1df2fe9692b2ff,"tic253 - Nall Corporate Centre II {HLBT Associates, LLC}",evidenceOfInsurance,Evidence of Insurance,commercialGeneralLiability,Commercial General Liability,evidenceOfInsuranceCommercialGeneralLiabilityCoverageTriggerOccurrence,Coverage Trigger: Occurrence,,matchOnce,must be present,,Present,compliant,Block Requirements,,,false,1,,2026-08-16
"Block Real Estate Services, LLC",69fdf7a362446148bd85b032,69fded1362446148bd848d63,Employers Mutual Casualty Company (EMC Insurance),69fdf16fbf1df2fe9692b2ff,"tic253 - Nall Corporate Centre II {HLBT Associates, LLC}",evidenceOfInsurance,Evidence of Insurance,commercialGeneralLiability,Commercial General Liability,evidenceOfInsuranceCommercialGeneralLiabilityGeneralAggregateLimitAppliesPerLocation,General Aggregate Limit Applies per: Location,,matchOnce,must be present,,Present,compliant,Block Requirements,,,false,1,,2026-08-16
"Block Real Estate Services, LLC",69fdf7a362446148bd85b032,69fded1362446148bd848d63,Employers Mutual Casualty Company (EMC Insurance),69fdf16fbf1df2fe9692b2ff,"tic253 - Nall Corporate Centre II {HLBT Associates, LLC}",evidenceOfInsurance,Evidence of Insurance,commercialGeneralLiability,Commercial General Liability,evidenceOfInsuranceCommercialGeneralLiabilityEachOccurrence,Each Occurrence,,matchOnce,must be greater or equal to,1000000,1000000,compliant,Block Requirements,,,false,1,,2026-08-16
"Block Real Estate Services, LLC",69fdf7a362446148bd85b032,69fded1362446148bd848d63,Employers Mutual Casualty Company (EMC Insurance),69fdf16fbf1df2fe9692b2ff,"tic253 - Nall Corporate Centre II {HLBT Associates, LLC}",evidenceOfInsurance,Evidence of Insurance,commercialGeneralLiability,Commercial General Liability,evidenceOfInsuranceCommercialGeneralLiabilityGeneralAggregate,General Aggregate,,matchOnce,must be greater or equal to,2000000,2000000,compliant,Block Requirements,,,false,1,,2026-08-16
"Block Real Estate Services, LLC",69fdf7a362446148bd85b032,69fded1362446148bd848d63,Employers Mutual Casualty Company (EMC Insurance),69fdf16fbf1df2fe9692b2ff,"tic253 - Nall Corporate Centre II {HLBT Associates, LLC}",evidenceOfInsurance,Evidence of Insurance,commercialGeneralLiability,Commercial General Liability,evidenceOfInsuranceCommercialGeneralLiabilityWaiverOfSubrogationEndorsement,Waiver of Subrogation,"---prompt---
Determine if the insurer has waived their right of subrogation in favor of the certificate holder under the Commercial General Liability policy. Evidence may include: a checked ""Waiver of Subrogation"" box on the certificate, mention in the Description of Operations section stating ""waiver of subrogation applies"", or reference to form CG 24 04. Look for language like ""subrogation is waived"" or ""per written contract"".",matchOnce,must be present,,,non_compliant,Block Requirements,,,false,0,,2026-08-16
"Block Real Estate Services, LLC",69fdf7a362446148bd85b032,69fded1362446148bd848d63,Employers Mutual Casualty Company (EMC Insurance),69fdf16fbf1df2fe9692b2ff,"tic253 - Nall Corporate Centre II {HLBT Associates, LLC}",evidenceOfInsurance,Evidence of Insurance,excessOrUmbrellaLiability,Umbrella/Excess Liability,evidenceOfInsuranceExcessOrUmbrellaLiabilityOccurence,Coverage Trigger: Occurrence,,matchOnce,must be present,,Present,compliant,Block Requirements,,,false,1,,2026-08-16
"Block Real Estate Services, LLC",69fdf7a362446148bd85b032,69fded1362446148bd848d63,Employers Mutual Casualty Company (EMC Insurance),69fdf16fbf1df2fe9692b2ff,"tic253 - Nall Corporate Centre II {HLBT Associates, LLC}",evidenceOfInsurance,Evidence of Insurance,excessOrUmbrellaLiability,Umbrella/Excess Liability,evidenceOfInsuranceExcessOrUmbrellaLiabilityEachOccurrence,Each Occurrence,,matchOnce,must be greater or equal to,1000000,10000000,compliant,Block Requirements,,,false,1,,2026-08-16
"Block Real Estate Services, LLC",69fdf7a362446148bd85b032,69fded1362446148bd848d63,Employers Mutual Casualty Company (EMC Insurance),69fdf16fbf1df2fe9692b2ff,"tic253 - Nall Corporate Centre II {HLBT Associates, LLC}",evidenceOfInsurance,Evidence of Insurance,excessOrUmbrellaLiability,Umbrella/Excess Liability,evidenceOfInsuranceExcessOrUmbrellaLiabilityAggregate,Aggregate,,matchOnce,must be greater or equal to,1000000,10000000,compliant,Block Requirements,,,false,1,,2026-08-16
"Block Real Estate Services, LLC",69fdf7a362446148bd85b032,69fded1362446148bd848d63,Employers Mutual Casualty Company (EMC Insurance),69fdf16fbf1df2fe9692b2ff,"tic253 - Nall Corporate Centre II {HLBT Associates, LLC}",evidenceOfInsurance,Evidence of Insurance,workersCompensation,Workers' Compensation and Employer's Liability,evidenceOfInsuranceWorkersCompensationStatutoryLimits,Statutory Limits,,matchOnce,must be present,,Present,compliant,Block Requirements,,,false,1,,2026-08-16
"Block Real Estate Services, LLC",69fdf7a362446148bd85b032,69fded1362446148bd848d63,Employers Mutual Casualty Company (EMC Insurance),69fdf16fbf1df2fe9692b2ff,"tic253 - Nall Corporate Centre II {HLBT Associates, LLC}",evidenceOfInsurance,Evidence of Insurance,workersCompensation,Workers' Compensation and Employer's Liability,evidenceOfInsuranceWorkersCompensationEmployersLiabilityEachAccident,Employer's Liability Each Accident,,matchOnce,must be greater or equal to,500000,1000000,compliant,Block Requirements,,,false,1,,2026-08-16
"Block Real Estate Services, LLC",69fdf7a362446148bd85b032,69fded1362446148bd848d63,Employers Mutual Casualty Company (EMC Insurance),69fdf16fbf1df2fe9692b2ff,"tic253 - Nall Corporate Centre II {HLBT Associates, LLC}",evidenceOfInsurance,Evidence of Insurance,workersCompensation,Workers' Compensation and Employer's Liability,evidenceOfInsuranceWorkersCompensationEmployersLiabilityDiseaseEachEmployee,Employer's Liability Disease - each employee,,matchOnce,must be greater or equal to,500000,1000000,compliant,Block Requirements,,,false,1,,2026-08-16
"Block Real Estate Services, LLC",69fdf7a362446148bd85b032,69fded1362446148bd848d63,Employers Mutual Casualty Company (EMC Insurance),69fdf16fbf1df2fe9692b2ff,"tic253 - Nall Corporate Centre II {HLBT Associates, LLC}",evidenceOfInsurance,Evidence of Insurance,workersCompensation,Workers' Compensation and Employer's Liability,evidenceOfInsuranceWorkersCompensationEmployersLiabilityDiseasePolicyLimit,Employer's Liability Disease - policy limit,,matchOnce,must be greater or equal to,500000,1000000,compliant,Block Requirements,,,false,1,,2026-08-16
"Block Real Estate Services, LLC",69fdf7a362446148bd85b032,69fded1362446148bd848d63,Employers Mutual Casualty Company (EMC Insurance),69fdf16fbf1df2fe9692b2ff,"tic253 - Nall Corporate Centre II {HLBT Associates, LLC}",evidenceOfInsurance,Evidence of Insurance,workersCompensation,Workers' Compensation and Employer's Liability,evidenceOfInsuranceWorkersCompensationWaiverOfSubrogationEndorsement,Waiver of Subrogation,"---prompt---
Determine if the insurer has waived their right of subrogation in favor of the certificate holder under the Workers' Compensation policy. Evidence may include: a checked ""Waiver of Subrogation"" box on the certificate, mention in the Description of Operations section stating ""waiver of subrogation applies"", or reference to form WC 00 03 13. Look for language like ""subrogation is waived"" or ""per written contract"".",matchOnce,must be present,,,non_compliant,Block Requirements,,,false,0,,2026-08-16
"Block Real Estate Services, LLC",69fdf7a362446148bd85b032,69fded1362446148bd848d63,Employers Mutual Casualty Company (EMC Insurance),69fdf16fbf1df2fe9692b2ff,"tic253 - Nall Corporate Centre II {HLBT Associates, LLC}",evidenceOfInsurance,Evidence of Insurance,6ac20aae-5728-5d57-b364-aeba38527dba,Additional Requirements,4da5b0f1-4c9d-5885-8cf8-5d3cccaed3e0,"Block Real Estate Services, LLC and all others required by contract are named as Additional Insureds","---prompt---
Determine if the Description of Operations or the Additional Remarks Schedule section states the ""Additional Insured as Construction Management, Inc. and all others required by contract"" or reference to blanket additional insured coverage. Look for language like ""certificate holder is additional insured"" or ""per written contract"".",matchOnce,must be present,,,non_compliant,Block Requirements,,,true,0,,2026-08-16
"Block Real Estate Services, LLC",69fdf7a362446148bd85b032,69fded1362446148bd848d63,Employers Mutual Casualty Company (EMC Insurance),69fdf16fbf1df2fe9692b2ff,"tic253 - Nall Corporate Centre II {HLBT Associates, LLC}",evidenceOfInsurance,Evidence of Insurance,6ac20aae-5728-5d57-b364-aeba38527dba,Additional Requirements,e1017741-e47e-5f58-97b8-fbc3043e919f,Umbrella follows form over General Liability,"---prompt---
Determine if the Umbrella/Excess Liability policy follows form to the underlying policies. Evidence may include: language in the Description of Operations section stating the umbrella follows form to underlying coverages or an additional page endorsement stating that it follows form. Follow form means the umbrella policy adopts the same terms, conditions, and exclusions as the underlying policies.",matchOnce,must be present,,Present,compliant,Block Requirements,,,true,1,,2026-08-16
"Block Real Estate Services, LLC",69fdf7a362446148bd85b032,69fded1362446148bd848d63,Employers Mutual Casualty Company (EMC Insurance),69fdf16fbf1df2fe9692b2ff,"tic253 - Nall Corporate Centre II {HLBT Associates, LLC}",evidenceOfInsurance,Evidence of Insurance,6ac20aae-5728-5d57-b364-aeba38527dba,Additional Requirements,2cdd866f-c9a4-576a-afd8-1d045762790c,The location must be listed as: 5700 W. 112th Street Suite 330 Overland Park KS 66211,,matchOnce,must be present,,Present,compliant,Block Requirements,,,true,1,,2026-08-16
"Block Real Estate Services, LLC",69fdf7a362446148bd85b032,69fded1362446148bd848d63,Employers Mutual Casualty Company (EMC Insurance),69fdf16fbf1df2fe9692b2ff,"tic253 - Nall Corporate Centre II {HLBT Associates, LLC}",evidenceOfInsurance,Evidence of Insurance,6ac20aae-5728-5d57-b364-aeba38527dba,Additional Requirements,3649e9d1-4e09-59bf-8f30-cb33c40cf117,"Certificate Holder must read: c/o Block Real Estate Services, LLC, 4622 Pennsylvania St., Suite 700, Kansas City, MO, 64112",,matchOnce,must be present,,Present,compliant,Block Requirements,,,true,1,,2026-08-16
"Block Real Estate Services, LLC",69fdf7a362446148bd85b033,69fded1562446148bd848dd5,FS Investment Services Inc,69fdf16fbf1df2fe9692b2ff,"tic253 - Nall Corporate Centre II {HLBT Associates, LLC}",evidenceOfInsurance,Evidence of Insurance,commercialGeneralLiability,Commercial General Liability,evidenceOfInsuranceCommercialGeneralLiabilityCoverageTriggerOccurrence,Coverage Trigger: Occurrence,,matchOnce,must be present,,,non_compliant,Block Requirements,,,false,0,,2026-08-16
"Block Real Estate Services, LLC",69fdf7a362446148bd85b033,69fded1562446148bd848dd5,FS Investment Services Inc,69fdf16fbf1df2fe9692b2ff,"tic253 - Nall Corporate Centre II {HLBT Associates, LLC}",evidenceOfInsurance,Evidence of Insurance,commercialGeneralLiability,Commercial General Liability,evidenceOfInsuranceCommercialGeneralLiabilityGeneralAggregateLimitAppliesPerLocation,General Aggregate Limit Applies per: Location,,matchOnce,must be present,,,non_compliant,Block Requirements,,,false,0,,2026-08-16
"Block Real Estate Services, LLC",69fdf7a362446148bd85b033,69fded1562446148bd848dd5,FS Investment Services Inc,69fdf16fbf1df2fe9692b2ff,"tic253 - Nall Corporate Centre II {HLBT Associates, LLC}",evidenceOfInsurance,Evidence of Insurance,commercialGeneralLiability,Commercial General Liability,evidenceOfInsuranceCommercialGeneralLiabilityEachOccurrence,Each Occurrence,,matchOnce,must be greater or equal to,1000000,,non_compliant,Block Requirements,,,false,0,,2026-08-16
"Block Real Estate Services, LLC",69fdf7a362446148bd85b033,69fded1562446148bd848dd5,FS Investment Services Inc,69fdf16fbf1df2fe9692b2ff,"tic253 - Nall Corporate Centre II {HLBT Associates, LLC}",evidenceOfInsurance,Evidence of Insurance,commercialGeneralLiability,Commercial General Liability,evidenceOfInsuranceCommercialGeneralLiabilityGeneralAggregate,General Aggregate,,matchOnce,must be greater or equal to,2000000,,non_compliant,Block Requirements,,,false,0,,2026-08-16
"Block Real Estate Services, LLC",69fdf7a362446148bd85b033,69fded1562446148bd848dd5,FS Investment Services Inc,69fdf16fbf1df2fe9692b2ff,"tic253 - Nall Corporate Centre II {HLBT Associates, LLC}",evidenceOfInsurance,Evidence of Insurance,commercialGeneralLiability,Commercial General Liability,evidenceOfInsuranceCommercialGeneralLiabilityWaiverOfSubrogationEndorsement,Waiver of Subrogation,"---prompt---
Determine if the insurer has waived their right of subrogation in favor of the certificate holder under the Commercial General Liability policy. Evidence may include: a checked ""Waiver of Subrogation"" box on the certificate, mention in the Description of Operations section stating ""waiver of subrogation applies"", or reference to form CG 24 04. Look for language like ""subrogation is waived"" or ""per written contract"".",matchOnce,must be present,,,non_compliant,Block Requirements,,,false,0,,2026-08-16
"Block Real Estate Services, LLC",69fdf7a362446148bd85b033,69fded1562446148bd848dd5,FS Investment Services Inc,69fdf16fbf1df2fe9692b2ff,"tic253 - Nall Corporate Centre II {HLBT Associates, LLC}",evidenceOfInsurance,Evidence of Insurance,excessOrUmbrellaLiability,Umbrella/Excess Liability,evidenceOfInsuranceExcessOrUmbrellaLiabilityOccurence,Coverage Trigger: Occurrence,,matchOnce,must be present,,,non_compliant,Block Requirements,,,false,0,,2026-08-16
"Block Real Estate Services, LLC",69fdf7a362446148bd85b033,69fded1562446148bd848dd5,FS Investment Services Inc,69fdf16fbf1df2fe9692b2ff,"tic253 - Nall Corporate Centre II {HLBT Associates, LLC}",evidenceOfInsurance,Evidence of Insurance,excessOrUmbrellaLiability,Umbrella/Excess Liability,evidenceOfInsuranceExcessOrUmbrellaLiabilityEachOccurrence,Each Occurrence,,matchOnce,must be greater or equal to,1000000,,non_compliant,Block Requirements,,,false,0,,2026-08-16
"Block Real Estate Services, LLC",69fdf7a362446148bd85b033,69fded1562446148bd848dd5,FS Investment Services Inc,69fdf16fbf1df2fe9692b2ff,"tic253 - Nall Corporate Centre II {HLBT Associates, LLC}",evidenceOfInsurance,Evidence of Insurance,excessOrUmbrellaLiability,Umbrella/Excess Liability,evidenceOfInsuranceExcessOrUmbrellaLiabilityAggregate,Aggregate,,matchOnce,must be greater or equal to,1000000,,non_compliant,Block Requirements,,,false,0,,2026-08-16
"Block Real Estate Services, LLC",69fdf7a362446148bd85b033,69fded1562446148bd848dd5,FS Investment Services Inc,69fdf16fbf1df2fe9692b2ff,"tic253 - Nall Corporate Centre II {HLBT Associates, LLC}",evidenceOfInsurance,Evidence of Insurance,workersCompensation,Workers' Compensation and Employer's Liability,evidenceOfInsuranceWorkersCompensationStatutoryLimits,Statutory Limits,,matchOnce,must be present,,,non_compliant,Block Requirements,,,false,0,,2026-08-16
"Block Real Estate Services, LLC",69fdf7a362446148bd85b033,69fded1562446148bd848dd5,FS Investment Services Inc,69fdf16fbf1df2fe9692b2ff,"tic253 - Nall Corporate Centre II {HLBT Associates, LLC}",evidenceOfInsurance,Evidence of Insurance,workersCompensation,Workers' Compensation and Employer's Liability,evidenceOfInsuranceWorkersCompensationEmployersLiabilityEachAccident,Employer's Liability Each Accident,,matchOnce,must be greater or equal to,500000,,non_compliant,Block Requirements,,,false,0,,2026-08-16
"Block Real Estate Services, LLC",69fdf7a362446148bd85b033,69fded1562446148bd848dd5,FS Investment Services Inc,69fdf16fbf1df2fe9692b2ff,"tic253 - Nall Corporate Centre II {HLBT Associates, LLC}",evidenceOfInsurance,Evidence of Insurance,workersCompensation,Workers' Compensation and Employer's Liability,evidenceOfInsuranceWorkersCompensationEmployersLiabilityDiseaseEachEmployee,Employer's Liability Disease - each employee,,matchOnce,must be greater or equal to,500000,,non_compliant,Block Requirements,,,false,0,,2026-08-16
"Block Real Estate Services, LLC",69fdf7a362446148bd85b033,69fded1562446148bd848dd5,FS Investment Services Inc,69fdf16fbf1df2fe9692b2ff,"tic253 - Nall Corporate Centre II {HLBT Associates, LLC}",evidenceOfInsurance,Evidence of Insurance,workersCompensation,Workers' Compensation and Employer's Liability,evidenceOfInsuranceWorkersCompensationEmployersLiabilityDiseasePolicyLimit,Employer's Liability Disease - policy limit,,matchOnce,must be greater or equal to,500000,,non_compliant,Block Requirements,,,false,0,,2026-08-16
"Block Real Estate Services, LLC",69fdf7a362446148bd85b033,69fded1562446148bd848dd5,FS Investment Services Inc,69fdf16fbf1df2fe9692b2ff,"tic253 - Nall Corporate Centre II {HLBT Associates, LLC}",evidenceOfInsurance,Evidence of Insurance,workersCompensation,Workers' Compensation and Employer's Liability,evidenceOfInsuranceWorkersCompensationWaiverOfSubrogationEndorsement,Waiver of Subrogation,"---prompt---
Determine if the insurer has waived their right of subrogation in favor of the certificate holder under the Workers' Compensation policy. Evidence may include: a checked ""Waiver of Subrogation"" box on the certificate, mention in the Description of Operations section stating ""waiver of subrogation applies"", or reference to form WC 00 03 13. Look for language like ""subrogation is waived"" or ""per written contract"".",matchOnce,must be present,,,non_compliant,Block Requirements,,,false,0,,2026-08-16
"Block Real Estate Services, LLC",69fdf7a362446148bd85b033,69fded1562446148bd848dd5,FS Investment Services Inc,69fdf16fbf1df2fe9692b2ff,"tic253 - Nall Corporate Centre II {HLBT Associates, LLC}",evidenceOfInsurance,Evidence of Insurance,6ac20aae-5728-5d57-b364-aeba38527dba,Additional Requirements,4da5b0f1-4c9d-5885-8cf8-5d3cccaed3e0,"Block Real Estate Services, LLC and all others required by contract are named as Additional Insureds","---prompt---
Determine if the Description of Operations or the Additional Remarks Schedule section states the ""Additional Insured as Construction Management, Inc. and all others required by contract"" or reference to blanket additional insured coverage. Look for language like ""certificate holder is additional insured"" or ""per written contract"".",matchOnce,must be present,,,non_compliant,Block Requirements,,,true,0,,2026-08-16
"Block Real Estate Services, LLC",69fdf7a362446148bd85b033,69fded1562446148bd848dd5,FS Investment Services Inc,69fdf16fbf1df2fe9692b2ff,"tic253 - Nall Corporate Centre II {HLBT Associates, LLC}",evidenceOfInsurance,Evidence of Insurance,6ac20aae-5728-5d57-b364-aeba38527dba,Additional Requirements,e1017741-e47e-5f58-97b8-fbc3043e919f,Umbrella follows form over General Liability,"---prompt---
Determine if the Umbrella/Excess Liability policy follows form to the underlying policies. Evidence may include: language in the Description of Operations section stating the umbrella follows form to underlying coverages or an additional page endorsement stating that it follows form. Follow form means the umbrella policy adopts the same terms, conditions, and exclusions as the underlying policies.",matchOnce,must be present,,,non_compliant,Block Requirements,,,true,0,,2026-08-16
"Block Real Estate Services, LLC",69fdf7a362446148bd85b033,69fded1562446148bd848dd5,FS Investment Services Inc,69fdf16fbf1df2fe9692b2ff,"tic253 - Nall Corporate Centre II {HLBT Associates, LLC}",evidenceOfInsurance,Evidence of Insurance,6ac20aae-5728-5d57-b364-aeba38527dba,Additional Requirements,2cdd866f-c9a4-576a-afd8-1d045762790c,"The location must be listed as: 5700 W. 112th Street Suites 140, 150 Overland Park KS 66211",,matchOnce,must be present,,,non_compliant,Block Requirements,,,true,0,,2026-08-16
"Block Real Estate Services, LLC",69fdf7a362446148bd85b033,69fded1562446148bd848dd5,FS Investment Services Inc,69fdf16fbf1df2fe9692b2ff,"tic253 - Nall Corporate Centre II {HLBT Associates, LLC}",evidenceOfInsurance,Evidence of Insurance,6ac20aae-5728-5d57-b364-aeba38527dba,Additional Requirements,3649e9d1-4e09-59bf-8f30-cb33c40cf117,"Certificate Holder must read: c/o Block Real Estate Services, LLC, 4622 Pennsylvania St., Suite 700, Kansas City, MO, 64112",,matchOnce,must be present,,,non_compliant,Block Requirements,,,true,0,,2026-08-16
"Block Real Estate Services, LLC",69fdf7a362446148bd85b034,69fded1862446148bd848eb9,JP Morgan Chase Bank,69fdf16fbf1df2fe9692b2ff,"tic253 - Nall Corporate Centre II {HLBT Associates, LLC}",evidenceOfInsurance,Evidence of Insurance,commercialGeneralLiability,Commercial General Liability,evidenceOfInsuranceCommercialGeneralLiabilityCoverageTriggerOccurrence,Coverage Trigger: Occurrence,,matchOnce,must be present,,,non_compliant,Block Requirements,,,false,0,,2026-08-16
"Block Real Estate Services, LLC",69fdf7a362446148bd85b034,69fded1862446148bd848eb9,JP Morgan Chase Bank,69fdf16fbf1df2fe9692b2ff,"tic253 - Nall Corporate Centre II {HLBT Associates, LLC}",evidenceOfInsurance,Evidence of Insurance,commercialGeneralLiability,Commercial General Liability,evidenceOfInsuranceCommercialGeneralLiabilityGeneralAggregateLimitAppliesPerLocation,General Aggregate Limit Applies per: Location,,matchOnce,must be present,,,non_compliant,Block Requirements,,,false,0,,2026-08-16
"Block Real Estate Services, LLC",69fdf7a362446148bd85b034,69fded1862446148bd848eb9,JP Morgan Chase Bank,69fdf16fbf1df2fe9692b2ff,"tic253 - Nall Corporate Centre II {HLBT Associates, LLC}",evidenceOfInsurance,Evidence of Insurance,commercialGeneralLiability,Commercial General Liability,evidenceOfInsuranceCommercialGeneralLiabilityEachOccurrence,Each Occurrence,,matchOnce,must be greater or equal to,1000000,,non_compliant,Block Requirements,,,false,0,,2026-08-16
"Block Real Estate Services, LLC",69fdf7a362446148bd85b034,69fded1862446148bd848eb9,JP Morgan Chase Bank,69fdf16fbf1df2fe9692b2ff,"tic253 - Nall Corporate Centre II {HLBT Associates, LLC}",evidenceOfInsurance,Evidence of Insurance,commercialGeneralLiability,Commercial General Liability,evidenceOfInsuranceCommercialGeneralLiabilityGeneralAggregate,General Aggregate,,matchOnce,must be greater or equal to,2000000,,non_compliant,Block Requirements,,,false,0,,2026-08-16
"Block Real Estate Services, LLC",69fdf7a362446148bd85b034,69fded1862446148bd848eb9,JP Morgan Chase Bank,69fdf16fbf1df2fe9692b2ff,"tic253 - Nall Corporate Centre II {HLBT Associates, LLC}",evidenceOfInsurance,Evidence of Insurance,commercialGeneralLiability,Commercial General Liability,evidenceOfInsuranceCommercialGeneralLiabilityWaiverOfSubrogationEndorsement,Waiver of Subrogation,"---prompt---
Determine if the insurer has waived their right of subrogation in favor of the certificate holder under the Commercial General Liability policy. Evidence may include: a checked ""Waiver of Subrogation"" box on the certificate, mention in the Description of Operations section stating ""waiver of subrogation applies"", or reference to form CG 24 04. Look for language like ""subrogation is waived"" or ""per written contract"".",matchOnce,must be present,,,non_compliant,Block Requirements,,,false,0,,2026-08-16
"Block Real Estate Services, LLC",69fdf7a362446148bd85b034,69fded1862446148bd848eb9,JP Morgan Chase Bank,69fdf16fbf1df2fe9692b2ff,"tic253 - Nall Corporate Centre II {HLBT Associates, LLC}",evidenceOfInsurance,Evidence of Insurance,excessOrUmbrellaLiability,Umbrella/Excess Liability,evidenceOfInsuranceExcessOrUmbrellaLiabilityOccurence,Coverage Trigger: Occurrence,,matchOnce,must be present,,,non_compliant,Block Requirements,,,false,0,,2026-08-16
"Block Real Estate Services, LLC",69fdf7a362446148bd85b034,69fded1862446148bd848eb9,JP Morgan Chase Bank,69fdf16fbf1df2fe9692b2ff,"tic253 - Nall Corporate Centre II {HLBT Associates, LLC}",evidenceOfInsurance,Evidence of Insurance,excessOrUmbrellaLiability,Umbrella/Excess Liability,evidenceOfInsuranceExcessOrUmbrellaLiabilityEachOccurrence,Each Occurrence,,matchOnce,must be greater or equal to,1000000,,non_compliant,Block Requirements,,,false,0,,2026-08-16
"Block Real Estate Services, LLC",69fdf7a362446148bd85b034,69fded1862446148bd848eb9,JP Morgan Chase Bank,69fdf16fbf1df2fe9692b2ff,"tic253 - Nall Corporate Centre II {HLBT Associates, LLC}",evidenceOfInsurance,Evidence of Insurance,excessOrUmbrellaLiability,Umbrella/Excess Liability,evidenceOfInsuranceExcessOrUmbrellaLiabilityAggregate,Aggregate,,matchOnce,must be greater or equal to,1000000,,non_compliant,Block Requirements,,,false,0,,2026-08-16
"Block Real Estate Services, LLC",69fdf7a362446148bd85b034,69fded1862446148bd848eb9,JP Morgan Chase Bank,69fdf16fbf1df2fe9692b2ff,"tic253 - Nall Corporate Centre II {HLBT Associates, LLC}",evidenceOfInsurance,Evidence of Insurance,workersCompensation,Workers' Compensation and Employer's Liability,evidenceOfInsuranceWorkersCompensationStatutoryLimits,Statutory Limits,,matchOnce,must be present,,,non_compliant,Block Requirements,,,false,0,,2026-08-16
"Block Real Estate Services, LLC",69fdf7a362446148bd85b034,69fded1862446148bd848eb9,JP Morgan Chase Bank,69fdf16fbf1df2fe9692b2ff,"tic253 - Nall Corporate Centre II {HLBT Associates, LLC}",evidenceOfInsurance,Evidence of Insurance,workersCompensation,Workers' Compensation and Employer's Liability,evidenceOfInsuranceWorkersCompensationEmployersLiabilityEachAccident,Employer's Liability Each Accident,,matchOnce,must be greater or equal to,500000,,non_compliant,Block Requirements,,,false,0,,2026-08-16
"Block Real Estate Services, LLC",69fdf7a362446148bd85b034,69fded1862446148bd848eb9,JP Morgan Chase Bank,69fdf16fbf1df2fe9692b2ff,"tic253 - Nall Corporate Centre II {HLBT Associates, LLC}",evidenceOfInsurance,Evidence of Insurance,workersCompensation,Workers' Compensation and Employer's Liability,evidenceOfInsuranceWorkersCompensationEmployersLiabilityDiseaseEachEmployee,Employer's Liability Disease - each employee,,matchOnce,must be greater or equal to,500000,,non_compliant,Block Requirements,,,false,0,,2026-08-16
"Block Real Estate Services, LLC",69fdf7a362446148bd85b034,69fded1862446148bd848eb9,JP Morgan Chase Bank,69fdf16fbf1df2fe9692b2ff,"tic253 - Nall Corporate Centre II {HLBT Associates, LLC}",evidenceOfInsurance,Evidence of Insurance,workersCompensation,Workers' Compensation and Employer's Liability,evidenceOfInsuranceWorkersCompensationEmployersLiabilityDiseasePolicyLimit,Employer's Liability Disease - policy limit,,matchOnce,must be greater or equal to,500000,,non_compliant,Block Requirements,,,false,0,,2026-08-16
"Block Real Estate Services, LLC",69fdf7a362446148bd85b034,69fded1862446148bd848eb9,JP Morgan Chase Bank,69fdf16fbf1df2fe9692b2ff,"tic253 - Nall Corporate Centre II {HLBT Associates, LLC}",evidenceOfInsurance,Evidence of Insurance,workersCompensation,Workers' Compensation and Employer's Liability,evidenceOfInsuranceWorkersCompensationWaiverOfSubrogationEndorsement,Waiver of Subrogation,"---prompt---
Determine if the insurer has waived their right of subrogation in favor of the certificate holder under the Workers' Compensation policy. Evidence may include: a checked ""Waiver of Subrogation"" box on the certificate, mention in the Description of Operations section stating ""waiver of subrogation applies"", or reference to form WC 00 03 13. Look for language like ""subrogation is waived"" or ""per written contract"".",matchOnce,must be present,,,non_compliant,Block Requirements,,,false,0,,2026-08-16
"Block Real Estate Services, LLC",69fdf7a362446148bd85b034,69fded1862446148bd848eb9,JP Morgan Chase Bank,69fdf16fbf1df2fe9692b2ff,"tic253 - Nall Corporate Centre II {HLBT Associates, LLC}",evidenceOfInsurance,Evidence of Insurance,6ac20aae-5728-5d57-b364-aeba38527dba,Additional Requirements,4da5b0f1-4c9d-5885-8cf8-5d3cccaed3e0,"Block Real Estate Services, LLC and all others required by contract are named as Additional Insureds","---prompt---
Determine if the Description of Operations or the Additional Remarks Schedule section states the ""Additional Insured as Construction Management, Inc. and all others required by contract"" or reference to blanket additional insured coverage. Look for language like ""certificate holder is additional insured"" or ""per written contract"".",matchOnce,must be present,,,non_compliant,Block Requirements,,,true,0,,2026-08-16
"Block Real Estate Services, LLC",69fdf7a362446148bd85b034,69fded1862446148bd848eb9,JP Morgan Chase Bank,69fdf16fbf1df2fe9692b2ff,"tic253 - Nall Corporate Centre II {HLBT Associates, LLC}",evidenceOfInsurance,Evidence of Insurance,6ac20aae-5728-5d57-b364-aeba38527dba,Additional Requirements,e1017741-e47e-5f58-97b8-fbc3043e919f,Umbrella follows form over General Liability,"---prompt---
Determine if the Umbrella/Excess Liability policy follows form to the underlying policies. Evidence may include: language in the Description of Operations section stating the umbrella follows form to underlying coverages or an additional page endorsement stating that it follows form. Follow form means the umbrella policy adopts the same terms, conditions, and exclusions as the underlying policies.",matchOnce,must be present,,,non_compliant,Block Requirements,,,true,0,,2026-08-16
"Block Real Estate Services, LLC",69fdf7a362446148bd85b034,69fded1862446148bd848eb9,JP Morgan Chase Bank,69fdf16fbf1df2fe9692b2ff,"tic253 - Nall Corporate Centre II {HLBT Associates, LLC}",evidenceOfInsurance,Evidence of Insurance,6ac20aae-5728-5d57-b364-aeba38527dba,Additional Requirements,2cdd866f-c9a4-576a-afd8-1d045762790c,"The location must be listed as: 5700 W. 112th Street Suites 200, 400 & 500 Overland Park KS 66211",,matchOnce,must be present,,,non_compliant,Block Requirements,,,true,0,,2026-08-16
"Block Real Estate Services, LLC",69fdf7a362446148bd85b034,69fded1862446148bd848eb9,JP Morgan Chase Bank,69fdf16fbf1df2fe9692b2ff,"tic253 - Nall Corporate Centre II {HLBT Associates, LLC}",evidenceOfInsurance,Evidence of Insurance,6ac20aae-5728-5d57-b364-aeba38527dba,Additional Requirements,3649e9d1-4e09-59bf-8f30-cb33c40cf117,"Certificate Holder must read: c/o Block Real Estate Services, LLC, 4622 Pennsylvania St., Suite 700, Kansas City, MO, 64112",,matchOnce,must be present,,,non_compliant,Block Requirements,,,true,0,,2026-08-16
"Block Real Estate Services, LLC",69fdf7a362446148bd85b036,69fded1d62446148bd849069,PCG Wealth Management LLC,69fdf16fbf1df2fe9692b2ff,"tic253 - Nall Corporate Centre II {HLBT Associates, LLC}",evidenceOfInsurance,Evidence of Insurance,commercialGeneralLiability,Commercial General Liability,evidenceOfInsuranceCommercialGeneralLiabilityCoverageTriggerOccurrence,Coverage Trigger: Occurrence,,matchOnce,must be present,,Present,compliant,Block Requirements,,,false,1,,2026-08-16
"Block Real Estate Services, LLC",69fdf7a362446148bd85b036,69fded1d62446148bd849069,PCG Wealth Management LLC,69fdf16fbf1df2fe9692b2ff,"tic253 - Nall Corporate Centre II {HLBT Associates, LLC}",evidenceOfInsurance,Evidence of Insurance,commercialGeneralLiability,Commercial General Liability,evidenceOfInsuranceCommercialGeneralLiabilityGeneralAggregateLimitAppliesPerLocation,General Aggregate Limit Applies per: Location,,matchOnce,must be present,,Present,compliant,Block Requirements,,,false,1,,2026-08-16
"Block Real Estate Services, LLC",69fdf7a362446148bd85b036,69fded1d62446148bd849069,PCG Wealth Management LLC,69fdf16fbf1df2fe9692b2ff,"tic253 - Nall Corporate Centre II {HLBT Associates, LLC}",evidenceOfInsurance,Evidence of Insurance,commercialGeneralLiability,Commercial General Liability,evidenceOfInsuranceCommercialGeneralLiabilityEachOccurrence,Each Occurrence,,matchOnce,must be greater or equal to,1000000,1000000,compliant,Block Requirements,,,false,1,,2026-08-16
"Block Real Estate Services, LLC",69fdf7a362446148bd85b036,69fded1d62446148bd849069,PCG Wealth Management LLC,69fdf16fbf1df2fe9692b2ff,"tic253 - Nall Corporate Centre II {HLBT Associates, LLC}",evidenceOfInsurance,Evidence of Insurance,commercialGeneralLiability,Commercial General Liability,evidenceOfInsuranceCommercialGeneralLiabilityGeneralAggregate,General Aggregate,,matchOnce,must be greater or equal to,2000000,2000000,compliant,Block Requirements,,,false,1,,2026-08-16
"Block Real Estate Services, LLC",69fdf7a362446148bd85b036,69fded1d62446148bd849069,PCG Wealth Management LLC,69fdf16fbf1df2fe9692b2ff,"tic253 - Nall Corporate Centre II {HLBT Associates, LLC}",evidenceOfInsurance,Evidence of Insurance,commercialGeneralLiability,Commercial General Liability,evidenceOfInsuranceCommercialGeneralLiabilityWaiverOfSubrogationEndorsement,Waiver of Subrogation,"---prompt---
Determine if the insurer has waived their right of subrogation in favor of the certificate holder under the Commercial General Liability policy. Evidence may include: a checked ""Waiver of Subrogation"" box on the certificate, mention in the Description of Operations section stating ""waiver of subrogation applies"", or reference to form CG 24 04. Look for language like ""subrogation is waived"" or ""per written contract"".",matchOnce,must be present,,Present,compliant,Block Requirements,,,false,1,,2026-08-16
"Block Real Estate Services, LLC",69fdf7a362446148bd85b036,69fded1d62446148bd849069,PCG Wealth Management LLC,69fdf16fbf1df2fe9692b2ff,"tic253 - Nall Corporate Centre II {HLBT Associates, LLC}",evidenceOfInsurance,Evidence of Insurance,excessOrUmbrellaLiability,Umbrella/Excess Liability,evidenceOfInsuranceExcessOrUmbrellaLiabilityOccurence,Coverage Trigger: Occurrence,,matchOnce,must be present,,Present,compliant,Block Requirements,,,false,1,,2026-08-16
"Block Real Estate Services, LLC",69fdf7a362446148bd85b036,69fded1d62446148bd849069,PCG Wealth Management LLC,69fdf16fbf1df2fe9692b2ff,"tic253 - Nall Corporate Centre II {HLBT Associates, LLC}",evidenceOfInsurance,Evidence of Insurance,excessOrUmbrellaLiability,Umbrella/Excess Liability,evidenceOfInsuranceExcessOrUmbrellaLiabilityEachOccurrence,Each Occurrence,,matchOnce,must be greater or equal to,1000000,1000000,compliant,Block Requirements,,,false,1,,2026-08-16
"Block Real Estate Services, LLC",69fdf7a362446148bd85b036,69fded1d62446148bd849069,PCG Wealth Management LLC,69fdf16fbf1df2fe9692b2ff,"tic253 - Nall Corporate Centre II {HLBT Associates, LLC}",evidenceOfInsurance,Evidence of Insurance,excessOrUmbrellaLiability,Umbrella/Excess Liability,evidenceOfInsuranceExcessOrUmbrellaLiabilityAggregate,Aggregate,,matchOnce,must be greater or equal to,1000000,1000000,compliant,Block Requirements,,,false,1,,2026-08-16
"Block Real Estate Services, LLC",69fdf7a362446148bd85b036,69fded1d62446148bd849069,PCG Wealth Management LLC,69fdf16fbf1df2fe9692b2ff,"tic253 - Nall Corporate Centre II {HLBT Associates, LLC}",evidenceOfInsurance,Evidence of Insurance,workersCompensation,Workers' Compensation and Employer's Liability,evidenceOfInsuranceWorkersCompensationStatutoryLimits,Statutory Limits,,matchOnce,must be present,,,non_compliant,Block Requirements,,,false,0,,2026-08-16
"Block Real Estate Services, LLC",69fdf7a362446148bd85b036,69fded1d62446148bd849069,PCG Wealth Management LLC,69fdf16fbf1df2fe9692b2ff,"tic253 - Nall Corporate Centre II {HLBT Associates, LLC}",evidenceOfInsurance,Evidence of Insurance,workersCompensation,Workers' Compensation and Employer's Liability,evidenceOfInsuranceWorkersCompensationEmployersLiabilityEachAccident,Employer's Liability Each Accident,,matchOnce,must be greater or equal to,500000,,non_compliant,Block Requirements,,,false,0,,2026-08-16
"Block Real Estate Services, LLC",69fdf7a362446148bd85b036,69fded1d62446148bd849069,PCG Wealth Management LLC,69fdf16fbf1df2fe9692b2ff,"tic253 - Nall Corporate Centre II {HLBT Associates, LLC}",evidenceOfInsurance,Evidence of Insurance,workersCompensation,Workers' Compensation and Employer's Liability,evidenceOfInsuranceWorkersCompensationEmployersLiabilityDiseaseEachEmployee,Employer's Liability Disease - each employee,,matchOnce,must be greater or equal to,500000,,non_compliant,Block Requirements,,,false,0,,2026-08-16
"Block Real Estate Services, LLC",69fdf7a362446148bd85b036,69fded1d62446148bd849069,PCG Wealth Management LLC,69fdf16fbf1df2fe9692b2ff,"tic253 - Nall Corporate Centre II {HLBT Associates, LLC}",evidenceOfInsurance,Evidence of Insurance,workersCompensation,Workers' Compensation and Employer's Liability,evidenceOfInsuranceWorkersCompensationEmployersLiabilityDiseasePolicyLimit,Employer's Liability Disease - policy limit,,matchOnce,must be greater or equal to,500000,,non_compliant,Block Requirements,,,false,0,,2026-08-16
"Block Real Estate Services, LLC",69fdf7a362446148bd85b036,69fded1d62446148bd849069,PCG Wealth Management LLC,69fdf16fbf1df2fe9692b2ff,"tic253 - Nall Corporate Centre II {HLBT Associates, LLC}",evidenceOfInsurance,Evidence of Insurance,workersCompensation,Workers' Compensation and Employer's Liability,evidenceOfInsuranceWorkersCompensationWaiverOfSubrogationEndorsement,Waiver of Subrogation,"---prompt---
Determine if the insurer has waived their right of subrogation in favor of the certificate holder under the Workers' Compensation policy. Evidence may include: a checked ""Waiver of Subrogation"" box on the certificate, mention in the Description of Operations section stating ""waiver of subrogation applies"", or reference to form WC 00 03 13. Look for language like ""subrogation is waived"" or ""per written contract"".",matchOnce,must be present,,,non_compliant,Block Requirements,,,false,0,,2026-08-16
"Block Real Estate Services, LLC",69fdf7a362446148bd85b036,69fded1d62446148bd849069,PCG Wealth Management LLC,69fdf16fbf1df2fe9692b2ff,"tic253 - Nall Corporate Centre II {HLBT Associates, LLC}",evidenceOfInsurance,Evidence of Insurance,6ac20aae-5728-5d57-b364-aeba38527dba,Additional Requirements,4da5b0f1-4c9d-5885-8cf8-5d3cccaed3e0,"Block Real Estate Services, LLC and all others required by contract are named as Additional Insureds","---prompt---
Determine if the Description of Operations or the Additional Remarks Schedule section states the ""Additional Insured as Construction Management, Inc. and all others required by contract"" or reference to blanket additional insured coverage. Look for language like ""certificate holder is additional insured"" or ""per written contract"".",matchOnce,must be present,,Present,compliant,Block Requirements,,,true,1,,2026-08-16
"Block Real Estate Services, LLC",69fdf7a362446148bd85b036,69fded1d62446148bd849069,PCG Wealth Management LLC,69fdf16fbf1df2fe9692b2ff,"tic253 - Nall Corporate Centre II {HLBT Associates, LLC}",evidenceOfInsurance,Evidence of Insurance,6ac20aae-5728-5d57-b364-aeba38527dba,Additional Requirements,e1017741-e47e-5f58-97b8-fbc3043e919f,Umbrella follows form over General Liability,"---prompt---
Determine if the Umbrella/Excess Liability policy follows form to the underlying policies. Evidence may include: language in the Description of Operations section stating the umbrella follows form to underlying coverages or an additional page endorsement stating that it follows form. Follow form means the umbrella policy adopts the same terms, conditions, and exclusions as the underlying policies.",matchOnce,must be present,,Present,compliant,Block Requirements,,,true,1,,2026-08-16
"Block Real Estate Services, LLC",69fdf7a362446148bd85b036,69fded1d62446148bd849069,PCG Wealth Management LLC,69fdf16fbf1df2fe9692b2ff,"tic253 - Nall Corporate Centre II {HLBT Associates, LLC}",evidenceOfInsurance,Evidence of Insurance,6ac20aae-5728-5d57-b364-aeba38527dba,Additional Requirements,2cdd866f-c9a4-576a-afd8-1d045762790c,The location must be listed as: 5700 W. 112th Street Suite 120 Overland Park KS 66211,,matchOnce,must be present,,Present,compliant,Block Requirements,,,true,1,,2026-08-16
"Block Real Estate Services, LLC",69fdf7a362446148bd85b036,69fded1d62446148bd849069,PCG Wealth Management LLC,69fdf16fbf1df2fe9692b2ff,"tic253 - Nall Corporate Centre II {HLBT Associates, LLC}",evidenceOfInsurance,Evidence of Insurance,6ac20aae-5728-5d57-b364-aeba38527dba,Additional Requirements,3649e9d1-4e09-59bf-8f30-cb33c40cf117,"Certificate Holder must read: c/o Block Real Estate Services, LLC, 4622 Pennsylvania St., Suite 700, Kansas City, MO, 64112",,matchOnce,must be present,,Present,compliant,Block Requirements,,,true,1,,2026-08-16
"Block Real Estate Services, LLC",69fdf7a362446148bd85b035,69fded1a62446148bd848f5e,"Mariner Wealth Advisors / Mariner Holdings, LLC",69fdf16fbf1df2fe9692b2ff,"tic253 - Nall Corporate Centre II {HLBT Associates, LLC}",evidenceOfInsurance,Evidence of Insurance,commercialGeneralLiability,Commercial General Liability,evidenceOfInsuranceCommercialGeneralLiabilityCoverageTriggerOccurrence,Coverage Trigger: Occurrence,,matchOnce,must be present,,,non_compliant,Block Requirements,,,false,0,,2026-08-16
"Block Real Estate Services, LLC",69fdf7a362446148bd85b035,69fded1a62446148bd848f5e,"Mariner Wealth Advisors / Mariner Holdings, LLC",69fdf16fbf1df2fe9692b2ff,"tic253 - Nall Corporate Centre II {HLBT Associates, LLC}",evidenceOfInsurance,Evidence of Insurance,commercialGeneralLiability,Commercial General Liability,evidenceOfInsuranceCommercialGeneralLiabilityGeneralAggregateLimitAppliesPerLocation,General Aggregate Limit Applies per: Location,,matchOnce,must be present,,,non_compliant,Block Requirements,,,false,0,,2026-08-16
"Block Real Estate Services, LLC",69fdf7a362446148bd85b035,69fded1a62446148bd848f5e,"Mariner Wealth Advisors / Mariner Holdings, LLC",69fdf16fbf1df2fe9692b2ff,"tic253 - Nall Corporate Centre II {HLBT Associates, LLC}",evidenceOfInsurance,Evidence of Insurance,commercialGeneralLiability,Commercial General Liability,evidenceOfInsuranceCommercialGeneralLiabilityEachOccurrence,Each Occurrence,,matchOnce,must be greater or equal to,1000000,,non_compliant,Block Requirements,,,false,0,,2026-08-16
"Block Real Estate Services, LLC",69fdf7a362446148bd85b035,69fded1a62446148bd848f5e,"Mariner Wealth Advisors / Mariner Holdings, LLC",69fdf16fbf1df2fe9692b2ff,"tic253 - Nall Corporate Centre II {HLBT Associates, LLC}",evidenceOfInsurance,Evidence of Insurance,commercialGeneralLiability,Commercial General Liability,evidenceOfInsuranceCommercialGeneralLiabilityGeneralAggregate,General Aggregate,,matchOnce,must be greater or equal to,2000000,,non_compliant,Block Requirements,,,false,0,,2026-08-16
"Block Real Estate Services, LLC",69fdf7a362446148bd85b035,69fded1a62446148bd848f5e,"Mariner Wealth Advisors / Mariner Holdings, LLC",69fdf16fbf1df2fe9692b2ff,"tic253 - Nall Corporate Centre II {HLBT Associates, LLC}",evidenceOfInsurance,Evidence of Insurance,commercialGeneralLiability,Commercial General Liability,evidenceOfInsuranceCommercialGeneralLiabilityWaiverOfSubrogationEndorsement,Waiver of Subrogation,"---prompt---
Determine if the insurer has waived their right of subrogation in favor of the certificate holder under the Commercial General Liability policy. Evidence may include: a checked ""Waiver of Subrogation"" box on the certificate, mention in the Description of Operations section stating ""waiver of subrogation applies"", or reference to form CG 24 04. Look for language like ""subrogation is waived"" or ""per written contract"".",matchOnce,must be present,,,non_compliant,Block Requirements,,,false,0,,2026-08-16
"Block Real Estate Services, LLC",69fdf7a362446148bd85b035,69fded1a62446148bd848f5e,"Mariner Wealth Advisors / Mariner Holdings, LLC",69fdf16fbf1df2fe9692b2ff,"tic253 - Nall Corporate Centre II {HLBT Associates, LLC}",evidenceOfInsurance,Evidence of Insurance,excessOrUmbrellaLiability,Umbrella/Excess Liability,evidenceOfInsuranceExcessOrUmbrellaLiabilityOccurence,Coverage Trigger: Occurrence,,matchOnce,must be present,,,non_compliant,Block Requirements,,,false,0,,2026-08-16
"Block Real Estate Services, LLC",69fdf7a362446148bd85b035,69fded1a62446148bd848f5e,"Mariner Wealth Advisors / Mariner Holdings, LLC",69fdf16fbf1df2fe9692b2ff,"tic253 - Nall Corporate Centre II {HLBT Associates, LLC}",evidenceOfInsurance,Evidence of Insurance,excessOrUmbrellaLiability,Umbrella/Excess Liability,evidenceOfInsuranceExcessOrUmbrellaLiabilityEachOccurrence,Each Occurrence,,matchOnce,must be greater or equal to,1000000,,non_compliant,Block Requirements,,,false,0,,2026-08-16
"Block Real Estate Services, LLC",69fdf7a362446148bd85b035,69fded1a62446148bd848f5e,"Mariner Wealth Advisors / Mariner Holdings, LLC",69fdf16fbf1df2fe9692b2ff,"tic253 - Nall Corporate Centre II {HLBT Associates, LLC}",evidenceOfInsurance,Evidence of Insurance,excessOrUmbrellaLiability,Umbrella/Excess Liability,evidenceOfInsuranceExcessOrUmbrellaLiabilityAggregate,Aggregate,,matchOnce,must be greater or equal to,1000000,,non_compliant,Block Requirements,,,false,0,,2026-08-16
"Block Real Estate Services, LLC",69fdf7a362446148bd85b035,69fded1a62446148bd848f5e,"Mariner Wealth Advisors / Mariner Holdings, LLC",69fdf16fbf1df2fe9692b2ff,"tic253 - Nall Corporate Centre II {HLBT Associates, LLC}",evidenceOfInsurance,Evidence of Insurance,workersCompensation,Workers' Compensation and Employer's Liability,evidenceOfInsuranceWorkersCompensationStatutoryLimits,Statutory Limits,,matchOnce,must be present,,,non_compliant,Block Requirements,,,false,0,,2026-08-16
"Block Real Estate Services, LLC",69fdf7a362446148bd85b035,69fded1a62446148bd848f5e,"Mariner Wealth Advisors / Mariner Holdings, LLC",69fdf16fbf1df2fe9692b2ff,"tic253 - Nall Corporate Centre II {HLBT Associates, LLC}",evidenceOfInsurance,Evidence of Insurance,workersCompensation,Workers' Compensation and Employer's Liability,evidenceOfInsuranceWorkersCompensationEmployersLiabilityEachAccident,Employer's Liability Each Accident,,matchOnce,must be greater or equal to,500000,,non_compliant,Block Requirements,,,false,0,,2026-08-16
"Block Real Estate Services, LLC",69fdf7a362446148bd85b035,69fded1a62446148bd848f5e,"Mariner Wealth Advisors / Mariner Holdings, LLC",69fdf16fbf1df2fe9692b2ff,"tic253 - Nall Corporate Centre II {HLBT Associates, LLC}",evidenceOfInsurance,Evidence of Insurance,workersCompensation,Workers' Compensation and Employer's Liability,evidenceOfInsuranceWorkersCompensationEmployersLiabilityDiseaseEachEmployee,Employer's Liability Disease - each employee,,matchOnce,must be greater or equal to,500000,,non_compliant,Block Requirements,,,false,0,,2026-08-16
"Block Real Estate Services, LLC",69fdf7a362446148bd85b035,69fded1a62446148bd848f5e,"Mariner Wealth Advisors / Mariner Holdings, LLC",69fdf16fbf1df2fe9692b2ff,"tic253 - Nall Corporate Centre II {HLBT Associates, LLC}",evidenceOfInsurance,Evidence of Insurance,workersCompensation,Workers' Compensation and Employer's Liability,evidenceOfInsuranceWorkersCompensationEmployersLiabilityDiseasePolicyLimit,Employer's Liability Disease - policy limit,,matchOnce,must be greater or equal to,500000,,non_compliant,Block Requirements,,,false,0,,2026-08-16
"Block Real Estate Services, LLC",69fdf7a362446148bd85b035,69fded1a62446148bd848f5e,"Mariner Wealth Advisors / Mariner Holdings, LLC",69fdf16fbf1df2fe9692b2ff,"tic253 - Nall Corporate Centre II {HLBT Associates, LLC}",evidenceOfInsurance,Evidence of Insurance,workersCompensation,Workers' Compensation and Employer's Liability,evidenceOfInsuranceWorkersCompensationWaiverOfSubrogationEndorsement,Waiver of Subrogation,"---prompt---
Determine if the insurer has waived their right of subrogation in favor of the certificate holder under the Workers' Compensation policy. Evidence may include: a checked ""Waiver of Subrogation"" box on the certificate, mention in the Description of Operations section stating ""waiver of subrogation applies"", or reference to form WC 00 03 13. Look for language like ""subrogation is waived"" or ""per written contract"".",matchOnce,must be present,,,non_compliant,Block Requirements,,,false,0,,2026-08-16
"Block Real Estate Services, LLC",69fdf7a362446148bd85b035,69fded1a62446148bd848f5e,"Mariner Wealth Advisors / Mariner Holdings, LLC",69fdf16fbf1df2fe9692b2ff,"tic253 - Nall Corporate Centre II {HLBT Associates, LLC}",evidenceOfInsurance,Evidence of Insurance,6ac20aae-5728-5d57-b364-aeba38527dba,Additional Requirements,4da5b0f1-4c9d-5885-8cf8-5d3cccaed3e0,"Block Real Estate Services, LLC and all others required by contract are named as Additional Insureds","---prompt---
Determine if the Description of Operations or the Additional Remarks Schedule section states the ""Additional Insured as Construction Management, Inc. and all others required by contract"" or reference to blanket additional insured coverage. Look for language like ""certificate holder is additional insured"" or ""per written contract"".",matchOnce,must be present,,,non_compliant,Block Requirements,,,true,0,,2026-08-16
"Block Real Estate Services, LLC",69fdf7a362446148bd85b035,69fded1a62446148bd848f5e,"Mariner Wealth Advisors / Mariner Holdings, LLC",69fdf16fbf1df2fe9692b2ff,"tic253 - Nall Corporate Centre II {HLBT Associates, LLC}",evidenceOfInsurance,Evidence of Insurance,6ac20aae-5728-5d57-b364-aeba38527dba,Additional Requirements,e1017741-e47e-5f58-97b8-fbc3043e919f,Umbrella follows form over General Liability,"---prompt---
Determine if the Umbrella/Excess Liability policy follows form to the underlying policies. Evidence may include: language in the Description of Operations section stating the umbrella follows form to underlying coverages or an additional page endorsement stating that it follows form. Follow form means the umbrella policy adopts the same terms, conditions, and exclusions as the underlying policies.",matchOnce,must be present,,,non_compliant,Block Requirements,,,true,0,,2026-08-16
"Block Real Estate Services, LLC",69fdf7a362446148bd85b035,69fded1a62446148bd848f5e,"Mariner Wealth Advisors / Mariner Holdings, LLC",69fdf16fbf1df2fe9692b2ff,"tic253 - Nall Corporate Centre II {HLBT Associates, LLC}",evidenceOfInsurance,Evidence of Insurance,6ac20aae-5728-5d57-b364-aeba38527dba,Additional Requirements,2cdd866f-c9a4-576a-afd8-1d045762790c,"The location must be listed as: 5700 W. 112th Street Suites 200, 400 & 500 Overland Park KS 66211",,matchOnce,must be present,,,non_compliant,Block Requirements,,,true,0,,2026-08-16
"Block Real Estate Services, LLC",69fdf7a362446148bd85b035,69fded1a62446148bd848f5e,"Mariner Wealth Advisors / Mariner Holdings, LLC",69fdf16fbf1df2fe9692b2ff,"tic253 - Nall Corporate Centre II {HLBT Associates, LLC}",evidenceOfInsurance,Evidence of Insurance,6ac20aae-5728-5d57-b364-aeba38527dba,Additional Requirements,3649e9d1-4e09-59bf-8f30-cb33c40cf117,"Certificate Holder must read: c/o Block Real Estate Services, LLC, 4622 Pennsylvania St., Suite 700, Kansas City, MO, 64112",,matchOnce,must be present,,,non_compliant,Block Requirements,,,true,0,,2026-08-16
"Block Real Estate Services, LLC",69fdf7b562446148bd85c489,69fded0d62446148bd848b41,AGI SureTrack LLC,69fdf21419e1eeeaeb9ad90b,"tic880 - 8040 Bond {8040 Bond Investors, LLC}",evidenceOfInsurance,Evidence of Insurance,commercialGeneralLiability,Commercial General Liability,evidenceOfInsuranceCommercialGeneralLiabilityCoverageTriggerOccurrence,Coverage Trigger: Occurrence,,matchOnce,must be present,,,non_compliant,Block Requirements,,,false,0,,2026-08-16
"Block Real Estate Services, LLC",69fdf7b562446148bd85c489,69fded0d62446148bd848b41,AGI SureTrack LLC,69fdf21419e1eeeaeb9ad90b,"tic880 - 8040 Bond {8040 Bond Investors, LLC}",evidenceOfInsurance,Evidence of Insurance,commercialGeneralLiability,Commercial General Liability,evidenceOfInsuranceCommercialGeneralLiabilityGeneralAggregateLimitAppliesPerLocation,General Aggregate Limit Applies per: Location,,matchOnce,must be present,,,non_compliant,Block Requirements,,,false,0,,2026-08-16
"Block Real Estate Services, LLC",69fdf7b562446148bd85c489,69fded0d62446148bd848b41,AGI SureTrack LLC,69fdf21419e1eeeaeb9ad90b,"tic880 - 8040 Bond {8040 Bond Investors, LLC}",evidenceOfInsurance,Evidence of Insurance,commercialGeneralLiability,Commercial General Liability,evidenceOfInsuranceCommercialGeneralLiabilityEachOccurrence,Each Occurrence,,matchOnce,must be greater or equal to,1000000,,non_compliant,Block Requirements,,,false,0,,2026-08-16
"Block Real Estate Services, LLC",69fdf7b562446148bd85c489,69fded0d62446148bd848b41,AGI SureTrack LLC,69fdf21419e1eeeaeb9ad90b,"tic880 - 8040 Bond {8040 Bond Investors, LLC}",evidenceOfInsurance,Evidence of Insurance,commercialGeneralLiability,Commercial General Liability,evidenceOfInsuranceCommercialGeneralLiabilityGeneralAggregate,General Aggregate,,matchOnce,must be greater or equal to,2000000,,non_compliant,Block Requirements,,,false,0,,2026-08-16
"Block Real Estate Services, LLC",69fdf7b562446148bd85c489,69fded0d62446148bd848b41,AGI SureTrack LLC,69fdf21419e1eeeaeb9ad90b,"tic880 - 8040 Bond {8040 Bond Investors, LLC}",evidenceOfInsurance,Evidence of Insurance,commercialGeneralLiability,Commercial General Liability,evidenceOfInsuranceCommercialGeneralLiabilityWaiverOfSubrogationEndorsement,Waiver of Subrogation,"---prompt---
Determine if the insurer has waived their right of subrogation in favor of the certificate holder under the Commercial General Liability policy. Evidence may include: a checked ""Waiver of Subrogation"" box on the certificate, mention in the Description of Operations section stating ""waiver of subrogation applies"", or reference to form CG 24 04. Look for language like ""subrogation is waived"" or ""per written contract"".",matchOnce,must be present,,,non_compliant,Block Requirements,,,false,0,,2026-08-16
"Block Real Estate Services, LLC",69fdf7b562446148bd85c489,69fded0d62446148bd848b41,AGI SureTrack LLC,69fdf21419e1eeeaeb9ad90b,"tic880 - 8040 Bond {8040 Bond Investors, LLC}",evidenceOfInsurance,Evidence of Insurance,excessOrUmbrellaLiability,Umbrella/Excess Liability,evidenceOfInsuranceExcessOrUmbrellaLiabilityOccurence,Coverage Trigger: Occurrence,,matchOnce,must be present,,,non_compliant,Block Requirements,,,false,0,,2026-08-16
"Block Real Estate Services, LLC",69fdf7b562446148bd85c489,69fded0d62446148bd848b41,AGI SureTrack LLC,69fdf21419e1eeeaeb9ad90b,"tic880 - 8040 Bond {8040 Bond Investors, LLC}",evidenceOfInsurance,Evidence of Insurance,excessOrUmbrellaLiability,Umbrella/Excess Liability,evidenceOfInsuranceExcessOrUmbrellaLiabilityEachOccurrence,Each Occurrence,,matchOnce,must be greater or equal to,1000000,,non_compliant,Block Requirements,,,false,0,,2026-08-16
"Block Real Estate Services, LLC",69fdf7b562446148bd85c489,69fded0d62446148bd848b41,AGI SureTrack LLC,69fdf21419e1eeeaeb9ad90b,"tic880 - 8040 Bond {8040 Bond Investors, LLC}",evidenceOfInsurance,Evidence of Insurance,excessOrUmbrellaLiability,Umbrella/Excess Liability,evidenceOfInsuranceExcessOrUmbrellaLiabilityAggregate,Aggregate,,matchOnce,must be greater or equal to,1000000,,non_compliant,Block Requirements,,,false,0,,2026-08-16
"Block Real Estate Services, LLC",69fdf7b562446148bd85c489,69fded0d62446148bd848b41,AGI SureTrack LLC,69fdf21419e1eeeaeb9ad90b,"tic880 - 8040 Bond {8040 Bond Investors, LLC}",evidenceOfInsurance,Evidence of Insurance,workersCompensation,Workers' Compensation and Employer's Liability,evidenceOfInsuranceWorkersCompensationStatutoryLimits,Statutory Limits,,matchOnce,must be present,,,non_compliant,Block Requirements,,,false,0,,2026-08-16
"Block Real Estate Services, LLC",69fdf7b562446148bd85c489,69fded0d62446148bd848b41,AGI SureTrack LLC,69fdf21419e1eeeaeb9ad90b,"tic880 - 8040 Bond {8040 Bond Investors, LLC}",evidenceOfInsurance,Evidence of Insurance,workersCompensation,Workers' Compensation and Employer's Liability,evidenceOfInsuranceWorkersCompensationEmployersLiabilityEachAccident,Employer's Liability Each Accident,,matchOnce,must be greater or equal to,500000,,non_compliant,Block Requirements,,,false,0,,2026-08-16
"Block Real Estate Services, LLC",69fdf7b562446148bd85c489,69fded0d62446148bd848b41,AGI SureTrack LLC,69fdf21419e1eeeaeb9ad90b,"tic880 - 8040 Bond {8040 Bond Investors, LLC}",evidenceOfInsurance,Evidence of Insurance,workersCompensation,Workers' Compensation and Employer's Liability,evidenceOfInsuranceWorkersCompensationEmployersLiabilityDiseaseEachEmployee,Employer's Liability Disease - each employee,,matchOnce,must be greater or equal to,500000,,non_compliant,Block Requirements,,,false,0,,2026-08-16
"Block Real Estate Services, LLC",69fdf7b562446148bd85c489,69fded0d62446148bd848b41,AGI SureTrack LLC,69fdf21419e1eeeaeb9ad90b,"tic880 - 8040 Bond {8040 Bond Investors, LLC}",evidenceOfInsurance,Evidence of Insurance,workersCompensation,Workers' Compensation and Employer's Liability,evidenceOfInsuranceWorkersCompensationEmployersLiabilityDiseasePolicyLimit,Employer's Liability Disease - policy limit,,matchOnce,must be greater or equal to,500000,,non_compliant,Block Requirements,,,false,0,,2026-08-16
"Block Real Estate Services, LLC",69fdf7b562446148bd85c489,69fded0d62446148bd848b41,AGI SureTrack LLC,69fdf21419e1eeeaeb9ad90b,"tic880 - 8040 Bond {8040 Bond Investors, LLC}",evidenceOfInsurance,Evidence of Insurance,workersCompensation,Workers' Compensation and Employer's Liability,evidenceOfInsuranceWorkersCompensationWaiverOfSubrogationEndorsement,Waiver of Subrogation,"---prompt---
Determine if the insurer has waived their right of subrogation in favor of the certificate holder under the Workers' Compensation policy. Evidence may include: a checked ""Waiver of Subrogation"" box on the certificate, mention in the Description of Operations section stating ""waiver of subrogation applies"", or reference to form WC 00 03 13. Look for language like ""subrogation is waived"" or ""per written contract"".",matchOnce,must be present,,,non_compliant,Block Requirements,,,false,0,,2026-08-16
"Block Real Estate Services, LLC",69fdf7b562446148bd85c489,69fded0d62446148bd848b41,AGI SureTrack LLC,69fdf21419e1eeeaeb9ad90b,"tic880 - 8040 Bond {8040 Bond Investors, LLC}",evidenceOfInsurance,Evidence of Insurance,6ac20aae-5728-5d57-b364-aeba38527dba,Additional Requirements,4da5b0f1-4c9d-5885-8cf8-5d3cccaed3e0,"Block Real Estate Services, LLC and all others required by contract are named as Additional Insureds","---prompt---
Determine if the Description of Operations or the Additional Remarks Schedule section states the ""Additional Insured as Construction Management, Inc. and all others required by contract"" or reference to blanket additional insured coverage. Look for language like ""certificate holder is additional insured"" or ""per written contract"".",matchOnce,must be present,,,non_compliant,Block Requirements,,,true,0,,2026-08-16
"Block Real Estate Services, LLC",69fdf7b562446148bd85c489,69fded0d62446148bd848b41,AGI SureTrack LLC,69fdf21419e1eeeaeb9ad90b,"tic880 - 8040 Bond {8040 Bond Investors, LLC}",evidenceOfInsurance,Evidence of Insurance,6ac20aae-5728-5d57-b364-aeba38527dba,Additional Requirements,e1017741-e47e-5f58-97b8-fbc3043e919f,Umbrella follows form over General Liability,"---prompt---
Determine if the Umbrella/Excess Liability policy follows form to the underlying policies. Evidence may include: language in the Description of Operations section stating the umbrella follows form to underlying coverages or an additional page endorsement stating that it follows form. Follow form means the umbrella policy adopts the same terms, conditions, and exclusions as the underlying policies.",matchOnce,must be present,,,non_compliant,Block Requirements,,,true,0,,2026-08-16
"Block Real Estate Services, LLC",69fdf7b562446148bd85c489,69fded0d62446148bd848b41,AGI SureTrack LLC,69fdf21419e1eeeaeb9ad90b,"tic880 - 8040 Bond {8040 Bond Investors, LLC}",evidenceOfInsurance,Evidence of Insurance,6ac20aae-5728-5d57-b364-aeba38527dba,Additional Requirements,2cdd866f-c9a4-576a-afd8-1d045762790c,The location must be listed as: 8040 Bond Street Lenexa KS 66214,,matchOnce,must be present,,,non_compliant,Block Requirements,,,true,0,,2026-08-16
"Block Real Estate Services, LLC",69fdf7b562446148bd85c489,69fded0d62446148bd848b41,AGI SureTrack LLC,69fdf21419e1eeeaeb9ad90b,"tic880 - 8040 Bond {8040 Bond Investors, LLC}",evidenceOfInsurance,Evidence of Insurance,6ac20aae-5728-5d57-b364-aeba38527dba,Additional Requirements,3649e9d1-4e09-59bf-8f30-cb33c40cf117,"Certificate Holder must read: c/o Block Real Estate Services, LLC, 4622 Pennsylvania St., Suite 700, Kansas City, MO, 64112",,matchOnce,must be present,,,non_compliant,Block Requirements,,,true,0,,2026-08-16
"Block Real Estate Services, LLC",69fdf76e62446148bd8573ea,69fded1462446148bd848d9f,"Popculture Gourmet Popcorn / FILGR, LLC",69fdf0533b208288e0a7d827,"kci281 - Platte Valley Industrial Center 1 {Platte Valley Investment, LLC}",evidenceOfInsurance,Evidence of Insurance,commercialGeneralLiability,Commercial General Liability,evidenceOfInsuranceCommercialGeneralLiabilityCoverageTriggerOccurrence,Coverage Trigger: Occurrence,,matchOnce,must be present,,Present,compliant,Block Requirements,,,false,1,,2026-08-16
"Block Real Estate Services, LLC",69fdf76e62446148bd8573ea,69fded1462446148bd848d9f,"Popculture Gourmet Popcorn / FILGR, LLC",69fdf0533b208288e0a7d827,"kci281 - Platte Valley Industrial Center 1 {Platte Valley Investment, LLC}",evidenceOfInsurance,Evidence of Insurance,commercialGeneralLiability,Commercial General Liability,evidenceOfInsuranceCommercialGeneralLiabilityGeneralAggregateLimitAppliesPerLocation,General Aggregate Limit Applies per: Location,,matchOnce,must be present,,,non_compliant,Block Requirements,,,false,0,,2026-08-16
"Block Real Estate Services, LLC",69fdf76e62446148bd8573ea,69fded1462446148bd848d9f,"Popculture Gourmet Popcorn / FILGR, LLC",69fdf0533b208288e0a7d827,"kci281 - Platte Valley Industrial Center 1 {Platte Valley Investment, LLC}",evidenceOfInsurance,Evidence of Insurance,commercialGeneralLiability,Commercial General Liability,evidenceOfInsuranceCommercialGeneralLiabilityEachOccurrence,Each Occurrence,,matchOnce,must be greater or equal to,1000000,1000000,compliant,Block Requirements,,,false,1,,2026-08-16
"Block Real Estate Services, LLC",69fdf76e62446148bd8573ea,69fded1462446148bd848d9f,"Popculture Gourmet Popcorn / FILGR, LLC",69fdf0533b208288e0a7d827,"kci281 - Platte Valley Industrial Center 1 {Platte Valley Investment, LLC}",evidenceOfInsurance,Evidence of Insurance,commercialGeneralLiability,Commercial General Liability,evidenceOfInsuranceCommercialGeneralLiabilityGeneralAggregate,General Aggregate,,matchOnce,must be greater or equal to,2000000,200000,non_compliant,Block Requirements,,,false,1,,2026-08-16
"Block Real Estate Services, LLC",69fdf76e62446148bd8573ea,69fded1462446148bd848d9f,"Popculture Gourmet Popcorn / FILGR, LLC",69fdf0533b208288e0a7d827,"kci281 - Platte Valley Industrial Center 1 {Platte Valley Investment, LLC}",evidenceOfInsurance,Evidence of Insurance,commercialGeneralLiability,Commercial General Liability,evidenceOfInsuranceCommercialGeneralLiabilityWaiverOfSubrogationEndorsement,Waiver of Subrogation,"---prompt---
Determine if the insurer has waived their right of subrogation in favor of the certificate holder under the Commercial General Liability policy. Evidence may include: a checked ""Waiver of Subrogation"" box on the certificate, mention in the Description of Operations section stating ""waiver of subrogation applies"", or reference to form CG 24 04. Look for language like ""subrogation is waived"" or ""per written contract"".",matchOnce,must be present,,,non_compliant,Block Requirements,,,false,0,,2026-08-16
"Block Real Estate Services, LLC",69fdf76e62446148bd8573ea,69fded1462446148bd848d9f,"Popculture Gourmet Popcorn / FILGR, LLC",69fdf0533b208288e0a7d827,"kci281 - Platte Valley Industrial Center 1 {Platte Valley Investment, LLC}",evidenceOfInsurance,Evidence of Insurance,excessOrUmbrellaLiability,Umbrella/Excess Liability,evidenceOfInsuranceExcessOrUmbrellaLiabilityOccurence,Coverage Trigger: Occurrence,,matchOnce,must be present,,,non_compliant,Block Requirements,,,false,0,,2026-08-16
"Block Real Estate Services, LLC",69fdf76e62446148bd8573ea,69fded1462446148bd848d9f,"Popculture Gourmet Popcorn / FILGR, LLC",69fdf0533b208288e0a7d827,"kci281 - Platte Valley Industrial Center 1 {Platte Valley Investment, LLC}",evidenceOfInsurance,Evidence of Insurance,excessOrUmbrellaLiability,Umbrella/Excess Liability,evidenceOfInsuranceExcessOrUmbrellaLiabilityEachOccurrence,Each Occurrence,,matchOnce,must be greater or equal to,1000000,,non_compliant,Block Requirements,,,false,0,,2026-08-16
"Block Real Estate Services, LLC",69fdf76e62446148bd8573ea,69fded1462446148bd848d9f,"Popculture Gourmet Popcorn / FILGR, LLC",69fdf0533b208288e0a7d827,"kci281 - Platte Valley Industrial Center 1 {Platte Valley Investment, LLC}",evidenceOfInsurance,Evidence of Insurance,excessOrUmbrellaLiability,Umbrella/Excess Liability,evidenceOfInsuranceExcessOrUmbrellaLiabilityAggregate,Aggregate,,matchOnce,must be greater or equal to,1000000,,non_compliant,Block Requirements,,,false,0,,2026-08-16
"Block Real Estate Services, LLC",69fdf76e62446148bd8573ea,69fded1462446148bd848d9f,"Popculture Gourmet Popcorn / FILGR, LLC",69fdf0533b208288e0a7d827,"kci281 - Platte Valley Industrial Center 1 {Platte Valley Investment, LLC}",evidenceOfInsurance,Evidence of Insurance,workersCompensation,Workers' Compensation and Employer's Liability,evidenceOfInsuranceWorkersCompensationStatutoryLimits,Statutory Limits,,matchOnce,must be present,,,non_compliant,Block Requirements,,,false,0,,2026-08-16
"Block Real Estate Services, LLC",69fdf76e62446148bd8573ea,69fded1462446148bd848d9f,"Popculture Gourmet Popcorn / FILGR, LLC",69fdf0533b208288e0a7d827,"kci281 - Platte Valley Industrial Center 1 {Platte Valley Investment, LLC}",evidenceOfInsurance,Evidence of Insurance,workersCompensation,Workers' Compensation and Employer's Liability,evidenceOfInsuranceWorkersCompensationEmployersLiabilityEachAccident,Employer's Liability Each Accident,,matchOnce,must be greater or equal to,500000,,non_compliant,Block Requirements,,,false,0,,2026-08-16
"Block Real Estate Services, LLC",69fdf76e62446148bd8573ea,69fded1462446148bd848d9f,"Popculture Gourmet Popcorn / FILGR, LLC",69fdf0533b208288e0a7d827,"kci281 - Platte Valley Industrial Center 1 {Platte Valley Investment, LLC}",evidenceOfInsurance,Evidence of Insurance,workersCompensation,Workers' Compensation and Employer's Liability,evidenceOfInsuranceWorkersCompensationEmployersLiabilityDiseaseEachEmployee,Employer's Liability Disease - each employee,,matchOnce,must be greater or equal to,500000,,non_compliant,Block Requirements,,,false,0,,2026-08-16
"Block Real Estate Services, LLC",69fdf76e62446148bd8573ea,69fded1462446148bd848d9f,"Popculture Gourmet Popcorn / FILGR, LLC",69fdf0533b208288e0a7d827,"kci281 - Platte Valley Industrial Center 1 {Platte Valley Investment, LLC}",evidenceOfInsurance,Evidence of Insurance,workersCompensation,Workers' Compensation and Employer's Liability,evidenceOfInsuranceWorkersCompensationEmployersLiabilityDiseasePolicyLimit,Employer's Liability Disease - policy limit,,matchOnce,must be greater or equal to,500000,,non_compliant,Block Requirements,,,false,0,,2026-08-16
"Block Real Estate Services, LLC",69fdf76e62446148bd8573ea,69fded1462446148bd848d9f,"Popculture Gourmet Popcorn / FILGR, LLC",69fdf0533b208288e0a7d827,"kci281 - Platte Valley Industrial Center 1 {Platte Valley Investment, LLC}",evidenceOfInsurance,Evidence of Insurance,workersCompensation,Workers' Compensation and Employer's Liability,evidenceOfInsuranceWorkersCompensationWaiverOfSubrogationEndorsement,Waiver of Subrogation,"---prompt---
Determine if the insurer has waived their right of subrogation in favor of the certificate holder under the Workers' Compensation policy. Evidence may include: a checked ""Waiver of Subrogation"" box on the certificate, mention in the Description of Operations section stating ""waiver of subrogation applies"", or reference to form WC 00 03 13. Look for language like ""subrogation is waived"" or ""per written contract"".",matchOnce,must be present,,,non_compliant,Block Requirements,,,false,0,,2026-08-16
"Block Real Estate Services, LLC",69fdf76e62446148bd8573ea,69fded1462446148bd848d9f,"Popculture Gourmet Popcorn / FILGR, LLC",69fdf0533b208288e0a7d827,"kci281 - Platte Valley Industrial Center 1 {Platte Valley Investment, LLC}",evidenceOfInsurance,Evidence of Insurance,6ac20aae-5728-5d57-b364-aeba38527dba,Additional Requirements,4da5b0f1-4c9d-5885-8cf8-5d3cccaed3e0,"Block Real Estate Services, LLC and all others required by contract are named as Additional Insureds","---prompt---
Determine if the Description of Operations or the Additional Remarks Schedule section states the ""Additional Insured as Construction Management, Inc. and all others required by contract"" or reference to blanket additional insured coverage. Look for language like ""certificate holder is additional insured"" or ""per written contract"".",matchOnce,must be present,,,non_compliant,Block Requirements,,,true,0,,2026-08-16
"Block Real Estate Services, LLC",69fdf76e62446148bd8573ea,69fded1462446148bd848d9f,"Popculture Gourmet Popcorn / FILGR, LLC",69fdf0533b208288e0a7d827,"kci281 - Platte Valley Industrial Center 1 {Platte Valley Investment, LLC}",evidenceOfInsurance,Evidence of Insurance,6ac20aae-5728-5d57-b364-aeba38527dba,Additional Requirements,e1017741-e47e-5f58-97b8-fbc3043e919f,Umbrella follows form over General Liability,"---prompt---
Determine if the Umbrella/Excess Liability policy follows form to the underlying policies. Evidence may include: language in the Description of Operations section stating the umbrella follows form to underlying coverages or an additional page endorsement stating that it follows form. Follow form means the umbrella policy adopts the same terms, conditions, and exclusions as the underlying policies.",matchOnce,must be present,,,non_compliant,Block Requirements,,,true,0,,2026-08-16
"Block Real Estate Services, LLC",69fdf76e62446148bd8573ea,69fded1462446148bd848d9f,"Popculture Gourmet Popcorn / FILGR, LLC",69fdf0533b208288e0a7d827,"kci281 - Platte Valley Industrial Center 1 {Platte Valley Investment, LLC}",evidenceOfInsurance,Evidence of Insurance,6ac20aae-5728-5d57-b364-aeba38527dba,Additional Requirements,2cdd866f-c9a4-576a-afd8-1d045762790c,"The location must be listed as: 202 NW Platte Valley Drive, Riverside, MO, 64150",,matchOnce,must be present,,,non_compliant,Block Requirements,,,true,0,,2026-08-16
"Block Real Estate Services, LLC",69fdf76e62446148bd8573ea,69fded1462446148bd848d9f,"Popculture Gourmet Popcorn / FILGR, LLC",69fdf0533b208288e0a7d827,"kci281 - Platte Valley Industrial Center 1 {Platte Valley Investment, LLC}",evidenceOfInsurance,Evidence of Insurance,6ac20aae-5728-5d57-b364-aeba38527dba,Additional Requirements,3649e9d1-4e09-59bf-8f30-cb33c40cf117,"Certificate Holder must read: c/o Block Real Estate Services, LLC, 4622 Pennsylvania St., Suite 700, Kansas City, MO, 64112",,matchOnce,must be present,,,non_compliant,Block Requirements,,,true,0,,2026-08-16
"Block Real Estate Services, LLC",69fdf76e62446148bd8573eb,69fded1762446148bd848e4a,Healthy Meals Inc,69fdf0533b208288e0a7d827,"kci281 - Platte Valley Industrial Center 1 {Platte Valley Investment, LLC}",evidenceOfInsurance,Evidence of Insurance,commercialGeneralLiability,Commercial General Liability,evidenceOfInsuranceCommercialGeneralLiabilityCoverageTriggerOccurrence,Coverage Trigger: Occurrence,,matchOnce,must be present,,Present,compliant,Block Requirements,,,false,2,,2026-08-16
"Block Real Estate Services, LLC",69fdf76e62446148bd8573eb,69fded1762446148bd848e4a,Healthy Meals Inc,69fdf0533b208288e0a7d827,"kci281 - Platte Valley Industrial Center 1 {Platte Valley Investment, LLC}",evidenceOfInsurance,Evidence of Insurance,commercialGeneralLiability,Commercial General Liability,evidenceOfInsuranceCommercialGeneralLiabilityGeneralAggregateLimitAppliesPerLocation,General Aggregate Limit Applies per: Location,,matchOnce,must be present,,Present,compliant,Block Requirements,,,false,1,,2026-08-16
"Block Real Estate Services, LLC",69fdf76e62446148bd8573eb,69fded1762446148bd848e4a,Healthy Meals Inc,69fdf0533b208288e0a7d827,"kci281 - Platte Valley Industrial Center 1 {Platte Valley Investment, LLC}",evidenceOfInsurance,Evidence of Insurance,commercialGeneralLiability,Commercial General Liability,evidenceOfInsuranceCommercialGeneralLiabilityEachOccurrence,Each Occurrence,,matchOnce,must be greater or equal to,1000000,1000000,compliant,Block Requirements,,,false,2,,2026-08-16
"Block Real Estate Services, LLC",69fdf76e62446148bd8573eb,69fded1762446148bd848e4a,Healthy Meals Inc,69fdf0533b208288e0a7d827,"kci281 - Platte Valley Industrial Center 1 {Platte Valley Investment, LLC}",evidenceOfInsurance,Evidence of Insurance,commercialGeneralLiability,Commercial General Liability,evidenceOfInsuranceCommercialGeneralLiabilityGeneralAggregate,General Aggregate,,matchOnce,must be greater or equal to,2000000,2000000,compliant,Block Requirements,,,false,2,,2026-08-16
"Block Real Estate Services, LLC",69fdf76e62446148bd8573eb,69fded1762446148bd848e4a,Healthy Meals Inc,69fdf0533b208288e0a7d827,"kci281 - Platte Valley Industrial Center 1 {Platte Valley Investment, LLC}",evidenceOfInsurance,Evidence of Insurance,commercialGeneralLiability,Commercial General Liability,evidenceOfInsuranceCommercialGeneralLiabilityWaiverOfSubrogationEndorsement,Waiver of Subrogation,"---prompt---
Determine if the insurer has waived their right of subrogation in favor of the certificate holder under the Commercial General Liability policy. Evidence may include: a checked ""Waiver of Subrogation"" box on the certificate, mention in the Description of Operations section stating ""waiver of subrogation applies"", or reference to form CG 24 04. Look for language like ""subrogation is waived"" or ""per written contract"".",matchOnce,must be present,,Present,compliant,Block Requirements,,,false,2,,2026-08-16
"Block Real Estate Services, LLC",69fdf76e62446148bd8573eb,69fded1762446148bd848e4a,Healthy Meals Inc,69fdf0533b208288e0a7d827,"kci281 - Platte Valley Industrial Center 1 {Platte Valley Investment, LLC}",evidenceOfInsurance,Evidence of Insurance,excessOrUmbrellaLiability,Umbrella/Excess Liability,evidenceOfInsuranceExcessOrUmbrellaLiabilityOccurence,Coverage Trigger: Occurrence,,matchOnce,must be present,,Present,compliant,Block Requirements,,,false,2,,2026-08-16
"Block Real Estate Services, LLC",69fdf76e62446148bd8573eb,69fded1762446148bd848e4a,Healthy Meals Inc,69fdf0533b208288e0a7d827,"kci281 - Platte Valley Industrial Center 1 {Platte Valley Investment, LLC}",evidenceOfInsurance,Evidence of Insurance,excessOrUmbrellaLiability,Umbrella/Excess Liability,evidenceOfInsuranceExcessOrUmbrellaLiabilityEachOccurrence,Each Occurrence,,matchOnce,must be greater or equal to,1000000,1000000,compliant,Block Requirements,,,false,2,,2026-08-16
"Block Real Estate Services, LLC",69fdf76e62446148bd8573eb,69fded1762446148bd848e4a,Healthy Meals Inc,69fdf0533b208288e0a7d827,"kci281 - Platte Valley Industrial Center 1 {Platte Valley Investment, LLC}",evidenceOfInsurance,Evidence of Insurance,excessOrUmbrellaLiability,Umbrella/Excess Liability,evidenceOfInsuranceExcessOrUmbrellaLiabilityAggregate,Aggregate,,matchOnce,must be greater or equal to,1000000,1000000,compliant,Block Requirements,,,false,2,,2026-08-16
"Block Real Estate Services, LLC",69fdf76e62446148bd8573eb,69fded1762446148bd848e4a,Healthy Meals Inc,69fdf0533b208288e0a7d827,"kci281 - Platte Valley Industrial Center 1 {Platte Valley Investment, LLC}",evidenceOfInsurance,Evidence of Insurance,workersCompensation,Workers' Compensation and Employer's Liability,evidenceOfInsuranceWorkersCompensationStatutoryLimits,Statutory Limits,,matchOnce,must be present,,,waived,Block Requirements,,,false,0,,2026-08-16
"Block Real Estate Services, LLC",69fdf76e62446148bd8573eb,69fded1762446148bd848e4a,Healthy Meals Inc,69fdf0533b208288e0a7d827,"kci281 - Platte Valley Industrial Center 1 {Platte Valley Investment, LLC}",evidenceOfInsurance,Evidence of Insurance,workersCompensation,Workers' Compensation and Employer's Liability,evidenceOfInsuranceWorkersCompensationEmployersLiabilityEachAccident,Employer's Liability Each Accident,,matchOnce,must be greater or equal to,500000,,waived,Block Requirements,,,false,0,,2026-08-16
"Block Real Estate Services, LLC",69fdf76e62446148bd8573eb,69fded1762446148bd848e4a,Healthy Meals Inc,69fdf0533b208288e0a7d827,"kci281 - Platte Valley Industrial Center 1 {Platte Valley Investment, LLC}",evidenceOfInsurance,Evidence of Insurance,workersCompensation,Workers' Compensation and Employer's Liability,evidenceOfInsuranceWorkersCompensationEmployersLiabilityDiseaseEachEmployee,Employer's Liability Disease - each employee,,matchOnce,must be greater or equal to,500000,,waived,Block Requirements,,,false,0,,2026-08-16
"Block Real Estate Services, LLC",69fdf76e62446148bd8573eb,69fded1762446148bd848e4a,Healthy Meals Inc,69fdf0533b208288e0a7d827,"kci281 - Platte Valley Industrial Center 1 {Platte Valley Investment, LLC}",evidenceOfInsurance,Evidence of Insurance,workersCompensation,Workers' Compensation and Employer's Liability,evidenceOfInsuranceWorkersCompensationEmployersLiabilityDiseasePolicyLimit,Employer's Liability Disease - policy limit,,matchOnce,must be greater or equal to,500000,,waived,Block Requirements,,,false,0,,2026-08-16
"Block Real Estate Services, LLC",69fdf76e62446148bd8573eb,69fded1762446148bd848e4a,Healthy Meals Inc,69fdf0533b208288e0a7d827,"kci281 - Platte Valley Industrial Center 1 {Platte Valley Investment, LLC}",evidenceOfInsurance,Evidence of Insurance,workersCompensation,Workers' Compensation and Employer's Liability,evidenceOfInsuranceWorkersCompensationWaiverOfSubrogationEndorsement,Waiver of Subrogation,"---prompt---
Determine if the insurer has waived their right of subrogation in favor of the certificate holder under the Workers' Compensation policy. Evidence may include: a checked ""Waiver of Subrogation"" box on the certificate, mention in the Description of Operations section stating ""waiver of subrogation applies"", or reference to form WC 00 03 13. Look for language like ""subrogation is waived"" or ""per written contract"".",matchOnce,must be present,,,waived,Block Requirements,,,false,0,,2026-08-16
"Block Real Estate Services, LLC",69fdf76e62446148bd8573eb,69fded1762446148bd848e4a,Healthy Meals Inc,69fdf0533b208288e0a7d827,"kci281 - Platte Valley Industrial Center 1 {Platte Valley Investment, LLC}",evidenceOfInsurance,Evidence of Insurance,6ac20aae-5728-5d57-b364-aeba38527dba,Additional Requirements,4da5b0f1-4c9d-5885-8cf8-5d3cccaed3e0,"Block Real Estate Services, LLC and all others required by contract are named as Additional Insureds","---prompt---
Determine if the Description of Operations or the Additional Remarks Schedule section states the ""Additional Insured as Construction Management, Inc. and all others required by contract"" or reference to blanket additional insured coverage. Look for language like ""certificate holder is additional insured"" or ""per written contract"".",matchOnce,must be present,,Present,compliant,Block Requirements,,,true,2,,2026-08-16
"Block Real Estate Services, LLC",69fdf76e62446148bd8573eb,69fded1762446148bd848e4a,Healthy Meals Inc,69fdf0533b208288e0a7d827,"kci281 - Platte Valley Industrial Center 1 {Platte Valley Investment, LLC}",evidenceOfInsurance,Evidence of Insurance,6ac20aae-5728-5d57-b364-aeba38527dba,Additional Requirements,e1017741-e47e-5f58-97b8-fbc3043e919f,Umbrella follows form over General Liability,"---prompt---
Determine if the Umbrella/Excess Liability policy follows form to the underlying policies. Evidence may include: language in the Description of Operations section stating the umbrella follows form to underlying coverages or an additional page endorsement stating that it follows form. Follow form means the umbrella policy adopts the same terms, conditions, and exclusions as the underlying policies.",matchOnce,must be present,,Present,compliant,Block Requirements,,,true,2,,2026-08-16
"Block Real Estate Services, LLC",69fdf76e62446148bd8573eb,69fded1762446148bd848e4a,Healthy Meals Inc,69fdf0533b208288e0a7d827,"kci281 - Platte Valley Industrial Center 1 {Platte Valley Investment, LLC}",evidenceOfInsurance,Evidence of Insurance,6ac20aae-5728-5d57-b364-aeba38527dba,Additional Requirements,2cdd866f-c9a4-576a-afd8-1d045762790c,"The location must be listed as: 204 NW Platte Valley Drive, Riverside, MO, 64150",,matchOnce,must be present,,Present,compliant,Block Requirements,,,true,2,,2026-08-16
"Block Real Estate Services, LLC",69fdf76e62446148bd8573eb,69fded1762446148bd848e4a,Healthy Meals Inc,69fdf0533b208288e0a7d827,"kci281 - Platte Valley Industrial Center 1 {Platte Valley Investment, LLC}",evidenceOfInsurance,Evidence of Insurance,6ac20aae-5728-5d57-b364-aeba38527dba,Additional Requirements,3649e9d1-4e09-59bf-8f30-cb33c40cf117,"Certificate Holder must read: c/o Block Real Estate Services, LLC, 4622 Pennsylvania St., Suite 700, Kansas City, MO, 64112",,matchOnce,must be present,,Present,compliant,Block Requirements,,,true,2,,2026-08-16
"Block Real Estate Services, LLC",69fdf76e62446148bd8573ec,69fded1762446148bd848e62,Hoambrecker Enterprises LLC,69fdf0533b208288e0a7d827,"kci281 - Platte Valley Industrial Center 1 {Platte Valley Investment, LLC}",evidenceOfInsurance,Evidence of Insurance,commercialGeneralLiability,Commercial General Liability,evidenceOfInsuranceCommercialGeneralLiabilityCoverageTriggerOccurrence,Coverage Trigger: Occurrence,,matchOnce,must be present,,,non_compliant,Block Requirements,,,false,0,,2026-08-16
"Block Real Estate Services, LLC",69fdf76e62446148bd8573ec,69fded1762446148bd848e62,Hoambrecker Enterprises LLC,69fdf0533b208288e0a7d827,"kci281 - Platte Valley Industrial Center 1 {Platte Valley Investment, LLC}",evidenceOfInsurance,Evidence of Insurance,commercialGeneralLiability,Commercial General Liability,evidenceOfInsuranceCommercialGeneralLiabilityGeneralAggregateLimitAppliesPerLocation,General Aggregate Limit Applies per: Location,,matchOnce,must be present,,,non_compliant,Block Requirements,,,false,0,,2026-08-16
"Block Real Estate Services, LLC",69fdf76e62446148bd8573ec,69fded1762446148bd848e62,Hoambrecker Enterprises LLC,69fdf0533b208288e0a7d827,"kci281 - Platte Valley Industrial Center 1 {Platte Valley Investment, LLC}",evidenceOfInsurance,Evidence of Insurance,commercialGeneralLiability,Commercial General Liability,evidenceOfInsuranceCommercialGeneralLiabilityEachOccurrence,Each Occurrence,,matchOnce,must be greater or equal to,1000000,,non_compliant,Block Requirements,,,false,0,,2026-08-16
"Block Real Estate Services, LLC",69fdf76e62446148bd8573ec,69fded1762446148bd848e62,Hoambrecker Enterprises LLC,69fdf0533b208288e0a7d827,"kci281 - Platte Valley Industrial Center 1 {Platte Valley Investment, LLC}",evidenceOfInsurance,Evidence of Insurance,commercialGeneralLiability,Commercial General Liability,evidenceOfInsuranceCommercialGeneralLiabilityGeneralAggregate,General Aggregate,,matchOnce,must be greater or equal to,2000000,,non_compliant,Block Requirements,,,false,0,,2026-08-16
"Block Real Estate Services, LLC",69fdf76e62446148bd8573ec,69fded1762446148bd848e62,Hoambrecker Enterprises LLC,69fdf0533b208288e0a7d827,"kci281 - Platte Valley Industrial Center 1 {Platte Valley Investment, LLC}",evidenceOfInsurance,Evidence of Insurance,commercialGeneralLiability,Commercial General Liability,evidenceOfInsuranceCommercialGeneralLiabilityWaiverOfSubrogationEndorsement,Waiver of Subrogation,"---prompt---
Determine if the insurer has waived their right of subrogation in favor of the certificate holder under the Commercial General Liability policy. Evidence may include: a checked ""Waiver of Subrogation"" box on the certificate, mention in the Description of Operations section stating ""waiver of subrogation applies"", or reference to form CG 24 04. Look for language like ""subrogation is waived"" or ""per written contract"".",matchOnce,must be present,,,non_compliant,Block Requirements,,,false,0,,2026-08-16
"Block Real Estate Services, LLC",69fdf76e62446148bd8573ec,69fded1762446148bd848e62,Hoambrecker Enterprises LLC,69fdf0533b208288e0a7d827,"kci281 - Platte Valley Industrial Center 1 {Platte Valley Investment, LLC}",evidenceOfInsurance,Evidence of Insurance,excessOrUmbrellaLiability,Umbrella/Excess Liability,evidenceOfInsuranceExcessOrUmbrellaLiabilityOccurence,Coverage Trigger: Occurrence,,matchOnce,must be present,,,non_compliant,Block Requirements,,,false,0,,2026-08-16
"Block Real Estate Services, LLC",69fdf76e62446148bd8573ec,69fded1762446148bd848e62,Hoambrecker Enterprises LLC,69fdf0533b208288e0a7d827,"kci281 - Platte Valley Industrial Center 1 {Platte Valley Investment, LLC}",evidenceOfInsurance,Evidence of Insurance,excessOrUmbrellaLiability,Umbrella/Excess Liability,evidenceOfInsuranceExcessOrUmbrellaLiabilityEachOccurrence,Each Occurrence,,matchOnce,must be greater or equal to,1000000,,non_compliant,Block Requirements,,,false,0,,2026-08-16
"Block Real Estate Services, LLC",69fdf76e62446148bd8573ec,69fded1762446148bd848e62,Hoambrecker Enterprises LLC,69fdf0533b208288e0a7d827,"kci281 - Platte Valley Industrial Center 1 {Platte Valley Investment, LLC}",evidenceOfInsurance,Evidence of Insurance,excessOrUmbrellaLiability,Umbrella/Excess Liability,evidenceOfInsuranceExcessOrUmbrellaLiabilityAggregate,Aggregate,,matchOnce,must be greater or equal to,1000000,,non_compliant,Block Requirements,,,false,0,,2026-08-16
"Block Real Estate Services, LLC",69fdf76e62446148bd8573ec,69fded1762446148bd848e62,Hoambrecker Enterprises LLC,69fdf0533b208288e0a7d827,"kci281 - Platte Valley Industrial Center 1 {Platte Valley Investment, LLC}",evidenceOfInsurance,Evidence of Insurance,workersCompensation,Workers' Compensation and Employer's Liability,evidenceOfInsuranceWorkersCompensationStatutoryLimits,Statutory Limits,,matchOnce,must be present,,,non_compliant,Block Requirements,,,false,0,,2026-08-16
"Block Real Estate Services, LLC",69fdf76e62446148bd8573ec,69fded1762446148bd848e62,Hoambrecker Enterprises LLC,69fdf0533b208288e0a7d827,"kci281 - Platte Valley Industrial Center 1 {Platte Valley Investment, LLC}",evidenceOfInsurance,Evidence of Insurance,workersCompensation,Workers' Compensation and Employer's Liability,evidenceOfInsuranceWorkersCompensationEmployersLiabilityEachAccident,Employer's Liability Each Accident,,matchOnce,must be greater or equal to,500000,,non_compliant,Block Requirements,,,false,0,,2026-08-16
"Block Real Estate Services, LLC",69fdf76e62446148bd8573ec,69fded1762446148bd848e62,Hoambrecker Enterprises LLC,69fdf0533b208288e0a7d827,"kci281 - Platte Valley Industrial Center 1 {Platte Valley Investment, LLC}",evidenceOfInsurance,Evidence of Insurance,workersCompensation,Workers' Compensation and Employer's Liability,evidenceOfInsuranceWorkersCompensationEmployersLiabilityDiseaseEachEmployee,Employer's Liability Disease - each employee,,matchOnce,must be greater or equal to,500000,,non_compliant,Block Requirements,,,false,0,,2026-08-16
"Block Real Estate Services, LLC",69fdf76e62446148bd8573ec,69fded1762446148bd848e62,Hoambrecker Enterprises LLC,69fdf0533b208288e0a7d827,"kci281 - Platte Valley Industrial Center 1 {Platte Valley Investment, LLC}",evidenceOfInsurance,Evidence of Insurance,workersCompensation,Workers' Compensation and Employer's Liability,evidenceOfInsuranceWorkersCompensationEmployersLiabilityDiseasePolicyLimit,Employer's Liability Disease - policy limit,,matchOnce,must be greater or equal to,500000,,non_compliant,Block Requirements,,,false,0,,2026-08-16
"Block Real Estate Services, LLC",69fdf76e62446148bd8573ec,69fded1762446148bd848e62,Hoambrecker Enterprises LLC,69fdf0533b208288e0a7d827,"kci281 - Platte Valley Industrial Center 1 {Platte Valley Investment, LLC}",evidenceOfInsurance,Evidence of Insurance,workersCompensation,Workers' Compensation and Employer's Liability,evidenceOfInsuranceWorkersCompensationWaiverOfSubrogationEndorsement,Waiver of Subrogation,"---prompt---
Determine if the insurer has waived their right of subrogation in favor of the certificate holder under the Workers' Compensation policy. Evidence may include: a checked ""Waiver of Subrogation"" box on the certificate, mention in the Description of Operations section stating ""waiver of subrogation applies"", or reference to form WC 00 03 13. Look for language like ""subrogation is waived"" or ""per written contract"".",matchOnce,must be present,,,non_compliant,Block Requirements,,,false,0,,2026-08-16
"Block Real Estate Services, LLC",69fdf76e62446148bd8573ec,69fded1762446148bd848e62,Hoambrecker Enterprises LLC,69fdf0533b208288e0a7d827,"kci281 - Platte Valley Industrial Center 1 {Platte Valley Investment, LLC}",evidenceOfInsurance,Evidence of Insurance,6ac20aae-5728-5d57-b364-aeba38527dba,Additional Requirements,4da5b0f1-4c9d-5885-8cf8-5d3cccaed3e0,"Block Real Estate Services, LLC and all others required by contract are named as Additional Insureds","---prompt---
Determine if the Description of Operations or the Additional Remarks Schedule section states the ""Additional Insured as Construction Management, Inc. and all others required by contract"" or reference to blanket additional insured coverage. Look for language like ""certificate holder is additional insured"" or ""per written contract"".",matchOnce,must be present,,,non_compliant,Block Requirements,,,true,0,,2026-08-16
"Block Real Estate Services, LLC",69fdf76e62446148bd8573ec,69fded1762446148bd848e62,Hoambrecker Enterprises LLC,69fdf0533b208288e0a7d827,"kci281 - Platte Valley Industrial Center 1 {Platte Valley Investment, LLC}",evidenceOfInsurance,Evidence of Insurance,6ac20aae-5728-5d57-b364-aeba38527dba,Additional Requirements,e1017741-e47e-5f58-97b8-fbc3043e919f,Umbrella follows form over General Liability,"---prompt---
Determine if the Umbrella/Excess Liability policy follows form to the underlying policies. Evidence may include: language in the Description of Operations section stating the umbrella follows form to underlying coverages or an additional page endorsement stating that it follows form. Follow form means the umbrella policy adopts the same terms, conditions, and exclusions as the underlying policies.",matchOnce,must be present,,,non_compliant,Block Requirements,,,true,0,,2026-08-16
"Block Real Estate Services, LLC",69fdf76e62446148bd8573ec,69fded1762446148bd848e62,Hoambrecker Enterprises LLC,69fdf0533b208288e0a7d827,"kci281 - Platte Valley Industrial Center 1 {Platte Valley Investment, LLC}",evidenceOfInsurance,Evidence of Insurance,6ac20aae-5728-5d57-b364-aeba38527dba,Additional Requirements,2cdd866f-c9a4-576a-afd8-1d045762790c,"The location must be listed as: 216 NW Platte Valley Drive, Riverside, MO, 64150",,matchOnce,must be present,,,non_compliant,Block Requirements,,,true,0,,2026-08-16
"Block Real Estate Services, LLC",69fdf76e62446148bd8573ec,69fded1762446148bd848e62,Hoambrecker Enterprises LLC,69fdf0533b208288e0a7d827,"kci281 - Platte Valley Industrial Center 1 {Platte Valley Investment, LLC}",evidenceOfInsurance,Evidence of Insurance,6ac20aae-5728-5d57-b364-aeba38527dba,Additional Requirements,3649e9d1-4e09-59bf-8f30-cb33c40cf117,"Certificate Holder must read: c/o Block Real Estate Services, LLC, 4622 Pennsylvania St., Suite 700, Kansas City, MO, 64112",,matchOnce,must be present,,,non_compliant,Block Requirements,,,true,0,,2026-08-16
"Block Real Estate Services, LLC",69fdf76e62446148bd8573ee,69fded2362446148bd84922e,Torgeson Electric Company,69fdf0533b208288e0a7d827,"kci281 - Platte Valley Industrial Center 1 {Platte Valley Investment, LLC}",evidenceOfInsurance,Evidence of Insurance,commercialGeneralLiability,Commercial General Liability,evidenceOfInsuranceCommercialGeneralLiabilityCoverageTriggerOccurrence,Coverage Trigger: Occurrence,,matchOnce,must be present,,Present,compliant,Block Requirements,,,false,1,,2026-08-16
"Block Real Estate Services, LLC",69fdf76e62446148bd8573ee,69fded2362446148bd84922e,Torgeson Electric Company,69fdf0533b208288e0a7d827,"kci281 - Platte Valley Industrial Center 1 {Platte Valley Investment, LLC}",evidenceOfInsurance,Evidence of Insurance,commercialGeneralLiability,Commercial General Liability,evidenceOfInsuranceCommercialGeneralLiabilityGeneralAggregateLimitAppliesPerLocation,General Aggregate Limit Applies per: Location,,matchOnce,must be present,,,non_compliant,Block Requirements,,,false,0,,2026-08-16
"Block Real Estate Services, LLC",69fdf76e62446148bd8573ee,69fded2362446148bd84922e,Torgeson Electric Company,69fdf0533b208288e0a7d827,"kci281 - Platte Valley Industrial Center 1 {Platte Valley Investment, LLC}",evidenceOfInsurance,Evidence of Insurance,commercialGeneralLiability,Commercial General Liability,evidenceOfInsuranceCommercialGeneralLiabilityEachOccurrence,Each Occurrence,,matchOnce,must be greater or equal to,1000000,1000000,compliant,Block Requirements,,,false,1,,2026-08-16
"Block Real Estate Services, LLC",69fdf76e62446148bd8573ee,69fded2362446148bd84922e,Torgeson Electric Company,69fdf0533b208288e0a7d827,"kci281 - Platte Valley Industrial Center 1 {Platte Valley Investment, LLC}",evidenceOfInsurance,Evidence of Insurance,commercialGeneralLiability,Commercial General Liability,evidenceOfInsuranceCommercialGeneralLiabilityGeneralAggregate,General Aggregate,,matchOnce,must be greater or equal to,2000000,2000000,compliant,Block Requirements,,,false,1,,2026-08-16
"Block Real Estate Services, LLC",69fdf76e62446148bd8573ee,69fded2362446148bd84922e,Torgeson Electric Company,69fdf0533b208288e0a7d827,"kci281 - Platte Valley Industrial Center 1 {Platte Valley Investment, LLC}",evidenceOfInsurance,Evidence of Insurance,commercialGeneralLiability,Commercial General Liability,evidenceOfInsuranceCommercialGeneralLiabilityWaiverOfSubrogationEndorsement,Waiver of Subrogation,"---prompt---
Determine if the insurer has waived their right of subrogation in favor of the certificate holder under the Commercial General Liability policy. Evidence may include: a checked ""Waiver of Subrogation"" box on the certificate, mention in the Description of Operations section stating ""waiver of subrogation applies"", or reference to form CG 24 04. Look for language like ""subrogation is waived"" or ""per written contract"".",matchOnce,must be present,,Present,compliant,Block Requirements,,,false,1,,2026-08-16
"Block Real Estate Services, LLC",69fdf76e62446148bd8573ee,69fded2362446148bd84922e,Torgeson Electric Company,69fdf0533b208288e0a7d827,"kci281 - Platte Valley Industrial Center 1 {Platte Valley Investment, LLC}",evidenceOfInsurance,Evidence of Insurance,excessOrUmbrellaLiability,Umbrella/Excess Liability,evidenceOfInsuranceExcessOrUmbrellaLiabilityOccurence,Coverage Trigger: Occurrence,,matchOnce,must be present,,Present,compliant,Block Requirements,,,false,1,,2026-08-16
"Block Real Estate Services, LLC",69fdf76e62446148bd8573ee,69fded2362446148bd84922e,Torgeson Electric Company,69fdf0533b208288e0a7d827,"kci281 - Platte Valley Industrial Center 1 {Platte Valley Investment, LLC}",evidenceOfInsurance,Evidence of Insurance,excessOrUmbrellaLiability,Umbrella/Excess Liability,evidenceOfInsuranceExcessOrUmbrellaLiabilityEachOccurrence,Each Occurrence,,matchOnce,must be greater or equal to,1000000,20000000,compliant,Block Requirements,,,false,1,,2026-08-16
"Block Real Estate Services, LLC",69fdf76e62446148bd8573ee,69fded2362446148bd84922e,Torgeson Electric Company,69fdf0533b208288e0a7d827,"kci281 - Platte Valley Industrial Center 1 {Platte Valley Investment, LLC}",evidenceOfInsurance,Evidence of Insurance,excessOrUmbrellaLiability,Umbrella/Excess Liability,evidenceOfInsuranceExcessOrUmbrellaLiabilityAggregate,Aggregate,,matchOnce,must be greater or equal to,1000000,20000000,compliant,Block Requirements,,,false,1,,2026-08-16
"Block Real Estate Services, LLC",69fdf76e62446148bd8573ee,69fded2362446148bd84922e,Torgeson Electric Company,69fdf0533b208288e0a7d827,"kci281 - Platte Valley Industrial Center 1 {Platte Valley Investment, LLC}",evidenceOfInsurance,Evidence of Insurance,workersCompensation,Workers' Compensation and Employer's Liability,evidenceOfInsuranceWorkersCompensationStatutoryLimits,Statutory Limits,,matchOnce,must be present,,Present,compliant,Block Requirements,,,false,1,,2026-08-16
"Block Real Estate Services, LLC",69fdf76e62446148bd8573ee,69fded2362446148bd84922e,Torgeson Electric Company,69fdf0533b208288e0a7d827,"kci281 - Platte Valley Industrial Center 1 {Platte Valley Investment, LLC}",evidenceOfInsurance,Evidence of Insurance,workersCompensation,Workers' Compensation and Employer's Liability,evidenceOfInsuranceWorkersCompensationEmployersLiabilityEachAccident,Employer's Liability Each Accident,,matchOnce,must be greater or equal to,500000,1000000,compliant,Block Requirements,,,false,1,,2026-08-16
"Block Real Estate Services, LLC",69fdf76e62446148bd8573ee,69fded2362446148bd84922e,Torgeson Electric Company,69fdf0533b208288e0a7d827,"kci281 - Platte Valley Industrial Center 1 {Platte Valley Investment, LLC}",evidenceOfInsurance,Evidence of Insurance,workersCompensation,Workers' Compensation and Employer's Liability,evidenceOfInsuranceWorkersCompensationEmployersLiabilityDiseaseEachEmployee,Employer's Liability Disease - each employee,,matchOnce,must be greater or equal to,500000,1000000,compliant,Block Requirements,,,false,1,,2026-08-16
"Block Real Estate Services, LLC",69fdf76e62446148bd8573ee,69fded2362446148bd84922e,Torgeson Electric Company,69fdf0533b208288e0a7d827,"kci281 - Platte Valley Industrial Center 1 {Platte Valley Investment, LLC}",evidenceOfInsurance,Evidence of Insurance,workersCompensation,Workers' Compensation and Employer's Liability,evidenceOfInsuranceWorkersCompensationEmployersLiabilityDiseasePolicyLimit,Employer's Liability Disease - policy limit,,matchOnce,must be greater or equal to,500000,1000000,compliant,Block Requirements,,,false,1,,2026-08-16
"Block Real Estate Services, LLC",69fdf76e62446148bd8573ee,69fded2362446148bd84922e,Torgeson Electric Company,69fdf0533b208288e0a7d827,"kci281 - Platte Valley Industrial Center 1 {Platte Valley Investment, LLC}",evidenceOfInsurance,Evidence of Insurance,workersCompensation,Workers' Compensation and Employer's Liability,evidenceOfInsuranceWorkersCompensationWaiverOfSubrogationEndorsement,Waiver of Subrogation,"---prompt---
Determine if the insurer has waived their right of subrogation in favor of the certificate holder under the Workers' Compensation policy. Evidence may include: a checked ""Waiver of Subrogation"" box on the certificate, mention in the Description of Operations section stating ""waiver of subrogation applies"", or reference to form WC 00 03 13. Look for language like ""subrogation is waived"" or ""per written contract"".",matchOnce,must be present,,Present,waived,Block Requirements,WoS for WC not available in the state of MO,,false,2,,2026-08-16
"Block Real Estate Services, LLC",69fdf76e62446148bd8573ee,69fded2362446148bd84922e,Torgeson Electric Company,69fdf0533b208288e0a7d827,"kci281 - Platte Valley Industrial Center 1 {Platte Valley Investment, LLC}",evidenceOfInsurance,Evidence of Insurance,6ac20aae-5728-5d57-b364-aeba38527dba,Additional Requirements,4da5b0f1-4c9d-5885-8cf8-5d3cccaed3e0,"Block Real Estate Services, LLC and all others required by contract are named as Additional Insureds","---prompt---
Determine if the Description of Operations or the Additional Remarks Schedule section states the ""Additional Insured as Construction Management, Inc. and all others required by contract"" or reference to blanket additional insured coverage. Look for language like ""certificate holder is additional insured"" or ""per written contract"".",matchOnce,must be present,,Present,compliant,Block Requirements,,,true,1,,2026-08-16
"Block Real Estate Services, LLC",69fdf76e62446148bd8573ee,69fded2362446148bd84922e,Torgeson Electric Company,69fdf0533b208288e0a7d827,"kci281 - Platte Valley Industrial Center 1 {Platte Valley Investment, LLC}",evidenceOfInsurance,Evidence of Insurance,6ac20aae-5728-5d57-b364-aeba38527dba,Additional Requirements,e1017741-e47e-5f58-97b8-fbc3043e919f,Umbrella follows form over General Liability,"---prompt---
Determine if the Umbrella/Excess Liability policy follows form to the underlying policies. Evidence may include: language in the Description of Operations section stating the umbrella follows form to underlying coverages or an additional page endorsement stating that it follows form. Follow form means the umbrella policy adopts the same terms, conditions, and exclusions as the underlying policies.",matchOnce,must be present,,Present,compliant,Block Requirements,,,true,1,,2026-08-16
"Block Real Estate Services, LLC",69fdf76e62446148bd8573ee,69fded2362446148bd84922e,Torgeson Electric Company,69fdf0533b208288e0a7d827,"kci281 - Platte Valley Industrial Center 1 {Platte Valley Investment, LLC}",evidenceOfInsurance,Evidence of Insurance,6ac20aae-5728-5d57-b364-aeba38527dba,Additional Requirements,2cdd866f-c9a4-576a-afd8-1d045762790c,"The location must be listed as: 226 NW Platte Valley Drive, Riverside, MO, 64150",,matchOnce,must be present,,Present,compliant,Block Requirements,,,true,1,,2026-08-16
"Block Real Estate Services, LLC",69fdf76e62446148bd8573ee,69fded2362446148bd84922e,Torgeson Electric Company,69fdf0533b208288e0a7d827,"kci281 - Platte Valley Industrial Center 1 {Platte Valley Investment, LLC}",evidenceOfInsurance,Evidence of Insurance,6ac20aae-5728-5d57-b364-aeba38527dba,Additional Requirements,3649e9d1-4e09-59bf-8f30-cb33c40cf117,"Certificate Holder must read: c/o Block Real Estate Services, LLC, 4622 Pennsylvania St., Suite 700, Kansas City, MO, 64112",,matchOnce,must be present,,Present,compliant,Block Requirements,,,true,1,,2026-08-16
"Block Real Estate Services, LLC",69fdf76e62446148bd8573e9,69fded0d62446148bd848b44,All Access Garage Doors,69fdf0533b208288e0a7d827,"kci281 - Platte Valley Industrial Center 1 {Platte Valley Investment, LLC}",evidenceOfInsurance,Evidence of Insurance,commercialGeneralLiability,Commercial General Liability,evidenceOfInsuranceCommercialGeneralLiabilityCoverageTriggerOccurrence,Coverage Trigger: Occurrence,,matchOnce,must be present,,Present,compliant,Block Requirements,,,false,2,,2026-08-16
"Block Real Estate Services, LLC",69fdf76e62446148bd8573e9,69fded0d62446148bd848b44,All Access Garage Doors,69fdf0533b208288e0a7d827,"kci281 - Platte Valley Industrial Center 1 {Platte Valley Investment, LLC}",evidenceOfInsurance,Evidence of Insurance,commercialGeneralLiability,Commercial General Liability,evidenceOfInsuranceCommercialGeneralLiabilityGeneralAggregateLimitAppliesPerLocation,General Aggregate Limit Applies per: Location,,matchOnce,must be present,,Present,compliant,Block Requirements,,,false,1,,2026-08-16
"Block Real Estate Services, LLC",69fdf76e62446148bd8573e9,69fded0d62446148bd848b44,All Access Garage Doors,69fdf0533b208288e0a7d827,"kci281 - Platte Valley Industrial Center 1 {Platte Valley Investment, LLC}",evidenceOfInsurance,Evidence of Insurance,commercialGeneralLiability,Commercial General Liability,evidenceOfInsuranceCommercialGeneralLiabilityEachOccurrence,Each Occurrence,,matchOnce,must be greater or equal to,1000000,1000000,compliant,Block Requirements,,,false,2,,2026-08-16
"Block Real Estate Services, LLC",69fdf76e62446148bd8573e9,69fded0d62446148bd848b44,All Access Garage Doors,69fdf0533b208288e0a7d827,"kci281 - Platte Valley Industrial Center 1 {Platte Valley Investment, LLC}",evidenceOfInsurance,Evidence of Insurance,commercialGeneralLiability,Commercial General Liability,evidenceOfInsuranceCommercialGeneralLiabilityGeneralAggregate,General Aggregate,,matchOnce,must be greater or equal to,2000000,2000000,compliant,Block Requirements,,,false,2,,2026-08-16
"Block Real Estate Services, LLC",69fdf76e62446148bd8573e9,69fded0d62446148bd848b44,All Access Garage Doors,69fdf0533b208288e0a7d827,"kci281 - Platte Valley Industrial Center 1 {Platte Valley Investment, LLC}",evidenceOfInsurance,Evidence of Insurance,commercialGeneralLiability,Commercial General Liability,evidenceOfInsuranceCommercialGeneralLiabilityWaiverOfSubrogationEndorsement,Waiver of Subrogation,"---prompt---
Determine if the insurer has waived their right of subrogation in favor of the certificate holder under the Commercial General Liability policy. Evidence may include: a checked ""Waiver of Subrogation"" box on the certificate, mention in the Description of Operations section stating ""waiver of subrogation applies"", or reference to form CG 24 04. Look for language like ""subrogation is waived"" or ""per written contract"".",matchOnce,must be present,,Present,compliant,Block Requirements,,,false,2,,2026-08-16
"Block Real Estate Services, LLC",69fdf76e62446148bd8573e9,69fded0d62446148bd848b44,All Access Garage Doors,69fdf0533b208288e0a7d827,"kci281 - Platte Valley Industrial Center 1 {Platte Valley Investment, LLC}",evidenceOfInsurance,Evidence of Insurance,excessOrUmbrellaLiability,Umbrella/Excess Liability,evidenceOfInsuranceExcessOrUmbrellaLiabilityOccurence,Coverage Trigger: Occurrence,,matchOnce,must be present,,Present,compliant,Block Requirements,,,false,2,,2026-08-16
"Block Real Estate Services, LLC",69fdf76e62446148bd8573e9,69fded0d62446148bd848b44,All Access Garage Doors,69fdf0533b208288e0a7d827,"kci281 - Platte Valley Industrial Center 1 {Platte Valley Investment, LLC}",evidenceOfInsurance,Evidence of Insurance,excessOrUmbrellaLiability,Umbrella/Excess Liability,evidenceOfInsuranceExcessOrUmbrellaLiabilityEachOccurrence,Each Occurrence,,matchOnce,must be greater or equal to,1000000,2000000,compliant,Block Requirements,,,false,2,,2026-08-16
"Block Real Estate Services, LLC",69fdf76e62446148bd8573e9,69fded0d62446148bd848b44,All Access Garage Doors,69fdf0533b208288e0a7d827,"kci281 - Platte Valley Industrial Center 1 {Platte Valley Investment, LLC}",evidenceOfInsurance,Evidence of Insurance,excessOrUmbrellaLiability,Umbrella/Excess Liability,evidenceOfInsuranceExcessOrUmbrellaLiabilityAggregate,Aggregate,,matchOnce,must be greater or equal to,1000000,2000000,compliant,Block Requirements,,,false,2,,2026-08-16
"Block Real Estate Services, LLC",69fdf76e62446148bd8573e9,69fded0d62446148bd848b44,All Access Garage Doors,69fdf0533b208288e0a7d827,"kci281 - Platte Valley Industrial Center 1 {Platte Valley Investment, LLC}",evidenceOfInsurance,Evidence of Insurance,workersCompensation,Workers' Compensation and Employer's Liability,evidenceOfInsuranceWorkersCompensationStatutoryLimits,Statutory Limits,,matchOnce,must be present,,Present,compliant,Block Requirements,,,false,2,,2026-08-16
"Block Real Estate Services, LLC",69fdf76e62446148bd8573e9,69fded0d62446148bd848b44,All Access Garage Doors,69fdf0533b208288e0a7d827,"kci281 - Platte Valley Industrial Center 1 {Platte Valley Investment, LLC}",evidenceOfInsurance,Evidence of Insurance,workersCompensation,Workers' Compensation and Employer's Liability,evidenceOfInsuranceWorkersCompensationEmployersLiabilityEachAccident,Employer's Liability Each Accident,,matchOnce,must be greater or equal to,500000,500000,compliant,Block Requirements,,,false,2,,2026-08-16
"Block Real Estate Services, LLC",69fdf76e62446148bd8573e9,69fded0d62446148bd848b44,All Access Garage Doors,69fdf0533b208288e0a7d827,"kci281 - Platte Valley Industrial Center 1 {Platte Valley Investment, LLC}",evidenceOfInsurance,Evidence of Insurance,workersCompensation,Workers' Compensation and Employer's Liability,evidenceOfInsuranceWorkersCompensationEmployersLiabilityDiseaseEachEmployee,Employer's Liability Disease - each employee,,matchOnce,must be greater or equal to,500000,500000,compliant,Block Requirements,,,false,2,,2026-08-16
"Block Real Estate Services, LLC",69fdf76e62446148bd8573e9,69fded0d62446148bd848b44,All Access Garage Doors,69fdf0533b208288e0a7d827,"kci281 - Platte Valley Industrial Center 1 {Platte Valley Investment, LLC}",evidenceOfInsurance,Evidence of Insurance,workersCompensation,Workers' Compensation and Employer's Liability,evidenceOfInsuranceWorkersCompensationEmployersLiabilityDiseasePolicyLimit,Employer's Liability Disease - policy limit,,matchOnce,must be greater or equal to,500000,500000,compliant,Block Requirements,,,false,2,,2026-08-16
"Block Real Estate Services, LLC",69fdf76e62446148bd8573e9,69fded0d62446148bd848b44,All Access Garage Doors,69fdf0533b208288e0a7d827,"kci281 - Platte Valley Industrial Center 1 {Platte Valley Investment, LLC}",evidenceOfInsurance,Evidence of Insurance,workersCompensation,Workers' Compensation and Employer's Liability,evidenceOfInsuranceWorkersCompensationWaiverOfSubrogationEndorsement,Waiver of Subrogation,"---prompt---
Determine if the insurer has waived their right of subrogation in favor of the certificate holder under the Workers' Compensation policy. Evidence may include: a checked ""Waiver of Subrogation"" box on the certificate, mention in the Description of Operations section stating ""waiver of subrogation applies"", or reference to form WC 00 03 13. Look for language like ""subrogation is waived"" or ""per written contract"".",matchOnce,must be present,,Present,compliant,Block Requirements,,,false,2,,2026-08-16
"Block Real Estate Services, LLC",69fdf76e62446148bd8573e9,69fded0d62446148bd848b44,All Access Garage Doors,69fdf0533b208288e0a7d827,"kci281 - Platte Valley Industrial Center 1 {Platte Valley Investment, LLC}",evidenceOfInsurance,Evidence of Insurance,6ac20aae-5728-5d57-b364-aeba38527dba,Additional Requirements,4da5b0f1-4c9d-5885-8cf8-5d3cccaed3e0,"Block Real Estate Services, LLC and all others required by contract are named as Additional Insureds","---prompt---
Determine if the Description of Operations or the Additional Remarks Schedule section states the ""Additional Insured as Construction Management, Inc. and all others required by contract"" or reference to blanket additional insured coverage. Look for language like ""certificate holder is additional insured"" or ""per written contract"".",matchOnce,must be present,,Present,compliant,Block Requirements,,,true,2,,2026-08-16
"Block Real Estate Services, LLC",69fdf76e62446148bd8573e9,69fded0d62446148bd848b44,All Access Garage Doors,69fdf0533b208288e0a7d827,"kci281 - Platte Valley Industrial Center 1 {Platte Valley Investment, LLC}",evidenceOfInsurance,Evidence of Insurance,6ac20aae-5728-5d57-b364-aeba38527dba,Additional Requirements,e1017741-e47e-5f58-97b8-fbc3043e919f,Umbrella follows form over General Liability,"---prompt---
Determine if the Umbrella/Excess Liability policy follows form to the underlying policies. Evidence may include: language in the Description of Operations section stating the umbrella follows form to underlying coverages or an additional page endorsement stating that it follows form. Follow form means the umbrella policy adopts the same terms, conditions, and exclusions as the underlying policies.",matchOnce,must be present,,Present,compliant,Block Requirements,,,true,2,,2026-08-16
"Block Real Estate Services, LLC",69fdf76e62446148bd8573e9,69fded0d62446148bd848b44,All Access Garage Doors,69fdf0533b208288e0a7d827,"kci281 - Platte Valley Industrial Center 1 {Platte Valley Investment, LLC}",evidenceOfInsurance,Evidence of Insurance,6ac20aae-5728-5d57-b364-aeba38527dba,Additional Requirements,2cdd866f-c9a4-576a-afd8-1d045762790c,"The location must be listed as: 200 NW Platte Valley Drive, Riverside, MO, 64150",,matchOnce,must be present,,Present,compliant,Block Requirements,,,true,2,,2026-08-16
"Block Real Estate Services, LLC",69fdf76e62446148bd8573e9,69fded0d62446148bd848b44,All Access Garage Doors,69fdf0533b208288e0a7d827,"kci281 - Platte Valley Industrial Center 1 {Platte Valley Investment, LLC}",evidenceOfInsurance,Evidence of Insurance,6ac20aae-5728-5d57-b364-aeba38527dba,Additional Requirements,3649e9d1-4e09-59bf-8f30-cb33c40cf117,"Certificate Holder must read: c/o Block Real Estate Services, LLC, 4622 Pennsylvania St., Suite 700, Kansas City, MO, 64112",,matchOnce,must be present,,Present,compliant,Block Requirements,,,true,2,,2026-08-16
"Block Real Estate Services, LLC",69fdf76e62446148bd8573ed,69fded2062446148bd84914d,"SERC Physical Therapy / SERC Rehabilitation Partners, LLC",69fdf0533b208288e0a7d827,"kci281 - Platte Valley Industrial Center 1 {Platte Valley Investment, LLC}",evidenceOfInsurance,Evidence of Insurance,commercialGeneralLiability,Commercial General Liability,evidenceOfInsuranceCommercialGeneralLiabilityCoverageTriggerOccurrence,Coverage Trigger: Occurrence,,matchOnce,must be present,,Present,compliant,Block Requirements,,,false,1,,2026-08-16
"Block Real Estate Services, LLC",69fdf76e62446148bd8573ed,69fded2062446148bd84914d,"SERC Physical Therapy / SERC Rehabilitation Partners, LLC",69fdf0533b208288e0a7d827,"kci281 - Platte Valley Industrial Center 1 {Platte Valley Investment, LLC}",evidenceOfInsurance,Evidence of Insurance,commercialGeneralLiability,Commercial General Liability,evidenceOfInsuranceCommercialGeneralLiabilityGeneralAggregateLimitAppliesPerLocation,General Aggregate Limit Applies per: Location,,matchOnce,must be present,,,non_compliant,Block Requirements,,,false,0,,2026-08-16
"Block Real Estate Services, LLC",69fdf76e62446148bd8573ed,69fded2062446148bd84914d,"SERC Physical Therapy / SERC Rehabilitation Partners, LLC",69fdf0533b208288e0a7d827,"kci281 - Platte Valley Industrial Center 1 {Platte Valley Investment, LLC}",evidenceOfInsurance,Evidence of Insurance,commercialGeneralLiability,Commercial General Liability,evidenceOfInsuranceCommercialGeneralLiabilityEachOccurrence,Each Occurrence,,matchOnce,must be greater or equal to,1000000,1000000,compliant,Block Requirements,,,false,1,,2026-08-16
"Block Real Estate Services, LLC",69fdf76e62446148bd8573ed,69fded2062446148bd84914d,"SERC Physical Therapy / SERC Rehabilitation Partners, LLC",69fdf0533b208288e0a7d827,"kci281 - Platte Valley Industrial Center 1 {Platte Valley Investment, LLC}",evidenceOfInsurance,Evidence of Insurance,commercialGeneralLiability,Commercial General Liability,evidenceOfInsuranceCommercialGeneralLiabilityGeneralAggregate,General Aggregate,,matchOnce,must be greater or equal to,2000000,5000000,compliant,Block Requirements,,,false,1,,2026-08-16
"Block Real Estate Services, LLC",69fdf76e62446148bd8573ed,69fded2062446148bd84914d,"SERC Physical Therapy / SERC Rehabilitation Partners, LLC",69fdf0533b208288e0a7d827,"kci281 - Platte Valley Industrial Center 1 {Platte Valley Investment, LLC}",evidenceOfInsurance,Evidence of Insurance,commercialGeneralLiability,Commercial General Liability,evidenceOfInsuranceCommercialGeneralLiabilityWaiverOfSubrogationEndorsement,Waiver of Subrogation,"---prompt---
Determine if the insurer has waived their right of subrogation in favor of the certificate holder under the Commercial General Liability policy. Evidence may include: a checked ""Waiver of Subrogation"" box on the certificate, mention in the Description of Operations section stating ""waiver of subrogation applies"", or reference to form CG 24 04. Look for language like ""subrogation is waived"" or ""per written contract"".",matchOnce,must be present,,Present,compliant,Block Requirements,,,false,1,,2026-08-16
"Block Real Estate Services, LLC",69fdf76e62446148bd8573ed,69fded2062446148bd84914d,"SERC Physical Therapy / SERC Rehabilitation Partners, LLC",69fdf0533b208288e0a7d827,"kci281 - Platte Valley Industrial Center 1 {Platte Valley Investment, LLC}",evidenceOfInsurance,Evidence of Insurance,excessOrUmbrellaLiability,Umbrella/Excess Liability,evidenceOfInsuranceExcessOrUmbrellaLiabilityOccurence,Coverage Trigger: Occurrence,,matchOnce,must be present,,Present,compliant,Block Requirements,,,false,1,,2026-08-16
"Block Real Estate Services, LLC",69fdf76e62446148bd8573ed,69fded2062446148bd84914d,"SERC Physical Therapy / SERC Rehabilitation Partners, LLC",69fdf0533b208288e0a7d827,"kci281 - Platte Valley Industrial Center 1 {Platte Valley Investment, LLC}",evidenceOfInsurance,Evidence of Insurance,excessOrUmbrellaLiability,Umbrella/Excess Liability,evidenceOfInsuranceExcessOrUmbrellaLiabilityEachOccurrence,Each Occurrence,,matchOnce,must be greater or equal to,1000000,5000000,compliant,Block Requirements,,,false,1,,2026-08-16
"Block Real Estate Services, LLC",69fdf76e62446148bd8573ed,69fded2062446148bd84914d,"SERC Physical Therapy / SERC Rehabilitation Partners, LLC",69fdf0533b208288e0a7d827,"kci281 - Platte Valley Industrial Center 1 {Platte Valley Investment, LLC}",evidenceOfInsurance,Evidence of Insurance,excessOrUmbrellaLiability,Umbrella/Excess Liability,evidenceOfInsuranceExcessOrUmbrellaLiabilityAggregate,Aggregate,,matchOnce,must be greater or equal to,1000000,5000000,compliant,Block Requirements,,,false,1,,2026-08-16
"Block Real Estate Services, LLC",69fdf76e62446148bd8573ed,69fded2062446148bd84914d,"SERC Physical Therapy / SERC Rehabilitation Partners, LLC",69fdf0533b208288e0a7d827,"kci281 - Platte Valley Industrial Center 1 {Platte Valley Investment, LLC}",evidenceOfInsurance,Evidence of Insurance,workersCompensation,Workers' Compensation and Employer's Liability,evidenceOfInsuranceWorkersCompensationStatutoryLimits,Statutory Limits,,matchOnce,must be present,,Present,compliant,Block Requirements,,,false,1,,2026-08-16
"Block Real Estate Services, LLC",69fdf76e62446148bd8573ed,69fded2062446148bd84914d,"SERC Physical Therapy / SERC Rehabilitation Partners, LLC",69fdf0533b208288e0a7d827,"kci281 - Platte Valley Industrial Center 1 {Platte Valley Investment, LLC}",evidenceOfInsurance,Evidence of Insurance,workersCompensation,Workers' Compensation and Employer's Liability,evidenceOfInsuranceWorkersCompensationEmployersLiabilityEachAccident,Employer's Liability Each Accident,,matchOnce,must be greater or equal to,500000,1000000,compliant,Block Requirements,,,false,1,,2026-08-16
"Block Real Estate Services, LLC",69fdf76e62446148bd8573ed,69fded2062446148bd84914d,"SERC Physical Therapy / SERC Rehabilitation Partners, LLC",69fdf0533b208288e0a7d827,"kci281 - Platte Valley Industrial Center 1 {Platte Valley Investment, LLC}",evidenceOfInsurance,Evidence of Insurance,workersCompensation,Workers' Compensation and Employer's Liability,evidenceOfInsuranceWorkersCompensationEmployersLiabilityDiseaseEachEmployee,Employer's Liability Disease - each employee,,matchOnce,must be greater or equal to,500000,1000000,compliant,Block Requirements,,,false,1,,2026-08-16
"Block Real Estate Services, LLC",69fdf76e62446148bd8573ed,69fded2062446148bd84914d,"SERC Physical Therapy / SERC Rehabilitation Partners, LLC",69fdf0533b208288e0a7d827,"kci281 - Platte Valley Industrial Center 1 {Platte Valley Investment, LLC}",evidenceOfInsurance,Evidence of Insurance,workersCompensation,Workers' Compensation and Employer's Liability,evidenceOfInsuranceWorkersCompensationEmployersLiabilityDiseasePolicyLimit,Employer's Liability Disease - policy limit,,matchOnce,must be greater or equal to,500000,1000000,compliant,Block Requirements,,,false,1,,2026-08-16
"Block Real Estate Services, LLC",69fdf76e62446148bd8573ed,69fded2062446148bd84914d,"SERC Physical Therapy / SERC Rehabilitation Partners, LLC",69fdf0533b208288e0a7d827,"kci281 - Platte Valley Industrial Center 1 {Platte Valley Investment, LLC}",evidenceOfInsurance,Evidence of Insurance,workersCompensation,Workers' Compensation and Employer's Liability,evidenceOfInsuranceWorkersCompensationWaiverOfSubrogationEndorsement,Waiver of Subrogation,"---prompt---
Determine if the insurer has waived their right of subrogation in favor of the certificate holder under the Workers' Compensation policy. Evidence may include: a checked ""Waiver of Subrogation"" box on the certificate, mention in the Description of Operations section stating ""waiver of subrogation applies"", or reference to form WC 00 03 13. Look for language like ""subrogation is waived"" or ""per written contract"".",matchOnce,must be present,,Present,compliant,Block Requirements,,,false,1,,2026-08-16
"Block Real Estate Services, LLC",69fdf76e62446148bd8573ed,69fded2062446148bd84914d,"SERC Physical Therapy / SERC Rehabilitation Partners, LLC",69fdf0533b208288e0a7d827,"kci281 - Platte Valley Industrial Center 1 {Platte Valley Investment, LLC}",evidenceOfInsurance,Evidence of Insurance,6ac20aae-5728-5d57-b364-aeba38527dba,Additional Requirements,4da5b0f1-4c9d-5885-8cf8-5d3cccaed3e0,"Block Real Estate Services, LLC and all others required by contract are named as Additional Insureds","---prompt---
Determine if the Description of Operations or the Additional Remarks Schedule section states the ""Additional Insured as Construction Management, Inc. and all others required by contract"" or reference to blanket additional insured coverage. Look for language like ""certificate holder is additional insured"" or ""per written contract"".",matchOnce,must be present,,Present,compliant,Block Requirements,,,true,1,,2026-08-16
"Block Real Estate Services, LLC",69fdf76e62446148bd8573ed,69fded2062446148bd84914d,"SERC Physical Therapy / SERC Rehabilitation Partners, LLC",69fdf0533b208288e0a7d827,"kci281 - Platte Valley Industrial Center 1 {Platte Valley Investment, LLC}",evidenceOfInsurance,Evidence of Insurance,6ac20aae-5728-5d57-b364-aeba38527dba,Additional Requirements,e1017741-e47e-5f58-97b8-fbc3043e919f,Umbrella follows form over General Liability,"---prompt---
Determine if the Umbrella/Excess Liability policy follows form to the underlying policies. Evidence may include: language in the Description of Operations section stating the umbrella follows form to underlying coverages or an additional page endorsement stating that it follows form. Follow form means the umbrella policy adopts the same terms, conditions, and exclusions as the underlying policies.",matchOnce,must be present,,,non_compliant,Block Requirements,,,true,0,,2026-08-16
"Block Real Estate Services, LLC",69fdf76e62446148bd8573ed,69fded2062446148bd84914d,"SERC Physical Therapy / SERC Rehabilitation Partners, LLC",69fdf0533b208288e0a7d827,"kci281 - Platte Valley Industrial Center 1 {Platte Valley Investment, LLC}",evidenceOfInsurance,Evidence of Insurance,6ac20aae-5728-5d57-b364-aeba38527dba,Additional Requirements,2cdd866f-c9a4-576a-afd8-1d045762790c,"The location must be listed as: 220 NW Platte Valley Drive, Riverside, MO, 64150",,matchOnce,must be present,,Present,compliant,Block Requirements,,,true,1,,2026-08-16
"Block Real Estate Services, LLC",69fdf76e62446148bd8573ed,69fded2062446148bd84914d,"SERC Physical Therapy / SERC Rehabilitation Partners, LLC",69fdf0533b208288e0a7d827,"kci281 - Platte Valley Industrial Center 1 {Platte Valley Investment, LLC}",evidenceOfInsurance,Evidence of Insurance,6ac20aae-5728-5d57-b364-aeba38527dba,Additional Requirements,3649e9d1-4e09-59bf-8f30-cb33c40cf117,"Certificate Holder must read: c/o Block Real Estate Services, LLC, 4622 Pennsylvania St., Suite 700, Kansas City, MO, 64112",,matchOnce,must be present,,Present,compliant,Block Requirements,,,true,1,,2026-08-16
"Block Real Estate Services, LLC",6a1e005768f8b1cfc37cbe21,6a1e004c23b401dcff82ac21,BRES Management Office,69fdf0533b208288e0a7d827,"kci281 - Platte Valley Industrial Center 1 {Platte Valley Investment, LLC}",evidenceOfInsurance,Evidence of Insurance,commercialGeneralLiability,Commercial General Liability,evidenceOfInsuranceCommercialGeneralLiabilityCoverageTriggerOccurrence,Coverage Trigger: Occurrence,,matchOnce,must be present,,Present,compliant,Block Requirements,,,false,2,,2026-08-16
"Block Real Estate Services, LLC",6a1e005768f8b1cfc37cbe21,6a1e004c23b401dcff82ac21,BRES Management Office,69fdf0533b208288e0a7d827,"kci281 - Platte Valley Industrial Center 1 {Platte Valley Investment, LLC}",evidenceOfInsurance,Evidence of Insurance,commercialGeneralLiability,Commercial General Liability,evidenceOfInsuranceCommercialGeneralLiabilityGeneralAggregateLimitAppliesPerLocation,General Aggregate Limit Applies per: Location,,matchOnce,must be present,,Present,waived,Block Requirements,Per location not a requirement in the lease,,false,2,,2026-08-16
"Block Real Estate Services, LLC",6a1e005768f8b1cfc37cbe21,6a1e004c23b401dcff82ac21,BRES Management Office,69fdf0533b208288e0a7d827,"kci281 - Platte Valley Industrial Center 1 {Platte Valley Investment, LLC}",evidenceOfInsurance,Evidence of Insurance,commercialGeneralLiability,Commercial General Liability,evidenceOfInsuranceCommercialGeneralLiabilityEachOccurrence,Each Occurrence,,matchOnce,must be greater or equal to,1000000,1000000,compliant,Block Requirements,,,false,2,,2026-08-16
"Block Real Estate Services, LLC",6a1e005768f8b1cfc37cbe21,6a1e004c23b401dcff82ac21,BRES Management Office,69fdf0533b208288e0a7d827,"kci281 - Platte Valley Industrial Center 1 {Platte Valley Investment, LLC}",evidenceOfInsurance,Evidence of Insurance,commercialGeneralLiability,Commercial General Liability,evidenceOfInsuranceCommercialGeneralLiabilityGeneralAggregate,General Aggregate,,matchOnce,must be greater or equal to,2000000,2000000,compliant,Block Requirements,,,false,2,,2026-08-16
"Block Real Estate Services, LLC",6a1e005768f8b1cfc37cbe21,6a1e004c23b401dcff82ac21,BRES Management Office,69fdf0533b208288e0a7d827,"kci281 - Platte Valley Industrial Center 1 {Platte Valley Investment, LLC}",evidenceOfInsurance,Evidence of Insurance,commercialGeneralLiability,Commercial General Liability,evidenceOfInsuranceCommercialGeneralLiabilityWaiverOfSubrogationEndorsement,Waiver of Subrogation,"---prompt---
Determine if the insurer has waived their right of subrogation in favor of the certificate holder under the Commercial General Liability policy. Evidence may include: a checked ""Waiver of Subrogation"" box on the certificate, mention in the Description of Operations section stating ""waiver of subrogation applies"", or reference to form CG 24 04. Look for language like ""subrogation is waived"" or ""per written contract"".",matchOnce,must be present,,,waived,Block Requirements,BRES office leasing this space,,false,0,,2026-08-16
"Block Real Estate Services, LLC",6a1e005768f8b1cfc37cbe21,6a1e004c23b401dcff82ac21,BRES Management Office,69fdf0533b208288e0a7d827,"kci281 - Platte Valley Industrial Center 1 {Platte Valley Investment, LLC}",evidenceOfInsurance,Evidence of Insurance,excessOrUmbrellaLiability,Umbrella/Excess Liability,evidenceOfInsuranceExcessOrUmbrellaLiabilityOccurence,Coverage Trigger: Occurrence,,matchOnce,must be present,,Present,waived,Block Requirements,,,false,1,,2026-08-16
"Block Real Estate Services, LLC",6a1e005768f8b1cfc37cbe21,6a1e004c23b401dcff82ac21,BRES Management Office,69fdf0533b208288e0a7d827,"kci281 - Platte Valley Industrial Center 1 {Platte Valley Investment, LLC}",evidenceOfInsurance,Evidence of Insurance,excessOrUmbrellaLiability,Umbrella/Excess Liability,evidenceOfInsuranceExcessOrUmbrellaLiabilityEachOccurrence,Each Occurrence,,matchOnce,must be greater or equal to,1000000,10000000,waived,Block Requirements,,,false,1,,2026-08-16
"Block Real Estate Services, LLC",6a1e005768f8b1cfc37cbe21,6a1e004c23b401dcff82ac21,BRES Management Office,69fdf0533b208288e0a7d827,"kci281 - Platte Valley Industrial Center 1 {Platte Valley Investment, LLC}",evidenceOfInsurance,Evidence of Insurance,excessOrUmbrellaLiability,Umbrella/Excess Liability,evidenceOfInsuranceExcessOrUmbrellaLiabilityAggregate,Aggregate,,matchOnce,must be greater or equal to,1000000,10000000,waived,Block Requirements,,,false,1,,2026-08-16
"Block Real Estate Services, LLC",6a1e005768f8b1cfc37cbe21,6a1e004c23b401dcff82ac21,BRES Management Office,69fdf0533b208288e0a7d827,"kci281 - Platte Valley Industrial Center 1 {Platte Valley Investment, LLC}",evidenceOfInsurance,Evidence of Insurance,workersCompensation,Workers' Compensation and Employer's Liability,evidenceOfInsuranceWorkersCompensationStatutoryLimits,Statutory Limits,,matchOnce,must be present,,Present,compliant,Block Requirements,,,false,1,,2026-08-16
"Block Real Estate Services, LLC",6a1e005768f8b1cfc37cbe21,6a1e004c23b401dcff82ac21,BRES Management Office,69fdf0533b208288e0a7d827,"kci281 - Platte Valley Industrial Center 1 {Platte Valley Investment, LLC}",evidenceOfInsurance,Evidence of Insurance,workersCompensation,Workers' Compensation and Employer's Liability,evidenceOfInsuranceWorkersCompensationEmployersLiabilityEachAccident,Employer's Liability Each Accident,,matchOnce,must be greater or equal to,500000,1000000,compliant,Block Requirements,,,false,1,,2026-08-16
"Block Real Estate Services, LLC",6a1e005768f8b1cfc37cbe21,6a1e004c23b401dcff82ac21,BRES Management Office,69fdf0533b208288e0a7d827,"kci281 - Platte Valley Industrial Center 1 {Platte Valley Investment, LLC}",evidenceOfInsurance,Evidence of Insurance,workersCompensation,Workers' Compensation and Employer's Liability,evidenceOfInsuranceWorkersCompensationEmployersLiabilityDiseaseEachEmployee,Employer's Liability Disease - each employee,,matchOnce,must be greater or equal to,500000,1000000,compliant,Block Requirements,,,false,1,,2026-08-16
"Block Real Estate Services, LLC",6a1e005768f8b1cfc37cbe21,6a1e004c23b401dcff82ac21,BRES Management Office,69fdf0533b208288e0a7d827,"kci281 - Platte Valley Industrial Center 1 {Platte Valley Investment, LLC}",evidenceOfInsurance,Evidence of Insurance,workersCompensation,Workers' Compensation and Employer's Liability,evidenceOfInsuranceWorkersCompensationEmployersLiabilityDiseasePolicyLimit,Employer's Liability Disease - policy limit,,matchOnce,must be greater or equal to,500000,1000000,compliant,Block Requirements,,,false,1,,2026-08-16
"Block Real Estate Services, LLC",6a1e005768f8b1cfc37cbe21,6a1e004c23b401dcff82ac21,BRES Management Office,69fdf0533b208288e0a7d827,"kci281 - Platte Valley Industrial Center 1 {Platte Valley Investment, LLC}",evidenceOfInsurance,Evidence of Insurance,workersCompensation,Workers' Compensation and Employer's Liability,evidenceOfInsuranceWorkersCompensationWaiverOfSubrogationEndorsement,Waiver of Subrogation,"---prompt---
Determine if the insurer has waived their right of subrogation in favor of the certificate holder under the Workers' Compensation policy. Evidence may include: a checked ""Waiver of Subrogation"" box on the certificate, mention in the Description of Operations section stating ""waiver of subrogation applies"", or reference to form WC 00 03 13. Look for language like ""subrogation is waived"" or ""per written contract"".",matchOnce,must be present,,,waived,Block Requirements,WoS for WC not available in the state of MO,,false,0,,2026-08-16
"Block Real Estate Services, LLC",6a1e005768f8b1cfc37cbe21,6a1e004c23b401dcff82ac21,BRES Management Office,69fdf0533b208288e0a7d827,"kci281 - Platte Valley Industrial Center 1 {Platte Valley Investment, LLC}",evidenceOfInsurance,Evidence of Insurance,6ac20aae-5728-5d57-b364-aeba38527dba,Additional Requirements,4da5b0f1-4c9d-5885-8cf8-5d3cccaed3e0,"Block Real Estate Services, LLC and all others required by contract are named as Additional Insureds","---prompt---
Determine if the Description of Operations or the Additional Remarks Schedule section states the ""Additional Insured as Construction Management, Inc. and all others required by contract"" or reference to blanket additional insured coverage. Look for language like ""certificate holder is additional insured"" or ""per written contract"".",matchOnce,must be present,,,waived,Block Requirements,BRES office leasing this space,,true,0,,2026-08-16
"Block Real Estate Services, LLC",6a1e005768f8b1cfc37cbe21,6a1e004c23b401dcff82ac21,BRES Management Office,69fdf0533b208288e0a7d827,"kci281 - Platte Valley Industrial Center 1 {Platte Valley Investment, LLC}",evidenceOfInsurance,Evidence of Insurance,6ac20aae-5728-5d57-b364-aeba38527dba,Additional Requirements,e1017741-e47e-5f58-97b8-fbc3043e919f,Umbrella follows form over General Liability,"---prompt---
Determine if the Umbrella/Excess Liability policy follows form to the underlying policies. Evidence may include: language in the Description of Operations section stating the umbrella follows form to underlying coverages or an additional page endorsement stating that it follows form. Follow form means the umbrella policy adopts the same terms, conditions, and exclusions as the underlying policies.",matchOnce,must be present,,,waived,Block Requirements,Umbrella Liability not a requirement in the lease,,true,0,,2026-08-16
"Block Real Estate Services, LLC",6a1e005768f8b1cfc37cbe21,6a1e004c23b401dcff82ac21,BRES Management Office,69fdf0533b208288e0a7d827,"kci281 - Platte Valley Industrial Center 1 {Platte Valley Investment, LLC}",evidenceOfInsurance,Evidence of Insurance,6ac20aae-5728-5d57-b364-aeba38527dba,Additional Requirements,2cdd866f-c9a4-576a-afd8-1d045762790c,The location must be listed as: 224 NW Platte Valley Drive Riverside MO 64150,,matchOnce,must be present,,Present,compliant,Block Requirements,,,true,1,,2026-08-16
"Block Real Estate Services, LLC",6a1e005768f8b1cfc37cbe21,6a1e004c23b401dcff82ac21,BRES Management Office,69fdf0533b208288e0a7d827,"kci281 - Platte Valley Industrial Center 1 {Platte Valley Investment, LLC}",evidenceOfInsurance,Evidence of Insurance,6ac20aae-5728-5d57-b364-aeba38527dba,Additional Requirements,3649e9d1-4e09-59bf-8f30-cb33c40cf117,"Certificate Holder must read: c/o Block Real Estate Services, LLC, 4622 Pennsylvania St., Suite 700, Kansas City, MO, 64112",,matchOnce,must be present,,,waived,Block Requirements,BRES office leasing this space,,true,0,,2026-08-16
"Block Real Estate Services, LLC",6a46aa6469f1b5416f79aec8,6a1869cab517ae25a87d2e2e,"Metro Elevator Kansas City, Inc.",69fdf0533b208288e0a7d827,"kci281 - Platte Valley Industrial Center 1 {Platte Valley Investment, LLC}",evidenceOfInsurance,Evidence of Insurance,commercialGeneralLiability,Commercial General Liability,evidenceOfInsuranceCommercialGeneralLiabilityCoverageTriggerOccurrence,Coverage Trigger: Occurrence,,matchOnce,must be present,,Present,compliant,Block Requirements,,,false,1,,2026-08-16
"Block Real Estate Services, LLC",6a46aa6469f1b5416f79aec8,6a1869cab517ae25a87d2e2e,"Metro Elevator Kansas City, Inc.",69fdf0533b208288e0a7d827,"kci281 - Platte Valley Industrial Center 1 {Platte Valley Investment, LLC}",evidenceOfInsurance,Evidence of Insurance,commercialGeneralLiability,Commercial General Liability,evidenceOfInsuranceCommercialGeneralLiabilityGeneralAggregateLimitAppliesPerLocation,General Aggregate Limit Applies per: Location,,matchOnce,must be present,,,non_compliant,Block Requirements,,,false,0,,2026-08-16
"Block Real Estate Services, LLC",6a46aa6469f1b5416f79aec8,6a1869cab517ae25a87d2e2e,"Metro Elevator Kansas City, Inc.",69fdf0533b208288e0a7d827,"kci281 - Platte Valley Industrial Center 1 {Platte Valley Investment, LLC}",evidenceOfInsurance,Evidence of Insurance,commercialGeneralLiability,Commercial General Liability,evidenceOfInsuranceCommercialGeneralLiabilityEachOccurrence,Each Occurrence,,matchOnce,must be greater or equal to,1000000,2000000,compliant,Block Requirements,,,false,1,,2026-08-16
"Block Real Estate Services, LLC",6a46aa6469f1b5416f79aec8,6a1869cab517ae25a87d2e2e,"Metro Elevator Kansas City, Inc.",69fdf0533b208288e0a7d827,"kci281 - Platte Valley Industrial Center 1 {Platte Valley Investment, LLC}",evidenceOfInsurance,Evidence of Insurance,commercialGeneralLiability,Commercial General Liability,evidenceOfInsuranceCommercialGeneralLiabilityGeneralAggregate,General Aggregate,,matchOnce,must be greater or equal to,2000000,4000000,compliant,Block Requirements,,,false,1,,2026-08-16
"Block Real Estate Services, LLC",6a46aa6469f1b5416f79aec8,6a1869cab517ae25a87d2e2e,"Metro Elevator Kansas City, Inc.",69fdf0533b208288e0a7d827,"kci281 - Platte Valley Industrial Center 1 {Platte Valley Investment, LLC}",evidenceOfInsurance,Evidence of Insurance,commercialGeneralLiability,Commercial General Liability,evidenceOfInsuranceCommercialGeneralLiabilityWaiverOfSubrogationEndorsement,Waiver of Subrogation,"---prompt---
Determine if the insurer has waived their right of subrogation in favor of the certificate holder under the Commercial General Liability policy. Evidence may include: a checked ""Waiver of Subrogation"" box on the certificate, mention in the Description of Operations section stating ""waiver of subrogation applies"", or reference to form CG 24 04. Look for language like ""subrogation is waived"" or ""per written contract"".",matchOnce,must be present,,Present,compliant,Block Requirements,,,false,1,,2026-08-16
"Block Real Estate Services, LLC",6a46aa6469f1b5416f79aec8,6a1869cab517ae25a87d2e2e,"Metro Elevator Kansas City, Inc.",69fdf0533b208288e0a7d827,"kci281 - Platte Valley Industrial Center 1 {Platte Valley Investment, LLC}",evidenceOfInsurance,Evidence of Insurance,excessOrUmbrellaLiability,Umbrella/Excess Liability,evidenceOfInsuranceExcessOrUmbrellaLiabilityOccurence,Coverage Trigger: Occurrence,,matchOnce,must be present,,Present,compliant,Block Requirements,,,false,1,,2026-08-16
"Block Real Estate Services, LLC",6a46aa6469f1b5416f79aec8,6a1869cab517ae25a87d2e2e,"Metro Elevator Kansas City, Inc.",69fdf0533b208288e0a7d827,"kci281 - Platte Valley Industrial Center 1 {Platte Valley Investment, LLC}",evidenceOfInsurance,Evidence of Insurance,excessOrUmbrellaLiability,Umbrella/Excess Liability,evidenceOfInsuranceExcessOrUmbrellaLiabilityEachOccurrence,Each Occurrence,,matchOnce,must be greater or equal to,1000000,5000000,compliant,Block Requirements,,,false,1,,2026-08-16
"Block Real Estate Services, LLC",6a46aa6469f1b5416f79aec8,6a1869cab517ae25a87d2e2e,"Metro Elevator Kansas City, Inc.",69fdf0533b208288e0a7d827,"kci281 - Platte Valley Industrial Center 1 {Platte Valley Investment, LLC}",evidenceOfInsurance,Evidence of Insurance,excessOrUmbrellaLiability,Umbrella/Excess Liability,evidenceOfInsuranceExcessOrUmbrellaLiabilityAggregate,Aggregate,,matchOnce,must be greater or equal to,1000000,5000000,compliant,Block Requirements,,,false,1,,2026-08-16
"Block Real Estate Services, LLC",6a46aa6469f1b5416f79aec8,6a1869cab517ae25a87d2e2e,"Metro Elevator Kansas City, Inc.",69fdf0533b208288e0a7d827,"kci281 - Platte Valley Industrial Center 1 {Platte Valley Investment, LLC}",evidenceOfInsurance,Evidence of Insurance,workersCompensation,Workers' Compensation and Employer's Liability,evidenceOfInsuranceWorkersCompensationStatutoryLimits,Statutory Limits,,matchOnce,must be present,,Present,compliant,Block Requirements,,,false,1,,2026-08-16
"Block Real Estate Services, LLC",6a46aa6469f1b5416f79aec8,6a1869cab517ae25a87d2e2e,"Metro Elevator Kansas City, Inc.",69fdf0533b208288e0a7d827,"kci281 - Platte Valley Industrial Center 1 {Platte Valley Investment, LLC}",evidenceOfInsurance,Evidence of Insurance,workersCompensation,Workers' Compensation and Employer's Liability,evidenceOfInsuranceWorkersCompensationEmployersLiabilityEachAccident,Employer's Liability Each Accident,,matchOnce,must be greater or equal to,500000,1000000,compliant,Block Requirements,,,false,1,,2026-08-16
"Block Real Estate Services, LLC",6a46aa6469f1b5416f79aec8,6a1869cab517ae25a87d2e2e,"Metro Elevator Kansas City, Inc.",69fdf0533b208288e0a7d827,"kci281 - Platte Valley Industrial Center 1 {Platte Valley Investment, LLC}",evidenceOfInsurance,Evidence of Insurance,workersCompensation,Workers' Compensation and Employer's Liability,evidenceOfInsuranceWorkersCompensationEmployersLiabilityDiseaseEachEmployee,Employer's Liability Disease - each employee,,matchOnce,must be greater or equal to,500000,1000000,compliant,Block Requirements,,,false,1,,2026-08-16
"Block Real Estate Services, LLC",6a46aa6469f1b5416f79aec8,6a1869cab517ae25a87d2e2e,"Metro Elevator Kansas City, Inc.",69fdf0533b208288e0a7d827,"kci281 - Platte Valley Industrial Center 1 {Platte Valley Investment, LLC}",evidenceOfInsurance,Evidence of Insurance,workersCompensation,Workers' Compensation and Employer's Liability,evidenceOfInsuranceWorkersCompensationEmployersLiabilityDiseasePolicyLimit,Employer's Liability Disease - policy limit,,matchOnce,must be greater or equal to,500000,1000000,compliant,Block Requirements,,,false,1,,2026-08-16
"Block Real Estate Services, LLC",6a46aa6469f1b5416f79aec8,6a1869cab517ae25a87d2e2e,"Metro Elevator Kansas City, Inc.",69fdf0533b208288e0a7d827,"kci281 - Platte Valley Industrial Center 1 {Platte Valley Investment, LLC}",evidenceOfInsurance,Evidence of Insurance,workersCompensation,Workers' Compensation and Employer's Liability,evidenceOfInsuranceWorkersCompensationWaiverOfSubrogationEndorsement,Waiver of Subrogation,"---prompt---
Determine if the insurer has waived their right of subrogation in favor of the certificate holder under the Workers' Compensation policy. Evidence may include: a checked ""Waiver of Subrogation"" box on the certificate, mention in the Description of Operations section stating ""waiver of subrogation applies"", or reference to form WC 00 03 13. Look for language like ""subrogation is waived"" or ""per written contract"".",matchOnce,must be present,,Present,compliant,Block Requirements,,,false,1,,2026-08-16
"Block Real Estate Services, LLC",6a46aa6469f1b5416f79aec8,6a1869cab517ae25a87d2e2e,"Metro Elevator Kansas City, Inc.",69fdf0533b208288e0a7d827,"kci281 - Platte Valley Industrial Center 1 {Platte Valley Investment, LLC}",evidenceOfInsurance,Evidence of Insurance,6ac20aae-5728-5d57-b364-aeba38527dba,Additional Requirements,4da5b0f1-4c9d-5885-8cf8-5d3cccaed3e0,"Block Real Estate Services, LLC and all others required by contract are named as Additional Insureds","---prompt---
Determine if the Description of Operations or the Additional Remarks Schedule section states the ""Additional Insured as Construction Management, Inc. and all others required by contract"" or reference to blanket additional insured coverage. Look for language like ""certificate holder is additional insured"" or ""per written contract"".",matchOnce,must be present,,Present,compliant,Block Requirements,,,true,1,,2026-08-16
"Block Real Estate Services, LLC",6a46aa6469f1b5416f79aec8,6a1869cab517ae25a87d2e2e,"Metro Elevator Kansas City, Inc.",69fdf0533b208288e0a7d827,"kci281 - Platte Valley Industrial Center 1 {Platte Valley Investment, LLC}",evidenceOfInsurance,Evidence of Insurance,6ac20aae-5728-5d57-b364-aeba38527dba,Additional Requirements,e1017741-e47e-5f58-97b8-fbc3043e919f,Umbrella follows form over General Liability,"---prompt---
Determine if the Umbrella/Excess Liability policy follows form to the underlying policies. Evidence may include: language in the Description of Operations section stating the umbrella follows form to underlying coverages or an additional page endorsement stating that it follows form. Follow form means the umbrella policy adopts the same terms, conditions, and exclusions as the underlying policies.",matchOnce,must be present,,,non_compliant,Block Requirements,,,true,0,,2026-08-16
"Block Real Estate Services, LLC",6a46aa6469f1b5416f79aec8,6a1869cab517ae25a87d2e2e,"Metro Elevator Kansas City, Inc.",69fdf0533b208288e0a7d827,"kci281 - Platte Valley Industrial Center 1 {Platte Valley Investment, LLC}",evidenceOfInsurance,Evidence of Insurance,6ac20aae-5728-5d57-b364-aeba38527dba,Additional Requirements,2cdd866f-c9a4-576a-afd8-1d045762790c,"The location must be listed as: 212 Platte Valley Drive, Riverside, MO 64150",,matchOnce,must be present,,Present,compliant,Block Requirements,,,true,1,,2026-08-16
"Block Real Estate Services, LLC",6a46aa6469f1b5416f79aec8,6a1869cab517ae25a87d2e2e,"Metro Elevator Kansas City, Inc.",69fdf0533b208288e0a7d827,"kci281 - Platte Valley Industrial Center 1 {Platte Valley Investment, LLC}",evidenceOfInsurance,Evidence of Insurance,6ac20aae-5728-5d57-b364-aeba38527dba,Additional Requirements,3649e9d1-4e09-59bf-8f30-cb33c40cf117,"Certificate Holder must read: c/o Block Real Estate Services, LLC, 4622 Pennsylvania St., Suite 700, Kansas City, MO, 64112",,matchOnce,must be present,,Present,compliant,Block Requirements,,,true,1,,2026-08-16
"Block Real Estate Services, LLC",69fdf76e62446148bd8573e6,69fded0d62446148bd848b47,All Copy Products Inc,69fdf05002bb2c42a87a1859,"kc2704 - Westbrook IV {Brian 4, LLC}",evidenceOfInsurance,Evidence of Insurance,commercialGeneralLiability,Commercial General Liability,evidenceOfInsuranceCommercialGeneralLiabilityCoverageTriggerOccurrence,Coverage Trigger: Occurrence,,matchOnce,must be present,,,non_compliant,Block Requirements,,,false,0,,2026-08-16
"Block Real Estate Services, LLC",69fdf76e62446148bd8573e6,69fded0d62446148bd848b47,All Copy Products Inc,69fdf05002bb2c42a87a1859,"kc2704 - Westbrook IV {Brian 4, LLC}",evidenceOfInsurance,Evidence of Insurance,commercialGeneralLiability,Commercial General Liability,evidenceOfInsuranceCommercialGeneralLiabilityGeneralAggregateLimitAppliesPerLocation,General Aggregate Limit Applies per: Location,,matchOnce,must be present,,,non_compliant,Block Requirements,,,false,0,,2026-08-16
"Block Real Estate Services, LLC",69fdf76e62446148bd8573e6,69fded0d62446148bd848b47,All Copy Products Inc,69fdf05002bb2c42a87a1859,"kc2704 - Westbrook IV {Brian 4, LLC}",evidenceOfInsurance,Evidence of Insurance,commercialGeneralLiability,Commercial General Liability,evidenceOfInsuranceCommercialGeneralLiabilityEachOccurrence,Each Occurrence,,matchOnce,must be greater or equal to,1000000,,non_compliant,Block Requirements,,,false,0,,2026-08-16
"Block Real Estate Services, LLC",69fdf76e62446148bd8573e6,69fded0d62446148bd848b47,All Copy Products Inc,69fdf05002bb2c42a87a1859,"kc2704 - Westbrook IV {Brian 4, LLC}",evidenceOfInsurance,Evidence of Insurance,commercialGeneralLiability,Commercial General Liability,evidenceOfInsuranceCommercialGeneralLiabilityGeneralAggregate,General Aggregate,,matchOnce,must be greater or equal to,2000000,,non_compliant,Block Requirements,,,false,0,,2026-08-16
"Block Real Estate Services, LLC",69fdf76e62446148bd8573e6,69fded0d62446148bd848b47,All Copy Products Inc,69fdf05002bb2c42a87a1859,"kc2704 - Westbrook IV {Brian 4, LLC}",evidenceOfInsurance,Evidence of Insurance,commercialGeneralLiability,Commercial General Liability,evidenceOfInsuranceCommercialGeneralLiabilityWaiverOfSubrogationEndorsement,Waiver of Subrogation,"---prompt---
Determine if the insurer has waived their right of subrogation in favor of the certificate holder under the Commercial General Liability policy. Evidence may include: a checked ""Waiver of Subrogation"" box on the certificate, mention in the Description of Operations section stating ""waiver of subrogation applies"", or reference to form CG 24 04. Look for language like ""subrogation is waived"" or ""per written contract"".",matchOnce,must be present,,,non_compliant,Block Requirements,,,false,0,,2026-08-16
"Block Real Estate Services, LLC",69fdf76e62446148bd8573e6,69fded0d62446148bd848b47,All Copy Products Inc,69fdf05002bb2c42a87a1859,"kc2704 - Westbrook IV {Brian 4, LLC}",evidenceOfInsurance,Evidence of Insurance,excessOrUmbrellaLiability,Umbrella/Excess Liability,evidenceOfInsuranceExcessOrUmbrellaLiabilityOccurence,Coverage Trigger: Occurrence,,matchOnce,must be present,,,non_compliant,Block Requirements,,,false,0,,2026-08-16
"Block Real Estate Services, LLC",69fdf76e62446148bd8573e6,69fded0d62446148bd848b47,All Copy Products Inc,69fdf05002bb2c42a87a1859,"kc2704 - Westbrook IV {Brian 4, LLC}",evidenceOfInsurance,Evidence of Insurance,excessOrUmbrellaLiability,Umbrella/Excess Liability,evidenceOfInsuranceExcessOrUmbrellaLiabilityEachOccurrence,Each Occurrence,,matchOnce,must be greater or equal to,1000000,,non_compliant,Block Requirements,,,false,0,,2026-08-16
"Block Real Estate Services, LLC",69fdf76e62446148bd8573e6,69fded0d62446148bd848b47,All Copy Products Inc,69fdf05002bb2c42a87a1859,"kc2704 - Westbrook IV {Brian 4, LLC}",evidenceOfInsurance,Evidence of Insurance,excessOrUmbrellaLiability,Umbrella/Excess Liability,evidenceOfInsuranceExcessOrUmbrellaLiabilityAggregate,Aggregate,,matchOnce,must be greater or equal to,1000000,,non_compliant,Block Requirements,,,false,0,,2026-08-16
"Block Real Estate Services, LLC",69fdf76e62446148bd8573e6,69fded0d62446148bd848b47,All Copy Products Inc,69fdf05002bb2c42a87a1859,"kc2704 - Westbrook IV {Brian 4, LLC}",evidenceOfInsurance,Evidence of Insurance,workersCompensation,Workers' Compensation and Employer's Liability,evidenceOfInsuranceWorkersCompensationStatutoryLimits,Statutory Limits,,matchOnce,must be present,,,non_compliant,Block Requirements,,,false,0,,2026-08-16
"Block Real Estate Services, LLC",69fdf76e62446148bd8573e6,69fded0d62446148bd848b47,All Copy Products Inc,69fdf05002bb2c42a87a1859,"kc2704 - Westbrook IV {Brian 4, LLC}",evidenceOfInsurance,Evidence of Insurance,workersCompensation,Workers' Compensation and Employer's Liability,evidenceOfInsuranceWorkersCompensationEmployersLiabilityEachAccident,Employer's Liability Each Accident,,matchOnce,must be greater or equal to,500000,,non_compliant,Block Requirements,,,false,0,,2026-08-16
"Block Real Estate Services, LLC",69fdf76e62446148bd8573e6,69fded0d62446148bd848b47,All Copy Products Inc,69fdf05002bb2c42a87a1859,"kc2704 - Westbrook IV {Brian 4, LLC}",evidenceOfInsurance,Evidence of Insurance,workersCompensation,Workers' Compensation and Employer's Liability,evidenceOfInsuranceWorkersCompensationEmployersLiabilityDiseaseEachEmployee,Employer's Liability Disease - each employee,,matchOnce,must be greater or equal to,500000,,non_compliant,Block Requirements,,,false,0,,2026-08-16
"Block Real Estate Services, LLC",69fdf76e62446148bd8573e6,69fded0d62446148bd848b47,All Copy Products Inc,69fdf05002bb2c42a87a1859,"kc2704 - Westbrook IV {Brian 4, LLC}",evidenceOfInsurance,Evidence of Insurance,workersCompensation,Workers' Compensation and Employer's Liability,evidenceOfInsuranceWorkersCompensationEmployersLiabilityDiseasePolicyLimit,Employer's Liability Disease - policy limit,,matchOnce,must be greater or equal to,500000,,non_compliant,Block Requirements,,,false,0,,2026-08-16
"Block Real Estate Services, LLC",69fdf76e62446148bd8573e6,69fded0d62446148bd848b47,All Copy Products Inc,69fdf05002bb2c42a87a1859,"kc2704 - Westbrook IV {Brian 4, LLC}",evidenceOfInsurance,Evidence of Insurance,workersCompensation,Workers' Compensation and Employer's Liability,evidenceOfInsuranceWorkersCompensationWaiverOfSubrogationEndorsement,Waiver of Subrogation,"---prompt---
Determine if the insurer has waived their right of subrogation in favor of the certificate holder under the Workers' Compensation policy. Evidence may include: a checked ""Waiver of Subrogation"" box on the certificate, mention in the Description of Operations section stating ""waiver of subrogation applies"", or reference to form WC 00 03 13. Look for language like ""subrogation is waived"" or ""per written contract"".",matchOnce,must be present,,,non_compliant,Block Requirements,,,false,0,,2026-08-16
"Block Real Estate Services, LLC",69fdf76e62446148bd8573e6,69fded0d62446148bd848b47,All Copy Products Inc,69fdf05002bb2c42a87a1859,"kc2704 - Westbrook IV {Brian 4, LLC}",evidenceOfInsurance,Evidence of Insurance,6ac20aae-5728-5d57-b364-aeba38527dba,Additional Requirements,4da5b0f1-4c9d-5885-8cf8-5d3cccaed3e0,"Block Real Estate Services, LLC and all others required by contract are named as Additional Insureds","---prompt---
Determine if the Description of Operations or the Additional Remarks Schedule section states the ""Additional Insured as Construction Management, Inc. and all others required by contract"" or reference to blanket additional insured coverage. Look for language like ""certificate holder is additional insured"" or ""per written contract"".",matchOnce,must be present,,,non_compliant,Block Requirements,,,true,0,,2026-08-16
"Block Real Estate Services, LLC",69fdf76e62446148bd8573e6,69fded0d62446148bd848b47,All Copy Products Inc,69fdf05002bb2c42a87a1859,"kc2704 - Westbrook IV {Brian 4, LLC}",evidenceOfInsurance,Evidence of Insurance,6ac20aae-5728-5d57-b364-aeba38527dba,Additional Requirements,e1017741-e47e-5f58-97b8-fbc3043e919f,Umbrella follows form over General Liability,"---prompt---
Determine if the Umbrella/Excess Liability policy follows form to the underlying policies. Evidence may include: language in the Description of Operations section stating the umbrella follows form to underlying coverages or an additional page endorsement stating that it follows form. Follow form means the umbrella policy adopts the same terms, conditions, and exclusions as the underlying policies.",matchOnce,must be present,,,non_compliant,Block Requirements,,,true,0,,2026-08-16
"Block Real Estate Services, LLC",69fdf76e62446148bd8573e6,69fded0d62446148bd848b47,All Copy Products Inc,69fdf05002bb2c42a87a1859,"kc2704 - Westbrook IV {Brian 4, LLC}",evidenceOfInsurance,Evidence of Insurance,6ac20aae-5728-5d57-b364-aeba38527dba,Additional Requirements,2cdd866f-c9a4-576a-afd8-1d045762790c,"The location must be listed as: 7920 Marshall Drive, Lenexa, KS, 66214",,matchOnce,must be present,,,non_compliant,Block Requirements,,,true,0,,2026-08-16
"Block Real Estate Services, LLC",69fdf76e62446148bd8573e6,69fded0d62446148bd848b47,All Copy Products Inc,69fdf05002bb2c42a87a1859,"kc2704 - Westbrook IV {Brian 4, LLC}",evidenceOfInsurance,Evidence of Insurance,6ac20aae-5728-5d57-b364-aeba38527dba,Additional Requirements,3649e9d1-4e09-59bf-8f30-cb33c40cf117,"Certificate Holder must read: c/o Block Real Estate Services, LLC, 4622 Pennsylvania St., Suite 700, Kansas City, MO, 64112",,matchOnce,must be present,,,non_compliant,Block Requirements,,,true,0,,2026-08-16
"Block Real Estate Services, LLC",69fdf76e62446148bd8573e8,69fded2062446148bd849168,Siemens Corporation,69fdf05002bb2c42a87a1859,"kc2704 - Westbrook IV {Brian 4, LLC}",evidenceOfInsurance,Evidence of Insurance,commercialGeneralLiability,Commercial General Liability,evidenceOfInsuranceCommercialGeneralLiabilityCoverageTriggerOccurrence,Coverage Trigger: Occurrence,,matchOnce,must be present,,Present,compliant,Block Requirements,,,false,1,,2026-08-16
"Block Real Estate Services, LLC",69fdf76e62446148bd8573e8,69fded2062446148bd849168,Siemens Corporation,69fdf05002bb2c42a87a1859,"kc2704 - Westbrook IV {Brian 4, LLC}",evidenceOfInsurance,Evidence of Insurance,commercialGeneralLiability,Commercial General Liability,evidenceOfInsuranceCommercialGeneralLiabilityGeneralAggregateLimitAppliesPerLocation,General Aggregate Limit Applies per: Location,,matchOnce,must be present,,,waived,Block Requirements,Per Location waived per Merrill Curtis and email attached,,false,0,,2026-08-16
"Block Real Estate Services, LLC",69fdf76e62446148bd8573e8,69fded2062446148bd849168,Siemens Corporation,69fdf05002bb2c42a87a1859,"kc2704 - Westbrook IV {Brian 4, LLC}",evidenceOfInsurance,Evidence of Insurance,commercialGeneralLiability,Commercial General Liability,evidenceOfInsuranceCommercialGeneralLiabilityEachOccurrence,Each Occurrence,,matchOnce,must be greater or equal to,1000000,1000000,compliant,Block Requirements,,,false,1,,2026-08-16
"Block Real Estate Services, LLC",69fdf76e62446148bd8573e8,69fded2062446148bd849168,Siemens Corporation,69fdf05002bb2c42a87a1859,"kc2704 - Westbrook IV {Brian 4, LLC}",evidenceOfInsurance,Evidence of Insurance,commercialGeneralLiability,Commercial General Liability,evidenceOfInsuranceCommercialGeneralLiabilityGeneralAggregate,General Aggregate,,matchOnce,must be greater or equal to,2000000,2000000,compliant,Block Requirements,,,false,1,,2026-08-16
"Block Real Estate Services, LLC",69fdf76e62446148bd8573e8,69fded2062446148bd849168,Siemens Corporation,69fdf05002bb2c42a87a1859,"kc2704 - Westbrook IV {Brian 4, LLC}",evidenceOfInsurance,Evidence of Insurance,commercialGeneralLiability,Commercial General Liability,evidenceOfInsuranceCommercialGeneralLiabilityWaiverOfSubrogationEndorsement,Waiver of Subrogation,"---prompt---
Determine if the insurer has waived their right of subrogation in favor of the certificate holder under the Commercial General Liability policy. Evidence may include: a checked ""Waiver of Subrogation"" box on the certificate, mention in the Description of Operations section stating ""waiver of subrogation applies"", or reference to form CG 24 04. Look for language like ""subrogation is waived"" or ""per written contract"".",matchOnce,must be present,,Present,compliant,Block Requirements,,,false,1,,2026-08-16
"Block Real Estate Services, LLC",69fdf76e62446148bd8573e8,69fded2062446148bd849168,Siemens Corporation,69fdf05002bb2c42a87a1859,"kc2704 - Westbrook IV {Brian 4, LLC}",evidenceOfInsurance,Evidence of Insurance,excessOrUmbrellaLiability,Umbrella/Excess Liability,evidenceOfInsuranceExcessOrUmbrellaLiabilityOccurence,Coverage Trigger: Occurrence,,matchOnce,must be present,,Present,compliant,Block Requirements,,,false,1,,2026-08-16
"Block Real Estate Services, LLC",69fdf76e62446148bd8573e8,69fded2062446148bd849168,Siemens Corporation,69fdf05002bb2c42a87a1859,"kc2704 - Westbrook IV {Brian 4, LLC}",evidenceOfInsurance,Evidence of Insurance,excessOrUmbrellaLiability,Umbrella/Excess Liability,evidenceOfInsuranceExcessOrUmbrellaLiabilityEachOccurrence,Each Occurrence,,matchOnce,must be greater or equal to,1000000,5000000,compliant,Block Requirements,,,false,1,,2026-08-16
"Block Real Estate Services, LLC",69fdf76e62446148bd8573e8,69fded2062446148bd849168,Siemens Corporation,69fdf05002bb2c42a87a1859,"kc2704 - Westbrook IV {Brian 4, LLC}",evidenceOfInsurance,Evidence of Insurance,excessOrUmbrellaLiability,Umbrella/Excess Liability,evidenceOfInsuranceExcessOrUmbrellaLiabilityAggregate,Aggregate,,matchOnce,must be greater or equal to,1000000,5000000,compliant,Block Requirements,,,false,1,,2026-08-16
"Block Real Estate Services, LLC",69fdf76e62446148bd8573e8,69fded2062446148bd849168,Siemens Corporation,69fdf05002bb2c42a87a1859,"kc2704 - Westbrook IV {Brian 4, LLC}",evidenceOfInsurance,Evidence of Insurance,workersCompensation,Workers' Compensation and Employer's Liability,evidenceOfInsuranceWorkersCompensationStatutoryLimits,Statutory Limits,,matchOnce,must be present,,Present,compliant,Block Requirements,,,false,1,,2026-08-16
"Block Real Estate Services, LLC",69fdf76e62446148bd8573e8,69fded2062446148bd849168,Siemens Corporation,69fdf05002bb2c42a87a1859,"kc2704 - Westbrook IV {Brian 4, LLC}",evidenceOfInsurance,Evidence of Insurance,workersCompensation,Workers' Compensation and Employer's Liability,evidenceOfInsuranceWorkersCompensationEmployersLiabilityEachAccident,Employer's Liability Each Accident,,matchOnce,must be greater or equal to,500000,1000000,compliant,Block Requirements,,,false,1,,2026-08-16
"Block Real Estate Services, LLC",69fdf76e62446148bd8573e8,69fded2062446148bd849168,Siemens Corporation,69fdf05002bb2c42a87a1859,"kc2704 - Westbrook IV {Brian 4, LLC}",evidenceOfInsurance,Evidence of Insurance,workersCompensation,Workers' Compensation and Employer's Liability,evidenceOfInsuranceWorkersCompensationEmployersLiabilityDiseaseEachEmployee,Employer's Liability Disease - each employee,,matchOnce,must be greater or equal to,500000,1000000,compliant,Block Requirements,,,false,1,,2026-08-16
"Block Real Estate Services, LLC",69fdf76e62446148bd8573e8,69fded2062446148bd849168,Siemens Corporation,69fdf05002bb2c42a87a1859,"kc2704 - Westbrook IV {Brian 4, LLC}",evidenceOfInsurance,Evidence of Insurance,workersCompensation,Workers' Compensation and Employer's Liability,evidenceOfInsuranceWorkersCompensationEmployersLiabilityDiseasePolicyLimit,Employer's Liability Disease - policy limit,,matchOnce,must be greater or equal to,500000,1000000,compliant,Block Requirements,,,false,1,,2026-08-16
"Block Real Estate Services, LLC",69fdf76e62446148bd8573e8,69fded2062446148bd849168,Siemens Corporation,69fdf05002bb2c42a87a1859,"kc2704 - Westbrook IV {Brian 4, LLC}",evidenceOfInsurance,Evidence of Insurance,workersCompensation,Workers' Compensation and Employer's Liability,evidenceOfInsuranceWorkersCompensationWaiverOfSubrogationEndorsement,Waiver of Subrogation,"---prompt---
Determine if the insurer has waived their right of subrogation in favor of the certificate holder under the Workers' Compensation policy. Evidence may include: a checked ""Waiver of Subrogation"" box on the certificate, mention in the Description of Operations section stating ""waiver of subrogation applies"", or reference to form WC 00 03 13. Look for language like ""subrogation is waived"" or ""per written contract"".",matchOnce,must be present,,Present,compliant,Block Requirements,,,false,1,,2026-08-16
"Block Real Estate Services, LLC",69fdf76e62446148bd8573e8,69fded2062446148bd849168,Siemens Corporation,69fdf05002bb2c42a87a1859,"kc2704 - Westbrook IV {Brian 4, LLC}",evidenceOfInsurance,Evidence of Insurance,6ac20aae-5728-5d57-b364-aeba38527dba,Additional Requirements,4da5b0f1-4c9d-5885-8cf8-5d3cccaed3e0,"Block Real Estate Services, LLC and all others required by contract are named as Additional Insureds","---prompt---
Determine if the Description of Operations or the Additional Remarks Schedule section states the ""Additional Insured as Construction Management, Inc. and all others required by contract"" or reference to blanket additional insured coverage. Look for language like ""certificate holder is additional insured"" or ""per written contract"".",matchOnce,must be present,,Present,compliant,Block Requirements,,,true,2,,2026-08-16
"Block Real Estate Services, LLC",69fdf76e62446148bd8573e8,69fded2062446148bd849168,Siemens Corporation,69fdf05002bb2c42a87a1859,"kc2704 - Westbrook IV {Brian 4, LLC}",evidenceOfInsurance,Evidence of Insurance,6ac20aae-5728-5d57-b364-aeba38527dba,Additional Requirements,e1017741-e47e-5f58-97b8-fbc3043e919f,Umbrella follows form over General Liability,"---prompt---
Determine if the Umbrella/Excess Liability policy follows form to the underlying policies. Evidence may include: language in the Description of Operations section stating the umbrella follows form to underlying coverages or an additional page endorsement stating that it follows form. Follow form means the umbrella policy adopts the same terms, conditions, and exclusions as the underlying policies.",matchOnce,must be present,,Present,compliant,Block Requirements,,,true,2,,2026-08-16
"Block Real Estate Services, LLC",69fdf76e62446148bd8573e8,69fded2062446148bd849168,Siemens Corporation,69fdf05002bb2c42a87a1859,"kc2704 - Westbrook IV {Brian 4, LLC}",evidenceOfInsurance,Evidence of Insurance,6ac20aae-5728-5d57-b364-aeba38527dba,Additional Requirements,2cdd866f-c9a4-576a-afd8-1d045762790c,"The location must be listed as: 7938 Marshall Drive, Lenexa, KS, 66214",,matchOnce,must be present,,Present,compliant,Block Requirements,,,true,1,,2026-08-16
"Block Real Estate Services, LLC",69fdf76e62446148bd8573e8,69fded2062446148bd849168,Siemens Corporation,69fdf05002bb2c42a87a1859,"kc2704 - Westbrook IV {Brian 4, LLC}",evidenceOfInsurance,Evidence of Insurance,6ac20aae-5728-5d57-b364-aeba38527dba,Additional Requirements,3649e9d1-4e09-59bf-8f30-cb33c40cf117,"Certificate Holder must read: c/o Block Real Estate Services, LLC, 4622 Pennsylvania St., Suite 700, Kansas City, MO, 64112",,matchOnce,must be present,,Present,compliant,Block Requirements,,,true,2,,2026-08-16
"Block Real Estate Services, LLC",69fdf76e62446148bd8573e7,69fded0e62446148bd848b8c,ARJ Infusion Services,69fdf05002bb2c42a87a1859,"kc2704 - Westbrook IV {Brian 4, LLC}",evidenceOfInsurance,Evidence of Insurance,commercialGeneralLiability,Commercial General Liability,evidenceOfInsuranceCommercialGeneralLiabilityCoverageTriggerOccurrence,Coverage Trigger: Occurrence,,matchOnce,must be present,,,non_compliant,Block Requirements,,,false,0,,2026-08-16
"Block Real Estate Services, LLC",69fdf76e62446148bd8573e7,69fded0e62446148bd848b8c,ARJ Infusion Services,69fdf05002bb2c42a87a1859,"kc2704 - Westbrook IV {Brian 4, LLC}",evidenceOfInsurance,Evidence of Insurance,commercialGeneralLiability,Commercial General Liability,evidenceOfInsuranceCommercialGeneralLiabilityGeneralAggregateLimitAppliesPerLocation,General Aggregate Limit Applies per: Location,,matchOnce,must be present,,,non_compliant,Block Requirements,,,false,0,,2026-08-16
"Block Real Estate Services, LLC",69fdf76e62446148bd8573e7,69fded0e62446148bd848b8c,ARJ Infusion Services,69fdf05002bb2c42a87a1859,"kc2704 - Westbrook IV {Brian 4, LLC}",evidenceOfInsurance,Evidence of Insurance,commercialGeneralLiability,Commercial General Liability,evidenceOfInsuranceCommercialGeneralLiabilityEachOccurrence,Each Occurrence,,matchOnce,must be greater or equal to,1000000,,non_compliant,Block Requirements,,,false,0,,2026-08-16
"Block Real Estate Services, LLC",69fdf76e62446148bd8573e7,69fded0e62446148bd848b8c,ARJ Infusion Services,69fdf05002bb2c42a87a1859,"kc2704 - Westbrook IV {Brian 4, LLC}",evidenceOfInsurance,Evidence of Insurance,commercialGeneralLiability,Commercial General Liability,evidenceOfInsuranceCommercialGeneralLiabilityGeneralAggregate,General Aggregate,,matchOnce,must be greater or equal to,2000000,,non_compliant,Block Requirements,,,false,0,,2026-08-16
"Block Real Estate Services, LLC",69fdf76e62446148bd8573e7,69fded0e62446148bd848b8c,ARJ Infusion Services,69fdf05002bb2c42a87a1859,"kc2704 - Westbrook IV {Brian 4, LLC}",evidenceOfInsurance,Evidence of Insurance,commercialGeneralLiability,Commercial General Liability,evidenceOfInsuranceCommercialGeneralLiabilityWaiverOfSubrogationEndorsement,Waiver of Subrogation,"---prompt---
Determine if the insurer has waived their right of subrogation in favor of the certificate holder under the Commercial General Liability policy. Evidence may include: a checked ""Waiver of Subrogation"" box on the certificate, mention in the Description of Operations section stating ""waiver of subrogation applies"", or reference to form CG 24 04. Look for language like ""subrogation is waived"" or ""per written contract"".",matchOnce,must be present,,,non_compliant,Block Requirements,,,false,0,,2026-08-16
"Block Real Estate Services, LLC",69fdf76e62446148bd8573e7,69fded0e62446148bd848b8c,ARJ Infusion Services,69fdf05002bb2c42a87a1859,"kc2704 - Westbrook IV {Brian 4, LLC}",evidenceOfInsurance,Evidence of Insurance,excessOrUmbrellaLiability,Umbrella/Excess Liability,evidenceOfInsuranceExcessOrUmbrellaLiabilityOccurence,Coverage Trigger: Occurrence,,matchOnce,must be present,,,non_compliant,Block Requirements,,,false,0,,2026-08-16
"Block Real Estate Services, LLC",69fdf76e62446148bd8573e7,69fded0e62446148bd848b8c,ARJ Infusion Services,69fdf05002bb2c42a87a1859,"kc2704 - Westbrook IV {Brian 4, LLC}",evidenceOfInsurance,Evidence of Insurance,excessOrUmbrellaLiability,Umbrella/Excess Liability,evidenceOfInsuranceExcessOrUmbrellaLiabilityEachOccurrence,Each Occurrence,,matchOnce,must be greater or equal to,1000000,,non_compliant,Block Requirements,,,false,0,,2026-08-16
"Block Real Estate Services, LLC",69fdf76e62446148bd8573e7,69fded0e62446148bd848b8c,ARJ Infusion Services,69fdf05002bb2c42a87a1859,"kc2704 - Westbrook IV {Brian 4, LLC}",evidenceOfInsurance,Evidence of Insurance,excessOrUmbrellaLiability,Umbrella/Excess Liability,evidenceOfInsuranceExcessOrUmbrellaLiabilityAggregate,Aggregate,,matchOnce,must be greater or equal to,1000000,,non_compliant,Block Requirements,,,false,0,,2026-08-16
"Block Real Estate Services, LLC",69fdf76e62446148bd8573e7,69fded0e62446148bd848b8c,ARJ Infusion Services,69fdf05002bb2c42a87a1859,"kc2704 - Westbrook IV {Brian 4, LLC}",evidenceOfInsurance,Evidence of Insurance,workersCompensation,Workers' Compensation and Employer's Liability,evidenceOfInsuranceWorkersCompensationStatutoryLimits,Statutory Limits,,matchOnce,must be present,,,non_compliant,Block Requirements,,,false,0,,2026-08-16
"Block Real Estate Services, LLC",69fdf76e62446148bd8573e7,69fded0e62446148bd848b8c,ARJ Infusion Services,69fdf05002bb2c42a87a1859,"kc2704 - Westbrook IV {Brian 4, LLC}",evidenceOfInsurance,Evidence of Insurance,workersCompensation,Workers' Compensation and Employer's Liability,evidenceOfInsuranceWorkersCompensationEmployersLiabilityEachAccident,Employer's Liability Each Accident,,matchOnce,must be greater or equal to,500000,,non_compliant,Block Requirements,,,false,0,,2026-08-16
"Block Real Estate Services, LLC",69fdf76e62446148bd8573e7,69fded0e62446148bd848b8c,ARJ Infusion Services,69fdf05002bb2c42a87a1859,"kc2704 - Westbrook IV {Brian 4, LLC}",evidenceOfInsurance,Evidence of Insurance,workersCompensation,Workers' Compensation and Employer's Liability,evidenceOfInsuranceWorkersCompensationEmployersLiabilityDiseaseEachEmployee,Employer's Liability Disease - each employee,,matchOnce,must be greater or equal to,500000,,non_compliant,Block Requirements,,,false,0,,2026-08-16
"Block Real Estate Services, LLC",69fdf76e62446148bd8573e7,69fded0e62446148bd848b8c,ARJ Infusion Services,69fdf05002bb2c42a87a1859,"kc2704 - Westbrook IV {Brian 4, LLC}",evidenceOfInsurance,Evidence of Insurance,workersCompensation,Workers' Compensation and Employer's Liability,evidenceOfInsuranceWorkersCompensationEmployersLiabilityDiseasePolicyLimit,Employer's Liability Disease - policy limit,,matchOnce,must be greater or equal to,500000,,non_compliant,Block Requirements,,,false,0,,2026-08-16
"Block Real Estate Services, LLC",69fdf76e62446148bd8573e7,69fded0e62446148bd848b8c,ARJ Infusion Services,69fdf05002bb2c42a87a1859,"kc2704 - Westbrook IV {Brian 4, LLC}",evidenceOfInsurance,Evidence of Insurance,workersCompensation,Workers' Compensation and Employer's Liability,evidenceOfInsuranceWorkersCompensationWaiverOfSubrogationEndorsement,Waiver of Subrogation,"---prompt---
Determine if the insurer has waived their right of subrogation in favor of the certificate holder under the Workers' Compensation policy. Evidence may include: a checked ""Waiver of Subrogation"" box on the certificate, mention in the Description of Operations section stating ""waiver of subrogation applies"", or reference to form WC 00 03 13. Look for language like ""subrogation is waived"" or ""per written contract"".",matchOnce,must be present,,,non_compliant,Block Requirements,,,false,0,,2026-08-16
"Block Real Estate Services, LLC",69fdf76e62446148bd8573e7,69fded0e62446148bd848b8c,ARJ Infusion Services,69fdf05002bb2c42a87a1859,"kc2704 - Westbrook IV {Brian 4, LLC}",evidenceOfInsurance,Evidence of Insurance,6ac20aae-5728-5d57-b364-aeba38527dba,Additional Requirements,4da5b0f1-4c9d-5885-8cf8-5d3cccaed3e0,"Block Real Estate Services, LLC and all others required by contract are named as Additional Insureds","---prompt---
Determine if the Description of Operations or the Additional Remarks Schedule section states the ""Additional Insured as Construction Management, Inc. and all others required by contract"" or reference to blanket additional insured coverage. Look for language like ""certificate holder is additional insured"" or ""per written contract"".",matchOnce,must be present,,,non_compliant,Block Requirements,,,true,0,,2026-08-16
"Block Real Estate Services, LLC",69fdf76e62446148bd8573e7,69fded0e62446148bd848b8c,ARJ Infusion Services,69fdf05002bb2c42a87a1859,"kc2704 - Westbrook IV {Brian 4, LLC}",evidenceOfInsurance,Evidence of Insurance,6ac20aae-5728-5d57-b364-aeba38527dba,Additional Requirements,e1017741-e47e-5f58-97b8-fbc3043e919f,Umbrella follows form over General Liability,"---prompt---
Determine if the Umbrella/Excess Liability policy follows form to the underlying policies. Evidence may include: language in the Description of Operations section stating the umbrella follows form to underlying coverages or an additional page endorsement stating that it follows form. Follow form means the umbrella policy adopts the same terms, conditions, and exclusions as the underlying policies.",matchOnce,must be present,,,non_compliant,Block Requirements,,,true,0,,2026-08-16
"Block Real Estate Services, LLC",69fdf76e62446148bd8573e7,69fded0e62446148bd848b8c,ARJ Infusion Services,69fdf05002bb2c42a87a1859,"kc2704 - Westbrook IV {Brian 4, LLC}",evidenceOfInsurance,Evidence of Insurance,6ac20aae-5728-5d57-b364-aeba38527dba,Additional Requirements,2cdd866f-c9a4-576a-afd8-1d045762790c,"The location must be listed as: 7930 Marshall Drive, Lenexa, KS, 66214",,matchOnce,must be present,,,non_compliant,Block Requirements,,,true,0,,2026-08-16
"Block Real Estate Services, LLC",69fdf76e62446148bd8573e7,69fded0e62446148bd848b8c,ARJ Infusion Services,69fdf05002bb2c42a87a1859,"kc2704 - Westbrook IV {Brian 4, LLC}",evidenceOfInsurance,Evidence of Insurance,6ac20aae-5728-5d57-b364-aeba38527dba,Additional Requirements,3649e9d1-4e09-59bf-8f30-cb33c40cf117,"Certificate Holder must read: c/o Block Real Estate Services, LLC, 4622 Pennsylvania St., Suite 700, Kansas City, MO, 64112",,matchOnce,must be present,,,non_compliant,Block Requirements,,,true,0,,2026-08-16
"Block Real Estate Services, LLC",69fdf76e62446148bd8573b8,69fded1162446148bd848c94,"HCA aka College Park Endoscopy Center, LLC / Surgery Ventures",69fdf00d0e86e2f8723da443,"cm3758 - Corporate Medical Plaza III {CMP Building III, LLC}",evidenceOfInsurance,Evidence of Insurance,commercialGeneralLiability,Commercial General Liability,evidenceOfInsuranceCommercialGeneralLiabilityCoverageTriggerOccurrence,Coverage Trigger: Occurrence,,matchOnce,must be present,,,non_compliant,Block Requirements,,,false,0,,2026-08-16
"Block Real Estate Services, LLC",69fdf76e62446148bd8573b8,69fded1162446148bd848c94,"HCA aka College Park Endoscopy Center, LLC / Surgery Ventures",69fdf00d0e86e2f8723da443,"cm3758 - Corporate Medical Plaza III {CMP Building III, LLC}",evidenceOfInsurance,Evidence of Insurance,commercialGeneralLiability,Commercial General Liability,evidenceOfInsuranceCommercialGeneralLiabilityGeneralAggregateLimitAppliesPerLocation,General Aggregate Limit Applies per: Location,,matchOnce,must be present,,,non_compliant,Block Requirements,,,false,0,,2026-08-16
"Block Real Estate Services, LLC",69fdf76e62446148bd8573b8,69fded1162446148bd848c94,"HCA aka College Park Endoscopy Center, LLC / Surgery Ventures",69fdf00d0e86e2f8723da443,"cm3758 - Corporate Medical Plaza III {CMP Building III, LLC}",evidenceOfInsurance,Evidence of Insurance,commercialGeneralLiability,Commercial General Liability,evidenceOfInsuranceCommercialGeneralLiabilityEachOccurrence,Each Occurrence,,matchOnce,must be greater or equal to,1000000,,non_compliant,Block Requirements,,,false,0,,2026-08-16
"Block Real Estate Services, LLC",69fdf76e62446148bd8573b8,69fded1162446148bd848c94,"HCA aka College Park Endoscopy Center, LLC / Surgery Ventures",69fdf00d0e86e2f8723da443,"cm3758 - Corporate Medical Plaza III {CMP Building III, LLC}",evidenceOfInsurance,Evidence of Insurance,commercialGeneralLiability,Commercial General Liability,evidenceOfInsuranceCommercialGeneralLiabilityGeneralAggregate,General Aggregate,,matchOnce,must be greater or equal to,2000000,,non_compliant,Block Requirements,,,false,0,,2026-08-16
"Block Real Estate Services, LLC",69fdf76e62446148bd8573b8,69fded1162446148bd848c94,"HCA aka College Park Endoscopy Center, LLC / Surgery Ventures",69fdf00d0e86e2f8723da443,"cm3758 - Corporate Medical Plaza III {CMP Building III, LLC}",evidenceOfInsurance,Evidence of Insurance,commercialGeneralLiability,Commercial General Liability,evidenceOfInsuranceCommercialGeneralLiabilityWaiverOfSubrogationEndorsement,Waiver of Subrogation,"---prompt---
Determine if the insurer has waived their right of subrogation in favor of the certificate holder under the Commercial General Liability policy. Evidence may include: a checked ""Waiver of Subrogation"" box on the certificate, mention in the Description of Operations section stating ""waiver of subrogation applies"", or reference to form CG 24 04. Look for language like ""subrogation is waived"" or ""per written contract"".",matchOnce,must be present,,,non_compliant,Block Requirements,,,false,0,,2026-08-16
"Block Real Estate Services, LLC",69fdf76e62446148bd8573b8,69fded1162446148bd848c94,"HCA aka College Park Endoscopy Center, LLC / Surgery Ventures",69fdf00d0e86e2f8723da443,"cm3758 - Corporate Medical Plaza III {CMP Building III, LLC}",evidenceOfInsurance,Evidence of Insurance,excessOrUmbrellaLiability,Umbrella/Excess Liability,evidenceOfInsuranceExcessOrUmbrellaLiabilityOccurence,Coverage Trigger: Occurrence,,matchOnce,must be present,,,non_compliant,Block Requirements,,,false,0,,2026-08-16
"Block Real Estate Services, LLC",69fdf76e62446148bd8573b8,69fded1162446148bd848c94,"HCA aka College Park Endoscopy Center, LLC / Surgery Ventures",69fdf00d0e86e2f8723da443,"cm3758 - Corporate Medical Plaza III {CMP Building III, LLC}",evidenceOfInsurance,Evidence of Insurance,excessOrUmbrellaLiability,Umbrella/Excess Liability,evidenceOfInsuranceExcessOrUmbrellaLiabilityEachOccurrence,Each Occurrence,,matchOnce,must be greater or equal to,1000000,,non_compliant,Block Requirements,,,false,0,,2026-08-16
"Block Real Estate Services, LLC",69fdf76e62446148bd8573b8,69fded1162446148bd848c94,"HCA aka College Park Endoscopy Center, LLC / Surgery Ventures",69fdf00d0e86e2f8723da443,"cm3758 - Corporate Medical Plaza III {CMP Building III, LLC}",evidenceOfInsurance,Evidence of Insurance,excessOrUmbrellaLiability,Umbrella/Excess Liability,evidenceOfInsuranceExcessOrUmbrellaLiabilityAggregate,Aggregate,,matchOnce,must be greater or equal to,1000000,,non_compliant,Block Requirements,,,false,0,,2026-08-16
"Block Real Estate Services, LLC",69fdf76e62446148bd8573b8,69fded1162446148bd848c94,"HCA aka College Park Endoscopy Center, LLC / Surgery Ventures",69fdf00d0e86e2f8723da443,"cm3758 - Corporate Medical Plaza III {CMP Building III, LLC}",evidenceOfInsurance,Evidence of Insurance,workersCompensation,Workers' Compensation and Employer's Liability,evidenceOfInsuranceWorkersCompensationStatutoryLimits,Statutory Limits,,matchOnce,must be present,,,non_compliant,Block Requirements,,,false,0,,2026-08-16
"Block Real Estate Services, LLC",69fdf76e62446148bd8573b8,69fded1162446148bd848c94,"HCA aka College Park Endoscopy Center, LLC / Surgery Ventures",69fdf00d0e86e2f8723da443,"cm3758 - Corporate Medical Plaza III {CMP Building III, LLC}",evidenceOfInsurance,Evidence of Insurance,workersCompensation,Workers' Compensation and Employer's Liability,evidenceOfInsuranceWorkersCompensationEmployersLiabilityEachAccident,Employer's Liability Each Accident,,matchOnce,must be greater or equal to,500000,,non_compliant,Block Requirements,,,false,0,,2026-08-16
"Block Real Estate Services, LLC",69fdf76e62446148bd8573b8,69fded1162446148bd848c94,"HCA aka College Park Endoscopy Center, LLC / Surgery Ventures",69fdf00d0e86e2f8723da443,"cm3758 - Corporate Medical Plaza III {CMP Building III, LLC}",evidenceOfInsurance,Evidence of Insurance,workersCompensation,Workers' Compensation and Employer's Liability,evidenceOfInsuranceWorkersCompensationEmployersLiabilityDiseaseEachEmployee,Employer's Liability Disease - each employee,,matchOnce,must be greater or equal to,500000,,non_compliant,Block Requirements,,,false,0,,2026-08-16
"Block Real Estate Services, LLC",69fdf76e62446148bd8573b8,69fded1162446148bd848c94,"HCA aka College Park Endoscopy Center, LLC / Surgery Ventures",69fdf00d0e86e2f8723da443,"cm3758 - Corporate Medical Plaza III {CMP Building III, LLC}",evidenceOfInsurance,Evidence of Insurance,workersCompensation,Workers' Compensation and Employer's Liability,evidenceOfInsuranceWorkersCompensationEmployersLiabilityDiseasePolicyLimit,Employer's Liability Disease - policy limit,,matchOnce,must be greater or equal to,500000,,non_compliant,Block Requirements,,,false,0,,2026-08-16
"Block Real Estate Services, LLC",69fdf76e62446148bd8573b8,69fded1162446148bd848c94,"HCA aka College Park Endoscopy Center, LLC / Surgery Ventures",69fdf00d0e86e2f8723da443,"cm3758 - Corporate Medical Plaza III {CMP Building III, LLC}",evidenceOfInsurance,Evidence of Insurance,workersCompensation,Workers' Compensation and Employer's Liability,evidenceOfInsuranceWorkersCompensationWaiverOfSubrogationEndorsement,Waiver of Subrogation,"---prompt---
Determine if the insurer has waived their right of subrogation in favor of the certificate holder under the Workers' Compensation policy. Evidence may include: a checked ""Waiver of Subrogation"" box on the certificate, mention in the Description of Operations section stating ""waiver of subrogation applies"", or reference to form WC 00 03 13. Look for language like ""subrogation is waived"" or ""per written contract"".",matchOnce,must be present,,,non_compliant,Block Requirements,,,false,0,,2026-08-16
"Block Real Estate Services, LLC",69fdf76e62446148bd8573b8,69fded1162446148bd848c94,"HCA aka College Park Endoscopy Center, LLC / Surgery Ventures",69fdf00d0e86e2f8723da443,"cm3758 - Corporate Medical Plaza III {CMP Building III, LLC}",evidenceOfInsurance,Evidence of Insurance,6ac20aae-5728-5d57-b364-aeba38527dba,Additional Requirements,4da5b0f1-4c9d-5885-8cf8-5d3cccaed3e0,"Block Real Estate Services, LLC and all others required by contract are named as Additional Insureds","---prompt---
Determine if the Description of Operations or the Additional Remarks Schedule section states the ""Additional Insured as Construction Management, Inc. and all others required by contract"" or reference to blanket additional insured coverage. Look for language like ""certificate holder is additional insured"" or ""per written contract"".",matchOnce,must be present,,,non_compliant,Block Requirements,,,true,0,,2026-08-16
"Block Real Estate Services, LLC",69fdf76e62446148bd8573b8,69fded1162446148bd848c94,"HCA aka College Park Endoscopy Center, LLC / Surgery Ventures",69fdf00d0e86e2f8723da443,"cm3758 - Corporate Medical Plaza III {CMP Building III, LLC}",evidenceOfInsurance,Evidence of Insurance,6ac20aae-5728-5d57-b364-aeba38527dba,Additional Requirements,e1017741-e47e-5f58-97b8-fbc3043e919f,Umbrella follows form over General Liability,"---prompt---
Determine if the Umbrella/Excess Liability policy follows form to the underlying policies. Evidence may include: language in the Description of Operations section stating the umbrella follows form to underlying coverages or an additional page endorsement stating that it follows form. Follow form means the umbrella policy adopts the same terms, conditions, and exclusions as the underlying policies.",matchOnce,must be present,,,non_compliant,Block Requirements,,,true,0,,2026-08-16
"Block Real Estate Services, LLC",69fdf76e62446148bd8573b8,69fded1162446148bd848c94,"HCA aka College Park Endoscopy Center, LLC / Surgery Ventures",69fdf00d0e86e2f8723da443,"cm3758 - Corporate Medical Plaza III {CMP Building III, LLC}",evidenceOfInsurance,Evidence of Insurance,6ac20aae-5728-5d57-b364-aeba38527dba,Additional Requirements,2cdd866f-c9a4-576a-afd8-1d045762790c,"The location must be listed as: 10787 Nall Avenue, Suite 100, Overland Park, KS, 66211",,matchOnce,must be present,,,non_compliant,Block Requirements,,,true,0,,2026-08-16
"Block Real Estate Services, LLC",69fdf76e62446148bd8573b8,69fded1162446148bd848c94,"HCA aka College Park Endoscopy Center, LLC / Surgery Ventures",69fdf00d0e86e2f8723da443,"cm3758 - Corporate Medical Plaza III {CMP Building III, LLC}",evidenceOfInsurance,Evidence of Insurance,6ac20aae-5728-5d57-b364-aeba38527dba,Additional Requirements,3649e9d1-4e09-59bf-8f30-cb33c40cf117,"Certificate Holder must read: c/o Block Real Estate Services, LLC, 4622 Pennsylvania St., Suite 700, Kansas City, MO, 64112",,matchOnce,must be present,,,non_compliant,Block Requirements,,,true,0,,2026-08-16
"Block Real Estate Services, LLC",69fdf76e62446148bd8573b6,69fded0d62446148bd848b4a,Allergy & Asthma Care,69fdf00d0e86e2f8723da443,"cm3758 - Corporate Medical Plaza III {CMP Building III, LLC}",evidenceOfInsurance,Evidence of Insurance,commercialGeneralLiability,Commercial General Liability,evidenceOfInsuranceCommercialGeneralLiabilityCoverageTriggerOccurrence,Coverage Trigger: Occurrence,,matchOnce,must be present,,,non_compliant,Block Requirements,,,false,0,,2026-08-16
"Block Real Estate Services, LLC",69fdf76e62446148bd8573b6,69fded0d62446148bd848b4a,Allergy & Asthma Care,69fdf00d0e86e2f8723da443,"cm3758 - Corporate Medical Plaza III {CMP Building III, LLC}",evidenceOfInsurance,Evidence of Insurance,commercialGeneralLiability,Commercial General Liability,evidenceOfInsuranceCommercialGeneralLiabilityGeneralAggregateLimitAppliesPerLocation,General Aggregate Limit Applies per: Location,,matchOnce,must be present,,,non_compliant,Block Requirements,,,false,0,,2026-08-16
"Block Real Estate Services, LLC",69fdf76e62446148bd8573b6,69fded0d62446148bd848b4a,Allergy & Asthma Care,69fdf00d0e86e2f8723da443,"cm3758 - Corporate Medical Plaza III {CMP Building III, LLC}",evidenceOfInsurance,Evidence of Insurance,commercialGeneralLiability,Commercial General Liability,evidenceOfInsuranceCommercialGeneralLiabilityEachOccurrence,Each Occurrence,,matchOnce,must be greater or equal to,1000000,,non_compliant,Block Requirements,,,false,0,,2026-08-16
"Block Real Estate Services, LLC",69fdf76e62446148bd8573b6,69fded0d62446148bd848b4a,Allergy & Asthma Care,69fdf00d0e86e2f8723da443,"cm3758 - Corporate Medical Plaza III {CMP Building III, LLC}",evidenceOfInsurance,Evidence of Insurance,commercialGeneralLiability,Commercial General Liability,evidenceOfInsuranceCommercialGeneralLiabilityGeneralAggregate,General Aggregate,,matchOnce,must be greater or equal to,2000000,,non_compliant,Block Requirements,,,false,0,,2026-08-16
"Block Real Estate Services, LLC",69fdf76e62446148bd8573b6,69fded0d62446148bd848b4a,Allergy & Asthma Care,69fdf00d0e86e2f8723da443,"cm3758 - Corporate Medical Plaza III {CMP Building III, LLC}",evidenceOfInsurance,Evidence of Insurance,commercialGeneralLiability,Commercial General Liability,evidenceOfInsuranceCommercialGeneralLiabilityWaiverOfSubrogationEndorsement,Waiver of Subrogation,"---prompt---
Determine if the insurer has waived their right of subrogation in favor of the certificate holder under the Commercial General Liability policy. Evidence may include: a checked ""Waiver of Subrogation"" box on the certificate, mention in the Description of Operations section stating ""waiver of subrogation applies"", or reference to form CG 24 04. Look for language like ""subrogation is waived"" or ""per written contract"".",matchOnce,must be present,,,non_compliant,Block Requirements,,,false,0,,2026-08-16
"Block Real Estate Services, LLC",69fdf76e62446148bd8573b6,69fded0d62446148bd848b4a,Allergy & Asthma Care,69fdf00d0e86e2f8723da443,"cm3758 - Corporate Medical Plaza III {CMP Building III, LLC}",evidenceOfInsurance,Evidence of Insurance,excessOrUmbrellaLiability,Umbrella/Excess Liability,evidenceOfInsuranceExcessOrUmbrellaLiabilityOccurence,Coverage Trigger: Occurrence,,matchOnce,must be present,,,non_compliant,Block Requirements,,,false,0,,2026-08-16
"Block Real Estate Services, LLC",69fdf76e62446148bd8573b6,69fded0d62446148bd848b4a,Allergy & Asthma Care,69fdf00d0e86e2f8723da443,"cm3758 - Corporate Medical Plaza III {CMP Building III, LLC}",evidenceOfInsurance,Evidence of Insurance,excessOrUmbrellaLiability,Umbrella/Excess Liability,evidenceOfInsuranceExcessOrUmbrellaLiabilityEachOccurrence,Each Occurrence,,matchOnce,must be greater or equal to,1000000,,non_compliant,Block Requirements,,,false,0,,2026-08-16
"Block Real Estate Services, LLC",69fdf76e62446148bd8573b6,69fded0d62446148bd848b4a,Allergy & Asthma Care,69fdf00d0e86e2f8723da443,"cm3758 - Corporate Medical Plaza III {CMP Building III, LLC}",evidenceOfInsurance,Evidence of Insurance,excessOrUmbrellaLiability,Umbrella/Excess Liability,evidenceOfInsuranceExcessOrUmbrellaLiabilityAggregate,Aggregate,,matchOnce,must be greater or equal to,1000000,,non_compliant,Block Requirements,,,false,0,,2026-08-16
"Block Real Estate Services, LLC",69fdf76e62446148bd8573b6,69fded0d62446148bd848b4a,Allergy & Asthma Care,69fdf00d0e86e2f8723da443,"cm3758 - Corporate Medical Plaza III {CMP Building III, LLC}",evidenceOfInsurance,Evidence of Insurance,workersCompensation,Workers' Compensation and Employer's Liability,evidenceOfInsuranceWorkersCompensationStatutoryLimits,Statutory Limits,,matchOnce,must be present,,,non_compliant,Block Requirements,,,false,0,,2026-08-16
"Block Real Estate Services, LLC",69fdf76e62446148bd8573b6,69fded0d62446148bd848b4a,Allergy & Asthma Care,69fdf00d0e86e2f8723da443,"cm3758 - Corporate Medical Plaza III {CMP Building III, LLC}",evidenceOfInsurance,Evidence of Insurance,workersCompensation,Workers' Compensation and Employer's Liability,evidenceOfInsuranceWorkersCompensationEmployersLiabilityEachAccident,Employer's Liability Each Accident,,matchOnce,must be greater or equal to,500000,,non_compliant,Block Requirements,,,false,0,,2026-08-16
"Block Real Estate Services, LLC",69fdf76e62446148bd8573b6,69fded0d62446148bd848b4a,Allergy & Asthma Care,69fdf00d0e86e2f8723da443,"cm3758 - Corporate Medical Plaza III {CMP Building III, LLC}",evidenceOfInsurance,Evidence of Insurance,workersCompensation,Workers' Compensation and Employer's Liability,evidenceOfInsuranceWorkersCompensationEmployersLiabilityDiseaseEachEmployee,Employer's Liability Disease - each employee,,matchOnce,must be greater or equal to,500000,,non_compliant,Block Requirements,,,false,0,,2026-08-16
"Block Real Estate Services, LLC",69fdf76e62446148bd8573b6,69fded0d62446148bd848b4a,Allergy & Asthma Care,69fdf00d0e86e2f8723da443,"cm3758 - Corporate Medical Plaza III {CMP Building III, LLC}",evidenceOfInsurance,Evidence of Insurance,workersCompensation,Workers' Compensation and Employer's Liability,evidenceOfInsuranceWorkersCompensationEmployersLiabilityDiseasePolicyLimit,Employer's Liability Disease - policy limit,,matchOnce,must be greater or equal to,500000,,non_compliant,Block Requirements,,,false,0,,2026-08-16
"Block Real Estate Services, LLC",69fdf76e62446148bd8573b6,69fded0d62446148bd848b4a,Allergy & Asthma Care,69fdf00d0e86e2f8723da443,"cm3758 - Corporate Medical Plaza III {CMP Building III, LLC}",evidenceOfInsurance,Evidence of Insurance,workersCompensation,Workers' Compensation and Employer's Liability,evidenceOfInsuranceWorkersCompensationWaiverOfSubrogationEndorsement,Waiver of Subrogation,"---prompt---
Determine if the insurer has waived their right of subrogation in favor of the certificate holder under the Workers' Compensation policy. Evidence may include: a checked ""Waiver of Subrogation"" box on the certificate, mention in the Description of Operations section stating ""waiver of subrogation applies"", or reference to form WC 00 03 13. Look for language like ""subrogation is waived"" or ""per written contract"".",matchOnce,must be present,,,non_compliant,Block Requirements,,,false,0,,2026-08-16
"Block Real Estate Services, LLC",69fdf76e62446148bd8573b6,69fded0d62446148bd848b4a,Allergy & Asthma Care,69fdf00d0e86e2f8723da443,"cm3758 - Corporate Medical Plaza III {CMP Building III, LLC}",evidenceOfInsurance,Evidence of Insurance,6ac20aae-5728-5d57-b364-aeba38527dba,Additional Requirements,4da5b0f1-4c9d-5885-8cf8-5d3cccaed3e0,"Block Real Estate Services, LLC and all others required by contract are named as Additional Insureds","---prompt---
Determine if the Description of Operations or the Additional Remarks Schedule section states the ""Additional Insured as Construction Management, Inc. and all others required by contract"" or reference to blanket additional insured coverage. Look for language like ""certificate holder is additional insured"" or ""per written contract"".",matchOnce,must be present,,,non_compliant,Block Requirements,,,true,0,,2026-08-16
"Block Real Estate Services, LLC",69fdf76e62446148bd8573b6,69fded0d62446148bd848b4a,Allergy & Asthma Care,69fdf00d0e86e2f8723da443,"cm3758 - Corporate Medical Plaza III {CMP Building III, LLC}",evidenceOfInsurance,Evidence of Insurance,6ac20aae-5728-5d57-b364-aeba38527dba,Additional Requirements,e1017741-e47e-5f58-97b8-fbc3043e919f,Umbrella follows form over General Liability,"---prompt---
Determine if the Umbrella/Excess Liability policy follows form to the underlying policies. Evidence may include: language in the Description of Operations section stating the umbrella follows form to underlying coverages or an additional page endorsement stating that it follows form. Follow form means the umbrella policy adopts the same terms, conditions, and exclusions as the underlying policies.",matchOnce,must be present,,,non_compliant,Block Requirements,,,true,0,,2026-08-16
"Block Real Estate Services, LLC",69fdf76e62446148bd8573b6,69fded0d62446148bd848b4a,Allergy & Asthma Care,69fdf00d0e86e2f8723da443,"cm3758 - Corporate Medical Plaza III {CMP Building III, LLC}",evidenceOfInsurance,Evidence of Insurance,6ac20aae-5728-5d57-b364-aeba38527dba,Additional Requirements,2cdd866f-c9a4-576a-afd8-1d045762790c,"The location must be listed as: 10787 Nall Avenue, Suite 200, Overland Park, KS, 66211",,matchOnce,must be present,,,non_compliant,Block Requirements,,,true,0,,2026-08-16
"Block Real Estate Services, LLC",69fdf76e62446148bd8573b6,69fded0d62446148bd848b4a,Allergy & Asthma Care,69fdf00d0e86e2f8723da443,"cm3758 - Corporate Medical Plaza III {CMP Building III, LLC}",evidenceOfInsurance,Evidence of Insurance,6ac20aae-5728-5d57-b364-aeba38527dba,Additional Requirements,3649e9d1-4e09-59bf-8f30-cb33c40cf117,"Certificate Holder must read: c/o Block Real Estate Services, LLC, 4622 Pennsylvania St., Suite 700, Kansas City, MO, 64112",,matchOnce,must be present,,,non_compliant,Block Requirements,,,true,0,,2026-08-16
"Block Real Estate Services, LLC",69fdf76e62446148bd8573b7,69fded0f62446148bd848c10,"Sono Bello / Body Contour Centers, LLC",69fdf00d0e86e2f8723da443,"cm3758 - Corporate Medical Plaza III {CMP Building III, LLC}",evidenceOfInsurance,Evidence of Insurance,commercialGeneralLiability,Commercial General Liability,evidenceOfInsuranceCommercialGeneralLiabilityCoverageTriggerOccurrence,Coverage Trigger: Occurrence,,matchOnce,must be present,,Present,compliant,Block Requirements,,,false,2,,2026-08-16
"Block Real Estate Services, LLC",69fdf76e62446148bd8573b7,69fded0f62446148bd848c10,"Sono Bello / Body Contour Centers, LLC",69fdf00d0e86e2f8723da443,"cm3758 - Corporate Medical Plaza III {CMP Building III, LLC}",evidenceOfInsurance,Evidence of Insurance,commercialGeneralLiability,Commercial General Liability,evidenceOfInsuranceCommercialGeneralLiabilityGeneralAggregateLimitAppliesPerLocation,General Aggregate Limit Applies per: Location,,matchOnce,must be present,,Present,compliant,Block Requirements,,,false,2,,2026-08-16
"Block Real Estate Services, LLC",69fdf76e62446148bd8573b7,69fded0f62446148bd848c10,"Sono Bello / Body Contour Centers, LLC",69fdf00d0e86e2f8723da443,"cm3758 - Corporate Medical Plaza III {CMP Building III, LLC}",evidenceOfInsurance,Evidence of Insurance,commercialGeneralLiability,Commercial General Liability,evidenceOfInsuranceCommercialGeneralLiabilityEachOccurrence,Each Occurrence,,matchOnce,must be greater or equal to,1000000,1000000,compliant,Block Requirements,,,false,2,,2026-08-16
"Block Real Estate Services, LLC",69fdf76e62446148bd8573b7,69fded0f62446148bd848c10,"Sono Bello / Body Contour Centers, LLC",69fdf00d0e86e2f8723da443,"cm3758 - Corporate Medical Plaza III {CMP Building III, LLC}",evidenceOfInsurance,Evidence of Insurance,commercialGeneralLiability,Commercial General Liability,evidenceOfInsuranceCommercialGeneralLiabilityGeneralAggregate,General Aggregate,,matchOnce,must be greater or equal to,2000000,2000000,compliant,Block Requirements,,,false,2,,2026-08-16
"Block Real Estate Services, LLC",69fdf76e62446148bd8573b7,69fded0f62446148bd848c10,"Sono Bello / Body Contour Centers, LLC",69fdf00d0e86e2f8723da443,"cm3758 - Corporate Medical Plaza III {CMP Building III, LLC}",evidenceOfInsurance,Evidence of Insurance,commercialGeneralLiability,Commercial General Liability,evidenceOfInsuranceCommercialGeneralLiabilityWaiverOfSubrogationEndorsement,Waiver of Subrogation,"---prompt---
Determine if the insurer has waived their right of subrogation in favor of the certificate holder under the Commercial General Liability policy. Evidence may include: a checked ""Waiver of Subrogation"" box on the certificate, mention in the Description of Operations section stating ""waiver of subrogation applies"", or reference to form CG 24 04. Look for language like ""subrogation is waived"" or ""per written contract"".",matchOnce,must be present,,Present,compliant,Block Requirements,,,false,2,,2026-08-16
"Block Real Estate Services, LLC",69fdf76e62446148bd8573b7,69fded0f62446148bd848c10,"Sono Bello / Body Contour Centers, LLC",69fdf00d0e86e2f8723da443,"cm3758 - Corporate Medical Plaza III {CMP Building III, LLC}",evidenceOfInsurance,Evidence of Insurance,excessOrUmbrellaLiability,Umbrella/Excess Liability,evidenceOfInsuranceExcessOrUmbrellaLiabilityOccurence,Coverage Trigger: Occurrence,,matchOnce,must be present,,Present,compliant,Block Requirements,,,false,2,,2026-08-16
"Block Real Estate Services, LLC",69fdf76e62446148bd8573b7,69fded0f62446148bd848c10,"Sono Bello / Body Contour Centers, LLC",69fdf00d0e86e2f8723da443,"cm3758 - Corporate Medical Plaza III {CMP Building III, LLC}",evidenceOfInsurance,Evidence of Insurance,excessOrUmbrellaLiability,Umbrella/Excess Liability,evidenceOfInsuranceExcessOrUmbrellaLiabilityEachOccurrence,Each Occurrence,,matchOnce,must be greater or equal to,1000000,7000000,compliant,Block Requirements,,,false,2,,2026-08-16
"Block Real Estate Services, LLC",69fdf76e62446148bd8573b7,69fded0f62446148bd848c10,"Sono Bello / Body Contour Centers, LLC",69fdf00d0e86e2f8723da443,"cm3758 - Corporate Medical Plaza III {CMP Building III, LLC}",evidenceOfInsurance,Evidence of Insurance,excessOrUmbrellaLiability,Umbrella/Excess Liability,evidenceOfInsuranceExcessOrUmbrellaLiabilityAggregate,Aggregate,,matchOnce,must be greater or equal to,1000000,7000000,compliant,Block Requirements,,,false,2,,2026-08-16
"Block Real Estate Services, LLC",69fdf76e62446148bd8573b7,69fded0f62446148bd848c10,"Sono Bello / Body Contour Centers, LLC",69fdf00d0e86e2f8723da443,"cm3758 - Corporate Medical Plaza III {CMP Building III, LLC}",evidenceOfInsurance,Evidence of Insurance,workersCompensation,Workers' Compensation and Employer's Liability,evidenceOfInsuranceWorkersCompensationStatutoryLimits,Statutory Limits,,matchOnce,must be present,,Present,compliant,Block Requirements,,,false,2,,2026-08-16
"Block Real Estate Services, LLC",69fdf76e62446148bd8573b7,69fded0f62446148bd848c10,"Sono Bello / Body Contour Centers, LLC",69fdf00d0e86e2f8723da443,"cm3758 - Corporate Medical Plaza III {CMP Building III, LLC}",evidenceOfInsurance,Evidence of Insurance,workersCompensation,Workers' Compensation and Employer's Liability,evidenceOfInsuranceWorkersCompensationEmployersLiabilityEachAccident,Employer's Liability Each Accident,,matchOnce,must be greater or equal to,500000,1000000,compliant,Block Requirements,,,false,2,,2026-08-16
"Block Real Estate Services, LLC",69fdf76e62446148bd8573b7,69fded0f62446148bd848c10,"Sono Bello / Body Contour Centers, LLC",69fdf00d0e86e2f8723da443,"cm3758 - Corporate Medical Plaza III {CMP Building III, LLC}",evidenceOfInsurance,Evidence of Insurance,workersCompensation,Workers' Compensation and Employer's Liability,evidenceOfInsuranceWorkersCompensationEmployersLiabilityDiseaseEachEmployee,Employer's Liability Disease - each employee,,matchOnce,must be greater or equal to,500000,1000000,compliant,Block Requirements,,,false,2,,2026-08-16
"Block Real Estate Services, LLC",69fdf76e62446148bd8573b7,69fded0f62446148bd848c10,"Sono Bello / Body Contour Centers, LLC",69fdf00d0e86e2f8723da443,"cm3758 - Corporate Medical Plaza III {CMP Building III, LLC}",evidenceOfInsurance,Evidence of Insurance,workersCompensation,Workers' Compensation and Employer's Liability,evidenceOfInsuranceWorkersCompensationEmployersLiabilityDiseasePolicyLimit,Employer's Liability Disease - policy limit,,matchOnce,must be greater or equal to,500000,1000000,compliant,Block Requirements,,,false,2,,2026-08-16
"Block Real Estate Services, LLC",69fdf76e62446148bd8573b7,69fded0f62446148bd848c10,"Sono Bello / Body Contour Centers, LLC",69fdf00d0e86e2f8723da443,"cm3758 - Corporate Medical Plaza III {CMP Building III, LLC}",evidenceOfInsurance,Evidence of Insurance,workersCompensation,Workers' Compensation and Employer's Liability,evidenceOfInsuranceWorkersCompensationWaiverOfSubrogationEndorsement,Waiver of Subrogation,"---prompt---
Determine if the insurer has waived their right of subrogation in favor of the certificate holder under the Workers' Compensation policy. Evidence may include: a checked ""Waiver of Subrogation"" box on the certificate, mention in the Description of Operations section stating ""waiver of subrogation applies"", or reference to form WC 00 03 13. Look for language like ""subrogation is waived"" or ""per written contract"".",matchOnce,must be present,,,non_compliant,Block Requirements,,,false,0,,2026-08-16
"Block Real Estate Services, LLC",69fdf76e62446148bd8573b7,69fded0f62446148bd848c10,"Sono Bello / Body Contour Centers, LLC",69fdf00d0e86e2f8723da443,"cm3758 - Corporate Medical Plaza III {CMP Building III, LLC}",evidenceOfInsurance,Evidence of Insurance,6ac20aae-5728-5d57-b364-aeba38527dba,Additional Requirements,4da5b0f1-4c9d-5885-8cf8-5d3cccaed3e0,"Block Real Estate Services, LLC and all others required by contract are named as Additional Insureds","---prompt---
Determine if the Description of Operations or the Additional Remarks Schedule section states the ""Additional Insured as Construction Management, Inc. and all others required by contract"" or reference to blanket additional insured coverage. Look for language like ""certificate holder is additional insured"" or ""per written contract"".",matchOnce,must be present,,Present,compliant,Block Requirements,,,true,2,,2026-08-16
"Block Real Estate Services, LLC",69fdf76e62446148bd8573b7,69fded0f62446148bd848c10,"Sono Bello / Body Contour Centers, LLC",69fdf00d0e86e2f8723da443,"cm3758 - Corporate Medical Plaza III {CMP Building III, LLC}",evidenceOfInsurance,Evidence of Insurance,6ac20aae-5728-5d57-b364-aeba38527dba,Additional Requirements,e1017741-e47e-5f58-97b8-fbc3043e919f,Umbrella follows form over General Liability,"---prompt---
Determine if the Umbrella/Excess Liability policy follows form to the underlying policies. Evidence may include: language in the Description of Operations section stating the umbrella follows form to underlying coverages or an additional page endorsement stating that it follows form. Follow form means the umbrella policy adopts the same terms, conditions, and exclusions as the underlying policies.",matchOnce,must be present,,,non_compliant,Block Requirements,,,true,0,,2026-08-16
"Block Real Estate Services, LLC",69fdf76e62446148bd8573b7,69fded0f62446148bd848c10,"Sono Bello / Body Contour Centers, LLC",69fdf00d0e86e2f8723da443,"cm3758 - Corporate Medical Plaza III {CMP Building III, LLC}",evidenceOfInsurance,Evidence of Insurance,6ac20aae-5728-5d57-b364-aeba38527dba,Additional Requirements,2cdd866f-c9a4-576a-afd8-1d045762790c,"The location must be listed as: 10787 Nall Avenue, Suite 210, Overland Park, KS, 66211",,matchOnce,must be present,,Present,compliant,Block Requirements,,,true,2,,2026-08-16
"Block Real Estate Services, LLC",69fdf76e62446148bd8573b7,69fded0f62446148bd848c10,"Sono Bello / Body Contour Centers, LLC",69fdf00d0e86e2f8723da443,"cm3758 - Corporate Medical Plaza III {CMP Building III, LLC}",evidenceOfInsurance,Evidence of Insurance,6ac20aae-5728-5d57-b364-aeba38527dba,Additional Requirements,3649e9d1-4e09-59bf-8f30-cb33c40cf117,"Certificate Holder must read: c/o Block Real Estate Services, LLC, 4622 Pennsylvania St., Suite 700, Kansas City, MO, 64112",,matchOnce,must be present,,Present,compliant,Block Requirements,,,true,2,,2026-08-16
"Block Real Estate Services, LLC",69fdf76e62446148bd8573b9,69fded2362446148bd849234,"DaVita Dialysis / Total Renal Care, Inc.",69fdf00d0e86e2f8723da443,"cm3758 - Corporate Medical Plaza III {CMP Building III, LLC}",evidenceOfInsurance,Evidence of Insurance,commercialGeneralLiability,Commercial General Liability,evidenceOfInsuranceCommercialGeneralLiabilityCoverageTriggerOccurrence,Coverage Trigger: Occurrence,,matchOnce,must be present,,,non_compliant,Block Requirements,,,false,0,,2026-08-16
"Block Real Estate Services, LLC",69fdf76e62446148bd8573b9,69fded2362446148bd849234,"DaVita Dialysis / Total Renal Care, Inc.",69fdf00d0e86e2f8723da443,"cm3758 - Corporate Medical Plaza III {CMP Building III, LLC}",evidenceOfInsurance,Evidence of Insurance,commercialGeneralLiability,Commercial General Liability,evidenceOfInsuranceCommercialGeneralLiabilityGeneralAggregateLimitAppliesPerLocation,General Aggregate Limit Applies per: Location,,matchOnce,must be present,,,non_compliant,Block Requirements,,,false,0,,2026-08-16
"Block Real Estate Services, LLC",69fdf76e62446148bd8573b9,69fded2362446148bd849234,"DaVita Dialysis / Total Renal Care, Inc.",69fdf00d0e86e2f8723da443,"cm3758 - Corporate Medical Plaza III {CMP Building III, LLC}",evidenceOfInsurance,Evidence of Insurance,commercialGeneralLiability,Commercial General Liability,evidenceOfInsuranceCommercialGeneralLiabilityEachOccurrence,Each Occurrence,,matchOnce,must be greater or equal to,1000000,,non_compliant,Block Requirements,,,false,0,,2026-08-16
"Block Real Estate Services, LLC",69fdf76e62446148bd8573b9,69fded2362446148bd849234,"DaVita Dialysis / Total Renal Care, Inc.",69fdf00d0e86e2f8723da443,"cm3758 - Corporate Medical Plaza III {CMP Building III, LLC}",evidenceOfInsurance,Evidence of Insurance,commercialGeneralLiability,Commercial General Liability,evidenceOfInsuranceCommercialGeneralLiabilityGeneralAggregate,General Aggregate,,matchOnce,must be greater or equal to,2000000,,non_compliant,Block Requirements,,,false,0,,2026-08-16
"Block Real Estate Services, LLC",69fdf76e62446148bd8573b9,69fded2362446148bd849234,"DaVita Dialysis / Total Renal Care, Inc.",69fdf00d0e86e2f8723da443,"cm3758 - Corporate Medical Plaza III {CMP Building III, LLC}",evidenceOfInsurance,Evidence of Insurance,commercialGeneralLiability,Commercial General Liability,evidenceOfInsuranceCommercialGeneralLiabilityWaiverOfSubrogationEndorsement,Waiver of Subrogation,"---prompt---
Determine if the insurer has waived their right of subrogation in favor of the certificate holder under the Commercial General Liability policy. Evidence may include: a checked ""Waiver of Subrogation"" box on the certificate, mention in the Description of Operations section stating ""waiver of subrogation applies"", or reference to form CG 24 04. Look for language like ""subrogation is waived"" or ""per written contract"".",matchOnce,must be present,,,non_compliant,Block Requirements,,,false,0,,2026-08-16
"Block Real Estate Services, LLC",69fdf76e62446148bd8573b9,69fded2362446148bd849234,"DaVita Dialysis / Total Renal Care, Inc.",69fdf00d0e86e2f8723da443,"cm3758 - Corporate Medical Plaza III {CMP Building III, LLC}",evidenceOfInsurance,Evidence of Insurance,excessOrUmbrellaLiability,Umbrella/Excess Liability,evidenceOfInsuranceExcessOrUmbrellaLiabilityOccurence,Coverage Trigger: Occurrence,,matchOnce,must be present,,,non_compliant,Block Requirements,,,false,0,,2026-08-16
"Block Real Estate Services, LLC",69fdf76e62446148bd8573b9,69fded2362446148bd849234,"DaVita Dialysis / Total Renal Care, Inc.",69fdf00d0e86e2f8723da443,"cm3758 - Corporate Medical Plaza III {CMP Building III, LLC}",evidenceOfInsurance,Evidence of Insurance,excessOrUmbrellaLiability,Umbrella/Excess Liability,evidenceOfInsuranceExcessOrUmbrellaLiabilityEachOccurrence,Each Occurrence,,matchOnce,must be greater or equal to,1000000,,non_compliant,Block Requirements,,,false,0,,2026-08-16
"Block Real Estate Services, LLC",69fdf76e62446148bd8573b9,69fded2362446148bd849234,"DaVita Dialysis / Total Renal Care, Inc.",69fdf00d0e86e2f8723da443,"cm3758 - Corporate Medical Plaza III {CMP Building III, LLC}",evidenceOfInsurance,Evidence of Insurance,excessOrUmbrellaLiability,Umbrella/Excess Liability,evidenceOfInsuranceExcessOrUmbrellaLiabilityAggregate,Aggregate,,matchOnce,must be greater or equal to,1000000,,non_compliant,Block Requirements,,,false,0,,2026-08-16
"Block Real Estate Services, LLC",69fdf76e62446148bd8573b9,69fded2362446148bd849234,"DaVita Dialysis / Total Renal Care, Inc.",69fdf00d0e86e2f8723da443,"cm3758 - Corporate Medical Plaza III {CMP Building III, LLC}",evidenceOfInsurance,Evidence of Insurance,workersCompensation,Workers' Compensation and Employer's Liability,evidenceOfInsuranceWorkersCompensationStatutoryLimits,Statutory Limits,,matchOnce,must be present,,,non_compliant,Block Requirements,,,false,0,,2026-08-16
"Block Real Estate Services, LLC",69fdf76e62446148bd8573b9,69fded2362446148bd849234,"DaVita Dialysis / Total Renal Care, Inc.",69fdf00d0e86e2f8723da443,"cm3758 - Corporate Medical Plaza III {CMP Building III, LLC}",evidenceOfInsurance,Evidence of Insurance,workersCompensation,Workers' Compensation and Employer's Liability,evidenceOfInsuranceWorkersCompensationEmployersLiabilityEachAccident,Employer's Liability Each Accident,,matchOnce,must be greater or equal to,500000,,non_compliant,Block Requirements,,,false,0,,2026-08-16
"Block Real Estate Services, LLC",69fdf76e62446148bd8573b9,69fded2362446148bd849234,"DaVita Dialysis / Total Renal Care, Inc.",69fdf00d0e86e2f8723da443,"cm3758 - Corporate Medical Plaza III {CMP Building III, LLC}",evidenceOfInsurance,Evidence of Insurance,workersCompensation,Workers' Compensation and Employer's Liability,evidenceOfInsuranceWorkersCompensationEmployersLiabilityDiseaseEachEmployee,Employer's Liability Disease - each employee,,matchOnce,must be greater or equal to,500000,,non_compliant,Block Requirements,,,false,0,,2026-08-16
"Block Real Estate Services, LLC",69fdf76e62446148bd8573b9,69fded2362446148bd849234,"DaVita Dialysis / Total Renal Care, Inc.",69fdf00d0e86e2f8723da443,"cm3758 - Corporate Medical Plaza III {CMP Building III, LLC}",evidenceOfInsurance,Evidence of Insurance,workersCompensation,Workers' Compensation and Employer's Liability,evidenceOfInsuranceWorkersCompensationEmployersLiabilityDiseasePolicyLimit,Employer's Liability Disease - policy limit,,matchOnce,must be greater or equal to,500000,,non_compliant,Block Requirements,,,false,0,,2026-08-16
"Block Real Estate Services, LLC",69fdf76e62446148bd8573b9,69fded2362446148bd849234,"DaVita Dialysis / Total Renal Care, Inc.",69fdf00d0e86e2f8723da443,"cm3758 - Corporate Medical Plaza III {CMP Building III, LLC}",evidenceOfInsurance,Evidence of Insurance,workersCompensation,Workers' Compensation and Employer's Liability,evidenceOfInsuranceWorkersCompensationWaiverOfSubrogationEndorsement,Waiver of Subrogation,"---prompt---
Determine if the insurer has waived their right of subrogation in favor of the certificate holder under the Workers' Compensation policy. Evidence may include: a checked ""Waiver of Subrogation"" box on the certificate, mention in the Description of Operations section stating ""waiver of subrogation applies"", or reference to form WC 00 03 13. Look for language like ""subrogation is waived"" or ""per written contract"".",matchOnce,must be present,,,non_compliant,Block Requirements,,,false,0,,2026-08-16
"Block Real Estate Services, LLC",69fdf76e62446148bd8573b9,69fded2362446148bd849234,"DaVita Dialysis / Total Renal Care, Inc.",69fdf00d0e86e2f8723da443,"cm3758 - Corporate Medical Plaza III {CMP Building III, LLC}",evidenceOfInsurance,Evidence of Insurance,6ac20aae-5728-5d57-b364-aeba38527dba,Additional Requirements,4da5b0f1-4c9d-5885-8cf8-5d3cccaed3e0,"Block Real Estate Services, LLC and all others required by contract are named as Additional Insureds","---prompt---
Determine if the Description of Operations or the Additional Remarks Schedule section states the ""Additional Insured as Construction Management, Inc. and all others required by contract"" or reference to blanket additional insured coverage. Look for language like ""certificate holder is additional insured"" or ""per written contract"".",matchOnce,must be present,,,non_compliant,Block Requirements,,,true,0,,2026-08-16
"Block Real Estate Services, LLC",69fdf76e62446148bd8573b9,69fded2362446148bd849234,"DaVita Dialysis / Total Renal Care, Inc.",69fdf00d0e86e2f8723da443,"cm3758 - Corporate Medical Plaza III {CMP Building III, LLC}",evidenceOfInsurance,Evidence of Insurance,6ac20aae-5728-5d57-b364-aeba38527dba,Additional Requirements,e1017741-e47e-5f58-97b8-fbc3043e919f,Umbrella follows form over General Liability,"---prompt---
Determine if the Umbrella/Excess Liability policy follows form to the underlying policies. Evidence may include: language in the Description of Operations section stating the umbrella follows form to underlying coverages or an additional page endorsement stating that it follows form. Follow form means the umbrella policy adopts the same terms, conditions, and exclusions as the underlying policies.",matchOnce,must be present,,,non_compliant,Block Requirements,,,true,0,,2026-08-16
"Block Real Estate Services, LLC",69fdf76e62446148bd8573b9,69fded2362446148bd849234,"DaVita Dialysis / Total Renal Care, Inc.",69fdf00d0e86e2f8723da443,"cm3758 - Corporate Medical Plaza III {CMP Building III, LLC}",evidenceOfInsurance,Evidence of Insurance,6ac20aae-5728-5d57-b364-aeba38527dba,Additional Requirements,2cdd866f-c9a4-576a-afd8-1d045762790c,"The location must be listed as: 10787 Nall Avenue, Suite 130, Overland Park, KS, 66211",,matchOnce,must be present,,,non_compliant,Block Requirements,,,true,0,,2026-08-16
"Block Real Estate Services, LLC",69fdf76e62446148bd8573b9,69fded2362446148bd849234,"DaVita Dialysis / Total Renal Care, Inc.",69fdf00d0e86e2f8723da443,"cm3758 - Corporate Medical Plaza III {CMP Building III, LLC}",evidenceOfInsurance,Evidence of Insurance,6ac20aae-5728-5d57-b364-aeba38527dba,Additional Requirements,3649e9d1-4e09-59bf-8f30-cb33c40cf117,"Certificate Holder must read: c/o Block Real Estate Services, LLC, 4622 Pennsylvania St., Suite 700, Kansas City, MO, 64112",,matchOnce,must be present,,,non_compliant,Block Requirements,,,true,0,,2026-08-16
"Block Real Estate Services, LLC",6a185ab3a1ec98c09c96390c,6a185a8317ab90e8a02c371c,Otolaryngology-Head and Neck Surgery / University of Kansas Hospital Authority,69fdf00d0e86e2f8723da443,"cm3758 - Corporate Medical Plaza III {CMP Building III, LLC}",evidenceOfInsurance,Evidence of Insurance,commercialGeneralLiability,Commercial General Liability,evidenceOfInsuranceCommercialGeneralLiabilityCoverageTriggerOccurrence,Coverage Trigger: Occurrence,,matchOnce,must be present,,,non_compliant,Block Requirements,,,false,0,,2026-08-16
"Block Real Estate Services, LLC",6a185ab3a1ec98c09c96390c,6a185a8317ab90e8a02c371c,Otolaryngology-Head and Neck Surgery / University of Kansas Hospital Authority,69fdf00d0e86e2f8723da443,"cm3758 - Corporate Medical Plaza III {CMP Building III, LLC}",evidenceOfInsurance,Evidence of Insurance,commercialGeneralLiability,Commercial General Liability,evidenceOfInsuranceCommercialGeneralLiabilityGeneralAggregateLimitAppliesPerLocation,General Aggregate Limit Applies per: Location,,matchOnce,must be present,,,non_compliant,Block Requirements,,,false,0,,2026-08-16
"Block Real Estate Services, LLC",6a185ab3a1ec98c09c96390c,6a185a8317ab90e8a02c371c,Otolaryngology-Head and Neck Surgery / University of Kansas Hospital Authority,69fdf00d0e86e2f8723da443,"cm3758 - Corporate Medical Plaza III {CMP Building III, LLC}",evidenceOfInsurance,Evidence of Insurance,commercialGeneralLiability,Commercial General Liability,evidenceOfInsuranceCommercialGeneralLiabilityEachOccurrence,Each Occurrence,,matchOnce,must be greater or equal to,1000000,,non_compliant,Block Requirements,,,false,0,,2026-08-16
"Block Real Estate Services, LLC",6a185ab3a1ec98c09c96390c,6a185a8317ab90e8a02c371c,Otolaryngology-Head and Neck Surgery / University of Kansas Hospital Authority,69fdf00d0e86e2f8723da443,"cm3758 - Corporate Medical Plaza III {CMP Building III, LLC}",evidenceOfInsurance,Evidence of Insurance,commercialGeneralLiability,Commercial General Liability,evidenceOfInsuranceCommercialGeneralLiabilityGeneralAggregate,General Aggregate,,matchOnce,must be greater or equal to,2000000,,non_compliant,Block Requirements,,,false,0,,2026-08-16
"Block Real Estate Services, LLC",6a185ab3a1ec98c09c96390c,6a185a8317ab90e8a02c371c,Otolaryngology-Head and Neck Surgery / University of Kansas Hospital Authority,69fdf00d0e86e2f8723da443,"cm3758 - Corporate Medical Plaza III {CMP Building III, LLC}",evidenceOfInsurance,Evidence of Insurance,commercialGeneralLiability,Commercial General Liability,evidenceOfInsuranceCommercialGeneralLiabilityWaiverOfSubrogationEndorsement,Waiver of Subrogation,"---prompt---
Determine if the insurer has waived their right of subrogation in favor of the certificate holder under the Commercial General Liability policy. Evidence may include: a checked ""Waiver of Subrogation"" box on the certificate, mention in the Description of Operations section stating ""waiver of subrogation applies"", or reference to form CG 24 04. Look for language like ""subrogation is waived"" or ""per written contract"".",matchOnce,must be present,,,non_compliant,Block Requirements,,,false,0,,2026-08-16
"Block Real Estate Services, LLC",6a185ab3a1ec98c09c96390c,6a185a8317ab90e8a02c371c,Otolaryngology-Head and Neck Surgery / University of Kansas Hospital Authority,69fdf00d0e86e2f8723da443,"cm3758 - Corporate Medical Plaza III {CMP Building III, LLC}",evidenceOfInsurance,Evidence of Insurance,excessOrUmbrellaLiability,Umbrella/Excess Liability,evidenceOfInsuranceExcessOrUmbrellaLiabilityOccurence,Coverage Trigger: Occurrence,,matchOnce,must be present,,,non_compliant,Block Requirements,,,false,0,,2026-08-16
"Block Real Estate Services, LLC",6a185ab3a1ec98c09c96390c,6a185a8317ab90e8a02c371c,Otolaryngology-Head and Neck Surgery / University of Kansas Hospital Authority,69fdf00d0e86e2f8723da443,"cm3758 - Corporate Medical Plaza III {CMP Building III, LLC}",evidenceOfInsurance,Evidence of Insurance,excessOrUmbrellaLiability,Umbrella/Excess Liability,evidenceOfInsuranceExcessOrUmbrellaLiabilityEachOccurrence,Each Occurrence,,matchOnce,must be greater or equal to,1000000,,non_compliant,Block Requirements,,,false,0,,2026-08-16
"Block Real Estate Services, LLC",6a185ab3a1ec98c09c96390c,6a185a8317ab90e8a02c371c,Otolaryngology-Head and Neck Surgery / University of Kansas Hospital Authority,69fdf00d0e86e2f8723da443,"cm3758 - Corporate Medical Plaza III {CMP Building III, LLC}",evidenceOfInsurance,Evidence of Insurance,excessOrUmbrellaLiability,Umbrella/Excess Liability,evidenceOfInsuranceExcessOrUmbrellaLiabilityAggregate,Aggregate,,matchOnce,must be greater or equal to,1000000,,non_compliant,Block Requirements,,,false,0,,2026-08-16
"Block Real Estate Services, LLC",6a185ab3a1ec98c09c96390c,6a185a8317ab90e8a02c371c,Otolaryngology-Head and Neck Surgery / University of Kansas Hospital Authority,69fdf00d0e86e2f8723da443,"cm3758 - Corporate Medical Plaza III {CMP Building III, LLC}",evidenceOfInsurance,Evidence of Insurance,workersCompensation,Workers' Compensation and Employer's Liability,evidenceOfInsuranceWorkersCompensationStatutoryLimits,Statutory Limits,,matchOnce,must be present,,,non_compliant,Block Requirements,,,false,0,,2026-08-16
"Block Real Estate Services, LLC",6a185ab3a1ec98c09c96390c,6a185a8317ab90e8a02c371c,Otolaryngology-Head and Neck Surgery / University of Kansas Hospital Authority,69fdf00d0e86e2f8723da443,"cm3758 - Corporate Medical Plaza III {CMP Building III, LLC}",evidenceOfInsurance,Evidence of Insurance,workersCompensation,Workers' Compensation and Employer's Liability,evidenceOfInsuranceWorkersCompensationEmployersLiabilityEachAccident,Employer's Liability Each Accident,,matchOnce,must be greater or equal to,500000,,non_compliant,Block Requirements,,,false,0,,2026-08-16
"Block Real Estate Services, LLC",6a185ab3a1ec98c09c96390c,6a185a8317ab90e8a02c371c,Otolaryngology-Head and Neck Surgery / University of Kansas Hospital Authority,69fdf00d0e86e2f8723da443,"cm3758 - Corporate Medical Plaza III {CMP Building III, LLC}",evidenceOfInsurance,Evidence of Insurance,workersCompensation,Workers' Compensation and Employer's Liability,evidenceOfInsuranceWorkersCompensationEmployersLiabilityDiseaseEachEmployee,Employer's Liability Disease - each employee,,matchOnce,must be greater or equal to,500000,,non_compliant,Block Requirements,,,false,0,,2026-08-16
"Block Real Estate Services, LLC",6a185ab3a1ec98c09c96390c,6a185a8317ab90e8a02c371c,Otolaryngology-Head and Neck Surgery / University of Kansas Hospital Authority,69fdf00d0e86e2f8723da443,"cm3758 - Corporate Medical Plaza III {CMP Building III, LLC}",evidenceOfInsurance,Evidence of Insurance,workersCompensation,Workers' Compensation and Employer's Liability,evidenceOfInsuranceWorkersCompensationEmployersLiabilityDiseasePolicyLimit,Employer's Liability Disease - policy limit,,matchOnce,must be greater or equal to,500000,,non_compliant,Block Requirements,,,false,0,,2026-08-16
"Block Real Estate Services, LLC",6a185ab3a1ec98c09c96390c,6a185a8317ab90e8a02c371c,Otolaryngology-Head and Neck Surgery / University of Kansas Hospital Authority,69fdf00d0e86e2f8723da443,"cm3758 - Corporate Medical Plaza III {CMP Building III, LLC}",evidenceOfInsurance,Evidence of Insurance,workersCompensation,Workers' Compensation and Employer's Liability,evidenceOfInsuranceWorkersCompensationWaiverOfSubrogationEndorsement,Waiver of Subrogation,"---prompt---
Determine if the insurer has waived their right of subrogation in favor of the certificate holder under the Workers' Compensation policy. Evidence may include: a checked ""Waiver of Subrogation"" box on the certificate, mention in the Description of Operations section stating ""waiver of subrogation applies"", or reference to form WC 00 03 13. Look for language like ""subrogation is waived"" or ""per written contract"".",matchOnce,must be present,,,non_compliant,Block Requirements,,,false,0,,2026-08-16
"Block Real Estate Services, LLC",6a185ab3a1ec98c09c96390c,6a185a8317ab90e8a02c371c,Otolaryngology-Head and Neck Surgery / University of Kansas Hospital Authority,69fdf00d0e86e2f8723da443,"cm3758 - Corporate Medical Plaza III {CMP Building III, LLC}",evidenceOfInsurance,Evidence of Insurance,6ac20aae-5728-5d57-b364-aeba38527dba,Additional Requirements,4da5b0f1-4c9d-5885-8cf8-5d3cccaed3e0,"Block Real Estate Services, LLC and all others required by contract are named as Additional Insureds","---prompt---
Determine if the Description of Operations or the Additional Remarks Schedule section states the ""Additional Insured as Construction Management, Inc. and all others required by contract"" or reference to blanket additional insured coverage. Look for language like ""certificate holder is additional insured"" or ""per written contract"".",matchOnce,must be present,,,non_compliant,Block Requirements,,,true,0,,2026-08-16
"Block Real Estate Services, LLC",6a185ab3a1ec98c09c96390c,6a185a8317ab90e8a02c371c,Otolaryngology-Head and Neck Surgery / University of Kansas Hospital Authority,69fdf00d0e86e2f8723da443,"cm3758 - Corporate Medical Plaza III {CMP Building III, LLC}",evidenceOfInsurance,Evidence of Insurance,6ac20aae-5728-5d57-b364-aeba38527dba,Additional Requirements,e1017741-e47e-5f58-97b8-fbc3043e919f,Umbrella follows form over General Liability,"---prompt---
Determine if the Umbrella/Excess Liability policy follows form to the underlying policies. Evidence may include: language in the Description of Operations section stating the umbrella follows form to underlying coverages or an additional page endorsement stating that it follows form. Follow form means the umbrella policy adopts the same terms, conditions, and exclusions as the underlying policies.",matchOnce,must be present,,,non_compliant,Block Requirements,,,true,0,,2026-08-16
"Block Real Estate Services, LLC",6a185ab3a1ec98c09c96390c,6a185a8317ab90e8a02c371c,Otolaryngology-Head and Neck Surgery / University of Kansas Hospital Authority,69fdf00d0e86e2f8723da443,"cm3758 - Corporate Medical Plaza III {CMP Building III, LLC}",evidenceOfInsurance,Evidence of Insurance,6ac20aae-5728-5d57-b364-aeba38527dba,Additional Requirements,2cdd866f-c9a4-576a-afd8-1d045762790c,"The location must be listed as: 10787 Nall Avenue, Suite 220, Overland Park, KS, 66211",,matchOnce,must be present,,,non_compliant,Block Requirements,,,true,0,,2026-08-16
"Block Real Estate Services, LLC",6a185ab3a1ec98c09c96390c,6a185a8317ab90e8a02c371c,Otolaryngology-Head and Neck Surgery / University of Kansas Hospital Authority,69fdf00d0e86e2f8723da443,"cm3758 - Corporate Medical Plaza III {CMP Building III, LLC}",evidenceOfInsurance,Evidence of Insurance,6ac20aae-5728-5d57-b364-aeba38527dba,Additional Requirements,3649e9d1-4e09-59bf-8f30-cb33c40cf117,"Certificate Holder must read: c/o Block Real Estate Services, LLC, 4622 Pennsylvania St., Suite 700, Kansas City, MO, 64112",,matchOnce,must be present,,,non_compliant,Block Requirements,,,true,0,,2026-08-16
"Block Real Estate Services, LLC",6a185ab3a1ec98c09c96390d,6a185a8e462ef1e78ea1ad25,Mid America Cardiology / University of Kansas Hospital,69fdf00d0e86e2f8723da443,"cm3758 - Corporate Medical Plaza III {CMP Building III, LLC}",evidenceOfInsurance,Evidence of Insurance,commercialGeneralLiability,Commercial General Liability,evidenceOfInsuranceCommercialGeneralLiabilityCoverageTriggerOccurrence,Coverage Trigger: Occurrence,,matchOnce,must be present,,,non_compliant,Block Requirements,,,false,0,,2026-08-16
"Block Real Estate Services, LLC",6a185ab3a1ec98c09c96390d,6a185a8e462ef1e78ea1ad25,Mid America Cardiology / University of Kansas Hospital,69fdf00d0e86e2f8723da443,"cm3758 - Corporate Medical Plaza III {CMP Building III, LLC}",evidenceOfInsurance,Evidence of Insurance,commercialGeneralLiability,Commercial General Liability,evidenceOfInsuranceCommercialGeneralLiabilityGeneralAggregateLimitAppliesPerLocation,General Aggregate Limit Applies per: Location,,matchOnce,must be present,,,non_compliant,Block Requirements,,,false,0,,2026-08-16
"Block Real Estate Services, LLC",6a185ab3a1ec98c09c96390d,6a185a8e462ef1e78ea1ad25,Mid America Cardiology / University of Kansas Hospital,69fdf00d0e86e2f8723da443,"cm3758 - Corporate Medical Plaza III {CMP Building III, LLC}",evidenceOfInsurance,Evidence of Insurance,commercialGeneralLiability,Commercial General Liability,evidenceOfInsuranceCommercialGeneralLiabilityEachOccurrence,Each Occurrence,,matchOnce,must be greater or equal to,1000000,,non_compliant,Block Requirements,,,false,0,,2026-08-16
"Block Real Estate Services, LLC",6a185ab3a1ec98c09c96390d,6a185a8e462ef1e78ea1ad25,Mid America Cardiology / University of Kansas Hospital,69fdf00d0e86e2f8723da443,"cm3758 - Corporate Medical Plaza III {CMP Building III, LLC}",evidenceOfInsurance,Evidence of Insurance,commercialGeneralLiability,Commercial General Liability,evidenceOfInsuranceCommercialGeneralLiabilityGeneralAggregate,General Aggregate,,matchOnce,must be greater or equal to,2000000,,non_compliant,Block Requirements,,,false,0,,2026-08-16
"Block Real Estate Services, LLC",6a185ab3a1ec98c09c96390d,6a185a8e462ef1e78ea1ad25,Mid America Cardiology / University of Kansas Hospital,69fdf00d0e86e2f8723da443,"cm3758 - Corporate Medical Plaza III {CMP Building III, LLC}",evidenceOfInsurance,Evidence of Insurance,commercialGeneralLiability,Commercial General Liability,evidenceOfInsuranceCommercialGeneralLiabilityWaiverOfSubrogationEndorsement,Waiver of Subrogation,"---prompt---
Determine if the insurer has waived their right of subrogation in favor of the certificate holder under the Commercial General Liability policy. Evidence may include: a checked ""Waiver of Subrogation"" box on the certificate, mention in the Description of Operations section stating ""waiver of subrogation applies"", or reference to form CG 24 04. Look for language like ""subrogation is waived"" or ""per written contract"".",matchOnce,must be present,,,non_compliant,Block Requirements,,,false,0,,2026-08-16
"Block Real Estate Services, LLC",6a185ab3a1ec98c09c96390d,6a185a8e462ef1e78ea1ad25,Mid America Cardiology / University of Kansas Hospital,69fdf00d0e86e2f8723da443,"cm3758 - Corporate Medical Plaza III {CMP Building III, LLC}",evidenceOfInsurance,Evidence of Insurance,excessOrUmbrellaLiability,Umbrella/Excess Liability,evidenceOfInsuranceExcessOrUmbrellaLiabilityOccurence,Coverage Trigger: Occurrence,,matchOnce,must be present,,,non_compliant,Block Requirements,,,false,0,,2026-08-16
"Block Real Estate Services, LLC",6a185ab3a1ec98c09c96390d,6a185a8e462ef1e78ea1ad25,Mid America Cardiology / University of Kansas Hospital,69fdf00d0e86e2f8723da443,"cm3758 - Corporate Medical Plaza III {CMP Building III, LLC}",evidenceOfInsurance,Evidence of Insurance,excessOrUmbrellaLiability,Umbrella/Excess Liability,evidenceOfInsuranceExcessOrUmbrellaLiabilityEachOccurrence,Each Occurrence,,matchOnce,must be greater or equal to,1000000,,non_compliant,Block Requirements,,,false,0,,2026-08-16
"Block Real Estate Services, LLC",6a185ab3a1ec98c09c96390d,6a185a8e462ef1e78ea1ad25,Mid America Cardiology / University of Kansas Hospital,69fdf00d0e86e2f8723da443,"cm3758 - Corporate Medical Plaza III {CMP Building III, LLC}",evidenceOfInsurance,Evidence of Insurance,excessOrUmbrellaLiability,Umbrella/Excess Liability,evidenceOfInsuranceExcessOrUmbrellaLiabilityAggregate,Aggregate,,matchOnce,must be greater or equal to,1000000,,non_compliant,Block Requirements,,,false,0,,2026-08-16
"Block Real Estate Services, LLC",6a185ab3a1ec98c09c96390d,6a185a8e462ef1e78ea1ad25,Mid America Cardiology / University of Kansas Hospital,69fdf00d0e86e2f8723da443,"cm3758 - Corporate Medical Plaza III {CMP Building III, LLC}",evidenceOfInsurance,Evidence of Insurance,workersCompensation,Workers' Compensation and Employer's Liability,evidenceOfInsuranceWorkersCompensationStatutoryLimits,Statutory Limits,,matchOnce,must be present,,,non_compliant,Block Requirements,,,false,0,,2026-08-16
"Block Real Estate Services, LLC",6a185ab3a1ec98c09c96390d,6a185a8e462ef1e78ea1ad25,Mid America Cardiology / University of Kansas Hospital,69fdf00d0e86e2f8723da443,"cm3758 - Corporate Medical Plaza III {CMP Building III, LLC}",evidenceOfInsurance,Evidence of Insurance,workersCompensation,Workers' Compensation and Employer's Liability,evidenceOfInsuranceWorkersCompensationEmployersLiabilityEachAccident,Employer's Liability Each Accident,,matchOnce,must be greater or equal to,500000,,non_compliant,Block Requirements,,,false,0,,2026-08-16
"Block Real Estate Services, LLC",6a185ab3a1ec98c09c96390d,6a185a8e462ef1e78ea1ad25,Mid America Cardiology / University of Kansas Hospital,69fdf00d0e86e2f8723da443,"cm3758 - Corporate Medical Plaza III {CMP Building III, LLC}",evidenceOfInsurance,Evidence of Insurance,workersCompensation,Workers' Compensation and Employer's Liability,evidenceOfInsuranceWorkersCompensationEmployersLiabilityDiseaseEachEmployee,Employer's Liability Disease - each employee,,matchOnce,must be greater or equal to,500000,,non_compliant,Block Requirements,,,false,0,,2026-08-16
"Block Real Estate Services, LLC",6a185ab3a1ec98c09c96390d,6a185a8e462ef1e78ea1ad25,Mid America Cardiology / University of Kansas Hospital,69fdf00d0e86e2f8723da443,"cm3758 - Corporate Medical Plaza III {CMP Building III, LLC}",evidenceOfInsurance,Evidence of Insurance,workersCompensation,Workers' Compensation and Employer's Liability,evidenceOfInsuranceWorkersCompensationEmployersLiabilityDiseasePolicyLimit,Employer's Liability Disease - policy limit,,matchOnce,must be greater or equal to,500000,,non_compliant,Block Requirements,,,false,0,,2026-08-16
"Block Real Estate Services, LLC",6a185ab3a1ec98c09c96390d,6a185a8e462ef1e78ea1ad25,Mid America Cardiology / University of Kansas Hospital,69fdf00d0e86e2f8723da443,"cm3758 - Corporate Medical Plaza III {CMP Building III, LLC}",evidenceOfInsurance,Evidence of Insurance,workersCompensation,Workers' Compensation and Employer's Liability,evidenceOfInsuranceWorkersCompensationWaiverOfSubrogationEndorsement,Waiver of Subrogation,"---prompt---
Determine if the insurer has waived their right of subrogation in favor of the certificate holder under the Workers' Compensation policy. Evidence may include: a checked ""Waiver of Subrogation"" box on the certificate, mention in the Description of Operations section stating ""waiver of subrogation applies"", or reference to form WC 00 03 13. Look for language like ""subrogation is waived"" or ""per written contract"".",matchOnce,must be present,,,non_compliant,Block Requirements,,,false,0,,2026-08-16
"Block Real Estate Services, LLC",6a185ab3a1ec98c09c96390d,6a185a8e462ef1e78ea1ad25,Mid America Cardiology / University of Kansas Hospital,69fdf00d0e86e2f8723da443,"cm3758 - Corporate Medical Plaza III {CMP Building III, LLC}",evidenceOfInsurance,Evidence of Insurance,6ac20aae-5728-5d57-b364-aeba38527dba,Additional Requirements,4da5b0f1-4c9d-5885-8cf8-5d3cccaed3e0,"Block Real Estate Services, LLC and all others required by contract are named as Additional Insureds","---prompt---
Determine if the Description of Operations or the Additional Remarks Schedule section states the ""Additional Insured as Construction Management, Inc. and all others required by contract"" or reference to blanket additional insured coverage. Look for language like ""certificate holder is additional insured"" or ""per written contract"".",matchOnce,must be present,,,non_compliant,Block Requirements,,,true,0,,2026-08-16
"Block Real Estate Services, LLC",6a185ab3a1ec98c09c96390d,6a185a8e462ef1e78ea1ad25,Mid America Cardiology / University of Kansas Hospital,69fdf00d0e86e2f8723da443,"cm3758 - Corporate Medical Plaza III {CMP Building III, LLC}",evidenceOfInsurance,Evidence of Insurance,6ac20aae-5728-5d57-b364-aeba38527dba,Additional Requirements,e1017741-e47e-5f58-97b8-fbc3043e919f,Umbrella follows form over General Liability,"---prompt---
Determine if the Umbrella/Excess Liability policy follows form to the underlying policies. Evidence may include: language in the Description of Operations section stating the umbrella follows form to underlying coverages or an additional page endorsement stating that it follows form. Follow form means the umbrella policy adopts the same terms, conditions, and exclusions as the underlying policies.",matchOnce,must be present,,,non_compliant,Block Requirements,,,true,0,,2026-08-16
"Block Real Estate Services, LLC",6a185ab3a1ec98c09c96390d,6a185a8e462ef1e78ea1ad25,Mid America Cardiology / University of Kansas Hospital,69fdf00d0e86e2f8723da443,"cm3758 - Corporate Medical Plaza III {CMP Building III, LLC}",evidenceOfInsurance,Evidence of Insurance,6ac20aae-5728-5d57-b364-aeba38527dba,Additional Requirements,2cdd866f-c9a4-576a-afd8-1d045762790c,"The location must be listed as: 10787 Nall Avenue, Suite 300, Overland Park, KS, 66211",,matchOnce,must be present,,,non_compliant,Block Requirements,,,true,0,,2026-08-16
"Block Real Estate Services, LLC",6a185ab3a1ec98c09c96390d,6a185a8e462ef1e78ea1ad25,Mid America Cardiology / University of Kansas Hospital,69fdf00d0e86e2f8723da443,"cm3758 - Corporate Medical Plaza III {CMP Building III, LLC}",evidenceOfInsurance,Evidence of Insurance,6ac20aae-5728-5d57-b364-aeba38527dba,Additional Requirements,3649e9d1-4e09-59bf-8f30-cb33c40cf117,"Certificate Holder must read: c/o Block Real Estate Services, LLC, 4622 Pennsylvania St., Suite 700, Kansas City, MO, 64112",,matchOnce,must be present,,,non_compliant,Block Requirements,,,true,0,,2026-08-16
"Block Real Estate Services, LLC",6a185ab3a1ec98c09c96390e,6a185a9ab517ae25a8797914,Jayhawk Primary Care / Medical Plaza Internal Medicine,69fdf00d0e86e2f8723da443,"cm3758 - Corporate Medical Plaza III {CMP Building III, LLC}",evidenceOfInsurance,Evidence of Insurance,commercialGeneralLiability,Commercial General Liability,evidenceOfInsuranceCommercialGeneralLiabilityCoverageTriggerOccurrence,Coverage Trigger: Occurrence,,matchOnce,must be present,,,non_compliant,Block Requirements,,,false,0,,2026-08-16
"Block Real Estate Services, LLC",6a185ab3a1ec98c09c96390e,6a185a9ab517ae25a8797914,Jayhawk Primary Care / Medical Plaza Internal Medicine,69fdf00d0e86e2f8723da443,"cm3758 - Corporate Medical Plaza III {CMP Building III, LLC}",evidenceOfInsurance,Evidence of Insurance,commercialGeneralLiability,Commercial General Liability,evidenceOfInsuranceCommercialGeneralLiabilityGeneralAggregateLimitAppliesPerLocation,General Aggregate Limit Applies per: Location,,matchOnce,must be present,,,non_compliant,Block Requirements,,,false,0,,2026-08-16
"Block Real Estate Services, LLC",6a185ab3a1ec98c09c96390e,6a185a9ab517ae25a8797914,Jayhawk Primary Care / Medical Plaza Internal Medicine,69fdf00d0e86e2f8723da443,"cm3758 - Corporate Medical Plaza III {CMP Building III, LLC}",evidenceOfInsurance,Evidence of Insurance,commercialGeneralLiability,Commercial General Liability,evidenceOfInsuranceCommercialGeneralLiabilityEachOccurrence,Each Occurrence,,matchOnce,must be greater or equal to,1000000,,non_compliant,Block Requirements,,,false,0,,2026-08-16
"Block Real Estate Services, LLC",6a185ab3a1ec98c09c96390e,6a185a9ab517ae25a8797914,Jayhawk Primary Care / Medical Plaza Internal Medicine,69fdf00d0e86e2f8723da443,"cm3758 - Corporate Medical Plaza III {CMP Building III, LLC}",evidenceOfInsurance,Evidence of Insurance,commercialGeneralLiability,Commercial General Liability,evidenceOfInsuranceCommercialGeneralLiabilityGeneralAggregate,General Aggregate,,matchOnce,must be greater or equal to,2000000,,non_compliant,Block Requirements,,,false,0,,2026-08-16
"Block Real Estate Services, LLC",6a185ab3a1ec98c09c96390e,6a185a9ab517ae25a8797914,Jayhawk Primary Care / Medical Plaza Internal Medicine,69fdf00d0e86e2f8723da443,"cm3758 - Corporate Medical Plaza III {CMP Building III, LLC}",evidenceOfInsurance,Evidence of Insurance,commercialGeneralLiability,Commercial General Liability,evidenceOfInsuranceCommercialGeneralLiabilityWaiverOfSubrogationEndorsement,Waiver of Subrogation,"---prompt---
Determine if the insurer has waived their right of subrogation in favor of the certificate holder under the Commercial General Liability policy. Evidence may include: a checked ""Waiver of Subrogation"" box on the certificate, mention in the Description of Operations section stating ""waiver of subrogation applies"", or reference to form CG 24 04. Look for language like ""subrogation is waived"" or ""per written contract"".",matchOnce,must be present,,,non_compliant,Block Requirements,,,false,0,,2026-08-16
"Block Real Estate Services, LLC",6a185ab3a1ec98c09c96390e,6a185a9ab517ae25a8797914,Jayhawk Primary Care / Medical Plaza Internal Medicine,69fdf00d0e86e2f8723da443,"cm3758 - Corporate Medical Plaza III {CMP Building III, LLC}",evidenceOfInsurance,Evidence of Insurance,excessOrUmbrellaLiability,Umbrella/Excess Liability,evidenceOfInsuranceExcessOrUmbrellaLiabilityOccurence,Coverage Trigger: Occurrence,,matchOnce,must be present,,,non_compliant,Block Requirements,,,false,0,,2026-08-16
"Block Real Estate Services, LLC",6a185ab3a1ec98c09c96390e,6a185a9ab517ae25a8797914,Jayhawk Primary Care / Medical Plaza Internal Medicine,69fdf00d0e86e2f8723da443,"cm3758 - Corporate Medical Plaza III {CMP Building III, LLC}",evidenceOfInsurance,Evidence of Insurance,excessOrUmbrellaLiability,Umbrella/Excess Liability,evidenceOfInsuranceExcessOrUmbrellaLiabilityEachOccurrence,Each Occurrence,,matchOnce,must be greater or equal to,1000000,,non_compliant,Block Requirements,,,false,0,,2026-08-16
"Block Real Estate Services, LLC",6a185ab3a1ec98c09c96390e,6a185a9ab517ae25a8797914,Jayhawk Primary Care / Medical Plaza Internal Medicine,69fdf00d0e86e2f8723da443,"cm3758 - Corporate Medical Plaza III {CMP Building III, LLC}",evidenceOfInsurance,Evidence of Insurance,excessOrUmbrellaLiability,Umbrella/Excess Liability,evidenceOfInsuranceExcessOrUmbrellaLiabilityAggregate,Aggregate,,matchOnce,must be greater or equal to,1000000,,non_compliant,Block Requirements,,,false,0,,2026-08-16
"Block Real Estate Services, LLC",6a185ab3a1ec98c09c96390e,6a185a9ab517ae25a8797914,Jayhawk Primary Care / Medical Plaza Internal Medicine,69fdf00d0e86e2f8723da443,"cm3758 - Corporate Medical Plaza III {CMP Building III, LLC}",evidenceOfInsurance,Evidence of Insurance,workersCompensation,Workers' Compensation and Employer's Liability,evidenceOfInsuranceWorkersCompensationStatutoryLimits,Statutory Limits,,matchOnce,must be present,,,non_compliant,Block Requirements,,,false,0,,2026-08-16
"Block Real Estate Services, LLC",6a185ab3a1ec98c09c96390e,6a185a9ab517ae25a8797914,Jayhawk Primary Care / Medical Plaza Internal Medicine,69fdf00d0e86e2f8723da443,"cm3758 - Corporate Medical Plaza III {CMP Building III, LLC}",evidenceOfInsurance,Evidence of Insurance,workersCompensation,Workers' Compensation and Employer's Liability,evidenceOfInsuranceWorkersCompensationEmployersLiabilityEachAccident,Employer's Liability Each Accident,,matchOnce,must be greater or equal to,500000,,non_compliant,Block Requirements,,,false,0,,2026-08-16
"Block Real Estate Services, LLC",6a185ab3a1ec98c09c96390e,6a185a9ab517ae25a8797914,Jayhawk Primary Care / Medical Plaza Internal Medicine,69fdf00d0e86e2f8723da443,"cm3758 - Corporate Medical Plaza III {CMP Building III, LLC}",evidenceOfInsurance,Evidence of Insurance,workersCompensation,Workers' Compensation and Employer's Liability,evidenceOfInsuranceWorkersCompensationEmployersLiabilityDiseaseEachEmployee,Employer's Liability Disease - each employee,,matchOnce,must be greater or equal to,500000,,non_compliant,Block Requirements,,,false,0,,2026-08-16
"Block Real Estate Services, LLC",6a185ab3a1ec98c09c96390e,6a185a9ab517ae25a8797914,Jayhawk Primary Care / Medical Plaza Internal Medicine,69fdf00d0e86e2f8723da443,"cm3758 - Corporate Medical Plaza III {CMP Building III, LLC}",evidenceOfInsurance,Evidence of Insurance,workersCompensation,Workers' Compensation and Employer's Liability,evidenceOfInsuranceWorkersCompensationEmployersLiabilityDiseasePolicyLimit,Employer's Liability Disease - policy limit,,matchOnce,must be greater or equal to,500000,,non_compliant,Block Requirements,,,false,0,,2026-08-16
"Block Real Estate Services, LLC",6a185ab3a1ec98c09c96390e,6a185a9ab517ae25a8797914,Jayhawk Primary Care / Medical Plaza Internal Medicine,69fdf00d0e86e2f8723da443,"cm3758 - Corporate Medical Plaza III {CMP Building III, LLC}",evidenceOfInsurance,Evidence of Insurance,workersCompensation,Workers' Compensation and Employer's Liability,evidenceOfInsuranceWorkersCompensationWaiverOfSubrogationEndorsement,Waiver of Subrogation,"---prompt---
Determine if the insurer has waived their right of subrogation in favor of the certificate holder under the Workers' Compensation policy. Evidence may include: a checked ""Waiver of Subrogation"" box on the certificate, mention in the Description of Operations section stating ""waiver of subrogation applies"", or reference to form WC 00 03 13. Look for language like ""subrogation is waived"" or ""per written contract"".",matchOnce,must be present,,,non_compliant,Block Requirements,,,false,0,,2026-08-16
"Block Real Estate Services, LLC",6a185ab3a1ec98c09c96390e,6a185a9ab517ae25a8797914,Jayhawk Primary Care / Medical Plaza Internal Medicine,69fdf00d0e86e2f8723da443,"cm3758 - Corporate Medical Plaza III {CMP Building III, LLC}",evidenceOfInsurance,Evidence of Insurance,6ac20aae-5728-5d57-b364-aeba38527dba,Additional Requirements,4da5b0f1-4c9d-5885-8cf8-5d3cccaed3e0,"Block Real Estate Services, LLC and all others required by contract are named as Additional Insureds","---prompt---
Determine if the Description of Operations or the Additional Remarks Schedule section states the ""Additional Insured as Construction Management, Inc. and all others required by contract"" or reference to blanket additional insured coverage. Look for language like ""certificate holder is additional insured"" or ""per written contract"".",matchOnce,must be present,,,non_compliant,Block Requirements,,,true,0,,2026-08-16
"Block Real Estate Services, LLC",6a185ab3a1ec98c09c96390e,6a185a9ab517ae25a8797914,Jayhawk Primary Care / Medical Plaza Internal Medicine,69fdf00d0e86e2f8723da443,"cm3758 - Corporate Medical Plaza III {CMP Building III, LLC}",evidenceOfInsurance,Evidence of Insurance,6ac20aae-5728-5d57-b364-aeba38527dba,Additional Requirements,e1017741-e47e-5f58-97b8-fbc3043e919f,Umbrella follows form over General Liability,"---prompt---
Determine if the Umbrella/Excess Liability policy follows form to the underlying policies. Evidence may include: language in the Description of Operations section stating the umbrella follows form to underlying coverages or an additional page endorsement stating that it follows form. Follow form means the umbrella policy adopts the same terms, conditions, and exclusions as the underlying policies.",matchOnce,must be present,,,non_compliant,Block Requirements,,,true,0,,2026-08-16
"Block Real Estate Services, LLC",6a185ab3a1ec98c09c96390e,6a185a9ab517ae25a8797914,Jayhawk Primary Care / Medical Plaza Internal Medicine,69fdf00d0e86e2f8723da443,"cm3758 - Corporate Medical Plaza III {CMP Building III, LLC}",evidenceOfInsurance,Evidence of Insurance,6ac20aae-5728-5d57-b364-aeba38527dba,Additional Requirements,2cdd866f-c9a4-576a-afd8-1d045762790c,"The location must be listed as: 10787 Nall Avenue, Suite 310, Overland Park, KS, 66211",,matchOnce,must be present,,,non_compliant,Block Requirements,,,true,0,,2026-08-16
"Block Real Estate Services, LLC",6a185ab3a1ec98c09c96390e,6a185a9ab517ae25a8797914,Jayhawk Primary Care / Medical Plaza Internal Medicine,69fdf00d0e86e2f8723da443,"cm3758 - Corporate Medical Plaza III {CMP Building III, LLC}",evidenceOfInsurance,Evidence of Insurance,6ac20aae-5728-5d57-b364-aeba38527dba,Additional Requirements,3649e9d1-4e09-59bf-8f30-cb33c40cf117,"Certificate Holder must read: c/o Block Real Estate Services, LLC, 4622 Pennsylvania St., Suite 700, Kansas City, MO, 64112",,matchOnce,must be present,,,non_compliant,Block Requirements,,,true,0,,2026-08-16
"Block Real Estate Services, LLC",69fdf75c62446148bd855f63,69fded1962446148bd848f28,Medical Midwest / Lincare,69fdef7403a2257cd27da147,"3rd698 - 40 Hi Center {Midwest Ketter Investments, LLC}",evidenceOfInsurance,Evidence of Insurance,commercialGeneralLiability,Commercial General Liability,evidenceOfInsuranceCommercialGeneralLiabilityCoverageTriggerOccurrence,Coverage Trigger: Occurrence,,matchOnce,must be present,,,non_compliant,Block Requirements,,,false,0,,2026-08-16
"Block Real Estate Services, LLC",69fdf75c62446148bd855f63,69fded1962446148bd848f28,Medical Midwest / Lincare,69fdef7403a2257cd27da147,"3rd698 - 40 Hi Center {Midwest Ketter Investments, LLC}",evidenceOfInsurance,Evidence of Insurance,commercialGeneralLiability,Commercial General Liability,evidenceOfInsuranceCommercialGeneralLiabilityGeneralAggregateLimitAppliesPerLocation,General Aggregate Limit Applies per: Location,,matchOnce,must be present,,,non_compliant,Block Requirements,,,false,0,,2026-08-16
"Block Real Estate Services, LLC",69fdf75c62446148bd855f63,69fded1962446148bd848f28,Medical Midwest / Lincare,69fdef7403a2257cd27da147,"3rd698 - 40 Hi Center {Midwest Ketter Investments, LLC}",evidenceOfInsurance,Evidence of Insurance,commercialGeneralLiability,Commercial General Liability,evidenceOfInsuranceCommercialGeneralLiabilityEachOccurrence,Each Occurrence,,matchOnce,must be greater or equal to,1000000,,non_compliant,Block Requirements,,,false,0,,2026-08-16
"Block Real Estate Services, LLC",69fdf75c62446148bd855f63,69fded1962446148bd848f28,Medical Midwest / Lincare,69fdef7403a2257cd27da147,"3rd698 - 40 Hi Center {Midwest Ketter Investments, LLC}",evidenceOfInsurance,Evidence of Insurance,commercialGeneralLiability,Commercial General Liability,evidenceOfInsuranceCommercialGeneralLiabilityGeneralAggregate,General Aggregate,,matchOnce,must be greater or equal to,2000000,,non_compliant,Block Requirements,,,false,0,,2026-08-16
"Block Real Estate Services, LLC",69fdf75c62446148bd855f63,69fded1962446148bd848f28,Medical Midwest / Lincare,69fdef7403a2257cd27da147,"3rd698 - 40 Hi Center {Midwest Ketter Investments, LLC}",evidenceOfInsurance,Evidence of Insurance,commercialGeneralLiability,Commercial General Liability,evidenceOfInsuranceCommercialGeneralLiabilityWaiverOfSubrogationEndorsement,Waiver of Subrogation,"---prompt---
Determine if the insurer has waived their right of subrogation in favor of the certificate holder under the Commercial General Liability policy. Evidence may include: a checked ""Waiver of Subrogation"" box on the certificate, mention in the Description of Operations section stating ""waiver of subrogation applies"", or reference to form CG 24 04. Look for language like ""subrogation is waived"" or ""per written contract"".",matchOnce,must be present,,,non_compliant,Block Requirements,,,false,0,,2026-08-16
"Block Real Estate Services, LLC",69fdf75c62446148bd855f63,69fded1962446148bd848f28,Medical Midwest / Lincare,69fdef7403a2257cd27da147,"3rd698 - 40 Hi Center {Midwest Ketter Investments, LLC}",evidenceOfInsurance,Evidence of Insurance,excessOrUmbrellaLiability,Umbrella/Excess Liability,evidenceOfInsuranceExcessOrUmbrellaLiabilityOccurence,Coverage Trigger: Occurrence,,matchOnce,must be present,,,non_compliant,Block Requirements,,,false,0,,2026-08-16
"Block Real Estate Services, LLC",69fdf75c62446148bd855f63,69fded1962446148bd848f28,Medical Midwest / Lincare,69fdef7403a2257cd27da147,"3rd698 - 40 Hi Center {Midwest Ketter Investments, LLC}",evidenceOfInsurance,Evidence of Insurance,excessOrUmbrellaLiability,Umbrella/Excess Liability,evidenceOfInsuranceExcessOrUmbrellaLiabilityEachOccurrence,Each Occurrence,,matchOnce,must be greater or equal to,1000000,,non_compliant,Block Requirements,,,false,0,,2026-08-16
"Block Real Estate Services, LLC",69fdf75c62446148bd855f63,69fded1962446148bd848f28,Medical Midwest / Lincare,69fdef7403a2257cd27da147,"3rd698 - 40 Hi Center {Midwest Ketter Investments, LLC}",evidenceOfInsurance,Evidence of Insurance,excessOrUmbrellaLiability,Umbrella/Excess Liability,evidenceOfInsuranceExcessOrUmbrellaLiabilityAggregate,Aggregate,,matchOnce,must be greater or equal to,1000000,,non_compliant,Block Requirements,,,false,0,,2026-08-16
"Block Real Estate Services, LLC",69fdf75c62446148bd855f63,69fded1962446148bd848f28,Medical Midwest / Lincare,69fdef7403a2257cd27da147,"3rd698 - 40 Hi Center {Midwest Ketter Investments, LLC}",evidenceOfInsurance,Evidence of Insurance,workersCompensation,Workers' Compensation and Employer's Liability,evidenceOfInsuranceWorkersCompensationStatutoryLimits,Statutory Limits,,matchOnce,must be present,,,non_compliant,Block Requirements,,,false,0,,2026-08-16
"Block Real Estate Services, LLC",69fdf75c62446148bd855f63,69fded1962446148bd848f28,Medical Midwest / Lincare,69fdef7403a2257cd27da147,"3rd698 - 40 Hi Center {Midwest Ketter Investments, LLC}",evidenceOfInsurance,Evidence of Insurance,workersCompensation,Workers' Compensation and Employer's Liability,evidenceOfInsuranceWorkersCompensationEmployersLiabilityEachAccident,Employer's Liability Each Accident,,matchOnce,must be greater or equal to,500000,,non_compliant,Block Requirements,,,false,0,,2026-08-16
"Block Real Estate Services, LLC",69fdf75c62446148bd855f63,69fded1962446148bd848f28,Medical Midwest / Lincare,69fdef7403a2257cd27da147,"3rd698 - 40 Hi Center {Midwest Ketter Investments, LLC}",evidenceOfInsurance,Evidence of Insurance,workersCompensation,Workers' Compensation and Employer's Liability,evidenceOfInsuranceWorkersCompensationEmployersLiabilityDiseaseEachEmployee,Employer's Liability Disease - each employee,,matchOnce,must be greater or equal to,500000,,non_compliant,Block Requirements,,,false,0,,2026-08-16
"Block Real Estate Services, LLC",69fdf75c62446148bd855f63,69fded1962446148bd848f28,Medical Midwest / Lincare,69fdef7403a2257cd27da147,"3rd698 - 40 Hi Center {Midwest Ketter Investments, LLC}",evidenceOfInsurance,Evidence of Insurance,workersCompensation,Workers' Compensation and Employer's Liability,evidenceOfInsuranceWorkersCompensationEmployersLiabilityDiseasePolicyLimit,Employer's Liability Disease - policy limit,,matchOnce,must be greater or equal to,500000,,non_compliant,Block Requirements,,,false,0,,2026-08-16
"Block Real Estate Services, LLC",69fdf75c62446148bd855f63,69fded1962446148bd848f28,Medical Midwest / Lincare,69fdef7403a2257cd27da147,"3rd698 - 40 Hi Center {Midwest Ketter Investments, LLC}",evidenceOfInsurance,Evidence of Insurance,workersCompensation,Workers' Compensation and Employer's Liability,evidenceOfInsuranceWorkersCompensationWaiverOfSubrogationEndorsement,Waiver of Subrogation,"---prompt---
Determine if the insurer has waived their right of subrogation in favor of the certificate holder under the Workers' Compensation policy. Evidence may include: a checked ""Waiver of Subrogation"" box on the certificate, mention in the Description of Operations section stating ""waiver of subrogation applies"", or reference to form WC 00 03 13. Look for language like ""subrogation is waived"" or ""per written contract"".",matchOnce,must be present,,,non_compliant,Block Requirements,,,false,0,,2026-08-16
"Block Real Estate Services, LLC",69fdf75c62446148bd855f63,69fded1962446148bd848f28,Medical Midwest / Lincare,69fdef7403a2257cd27da147,"3rd698 - 40 Hi Center {Midwest Ketter Investments, LLC}",evidenceOfInsurance,Evidence of Insurance,6ac20aae-5728-5d57-b364-aeba38527dba,Additional Requirements,4da5b0f1-4c9d-5885-8cf8-5d3cccaed3e0,"Block Real Estate Services, LLC and all others required by contract are named as Additional Insureds","---prompt---
Determine if the Description of Operations or the Additional Remarks Schedule section states the ""Additional Insured as Construction Management, Inc. and all others required by contract"" or reference to blanket additional insured coverage. Look for language like ""certificate holder is additional insured"" or ""per written contract"".",matchOnce,must be present,,,non_compliant,Block Requirements,,,true,0,,2026-08-16
"Block Real Estate Services, LLC",69fdf75c62446148bd855f63,69fded1962446148bd848f28,Medical Midwest / Lincare,69fdef7403a2257cd27da147,"3rd698 - 40 Hi Center {Midwest Ketter Investments, LLC}",evidenceOfInsurance,Evidence of Insurance,6ac20aae-5728-5d57-b364-aeba38527dba,Additional Requirements,e1017741-e47e-5f58-97b8-fbc3043e919f,Umbrella follows form over General Liability,"---prompt---
Determine if the Umbrella/Excess Liability policy follows form to the underlying policies. Evidence may include: language in the Description of Operations section stating the umbrella follows form to underlying coverages or an additional page endorsement stating that it follows form. Follow form means the umbrella policy adopts the same terms, conditions, and exclusions as the underlying policies.",matchOnce,must be present,,,non_compliant,Block Requirements,,,true,0,,2026-08-16
"Block Real Estate Services, LLC",69fdf75c62446148bd855f63,69fded1962446148bd848f28,Medical Midwest / Lincare,69fdef7403a2257cd27da147,"3rd698 - 40 Hi Center {Midwest Ketter Investments, LLC}",evidenceOfInsurance,Evidence of Insurance,6ac20aae-5728-5d57-b364-aeba38527dba,Additional Requirements,2cdd866f-c9a4-576a-afd8-1d045762790c,"The location must be listed as: 17501: 223, 224 E. US 40 Highway, Independence, MO, 64055",,matchOnce,must be present,,,non_compliant,Block Requirements,,,true,0,,2026-08-16
"Block Real Estate Services, LLC",69fdf75c62446148bd855f63,69fded1962446148bd848f28,Medical Midwest / Lincare,69fdef7403a2257cd27da147,"3rd698 - 40 Hi Center {Midwest Ketter Investments, LLC}",evidenceOfInsurance,Evidence of Insurance,6ac20aae-5728-5d57-b364-aeba38527dba,Additional Requirements,3649e9d1-4e09-59bf-8f30-cb33c40cf117,"Certificate Holder must read: c/o Block Real Estate Services, LLC, 4622 Pennsylvania St., Suite 700, Kansas City, MO, 64112",,matchOnce,must be present,,,non_compliant,Block Requirements,,,true,0,,2026-08-16
"Block Real Estate Services, LLC",69fdf75c62446148bd855f66,69fded1c62446148bd848feb,Neenan Company,69fdef7403a2257cd27da147,"3rd698 - 40 Hi Center {Midwest Ketter Investments, LLC}",evidenceOfInsurance,Evidence of Insurance,commercialGeneralLiability,Commercial General Liability,evidenceOfInsuranceCommercialGeneralLiabilityCoverageTriggerOccurrence,Coverage Trigger: Occurrence,,matchOnce,must be present,,,non_compliant,Block Requirements,,,false,0,,2026-08-16
"Block Real Estate Services, LLC",69fdf75c62446148bd855f66,69fded1c62446148bd848feb,Neenan Company,69fdef7403a2257cd27da147,"3rd698 - 40 Hi Center {Midwest Ketter Investments, LLC}",evidenceOfInsurance,Evidence of Insurance,commercialGeneralLiability,Commercial General Liability,evidenceOfInsuranceCommercialGeneralLiabilityGeneralAggregateLimitAppliesPerLocation,General Aggregate Limit Applies per: Location,,matchOnce,must be present,,,non_compliant,Block Requirements,,,false,0,,2026-08-16
"Block Real Estate Services, LLC",69fdf75c62446148bd855f66,69fded1c62446148bd848feb,Neenan Company,69fdef7403a2257cd27da147,"3rd698 - 40 Hi Center {Midwest Ketter Investments, LLC}",evidenceOfInsurance,Evidence of Insurance,commercialGeneralLiability,Commercial General Liability,evidenceOfInsuranceCommercialGeneralLiabilityEachOccurrence,Each Occurrence,,matchOnce,must be greater or equal to,1000000,,non_compliant,Block Requirements,,,false,0,,2026-08-16
"Block Real Estate Services, LLC",69fdf75c62446148bd855f66,69fded1c62446148bd848feb,Neenan Company,69fdef7403a2257cd27da147,"3rd698 - 40 Hi Center {Midwest Ketter Investments, LLC}",evidenceOfInsurance,Evidence of Insurance,commercialGeneralLiability,Commercial General Liability,evidenceOfInsuranceCommercialGeneralLiabilityGeneralAggregate,General Aggregate,,matchOnce,must be greater or equal to,2000000,,non_compliant,Block Requirements,,,false,0,,2026-08-16
"Block Real Estate Services, LLC",69fdf75c62446148bd855f66,69fded1c62446148bd848feb,Neenan Company,69fdef7403a2257cd27da147,"3rd698 - 40 Hi Center {Midwest Ketter Investments, LLC}",evidenceOfInsurance,Evidence of Insurance,commercialGeneralLiability,Commercial General Liability,evidenceOfInsuranceCommercialGeneralLiabilityWaiverOfSubrogationEndorsement,Waiver of Subrogation,"---prompt---
Determine if the insurer has waived their right of subrogation in favor of the certificate holder under the Commercial General Liability policy. Evidence may include: a checked ""Waiver of Subrogation"" box on the certificate, mention in the Description of Operations section stating ""waiver of subrogation applies"", or reference to form CG 24 04. Look for language like ""subrogation is waived"" or ""per written contract"".",matchOnce,must be present,,,non_compliant,Block Requirements,,,false,0,,2026-08-16
"Block Real Estate Services, LLC",69fdf75c62446148bd855f66,69fded1c62446148bd848feb,Neenan Company,69fdef7403a2257cd27da147,"3rd698 - 40 Hi Center {Midwest Ketter Investments, LLC}",evidenceOfInsurance,Evidence of Insurance,excessOrUmbrellaLiability,Umbrella/Excess Liability,evidenceOfInsuranceExcessOrUmbrellaLiabilityOccurence,Coverage Trigger: Occurrence,,matchOnce,must be present,,,non_compliant,Block Requirements,,,false,0,,2026-08-16
"Block Real Estate Services, LLC",69fdf75c62446148bd855f66,69fded1c62446148bd848feb,Neenan Company,69fdef7403a2257cd27da147,"3rd698 - 40 Hi Center {Midwest Ketter Investments, LLC}",evidenceOfInsurance,Evidence of Insurance,excessOrUmbrellaLiability,Umbrella/Excess Liability,evidenceOfInsuranceExcessOrUmbrellaLiabilityEachOccurrence,Each Occurrence,,matchOnce,must be greater or equal to,1000000,,non_compliant,Block Requirements,,,false,0,,2026-08-16
"Block Real Estate Services, LLC",69fdf75c62446148bd855f66,69fded1c62446148bd848feb,Neenan Company,69fdef7403a2257cd27da147,"3rd698 - 40 Hi Center {Midwest Ketter Investments, LLC}",evidenceOfInsurance,Evidence of Insurance,excessOrUmbrellaLiability,Umbrella/Excess Liability,evidenceOfInsuranceExcessOrUmbrellaLiabilityAggregate,Aggregate,,matchOnce,must be greater or equal to,1000000,,non_compliant,Block Requirements,,,false,0,,2026-08-16
"Block Real Estate Services, LLC",69fdf75c62446148bd855f66,69fded1c62446148bd848feb,Neenan Company,69fdef7403a2257cd27da147,"3rd698 - 40 Hi Center {Midwest Ketter Investments, LLC}",evidenceOfInsurance,Evidence of Insurance,workersCompensation,Workers' Compensation and Employer's Liability,evidenceOfInsuranceWorkersCompensationStatutoryLimits,Statutory Limits,,matchOnce,must be present,,,non_compliant,Block Requirements,,,false,0,,2026-08-16
"Block Real Estate Services, LLC",69fdf75c62446148bd855f66,69fded1c62446148bd848feb,Neenan Company,69fdef7403a2257cd27da147,"3rd698 - 40 Hi Center {Midwest Ketter Investments, LLC}",evidenceOfInsurance,Evidence of Insurance,workersCompensation,Workers' Compensation and Employer's Liability,evidenceOfInsuranceWorkersCompensationEmployersLiabilityEachAccident,Employer's Liability Each Accident,,matchOnce,must be greater or equal to,500000,,non_compliant,Block Requirements,,,false,0,,2026-08-16
"Block Real Estate Services, LLC",69fdf75c62446148bd855f66,69fded1c62446148bd848feb,Neenan Company,69fdef7403a2257cd27da147,"3rd698 - 40 Hi Center {Midwest Ketter Investments, LLC}",evidenceOfInsurance,Evidence of Insurance,workersCompensation,Workers' Compensation and Employer's Liability,evidenceOfInsuranceWorkersCompensationEmployersLiabilityDiseaseEachEmployee,Employer's Liability Disease - each employee,,matchOnce,must be greater or equal to,500000,,non_compliant,Block Requirements,,,false,0,,2026-08-16
"Block Real Estate Services, LLC",69fdf75c62446148bd855f66,69fded1c62446148bd848feb,Neenan Company,69fdef7403a2257cd27da147,"3rd698 - 40 Hi Center {Midwest Ketter Investments, LLC}",evidenceOfInsurance,Evidence of Insurance,workersCompensation,Workers' Compensation and Employer's Liability,evidenceOfInsuranceWorkersCompensationEmployersLiabilityDiseasePolicyLimit,Employer's Liability Disease - policy limit,,matchOnce,must be greater or equal to,500000,,non_compliant,Block Requirements,,,false,0,,2026-08-16
"Block Real Estate Services, LLC",69fdf75c62446148bd855f66,69fded1c62446148bd848feb,Neenan Company,69fdef7403a2257cd27da147,"3rd698 - 40 Hi Center {Midwest Ketter Investments, LLC}",evidenceOfInsurance,Evidence of Insurance,workersCompensation,Workers' Compensation and Employer's Liability,evidenceOfInsuranceWorkersCompensationWaiverOfSubrogationEndorsement,Waiver of Subrogation,"---prompt---
Determine if the insurer has waived their right of subrogation in favor of the certificate holder under the Workers' Compensation policy. Evidence may include: a checked ""Waiver of Subrogation"" box on the certificate, mention in the Description of Operations section stating ""waiver of subrogation applies"", or reference to form WC 00 03 13. Look for language like ""subrogation is waived"" or ""per written contract"".",matchOnce,must be present,,,non_compliant,Block Requirements,,,false,0,,2026-08-16
"Block Real Estate Services, LLC",69fdf75c62446148bd855f66,69fded1c62446148bd848feb,Neenan Company,69fdef7403a2257cd27da147,"3rd698 - 40 Hi Center {Midwest Ketter Investments, LLC}",evidenceOfInsurance,Evidence of Insurance,6ac20aae-5728-5d57-b364-aeba38527dba,Additional Requirements,4da5b0f1-4c9d-5885-8cf8-5d3cccaed3e0,"Block Real Estate Services, LLC and all others required by contract are named as Additional Insureds","---prompt---
Determine if the Description of Operations or the Additional Remarks Schedule section states the ""Additional Insured as Construction Management, Inc. and all others required by contract"" or reference to blanket additional insured coverage. Look for language like ""certificate holder is additional insured"" or ""per written contract"".",matchOnce,must be present,,,non_compliant,Block Requirements,,,true,0,,2026-08-16
"Block Real Estate Services, LLC",69fdf75c62446148bd855f66,69fded1c62446148bd848feb,Neenan Company,69fdef7403a2257cd27da147,"3rd698 - 40 Hi Center {Midwest Ketter Investments, LLC}",evidenceOfInsurance,Evidence of Insurance,6ac20aae-5728-5d57-b364-aeba38527dba,Additional Requirements,e1017741-e47e-5f58-97b8-fbc3043e919f,Umbrella follows form over General Liability,"---prompt---
Determine if the Umbrella/Excess Liability policy follows form to the underlying policies. Evidence may include: language in the Description of Operations section stating the umbrella follows form to underlying coverages or an additional page endorsement stating that it follows form. Follow form means the umbrella policy adopts the same terms, conditions, and exclusions as the underlying policies.",matchOnce,must be present,,,non_compliant,Block Requirements,,,true,0,,2026-08-16
"Block Real Estate Services, LLC",69fdf75c62446148bd855f66,69fded1c62446148bd848feb,Neenan Company,69fdef7403a2257cd27da147,"3rd698 - 40 Hi Center {Midwest Ketter Investments, LLC}",evidenceOfInsurance,Evidence of Insurance,6ac20aae-5728-5d57-b364-aeba38527dba,Additional Requirements,2cdd866f-c9a4-576a-afd8-1d045762790c,"The location must be listed as: 17501: 222 E. US 40 Highway, Independence, MO, 64055",,matchOnce,must be present,,,non_compliant,Block Requirements,,,true,0,,2026-08-16
"Block Real Estate Services, LLC",69fdf75c62446148bd855f66,69fded1c62446148bd848feb,Neenan Company,69fdef7403a2257cd27da147,"3rd698 - 40 Hi Center {Midwest Ketter Investments, LLC}",evidenceOfInsurance,Evidence of Insurance,6ac20aae-5728-5d57-b364-aeba38527dba,Additional Requirements,3649e9d1-4e09-59bf-8f30-cb33c40cf117,"Certificate Holder must read: c/o Block Real Estate Services, LLC, 4622 Pennsylvania St., Suite 700, Kansas City, MO, 64112",,matchOnce,must be present,,,non_compliant,Block Requirements,,,true,0,,2026-08-16
"Block Real Estate Services, LLC",69fdf75c62446148bd855f69,69fded2062446148bd849153,Anthony's Plumbing,69fdef7403a2257cd27da147,"3rd698 - 40 Hi Center {Midwest Ketter Investments, LLC}",evidenceOfInsurance,Evidence of Insurance,commercialGeneralLiability,Commercial General Liability,evidenceOfInsuranceCommercialGeneralLiabilityCoverageTriggerOccurrence,Coverage Trigger: Occurrence,,matchOnce,must be present,,Present,compliant,Block Requirements,,,false,3,,2026-08-16
"Block Real Estate Services, LLC",69fdf75c62446148bd855f69,69fded2062446148bd849153,Anthony's Plumbing,69fdef7403a2257cd27da147,"3rd698 - 40 Hi Center {Midwest Ketter Investments, LLC}",evidenceOfInsurance,Evidence of Insurance,commercialGeneralLiability,Commercial General Liability,evidenceOfInsuranceCommercialGeneralLiabilityGeneralAggregateLimitAppliesPerLocation,General Aggregate Limit Applies per: Location,,matchOnce,must be present,,Present,compliant,Block Requirements,,,false,1,,2026-08-16
"Block Real Estate Services, LLC",69fdf75c62446148bd855f69,69fded2062446148bd849153,Anthony's Plumbing,69fdef7403a2257cd27da147,"3rd698 - 40 Hi Center {Midwest Ketter Investments, LLC}",evidenceOfInsurance,Evidence of Insurance,commercialGeneralLiability,Commercial General Liability,evidenceOfInsuranceCommercialGeneralLiabilityEachOccurrence,Each Occurrence,,matchOnce,must be greater or equal to,1000000,5000000,compliant,Block Requirements,,,false,3,,2026-08-16
"Block Real Estate Services, LLC",69fdf75c62446148bd855f69,69fded2062446148bd849153,Anthony's Plumbing,69fdef7403a2257cd27da147,"3rd698 - 40 Hi Center {Midwest Ketter Investments, LLC}",evidenceOfInsurance,Evidence of Insurance,commercialGeneralLiability,Commercial General Liability,evidenceOfInsuranceCommercialGeneralLiabilityGeneralAggregate,General Aggregate,,matchOnce,must be greater or equal to,2000000,10000000,compliant,Block Requirements,,,false,3,,2026-08-16
"Block Real Estate Services, LLC",69fdf75c62446148bd855f69,69fded2062446148bd849153,Anthony's Plumbing,69fdef7403a2257cd27da147,"3rd698 - 40 Hi Center {Midwest Ketter Investments, LLC}",evidenceOfInsurance,Evidence of Insurance,commercialGeneralLiability,Commercial General Liability,evidenceOfInsuranceCommercialGeneralLiabilityWaiverOfSubrogationEndorsement,Waiver of Subrogation,"---prompt---
Determine if the insurer has waived their right of subrogation in favor of the certificate holder under the Commercial General Liability policy. Evidence may include: a checked ""Waiver of Subrogation"" box on the certificate, mention in the Description of Operations section stating ""waiver of subrogation applies"", or reference to form CG 24 04. Look for language like ""subrogation is waived"" or ""per written contract"".",matchOnce,must be present,,Present,compliant,Block Requirements,,,false,3,,2026-08-16
"Block Real Estate Services, LLC",69fdf75c62446148bd855f69,69fded2062446148bd849153,Anthony's Plumbing,69fdef7403a2257cd27da147,"3rd698 - 40 Hi Center {Midwest Ketter Investments, LLC}",evidenceOfInsurance,Evidence of Insurance,excessOrUmbrellaLiability,Umbrella/Excess Liability,evidenceOfInsuranceExcessOrUmbrellaLiabilityOccurence,Coverage Trigger: Occurrence,,matchOnce,must be present,,Present,compliant,Block Requirements,,,false,3,,2026-08-16
"Block Real Estate Services, LLC",69fdf75c62446148bd855f69,69fded2062446148bd849153,Anthony's Plumbing,69fdef7403a2257cd27da147,"3rd698 - 40 Hi Center {Midwest Ketter Investments, LLC}",evidenceOfInsurance,Evidence of Insurance,excessOrUmbrellaLiability,Umbrella/Excess Liability,evidenceOfInsuranceExcessOrUmbrellaLiabilityEachOccurrence,Each Occurrence,,matchOnce,must be greater or equal to,1000000,5000000,compliant,Block Requirements,,,false,3,,2026-08-16
"Block Real Estate Services, LLC",69fdf75c62446148bd855f69,69fded2062446148bd849153,Anthony's Plumbing,69fdef7403a2257cd27da147,"3rd698 - 40 Hi Center {Midwest Ketter Investments, LLC}",evidenceOfInsurance,Evidence of Insurance,excessOrUmbrellaLiability,Umbrella/Excess Liability,evidenceOfInsuranceExcessOrUmbrellaLiabilityAggregate,Aggregate,,matchOnce,must be greater or equal to,1000000,5000000,compliant,Block Requirements,,,false,3,,2026-08-16
"Block Real Estate Services, LLC",69fdf75c62446148bd855f69,69fded2062446148bd849153,Anthony's Plumbing,69fdef7403a2257cd27da147,"3rd698 - 40 Hi Center {Midwest Ketter Investments, LLC}",evidenceOfInsurance,Evidence of Insurance,workersCompensation,Workers' Compensation and Employer's Liability,evidenceOfInsuranceWorkersCompensationStatutoryLimits,Statutory Limits,,matchOnce,must be present,,Present,compliant,Block Requirements,,,false,3,,2026-08-16
"Block Real Estate Services, LLC",69fdf75c62446148bd855f69,69fded2062446148bd849153,Anthony's Plumbing,69fdef7403a2257cd27da147,"3rd698 - 40 Hi Center {Midwest Ketter Investments, LLC}",evidenceOfInsurance,Evidence of Insurance,workersCompensation,Workers' Compensation and Employer's Liability,evidenceOfInsuranceWorkersCompensationEmployersLiabilityEachAccident,Employer's Liability Each Accident,,matchOnce,must be greater or equal to,500000,1000000,compliant,Block Requirements,,,false,3,,2026-08-16
"Block Real Estate Services, LLC",69fdf75c62446148bd855f69,69fded2062446148bd849153,Anthony's Plumbing,69fdef7403a2257cd27da147,"3rd698 - 40 Hi Center {Midwest Ketter Investments, LLC}",evidenceOfInsurance,Evidence of Insurance,workersCompensation,Workers' Compensation and Employer's Liability,evidenceOfInsuranceWorkersCompensationEmployersLiabilityDiseaseEachEmployee,Employer's Liability Disease - each employee,,matchOnce,must be greater or equal to,500000,1000000,compliant,Block Requirements,,,false,3,,2026-08-16
"Block Real Estate Services, LLC",69fdf75c62446148bd855f69,69fded2062446148bd849153,Anthony's Plumbing,69fdef7403a2257cd27da147,"3rd698 - 40 Hi Center {Midwest Ketter Investments, LLC}",evidenceOfInsurance,Evidence of Insurance,workersCompensation,Workers' Compensation and Employer's Liability,evidenceOfInsuranceWorkersCompensationEmployersLiabilityDiseasePolicyLimit,Employer's Liability Disease - policy limit,,matchOnce,must be greater or equal to,500000,1000000,compliant,Block Requirements,,,false,3,,2026-08-16
"Block Real Estate Services, LLC",69fdf75c62446148bd855f69,69fded2062446148bd849153,Anthony's Plumbing,69fdef7403a2257cd27da147,"3rd698 - 40 Hi Center {Midwest Ketter Investments, LLC}",evidenceOfInsurance,Evidence of Insurance,workersCompensation,Workers' Compensation and Employer's Liability,evidenceOfInsuranceWorkersCompensationWaiverOfSubrogationEndorsement,Waiver of Subrogation,"---prompt---
Determine if the insurer has waived their right of subrogation in favor of the certificate holder under the Workers' Compensation policy. Evidence may include: a checked ""Waiver of Subrogation"" box on the certificate, mention in the Description of Operations section stating ""waiver of subrogation applies"", or reference to form WC 00 03 13. Look for language like ""subrogation is waived"" or ""per written contract"".",matchOnce,must be present,,Present,compliant,Block Requirements,,,false,1,,2026-08-16
"Block Real Estate Services, LLC",69fdf75c62446148bd855f69,69fded2062446148bd849153,Anthony's Plumbing,69fdef7403a2257cd27da147,"3rd698 - 40 Hi Center {Midwest Ketter Investments, LLC}",evidenceOfInsurance,Evidence of Insurance,6ac20aae-5728-5d57-b364-aeba38527dba,Additional Requirements,4da5b0f1-4c9d-5885-8cf8-5d3cccaed3e0,"Block Real Estate Services, LLC and all others required by contract are named as Additional Insureds","---prompt---
Determine if the Description of Operations or the Additional Remarks Schedule section states the ""Additional Insured as Construction Management, Inc. and all others required by contract"" or reference to blanket additional insured coverage. Look for language like ""certificate holder is additional insured"" or ""per written contract"".",matchOnce,must be present,,Present,compliant,Block Requirements,,,true,3,,2026-08-16
"Block Real Estate Services, LLC",69fdf75c62446148bd855f69,69fded2062446148bd849153,Anthony's Plumbing,69fdef7403a2257cd27da147,"3rd698 - 40 Hi Center {Midwest Ketter Investments, LLC}",evidenceOfInsurance,Evidence of Insurance,6ac20aae-5728-5d57-b364-aeba38527dba,Additional Requirements,e1017741-e47e-5f58-97b8-fbc3043e919f,Umbrella follows form over General Liability,"---prompt---
Determine if the Umbrella/Excess Liability policy follows form to the underlying policies. Evidence may include: language in the Description of Operations section stating the umbrella follows form to underlying coverages or an additional page endorsement stating that it follows form. Follow form means the umbrella policy adopts the same terms, conditions, and exclusions as the underlying policies.",matchOnce,must be present,,Present,compliant,Block Requirements,,,true,3,,2026-08-16
"Block Real Estate Services, LLC",69fdf75c62446148bd855f69,69fded2062446148bd849153,Anthony's Plumbing,69fdef7403a2257cd27da147,"3rd698 - 40 Hi Center {Midwest Ketter Investments, LLC}",evidenceOfInsurance,Evidence of Insurance,6ac20aae-5728-5d57-b364-aeba38527dba,Additional Requirements,2cdd866f-c9a4-576a-afd8-1d045762790c,"The location must be listed as: 17301: 111, 112 E. US 40 Highway, Independence, MO, 64055",,matchOnce,must be present,,Present,compliant,Block Requirements,,,true,3,,2026-08-16
"Block Real Estate Services, LLC",69fdf75c62446148bd855f69,69fded2062446148bd849153,Anthony's Plumbing,69fdef7403a2257cd27da147,"3rd698 - 40 Hi Center {Midwest Ketter Investments, LLC}",evidenceOfInsurance,Evidence of Insurance,6ac20aae-5728-5d57-b364-aeba38527dba,Additional Requirements,3649e9d1-4e09-59bf-8f30-cb33c40cf117,"Certificate Holder must read: c/o Block Real Estate Services, LLC, 4622 Pennsylvania St., Suite 700, Kansas City, MO, 64112",,matchOnce,must be present,,Present,compliant,Block Requirements,,,true,3,,2026-08-16
"Block Real Estate Services, LLC",69fdf75c62446148bd855f5f,69fded0e62446148bd848bad,Recognition Plus Audio Video Graphics,69fdef7403a2257cd27da147,"3rd698 - 40 Hi Center {Midwest Ketter Investments, LLC}",evidenceOfInsurance,Evidence of Insurance,commercialGeneralLiability,Commercial General Liability,evidenceOfInsuranceCommercialGeneralLiabilityCoverageTriggerOccurrence,Coverage Trigger: Occurrence,,matchOnce,must be present,,Present,compliant,Block Requirements,,,false,1,,2026-08-16
"Block Real Estate Services, LLC",69fdf75c62446148bd855f5f,69fded0e62446148bd848bad,Recognition Plus Audio Video Graphics,69fdef7403a2257cd27da147,"3rd698 - 40 Hi Center {Midwest Ketter Investments, LLC}",evidenceOfInsurance,Evidence of Insurance,commercialGeneralLiability,Commercial General Liability,evidenceOfInsuranceCommercialGeneralLiabilityGeneralAggregateLimitAppliesPerLocation,General Aggregate Limit Applies per: Location,,matchOnce,must be present,,Present,compliant,Block Requirements,,,false,1,,2026-08-16
"Block Real Estate Services, LLC",69fdf75c62446148bd855f5f,69fded0e62446148bd848bad,Recognition Plus Audio Video Graphics,69fdef7403a2257cd27da147,"3rd698 - 40 Hi Center {Midwest Ketter Investments, LLC}",evidenceOfInsurance,Evidence of Insurance,commercialGeneralLiability,Commercial General Liability,evidenceOfInsuranceCommercialGeneralLiabilityEachOccurrence,Each Occurrence,,matchOnce,must be greater or equal to,1000000,1000000,compliant,Block Requirements,,,false,1,,2026-08-16
"Block Real Estate Services, LLC",69fdf75c62446148bd855f5f,69fded0e62446148bd848bad,Recognition Plus Audio Video Graphics,69fdef7403a2257cd27da147,"3rd698 - 40 Hi Center {Midwest Ketter Investments, LLC}",evidenceOfInsurance,Evidence of Insurance,commercialGeneralLiability,Commercial General Liability,evidenceOfInsuranceCommercialGeneralLiabilityGeneralAggregate,General Aggregate,,matchOnce,must be greater or equal to,2000000,2000000,compliant,Block Requirements,,,false,1,,2026-08-16
"Block Real Estate Services, LLC",69fdf75c62446148bd855f5f,69fded0e62446148bd848bad,Recognition Plus Audio Video Graphics,69fdef7403a2257cd27da147,"3rd698 - 40 Hi Center {Midwest Ketter Investments, LLC}",evidenceOfInsurance,Evidence of Insurance,commercialGeneralLiability,Commercial General Liability,evidenceOfInsuranceCommercialGeneralLiabilityWaiverOfSubrogationEndorsement,Waiver of Subrogation,"---prompt---
Determine if the insurer has waived their right of subrogation in favor of the certificate holder under the Commercial General Liability policy. Evidence may include: a checked ""Waiver of Subrogation"" box on the certificate, mention in the Description of Operations section stating ""waiver of subrogation applies"", or reference to form CG 24 04. Look for language like ""subrogation is waived"" or ""per written contract"".",matchOnce,must be present,,,non_compliant,Block Requirements,,,false,0,,2026-08-16
"Block Real Estate Services, LLC",69fdf75c62446148bd855f5f,69fded0e62446148bd848bad,Recognition Plus Audio Video Graphics,69fdef7403a2257cd27da147,"3rd698 - 40 Hi Center {Midwest Ketter Investments, LLC}",evidenceOfInsurance,Evidence of Insurance,excessOrUmbrellaLiability,Umbrella/Excess Liability,evidenceOfInsuranceExcessOrUmbrellaLiabilityOccurence,Coverage Trigger: Occurrence,,matchOnce,must be present,,Present,compliant,Block Requirements,,,false,1,,2026-08-16
"Block Real Estate Services, LLC",69fdf75c62446148bd855f5f,69fded0e62446148bd848bad,Recognition Plus Audio Video Graphics,69fdef7403a2257cd27da147,"3rd698 - 40 Hi Center {Midwest Ketter Investments, LLC}",evidenceOfInsurance,Evidence of Insurance,excessOrUmbrellaLiability,Umbrella/Excess Liability,evidenceOfInsuranceExcessOrUmbrellaLiabilityEachOccurrence,Each Occurrence,,matchOnce,must be greater or equal to,1000000,1000000,compliant,Block Requirements,,,false,1,,2026-08-16
"Block Real Estate Services, LLC",69fdf75c62446148bd855f5f,69fded0e62446148bd848bad,Recognition Plus Audio Video Graphics,69fdef7403a2257cd27da147,"3rd698 - 40 Hi Center {Midwest Ketter Investments, LLC}",evidenceOfInsurance,Evidence of Insurance,excessOrUmbrellaLiability,Umbrella/Excess Liability,evidenceOfInsuranceExcessOrUmbrellaLiabilityAggregate,Aggregate,,matchOnce,must be greater or equal to,1000000,1000000,compliant,Block Requirements,,,false,1,,2026-08-16
"Block Real Estate Services, LLC",69fdf75c62446148bd855f5f,69fded0e62446148bd848bad,Recognition Plus Audio Video Graphics,69fdef7403a2257cd27da147,"3rd698 - 40 Hi Center {Midwest Ketter Investments, LLC}",evidenceOfInsurance,Evidence of Insurance,workersCompensation,Workers' Compensation and Employer's Liability,evidenceOfInsuranceWorkersCompensationStatutoryLimits,Statutory Limits,,matchOnce,must be present,,,non_compliant,Block Requirements,,,false,0,,2026-08-16
"Block Real Estate Services, LLC",69fdf75c62446148bd855f5f,69fded0e62446148bd848bad,Recognition Plus Audio Video Graphics,69fdef7403a2257cd27da147,"3rd698 - 40 Hi Center {Midwest Ketter Investments, LLC}",evidenceOfInsurance,Evidence of Insurance,workersCompensation,Workers' Compensation and Employer's Liability,evidenceOfInsuranceWorkersCompensationEmployersLiabilityEachAccident,Employer's Liability Each Accident,,matchOnce,must be greater or equal to,500000,,non_compliant,Block Requirements,,,false,0,,2026-08-16
"Block Real Estate Services, LLC",69fdf75c62446148bd855f5f,69fded0e62446148bd848bad,Recognition Plus Audio Video Graphics,69fdef7403a2257cd27da147,"3rd698 - 40 Hi Center {Midwest Ketter Investments, LLC}",evidenceOfInsurance,Evidence of Insurance,workersCompensation,Workers' Compensation and Employer's Liability,evidenceOfInsuranceWorkersCompensationEmployersLiabilityDiseaseEachEmployee,Employer's Liability Disease - each employee,,matchOnce,must be greater or equal to,500000,,non_compliant,Block Requirements,,,false,0,,2026-08-16
"Block Real Estate Services, LLC",69fdf75c62446148bd855f5f,69fded0e62446148bd848bad,Recognition Plus Audio Video Graphics,69fdef7403a2257cd27da147,"3rd698 - 40 Hi Center {Midwest Ketter Investments, LLC}",evidenceOfInsurance,Evidence of Insurance,workersCompensation,Workers' Compensation and Employer's Liability,evidenceOfInsuranceWorkersCompensationEmployersLiabilityDiseasePolicyLimit,Employer's Liability Disease - policy limit,,matchOnce,must be greater or equal to,500000,,non_compliant,Block Requirements,,,false,0,,2026-08-16
"Block Real Estate Services, LLC",69fdf75c62446148bd855f5f,69fded0e62446148bd848bad,Recognition Plus Audio Video Graphics,69fdef7403a2257cd27da147,"3rd698 - 40 Hi Center {Midwest Ketter Investments, LLC}",evidenceOfInsurance,Evidence of Insurance,workersCompensation,Workers' Compensation and Employer's Liability,evidenceOfInsuranceWorkersCompensationWaiverOfSubrogationEndorsement,Waiver of Subrogation,"---prompt---
Determine if the insurer has waived their right of subrogation in favor of the certificate holder under the Workers' Compensation policy. Evidence may include: a checked ""Waiver of Subrogation"" box on the certificate, mention in the Description of Operations section stating ""waiver of subrogation applies"", or reference to form WC 00 03 13. Look for language like ""subrogation is waived"" or ""per written contract"".",matchOnce,must be present,,,non_compliant,Block Requirements,,,false,0,,2026-08-16
"Block Real Estate Services, LLC",69fdf75c62446148bd855f5f,69fded0e62446148bd848bad,Recognition Plus Audio Video Graphics,69fdef7403a2257cd27da147,"3rd698 - 40 Hi Center {Midwest Ketter Investments, LLC}",evidenceOfInsurance,Evidence of Insurance,6ac20aae-5728-5d57-b364-aeba38527dba,Additional Requirements,4da5b0f1-4c9d-5885-8cf8-5d3cccaed3e0,"Block Real Estate Services, LLC and all others required by contract are named as Additional Insureds","---prompt---
Determine if the Description of Operations or the Additional Remarks Schedule section states the ""Additional Insured as Construction Management, Inc. and all others required by contract"" or reference to blanket additional insured coverage. Look for language like ""certificate holder is additional insured"" or ""per written contract"".",matchOnce,must be present,,,non_compliant,Block Requirements,,,true,0,,2026-08-16
"Block Real Estate Services, LLC",69fdf75c62446148bd855f5f,69fded0e62446148bd848bad,Recognition Plus Audio Video Graphics,69fdef7403a2257cd27da147,"3rd698 - 40 Hi Center {Midwest Ketter Investments, LLC}",evidenceOfInsurance,Evidence of Insurance,6ac20aae-5728-5d57-b364-aeba38527dba,Additional Requirements,e1017741-e47e-5f58-97b8-fbc3043e919f,Umbrella follows form over General Liability,"---prompt---
Determine if the Umbrella/Excess Liability policy follows form to the underlying policies. Evidence may include: language in the Description of Operations section stating the umbrella follows form to underlying coverages or an additional page endorsement stating that it follows form. Follow form means the umbrella policy adopts the same terms, conditions, and exclusions as the underlying policies.",matchOnce,must be present,,,non_compliant,Block Requirements,,,true,0,,2026-08-16
"Block Real Estate Services, LLC",69fdf75c62446148bd855f5f,69fded0e62446148bd848bad,Recognition Plus Audio Video Graphics,69fdef7403a2257cd27da147,"3rd698 - 40 Hi Center {Midwest Ketter Investments, LLC}",evidenceOfInsurance,Evidence of Insurance,6ac20aae-5728-5d57-b364-aeba38527dba,Additional Requirements,2cdd866f-c9a4-576a-afd8-1d045762790c,"The location must be listed as: 17501: 219, 220 E. US 40 Highway, Independence, MO, 64055",,matchOnce,must be present,,,non_compliant,Block Requirements,,,true,0,,2026-08-16
"Block Real Estate Services, LLC",69fdf75c62446148bd855f5f,69fded0e62446148bd848bad,Recognition Plus Audio Video Graphics,69fdef7403a2257cd27da147,"3rd698 - 40 Hi Center {Midwest Ketter Investments, LLC}",evidenceOfInsurance,Evidence of Insurance,6ac20aae-5728-5d57-b364-aeba38527dba,Additional Requirements,3649e9d1-4e09-59bf-8f30-cb33c40cf117,"Certificate Holder must read: c/o Block Real Estate Services, LLC, 4622 Pennsylvania St., Suite 700, Kansas City, MO, 64112",,matchOnce,must be present,,Present,compliant,Block Requirements,,,true,1,,2026-08-16
"Block Real Estate Services, LLC",69fdf75c62446148bd855f65,69fded1b62446148bd848fb8,MIdwest Model Railroad LLC,69fdef7403a2257cd27da147,"3rd698 - 40 Hi Center {Midwest Ketter Investments, LLC}",evidenceOfInsurance,Evidence of Insurance,commercialGeneralLiability,Commercial General Liability,evidenceOfInsuranceCommercialGeneralLiabilityCoverageTriggerOccurrence,Coverage Trigger: Occurrence,,matchOnce,must be present,,Present,compliant,Block Requirements,,,false,1,,2026-08-16
"Block Real Estate Services, LLC",69fdf75c62446148bd855f65,69fded1b62446148bd848fb8,MIdwest Model Railroad LLC,69fdef7403a2257cd27da147,"3rd698 - 40 Hi Center {Midwest Ketter Investments, LLC}",evidenceOfInsurance,Evidence of Insurance,commercialGeneralLiability,Commercial General Liability,evidenceOfInsuranceCommercialGeneralLiabilityGeneralAggregateLimitAppliesPerLocation,General Aggregate Limit Applies per: Location,,matchOnce,must be present,,,non_compliant,Block Requirements,,,false,0,,2026-08-16
"Block Real Estate Services, LLC",69fdf75c62446148bd855f65,69fded1b62446148bd848fb8,MIdwest Model Railroad LLC,69fdef7403a2257cd27da147,"3rd698 - 40 Hi Center {Midwest Ketter Investments, LLC}",evidenceOfInsurance,Evidence of Insurance,commercialGeneralLiability,Commercial General Liability,evidenceOfInsuranceCommercialGeneralLiabilityEachOccurrence,Each Occurrence,,matchOnce,must be greater or equal to,1000000,1000000,compliant,Block Requirements,,,false,1,,2026-08-16
"Block Real Estate Services, LLC",69fdf75c62446148bd855f65,69fded1b62446148bd848fb8,MIdwest Model Railroad LLC,69fdef7403a2257cd27da147,"3rd698 - 40 Hi Center {Midwest Ketter Investments, LLC}",evidenceOfInsurance,Evidence of Insurance,commercialGeneralLiability,Commercial General Liability,evidenceOfInsuranceCommercialGeneralLiabilityGeneralAggregate,General Aggregate,,matchOnce,must be greater or equal to,2000000,2000000,compliant,Block Requirements,,,false,1,,2026-08-16
"Block Real Estate Services, LLC",69fdf75c62446148bd855f65,69fded1b62446148bd848fb8,MIdwest Model Railroad LLC,69fdef7403a2257cd27da147,"3rd698 - 40 Hi Center {Midwest Ketter Investments, LLC}",evidenceOfInsurance,Evidence of Insurance,commercialGeneralLiability,Commercial General Liability,evidenceOfInsuranceCommercialGeneralLiabilityWaiverOfSubrogationEndorsement,Waiver of Subrogation,"---prompt---
Determine if the insurer has waived their right of subrogation in favor of the certificate holder under the Commercial General Liability policy. Evidence may include: a checked ""Waiver of Subrogation"" box on the certificate, mention in the Description of Operations section stating ""waiver of subrogation applies"", or reference to form CG 24 04. Look for language like ""subrogation is waived"" or ""per written contract"".",matchOnce,must be present,,,non_compliant,Block Requirements,,,false,0,,2026-08-16
"Block Real Estate Services, LLC",69fdf75c62446148bd855f65,69fded1b62446148bd848fb8,MIdwest Model Railroad LLC,69fdef7403a2257cd27da147,"3rd698 - 40 Hi Center {Midwest Ketter Investments, LLC}",evidenceOfInsurance,Evidence of Insurance,excessOrUmbrellaLiability,Umbrella/Excess Liability,evidenceOfInsuranceExcessOrUmbrellaLiabilityOccurence,Coverage Trigger: Occurrence,,matchOnce,must be present,,,non_compliant,Block Requirements,,,false,0,,2026-08-16
"Block Real Estate Services, LLC",69fdf75c62446148bd855f65,69fded1b62446148bd848fb8,MIdwest Model Railroad LLC,69fdef7403a2257cd27da147,"3rd698 - 40 Hi Center {Midwest Ketter Investments, LLC}",evidenceOfInsurance,Evidence of Insurance,excessOrUmbrellaLiability,Umbrella/Excess Liability,evidenceOfInsuranceExcessOrUmbrellaLiabilityEachOccurrence,Each Occurrence,,matchOnce,must be greater or equal to,1000000,,non_compliant,Block Requirements,,,false,0,,2026-08-16
"Block Real Estate Services, LLC",69fdf75c62446148bd855f65,69fded1b62446148bd848fb8,MIdwest Model Railroad LLC,69fdef7403a2257cd27da147,"3rd698 - 40 Hi Center {Midwest Ketter Investments, LLC}",evidenceOfInsurance,Evidence of Insurance,excessOrUmbrellaLiability,Umbrella/Excess Liability,evidenceOfInsuranceExcessOrUmbrellaLiabilityAggregate,Aggregate,,matchOnce,must be greater or equal to,1000000,,non_compliant,Block Requirements,,,false,0,,2026-08-16
"Block Real Estate Services, LLC",69fdf75c62446148bd855f65,69fded1b62446148bd848fb8,MIdwest Model Railroad LLC,69fdef7403a2257cd27da147,"3rd698 - 40 Hi Center {Midwest Ketter Investments, LLC}",evidenceOfInsurance,Evidence of Insurance,workersCompensation,Workers' Compensation and Employer's Liability,evidenceOfInsuranceWorkersCompensationStatutoryLimits,Statutory Limits,,matchOnce,must be present,,,non_compliant,Block Requirements,,,false,0,,2026-08-16
"Block Real Estate Services, LLC",69fdf75c62446148bd855f65,69fded1b62446148bd848fb8,MIdwest Model Railroad LLC,69fdef7403a2257cd27da147,"3rd698 - 40 Hi Center {Midwest Ketter Investments, LLC}",evidenceOfInsurance,Evidence of Insurance,workersCompensation,Workers' Compensation and Employer's Liability,evidenceOfInsuranceWorkersCompensationEmployersLiabilityEachAccident,Employer's Liability Each Accident,,matchOnce,must be greater or equal to,500000,,non_compliant,Block Requirements,,,false,0,,2026-08-16
"Block Real Estate Services, LLC",69fdf75c62446148bd855f65,69fded1b62446148bd848fb8,MIdwest Model Railroad LLC,69fdef7403a2257cd27da147,"3rd698 - 40 Hi Center {Midwest Ketter Investments, LLC}",evidenceOfInsurance,Evidence of Insurance,workersCompensation,Workers' Compensation and Employer's Liability,evidenceOfInsuranceWorkersCompensationEmployersLiabilityDiseaseEachEmployee,Employer's Liability Disease - each employee,,matchOnce,must be greater or equal to,500000,,non_compliant,Block Requirements,,,false,0,,2026-08-16
"Block Real Estate Services, LLC",69fdf75c62446148bd855f65,69fded1b62446148bd848fb8,MIdwest Model Railroad LLC,69fdef7403a2257cd27da147,"3rd698 - 40 Hi Center {Midwest Ketter Investments, LLC}",evidenceOfInsurance,Evidence of Insurance,workersCompensation,Workers' Compensation and Employer's Liability,evidenceOfInsuranceWorkersCompensationEmployersLiabilityDiseasePolicyLimit,Employer's Liability Disease - policy limit,,matchOnce,must be greater or equal to,500000,,non_compliant,Block Requirements,,,false,0,,2026-08-16
"Block Real Estate Services, LLC",69fdf75c62446148bd855f65,69fded1b62446148bd848fb8,MIdwest Model Railroad LLC,69fdef7403a2257cd27da147,"3rd698 - 40 Hi Center {Midwest Ketter Investments, LLC}",evidenceOfInsurance,Evidence of Insurance,workersCompensation,Workers' Compensation and Employer's Liability,evidenceOfInsuranceWorkersCompensationWaiverOfSubrogationEndorsement,Waiver of Subrogation,"---prompt---
Determine if the insurer has waived their right of subrogation in favor of the certificate holder under the Workers' Compensation policy. Evidence may include: a checked ""Waiver of Subrogation"" box on the certificate, mention in the Description of Operations section stating ""waiver of subrogation applies"", or reference to form WC 00 03 13. Look for language like ""subrogation is waived"" or ""per written contract"".",matchOnce,must be present,,,non_compliant,Block Requirements,,,false,0,,2026-08-16
"Block Real Estate Services, LLC",69fdf75c62446148bd855f65,69fded1b62446148bd848fb8,MIdwest Model Railroad LLC,69fdef7403a2257cd27da147,"3rd698 - 40 Hi Center {Midwest Ketter Investments, LLC}",evidenceOfInsurance,Evidence of Insurance,6ac20aae-5728-5d57-b364-aeba38527dba,Additional Requirements,4da5b0f1-4c9d-5885-8cf8-5d3cccaed3e0,"Block Real Estate Services, LLC and all others required by contract are named as Additional Insureds","---prompt---
Determine if the Description of Operations or the Additional Remarks Schedule section states the ""Additional Insured as Construction Management, Inc. and all others required by contract"" or reference to blanket additional insured coverage. Look for language like ""certificate holder is additional insured"" or ""per written contract"".",matchOnce,must be present,,,non_compliant,Block Requirements,,,true,0,,2026-08-16
"Block Real Estate Services, LLC",69fdf75c62446148bd855f65,69fded1b62446148bd848fb8,MIdwest Model Railroad LLC,69fdef7403a2257cd27da147,"3rd698 - 40 Hi Center {Midwest Ketter Investments, LLC}",evidenceOfInsurance,Evidence of Insurance,6ac20aae-5728-5d57-b364-aeba38527dba,Additional Requirements,e1017741-e47e-5f58-97b8-fbc3043e919f,Umbrella follows form over General Liability,"---prompt---
Determine if the Umbrella/Excess Liability policy follows form to the underlying policies. Evidence may include: language in the Description of Operations section stating the umbrella follows form to underlying coverages or an additional page endorsement stating that it follows form. Follow form means the umbrella policy adopts the same terms, conditions, and exclusions as the underlying policies.",matchOnce,must be present,,,non_compliant,Block Requirements,,,true,0,,2026-08-16
"Block Real Estate Services, LLC",69fdf75c62446148bd855f65,69fded1b62446148bd848fb8,MIdwest Model Railroad LLC,69fdef7403a2257cd27da147,"3rd698 - 40 Hi Center {Midwest Ketter Investments, LLC}",evidenceOfInsurance,Evidence of Insurance,6ac20aae-5728-5d57-b364-aeba38527dba,Additional Requirements,2cdd866f-c9a4-576a-afd8-1d045762790c,"The location must be listed as: 17301: 107, 109, 110 E. US 40 Highway, Independence, MO, 64055",,matchOnce,must be present,,,non_compliant,Block Requirements,,,true,0,,2026-08-16
"Block Real Estate Services, LLC",69fdf75c62446148bd855f65,69fded1b62446148bd848fb8,MIdwest Model Railroad LLC,69fdef7403a2257cd27da147,"3rd698 - 40 Hi Center {Midwest Ketter Investments, LLC}",evidenceOfInsurance,Evidence of Insurance,6ac20aae-5728-5d57-b364-aeba38527dba,Additional Requirements,3649e9d1-4e09-59bf-8f30-cb33c40cf117,"Certificate Holder must read: c/o Block Real Estate Services, LLC, 4622 Pennsylvania St., Suite 700, Kansas City, MO, 64112",,matchOnce,must be present,,,non_compliant,Block Requirements,,,true,0,,2026-08-16
"Block Real Estate Services, LLC",69fdf75c62446148bd855f5d,69fded0e62446148bd848b9b,Aspire Wealth Management LLC,69fdef7403a2257cd27da147,"3rd698 - 40 Hi Center {Midwest Ketter Investments, LLC}",evidenceOfInsurance,Evidence of Insurance,commercialGeneralLiability,Commercial General Liability,evidenceOfInsuranceCommercialGeneralLiabilityCoverageTriggerOccurrence,Coverage Trigger: Occurrence,,matchOnce,must be present,,Present,compliant,Block Requirements,,,false,1,,2026-08-16
"Block Real Estate Services, LLC",69fdf75c62446148bd855f5d,69fded0e62446148bd848b9b,Aspire Wealth Management LLC,69fdef7403a2257cd27da147,"3rd698 - 40 Hi Center {Midwest Ketter Investments, LLC}",evidenceOfInsurance,Evidence of Insurance,commercialGeneralLiability,Commercial General Liability,evidenceOfInsuranceCommercialGeneralLiabilityGeneralAggregateLimitAppliesPerLocation,General Aggregate Limit Applies per: Location,,matchOnce,must be present,,Present,compliant,Block Requirements,,,false,1,,2026-08-16
"Block Real Estate Services, LLC",69fdf75c62446148bd855f5d,69fded0e62446148bd848b9b,Aspire Wealth Management LLC,69fdef7403a2257cd27da147,"3rd698 - 40 Hi Center {Midwest Ketter Investments, LLC}",evidenceOfInsurance,Evidence of Insurance,commercialGeneralLiability,Commercial General Liability,evidenceOfInsuranceCommercialGeneralLiabilityEachOccurrence,Each Occurrence,,matchOnce,must be greater or equal to,1000000,1000000,compliant,Block Requirements,,,false,1,,2026-08-16
"Block Real Estate Services, LLC",69fdf75c62446148bd855f5d,69fded0e62446148bd848b9b,Aspire Wealth Management LLC,69fdef7403a2257cd27da147,"3rd698 - 40 Hi Center {Midwest Ketter Investments, LLC}",evidenceOfInsurance,Evidence of Insurance,commercialGeneralLiability,Commercial General Liability,evidenceOfInsuranceCommercialGeneralLiabilityGeneralAggregate,General Aggregate,,matchOnce,must be greater or equal to,2000000,2000000,compliant,Block Requirements,,,false,1,,2026-08-16
"Block Real Estate Services, LLC",69fdf75c62446148bd855f5d,69fded0e62446148bd848b9b,Aspire Wealth Management LLC,69fdef7403a2257cd27da147,"3rd698 - 40 Hi Center {Midwest Ketter Investments, LLC}",evidenceOfInsurance,Evidence of Insurance,commercialGeneralLiability,Commercial General Liability,evidenceOfInsuranceCommercialGeneralLiabilityWaiverOfSubrogationEndorsement,Waiver of Subrogation,"---prompt---
Determine if the insurer has waived their right of subrogation in favor of the certificate holder under the Commercial General Liability policy. Evidence may include: a checked ""Waiver of Subrogation"" box on the certificate, mention in the Description of Operations section stating ""waiver of subrogation applies"", or reference to form CG 24 04. Look for language like ""subrogation is waived"" or ""per written contract"".",matchOnce,must be present,,Present,compliant,Block Requirements,,,false,1,,2026-08-16
"Block Real Estate Services, LLC",69fdf75c62446148bd855f5d,69fded0e62446148bd848b9b,Aspire Wealth Management LLC,69fdef7403a2257cd27da147,"3rd698 - 40 Hi Center {Midwest Ketter Investments, LLC}",evidenceOfInsurance,Evidence of Insurance,excessOrUmbrellaLiability,Umbrella/Excess Liability,evidenceOfInsuranceExcessOrUmbrellaLiabilityOccurence,Coverage Trigger: Occurrence,,matchOnce,must be present,,Present,compliant,Block Requirements,,,false,1,,2026-08-16
"Block Real Estate Services, LLC",69fdf75c62446148bd855f5d,69fded0e62446148bd848b9b,Aspire Wealth Management LLC,69fdef7403a2257cd27da147,"3rd698 - 40 Hi Center {Midwest Ketter Investments, LLC}",evidenceOfInsurance,Evidence of Insurance,excessOrUmbrellaLiability,Umbrella/Excess Liability,evidenceOfInsuranceExcessOrUmbrellaLiabilityEachOccurrence,Each Occurrence,,matchOnce,must be greater or equal to,1000000,1000000,compliant,Block Requirements,,,false,1,,2026-08-16
"Block Real Estate Services, LLC",69fdf75c62446148bd855f5d,69fded0e62446148bd848b9b,Aspire Wealth Management LLC,69fdef7403a2257cd27da147,"3rd698 - 40 Hi Center {Midwest Ketter Investments, LLC}",evidenceOfInsurance,Evidence of Insurance,excessOrUmbrellaLiability,Umbrella/Excess Liability,evidenceOfInsuranceExcessOrUmbrellaLiabilityAggregate,Aggregate,,matchOnce,must be greater or equal to,1000000,1000000,compliant,Block Requirements,,,false,1,,2026-08-16
"Block Real Estate Services, LLC",69fdf75c62446148bd855f5d,69fded0e62446148bd848b9b,Aspire Wealth Management LLC,69fdef7403a2257cd27da147,"3rd698 - 40 Hi Center {Midwest Ketter Investments, LLC}",evidenceOfInsurance,Evidence of Insurance,workersCompensation,Workers' Compensation and Employer's Liability,evidenceOfInsuranceWorkersCompensationStatutoryLimits,Statutory Limits,,matchOnce,must be present,,,overridden,Block Requirements,,,false,0,,2026-08-16
"Block Real Estate Services, LLC",69fdf75c62446148bd855f5d,69fded0e62446148bd848b9b,Aspire Wealth Management LLC,69fdef7403a2257cd27da147,"3rd698 - 40 Hi Center {Midwest Ketter Investments, LLC}",evidenceOfInsurance,Evidence of Insurance,workersCompensation,Workers' Compensation and Employer's Liability,evidenceOfInsuranceWorkersCompensationEmployersLiabilityEachAccident,Employer's Liability Each Accident,,matchOnce,must be greater or equal to,500000,,overridden,Block Requirements,,,false,0,,2026-08-16
"Block Real Estate Services, LLC",69fdf75c62446148bd855f5d,69fded0e62446148bd848b9b,Aspire Wealth Management LLC,69fdef7403a2257cd27da147,"3rd698 - 40 Hi Center {Midwest Ketter Investments, LLC}",evidenceOfInsurance,Evidence of Insurance,workersCompensation,Workers' Compensation and Employer's Liability,evidenceOfInsuranceWorkersCompensationEmployersLiabilityDiseaseEachEmployee,Employer's Liability Disease - each employee,,matchOnce,must be greater or equal to,500000,,overridden,Block Requirements,,,false,0,,2026-08-16
"Block Real Estate Services, LLC",69fdf75c62446148bd855f5d,69fded0e62446148bd848b9b,Aspire Wealth Management LLC,69fdef7403a2257cd27da147,"3rd698 - 40 Hi Center {Midwest Ketter Investments, LLC}",evidenceOfInsurance,Evidence of Insurance,workersCompensation,Workers' Compensation and Employer's Liability,evidenceOfInsuranceWorkersCompensationEmployersLiabilityDiseasePolicyLimit,Employer's Liability Disease - policy limit,,matchOnce,must be greater or equal to,500000,,overridden,Block Requirements,,,false,0,,2026-08-16
"Block Real Estate Services, LLC",69fdf75c62446148bd855f5d,69fded0e62446148bd848b9b,Aspire Wealth Management LLC,69fdef7403a2257cd27da147,"3rd698 - 40 Hi Center {Midwest Ketter Investments, LLC}",evidenceOfInsurance,Evidence of Insurance,workersCompensation,Workers' Compensation and Employer's Liability,evidenceOfInsuranceWorkersCompensationWaiverOfSubrogationEndorsement,Waiver of Subrogation,"---prompt---
Determine if the insurer has waived their right of subrogation in favor of the certificate holder under the Workers' Compensation policy. Evidence may include: a checked ""Waiver of Subrogation"" box on the certificate, mention in the Description of Operations section stating ""waiver of subrogation applies"", or reference to form WC 00 03 13. Look for language like ""subrogation is waived"" or ""per written contract"".",matchOnce,must be present,,,overridden,Block Requirements,,,false,0,,2026-08-16
"Block Real Estate Services, LLC",69fdf75c62446148bd855f5d,69fded0e62446148bd848b9b,Aspire Wealth Management LLC,69fdef7403a2257cd27da147,"3rd698 - 40 Hi Center {Midwest Ketter Investments, LLC}",evidenceOfInsurance,Evidence of Insurance,6ac20aae-5728-5d57-b364-aeba38527dba,Additional Requirements,4da5b0f1-4c9d-5885-8cf8-5d3cccaed3e0,"Block Real Estate Services, LLC and all others required by contract are named as Additional Insureds","---prompt---
Determine if the Description of Operations or the Additional Remarks Schedule section states the ""Additional Insured as Construction Management, Inc. and all others required by contract"" or reference to blanket additional insured coverage. Look for language like ""certificate holder is additional insured"" or ""per written contract"".",matchOnce,must be present,,Present,compliant,Block Requirements,,,true,1,,2026-08-16
"Block Real Estate Services, LLC",69fdf75c62446148bd855f5d,69fded0e62446148bd848b9b,Aspire Wealth Management LLC,69fdef7403a2257cd27da147,"3rd698 - 40 Hi Center {Midwest Ketter Investments, LLC}",evidenceOfInsurance,Evidence of Insurance,6ac20aae-5728-5d57-b364-aeba38527dba,Additional Requirements,e1017741-e47e-5f58-97b8-fbc3043e919f,Umbrella follows form over General Liability,"---prompt---
Determine if the Umbrella/Excess Liability policy follows form to the underlying policies. Evidence may include: language in the Description of Operations section stating the umbrella follows form to underlying coverages or an additional page endorsement stating that it follows form. Follow form means the umbrella policy adopts the same terms, conditions, and exclusions as the underlying policies.",matchOnce,must be present,,Present,compliant,Block Requirements,,,true,1,,2026-08-16
"Block Real Estate Services, LLC",69fdf75c62446148bd855f5d,69fded0e62446148bd848b9b,Aspire Wealth Management LLC,69fdef7403a2257cd27da147,"3rd698 - 40 Hi Center {Midwest Ketter Investments, LLC}",evidenceOfInsurance,Evidence of Insurance,6ac20aae-5728-5d57-b364-aeba38527dba,Additional Requirements,2cdd866f-c9a4-576a-afd8-1d045762790c,"The location must be listed as: 17331: 101 E. US 40 Highway, Independence, MO, 64055",,matchOnce,must be present,,Present,compliant,Block Requirements,,,true,1,,2026-08-16
"Block Real Estate Services, LLC",69fdf75c62446148bd855f5d,69fded0e62446148bd848b9b,Aspire Wealth Management LLC,69fdef7403a2257cd27da147,"3rd698 - 40 Hi Center {Midwest Ketter Investments, LLC}",evidenceOfInsurance,Evidence of Insurance,6ac20aae-5728-5d57-b364-aeba38527dba,Additional Requirements,3649e9d1-4e09-59bf-8f30-cb33c40cf117,"Certificate Holder must read: c/o Block Real Estate Services, LLC, 4622 Pennsylvania St., Suite 700, Kansas City, MO, 64112",,matchOnce,must be present,,Present,compliant,Block Requirements,,,true,1,,2026-08-16
"Block Real Estate Services, LLC",69fdf75c62446148bd855f62,69fded1662446148bd848e29,Internal Revenue Service / Government Services Administration (GSA),69fdef7403a2257cd27da147,"3rd698 - 40 Hi Center {Midwest Ketter Investments, LLC}",evidenceOfInsurance,Evidence of Insurance,commercialGeneralLiability,Commercial General Liability,evidenceOfInsuranceCommercialGeneralLiabilityCoverageTriggerOccurrence,Coverage Trigger: Occurrence,,matchOnce,must be present,,,non_compliant,Block Requirements,,,false,0,,2026-08-16
"Block Real Estate Services, LLC",69fdf75c62446148bd855f62,69fded1662446148bd848e29,Internal Revenue Service / Government Services Administration (GSA),69fdef7403a2257cd27da147,"3rd698 - 40 Hi Center {Midwest Ketter Investments, LLC}",evidenceOfInsurance,Evidence of Insurance,commercialGeneralLiability,Commercial General Liability,evidenceOfInsuranceCommercialGeneralLiabilityGeneralAggregateLimitAppliesPerLocation,General Aggregate Limit Applies per: Location,,matchOnce,must be present,,,non_compliant,Block Requirements,,,false,0,,2026-08-16
"Block Real Estate Services, LLC",69fdf75c62446148bd855f62,69fded1662446148bd848e29,Internal Revenue Service / Government Services Administration (GSA),69fdef7403a2257cd27da147,"3rd698 - 40 Hi Center {Midwest Ketter Investments, LLC}",evidenceOfInsurance,Evidence of Insurance,commercialGeneralLiability,Commercial General Liability,evidenceOfInsuranceCommercialGeneralLiabilityEachOccurrence,Each Occurrence,,matchOnce,must be greater or equal to,1000000,,non_compliant,Block Requirements,,,false,0,,2026-08-16
"Block Real Estate Services, LLC",69fdf75c62446148bd855f62,69fded1662446148bd848e29,Internal Revenue Service / Government Services Administration (GSA),69fdef7403a2257cd27da147,"3rd698 - 40 Hi Center {Midwest Ketter Investments, LLC}",evidenceOfInsurance,Evidence of Insurance,commercialGeneralLiability,Commercial General Liability,evidenceOfInsuranceCommercialGeneralLiabilityGeneralAggregate,General Aggregate,,matchOnce,must be greater or equal to,2000000,,non_compliant,Block Requirements,,,false,0,,2026-08-16
"Block Real Estate Services, LLC",69fdf75c62446148bd855f62,69fded1662446148bd848e29,Internal Revenue Service / Government Services Administration (GSA),69fdef7403a2257cd27da147,"3rd698 - 40 Hi Center {Midwest Ketter Investments, LLC}",evidenceOfInsurance,Evidence of Insurance,commercialGeneralLiability,Commercial General Liability,evidenceOfInsuranceCommercialGeneralLiabilityWaiverOfSubrogationEndorsement,Waiver of Subrogation,"---prompt---
Determine if the insurer has waived their right of subrogation in favor of the certificate holder under the Commercial General Liability policy. Evidence may include: a checked ""Waiver of Subrogation"" box on the certificate, mention in the Description of Operations section stating ""waiver of subrogation applies"", or reference to form CG 24 04. Look for language like ""subrogation is waived"" or ""per written contract"".",matchOnce,must be present,,,non_compliant,Block Requirements,,,false,0,,2026-08-16
"Block Real Estate Services, LLC",69fdf75c62446148bd855f62,69fded1662446148bd848e29,Internal Revenue Service / Government Services Administration (GSA),69fdef7403a2257cd27da147,"3rd698 - 40 Hi Center {Midwest Ketter Investments, LLC}",evidenceOfInsurance,Evidence of Insurance,excessOrUmbrellaLiability,Umbrella/Excess Liability,evidenceOfInsuranceExcessOrUmbrellaLiabilityOccurence,Coverage Trigger: Occurrence,,matchOnce,must be present,,,non_compliant,Block Requirements,,,false,0,,2026-08-16
"Block Real Estate Services, LLC",69fdf75c62446148bd855f62,69fded1662446148bd848e29,Internal Revenue Service / Government Services Administration (GSA),69fdef7403a2257cd27da147,"3rd698 - 40 Hi Center {Midwest Ketter Investments, LLC}",evidenceOfInsurance,Evidence of Insurance,excessOrUmbrellaLiability,Umbrella/Excess Liability,evidenceOfInsuranceExcessOrUmbrellaLiabilityEachOccurrence,Each Occurrence,,matchOnce,must be greater or equal to,1000000,,non_compliant,Block Requirements,,,false,0,,2026-08-16
"Block Real Estate Services, LLC",69fdf75c62446148bd855f62,69fded1662446148bd848e29,Internal Revenue Service / Government Services Administration (GSA),69fdef7403a2257cd27da147,"3rd698 - 40 Hi Center {Midwest Ketter Investments, LLC}",evidenceOfInsurance,Evidence of Insurance,excessOrUmbrellaLiability,Umbrella/Excess Liability,evidenceOfInsuranceExcessOrUmbrellaLiabilityAggregate,Aggregate,,matchOnce,must be greater or equal to,1000000,,non_compliant,Block Requirements,,,false,0,,2026-08-16
"Block Real Estate Services, LLC",69fdf75c62446148bd855f62,69fded1662446148bd848e29,Internal Revenue Service / Government Services Administration (GSA),69fdef7403a2257cd27da147,"3rd698 - 40 Hi Center {Midwest Ketter Investments, LLC}",evidenceOfInsurance,Evidence of Insurance,workersCompensation,Workers' Compensation and Employer's Liability,evidenceOfInsuranceWorkersCompensationStatutoryLimits,Statutory Limits,,matchOnce,must be present,,,non_compliant,Block Requirements,,,false,0,,2026-08-16
"Block Real Estate Services, LLC",69fdf75c62446148bd855f62,69fded1662446148bd848e29,Internal Revenue Service / Government Services Administration (GSA),69fdef7403a2257cd27da147,"3rd698 - 40 Hi Center {Midwest Ketter Investments, LLC}",evidenceOfInsurance,Evidence of Insurance,workersCompensation,Workers' Compensation and Employer's Liability,evidenceOfInsuranceWorkersCompensationEmployersLiabilityEachAccident,Employer's Liability Each Accident,,matchOnce,must be greater or equal to,500000,,non_compliant,Block Requirements,,,false,0,,2026-08-16
"Block Real Estate Services, LLC",69fdf75c62446148bd855f62,69fded1662446148bd848e29,Internal Revenue Service / Government Services Administration (GSA),69fdef7403a2257cd27da147,"3rd698 - 40 Hi Center {Midwest Ketter Investments, LLC}",evidenceOfInsurance,Evidence of Insurance,workersCompensation,Workers' Compensation and Employer's Liability,evidenceOfInsuranceWorkersCompensationEmployersLiabilityDiseaseEachEmployee,Employer's Liability Disease - each employee,,matchOnce,must be greater or equal to,500000,,non_compliant,Block Requirements,,,false,0,,2026-08-16
"Block Real Estate Services, LLC",69fdf75c62446148bd855f62,69fded1662446148bd848e29,Internal Revenue Service / Government Services Administration (GSA),69fdef7403a2257cd27da147,"3rd698 - 40 Hi Center {Midwest Ketter Investments, LLC}",evidenceOfInsurance,Evidence of Insurance,workersCompensation,Workers' Compensation and Employer's Liability,evidenceOfInsuranceWorkersCompensationEmployersLiabilityDiseasePolicyLimit,Employer's Liability Disease - policy limit,,matchOnce,must be greater or equal to,500000,,non_compliant,Block Requirements,,,false,0,,2026-08-16
"Block Real Estate Services, LLC",69fdf75c62446148bd855f62,69fded1662446148bd848e29,Internal Revenue Service / Government Services Administration (GSA),69fdef7403a2257cd27da147,"3rd698 - 40 Hi Center {Midwest Ketter Investments, LLC}",evidenceOfInsurance,Evidence of Insurance,workersCompensation,Workers' Compensation and Employer's Liability,evidenceOfInsuranceWorkersCompensationWaiverOfSubrogationEndorsement,Waiver of Subrogation,"---prompt---
Determine if the insurer has waived their right of subrogation in favor of the certificate holder under the Workers' Compensation policy. Evidence may include: a checked ""Waiver of Subrogation"" box on the certificate, mention in the Description of Operations section stating ""waiver of subrogation applies"", or reference to form WC 00 03 13. Look for language like ""subrogation is waived"" or ""per written contract"".",matchOnce,must be present,,,non_compliant,Block Requirements,,,false,0,,2026-08-16
"Block Real Estate Services, LLC",69fdf75c62446148bd855f62,69fded1662446148bd848e29,Internal Revenue Service / Government Services Administration (GSA),69fdef7403a2257cd27da147,"3rd698 - 40 Hi Center {Midwest Ketter Investments, LLC}",evidenceOfInsurance,Evidence of Insurance,6ac20aae-5728-5d57-b364-aeba38527dba,Additional Requirements,4da5b0f1-4c9d-5885-8cf8-5d3cccaed3e0,"Block Real Estate Services, LLC and all others required by contract are named as Additional Insureds","---prompt---
Determine if the Description of Operations or the Additional Remarks Schedule section states the ""Additional Insured as Construction Management, Inc. and all others required by contract"" or reference to blanket additional insured coverage. Look for language like ""certificate holder is additional insured"" or ""per written contract"".",matchOnce,must be present,,,non_compliant,Block Requirements,,,true,0,,2026-08-16
"Block Real Estate Services, LLC",69fdf75c62446148bd855f62,69fded1662446148bd848e29,Internal Revenue Service / Government Services Administration (GSA),69fdef7403a2257cd27da147,"3rd698 - 40 Hi Center {Midwest Ketter Investments, LLC}",evidenceOfInsurance,Evidence of Insurance,6ac20aae-5728-5d57-b364-aeba38527dba,Additional Requirements,e1017741-e47e-5f58-97b8-fbc3043e919f,Umbrella follows form over General Liability,"---prompt---
Determine if the Umbrella/Excess Liability policy follows form to the underlying policies. Evidence may include: language in the Description of Operations section stating the umbrella follows form to underlying coverages or an additional page endorsement stating that it follows form. Follow form means the umbrella policy adopts the same terms, conditions, and exclusions as the underlying policies.",matchOnce,must be present,,,non_compliant,Block Requirements,,,true,0,,2026-08-16
"Block Real Estate Services, LLC",69fdf75c62446148bd855f62,69fded1662446148bd848e29,Internal Revenue Service / Government Services Administration (GSA),69fdef7403a2257cd27da147,"3rd698 - 40 Hi Center {Midwest Ketter Investments, LLC}",evidenceOfInsurance,Evidence of Insurance,6ac20aae-5728-5d57-b364-aeba38527dba,Additional Requirements,2cdd866f-c9a4-576a-afd8-1d045762790c,"The location must be listed as: 17501: 221 E. US 40 Highway, Independence, MO, 64055",,matchOnce,must be present,,,non_compliant,Block Requirements,,,true,0,,2026-08-16
"Block Real Estate Services, LLC",69fdf75c62446148bd855f62,69fded1662446148bd848e29,Internal Revenue Service / Government Services Administration (GSA),69fdef7403a2257cd27da147,"3rd698 - 40 Hi Center {Midwest Ketter Investments, LLC}",evidenceOfInsurance,Evidence of Insurance,6ac20aae-5728-5d57-b364-aeba38527dba,Additional Requirements,3649e9d1-4e09-59bf-8f30-cb33c40cf117,"Certificate Holder must read: c/o Block Real Estate Services, LLC, 4622 Pennsylvania St., Suite 700, Kansas City, MO, 64112",,matchOnce,must be present,,,non_compliant,Block Requirements,,,true,0,,2026-08-16
"Block Real Estate Services, LLC",69fdf75c62446148bd855f60,69fded1062446148bd848c61,Charles D Jones Company,69fdef7403a2257cd27da147,"3rd698 - 40 Hi Center {Midwest Ketter Investments, LLC}",evidenceOfInsurance,Evidence of Insurance,commercialGeneralLiability,Commercial General Liability,evidenceOfInsuranceCommercialGeneralLiabilityCoverageTriggerOccurrence,Coverage Trigger: Occurrence,,matchOnce,must be present,,,non_compliant,Block Requirements,,,false,0,,2026-08-16
"Block Real Estate Services, LLC",69fdf75c62446148bd855f60,69fded1062446148bd848c61,Charles D Jones Company,69fdef7403a2257cd27da147,"3rd698 - 40 Hi Center {Midwest Ketter Investments, LLC}",evidenceOfInsurance,Evidence of Insurance,commercialGeneralLiability,Commercial General Liability,evidenceOfInsuranceCommercialGeneralLiabilityGeneralAggregateLimitAppliesPerLocation,General Aggregate Limit Applies per: Location,,matchOnce,must be present,,,non_compliant,Block Requirements,,,false,0,,2026-08-16
"Block Real Estate Services, LLC",69fdf75c62446148bd855f60,69fded1062446148bd848c61,Charles D Jones Company,69fdef7403a2257cd27da147,"3rd698 - 40 Hi Center {Midwest Ketter Investments, LLC}",evidenceOfInsurance,Evidence of Insurance,commercialGeneralLiability,Commercial General Liability,evidenceOfInsuranceCommercialGeneralLiabilityEachOccurrence,Each Occurrence,,matchOnce,must be greater or equal to,1000000,,non_compliant,Block Requirements,,,false,0,,2026-08-16
"Block Real Estate Services, LLC",69fdf75c62446148bd855f60,69fded1062446148bd848c61,Charles D Jones Company,69fdef7403a2257cd27da147,"3rd698 - 40 Hi Center {Midwest Ketter Investments, LLC}",evidenceOfInsurance,Evidence of Insurance,commercialGeneralLiability,Commercial General Liability,evidenceOfInsuranceCommercialGeneralLiabilityGeneralAggregate,General Aggregate,,matchOnce,must be greater or equal to,2000000,,non_compliant,Block Requirements,,,false,0,,2026-08-16
"Block Real Estate Services, LLC",69fdf75c62446148bd855f60,69fded1062446148bd848c61,Charles D Jones Company,69fdef7403a2257cd27da147,"3rd698 - 40 Hi Center {Midwest Ketter Investments, LLC}",evidenceOfInsurance,Evidence of Insurance,commercialGeneralLiability,Commercial General Liability,evidenceOfInsuranceCommercialGeneralLiabilityWaiverOfSubrogationEndorsement,Waiver of Subrogation,"---prompt---
Determine if the insurer has waived their right of subrogation in favor of the certificate holder under the Commercial General Liability policy. Evidence may include: a checked ""Waiver of Subrogation"" box on the certificate, mention in the Description of Operations section stating ""waiver of subrogation applies"", or reference to form CG 24 04. Look for language like ""subrogation is waived"" or ""per written contract"".",matchOnce,must be present,,,non_compliant,Block Requirements,,,false,0,,2026-08-16
"Block Real Estate Services, LLC",69fdf75c62446148bd855f60,69fded1062446148bd848c61,Charles D Jones Company,69fdef7403a2257cd27da147,"3rd698 - 40 Hi Center {Midwest Ketter Investments, LLC}",evidenceOfInsurance,Evidence of Insurance,excessOrUmbrellaLiability,Umbrella/Excess Liability,evidenceOfInsuranceExcessOrUmbrellaLiabilityOccurence,Coverage Trigger: Occurrence,,matchOnce,must be present,,,non_compliant,Block Requirements,,,false,0,,2026-08-16
"Block Real Estate Services, LLC",69fdf75c62446148bd855f60,69fded1062446148bd848c61,Charles D Jones Company,69fdef7403a2257cd27da147,"3rd698 - 40 Hi Center {Midwest Ketter Investments, LLC}",evidenceOfInsurance,Evidence of Insurance,excessOrUmbrellaLiability,Umbrella/Excess Liability,evidenceOfInsuranceExcessOrUmbrellaLiabilityEachOccurrence,Each Occurrence,,matchOnce,must be greater or equal to,1000000,,non_compliant,Block Requirements,,,false,0,,2026-08-16
"Block Real Estate Services, LLC",69fdf75c62446148bd855f60,69fded1062446148bd848c61,Charles D Jones Company,69fdef7403a2257cd27da147,"3rd698 - 40 Hi Center {Midwest Ketter Investments, LLC}",evidenceOfInsurance,Evidence of Insurance,excessOrUmbrellaLiability,Umbrella/Excess Liability,evidenceOfInsuranceExcessOrUmbrellaLiabilityAggregate,Aggregate,,matchOnce,must be greater or equal to,1000000,,non_compliant,Block Requirements,,,false,0,,2026-08-16
"Block Real Estate Services, LLC",69fdf75c62446148bd855f60,69fded1062446148bd848c61,Charles D Jones Company,69fdef7403a2257cd27da147,"3rd698 - 40 Hi Center {Midwest Ketter Investments, LLC}",evidenceOfInsurance,Evidence of Insurance,workersCompensation,Workers' Compensation and Employer's Liability,evidenceOfInsuranceWorkersCompensationStatutoryLimits,Statutory Limits,,matchOnce,must be present,,,non_compliant,Block Requirements,,,false,0,,2026-08-16
"Block Real Estate Services, LLC",69fdf75c62446148bd855f60,69fded1062446148bd848c61,Charles D Jones Company,69fdef7403a2257cd27da147,"3rd698 - 40 Hi Center {Midwest Ketter Investments, LLC}",evidenceOfInsurance,Evidence of Insurance,workersCompensation,Workers' Compensation and Employer's Liability,evidenceOfInsuranceWorkersCompensationEmployersLiabilityEachAccident,Employer's Liability Each Accident,,matchOnce,must be greater or equal to,500000,,non_compliant,Block Requirements,,,false,0,,2026-08-16
"Block Real Estate Services, LLC",69fdf75c62446148bd855f60,69fded1062446148bd848c61,Charles D Jones Company,69fdef7403a2257cd27da147,"3rd698 - 40 Hi Center {Midwest Ketter Investments, LLC}",evidenceOfInsurance,Evidence of Insurance,workersCompensation,Workers' Compensation and Employer's Liability,evidenceOfInsuranceWorkersCompensationEmployersLiabilityDiseaseEachEmployee,Employer's Liability Disease - each employee,,matchOnce,must be greater or equal to,500000,,non_compliant,Block Requirements,,,false,0,,2026-08-16
"Block Real Estate Services, LLC",69fdf75c62446148bd855f60,69fded1062446148bd848c61,Charles D Jones Company,69fdef7403a2257cd27da147,"3rd698 - 40 Hi Center {Midwest Ketter Investments, LLC}",evidenceOfInsurance,Evidence of Insurance,workersCompensation,Workers' Compensation and Employer's Liability,evidenceOfInsuranceWorkersCompensationEmployersLiabilityDiseasePolicyLimit,Employer's Liability Disease - policy limit,,matchOnce,must be greater or equal to,500000,,non_compliant,Block Requirements,,,false,0,,2026-08-16
"Block Real Estate Services, LLC",69fdf75c62446148bd855f60,69fded1062446148bd848c61,Charles D Jones Company,69fdef7403a2257cd27da147,"3rd698 - 40 Hi Center {Midwest Ketter Investments, LLC}",evidenceOfInsurance,Evidence of Insurance,workersCompensation,Workers' Compensation and Employer's Liability,evidenceOfInsuranceWorkersCompensationWaiverOfSubrogationEndorsement,Waiver of Subrogation,"---prompt---
Determine if the insurer has waived their right of subrogation in favor of the certificate holder under the Workers' Compensation policy. Evidence may include: a checked ""Waiver of Subrogation"" box on the certificate, mention in the Description of Operations section stating ""waiver of subrogation applies"", or reference to form WC 00 03 13. Look for language like ""subrogation is waived"" or ""per written contract"".",matchOnce,must be present,,,non_compliant,Block Requirements,,,false,0,,2026-08-16
"Block Real Estate Services, LLC",69fdf75c62446148bd855f60,69fded1062446148bd848c61,Charles D Jones Company,69fdef7403a2257cd27da147,"3rd698 - 40 Hi Center {Midwest Ketter Investments, LLC}",evidenceOfInsurance,Evidence of Insurance,6ac20aae-5728-5d57-b364-aeba38527dba,Additional Requirements,4da5b0f1-4c9d-5885-8cf8-5d3cccaed3e0,"Block Real Estate Services, LLC and all others required by contract are named as Additional Insureds","---prompt---
Determine if the Description of Operations or the Additional Remarks Schedule section states the ""Additional Insured as Construction Management, Inc. and all others required by contract"" or reference to blanket additional insured coverage. Look for language like ""certificate holder is additional insured"" or ""per written contract"".",matchOnce,must be present,,,non_compliant,Block Requirements,,,true,0,,2026-08-16
"Block Real Estate Services, LLC",69fdf75c62446148bd855f60,69fded1062446148bd848c61,Charles D Jones Company,69fdef7403a2257cd27da147,"3rd698 - 40 Hi Center {Midwest Ketter Investments, LLC}",evidenceOfInsurance,Evidence of Insurance,6ac20aae-5728-5d57-b364-aeba38527dba,Additional Requirements,e1017741-e47e-5f58-97b8-fbc3043e919f,Umbrella follows form over General Liability,"---prompt---
Determine if the Umbrella/Excess Liability policy follows form to the underlying policies. Evidence may include: language in the Description of Operations section stating the umbrella follows form to underlying coverages or an additional page endorsement stating that it follows form. Follow form means the umbrella policy adopts the same terms, conditions, and exclusions as the underlying policies.",matchOnce,must be present,,,non_compliant,Block Requirements,,,true,0,,2026-08-16
"Block Real Estate Services, LLC",69fdf75c62446148bd855f60,69fded1062446148bd848c61,Charles D Jones Company,69fdef7403a2257cd27da147,"3rd698 - 40 Hi Center {Midwest Ketter Investments, LLC}",evidenceOfInsurance,Evidence of Insurance,6ac20aae-5728-5d57-b364-aeba38527dba,Additional Requirements,2cdd866f-c9a4-576a-afd8-1d045762790c,"The location must be listed as: 17501: 211, 216 E. US 40 Highway, Independence, MO, 64055",,matchOnce,must be present,,,non_compliant,Block Requirements,,,true,0,,2026-08-16
"Block Real Estate Services, LLC",69fdf75c62446148bd855f60,69fded1062446148bd848c61,Charles D Jones Company,69fdef7403a2257cd27da147,"3rd698 - 40 Hi Center {Midwest Ketter Investments, LLC}",evidenceOfInsurance,Evidence of Insurance,6ac20aae-5728-5d57-b364-aeba38527dba,Additional Requirements,3649e9d1-4e09-59bf-8f30-cb33c40cf117,"Certificate Holder must read: c/o Block Real Estate Services, LLC, 4622 Pennsylvania St., Suite 700, Kansas City, MO, 64112",,matchOnce,must be present,,,non_compliant,Block Requirements,,,true,0,,2026-08-16
"Block Real Estate Services, LLC",69fdf75c62446148bd855f6a,69fded2062446148bd849174,Slim 4 Life Weight Loss Centers Inc,69fdef7403a2257cd27da147,"3rd698 - 40 Hi Center {Midwest Ketter Investments, LLC}",evidenceOfInsurance,Evidence of Insurance,commercialGeneralLiability,Commercial General Liability,evidenceOfInsuranceCommercialGeneralLiabilityCoverageTriggerOccurrence,Coverage Trigger: Occurrence,,matchOnce,must be present,,Present,compliant,Block Requirements,,,false,1,,2026-08-16
"Block Real Estate Services, LLC",69fdf75c62446148bd855f6a,69fded2062446148bd849174,Slim 4 Life Weight Loss Centers Inc,69fdef7403a2257cd27da147,"3rd698 - 40 Hi Center {Midwest Ketter Investments, LLC}",evidenceOfInsurance,Evidence of Insurance,commercialGeneralLiability,Commercial General Liability,evidenceOfInsuranceCommercialGeneralLiabilityGeneralAggregateLimitAppliesPerLocation,General Aggregate Limit Applies per: Location,,matchOnce,must be present,,Present,compliant,Block Requirements,,,false,1,,2026-08-16
"Block Real Estate Services, LLC",69fdf75c62446148bd855f6a,69fded2062446148bd849174,Slim 4 Life Weight Loss Centers Inc,69fdef7403a2257cd27da147,"3rd698 - 40 Hi Center {Midwest Ketter Investments, LLC}",evidenceOfInsurance,Evidence of Insurance,commercialGeneralLiability,Commercial General Liability,evidenceOfInsuranceCommercialGeneralLiabilityEachOccurrence,Each Occurrence,,matchOnce,must be greater or equal to,1000000,1000000,compliant,Block Requirements,,,false,1,,2026-08-16
"Block Real Estate Services, LLC",69fdf75c62446148bd855f6a,69fded2062446148bd849174,Slim 4 Life Weight Loss Centers Inc,69fdef7403a2257cd27da147,"3rd698 - 40 Hi Center {Midwest Ketter Investments, LLC}",evidenceOfInsurance,Evidence of Insurance,commercialGeneralLiability,Commercial General Liability,evidenceOfInsuranceCommercialGeneralLiabilityGeneralAggregate,General Aggregate,,matchOnce,must be greater or equal to,2000000,2000000,compliant,Block Requirements,,,false,1,,2026-08-16
"Block Real Estate Services, LLC",69fdf75c62446148bd855f6a,69fded2062446148bd849174,Slim 4 Life Weight Loss Centers Inc,69fdef7403a2257cd27da147,"3rd698 - 40 Hi Center {Midwest Ketter Investments, LLC}",evidenceOfInsurance,Evidence of Insurance,commercialGeneralLiability,Commercial General Liability,evidenceOfInsuranceCommercialGeneralLiabilityWaiverOfSubrogationEndorsement,Waiver of Subrogation,"---prompt---
Determine if the insurer has waived their right of subrogation in favor of the certificate holder under the Commercial General Liability policy. Evidence may include: a checked ""Waiver of Subrogation"" box on the certificate, mention in the Description of Operations section stating ""waiver of subrogation applies"", or reference to form CG 24 04. Look for language like ""subrogation is waived"" or ""per written contract"".",matchOnce,must be present,,Present,compliant,Block Requirements,,,false,1,,2026-08-16
"Block Real Estate Services, LLC",69fdf75c62446148bd855f6a,69fded2062446148bd849174,Slim 4 Life Weight Loss Centers Inc,69fdef7403a2257cd27da147,"3rd698 - 40 Hi Center {Midwest Ketter Investments, LLC}",evidenceOfInsurance,Evidence of Insurance,excessOrUmbrellaLiability,Umbrella/Excess Liability,evidenceOfInsuranceExcessOrUmbrellaLiabilityOccurence,Coverage Trigger: Occurrence,,matchOnce,must be present,,Present,compliant,Block Requirements,,,false,1,,2026-08-16
"Block Real Estate Services, LLC",69fdf75c62446148bd855f6a,69fded2062446148bd849174,Slim 4 Life Weight Loss Centers Inc,69fdef7403a2257cd27da147,"3rd698 - 40 Hi Center {Midwest Ketter Investments, LLC}",evidenceOfInsurance,Evidence of Insurance,excessOrUmbrellaLiability,Umbrella/Excess Liability,evidenceOfInsuranceExcessOrUmbrellaLiabilityEachOccurrence,Each Occurrence,,matchOnce,must be greater or equal to,1000000,1000000,compliant,Block Requirements,,,false,1,,2026-08-16
"Block Real Estate Services, LLC",69fdf75c62446148bd855f6a,69fded2062446148bd849174,Slim 4 Life Weight Loss Centers Inc,69fdef7403a2257cd27da147,"3rd698 - 40 Hi Center {Midwest Ketter Investments, LLC}",evidenceOfInsurance,Evidence of Insurance,excessOrUmbrellaLiability,Umbrella/Excess Liability,evidenceOfInsuranceExcessOrUmbrellaLiabilityAggregate,Aggregate,,matchOnce,must be greater or equal to,1000000,1000000,compliant,Block Requirements,,,false,1,,2026-08-16
"Block Real Estate Services, LLC",69fdf75c62446148bd855f6a,69fded2062446148bd849174,Slim 4 Life Weight Loss Centers Inc,69fdef7403a2257cd27da147,"3rd698 - 40 Hi Center {Midwest Ketter Investments, LLC}",evidenceOfInsurance,Evidence of Insurance,workersCompensation,Workers' Compensation and Employer's Liability,evidenceOfInsuranceWorkersCompensationStatutoryLimits,Statutory Limits,,matchOnce,must be present,,Present,compliant,Block Requirements,,,false,1,,2026-08-16
"Block Real Estate Services, LLC",69fdf75c62446148bd855f6a,69fded2062446148bd849174,Slim 4 Life Weight Loss Centers Inc,69fdef7403a2257cd27da147,"3rd698 - 40 Hi Center {Midwest Ketter Investments, LLC}",evidenceOfInsurance,Evidence of Insurance,workersCompensation,Workers' Compensation and Employer's Liability,evidenceOfInsuranceWorkersCompensationEmployersLiabilityEachAccident,Employer's Liability Each Accident,,matchOnce,must be greater or equal to,500000,1000000,compliant,Block Requirements,,,false,1,,2026-08-16
"Block Real Estate Services, LLC",69fdf75c62446148bd855f6a,69fded2062446148bd849174,Slim 4 Life Weight Loss Centers Inc,69fdef7403a2257cd27da147,"3rd698 - 40 Hi Center {Midwest Ketter Investments, LLC}",evidenceOfInsurance,Evidence of Insurance,workersCompensation,Workers' Compensation and Employer's Liability,evidenceOfInsuranceWorkersCompensationEmployersLiabilityDiseaseEachEmployee,Employer's Liability Disease - each employee,,matchOnce,must be greater or equal to,500000,1000000,compliant,Block Requirements,,,false,1,,2026-08-16
"Block Real Estate Services, LLC",69fdf75c62446148bd855f6a,69fded2062446148bd849174,Slim 4 Life Weight Loss Centers Inc,69fdef7403a2257cd27da147,"3rd698 - 40 Hi Center {Midwest Ketter Investments, LLC}",evidenceOfInsurance,Evidence of Insurance,workersCompensation,Workers' Compensation and Employer's Liability,evidenceOfInsuranceWorkersCompensationEmployersLiabilityDiseasePolicyLimit,Employer's Liability Disease - policy limit,,matchOnce,must be greater or equal to,500000,1000000,compliant,Block Requirements,,,false,1,,2026-08-16
"Block Real Estate Services, LLC",69fdf75c62446148bd855f6a,69fded2062446148bd849174,Slim 4 Life Weight Loss Centers Inc,69fdef7403a2257cd27da147,"3rd698 - 40 Hi Center {Midwest Ketter Investments, LLC}",evidenceOfInsurance,Evidence of Insurance,workersCompensation,Workers' Compensation and Employer's Liability,evidenceOfInsuranceWorkersCompensationWaiverOfSubrogationEndorsement,Waiver of Subrogation,"---prompt---
Determine if the insurer has waived their right of subrogation in favor of the certificate holder under the Workers' Compensation policy. Evidence may include: a checked ""Waiver of Subrogation"" box on the certificate, mention in the Description of Operations section stating ""waiver of subrogation applies"", or reference to form WC 00 03 13. Look for language like ""subrogation is waived"" or ""per written contract"".",matchOnce,must be present,,,waived,Block Requirements,WoS not available for WC in MO,,false,0,,2026-08-16
"Block Real Estate Services, LLC",69fdf75c62446148bd855f6a,69fded2062446148bd849174,Slim 4 Life Weight Loss Centers Inc,69fdef7403a2257cd27da147,"3rd698 - 40 Hi Center {Midwest Ketter Investments, LLC}",evidenceOfInsurance,Evidence of Insurance,6ac20aae-5728-5d57-b364-aeba38527dba,Additional Requirements,4da5b0f1-4c9d-5885-8cf8-5d3cccaed3e0,"Block Real Estate Services, LLC and all others required by contract are named as Additional Insureds","---prompt---
Determine if the Description of Operations or the Additional Remarks Schedule section states the ""Additional Insured as Construction Management, Inc. and all others required by contract"" or reference to blanket additional insured coverage. Look for language like ""certificate holder is additional insured"" or ""per written contract"".",matchOnce,must be present,,Present,compliant,Block Requirements,,,true,1,,2026-08-16
"Block Real Estate Services, LLC",69fdf75c62446148bd855f6a,69fded2062446148bd849174,Slim 4 Life Weight Loss Centers Inc,69fdef7403a2257cd27da147,"3rd698 - 40 Hi Center {Midwest Ketter Investments, LLC}",evidenceOfInsurance,Evidence of Insurance,6ac20aae-5728-5d57-b364-aeba38527dba,Additional Requirements,e1017741-e47e-5f58-97b8-fbc3043e919f,Umbrella follows form over General Liability,"---prompt---
Determine if the Umbrella/Excess Liability policy follows form to the underlying policies. Evidence may include: language in the Description of Operations section stating the umbrella follows form to underlying coverages or an additional page endorsement stating that it follows form. Follow form means the umbrella policy adopts the same terms, conditions, and exclusions as the underlying policies.",matchOnce,must be present,,Present,compliant,Block Requirements,,,true,1,,2026-08-16
"Block Real Estate Services, LLC",69fdf75c62446148bd855f6a,69fded2062446148bd849174,Slim 4 Life Weight Loss Centers Inc,69fdef7403a2257cd27da147,"3rd698 - 40 Hi Center {Midwest Ketter Investments, LLC}",evidenceOfInsurance,Evidence of Insurance,6ac20aae-5728-5d57-b364-aeba38527dba,Additional Requirements,2cdd866f-c9a4-576a-afd8-1d045762790c,"The location must be listed as: 17331: 103 E. US 40 Highway, Independence, MO, 64055",,matchOnce,must be present,,Present,compliant,Block Requirements,,,true,1,,2026-08-16
"Block Real Estate Services, LLC",69fdf75c62446148bd855f6a,69fded2062446148bd849174,Slim 4 Life Weight Loss Centers Inc,69fdef7403a2257cd27da147,"3rd698 - 40 Hi Center {Midwest Ketter Investments, LLC}",evidenceOfInsurance,Evidence of Insurance,6ac20aae-5728-5d57-b364-aeba38527dba,Additional Requirements,3649e9d1-4e09-59bf-8f30-cb33c40cf117,"Certificate Holder must read: c/o Block Real Estate Services, LLC, 4622 Pennsylvania St., Suite 700, Kansas City, MO, 64112",,matchOnce,must be present,,Present,compliant,Block Requirements,,,true,1,,2026-08-16
"Block Real Estate Services, LLC",69fdf75c62446148bd855f61,69fded1462446148bd848d96,FastSigns,69fdef7403a2257cd27da147,"3rd698 - 40 Hi Center {Midwest Ketter Investments, LLC}",evidenceOfInsurance,Evidence of Insurance,commercialGeneralLiability,Commercial General Liability,evidenceOfInsuranceCommercialGeneralLiabilityCoverageTriggerOccurrence,Coverage Trigger: Occurrence,,matchOnce,must be present,,,non_compliant,Block Requirements,,,false,0,,2026-08-16
"Block Real Estate Services, LLC",69fdf75c62446148bd855f61,69fded1462446148bd848d96,FastSigns,69fdef7403a2257cd27da147,"3rd698 - 40 Hi Center {Midwest Ketter Investments, LLC}",evidenceOfInsurance,Evidence of Insurance,commercialGeneralLiability,Commercial General Liability,evidenceOfInsuranceCommercialGeneralLiabilityGeneralAggregateLimitAppliesPerLocation,General Aggregate Limit Applies per: Location,,matchOnce,must be present,,,non_compliant,Block Requirements,,,false,0,,2026-08-16
"Block Real Estate Services, LLC",69fdf75c62446148bd855f61,69fded1462446148bd848d96,FastSigns,69fdef7403a2257cd27da147,"3rd698 - 40 Hi Center {Midwest Ketter Investments, LLC}",evidenceOfInsurance,Evidence of Insurance,commercialGeneralLiability,Commercial General Liability,evidenceOfInsuranceCommercialGeneralLiabilityEachOccurrence,Each Occurrence,,matchOnce,must be greater or equal to,1000000,,non_compliant,Block Requirements,,,false,0,,2026-08-16
"Block Real Estate Services, LLC",69fdf75c62446148bd855f61,69fded1462446148bd848d96,FastSigns,69fdef7403a2257cd27da147,"3rd698 - 40 Hi Center {Midwest Ketter Investments, LLC}",evidenceOfInsurance,Evidence of Insurance,commercialGeneralLiability,Commercial General Liability,evidenceOfInsuranceCommercialGeneralLiabilityGeneralAggregate,General Aggregate,,matchOnce,must be greater or equal to,2000000,,non_compliant,Block Requirements,,,false,0,,2026-08-16
"Block Real Estate Services, LLC",69fdf75c62446148bd855f61,69fded1462446148bd848d96,FastSigns,69fdef7403a2257cd27da147,"3rd698 - 40 Hi Center {Midwest Ketter Investments, LLC}",evidenceOfInsurance,Evidence of Insurance,commercialGeneralLiability,Commercial General Liability,evidenceOfInsuranceCommercialGeneralLiabilityWaiverOfSubrogationEndorsement,Waiver of Subrogation,"---prompt---
Determine if the insurer has waived their right of subrogation in favor of the certificate holder under the Commercial General Liability policy. Evidence may include: a checked ""Waiver of Subrogation"" box on the certificate, mention in the Description of Operations section stating ""waiver of subrogation applies"", or reference to form CG 24 04. Look for language like ""subrogation is waived"" or ""per written contract"".",matchOnce,must be present,,,non_compliant,Block Requirements,,,false,0,,2026-08-16
"Block Real Estate Services, LLC",69fdf75c62446148bd855f61,69fded1462446148bd848d96,FastSigns,69fdef7403a2257cd27da147,"3rd698 - 40 Hi Center {Midwest Ketter Investments, LLC}",evidenceOfInsurance,Evidence of Insurance,excessOrUmbrellaLiability,Umbrella/Excess Liability,evidenceOfInsuranceExcessOrUmbrellaLiabilityOccurence,Coverage Trigger: Occurrence,,matchOnce,must be present,,,non_compliant,Block Requirements,,,false,0,,2026-08-16
"Block Real Estate Services, LLC",69fdf75c62446148bd855f61,69fded1462446148bd848d96,FastSigns,69fdef7403a2257cd27da147,"3rd698 - 40 Hi Center {Midwest Ketter Investments, LLC}",evidenceOfInsurance,Evidence of Insurance,excessOrUmbrellaLiability,Umbrella/Excess Liability,evidenceOfInsuranceExcessOrUmbrellaLiabilityEachOccurrence,Each Occurrence,,matchOnce,must be greater or equal to,1000000,,non_compliant,Block Requirements,,,false,0,,2026-08-16
"Block Real Estate Services, LLC",69fdf75c62446148bd855f61,69fded1462446148bd848d96,FastSigns,69fdef7403a2257cd27da147,"3rd698 - 40 Hi Center {Midwest Ketter Investments, LLC}",evidenceOfInsurance,Evidence of Insurance,excessOrUmbrellaLiability,Umbrella/Excess Liability,evidenceOfInsuranceExcessOrUmbrellaLiabilityAggregate,Aggregate,,matchOnce,must be greater or equal to,1000000,,non_compliant,Block Requirements,,,false,0,,2026-08-16
"Block Real Estate Services, LLC",69fdf75c62446148bd855f61,69fded1462446148bd848d96,FastSigns,69fdef7403a2257cd27da147,"3rd698 - 40 Hi Center {Midwest Ketter Investments, LLC}",evidenceOfInsurance,Evidence of Insurance,workersCompensation,Workers' Compensation and Employer's Liability,evidenceOfInsuranceWorkersCompensationStatutoryLimits,Statutory Limits,,matchOnce,must be present,,,non_compliant,Block Requirements,,,false,0,,2026-08-16
"Block Real Estate Services, LLC",69fdf75c62446148bd855f61,69fded1462446148bd848d96,FastSigns,69fdef7403a2257cd27da147,"3rd698 - 40 Hi Center {Midwest Ketter Investments, LLC}",evidenceOfInsurance,Evidence of Insurance,workersCompensation,Workers' Compensation and Employer's Liability,evidenceOfInsuranceWorkersCompensationEmployersLiabilityEachAccident,Employer's Liability Each Accident,,matchOnce,must be greater or equal to,500000,,non_compliant,Block Requirements,,,false,0,,2026-08-16
"Block Real Estate Services, LLC",69fdf75c62446148bd855f61,69fded1462446148bd848d96,FastSigns,69fdef7403a2257cd27da147,"3rd698 - 40 Hi Center {Midwest Ketter Investments, LLC}",evidenceOfInsurance,Evidence of Insurance,workersCompensation,Workers' Compensation and Employer's Liability,evidenceOfInsuranceWorkersCompensationEmployersLiabilityDiseaseEachEmployee,Employer's Liability Disease - each employee,,matchOnce,must be greater or equal to,500000,,non_compliant,Block Requirements,,,false,0,,2026-08-16
"Block Real Estate Services, LLC",69fdf75c62446148bd855f61,69fded1462446148bd848d96,FastSigns,69fdef7403a2257cd27da147,"3rd698 - 40 Hi Center {Midwest Ketter Investments, LLC}",evidenceOfInsurance,Evidence of Insurance,workersCompensation,Workers' Compensation and Employer's Liability,evidenceOfInsuranceWorkersCompensationEmployersLiabilityDiseasePolicyLimit,Employer's Liability Disease - policy limit,,matchOnce,must be greater or equal to,500000,,non_compliant,Block Requirements,,,false,0,,2026-08-16
"Block Real Estate Services, LLC",69fdf75c62446148bd855f61,69fded1462446148bd848d96,FastSigns,69fdef7403a2257cd27da147,"3rd698 - 40 Hi Center {Midwest Ketter Investments, LLC}",evidenceOfInsurance,Evidence of Insurance,workersCompensation,Workers' Compensation and Employer's Liability,evidenceOfInsuranceWorkersCompensationWaiverOfSubrogationEndorsement,Waiver of Subrogation,"---prompt---
Determine if the insurer has waived their right of subrogation in favor of the certificate holder under the Workers' Compensation policy. Evidence may include: a checked ""Waiver of Subrogation"" box on the certificate, mention in the Description of Operations section stating ""waiver of subrogation applies"", or reference to form WC 00 03 13. Look for language like ""subrogation is waived"" or ""per written contract"".",matchOnce,must be present,,,non_compliant,Block Requirements,,,false,0,,2026-08-16
"Block Real Estate Services, LLC",69fdf75c62446148bd855f61,69fded1462446148bd848d96,FastSigns,69fdef7403a2257cd27da147,"3rd698 - 40 Hi Center {Midwest Ketter Investments, LLC}",evidenceOfInsurance,Evidence of Insurance,6ac20aae-5728-5d57-b364-aeba38527dba,Additional Requirements,4da5b0f1-4c9d-5885-8cf8-5d3cccaed3e0,"Block Real Estate Services, LLC and all others required by contract are named as Additional Insureds","---prompt---
Determine if the Description of Operations or the Additional Remarks Schedule section states the ""Additional Insured as Construction Management, Inc. and all others required by contract"" or reference to blanket additional insured coverage. Look for language like ""certificate holder is additional insured"" or ""per written contract"".",matchOnce,must be present,,,non_compliant,Block Requirements,,,true,0,,2026-08-16
"Block Real Estate Services, LLC",69fdf75c62446148bd855f61,69fded1462446148bd848d96,FastSigns,69fdef7403a2257cd27da147,"3rd698 - 40 Hi Center {Midwest Ketter Investments, LLC}",evidenceOfInsurance,Evidence of Insurance,6ac20aae-5728-5d57-b364-aeba38527dba,Additional Requirements,e1017741-e47e-5f58-97b8-fbc3043e919f,Umbrella follows form over General Liability,"---prompt---
Determine if the Umbrella/Excess Liability policy follows form to the underlying policies. Evidence may include: language in the Description of Operations section stating the umbrella follows form to underlying coverages or an additional page endorsement stating that it follows form. Follow form means the umbrella policy adopts the same terms, conditions, and exclusions as the underlying policies.",matchOnce,must be present,,,non_compliant,Block Requirements,,,true,0,,2026-08-16
"Block Real Estate Services, LLC",69fdf75c62446148bd855f61,69fded1462446148bd848d96,FastSigns,69fdef7403a2257cd27da147,"3rd698 - 40 Hi Center {Midwest Ketter Investments, LLC}",evidenceOfInsurance,Evidence of Insurance,6ac20aae-5728-5d57-b364-aeba38527dba,Additional Requirements,2cdd866f-c9a4-576a-afd8-1d045762790c,"The location must be listed as: 17331: 104 E. US 40 Highway, Independence, MO, 64055",,matchOnce,must be present,,,non_compliant,Block Requirements,,,true,0,,2026-08-16
"Block Real Estate Services, LLC",69fdf75c62446148bd855f61,69fded1462446148bd848d96,FastSigns,69fdef7403a2257cd27da147,"3rd698 - 40 Hi Center {Midwest Ketter Investments, LLC}",evidenceOfInsurance,Evidence of Insurance,6ac20aae-5728-5d57-b364-aeba38527dba,Additional Requirements,3649e9d1-4e09-59bf-8f30-cb33c40cf117,"Certificate Holder must read: c/o Block Real Estate Services, LLC, 4622 Pennsylvania St., Suite 700, Kansas City, MO, 64112",,matchOnce,must be present,,,non_compliant,Block Requirements,,,true,0,,2026-08-16
"Block Real Estate Services, LLC",69fdf75c62446148bd855f6b,69fded2362446148bd849243,"University Health WIC / Truman Medical Center, Inc.",69fdef7403a2257cd27da147,"3rd698 - 40 Hi Center {Midwest Ketter Investments, LLC}",evidenceOfInsurance,Evidence of Insurance,commercialGeneralLiability,Commercial General Liability,evidenceOfInsuranceCommercialGeneralLiabilityCoverageTriggerOccurrence,Coverage Trigger: Occurrence,,matchOnce,must be present,,,non_compliant,Block Requirements,,,false,0,,2026-08-16
"Block Real Estate Services, LLC",69fdf75c62446148bd855f6b,69fded2362446148bd849243,"University Health WIC / Truman Medical Center, Inc.",69fdef7403a2257cd27da147,"3rd698 - 40 Hi Center {Midwest Ketter Investments, LLC}",evidenceOfInsurance,Evidence of Insurance,commercialGeneralLiability,Commercial General Liability,evidenceOfInsuranceCommercialGeneralLiabilityGeneralAggregateLimitAppliesPerLocation,General Aggregate Limit Applies per: Location,,matchOnce,must be present,,,non_compliant,Block Requirements,,,false,0,,2026-08-16
"Block Real Estate Services, LLC",69fdf75c62446148bd855f6b,69fded2362446148bd849243,"University Health WIC / Truman Medical Center, Inc.",69fdef7403a2257cd27da147,"3rd698 - 40 Hi Center {Midwest Ketter Investments, LLC}",evidenceOfInsurance,Evidence of Insurance,commercialGeneralLiability,Commercial General Liability,evidenceOfInsuranceCommercialGeneralLiabilityEachOccurrence,Each Occurrence,,matchOnce,must be greater or equal to,1000000,,non_compliant,Block Requirements,,,false,0,,2026-08-16
"Block Real Estate Services, LLC",69fdf75c62446148bd855f6b,69fded2362446148bd849243,"University Health WIC / Truman Medical Center, Inc.",69fdef7403a2257cd27da147,"3rd698 - 40 Hi Center {Midwest Ketter Investments, LLC}",evidenceOfInsurance,Evidence of Insurance,commercialGeneralLiability,Commercial General Liability,evidenceOfInsuranceCommercialGeneralLiabilityGeneralAggregate,General Aggregate,,matchOnce,must be greater or equal to,2000000,,non_compliant,Block Requirements,,,false,0,,2026-08-16
"Block Real Estate Services, LLC",69fdf75c62446148bd855f6b,69fded2362446148bd849243,"University Health WIC / Truman Medical Center, Inc.",69fdef7403a2257cd27da147,"3rd698 - 40 Hi Center {Midwest Ketter Investments, LLC}",evidenceOfInsurance,Evidence of Insurance,commercialGeneralLiability,Commercial General Liability,evidenceOfInsuranceCommercialGeneralLiabilityWaiverOfSubrogationEndorsement,Waiver of Subrogation,"---prompt---
Determine if the insurer has waived their right of subrogation in favor of the certificate holder under the Commercial General Liability policy. Evidence may include: a checked ""Waiver of Subrogation"" box on the certificate, mention in the Description of Operations section stating ""waiver of subrogation applies"", or reference to form CG 24 04. Look for language like ""subrogation is waived"" or ""per written contract"".",matchOnce,must be present,,,non_compliant,Block Requirements,,,false,0,,2026-08-16
"Block Real Estate Services, LLC",69fdf75c62446148bd855f6b,69fded2362446148bd849243,"University Health WIC / Truman Medical Center, Inc.",69fdef7403a2257cd27da147,"3rd698 - 40 Hi Center {Midwest Ketter Investments, LLC}",evidenceOfInsurance,Evidence of Insurance,excessOrUmbrellaLiability,Umbrella/Excess Liability,evidenceOfInsuranceExcessOrUmbrellaLiabilityOccurence,Coverage Trigger: Occurrence,,matchOnce,must be present,,,non_compliant,Block Requirements,,,false,0,,2026-08-16
"Block Real Estate Services, LLC",69fdf75c62446148bd855f6b,69fded2362446148bd849243,"University Health WIC / Truman Medical Center, Inc.",69fdef7403a2257cd27da147,"3rd698 - 40 Hi Center {Midwest Ketter Investments, LLC}",evidenceOfInsurance,Evidence of Insurance,excessOrUmbrellaLiability,Umbrella/Excess Liability,evidenceOfInsuranceExcessOrUmbrellaLiabilityEachOccurrence,Each Occurrence,,matchOnce,must be greater or equal to,1000000,,non_compliant,Block Requirements,,,false,0,,2026-08-16
"Block Real Estate Services, LLC",69fdf75c62446148bd855f6b,69fded2362446148bd849243,"University Health WIC / Truman Medical Center, Inc.",69fdef7403a2257cd27da147,"3rd698 - 40 Hi Center {Midwest Ketter Investments, LLC}",evidenceOfInsurance,Evidence of Insurance,excessOrUmbrellaLiability,Umbrella/Excess Liability,evidenceOfInsuranceExcessOrUmbrellaLiabilityAggregate,Aggregate,,matchOnce,must be greater or equal to,1000000,,non_compliant,Block Requirements,,,false,0,,2026-08-16
"Block Real Estate Services, LLC",69fdf75c62446148bd855f6b,69fded2362446148bd849243,"University Health WIC / Truman Medical Center, Inc.",69fdef7403a2257cd27da147,"3rd698 - 40 Hi Center {Midwest Ketter Investments, LLC}",evidenceOfInsurance,Evidence of Insurance,workersCompensation,Workers' Compensation and Employer's Liability,evidenceOfInsuranceWorkersCompensationStatutoryLimits,Statutory Limits,,matchOnce,must be present,,,non_compliant,Block Requirements,,,false,0,,2026-08-16
"Block Real Estate Services, LLC",69fdf75c62446148bd855f6b,69fded2362446148bd849243,"University Health WIC / Truman Medical Center, Inc.",69fdef7403a2257cd27da147,"3rd698 - 40 Hi Center {Midwest Ketter Investments, LLC}",evidenceOfInsurance,Evidence of Insurance,workersCompensation,Workers' Compensation and Employer's Liability,evidenceOfInsuranceWorkersCompensationEmployersLiabilityEachAccident,Employer's Liability Each Accident,,matchOnce,must be greater or equal to,500000,,non_compliant,Block Requirements,,,false,0,,2026-08-16
"Block Real Estate Services, LLC",69fdf75c62446148bd855f6b,69fded2362446148bd849243,"University Health WIC / Truman Medical Center, Inc.",69fdef7403a2257cd27da147,"3rd698 - 40 Hi Center {Midwest Ketter Investments, LLC}",evidenceOfInsurance,Evidence of Insurance,workersCompensation,Workers' Compensation and Employer's Liability,evidenceOfInsuranceWorkersCompensationEmployersLiabilityDiseaseEachEmployee,Employer's Liability Disease - each employee,,matchOnce,must be greater or equal to,500000,,non_compliant,Block Requirements,,,false,0,,2026-08-16
"Block Real Estate Services, LLC",69fdf75c62446148bd855f6b,69fded2362446148bd849243,"University Health WIC / Truman Medical Center, Inc.",69fdef7403a2257cd27da147,"3rd698 - 40 Hi Center {Midwest Ketter Investments, LLC}",evidenceOfInsurance,Evidence of Insurance,workersCompensation,Workers' Compensation and Employer's Liability,evidenceOfInsuranceWorkersCompensationEmployersLiabilityDiseasePolicyLimit,Employer's Liability Disease - policy limit,,matchOnce,must be greater or equal to,500000,,non_compliant,Block Requirements,,,false,0,,2026-08-16
"Block Real Estate Services, LLC",69fdf75c62446148bd855f6b,69fded2362446148bd849243,"University Health WIC / Truman Medical Center, Inc.",69fdef7403a2257cd27da147,"3rd698 - 40 Hi Center {Midwest Ketter Investments, LLC}",evidenceOfInsurance,Evidence of Insurance,workersCompensation,Workers' Compensation and Employer's Liability,evidenceOfInsuranceWorkersCompensationWaiverOfSubrogationEndorsement,Waiver of Subrogation,"---prompt---
Determine if the insurer has waived their right of subrogation in favor of the certificate holder under the Workers' Compensation policy. Evidence may include: a checked ""Waiver of Subrogation"" box on the certificate, mention in the Description of Operations section stating ""waiver of subrogation applies"", or reference to form WC 00 03 13. Look for language like ""subrogation is waived"" or ""per written contract"".",matchOnce,must be present,,,non_compliant,Block Requirements,,,false,0,,2026-08-16
"Block Real Estate Services, LLC",69fdf75c62446148bd855f6b,69fded2362446148bd849243,"University Health WIC / Truman Medical Center, Inc.",69fdef7403a2257cd27da147,"3rd698 - 40 Hi Center {Midwest Ketter Investments, LLC}",evidenceOfInsurance,Evidence of Insurance,6ac20aae-5728-5d57-b364-aeba38527dba,Additional Requirements,4da5b0f1-4c9d-5885-8cf8-5d3cccaed3e0,"Block Real Estate Services, LLC and all others required by contract are named as Additional Insureds","---prompt---
Determine if the Description of Operations or the Additional Remarks Schedule section states the ""Additional Insured as Construction Management, Inc. and all others required by contract"" or reference to blanket additional insured coverage. Look for language like ""certificate holder is additional insured"" or ""per written contract"".",matchOnce,must be present,,,non_compliant,Block Requirements,,,true,0,,2026-08-16
"Block Real Estate Services, LLC",69fdf75c62446148bd855f6b,69fded2362446148bd849243,"University Health WIC / Truman Medical Center, Inc.",69fdef7403a2257cd27da147,"3rd698 - 40 Hi Center {Midwest Ketter Investments, LLC}",evidenceOfInsurance,Evidence of Insurance,6ac20aae-5728-5d57-b364-aeba38527dba,Additional Requirements,e1017741-e47e-5f58-97b8-fbc3043e919f,Umbrella follows form over General Liability,"---prompt---
Determine if the Umbrella/Excess Liability policy follows form to the underlying policies. Evidence may include: language in the Description of Operations section stating the umbrella follows form to underlying coverages or an additional page endorsement stating that it follows form. Follow form means the umbrella policy adopts the same terms, conditions, and exclusions as the underlying policies.",matchOnce,must be present,,,non_compliant,Block Requirements,,,true,0,,2026-08-16
"Block Real Estate Services, LLC",69fdf75c62446148bd855f6b,69fded2362446148bd849243,"University Health WIC / Truman Medical Center, Inc.",69fdef7403a2257cd27da147,"3rd698 - 40 Hi Center {Midwest Ketter Investments, LLC}",evidenceOfInsurance,Evidence of Insurance,6ac20aae-5728-5d57-b364-aeba38527dba,Additional Requirements,2cdd866f-c9a4-576a-afd8-1d045762790c,"The location must be listed as: 17501: 213, 214 E. US 40 Highway, Independence, MO, 64055",,matchOnce,must be present,,,non_compliant,Block Requirements,,,true,0,,2026-08-16
"Block Real Estate Services, LLC",69fdf75c62446148bd855f6b,69fded2362446148bd849243,"University Health WIC / Truman Medical Center, Inc.",69fdef7403a2257cd27da147,"3rd698 - 40 Hi Center {Midwest Ketter Investments, LLC}",evidenceOfInsurance,Evidence of Insurance,6ac20aae-5728-5d57-b364-aeba38527dba,Additional Requirements,3649e9d1-4e09-59bf-8f30-cb33c40cf117,"Certificate Holder must read: c/o Block Real Estate Services, LLC, 4622 Pennsylvania St., Suite 700, Kansas City, MO, 64112",,matchOnce,must be present,,,non_compliant,Block Requirements,,,true,0,,2026-08-16
"Block Real Estate Services, LLC",69fdf75c62446148bd855f5c,69fded0d62446148bd848b50,Allure Hair Studio / Alisha N. Bauer,69fdef7403a2257cd27da147,"3rd698 - 40 Hi Center {Midwest Ketter Investments, LLC}",evidenceOfInsurance,Evidence of Insurance,commercialGeneralLiability,Commercial General Liability,evidenceOfInsuranceCommercialGeneralLiabilityCoverageTriggerOccurrence,Coverage Trigger: Occurrence,,matchOnce,must be present,,,non_compliant,Block Requirements,,,false,0,,2026-08-16
"Block Real Estate Services, LLC",69fdf75c62446148bd855f5c,69fded0d62446148bd848b50,Allure Hair Studio / Alisha N. Bauer,69fdef7403a2257cd27da147,"3rd698 - 40 Hi Center {Midwest Ketter Investments, LLC}",evidenceOfInsurance,Evidence of Insurance,commercialGeneralLiability,Commercial General Liability,evidenceOfInsuranceCommercialGeneralLiabilityGeneralAggregateLimitAppliesPerLocation,General Aggregate Limit Applies per: Location,,matchOnce,must be present,,,non_compliant,Block Requirements,,,false,0,,2026-08-16
"Block Real Estate Services, LLC",69fdf75c62446148bd855f5c,69fded0d62446148bd848b50,Allure Hair Studio / Alisha N. Bauer,69fdef7403a2257cd27da147,"3rd698 - 40 Hi Center {Midwest Ketter Investments, LLC}",evidenceOfInsurance,Evidence of Insurance,commercialGeneralLiability,Commercial General Liability,evidenceOfInsuranceCommercialGeneralLiabilityEachOccurrence,Each Occurrence,,matchOnce,must be greater or equal to,1000000,,non_compliant,Block Requirements,,,false,0,,2026-08-16
"Block Real Estate Services, LLC",69fdf75c62446148bd855f5c,69fded0d62446148bd848b50,Allure Hair Studio / Alisha N. Bauer,69fdef7403a2257cd27da147,"3rd698 - 40 Hi Center {Midwest Ketter Investments, LLC}",evidenceOfInsurance,Evidence of Insurance,commercialGeneralLiability,Commercial General Liability,evidenceOfInsuranceCommercialGeneralLiabilityGeneralAggregate,General Aggregate,,matchOnce,must be greater or equal to,2000000,,non_compliant,Block Requirements,,,false,0,,2026-08-16
"Block Real Estate Services, LLC",69fdf75c62446148bd855f5c,69fded0d62446148bd848b50,Allure Hair Studio / Alisha N. Bauer,69fdef7403a2257cd27da147,"3rd698 - 40 Hi Center {Midwest Ketter Investments, LLC}",evidenceOfInsurance,Evidence of Insurance,commercialGeneralLiability,Commercial General Liability,evidenceOfInsuranceCommercialGeneralLiabilityWaiverOfSubrogationEndorsement,Waiver of Subrogation,"---prompt---
Determine if the insurer has waived their right of subrogation in favor of the certificate holder under the Commercial General Liability policy. Evidence may include: a checked ""Waiver of Subrogation"" box on the certificate, mention in the Description of Operations section stating ""waiver of subrogation applies"", or reference to form CG 24 04. Look for language like ""subrogation is waived"" or ""per written contract"".",matchOnce,must be present,,,non_compliant,Block Requirements,,,false,0,,2026-08-16
"Block Real Estate Services, LLC",69fdf75c62446148bd855f5c,69fded0d62446148bd848b50,Allure Hair Studio / Alisha N. Bauer,69fdef7403a2257cd27da147,"3rd698 - 40 Hi Center {Midwest Ketter Investments, LLC}",evidenceOfInsurance,Evidence of Insurance,excessOrUmbrellaLiability,Umbrella/Excess Liability,evidenceOfInsuranceExcessOrUmbrellaLiabilityOccurence,Coverage Trigger: Occurrence,,matchOnce,must be present,,,non_compliant,Block Requirements,,,false,0,,2026-08-16
"Block Real Estate Services, LLC",69fdf75c62446148bd855f5c,69fded0d62446148bd848b50,Allure Hair Studio / Alisha N. Bauer,69fdef7403a2257cd27da147,"3rd698 - 40 Hi Center {Midwest Ketter Investments, LLC}",evidenceOfInsurance,Evidence of Insurance,excessOrUmbrellaLiability,Umbrella/Excess Liability,evidenceOfInsuranceExcessOrUmbrellaLiabilityEachOccurrence,Each Occurrence,,matchOnce,must be greater or equal to,1000000,,non_compliant,Block Requirements,,,false,0,,2026-08-16
"Block Real Estate Services, LLC",69fdf75c62446148bd855f5c,69fded0d62446148bd848b50,Allure Hair Studio / Alisha N. Bauer,69fdef7403a2257cd27da147,"3rd698 - 40 Hi Center {Midwest Ketter Investments, LLC}",evidenceOfInsurance,Evidence of Insurance,excessOrUmbrellaLiability,Umbrella/Excess Liability,evidenceOfInsuranceExcessOrUmbrellaLiabilityAggregate,Aggregate,,matchOnce,must be greater or equal to,1000000,,non_compliant,Block Requirements,,,false,0,,2026-08-16
"Block Real Estate Services, LLC",69fdf75c62446148bd855f5c,69fded0d62446148bd848b50,Allure Hair Studio / Alisha N. Bauer,69fdef7403a2257cd27da147,"3rd698 - 40 Hi Center {Midwest Ketter Investments, LLC}",evidenceOfInsurance,Evidence of Insurance,workersCompensation,Workers' Compensation and Employer's Liability,evidenceOfInsuranceWorkersCompensationStatutoryLimits,Statutory Limits,,matchOnce,must be present,,,non_compliant,Block Requirements,,,false,0,,2026-08-16
"Block Real Estate Services, LLC",69fdf75c62446148bd855f5c,69fded0d62446148bd848b50,Allure Hair Studio / Alisha N. Bauer,69fdef7403a2257cd27da147,"3rd698 - 40 Hi Center {Midwest Ketter Investments, LLC}",evidenceOfInsurance,Evidence of Insurance,workersCompensation,Workers' Compensation and Employer's Liability,evidenceOfInsuranceWorkersCompensationEmployersLiabilityEachAccident,Employer's Liability Each Accident,,matchOnce,must be greater or equal to,500000,,non_compliant,Block Requirements,,,false,0,,2026-08-16
"Block Real Estate Services, LLC",69fdf75c62446148bd855f5c,69fded0d62446148bd848b50,Allure Hair Studio / Alisha N. Bauer,69fdef7403a2257cd27da147,"3rd698 - 40 Hi Center {Midwest Ketter Investments, LLC}",evidenceOfInsurance,Evidence of Insurance,workersCompensation,Workers' Compensation and Employer's Liability,evidenceOfInsuranceWorkersCompensationEmployersLiabilityDiseaseEachEmployee,Employer's Liability Disease - each employee,,matchOnce,must be greater or equal to,500000,,non_compliant,Block Requirements,,,false,0,,2026-08-16
"Block Real Estate Services, LLC",69fdf75c62446148bd855f5c,69fded0d62446148bd848b50,Allure Hair Studio / Alisha N. Bauer,69fdef7403a2257cd27da147,"3rd698 - 40 Hi Center {Midwest Ketter Investments, LLC}",evidenceOfInsurance,Evidence of Insurance,workersCompensation,Workers' Compensation and Employer's Liability,evidenceOfInsuranceWorkersCompensationEmployersLiabilityDiseasePolicyLimit,Employer's Liability Disease - policy limit,,matchOnce,must be greater or equal to,500000,,non_compliant,Block Requirements,,,false,0,,2026-08-16
"Block Real Estate Services, LLC",69fdf75c62446148bd855f5c,69fded0d62446148bd848b50,Allure Hair Studio / Alisha N. Bauer,69fdef7403a2257cd27da147,"3rd698 - 40 Hi Center {Midwest Ketter Investments, LLC}",evidenceOfInsurance,Evidence of Insurance,workersCompensation,Workers' Compensation and Employer's Liability,evidenceOfInsuranceWorkersCompensationWaiverOfSubrogationEndorsement,Waiver of Subrogation,"---prompt---
Determine if the insurer has waived their right of subrogation in favor of the certificate holder under the Workers' Compensation policy. Evidence may include: a checked ""Waiver of Subrogation"" box on the certificate, mention in the Description of Operations section stating ""waiver of subrogation applies"", or reference to form WC 00 03 13. Look for language like ""subrogation is waived"" or ""per written contract"".",matchOnce,must be present,,,non_compliant,Block Requirements,,,false,0,,2026-08-16
"Block Real Estate Services, LLC",69fdf75c62446148bd855f5c,69fded0d62446148bd848b50,Allure Hair Studio / Alisha N. Bauer,69fdef7403a2257cd27da147,"3rd698 - 40 Hi Center {Midwest Ketter Investments, LLC}",evidenceOfInsurance,Evidence of Insurance,6ac20aae-5728-5d57-b364-aeba38527dba,Additional Requirements,4da5b0f1-4c9d-5885-8cf8-5d3cccaed3e0,"Block Real Estate Services, LLC and all others required by contract are named as Additional Insureds","---prompt---
Determine if the Description of Operations or the Additional Remarks Schedule section states the ""Additional Insured as Construction Management, Inc. and all others required by contract"" or reference to blanket additional insured coverage. Look for language like ""certificate holder is additional insured"" or ""per written contract"".",matchOnce,must be present,,,non_compliant,Block Requirements,,,true,0,,2026-08-16
"Block Real Estate Services, LLC",69fdf75c62446148bd855f5c,69fded0d62446148bd848b50,Allure Hair Studio / Alisha N. Bauer,69fdef7403a2257cd27da147,"3rd698 - 40 Hi Center {Midwest Ketter Investments, LLC}",evidenceOfInsurance,Evidence of Insurance,6ac20aae-5728-5d57-b364-aeba38527dba,Additional Requirements,e1017741-e47e-5f58-97b8-fbc3043e919f,Umbrella follows form over General Liability,"---prompt---
Determine if the Umbrella/Excess Liability policy follows form to the underlying policies. Evidence may include: language in the Description of Operations section stating the umbrella follows form to underlying coverages or an additional page endorsement stating that it follows form. Follow form means the umbrella policy adopts the same terms, conditions, and exclusions as the underlying policies.",matchOnce,must be present,,,non_compliant,Block Requirements,,,true,0,,2026-08-16
"Block Real Estate Services, LLC",69fdf75c62446148bd855f5c,69fded0d62446148bd848b50,Allure Hair Studio / Alisha N. Bauer,69fdef7403a2257cd27da147,"3rd698 - 40 Hi Center {Midwest Ketter Investments, LLC}",evidenceOfInsurance,Evidence of Insurance,6ac20aae-5728-5d57-b364-aeba38527dba,Additional Requirements,2cdd866f-c9a4-576a-afd8-1d045762790c,"The location must be listed as: 17331: 102 E. US 40 Highway, Independence, MO, 64055",,matchOnce,must be present,,,non_compliant,Block Requirements,,,true,0,,2026-08-16
"Block Real Estate Services, LLC",69fdf75c62446148bd855f5c,69fded0d62446148bd848b50,Allure Hair Studio / Alisha N. Bauer,69fdef7403a2257cd27da147,"3rd698 - 40 Hi Center {Midwest Ketter Investments, LLC}",evidenceOfInsurance,Evidence of Insurance,6ac20aae-5728-5d57-b364-aeba38527dba,Additional Requirements,3649e9d1-4e09-59bf-8f30-cb33c40cf117,"Certificate Holder must read: c/o Block Real Estate Services, LLC, 4622 Pennsylvania St., Suite 700, Kansas City, MO, 64112",,matchOnce,must be present,,,non_compliant,Block Requirements,,,true,0,,2026-08-16
"Block Real Estate Services, LLC",69fdf75c62446148bd855f68,69fded2062446148bd849147,Select Physical Therapy / Healthsouth Corp,69fdef7403a2257cd27da147,"3rd698 - 40 Hi Center {Midwest Ketter Investments, LLC}",evidenceOfInsurance,Evidence of Insurance,commercialGeneralLiability,Commercial General Liability,evidenceOfInsuranceCommercialGeneralLiabilityCoverageTriggerOccurrence,Coverage Trigger: Occurrence,,matchOnce,must be present,,Present,compliant,Block Requirements,,,false,1,,2026-08-16
"Block Real Estate Services, LLC",69fdf75c62446148bd855f68,69fded2062446148bd849147,Select Physical Therapy / Healthsouth Corp,69fdef7403a2257cd27da147,"3rd698 - 40 Hi Center {Midwest Ketter Investments, LLC}",evidenceOfInsurance,Evidence of Insurance,commercialGeneralLiability,Commercial General Liability,evidenceOfInsuranceCommercialGeneralLiabilityGeneralAggregateLimitAppliesPerLocation,General Aggregate Limit Applies per: Location,,matchOnce,must be present,,,non_compliant,Block Requirements,,,false,0,,2026-08-16
"Block Real Estate Services, LLC",69fdf75c62446148bd855f68,69fded2062446148bd849147,Select Physical Therapy / Healthsouth Corp,69fdef7403a2257cd27da147,"3rd698 - 40 Hi Center {Midwest Ketter Investments, LLC}",evidenceOfInsurance,Evidence of Insurance,commercialGeneralLiability,Commercial General Liability,evidenceOfInsuranceCommercialGeneralLiabilityEachOccurrence,Each Occurrence,,matchOnce,must be greater or equal to,1000000,10000000,compliant,Block Requirements,,,false,1,,2026-08-16
"Block Real Estate Services, LLC",69fdf75c62446148bd855f68,69fded2062446148bd849147,Select Physical Therapy / Healthsouth Corp,69fdef7403a2257cd27da147,"3rd698 - 40 Hi Center {Midwest Ketter Investments, LLC}",evidenceOfInsurance,Evidence of Insurance,commercialGeneralLiability,Commercial General Liability,evidenceOfInsuranceCommercialGeneralLiabilityGeneralAggregate,General Aggregate,,matchOnce,must be greater or equal to,2000000,10000000,compliant,Block Requirements,,,false,1,,2026-08-16
"Block Real Estate Services, LLC",69fdf75c62446148bd855f68,69fded2062446148bd849147,Select Physical Therapy / Healthsouth Corp,69fdef7403a2257cd27da147,"3rd698 - 40 Hi Center {Midwest Ketter Investments, LLC}",evidenceOfInsurance,Evidence of Insurance,commercialGeneralLiability,Commercial General Liability,evidenceOfInsuranceCommercialGeneralLiabilityWaiverOfSubrogationEndorsement,Waiver of Subrogation,"---prompt---
Determine if the insurer has waived their right of subrogation in favor of the certificate holder under the Commercial General Liability policy. Evidence may include: a checked ""Waiver of Subrogation"" box on the certificate, mention in the Description of Operations section stating ""waiver of subrogation applies"", or reference to form CG 24 04. Look for language like ""subrogation is waived"" or ""per written contract"".",matchOnce,must be present,,,non_compliant,Block Requirements,,,false,0,,2026-08-16
"Block Real Estate Services, LLC",69fdf75c62446148bd855f68,69fded2062446148bd849147,Select Physical Therapy / Healthsouth Corp,69fdef7403a2257cd27da147,"3rd698 - 40 Hi Center {Midwest Ketter Investments, LLC}",evidenceOfInsurance,Evidence of Insurance,excessOrUmbrellaLiability,Umbrella/Excess Liability,evidenceOfInsuranceExcessOrUmbrellaLiabilityOccurence,Coverage Trigger: Occurrence,,matchOnce,must be present,,Present,compliant,Block Requirements,,,false,1,,2026-08-16
"Block Real Estate Services, LLC",69fdf75c62446148bd855f68,69fded2062446148bd849147,Select Physical Therapy / Healthsouth Corp,69fdef7403a2257cd27da147,"3rd698 - 40 Hi Center {Midwest Ketter Investments, LLC}",evidenceOfInsurance,Evidence of Insurance,excessOrUmbrellaLiability,Umbrella/Excess Liability,evidenceOfInsuranceExcessOrUmbrellaLiabilityEachOccurrence,Each Occurrence,,matchOnce,must be greater or equal to,1000000,10000000,compliant,Block Requirements,,,false,1,,2026-08-16
"Block Real Estate Services, LLC",69fdf75c62446148bd855f68,69fded2062446148bd849147,Select Physical Therapy / Healthsouth Corp,69fdef7403a2257cd27da147,"3rd698 - 40 Hi Center {Midwest Ketter Investments, LLC}",evidenceOfInsurance,Evidence of Insurance,excessOrUmbrellaLiability,Umbrella/Excess Liability,evidenceOfInsuranceExcessOrUmbrellaLiabilityAggregate,Aggregate,,matchOnce,must be greater or equal to,1000000,10000000,compliant,Block Requirements,,,false,1,,2026-08-16
"Block Real Estate Services, LLC",69fdf75c62446148bd855f68,69fded2062446148bd849147,Select Physical Therapy / Healthsouth Corp,69fdef7403a2257cd27da147,"3rd698 - 40 Hi Center {Midwest Ketter Investments, LLC}",evidenceOfInsurance,Evidence of Insurance,workersCompensation,Workers' Compensation and Employer's Liability,evidenceOfInsuranceWorkersCompensationStatutoryLimits,Statutory Limits,,matchOnce,must be present,,Present,compliant,Block Requirements,,,false,1,,2026-08-16
"Block Real Estate Services, LLC",69fdf75c62446148bd855f68,69fded2062446148bd849147,Select Physical Therapy / Healthsouth Corp,69fdef7403a2257cd27da147,"3rd698 - 40 Hi Center {Midwest Ketter Investments, LLC}",evidenceOfInsurance,Evidence of Insurance,workersCompensation,Workers' Compensation and Employer's Liability,evidenceOfInsuranceWorkersCompensationEmployersLiabilityEachAccident,Employer's Liability Each Accident,,matchOnce,must be greater or equal to,500000,1000000,compliant,Block Requirements,,,false,1,,2026-08-16
"Block Real Estate Services, LLC",69fdf75c62446148bd855f68,69fded2062446148bd849147,Select Physical Therapy / Healthsouth Corp,69fdef7403a2257cd27da147,"3rd698 - 40 Hi Center {Midwest Ketter Investments, LLC}",evidenceOfInsurance,Evidence of Insurance,workersCompensation,Workers' Compensation and Employer's Liability,evidenceOfInsuranceWorkersCompensationEmployersLiabilityDiseaseEachEmployee,Employer's Liability Disease - each employee,,matchOnce,must be greater or equal to,500000,1000000,compliant,Block Requirements,,,false,1,,2026-08-16
"Block Real Estate Services, LLC",69fdf75c62446148bd855f68,69fded2062446148bd849147,Select Physical Therapy / Healthsouth Corp,69fdef7403a2257cd27da147,"3rd698 - 40 Hi Center {Midwest Ketter Investments, LLC}",evidenceOfInsurance,Evidence of Insurance,workersCompensation,Workers' Compensation and Employer's Liability,evidenceOfInsuranceWorkersCompensationEmployersLiabilityDiseasePolicyLimit,Employer's Liability Disease - policy limit,,matchOnce,must be greater or equal to,500000,1000000,compliant,Block Requirements,,,false,1,,2026-08-16
"Block Real Estate Services, LLC",69fdf75c62446148bd855f68,69fded2062446148bd849147,Select Physical Therapy / Healthsouth Corp,69fdef7403a2257cd27da147,"3rd698 - 40 Hi Center {Midwest Ketter Investments, LLC}",evidenceOfInsurance,Evidence of Insurance,workersCompensation,Workers' Compensation and Employer's Liability,evidenceOfInsuranceWorkersCompensationWaiverOfSubrogationEndorsement,Waiver of Subrogation,"---prompt---
Determine if the insurer has waived their right of subrogation in favor of the certificate holder under the Workers' Compensation policy. Evidence may include: a checked ""Waiver of Subrogation"" box on the certificate, mention in the Description of Operations section stating ""waiver of subrogation applies"", or reference to form WC 00 03 13. Look for language like ""subrogation is waived"" or ""per written contract"".",matchOnce,must be present,,,non_compliant,Block Requirements,,,false,0,,2026-08-16
"Block Real Estate Services, LLC",69fdf75c62446148bd855f68,69fded2062446148bd849147,Select Physical Therapy / Healthsouth Corp,69fdef7403a2257cd27da147,"3rd698 - 40 Hi Center {Midwest Ketter Investments, LLC}",evidenceOfInsurance,Evidence of Insurance,6ac20aae-5728-5d57-b364-aeba38527dba,Additional Requirements,4da5b0f1-4c9d-5885-8cf8-5d3cccaed3e0,"Block Real Estate Services, LLC and all others required by contract are named as Additional Insureds","---prompt---
Determine if the Description of Operations or the Additional Remarks Schedule section states the ""Additional Insured as Construction Management, Inc. and all others required by contract"" or reference to blanket additional insured coverage. Look for language like ""certificate holder is additional insured"" or ""per written contract"".",matchOnce,must be present,,Present,compliant,Block Requirements,,,true,1,,2026-08-16
"Block Real Estate Services, LLC",69fdf75c62446148bd855f68,69fded2062446148bd849147,Select Physical Therapy / Healthsouth Corp,69fdef7403a2257cd27da147,"3rd698 - 40 Hi Center {Midwest Ketter Investments, LLC}",evidenceOfInsurance,Evidence of Insurance,6ac20aae-5728-5d57-b364-aeba38527dba,Additional Requirements,e1017741-e47e-5f58-97b8-fbc3043e919f,Umbrella follows form over General Liability,"---prompt---
Determine if the Umbrella/Excess Liability policy follows form to the underlying policies. Evidence may include: language in the Description of Operations section stating the umbrella follows form to underlying coverages or an additional page endorsement stating that it follows form. Follow form means the umbrella policy adopts the same terms, conditions, and exclusions as the underlying policies.",matchOnce,must be present,,,non_compliant,Block Requirements,,,true,0,,2026-08-16
"Block Real Estate Services, LLC",69fdf75c62446148bd855f68,69fded2062446148bd849147,Select Physical Therapy / Healthsouth Corp,69fdef7403a2257cd27da147,"3rd698 - 40 Hi Center {Midwest Ketter Investments, LLC}",evidenceOfInsurance,Evidence of Insurance,6ac20aae-5728-5d57-b364-aeba38527dba,Additional Requirements,2cdd866f-c9a4-576a-afd8-1d045762790c,"The location must be listed as: 17331: 105 E. US 40 Highway, Independence, MO, 64055",,matchOnce,must be present,,,non_compliant,Block Requirements,,,true,0,,2026-08-16
"Block Real Estate Services, LLC",69fdf75c62446148bd855f68,69fded2062446148bd849147,Select Physical Therapy / Healthsouth Corp,69fdef7403a2257cd27da147,"3rd698 - 40 Hi Center {Midwest Ketter Investments, LLC}",evidenceOfInsurance,Evidence of Insurance,6ac20aae-5728-5d57-b364-aeba38527dba,Additional Requirements,3649e9d1-4e09-59bf-8f30-cb33c40cf117,"Certificate Holder must read: c/o Block Real Estate Services, LLC, 4622 Pennsylvania St., Suite 700, Kansas City, MO, 64112",,matchOnce,must be present,,Present,compliant,Block Requirements,,,true,1,,2026-08-16
"Block Real Estate Services, LLC",69fdf75c62446148bd855f64,69fded1a62446148bd848f34,Long's Shotokan Karate Academy and Martial Arts LLC,69fdef7403a2257cd27da147,"3rd698 - 40 Hi Center {Midwest Ketter Investments, LLC}",evidenceOfInsurance,Evidence of Insurance,commercialGeneralLiability,Commercial General Liability,evidenceOfInsuranceCommercialGeneralLiabilityCoverageTriggerOccurrence,Coverage Trigger: Occurrence,,matchOnce,must be present,,,non_compliant,Block Requirements,,,false,0,,2026-08-16
"Block Real Estate Services, LLC",69fdf75c62446148bd855f64,69fded1a62446148bd848f34,Long's Shotokan Karate Academy and Martial Arts LLC,69fdef7403a2257cd27da147,"3rd698 - 40 Hi Center {Midwest Ketter Investments, LLC}",evidenceOfInsurance,Evidence of Insurance,commercialGeneralLiability,Commercial General Liability,evidenceOfInsuranceCommercialGeneralLiabilityGeneralAggregateLimitAppliesPerLocation,General Aggregate Limit Applies per: Location,,matchOnce,must be present,,,non_compliant,Block Requirements,,,false,0,,2026-08-16
"Block Real Estate Services, LLC",69fdf75c62446148bd855f64,69fded1a62446148bd848f34,Long's Shotokan Karate Academy and Martial Arts LLC,69fdef7403a2257cd27da147,"3rd698 - 40 Hi Center {Midwest Ketter Investments, LLC}",evidenceOfInsurance,Evidence of Insurance,commercialGeneralLiability,Commercial General Liability,evidenceOfInsuranceCommercialGeneralLiabilityEachOccurrence,Each Occurrence,,matchOnce,must be greater or equal to,1000000,,non_compliant,Block Requirements,,,false,0,,2026-08-16
"Block Real Estate Services, LLC",69fdf75c62446148bd855f64,69fded1a62446148bd848f34,Long's Shotokan Karate Academy and Martial Arts LLC,69fdef7403a2257cd27da147,"3rd698 - 40 Hi Center {Midwest Ketter Investments, LLC}",evidenceOfInsurance,Evidence of Insurance,commercialGeneralLiability,Commercial General Liability,evidenceOfInsuranceCommercialGeneralLiabilityGeneralAggregate,General Aggregate,,matchOnce,must be greater or equal to,2000000,,non_compliant,Block Requirements,,,false,0,,2026-08-16
"Block Real Estate Services, LLC",69fdf75c62446148bd855f64,69fded1a62446148bd848f34,Long's Shotokan Karate Academy and Martial Arts LLC,69fdef7403a2257cd27da147,"3rd698 - 40 Hi Center {Midwest Ketter Investments, LLC}",evidenceOfInsurance,Evidence of Insurance,commercialGeneralLiability,Commercial General Liability,evidenceOfInsuranceCommercialGeneralLiabilityWaiverOfSubrogationEndorsement,Waiver of Subrogation,"---prompt---
Determine if the insurer has waived their right of subrogation in favor of the certificate holder under the Commercial General Liability policy. Evidence may include: a checked ""Waiver of Subrogation"" box on the certificate, mention in the Description of Operations section stating ""waiver of subrogation applies"", or reference to form CG 24 04. Look for language like ""subrogation is waived"" or ""per written contract"".",matchOnce,must be present,,,non_compliant,Block Requirements,,,false,0,,2026-08-16
"Block Real Estate Services, LLC",69fdf75c62446148bd855f64,69fded1a62446148bd848f34,Long's Shotokan Karate Academy and Martial Arts LLC,69fdef7403a2257cd27da147,"3rd698 - 40 Hi Center {Midwest Ketter Investments, LLC}",evidenceOfInsurance,Evidence of Insurance,excessOrUmbrellaLiability,Umbrella/Excess Liability,evidenceOfInsuranceExcessOrUmbrellaLiabilityOccurence,Coverage Trigger: Occurrence,,matchOnce,must be present,,,non_compliant,Block Requirements,,,false,0,,2026-08-16
"Block Real Estate Services, LLC",69fdf75c62446148bd855f64,69fded1a62446148bd848f34,Long's Shotokan Karate Academy and Martial Arts LLC,69fdef7403a2257cd27da147,"3rd698 - 40 Hi Center {Midwest Ketter Investments, LLC}",evidenceOfInsurance,Evidence of Insurance,excessOrUmbrellaLiability,Umbrella/Excess Liability,evidenceOfInsuranceExcessOrUmbrellaLiabilityEachOccurrence,Each Occurrence,,matchOnce,must be greater or equal to,1000000,,non_compliant,Block Requirements,,,false,0,,2026-08-16
"Block Real Estate Services, LLC",69fdf75c62446148bd855f64,69fded1a62446148bd848f34,Long's Shotokan Karate Academy and Martial Arts LLC,69fdef7403a2257cd27da147,"3rd698 - 40 Hi Center {Midwest Ketter Investments, LLC}",evidenceOfInsurance,Evidence of Insurance,excessOrUmbrellaLiability,Umbrella/Excess Liability,evidenceOfInsuranceExcessOrUmbrellaLiabilityAggregate,Aggregate,,matchOnce,must be greater or equal to,1000000,,non_compliant,Block Requirements,,,false,0,,2026-08-16
"Block Real Estate Services, LLC",69fdf75c62446148bd855f64,69fded1a62446148bd848f34,Long's Shotokan Karate Academy and Martial Arts LLC,69fdef7403a2257cd27da147,"3rd698 - 40 Hi Center {Midwest Ketter Investments, LLC}",evidenceOfInsurance,Evidence of Insurance,workersCompensation,Workers' Compensation and Employer's Liability,evidenceOfInsuranceWorkersCompensationStatutoryLimits,Statutory Limits,,matchOnce,must be present,,,non_compliant,Block Requirements,,,false,0,,2026-08-16
"Block Real Estate Services, LLC",69fdf75c62446148bd855f64,69fded1a62446148bd848f34,Long's Shotokan Karate Academy and Martial Arts LLC,69fdef7403a2257cd27da147,"3rd698 - 40 Hi Center {Midwest Ketter Investments, LLC}",evidenceOfInsurance,Evidence of Insurance,workersCompensation,Workers' Compensation and Employer's Liability,evidenceOfInsuranceWorkersCompensationEmployersLiabilityEachAccident,Employer's Liability Each Accident,,matchOnce,must be greater or equal to,500000,,non_compliant,Block Requirements,,,false,0,,2026-08-16
"Block Real Estate Services, LLC",69fdf75c62446148bd855f64,69fded1a62446148bd848f34,Long's Shotokan Karate Academy and Martial Arts LLC,69fdef7403a2257cd27da147,"3rd698 - 40 Hi Center {Midwest Ketter Investments, LLC}",evidenceOfInsurance,Evidence of Insurance,workersCompensation,Workers' Compensation and Employer's Liability,evidenceOfInsuranceWorkersCompensationEmployersLiabilityDiseaseEachEmployee,Employer's Liability Disease - each employee,,matchOnce,must be greater or equal to,500000,,non_compliant,Block Requirements,,,false,0,,2026-08-16
"Block Real Estate Services, LLC",69fdf75c62446148bd855f64,69fded1a62446148bd848f34,Long's Shotokan Karate Academy and Martial Arts LLC,69fdef7403a2257cd27da147,"3rd698 - 40 Hi Center {Midwest Ketter Investments, LLC}",evidenceOfInsurance,Evidence of Insurance,workersCompensation,Workers' Compensation and Employer's Liability,evidenceOfInsuranceWorkersCompensationEmployersLiabilityDiseasePolicyLimit,Employer's Liability Disease - policy limit,,matchOnce,must be greater or equal to,500000,,non_compliant,Block Requirements,,,false,0,,2026-08-16
"Block Real Estate Services, LLC",69fdf75c62446148bd855f64,69fded1a62446148bd848f34,Long's Shotokan Karate Academy and Martial Arts LLC,69fdef7403a2257cd27da147,"3rd698 - 40 Hi Center {Midwest Ketter Investments, LLC}",evidenceOfInsurance,Evidence of Insurance,workersCompensation,Workers' Compensation and Employer's Liability,evidenceOfInsuranceWorkersCompensationWaiverOfSubrogationEndorsement,Waiver of Subrogation,"---prompt---
Determine if the insurer has waived their right of subrogation in favor of the certificate holder under the Workers' Compensation policy. Evidence may include: a checked ""Waiver of Subrogation"" box on the certificate, mention in the Description of Operations section stating ""waiver of subrogation applies"", or reference to form WC 00 03 13. Look for language like ""subrogation is waived"" or ""per written contract"".",matchOnce,must be present,,,non_compliant,Block Requirements,,,false,0,,2026-08-16
"Block Real Estate Services, LLC",69fdf75c62446148bd855f64,69fded1a62446148bd848f34,Long's Shotokan Karate Academy and Martial Arts LLC,69fdef7403a2257cd27da147,"3rd698 - 40 Hi Center {Midwest Ketter Investments, LLC}",evidenceOfInsurance,Evidence of Insurance,6ac20aae-5728-5d57-b364-aeba38527dba,Additional Requirements,4da5b0f1-4c9d-5885-8cf8-5d3cccaed3e0,"Block Real Estate Services, LLC and all others required by contract are named as Additional Insureds","---prompt---
Determine if the Description of Operations or the Additional Remarks Schedule section states the ""Additional Insured as Construction Management, Inc. and all others required by contract"" or reference to blanket additional insured coverage. Look for language like ""certificate holder is additional insured"" or ""per written contract"".",matchOnce,must be present,,,non_compliant,Block Requirements,,,true,0,,2026-08-16
"Block Real Estate Services, LLC",69fdf75c62446148bd855f64,69fded1a62446148bd848f34,Long's Shotokan Karate Academy and Martial Arts LLC,69fdef7403a2257cd27da147,"3rd698 - 40 Hi Center {Midwest Ketter Investments, LLC}",evidenceOfInsurance,Evidence of Insurance,6ac20aae-5728-5d57-b364-aeba38527dba,Additional Requirements,e1017741-e47e-5f58-97b8-fbc3043e919f,Umbrella follows form over General Liability,"---prompt---
Determine if the Umbrella/Excess Liability policy follows form to the underlying policies. Evidence may include: language in the Description of Operations section stating the umbrella follows form to underlying coverages or an additional page endorsement stating that it follows form. Follow form means the umbrella policy adopts the same terms, conditions, and exclusions as the underlying policies.",matchOnce,must be present,,,non_compliant,Block Requirements,,,true,0,,2026-08-16
"Block Real Estate Services, LLC",69fdf75c62446148bd855f64,69fded1a62446148bd848f34,Long's Shotokan Karate Academy and Martial Arts LLC,69fdef7403a2257cd27da147,"3rd698 - 40 Hi Center {Midwest Ketter Investments, LLC}",evidenceOfInsurance,Evidence of Insurance,6ac20aae-5728-5d57-b364-aeba38527dba,Additional Requirements,2cdd866f-c9a4-576a-afd8-1d045762790c,"The location must be listed as: 17501: 217 E. US 40 Highway, Independence, MO, 64055",,matchOnce,must be present,,,non_compliant,Block Requirements,,,true,0,,2026-08-16
"Block Real Estate Services, LLC",69fdf75c62446148bd855f64,69fded1a62446148bd848f34,Long's Shotokan Karate Academy and Martial Arts LLC,69fdef7403a2257cd27da147,"3rd698 - 40 Hi Center {Midwest Ketter Investments, LLC}",evidenceOfInsurance,Evidence of Insurance,6ac20aae-5728-5d57-b364-aeba38527dba,Additional Requirements,3649e9d1-4e09-59bf-8f30-cb33c40cf117,"Certificate Holder must read: c/o Block Real Estate Services, LLC, 4622 Pennsylvania St., Suite 700, Kansas City, MO, 64112",,matchOnce,must be present,,,non_compliant,Block Requirements,,,true,0,,2026-08-16
"Block Real Estate Services, LLC",69fdf75c62446148bd855f67,69fded1d62446148bd849051,"Hydro Ponics / River Market Hydro / Palm Green, LLC",69fdef7403a2257cd27da147,"3rd698 - 40 Hi Center {Midwest Ketter Investments, LLC}",evidenceOfInsurance,Evidence of Insurance,commercialGeneralLiability,Commercial General Liability,evidenceOfInsuranceCommercialGeneralLiabilityCoverageTriggerOccurrence,Coverage Trigger: Occurrence,,matchOnce,must be present,,Present,compliant,Block Requirements,,,false,1,,2026-08-16
"Block Real Estate Services, LLC",69fdf75c62446148bd855f67,69fded1d62446148bd849051,"Hydro Ponics / River Market Hydro / Palm Green, LLC",69fdef7403a2257cd27da147,"3rd698 - 40 Hi Center {Midwest Ketter Investments, LLC}",evidenceOfInsurance,Evidence of Insurance,commercialGeneralLiability,Commercial General Liability,evidenceOfInsuranceCommercialGeneralLiabilityGeneralAggregateLimitAppliesPerLocation,General Aggregate Limit Applies per: Location,,matchOnce,must be present,,,non_compliant,Block Requirements,,,false,0,,2026-08-16
"Block Real Estate Services, LLC",69fdf75c62446148bd855f67,69fded1d62446148bd849051,"Hydro Ponics / River Market Hydro / Palm Green, LLC",69fdef7403a2257cd27da147,"3rd698 - 40 Hi Center {Midwest Ketter Investments, LLC}",evidenceOfInsurance,Evidence of Insurance,commercialGeneralLiability,Commercial General Liability,evidenceOfInsuranceCommercialGeneralLiabilityEachOccurrence,Each Occurrence,,matchOnce,must be greater or equal to,1000000,1000000,compliant,Block Requirements,,,false,1,,2026-08-16
"Block Real Estate Services, LLC",69fdf75c62446148bd855f67,69fded1d62446148bd849051,"Hydro Ponics / River Market Hydro / Palm Green, LLC",69fdef7403a2257cd27da147,"3rd698 - 40 Hi Center {Midwest Ketter Investments, LLC}",evidenceOfInsurance,Evidence of Insurance,commercialGeneralLiability,Commercial General Liability,evidenceOfInsuranceCommercialGeneralLiabilityGeneralAggregate,General Aggregate,,matchOnce,must be greater or equal to,2000000,2000000,compliant,Block Requirements,,,false,1,,2026-08-16
"Block Real Estate Services, LLC",69fdf75c62446148bd855f67,69fded1d62446148bd849051,"Hydro Ponics / River Market Hydro / Palm Green, LLC",69fdef7403a2257cd27da147,"3rd698 - 40 Hi Center {Midwest Ketter Investments, LLC}",evidenceOfInsurance,Evidence of Insurance,commercialGeneralLiability,Commercial General Liability,evidenceOfInsuranceCommercialGeneralLiabilityWaiverOfSubrogationEndorsement,Waiver of Subrogation,"---prompt---
Determine if the insurer has waived their right of subrogation in favor of the certificate holder under the Commercial General Liability policy. Evidence may include: a checked ""Waiver of Subrogation"" box on the certificate, mention in the Description of Operations section stating ""waiver of subrogation applies"", or reference to form CG 24 04. Look for language like ""subrogation is waived"" or ""per written contract"".",matchOnce,must be present,,Present,compliant,Block Requirements,,,false,1,,2026-08-16
"Block Real Estate Services, LLC",69fdf75c62446148bd855f67,69fded1d62446148bd849051,"Hydro Ponics / River Market Hydro / Palm Green, LLC",69fdef7403a2257cd27da147,"3rd698 - 40 Hi Center {Midwest Ketter Investments, LLC}",evidenceOfInsurance,Evidence of Insurance,excessOrUmbrellaLiability,Umbrella/Excess Liability,evidenceOfInsuranceExcessOrUmbrellaLiabilityOccurence,Coverage Trigger: Occurrence,,matchOnce,must be present,,,non_compliant,Block Requirements,,,false,0,,2026-08-16
"Block Real Estate Services, LLC",69fdf75c62446148bd855f67,69fded1d62446148bd849051,"Hydro Ponics / River Market Hydro / Palm Green, LLC",69fdef7403a2257cd27da147,"3rd698 - 40 Hi Center {Midwest Ketter Investments, LLC}",evidenceOfInsurance,Evidence of Insurance,excessOrUmbrellaLiability,Umbrella/Excess Liability,evidenceOfInsuranceExcessOrUmbrellaLiabilityEachOccurrence,Each Occurrence,,matchOnce,must be greater or equal to,1000000,,non_compliant,Block Requirements,,,false,0,,2026-08-16
"Block Real Estate Services, LLC",69fdf75c62446148bd855f67,69fded1d62446148bd849051,"Hydro Ponics / River Market Hydro / Palm Green, LLC",69fdef7403a2257cd27da147,"3rd698 - 40 Hi Center {Midwest Ketter Investments, LLC}",evidenceOfInsurance,Evidence of Insurance,excessOrUmbrellaLiability,Umbrella/Excess Liability,evidenceOfInsuranceExcessOrUmbrellaLiabilityAggregate,Aggregate,,matchOnce,must be greater or equal to,1000000,,non_compliant,Block Requirements,,,false,0,,2026-08-16
"Block Real Estate Services, LLC",69fdf75c62446148bd855f67,69fded1d62446148bd849051,"Hydro Ponics / River Market Hydro / Palm Green, LLC",69fdef7403a2257cd27da147,"3rd698 - 40 Hi Center {Midwest Ketter Investments, LLC}",evidenceOfInsurance,Evidence of Insurance,workersCompensation,Workers' Compensation and Employer's Liability,evidenceOfInsuranceWorkersCompensationStatutoryLimits,Statutory Limits,,matchOnce,must be present,,,non_compliant,Block Requirements,,,false,0,,2026-08-16
"Block Real Estate Services, LLC",69fdf75c62446148bd855f67,69fded1d62446148bd849051,"Hydro Ponics / River Market Hydro / Palm Green, LLC",69fdef7403a2257cd27da147,"3rd698 - 40 Hi Center {Midwest Ketter Investments, LLC}",evidenceOfInsurance,Evidence of Insurance,workersCompensation,Workers' Compensation and Employer's Liability,evidenceOfInsuranceWorkersCompensationEmployersLiabilityEachAccident,Employer's Liability Each Accident,,matchOnce,must be greater or equal to,500000,,non_compliant,Block Requirements,,,false,0,,2026-08-16
"Block Real Estate Services, LLC",69fdf75c62446148bd855f67,69fded1d62446148bd849051,"Hydro Ponics / River Market Hydro / Palm Green, LLC",69fdef7403a2257cd27da147,"3rd698 - 40 Hi Center {Midwest Ketter Investments, LLC}",evidenceOfInsurance,Evidence of Insurance,workersCompensation,Workers' Compensation and Employer's Liability,evidenceOfInsuranceWorkersCompensationEmployersLiabilityDiseaseEachEmployee,Employer's Liability Disease - each employee,,matchOnce,must be greater or equal to,500000,,non_compliant,Block Requirements,,,false,0,,2026-08-16
"Block Real Estate Services, LLC",69fdf75c62446148bd855f67,69fded1d62446148bd849051,"Hydro Ponics / River Market Hydro / Palm Green, LLC",69fdef7403a2257cd27da147,"3rd698 - 40 Hi Center {Midwest Ketter Investments, LLC}",evidenceOfInsurance,Evidence of Insurance,workersCompensation,Workers' Compensation and Employer's Liability,evidenceOfInsuranceWorkersCompensationEmployersLiabilityDiseasePolicyLimit,Employer's Liability Disease - policy limit,,matchOnce,must be greater or equal to,500000,,non_compliant,Block Requirements,,,false,0,,2026-08-16
"Block Real Estate Services, LLC",69fdf75c62446148bd855f67,69fded1d62446148bd849051,"Hydro Ponics / River Market Hydro / Palm Green, LLC",69fdef7403a2257cd27da147,"3rd698 - 40 Hi Center {Midwest Ketter Investments, LLC}",evidenceOfInsurance,Evidence of Insurance,workersCompensation,Workers' Compensation and Employer's Liability,evidenceOfInsuranceWorkersCompensationWaiverOfSubrogationEndorsement,Waiver of Subrogation,"---prompt---
Determine if the insurer has waived their right of subrogation in favor of the certificate holder under the Workers' Compensation policy. Evidence may include: a checked ""Waiver of Subrogation"" box on the certificate, mention in the Description of Operations section stating ""waiver of subrogation applies"", or reference to form WC 00 03 13. Look for language like ""subrogation is waived"" or ""per written contract"".",matchOnce,must be present,,,non_compliant,Block Requirements,,,false,0,,2026-08-16
"Block Real Estate Services, LLC",69fdf75c62446148bd855f67,69fded1d62446148bd849051,"Hydro Ponics / River Market Hydro / Palm Green, LLC",69fdef7403a2257cd27da147,"3rd698 - 40 Hi Center {Midwest Ketter Investments, LLC}",evidenceOfInsurance,Evidence of Insurance,6ac20aae-5728-5d57-b364-aeba38527dba,Additional Requirements,4da5b0f1-4c9d-5885-8cf8-5d3cccaed3e0,"Block Real Estate Services, LLC and all others required by contract are named as Additional Insureds","---prompt---
Determine if the Description of Operations or the Additional Remarks Schedule section states the ""Additional Insured as Construction Management, Inc. and all others required by contract"" or reference to blanket additional insured coverage. Look for language like ""certificate holder is additional insured"" or ""per written contract"".",matchOnce,must be present,,Present,compliant,Block Requirements,,,true,1,,2026-08-16
"Block Real Estate Services, LLC",69fdf75c62446148bd855f67,69fded1d62446148bd849051,"Hydro Ponics / River Market Hydro / Palm Green, LLC",69fdef7403a2257cd27da147,"3rd698 - 40 Hi Center {Midwest Ketter Investments, LLC}",evidenceOfInsurance,Evidence of Insurance,6ac20aae-5728-5d57-b364-aeba38527dba,Additional Requirements,e1017741-e47e-5f58-97b8-fbc3043e919f,Umbrella follows form over General Liability,"---prompt---
Determine if the Umbrella/Excess Liability policy follows form to the underlying policies. Evidence may include: language in the Description of Operations section stating the umbrella follows form to underlying coverages or an additional page endorsement stating that it follows form. Follow form means the umbrella policy adopts the same terms, conditions, and exclusions as the underlying policies.",matchOnce,must be present,,,non_compliant,Block Requirements,,,true,0,,2026-08-16
"Block Real Estate Services, LLC",69fdf75c62446148bd855f67,69fded1d62446148bd849051,"Hydro Ponics / River Market Hydro / Palm Green, LLC",69fdef7403a2257cd27da147,"3rd698 - 40 Hi Center {Midwest Ketter Investments, LLC}",evidenceOfInsurance,Evidence of Insurance,6ac20aae-5728-5d57-b364-aeba38527dba,Additional Requirements,2cdd866f-c9a4-576a-afd8-1d045762790c,"The location must be listed as: 17501: 218 E. US 40 Highway, Independence, MO, 64055",,matchOnce,must be present,,Present,compliant,Block Requirements,,,true,1,,2026-08-16
"Block Real Estate Services, LLC",69fdf75c62446148bd855f67,69fded1d62446148bd849051,"Hydro Ponics / River Market Hydro / Palm Green, LLC",69fdef7403a2257cd27da147,"3rd698 - 40 Hi Center {Midwest Ketter Investments, LLC}",evidenceOfInsurance,Evidence of Insurance,6ac20aae-5728-5d57-b364-aeba38527dba,Additional Requirements,3649e9d1-4e09-59bf-8f30-cb33c40cf117,"Certificate Holder must read: c/o Block Real Estate Services, LLC, 4622 Pennsylvania St., Suite 700, Kansas City, MO, 64112",,matchOnce,must be present,,Present,compliant,Block Requirements,,,true,1,,2026-08-16
"Block Real Estate Services, LLC",6a1757fd6bce9a8c3c226627,6a1757dbf2985118876d7f9a,Afrah Event Center / Astro Ventures,69fdef7403a2257cd27da147,"3rd698 - 40 Hi Center {Midwest Ketter Investments, LLC}",evidenceOfInsurance,Evidence of Insurance,commercialGeneralLiability,Commercial General Liability,evidenceOfInsuranceCommercialGeneralLiabilityCoverageTriggerOccurrence,Coverage Trigger: Occurrence,,matchOnce,must be present,,Present,compliant,Block Requirements,,,false,1,,2026-08-16
"Block Real Estate Services, LLC",6a1757fd6bce9a8c3c226627,6a1757dbf2985118876d7f9a,Afrah Event Center / Astro Ventures,69fdef7403a2257cd27da147,"3rd698 - 40 Hi Center {Midwest Ketter Investments, LLC}",evidenceOfInsurance,Evidence of Insurance,commercialGeneralLiability,Commercial General Liability,evidenceOfInsuranceCommercialGeneralLiabilityGeneralAggregateLimitAppliesPerLocation,General Aggregate Limit Applies per: Location,,matchOnce,must be present,,,non_compliant,Block Requirements,,,false,0,,2026-08-16
"Block Real Estate Services, LLC",6a1757fd6bce9a8c3c226627,6a1757dbf2985118876d7f9a,Afrah Event Center / Astro Ventures,69fdef7403a2257cd27da147,"3rd698 - 40 Hi Center {Midwest Ketter Investments, LLC}",evidenceOfInsurance,Evidence of Insurance,commercialGeneralLiability,Commercial General Liability,evidenceOfInsuranceCommercialGeneralLiabilityEachOccurrence,Each Occurrence,,matchOnce,must be greater or equal to,1000000,1000000,compliant,Block Requirements,,,false,1,,2026-08-16
"Block Real Estate Services, LLC",6a1757fd6bce9a8c3c226627,6a1757dbf2985118876d7f9a,Afrah Event Center / Astro Ventures,69fdef7403a2257cd27da147,"3rd698 - 40 Hi Center {Midwest Ketter Investments, LLC}",evidenceOfInsurance,Evidence of Insurance,commercialGeneralLiability,Commercial General Liability,evidenceOfInsuranceCommercialGeneralLiabilityGeneralAggregate,General Aggregate,,matchOnce,must be greater or equal to,2000000,2000000,compliant,Block Requirements,,,false,1,,2026-08-16
"Block Real Estate Services, LLC",6a1757fd6bce9a8c3c226627,6a1757dbf2985118876d7f9a,Afrah Event Center / Astro Ventures,69fdef7403a2257cd27da147,"3rd698 - 40 Hi Center {Midwest Ketter Investments, LLC}",evidenceOfInsurance,Evidence of Insurance,commercialGeneralLiability,Commercial General Liability,evidenceOfInsuranceCommercialGeneralLiabilityWaiverOfSubrogationEndorsement,Waiver of Subrogation,"---prompt---
Determine if the insurer has waived their right of subrogation in favor of the certificate holder under the Commercial General Liability policy. Evidence may include: a checked ""Waiver of Subrogation"" box on the certificate, mention in the Description of Operations section stating ""waiver of subrogation applies"", or reference to form CG 24 04. Look for language like ""subrogation is waived"" or ""per written contract"".",matchOnce,must be present,,,non_compliant,Block Requirements,,,false,0,,2026-08-16
"Block Real Estate Services, LLC",6a1757fd6bce9a8c3c226627,6a1757dbf2985118876d7f9a,Afrah Event Center / Astro Ventures,69fdef7403a2257cd27da147,"3rd698 - 40 Hi Center {Midwest Ketter Investments, LLC}",evidenceOfInsurance,Evidence of Insurance,excessOrUmbrellaLiability,Umbrella/Excess Liability,evidenceOfInsuranceExcessOrUmbrellaLiabilityOccurence,Coverage Trigger: Occurrence,,matchOnce,must be present,,,non_compliant,Block Requirements,,,false,0,,2026-08-16
"Block Real Estate Services, LLC",6a1757fd6bce9a8c3c226627,6a1757dbf2985118876d7f9a,Afrah Event Center / Astro Ventures,69fdef7403a2257cd27da147,"3rd698 - 40 Hi Center {Midwest Ketter Investments, LLC}",evidenceOfInsurance,Evidence of Insurance,excessOrUmbrellaLiability,Umbrella/Excess Liability,evidenceOfInsuranceExcessOrUmbrellaLiabilityEachOccurrence,Each Occurrence,,matchOnce,must be greater or equal to,1000000,,non_compliant,Block Requirements,,,false,0,,2026-08-16
"Block Real Estate Services, LLC",6a1757fd6bce9a8c3c226627,6a1757dbf2985118876d7f9a,Afrah Event Center / Astro Ventures,69fdef7403a2257cd27da147,"3rd698 - 40 Hi Center {Midwest Ketter Investments, LLC}",evidenceOfInsurance,Evidence of Insurance,excessOrUmbrellaLiability,Umbrella/Excess Liability,evidenceOfInsuranceExcessOrUmbrellaLiabilityAggregate,Aggregate,,matchOnce,must be greater or equal to,1000000,,non_compliant,Block Requirements,,,false,0,,2026-08-16
"Block Real Estate Services, LLC",6a1757fd6bce9a8c3c226627,6a1757dbf2985118876d7f9a,Afrah Event Center / Astro Ventures,69fdef7403a2257cd27da147,"3rd698 - 40 Hi Center {Midwest Ketter Investments, LLC}",evidenceOfInsurance,Evidence of Insurance,workersCompensation,Workers' Compensation and Employer's Liability,evidenceOfInsuranceWorkersCompensationStatutoryLimits,Statutory Limits,,matchOnce,must be present,,,non_compliant,Block Requirements,,,false,0,,2026-08-16
"Block Real Estate Services, LLC",6a1757fd6bce9a8c3c226627,6a1757dbf2985118876d7f9a,Afrah Event Center / Astro Ventures,69fdef7403a2257cd27da147,"3rd698 - 40 Hi Center {Midwest Ketter Investments, LLC}",evidenceOfInsurance,Evidence of Insurance,workersCompensation,Workers' Compensation and Employer's Liability,evidenceOfInsuranceWorkersCompensationEmployersLiabilityEachAccident,Employer's Liability Each Accident,,matchOnce,must be greater or equal to,500000,,non_compliant,Block Requirements,,,false,0,,2026-08-16
"Block Real Estate Services, LLC",6a1757fd6bce9a8c3c226627,6a1757dbf2985118876d7f9a,Afrah Event Center / Astro Ventures,69fdef7403a2257cd27da147,"3rd698 - 40 Hi Center {Midwest Ketter Investments, LLC}",evidenceOfInsurance,Evidence of Insurance,workersCompensation,Workers' Compensation and Employer's Liability,evidenceOfInsuranceWorkersCompensationEmployersLiabilityDiseaseEachEmployee,Employer's Liability Disease - each employee,,matchOnce,must be greater or equal to,500000,,non_compliant,Block Requirements,,,false,0,,2026-08-16
"Block Real Estate Services, LLC",6a1757fd6bce9a8c3c226627,6a1757dbf2985118876d7f9a,Afrah Event Center / Astro Ventures,69fdef7403a2257cd27da147,"3rd698 - 40 Hi Center {Midwest Ketter Investments, LLC}",evidenceOfInsurance,Evidence of Insurance,workersCompensation,Workers' Compensation and Employer's Liability,evidenceOfInsuranceWorkersCompensationEmployersLiabilityDiseasePolicyLimit,Employer's Liability Disease - policy limit,,matchOnce,must be greater or equal to,500000,,non_compliant,Block Requirements,,,false,0,,2026-08-16
"Block Real Estate Services, LLC",6a1757fd6bce9a8c3c226627,6a1757dbf2985118876d7f9a,Afrah Event Center / Astro Ventures,69fdef7403a2257cd27da147,"3rd698 - 40 Hi Center {Midwest Ketter Investments, LLC}",evidenceOfInsurance,Evidence of Insurance,workersCompensation,Workers' Compensation and Employer's Liability,evidenceOfInsuranceWorkersCompensationWaiverOfSubrogationEndorsement,Waiver of Subrogation,"---prompt---
Determine if the insurer has waived their right of subrogation in favor of the certificate holder under the Workers' Compensation policy. Evidence may include: a checked ""Waiver of Subrogation"" box on the certificate, mention in the Description of Operations section stating ""waiver of subrogation applies"", or reference to form WC 00 03 13. Look for language like ""subrogation is waived"" or ""per written contract"".",matchOnce,must be present,,,non_compliant,Block Requirements,,,false,0,,2026-08-16
"Block Real Estate Services, LLC",6a1757fd6bce9a8c3c226627,6a1757dbf2985118876d7f9a,Afrah Event Center / Astro Ventures,69fdef7403a2257cd27da147,"3rd698 - 40 Hi Center {Midwest Ketter Investments, LLC}",evidenceOfInsurance,Evidence of Insurance,6ac20aae-5728-5d57-b364-aeba38527dba,Additional Requirements,4da5b0f1-4c9d-5885-8cf8-5d3cccaed3e0,"Block Real Estate Services, LLC and all others required by contract are named as Additional Insureds","---prompt---
Determine if the Description of Operations or the Additional Remarks Schedule section states the ""Additional Insured as Construction Management, Inc. and all others required by contract"" or reference to blanket additional insured coverage. Look for language like ""certificate holder is additional insured"" or ""per written contract"".",matchOnce,must be present,,,non_compliant,Block Requirements,,,true,0,,2026-08-16
"Block Real Estate Services, LLC",6a1757fd6bce9a8c3c226627,6a1757dbf2985118876d7f9a,Afrah Event Center / Astro Ventures,69fdef7403a2257cd27da147,"3rd698 - 40 Hi Center {Midwest Ketter Investments, LLC}",evidenceOfInsurance,Evidence of Insurance,6ac20aae-5728-5d57-b364-aeba38527dba,Additional Requirements,e1017741-e47e-5f58-97b8-fbc3043e919f,Umbrella follows form over General Liability,"---prompt---
Determine if the Umbrella/Excess Liability policy follows form to the underlying policies. Evidence may include: language in the Description of Operations section stating the umbrella follows form to underlying coverages or an additional page endorsement stating that it follows form. Follow form means the umbrella policy adopts the same terms, conditions, and exclusions as the underlying policies.",matchOnce,must be present,,,non_compliant,Block Requirements,,,true,0,,2026-08-16
"Block Real Estate Services, LLC",6a1757fd6bce9a8c3c226627,6a1757dbf2985118876d7f9a,Afrah Event Center / Astro Ventures,69fdef7403a2257cd27da147,"3rd698 - 40 Hi Center {Midwest Ketter Investments, LLC}",evidenceOfInsurance,Evidence of Insurance,6ac20aae-5728-5d57-b364-aeba38527dba,Additional Requirements,2cdd866f-c9a4-576a-afd8-1d045762790c,"The location must be listed as: 17331: 101-C E. US 40 Highway, Independence, MO, 64055",,matchOnce,must be present,,,non_compliant,Block Requirements,,,true,0,,2026-08-16
"Block Real Estate Services, LLC",6a1757fd6bce9a8c3c226627,6a1757dbf2985118876d7f9a,Afrah Event Center / Astro Ventures,69fdef7403a2257cd27da147,"3rd698 - 40 Hi Center {Midwest Ketter Investments, LLC}",evidenceOfInsurance,Evidence of Insurance,6ac20aae-5728-5d57-b364-aeba38527dba,Additional Requirements,3649e9d1-4e09-59bf-8f30-cb33c40cf117,"Certificate Holder must read: c/o Block Real Estate Services, LLC, 4622 Pennsylvania St., Suite 700, Kansas City, MO, 64112",,matchOnce,must be present,,,non_compliant,Block Requirements,,,true,0,,2026-08-16
"Block Real Estate Services, LLC",69fdf76e62446148bd8573e4,69fded1162446148bd848ca0,"CKF / Consolidated Supply, Inc.",69fdf04d03a2257cd27de3b8,"kc2703 - Brookhollow I {Flint 1, LLC}",evidenceOfInsurance,Evidence of Insurance,commercialGeneralLiability,Commercial General Liability,evidenceOfInsuranceCommercialGeneralLiabilityCoverageTriggerOccurrence,Coverage Trigger: Occurrence,,matchOnce,must be present,,Present,compliant,Block Requirements,,,false,1,,2026-08-16
"Block Real Estate Services, LLC",69fdf76e62446148bd8573e4,69fded1162446148bd848ca0,"CKF / Consolidated Supply, Inc.",69fdf04d03a2257cd27de3b8,"kc2703 - Brookhollow I {Flint 1, LLC}",evidenceOfInsurance,Evidence of Insurance,commercialGeneralLiability,Commercial General Liability,evidenceOfInsuranceCommercialGeneralLiabilityGeneralAggregateLimitAppliesPerLocation,General Aggregate Limit Applies per: Location,,matchOnce,must be present,,Present,compliant,Block Requirements,,,false,1,,2026-08-16
"Block Real Estate Services, LLC",69fdf76e62446148bd8573e4,69fded1162446148bd848ca0,"CKF / Consolidated Supply, Inc.",69fdf04d03a2257cd27de3b8,"kc2703 - Brookhollow I {Flint 1, LLC}",evidenceOfInsurance,Evidence of Insurance,commercialGeneralLiability,Commercial General Liability,evidenceOfInsuranceCommercialGeneralLiabilityEachOccurrence,Each Occurrence,,matchOnce,must be greater or equal to,1000000,1000000,compliant,Block Requirements,,,false,1,,2026-08-16
"Block Real Estate Services, LLC",69fdf76e62446148bd8573e4,69fded1162446148bd848ca0,"CKF / Consolidated Supply, Inc.",69fdf04d03a2257cd27de3b8,"kc2703 - Brookhollow I {Flint 1, LLC}",evidenceOfInsurance,Evidence of Insurance,commercialGeneralLiability,Commercial General Liability,evidenceOfInsuranceCommercialGeneralLiabilityGeneralAggregate,General Aggregate,,matchOnce,must be greater or equal to,2000000,2000000,compliant,Block Requirements,,,false,1,,2026-08-16
"Block Real Estate Services, LLC",69fdf76e62446148bd8573e4,69fded1162446148bd848ca0,"CKF / Consolidated Supply, Inc.",69fdf04d03a2257cd27de3b8,"kc2703 - Brookhollow I {Flint 1, LLC}",evidenceOfInsurance,Evidence of Insurance,commercialGeneralLiability,Commercial General Liability,evidenceOfInsuranceCommercialGeneralLiabilityWaiverOfSubrogationEndorsement,Waiver of Subrogation,"---prompt---
Determine if the insurer has waived their right of subrogation in favor of the certificate holder under the Commercial General Liability policy. Evidence may include: a checked ""Waiver of Subrogation"" box on the certificate, mention in the Description of Operations section stating ""waiver of subrogation applies"", or reference to form CG 24 04. Look for language like ""subrogation is waived"" or ""per written contract"".",matchOnce,must be present,,Present,compliant,Block Requirements,,,false,1,,2026-08-16
"Block Real Estate Services, LLC",69fdf76e62446148bd8573e4,69fded1162446148bd848ca0,"CKF / Consolidated Supply, Inc.",69fdf04d03a2257cd27de3b8,"kc2703 - Brookhollow I {Flint 1, LLC}",evidenceOfInsurance,Evidence of Insurance,excessOrUmbrellaLiability,Umbrella/Excess Liability,evidenceOfInsuranceExcessOrUmbrellaLiabilityOccurence,Coverage Trigger: Occurrence,,matchOnce,must be present,,Present,compliant,Block Requirements,,,false,1,,2026-08-16
"Block Real Estate Services, LLC",69fdf76e62446148bd8573e4,69fded1162446148bd848ca0,"CKF / Consolidated Supply, Inc.",69fdf04d03a2257cd27de3b8,"kc2703 - Brookhollow I {Flint 1, LLC}",evidenceOfInsurance,Evidence of Insurance,excessOrUmbrellaLiability,Umbrella/Excess Liability,evidenceOfInsuranceExcessOrUmbrellaLiabilityEachOccurrence,Each Occurrence,,matchOnce,must be greater or equal to,1000000,10000000,compliant,Block Requirements,,,false,1,,2026-08-16
"Block Real Estate Services, LLC",69fdf76e62446148bd8573e4,69fded1162446148bd848ca0,"CKF / Consolidated Supply, Inc.",69fdf04d03a2257cd27de3b8,"kc2703 - Brookhollow I {Flint 1, LLC}",evidenceOfInsurance,Evidence of Insurance,excessOrUmbrellaLiability,Umbrella/Excess Liability,evidenceOfInsuranceExcessOrUmbrellaLiabilityAggregate,Aggregate,,matchOnce,must be greater or equal to,1000000,10000000,compliant,Block Requirements,,,false,1,,2026-08-16
"Block Real Estate Services, LLC",69fdf76e62446148bd8573e4,69fded1162446148bd848ca0,"CKF / Consolidated Supply, Inc.",69fdf04d03a2257cd27de3b8,"kc2703 - Brookhollow I {Flint 1, LLC}",evidenceOfInsurance,Evidence of Insurance,workersCompensation,Workers' Compensation and Employer's Liability,evidenceOfInsuranceWorkersCompensationStatutoryLimits,Statutory Limits,,matchOnce,must be present,,Present,compliant,Block Requirements,,,false,1,,2026-08-16
"Block Real Estate Services, LLC",69fdf76e62446148bd8573e4,69fded1162446148bd848ca0,"CKF / Consolidated Supply, Inc.",69fdf04d03a2257cd27de3b8,"kc2703 - Brookhollow I {Flint 1, LLC}",evidenceOfInsurance,Evidence of Insurance,workersCompensation,Workers' Compensation and Employer's Liability,evidenceOfInsuranceWorkersCompensationEmployersLiabilityEachAccident,Employer's Liability Each Accident,,matchOnce,must be greater or equal to,500000,1000000,compliant,Block Requirements,,,false,1,,2026-08-16
"Block Real Estate Services, LLC",69fdf76e62446148bd8573e4,69fded1162446148bd848ca0,"CKF / Consolidated Supply, Inc.",69fdf04d03a2257cd27de3b8,"kc2703 - Brookhollow I {Flint 1, LLC}",evidenceOfInsurance,Evidence of Insurance,workersCompensation,Workers' Compensation and Employer's Liability,evidenceOfInsuranceWorkersCompensationEmployersLiabilityDiseaseEachEmployee,Employer's Liability Disease - each employee,,matchOnce,must be greater or equal to,500000,1000000,compliant,Block Requirements,,,false,1,,2026-08-16
"Block Real Estate Services, LLC",69fdf76e62446148bd8573e4,69fded1162446148bd848ca0,"CKF / Consolidated Supply, Inc.",69fdf04d03a2257cd27de3b8,"kc2703 - Brookhollow I {Flint 1, LLC}",evidenceOfInsurance,Evidence of Insurance,workersCompensation,Workers' Compensation and Employer's Liability,evidenceOfInsuranceWorkersCompensationEmployersLiabilityDiseasePolicyLimit,Employer's Liability Disease - policy limit,,matchOnce,must be greater or equal to,500000,1000000,compliant,Block Requirements,,,false,1,,2026-08-16
"Block Real Estate Services, LLC",69fdf76e62446148bd8573e4,69fded1162446148bd848ca0,"CKF / Consolidated Supply, Inc.",69fdf04d03a2257cd27de3b8,"kc2703 - Brookhollow I {Flint 1, LLC}",evidenceOfInsurance,Evidence of Insurance,workersCompensation,Workers' Compensation and Employer's Liability,evidenceOfInsuranceWorkersCompensationWaiverOfSubrogationEndorsement,Waiver of Subrogation,"---prompt---
Determine if the insurer has waived their right of subrogation in favor of the certificate holder under the Workers' Compensation policy. Evidence may include: a checked ""Waiver of Subrogation"" box on the certificate, mention in the Description of Operations section stating ""waiver of subrogation applies"", or reference to form WC 00 03 13. Look for language like ""subrogation is waived"" or ""per written contract"".",matchOnce,must be present,,Present,compliant,Block Requirements,,,false,1,,2026-08-16
"Block Real Estate Services, LLC",69fdf76e62446148bd8573e4,69fded1162446148bd848ca0,"CKF / Consolidated Supply, Inc.",69fdf04d03a2257cd27de3b8,"kc2703 - Brookhollow I {Flint 1, LLC}",evidenceOfInsurance,Evidence of Insurance,6ac20aae-5728-5d57-b364-aeba38527dba,Additional Requirements,4da5b0f1-4c9d-5885-8cf8-5d3cccaed3e0,"Block Real Estate Services, LLC and all others required by contract are named as Additional Insureds","---prompt---
Determine if the Description of Operations or the Additional Remarks Schedule section states the ""Additional Insured as Construction Management, Inc. and all others required by contract"" or reference to blanket additional insured coverage. Look for language like ""certificate holder is additional insured"" or ""per written contract"".",matchOnce,must be present,,Present,compliant,Block Requirements,,,true,1,,2026-08-16
"Block Real Estate Services, LLC",69fdf76e62446148bd8573e4,69fded1162446148bd848ca0,"CKF / Consolidated Supply, Inc.",69fdf04d03a2257cd27de3b8,"kc2703 - Brookhollow I {Flint 1, LLC}",evidenceOfInsurance,Evidence of Insurance,6ac20aae-5728-5d57-b364-aeba38527dba,Additional Requirements,e1017741-e47e-5f58-97b8-fbc3043e919f,Umbrella follows form over General Liability,"---prompt---
Determine if the Umbrella/Excess Liability policy follows form to the underlying policies. Evidence may include: language in the Description of Operations section stating the umbrella follows form to underlying coverages or an additional page endorsement stating that it follows form. Follow form means the umbrella policy adopts the same terms, conditions, and exclusions as the underlying policies.",matchOnce,must be present,,Present,compliant,Block Requirements,,,true,1,,2026-08-16
"Block Real Estate Services, LLC",69fdf76e62446148bd8573e4,69fded1162446148bd848ca0,"CKF / Consolidated Supply, Inc.",69fdf04d03a2257cd27de3b8,"kc2703 - Brookhollow I {Flint 1, LLC}",evidenceOfInsurance,Evidence of Insurance,6ac20aae-5728-5d57-b364-aeba38527dba,Additional Requirements,2cdd866f-c9a4-576a-afd8-1d045762790c,"The location must be listed as: 8440 Flint Street, Lenexa, KS, 66214",,matchOnce,must be present,,Present,compliant,Block Requirements,,,true,1,,2026-08-16
"Block Real Estate Services, LLC",69fdf76e62446148bd8573e4,69fded1162446148bd848ca0,"CKF / Consolidated Supply, Inc.",69fdf04d03a2257cd27de3b8,"kc2703 - Brookhollow I {Flint 1, LLC}",evidenceOfInsurance,Evidence of Insurance,6ac20aae-5728-5d57-b364-aeba38527dba,Additional Requirements,3649e9d1-4e09-59bf-8f30-cb33c40cf117,"Certificate Holder must read: c/o Block Real Estate Services, LLC, 4622 Pennsylvania St., Suite 700, Kansas City, MO, 64112",,matchOnce,must be present,,Present,compliant,Block Requirements,,,true,1,,2026-08-16
"Block Real Estate Services, LLC",69fdf76e62446148bd8573e5,69fded1762446148bd848e56,Hennessy Enterprises LLC,69fdf04d03a2257cd27de3b8,"kc2703 - Brookhollow I {Flint 1, LLC}",evidenceOfInsurance,Evidence of Insurance,commercialGeneralLiability,Commercial General Liability,evidenceOfInsuranceCommercialGeneralLiabilityCoverageTriggerOccurrence,Coverage Trigger: Occurrence,,matchOnce,must be present,,Present,compliant,Block Requirements,,,false,1,,2026-08-16
"Block Real Estate Services, LLC",69fdf76e62446148bd8573e5,69fded1762446148bd848e56,Hennessy Enterprises LLC,69fdf04d03a2257cd27de3b8,"kc2703 - Brookhollow I {Flint 1, LLC}",evidenceOfInsurance,Evidence of Insurance,commercialGeneralLiability,Commercial General Liability,evidenceOfInsuranceCommercialGeneralLiabilityGeneralAggregateLimitAppliesPerLocation,General Aggregate Limit Applies per: Location,,matchOnce,must be present,,,non_compliant,Block Requirements,,,false,0,,2026-08-16
"Block Real Estate Services, LLC",69fdf76e62446148bd8573e5,69fded1762446148bd848e56,Hennessy Enterprises LLC,69fdf04d03a2257cd27de3b8,"kc2703 - Brookhollow I {Flint 1, LLC}",evidenceOfInsurance,Evidence of Insurance,commercialGeneralLiability,Commercial General Liability,evidenceOfInsuranceCommercialGeneralLiabilityEachOccurrence,Each Occurrence,,matchOnce,must be greater or equal to,1000000,1000000,compliant,Block Requirements,,,false,1,,2026-08-16
"Block Real Estate Services, LLC",69fdf76e62446148bd8573e5,69fded1762446148bd848e56,Hennessy Enterprises LLC,69fdf04d03a2257cd27de3b8,"kc2703 - Brookhollow I {Flint 1, LLC}",evidenceOfInsurance,Evidence of Insurance,commercialGeneralLiability,Commercial General Liability,evidenceOfInsuranceCommercialGeneralLiabilityGeneralAggregate,General Aggregate,,matchOnce,must be greater or equal to,2000000,2000000,compliant,Block Requirements,,,false,1,,2026-08-16
"Block Real Estate Services, LLC",69fdf76e62446148bd8573e5,69fded1762446148bd848e56,Hennessy Enterprises LLC,69fdf04d03a2257cd27de3b8,"kc2703 - Brookhollow I {Flint 1, LLC}",evidenceOfInsurance,Evidence of Insurance,commercialGeneralLiability,Commercial General Liability,evidenceOfInsuranceCommercialGeneralLiabilityWaiverOfSubrogationEndorsement,Waiver of Subrogation,"---prompt---
Determine if the insurer has waived their right of subrogation in favor of the certificate holder under the Commercial General Liability policy. Evidence may include: a checked ""Waiver of Subrogation"" box on the certificate, mention in the Description of Operations section stating ""waiver of subrogation applies"", or reference to form CG 24 04. Look for language like ""subrogation is waived"" or ""per written contract"".",matchOnce,must be present,,Present,compliant,Block Requirements,,,false,1,,2026-08-16
"Block Real Estate Services, LLC",69fdf76e62446148bd8573e5,69fded1762446148bd848e56,Hennessy Enterprises LLC,69fdf04d03a2257cd27de3b8,"kc2703 - Brookhollow I {Flint 1, LLC}",evidenceOfInsurance,Evidence of Insurance,excessOrUmbrellaLiability,Umbrella/Excess Liability,evidenceOfInsuranceExcessOrUmbrellaLiabilityOccurence,Coverage Trigger: Occurrence,,matchOnce,must be present,,Present,compliant,Block Requirements,,,false,1,,2026-08-16
"Block Real Estate Services, LLC",69fdf76e62446148bd8573e5,69fded1762446148bd848e56,Hennessy Enterprises LLC,69fdf04d03a2257cd27de3b8,"kc2703 - Brookhollow I {Flint 1, LLC}",evidenceOfInsurance,Evidence of Insurance,excessOrUmbrellaLiability,Umbrella/Excess Liability,evidenceOfInsuranceExcessOrUmbrellaLiabilityEachOccurrence,Each Occurrence,,matchOnce,must be greater or equal to,1000000,5000000,compliant,Block Requirements,,,false,1,,2026-08-16
"Block Real Estate Services, LLC",69fdf76e62446148bd8573e5,69fded1762446148bd848e56,Hennessy Enterprises LLC,69fdf04d03a2257cd27de3b8,"kc2703 - Brookhollow I {Flint 1, LLC}",evidenceOfInsurance,Evidence of Insurance,excessOrUmbrellaLiability,Umbrella/Excess Liability,evidenceOfInsuranceExcessOrUmbrellaLiabilityAggregate,Aggregate,,matchOnce,must be greater or equal to,1000000,5000000,compliant,Block Requirements,,,false,1,,2026-08-16
"Block Real Estate Services, LLC",69fdf76e62446148bd8573e5,69fded1762446148bd848e56,Hennessy Enterprises LLC,69fdf04d03a2257cd27de3b8,"kc2703 - Brookhollow I {Flint 1, LLC}",evidenceOfInsurance,Evidence of Insurance,workersCompensation,Workers' Compensation and Employer's Liability,evidenceOfInsuranceWorkersCompensationStatutoryLimits,Statutory Limits,,matchOnce,must be present,,Present,compliant,Block Requirements,,,false,1,,2026-08-16
"Block Real Estate Services, LLC",69fdf76e62446148bd8573e5,69fded1762446148bd848e56,Hennessy Enterprises LLC,69fdf04d03a2257cd27de3b8,"kc2703 - Brookhollow I {Flint 1, LLC}",evidenceOfInsurance,Evidence of Insurance,workersCompensation,Workers' Compensation and Employer's Liability,evidenceOfInsuranceWorkersCompensationEmployersLiabilityEachAccident,Employer's Liability Each Accident,,matchOnce,must be greater or equal to,500000,1000000,compliant,Block Requirements,,,false,1,,2026-08-16
"Block Real Estate Services, LLC",69fdf76e62446148bd8573e5,69fded1762446148bd848e56,Hennessy Enterprises LLC,69fdf04d03a2257cd27de3b8,"kc2703 - Brookhollow I {Flint 1, LLC}",evidenceOfInsurance,Evidence of Insurance,workersCompensation,Workers' Compensation and Employer's Liability,evidenceOfInsuranceWorkersCompensationEmployersLiabilityDiseaseEachEmployee,Employer's Liability Disease - each employee,,matchOnce,must be greater or equal to,500000,1000000,compliant,Block Requirements,,,false,1,,2026-08-16
"Block Real Estate Services, LLC",69fdf76e62446148bd8573e5,69fded1762446148bd848e56,Hennessy Enterprises LLC,69fdf04d03a2257cd27de3b8,"kc2703 - Brookhollow I {Flint 1, LLC}",evidenceOfInsurance,Evidence of Insurance,workersCompensation,Workers' Compensation and Employer's Liability,evidenceOfInsuranceWorkersCompensationEmployersLiabilityDiseasePolicyLimit,Employer's Liability Disease - policy limit,,matchOnce,must be greater or equal to,500000,1000000,compliant,Block Requirements,,,false,1,,2026-08-16
"Block Real Estate Services, LLC",69fdf76e62446148bd8573e5,69fded1762446148bd848e56,Hennessy Enterprises LLC,69fdf04d03a2257cd27de3b8,"kc2703 - Brookhollow I {Flint 1, LLC}",evidenceOfInsurance,Evidence of Insurance,workersCompensation,Workers' Compensation and Employer's Liability,evidenceOfInsuranceWorkersCompensationWaiverOfSubrogationEndorsement,Waiver of Subrogation,"---prompt---
Determine if the insurer has waived their right of subrogation in favor of the certificate holder under the Workers' Compensation policy. Evidence may include: a checked ""Waiver of Subrogation"" box on the certificate, mention in the Description of Operations section stating ""waiver of subrogation applies"", or reference to form WC 00 03 13. Look for language like ""subrogation is waived"" or ""per written contract"".",matchOnce,must be present,,,non_compliant,Block Requirements,,,false,0,,2026-08-16
"Block Real Estate Services, LLC",69fdf76e62446148bd8573e5,69fded1762446148bd848e56,Hennessy Enterprises LLC,69fdf04d03a2257cd27de3b8,"kc2703 - Brookhollow I {Flint 1, LLC}",evidenceOfInsurance,Evidence of Insurance,6ac20aae-5728-5d57-b364-aeba38527dba,Additional Requirements,4da5b0f1-4c9d-5885-8cf8-5d3cccaed3e0,"Block Real Estate Services, LLC and all others required by contract are named as Additional Insureds","---prompt---
Determine if the Description of Operations or the Additional Remarks Schedule section states the ""Additional Insured as Construction Management, Inc. and all others required by contract"" or reference to blanket additional insured coverage. Look for language like ""certificate holder is additional insured"" or ""per written contract"".",matchOnce,must be present,,Present,compliant,Block Requirements,,,true,1,,2026-08-16
"Block Real Estate Services, LLC",69fdf76e62446148bd8573e5,69fded1762446148bd848e56,Hennessy Enterprises LLC,69fdf04d03a2257cd27de3b8,"kc2703 - Brookhollow I {Flint 1, LLC}",evidenceOfInsurance,Evidence of Insurance,6ac20aae-5728-5d57-b364-aeba38527dba,Additional Requirements,e1017741-e47e-5f58-97b8-fbc3043e919f,Umbrella follows form over General Liability,"---prompt---
Determine if the Umbrella/Excess Liability policy follows form to the underlying policies. Evidence may include: language in the Description of Operations section stating the umbrella follows form to underlying coverages or an additional page endorsement stating that it follows form. Follow form means the umbrella policy adopts the same terms, conditions, and exclusions as the underlying policies.",matchOnce,must be present,,Present,compliant,Block Requirements,,,true,1,,2026-08-16
"Block Real Estate Services, LLC",69fdf76e62446148bd8573e5,69fded1762446148bd848e56,Hennessy Enterprises LLC,69fdf04d03a2257cd27de3b8,"kc2703 - Brookhollow I {Flint 1, LLC}",evidenceOfInsurance,Evidence of Insurance,6ac20aae-5728-5d57-b364-aeba38527dba,Additional Requirements,2cdd866f-c9a4-576a-afd8-1d045762790c,"The location must be listed as: 8420 Flint Street, Lenexa, KS, 66214",,matchOnce,must be present,,Present,compliant,Block Requirements,,,true,1,,2026-08-16
"Block Real Estate Services, LLC",69fdf76e62446148bd8573e5,69fded1762446148bd848e56,Hennessy Enterprises LLC,69fdf04d03a2257cd27de3b8,"kc2703 - Brookhollow I {Flint 1, LLC}",evidenceOfInsurance,Evidence of Insurance,6ac20aae-5728-5d57-b364-aeba38527dba,Additional Requirements,3649e9d1-4e09-59bf-8f30-cb33c40cf117,"Certificate Holder must read: c/o Block Real Estate Services, LLC, 4622 Pennsylvania St., Suite 700, Kansas City, MO, 64112",,matchOnce,must be present,,Present,compliant,Block Requirements,,,true,1,,2026-08-16
"Block Real Estate Services, LLC",69fdf76e62446148bd8573e2,69fded0d62446148bd848b53,"Altium Healthcare, Inc (fka Tri State Distribution)",69fdf04d03a2257cd27de3b8,"kc2703 - Brookhollow I {Flint 1, LLC}",evidenceOfInsurance,Evidence of Insurance,commercialGeneralLiability,Commercial General Liability,evidenceOfInsuranceCommercialGeneralLiabilityCoverageTriggerOccurrence,Coverage Trigger: Occurrence,,matchOnce,must be present,,,non_compliant,Block Requirements,,,false,0,,2026-08-16
"Block Real Estate Services, LLC",69fdf76e62446148bd8573e2,69fded0d62446148bd848b53,"Altium Healthcare, Inc (fka Tri State Distribution)",69fdf04d03a2257cd27de3b8,"kc2703 - Brookhollow I {Flint 1, LLC}",evidenceOfInsurance,Evidence of Insurance,commercialGeneralLiability,Commercial General Liability,evidenceOfInsuranceCommercialGeneralLiabilityGeneralAggregateLimitAppliesPerLocation,General Aggregate Limit Applies per: Location,,matchOnce,must be present,,,non_compliant,Block Requirements,,,false,0,,2026-08-16
"Block Real Estate Services, LLC",69fdf76e62446148bd8573e2,69fded0d62446148bd848b53,"Altium Healthcare, Inc (fka Tri State Distribution)",69fdf04d03a2257cd27de3b8,"kc2703 - Brookhollow I {Flint 1, LLC}",evidenceOfInsurance,Evidence of Insurance,commercialGeneralLiability,Commercial General Liability,evidenceOfInsuranceCommercialGeneralLiabilityEachOccurrence,Each Occurrence,,matchOnce,must be greater or equal to,1000000,,non_compliant,Block Requirements,,,false,0,,2026-08-16
"Block Real Estate Services, LLC",69fdf76e62446148bd8573e2,69fded0d62446148bd848b53,"Altium Healthcare, Inc (fka Tri State Distribution)",69fdf04d03a2257cd27de3b8,"kc2703 - Brookhollow I {Flint 1, LLC}",evidenceOfInsurance,Evidence of Insurance,commercialGeneralLiability,Commercial General Liability,evidenceOfInsuranceCommercialGeneralLiabilityGeneralAggregate,General Aggregate,,matchOnce,must be greater or equal to,2000000,,non_compliant,Block Requirements,,,false,0,,2026-08-16
"Block Real Estate Services, LLC",69fdf76e62446148bd8573e2,69fded0d62446148bd848b53,"Altium Healthcare, Inc (fka Tri State Distribution)",69fdf04d03a2257cd27de3b8,"kc2703 - Brookhollow I {Flint 1, LLC}",evidenceOfInsurance,Evidence of Insurance,commercialGeneralLiability,Commercial General Liability,evidenceOfInsuranceCommercialGeneralLiabilityWaiverOfSubrogationEndorsement,Waiver of Subrogation,"---prompt---
Determine if the insurer has waived their right of subrogation in favor of the certificate holder under the Commercial General Liability policy. Evidence may include: a checked ""Waiver of Subrogation"" box on the certificate, mention in the Description of Operations section stating ""waiver of subrogation applies"", or reference to form CG 24 04. Look for language like ""subrogation is waived"" or ""per written contract"".",matchOnce,must be present,,,non_compliant,Block Requirements,,,false,0,,2026-08-16
"Block Real Estate Services, LLC",69fdf76e62446148bd8573e2,69fded0d62446148bd848b53,"Altium Healthcare, Inc (fka Tri State Distribution)",69fdf04d03a2257cd27de3b8,"kc2703 - Brookhollow I {Flint 1, LLC}",evidenceOfInsurance,Evidence of Insurance,excessOrUmbrellaLiability,Umbrella/Excess Liability,evidenceOfInsuranceExcessOrUmbrellaLiabilityOccurence,Coverage Trigger: Occurrence,,matchOnce,must be present,,,non_compliant,Block Requirements,,,false,0,,2026-08-16
"Block Real Estate Services, LLC",69fdf76e62446148bd8573e2,69fded0d62446148bd848b53,"Altium Healthcare, Inc (fka Tri State Distribution)",69fdf04d03a2257cd27de3b8,"kc2703 - Brookhollow I {Flint 1, LLC}",evidenceOfInsurance,Evidence of Insurance,excessOrUmbrellaLiability,Umbrella/Excess Liability,evidenceOfInsuranceExcessOrUmbrellaLiabilityEachOccurrence,Each Occurrence,,matchOnce,must be greater or equal to,1000000,,non_compliant,Block Requirements,,,false,0,,2026-08-16
"Block Real Estate Services, LLC",69fdf76e62446148bd8573e2,69fded0d62446148bd848b53,"Altium Healthcare, Inc (fka Tri State Distribution)",69fdf04d03a2257cd27de3b8,"kc2703 - Brookhollow I {Flint 1, LLC}",evidenceOfInsurance,Evidence of Insurance,excessOrUmbrellaLiability,Umbrella/Excess Liability,evidenceOfInsuranceExcessOrUmbrellaLiabilityAggregate,Aggregate,,matchOnce,must be greater or equal to,1000000,,non_compliant,Block Requirements,,,false,0,,2026-08-16
"Block Real Estate Services, LLC",69fdf76e62446148bd8573e2,69fded0d62446148bd848b53,"Altium Healthcare, Inc (fka Tri State Distribution)",69fdf04d03a2257cd27de3b8,"kc2703 - Brookhollow I {Flint 1, LLC}",evidenceOfInsurance,Evidence of Insurance,workersCompensation,Workers' Compensation and Employer's Liability,evidenceOfInsuranceWorkersCompensationStatutoryLimits,Statutory Limits,,matchOnce,must be present,,,non_compliant,Block Requirements,,,false,0,,2026-08-16
"Block Real Estate Services, LLC",69fdf76e62446148bd8573e2,69fded0d62446148bd848b53,"Altium Healthcare, Inc (fka Tri State Distribution)",69fdf04d03a2257cd27de3b8,"kc2703 - Brookhollow I {Flint 1, LLC}",evidenceOfInsurance,Evidence of Insurance,workersCompensation,Workers' Compensation and Employer's Liability,evidenceOfInsuranceWorkersCompensationEmployersLiabilityEachAccident,Employer's Liability Each Accident,,matchOnce,must be greater or equal to,500000,,non_compliant,Block Requirements,,,false,0,,2026-08-16
"Block Real Estate Services, LLC",69fdf76e62446148bd8573e2,69fded0d62446148bd848b53,"Altium Healthcare, Inc (fka Tri State Distribution)",69fdf04d03a2257cd27de3b8,"kc2703 - Brookhollow I {Flint 1, LLC}",evidenceOfInsurance,Evidence of Insurance,workersCompensation,Workers' Compensation and Employer's Liability,evidenceOfInsuranceWorkersCompensationEmployersLiabilityDiseaseEachEmployee,Employer's Liability Disease - each employee,,matchOnce,must be greater or equal to,500000,,non_compliant,Block Requirements,,,false,0,,2026-08-16
"Block Real Estate Services, LLC",69fdf76e62446148bd8573e2,69fded0d62446148bd848b53,"Altium Healthcare, Inc (fka Tri State Distribution)",69fdf04d03a2257cd27de3b8,"kc2703 - Brookhollow I {Flint 1, LLC}",evidenceOfInsurance,Evidence of Insurance,workersCompensation,Workers' Compensation and Employer's Liability,evidenceOfInsuranceWorkersCompensationEmployersLiabilityDiseasePolicyLimit,Employer's Liability Disease - policy limit,,matchOnce,must be greater or equal to,500000,,non_compliant,Block Requirements,,,false,0,,2026-08-16
"Block Real Estate Services, LLC",69fdf76e62446148bd8573e2,69fded0d62446148bd848b53,"Altium Healthcare, Inc (fka Tri State Distribution)",69fdf04d03a2257cd27de3b8,"kc2703 - Brookhollow I {Flint 1, LLC}",evidenceOfInsurance,Evidence of Insurance,workersCompensation,Workers' Compensation and Employer's Liability,evidenceOfInsuranceWorkersCompensationWaiverOfSubrogationEndorsement,Waiver of Subrogation,"---prompt---
Determine if the insurer has waived their right of subrogation in favor of the certificate holder under the Workers' Compensation policy. Evidence may include: a checked ""Waiver of Subrogation"" box on the certificate, mention in the Description of Operations section stating ""waiver of subrogation applies"", or reference to form WC 00 03 13. Look for language like ""subrogation is waived"" or ""per written contract"".",matchOnce,must be present,,,non_compliant,Block Requirements,,,false,0,,2026-08-16
"Block Real Estate Services, LLC",69fdf76e62446148bd8573e2,69fded0d62446148bd848b53,"Altium Healthcare, Inc (fka Tri State Distribution)",69fdf04d03a2257cd27de3b8,"kc2703 - Brookhollow I {Flint 1, LLC}",evidenceOfInsurance,Evidence of Insurance,6ac20aae-5728-5d57-b364-aeba38527dba,Additional Requirements,4da5b0f1-4c9d-5885-8cf8-5d3cccaed3e0,"Block Real Estate Services, LLC and all others required by contract are named as Additional Insureds","---prompt---
Determine if the Description of Operations or the Additional Remarks Schedule section states the ""Additional Insured as Construction Management, Inc. and all others required by contract"" or reference to blanket additional insured coverage. Look for language like ""certificate holder is additional insured"" or ""per written contract"".",matchOnce,must be present,,,non_compliant,Block Requirements,,,true,0,,2026-08-16
"Block Real Estate Services, LLC",69fdf76e62446148bd8573e2,69fded0d62446148bd848b53,"Altium Healthcare, Inc (fka Tri State Distribution)",69fdf04d03a2257cd27de3b8,"kc2703 - Brookhollow I {Flint 1, LLC}",evidenceOfInsurance,Evidence of Insurance,6ac20aae-5728-5d57-b364-aeba38527dba,Additional Requirements,e1017741-e47e-5f58-97b8-fbc3043e919f,Umbrella follows form over General Liability,"---prompt---
Determine if the Umbrella/Excess Liability policy follows form to the underlying policies. Evidence may include: language in the Description of Operations section stating the umbrella follows form to underlying coverages or an additional page endorsement stating that it follows form. Follow form means the umbrella policy adopts the same terms, conditions, and exclusions as the underlying policies.",matchOnce,must be present,,,non_compliant,Block Requirements,,,true,0,,2026-08-16
"Block Real Estate Services, LLC",69fdf76e62446148bd8573e2,69fded0d62446148bd848b53,"Altium Healthcare, Inc (fka Tri State Distribution)",69fdf04d03a2257cd27de3b8,"kc2703 - Brookhollow I {Flint 1, LLC}",evidenceOfInsurance,Evidence of Insurance,6ac20aae-5728-5d57-b364-aeba38527dba,Additional Requirements,2cdd866f-c9a4-576a-afd8-1d045762790c,"The location must be listed as: 8430 Flint Street, Lenexa, KS, 66214",,matchOnce,must be present,,,non_compliant,Block Requirements,,,true,0,,2026-08-16
"Block Real Estate Services, LLC",69fdf76e62446148bd8573e2,69fded0d62446148bd848b53,"Altium Healthcare, Inc (fka Tri State Distribution)",69fdf04d03a2257cd27de3b8,"kc2703 - Brookhollow I {Flint 1, LLC}",evidenceOfInsurance,Evidence of Insurance,6ac20aae-5728-5d57-b364-aeba38527dba,Additional Requirements,3649e9d1-4e09-59bf-8f30-cb33c40cf117,"Certificate Holder must read: c/o Block Real Estate Services, LLC, 4622 Pennsylvania St., Suite 700, Kansas City, MO, 64112",,matchOnce,must be present,,,non_compliant,Block Requirements,,,true,0,,2026-08-16
"Block Real Estate Services, LLC",69fdf76e62446148bd8573e3,69fded0d62446148bd848b5c,"Earth Brands, Inc. subtenant of  American West Worldwide Express, Inc. / Renew",69fdf04d03a2257cd27de3b8,"kc2703 - Brookhollow I {Flint 1, LLC}",evidenceOfInsurance,Evidence of Insurance,commercialGeneralLiability,Commercial General Liability,evidenceOfInsuranceCommercialGeneralLiabilityCoverageTriggerOccurrence,Coverage Trigger: Occurrence,,matchOnce,must be present,,,non_compliant,Block Requirements,,,false,0,,2026-08-16
"Block Real Estate Services, LLC",69fdf76e62446148bd8573e3,69fded0d62446148bd848b5c,"Earth Brands, Inc. subtenant of  American West Worldwide Express, Inc. / Renew",69fdf04d03a2257cd27de3b8,"kc2703 - Brookhollow I {Flint 1, LLC}",evidenceOfInsurance,Evidence of Insurance,commercialGeneralLiability,Commercial General Liability,evidenceOfInsuranceCommercialGeneralLiabilityGeneralAggregateLimitAppliesPerLocation,General Aggregate Limit Applies per: Location,,matchOnce,must be present,,,non_compliant,Block Requirements,,,false,0,,2026-08-16
"Block Real Estate Services, LLC",69fdf76e62446148bd8573e3,69fded0d62446148bd848b5c,"Earth Brands, Inc. subtenant of  American West Worldwide Express, Inc. / Renew",69fdf04d03a2257cd27de3b8,"kc2703 - Brookhollow I {Flint 1, LLC}",evidenceOfInsurance,Evidence of Insurance,commercialGeneralLiability,Commercial General Liability,evidenceOfInsuranceCommercialGeneralLiabilityEachOccurrence,Each Occurrence,,matchOnce,must be greater or equal to,1000000,,non_compliant,Block Requirements,,,false,0,,2026-08-16
"Block Real Estate Services, LLC",69fdf76e62446148bd8573e3,69fded0d62446148bd848b5c,"Earth Brands, Inc. subtenant of  American West Worldwide Express, Inc. / Renew",69fdf04d03a2257cd27de3b8,"kc2703 - Brookhollow I {Flint 1, LLC}",evidenceOfInsurance,Evidence of Insurance,commercialGeneralLiability,Commercial General Liability,evidenceOfInsuranceCommercialGeneralLiabilityGeneralAggregate,General Aggregate,,matchOnce,must be greater or equal to,2000000,,non_compliant,Block Requirements,,,false,0,,2026-08-16
"Block Real Estate Services, LLC",69fdf76e62446148bd8573e3,69fded0d62446148bd848b5c,"Earth Brands, Inc. subtenant of  American West Worldwide Express, Inc. / Renew",69fdf04d03a2257cd27de3b8,"kc2703 - Brookhollow I {Flint 1, LLC}",evidenceOfInsurance,Evidence of Insurance,commercialGeneralLiability,Commercial General Liability,evidenceOfInsuranceCommercialGeneralLiabilityWaiverOfSubrogationEndorsement,Waiver of Subrogation,"---prompt---
Determine if the insurer has waived their right of subrogation in favor of the certificate holder under the Commercial General Liability policy. Evidence may include: a checked ""Waiver of Subrogation"" box on the certificate, mention in the Description of Operations section stating ""waiver of subrogation applies"", or reference to form CG 24 04. Look for language like ""subrogation is waived"" or ""per written contract"".",matchOnce,must be present,,,non_compliant,Block Requirements,,,false,0,,2026-08-16
"Block Real Estate Services, LLC",69fdf76e62446148bd8573e3,69fded0d62446148bd848b5c,"Earth Brands, Inc. subtenant of  American West Worldwide Express, Inc. / Renew",69fdf04d03a2257cd27de3b8,"kc2703 - Brookhollow I {Flint 1, LLC}",evidenceOfInsurance,Evidence of Insurance,excessOrUmbrellaLiability,Umbrella/Excess Liability,evidenceOfInsuranceExcessOrUmbrellaLiabilityOccurence,Coverage Trigger: Occurrence,,matchOnce,must be present,,,non_compliant,Block Requirements,,,false,0,,2026-08-16
"Block Real Estate Services, LLC",69fdf76e62446148bd8573e3,69fded0d62446148bd848b5c,"Earth Brands, Inc. subtenant of  American West Worldwide Express, Inc. / Renew",69fdf04d03a2257cd27de3b8,"kc2703 - Brookhollow I {Flint 1, LLC}",evidenceOfInsurance,Evidence of Insurance,excessOrUmbrellaLiability,Umbrella/Excess Liability,evidenceOfInsuranceExcessOrUmbrellaLiabilityEachOccurrence,Each Occurrence,,matchOnce,must be greater or equal to,1000000,,non_compliant,Block Requirements,,,false,0,,2026-08-16
"Block Real Estate Services, LLC",69fdf76e62446148bd8573e3,69fded0d62446148bd848b5c,"Earth Brands, Inc. subtenant of  American West Worldwide Express, Inc. / Renew",69fdf04d03a2257cd27de3b8,"kc2703 - Brookhollow I {Flint 1, LLC}",evidenceOfInsurance,Evidence of Insurance,excessOrUmbrellaLiability,Umbrella/Excess Liability,evidenceOfInsuranceExcessOrUmbrellaLiabilityAggregate,Aggregate,,matchOnce,must be greater or equal to,1000000,,non_compliant,Block Requirements,,,false,0,,2026-08-16
"Block Real Estate Services, LLC",69fdf76e62446148bd8573e3,69fded0d62446148bd848b5c,"Earth Brands, Inc. subtenant of  American West Worldwide Express, Inc. / Renew",69fdf04d03a2257cd27de3b8,"kc2703 - Brookhollow I {Flint 1, LLC}",evidenceOfInsurance,Evidence of Insurance,workersCompensation,Workers' Compensation and Employer's Liability,evidenceOfInsuranceWorkersCompensationStatutoryLimits,Statutory Limits,,matchOnce,must be present,,,non_compliant,Block Requirements,,,false,0,,2026-08-16
"Block Real Estate Services, LLC",69fdf76e62446148bd8573e3,69fded0d62446148bd848b5c,"Earth Brands, Inc. subtenant of  American West Worldwide Express, Inc. / Renew",69fdf04d03a2257cd27de3b8,"kc2703 - Brookhollow I {Flint 1, LLC}",evidenceOfInsurance,Evidence of Insurance,workersCompensation,Workers' Compensation and Employer's Liability,evidenceOfInsuranceWorkersCompensationEmployersLiabilityEachAccident,Employer's Liability Each Accident,,matchOnce,must be greater or equal to,500000,,non_compliant,Block Requirements,,,false,0,,2026-08-16
"Block Real Estate Services, LLC",69fdf76e62446148bd8573e3,69fded0d62446148bd848b5c,"Earth Brands, Inc. subtenant of  American West Worldwide Express, Inc. / Renew",69fdf04d03a2257cd27de3b8,"kc2703 - Brookhollow I {Flint 1, LLC}",evidenceOfInsurance,Evidence of Insurance,workersCompensation,Workers' Compensation and Employer's Liability,evidenceOfInsuranceWorkersCompensationEmployersLiabilityDiseaseEachEmployee,Employer's Liability Disease - each employee,,matchOnce,must be greater or equal to,500000,,non_compliant,Block Requirements,,,false,0,,2026-08-16
"Block Real Estate Services, LLC",69fdf76e62446148bd8573e3,69fded0d62446148bd848b5c,"Earth Brands, Inc. subtenant of  American West Worldwide Express, Inc. / Renew",69fdf04d03a2257cd27de3b8,"kc2703 - Brookhollow I {Flint 1, LLC}",evidenceOfInsurance,Evidence of Insurance,workersCompensation,Workers' Compensation and Employer's Liability,evidenceOfInsuranceWorkersCompensationEmployersLiabilityDiseasePolicyLimit,Employer's Liability Disease - policy limit,,matchOnce,must be greater or equal to,500000,,non_compliant,Block Requirements,,,false,0,,2026-08-16
"Block Real Estate Services, LLC",69fdf76e62446148bd8573e3,69fded0d62446148bd848b5c,"Earth Brands, Inc. subtenant of  American West Worldwide Express, Inc. / Renew",69fdf04d03a2257cd27de3b8,"kc2703 - Brookhollow I {Flint 1, LLC}",evidenceOfInsurance,Evidence of Insurance,workersCompensation,Workers' Compensation and Employer's Liability,evidenceOfInsuranceWorkersCompensationWaiverOfSubrogationEndorsement,Waiver of Subrogation,"---prompt---
Determine if the insurer has waived their right of subrogation in favor of the certificate holder under the Workers' Compensation policy. Evidence may include: a checked ""Waiver of Subrogation"" box on the certificate, mention in the Description of Operations section stating ""waiver of subrogation applies"", or reference to form WC 00 03 13. Look for language like ""subrogation is waived"" or ""per written contract"".",matchOnce,must be present,,,non_compliant,Block Requirements,,,false,0,,2026-08-16
"Block Real Estate Services, LLC",69fdf76e62446148bd8573e3,69fded0d62446148bd848b5c,"Earth Brands, Inc. subtenant of  American West Worldwide Express, Inc. / Renew",69fdf04d03a2257cd27de3b8,"kc2703 - Brookhollow I {Flint 1, LLC}",evidenceOfInsurance,Evidence of Insurance,6ac20aae-5728-5d57-b364-aeba38527dba,Additional Requirements,4da5b0f1-4c9d-5885-8cf8-5d3cccaed3e0,"Block Real Estate Services, LLC and all others required by contract are named as Additional Insureds","---prompt---
Determine if the Description of Operations or the Additional Remarks Schedule section states the ""Additional Insured as Construction Management, Inc. and all others required by contract"" or reference to blanket additional insured coverage. Look for language like ""certificate holder is additional insured"" or ""per written contract"".",matchOnce,must be present,,,non_compliant,Block Requirements,,,true,0,,2026-08-16
"Block Real Estate Services, LLC",69fdf76e62446148bd8573e3,69fded0d62446148bd848b5c,"Earth Brands, Inc. subtenant of  American West Worldwide Express, Inc. / Renew",69fdf04d03a2257cd27de3b8,"kc2703 - Brookhollow I {Flint 1, LLC}",evidenceOfInsurance,Evidence of Insurance,6ac20aae-5728-5d57-b364-aeba38527dba,Additional Requirements,e1017741-e47e-5f58-97b8-fbc3043e919f,Umbrella follows form over General Liability,"---prompt---
Determine if the Umbrella/Excess Liability policy follows form to the underlying policies. Evidence may include: language in the Description of Operations section stating the umbrella follows form to underlying coverages or an additional page endorsement stating that it follows form. Follow form means the umbrella policy adopts the same terms, conditions, and exclusions as the underlying policies.",matchOnce,must be present,,,non_compliant,Block Requirements,,,true,0,,2026-08-16
"Block Real Estate Services, LLC",69fdf76e62446148bd8573e3,69fded0d62446148bd848b5c,"Earth Brands, Inc. subtenant of  American West Worldwide Express, Inc. / Renew",69fdf04d03a2257cd27de3b8,"kc2703 - Brookhollow I {Flint 1, LLC}",evidenceOfInsurance,Evidence of Insurance,6ac20aae-5728-5d57-b364-aeba38527dba,Additional Requirements,2cdd866f-c9a4-576a-afd8-1d045762790c,"The location must be listed as: 8460 Flint Street, Lenexa, KS, 66214",,matchOnce,must be present,,,non_compliant,Block Requirements,,,true,0,,2026-08-16
"Block Real Estate Services, LLC",69fdf76e62446148bd8573e3,69fded0d62446148bd848b5c,"Earth Brands, Inc. subtenant of  American West Worldwide Express, Inc. / Renew",69fdf04d03a2257cd27de3b8,"kc2703 - Brookhollow I {Flint 1, LLC}",evidenceOfInsurance,Evidence of Insurance,6ac20aae-5728-5d57-b364-aeba38527dba,Additional Requirements,3649e9d1-4e09-59bf-8f30-cb33c40cf117,"Certificate Holder must read: c/o Block Real Estate Services, LLC, 4622 Pennsylvania St., Suite 700, Kansas City, MO, 64112",,matchOnce,must be present,,,non_compliant,Block Requirements,,,true,0,,2026-08-16
"Block Real Estate Services, LLC",6a71f9e5df09cae4913f0a48,6a71f9b8bcf6cdcf331ccfcd,"Hennessy Enterprises, LLC",69fdf04d03a2257cd27de3b8,"kc2703 - Brookhollow I {Flint 1, LLC}",evidenceOfInsurance,Evidence of Insurance,commercialGeneralLiability,Commercial General Liability,evidenceOfInsuranceCommercialGeneralLiabilityCoverageTriggerOccurrence,Coverage Trigger: Occurrence,,matchOnce,must be present,,,non_compliant,Block Requirements,,,false,0,,2026-08-16
"Block Real Estate Services, LLC",6a71f9e5df09cae4913f0a48,6a71f9b8bcf6cdcf331ccfcd,"Hennessy Enterprises, LLC",69fdf04d03a2257cd27de3b8,"kc2703 - Brookhollow I {Flint 1, LLC}",evidenceOfInsurance,Evidence of Insurance,commercialGeneralLiability,Commercial General Liability,evidenceOfInsuranceCommercialGeneralLiabilityGeneralAggregateLimitAppliesPerLocation,General Aggregate Limit Applies per: Location,,matchOnce,must be present,,,non_compliant,Block Requirements,,,false,0,,2026-08-16
"Block Real Estate Services, LLC",6a71f9e5df09cae4913f0a48,6a71f9b8bcf6cdcf331ccfcd,"Hennessy Enterprises, LLC",69fdf04d03a2257cd27de3b8,"kc2703 - Brookhollow I {Flint 1, LLC}",evidenceOfInsurance,Evidence of Insurance,commercialGeneralLiability,Commercial General Liability,evidenceOfInsuranceCommercialGeneralLiabilityEachOccurrence,Each Occurrence,,matchOnce,must be greater or equal to,1000000,,non_compliant,Block Requirements,,,false,0,,2026-08-16
"Block Real Estate Services, LLC",6a71f9e5df09cae4913f0a48,6a71f9b8bcf6cdcf331ccfcd,"Hennessy Enterprises, LLC",69fdf04d03a2257cd27de3b8,"kc2703 - Brookhollow I {Flint 1, LLC}",evidenceOfInsurance,Evidence of Insurance,commercialGeneralLiability,Commercial General Liability,evidenceOfInsuranceCommercialGeneralLiabilityGeneralAggregate,General Aggregate,,matchOnce,must be greater or equal to,2000000,,non_compliant,Block Requirements,,,false,0,,2026-08-16
"Block Real Estate Services, LLC",6a71f9e5df09cae4913f0a48,6a71f9b8bcf6cdcf331ccfcd,"Hennessy Enterprises, LLC",69fdf04d03a2257cd27de3b8,"kc2703 - Brookhollow I {Flint 1, LLC}",evidenceOfInsurance,Evidence of Insurance,commercialGeneralLiability,Commercial General Liability,evidenceOfInsuranceCommercialGeneralLiabilityWaiverOfSubrogationEndorsement,Waiver of Subrogation,"---prompt---
Determine if the insurer has waived their right of subrogation in favor of the certificate holder under the Commercial General Liability policy. Evidence may include: a checked ""Waiver of Subrogation"" box on the certificate, mention in the Description of Operations section stating ""waiver of subrogation applies"", or reference to form CG 24 04. Look for language like ""subrogation is waived"" or ""per written contract"".",matchOnce,must be present,,,non_compliant,Block Requirements,,,false,0,,2026-08-16
"Block Real Estate Services, LLC",6a71f9e5df09cae4913f0a48,6a71f9b8bcf6cdcf331ccfcd,"Hennessy Enterprises, LLC",69fdf04d03a2257cd27de3b8,"kc2703 - Brookhollow I {Flint 1, LLC}",evidenceOfInsurance,Evidence of Insurance,excessOrUmbrellaLiability,Umbrella/Excess Liability,evidenceOfInsuranceExcessOrUmbrellaLiabilityOccurence,Coverage Trigger: Occurrence,,matchOnce,must be present,,,non_compliant,Block Requirements,,,false,0,,2026-08-16
"Block Real Estate Services, LLC",6a71f9e5df09cae4913f0a48,6a71f9b8bcf6cdcf331ccfcd,"Hennessy Enterprises, LLC",69fdf04d03a2257cd27de3b8,"kc2703 - Brookhollow I {Flint 1, LLC}",evidenceOfInsurance,Evidence of Insurance,excessOrUmbrellaLiability,Umbrella/Excess Liability,evidenceOfInsuranceExcessOrUmbrellaLiabilityEachOccurrence,Each Occurrence,,matchOnce,must be greater or equal to,1000000,,non_compliant,Block Requirements,,,false,0,,2026-08-16
"Block Real Estate Services, LLC",6a71f9e5df09cae4913f0a48,6a71f9b8bcf6cdcf331ccfcd,"Hennessy Enterprises, LLC",69fdf04d03a2257cd27de3b8,"kc2703 - Brookhollow I {Flint 1, LLC}",evidenceOfInsurance,Evidence of Insurance,excessOrUmbrellaLiability,Umbrella/Excess Liability,evidenceOfInsuranceExcessOrUmbrellaLiabilityAggregate,Aggregate,,matchOnce,must be greater or equal to,1000000,,non_compliant,Block Requirements,,,false,0,,2026-08-16
"Block Real Estate Services, LLC",6a71f9e5df09cae4913f0a48,6a71f9b8bcf6cdcf331ccfcd,"Hennessy Enterprises, LLC",69fdf04d03a2257cd27de3b8,"kc2703 - Brookhollow I {Flint 1, LLC}",evidenceOfInsurance,Evidence of Insurance,workersCompensation,Workers' Compensation and Employer's Liability,evidenceOfInsuranceWorkersCompensationStatutoryLimits,Statutory Limits,,matchOnce,must be present,,,non_compliant,Block Requirements,,,false,0,,2026-08-16
"Block Real Estate Services, LLC",6a71f9e5df09cae4913f0a48,6a71f9b8bcf6cdcf331ccfcd,"Hennessy Enterprises, LLC",69fdf04d03a2257cd27de3b8,"kc2703 - Brookhollow I {Flint 1, LLC}",evidenceOfInsurance,Evidence of Insurance,workersCompensation,Workers' Compensation and Employer's Liability,evidenceOfInsuranceWorkersCompensationEmployersLiabilityEachAccident,Employer's Liability Each Accident,,matchOnce,must be greater or equal to,500000,,non_compliant,Block Requirements,,,false,0,,2026-08-16
"Block Real Estate Services, LLC",6a71f9e5df09cae4913f0a48,6a71f9b8bcf6cdcf331ccfcd,"Hennessy Enterprises, LLC",69fdf04d03a2257cd27de3b8,"kc2703 - Brookhollow I {Flint 1, LLC}",evidenceOfInsurance,Evidence of Insurance,workersCompensation,Workers' Compensation and Employer's Liability,evidenceOfInsuranceWorkersCompensationEmployersLiabilityDiseaseEachEmployee,Employer's Liability Disease - each employee,,matchOnce,must be greater or equal to,500000,,non_compliant,Block Requirements,,,false,0,,2026-08-16
"Block Real Estate Services, LLC",6a71f9e5df09cae4913f0a48,6a71f9b8bcf6cdcf331ccfcd,"Hennessy Enterprises, LLC",69fdf04d03a2257cd27de3b8,"kc2703 - Brookhollow I {Flint 1, LLC}",evidenceOfInsurance,Evidence of Insurance,workersCompensation,Workers' Compensation and Employer's Liability,evidenceOfInsuranceWorkersCompensationEmployersLiabilityDiseasePolicyLimit,Employer's Liability Disease - policy limit,,matchOnce,must be greater or equal to,500000,,non_compliant,Block Requirements,,,false,0,,2026-08-16
"Block Real Estate Services, LLC",6a71f9e5df09cae4913f0a48,6a71f9b8bcf6cdcf331ccfcd,"Hennessy Enterprises, LLC",69fdf04d03a2257cd27de3b8,"kc2703 - Brookhollow I {Flint 1, LLC}",evidenceOfInsurance,Evidence of Insurance,workersCompensation,Workers' Compensation and Employer's Liability,evidenceOfInsuranceWorkersCompensationWaiverOfSubrogationEndorsement,Waiver of Subrogation,"---prompt---
Determine if the insurer has waived their right of subrogation in favor of the certificate holder under the Workers' Compensation policy. Evidence may include: a checked ""Waiver of Subrogation"" box on the certificate, mention in the Description of Operations section stating ""waiver of subrogation applies"", or reference to form WC 00 03 13. Look for language like ""subrogation is waived"" or ""per written contract"".",matchOnce,must be present,,,non_compliant,Block Requirements,,,false,0,,2026-08-16
"Block Real Estate Services, LLC",6a71f9e5df09cae4913f0a48,6a71f9b8bcf6cdcf331ccfcd,"Hennessy Enterprises, LLC",69fdf04d03a2257cd27de3b8,"kc2703 - Brookhollow I {Flint 1, LLC}",evidenceOfInsurance,Evidence of Insurance,6ac20aae-5728-5d57-b364-aeba38527dba,Additional Requirements,4da5b0f1-4c9d-5885-8cf8-5d3cccaed3e0,"Block Real Estate Services, LLC and all others required by contract are named as Additional Insureds","---prompt---
Determine if the Description of Operations or the Additional Remarks Schedule section states the ""Additional Insured as Construction Management, Inc. and all others required by contract"" or reference to blanket additional insured coverage. Look for language like ""certificate holder is additional insured"" or ""per written contract"".",matchOnce,must be present,,,non_compliant,Block Requirements,,,true,0,,2026-08-16
"Block Real Estate Services, LLC",6a71f9e5df09cae4913f0a48,6a71f9b8bcf6cdcf331ccfcd,"Hennessy Enterprises, LLC",69fdf04d03a2257cd27de3b8,"kc2703 - Brookhollow I {Flint 1, LLC}",evidenceOfInsurance,Evidence of Insurance,6ac20aae-5728-5d57-b364-aeba38527dba,Additional Requirements,e1017741-e47e-5f58-97b8-fbc3043e919f,Umbrella follows form over General Liability,"---prompt---
Determine if the Umbrella/Excess Liability policy follows form to the underlying policies. Evidence may include: language in the Description of Operations section stating the umbrella follows form to underlying coverages or an additional page endorsement stating that it follows form. Follow form means the umbrella policy adopts the same terms, conditions, and exclusions as the underlying policies.",matchOnce,must be present,,,non_compliant,Block Requirements,,,true,0,,2026-08-16
"Block Real Estate Services, LLC",6a71f9e5df09cae4913f0a48,6a71f9b8bcf6cdcf331ccfcd,"Hennessy Enterprises, LLC",69fdf04d03a2257cd27de3b8,"kc2703 - Brookhollow I {Flint 1, LLC}",evidenceOfInsurance,Evidence of Insurance,6ac20aae-5728-5d57-b364-aeba38527dba,Additional Requirements,2cdd866f-c9a4-576a-afd8-1d045762790c,The location must be listed as: 8420 Flint Street Lenexa KS 66214,,matchOnce,must be present,,,non_compliant,Block Requirements,,,true,0,,2026-08-16
"Block Real Estate Services, LLC",6a71f9e5df09cae4913f0a48,6a71f9b8bcf6cdcf331ccfcd,"Hennessy Enterprises, LLC",69fdf04d03a2257cd27de3b8,"kc2703 - Brookhollow I {Flint 1, LLC}",evidenceOfInsurance,Evidence of Insurance,6ac20aae-5728-5d57-b364-aeba38527dba,Additional Requirements,3649e9d1-4e09-59bf-8f30-cb33c40cf117,"Certificate Holder must read: c/o Block Real Estate Services, LLC, 4622 Pennsylvania St., Suite 700, Kansas City, MO, 64112",,matchOnce,must be present,,,non_compliant,Block Requirements,,,true,0,,2026-08-16
"Block Real Estate Services, LLC",69fdf74a62446148bd854b41,69fded0d62446148bd848b56,"Amazon / Amazon.com Services, LLC (MCI5)",69fdef4802bb2c42a879de8a,"3rd464 - Lenexa Logistics Centre South Building 4 {Lenexa Logistics 4 Investment, Inc.}",evidenceOfInsurance,Evidence of Insurance,commercialGeneralLiability,Commercial General Liability,evidenceOfInsuranceCommercialGeneralLiabilityCoverageTriggerOccurrence,Coverage Trigger: Occurrence,,matchOnce,must be present,,,non_compliant,Block Requirements,,,false,0,,2026-08-16
"Block Real Estate Services, LLC",69fdf74a62446148bd854b41,69fded0d62446148bd848b56,"Amazon / Amazon.com Services, LLC (MCI5)",69fdef4802bb2c42a879de8a,"3rd464 - Lenexa Logistics Centre South Building 4 {Lenexa Logistics 4 Investment, Inc.}",evidenceOfInsurance,Evidence of Insurance,commercialGeneralLiability,Commercial General Liability,evidenceOfInsuranceCommercialGeneralLiabilityGeneralAggregateLimitAppliesPerLocation,General Aggregate Limit Applies per: Location,,matchOnce,must be present,,,non_compliant,Block Requirements,,,false,0,,2026-08-16
"Block Real Estate Services, LLC",69fdf74a62446148bd854b41,69fded0d62446148bd848b56,"Amazon / Amazon.com Services, LLC (MCI5)",69fdef4802bb2c42a879de8a,"3rd464 - Lenexa Logistics Centre South Building 4 {Lenexa Logistics 4 Investment, Inc.}",evidenceOfInsurance,Evidence of Insurance,commercialGeneralLiability,Commercial General Liability,evidenceOfInsuranceCommercialGeneralLiabilityEachOccurrence,Each Occurrence,,matchOnce,must be greater or equal to,1000000,,non_compliant,Block Requirements,,,false,0,,2026-08-16
"Block Real Estate Services, LLC",69fdf74a62446148bd854b41,69fded0d62446148bd848b56,"Amazon / Amazon.com Services, LLC (MCI5)",69fdef4802bb2c42a879de8a,"3rd464 - Lenexa Logistics Centre South Building 4 {Lenexa Logistics 4 Investment, Inc.}",evidenceOfInsurance,Evidence of Insurance,commercialGeneralLiability,Commercial General Liability,evidenceOfInsuranceCommercialGeneralLiabilityGeneralAggregate,General Aggregate,,matchOnce,must be greater or equal to,2000000,,non_compliant,Block Requirements,,,false,0,,2026-08-16
"Block Real Estate Services, LLC",69fdf74a62446148bd854b41,69fded0d62446148bd848b56,"Amazon / Amazon.com Services, LLC (MCI5)",69fdef4802bb2c42a879de8a,"3rd464 - Lenexa Logistics Centre South Building 4 {Lenexa Logistics 4 Investment, Inc.}",evidenceOfInsurance,Evidence of Insurance,commercialGeneralLiability,Commercial General Liability,evidenceOfInsuranceCommercialGeneralLiabilityWaiverOfSubrogationEndorsement,Waiver of Subrogation,"---prompt---
Determine if the insurer has waived their right of subrogation in favor of the certificate holder under the Commercial General Liability policy. Evidence may include: a checked ""Waiver of Subrogation"" box on the certificate, mention in the Description of Operations section stating ""waiver of subrogation applies"", or reference to form CG 24 04. Look for language like ""subrogation is waived"" or ""per written contract"".",matchOnce,must be present,,,non_compliant,Block Requirements,,,false,0,,2026-08-16
"Block Real Estate Services, LLC",69fdf74a62446148bd854b41,69fded0d62446148bd848b56,"Amazon / Amazon.com Services, LLC (MCI5)",69fdef4802bb2c42a879de8a,"3rd464 - Lenexa Logistics Centre South Building 4 {Lenexa Logistics 4 Investment, Inc.}",evidenceOfInsurance,Evidence of Insurance,excessOrUmbrellaLiability,Umbrella/Excess Liability,evidenceOfInsuranceExcessOrUmbrellaLiabilityOccurence,Coverage Trigger: Occurrence,,matchOnce,must be present,,,non_compliant,Block Requirements,,,false,0,,2026-08-16
"Block Real Estate Services, LLC",69fdf74a62446148bd854b41,69fded0d62446148bd848b56,"Amazon / Amazon.com Services, LLC (MCI5)",69fdef4802bb2c42a879de8a,"3rd464 - Lenexa Logistics Centre South Building 4 {Lenexa Logistics 4 Investment, Inc.}",evidenceOfInsurance,Evidence of Insurance,excessOrUmbrellaLiability,Umbrella/Excess Liability,evidenceOfInsuranceExcessOrUmbrellaLiabilityEachOccurrence,Each Occurrence,,matchOnce,must be greater or equal to,1000000,,non_compliant,Block Requirements,,,false,0,,2026-08-16
"Block Real Estate Services, LLC",69fdf74a62446148bd854b41,69fded0d62446148bd848b56,"Amazon / Amazon.com Services, LLC (MCI5)",69fdef4802bb2c42a879de8a,"3rd464 - Lenexa Logistics Centre South Building 4 {Lenexa Logistics 4 Investment, Inc.}",evidenceOfInsurance,Evidence of Insurance,excessOrUmbrellaLiability,Umbrella/Excess Liability,evidenceOfInsuranceExcessOrUmbrellaLiabilityAggregate,Aggregate,,matchOnce,must be greater or equal to,1000000,,non_compliant,Block Requirements,,,false,0,,2026-08-16
"Block Real Estate Services, LLC",69fdf74a62446148bd854b41,69fded0d62446148bd848b56,"Amazon / Amazon.com Services, LLC (MCI5)",69fdef4802bb2c42a879de8a,"3rd464 - Lenexa Logistics Centre South Building 4 {Lenexa Logistics 4 Investment, Inc.}",evidenceOfInsurance,Evidence of Insurance,workersCompensation,Workers' Compensation and Employer's Liability,evidenceOfInsuranceWorkersCompensationStatutoryLimits,Statutory Limits,,matchOnce,must be present,,,non_compliant,Block Requirements,,,false,0,,2026-08-16
"Block Real Estate Services, LLC",69fdf74a62446148bd854b41,69fded0d62446148bd848b56,"Amazon / Amazon.com Services, LLC (MCI5)",69fdef4802bb2c42a879de8a,"3rd464 - Lenexa Logistics Centre South Building 4 {Lenexa Logistics 4 Investment, Inc.}",evidenceOfInsurance,Evidence of Insurance,workersCompensation,Workers' Compensation and Employer's Liability,evidenceOfInsuranceWorkersCompensationEmployersLiabilityEachAccident,Employer's Liability Each Accident,,matchOnce,must be greater or equal to,500000,,non_compliant,Block Requirements,,,false,0,,2026-08-16
"Block Real Estate Services, LLC",69fdf74a62446148bd854b41,69fded0d62446148bd848b56,"Amazon / Amazon.com Services, LLC (MCI5)",69fdef4802bb2c42a879de8a,"3rd464 - Lenexa Logistics Centre South Building 4 {Lenexa Logistics 4 Investment, Inc.}",evidenceOfInsurance,Evidence of Insurance,workersCompensation,Workers' Compensation and Employer's Liability,evidenceOfInsuranceWorkersCompensationEmployersLiabilityDiseaseEachEmployee,Employer's Liability Disease - each employee,,matchOnce,must be greater or equal to,500000,,non_compliant,Block Requirements,,,false,0,,2026-08-16
"Block Real Estate Services, LLC",69fdf74a62446148bd854b41,69fded0d62446148bd848b56,"Amazon / Amazon.com Services, LLC (MCI5)",69fdef4802bb2c42a879de8a,"3rd464 - Lenexa Logistics Centre South Building 4 {Lenexa Logistics 4 Investment, Inc.}",evidenceOfInsurance,Evidence of Insurance,workersCompensation,Workers' Compensation and Employer's Liability,evidenceOfInsuranceWorkersCompensationEmployersLiabilityDiseasePolicyLimit,Employer's Liability Disease - policy limit,,matchOnce,must be greater or equal to,500000,,non_compliant,Block Requirements,,,false,0,,2026-08-16
"Block Real Estate Services, LLC",69fdf74a62446148bd854b41,69fded0d62446148bd848b56,"Amazon / Amazon.com Services, LLC (MCI5)",69fdef4802bb2c42a879de8a,"3rd464 - Lenexa Logistics Centre South Building 4 {Lenexa Logistics 4 Investment, Inc.}",evidenceOfInsurance,Evidence of Insurance,workersCompensation,Workers' Compensation and Employer's Liability,evidenceOfInsuranceWorkersCompensationWaiverOfSubrogationEndorsement,Waiver of Subrogation,"---prompt---
Determine if the insurer has waived their right of subrogation in favor of the certificate holder under the Workers' Compensation policy. Evidence may include: a checked ""Waiver of Subrogation"" box on the certificate, mention in the Description of Operations section stating ""waiver of subrogation applies"", or reference to form WC 00 03 13. Look for language like ""subrogation is waived"" or ""per written contract"".",matchOnce,must be present,,,non_compliant,Block Requirements,,,false,0,,2026-08-16
"Block Real Estate Services, LLC",69fdf74a62446148bd854b41,69fded0d62446148bd848b56,"Amazon / Amazon.com Services, LLC (MCI5)",69fdef4802bb2c42a879de8a,"3rd464 - Lenexa Logistics Centre South Building 4 {Lenexa Logistics 4 Investment, Inc.}",evidenceOfInsurance,Evidence of Insurance,6ac20aae-5728-5d57-b364-aeba38527dba,Additional Requirements,4da5b0f1-4c9d-5885-8cf8-5d3cccaed3e0,"Block Real Estate Services, LLC and all others required by contract are named as Additional Insureds","---prompt---
Determine if the Description of Operations or the Additional Remarks Schedule section states the ""Additional Insured as Construction Management, Inc. and all others required by contract"" or reference to blanket additional insured coverage. Look for language like ""certificate holder is additional insured"" or ""per written contract"".",matchOnce,must be present,,,non_compliant,Block Requirements,,,true,0,,2026-08-16
"Block Real Estate Services, LLC",69fdf74a62446148bd854b41,69fded0d62446148bd848b56,"Amazon / Amazon.com Services, LLC (MCI5)",69fdef4802bb2c42a879de8a,"3rd464 - Lenexa Logistics Centre South Building 4 {Lenexa Logistics 4 Investment, Inc.}",evidenceOfInsurance,Evidence of Insurance,6ac20aae-5728-5d57-b364-aeba38527dba,Additional Requirements,e1017741-e47e-5f58-97b8-fbc3043e919f,Umbrella follows form over General Liability,"---prompt---
Determine if the Umbrella/Excess Liability policy follows form to the underlying policies. Evidence may include: language in the Description of Operations section stating the umbrella follows form to underlying coverages or an additional page endorsement stating that it follows form. Follow form means the umbrella policy adopts the same terms, conditions, and exclusions as the underlying policies.",matchOnce,must be present,,,non_compliant,Block Requirements,,,true,0,,2026-08-16
"Block Real Estate Services, LLC",69fdf74a62446148bd854b41,69fded0d62446148bd848b56,"Amazon / Amazon.com Services, LLC (MCI5)",69fdef4802bb2c42a879de8a,"3rd464 - Lenexa Logistics Centre South Building 4 {Lenexa Logistics 4 Investment, Inc.}",evidenceOfInsurance,Evidence of Insurance,6ac20aae-5728-5d57-b364-aeba38527dba,Additional Requirements,2cdd866f-c9a4-576a-afd8-1d045762790c,"The location must be listed as: 16851 W. 113th Street, Lenexa, KS, 66219",,matchOnce,must be present,,,non_compliant,Block Requirements,,,true,0,,2026-08-16
"Block Real Estate Services, LLC",69fdf74a62446148bd854b41,69fded0d62446148bd848b56,"Amazon / Amazon.com Services, LLC (MCI5)",69fdef4802bb2c42a879de8a,"3rd464 - Lenexa Logistics Centre South Building 4 {Lenexa Logistics 4 Investment, Inc.}",evidenceOfInsurance,Evidence of Insurance,6ac20aae-5728-5d57-b364-aeba38527dba,Additional Requirements,3649e9d1-4e09-59bf-8f30-cb33c40cf117,"Certificate Holder must read: c/o Block Real Estate Services, LLC, 4622 Pennsylvania St., Suite 700, Kansas City, MO, 64112",,matchOnce,must be present,,,non_compliant,Block Requirements,,,true,0,,2026-08-16
"Block Real Estate Services, LLC",69fdf76e62446148bd8573dd,69fded0d62446148bd848b59,"Hamilton Plumbing / Roger The Plumber / American Residential Services, LLC (ARS)",69fdf03c3b208288e0a7d188,"int072 - Interstate Building II, LLC",evidenceOfInsurance,Evidence of Insurance,commercialGeneralLiability,Commercial General Liability,evidenceOfInsuranceCommercialGeneralLiabilityCoverageTriggerOccurrence,Coverage Trigger: Occurrence,,matchOnce,must be present,,Present,compliant,Block Requirements,,,false,1,,2026-08-16
"Block Real Estate Services, LLC",69fdf76e62446148bd8573dd,69fded0d62446148bd848b59,"Hamilton Plumbing / Roger The Plumber / American Residential Services, LLC (ARS)",69fdf03c3b208288e0a7d188,"int072 - Interstate Building II, LLC",evidenceOfInsurance,Evidence of Insurance,commercialGeneralLiability,Commercial General Liability,evidenceOfInsuranceCommercialGeneralLiabilityGeneralAggregateLimitAppliesPerLocation,General Aggregate Limit Applies per: Location,,matchOnce,must be present,,Present,compliant,Block Requirements,,,false,1,,2026-08-16
"Block Real Estate Services, LLC",69fdf76e62446148bd8573dd,69fded0d62446148bd848b59,"Hamilton Plumbing / Roger The Plumber / American Residential Services, LLC (ARS)",69fdf03c3b208288e0a7d188,"int072 - Interstate Building II, LLC",evidenceOfInsurance,Evidence of Insurance,commercialGeneralLiability,Commercial General Liability,evidenceOfInsuranceCommercialGeneralLiabilityEachOccurrence,Each Occurrence,,matchOnce,must be greater or equal to,1000000,2000000,compliant,Block Requirements,,,false,1,,2026-08-16
"Block Real Estate Services, LLC",69fdf76e62446148bd8573dd,69fded0d62446148bd848b59,"Hamilton Plumbing / Roger The Plumber / American Residential Services, LLC (ARS)",69fdf03c3b208288e0a7d188,"int072 - Interstate Building II, LLC",evidenceOfInsurance,Evidence of Insurance,commercialGeneralLiability,Commercial General Liability,evidenceOfInsuranceCommercialGeneralLiabilityGeneralAggregate,General Aggregate,,matchOnce,must be greater or equal to,2000000,4000000,compliant,Block Requirements,,,false,1,,2026-08-16
"Block Real Estate Services, LLC",69fdf76e62446148bd8573dd,69fded0d62446148bd848b59,"Hamilton Plumbing / Roger The Plumber / American Residential Services, LLC (ARS)",69fdf03c3b208288e0a7d188,"int072 - Interstate Building II, LLC",evidenceOfInsurance,Evidence of Insurance,commercialGeneralLiability,Commercial General Liability,evidenceOfInsuranceCommercialGeneralLiabilityWaiverOfSubrogationEndorsement,Waiver of Subrogation,"---prompt---
Determine if the insurer has waived their right of subrogation in favor of the certificate holder under the Commercial General Liability policy. Evidence may include: a checked ""Waiver of Subrogation"" box on the certificate, mention in the Description of Operations section stating ""waiver of subrogation applies"", or reference to form CG 24 04. Look for language like ""subrogation is waived"" or ""per written contract"".",matchOnce,must be present,,Present,compliant,Block Requirements,,,false,1,,2026-08-16
"Block Real Estate Services, LLC",69fdf76e62446148bd8573dd,69fded0d62446148bd848b59,"Hamilton Plumbing / Roger The Plumber / American Residential Services, LLC (ARS)",69fdf03c3b208288e0a7d188,"int072 - Interstate Building II, LLC",evidenceOfInsurance,Evidence of Insurance,excessOrUmbrellaLiability,Umbrella/Excess Liability,evidenceOfInsuranceExcessOrUmbrellaLiabilityOccurence,Coverage Trigger: Occurrence,,matchOnce,must be present,,Present,compliant,Block Requirements,,,false,1,,2026-08-16
"Block Real Estate Services, LLC",69fdf76e62446148bd8573dd,69fded0d62446148bd848b59,"Hamilton Plumbing / Roger The Plumber / American Residential Services, LLC (ARS)",69fdf03c3b208288e0a7d188,"int072 - Interstate Building II, LLC",evidenceOfInsurance,Evidence of Insurance,excessOrUmbrellaLiability,Umbrella/Excess Liability,evidenceOfInsuranceExcessOrUmbrellaLiabilityEachOccurrence,Each Occurrence,,matchOnce,must be greater or equal to,1000000,5000000,compliant,Block Requirements,,,false,1,,2026-08-16
"Block Real Estate Services, LLC",69fdf76e62446148bd8573dd,69fded0d62446148bd848b59,"Hamilton Plumbing / Roger The Plumber / American Residential Services, LLC (ARS)",69fdf03c3b208288e0a7d188,"int072 - Interstate Building II, LLC",evidenceOfInsurance,Evidence of Insurance,excessOrUmbrellaLiability,Umbrella/Excess Liability,evidenceOfInsuranceExcessOrUmbrellaLiabilityAggregate,Aggregate,,matchOnce,must be greater or equal to,1000000,5000000,compliant,Block Requirements,,,false,1,,2026-08-16
"Block Real Estate Services, LLC",69fdf76e62446148bd8573dd,69fded0d62446148bd848b59,"Hamilton Plumbing / Roger The Plumber / American Residential Services, LLC (ARS)",69fdf03c3b208288e0a7d188,"int072 - Interstate Building II, LLC",evidenceOfInsurance,Evidence of Insurance,workersCompensation,Workers' Compensation and Employer's Liability,evidenceOfInsuranceWorkersCompensationStatutoryLimits,Statutory Limits,,matchOnce,must be present,,Present,compliant,Block Requirements,,,false,1,,2026-08-16
"Block Real Estate Services, LLC",69fdf76e62446148bd8573dd,69fded0d62446148bd848b59,"Hamilton Plumbing / Roger The Plumber / American Residential Services, LLC (ARS)",69fdf03c3b208288e0a7d188,"int072 - Interstate Building II, LLC",evidenceOfInsurance,Evidence of Insurance,workersCompensation,Workers' Compensation and Employer's Liability,evidenceOfInsuranceWorkersCompensationEmployersLiabilityEachAccident,Employer's Liability Each Accident,,matchOnce,must be greater or equal to,500000,1000000,compliant,Block Requirements,,,false,1,,2026-08-16
"Block Real Estate Services, LLC",69fdf76e62446148bd8573dd,69fded0d62446148bd848b59,"Hamilton Plumbing / Roger The Plumber / American Residential Services, LLC (ARS)",69fdf03c3b208288e0a7d188,"int072 - Interstate Building II, LLC",evidenceOfInsurance,Evidence of Insurance,workersCompensation,Workers' Compensation and Employer's Liability,evidenceOfInsuranceWorkersCompensationEmployersLiabilityDiseaseEachEmployee,Employer's Liability Disease - each employee,,matchOnce,must be greater or equal to,500000,1000000,compliant,Block Requirements,,,false,1,,2026-08-16
"Block Real Estate Services, LLC",69fdf76e62446148bd8573dd,69fded0d62446148bd848b59,"Hamilton Plumbing / Roger The Plumber / American Residential Services, LLC (ARS)",69fdf03c3b208288e0a7d188,"int072 - Interstate Building II, LLC",evidenceOfInsurance,Evidence of Insurance,workersCompensation,Workers' Compensation and Employer's Liability,evidenceOfInsuranceWorkersCompensationEmployersLiabilityDiseasePolicyLimit,Employer's Liability Disease - policy limit,,matchOnce,must be greater or equal to,500000,1000000,compliant,Block Requirements,,,false,1,,2026-08-16
"Block Real Estate Services, LLC",69fdf76e62446148bd8573dd,69fded0d62446148bd848b59,"Hamilton Plumbing / Roger The Plumber / American Residential Services, LLC (ARS)",69fdf03c3b208288e0a7d188,"int072 - Interstate Building II, LLC",evidenceOfInsurance,Evidence of Insurance,workersCompensation,Workers' Compensation and Employer's Liability,evidenceOfInsuranceWorkersCompensationWaiverOfSubrogationEndorsement,Waiver of Subrogation,"---prompt---
Determine if the insurer has waived their right of subrogation in favor of the certificate holder under the Workers' Compensation policy. Evidence may include: a checked ""Waiver of Subrogation"" box on the certificate, mention in the Description of Operations section stating ""waiver of subrogation applies"", or reference to form WC 00 03 13. Look for language like ""subrogation is waived"" or ""per written contract"".",matchOnce,must be present,,Present,compliant,Block Requirements,,,false,1,,2026-08-16
"Block Real Estate Services, LLC",69fdf76e62446148bd8573dd,69fded0d62446148bd848b59,"Hamilton Plumbing / Roger The Plumber / American Residential Services, LLC (ARS)",69fdf03c3b208288e0a7d188,"int072 - Interstate Building II, LLC",evidenceOfInsurance,Evidence of Insurance,6ac20aae-5728-5d57-b364-aeba38527dba,Additional Requirements,4da5b0f1-4c9d-5885-8cf8-5d3cccaed3e0,"Block Real Estate Services, LLC and all others required by contract are named as Additional Insureds","---prompt---
Determine if the Description of Operations or the Additional Remarks Schedule section states the ""Additional Insured as Construction Management, Inc. and all others required by contract"" or reference to blanket additional insured coverage. Look for language like ""certificate holder is additional insured"" or ""per written contract"".",matchOnce,must be present,,Present,compliant,Block Requirements,,,true,1,,2026-08-16
"Block Real Estate Services, LLC",69fdf76e62446148bd8573dd,69fded0d62446148bd848b59,"Hamilton Plumbing / Roger The Plumber / American Residential Services, LLC (ARS)",69fdf03c3b208288e0a7d188,"int072 - Interstate Building II, LLC",evidenceOfInsurance,Evidence of Insurance,6ac20aae-5728-5d57-b364-aeba38527dba,Additional Requirements,e1017741-e47e-5f58-97b8-fbc3043e919f,Umbrella follows form over General Liability,"---prompt---
Determine if the Umbrella/Excess Liability policy follows form to the underlying policies. Evidence may include: language in the Description of Operations section stating the umbrella follows form to underlying coverages or an additional page endorsement stating that it follows form. Follow form means the umbrella policy adopts the same terms, conditions, and exclusions as the underlying policies.",matchOnce,must be present,,Present,compliant,Block Requirements,,,true,1,,2026-08-16
"Block Real Estate Services, LLC",69fdf76e62446148bd8573dd,69fded0d62446148bd848b59,"Hamilton Plumbing / Roger The Plumber / American Residential Services, LLC (ARS)",69fdf03c3b208288e0a7d188,"int072 - Interstate Building II, LLC",evidenceOfInsurance,Evidence of Insurance,6ac20aae-5728-5d57-b364-aeba38527dba,Additional Requirements,2cdd866f-c9a4-576a-afd8-1d045762790c,"The location must be listed as: 8155 Lenexa Drive, Lenexa, KS, 66214",,matchOnce,must be present,,Present,compliant,Block Requirements,,,true,1,,2026-08-16
"Block Real Estate Services, LLC",69fdf76e62446148bd8573dd,69fded0d62446148bd848b59,"Hamilton Plumbing / Roger The Plumber / American Residential Services, LLC (ARS)",69fdf03c3b208288e0a7d188,"int072 - Interstate Building II, LLC",evidenceOfInsurance,Evidence of Insurance,6ac20aae-5728-5d57-b364-aeba38527dba,Additional Requirements,3649e9d1-4e09-59bf-8f30-cb33c40cf117,"Certificate Holder must read: c/o Block Real Estate Services, LLC, 4622 Pennsylvania St., Suite 700, Kansas City, MO, 64112",,matchOnce,must be present,,Present,compliant,Block Requirements,,,true,1,,2026-08-16
"Block Real Estate Services, LLC",69fdf7a362446148bd85b05c,69fded2362446148bd849252,UMB Bank N.A.,69fdf19902bb2c42a87a78b8,"tic663 - Pinnacle Corporate Centre IV {BK Pinnacle IV, LLC}",evidenceOfInsurance,Evidence of Insurance,commercialGeneralLiability,Commercial General Liability,evidenceOfInsuranceCommercialGeneralLiabilityCoverageTriggerOccurrence,Coverage Trigger: Occurrence,,matchOnce,must be present,,Present,compliant,Block Requirements,,,false,1,,2026-08-16
"Block Real Estate Services, LLC",69fdf7a362446148bd85b05c,69fded2362446148bd849252,UMB Bank N.A.,69fdf19902bb2c42a87a78b8,"tic663 - Pinnacle Corporate Centre IV {BK Pinnacle IV, LLC}",evidenceOfInsurance,Evidence of Insurance,commercialGeneralLiability,Commercial General Liability,evidenceOfInsuranceCommercialGeneralLiabilityGeneralAggregateLimitAppliesPerLocation,General Aggregate Limit Applies per: Location,,matchOnce,must be present,,Present,compliant,Block Requirements,,,false,1,,2026-08-16
"Block Real Estate Services, LLC",69fdf7a362446148bd85b05c,69fded2362446148bd849252,UMB Bank N.A.,69fdf19902bb2c42a87a78b8,"tic663 - Pinnacle Corporate Centre IV {BK Pinnacle IV, LLC}",evidenceOfInsurance,Evidence of Insurance,commercialGeneralLiability,Commercial General Liability,evidenceOfInsuranceCommercialGeneralLiabilityEachOccurrence,Each Occurrence,,matchOnce,must be greater or equal to,1000000,1000000,compliant,Block Requirements,,,false,1,,2026-08-16
"Block Real Estate Services, LLC",69fdf7a362446148bd85b05c,69fded2362446148bd849252,UMB Bank N.A.,69fdf19902bb2c42a87a78b8,"tic663 - Pinnacle Corporate Centre IV {BK Pinnacle IV, LLC}",evidenceOfInsurance,Evidence of Insurance,commercialGeneralLiability,Commercial General Liability,evidenceOfInsuranceCommercialGeneralLiabilityGeneralAggregate,General Aggregate,,matchOnce,must be greater or equal to,2000000,2000000,compliant,Block Requirements,,,false,1,,2026-08-16
"Block Real Estate Services, LLC",69fdf7a362446148bd85b05c,69fded2362446148bd849252,UMB Bank N.A.,69fdf19902bb2c42a87a78b8,"tic663 - Pinnacle Corporate Centre IV {BK Pinnacle IV, LLC}",evidenceOfInsurance,Evidence of Insurance,commercialGeneralLiability,Commercial General Liability,evidenceOfInsuranceCommercialGeneralLiabilityWaiverOfSubrogationEndorsement,Waiver of Subrogation,"---prompt---
Determine if the insurer has waived their right of subrogation in favor of the certificate holder under the Commercial General Liability policy. Evidence may include: a checked ""Waiver of Subrogation"" box on the certificate, mention in the Description of Operations section stating ""waiver of subrogation applies"", or reference to form CG 24 04. Look for language like ""subrogation is waived"" or ""per written contract"".",matchOnce,must be present,,Present,compliant,Block Requirements,,,false,1,,2026-08-16
"Block Real Estate Services, LLC",69fdf7a362446148bd85b05c,69fded2362446148bd849252,UMB Bank N.A.,69fdf19902bb2c42a87a78b8,"tic663 - Pinnacle Corporate Centre IV {BK Pinnacle IV, LLC}",evidenceOfInsurance,Evidence of Insurance,excessOrUmbrellaLiability,Umbrella/Excess Liability,evidenceOfInsuranceExcessOrUmbrellaLiabilityOccurence,Coverage Trigger: Occurrence,,matchOnce,must be present,,Present,compliant,Block Requirements,,,false,1,,2026-08-16
"Block Real Estate Services, LLC",69fdf7a362446148bd85b05c,69fded2362446148bd849252,UMB Bank N.A.,69fdf19902bb2c42a87a78b8,"tic663 - Pinnacle Corporate Centre IV {BK Pinnacle IV, LLC}",evidenceOfInsurance,Evidence of Insurance,excessOrUmbrellaLiability,Umbrella/Excess Liability,evidenceOfInsuranceExcessOrUmbrellaLiabilityEachOccurrence,Each Occurrence,,matchOnce,must be greater or equal to,1000000,5000000,compliant,Block Requirements,,,false,1,,2026-08-16
"Block Real Estate Services, LLC",69fdf7a362446148bd85b05c,69fded2362446148bd849252,UMB Bank N.A.,69fdf19902bb2c42a87a78b8,"tic663 - Pinnacle Corporate Centre IV {BK Pinnacle IV, LLC}",evidenceOfInsurance,Evidence of Insurance,excessOrUmbrellaLiability,Umbrella/Excess Liability,evidenceOfInsuranceExcessOrUmbrellaLiabilityAggregate,Aggregate,,matchOnce,must be greater or equal to,1000000,5000000,compliant,Block Requirements,,,false,1,,2026-08-16
"Block Real Estate Services, LLC",69fdf7a362446148bd85b05c,69fded2362446148bd849252,UMB Bank N.A.,69fdf19902bb2c42a87a78b8,"tic663 - Pinnacle Corporate Centre IV {BK Pinnacle IV, LLC}",evidenceOfInsurance,Evidence of Insurance,workersCompensation,Workers' Compensation and Employer's Liability,evidenceOfInsuranceWorkersCompensationStatutoryLimits,Statutory Limits,,matchOnce,must be present,,,non_compliant,Block Requirements,,,false,0,,2026-08-16
"Block Real Estate Services, LLC",69fdf7a362446148bd85b05c,69fded2362446148bd849252,UMB Bank N.A.,69fdf19902bb2c42a87a78b8,"tic663 - Pinnacle Corporate Centre IV {BK Pinnacle IV, LLC}",evidenceOfInsurance,Evidence of Insurance,workersCompensation,Workers' Compensation and Employer's Liability,evidenceOfInsuranceWorkersCompensationEmployersLiabilityEachAccident,Employer's Liability Each Accident,,matchOnce,must be greater or equal to,500000,,non_compliant,Block Requirements,,,false,0,,2026-08-16
"Block Real Estate Services, LLC",69fdf7a362446148bd85b05c,69fded2362446148bd849252,UMB Bank N.A.,69fdf19902bb2c42a87a78b8,"tic663 - Pinnacle Corporate Centre IV {BK Pinnacle IV, LLC}",evidenceOfInsurance,Evidence of Insurance,workersCompensation,Workers' Compensation and Employer's Liability,evidenceOfInsuranceWorkersCompensationEmployersLiabilityDiseaseEachEmployee,Employer's Liability Disease - each employee,,matchOnce,must be greater or equal to,500000,,non_compliant,Block Requirements,,,false,0,,2026-08-16
"Block Real Estate Services, LLC",69fdf7a362446148bd85b05c,69fded2362446148bd849252,UMB Bank N.A.,69fdf19902bb2c42a87a78b8,"tic663 - Pinnacle Corporate Centre IV {BK Pinnacle IV, LLC}",evidenceOfInsurance,Evidence of Insurance,workersCompensation,Workers' Compensation and Employer's Liability,evidenceOfInsuranceWorkersCompensationEmployersLiabilityDiseasePolicyLimit,Employer's Liability Disease - policy limit,,matchOnce,must be greater or equal to,500000,,non_compliant,Block Requirements,,,false,0,,2026-08-16
"Block Real Estate Services, LLC",69fdf7a362446148bd85b05c,69fded2362446148bd849252,UMB Bank N.A.,69fdf19902bb2c42a87a78b8,"tic663 - Pinnacle Corporate Centre IV {BK Pinnacle IV, LLC}",evidenceOfInsurance,Evidence of Insurance,workersCompensation,Workers' Compensation and Employer's Liability,evidenceOfInsuranceWorkersCompensationWaiverOfSubrogationEndorsement,Waiver of Subrogation,"---prompt---
Determine if the insurer has waived their right of subrogation in favor of the certificate holder under the Workers' Compensation policy. Evidence may include: a checked ""Waiver of Subrogation"" box on the certificate, mention in the Description of Operations section stating ""waiver of subrogation applies"", or reference to form WC 00 03 13. Look for language like ""subrogation is waived"" or ""per written contract"".",matchOnce,must be present,,,non_compliant,Block Requirements,,,false,0,,2026-08-16
"Block Real Estate Services, LLC",69fdf7a362446148bd85b05c,69fded2362446148bd849252,UMB Bank N.A.,69fdf19902bb2c42a87a78b8,"tic663 - Pinnacle Corporate Centre IV {BK Pinnacle IV, LLC}",evidenceOfInsurance,Evidence of Insurance,6ac20aae-5728-5d57-b364-aeba38527dba,Additional Requirements,4da5b0f1-4c9d-5885-8cf8-5d3cccaed3e0,"Block Real Estate Services, LLC and all others required by contract are named as Additional Insureds","---prompt---
Determine if the Description of Operations or the Additional Remarks Schedule section states the ""Additional Insured as Construction Management, Inc. and all others required by contract"" or reference to blanket additional insured coverage. Look for language like ""certificate holder is additional insured"" or ""per written contract"".",matchOnce,must be present,,Present,compliant,Block Requirements,,,true,1,,2026-08-16
"Block Real Estate Services, LLC",69fdf7a362446148bd85b05c,69fded2362446148bd849252,UMB Bank N.A.,69fdf19902bb2c42a87a78b8,"tic663 - Pinnacle Corporate Centre IV {BK Pinnacle IV, LLC}",evidenceOfInsurance,Evidence of Insurance,6ac20aae-5728-5d57-b364-aeba38527dba,Additional Requirements,e1017741-e47e-5f58-97b8-fbc3043e919f,Umbrella follows form over General Liability,"---prompt---
Determine if the Umbrella/Excess Liability policy follows form to the underlying policies. Evidence may include: language in the Description of Operations section stating the umbrella follows form to underlying coverages or an additional page endorsement stating that it follows form. Follow form means the umbrella policy adopts the same terms, conditions, and exclusions as the underlying policies.",matchOnce,must be present,,,non_compliant,Block Requirements,,,true,0,,2026-08-16
"Block Real Estate Services, LLC",69fdf7a362446148bd85b05c,69fded2362446148bd849252,UMB Bank N.A.,69fdf19902bb2c42a87a78b8,"tic663 - Pinnacle Corporate Centre IV {BK Pinnacle IV, LLC}",evidenceOfInsurance,Evidence of Insurance,6ac20aae-5728-5d57-b364-aeba38527dba,Additional Requirements,2cdd866f-c9a4-576a-afd8-1d045762790c,The location must be listed as: 4200 W. 115th Street Suite 100 Leawood KS 66211,,matchOnce,must be present,,Present,compliant,Block Requirements,,,true,1,,2026-08-16
"Block Real Estate Services, LLC",69fdf7a362446148bd85b05c,69fded2362446148bd849252,UMB Bank N.A.,69fdf19902bb2c42a87a78b8,"tic663 - Pinnacle Corporate Centre IV {BK Pinnacle IV, LLC}",evidenceOfInsurance,Evidence of Insurance,6ac20aae-5728-5d57-b364-aeba38527dba,Additional Requirements,3649e9d1-4e09-59bf-8f30-cb33c40cf117,"Certificate Holder must read: c/o Block Real Estate Services, LLC, 4622 Pennsylvania St., Suite 700, Kansas City, MO, 64112",,matchOnce,must be present,,Present,compliant,Block Requirements,,,true,1,,2026-08-16
"Block Real Estate Services, LLC",69fdf7a362446148bd85b058,69fded1562446148bd848df3,Generate-Ubiquity Management LLC,69fdf19902bb2c42a87a78b8,"tic663 - Pinnacle Corporate Centre IV {BK Pinnacle IV, LLC}",evidenceOfInsurance,Evidence of Insurance,commercialGeneralLiability,Commercial General Liability,evidenceOfInsuranceCommercialGeneralLiabilityCoverageTriggerOccurrence,Coverage Trigger: Occurrence,,matchOnce,must be present,,,non_compliant,Block Requirements,,,false,0,,2026-08-16
"Block Real Estate Services, LLC",69fdf7a362446148bd85b058,69fded1562446148bd848df3,Generate-Ubiquity Management LLC,69fdf19902bb2c42a87a78b8,"tic663 - Pinnacle Corporate Centre IV {BK Pinnacle IV, LLC}",evidenceOfInsurance,Evidence of Insurance,commercialGeneralLiability,Commercial General Liability,evidenceOfInsuranceCommercialGeneralLiabilityGeneralAggregateLimitAppliesPerLocation,General Aggregate Limit Applies per: Location,,matchOnce,must be present,,,non_compliant,Block Requirements,,,false,0,,2026-08-16
"Block Real Estate Services, LLC",69fdf7a362446148bd85b058,69fded1562446148bd848df3,Generate-Ubiquity Management LLC,69fdf19902bb2c42a87a78b8,"tic663 - Pinnacle Corporate Centre IV {BK Pinnacle IV, LLC}",evidenceOfInsurance,Evidence of Insurance,commercialGeneralLiability,Commercial General Liability,evidenceOfInsuranceCommercialGeneralLiabilityEachOccurrence,Each Occurrence,,matchOnce,must be greater or equal to,1000000,,non_compliant,Block Requirements,,,false,0,,2026-08-16
"Block Real Estate Services, LLC",69fdf7a362446148bd85b058,69fded1562446148bd848df3,Generate-Ubiquity Management LLC,69fdf19902bb2c42a87a78b8,"tic663 - Pinnacle Corporate Centre IV {BK Pinnacle IV, LLC}",evidenceOfInsurance,Evidence of Insurance,commercialGeneralLiability,Commercial General Liability,evidenceOfInsuranceCommercialGeneralLiabilityGeneralAggregate,General Aggregate,,matchOnce,must be greater or equal to,2000000,,non_compliant,Block Requirements,,,false,0,,2026-08-16
"Block Real Estate Services, LLC",69fdf7a362446148bd85b058,69fded1562446148bd848df3,Generate-Ubiquity Management LLC,69fdf19902bb2c42a87a78b8,"tic663 - Pinnacle Corporate Centre IV {BK Pinnacle IV, LLC}",evidenceOfInsurance,Evidence of Insurance,commercialGeneralLiability,Commercial General Liability,evidenceOfInsuranceCommercialGeneralLiabilityWaiverOfSubrogationEndorsement,Waiver of Subrogation,"---prompt---
Determine if the insurer has waived their right of subrogation in favor of the certificate holder under the Commercial General Liability policy. Evidence may include: a checked ""Waiver of Subrogation"" box on the certificate, mention in the Description of Operations section stating ""waiver of subrogation applies"", or reference to form CG 24 04. Look for language like ""subrogation is waived"" or ""per written contract"".",matchOnce,must be present,,,non_compliant,Block Requirements,,,false,0,,2026-08-16
"Block Real Estate Services, LLC",69fdf7a362446148bd85b058,69fded1562446148bd848df3,Generate-Ubiquity Management LLC,69fdf19902bb2c42a87a78b8,"tic663 - Pinnacle Corporate Centre IV {BK Pinnacle IV, LLC}",evidenceOfInsurance,Evidence of Insurance,excessOrUmbrellaLiability,Umbrella/Excess Liability,evidenceOfInsuranceExcessOrUmbrellaLiabilityOccurence,Coverage Trigger: Occurrence,,matchOnce,must be present,,,non_compliant,Block Requirements,,,false,0,,2026-08-16
"Block Real Estate Services, LLC",69fdf7a362446148bd85b058,69fded1562446148bd848df3,Generate-Ubiquity Management LLC,69fdf19902bb2c42a87a78b8,"tic663 - Pinnacle Corporate Centre IV {BK Pinnacle IV, LLC}",evidenceOfInsurance,Evidence of Insurance,excessOrUmbrellaLiability,Umbrella/Excess Liability,evidenceOfInsuranceExcessOrUmbrellaLiabilityEachOccurrence,Each Occurrence,,matchOnce,must be greater or equal to,1000000,,non_compliant,Block Requirements,,,false,0,,2026-08-16
"Block Real Estate Services, LLC",69fdf7a362446148bd85b058,69fded1562446148bd848df3,Generate-Ubiquity Management LLC,69fdf19902bb2c42a87a78b8,"tic663 - Pinnacle Corporate Centre IV {BK Pinnacle IV, LLC}",evidenceOfInsurance,Evidence of Insurance,excessOrUmbrellaLiability,Umbrella/Excess Liability,evidenceOfInsuranceExcessOrUmbrellaLiabilityAggregate,Aggregate,,matchOnce,must be greater or equal to,1000000,,non_compliant,Block Requirements,,,false,0,,2026-08-16
"Block Real Estate Services, LLC",69fdf7a362446148bd85b058,69fded1562446148bd848df3,Generate-Ubiquity Management LLC,69fdf19902bb2c42a87a78b8,"tic663 - Pinnacle Corporate Centre IV {BK Pinnacle IV, LLC}",evidenceOfInsurance,Evidence of Insurance,workersCompensation,Workers' Compensation and Employer's Liability,evidenceOfInsuranceWorkersCompensationStatutoryLimits,Statutory Limits,,matchOnce,must be present,,,non_compliant,Block Requirements,,,false,0,,2026-08-16
"Block Real Estate Services, LLC",69fdf7a362446148bd85b058,69fded1562446148bd848df3,Generate-Ubiquity Management LLC,69fdf19902bb2c42a87a78b8,"tic663 - Pinnacle Corporate Centre IV {BK Pinnacle IV, LLC}",evidenceOfInsurance,Evidence of Insurance,workersCompensation,Workers' Compensation and Employer's Liability,evidenceOfInsuranceWorkersCompensationEmployersLiabilityEachAccident,Employer's Liability Each Accident,,matchOnce,must be greater or equal to,500000,,non_compliant,Block Requirements,,,false,0,,2026-08-16
"Block Real Estate Services, LLC",69fdf7a362446148bd85b058,69fded1562446148bd848df3,Generate-Ubiquity Management LLC,69fdf19902bb2c42a87a78b8,"tic663 - Pinnacle Corporate Centre IV {BK Pinnacle IV, LLC}",evidenceOfInsurance,Evidence of Insurance,workersCompensation,Workers' Compensation and Employer's Liability,evidenceOfInsuranceWorkersCompensationEmployersLiabilityDiseaseEachEmployee,Employer's Liability Disease - each employee,,matchOnce,must be greater or equal to,500000,,non_compliant,Block Requirements,,,false,0,,2026-08-16
"Block Real Estate Services, LLC",69fdf7a362446148bd85b058,69fded1562446148bd848df3,Generate-Ubiquity Management LLC,69fdf19902bb2c42a87a78b8,"tic663 - Pinnacle Corporate Centre IV {BK Pinnacle IV, LLC}",evidenceOfInsurance,Evidence of Insurance,workersCompensation,Workers' Compensation and Employer's Liability,evidenceOfInsuranceWorkersCompensationEmployersLiabilityDiseasePolicyLimit,Employer's Liability Disease - policy limit,,matchOnce,must be greater or equal to,500000,,non_compliant,Block Requirements,,,false,0,,2026-08-16
"Block Real Estate Services, LLC",69fdf7a362446148bd85b058,69fded1562446148bd848df3,Generate-Ubiquity Management LLC,69fdf19902bb2c42a87a78b8,"tic663 - Pinnacle Corporate Centre IV {BK Pinnacle IV, LLC}",evidenceOfInsurance,Evidence of Insurance,workersCompensation,Workers' Compensation and Employer's Liability,evidenceOfInsuranceWorkersCompensationWaiverOfSubrogationEndorsement,Waiver of Subrogation,"---prompt---
Determine if the insurer has waived their right of subrogation in favor of the certificate holder under the Workers' Compensation policy. Evidence may include: a checked ""Waiver of Subrogation"" box on the certificate, mention in the Description of Operations section stating ""waiver of subrogation applies"", or reference to form WC 00 03 13. Look for language like ""subrogation is waived"" or ""per written contract"".",matchOnce,must be present,,,non_compliant,Block Requirements,,,false,0,,2026-08-16
"Block Real Estate Services, LLC",69fdf7a362446148bd85b058,69fded1562446148bd848df3,Generate-Ubiquity Management LLC,69fdf19902bb2c42a87a78b8,"tic663 - Pinnacle Corporate Centre IV {BK Pinnacle IV, LLC}",evidenceOfInsurance,Evidence of Insurance,6ac20aae-5728-5d57-b364-aeba38527dba,Additional Requirements,4da5b0f1-4c9d-5885-8cf8-5d3cccaed3e0,"Block Real Estate Services, LLC and all others required by contract are named as Additional Insureds","---prompt---
Determine if the Description of Operations or the Additional Remarks Schedule section states the ""Additional Insured as Construction Management, Inc. and all others required by contract"" or reference to blanket additional insured coverage. Look for language like ""certificate holder is additional insured"" or ""per written contract"".",matchOnce,must be present,,,non_compliant,Block Requirements,,,true,0,,2026-08-16
"Block Real Estate Services, LLC",69fdf7a362446148bd85b058,69fded1562446148bd848df3,Generate-Ubiquity Management LLC,69fdf19902bb2c42a87a78b8,"tic663 - Pinnacle Corporate Centre IV {BK Pinnacle IV, LLC}",evidenceOfInsurance,Evidence of Insurance,6ac20aae-5728-5d57-b364-aeba38527dba,Additional Requirements,e1017741-e47e-5f58-97b8-fbc3043e919f,Umbrella follows form over General Liability,"---prompt---
Determine if the Umbrella/Excess Liability policy follows form to the underlying policies. Evidence may include: language in the Description of Operations section stating the umbrella follows form to underlying coverages or an additional page endorsement stating that it follows form. Follow form means the umbrella policy adopts the same terms, conditions, and exclusions as the underlying policies.",matchOnce,must be present,,,non_compliant,Block Requirements,,,true,0,,2026-08-16
"Block Real Estate Services, LLC",69fdf7a362446148bd85b058,69fded1562446148bd848df3,Generate-Ubiquity Management LLC,69fdf19902bb2c42a87a78b8,"tic663 - Pinnacle Corporate Centre IV {BK Pinnacle IV, LLC}",evidenceOfInsurance,Evidence of Insurance,6ac20aae-5728-5d57-b364-aeba38527dba,Additional Requirements,2cdd866f-c9a4-576a-afd8-1d045762790c,The location must be listed as: 4200 W. 115th Street Suite 320 Leawood KS 66211,,matchOnce,must be present,,,non_compliant,Block Requirements,,,true,0,,2026-08-16
"Block Real Estate Services, LLC",69fdf7a362446148bd85b058,69fded1562446148bd848df3,Generate-Ubiquity Management LLC,69fdf19902bb2c42a87a78b8,"tic663 - Pinnacle Corporate Centre IV {BK Pinnacle IV, LLC}",evidenceOfInsurance,Evidence of Insurance,6ac20aae-5728-5d57-b364-aeba38527dba,Additional Requirements,3649e9d1-4e09-59bf-8f30-cb33c40cf117,"Certificate Holder must read: c/o Block Real Estate Services, LLC, 4622 Pennsylvania St., Suite 700, Kansas City, MO, 64112",,matchOnce,must be present,,,non_compliant,Block Requirements,,,true,0,,2026-08-16
"Block Real Estate Services, LLC",69fdf7a362446148bd85b05b,69fded2262446148bd849201,The CapFinancial Group LLC,69fdf19902bb2c42a87a78b8,"tic663 - Pinnacle Corporate Centre IV {BK Pinnacle IV, LLC}",evidenceOfInsurance,Evidence of Insurance,commercialGeneralLiability,Commercial General Liability,evidenceOfInsuranceCommercialGeneralLiabilityCoverageTriggerOccurrence,Coverage Trigger: Occurrence,,matchOnce,must be present,,,non_compliant,Block Requirements,,,false,0,,2026-08-16
"Block Real Estate Services, LLC",69fdf7a362446148bd85b05b,69fded2262446148bd849201,The CapFinancial Group LLC,69fdf19902bb2c42a87a78b8,"tic663 - Pinnacle Corporate Centre IV {BK Pinnacle IV, LLC}",evidenceOfInsurance,Evidence of Insurance,commercialGeneralLiability,Commercial General Liability,evidenceOfInsuranceCommercialGeneralLiabilityGeneralAggregateLimitAppliesPerLocation,General Aggregate Limit Applies per: Location,,matchOnce,must be present,,,non_compliant,Block Requirements,,,false,0,,2026-08-16
"Block Real Estate Services, LLC",69fdf7a362446148bd85b05b,69fded2262446148bd849201,The CapFinancial Group LLC,69fdf19902bb2c42a87a78b8,"tic663 - Pinnacle Corporate Centre IV {BK Pinnacle IV, LLC}",evidenceOfInsurance,Evidence of Insurance,commercialGeneralLiability,Commercial General Liability,evidenceOfInsuranceCommercialGeneralLiabilityEachOccurrence,Each Occurrence,,matchOnce,must be greater or equal to,1000000,,non_compliant,Block Requirements,,,false,0,,2026-08-16
"Block Real Estate Services, LLC",69fdf7a362446148bd85b05b,69fded2262446148bd849201,The CapFinancial Group LLC,69fdf19902bb2c42a87a78b8,"tic663 - Pinnacle Corporate Centre IV {BK Pinnacle IV, LLC}",evidenceOfInsurance,Evidence of Insurance,commercialGeneralLiability,Commercial General Liability,evidenceOfInsuranceCommercialGeneralLiabilityGeneralAggregate,General Aggregate,,matchOnce,must be greater or equal to,2000000,,non_compliant,Block Requirements,,,false,0,,2026-08-16
"Block Real Estate Services, LLC",69fdf7a362446148bd85b05b,69fded2262446148bd849201,The CapFinancial Group LLC,69fdf19902bb2c42a87a78b8,"tic663 - Pinnacle Corporate Centre IV {BK Pinnacle IV, LLC}",evidenceOfInsurance,Evidence of Insurance,commercialGeneralLiability,Commercial General Liability,evidenceOfInsuranceCommercialGeneralLiabilityWaiverOfSubrogationEndorsement,Waiver of Subrogation,"---prompt---
Determine if the insurer has waived their right of subrogation in favor of the certificate holder under the Commercial General Liability policy. Evidence may include: a checked ""Waiver of Subrogation"" box on the certificate, mention in the Description of Operations section stating ""waiver of subrogation applies"", or reference to form CG 24 04. Look for language like ""subrogation is waived"" or ""per written contract"".",matchOnce,must be present,,,non_compliant,Block Requirements,,,false,0,,2026-08-16
"Block Real Estate Services, LLC",69fdf7a362446148bd85b05b,69fded2262446148bd849201,The CapFinancial Group LLC,69fdf19902bb2c42a87a78b8,"tic663 - Pinnacle Corporate Centre IV {BK Pinnacle IV, LLC}",evidenceOfInsurance,Evidence of Insurance,excessOrUmbrellaLiability,Umbrella/Excess Liability,evidenceOfInsuranceExcessOrUmbrellaLiabilityOccurence,Coverage Trigger: Occurrence,,matchOnce,must be present,,,non_compliant,Block Requirements,,,false,0,,2026-08-16
"Block Real Estate Services, LLC",69fdf7a362446148bd85b05b,69fded2262446148bd849201,The CapFinancial Group LLC,69fdf19902bb2c42a87a78b8,"tic663 - Pinnacle Corporate Centre IV {BK Pinnacle IV, LLC}",evidenceOfInsurance,Evidence of Insurance,excessOrUmbrellaLiability,Umbrella/Excess Liability,evidenceOfInsuranceExcessOrUmbrellaLiabilityEachOccurrence,Each Occurrence,,matchOnce,must be greater or equal to,1000000,,non_compliant,Block Requirements,,,false,0,,2026-08-16
"Block Real Estate Services, LLC",69fdf7a362446148bd85b05b,69fded2262446148bd849201,The CapFinancial Group LLC,69fdf19902bb2c42a87a78b8,"tic663 - Pinnacle Corporate Centre IV {BK Pinnacle IV, LLC}",evidenceOfInsurance,Evidence of Insurance,excessOrUmbrellaLiability,Umbrella/Excess Liability,evidenceOfInsuranceExcessOrUmbrellaLiabilityAggregate,Aggregate,,matchOnce,must be greater or equal to,1000000,,non_compliant,Block Requirements,,,false,0,,2026-08-16
"Block Real Estate Services, LLC",69fdf7a362446148bd85b05b,69fded2262446148bd849201,The CapFinancial Group LLC,69fdf19902bb2c42a87a78b8,"tic663 - Pinnacle Corporate Centre IV {BK Pinnacle IV, LLC}",evidenceOfInsurance,Evidence of Insurance,workersCompensation,Workers' Compensation and Employer's Liability,evidenceOfInsuranceWorkersCompensationStatutoryLimits,Statutory Limits,,matchOnce,must be present,,,non_compliant,Block Requirements,,,false,0,,2026-08-16
"Block Real Estate Services, LLC",69fdf7a362446148bd85b05b,69fded2262446148bd849201,The CapFinancial Group LLC,69fdf19902bb2c42a87a78b8,"tic663 - Pinnacle Corporate Centre IV {BK Pinnacle IV, LLC}",evidenceOfInsurance,Evidence of Insurance,workersCompensation,Workers' Compensation and Employer's Liability,evidenceOfInsuranceWorkersCompensationEmployersLiabilityEachAccident,Employer's Liability Each Accident,,matchOnce,must be greater or equal to,500000,,non_compliant,Block Requirements,,,false,0,,2026-08-16
"Block Real Estate Services, LLC",69fdf7a362446148bd85b05b,69fded2262446148bd849201,The CapFinancial Group LLC,69fdf19902bb2c42a87a78b8,"tic663 - Pinnacle Corporate Centre IV {BK Pinnacle IV, LLC}",evidenceOfInsurance,Evidence of Insurance,workersCompensation,Workers' Compensation and Employer's Liability,evidenceOfInsuranceWorkersCompensationEmployersLiabilityDiseaseEachEmployee,Employer's Liability Disease - each employee,,matchOnce,must be greater or equal to,500000,,non_compliant,Block Requirements,,,false,0,,2026-08-16
"Block Real Estate Services, LLC",69fdf7a362446148bd85b05b,69fded2262446148bd849201,The CapFinancial Group LLC,69fdf19902bb2c42a87a78b8,"tic663 - Pinnacle Corporate Centre IV {BK Pinnacle IV, LLC}",evidenceOfInsurance,Evidence of Insurance,workersCompensation,Workers' Compensation and Employer's Liability,evidenceOfInsuranceWorkersCompensationEmployersLiabilityDiseasePolicyLimit,Employer's Liability Disease - policy limit,,matchOnce,must be greater or equal to,500000,,non_compliant,Block Requirements,,,false,0,,2026-08-16
"Block Real Estate Services, LLC",69fdf7a362446148bd85b05b,69fded2262446148bd849201,The CapFinancial Group LLC,69fdf19902bb2c42a87a78b8,"tic663 - Pinnacle Corporate Centre IV {BK Pinnacle IV, LLC}",evidenceOfInsurance,Evidence of Insurance,workersCompensation,Workers' Compensation and Employer's Liability,evidenceOfInsuranceWorkersCompensationWaiverOfSubrogationEndorsement,Waiver of Subrogation,"---prompt---
Determine if the insurer has waived their right of subrogation in favor of the certificate holder under the Workers' Compensation policy. Evidence may include: a checked ""Waiver of Subrogation"" box on the certificate, mention in the Description of Operations section stating ""waiver of subrogation applies"", or reference to form WC 00 03 13. Look for language like ""subrogation is waived"" or ""per written contract"".",matchOnce,must be present,,,non_compliant,Block Requirements,,,false,0,,2026-08-16
"Block Real Estate Services, LLC",69fdf7a362446148bd85b05b,69fded2262446148bd849201,The CapFinancial Group LLC,69fdf19902bb2c42a87a78b8,"tic663 - Pinnacle Corporate Centre IV {BK Pinnacle IV, LLC}",evidenceOfInsurance,Evidence of Insurance,6ac20aae-5728-5d57-b364-aeba38527dba,Additional Requirements,4da5b0f1-4c9d-5885-8cf8-5d3cccaed3e0,"Block Real Estate Services, LLC and all others required by contract are named as Additional Insureds","---prompt---
Determine if the Description of Operations or the Additional Remarks Schedule section states the ""Additional Insured as Construction Management, Inc. and all others required by contract"" or reference to blanket additional insured coverage. Look for language like ""certificate holder is additional insured"" or ""per written contract"".",matchOnce,must be present,,,non_compliant,Block Requirements,,,true,0,,2026-08-16
"Block Real Estate Services, LLC",69fdf7a362446148bd85b05b,69fded2262446148bd849201,The CapFinancial Group LLC,69fdf19902bb2c42a87a78b8,"tic663 - Pinnacle Corporate Centre IV {BK Pinnacle IV, LLC}",evidenceOfInsurance,Evidence of Insurance,6ac20aae-5728-5d57-b364-aeba38527dba,Additional Requirements,e1017741-e47e-5f58-97b8-fbc3043e919f,Umbrella follows form over General Liability,"---prompt---
Determine if the Umbrella/Excess Liability policy follows form to the underlying policies. Evidence may include: language in the Description of Operations section stating the umbrella follows form to underlying coverages or an additional page endorsement stating that it follows form. Follow form means the umbrella policy adopts the same terms, conditions, and exclusions as the underlying policies.",matchOnce,must be present,,,non_compliant,Block Requirements,,,true,0,,2026-08-16
"Block Real Estate Services, LLC",69fdf7a362446148bd85b05b,69fded2262446148bd849201,The CapFinancial Group LLC,69fdf19902bb2c42a87a78b8,"tic663 - Pinnacle Corporate Centre IV {BK Pinnacle IV, LLC}",evidenceOfInsurance,Evidence of Insurance,6ac20aae-5728-5d57-b364-aeba38527dba,Additional Requirements,2cdd866f-c9a4-576a-afd8-1d045762790c,The location must be listed as: 4200 W. 115th Street Suite 210 Leawood KS 66211,,matchOnce,must be present,,,non_compliant,Block Requirements,,,true,0,,2026-08-16
"Block Real Estate Services, LLC",69fdf7a362446148bd85b05b,69fded2262446148bd849201,The CapFinancial Group LLC,69fdf19902bb2c42a87a78b8,"tic663 - Pinnacle Corporate Centre IV {BK Pinnacle IV, LLC}",evidenceOfInsurance,Evidence of Insurance,6ac20aae-5728-5d57-b364-aeba38527dba,Additional Requirements,3649e9d1-4e09-59bf-8f30-cb33c40cf117,"Certificate Holder must read: c/o Block Real Estate Services, LLC, 4622 Pennsylvania St., Suite 700, Kansas City, MO, 64112",,matchOnce,must be present,,,non_compliant,Block Requirements,,,true,0,,2026-08-16
"Block Real Estate Services, LLC",69fdf7a362446148bd85b059,69fded1e62446148bd84909c,"Northstar Wealth / Polaris, LLC",69fdf19902bb2c42a87a78b8,"tic663 - Pinnacle Corporate Centre IV {BK Pinnacle IV, LLC}",evidenceOfInsurance,Evidence of Insurance,commercialGeneralLiability,Commercial General Liability,evidenceOfInsuranceCommercialGeneralLiabilityCoverageTriggerOccurrence,Coverage Trigger: Occurrence,,matchOnce,must be present,,,non_compliant,Block Requirements,,,false,0,,2026-08-16
"Block Real Estate Services, LLC",69fdf7a362446148bd85b059,69fded1e62446148bd84909c,"Northstar Wealth / Polaris, LLC",69fdf19902bb2c42a87a78b8,"tic663 - Pinnacle Corporate Centre IV {BK Pinnacle IV, LLC}",evidenceOfInsurance,Evidence of Insurance,commercialGeneralLiability,Commercial General Liability,evidenceOfInsuranceCommercialGeneralLiabilityGeneralAggregateLimitAppliesPerLocation,General Aggregate Limit Applies per: Location,,matchOnce,must be present,,,non_compliant,Block Requirements,,,false,0,,2026-08-16
"Block Real Estate Services, LLC",69fdf7a362446148bd85b059,69fded1e62446148bd84909c,"Northstar Wealth / Polaris, LLC",69fdf19902bb2c42a87a78b8,"tic663 - Pinnacle Corporate Centre IV {BK Pinnacle IV, LLC}",evidenceOfInsurance,Evidence of Insurance,commercialGeneralLiability,Commercial General Liability,evidenceOfInsuranceCommercialGeneralLiabilityEachOccurrence,Each Occurrence,,matchOnce,must be greater or equal to,1000000,2000000,compliant,Block Requirements,,,false,1,,2026-08-16
"Block Real Estate Services, LLC",69fdf7a362446148bd85b059,69fded1e62446148bd84909c,"Northstar Wealth / Polaris, LLC",69fdf19902bb2c42a87a78b8,"tic663 - Pinnacle Corporate Centre IV {BK Pinnacle IV, LLC}",evidenceOfInsurance,Evidence of Insurance,commercialGeneralLiability,Commercial General Liability,evidenceOfInsuranceCommercialGeneralLiabilityGeneralAggregate,General Aggregate,,matchOnce,must be greater or equal to,2000000,4000000,compliant,Block Requirements,,,false,1,,2026-08-16
"Block Real Estate Services, LLC",69fdf7a362446148bd85b059,69fded1e62446148bd84909c,"Northstar Wealth / Polaris, LLC",69fdf19902bb2c42a87a78b8,"tic663 - Pinnacle Corporate Centre IV {BK Pinnacle IV, LLC}",evidenceOfInsurance,Evidence of Insurance,commercialGeneralLiability,Commercial General Liability,evidenceOfInsuranceCommercialGeneralLiabilityWaiverOfSubrogationEndorsement,Waiver of Subrogation,"---prompt---
Determine if the insurer has waived their right of subrogation in favor of the certificate holder under the Commercial General Liability policy. Evidence may include: a checked ""Waiver of Subrogation"" box on the certificate, mention in the Description of Operations section stating ""waiver of subrogation applies"", or reference to form CG 24 04. Look for language like ""subrogation is waived"" or ""per written contract"".",matchOnce,must be present,,Present,compliant,Block Requirements,,,false,1,,2026-08-16
"Block Real Estate Services, LLC",69fdf7a362446148bd85b059,69fded1e62446148bd84909c,"Northstar Wealth / Polaris, LLC",69fdf19902bb2c42a87a78b8,"tic663 - Pinnacle Corporate Centre IV {BK Pinnacle IV, LLC}",evidenceOfInsurance,Evidence of Insurance,excessOrUmbrellaLiability,Umbrella/Excess Liability,evidenceOfInsuranceExcessOrUmbrellaLiabilityOccurence,Coverage Trigger: Occurrence,,matchOnce,must be present,,,overridden,Block Requirements,,,false,0,,2026-08-16
"Block Real Estate Services, LLC",69fdf7a362446148bd85b059,69fded1e62446148bd84909c,"Northstar Wealth / Polaris, LLC",69fdf19902bb2c42a87a78b8,"tic663 - Pinnacle Corporate Centre IV {BK Pinnacle IV, LLC}",evidenceOfInsurance,Evidence of Insurance,excessOrUmbrellaLiability,Umbrella/Excess Liability,evidenceOfInsuranceExcessOrUmbrellaLiabilityEachOccurrence,Each Occurrence,,matchOnce,must be greater or equal to,1000000,,overridden,Block Requirements,,,false,0,,2026-08-16
"Block Real Estate Services, LLC",69fdf7a362446148bd85b059,69fded1e62446148bd84909c,"Northstar Wealth / Polaris, LLC",69fdf19902bb2c42a87a78b8,"tic663 - Pinnacle Corporate Centre IV {BK Pinnacle IV, LLC}",evidenceOfInsurance,Evidence of Insurance,excessOrUmbrellaLiability,Umbrella/Excess Liability,evidenceOfInsuranceExcessOrUmbrellaLiabilityAggregate,Aggregate,,matchOnce,must be greater or equal to,1000000,,overridden,Block Requirements,,,false,0,,2026-08-16
"Block Real Estate Services, LLC",69fdf7a362446148bd85b059,69fded1e62446148bd84909c,"Northstar Wealth / Polaris, LLC",69fdf19902bb2c42a87a78b8,"tic663 - Pinnacle Corporate Centre IV {BK Pinnacle IV, LLC}",evidenceOfInsurance,Evidence of Insurance,workersCompensation,Workers' Compensation and Employer's Liability,evidenceOfInsuranceWorkersCompensationStatutoryLimits,Statutory Limits,,matchOnce,must be present,,,non_compliant,Block Requirements,,,false,0,,2026-08-16
"Block Real Estate Services, LLC",69fdf7a362446148bd85b059,69fded1e62446148bd84909c,"Northstar Wealth / Polaris, LLC",69fdf19902bb2c42a87a78b8,"tic663 - Pinnacle Corporate Centre IV {BK Pinnacle IV, LLC}",evidenceOfInsurance,Evidence of Insurance,workersCompensation,Workers' Compensation and Employer's Liability,evidenceOfInsuranceWorkersCompensationEmployersLiabilityEachAccident,Employer's Liability Each Accident,,matchOnce,must be greater or equal to,500000,,non_compliant,Block Requirements,,,false,0,,2026-08-16
"Block Real Estate Services, LLC",69fdf7a362446148bd85b059,69fded1e62446148bd84909c,"Northstar Wealth / Polaris, LLC",69fdf19902bb2c42a87a78b8,"tic663 - Pinnacle Corporate Centre IV {BK Pinnacle IV, LLC}",evidenceOfInsurance,Evidence of Insurance,workersCompensation,Workers' Compensation and Employer's Liability,evidenceOfInsuranceWorkersCompensationEmployersLiabilityDiseaseEachEmployee,Employer's Liability Disease - each employee,,matchOnce,must be greater or equal to,500000,,non_compliant,Block Requirements,,,false,0,,2026-08-16
"Block Real Estate Services, LLC",69fdf7a362446148bd85b059,69fded1e62446148bd84909c,"Northstar Wealth / Polaris, LLC",69fdf19902bb2c42a87a78b8,"tic663 - Pinnacle Corporate Centre IV {BK Pinnacle IV, LLC}",evidenceOfInsurance,Evidence of Insurance,workersCompensation,Workers' Compensation and Employer's Liability,evidenceOfInsuranceWorkersCompensationEmployersLiabilityDiseasePolicyLimit,Employer's Liability Disease - policy limit,,matchOnce,must be greater or equal to,500000,,non_compliant,Block Requirements,,,false,0,,2026-08-16
"Block Real Estate Services, LLC",69fdf7a362446148bd85b059,69fded1e62446148bd84909c,"Northstar Wealth / Polaris, LLC",69fdf19902bb2c42a87a78b8,"tic663 - Pinnacle Corporate Centre IV {BK Pinnacle IV, LLC}",evidenceOfInsurance,Evidence of Insurance,workersCompensation,Workers' Compensation and Employer's Liability,evidenceOfInsuranceWorkersCompensationWaiverOfSubrogationEndorsement,Waiver of Subrogation,"---prompt---
Determine if the insurer has waived their right of subrogation in favor of the certificate holder under the Workers' Compensation policy. Evidence may include: a checked ""Waiver of Subrogation"" box on the certificate, mention in the Description of Operations section stating ""waiver of subrogation applies"", or reference to form WC 00 03 13. Look for language like ""subrogation is waived"" or ""per written contract"".",matchOnce,must be present,,,non_compliant,Block Requirements,,,false,0,,2026-08-16
"Block Real Estate Services, LLC",69fdf7a362446148bd85b059,69fded1e62446148bd84909c,"Northstar Wealth / Polaris, LLC",69fdf19902bb2c42a87a78b8,"tic663 - Pinnacle Corporate Centre IV {BK Pinnacle IV, LLC}",evidenceOfInsurance,Evidence of Insurance,6ac20aae-5728-5d57-b364-aeba38527dba,Additional Requirements,4da5b0f1-4c9d-5885-8cf8-5d3cccaed3e0,"Block Real Estate Services, LLC and all others required by contract are named as Additional Insureds","---prompt---
Determine if the Description of Operations or the Additional Remarks Schedule section states the ""Additional Insured as Construction Management, Inc. and all others required by contract"" or reference to blanket additional insured coverage. Look for language like ""certificate holder is additional insured"" or ""per written contract"".",matchOnce,must be present,,,non_compliant,Block Requirements,,,true,0,,2026-08-16
"Block Real Estate Services, LLC",69fdf7a362446148bd85b059,69fded1e62446148bd84909c,"Northstar Wealth / Polaris, LLC",69fdf19902bb2c42a87a78b8,"tic663 - Pinnacle Corporate Centre IV {BK Pinnacle IV, LLC}",evidenceOfInsurance,Evidence of Insurance,6ac20aae-5728-5d57-b364-aeba38527dba,Additional Requirements,e1017741-e47e-5f58-97b8-fbc3043e919f,Umbrella follows form over General Liability,"---prompt---
Determine if the Umbrella/Excess Liability policy follows form to the underlying policies. Evidence may include: language in the Description of Operations section stating the umbrella follows form to underlying coverages or an additional page endorsement stating that it follows form. Follow form means the umbrella policy adopts the same terms, conditions, and exclusions as the underlying policies.",matchOnce,must be present,,,overridden,Block Requirements,Umbrella requirement waived,,true,0,2027-06-26,2026-08-16
"Block Real Estate Services, LLC",69fdf7a362446148bd85b059,69fded1e62446148bd84909c,"Northstar Wealth / Polaris, LLC",69fdf19902bb2c42a87a78b8,"tic663 - Pinnacle Corporate Centre IV {BK Pinnacle IV, LLC}",evidenceOfInsurance,Evidence of Insurance,6ac20aae-5728-5d57-b364-aeba38527dba,Additional Requirements,2cdd866f-c9a4-576a-afd8-1d045762790c,The location must be listed as: 4200 W. 115th Street Suite 300 Leawood KS 66211,,matchOnce,must be present,,Present,compliant,Block Requirements,,,true,1,,2026-08-16
"Block Real Estate Services, LLC",69fdf7a362446148bd85b059,69fded1e62446148bd84909c,"Northstar Wealth / Polaris, LLC",69fdf19902bb2c42a87a78b8,"tic663 - Pinnacle Corporate Centre IV {BK Pinnacle IV, LLC}",evidenceOfInsurance,Evidence of Insurance,6ac20aae-5728-5d57-b364-aeba38527dba,Additional Requirements,3649e9d1-4e09-59bf-8f30-cb33c40cf117,"Certificate Holder must read: c/o Block Real Estate Services, LLC, 4622 Pennsylvania St., Suite 700, Kansas City, MO, 64112",,matchOnce,must be present,,,non_compliant,Block Requirements,,,true,0,,2026-08-16
"Block Real Estate Services, LLC",69fdf7a362446148bd85b05a,69fded2262446148bd8491dd,Tallgrass Energy / Tallgrass MLP,69fdf19902bb2c42a87a78b8,"tic663 - Pinnacle Corporate Centre IV {BK Pinnacle IV, LLC}",evidenceOfInsurance,Evidence of Insurance,commercialGeneralLiability,Commercial General Liability,evidenceOfInsuranceCommercialGeneralLiabilityCoverageTriggerOccurrence,Coverage Trigger: Occurrence,,matchOnce,must be present,,,non_compliant,Block Requirements,,,false,0,,2026-08-16
"Block Real Estate Services, LLC",69fdf7a362446148bd85b05a,69fded2262446148bd8491dd,Tallgrass Energy / Tallgrass MLP,69fdf19902bb2c42a87a78b8,"tic663 - Pinnacle Corporate Centre IV {BK Pinnacle IV, LLC}",evidenceOfInsurance,Evidence of Insurance,commercialGeneralLiability,Commercial General Liability,evidenceOfInsuranceCommercialGeneralLiabilityGeneralAggregateLimitAppliesPerLocation,General Aggregate Limit Applies per: Location,,matchOnce,must be present,,,non_compliant,Block Requirements,,,false,0,,2026-08-16
"Block Real Estate Services, LLC",69fdf7a362446148bd85b05a,69fded2262446148bd8491dd,Tallgrass Energy / Tallgrass MLP,69fdf19902bb2c42a87a78b8,"tic663 - Pinnacle Corporate Centre IV {BK Pinnacle IV, LLC}",evidenceOfInsurance,Evidence of Insurance,commercialGeneralLiability,Commercial General Liability,evidenceOfInsuranceCommercialGeneralLiabilityEachOccurrence,Each Occurrence,,matchOnce,must be greater or equal to,1000000,,non_compliant,Block Requirements,,,false,0,,2026-08-16
"Block Real Estate Services, LLC",69fdf7a362446148bd85b05a,69fded2262446148bd8491dd,Tallgrass Energy / Tallgrass MLP,69fdf19902bb2c42a87a78b8,"tic663 - Pinnacle Corporate Centre IV {BK Pinnacle IV, LLC}",evidenceOfInsurance,Evidence of Insurance,commercialGeneralLiability,Commercial General Liability,evidenceOfInsuranceCommercialGeneralLiabilityGeneralAggregate,General Aggregate,,matchOnce,must be greater or equal to,2000000,,non_compliant,Block Requirements,,,false,0,,2026-08-16
"Block Real Estate Services, LLC",69fdf7a362446148bd85b05a,69fded2262446148bd8491dd,Tallgrass Energy / Tallgrass MLP,69fdf19902bb2c42a87a78b8,"tic663 - Pinnacle Corporate Centre IV {BK Pinnacle IV, LLC}",evidenceOfInsurance,Evidence of Insurance,commercialGeneralLiability,Commercial General Liability,evidenceOfInsuranceCommercialGeneralLiabilityWaiverOfSubrogationEndorsement,Waiver of Subrogation,"---prompt---
Determine if the insurer has waived their right of subrogation in favor of the certificate holder under the Commercial General Liability policy. Evidence may include: a checked ""Waiver of Subrogation"" box on the certificate, mention in the Description of Operations section stating ""waiver of subrogation applies"", or reference to form CG 24 04. Look for language like ""subrogation is waived"" or ""per written contract"".",matchOnce,must be present,,,non_compliant,Block Requirements,,,false,0,,2026-08-16
"Block Real Estate Services, LLC",69fdf7a362446148bd85b05a,69fded2262446148bd8491dd,Tallgrass Energy / Tallgrass MLP,69fdf19902bb2c42a87a78b8,"tic663 - Pinnacle Corporate Centre IV {BK Pinnacle IV, LLC}",evidenceOfInsurance,Evidence of Insurance,excessOrUmbrellaLiability,Umbrella/Excess Liability,evidenceOfInsuranceExcessOrUmbrellaLiabilityOccurence,Coverage Trigger: Occurrence,,matchOnce,must be present,,,non_compliant,Block Requirements,,,false,0,,2026-08-16
"Block Real Estate Services, LLC",69fdf7a362446148bd85b05a,69fded2262446148bd8491dd,Tallgrass Energy / Tallgrass MLP,69fdf19902bb2c42a87a78b8,"tic663 - Pinnacle Corporate Centre IV {BK Pinnacle IV, LLC}",evidenceOfInsurance,Evidence of Insurance,excessOrUmbrellaLiability,Umbrella/Excess Liability,evidenceOfInsuranceExcessOrUmbrellaLiabilityEachOccurrence,Each Occurrence,,matchOnce,must be greater or equal to,1000000,,non_compliant,Block Requirements,,,false,0,,2026-08-16
"Block Real Estate Services, LLC",69fdf7a362446148bd85b05a,69fded2262446148bd8491dd,Tallgrass Energy / Tallgrass MLP,69fdf19902bb2c42a87a78b8,"tic663 - Pinnacle Corporate Centre IV {BK Pinnacle IV, LLC}",evidenceOfInsurance,Evidence of Insurance,excessOrUmbrellaLiability,Umbrella/Excess Liability,evidenceOfInsuranceExcessOrUmbrellaLiabilityAggregate,Aggregate,,matchOnce,must be greater or equal to,1000000,,non_compliant,Block Requirements,,,false,0,,2026-08-16
"Block Real Estate Services, LLC",69fdf7a362446148bd85b05a,69fded2262446148bd8491dd,Tallgrass Energy / Tallgrass MLP,69fdf19902bb2c42a87a78b8,"tic663 - Pinnacle Corporate Centre IV {BK Pinnacle IV, LLC}",evidenceOfInsurance,Evidence of Insurance,workersCompensation,Workers' Compensation and Employer's Liability,evidenceOfInsuranceWorkersCompensationStatutoryLimits,Statutory Limits,,matchOnce,must be present,,,non_compliant,Block Requirements,,,false,0,,2026-08-16
"Block Real Estate Services, LLC",69fdf7a362446148bd85b05a,69fded2262446148bd8491dd,Tallgrass Energy / Tallgrass MLP,69fdf19902bb2c42a87a78b8,"tic663 - Pinnacle Corporate Centre IV {BK Pinnacle IV, LLC}",evidenceOfInsurance,Evidence of Insurance,workersCompensation,Workers' Compensation and Employer's Liability,evidenceOfInsuranceWorkersCompensationEmployersLiabilityEachAccident,Employer's Liability Each Accident,,matchOnce,must be greater or equal to,500000,,non_compliant,Block Requirements,,,false,0,,2026-08-16
"Block Real Estate Services, LLC",69fdf7a362446148bd85b05a,69fded2262446148bd8491dd,Tallgrass Energy / Tallgrass MLP,69fdf19902bb2c42a87a78b8,"tic663 - Pinnacle Corporate Centre IV {BK Pinnacle IV, LLC}",evidenceOfInsurance,Evidence of Insurance,workersCompensation,Workers' Compensation and Employer's Liability,evidenceOfInsuranceWorkersCompensationEmployersLiabilityDiseaseEachEmployee,Employer's Liability Disease - each employee,,matchOnce,must be greater or equal to,500000,,non_compliant,Block Requirements,,,false,0,,2026-08-16
"Block Real Estate Services, LLC",69fdf7a362446148bd85b05a,69fded2262446148bd8491dd,Tallgrass Energy / Tallgrass MLP,69fdf19902bb2c42a87a78b8,"tic663 - Pinnacle Corporate Centre IV {BK Pinnacle IV, LLC}",evidenceOfInsurance,Evidence of Insurance,workersCompensation,Workers' Compensation and Employer's Liability,evidenceOfInsuranceWorkersCompensationEmployersLiabilityDiseasePolicyLimit,Employer's Liability Disease - policy limit,,matchOnce,must be greater or equal to,500000,,non_compliant,Block Requirements,,,false,0,,2026-08-16
"Block Real Estate Services, LLC",69fdf7a362446148bd85b05a,69fded2262446148bd8491dd,Tallgrass Energy / Tallgrass MLP,69fdf19902bb2c42a87a78b8,"tic663 - Pinnacle Corporate Centre IV {BK Pinnacle IV, LLC}",evidenceOfInsurance,Evidence of Insurance,workersCompensation,Workers' Compensation and Employer's Liability,evidenceOfInsuranceWorkersCompensationWaiverOfSubrogationEndorsement,Waiver of Subrogation,"---prompt---
Determine if the insurer has waived their right of subrogation in favor of the certificate holder under the Workers' Compensation policy. Evidence may include: a checked ""Waiver of Subrogation"" box on the certificate, mention in the Description of Operations section stating ""waiver of subrogation applies"", or reference to form WC 00 03 13. Look for language like ""subrogation is waived"" or ""per written contract"".",matchOnce,must be present,,,non_compliant,Block Requirements,,,false,0,,2026-08-16
"Block Real Estate Services, LLC",69fdf7a362446148bd85b05a,69fded2262446148bd8491dd,Tallgrass Energy / Tallgrass MLP,69fdf19902bb2c42a87a78b8,"tic663 - Pinnacle Corporate Centre IV {BK Pinnacle IV, LLC}",evidenceOfInsurance,Evidence of Insurance,6ac20aae-5728-5d57-b364-aeba38527dba,Additional Requirements,4da5b0f1-4c9d-5885-8cf8-5d3cccaed3e0,"Block Real Estate Services, LLC and all others required by contract are named as Additional Insureds","---prompt---
Determine if the Description of Operations or the Additional Remarks Schedule section states the ""Additional Insured as Construction Management, Inc. and all others required by contract"" or reference to blanket additional insured coverage. Look for language like ""certificate holder is additional insured"" or ""per written contract"".",matchOnce,must be present,,,non_compliant,Block Requirements,,,true,0,,2026-08-16
"Block Real Estate Services, LLC",69fdf7a362446148bd85b05a,69fded2262446148bd8491dd,Tallgrass Energy / Tallgrass MLP,69fdf19902bb2c42a87a78b8,"tic663 - Pinnacle Corporate Centre IV {BK Pinnacle IV, LLC}",evidenceOfInsurance,Evidence of Insurance,6ac20aae-5728-5d57-b364-aeba38527dba,Additional Requirements,e1017741-e47e-5f58-97b8-fbc3043e919f,Umbrella follows form over General Liability,"---prompt---
Determine if the Umbrella/Excess Liability policy follows form to the underlying policies. Evidence may include: language in the Description of Operations section stating the umbrella follows form to underlying coverages or an additional page endorsement stating that it follows form. Follow form means the umbrella policy adopts the same terms, conditions, and exclusions as the underlying policies.",matchOnce,must be present,,,non_compliant,Block Requirements,,,true,0,,2026-08-16
"Block Real Estate Services, LLC",69fdf7a362446148bd85b05a,69fded2262446148bd8491dd,Tallgrass Energy / Tallgrass MLP,69fdf19902bb2c42a87a78b8,"tic663 - Pinnacle Corporate Centre IV {BK Pinnacle IV, LLC}",evidenceOfInsurance,Evidence of Insurance,6ac20aae-5728-5d57-b364-aeba38527dba,Additional Requirements,2cdd866f-c9a4-576a-afd8-1d045762790c,The location must be listed as: 4200 W. 115th Street Suite 350 Leawood KS 66211,,matchOnce,must be present,,,non_compliant,Block Requirements,,,true,0,,2026-08-16
"Block Real Estate Services, LLC",69fdf7a362446148bd85b05a,69fded2262446148bd8491dd,Tallgrass Energy / Tallgrass MLP,69fdf19902bb2c42a87a78b8,"tic663 - Pinnacle Corporate Centre IV {BK Pinnacle IV, LLC}",evidenceOfInsurance,Evidence of Insurance,6ac20aae-5728-5d57-b364-aeba38527dba,Additional Requirements,3649e9d1-4e09-59bf-8f30-cb33c40cf117,"Certificate Holder must read: c/o Block Real Estate Services, LLC, 4622 Pennsylvania St., Suite 700, Kansas City, MO, 64112",,matchOnce,must be present,,,non_compliant,Block Requirements,,,true,0,,2026-08-16
"Block Real Estate Services, LLC",69fdf7a362446148bd85b057,69fded0d62446148bd848b5f,"Ameriprise Financial / Ameriprise Holdings, Inc.",69fdf19902bb2c42a87a78b8,"tic663 - Pinnacle Corporate Centre IV {BK Pinnacle IV, LLC}",evidenceOfInsurance,Evidence of Insurance,commercialGeneralLiability,Commercial General Liability,evidenceOfInsuranceCommercialGeneralLiabilityCoverageTriggerOccurrence,Coverage Trigger: Occurrence,,matchOnce,must be present,,,non_compliant,Block Requirements,,,false,0,,2026-08-16
"Block Real Estate Services, LLC",69fdf7a362446148bd85b057,69fded0d62446148bd848b5f,"Ameriprise Financial / Ameriprise Holdings, Inc.",69fdf19902bb2c42a87a78b8,"tic663 - Pinnacle Corporate Centre IV {BK Pinnacle IV, LLC}",evidenceOfInsurance,Evidence of Insurance,commercialGeneralLiability,Commercial General Liability,evidenceOfInsuranceCommercialGeneralLiabilityGeneralAggregateLimitAppliesPerLocation,General Aggregate Limit Applies per: Location,,matchOnce,must be present,,,non_compliant,Block Requirements,,,false,0,,2026-08-16
"Block Real Estate Services, LLC",69fdf7a362446148bd85b057,69fded0d62446148bd848b5f,"Ameriprise Financial / Ameriprise Holdings, Inc.",69fdf19902bb2c42a87a78b8,"tic663 - Pinnacle Corporate Centre IV {BK Pinnacle IV, LLC}",evidenceOfInsurance,Evidence of Insurance,commercialGeneralLiability,Commercial General Liability,evidenceOfInsuranceCommercialGeneralLiabilityEachOccurrence,Each Occurrence,,matchOnce,must be greater or equal to,1000000,,non_compliant,Block Requirements,,,false,0,,2026-08-16
"Block Real Estate Services, LLC",69fdf7a362446148bd85b057,69fded0d62446148bd848b5f,"Ameriprise Financial / Ameriprise Holdings, Inc.",69fdf19902bb2c42a87a78b8,"tic663 - Pinnacle Corporate Centre IV {BK Pinnacle IV, LLC}",evidenceOfInsurance,Evidence of Insurance,commercialGeneralLiability,Commercial General Liability,evidenceOfInsuranceCommercialGeneralLiabilityGeneralAggregate,General Aggregate,,matchOnce,must be greater or equal to,2000000,,non_compliant,Block Requirements,,,false,0,,2026-08-16
"Block Real Estate Services, LLC",69fdf7a362446148bd85b057,69fded0d62446148bd848b5f,"Ameriprise Financial / Ameriprise Holdings, Inc.",69fdf19902bb2c42a87a78b8,"tic663 - Pinnacle Corporate Centre IV {BK Pinnacle IV, LLC}",evidenceOfInsurance,Evidence of Insurance,commercialGeneralLiability,Commercial General Liability,evidenceOfInsuranceCommercialGeneralLiabilityWaiverOfSubrogationEndorsement,Waiver of Subrogation,"---prompt---
Determine if the insurer has waived their right of subrogation in favor of the certificate holder under the Commercial General Liability policy. Evidence may include: a checked ""Waiver of Subrogation"" box on the certificate, mention in the Description of Operations section stating ""waiver of subrogation applies"", or reference to form CG 24 04. Look for language like ""subrogation is waived"" or ""per written contract"".",matchOnce,must be present,,,non_compliant,Block Requirements,,,false,0,,2026-08-16
"Block Real Estate Services, LLC",69fdf7a362446148bd85b057,69fded0d62446148bd848b5f,"Ameriprise Financial / Ameriprise Holdings, Inc.",69fdf19902bb2c42a87a78b8,"tic663 - Pinnacle Corporate Centre IV {BK Pinnacle IV, LLC}",evidenceOfInsurance,Evidence of Insurance,excessOrUmbrellaLiability,Umbrella/Excess Liability,evidenceOfInsuranceExcessOrUmbrellaLiabilityOccurence,Coverage Trigger: Occurrence,,matchOnce,must be present,,,non_compliant,Block Requirements,,,false,0,,2026-08-16
"Block Real Estate Services, LLC",69fdf7a362446148bd85b057,69fded0d62446148bd848b5f,"Ameriprise Financial / Ameriprise Holdings, Inc.",69fdf19902bb2c42a87a78b8,"tic663 - Pinnacle Corporate Centre IV {BK Pinnacle IV, LLC}",evidenceOfInsurance,Evidence of Insurance,excessOrUmbrellaLiability,Umbrella/Excess Liability,evidenceOfInsuranceExcessOrUmbrellaLiabilityEachOccurrence,Each Occurrence,,matchOnce,must be greater or equal to,1000000,,non_compliant,Block Requirements,,,false,0,,2026-08-16
"Block Real Estate Services, LLC",69fdf7a362446148bd85b057,69fded0d62446148bd848b5f,"Ameriprise Financial / Ameriprise Holdings, Inc.",69fdf19902bb2c42a87a78b8,"tic663 - Pinnacle Corporate Centre IV {BK Pinnacle IV, LLC}",evidenceOfInsurance,Evidence of Insurance,excessOrUmbrellaLiability,Umbrella/Excess Liability,evidenceOfInsuranceExcessOrUmbrellaLiabilityAggregate,Aggregate,,matchOnce,must be greater or equal to,1000000,,non_compliant,Block Requirements,,,false,0,,2026-08-16
"Block Real Estate Services, LLC",69fdf7a362446148bd85b057,69fded0d62446148bd848b5f,"Ameriprise Financial / Ameriprise Holdings, Inc.",69fdf19902bb2c42a87a78b8,"tic663 - Pinnacle Corporate Centre IV {BK Pinnacle IV, LLC}",evidenceOfInsurance,Evidence of Insurance,workersCompensation,Workers' Compensation and Employer's Liability,evidenceOfInsuranceWorkersCompensationStatutoryLimits,Statutory Limits,,matchOnce,must be present,,,non_compliant,Block Requirements,,,false,0,,2026-08-16
"Block Real Estate Services, LLC",69fdf7a362446148bd85b057,69fded0d62446148bd848b5f,"Ameriprise Financial / Ameriprise Holdings, Inc.",69fdf19902bb2c42a87a78b8,"tic663 - Pinnacle Corporate Centre IV {BK Pinnacle IV, LLC}",evidenceOfInsurance,Evidence of Insurance,workersCompensation,Workers' Compensation and Employer's Liability,evidenceOfInsuranceWorkersCompensationEmployersLiabilityEachAccident,Employer's Liability Each Accident,,matchOnce,must be greater or equal to,500000,,non_compliant,Block Requirements,,,false,0,,2026-08-16
"Block Real Estate Services, LLC",69fdf7a362446148bd85b057,69fded0d62446148bd848b5f,"Ameriprise Financial / Ameriprise Holdings, Inc.",69fdf19902bb2c42a87a78b8,"tic663 - Pinnacle Corporate Centre IV {BK Pinnacle IV, LLC}",evidenceOfInsurance,Evidence of Insurance,workersCompensation,Workers' Compensation and Employer's Liability,evidenceOfInsuranceWorkersCompensationEmployersLiabilityDiseaseEachEmployee,Employer's Liability Disease - each employee,,matchOnce,must be greater or equal to,500000,,non_compliant,Block Requirements,,,false,0,,2026-08-16
"Block Real Estate Services, LLC",69fdf7a362446148bd85b057,69fded0d62446148bd848b5f,"Ameriprise Financial / Ameriprise Holdings, Inc.",69fdf19902bb2c42a87a78b8,"tic663 - Pinnacle Corporate Centre IV {BK Pinnacle IV, LLC}",evidenceOfInsurance,Evidence of Insurance,workersCompensation,Workers' Compensation and Employer's Liability,evidenceOfInsuranceWorkersCompensationEmployersLiabilityDiseasePolicyLimit,Employer's Liability Disease - policy limit,,matchOnce,must be greater or equal to,500000,,non_compliant,Block Requirements,,,false,0,,2026-08-16
"Block Real Estate Services, LLC",69fdf7a362446148bd85b057,69fded0d62446148bd848b5f,"Ameriprise Financial / Ameriprise Holdings, Inc.",69fdf19902bb2c42a87a78b8,"tic663 - Pinnacle Corporate Centre IV {BK Pinnacle IV, LLC}",evidenceOfInsurance,Evidence of Insurance,workersCompensation,Workers' Compensation and Employer's Liability,evidenceOfInsuranceWorkersCompensationWaiverOfSubrogationEndorsement,Waiver of Subrogation,"---prompt---
Determine if the insurer has waived their right of subrogation in favor of the certificate holder under the Workers' Compensation policy. Evidence may include: a checked ""Waiver of Subrogation"" box on the certificate, mention in the Description of Operations section stating ""waiver of subrogation applies"", or reference to form WC 00 03 13. Look for language like ""subrogation is waived"" or ""per written contract"".",matchOnce,must be present,,,non_compliant,Block Requirements,,,false,0,,2026-08-16
"Block Real Estate Services, LLC",69fdf7a362446148bd85b057,69fded0d62446148bd848b5f,"Ameriprise Financial / Ameriprise Holdings, Inc.",69fdf19902bb2c42a87a78b8,"tic663 - Pinnacle Corporate Centre IV {BK Pinnacle IV, LLC}",evidenceOfInsurance,Evidence of Insurance,6ac20aae-5728-5d57-b364-aeba38527dba,Additional Requirements,4da5b0f1-4c9d-5885-8cf8-5d3cccaed3e0,"Block Real Estate Services, LLC and all others required by contract are named as Additional Insureds","---prompt---
Determine if the Description of Operations or the Additional Remarks Schedule section states the ""Additional Insured as Construction Management, Inc. and all others required by contract"" or reference to blanket additional insured coverage. Look for language like ""certificate holder is additional insured"" or ""per written contract"".",matchOnce,must be present,,,non_compliant,Block Requirements,,,true,0,,2026-08-16
"Block Real Estate Services, LLC",69fdf7a362446148bd85b057,69fded0d62446148bd848b5f,"Ameriprise Financial / Ameriprise Holdings, Inc.",69fdf19902bb2c42a87a78b8,"tic663 - Pinnacle Corporate Centre IV {BK Pinnacle IV, LLC}",evidenceOfInsurance,Evidence of Insurance,6ac20aae-5728-5d57-b364-aeba38527dba,Additional Requirements,e1017741-e47e-5f58-97b8-fbc3043e919f,Umbrella follows form over General Liability,"---prompt---
Determine if the Umbrella/Excess Liability policy follows form to the underlying policies. Evidence may include: language in the Description of Operations section stating the umbrella follows form to underlying coverages or an additional page endorsement stating that it follows form. Follow form means the umbrella policy adopts the same terms, conditions, and exclusions as the underlying policies.",matchOnce,must be present,,,non_compliant,Block Requirements,,,true,0,,2026-08-16
"Block Real Estate Services, LLC",69fdf7a362446148bd85b057,69fded0d62446148bd848b5f,"Ameriprise Financial / Ameriprise Holdings, Inc.",69fdf19902bb2c42a87a78b8,"tic663 - Pinnacle Corporate Centre IV {BK Pinnacle IV, LLC}",evidenceOfInsurance,Evidence of Insurance,6ac20aae-5728-5d57-b364-aeba38527dba,Additional Requirements,2cdd866f-c9a4-576a-afd8-1d045762790c,The location must be listed as: 4200 W. 115th Street Suite 200 Leawood KS 66211,,matchOnce,must be present,,,non_compliant,Block Requirements,,,true,0,,2026-08-16
"Block Real Estate Services, LLC",69fdf7a362446148bd85b057,69fded0d62446148bd848b5f,"Ameriprise Financial / Ameriprise Holdings, Inc.",69fdf19902bb2c42a87a78b8,"tic663 - Pinnacle Corporate Centre IV {BK Pinnacle IV, LLC}",evidenceOfInsurance,Evidence of Insurance,6ac20aae-5728-5d57-b364-aeba38527dba,Additional Requirements,3649e9d1-4e09-59bf-8f30-cb33c40cf117,"Certificate Holder must read: c/o Block Real Estate Services, LLC, 4622 Pennsylvania St., Suite 700, Kansas City, MO, 64112",,matchOnce,must be present,,,non_compliant,Block Requirements,,,true,0,,2026-08-16
"Block Real Estate Services, LLC",6a18550ca1ec98c09c961d63,69fded1e62446148bd84909c,"Northstar Wealth / Polaris, LLC",69fdf19902bb2c42a87a78b8,"tic663 - Pinnacle Corporate Centre IV {BK Pinnacle IV, LLC}",evidenceOfInsurance,Evidence of Insurance,commercialGeneralLiability,Commercial General Liability,evidenceOfInsuranceCommercialGeneralLiabilityCoverageTriggerOccurrence,Coverage Trigger: Occurrence,,matchOnce,must be present,,,non_compliant,Block Requirements,,,false,0,,2026-08-16
"Block Real Estate Services, LLC",6a18550ca1ec98c09c961d63,69fded1e62446148bd84909c,"Northstar Wealth / Polaris, LLC",69fdf19902bb2c42a87a78b8,"tic663 - Pinnacle Corporate Centre IV {BK Pinnacle IV, LLC}",evidenceOfInsurance,Evidence of Insurance,commercialGeneralLiability,Commercial General Liability,evidenceOfInsuranceCommercialGeneralLiabilityGeneralAggregateLimitAppliesPerLocation,General Aggregate Limit Applies per: Location,,matchOnce,must be present,,,non_compliant,Block Requirements,,,false,0,,2026-08-16
"Block Real Estate Services, LLC",6a18550ca1ec98c09c961d63,69fded1e62446148bd84909c,"Northstar Wealth / Polaris, LLC",69fdf19902bb2c42a87a78b8,"tic663 - Pinnacle Corporate Centre IV {BK Pinnacle IV, LLC}",evidenceOfInsurance,Evidence of Insurance,commercialGeneralLiability,Commercial General Liability,evidenceOfInsuranceCommercialGeneralLiabilityEachOccurrence,Each Occurrence,,matchOnce,must be greater or equal to,1000000,2000000,compliant,Block Requirements,,,false,1,,2026-08-16
"Block Real Estate Services, LLC",6a18550ca1ec98c09c961d63,69fded1e62446148bd84909c,"Northstar Wealth / Polaris, LLC",69fdf19902bb2c42a87a78b8,"tic663 - Pinnacle Corporate Centre IV {BK Pinnacle IV, LLC}",evidenceOfInsurance,Evidence of Insurance,commercialGeneralLiability,Commercial General Liability,evidenceOfInsuranceCommercialGeneralLiabilityGeneralAggregate,General Aggregate,,matchOnce,must be greater or equal to,2000000,4000000,compliant,Block Requirements,,,false,1,,2026-08-16
"Block Real Estate Services, LLC",6a18550ca1ec98c09c961d63,69fded1e62446148bd84909c,"Northstar Wealth / Polaris, LLC",69fdf19902bb2c42a87a78b8,"tic663 - Pinnacle Corporate Centre IV {BK Pinnacle IV, LLC}",evidenceOfInsurance,Evidence of Insurance,commercialGeneralLiability,Commercial General Liability,evidenceOfInsuranceCommercialGeneralLiabilityWaiverOfSubrogationEndorsement,Waiver of Subrogation,"---prompt---
Determine if the insurer has waived their right of subrogation in favor of the certificate holder under the Commercial General Liability policy. Evidence may include: a checked ""Waiver of Subrogation"" box on the certificate, mention in the Description of Operations section stating ""waiver of subrogation applies"", or reference to form CG 24 04. Look for language like ""subrogation is waived"" or ""per written contract"".",matchOnce,must be present,,Present,compliant,Block Requirements,,,false,1,,2026-08-16
"Block Real Estate Services, LLC",6a18550ca1ec98c09c961d63,69fded1e62446148bd84909c,"Northstar Wealth / Polaris, LLC",69fdf19902bb2c42a87a78b8,"tic663 - Pinnacle Corporate Centre IV {BK Pinnacle IV, LLC}",evidenceOfInsurance,Evidence of Insurance,excessOrUmbrellaLiability,Umbrella/Excess Liability,evidenceOfInsuranceExcessOrUmbrellaLiabilityOccurence,Coverage Trigger: Occurrence,,matchOnce,must be present,,,non_compliant,Block Requirements,,,false,0,,2026-08-16
"Block Real Estate Services, LLC",6a18550ca1ec98c09c961d63,69fded1e62446148bd84909c,"Northstar Wealth / Polaris, LLC",69fdf19902bb2c42a87a78b8,"tic663 - Pinnacle Corporate Centre IV {BK Pinnacle IV, LLC}",evidenceOfInsurance,Evidence of Insurance,excessOrUmbrellaLiability,Umbrella/Excess Liability,evidenceOfInsuranceExcessOrUmbrellaLiabilityEachOccurrence,Each Occurrence,,matchOnce,must be greater or equal to,1000000,,non_compliant,Block Requirements,,,false,0,,2026-08-16
"Block Real Estate Services, LLC",6a18550ca1ec98c09c961d63,69fded1e62446148bd84909c,"Northstar Wealth / Polaris, LLC",69fdf19902bb2c42a87a78b8,"tic663 - Pinnacle Corporate Centre IV {BK Pinnacle IV, LLC}",evidenceOfInsurance,Evidence of Insurance,excessOrUmbrellaLiability,Umbrella/Excess Liability,evidenceOfInsuranceExcessOrUmbrellaLiabilityAggregate,Aggregate,,matchOnce,must be greater or equal to,1000000,,non_compliant,Block Requirements,,,false,0,,2026-08-16
"Block Real Estate Services, LLC",6a18550ca1ec98c09c961d63,69fded1e62446148bd84909c,"Northstar Wealth / Polaris, LLC",69fdf19902bb2c42a87a78b8,"tic663 - Pinnacle Corporate Centre IV {BK Pinnacle IV, LLC}",evidenceOfInsurance,Evidence of Insurance,workersCompensation,Workers' Compensation and Employer's Liability,evidenceOfInsuranceWorkersCompensationStatutoryLimits,Statutory Limits,,matchOnce,must be present,,,non_compliant,Block Requirements,,,false,0,,2026-08-16
"Block Real Estate Services, LLC",6a18550ca1ec98c09c961d63,69fded1e62446148bd84909c,"Northstar Wealth / Polaris, LLC",69fdf19902bb2c42a87a78b8,"tic663 - Pinnacle Corporate Centre IV {BK Pinnacle IV, LLC}",evidenceOfInsurance,Evidence of Insurance,workersCompensation,Workers' Compensation and Employer's Liability,evidenceOfInsuranceWorkersCompensationEmployersLiabilityEachAccident,Employer's Liability Each Accident,,matchOnce,must be greater or equal to,500000,,non_compliant,Block Requirements,,,false,0,,2026-08-16
"Block Real Estate Services, LLC",6a18550ca1ec98c09c961d63,69fded1e62446148bd84909c,"Northstar Wealth / Polaris, LLC",69fdf19902bb2c42a87a78b8,"tic663 - Pinnacle Corporate Centre IV {BK Pinnacle IV, LLC}",evidenceOfInsurance,Evidence of Insurance,workersCompensation,Workers' Compensation and Employer's Liability,evidenceOfInsuranceWorkersCompensationEmployersLiabilityDiseaseEachEmployee,Employer's Liability Disease - each employee,,matchOnce,must be greater or equal to,500000,,non_compliant,Block Requirements,,,false,0,,2026-08-16
"Block Real Estate Services, LLC",6a18550ca1ec98c09c961d63,69fded1e62446148bd84909c,"Northstar Wealth / Polaris, LLC",69fdf19902bb2c42a87a78b8,"tic663 - Pinnacle Corporate Centre IV {BK Pinnacle IV, LLC}",evidenceOfInsurance,Evidence of Insurance,workersCompensation,Workers' Compensation and Employer's Liability,evidenceOfInsuranceWorkersCompensationEmployersLiabilityDiseasePolicyLimit,Employer's Liability Disease - policy limit,,matchOnce,must be greater or equal to,500000,,non_compliant,Block Requirements,,,false,0,,2026-08-16
"Block Real Estate Services, LLC",6a18550ca1ec98c09c961d63,69fded1e62446148bd84909c,"Northstar Wealth / Polaris, LLC",69fdf19902bb2c42a87a78b8,"tic663 - Pinnacle Corporate Centre IV {BK Pinnacle IV, LLC}",evidenceOfInsurance,Evidence of Insurance,workersCompensation,Workers' Compensation and Employer's Liability,evidenceOfInsuranceWorkersCompensationWaiverOfSubrogationEndorsement,Waiver of Subrogation,"---prompt---
Determine if the insurer has waived their right of subrogation in favor of the certificate holder under the Workers' Compensation policy. Evidence may include: a checked ""Waiver of Subrogation"" box on the certificate, mention in the Description of Operations section stating ""waiver of subrogation applies"", or reference to form WC 00 03 13. Look for language like ""subrogation is waived"" or ""per written contract"".",matchOnce,must be present,,,non_compliant,Block Requirements,,,false,0,,2026-08-16
"Block Real Estate Services, LLC",6a18550ca1ec98c09c961d63,69fded1e62446148bd84909c,"Northstar Wealth / Polaris, LLC",69fdf19902bb2c42a87a78b8,"tic663 - Pinnacle Corporate Centre IV {BK Pinnacle IV, LLC}",evidenceOfInsurance,Evidence of Insurance,6ac20aae-5728-5d57-b364-aeba38527dba,Additional Requirements,4da5b0f1-4c9d-5885-8cf8-5d3cccaed3e0,"Block Real Estate Services, LLC and all others required by contract are named as Additional Insureds","---prompt---
Determine if the Description of Operations or the Additional Remarks Schedule section states the ""Additional Insured as Construction Management, Inc. and all others required by contract"" or reference to blanket additional insured coverage. Look for language like ""certificate holder is additional insured"" or ""per written contract"".",matchOnce,must be present,,,non_compliant,Block Requirements,,,true,0,,2026-08-16
"Block Real Estate Services, LLC",6a18550ca1ec98c09c961d63,69fded1e62446148bd84909c,"Northstar Wealth / Polaris, LLC",69fdf19902bb2c42a87a78b8,"tic663 - Pinnacle Corporate Centre IV {BK Pinnacle IV, LLC}",evidenceOfInsurance,Evidence of Insurance,6ac20aae-5728-5d57-b364-aeba38527dba,Additional Requirements,e1017741-e47e-5f58-97b8-fbc3043e919f,Umbrella follows form over General Liability,"---prompt---
Determine if the Umbrella/Excess Liability policy follows form to the underlying policies. Evidence may include: language in the Description of Operations section stating the umbrella follows form to underlying coverages or an additional page endorsement stating that it follows form. Follow form means the umbrella policy adopts the same terms, conditions, and exclusions as the underlying policies.",matchOnce,must be present,,,non_compliant,Block Requirements,,,true,0,,2026-08-16
"Block Real Estate Services, LLC",6a18550ca1ec98c09c961d63,69fded1e62446148bd84909c,"Northstar Wealth / Polaris, LLC",69fdf19902bb2c42a87a78b8,"tic663 - Pinnacle Corporate Centre IV {BK Pinnacle IV, LLC}",evidenceOfInsurance,Evidence of Insurance,6ac20aae-5728-5d57-b364-aeba38527dba,Additional Requirements,2cdd866f-c9a4-576a-afd8-1d045762790c,The location must be listed as: 4200 W. 115th Street Suite 310 Leawood KS 66211,,matchOnce,must be present,,,non_compliant,Block Requirements,,,true,0,,2026-08-16
"Block Real Estate Services, LLC",6a18550ca1ec98c09c961d63,69fded1e62446148bd84909c,"Northstar Wealth / Polaris, LLC",69fdf19902bb2c42a87a78b8,"tic663 - Pinnacle Corporate Centre IV {BK Pinnacle IV, LLC}",evidenceOfInsurance,Evidence of Insurance,6ac20aae-5728-5d57-b364-aeba38527dba,Additional Requirements,3649e9d1-4e09-59bf-8f30-cb33c40cf117,"Certificate Holder must read: c/o Block Real Estate Services, LLC, 4622 Pennsylvania St., Suite 700, Kansas City, MO, 64112",,matchOnce,must be present,,,non_compliant,Block Requirements,,,true,0,,2026-08-16
"Block Real Estate Services, LLC",69fdf7b562446148bd85c45f,69fded2162446148bd8491c2,"Style Crest, Inc. (fka Durham Supply, Inc.)",69fdf1f57f8ab8a84b28cc1a,"tic785 - Terrace & Lackman Distribution Center #1 {Cal Vent Group, LTD}",evidenceOfInsurance,Evidence of Insurance,commercialGeneralLiability,Commercial General Liability,evidenceOfInsuranceCommercialGeneralLiabilityCoverageTriggerOccurrence,Coverage Trigger: Occurrence,,matchOnce,must be present,,Present,compliant,Block Requirements,,,false,1,,2026-08-16
"Block Real Estate Services, LLC",69fdf7b562446148bd85c45f,69fded2162446148bd8491c2,"Style Crest, Inc. (fka Durham Supply, Inc.)",69fdf1f57f8ab8a84b28cc1a,"tic785 - Terrace & Lackman Distribution Center #1 {Cal Vent Group, LTD}",evidenceOfInsurance,Evidence of Insurance,commercialGeneralLiability,Commercial General Liability,evidenceOfInsuranceCommercialGeneralLiabilityGeneralAggregateLimitAppliesPerLocation,General Aggregate Limit Applies per: Location,,matchOnce,must be present,,Present,compliant,Block Requirements,,,false,1,,2026-08-16
"Block Real Estate Services, LLC",69fdf7b562446148bd85c45f,69fded2162446148bd8491c2,"Style Crest, Inc. (fka Durham Supply, Inc.)",69fdf1f57f8ab8a84b28cc1a,"tic785 - Terrace & Lackman Distribution Center #1 {Cal Vent Group, LTD}",evidenceOfInsurance,Evidence of Insurance,commercialGeneralLiability,Commercial General Liability,evidenceOfInsuranceCommercialGeneralLiabilityEachOccurrence,Each Occurrence,,matchOnce,must be greater or equal to,1000000,1000000,compliant,Block Requirements,,,false,1,,2026-08-16
"Block Real Estate Services, LLC",69fdf7b562446148bd85c45f,69fded2162446148bd8491c2,"Style Crest, Inc. (fka Durham Supply, Inc.)",69fdf1f57f8ab8a84b28cc1a,"tic785 - Terrace & Lackman Distribution Center #1 {Cal Vent Group, LTD}",evidenceOfInsurance,Evidence of Insurance,commercialGeneralLiability,Commercial General Liability,evidenceOfInsuranceCommercialGeneralLiabilityGeneralAggregate,General Aggregate,,matchOnce,must be greater or equal to,2000000,2000000,compliant,Block Requirements,,,false,1,,2026-08-16
"Block Real Estate Services, LLC",69fdf7b562446148bd85c45f,69fded2162446148bd8491c2,"Style Crest, Inc. (fka Durham Supply, Inc.)",69fdf1f57f8ab8a84b28cc1a,"tic785 - Terrace & Lackman Distribution Center #1 {Cal Vent Group, LTD}",evidenceOfInsurance,Evidence of Insurance,commercialGeneralLiability,Commercial General Liability,evidenceOfInsuranceCommercialGeneralLiabilityWaiverOfSubrogationEndorsement,Waiver of Subrogation,"---prompt---
Determine if the insurer has waived their right of subrogation in favor of the certificate holder under the Commercial General Liability policy. Evidence may include: a checked ""Waiver of Subrogation"" box on the certificate, mention in the Description of Operations section stating ""waiver of subrogation applies"", or reference to form CG 24 04. Look for language like ""subrogation is waived"" or ""per written contract"".",matchOnce,must be present,,Present,compliant,Block Requirements,,,false,1,,2026-08-16
"Block Real Estate Services, LLC",69fdf7b562446148bd85c45f,69fded2162446148bd8491c2,"Style Crest, Inc. (fka Durham Supply, Inc.)",69fdf1f57f8ab8a84b28cc1a,"tic785 - Terrace & Lackman Distribution Center #1 {Cal Vent Group, LTD}",evidenceOfInsurance,Evidence of Insurance,excessOrUmbrellaLiability,Umbrella/Excess Liability,evidenceOfInsuranceExcessOrUmbrellaLiabilityOccurence,Coverage Trigger: Occurrence,,matchOnce,must be present,,Present,compliant,Block Requirements,,,false,1,,2026-08-16
"Block Real Estate Services, LLC",69fdf7b562446148bd85c45f,69fded2162446148bd8491c2,"Style Crest, Inc. (fka Durham Supply, Inc.)",69fdf1f57f8ab8a84b28cc1a,"tic785 - Terrace & Lackman Distribution Center #1 {Cal Vent Group, LTD}",evidenceOfInsurance,Evidence of Insurance,excessOrUmbrellaLiability,Umbrella/Excess Liability,evidenceOfInsuranceExcessOrUmbrellaLiabilityEachOccurrence,Each Occurrence,,matchOnce,must be greater or equal to,1000000,10000000,compliant,Block Requirements,,,false,1,,2026-08-16
"Block Real Estate Services, LLC",69fdf7b562446148bd85c45f,69fded2162446148bd8491c2,"Style Crest, Inc. (fka Durham Supply, Inc.)",69fdf1f57f8ab8a84b28cc1a,"tic785 - Terrace & Lackman Distribution Center #1 {Cal Vent Group, LTD}",evidenceOfInsurance,Evidence of Insurance,excessOrUmbrellaLiability,Umbrella/Excess Liability,evidenceOfInsuranceExcessOrUmbrellaLiabilityAggregate,Aggregate,,matchOnce,must be greater or equal to,1000000,10000000,compliant,Block Requirements,,,false,1,,2026-08-16
"Block Real Estate Services, LLC",69fdf7b562446148bd85c45f,69fded2162446148bd8491c2,"Style Crest, Inc. (fka Durham Supply, Inc.)",69fdf1f57f8ab8a84b28cc1a,"tic785 - Terrace & Lackman Distribution Center #1 {Cal Vent Group, LTD}",evidenceOfInsurance,Evidence of Insurance,workersCompensation,Workers' Compensation and Employer's Liability,evidenceOfInsuranceWorkersCompensationStatutoryLimits,Statutory Limits,,matchOnce,must be present,,Present,compliant,Block Requirements,,,false,1,,2026-08-16
"Block Real Estate Services, LLC",69fdf7b562446148bd85c45f,69fded2162446148bd8491c2,"Style Crest, Inc. (fka Durham Supply, Inc.)",69fdf1f57f8ab8a84b28cc1a,"tic785 - Terrace & Lackman Distribution Center #1 {Cal Vent Group, LTD}",evidenceOfInsurance,Evidence of Insurance,workersCompensation,Workers' Compensation and Employer's Liability,evidenceOfInsuranceWorkersCompensationEmployersLiabilityEachAccident,Employer's Liability Each Accident,,matchOnce,must be greater or equal to,500000,1000000,compliant,Block Requirements,,,false,1,,2026-08-16
"Block Real Estate Services, LLC",69fdf7b562446148bd85c45f,69fded2162446148bd8491c2,"Style Crest, Inc. (fka Durham Supply, Inc.)",69fdf1f57f8ab8a84b28cc1a,"tic785 - Terrace & Lackman Distribution Center #1 {Cal Vent Group, LTD}",evidenceOfInsurance,Evidence of Insurance,workersCompensation,Workers' Compensation and Employer's Liability,evidenceOfInsuranceWorkersCompensationEmployersLiabilityDiseaseEachEmployee,Employer's Liability Disease - each employee,,matchOnce,must be greater or equal to,500000,1000000,compliant,Block Requirements,,,false,1,,2026-08-16
"Block Real Estate Services, LLC",69fdf7b562446148bd85c45f,69fded2162446148bd8491c2,"Style Crest, Inc. (fka Durham Supply, Inc.)",69fdf1f57f8ab8a84b28cc1a,"tic785 - Terrace & Lackman Distribution Center #1 {Cal Vent Group, LTD}",evidenceOfInsurance,Evidence of Insurance,workersCompensation,Workers' Compensation and Employer's Liability,evidenceOfInsuranceWorkersCompensationEmployersLiabilityDiseasePolicyLimit,Employer's Liability Disease - policy limit,,matchOnce,must be greater or equal to,500000,1000000,compliant,Block Requirements,,,false,1,,2026-08-16
"Block Real Estate Services, LLC",69fdf7b562446148bd85c45f,69fded2162446148bd8491c2,"Style Crest, Inc. (fka Durham Supply, Inc.)",69fdf1f57f8ab8a84b28cc1a,"tic785 - Terrace & Lackman Distribution Center #1 {Cal Vent Group, LTD}",evidenceOfInsurance,Evidence of Insurance,workersCompensation,Workers' Compensation and Employer's Liability,evidenceOfInsuranceWorkersCompensationWaiverOfSubrogationEndorsement,Waiver of Subrogation,"---prompt---
Determine if the insurer has waived their right of subrogation in favor of the certificate holder under the Workers' Compensation policy. Evidence may include: a checked ""Waiver of Subrogation"" box on the certificate, mention in the Description of Operations section stating ""waiver of subrogation applies"", or reference to form WC 00 03 13. Look for language like ""subrogation is waived"" or ""per written contract"".",matchOnce,must be present,,Present,compliant,Block Requirements,,,false,1,,2026-08-16
"Block Real Estate Services, LLC",69fdf7b562446148bd85c45f,69fded2162446148bd8491c2,"Style Crest, Inc. (fka Durham Supply, Inc.)",69fdf1f57f8ab8a84b28cc1a,"tic785 - Terrace & Lackman Distribution Center #1 {Cal Vent Group, LTD}",evidenceOfInsurance,Evidence of Insurance,6ac20aae-5728-5d57-b364-aeba38527dba,Additional Requirements,4da5b0f1-4c9d-5885-8cf8-5d3cccaed3e0,"Block Real Estate Services, LLC and all others required by contract are named as Additional Insureds","---prompt---
Determine if the Description of Operations or the Additional Remarks Schedule section states the ""Additional Insured as Construction Management, Inc. and all others required by contract"" or reference to blanket additional insured coverage. Look for language like ""certificate holder is additional insured"" or ""per written contract"".",matchOnce,must be present,,Present,compliant,Block Requirements,,,true,1,,2026-08-16
"Block Real Estate Services, LLC",69fdf7b562446148bd85c45f,69fded2162446148bd8491c2,"Style Crest, Inc. (fka Durham Supply, Inc.)",69fdf1f57f8ab8a84b28cc1a,"tic785 - Terrace & Lackman Distribution Center #1 {Cal Vent Group, LTD}",evidenceOfInsurance,Evidence of Insurance,6ac20aae-5728-5d57-b364-aeba38527dba,Additional Requirements,e1017741-e47e-5f58-97b8-fbc3043e919f,Umbrella follows form over General Liability,"---prompt---
Determine if the Umbrella/Excess Liability policy follows form to the underlying policies. Evidence may include: language in the Description of Operations section stating the umbrella follows form to underlying coverages or an additional page endorsement stating that it follows form. Follow form means the umbrella policy adopts the same terms, conditions, and exclusions as the underlying policies.",matchOnce,must be present,,Present,compliant,Block Requirements,,,true,1,,2026-08-16
"Block Real Estate Services, LLC",69fdf7b562446148bd85c45f,69fded2162446148bd8491c2,"Style Crest, Inc. (fka Durham Supply, Inc.)",69fdf1f57f8ab8a84b28cc1a,"tic785 - Terrace & Lackman Distribution Center #1 {Cal Vent Group, LTD}",evidenceOfInsurance,Evidence of Insurance,6ac20aae-5728-5d57-b364-aeba38527dba,Additional Requirements,2cdd866f-c9a4-576a-afd8-1d045762790c,The location must be listed as: 14930 101st Terrace Lenexa KS 66215,,matchOnce,must be present,,Present,compliant,Block Requirements,,,true,1,,2026-08-16
"Block Real Estate Services, LLC",69fdf7b562446148bd85c45f,69fded2162446148bd8491c2,"Style Crest, Inc. (fka Durham Supply, Inc.)",69fdf1f57f8ab8a84b28cc1a,"tic785 - Terrace & Lackman Distribution Center #1 {Cal Vent Group, LTD}",evidenceOfInsurance,Evidence of Insurance,6ac20aae-5728-5d57-b364-aeba38527dba,Additional Requirements,3649e9d1-4e09-59bf-8f30-cb33c40cf117,"Certificate Holder must read: c/o Block Real Estate Services, LLC, 4622 Pennsylvania St., Suite 700, Kansas City, MO, 64112",,matchOnce,must be present,,Present,compliant,Block Requirements,,,true,1,,2026-08-16
"Block Real Estate Services, LLC",69fdf7b562446148bd85c45c,69fded1862446148bd848ed4,WinAir,69fdf1f57f8ab8a84b28cc1a,"tic785 - Terrace & Lackman Distribution Center #1 {Cal Vent Group, LTD}",evidenceOfInsurance,Evidence of Insurance,commercialGeneralLiability,Commercial General Liability,evidenceOfInsuranceCommercialGeneralLiabilityCoverageTriggerOccurrence,Coverage Trigger: Occurrence,,matchOnce,must be present,,Present,compliant,Block Requirements,,,false,1,,2026-08-16
"Block Real Estate Services, LLC",69fdf7b562446148bd85c45c,69fded1862446148bd848ed4,WinAir,69fdf1f57f8ab8a84b28cc1a,"tic785 - Terrace & Lackman Distribution Center #1 {Cal Vent Group, LTD}",evidenceOfInsurance,Evidence of Insurance,commercialGeneralLiability,Commercial General Liability,evidenceOfInsuranceCommercialGeneralLiabilityGeneralAggregateLimitAppliesPerLocation,General Aggregate Limit Applies per: Location,,matchOnce,must be present,,Present,compliant,Block Requirements,,,false,1,,2026-08-16
"Block Real Estate Services, LLC",69fdf7b562446148bd85c45c,69fded1862446148bd848ed4,WinAir,69fdf1f57f8ab8a84b28cc1a,"tic785 - Terrace & Lackman Distribution Center #1 {Cal Vent Group, LTD}",evidenceOfInsurance,Evidence of Insurance,commercialGeneralLiability,Commercial General Liability,evidenceOfInsuranceCommercialGeneralLiabilityEachOccurrence,Each Occurrence,,matchOnce,must be greater or equal to,1000000,2000000,compliant,Block Requirements,,,false,1,,2026-08-16
"Block Real Estate Services, LLC",69fdf7b562446148bd85c45c,69fded1862446148bd848ed4,WinAir,69fdf1f57f8ab8a84b28cc1a,"tic785 - Terrace & Lackman Distribution Center #1 {Cal Vent Group, LTD}",evidenceOfInsurance,Evidence of Insurance,commercialGeneralLiability,Commercial General Liability,evidenceOfInsuranceCommercialGeneralLiabilityGeneralAggregate,General Aggregate,,matchOnce,must be greater or equal to,2000000,4000000,compliant,Block Requirements,,,false,1,,2026-08-16
"Block Real Estate Services, LLC",69fdf7b562446148bd85c45c,69fded1862446148bd848ed4,WinAir,69fdf1f57f8ab8a84b28cc1a,"tic785 - Terrace & Lackman Distribution Center #1 {Cal Vent Group, LTD}",evidenceOfInsurance,Evidence of Insurance,commercialGeneralLiability,Commercial General Liability,evidenceOfInsuranceCommercialGeneralLiabilityWaiverOfSubrogationEndorsement,Waiver of Subrogation,"---prompt---
Determine if the insurer has waived their right of subrogation in favor of the certificate holder under the Commercial General Liability policy. Evidence may include: a checked ""Waiver of Subrogation"" box on the certificate, mention in the Description of Operations section stating ""waiver of subrogation applies"", or reference to form CG 24 04. Look for language like ""subrogation is waived"" or ""per written contract"".",matchOnce,must be present,,Present,compliant,Block Requirements,,,false,1,,2026-08-16
"Block Real Estate Services, LLC",69fdf7b562446148bd85c45c,69fded1862446148bd848ed4,WinAir,69fdf1f57f8ab8a84b28cc1a,"tic785 - Terrace & Lackman Distribution Center #1 {Cal Vent Group, LTD}",evidenceOfInsurance,Evidence of Insurance,excessOrUmbrellaLiability,Umbrella/Excess Liability,evidenceOfInsuranceExcessOrUmbrellaLiabilityOccurence,Coverage Trigger: Occurrence,,matchOnce,must be present,,Present,compliant,Block Requirements,,,false,1,,2026-08-16
"Block Real Estate Services, LLC",69fdf7b562446148bd85c45c,69fded1862446148bd848ed4,WinAir,69fdf1f57f8ab8a84b28cc1a,"tic785 - Terrace & Lackman Distribution Center #1 {Cal Vent Group, LTD}",evidenceOfInsurance,Evidence of Insurance,excessOrUmbrellaLiability,Umbrella/Excess Liability,evidenceOfInsuranceExcessOrUmbrellaLiabilityEachOccurrence,Each Occurrence,,matchOnce,must be greater or equal to,1000000,5000000,compliant,Block Requirements,,,false,1,,2026-08-16
"Block Real Estate Services, LLC",69fdf7b562446148bd85c45c,69fded1862446148bd848ed4,WinAir,69fdf1f57f8ab8a84b28cc1a,"tic785 - Terrace & Lackman Distribution Center #1 {Cal Vent Group, LTD}",evidenceOfInsurance,Evidence of Insurance,excessOrUmbrellaLiability,Umbrella/Excess Liability,evidenceOfInsuranceExcessOrUmbrellaLiabilityAggregate,Aggregate,,matchOnce,must be greater or equal to,1000000,5000000,compliant,Block Requirements,,,false,1,,2026-08-16
"Block Real Estate Services, LLC",69fdf7b562446148bd85c45c,69fded1862446148bd848ed4,WinAir,69fdf1f57f8ab8a84b28cc1a,"tic785 - Terrace & Lackman Distribution Center #1 {Cal Vent Group, LTD}",evidenceOfInsurance,Evidence of Insurance,workersCompensation,Workers' Compensation and Employer's Liability,evidenceOfInsuranceWorkersCompensationStatutoryLimits,Statutory Limits,,matchOnce,must be present,,Present,compliant,Block Requirements,,,false,1,,2026-08-16
"Block Real Estate Services, LLC",69fdf7b562446148bd85c45c,69fded1862446148bd848ed4,WinAir,69fdf1f57f8ab8a84b28cc1a,"tic785 - Terrace & Lackman Distribution Center #1 {Cal Vent Group, LTD}",evidenceOfInsurance,Evidence of Insurance,workersCompensation,Workers' Compensation and Employer's Liability,evidenceOfInsuranceWorkersCompensationEmployersLiabilityEachAccident,Employer's Liability Each Accident,,matchOnce,must be greater or equal to,500000,1000000,compliant,Block Requirements,,,false,1,,2026-08-16
"Block Real Estate Services, LLC",69fdf7b562446148bd85c45c,69fded1862446148bd848ed4,WinAir,69fdf1f57f8ab8a84b28cc1a,"tic785 - Terrace & Lackman Distribution Center #1 {Cal Vent Group, LTD}",evidenceOfInsurance,Evidence of Insurance,workersCompensation,Workers' Compensation and Employer's Liability,evidenceOfInsuranceWorkersCompensationEmployersLiabilityDiseaseEachEmployee,Employer's Liability Disease - each employee,,matchOnce,must be greater or equal to,500000,1000000,compliant,Block Requirements,,,false,1,,2026-08-16
"Block Real Estate Services, LLC",69fdf7b562446148bd85c45c,69fded1862446148bd848ed4,WinAir,69fdf1f57f8ab8a84b28cc1a,"tic785 - Terrace & Lackman Distribution Center #1 {Cal Vent Group, LTD}",evidenceOfInsurance,Evidence of Insurance,workersCompensation,Workers' Compensation and Employer's Liability,evidenceOfInsuranceWorkersCompensationEmployersLiabilityDiseasePolicyLimit,Employer's Liability Disease - policy limit,,matchOnce,must be greater or equal to,500000,1000000,compliant,Block Requirements,,,false,1,,2026-08-16
"Block Real Estate Services, LLC",69fdf7b562446148bd85c45c,69fded1862446148bd848ed4,WinAir,69fdf1f57f8ab8a84b28cc1a,"tic785 - Terrace & Lackman Distribution Center #1 {Cal Vent Group, LTD}",evidenceOfInsurance,Evidence of Insurance,workersCompensation,Workers' Compensation and Employer's Liability,evidenceOfInsuranceWorkersCompensationWaiverOfSubrogationEndorsement,Waiver of Subrogation,"---prompt---
Determine if the insurer has waived their right of subrogation in favor of the certificate holder under the Workers' Compensation policy. Evidence may include: a checked ""Waiver of Subrogation"" box on the certificate, mention in the Description of Operations section stating ""waiver of subrogation applies"", or reference to form WC 00 03 13. Look for language like ""subrogation is waived"" or ""per written contract"".",matchOnce,must be present,,Present,compliant,Block Requirements,,,false,1,,2026-08-16
"Block Real Estate Services, LLC",69fdf7b562446148bd85c45c,69fded1862446148bd848ed4,WinAir,69fdf1f57f8ab8a84b28cc1a,"tic785 - Terrace & Lackman Distribution Center #1 {Cal Vent Group, LTD}",evidenceOfInsurance,Evidence of Insurance,6ac20aae-5728-5d57-b364-aeba38527dba,Additional Requirements,4da5b0f1-4c9d-5885-8cf8-5d3cccaed3e0,"Block Real Estate Services, LLC and all others required by contract are named as Additional Insureds","---prompt---
Determine if the Description of Operations or the Additional Remarks Schedule section states the ""Additional Insured as Construction Management, Inc. and all others required by contract"" or reference to blanket additional insured coverage. Look for language like ""certificate holder is additional insured"" or ""per written contract"".",matchOnce,must be present,,Present,compliant,Block Requirements,,,true,1,,2026-08-16
"Block Real Estate Services, LLC",69fdf7b562446148bd85c45c,69fded1862446148bd848ed4,WinAir,69fdf1f57f8ab8a84b28cc1a,"tic785 - Terrace & Lackman Distribution Center #1 {Cal Vent Group, LTD}",evidenceOfInsurance,Evidence of Insurance,6ac20aae-5728-5d57-b364-aeba38527dba,Additional Requirements,e1017741-e47e-5f58-97b8-fbc3043e919f,Umbrella follows form over General Liability,"---prompt---
Determine if the Umbrella/Excess Liability policy follows form to the underlying policies. Evidence may include: language in the Description of Operations section stating the umbrella follows form to underlying coverages or an additional page endorsement stating that it follows form. Follow form means the umbrella policy adopts the same terms, conditions, and exclusions as the underlying policies.",matchOnce,must be present,,Present,compliant,Block Requirements,,,true,1,,2026-08-16
"Block Real Estate Services, LLC",69fdf7b562446148bd85c45c,69fded1862446148bd848ed4,WinAir,69fdf1f57f8ab8a84b28cc1a,"tic785 - Terrace & Lackman Distribution Center #1 {Cal Vent Group, LTD}",evidenceOfInsurance,Evidence of Insurance,6ac20aae-5728-5d57-b364-aeba38527dba,Additional Requirements,2cdd866f-c9a4-576a-afd8-1d045762790c,The location must be listed as: 14936 101st Terrace Lenexa KS 66215,,matchOnce,must be present,,Present,compliant,Block Requirements,,,true,1,,2026-08-16
"Block Real Estate Services, LLC",69fdf7b562446148bd85c45c,69fded1862446148bd848ed4,WinAir,69fdf1f57f8ab8a84b28cc1a,"tic785 - Terrace & Lackman Distribution Center #1 {Cal Vent Group, LTD}",evidenceOfInsurance,Evidence of Insurance,6ac20aae-5728-5d57-b364-aeba38527dba,Additional Requirements,3649e9d1-4e09-59bf-8f30-cb33c40cf117,"Certificate Holder must read: c/o Block Real Estate Services, LLC, 4622 Pennsylvania St., Suite 700, Kansas City, MO, 64112",,matchOnce,must be present,,Present,compliant,Block Requirements,,,true,1,,2026-08-16
"Block Real Estate Services, LLC",69fdf7b562446148bd85c45d,69fded1962446148bd848ee9,"KC Classic Auto, LLC",69fdf1f57f8ab8a84b28cc1a,"tic785 - Terrace & Lackman Distribution Center #1 {Cal Vent Group, LTD}",evidenceOfInsurance,Evidence of Insurance,commercialGeneralLiability,Commercial General Liability,evidenceOfInsuranceCommercialGeneralLiabilityCoverageTriggerOccurrence,Coverage Trigger: Occurrence,,matchOnce,must be present,,Present,compliant,Block Requirements,,,false,1,,2026-08-16
"Block Real Estate Services, LLC",69fdf7b562446148bd85c45d,69fded1962446148bd848ee9,"KC Classic Auto, LLC",69fdf1f57f8ab8a84b28cc1a,"tic785 - Terrace & Lackman Distribution Center #1 {Cal Vent Group, LTD}",evidenceOfInsurance,Evidence of Insurance,commercialGeneralLiability,Commercial General Liability,evidenceOfInsuranceCommercialGeneralLiabilityGeneralAggregateLimitAppliesPerLocation,General Aggregate Limit Applies per: Location,,matchOnce,must be present,,Present,waived,Block Requirements,Per Location not a requirement in the lease,,false,1,,2026-08-16
"Block Real Estate Services, LLC",69fdf7b562446148bd85c45d,69fded1962446148bd848ee9,"KC Classic Auto, LLC",69fdf1f57f8ab8a84b28cc1a,"tic785 - Terrace & Lackman Distribution Center #1 {Cal Vent Group, LTD}",evidenceOfInsurance,Evidence of Insurance,commercialGeneralLiability,Commercial General Liability,evidenceOfInsuranceCommercialGeneralLiabilityEachOccurrence,Each Occurrence,,matchOnce,must be greater or equal to,1000000,1000000,compliant,Block Requirements,,,false,1,,2026-08-16
"Block Real Estate Services, LLC",69fdf7b562446148bd85c45d,69fded1962446148bd848ee9,"KC Classic Auto, LLC",69fdf1f57f8ab8a84b28cc1a,"tic785 - Terrace & Lackman Distribution Center #1 {Cal Vent Group, LTD}",evidenceOfInsurance,Evidence of Insurance,commercialGeneralLiability,Commercial General Liability,evidenceOfInsuranceCommercialGeneralLiabilityGeneralAggregate,General Aggregate,,matchOnce,must be greater or equal to,2000000,3000000,compliant,Block Requirements,,,false,1,,2026-08-16
"Block Real Estate Services, LLC",69fdf7b562446148bd85c45d,69fded1962446148bd848ee9,"KC Classic Auto, LLC",69fdf1f57f8ab8a84b28cc1a,"tic785 - Terrace & Lackman Distribution Center #1 {Cal Vent Group, LTD}",evidenceOfInsurance,Evidence of Insurance,commercialGeneralLiability,Commercial General Liability,evidenceOfInsuranceCommercialGeneralLiabilityWaiverOfSubrogationEndorsement,Waiver of Subrogation,"---prompt---
Determine if the insurer has waived their right of subrogation in favor of the certificate holder under the Commercial General Liability policy. Evidence may include: a checked ""Waiver of Subrogation"" box on the certificate, mention in the Description of Operations section stating ""waiver of subrogation applies"", or reference to form CG 24 04. Look for language like ""subrogation is waived"" or ""per written contract"".",matchOnce,must be present,,Present,compliant,Block Requirements,,,false,1,,2026-08-16
"Block Real Estate Services, LLC",69fdf7b562446148bd85c45d,69fded1962446148bd848ee9,"KC Classic Auto, LLC",69fdf1f57f8ab8a84b28cc1a,"tic785 - Terrace & Lackman Distribution Center #1 {Cal Vent Group, LTD}",evidenceOfInsurance,Evidence of Insurance,excessOrUmbrellaLiability,Umbrella/Excess Liability,evidenceOfInsuranceExcessOrUmbrellaLiabilityOccurence,Coverage Trigger: Occurrence,,matchOnce,must be present,,Present,compliant,Block Requirements,,,false,1,,2026-08-16
"Block Real Estate Services, LLC",69fdf7b562446148bd85c45d,69fded1962446148bd848ee9,"KC Classic Auto, LLC",69fdf1f57f8ab8a84b28cc1a,"tic785 - Terrace & Lackman Distribution Center #1 {Cal Vent Group, LTD}",evidenceOfInsurance,Evidence of Insurance,excessOrUmbrellaLiability,Umbrella/Excess Liability,evidenceOfInsuranceExcessOrUmbrellaLiabilityEachOccurrence,Each Occurrence,,matchOnce,must be greater or equal to,1000000,1000000,compliant,Block Requirements,,,false,1,,2026-08-16
"Block Real Estate Services, LLC",69fdf7b562446148bd85c45d,69fded1962446148bd848ee9,"KC Classic Auto, LLC",69fdf1f57f8ab8a84b28cc1a,"tic785 - Terrace & Lackman Distribution Center #1 {Cal Vent Group, LTD}",evidenceOfInsurance,Evidence of Insurance,excessOrUmbrellaLiability,Umbrella/Excess Liability,evidenceOfInsuranceExcessOrUmbrellaLiabilityAggregate,Aggregate,,matchOnce,must be greater or equal to,1000000,1000000,compliant,Block Requirements,,,false,1,,2026-08-16
"Block Real Estate Services, LLC",69fdf7b562446148bd85c45d,69fded1962446148bd848ee9,"KC Classic Auto, LLC",69fdf1f57f8ab8a84b28cc1a,"tic785 - Terrace & Lackman Distribution Center #1 {Cal Vent Group, LTD}",evidenceOfInsurance,Evidence of Insurance,workersCompensation,Workers' Compensation and Employer's Liability,evidenceOfInsuranceWorkersCompensationStatutoryLimits,Statutory Limits,,matchOnce,must be present,,,waived,Block Requirements,,,false,0,,2026-08-16
"Block Real Estate Services, LLC",69fdf7b562446148bd85c45d,69fded1962446148bd848ee9,"KC Classic Auto, LLC",69fdf1f57f8ab8a84b28cc1a,"tic785 - Terrace & Lackman Distribution Center #1 {Cal Vent Group, LTD}",evidenceOfInsurance,Evidence of Insurance,workersCompensation,Workers' Compensation and Employer's Liability,evidenceOfInsuranceWorkersCompensationEmployersLiabilityEachAccident,Employer's Liability Each Accident,,matchOnce,must be greater or equal to,500000,,waived,Block Requirements,,,false,0,,2026-08-16
"Block Real Estate Services, LLC",69fdf7b562446148bd85c45d,69fded1962446148bd848ee9,"KC Classic Auto, LLC",69fdf1f57f8ab8a84b28cc1a,"tic785 - Terrace & Lackman Distribution Center #1 {Cal Vent Group, LTD}",evidenceOfInsurance,Evidence of Insurance,workersCompensation,Workers' Compensation and Employer's Liability,evidenceOfInsuranceWorkersCompensationEmployersLiabilityDiseaseEachEmployee,Employer's Liability Disease - each employee,,matchOnce,must be greater or equal to,500000,,waived,Block Requirements,,,false,0,,2026-08-16
"Block Real Estate Services, LLC",69fdf7b562446148bd85c45d,69fded1962446148bd848ee9,"KC Classic Auto, LLC",69fdf1f57f8ab8a84b28cc1a,"tic785 - Terrace & Lackman Distribution Center #1 {Cal Vent Group, LTD}",evidenceOfInsurance,Evidence of Insurance,workersCompensation,Workers' Compensation and Employer's Liability,evidenceOfInsuranceWorkersCompensationEmployersLiabilityDiseasePolicyLimit,Employer's Liability Disease - policy limit,,matchOnce,must be greater or equal to,500000,,waived,Block Requirements,,,false,0,,2026-08-16
"Block Real Estate Services, LLC",69fdf7b562446148bd85c45d,69fded1962446148bd848ee9,"KC Classic Auto, LLC",69fdf1f57f8ab8a84b28cc1a,"tic785 - Terrace & Lackman Distribution Center #1 {Cal Vent Group, LTD}",evidenceOfInsurance,Evidence of Insurance,workersCompensation,Workers' Compensation and Employer's Liability,evidenceOfInsuranceWorkersCompensationWaiverOfSubrogationEndorsement,Waiver of Subrogation,"---prompt---
Determine if the insurer has waived their right of subrogation in favor of the certificate holder under the Workers' Compensation policy. Evidence may include: a checked ""Waiver of Subrogation"" box on the certificate, mention in the Description of Operations section stating ""waiver of subrogation applies"", or reference to form WC 00 03 13. Look for language like ""subrogation is waived"" or ""per written contract"".",matchOnce,must be present,,,waived,Block Requirements,,,false,0,,2026-08-16
"Block Real Estate Services, LLC",69fdf7b562446148bd85c45d,69fded1962446148bd848ee9,"KC Classic Auto, LLC",69fdf1f57f8ab8a84b28cc1a,"tic785 - Terrace & Lackman Distribution Center #1 {Cal Vent Group, LTD}",evidenceOfInsurance,Evidence of Insurance,6ac20aae-5728-5d57-b364-aeba38527dba,Additional Requirements,4da5b0f1-4c9d-5885-8cf8-5d3cccaed3e0,"Block Real Estate Services, LLC and all others required by contract are named as Additional Insureds","---prompt---
Determine if the Description of Operations or the Additional Remarks Schedule section states the ""Additional Insured as Construction Management, Inc. and all others required by contract"" or reference to blanket additional insured coverage. Look for language like ""certificate holder is additional insured"" or ""per written contract"".",matchOnce,must be present,,Present,compliant,Block Requirements,,,true,1,,2026-08-16
"Block Real Estate Services, LLC",69fdf7b562446148bd85c45d,69fded1962446148bd848ee9,"KC Classic Auto, LLC",69fdf1f57f8ab8a84b28cc1a,"tic785 - Terrace & Lackman Distribution Center #1 {Cal Vent Group, LTD}",evidenceOfInsurance,Evidence of Insurance,6ac20aae-5728-5d57-b364-aeba38527dba,Additional Requirements,e1017741-e47e-5f58-97b8-fbc3043e919f,Umbrella follows form over General Liability,"---prompt---
Determine if the Umbrella/Excess Liability policy follows form to the underlying policies. Evidence may include: language in the Description of Operations section stating the umbrella follows form to underlying coverages or an additional page endorsement stating that it follows form. Follow form means the umbrella policy adopts the same terms, conditions, and exclusions as the underlying policies.",matchOnce,must be present,,Present,compliant,Block Requirements,,,true,1,,2026-08-16
"Block Real Estate Services, LLC",69fdf7b562446148bd85c45d,69fded1962446148bd848ee9,"KC Classic Auto, LLC",69fdf1f57f8ab8a84b28cc1a,"tic785 - Terrace & Lackman Distribution Center #1 {Cal Vent Group, LTD}",evidenceOfInsurance,Evidence of Insurance,6ac20aae-5728-5d57-b364-aeba38527dba,Additional Requirements,2cdd866f-c9a4-576a-afd8-1d045762790c,The location must be listed as: 10101 Lackman Road Lenexa KS 66215,,matchOnce,must be present,,Present,compliant,Block Requirements,,,true,1,,2026-08-16
"Block Real Estate Services, LLC",69fdf7b562446148bd85c45d,69fded1962446148bd848ee9,"KC Classic Auto, LLC",69fdf1f57f8ab8a84b28cc1a,"tic785 - Terrace & Lackman Distribution Center #1 {Cal Vent Group, LTD}",evidenceOfInsurance,Evidence of Insurance,6ac20aae-5728-5d57-b364-aeba38527dba,Additional Requirements,3649e9d1-4e09-59bf-8f30-cb33c40cf117,"Certificate Holder must read: c/o Block Real Estate Services, LLC, 4622 Pennsylvania St., Suite 700, Kansas City, MO, 64112",,matchOnce,must be present,,Present,compliant,Block Requirements,,,true,1,,2026-08-16
"Block Real Estate Services, LLC",69fdf7b562446148bd85c45e,69fded1c62446148bd848ff7,New Century Dodge Chrysler Wholesale Parts,69fdf1f57f8ab8a84b28cc1a,"tic785 - Terrace & Lackman Distribution Center #1 {Cal Vent Group, LTD}",evidenceOfInsurance,Evidence of Insurance,commercialGeneralLiability,Commercial General Liability,evidenceOfInsuranceCommercialGeneralLiabilityCoverageTriggerOccurrence,Coverage Trigger: Occurrence,,matchOnce,must be present,,Present,compliant,Block Requirements,,,false,1,,2026-08-16
"Block Real Estate Services, LLC",69fdf7b562446148bd85c45e,69fded1c62446148bd848ff7,New Century Dodge Chrysler Wholesale Parts,69fdf1f57f8ab8a84b28cc1a,"tic785 - Terrace & Lackman Distribution Center #1 {Cal Vent Group, LTD}",evidenceOfInsurance,Evidence of Insurance,commercialGeneralLiability,Commercial General Liability,evidenceOfInsuranceCommercialGeneralLiabilityGeneralAggregateLimitAppliesPerLocation,General Aggregate Limit Applies per: Location,,matchOnce,must be present,,,non_compliant,Block Requirements,,,false,0,,2026-08-16
"Block Real Estate Services, LLC",69fdf7b562446148bd85c45e,69fded1c62446148bd848ff7,New Century Dodge Chrysler Wholesale Parts,69fdf1f57f8ab8a84b28cc1a,"tic785 - Terrace & Lackman Distribution Center #1 {Cal Vent Group, LTD}",evidenceOfInsurance,Evidence of Insurance,commercialGeneralLiability,Commercial General Liability,evidenceOfInsuranceCommercialGeneralLiabilityEachOccurrence,Each Occurrence,,matchOnce,must be greater or equal to,1000000,1000000,compliant,Block Requirements,,,false,4,,2026-08-16
"Block Real Estate Services, LLC",69fdf7b562446148bd85c45e,69fded1c62446148bd848ff7,New Century Dodge Chrysler Wholesale Parts,69fdf1f57f8ab8a84b28cc1a,"tic785 - Terrace & Lackman Distribution Center #1 {Cal Vent Group, LTD}",evidenceOfInsurance,Evidence of Insurance,commercialGeneralLiability,Commercial General Liability,evidenceOfInsuranceCommercialGeneralLiabilityGeneralAggregate,General Aggregate,,matchOnce,must be greater or equal to,2000000,1000000,overridden,Block Requirements,Umb $5M/$5M meets remainder of GL requirement,,false,4,2027-02-01,2026-08-16
"Block Real Estate Services, LLC",69fdf7b562446148bd85c45e,69fded1c62446148bd848ff7,New Century Dodge Chrysler Wholesale Parts,69fdf1f57f8ab8a84b28cc1a,"tic785 - Terrace & Lackman Distribution Center #1 {Cal Vent Group, LTD}",evidenceOfInsurance,Evidence of Insurance,commercialGeneralLiability,Commercial General Liability,evidenceOfInsuranceCommercialGeneralLiabilityWaiverOfSubrogationEndorsement,Waiver of Subrogation,"---prompt---
Determine if the insurer has waived their right of subrogation in favor of the certificate holder under the Commercial General Liability policy. Evidence may include: a checked ""Waiver of Subrogation"" box on the certificate, mention in the Description of Operations section stating ""waiver of subrogation applies"", or reference to form CG 24 04. Look for language like ""subrogation is waived"" or ""per written contract"".",matchOnce,must be present,,Present,compliant,Block Requirements,,,false,4,,2026-08-16
"Block Real Estate Services, LLC",69fdf7b562446148bd85c45e,69fded1c62446148bd848ff7,New Century Dodge Chrysler Wholesale Parts,69fdf1f57f8ab8a84b28cc1a,"tic785 - Terrace & Lackman Distribution Center #1 {Cal Vent Group, LTD}",evidenceOfInsurance,Evidence of Insurance,excessOrUmbrellaLiability,Umbrella/Excess Liability,evidenceOfInsuranceExcessOrUmbrellaLiabilityOccurence,Coverage Trigger: Occurrence,,matchOnce,must be present,,Present,compliant,Block Requirements,,,false,4,,2026-08-16
"Block Real Estate Services, LLC",69fdf7b562446148bd85c45e,69fded1c62446148bd848ff7,New Century Dodge Chrysler Wholesale Parts,69fdf1f57f8ab8a84b28cc1a,"tic785 - Terrace & Lackman Distribution Center #1 {Cal Vent Group, LTD}",evidenceOfInsurance,Evidence of Insurance,excessOrUmbrellaLiability,Umbrella/Excess Liability,evidenceOfInsuranceExcessOrUmbrellaLiabilityEachOccurrence,Each Occurrence,,matchOnce,must be greater or equal to,1000000,5000000,compliant,Block Requirements,,,false,4,,2026-08-16
"Block Real Estate Services, LLC",69fdf7b562446148bd85c45e,69fded1c62446148bd848ff7,New Century Dodge Chrysler Wholesale Parts,69fdf1f57f8ab8a84b28cc1a,"tic785 - Terrace & Lackman Distribution Center #1 {Cal Vent Group, LTD}",evidenceOfInsurance,Evidence of Insurance,excessOrUmbrellaLiability,Umbrella/Excess Liability,evidenceOfInsuranceExcessOrUmbrellaLiabilityAggregate,Aggregate,,matchOnce,must be greater or equal to,1000000,5000000,compliant,Block Requirements,,,false,4,,2026-08-16
"Block Real Estate Services, LLC",69fdf7b562446148bd85c45e,69fded1c62446148bd848ff7,New Century Dodge Chrysler Wholesale Parts,69fdf1f57f8ab8a84b28cc1a,"tic785 - Terrace & Lackman Distribution Center #1 {Cal Vent Group, LTD}",evidenceOfInsurance,Evidence of Insurance,workersCompensation,Workers' Compensation and Employer's Liability,evidenceOfInsuranceWorkersCompensationStatutoryLimits,Statutory Limits,,matchOnce,must be present,,,non_compliant,Block Requirements,,,false,0,,2026-08-16
"Block Real Estate Services, LLC",69fdf7b562446148bd85c45e,69fded1c62446148bd848ff7,New Century Dodge Chrysler Wholesale Parts,69fdf1f57f8ab8a84b28cc1a,"tic785 - Terrace & Lackman Distribution Center #1 {Cal Vent Group, LTD}",evidenceOfInsurance,Evidence of Insurance,workersCompensation,Workers' Compensation and Employer's Liability,evidenceOfInsuranceWorkersCompensationEmployersLiabilityEachAccident,Employer's Liability Each Accident,,matchOnce,must be greater or equal to,500000,1000000,compliant,Block Requirements,,,false,1,,2026-08-16
"Block Real Estate Services, LLC",69fdf7b562446148bd85c45e,69fded1c62446148bd848ff7,New Century Dodge Chrysler Wholesale Parts,69fdf1f57f8ab8a84b28cc1a,"tic785 - Terrace & Lackman Distribution Center #1 {Cal Vent Group, LTD}",evidenceOfInsurance,Evidence of Insurance,workersCompensation,Workers' Compensation and Employer's Liability,evidenceOfInsuranceWorkersCompensationEmployersLiabilityDiseaseEachEmployee,Employer's Liability Disease - each employee,,matchOnce,must be greater or equal to,500000,1000000,compliant,Block Requirements,,,false,1,,2026-08-16
"Block Real Estate Services, LLC",69fdf7b562446148bd85c45e,69fded1c62446148bd848ff7,New Century Dodge Chrysler Wholesale Parts,69fdf1f57f8ab8a84b28cc1a,"tic785 - Terrace & Lackman Distribution Center #1 {Cal Vent Group, LTD}",evidenceOfInsurance,Evidence of Insurance,workersCompensation,Workers' Compensation and Employer's Liability,evidenceOfInsuranceWorkersCompensationEmployersLiabilityDiseasePolicyLimit,Employer's Liability Disease - policy limit,,matchOnce,must be greater or equal to,500000,,non_compliant,Block Requirements,,,false,0,,2026-08-16
"Block Real Estate Services, LLC",69fdf7b562446148bd85c45e,69fded1c62446148bd848ff7,New Century Dodge Chrysler Wholesale Parts,69fdf1f57f8ab8a84b28cc1a,"tic785 - Terrace & Lackman Distribution Center #1 {Cal Vent Group, LTD}",evidenceOfInsurance,Evidence of Insurance,workersCompensation,Workers' Compensation and Employer's Liability,evidenceOfInsuranceWorkersCompensationWaiverOfSubrogationEndorsement,Waiver of Subrogation,"---prompt---
Determine if the insurer has waived their right of subrogation in favor of the certificate holder under the Workers' Compensation policy. Evidence may include: a checked ""Waiver of Subrogation"" box on the certificate, mention in the Description of Operations section stating ""waiver of subrogation applies"", or reference to form WC 00 03 13. Look for language like ""subrogation is waived"" or ""per written contract"".",matchOnce,must be present,,,non_compliant,Block Requirements,,,false,0,,2026-08-16
"Block Real Estate Services, LLC",69fdf7b562446148bd85c45e,69fded1c62446148bd848ff7,New Century Dodge Chrysler Wholesale Parts,69fdf1f57f8ab8a84b28cc1a,"tic785 - Terrace & Lackman Distribution Center #1 {Cal Vent Group, LTD}",evidenceOfInsurance,Evidence of Insurance,6ac20aae-5728-5d57-b364-aeba38527dba,Additional Requirements,4da5b0f1-4c9d-5885-8cf8-5d3cccaed3e0,"Block Real Estate Services, LLC and all others required by contract are named as Additional Insureds","---prompt---
Determine if the Description of Operations or the Additional Remarks Schedule section states the ""Additional Insured as Construction Management, Inc. and all others required by contract"" or reference to blanket additional insured coverage. Look for language like ""certificate holder is additional insured"" or ""per written contract"".",matchOnce,must be present,,Present,compliant,Block Requirements,,,true,2,,2026-08-16
"Block Real Estate Services, LLC",69fdf7b562446148bd85c45e,69fded1c62446148bd848ff7,New Century Dodge Chrysler Wholesale Parts,69fdf1f57f8ab8a84b28cc1a,"tic785 - Terrace & Lackman Distribution Center #1 {Cal Vent Group, LTD}",evidenceOfInsurance,Evidence of Insurance,6ac20aae-5728-5d57-b364-aeba38527dba,Additional Requirements,e1017741-e47e-5f58-97b8-fbc3043e919f,Umbrella follows form over General Liability,"---prompt---
Determine if the Umbrella/Excess Liability policy follows form to the underlying policies. Evidence may include: language in the Description of Operations section stating the umbrella follows form to underlying coverages or an additional page endorsement stating that it follows form. Follow form means the umbrella policy adopts the same terms, conditions, and exclusions as the underlying policies.",matchOnce,must be present,,Present,compliant,Block Requirements,,,true,2,,2026-08-16
"Block Real Estate Services, LLC",69fdf7b562446148bd85c45e,69fded1c62446148bd848ff7,New Century Dodge Chrysler Wholesale Parts,69fdf1f57f8ab8a84b28cc1a,"tic785 - Terrace & Lackman Distribution Center #1 {Cal Vent Group, LTD}",evidenceOfInsurance,Evidence of Insurance,6ac20aae-5728-5d57-b364-aeba38527dba,Additional Requirements,2cdd866f-c9a4-576a-afd8-1d045762790c,The location must be listed as: 14920 101st Terrace Lenexa KS 66215,,matchOnce,must be present,,Present,compliant,Block Requirements,,,true,1,,2026-08-16
"Block Real Estate Services, LLC",69fdf7b562446148bd85c45e,69fded1c62446148bd848ff7,New Century Dodge Chrysler Wholesale Parts,69fdf1f57f8ab8a84b28cc1a,"tic785 - Terrace & Lackman Distribution Center #1 {Cal Vent Group, LTD}",evidenceOfInsurance,Evidence of Insurance,6ac20aae-5728-5d57-b364-aeba38527dba,Additional Requirements,3649e9d1-4e09-59bf-8f30-cb33c40cf117,"Certificate Holder must read: c/o Block Real Estate Services, LLC, 4622 Pennsylvania St., Suite 700, Kansas City, MO, 64112",,matchOnce,must be present,,Present,compliant,Block Requirements,,,true,2,,2026-08-16
"Block Real Estate Services, LLC",69fdf7b562446148bd85c45b,69fded0d62446148bd848b62,"AMSCO Supply / Flegler Investment Co., Inc.",69fdf1f57f8ab8a84b28cc1a,"tic785 - Terrace & Lackman Distribution Center #1 {Cal Vent Group, LTD}",evidenceOfInsurance,Evidence of Insurance,commercialGeneralLiability,Commercial General Liability,evidenceOfInsuranceCommercialGeneralLiabilityCoverageTriggerOccurrence,Coverage Trigger: Occurrence,,matchOnce,must be present,,Present,compliant,Block Requirements,,,false,1,,2026-08-16
"Block Real Estate Services, LLC",69fdf7b562446148bd85c45b,69fded0d62446148bd848b62,"AMSCO Supply / Flegler Investment Co., Inc.",69fdf1f57f8ab8a84b28cc1a,"tic785 - Terrace & Lackman Distribution Center #1 {Cal Vent Group, LTD}",evidenceOfInsurance,Evidence of Insurance,commercialGeneralLiability,Commercial General Liability,evidenceOfInsuranceCommercialGeneralLiabilityGeneralAggregateLimitAppliesPerLocation,General Aggregate Limit Applies per: Location,,matchOnce,must be present,,Present,compliant,Block Requirements,,,false,1,,2026-08-16
"Block Real Estate Services, LLC",69fdf7b562446148bd85c45b,69fded0d62446148bd848b62,"AMSCO Supply / Flegler Investment Co., Inc.",69fdf1f57f8ab8a84b28cc1a,"tic785 - Terrace & Lackman Distribution Center #1 {Cal Vent Group, LTD}",evidenceOfInsurance,Evidence of Insurance,commercialGeneralLiability,Commercial General Liability,evidenceOfInsuranceCommercialGeneralLiabilityEachOccurrence,Each Occurrence,,matchOnce,must be greater or equal to,1000000,1000000,compliant,Block Requirements,,,false,1,,2026-08-16
"Block Real Estate Services, LLC",69fdf7b562446148bd85c45b,69fded0d62446148bd848b62,"AMSCO Supply / Flegler Investment Co., Inc.",69fdf1f57f8ab8a84b28cc1a,"tic785 - Terrace & Lackman Distribution Center #1 {Cal Vent Group, LTD}",evidenceOfInsurance,Evidence of Insurance,commercialGeneralLiability,Commercial General Liability,evidenceOfInsuranceCommercialGeneralLiabilityGeneralAggregate,General Aggregate,,matchOnce,must be greater or equal to,2000000,2000000,compliant,Block Requirements,,,false,1,,2026-08-16
"Block Real Estate Services, LLC",69fdf7b562446148bd85c45b,69fded0d62446148bd848b62,"AMSCO Supply / Flegler Investment Co., Inc.",69fdf1f57f8ab8a84b28cc1a,"tic785 - Terrace & Lackman Distribution Center #1 {Cal Vent Group, LTD}",evidenceOfInsurance,Evidence of Insurance,commercialGeneralLiability,Commercial General Liability,evidenceOfInsuranceCommercialGeneralLiabilityWaiverOfSubrogationEndorsement,Waiver of Subrogation,"---prompt---
Determine if the insurer has waived their right of subrogation in favor of the certificate holder under the Commercial General Liability policy. Evidence may include: a checked ""Waiver of Subrogation"" box on the certificate, mention in the Description of Operations section stating ""waiver of subrogation applies"", or reference to form CG 24 04. Look for language like ""subrogation is waived"" or ""per written contract"".",matchOnce,must be present,,Present,compliant,Block Requirements,,,false,1,,2026-08-16
"Block Real Estate Services, LLC",69fdf7b562446148bd85c45b,69fded0d62446148bd848b62,"AMSCO Supply / Flegler Investment Co., Inc.",69fdf1f57f8ab8a84b28cc1a,"tic785 - Terrace & Lackman Distribution Center #1 {Cal Vent Group, LTD}",evidenceOfInsurance,Evidence of Insurance,excessOrUmbrellaLiability,Umbrella/Excess Liability,evidenceOfInsuranceExcessOrUmbrellaLiabilityOccurence,Coverage Trigger: Occurrence,,matchOnce,must be present,,Present,compliant,Block Requirements,,,false,2,,2026-08-16
"Block Real Estate Services, LLC",69fdf7b562446148bd85c45b,69fded0d62446148bd848b62,"AMSCO Supply / Flegler Investment Co., Inc.",69fdf1f57f8ab8a84b28cc1a,"tic785 - Terrace & Lackman Distribution Center #1 {Cal Vent Group, LTD}",evidenceOfInsurance,Evidence of Insurance,excessOrUmbrellaLiability,Umbrella/Excess Liability,evidenceOfInsuranceExcessOrUmbrellaLiabilityEachOccurrence,Each Occurrence,,matchOnce,must be greater or equal to,1000000,9000000,compliant,Block Requirements,,,false,2,,2026-08-16
"Block Real Estate Services, LLC",69fdf7b562446148bd85c45b,69fded0d62446148bd848b62,"AMSCO Supply / Flegler Investment Co., Inc.",69fdf1f57f8ab8a84b28cc1a,"tic785 - Terrace & Lackman Distribution Center #1 {Cal Vent Group, LTD}",evidenceOfInsurance,Evidence of Insurance,excessOrUmbrellaLiability,Umbrella/Excess Liability,evidenceOfInsuranceExcessOrUmbrellaLiabilityAggregate,Aggregate,,matchOnce,must be greater or equal to,1000000,9000000,compliant,Block Requirements,,,false,2,,2026-08-16
"Block Real Estate Services, LLC",69fdf7b562446148bd85c45b,69fded0d62446148bd848b62,"AMSCO Supply / Flegler Investment Co., Inc.",69fdf1f57f8ab8a84b28cc1a,"tic785 - Terrace & Lackman Distribution Center #1 {Cal Vent Group, LTD}",evidenceOfInsurance,Evidence of Insurance,workersCompensation,Workers' Compensation and Employer's Liability,evidenceOfInsuranceWorkersCompensationStatutoryLimits,Statutory Limits,,matchOnce,must be present,,Present,compliant,Block Requirements,,,false,1,,2026-08-16
"Block Real Estate Services, LLC",69fdf7b562446148bd85c45b,69fded0d62446148bd848b62,"AMSCO Supply / Flegler Investment Co., Inc.",69fdf1f57f8ab8a84b28cc1a,"tic785 - Terrace & Lackman Distribution Center #1 {Cal Vent Group, LTD}",evidenceOfInsurance,Evidence of Insurance,workersCompensation,Workers' Compensation and Employer's Liability,evidenceOfInsuranceWorkersCompensationEmployersLiabilityEachAccident,Employer's Liability Each Accident,,matchOnce,must be greater or equal to,500000,1000000,compliant,Block Requirements,,,false,1,,2026-08-16
"Block Real Estate Services, LLC",69fdf7b562446148bd85c45b,69fded0d62446148bd848b62,"AMSCO Supply / Flegler Investment Co., Inc.",69fdf1f57f8ab8a84b28cc1a,"tic785 - Terrace & Lackman Distribution Center #1 {Cal Vent Group, LTD}",evidenceOfInsurance,Evidence of Insurance,workersCompensation,Workers' Compensation and Employer's Liability,evidenceOfInsuranceWorkersCompensationEmployersLiabilityDiseaseEachEmployee,Employer's Liability Disease - each employee,,matchOnce,must be greater or equal to,500000,1000000,compliant,Block Requirements,,,false,1,,2026-08-16
"Block Real Estate Services, LLC",69fdf7b562446148bd85c45b,69fded0d62446148bd848b62,"AMSCO Supply / Flegler Investment Co., Inc.",69fdf1f57f8ab8a84b28cc1a,"tic785 - Terrace & Lackman Distribution Center #1 {Cal Vent Group, LTD}",evidenceOfInsurance,Evidence of Insurance,workersCompensation,Workers' Compensation and Employer's Liability,evidenceOfInsuranceWorkersCompensationEmployersLiabilityDiseasePolicyLimit,Employer's Liability Disease - policy limit,,matchOnce,must be greater or equal to,500000,1000000,compliant,Block Requirements,,,false,1,,2026-08-16
"Block Real Estate Services, LLC",69fdf7b562446148bd85c45b,69fded0d62446148bd848b62,"AMSCO Supply / Flegler Investment Co., Inc.",69fdf1f57f8ab8a84b28cc1a,"tic785 - Terrace & Lackman Distribution Center #1 {Cal Vent Group, LTD}",evidenceOfInsurance,Evidence of Insurance,workersCompensation,Workers' Compensation and Employer's Liability,evidenceOfInsuranceWorkersCompensationWaiverOfSubrogationEndorsement,Waiver of Subrogation,"---prompt---
Determine if the insurer has waived their right of subrogation in favor of the certificate holder under the Workers' Compensation policy. Evidence may include: a checked ""Waiver of Subrogation"" box on the certificate, mention in the Description of Operations section stating ""waiver of subrogation applies"", or reference to form WC 00 03 13. Look for language like ""subrogation is waived"" or ""per written contract"".",matchOnce,must be present,,Present,compliant,Block Requirements,,,false,1,,2026-08-16
"Block Real Estate Services, LLC",69fdf7b562446148bd85c45b,69fded0d62446148bd848b62,"AMSCO Supply / Flegler Investment Co., Inc.",69fdf1f57f8ab8a84b28cc1a,"tic785 - Terrace & Lackman Distribution Center #1 {Cal Vent Group, LTD}",evidenceOfInsurance,Evidence of Insurance,6ac20aae-5728-5d57-b364-aeba38527dba,Additional Requirements,4da5b0f1-4c9d-5885-8cf8-5d3cccaed3e0,"Block Real Estate Services, LLC and all others required by contract are named as Additional Insureds","---prompt---
Determine if the Description of Operations or the Additional Remarks Schedule section states the ""Additional Insured as Construction Management, Inc. and all others required by contract"" or reference to blanket additional insured coverage. Look for language like ""certificate holder is additional insured"" or ""per written contract"".",matchOnce,must be present,,Present,compliant,Block Requirements,,,true,1,,2026-08-16
"Block Real Estate Services, LLC",69fdf7b562446148bd85c45b,69fded0d62446148bd848b62,"AMSCO Supply / Flegler Investment Co., Inc.",69fdf1f57f8ab8a84b28cc1a,"tic785 - Terrace & Lackman Distribution Center #1 {Cal Vent Group, LTD}",evidenceOfInsurance,Evidence of Insurance,6ac20aae-5728-5d57-b364-aeba38527dba,Additional Requirements,e1017741-e47e-5f58-97b8-fbc3043e919f,Umbrella follows form over General Liability,"---prompt---
Determine if the Umbrella/Excess Liability policy follows form to the underlying policies. Evidence may include: language in the Description of Operations section stating the umbrella follows form to underlying coverages or an additional page endorsement stating that it follows form. Follow form means the umbrella policy adopts the same terms, conditions, and exclusions as the underlying policies.",matchOnce,must be present,,Present,compliant,Block Requirements,,,true,1,,2026-08-16
"Block Real Estate Services, LLC",69fdf7b562446148bd85c45b,69fded0d62446148bd848b62,"AMSCO Supply / Flegler Investment Co., Inc.",69fdf1f57f8ab8a84b28cc1a,"tic785 - Terrace & Lackman Distribution Center #1 {Cal Vent Group, LTD}",evidenceOfInsurance,Evidence of Insurance,6ac20aae-5728-5d57-b364-aeba38527dba,Additional Requirements,2cdd866f-c9a4-576a-afd8-1d045762790c,The location must be listed as: 14912 101st Terrace Lenexa KS 66215,,matchOnce,must be present,,Present,compliant,Block Requirements,,,true,2,,2026-08-16
"Block Real Estate Services, LLC",69fdf7b562446148bd85c45b,69fded0d62446148bd848b62,"AMSCO Supply / Flegler Investment Co., Inc.",69fdf1f57f8ab8a84b28cc1a,"tic785 - Terrace & Lackman Distribution Center #1 {Cal Vent Group, LTD}",evidenceOfInsurance,Evidence of Insurance,6ac20aae-5728-5d57-b364-aeba38527dba,Additional Requirements,3649e9d1-4e09-59bf-8f30-cb33c40cf117,"Certificate Holder must read: c/o Block Real Estate Services, LLC, 4622 Pennsylvania St., Suite 700, Kansas City, MO, 64112",,matchOnce,must be present,,Present,compliant,Block Requirements,,,true,1,,2026-08-16
"Block Real Estate Services, LLC",69fdf78062446148bd8587ba,69fded0d62446148bd848b68,AN Cubed Marketing LLC,69fdf0850bb484cab513cb76,"kci865 - Riverside Distribution Center 5 {Riverside Distribution Center Investment, LLC}",evidenceOfInsurance,Evidence of Insurance,commercialGeneralLiability,Commercial General Liability,evidenceOfInsuranceCommercialGeneralLiabilityCoverageTriggerOccurrence,Coverage Trigger: Occurrence,,matchOnce,must be present,,,non_compliant,Block Requirements,,,false,0,,2026-08-16
"Block Real Estate Services, LLC",69fdf78062446148bd8587ba,69fded0d62446148bd848b68,AN Cubed Marketing LLC,69fdf0850bb484cab513cb76,"kci865 - Riverside Distribution Center 5 {Riverside Distribution Center Investment, LLC}",evidenceOfInsurance,Evidence of Insurance,commercialGeneralLiability,Commercial General Liability,evidenceOfInsuranceCommercialGeneralLiabilityGeneralAggregateLimitAppliesPerLocation,General Aggregate Limit Applies per: Location,,matchOnce,must be present,,,non_compliant,Block Requirements,,,false,0,,2026-08-16
"Block Real Estate Services, LLC",69fdf78062446148bd8587ba,69fded0d62446148bd848b68,AN Cubed Marketing LLC,69fdf0850bb484cab513cb76,"kci865 - Riverside Distribution Center 5 {Riverside Distribution Center Investment, LLC}",evidenceOfInsurance,Evidence of Insurance,commercialGeneralLiability,Commercial General Liability,evidenceOfInsuranceCommercialGeneralLiabilityEachOccurrence,Each Occurrence,,matchOnce,must be greater or equal to,1000000,,non_compliant,Block Requirements,,,false,0,,2026-08-16
"Block Real Estate Services, LLC",69fdf78062446148bd8587ba,69fded0d62446148bd848b68,AN Cubed Marketing LLC,69fdf0850bb484cab513cb76,"kci865 - Riverside Distribution Center 5 {Riverside Distribution Center Investment, LLC}",evidenceOfInsurance,Evidence of Insurance,commercialGeneralLiability,Commercial General Liability,evidenceOfInsuranceCommercialGeneralLiabilityGeneralAggregate,General Aggregate,,matchOnce,must be greater or equal to,2000000,,non_compliant,Block Requirements,,,false,0,,2026-08-16
"Block Real Estate Services, LLC",69fdf78062446148bd8587ba,69fded0d62446148bd848b68,AN Cubed Marketing LLC,69fdf0850bb484cab513cb76,"kci865 - Riverside Distribution Center 5 {Riverside Distribution Center Investment, LLC}",evidenceOfInsurance,Evidence of Insurance,commercialGeneralLiability,Commercial General Liability,evidenceOfInsuranceCommercialGeneralLiabilityWaiverOfSubrogationEndorsement,Waiver of Subrogation,"---prompt---
Determine if the insurer has waived their right of subrogation in favor of the certificate holder under the Commercial General Liability policy. Evidence may include: a checked ""Waiver of Subrogation"" box on the certificate, mention in the Description of Operations section stating ""waiver of subrogation applies"", or reference to form CG 24 04. Look for language like ""subrogation is waived"" or ""per written contract"".",matchOnce,must be present,,,non_compliant,Block Requirements,,,false,0,,2026-08-16
"Block Real Estate Services, LLC",69fdf78062446148bd8587ba,69fded0d62446148bd848b68,AN Cubed Marketing LLC,69fdf0850bb484cab513cb76,"kci865 - Riverside Distribution Center 5 {Riverside Distribution Center Investment, LLC}",evidenceOfInsurance,Evidence of Insurance,excessOrUmbrellaLiability,Umbrella/Excess Liability,evidenceOfInsuranceExcessOrUmbrellaLiabilityOccurence,Coverage Trigger: Occurrence,,matchOnce,must be present,,,non_compliant,Block Requirements,,,false,0,,2026-08-16
"Block Real Estate Services, LLC",69fdf78062446148bd8587ba,69fded0d62446148bd848b68,AN Cubed Marketing LLC,69fdf0850bb484cab513cb76,"kci865 - Riverside Distribution Center 5 {Riverside Distribution Center Investment, LLC}",evidenceOfInsurance,Evidence of Insurance,excessOrUmbrellaLiability,Umbrella/Excess Liability,evidenceOfInsuranceExcessOrUmbrellaLiabilityEachOccurrence,Each Occurrence,,matchOnce,must be greater or equal to,1000000,,non_compliant,Block Requirements,,,false,0,,2026-08-16
"Block Real Estate Services, LLC",69fdf78062446148bd8587ba,69fded0d62446148bd848b68,AN Cubed Marketing LLC,69fdf0850bb484cab513cb76,"kci865 - Riverside Distribution Center 5 {Riverside Distribution Center Investment, LLC}",evidenceOfInsurance,Evidence of Insurance,excessOrUmbrellaLiability,Umbrella/Excess Liability,evidenceOfInsuranceExcessOrUmbrellaLiabilityAggregate,Aggregate,,matchOnce,must be greater or equal to,1000000,,non_compliant,Block Requirements,,,false,0,,2026-08-16
"Block Real Estate Services, LLC",69fdf78062446148bd8587ba,69fded0d62446148bd848b68,AN Cubed Marketing LLC,69fdf0850bb484cab513cb76,"kci865 - Riverside Distribution Center 5 {Riverside Distribution Center Investment, LLC}",evidenceOfInsurance,Evidence of Insurance,workersCompensation,Workers' Compensation and Employer's Liability,evidenceOfInsuranceWorkersCompensationStatutoryLimits,Statutory Limits,,matchOnce,must be present,,,non_compliant,Block Requirements,,,false,0,,2026-08-16
"Block Real Estate Services, LLC",69fdf78062446148bd8587ba,69fded0d62446148bd848b68,AN Cubed Marketing LLC,69fdf0850bb484cab513cb76,"kci865 - Riverside Distribution Center 5 {Riverside Distribution Center Investment, LLC}",evidenceOfInsurance,Evidence of Insurance,workersCompensation,Workers' Compensation and Employer's Liability,evidenceOfInsuranceWorkersCompensationEmployersLiabilityEachAccident,Employer's Liability Each Accident,,matchOnce,must be greater or equal to,500000,,non_compliant,Block Requirements,,,false,0,,2026-08-16
"Block Real Estate Services, LLC",69fdf78062446148bd8587ba,69fded0d62446148bd848b68,AN Cubed Marketing LLC,69fdf0850bb484cab513cb76,"kci865 - Riverside Distribution Center 5 {Riverside Distribution Center Investment, LLC}",evidenceOfInsurance,Evidence of Insurance,workersCompensation,Workers' Compensation and Employer's Liability,evidenceOfInsuranceWorkersCompensationEmployersLiabilityDiseaseEachEmployee,Employer's Liability Disease - each employee,,matchOnce,must be greater or equal to,500000,,non_compliant,Block Requirements,,,false,0,,2026-08-16
"Block Real Estate Services, LLC",69fdf78062446148bd8587ba,69fded0d62446148bd848b68,AN Cubed Marketing LLC,69fdf0850bb484cab513cb76,"kci865 - Riverside Distribution Center 5 {Riverside Distribution Center Investment, LLC}",evidenceOfInsurance,Evidence of Insurance,workersCompensation,Workers' Compensation and Employer's Liability,evidenceOfInsuranceWorkersCompensationEmployersLiabilityDiseasePolicyLimit,Employer's Liability Disease - policy limit,,matchOnce,must be greater or equal to,500000,,non_compliant,Block Requirements,,,false,0,,2026-08-16
"Block Real Estate Services, LLC",69fdf78062446148bd8587ba,69fded0d62446148bd848b68,AN Cubed Marketing LLC,69fdf0850bb484cab513cb76,"kci865 - Riverside Distribution Center 5 {Riverside Distribution Center Investment, LLC}",evidenceOfInsurance,Evidence of Insurance,workersCompensation,Workers' Compensation and Employer's Liability,evidenceOfInsuranceWorkersCompensationWaiverOfSubrogationEndorsement,Waiver of Subrogation,"---prompt---
Determine if the insurer has waived their right of subrogation in favor of the certificate holder under the Workers' Compensation policy. Evidence may include: a checked ""Waiver of Subrogation"" box on the certificate, mention in the Description of Operations section stating ""waiver of subrogation applies"", or reference to form WC 00 03 13. Look for language like ""subrogation is waived"" or ""per written contract"".",matchOnce,must be present,,,non_compliant,Block Requirements,,,false,0,,2026-08-16
"Block Real Estate Services, LLC",69fdf78062446148bd8587ba,69fded0d62446148bd848b68,AN Cubed Marketing LLC,69fdf0850bb484cab513cb76,"kci865 - Riverside Distribution Center 5 {Riverside Distribution Center Investment, LLC}",evidenceOfInsurance,Evidence of Insurance,6ac20aae-5728-5d57-b364-aeba38527dba,Additional Requirements,4da5b0f1-4c9d-5885-8cf8-5d3cccaed3e0,"Block Real Estate Services, LLC and all others required by contract are named as Additional Insureds","---prompt---
Determine if the Description of Operations or the Additional Remarks Schedule section states the ""Additional Insured as Construction Management, Inc. and all others required by contract"" or reference to blanket additional insured coverage. Look for language like ""certificate holder is additional insured"" or ""per written contract"".",matchOnce,must be present,,,non_compliant,Block Requirements,,,true,0,,2026-08-16
"Block Real Estate Services, LLC",69fdf78062446148bd8587ba,69fded0d62446148bd848b68,AN Cubed Marketing LLC,69fdf0850bb484cab513cb76,"kci865 - Riverside Distribution Center 5 {Riverside Distribution Center Investment, LLC}",evidenceOfInsurance,Evidence of Insurance,6ac20aae-5728-5d57-b364-aeba38527dba,Additional Requirements,e1017741-e47e-5f58-97b8-fbc3043e919f,Umbrella follows form over General Liability,"---prompt---
Determine if the Umbrella/Excess Liability policy follows form to the underlying policies. Evidence may include: language in the Description of Operations section stating the umbrella follows form to underlying coverages or an additional page endorsement stating that it follows form. Follow form means the umbrella policy adopts the same terms, conditions, and exclusions as the underlying policies.",matchOnce,must be present,,,non_compliant,Block Requirements,,,true,0,,2026-08-16
"Block Real Estate Services, LLC",69fdf78062446148bd8587ba,69fded0d62446148bd848b68,AN Cubed Marketing LLC,69fdf0850bb484cab513cb76,"kci865 - Riverside Distribution Center 5 {Riverside Distribution Center Investment, LLC}",evidenceOfInsurance,Evidence of Insurance,6ac20aae-5728-5d57-b364-aeba38527dba,Additional Requirements,2cdd866f-c9a4-576a-afd8-1d045762790c,"The location must be listed as: 4038 W. Riverside Street, Riverside, MO, 64150",,matchOnce,must be present,,,non_compliant,Block Requirements,,,true,0,,2026-08-16
"Block Real Estate Services, LLC",69fdf78062446148bd8587ba,69fded0d62446148bd848b68,AN Cubed Marketing LLC,69fdf0850bb484cab513cb76,"kci865 - Riverside Distribution Center 5 {Riverside Distribution Center Investment, LLC}",evidenceOfInsurance,Evidence of Insurance,6ac20aae-5728-5d57-b364-aeba38527dba,Additional Requirements,3649e9d1-4e09-59bf-8f30-cb33c40cf117,"Certificate Holder must read: c/o Block Real Estate Services, LLC, 4622 Pennsylvania St., Suite 700, Kansas City, MO, 64112",,matchOnce,must be present,,,non_compliant,Block Requirements,,,true,0,,2026-08-16
"Block Real Estate Services, LLC",69fdf78062446148bd8587bd,69fded1b62446148bd848fc7,Miner Ltd,69fdf0850bb484cab513cb76,"kci865 - Riverside Distribution Center 5 {Riverside Distribution Center Investment, LLC}",evidenceOfInsurance,Evidence of Insurance,commercialGeneralLiability,Commercial General Liability,evidenceOfInsuranceCommercialGeneralLiabilityCoverageTriggerOccurrence,Coverage Trigger: Occurrence,,matchOnce,must be present,,Present,compliant,Block Requirements,,,false,1,,2026-08-16
"Block Real Estate Services, LLC",69fdf78062446148bd8587bd,69fded1b62446148bd848fc7,Miner Ltd,69fdf0850bb484cab513cb76,"kci865 - Riverside Distribution Center 5 {Riverside Distribution Center Investment, LLC}",evidenceOfInsurance,Evidence of Insurance,commercialGeneralLiability,Commercial General Liability,evidenceOfInsuranceCommercialGeneralLiabilityGeneralAggregateLimitAppliesPerLocation,General Aggregate Limit Applies per: Location,,matchOnce,must be present,,,non_compliant,Block Requirements,,,false,0,,2026-08-16
"Block Real Estate Services, LLC",69fdf78062446148bd8587bd,69fded1b62446148bd848fc7,Miner Ltd,69fdf0850bb484cab513cb76,"kci865 - Riverside Distribution Center 5 {Riverside Distribution Center Investment, LLC}",evidenceOfInsurance,Evidence of Insurance,commercialGeneralLiability,Commercial General Liability,evidenceOfInsuranceCommercialGeneralLiabilityEachOccurrence,Each Occurrence,,matchOnce,must be greater or equal to,1000000,2000000,compliant,Block Requirements,,,false,1,,2026-08-16
"Block Real Estate Services, LLC",69fdf78062446148bd8587bd,69fded1b62446148bd848fc7,Miner Ltd,69fdf0850bb484cab513cb76,"kci865 - Riverside Distribution Center 5 {Riverside Distribution Center Investment, LLC}",evidenceOfInsurance,Evidence of Insurance,commercialGeneralLiability,Commercial General Liability,evidenceOfInsuranceCommercialGeneralLiabilityGeneralAggregate,General Aggregate,,matchOnce,must be greater or equal to,2000000,4000000,compliant,Block Requirements,,,false,1,,2026-08-16
"Block Real Estate Services, LLC",69fdf78062446148bd8587bd,69fded1b62446148bd848fc7,Miner Ltd,69fdf0850bb484cab513cb76,"kci865 - Riverside Distribution Center 5 {Riverside Distribution Center Investment, LLC}",evidenceOfInsurance,Evidence of Insurance,commercialGeneralLiability,Commercial General Liability,evidenceOfInsuranceCommercialGeneralLiabilityWaiverOfSubrogationEndorsement,Waiver of Subrogation,"---prompt---
Determine if the insurer has waived their right of subrogation in favor of the certificate holder under the Commercial General Liability policy. Evidence may include: a checked ""Waiver of Subrogation"" box on the certificate, mention in the Description of Operations section stating ""waiver of subrogation applies"", or reference to form CG 24 04. Look for language like ""subrogation is waived"" or ""per written contract"".",matchOnce,must be present,,Present,compliant,Block Requirements,,,false,1,,2026-08-16
"Block Real Estate Services, LLC",69fdf78062446148bd8587bd,69fded1b62446148bd848fc7,Miner Ltd,69fdf0850bb484cab513cb76,"kci865 - Riverside Distribution Center 5 {Riverside Distribution Center Investment, LLC}",evidenceOfInsurance,Evidence of Insurance,excessOrUmbrellaLiability,Umbrella/Excess Liability,evidenceOfInsuranceExcessOrUmbrellaLiabilityOccurence,Coverage Trigger: Occurrence,,matchOnce,must be present,,Present,compliant,Block Requirements,,,false,1,,2026-08-16
"Block Real Estate Services, LLC",69fdf78062446148bd8587bd,69fded1b62446148bd848fc7,Miner Ltd,69fdf0850bb484cab513cb76,"kci865 - Riverside Distribution Center 5 {Riverside Distribution Center Investment, LLC}",evidenceOfInsurance,Evidence of Insurance,excessOrUmbrellaLiability,Umbrella/Excess Liability,evidenceOfInsuranceExcessOrUmbrellaLiabilityEachOccurrence,Each Occurrence,,matchOnce,must be greater or equal to,1000000,10000000,compliant,Block Requirements,,,false,1,,2026-08-16
"Block Real Estate Services, LLC",69fdf78062446148bd8587bd,69fded1b62446148bd848fc7,Miner Ltd,69fdf0850bb484cab513cb76,"kci865 - Riverside Distribution Center 5 {Riverside Distribution Center Investment, LLC}",evidenceOfInsurance,Evidence of Insurance,excessOrUmbrellaLiability,Umbrella/Excess Liability,evidenceOfInsuranceExcessOrUmbrellaLiabilityAggregate,Aggregate,,matchOnce,must be greater or equal to,1000000,10000000,compliant,Block Requirements,,,false,1,,2026-08-16
"Block Real Estate Services, LLC",69fdf78062446148bd8587bd,69fded1b62446148bd848fc7,Miner Ltd,69fdf0850bb484cab513cb76,"kci865 - Riverside Distribution Center 5 {Riverside Distribution Center Investment, LLC}",evidenceOfInsurance,Evidence of Insurance,workersCompensation,Workers' Compensation and Employer's Liability,evidenceOfInsuranceWorkersCompensationStatutoryLimits,Statutory Limits,,matchOnce,must be present,,Present,compliant,Block Requirements,,,false,1,,2026-08-16
"Block Real Estate Services, LLC",69fdf78062446148bd8587bd,69fded1b62446148bd848fc7,Miner Ltd,69fdf0850bb484cab513cb76,"kci865 - Riverside Distribution Center 5 {Riverside Distribution Center Investment, LLC}",evidenceOfInsurance,Evidence of Insurance,workersCompensation,Workers' Compensation and Employer's Liability,evidenceOfInsuranceWorkersCompensationEmployersLiabilityEachAccident,Employer's Liability Each Accident,,matchOnce,must be greater or equal to,500000,1000000,compliant,Block Requirements,,,false,1,,2026-08-16
"Block Real Estate Services, LLC",69fdf78062446148bd8587bd,69fded1b62446148bd848fc7,Miner Ltd,69fdf0850bb484cab513cb76,"kci865 - Riverside Distribution Center 5 {Riverside Distribution Center Investment, LLC}",evidenceOfInsurance,Evidence of Insurance,workersCompensation,Workers' Compensation and Employer's Liability,evidenceOfInsuranceWorkersCompensationEmployersLiabilityDiseaseEachEmployee,Employer's Liability Disease - each employee,,matchOnce,must be greater or equal to,500000,1000000,compliant,Block Requirements,,,false,1,,2026-08-16
"Block Real Estate Services, LLC",69fdf78062446148bd8587bd,69fded1b62446148bd848fc7,Miner Ltd,69fdf0850bb484cab513cb76,"kci865 - Riverside Distribution Center 5 {Riverside Distribution Center Investment, LLC}",evidenceOfInsurance,Evidence of Insurance,workersCompensation,Workers' Compensation and Employer's Liability,evidenceOfInsuranceWorkersCompensationEmployersLiabilityDiseasePolicyLimit,Employer's Liability Disease - policy limit,,matchOnce,must be greater or equal to,500000,1000000,compliant,Block Requirements,,,false,1,,2026-08-16
"Block Real Estate Services, LLC",69fdf78062446148bd8587bd,69fded1b62446148bd848fc7,Miner Ltd,69fdf0850bb484cab513cb76,"kci865 - Riverside Distribution Center 5 {Riverside Distribution Center Investment, LLC}",evidenceOfInsurance,Evidence of Insurance,workersCompensation,Workers' Compensation and Employer's Liability,evidenceOfInsuranceWorkersCompensationWaiverOfSubrogationEndorsement,Waiver of Subrogation,"---prompt---
Determine if the insurer has waived their right of subrogation in favor of the certificate holder under the Workers' Compensation policy. Evidence may include: a checked ""Waiver of Subrogation"" box on the certificate, mention in the Description of Operations section stating ""waiver of subrogation applies"", or reference to form WC 00 03 13. Look for language like ""subrogation is waived"" or ""per written contract"".",matchOnce,must be present,,Present,compliant,Block Requirements,,,false,1,,2026-08-16
"Block Real Estate Services, LLC",69fdf78062446148bd8587bd,69fded1b62446148bd848fc7,Miner Ltd,69fdf0850bb484cab513cb76,"kci865 - Riverside Distribution Center 5 {Riverside Distribution Center Investment, LLC}",evidenceOfInsurance,Evidence of Insurance,6ac20aae-5728-5d57-b364-aeba38527dba,Additional Requirements,4da5b0f1-4c9d-5885-8cf8-5d3cccaed3e0,"Block Real Estate Services, LLC and all others required by contract are named as Additional Insureds","---prompt---
Determine if the Description of Operations or the Additional Remarks Schedule section states the ""Additional Insured as Construction Management, Inc. and all others required by contract"" or reference to blanket additional insured coverage. Look for language like ""certificate holder is additional insured"" or ""per written contract"".",matchOnce,must be present,,Present,compliant,Block Requirements,,,true,1,,2026-08-16
"Block Real Estate Services, LLC",69fdf78062446148bd8587bd,69fded1b62446148bd848fc7,Miner Ltd,69fdf0850bb484cab513cb76,"kci865 - Riverside Distribution Center 5 {Riverside Distribution Center Investment, LLC}",evidenceOfInsurance,Evidence of Insurance,6ac20aae-5728-5d57-b364-aeba38527dba,Additional Requirements,e1017741-e47e-5f58-97b8-fbc3043e919f,Umbrella follows form over General Liability,"---prompt---
Determine if the Umbrella/Excess Liability policy follows form to the underlying policies. Evidence may include: language in the Description of Operations section stating the umbrella follows form to underlying coverages or an additional page endorsement stating that it follows form. Follow form means the umbrella policy adopts the same terms, conditions, and exclusions as the underlying policies.",matchOnce,must be present,,Present,compliant,Block Requirements,,,true,1,,2026-08-16
"Block Real Estate Services, LLC",69fdf78062446148bd8587bd,69fded1b62446148bd848fc7,Miner Ltd,69fdf0850bb484cab513cb76,"kci865 - Riverside Distribution Center 5 {Riverside Distribution Center Investment, LLC}",evidenceOfInsurance,Evidence of Insurance,6ac20aae-5728-5d57-b364-aeba38527dba,Additional Requirements,2cdd866f-c9a4-576a-afd8-1d045762790c,"The location must be listed as: 4040 W. Riverside Street, Riverside, MO, 64150",,matchOnce,must be present,,Present,compliant,Block Requirements,,,true,1,,2026-08-16
"Block Real Estate Services, LLC",69fdf78062446148bd8587bd,69fded1b62446148bd848fc7,Miner Ltd,69fdf0850bb484cab513cb76,"kci865 - Riverside Distribution Center 5 {Riverside Distribution Center Investment, LLC}",evidenceOfInsurance,Evidence of Insurance,6ac20aae-5728-5d57-b364-aeba38527dba,Additional Requirements,3649e9d1-4e09-59bf-8f30-cb33c40cf117,"Certificate Holder must read: c/o Block Real Estate Services, LLC, 4622 Pennsylvania St., Suite 700, Kansas City, MO, 64112",,matchOnce,must be present,,Present,compliant,Block Requirements,,,true,1,,2026-08-16
"Block Real Estate Services, LLC",69fdf78062446148bd8587bb,69fded1462446148bd848d8a,F & M Traders LLC,69fdf0850bb484cab513cb76,"kci865 - Riverside Distribution Center 5 {Riverside Distribution Center Investment, LLC}",evidenceOfInsurance,Evidence of Insurance,commercialGeneralLiability,Commercial General Liability,evidenceOfInsuranceCommercialGeneralLiabilityCoverageTriggerOccurrence,Coverage Trigger: Occurrence,,matchOnce,must be present,,Present,compliant,Block Requirements,,,false,1,,2026-08-16
"Block Real Estate Services, LLC",69fdf78062446148bd8587bb,69fded1462446148bd848d8a,F & M Traders LLC,69fdf0850bb484cab513cb76,"kci865 - Riverside Distribution Center 5 {Riverside Distribution Center Investment, LLC}",evidenceOfInsurance,Evidence of Insurance,commercialGeneralLiability,Commercial General Liability,evidenceOfInsuranceCommercialGeneralLiabilityGeneralAggregateLimitAppliesPerLocation,General Aggregate Limit Applies per: Location,,matchOnce,must be present,,,non_compliant,Block Requirements,,,false,0,,2026-08-16
"Block Real Estate Services, LLC",69fdf78062446148bd8587bb,69fded1462446148bd848d8a,F & M Traders LLC,69fdf0850bb484cab513cb76,"kci865 - Riverside Distribution Center 5 {Riverside Distribution Center Investment, LLC}",evidenceOfInsurance,Evidence of Insurance,commercialGeneralLiability,Commercial General Liability,evidenceOfInsuranceCommercialGeneralLiabilityEachOccurrence,Each Occurrence,,matchOnce,must be greater or equal to,1000000,1000000,compliant,Block Requirements,,,false,1,,2026-08-16
"Block Real Estate Services, LLC",69fdf78062446148bd8587bb,69fded1462446148bd848d8a,F & M Traders LLC,69fdf0850bb484cab513cb76,"kci865 - Riverside Distribution Center 5 {Riverside Distribution Center Investment, LLC}",evidenceOfInsurance,Evidence of Insurance,commercialGeneralLiability,Commercial General Liability,evidenceOfInsuranceCommercialGeneralLiabilityGeneralAggregate,General Aggregate,,matchOnce,must be greater or equal to,2000000,2000000,compliant,Block Requirements,,,false,1,,2026-08-16
"Block Real Estate Services, LLC",69fdf78062446148bd8587bb,69fded1462446148bd848d8a,F & M Traders LLC,69fdf0850bb484cab513cb76,"kci865 - Riverside Distribution Center 5 {Riverside Distribution Center Investment, LLC}",evidenceOfInsurance,Evidence of Insurance,commercialGeneralLiability,Commercial General Liability,evidenceOfInsuranceCommercialGeneralLiabilityWaiverOfSubrogationEndorsement,Waiver of Subrogation,"---prompt---
Determine if the insurer has waived their right of subrogation in favor of the certificate holder under the Commercial General Liability policy. Evidence may include: a checked ""Waiver of Subrogation"" box on the certificate, mention in the Description of Operations section stating ""waiver of subrogation applies"", or reference to form CG 24 04. Look for language like ""subrogation is waived"" or ""per written contract"".",matchOnce,must be present,,,non_compliant,Block Requirements,,,false,0,,2026-08-16
"Block Real Estate Services, LLC",69fdf78062446148bd8587bb,69fded1462446148bd848d8a,F & M Traders LLC,69fdf0850bb484cab513cb76,"kci865 - Riverside Distribution Center 5 {Riverside Distribution Center Investment, LLC}",evidenceOfInsurance,Evidence of Insurance,excessOrUmbrellaLiability,Umbrella/Excess Liability,evidenceOfInsuranceExcessOrUmbrellaLiabilityOccurence,Coverage Trigger: Occurrence,,matchOnce,must be present,,,non_compliant,Block Requirements,,,false,0,,2026-08-16
"Block Real Estate Services, LLC",69fdf78062446148bd8587bb,69fded1462446148bd848d8a,F & M Traders LLC,69fdf0850bb484cab513cb76,"kci865 - Riverside Distribution Center 5 {Riverside Distribution Center Investment, LLC}",evidenceOfInsurance,Evidence of Insurance,excessOrUmbrellaLiability,Umbrella/Excess Liability,evidenceOfInsuranceExcessOrUmbrellaLiabilityEachOccurrence,Each Occurrence,,matchOnce,must be greater or equal to,1000000,,non_compliant,Block Requirements,,,false,0,,2026-08-16
"Block Real Estate Services, LLC",69fdf78062446148bd8587bb,69fded1462446148bd848d8a,F & M Traders LLC,69fdf0850bb484cab513cb76,"kci865 - Riverside Distribution Center 5 {Riverside Distribution Center Investment, LLC}",evidenceOfInsurance,Evidence of Insurance,excessOrUmbrellaLiability,Umbrella/Excess Liability,evidenceOfInsuranceExcessOrUmbrellaLiabilityAggregate,Aggregate,,matchOnce,must be greater or equal to,1000000,,non_compliant,Block Requirements,,,false,0,,2026-08-16
"Block Real Estate Services, LLC",69fdf78062446148bd8587bb,69fded1462446148bd848d8a,F & M Traders LLC,69fdf0850bb484cab513cb76,"kci865 - Riverside Distribution Center 5 {Riverside Distribution Center Investment, LLC}",evidenceOfInsurance,Evidence of Insurance,workersCompensation,Workers' Compensation and Employer's Liability,evidenceOfInsuranceWorkersCompensationStatutoryLimits,Statutory Limits,,matchOnce,must be present,,,non_compliant,Block Requirements,,,false,0,,2026-08-16
"Block Real Estate Services, LLC",69fdf78062446148bd8587bb,69fded1462446148bd848d8a,F & M Traders LLC,69fdf0850bb484cab513cb76,"kci865 - Riverside Distribution Center 5 {Riverside Distribution Center Investment, LLC}",evidenceOfInsurance,Evidence of Insurance,workersCompensation,Workers' Compensation and Employer's Liability,evidenceOfInsuranceWorkersCompensationEmployersLiabilityEachAccident,Employer's Liability Each Accident,,matchOnce,must be greater or equal to,500000,,non_compliant,Block Requirements,,,false,0,,2026-08-16
"Block Real Estate Services, LLC",69fdf78062446148bd8587bb,69fded1462446148bd848d8a,F & M Traders LLC,69fdf0850bb484cab513cb76,"kci865 - Riverside Distribution Center 5 {Riverside Distribution Center Investment, LLC}",evidenceOfInsurance,Evidence of Insurance,workersCompensation,Workers' Compensation and Employer's Liability,evidenceOfInsuranceWorkersCompensationEmployersLiabilityDiseaseEachEmployee,Employer's Liability Disease - each employee,,matchOnce,must be greater or equal to,500000,,non_compliant,Block Requirements,,,false,0,,2026-08-16
"Block Real Estate Services, LLC",69fdf78062446148bd8587bb,69fded1462446148bd848d8a,F & M Traders LLC,69fdf0850bb484cab513cb76,"kci865 - Riverside Distribution Center 5 {Riverside Distribution Center Investment, LLC}",evidenceOfInsurance,Evidence of Insurance,workersCompensation,Workers' Compensation and Employer's Liability,evidenceOfInsuranceWorkersCompensationEmployersLiabilityDiseasePolicyLimit,Employer's Liability Disease - policy limit,,matchOnce,must be greater or equal to,500000,,non_compliant,Block Requirements,,,false,0,,2026-08-16
"Block Real Estate Services, LLC",69fdf78062446148bd8587bb,69fded1462446148bd848d8a,F & M Traders LLC,69fdf0850bb484cab513cb76,"kci865 - Riverside Distribution Center 5 {Riverside Distribution Center Investment, LLC}",evidenceOfInsurance,Evidence of Insurance,workersCompensation,Workers' Compensation and Employer's Liability,evidenceOfInsuranceWorkersCompensationWaiverOfSubrogationEndorsement,Waiver of Subrogation,"---prompt---
Determine if the insurer has waived their right of subrogation in favor of the certificate holder under the Workers' Compensation policy. Evidence may include: a checked ""Waiver of Subrogation"" box on the certificate, mention in the Description of Operations section stating ""waiver of subrogation applies"", or reference to form WC 00 03 13. Look for language like ""subrogation is waived"" or ""per written contract"".",matchOnce,must be present,,,non_compliant,Block Requirements,,,false,0,,2026-08-16
"Block Real Estate Services, LLC",69fdf78062446148bd8587bb,69fded1462446148bd848d8a,F & M Traders LLC,69fdf0850bb484cab513cb76,"kci865 - Riverside Distribution Center 5 {Riverside Distribution Center Investment, LLC}",evidenceOfInsurance,Evidence of Insurance,6ac20aae-5728-5d57-b364-aeba38527dba,Additional Requirements,4da5b0f1-4c9d-5885-8cf8-5d3cccaed3e0,"Block Real Estate Services, LLC and all others required by contract are named as Additional Insureds","---prompt---
Determine if the Description of Operations or the Additional Remarks Schedule section states the ""Additional Insured as Construction Management, Inc. and all others required by contract"" or reference to blanket additional insured coverage. Look for language like ""certificate holder is additional insured"" or ""per written contract"".",matchOnce,must be present,,,non_compliant,Block Requirements,,,true,0,,2026-08-16
"Block Real Estate Services, LLC",69fdf78062446148bd8587bb,69fded1462446148bd848d8a,F & M Traders LLC,69fdf0850bb484cab513cb76,"kci865 - Riverside Distribution Center 5 {Riverside Distribution Center Investment, LLC}",evidenceOfInsurance,Evidence of Insurance,6ac20aae-5728-5d57-b364-aeba38527dba,Additional Requirements,e1017741-e47e-5f58-97b8-fbc3043e919f,Umbrella follows form over General Liability,"---prompt---
Determine if the Umbrella/Excess Liability policy follows form to the underlying policies. Evidence may include: language in the Description of Operations section stating the umbrella follows form to underlying coverages or an additional page endorsement stating that it follows form. Follow form means the umbrella policy adopts the same terms, conditions, and exclusions as the underlying policies.",matchOnce,must be present,,,non_compliant,Block Requirements,,,true,0,,2026-08-16
"Block Real Estate Services, LLC",69fdf78062446148bd8587bb,69fded1462446148bd848d8a,F & M Traders LLC,69fdf0850bb484cab513cb76,"kci865 - Riverside Distribution Center 5 {Riverside Distribution Center Investment, LLC}",evidenceOfInsurance,Evidence of Insurance,6ac20aae-5728-5d57-b364-aeba38527dba,Additional Requirements,2cdd866f-c9a4-576a-afd8-1d045762790c,"The location must be listed as: 4036 W. Riverside Street, Riverside, MO, 64150",,matchOnce,must be present,,,non_compliant,Block Requirements,,,true,0,,2026-08-16
"Block Real Estate Services, LLC",69fdf78062446148bd8587bb,69fded1462446148bd848d8a,F & M Traders LLC,69fdf0850bb484cab513cb76,"kci865 - Riverside Distribution Center 5 {Riverside Distribution Center Investment, LLC}",evidenceOfInsurance,Evidence of Insurance,6ac20aae-5728-5d57-b364-aeba38527dba,Additional Requirements,3649e9d1-4e09-59bf-8f30-cb33c40cf117,"Certificate Holder must read: c/o Block Real Estate Services, LLC, 4622 Pennsylvania St., Suite 700, Kansas City, MO, 64112",,matchOnce,must be present,,,non_compliant,Block Requirements,,,true,0,,2026-08-16
"Block Real Estate Services, LLC",69fdf78062446148bd8587bc,69fded1562446148bd848de1,G5 Enterprises Inc,69fdf0850bb484cab513cb76,"kci865 - Riverside Distribution Center 5 {Riverside Distribution Center Investment, LLC}",evidenceOfInsurance,Evidence of Insurance,commercialGeneralLiability,Commercial General Liability,evidenceOfInsuranceCommercialGeneralLiabilityCoverageTriggerOccurrence,Coverage Trigger: Occurrence,,matchOnce,must be present,,Present,compliant,Block Requirements,,,false,1,,2026-08-16
"Block Real Estate Services, LLC",69fdf78062446148bd8587bc,69fded1562446148bd848de1,G5 Enterprises Inc,69fdf0850bb484cab513cb76,"kci865 - Riverside Distribution Center 5 {Riverside Distribution Center Investment, LLC}",evidenceOfInsurance,Evidence of Insurance,commercialGeneralLiability,Commercial General Liability,evidenceOfInsuranceCommercialGeneralLiabilityGeneralAggregateLimitAppliesPerLocation,General Aggregate Limit Applies per: Location,,matchOnce,must be present,,Present,compliant,Block Requirements,,,false,1,,2026-08-16
"Block Real Estate Services, LLC",69fdf78062446148bd8587bc,69fded1562446148bd848de1,G5 Enterprises Inc,69fdf0850bb484cab513cb76,"kci865 - Riverside Distribution Center 5 {Riverside Distribution Center Investment, LLC}",evidenceOfInsurance,Evidence of Insurance,commercialGeneralLiability,Commercial General Liability,evidenceOfInsuranceCommercialGeneralLiabilityEachOccurrence,Each Occurrence,,matchOnce,must be greater or equal to,1000000,2000000,compliant,Block Requirements,,,false,1,,2026-08-16
"Block Real Estate Services, LLC",69fdf78062446148bd8587bc,69fded1562446148bd848de1,G5 Enterprises Inc,69fdf0850bb484cab513cb76,"kci865 - Riverside Distribution Center 5 {Riverside Distribution Center Investment, LLC}",evidenceOfInsurance,Evidence of Insurance,commercialGeneralLiability,Commercial General Liability,evidenceOfInsuranceCommercialGeneralLiabilityGeneralAggregate,General Aggregate,,matchOnce,must be greater or equal to,2000000,4000000,compliant,Block Requirements,,,false,1,,2026-08-16
"Block Real Estate Services, LLC",69fdf78062446148bd8587bc,69fded1562446148bd848de1,G5 Enterprises Inc,69fdf0850bb484cab513cb76,"kci865 - Riverside Distribution Center 5 {Riverside Distribution Center Investment, LLC}",evidenceOfInsurance,Evidence of Insurance,commercialGeneralLiability,Commercial General Liability,evidenceOfInsuranceCommercialGeneralLiabilityWaiverOfSubrogationEndorsement,Waiver of Subrogation,"---prompt---
Determine if the insurer has waived their right of subrogation in favor of the certificate holder under the Commercial General Liability policy. Evidence may include: a checked ""Waiver of Subrogation"" box on the certificate, mention in the Description of Operations section stating ""waiver of subrogation applies"", or reference to form CG 24 04. Look for language like ""subrogation is waived"" or ""per written contract"".",matchOnce,must be present,,Present,compliant,Block Requirements,,,false,1,,2026-08-16
"Block Real Estate Services, LLC",69fdf78062446148bd8587bc,69fded1562446148bd848de1,G5 Enterprises Inc,69fdf0850bb484cab513cb76,"kci865 - Riverside Distribution Center 5 {Riverside Distribution Center Investment, LLC}",evidenceOfInsurance,Evidence of Insurance,excessOrUmbrellaLiability,Umbrella/Excess Liability,evidenceOfInsuranceExcessOrUmbrellaLiabilityOccurence,Coverage Trigger: Occurrence,,matchOnce,must be present,,Present,compliant,Block Requirements,,,false,1,,2026-08-16
"Block Real Estate Services, LLC",69fdf78062446148bd8587bc,69fded1562446148bd848de1,G5 Enterprises Inc,69fdf0850bb484cab513cb76,"kci865 - Riverside Distribution Center 5 {Riverside Distribution Center Investment, LLC}",evidenceOfInsurance,Evidence of Insurance,excessOrUmbrellaLiability,Umbrella/Excess Liability,evidenceOfInsuranceExcessOrUmbrellaLiabilityEachOccurrence,Each Occurrence,,matchOnce,must be greater or equal to,1000000,5000000,compliant,Block Requirements,,,false,1,,2026-08-16
"Block Real Estate Services, LLC",69fdf78062446148bd8587bc,69fded1562446148bd848de1,G5 Enterprises Inc,69fdf0850bb484cab513cb76,"kci865 - Riverside Distribution Center 5 {Riverside Distribution Center Investment, LLC}",evidenceOfInsurance,Evidence of Insurance,excessOrUmbrellaLiability,Umbrella/Excess Liability,evidenceOfInsuranceExcessOrUmbrellaLiabilityAggregate,Aggregate,,matchOnce,must be greater or equal to,1000000,5000000,compliant,Block Requirements,,,false,1,,2026-08-16
"Block Real Estate Services, LLC",69fdf78062446148bd8587bc,69fded1562446148bd848de1,G5 Enterprises Inc,69fdf0850bb484cab513cb76,"kci865 - Riverside Distribution Center 5 {Riverside Distribution Center Investment, LLC}",evidenceOfInsurance,Evidence of Insurance,workersCompensation,Workers' Compensation and Employer's Liability,evidenceOfInsuranceWorkersCompensationStatutoryLimits,Statutory Limits,,matchOnce,must be present,,Present,compliant,Block Requirements,,,false,1,,2026-08-16
"Block Real Estate Services, LLC",69fdf78062446148bd8587bc,69fded1562446148bd848de1,G5 Enterprises Inc,69fdf0850bb484cab513cb76,"kci865 - Riverside Distribution Center 5 {Riverside Distribution Center Investment, LLC}",evidenceOfInsurance,Evidence of Insurance,workersCompensation,Workers' Compensation and Employer's Liability,evidenceOfInsuranceWorkersCompensationEmployersLiabilityEachAccident,Employer's Liability Each Accident,,matchOnce,must be greater or equal to,500000,1000000,compliant,Block Requirements,,,false,1,,2026-08-16
"Block Real Estate Services, LLC",69fdf78062446148bd8587bc,69fded1562446148bd848de1,G5 Enterprises Inc,69fdf0850bb484cab513cb76,"kci865 - Riverside Distribution Center 5 {Riverside Distribution Center Investment, LLC}",evidenceOfInsurance,Evidence of Insurance,workersCompensation,Workers' Compensation and Employer's Liability,evidenceOfInsuranceWorkersCompensationEmployersLiabilityDiseaseEachEmployee,Employer's Liability Disease - each employee,,matchOnce,must be greater or equal to,500000,1000000,compliant,Block Requirements,,,false,1,,2026-08-16
"Block Real Estate Services, LLC",69fdf78062446148bd8587bc,69fded1562446148bd848de1,G5 Enterprises Inc,69fdf0850bb484cab513cb76,"kci865 - Riverside Distribution Center 5 {Riverside Distribution Center Investment, LLC}",evidenceOfInsurance,Evidence of Insurance,workersCompensation,Workers' Compensation and Employer's Liability,evidenceOfInsuranceWorkersCompensationEmployersLiabilityDiseasePolicyLimit,Employer's Liability Disease - policy limit,,matchOnce,must be greater or equal to,500000,1000000,compliant,Block Requirements,,,false,1,,2026-08-16
"Block Real Estate Services, LLC",69fdf78062446148bd8587bc,69fded1562446148bd848de1,G5 Enterprises Inc,69fdf0850bb484cab513cb76,"kci865 - Riverside Distribution Center 5 {Riverside Distribution Center Investment, LLC}",evidenceOfInsurance,Evidence of Insurance,workersCompensation,Workers' Compensation and Employer's Liability,evidenceOfInsuranceWorkersCompensationWaiverOfSubrogationEndorsement,Waiver of Subrogation,"---prompt---
Determine if the insurer has waived their right of subrogation in favor of the certificate holder under the Workers' Compensation policy. Evidence may include: a checked ""Waiver of Subrogation"" box on the certificate, mention in the Description of Operations section stating ""waiver of subrogation applies"", or reference to form WC 00 03 13. Look for language like ""subrogation is waived"" or ""per written contract"".",matchOnce,must be present,,Present,compliant,Block Requirements,,,false,1,,2026-08-16
"Block Real Estate Services, LLC",69fdf78062446148bd8587bc,69fded1562446148bd848de1,G5 Enterprises Inc,69fdf0850bb484cab513cb76,"kci865 - Riverside Distribution Center 5 {Riverside Distribution Center Investment, LLC}",evidenceOfInsurance,Evidence of Insurance,6ac20aae-5728-5d57-b364-aeba38527dba,Additional Requirements,4da5b0f1-4c9d-5885-8cf8-5d3cccaed3e0,"Block Real Estate Services, LLC and all others required by contract are named as Additional Insureds","---prompt---
Determine if the Description of Operations or the Additional Remarks Schedule section states the ""Additional Insured as Construction Management, Inc. and all others required by contract"" or reference to blanket additional insured coverage. Look for language like ""certificate holder is additional insured"" or ""per written contract"".",matchOnce,must be present,,Present,compliant,Block Requirements,,,true,1,,2026-08-16
"Block Real Estate Services, LLC",69fdf78062446148bd8587bc,69fded1562446148bd848de1,G5 Enterprises Inc,69fdf0850bb484cab513cb76,"kci865 - Riverside Distribution Center 5 {Riverside Distribution Center Investment, LLC}",evidenceOfInsurance,Evidence of Insurance,6ac20aae-5728-5d57-b364-aeba38527dba,Additional Requirements,e1017741-e47e-5f58-97b8-fbc3043e919f,Umbrella follows form over General Liability,"---prompt---
Determine if the Umbrella/Excess Liability policy follows form to the underlying policies. Evidence may include: language in the Description of Operations section stating the umbrella follows form to underlying coverages or an additional page endorsement stating that it follows form. Follow form means the umbrella policy adopts the same terms, conditions, and exclusions as the underlying policies.",matchOnce,must be present,,Present,compliant,Block Requirements,,,true,1,,2026-08-16
"Block Real Estate Services, LLC",69fdf78062446148bd8587bc,69fded1562446148bd848de1,G5 Enterprises Inc,69fdf0850bb484cab513cb76,"kci865 - Riverside Distribution Center 5 {Riverside Distribution Center Investment, LLC}",evidenceOfInsurance,Evidence of Insurance,6ac20aae-5728-5d57-b364-aeba38527dba,Additional Requirements,2cdd866f-c9a4-576a-afd8-1d045762790c,"The location must be listed as: 4032, 4034 W. Riverside Street, Riverside, MO, 64150",,matchOnce,must be present,,Present,compliant,Block Requirements,,,true,1,,2026-08-16
"Block Real Estate Services, LLC",69fdf78062446148bd8587bc,69fded1562446148bd848de1,G5 Enterprises Inc,69fdf0850bb484cab513cb76,"kci865 - Riverside Distribution Center 5 {Riverside Distribution Center Investment, LLC}",evidenceOfInsurance,Evidence of Insurance,6ac20aae-5728-5d57-b364-aeba38527dba,Additional Requirements,3649e9d1-4e09-59bf-8f30-cb33c40cf117,"Certificate Holder must read: c/o Block Real Estate Services, LLC, 4622 Pennsylvania St., Suite 700, Kansas City, MO, 64112",,matchOnce,must be present,,Present,compliant,Block Requirements,,,true,1,,2026-08-16
"Block Real Estate Services, LLC",69fdf79262446148bd859c57,69fded1062446148bd848c2b,Bunzl Distribution Inc,69fdf12c38cbea6b3a6944ae,"rl2877 - Riverside Logistics Centre II {Riverside Logistics Centre II Investors, LLC}",evidenceOfInsurance,Evidence of Insurance,commercialGeneralLiability,Commercial General Liability,evidenceOfInsuranceCommercialGeneralLiabilityCoverageTriggerOccurrence,Coverage Trigger: Occurrence,,matchOnce,must be present,,,non_compliant,Block Requirements,,,false,0,,2026-08-16
"Block Real Estate Services, LLC",69fdf79262446148bd859c57,69fded1062446148bd848c2b,Bunzl Distribution Inc,69fdf12c38cbea6b3a6944ae,"rl2877 - Riverside Logistics Centre II {Riverside Logistics Centre II Investors, LLC}",evidenceOfInsurance,Evidence of Insurance,commercialGeneralLiability,Commercial General Liability,evidenceOfInsuranceCommercialGeneralLiabilityGeneralAggregateLimitAppliesPerLocation,General Aggregate Limit Applies per: Location,,matchOnce,must be present,,,non_compliant,Block Requirements,,,false,0,,2026-08-16
"Block Real Estate Services, LLC",69fdf79262446148bd859c57,69fded1062446148bd848c2b,Bunzl Distribution Inc,69fdf12c38cbea6b3a6944ae,"rl2877 - Riverside Logistics Centre II {Riverside Logistics Centre II Investors, LLC}",evidenceOfInsurance,Evidence of Insurance,commercialGeneralLiability,Commercial General Liability,evidenceOfInsuranceCommercialGeneralLiabilityEachOccurrence,Each Occurrence,,matchOnce,must be greater or equal to,1000000,,non_compliant,Block Requirements,,,false,0,,2026-08-16
"Block Real Estate Services, LLC",69fdf79262446148bd859c57,69fded1062446148bd848c2b,Bunzl Distribution Inc,69fdf12c38cbea6b3a6944ae,"rl2877 - Riverside Logistics Centre II {Riverside Logistics Centre II Investors, LLC}",evidenceOfInsurance,Evidence of Insurance,commercialGeneralLiability,Commercial General Liability,evidenceOfInsuranceCommercialGeneralLiabilityGeneralAggregate,General Aggregate,,matchOnce,must be greater or equal to,2000000,,non_compliant,Block Requirements,,,false,0,,2026-08-16
"Block Real Estate Services, LLC",69fdf79262446148bd859c57,69fded1062446148bd848c2b,Bunzl Distribution Inc,69fdf12c38cbea6b3a6944ae,"rl2877 - Riverside Logistics Centre II {Riverside Logistics Centre II Investors, LLC}",evidenceOfInsurance,Evidence of Insurance,commercialGeneralLiability,Commercial General Liability,evidenceOfInsuranceCommercialGeneralLiabilityWaiverOfSubrogationEndorsement,Waiver of Subrogation,"---prompt---
Determine if the insurer has waived their right of subrogation in favor of the certificate holder under the Commercial General Liability policy. Evidence may include: a checked ""Waiver of Subrogation"" box on the certificate, mention in the Description of Operations section stating ""waiver of subrogation applies"", or reference to form CG 24 04. Look for language like ""subrogation is waived"" or ""per written contract"".",matchOnce,must be present,,,non_compliant,Block Requirements,,,false,0,,2026-08-16
"Block Real Estate Services, LLC",69fdf79262446148bd859c57,69fded1062446148bd848c2b,Bunzl Distribution Inc,69fdf12c38cbea6b3a6944ae,"rl2877 - Riverside Logistics Centre II {Riverside Logistics Centre II Investors, LLC}",evidenceOfInsurance,Evidence of Insurance,excessOrUmbrellaLiability,Umbrella/Excess Liability,evidenceOfInsuranceExcessOrUmbrellaLiabilityOccurence,Coverage Trigger: Occurrence,,matchOnce,must be present,,,non_compliant,Block Requirements,,,false,0,,2026-08-16
"Block Real Estate Services, LLC",69fdf79262446148bd859c57,69fded1062446148bd848c2b,Bunzl Distribution Inc,69fdf12c38cbea6b3a6944ae,"rl2877 - Riverside Logistics Centre II {Riverside Logistics Centre II Investors, LLC}",evidenceOfInsurance,Evidence of Insurance,excessOrUmbrellaLiability,Umbrella/Excess Liability,evidenceOfInsuranceExcessOrUmbrellaLiabilityEachOccurrence,Each Occurrence,,matchOnce,must be greater or equal to,1000000,,non_compliant,Block Requirements,,,false,0,,2026-08-16
"Block Real Estate Services, LLC",69fdf79262446148bd859c57,69fded1062446148bd848c2b,Bunzl Distribution Inc,69fdf12c38cbea6b3a6944ae,"rl2877 - Riverside Logistics Centre II {Riverside Logistics Centre II Investors, LLC}",evidenceOfInsurance,Evidence of Insurance,excessOrUmbrellaLiability,Umbrella/Excess Liability,evidenceOfInsuranceExcessOrUmbrellaLiabilityAggregate,Aggregate,,matchOnce,must be greater or equal to,1000000,,non_compliant,Block Requirements,,,false,0,,2026-08-16
"Block Real Estate Services, LLC",69fdf79262446148bd859c57,69fded1062446148bd848c2b,Bunzl Distribution Inc,69fdf12c38cbea6b3a6944ae,"rl2877 - Riverside Logistics Centre II {Riverside Logistics Centre II Investors, LLC}",evidenceOfInsurance,Evidence of Insurance,workersCompensation,Workers' Compensation and Employer's Liability,evidenceOfInsuranceWorkersCompensationStatutoryLimits,Statutory Limits,,matchOnce,must be present,,,non_compliant,Block Requirements,,,false,0,,2026-08-16
"Block Real Estate Services, LLC",69fdf79262446148bd859c57,69fded1062446148bd848c2b,Bunzl Distribution Inc,69fdf12c38cbea6b3a6944ae,"rl2877 - Riverside Logistics Centre II {Riverside Logistics Centre II Investors, LLC}",evidenceOfInsurance,Evidence of Insurance,workersCompensation,Workers' Compensation and Employer's Liability,evidenceOfInsuranceWorkersCompensationEmployersLiabilityEachAccident,Employer's Liability Each Accident,,matchOnce,must be greater or equal to,500000,,non_compliant,Block Requirements,,,false,0,,2026-08-16
"Block Real Estate Services, LLC",69fdf79262446148bd859c57,69fded1062446148bd848c2b,Bunzl Distribution Inc,69fdf12c38cbea6b3a6944ae,"rl2877 - Riverside Logistics Centre II {Riverside Logistics Centre II Investors, LLC}",evidenceOfInsurance,Evidence of Insurance,workersCompensation,Workers' Compensation and Employer's Liability,evidenceOfInsuranceWorkersCompensationEmployersLiabilityDiseaseEachEmployee,Employer's Liability Disease - each employee,,matchOnce,must be greater or equal to,500000,,non_compliant,Block Requirements,,,false,0,,2026-08-16
"Block Real Estate Services, LLC",69fdf79262446148bd859c57,69fded1062446148bd848c2b,Bunzl Distribution Inc,69fdf12c38cbea6b3a6944ae,"rl2877 - Riverside Logistics Centre II {Riverside Logistics Centre II Investors, LLC}",evidenceOfInsurance,Evidence of Insurance,workersCompensation,Workers' Compensation and Employer's Liability,evidenceOfInsuranceWorkersCompensationEmployersLiabilityDiseasePolicyLimit,Employer's Liability Disease - policy limit,,matchOnce,must be greater or equal to,500000,,non_compliant,Block Requirements,,,false,0,,2026-08-16
"Block Real Estate Services, LLC",69fdf79262446148bd859c57,69fded1062446148bd848c2b,Bunzl Distribution Inc,69fdf12c38cbea6b3a6944ae,"rl2877 - Riverside Logistics Centre II {Riverside Logistics Centre II Investors, LLC}",evidenceOfInsurance,Evidence of Insurance,workersCompensation,Workers' Compensation and Employer's Liability,evidenceOfInsuranceWorkersCompensationWaiverOfSubrogationEndorsement,Waiver of Subrogation,"---prompt---
Determine if the insurer has waived their right of subrogation in favor of the certificate holder under the Workers' Compensation policy. Evidence may include: a checked ""Waiver of Subrogation"" box on the certificate, mention in the Description of Operations section stating ""waiver of subrogation applies"", or reference to form WC 00 03 13. Look for language like ""subrogation is waived"" or ""per written contract"".",matchOnce,must be present,,,non_compliant,Block Requirements,,,false,0,,2026-08-16
"Block Real Estate Services, LLC",69fdf79262446148bd859c57,69fded1062446148bd848c2b,Bunzl Distribution Inc,69fdf12c38cbea6b3a6944ae,"rl2877 - Riverside Logistics Centre II {Riverside Logistics Centre II Investors, LLC}",evidenceOfInsurance,Evidence of Insurance,6ac20aae-5728-5d57-b364-aeba38527dba,Additional Requirements,4da5b0f1-4c9d-5885-8cf8-5d3cccaed3e0,"Block Real Estate Services, LLC and all others required by contract are named as Additional Insureds","---prompt---
Determine if the Description of Operations or the Additional Remarks Schedule section states the ""Additional Insured as Construction Management, Inc. and all others required by contract"" or reference to blanket additional insured coverage. Look for language like ""certificate holder is additional insured"" or ""per written contract"".",matchOnce,must be present,,,non_compliant,Block Requirements,,,true,0,,2026-08-16
"Block Real Estate Services, LLC",69fdf79262446148bd859c57,69fded1062446148bd848c2b,Bunzl Distribution Inc,69fdf12c38cbea6b3a6944ae,"rl2877 - Riverside Logistics Centre II {Riverside Logistics Centre II Investors, LLC}",evidenceOfInsurance,Evidence of Insurance,6ac20aae-5728-5d57-b364-aeba38527dba,Additional Requirements,e1017741-e47e-5f58-97b8-fbc3043e919f,Umbrella follows form over General Liability,"---prompt---
Determine if the Umbrella/Excess Liability policy follows form to the underlying policies. Evidence may include: language in the Description of Operations section stating the umbrella follows form to underlying coverages or an additional page endorsement stating that it follows form. Follow form means the umbrella policy adopts the same terms, conditions, and exclusions as the underlying policies.",matchOnce,must be present,,,non_compliant,Block Requirements,,,true,0,,2026-08-16
"Block Real Estate Services, LLC",69fdf79262446148bd859c57,69fded1062446148bd848c2b,Bunzl Distribution Inc,69fdf12c38cbea6b3a6944ae,"rl2877 - Riverside Logistics Centre II {Riverside Logistics Centre II Investors, LLC}",evidenceOfInsurance,Evidence of Insurance,6ac20aae-5728-5d57-b364-aeba38527dba,Additional Requirements,2cdd866f-c9a4-576a-afd8-1d045762790c,The location must be listed as: 3910 NW Helena Road 100 Riverside MO 64150,,matchOnce,must be present,,,non_compliant,Block Requirements,,,true,0,,2026-08-16
"Block Real Estate Services, LLC",69fdf79262446148bd859c57,69fded1062446148bd848c2b,Bunzl Distribution Inc,69fdf12c38cbea6b3a6944ae,"rl2877 - Riverside Logistics Centre II {Riverside Logistics Centre II Investors, LLC}",evidenceOfInsurance,Evidence of Insurance,6ac20aae-5728-5d57-b364-aeba38527dba,Additional Requirements,3649e9d1-4e09-59bf-8f30-cb33c40cf117,"Certificate Holder must read: c/o Block Real Estate Services, LLC, 4622 Pennsylvania St., Suite 700, Kansas City, MO, 64112",,matchOnce,must be present,,,non_compliant,Block Requirements,,,true,0,,2026-08-16
"Block Real Estate Services, LLC",69fdf79262446148bd859c56,69fded0d62446148bd848b6b,Anixter Inc,69fdf12c38cbea6b3a6944ae,"rl2877 - Riverside Logistics Centre II {Riverside Logistics Centre II Investors, LLC}",evidenceOfInsurance,Evidence of Insurance,commercialGeneralLiability,Commercial General Liability,evidenceOfInsuranceCommercialGeneralLiabilityCoverageTriggerOccurrence,Coverage Trigger: Occurrence,,matchOnce,must be present,,Present,compliant,Block Requirements,,,false,1,,2026-08-16
"Block Real Estate Services, LLC",69fdf79262446148bd859c56,69fded0d62446148bd848b6b,Anixter Inc,69fdf12c38cbea6b3a6944ae,"rl2877 - Riverside Logistics Centre II {Riverside Logistics Centre II Investors, LLC}",evidenceOfInsurance,Evidence of Insurance,commercialGeneralLiability,Commercial General Liability,evidenceOfInsuranceCommercialGeneralLiabilityGeneralAggregateLimitAppliesPerLocation,General Aggregate Limit Applies per: Location,,matchOnce,must be present,,Present,compliant,Block Requirements,,,false,1,,2026-08-16
"Block Real Estate Services, LLC",69fdf79262446148bd859c56,69fded0d62446148bd848b6b,Anixter Inc,69fdf12c38cbea6b3a6944ae,"rl2877 - Riverside Logistics Centre II {Riverside Logistics Centre II Investors, LLC}",evidenceOfInsurance,Evidence of Insurance,commercialGeneralLiability,Commercial General Liability,evidenceOfInsuranceCommercialGeneralLiabilityEachOccurrence,Each Occurrence,,matchOnce,must be greater or equal to,1000000,2000000,compliant,Block Requirements,,,false,1,,2026-08-16
"Block Real Estate Services, LLC",69fdf79262446148bd859c56,69fded0d62446148bd848b6b,Anixter Inc,69fdf12c38cbea6b3a6944ae,"rl2877 - Riverside Logistics Centre II {Riverside Logistics Centre II Investors, LLC}",evidenceOfInsurance,Evidence of Insurance,commercialGeneralLiability,Commercial General Liability,evidenceOfInsuranceCommercialGeneralLiabilityGeneralAggregate,General Aggregate,,matchOnce,must be greater or equal to,2000000,4000000,compliant,Block Requirements,,,false,1,,2026-08-16
"Block Real Estate Services, LLC",69fdf79262446148bd859c56,69fded0d62446148bd848b6b,Anixter Inc,69fdf12c38cbea6b3a6944ae,"rl2877 - Riverside Logistics Centre II {Riverside Logistics Centre II Investors, LLC}",evidenceOfInsurance,Evidence of Insurance,commercialGeneralLiability,Commercial General Liability,evidenceOfInsuranceCommercialGeneralLiabilityWaiverOfSubrogationEndorsement,Waiver of Subrogation,"---prompt---
Determine if the insurer has waived their right of subrogation in favor of the certificate holder under the Commercial General Liability policy. Evidence may include: a checked ""Waiver of Subrogation"" box on the certificate, mention in the Description of Operations section stating ""waiver of subrogation applies"", or reference to form CG 24 04. Look for language like ""subrogation is waived"" or ""per written contract"".",matchOnce,must be present,,Present,compliant,Block Requirements,,,false,1,,2026-08-16
"Block Real Estate Services, LLC",69fdf79262446148bd859c56,69fded0d62446148bd848b6b,Anixter Inc,69fdf12c38cbea6b3a6944ae,"rl2877 - Riverside Logistics Centre II {Riverside Logistics Centre II Investors, LLC}",evidenceOfInsurance,Evidence of Insurance,excessOrUmbrellaLiability,Umbrella/Excess Liability,evidenceOfInsuranceExcessOrUmbrellaLiabilityOccurence,Coverage Trigger: Occurrence,,matchOnce,must be present,,Present,compliant,Block Requirements,,,false,1,,2026-08-16
"Block Real Estate Services, LLC",69fdf79262446148bd859c56,69fded0d62446148bd848b6b,Anixter Inc,69fdf12c38cbea6b3a6944ae,"rl2877 - Riverside Logistics Centre II {Riverside Logistics Centre II Investors, LLC}",evidenceOfInsurance,Evidence of Insurance,excessOrUmbrellaLiability,Umbrella/Excess Liability,evidenceOfInsuranceExcessOrUmbrellaLiabilityEachOccurrence,Each Occurrence,,matchOnce,must be greater or equal to,1000000,8000000,compliant,Block Requirements,,,false,1,,2026-08-16
"Block Real Estate Services, LLC",69fdf79262446148bd859c56,69fded0d62446148bd848b6b,Anixter Inc,69fdf12c38cbea6b3a6944ae,"rl2877 - Riverside Logistics Centre II {Riverside Logistics Centre II Investors, LLC}",evidenceOfInsurance,Evidence of Insurance,excessOrUmbrellaLiability,Umbrella/Excess Liability,evidenceOfInsuranceExcessOrUmbrellaLiabilityAggregate,Aggregate,,matchOnce,must be greater or equal to,1000000,8000000,compliant,Block Requirements,,,false,1,,2026-08-16
"Block Real Estate Services, LLC",69fdf79262446148bd859c56,69fded0d62446148bd848b6b,Anixter Inc,69fdf12c38cbea6b3a6944ae,"rl2877 - Riverside Logistics Centre II {Riverside Logistics Centre II Investors, LLC}",evidenceOfInsurance,Evidence of Insurance,workersCompensation,Workers' Compensation and Employer's Liability,evidenceOfInsuranceWorkersCompensationStatutoryLimits,Statutory Limits,,matchOnce,must be present,,Present,compliant,Block Requirements,,,false,1,,2026-08-16
"Block Real Estate Services, LLC",69fdf79262446148bd859c56,69fded0d62446148bd848b6b,Anixter Inc,69fdf12c38cbea6b3a6944ae,"rl2877 - Riverside Logistics Centre II {Riverside Logistics Centre II Investors, LLC}",evidenceOfInsurance,Evidence of Insurance,workersCompensation,Workers' Compensation and Employer's Liability,evidenceOfInsuranceWorkersCompensationEmployersLiabilityEachAccident,Employer's Liability Each Accident,,matchOnce,must be greater or equal to,500000,1000000,compliant,Block Requirements,,,false,1,,2026-08-16
"Block Real Estate Services, LLC",69fdf79262446148bd859c56,69fded0d62446148bd848b6b,Anixter Inc,69fdf12c38cbea6b3a6944ae,"rl2877 - Riverside Logistics Centre II {Riverside Logistics Centre II Investors, LLC}",evidenceOfInsurance,Evidence of Insurance,workersCompensation,Workers' Compensation and Employer's Liability,evidenceOfInsuranceWorkersCompensationEmployersLiabilityDiseaseEachEmployee,Employer's Liability Disease - each employee,,matchOnce,must be greater or equal to,500000,1000000,compliant,Block Requirements,,,false,1,,2026-08-16
"Block Real Estate Services, LLC",69fdf79262446148bd859c56,69fded0d62446148bd848b6b,Anixter Inc,69fdf12c38cbea6b3a6944ae,"rl2877 - Riverside Logistics Centre II {Riverside Logistics Centre II Investors, LLC}",evidenceOfInsurance,Evidence of Insurance,workersCompensation,Workers' Compensation and Employer's Liability,evidenceOfInsuranceWorkersCompensationEmployersLiabilityDiseasePolicyLimit,Employer's Liability Disease - policy limit,,matchOnce,must be greater or equal to,500000,1000000,compliant,Block Requirements,,,false,1,,2026-08-16
"Block Real Estate Services, LLC",69fdf79262446148bd859c56,69fded0d62446148bd848b6b,Anixter Inc,69fdf12c38cbea6b3a6944ae,"rl2877 - Riverside Logistics Centre II {Riverside Logistics Centre II Investors, LLC}",evidenceOfInsurance,Evidence of Insurance,workersCompensation,Workers' Compensation and Employer's Liability,evidenceOfInsuranceWorkersCompensationWaiverOfSubrogationEndorsement,Waiver of Subrogation,"---prompt---
Determine if the insurer has waived their right of subrogation in favor of the certificate holder under the Workers' Compensation policy. Evidence may include: a checked ""Waiver of Subrogation"" box on the certificate, mention in the Description of Operations section stating ""waiver of subrogation applies"", or reference to form WC 00 03 13. Look for language like ""subrogation is waived"" or ""per written contract"".",matchOnce,must be present,,Present,compliant,Block Requirements,,,false,1,,2026-08-16
"Block Real Estate Services, LLC",69fdf79262446148bd859c56,69fded0d62446148bd848b6b,Anixter Inc,69fdf12c38cbea6b3a6944ae,"rl2877 - Riverside Logistics Centre II {Riverside Logistics Centre II Investors, LLC}",evidenceOfInsurance,Evidence of Insurance,6ac20aae-5728-5d57-b364-aeba38527dba,Additional Requirements,4da5b0f1-4c9d-5885-8cf8-5d3cccaed3e0,"Block Real Estate Services, LLC and all others required by contract are named as Additional Insureds","---prompt---
Determine if the Description of Operations or the Additional Remarks Schedule section states the ""Additional Insured as Construction Management, Inc. and all others required by contract"" or reference to blanket additional insured coverage. Look for language like ""certificate holder is additional insured"" or ""per written contract"".",matchOnce,must be present,,Present,compliant,Block Requirements,,,true,1,,2026-08-16
"Block Real Estate Services, LLC",69fdf79262446148bd859c56,69fded0d62446148bd848b6b,Anixter Inc,69fdf12c38cbea6b3a6944ae,"rl2877 - Riverside Logistics Centre II {Riverside Logistics Centre II Investors, LLC}",evidenceOfInsurance,Evidence of Insurance,6ac20aae-5728-5d57-b364-aeba38527dba,Additional Requirements,e1017741-e47e-5f58-97b8-fbc3043e919f,Umbrella follows form over General Liability,"---prompt---
Determine if the Umbrella/Excess Liability policy follows form to the underlying policies. Evidence may include: language in the Description of Operations section stating the umbrella follows form to underlying coverages or an additional page endorsement stating that it follows form. Follow form means the umbrella policy adopts the same terms, conditions, and exclusions as the underlying policies.",matchOnce,must be present,,Present,compliant,Block Requirements,,,true,1,,2026-08-16
"Block Real Estate Services, LLC",69fdf79262446148bd859c56,69fded0d62446148bd848b6b,Anixter Inc,69fdf12c38cbea6b3a6944ae,"rl2877 - Riverside Logistics Centre II {Riverside Logistics Centre II Investors, LLC}",evidenceOfInsurance,Evidence of Insurance,6ac20aae-5728-5d57-b364-aeba38527dba,Additional Requirements,2cdd866f-c9a4-576a-afd8-1d045762790c,The location must be listed as: 3910 NW Helena Road 200 Riverside MO 64150,,matchOnce,must be present,,Present,compliant,Block Requirements,,,true,1,,2026-08-16
"Block Real Estate Services, LLC",69fdf79262446148bd859c56,69fded0d62446148bd848b6b,Anixter Inc,69fdf12c38cbea6b3a6944ae,"rl2877 - Riverside Logistics Centre II {Riverside Logistics Centre II Investors, LLC}",evidenceOfInsurance,Evidence of Insurance,6ac20aae-5728-5d57-b364-aeba38527dba,Additional Requirements,3649e9d1-4e09-59bf-8f30-cb33c40cf117,"Certificate Holder must read: c/o Block Real Estate Services, LLC, 4622 Pennsylvania St., Suite 700, Kansas City, MO, 64112",,matchOnce,must be present,,Present,compliant,Block Requirements,,,true,1,,2026-08-16
"Block Real Estate Services, LLC",6a186781dbcac4598a69b80b,69fded1e62446148bd8490c3,Propak Logistics Inc,69fdf12c38cbea6b3a6944ae,"rl2877 - Riverside Logistics Centre II {Riverside Logistics Centre II Investors, LLC}",evidenceOfInsurance,Evidence of Insurance,commercialGeneralLiability,Commercial General Liability,evidenceOfInsuranceCommercialGeneralLiabilityCoverageTriggerOccurrence,Coverage Trigger: Occurrence,,matchOnce,must be present,,,non_compliant,Block Requirements,,,false,0,,2026-08-16
"Block Real Estate Services, LLC",6a186781dbcac4598a69b80b,69fded1e62446148bd8490c3,Propak Logistics Inc,69fdf12c38cbea6b3a6944ae,"rl2877 - Riverside Logistics Centre II {Riverside Logistics Centre II Investors, LLC}",evidenceOfInsurance,Evidence of Insurance,commercialGeneralLiability,Commercial General Liability,evidenceOfInsuranceCommercialGeneralLiabilityGeneralAggregateLimitAppliesPerLocation,General Aggregate Limit Applies per: Location,,matchOnce,must be present,,,non_compliant,Block Requirements,,,false,0,,2026-08-16
"Block Real Estate Services, LLC",6a186781dbcac4598a69b80b,69fded1e62446148bd8490c3,Propak Logistics Inc,69fdf12c38cbea6b3a6944ae,"rl2877 - Riverside Logistics Centre II {Riverside Logistics Centre II Investors, LLC}",evidenceOfInsurance,Evidence of Insurance,commercialGeneralLiability,Commercial General Liability,evidenceOfInsuranceCommercialGeneralLiabilityEachOccurrence,Each Occurrence,,matchOnce,must be greater or equal to,1000000,,non_compliant,Block Requirements,,,false,0,,2026-08-16
"Block Real Estate Services, LLC",6a186781dbcac4598a69b80b,69fded1e62446148bd8490c3,Propak Logistics Inc,69fdf12c38cbea6b3a6944ae,"rl2877 - Riverside Logistics Centre II {Riverside Logistics Centre II Investors, LLC}",evidenceOfInsurance,Evidence of Insurance,commercialGeneralLiability,Commercial General Liability,evidenceOfInsuranceCommercialGeneralLiabilityGeneralAggregate,General Aggregate,,matchOnce,must be greater or equal to,2000000,,non_compliant,Block Requirements,,,false,0,,2026-08-16
"Block Real Estate Services, LLC",6a186781dbcac4598a69b80b,69fded1e62446148bd8490c3,Propak Logistics Inc,69fdf12c38cbea6b3a6944ae,"rl2877 - Riverside Logistics Centre II {Riverside Logistics Centre II Investors, LLC}",evidenceOfInsurance,Evidence of Insurance,commercialGeneralLiability,Commercial General Liability,evidenceOfInsuranceCommercialGeneralLiabilityWaiverOfSubrogationEndorsement,Waiver of Subrogation,"---prompt---
Determine if the insurer has waived their right of subrogation in favor of the certificate holder under the Commercial General Liability policy. Evidence may include: a checked ""Waiver of Subrogation"" box on the certificate, mention in the Description of Operations section stating ""waiver of subrogation applies"", or reference to form CG 24 04. Look for language like ""subrogation is waived"" or ""per written contract"".",matchOnce,must be present,,,non_compliant,Block Requirements,,,false,0,,2026-08-16
"Block Real Estate Services, LLC",6a186781dbcac4598a69b80b,69fded1e62446148bd8490c3,Propak Logistics Inc,69fdf12c38cbea6b3a6944ae,"rl2877 - Riverside Logistics Centre II {Riverside Logistics Centre II Investors, LLC}",evidenceOfInsurance,Evidence of Insurance,excessOrUmbrellaLiability,Umbrella/Excess Liability,evidenceOfInsuranceExcessOrUmbrellaLiabilityOccurence,Coverage Trigger: Occurrence,,matchOnce,must be present,,,non_compliant,Block Requirements,,,false,0,,2026-08-16
"Block Real Estate Services, LLC",6a186781dbcac4598a69b80b,69fded1e62446148bd8490c3,Propak Logistics Inc,69fdf12c38cbea6b3a6944ae,"rl2877 - Riverside Logistics Centre II {Riverside Logistics Centre II Investors, LLC}",evidenceOfInsurance,Evidence of Insurance,excessOrUmbrellaLiability,Umbrella/Excess Liability,evidenceOfInsuranceExcessOrUmbrellaLiabilityEachOccurrence,Each Occurrence,,matchOnce,must be greater or equal to,1000000,,non_compliant,Block Requirements,,,false,0,,2026-08-16
"Block Real Estate Services, LLC",6a186781dbcac4598a69b80b,69fded1e62446148bd8490c3,Propak Logistics Inc,69fdf12c38cbea6b3a6944ae,"rl2877 - Riverside Logistics Centre II {Riverside Logistics Centre II Investors, LLC}",evidenceOfInsurance,Evidence of Insurance,excessOrUmbrellaLiability,Umbrella/Excess Liability,evidenceOfInsuranceExcessOrUmbrellaLiabilityAggregate,Aggregate,,matchOnce,must be greater or equal to,1000000,,non_compliant,Block Requirements,,,false,0,,2026-08-16
"Block Real Estate Services, LLC",6a186781dbcac4598a69b80b,69fded1e62446148bd8490c3,Propak Logistics Inc,69fdf12c38cbea6b3a6944ae,"rl2877 - Riverside Logistics Centre II {Riverside Logistics Centre II Investors, LLC}",evidenceOfInsurance,Evidence of Insurance,workersCompensation,Workers' Compensation and Employer's Liability,evidenceOfInsuranceWorkersCompensationStatutoryLimits,Statutory Limits,,matchOnce,must be present,,,non_compliant,Block Requirements,,,false,0,,2026-08-16
"Block Real Estate Services, LLC",6a186781dbcac4598a69b80b,69fded1e62446148bd8490c3,Propak Logistics Inc,69fdf12c38cbea6b3a6944ae,"rl2877 - Riverside Logistics Centre II {Riverside Logistics Centre II Investors, LLC}",evidenceOfInsurance,Evidence of Insurance,workersCompensation,Workers' Compensation and Employer's Liability,evidenceOfInsuranceWorkersCompensationEmployersLiabilityEachAccident,Employer's Liability Each Accident,,matchOnce,must be greater or equal to,500000,,non_compliant,Block Requirements,,,false,0,,2026-08-16
"Block Real Estate Services, LLC",6a186781dbcac4598a69b80b,69fded1e62446148bd8490c3,Propak Logistics Inc,69fdf12c38cbea6b3a6944ae,"rl2877 - Riverside Logistics Centre II {Riverside Logistics Centre II Investors, LLC}",evidenceOfInsurance,Evidence of Insurance,workersCompensation,Workers' Compensation and Employer's Liability,evidenceOfInsuranceWorkersCompensationEmployersLiabilityDiseaseEachEmployee,Employer's Liability Disease - each employee,,matchOnce,must be greater or equal to,500000,,non_compliant,Block Requirements,,,false,0,,2026-08-16
"Block Real Estate Services, LLC",6a186781dbcac4598a69b80b,69fded1e62446148bd8490c3,Propak Logistics Inc,69fdf12c38cbea6b3a6944ae,"rl2877 - Riverside Logistics Centre II {Riverside Logistics Centre II Investors, LLC}",evidenceOfInsurance,Evidence of Insurance,workersCompensation,Workers' Compensation and Employer's Liability,evidenceOfInsuranceWorkersCompensationEmployersLiabilityDiseasePolicyLimit,Employer's Liability Disease - policy limit,,matchOnce,must be greater or equal to,500000,,non_compliant,Block Requirements,,,false,0,,2026-08-16
"Block Real Estate Services, LLC",6a186781dbcac4598a69b80b,69fded1e62446148bd8490c3,Propak Logistics Inc,69fdf12c38cbea6b3a6944ae,"rl2877 - Riverside Logistics Centre II {Riverside Logistics Centre II Investors, LLC}",evidenceOfInsurance,Evidence of Insurance,workersCompensation,Workers' Compensation and Employer's Liability,evidenceOfInsuranceWorkersCompensationWaiverOfSubrogationEndorsement,Waiver of Subrogation,"---prompt---
Determine if the insurer has waived their right of subrogation in favor of the certificate holder under the Workers' Compensation policy. Evidence may include: a checked ""Waiver of Subrogation"" box on the certificate, mention in the Description of Operations section stating ""waiver of subrogation applies"", or reference to form WC 00 03 13. Look for language like ""subrogation is waived"" or ""per written contract"".",matchOnce,must be present,,,non_compliant,Block Requirements,,,false,0,,2026-08-16
"Block Real Estate Services, LLC",6a186781dbcac4598a69b80b,69fded1e62446148bd8490c3,Propak Logistics Inc,69fdf12c38cbea6b3a6944ae,"rl2877 - Riverside Logistics Centre II {Riverside Logistics Centre II Investors, LLC}",evidenceOfInsurance,Evidence of Insurance,6ac20aae-5728-5d57-b364-aeba38527dba,Additional Requirements,4da5b0f1-4c9d-5885-8cf8-5d3cccaed3e0,"Block Real Estate Services, LLC and all others required by contract are named as Additional Insureds","---prompt---
Determine if the Description of Operations or the Additional Remarks Schedule section states the ""Additional Insured as Construction Management, Inc. and all others required by contract"" or reference to blanket additional insured coverage. Look for language like ""certificate holder is additional insured"" or ""per written contract"".",matchOnce,must be present,,,non_compliant,Block Requirements,,,true,0,,2026-08-16
"Block Real Estate Services, LLC",6a186781dbcac4598a69b80b,69fded1e62446148bd8490c3,Propak Logistics Inc,69fdf12c38cbea6b3a6944ae,"rl2877 - Riverside Logistics Centre II {Riverside Logistics Centre II Investors, LLC}",evidenceOfInsurance,Evidence of Insurance,6ac20aae-5728-5d57-b364-aeba38527dba,Additional Requirements,e1017741-e47e-5f58-97b8-fbc3043e919f,Umbrella follows form over General Liability,"---prompt---
Determine if the Umbrella/Excess Liability policy follows form to the underlying policies. Evidence may include: language in the Description of Operations section stating the umbrella follows form to underlying coverages or an additional page endorsement stating that it follows form. Follow form means the umbrella policy adopts the same terms, conditions, and exclusions as the underlying policies.",matchOnce,must be present,,,non_compliant,Block Requirements,,,true,0,,2026-08-16
"Block Real Estate Services, LLC",6a186781dbcac4598a69b80b,69fded1e62446148bd8490c3,Propak Logistics Inc,69fdf12c38cbea6b3a6944ae,"rl2877 - Riverside Logistics Centre II {Riverside Logistics Centre II Investors, LLC}",evidenceOfInsurance,Evidence of Insurance,6ac20aae-5728-5d57-b364-aeba38527dba,Additional Requirements,2cdd866f-c9a4-576a-afd8-1d045762790c,The location must be listed as: 3910 NW Helena Road 300 Riverside MO 64150,,matchOnce,must be present,,,non_compliant,Block Requirements,,,true,0,,2026-08-16
"Block Real Estate Services, LLC",6a186781dbcac4598a69b80b,69fded1e62446148bd8490c3,Propak Logistics Inc,69fdf12c38cbea6b3a6944ae,"rl2877 - Riverside Logistics Centre II {Riverside Logistics Centre II Investors, LLC}",evidenceOfInsurance,Evidence of Insurance,6ac20aae-5728-5d57-b364-aeba38527dba,Additional Requirements,3649e9d1-4e09-59bf-8f30-cb33c40cf117,"Certificate Holder must read: c/o Block Real Estate Services, LLC, 4622 Pennsylvania St., Suite 700, Kansas City, MO, 64112",,matchOnce,must be present,,,non_compliant,Block Requirements,,,true,0,,2026-08-16
"Block Real Estate Services, LLC",6a186781dbcac4598a69b80c,69fded1e62446148bd8490c3,Propak Logistics Inc,69fdf12c38cbea6b3a6944ae,"rl2877 - Riverside Logistics Centre II {Riverside Logistics Centre II Investors, LLC}",evidenceOfInsurance,Evidence of Insurance,commercialGeneralLiability,Commercial General Liability,evidenceOfInsuranceCommercialGeneralLiabilityCoverageTriggerOccurrence,Coverage Trigger: Occurrence,,matchOnce,must be present,,,non_compliant,Block Requirements,,,false,0,,2026-08-16
"Block Real Estate Services, LLC",6a186781dbcac4598a69b80c,69fded1e62446148bd8490c3,Propak Logistics Inc,69fdf12c38cbea6b3a6944ae,"rl2877 - Riverside Logistics Centre II {Riverside Logistics Centre II Investors, LLC}",evidenceOfInsurance,Evidence of Insurance,commercialGeneralLiability,Commercial General Liability,evidenceOfInsuranceCommercialGeneralLiabilityGeneralAggregateLimitAppliesPerLocation,General Aggregate Limit Applies per: Location,,matchOnce,must be present,,,non_compliant,Block Requirements,,,false,0,,2026-08-16
"Block Real Estate Services, LLC",6a186781dbcac4598a69b80c,69fded1e62446148bd8490c3,Propak Logistics Inc,69fdf12c38cbea6b3a6944ae,"rl2877 - Riverside Logistics Centre II {Riverside Logistics Centre II Investors, LLC}",evidenceOfInsurance,Evidence of Insurance,commercialGeneralLiability,Commercial General Liability,evidenceOfInsuranceCommercialGeneralLiabilityEachOccurrence,Each Occurrence,,matchOnce,must be greater or equal to,1000000,,non_compliant,Block Requirements,,,false,0,,2026-08-16
"Block Real Estate Services, LLC",6a186781dbcac4598a69b80c,69fded1e62446148bd8490c3,Propak Logistics Inc,69fdf12c38cbea6b3a6944ae,"rl2877 - Riverside Logistics Centre II {Riverside Logistics Centre II Investors, LLC}",evidenceOfInsurance,Evidence of Insurance,commercialGeneralLiability,Commercial General Liability,evidenceOfInsuranceCommercialGeneralLiabilityGeneralAggregate,General Aggregate,,matchOnce,must be greater or equal to,2000000,,non_compliant,Block Requirements,,,false,0,,2026-08-16
"Block Real Estate Services, LLC",6a186781dbcac4598a69b80c,69fded1e62446148bd8490c3,Propak Logistics Inc,69fdf12c38cbea6b3a6944ae,"rl2877 - Riverside Logistics Centre II {Riverside Logistics Centre II Investors, LLC}",evidenceOfInsurance,Evidence of Insurance,commercialGeneralLiability,Commercial General Liability,evidenceOfInsuranceCommercialGeneralLiabilityWaiverOfSubrogationEndorsement,Waiver of Subrogation,"---prompt---
Determine if the insurer has waived their right of subrogation in favor of the certificate holder under the Commercial General Liability policy. Evidence may include: a checked ""Waiver of Subrogation"" box on the certificate, mention in the Description of Operations section stating ""waiver of subrogation applies"", or reference to form CG 24 04. Look for language like ""subrogation is waived"" or ""per written contract"".",matchOnce,must be present,,,non_compliant,Block Requirements,,,false,0,,2026-08-16
"Block Real Estate Services, LLC",6a186781dbcac4598a69b80c,69fded1e62446148bd8490c3,Propak Logistics Inc,69fdf12c38cbea6b3a6944ae,"rl2877 - Riverside Logistics Centre II {Riverside Logistics Centre II Investors, LLC}",evidenceOfInsurance,Evidence of Insurance,excessOrUmbrellaLiability,Umbrella/Excess Liability,evidenceOfInsuranceExcessOrUmbrellaLiabilityOccurence,Coverage Trigger: Occurrence,,matchOnce,must be present,,,non_compliant,Block Requirements,,,false,0,,2026-08-16
"Block Real Estate Services, LLC",6a186781dbcac4598a69b80c,69fded1e62446148bd8490c3,Propak Logistics Inc,69fdf12c38cbea6b3a6944ae,"rl2877 - Riverside Logistics Centre II {Riverside Logistics Centre II Investors, LLC}",evidenceOfInsurance,Evidence of Insurance,excessOrUmbrellaLiability,Umbrella/Excess Liability,evidenceOfInsuranceExcessOrUmbrellaLiabilityEachOccurrence,Each Occurrence,,matchOnce,must be greater or equal to,1000000,,non_compliant,Block Requirements,,,false,0,,2026-08-16
"Block Real Estate Services, LLC",6a186781dbcac4598a69b80c,69fded1e62446148bd8490c3,Propak Logistics Inc,69fdf12c38cbea6b3a6944ae,"rl2877 - Riverside Logistics Centre II {Riverside Logistics Centre II Investors, LLC}",evidenceOfInsurance,Evidence of Insurance,excessOrUmbrellaLiability,Umbrella/Excess Liability,evidenceOfInsuranceExcessOrUmbrellaLiabilityAggregate,Aggregate,,matchOnce,must be greater or equal to,1000000,,non_compliant,Block Requirements,,,false,0,,2026-08-16
"Block Real Estate Services, LLC",6a186781dbcac4598a69b80c,69fded1e62446148bd8490c3,Propak Logistics Inc,69fdf12c38cbea6b3a6944ae,"rl2877 - Riverside Logistics Centre II {Riverside Logistics Centre II Investors, LLC}",evidenceOfInsurance,Evidence of Insurance,workersCompensation,Workers' Compensation and Employer's Liability,evidenceOfInsuranceWorkersCompensationStatutoryLimits,Statutory Limits,,matchOnce,must be present,,,non_compliant,Block Requirements,,,false,0,,2026-08-16
"Block Real Estate Services, LLC",6a186781dbcac4598a69b80c,69fded1e62446148bd8490c3,Propak Logistics Inc,69fdf12c38cbea6b3a6944ae,"rl2877 - Riverside Logistics Centre II {Riverside Logistics Centre II Investors, LLC}",evidenceOfInsurance,Evidence of Insurance,workersCompensation,Workers' Compensation and Employer's Liability,evidenceOfInsuranceWorkersCompensationEmployersLiabilityEachAccident,Employer's Liability Each Accident,,matchOnce,must be greater or equal to,500000,,non_compliant,Block Requirements,,,false,0,,2026-08-16
"Block Real Estate Services, LLC",6a186781dbcac4598a69b80c,69fded1e62446148bd8490c3,Propak Logistics Inc,69fdf12c38cbea6b3a6944ae,"rl2877 - Riverside Logistics Centre II {Riverside Logistics Centre II Investors, LLC}",evidenceOfInsurance,Evidence of Insurance,workersCompensation,Workers' Compensation and Employer's Liability,evidenceOfInsuranceWorkersCompensationEmployersLiabilityDiseaseEachEmployee,Employer's Liability Disease - each employee,,matchOnce,must be greater or equal to,500000,,non_compliant,Block Requirements,,,false,0,,2026-08-16
"Block Real Estate Services, LLC",6a186781dbcac4598a69b80c,69fded1e62446148bd8490c3,Propak Logistics Inc,69fdf12c38cbea6b3a6944ae,"rl2877 - Riverside Logistics Centre II {Riverside Logistics Centre II Investors, LLC}",evidenceOfInsurance,Evidence of Insurance,workersCompensation,Workers' Compensation and Employer's Liability,evidenceOfInsuranceWorkersCompensationEmployersLiabilityDiseasePolicyLimit,Employer's Liability Disease - policy limit,,matchOnce,must be greater or equal to,500000,,non_compliant,Block Requirements,,,false,0,,2026-08-16
"Block Real Estate Services, LLC",6a186781dbcac4598a69b80c,69fded1e62446148bd8490c3,Propak Logistics Inc,69fdf12c38cbea6b3a6944ae,"rl2877 - Riverside Logistics Centre II {Riverside Logistics Centre II Investors, LLC}",evidenceOfInsurance,Evidence of Insurance,workersCompensation,Workers' Compensation and Employer's Liability,evidenceOfInsuranceWorkersCompensationWaiverOfSubrogationEndorsement,Waiver of Subrogation,"---prompt---
Determine if the insurer has waived their right of subrogation in favor of the certificate holder under the Workers' Compensation policy. Evidence may include: a checked ""Waiver of Subrogation"" box on the certificate, mention in the Description of Operations section stating ""waiver of subrogation applies"", or reference to form WC 00 03 13. Look for language like ""subrogation is waived"" or ""per written contract"".",matchOnce,must be present,,,non_compliant,Block Requirements,,,false,0,,2026-08-16
"Block Real Estate Services, LLC",6a186781dbcac4598a69b80c,69fded1e62446148bd8490c3,Propak Logistics Inc,69fdf12c38cbea6b3a6944ae,"rl2877 - Riverside Logistics Centre II {Riverside Logistics Centre II Investors, LLC}",evidenceOfInsurance,Evidence of Insurance,6ac20aae-5728-5d57-b364-aeba38527dba,Additional Requirements,4da5b0f1-4c9d-5885-8cf8-5d3cccaed3e0,"Block Real Estate Services, LLC and all others required by contract are named as Additional Insureds","---prompt---
Determine if the Description of Operations or the Additional Remarks Schedule section states the ""Additional Insured as Construction Management, Inc. and all others required by contract"" or reference to blanket additional insured coverage. Look for language like ""certificate holder is additional insured"" or ""per written contract"".",matchOnce,must be present,,,non_compliant,Block Requirements,,,true,0,,2026-08-16
"Block Real Estate Services, LLC",6a186781dbcac4598a69b80c,69fded1e62446148bd8490c3,Propak Logistics Inc,69fdf12c38cbea6b3a6944ae,"rl2877 - Riverside Logistics Centre II {Riverside Logistics Centre II Investors, LLC}",evidenceOfInsurance,Evidence of Insurance,6ac20aae-5728-5d57-b364-aeba38527dba,Additional Requirements,e1017741-e47e-5f58-97b8-fbc3043e919f,Umbrella follows form over General Liability,"---prompt---
Determine if the Umbrella/Excess Liability policy follows form to the underlying policies. Evidence may include: language in the Description of Operations section stating the umbrella follows form to underlying coverages or an additional page endorsement stating that it follows form. Follow form means the umbrella policy adopts the same terms, conditions, and exclusions as the underlying policies.",matchOnce,must be present,,,non_compliant,Block Requirements,,,true,0,,2026-08-16
"Block Real Estate Services, LLC",6a186781dbcac4598a69b80c,69fded1e62446148bd8490c3,Propak Logistics Inc,69fdf12c38cbea6b3a6944ae,"rl2877 - Riverside Logistics Centre II {Riverside Logistics Centre II Investors, LLC}",evidenceOfInsurance,Evidence of Insurance,6ac20aae-5728-5d57-b364-aeba38527dba,Additional Requirements,2cdd866f-c9a4-576a-afd8-1d045762790c,The location must be listed as: 3910 NW Helena Road 400 Riverside MO 64150,,matchOnce,must be present,,,non_compliant,Block Requirements,,,true,0,,2026-08-16
"Block Real Estate Services, LLC",6a186781dbcac4598a69b80c,69fded1e62446148bd8490c3,Propak Logistics Inc,69fdf12c38cbea6b3a6944ae,"rl2877 - Riverside Logistics Centre II {Riverside Logistics Centre II Investors, LLC}",evidenceOfInsurance,Evidence of Insurance,6ac20aae-5728-5d57-b364-aeba38527dba,Additional Requirements,3649e9d1-4e09-59bf-8f30-cb33c40cf117,"Certificate Holder must read: c/o Block Real Estate Services, LLC, 4622 Pennsylvania St., Suite 700, Kansas City, MO, 64112",,matchOnce,must be present,,,non_compliant,Block Requirements,,,true,0,,2026-08-16
"Block Real Estate Services, LLC",69fdf75c62446148bd855f8b,69fded1f62446148bd849114,"Royal Gyros (Royal Donuts, LLC) / Ahed Kalifa",69fdf5c2e84e20262bb42483,"3rd979 - Belton Towne Center {Belton MO Properties, LLC}",evidenceOfInsurance,Evidence of Insurance,commercialGeneralLiability,Commercial General Liability,evidenceOfInsuranceCommercialGeneralLiabilityCoverageTriggerOccurrence,Coverage Trigger: Occurrence,,matchOnce,must be present,,,non_compliant,Block Requirements,,,false,0,,2026-08-16
"Block Real Estate Services, LLC",69fdf75c62446148bd855f8b,69fded1f62446148bd849114,"Royal Gyros (Royal Donuts, LLC) / Ahed Kalifa",69fdf5c2e84e20262bb42483,"3rd979 - Belton Towne Center {Belton MO Properties, LLC}",evidenceOfInsurance,Evidence of Insurance,commercialGeneralLiability,Commercial General Liability,evidenceOfInsuranceCommercialGeneralLiabilityGeneralAggregateLimitAppliesPerLocation,General Aggregate Limit Applies per: Location,,matchOnce,must be present,,,non_compliant,Block Requirements,,,false,0,,2026-08-16
"Block Real Estate Services, LLC",69fdf75c62446148bd855f8b,69fded1f62446148bd849114,"Royal Gyros (Royal Donuts, LLC) / Ahed Kalifa",69fdf5c2e84e20262bb42483,"3rd979 - Belton Towne Center {Belton MO Properties, LLC}",evidenceOfInsurance,Evidence of Insurance,commercialGeneralLiability,Commercial General Liability,evidenceOfInsuranceCommercialGeneralLiabilityEachOccurrence,Each Occurrence,,matchOnce,must be greater or equal to,1000000,,non_compliant,Block Requirements,,,false,0,,2026-08-16
"Block Real Estate Services, LLC",69fdf75c62446148bd855f8b,69fded1f62446148bd849114,"Royal Gyros (Royal Donuts, LLC) / Ahed Kalifa",69fdf5c2e84e20262bb42483,"3rd979 - Belton Towne Center {Belton MO Properties, LLC}",evidenceOfInsurance,Evidence of Insurance,commercialGeneralLiability,Commercial General Liability,evidenceOfInsuranceCommercialGeneralLiabilityGeneralAggregate,General Aggregate,,matchOnce,must be greater or equal to,2000000,,non_compliant,Block Requirements,,,false,0,,2026-08-16
"Block Real Estate Services, LLC",69fdf75c62446148bd855f8b,69fded1f62446148bd849114,"Royal Gyros (Royal Donuts, LLC) / Ahed Kalifa",69fdf5c2e84e20262bb42483,"3rd979 - Belton Towne Center {Belton MO Properties, LLC}",evidenceOfInsurance,Evidence of Insurance,commercialGeneralLiability,Commercial General Liability,evidenceOfInsuranceCommercialGeneralLiabilityWaiverOfSubrogationEndorsement,Waiver of Subrogation,"---prompt---
Determine if the insurer has waived their right of subrogation in favor of the certificate holder under the Commercial General Liability policy. Evidence may include: a checked ""Waiver of Subrogation"" box on the certificate, mention in the Description of Operations section stating ""waiver of subrogation applies"", or reference to form CG 24 04. Look for language like ""subrogation is waived"" or ""per written contract"".",matchOnce,must be present,,,non_compliant,Block Requirements,,,false,0,,2026-08-16
"Block Real Estate Services, LLC",69fdf75c62446148bd855f8b,69fded1f62446148bd849114,"Royal Gyros (Royal Donuts, LLC) / Ahed Kalifa",69fdf5c2e84e20262bb42483,"3rd979 - Belton Towne Center {Belton MO Properties, LLC}",evidenceOfInsurance,Evidence of Insurance,excessOrUmbrellaLiability,Umbrella/Excess Liability,evidenceOfInsuranceExcessOrUmbrellaLiabilityOccurence,Coverage Trigger: Occurrence,,matchOnce,must be present,,,non_compliant,Block Requirements,,,false,0,,2026-08-16
"Block Real Estate Services, LLC",69fdf75c62446148bd855f8b,69fded1f62446148bd849114,"Royal Gyros (Royal Donuts, LLC) / Ahed Kalifa",69fdf5c2e84e20262bb42483,"3rd979 - Belton Towne Center {Belton MO Properties, LLC}",evidenceOfInsurance,Evidence of Insurance,excessOrUmbrellaLiability,Umbrella/Excess Liability,evidenceOfInsuranceExcessOrUmbrellaLiabilityEachOccurrence,Each Occurrence,,matchOnce,must be greater or equal to,1000000,,non_compliant,Block Requirements,,,false,0,,2026-08-16
"Block Real Estate Services, LLC",69fdf75c62446148bd855f8b,69fded1f62446148bd849114,"Royal Gyros (Royal Donuts, LLC) / Ahed Kalifa",69fdf5c2e84e20262bb42483,"3rd979 - Belton Towne Center {Belton MO Properties, LLC}",evidenceOfInsurance,Evidence of Insurance,excessOrUmbrellaLiability,Umbrella/Excess Liability,evidenceOfInsuranceExcessOrUmbrellaLiabilityAggregate,Aggregate,,matchOnce,must be greater or equal to,1000000,,non_compliant,Block Requirements,,,false,0,,2026-08-16
"Block Real Estate Services, LLC",69fdf75c62446148bd855f8b,69fded1f62446148bd849114,"Royal Gyros (Royal Donuts, LLC) / Ahed Kalifa",69fdf5c2e84e20262bb42483,"3rd979 - Belton Towne Center {Belton MO Properties, LLC}",evidenceOfInsurance,Evidence of Insurance,workersCompensation,Workers' Compensation and Employer's Liability,evidenceOfInsuranceWorkersCompensationStatutoryLimits,Statutory Limits,,matchOnce,must be present,,,non_compliant,Block Requirements,,,false,0,,2026-08-16
"Block Real Estate Services, LLC",69fdf75c62446148bd855f8b,69fded1f62446148bd849114,"Royal Gyros (Royal Donuts, LLC) / Ahed Kalifa",69fdf5c2e84e20262bb42483,"3rd979 - Belton Towne Center {Belton MO Properties, LLC}",evidenceOfInsurance,Evidence of Insurance,workersCompensation,Workers' Compensation and Employer's Liability,evidenceOfInsuranceWorkersCompensationEmployersLiabilityEachAccident,Employer's Liability Each Accident,,matchOnce,must be greater or equal to,500000,,non_compliant,Block Requirements,,,false,0,,2026-08-16
"Block Real Estate Services, LLC",69fdf75c62446148bd855f8b,69fded1f62446148bd849114,"Royal Gyros (Royal Donuts, LLC) / Ahed Kalifa",69fdf5c2e84e20262bb42483,"3rd979 - Belton Towne Center {Belton MO Properties, LLC}",evidenceOfInsurance,Evidence of Insurance,workersCompensation,Workers' Compensation and Employer's Liability,evidenceOfInsuranceWorkersCompensationEmployersLiabilityDiseaseEachEmployee,Employer's Liability Disease - each employee,,matchOnce,must be greater or equal to,500000,,non_compliant,Block Requirements,,,false,0,,2026-08-16
"Block Real Estate Services, LLC",69fdf75c62446148bd855f8b,69fded1f62446148bd849114,"Royal Gyros (Royal Donuts, LLC) / Ahed Kalifa",69fdf5c2e84e20262bb42483,"3rd979 - Belton Towne Center {Belton MO Properties, LLC}",evidenceOfInsurance,Evidence of Insurance,workersCompensation,Workers' Compensation and Employer's Liability,evidenceOfInsuranceWorkersCompensationEmployersLiabilityDiseasePolicyLimit,Employer's Liability Disease - policy limit,,matchOnce,must be greater or equal to,500000,,non_compliant,Block Requirements,,,false,0,,2026-08-16
"Block Real Estate Services, LLC",69fdf75c62446148bd855f8b,69fded1f62446148bd849114,"Royal Gyros (Royal Donuts, LLC) / Ahed Kalifa",69fdf5c2e84e20262bb42483,"3rd979 - Belton Towne Center {Belton MO Properties, LLC}",evidenceOfInsurance,Evidence of Insurance,workersCompensation,Workers' Compensation and Employer's Liability,evidenceOfInsuranceWorkersCompensationWaiverOfSubrogationEndorsement,Waiver of Subrogation,"---prompt---
Determine if the insurer has waived their right of subrogation in favor of the certificate holder under the Workers' Compensation policy. Evidence may include: a checked ""Waiver of Subrogation"" box on the certificate, mention in the Description of Operations section stating ""waiver of subrogation applies"", or reference to form WC 00 03 13. Look for language like ""subrogation is waived"" or ""per written contract"".",matchOnce,must be present,,,non_compliant,Block Requirements,,,false,0,,2026-08-16
"Block Real Estate Services, LLC",69fdf75c62446148bd855f8b,69fded1f62446148bd849114,"Royal Gyros (Royal Donuts, LLC) / Ahed Kalifa",69fdf5c2e84e20262bb42483,"3rd979 - Belton Towne Center {Belton MO Properties, LLC}",evidenceOfInsurance,Evidence of Insurance,6ac20aae-5728-5d57-b364-aeba38527dba,Additional Requirements,4da5b0f1-4c9d-5885-8cf8-5d3cccaed3e0,"Block Real Estate Services, LLC and all others required by contract are named as Additional Insureds","---prompt---
Determine if the Description of Operations or the Additional Remarks Schedule section states the ""Additional Insured as Construction Management, Inc. and all others required by contract"" or reference to blanket additional insured coverage. Look for language like ""certificate holder is additional insured"" or ""per written contract"".",matchOnce,must be present,,,non_compliant,Block Requirements,,,true,0,,2026-08-16
"Block Real Estate Services, LLC",69fdf75c62446148bd855f8b,69fded1f62446148bd849114,"Royal Gyros (Royal Donuts, LLC) / Ahed Kalifa",69fdf5c2e84e20262bb42483,"3rd979 - Belton Towne Center {Belton MO Properties, LLC}",evidenceOfInsurance,Evidence of Insurance,6ac20aae-5728-5d57-b364-aeba38527dba,Additional Requirements,e1017741-e47e-5f58-97b8-fbc3043e919f,Umbrella follows form over General Liability,"---prompt---
Determine if the Umbrella/Excess Liability policy follows form to the underlying policies. Evidence may include: language in the Description of Operations section stating the umbrella follows form to underlying coverages or an additional page endorsement stating that it follows form. Follow form means the umbrella policy adopts the same terms, conditions, and exclusions as the underlying policies.",matchOnce,must be present,,,non_compliant,Block Requirements,,,true,0,,2026-08-16
"Block Real Estate Services, LLC",69fdf75c62446148bd855f8b,69fded1f62446148bd849114,"Royal Gyros (Royal Donuts, LLC) / Ahed Kalifa",69fdf5c2e84e20262bb42483,"3rd979 - Belton Towne Center {Belton MO Properties, LLC}",evidenceOfInsurance,Evidence of Insurance,6ac20aae-5728-5d57-b364-aeba38527dba,Additional Requirements,2cdd866f-c9a4-576a-afd8-1d045762790c,"The location must be listed as: 1316 E. North Avenue, Belton, MO, 64012",,matchOnce,must be present,,,non_compliant,Block Requirements,,,true,0,,2026-08-16
"Block Real Estate Services, LLC",69fdf75c62446148bd855f8b,69fded1f62446148bd849114,"Royal Gyros (Royal Donuts, LLC) / Ahed Kalifa",69fdf5c2e84e20262bb42483,"3rd979 - Belton Towne Center {Belton MO Properties, LLC}",evidenceOfInsurance,Evidence of Insurance,6ac20aae-5728-5d57-b364-aeba38527dba,Additional Requirements,3649e9d1-4e09-59bf-8f30-cb33c40cf117,"Certificate Holder must read: c/o Block Real Estate Services, LLC, 4622 Pennsylvania St., Suite 700, Kansas City, MO, 64112",,matchOnce,must be present,,,non_compliant,Block Requirements,,,true,0,,2026-08-16
"Block Real Estate Services, LLC",69fdf75c62446148bd855f89,69fded1a62446148bd848f6d,Mattress Firm Inc,69fdf5c2e84e20262bb42483,"3rd979 - Belton Towne Center {Belton MO Properties, LLC}",evidenceOfInsurance,Evidence of Insurance,commercialGeneralLiability,Commercial General Liability,evidenceOfInsuranceCommercialGeneralLiabilityCoverageTriggerOccurrence,Coverage Trigger: Occurrence,,matchOnce,must be present,,Present,compliant,Block Requirements,,,false,1,,2026-08-16
"Block Real Estate Services, LLC",69fdf75c62446148bd855f89,69fded1a62446148bd848f6d,Mattress Firm Inc,69fdf5c2e84e20262bb42483,"3rd979 - Belton Towne Center {Belton MO Properties, LLC}",evidenceOfInsurance,Evidence of Insurance,commercialGeneralLiability,Commercial General Liability,evidenceOfInsuranceCommercialGeneralLiabilityGeneralAggregateLimitAppliesPerLocation,General Aggregate Limit Applies per: Location,,matchOnce,must be present,,Present,compliant,Block Requirements,,,false,1,,2026-08-16
"Block Real Estate Services, LLC",69fdf75c62446148bd855f89,69fded1a62446148bd848f6d,Mattress Firm Inc,69fdf5c2e84e20262bb42483,"3rd979 - Belton Towne Center {Belton MO Properties, LLC}",evidenceOfInsurance,Evidence of Insurance,commercialGeneralLiability,Commercial General Liability,evidenceOfInsuranceCommercialGeneralLiabilityEachOccurrence,Each Occurrence,,matchOnce,must be greater or equal to,1000000,2000000,compliant,Block Requirements,,,false,1,,2026-08-16
"Block Real Estate Services, LLC",69fdf75c62446148bd855f89,69fded1a62446148bd848f6d,Mattress Firm Inc,69fdf5c2e84e20262bb42483,"3rd979 - Belton Towne Center {Belton MO Properties, LLC}",evidenceOfInsurance,Evidence of Insurance,commercialGeneralLiability,Commercial General Liability,evidenceOfInsuranceCommercialGeneralLiabilityGeneralAggregate,General Aggregate,,matchOnce,must be greater or equal to,2000000,4000000,compliant,Block Requirements,,,false,1,,2026-08-16
"Block Real Estate Services, LLC",69fdf75c62446148bd855f89,69fded1a62446148bd848f6d,Mattress Firm Inc,69fdf5c2e84e20262bb42483,"3rd979 - Belton Towne Center {Belton MO Properties, LLC}",evidenceOfInsurance,Evidence of Insurance,commercialGeneralLiability,Commercial General Liability,evidenceOfInsuranceCommercialGeneralLiabilityWaiverOfSubrogationEndorsement,Waiver of Subrogation,"---prompt---
Determine if the insurer has waived their right of subrogation in favor of the certificate holder under the Commercial General Liability policy. Evidence may include: a checked ""Waiver of Subrogation"" box on the certificate, mention in the Description of Operations section stating ""waiver of subrogation applies"", or reference to form CG 24 04. Look for language like ""subrogation is waived"" or ""per written contract"".",matchOnce,must be present,,Present,compliant,Block Requirements,,,false,1,,2026-08-16
"Block Real Estate Services, LLC",69fdf75c62446148bd855f89,69fded1a62446148bd848f6d,Mattress Firm Inc,69fdf5c2e84e20262bb42483,"3rd979 - Belton Towne Center {Belton MO Properties, LLC}",evidenceOfInsurance,Evidence of Insurance,excessOrUmbrellaLiability,Umbrella/Excess Liability,evidenceOfInsuranceExcessOrUmbrellaLiabilityOccurence,Coverage Trigger: Occurrence,,matchOnce,must be present,,Present,compliant,Block Requirements,,,false,1,,2026-08-16
"Block Real Estate Services, LLC",69fdf75c62446148bd855f89,69fded1a62446148bd848f6d,Mattress Firm Inc,69fdf5c2e84e20262bb42483,"3rd979 - Belton Towne Center {Belton MO Properties, LLC}",evidenceOfInsurance,Evidence of Insurance,excessOrUmbrellaLiability,Umbrella/Excess Liability,evidenceOfInsuranceExcessOrUmbrellaLiabilityEachOccurrence,Each Occurrence,,matchOnce,must be greater or equal to,1000000,15000000,compliant,Block Requirements,,,false,1,,2026-08-16
"Block Real Estate Services, LLC",69fdf75c62446148bd855f89,69fded1a62446148bd848f6d,Mattress Firm Inc,69fdf5c2e84e20262bb42483,"3rd979 - Belton Towne Center {Belton MO Properties, LLC}",evidenceOfInsurance,Evidence of Insurance,excessOrUmbrellaLiability,Umbrella/Excess Liability,evidenceOfInsuranceExcessOrUmbrellaLiabilityAggregate,Aggregate,,matchOnce,must be greater or equal to,1000000,15000000,compliant,Block Requirements,,,false,1,,2026-08-16
"Block Real Estate Services, LLC",69fdf75c62446148bd855f89,69fded1a62446148bd848f6d,Mattress Firm Inc,69fdf5c2e84e20262bb42483,"3rd979 - Belton Towne Center {Belton MO Properties, LLC}",evidenceOfInsurance,Evidence of Insurance,workersCompensation,Workers' Compensation and Employer's Liability,evidenceOfInsuranceWorkersCompensationStatutoryLimits,Statutory Limits,,matchOnce,must be present,,Present,compliant,Block Requirements,,,false,1,,2026-08-16
"Block Real Estate Services, LLC",69fdf75c62446148bd855f89,69fded1a62446148bd848f6d,Mattress Firm Inc,69fdf5c2e84e20262bb42483,"3rd979 - Belton Towne Center {Belton MO Properties, LLC}",evidenceOfInsurance,Evidence of Insurance,workersCompensation,Workers' Compensation and Employer's Liability,evidenceOfInsuranceWorkersCompensationEmployersLiabilityEachAccident,Employer's Liability Each Accident,,matchOnce,must be greater or equal to,500000,1000000,compliant,Block Requirements,,,false,1,,2026-08-16
"Block Real Estate Services, LLC",69fdf75c62446148bd855f89,69fded1a62446148bd848f6d,Mattress Firm Inc,69fdf5c2e84e20262bb42483,"3rd979 - Belton Towne Center {Belton MO Properties, LLC}",evidenceOfInsurance,Evidence of Insurance,workersCompensation,Workers' Compensation and Employer's Liability,evidenceOfInsuranceWorkersCompensationEmployersLiabilityDiseaseEachEmployee,Employer's Liability Disease - each employee,,matchOnce,must be greater or equal to,500000,1000000,compliant,Block Requirements,,,false,1,,2026-08-16
"Block Real Estate Services, LLC",69fdf75c62446148bd855f89,69fded1a62446148bd848f6d,Mattress Firm Inc,69fdf5c2e84e20262bb42483,"3rd979 - Belton Towne Center {Belton MO Properties, LLC}",evidenceOfInsurance,Evidence of Insurance,workersCompensation,Workers' Compensation and Employer's Liability,evidenceOfInsuranceWorkersCompensationEmployersLiabilityDiseasePolicyLimit,Employer's Liability Disease - policy limit,,matchOnce,must be greater or equal to,500000,1000000,compliant,Block Requirements,,,false,1,,2026-08-16
"Block Real Estate Services, LLC",69fdf75c62446148bd855f89,69fded1a62446148bd848f6d,Mattress Firm Inc,69fdf5c2e84e20262bb42483,"3rd979 - Belton Towne Center {Belton MO Properties, LLC}",evidenceOfInsurance,Evidence of Insurance,workersCompensation,Workers' Compensation and Employer's Liability,evidenceOfInsuranceWorkersCompensationWaiverOfSubrogationEndorsement,Waiver of Subrogation,"---prompt---
Determine if the insurer has waived their right of subrogation in favor of the certificate holder under the Workers' Compensation policy. Evidence may include: a checked ""Waiver of Subrogation"" box on the certificate, mention in the Description of Operations section stating ""waiver of subrogation applies"", or reference to form WC 00 03 13. Look for language like ""subrogation is waived"" or ""per written contract"".",matchOnce,must be present,,Present,compliant,Block Requirements,,,false,1,,2026-08-16
"Block Real Estate Services, LLC",69fdf75c62446148bd855f89,69fded1a62446148bd848f6d,Mattress Firm Inc,69fdf5c2e84e20262bb42483,"3rd979 - Belton Towne Center {Belton MO Properties, LLC}",evidenceOfInsurance,Evidence of Insurance,6ac20aae-5728-5d57-b364-aeba38527dba,Additional Requirements,4da5b0f1-4c9d-5885-8cf8-5d3cccaed3e0,"Block Real Estate Services, LLC and all others required by contract are named as Additional Insureds","---prompt---
Determine if the Description of Operations or the Additional Remarks Schedule section states the ""Additional Insured as Construction Management, Inc. and all others required by contract"" or reference to blanket additional insured coverage. Look for language like ""certificate holder is additional insured"" or ""per written contract"".",matchOnce,must be present,,Present,compliant,Block Requirements,,,true,1,,2026-08-16
"Block Real Estate Services, LLC",69fdf75c62446148bd855f89,69fded1a62446148bd848f6d,Mattress Firm Inc,69fdf5c2e84e20262bb42483,"3rd979 - Belton Towne Center {Belton MO Properties, LLC}",evidenceOfInsurance,Evidence of Insurance,6ac20aae-5728-5d57-b364-aeba38527dba,Additional Requirements,e1017741-e47e-5f58-97b8-fbc3043e919f,Umbrella follows form over General Liability,"---prompt---
Determine if the Umbrella/Excess Liability policy follows form to the underlying policies. Evidence may include: language in the Description of Operations section stating the umbrella follows form to underlying coverages or an additional page endorsement stating that it follows form. Follow form means the umbrella policy adopts the same terms, conditions, and exclusions as the underlying policies.",matchOnce,must be present,,,overridden,Block Requirements,GL $2M/$4M meets Umbrella requirement,,true,0,2027-07-01,2026-08-16
"Block Real Estate Services, LLC",69fdf75c62446148bd855f89,69fded1a62446148bd848f6d,Mattress Firm Inc,69fdf5c2e84e20262bb42483,"3rd979 - Belton Towne Center {Belton MO Properties, LLC}",evidenceOfInsurance,Evidence of Insurance,6ac20aae-5728-5d57-b364-aeba38527dba,Additional Requirements,2cdd866f-c9a4-576a-afd8-1d045762790c,"The location must be listed as: 1314 E. North Avenue, Belton, MO, 64012",,matchOnce,must be present,,Present,compliant,Block Requirements,,,true,1,,2026-08-16
"Block Real Estate Services, LLC",69fdf75c62446148bd855f89,69fded1a62446148bd848f6d,Mattress Firm Inc,69fdf5c2e84e20262bb42483,"3rd979 - Belton Towne Center {Belton MO Properties, LLC}",evidenceOfInsurance,Evidence of Insurance,6ac20aae-5728-5d57-b364-aeba38527dba,Additional Requirements,3649e9d1-4e09-59bf-8f30-cb33c40cf117,"Certificate Holder must read: c/o Block Real Estate Services, LLC, 4622 Pennsylvania St., Suite 700, Kansas City, MO, 64112",,matchOnce,must be present,,Present,compliant,Block Requirements,,,true,1,,2026-08-16
"Block Real Estate Services, LLC",69fdf75c62446148bd855f8c,69fded2462446148bd8492c1,World Acceptance Corporation / World Finance,69fdf5c2e84e20262bb42483,"3rd979 - Belton Towne Center {Belton MO Properties, LLC}",evidenceOfInsurance,Evidence of Insurance,commercialGeneralLiability,Commercial General Liability,evidenceOfInsuranceCommercialGeneralLiabilityCoverageTriggerOccurrence,Coverage Trigger: Occurrence,,matchOnce,must be present,,Present,compliant,Block Requirements,,,false,1,,2026-08-16
"Block Real Estate Services, LLC",69fdf75c62446148bd855f8c,69fded2462446148bd8492c1,World Acceptance Corporation / World Finance,69fdf5c2e84e20262bb42483,"3rd979 - Belton Towne Center {Belton MO Properties, LLC}",evidenceOfInsurance,Evidence of Insurance,commercialGeneralLiability,Commercial General Liability,evidenceOfInsuranceCommercialGeneralLiabilityGeneralAggregateLimitAppliesPerLocation,General Aggregate Limit Applies per: Location,,matchOnce,must be present,,,waived,Block Requirements,Per location not a requirement in the lease,,false,0,,2026-08-16
"Block Real Estate Services, LLC",69fdf75c62446148bd855f8c,69fded2462446148bd8492c1,World Acceptance Corporation / World Finance,69fdf5c2e84e20262bb42483,"3rd979 - Belton Towne Center {Belton MO Properties, LLC}",evidenceOfInsurance,Evidence of Insurance,commercialGeneralLiability,Commercial General Liability,evidenceOfInsuranceCommercialGeneralLiabilityEachOccurrence,Each Occurrence,,matchOnce,must be greater or equal to,1000000,1000000,compliant,Block Requirements,,,false,1,,2026-08-16
"Block Real Estate Services, LLC",69fdf75c62446148bd855f8c,69fded2462446148bd8492c1,World Acceptance Corporation / World Finance,69fdf5c2e84e20262bb42483,"3rd979 - Belton Towne Center {Belton MO Properties, LLC}",evidenceOfInsurance,Evidence of Insurance,commercialGeneralLiability,Commercial General Liability,evidenceOfInsuranceCommercialGeneralLiabilityGeneralAggregate,General Aggregate,,matchOnce,must be greater or equal to,2000000,2000000,compliant,Block Requirements,,,false,1,,2026-08-16
"Block Real Estate Services, LLC",69fdf75c62446148bd855f8c,69fded2462446148bd8492c1,World Acceptance Corporation / World Finance,69fdf5c2e84e20262bb42483,"3rd979 - Belton Towne Center {Belton MO Properties, LLC}",evidenceOfInsurance,Evidence of Insurance,commercialGeneralLiability,Commercial General Liability,evidenceOfInsuranceCommercialGeneralLiabilityWaiverOfSubrogationEndorsement,Waiver of Subrogation,"---prompt---
Determine if the insurer has waived their right of subrogation in favor of the certificate holder under the Commercial General Liability policy. Evidence may include: a checked ""Waiver of Subrogation"" box on the certificate, mention in the Description of Operations section stating ""waiver of subrogation applies"", or reference to form CG 24 04. Look for language like ""subrogation is waived"" or ""per written contract"".",matchOnce,must be present,,Present,compliant,Block Requirements,,,false,1,,2026-08-16
"Block Real Estate Services, LLC",69fdf75c62446148bd855f8c,69fded2462446148bd8492c1,World Acceptance Corporation / World Finance,69fdf5c2e84e20262bb42483,"3rd979 - Belton Towne Center {Belton MO Properties, LLC}",evidenceOfInsurance,Evidence of Insurance,excessOrUmbrellaLiability,Umbrella/Excess Liability,evidenceOfInsuranceExcessOrUmbrellaLiabilityOccurence,Coverage Trigger: Occurrence,,matchOnce,must be present,,Present,waived,Block Requirements,,,false,1,,2026-08-16
"Block Real Estate Services, LLC",69fdf75c62446148bd855f8c,69fded2462446148bd8492c1,World Acceptance Corporation / World Finance,69fdf5c2e84e20262bb42483,"3rd979 - Belton Towne Center {Belton MO Properties, LLC}",evidenceOfInsurance,Evidence of Insurance,excessOrUmbrellaLiability,Umbrella/Excess Liability,evidenceOfInsuranceExcessOrUmbrellaLiabilityEachOccurrence,Each Occurrence,,matchOnce,must be greater or equal to,1000000,10000000,waived,Block Requirements,,,false,1,,2026-08-16
"Block Real Estate Services, LLC",69fdf75c62446148bd855f8c,69fded2462446148bd8492c1,World Acceptance Corporation / World Finance,69fdf5c2e84e20262bb42483,"3rd979 - Belton Towne Center {Belton MO Properties, LLC}",evidenceOfInsurance,Evidence of Insurance,excessOrUmbrellaLiability,Umbrella/Excess Liability,evidenceOfInsuranceExcessOrUmbrellaLiabilityAggregate,Aggregate,,matchOnce,must be greater or equal to,1000000,10000000,waived,Block Requirements,,,false,1,,2026-08-16
"Block Real Estate Services, LLC",69fdf75c62446148bd855f8c,69fded2462446148bd8492c1,World Acceptance Corporation / World Finance,69fdf5c2e84e20262bb42483,"3rd979 - Belton Towne Center {Belton MO Properties, LLC}",evidenceOfInsurance,Evidence of Insurance,workersCompensation,Workers' Compensation and Employer's Liability,evidenceOfInsuranceWorkersCompensationStatutoryLimits,Statutory Limits,,matchOnce,must be present,,Present,waived,Block Requirements,,,false,1,,2026-08-16
"Block Real Estate Services, LLC",69fdf75c62446148bd855f8c,69fded2462446148bd8492c1,World Acceptance Corporation / World Finance,69fdf5c2e84e20262bb42483,"3rd979 - Belton Towne Center {Belton MO Properties, LLC}",evidenceOfInsurance,Evidence of Insurance,workersCompensation,Workers' Compensation and Employer's Liability,evidenceOfInsuranceWorkersCompensationEmployersLiabilityEachAccident,Employer's Liability Each Accident,,matchOnce,must be greater or equal to,500000,1000000,waived,Block Requirements,,,false,1,,2026-08-16
"Block Real Estate Services, LLC",69fdf75c62446148bd855f8c,69fded2462446148bd8492c1,World Acceptance Corporation / World Finance,69fdf5c2e84e20262bb42483,"3rd979 - Belton Towne Center {Belton MO Properties, LLC}",evidenceOfInsurance,Evidence of Insurance,workersCompensation,Workers' Compensation and Employer's Liability,evidenceOfInsuranceWorkersCompensationEmployersLiabilityDiseaseEachEmployee,Employer's Liability Disease - each employee,,matchOnce,must be greater or equal to,500000,1000000,waived,Block Requirements,,,false,1,,2026-08-16
"Block Real Estate Services, LLC",69fdf75c62446148bd855f8c,69fded2462446148bd8492c1,World Acceptance Corporation / World Finance,69fdf5c2e84e20262bb42483,"3rd979 - Belton Towne Center {Belton MO Properties, LLC}",evidenceOfInsurance,Evidence of Insurance,workersCompensation,Workers' Compensation and Employer's Liability,evidenceOfInsuranceWorkersCompensationEmployersLiabilityDiseasePolicyLimit,Employer's Liability Disease - policy limit,,matchOnce,must be greater or equal to,500000,1000000,waived,Block Requirements,,,false,1,,2026-08-16
"Block Real Estate Services, LLC",69fdf75c62446148bd855f8c,69fded2462446148bd8492c1,World Acceptance Corporation / World Finance,69fdf5c2e84e20262bb42483,"3rd979 - Belton Towne Center {Belton MO Properties, LLC}",evidenceOfInsurance,Evidence of Insurance,workersCompensation,Workers' Compensation and Employer's Liability,evidenceOfInsuranceWorkersCompensationWaiverOfSubrogationEndorsement,Waiver of Subrogation,"---prompt---
Determine if the insurer has waived their right of subrogation in favor of the certificate holder under the Workers' Compensation policy. Evidence may include: a checked ""Waiver of Subrogation"" box on the certificate, mention in the Description of Operations section stating ""waiver of subrogation applies"", or reference to form WC 00 03 13. Look for language like ""subrogation is waived"" or ""per written contract"".",matchOnce,must be present,,,waived,Block Requirements,,,false,0,,2026-08-16
"Block Real Estate Services, LLC",69fdf75c62446148bd855f8c,69fded2462446148bd8492c1,World Acceptance Corporation / World Finance,69fdf5c2e84e20262bb42483,"3rd979 - Belton Towne Center {Belton MO Properties, LLC}",evidenceOfInsurance,Evidence of Insurance,6ac20aae-5728-5d57-b364-aeba38527dba,Additional Requirements,4da5b0f1-4c9d-5885-8cf8-5d3cccaed3e0,"Block Real Estate Services, LLC and all others required by contract are named as Additional Insureds","---prompt---
Determine if the Description of Operations or the Additional Remarks Schedule section states the ""Additional Insured as Construction Management, Inc. and all others required by contract"" or reference to blanket additional insured coverage. Look for language like ""certificate holder is additional insured"" or ""per written contract"".",matchOnce,must be present,,Present,compliant,Block Requirements,,,true,1,,2026-08-16
"Block Real Estate Services, LLC",69fdf75c62446148bd855f8c,69fded2462446148bd8492c1,World Acceptance Corporation / World Finance,69fdf5c2e84e20262bb42483,"3rd979 - Belton Towne Center {Belton MO Properties, LLC}",evidenceOfInsurance,Evidence of Insurance,6ac20aae-5728-5d57-b364-aeba38527dba,Additional Requirements,e1017741-e47e-5f58-97b8-fbc3043e919f,Umbrella follows form over General Liability,"---prompt---
Determine if the Umbrella/Excess Liability policy follows form to the underlying policies. Evidence may include: language in the Description of Operations section stating the umbrella follows form to underlying coverages or an additional page endorsement stating that it follows form. Follow form means the umbrella policy adopts the same terms, conditions, and exclusions as the underlying policies.",matchOnce,must be present,,,waived,Block Requirements,Umbrella Liability not a requirement in the lease,,true,0,,2026-08-16
"Block Real Estate Services, LLC",69fdf75c62446148bd855f8c,69fded2462446148bd8492c1,World Acceptance Corporation / World Finance,69fdf5c2e84e20262bb42483,"3rd979 - Belton Towne Center {Belton MO Properties, LLC}",evidenceOfInsurance,Evidence of Insurance,6ac20aae-5728-5d57-b364-aeba38527dba,Additional Requirements,2cdd866f-c9a4-576a-afd8-1d045762790c,"The location must be listed as: 1318 E. North Avenue, Belton, MO, 64012",,matchOnce,must be present,,Present,compliant,Block Requirements,,,true,1,,2026-08-16
"Block Real Estate Services, LLC",69fdf75c62446148bd855f8c,69fded2462446148bd8492c1,World Acceptance Corporation / World Finance,69fdf5c2e84e20262bb42483,"3rd979 - Belton Towne Center {Belton MO Properties, LLC}",evidenceOfInsurance,Evidence of Insurance,6ac20aae-5728-5d57-b364-aeba38527dba,Additional Requirements,3649e9d1-4e09-59bf-8f30-cb33c40cf117,"Certificate Holder must read: c/o Block Real Estate Services, LLC, 4622 Pennsylvania St., Suite 700, Kansas City, MO, 64112",,matchOnce,must be present,,Present,compliant,Block Requirements,,,true,1,,2026-08-16
"Block Real Estate Services, LLC",69fdf75c62446148bd855f8a,69fded1d62446148bd849054,Papa Murphy's / Papa's Partners,69fdf5c2e84e20262bb42483,"3rd979 - Belton Towne Center {Belton MO Properties, LLC}",evidenceOfInsurance,Evidence of Insurance,commercialGeneralLiability,Commercial General Liability,evidenceOfInsuranceCommercialGeneralLiabilityCoverageTriggerOccurrence,Coverage Trigger: Occurrence,,matchOnce,must be present,,Present,compliant,Block Requirements,,,false,1,,2026-08-16
"Block Real Estate Services, LLC",69fdf75c62446148bd855f8a,69fded1d62446148bd849054,Papa Murphy's / Papa's Partners,69fdf5c2e84e20262bb42483,"3rd979 - Belton Towne Center {Belton MO Properties, LLC}",evidenceOfInsurance,Evidence of Insurance,commercialGeneralLiability,Commercial General Liability,evidenceOfInsuranceCommercialGeneralLiabilityGeneralAggregateLimitAppliesPerLocation,General Aggregate Limit Applies per: Location,,matchOnce,must be present,,Present,compliant,Block Requirements,,,false,1,,2026-08-16
"Block Real Estate Services, LLC",69fdf75c62446148bd855f8a,69fded1d62446148bd849054,Papa Murphy's / Papa's Partners,69fdf5c2e84e20262bb42483,"3rd979 - Belton Towne Center {Belton MO Properties, LLC}",evidenceOfInsurance,Evidence of Insurance,commercialGeneralLiability,Commercial General Liability,evidenceOfInsuranceCommercialGeneralLiabilityEachOccurrence,Each Occurrence,,matchOnce,must be greater or equal to,1000000,1000000,compliant,Block Requirements,,,false,1,,2026-08-16
"Block Real Estate Services, LLC",69fdf75c62446148bd855f8a,69fded1d62446148bd849054,Papa Murphy's / Papa's Partners,69fdf5c2e84e20262bb42483,"3rd979 - Belton Towne Center {Belton MO Properties, LLC}",evidenceOfInsurance,Evidence of Insurance,commercialGeneralLiability,Commercial General Liability,evidenceOfInsuranceCommercialGeneralLiabilityGeneralAggregate,General Aggregate,,matchOnce,must be greater or equal to,2000000,2000000,compliant,Block Requirements,,,false,1,,2026-08-16
"Block Real Estate Services, LLC",69fdf75c62446148bd855f8a,69fded1d62446148bd849054,Papa Murphy's / Papa's Partners,69fdf5c2e84e20262bb42483,"3rd979 - Belton Towne Center {Belton MO Properties, LLC}",evidenceOfInsurance,Evidence of Insurance,commercialGeneralLiability,Commercial General Liability,evidenceOfInsuranceCommercialGeneralLiabilityWaiverOfSubrogationEndorsement,Waiver of Subrogation,"---prompt---
Determine if the insurer has waived their right of subrogation in favor of the certificate holder under the Commercial General Liability policy. Evidence may include: a checked ""Waiver of Subrogation"" box on the certificate, mention in the Description of Operations section stating ""waiver of subrogation applies"", or reference to form CG 24 04. Look for language like ""subrogation is waived"" or ""per written contract"".",matchOnce,must be present,,Present,compliant,Block Requirements,,,false,1,,2026-08-16
"Block Real Estate Services, LLC",69fdf75c62446148bd855f8a,69fded1d62446148bd849054,Papa Murphy's / Papa's Partners,69fdf5c2e84e20262bb42483,"3rd979 - Belton Towne Center {Belton MO Properties, LLC}",evidenceOfInsurance,Evidence of Insurance,excessOrUmbrellaLiability,Umbrella/Excess Liability,evidenceOfInsuranceExcessOrUmbrellaLiabilityOccurence,Coverage Trigger: Occurrence,,matchOnce,must be present,,Present,compliant,Block Requirements,,,false,1,,2026-08-16
"Block Real Estate Services, LLC",69fdf75c62446148bd855f8a,69fded1d62446148bd849054,Papa Murphy's / Papa's Partners,69fdf5c2e84e20262bb42483,"3rd979 - Belton Towne Center {Belton MO Properties, LLC}",evidenceOfInsurance,Evidence of Insurance,excessOrUmbrellaLiability,Umbrella/Excess Liability,evidenceOfInsuranceExcessOrUmbrellaLiabilityEachOccurrence,Each Occurrence,,matchOnce,must be greater or equal to,1000000,2000000,compliant,Block Requirements,,,false,1,,2026-08-16
"Block Real Estate Services, LLC",69fdf75c62446148bd855f8a,69fded1d62446148bd849054,Papa Murphy's / Papa's Partners,69fdf5c2e84e20262bb42483,"3rd979 - Belton Towne Center {Belton MO Properties, LLC}",evidenceOfInsurance,Evidence of Insurance,excessOrUmbrellaLiability,Umbrella/Excess Liability,evidenceOfInsuranceExcessOrUmbrellaLiabilityAggregate,Aggregate,,matchOnce,must be greater or equal to,1000000,2000000,compliant,Block Requirements,,,false,1,,2026-08-16
"Block Real Estate Services, LLC",69fdf75c62446148bd855f8a,69fded1d62446148bd849054,Papa Murphy's / Papa's Partners,69fdf5c2e84e20262bb42483,"3rd979 - Belton Towne Center {Belton MO Properties, LLC}",evidenceOfInsurance,Evidence of Insurance,workersCompensation,Workers' Compensation and Employer's Liability,evidenceOfInsuranceWorkersCompensationStatutoryLimits,Statutory Limits,,matchOnce,must be present,,Present,compliant,Block Requirements,,,false,1,,2026-08-16
"Block Real Estate Services, LLC",69fdf75c62446148bd855f8a,69fded1d62446148bd849054,Papa Murphy's / Papa's Partners,69fdf5c2e84e20262bb42483,"3rd979 - Belton Towne Center {Belton MO Properties, LLC}",evidenceOfInsurance,Evidence of Insurance,workersCompensation,Workers' Compensation and Employer's Liability,evidenceOfInsuranceWorkersCompensationEmployersLiabilityEachAccident,Employer's Liability Each Accident,,matchOnce,must be greater or equal to,500000,1000000,compliant,Block Requirements,,,false,1,,2026-08-16
"Block Real Estate Services, LLC",69fdf75c62446148bd855f8a,69fded1d62446148bd849054,Papa Murphy's / Papa's Partners,69fdf5c2e84e20262bb42483,"3rd979 - Belton Towne Center {Belton MO Properties, LLC}",evidenceOfInsurance,Evidence of Insurance,workersCompensation,Workers' Compensation and Employer's Liability,evidenceOfInsuranceWorkersCompensationEmployersLiabilityDiseaseEachEmployee,Employer's Liability Disease - each employee,,matchOnce,must be greater or equal to,500000,1000000,compliant,Block Requirements,,,false,1,,2026-08-16
"Block Real Estate Services, LLC",69fdf75c62446148bd855f8a,69fded1d62446148bd849054,Papa Murphy's / Papa's Partners,69fdf5c2e84e20262bb42483,"3rd979 - Belton Towne Center {Belton MO Properties, LLC}",evidenceOfInsurance,Evidence of Insurance,workersCompensation,Workers' Compensation and Employer's Liability,evidenceOfInsuranceWorkersCompensationEmployersLiabilityDiseasePolicyLimit,Employer's Liability Disease - policy limit,,matchOnce,must be greater or equal to,500000,1000000,compliant,Block Requirements,,,false,1,,2026-08-16
"Block Real Estate Services, LLC",69fdf75c62446148bd855f8a,69fded1d62446148bd849054,Papa Murphy's / Papa's Partners,69fdf5c2e84e20262bb42483,"3rd979 - Belton Towne Center {Belton MO Properties, LLC}",evidenceOfInsurance,Evidence of Insurance,workersCompensation,Workers' Compensation and Employer's Liability,evidenceOfInsuranceWorkersCompensationWaiverOfSubrogationEndorsement,Waiver of Subrogation,"---prompt---
Determine if the insurer has waived their right of subrogation in favor of the certificate holder under the Workers' Compensation policy. Evidence may include: a checked ""Waiver of Subrogation"" box on the certificate, mention in the Description of Operations section stating ""waiver of subrogation applies"", or reference to form WC 00 03 13. Look for language like ""subrogation is waived"" or ""per written contract"".",matchOnce,must be present,,Present,compliant,Block Requirements,,,false,1,,2026-08-16
"Block Real Estate Services, LLC",69fdf75c62446148bd855f8a,69fded1d62446148bd849054,Papa Murphy's / Papa's Partners,69fdf5c2e84e20262bb42483,"3rd979 - Belton Towne Center {Belton MO Properties, LLC}",evidenceOfInsurance,Evidence of Insurance,6ac20aae-5728-5d57-b364-aeba38527dba,Additional Requirements,4da5b0f1-4c9d-5885-8cf8-5d3cccaed3e0,"Block Real Estate Services, LLC and all others required by contract are named as Additional Insureds","---prompt---
Determine if the Description of Operations or the Additional Remarks Schedule section states the ""Additional Insured as Construction Management, Inc. and all others required by contract"" or reference to blanket additional insured coverage. Look for language like ""certificate holder is additional insured"" or ""per written contract"".",matchOnce,must be present,,Present,compliant,Block Requirements,,,true,1,,2026-08-16
"Block Real Estate Services, LLC",69fdf75c62446148bd855f8a,69fded1d62446148bd849054,Papa Murphy's / Papa's Partners,69fdf5c2e84e20262bb42483,"3rd979 - Belton Towne Center {Belton MO Properties, LLC}",evidenceOfInsurance,Evidence of Insurance,6ac20aae-5728-5d57-b364-aeba38527dba,Additional Requirements,e1017741-e47e-5f58-97b8-fbc3043e919f,Umbrella follows form over General Liability,"---prompt---
Determine if the Umbrella/Excess Liability policy follows form to the underlying policies. Evidence may include: language in the Description of Operations section stating the umbrella follows form to underlying coverages or an additional page endorsement stating that it follows form. Follow form means the umbrella policy adopts the same terms, conditions, and exclusions as the underlying policies.",matchOnce,must be present,,Present,compliant,Block Requirements,,,true,1,,2026-08-16
"Block Real Estate Services, LLC",69fdf75c62446148bd855f8a,69fded1d62446148bd849054,Papa Murphy's / Papa's Partners,69fdf5c2e84e20262bb42483,"3rd979 - Belton Towne Center {Belton MO Properties, LLC}",evidenceOfInsurance,Evidence of Insurance,6ac20aae-5728-5d57-b364-aeba38527dba,Additional Requirements,2cdd866f-c9a4-576a-afd8-1d045762790c,"The location must be listed as: 1320 E. North Avenue, Belton, MO, 64012",,matchOnce,must be present,,Present,compliant,Block Requirements,,,true,1,,2026-08-16
"Block Real Estate Services, LLC",69fdf75c62446148bd855f8a,69fded1d62446148bd849054,Papa Murphy's / Papa's Partners,69fdf5c2e84e20262bb42483,"3rd979 - Belton Towne Center {Belton MO Properties, LLC}",evidenceOfInsurance,Evidence of Insurance,6ac20aae-5728-5d57-b364-aeba38527dba,Additional Requirements,3649e9d1-4e09-59bf-8f30-cb33c40cf117,"Certificate Holder must read: c/o Block Real Estate Services, LLC, 4622 Pennsylvania St., Suite 700, Kansas City, MO, 64112",,matchOnce,must be present,,Present,compliant,Block Requirements,,,true,1,,2026-08-16
"Block Real Estate Services, LLC",69fdf75c62446148bd855f87,69fded0d62446148bd848b71,Anthony's Barber Shop / Anthony Vasquez,69fdf5c2e84e20262bb42483,"3rd979 - Belton Towne Center {Belton MO Properties, LLC}",evidenceOfInsurance,Evidence of Insurance,commercialGeneralLiability,Commercial General Liability,evidenceOfInsuranceCommercialGeneralLiabilityCoverageTriggerOccurrence,Coverage Trigger: Occurrence,,matchOnce,must be present,,,non_compliant,Block Requirements,,,false,0,,2026-08-16
"Block Real Estate Services, LLC",69fdf75c62446148bd855f87,69fded0d62446148bd848b71,Anthony's Barber Shop / Anthony Vasquez,69fdf5c2e84e20262bb42483,"3rd979 - Belton Towne Center {Belton MO Properties, LLC}",evidenceOfInsurance,Evidence of Insurance,commercialGeneralLiability,Commercial General Liability,evidenceOfInsuranceCommercialGeneralLiabilityGeneralAggregateLimitAppliesPerLocation,General Aggregate Limit Applies per: Location,,matchOnce,must be present,,,non_compliant,Block Requirements,,,false,0,,2026-08-16
"Block Real Estate Services, LLC",69fdf75c62446148bd855f87,69fded0d62446148bd848b71,Anthony's Barber Shop / Anthony Vasquez,69fdf5c2e84e20262bb42483,"3rd979 - Belton Towne Center {Belton MO Properties, LLC}",evidenceOfInsurance,Evidence of Insurance,commercialGeneralLiability,Commercial General Liability,evidenceOfInsuranceCommercialGeneralLiabilityEachOccurrence,Each Occurrence,,matchOnce,must be greater or equal to,1000000,,non_compliant,Block Requirements,,,false,0,,2026-08-16
"Block Real Estate Services, LLC",69fdf75c62446148bd855f87,69fded0d62446148bd848b71,Anthony's Barber Shop / Anthony Vasquez,69fdf5c2e84e20262bb42483,"3rd979 - Belton Towne Center {Belton MO Properties, LLC}",evidenceOfInsurance,Evidence of Insurance,commercialGeneralLiability,Commercial General Liability,evidenceOfInsuranceCommercialGeneralLiabilityGeneralAggregate,General Aggregate,,matchOnce,must be greater or equal to,2000000,,non_compliant,Block Requirements,,,false,0,,2026-08-16
"Block Real Estate Services, LLC",69fdf75c62446148bd855f87,69fded0d62446148bd848b71,Anthony's Barber Shop / Anthony Vasquez,69fdf5c2e84e20262bb42483,"3rd979 - Belton Towne Center {Belton MO Properties, LLC}",evidenceOfInsurance,Evidence of Insurance,commercialGeneralLiability,Commercial General Liability,evidenceOfInsuranceCommercialGeneralLiabilityWaiverOfSubrogationEndorsement,Waiver of Subrogation,"---prompt---
Determine if the insurer has waived their right of subrogation in favor of the certificate holder under the Commercial General Liability policy. Evidence may include: a checked ""Waiver of Subrogation"" box on the certificate, mention in the Description of Operations section stating ""waiver of subrogation applies"", or reference to form CG 24 04. Look for language like ""subrogation is waived"" or ""per written contract"".",matchOnce,must be present,,,non_compliant,Block Requirements,,,false,0,,2026-08-16
"Block Real Estate Services, LLC",69fdf75c62446148bd855f87,69fded0d62446148bd848b71,Anthony's Barber Shop / Anthony Vasquez,69fdf5c2e84e20262bb42483,"3rd979 - Belton Towne Center {Belton MO Properties, LLC}",evidenceOfInsurance,Evidence of Insurance,excessOrUmbrellaLiability,Umbrella/Excess Liability,evidenceOfInsuranceExcessOrUmbrellaLiabilityOccurence,Coverage Trigger: Occurrence,,matchOnce,must be present,,,non_compliant,Block Requirements,,,false,0,,2026-08-16
"Block Real Estate Services, LLC",69fdf75c62446148bd855f87,69fded0d62446148bd848b71,Anthony's Barber Shop / Anthony Vasquez,69fdf5c2e84e20262bb42483,"3rd979 - Belton Towne Center {Belton MO Properties, LLC}",evidenceOfInsurance,Evidence of Insurance,excessOrUmbrellaLiability,Umbrella/Excess Liability,evidenceOfInsuranceExcessOrUmbrellaLiabilityEachOccurrence,Each Occurrence,,matchOnce,must be greater or equal to,1000000,,non_compliant,Block Requirements,,,false,0,,2026-08-16
"Block Real Estate Services, LLC",69fdf75c62446148bd855f87,69fded0d62446148bd848b71,Anthony's Barber Shop / Anthony Vasquez,69fdf5c2e84e20262bb42483,"3rd979 - Belton Towne Center {Belton MO Properties, LLC}",evidenceOfInsurance,Evidence of Insurance,excessOrUmbrellaLiability,Umbrella/Excess Liability,evidenceOfInsuranceExcessOrUmbrellaLiabilityAggregate,Aggregate,,matchOnce,must be greater or equal to,1000000,,non_compliant,Block Requirements,,,false,0,,2026-08-16
"Block Real Estate Services, LLC",69fdf75c62446148bd855f87,69fded0d62446148bd848b71,Anthony's Barber Shop / Anthony Vasquez,69fdf5c2e84e20262bb42483,"3rd979 - Belton Towne Center {Belton MO Properties, LLC}",evidenceOfInsurance,Evidence of Insurance,workersCompensation,Workers' Compensation and Employer's Liability,evidenceOfInsuranceWorkersCompensationStatutoryLimits,Statutory Limits,,matchOnce,must be present,,,non_compliant,Block Requirements,,,false,0,,2026-08-16
"Block Real Estate Services, LLC",69fdf75c62446148bd855f87,69fded0d62446148bd848b71,Anthony's Barber Shop / Anthony Vasquez,69fdf5c2e84e20262bb42483,"3rd979 - Belton Towne Center {Belton MO Properties, LLC}",evidenceOfInsurance,Evidence of Insurance,workersCompensation,Workers' Compensation and Employer's Liability,evidenceOfInsuranceWorkersCompensationEmployersLiabilityEachAccident,Employer's Liability Each Accident,,matchOnce,must be greater or equal to,500000,,non_compliant,Block Requirements,,,false,0,,2026-08-16
"Block Real Estate Services, LLC",69fdf75c62446148bd855f87,69fded0d62446148bd848b71,Anthony's Barber Shop / Anthony Vasquez,69fdf5c2e84e20262bb42483,"3rd979 - Belton Towne Center {Belton MO Properties, LLC}",evidenceOfInsurance,Evidence of Insurance,workersCompensation,Workers' Compensation and Employer's Liability,evidenceOfInsuranceWorkersCompensationEmployersLiabilityDiseaseEachEmployee,Employer's Liability Disease - each employee,,matchOnce,must be greater or equal to,500000,,non_compliant,Block Requirements,,,false,0,,2026-08-16
"Block Real Estate Services, LLC",69fdf75c62446148bd855f87,69fded0d62446148bd848b71,Anthony's Barber Shop / Anthony Vasquez,69fdf5c2e84e20262bb42483,"3rd979 - Belton Towne Center {Belton MO Properties, LLC}",evidenceOfInsurance,Evidence of Insurance,workersCompensation,Workers' Compensation and Employer's Liability,evidenceOfInsuranceWorkersCompensationEmployersLiabilityDiseasePolicyLimit,Employer's Liability Disease - policy limit,,matchOnce,must be greater or equal to,500000,,non_compliant,Block Requirements,,,false,0,,2026-08-16
"Block Real Estate Services, LLC",69fdf75c62446148bd855f87,69fded0d62446148bd848b71,Anthony's Barber Shop / Anthony Vasquez,69fdf5c2e84e20262bb42483,"3rd979 - Belton Towne Center {Belton MO Properties, LLC}",evidenceOfInsurance,Evidence of Insurance,workersCompensation,Workers' Compensation and Employer's Liability,evidenceOfInsuranceWorkersCompensationWaiverOfSubrogationEndorsement,Waiver of Subrogation,"---prompt---
Determine if the insurer has waived their right of subrogation in favor of the certificate holder under the Workers' Compensation policy. Evidence may include: a checked ""Waiver of Subrogation"" box on the certificate, mention in the Description of Operations section stating ""waiver of subrogation applies"", or reference to form WC 00 03 13. Look for language like ""subrogation is waived"" or ""per written contract"".",matchOnce,must be present,,,non_compliant,Block Requirements,,,false,0,,2026-08-16
"Block Real Estate Services, LLC",69fdf75c62446148bd855f87,69fded0d62446148bd848b71,Anthony's Barber Shop / Anthony Vasquez,69fdf5c2e84e20262bb42483,"3rd979 - Belton Towne Center {Belton MO Properties, LLC}",evidenceOfInsurance,Evidence of Insurance,6ac20aae-5728-5d57-b364-aeba38527dba,Additional Requirements,4da5b0f1-4c9d-5885-8cf8-5d3cccaed3e0,"Block Real Estate Services, LLC and all others required by contract are named as Additional Insureds","---prompt---
Determine if the Description of Operations or the Additional Remarks Schedule section states the ""Additional Insured as Construction Management, Inc. and all others required by contract"" or reference to blanket additional insured coverage. Look for language like ""certificate holder is additional insured"" or ""per written contract"".",matchOnce,must be present,,,non_compliant,Block Requirements,,,true,0,,2026-08-16
"Block Real Estate Services, LLC",69fdf75c62446148bd855f87,69fded0d62446148bd848b71,Anthony's Barber Shop / Anthony Vasquez,69fdf5c2e84e20262bb42483,"3rd979 - Belton Towne Center {Belton MO Properties, LLC}",evidenceOfInsurance,Evidence of Insurance,6ac20aae-5728-5d57-b364-aeba38527dba,Additional Requirements,e1017741-e47e-5f58-97b8-fbc3043e919f,Umbrella follows form over General Liability,"---prompt---
Determine if the Umbrella/Excess Liability policy follows form to the underlying policies. Evidence may include: language in the Description of Operations section stating the umbrella follows form to underlying coverages or an additional page endorsement stating that it follows form. Follow form means the umbrella policy adopts the same terms, conditions, and exclusions as the underlying policies.",matchOnce,must be present,,,non_compliant,Block Requirements,,,true,0,,2026-08-16
"Block Real Estate Services, LLC",69fdf75c62446148bd855f87,69fded0d62446148bd848b71,Anthony's Barber Shop / Anthony Vasquez,69fdf5c2e84e20262bb42483,"3rd979 - Belton Towne Center {Belton MO Properties, LLC}",evidenceOfInsurance,Evidence of Insurance,6ac20aae-5728-5d57-b364-aeba38527dba,Additional Requirements,2cdd866f-c9a4-576a-afd8-1d045762790c,"The location must be listed as: 1312 E. North Avenue, Belton, MO, 64012",,matchOnce,must be present,,,non_compliant,Block Requirements,,,true,0,,2026-08-16
"Block Real Estate Services, LLC",69fdf75c62446148bd855f87,69fded0d62446148bd848b71,Anthony's Barber Shop / Anthony Vasquez,69fdf5c2e84e20262bb42483,"3rd979 - Belton Towne Center {Belton MO Properties, LLC}",evidenceOfInsurance,Evidence of Insurance,6ac20aae-5728-5d57-b364-aeba38527dba,Additional Requirements,3649e9d1-4e09-59bf-8f30-cb33c40cf117,"Certificate Holder must read: c/o Block Real Estate Services, LLC, 4622 Pennsylvania St., Suite 700, Kansas City, MO, 64112",,matchOnce,must be present,,,non_compliant,Block Requirements,,,true,0,,2026-08-16
"Block Real Estate Services, LLC",69fdf75c62446148bd855f88,69fded1362446148bd848d24,Dollar Tree #03352,69fdf5c2e84e20262bb42483,"3rd979 - Belton Towne Center {Belton MO Properties, LLC}",evidenceOfInsurance,Evidence of Insurance,commercialGeneralLiability,Commercial General Liability,evidenceOfInsuranceCommercialGeneralLiabilityCoverageTriggerOccurrence,Coverage Trigger: Occurrence,,matchOnce,must be present,,Present,compliant,Block Requirements,,,false,1,,2026-08-16
"Block Real Estate Services, LLC",69fdf75c62446148bd855f88,69fded1362446148bd848d24,Dollar Tree #03352,69fdf5c2e84e20262bb42483,"3rd979 - Belton Towne Center {Belton MO Properties, LLC}",evidenceOfInsurance,Evidence of Insurance,commercialGeneralLiability,Commercial General Liability,evidenceOfInsuranceCommercialGeneralLiabilityGeneralAggregateLimitAppliesPerLocation,General Aggregate Limit Applies per: Location,,matchOnce,must be present,,,waived,Block Requirements,Per location not a requirement in the lease,,false,0,,2026-08-16
"Block Real Estate Services, LLC",69fdf75c62446148bd855f88,69fded1362446148bd848d24,Dollar Tree #03352,69fdf5c2e84e20262bb42483,"3rd979 - Belton Towne Center {Belton MO Properties, LLC}",evidenceOfInsurance,Evidence of Insurance,commercialGeneralLiability,Commercial General Liability,evidenceOfInsuranceCommercialGeneralLiabilityEachOccurrence,Each Occurrence,,matchOnce,must be greater or equal to,1000000,4000000,compliant,Block Requirements,,,false,1,,2026-08-16
"Block Real Estate Services, LLC",69fdf75c62446148bd855f88,69fded1362446148bd848d24,Dollar Tree #03352,69fdf5c2e84e20262bb42483,"3rd979 - Belton Towne Center {Belton MO Properties, LLC}",evidenceOfInsurance,Evidence of Insurance,commercialGeneralLiability,Commercial General Liability,evidenceOfInsuranceCommercialGeneralLiabilityGeneralAggregate,General Aggregate,,matchOnce,must be greater or equal to,2000000,20000000,compliant,Block Requirements,,,false,1,,2026-08-16
"Block Real Estate Services, LLC",69fdf75c62446148bd855f88,69fded1362446148bd848d24,Dollar Tree #03352,69fdf5c2e84e20262bb42483,"3rd979 - Belton Towne Center {Belton MO Properties, LLC}",evidenceOfInsurance,Evidence of Insurance,commercialGeneralLiability,Commercial General Liability,evidenceOfInsuranceCommercialGeneralLiabilityWaiverOfSubrogationEndorsement,Waiver of Subrogation,"---prompt---
Determine if the insurer has waived their right of subrogation in favor of the certificate holder under the Commercial General Liability policy. Evidence may include: a checked ""Waiver of Subrogation"" box on the certificate, mention in the Description of Operations section stating ""waiver of subrogation applies"", or reference to form CG 24 04. Look for language like ""subrogation is waived"" or ""per written contract"".",matchOnce,must be present,,Present,compliant,Block Requirements,,,false,1,,2026-08-16
"Block Real Estate Services, LLC",69fdf75c62446148bd855f88,69fded1362446148bd848d24,Dollar Tree #03352,69fdf5c2e84e20262bb42483,"3rd979 - Belton Towne Center {Belton MO Properties, LLC}",evidenceOfInsurance,Evidence of Insurance,excessOrUmbrellaLiability,Umbrella/Excess Liability,evidenceOfInsuranceExcessOrUmbrellaLiabilityOccurence,Coverage Trigger: Occurrence,,matchOnce,must be present,,Present,waived,Block Requirements,,,false,1,,2026-08-16
"Block Real Estate Services, LLC",69fdf75c62446148bd855f88,69fded1362446148bd848d24,Dollar Tree #03352,69fdf5c2e84e20262bb42483,"3rd979 - Belton Towne Center {Belton MO Properties, LLC}",evidenceOfInsurance,Evidence of Insurance,excessOrUmbrellaLiability,Umbrella/Excess Liability,evidenceOfInsuranceExcessOrUmbrellaLiabilityEachOccurrence,Each Occurrence,,matchOnce,must be greater or equal to,1000000,10000000,waived,Block Requirements,,,false,1,,2026-08-16
"Block Real Estate Services, LLC",69fdf75c62446148bd855f88,69fded1362446148bd848d24,Dollar Tree #03352,69fdf5c2e84e20262bb42483,"3rd979 - Belton Towne Center {Belton MO Properties, LLC}",evidenceOfInsurance,Evidence of Insurance,excessOrUmbrellaLiability,Umbrella/Excess Liability,evidenceOfInsuranceExcessOrUmbrellaLiabilityAggregate,Aggregate,,matchOnce,must be greater or equal to,1000000,10000000,waived,Block Requirements,,,false,1,,2026-08-16
"Block Real Estate Services, LLC",69fdf75c62446148bd855f88,69fded1362446148bd848d24,Dollar Tree #03352,69fdf5c2e84e20262bb42483,"3rd979 - Belton Towne Center {Belton MO Properties, LLC}",evidenceOfInsurance,Evidence of Insurance,workersCompensation,Workers' Compensation and Employer's Liability,evidenceOfInsuranceWorkersCompensationStatutoryLimits,Statutory Limits,,matchOnce,must be present,,Present,waived,Block Requirements,,,false,1,,2026-08-16
"Block Real Estate Services, LLC",69fdf75c62446148bd855f88,69fded1362446148bd848d24,Dollar Tree #03352,69fdf5c2e84e20262bb42483,"3rd979 - Belton Towne Center {Belton MO Properties, LLC}",evidenceOfInsurance,Evidence of Insurance,workersCompensation,Workers' Compensation and Employer's Liability,evidenceOfInsuranceWorkersCompensationEmployersLiabilityEachAccident,Employer's Liability Each Accident,,matchOnce,must be greater or equal to,500000,1000000,waived,Block Requirements,,,false,1,,2026-08-16
"Block Real Estate Services, LLC",69fdf75c62446148bd855f88,69fded1362446148bd848d24,Dollar Tree #03352,69fdf5c2e84e20262bb42483,"3rd979 - Belton Towne Center {Belton MO Properties, LLC}",evidenceOfInsurance,Evidence of Insurance,workersCompensation,Workers' Compensation and Employer's Liability,evidenceOfInsuranceWorkersCompensationEmployersLiabilityDiseaseEachEmployee,Employer's Liability Disease - each employee,,matchOnce,must be greater or equal to,500000,1000000,waived,Block Requirements,,,false,1,,2026-08-16
"Block Real Estate Services, LLC",69fdf75c62446148bd855f88,69fded1362446148bd848d24,Dollar Tree #03352,69fdf5c2e84e20262bb42483,"3rd979 - Belton Towne Center {Belton MO Properties, LLC}",evidenceOfInsurance,Evidence of Insurance,workersCompensation,Workers' Compensation and Employer's Liability,evidenceOfInsuranceWorkersCompensationEmployersLiabilityDiseasePolicyLimit,Employer's Liability Disease - policy limit,,matchOnce,must be greater or equal to,500000,1000000,waived,Block Requirements,,,false,1,,2026-08-16
"Block Real Estate Services, LLC",69fdf75c62446148bd855f88,69fded1362446148bd848d24,Dollar Tree #03352,69fdf5c2e84e20262bb42483,"3rd979 - Belton Towne Center {Belton MO Properties, LLC}",evidenceOfInsurance,Evidence of Insurance,workersCompensation,Workers' Compensation and Employer's Liability,evidenceOfInsuranceWorkersCompensationWaiverOfSubrogationEndorsement,Waiver of Subrogation,"---prompt---
Determine if the insurer has waived their right of subrogation in favor of the certificate holder under the Workers' Compensation policy. Evidence may include: a checked ""Waiver of Subrogation"" box on the certificate, mention in the Description of Operations section stating ""waiver of subrogation applies"", or reference to form WC 00 03 13. Look for language like ""subrogation is waived"" or ""per written contract"".",matchOnce,must be present,,Present,waived,Block Requirements,,,false,1,,2026-08-16
"Block Real Estate Services, LLC",69fdf75c62446148bd855f88,69fded1362446148bd848d24,Dollar Tree #03352,69fdf5c2e84e20262bb42483,"3rd979 - Belton Towne Center {Belton MO Properties, LLC}",evidenceOfInsurance,Evidence of Insurance,6ac20aae-5728-5d57-b364-aeba38527dba,Additional Requirements,4da5b0f1-4c9d-5885-8cf8-5d3cccaed3e0,"Block Real Estate Services, LLC and all others required by contract are named as Additional Insureds","---prompt---
Determine if the Description of Operations or the Additional Remarks Schedule section states the ""Additional Insured as Construction Management, Inc. and all others required by contract"" or reference to blanket additional insured coverage. Look for language like ""certificate holder is additional insured"" or ""per written contract"".",matchOnce,must be present,,Present,compliant,Block Requirements,,,true,1,,2026-08-16
"Block Real Estate Services, LLC",69fdf75c62446148bd855f88,69fded1362446148bd848d24,Dollar Tree #03352,69fdf5c2e84e20262bb42483,"3rd979 - Belton Towne Center {Belton MO Properties, LLC}",evidenceOfInsurance,Evidence of Insurance,6ac20aae-5728-5d57-b364-aeba38527dba,Additional Requirements,e1017741-e47e-5f58-97b8-fbc3043e919f,Umbrella follows form over General Liability,"---prompt---
Determine if the Umbrella/Excess Liability policy follows form to the underlying policies. Evidence may include: language in the Description of Operations section stating the umbrella follows form to underlying coverages or an additional page endorsement stating that it follows form. Follow form means the umbrella policy adopts the same terms, conditions, and exclusions as the underlying policies.",matchOnce,must be present,,Present,waived,Block Requirements,Umbrella Liability not a requirement in the lease,,true,1,,2026-08-16
"Block Real Estate Services, LLC",69fdf75c62446148bd855f88,69fded1362446148bd848d24,Dollar Tree #03352,69fdf5c2e84e20262bb42483,"3rd979 - Belton Towne Center {Belton MO Properties, LLC}",evidenceOfInsurance,Evidence of Insurance,6ac20aae-5728-5d57-b364-aeba38527dba,Additional Requirements,2cdd866f-c9a4-576a-afd8-1d045762790c,"The location must be listed as: 1322 E. North Avenue, Belton, MO, 64012",,matchOnce,must be present,,Present,compliant,Block Requirements,,,true,1,,2026-08-16
"Block Real Estate Services, LLC",69fdf75c62446148bd855f88,69fded1362446148bd848d24,Dollar Tree #03352,69fdf5c2e84e20262bb42483,"3rd979 - Belton Towne Center {Belton MO Properties, LLC}",evidenceOfInsurance,Evidence of Insurance,6ac20aae-5728-5d57-b364-aeba38527dba,Additional Requirements,3649e9d1-4e09-59bf-8f30-cb33c40cf117,"Certificate Holder must read: c/o Block Real Estate Services, LLC, 4622 Pennsylvania St., Suite 700, Kansas City, MO, 64112",,matchOnce,must be present,,Present,compliant,Block Requirements,,,true,1,,2026-08-16
"Block Real Estate Services, LLC",69fdf76e62446148bd8573d3,69fded1562446148bd848dc6,Foxx Equipment Company,69fdf03603a2257cd27ddee7,"glo519 - Glo-Rae - Armourdale - South  (S. 7th St. Trafficway /St. Paul/Miami Ave) {Glo-Rae Investment Company, LLC}",evidenceOfInsurance,Evidence of Insurance,commercialGeneralLiability,Commercial General Liability,evidenceOfInsuranceCommercialGeneralLiabilityCoverageTriggerOccurrence,Coverage Trigger: Occurrence,,matchOnce,must be present,,Present,compliant,Block Requirements,,,false,2,,2026-08-16
"Block Real Estate Services, LLC",69fdf76e62446148bd8573d3,69fded1562446148bd848dc6,Foxx Equipment Company,69fdf03603a2257cd27ddee7,"glo519 - Glo-Rae - Armourdale - South  (S. 7th St. Trafficway /St. Paul/Miami Ave) {Glo-Rae Investment Company, LLC}",evidenceOfInsurance,Evidence of Insurance,commercialGeneralLiability,Commercial General Liability,evidenceOfInsuranceCommercialGeneralLiabilityGeneralAggregateLimitAppliesPerLocation,General Aggregate Limit Applies per: Location,,matchOnce,must be present,,Present,compliant,Block Requirements,,,false,2,,2026-08-16
"Block Real Estate Services, LLC",69fdf76e62446148bd8573d3,69fded1562446148bd848dc6,Foxx Equipment Company,69fdf03603a2257cd27ddee7,"glo519 - Glo-Rae - Armourdale - South  (S. 7th St. Trafficway /St. Paul/Miami Ave) {Glo-Rae Investment Company, LLC}",evidenceOfInsurance,Evidence of Insurance,commercialGeneralLiability,Commercial General Liability,evidenceOfInsuranceCommercialGeneralLiabilityEachOccurrence,Each Occurrence,,matchOnce,must be greater or equal to,1000000,1000000,compliant,Block Requirements,,,false,2,,2026-08-16
"Block Real Estate Services, LLC",69fdf76e62446148bd8573d3,69fded1562446148bd848dc6,Foxx Equipment Company,69fdf03603a2257cd27ddee7,"glo519 - Glo-Rae - Armourdale - South  (S. 7th St. Trafficway /St. Paul/Miami Ave) {Glo-Rae Investment Company, LLC}",evidenceOfInsurance,Evidence of Insurance,commercialGeneralLiability,Commercial General Liability,evidenceOfInsuranceCommercialGeneralLiabilityGeneralAggregate,General Aggregate,,matchOnce,must be greater or equal to,2000000,2000000,compliant,Block Requirements,,,false,2,,2026-08-16
"Block Real Estate Services, LLC",69fdf76e62446148bd8573d3,69fded1562446148bd848dc6,Foxx Equipment Company,69fdf03603a2257cd27ddee7,"glo519 - Glo-Rae - Armourdale - South  (S. 7th St. Trafficway /St. Paul/Miami Ave) {Glo-Rae Investment Company, LLC}",evidenceOfInsurance,Evidence of Insurance,commercialGeneralLiability,Commercial General Liability,evidenceOfInsuranceCommercialGeneralLiabilityWaiverOfSubrogationEndorsement,Waiver of Subrogation,"---prompt---
Determine if the insurer has waived their right of subrogation in favor of the certificate holder under the Commercial General Liability policy. Evidence may include: a checked ""Waiver of Subrogation"" box on the certificate, mention in the Description of Operations section stating ""waiver of subrogation applies"", or reference to form CG 24 04. Look for language like ""subrogation is waived"" or ""per written contract"".",matchOnce,must be present,,Present,compliant,Block Requirements,,,false,2,,2026-08-16
"Block Real Estate Services, LLC",69fdf76e62446148bd8573d3,69fded1562446148bd848dc6,Foxx Equipment Company,69fdf03603a2257cd27ddee7,"glo519 - Glo-Rae - Armourdale - South  (S. 7th St. Trafficway /St. Paul/Miami Ave) {Glo-Rae Investment Company, LLC}",evidenceOfInsurance,Evidence of Insurance,excessOrUmbrellaLiability,Umbrella/Excess Liability,evidenceOfInsuranceExcessOrUmbrellaLiabilityOccurence,Coverage Trigger: Occurrence,,matchOnce,must be present,,Present,compliant,Block Requirements,,,false,2,,2026-08-16
"Block Real Estate Services, LLC",69fdf76e62446148bd8573d3,69fded1562446148bd848dc6,Foxx Equipment Company,69fdf03603a2257cd27ddee7,"glo519 - Glo-Rae - Armourdale - South  (S. 7th St. Trafficway /St. Paul/Miami Ave) {Glo-Rae Investment Company, LLC}",evidenceOfInsurance,Evidence of Insurance,excessOrUmbrellaLiability,Umbrella/Excess Liability,evidenceOfInsuranceExcessOrUmbrellaLiabilityEachOccurrence,Each Occurrence,,matchOnce,must be greater or equal to,1000000,10000000,compliant,Block Requirements,,,false,2,,2026-08-16
"Block Real Estate Services, LLC",69fdf76e62446148bd8573d3,69fded1562446148bd848dc6,Foxx Equipment Company,69fdf03603a2257cd27ddee7,"glo519 - Glo-Rae - Armourdale - South  (S. 7th St. Trafficway /St. Paul/Miami Ave) {Glo-Rae Investment Company, LLC}",evidenceOfInsurance,Evidence of Insurance,excessOrUmbrellaLiability,Umbrella/Excess Liability,evidenceOfInsuranceExcessOrUmbrellaLiabilityAggregate,Aggregate,,matchOnce,must be greater or equal to,1000000,10000000,compliant,Block Requirements,,,false,2,,2026-08-16
"Block Real Estate Services, LLC",69fdf76e62446148bd8573d3,69fded1562446148bd848dc6,Foxx Equipment Company,69fdf03603a2257cd27ddee7,"glo519 - Glo-Rae - Armourdale - South  (S. 7th St. Trafficway /St. Paul/Miami Ave) {Glo-Rae Investment Company, LLC}",evidenceOfInsurance,Evidence of Insurance,workersCompensation,Workers' Compensation and Employer's Liability,evidenceOfInsuranceWorkersCompensationStatutoryLimits,Statutory Limits,,matchOnce,must be present,,Present,compliant,Block Requirements,,,false,2,,2026-08-16
"Block Real Estate Services, LLC",69fdf76e62446148bd8573d3,69fded1562446148bd848dc6,Foxx Equipment Company,69fdf03603a2257cd27ddee7,"glo519 - Glo-Rae - Armourdale - South  (S. 7th St. Trafficway /St. Paul/Miami Ave) {Glo-Rae Investment Company, LLC}",evidenceOfInsurance,Evidence of Insurance,workersCompensation,Workers' Compensation and Employer's Liability,evidenceOfInsuranceWorkersCompensationEmployersLiabilityEachAccident,Employer's Liability Each Accident,,matchOnce,must be greater or equal to,500000,1000000,compliant,Block Requirements,,,false,2,,2026-08-16
"Block Real Estate Services, LLC",69fdf76e62446148bd8573d3,69fded1562446148bd848dc6,Foxx Equipment Company,69fdf03603a2257cd27ddee7,"glo519 - Glo-Rae - Armourdale - South  (S. 7th St. Trafficway /St. Paul/Miami Ave) {Glo-Rae Investment Company, LLC}",evidenceOfInsurance,Evidence of Insurance,workersCompensation,Workers' Compensation and Employer's Liability,evidenceOfInsuranceWorkersCompensationEmployersLiabilityDiseaseEachEmployee,Employer's Liability Disease - each employee,,matchOnce,must be greater or equal to,500000,1000000,compliant,Block Requirements,,,false,2,,2026-08-16
"Block Real Estate Services, LLC",69fdf76e62446148bd8573d3,69fded1562446148bd848dc6,Foxx Equipment Company,69fdf03603a2257cd27ddee7,"glo519 - Glo-Rae - Armourdale - South  (S. 7th St. Trafficway /St. Paul/Miami Ave) {Glo-Rae Investment Company, LLC}",evidenceOfInsurance,Evidence of Insurance,workersCompensation,Workers' Compensation and Employer's Liability,evidenceOfInsuranceWorkersCompensationEmployersLiabilityDiseasePolicyLimit,Employer's Liability Disease - policy limit,,matchOnce,must be greater or equal to,500000,1000000,compliant,Block Requirements,,,false,2,,2026-08-16
"Block Real Estate Services, LLC",69fdf76e62446148bd8573d3,69fded1562446148bd848dc6,Foxx Equipment Company,69fdf03603a2257cd27ddee7,"glo519 - Glo-Rae - Armourdale - South  (S. 7th St. Trafficway /St. Paul/Miami Ave) {Glo-Rae Investment Company, LLC}",evidenceOfInsurance,Evidence of Insurance,workersCompensation,Workers' Compensation and Employer's Liability,evidenceOfInsuranceWorkersCompensationWaiverOfSubrogationEndorsement,Waiver of Subrogation,"---prompt---
Determine if the insurer has waived their right of subrogation in favor of the certificate holder under the Workers' Compensation policy. Evidence may include: a checked ""Waiver of Subrogation"" box on the certificate, mention in the Description of Operations section stating ""waiver of subrogation applies"", or reference to form WC 00 03 13. Look for language like ""subrogation is waived"" or ""per written contract"".",matchOnce,must be present,,Present,compliant,Block Requirements,,,false,2,,2026-08-16
"Block Real Estate Services, LLC",69fdf76e62446148bd8573d3,69fded1562446148bd848dc6,Foxx Equipment Company,69fdf03603a2257cd27ddee7,"glo519 - Glo-Rae - Armourdale - South  (S. 7th St. Trafficway /St. Paul/Miami Ave) {Glo-Rae Investment Company, LLC}",evidenceOfInsurance,Evidence of Insurance,6ac20aae-5728-5d57-b364-aeba38527dba,Additional Requirements,4da5b0f1-4c9d-5885-8cf8-5d3cccaed3e0,"Block Real Estate Services, LLC and all others required by contract are named as Additional Insureds","---prompt---
Determine if the Description of Operations or the Additional Remarks Schedule section states the ""Additional Insured as Construction Management, Inc. and all others required by contract"" or reference to blanket additional insured coverage. Look for language like ""certificate holder is additional insured"" or ""per written contract"".",matchOnce,must be present,,Present,compliant,Block Requirements,,,true,2,,2026-08-16
"Block Real Estate Services, LLC",69fdf76e62446148bd8573d3,69fded1562446148bd848dc6,Foxx Equipment Company,69fdf03603a2257cd27ddee7,"glo519 - Glo-Rae - Armourdale - South  (S. 7th St. Trafficway /St. Paul/Miami Ave) {Glo-Rae Investment Company, LLC}",evidenceOfInsurance,Evidence of Insurance,6ac20aae-5728-5d57-b364-aeba38527dba,Additional Requirements,e1017741-e47e-5f58-97b8-fbc3043e919f,Umbrella follows form over General Liability,"---prompt---
Determine if the Umbrella/Excess Liability policy follows form to the underlying policies. Evidence may include: language in the Description of Operations section stating the umbrella follows form to underlying coverages or an additional page endorsement stating that it follows form. Follow form means the umbrella policy adopts the same terms, conditions, and exclusions as the underlying policies.",matchOnce,must be present,,Present,compliant,Block Requirements,,,true,2,,2026-08-16
"Block Real Estate Services, LLC",69fdf76e62446148bd8573d3,69fded1562446148bd848dc6,Foxx Equipment Company,69fdf03603a2257cd27ddee7,"glo519 - Glo-Rae - Armourdale - South  (S. 7th St. Trafficway /St. Paul/Miami Ave) {Glo-Rae Investment Company, LLC}",evidenceOfInsurance,Evidence of Insurance,6ac20aae-5728-5d57-b364-aeba38527dba,Additional Requirements,2cdd866f-c9a4-576a-afd8-1d045762790c,"The location must be listed as: 827 S. 7th Street Trafficway, Kansas City, KS, 66105",,matchOnce,must be present,,Present,compliant,Block Requirements,,,true,2,,2026-08-16
"Block Real Estate Services, LLC",69fdf76e62446148bd8573d3,69fded1562446148bd848dc6,Foxx Equipment Company,69fdf03603a2257cd27ddee7,"glo519 - Glo-Rae - Armourdale - South  (S. 7th St. Trafficway /St. Paul/Miami Ave) {Glo-Rae Investment Company, LLC}",evidenceOfInsurance,Evidence of Insurance,6ac20aae-5728-5d57-b364-aeba38527dba,Additional Requirements,3649e9d1-4e09-59bf-8f30-cb33c40cf117,"Certificate Holder must read: c/o Block Real Estate Services, LLC, 4622 Pennsylvania St., Suite 700, Kansas City, MO, 64112",,matchOnce,must be present,,Present,compliant,Block Requirements,,,true,2,,2026-08-16
"Block Real Estate Services, LLC",69fdf76e62446148bd8573d1,69fded0d62446148bd848b74,LaborMax Staffing / Anytime Labor - KC Metro,69fdf03603a2257cd27ddee7,"glo519 - Glo-Rae - Armourdale - South  (S. 7th St. Trafficway /St. Paul/Miami Ave) {Glo-Rae Investment Company, LLC}",evidenceOfInsurance,Evidence of Insurance,commercialGeneralLiability,Commercial General Liability,evidenceOfInsuranceCommercialGeneralLiabilityCoverageTriggerOccurrence,Coverage Trigger: Occurrence,,matchOnce,must be present,,,non_compliant,Block Requirements,,,false,0,,2026-08-16
"Block Real Estate Services, LLC",69fdf76e62446148bd8573d1,69fded0d62446148bd848b74,LaborMax Staffing / Anytime Labor - KC Metro,69fdf03603a2257cd27ddee7,"glo519 - Glo-Rae - Armourdale - South  (S. 7th St. Trafficway /St. Paul/Miami Ave) {Glo-Rae Investment Company, LLC}",evidenceOfInsurance,Evidence of Insurance,commercialGeneralLiability,Commercial General Liability,evidenceOfInsuranceCommercialGeneralLiabilityGeneralAggregateLimitAppliesPerLocation,General Aggregate Limit Applies per: Location,,matchOnce,must be present,,,non_compliant,Block Requirements,,,false,0,,2026-08-16
"Block Real Estate Services, LLC",69fdf76e62446148bd8573d1,69fded0d62446148bd848b74,LaborMax Staffing / Anytime Labor - KC Metro,69fdf03603a2257cd27ddee7,"glo519 - Glo-Rae - Armourdale - South  (S. 7th St. Trafficway /St. Paul/Miami Ave) {Glo-Rae Investment Company, LLC}",evidenceOfInsurance,Evidence of Insurance,commercialGeneralLiability,Commercial General Liability,evidenceOfInsuranceCommercialGeneralLiabilityEachOccurrence,Each Occurrence,,matchOnce,must be greater or equal to,1000000,,non_compliant,Block Requirements,,,false,0,,2026-08-16
"Block Real Estate Services, LLC",69fdf76e62446148bd8573d1,69fded0d62446148bd848b74,LaborMax Staffing / Anytime Labor - KC Metro,69fdf03603a2257cd27ddee7,"glo519 - Glo-Rae - Armourdale - South  (S. 7th St. Trafficway /St. Paul/Miami Ave) {Glo-Rae Investment Company, LLC}",evidenceOfInsurance,Evidence of Insurance,commercialGeneralLiability,Commercial General Liability,evidenceOfInsuranceCommercialGeneralLiabilityGeneralAggregate,General Aggregate,,matchOnce,must be greater or equal to,2000000,,non_compliant,Block Requirements,,,false,0,,2026-08-16
"Block Real Estate Services, LLC",69fdf76e62446148bd8573d1,69fded0d62446148bd848b74,LaborMax Staffing / Anytime Labor - KC Metro,69fdf03603a2257cd27ddee7,"glo519 - Glo-Rae - Armourdale - South  (S. 7th St. Trafficway /St. Paul/Miami Ave) {Glo-Rae Investment Company, LLC}",evidenceOfInsurance,Evidence of Insurance,commercialGeneralLiability,Commercial General Liability,evidenceOfInsuranceCommercialGeneralLiabilityWaiverOfSubrogationEndorsement,Waiver of Subrogation,"---prompt---
Determine if the insurer has waived their right of subrogation in favor of the certificate holder under the Commercial General Liability policy. Evidence may include: a checked ""Waiver of Subrogation"" box on the certificate, mention in the Description of Operations section stating ""waiver of subrogation applies"", or reference to form CG 24 04. Look for language like ""subrogation is waived"" or ""per written contract"".",matchOnce,must be present,,,non_compliant,Block Requirements,,,false,0,,2026-08-16
"Block Real Estate Services, LLC",69fdf76e62446148bd8573d1,69fded0d62446148bd848b74,LaborMax Staffing / Anytime Labor - KC Metro,69fdf03603a2257cd27ddee7,"glo519 - Glo-Rae - Armourdale - South  (S. 7th St. Trafficway /St. Paul/Miami Ave) {Glo-Rae Investment Company, LLC}",evidenceOfInsurance,Evidence of Insurance,excessOrUmbrellaLiability,Umbrella/Excess Liability,evidenceOfInsuranceExcessOrUmbrellaLiabilityOccurence,Coverage Trigger: Occurrence,,matchOnce,must be present,,,non_compliant,Block Requirements,,,false,0,,2026-08-16
"Block Real Estate Services, LLC",69fdf76e62446148bd8573d1,69fded0d62446148bd848b74,LaborMax Staffing / Anytime Labor - KC Metro,69fdf03603a2257cd27ddee7,"glo519 - Glo-Rae - Armourdale - South  (S. 7th St. Trafficway /St. Paul/Miami Ave) {Glo-Rae Investment Company, LLC}",evidenceOfInsurance,Evidence of Insurance,excessOrUmbrellaLiability,Umbrella/Excess Liability,evidenceOfInsuranceExcessOrUmbrellaLiabilityEachOccurrence,Each Occurrence,,matchOnce,must be greater or equal to,1000000,,non_compliant,Block Requirements,,,false,0,,2026-08-16
"Block Real Estate Services, LLC",69fdf76e62446148bd8573d1,69fded0d62446148bd848b74,LaborMax Staffing / Anytime Labor - KC Metro,69fdf03603a2257cd27ddee7,"glo519 - Glo-Rae - Armourdale - South  (S. 7th St. Trafficway /St. Paul/Miami Ave) {Glo-Rae Investment Company, LLC}",evidenceOfInsurance,Evidence of Insurance,excessOrUmbrellaLiability,Umbrella/Excess Liability,evidenceOfInsuranceExcessOrUmbrellaLiabilityAggregate,Aggregate,,matchOnce,must be greater or equal to,1000000,,non_compliant,Block Requirements,,,false,0,,2026-08-16
"Block Real Estate Services, LLC",69fdf76e62446148bd8573d1,69fded0d62446148bd848b74,LaborMax Staffing / Anytime Labor - KC Metro,69fdf03603a2257cd27ddee7,"glo519 - Glo-Rae - Armourdale - South  (S. 7th St. Trafficway /St. Paul/Miami Ave) {Glo-Rae Investment Company, LLC}",evidenceOfInsurance,Evidence of Insurance,workersCompensation,Workers' Compensation and Employer's Liability,evidenceOfInsuranceWorkersCompensationStatutoryLimits,Statutory Limits,,matchOnce,must be present,,,non_compliant,Block Requirements,,,false,0,,2026-08-16
"Block Real Estate Services, LLC",69fdf76e62446148bd8573d1,69fded0d62446148bd848b74,LaborMax Staffing / Anytime Labor - KC Metro,69fdf03603a2257cd27ddee7,"glo519 - Glo-Rae - Armourdale - South  (S. 7th St. Trafficway /St. Paul/Miami Ave) {Glo-Rae Investment Company, LLC}",evidenceOfInsurance,Evidence of Insurance,workersCompensation,Workers' Compensation and Employer's Liability,evidenceOfInsuranceWorkersCompensationEmployersLiabilityEachAccident,Employer's Liability Each Accident,,matchOnce,must be greater or equal to,500000,,non_compliant,Block Requirements,,,false,0,,2026-08-16
"Block Real Estate Services, LLC",69fdf76e62446148bd8573d1,69fded0d62446148bd848b74,LaborMax Staffing / Anytime Labor - KC Metro,69fdf03603a2257cd27ddee7,"glo519 - Glo-Rae - Armourdale - South  (S. 7th St. Trafficway /St. Paul/Miami Ave) {Glo-Rae Investment Company, LLC}",evidenceOfInsurance,Evidence of Insurance,workersCompensation,Workers' Compensation and Employer's Liability,evidenceOfInsuranceWorkersCompensationEmployersLiabilityDiseaseEachEmployee,Employer's Liability Disease - each employee,,matchOnce,must be greater or equal to,500000,,non_compliant,Block Requirements,,,false,0,,2026-08-16
"Block Real Estate Services, LLC",69fdf76e62446148bd8573d1,69fded0d62446148bd848b74,LaborMax Staffing / Anytime Labor - KC Metro,69fdf03603a2257cd27ddee7,"glo519 - Glo-Rae - Armourdale - South  (S. 7th St. Trafficway /St. Paul/Miami Ave) {Glo-Rae Investment Company, LLC}",evidenceOfInsurance,Evidence of Insurance,workersCompensation,Workers' Compensation and Employer's Liability,evidenceOfInsuranceWorkersCompensationEmployersLiabilityDiseasePolicyLimit,Employer's Liability Disease - policy limit,,matchOnce,must be greater or equal to,500000,,non_compliant,Block Requirements,,,false,0,,2026-08-16
"Block Real Estate Services, LLC",69fdf76e62446148bd8573d1,69fded0d62446148bd848b74,LaborMax Staffing / Anytime Labor - KC Metro,69fdf03603a2257cd27ddee7,"glo519 - Glo-Rae - Armourdale - South  (S. 7th St. Trafficway /St. Paul/Miami Ave) {Glo-Rae Investment Company, LLC}",evidenceOfInsurance,Evidence of Insurance,workersCompensation,Workers' Compensation and Employer's Liability,evidenceOfInsuranceWorkersCompensationWaiverOfSubrogationEndorsement,Waiver of Subrogation,"---prompt---
Determine if the insurer has waived their right of subrogation in favor of the certificate holder under the Workers' Compensation policy. Evidence may include: a checked ""Waiver of Subrogation"" box on the certificate, mention in the Description of Operations section stating ""waiver of subrogation applies"", or reference to form WC 00 03 13. Look for language like ""subrogation is waived"" or ""per written contract"".",matchOnce,must be present,,,non_compliant,Block Requirements,,,false,0,,2026-08-16
"Block Real Estate Services, LLC",69fdf76e62446148bd8573d1,69fded0d62446148bd848b74,LaborMax Staffing / Anytime Labor - KC Metro,69fdf03603a2257cd27ddee7,"glo519 - Glo-Rae - Armourdale - South  (S. 7th St. Trafficway /St. Paul/Miami Ave) {Glo-Rae Investment Company, LLC}",evidenceOfInsurance,Evidence of Insurance,6ac20aae-5728-5d57-b364-aeba38527dba,Additional Requirements,4da5b0f1-4c9d-5885-8cf8-5d3cccaed3e0,"Block Real Estate Services, LLC and all others required by contract are named as Additional Insureds","---prompt---
Determine if the Description of Operations or the Additional Remarks Schedule section states the ""Additional Insured as Construction Management, Inc. and all others required by contract"" or reference to blanket additional insured coverage. Look for language like ""certificate holder is additional insured"" or ""per written contract"".",matchOnce,must be present,,,non_compliant,Block Requirements,,,true,0,,2026-08-16
"Block Real Estate Services, LLC",69fdf76e62446148bd8573d1,69fded0d62446148bd848b74,LaborMax Staffing / Anytime Labor - KC Metro,69fdf03603a2257cd27ddee7,"glo519 - Glo-Rae - Armourdale - South  (S. 7th St. Trafficway /St. Paul/Miami Ave) {Glo-Rae Investment Company, LLC}",evidenceOfInsurance,Evidence of Insurance,6ac20aae-5728-5d57-b364-aeba38527dba,Additional Requirements,e1017741-e47e-5f58-97b8-fbc3043e919f,Umbrella follows form over General Liability,"---prompt---
Determine if the Umbrella/Excess Liability policy follows form to the underlying policies. Evidence may include: language in the Description of Operations section stating the umbrella follows form to underlying coverages or an additional page endorsement stating that it follows form. Follow form means the umbrella policy adopts the same terms, conditions, and exclusions as the underlying policies.",matchOnce,must be present,,,non_compliant,Block Requirements,,,true,0,,2026-08-16
"Block Real Estate Services, LLC",69fdf76e62446148bd8573d1,69fded0d62446148bd848b74,LaborMax Staffing / Anytime Labor - KC Metro,69fdf03603a2257cd27ddee7,"glo519 - Glo-Rae - Armourdale - South  (S. 7th St. Trafficway /St. Paul/Miami Ave) {Glo-Rae Investment Company, LLC}",evidenceOfInsurance,Evidence of Insurance,6ac20aae-5728-5d57-b364-aeba38527dba,Additional Requirements,2cdd866f-c9a4-576a-afd8-1d045762790c,"The location must be listed as: 813 S. 7th Street Trafficway, Kansas City, KS, 66105",,matchOnce,must be present,,,non_compliant,Block Requirements,,,true,0,,2026-08-16
"Block Real Estate Services, LLC",69fdf76e62446148bd8573d1,69fded0d62446148bd848b74,LaborMax Staffing / Anytime Labor - KC Metro,69fdf03603a2257cd27ddee7,"glo519 - Glo-Rae - Armourdale - South  (S. 7th St. Trafficway /St. Paul/Miami Ave) {Glo-Rae Investment Company, LLC}",evidenceOfInsurance,Evidence of Insurance,6ac20aae-5728-5d57-b364-aeba38527dba,Additional Requirements,3649e9d1-4e09-59bf-8f30-cb33c40cf117,"Certificate Holder must read: c/o Block Real Estate Services, LLC, 4622 Pennsylvania St., Suite 700, Kansas City, MO, 64112",,matchOnce,must be present,,,non_compliant,Block Requirements,,,true,0,,2026-08-16
"Block Real Estate Services, LLC",69fdf76e62446148bd8573d2,69fded1262446148bd848cc7,Creative Consumer Concepts Inc,69fdf03603a2257cd27ddee7,"glo519 - Glo-Rae - Armourdale - South  (S. 7th St. Trafficway /St. Paul/Miami Ave) {Glo-Rae Investment Company, LLC}",evidenceOfInsurance,Evidence of Insurance,commercialGeneralLiability,Commercial General Liability,evidenceOfInsuranceCommercialGeneralLiabilityCoverageTriggerOccurrence,Coverage Trigger: Occurrence,,matchOnce,must be present,,Present,compliant,Block Requirements,,,false,1,,2026-08-16
"Block Real Estate Services, LLC",69fdf76e62446148bd8573d2,69fded1262446148bd848cc7,Creative Consumer Concepts Inc,69fdf03603a2257cd27ddee7,"glo519 - Glo-Rae - Armourdale - South  (S. 7th St. Trafficway /St. Paul/Miami Ave) {Glo-Rae Investment Company, LLC}",evidenceOfInsurance,Evidence of Insurance,commercialGeneralLiability,Commercial General Liability,evidenceOfInsuranceCommercialGeneralLiabilityGeneralAggregateLimitAppliesPerLocation,General Aggregate Limit Applies per: Location,,matchOnce,must be present,,,non_compliant,Block Requirements,,,false,0,,2026-08-16
"Block Real Estate Services, LLC",69fdf76e62446148bd8573d2,69fded1262446148bd848cc7,Creative Consumer Concepts Inc,69fdf03603a2257cd27ddee7,"glo519 - Glo-Rae - Armourdale - South  (S. 7th St. Trafficway /St. Paul/Miami Ave) {Glo-Rae Investment Company, LLC}",evidenceOfInsurance,Evidence of Insurance,commercialGeneralLiability,Commercial General Liability,evidenceOfInsuranceCommercialGeneralLiabilityEachOccurrence,Each Occurrence,,matchOnce,must be greater or equal to,1000000,1000000,compliant,Block Requirements,,,false,1,,2026-08-16
"Block Real Estate Services, LLC",69fdf76e62446148bd8573d2,69fded1262446148bd848cc7,Creative Consumer Concepts Inc,69fdf03603a2257cd27ddee7,"glo519 - Glo-Rae - Armourdale - South  (S. 7th St. Trafficway /St. Paul/Miami Ave) {Glo-Rae Investment Company, LLC}",evidenceOfInsurance,Evidence of Insurance,commercialGeneralLiability,Commercial General Liability,evidenceOfInsuranceCommercialGeneralLiabilityGeneralAggregate,General Aggregate,,matchOnce,must be greater or equal to,2000000,2000000,compliant,Block Requirements,,,false,1,,2026-08-16
"Block Real Estate Services, LLC",69fdf76e62446148bd8573d2,69fded1262446148bd848cc7,Creative Consumer Concepts Inc,69fdf03603a2257cd27ddee7,"glo519 - Glo-Rae - Armourdale - South  (S. 7th St. Trafficway /St. Paul/Miami Ave) {Glo-Rae Investment Company, LLC}",evidenceOfInsurance,Evidence of Insurance,commercialGeneralLiability,Commercial General Liability,evidenceOfInsuranceCommercialGeneralLiabilityWaiverOfSubrogationEndorsement,Waiver of Subrogation,"---prompt---
Determine if the insurer has waived their right of subrogation in favor of the certificate holder under the Commercial General Liability policy. Evidence may include: a checked ""Waiver of Subrogation"" box on the certificate, mention in the Description of Operations section stating ""waiver of subrogation applies"", or reference to form CG 24 04. Look for language like ""subrogation is waived"" or ""per written contract"".",matchOnce,must be present,,Present,compliant,Block Requirements,,,false,1,,2026-08-16
"Block Real Estate Services, LLC",69fdf76e62446148bd8573d2,69fded1262446148bd848cc7,Creative Consumer Concepts Inc,69fdf03603a2257cd27ddee7,"glo519 - Glo-Rae - Armourdale - South  (S. 7th St. Trafficway /St. Paul/Miami Ave) {Glo-Rae Investment Company, LLC}",evidenceOfInsurance,Evidence of Insurance,excessOrUmbrellaLiability,Umbrella/Excess Liability,evidenceOfInsuranceExcessOrUmbrellaLiabilityOccurence,Coverage Trigger: Occurrence,,matchOnce,must be present,,Present,compliant,Block Requirements,,,false,1,,2026-08-16
"Block Real Estate Services, LLC",69fdf76e62446148bd8573d2,69fded1262446148bd848cc7,Creative Consumer Concepts Inc,69fdf03603a2257cd27ddee7,"glo519 - Glo-Rae - Armourdale - South  (S. 7th St. Trafficway /St. Paul/Miami Ave) {Glo-Rae Investment Company, LLC}",evidenceOfInsurance,Evidence of Insurance,excessOrUmbrellaLiability,Umbrella/Excess Liability,evidenceOfInsuranceExcessOrUmbrellaLiabilityEachOccurrence,Each Occurrence,,matchOnce,must be greater or equal to,1000000,10000000,compliant,Block Requirements,,,false,1,,2026-08-16
"Block Real Estate Services, LLC",69fdf76e62446148bd8573d2,69fded1262446148bd848cc7,Creative Consumer Concepts Inc,69fdf03603a2257cd27ddee7,"glo519 - Glo-Rae - Armourdale - South  (S. 7th St. Trafficway /St. Paul/Miami Ave) {Glo-Rae Investment Company, LLC}",evidenceOfInsurance,Evidence of Insurance,excessOrUmbrellaLiability,Umbrella/Excess Liability,evidenceOfInsuranceExcessOrUmbrellaLiabilityAggregate,Aggregate,,matchOnce,must be greater or equal to,1000000,10000000,compliant,Block Requirements,,,false,1,,2026-08-16
"Block Real Estate Services, LLC",69fdf76e62446148bd8573d2,69fded1262446148bd848cc7,Creative Consumer Concepts Inc,69fdf03603a2257cd27ddee7,"glo519 - Glo-Rae - Armourdale - South  (S. 7th St. Trafficway /St. Paul/Miami Ave) {Glo-Rae Investment Company, LLC}",evidenceOfInsurance,Evidence of Insurance,workersCompensation,Workers' Compensation and Employer's Liability,evidenceOfInsuranceWorkersCompensationStatutoryLimits,Statutory Limits,,matchOnce,must be present,,Present,compliant,Block Requirements,,,false,1,,2026-08-16
"Block Real Estate Services, LLC",69fdf76e62446148bd8573d2,69fded1262446148bd848cc7,Creative Consumer Concepts Inc,69fdf03603a2257cd27ddee7,"glo519 - Glo-Rae - Armourdale - South  (S. 7th St. Trafficway /St. Paul/Miami Ave) {Glo-Rae Investment Company, LLC}",evidenceOfInsurance,Evidence of Insurance,workersCompensation,Workers' Compensation and Employer's Liability,evidenceOfInsuranceWorkersCompensationEmployersLiabilityEachAccident,Employer's Liability Each Accident,,matchOnce,must be greater or equal to,500000,1000000,compliant,Block Requirements,,,false,1,,2026-08-16
"Block Real Estate Services, LLC",69fdf76e62446148bd8573d2,69fded1262446148bd848cc7,Creative Consumer Concepts Inc,69fdf03603a2257cd27ddee7,"glo519 - Glo-Rae - Armourdale - South  (S. 7th St. Trafficway /St. Paul/Miami Ave) {Glo-Rae Investment Company, LLC}",evidenceOfInsurance,Evidence of Insurance,workersCompensation,Workers' Compensation and Employer's Liability,evidenceOfInsuranceWorkersCompensationEmployersLiabilityDiseaseEachEmployee,Employer's Liability Disease - each employee,,matchOnce,must be greater or equal to,500000,1000000,compliant,Block Requirements,,,false,1,,2026-08-16
"Block Real Estate Services, LLC",69fdf76e62446148bd8573d2,69fded1262446148bd848cc7,Creative Consumer Concepts Inc,69fdf03603a2257cd27ddee7,"glo519 - Glo-Rae - Armourdale - South  (S. 7th St. Trafficway /St. Paul/Miami Ave) {Glo-Rae Investment Company, LLC}",evidenceOfInsurance,Evidence of Insurance,workersCompensation,Workers' Compensation and Employer's Liability,evidenceOfInsuranceWorkersCompensationEmployersLiabilityDiseasePolicyLimit,Employer's Liability Disease - policy limit,,matchOnce,must be greater or equal to,500000,1000000,compliant,Block Requirements,,,false,1,,2026-08-16
"Block Real Estate Services, LLC",69fdf76e62446148bd8573d2,69fded1262446148bd848cc7,Creative Consumer Concepts Inc,69fdf03603a2257cd27ddee7,"glo519 - Glo-Rae - Armourdale - South  (S. 7th St. Trafficway /St. Paul/Miami Ave) {Glo-Rae Investment Company, LLC}",evidenceOfInsurance,Evidence of Insurance,workersCompensation,Workers' Compensation and Employer's Liability,evidenceOfInsuranceWorkersCompensationWaiverOfSubrogationEndorsement,Waiver of Subrogation,"---prompt---
Determine if the insurer has waived their right of subrogation in favor of the certificate holder under the Workers' Compensation policy. Evidence may include: a checked ""Waiver of Subrogation"" box on the certificate, mention in the Description of Operations section stating ""waiver of subrogation applies"", or reference to form WC 00 03 13. Look for language like ""subrogation is waived"" or ""per written contract"".",matchOnce,must be present,,Present,compliant,Block Requirements,,,false,1,,2026-08-16
"Block Real Estate Services, LLC",69fdf76e62446148bd8573d2,69fded1262446148bd848cc7,Creative Consumer Concepts Inc,69fdf03603a2257cd27ddee7,"glo519 - Glo-Rae - Armourdale - South  (S. 7th St. Trafficway /St. Paul/Miami Ave) {Glo-Rae Investment Company, LLC}",evidenceOfInsurance,Evidence of Insurance,6ac20aae-5728-5d57-b364-aeba38527dba,Additional Requirements,4da5b0f1-4c9d-5885-8cf8-5d3cccaed3e0,"Block Real Estate Services, LLC and all others required by contract are named as Additional Insureds","---prompt---
Determine if the Description of Operations or the Additional Remarks Schedule section states the ""Additional Insured as Construction Management, Inc. and all others required by contract"" or reference to blanket additional insured coverage. Look for language like ""certificate holder is additional insured"" or ""per written contract"".",matchOnce,must be present,,Present,compliant,Block Requirements,,,true,1,,2026-08-16
"Block Real Estate Services, LLC",69fdf76e62446148bd8573d2,69fded1262446148bd848cc7,Creative Consumer Concepts Inc,69fdf03603a2257cd27ddee7,"glo519 - Glo-Rae - Armourdale - South  (S. 7th St. Trafficway /St. Paul/Miami Ave) {Glo-Rae Investment Company, LLC}",evidenceOfInsurance,Evidence of Insurance,6ac20aae-5728-5d57-b364-aeba38527dba,Additional Requirements,e1017741-e47e-5f58-97b8-fbc3043e919f,Umbrella follows form over General Liability,"---prompt---
Determine if the Umbrella/Excess Liability policy follows form to the underlying policies. Evidence may include: language in the Description of Operations section stating the umbrella follows form to underlying coverages or an additional page endorsement stating that it follows form. Follow form means the umbrella policy adopts the same terms, conditions, and exclusions as the underlying policies.",matchOnce,must be present,,Present,compliant,Block Requirements,,,true,1,,2026-08-16
"Block Real Estate Services, LLC",69fdf76e62446148bd8573d2,69fded1262446148bd848cc7,Creative Consumer Concepts Inc,69fdf03603a2257cd27ddee7,"glo519 - Glo-Rae - Armourdale - South  (S. 7th St. Trafficway /St. Paul/Miami Ave) {Glo-Rae Investment Company, LLC}",evidenceOfInsurance,Evidence of Insurance,6ac20aae-5728-5d57-b364-aeba38527dba,Additional Requirements,2cdd866f-c9a4-576a-afd8-1d045762790c,"The location must be listed as: 830 S. St. Paul, Kansas City, KS, 66105",,matchOnce,must be present,,Present,compliant,Block Requirements,,,true,1,,2026-08-16
"Block Real Estate Services, LLC",69fdf76e62446148bd8573d2,69fded1262446148bd848cc7,Creative Consumer Concepts Inc,69fdf03603a2257cd27ddee7,"glo519 - Glo-Rae - Armourdale - South  (S. 7th St. Trafficway /St. Paul/Miami Ave) {Glo-Rae Investment Company, LLC}",evidenceOfInsurance,Evidence of Insurance,6ac20aae-5728-5d57-b364-aeba38527dba,Additional Requirements,3649e9d1-4e09-59bf-8f30-cb33c40cf117,"Certificate Holder must read: c/o Block Real Estate Services, LLC, 4622 Pennsylvania St., Suite 700, Kansas City, MO, 64112",,matchOnce,must be present,,Present,compliant,Block Requirements,,,true,1,,2026-08-16
"Block Real Estate Services, LLC",6a186389a1ec98c09c964aac,69fded1562446148bd848dc6,Foxx Equipment Company,69fdf03603a2257cd27ddee7,"glo519 - Glo-Rae - Armourdale - South  (S. 7th St. Trafficway /St. Paul/Miami Ave) {Glo-Rae Investment Company, LLC}",evidenceOfInsurance,Evidence of Insurance,commercialGeneralLiability,Commercial General Liability,evidenceOfInsuranceCommercialGeneralLiabilityCoverageTriggerOccurrence,Coverage Trigger: Occurrence,,matchOnce,must be present,,Present,compliant,Block Requirements,,,false,1,,2026-08-16
"Block Real Estate Services, LLC",6a186389a1ec98c09c964aac,69fded1562446148bd848dc6,Foxx Equipment Company,69fdf03603a2257cd27ddee7,"glo519 - Glo-Rae - Armourdale - South  (S. 7th St. Trafficway /St. Paul/Miami Ave) {Glo-Rae Investment Company, LLC}",evidenceOfInsurance,Evidence of Insurance,commercialGeneralLiability,Commercial General Liability,evidenceOfInsuranceCommercialGeneralLiabilityGeneralAggregateLimitAppliesPerLocation,General Aggregate Limit Applies per: Location,,matchOnce,must be present,,Present,compliant,Block Requirements,,,false,1,,2026-08-16
"Block Real Estate Services, LLC",6a186389a1ec98c09c964aac,69fded1562446148bd848dc6,Foxx Equipment Company,69fdf03603a2257cd27ddee7,"glo519 - Glo-Rae - Armourdale - South  (S. 7th St. Trafficway /St. Paul/Miami Ave) {Glo-Rae Investment Company, LLC}",evidenceOfInsurance,Evidence of Insurance,commercialGeneralLiability,Commercial General Liability,evidenceOfInsuranceCommercialGeneralLiabilityEachOccurrence,Each Occurrence,,matchOnce,must be greater or equal to,1000000,1000000,compliant,Block Requirements,,,false,1,,2026-08-16
"Block Real Estate Services, LLC",6a186389a1ec98c09c964aac,69fded1562446148bd848dc6,Foxx Equipment Company,69fdf03603a2257cd27ddee7,"glo519 - Glo-Rae - Armourdale - South  (S. 7th St. Trafficway /St. Paul/Miami Ave) {Glo-Rae Investment Company, LLC}",evidenceOfInsurance,Evidence of Insurance,commercialGeneralLiability,Commercial General Liability,evidenceOfInsuranceCommercialGeneralLiabilityGeneralAggregate,General Aggregate,,matchOnce,must be greater or equal to,2000000,2000000,compliant,Block Requirements,,,false,1,,2026-08-16
"Block Real Estate Services, LLC",6a186389a1ec98c09c964aac,69fded1562446148bd848dc6,Foxx Equipment Company,69fdf03603a2257cd27ddee7,"glo519 - Glo-Rae - Armourdale - South  (S. 7th St. Trafficway /St. Paul/Miami Ave) {Glo-Rae Investment Company, LLC}",evidenceOfInsurance,Evidence of Insurance,commercialGeneralLiability,Commercial General Liability,evidenceOfInsuranceCommercialGeneralLiabilityWaiverOfSubrogationEndorsement,Waiver of Subrogation,"---prompt---
Determine if the insurer has waived their right of subrogation in favor of the certificate holder under the Commercial General Liability policy. Evidence may include: a checked ""Waiver of Subrogation"" box on the certificate, mention in the Description of Operations section stating ""waiver of subrogation applies"", or reference to form CG 24 04. Look for language like ""subrogation is waived"" or ""per written contract"".",matchOnce,must be present,,Present,compliant,Block Requirements,,,false,1,,2026-08-16
"Block Real Estate Services, LLC",6a186389a1ec98c09c964aac,69fded1562446148bd848dc6,Foxx Equipment Company,69fdf03603a2257cd27ddee7,"glo519 - Glo-Rae - Armourdale - South  (S. 7th St. Trafficway /St. Paul/Miami Ave) {Glo-Rae Investment Company, LLC}",evidenceOfInsurance,Evidence of Insurance,excessOrUmbrellaLiability,Umbrella/Excess Liability,evidenceOfInsuranceExcessOrUmbrellaLiabilityOccurence,Coverage Trigger: Occurrence,,matchOnce,must be present,,Present,compliant,Block Requirements,,,false,1,,2026-08-16
"Block Real Estate Services, LLC",6a186389a1ec98c09c964aac,69fded1562446148bd848dc6,Foxx Equipment Company,69fdf03603a2257cd27ddee7,"glo519 - Glo-Rae - Armourdale - South  (S. 7th St. Trafficway /St. Paul/Miami Ave) {Glo-Rae Investment Company, LLC}",evidenceOfInsurance,Evidence of Insurance,excessOrUmbrellaLiability,Umbrella/Excess Liability,evidenceOfInsuranceExcessOrUmbrellaLiabilityEachOccurrence,Each Occurrence,,matchOnce,must be greater or equal to,1000000,10000000,compliant,Block Requirements,,,false,1,,2026-08-16
"Block Real Estate Services, LLC",6a186389a1ec98c09c964aac,69fded1562446148bd848dc6,Foxx Equipment Company,69fdf03603a2257cd27ddee7,"glo519 - Glo-Rae - Armourdale - South  (S. 7th St. Trafficway /St. Paul/Miami Ave) {Glo-Rae Investment Company, LLC}",evidenceOfInsurance,Evidence of Insurance,excessOrUmbrellaLiability,Umbrella/Excess Liability,evidenceOfInsuranceExcessOrUmbrellaLiabilityAggregate,Aggregate,,matchOnce,must be greater or equal to,1000000,10000000,compliant,Block Requirements,,,false,1,,2026-08-16
"Block Real Estate Services, LLC",6a186389a1ec98c09c964aac,69fded1562446148bd848dc6,Foxx Equipment Company,69fdf03603a2257cd27ddee7,"glo519 - Glo-Rae - Armourdale - South  (S. 7th St. Trafficway /St. Paul/Miami Ave) {Glo-Rae Investment Company, LLC}",evidenceOfInsurance,Evidence of Insurance,workersCompensation,Workers' Compensation and Employer's Liability,evidenceOfInsuranceWorkersCompensationStatutoryLimits,Statutory Limits,,matchOnce,must be present,,Present,compliant,Block Requirements,,,false,1,,2026-08-16
"Block Real Estate Services, LLC",6a186389a1ec98c09c964aac,69fded1562446148bd848dc6,Foxx Equipment Company,69fdf03603a2257cd27ddee7,"glo519 - Glo-Rae - Armourdale - South  (S. 7th St. Trafficway /St. Paul/Miami Ave) {Glo-Rae Investment Company, LLC}",evidenceOfInsurance,Evidence of Insurance,workersCompensation,Workers' Compensation and Employer's Liability,evidenceOfInsuranceWorkersCompensationEmployersLiabilityEachAccident,Employer's Liability Each Accident,,matchOnce,must be greater or equal to,500000,1000000,compliant,Block Requirements,,,false,1,,2026-08-16
"Block Real Estate Services, LLC",6a186389a1ec98c09c964aac,69fded1562446148bd848dc6,Foxx Equipment Company,69fdf03603a2257cd27ddee7,"glo519 - Glo-Rae - Armourdale - South  (S. 7th St. Trafficway /St. Paul/Miami Ave) {Glo-Rae Investment Company, LLC}",evidenceOfInsurance,Evidence of Insurance,workersCompensation,Workers' Compensation and Employer's Liability,evidenceOfInsuranceWorkersCompensationEmployersLiabilityDiseaseEachEmployee,Employer's Liability Disease - each employee,,matchOnce,must be greater or equal to,500000,1000000,compliant,Block Requirements,,,false,1,,2026-08-16
"Block Real Estate Services, LLC",6a186389a1ec98c09c964aac,69fded1562446148bd848dc6,Foxx Equipment Company,69fdf03603a2257cd27ddee7,"glo519 - Glo-Rae - Armourdale - South  (S. 7th St. Trafficway /St. Paul/Miami Ave) {Glo-Rae Investment Company, LLC}",evidenceOfInsurance,Evidence of Insurance,workersCompensation,Workers' Compensation and Employer's Liability,evidenceOfInsuranceWorkersCompensationEmployersLiabilityDiseasePolicyLimit,Employer's Liability Disease - policy limit,,matchOnce,must be greater or equal to,500000,1000000,compliant,Block Requirements,,,false,1,,2026-08-16
"Block Real Estate Services, LLC",6a186389a1ec98c09c964aac,69fded1562446148bd848dc6,Foxx Equipment Company,69fdf03603a2257cd27ddee7,"glo519 - Glo-Rae - Armourdale - South  (S. 7th St. Trafficway /St. Paul/Miami Ave) {Glo-Rae Investment Company, LLC}",evidenceOfInsurance,Evidence of Insurance,workersCompensation,Workers' Compensation and Employer's Liability,evidenceOfInsuranceWorkersCompensationWaiverOfSubrogationEndorsement,Waiver of Subrogation,"---prompt---
Determine if the insurer has waived their right of subrogation in favor of the certificate holder under the Workers' Compensation policy. Evidence may include: a checked ""Waiver of Subrogation"" box on the certificate, mention in the Description of Operations section stating ""waiver of subrogation applies"", or reference to form WC 00 03 13. Look for language like ""subrogation is waived"" or ""per written contract"".",matchOnce,must be present,,Present,compliant,Block Requirements,,,false,1,,2026-08-16
"Block Real Estate Services, LLC",6a186389a1ec98c09c964aac,69fded1562446148bd848dc6,Foxx Equipment Company,69fdf03603a2257cd27ddee7,"glo519 - Glo-Rae - Armourdale - South  (S. 7th St. Trafficway /St. Paul/Miami Ave) {Glo-Rae Investment Company, LLC}",evidenceOfInsurance,Evidence of Insurance,6ac20aae-5728-5d57-b364-aeba38527dba,Additional Requirements,4da5b0f1-4c9d-5885-8cf8-5d3cccaed3e0,"Block Real Estate Services, LLC and all others required by contract are named as Additional Insureds","---prompt---
Determine if the Description of Operations or the Additional Remarks Schedule section states the ""Additional Insured as Construction Management, Inc. and all others required by contract"" or reference to blanket additional insured coverage. Look for language like ""certificate holder is additional insured"" or ""per written contract"".",matchOnce,must be present,,Present,compliant,Block Requirements,,,true,1,,2026-08-16
"Block Real Estate Services, LLC",6a186389a1ec98c09c964aac,69fded1562446148bd848dc6,Foxx Equipment Company,69fdf03603a2257cd27ddee7,"glo519 - Glo-Rae - Armourdale - South  (S. 7th St. Trafficway /St. Paul/Miami Ave) {Glo-Rae Investment Company, LLC}",evidenceOfInsurance,Evidence of Insurance,6ac20aae-5728-5d57-b364-aeba38527dba,Additional Requirements,e1017741-e47e-5f58-97b8-fbc3043e919f,Umbrella follows form over General Liability,"---prompt---
Determine if the Umbrella/Excess Liability policy follows form to the underlying policies. Evidence may include: language in the Description of Operations section stating the umbrella follows form to underlying coverages or an additional page endorsement stating that it follows form. Follow form means the umbrella policy adopts the same terms, conditions, and exclusions as the underlying policies.",matchOnce,must be present,,Present,compliant,Block Requirements,,,true,1,,2026-08-16
"Block Real Estate Services, LLC",6a186389a1ec98c09c964aac,69fded1562446148bd848dc6,Foxx Equipment Company,69fdf03603a2257cd27ddee7,"glo519 - Glo-Rae - Armourdale - South  (S. 7th St. Trafficway /St. Paul/Miami Ave) {Glo-Rae Investment Company, LLC}",evidenceOfInsurance,Evidence of Insurance,6ac20aae-5728-5d57-b364-aeba38527dba,Additional Requirements,2cdd866f-c9a4-576a-afd8-1d045762790c,"The location must be listed as: 640 Miami Avenue, Kansas City, KS, 66105",,matchOnce,must be present,,Present,compliant,Block Requirements,,,true,1,,2026-08-16
"Block Real Estate Services, LLC",6a186389a1ec98c09c964aac,69fded1562446148bd848dc6,Foxx Equipment Company,69fdf03603a2257cd27ddee7,"glo519 - Glo-Rae - Armourdale - South  (S. 7th St. Trafficway /St. Paul/Miami Ave) {Glo-Rae Investment Company, LLC}",evidenceOfInsurance,Evidence of Insurance,6ac20aae-5728-5d57-b364-aeba38527dba,Additional Requirements,3649e9d1-4e09-59bf-8f30-cb33c40cf117,"Certificate Holder must read: c/o Block Real Estate Services, LLC, 4622 Pennsylvania St., Suite 700, Kansas City, MO, 64112",,matchOnce,must be present,,Present,compliant,Block Requirements,,,true,1,,2026-08-16
"Block Real Estate Services, LLC",69fdf79262446148bd859c0e,69fded1c62446148bd849000,New Lawn LLC,69fdf0e0e45e7dcf5c43916b,"prg806 - Pine Ridge Building E-2 {PERG BUILDINGS, LLC}",evidenceOfInsurance,Evidence of Insurance,commercialGeneralLiability,Commercial General Liability,evidenceOfInsuranceCommercialGeneralLiabilityCoverageTriggerOccurrence,Coverage Trigger: Occurrence,,matchOnce,must be present,,Present,compliant,Block Requirements,,,false,1,,2026-08-16
"Block Real Estate Services, LLC",69fdf79262446148bd859c0e,69fded1c62446148bd849000,New Lawn LLC,69fdf0e0e45e7dcf5c43916b,"prg806 - Pine Ridge Building E-2 {PERG BUILDINGS, LLC}",evidenceOfInsurance,Evidence of Insurance,commercialGeneralLiability,Commercial General Liability,evidenceOfInsuranceCommercialGeneralLiabilityGeneralAggregateLimitAppliesPerLocation,General Aggregate Limit Applies per: Location,,matchOnce,must be present,,Present,compliant,Block Requirements,,,false,1,,2026-08-16
"Block Real Estate Services, LLC",69fdf79262446148bd859c0e,69fded1c62446148bd849000,New Lawn LLC,69fdf0e0e45e7dcf5c43916b,"prg806 - Pine Ridge Building E-2 {PERG BUILDINGS, LLC}",evidenceOfInsurance,Evidence of Insurance,commercialGeneralLiability,Commercial General Liability,evidenceOfInsuranceCommercialGeneralLiabilityEachOccurrence,Each Occurrence,,matchOnce,must be greater or equal to,1000000,1000000,compliant,Block Requirements,,,false,1,,2026-08-16
"Block Real Estate Services, LLC",69fdf79262446148bd859c0e,69fded1c62446148bd849000,New Lawn LLC,69fdf0e0e45e7dcf5c43916b,"prg806 - Pine Ridge Building E-2 {PERG BUILDINGS, LLC}",evidenceOfInsurance,Evidence of Insurance,commercialGeneralLiability,Commercial General Liability,evidenceOfInsuranceCommercialGeneralLiabilityGeneralAggregate,General Aggregate,,matchOnce,must be greater or equal to,2000000,2000000,compliant,Block Requirements,,,false,1,,2026-08-16
"Block Real Estate Services, LLC",69fdf79262446148bd859c0e,69fded1c62446148bd849000,New Lawn LLC,69fdf0e0e45e7dcf5c43916b,"prg806 - Pine Ridge Building E-2 {PERG BUILDINGS, LLC}",evidenceOfInsurance,Evidence of Insurance,commercialGeneralLiability,Commercial General Liability,evidenceOfInsuranceCommercialGeneralLiabilityWaiverOfSubrogationEndorsement,Waiver of Subrogation,"---prompt---
Determine if the insurer has waived their right of subrogation in favor of the certificate holder under the Commercial General Liability policy. Evidence may include: a checked ""Waiver of Subrogation"" box on the certificate, mention in the Description of Operations section stating ""waiver of subrogation applies"", or reference to form CG 24 04. Look for language like ""subrogation is waived"" or ""per written contract"".",matchOnce,must be present,,Present,compliant,Block Requirements,,,false,1,,2026-08-16
"Block Real Estate Services, LLC",69fdf79262446148bd859c0e,69fded1c62446148bd849000,New Lawn LLC,69fdf0e0e45e7dcf5c43916b,"prg806 - Pine Ridge Building E-2 {PERG BUILDINGS, LLC}",evidenceOfInsurance,Evidence of Insurance,excessOrUmbrellaLiability,Umbrella/Excess Liability,evidenceOfInsuranceExcessOrUmbrellaLiabilityOccurence,Coverage Trigger: Occurrence,,matchOnce,must be present,,Present,compliant,Block Requirements,,,false,1,,2026-08-16
"Block Real Estate Services, LLC",69fdf79262446148bd859c0e,69fded1c62446148bd849000,New Lawn LLC,69fdf0e0e45e7dcf5c43916b,"prg806 - Pine Ridge Building E-2 {PERG BUILDINGS, LLC}",evidenceOfInsurance,Evidence of Insurance,excessOrUmbrellaLiability,Umbrella/Excess Liability,evidenceOfInsuranceExcessOrUmbrellaLiabilityEachOccurrence,Each Occurrence,,matchOnce,must be greater or equal to,1000000,1000000,compliant,Block Requirements,,,false,1,,2026-08-16
"Block Real Estate Services, LLC",69fdf79262446148bd859c0e,69fded1c62446148bd849000,New Lawn LLC,69fdf0e0e45e7dcf5c43916b,"prg806 - Pine Ridge Building E-2 {PERG BUILDINGS, LLC}",evidenceOfInsurance,Evidence of Insurance,excessOrUmbrellaLiability,Umbrella/Excess Liability,evidenceOfInsuranceExcessOrUmbrellaLiabilityAggregate,Aggregate,,matchOnce,must be greater or equal to,1000000,1000000,compliant,Block Requirements,,,false,1,,2026-08-16
"Block Real Estate Services, LLC",69fdf79262446148bd859c0e,69fded1c62446148bd849000,New Lawn LLC,69fdf0e0e45e7dcf5c43916b,"prg806 - Pine Ridge Building E-2 {PERG BUILDINGS, LLC}",evidenceOfInsurance,Evidence of Insurance,workersCompensation,Workers' Compensation and Employer's Liability,evidenceOfInsuranceWorkersCompensationStatutoryLimits,Statutory Limits,,matchOnce,must be present,,Present,compliant,Block Requirements,,,false,2,,2026-08-16
"Block Real Estate Services, LLC",69fdf79262446148bd859c0e,69fded1c62446148bd849000,New Lawn LLC,69fdf0e0e45e7dcf5c43916b,"prg806 - Pine Ridge Building E-2 {PERG BUILDINGS, LLC}",evidenceOfInsurance,Evidence of Insurance,workersCompensation,Workers' Compensation and Employer's Liability,evidenceOfInsuranceWorkersCompensationEmployersLiabilityEachAccident,Employer's Liability Each Accident,,matchOnce,must be greater or equal to,500000,500000,compliant,Block Requirements,,,false,2,,2026-08-16
"Block Real Estate Services, LLC",69fdf79262446148bd859c0e,69fded1c62446148bd849000,New Lawn LLC,69fdf0e0e45e7dcf5c43916b,"prg806 - Pine Ridge Building E-2 {PERG BUILDINGS, LLC}",evidenceOfInsurance,Evidence of Insurance,workersCompensation,Workers' Compensation and Employer's Liability,evidenceOfInsuranceWorkersCompensationEmployersLiabilityDiseaseEachEmployee,Employer's Liability Disease - each employee,,matchOnce,must be greater or equal to,500000,500000,compliant,Block Requirements,,,false,2,,2026-08-16
"Block Real Estate Services, LLC",69fdf79262446148bd859c0e,69fded1c62446148bd849000,New Lawn LLC,69fdf0e0e45e7dcf5c43916b,"prg806 - Pine Ridge Building E-2 {PERG BUILDINGS, LLC}",evidenceOfInsurance,Evidence of Insurance,workersCompensation,Workers' Compensation and Employer's Liability,evidenceOfInsuranceWorkersCompensationEmployersLiabilityDiseasePolicyLimit,Employer's Liability Disease - policy limit,,matchOnce,must be greater or equal to,500000,500000,compliant,Block Requirements,,,false,2,,2026-08-16
"Block Real Estate Services, LLC",69fdf79262446148bd859c0e,69fded1c62446148bd849000,New Lawn LLC,69fdf0e0e45e7dcf5c43916b,"prg806 - Pine Ridge Building E-2 {PERG BUILDINGS, LLC}",evidenceOfInsurance,Evidence of Insurance,workersCompensation,Workers' Compensation and Employer's Liability,evidenceOfInsuranceWorkersCompensationWaiverOfSubrogationEndorsement,Waiver of Subrogation,"---prompt---
Determine if the insurer has waived their right of subrogation in favor of the certificate holder under the Workers' Compensation policy. Evidence may include: a checked ""Waiver of Subrogation"" box on the certificate, mention in the Description of Operations section stating ""waiver of subrogation applies"", or reference to form WC 00 03 13. Look for language like ""subrogation is waived"" or ""per written contract"".",matchOnce,must be present,,Present,compliant,Block Requirements,,,false,2,,2026-08-16
"Block Real Estate Services, LLC",69fdf79262446148bd859c0e,69fded1c62446148bd849000,New Lawn LLC,69fdf0e0e45e7dcf5c43916b,"prg806 - Pine Ridge Building E-2 {PERG BUILDINGS, LLC}",evidenceOfInsurance,Evidence of Insurance,6ac20aae-5728-5d57-b364-aeba38527dba,Additional Requirements,4da5b0f1-4c9d-5885-8cf8-5d3cccaed3e0,"Block Real Estate Services, LLC and all others required by contract are named as Additional Insureds","---prompt---
Determine if the Description of Operations or the Additional Remarks Schedule section states the ""Additional Insured as Construction Management, Inc. and all others required by contract"" or reference to blanket additional insured coverage. Look for language like ""certificate holder is additional insured"" or ""per written contract"".",matchOnce,must be present,,Present,compliant,Block Requirements,,,true,1,,2026-08-16
"Block Real Estate Services, LLC",69fdf79262446148bd859c0e,69fded1c62446148bd849000,New Lawn LLC,69fdf0e0e45e7dcf5c43916b,"prg806 - Pine Ridge Building E-2 {PERG BUILDINGS, LLC}",evidenceOfInsurance,Evidence of Insurance,6ac20aae-5728-5d57-b364-aeba38527dba,Additional Requirements,e1017741-e47e-5f58-97b8-fbc3043e919f,Umbrella follows form over General Liability,"---prompt---
Determine if the Umbrella/Excess Liability policy follows form to the underlying policies. Evidence may include: language in the Description of Operations section stating the umbrella follows form to underlying coverages or an additional page endorsement stating that it follows form. Follow form means the umbrella policy adopts the same terms, conditions, and exclusions as the underlying policies.",matchOnce,must be present,,Present,compliant,Block Requirements,,,true,1,,2026-08-16
"Block Real Estate Services, LLC",69fdf79262446148bd859c0e,69fded1c62446148bd849000,New Lawn LLC,69fdf0e0e45e7dcf5c43916b,"prg806 - Pine Ridge Building E-2 {PERG BUILDINGS, LLC}",evidenceOfInsurance,Evidence of Insurance,6ac20aae-5728-5d57-b364-aeba38527dba,Additional Requirements,2cdd866f-c9a4-576a-afd8-1d045762790c,The location must be listed as: 8331 Melrose Drive Lenexa KS 66214,,matchOnce,must be present,,Present,compliant,Block Requirements,,,true,1,,2026-08-16
"Block Real Estate Services, LLC",69fdf79262446148bd859c0e,69fded1c62446148bd849000,New Lawn LLC,69fdf0e0e45e7dcf5c43916b,"prg806 - Pine Ridge Building E-2 {PERG BUILDINGS, LLC}",evidenceOfInsurance,Evidence of Insurance,6ac20aae-5728-5d57-b364-aeba38527dba,Additional Requirements,3649e9d1-4e09-59bf-8f30-cb33c40cf117,"Certificate Holder must read: c/o Block Real Estate Services, LLC, 4622 Pennsylvania St., Suite 700, Kansas City, MO, 64112",,matchOnce,must be present,,Present,compliant,Block Requirements,,,true,1,,2026-08-16
"Block Real Estate Services, LLC",69fdf79262446148bd859c0d,69fded1b62446148bd848faf,"Midwest Administrative Services, LLC (fka Fail-Safe Product Protection, Inc.)",69fdf0e0e45e7dcf5c43916b,"prg806 - Pine Ridge Building E-2 {PERG BUILDINGS, LLC}",evidenceOfInsurance,Evidence of Insurance,commercialGeneralLiability,Commercial General Liability,evidenceOfInsuranceCommercialGeneralLiabilityCoverageTriggerOccurrence,Coverage Trigger: Occurrence,,matchOnce,must be present,,,non_compliant,Block Requirements,,,false,0,,2026-08-16
"Block Real Estate Services, LLC",69fdf79262446148bd859c0d,69fded1b62446148bd848faf,"Midwest Administrative Services, LLC (fka Fail-Safe Product Protection, Inc.)",69fdf0e0e45e7dcf5c43916b,"prg806 - Pine Ridge Building E-2 {PERG BUILDINGS, LLC}",evidenceOfInsurance,Evidence of Insurance,commercialGeneralLiability,Commercial General Liability,evidenceOfInsuranceCommercialGeneralLiabilityGeneralAggregateLimitAppliesPerLocation,General Aggregate Limit Applies per: Location,,matchOnce,must be present,,,non_compliant,Block Requirements,,,false,0,,2026-08-16
"Block Real Estate Services, LLC",69fdf79262446148bd859c0d,69fded1b62446148bd848faf,"Midwest Administrative Services, LLC (fka Fail-Safe Product Protection, Inc.)",69fdf0e0e45e7dcf5c43916b,"prg806 - Pine Ridge Building E-2 {PERG BUILDINGS, LLC}",evidenceOfInsurance,Evidence of Insurance,commercialGeneralLiability,Commercial General Liability,evidenceOfInsuranceCommercialGeneralLiabilityEachOccurrence,Each Occurrence,,matchOnce,must be greater or equal to,1000000,,non_compliant,Block Requirements,,,false,0,,2026-08-16
"Block Real Estate Services, LLC",69fdf79262446148bd859c0d,69fded1b62446148bd848faf,"Midwest Administrative Services, LLC (fka Fail-Safe Product Protection, Inc.)",69fdf0e0e45e7dcf5c43916b,"prg806 - Pine Ridge Building E-2 {PERG BUILDINGS, LLC}",evidenceOfInsurance,Evidence of Insurance,commercialGeneralLiability,Commercial General Liability,evidenceOfInsuranceCommercialGeneralLiabilityGeneralAggregate,General Aggregate,,matchOnce,must be greater or equal to,2000000,,non_compliant,Block Requirements,,,false,0,,2026-08-16
"Block Real Estate Services, LLC",69fdf79262446148bd859c0d,69fded1b62446148bd848faf,"Midwest Administrative Services, LLC (fka Fail-Safe Product Protection, Inc.)",69fdf0e0e45e7dcf5c43916b,"prg806 - Pine Ridge Building E-2 {PERG BUILDINGS, LLC}",evidenceOfInsurance,Evidence of Insurance,commercialGeneralLiability,Commercial General Liability,evidenceOfInsuranceCommercialGeneralLiabilityWaiverOfSubrogationEndorsement,Waiver of Subrogation,"---prompt---
Determine if the insurer has waived their right of subrogation in favor of the certificate holder under the Commercial General Liability policy. Evidence may include: a checked ""Waiver of Subrogation"" box on the certificate, mention in the Description of Operations section stating ""waiver of subrogation applies"", or reference to form CG 24 04. Look for language like ""subrogation is waived"" or ""per written contract"".",matchOnce,must be present,,,non_compliant,Block Requirements,,,false,0,,2026-08-16
"Block Real Estate Services, LLC",69fdf79262446148bd859c0d,69fded1b62446148bd848faf,"Midwest Administrative Services, LLC (fka Fail-Safe Product Protection, Inc.)",69fdf0e0e45e7dcf5c43916b,"prg806 - Pine Ridge Building E-2 {PERG BUILDINGS, LLC}",evidenceOfInsurance,Evidence of Insurance,excessOrUmbrellaLiability,Umbrella/Excess Liability,evidenceOfInsuranceExcessOrUmbrellaLiabilityOccurence,Coverage Trigger: Occurrence,,matchOnce,must be present,,,non_compliant,Block Requirements,,,false,0,,2026-08-16
"Block Real Estate Services, LLC",69fdf79262446148bd859c0d,69fded1b62446148bd848faf,"Midwest Administrative Services, LLC (fka Fail-Safe Product Protection, Inc.)",69fdf0e0e45e7dcf5c43916b,"prg806 - Pine Ridge Building E-2 {PERG BUILDINGS, LLC}",evidenceOfInsurance,Evidence of Insurance,excessOrUmbrellaLiability,Umbrella/Excess Liability,evidenceOfInsuranceExcessOrUmbrellaLiabilityEachOccurrence,Each Occurrence,,matchOnce,must be greater or equal to,1000000,,non_compliant,Block Requirements,,,false,0,,2026-08-16
"Block Real Estate Services, LLC",69fdf79262446148bd859c0d,69fded1b62446148bd848faf,"Midwest Administrative Services, LLC (fka Fail-Safe Product Protection, Inc.)",69fdf0e0e45e7dcf5c43916b,"prg806 - Pine Ridge Building E-2 {PERG BUILDINGS, LLC}",evidenceOfInsurance,Evidence of Insurance,excessOrUmbrellaLiability,Umbrella/Excess Liability,evidenceOfInsuranceExcessOrUmbrellaLiabilityAggregate,Aggregate,,matchOnce,must be greater or equal to,1000000,,non_compliant,Block Requirements,,,false,0,,2026-08-16
"Block Real Estate Services, LLC",69fdf79262446148bd859c0d,69fded1b62446148bd848faf,"Midwest Administrative Services, LLC (fka Fail-Safe Product Protection, Inc.)",69fdf0e0e45e7dcf5c43916b,"prg806 - Pine Ridge Building E-2 {PERG BUILDINGS, LLC}",evidenceOfInsurance,Evidence of Insurance,workersCompensation,Workers' Compensation and Employer's Liability,evidenceOfInsuranceWorkersCompensationStatutoryLimits,Statutory Limits,,matchOnce,must be present,,Present,compliant,Block Requirements,,,false,1,,2026-08-16
"Block Real Estate Services, LLC",69fdf79262446148bd859c0d,69fded1b62446148bd848faf,"Midwest Administrative Services, LLC (fka Fail-Safe Product Protection, Inc.)",69fdf0e0e45e7dcf5c43916b,"prg806 - Pine Ridge Building E-2 {PERG BUILDINGS, LLC}",evidenceOfInsurance,Evidence of Insurance,workersCompensation,Workers' Compensation and Employer's Liability,evidenceOfInsuranceWorkersCompensationEmployersLiabilityEachAccident,Employer's Liability Each Accident,,matchOnce,must be greater or equal to,500000,500000,compliant,Block Requirements,,,false,1,,2026-08-16
"Block Real Estate Services, LLC",69fdf79262446148bd859c0d,69fded1b62446148bd848faf,"Midwest Administrative Services, LLC (fka Fail-Safe Product Protection, Inc.)",69fdf0e0e45e7dcf5c43916b,"prg806 - Pine Ridge Building E-2 {PERG BUILDINGS, LLC}",evidenceOfInsurance,Evidence of Insurance,workersCompensation,Workers' Compensation and Employer's Liability,evidenceOfInsuranceWorkersCompensationEmployersLiabilityDiseaseEachEmployee,Employer's Liability Disease - each employee,,matchOnce,must be greater or equal to,500000,500000,compliant,Block Requirements,,,false,1,,2026-08-16
"Block Real Estate Services, LLC",69fdf79262446148bd859c0d,69fded1b62446148bd848faf,"Midwest Administrative Services, LLC (fka Fail-Safe Product Protection, Inc.)",69fdf0e0e45e7dcf5c43916b,"prg806 - Pine Ridge Building E-2 {PERG BUILDINGS, LLC}",evidenceOfInsurance,Evidence of Insurance,workersCompensation,Workers' Compensation and Employer's Liability,evidenceOfInsuranceWorkersCompensationEmployersLiabilityDiseasePolicyLimit,Employer's Liability Disease - policy limit,,matchOnce,must be greater or equal to,500000,500000,compliant,Block Requirements,,,false,1,,2026-08-16
"Block Real Estate Services, LLC",69fdf79262446148bd859c0d,69fded1b62446148bd848faf,"Midwest Administrative Services, LLC (fka Fail-Safe Product Protection, Inc.)",69fdf0e0e45e7dcf5c43916b,"prg806 - Pine Ridge Building E-2 {PERG BUILDINGS, LLC}",evidenceOfInsurance,Evidence of Insurance,workersCompensation,Workers' Compensation and Employer's Liability,evidenceOfInsuranceWorkersCompensationWaiverOfSubrogationEndorsement,Waiver of Subrogation,"---prompt---
Determine if the insurer has waived their right of subrogation in favor of the certificate holder under the Workers' Compensation policy. Evidence may include: a checked ""Waiver of Subrogation"" box on the certificate, mention in the Description of Operations section stating ""waiver of subrogation applies"", or reference to form WC 00 03 13. Look for language like ""subrogation is waived"" or ""per written contract"".",matchOnce,must be present,,,non_compliant,Block Requirements,,,false,0,,2026-08-16
"Block Real Estate Services, LLC",69fdf79262446148bd859c0d,69fded1b62446148bd848faf,"Midwest Administrative Services, LLC (fka Fail-Safe Product Protection, Inc.)",69fdf0e0e45e7dcf5c43916b,"prg806 - Pine Ridge Building E-2 {PERG BUILDINGS, LLC}",evidenceOfInsurance,Evidence of Insurance,6ac20aae-5728-5d57-b364-aeba38527dba,Additional Requirements,4da5b0f1-4c9d-5885-8cf8-5d3cccaed3e0,"Block Real Estate Services, LLC and all others required by contract are named as Additional Insureds","---prompt---
Determine if the Description of Operations or the Additional Remarks Schedule section states the ""Additional Insured as Construction Management, Inc. and all others required by contract"" or reference to blanket additional insured coverage. Look for language like ""certificate holder is additional insured"" or ""per written contract"".",matchOnce,must be present,,,non_compliant,Block Requirements,,,true,0,,2026-08-16
"Block Real Estate Services, LLC",69fdf79262446148bd859c0d,69fded1b62446148bd848faf,"Midwest Administrative Services, LLC (fka Fail-Safe Product Protection, Inc.)",69fdf0e0e45e7dcf5c43916b,"prg806 - Pine Ridge Building E-2 {PERG BUILDINGS, LLC}",evidenceOfInsurance,Evidence of Insurance,6ac20aae-5728-5d57-b364-aeba38527dba,Additional Requirements,e1017741-e47e-5f58-97b8-fbc3043e919f,Umbrella follows form over General Liability,"---prompt---
Determine if the Umbrella/Excess Liability policy follows form to the underlying policies. Evidence may include: language in the Description of Operations section stating the umbrella follows form to underlying coverages or an additional page endorsement stating that it follows form. Follow form means the umbrella policy adopts the same terms, conditions, and exclusions as the underlying policies.",matchOnce,must be present,,,non_compliant,Block Requirements,,,true,0,,2026-08-16
"Block Real Estate Services, LLC",69fdf79262446148bd859c0d,69fded1b62446148bd848faf,"Midwest Administrative Services, LLC (fka Fail-Safe Product Protection, Inc.)",69fdf0e0e45e7dcf5c43916b,"prg806 - Pine Ridge Building E-2 {PERG BUILDINGS, LLC}",evidenceOfInsurance,Evidence of Insurance,6ac20aae-5728-5d57-b364-aeba38527dba,Additional Requirements,2cdd866f-c9a4-576a-afd8-1d045762790c,The location must be listed as: 8321 Melrose Drive Lenexa KS 66214,,matchOnce,must be present,,,non_compliant,Block Requirements,,,true,0,,2026-08-16
"Block Real Estate Services, LLC",69fdf79262446148bd859c0d,69fded1b62446148bd848faf,"Midwest Administrative Services, LLC (fka Fail-Safe Product Protection, Inc.)",69fdf0e0e45e7dcf5c43916b,"prg806 - Pine Ridge Building E-2 {PERG BUILDINGS, LLC}",evidenceOfInsurance,Evidence of Insurance,6ac20aae-5728-5d57-b364-aeba38527dba,Additional Requirements,3649e9d1-4e09-59bf-8f30-cb33c40cf117,"Certificate Holder must read: c/o Block Real Estate Services, LLC, 4622 Pennsylvania St., Suite 700, Kansas City, MO, 64112",,matchOnce,must be present,,,non_compliant,Block Requirements,,,true,0,,2026-08-16
"Block Real Estate Services, LLC",69fdf79262446148bd859c0a,69fded0d62446148bd848b77,"Apex Products, LLC",69fdf0e0e45e7dcf5c43916b,"prg806 - Pine Ridge Building E-2 {PERG BUILDINGS, LLC}",evidenceOfInsurance,Evidence of Insurance,commercialGeneralLiability,Commercial General Liability,evidenceOfInsuranceCommercialGeneralLiabilityCoverageTriggerOccurrence,Coverage Trigger: Occurrence,,matchOnce,must be present,,Present,compliant,Block Requirements,,,false,1,,2026-08-16
"Block Real Estate Services, LLC",69fdf79262446148bd859c0a,69fded0d62446148bd848b77,"Apex Products, LLC",69fdf0e0e45e7dcf5c43916b,"prg806 - Pine Ridge Building E-2 {PERG BUILDINGS, LLC}",evidenceOfInsurance,Evidence of Insurance,commercialGeneralLiability,Commercial General Liability,evidenceOfInsuranceCommercialGeneralLiabilityGeneralAggregateLimitAppliesPerLocation,General Aggregate Limit Applies per: Location,,matchOnce,must be present,,,waived,Block Requirements,Per location not a requirement in the lease,,false,0,,2026-08-16
"Block Real Estate Services, LLC",69fdf79262446148bd859c0a,69fded0d62446148bd848b77,"Apex Products, LLC",69fdf0e0e45e7dcf5c43916b,"prg806 - Pine Ridge Building E-2 {PERG BUILDINGS, LLC}",evidenceOfInsurance,Evidence of Insurance,commercialGeneralLiability,Commercial General Liability,evidenceOfInsuranceCommercialGeneralLiabilityEachOccurrence,Each Occurrence,,matchOnce,must be greater or equal to,1000000,1000000,compliant,Block Requirements,,,false,1,,2026-08-16
"Block Real Estate Services, LLC",69fdf79262446148bd859c0a,69fded0d62446148bd848b77,"Apex Products, LLC",69fdf0e0e45e7dcf5c43916b,"prg806 - Pine Ridge Building E-2 {PERG BUILDINGS, LLC}",evidenceOfInsurance,Evidence of Insurance,commercialGeneralLiability,Commercial General Liability,evidenceOfInsuranceCommercialGeneralLiabilityGeneralAggregate,General Aggregate,,matchOnce,must be greater or equal to,2000000,2000000,compliant,Block Requirements,,,false,1,,2026-08-16
"Block Real Estate Services, LLC",69fdf79262446148bd859c0a,69fded0d62446148bd848b77,"Apex Products, LLC",69fdf0e0e45e7dcf5c43916b,"prg806 - Pine Ridge Building E-2 {PERG BUILDINGS, LLC}",evidenceOfInsurance,Evidence of Insurance,commercialGeneralLiability,Commercial General Liability,evidenceOfInsuranceCommercialGeneralLiabilityWaiverOfSubrogationEndorsement,Waiver of Subrogation,"---prompt---
Determine if the insurer has waived their right of subrogation in favor of the certificate holder under the Commercial General Liability policy. Evidence may include: a checked ""Waiver of Subrogation"" box on the certificate, mention in the Description of Operations section stating ""waiver of subrogation applies"", or reference to form CG 24 04. Look for language like ""subrogation is waived"" or ""per written contract"".",matchOnce,must be present,,Present,compliant,Block Requirements,,,false,1,,2026-08-16
"Block Real Estate Services, LLC",69fdf79262446148bd859c0a,69fded0d62446148bd848b77,"Apex Products, LLC",69fdf0e0e45e7dcf5c43916b,"prg806 - Pine Ridge Building E-2 {PERG BUILDINGS, LLC}",evidenceOfInsurance,Evidence of Insurance,excessOrUmbrellaLiability,Umbrella/Excess Liability,evidenceOfInsuranceExcessOrUmbrellaLiabilityOccurence,Coverage Trigger: Occurrence,,matchOnce,must be present,,,waived,Block Requirements,,,false,0,,2026-08-16
"Block Real Estate Services, LLC",69fdf79262446148bd859c0a,69fded0d62446148bd848b77,"Apex Products, LLC",69fdf0e0e45e7dcf5c43916b,"prg806 - Pine Ridge Building E-2 {PERG BUILDINGS, LLC}",evidenceOfInsurance,Evidence of Insurance,excessOrUmbrellaLiability,Umbrella/Excess Liability,evidenceOfInsuranceExcessOrUmbrellaLiabilityEachOccurrence,Each Occurrence,,matchOnce,must be greater or equal to,1000000,5000000,waived,Block Requirements,,,false,1,,2026-08-16
"Block Real Estate Services, LLC",69fdf79262446148bd859c0a,69fded0d62446148bd848b77,"Apex Products, LLC",69fdf0e0e45e7dcf5c43916b,"prg806 - Pine Ridge Building E-2 {PERG BUILDINGS, LLC}",evidenceOfInsurance,Evidence of Insurance,excessOrUmbrellaLiability,Umbrella/Excess Liability,evidenceOfInsuranceExcessOrUmbrellaLiabilityAggregate,Aggregate,,matchOnce,must be greater or equal to,1000000,5000000,waived,Block Requirements,,,false,1,,2026-08-16
"Block Real Estate Services, LLC",69fdf79262446148bd859c0a,69fded0d62446148bd848b77,"Apex Products, LLC",69fdf0e0e45e7dcf5c43916b,"prg806 - Pine Ridge Building E-2 {PERG BUILDINGS, LLC}",evidenceOfInsurance,Evidence of Insurance,workersCompensation,Workers' Compensation and Employer's Liability,evidenceOfInsuranceWorkersCompensationStatutoryLimits,Statutory Limits,,matchOnce,must be present,,Present,waived,Block Requirements,,,false,1,,2026-08-16
"Block Real Estate Services, LLC",69fdf79262446148bd859c0a,69fded0d62446148bd848b77,"Apex Products, LLC",69fdf0e0e45e7dcf5c43916b,"prg806 - Pine Ridge Building E-2 {PERG BUILDINGS, LLC}",evidenceOfInsurance,Evidence of Insurance,workersCompensation,Workers' Compensation and Employer's Liability,evidenceOfInsuranceWorkersCompensationEmployersLiabilityEachAccident,Employer's Liability Each Accident,,matchOnce,must be greater or equal to,500000,1000000,waived,Block Requirements,,,false,1,,2026-08-16
"Block Real Estate Services, LLC",69fdf79262446148bd859c0a,69fded0d62446148bd848b77,"Apex Products, LLC",69fdf0e0e45e7dcf5c43916b,"prg806 - Pine Ridge Building E-2 {PERG BUILDINGS, LLC}",evidenceOfInsurance,Evidence of Insurance,workersCompensation,Workers' Compensation and Employer's Liability,evidenceOfInsuranceWorkersCompensationEmployersLiabilityDiseaseEachEmployee,Employer's Liability Disease - each employee,,matchOnce,must be greater or equal to,500000,1000000,waived,Block Requirements,,,false,1,,2026-08-16
"Block Real Estate Services, LLC",69fdf79262446148bd859c0a,69fded0d62446148bd848b77,"Apex Products, LLC",69fdf0e0e45e7dcf5c43916b,"prg806 - Pine Ridge Building E-2 {PERG BUILDINGS, LLC}",evidenceOfInsurance,Evidence of Insurance,workersCompensation,Workers' Compensation and Employer's Liability,evidenceOfInsuranceWorkersCompensationEmployersLiabilityDiseasePolicyLimit,Employer's Liability Disease - policy limit,,matchOnce,must be greater or equal to,500000,1000000,waived,Block Requirements,,,false,1,,2026-08-16
"Block Real Estate Services, LLC",69fdf79262446148bd859c0a,69fded0d62446148bd848b77,"Apex Products, LLC",69fdf0e0e45e7dcf5c43916b,"prg806 - Pine Ridge Building E-2 {PERG BUILDINGS, LLC}",evidenceOfInsurance,Evidence of Insurance,workersCompensation,Workers' Compensation and Employer's Liability,evidenceOfInsuranceWorkersCompensationWaiverOfSubrogationEndorsement,Waiver of Subrogation,"---prompt---
Determine if the insurer has waived their right of subrogation in favor of the certificate holder under the Workers' Compensation policy. Evidence may include: a checked ""Waiver of Subrogation"" box on the certificate, mention in the Description of Operations section stating ""waiver of subrogation applies"", or reference to form WC 00 03 13. Look for language like ""subrogation is waived"" or ""per written contract"".",matchOnce,must be present,,,waived,Block Requirements,,,false,0,,2026-08-16
"Block Real Estate Services, LLC",69fdf79262446148bd859c0a,69fded0d62446148bd848b77,"Apex Products, LLC",69fdf0e0e45e7dcf5c43916b,"prg806 - Pine Ridge Building E-2 {PERG BUILDINGS, LLC}",evidenceOfInsurance,Evidence of Insurance,6ac20aae-5728-5d57-b364-aeba38527dba,Additional Requirements,4da5b0f1-4c9d-5885-8cf8-5d3cccaed3e0,"Block Real Estate Services, LLC and all others required by contract are named as Additional Insureds","---prompt---
Determine if the Description of Operations or the Additional Remarks Schedule section states the ""Additional Insured as Construction Management, Inc. and all others required by contract"" or reference to blanket additional insured coverage. Look for language like ""certificate holder is additional insured"" or ""per written contract"".",matchOnce,must be present,,Present,compliant,Block Requirements,,,true,1,,2026-08-16
"Block Real Estate Services, LLC",69fdf79262446148bd859c0a,69fded0d62446148bd848b77,"Apex Products, LLC",69fdf0e0e45e7dcf5c43916b,"prg806 - Pine Ridge Building E-2 {PERG BUILDINGS, LLC}",evidenceOfInsurance,Evidence of Insurance,6ac20aae-5728-5d57-b364-aeba38527dba,Additional Requirements,e1017741-e47e-5f58-97b8-fbc3043e919f,Umbrella follows form over General Liability,"---prompt---
Determine if the Umbrella/Excess Liability policy follows form to the underlying policies. Evidence may include: language in the Description of Operations section stating the umbrella follows form to underlying coverages or an additional page endorsement stating that it follows form. Follow form means the umbrella policy adopts the same terms, conditions, and exclusions as the underlying policies.",matchOnce,must be present,,,waived,Block Requirements,Umbrella Liability not a requirement in the lease,,true,0,,2026-08-16
"Block Real Estate Services, LLC",69fdf79262446148bd859c0a,69fded0d62446148bd848b77,"Apex Products, LLC",69fdf0e0e45e7dcf5c43916b,"prg806 - Pine Ridge Building E-2 {PERG BUILDINGS, LLC}",evidenceOfInsurance,Evidence of Insurance,6ac20aae-5728-5d57-b364-aeba38527dba,Additional Requirements,2cdd866f-c9a4-576a-afd8-1d045762790c,The location must be listed as: 8333 Melrose Drive Lenexa KS 66214,,matchOnce,must be present,,Present,compliant,Block Requirements,,,true,1,,2026-08-16
"Block Real Estate Services, LLC",69fdf79262446148bd859c0a,69fded0d62446148bd848b77,"Apex Products, LLC",69fdf0e0e45e7dcf5c43916b,"prg806 - Pine Ridge Building E-2 {PERG BUILDINGS, LLC}",evidenceOfInsurance,Evidence of Insurance,6ac20aae-5728-5d57-b364-aeba38527dba,Additional Requirements,3649e9d1-4e09-59bf-8f30-cb33c40cf117,"Certificate Holder must read: c/o Block Real Estate Services, LLC, 4622 Pennsylvania St., Suite 700, Kansas City, MO, 64112",,matchOnce,must be present,,Present,compliant,Block Requirements,,,true,1,,2026-08-16
"Block Real Estate Services, LLC",69fdf79262446148bd859c0f,69fded2362446148bd849270,"KCBR DESIGN/REMODEL / Unlimited Contracting, LLC",69fdf0e0e45e7dcf5c43916b,"prg806 - Pine Ridge Building E-2 {PERG BUILDINGS, LLC}",evidenceOfInsurance,Evidence of Insurance,commercialGeneralLiability,Commercial General Liability,evidenceOfInsuranceCommercialGeneralLiabilityCoverageTriggerOccurrence,Coverage Trigger: Occurrence,,matchOnce,must be present,,,non_compliant,Block Requirements,,,false,0,,2026-08-16
"Block Real Estate Services, LLC",69fdf79262446148bd859c0f,69fded2362446148bd849270,"KCBR DESIGN/REMODEL / Unlimited Contracting, LLC",69fdf0e0e45e7dcf5c43916b,"prg806 - Pine Ridge Building E-2 {PERG BUILDINGS, LLC}",evidenceOfInsurance,Evidence of Insurance,commercialGeneralLiability,Commercial General Liability,evidenceOfInsuranceCommercialGeneralLiabilityGeneralAggregateLimitAppliesPerLocation,General Aggregate Limit Applies per: Location,,matchOnce,must be present,,,non_compliant,Block Requirements,,,false,0,,2026-08-16
"Block Real Estate Services, LLC",69fdf79262446148bd859c0f,69fded2362446148bd849270,"KCBR DESIGN/REMODEL / Unlimited Contracting, LLC",69fdf0e0e45e7dcf5c43916b,"prg806 - Pine Ridge Building E-2 {PERG BUILDINGS, LLC}",evidenceOfInsurance,Evidence of Insurance,commercialGeneralLiability,Commercial General Liability,evidenceOfInsuranceCommercialGeneralLiabilityEachOccurrence,Each Occurrence,,matchOnce,must be greater or equal to,1000000,,non_compliant,Block Requirements,,,false,0,,2026-08-16
"Block Real Estate Services, LLC",69fdf79262446148bd859c0f,69fded2362446148bd849270,"KCBR DESIGN/REMODEL / Unlimited Contracting, LLC",69fdf0e0e45e7dcf5c43916b,"prg806 - Pine Ridge Building E-2 {PERG BUILDINGS, LLC}",evidenceOfInsurance,Evidence of Insurance,commercialGeneralLiability,Commercial General Liability,evidenceOfInsuranceCommercialGeneralLiabilityGeneralAggregate,General Aggregate,,matchOnce,must be greater or equal to,2000000,,non_compliant,Block Requirements,,,false,0,,2026-08-16
"Block Real Estate Services, LLC",69fdf79262446148bd859c0f,69fded2362446148bd849270,"KCBR DESIGN/REMODEL / Unlimited Contracting, LLC",69fdf0e0e45e7dcf5c43916b,"prg806 - Pine Ridge Building E-2 {PERG BUILDINGS, LLC}",evidenceOfInsurance,Evidence of Insurance,commercialGeneralLiability,Commercial General Liability,evidenceOfInsuranceCommercialGeneralLiabilityWaiverOfSubrogationEndorsement,Waiver of Subrogation,"---prompt---
Determine if the insurer has waived their right of subrogation in favor of the certificate holder under the Commercial General Liability policy. Evidence may include: a checked ""Waiver of Subrogation"" box on the certificate, mention in the Description of Operations section stating ""waiver of subrogation applies"", or reference to form CG 24 04. Look for language like ""subrogation is waived"" or ""per written contract"".",matchOnce,must be present,,,non_compliant,Block Requirements,,,false,0,,2026-08-16
"Block Real Estate Services, LLC",69fdf79262446148bd859c0f,69fded2362446148bd849270,"KCBR DESIGN/REMODEL / Unlimited Contracting, LLC",69fdf0e0e45e7dcf5c43916b,"prg806 - Pine Ridge Building E-2 {PERG BUILDINGS, LLC}",evidenceOfInsurance,Evidence of Insurance,excessOrUmbrellaLiability,Umbrella/Excess Liability,evidenceOfInsuranceExcessOrUmbrellaLiabilityOccurence,Coverage Trigger: Occurrence,,matchOnce,must be present,,,non_compliant,Block Requirements,,,false,0,,2026-08-16
"Block Real Estate Services, LLC",69fdf79262446148bd859c0f,69fded2362446148bd849270,"KCBR DESIGN/REMODEL / Unlimited Contracting, LLC",69fdf0e0e45e7dcf5c43916b,"prg806 - Pine Ridge Building E-2 {PERG BUILDINGS, LLC}",evidenceOfInsurance,Evidence of Insurance,excessOrUmbrellaLiability,Umbrella/Excess Liability,evidenceOfInsuranceExcessOrUmbrellaLiabilityEachOccurrence,Each Occurrence,,matchOnce,must be greater or equal to,1000000,,non_compliant,Block Requirements,,,false,0,,2026-08-16
"Block Real Estate Services, LLC",69fdf79262446148bd859c0f,69fded2362446148bd849270,"KCBR DESIGN/REMODEL / Unlimited Contracting, LLC",69fdf0e0e45e7dcf5c43916b,"prg806 - Pine Ridge Building E-2 {PERG BUILDINGS, LLC}",evidenceOfInsurance,Evidence of Insurance,excessOrUmbrellaLiability,Umbrella/Excess Liability,evidenceOfInsuranceExcessOrUmbrellaLiabilityAggregate,Aggregate,,matchOnce,must be greater or equal to,1000000,,non_compliant,Block Requirements,,,false,0,,2026-08-16
"Block Real Estate Services, LLC",69fdf79262446148bd859c0f,69fded2362446148bd849270,"KCBR DESIGN/REMODEL / Unlimited Contracting, LLC",69fdf0e0e45e7dcf5c43916b,"prg806 - Pine Ridge Building E-2 {PERG BUILDINGS, LLC}",evidenceOfInsurance,Evidence of Insurance,workersCompensation,Workers' Compensation and Employer's Liability,evidenceOfInsuranceWorkersCompensationStatutoryLimits,Statutory Limits,,matchOnce,must be present,,,non_compliant,Block Requirements,,,false,0,,2026-08-16
"Block Real Estate Services, LLC",69fdf79262446148bd859c0f,69fded2362446148bd849270,"KCBR DESIGN/REMODEL / Unlimited Contracting, LLC",69fdf0e0e45e7dcf5c43916b,"prg806 - Pine Ridge Building E-2 {PERG BUILDINGS, LLC}",evidenceOfInsurance,Evidence of Insurance,workersCompensation,Workers' Compensation and Employer's Liability,evidenceOfInsuranceWorkersCompensationEmployersLiabilityEachAccident,Employer's Liability Each Accident,,matchOnce,must be greater or equal to,500000,,non_compliant,Block Requirements,,,false,0,,2026-08-16
"Block Real Estate Services, LLC",69fdf79262446148bd859c0f,69fded2362446148bd849270,"KCBR DESIGN/REMODEL / Unlimited Contracting, LLC",69fdf0e0e45e7dcf5c43916b,"prg806 - Pine Ridge Building E-2 {PERG BUILDINGS, LLC}",evidenceOfInsurance,Evidence of Insurance,workersCompensation,Workers' Compensation and Employer's Liability,evidenceOfInsuranceWorkersCompensationEmployersLiabilityDiseaseEachEmployee,Employer's Liability Disease - each employee,,matchOnce,must be greater or equal to,500000,,non_compliant,Block Requirements,,,false,0,,2026-08-16
"Block Real Estate Services, LLC",69fdf79262446148bd859c0f,69fded2362446148bd849270,"KCBR DESIGN/REMODEL / Unlimited Contracting, LLC",69fdf0e0e45e7dcf5c43916b,"prg806 - Pine Ridge Building E-2 {PERG BUILDINGS, LLC}",evidenceOfInsurance,Evidence of Insurance,workersCompensation,Workers' Compensation and Employer's Liability,evidenceOfInsuranceWorkersCompensationEmployersLiabilityDiseasePolicyLimit,Employer's Liability Disease - policy limit,,matchOnce,must be greater or equal to,500000,,non_compliant,Block Requirements,,,false,0,,2026-08-16
"Block Real Estate Services, LLC",69fdf79262446148bd859c0f,69fded2362446148bd849270,"KCBR DESIGN/REMODEL / Unlimited Contracting, LLC",69fdf0e0e45e7dcf5c43916b,"prg806 - Pine Ridge Building E-2 {PERG BUILDINGS, LLC}",evidenceOfInsurance,Evidence of Insurance,workersCompensation,Workers' Compensation and Employer's Liability,evidenceOfInsuranceWorkersCompensationWaiverOfSubrogationEndorsement,Waiver of Subrogation,"---prompt---
Determine if the insurer has waived their right of subrogation in favor of the certificate holder under the Workers' Compensation policy. Evidence may include: a checked ""Waiver of Subrogation"" box on the certificate, mention in the Description of Operations section stating ""waiver of subrogation applies"", or reference to form WC 00 03 13. Look for language like ""subrogation is waived"" or ""per written contract"".",matchOnce,must be present,,,non_compliant,Block Requirements,,,false,0,,2026-08-16
"Block Real Estate Services, LLC",69fdf79262446148bd859c0f,69fded2362446148bd849270,"KCBR DESIGN/REMODEL / Unlimited Contracting, LLC",69fdf0e0e45e7dcf5c43916b,"prg806 - Pine Ridge Building E-2 {PERG BUILDINGS, LLC}",evidenceOfInsurance,Evidence of Insurance,6ac20aae-5728-5d57-b364-aeba38527dba,Additional Requirements,4da5b0f1-4c9d-5885-8cf8-5d3cccaed3e0,"Block Real Estate Services, LLC and all others required by contract are named as Additional Insureds","---prompt---
Determine if the Description of Operations or the Additional Remarks Schedule section states the ""Additional Insured as Construction Management, Inc. and all others required by contract"" or reference to blanket additional insured coverage. Look for language like ""certificate holder is additional insured"" or ""per written contract"".",matchOnce,must be present,,,non_compliant,Block Requirements,,,true,0,,2026-08-16
"Block Real Estate Services, LLC",69fdf79262446148bd859c0f,69fded2362446148bd849270,"KCBR DESIGN/REMODEL / Unlimited Contracting, LLC",69fdf0e0e45e7dcf5c43916b,"prg806 - Pine Ridge Building E-2 {PERG BUILDINGS, LLC}",evidenceOfInsurance,Evidence of Insurance,6ac20aae-5728-5d57-b364-aeba38527dba,Additional Requirements,e1017741-e47e-5f58-97b8-fbc3043e919f,Umbrella follows form over General Liability,"---prompt---
Determine if the Umbrella/Excess Liability policy follows form to the underlying policies. Evidence may include: language in the Description of Operations section stating the umbrella follows form to underlying coverages or an additional page endorsement stating that it follows form. Follow form means the umbrella policy adopts the same terms, conditions, and exclusions as the underlying policies.",matchOnce,must be present,,,non_compliant,Block Requirements,,,true,0,,2026-08-16
"Block Real Estate Services, LLC",69fdf79262446148bd859c0f,69fded2362446148bd849270,"KCBR DESIGN/REMODEL / Unlimited Contracting, LLC",69fdf0e0e45e7dcf5c43916b,"prg806 - Pine Ridge Building E-2 {PERG BUILDINGS, LLC}",evidenceOfInsurance,Evidence of Insurance,6ac20aae-5728-5d57-b364-aeba38527dba,Additional Requirements,2cdd866f-c9a4-576a-afd8-1d045762790c,"The location must be listed as: 8317, 8319 Melrose Drive Lenexa KS 66214",,matchOnce,must be present,,,non_compliant,Block Requirements,,,true,0,,2026-08-16
"Block Real Estate Services, LLC",69fdf79262446148bd859c0f,69fded2362446148bd849270,"KCBR DESIGN/REMODEL / Unlimited Contracting, LLC",69fdf0e0e45e7dcf5c43916b,"prg806 - Pine Ridge Building E-2 {PERG BUILDINGS, LLC}",evidenceOfInsurance,Evidence of Insurance,6ac20aae-5728-5d57-b364-aeba38527dba,Additional Requirements,3649e9d1-4e09-59bf-8f30-cb33c40cf117,"Certificate Holder must read: c/o Block Real Estate Services, LLC, 4622 Pennsylvania St., Suite 700, Kansas City, MO, 64112",,matchOnce,must be present,,,non_compliant,Block Requirements,,,true,0,,2026-08-16
"Block Real Estate Services, LLC",69fdf79262446148bd859c0b,69fded1162446148bd848c8e,Coffel Construction LLC,69fdf0e0e45e7dcf5c43916b,"prg806 - Pine Ridge Building E-2 {PERG BUILDINGS, LLC}",evidenceOfInsurance,Evidence of Insurance,commercialGeneralLiability,Commercial General Liability,evidenceOfInsuranceCommercialGeneralLiabilityCoverageTriggerOccurrence,Coverage Trigger: Occurrence,,matchOnce,must be present,,,non_compliant,Block Requirements,,,false,0,,2026-08-16
"Block Real Estate Services, LLC",69fdf79262446148bd859c0b,69fded1162446148bd848c8e,Coffel Construction LLC,69fdf0e0e45e7dcf5c43916b,"prg806 - Pine Ridge Building E-2 {PERG BUILDINGS, LLC}",evidenceOfInsurance,Evidence of Insurance,commercialGeneralLiability,Commercial General Liability,evidenceOfInsuranceCommercialGeneralLiabilityGeneralAggregateLimitAppliesPerLocation,General Aggregate Limit Applies per: Location,,matchOnce,must be present,,,non_compliant,Block Requirements,,,false,0,,2026-08-16
"Block Real Estate Services, LLC",69fdf79262446148bd859c0b,69fded1162446148bd848c8e,Coffel Construction LLC,69fdf0e0e45e7dcf5c43916b,"prg806 - Pine Ridge Building E-2 {PERG BUILDINGS, LLC}",evidenceOfInsurance,Evidence of Insurance,commercialGeneralLiability,Commercial General Liability,evidenceOfInsuranceCommercialGeneralLiabilityEachOccurrence,Each Occurrence,,matchOnce,must be greater or equal to,1000000,,non_compliant,Block Requirements,,,false,0,,2026-08-16
"Block Real Estate Services, LLC",69fdf79262446148bd859c0b,69fded1162446148bd848c8e,Coffel Construction LLC,69fdf0e0e45e7dcf5c43916b,"prg806 - Pine Ridge Building E-2 {PERG BUILDINGS, LLC}",evidenceOfInsurance,Evidence of Insurance,commercialGeneralLiability,Commercial General Liability,evidenceOfInsuranceCommercialGeneralLiabilityGeneralAggregate,General Aggregate,,matchOnce,must be greater or equal to,2000000,,non_compliant,Block Requirements,,,false,0,,2026-08-16
"Block Real Estate Services, LLC",69fdf79262446148bd859c0b,69fded1162446148bd848c8e,Coffel Construction LLC,69fdf0e0e45e7dcf5c43916b,"prg806 - Pine Ridge Building E-2 {PERG BUILDINGS, LLC}",evidenceOfInsurance,Evidence of Insurance,commercialGeneralLiability,Commercial General Liability,evidenceOfInsuranceCommercialGeneralLiabilityWaiverOfSubrogationEndorsement,Waiver of Subrogation,"---prompt---
Determine if the insurer has waived their right of subrogation in favor of the certificate holder under the Commercial General Liability policy. Evidence may include: a checked ""Waiver of Subrogation"" box on the certificate, mention in the Description of Operations section stating ""waiver of subrogation applies"", or reference to form CG 24 04. Look for language like ""subrogation is waived"" or ""per written contract"".",matchOnce,must be present,,,non_compliant,Block Requirements,,,false,0,,2026-08-16
"Block Real Estate Services, LLC",69fdf79262446148bd859c0b,69fded1162446148bd848c8e,Coffel Construction LLC,69fdf0e0e45e7dcf5c43916b,"prg806 - Pine Ridge Building E-2 {PERG BUILDINGS, LLC}",evidenceOfInsurance,Evidence of Insurance,excessOrUmbrellaLiability,Umbrella/Excess Liability,evidenceOfInsuranceExcessOrUmbrellaLiabilityOccurence,Coverage Trigger: Occurrence,,matchOnce,must be present,,,non_compliant,Block Requirements,,,false,0,,2026-08-16
"Block Real Estate Services, LLC",69fdf79262446148bd859c0b,69fded1162446148bd848c8e,Coffel Construction LLC,69fdf0e0e45e7dcf5c43916b,"prg806 - Pine Ridge Building E-2 {PERG BUILDINGS, LLC}",evidenceOfInsurance,Evidence of Insurance,excessOrUmbrellaLiability,Umbrella/Excess Liability,evidenceOfInsuranceExcessOrUmbrellaLiabilityEachOccurrence,Each Occurrence,,matchOnce,must be greater or equal to,1000000,,non_compliant,Block Requirements,,,false,0,,2026-08-16
"Block Real Estate Services, LLC",69fdf79262446148bd859c0b,69fded1162446148bd848c8e,Coffel Construction LLC,69fdf0e0e45e7dcf5c43916b,"prg806 - Pine Ridge Building E-2 {PERG BUILDINGS, LLC}",evidenceOfInsurance,Evidence of Insurance,excessOrUmbrellaLiability,Umbrella/Excess Liability,evidenceOfInsuranceExcessOrUmbrellaLiabilityAggregate,Aggregate,,matchOnce,must be greater or equal to,1000000,,non_compliant,Block Requirements,,,false,0,,2026-08-16
"Block Real Estate Services, LLC",69fdf79262446148bd859c0b,69fded1162446148bd848c8e,Coffel Construction LLC,69fdf0e0e45e7dcf5c43916b,"prg806 - Pine Ridge Building E-2 {PERG BUILDINGS, LLC}",evidenceOfInsurance,Evidence of Insurance,workersCompensation,Workers' Compensation and Employer's Liability,evidenceOfInsuranceWorkersCompensationStatutoryLimits,Statutory Limits,,matchOnce,must be present,,,non_compliant,Block Requirements,,,false,0,,2026-08-16
"Block Real Estate Services, LLC",69fdf79262446148bd859c0b,69fded1162446148bd848c8e,Coffel Construction LLC,69fdf0e0e45e7dcf5c43916b,"prg806 - Pine Ridge Building E-2 {PERG BUILDINGS, LLC}",evidenceOfInsurance,Evidence of Insurance,workersCompensation,Workers' Compensation and Employer's Liability,evidenceOfInsuranceWorkersCompensationEmployersLiabilityEachAccident,Employer's Liability Each Accident,,matchOnce,must be greater or equal to,500000,,non_compliant,Block Requirements,,,false,0,,2026-08-16
"Block Real Estate Services, LLC",69fdf79262446148bd859c0b,69fded1162446148bd848c8e,Coffel Construction LLC,69fdf0e0e45e7dcf5c43916b,"prg806 - Pine Ridge Building E-2 {PERG BUILDINGS, LLC}",evidenceOfInsurance,Evidence of Insurance,workersCompensation,Workers' Compensation and Employer's Liability,evidenceOfInsuranceWorkersCompensationEmployersLiabilityDiseaseEachEmployee,Employer's Liability Disease - each employee,,matchOnce,must be greater or equal to,500000,,non_compliant,Block Requirements,,,false,0,,2026-08-16
"Block Real Estate Services, LLC",69fdf79262446148bd859c0b,69fded1162446148bd848c8e,Coffel Construction LLC,69fdf0e0e45e7dcf5c43916b,"prg806 - Pine Ridge Building E-2 {PERG BUILDINGS, LLC}",evidenceOfInsurance,Evidence of Insurance,workersCompensation,Workers' Compensation and Employer's Liability,evidenceOfInsuranceWorkersCompensationEmployersLiabilityDiseasePolicyLimit,Employer's Liability Disease - policy limit,,matchOnce,must be greater or equal to,500000,,non_compliant,Block Requirements,,,false,0,,2026-08-16
"Block Real Estate Services, LLC",69fdf79262446148bd859c0b,69fded1162446148bd848c8e,Coffel Construction LLC,69fdf0e0e45e7dcf5c43916b,"prg806 - Pine Ridge Building E-2 {PERG BUILDINGS, LLC}",evidenceOfInsurance,Evidence of Insurance,workersCompensation,Workers' Compensation and Employer's Liability,evidenceOfInsuranceWorkersCompensationWaiverOfSubrogationEndorsement,Waiver of Subrogation,"---prompt---
Determine if the insurer has waived their right of subrogation in favor of the certificate holder under the Workers' Compensation policy. Evidence may include: a checked ""Waiver of Subrogation"" box on the certificate, mention in the Description of Operations section stating ""waiver of subrogation applies"", or reference to form WC 00 03 13. Look for language like ""subrogation is waived"" or ""per written contract"".",matchOnce,must be present,,,non_compliant,Block Requirements,,,false,0,,2026-08-16
"Block Real Estate Services, LLC",69fdf79262446148bd859c0b,69fded1162446148bd848c8e,Coffel Construction LLC,69fdf0e0e45e7dcf5c43916b,"prg806 - Pine Ridge Building E-2 {PERG BUILDINGS, LLC}",evidenceOfInsurance,Evidence of Insurance,6ac20aae-5728-5d57-b364-aeba38527dba,Additional Requirements,4da5b0f1-4c9d-5885-8cf8-5d3cccaed3e0,"Block Real Estate Services, LLC and all others required by contract are named as Additional Insureds","---prompt---
Determine if the Description of Operations or the Additional Remarks Schedule section states the ""Additional Insured as Construction Management, Inc. and all others required by contract"" or reference to blanket additional insured coverage. Look for language like ""certificate holder is additional insured"" or ""per written contract"".",matchOnce,must be present,,,non_compliant,Block Requirements,,,true,0,,2026-08-16
"Block Real Estate Services, LLC",69fdf79262446148bd859c0b,69fded1162446148bd848c8e,Coffel Construction LLC,69fdf0e0e45e7dcf5c43916b,"prg806 - Pine Ridge Building E-2 {PERG BUILDINGS, LLC}",evidenceOfInsurance,Evidence of Insurance,6ac20aae-5728-5d57-b364-aeba38527dba,Additional Requirements,e1017741-e47e-5f58-97b8-fbc3043e919f,Umbrella follows form over General Liability,"---prompt---
Determine if the Umbrella/Excess Liability policy follows form to the underlying policies. Evidence may include: language in the Description of Operations section stating the umbrella follows form to underlying coverages or an additional page endorsement stating that it follows form. Follow form means the umbrella policy adopts the same terms, conditions, and exclusions as the underlying policies.",matchOnce,must be present,,,non_compliant,Block Requirements,,,true,0,,2026-08-16
"Block Real Estate Services, LLC",69fdf79262446148bd859c0b,69fded1162446148bd848c8e,Coffel Construction LLC,69fdf0e0e45e7dcf5c43916b,"prg806 - Pine Ridge Building E-2 {PERG BUILDINGS, LLC}",evidenceOfInsurance,Evidence of Insurance,6ac20aae-5728-5d57-b364-aeba38527dba,Additional Requirements,2cdd866f-c9a4-576a-afd8-1d045762790c,The location must be listed as: 8329 Melrose Drive Lenexa KS 66214,,matchOnce,must be present,,,non_compliant,Block Requirements,,,true,0,,2026-08-16
"Block Real Estate Services, LLC",69fdf79262446148bd859c0b,69fded1162446148bd848c8e,Coffel Construction LLC,69fdf0e0e45e7dcf5c43916b,"prg806 - Pine Ridge Building E-2 {PERG BUILDINGS, LLC}",evidenceOfInsurance,Evidence of Insurance,6ac20aae-5728-5d57-b364-aeba38527dba,Additional Requirements,3649e9d1-4e09-59bf-8f30-cb33c40cf117,"Certificate Holder must read: c/o Block Real Estate Services, LLC, 4622 Pennsylvania St., Suite 700, Kansas City, MO, 64112",,matchOnce,must be present,,,non_compliant,Block Requirements,,,true,0,,2026-08-16
"Block Real Estate Services, LLC",69fdf79262446148bd859c0c,69fded1362446148bd848d33,DTG Medical Electronics,69fdf0e0e45e7dcf5c43916b,"prg806 - Pine Ridge Building E-2 {PERG BUILDINGS, LLC}",evidenceOfInsurance,Evidence of Insurance,commercialGeneralLiability,Commercial General Liability,evidenceOfInsuranceCommercialGeneralLiabilityCoverageTriggerOccurrence,Coverage Trigger: Occurrence,,matchOnce,must be present,,,non_compliant,Block Requirements,,,false,0,,2026-08-16
"Block Real Estate Services, LLC",69fdf79262446148bd859c0c,69fded1362446148bd848d33,DTG Medical Electronics,69fdf0e0e45e7dcf5c43916b,"prg806 - Pine Ridge Building E-2 {PERG BUILDINGS, LLC}",evidenceOfInsurance,Evidence of Insurance,commercialGeneralLiability,Commercial General Liability,evidenceOfInsuranceCommercialGeneralLiabilityGeneralAggregateLimitAppliesPerLocation,General Aggregate Limit Applies per: Location,,matchOnce,must be present,,,non_compliant,Block Requirements,,,false,0,,2026-08-16
"Block Real Estate Services, LLC",69fdf79262446148bd859c0c,69fded1362446148bd848d33,DTG Medical Electronics,69fdf0e0e45e7dcf5c43916b,"prg806 - Pine Ridge Building E-2 {PERG BUILDINGS, LLC}",evidenceOfInsurance,Evidence of Insurance,commercialGeneralLiability,Commercial General Liability,evidenceOfInsuranceCommercialGeneralLiabilityEachOccurrence,Each Occurrence,,matchOnce,must be greater or equal to,1000000,,non_compliant,Block Requirements,,,false,0,,2026-08-16
"Block Real Estate Services, LLC",69fdf79262446148bd859c0c,69fded1362446148bd848d33,DTG Medical Electronics,69fdf0e0e45e7dcf5c43916b,"prg806 - Pine Ridge Building E-2 {PERG BUILDINGS, LLC}",evidenceOfInsurance,Evidence of Insurance,commercialGeneralLiability,Commercial General Liability,evidenceOfInsuranceCommercialGeneralLiabilityGeneralAggregate,General Aggregate,,matchOnce,must be greater or equal to,2000000,,non_compliant,Block Requirements,,,false,0,,2026-08-16
"Block Real Estate Services, LLC",69fdf79262446148bd859c0c,69fded1362446148bd848d33,DTG Medical Electronics,69fdf0e0e45e7dcf5c43916b,"prg806 - Pine Ridge Building E-2 {PERG BUILDINGS, LLC}",evidenceOfInsurance,Evidence of Insurance,commercialGeneralLiability,Commercial General Liability,evidenceOfInsuranceCommercialGeneralLiabilityWaiverOfSubrogationEndorsement,Waiver of Subrogation,"---prompt---
Determine if the insurer has waived their right of subrogation in favor of the certificate holder under the Commercial General Liability policy. Evidence may include: a checked ""Waiver of Subrogation"" box on the certificate, mention in the Description of Operations section stating ""waiver of subrogation applies"", or reference to form CG 24 04. Look for language like ""subrogation is waived"" or ""per written contract"".",matchOnce,must be present,,,non_compliant,Block Requirements,,,false,0,,2026-08-16
"Block Real Estate Services, LLC",69fdf79262446148bd859c0c,69fded1362446148bd848d33,DTG Medical Electronics,69fdf0e0e45e7dcf5c43916b,"prg806 - Pine Ridge Building E-2 {PERG BUILDINGS, LLC}",evidenceOfInsurance,Evidence of Insurance,excessOrUmbrellaLiability,Umbrella/Excess Liability,evidenceOfInsuranceExcessOrUmbrellaLiabilityOccurence,Coverage Trigger: Occurrence,,matchOnce,must be present,,,non_compliant,Block Requirements,,,false,0,,2026-08-16
"Block Real Estate Services, LLC",69fdf79262446148bd859c0c,69fded1362446148bd848d33,DTG Medical Electronics,69fdf0e0e45e7dcf5c43916b,"prg806 - Pine Ridge Building E-2 {PERG BUILDINGS, LLC}",evidenceOfInsurance,Evidence of Insurance,excessOrUmbrellaLiability,Umbrella/Excess Liability,evidenceOfInsuranceExcessOrUmbrellaLiabilityEachOccurrence,Each Occurrence,,matchOnce,must be greater or equal to,1000000,,non_compliant,Block Requirements,,,false,0,,2026-08-16
"Block Real Estate Services, LLC",69fdf79262446148bd859c0c,69fded1362446148bd848d33,DTG Medical Electronics,69fdf0e0e45e7dcf5c43916b,"prg806 - Pine Ridge Building E-2 {PERG BUILDINGS, LLC}",evidenceOfInsurance,Evidence of Insurance,excessOrUmbrellaLiability,Umbrella/Excess Liability,evidenceOfInsuranceExcessOrUmbrellaLiabilityAggregate,Aggregate,,matchOnce,must be greater or equal to,1000000,,non_compliant,Block Requirements,,,false,0,,2026-08-16
"Block Real Estate Services, LLC",69fdf79262446148bd859c0c,69fded1362446148bd848d33,DTG Medical Electronics,69fdf0e0e45e7dcf5c43916b,"prg806 - Pine Ridge Building E-2 {PERG BUILDINGS, LLC}",evidenceOfInsurance,Evidence of Insurance,workersCompensation,Workers' Compensation and Employer's Liability,evidenceOfInsuranceWorkersCompensationStatutoryLimits,Statutory Limits,,matchOnce,must be present,,,non_compliant,Block Requirements,,,false,0,,2026-08-16
"Block Real Estate Services, LLC",69fdf79262446148bd859c0c,69fded1362446148bd848d33,DTG Medical Electronics,69fdf0e0e45e7dcf5c43916b,"prg806 - Pine Ridge Building E-2 {PERG BUILDINGS, LLC}",evidenceOfInsurance,Evidence of Insurance,workersCompensation,Workers' Compensation and Employer's Liability,evidenceOfInsuranceWorkersCompensationEmployersLiabilityEachAccident,Employer's Liability Each Accident,,matchOnce,must be greater or equal to,500000,,non_compliant,Block Requirements,,,false,0,,2026-08-16
"Block Real Estate Services, LLC",69fdf79262446148bd859c0c,69fded1362446148bd848d33,DTG Medical Electronics,69fdf0e0e45e7dcf5c43916b,"prg806 - Pine Ridge Building E-2 {PERG BUILDINGS, LLC}",evidenceOfInsurance,Evidence of Insurance,workersCompensation,Workers' Compensation and Employer's Liability,evidenceOfInsuranceWorkersCompensationEmployersLiabilityDiseaseEachEmployee,Employer's Liability Disease - each employee,,matchOnce,must be greater or equal to,500000,,non_compliant,Block Requirements,,,false,0,,2026-08-16
"Block Real Estate Services, LLC",69fdf79262446148bd859c0c,69fded1362446148bd848d33,DTG Medical Electronics,69fdf0e0e45e7dcf5c43916b,"prg806 - Pine Ridge Building E-2 {PERG BUILDINGS, LLC}",evidenceOfInsurance,Evidence of Insurance,workersCompensation,Workers' Compensation and Employer's Liability,evidenceOfInsuranceWorkersCompensationEmployersLiabilityDiseasePolicyLimit,Employer's Liability Disease - policy limit,,matchOnce,must be greater or equal to,500000,,non_compliant,Block Requirements,,,false,0,,2026-08-16
"Block Real Estate Services, LLC",69fdf79262446148bd859c0c,69fded1362446148bd848d33,DTG Medical Electronics,69fdf0e0e45e7dcf5c43916b,"prg806 - Pine Ridge Building E-2 {PERG BUILDINGS, LLC}",evidenceOfInsurance,Evidence of Insurance,workersCompensation,Workers' Compensation and Employer's Liability,evidenceOfInsuranceWorkersCompensationWaiverOfSubrogationEndorsement,Waiver of Subrogation,"---prompt---
Determine if the insurer has waived their right of subrogation in favor of the certificate holder under the Workers' Compensation policy. Evidence may include: a checked ""Waiver of Subrogation"" box on the certificate, mention in the Description of Operations section stating ""waiver of subrogation applies"", or reference to form WC 00 03 13. Look for language like ""subrogation is waived"" or ""per written contract"".",matchOnce,must be present,,,non_compliant,Block Requirements,,,false,0,,2026-08-16
"Block Real Estate Services, LLC",69fdf79262446148bd859c0c,69fded1362446148bd848d33,DTG Medical Electronics,69fdf0e0e45e7dcf5c43916b,"prg806 - Pine Ridge Building E-2 {PERG BUILDINGS, LLC}",evidenceOfInsurance,Evidence of Insurance,6ac20aae-5728-5d57-b364-aeba38527dba,Additional Requirements,4da5b0f1-4c9d-5885-8cf8-5d3cccaed3e0,"Block Real Estate Services, LLC and all others required by contract are named as Additional Insureds","---prompt---
Determine if the Description of Operations or the Additional Remarks Schedule section states the ""Additional Insured as Construction Management, Inc. and all others required by contract"" or reference to blanket additional insured coverage. Look for language like ""certificate holder is additional insured"" or ""per written contract"".",matchOnce,must be present,,,non_compliant,Block Requirements,,,true,0,,2026-08-16
"Block Real Estate Services, LLC",69fdf79262446148bd859c0c,69fded1362446148bd848d33,DTG Medical Electronics,69fdf0e0e45e7dcf5c43916b,"prg806 - Pine Ridge Building E-2 {PERG BUILDINGS, LLC}",evidenceOfInsurance,Evidence of Insurance,6ac20aae-5728-5d57-b364-aeba38527dba,Additional Requirements,e1017741-e47e-5f58-97b8-fbc3043e919f,Umbrella follows form over General Liability,"---prompt---
Determine if the Umbrella/Excess Liability policy follows form to the underlying policies. Evidence may include: language in the Description of Operations section stating the umbrella follows form to underlying coverages or an additional page endorsement stating that it follows form. Follow form means the umbrella policy adopts the same terms, conditions, and exclusions as the underlying policies.",matchOnce,must be present,,,non_compliant,Block Requirements,,,true,0,,2026-08-16
"Block Real Estate Services, LLC",69fdf79262446148bd859c0c,69fded1362446148bd848d33,DTG Medical Electronics,69fdf0e0e45e7dcf5c43916b,"prg806 - Pine Ridge Building E-2 {PERG BUILDINGS, LLC}",evidenceOfInsurance,Evidence of Insurance,6ac20aae-5728-5d57-b364-aeba38527dba,Additional Requirements,2cdd866f-c9a4-576a-afd8-1d045762790c,"The location must be listed as: 8323, 8325, 8327 Melrose Drive Lenexa KS 66214",,matchOnce,must be present,,,non_compliant,Block Requirements,,,true,0,,2026-08-16
"Block Real Estate Services, LLC",69fdf79262446148bd859c0c,69fded1362446148bd848d33,DTG Medical Electronics,69fdf0e0e45e7dcf5c43916b,"prg806 - Pine Ridge Building E-2 {PERG BUILDINGS, LLC}",evidenceOfInsurance,Evidence of Insurance,6ac20aae-5728-5d57-b364-aeba38527dba,Additional Requirements,3649e9d1-4e09-59bf-8f30-cb33c40cf117,"Certificate Holder must read: c/o Block Real Estate Services, LLC, 4622 Pennsylvania St., Suite 700, Kansas City, MO, 64112",,matchOnce,must be present,,,non_compliant,Block Requirements,,,true,0,,2026-08-16
"Block Real Estate Services, LLC",6a18748b9d2d4171bf8c60ed,69fded2362446148bd849270,"KCBR DESIGN/REMODEL / Unlimited Contracting, LLC",69fdf0e0e45e7dcf5c43916b,"prg806 - Pine Ridge Building E-2 {PERG BUILDINGS, LLC}",evidenceOfInsurance,Evidence of Insurance,commercialGeneralLiability,Commercial General Liability,evidenceOfInsuranceCommercialGeneralLiabilityCoverageTriggerOccurrence,Coverage Trigger: Occurrence,,matchOnce,must be present,,,non_compliant,Block Requirements,,,false,0,,2026-08-16
"Block Real Estate Services, LLC",6a18748b9d2d4171bf8c60ed,69fded2362446148bd849270,"KCBR DESIGN/REMODEL / Unlimited Contracting, LLC",69fdf0e0e45e7dcf5c43916b,"prg806 - Pine Ridge Building E-2 {PERG BUILDINGS, LLC}",evidenceOfInsurance,Evidence of Insurance,commercialGeneralLiability,Commercial General Liability,evidenceOfInsuranceCommercialGeneralLiabilityGeneralAggregateLimitAppliesPerLocation,General Aggregate Limit Applies per: Location,,matchOnce,must be present,,,non_compliant,Block Requirements,,,false,0,,2026-08-16
"Block Real Estate Services, LLC",6a18748b9d2d4171bf8c60ed,69fded2362446148bd849270,"KCBR DESIGN/REMODEL / Unlimited Contracting, LLC",69fdf0e0e45e7dcf5c43916b,"prg806 - Pine Ridge Building E-2 {PERG BUILDINGS, LLC}",evidenceOfInsurance,Evidence of Insurance,commercialGeneralLiability,Commercial General Liability,evidenceOfInsuranceCommercialGeneralLiabilityEachOccurrence,Each Occurrence,,matchOnce,must be greater or equal to,1000000,,non_compliant,Block Requirements,,,false,0,,2026-08-16
"Block Real Estate Services, LLC",6a18748b9d2d4171bf8c60ed,69fded2362446148bd849270,"KCBR DESIGN/REMODEL / Unlimited Contracting, LLC",69fdf0e0e45e7dcf5c43916b,"prg806 - Pine Ridge Building E-2 {PERG BUILDINGS, LLC}",evidenceOfInsurance,Evidence of Insurance,commercialGeneralLiability,Commercial General Liability,evidenceOfInsuranceCommercialGeneralLiabilityGeneralAggregate,General Aggregate,,matchOnce,must be greater or equal to,2000000,,non_compliant,Block Requirements,,,false,0,,2026-08-16
"Block Real Estate Services, LLC",6a18748b9d2d4171bf8c60ed,69fded2362446148bd849270,"KCBR DESIGN/REMODEL / Unlimited Contracting, LLC",69fdf0e0e45e7dcf5c43916b,"prg806 - Pine Ridge Building E-2 {PERG BUILDINGS, LLC}",evidenceOfInsurance,Evidence of Insurance,commercialGeneralLiability,Commercial General Liability,evidenceOfInsuranceCommercialGeneralLiabilityWaiverOfSubrogationEndorsement,Waiver of Subrogation,"---prompt---
Determine if the insurer has waived their right of subrogation in favor of the certificate holder under the Commercial General Liability policy. Evidence may include: a checked ""Waiver of Subrogation"" box on the certificate, mention in the Description of Operations section stating ""waiver of subrogation applies"", or reference to form CG 24 04. Look for language like ""subrogation is waived"" or ""per written contract"".",matchOnce,must be present,,,non_compliant,Block Requirements,,,false,0,,2026-08-16
"Block Real Estate Services, LLC",6a18748b9d2d4171bf8c60ed,69fded2362446148bd849270,"KCBR DESIGN/REMODEL / Unlimited Contracting, LLC",69fdf0e0e45e7dcf5c43916b,"prg806 - Pine Ridge Building E-2 {PERG BUILDINGS, LLC}",evidenceOfInsurance,Evidence of Insurance,excessOrUmbrellaLiability,Umbrella/Excess Liability,evidenceOfInsuranceExcessOrUmbrellaLiabilityOccurence,Coverage Trigger: Occurrence,,matchOnce,must be present,,,non_compliant,Block Requirements,,,false,0,,2026-08-16
"Block Real Estate Services, LLC",6a18748b9d2d4171bf8c60ed,69fded2362446148bd849270,"KCBR DESIGN/REMODEL / Unlimited Contracting, LLC",69fdf0e0e45e7dcf5c43916b,"prg806 - Pine Ridge Building E-2 {PERG BUILDINGS, LLC}",evidenceOfInsurance,Evidence of Insurance,excessOrUmbrellaLiability,Umbrella/Excess Liability,evidenceOfInsuranceExcessOrUmbrellaLiabilityEachOccurrence,Each Occurrence,,matchOnce,must be greater or equal to,1000000,,non_compliant,Block Requirements,,,false,0,,2026-08-16
"Block Real Estate Services, LLC",6a18748b9d2d4171bf8c60ed,69fded2362446148bd849270,"KCBR DESIGN/REMODEL / Unlimited Contracting, LLC",69fdf0e0e45e7dcf5c43916b,"prg806 - Pine Ridge Building E-2 {PERG BUILDINGS, LLC}",evidenceOfInsurance,Evidence of Insurance,excessOrUmbrellaLiability,Umbrella/Excess Liability,evidenceOfInsuranceExcessOrUmbrellaLiabilityAggregate,Aggregate,,matchOnce,must be greater or equal to,1000000,,non_compliant,Block Requirements,,,false,0,,2026-08-16
"Block Real Estate Services, LLC",6a18748b9d2d4171bf8c60ed,69fded2362446148bd849270,"KCBR DESIGN/REMODEL / Unlimited Contracting, LLC",69fdf0e0e45e7dcf5c43916b,"prg806 - Pine Ridge Building E-2 {PERG BUILDINGS, LLC}",evidenceOfInsurance,Evidence of Insurance,workersCompensation,Workers' Compensation and Employer's Liability,evidenceOfInsuranceWorkersCompensationStatutoryLimits,Statutory Limits,,matchOnce,must be present,,,non_compliant,Block Requirements,,,false,0,,2026-08-16
"Block Real Estate Services, LLC",6a18748b9d2d4171bf8c60ed,69fded2362446148bd849270,"KCBR DESIGN/REMODEL / Unlimited Contracting, LLC",69fdf0e0e45e7dcf5c43916b,"prg806 - Pine Ridge Building E-2 {PERG BUILDINGS, LLC}",evidenceOfInsurance,Evidence of Insurance,workersCompensation,Workers' Compensation and Employer's Liability,evidenceOfInsuranceWorkersCompensationEmployersLiabilityEachAccident,Employer's Liability Each Accident,,matchOnce,must be greater or equal to,500000,,non_compliant,Block Requirements,,,false,0,,2026-08-16
"Block Real Estate Services, LLC",6a18748b9d2d4171bf8c60ed,69fded2362446148bd849270,"KCBR DESIGN/REMODEL / Unlimited Contracting, LLC",69fdf0e0e45e7dcf5c43916b,"prg806 - Pine Ridge Building E-2 {PERG BUILDINGS, LLC}",evidenceOfInsurance,Evidence of Insurance,workersCompensation,Workers' Compensation and Employer's Liability,evidenceOfInsuranceWorkersCompensationEmployersLiabilityDiseaseEachEmployee,Employer's Liability Disease - each employee,,matchOnce,must be greater or equal to,500000,,non_compliant,Block Requirements,,,false,0,,2026-08-16
"Block Real Estate Services, LLC",6a18748b9d2d4171bf8c60ed,69fded2362446148bd849270,"KCBR DESIGN/REMODEL / Unlimited Contracting, LLC",69fdf0e0e45e7dcf5c43916b,"prg806 - Pine Ridge Building E-2 {PERG BUILDINGS, LLC}",evidenceOfInsurance,Evidence of Insurance,workersCompensation,Workers' Compensation and Employer's Liability,evidenceOfInsuranceWorkersCompensationEmployersLiabilityDiseasePolicyLimit,Employer's Liability Disease - policy limit,,matchOnce,must be greater or equal to,500000,,non_compliant,Block Requirements,,,false,0,,2026-08-16
"Block Real Estate Services, LLC",6a18748b9d2d4171bf8c60ed,69fded2362446148bd849270,"KCBR DESIGN/REMODEL / Unlimited Contracting, LLC",69fdf0e0e45e7dcf5c43916b,"prg806 - Pine Ridge Building E-2 {PERG BUILDINGS, LLC}",evidenceOfInsurance,Evidence of Insurance,workersCompensation,Workers' Compensation and Employer's Liability,evidenceOfInsuranceWorkersCompensationWaiverOfSubrogationEndorsement,Waiver of Subrogation,"---prompt---
Determine if the insurer has waived their right of subrogation in favor of the certificate holder under the Workers' Compensation policy. Evidence may include: a checked ""Waiver of Subrogation"" box on the certificate, mention in the Description of Operations section stating ""waiver of subrogation applies"", or reference to form WC 00 03 13. Look for language like ""subrogation is waived"" or ""per written contract"".",matchOnce,must be present,,,non_compliant,Block Requirements,,,false,0,,2026-08-16
"Block Real Estate Services, LLC",6a18748b9d2d4171bf8c60ed,69fded2362446148bd849270,"KCBR DESIGN/REMODEL / Unlimited Contracting, LLC",69fdf0e0e45e7dcf5c43916b,"prg806 - Pine Ridge Building E-2 {PERG BUILDINGS, LLC}",evidenceOfInsurance,Evidence of Insurance,6ac20aae-5728-5d57-b364-aeba38527dba,Additional Requirements,4da5b0f1-4c9d-5885-8cf8-5d3cccaed3e0,"Block Real Estate Services, LLC and all others required by contract are named as Additional Insureds","---prompt---
Determine if the Description of Operations or the Additional Remarks Schedule section states the ""Additional Insured as Construction Management, Inc. and all others required by contract"" or reference to blanket additional insured coverage. Look for language like ""certificate holder is additional insured"" or ""per written contract"".",matchOnce,must be present,,,non_compliant,Block Requirements,,,true,0,,2026-08-16
"Block Real Estate Services, LLC",6a18748b9d2d4171bf8c60ed,69fded2362446148bd849270,"KCBR DESIGN/REMODEL / Unlimited Contracting, LLC",69fdf0e0e45e7dcf5c43916b,"prg806 - Pine Ridge Building E-2 {PERG BUILDINGS, LLC}",evidenceOfInsurance,Evidence of Insurance,6ac20aae-5728-5d57-b364-aeba38527dba,Additional Requirements,e1017741-e47e-5f58-97b8-fbc3043e919f,Umbrella follows form over General Liability,"---prompt---
Determine if the Umbrella/Excess Liability policy follows form to the underlying policies. Evidence may include: language in the Description of Operations section stating the umbrella follows form to underlying coverages or an additional page endorsement stating that it follows form. Follow form means the umbrella policy adopts the same terms, conditions, and exclusions as the underlying policies.",matchOnce,must be present,,,non_compliant,Block Requirements,,,true,0,,2026-08-16
"Block Real Estate Services, LLC",6a18748b9d2d4171bf8c60ed,69fded2362446148bd849270,"KCBR DESIGN/REMODEL / Unlimited Contracting, LLC",69fdf0e0e45e7dcf5c43916b,"prg806 - Pine Ridge Building E-2 {PERG BUILDINGS, LLC}",evidenceOfInsurance,Evidence of Insurance,6ac20aae-5728-5d57-b364-aeba38527dba,Additional Requirements,2cdd866f-c9a4-576a-afd8-1d045762790c,The location must be listed as: 8335 Melrose Drive Lenexa KS 66214,,matchOnce,must be present,,,non_compliant,Block Requirements,,,true,0,,2026-08-16
"Block Real Estate Services, LLC",6a18748b9d2d4171bf8c60ed,69fded2362446148bd849270,"KCBR DESIGN/REMODEL / Unlimited Contracting, LLC",69fdf0e0e45e7dcf5c43916b,"prg806 - Pine Ridge Building E-2 {PERG BUILDINGS, LLC}",evidenceOfInsurance,Evidence of Insurance,6ac20aae-5728-5d57-b364-aeba38527dba,Additional Requirements,3649e9d1-4e09-59bf-8f30-cb33c40cf117,"Certificate Holder must read: c/o Block Real Estate Services, LLC, 4622 Pennsylvania St., Suite 700, Kansas City, MO, 64112",,matchOnce,must be present,,,non_compliant,Block Requirements,,,true,0,,2026-08-16
"Block Real Estate Services, LLC",6a46b03de66a43338bce23d3,69fded2362446148bd849270,"KCBR DESIGN/REMODEL / Unlimited Contracting, LLC",69fdf0e0e45e7dcf5c43916b,"prg806 - Pine Ridge Building E-2 {PERG BUILDINGS, LLC}",evidenceOfInsurance,Evidence of Insurance,commercialGeneralLiability,Commercial General Liability,evidenceOfInsuranceCommercialGeneralLiabilityCoverageTriggerOccurrence,Coverage Trigger: Occurrence,,matchOnce,must be present,,,non_compliant,Block Requirements,,,false,0,,2026-08-16
"Block Real Estate Services, LLC",6a46b03de66a43338bce23d3,69fded2362446148bd849270,"KCBR DESIGN/REMODEL / Unlimited Contracting, LLC",69fdf0e0e45e7dcf5c43916b,"prg806 - Pine Ridge Building E-2 {PERG BUILDINGS, LLC}",evidenceOfInsurance,Evidence of Insurance,commercialGeneralLiability,Commercial General Liability,evidenceOfInsuranceCommercialGeneralLiabilityGeneralAggregateLimitAppliesPerLocation,General Aggregate Limit Applies per: Location,,matchOnce,must be present,,,non_compliant,Block Requirements,,,false,0,,2026-08-16
"Block Real Estate Services, LLC",6a46b03de66a43338bce23d3,69fded2362446148bd849270,"KCBR DESIGN/REMODEL / Unlimited Contracting, LLC",69fdf0e0e45e7dcf5c43916b,"prg806 - Pine Ridge Building E-2 {PERG BUILDINGS, LLC}",evidenceOfInsurance,Evidence of Insurance,commercialGeneralLiability,Commercial General Liability,evidenceOfInsuranceCommercialGeneralLiabilityEachOccurrence,Each Occurrence,,matchOnce,must be greater or equal to,1000000,,non_compliant,Block Requirements,,,false,0,,2026-08-16
"Block Real Estate Services, LLC",6a46b03de66a43338bce23d3,69fded2362446148bd849270,"KCBR DESIGN/REMODEL / Unlimited Contracting, LLC",69fdf0e0e45e7dcf5c43916b,"prg806 - Pine Ridge Building E-2 {PERG BUILDINGS, LLC}",evidenceOfInsurance,Evidence of Insurance,commercialGeneralLiability,Commercial General Liability,evidenceOfInsuranceCommercialGeneralLiabilityGeneralAggregate,General Aggregate,,matchOnce,must be greater or equal to,2000000,,non_compliant,Block Requirements,,,false,0,,2026-08-16
"Block Real Estate Services, LLC",6a46b03de66a43338bce23d3,69fded2362446148bd849270,"KCBR DESIGN/REMODEL / Unlimited Contracting, LLC",69fdf0e0e45e7dcf5c43916b,"prg806 - Pine Ridge Building E-2 {PERG BUILDINGS, LLC}",evidenceOfInsurance,Evidence of Insurance,commercialGeneralLiability,Commercial General Liability,evidenceOfInsuranceCommercialGeneralLiabilityWaiverOfSubrogationEndorsement,Waiver of Subrogation,"---prompt---
Determine if the insurer has waived their right of subrogation in favor of the certificate holder under the Commercial General Liability policy. Evidence may include: a checked ""Waiver of Subrogation"" box on the certificate, mention in the Description of Operations section stating ""waiver of subrogation applies"", or reference to form CG 24 04. Look for language like ""subrogation is waived"" or ""per written contract"".",matchOnce,must be present,,,non_compliant,Block Requirements,,,false,0,,2026-08-16
"Block Real Estate Services, LLC",6a46b03de66a43338bce23d3,69fded2362446148bd849270,"KCBR DESIGN/REMODEL / Unlimited Contracting, LLC",69fdf0e0e45e7dcf5c43916b,"prg806 - Pine Ridge Building E-2 {PERG BUILDINGS, LLC}",evidenceOfInsurance,Evidence of Insurance,excessOrUmbrellaLiability,Umbrella/Excess Liability,evidenceOfInsuranceExcessOrUmbrellaLiabilityOccurence,Coverage Trigger: Occurrence,,matchOnce,must be present,,,non_compliant,Block Requirements,,,false,0,,2026-08-16
"Block Real Estate Services, LLC",6a46b03de66a43338bce23d3,69fded2362446148bd849270,"KCBR DESIGN/REMODEL / Unlimited Contracting, LLC",69fdf0e0e45e7dcf5c43916b,"prg806 - Pine Ridge Building E-2 {PERG BUILDINGS, LLC}",evidenceOfInsurance,Evidence of Insurance,excessOrUmbrellaLiability,Umbrella/Excess Liability,evidenceOfInsuranceExcessOrUmbrellaLiabilityEachOccurrence,Each Occurrence,,matchOnce,must be greater or equal to,1000000,,non_compliant,Block Requirements,,,false,0,,2026-08-16
"Block Real Estate Services, LLC",6a46b03de66a43338bce23d3,69fded2362446148bd849270,"KCBR DESIGN/REMODEL / Unlimited Contracting, LLC",69fdf0e0e45e7dcf5c43916b,"prg806 - Pine Ridge Building E-2 {PERG BUILDINGS, LLC}",evidenceOfInsurance,Evidence of Insurance,excessOrUmbrellaLiability,Umbrella/Excess Liability,evidenceOfInsuranceExcessOrUmbrellaLiabilityAggregate,Aggregate,,matchOnce,must be greater or equal to,1000000,,non_compliant,Block Requirements,,,false,0,,2026-08-16
"Block Real Estate Services, LLC",6a46b03de66a43338bce23d3,69fded2362446148bd849270,"KCBR DESIGN/REMODEL / Unlimited Contracting, LLC",69fdf0e0e45e7dcf5c43916b,"prg806 - Pine Ridge Building E-2 {PERG BUILDINGS, LLC}",evidenceOfInsurance,Evidence of Insurance,workersCompensation,Workers' Compensation and Employer's Liability,evidenceOfInsuranceWorkersCompensationStatutoryLimits,Statutory Limits,,matchOnce,must be present,,,non_compliant,Block Requirements,,,false,0,,2026-08-16
"Block Real Estate Services, LLC",6a46b03de66a43338bce23d3,69fded2362446148bd849270,"KCBR DESIGN/REMODEL / Unlimited Contracting, LLC",69fdf0e0e45e7dcf5c43916b,"prg806 - Pine Ridge Building E-2 {PERG BUILDINGS, LLC}",evidenceOfInsurance,Evidence of Insurance,workersCompensation,Workers' Compensation and Employer's Liability,evidenceOfInsuranceWorkersCompensationEmployersLiabilityEachAccident,Employer's Liability Each Accident,,matchOnce,must be greater or equal to,500000,,non_compliant,Block Requirements,,,false,0,,2026-08-16
"Block Real Estate Services, LLC",6a46b03de66a43338bce23d3,69fded2362446148bd849270,"KCBR DESIGN/REMODEL / Unlimited Contracting, LLC",69fdf0e0e45e7dcf5c43916b,"prg806 - Pine Ridge Building E-2 {PERG BUILDINGS, LLC}",evidenceOfInsurance,Evidence of Insurance,workersCompensation,Workers' Compensation and Employer's Liability,evidenceOfInsuranceWorkersCompensationEmployersLiabilityDiseaseEachEmployee,Employer's Liability Disease - each employee,,matchOnce,must be greater or equal to,500000,,non_compliant,Block Requirements,,,false,0,,2026-08-16
"Block Real Estate Services, LLC",6a46b03de66a43338bce23d3,69fded2362446148bd849270,"KCBR DESIGN/REMODEL / Unlimited Contracting, LLC",69fdf0e0e45e7dcf5c43916b,"prg806 - Pine Ridge Building E-2 {PERG BUILDINGS, LLC}",evidenceOfInsurance,Evidence of Insurance,workersCompensation,Workers' Compensation and Employer's Liability,evidenceOfInsuranceWorkersCompensationEmployersLiabilityDiseasePolicyLimit,Employer's Liability Disease - policy limit,,matchOnce,must be greater or equal to,500000,,non_compliant,Block Requirements,,,false,0,,2026-08-16
"Block Real Estate Services, LLC",6a46b03de66a43338bce23d3,69fded2362446148bd849270,"KCBR DESIGN/REMODEL / Unlimited Contracting, LLC",69fdf0e0e45e7dcf5c43916b,"prg806 - Pine Ridge Building E-2 {PERG BUILDINGS, LLC}",evidenceOfInsurance,Evidence of Insurance,workersCompensation,Workers' Compensation and Employer's Liability,evidenceOfInsuranceWorkersCompensationWaiverOfSubrogationEndorsement,Waiver of Subrogation,"---prompt---
Determine if the insurer has waived their right of subrogation in favor of the certificate holder under the Workers' Compensation policy. Evidence may include: a checked ""Waiver of Subrogation"" box on the certificate, mention in the Description of Operations section stating ""waiver of subrogation applies"", or reference to form WC 00 03 13. Look for language like ""subrogation is waived"" or ""per written contract"".",matchOnce,must be present,,,non_compliant,Block Requirements,,,false,0,,2026-08-16
"Block Real Estate Services, LLC",6a46b03de66a43338bce23d3,69fded2362446148bd849270,"KCBR DESIGN/REMODEL / Unlimited Contracting, LLC",69fdf0e0e45e7dcf5c43916b,"prg806 - Pine Ridge Building E-2 {PERG BUILDINGS, LLC}",evidenceOfInsurance,Evidence of Insurance,6ac20aae-5728-5d57-b364-aeba38527dba,Additional Requirements,4da5b0f1-4c9d-5885-8cf8-5d3cccaed3e0,"Block Real Estate Services, LLC and all others required by contract are named as Additional Insureds","---prompt---
Determine if the Description of Operations or the Additional Remarks Schedule section states the ""Additional Insured as Construction Management, Inc. and all others required by contract"" or reference to blanket additional insured coverage. Look for language like ""certificate holder is additional insured"" or ""per written contract"".",matchOnce,must be present,,,non_compliant,Block Requirements,,,true,0,,2026-08-16
"Block Real Estate Services, LLC",6a46b03de66a43338bce23d3,69fded2362446148bd849270,"KCBR DESIGN/REMODEL / Unlimited Contracting, LLC",69fdf0e0e45e7dcf5c43916b,"prg806 - Pine Ridge Building E-2 {PERG BUILDINGS, LLC}",evidenceOfInsurance,Evidence of Insurance,6ac20aae-5728-5d57-b364-aeba38527dba,Additional Requirements,e1017741-e47e-5f58-97b8-fbc3043e919f,Umbrella follows form over General Liability,"---prompt---
Determine if the Umbrella/Excess Liability policy follows form to the underlying policies. Evidence may include: language in the Description of Operations section stating the umbrella follows form to underlying coverages or an additional page endorsement stating that it follows form. Follow form means the umbrella policy adopts the same terms, conditions, and exclusions as the underlying policies.",matchOnce,must be present,,,non_compliant,Block Requirements,,,true,0,,2026-08-16
"Block Real Estate Services, LLC",6a46b03de66a43338bce23d3,69fded2362446148bd849270,"KCBR DESIGN/REMODEL / Unlimited Contracting, LLC",69fdf0e0e45e7dcf5c43916b,"prg806 - Pine Ridge Building E-2 {PERG BUILDINGS, LLC}",evidenceOfInsurance,Evidence of Insurance,6ac20aae-5728-5d57-b364-aeba38527dba,Additional Requirements,2cdd866f-c9a4-576a-afd8-1d045762790c,"The location must be listed as: 8321 Melrose Drive, Lenexa, KS 66214",,matchOnce,must be present,,,non_compliant,Block Requirements,,,true,0,,2026-08-16
"Block Real Estate Services, LLC",6a46b03de66a43338bce23d3,69fded2362446148bd849270,"KCBR DESIGN/REMODEL / Unlimited Contracting, LLC",69fdf0e0e45e7dcf5c43916b,"prg806 - Pine Ridge Building E-2 {PERG BUILDINGS, LLC}",evidenceOfInsurance,Evidence of Insurance,6ac20aae-5728-5d57-b364-aeba38527dba,Additional Requirements,3649e9d1-4e09-59bf-8f30-cb33c40cf117,"Certificate Holder must read: c/o Block Real Estate Services, LLC, 4622 Pennsylvania St., Suite 700, Kansas City, MO, 64112",,matchOnce,must be present,,,non_compliant,Block Requirements,,,true,0,,2026-08-16
"Block Real Estate Services, LLC",69fdf79262446148bd859c01,69fded1062446148bd848c28,Builder Direct LLC,69fdf0dc02bb2c42a87a39b3,"prg805 - Pine Ridge Building E-1 {PERG BUILDINGS, LLC}",evidenceOfInsurance,Evidence of Insurance,commercialGeneralLiability,Commercial General Liability,evidenceOfInsuranceCommercialGeneralLiabilityCoverageTriggerOccurrence,Coverage Trigger: Occurrence,,matchOnce,must be present,,Present,compliant,Block Requirements,,,false,2,,2026-08-16
"Block Real Estate Services, LLC",69fdf79262446148bd859c01,69fded1062446148bd848c28,Builder Direct LLC,69fdf0dc02bb2c42a87a39b3,"prg805 - Pine Ridge Building E-1 {PERG BUILDINGS, LLC}",evidenceOfInsurance,Evidence of Insurance,commercialGeneralLiability,Commercial General Liability,evidenceOfInsuranceCommercialGeneralLiabilityGeneralAggregateLimitAppliesPerLocation,General Aggregate Limit Applies per: Location,,matchOnce,must be present,,,waived,Block Requirements,"Confirmed with BRES Brittney Ringhouse that they only have one location to insure, so per location can be waived",,false,0,,2026-08-16
"Block Real Estate Services, LLC",69fdf79262446148bd859c01,69fded1062446148bd848c28,Builder Direct LLC,69fdf0dc02bb2c42a87a39b3,"prg805 - Pine Ridge Building E-1 {PERG BUILDINGS, LLC}",evidenceOfInsurance,Evidence of Insurance,commercialGeneralLiability,Commercial General Liability,evidenceOfInsuranceCommercialGeneralLiabilityEachOccurrence,Each Occurrence,,matchOnce,must be greater or equal to,1000000,2000000,compliant,Block Requirements,,,false,2,,2026-08-16
"Block Real Estate Services, LLC",69fdf79262446148bd859c01,69fded1062446148bd848c28,Builder Direct LLC,69fdf0dc02bb2c42a87a39b3,"prg805 - Pine Ridge Building E-1 {PERG BUILDINGS, LLC}",evidenceOfInsurance,Evidence of Insurance,commercialGeneralLiability,Commercial General Liability,evidenceOfInsuranceCommercialGeneralLiabilityGeneralAggregate,General Aggregate,,matchOnce,must be greater or equal to,2000000,4000000,compliant,Block Requirements,,,false,2,,2026-08-16
"Block Real Estate Services, LLC",69fdf79262446148bd859c01,69fded1062446148bd848c28,Builder Direct LLC,69fdf0dc02bb2c42a87a39b3,"prg805 - Pine Ridge Building E-1 {PERG BUILDINGS, LLC}",evidenceOfInsurance,Evidence of Insurance,commercialGeneralLiability,Commercial General Liability,evidenceOfInsuranceCommercialGeneralLiabilityWaiverOfSubrogationEndorsement,Waiver of Subrogation,"---prompt---
Determine if the insurer has waived their right of subrogation in favor of the certificate holder under the Commercial General Liability policy. Evidence may include: a checked ""Waiver of Subrogation"" box on the certificate, mention in the Description of Operations section stating ""waiver of subrogation applies"", or reference to form CG 24 04. Look for language like ""subrogation is waived"" or ""per written contract"".",matchOnce,must be present,,Present,compliant,Block Requirements,,,false,2,,2026-08-16
"Block Real Estate Services, LLC",69fdf79262446148bd859c01,69fded1062446148bd848c28,Builder Direct LLC,69fdf0dc02bb2c42a87a39b3,"prg805 - Pine Ridge Building E-1 {PERG BUILDINGS, LLC}",evidenceOfInsurance,Evidence of Insurance,excessOrUmbrellaLiability,Umbrella/Excess Liability,evidenceOfInsuranceExcessOrUmbrellaLiabilityOccurence,Coverage Trigger: Occurrence,,matchOnce,must be present,,Present,compliant,Block Requirements,,,false,1,,2026-08-16
"Block Real Estate Services, LLC",69fdf79262446148bd859c01,69fded1062446148bd848c28,Builder Direct LLC,69fdf0dc02bb2c42a87a39b3,"prg805 - Pine Ridge Building E-1 {PERG BUILDINGS, LLC}",evidenceOfInsurance,Evidence of Insurance,excessOrUmbrellaLiability,Umbrella/Excess Liability,evidenceOfInsuranceExcessOrUmbrellaLiabilityEachOccurrence,Each Occurrence,,matchOnce,must be greater or equal to,1000000,1000000,compliant,Block Requirements,,,false,1,,2026-08-16
"Block Real Estate Services, LLC",69fdf79262446148bd859c01,69fded1062446148bd848c28,Builder Direct LLC,69fdf0dc02bb2c42a87a39b3,"prg805 - Pine Ridge Building E-1 {PERG BUILDINGS, LLC}",evidenceOfInsurance,Evidence of Insurance,excessOrUmbrellaLiability,Umbrella/Excess Liability,evidenceOfInsuranceExcessOrUmbrellaLiabilityAggregate,Aggregate,,matchOnce,must be greater or equal to,1000000,1000000,compliant,Block Requirements,,,false,1,,2026-08-16
"Block Real Estate Services, LLC",69fdf79262446148bd859c01,69fded1062446148bd848c28,Builder Direct LLC,69fdf0dc02bb2c42a87a39b3,"prg805 - Pine Ridge Building E-1 {PERG BUILDINGS, LLC}",evidenceOfInsurance,Evidence of Insurance,workersCompensation,Workers' Compensation and Employer's Liability,evidenceOfInsuranceWorkersCompensationStatutoryLimits,Statutory Limits,,matchOnce,must be present,,Present,compliant,Block Requirements,,,false,1,,2026-08-16
"Block Real Estate Services, LLC",69fdf79262446148bd859c01,69fded1062446148bd848c28,Builder Direct LLC,69fdf0dc02bb2c42a87a39b3,"prg805 - Pine Ridge Building E-1 {PERG BUILDINGS, LLC}",evidenceOfInsurance,Evidence of Insurance,workersCompensation,Workers' Compensation and Employer's Liability,evidenceOfInsuranceWorkersCompensationEmployersLiabilityEachAccident,Employer's Liability Each Accident,,matchOnce,must be greater or equal to,500000,500000,compliant,Block Requirements,,,false,1,,2026-08-16
"Block Real Estate Services, LLC",69fdf79262446148bd859c01,69fded1062446148bd848c28,Builder Direct LLC,69fdf0dc02bb2c42a87a39b3,"prg805 - Pine Ridge Building E-1 {PERG BUILDINGS, LLC}",evidenceOfInsurance,Evidence of Insurance,workersCompensation,Workers' Compensation and Employer's Liability,evidenceOfInsuranceWorkersCompensationEmployersLiabilityDiseaseEachEmployee,Employer's Liability Disease - each employee,,matchOnce,must be greater or equal to,500000,500000,compliant,Block Requirements,,,false,1,,2026-08-16
"Block Real Estate Services, LLC",69fdf79262446148bd859c01,69fded1062446148bd848c28,Builder Direct LLC,69fdf0dc02bb2c42a87a39b3,"prg805 - Pine Ridge Building E-1 {PERG BUILDINGS, LLC}",evidenceOfInsurance,Evidence of Insurance,workersCompensation,Workers' Compensation and Employer's Liability,evidenceOfInsuranceWorkersCompensationEmployersLiabilityDiseasePolicyLimit,Employer's Liability Disease - policy limit,,matchOnce,must be greater or equal to,500000,500000,compliant,Block Requirements,,,false,1,,2026-08-16
"Block Real Estate Services, LLC",69fdf79262446148bd859c01,69fded1062446148bd848c28,Builder Direct LLC,69fdf0dc02bb2c42a87a39b3,"prg805 - Pine Ridge Building E-1 {PERG BUILDINGS, LLC}",evidenceOfInsurance,Evidence of Insurance,workersCompensation,Workers' Compensation and Employer's Liability,evidenceOfInsuranceWorkersCompensationWaiverOfSubrogationEndorsement,Waiver of Subrogation,"---prompt---
Determine if the insurer has waived their right of subrogation in favor of the certificate holder under the Workers' Compensation policy. Evidence may include: a checked ""Waiver of Subrogation"" box on the certificate, mention in the Description of Operations section stating ""waiver of subrogation applies"", or reference to form WC 00 03 13. Look for language like ""subrogation is waived"" or ""per written contract"".",matchOnce,must be present,,Present,compliant,Block Requirements,,,false,1,,2026-08-16
"Block Real Estate Services, LLC",69fdf79262446148bd859c01,69fded1062446148bd848c28,Builder Direct LLC,69fdf0dc02bb2c42a87a39b3,"prg805 - Pine Ridge Building E-1 {PERG BUILDINGS, LLC}",evidenceOfInsurance,Evidence of Insurance,6ac20aae-5728-5d57-b364-aeba38527dba,Additional Requirements,4da5b0f1-4c9d-5885-8cf8-5d3cccaed3e0,"Block Real Estate Services, LLC and all others required by contract are named as Additional Insureds","---prompt---
Determine if the Description of Operations or the Additional Remarks Schedule section states the ""Additional Insured as Construction Management, Inc. and all others required by contract"" or reference to blanket additional insured coverage. Look for language like ""certificate holder is additional insured"" or ""per written contract"".",matchOnce,must be present,,Present,compliant,Block Requirements,,,true,2,,2026-08-16
"Block Real Estate Services, LLC",69fdf79262446148bd859c01,69fded1062446148bd848c28,Builder Direct LLC,69fdf0dc02bb2c42a87a39b3,"prg805 - Pine Ridge Building E-1 {PERG BUILDINGS, LLC}",evidenceOfInsurance,Evidence of Insurance,6ac20aae-5728-5d57-b364-aeba38527dba,Additional Requirements,e1017741-e47e-5f58-97b8-fbc3043e919f,Umbrella follows form over General Liability,"---prompt---
Determine if the Umbrella/Excess Liability policy follows form to the underlying policies. Evidence may include: language in the Description of Operations section stating the umbrella follows form to underlying coverages or an additional page endorsement stating that it follows form. Follow form means the umbrella policy adopts the same terms, conditions, and exclusions as the underlying policies.",matchOnce,must be present,,Present,compliant,Block Requirements,,,true,1,,2026-08-16
"Block Real Estate Services, LLC",69fdf79262446148bd859c01,69fded1062446148bd848c28,Builder Direct LLC,69fdf0dc02bb2c42a87a39b3,"prg805 - Pine Ridge Building E-1 {PERG BUILDINGS, LLC}",evidenceOfInsurance,Evidence of Insurance,6ac20aae-5728-5d57-b364-aeba38527dba,Additional Requirements,2cdd866f-c9a4-576a-afd8-1d045762790c,The location must be listed as: 8369 Melrose Drive Lenexa KS 66214,,matchOnce,must be present,,Present,compliant,Block Requirements,,,true,3,,2026-08-16
"Block Real Estate Services, LLC",69fdf79262446148bd859c01,69fded1062446148bd848c28,Builder Direct LLC,69fdf0dc02bb2c42a87a39b3,"prg805 - Pine Ridge Building E-1 {PERG BUILDINGS, LLC}",evidenceOfInsurance,Evidence of Insurance,6ac20aae-5728-5d57-b364-aeba38527dba,Additional Requirements,3649e9d1-4e09-59bf-8f30-cb33c40cf117,"Certificate Holder must read: c/o Block Real Estate Services, LLC, 4622 Pennsylvania St., Suite 700, Kansas City, MO, 64112",,matchOnce,must be present,,Present,compliant,Block Requirements,,,true,3,,2026-08-16
"Block Real Estate Services, LLC",69fdf79262446148bd859c09,69fded2362446148bd849261,Unistrut Corporation,69fdf0dc02bb2c42a87a39b3,"prg805 - Pine Ridge Building E-1 {PERG BUILDINGS, LLC}",evidenceOfInsurance,Evidence of Insurance,commercialGeneralLiability,Commercial General Liability,evidenceOfInsuranceCommercialGeneralLiabilityCoverageTriggerOccurrence,Coverage Trigger: Occurrence,,matchOnce,must be present,,Present,compliant,Block Requirements,,,false,1,,2026-08-16
"Block Real Estate Services, LLC",69fdf79262446148bd859c09,69fded2362446148bd849261,Unistrut Corporation,69fdf0dc02bb2c42a87a39b3,"prg805 - Pine Ridge Building E-1 {PERG BUILDINGS, LLC}",evidenceOfInsurance,Evidence of Insurance,commercialGeneralLiability,Commercial General Liability,evidenceOfInsuranceCommercialGeneralLiabilityGeneralAggregateLimitAppliesPerLocation,General Aggregate Limit Applies per: Location,,matchOnce,must be present,,,non_compliant,Block Requirements,,,false,0,,2026-08-16
"Block Real Estate Services, LLC",69fdf79262446148bd859c09,69fded2362446148bd849261,Unistrut Corporation,69fdf0dc02bb2c42a87a39b3,"prg805 - Pine Ridge Building E-1 {PERG BUILDINGS, LLC}",evidenceOfInsurance,Evidence of Insurance,commercialGeneralLiability,Commercial General Liability,evidenceOfInsuranceCommercialGeneralLiabilityEachOccurrence,Each Occurrence,,matchOnce,must be greater or equal to,1000000,2000000,compliant,Block Requirements,,,false,1,,2026-08-16
"Block Real Estate Services, LLC",69fdf79262446148bd859c09,69fded2362446148bd849261,Unistrut Corporation,69fdf0dc02bb2c42a87a39b3,"prg805 - Pine Ridge Building E-1 {PERG BUILDINGS, LLC}",evidenceOfInsurance,Evidence of Insurance,commercialGeneralLiability,Commercial General Liability,evidenceOfInsuranceCommercialGeneralLiabilityGeneralAggregate,General Aggregate,,matchOnce,must be greater or equal to,2000000,4000000,compliant,Block Requirements,,,false,1,,2026-08-16
"Block Real Estate Services, LLC",69fdf79262446148bd859c09,69fded2362446148bd849261,Unistrut Corporation,69fdf0dc02bb2c42a87a39b3,"prg805 - Pine Ridge Building E-1 {PERG BUILDINGS, LLC}",evidenceOfInsurance,Evidence of Insurance,commercialGeneralLiability,Commercial General Liability,evidenceOfInsuranceCommercialGeneralLiabilityWaiverOfSubrogationEndorsement,Waiver of Subrogation,"---prompt---
Determine if the insurer has waived their right of subrogation in favor of the certificate holder under the Commercial General Liability policy. Evidence may include: a checked ""Waiver of Subrogation"" box on the certificate, mention in the Description of Operations section stating ""waiver of subrogation applies"", or reference to form CG 24 04. Look for language like ""subrogation is waived"" or ""per written contract"".",matchOnce,must be present,,Present,compliant,Block Requirements,,,false,1,,2026-08-16
"Block Real Estate Services, LLC",69fdf79262446148bd859c09,69fded2362446148bd849261,Unistrut Corporation,69fdf0dc02bb2c42a87a39b3,"prg805 - Pine Ridge Building E-1 {PERG BUILDINGS, LLC}",evidenceOfInsurance,Evidence of Insurance,excessOrUmbrellaLiability,Umbrella/Excess Liability,evidenceOfInsuranceExcessOrUmbrellaLiabilityOccurence,Coverage Trigger: Occurrence,,matchOnce,must be present,,Present,compliant,Block Requirements,,,false,1,,2026-08-16
"Block Real Estate Services, LLC",69fdf79262446148bd859c09,69fded2362446148bd849261,Unistrut Corporation,69fdf0dc02bb2c42a87a39b3,"prg805 - Pine Ridge Building E-1 {PERG BUILDINGS, LLC}",evidenceOfInsurance,Evidence of Insurance,excessOrUmbrellaLiability,Umbrella/Excess Liability,evidenceOfInsuranceExcessOrUmbrellaLiabilityEachOccurrence,Each Occurrence,,matchOnce,must be greater or equal to,1000000,6000000,compliant,Block Requirements,,,false,1,,2026-08-16
"Block Real Estate Services, LLC",69fdf79262446148bd859c09,69fded2362446148bd849261,Unistrut Corporation,69fdf0dc02bb2c42a87a39b3,"prg805 - Pine Ridge Building E-1 {PERG BUILDINGS, LLC}",evidenceOfInsurance,Evidence of Insurance,excessOrUmbrellaLiability,Umbrella/Excess Liability,evidenceOfInsuranceExcessOrUmbrellaLiabilityAggregate,Aggregate,,matchOnce,must be greater or equal to,1000000,6000000,compliant,Block Requirements,,,false,1,,2026-08-16
"Block Real Estate Services, LLC",69fdf79262446148bd859c09,69fded2362446148bd849261,Unistrut Corporation,69fdf0dc02bb2c42a87a39b3,"prg805 - Pine Ridge Building E-1 {PERG BUILDINGS, LLC}",evidenceOfInsurance,Evidence of Insurance,workersCompensation,Workers' Compensation and Employer's Liability,evidenceOfInsuranceWorkersCompensationStatutoryLimits,Statutory Limits,,matchOnce,must be present,,Present,compliant,Block Requirements,,,false,1,,2026-08-16
"Block Real Estate Services, LLC",69fdf79262446148bd859c09,69fded2362446148bd849261,Unistrut Corporation,69fdf0dc02bb2c42a87a39b3,"prg805 - Pine Ridge Building E-1 {PERG BUILDINGS, LLC}",evidenceOfInsurance,Evidence of Insurance,workersCompensation,Workers' Compensation and Employer's Liability,evidenceOfInsuranceWorkersCompensationEmployersLiabilityEachAccident,Employer's Liability Each Accident,,matchOnce,must be greater or equal to,500000,1000000,compliant,Block Requirements,,,false,1,,2026-08-16
"Block Real Estate Services, LLC",69fdf79262446148bd859c09,69fded2362446148bd849261,Unistrut Corporation,69fdf0dc02bb2c42a87a39b3,"prg805 - Pine Ridge Building E-1 {PERG BUILDINGS, LLC}",evidenceOfInsurance,Evidence of Insurance,workersCompensation,Workers' Compensation and Employer's Liability,evidenceOfInsuranceWorkersCompensationEmployersLiabilityDiseaseEachEmployee,Employer's Liability Disease - each employee,,matchOnce,must be greater or equal to,500000,1000000,compliant,Block Requirements,,,false,1,,2026-08-16
"Block Real Estate Services, LLC",69fdf79262446148bd859c09,69fded2362446148bd849261,Unistrut Corporation,69fdf0dc02bb2c42a87a39b3,"prg805 - Pine Ridge Building E-1 {PERG BUILDINGS, LLC}",evidenceOfInsurance,Evidence of Insurance,workersCompensation,Workers' Compensation and Employer's Liability,evidenceOfInsuranceWorkersCompensationEmployersLiabilityDiseasePolicyLimit,Employer's Liability Disease - policy limit,,matchOnce,must be greater or equal to,500000,1000000,compliant,Block Requirements,,,false,1,,2026-08-16
"Block Real Estate Services, LLC",69fdf79262446148bd859c09,69fded2362446148bd849261,Unistrut Corporation,69fdf0dc02bb2c42a87a39b3,"prg805 - Pine Ridge Building E-1 {PERG BUILDINGS, LLC}",evidenceOfInsurance,Evidence of Insurance,workersCompensation,Workers' Compensation and Employer's Liability,evidenceOfInsuranceWorkersCompensationWaiverOfSubrogationEndorsement,Waiver of Subrogation,"---prompt---
Determine if the insurer has waived their right of subrogation in favor of the certificate holder under the Workers' Compensation policy. Evidence may include: a checked ""Waiver of Subrogation"" box on the certificate, mention in the Description of Operations section stating ""waiver of subrogation applies"", or reference to form WC 00 03 13. Look for language like ""subrogation is waived"" or ""per written contract"".",matchOnce,must be present,,Present,compliant,Block Requirements,,,false,1,,2026-08-16
"Block Real Estate Services, LLC",69fdf79262446148bd859c09,69fded2362446148bd849261,Unistrut Corporation,69fdf0dc02bb2c42a87a39b3,"prg805 - Pine Ridge Building E-1 {PERG BUILDINGS, LLC}",evidenceOfInsurance,Evidence of Insurance,6ac20aae-5728-5d57-b364-aeba38527dba,Additional Requirements,4da5b0f1-4c9d-5885-8cf8-5d3cccaed3e0,"Block Real Estate Services, LLC and all others required by contract are named as Additional Insureds","---prompt---
Determine if the Description of Operations or the Additional Remarks Schedule section states the ""Additional Insured as Construction Management, Inc. and all others required by contract"" or reference to blanket additional insured coverage. Look for language like ""certificate holder is additional insured"" or ""per written contract"".",matchOnce,must be present,,Present,compliant,Block Requirements,,,true,1,,2026-08-16
"Block Real Estate Services, LLC",69fdf79262446148bd859c09,69fded2362446148bd849261,Unistrut Corporation,69fdf0dc02bb2c42a87a39b3,"prg805 - Pine Ridge Building E-1 {PERG BUILDINGS, LLC}",evidenceOfInsurance,Evidence of Insurance,6ac20aae-5728-5d57-b364-aeba38527dba,Additional Requirements,e1017741-e47e-5f58-97b8-fbc3043e919f,Umbrella follows form over General Liability,"---prompt---
Determine if the Umbrella/Excess Liability policy follows form to the underlying policies. Evidence may include: language in the Description of Operations section stating the umbrella follows form to underlying coverages or an additional page endorsement stating that it follows form. Follow form means the umbrella policy adopts the same terms, conditions, and exclusions as the underlying policies.",matchOnce,must be present,,Present,compliant,Block Requirements,,,true,1,,2026-08-16
"Block Real Estate Services, LLC",69fdf79262446148bd859c09,69fded2362446148bd849261,Unistrut Corporation,69fdf0dc02bb2c42a87a39b3,"prg805 - Pine Ridge Building E-1 {PERG BUILDINGS, LLC}",evidenceOfInsurance,Evidence of Insurance,6ac20aae-5728-5d57-b364-aeba38527dba,Additional Requirements,2cdd866f-c9a4-576a-afd8-1d045762790c,The location must be listed as: 8365 Melrose Drive Lenexa KS 66214,,matchOnce,must be present,,Present,compliant,Block Requirements,,,true,1,,2026-08-16
"Block Real Estate Services, LLC",69fdf79262446148bd859c09,69fded2362446148bd849261,Unistrut Corporation,69fdf0dc02bb2c42a87a39b3,"prg805 - Pine Ridge Building E-1 {PERG BUILDINGS, LLC}",evidenceOfInsurance,Evidence of Insurance,6ac20aae-5728-5d57-b364-aeba38527dba,Additional Requirements,3649e9d1-4e09-59bf-8f30-cb33c40cf117,"Certificate Holder must read: c/o Block Real Estate Services, LLC, 4622 Pennsylvania St., Suite 700, Kansas City, MO, 64112",,matchOnce,must be present,,Present,compliant,Block Requirements,,,true,1,,2026-08-16
"Block Real Estate Services, LLC",69fdf79262446148bd859c00,69fded0d62446148bd848b7a,"ApexSite Cleaning, LLC",69fdf0dc02bb2c42a87a39b3,"prg805 - Pine Ridge Building E-1 {PERG BUILDINGS, LLC}",evidenceOfInsurance,Evidence of Insurance,commercialGeneralLiability,Commercial General Liability,evidenceOfInsuranceCommercialGeneralLiabilityCoverageTriggerOccurrence,Coverage Trigger: Occurrence,,matchOnce,must be present,,,non_compliant,Block Requirements,,,false,0,,2026-08-16
"Block Real Estate Services, LLC",69fdf79262446148bd859c00,69fded0d62446148bd848b7a,"ApexSite Cleaning, LLC",69fdf0dc02bb2c42a87a39b3,"prg805 - Pine Ridge Building E-1 {PERG BUILDINGS, LLC}",evidenceOfInsurance,Evidence of Insurance,commercialGeneralLiability,Commercial General Liability,evidenceOfInsuranceCommercialGeneralLiabilityGeneralAggregateLimitAppliesPerLocation,General Aggregate Limit Applies per: Location,,matchOnce,must be present,,,non_compliant,Block Requirements,,,false,0,,2026-08-16
"Block Real Estate Services, LLC",69fdf79262446148bd859c00,69fded0d62446148bd848b7a,"ApexSite Cleaning, LLC",69fdf0dc02bb2c42a87a39b3,"prg805 - Pine Ridge Building E-1 {PERG BUILDINGS, LLC}",evidenceOfInsurance,Evidence of Insurance,commercialGeneralLiability,Commercial General Liability,evidenceOfInsuranceCommercialGeneralLiabilityEachOccurrence,Each Occurrence,,matchOnce,must be greater or equal to,1000000,,non_compliant,Block Requirements,,,false,0,,2026-08-16
"Block Real Estate Services, LLC",69fdf79262446148bd859c00,69fded0d62446148bd848b7a,"ApexSite Cleaning, LLC",69fdf0dc02bb2c42a87a39b3,"prg805 - Pine Ridge Building E-1 {PERG BUILDINGS, LLC}",evidenceOfInsurance,Evidence of Insurance,commercialGeneralLiability,Commercial General Liability,evidenceOfInsuranceCommercialGeneralLiabilityGeneralAggregate,General Aggregate,,matchOnce,must be greater or equal to,2000000,,non_compliant,Block Requirements,,,false,0,,2026-08-16
"Block Real Estate Services, LLC",69fdf79262446148bd859c00,69fded0d62446148bd848b7a,"ApexSite Cleaning, LLC",69fdf0dc02bb2c42a87a39b3,"prg805 - Pine Ridge Building E-1 {PERG BUILDINGS, LLC}",evidenceOfInsurance,Evidence of Insurance,commercialGeneralLiability,Commercial General Liability,evidenceOfInsuranceCommercialGeneralLiabilityWaiverOfSubrogationEndorsement,Waiver of Subrogation,"---prompt---
Determine if the insurer has waived their right of subrogation in favor of the certificate holder under the Commercial General Liability policy. Evidence may include: a checked ""Waiver of Subrogation"" box on the certificate, mention in the Description of Operations section stating ""waiver of subrogation applies"", or reference to form CG 24 04. Look for language like ""subrogation is waived"" or ""per written contract"".",matchOnce,must be present,,,non_compliant,Block Requirements,,,false,0,,2026-08-16
"Block Real Estate Services, LLC",69fdf79262446148bd859c00,69fded0d62446148bd848b7a,"ApexSite Cleaning, LLC",69fdf0dc02bb2c42a87a39b3,"prg805 - Pine Ridge Building E-1 {PERG BUILDINGS, LLC}",evidenceOfInsurance,Evidence of Insurance,excessOrUmbrellaLiability,Umbrella/Excess Liability,evidenceOfInsuranceExcessOrUmbrellaLiabilityOccurence,Coverage Trigger: Occurrence,,matchOnce,must be present,,,non_compliant,Block Requirements,,,false,0,,2026-08-16
"Block Real Estate Services, LLC",69fdf79262446148bd859c00,69fded0d62446148bd848b7a,"ApexSite Cleaning, LLC",69fdf0dc02bb2c42a87a39b3,"prg805 - Pine Ridge Building E-1 {PERG BUILDINGS, LLC}",evidenceOfInsurance,Evidence of Insurance,excessOrUmbrellaLiability,Umbrella/Excess Liability,evidenceOfInsuranceExcessOrUmbrellaLiabilityEachOccurrence,Each Occurrence,,matchOnce,must be greater or equal to,1000000,,non_compliant,Block Requirements,,,false,0,,2026-08-16
"Block Real Estate Services, LLC",69fdf79262446148bd859c00,69fded0d62446148bd848b7a,"ApexSite Cleaning, LLC",69fdf0dc02bb2c42a87a39b3,"prg805 - Pine Ridge Building E-1 {PERG BUILDINGS, LLC}",evidenceOfInsurance,Evidence of Insurance,excessOrUmbrellaLiability,Umbrella/Excess Liability,evidenceOfInsuranceExcessOrUmbrellaLiabilityAggregate,Aggregate,,matchOnce,must be greater or equal to,1000000,,non_compliant,Block Requirements,,,false,0,,2026-08-16
"Block Real Estate Services, LLC",69fdf79262446148bd859c00,69fded0d62446148bd848b7a,"ApexSite Cleaning, LLC",69fdf0dc02bb2c42a87a39b3,"prg805 - Pine Ridge Building E-1 {PERG BUILDINGS, LLC}",evidenceOfInsurance,Evidence of Insurance,workersCompensation,Workers' Compensation and Employer's Liability,evidenceOfInsuranceWorkersCompensationStatutoryLimits,Statutory Limits,,matchOnce,must be present,,,non_compliant,Block Requirements,,,false,0,,2026-08-16
"Block Real Estate Services, LLC",69fdf79262446148bd859c00,69fded0d62446148bd848b7a,"ApexSite Cleaning, LLC",69fdf0dc02bb2c42a87a39b3,"prg805 - Pine Ridge Building E-1 {PERG BUILDINGS, LLC}",evidenceOfInsurance,Evidence of Insurance,workersCompensation,Workers' Compensation and Employer's Liability,evidenceOfInsuranceWorkersCompensationEmployersLiabilityEachAccident,Employer's Liability Each Accident,,matchOnce,must be greater or equal to,500000,,non_compliant,Block Requirements,,,false,0,,2026-08-16
"Block Real Estate Services, LLC",69fdf79262446148bd859c00,69fded0d62446148bd848b7a,"ApexSite Cleaning, LLC",69fdf0dc02bb2c42a87a39b3,"prg805 - Pine Ridge Building E-1 {PERG BUILDINGS, LLC}",evidenceOfInsurance,Evidence of Insurance,workersCompensation,Workers' Compensation and Employer's Liability,evidenceOfInsuranceWorkersCompensationEmployersLiabilityDiseaseEachEmployee,Employer's Liability Disease - each employee,,matchOnce,must be greater or equal to,500000,,non_compliant,Block Requirements,,,false,0,,2026-08-16
"Block Real Estate Services, LLC",69fdf79262446148bd859c00,69fded0d62446148bd848b7a,"ApexSite Cleaning, LLC",69fdf0dc02bb2c42a87a39b3,"prg805 - Pine Ridge Building E-1 {PERG BUILDINGS, LLC}",evidenceOfInsurance,Evidence of Insurance,workersCompensation,Workers' Compensation and Employer's Liability,evidenceOfInsuranceWorkersCompensationEmployersLiabilityDiseasePolicyLimit,Employer's Liability Disease - policy limit,,matchOnce,must be greater or equal to,500000,,non_compliant,Block Requirements,,,false,0,,2026-08-16
"Block Real Estate Services, LLC",69fdf79262446148bd859c00,69fded0d62446148bd848b7a,"ApexSite Cleaning, LLC",69fdf0dc02bb2c42a87a39b3,"prg805 - Pine Ridge Building E-1 {PERG BUILDINGS, LLC}",evidenceOfInsurance,Evidence of Insurance,workersCompensation,Workers' Compensation and Employer's Liability,evidenceOfInsuranceWorkersCompensationWaiverOfSubrogationEndorsement,Waiver of Subrogation,"---prompt---
Determine if the insurer has waived their right of subrogation in favor of the certificate holder under the Workers' Compensation policy. Evidence may include: a checked ""Waiver of Subrogation"" box on the certificate, mention in the Description of Operations section stating ""waiver of subrogation applies"", or reference to form WC 00 03 13. Look for language like ""subrogation is waived"" or ""per written contract"".",matchOnce,must be present,,,non_compliant,Block Requirements,,,false,0,,2026-08-16
"Block Real Estate Services, LLC",69fdf79262446148bd859c00,69fded0d62446148bd848b7a,"ApexSite Cleaning, LLC",69fdf0dc02bb2c42a87a39b3,"prg805 - Pine Ridge Building E-1 {PERG BUILDINGS, LLC}",evidenceOfInsurance,Evidence of Insurance,6ac20aae-5728-5d57-b364-aeba38527dba,Additional Requirements,4da5b0f1-4c9d-5885-8cf8-5d3cccaed3e0,"Block Real Estate Services, LLC and all others required by contract are named as Additional Insureds","---prompt---
Determine if the Description of Operations or the Additional Remarks Schedule section states the ""Additional Insured as Construction Management, Inc. and all others required by contract"" or reference to blanket additional insured coverage. Look for language like ""certificate holder is additional insured"" or ""per written contract"".",matchOnce,must be present,,,non_compliant,Block Requirements,,,true,0,,2026-08-16
"Block Real Estate Services, LLC",69fdf79262446148bd859c00,69fded0d62446148bd848b7a,"ApexSite Cleaning, LLC",69fdf0dc02bb2c42a87a39b3,"prg805 - Pine Ridge Building E-1 {PERG BUILDINGS, LLC}",evidenceOfInsurance,Evidence of Insurance,6ac20aae-5728-5d57-b364-aeba38527dba,Additional Requirements,e1017741-e47e-5f58-97b8-fbc3043e919f,Umbrella follows form over General Liability,"---prompt---
Determine if the Umbrella/Excess Liability policy follows form to the underlying policies. Evidence may include: language in the Description of Operations section stating the umbrella follows form to underlying coverages or an additional page endorsement stating that it follows form. Follow form means the umbrella policy adopts the same terms, conditions, and exclusions as the underlying policies.",matchOnce,must be present,,,non_compliant,Block Requirements,,,true,0,,2026-08-16
"Block Real Estate Services, LLC",69fdf79262446148bd859c00,69fded0d62446148bd848b7a,"ApexSite Cleaning, LLC",69fdf0dc02bb2c42a87a39b3,"prg805 - Pine Ridge Building E-1 {PERG BUILDINGS, LLC}",evidenceOfInsurance,Evidence of Insurance,6ac20aae-5728-5d57-b364-aeba38527dba,Additional Requirements,2cdd866f-c9a4-576a-afd8-1d045762790c,The location must be listed as: 8357 Melrose Drive Lenexa KS 66214,,matchOnce,must be present,,,non_compliant,Block Requirements,,,true,0,,2026-08-16
"Block Real Estate Services, LLC",69fdf79262446148bd859c00,69fded0d62446148bd848b7a,"ApexSite Cleaning, LLC",69fdf0dc02bb2c42a87a39b3,"prg805 - Pine Ridge Building E-1 {PERG BUILDINGS, LLC}",evidenceOfInsurance,Evidence of Insurance,6ac20aae-5728-5d57-b364-aeba38527dba,Additional Requirements,3649e9d1-4e09-59bf-8f30-cb33c40cf117,"Certificate Holder must read: c/o Block Real Estate Services, LLC, 4622 Pennsylvania St., Suite 700, Kansas City, MO, 64112",,matchOnce,must be present,,,non_compliant,Block Requirements,,,true,0,,2026-08-16
"Block Real Estate Services, LLC",69fdf79262446148bd859c04,69fded1b62446148bd848fa9,Midland Exteriors LLC,69fdf0dc02bb2c42a87a39b3,"prg805 - Pine Ridge Building E-1 {PERG BUILDINGS, LLC}",evidenceOfInsurance,Evidence of Insurance,commercialGeneralLiability,Commercial General Liability,evidenceOfInsuranceCommercialGeneralLiabilityCoverageTriggerOccurrence,Coverage Trigger: Occurrence,,matchOnce,must be present,,Present,compliant,Block Requirements,,,false,1,,2026-08-16
"Block Real Estate Services, LLC",69fdf79262446148bd859c04,69fded1b62446148bd848fa9,Midland Exteriors LLC,69fdf0dc02bb2c42a87a39b3,"prg805 - Pine Ridge Building E-1 {PERG BUILDINGS, LLC}",evidenceOfInsurance,Evidence of Insurance,commercialGeneralLiability,Commercial General Liability,evidenceOfInsuranceCommercialGeneralLiabilityGeneralAggregateLimitAppliesPerLocation,General Aggregate Limit Applies per: Location,,matchOnce,must be present,,Present,compliant,Block Requirements,,,false,1,,2026-08-16
"Block Real Estate Services, LLC",69fdf79262446148bd859c04,69fded1b62446148bd848fa9,Midland Exteriors LLC,69fdf0dc02bb2c42a87a39b3,"prg805 - Pine Ridge Building E-1 {PERG BUILDINGS, LLC}",evidenceOfInsurance,Evidence of Insurance,commercialGeneralLiability,Commercial General Liability,evidenceOfInsuranceCommercialGeneralLiabilityEachOccurrence,Each Occurrence,,matchOnce,must be greater or equal to,1000000,1000000,compliant,Block Requirements,,,false,1,,2026-08-16
"Block Real Estate Services, LLC",69fdf79262446148bd859c04,69fded1b62446148bd848fa9,Midland Exteriors LLC,69fdf0dc02bb2c42a87a39b3,"prg805 - Pine Ridge Building E-1 {PERG BUILDINGS, LLC}",evidenceOfInsurance,Evidence of Insurance,commercialGeneralLiability,Commercial General Liability,evidenceOfInsuranceCommercialGeneralLiabilityGeneralAggregate,General Aggregate,,matchOnce,must be greater or equal to,2000000,2000000,compliant,Block Requirements,,,false,1,,2026-08-16
"Block Real Estate Services, LLC",69fdf79262446148bd859c04,69fded1b62446148bd848fa9,Midland Exteriors LLC,69fdf0dc02bb2c42a87a39b3,"prg805 - Pine Ridge Building E-1 {PERG BUILDINGS, LLC}",evidenceOfInsurance,Evidence of Insurance,commercialGeneralLiability,Commercial General Liability,evidenceOfInsuranceCommercialGeneralLiabilityWaiverOfSubrogationEndorsement,Waiver of Subrogation,"---prompt---
Determine if the insurer has waived their right of subrogation in favor of the certificate holder under the Commercial General Liability policy. Evidence may include: a checked ""Waiver of Subrogation"" box on the certificate, mention in the Description of Operations section stating ""waiver of subrogation applies"", or reference to form CG 24 04. Look for language like ""subrogation is waived"" or ""per written contract"".",matchOnce,must be present,,Present,compliant,Block Requirements,,,false,1,,2026-08-16
"Block Real Estate Services, LLC",69fdf79262446148bd859c04,69fded1b62446148bd848fa9,Midland Exteriors LLC,69fdf0dc02bb2c42a87a39b3,"prg805 - Pine Ridge Building E-1 {PERG BUILDINGS, LLC}",evidenceOfInsurance,Evidence of Insurance,excessOrUmbrellaLiability,Umbrella/Excess Liability,evidenceOfInsuranceExcessOrUmbrellaLiabilityOccurence,Coverage Trigger: Occurrence,,matchOnce,must be present,,Present,compliant,Block Requirements,,,false,1,,2026-08-16
"Block Real Estate Services, LLC",69fdf79262446148bd859c04,69fded1b62446148bd848fa9,Midland Exteriors LLC,69fdf0dc02bb2c42a87a39b3,"prg805 - Pine Ridge Building E-1 {PERG BUILDINGS, LLC}",evidenceOfInsurance,Evidence of Insurance,excessOrUmbrellaLiability,Umbrella/Excess Liability,evidenceOfInsuranceExcessOrUmbrellaLiabilityEachOccurrence,Each Occurrence,,matchOnce,must be greater or equal to,1000000,1000000,compliant,Block Requirements,,,false,1,,2026-08-16
"Block Real Estate Services, LLC",69fdf79262446148bd859c04,69fded1b62446148bd848fa9,Midland Exteriors LLC,69fdf0dc02bb2c42a87a39b3,"prg805 - Pine Ridge Building E-1 {PERG BUILDINGS, LLC}",evidenceOfInsurance,Evidence of Insurance,excessOrUmbrellaLiability,Umbrella/Excess Liability,evidenceOfInsuranceExcessOrUmbrellaLiabilityAggregate,Aggregate,,matchOnce,must be greater or equal to,1000000,1000000,compliant,Block Requirements,,,false,1,,2026-08-16
"Block Real Estate Services, LLC",69fdf79262446148bd859c04,69fded1b62446148bd848fa9,Midland Exteriors LLC,69fdf0dc02bb2c42a87a39b3,"prg805 - Pine Ridge Building E-1 {PERG BUILDINGS, LLC}",evidenceOfInsurance,Evidence of Insurance,workersCompensation,Workers' Compensation and Employer's Liability,evidenceOfInsuranceWorkersCompensationStatutoryLimits,Statutory Limits,,matchOnce,must be present,,Present,compliant,Block Requirements,,,false,1,,2026-08-16
"Block Real Estate Services, LLC",69fdf79262446148bd859c04,69fded1b62446148bd848fa9,Midland Exteriors LLC,69fdf0dc02bb2c42a87a39b3,"prg805 - Pine Ridge Building E-1 {PERG BUILDINGS, LLC}",evidenceOfInsurance,Evidence of Insurance,workersCompensation,Workers' Compensation and Employer's Liability,evidenceOfInsuranceWorkersCompensationEmployersLiabilityEachAccident,Employer's Liability Each Accident,,matchOnce,must be greater or equal to,500000,500000,compliant,Block Requirements,,,false,1,,2026-08-16
"Block Real Estate Services, LLC",69fdf79262446148bd859c04,69fded1b62446148bd848fa9,Midland Exteriors LLC,69fdf0dc02bb2c42a87a39b3,"prg805 - Pine Ridge Building E-1 {PERG BUILDINGS, LLC}",evidenceOfInsurance,Evidence of Insurance,workersCompensation,Workers' Compensation and Employer's Liability,evidenceOfInsuranceWorkersCompensationEmployersLiabilityDiseaseEachEmployee,Employer's Liability Disease - each employee,,matchOnce,must be greater or equal to,500000,500000,compliant,Block Requirements,,,false,1,,2026-08-16
"Block Real Estate Services, LLC",69fdf79262446148bd859c04,69fded1b62446148bd848fa9,Midland Exteriors LLC,69fdf0dc02bb2c42a87a39b3,"prg805 - Pine Ridge Building E-1 {PERG BUILDINGS, LLC}",evidenceOfInsurance,Evidence of Insurance,workersCompensation,Workers' Compensation and Employer's Liability,evidenceOfInsuranceWorkersCompensationEmployersLiabilityDiseasePolicyLimit,Employer's Liability Disease - policy limit,,matchOnce,must be greater or equal to,500000,500000,compliant,Block Requirements,,,false,1,,2026-08-16
"Block Real Estate Services, LLC",69fdf79262446148bd859c04,69fded1b62446148bd848fa9,Midland Exteriors LLC,69fdf0dc02bb2c42a87a39b3,"prg805 - Pine Ridge Building E-1 {PERG BUILDINGS, LLC}",evidenceOfInsurance,Evidence of Insurance,workersCompensation,Workers' Compensation and Employer's Liability,evidenceOfInsuranceWorkersCompensationWaiverOfSubrogationEndorsement,Waiver of Subrogation,"---prompt---
Determine if the insurer has waived their right of subrogation in favor of the certificate holder under the Workers' Compensation policy. Evidence may include: a checked ""Waiver of Subrogation"" box on the certificate, mention in the Description of Operations section stating ""waiver of subrogation applies"", or reference to form WC 00 03 13. Look for language like ""subrogation is waived"" or ""per written contract"".",matchOnce,must be present,,,non_compliant,Block Requirements,,,false,0,,2026-08-16
"Block Real Estate Services, LLC",69fdf79262446148bd859c04,69fded1b62446148bd848fa9,Midland Exteriors LLC,69fdf0dc02bb2c42a87a39b3,"prg805 - Pine Ridge Building E-1 {PERG BUILDINGS, LLC}",evidenceOfInsurance,Evidence of Insurance,6ac20aae-5728-5d57-b364-aeba38527dba,Additional Requirements,4da5b0f1-4c9d-5885-8cf8-5d3cccaed3e0,"Block Real Estate Services, LLC and all others required by contract are named as Additional Insureds","---prompt---
Determine if the Description of Operations or the Additional Remarks Schedule section states the ""Additional Insured as Construction Management, Inc. and all others required by contract"" or reference to blanket additional insured coverage. Look for language like ""certificate holder is additional insured"" or ""per written contract"".",matchOnce,must be present,,Present,compliant,Block Requirements,,,true,1,,2026-08-16
"Block Real Estate Services, LLC",69fdf79262446148bd859c04,69fded1b62446148bd848fa9,Midland Exteriors LLC,69fdf0dc02bb2c42a87a39b3,"prg805 - Pine Ridge Building E-1 {PERG BUILDINGS, LLC}",evidenceOfInsurance,Evidence of Insurance,6ac20aae-5728-5d57-b364-aeba38527dba,Additional Requirements,e1017741-e47e-5f58-97b8-fbc3043e919f,Umbrella follows form over General Liability,"---prompt---
Determine if the Umbrella/Excess Liability policy follows form to the underlying policies. Evidence may include: language in the Description of Operations section stating the umbrella follows form to underlying coverages or an additional page endorsement stating that it follows form. Follow form means the umbrella policy adopts the same terms, conditions, and exclusions as the underlying policies.",matchOnce,must be present,,Present,compliant,Block Requirements,,,true,1,,2026-08-16
"Block Real Estate Services, LLC",69fdf79262446148bd859c04,69fded1b62446148bd848fa9,Midland Exteriors LLC,69fdf0dc02bb2c42a87a39b3,"prg805 - Pine Ridge Building E-1 {PERG BUILDINGS, LLC}",evidenceOfInsurance,Evidence of Insurance,6ac20aae-5728-5d57-b364-aeba38527dba,Additional Requirements,2cdd866f-c9a4-576a-afd8-1d045762790c,The location must be listed as: 8343 Melrose Drive Lenexa KS 66214,,matchOnce,must be present,,Present,compliant,Block Requirements,,,true,1,,2026-08-16
"Block Real Estate Services, LLC",69fdf79262446148bd859c04,69fded1b62446148bd848fa9,Midland Exteriors LLC,69fdf0dc02bb2c42a87a39b3,"prg805 - Pine Ridge Building E-1 {PERG BUILDINGS, LLC}",evidenceOfInsurance,Evidence of Insurance,6ac20aae-5728-5d57-b364-aeba38527dba,Additional Requirements,3649e9d1-4e09-59bf-8f30-cb33c40cf117,"Certificate Holder must read: c/o Block Real Estate Services, LLC, 4622 Pennsylvania St., Suite 700, Kansas City, MO, 64112",,matchOnce,must be present,,Present,compliant,Block Requirements,,,true,1,,2026-08-16
"Block Real Estate Services, LLC",69fdf79262446148bd859c06,69fded1f62446148bd8490d8,R & R Communications Inc,69fdf0dc02bb2c42a87a39b3,"prg805 - Pine Ridge Building E-1 {PERG BUILDINGS, LLC}",evidenceOfInsurance,Evidence of Insurance,commercialGeneralLiability,Commercial General Liability,evidenceOfInsuranceCommercialGeneralLiabilityCoverageTriggerOccurrence,Coverage Trigger: Occurrence,,matchOnce,must be present,,Present,compliant,Block Requirements,,,false,1,,2026-08-16
"Block Real Estate Services, LLC",69fdf79262446148bd859c06,69fded1f62446148bd8490d8,R & R Communications Inc,69fdf0dc02bb2c42a87a39b3,"prg805 - Pine Ridge Building E-1 {PERG BUILDINGS, LLC}",evidenceOfInsurance,Evidence of Insurance,commercialGeneralLiability,Commercial General Liability,evidenceOfInsuranceCommercialGeneralLiabilityGeneralAggregateLimitAppliesPerLocation,General Aggregate Limit Applies per: Location,,matchOnce,must be present,,,waived,Block Requirements,Per location not a requirement in the lease,,false,0,,2026-08-16
"Block Real Estate Services, LLC",69fdf79262446148bd859c06,69fded1f62446148bd8490d8,R & R Communications Inc,69fdf0dc02bb2c42a87a39b3,"prg805 - Pine Ridge Building E-1 {PERG BUILDINGS, LLC}",evidenceOfInsurance,Evidence of Insurance,commercialGeneralLiability,Commercial General Liability,evidenceOfInsuranceCommercialGeneralLiabilityEachOccurrence,Each Occurrence,,matchOnce,must be greater or equal to,1000000,2000000,compliant,Block Requirements,,,false,1,,2026-08-16
"Block Real Estate Services, LLC",69fdf79262446148bd859c06,69fded1f62446148bd8490d8,R & R Communications Inc,69fdf0dc02bb2c42a87a39b3,"prg805 - Pine Ridge Building E-1 {PERG BUILDINGS, LLC}",evidenceOfInsurance,Evidence of Insurance,commercialGeneralLiability,Commercial General Liability,evidenceOfInsuranceCommercialGeneralLiabilityGeneralAggregate,General Aggregate,,matchOnce,must be greater or equal to,2000000,4000000,compliant,Block Requirements,,,false,1,,2026-08-16
"Block Real Estate Services, LLC",69fdf79262446148bd859c06,69fded1f62446148bd8490d8,R & R Communications Inc,69fdf0dc02bb2c42a87a39b3,"prg805 - Pine Ridge Building E-1 {PERG BUILDINGS, LLC}",evidenceOfInsurance,Evidence of Insurance,commercialGeneralLiability,Commercial General Liability,evidenceOfInsuranceCommercialGeneralLiabilityWaiverOfSubrogationEndorsement,Waiver of Subrogation,"---prompt---
Determine if the insurer has waived their right of subrogation in favor of the certificate holder under the Commercial General Liability policy. Evidence may include: a checked ""Waiver of Subrogation"" box on the certificate, mention in the Description of Operations section stating ""waiver of subrogation applies"", or reference to form CG 24 04. Look for language like ""subrogation is waived"" or ""per written contract"".",matchOnce,must be present,,,non_compliant,Block Requirements,,,false,0,,2026-08-16
"Block Real Estate Services, LLC",69fdf79262446148bd859c06,69fded1f62446148bd8490d8,R & R Communications Inc,69fdf0dc02bb2c42a87a39b3,"prg805 - Pine Ridge Building E-1 {PERG BUILDINGS, LLC}",evidenceOfInsurance,Evidence of Insurance,excessOrUmbrellaLiability,Umbrella/Excess Liability,evidenceOfInsuranceExcessOrUmbrellaLiabilityOccurence,Coverage Trigger: Occurrence,,matchOnce,must be present,,,waived,Block Requirements,,,false,0,,2026-08-16
"Block Real Estate Services, LLC",69fdf79262446148bd859c06,69fded1f62446148bd8490d8,R & R Communications Inc,69fdf0dc02bb2c42a87a39b3,"prg805 - Pine Ridge Building E-1 {PERG BUILDINGS, LLC}",evidenceOfInsurance,Evidence of Insurance,excessOrUmbrellaLiability,Umbrella/Excess Liability,evidenceOfInsuranceExcessOrUmbrellaLiabilityEachOccurrence,Each Occurrence,,matchOnce,must be greater or equal to,1000000,,waived,Block Requirements,,,false,0,,2026-08-16
"Block Real Estate Services, LLC",69fdf79262446148bd859c06,69fded1f62446148bd8490d8,R & R Communications Inc,69fdf0dc02bb2c42a87a39b3,"prg805 - Pine Ridge Building E-1 {PERG BUILDINGS, LLC}",evidenceOfInsurance,Evidence of Insurance,excessOrUmbrellaLiability,Umbrella/Excess Liability,evidenceOfInsuranceExcessOrUmbrellaLiabilityAggregate,Aggregate,,matchOnce,must be greater or equal to,1000000,,waived,Block Requirements,,,false,0,,2026-08-16
"Block Real Estate Services, LLC",69fdf79262446148bd859c06,69fded1f62446148bd8490d8,R & R Communications Inc,69fdf0dc02bb2c42a87a39b3,"prg805 - Pine Ridge Building E-1 {PERG BUILDINGS, LLC}",evidenceOfInsurance,Evidence of Insurance,workersCompensation,Workers' Compensation and Employer's Liability,evidenceOfInsuranceWorkersCompensationStatutoryLimits,Statutory Limits,,matchOnce,must be present,,Present,compliant,Block Requirements,,,false,1,,2026-08-16
"Block Real Estate Services, LLC",69fdf79262446148bd859c06,69fded1f62446148bd8490d8,R & R Communications Inc,69fdf0dc02bb2c42a87a39b3,"prg805 - Pine Ridge Building E-1 {PERG BUILDINGS, LLC}",evidenceOfInsurance,Evidence of Insurance,workersCompensation,Workers' Compensation and Employer's Liability,evidenceOfInsuranceWorkersCompensationEmployersLiabilityEachAccident,Employer's Liability Each Accident,,matchOnce,must be greater or equal to,500000,1000000,compliant,Block Requirements,,,false,1,,2026-08-16
"Block Real Estate Services, LLC",69fdf79262446148bd859c06,69fded1f62446148bd8490d8,R & R Communications Inc,69fdf0dc02bb2c42a87a39b3,"prg805 - Pine Ridge Building E-1 {PERG BUILDINGS, LLC}",evidenceOfInsurance,Evidence of Insurance,workersCompensation,Workers' Compensation and Employer's Liability,evidenceOfInsuranceWorkersCompensationEmployersLiabilityDiseaseEachEmployee,Employer's Liability Disease - each employee,,matchOnce,must be greater or equal to,500000,1000000,compliant,Block Requirements,,,false,1,,2026-08-16
"Block Real Estate Services, LLC",69fdf79262446148bd859c06,69fded1f62446148bd8490d8,R & R Communications Inc,69fdf0dc02bb2c42a87a39b3,"prg805 - Pine Ridge Building E-1 {PERG BUILDINGS, LLC}",evidenceOfInsurance,Evidence of Insurance,workersCompensation,Workers' Compensation and Employer's Liability,evidenceOfInsuranceWorkersCompensationEmployersLiabilityDiseasePolicyLimit,Employer's Liability Disease - policy limit,,matchOnce,must be greater or equal to,500000,1000000,compliant,Block Requirements,,,false,1,,2026-08-16
"Block Real Estate Services, LLC",69fdf79262446148bd859c06,69fded1f62446148bd8490d8,R & R Communications Inc,69fdf0dc02bb2c42a87a39b3,"prg805 - Pine Ridge Building E-1 {PERG BUILDINGS, LLC}",evidenceOfInsurance,Evidence of Insurance,workersCompensation,Workers' Compensation and Employer's Liability,evidenceOfInsuranceWorkersCompensationWaiverOfSubrogationEndorsement,Waiver of Subrogation,"---prompt---
Determine if the insurer has waived their right of subrogation in favor of the certificate holder under the Workers' Compensation policy. Evidence may include: a checked ""Waiver of Subrogation"" box on the certificate, mention in the Description of Operations section stating ""waiver of subrogation applies"", or reference to form WC 00 03 13. Look for language like ""subrogation is waived"" or ""per written contract"".",matchOnce,must be present,,,non_compliant,Block Requirements,,,false,0,,2026-08-16
"Block Real Estate Services, LLC",69fdf79262446148bd859c06,69fded1f62446148bd8490d8,R & R Communications Inc,69fdf0dc02bb2c42a87a39b3,"prg805 - Pine Ridge Building E-1 {PERG BUILDINGS, LLC}",evidenceOfInsurance,Evidence of Insurance,6ac20aae-5728-5d57-b364-aeba38527dba,Additional Requirements,4da5b0f1-4c9d-5885-8cf8-5d3cccaed3e0,"Block Real Estate Services, LLC and all others required by contract are named as Additional Insureds","---prompt---
Determine if the Description of Operations or the Additional Remarks Schedule section states the ""Additional Insured as Construction Management, Inc. and all others required by contract"" or reference to blanket additional insured coverage. Look for language like ""certificate holder is additional insured"" or ""per written contract"".",matchOnce,must be present,,Present,compliant,Block Requirements,,,true,1,,2026-08-16
"Block Real Estate Services, LLC",69fdf79262446148bd859c06,69fded1f62446148bd8490d8,R & R Communications Inc,69fdf0dc02bb2c42a87a39b3,"prg805 - Pine Ridge Building E-1 {PERG BUILDINGS, LLC}",evidenceOfInsurance,Evidence of Insurance,6ac20aae-5728-5d57-b364-aeba38527dba,Additional Requirements,e1017741-e47e-5f58-97b8-fbc3043e919f,Umbrella follows form over General Liability,"---prompt---
Determine if the Umbrella/Excess Liability policy follows form to the underlying policies. Evidence may include: language in the Description of Operations section stating the umbrella follows form to underlying coverages or an additional page endorsement stating that it follows form. Follow form means the umbrella policy adopts the same terms, conditions, and exclusions as the underlying policies.",matchOnce,must be present,,,waived,Block Requirements,Umbrella not a requirement in the lease,,true,0,,2026-08-16
"Block Real Estate Services, LLC",69fdf79262446148bd859c06,69fded1f62446148bd8490d8,R & R Communications Inc,69fdf0dc02bb2c42a87a39b3,"prg805 - Pine Ridge Building E-1 {PERG BUILDINGS, LLC}",evidenceOfInsurance,Evidence of Insurance,6ac20aae-5728-5d57-b364-aeba38527dba,Additional Requirements,2cdd866f-c9a4-576a-afd8-1d045762790c,The location must be listed as: 8367 Melrose Drive Lenexa KS 66214,,matchOnce,must be present,,Present,compliant,Block Requirements,,,true,1,,2026-08-16
"Block Real Estate Services, LLC",69fdf79262446148bd859c06,69fded1f62446148bd8490d8,R & R Communications Inc,69fdf0dc02bb2c42a87a39b3,"prg805 - Pine Ridge Building E-1 {PERG BUILDINGS, LLC}",evidenceOfInsurance,Evidence of Insurance,6ac20aae-5728-5d57-b364-aeba38527dba,Additional Requirements,3649e9d1-4e09-59bf-8f30-cb33c40cf117,"Certificate Holder must read: c/o Block Real Estate Services, LLC, 4622 Pennsylvania St., Suite 700, Kansas City, MO, 64112",,matchOnce,must be present,,,non_compliant,Block Requirements,,,true,0,,2026-08-16
"Block Real Estate Services, LLC",69fdf79262446148bd859c08,69fded2362446148bd84923a,Trinity Property Management LLC,69fdf0dc02bb2c42a87a39b3,"prg805 - Pine Ridge Building E-1 {PERG BUILDINGS, LLC}",evidenceOfInsurance,Evidence of Insurance,commercialGeneralLiability,Commercial General Liability,evidenceOfInsuranceCommercialGeneralLiabilityCoverageTriggerOccurrence,Coverage Trigger: Occurrence,,matchOnce,must be present,,,non_compliant,Block Requirements,,,false,0,,2026-08-16
"Block Real Estate Services, LLC",69fdf79262446148bd859c08,69fded2362446148bd84923a,Trinity Property Management LLC,69fdf0dc02bb2c42a87a39b3,"prg805 - Pine Ridge Building E-1 {PERG BUILDINGS, LLC}",evidenceOfInsurance,Evidence of Insurance,commercialGeneralLiability,Commercial General Liability,evidenceOfInsuranceCommercialGeneralLiabilityGeneralAggregateLimitAppliesPerLocation,General Aggregate Limit Applies per: Location,,matchOnce,must be present,,,non_compliant,Block Requirements,,,false,0,,2026-08-16
"Block Real Estate Services, LLC",69fdf79262446148bd859c08,69fded2362446148bd84923a,Trinity Property Management LLC,69fdf0dc02bb2c42a87a39b3,"prg805 - Pine Ridge Building E-1 {PERG BUILDINGS, LLC}",evidenceOfInsurance,Evidence of Insurance,commercialGeneralLiability,Commercial General Liability,evidenceOfInsuranceCommercialGeneralLiabilityEachOccurrence,Each Occurrence,,matchOnce,must be greater or equal to,1000000,,non_compliant,Block Requirements,,,false,0,,2026-08-16
"Block Real Estate Services, LLC",69fdf79262446148bd859c08,69fded2362446148bd84923a,Trinity Property Management LLC,69fdf0dc02bb2c42a87a39b3,"prg805 - Pine Ridge Building E-1 {PERG BUILDINGS, LLC}",evidenceOfInsurance,Evidence of Insurance,commercialGeneralLiability,Commercial General Liability,evidenceOfInsuranceCommercialGeneralLiabilityGeneralAggregate,General Aggregate,,matchOnce,must be greater or equal to,2000000,,non_compliant,Block Requirements,,,false,0,,2026-08-16
"Block Real Estate Services, LLC",69fdf79262446148bd859c08,69fded2362446148bd84923a,Trinity Property Management LLC,69fdf0dc02bb2c42a87a39b3,"prg805 - Pine Ridge Building E-1 {PERG BUILDINGS, LLC}",evidenceOfInsurance,Evidence of Insurance,commercialGeneralLiability,Commercial General Liability,evidenceOfInsuranceCommercialGeneralLiabilityWaiverOfSubrogationEndorsement,Waiver of Subrogation,"---prompt---
Determine if the insurer has waived their right of subrogation in favor of the certificate holder under the Commercial General Liability policy. Evidence may include: a checked ""Waiver of Subrogation"" box on the certificate, mention in the Description of Operations section stating ""waiver of subrogation applies"", or reference to form CG 24 04. Look for language like ""subrogation is waived"" or ""per written contract"".",matchOnce,must be present,,,non_compliant,Block Requirements,,,false,0,,2026-08-16
"Block Real Estate Services, LLC",69fdf79262446148bd859c08,69fded2362446148bd84923a,Trinity Property Management LLC,69fdf0dc02bb2c42a87a39b3,"prg805 - Pine Ridge Building E-1 {PERG BUILDINGS, LLC}",evidenceOfInsurance,Evidence of Insurance,excessOrUmbrellaLiability,Umbrella/Excess Liability,evidenceOfInsuranceExcessOrUmbrellaLiabilityOccurence,Coverage Trigger: Occurrence,,matchOnce,must be present,,,non_compliant,Block Requirements,,,false,0,,2026-08-16
"Block Real Estate Services, LLC",69fdf79262446148bd859c08,69fded2362446148bd84923a,Trinity Property Management LLC,69fdf0dc02bb2c42a87a39b3,"prg805 - Pine Ridge Building E-1 {PERG BUILDINGS, LLC}",evidenceOfInsurance,Evidence of Insurance,excessOrUmbrellaLiability,Umbrella/Excess Liability,evidenceOfInsuranceExcessOrUmbrellaLiabilityEachOccurrence,Each Occurrence,,matchOnce,must be greater or equal to,1000000,,non_compliant,Block Requirements,,,false,0,,2026-08-16
"Block Real Estate Services, LLC",69fdf79262446148bd859c08,69fded2362446148bd84923a,Trinity Property Management LLC,69fdf0dc02bb2c42a87a39b3,"prg805 - Pine Ridge Building E-1 {PERG BUILDINGS, LLC}",evidenceOfInsurance,Evidence of Insurance,excessOrUmbrellaLiability,Umbrella/Excess Liability,evidenceOfInsuranceExcessOrUmbrellaLiabilityAggregate,Aggregate,,matchOnce,must be greater or equal to,1000000,,non_compliant,Block Requirements,,,false,0,,2026-08-16
"Block Real Estate Services, LLC",69fdf79262446148bd859c08,69fded2362446148bd84923a,Trinity Property Management LLC,69fdf0dc02bb2c42a87a39b3,"prg805 - Pine Ridge Building E-1 {PERG BUILDINGS, LLC}",evidenceOfInsurance,Evidence of Insurance,workersCompensation,Workers' Compensation and Employer's Liability,evidenceOfInsuranceWorkersCompensationStatutoryLimits,Statutory Limits,,matchOnce,must be present,,,non_compliant,Block Requirements,,,false,0,,2026-08-16
"Block Real Estate Services, LLC",69fdf79262446148bd859c08,69fded2362446148bd84923a,Trinity Property Management LLC,69fdf0dc02bb2c42a87a39b3,"prg805 - Pine Ridge Building E-1 {PERG BUILDINGS, LLC}",evidenceOfInsurance,Evidence of Insurance,workersCompensation,Workers' Compensation and Employer's Liability,evidenceOfInsuranceWorkersCompensationEmployersLiabilityEachAccident,Employer's Liability Each Accident,,matchOnce,must be greater or equal to,500000,,non_compliant,Block Requirements,,,false,0,,2026-08-16
"Block Real Estate Services, LLC",69fdf79262446148bd859c08,69fded2362446148bd84923a,Trinity Property Management LLC,69fdf0dc02bb2c42a87a39b3,"prg805 - Pine Ridge Building E-1 {PERG BUILDINGS, LLC}",evidenceOfInsurance,Evidence of Insurance,workersCompensation,Workers' Compensation and Employer's Liability,evidenceOfInsuranceWorkersCompensationEmployersLiabilityDiseaseEachEmployee,Employer's Liability Disease - each employee,,matchOnce,must be greater or equal to,500000,,non_compliant,Block Requirements,,,false,0,,2026-08-16
"Block Real Estate Services, LLC",69fdf79262446148bd859c08,69fded2362446148bd84923a,Trinity Property Management LLC,69fdf0dc02bb2c42a87a39b3,"prg805 - Pine Ridge Building E-1 {PERG BUILDINGS, LLC}",evidenceOfInsurance,Evidence of Insurance,workersCompensation,Workers' Compensation and Employer's Liability,evidenceOfInsuranceWorkersCompensationEmployersLiabilityDiseasePolicyLimit,Employer's Liability Disease - policy limit,,matchOnce,must be greater or equal to,500000,,non_compliant,Block Requirements,,,false,0,,2026-08-16
"Block Real Estate Services, LLC",69fdf79262446148bd859c08,69fded2362446148bd84923a,Trinity Property Management LLC,69fdf0dc02bb2c42a87a39b3,"prg805 - Pine Ridge Building E-1 {PERG BUILDINGS, LLC}",evidenceOfInsurance,Evidence of Insurance,workersCompensation,Workers' Compensation and Employer's Liability,evidenceOfInsuranceWorkersCompensationWaiverOfSubrogationEndorsement,Waiver of Subrogation,"---prompt---
Determine if the insurer has waived their right of subrogation in favor of the certificate holder under the Workers' Compensation policy. Evidence may include: a checked ""Waiver of Subrogation"" box on the certificate, mention in the Description of Operations section stating ""waiver of subrogation applies"", or reference to form WC 00 03 13. Look for language like ""subrogation is waived"" or ""per written contract"".",matchOnce,must be present,,,non_compliant,Block Requirements,,,false,0,,2026-08-16
"Block Real Estate Services, LLC",69fdf79262446148bd859c08,69fded2362446148bd84923a,Trinity Property Management LLC,69fdf0dc02bb2c42a87a39b3,"prg805 - Pine Ridge Building E-1 {PERG BUILDINGS, LLC}",evidenceOfInsurance,Evidence of Insurance,6ac20aae-5728-5d57-b364-aeba38527dba,Additional Requirements,4da5b0f1-4c9d-5885-8cf8-5d3cccaed3e0,"Block Real Estate Services, LLC and all others required by contract are named as Additional Insureds","---prompt---
Determine if the Description of Operations or the Additional Remarks Schedule section states the ""Additional Insured as Construction Management, Inc. and all others required by contract"" or reference to blanket additional insured coverage. Look for language like ""certificate holder is additional insured"" or ""per written contract"".",matchOnce,must be present,,,non_compliant,Block Requirements,,,true,0,,2026-08-16
"Block Real Estate Services, LLC",69fdf79262446148bd859c08,69fded2362446148bd84923a,Trinity Property Management LLC,69fdf0dc02bb2c42a87a39b3,"prg805 - Pine Ridge Building E-1 {PERG BUILDINGS, LLC}",evidenceOfInsurance,Evidence of Insurance,6ac20aae-5728-5d57-b364-aeba38527dba,Additional Requirements,e1017741-e47e-5f58-97b8-fbc3043e919f,Umbrella follows form over General Liability,"---prompt---
Determine if the Umbrella/Excess Liability policy follows form to the underlying policies. Evidence may include: language in the Description of Operations section stating the umbrella follows form to underlying coverages or an additional page endorsement stating that it follows form. Follow form means the umbrella policy adopts the same terms, conditions, and exclusions as the underlying policies.",matchOnce,must be present,,,non_compliant,Block Requirements,,,true,0,,2026-08-16
"Block Real Estate Services, LLC",69fdf79262446148bd859c08,69fded2362446148bd84923a,Trinity Property Management LLC,69fdf0dc02bb2c42a87a39b3,"prg805 - Pine Ridge Building E-1 {PERG BUILDINGS, LLC}",evidenceOfInsurance,Evidence of Insurance,6ac20aae-5728-5d57-b364-aeba38527dba,Additional Requirements,2cdd866f-c9a4-576a-afd8-1d045762790c,The location must be listed as: 8371 Melrose Drive Lenexa KS 66214,,matchOnce,must be present,,,non_compliant,Block Requirements,,,true,0,,2026-08-16
"Block Real Estate Services, LLC",69fdf79262446148bd859c08,69fded2362446148bd84923a,Trinity Property Management LLC,69fdf0dc02bb2c42a87a39b3,"prg805 - Pine Ridge Building E-1 {PERG BUILDINGS, LLC}",evidenceOfInsurance,Evidence of Insurance,6ac20aae-5728-5d57-b364-aeba38527dba,Additional Requirements,3649e9d1-4e09-59bf-8f30-cb33c40cf117,"Certificate Holder must read: c/o Block Real Estate Services, LLC, 4622 Pennsylvania St., Suite 700, Kansas City, MO, 64112",,matchOnce,must be present,,,non_compliant,Block Requirements,,,true,0,,2026-08-16
"Block Real Estate Services, LLC",69fdf79262446148bd859c02,69fded1262446148bd848cf7,DataLocker Inc,69fdf0dc02bb2c42a87a39b3,"prg805 - Pine Ridge Building E-1 {PERG BUILDINGS, LLC}",evidenceOfInsurance,Evidence of Insurance,commercialGeneralLiability,Commercial General Liability,evidenceOfInsuranceCommercialGeneralLiabilityCoverageTriggerOccurrence,Coverage Trigger: Occurrence,,matchOnce,must be present,,Present,compliant,Block Requirements,,,false,1,,2026-08-16
"Block Real Estate Services, LLC",69fdf79262446148bd859c02,69fded1262446148bd848cf7,DataLocker Inc,69fdf0dc02bb2c42a87a39b3,"prg805 - Pine Ridge Building E-1 {PERG BUILDINGS, LLC}",evidenceOfInsurance,Evidence of Insurance,commercialGeneralLiability,Commercial General Liability,evidenceOfInsuranceCommercialGeneralLiabilityGeneralAggregateLimitAppliesPerLocation,General Aggregate Limit Applies per: Location,,matchOnce,must be present,,Present,compliant,Block Requirements,,,false,1,,2026-08-16
"Block Real Estate Services, LLC",69fdf79262446148bd859c02,69fded1262446148bd848cf7,DataLocker Inc,69fdf0dc02bb2c42a87a39b3,"prg805 - Pine Ridge Building E-1 {PERG BUILDINGS, LLC}",evidenceOfInsurance,Evidence of Insurance,commercialGeneralLiability,Commercial General Liability,evidenceOfInsuranceCommercialGeneralLiabilityEachOccurrence,Each Occurrence,,matchOnce,must be greater or equal to,1000000,1000000,compliant,Block Requirements,,,false,1,,2026-08-16
"Block Real Estate Services, LLC",69fdf79262446148bd859c02,69fded1262446148bd848cf7,DataLocker Inc,69fdf0dc02bb2c42a87a39b3,"prg805 - Pine Ridge Building E-1 {PERG BUILDINGS, LLC}",evidenceOfInsurance,Evidence of Insurance,commercialGeneralLiability,Commercial General Liability,evidenceOfInsuranceCommercialGeneralLiabilityGeneralAggregate,General Aggregate,,matchOnce,must be greater or equal to,2000000,2000000,compliant,Block Requirements,,,false,1,,2026-08-16
"Block Real Estate Services, LLC",69fdf79262446148bd859c02,69fded1262446148bd848cf7,DataLocker Inc,69fdf0dc02bb2c42a87a39b3,"prg805 - Pine Ridge Building E-1 {PERG BUILDINGS, LLC}",evidenceOfInsurance,Evidence of Insurance,commercialGeneralLiability,Commercial General Liability,evidenceOfInsuranceCommercialGeneralLiabilityWaiverOfSubrogationEndorsement,Waiver of Subrogation,"---prompt---
Determine if the insurer has waived their right of subrogation in favor of the certificate holder under the Commercial General Liability policy. Evidence may include: a checked ""Waiver of Subrogation"" box on the certificate, mention in the Description of Operations section stating ""waiver of subrogation applies"", or reference to form CG 24 04. Look for language like ""subrogation is waived"" or ""per written contract"".",matchOnce,must be present,,Present,compliant,Block Requirements,,,false,1,,2026-08-16
"Block Real Estate Services, LLC",69fdf79262446148bd859c02,69fded1262446148bd848cf7,DataLocker Inc,69fdf0dc02bb2c42a87a39b3,"prg805 - Pine Ridge Building E-1 {PERG BUILDINGS, LLC}",evidenceOfInsurance,Evidence of Insurance,excessOrUmbrellaLiability,Umbrella/Excess Liability,evidenceOfInsuranceExcessOrUmbrellaLiabilityOccurence,Coverage Trigger: Occurrence,,matchOnce,must be present,,Present,compliant,Block Requirements,,,false,1,,2026-08-16
"Block Real Estate Services, LLC",69fdf79262446148bd859c02,69fded1262446148bd848cf7,DataLocker Inc,69fdf0dc02bb2c42a87a39b3,"prg805 - Pine Ridge Building E-1 {PERG BUILDINGS, LLC}",evidenceOfInsurance,Evidence of Insurance,excessOrUmbrellaLiability,Umbrella/Excess Liability,evidenceOfInsuranceExcessOrUmbrellaLiabilityEachOccurrence,Each Occurrence,,matchOnce,must be greater or equal to,1000000,2000000,compliant,Block Requirements,,,false,1,,2026-08-16
"Block Real Estate Services, LLC",69fdf79262446148bd859c02,69fded1262446148bd848cf7,DataLocker Inc,69fdf0dc02bb2c42a87a39b3,"prg805 - Pine Ridge Building E-1 {PERG BUILDINGS, LLC}",evidenceOfInsurance,Evidence of Insurance,excessOrUmbrellaLiability,Umbrella/Excess Liability,evidenceOfInsuranceExcessOrUmbrellaLiabilityAggregate,Aggregate,,matchOnce,must be greater or equal to,1000000,2000000,compliant,Block Requirements,,,false,1,,2026-08-16
"Block Real Estate Services, LLC",69fdf79262446148bd859c02,69fded1262446148bd848cf7,DataLocker Inc,69fdf0dc02bb2c42a87a39b3,"prg805 - Pine Ridge Building E-1 {PERG BUILDINGS, LLC}",evidenceOfInsurance,Evidence of Insurance,workersCompensation,Workers' Compensation and Employer's Liability,evidenceOfInsuranceWorkersCompensationStatutoryLimits,Statutory Limits,,matchOnce,must be present,,Present,compliant,Block Requirements,,,false,1,,2026-08-16
"Block Real Estate Services, LLC",69fdf79262446148bd859c02,69fded1262446148bd848cf7,DataLocker Inc,69fdf0dc02bb2c42a87a39b3,"prg805 - Pine Ridge Building E-1 {PERG BUILDINGS, LLC}",evidenceOfInsurance,Evidence of Insurance,workersCompensation,Workers' Compensation and Employer's Liability,evidenceOfInsuranceWorkersCompensationEmployersLiabilityEachAccident,Employer's Liability Each Accident,,matchOnce,must be greater or equal to,500000,1000000,compliant,Block Requirements,,,false,1,,2026-08-16
"Block Real Estate Services, LLC",69fdf79262446148bd859c02,69fded1262446148bd848cf7,DataLocker Inc,69fdf0dc02bb2c42a87a39b3,"prg805 - Pine Ridge Building E-1 {PERG BUILDINGS, LLC}",evidenceOfInsurance,Evidence of Insurance,workersCompensation,Workers' Compensation and Employer's Liability,evidenceOfInsuranceWorkersCompensationEmployersLiabilityDiseaseEachEmployee,Employer's Liability Disease - each employee,,matchOnce,must be greater or equal to,500000,1000000,compliant,Block Requirements,,,false,1,,2026-08-16
"Block Real Estate Services, LLC",69fdf79262446148bd859c02,69fded1262446148bd848cf7,DataLocker Inc,69fdf0dc02bb2c42a87a39b3,"prg805 - Pine Ridge Building E-1 {PERG BUILDINGS, LLC}",evidenceOfInsurance,Evidence of Insurance,workersCompensation,Workers' Compensation and Employer's Liability,evidenceOfInsuranceWorkersCompensationEmployersLiabilityDiseasePolicyLimit,Employer's Liability Disease - policy limit,,matchOnce,must be greater or equal to,500000,1000000,compliant,Block Requirements,,,false,1,,2026-08-16
"Block Real Estate Services, LLC",69fdf79262446148bd859c02,69fded1262446148bd848cf7,DataLocker Inc,69fdf0dc02bb2c42a87a39b3,"prg805 - Pine Ridge Building E-1 {PERG BUILDINGS, LLC}",evidenceOfInsurance,Evidence of Insurance,workersCompensation,Workers' Compensation and Employer's Liability,evidenceOfInsuranceWorkersCompensationWaiverOfSubrogationEndorsement,Waiver of Subrogation,"---prompt---
Determine if the insurer has waived their right of subrogation in favor of the certificate holder under the Workers' Compensation policy. Evidence may include: a checked ""Waiver of Subrogation"" box on the certificate, mention in the Description of Operations section stating ""waiver of subrogation applies"", or reference to form WC 00 03 13. Look for language like ""subrogation is waived"" or ""per written contract"".",matchOnce,must be present,,Present,compliant,Block Requirements,,,false,1,,2026-08-16
"Block Real Estate Services, LLC",69fdf79262446148bd859c02,69fded1262446148bd848cf7,DataLocker Inc,69fdf0dc02bb2c42a87a39b3,"prg805 - Pine Ridge Building E-1 {PERG BUILDINGS, LLC}",evidenceOfInsurance,Evidence of Insurance,6ac20aae-5728-5d57-b364-aeba38527dba,Additional Requirements,4da5b0f1-4c9d-5885-8cf8-5d3cccaed3e0,"Block Real Estate Services, LLC and all others required by contract are named as Additional Insureds","---prompt---
Determine if the Description of Operations or the Additional Remarks Schedule section states the ""Additional Insured as Construction Management, Inc. and all others required by contract"" or reference to blanket additional insured coverage. Look for language like ""certificate holder is additional insured"" or ""per written contract"".",matchOnce,must be present,,Present,compliant,Block Requirements,,,true,1,,2026-08-16
"Block Real Estate Services, LLC",69fdf79262446148bd859c02,69fded1262446148bd848cf7,DataLocker Inc,69fdf0dc02bb2c42a87a39b3,"prg805 - Pine Ridge Building E-1 {PERG BUILDINGS, LLC}",evidenceOfInsurance,Evidence of Insurance,6ac20aae-5728-5d57-b364-aeba38527dba,Additional Requirements,e1017741-e47e-5f58-97b8-fbc3043e919f,Umbrella follows form over General Liability,"---prompt---
Determine if the Umbrella/Excess Liability policy follows form to the underlying policies. Evidence may include: language in the Description of Operations section stating the umbrella follows form to underlying coverages or an additional page endorsement stating that it follows form. Follow form means the umbrella policy adopts the same terms, conditions, and exclusions as the underlying policies.",matchOnce,must be present,,Present,compliant,Block Requirements,,,true,1,,2026-08-16
"Block Real Estate Services, LLC",69fdf79262446148bd859c02,69fded1262446148bd848cf7,DataLocker Inc,69fdf0dc02bb2c42a87a39b3,"prg805 - Pine Ridge Building E-1 {PERG BUILDINGS, LLC}",evidenceOfInsurance,Evidence of Insurance,6ac20aae-5728-5d57-b364-aeba38527dba,Additional Requirements,2cdd866f-c9a4-576a-afd8-1d045762790c,"The location must be listed as: 8345, 8347 Melrose Drive Lenexa KS 66214",,matchOnce,must be present,,Present,compliant,Block Requirements,,,true,1,,2026-08-16
"Block Real Estate Services, LLC",69fdf79262446148bd859c02,69fded1262446148bd848cf7,DataLocker Inc,69fdf0dc02bb2c42a87a39b3,"prg805 - Pine Ridge Building E-1 {PERG BUILDINGS, LLC}",evidenceOfInsurance,Evidence of Insurance,6ac20aae-5728-5d57-b364-aeba38527dba,Additional Requirements,3649e9d1-4e09-59bf-8f30-cb33c40cf117,"Certificate Holder must read: c/o Block Real Estate Services, LLC, 4622 Pennsylvania St., Suite 700, Kansas City, MO, 64112",,matchOnce,must be present,,Present,compliant,Block Requirements,,,true,2,,2026-08-16
"Block Real Estate Services, LLC",69fdf79262446148bd859c05,69fded1e62446148bd849090,"Pinnacle Construction Group, LLC",69fdf0dc02bb2c42a87a39b3,"prg805 - Pine Ridge Building E-1 {PERG BUILDINGS, LLC}",evidenceOfInsurance,Evidence of Insurance,commercialGeneralLiability,Commercial General Liability,evidenceOfInsuranceCommercialGeneralLiabilityCoverageTriggerOccurrence,Coverage Trigger: Occurrence,,matchOnce,must be present,,,non_compliant,Block Requirements,,,false,0,,2026-08-16
"Block Real Estate Services, LLC",69fdf79262446148bd859c05,69fded1e62446148bd849090,"Pinnacle Construction Group, LLC",69fdf0dc02bb2c42a87a39b3,"prg805 - Pine Ridge Building E-1 {PERG BUILDINGS, LLC}",evidenceOfInsurance,Evidence of Insurance,commercialGeneralLiability,Commercial General Liability,evidenceOfInsuranceCommercialGeneralLiabilityGeneralAggregateLimitAppliesPerLocation,General Aggregate Limit Applies per: Location,,matchOnce,must be present,,,non_compliant,Block Requirements,,,false,0,,2026-08-16
"Block Real Estate Services, LLC",69fdf79262446148bd859c05,69fded1e62446148bd849090,"Pinnacle Construction Group, LLC",69fdf0dc02bb2c42a87a39b3,"prg805 - Pine Ridge Building E-1 {PERG BUILDINGS, LLC}",evidenceOfInsurance,Evidence of Insurance,commercialGeneralLiability,Commercial General Liability,evidenceOfInsuranceCommercialGeneralLiabilityEachOccurrence,Each Occurrence,,matchOnce,must be greater or equal to,1000000,,non_compliant,Block Requirements,,,false,0,,2026-08-16
"Block Real Estate Services, LLC",69fdf79262446148bd859c05,69fded1e62446148bd849090,"Pinnacle Construction Group, LLC",69fdf0dc02bb2c42a87a39b3,"prg805 - Pine Ridge Building E-1 {PERG BUILDINGS, LLC}",evidenceOfInsurance,Evidence of Insurance,commercialGeneralLiability,Commercial General Liability,evidenceOfInsuranceCommercialGeneralLiabilityGeneralAggregate,General Aggregate,,matchOnce,must be greater or equal to,2000000,,non_compliant,Block Requirements,,,false,0,,2026-08-16
"Block Real Estate Services, LLC",69fdf79262446148bd859c05,69fded1e62446148bd849090,"Pinnacle Construction Group, LLC",69fdf0dc02bb2c42a87a39b3,"prg805 - Pine Ridge Building E-1 {PERG BUILDINGS, LLC}",evidenceOfInsurance,Evidence of Insurance,commercialGeneralLiability,Commercial General Liability,evidenceOfInsuranceCommercialGeneralLiabilityWaiverOfSubrogationEndorsement,Waiver of Subrogation,"---prompt---
Determine if the insurer has waived their right of subrogation in favor of the certificate holder under the Commercial General Liability policy. Evidence may include: a checked ""Waiver of Subrogation"" box on the certificate, mention in the Description of Operations section stating ""waiver of subrogation applies"", or reference to form CG 24 04. Look for language like ""subrogation is waived"" or ""per written contract"".",matchOnce,must be present,,,non_compliant,Block Requirements,,,false,0,,2026-08-16
"Block Real Estate Services, LLC",69fdf79262446148bd859c05,69fded1e62446148bd849090,"Pinnacle Construction Group, LLC",69fdf0dc02bb2c42a87a39b3,"prg805 - Pine Ridge Building E-1 {PERG BUILDINGS, LLC}",evidenceOfInsurance,Evidence of Insurance,excessOrUmbrellaLiability,Umbrella/Excess Liability,evidenceOfInsuranceExcessOrUmbrellaLiabilityOccurence,Coverage Trigger: Occurrence,,matchOnce,must be present,,,non_compliant,Block Requirements,,,false,0,,2026-08-16
"Block Real Estate Services, LLC",69fdf79262446148bd859c05,69fded1e62446148bd849090,"Pinnacle Construction Group, LLC",69fdf0dc02bb2c42a87a39b3,"prg805 - Pine Ridge Building E-1 {PERG BUILDINGS, LLC}",evidenceOfInsurance,Evidence of Insurance,excessOrUmbrellaLiability,Umbrella/Excess Liability,evidenceOfInsuranceExcessOrUmbrellaLiabilityEachOccurrence,Each Occurrence,,matchOnce,must be greater or equal to,1000000,,non_compliant,Block Requirements,,,false,0,,2026-08-16
"Block Real Estate Services, LLC",69fdf79262446148bd859c05,69fded1e62446148bd849090,"Pinnacle Construction Group, LLC",69fdf0dc02bb2c42a87a39b3,"prg805 - Pine Ridge Building E-1 {PERG BUILDINGS, LLC}",evidenceOfInsurance,Evidence of Insurance,excessOrUmbrellaLiability,Umbrella/Excess Liability,evidenceOfInsuranceExcessOrUmbrellaLiabilityAggregate,Aggregate,,matchOnce,must be greater or equal to,1000000,,non_compliant,Block Requirements,,,false,0,,2026-08-16
"Block Real Estate Services, LLC",69fdf79262446148bd859c05,69fded1e62446148bd849090,"Pinnacle Construction Group, LLC",69fdf0dc02bb2c42a87a39b3,"prg805 - Pine Ridge Building E-1 {PERG BUILDINGS, LLC}",evidenceOfInsurance,Evidence of Insurance,workersCompensation,Workers' Compensation and Employer's Liability,evidenceOfInsuranceWorkersCompensationStatutoryLimits,Statutory Limits,,matchOnce,must be present,,,non_compliant,Block Requirements,,,false,0,,2026-08-16
"Block Real Estate Services, LLC",69fdf79262446148bd859c05,69fded1e62446148bd849090,"Pinnacle Construction Group, LLC",69fdf0dc02bb2c42a87a39b3,"prg805 - Pine Ridge Building E-1 {PERG BUILDINGS, LLC}",evidenceOfInsurance,Evidence of Insurance,workersCompensation,Workers' Compensation and Employer's Liability,evidenceOfInsuranceWorkersCompensationEmployersLiabilityEachAccident,Employer's Liability Each Accident,,matchOnce,must be greater or equal to,500000,,non_compliant,Block Requirements,,,false,0,,2026-08-16
"Block Real Estate Services, LLC",69fdf79262446148bd859c05,69fded1e62446148bd849090,"Pinnacle Construction Group, LLC",69fdf0dc02bb2c42a87a39b3,"prg805 - Pine Ridge Building E-1 {PERG BUILDINGS, LLC}",evidenceOfInsurance,Evidence of Insurance,workersCompensation,Workers' Compensation and Employer's Liability,evidenceOfInsuranceWorkersCompensationEmployersLiabilityDiseaseEachEmployee,Employer's Liability Disease - each employee,,matchOnce,must be greater or equal to,500000,,non_compliant,Block Requirements,,,false,0,,2026-08-16
"Block Real Estate Services, LLC",69fdf79262446148bd859c05,69fded1e62446148bd849090,"Pinnacle Construction Group, LLC",69fdf0dc02bb2c42a87a39b3,"prg805 - Pine Ridge Building E-1 {PERG BUILDINGS, LLC}",evidenceOfInsurance,Evidence of Insurance,workersCompensation,Workers' Compensation and Employer's Liability,evidenceOfInsuranceWorkersCompensationEmployersLiabilityDiseasePolicyLimit,Employer's Liability Disease - policy limit,,matchOnce,must be greater or equal to,500000,,non_compliant,Block Requirements,,,false,0,,2026-08-16
"Block Real Estate Services, LLC",69fdf79262446148bd859c05,69fded1e62446148bd849090,"Pinnacle Construction Group, LLC",69fdf0dc02bb2c42a87a39b3,"prg805 - Pine Ridge Building E-1 {PERG BUILDINGS, LLC}",evidenceOfInsurance,Evidence of Insurance,workersCompensation,Workers' Compensation and Employer's Liability,evidenceOfInsuranceWorkersCompensationWaiverOfSubrogationEndorsement,Waiver of Subrogation,"---prompt---
Determine if the insurer has waived their right of subrogation in favor of the certificate holder under the Workers' Compensation policy. Evidence may include: a checked ""Waiver of Subrogation"" box on the certificate, mention in the Description of Operations section stating ""waiver of subrogation applies"", or reference to form WC 00 03 13. Look for language like ""subrogation is waived"" or ""per written contract"".",matchOnce,must be present,,,non_compliant,Block Requirements,,,false,0,,2026-08-16
"Block Real Estate Services, LLC",69fdf79262446148bd859c05,69fded1e62446148bd849090,"Pinnacle Construction Group, LLC",69fdf0dc02bb2c42a87a39b3,"prg805 - Pine Ridge Building E-1 {PERG BUILDINGS, LLC}",evidenceOfInsurance,Evidence of Insurance,6ac20aae-5728-5d57-b364-aeba38527dba,Additional Requirements,4da5b0f1-4c9d-5885-8cf8-5d3cccaed3e0,"Block Real Estate Services, LLC and all others required by contract are named as Additional Insureds","---prompt---
Determine if the Description of Operations or the Additional Remarks Schedule section states the ""Additional Insured as Construction Management, Inc. and all others required by contract"" or reference to blanket additional insured coverage. Look for language like ""certificate holder is additional insured"" or ""per written contract"".",matchOnce,must be present,,,non_compliant,Block Requirements,,,true,0,,2026-08-16
"Block Real Estate Services, LLC",69fdf79262446148bd859c05,69fded1e62446148bd849090,"Pinnacle Construction Group, LLC",69fdf0dc02bb2c42a87a39b3,"prg805 - Pine Ridge Building E-1 {PERG BUILDINGS, LLC}",evidenceOfInsurance,Evidence of Insurance,6ac20aae-5728-5d57-b364-aeba38527dba,Additional Requirements,e1017741-e47e-5f58-97b8-fbc3043e919f,Umbrella follows form over General Liability,"---prompt---
Determine if the Umbrella/Excess Liability policy follows form to the underlying policies. Evidence may include: language in the Description of Operations section stating the umbrella follows form to underlying coverages or an additional page endorsement stating that it follows form. Follow form means the umbrella policy adopts the same terms, conditions, and exclusions as the underlying policies.",matchOnce,must be present,,,non_compliant,Block Requirements,,,true,0,,2026-08-16
"Block Real Estate Services, LLC",69fdf79262446148bd859c05,69fded1e62446148bd849090,"Pinnacle Construction Group, LLC",69fdf0dc02bb2c42a87a39b3,"prg805 - Pine Ridge Building E-1 {PERG BUILDINGS, LLC}",evidenceOfInsurance,Evidence of Insurance,6ac20aae-5728-5d57-b364-aeba38527dba,Additional Requirements,2cdd866f-c9a4-576a-afd8-1d045762790c,The location must be listed as: 8355 Melrose Drive Lenexa KS 66214,,matchOnce,must be present,,,non_compliant,Block Requirements,,,true,0,,2026-08-16
"Block Real Estate Services, LLC",69fdf79262446148bd859c05,69fded1e62446148bd849090,"Pinnacle Construction Group, LLC",69fdf0dc02bb2c42a87a39b3,"prg805 - Pine Ridge Building E-1 {PERG BUILDINGS, LLC}",evidenceOfInsurance,Evidence of Insurance,6ac20aae-5728-5d57-b364-aeba38527dba,Additional Requirements,3649e9d1-4e09-59bf-8f30-cb33c40cf117,"Certificate Holder must read: c/o Block Real Estate Services, LLC, 4622 Pennsylvania St., Suite 700, Kansas City, MO, 64112",,matchOnce,must be present,,,non_compliant,Block Requirements,,,true,0,,2026-08-16
"Block Real Estate Services, LLC",69fdf79262446148bd859c03,69fded1b62446148bd848f8e,Medical Missions Foundation,69fdf0dc02bb2c42a87a39b3,"prg805 - Pine Ridge Building E-1 {PERG BUILDINGS, LLC}",evidenceOfInsurance,Evidence of Insurance,commercialGeneralLiability,Commercial General Liability,evidenceOfInsuranceCommercialGeneralLiabilityCoverageTriggerOccurrence,Coverage Trigger: Occurrence,,matchOnce,must be present,,,non_compliant,Block Requirements,,,false,0,,2026-08-16
"Block Real Estate Services, LLC",69fdf79262446148bd859c03,69fded1b62446148bd848f8e,Medical Missions Foundation,69fdf0dc02bb2c42a87a39b3,"prg805 - Pine Ridge Building E-1 {PERG BUILDINGS, LLC}",evidenceOfInsurance,Evidence of Insurance,commercialGeneralLiability,Commercial General Liability,evidenceOfInsuranceCommercialGeneralLiabilityGeneralAggregateLimitAppliesPerLocation,General Aggregate Limit Applies per: Location,,matchOnce,must be present,,,non_compliant,Block Requirements,,,false,0,,2026-08-16
"Block Real Estate Services, LLC",69fdf79262446148bd859c03,69fded1b62446148bd848f8e,Medical Missions Foundation,69fdf0dc02bb2c42a87a39b3,"prg805 - Pine Ridge Building E-1 {PERG BUILDINGS, LLC}",evidenceOfInsurance,Evidence of Insurance,commercialGeneralLiability,Commercial General Liability,evidenceOfInsuranceCommercialGeneralLiabilityEachOccurrence,Each Occurrence,,matchOnce,must be greater or equal to,1000000,,non_compliant,Block Requirements,,,false,0,,2026-08-16
"Block Real Estate Services, LLC",69fdf79262446148bd859c03,69fded1b62446148bd848f8e,Medical Missions Foundation,69fdf0dc02bb2c42a87a39b3,"prg805 - Pine Ridge Building E-1 {PERG BUILDINGS, LLC}",evidenceOfInsurance,Evidence of Insurance,commercialGeneralLiability,Commercial General Liability,evidenceOfInsuranceCommercialGeneralLiabilityGeneralAggregate,General Aggregate,,matchOnce,must be greater or equal to,2000000,,non_compliant,Block Requirements,,,false,0,,2026-08-16
"Block Real Estate Services, LLC",69fdf79262446148bd859c03,69fded1b62446148bd848f8e,Medical Missions Foundation,69fdf0dc02bb2c42a87a39b3,"prg805 - Pine Ridge Building E-1 {PERG BUILDINGS, LLC}",evidenceOfInsurance,Evidence of Insurance,commercialGeneralLiability,Commercial General Liability,evidenceOfInsuranceCommercialGeneralLiabilityWaiverOfSubrogationEndorsement,Waiver of Subrogation,"---prompt---
Determine if the insurer has waived their right of subrogation in favor of the certificate holder under the Commercial General Liability policy. Evidence may include: a checked ""Waiver of Subrogation"" box on the certificate, mention in the Description of Operations section stating ""waiver of subrogation applies"", or reference to form CG 24 04. Look for language like ""subrogation is waived"" or ""per written contract"".",matchOnce,must be present,,,non_compliant,Block Requirements,,,false,0,,2026-08-16
"Block Real Estate Services, LLC",69fdf79262446148bd859c03,69fded1b62446148bd848f8e,Medical Missions Foundation,69fdf0dc02bb2c42a87a39b3,"prg805 - Pine Ridge Building E-1 {PERG BUILDINGS, LLC}",evidenceOfInsurance,Evidence of Insurance,excessOrUmbrellaLiability,Umbrella/Excess Liability,evidenceOfInsuranceExcessOrUmbrellaLiabilityOccurence,Coverage Trigger: Occurrence,,matchOnce,must be present,,,non_compliant,Block Requirements,,,false,0,,2026-08-16
"Block Real Estate Services, LLC",69fdf79262446148bd859c03,69fded1b62446148bd848f8e,Medical Missions Foundation,69fdf0dc02bb2c42a87a39b3,"prg805 - Pine Ridge Building E-1 {PERG BUILDINGS, LLC}",evidenceOfInsurance,Evidence of Insurance,excessOrUmbrellaLiability,Umbrella/Excess Liability,evidenceOfInsuranceExcessOrUmbrellaLiabilityEachOccurrence,Each Occurrence,,matchOnce,must be greater or equal to,1000000,,non_compliant,Block Requirements,,,false,0,,2026-08-16
"Block Real Estate Services, LLC",69fdf79262446148bd859c03,69fded1b62446148bd848f8e,Medical Missions Foundation,69fdf0dc02bb2c42a87a39b3,"prg805 - Pine Ridge Building E-1 {PERG BUILDINGS, LLC}",evidenceOfInsurance,Evidence of Insurance,excessOrUmbrellaLiability,Umbrella/Excess Liability,evidenceOfInsuranceExcessOrUmbrellaLiabilityAggregate,Aggregate,,matchOnce,must be greater or equal to,1000000,,non_compliant,Block Requirements,,,false,0,,2026-08-16
"Block Real Estate Services, LLC",69fdf79262446148bd859c03,69fded1b62446148bd848f8e,Medical Missions Foundation,69fdf0dc02bb2c42a87a39b3,"prg805 - Pine Ridge Building E-1 {PERG BUILDINGS, LLC}",evidenceOfInsurance,Evidence of Insurance,workersCompensation,Workers' Compensation and Employer's Liability,evidenceOfInsuranceWorkersCompensationStatutoryLimits,Statutory Limits,,matchOnce,must be present,,,non_compliant,Block Requirements,,,false,0,,2026-08-16
"Block Real Estate Services, LLC",69fdf79262446148bd859c03,69fded1b62446148bd848f8e,Medical Missions Foundation,69fdf0dc02bb2c42a87a39b3,"prg805 - Pine Ridge Building E-1 {PERG BUILDINGS, LLC}",evidenceOfInsurance,Evidence of Insurance,workersCompensation,Workers' Compensation and Employer's Liability,evidenceOfInsuranceWorkersCompensationEmployersLiabilityEachAccident,Employer's Liability Each Accident,,matchOnce,must be greater or equal to,500000,,non_compliant,Block Requirements,,,false,0,,2026-08-16
"Block Real Estate Services, LLC",69fdf79262446148bd859c03,69fded1b62446148bd848f8e,Medical Missions Foundation,69fdf0dc02bb2c42a87a39b3,"prg805 - Pine Ridge Building E-1 {PERG BUILDINGS, LLC}",evidenceOfInsurance,Evidence of Insurance,workersCompensation,Workers' Compensation and Employer's Liability,evidenceOfInsuranceWorkersCompensationEmployersLiabilityDiseaseEachEmployee,Employer's Liability Disease - each employee,,matchOnce,must be greater or equal to,500000,,non_compliant,Block Requirements,,,false,0,,2026-08-16
"Block Real Estate Services, LLC",69fdf79262446148bd859c03,69fded1b62446148bd848f8e,Medical Missions Foundation,69fdf0dc02bb2c42a87a39b3,"prg805 - Pine Ridge Building E-1 {PERG BUILDINGS, LLC}",evidenceOfInsurance,Evidence of Insurance,workersCompensation,Workers' Compensation and Employer's Liability,evidenceOfInsuranceWorkersCompensationEmployersLiabilityDiseasePolicyLimit,Employer's Liability Disease - policy limit,,matchOnce,must be greater or equal to,500000,,non_compliant,Block Requirements,,,false,0,,2026-08-16
"Block Real Estate Services, LLC",69fdf79262446148bd859c03,69fded1b62446148bd848f8e,Medical Missions Foundation,69fdf0dc02bb2c42a87a39b3,"prg805 - Pine Ridge Building E-1 {PERG BUILDINGS, LLC}",evidenceOfInsurance,Evidence of Insurance,workersCompensation,Workers' Compensation and Employer's Liability,evidenceOfInsuranceWorkersCompensationWaiverOfSubrogationEndorsement,Waiver of Subrogation,"---prompt---
Determine if the insurer has waived their right of subrogation in favor of the certificate holder under the Workers' Compensation policy. Evidence may include: a checked ""Waiver of Subrogation"" box on the certificate, mention in the Description of Operations section stating ""waiver of subrogation applies"", or reference to form WC 00 03 13. Look for language like ""subrogation is waived"" or ""per written contract"".",matchOnce,must be present,,,non_compliant,Block Requirements,,,false,0,,2026-08-16
"Block Real Estate Services, LLC",69fdf79262446148bd859c03,69fded1b62446148bd848f8e,Medical Missions Foundation,69fdf0dc02bb2c42a87a39b3,"prg805 - Pine Ridge Building E-1 {PERG BUILDINGS, LLC}",evidenceOfInsurance,Evidence of Insurance,6ac20aae-5728-5d57-b364-aeba38527dba,Additional Requirements,4da5b0f1-4c9d-5885-8cf8-5d3cccaed3e0,"Block Real Estate Services, LLC and all others required by contract are named as Additional Insureds","---prompt---
Determine if the Description of Operations or the Additional Remarks Schedule section states the ""Additional Insured as Construction Management, Inc. and all others required by contract"" or reference to blanket additional insured coverage. Look for language like ""certificate holder is additional insured"" or ""per written contract"".",matchOnce,must be present,,,non_compliant,Block Requirements,,,true,0,,2026-08-16
"Block Real Estate Services, LLC",69fdf79262446148bd859c03,69fded1b62446148bd848f8e,Medical Missions Foundation,69fdf0dc02bb2c42a87a39b3,"prg805 - Pine Ridge Building E-1 {PERG BUILDINGS, LLC}",evidenceOfInsurance,Evidence of Insurance,6ac20aae-5728-5d57-b364-aeba38527dba,Additional Requirements,e1017741-e47e-5f58-97b8-fbc3043e919f,Umbrella follows form over General Liability,"---prompt---
Determine if the Umbrella/Excess Liability policy follows form to the underlying policies. Evidence may include: language in the Description of Operations section stating the umbrella follows form to underlying coverages or an additional page endorsement stating that it follows form. Follow form means the umbrella policy adopts the same terms, conditions, and exclusions as the underlying policies.",matchOnce,must be present,,,non_compliant,Block Requirements,,,true,0,,2026-08-16
"Block Real Estate Services, LLC",69fdf79262446148bd859c03,69fded1b62446148bd848f8e,Medical Missions Foundation,69fdf0dc02bb2c42a87a39b3,"prg805 - Pine Ridge Building E-1 {PERG BUILDINGS, LLC}",evidenceOfInsurance,Evidence of Insurance,6ac20aae-5728-5d57-b364-aeba38527dba,Additional Requirements,2cdd866f-c9a4-576a-afd8-1d045762790c,"The location must be listed as: 8361, 8363 Melrose Drive Lenexa KS 66214",,matchOnce,must be present,,,non_compliant,Block Requirements,,,true,0,,2026-08-16
"Block Real Estate Services, LLC",69fdf79262446148bd859c03,69fded1b62446148bd848f8e,Medical Missions Foundation,69fdf0dc02bb2c42a87a39b3,"prg805 - Pine Ridge Building E-1 {PERG BUILDINGS, LLC}",evidenceOfInsurance,Evidence of Insurance,6ac20aae-5728-5d57-b364-aeba38527dba,Additional Requirements,3649e9d1-4e09-59bf-8f30-cb33c40cf117,"Certificate Holder must read: c/o Block Real Estate Services, LLC, 4622 Pennsylvania St., Suite 700, Kansas City, MO, 64112",,matchOnce,must be present,,,non_compliant,Block Requirements,,,true,0,,2026-08-16
"Block Real Estate Services, LLC",69fdf79262446148bd859c07,69fded2162446148bd8491a4,"Midwest Office Technology / STA-MOT-KS, LLC",69fdf0dc02bb2c42a87a39b3,"prg805 - Pine Ridge Building E-1 {PERG BUILDINGS, LLC}",evidenceOfInsurance,Evidence of Insurance,commercialGeneralLiability,Commercial General Liability,evidenceOfInsuranceCommercialGeneralLiabilityCoverageTriggerOccurrence,Coverage Trigger: Occurrence,,matchOnce,must be present,,Present,compliant,Block Requirements,,,false,1,,2026-08-16
"Block Real Estate Services, LLC",69fdf79262446148bd859c07,69fded2162446148bd8491a4,"Midwest Office Technology / STA-MOT-KS, LLC",69fdf0dc02bb2c42a87a39b3,"prg805 - Pine Ridge Building E-1 {PERG BUILDINGS, LLC}",evidenceOfInsurance,Evidence of Insurance,commercialGeneralLiability,Commercial General Liability,evidenceOfInsuranceCommercialGeneralLiabilityGeneralAggregateLimitAppliesPerLocation,General Aggregate Limit Applies per: Location,,matchOnce,must be present,,,non_compliant,Block Requirements,,,false,0,,2026-08-16
"Block Real Estate Services, LLC",69fdf79262446148bd859c07,69fded2162446148bd8491a4,"Midwest Office Technology / STA-MOT-KS, LLC",69fdf0dc02bb2c42a87a39b3,"prg805 - Pine Ridge Building E-1 {PERG BUILDINGS, LLC}",evidenceOfInsurance,Evidence of Insurance,commercialGeneralLiability,Commercial General Liability,evidenceOfInsuranceCommercialGeneralLiabilityEachOccurrence,Each Occurrence,,matchOnce,must be greater or equal to,1000000,1000000,compliant,Block Requirements,,,false,1,,2026-08-16
"Block Real Estate Services, LLC",69fdf79262446148bd859c07,69fded2162446148bd8491a4,"Midwest Office Technology / STA-MOT-KS, LLC",69fdf0dc02bb2c42a87a39b3,"prg805 - Pine Ridge Building E-1 {PERG BUILDINGS, LLC}",evidenceOfInsurance,Evidence of Insurance,commercialGeneralLiability,Commercial General Liability,evidenceOfInsuranceCommercialGeneralLiabilityGeneralAggregate,General Aggregate,,matchOnce,must be greater or equal to,2000000,2000000,compliant,Block Requirements,,,false,1,,2026-08-16
"Block Real Estate Services, LLC",69fdf79262446148bd859c07,69fded2162446148bd8491a4,"Midwest Office Technology / STA-MOT-KS, LLC",69fdf0dc02bb2c42a87a39b3,"prg805 - Pine Ridge Building E-1 {PERG BUILDINGS, LLC}",evidenceOfInsurance,Evidence of Insurance,commercialGeneralLiability,Commercial General Liability,evidenceOfInsuranceCommercialGeneralLiabilityWaiverOfSubrogationEndorsement,Waiver of Subrogation,"---prompt---
Determine if the insurer has waived their right of subrogation in favor of the certificate holder under the Commercial General Liability policy. Evidence may include: a checked ""Waiver of Subrogation"" box on the certificate, mention in the Description of Operations section stating ""waiver of subrogation applies"", or reference to form CG 24 04. Look for language like ""subrogation is waived"" or ""per written contract"".",matchOnce,must be present,,Present,compliant,Block Requirements,,,false,1,,2026-08-16
"Block Real Estate Services, LLC",69fdf79262446148bd859c07,69fded2162446148bd8491a4,"Midwest Office Technology / STA-MOT-KS, LLC",69fdf0dc02bb2c42a87a39b3,"prg805 - Pine Ridge Building E-1 {PERG BUILDINGS, LLC}",evidenceOfInsurance,Evidence of Insurance,excessOrUmbrellaLiability,Umbrella/Excess Liability,evidenceOfInsuranceExcessOrUmbrellaLiabilityOccurence,Coverage Trigger: Occurrence,,matchOnce,must be present,,,non_compliant,Block Requirements,,,false,0,,2026-08-16
"Block Real Estate Services, LLC",69fdf79262446148bd859c07,69fded2162446148bd8491a4,"Midwest Office Technology / STA-MOT-KS, LLC",69fdf0dc02bb2c42a87a39b3,"prg805 - Pine Ridge Building E-1 {PERG BUILDINGS, LLC}",evidenceOfInsurance,Evidence of Insurance,excessOrUmbrellaLiability,Umbrella/Excess Liability,evidenceOfInsuranceExcessOrUmbrellaLiabilityEachOccurrence,Each Occurrence,,matchOnce,must be greater or equal to,1000000,9000000,compliant,Block Requirements,,,false,1,,2026-08-16
"Block Real Estate Services, LLC",69fdf79262446148bd859c07,69fded2162446148bd8491a4,"Midwest Office Technology / STA-MOT-KS, LLC",69fdf0dc02bb2c42a87a39b3,"prg805 - Pine Ridge Building E-1 {PERG BUILDINGS, LLC}",evidenceOfInsurance,Evidence of Insurance,excessOrUmbrellaLiability,Umbrella/Excess Liability,evidenceOfInsuranceExcessOrUmbrellaLiabilityAggregate,Aggregate,,matchOnce,must be greater or equal to,1000000,9000000,compliant,Block Requirements,,,false,1,,2026-08-16
"Block Real Estate Services, LLC",69fdf79262446148bd859c07,69fded2162446148bd8491a4,"Midwest Office Technology / STA-MOT-KS, LLC",69fdf0dc02bb2c42a87a39b3,"prg805 - Pine Ridge Building E-1 {PERG BUILDINGS, LLC}",evidenceOfInsurance,Evidence of Insurance,workersCompensation,Workers' Compensation and Employer's Liability,evidenceOfInsuranceWorkersCompensationStatutoryLimits,Statutory Limits,,matchOnce,must be present,,Present,compliant,Block Requirements,,,false,1,,2026-08-16
"Block Real Estate Services, LLC",69fdf79262446148bd859c07,69fded2162446148bd8491a4,"Midwest Office Technology / STA-MOT-KS, LLC",69fdf0dc02bb2c42a87a39b3,"prg805 - Pine Ridge Building E-1 {PERG BUILDINGS, LLC}",evidenceOfInsurance,Evidence of Insurance,workersCompensation,Workers' Compensation and Employer's Liability,evidenceOfInsuranceWorkersCompensationEmployersLiabilityEachAccident,Employer's Liability Each Accident,,matchOnce,must be greater or equal to,500000,1000000,compliant,Block Requirements,,,false,1,,2026-08-16
"Block Real Estate Services, LLC",69fdf79262446148bd859c07,69fded2162446148bd8491a4,"Midwest Office Technology / STA-MOT-KS, LLC",69fdf0dc02bb2c42a87a39b3,"prg805 - Pine Ridge Building E-1 {PERG BUILDINGS, LLC}",evidenceOfInsurance,Evidence of Insurance,workersCompensation,Workers' Compensation and Employer's Liability,evidenceOfInsuranceWorkersCompensationEmployersLiabilityDiseaseEachEmployee,Employer's Liability Disease - each employee,,matchOnce,must be greater or equal to,500000,1000000,compliant,Block Requirements,,,false,1,,2026-08-16
"Block Real Estate Services, LLC",69fdf79262446148bd859c07,69fded2162446148bd8491a4,"Midwest Office Technology / STA-MOT-KS, LLC",69fdf0dc02bb2c42a87a39b3,"prg805 - Pine Ridge Building E-1 {PERG BUILDINGS, LLC}",evidenceOfInsurance,Evidence of Insurance,workersCompensation,Workers' Compensation and Employer's Liability,evidenceOfInsuranceWorkersCompensationEmployersLiabilityDiseasePolicyLimit,Employer's Liability Disease - policy limit,,matchOnce,must be greater or equal to,500000,1000000,compliant,Block Requirements,,,false,1,,2026-08-16
"Block Real Estate Services, LLC",69fdf79262446148bd859c07,69fded2162446148bd8491a4,"Midwest Office Technology / STA-MOT-KS, LLC",69fdf0dc02bb2c42a87a39b3,"prg805 - Pine Ridge Building E-1 {PERG BUILDINGS, LLC}",evidenceOfInsurance,Evidence of Insurance,workersCompensation,Workers' Compensation and Employer's Liability,evidenceOfInsuranceWorkersCompensationWaiverOfSubrogationEndorsement,Waiver of Subrogation,"---prompt---
Determine if the insurer has waived their right of subrogation in favor of the certificate holder under the Workers' Compensation policy. Evidence may include: a checked ""Waiver of Subrogation"" box on the certificate, mention in the Description of Operations section stating ""waiver of subrogation applies"", or reference to form WC 00 03 13. Look for language like ""subrogation is waived"" or ""per written contract"".",matchOnce,must be present,,Present,compliant,Block Requirements,,,false,1,,2026-08-16
"Block Real Estate Services, LLC",69fdf79262446148bd859c07,69fded2162446148bd8491a4,"Midwest Office Technology / STA-MOT-KS, LLC",69fdf0dc02bb2c42a87a39b3,"prg805 - Pine Ridge Building E-1 {PERG BUILDINGS, LLC}",evidenceOfInsurance,Evidence of Insurance,6ac20aae-5728-5d57-b364-aeba38527dba,Additional Requirements,4da5b0f1-4c9d-5885-8cf8-5d3cccaed3e0,"Block Real Estate Services, LLC and all others required by contract are named as Additional Insureds","---prompt---
Determine if the Description of Operations or the Additional Remarks Schedule section states the ""Additional Insured as Construction Management, Inc. and all others required by contract"" or reference to blanket additional insured coverage. Look for language like ""certificate holder is additional insured"" or ""per written contract"".",matchOnce,must be present,,Present,compliant,Block Requirements,,,true,1,,2026-08-16
"Block Real Estate Services, LLC",69fdf79262446148bd859c07,69fded2162446148bd8491a4,"Midwest Office Technology / STA-MOT-KS, LLC",69fdf0dc02bb2c42a87a39b3,"prg805 - Pine Ridge Building E-1 {PERG BUILDINGS, LLC}",evidenceOfInsurance,Evidence of Insurance,6ac20aae-5728-5d57-b364-aeba38527dba,Additional Requirements,e1017741-e47e-5f58-97b8-fbc3043e919f,Umbrella follows form over General Liability,"---prompt---
Determine if the Umbrella/Excess Liability policy follows form to the underlying policies. Evidence may include: language in the Description of Operations section stating the umbrella follows form to underlying coverages or an additional page endorsement stating that it follows form. Follow form means the umbrella policy adopts the same terms, conditions, and exclusions as the underlying policies.",matchOnce,must be present,,Present,compliant,Block Requirements,,,true,1,,2026-08-16
"Block Real Estate Services, LLC",69fdf79262446148bd859c07,69fded2162446148bd8491a4,"Midwest Office Technology / STA-MOT-KS, LLC",69fdf0dc02bb2c42a87a39b3,"prg805 - Pine Ridge Building E-1 {PERG BUILDINGS, LLC}",evidenceOfInsurance,Evidence of Insurance,6ac20aae-5728-5d57-b364-aeba38527dba,Additional Requirements,2cdd866f-c9a4-576a-afd8-1d045762790c,"The location must be listed as: 8349, 8351, 8353 Melrose Drive Lenexa KS 66214",,matchOnce,must be present,,Present,compliant,Block Requirements,,,true,1,,2026-08-16
"Block Real Estate Services, LLC",69fdf79262446148bd859c07,69fded2162446148bd8491a4,"Midwest Office Technology / STA-MOT-KS, LLC",69fdf0dc02bb2c42a87a39b3,"prg805 - Pine Ridge Building E-1 {PERG BUILDINGS, LLC}",evidenceOfInsurance,Evidence of Insurance,6ac20aae-5728-5d57-b364-aeba38527dba,Additional Requirements,3649e9d1-4e09-59bf-8f30-cb33c40cf117,"Certificate Holder must read: c/o Block Real Estate Services, LLC, 4622 Pennsylvania St., Suite 700, Kansas City, MO, 64112",,matchOnce,must be present,,Present,compliant,Block Requirements,,,true,1,,2026-08-16
"Block Real Estate Services, LLC",6a46aa6469f1b5416f79aec9,69fded1b62446148bd848faf,"Midwest Administrative Services, LLC (fka Fail-Safe Product Protection, Inc.)",69fdf0dc02bb2c42a87a39b3,"prg805 - Pine Ridge Building E-1 {PERG BUILDINGS, LLC}",evidenceOfInsurance,Evidence of Insurance,commercialGeneralLiability,Commercial General Liability,evidenceOfInsuranceCommercialGeneralLiabilityCoverageTriggerOccurrence,Coverage Trigger: Occurrence,,matchOnce,must be present,,,non_compliant,Block Requirements,,,false,0,,2026-08-16
"Block Real Estate Services, LLC",6a46aa6469f1b5416f79aec9,69fded1b62446148bd848faf,"Midwest Administrative Services, LLC (fka Fail-Safe Product Protection, Inc.)",69fdf0dc02bb2c42a87a39b3,"prg805 - Pine Ridge Building E-1 {PERG BUILDINGS, LLC}",evidenceOfInsurance,Evidence of Insurance,commercialGeneralLiability,Commercial General Liability,evidenceOfInsuranceCommercialGeneralLiabilityGeneralAggregateLimitAppliesPerLocation,General Aggregate Limit Applies per: Location,,matchOnce,must be present,,,non_compliant,Block Requirements,,,false,0,,2026-08-16
"Block Real Estate Services, LLC",6a46aa6469f1b5416f79aec9,69fded1b62446148bd848faf,"Midwest Administrative Services, LLC (fka Fail-Safe Product Protection, Inc.)",69fdf0dc02bb2c42a87a39b3,"prg805 - Pine Ridge Building E-1 {PERG BUILDINGS, LLC}",evidenceOfInsurance,Evidence of Insurance,commercialGeneralLiability,Commercial General Liability,evidenceOfInsuranceCommercialGeneralLiabilityEachOccurrence,Each Occurrence,,matchOnce,must be greater or equal to,1000000,,non_compliant,Block Requirements,,,false,0,,2026-08-16
"Block Real Estate Services, LLC",6a46aa6469f1b5416f79aec9,69fded1b62446148bd848faf,"Midwest Administrative Services, LLC (fka Fail-Safe Product Protection, Inc.)",69fdf0dc02bb2c42a87a39b3,"prg805 - Pine Ridge Building E-1 {PERG BUILDINGS, LLC}",evidenceOfInsurance,Evidence of Insurance,commercialGeneralLiability,Commercial General Liability,evidenceOfInsuranceCommercialGeneralLiabilityGeneralAggregate,General Aggregate,,matchOnce,must be greater or equal to,2000000,,non_compliant,Block Requirements,,,false,0,,2026-08-16
"Block Real Estate Services, LLC",6a46aa6469f1b5416f79aec9,69fded1b62446148bd848faf,"Midwest Administrative Services, LLC (fka Fail-Safe Product Protection, Inc.)",69fdf0dc02bb2c42a87a39b3,"prg805 - Pine Ridge Building E-1 {PERG BUILDINGS, LLC}",evidenceOfInsurance,Evidence of Insurance,commercialGeneralLiability,Commercial General Liability,evidenceOfInsuranceCommercialGeneralLiabilityWaiverOfSubrogationEndorsement,Waiver of Subrogation,"---prompt---
Determine if the insurer has waived their right of subrogation in favor of the certificate holder under the Commercial General Liability policy. Evidence may include: a checked ""Waiver of Subrogation"" box on the certificate, mention in the Description of Operations section stating ""waiver of subrogation applies"", or reference to form CG 24 04. Look for language like ""subrogation is waived"" or ""per written contract"".",matchOnce,must be present,,,non_compliant,Block Requirements,,,false,0,,2026-08-16
"Block Real Estate Services, LLC",6a46aa6469f1b5416f79aec9,69fded1b62446148bd848faf,"Midwest Administrative Services, LLC (fka Fail-Safe Product Protection, Inc.)",69fdf0dc02bb2c42a87a39b3,"prg805 - Pine Ridge Building E-1 {PERG BUILDINGS, LLC}",evidenceOfInsurance,Evidence of Insurance,excessOrUmbrellaLiability,Umbrella/Excess Liability,evidenceOfInsuranceExcessOrUmbrellaLiabilityOccurence,Coverage Trigger: Occurrence,,matchOnce,must be present,,,non_compliant,Block Requirements,,,false,0,,2026-08-16
"Block Real Estate Services, LLC",6a46aa6469f1b5416f79aec9,69fded1b62446148bd848faf,"Midwest Administrative Services, LLC (fka Fail-Safe Product Protection, Inc.)",69fdf0dc02bb2c42a87a39b3,"prg805 - Pine Ridge Building E-1 {PERG BUILDINGS, LLC}",evidenceOfInsurance,Evidence of Insurance,excessOrUmbrellaLiability,Umbrella/Excess Liability,evidenceOfInsuranceExcessOrUmbrellaLiabilityEachOccurrence,Each Occurrence,,matchOnce,must be greater or equal to,1000000,,non_compliant,Block Requirements,,,false,0,,2026-08-16
"Block Real Estate Services, LLC",6a46aa6469f1b5416f79aec9,69fded1b62446148bd848faf,"Midwest Administrative Services, LLC (fka Fail-Safe Product Protection, Inc.)",69fdf0dc02bb2c42a87a39b3,"prg805 - Pine Ridge Building E-1 {PERG BUILDINGS, LLC}",evidenceOfInsurance,Evidence of Insurance,excessOrUmbrellaLiability,Umbrella/Excess Liability,evidenceOfInsuranceExcessOrUmbrellaLiabilityAggregate,Aggregate,,matchOnce,must be greater or equal to,1000000,,non_compliant,Block Requirements,,,false,0,,2026-08-16
"Block Real Estate Services, LLC",6a46aa6469f1b5416f79aec9,69fded1b62446148bd848faf,"Midwest Administrative Services, LLC (fka Fail-Safe Product Protection, Inc.)",69fdf0dc02bb2c42a87a39b3,"prg805 - Pine Ridge Building E-1 {PERG BUILDINGS, LLC}",evidenceOfInsurance,Evidence of Insurance,workersCompensation,Workers' Compensation and Employer's Liability,evidenceOfInsuranceWorkersCompensationStatutoryLimits,Statutory Limits,,matchOnce,must be present,,,non_compliant,Block Requirements,,,false,0,,2026-08-16
"Block Real Estate Services, LLC",6a46aa6469f1b5416f79aec9,69fded1b62446148bd848faf,"Midwest Administrative Services, LLC (fka Fail-Safe Product Protection, Inc.)",69fdf0dc02bb2c42a87a39b3,"prg805 - Pine Ridge Building E-1 {PERG BUILDINGS, LLC}",evidenceOfInsurance,Evidence of Insurance,workersCompensation,Workers' Compensation and Employer's Liability,evidenceOfInsuranceWorkersCompensationEmployersLiabilityEachAccident,Employer's Liability Each Accident,,matchOnce,must be greater or equal to,500000,,non_compliant,Block Requirements,,,false,0,,2026-08-16
"Block Real Estate Services, LLC",6a46aa6469f1b5416f79aec9,69fded1b62446148bd848faf,"Midwest Administrative Services, LLC (fka Fail-Safe Product Protection, Inc.)",69fdf0dc02bb2c42a87a39b3,"prg805 - Pine Ridge Building E-1 {PERG BUILDINGS, LLC}",evidenceOfInsurance,Evidence of Insurance,workersCompensation,Workers' Compensation and Employer's Liability,evidenceOfInsuranceWorkersCompensationEmployersLiabilityDiseaseEachEmployee,Employer's Liability Disease - each employee,,matchOnce,must be greater or equal to,500000,,non_compliant,Block Requirements,,,false,0,,2026-08-16
"Block Real Estate Services, LLC",6a46aa6469f1b5416f79aec9,69fded1b62446148bd848faf,"Midwest Administrative Services, LLC (fka Fail-Safe Product Protection, Inc.)",69fdf0dc02bb2c42a87a39b3,"prg805 - Pine Ridge Building E-1 {PERG BUILDINGS, LLC}",evidenceOfInsurance,Evidence of Insurance,workersCompensation,Workers' Compensation and Employer's Liability,evidenceOfInsuranceWorkersCompensationEmployersLiabilityDiseasePolicyLimit,Employer's Liability Disease - policy limit,,matchOnce,must be greater or equal to,500000,,non_compliant,Block Requirements,,,false,0,,2026-08-16
"Block Real Estate Services, LLC",6a46aa6469f1b5416f79aec9,69fded1b62446148bd848faf,"Midwest Administrative Services, LLC (fka Fail-Safe Product Protection, Inc.)",69fdf0dc02bb2c42a87a39b3,"prg805 - Pine Ridge Building E-1 {PERG BUILDINGS, LLC}",evidenceOfInsurance,Evidence of Insurance,workersCompensation,Workers' Compensation and Employer's Liability,evidenceOfInsuranceWorkersCompensationWaiverOfSubrogationEndorsement,Waiver of Subrogation,"---prompt---
Determine if the insurer has waived their right of subrogation in favor of the certificate holder under the Workers' Compensation policy. Evidence may include: a checked ""Waiver of Subrogation"" box on the certificate, mention in the Description of Operations section stating ""waiver of subrogation applies"", or reference to form WC 00 03 13. Look for language like ""subrogation is waived"" or ""per written contract"".",matchOnce,must be present,,,non_compliant,Block Requirements,,,false,0,,2026-08-16
"Block Real Estate Services, LLC",6a46aa6469f1b5416f79aec9,69fded1b62446148bd848faf,"Midwest Administrative Services, LLC (fka Fail-Safe Product Protection, Inc.)",69fdf0dc02bb2c42a87a39b3,"prg805 - Pine Ridge Building E-1 {PERG BUILDINGS, LLC}",evidenceOfInsurance,Evidence of Insurance,6ac20aae-5728-5d57-b364-aeba38527dba,Additional Requirements,4da5b0f1-4c9d-5885-8cf8-5d3cccaed3e0,"Block Real Estate Services, LLC and all others required by contract are named as Additional Insureds","---prompt---
Determine if the Description of Operations or the Additional Remarks Schedule section states the ""Additional Insured as Construction Management, Inc. and all others required by contract"" or reference to blanket additional insured coverage. Look for language like ""certificate holder is additional insured"" or ""per written contract"".",matchOnce,must be present,,,non_compliant,Block Requirements,,,true,0,,2026-08-16
"Block Real Estate Services, LLC",6a46aa6469f1b5416f79aec9,69fded1b62446148bd848faf,"Midwest Administrative Services, LLC (fka Fail-Safe Product Protection, Inc.)",69fdf0dc02bb2c42a87a39b3,"prg805 - Pine Ridge Building E-1 {PERG BUILDINGS, LLC}",evidenceOfInsurance,Evidence of Insurance,6ac20aae-5728-5d57-b364-aeba38527dba,Additional Requirements,e1017741-e47e-5f58-97b8-fbc3043e919f,Umbrella follows form over General Liability,"---prompt---
Determine if the Umbrella/Excess Liability policy follows form to the underlying policies. Evidence may include: language in the Description of Operations section stating the umbrella follows form to underlying coverages or an additional page endorsement stating that it follows form. Follow form means the umbrella policy adopts the same terms, conditions, and exclusions as the underlying policies.",matchOnce,must be present,,,non_compliant,Block Requirements,,,true,0,,2026-08-16
"Block Real Estate Services, LLC",6a46aa6469f1b5416f79aec9,69fded1b62446148bd848faf,"Midwest Administrative Services, LLC (fka Fail-Safe Product Protection, Inc.)",69fdf0dc02bb2c42a87a39b3,"prg805 - Pine Ridge Building E-1 {PERG BUILDINGS, LLC}",evidenceOfInsurance,Evidence of Insurance,6ac20aae-5728-5d57-b364-aeba38527dba,Additional Requirements,2cdd866f-c9a4-576a-afd8-1d045762790c,"The location must be listed as: 8341 Melrose Drive, Lenexa, KS 66214",,matchOnce,must be present,,,non_compliant,Block Requirements,,,true,0,,2026-08-16
"Block Real Estate Services, LLC",6a46aa6469f1b5416f79aec9,69fded1b62446148bd848faf,"Midwest Administrative Services, LLC (fka Fail-Safe Product Protection, Inc.)",69fdf0dc02bb2c42a87a39b3,"prg805 - Pine Ridge Building E-1 {PERG BUILDINGS, LLC}",evidenceOfInsurance,Evidence of Insurance,6ac20aae-5728-5d57-b364-aeba38527dba,Additional Requirements,3649e9d1-4e09-59bf-8f30-cb33c40cf117,"Certificate Holder must read: c/o Block Real Estate Services, LLC, 4622 Pennsylvania St., Suite 700, Kansas City, MO, 64112",,matchOnce,must be present,,,non_compliant,Block Requirements,,,true,0,,2026-08-16
"Block Real Estate Services, LLC",69fdf7b562446148bd85c480,69fded0e62446148bd848b80,"Applebee's Bar & Grill / Apple Central, LLC",69fdf211bf1df2fe9692fce4,"tic873 - Northgate Plaza {Northgate Associates, LLC}",evidenceOfInsurance,Evidence of Insurance,commercialGeneralLiability,Commercial General Liability,evidenceOfInsuranceCommercialGeneralLiabilityCoverageTriggerOccurrence,Coverage Trigger: Occurrence,,matchOnce,must be present,,,non_compliant,Block Requirements,,,false,0,,2026-08-16
"Block Real Estate Services, LLC",69fdf7b562446148bd85c480,69fded0e62446148bd848b80,"Applebee's Bar & Grill / Apple Central, LLC",69fdf211bf1df2fe9692fce4,"tic873 - Northgate Plaza {Northgate Associates, LLC}",evidenceOfInsurance,Evidence of Insurance,commercialGeneralLiability,Commercial General Liability,evidenceOfInsuranceCommercialGeneralLiabilityGeneralAggregateLimitAppliesPerLocation,General Aggregate Limit Applies per: Location,,matchOnce,must be present,,,non_compliant,Block Requirements,,,false,0,,2026-08-16
"Block Real Estate Services, LLC",69fdf7b562446148bd85c480,69fded0e62446148bd848b80,"Applebee's Bar & Grill / Apple Central, LLC",69fdf211bf1df2fe9692fce4,"tic873 - Northgate Plaza {Northgate Associates, LLC}",evidenceOfInsurance,Evidence of Insurance,commercialGeneralLiability,Commercial General Liability,evidenceOfInsuranceCommercialGeneralLiabilityEachOccurrence,Each Occurrence,,matchOnce,must be greater or equal to,1000000,,non_compliant,Block Requirements,,,false,0,,2026-08-16
"Block Real Estate Services, LLC",69fdf7b562446148bd85c480,69fded0e62446148bd848b80,"Applebee's Bar & Grill / Apple Central, LLC",69fdf211bf1df2fe9692fce4,"tic873 - Northgate Plaza {Northgate Associates, LLC}",evidenceOfInsurance,Evidence of Insurance,commercialGeneralLiability,Commercial General Liability,evidenceOfInsuranceCommercialGeneralLiabilityGeneralAggregate,General Aggregate,,matchOnce,must be greater or equal to,2000000,,non_compliant,Block Requirements,,,false,0,,2026-08-16
"Block Real Estate Services, LLC",69fdf7b562446148bd85c480,69fded0e62446148bd848b80,"Applebee's Bar & Grill / Apple Central, LLC",69fdf211bf1df2fe9692fce4,"tic873 - Northgate Plaza {Northgate Associates, LLC}",evidenceOfInsurance,Evidence of Insurance,commercialGeneralLiability,Commercial General Liability,evidenceOfInsuranceCommercialGeneralLiabilityWaiverOfSubrogationEndorsement,Waiver of Subrogation,"---prompt---
Determine if the insurer has waived their right of subrogation in favor of the certificate holder under the Commercial General Liability policy. Evidence may include: a checked ""Waiver of Subrogation"" box on the certificate, mention in the Description of Operations section stating ""waiver of subrogation applies"", or reference to form CG 24 04. Look for language like ""subrogation is waived"" or ""per written contract"".",matchOnce,must be present,,,non_compliant,Block Requirements,,,false,0,,2026-08-16
"Block Real Estate Services, LLC",69fdf7b562446148bd85c480,69fded0e62446148bd848b80,"Applebee's Bar & Grill / Apple Central, LLC",69fdf211bf1df2fe9692fce4,"tic873 - Northgate Plaza {Northgate Associates, LLC}",evidenceOfInsurance,Evidence of Insurance,excessOrUmbrellaLiability,Umbrella/Excess Liability,evidenceOfInsuranceExcessOrUmbrellaLiabilityOccurence,Coverage Trigger: Occurrence,,matchOnce,must be present,,,non_compliant,Block Requirements,,,false,0,,2026-08-16
"Block Real Estate Services, LLC",69fdf7b562446148bd85c480,69fded0e62446148bd848b80,"Applebee's Bar & Grill / Apple Central, LLC",69fdf211bf1df2fe9692fce4,"tic873 - Northgate Plaza {Northgate Associates, LLC}",evidenceOfInsurance,Evidence of Insurance,excessOrUmbrellaLiability,Umbrella/Excess Liability,evidenceOfInsuranceExcessOrUmbrellaLiabilityEachOccurrence,Each Occurrence,,matchOnce,must be greater or equal to,1000000,,non_compliant,Block Requirements,,,false,0,,2026-08-16
"Block Real Estate Services, LLC",69fdf7b562446148bd85c480,69fded0e62446148bd848b80,"Applebee's Bar & Grill / Apple Central, LLC",69fdf211bf1df2fe9692fce4,"tic873 - Northgate Plaza {Northgate Associates, LLC}",evidenceOfInsurance,Evidence of Insurance,excessOrUmbrellaLiability,Umbrella/Excess Liability,evidenceOfInsuranceExcessOrUmbrellaLiabilityAggregate,Aggregate,,matchOnce,must be greater or equal to,1000000,,non_compliant,Block Requirements,,,false,0,,2026-08-16
"Block Real Estate Services, LLC",69fdf7b562446148bd85c480,69fded0e62446148bd848b80,"Applebee's Bar & Grill / Apple Central, LLC",69fdf211bf1df2fe9692fce4,"tic873 - Northgate Plaza {Northgate Associates, LLC}",evidenceOfInsurance,Evidence of Insurance,workersCompensation,Workers' Compensation and Employer's Liability,evidenceOfInsuranceWorkersCompensationStatutoryLimits,Statutory Limits,,matchOnce,must be present,,,non_compliant,Block Requirements,,,false,0,,2026-08-16
"Block Real Estate Services, LLC",69fdf7b562446148bd85c480,69fded0e62446148bd848b80,"Applebee's Bar & Grill / Apple Central, LLC",69fdf211bf1df2fe9692fce4,"tic873 - Northgate Plaza {Northgate Associates, LLC}",evidenceOfInsurance,Evidence of Insurance,workersCompensation,Workers' Compensation and Employer's Liability,evidenceOfInsuranceWorkersCompensationEmployersLiabilityEachAccident,Employer's Liability Each Accident,,matchOnce,must be greater or equal to,500000,,non_compliant,Block Requirements,,,false,0,,2026-08-16
"Block Real Estate Services, LLC",69fdf7b562446148bd85c480,69fded0e62446148bd848b80,"Applebee's Bar & Grill / Apple Central, LLC",69fdf211bf1df2fe9692fce4,"tic873 - Northgate Plaza {Northgate Associates, LLC}",evidenceOfInsurance,Evidence of Insurance,workersCompensation,Workers' Compensation and Employer's Liability,evidenceOfInsuranceWorkersCompensationEmployersLiabilityDiseaseEachEmployee,Employer's Liability Disease - each employee,,matchOnce,must be greater or equal to,500000,,non_compliant,Block Requirements,,,false,0,,2026-08-16
"Block Real Estate Services, LLC",69fdf7b562446148bd85c480,69fded0e62446148bd848b80,"Applebee's Bar & Grill / Apple Central, LLC",69fdf211bf1df2fe9692fce4,"tic873 - Northgate Plaza {Northgate Associates, LLC}",evidenceOfInsurance,Evidence of Insurance,workersCompensation,Workers' Compensation and Employer's Liability,evidenceOfInsuranceWorkersCompensationEmployersLiabilityDiseasePolicyLimit,Employer's Liability Disease - policy limit,,matchOnce,must be greater or equal to,500000,,non_compliant,Block Requirements,,,false,0,,2026-08-16
"Block Real Estate Services, LLC",69fdf7b562446148bd85c480,69fded0e62446148bd848b80,"Applebee's Bar & Grill / Apple Central, LLC",69fdf211bf1df2fe9692fce4,"tic873 - Northgate Plaza {Northgate Associates, LLC}",evidenceOfInsurance,Evidence of Insurance,workersCompensation,Workers' Compensation and Employer's Liability,evidenceOfInsuranceWorkersCompensationWaiverOfSubrogationEndorsement,Waiver of Subrogation,"---prompt---
Determine if the insurer has waived their right of subrogation in favor of the certificate holder under the Workers' Compensation policy. Evidence may include: a checked ""Waiver of Subrogation"" box on the certificate, mention in the Description of Operations section stating ""waiver of subrogation applies"", or reference to form WC 00 03 13. Look for language like ""subrogation is waived"" or ""per written contract"".",matchOnce,must be present,,,non_compliant,Block Requirements,,,false,0,,2026-08-16
"Block Real Estate Services, LLC",69fdf7b562446148bd85c480,69fded0e62446148bd848b80,"Applebee's Bar & Grill / Apple Central, LLC",69fdf211bf1df2fe9692fce4,"tic873 - Northgate Plaza {Northgate Associates, LLC}",evidenceOfInsurance,Evidence of Insurance,6ac20aae-5728-5d57-b364-aeba38527dba,Additional Requirements,4da5b0f1-4c9d-5885-8cf8-5d3cccaed3e0,"Block Real Estate Services, LLC and all others required by contract are named as Additional Insureds","---prompt---
Determine if the Description of Operations or the Additional Remarks Schedule section states the ""Additional Insured as Construction Management, Inc. and all others required by contract"" or reference to blanket additional insured coverage. Look for language like ""certificate holder is additional insured"" or ""per written contract"".",matchOnce,must be present,,,non_compliant,Block Requirements,,,true,0,,2026-08-16
"Block Real Estate Services, LLC",69fdf7b562446148bd85c480,69fded0e62446148bd848b80,"Applebee's Bar & Grill / Apple Central, LLC",69fdf211bf1df2fe9692fce4,"tic873 - Northgate Plaza {Northgate Associates, LLC}",evidenceOfInsurance,Evidence of Insurance,6ac20aae-5728-5d57-b364-aeba38527dba,Additional Requirements,e1017741-e47e-5f58-97b8-fbc3043e919f,Umbrella follows form over General Liability,"---prompt---
Determine if the Umbrella/Excess Liability policy follows form to the underlying policies. Evidence may include: language in the Description of Operations section stating the umbrella follows form to underlying coverages or an additional page endorsement stating that it follows form. Follow form means the umbrella policy adopts the same terms, conditions, and exclusions as the underlying policies.",matchOnce,must be present,,,non_compliant,Block Requirements,,,true,0,,2026-08-16
"Block Real Estate Services, LLC",69fdf7b562446148bd85c480,69fded0e62446148bd848b80,"Applebee's Bar & Grill / Apple Central, LLC",69fdf211bf1df2fe9692fce4,"tic873 - Northgate Plaza {Northgate Associates, LLC}",evidenceOfInsurance,Evidence of Insurance,6ac20aae-5728-5d57-b364-aeba38527dba,Additional Requirements,2cdd866f-c9a4-576a-afd8-1d045762790c,The location must be listed as: 2802 N. Broadway Pittsburg KS 66762,,matchOnce,must be present,,,non_compliant,Block Requirements,,,true,0,,2026-08-16
"Block Real Estate Services, LLC",69fdf7b562446148bd85c480,69fded0e62446148bd848b80,"Applebee's Bar & Grill / Apple Central, LLC",69fdf211bf1df2fe9692fce4,"tic873 - Northgate Plaza {Northgate Associates, LLC}",evidenceOfInsurance,Evidence of Insurance,6ac20aae-5728-5d57-b364-aeba38527dba,Additional Requirements,3649e9d1-4e09-59bf-8f30-cb33c40cf117,"Certificate Holder must read: c/o Block Real Estate Services, LLC, 4622 Pennsylvania St., Suite 700, Kansas City, MO, 64112",,matchOnce,must be present,,,non_compliant,Block Requirements,,,true,0,,2026-08-16
"Block Real Estate Services, LLC",69fdf7b562446148bd85c486,69fded2062446148bd84915f,"Shoe Sensation, Inc.",69fdf211bf1df2fe9692fce4,"tic873 - Northgate Plaza {Northgate Associates, LLC}",evidenceOfInsurance,Evidence of Insurance,commercialGeneralLiability,Commercial General Liability,evidenceOfInsuranceCommercialGeneralLiabilityCoverageTriggerOccurrence,Coverage Trigger: Occurrence,,matchOnce,must be present,,Present,compliant,Block Requirements,,,false,1,,2026-08-16
"Block Real Estate Services, LLC",69fdf7b562446148bd85c486,69fded2062446148bd84915f,"Shoe Sensation, Inc.",69fdf211bf1df2fe9692fce4,"tic873 - Northgate Plaza {Northgate Associates, LLC}",evidenceOfInsurance,Evidence of Insurance,commercialGeneralLiability,Commercial General Liability,evidenceOfInsuranceCommercialGeneralLiabilityGeneralAggregateLimitAppliesPerLocation,General Aggregate Limit Applies per: Location,,matchOnce,must be present,,,non_compliant,Block Requirements,,,false,0,,2026-08-16
"Block Real Estate Services, LLC",69fdf7b562446148bd85c486,69fded2062446148bd84915f,"Shoe Sensation, Inc.",69fdf211bf1df2fe9692fce4,"tic873 - Northgate Plaza {Northgate Associates, LLC}",evidenceOfInsurance,Evidence of Insurance,commercialGeneralLiability,Commercial General Liability,evidenceOfInsuranceCommercialGeneralLiabilityEachOccurrence,Each Occurrence,,matchOnce,must be greater or equal to,1000000,1000000,compliant,Block Requirements,,,false,1,,2026-08-16
"Block Real Estate Services, LLC",69fdf7b562446148bd85c486,69fded2062446148bd84915f,"Shoe Sensation, Inc.",69fdf211bf1df2fe9692fce4,"tic873 - Northgate Plaza {Northgate Associates, LLC}",evidenceOfInsurance,Evidence of Insurance,commercialGeneralLiability,Commercial General Liability,evidenceOfInsuranceCommercialGeneralLiabilityGeneralAggregate,General Aggregate,,matchOnce,must be greater or equal to,2000000,2000000,compliant,Block Requirements,,,false,1,,2026-08-16
"Block Real Estate Services, LLC",69fdf7b562446148bd85c486,69fded2062446148bd84915f,"Shoe Sensation, Inc.",69fdf211bf1df2fe9692fce4,"tic873 - Northgate Plaza {Northgate Associates, LLC}",evidenceOfInsurance,Evidence of Insurance,commercialGeneralLiability,Commercial General Liability,evidenceOfInsuranceCommercialGeneralLiabilityWaiverOfSubrogationEndorsement,Waiver of Subrogation,"---prompt---
Determine if the insurer has waived their right of subrogation in favor of the certificate holder under the Commercial General Liability policy. Evidence may include: a checked ""Waiver of Subrogation"" box on the certificate, mention in the Description of Operations section stating ""waiver of subrogation applies"", or reference to form CG 24 04. Look for language like ""subrogation is waived"" or ""per written contract"".",matchOnce,must be present,,Present,compliant,Block Requirements,,,false,1,,2026-08-16
"Block Real Estate Services, LLC",69fdf7b562446148bd85c486,69fded2062446148bd84915f,"Shoe Sensation, Inc.",69fdf211bf1df2fe9692fce4,"tic873 - Northgate Plaza {Northgate Associates, LLC}",evidenceOfInsurance,Evidence of Insurance,excessOrUmbrellaLiability,Umbrella/Excess Liability,evidenceOfInsuranceExcessOrUmbrellaLiabilityOccurence,Coverage Trigger: Occurrence,,matchOnce,must be present,,Present,compliant,Block Requirements,,,false,1,,2026-08-16
"Block Real Estate Services, LLC",69fdf7b562446148bd85c486,69fded2062446148bd84915f,"Shoe Sensation, Inc.",69fdf211bf1df2fe9692fce4,"tic873 - Northgate Plaza {Northgate Associates, LLC}",evidenceOfInsurance,Evidence of Insurance,excessOrUmbrellaLiability,Umbrella/Excess Liability,evidenceOfInsuranceExcessOrUmbrellaLiabilityEachOccurrence,Each Occurrence,,matchOnce,must be greater or equal to,1000000,10000000,compliant,Block Requirements,,,false,1,,2026-08-16
"Block Real Estate Services, LLC",69fdf7b562446148bd85c486,69fded2062446148bd84915f,"Shoe Sensation, Inc.",69fdf211bf1df2fe9692fce4,"tic873 - Northgate Plaza {Northgate Associates, LLC}",evidenceOfInsurance,Evidence of Insurance,excessOrUmbrellaLiability,Umbrella/Excess Liability,evidenceOfInsuranceExcessOrUmbrellaLiabilityAggregate,Aggregate,,matchOnce,must be greater or equal to,1000000,10000000,compliant,Block Requirements,,,false,1,,2026-08-16
"Block Real Estate Services, LLC",69fdf7b562446148bd85c486,69fded2062446148bd84915f,"Shoe Sensation, Inc.",69fdf211bf1df2fe9692fce4,"tic873 - Northgate Plaza {Northgate Associates, LLC}",evidenceOfInsurance,Evidence of Insurance,workersCompensation,Workers' Compensation and Employer's Liability,evidenceOfInsuranceWorkersCompensationStatutoryLimits,Statutory Limits,,matchOnce,must be present,,Present,compliant,Block Requirements,,,false,1,,2026-08-16
"Block Real Estate Services, LLC",69fdf7b562446148bd85c486,69fded2062446148bd84915f,"Shoe Sensation, Inc.",69fdf211bf1df2fe9692fce4,"tic873 - Northgate Plaza {Northgate Associates, LLC}",evidenceOfInsurance,Evidence of Insurance,workersCompensation,Workers' Compensation and Employer's Liability,evidenceOfInsuranceWorkersCompensationEmployersLiabilityEachAccident,Employer's Liability Each Accident,,matchOnce,must be greater or equal to,500000,1000000,compliant,Block Requirements,,,false,1,,2026-08-16
"Block Real Estate Services, LLC",69fdf7b562446148bd85c486,69fded2062446148bd84915f,"Shoe Sensation, Inc.",69fdf211bf1df2fe9692fce4,"tic873 - Northgate Plaza {Northgate Associates, LLC}",evidenceOfInsurance,Evidence of Insurance,workersCompensation,Workers' Compensation and Employer's Liability,evidenceOfInsuranceWorkersCompensationEmployersLiabilityDiseaseEachEmployee,Employer's Liability Disease - each employee,,matchOnce,must be greater or equal to,500000,1000000,compliant,Block Requirements,,,false,1,,2026-08-16
"Block Real Estate Services, LLC",69fdf7b562446148bd85c486,69fded2062446148bd84915f,"Shoe Sensation, Inc.",69fdf211bf1df2fe9692fce4,"tic873 - Northgate Plaza {Northgate Associates, LLC}",evidenceOfInsurance,Evidence of Insurance,workersCompensation,Workers' Compensation and Employer's Liability,evidenceOfInsuranceWorkersCompensationEmployersLiabilityDiseasePolicyLimit,Employer's Liability Disease - policy limit,,matchOnce,must be greater or equal to,500000,1000000,compliant,Block Requirements,,,false,1,,2026-08-16
"Block Real Estate Services, LLC",69fdf7b562446148bd85c486,69fded2062446148bd84915f,"Shoe Sensation, Inc.",69fdf211bf1df2fe9692fce4,"tic873 - Northgate Plaza {Northgate Associates, LLC}",evidenceOfInsurance,Evidence of Insurance,workersCompensation,Workers' Compensation and Employer's Liability,evidenceOfInsuranceWorkersCompensationWaiverOfSubrogationEndorsement,Waiver of Subrogation,"---prompt---
Determine if the insurer has waived their right of subrogation in favor of the certificate holder under the Workers' Compensation policy. Evidence may include: a checked ""Waiver of Subrogation"" box on the certificate, mention in the Description of Operations section stating ""waiver of subrogation applies"", or reference to form WC 00 03 13. Look for language like ""subrogation is waived"" or ""per written contract"".",matchOnce,must be present,,Present,compliant,Block Requirements,,,false,1,,2026-08-16
"Block Real Estate Services, LLC",69fdf7b562446148bd85c486,69fded2062446148bd84915f,"Shoe Sensation, Inc.",69fdf211bf1df2fe9692fce4,"tic873 - Northgate Plaza {Northgate Associates, LLC}",evidenceOfInsurance,Evidence of Insurance,6ac20aae-5728-5d57-b364-aeba38527dba,Additional Requirements,4da5b0f1-4c9d-5885-8cf8-5d3cccaed3e0,"Block Real Estate Services, LLC and all others required by contract are named as Additional Insureds","---prompt---
Determine if the Description of Operations or the Additional Remarks Schedule section states the ""Additional Insured as Construction Management, Inc. and all others required by contract"" or reference to blanket additional insured coverage. Look for language like ""certificate holder is additional insured"" or ""per written contract"".",matchOnce,must be present,,,non_compliant,Block Requirements,,,true,0,,2026-08-16
"Block Real Estate Services, LLC",69fdf7b562446148bd85c486,69fded2062446148bd84915f,"Shoe Sensation, Inc.",69fdf211bf1df2fe9692fce4,"tic873 - Northgate Plaza {Northgate Associates, LLC}",evidenceOfInsurance,Evidence of Insurance,6ac20aae-5728-5d57-b364-aeba38527dba,Additional Requirements,e1017741-e47e-5f58-97b8-fbc3043e919f,Umbrella follows form over General Liability,"---prompt---
Determine if the Umbrella/Excess Liability policy follows form to the underlying policies. Evidence may include: language in the Description of Operations section stating the umbrella follows form to underlying coverages or an additional page endorsement stating that it follows form. Follow form means the umbrella policy adopts the same terms, conditions, and exclusions as the underlying policies.",matchOnce,must be present,,,non_compliant,Block Requirements,,,true,0,,2026-08-16
"Block Real Estate Services, LLC",69fdf7b562446148bd85c486,69fded2062446148bd84915f,"Shoe Sensation, Inc.",69fdf211bf1df2fe9692fce4,"tic873 - Northgate Plaza {Northgate Associates, LLC}",evidenceOfInsurance,Evidence of Insurance,6ac20aae-5728-5d57-b364-aeba38527dba,Additional Requirements,2cdd866f-c9a4-576a-afd8-1d045762790c,The location must be listed as: 2808 N. Broadway Pittsburg KS 66762,,matchOnce,must be present,,Present,compliant,Block Requirements,,,true,1,,2026-08-16
"Block Real Estate Services, LLC",69fdf7b562446148bd85c486,69fded2062446148bd84915f,"Shoe Sensation, Inc.",69fdf211bf1df2fe9692fce4,"tic873 - Northgate Plaza {Northgate Associates, LLC}",evidenceOfInsurance,Evidence of Insurance,6ac20aae-5728-5d57-b364-aeba38527dba,Additional Requirements,3649e9d1-4e09-59bf-8f30-cb33c40cf117,"Certificate Holder must read: c/o Block Real Estate Services, LLC, 4622 Pennsylvania St., Suite 700, Kansas City, MO, 64112",,matchOnce,must be present,,Present,compliant,Block Requirements,,,true,1,,2026-08-16
"Block Real Estate Services, LLC",69fdf7b562446148bd85c488,69fded2462446148bd849282,Verizon / Cellular Sales,69fdf211bf1df2fe9692fce4,"tic873 - Northgate Plaza {Northgate Associates, LLC}",evidenceOfInsurance,Evidence of Insurance,commercialGeneralLiability,Commercial General Liability,evidenceOfInsuranceCommercialGeneralLiabilityCoverageTriggerOccurrence,Coverage Trigger: Occurrence,,matchOnce,must be present,,Present,compliant,Block Requirements,,,false,1,,2026-08-16
"Block Real Estate Services, LLC",69fdf7b562446148bd85c488,69fded2462446148bd849282,Verizon / Cellular Sales,69fdf211bf1df2fe9692fce4,"tic873 - Northgate Plaza {Northgate Associates, LLC}",evidenceOfInsurance,Evidence of Insurance,commercialGeneralLiability,Commercial General Liability,evidenceOfInsuranceCommercialGeneralLiabilityGeneralAggregateLimitAppliesPerLocation,General Aggregate Limit Applies per: Location,,matchOnce,must be present,,,non_compliant,Block Requirements,,,false,0,,2026-08-16
"Block Real Estate Services, LLC",69fdf7b562446148bd85c488,69fded2462446148bd849282,Verizon / Cellular Sales,69fdf211bf1df2fe9692fce4,"tic873 - Northgate Plaza {Northgate Associates, LLC}",evidenceOfInsurance,Evidence of Insurance,commercialGeneralLiability,Commercial General Liability,evidenceOfInsuranceCommercialGeneralLiabilityEachOccurrence,Each Occurrence,,matchOnce,must be greater or equal to,1000000,1000000,compliant,Block Requirements,,,false,1,,2026-08-16
"Block Real Estate Services, LLC",69fdf7b562446148bd85c488,69fded2462446148bd849282,Verizon / Cellular Sales,69fdf211bf1df2fe9692fce4,"tic873 - Northgate Plaza {Northgate Associates, LLC}",evidenceOfInsurance,Evidence of Insurance,commercialGeneralLiability,Commercial General Liability,evidenceOfInsuranceCommercialGeneralLiabilityGeneralAggregate,General Aggregate,,matchOnce,must be greater or equal to,2000000,2000000,compliant,Block Requirements,,,false,1,,2026-08-16
"Block Real Estate Services, LLC",69fdf7b562446148bd85c488,69fded2462446148bd849282,Verizon / Cellular Sales,69fdf211bf1df2fe9692fce4,"tic873 - Northgate Plaza {Northgate Associates, LLC}",evidenceOfInsurance,Evidence of Insurance,commercialGeneralLiability,Commercial General Liability,evidenceOfInsuranceCommercialGeneralLiabilityWaiverOfSubrogationEndorsement,Waiver of Subrogation,"---prompt---
Determine if the insurer has waived their right of subrogation in favor of the certificate holder under the Commercial General Liability policy. Evidence may include: a checked ""Waiver of Subrogation"" box on the certificate, mention in the Description of Operations section stating ""waiver of subrogation applies"", or reference to form CG 24 04. Look for language like ""subrogation is waived"" or ""per written contract"".",matchOnce,must be present,,Present,compliant,Block Requirements,,,false,1,,2026-08-16
"Block Real Estate Services, LLC",69fdf7b562446148bd85c488,69fded2462446148bd849282,Verizon / Cellular Sales,69fdf211bf1df2fe9692fce4,"tic873 - Northgate Plaza {Northgate Associates, LLC}",evidenceOfInsurance,Evidence of Insurance,excessOrUmbrellaLiability,Umbrella/Excess Liability,evidenceOfInsuranceExcessOrUmbrellaLiabilityOccurence,Coverage Trigger: Occurrence,,matchOnce,must be present,,Present,compliant,Block Requirements,,,false,1,,2026-08-16
"Block Real Estate Services, LLC",69fdf7b562446148bd85c488,69fded2462446148bd849282,Verizon / Cellular Sales,69fdf211bf1df2fe9692fce4,"tic873 - Northgate Plaza {Northgate Associates, LLC}",evidenceOfInsurance,Evidence of Insurance,excessOrUmbrellaLiability,Umbrella/Excess Liability,evidenceOfInsuranceExcessOrUmbrellaLiabilityEachOccurrence,Each Occurrence,,matchOnce,must be greater or equal to,1000000,1000000,compliant,Block Requirements,,,false,1,,2026-08-16
"Block Real Estate Services, LLC",69fdf7b562446148bd85c488,69fded2462446148bd849282,Verizon / Cellular Sales,69fdf211bf1df2fe9692fce4,"tic873 - Northgate Plaza {Northgate Associates, LLC}",evidenceOfInsurance,Evidence of Insurance,excessOrUmbrellaLiability,Umbrella/Excess Liability,evidenceOfInsuranceExcessOrUmbrellaLiabilityAggregate,Aggregate,,matchOnce,must be greater or equal to,1000000,1000000,compliant,Block Requirements,,,false,1,,2026-08-16
"Block Real Estate Services, LLC",69fdf7b562446148bd85c488,69fded2462446148bd849282,Verizon / Cellular Sales,69fdf211bf1df2fe9692fce4,"tic873 - Northgate Plaza {Northgate Associates, LLC}",evidenceOfInsurance,Evidence of Insurance,workersCompensation,Workers' Compensation and Employer's Liability,evidenceOfInsuranceWorkersCompensationStatutoryLimits,Statutory Limits,,matchOnce,must be present,,,non_compliant,Block Requirements,,,false,0,,2026-08-16
"Block Real Estate Services, LLC",69fdf7b562446148bd85c488,69fded2462446148bd849282,Verizon / Cellular Sales,69fdf211bf1df2fe9692fce4,"tic873 - Northgate Plaza {Northgate Associates, LLC}",evidenceOfInsurance,Evidence of Insurance,workersCompensation,Workers' Compensation and Employer's Liability,evidenceOfInsuranceWorkersCompensationEmployersLiabilityEachAccident,Employer's Liability Each Accident,,matchOnce,must be greater or equal to,500000,,non_compliant,Block Requirements,,,false,0,,2026-08-16
"Block Real Estate Services, LLC",69fdf7b562446148bd85c488,69fded2462446148bd849282,Verizon / Cellular Sales,69fdf211bf1df2fe9692fce4,"tic873 - Northgate Plaza {Northgate Associates, LLC}",evidenceOfInsurance,Evidence of Insurance,workersCompensation,Workers' Compensation and Employer's Liability,evidenceOfInsuranceWorkersCompensationEmployersLiabilityDiseaseEachEmployee,Employer's Liability Disease - each employee,,matchOnce,must be greater or equal to,500000,,non_compliant,Block Requirements,,,false,0,,2026-08-16
"Block Real Estate Services, LLC",69fdf7b562446148bd85c488,69fded2462446148bd849282,Verizon / Cellular Sales,69fdf211bf1df2fe9692fce4,"tic873 - Northgate Plaza {Northgate Associates, LLC}",evidenceOfInsurance,Evidence of Insurance,workersCompensation,Workers' Compensation and Employer's Liability,evidenceOfInsuranceWorkersCompensationEmployersLiabilityDiseasePolicyLimit,Employer's Liability Disease - policy limit,,matchOnce,must be greater or equal to,500000,,non_compliant,Block Requirements,,,false,0,,2026-08-16
"Block Real Estate Services, LLC",69fdf7b562446148bd85c488,69fded2462446148bd849282,Verizon / Cellular Sales,69fdf211bf1df2fe9692fce4,"tic873 - Northgate Plaza {Northgate Associates, LLC}",evidenceOfInsurance,Evidence of Insurance,workersCompensation,Workers' Compensation and Employer's Liability,evidenceOfInsuranceWorkersCompensationWaiverOfSubrogationEndorsement,Waiver of Subrogation,"---prompt---
Determine if the insurer has waived their right of subrogation in favor of the certificate holder under the Workers' Compensation policy. Evidence may include: a checked ""Waiver of Subrogation"" box on the certificate, mention in the Description of Operations section stating ""waiver of subrogation applies"", or reference to form WC 00 03 13. Look for language like ""subrogation is waived"" or ""per written contract"".",matchOnce,must be present,,,non_compliant,Block Requirements,,,false,0,,2026-08-16
"Block Real Estate Services, LLC",69fdf7b562446148bd85c488,69fded2462446148bd849282,Verizon / Cellular Sales,69fdf211bf1df2fe9692fce4,"tic873 - Northgate Plaza {Northgate Associates, LLC}",evidenceOfInsurance,Evidence of Insurance,6ac20aae-5728-5d57-b364-aeba38527dba,Additional Requirements,4da5b0f1-4c9d-5885-8cf8-5d3cccaed3e0,"Block Real Estate Services, LLC and all others required by contract are named as Additional Insureds","---prompt---
Determine if the Description of Operations or the Additional Remarks Schedule section states the ""Additional Insured as Construction Management, Inc. and all others required by contract"" or reference to blanket additional insured coverage. Look for language like ""certificate holder is additional insured"" or ""per written contract"".",matchOnce,must be present,,Present,compliant,Block Requirements,,,true,1,,2026-08-16
"Block Real Estate Services, LLC",69fdf7b562446148bd85c488,69fded2462446148bd849282,Verizon / Cellular Sales,69fdf211bf1df2fe9692fce4,"tic873 - Northgate Plaza {Northgate Associates, LLC}",evidenceOfInsurance,Evidence of Insurance,6ac20aae-5728-5d57-b364-aeba38527dba,Additional Requirements,e1017741-e47e-5f58-97b8-fbc3043e919f,Umbrella follows form over General Liability,"---prompt---
Determine if the Umbrella/Excess Liability policy follows form to the underlying policies. Evidence may include: language in the Description of Operations section stating the umbrella follows form to underlying coverages or an additional page endorsement stating that it follows form. Follow form means the umbrella policy adopts the same terms, conditions, and exclusions as the underlying policies.",matchOnce,must be present,,Present,compliant,Block Requirements,,,true,1,,2026-08-16
"Block Real Estate Services, LLC",69fdf7b562446148bd85c488,69fded2462446148bd849282,Verizon / Cellular Sales,69fdf211bf1df2fe9692fce4,"tic873 - Northgate Plaza {Northgate Associates, LLC}",evidenceOfInsurance,Evidence of Insurance,6ac20aae-5728-5d57-b364-aeba38527dba,Additional Requirements,2cdd866f-c9a4-576a-afd8-1d045762790c,The location must be listed as: 2826 N. Broadway Pittsburg KS 66762,,matchOnce,must be present,,Present,compliant,Block Requirements,,,true,1,,2026-08-16
"Block Real Estate Services, LLC",69fdf7b562446148bd85c488,69fded2462446148bd849282,Verizon / Cellular Sales,69fdf211bf1df2fe9692fce4,"tic873 - Northgate Plaza {Northgate Associates, LLC}",evidenceOfInsurance,Evidence of Insurance,6ac20aae-5728-5d57-b364-aeba38527dba,Additional Requirements,3649e9d1-4e09-59bf-8f30-cb33c40cf117,"Certificate Holder must read: c/o Block Real Estate Services, LLC, 4622 Pennsylvania St., Suite 700, Kansas City, MO, 64112",,matchOnce,must be present,,,non_compliant,Block Requirements,,,true,0,,2026-08-16
"Block Real Estate Services, LLC",69fdf7b562446148bd85c481,69fded1362446148bd848d1e,"Dollar General / Dolgencorp, Inc.",69fdf211bf1df2fe9692fce4,"tic873 - Northgate Plaza {Northgate Associates, LLC}",evidenceOfInsurance,Evidence of Insurance,commercialGeneralLiability,Commercial General Liability,evidenceOfInsuranceCommercialGeneralLiabilityCoverageTriggerOccurrence,Coverage Trigger: Occurrence,,matchOnce,must be present,,Present,compliant,Block Requirements,,,false,1,,2026-08-16
"Block Real Estate Services, LLC",69fdf7b562446148bd85c481,69fded1362446148bd848d1e,"Dollar General / Dolgencorp, Inc.",69fdf211bf1df2fe9692fce4,"tic873 - Northgate Plaza {Northgate Associates, LLC}",evidenceOfInsurance,Evidence of Insurance,commercialGeneralLiability,Commercial General Liability,evidenceOfInsuranceCommercialGeneralLiabilityGeneralAggregateLimitAppliesPerLocation,General Aggregate Limit Applies per: Location,,matchOnce,must be present,,,non_compliant,Block Requirements,,,false,0,,2026-08-16
"Block Real Estate Services, LLC",69fdf7b562446148bd85c481,69fded1362446148bd848d1e,"Dollar General / Dolgencorp, Inc.",69fdf211bf1df2fe9692fce4,"tic873 - Northgate Plaza {Northgate Associates, LLC}",evidenceOfInsurance,Evidence of Insurance,commercialGeneralLiability,Commercial General Liability,evidenceOfInsuranceCommercialGeneralLiabilityEachOccurrence,Each Occurrence,,matchOnce,must be greater or equal to,1000000,2000000,compliant,Block Requirements,,,false,1,,2026-08-16
"Block Real Estate Services, LLC",69fdf7b562446148bd85c481,69fded1362446148bd848d1e,"Dollar General / Dolgencorp, Inc.",69fdf211bf1df2fe9692fce4,"tic873 - Northgate Plaza {Northgate Associates, LLC}",evidenceOfInsurance,Evidence of Insurance,commercialGeneralLiability,Commercial General Liability,evidenceOfInsuranceCommercialGeneralLiabilityGeneralAggregate,General Aggregate,,matchOnce,must be greater or equal to,2000000,20000000,compliant,Block Requirements,,,false,1,,2026-08-16
"Block Real Estate Services, LLC",69fdf7b562446148bd85c481,69fded1362446148bd848d1e,"Dollar General / Dolgencorp, Inc.",69fdf211bf1df2fe9692fce4,"tic873 - Northgate Plaza {Northgate Associates, LLC}",evidenceOfInsurance,Evidence of Insurance,commercialGeneralLiability,Commercial General Liability,evidenceOfInsuranceCommercialGeneralLiabilityWaiverOfSubrogationEndorsement,Waiver of Subrogation,"---prompt---
Determine if the insurer has waived their right of subrogation in favor of the certificate holder under the Commercial General Liability policy. Evidence may include: a checked ""Waiver of Subrogation"" box on the certificate, mention in the Description of Operations section stating ""waiver of subrogation applies"", or reference to form CG 24 04. Look for language like ""subrogation is waived"" or ""per written contract"".",matchOnce,must be present,,Present,compliant,Block Requirements,,,false,1,,2026-08-16
"Block Real Estate Services, LLC",69fdf7b562446148bd85c481,69fded1362446148bd848d1e,"Dollar General / Dolgencorp, Inc.",69fdf211bf1df2fe9692fce4,"tic873 - Northgate Plaza {Northgate Associates, LLC}",evidenceOfInsurance,Evidence of Insurance,excessOrUmbrellaLiability,Umbrella/Excess Liability,evidenceOfInsuranceExcessOrUmbrellaLiabilityOccurence,Coverage Trigger: Occurrence,,matchOnce,must be present,,Present,compliant,Block Requirements,,,false,1,,2026-08-16
"Block Real Estate Services, LLC",69fdf7b562446148bd85c481,69fded1362446148bd848d1e,"Dollar General / Dolgencorp, Inc.",69fdf211bf1df2fe9692fce4,"tic873 - Northgate Plaza {Northgate Associates, LLC}",evidenceOfInsurance,Evidence of Insurance,excessOrUmbrellaLiability,Umbrella/Excess Liability,evidenceOfInsuranceExcessOrUmbrellaLiabilityEachOccurrence,Each Occurrence,,matchOnce,must be greater or equal to,1000000,10000000,compliant,Block Requirements,,,false,1,,2026-08-16
"Block Real Estate Services, LLC",69fdf7b562446148bd85c481,69fded1362446148bd848d1e,"Dollar General / Dolgencorp, Inc.",69fdf211bf1df2fe9692fce4,"tic873 - Northgate Plaza {Northgate Associates, LLC}",evidenceOfInsurance,Evidence of Insurance,excessOrUmbrellaLiability,Umbrella/Excess Liability,evidenceOfInsuranceExcessOrUmbrellaLiabilityAggregate,Aggregate,,matchOnce,must be greater or equal to,1000000,10000000,compliant,Block Requirements,,,false,1,,2026-08-16
"Block Real Estate Services, LLC",69fdf7b562446148bd85c481,69fded1362446148bd848d1e,"Dollar General / Dolgencorp, Inc.",69fdf211bf1df2fe9692fce4,"tic873 - Northgate Plaza {Northgate Associates, LLC}",evidenceOfInsurance,Evidence of Insurance,workersCompensation,Workers' Compensation and Employer's Liability,evidenceOfInsuranceWorkersCompensationStatutoryLimits,Statutory Limits,,matchOnce,must be present,,Present,compliant,Block Requirements,,,false,1,,2026-08-16
"Block Real Estate Services, LLC",69fdf7b562446148bd85c481,69fded1362446148bd848d1e,"Dollar General / Dolgencorp, Inc.",69fdf211bf1df2fe9692fce4,"tic873 - Northgate Plaza {Northgate Associates, LLC}",evidenceOfInsurance,Evidence of Insurance,workersCompensation,Workers' Compensation and Employer's Liability,evidenceOfInsuranceWorkersCompensationEmployersLiabilityEachAccident,Employer's Liability Each Accident,,matchOnce,must be greater or equal to,500000,1000000,compliant,Block Requirements,,,false,1,,2026-08-16
"Block Real Estate Services, LLC",69fdf7b562446148bd85c481,69fded1362446148bd848d1e,"Dollar General / Dolgencorp, Inc.",69fdf211bf1df2fe9692fce4,"tic873 - Northgate Plaza {Northgate Associates, LLC}",evidenceOfInsurance,Evidence of Insurance,workersCompensation,Workers' Compensation and Employer's Liability,evidenceOfInsuranceWorkersCompensationEmployersLiabilityDiseaseEachEmployee,Employer's Liability Disease - each employee,,matchOnce,must be greater or equal to,500000,1000000,compliant,Block Requirements,,,false,1,,2026-08-16
"Block Real Estate Services, LLC",69fdf7b562446148bd85c481,69fded1362446148bd848d1e,"Dollar General / Dolgencorp, Inc.",69fdf211bf1df2fe9692fce4,"tic873 - Northgate Plaza {Northgate Associates, LLC}",evidenceOfInsurance,Evidence of Insurance,workersCompensation,Workers' Compensation and Employer's Liability,evidenceOfInsuranceWorkersCompensationEmployersLiabilityDiseasePolicyLimit,Employer's Liability Disease - policy limit,,matchOnce,must be greater or equal to,500000,1000000,compliant,Block Requirements,,,false,1,,2026-08-16
"Block Real Estate Services, LLC",69fdf7b562446148bd85c481,69fded1362446148bd848d1e,"Dollar General / Dolgencorp, Inc.",69fdf211bf1df2fe9692fce4,"tic873 - Northgate Plaza {Northgate Associates, LLC}",evidenceOfInsurance,Evidence of Insurance,workersCompensation,Workers' Compensation and Employer's Liability,evidenceOfInsuranceWorkersCompensationWaiverOfSubrogationEndorsement,Waiver of Subrogation,"---prompt---
Determine if the insurer has waived their right of subrogation in favor of the certificate holder under the Workers' Compensation policy. Evidence may include: a checked ""Waiver of Subrogation"" box on the certificate, mention in the Description of Operations section stating ""waiver of subrogation applies"", or reference to form WC 00 03 13. Look for language like ""subrogation is waived"" or ""per written contract"".",matchOnce,must be present,,Present,compliant,Block Requirements,,,false,1,,2026-08-16
"Block Real Estate Services, LLC",69fdf7b562446148bd85c481,69fded1362446148bd848d1e,"Dollar General / Dolgencorp, Inc.",69fdf211bf1df2fe9692fce4,"tic873 - Northgate Plaza {Northgate Associates, LLC}",evidenceOfInsurance,Evidence of Insurance,6ac20aae-5728-5d57-b364-aeba38527dba,Additional Requirements,4da5b0f1-4c9d-5885-8cf8-5d3cccaed3e0,"Block Real Estate Services, LLC and all others required by contract are named as Additional Insureds","---prompt---
Determine if the Description of Operations or the Additional Remarks Schedule section states the ""Additional Insured as Construction Management, Inc. and all others required by contract"" or reference to blanket additional insured coverage. Look for language like ""certificate holder is additional insured"" or ""per written contract"".",matchOnce,must be present,,Present,compliant,Block Requirements,,,true,1,,2026-08-16
"Block Real Estate Services, LLC",69fdf7b562446148bd85c481,69fded1362446148bd848d1e,"Dollar General / Dolgencorp, Inc.",69fdf211bf1df2fe9692fce4,"tic873 - Northgate Plaza {Northgate Associates, LLC}",evidenceOfInsurance,Evidence of Insurance,6ac20aae-5728-5d57-b364-aeba38527dba,Additional Requirements,e1017741-e47e-5f58-97b8-fbc3043e919f,Umbrella follows form over General Liability,"---prompt---
Determine if the Umbrella/Excess Liability policy follows form to the underlying policies. Evidence may include: language in the Description of Operations section stating the umbrella follows form to underlying coverages or an additional page endorsement stating that it follows form. Follow form means the umbrella policy adopts the same terms, conditions, and exclusions as the underlying policies.",matchOnce,must be present,,,non_compliant,Block Requirements,,,true,0,,2026-08-16
"Block Real Estate Services, LLC",69fdf7b562446148bd85c481,69fded1362446148bd848d1e,"Dollar General / Dolgencorp, Inc.",69fdf211bf1df2fe9692fce4,"tic873 - Northgate Plaza {Northgate Associates, LLC}",evidenceOfInsurance,Evidence of Insurance,6ac20aae-5728-5d57-b364-aeba38527dba,Additional Requirements,2cdd866f-c9a4-576a-afd8-1d045762790c,The location must be listed as: 2810 N. Broadway Pittsburg KS 66762,,matchOnce,must be present,,Present,compliant,Block Requirements,,,true,1,,2026-08-16
"Block Real Estate Services, LLC",69fdf7b562446148bd85c481,69fded1362446148bd848d1e,"Dollar General / Dolgencorp, Inc.",69fdf211bf1df2fe9692fce4,"tic873 - Northgate Plaza {Northgate Associates, LLC}",evidenceOfInsurance,Evidence of Insurance,6ac20aae-5728-5d57-b364-aeba38527dba,Additional Requirements,3649e9d1-4e09-59bf-8f30-cb33c40cf117,"Certificate Holder must read: c/o Block Real Estate Services, LLC, 4622 Pennsylvania St., Suite 700, Kansas City, MO, 64112",,matchOnce,must be present,,Present,compliant,Block Requirements,,,true,1,,2026-08-16
"Block Real Estate Services, LLC",69fdf7b562446148bd85c487,69fded2262446148bd849204,CATO / The Cato Corporation,69fdf211bf1df2fe9692fce4,"tic873 - Northgate Plaza {Northgate Associates, LLC}",evidenceOfInsurance,Evidence of Insurance,commercialGeneralLiability,Commercial General Liability,evidenceOfInsuranceCommercialGeneralLiabilityCoverageTriggerOccurrence,Coverage Trigger: Occurrence,,matchOnce,must be present,,,non_compliant,Block Requirements,,,false,0,,2026-08-16
"Block Real Estate Services, LLC",69fdf7b562446148bd85c487,69fded2262446148bd849204,CATO / The Cato Corporation,69fdf211bf1df2fe9692fce4,"tic873 - Northgate Plaza {Northgate Associates, LLC}",evidenceOfInsurance,Evidence of Insurance,commercialGeneralLiability,Commercial General Liability,evidenceOfInsuranceCommercialGeneralLiabilityGeneralAggregateLimitAppliesPerLocation,General Aggregate Limit Applies per: Location,,matchOnce,must be present,,,non_compliant,Block Requirements,,,false,0,,2026-08-16
"Block Real Estate Services, LLC",69fdf7b562446148bd85c487,69fded2262446148bd849204,CATO / The Cato Corporation,69fdf211bf1df2fe9692fce4,"tic873 - Northgate Plaza {Northgate Associates, LLC}",evidenceOfInsurance,Evidence of Insurance,commercialGeneralLiability,Commercial General Liability,evidenceOfInsuranceCommercialGeneralLiabilityEachOccurrence,Each Occurrence,,matchOnce,must be greater or equal to,1000000,,non_compliant,Block Requirements,,,false,0,,2026-08-16
"Block Real Estate Services, LLC",69fdf7b562446148bd85c487,69fded2262446148bd849204,CATO / The Cato Corporation,69fdf211bf1df2fe9692fce4,"tic873 - Northgate Plaza {Northgate Associates, LLC}",evidenceOfInsurance,Evidence of Insurance,commercialGeneralLiability,Commercial General Liability,evidenceOfInsuranceCommercialGeneralLiabilityGeneralAggregate,General Aggregate,,matchOnce,must be greater or equal to,2000000,,non_compliant,Block Requirements,,,false,0,,2026-08-16
"Block Real Estate Services, LLC",69fdf7b562446148bd85c487,69fded2262446148bd849204,CATO / The Cato Corporation,69fdf211bf1df2fe9692fce4,"tic873 - Northgate Plaza {Northgate Associates, LLC}",evidenceOfInsurance,Evidence of Insurance,commercialGeneralLiability,Commercial General Liability,evidenceOfInsuranceCommercialGeneralLiabilityWaiverOfSubrogationEndorsement,Waiver of Subrogation,"---prompt---
Determine if the insurer has waived their right of subrogation in favor of the certificate holder under the Commercial General Liability policy. Evidence may include: a checked ""Waiver of Subrogation"" box on the certificate, mention in the Description of Operations section stating ""waiver of subrogation applies"", or reference to form CG 24 04. Look for language like ""subrogation is waived"" or ""per written contract"".",matchOnce,must be present,,,non_compliant,Block Requirements,,,false,0,,2026-08-16
"Block Real Estate Services, LLC",69fdf7b562446148bd85c487,69fded2262446148bd849204,CATO / The Cato Corporation,69fdf211bf1df2fe9692fce4,"tic873 - Northgate Plaza {Northgate Associates, LLC}",evidenceOfInsurance,Evidence of Insurance,excessOrUmbrellaLiability,Umbrella/Excess Liability,evidenceOfInsuranceExcessOrUmbrellaLiabilityOccurence,Coverage Trigger: Occurrence,,matchOnce,must be present,,,non_compliant,Block Requirements,,,false,0,,2026-08-16
"Block Real Estate Services, LLC",69fdf7b562446148bd85c487,69fded2262446148bd849204,CATO / The Cato Corporation,69fdf211bf1df2fe9692fce4,"tic873 - Northgate Plaza {Northgate Associates, LLC}",evidenceOfInsurance,Evidence of Insurance,excessOrUmbrellaLiability,Umbrella/Excess Liability,evidenceOfInsuranceExcessOrUmbrellaLiabilityEachOccurrence,Each Occurrence,,matchOnce,must be greater or equal to,1000000,,non_compliant,Block Requirements,,,false,0,,2026-08-16
"Block Real Estate Services, LLC",69fdf7b562446148bd85c487,69fded2262446148bd849204,CATO / The Cato Corporation,69fdf211bf1df2fe9692fce4,"tic873 - Northgate Plaza {Northgate Associates, LLC}",evidenceOfInsurance,Evidence of Insurance,excessOrUmbrellaLiability,Umbrella/Excess Liability,evidenceOfInsuranceExcessOrUmbrellaLiabilityAggregate,Aggregate,,matchOnce,must be greater or equal to,1000000,,non_compliant,Block Requirements,,,false,0,,2026-08-16
"Block Real Estate Services, LLC",69fdf7b562446148bd85c487,69fded2262446148bd849204,CATO / The Cato Corporation,69fdf211bf1df2fe9692fce4,"tic873 - Northgate Plaza {Northgate Associates, LLC}",evidenceOfInsurance,Evidence of Insurance,workersCompensation,Workers' Compensation and Employer's Liability,evidenceOfInsuranceWorkersCompensationStatutoryLimits,Statutory Limits,,matchOnce,must be present,,,non_compliant,Block Requirements,,,false,0,,2026-08-16
"Block Real Estate Services, LLC",69fdf7b562446148bd85c487,69fded2262446148bd849204,CATO / The Cato Corporation,69fdf211bf1df2fe9692fce4,"tic873 - Northgate Plaza {Northgate Associates, LLC}",evidenceOfInsurance,Evidence of Insurance,workersCompensation,Workers' Compensation and Employer's Liability,evidenceOfInsuranceWorkersCompensationEmployersLiabilityEachAccident,Employer's Liability Each Accident,,matchOnce,must be greater or equal to,500000,,non_compliant,Block Requirements,,,false,0,,2026-08-16
"Block Real Estate Services, LLC",69fdf7b562446148bd85c487,69fded2262446148bd849204,CATO / The Cato Corporation,69fdf211bf1df2fe9692fce4,"tic873 - Northgate Plaza {Northgate Associates, LLC}",evidenceOfInsurance,Evidence of Insurance,workersCompensation,Workers' Compensation and Employer's Liability,evidenceOfInsuranceWorkersCompensationEmployersLiabilityDiseaseEachEmployee,Employer's Liability Disease - each employee,,matchOnce,must be greater or equal to,500000,,non_compliant,Block Requirements,,,false,0,,2026-08-16
"Block Real Estate Services, LLC",69fdf7b562446148bd85c487,69fded2262446148bd849204,CATO / The Cato Corporation,69fdf211bf1df2fe9692fce4,"tic873 - Northgate Plaza {Northgate Associates, LLC}",evidenceOfInsurance,Evidence of Insurance,workersCompensation,Workers' Compensation and Employer's Liability,evidenceOfInsuranceWorkersCompensationEmployersLiabilityDiseasePolicyLimit,Employer's Liability Disease - policy limit,,matchOnce,must be greater or equal to,500000,,non_compliant,Block Requirements,,,false,0,,2026-08-16
"Block Real Estate Services, LLC",69fdf7b562446148bd85c487,69fded2262446148bd849204,CATO / The Cato Corporation,69fdf211bf1df2fe9692fce4,"tic873 - Northgate Plaza {Northgate Associates, LLC}",evidenceOfInsurance,Evidence of Insurance,workersCompensation,Workers' Compensation and Employer's Liability,evidenceOfInsuranceWorkersCompensationWaiverOfSubrogationEndorsement,Waiver of Subrogation,"---prompt---
Determine if the insurer has waived their right of subrogation in favor of the certificate holder under the Workers' Compensation policy. Evidence may include: a checked ""Waiver of Subrogation"" box on the certificate, mention in the Description of Operations section stating ""waiver of subrogation applies"", or reference to form WC 00 03 13. Look for language like ""subrogation is waived"" or ""per written contract"".",matchOnce,must be present,,,non_compliant,Block Requirements,,,false,0,,2026-08-16
"Block Real Estate Services, LLC",69fdf7b562446148bd85c487,69fded2262446148bd849204,CATO / The Cato Corporation,69fdf211bf1df2fe9692fce4,"tic873 - Northgate Plaza {Northgate Associates, LLC}",evidenceOfInsurance,Evidence of Insurance,6ac20aae-5728-5d57-b364-aeba38527dba,Additional Requirements,4da5b0f1-4c9d-5885-8cf8-5d3cccaed3e0,"Block Real Estate Services, LLC and all others required by contract are named as Additional Insureds","---prompt---
Determine if the Description of Operations or the Additional Remarks Schedule section states the ""Additional Insured as Construction Management, Inc. and all others required by contract"" or reference to blanket additional insured coverage. Look for language like ""certificate holder is additional insured"" or ""per written contract"".",matchOnce,must be present,,,non_compliant,Block Requirements,,,true,0,,2026-08-16
"Block Real Estate Services, LLC",69fdf7b562446148bd85c487,69fded2262446148bd849204,CATO / The Cato Corporation,69fdf211bf1df2fe9692fce4,"tic873 - Northgate Plaza {Northgate Associates, LLC}",evidenceOfInsurance,Evidence of Insurance,6ac20aae-5728-5d57-b364-aeba38527dba,Additional Requirements,e1017741-e47e-5f58-97b8-fbc3043e919f,Umbrella follows form over General Liability,"---prompt---
Determine if the Umbrella/Excess Liability policy follows form to the underlying policies. Evidence may include: language in the Description of Operations section stating the umbrella follows form to underlying coverages or an additional page endorsement stating that it follows form. Follow form means the umbrella policy adopts the same terms, conditions, and exclusions as the underlying policies.",matchOnce,must be present,,,non_compliant,Block Requirements,,,true,0,,2026-08-16
"Block Real Estate Services, LLC",69fdf7b562446148bd85c487,69fded2262446148bd849204,CATO / The Cato Corporation,69fdf211bf1df2fe9692fce4,"tic873 - Northgate Plaza {Northgate Associates, LLC}",evidenceOfInsurance,Evidence of Insurance,6ac20aae-5728-5d57-b364-aeba38527dba,Additional Requirements,2cdd866f-c9a4-576a-afd8-1d045762790c,The location must be listed as: 2816 N. Broadway Pittsburg KS 66762,,matchOnce,must be present,,,non_compliant,Block Requirements,,,true,0,,2026-08-16
"Block Real Estate Services, LLC",69fdf7b562446148bd85c487,69fded2262446148bd849204,CATO / The Cato Corporation,69fdf211bf1df2fe9692fce4,"tic873 - Northgate Plaza {Northgate Associates, LLC}",evidenceOfInsurance,Evidence of Insurance,6ac20aae-5728-5d57-b364-aeba38527dba,Additional Requirements,3649e9d1-4e09-59bf-8f30-cb33c40cf117,"Certificate Holder must read: c/o Block Real Estate Services, LLC, 4622 Pennsylvania St., Suite 700, Kansas City, MO, 64112",,matchOnce,must be present,,,non_compliant,Block Requirements,,,true,0,,2026-08-16
"Block Real Estate Services, LLC",69fdf7b562446148bd85c483,69fded1762446148bd848e5f,"Hibbett Sports / Hibbett Retail, Inc.",69fdf211bf1df2fe9692fce4,"tic873 - Northgate Plaza {Northgate Associates, LLC}",evidenceOfInsurance,Evidence of Insurance,commercialGeneralLiability,Commercial General Liability,evidenceOfInsuranceCommercialGeneralLiabilityCoverageTriggerOccurrence,Coverage Trigger: Occurrence,,matchOnce,must be present,,Present,compliant,Block Requirements,,,false,1,,2026-08-16
"Block Real Estate Services, LLC",69fdf7b562446148bd85c483,69fded1762446148bd848e5f,"Hibbett Sports / Hibbett Retail, Inc.",69fdf211bf1df2fe9692fce4,"tic873 - Northgate Plaza {Northgate Associates, LLC}",evidenceOfInsurance,Evidence of Insurance,commercialGeneralLiability,Commercial General Liability,evidenceOfInsuranceCommercialGeneralLiabilityGeneralAggregateLimitAppliesPerLocation,General Aggregate Limit Applies per: Location,,matchOnce,must be present,,,non_compliant,Block Requirements,,,false,0,,2026-08-16
"Block Real Estate Services, LLC",69fdf7b562446148bd85c483,69fded1762446148bd848e5f,"Hibbett Sports / Hibbett Retail, Inc.",69fdf211bf1df2fe9692fce4,"tic873 - Northgate Plaza {Northgate Associates, LLC}",evidenceOfInsurance,Evidence of Insurance,commercialGeneralLiability,Commercial General Liability,evidenceOfInsuranceCommercialGeneralLiabilityEachOccurrence,Each Occurrence,,matchOnce,must be greater or equal to,1000000,2000000,compliant,Block Requirements,,,false,1,,2026-08-16
"Block Real Estate Services, LLC",69fdf7b562446148bd85c483,69fded1762446148bd848e5f,"Hibbett Sports / Hibbett Retail, Inc.",69fdf211bf1df2fe9692fce4,"tic873 - Northgate Plaza {Northgate Associates, LLC}",evidenceOfInsurance,Evidence of Insurance,commercialGeneralLiability,Commercial General Liability,evidenceOfInsuranceCommercialGeneralLiabilityGeneralAggregate,General Aggregate,,matchOnce,must be greater or equal to,2000000,4000000,compliant,Block Requirements,,,false,1,,2026-08-16
"Block Real Estate Services, LLC",69fdf7b562446148bd85c483,69fded1762446148bd848e5f,"Hibbett Sports / Hibbett Retail, Inc.",69fdf211bf1df2fe9692fce4,"tic873 - Northgate Plaza {Northgate Associates, LLC}",evidenceOfInsurance,Evidence of Insurance,commercialGeneralLiability,Commercial General Liability,evidenceOfInsuranceCommercialGeneralLiabilityWaiverOfSubrogationEndorsement,Waiver of Subrogation,"---prompt---
Determine if the insurer has waived their right of subrogation in favor of the certificate holder under the Commercial General Liability policy. Evidence may include: a checked ""Waiver of Subrogation"" box on the certificate, mention in the Description of Operations section stating ""waiver of subrogation applies"", or reference to form CG 24 04. Look for language like ""subrogation is waived"" or ""per written contract"".",matchOnce,must be present,,Present,compliant,Block Requirements,,,false,1,,2026-08-16
"Block Real Estate Services, LLC",69fdf7b562446148bd85c483,69fded1762446148bd848e5f,"Hibbett Sports / Hibbett Retail, Inc.",69fdf211bf1df2fe9692fce4,"tic873 - Northgate Plaza {Northgate Associates, LLC}",evidenceOfInsurance,Evidence of Insurance,excessOrUmbrellaLiability,Umbrella/Excess Liability,evidenceOfInsuranceExcessOrUmbrellaLiabilityOccurence,Coverage Trigger: Occurrence,,matchOnce,must be present,,Present,compliant,Block Requirements,,,false,1,,2026-08-16
"Block Real Estate Services, LLC",69fdf7b562446148bd85c483,69fded1762446148bd848e5f,"Hibbett Sports / Hibbett Retail, Inc.",69fdf211bf1df2fe9692fce4,"tic873 - Northgate Plaza {Northgate Associates, LLC}",evidenceOfInsurance,Evidence of Insurance,excessOrUmbrellaLiability,Umbrella/Excess Liability,evidenceOfInsuranceExcessOrUmbrellaLiabilityEachOccurrence,Each Occurrence,,matchOnce,must be greater or equal to,1000000,5000000,compliant,Block Requirements,,,false,1,,2026-08-16
"Block Real Estate Services, LLC",69fdf7b562446148bd85c483,69fded1762446148bd848e5f,"Hibbett Sports / Hibbett Retail, Inc.",69fdf211bf1df2fe9692fce4,"tic873 - Northgate Plaza {Northgate Associates, LLC}",evidenceOfInsurance,Evidence of Insurance,excessOrUmbrellaLiability,Umbrella/Excess Liability,evidenceOfInsuranceExcessOrUmbrellaLiabilityAggregate,Aggregate,,matchOnce,must be greater or equal to,1000000,5000000,compliant,Block Requirements,,,false,1,,2026-08-16
"Block Real Estate Services, LLC",69fdf7b562446148bd85c483,69fded1762446148bd848e5f,"Hibbett Sports / Hibbett Retail, Inc.",69fdf211bf1df2fe9692fce4,"tic873 - Northgate Plaza {Northgate Associates, LLC}",evidenceOfInsurance,Evidence of Insurance,workersCompensation,Workers' Compensation and Employer's Liability,evidenceOfInsuranceWorkersCompensationStatutoryLimits,Statutory Limits,,matchOnce,must be present,,Present,compliant,Block Requirements,,,false,1,,2026-08-16
"Block Real Estate Services, LLC",69fdf7b562446148bd85c483,69fded1762446148bd848e5f,"Hibbett Sports / Hibbett Retail, Inc.",69fdf211bf1df2fe9692fce4,"tic873 - Northgate Plaza {Northgate Associates, LLC}",evidenceOfInsurance,Evidence of Insurance,workersCompensation,Workers' Compensation and Employer's Liability,evidenceOfInsuranceWorkersCompensationEmployersLiabilityEachAccident,Employer's Liability Each Accident,,matchOnce,must be greater or equal to,500000,1000000,compliant,Block Requirements,,,false,1,,2026-08-16
"Block Real Estate Services, LLC",69fdf7b562446148bd85c483,69fded1762446148bd848e5f,"Hibbett Sports / Hibbett Retail, Inc.",69fdf211bf1df2fe9692fce4,"tic873 - Northgate Plaza {Northgate Associates, LLC}",evidenceOfInsurance,Evidence of Insurance,workersCompensation,Workers' Compensation and Employer's Liability,evidenceOfInsuranceWorkersCompensationEmployersLiabilityDiseaseEachEmployee,Employer's Liability Disease - each employee,,matchOnce,must be greater or equal to,500000,1000000,compliant,Block Requirements,,,false,1,,2026-08-16
"Block Real Estate Services, LLC",69fdf7b562446148bd85c483,69fded1762446148bd848e5f,"Hibbett Sports / Hibbett Retail, Inc.",69fdf211bf1df2fe9692fce4,"tic873 - Northgate Plaza {Northgate Associates, LLC}",evidenceOfInsurance,Evidence of Insurance,workersCompensation,Workers' Compensation and Employer's Liability,evidenceOfInsuranceWorkersCompensationEmployersLiabilityDiseasePolicyLimit,Employer's Liability Disease - policy limit,,matchOnce,must be greater or equal to,500000,1000000,compliant,Block Requirements,,,false,1,,2026-08-16
"Block Real Estate Services, LLC",69fdf7b562446148bd85c483,69fded1762446148bd848e5f,"Hibbett Sports / Hibbett Retail, Inc.",69fdf211bf1df2fe9692fce4,"tic873 - Northgate Plaza {Northgate Associates, LLC}",evidenceOfInsurance,Evidence of Insurance,workersCompensation,Workers' Compensation and Employer's Liability,evidenceOfInsuranceWorkersCompensationWaiverOfSubrogationEndorsement,Waiver of Subrogation,"---prompt---
Determine if the insurer has waived their right of subrogation in favor of the certificate holder under the Workers' Compensation policy. Evidence may include: a checked ""Waiver of Subrogation"" box on the certificate, mention in the Description of Operations section stating ""waiver of subrogation applies"", or reference to form WC 00 03 13. Look for language like ""subrogation is waived"" or ""per written contract"".",matchOnce,must be present,,Present,compliant,Block Requirements,,,false,1,,2026-08-16
"Block Real Estate Services, LLC",69fdf7b562446148bd85c483,69fded1762446148bd848e5f,"Hibbett Sports / Hibbett Retail, Inc.",69fdf211bf1df2fe9692fce4,"tic873 - Northgate Plaza {Northgate Associates, LLC}",evidenceOfInsurance,Evidence of Insurance,6ac20aae-5728-5d57-b364-aeba38527dba,Additional Requirements,4da5b0f1-4c9d-5885-8cf8-5d3cccaed3e0,"Block Real Estate Services, LLC and all others required by contract are named as Additional Insureds","---prompt---
Determine if the Description of Operations or the Additional Remarks Schedule section states the ""Additional Insured as Construction Management, Inc. and all others required by contract"" or reference to blanket additional insured coverage. Look for language like ""certificate holder is additional insured"" or ""per written contract"".",matchOnce,must be present,,Present,compliant,Block Requirements,,,true,1,,2026-08-16
"Block Real Estate Services, LLC",69fdf7b562446148bd85c483,69fded1762446148bd848e5f,"Hibbett Sports / Hibbett Retail, Inc.",69fdf211bf1df2fe9692fce4,"tic873 - Northgate Plaza {Northgate Associates, LLC}",evidenceOfInsurance,Evidence of Insurance,6ac20aae-5728-5d57-b364-aeba38527dba,Additional Requirements,e1017741-e47e-5f58-97b8-fbc3043e919f,Umbrella follows form over General Liability,"---prompt---
Determine if the Umbrella/Excess Liability policy follows form to the underlying policies. Evidence may include: language in the Description of Operations section stating the umbrella follows form to underlying coverages or an additional page endorsement stating that it follows form. Follow form means the umbrella policy adopts the same terms, conditions, and exclusions as the underlying policies.",matchOnce,must be present,,Present,compliant,Block Requirements,,,true,1,,2026-08-16
"Block Real Estate Services, LLC",69fdf7b562446148bd85c483,69fded1762446148bd848e5f,"Hibbett Sports / Hibbett Retail, Inc.",69fdf211bf1df2fe9692fce4,"tic873 - Northgate Plaza {Northgate Associates, LLC}",evidenceOfInsurance,Evidence of Insurance,6ac20aae-5728-5d57-b364-aeba38527dba,Additional Requirements,2cdd866f-c9a4-576a-afd8-1d045762790c,The location must be listed as: 2804 N. Broadway Pittsburg KS 66762,,matchOnce,must be present,,Present,compliant,Block Requirements,,,true,1,,2026-08-16
"Block Real Estate Services, LLC",69fdf7b562446148bd85c483,69fded1762446148bd848e5f,"Hibbett Sports / Hibbett Retail, Inc.",69fdf211bf1df2fe9692fce4,"tic873 - Northgate Plaza {Northgate Associates, LLC}",evidenceOfInsurance,Evidence of Insurance,6ac20aae-5728-5d57-b364-aeba38527dba,Additional Requirements,3649e9d1-4e09-59bf-8f30-cb33c40cf117,"Certificate Holder must read: c/o Block Real Estate Services, LLC, 4622 Pennsylvania St., Suite 700, Kansas City, MO, 64112",,matchOnce,must be present,,Present,compliant,Block Requirements,,,true,1,,2026-08-16
"Block Real Estate Services, LLC",69fdf7b562446148bd85c484,69fded1c62446148bd849024,Ollie's Bargain Outlet Inc,69fdf211bf1df2fe9692fce4,"tic873 - Northgate Plaza {Northgate Associates, LLC}",evidenceOfInsurance,Evidence of Insurance,commercialGeneralLiability,Commercial General Liability,evidenceOfInsuranceCommercialGeneralLiabilityCoverageTriggerOccurrence,Coverage Trigger: Occurrence,,matchOnce,must be present,,,non_compliant,Block Requirements,,,false,0,,2026-08-16
"Block Real Estate Services, LLC",69fdf7b562446148bd85c484,69fded1c62446148bd849024,Ollie's Bargain Outlet Inc,69fdf211bf1df2fe9692fce4,"tic873 - Northgate Plaza {Northgate Associates, LLC}",evidenceOfInsurance,Evidence of Insurance,commercialGeneralLiability,Commercial General Liability,evidenceOfInsuranceCommercialGeneralLiabilityGeneralAggregateLimitAppliesPerLocation,General Aggregate Limit Applies per: Location,,matchOnce,must be present,,,non_compliant,Block Requirements,,,false,0,,2026-08-16
"Block Real Estate Services, LLC",69fdf7b562446148bd85c484,69fded1c62446148bd849024,Ollie's Bargain Outlet Inc,69fdf211bf1df2fe9692fce4,"tic873 - Northgate Plaza {Northgate Associates, LLC}",evidenceOfInsurance,Evidence of Insurance,commercialGeneralLiability,Commercial General Liability,evidenceOfInsuranceCommercialGeneralLiabilityEachOccurrence,Each Occurrence,,matchOnce,must be greater or equal to,1000000,,non_compliant,Block Requirements,,,false,0,,2026-08-16
"Block Real Estate Services, LLC",69fdf7b562446148bd85c484,69fded1c62446148bd849024,Ollie's Bargain Outlet Inc,69fdf211bf1df2fe9692fce4,"tic873 - Northgate Plaza {Northgate Associates, LLC}",evidenceOfInsurance,Evidence of Insurance,commercialGeneralLiability,Commercial General Liability,evidenceOfInsuranceCommercialGeneralLiabilityGeneralAggregate,General Aggregate,,matchOnce,must be greater or equal to,2000000,,non_compliant,Block Requirements,,,false,0,,2026-08-16
"Block Real Estate Services, LLC",69fdf7b562446148bd85c484,69fded1c62446148bd849024,Ollie's Bargain Outlet Inc,69fdf211bf1df2fe9692fce4,"tic873 - Northgate Plaza {Northgate Associates, LLC}",evidenceOfInsurance,Evidence of Insurance,commercialGeneralLiability,Commercial General Liability,evidenceOfInsuranceCommercialGeneralLiabilityWaiverOfSubrogationEndorsement,Waiver of Subrogation,"---prompt---
Determine if the insurer has waived their right of subrogation in favor of the certificate holder under the Commercial General Liability policy. Evidence may include: a checked ""Waiver of Subrogation"" box on the certificate, mention in the Description of Operations section stating ""waiver of subrogation applies"", or reference to form CG 24 04. Look for language like ""subrogation is waived"" or ""per written contract"".",matchOnce,must be present,,,non_compliant,Block Requirements,,,false,0,,2026-08-16
"Block Real Estate Services, LLC",69fdf7b562446148bd85c484,69fded1c62446148bd849024,Ollie's Bargain Outlet Inc,69fdf211bf1df2fe9692fce4,"tic873 - Northgate Plaza {Northgate Associates, LLC}",evidenceOfInsurance,Evidence of Insurance,excessOrUmbrellaLiability,Umbrella/Excess Liability,evidenceOfInsuranceExcessOrUmbrellaLiabilityOccurence,Coverage Trigger: Occurrence,,matchOnce,must be present,,,non_compliant,Block Requirements,,,false,0,,2026-08-16
"Block Real Estate Services, LLC",69fdf7b562446148bd85c484,69fded1c62446148bd849024,Ollie's Bargain Outlet Inc,69fdf211bf1df2fe9692fce4,"tic873 - Northgate Plaza {Northgate Associates, LLC}",evidenceOfInsurance,Evidence of Insurance,excessOrUmbrellaLiability,Umbrella/Excess Liability,evidenceOfInsuranceExcessOrUmbrellaLiabilityEachOccurrence,Each Occurrence,,matchOnce,must be greater or equal to,1000000,,non_compliant,Block Requirements,,,false,0,,2026-08-16
"Block Real Estate Services, LLC",69fdf7b562446148bd85c484,69fded1c62446148bd849024,Ollie's Bargain Outlet Inc,69fdf211bf1df2fe9692fce4,"tic873 - Northgate Plaza {Northgate Associates, LLC}",evidenceOfInsurance,Evidence of Insurance,excessOrUmbrellaLiability,Umbrella/Excess Liability,evidenceOfInsuranceExcessOrUmbrellaLiabilityAggregate,Aggregate,,matchOnce,must be greater or equal to,1000000,,non_compliant,Block Requirements,,,false,0,,2026-08-16
"Block Real Estate Services, LLC",69fdf7b562446148bd85c484,69fded1c62446148bd849024,Ollie's Bargain Outlet Inc,69fdf211bf1df2fe9692fce4,"tic873 - Northgate Plaza {Northgate Associates, LLC}",evidenceOfInsurance,Evidence of Insurance,workersCompensation,Workers' Compensation and Employer's Liability,evidenceOfInsuranceWorkersCompensationStatutoryLimits,Statutory Limits,,matchOnce,must be present,,,non_compliant,Block Requirements,,,false,0,,2026-08-16
"Block Real Estate Services, LLC",69fdf7b562446148bd85c484,69fded1c62446148bd849024,Ollie's Bargain Outlet Inc,69fdf211bf1df2fe9692fce4,"tic873 - Northgate Plaza {Northgate Associates, LLC}",evidenceOfInsurance,Evidence of Insurance,workersCompensation,Workers' Compensation and Employer's Liability,evidenceOfInsuranceWorkersCompensationEmployersLiabilityEachAccident,Employer's Liability Each Accident,,matchOnce,must be greater or equal to,500000,,non_compliant,Block Requirements,,,false,0,,2026-08-16
"Block Real Estate Services, LLC",69fdf7b562446148bd85c484,69fded1c62446148bd849024,Ollie's Bargain Outlet Inc,69fdf211bf1df2fe9692fce4,"tic873 - Northgate Plaza {Northgate Associates, LLC}",evidenceOfInsurance,Evidence of Insurance,workersCompensation,Workers' Compensation and Employer's Liability,evidenceOfInsuranceWorkersCompensationEmployersLiabilityDiseaseEachEmployee,Employer's Liability Disease - each employee,,matchOnce,must be greater or equal to,500000,,non_compliant,Block Requirements,,,false,0,,2026-08-16
"Block Real Estate Services, LLC",69fdf7b562446148bd85c484,69fded1c62446148bd849024,Ollie's Bargain Outlet Inc,69fdf211bf1df2fe9692fce4,"tic873 - Northgate Plaza {Northgate Associates, LLC}",evidenceOfInsurance,Evidence of Insurance,workersCompensation,Workers' Compensation and Employer's Liability,evidenceOfInsuranceWorkersCompensationEmployersLiabilityDiseasePolicyLimit,Employer's Liability Disease - policy limit,,matchOnce,must be greater or equal to,500000,,non_compliant,Block Requirements,,,false,0,,2026-08-16
"Block Real Estate Services, LLC",69fdf7b562446148bd85c484,69fded1c62446148bd849024,Ollie's Bargain Outlet Inc,69fdf211bf1df2fe9692fce4,"tic873 - Northgate Plaza {Northgate Associates, LLC}",evidenceOfInsurance,Evidence of Insurance,workersCompensation,Workers' Compensation and Employer's Liability,evidenceOfInsuranceWorkersCompensationWaiverOfSubrogationEndorsement,Waiver of Subrogation,"---prompt---
Determine if the insurer has waived their right of subrogation in favor of the certificate holder under the Workers' Compensation policy. Evidence may include: a checked ""Waiver of Subrogation"" box on the certificate, mention in the Description of Operations section stating ""waiver of subrogation applies"", or reference to form WC 00 03 13. Look for language like ""subrogation is waived"" or ""per written contract"".",matchOnce,must be present,,,non_compliant,Block Requirements,,,false,0,,2026-08-16
"Block Real Estate Services, LLC",69fdf7b562446148bd85c484,69fded1c62446148bd849024,Ollie's Bargain Outlet Inc,69fdf211bf1df2fe9692fce4,"tic873 - Northgate Plaza {Northgate Associates, LLC}",evidenceOfInsurance,Evidence of Insurance,6ac20aae-5728-5d57-b364-aeba38527dba,Additional Requirements,4da5b0f1-4c9d-5885-8cf8-5d3cccaed3e0,"Block Real Estate Services, LLC and all others required by contract are named as Additional Insureds","---prompt---
Determine if the Description of Operations or the Additional Remarks Schedule section states the ""Additional Insured as Construction Management, Inc. and all others required by contract"" or reference to blanket additional insured coverage. Look for language like ""certificate holder is additional insured"" or ""per written contract"".",matchOnce,must be present,,,non_compliant,Block Requirements,,,true,0,,2026-08-16
"Block Real Estate Services, LLC",69fdf7b562446148bd85c484,69fded1c62446148bd849024,Ollie's Bargain Outlet Inc,69fdf211bf1df2fe9692fce4,"tic873 - Northgate Plaza {Northgate Associates, LLC}",evidenceOfInsurance,Evidence of Insurance,6ac20aae-5728-5d57-b364-aeba38527dba,Additional Requirements,e1017741-e47e-5f58-97b8-fbc3043e919f,Umbrella follows form over General Liability,"---prompt---
Determine if the Umbrella/Excess Liability policy follows form to the underlying policies. Evidence may include: language in the Description of Operations section stating the umbrella follows form to underlying coverages or an additional page endorsement stating that it follows form. Follow form means the umbrella policy adopts the same terms, conditions, and exclusions as the underlying policies.",matchOnce,must be present,,,non_compliant,Block Requirements,,,true,0,,2026-08-16
"Block Real Estate Services, LLC",69fdf7b562446148bd85c484,69fded1c62446148bd849024,Ollie's Bargain Outlet Inc,69fdf211bf1df2fe9692fce4,"tic873 - Northgate Plaza {Northgate Associates, LLC}",evidenceOfInsurance,Evidence of Insurance,6ac20aae-5728-5d57-b364-aeba38527dba,Additional Requirements,2cdd866f-c9a4-576a-afd8-1d045762790c,The location must be listed as: 2814 N. Broadway Pittsburg KS 66762,,matchOnce,must be present,,,non_compliant,Block Requirements,,,true,0,,2026-08-16
"Block Real Estate Services, LLC",69fdf7b562446148bd85c484,69fded1c62446148bd849024,Ollie's Bargain Outlet Inc,69fdf211bf1df2fe9692fce4,"tic873 - Northgate Plaza {Northgate Associates, LLC}",evidenceOfInsurance,Evidence of Insurance,6ac20aae-5728-5d57-b364-aeba38527dba,Additional Requirements,3649e9d1-4e09-59bf-8f30-cb33c40cf117,"Certificate Holder must read: c/o Block Real Estate Services, LLC, 4622 Pennsylvania St., Suite 700, Kansas City, MO, 64112",,matchOnce,must be present,,,non_compliant,Block Requirements,,,true,0,,2026-08-16
"Block Real Estate Services, LLC",69fdf7b562446148bd85c485,69fded1d62446148bd84907e,"PetSense, LLC",69fdf211bf1df2fe9692fce4,"tic873 - Northgate Plaza {Northgate Associates, LLC}",evidenceOfInsurance,Evidence of Insurance,commercialGeneralLiability,Commercial General Liability,evidenceOfInsuranceCommercialGeneralLiabilityCoverageTriggerOccurrence,Coverage Trigger: Occurrence,,matchOnce,must be present,,,non_compliant,Block Requirements,,,false,0,,2026-08-16
"Block Real Estate Services, LLC",69fdf7b562446148bd85c485,69fded1d62446148bd84907e,"PetSense, LLC",69fdf211bf1df2fe9692fce4,"tic873 - Northgate Plaza {Northgate Associates, LLC}",evidenceOfInsurance,Evidence of Insurance,commercialGeneralLiability,Commercial General Liability,evidenceOfInsuranceCommercialGeneralLiabilityGeneralAggregateLimitAppliesPerLocation,General Aggregate Limit Applies per: Location,,matchOnce,must be present,,,non_compliant,Block Requirements,,,false,0,,2026-08-16
"Block Real Estate Services, LLC",69fdf7b562446148bd85c485,69fded1d62446148bd84907e,"PetSense, LLC",69fdf211bf1df2fe9692fce4,"tic873 - Northgate Plaza {Northgate Associates, LLC}",evidenceOfInsurance,Evidence of Insurance,commercialGeneralLiability,Commercial General Liability,evidenceOfInsuranceCommercialGeneralLiabilityEachOccurrence,Each Occurrence,,matchOnce,must be greater or equal to,1000000,,non_compliant,Block Requirements,,,false,0,,2026-08-16
"Block Real Estate Services, LLC",69fdf7b562446148bd85c485,69fded1d62446148bd84907e,"PetSense, LLC",69fdf211bf1df2fe9692fce4,"tic873 - Northgate Plaza {Northgate Associates, LLC}",evidenceOfInsurance,Evidence of Insurance,commercialGeneralLiability,Commercial General Liability,evidenceOfInsuranceCommercialGeneralLiabilityGeneralAggregate,General Aggregate,,matchOnce,must be greater or equal to,2000000,,non_compliant,Block Requirements,,,false,0,,2026-08-16
"Block Real Estate Services, LLC",69fdf7b562446148bd85c485,69fded1d62446148bd84907e,"PetSense, LLC",69fdf211bf1df2fe9692fce4,"tic873 - Northgate Plaza {Northgate Associates, LLC}",evidenceOfInsurance,Evidence of Insurance,commercialGeneralLiability,Commercial General Liability,evidenceOfInsuranceCommercialGeneralLiabilityWaiverOfSubrogationEndorsement,Waiver of Subrogation,"---prompt---
Determine if the insurer has waived their right of subrogation in favor of the certificate holder under the Commercial General Liability policy. Evidence may include: a checked ""Waiver of Subrogation"" box on the certificate, mention in the Description of Operations section stating ""waiver of subrogation applies"", or reference to form CG 24 04. Look for language like ""subrogation is waived"" or ""per written contract"".",matchOnce,must be present,,,non_compliant,Block Requirements,,,false,0,,2026-08-16
"Block Real Estate Services, LLC",69fdf7b562446148bd85c485,69fded1d62446148bd84907e,"PetSense, LLC",69fdf211bf1df2fe9692fce4,"tic873 - Northgate Plaza {Northgate Associates, LLC}",evidenceOfInsurance,Evidence of Insurance,excessOrUmbrellaLiability,Umbrella/Excess Liability,evidenceOfInsuranceExcessOrUmbrellaLiabilityOccurence,Coverage Trigger: Occurrence,,matchOnce,must be present,,,non_compliant,Block Requirements,,,false,0,,2026-08-16
"Block Real Estate Services, LLC",69fdf7b562446148bd85c485,69fded1d62446148bd84907e,"PetSense, LLC",69fdf211bf1df2fe9692fce4,"tic873 - Northgate Plaza {Northgate Associates, LLC}",evidenceOfInsurance,Evidence of Insurance,excessOrUmbrellaLiability,Umbrella/Excess Liability,evidenceOfInsuranceExcessOrUmbrellaLiabilityEachOccurrence,Each Occurrence,,matchOnce,must be greater or equal to,1000000,,non_compliant,Block Requirements,,,false,0,,2026-08-16
"Block Real Estate Services, LLC",69fdf7b562446148bd85c485,69fded1d62446148bd84907e,"PetSense, LLC",69fdf211bf1df2fe9692fce4,"tic873 - Northgate Plaza {Northgate Associates, LLC}",evidenceOfInsurance,Evidence of Insurance,excessOrUmbrellaLiability,Umbrella/Excess Liability,evidenceOfInsuranceExcessOrUmbrellaLiabilityAggregate,Aggregate,,matchOnce,must be greater or equal to,1000000,,non_compliant,Block Requirements,,,false,0,,2026-08-16
"Block Real Estate Services, LLC",69fdf7b562446148bd85c485,69fded1d62446148bd84907e,"PetSense, LLC",69fdf211bf1df2fe9692fce4,"tic873 - Northgate Plaza {Northgate Associates, LLC}",evidenceOfInsurance,Evidence of Insurance,workersCompensation,Workers' Compensation and Employer's Liability,evidenceOfInsuranceWorkersCompensationStatutoryLimits,Statutory Limits,,matchOnce,must be present,,,non_compliant,Block Requirements,,,false,0,,2026-08-16
"Block Real Estate Services, LLC",69fdf7b562446148bd85c485,69fded1d62446148bd84907e,"PetSense, LLC",69fdf211bf1df2fe9692fce4,"tic873 - Northgate Plaza {Northgate Associates, LLC}",evidenceOfInsurance,Evidence of Insurance,workersCompensation,Workers' Compensation and Employer's Liability,evidenceOfInsuranceWorkersCompensationEmployersLiabilityEachAccident,Employer's Liability Each Accident,,matchOnce,must be greater or equal to,500000,,non_compliant,Block Requirements,,,false,0,,2026-08-16
"Block Real Estate Services, LLC",69fdf7b562446148bd85c485,69fded1d62446148bd84907e,"PetSense, LLC",69fdf211bf1df2fe9692fce4,"tic873 - Northgate Plaza {Northgate Associates, LLC}",evidenceOfInsurance,Evidence of Insurance,workersCompensation,Workers' Compensation and Employer's Liability,evidenceOfInsuranceWorkersCompensationEmployersLiabilityDiseaseEachEmployee,Employer's Liability Disease - each employee,,matchOnce,must be greater or equal to,500000,,non_compliant,Block Requirements,,,false,0,,2026-08-16
"Block Real Estate Services, LLC",69fdf7b562446148bd85c485,69fded1d62446148bd84907e,"PetSense, LLC",69fdf211bf1df2fe9692fce4,"tic873 - Northgate Plaza {Northgate Associates, LLC}",evidenceOfInsurance,Evidence of Insurance,workersCompensation,Workers' Compensation and Employer's Liability,evidenceOfInsuranceWorkersCompensationEmployersLiabilityDiseasePolicyLimit,Employer's Liability Disease - policy limit,,matchOnce,must be greater or equal to,500000,,non_compliant,Block Requirements,,,false,0,,2026-08-16
"Block Real Estate Services, LLC",69fdf7b562446148bd85c485,69fded1d62446148bd84907e,"PetSense, LLC",69fdf211bf1df2fe9692fce4,"tic873 - Northgate Plaza {Northgate Associates, LLC}",evidenceOfInsurance,Evidence of Insurance,workersCompensation,Workers' Compensation and Employer's Liability,evidenceOfInsuranceWorkersCompensationWaiverOfSubrogationEndorsement,Waiver of Subrogation,"---prompt---
Determine if the insurer has waived their right of subrogation in favor of the certificate holder under the Workers' Compensation policy. Evidence may include: a checked ""Waiver of Subrogation"" box on the certificate, mention in the Description of Operations section stating ""waiver of subrogation applies"", or reference to form WC 00 03 13. Look for language like ""subrogation is waived"" or ""per written contract"".",matchOnce,must be present,,,non_compliant,Block Requirements,,,false,0,,2026-08-16
"Block Real Estate Services, LLC",69fdf7b562446148bd85c485,69fded1d62446148bd84907e,"PetSense, LLC",69fdf211bf1df2fe9692fce4,"tic873 - Northgate Plaza {Northgate Associates, LLC}",evidenceOfInsurance,Evidence of Insurance,6ac20aae-5728-5d57-b364-aeba38527dba,Additional Requirements,4da5b0f1-4c9d-5885-8cf8-5d3cccaed3e0,"Block Real Estate Services, LLC and all others required by contract are named as Additional Insureds","---prompt---
Determine if the Description of Operations or the Additional Remarks Schedule section states the ""Additional Insured as Construction Management, Inc. and all others required by contract"" or reference to blanket additional insured coverage. Look for language like ""certificate holder is additional insured"" or ""per written contract"".",matchOnce,must be present,,,non_compliant,Block Requirements,,,true,0,,2026-08-16
"Block Real Estate Services, LLC",69fdf7b562446148bd85c485,69fded1d62446148bd84907e,"PetSense, LLC",69fdf211bf1df2fe9692fce4,"tic873 - Northgate Plaza {Northgate Associates, LLC}",evidenceOfInsurance,Evidence of Insurance,6ac20aae-5728-5d57-b364-aeba38527dba,Additional Requirements,e1017741-e47e-5f58-97b8-fbc3043e919f,Umbrella follows form over General Liability,"---prompt---
Determine if the Umbrella/Excess Liability policy follows form to the underlying policies. Evidence may include: language in the Description of Operations section stating the umbrella follows form to underlying coverages or an additional page endorsement stating that it follows form. Follow form means the umbrella policy adopts the same terms, conditions, and exclusions as the underlying policies.",matchOnce,must be present,,,non_compliant,Block Requirements,,,true,0,,2026-08-16
"Block Real Estate Services, LLC",69fdf7b562446148bd85c485,69fded1d62446148bd84907e,"PetSense, LLC",69fdf211bf1df2fe9692fce4,"tic873 - Northgate Plaza {Northgate Associates, LLC}",evidenceOfInsurance,Evidence of Insurance,6ac20aae-5728-5d57-b364-aeba38527dba,Additional Requirements,2cdd866f-c9a4-576a-afd8-1d045762790c,The location must be listed as: 2806 N. Broadway Pittsburg KS 66762,,matchOnce,must be present,,,non_compliant,Block Requirements,,,true,0,,2026-08-16
"Block Real Estate Services, LLC",69fdf7b562446148bd85c485,69fded1d62446148bd84907e,"PetSense, LLC",69fdf211bf1df2fe9692fce4,"tic873 - Northgate Plaza {Northgate Associates, LLC}",evidenceOfInsurance,Evidence of Insurance,6ac20aae-5728-5d57-b364-aeba38527dba,Additional Requirements,3649e9d1-4e09-59bf-8f30-cb33c40cf117,"Certificate Holder must read: c/o Block Real Estate Services, LLC, 4622 Pennsylvania St., Suite 700, Kansas City, MO, 64112",,matchOnce,must be present,,,non_compliant,Block Requirements,,,true,0,,2026-08-16
"Block Real Estate Services, LLC",6a1de11468f8b1cfc37a6ad3,69fded1562446148bd848dc3,"Fresenius Medical Care - Pittsburg Midwest Dialysis / Fort Scott Regional Dialysis Center, Inc.",69fdf211bf1df2fe9692fce4,"tic873 - Northgate Plaza {Northgate Associates, LLC}",evidenceOfInsurance,Evidence of Insurance,commercialGeneralLiability,Commercial General Liability,evidenceOfInsuranceCommercialGeneralLiabilityCoverageTriggerOccurrence,Coverage Trigger: Occurrence,,matchOnce,must be present,,,non_compliant,Block Requirements,,,false,0,,2026-08-16
"Block Real Estate Services, LLC",6a1de11468f8b1cfc37a6ad3,69fded1562446148bd848dc3,"Fresenius Medical Care - Pittsburg Midwest Dialysis / Fort Scott Regional Dialysis Center, Inc.",69fdf211bf1df2fe9692fce4,"tic873 - Northgate Plaza {Northgate Associates, LLC}",evidenceOfInsurance,Evidence of Insurance,commercialGeneralLiability,Commercial General Liability,evidenceOfInsuranceCommercialGeneralLiabilityGeneralAggregateLimitAppliesPerLocation,General Aggregate Limit Applies per: Location,,matchOnce,must be present,,,non_compliant,Block Requirements,,,false,0,,2026-08-16
"Block Real Estate Services, LLC",6a1de11468f8b1cfc37a6ad3,69fded1562446148bd848dc3,"Fresenius Medical Care - Pittsburg Midwest Dialysis / Fort Scott Regional Dialysis Center, Inc.",69fdf211bf1df2fe9692fce4,"tic873 - Northgate Plaza {Northgate Associates, LLC}",evidenceOfInsurance,Evidence of Insurance,commercialGeneralLiability,Commercial General Liability,evidenceOfInsuranceCommercialGeneralLiabilityEachOccurrence,Each Occurrence,,matchOnce,must be greater or equal to,1000000,,non_compliant,Block Requirements,,,false,0,,2026-08-16
"Block Real Estate Services, LLC",6a1de11468f8b1cfc37a6ad3,69fded1562446148bd848dc3,"Fresenius Medical Care - Pittsburg Midwest Dialysis / Fort Scott Regional Dialysis Center, Inc.",69fdf211bf1df2fe9692fce4,"tic873 - Northgate Plaza {Northgate Associates, LLC}",evidenceOfInsurance,Evidence of Insurance,commercialGeneralLiability,Commercial General Liability,evidenceOfInsuranceCommercialGeneralLiabilityGeneralAggregate,General Aggregate,,matchOnce,must be greater or equal to,2000000,,non_compliant,Block Requirements,,,false,0,,2026-08-16
"Block Real Estate Services, LLC",6a1de11468f8b1cfc37a6ad3,69fded1562446148bd848dc3,"Fresenius Medical Care - Pittsburg Midwest Dialysis / Fort Scott Regional Dialysis Center, Inc.",69fdf211bf1df2fe9692fce4,"tic873 - Northgate Plaza {Northgate Associates, LLC}",evidenceOfInsurance,Evidence of Insurance,commercialGeneralLiability,Commercial General Liability,evidenceOfInsuranceCommercialGeneralLiabilityWaiverOfSubrogationEndorsement,Waiver of Subrogation,"---prompt---
Determine if the insurer has waived their right of subrogation in favor of the certificate holder under the Commercial General Liability policy. Evidence may include: a checked ""Waiver of Subrogation"" box on the certificate, mention in the Description of Operations section stating ""waiver of subrogation applies"", or reference to form CG 24 04. Look for language like ""subrogation is waived"" or ""per written contract"".",matchOnce,must be present,,,non_compliant,Block Requirements,,,false,0,,2026-08-16
"Block Real Estate Services, LLC",6a1de11468f8b1cfc37a6ad3,69fded1562446148bd848dc3,"Fresenius Medical Care - Pittsburg Midwest Dialysis / Fort Scott Regional Dialysis Center, Inc.",69fdf211bf1df2fe9692fce4,"tic873 - Northgate Plaza {Northgate Associates, LLC}",evidenceOfInsurance,Evidence of Insurance,excessOrUmbrellaLiability,Umbrella/Excess Liability,evidenceOfInsuranceExcessOrUmbrellaLiabilityOccurence,Coverage Trigger: Occurrence,,matchOnce,must be present,,,non_compliant,Block Requirements,,,false,0,,2026-08-16
"Block Real Estate Services, LLC",6a1de11468f8b1cfc37a6ad3,69fded1562446148bd848dc3,"Fresenius Medical Care - Pittsburg Midwest Dialysis / Fort Scott Regional Dialysis Center, Inc.",69fdf211bf1df2fe9692fce4,"tic873 - Northgate Plaza {Northgate Associates, LLC}",evidenceOfInsurance,Evidence of Insurance,excessOrUmbrellaLiability,Umbrella/Excess Liability,evidenceOfInsuranceExcessOrUmbrellaLiabilityEachOccurrence,Each Occurrence,,matchOnce,must be greater or equal to,1000000,,non_compliant,Block Requirements,,,false,0,,2026-08-16
"Block Real Estate Services, LLC",6a1de11468f8b1cfc37a6ad3,69fded1562446148bd848dc3,"Fresenius Medical Care - Pittsburg Midwest Dialysis / Fort Scott Regional Dialysis Center, Inc.",69fdf211bf1df2fe9692fce4,"tic873 - Northgate Plaza {Northgate Associates, LLC}",evidenceOfInsurance,Evidence of Insurance,excessOrUmbrellaLiability,Umbrella/Excess Liability,evidenceOfInsuranceExcessOrUmbrellaLiabilityAggregate,Aggregate,,matchOnce,must be greater or equal to,1000000,,non_compliant,Block Requirements,,,false,0,,2026-08-16
"Block Real Estate Services, LLC",6a1de11468f8b1cfc37a6ad3,69fded1562446148bd848dc3,"Fresenius Medical Care - Pittsburg Midwest Dialysis / Fort Scott Regional Dialysis Center, Inc.",69fdf211bf1df2fe9692fce4,"tic873 - Northgate Plaza {Northgate Associates, LLC}",evidenceOfInsurance,Evidence of Insurance,workersCompensation,Workers' Compensation and Employer's Liability,evidenceOfInsuranceWorkersCompensationStatutoryLimits,Statutory Limits,,matchOnce,must be present,,,non_compliant,Block Requirements,,,false,0,,2026-08-16
"Block Real Estate Services, LLC",6a1de11468f8b1cfc37a6ad3,69fded1562446148bd848dc3,"Fresenius Medical Care - Pittsburg Midwest Dialysis / Fort Scott Regional Dialysis Center, Inc.",69fdf211bf1df2fe9692fce4,"tic873 - Northgate Plaza {Northgate Associates, LLC}",evidenceOfInsurance,Evidence of Insurance,workersCompensation,Workers' Compensation and Employer's Liability,evidenceOfInsuranceWorkersCompensationEmployersLiabilityEachAccident,Employer's Liability Each Accident,,matchOnce,must be greater or equal to,500000,,non_compliant,Block Requirements,,,false,0,,2026-08-16
"Block Real Estate Services, LLC",6a1de11468f8b1cfc37a6ad3,69fded1562446148bd848dc3,"Fresenius Medical Care - Pittsburg Midwest Dialysis / Fort Scott Regional Dialysis Center, Inc.",69fdf211bf1df2fe9692fce4,"tic873 - Northgate Plaza {Northgate Associates, LLC}",evidenceOfInsurance,Evidence of Insurance,workersCompensation,Workers' Compensation and Employer's Liability,evidenceOfInsuranceWorkersCompensationEmployersLiabilityDiseaseEachEmployee,Employer's Liability Disease - each employee,,matchOnce,must be greater or equal to,500000,,non_compliant,Block Requirements,,,false,0,,2026-08-16
"Block Real Estate Services, LLC",6a1de11468f8b1cfc37a6ad3,69fded1562446148bd848dc3,"Fresenius Medical Care - Pittsburg Midwest Dialysis / Fort Scott Regional Dialysis Center, Inc.",69fdf211bf1df2fe9692fce4,"tic873 - Northgate Plaza {Northgate Associates, LLC}",evidenceOfInsurance,Evidence of Insurance,workersCompensation,Workers' Compensation and Employer's Liability,evidenceOfInsuranceWorkersCompensationEmployersLiabilityDiseasePolicyLimit,Employer's Liability Disease - policy limit,,matchOnce,must be greater or equal to,500000,,non_compliant,Block Requirements,,,false,0,,2026-08-16
"Block Real Estate Services, LLC",6a1de11468f8b1cfc37a6ad3,69fded1562446148bd848dc3,"Fresenius Medical Care - Pittsburg Midwest Dialysis / Fort Scott Regional Dialysis Center, Inc.",69fdf211bf1df2fe9692fce4,"tic873 - Northgate Plaza {Northgate Associates, LLC}",evidenceOfInsurance,Evidence of Insurance,workersCompensation,Workers' Compensation and Employer's Liability,evidenceOfInsuranceWorkersCompensationWaiverOfSubrogationEndorsement,Waiver of Subrogation,"---prompt---
Determine if the insurer has waived their right of subrogation in favor of the certificate holder under the Workers' Compensation policy. Evidence may include: a checked ""Waiver of Subrogation"" box on the certificate, mention in the Description of Operations section stating ""waiver of subrogation applies"", or reference to form WC 00 03 13. Look for language like ""subrogation is waived"" or ""per written contract"".",matchOnce,must be present,,,non_compliant,Block Requirements,,,false,0,,2026-08-16
"Block Real Estate Services, LLC",6a1de11468f8b1cfc37a6ad3,69fded1562446148bd848dc3,"Fresenius Medical Care - Pittsburg Midwest Dialysis / Fort Scott Regional Dialysis Center, Inc.",69fdf211bf1df2fe9692fce4,"tic873 - Northgate Plaza {Northgate Associates, LLC}",evidenceOfInsurance,Evidence of Insurance,6ac20aae-5728-5d57-b364-aeba38527dba,Additional Requirements,4da5b0f1-4c9d-5885-8cf8-5d3cccaed3e0,"Block Real Estate Services, LLC and all others required by contract are named as Additional Insureds","---prompt---
Determine if the Description of Operations or the Additional Remarks Schedule section states the ""Additional Insured as Construction Management, Inc. and all others required by contract"" or reference to blanket additional insured coverage. Look for language like ""certificate holder is additional insured"" or ""per written contract"".",matchOnce,must be present,,,non_compliant,Block Requirements,,,true,0,,2026-08-16
"Block Real Estate Services, LLC",6a1de11468f8b1cfc37a6ad3,69fded1562446148bd848dc3,"Fresenius Medical Care - Pittsburg Midwest Dialysis / Fort Scott Regional Dialysis Center, Inc.",69fdf211bf1df2fe9692fce4,"tic873 - Northgate Plaza {Northgate Associates, LLC}",evidenceOfInsurance,Evidence of Insurance,6ac20aae-5728-5d57-b364-aeba38527dba,Additional Requirements,e1017741-e47e-5f58-97b8-fbc3043e919f,Umbrella follows form over General Liability,"---prompt---
Determine if the Umbrella/Excess Liability policy follows form to the underlying policies. Evidence may include: language in the Description of Operations section stating the umbrella follows form to underlying coverages or an additional page endorsement stating that it follows form. Follow form means the umbrella policy adopts the same terms, conditions, and exclusions as the underlying policies.",matchOnce,must be present,,,non_compliant,Block Requirements,,,true,0,,2026-08-16
"Block Real Estate Services, LLC",6a1de11468f8b1cfc37a6ad3,69fded1562446148bd848dc3,"Fresenius Medical Care - Pittsburg Midwest Dialysis / Fort Scott Regional Dialysis Center, Inc.",69fdf211bf1df2fe9692fce4,"tic873 - Northgate Plaza {Northgate Associates, LLC}",evidenceOfInsurance,Evidence of Insurance,6ac20aae-5728-5d57-b364-aeba38527dba,Additional Requirements,2cdd866f-c9a4-576a-afd8-1d045762790c,The location must be listed as: 2824 N. Broadway Pittsburg KS 66762,,matchOnce,must be present,,,non_compliant,Block Requirements,,,true,0,,2026-08-16
"Block Real Estate Services, LLC",6a1de11468f8b1cfc37a6ad3,69fded1562446148bd848dc3,"Fresenius Medical Care - Pittsburg Midwest Dialysis / Fort Scott Regional Dialysis Center, Inc.",69fdf211bf1df2fe9692fce4,"tic873 - Northgate Plaza {Northgate Associates, LLC}",evidenceOfInsurance,Evidence of Insurance,6ac20aae-5728-5d57-b364-aeba38527dba,Additional Requirements,3649e9d1-4e09-59bf-8f30-cb33c40cf117,"Certificate Holder must read: c/o Block Real Estate Services, LLC, 4622 Pennsylvania St., Suite 700, Kansas City, MO, 64112",,matchOnce,must be present,,,non_compliant,Block Requirements,,,true,0,,2026-08-16
"Block Real Estate Services, LLC",69fdf78062446148bd8587ef,69fded0f62446148bd848bdd,"Pepper Jax Grill / Belton North Cass, LLC",69fdf0ad0bb484cab513d40c,"ncd054 - North Cass Shopping Center {North Cass Development, LLC}",evidenceOfInsurance,Evidence of Insurance,commercialGeneralLiability,Commercial General Liability,evidenceOfInsuranceCommercialGeneralLiabilityCoverageTriggerOccurrence,Coverage Trigger: Occurrence,,matchOnce,must be present,,Present,compliant,Block Requirements,,,false,1,,2026-08-16
"Block Real Estate Services, LLC",69fdf78062446148bd8587ef,69fded0f62446148bd848bdd,"Pepper Jax Grill / Belton North Cass, LLC",69fdf0ad0bb484cab513d40c,"ncd054 - North Cass Shopping Center {North Cass Development, LLC}",evidenceOfInsurance,Evidence of Insurance,commercialGeneralLiability,Commercial General Liability,evidenceOfInsuranceCommercialGeneralLiabilityGeneralAggregateLimitAppliesPerLocation,General Aggregate Limit Applies per: Location,,matchOnce,must be present,,,non_compliant,Block Requirements,,,false,0,,2026-08-16
"Block Real Estate Services, LLC",69fdf78062446148bd8587ef,69fded0f62446148bd848bdd,"Pepper Jax Grill / Belton North Cass, LLC",69fdf0ad0bb484cab513d40c,"ncd054 - North Cass Shopping Center {North Cass Development, LLC}",evidenceOfInsurance,Evidence of Insurance,commercialGeneralLiability,Commercial General Liability,evidenceOfInsuranceCommercialGeneralLiabilityEachOccurrence,Each Occurrence,,matchOnce,must be greater or equal to,1000000,1000000,compliant,Block Requirements,,,false,2,,2026-08-16
"Block Real Estate Services, LLC",69fdf78062446148bd8587ef,69fded0f62446148bd848bdd,"Pepper Jax Grill / Belton North Cass, LLC",69fdf0ad0bb484cab513d40c,"ncd054 - North Cass Shopping Center {North Cass Development, LLC}",evidenceOfInsurance,Evidence of Insurance,commercialGeneralLiability,Commercial General Liability,evidenceOfInsuranceCommercialGeneralLiabilityGeneralAggregate,General Aggregate,,matchOnce,must be greater or equal to,2000000,2000000,compliant,Block Requirements,,,false,2,,2026-08-16
"Block Real Estate Services, LLC",69fdf78062446148bd8587ef,69fded0f62446148bd848bdd,"Pepper Jax Grill / Belton North Cass, LLC",69fdf0ad0bb484cab513d40c,"ncd054 - North Cass Shopping Center {North Cass Development, LLC}",evidenceOfInsurance,Evidence of Insurance,commercialGeneralLiability,Commercial General Liability,evidenceOfInsuranceCommercialGeneralLiabilityWaiverOfSubrogationEndorsement,Waiver of Subrogation,"---prompt---
Determine if the insurer has waived their right of subrogation in favor of the certificate holder under the Commercial General Liability policy. Evidence may include: a checked ""Waiver of Subrogation"" box on the certificate, mention in the Description of Operations section stating ""waiver of subrogation applies"", or reference to form CG 24 04. Look for language like ""subrogation is waived"" or ""per written contract"".",matchOnce,must be present,,Present,compliant,Block Requirements,,,false,2,,2026-08-16
"Block Real Estate Services, LLC",69fdf78062446148bd8587ef,69fded0f62446148bd848bdd,"Pepper Jax Grill / Belton North Cass, LLC",69fdf0ad0bb484cab513d40c,"ncd054 - North Cass Shopping Center {North Cass Development, LLC}",evidenceOfInsurance,Evidence of Insurance,excessOrUmbrellaLiability,Umbrella/Excess Liability,evidenceOfInsuranceExcessOrUmbrellaLiabilityOccurence,Coverage Trigger: Occurrence,,matchOnce,must be present,,Present,compliant,Block Requirements,,,false,2,,2026-08-16
"Block Real Estate Services, LLC",69fdf78062446148bd8587ef,69fded0f62446148bd848bdd,"Pepper Jax Grill / Belton North Cass, LLC",69fdf0ad0bb484cab513d40c,"ncd054 - North Cass Shopping Center {North Cass Development, LLC}",evidenceOfInsurance,Evidence of Insurance,excessOrUmbrellaLiability,Umbrella/Excess Liability,evidenceOfInsuranceExcessOrUmbrellaLiabilityEachOccurrence,Each Occurrence,,matchOnce,must be greater or equal to,1000000,10000000,compliant,Block Requirements,,,false,2,,2026-08-16
"Block Real Estate Services, LLC",69fdf78062446148bd8587ef,69fded0f62446148bd848bdd,"Pepper Jax Grill / Belton North Cass, LLC",69fdf0ad0bb484cab513d40c,"ncd054 - North Cass Shopping Center {North Cass Development, LLC}",evidenceOfInsurance,Evidence of Insurance,excessOrUmbrellaLiability,Umbrella/Excess Liability,evidenceOfInsuranceExcessOrUmbrellaLiabilityAggregate,Aggregate,,matchOnce,must be greater or equal to,1000000,10000000,compliant,Block Requirements,,,false,2,,2026-08-16
"Block Real Estate Services, LLC",69fdf78062446148bd8587ef,69fded0f62446148bd848bdd,"Pepper Jax Grill / Belton North Cass, LLC",69fdf0ad0bb484cab513d40c,"ncd054 - North Cass Shopping Center {North Cass Development, LLC}",evidenceOfInsurance,Evidence of Insurance,workersCompensation,Workers' Compensation and Employer's Liability,evidenceOfInsuranceWorkersCompensationStatutoryLimits,Statutory Limits,,matchOnce,must be present,,Present,compliant,Block Requirements,,,false,2,,2026-08-16
"Block Real Estate Services, LLC",69fdf78062446148bd8587ef,69fded0f62446148bd848bdd,"Pepper Jax Grill / Belton North Cass, LLC",69fdf0ad0bb484cab513d40c,"ncd054 - North Cass Shopping Center {North Cass Development, LLC}",evidenceOfInsurance,Evidence of Insurance,workersCompensation,Workers' Compensation and Employer's Liability,evidenceOfInsuranceWorkersCompensationEmployersLiabilityEachAccident,Employer's Liability Each Accident,,matchOnce,must be greater or equal to,500000,500000,compliant,Block Requirements,,,false,2,,2026-08-16
"Block Real Estate Services, LLC",69fdf78062446148bd8587ef,69fded0f62446148bd848bdd,"Pepper Jax Grill / Belton North Cass, LLC",69fdf0ad0bb484cab513d40c,"ncd054 - North Cass Shopping Center {North Cass Development, LLC}",evidenceOfInsurance,Evidence of Insurance,workersCompensation,Workers' Compensation and Employer's Liability,evidenceOfInsuranceWorkersCompensationEmployersLiabilityDiseaseEachEmployee,Employer's Liability Disease - each employee,,matchOnce,must be greater or equal to,500000,500000,compliant,Block Requirements,,,false,2,,2026-08-16
"Block Real Estate Services, LLC",69fdf78062446148bd8587ef,69fded0f62446148bd848bdd,"Pepper Jax Grill / Belton North Cass, LLC",69fdf0ad0bb484cab513d40c,"ncd054 - North Cass Shopping Center {North Cass Development, LLC}",evidenceOfInsurance,Evidence of Insurance,workersCompensation,Workers' Compensation and Employer's Liability,evidenceOfInsuranceWorkersCompensationEmployersLiabilityDiseasePolicyLimit,Employer's Liability Disease - policy limit,,matchOnce,must be greater or equal to,500000,500000,compliant,Block Requirements,,,false,2,,2026-08-16
"Block Real Estate Services, LLC",69fdf78062446148bd8587ef,69fded0f62446148bd848bdd,"Pepper Jax Grill / Belton North Cass, LLC",69fdf0ad0bb484cab513d40c,"ncd054 - North Cass Shopping Center {North Cass Development, LLC}",evidenceOfInsurance,Evidence of Insurance,workersCompensation,Workers' Compensation and Employer's Liability,evidenceOfInsuranceWorkersCompensationWaiverOfSubrogationEndorsement,Waiver of Subrogation,"---prompt---
Determine if the insurer has waived their right of subrogation in favor of the certificate holder under the Workers' Compensation policy. Evidence may include: a checked ""Waiver of Subrogation"" box on the certificate, mention in the Description of Operations section stating ""waiver of subrogation applies"", or reference to form WC 00 03 13. Look for language like ""subrogation is waived"" or ""per written contract"".",matchOnce,must be present,,,non_compliant,Block Requirements,,,false,0,,2026-08-16
"Block Real Estate Services, LLC",69fdf78062446148bd8587ef,69fded0f62446148bd848bdd,"Pepper Jax Grill / Belton North Cass, LLC",69fdf0ad0bb484cab513d40c,"ncd054 - North Cass Shopping Center {North Cass Development, LLC}",evidenceOfInsurance,Evidence of Insurance,6ac20aae-5728-5d57-b364-aeba38527dba,Additional Requirements,4da5b0f1-4c9d-5885-8cf8-5d3cccaed3e0,"Block Real Estate Services, LLC and all others required by contract are named as Additional Insureds","---prompt---
Determine if the Description of Operations or the Additional Remarks Schedule section states the ""Additional Insured as Construction Management, Inc. and all others required by contract"" or reference to blanket additional insured coverage. Look for language like ""certificate holder is additional insured"" or ""per written contract"".",matchOnce,must be present,,Present,compliant,Block Requirements,,,true,2,,2026-08-16
"Block Real Estate Services, LLC",69fdf78062446148bd8587ef,69fded0f62446148bd848bdd,"Pepper Jax Grill / Belton North Cass, LLC",69fdf0ad0bb484cab513d40c,"ncd054 - North Cass Shopping Center {North Cass Development, LLC}",evidenceOfInsurance,Evidence of Insurance,6ac20aae-5728-5d57-b364-aeba38527dba,Additional Requirements,e1017741-e47e-5f58-97b8-fbc3043e919f,Umbrella follows form over General Liability,"---prompt---
Determine if the Umbrella/Excess Liability policy follows form to the underlying policies. Evidence may include: language in the Description of Operations section stating the umbrella follows form to underlying coverages or an additional page endorsement stating that it follows form. Follow form means the umbrella policy adopts the same terms, conditions, and exclusions as the underlying policies.",matchOnce,must be present,,Present,compliant,Block Requirements,,,true,1,,2026-08-16
"Block Real Estate Services, LLC",69fdf78062446148bd8587ef,69fded0f62446148bd848bdd,"Pepper Jax Grill / Belton North Cass, LLC",69fdf0ad0bb484cab513d40c,"ncd054 - North Cass Shopping Center {North Cass Development, LLC}",evidenceOfInsurance,Evidence of Insurance,6ac20aae-5728-5d57-b364-aeba38527dba,Additional Requirements,2cdd866f-c9a4-576a-afd8-1d045762790c,The location must be listed as: 1727 E. North Avenue Belton MO 64012,,matchOnce,must be present,,Present,compliant,Block Requirements,,,true,1,,2026-08-16
"Block Real Estate Services, LLC",69fdf78062446148bd8587ef,69fded0f62446148bd848bdd,"Pepper Jax Grill / Belton North Cass, LLC",69fdf0ad0bb484cab513d40c,"ncd054 - North Cass Shopping Center {North Cass Development, LLC}",evidenceOfInsurance,Evidence of Insurance,6ac20aae-5728-5d57-b364-aeba38527dba,Additional Requirements,3649e9d1-4e09-59bf-8f30-cb33c40cf117,"Certificate Holder must read: c/o Block Real Estate Services, LLC, 4622 Pennsylvania St., Suite 700, Kansas City, MO, 64112",,matchOnce,must be present,,Present,compliant,Block Requirements,,,true,2,,2026-08-16
"Block Real Estate Services, LLC",69fdf78062446148bd8587f0,69fded1062446148bd848c49,Cass County Public Library,69fdf0ad0bb484cab513d40c,"ncd054 - North Cass Shopping Center {North Cass Development, LLC}",evidenceOfInsurance,Evidence of Insurance,commercialGeneralLiability,Commercial General Liability,evidenceOfInsuranceCommercialGeneralLiabilityCoverageTriggerOccurrence,Coverage Trigger: Occurrence,,matchOnce,must be present,,Present,compliant,Block Requirements,,,false,1,,2026-08-16
"Block Real Estate Services, LLC",69fdf78062446148bd8587f0,69fded1062446148bd848c49,Cass County Public Library,69fdf0ad0bb484cab513d40c,"ncd054 - North Cass Shopping Center {North Cass Development, LLC}",evidenceOfInsurance,Evidence of Insurance,commercialGeneralLiability,Commercial General Liability,evidenceOfInsuranceCommercialGeneralLiabilityGeneralAggregateLimitAppliesPerLocation,General Aggregate Limit Applies per: Location,,matchOnce,must be present,,Present,compliant,Block Requirements,,,false,1,,2026-08-16
"Block Real Estate Services, LLC",69fdf78062446148bd8587f0,69fded1062446148bd848c49,Cass County Public Library,69fdf0ad0bb484cab513d40c,"ncd054 - North Cass Shopping Center {North Cass Development, LLC}",evidenceOfInsurance,Evidence of Insurance,commercialGeneralLiability,Commercial General Liability,evidenceOfInsuranceCommercialGeneralLiabilityEachOccurrence,Each Occurrence,,matchOnce,must be greater or equal to,1000000,1000000,compliant,Block Requirements,,,false,1,,2026-08-16
"Block Real Estate Services, LLC",69fdf78062446148bd8587f0,69fded1062446148bd848c49,Cass County Public Library,69fdf0ad0bb484cab513d40c,"ncd054 - North Cass Shopping Center {North Cass Development, LLC}",evidenceOfInsurance,Evidence of Insurance,commercialGeneralLiability,Commercial General Liability,evidenceOfInsuranceCommercialGeneralLiabilityGeneralAggregate,General Aggregate,,matchOnce,must be greater or equal to,2000000,2000000,compliant,Block Requirements,,,false,1,,2026-08-16
"Block Real Estate Services, LLC",69fdf78062446148bd8587f0,69fded1062446148bd848c49,Cass County Public Library,69fdf0ad0bb484cab513d40c,"ncd054 - North Cass Shopping Center {North Cass Development, LLC}",evidenceOfInsurance,Evidence of Insurance,commercialGeneralLiability,Commercial General Liability,evidenceOfInsuranceCommercialGeneralLiabilityWaiverOfSubrogationEndorsement,Waiver of Subrogation,"---prompt---
Determine if the insurer has waived their right of subrogation in favor of the certificate holder under the Commercial General Liability policy. Evidence may include: a checked ""Waiver of Subrogation"" box on the certificate, mention in the Description of Operations section stating ""waiver of subrogation applies"", or reference to form CG 24 04. Look for language like ""subrogation is waived"" or ""per written contract"".",matchOnce,must be present,,Present,compliant,Block Requirements,,,false,1,,2026-08-16
"Block Real Estate Services, LLC",69fdf78062446148bd8587f0,69fded1062446148bd848c49,Cass County Public Library,69fdf0ad0bb484cab513d40c,"ncd054 - North Cass Shopping Center {North Cass Development, LLC}",evidenceOfInsurance,Evidence of Insurance,excessOrUmbrellaLiability,Umbrella/Excess Liability,evidenceOfInsuranceExcessOrUmbrellaLiabilityOccurence,Coverage Trigger: Occurrence,,matchOnce,must be present,,Present,compliant,Block Requirements,,,false,1,,2026-08-16
"Block Real Estate Services, LLC",69fdf78062446148bd8587f0,69fded1062446148bd848c49,Cass County Public Library,69fdf0ad0bb484cab513d40c,"ncd054 - North Cass Shopping Center {North Cass Development, LLC}",evidenceOfInsurance,Evidence of Insurance,excessOrUmbrellaLiability,Umbrella/Excess Liability,evidenceOfInsuranceExcessOrUmbrellaLiabilityEachOccurrence,Each Occurrence,,matchOnce,must be greater or equal to,1000000,2000000,compliant,Block Requirements,,,false,1,,2026-08-16
"Block Real Estate Services, LLC",69fdf78062446148bd8587f0,69fded1062446148bd848c49,Cass County Public Library,69fdf0ad0bb484cab513d40c,"ncd054 - North Cass Shopping Center {North Cass Development, LLC}",evidenceOfInsurance,Evidence of Insurance,excessOrUmbrellaLiability,Umbrella/Excess Liability,evidenceOfInsuranceExcessOrUmbrellaLiabilityAggregate,Aggregate,,matchOnce,must be greater or equal to,1000000,2000000,compliant,Block Requirements,,,false,1,,2026-08-16
"Block Real Estate Services, LLC",69fdf78062446148bd8587f0,69fded1062446148bd848c49,Cass County Public Library,69fdf0ad0bb484cab513d40c,"ncd054 - North Cass Shopping Center {North Cass Development, LLC}",evidenceOfInsurance,Evidence of Insurance,workersCompensation,Workers' Compensation and Employer's Liability,evidenceOfInsuranceWorkersCompensationStatutoryLimits,Statutory Limits,,matchOnce,must be present,,Present,compliant,Block Requirements,,,false,1,,2026-08-16
"Block Real Estate Services, LLC",69fdf78062446148bd8587f0,69fded1062446148bd848c49,Cass County Public Library,69fdf0ad0bb484cab513d40c,"ncd054 - North Cass Shopping Center {North Cass Development, LLC}",evidenceOfInsurance,Evidence of Insurance,workersCompensation,Workers' Compensation and Employer's Liability,evidenceOfInsuranceWorkersCompensationEmployersLiabilityEachAccident,Employer's Liability Each Accident,,matchOnce,must be greater or equal to,500000,1000000,compliant,Block Requirements,,,false,1,,2026-08-16
"Block Real Estate Services, LLC",69fdf78062446148bd8587f0,69fded1062446148bd848c49,Cass County Public Library,69fdf0ad0bb484cab513d40c,"ncd054 - North Cass Shopping Center {North Cass Development, LLC}",evidenceOfInsurance,Evidence of Insurance,workersCompensation,Workers' Compensation and Employer's Liability,evidenceOfInsuranceWorkersCompensationEmployersLiabilityDiseaseEachEmployee,Employer's Liability Disease - each employee,,matchOnce,must be greater or equal to,500000,1000000,compliant,Block Requirements,,,false,1,,2026-08-16
"Block Real Estate Services, LLC",69fdf78062446148bd8587f0,69fded1062446148bd848c49,Cass County Public Library,69fdf0ad0bb484cab513d40c,"ncd054 - North Cass Shopping Center {North Cass Development, LLC}",evidenceOfInsurance,Evidence of Insurance,workersCompensation,Workers' Compensation and Employer's Liability,evidenceOfInsuranceWorkersCompensationEmployersLiabilityDiseasePolicyLimit,Employer's Liability Disease - policy limit,,matchOnce,must be greater or equal to,500000,1000000,compliant,Block Requirements,,,false,1,,2026-08-16
"Block Real Estate Services, LLC",69fdf78062446148bd8587f0,69fded1062446148bd848c49,Cass County Public Library,69fdf0ad0bb484cab513d40c,"ncd054 - North Cass Shopping Center {North Cass Development, LLC}",evidenceOfInsurance,Evidence of Insurance,workersCompensation,Workers' Compensation and Employer's Liability,evidenceOfInsuranceWorkersCompensationWaiverOfSubrogationEndorsement,Waiver of Subrogation,"---prompt---
Determine if the insurer has waived their right of subrogation in favor of the certificate holder under the Workers' Compensation policy. Evidence may include: a checked ""Waiver of Subrogation"" box on the certificate, mention in the Description of Operations section stating ""waiver of subrogation applies"", or reference to form WC 00 03 13. Look for language like ""subrogation is waived"" or ""per written contract"".",matchOnce,must be present,,,waived,Block Requirements,WoS for WC not available in the state of MO,,false,0,,2026-08-16
"Block Real Estate Services, LLC",69fdf78062446148bd8587f0,69fded1062446148bd848c49,Cass County Public Library,69fdf0ad0bb484cab513d40c,"ncd054 - North Cass Shopping Center {North Cass Development, LLC}",evidenceOfInsurance,Evidence of Insurance,6ac20aae-5728-5d57-b364-aeba38527dba,Additional Requirements,4da5b0f1-4c9d-5885-8cf8-5d3cccaed3e0,"Block Real Estate Services, LLC and all others required by contract are named as Additional Insureds","---prompt---
Determine if the Description of Operations or the Additional Remarks Schedule section states the ""Additional Insured as Construction Management, Inc. and all others required by contract"" or reference to blanket additional insured coverage. Look for language like ""certificate holder is additional insured"" or ""per written contract"".",matchOnce,must be present,,Present,compliant,Block Requirements,,,true,1,,2026-08-16
"Block Real Estate Services, LLC",69fdf78062446148bd8587f0,69fded1062446148bd848c49,Cass County Public Library,69fdf0ad0bb484cab513d40c,"ncd054 - North Cass Shopping Center {North Cass Development, LLC}",evidenceOfInsurance,Evidence of Insurance,6ac20aae-5728-5d57-b364-aeba38527dba,Additional Requirements,e1017741-e47e-5f58-97b8-fbc3043e919f,Umbrella follows form over General Liability,"---prompt---
Determine if the Umbrella/Excess Liability policy follows form to the underlying policies. Evidence may include: language in the Description of Operations section stating the umbrella follows form to underlying coverages or an additional page endorsement stating that it follows form. Follow form means the umbrella policy adopts the same terms, conditions, and exclusions as the underlying policies.",matchOnce,must be present,,Present,compliant,Block Requirements,,,true,1,,2026-08-16
"Block Real Estate Services, LLC",69fdf78062446148bd8587f0,69fded1062446148bd848c49,Cass County Public Library,69fdf0ad0bb484cab513d40c,"ncd054 - North Cass Shopping Center {North Cass Development, LLC}",evidenceOfInsurance,Evidence of Insurance,6ac20aae-5728-5d57-b364-aeba38527dba,Additional Requirements,2cdd866f-c9a4-576a-afd8-1d045762790c,The location must be listed as: 1741 E. North Avenue Belton MO 64012,,matchOnce,must be present,,Present,compliant,Block Requirements,,,true,1,,2026-08-16
"Block Real Estate Services, LLC",69fdf78062446148bd8587f0,69fded1062446148bd848c49,Cass County Public Library,69fdf0ad0bb484cab513d40c,"ncd054 - North Cass Shopping Center {North Cass Development, LLC}",evidenceOfInsurance,Evidence of Insurance,6ac20aae-5728-5d57-b364-aeba38527dba,Additional Requirements,3649e9d1-4e09-59bf-8f30-cb33c40cf117,"Certificate Holder must read: c/o Block Real Estate Services, LLC, 4622 Pennsylvania St., Suite 700, Kansas City, MO, 64112",,matchOnce,must be present,,Present,compliant,Block Requirements,,,true,1,,2026-08-16
"Block Real Estate Services, LLC",69fdf78062446148bd8587f6,69fded1f62446148bd8490f0,"Remax Real Estate / Harry C. Meierarend, III",69fdf0ad0bb484cab513d40c,"ncd054 - North Cass Shopping Center {North Cass Development, LLC}",evidenceOfInsurance,Evidence of Insurance,commercialGeneralLiability,Commercial General Liability,evidenceOfInsuranceCommercialGeneralLiabilityCoverageTriggerOccurrence,Coverage Trigger: Occurrence,,matchOnce,must be present,,,non_compliant,Block Requirements,,,false,0,,2026-08-16
"Block Real Estate Services, LLC",69fdf78062446148bd8587f6,69fded1f62446148bd8490f0,"Remax Real Estate / Harry C. Meierarend, III",69fdf0ad0bb484cab513d40c,"ncd054 - North Cass Shopping Center {North Cass Development, LLC}",evidenceOfInsurance,Evidence of Insurance,commercialGeneralLiability,Commercial General Liability,evidenceOfInsuranceCommercialGeneralLiabilityGeneralAggregateLimitAppliesPerLocation,General Aggregate Limit Applies per: Location,,matchOnce,must be present,,,non_compliant,Block Requirements,,,false,0,,2026-08-16
"Block Real Estate Services, LLC",69fdf78062446148bd8587f6,69fded1f62446148bd8490f0,"Remax Real Estate / Harry C. Meierarend, III",69fdf0ad0bb484cab513d40c,"ncd054 - North Cass Shopping Center {North Cass Development, LLC}",evidenceOfInsurance,Evidence of Insurance,commercialGeneralLiability,Commercial General Liability,evidenceOfInsuranceCommercialGeneralLiabilityEachOccurrence,Each Occurrence,,matchOnce,must be greater or equal to,1000000,,non_compliant,Block Requirements,,,false,0,,2026-08-16
"Block Real Estate Services, LLC",69fdf78062446148bd8587f6,69fded1f62446148bd8490f0,"Remax Real Estate / Harry C. Meierarend, III",69fdf0ad0bb484cab513d40c,"ncd054 - North Cass Shopping Center {North Cass Development, LLC}",evidenceOfInsurance,Evidence of Insurance,commercialGeneralLiability,Commercial General Liability,evidenceOfInsuranceCommercialGeneralLiabilityGeneralAggregate,General Aggregate,,matchOnce,must be greater or equal to,2000000,,non_compliant,Block Requirements,,,false,0,,2026-08-16
"Block Real Estate Services, LLC",69fdf78062446148bd8587f6,69fded1f62446148bd8490f0,"Remax Real Estate / Harry C. Meierarend, III",69fdf0ad0bb484cab513d40c,"ncd054 - North Cass Shopping Center {North Cass Development, LLC}",evidenceOfInsurance,Evidence of Insurance,commercialGeneralLiability,Commercial General Liability,evidenceOfInsuranceCommercialGeneralLiabilityWaiverOfSubrogationEndorsement,Waiver of Subrogation,"---prompt---
Determine if the insurer has waived their right of subrogation in favor of the certificate holder under the Commercial General Liability policy. Evidence may include: a checked ""Waiver of Subrogation"" box on the certificate, mention in the Description of Operations section stating ""waiver of subrogation applies"", or reference to form CG 24 04. Look for language like ""subrogation is waived"" or ""per written contract"".",matchOnce,must be present,,,non_compliant,Block Requirements,,,false,0,,2026-08-16
"Block Real Estate Services, LLC",69fdf78062446148bd8587f6,69fded1f62446148bd8490f0,"Remax Real Estate / Harry C. Meierarend, III",69fdf0ad0bb484cab513d40c,"ncd054 - North Cass Shopping Center {North Cass Development, LLC}",evidenceOfInsurance,Evidence of Insurance,excessOrUmbrellaLiability,Umbrella/Excess Liability,evidenceOfInsuranceExcessOrUmbrellaLiabilityOccurence,Coverage Trigger: Occurrence,,matchOnce,must be present,,,non_compliant,Block Requirements,,,false,0,,2026-08-16
"Block Real Estate Services, LLC",69fdf78062446148bd8587f6,69fded1f62446148bd8490f0,"Remax Real Estate / Harry C. Meierarend, III",69fdf0ad0bb484cab513d40c,"ncd054 - North Cass Shopping Center {North Cass Development, LLC}",evidenceOfInsurance,Evidence of Insurance,excessOrUmbrellaLiability,Umbrella/Excess Liability,evidenceOfInsuranceExcessOrUmbrellaLiabilityEachOccurrence,Each Occurrence,,matchOnce,must be greater or equal to,1000000,,non_compliant,Block Requirements,,,false,0,,2026-08-16
"Block Real Estate Services, LLC",69fdf78062446148bd8587f6,69fded1f62446148bd8490f0,"Remax Real Estate / Harry C. Meierarend, III",69fdf0ad0bb484cab513d40c,"ncd054 - North Cass Shopping Center {North Cass Development, LLC}",evidenceOfInsurance,Evidence of Insurance,excessOrUmbrellaLiability,Umbrella/Excess Liability,evidenceOfInsuranceExcessOrUmbrellaLiabilityAggregate,Aggregate,,matchOnce,must be greater or equal to,1000000,,non_compliant,Block Requirements,,,false,0,,2026-08-16
"Block Real Estate Services, LLC",69fdf78062446148bd8587f6,69fded1f62446148bd8490f0,"Remax Real Estate / Harry C. Meierarend, III",69fdf0ad0bb484cab513d40c,"ncd054 - North Cass Shopping Center {North Cass Development, LLC}",evidenceOfInsurance,Evidence of Insurance,workersCompensation,Workers' Compensation and Employer's Liability,evidenceOfInsuranceWorkersCompensationStatutoryLimits,Statutory Limits,,matchOnce,must be present,,,non_compliant,Block Requirements,,,false,0,,2026-08-16
"Block Real Estate Services, LLC",69fdf78062446148bd8587f6,69fded1f62446148bd8490f0,"Remax Real Estate / Harry C. Meierarend, III",69fdf0ad0bb484cab513d40c,"ncd054 - North Cass Shopping Center {North Cass Development, LLC}",evidenceOfInsurance,Evidence of Insurance,workersCompensation,Workers' Compensation and Employer's Liability,evidenceOfInsuranceWorkersCompensationEmployersLiabilityEachAccident,Employer's Liability Each Accident,,matchOnce,must be greater or equal to,500000,,non_compliant,Block Requirements,,,false,0,,2026-08-16
"Block Real Estate Services, LLC",69fdf78062446148bd8587f6,69fded1f62446148bd8490f0,"Remax Real Estate / Harry C. Meierarend, III",69fdf0ad0bb484cab513d40c,"ncd054 - North Cass Shopping Center {North Cass Development, LLC}",evidenceOfInsurance,Evidence of Insurance,workersCompensation,Workers' Compensation and Employer's Liability,evidenceOfInsuranceWorkersCompensationEmployersLiabilityDiseaseEachEmployee,Employer's Liability Disease - each employee,,matchOnce,must be greater or equal to,500000,,non_compliant,Block Requirements,,,false,0,,2026-08-16
"Block Real Estate Services, LLC",69fdf78062446148bd8587f6,69fded1f62446148bd8490f0,"Remax Real Estate / Harry C. Meierarend, III",69fdf0ad0bb484cab513d40c,"ncd054 - North Cass Shopping Center {North Cass Development, LLC}",evidenceOfInsurance,Evidence of Insurance,workersCompensation,Workers' Compensation and Employer's Liability,evidenceOfInsuranceWorkersCompensationEmployersLiabilityDiseasePolicyLimit,Employer's Liability Disease - policy limit,,matchOnce,must be greater or equal to,500000,,non_compliant,Block Requirements,,,false,0,,2026-08-16
"Block Real Estate Services, LLC",69fdf78062446148bd8587f6,69fded1f62446148bd8490f0,"Remax Real Estate / Harry C. Meierarend, III",69fdf0ad0bb484cab513d40c,"ncd054 - North Cass Shopping Center {North Cass Development, LLC}",evidenceOfInsurance,Evidence of Insurance,workersCompensation,Workers' Compensation and Employer's Liability,evidenceOfInsuranceWorkersCompensationWaiverOfSubrogationEndorsement,Waiver of Subrogation,"---prompt---
Determine if the insurer has waived their right of subrogation in favor of the certificate holder under the Workers' Compensation policy. Evidence may include: a checked ""Waiver of Subrogation"" box on the certificate, mention in the Description of Operations section stating ""waiver of subrogation applies"", or reference to form WC 00 03 13. Look for language like ""subrogation is waived"" or ""per written contract"".",matchOnce,must be present,,,non_compliant,Block Requirements,,,false,0,,2026-08-16
"Block Real Estate Services, LLC",69fdf78062446148bd8587f6,69fded1f62446148bd8490f0,"Remax Real Estate / Harry C. Meierarend, III",69fdf0ad0bb484cab513d40c,"ncd054 - North Cass Shopping Center {North Cass Development, LLC}",evidenceOfInsurance,Evidence of Insurance,6ac20aae-5728-5d57-b364-aeba38527dba,Additional Requirements,4da5b0f1-4c9d-5885-8cf8-5d3cccaed3e0,"Block Real Estate Services, LLC and all others required by contract are named as Additional Insureds","---prompt---
Determine if the Description of Operations or the Additional Remarks Schedule section states the ""Additional Insured as Construction Management, Inc. and all others required by contract"" or reference to blanket additional insured coverage. Look for language like ""certificate holder is additional insured"" or ""per written contract"".",matchOnce,must be present,,,non_compliant,Block Requirements,,,true,0,,2026-08-16
"Block Real Estate Services, LLC",69fdf78062446148bd8587f6,69fded1f62446148bd8490f0,"Remax Real Estate / Harry C. Meierarend, III",69fdf0ad0bb484cab513d40c,"ncd054 - North Cass Shopping Center {North Cass Development, LLC}",evidenceOfInsurance,Evidence of Insurance,6ac20aae-5728-5d57-b364-aeba38527dba,Additional Requirements,e1017741-e47e-5f58-97b8-fbc3043e919f,Umbrella follows form over General Liability,"---prompt---
Determine if the Umbrella/Excess Liability policy follows form to the underlying policies. Evidence may include: language in the Description of Operations section stating the umbrella follows form to underlying coverages or an additional page endorsement stating that it follows form. Follow form means the umbrella policy adopts the same terms, conditions, and exclusions as the underlying policies.",matchOnce,must be present,,,non_compliant,Block Requirements,,,true,0,,2026-08-16
"Block Real Estate Services, LLC",69fdf78062446148bd8587f6,69fded1f62446148bd8490f0,"Remax Real Estate / Harry C. Meierarend, III",69fdf0ad0bb484cab513d40c,"ncd054 - North Cass Shopping Center {North Cass Development, LLC}",evidenceOfInsurance,Evidence of Insurance,6ac20aae-5728-5d57-b364-aeba38527dba,Additional Requirements,2cdd866f-c9a4-576a-afd8-1d045762790c,The location must be listed as: 1813 E. North Avenue Belton MO 64012,,matchOnce,must be present,,,non_compliant,Block Requirements,,,true,0,,2026-08-16
"Block Real Estate Services, LLC",69fdf78062446148bd8587f6,69fded1f62446148bd8490f0,"Remax Real Estate / Harry C. Meierarend, III",69fdf0ad0bb484cab513d40c,"ncd054 - North Cass Shopping Center {North Cass Development, LLC}",evidenceOfInsurance,Evidence of Insurance,6ac20aae-5728-5d57-b364-aeba38527dba,Additional Requirements,3649e9d1-4e09-59bf-8f30-cb33c40cf117,"Certificate Holder must read: c/o Block Real Estate Services, LLC, 4622 Pennsylvania St., Suite 700, Kansas City, MO, 64112",,matchOnce,must be present,,,non_compliant,Block Requirements,,,true,0,,2026-08-16
"Block Real Estate Services, LLC",69fdf78062446148bd8587f7,69fded2062446148bd84912f,Salvation Army Family Store / The Salvation Army,69fdf0ad0bb484cab513d40c,"ncd054 - North Cass Shopping Center {North Cass Development, LLC}",evidenceOfInsurance,Evidence of Insurance,commercialGeneralLiability,Commercial General Liability,evidenceOfInsuranceCommercialGeneralLiabilityCoverageTriggerOccurrence,Coverage Trigger: Occurrence,,matchOnce,must be present,,,non_compliant,Block Requirements,,,false,0,,2026-08-16
"Block Real Estate Services, LLC",69fdf78062446148bd8587f7,69fded2062446148bd84912f,Salvation Army Family Store / The Salvation Army,69fdf0ad0bb484cab513d40c,"ncd054 - North Cass Shopping Center {North Cass Development, LLC}",evidenceOfInsurance,Evidence of Insurance,commercialGeneralLiability,Commercial General Liability,evidenceOfInsuranceCommercialGeneralLiabilityGeneralAggregateLimitAppliesPerLocation,General Aggregate Limit Applies per: Location,,matchOnce,must be present,,,non_compliant,Block Requirements,,,false,0,,2026-08-16
"Block Real Estate Services, LLC",69fdf78062446148bd8587f7,69fded2062446148bd84912f,Salvation Army Family Store / The Salvation Army,69fdf0ad0bb484cab513d40c,"ncd054 - North Cass Shopping Center {North Cass Development, LLC}",evidenceOfInsurance,Evidence of Insurance,commercialGeneralLiability,Commercial General Liability,evidenceOfInsuranceCommercialGeneralLiabilityEachOccurrence,Each Occurrence,,matchOnce,must be greater or equal to,1000000,,non_compliant,Block Requirements,,,false,0,,2026-08-16
"Block Real Estate Services, LLC",69fdf78062446148bd8587f7,69fded2062446148bd84912f,Salvation Army Family Store / The Salvation Army,69fdf0ad0bb484cab513d40c,"ncd054 - North Cass Shopping Center {North Cass Development, LLC}",evidenceOfInsurance,Evidence of Insurance,commercialGeneralLiability,Commercial General Liability,evidenceOfInsuranceCommercialGeneralLiabilityGeneralAggregate,General Aggregate,,matchOnce,must be greater or equal to,2000000,,non_compliant,Block Requirements,,,false,0,,2026-08-16
"Block Real Estate Services, LLC",69fdf78062446148bd8587f7,69fded2062446148bd84912f,Salvation Army Family Store / The Salvation Army,69fdf0ad0bb484cab513d40c,"ncd054 - North Cass Shopping Center {North Cass Development, LLC}",evidenceOfInsurance,Evidence of Insurance,commercialGeneralLiability,Commercial General Liability,evidenceOfInsuranceCommercialGeneralLiabilityWaiverOfSubrogationEndorsement,Waiver of Subrogation,"---prompt---
Determine if the insurer has waived their right of subrogation in favor of the certificate holder under the Commercial General Liability policy. Evidence may include: a checked ""Waiver of Subrogation"" box on the certificate, mention in the Description of Operations section stating ""waiver of subrogation applies"", or reference to form CG 24 04. Look for language like ""subrogation is waived"" or ""per written contract"".",matchOnce,must be present,,,non_compliant,Block Requirements,,,false,0,,2026-08-16
"Block Real Estate Services, LLC",69fdf78062446148bd8587f7,69fded2062446148bd84912f,Salvation Army Family Store / The Salvation Army,69fdf0ad0bb484cab513d40c,"ncd054 - North Cass Shopping Center {North Cass Development, LLC}",evidenceOfInsurance,Evidence of Insurance,excessOrUmbrellaLiability,Umbrella/Excess Liability,evidenceOfInsuranceExcessOrUmbrellaLiabilityOccurence,Coverage Trigger: Occurrence,,matchOnce,must be present,,,non_compliant,Block Requirements,,,false,0,,2026-08-16
"Block Real Estate Services, LLC",69fdf78062446148bd8587f7,69fded2062446148bd84912f,Salvation Army Family Store / The Salvation Army,69fdf0ad0bb484cab513d40c,"ncd054 - North Cass Shopping Center {North Cass Development, LLC}",evidenceOfInsurance,Evidence of Insurance,excessOrUmbrellaLiability,Umbrella/Excess Liability,evidenceOfInsuranceExcessOrUmbrellaLiabilityEachOccurrence,Each Occurrence,,matchOnce,must be greater or equal to,1000000,,non_compliant,Block Requirements,,,false,0,,2026-08-16
"Block Real Estate Services, LLC",69fdf78062446148bd8587f7,69fded2062446148bd84912f,Salvation Army Family Store / The Salvation Army,69fdf0ad0bb484cab513d40c,"ncd054 - North Cass Shopping Center {North Cass Development, LLC}",evidenceOfInsurance,Evidence of Insurance,excessOrUmbrellaLiability,Umbrella/Excess Liability,evidenceOfInsuranceExcessOrUmbrellaLiabilityAggregate,Aggregate,,matchOnce,must be greater or equal to,1000000,,non_compliant,Block Requirements,,,false,0,,2026-08-16
"Block Real Estate Services, LLC",69fdf78062446148bd8587f7,69fded2062446148bd84912f,Salvation Army Family Store / The Salvation Army,69fdf0ad0bb484cab513d40c,"ncd054 - North Cass Shopping Center {North Cass Development, LLC}",evidenceOfInsurance,Evidence of Insurance,workersCompensation,Workers' Compensation and Employer's Liability,evidenceOfInsuranceWorkersCompensationStatutoryLimits,Statutory Limits,,matchOnce,must be present,,,non_compliant,Block Requirements,,,false,0,,2026-08-16
"Block Real Estate Services, LLC",69fdf78062446148bd8587f7,69fded2062446148bd84912f,Salvation Army Family Store / The Salvation Army,69fdf0ad0bb484cab513d40c,"ncd054 - North Cass Shopping Center {North Cass Development, LLC}",evidenceOfInsurance,Evidence of Insurance,workersCompensation,Workers' Compensation and Employer's Liability,evidenceOfInsuranceWorkersCompensationEmployersLiabilityEachAccident,Employer's Liability Each Accident,,matchOnce,must be greater or equal to,500000,,non_compliant,Block Requirements,,,false,0,,2026-08-16
"Block Real Estate Services, LLC",69fdf78062446148bd8587f7,69fded2062446148bd84912f,Salvation Army Family Store / The Salvation Army,69fdf0ad0bb484cab513d40c,"ncd054 - North Cass Shopping Center {North Cass Development, LLC}",evidenceOfInsurance,Evidence of Insurance,workersCompensation,Workers' Compensation and Employer's Liability,evidenceOfInsuranceWorkersCompensationEmployersLiabilityDiseaseEachEmployee,Employer's Liability Disease - each employee,,matchOnce,must be greater or equal to,500000,,non_compliant,Block Requirements,,,false,0,,2026-08-16
"Block Real Estate Services, LLC",69fdf78062446148bd8587f7,69fded2062446148bd84912f,Salvation Army Family Store / The Salvation Army,69fdf0ad0bb484cab513d40c,"ncd054 - North Cass Shopping Center {North Cass Development, LLC}",evidenceOfInsurance,Evidence of Insurance,workersCompensation,Workers' Compensation and Employer's Liability,evidenceOfInsuranceWorkersCompensationEmployersLiabilityDiseasePolicyLimit,Employer's Liability Disease - policy limit,,matchOnce,must be greater or equal to,500000,,non_compliant,Block Requirements,,,false,0,,2026-08-16
"Block Real Estate Services, LLC",69fdf78062446148bd8587f7,69fded2062446148bd84912f,Salvation Army Family Store / The Salvation Army,69fdf0ad0bb484cab513d40c,"ncd054 - North Cass Shopping Center {North Cass Development, LLC}",evidenceOfInsurance,Evidence of Insurance,workersCompensation,Workers' Compensation and Employer's Liability,evidenceOfInsuranceWorkersCompensationWaiverOfSubrogationEndorsement,Waiver of Subrogation,"---prompt---
Determine if the insurer has waived their right of subrogation in favor of the certificate holder under the Workers' Compensation policy. Evidence may include: a checked ""Waiver of Subrogation"" box on the certificate, mention in the Description of Operations section stating ""waiver of subrogation applies"", or reference to form WC 00 03 13. Look for language like ""subrogation is waived"" or ""per written contract"".",matchOnce,must be present,,,non_compliant,Block Requirements,,,false,0,,2026-08-16
"Block Real Estate Services, LLC",69fdf78062446148bd8587f7,69fded2062446148bd84912f,Salvation Army Family Store / The Salvation Army,69fdf0ad0bb484cab513d40c,"ncd054 - North Cass Shopping Center {North Cass Development, LLC}",evidenceOfInsurance,Evidence of Insurance,6ac20aae-5728-5d57-b364-aeba38527dba,Additional Requirements,4da5b0f1-4c9d-5885-8cf8-5d3cccaed3e0,"Block Real Estate Services, LLC and all others required by contract are named as Additional Insureds","---prompt---
Determine if the Description of Operations or the Additional Remarks Schedule section states the ""Additional Insured as Construction Management, Inc. and all others required by contract"" or reference to blanket additional insured coverage. Look for language like ""certificate holder is additional insured"" or ""per written contract"".",matchOnce,must be present,,,non_compliant,Block Requirements,,,true,0,,2026-08-16
"Block Real Estate Services, LLC",69fdf78062446148bd8587f7,69fded2062446148bd84912f,Salvation Army Family Store / The Salvation Army,69fdf0ad0bb484cab513d40c,"ncd054 - North Cass Shopping Center {North Cass Development, LLC}",evidenceOfInsurance,Evidence of Insurance,6ac20aae-5728-5d57-b364-aeba38527dba,Additional Requirements,e1017741-e47e-5f58-97b8-fbc3043e919f,Umbrella follows form over General Liability,"---prompt---
Determine if the Umbrella/Excess Liability policy follows form to the underlying policies. Evidence may include: language in the Description of Operations section stating the umbrella follows form to underlying coverages or an additional page endorsement stating that it follows form. Follow form means the umbrella policy adopts the same terms, conditions, and exclusions as the underlying policies.",matchOnce,must be present,,,non_compliant,Block Requirements,,,true,0,,2026-08-16
"Block Real Estate Services, LLC",69fdf78062446148bd8587f7,69fded2062446148bd84912f,Salvation Army Family Store / The Salvation Army,69fdf0ad0bb484cab513d40c,"ncd054 - North Cass Shopping Center {North Cass Development, LLC}",evidenceOfInsurance,Evidence of Insurance,6ac20aae-5728-5d57-b364-aeba38527dba,Additional Requirements,2cdd866f-c9a4-576a-afd8-1d045762790c,The location must be listed as: 1737 E. North Avenue Belton MO 64012,,matchOnce,must be present,,,non_compliant,Block Requirements,,,true,0,,2026-08-16
"Block Real Estate Services, LLC",69fdf78062446148bd8587f7,69fded2062446148bd84912f,Salvation Army Family Store / The Salvation Army,69fdf0ad0bb484cab513d40c,"ncd054 - North Cass Shopping Center {North Cass Development, LLC}",evidenceOfInsurance,Evidence of Insurance,6ac20aae-5728-5d57-b364-aeba38527dba,Additional Requirements,3649e9d1-4e09-59bf-8f30-cb33c40cf117,"Certificate Holder must read: c/o Block Real Estate Services, LLC, 4622 Pennsylvania St., Suite 700, Kansas City, MO, 64112",,matchOnce,must be present,,,non_compliant,Block Requirements,,,true,0,,2026-08-16
"Block Real Estate Services, LLC",69fdf78062446148bd8587f4,69fded1c62446148bd849021,Olivia Wang,69fdf0ad0bb484cab513d40c,"ncd054 - North Cass Shopping Center {North Cass Development, LLC}",evidenceOfInsurance,Evidence of Insurance,commercialGeneralLiability,Commercial General Liability,evidenceOfInsuranceCommercialGeneralLiabilityCoverageTriggerOccurrence,Coverage Trigger: Occurrence,,matchOnce,must be present,,,non_compliant,Block Requirements,,,false,0,,2026-08-16
"Block Real Estate Services, LLC",69fdf78062446148bd8587f4,69fded1c62446148bd849021,Olivia Wang,69fdf0ad0bb484cab513d40c,"ncd054 - North Cass Shopping Center {North Cass Development, LLC}",evidenceOfInsurance,Evidence of Insurance,commercialGeneralLiability,Commercial General Liability,evidenceOfInsuranceCommercialGeneralLiabilityGeneralAggregateLimitAppliesPerLocation,General Aggregate Limit Applies per: Location,,matchOnce,must be present,,,non_compliant,Block Requirements,,,false,0,,2026-08-16
"Block Real Estate Services, LLC",69fdf78062446148bd8587f4,69fded1c62446148bd849021,Olivia Wang,69fdf0ad0bb484cab513d40c,"ncd054 - North Cass Shopping Center {North Cass Development, LLC}",evidenceOfInsurance,Evidence of Insurance,commercialGeneralLiability,Commercial General Liability,evidenceOfInsuranceCommercialGeneralLiabilityEachOccurrence,Each Occurrence,,matchOnce,must be greater or equal to,1000000,,non_compliant,Block Requirements,,,false,0,,2026-08-16
"Block Real Estate Services, LLC",69fdf78062446148bd8587f4,69fded1c62446148bd849021,Olivia Wang,69fdf0ad0bb484cab513d40c,"ncd054 - North Cass Shopping Center {North Cass Development, LLC}",evidenceOfInsurance,Evidence of Insurance,commercialGeneralLiability,Commercial General Liability,evidenceOfInsuranceCommercialGeneralLiabilityGeneralAggregate,General Aggregate,,matchOnce,must be greater or equal to,2000000,,non_compliant,Block Requirements,,,false,0,,2026-08-16
"Block Real Estate Services, LLC",69fdf78062446148bd8587f4,69fded1c62446148bd849021,Olivia Wang,69fdf0ad0bb484cab513d40c,"ncd054 - North Cass Shopping Center {North Cass Development, LLC}",evidenceOfInsurance,Evidence of Insurance,commercialGeneralLiability,Commercial General Liability,evidenceOfInsuranceCommercialGeneralLiabilityWaiverOfSubrogationEndorsement,Waiver of Subrogation,"---prompt---
Determine if the insurer has waived their right of subrogation in favor of the certificate holder under the Commercial General Liability policy. Evidence may include: a checked ""Waiver of Subrogation"" box on the certificate, mention in the Description of Operations section stating ""waiver of subrogation applies"", or reference to form CG 24 04. Look for language like ""subrogation is waived"" or ""per written contract"".",matchOnce,must be present,,,non_compliant,Block Requirements,,,false,0,,2026-08-16
"Block Real Estate Services, LLC",69fdf78062446148bd8587f4,69fded1c62446148bd849021,Olivia Wang,69fdf0ad0bb484cab513d40c,"ncd054 - North Cass Shopping Center {North Cass Development, LLC}",evidenceOfInsurance,Evidence of Insurance,excessOrUmbrellaLiability,Umbrella/Excess Liability,evidenceOfInsuranceExcessOrUmbrellaLiabilityOccurence,Coverage Trigger: Occurrence,,matchOnce,must be present,,,non_compliant,Block Requirements,,,false,0,,2026-08-16
"Block Real Estate Services, LLC",69fdf78062446148bd8587f4,69fded1c62446148bd849021,Olivia Wang,69fdf0ad0bb484cab513d40c,"ncd054 - North Cass Shopping Center {North Cass Development, LLC}",evidenceOfInsurance,Evidence of Insurance,excessOrUmbrellaLiability,Umbrella/Excess Liability,evidenceOfInsuranceExcessOrUmbrellaLiabilityEachOccurrence,Each Occurrence,,matchOnce,must be greater or equal to,1000000,,non_compliant,Block Requirements,,,false,0,,2026-08-16
"Block Real Estate Services, LLC",69fdf78062446148bd8587f4,69fded1c62446148bd849021,Olivia Wang,69fdf0ad0bb484cab513d40c,"ncd054 - North Cass Shopping Center {North Cass Development, LLC}",evidenceOfInsurance,Evidence of Insurance,excessOrUmbrellaLiability,Umbrella/Excess Liability,evidenceOfInsuranceExcessOrUmbrellaLiabilityAggregate,Aggregate,,matchOnce,must be greater or equal to,1000000,,non_compliant,Block Requirements,,,false,0,,2026-08-16
"Block Real Estate Services, LLC",69fdf78062446148bd8587f4,69fded1c62446148bd849021,Olivia Wang,69fdf0ad0bb484cab513d40c,"ncd054 - North Cass Shopping Center {North Cass Development, LLC}",evidenceOfInsurance,Evidence of Insurance,workersCompensation,Workers' Compensation and Employer's Liability,evidenceOfInsuranceWorkersCompensationStatutoryLimits,Statutory Limits,,matchOnce,must be present,,,non_compliant,Block Requirements,,,false,0,,2026-08-16
"Block Real Estate Services, LLC",69fdf78062446148bd8587f4,69fded1c62446148bd849021,Olivia Wang,69fdf0ad0bb484cab513d40c,"ncd054 - North Cass Shopping Center {North Cass Development, LLC}",evidenceOfInsurance,Evidence of Insurance,workersCompensation,Workers' Compensation and Employer's Liability,evidenceOfInsuranceWorkersCompensationEmployersLiabilityEachAccident,Employer's Liability Each Accident,,matchOnce,must be greater or equal to,500000,,non_compliant,Block Requirements,,,false,0,,2026-08-16
"Block Real Estate Services, LLC",69fdf78062446148bd8587f4,69fded1c62446148bd849021,Olivia Wang,69fdf0ad0bb484cab513d40c,"ncd054 - North Cass Shopping Center {North Cass Development, LLC}",evidenceOfInsurance,Evidence of Insurance,workersCompensation,Workers' Compensation and Employer's Liability,evidenceOfInsuranceWorkersCompensationEmployersLiabilityDiseaseEachEmployee,Employer's Liability Disease - each employee,,matchOnce,must be greater or equal to,500000,,non_compliant,Block Requirements,,,false,0,,2026-08-16
"Block Real Estate Services, LLC",69fdf78062446148bd8587f4,69fded1c62446148bd849021,Olivia Wang,69fdf0ad0bb484cab513d40c,"ncd054 - North Cass Shopping Center {North Cass Development, LLC}",evidenceOfInsurance,Evidence of Insurance,workersCompensation,Workers' Compensation and Employer's Liability,evidenceOfInsuranceWorkersCompensationEmployersLiabilityDiseasePolicyLimit,Employer's Liability Disease - policy limit,,matchOnce,must be greater or equal to,500000,,non_compliant,Block Requirements,,,false,0,,2026-08-16
"Block Real Estate Services, LLC",69fdf78062446148bd8587f4,69fded1c62446148bd849021,Olivia Wang,69fdf0ad0bb484cab513d40c,"ncd054 - North Cass Shopping Center {North Cass Development, LLC}",evidenceOfInsurance,Evidence of Insurance,workersCompensation,Workers' Compensation and Employer's Liability,evidenceOfInsuranceWorkersCompensationWaiverOfSubrogationEndorsement,Waiver of Subrogation,"---prompt---
Determine if the insurer has waived their right of subrogation in favor of the certificate holder under the Workers' Compensation policy. Evidence may include: a checked ""Waiver of Subrogation"" box on the certificate, mention in the Description of Operations section stating ""waiver of subrogation applies"", or reference to form WC 00 03 13. Look for language like ""subrogation is waived"" or ""per written contract"".",matchOnce,must be present,,,non_compliant,Block Requirements,,,false,0,,2026-08-16
"Block Real Estate Services, LLC",69fdf78062446148bd8587f4,69fded1c62446148bd849021,Olivia Wang,69fdf0ad0bb484cab513d40c,"ncd054 - North Cass Shopping Center {North Cass Development, LLC}",evidenceOfInsurance,Evidence of Insurance,6ac20aae-5728-5d57-b364-aeba38527dba,Additional Requirements,4da5b0f1-4c9d-5885-8cf8-5d3cccaed3e0,"Block Real Estate Services, LLC and all others required by contract are named as Additional Insureds","---prompt---
Determine if the Description of Operations or the Additional Remarks Schedule section states the ""Additional Insured as Construction Management, Inc. and all others required by contract"" or reference to blanket additional insured coverage. Look for language like ""certificate holder is additional insured"" or ""per written contract"".",matchOnce,must be present,,,non_compliant,Block Requirements,,,true,0,,2026-08-16
"Block Real Estate Services, LLC",69fdf78062446148bd8587f4,69fded1c62446148bd849021,Olivia Wang,69fdf0ad0bb484cab513d40c,"ncd054 - North Cass Shopping Center {North Cass Development, LLC}",evidenceOfInsurance,Evidence of Insurance,6ac20aae-5728-5d57-b364-aeba38527dba,Additional Requirements,e1017741-e47e-5f58-97b8-fbc3043e919f,Umbrella follows form over General Liability,"---prompt---
Determine if the Umbrella/Excess Liability policy follows form to the underlying policies. Evidence may include: language in the Description of Operations section stating the umbrella follows form to underlying coverages or an additional page endorsement stating that it follows form. Follow form means the umbrella policy adopts the same terms, conditions, and exclusions as the underlying policies.",matchOnce,must be present,,,non_compliant,Block Requirements,,,true,0,,2026-08-16
"Block Real Estate Services, LLC",69fdf78062446148bd8587f4,69fded1c62446148bd849021,Olivia Wang,69fdf0ad0bb484cab513d40c,"ncd054 - North Cass Shopping Center {North Cass Development, LLC}",evidenceOfInsurance,Evidence of Insurance,6ac20aae-5728-5d57-b364-aeba38527dba,Additional Requirements,2cdd866f-c9a4-576a-afd8-1d045762790c,The location must be listed as: 1815 E. North Avenue Belton MO 64012,,matchOnce,must be present,,,non_compliant,Block Requirements,,,true,0,,2026-08-16
"Block Real Estate Services, LLC",69fdf78062446148bd8587f4,69fded1c62446148bd849021,Olivia Wang,69fdf0ad0bb484cab513d40c,"ncd054 - North Cass Shopping Center {North Cass Development, LLC}",evidenceOfInsurance,Evidence of Insurance,6ac20aae-5728-5d57-b364-aeba38527dba,Additional Requirements,3649e9d1-4e09-59bf-8f30-cb33c40cf117,"Certificate Holder must read: c/o Block Real Estate Services, LLC, 4622 Pennsylvania St., Suite 700, Kansas City, MO, 64112",,matchOnce,must be present,,,non_compliant,Block Requirements,,,true,0,,2026-08-16
"Block Real Estate Services, LLC",69fdf78062446148bd8587f3,69fded1662446148bd848e3e,"Harbor Freight Tools USA, Inc",69fdf0ad0bb484cab513d40c,"ncd054 - North Cass Shopping Center {North Cass Development, LLC}",evidenceOfInsurance,Evidence of Insurance,commercialGeneralLiability,Commercial General Liability,evidenceOfInsuranceCommercialGeneralLiabilityCoverageTriggerOccurrence,Coverage Trigger: Occurrence,,matchOnce,must be present,,Present,compliant,Block Requirements,,,false,1,,2026-08-16
"Block Real Estate Services, LLC",69fdf78062446148bd8587f3,69fded1662446148bd848e3e,"Harbor Freight Tools USA, Inc",69fdf0ad0bb484cab513d40c,"ncd054 - North Cass Shopping Center {North Cass Development, LLC}",evidenceOfInsurance,Evidence of Insurance,commercialGeneralLiability,Commercial General Liability,evidenceOfInsuranceCommercialGeneralLiabilityGeneralAggregateLimitAppliesPerLocation,General Aggregate Limit Applies per: Location,,matchOnce,must be present,,Present,compliant,Block Requirements,,,false,1,,2026-08-16
"Block Real Estate Services, LLC",69fdf78062446148bd8587f3,69fded1662446148bd848e3e,"Harbor Freight Tools USA, Inc",69fdf0ad0bb484cab513d40c,"ncd054 - North Cass Shopping Center {North Cass Development, LLC}",evidenceOfInsurance,Evidence of Insurance,commercialGeneralLiability,Commercial General Liability,evidenceOfInsuranceCommercialGeneralLiabilityEachOccurrence,Each Occurrence,,matchOnce,must be greater or equal to,1000000,1500000,compliant,Block Requirements,,,false,1,,2026-08-16
"Block Real Estate Services, LLC",69fdf78062446148bd8587f3,69fded1662446148bd848e3e,"Harbor Freight Tools USA, Inc",69fdf0ad0bb484cab513d40c,"ncd054 - North Cass Shopping Center {North Cass Development, LLC}",evidenceOfInsurance,Evidence of Insurance,commercialGeneralLiability,Commercial General Liability,evidenceOfInsuranceCommercialGeneralLiabilityGeneralAggregate,General Aggregate,,matchOnce,must be greater or equal to,2000000,5000000,compliant,Block Requirements,,,false,1,,2026-08-16
"Block Real Estate Services, LLC",69fdf78062446148bd8587f3,69fded1662446148bd848e3e,"Harbor Freight Tools USA, Inc",69fdf0ad0bb484cab513d40c,"ncd054 - North Cass Shopping Center {North Cass Development, LLC}",evidenceOfInsurance,Evidence of Insurance,commercialGeneralLiability,Commercial General Liability,evidenceOfInsuranceCommercialGeneralLiabilityWaiverOfSubrogationEndorsement,Waiver of Subrogation,"---prompt---
Determine if the insurer has waived their right of subrogation in favor of the certificate holder under the Commercial General Liability policy. Evidence may include: a checked ""Waiver of Subrogation"" box on the certificate, mention in the Description of Operations section stating ""waiver of subrogation applies"", or reference to form CG 24 04. Look for language like ""subrogation is waived"" or ""per written contract"".",matchOnce,must be present,,Present,compliant,Block Requirements,,,false,1,,2026-08-16
"Block Real Estate Services, LLC",69fdf78062446148bd8587f3,69fded1662446148bd848e3e,"Harbor Freight Tools USA, Inc",69fdf0ad0bb484cab513d40c,"ncd054 - North Cass Shopping Center {North Cass Development, LLC}",evidenceOfInsurance,Evidence of Insurance,excessOrUmbrellaLiability,Umbrella/Excess Liability,evidenceOfInsuranceExcessOrUmbrellaLiabilityOccurence,Coverage Trigger: Occurrence,,matchOnce,must be present,,Present,compliant,Block Requirements,,,false,1,,2026-08-16
"Block Real Estate Services, LLC",69fdf78062446148bd8587f3,69fded1662446148bd848e3e,"Harbor Freight Tools USA, Inc",69fdf0ad0bb484cab513d40c,"ncd054 - North Cass Shopping Center {North Cass Development, LLC}",evidenceOfInsurance,Evidence of Insurance,excessOrUmbrellaLiability,Umbrella/Excess Liability,evidenceOfInsuranceExcessOrUmbrellaLiabilityEachOccurrence,Each Occurrence,,matchOnce,must be greater or equal to,1000000,10000000,compliant,Block Requirements,,,false,1,,2026-08-16
"Block Real Estate Services, LLC",69fdf78062446148bd8587f3,69fded1662446148bd848e3e,"Harbor Freight Tools USA, Inc",69fdf0ad0bb484cab513d40c,"ncd054 - North Cass Shopping Center {North Cass Development, LLC}",evidenceOfInsurance,Evidence of Insurance,excessOrUmbrellaLiability,Umbrella/Excess Liability,evidenceOfInsuranceExcessOrUmbrellaLiabilityAggregate,Aggregate,,matchOnce,must be greater or equal to,1000000,10000000,compliant,Block Requirements,,,false,1,,2026-08-16
"Block Real Estate Services, LLC",69fdf78062446148bd8587f3,69fded1662446148bd848e3e,"Harbor Freight Tools USA, Inc",69fdf0ad0bb484cab513d40c,"ncd054 - North Cass Shopping Center {North Cass Development, LLC}",evidenceOfInsurance,Evidence of Insurance,workersCompensation,Workers' Compensation and Employer's Liability,evidenceOfInsuranceWorkersCompensationStatutoryLimits,Statutory Limits,,matchOnce,must be present,,Present,compliant,Block Requirements,,,false,1,,2026-08-16
"Block Real Estate Services, LLC",69fdf78062446148bd8587f3,69fded1662446148bd848e3e,"Harbor Freight Tools USA, Inc",69fdf0ad0bb484cab513d40c,"ncd054 - North Cass Shopping Center {North Cass Development, LLC}",evidenceOfInsurance,Evidence of Insurance,workersCompensation,Workers' Compensation and Employer's Liability,evidenceOfInsuranceWorkersCompensationEmployersLiabilityEachAccident,Employer's Liability Each Accident,,matchOnce,must be greater or equal to,500000,1000000,compliant,Block Requirements,,,false,1,,2026-08-16
"Block Real Estate Services, LLC",69fdf78062446148bd8587f3,69fded1662446148bd848e3e,"Harbor Freight Tools USA, Inc",69fdf0ad0bb484cab513d40c,"ncd054 - North Cass Shopping Center {North Cass Development, LLC}",evidenceOfInsurance,Evidence of Insurance,workersCompensation,Workers' Compensation and Employer's Liability,evidenceOfInsuranceWorkersCompensationEmployersLiabilityDiseaseEachEmployee,Employer's Liability Disease - each employee,,matchOnce,must be greater or equal to,500000,1000000,compliant,Block Requirements,,,false,1,,2026-08-16
"Block Real Estate Services, LLC",69fdf78062446148bd8587f3,69fded1662446148bd848e3e,"Harbor Freight Tools USA, Inc",69fdf0ad0bb484cab513d40c,"ncd054 - North Cass Shopping Center {North Cass Development, LLC}",evidenceOfInsurance,Evidence of Insurance,workersCompensation,Workers' Compensation and Employer's Liability,evidenceOfInsuranceWorkersCompensationEmployersLiabilityDiseasePolicyLimit,Employer's Liability Disease - policy limit,,matchOnce,must be greater or equal to,500000,1000000,compliant,Block Requirements,,,false,1,,2026-08-16
"Block Real Estate Services, LLC",69fdf78062446148bd8587f3,69fded1662446148bd848e3e,"Harbor Freight Tools USA, Inc",69fdf0ad0bb484cab513d40c,"ncd054 - North Cass Shopping Center {North Cass Development, LLC}",evidenceOfInsurance,Evidence of Insurance,workersCompensation,Workers' Compensation and Employer's Liability,evidenceOfInsuranceWorkersCompensationWaiverOfSubrogationEndorsement,Waiver of Subrogation,"---prompt---
Determine if the insurer has waived their right of subrogation in favor of the certificate holder under the Workers' Compensation policy. Evidence may include: a checked ""Waiver of Subrogation"" box on the certificate, mention in the Description of Operations section stating ""waiver of subrogation applies"", or reference to form WC 00 03 13. Look for language like ""subrogation is waived"" or ""per written contract"".",matchOnce,must be present,,Present,compliant,Block Requirements,,,false,1,,2026-08-16
"Block Real Estate Services, LLC",69fdf78062446148bd8587f3,69fded1662446148bd848e3e,"Harbor Freight Tools USA, Inc",69fdf0ad0bb484cab513d40c,"ncd054 - North Cass Shopping Center {North Cass Development, LLC}",evidenceOfInsurance,Evidence of Insurance,6ac20aae-5728-5d57-b364-aeba38527dba,Additional Requirements,4da5b0f1-4c9d-5885-8cf8-5d3cccaed3e0,"Block Real Estate Services, LLC and all others required by contract are named as Additional Insureds","---prompt---
Determine if the Description of Operations or the Additional Remarks Schedule section states the ""Additional Insured as Construction Management, Inc. and all others required by contract"" or reference to blanket additional insured coverage. Look for language like ""certificate holder is additional insured"" or ""per written contract"".",matchOnce,must be present,,Present,compliant,Block Requirements,,,true,1,,2026-08-16
"Block Real Estate Services, LLC",69fdf78062446148bd8587f3,69fded1662446148bd848e3e,"Harbor Freight Tools USA, Inc",69fdf0ad0bb484cab513d40c,"ncd054 - North Cass Shopping Center {North Cass Development, LLC}",evidenceOfInsurance,Evidence of Insurance,6ac20aae-5728-5d57-b364-aeba38527dba,Additional Requirements,e1017741-e47e-5f58-97b8-fbc3043e919f,Umbrella follows form over General Liability,"---prompt---
Determine if the Umbrella/Excess Liability policy follows form to the underlying policies. Evidence may include: language in the Description of Operations section stating the umbrella follows form to underlying coverages or an additional page endorsement stating that it follows form. Follow form means the umbrella policy adopts the same terms, conditions, and exclusions as the underlying policies.",matchOnce,must be present,,Present,compliant,Block Requirements,,,true,1,,2026-08-16
"Block Real Estate Services, LLC",69fdf78062446148bd8587f3,69fded1662446148bd848e3e,"Harbor Freight Tools USA, Inc",69fdf0ad0bb484cab513d40c,"ncd054 - North Cass Shopping Center {North Cass Development, LLC}",evidenceOfInsurance,Evidence of Insurance,6ac20aae-5728-5d57-b364-aeba38527dba,Additional Requirements,2cdd866f-c9a4-576a-afd8-1d045762790c,The location must be listed as: 1735 E. North Avenue Belton MO 64012,,matchOnce,must be present,,Present,compliant,Block Requirements,,,true,1,,2026-08-16
"Block Real Estate Services, LLC",69fdf78062446148bd8587f3,69fded1662446148bd848e3e,"Harbor Freight Tools USA, Inc",69fdf0ad0bb484cab513d40c,"ncd054 - North Cass Shopping Center {North Cass Development, LLC}",evidenceOfInsurance,Evidence of Insurance,6ac20aae-5728-5d57-b364-aeba38527dba,Additional Requirements,3649e9d1-4e09-59bf-8f30-cb33c40cf117,"Certificate Holder must read: c/o Block Real Estate Services, LLC, 4622 Pennsylvania St., Suite 700, Kansas City, MO, 64112",,matchOnce,must be present,,Present,compliant,Block Requirements,,,true,1,,2026-08-16
"Block Real Estate Services, LLC",69fdf78062446148bd8587f5,69fded1d62446148bd84904b,Belton Modern Dentistry / Pacific Dental Services,69fdf0ad0bb484cab513d40c,"ncd054 - North Cass Shopping Center {North Cass Development, LLC}",evidenceOfInsurance,Evidence of Insurance,commercialGeneralLiability,Commercial General Liability,evidenceOfInsuranceCommercialGeneralLiabilityCoverageTriggerOccurrence,Coverage Trigger: Occurrence,,matchOnce,must be present,,,non_compliant,Block Requirements,,,false,0,,2026-08-16
"Block Real Estate Services, LLC",69fdf78062446148bd8587f5,69fded1d62446148bd84904b,Belton Modern Dentistry / Pacific Dental Services,69fdf0ad0bb484cab513d40c,"ncd054 - North Cass Shopping Center {North Cass Development, LLC}",evidenceOfInsurance,Evidence of Insurance,commercialGeneralLiability,Commercial General Liability,evidenceOfInsuranceCommercialGeneralLiabilityGeneralAggregateLimitAppliesPerLocation,General Aggregate Limit Applies per: Location,,matchOnce,must be present,,,non_compliant,Block Requirements,,,false,0,,2026-08-16
"Block Real Estate Services, LLC",69fdf78062446148bd8587f5,69fded1d62446148bd84904b,Belton Modern Dentistry / Pacific Dental Services,69fdf0ad0bb484cab513d40c,"ncd054 - North Cass Shopping Center {North Cass Development, LLC}",evidenceOfInsurance,Evidence of Insurance,commercialGeneralLiability,Commercial General Liability,evidenceOfInsuranceCommercialGeneralLiabilityEachOccurrence,Each Occurrence,,matchOnce,must be greater or equal to,1000000,,non_compliant,Block Requirements,,,false,0,,2026-08-16
"Block Real Estate Services, LLC",69fdf78062446148bd8587f5,69fded1d62446148bd84904b,Belton Modern Dentistry / Pacific Dental Services,69fdf0ad0bb484cab513d40c,"ncd054 - North Cass Shopping Center {North Cass Development, LLC}",evidenceOfInsurance,Evidence of Insurance,commercialGeneralLiability,Commercial General Liability,evidenceOfInsuranceCommercialGeneralLiabilityGeneralAggregate,General Aggregate,,matchOnce,must be greater or equal to,2000000,,non_compliant,Block Requirements,,,false,0,,2026-08-16
"Block Real Estate Services, LLC",69fdf78062446148bd8587f5,69fded1d62446148bd84904b,Belton Modern Dentistry / Pacific Dental Services,69fdf0ad0bb484cab513d40c,"ncd054 - North Cass Shopping Center {North Cass Development, LLC}",evidenceOfInsurance,Evidence of Insurance,commercialGeneralLiability,Commercial General Liability,evidenceOfInsuranceCommercialGeneralLiabilityWaiverOfSubrogationEndorsement,Waiver of Subrogation,"---prompt---
Determine if the insurer has waived their right of subrogation in favor of the certificate holder under the Commercial General Liability policy. Evidence may include: a checked ""Waiver of Subrogation"" box on the certificate, mention in the Description of Operations section stating ""waiver of subrogation applies"", or reference to form CG 24 04. Look for language like ""subrogation is waived"" or ""per written contract"".",matchOnce,must be present,,,non_compliant,Block Requirements,,,false,0,,2026-08-16
"Block Real Estate Services, LLC",69fdf78062446148bd8587f5,69fded1d62446148bd84904b,Belton Modern Dentistry / Pacific Dental Services,69fdf0ad0bb484cab513d40c,"ncd054 - North Cass Shopping Center {North Cass Development, LLC}",evidenceOfInsurance,Evidence of Insurance,excessOrUmbrellaLiability,Umbrella/Excess Liability,evidenceOfInsuranceExcessOrUmbrellaLiabilityOccurence,Coverage Trigger: Occurrence,,matchOnce,must be present,,,non_compliant,Block Requirements,,,false,0,,2026-08-16
"Block Real Estate Services, LLC",69fdf78062446148bd8587f5,69fded1d62446148bd84904b,Belton Modern Dentistry / Pacific Dental Services,69fdf0ad0bb484cab513d40c,"ncd054 - North Cass Shopping Center {North Cass Development, LLC}",evidenceOfInsurance,Evidence of Insurance,excessOrUmbrellaLiability,Umbrella/Excess Liability,evidenceOfInsuranceExcessOrUmbrellaLiabilityEachOccurrence,Each Occurrence,,matchOnce,must be greater or equal to,1000000,,non_compliant,Block Requirements,,,false,0,,2026-08-16
"Block Real Estate Services, LLC",69fdf78062446148bd8587f5,69fded1d62446148bd84904b,Belton Modern Dentistry / Pacific Dental Services,69fdf0ad0bb484cab513d40c,"ncd054 - North Cass Shopping Center {North Cass Development, LLC}",evidenceOfInsurance,Evidence of Insurance,excessOrUmbrellaLiability,Umbrella/Excess Liability,evidenceOfInsuranceExcessOrUmbrellaLiabilityAggregate,Aggregate,,matchOnce,must be greater or equal to,1000000,,non_compliant,Block Requirements,,,false,0,,2026-08-16
"Block Real Estate Services, LLC",69fdf78062446148bd8587f5,69fded1d62446148bd84904b,Belton Modern Dentistry / Pacific Dental Services,69fdf0ad0bb484cab513d40c,"ncd054 - North Cass Shopping Center {North Cass Development, LLC}",evidenceOfInsurance,Evidence of Insurance,workersCompensation,Workers' Compensation and Employer's Liability,evidenceOfInsuranceWorkersCompensationStatutoryLimits,Statutory Limits,,matchOnce,must be present,,,non_compliant,Block Requirements,,,false,0,,2026-08-16
"Block Real Estate Services, LLC",69fdf78062446148bd8587f5,69fded1d62446148bd84904b,Belton Modern Dentistry / Pacific Dental Services,69fdf0ad0bb484cab513d40c,"ncd054 - North Cass Shopping Center {North Cass Development, LLC}",evidenceOfInsurance,Evidence of Insurance,workersCompensation,Workers' Compensation and Employer's Liability,evidenceOfInsuranceWorkersCompensationEmployersLiabilityEachAccident,Employer's Liability Each Accident,,matchOnce,must be greater or equal to,500000,,non_compliant,Block Requirements,,,false,0,,2026-08-16
"Block Real Estate Services, LLC",69fdf78062446148bd8587f5,69fded1d62446148bd84904b,Belton Modern Dentistry / Pacific Dental Services,69fdf0ad0bb484cab513d40c,"ncd054 - North Cass Shopping Center {North Cass Development, LLC}",evidenceOfInsurance,Evidence of Insurance,workersCompensation,Workers' Compensation and Employer's Liability,evidenceOfInsuranceWorkersCompensationEmployersLiabilityDiseaseEachEmployee,Employer's Liability Disease - each employee,,matchOnce,must be greater or equal to,500000,,non_compliant,Block Requirements,,,false,0,,2026-08-16
"Block Real Estate Services, LLC",69fdf78062446148bd8587f5,69fded1d62446148bd84904b,Belton Modern Dentistry / Pacific Dental Services,69fdf0ad0bb484cab513d40c,"ncd054 - North Cass Shopping Center {North Cass Development, LLC}",evidenceOfInsurance,Evidence of Insurance,workersCompensation,Workers' Compensation and Employer's Liability,evidenceOfInsuranceWorkersCompensationEmployersLiabilityDiseasePolicyLimit,Employer's Liability Disease - policy limit,,matchOnce,must be greater or equal to,500000,,non_compliant,Block Requirements,,,false,0,,2026-08-16
"Block Real Estate Services, LLC",69fdf78062446148bd8587f5,69fded1d62446148bd84904b,Belton Modern Dentistry / Pacific Dental Services,69fdf0ad0bb484cab513d40c,"ncd054 - North Cass Shopping Center {North Cass Development, LLC}",evidenceOfInsurance,Evidence of Insurance,workersCompensation,Workers' Compensation and Employer's Liability,evidenceOfInsuranceWorkersCompensationWaiverOfSubrogationEndorsement,Waiver of Subrogation,"---prompt---
Determine if the insurer has waived their right of subrogation in favor of the certificate holder under the Workers' Compensation policy. Evidence may include: a checked ""Waiver of Subrogation"" box on the certificate, mention in the Description of Operations section stating ""waiver of subrogation applies"", or reference to form WC 00 03 13. Look for language like ""subrogation is waived"" or ""per written contract"".",matchOnce,must be present,,,non_compliant,Block Requirements,,,false,0,,2026-08-16
"Block Real Estate Services, LLC",69fdf78062446148bd8587f5,69fded1d62446148bd84904b,Belton Modern Dentistry / Pacific Dental Services,69fdf0ad0bb484cab513d40c,"ncd054 - North Cass Shopping Center {North Cass Development, LLC}",evidenceOfInsurance,Evidence of Insurance,6ac20aae-5728-5d57-b364-aeba38527dba,Additional Requirements,4da5b0f1-4c9d-5885-8cf8-5d3cccaed3e0,"Block Real Estate Services, LLC and all others required by contract are named as Additional Insureds","---prompt---
Determine if the Description of Operations or the Additional Remarks Schedule section states the ""Additional Insured as Construction Management, Inc. and all others required by contract"" or reference to blanket additional insured coverage. Look for language like ""certificate holder is additional insured"" or ""per written contract"".",matchOnce,must be present,,,non_compliant,Block Requirements,,,true,0,,2026-08-16
"Block Real Estate Services, LLC",69fdf78062446148bd8587f5,69fded1d62446148bd84904b,Belton Modern Dentistry / Pacific Dental Services,69fdf0ad0bb484cab513d40c,"ncd054 - North Cass Shopping Center {North Cass Development, LLC}",evidenceOfInsurance,Evidence of Insurance,6ac20aae-5728-5d57-b364-aeba38527dba,Additional Requirements,e1017741-e47e-5f58-97b8-fbc3043e919f,Umbrella follows form over General Liability,"---prompt---
Determine if the Umbrella/Excess Liability policy follows form to the underlying policies. Evidence may include: language in the Description of Operations section stating the umbrella follows form to underlying coverages or an additional page endorsement stating that it follows form. Follow form means the umbrella policy adopts the same terms, conditions, and exclusions as the underlying policies.",matchOnce,must be present,,,non_compliant,Block Requirements,,,true,0,,2026-08-16
"Block Real Estate Services, LLC",69fdf78062446148bd8587f5,69fded1d62446148bd84904b,Belton Modern Dentistry / Pacific Dental Services,69fdf0ad0bb484cab513d40c,"ncd054 - North Cass Shopping Center {North Cass Development, LLC}",evidenceOfInsurance,Evidence of Insurance,6ac20aae-5728-5d57-b364-aeba38527dba,Additional Requirements,2cdd866f-c9a4-576a-afd8-1d045762790c,The location must be listed as: 1729 E. North Avenue Belton MO 64012,,matchOnce,must be present,,,non_compliant,Block Requirements,,,true,0,,2026-08-16
"Block Real Estate Services, LLC",69fdf78062446148bd8587f5,69fded1d62446148bd84904b,Belton Modern Dentistry / Pacific Dental Services,69fdf0ad0bb484cab513d40c,"ncd054 - North Cass Shopping Center {North Cass Development, LLC}",evidenceOfInsurance,Evidence of Insurance,6ac20aae-5728-5d57-b364-aeba38527dba,Additional Requirements,3649e9d1-4e09-59bf-8f30-cb33c40cf117,"Certificate Holder must read: c/o Block Real Estate Services, LLC, 4622 Pennsylvania St., Suite 700, Kansas City, MO, 64112",,matchOnce,must be present,,,non_compliant,Block Requirements,,,true,0,,2026-08-16
"Block Real Estate Services, LLC",69fdf78062446148bd8587f2,69fded1662446148bd848e38,"H&R Block Eastern Tax Svc., Inc. / H&R Block 24167",69fdf0ad0bb484cab513d40c,"ncd054 - North Cass Shopping Center {North Cass Development, LLC}",evidenceOfInsurance,Evidence of Insurance,commercialGeneralLiability,Commercial General Liability,evidenceOfInsuranceCommercialGeneralLiabilityCoverageTriggerOccurrence,Coverage Trigger: Occurrence,,matchOnce,must be present,,Present,compliant,Block Requirements,,,false,1,,2026-08-16
"Block Real Estate Services, LLC",69fdf78062446148bd8587f2,69fded1662446148bd848e38,"H&R Block Eastern Tax Svc., Inc. / H&R Block 24167",69fdf0ad0bb484cab513d40c,"ncd054 - North Cass Shopping Center {North Cass Development, LLC}",evidenceOfInsurance,Evidence of Insurance,commercialGeneralLiability,Commercial General Liability,evidenceOfInsuranceCommercialGeneralLiabilityGeneralAggregateLimitAppliesPerLocation,General Aggregate Limit Applies per: Location,,matchOnce,must be present,,,non_compliant,Block Requirements,,,false,0,,2026-08-16
"Block Real Estate Services, LLC",69fdf78062446148bd8587f2,69fded1662446148bd848e38,"H&R Block Eastern Tax Svc., Inc. / H&R Block 24167",69fdf0ad0bb484cab513d40c,"ncd054 - North Cass Shopping Center {North Cass Development, LLC}",evidenceOfInsurance,Evidence of Insurance,commercialGeneralLiability,Commercial General Liability,evidenceOfInsuranceCommercialGeneralLiabilityEachOccurrence,Each Occurrence,,matchOnce,must be greater or equal to,1000000,2000000,compliant,Block Requirements,,,false,1,,2026-08-16
"Block Real Estate Services, LLC",69fdf78062446148bd8587f2,69fded1662446148bd848e38,"H&R Block Eastern Tax Svc., Inc. / H&R Block 24167",69fdf0ad0bb484cab513d40c,"ncd054 - North Cass Shopping Center {North Cass Development, LLC}",evidenceOfInsurance,Evidence of Insurance,commercialGeneralLiability,Commercial General Liability,evidenceOfInsuranceCommercialGeneralLiabilityGeneralAggregate,General Aggregate,,matchOnce,must be greater or equal to,2000000,10000000,compliant,Block Requirements,,,false,1,,2026-08-16
"Block Real Estate Services, LLC",69fdf78062446148bd8587f2,69fded1662446148bd848e38,"H&R Block Eastern Tax Svc., Inc. / H&R Block 24167",69fdf0ad0bb484cab513d40c,"ncd054 - North Cass Shopping Center {North Cass Development, LLC}",evidenceOfInsurance,Evidence of Insurance,commercialGeneralLiability,Commercial General Liability,evidenceOfInsuranceCommercialGeneralLiabilityWaiverOfSubrogationEndorsement,Waiver of Subrogation,"---prompt---
Determine if the insurer has waived their right of subrogation in favor of the certificate holder under the Commercial General Liability policy. Evidence may include: a checked ""Waiver of Subrogation"" box on the certificate, mention in the Description of Operations section stating ""waiver of subrogation applies"", or reference to form CG 24 04. Look for language like ""subrogation is waived"" or ""per written contract"".",matchOnce,must be present,,Present,compliant,Block Requirements,,,false,1,,2026-08-16
"Block Real Estate Services, LLC",69fdf78062446148bd8587f2,69fded1662446148bd848e38,"H&R Block Eastern Tax Svc., Inc. / H&R Block 24167",69fdf0ad0bb484cab513d40c,"ncd054 - North Cass Shopping Center {North Cass Development, LLC}",evidenceOfInsurance,Evidence of Insurance,excessOrUmbrellaLiability,Umbrella/Excess Liability,evidenceOfInsuranceExcessOrUmbrellaLiabilityOccurence,Coverage Trigger: Occurrence,,matchOnce,must be present,,Present,compliant,Block Requirements,,,false,1,,2026-08-16
"Block Real Estate Services, LLC",69fdf78062446148bd8587f2,69fded1662446148bd848e38,"H&R Block Eastern Tax Svc., Inc. / H&R Block 24167",69fdf0ad0bb484cab513d40c,"ncd054 - North Cass Shopping Center {North Cass Development, LLC}",evidenceOfInsurance,Evidence of Insurance,excessOrUmbrellaLiability,Umbrella/Excess Liability,evidenceOfInsuranceExcessOrUmbrellaLiabilityEachOccurrence,Each Occurrence,,matchOnce,must be greater or equal to,1000000,1000000,compliant,Block Requirements,,,false,1,,2026-08-16
"Block Real Estate Services, LLC",69fdf78062446148bd8587f2,69fded1662446148bd848e38,"H&R Block Eastern Tax Svc., Inc. / H&R Block 24167",69fdf0ad0bb484cab513d40c,"ncd054 - North Cass Shopping Center {North Cass Development, LLC}",evidenceOfInsurance,Evidence of Insurance,excessOrUmbrellaLiability,Umbrella/Excess Liability,evidenceOfInsuranceExcessOrUmbrellaLiabilityAggregate,Aggregate,,matchOnce,must be greater or equal to,1000000,1000000,compliant,Block Requirements,,,false,1,,2026-08-16
"Block Real Estate Services, LLC",69fdf78062446148bd8587f2,69fded1662446148bd848e38,"H&R Block Eastern Tax Svc., Inc. / H&R Block 24167",69fdf0ad0bb484cab513d40c,"ncd054 - North Cass Shopping Center {North Cass Development, LLC}",evidenceOfInsurance,Evidence of Insurance,workersCompensation,Workers' Compensation and Employer's Liability,evidenceOfInsuranceWorkersCompensationStatutoryLimits,Statutory Limits,,matchOnce,must be present,,Present,compliant,Block Requirements,,,false,1,,2026-08-16
"Block Real Estate Services, LLC",69fdf78062446148bd8587f2,69fded1662446148bd848e38,"H&R Block Eastern Tax Svc., Inc. / H&R Block 24167",69fdf0ad0bb484cab513d40c,"ncd054 - North Cass Shopping Center {North Cass Development, LLC}",evidenceOfInsurance,Evidence of Insurance,workersCompensation,Workers' Compensation and Employer's Liability,evidenceOfInsuranceWorkersCompensationEmployersLiabilityEachAccident,Employer's Liability Each Accident,,matchOnce,must be greater or equal to,500000,1000000,compliant,Block Requirements,,,false,1,,2026-08-16
"Block Real Estate Services, LLC",69fdf78062446148bd8587f2,69fded1662446148bd848e38,"H&R Block Eastern Tax Svc., Inc. / H&R Block 24167",69fdf0ad0bb484cab513d40c,"ncd054 - North Cass Shopping Center {North Cass Development, LLC}",evidenceOfInsurance,Evidence of Insurance,workersCompensation,Workers' Compensation and Employer's Liability,evidenceOfInsuranceWorkersCompensationEmployersLiabilityDiseaseEachEmployee,Employer's Liability Disease - each employee,,matchOnce,must be greater or equal to,500000,1000000,compliant,Block Requirements,,,false,1,,2026-08-16
"Block Real Estate Services, LLC",69fdf78062446148bd8587f2,69fded1662446148bd848e38,"H&R Block Eastern Tax Svc., Inc. / H&R Block 24167",69fdf0ad0bb484cab513d40c,"ncd054 - North Cass Shopping Center {North Cass Development, LLC}",evidenceOfInsurance,Evidence of Insurance,workersCompensation,Workers' Compensation and Employer's Liability,evidenceOfInsuranceWorkersCompensationEmployersLiabilityDiseasePolicyLimit,Employer's Liability Disease - policy limit,,matchOnce,must be greater or equal to,500000,1000000,compliant,Block Requirements,,,false,1,,2026-08-16
"Block Real Estate Services, LLC",69fdf78062446148bd8587f2,69fded1662446148bd848e38,"H&R Block Eastern Tax Svc., Inc. / H&R Block 24167",69fdf0ad0bb484cab513d40c,"ncd054 - North Cass Shopping Center {North Cass Development, LLC}",evidenceOfInsurance,Evidence of Insurance,workersCompensation,Workers' Compensation and Employer's Liability,evidenceOfInsuranceWorkersCompensationWaiverOfSubrogationEndorsement,Waiver of Subrogation,"---prompt---
Determine if the insurer has waived their right of subrogation in favor of the certificate holder under the Workers' Compensation policy. Evidence may include: a checked ""Waiver of Subrogation"" box on the certificate, mention in the Description of Operations section stating ""waiver of subrogation applies"", or reference to form WC 00 03 13. Look for language like ""subrogation is waived"" or ""per written contract"".",matchOnce,must be present,,Present,compliant,Block Requirements,,,false,1,,2026-08-16
"Block Real Estate Services, LLC",69fdf78062446148bd8587f2,69fded1662446148bd848e38,"H&R Block Eastern Tax Svc., Inc. / H&R Block 24167",69fdf0ad0bb484cab513d40c,"ncd054 - North Cass Shopping Center {North Cass Development, LLC}",evidenceOfInsurance,Evidence of Insurance,6ac20aae-5728-5d57-b364-aeba38527dba,Additional Requirements,4da5b0f1-4c9d-5885-8cf8-5d3cccaed3e0,"Block Real Estate Services, LLC and all others required by contract are named as Additional Insureds","---prompt---
Determine if the Description of Operations or the Additional Remarks Schedule section states the ""Additional Insured as Construction Management, Inc. and all others required by contract"" or reference to blanket additional insured coverage. Look for language like ""certificate holder is additional insured"" or ""per written contract"".",matchOnce,must be present,,Present,compliant,Block Requirements,,,true,1,,2026-08-16
"Block Real Estate Services, LLC",69fdf78062446148bd8587f2,69fded1662446148bd848e38,"H&R Block Eastern Tax Svc., Inc. / H&R Block 24167",69fdf0ad0bb484cab513d40c,"ncd054 - North Cass Shopping Center {North Cass Development, LLC}",evidenceOfInsurance,Evidence of Insurance,6ac20aae-5728-5d57-b364-aeba38527dba,Additional Requirements,e1017741-e47e-5f58-97b8-fbc3043e919f,Umbrella follows form over General Liability,"---prompt---
Determine if the Umbrella/Excess Liability policy follows form to the underlying policies. Evidence may include: language in the Description of Operations section stating the umbrella follows form to underlying coverages or an additional page endorsement stating that it follows form. Follow form means the umbrella policy adopts the same terms, conditions, and exclusions as the underlying policies.",matchOnce,must be present,,,non_compliant,Block Requirements,,,true,0,,2026-08-16
"Block Real Estate Services, LLC",69fdf78062446148bd8587f2,69fded1662446148bd848e38,"H&R Block Eastern Tax Svc., Inc. / H&R Block 24167",69fdf0ad0bb484cab513d40c,"ncd054 - North Cass Shopping Center {North Cass Development, LLC}",evidenceOfInsurance,Evidence of Insurance,6ac20aae-5728-5d57-b364-aeba38527dba,Additional Requirements,2cdd866f-c9a4-576a-afd8-1d045762790c,The location must be listed as: 1811 E. North Avenue Belton MO 64012,,matchOnce,must be present,,Present,compliant,Block Requirements,,,true,1,,2026-08-16
"Block Real Estate Services, LLC",69fdf78062446148bd8587f2,69fded1662446148bd848e38,"H&R Block Eastern Tax Svc., Inc. / H&R Block 24167",69fdf0ad0bb484cab513d40c,"ncd054 - North Cass Shopping Center {North Cass Development, LLC}",evidenceOfInsurance,Evidence of Insurance,6ac20aae-5728-5d57-b364-aeba38527dba,Additional Requirements,3649e9d1-4e09-59bf-8f30-cb33c40cf117,"Certificate Holder must read: c/o Block Real Estate Services, LLC, 4622 Pennsylvania St., Suite 700, Kansas City, MO, 64112",,matchOnce,must be present,,Present,compliant,Block Requirements,,,true,1,,2026-08-16
"Block Real Estate Services, LLC",69fdf78062446148bd8587ed,69fded0e62446148bd848b86,ARC Physical Therapy Plus,69fdf0ad0bb484cab513d40c,"ncd054 - North Cass Shopping Center {North Cass Development, LLC}",evidenceOfInsurance,Evidence of Insurance,commercialGeneralLiability,Commercial General Liability,evidenceOfInsuranceCommercialGeneralLiabilityCoverageTriggerOccurrence,Coverage Trigger: Occurrence,,matchOnce,must be present,,Present,compliant,Block Requirements,,,false,1,,2026-08-16
"Block Real Estate Services, LLC",69fdf78062446148bd8587ed,69fded0e62446148bd848b86,ARC Physical Therapy Plus,69fdf0ad0bb484cab513d40c,"ncd054 - North Cass Shopping Center {North Cass Development, LLC}",evidenceOfInsurance,Evidence of Insurance,commercialGeneralLiability,Commercial General Liability,evidenceOfInsuranceCommercialGeneralLiabilityGeneralAggregateLimitAppliesPerLocation,General Aggregate Limit Applies per: Location,,matchOnce,must be present,,,waived,Block Requirements,Per location not found during lease review.,,false,0,,2026-08-16
"Block Real Estate Services, LLC",69fdf78062446148bd8587ed,69fded0e62446148bd848b86,ARC Physical Therapy Plus,69fdf0ad0bb484cab513d40c,"ncd054 - North Cass Shopping Center {North Cass Development, LLC}",evidenceOfInsurance,Evidence of Insurance,commercialGeneralLiability,Commercial General Liability,evidenceOfInsuranceCommercialGeneralLiabilityEachOccurrence,Each Occurrence,,matchOnce,must be greater or equal to,1000000,1000000,compliant,Block Requirements,,,false,1,,2026-08-16
"Block Real Estate Services, LLC",69fdf78062446148bd8587ed,69fded0e62446148bd848b86,ARC Physical Therapy Plus,69fdf0ad0bb484cab513d40c,"ncd054 - North Cass Shopping Center {North Cass Development, LLC}",evidenceOfInsurance,Evidence of Insurance,commercialGeneralLiability,Commercial General Liability,evidenceOfInsuranceCommercialGeneralLiabilityGeneralAggregate,General Aggregate,,matchOnce,must be greater or equal to,2000000,5000000,compliant,Block Requirements,,,false,1,,2026-08-16
"Block Real Estate Services, LLC",69fdf78062446148bd8587ed,69fded0e62446148bd848b86,ARC Physical Therapy Plus,69fdf0ad0bb484cab513d40c,"ncd054 - North Cass Shopping Center {North Cass Development, LLC}",evidenceOfInsurance,Evidence of Insurance,commercialGeneralLiability,Commercial General Liability,evidenceOfInsuranceCommercialGeneralLiabilityWaiverOfSubrogationEndorsement,Waiver of Subrogation,"---prompt---
Determine if the insurer has waived their right of subrogation in favor of the certificate holder under the Commercial General Liability policy. Evidence may include: a checked ""Waiver of Subrogation"" box on the certificate, mention in the Description of Operations section stating ""waiver of subrogation applies"", or reference to form CG 24 04. Look for language like ""subrogation is waived"" or ""per written contract"".",matchOnce,must be present,,Present,compliant,Block Requirements,,,false,1,,2026-08-16
"Block Real Estate Services, LLC",69fdf78062446148bd8587ed,69fded0e62446148bd848b86,ARC Physical Therapy Plus,69fdf0ad0bb484cab513d40c,"ncd054 - North Cass Shopping Center {North Cass Development, LLC}",evidenceOfInsurance,Evidence of Insurance,excessOrUmbrellaLiability,Umbrella/Excess Liability,evidenceOfInsuranceExcessOrUmbrellaLiabilityOccurence,Coverage Trigger: Occurrence,,matchOnce,must be present,,Present,waived,Block Requirements,,,false,1,,2026-08-16
"Block Real Estate Services, LLC",69fdf78062446148bd8587ed,69fded0e62446148bd848b86,ARC Physical Therapy Plus,69fdf0ad0bb484cab513d40c,"ncd054 - North Cass Shopping Center {North Cass Development, LLC}",evidenceOfInsurance,Evidence of Insurance,excessOrUmbrellaLiability,Umbrella/Excess Liability,evidenceOfInsuranceExcessOrUmbrellaLiabilityEachOccurrence,Each Occurrence,,matchOnce,must be greater or equal to,1000000,5000000,waived,Block Requirements,,,false,1,,2026-08-16
"Block Real Estate Services, LLC",69fdf78062446148bd8587ed,69fded0e62446148bd848b86,ARC Physical Therapy Plus,69fdf0ad0bb484cab513d40c,"ncd054 - North Cass Shopping Center {North Cass Development, LLC}",evidenceOfInsurance,Evidence of Insurance,excessOrUmbrellaLiability,Umbrella/Excess Liability,evidenceOfInsuranceExcessOrUmbrellaLiabilityAggregate,Aggregate,,matchOnce,must be greater or equal to,1000000,5000000,waived,Block Requirements,,,false,1,,2026-08-16
"Block Real Estate Services, LLC",69fdf78062446148bd8587ed,69fded0e62446148bd848b86,ARC Physical Therapy Plus,69fdf0ad0bb484cab513d40c,"ncd054 - North Cass Shopping Center {North Cass Development, LLC}",evidenceOfInsurance,Evidence of Insurance,workersCompensation,Workers' Compensation and Employer's Liability,evidenceOfInsuranceWorkersCompensationStatutoryLimits,Statutory Limits,,matchOnce,must be present,,Present,waived,Block Requirements,,,false,1,,2026-08-16
"Block Real Estate Services, LLC",69fdf78062446148bd8587ed,69fded0e62446148bd848b86,ARC Physical Therapy Plus,69fdf0ad0bb484cab513d40c,"ncd054 - North Cass Shopping Center {North Cass Development, LLC}",evidenceOfInsurance,Evidence of Insurance,workersCompensation,Workers' Compensation and Employer's Liability,evidenceOfInsuranceWorkersCompensationEmployersLiabilityEachAccident,Employer's Liability Each Accident,,matchOnce,must be greater or equal to,500000,1000000,waived,Block Requirements,,,false,1,,2026-08-16
"Block Real Estate Services, LLC",69fdf78062446148bd8587ed,69fded0e62446148bd848b86,ARC Physical Therapy Plus,69fdf0ad0bb484cab513d40c,"ncd054 - North Cass Shopping Center {North Cass Development, LLC}",evidenceOfInsurance,Evidence of Insurance,workersCompensation,Workers' Compensation and Employer's Liability,evidenceOfInsuranceWorkersCompensationEmployersLiabilityDiseaseEachEmployee,Employer's Liability Disease - each employee,,matchOnce,must be greater or equal to,500000,1000000,waived,Block Requirements,,,false,1,,2026-08-16
"Block Real Estate Services, LLC",69fdf78062446148bd8587ed,69fded0e62446148bd848b86,ARC Physical Therapy Plus,69fdf0ad0bb484cab513d40c,"ncd054 - North Cass Shopping Center {North Cass Development, LLC}",evidenceOfInsurance,Evidence of Insurance,workersCompensation,Workers' Compensation and Employer's Liability,evidenceOfInsuranceWorkersCompensationEmployersLiabilityDiseasePolicyLimit,Employer's Liability Disease - policy limit,,matchOnce,must be greater or equal to,500000,1000000,waived,Block Requirements,,,false,1,,2026-08-16
"Block Real Estate Services, LLC",69fdf78062446148bd8587ed,69fded0e62446148bd848b86,ARC Physical Therapy Plus,69fdf0ad0bb484cab513d40c,"ncd054 - North Cass Shopping Center {North Cass Development, LLC}",evidenceOfInsurance,Evidence of Insurance,workersCompensation,Workers' Compensation and Employer's Liability,evidenceOfInsuranceWorkersCompensationWaiverOfSubrogationEndorsement,Waiver of Subrogation,"---prompt---
Determine if the insurer has waived their right of subrogation in favor of the certificate holder under the Workers' Compensation policy. Evidence may include: a checked ""Waiver of Subrogation"" box on the certificate, mention in the Description of Operations section stating ""waiver of subrogation applies"", or reference to form WC 00 03 13. Look for language like ""subrogation is waived"" or ""per written contract"".",matchOnce,must be present,,Present,waived,Block Requirements,,,false,1,,2026-08-16
"Block Real Estate Services, LLC",69fdf78062446148bd8587ed,69fded0e62446148bd848b86,ARC Physical Therapy Plus,69fdf0ad0bb484cab513d40c,"ncd054 - North Cass Shopping Center {North Cass Development, LLC}",evidenceOfInsurance,Evidence of Insurance,6ac20aae-5728-5d57-b364-aeba38527dba,Additional Requirements,4da5b0f1-4c9d-5885-8cf8-5d3cccaed3e0,"Block Real Estate Services, LLC and all others required by contract are named as Additional Insureds","---prompt---
Determine if the Description of Operations or the Additional Remarks Schedule section states the ""Additional Insured as Construction Management, Inc. and all others required by contract"" or reference to blanket additional insured coverage. Look for language like ""certificate holder is additional insured"" or ""per written contract"".",matchOnce,must be present,,Present,compliant,Block Requirements,,,true,1,,2026-08-16
"Block Real Estate Services, LLC",69fdf78062446148bd8587ed,69fded0e62446148bd848b86,ARC Physical Therapy Plus,69fdf0ad0bb484cab513d40c,"ncd054 - North Cass Shopping Center {North Cass Development, LLC}",evidenceOfInsurance,Evidence of Insurance,6ac20aae-5728-5d57-b364-aeba38527dba,Additional Requirements,e1017741-e47e-5f58-97b8-fbc3043e919f,Umbrella follows form over General Liability,"---prompt---
Determine if the Umbrella/Excess Liability policy follows form to the underlying policies. Evidence may include: language in the Description of Operations section stating the umbrella follows form to underlying coverages or an additional page endorsement stating that it follows form. Follow form means the umbrella policy adopts the same terms, conditions, and exclusions as the underlying policies.",matchOnce,must be present,,Present,waived,Block Requirements,Umbrella requirement not found in lease review.,,true,1,,2026-08-16
"Block Real Estate Services, LLC",69fdf78062446148bd8587ed,69fded0e62446148bd848b86,ARC Physical Therapy Plus,69fdf0ad0bb484cab513d40c,"ncd054 - North Cass Shopping Center {North Cass Development, LLC}",evidenceOfInsurance,Evidence of Insurance,6ac20aae-5728-5d57-b364-aeba38527dba,Additional Requirements,2cdd866f-c9a4-576a-afd8-1d045762790c,The location must be listed as: 1825 E. North Avenue Belton MO 64012,,matchOnce,must be present,,Present,compliant,Block Requirements,,,true,2,,2026-08-16
"Block Real Estate Services, LLC",69fdf78062446148bd8587ed,69fded0e62446148bd848b86,ARC Physical Therapy Plus,69fdf0ad0bb484cab513d40c,"ncd054 - North Cass Shopping Center {North Cass Development, LLC}",evidenceOfInsurance,Evidence of Insurance,6ac20aae-5728-5d57-b364-aeba38527dba,Additional Requirements,3649e9d1-4e09-59bf-8f30-cb33c40cf117,"Certificate Holder must read: c/o Block Real Estate Services, LLC, 4622 Pennsylvania St., Suite 700, Kansas City, MO, 64112",,matchOnce,must be present,,Present,compliant,Block Requirements,,,true,2,,2026-08-16
"Block Real Estate Services, LLC",69fdf78062446148bd8587f1,69fded1662446148bd848e0b,"GoPuff Lease / GoBrands, Inc.",69fdf0ad0bb484cab513d40c,"ncd054 - North Cass Shopping Center {North Cass Development, LLC}",evidenceOfInsurance,Evidence of Insurance,commercialGeneralLiability,Commercial General Liability,evidenceOfInsuranceCommercialGeneralLiabilityCoverageTriggerOccurrence,Coverage Trigger: Occurrence,,matchOnce,must be present,,,non_compliant,Block Requirements,,,false,0,,2026-08-16
"Block Real Estate Services, LLC",69fdf78062446148bd8587f1,69fded1662446148bd848e0b,"GoPuff Lease / GoBrands, Inc.",69fdf0ad0bb484cab513d40c,"ncd054 - North Cass Shopping Center {North Cass Development, LLC}",evidenceOfInsurance,Evidence of Insurance,commercialGeneralLiability,Commercial General Liability,evidenceOfInsuranceCommercialGeneralLiabilityGeneralAggregateLimitAppliesPerLocation,General Aggregate Limit Applies per: Location,,matchOnce,must be present,,,non_compliant,Block Requirements,,,false,0,,2026-08-16
"Block Real Estate Services, LLC",69fdf78062446148bd8587f1,69fded1662446148bd848e0b,"GoPuff Lease / GoBrands, Inc.",69fdf0ad0bb484cab513d40c,"ncd054 - North Cass Shopping Center {North Cass Development, LLC}",evidenceOfInsurance,Evidence of Insurance,commercialGeneralLiability,Commercial General Liability,evidenceOfInsuranceCommercialGeneralLiabilityEachOccurrence,Each Occurrence,,matchOnce,must be greater or equal to,1000000,,non_compliant,Block Requirements,,,false,0,,2026-08-16
"Block Real Estate Services, LLC",69fdf78062446148bd8587f1,69fded1662446148bd848e0b,"GoPuff Lease / GoBrands, Inc.",69fdf0ad0bb484cab513d40c,"ncd054 - North Cass Shopping Center {North Cass Development, LLC}",evidenceOfInsurance,Evidence of Insurance,commercialGeneralLiability,Commercial General Liability,evidenceOfInsuranceCommercialGeneralLiabilityGeneralAggregate,General Aggregate,,matchOnce,must be greater or equal to,2000000,,non_compliant,Block Requirements,,,false,0,,2026-08-16
"Block Real Estate Services, LLC",69fdf78062446148bd8587f1,69fded1662446148bd848e0b,"GoPuff Lease / GoBrands, Inc.",69fdf0ad0bb484cab513d40c,"ncd054 - North Cass Shopping Center {North Cass Development, LLC}",evidenceOfInsurance,Evidence of Insurance,commercialGeneralLiability,Commercial General Liability,evidenceOfInsuranceCommercialGeneralLiabilityWaiverOfSubrogationEndorsement,Waiver of Subrogation,"---prompt---
Determine if the insurer has waived their right of subrogation in favor of the certificate holder under the Commercial General Liability policy. Evidence may include: a checked ""Waiver of Subrogation"" box on the certificate, mention in the Description of Operations section stating ""waiver of subrogation applies"", or reference to form CG 24 04. Look for language like ""subrogation is waived"" or ""per written contract"".",matchOnce,must be present,,,non_compliant,Block Requirements,,,false,0,,2026-08-16
"Block Real Estate Services, LLC",69fdf78062446148bd8587f1,69fded1662446148bd848e0b,"GoPuff Lease / GoBrands, Inc.",69fdf0ad0bb484cab513d40c,"ncd054 - North Cass Shopping Center {North Cass Development, LLC}",evidenceOfInsurance,Evidence of Insurance,excessOrUmbrellaLiability,Umbrella/Excess Liability,evidenceOfInsuranceExcessOrUmbrellaLiabilityOccurence,Coverage Trigger: Occurrence,,matchOnce,must be present,,,non_compliant,Block Requirements,,,false,0,,2026-08-16
"Block Real Estate Services, LLC",69fdf78062446148bd8587f1,69fded1662446148bd848e0b,"GoPuff Lease / GoBrands, Inc.",69fdf0ad0bb484cab513d40c,"ncd054 - North Cass Shopping Center {North Cass Development, LLC}",evidenceOfInsurance,Evidence of Insurance,excessOrUmbrellaLiability,Umbrella/Excess Liability,evidenceOfInsuranceExcessOrUmbrellaLiabilityEachOccurrence,Each Occurrence,,matchOnce,must be greater or equal to,1000000,,non_compliant,Block Requirements,,,false,0,,2026-08-16
"Block Real Estate Services, LLC",69fdf78062446148bd8587f1,69fded1662446148bd848e0b,"GoPuff Lease / GoBrands, Inc.",69fdf0ad0bb484cab513d40c,"ncd054 - North Cass Shopping Center {North Cass Development, LLC}",evidenceOfInsurance,Evidence of Insurance,excessOrUmbrellaLiability,Umbrella/Excess Liability,evidenceOfInsuranceExcessOrUmbrellaLiabilityAggregate,Aggregate,,matchOnce,must be greater or equal to,1000000,,non_compliant,Block Requirements,,,false,0,,2026-08-16
"Block Real Estate Services, LLC",69fdf78062446148bd8587f1,69fded1662446148bd848e0b,"GoPuff Lease / GoBrands, Inc.",69fdf0ad0bb484cab513d40c,"ncd054 - North Cass Shopping Center {North Cass Development, LLC}",evidenceOfInsurance,Evidence of Insurance,workersCompensation,Workers' Compensation and Employer's Liability,evidenceOfInsuranceWorkersCompensationStatutoryLimits,Statutory Limits,,matchOnce,must be present,,,non_compliant,Block Requirements,,,false,0,,2026-08-16
"Block Real Estate Services, LLC",69fdf78062446148bd8587f1,69fded1662446148bd848e0b,"GoPuff Lease / GoBrands, Inc.",69fdf0ad0bb484cab513d40c,"ncd054 - North Cass Shopping Center {North Cass Development, LLC}",evidenceOfInsurance,Evidence of Insurance,workersCompensation,Workers' Compensation and Employer's Liability,evidenceOfInsuranceWorkersCompensationEmployersLiabilityEachAccident,Employer's Liability Each Accident,,matchOnce,must be greater or equal to,500000,,non_compliant,Block Requirements,,,false,0,,2026-08-16
"Block Real Estate Services, LLC",69fdf78062446148bd8587f1,69fded1662446148bd848e0b,"GoPuff Lease / GoBrands, Inc.",69fdf0ad0bb484cab513d40c,"ncd054 - North Cass Shopping Center {North Cass Development, LLC}",evidenceOfInsurance,Evidence of Insurance,workersCompensation,Workers' Compensation and Employer's Liability,evidenceOfInsuranceWorkersCompensationEmployersLiabilityDiseaseEachEmployee,Employer's Liability Disease - each employee,,matchOnce,must be greater or equal to,500000,,non_compliant,Block Requirements,,,false,0,,2026-08-16
"Block Real Estate Services, LLC",69fdf78062446148bd8587f1,69fded1662446148bd848e0b,"GoPuff Lease / GoBrands, Inc.",69fdf0ad0bb484cab513d40c,"ncd054 - North Cass Shopping Center {North Cass Development, LLC}",evidenceOfInsurance,Evidence of Insurance,workersCompensation,Workers' Compensation and Employer's Liability,evidenceOfInsuranceWorkersCompensationEmployersLiabilityDiseasePolicyLimit,Employer's Liability Disease - policy limit,,matchOnce,must be greater or equal to,500000,,non_compliant,Block Requirements,,,false,0,,2026-08-16
"Block Real Estate Services, LLC",69fdf78062446148bd8587f1,69fded1662446148bd848e0b,"GoPuff Lease / GoBrands, Inc.",69fdf0ad0bb484cab513d40c,"ncd054 - North Cass Shopping Center {North Cass Development, LLC}",evidenceOfInsurance,Evidence of Insurance,workersCompensation,Workers' Compensation and Employer's Liability,evidenceOfInsuranceWorkersCompensationWaiverOfSubrogationEndorsement,Waiver of Subrogation,"---prompt---
Determine if the insurer has waived their right of subrogation in favor of the certificate holder under the Workers' Compensation policy. Evidence may include: a checked ""Waiver of Subrogation"" box on the certificate, mention in the Description of Operations section stating ""waiver of subrogation applies"", or reference to form WC 00 03 13. Look for language like ""subrogation is waived"" or ""per written contract"".",matchOnce,must be present,,,non_compliant,Block Requirements,,,false,0,,2026-08-16
"Block Real Estate Services, LLC",69fdf78062446148bd8587f1,69fded1662446148bd848e0b,"GoPuff Lease / GoBrands, Inc.",69fdf0ad0bb484cab513d40c,"ncd054 - North Cass Shopping Center {North Cass Development, LLC}",evidenceOfInsurance,Evidence of Insurance,6ac20aae-5728-5d57-b364-aeba38527dba,Additional Requirements,4da5b0f1-4c9d-5885-8cf8-5d3cccaed3e0,"Block Real Estate Services, LLC and all others required by contract are named as Additional Insureds","---prompt---
Determine if the Description of Operations or the Additional Remarks Schedule section states the ""Additional Insured as Construction Management, Inc. and all others required by contract"" or reference to blanket additional insured coverage. Look for language like ""certificate holder is additional insured"" or ""per written contract"".",matchOnce,must be present,,,non_compliant,Block Requirements,,,true,0,,2026-08-16
"Block Real Estate Services, LLC",69fdf78062446148bd8587f1,69fded1662446148bd848e0b,"GoPuff Lease / GoBrands, Inc.",69fdf0ad0bb484cab513d40c,"ncd054 - North Cass Shopping Center {North Cass Development, LLC}",evidenceOfInsurance,Evidence of Insurance,6ac20aae-5728-5d57-b364-aeba38527dba,Additional Requirements,e1017741-e47e-5f58-97b8-fbc3043e919f,Umbrella follows form over General Liability,"---prompt---
Determine if the Umbrella/Excess Liability policy follows form to the underlying policies. Evidence may include: language in the Description of Operations section stating the umbrella follows form to underlying coverages or an additional page endorsement stating that it follows form. Follow form means the umbrella policy adopts the same terms, conditions, and exclusions as the underlying policies.",matchOnce,must be present,,,non_compliant,Block Requirements,,,true,0,,2026-08-16
"Block Real Estate Services, LLC",69fdf78062446148bd8587f1,69fded1662446148bd848e0b,"GoPuff Lease / GoBrands, Inc.",69fdf0ad0bb484cab513d40c,"ncd054 - North Cass Shopping Center {North Cass Development, LLC}",evidenceOfInsurance,Evidence of Insurance,6ac20aae-5728-5d57-b364-aeba38527dba,Additional Requirements,2cdd866f-c9a4-576a-afd8-1d045762790c,"The location must be listed as: 1821, 1823 E. North Avenue Belton MO 64012",,matchOnce,must be present,,,non_compliant,Block Requirements,,,true,0,,2026-08-16
"Block Real Estate Services, LLC",69fdf78062446148bd8587f1,69fded1662446148bd848e0b,"GoPuff Lease / GoBrands, Inc.",69fdf0ad0bb484cab513d40c,"ncd054 - North Cass Shopping Center {North Cass Development, LLC}",evidenceOfInsurance,Evidence of Insurance,6ac20aae-5728-5d57-b364-aeba38527dba,Additional Requirements,3649e9d1-4e09-59bf-8f30-cb33c40cf117,"Certificate Holder must read: c/o Block Real Estate Services, LLC, 4622 Pennsylvania St., Suite 700, Kansas City, MO, 64112",,matchOnce,must be present,,,non_compliant,Block Requirements,,,true,0,,2026-08-16
"Block Real Estate Services, LLC",6a1884fff57d1e1a07a147ef,69fded2062446148bd84912f,Salvation Army Family Store / The Salvation Army,69fdf0ad0bb484cab513d40c,"ncd054 - North Cass Shopping Center {North Cass Development, LLC}",evidenceOfInsurance,Evidence of Insurance,commercialGeneralLiability,Commercial General Liability,evidenceOfInsuranceCommercialGeneralLiabilityCoverageTriggerOccurrence,Coverage Trigger: Occurrence,,matchOnce,must be present,,,non_compliant,Block Requirements,,,false,0,,2026-08-16
"Block Real Estate Services, LLC",6a1884fff57d1e1a07a147ef,69fded2062446148bd84912f,Salvation Army Family Store / The Salvation Army,69fdf0ad0bb484cab513d40c,"ncd054 - North Cass Shopping Center {North Cass Development, LLC}",evidenceOfInsurance,Evidence of Insurance,commercialGeneralLiability,Commercial General Liability,evidenceOfInsuranceCommercialGeneralLiabilityGeneralAggregateLimitAppliesPerLocation,General Aggregate Limit Applies per: Location,,matchOnce,must be present,,,non_compliant,Block Requirements,,,false,0,,2026-08-16
"Block Real Estate Services, LLC",6a1884fff57d1e1a07a147ef,69fded2062446148bd84912f,Salvation Army Family Store / The Salvation Army,69fdf0ad0bb484cab513d40c,"ncd054 - North Cass Shopping Center {North Cass Development, LLC}",evidenceOfInsurance,Evidence of Insurance,commercialGeneralLiability,Commercial General Liability,evidenceOfInsuranceCommercialGeneralLiabilityEachOccurrence,Each Occurrence,,matchOnce,must be greater or equal to,1000000,,non_compliant,Block Requirements,,,false,0,,2026-08-16
"Block Real Estate Services, LLC",6a1884fff57d1e1a07a147ef,69fded2062446148bd84912f,Salvation Army Family Store / The Salvation Army,69fdf0ad0bb484cab513d40c,"ncd054 - North Cass Shopping Center {North Cass Development, LLC}",evidenceOfInsurance,Evidence of Insurance,commercialGeneralLiability,Commercial General Liability,evidenceOfInsuranceCommercialGeneralLiabilityGeneralAggregate,General Aggregate,,matchOnce,must be greater or equal to,2000000,,non_compliant,Block Requirements,,,false,0,,2026-08-16
"Block Real Estate Services, LLC",6a1884fff57d1e1a07a147ef,69fded2062446148bd84912f,Salvation Army Family Store / The Salvation Army,69fdf0ad0bb484cab513d40c,"ncd054 - North Cass Shopping Center {North Cass Development, LLC}",evidenceOfInsurance,Evidence of Insurance,commercialGeneralLiability,Commercial General Liability,evidenceOfInsuranceCommercialGeneralLiabilityWaiverOfSubrogationEndorsement,Waiver of Subrogation,"---prompt---
Determine if the insurer has waived their right of subrogation in favor of the certificate holder under the Commercial General Liability policy. Evidence may include: a checked ""Waiver of Subrogation"" box on the certificate, mention in the Description of Operations section stating ""waiver of subrogation applies"", or reference to form CG 24 04. Look for language like ""subrogation is waived"" or ""per written contract"".",matchOnce,must be present,,,non_compliant,Block Requirements,,,false,0,,2026-08-16
"Block Real Estate Services, LLC",6a1884fff57d1e1a07a147ef,69fded2062446148bd84912f,Salvation Army Family Store / The Salvation Army,69fdf0ad0bb484cab513d40c,"ncd054 - North Cass Shopping Center {North Cass Development, LLC}",evidenceOfInsurance,Evidence of Insurance,excessOrUmbrellaLiability,Umbrella/Excess Liability,evidenceOfInsuranceExcessOrUmbrellaLiabilityOccurence,Coverage Trigger: Occurrence,,matchOnce,must be present,,,non_compliant,Block Requirements,,,false,0,,2026-08-16
"Block Real Estate Services, LLC",6a1884fff57d1e1a07a147ef,69fded2062446148bd84912f,Salvation Army Family Store / The Salvation Army,69fdf0ad0bb484cab513d40c,"ncd054 - North Cass Shopping Center {North Cass Development, LLC}",evidenceOfInsurance,Evidence of Insurance,excessOrUmbrellaLiability,Umbrella/Excess Liability,evidenceOfInsuranceExcessOrUmbrellaLiabilityEachOccurrence,Each Occurrence,,matchOnce,must be greater or equal to,1000000,,non_compliant,Block Requirements,,,false,0,,2026-08-16
"Block Real Estate Services, LLC",6a1884fff57d1e1a07a147ef,69fded2062446148bd84912f,Salvation Army Family Store / The Salvation Army,69fdf0ad0bb484cab513d40c,"ncd054 - North Cass Shopping Center {North Cass Development, LLC}",evidenceOfInsurance,Evidence of Insurance,excessOrUmbrellaLiability,Umbrella/Excess Liability,evidenceOfInsuranceExcessOrUmbrellaLiabilityAggregate,Aggregate,,matchOnce,must be greater or equal to,1000000,,non_compliant,Block Requirements,,,false,0,,2026-08-16
"Block Real Estate Services, LLC",6a1884fff57d1e1a07a147ef,69fded2062446148bd84912f,Salvation Army Family Store / The Salvation Army,69fdf0ad0bb484cab513d40c,"ncd054 - North Cass Shopping Center {North Cass Development, LLC}",evidenceOfInsurance,Evidence of Insurance,workersCompensation,Workers' Compensation and Employer's Liability,evidenceOfInsuranceWorkersCompensationStatutoryLimits,Statutory Limits,,matchOnce,must be present,,,non_compliant,Block Requirements,,,false,0,,2026-08-16
"Block Real Estate Services, LLC",6a1884fff57d1e1a07a147ef,69fded2062446148bd84912f,Salvation Army Family Store / The Salvation Army,69fdf0ad0bb484cab513d40c,"ncd054 - North Cass Shopping Center {North Cass Development, LLC}",evidenceOfInsurance,Evidence of Insurance,workersCompensation,Workers' Compensation and Employer's Liability,evidenceOfInsuranceWorkersCompensationEmployersLiabilityEachAccident,Employer's Liability Each Accident,,matchOnce,must be greater or equal to,500000,,non_compliant,Block Requirements,,,false,0,,2026-08-16
"Block Real Estate Services, LLC",6a1884fff57d1e1a07a147ef,69fded2062446148bd84912f,Salvation Army Family Store / The Salvation Army,69fdf0ad0bb484cab513d40c,"ncd054 - North Cass Shopping Center {North Cass Development, LLC}",evidenceOfInsurance,Evidence of Insurance,workersCompensation,Workers' Compensation and Employer's Liability,evidenceOfInsuranceWorkersCompensationEmployersLiabilityDiseaseEachEmployee,Employer's Liability Disease - each employee,,matchOnce,must be greater or equal to,500000,,non_compliant,Block Requirements,,,false,0,,2026-08-16
"Block Real Estate Services, LLC",6a1884fff57d1e1a07a147ef,69fded2062446148bd84912f,Salvation Army Family Store / The Salvation Army,69fdf0ad0bb484cab513d40c,"ncd054 - North Cass Shopping Center {North Cass Development, LLC}",evidenceOfInsurance,Evidence of Insurance,workersCompensation,Workers' Compensation and Employer's Liability,evidenceOfInsuranceWorkersCompensationEmployersLiabilityDiseasePolicyLimit,Employer's Liability Disease - policy limit,,matchOnce,must be greater or equal to,500000,,non_compliant,Block Requirements,,,false,0,,2026-08-16
"Block Real Estate Services, LLC",6a1884fff57d1e1a07a147ef,69fded2062446148bd84912f,Salvation Army Family Store / The Salvation Army,69fdf0ad0bb484cab513d40c,"ncd054 - North Cass Shopping Center {North Cass Development, LLC}",evidenceOfInsurance,Evidence of Insurance,workersCompensation,Workers' Compensation and Employer's Liability,evidenceOfInsuranceWorkersCompensationWaiverOfSubrogationEndorsement,Waiver of Subrogation,"---prompt---
Determine if the insurer has waived their right of subrogation in favor of the certificate holder under the Workers' Compensation policy. Evidence may include: a checked ""Waiver of Subrogation"" box on the certificate, mention in the Description of Operations section stating ""waiver of subrogation applies"", or reference to form WC 00 03 13. Look for language like ""subrogation is waived"" or ""per written contract"".",matchOnce,must be present,,,non_compliant,Block Requirements,,,false,0,,2026-08-16
"Block Real Estate Services, LLC",6a1884fff57d1e1a07a147ef,69fded2062446148bd84912f,Salvation Army Family Store / The Salvation Army,69fdf0ad0bb484cab513d40c,"ncd054 - North Cass Shopping Center {North Cass Development, LLC}",evidenceOfInsurance,Evidence of Insurance,6ac20aae-5728-5d57-b364-aeba38527dba,Additional Requirements,4da5b0f1-4c9d-5885-8cf8-5d3cccaed3e0,"Block Real Estate Services, LLC and all others required by contract are named as Additional Insureds","---prompt---
Determine if the Description of Operations or the Additional Remarks Schedule section states the ""Additional Insured as Construction Management, Inc. and all others required by contract"" or reference to blanket additional insured coverage. Look for language like ""certificate holder is additional insured"" or ""per written contract"".",matchOnce,must be present,,,non_compliant,Block Requirements,,,true,0,,2026-08-16
"Block Real Estate Services, LLC",6a1884fff57d1e1a07a147ef,69fded2062446148bd84912f,Salvation Army Family Store / The Salvation Army,69fdf0ad0bb484cab513d40c,"ncd054 - North Cass Shopping Center {North Cass Development, LLC}",evidenceOfInsurance,Evidence of Insurance,6ac20aae-5728-5d57-b364-aeba38527dba,Additional Requirements,e1017741-e47e-5f58-97b8-fbc3043e919f,Umbrella follows form over General Liability,"---prompt---
Determine if the Umbrella/Excess Liability policy follows form to the underlying policies. Evidence may include: language in the Description of Operations section stating the umbrella follows form to underlying coverages or an additional page endorsement stating that it follows form. Follow form means the umbrella policy adopts the same terms, conditions, and exclusions as the underlying policies.",matchOnce,must be present,,,non_compliant,Block Requirements,,,true,0,,2026-08-16
"Block Real Estate Services, LLC",6a1884fff57d1e1a07a147ef,69fded2062446148bd84912f,Salvation Army Family Store / The Salvation Army,69fdf0ad0bb484cab513d40c,"ncd054 - North Cass Shopping Center {North Cass Development, LLC}",evidenceOfInsurance,Evidence of Insurance,6ac20aae-5728-5d57-b364-aeba38527dba,Additional Requirements,2cdd866f-c9a4-576a-afd8-1d045762790c,The location must be listed as: 1827 E. North Avenue Belton MO 64012,,matchOnce,must be present,,,non_compliant,Block Requirements,,,true,0,,2026-08-16
"Block Real Estate Services, LLC",6a1884fff57d1e1a07a147ef,69fded2062446148bd84912f,Salvation Army Family Store / The Salvation Army,69fdf0ad0bb484cab513d40c,"ncd054 - North Cass Shopping Center {North Cass Development, LLC}",evidenceOfInsurance,Evidence of Insurance,6ac20aae-5728-5d57-b364-aeba38527dba,Additional Requirements,3649e9d1-4e09-59bf-8f30-cb33c40cf117,"Certificate Holder must read: c/o Block Real Estate Services, LLC, 4622 Pennsylvania St., Suite 700, Kansas City, MO, 64112",,matchOnce,must be present,,,non_compliant,Block Requirements,,,true,0,,2026-08-16
"Block Real Estate Services, LLC",6a188566f57d1e1a07a14872,6a1885319ef1cffe57c7679c,Dutch Brothers Coffee,69fdf0ad0bb484cab513d40c,"ncd054 - North Cass Shopping Center {North Cass Development, LLC}",evidenceOfInsurance,Evidence of Insurance,commercialGeneralLiability,Commercial General Liability,evidenceOfInsuranceCommercialGeneralLiabilityCoverageTriggerOccurrence,Coverage Trigger: Occurrence,,matchOnce,must be present,,Present,compliant,Block Requirements,,,false,1,,2026-08-16
"Block Real Estate Services, LLC",6a188566f57d1e1a07a14872,6a1885319ef1cffe57c7679c,Dutch Brothers Coffee,69fdf0ad0bb484cab513d40c,"ncd054 - North Cass Shopping Center {North Cass Development, LLC}",evidenceOfInsurance,Evidence of Insurance,commercialGeneralLiability,Commercial General Liability,evidenceOfInsuranceCommercialGeneralLiabilityGeneralAggregateLimitAppliesPerLocation,General Aggregate Limit Applies per: Location,,matchOnce,must be present,,Present,compliant,Block Requirements,,,false,1,,2026-08-16
"Block Real Estate Services, LLC",6a188566f57d1e1a07a14872,6a1885319ef1cffe57c7679c,Dutch Brothers Coffee,69fdf0ad0bb484cab513d40c,"ncd054 - North Cass Shopping Center {North Cass Development, LLC}",evidenceOfInsurance,Evidence of Insurance,commercialGeneralLiability,Commercial General Liability,evidenceOfInsuranceCommercialGeneralLiabilityEachOccurrence,Each Occurrence,,matchOnce,must be greater or equal to,1000000,1000000,compliant,Block Requirements,,,false,1,,2026-08-16
"Block Real Estate Services, LLC",6a188566f57d1e1a07a14872,6a1885319ef1cffe57c7679c,Dutch Brothers Coffee,69fdf0ad0bb484cab513d40c,"ncd054 - North Cass Shopping Center {North Cass Development, LLC}",evidenceOfInsurance,Evidence of Insurance,commercialGeneralLiability,Commercial General Liability,evidenceOfInsuranceCommercialGeneralLiabilityGeneralAggregate,General Aggregate,,matchOnce,must be greater or equal to,2000000,2000000,compliant,Block Requirements,,,false,1,,2026-08-16
"Block Real Estate Services, LLC",6a188566f57d1e1a07a14872,6a1885319ef1cffe57c7679c,Dutch Brothers Coffee,69fdf0ad0bb484cab513d40c,"ncd054 - North Cass Shopping Center {North Cass Development, LLC}",evidenceOfInsurance,Evidence of Insurance,commercialGeneralLiability,Commercial General Liability,evidenceOfInsuranceCommercialGeneralLiabilityWaiverOfSubrogationEndorsement,Waiver of Subrogation,"---prompt---
Determine if the insurer has waived their right of subrogation in favor of the certificate holder under the Commercial General Liability policy. Evidence may include: a checked ""Waiver of Subrogation"" box on the certificate, mention in the Description of Operations section stating ""waiver of subrogation applies"", or reference to form CG 24 04. Look for language like ""subrogation is waived"" or ""per written contract"".",matchOnce,must be present,,Present,compliant,Block Requirements,,,false,1,,2026-08-16
"Block Real Estate Services, LLC",6a188566f57d1e1a07a14872,6a1885319ef1cffe57c7679c,Dutch Brothers Coffee,69fdf0ad0bb484cab513d40c,"ncd054 - North Cass Shopping Center {North Cass Development, LLC}",evidenceOfInsurance,Evidence of Insurance,excessOrUmbrellaLiability,Umbrella/Excess Liability,evidenceOfInsuranceExcessOrUmbrellaLiabilityOccurence,Coverage Trigger: Occurrence,,matchOnce,must be present,,Present,compliant,Block Requirements,,,false,1,,2026-08-16
"Block Real Estate Services, LLC",6a188566f57d1e1a07a14872,6a1885319ef1cffe57c7679c,Dutch Brothers Coffee,69fdf0ad0bb484cab513d40c,"ncd054 - North Cass Shopping Center {North Cass Development, LLC}",evidenceOfInsurance,Evidence of Insurance,excessOrUmbrellaLiability,Umbrella/Excess Liability,evidenceOfInsuranceExcessOrUmbrellaLiabilityEachOccurrence,Each Occurrence,,matchOnce,must be greater or equal to,1000000,5000000,compliant,Block Requirements,,,false,1,,2026-08-16
"Block Real Estate Services, LLC",6a188566f57d1e1a07a14872,6a1885319ef1cffe57c7679c,Dutch Brothers Coffee,69fdf0ad0bb484cab513d40c,"ncd054 - North Cass Shopping Center {North Cass Development, LLC}",evidenceOfInsurance,Evidence of Insurance,excessOrUmbrellaLiability,Umbrella/Excess Liability,evidenceOfInsuranceExcessOrUmbrellaLiabilityAggregate,Aggregate,,matchOnce,must be greater or equal to,1000000,5000000,compliant,Block Requirements,,,false,1,,2026-08-16
"Block Real Estate Services, LLC",6a188566f57d1e1a07a14872,6a1885319ef1cffe57c7679c,Dutch Brothers Coffee,69fdf0ad0bb484cab513d40c,"ncd054 - North Cass Shopping Center {North Cass Development, LLC}",evidenceOfInsurance,Evidence of Insurance,workersCompensation,Workers' Compensation and Employer's Liability,evidenceOfInsuranceWorkersCompensationStatutoryLimits,Statutory Limits,,matchOnce,must be present,,Present,compliant,Block Requirements,,,false,1,,2026-08-16
"Block Real Estate Services, LLC",6a188566f57d1e1a07a14872,6a1885319ef1cffe57c7679c,Dutch Brothers Coffee,69fdf0ad0bb484cab513d40c,"ncd054 - North Cass Shopping Center {North Cass Development, LLC}",evidenceOfInsurance,Evidence of Insurance,workersCompensation,Workers' Compensation and Employer's Liability,evidenceOfInsuranceWorkersCompensationEmployersLiabilityEachAccident,Employer's Liability Each Accident,,matchOnce,must be greater or equal to,500000,1000000,compliant,Block Requirements,,,false,1,,2026-08-16
"Block Real Estate Services, LLC",6a188566f57d1e1a07a14872,6a1885319ef1cffe57c7679c,Dutch Brothers Coffee,69fdf0ad0bb484cab513d40c,"ncd054 - North Cass Shopping Center {North Cass Development, LLC}",evidenceOfInsurance,Evidence of Insurance,workersCompensation,Workers' Compensation and Employer's Liability,evidenceOfInsuranceWorkersCompensationEmployersLiabilityDiseaseEachEmployee,Employer's Liability Disease - each employee,,matchOnce,must be greater or equal to,500000,1000000,compliant,Block Requirements,,,false,1,,2026-08-16
"Block Real Estate Services, LLC",6a188566f57d1e1a07a14872,6a1885319ef1cffe57c7679c,Dutch Brothers Coffee,69fdf0ad0bb484cab513d40c,"ncd054 - North Cass Shopping Center {North Cass Development, LLC}",evidenceOfInsurance,Evidence of Insurance,workersCompensation,Workers' Compensation and Employer's Liability,evidenceOfInsuranceWorkersCompensationEmployersLiabilityDiseasePolicyLimit,Employer's Liability Disease - policy limit,,matchOnce,must be greater or equal to,500000,1000000,compliant,Block Requirements,,,false,1,,2026-08-16
"Block Real Estate Services, LLC",6a188566f57d1e1a07a14872,6a1885319ef1cffe57c7679c,Dutch Brothers Coffee,69fdf0ad0bb484cab513d40c,"ncd054 - North Cass Shopping Center {North Cass Development, LLC}",evidenceOfInsurance,Evidence of Insurance,workersCompensation,Workers' Compensation and Employer's Liability,evidenceOfInsuranceWorkersCompensationWaiverOfSubrogationEndorsement,Waiver of Subrogation,"---prompt---
Determine if the insurer has waived their right of subrogation in favor of the certificate holder under the Workers' Compensation policy. Evidence may include: a checked ""Waiver of Subrogation"" box on the certificate, mention in the Description of Operations section stating ""waiver of subrogation applies"", or reference to form WC 00 03 13. Look for language like ""subrogation is waived"" or ""per written contract"".",matchOnce,must be present,,Present,compliant,Block Requirements,,,false,1,,2026-08-16
"Block Real Estate Services, LLC",6a188566f57d1e1a07a14872,6a1885319ef1cffe57c7679c,Dutch Brothers Coffee,69fdf0ad0bb484cab513d40c,"ncd054 - North Cass Shopping Center {North Cass Development, LLC}",evidenceOfInsurance,Evidence of Insurance,6ac20aae-5728-5d57-b364-aeba38527dba,Additional Requirements,4da5b0f1-4c9d-5885-8cf8-5d3cccaed3e0,"Block Real Estate Services, LLC and all others required by contract are named as Additional Insureds","---prompt---
Determine if the Description of Operations or the Additional Remarks Schedule section states the ""Additional Insured as Construction Management, Inc. and all others required by contract"" or reference to blanket additional insured coverage. Look for language like ""certificate holder is additional insured"" or ""per written contract"".",matchOnce,must be present,,Present,compliant,Block Requirements,,,true,1,,2026-08-16
"Block Real Estate Services, LLC",6a188566f57d1e1a07a14872,6a1885319ef1cffe57c7679c,Dutch Brothers Coffee,69fdf0ad0bb484cab513d40c,"ncd054 - North Cass Shopping Center {North Cass Development, LLC}",evidenceOfInsurance,Evidence of Insurance,6ac20aae-5728-5d57-b364-aeba38527dba,Additional Requirements,e1017741-e47e-5f58-97b8-fbc3043e919f,Umbrella follows form over General Liability,"---prompt---
Determine if the Umbrella/Excess Liability policy follows form to the underlying policies. Evidence may include: language in the Description of Operations section stating the umbrella follows form to underlying coverages or an additional page endorsement stating that it follows form. Follow form means the umbrella policy adopts the same terms, conditions, and exclusions as the underlying policies.",matchOnce,must be present,,Present,compliant,Block Requirements,,,true,1,,2026-08-16
"Block Real Estate Services, LLC",6a188566f57d1e1a07a14872,6a1885319ef1cffe57c7679c,Dutch Brothers Coffee,69fdf0ad0bb484cab513d40c,"ncd054 - North Cass Shopping Center {North Cass Development, LLC}",evidenceOfInsurance,Evidence of Insurance,6ac20aae-5728-5d57-b364-aeba38527dba,Additional Requirements,2cdd866f-c9a4-576a-afd8-1d045762790c,The location must be listed as: 1733 E. North Avenue Belton MO 64012,,matchOnce,must be present,,Present,compliant,Block Requirements,,,true,1,,2026-08-16
"Block Real Estate Services, LLC",6a188566f57d1e1a07a14872,6a1885319ef1cffe57c7679c,Dutch Brothers Coffee,69fdf0ad0bb484cab513d40c,"ncd054 - North Cass Shopping Center {North Cass Development, LLC}",evidenceOfInsurance,Evidence of Insurance,6ac20aae-5728-5d57-b364-aeba38527dba,Additional Requirements,3649e9d1-4e09-59bf-8f30-cb33c40cf117,"Certificate Holder must read: c/o Block Real Estate Services, LLC, 4622 Pennsylvania St., Suite 700, Kansas City, MO, 64112",,matchOnce,must be present,,Present,compliant,Block Requirements,,,true,1,,2026-08-16
"Block Real Estate Services, LLC",6a188566f57d1e1a07a14873,6a18853c9ef1cffe57c768cc,Nails 4 U,69fdf0ad0bb484cab513d40c,"ncd054 - North Cass Shopping Center {North Cass Development, LLC}",evidenceOfInsurance,Evidence of Insurance,commercialGeneralLiability,Commercial General Liability,evidenceOfInsuranceCommercialGeneralLiabilityCoverageTriggerOccurrence,Coverage Trigger: Occurrence,,matchOnce,must be present,,,non_compliant,Block Requirements,,,false,0,,2026-08-16
"Block Real Estate Services, LLC",6a188566f57d1e1a07a14873,6a18853c9ef1cffe57c768cc,Nails 4 U,69fdf0ad0bb484cab513d40c,"ncd054 - North Cass Shopping Center {North Cass Development, LLC}",evidenceOfInsurance,Evidence of Insurance,commercialGeneralLiability,Commercial General Liability,evidenceOfInsuranceCommercialGeneralLiabilityGeneralAggregateLimitAppliesPerLocation,General Aggregate Limit Applies per: Location,,matchOnce,must be present,,,non_compliant,Block Requirements,,,false,0,,2026-08-16
"Block Real Estate Services, LLC",6a188566f57d1e1a07a14873,6a18853c9ef1cffe57c768cc,Nails 4 U,69fdf0ad0bb484cab513d40c,"ncd054 - North Cass Shopping Center {North Cass Development, LLC}",evidenceOfInsurance,Evidence of Insurance,commercialGeneralLiability,Commercial General Liability,evidenceOfInsuranceCommercialGeneralLiabilityEachOccurrence,Each Occurrence,,matchOnce,must be greater or equal to,1000000,,non_compliant,Block Requirements,,,false,0,,2026-08-16
"Block Real Estate Services, LLC",6a188566f57d1e1a07a14873,6a18853c9ef1cffe57c768cc,Nails 4 U,69fdf0ad0bb484cab513d40c,"ncd054 - North Cass Shopping Center {North Cass Development, LLC}",evidenceOfInsurance,Evidence of Insurance,commercialGeneralLiability,Commercial General Liability,evidenceOfInsuranceCommercialGeneralLiabilityGeneralAggregate,General Aggregate,,matchOnce,must be greater or equal to,2000000,,non_compliant,Block Requirements,,,false,0,,2026-08-16
"Block Real Estate Services, LLC",6a188566f57d1e1a07a14873,6a18853c9ef1cffe57c768cc,Nails 4 U,69fdf0ad0bb484cab513d40c,"ncd054 - North Cass Shopping Center {North Cass Development, LLC}",evidenceOfInsurance,Evidence of Insurance,commercialGeneralLiability,Commercial General Liability,evidenceOfInsuranceCommercialGeneralLiabilityWaiverOfSubrogationEndorsement,Waiver of Subrogation,"---prompt---
Determine if the insurer has waived their right of subrogation in favor of the certificate holder under the Commercial General Liability policy. Evidence may include: a checked ""Waiver of Subrogation"" box on the certificate, mention in the Description of Operations section stating ""waiver of subrogation applies"", or reference to form CG 24 04. Look for language like ""subrogation is waived"" or ""per written contract"".",matchOnce,must be present,,,non_compliant,Block Requirements,,,false,0,,2026-08-16
"Block Real Estate Services, LLC",6a188566f57d1e1a07a14873,6a18853c9ef1cffe57c768cc,Nails 4 U,69fdf0ad0bb484cab513d40c,"ncd054 - North Cass Shopping Center {North Cass Development, LLC}",evidenceOfInsurance,Evidence of Insurance,excessOrUmbrellaLiability,Umbrella/Excess Liability,evidenceOfInsuranceExcessOrUmbrellaLiabilityOccurence,Coverage Trigger: Occurrence,,matchOnce,must be present,,,non_compliant,Block Requirements,,,false,0,,2026-08-16
"Block Real Estate Services, LLC",6a188566f57d1e1a07a14873,6a18853c9ef1cffe57c768cc,Nails 4 U,69fdf0ad0bb484cab513d40c,"ncd054 - North Cass Shopping Center {North Cass Development, LLC}",evidenceOfInsurance,Evidence of Insurance,excessOrUmbrellaLiability,Umbrella/Excess Liability,evidenceOfInsuranceExcessOrUmbrellaLiabilityEachOccurrence,Each Occurrence,,matchOnce,must be greater or equal to,1000000,,non_compliant,Block Requirements,,,false,0,,2026-08-16
"Block Real Estate Services, LLC",6a188566f57d1e1a07a14873,6a18853c9ef1cffe57c768cc,Nails 4 U,69fdf0ad0bb484cab513d40c,"ncd054 - North Cass Shopping Center {North Cass Development, LLC}",evidenceOfInsurance,Evidence of Insurance,excessOrUmbrellaLiability,Umbrella/Excess Liability,evidenceOfInsuranceExcessOrUmbrellaLiabilityAggregate,Aggregate,,matchOnce,must be greater or equal to,1000000,,non_compliant,Block Requirements,,,false,0,,2026-08-16
"Block Real Estate Services, LLC",6a188566f57d1e1a07a14873,6a18853c9ef1cffe57c768cc,Nails 4 U,69fdf0ad0bb484cab513d40c,"ncd054 - North Cass Shopping Center {North Cass Development, LLC}",evidenceOfInsurance,Evidence of Insurance,workersCompensation,Workers' Compensation and Employer's Liability,evidenceOfInsuranceWorkersCompensationStatutoryLimits,Statutory Limits,,matchOnce,must be present,,,non_compliant,Block Requirements,,,false,0,,2026-08-16
"Block Real Estate Services, LLC",6a188566f57d1e1a07a14873,6a18853c9ef1cffe57c768cc,Nails 4 U,69fdf0ad0bb484cab513d40c,"ncd054 - North Cass Shopping Center {North Cass Development, LLC}",evidenceOfInsurance,Evidence of Insurance,workersCompensation,Workers' Compensation and Employer's Liability,evidenceOfInsuranceWorkersCompensationEmployersLiabilityEachAccident,Employer's Liability Each Accident,,matchOnce,must be greater or equal to,500000,,non_compliant,Block Requirements,,,false,0,,2026-08-16
"Block Real Estate Services, LLC",6a188566f57d1e1a07a14873,6a18853c9ef1cffe57c768cc,Nails 4 U,69fdf0ad0bb484cab513d40c,"ncd054 - North Cass Shopping Center {North Cass Development, LLC}",evidenceOfInsurance,Evidence of Insurance,workersCompensation,Workers' Compensation and Employer's Liability,evidenceOfInsuranceWorkersCompensationEmployersLiabilityDiseaseEachEmployee,Employer's Liability Disease - each employee,,matchOnce,must be greater or equal to,500000,,non_compliant,Block Requirements,,,false,0,,2026-08-16
"Block Real Estate Services, LLC",6a188566f57d1e1a07a14873,6a18853c9ef1cffe57c768cc,Nails 4 U,69fdf0ad0bb484cab513d40c,"ncd054 - North Cass Shopping Center {North Cass Development, LLC}",evidenceOfInsurance,Evidence of Insurance,workersCompensation,Workers' Compensation and Employer's Liability,evidenceOfInsuranceWorkersCompensationEmployersLiabilityDiseasePolicyLimit,Employer's Liability Disease - policy limit,,matchOnce,must be greater or equal to,500000,,non_compliant,Block Requirements,,,false,0,,2026-08-16
"Block Real Estate Services, LLC",6a188566f57d1e1a07a14873,6a18853c9ef1cffe57c768cc,Nails 4 U,69fdf0ad0bb484cab513d40c,"ncd054 - North Cass Shopping Center {North Cass Development, LLC}",evidenceOfInsurance,Evidence of Insurance,workersCompensation,Workers' Compensation and Employer's Liability,evidenceOfInsuranceWorkersCompensationWaiverOfSubrogationEndorsement,Waiver of Subrogation,"---prompt---
Determine if the insurer has waived their right of subrogation in favor of the certificate holder under the Workers' Compensation policy. Evidence may include: a checked ""Waiver of Subrogation"" box on the certificate, mention in the Description of Operations section stating ""waiver of subrogation applies"", or reference to form WC 00 03 13. Look for language like ""subrogation is waived"" or ""per written contract"".",matchOnce,must be present,,,non_compliant,Block Requirements,,,false,0,,2026-08-16
"Block Real Estate Services, LLC",6a188566f57d1e1a07a14873,6a18853c9ef1cffe57c768cc,Nails 4 U,69fdf0ad0bb484cab513d40c,"ncd054 - North Cass Shopping Center {North Cass Development, LLC}",evidenceOfInsurance,Evidence of Insurance,6ac20aae-5728-5d57-b364-aeba38527dba,Additional Requirements,4da5b0f1-4c9d-5885-8cf8-5d3cccaed3e0,"Block Real Estate Services, LLC and all others required by contract are named as Additional Insureds","---prompt---
Determine if the Description of Operations or the Additional Remarks Schedule section states the ""Additional Insured as Construction Management, Inc. and all others required by contract"" or reference to blanket additional insured coverage. Look for language like ""certificate holder is additional insured"" or ""per written contract"".",matchOnce,must be present,,,non_compliant,Block Requirements,,,true,0,,2026-08-16
"Block Real Estate Services, LLC",6a188566f57d1e1a07a14873,6a18853c9ef1cffe57c768cc,Nails 4 U,69fdf0ad0bb484cab513d40c,"ncd054 - North Cass Shopping Center {North Cass Development, LLC}",evidenceOfInsurance,Evidence of Insurance,6ac20aae-5728-5d57-b364-aeba38527dba,Additional Requirements,e1017741-e47e-5f58-97b8-fbc3043e919f,Umbrella follows form over General Liability,"---prompt---
Determine if the Umbrella/Excess Liability policy follows form to the underlying policies. Evidence may include: language in the Description of Operations section stating the umbrella follows form to underlying coverages or an additional page endorsement stating that it follows form. Follow form means the umbrella policy adopts the same terms, conditions, and exclusions as the underlying policies.",matchOnce,must be present,,,non_compliant,Block Requirements,,,true,0,,2026-08-16
"Block Real Estate Services, LLC",6a188566f57d1e1a07a14873,6a18853c9ef1cffe57c768cc,Nails 4 U,69fdf0ad0bb484cab513d40c,"ncd054 - North Cass Shopping Center {North Cass Development, LLC}",evidenceOfInsurance,Evidence of Insurance,6ac20aae-5728-5d57-b364-aeba38527dba,Additional Requirements,2cdd866f-c9a4-576a-afd8-1d045762790c,The location must be listed as: 1807 E. North Avenue Belton MO 64012,,matchOnce,must be present,,,non_compliant,Block Requirements,,,true,0,,2026-08-16
"Block Real Estate Services, LLC",6a188566f57d1e1a07a14873,6a18853c9ef1cffe57c768cc,Nails 4 U,69fdf0ad0bb484cab513d40c,"ncd054 - North Cass Shopping Center {North Cass Development, LLC}",evidenceOfInsurance,Evidence of Insurance,6ac20aae-5728-5d57-b364-aeba38527dba,Additional Requirements,3649e9d1-4e09-59bf-8f30-cb33c40cf117,"Certificate Holder must read: c/o Block Real Estate Services, LLC, 4622 Pennsylvania St., Suite 700, Kansas City, MO, 64112",,matchOnce,must be present,,,non_compliant,Block Requirements,,,true,0,,2026-08-16
"Block Real Estate Services, LLC",6a188566f57d1e1a07a14874,6a1885479ef1cffe57c76a9d,Community Bank of Raymore,69fdf0ad0bb484cab513d40c,"ncd054 - North Cass Shopping Center {North Cass Development, LLC}",evidenceOfInsurance,Evidence of Insurance,commercialGeneralLiability,Commercial General Liability,evidenceOfInsuranceCommercialGeneralLiabilityCoverageTriggerOccurrence,Coverage Trigger: Occurrence,,matchOnce,must be present,,,non_compliant,Block Requirements,,,false,0,,2026-08-16
"Block Real Estate Services, LLC",6a188566f57d1e1a07a14874,6a1885479ef1cffe57c76a9d,Community Bank of Raymore,69fdf0ad0bb484cab513d40c,"ncd054 - North Cass Shopping Center {North Cass Development, LLC}",evidenceOfInsurance,Evidence of Insurance,commercialGeneralLiability,Commercial General Liability,evidenceOfInsuranceCommercialGeneralLiabilityGeneralAggregateLimitAppliesPerLocation,General Aggregate Limit Applies per: Location,,matchOnce,must be present,,,non_compliant,Block Requirements,,,false,0,,2026-08-16
"Block Real Estate Services, LLC",6a188566f57d1e1a07a14874,6a1885479ef1cffe57c76a9d,Community Bank of Raymore,69fdf0ad0bb484cab513d40c,"ncd054 - North Cass Shopping Center {North Cass Development, LLC}",evidenceOfInsurance,Evidence of Insurance,commercialGeneralLiability,Commercial General Liability,evidenceOfInsuranceCommercialGeneralLiabilityEachOccurrence,Each Occurrence,,matchOnce,must be greater or equal to,1000000,,non_compliant,Block Requirements,,,false,0,,2026-08-16
"Block Real Estate Services, LLC",6a188566f57d1e1a07a14874,6a1885479ef1cffe57c76a9d,Community Bank of Raymore,69fdf0ad0bb484cab513d40c,"ncd054 - North Cass Shopping Center {North Cass Development, LLC}",evidenceOfInsurance,Evidence of Insurance,commercialGeneralLiability,Commercial General Liability,evidenceOfInsuranceCommercialGeneralLiabilityGeneralAggregate,General Aggregate,,matchOnce,must be greater or equal to,2000000,,non_compliant,Block Requirements,,,false,0,,2026-08-16
"Block Real Estate Services, LLC",6a188566f57d1e1a07a14874,6a1885479ef1cffe57c76a9d,Community Bank of Raymore,69fdf0ad0bb484cab513d40c,"ncd054 - North Cass Shopping Center {North Cass Development, LLC}",evidenceOfInsurance,Evidence of Insurance,commercialGeneralLiability,Commercial General Liability,evidenceOfInsuranceCommercialGeneralLiabilityWaiverOfSubrogationEndorsement,Waiver of Subrogation,"---prompt---
Determine if the insurer has waived their right of subrogation in favor of the certificate holder under the Commercial General Liability policy. Evidence may include: a checked ""Waiver of Subrogation"" box on the certificate, mention in the Description of Operations section stating ""waiver of subrogation applies"", or reference to form CG 24 04. Look for language like ""subrogation is waived"" or ""per written contract"".",matchOnce,must be present,,,non_compliant,Block Requirements,,,false,0,,2026-08-16
"Block Real Estate Services, LLC",6a188566f57d1e1a07a14874,6a1885479ef1cffe57c76a9d,Community Bank of Raymore,69fdf0ad0bb484cab513d40c,"ncd054 - North Cass Shopping Center {North Cass Development, LLC}",evidenceOfInsurance,Evidence of Insurance,excessOrUmbrellaLiability,Umbrella/Excess Liability,evidenceOfInsuranceExcessOrUmbrellaLiabilityOccurence,Coverage Trigger: Occurrence,,matchOnce,must be present,,,non_compliant,Block Requirements,,,false,0,,2026-08-16
"Block Real Estate Services, LLC",6a188566f57d1e1a07a14874,6a1885479ef1cffe57c76a9d,Community Bank of Raymore,69fdf0ad0bb484cab513d40c,"ncd054 - North Cass Shopping Center {North Cass Development, LLC}",evidenceOfInsurance,Evidence of Insurance,excessOrUmbrellaLiability,Umbrella/Excess Liability,evidenceOfInsuranceExcessOrUmbrellaLiabilityEachOccurrence,Each Occurrence,,matchOnce,must be greater or equal to,1000000,,non_compliant,Block Requirements,,,false,0,,2026-08-16
"Block Real Estate Services, LLC",6a188566f57d1e1a07a14874,6a1885479ef1cffe57c76a9d,Community Bank of Raymore,69fdf0ad0bb484cab513d40c,"ncd054 - North Cass Shopping Center {North Cass Development, LLC}",evidenceOfInsurance,Evidence of Insurance,excessOrUmbrellaLiability,Umbrella/Excess Liability,evidenceOfInsuranceExcessOrUmbrellaLiabilityAggregate,Aggregate,,matchOnce,must be greater or equal to,1000000,,non_compliant,Block Requirements,,,false,0,,2026-08-16
"Block Real Estate Services, LLC",6a188566f57d1e1a07a14874,6a1885479ef1cffe57c76a9d,Community Bank of Raymore,69fdf0ad0bb484cab513d40c,"ncd054 - North Cass Shopping Center {North Cass Development, LLC}",evidenceOfInsurance,Evidence of Insurance,workersCompensation,Workers' Compensation and Employer's Liability,evidenceOfInsuranceWorkersCompensationStatutoryLimits,Statutory Limits,,matchOnce,must be present,,,non_compliant,Block Requirements,,,false,0,,2026-08-16
"Block Real Estate Services, LLC",6a188566f57d1e1a07a14874,6a1885479ef1cffe57c76a9d,Community Bank of Raymore,69fdf0ad0bb484cab513d40c,"ncd054 - North Cass Shopping Center {North Cass Development, LLC}",evidenceOfInsurance,Evidence of Insurance,workersCompensation,Workers' Compensation and Employer's Liability,evidenceOfInsuranceWorkersCompensationEmployersLiabilityEachAccident,Employer's Liability Each Accident,,matchOnce,must be greater or equal to,500000,,non_compliant,Block Requirements,,,false,0,,2026-08-16
"Block Real Estate Services, LLC",6a188566f57d1e1a07a14874,6a1885479ef1cffe57c76a9d,Community Bank of Raymore,69fdf0ad0bb484cab513d40c,"ncd054 - North Cass Shopping Center {North Cass Development, LLC}",evidenceOfInsurance,Evidence of Insurance,workersCompensation,Workers' Compensation and Employer's Liability,evidenceOfInsuranceWorkersCompensationEmployersLiabilityDiseaseEachEmployee,Employer's Liability Disease - each employee,,matchOnce,must be greater or equal to,500000,,non_compliant,Block Requirements,,,false,0,,2026-08-16
"Block Real Estate Services, LLC",6a188566f57d1e1a07a14874,6a1885479ef1cffe57c76a9d,Community Bank of Raymore,69fdf0ad0bb484cab513d40c,"ncd054 - North Cass Shopping Center {North Cass Development, LLC}",evidenceOfInsurance,Evidence of Insurance,workersCompensation,Workers' Compensation and Employer's Liability,evidenceOfInsuranceWorkersCompensationEmployersLiabilityDiseasePolicyLimit,Employer's Liability Disease - policy limit,,matchOnce,must be greater or equal to,500000,,non_compliant,Block Requirements,,,false,0,,2026-08-16
"Block Real Estate Services, LLC",6a188566f57d1e1a07a14874,6a1885479ef1cffe57c76a9d,Community Bank of Raymore,69fdf0ad0bb484cab513d40c,"ncd054 - North Cass Shopping Center {North Cass Development, LLC}",evidenceOfInsurance,Evidence of Insurance,workersCompensation,Workers' Compensation and Employer's Liability,evidenceOfInsuranceWorkersCompensationWaiverOfSubrogationEndorsement,Waiver of Subrogation,"---prompt---
Determine if the insurer has waived their right of subrogation in favor of the certificate holder under the Workers' Compensation policy. Evidence may include: a checked ""Waiver of Subrogation"" box on the certificate, mention in the Description of Operations section stating ""waiver of subrogation applies"", or reference to form WC 00 03 13. Look for language like ""subrogation is waived"" or ""per written contract"".",matchOnce,must be present,,,non_compliant,Block Requirements,,,false,0,,2026-08-16
"Block Real Estate Services, LLC",6a188566f57d1e1a07a14874,6a1885479ef1cffe57c76a9d,Community Bank of Raymore,69fdf0ad0bb484cab513d40c,"ncd054 - North Cass Shopping Center {North Cass Development, LLC}",evidenceOfInsurance,Evidence of Insurance,6ac20aae-5728-5d57-b364-aeba38527dba,Additional Requirements,4da5b0f1-4c9d-5885-8cf8-5d3cccaed3e0,"Block Real Estate Services, LLC and all others required by contract are named as Additional Insureds","---prompt---
Determine if the Description of Operations or the Additional Remarks Schedule section states the ""Additional Insured as Construction Management, Inc. and all others required by contract"" or reference to blanket additional insured coverage. Look for language like ""certificate holder is additional insured"" or ""per written contract"".",matchOnce,must be present,,,non_compliant,Block Requirements,,,true,0,,2026-08-16
"Block Real Estate Services, LLC",6a188566f57d1e1a07a14874,6a1885479ef1cffe57c76a9d,Community Bank of Raymore,69fdf0ad0bb484cab513d40c,"ncd054 - North Cass Shopping Center {North Cass Development, LLC}",evidenceOfInsurance,Evidence of Insurance,6ac20aae-5728-5d57-b364-aeba38527dba,Additional Requirements,e1017741-e47e-5f58-97b8-fbc3043e919f,Umbrella follows form over General Liability,"---prompt---
Determine if the Umbrella/Excess Liability policy follows form to the underlying policies. Evidence may include: language in the Description of Operations section stating the umbrella follows form to underlying coverages or an additional page endorsement stating that it follows form. Follow form means the umbrella policy adopts the same terms, conditions, and exclusions as the underlying policies.",matchOnce,must be present,,,non_compliant,Block Requirements,,,true,0,,2026-08-16
"Block Real Estate Services, LLC",6a188566f57d1e1a07a14874,6a1885479ef1cffe57c76a9d,Community Bank of Raymore,69fdf0ad0bb484cab513d40c,"ncd054 - North Cass Shopping Center {North Cass Development, LLC}",evidenceOfInsurance,Evidence of Insurance,6ac20aae-5728-5d57-b364-aeba38527dba,Additional Requirements,2cdd866f-c9a4-576a-afd8-1d045762790c,The location must be listed as: 1727 E. North Avenue ATM Location Belton MO 64012,,matchOnce,must be present,,,non_compliant,Block Requirements,,,true,0,,2026-08-16
"Block Real Estate Services, LLC",6a188566f57d1e1a07a14874,6a1885479ef1cffe57c76a9d,Community Bank of Raymore,69fdf0ad0bb484cab513d40c,"ncd054 - North Cass Shopping Center {North Cass Development, LLC}",evidenceOfInsurance,Evidence of Insurance,6ac20aae-5728-5d57-b364-aeba38527dba,Additional Requirements,3649e9d1-4e09-59bf-8f30-cb33c40cf117,"Certificate Holder must read: c/o Block Real Estate Services, LLC, 4622 Pennsylvania St., Suite 700, Kansas City, MO, 64112",,matchOnce,must be present,,,non_compliant,Block Requirements,,,true,0,,2026-08-16
"Block Real Estate Services, LLC",69fdf76e62446148bd8573c5,69fded2262446148bd849210,The Peavey Corporation,69fdf0150bb484cab513b4eb,col720 - College Crossing - Building 1 (Building A) {COLLEGE CROSSING ASSOCIATES. LLC},evidenceOfInsurance,Evidence of Insurance,commercialGeneralLiability,Commercial General Liability,evidenceOfInsuranceCommercialGeneralLiabilityCoverageTriggerOccurrence,Coverage Trigger: Occurrence,,matchOnce,must be present,,Present,compliant,Block Requirements,,,false,1,,2026-08-16
"Block Real Estate Services, LLC",69fdf76e62446148bd8573c5,69fded2262446148bd849210,The Peavey Corporation,69fdf0150bb484cab513b4eb,col720 - College Crossing - Building 1 (Building A) {COLLEGE CROSSING ASSOCIATES. LLC},evidenceOfInsurance,Evidence of Insurance,commercialGeneralLiability,Commercial General Liability,evidenceOfInsuranceCommercialGeneralLiabilityGeneralAggregateLimitAppliesPerLocation,General Aggregate Limit Applies per: Location,,matchOnce,must be present,,Present,compliant,Block Requirements,,,false,1,,2026-08-16
"Block Real Estate Services, LLC",69fdf76e62446148bd8573c5,69fded2262446148bd849210,The Peavey Corporation,69fdf0150bb484cab513b4eb,col720 - College Crossing - Building 1 (Building A) {COLLEGE CROSSING ASSOCIATES. LLC},evidenceOfInsurance,Evidence of Insurance,commercialGeneralLiability,Commercial General Liability,evidenceOfInsuranceCommercialGeneralLiabilityEachOccurrence,Each Occurrence,,matchOnce,must be greater or equal to,1000000,1000000,compliant,Block Requirements,,,false,1,,2026-08-16
"Block Real Estate Services, LLC",69fdf76e62446148bd8573c5,69fded2262446148bd849210,The Peavey Corporation,69fdf0150bb484cab513b4eb,col720 - College Crossing - Building 1 (Building A) {COLLEGE CROSSING ASSOCIATES. LLC},evidenceOfInsurance,Evidence of Insurance,commercialGeneralLiability,Commercial General Liability,evidenceOfInsuranceCommercialGeneralLiabilityGeneralAggregate,General Aggregate,,matchOnce,must be greater or equal to,2000000,2000000,compliant,Block Requirements,,,false,1,,2026-08-16
"Block Real Estate Services, LLC",69fdf76e62446148bd8573c5,69fded2262446148bd849210,The Peavey Corporation,69fdf0150bb484cab513b4eb,col720 - College Crossing - Building 1 (Building A) {COLLEGE CROSSING ASSOCIATES. LLC},evidenceOfInsurance,Evidence of Insurance,commercialGeneralLiability,Commercial General Liability,evidenceOfInsuranceCommercialGeneralLiabilityWaiverOfSubrogationEndorsement,Waiver of Subrogation,"---prompt---
Determine if the insurer has waived their right of subrogation in favor of the certificate holder under the Commercial General Liability policy. Evidence may include: a checked ""Waiver of Subrogation"" box on the certificate, mention in the Description of Operations section stating ""waiver of subrogation applies"", or reference to form CG 24 04. Look for language like ""subrogation is waived"" or ""per written contract"".",matchOnce,must be present,,Present,compliant,Block Requirements,,,false,1,,2026-08-16
"Block Real Estate Services, LLC",69fdf76e62446148bd8573c5,69fded2262446148bd849210,The Peavey Corporation,69fdf0150bb484cab513b4eb,col720 - College Crossing - Building 1 (Building A) {COLLEGE CROSSING ASSOCIATES. LLC},evidenceOfInsurance,Evidence of Insurance,excessOrUmbrellaLiability,Umbrella/Excess Liability,evidenceOfInsuranceExcessOrUmbrellaLiabilityOccurence,Coverage Trigger: Occurrence,,matchOnce,must be present,,Present,compliant,Block Requirements,,,false,1,,2026-08-16
"Block Real Estate Services, LLC",69fdf76e62446148bd8573c5,69fded2262446148bd849210,The Peavey Corporation,69fdf0150bb484cab513b4eb,col720 - College Crossing - Building 1 (Building A) {COLLEGE CROSSING ASSOCIATES. LLC},evidenceOfInsurance,Evidence of Insurance,excessOrUmbrellaLiability,Umbrella/Excess Liability,evidenceOfInsuranceExcessOrUmbrellaLiabilityEachOccurrence,Each Occurrence,,matchOnce,must be greater or equal to,1000000,2000000,compliant,Block Requirements,,,false,1,,2026-08-16
"Block Real Estate Services, LLC",69fdf76e62446148bd8573c5,69fded2262446148bd849210,The Peavey Corporation,69fdf0150bb484cab513b4eb,col720 - College Crossing - Building 1 (Building A) {COLLEGE CROSSING ASSOCIATES. LLC},evidenceOfInsurance,Evidence of Insurance,excessOrUmbrellaLiability,Umbrella/Excess Liability,evidenceOfInsuranceExcessOrUmbrellaLiabilityAggregate,Aggregate,,matchOnce,must be greater or equal to,1000000,2000000,compliant,Block Requirements,,,false,1,,2026-08-16
"Block Real Estate Services, LLC",69fdf76e62446148bd8573c5,69fded2262446148bd849210,The Peavey Corporation,69fdf0150bb484cab513b4eb,col720 - College Crossing - Building 1 (Building A) {COLLEGE CROSSING ASSOCIATES. LLC},evidenceOfInsurance,Evidence of Insurance,workersCompensation,Workers' Compensation and Employer's Liability,evidenceOfInsuranceWorkersCompensationStatutoryLimits,Statutory Limits,,matchOnce,must be present,,Present,compliant,Block Requirements,,,false,1,,2026-08-16
"Block Real Estate Services, LLC",69fdf76e62446148bd8573c5,69fded2262446148bd849210,The Peavey Corporation,69fdf0150bb484cab513b4eb,col720 - College Crossing - Building 1 (Building A) {COLLEGE CROSSING ASSOCIATES. LLC},evidenceOfInsurance,Evidence of Insurance,workersCompensation,Workers' Compensation and Employer's Liability,evidenceOfInsuranceWorkersCompensationEmployersLiabilityEachAccident,Employer's Liability Each Accident,,matchOnce,must be greater or equal to,500000,2000000,compliant,Block Requirements,,,false,1,,2026-08-16
"Block Real Estate Services, LLC",69fdf76e62446148bd8573c5,69fded2262446148bd849210,The Peavey Corporation,69fdf0150bb484cab513b4eb,col720 - College Crossing - Building 1 (Building A) {COLLEGE CROSSING ASSOCIATES. LLC},evidenceOfInsurance,Evidence of Insurance,workersCompensation,Workers' Compensation and Employer's Liability,evidenceOfInsuranceWorkersCompensationEmployersLiabilityDiseaseEachEmployee,Employer's Liability Disease - each employee,,matchOnce,must be greater or equal to,500000,2000000,compliant,Block Requirements,,,false,1,,2026-08-16
"Block Real Estate Services, LLC",69fdf76e62446148bd8573c5,69fded2262446148bd849210,The Peavey Corporation,69fdf0150bb484cab513b4eb,col720 - College Crossing - Building 1 (Building A) {COLLEGE CROSSING ASSOCIATES. LLC},evidenceOfInsurance,Evidence of Insurance,workersCompensation,Workers' Compensation and Employer's Liability,evidenceOfInsuranceWorkersCompensationEmployersLiabilityDiseasePolicyLimit,Employer's Liability Disease - policy limit,,matchOnce,must be greater or equal to,500000,2000000,compliant,Block Requirements,,,false,1,,2026-08-16
"Block Real Estate Services, LLC",69fdf76e62446148bd8573c5,69fded2262446148bd849210,The Peavey Corporation,69fdf0150bb484cab513b4eb,col720 - College Crossing - Building 1 (Building A) {COLLEGE CROSSING ASSOCIATES. LLC},evidenceOfInsurance,Evidence of Insurance,workersCompensation,Workers' Compensation and Employer's Liability,evidenceOfInsuranceWorkersCompensationWaiverOfSubrogationEndorsement,Waiver of Subrogation,"---prompt---
Determine if the insurer has waived their right of subrogation in favor of the certificate holder under the Workers' Compensation policy. Evidence may include: a checked ""Waiver of Subrogation"" box on the certificate, mention in the Description of Operations section stating ""waiver of subrogation applies"", or reference to form WC 00 03 13. Look for language like ""subrogation is waived"" or ""per written contract"".",matchOnce,must be present,,Present,compliant,Block Requirements,,,false,1,,2026-08-16
"Block Real Estate Services, LLC",69fdf76e62446148bd8573c5,69fded2262446148bd849210,The Peavey Corporation,69fdf0150bb484cab513b4eb,col720 - College Crossing - Building 1 (Building A) {COLLEGE CROSSING ASSOCIATES. LLC},evidenceOfInsurance,Evidence of Insurance,6ac20aae-5728-5d57-b364-aeba38527dba,Additional Requirements,4da5b0f1-4c9d-5885-8cf8-5d3cccaed3e0,"Block Real Estate Services, LLC and all others required by contract are named as Additional Insureds","---prompt---
Determine if the Description of Operations or the Additional Remarks Schedule section states the ""Additional Insured as Construction Management, Inc. and all others required by contract"" or reference to blanket additional insured coverage. Look for language like ""certificate holder is additional insured"" or ""per written contract"".",matchOnce,must be present,,Present,compliant,Block Requirements,,,true,1,,2026-08-16
"Block Real Estate Services, LLC",69fdf76e62446148bd8573c5,69fded2262446148bd849210,The Peavey Corporation,69fdf0150bb484cab513b4eb,col720 - College Crossing - Building 1 (Building A) {COLLEGE CROSSING ASSOCIATES. LLC},evidenceOfInsurance,Evidence of Insurance,6ac20aae-5728-5d57-b364-aeba38527dba,Additional Requirements,e1017741-e47e-5f58-97b8-fbc3043e919f,Umbrella follows form over General Liability,"---prompt---
Determine if the Umbrella/Excess Liability policy follows form to the underlying policies. Evidence may include: language in the Description of Operations section stating the umbrella follows form to underlying coverages or an additional page endorsement stating that it follows form. Follow form means the umbrella policy adopts the same terms, conditions, and exclusions as the underlying policies.",matchOnce,must be present,,Present,compliant,Block Requirements,,,true,1,,2026-08-16
"Block Real Estate Services, LLC",69fdf76e62446148bd8573c5,69fded2262446148bd849210,The Peavey Corporation,69fdf0150bb484cab513b4eb,col720 - College Crossing - Building 1 (Building A) {COLLEGE CROSSING ASSOCIATES. LLC},evidenceOfInsurance,Evidence of Insurance,6ac20aae-5728-5d57-b364-aeba38527dba,Additional Requirements,2cdd866f-c9a4-576a-afd8-1d045762790c,"The location must be listed as: 11040, 11042, 11050 Strang Line Road, Lenexa, KS, 66215",,matchOnce,must be present,,Present,compliant,Block Requirements,,,true,1,,2026-08-16
"Block Real Estate Services, LLC",69fdf76e62446148bd8573c5,69fded2262446148bd849210,The Peavey Corporation,69fdf0150bb484cab513b4eb,col720 - College Crossing - Building 1 (Building A) {COLLEGE CROSSING ASSOCIATES. LLC},evidenceOfInsurance,Evidence of Insurance,6ac20aae-5728-5d57-b364-aeba38527dba,Additional Requirements,3649e9d1-4e09-59bf-8f30-cb33c40cf117,"Certificate Holder must read: c/o Block Real Estate Services, LLC, 4622 Pennsylvania St., Suite 700, Kansas City, MO, 64112",,matchOnce,must be present,,Present,compliant,Block Requirements,,,true,1,,2026-08-16
"Block Real Estate Services, LLC",69fdf76e62446148bd8573c4,69fded1f62446148bd8490ff,"Revolutionary Business Concepts, Inc",69fdf0150bb484cab513b4eb,col720 - College Crossing - Building 1 (Building A) {COLLEGE CROSSING ASSOCIATES. LLC},evidenceOfInsurance,Evidence of Insurance,commercialGeneralLiability,Commercial General Liability,evidenceOfInsuranceCommercialGeneralLiabilityCoverageTriggerOccurrence,Coverage Trigger: Occurrence,,matchOnce,must be present,,,non_compliant,Block Requirements,,,false,0,,2026-08-16
"Block Real Estate Services, LLC",69fdf76e62446148bd8573c4,69fded1f62446148bd8490ff,"Revolutionary Business Concepts, Inc",69fdf0150bb484cab513b4eb,col720 - College Crossing - Building 1 (Building A) {COLLEGE CROSSING ASSOCIATES. LLC},evidenceOfInsurance,Evidence of Insurance,commercialGeneralLiability,Commercial General Liability,evidenceOfInsuranceCommercialGeneralLiabilityGeneralAggregateLimitAppliesPerLocation,General Aggregate Limit Applies per: Location,,matchOnce,must be present,,,non_compliant,Block Requirements,,,false,0,,2026-08-16
"Block Real Estate Services, LLC",69fdf76e62446148bd8573c4,69fded1f62446148bd8490ff,"Revolutionary Business Concepts, Inc",69fdf0150bb484cab513b4eb,col720 - College Crossing - Building 1 (Building A) {COLLEGE CROSSING ASSOCIATES. LLC},evidenceOfInsurance,Evidence of Insurance,commercialGeneralLiability,Commercial General Liability,evidenceOfInsuranceCommercialGeneralLiabilityEachOccurrence,Each Occurrence,,matchOnce,must be greater or equal to,1000000,,non_compliant,Block Requirements,,,false,0,,2026-08-16
"Block Real Estate Services, LLC",69fdf76e62446148bd8573c4,69fded1f62446148bd8490ff,"Revolutionary Business Concepts, Inc",69fdf0150bb484cab513b4eb,col720 - College Crossing - Building 1 (Building A) {COLLEGE CROSSING ASSOCIATES. LLC},evidenceOfInsurance,Evidence of Insurance,commercialGeneralLiability,Commercial General Liability,evidenceOfInsuranceCommercialGeneralLiabilityGeneralAggregate,General Aggregate,,matchOnce,must be greater or equal to,2000000,,non_compliant,Block Requirements,,,false,0,,2026-08-16
"Block Real Estate Services, LLC",69fdf76e62446148bd8573c4,69fded1f62446148bd8490ff,"Revolutionary Business Concepts, Inc",69fdf0150bb484cab513b4eb,col720 - College Crossing - Building 1 (Building A) {COLLEGE CROSSING ASSOCIATES. LLC},evidenceOfInsurance,Evidence of Insurance,commercialGeneralLiability,Commercial General Liability,evidenceOfInsuranceCommercialGeneralLiabilityWaiverOfSubrogationEndorsement,Waiver of Subrogation,"---prompt---
Determine if the insurer has waived their right of subrogation in favor of the certificate holder under the Commercial General Liability policy. Evidence may include: a checked ""Waiver of Subrogation"" box on the certificate, mention in the Description of Operations section stating ""waiver of subrogation applies"", or reference to form CG 24 04. Look for language like ""subrogation is waived"" or ""per written contract"".",matchOnce,must be present,,,non_compliant,Block Requirements,,,false,0,,2026-08-16
"Block Real Estate Services, LLC",69fdf76e62446148bd8573c4,69fded1f62446148bd8490ff,"Revolutionary Business Concepts, Inc",69fdf0150bb484cab513b4eb,col720 - College Crossing - Building 1 (Building A) {COLLEGE CROSSING ASSOCIATES. LLC},evidenceOfInsurance,Evidence of Insurance,excessOrUmbrellaLiability,Umbrella/Excess Liability,evidenceOfInsuranceExcessOrUmbrellaLiabilityOccurence,Coverage Trigger: Occurrence,,matchOnce,must be present,,,non_compliant,Block Requirements,,,false,0,,2026-08-16
"Block Real Estate Services, LLC",69fdf76e62446148bd8573c4,69fded1f62446148bd8490ff,"Revolutionary Business Concepts, Inc",69fdf0150bb484cab513b4eb,col720 - College Crossing - Building 1 (Building A) {COLLEGE CROSSING ASSOCIATES. LLC},evidenceOfInsurance,Evidence of Insurance,excessOrUmbrellaLiability,Umbrella/Excess Liability,evidenceOfInsuranceExcessOrUmbrellaLiabilityEachOccurrence,Each Occurrence,,matchOnce,must be greater or equal to,1000000,,non_compliant,Block Requirements,,,false,0,,2026-08-16
"Block Real Estate Services, LLC",69fdf76e62446148bd8573c4,69fded1f62446148bd8490ff,"Revolutionary Business Concepts, Inc",69fdf0150bb484cab513b4eb,col720 - College Crossing - Building 1 (Building A) {COLLEGE CROSSING ASSOCIATES. LLC},evidenceOfInsurance,Evidence of Insurance,excessOrUmbrellaLiability,Umbrella/Excess Liability,evidenceOfInsuranceExcessOrUmbrellaLiabilityAggregate,Aggregate,,matchOnce,must be greater or equal to,1000000,,non_compliant,Block Requirements,,,false,0,,2026-08-16
"Block Real Estate Services, LLC",69fdf76e62446148bd8573c4,69fded1f62446148bd8490ff,"Revolutionary Business Concepts, Inc",69fdf0150bb484cab513b4eb,col720 - College Crossing - Building 1 (Building A) {COLLEGE CROSSING ASSOCIATES. LLC},evidenceOfInsurance,Evidence of Insurance,workersCompensation,Workers' Compensation and Employer's Liability,evidenceOfInsuranceWorkersCompensationStatutoryLimits,Statutory Limits,,matchOnce,must be present,,,non_compliant,Block Requirements,,,false,0,,2026-08-16
"Block Real Estate Services, LLC",69fdf76e62446148bd8573c4,69fded1f62446148bd8490ff,"Revolutionary Business Concepts, Inc",69fdf0150bb484cab513b4eb,col720 - College Crossing - Building 1 (Building A) {COLLEGE CROSSING ASSOCIATES. LLC},evidenceOfInsurance,Evidence of Insurance,workersCompensation,Workers' Compensation and Employer's Liability,evidenceOfInsuranceWorkersCompensationEmployersLiabilityEachAccident,Employer's Liability Each Accident,,matchOnce,must be greater or equal to,500000,,non_compliant,Block Requirements,,,false,0,,2026-08-16
"Block Real Estate Services, LLC",69fdf76e62446148bd8573c4,69fded1f62446148bd8490ff,"Revolutionary Business Concepts, Inc",69fdf0150bb484cab513b4eb,col720 - College Crossing - Building 1 (Building A) {COLLEGE CROSSING ASSOCIATES. LLC},evidenceOfInsurance,Evidence of Insurance,workersCompensation,Workers' Compensation and Employer's Liability,evidenceOfInsuranceWorkersCompensationEmployersLiabilityDiseaseEachEmployee,Employer's Liability Disease - each employee,,matchOnce,must be greater or equal to,500000,,non_compliant,Block Requirements,,,false,0,,2026-08-16
"Block Real Estate Services, LLC",69fdf76e62446148bd8573c4,69fded1f62446148bd8490ff,"Revolutionary Business Concepts, Inc",69fdf0150bb484cab513b4eb,col720 - College Crossing - Building 1 (Building A) {COLLEGE CROSSING ASSOCIATES. LLC},evidenceOfInsurance,Evidence of Insurance,workersCompensation,Workers' Compensation and Employer's Liability,evidenceOfInsuranceWorkersCompensationEmployersLiabilityDiseasePolicyLimit,Employer's Liability Disease - policy limit,,matchOnce,must be greater or equal to,500000,,non_compliant,Block Requirements,,,false,0,,2026-08-16
"Block Real Estate Services, LLC",69fdf76e62446148bd8573c4,69fded1f62446148bd8490ff,"Revolutionary Business Concepts, Inc",69fdf0150bb484cab513b4eb,col720 - College Crossing - Building 1 (Building A) {COLLEGE CROSSING ASSOCIATES. LLC},evidenceOfInsurance,Evidence of Insurance,workersCompensation,Workers' Compensation and Employer's Liability,evidenceOfInsuranceWorkersCompensationWaiverOfSubrogationEndorsement,Waiver of Subrogation,"---prompt---
Determine if the insurer has waived their right of subrogation in favor of the certificate holder under the Workers' Compensation policy. Evidence may include: a checked ""Waiver of Subrogation"" box on the certificate, mention in the Description of Operations section stating ""waiver of subrogation applies"", or reference to form WC 00 03 13. Look for language like ""subrogation is waived"" or ""per written contract"".",matchOnce,must be present,,,non_compliant,Block Requirements,,,false,0,,2026-08-16
"Block Real Estate Services, LLC",69fdf76e62446148bd8573c4,69fded1f62446148bd8490ff,"Revolutionary Business Concepts, Inc",69fdf0150bb484cab513b4eb,col720 - College Crossing - Building 1 (Building A) {COLLEGE CROSSING ASSOCIATES. LLC},evidenceOfInsurance,Evidence of Insurance,6ac20aae-5728-5d57-b364-aeba38527dba,Additional Requirements,4da5b0f1-4c9d-5885-8cf8-5d3cccaed3e0,"Block Real Estate Services, LLC and all others required by contract are named as Additional Insureds","---prompt---
Determine if the Description of Operations or the Additional Remarks Schedule section states the ""Additional Insured as Construction Management, Inc. and all others required by contract"" or reference to blanket additional insured coverage. Look for language like ""certificate holder is additional insured"" or ""per written contract"".",matchOnce,must be present,,,non_compliant,Block Requirements,,,true,0,,2026-08-16
"Block Real Estate Services, LLC",69fdf76e62446148bd8573c4,69fded1f62446148bd8490ff,"Revolutionary Business Concepts, Inc",69fdf0150bb484cab513b4eb,col720 - College Crossing - Building 1 (Building A) {COLLEGE CROSSING ASSOCIATES. LLC},evidenceOfInsurance,Evidence of Insurance,6ac20aae-5728-5d57-b364-aeba38527dba,Additional Requirements,e1017741-e47e-5f58-97b8-fbc3043e919f,Umbrella follows form over General Liability,"---prompt---
Determine if the Umbrella/Excess Liability policy follows form to the underlying policies. Evidence may include: language in the Description of Operations section stating the umbrella follows form to underlying coverages or an additional page endorsement stating that it follows form. Follow form means the umbrella policy adopts the same terms, conditions, and exclusions as the underlying policies.",matchOnce,must be present,,,non_compliant,Block Requirements,,,true,0,,2026-08-16
"Block Real Estate Services, LLC",69fdf76e62446148bd8573c4,69fded1f62446148bd8490ff,"Revolutionary Business Concepts, Inc",69fdf0150bb484cab513b4eb,col720 - College Crossing - Building 1 (Building A) {COLLEGE CROSSING ASSOCIATES. LLC},evidenceOfInsurance,Evidence of Insurance,6ac20aae-5728-5d57-b364-aeba38527dba,Additional Requirements,2cdd866f-c9a4-576a-afd8-1d045762790c,"The location must be listed as: 11036 Strang Line Road, Lenexa, KS, 66215",,matchOnce,must be present,,,non_compliant,Block Requirements,,,true,0,,2026-08-16
"Block Real Estate Services, LLC",69fdf76e62446148bd8573c4,69fded1f62446148bd8490ff,"Revolutionary Business Concepts, Inc",69fdf0150bb484cab513b4eb,col720 - College Crossing - Building 1 (Building A) {COLLEGE CROSSING ASSOCIATES. LLC},evidenceOfInsurance,Evidence of Insurance,6ac20aae-5728-5d57-b364-aeba38527dba,Additional Requirements,3649e9d1-4e09-59bf-8f30-cb33c40cf117,"Certificate Holder must read: c/o Block Real Estate Services, LLC, 4622 Pennsylvania St., Suite 700, Kansas City, MO, 64112",,matchOnce,must be present,,,non_compliant,Block Requirements,,,true,0,,2026-08-16
"Block Real Estate Services, LLC",69fdf76e62446148bd8573c1,69fded1462446148bd848d8d,Faith Technologies Inc,69fdf0150bb484cab513b4eb,col720 - College Crossing - Building 1 (Building A) {COLLEGE CROSSING ASSOCIATES. LLC},evidenceOfInsurance,Evidence of Insurance,commercialGeneralLiability,Commercial General Liability,evidenceOfInsuranceCommercialGeneralLiabilityCoverageTriggerOccurrence,Coverage Trigger: Occurrence,,matchOnce,must be present,,Present,compliant,Block Requirements,,,false,2,,2026-08-16
"Block Real Estate Services, LLC",69fdf76e62446148bd8573c1,69fded1462446148bd848d8d,Faith Technologies Inc,69fdf0150bb484cab513b4eb,col720 - College Crossing - Building 1 (Building A) {COLLEGE CROSSING ASSOCIATES. LLC},evidenceOfInsurance,Evidence of Insurance,commercialGeneralLiability,Commercial General Liability,evidenceOfInsuranceCommercialGeneralLiabilityGeneralAggregateLimitAppliesPerLocation,General Aggregate Limit Applies per: Location,,matchOnce,must be present,,,non_compliant,Block Requirements,,,false,0,,2026-08-16
"Block Real Estate Services, LLC",69fdf76e62446148bd8573c1,69fded1462446148bd848d8d,Faith Technologies Inc,69fdf0150bb484cab513b4eb,col720 - College Crossing - Building 1 (Building A) {COLLEGE CROSSING ASSOCIATES. LLC},evidenceOfInsurance,Evidence of Insurance,commercialGeneralLiability,Commercial General Liability,evidenceOfInsuranceCommercialGeneralLiabilityEachOccurrence,Each Occurrence,,matchOnce,must be greater or equal to,1000000,2000000,compliant,Block Requirements,,,false,2,,2026-08-16
"Block Real Estate Services, LLC",69fdf76e62446148bd8573c1,69fded1462446148bd848d8d,Faith Technologies Inc,69fdf0150bb484cab513b4eb,col720 - College Crossing - Building 1 (Building A) {COLLEGE CROSSING ASSOCIATES. LLC},evidenceOfInsurance,Evidence of Insurance,commercialGeneralLiability,Commercial General Liability,evidenceOfInsuranceCommercialGeneralLiabilityGeneralAggregate,General Aggregate,,matchOnce,must be greater or equal to,2000000,4000000,compliant,Block Requirements,,,false,2,,2026-08-16
"Block Real Estate Services, LLC",69fdf76e62446148bd8573c1,69fded1462446148bd848d8d,Faith Technologies Inc,69fdf0150bb484cab513b4eb,col720 - College Crossing - Building 1 (Building A) {COLLEGE CROSSING ASSOCIATES. LLC},evidenceOfInsurance,Evidence of Insurance,commercialGeneralLiability,Commercial General Liability,evidenceOfInsuranceCommercialGeneralLiabilityWaiverOfSubrogationEndorsement,Waiver of Subrogation,"---prompt---
Determine if the insurer has waived their right of subrogation in favor of the certificate holder under the Commercial General Liability policy. Evidence may include: a checked ""Waiver of Subrogation"" box on the certificate, mention in the Description of Operations section stating ""waiver of subrogation applies"", or reference to form CG 24 04. Look for language like ""subrogation is waived"" or ""per written contract"".",matchOnce,must be present,,Present,compliant,Block Requirements,,,false,2,,2026-08-16
"Block Real Estate Services, LLC",69fdf76e62446148bd8573c1,69fded1462446148bd848d8d,Faith Technologies Inc,69fdf0150bb484cab513b4eb,col720 - College Crossing - Building 1 (Building A) {COLLEGE CROSSING ASSOCIATES. LLC},evidenceOfInsurance,Evidence of Insurance,excessOrUmbrellaLiability,Umbrella/Excess Liability,evidenceOfInsuranceExcessOrUmbrellaLiabilityOccurence,Coverage Trigger: Occurrence,,matchOnce,must be present,,Present,compliant,Block Requirements,,,false,2,,2026-08-16
"Block Real Estate Services, LLC",69fdf76e62446148bd8573c1,69fded1462446148bd848d8d,Faith Technologies Inc,69fdf0150bb484cab513b4eb,col720 - College Crossing - Building 1 (Building A) {COLLEGE CROSSING ASSOCIATES. LLC},evidenceOfInsurance,Evidence of Insurance,excessOrUmbrellaLiability,Umbrella/Excess Liability,evidenceOfInsuranceExcessOrUmbrellaLiabilityEachOccurrence,Each Occurrence,,matchOnce,must be greater or equal to,1000000,5000000,compliant,Block Requirements,,,false,2,,2026-08-16
"Block Real Estate Services, LLC",69fdf76e62446148bd8573c1,69fded1462446148bd848d8d,Faith Technologies Inc,69fdf0150bb484cab513b4eb,col720 - College Crossing - Building 1 (Building A) {COLLEGE CROSSING ASSOCIATES. LLC},evidenceOfInsurance,Evidence of Insurance,excessOrUmbrellaLiability,Umbrella/Excess Liability,evidenceOfInsuranceExcessOrUmbrellaLiabilityAggregate,Aggregate,,matchOnce,must be greater or equal to,1000000,5000000,compliant,Block Requirements,,,false,2,,2026-08-16
"Block Real Estate Services, LLC",69fdf76e62446148bd8573c1,69fded1462446148bd848d8d,Faith Technologies Inc,69fdf0150bb484cab513b4eb,col720 - College Crossing - Building 1 (Building A) {COLLEGE CROSSING ASSOCIATES. LLC},evidenceOfInsurance,Evidence of Insurance,workersCompensation,Workers' Compensation and Employer's Liability,evidenceOfInsuranceWorkersCompensationStatutoryLimits,Statutory Limits,,matchOnce,must be present,,Present,compliant,Block Requirements,,,false,2,,2026-08-16
"Block Real Estate Services, LLC",69fdf76e62446148bd8573c1,69fded1462446148bd848d8d,Faith Technologies Inc,69fdf0150bb484cab513b4eb,col720 - College Crossing - Building 1 (Building A) {COLLEGE CROSSING ASSOCIATES. LLC},evidenceOfInsurance,Evidence of Insurance,workersCompensation,Workers' Compensation and Employer's Liability,evidenceOfInsuranceWorkersCompensationEmployersLiabilityEachAccident,Employer's Liability Each Accident,,matchOnce,must be greater or equal to,500000,1000000,compliant,Block Requirements,,,false,2,,2026-08-16
"Block Real Estate Services, LLC",69fdf76e62446148bd8573c1,69fded1462446148bd848d8d,Faith Technologies Inc,69fdf0150bb484cab513b4eb,col720 - College Crossing - Building 1 (Building A) {COLLEGE CROSSING ASSOCIATES. LLC},evidenceOfInsurance,Evidence of Insurance,workersCompensation,Workers' Compensation and Employer's Liability,evidenceOfInsuranceWorkersCompensationEmployersLiabilityDiseaseEachEmployee,Employer's Liability Disease - each employee,,matchOnce,must be greater or equal to,500000,1000000,compliant,Block Requirements,,,false,2,,2026-08-16
"Block Real Estate Services, LLC",69fdf76e62446148bd8573c1,69fded1462446148bd848d8d,Faith Technologies Inc,69fdf0150bb484cab513b4eb,col720 - College Crossing - Building 1 (Building A) {COLLEGE CROSSING ASSOCIATES. LLC},evidenceOfInsurance,Evidence of Insurance,workersCompensation,Workers' Compensation and Employer's Liability,evidenceOfInsuranceWorkersCompensationEmployersLiabilityDiseasePolicyLimit,Employer's Liability Disease - policy limit,,matchOnce,must be greater or equal to,500000,1000000,compliant,Block Requirements,,,false,2,,2026-08-16
"Block Real Estate Services, LLC",69fdf76e62446148bd8573c1,69fded1462446148bd848d8d,Faith Technologies Inc,69fdf0150bb484cab513b4eb,col720 - College Crossing - Building 1 (Building A) {COLLEGE CROSSING ASSOCIATES. LLC},evidenceOfInsurance,Evidence of Insurance,workersCompensation,Workers' Compensation and Employer's Liability,evidenceOfInsuranceWorkersCompensationWaiverOfSubrogationEndorsement,Waiver of Subrogation,"---prompt---
Determine if the insurer has waived their right of subrogation in favor of the certificate holder under the Workers' Compensation policy. Evidence may include: a checked ""Waiver of Subrogation"" box on the certificate, mention in the Description of Operations section stating ""waiver of subrogation applies"", or reference to form WC 00 03 13. Look for language like ""subrogation is waived"" or ""per written contract"".",matchOnce,must be present,,,non_compliant,Block Requirements,,,false,0,,2026-08-16
"Block Real Estate Services, LLC",69fdf76e62446148bd8573c1,69fded1462446148bd848d8d,Faith Technologies Inc,69fdf0150bb484cab513b4eb,col720 - College Crossing - Building 1 (Building A) {COLLEGE CROSSING ASSOCIATES. LLC},evidenceOfInsurance,Evidence of Insurance,6ac20aae-5728-5d57-b364-aeba38527dba,Additional Requirements,4da5b0f1-4c9d-5885-8cf8-5d3cccaed3e0,"Block Real Estate Services, LLC and all others required by contract are named as Additional Insureds","---prompt---
Determine if the Description of Operations or the Additional Remarks Schedule section states the ""Additional Insured as Construction Management, Inc. and all others required by contract"" or reference to blanket additional insured coverage. Look for language like ""certificate holder is additional insured"" or ""per written contract"".",matchOnce,must be present,,,non_compliant,Block Requirements,,,true,0,,2026-08-16
"Block Real Estate Services, LLC",69fdf76e62446148bd8573c1,69fded1462446148bd848d8d,Faith Technologies Inc,69fdf0150bb484cab513b4eb,col720 - College Crossing - Building 1 (Building A) {COLLEGE CROSSING ASSOCIATES. LLC},evidenceOfInsurance,Evidence of Insurance,6ac20aae-5728-5d57-b364-aeba38527dba,Additional Requirements,e1017741-e47e-5f58-97b8-fbc3043e919f,Umbrella follows form over General Liability,"---prompt---
Determine if the Umbrella/Excess Liability policy follows form to the underlying policies. Evidence may include: language in the Description of Operations section stating the umbrella follows form to underlying coverages or an additional page endorsement stating that it follows form. Follow form means the umbrella policy adopts the same terms, conditions, and exclusions as the underlying policies.",matchOnce,must be present,,,non_compliant,Block Requirements,,,true,0,,2026-08-16
"Block Real Estate Services, LLC",69fdf76e62446148bd8573c1,69fded1462446148bd848d8d,Faith Technologies Inc,69fdf0150bb484cab513b4eb,col720 - College Crossing - Building 1 (Building A) {COLLEGE CROSSING ASSOCIATES. LLC},evidenceOfInsurance,Evidence of Insurance,6ac20aae-5728-5d57-b364-aeba38527dba,Additional Requirements,2cdd866f-c9a4-576a-afd8-1d045762790c,"The location must be listed as: 11064 Strang Line Road, Lenexa, KS, 66215",,matchOnce,must be present,,Present,compliant,Block Requirements,,,true,1,,2026-08-16
"Block Real Estate Services, LLC",69fdf76e62446148bd8573c1,69fded1462446148bd848d8d,Faith Technologies Inc,69fdf0150bb484cab513b4eb,col720 - College Crossing - Building 1 (Building A) {COLLEGE CROSSING ASSOCIATES. LLC},evidenceOfInsurance,Evidence of Insurance,6ac20aae-5728-5d57-b364-aeba38527dba,Additional Requirements,3649e9d1-4e09-59bf-8f30-cb33c40cf117,"Certificate Holder must read: c/o Block Real Estate Services, LLC, 4622 Pennsylvania St., Suite 700, Kansas City, MO, 64112",,matchOnce,must be present,,Present,compliant,Block Requirements,,,true,2,,2026-08-16
"Block Real Estate Services, LLC",6a46aa6469f1b5416f79aec2,6a46a9fa881712769bd59542,"GuideTech, LLC",69fdf0150bb484cab513b4eb,col720 - College Crossing - Building 1 (Building A) {COLLEGE CROSSING ASSOCIATES. LLC},evidenceOfInsurance,Evidence of Insurance,commercialGeneralLiability,Commercial General Liability,evidenceOfInsuranceCommercialGeneralLiabilityCoverageTriggerOccurrence,Coverage Trigger: Occurrence,,matchOnce,must be present,,Present,compliant,Block Requirements,,,false,2,,2026-08-16
"Block Real Estate Services, LLC",6a46aa6469f1b5416f79aec2,6a46a9fa881712769bd59542,"GuideTech, LLC",69fdf0150bb484cab513b4eb,col720 - College Crossing - Building 1 (Building A) {COLLEGE CROSSING ASSOCIATES. LLC},evidenceOfInsurance,Evidence of Insurance,commercialGeneralLiability,Commercial General Liability,evidenceOfInsuranceCommercialGeneralLiabilityGeneralAggregateLimitAppliesPerLocation,General Aggregate Limit Applies per: Location,,matchOnce,must be present,,Present,compliant,Block Requirements,,,false,1,,2026-08-16
"Block Real Estate Services, LLC",6a46aa6469f1b5416f79aec2,6a46a9fa881712769bd59542,"GuideTech, LLC",69fdf0150bb484cab513b4eb,col720 - College Crossing - Building 1 (Building A) {COLLEGE CROSSING ASSOCIATES. LLC},evidenceOfInsurance,Evidence of Insurance,commercialGeneralLiability,Commercial General Liability,evidenceOfInsuranceCommercialGeneralLiabilityEachOccurrence,Each Occurrence,,matchOnce,must be greater or equal to,1000000,1000000,compliant,Block Requirements,,,false,2,,2026-08-16
"Block Real Estate Services, LLC",6a46aa6469f1b5416f79aec2,6a46a9fa881712769bd59542,"GuideTech, LLC",69fdf0150bb484cab513b4eb,col720 - College Crossing - Building 1 (Building A) {COLLEGE CROSSING ASSOCIATES. LLC},evidenceOfInsurance,Evidence of Insurance,commercialGeneralLiability,Commercial General Liability,evidenceOfInsuranceCommercialGeneralLiabilityGeneralAggregate,General Aggregate,,matchOnce,must be greater or equal to,2000000,2000000,compliant,Block Requirements,,,false,2,,2026-08-16
"Block Real Estate Services, LLC",6a46aa6469f1b5416f79aec2,6a46a9fa881712769bd59542,"GuideTech, LLC",69fdf0150bb484cab513b4eb,col720 - College Crossing - Building 1 (Building A) {COLLEGE CROSSING ASSOCIATES. LLC},evidenceOfInsurance,Evidence of Insurance,commercialGeneralLiability,Commercial General Liability,evidenceOfInsuranceCommercialGeneralLiabilityWaiverOfSubrogationEndorsement,Waiver of Subrogation,"---prompt---
Determine if the insurer has waived their right of subrogation in favor of the certificate holder under the Commercial General Liability policy. Evidence may include: a checked ""Waiver of Subrogation"" box on the certificate, mention in the Description of Operations section stating ""waiver of subrogation applies"", or reference to form CG 24 04. Look for language like ""subrogation is waived"" or ""per written contract"".",matchOnce,must be present,,Present,compliant,Block Requirements,,,false,2,,2026-08-16
"Block Real Estate Services, LLC",6a46aa6469f1b5416f79aec2,6a46a9fa881712769bd59542,"GuideTech, LLC",69fdf0150bb484cab513b4eb,col720 - College Crossing - Building 1 (Building A) {COLLEGE CROSSING ASSOCIATES. LLC},evidenceOfInsurance,Evidence of Insurance,excessOrUmbrellaLiability,Umbrella/Excess Liability,evidenceOfInsuranceExcessOrUmbrellaLiabilityOccurence,Coverage Trigger: Occurrence,,matchOnce,must be present,,Present,compliant,Block Requirements,,,false,2,,2026-08-16
"Block Real Estate Services, LLC",6a46aa6469f1b5416f79aec2,6a46a9fa881712769bd59542,"GuideTech, LLC",69fdf0150bb484cab513b4eb,col720 - College Crossing - Building 1 (Building A) {COLLEGE CROSSING ASSOCIATES. LLC},evidenceOfInsurance,Evidence of Insurance,excessOrUmbrellaLiability,Umbrella/Excess Liability,evidenceOfInsuranceExcessOrUmbrellaLiabilityEachOccurrence,Each Occurrence,,matchOnce,must be greater or equal to,1000000,10000000,compliant,Block Requirements,,,false,2,,2026-08-16
"Block Real Estate Services, LLC",6a46aa6469f1b5416f79aec2,6a46a9fa881712769bd59542,"GuideTech, LLC",69fdf0150bb484cab513b4eb,col720 - College Crossing - Building 1 (Building A) {COLLEGE CROSSING ASSOCIATES. LLC},evidenceOfInsurance,Evidence of Insurance,excessOrUmbrellaLiability,Umbrella/Excess Liability,evidenceOfInsuranceExcessOrUmbrellaLiabilityAggregate,Aggregate,,matchOnce,must be greater or equal to,1000000,10000000,compliant,Block Requirements,,,false,2,,2026-08-16
"Block Real Estate Services, LLC",6a46aa6469f1b5416f79aec2,6a46a9fa881712769bd59542,"GuideTech, LLC",69fdf0150bb484cab513b4eb,col720 - College Crossing - Building 1 (Building A) {COLLEGE CROSSING ASSOCIATES. LLC},evidenceOfInsurance,Evidence of Insurance,workersCompensation,Workers' Compensation and Employer's Liability,evidenceOfInsuranceWorkersCompensationStatutoryLimits,Statutory Limits,,matchOnce,must be present,,Present,compliant,Block Requirements,,,false,2,,2026-08-16
"Block Real Estate Services, LLC",6a46aa6469f1b5416f79aec2,6a46a9fa881712769bd59542,"GuideTech, LLC",69fdf0150bb484cab513b4eb,col720 - College Crossing - Building 1 (Building A) {COLLEGE CROSSING ASSOCIATES. LLC},evidenceOfInsurance,Evidence of Insurance,workersCompensation,Workers' Compensation and Employer's Liability,evidenceOfInsuranceWorkersCompensationEmployersLiabilityEachAccident,Employer's Liability Each Accident,,matchOnce,must be greater or equal to,500000,1000000,compliant,Block Requirements,,,false,2,,2026-08-16
"Block Real Estate Services, LLC",6a46aa6469f1b5416f79aec2,6a46a9fa881712769bd59542,"GuideTech, LLC",69fdf0150bb484cab513b4eb,col720 - College Crossing - Building 1 (Building A) {COLLEGE CROSSING ASSOCIATES. LLC},evidenceOfInsurance,Evidence of Insurance,workersCompensation,Workers' Compensation and Employer's Liability,evidenceOfInsuranceWorkersCompensationEmployersLiabilityDiseaseEachEmployee,Employer's Liability Disease - each employee,,matchOnce,must be greater or equal to,500000,1000000,compliant,Block Requirements,,,false,2,,2026-08-16
"Block Real Estate Services, LLC",6a46aa6469f1b5416f79aec2,6a46a9fa881712769bd59542,"GuideTech, LLC",69fdf0150bb484cab513b4eb,col720 - College Crossing - Building 1 (Building A) {COLLEGE CROSSING ASSOCIATES. LLC},evidenceOfInsurance,Evidence of Insurance,workersCompensation,Workers' Compensation and Employer's Liability,evidenceOfInsuranceWorkersCompensationEmployersLiabilityDiseasePolicyLimit,Employer's Liability Disease - policy limit,,matchOnce,must be greater or equal to,500000,1000000,compliant,Block Requirements,,,false,2,,2026-08-16
"Block Real Estate Services, LLC",6a46aa6469f1b5416f79aec2,6a46a9fa881712769bd59542,"GuideTech, LLC",69fdf0150bb484cab513b4eb,col720 - College Crossing - Building 1 (Building A) {COLLEGE CROSSING ASSOCIATES. LLC},evidenceOfInsurance,Evidence of Insurance,workersCompensation,Workers' Compensation and Employer's Liability,evidenceOfInsuranceWorkersCompensationWaiverOfSubrogationEndorsement,Waiver of Subrogation,"---prompt---
Determine if the insurer has waived their right of subrogation in favor of the certificate holder under the Workers' Compensation policy. Evidence may include: a checked ""Waiver of Subrogation"" box on the certificate, mention in the Description of Operations section stating ""waiver of subrogation applies"", or reference to form WC 00 03 13. Look for language like ""subrogation is waived"" or ""per written contract"".",matchOnce,must be present,,Present,compliant,Block Requirements,,,false,2,,2026-08-16
"Block Real Estate Services, LLC",6a46aa6469f1b5416f79aec2,6a46a9fa881712769bd59542,"GuideTech, LLC",69fdf0150bb484cab513b4eb,col720 - College Crossing - Building 1 (Building A) {COLLEGE CROSSING ASSOCIATES. LLC},evidenceOfInsurance,Evidence of Insurance,6ac20aae-5728-5d57-b364-aeba38527dba,Additional Requirements,4da5b0f1-4c9d-5885-8cf8-5d3cccaed3e0,"Block Real Estate Services, LLC and all others required by contract are named as Additional Insureds","---prompt---
Determine if the Description of Operations or the Additional Remarks Schedule section states the ""Additional Insured as Construction Management, Inc. and all others required by contract"" or reference to blanket additional insured coverage. Look for language like ""certificate holder is additional insured"" or ""per written contract"".",matchOnce,must be present,,Present,compliant,Block Requirements,,,true,1,,2026-08-16
"Block Real Estate Services, LLC",6a46aa6469f1b5416f79aec2,6a46a9fa881712769bd59542,"GuideTech, LLC",69fdf0150bb484cab513b4eb,col720 - College Crossing - Building 1 (Building A) {COLLEGE CROSSING ASSOCIATES. LLC},evidenceOfInsurance,Evidence of Insurance,6ac20aae-5728-5d57-b364-aeba38527dba,Additional Requirements,e1017741-e47e-5f58-97b8-fbc3043e919f,Umbrella follows form over General Liability,"---prompt---
Determine if the Umbrella/Excess Liability policy follows form to the underlying policies. Evidence may include: language in the Description of Operations section stating the umbrella follows form to underlying coverages or an additional page endorsement stating that it follows form. Follow form means the umbrella policy adopts the same terms, conditions, and exclusions as the underlying policies.",matchOnce,must be present,,Present,compliant,Block Requirements,,,true,1,,2026-08-16
"Block Real Estate Services, LLC",6a46aa6469f1b5416f79aec2,6a46a9fa881712769bd59542,"GuideTech, LLC",69fdf0150bb484cab513b4eb,col720 - College Crossing - Building 1 (Building A) {COLLEGE CROSSING ASSOCIATES. LLC},evidenceOfInsurance,Evidence of Insurance,6ac20aae-5728-5d57-b364-aeba38527dba,Additional Requirements,2cdd866f-c9a4-576a-afd8-1d045762790c,"The location must be listed as: 11036 Strang Line Road, Lenexa, KS 66215",,matchOnce,must be present,,Present,compliant,Block Requirements,,,true,1,,2026-08-16
"Block Real Estate Services, LLC",6a46aa6469f1b5416f79aec2,6a46a9fa881712769bd59542,"GuideTech, LLC",69fdf0150bb484cab513b4eb,col720 - College Crossing - Building 1 (Building A) {COLLEGE CROSSING ASSOCIATES. LLC},evidenceOfInsurance,Evidence of Insurance,6ac20aae-5728-5d57-b364-aeba38527dba,Additional Requirements,3649e9d1-4e09-59bf-8f30-cb33c40cf117,"Certificate Holder must read: c/o Block Real Estate Services, LLC, 4622 Pennsylvania St., Suite 700, Kansas City, MO, 64112",,matchOnce,must be present,,Present,compliant,Block Requirements,,,true,1,,2026-08-16
"Block Real Estate Services, LLC",69fdf74a62446148bd854b26,69fded1862446148bd848ee0,Kate Smith Soiree LLC,69fdef1402bb2c42a879cc2a,"3rd203 - D&H Properties - Santa Fe Drive {D&H Properties, LLC}",evidenceOfInsurance,Evidence of Insurance,commercialGeneralLiability,Commercial General Liability,evidenceOfInsuranceCommercialGeneralLiabilityCoverageTriggerOccurrence,Coverage Trigger: Occurrence,,matchOnce,must be present,,Present,compliant,Block Requirements,,,false,1,,2026-08-16
"Block Real Estate Services, LLC",69fdf74a62446148bd854b26,69fded1862446148bd848ee0,Kate Smith Soiree LLC,69fdef1402bb2c42a879cc2a,"3rd203 - D&H Properties - Santa Fe Drive {D&H Properties, LLC}",evidenceOfInsurance,Evidence of Insurance,commercialGeneralLiability,Commercial General Liability,evidenceOfInsuranceCommercialGeneralLiabilityGeneralAggregateLimitAppliesPerLocation,General Aggregate Limit Applies per: Location,,matchOnce,must be present,,Present,compliant,Block Requirements,,,false,1,,2026-08-16
"Block Real Estate Services, LLC",69fdf74a62446148bd854b26,69fded1862446148bd848ee0,Kate Smith Soiree LLC,69fdef1402bb2c42a879cc2a,"3rd203 - D&H Properties - Santa Fe Drive {D&H Properties, LLC}",evidenceOfInsurance,Evidence of Insurance,commercialGeneralLiability,Commercial General Liability,evidenceOfInsuranceCommercialGeneralLiabilityEachOccurrence,Each Occurrence,,matchOnce,must be greater or equal to,1000000,1000000,compliant,Block Requirements,,,false,1,,2026-08-16
"Block Real Estate Services, LLC",69fdf74a62446148bd854b26,69fded1862446148bd848ee0,Kate Smith Soiree LLC,69fdef1402bb2c42a879cc2a,"3rd203 - D&H Properties - Santa Fe Drive {D&H Properties, LLC}",evidenceOfInsurance,Evidence of Insurance,commercialGeneralLiability,Commercial General Liability,evidenceOfInsuranceCommercialGeneralLiabilityGeneralAggregate,General Aggregate,,matchOnce,must be greater or equal to,2000000,2000000,compliant,Block Requirements,,,false,1,,2026-08-16
"Block Real Estate Services, LLC",69fdf74a62446148bd854b26,69fded1862446148bd848ee0,Kate Smith Soiree LLC,69fdef1402bb2c42a879cc2a,"3rd203 - D&H Properties - Santa Fe Drive {D&H Properties, LLC}",evidenceOfInsurance,Evidence of Insurance,commercialGeneralLiability,Commercial General Liability,evidenceOfInsuranceCommercialGeneralLiabilityWaiverOfSubrogationEndorsement,Waiver of Subrogation,"---prompt---
Determine if the insurer has waived their right of subrogation in favor of the certificate holder under the Commercial General Liability policy. Evidence may include: a checked ""Waiver of Subrogation"" box on the certificate, mention in the Description of Operations section stating ""waiver of subrogation applies"", or reference to form CG 24 04. Look for language like ""subrogation is waived"" or ""per written contract"".",matchOnce,must be present,,Present,compliant,Block Requirements,,,false,1,,2026-08-16
"Block Real Estate Services, LLC",69fdf74a62446148bd854b26,69fded1862446148bd848ee0,Kate Smith Soiree LLC,69fdef1402bb2c42a879cc2a,"3rd203 - D&H Properties - Santa Fe Drive {D&H Properties, LLC}",evidenceOfInsurance,Evidence of Insurance,excessOrUmbrellaLiability,Umbrella/Excess Liability,evidenceOfInsuranceExcessOrUmbrellaLiabilityOccurence,Coverage Trigger: Occurrence,,matchOnce,must be present,,,non_compliant,Block Requirements,,,false,0,,2026-08-16
"Block Real Estate Services, LLC",69fdf74a62446148bd854b26,69fded1862446148bd848ee0,Kate Smith Soiree LLC,69fdef1402bb2c42a879cc2a,"3rd203 - D&H Properties - Santa Fe Drive {D&H Properties, LLC}",evidenceOfInsurance,Evidence of Insurance,excessOrUmbrellaLiability,Umbrella/Excess Liability,evidenceOfInsuranceExcessOrUmbrellaLiabilityEachOccurrence,Each Occurrence,,matchOnce,must be greater or equal to,1000000,,non_compliant,Block Requirements,,,false,0,,2026-08-16
"Block Real Estate Services, LLC",69fdf74a62446148bd854b26,69fded1862446148bd848ee0,Kate Smith Soiree LLC,69fdef1402bb2c42a879cc2a,"3rd203 - D&H Properties - Santa Fe Drive {D&H Properties, LLC}",evidenceOfInsurance,Evidence of Insurance,excessOrUmbrellaLiability,Umbrella/Excess Liability,evidenceOfInsuranceExcessOrUmbrellaLiabilityAggregate,Aggregate,,matchOnce,must be greater or equal to,1000000,,non_compliant,Block Requirements,,,false,0,,2026-08-16
"Block Real Estate Services, LLC",69fdf74a62446148bd854b26,69fded1862446148bd848ee0,Kate Smith Soiree LLC,69fdef1402bb2c42a879cc2a,"3rd203 - D&H Properties - Santa Fe Drive {D&H Properties, LLC}",evidenceOfInsurance,Evidence of Insurance,workersCompensation,Workers' Compensation and Employer's Liability,evidenceOfInsuranceWorkersCompensationStatutoryLimits,Statutory Limits,,matchOnce,must be present,,Present,compliant,Block Requirements,,,false,1,,2026-08-16
"Block Real Estate Services, LLC",69fdf74a62446148bd854b26,69fded1862446148bd848ee0,Kate Smith Soiree LLC,69fdef1402bb2c42a879cc2a,"3rd203 - D&H Properties - Santa Fe Drive {D&H Properties, LLC}",evidenceOfInsurance,Evidence of Insurance,workersCompensation,Workers' Compensation and Employer's Liability,evidenceOfInsuranceWorkersCompensationEmployersLiabilityEachAccident,Employer's Liability Each Accident,,matchOnce,must be greater or equal to,500000,1000000,compliant,Block Requirements,,,false,1,,2026-08-16
"Block Real Estate Services, LLC",69fdf74a62446148bd854b26,69fded1862446148bd848ee0,Kate Smith Soiree LLC,69fdef1402bb2c42a879cc2a,"3rd203 - D&H Properties - Santa Fe Drive {D&H Properties, LLC}",evidenceOfInsurance,Evidence of Insurance,workersCompensation,Workers' Compensation and Employer's Liability,evidenceOfInsuranceWorkersCompensationEmployersLiabilityDiseaseEachEmployee,Employer's Liability Disease - each employee,,matchOnce,must be greater or equal to,500000,1000000,compliant,Block Requirements,,,false,1,,2026-08-16
"Block Real Estate Services, LLC",69fdf74a62446148bd854b26,69fded1862446148bd848ee0,Kate Smith Soiree LLC,69fdef1402bb2c42a879cc2a,"3rd203 - D&H Properties - Santa Fe Drive {D&H Properties, LLC}",evidenceOfInsurance,Evidence of Insurance,workersCompensation,Workers' Compensation and Employer's Liability,evidenceOfInsuranceWorkersCompensationEmployersLiabilityDiseasePolicyLimit,Employer's Liability Disease - policy limit,,matchOnce,must be greater or equal to,500000,1000000,compliant,Block Requirements,,,false,1,,2026-08-16
"Block Real Estate Services, LLC",69fdf74a62446148bd854b26,69fded1862446148bd848ee0,Kate Smith Soiree LLC,69fdef1402bb2c42a879cc2a,"3rd203 - D&H Properties - Santa Fe Drive {D&H Properties, LLC}",evidenceOfInsurance,Evidence of Insurance,workersCompensation,Workers' Compensation and Employer's Liability,evidenceOfInsuranceWorkersCompensationWaiverOfSubrogationEndorsement,Waiver of Subrogation,"---prompt---
Determine if the insurer has waived their right of subrogation in favor of the certificate holder under the Workers' Compensation policy. Evidence may include: a checked ""Waiver of Subrogation"" box on the certificate, mention in the Description of Operations section stating ""waiver of subrogation applies"", or reference to form WC 00 03 13. Look for language like ""subrogation is waived"" or ""per written contract"".",matchOnce,must be present,,,non_compliant,Block Requirements,,,false,0,,2026-08-16
"Block Real Estate Services, LLC",69fdf74a62446148bd854b26,69fded1862446148bd848ee0,Kate Smith Soiree LLC,69fdef1402bb2c42a879cc2a,"3rd203 - D&H Properties - Santa Fe Drive {D&H Properties, LLC}",evidenceOfInsurance,Evidence of Insurance,6ac20aae-5728-5d57-b364-aeba38527dba,Additional Requirements,4da5b0f1-4c9d-5885-8cf8-5d3cccaed3e0,"Block Real Estate Services, LLC and all others required by contract are named as Additional Insureds","---prompt---
Determine if the Description of Operations or the Additional Remarks Schedule section states the ""Additional Insured as Construction Management, Inc. and all others required by contract"" or reference to blanket additional insured coverage. Look for language like ""certificate holder is additional insured"" or ""per written contract"".",matchOnce,must be present,,Present,compliant,Block Requirements,,,true,1,,2026-08-16
"Block Real Estate Services, LLC",69fdf74a62446148bd854b26,69fded1862446148bd848ee0,Kate Smith Soiree LLC,69fdef1402bb2c42a879cc2a,"3rd203 - D&H Properties - Santa Fe Drive {D&H Properties, LLC}",evidenceOfInsurance,Evidence of Insurance,6ac20aae-5728-5d57-b364-aeba38527dba,Additional Requirements,e1017741-e47e-5f58-97b8-fbc3043e919f,Umbrella follows form over General Liability,"---prompt---
Determine if the Umbrella/Excess Liability policy follows form to the underlying policies. Evidence may include: language in the Description of Operations section stating the umbrella follows form to underlying coverages or an additional page endorsement stating that it follows form. Follow form means the umbrella policy adopts the same terms, conditions, and exclusions as the underlying policies.",matchOnce,must be present,,,non_compliant,Block Requirements,,,true,0,,2026-08-16
"Block Real Estate Services, LLC",69fdf74a62446148bd854b26,69fded1862446148bd848ee0,Kate Smith Soiree LLC,69fdef1402bb2c42a879cc2a,"3rd203 - D&H Properties - Santa Fe Drive {D&H Properties, LLC}",evidenceOfInsurance,Evidence of Insurance,6ac20aae-5728-5d57-b364-aeba38527dba,Additional Requirements,2cdd866f-c9a4-576a-afd8-1d045762790c,"The location must be listed as: 7911 Santa Fe Drive, Overland Park, KS, 66204",,matchOnce,must be present,,Present,compliant,Block Requirements,,,true,1,,2026-08-16
"Block Real Estate Services, LLC",69fdf74a62446148bd854b26,69fded1862446148bd848ee0,Kate Smith Soiree LLC,69fdef1402bb2c42a879cc2a,"3rd203 - D&H Properties - Santa Fe Drive {D&H Properties, LLC}",evidenceOfInsurance,Evidence of Insurance,6ac20aae-5728-5d57-b364-aeba38527dba,Additional Requirements,3649e9d1-4e09-59bf-8f30-cb33c40cf117,"Certificate Holder must read: c/o Block Real Estate Services, LLC, 4622 Pennsylvania St., Suite 700, Kansas City, MO, 64112",,matchOnce,must be present,,Present,compliant,Block Requirements,,,true,1,,2026-08-16
"Block Real Estate Services, LLC",69fdf74a62446148bd854b25,69fded1462446148bd848dab,First Church of Christ Scientist,69fdef1402bb2c42a879cc2a,"3rd203 - D&H Properties - Santa Fe Drive {D&H Properties, LLC}",evidenceOfInsurance,Evidence of Insurance,commercialGeneralLiability,Commercial General Liability,evidenceOfInsuranceCommercialGeneralLiabilityCoverageTriggerOccurrence,Coverage Trigger: Occurrence,,matchOnce,must be present,,,non_compliant,Block Requirements,,,false,0,,2026-08-16
"Block Real Estate Services, LLC",69fdf74a62446148bd854b25,69fded1462446148bd848dab,First Church of Christ Scientist,69fdef1402bb2c42a879cc2a,"3rd203 - D&H Properties - Santa Fe Drive {D&H Properties, LLC}",evidenceOfInsurance,Evidence of Insurance,commercialGeneralLiability,Commercial General Liability,evidenceOfInsuranceCommercialGeneralLiabilityGeneralAggregateLimitAppliesPerLocation,General Aggregate Limit Applies per: Location,,matchOnce,must be present,,,non_compliant,Block Requirements,,,false,0,,2026-08-16
"Block Real Estate Services, LLC",69fdf74a62446148bd854b25,69fded1462446148bd848dab,First Church of Christ Scientist,69fdef1402bb2c42a879cc2a,"3rd203 - D&H Properties - Santa Fe Drive {D&H Properties, LLC}",evidenceOfInsurance,Evidence of Insurance,commercialGeneralLiability,Commercial General Liability,evidenceOfInsuranceCommercialGeneralLiabilityEachOccurrence,Each Occurrence,,matchOnce,must be greater or equal to,1000000,,non_compliant,Block Requirements,,,false,0,,2026-08-16
"Block Real Estate Services, LLC",69fdf74a62446148bd854b25,69fded1462446148bd848dab,First Church of Christ Scientist,69fdef1402bb2c42a879cc2a,"3rd203 - D&H Properties - Santa Fe Drive {D&H Properties, LLC}",evidenceOfInsurance,Evidence of Insurance,commercialGeneralLiability,Commercial General Liability,evidenceOfInsuranceCommercialGeneralLiabilityGeneralAggregate,General Aggregate,,matchOnce,must be greater or equal to,2000000,,non_compliant,Block Requirements,,,false,0,,2026-08-16
"Block Real Estate Services, LLC",69fdf74a62446148bd854b25,69fded1462446148bd848dab,First Church of Christ Scientist,69fdef1402bb2c42a879cc2a,"3rd203 - D&H Properties - Santa Fe Drive {D&H Properties, LLC}",evidenceOfInsurance,Evidence of Insurance,commercialGeneralLiability,Commercial General Liability,evidenceOfInsuranceCommercialGeneralLiabilityWaiverOfSubrogationEndorsement,Waiver of Subrogation,"---prompt---
Determine if the insurer has waived their right of subrogation in favor of the certificate holder under the Commercial General Liability policy. Evidence may include: a checked ""Waiver of Subrogation"" box on the certificate, mention in the Description of Operations section stating ""waiver of subrogation applies"", or reference to form CG 24 04. Look for language like ""subrogation is waived"" or ""per written contract"".",matchOnce,must be present,,,non_compliant,Block Requirements,,,false,0,,2026-08-16
"Block Real Estate Services, LLC",69fdf74a62446148bd854b25,69fded1462446148bd848dab,First Church of Christ Scientist,69fdef1402bb2c42a879cc2a,"3rd203 - D&H Properties - Santa Fe Drive {D&H Properties, LLC}",evidenceOfInsurance,Evidence of Insurance,excessOrUmbrellaLiability,Umbrella/Excess Liability,evidenceOfInsuranceExcessOrUmbrellaLiabilityOccurence,Coverage Trigger: Occurrence,,matchOnce,must be present,,,non_compliant,Block Requirements,,,false,0,,2026-08-16
"Block Real Estate Services, LLC",69fdf74a62446148bd854b25,69fded1462446148bd848dab,First Church of Christ Scientist,69fdef1402bb2c42a879cc2a,"3rd203 - D&H Properties - Santa Fe Drive {D&H Properties, LLC}",evidenceOfInsurance,Evidence of Insurance,excessOrUmbrellaLiability,Umbrella/Excess Liability,evidenceOfInsuranceExcessOrUmbrellaLiabilityEachOccurrence,Each Occurrence,,matchOnce,must be greater or equal to,1000000,,non_compliant,Block Requirements,,,false,0,,2026-08-16
"Block Real Estate Services, LLC",69fdf74a62446148bd854b25,69fded1462446148bd848dab,First Church of Christ Scientist,69fdef1402bb2c42a879cc2a,"3rd203 - D&H Properties - Santa Fe Drive {D&H Properties, LLC}",evidenceOfInsurance,Evidence of Insurance,excessOrUmbrellaLiability,Umbrella/Excess Liability,evidenceOfInsuranceExcessOrUmbrellaLiabilityAggregate,Aggregate,,matchOnce,must be greater or equal to,1000000,,non_compliant,Block Requirements,,,false,0,,2026-08-16
"Block Real Estate Services, LLC",69fdf74a62446148bd854b25,69fded1462446148bd848dab,First Church of Christ Scientist,69fdef1402bb2c42a879cc2a,"3rd203 - D&H Properties - Santa Fe Drive {D&H Properties, LLC}",evidenceOfInsurance,Evidence of Insurance,workersCompensation,Workers' Compensation and Employer's Liability,evidenceOfInsuranceWorkersCompensationStatutoryLimits,Statutory Limits,,matchOnce,must be present,,,non_compliant,Block Requirements,,,false,0,,2026-08-16
"Block Real Estate Services, LLC",69fdf74a62446148bd854b25,69fded1462446148bd848dab,First Church of Christ Scientist,69fdef1402bb2c42a879cc2a,"3rd203 - D&H Properties - Santa Fe Drive {D&H Properties, LLC}",evidenceOfInsurance,Evidence of Insurance,workersCompensation,Workers' Compensation and Employer's Liability,evidenceOfInsuranceWorkersCompensationEmployersLiabilityEachAccident,Employer's Liability Each Accident,,matchOnce,must be greater or equal to,500000,,non_compliant,Block Requirements,,,false,0,,2026-08-16
"Block Real Estate Services, LLC",69fdf74a62446148bd854b25,69fded1462446148bd848dab,First Church of Christ Scientist,69fdef1402bb2c42a879cc2a,"3rd203 - D&H Properties - Santa Fe Drive {D&H Properties, LLC}",evidenceOfInsurance,Evidence of Insurance,workersCompensation,Workers' Compensation and Employer's Liability,evidenceOfInsuranceWorkersCompensationEmployersLiabilityDiseaseEachEmployee,Employer's Liability Disease - each employee,,matchOnce,must be greater or equal to,500000,,non_compliant,Block Requirements,,,false,0,,2026-08-16
"Block Real Estate Services, LLC",69fdf74a62446148bd854b25,69fded1462446148bd848dab,First Church of Christ Scientist,69fdef1402bb2c42a879cc2a,"3rd203 - D&H Properties - Santa Fe Drive {D&H Properties, LLC}",evidenceOfInsurance,Evidence of Insurance,workersCompensation,Workers' Compensation and Employer's Liability,evidenceOfInsuranceWorkersCompensationEmployersLiabilityDiseasePolicyLimit,Employer's Liability Disease - policy limit,,matchOnce,must be greater or equal to,500000,,non_compliant,Block Requirements,,,false,0,,2026-08-16
"Block Real Estate Services, LLC",69fdf74a62446148bd854b25,69fded1462446148bd848dab,First Church of Christ Scientist,69fdef1402bb2c42a879cc2a,"3rd203 - D&H Properties - Santa Fe Drive {D&H Properties, LLC}",evidenceOfInsurance,Evidence of Insurance,workersCompensation,Workers' Compensation and Employer's Liability,evidenceOfInsuranceWorkersCompensationWaiverOfSubrogationEndorsement,Waiver of Subrogation,"---prompt---
Determine if the insurer has waived their right of subrogation in favor of the certificate holder under the Workers' Compensation policy. Evidence may include: a checked ""Waiver of Subrogation"" box on the certificate, mention in the Description of Operations section stating ""waiver of subrogation applies"", or reference to form WC 00 03 13. Look for language like ""subrogation is waived"" or ""per written contract"".",matchOnce,must be present,,,non_compliant,Block Requirements,,,false,0,,2026-08-16
"Block Real Estate Services, LLC",69fdf74a62446148bd854b25,69fded1462446148bd848dab,First Church of Christ Scientist,69fdef1402bb2c42a879cc2a,"3rd203 - D&H Properties - Santa Fe Drive {D&H Properties, LLC}",evidenceOfInsurance,Evidence of Insurance,6ac20aae-5728-5d57-b364-aeba38527dba,Additional Requirements,4da5b0f1-4c9d-5885-8cf8-5d3cccaed3e0,"Block Real Estate Services, LLC and all others required by contract are named as Additional Insureds","---prompt---
Determine if the Description of Operations or the Additional Remarks Schedule section states the ""Additional Insured as Construction Management, Inc. and all others required by contract"" or reference to blanket additional insured coverage. Look for language like ""certificate holder is additional insured"" or ""per written contract"".",matchOnce,must be present,,,non_compliant,Block Requirements,,,true,0,,2026-08-16
"Block Real Estate Services, LLC",69fdf74a62446148bd854b25,69fded1462446148bd848dab,First Church of Christ Scientist,69fdef1402bb2c42a879cc2a,"3rd203 - D&H Properties - Santa Fe Drive {D&H Properties, LLC}",evidenceOfInsurance,Evidence of Insurance,6ac20aae-5728-5d57-b364-aeba38527dba,Additional Requirements,e1017741-e47e-5f58-97b8-fbc3043e919f,Umbrella follows form over General Liability,"---prompt---
Determine if the Umbrella/Excess Liability policy follows form to the underlying policies. Evidence may include: language in the Description of Operations section stating the umbrella follows form to underlying coverages or an additional page endorsement stating that it follows form. Follow form means the umbrella policy adopts the same terms, conditions, and exclusions as the underlying policies.",matchOnce,must be present,,,non_compliant,Block Requirements,,,true,0,,2026-08-16
"Block Real Estate Services, LLC",69fdf74a62446148bd854b25,69fded1462446148bd848dab,First Church of Christ Scientist,69fdef1402bb2c42a879cc2a,"3rd203 - D&H Properties - Santa Fe Drive {D&H Properties, LLC}",evidenceOfInsurance,Evidence of Insurance,6ac20aae-5728-5d57-b364-aeba38527dba,Additional Requirements,2cdd866f-c9a4-576a-afd8-1d045762790c,"The location must be listed as: 7915 Santa Fe Drive, Overland Park, KS, 66204",,matchOnce,must be present,,,non_compliant,Block Requirements,,,true,0,,2026-08-16
"Block Real Estate Services, LLC",69fdf74a62446148bd854b25,69fded1462446148bd848dab,First Church of Christ Scientist,69fdef1402bb2c42a879cc2a,"3rd203 - D&H Properties - Santa Fe Drive {D&H Properties, LLC}",evidenceOfInsurance,Evidence of Insurance,6ac20aae-5728-5d57-b364-aeba38527dba,Additional Requirements,3649e9d1-4e09-59bf-8f30-cb33c40cf117,"Certificate Holder must read: c/o Block Real Estate Services, LLC, 4622 Pennsylvania St., Suite 700, Kansas City, MO, 64112",,matchOnce,must be present,,,non_compliant,Block Requirements,,,true,0,,2026-08-16
"Block Real Estate Services, LLC",69fdf74a62446148bd854b27,69fded1d62446148bd849045,Downtown Liquor / P & S Investment LLC,69fdef1402bb2c42a879cc2a,"3rd203 - D&H Properties - Santa Fe Drive {D&H Properties, LLC}",evidenceOfInsurance,Evidence of Insurance,commercialGeneralLiability,Commercial General Liability,evidenceOfInsuranceCommercialGeneralLiabilityCoverageTriggerOccurrence,Coverage Trigger: Occurrence,,matchOnce,must be present,,,non_compliant,Block Requirements,,,false,0,,2026-08-16
"Block Real Estate Services, LLC",69fdf74a62446148bd854b27,69fded1d62446148bd849045,Downtown Liquor / P & S Investment LLC,69fdef1402bb2c42a879cc2a,"3rd203 - D&H Properties - Santa Fe Drive {D&H Properties, LLC}",evidenceOfInsurance,Evidence of Insurance,commercialGeneralLiability,Commercial General Liability,evidenceOfInsuranceCommercialGeneralLiabilityGeneralAggregateLimitAppliesPerLocation,General Aggregate Limit Applies per: Location,,matchOnce,must be present,,,non_compliant,Block Requirements,,,false,0,,2026-08-16
"Block Real Estate Services, LLC",69fdf74a62446148bd854b27,69fded1d62446148bd849045,Downtown Liquor / P & S Investment LLC,69fdef1402bb2c42a879cc2a,"3rd203 - D&H Properties - Santa Fe Drive {D&H Properties, LLC}",evidenceOfInsurance,Evidence of Insurance,commercialGeneralLiability,Commercial General Liability,evidenceOfInsuranceCommercialGeneralLiabilityEachOccurrence,Each Occurrence,,matchOnce,must be greater or equal to,1000000,,non_compliant,Block Requirements,,,false,0,,2026-08-16
"Block Real Estate Services, LLC",69fdf74a62446148bd854b27,69fded1d62446148bd849045,Downtown Liquor / P & S Investment LLC,69fdef1402bb2c42a879cc2a,"3rd203 - D&H Properties - Santa Fe Drive {D&H Properties, LLC}",evidenceOfInsurance,Evidence of Insurance,commercialGeneralLiability,Commercial General Liability,evidenceOfInsuranceCommercialGeneralLiabilityGeneralAggregate,General Aggregate,,matchOnce,must be greater or equal to,2000000,,non_compliant,Block Requirements,,,false,0,,2026-08-16
"Block Real Estate Services, LLC",69fdf74a62446148bd854b27,69fded1d62446148bd849045,Downtown Liquor / P & S Investment LLC,69fdef1402bb2c42a879cc2a,"3rd203 - D&H Properties - Santa Fe Drive {D&H Properties, LLC}",evidenceOfInsurance,Evidence of Insurance,commercialGeneralLiability,Commercial General Liability,evidenceOfInsuranceCommercialGeneralLiabilityWaiverOfSubrogationEndorsement,Waiver of Subrogation,"---prompt---
Determine if the insurer has waived their right of subrogation in favor of the certificate holder under the Commercial General Liability policy. Evidence may include: a checked ""Waiver of Subrogation"" box on the certificate, mention in the Description of Operations section stating ""waiver of subrogation applies"", or reference to form CG 24 04. Look for language like ""subrogation is waived"" or ""per written contract"".",matchOnce,must be present,,,non_compliant,Block Requirements,,,false,0,,2026-08-16
"Block Real Estate Services, LLC",69fdf74a62446148bd854b27,69fded1d62446148bd849045,Downtown Liquor / P & S Investment LLC,69fdef1402bb2c42a879cc2a,"3rd203 - D&H Properties - Santa Fe Drive {D&H Properties, LLC}",evidenceOfInsurance,Evidence of Insurance,excessOrUmbrellaLiability,Umbrella/Excess Liability,evidenceOfInsuranceExcessOrUmbrellaLiabilityOccurence,Coverage Trigger: Occurrence,,matchOnce,must be present,,,non_compliant,Block Requirements,,,false,0,,2026-08-16
"Block Real Estate Services, LLC",69fdf74a62446148bd854b27,69fded1d62446148bd849045,Downtown Liquor / P & S Investment LLC,69fdef1402bb2c42a879cc2a,"3rd203 - D&H Properties - Santa Fe Drive {D&H Properties, LLC}",evidenceOfInsurance,Evidence of Insurance,excessOrUmbrellaLiability,Umbrella/Excess Liability,evidenceOfInsuranceExcessOrUmbrellaLiabilityEachOccurrence,Each Occurrence,,matchOnce,must be greater or equal to,1000000,,non_compliant,Block Requirements,,,false,0,,2026-08-16
"Block Real Estate Services, LLC",69fdf74a62446148bd854b27,69fded1d62446148bd849045,Downtown Liquor / P & S Investment LLC,69fdef1402bb2c42a879cc2a,"3rd203 - D&H Properties - Santa Fe Drive {D&H Properties, LLC}",evidenceOfInsurance,Evidence of Insurance,excessOrUmbrellaLiability,Umbrella/Excess Liability,evidenceOfInsuranceExcessOrUmbrellaLiabilityAggregate,Aggregate,,matchOnce,must be greater or equal to,1000000,,non_compliant,Block Requirements,,,false,0,,2026-08-16
"Block Real Estate Services, LLC",69fdf74a62446148bd854b27,69fded1d62446148bd849045,Downtown Liquor / P & S Investment LLC,69fdef1402bb2c42a879cc2a,"3rd203 - D&H Properties - Santa Fe Drive {D&H Properties, LLC}",evidenceOfInsurance,Evidence of Insurance,workersCompensation,Workers' Compensation and Employer's Liability,evidenceOfInsuranceWorkersCompensationStatutoryLimits,Statutory Limits,,matchOnce,must be present,,,non_compliant,Block Requirements,,,false,0,,2026-08-16
"Block Real Estate Services, LLC",69fdf74a62446148bd854b27,69fded1d62446148bd849045,Downtown Liquor / P & S Investment LLC,69fdef1402bb2c42a879cc2a,"3rd203 - D&H Properties - Santa Fe Drive {D&H Properties, LLC}",evidenceOfInsurance,Evidence of Insurance,workersCompensation,Workers' Compensation and Employer's Liability,evidenceOfInsuranceWorkersCompensationEmployersLiabilityEachAccident,Employer's Liability Each Accident,,matchOnce,must be greater or equal to,500000,,non_compliant,Block Requirements,,,false,0,,2026-08-16
"Block Real Estate Services, LLC",69fdf74a62446148bd854b27,69fded1d62446148bd849045,Downtown Liquor / P & S Investment LLC,69fdef1402bb2c42a879cc2a,"3rd203 - D&H Properties - Santa Fe Drive {D&H Properties, LLC}",evidenceOfInsurance,Evidence of Insurance,workersCompensation,Workers' Compensation and Employer's Liability,evidenceOfInsuranceWorkersCompensationEmployersLiabilityDiseaseEachEmployee,Employer's Liability Disease - each employee,,matchOnce,must be greater or equal to,500000,,non_compliant,Block Requirements,,,false,0,,2026-08-16
"Block Real Estate Services, LLC",69fdf74a62446148bd854b27,69fded1d62446148bd849045,Downtown Liquor / P & S Investment LLC,69fdef1402bb2c42a879cc2a,"3rd203 - D&H Properties - Santa Fe Drive {D&H Properties, LLC}",evidenceOfInsurance,Evidence of Insurance,workersCompensation,Workers' Compensation and Employer's Liability,evidenceOfInsuranceWorkersCompensationEmployersLiabilityDiseasePolicyLimit,Employer's Liability Disease - policy limit,,matchOnce,must be greater or equal to,500000,,non_compliant,Block Requirements,,,false,0,,2026-08-16
"Block Real Estate Services, LLC",69fdf74a62446148bd854b27,69fded1d62446148bd849045,Downtown Liquor / P & S Investment LLC,69fdef1402bb2c42a879cc2a,"3rd203 - D&H Properties - Santa Fe Drive {D&H Properties, LLC}",evidenceOfInsurance,Evidence of Insurance,workersCompensation,Workers' Compensation and Employer's Liability,evidenceOfInsuranceWorkersCompensationWaiverOfSubrogationEndorsement,Waiver of Subrogation,"---prompt---
Determine if the insurer has waived their right of subrogation in favor of the certificate holder under the Workers' Compensation policy. Evidence may include: a checked ""Waiver of Subrogation"" box on the certificate, mention in the Description of Operations section stating ""waiver of subrogation applies"", or reference to form WC 00 03 13. Look for language like ""subrogation is waived"" or ""per written contract"".",matchOnce,must be present,,,non_compliant,Block Requirements,,,false,0,,2026-08-16
"Block Real Estate Services, LLC",69fdf74a62446148bd854b27,69fded1d62446148bd849045,Downtown Liquor / P & S Investment LLC,69fdef1402bb2c42a879cc2a,"3rd203 - D&H Properties - Santa Fe Drive {D&H Properties, LLC}",evidenceOfInsurance,Evidence of Insurance,6ac20aae-5728-5d57-b364-aeba38527dba,Additional Requirements,4da5b0f1-4c9d-5885-8cf8-5d3cccaed3e0,"Block Real Estate Services, LLC and all others required by contract are named as Additional Insureds","---prompt---
Determine if the Description of Operations or the Additional Remarks Schedule section states the ""Additional Insured as Construction Management, Inc. and all others required by contract"" or reference to blanket additional insured coverage. Look for language like ""certificate holder is additional insured"" or ""per written contract"".",matchOnce,must be present,,,non_compliant,Block Requirements,,,true,0,,2026-08-16
"Block Real Estate Services, LLC",69fdf74a62446148bd854b27,69fded1d62446148bd849045,Downtown Liquor / P & S Investment LLC,69fdef1402bb2c42a879cc2a,"3rd203 - D&H Properties - Santa Fe Drive {D&H Properties, LLC}",evidenceOfInsurance,Evidence of Insurance,6ac20aae-5728-5d57-b364-aeba38527dba,Additional Requirements,e1017741-e47e-5f58-97b8-fbc3043e919f,Umbrella follows form over General Liability,"---prompt---
Determine if the Umbrella/Excess Liability policy follows form to the underlying policies. Evidence may include: language in the Description of Operations section stating the umbrella follows form to underlying coverages or an additional page endorsement stating that it follows form. Follow form means the umbrella policy adopts the same terms, conditions, and exclusions as the underlying policies.",matchOnce,must be present,,,non_compliant,Block Requirements,,,true,0,,2026-08-16
"Block Real Estate Services, LLC",69fdf74a62446148bd854b27,69fded1d62446148bd849045,Downtown Liquor / P & S Investment LLC,69fdef1402bb2c42a879cc2a,"3rd203 - D&H Properties - Santa Fe Drive {D&H Properties, LLC}",evidenceOfInsurance,Evidence of Insurance,6ac20aae-5728-5d57-b364-aeba38527dba,Additional Requirements,2cdd866f-c9a4-576a-afd8-1d045762790c,"The location must be listed as: 7909 Santa Fe Drive, Overland Park, KS, 66204",,matchOnce,must be present,,,non_compliant,Block Requirements,,,true,0,,2026-08-16
"Block Real Estate Services, LLC",69fdf74a62446148bd854b27,69fded1d62446148bd849045,Downtown Liquor / P & S Investment LLC,69fdef1402bb2c42a879cc2a,"3rd203 - D&H Properties - Santa Fe Drive {D&H Properties, LLC}",evidenceOfInsurance,Evidence of Insurance,6ac20aae-5728-5d57-b364-aeba38527dba,Additional Requirements,3649e9d1-4e09-59bf-8f30-cb33c40cf117,"Certificate Holder must read: c/o Block Real Estate Services, LLC, 4622 Pennsylvania St., Suite 700, Kansas City, MO, 64112",,matchOnce,must be present,,,non_compliant,Block Requirements,,,true,0,,2026-08-16
"Block Real Estate Services, LLC",69fdf74a62446148bd854b24,69fded0e62446148bd848b95,Ashley Nelson Studios,69fdef1402bb2c42a879cc2a,"3rd203 - D&H Properties - Santa Fe Drive {D&H Properties, LLC}",evidenceOfInsurance,Evidence of Insurance,commercialGeneralLiability,Commercial General Liability,evidenceOfInsuranceCommercialGeneralLiabilityCoverageTriggerOccurrence,Coverage Trigger: Occurrence,,matchOnce,must be present,,,non_compliant,Block Requirements,,,false,0,,2026-08-16
"Block Real Estate Services, LLC",69fdf74a62446148bd854b24,69fded0e62446148bd848b95,Ashley Nelson Studios,69fdef1402bb2c42a879cc2a,"3rd203 - D&H Properties - Santa Fe Drive {D&H Properties, LLC}",evidenceOfInsurance,Evidence of Insurance,commercialGeneralLiability,Commercial General Liability,evidenceOfInsuranceCommercialGeneralLiabilityGeneralAggregateLimitAppliesPerLocation,General Aggregate Limit Applies per: Location,,matchOnce,must be present,,,non_compliant,Block Requirements,,,false,0,,2026-08-16
"Block Real Estate Services, LLC",69fdf74a62446148bd854b24,69fded0e62446148bd848b95,Ashley Nelson Studios,69fdef1402bb2c42a879cc2a,"3rd203 - D&H Properties - Santa Fe Drive {D&H Properties, LLC}",evidenceOfInsurance,Evidence of Insurance,commercialGeneralLiability,Commercial General Liability,evidenceOfInsuranceCommercialGeneralLiabilityEachOccurrence,Each Occurrence,,matchOnce,must be greater or equal to,1000000,,non_compliant,Block Requirements,,,false,0,,2026-08-16
"Block Real Estate Services, LLC",69fdf74a62446148bd854b24,69fded0e62446148bd848b95,Ashley Nelson Studios,69fdef1402bb2c42a879cc2a,"3rd203 - D&H Properties - Santa Fe Drive {D&H Properties, LLC}",evidenceOfInsurance,Evidence of Insurance,commercialGeneralLiability,Commercial General Liability,evidenceOfInsuranceCommercialGeneralLiabilityGeneralAggregate,General Aggregate,,matchOnce,must be greater or equal to,2000000,,non_compliant,Block Requirements,,,false,0,,2026-08-16
"Block Real Estate Services, LLC",69fdf74a62446148bd854b24,69fded0e62446148bd848b95,Ashley Nelson Studios,69fdef1402bb2c42a879cc2a,"3rd203 - D&H Properties - Santa Fe Drive {D&H Properties, LLC}",evidenceOfInsurance,Evidence of Insurance,commercialGeneralLiability,Commercial General Liability,evidenceOfInsuranceCommercialGeneralLiabilityWaiverOfSubrogationEndorsement,Waiver of Subrogation,"---prompt---
Determine if the insurer has waived their right of subrogation in favor of the certificate holder under the Commercial General Liability policy. Evidence may include: a checked ""Waiver of Subrogation"" box on the certificate, mention in the Description of Operations section stating ""waiver of subrogation applies"", or reference to form CG 24 04. Look for language like ""subrogation is waived"" or ""per written contract"".",matchOnce,must be present,,,non_compliant,Block Requirements,,,false,0,,2026-08-16
"Block Real Estate Services, LLC",69fdf74a62446148bd854b24,69fded0e62446148bd848b95,Ashley Nelson Studios,69fdef1402bb2c42a879cc2a,"3rd203 - D&H Properties - Santa Fe Drive {D&H Properties, LLC}",evidenceOfInsurance,Evidence of Insurance,excessOrUmbrellaLiability,Umbrella/Excess Liability,evidenceOfInsuranceExcessOrUmbrellaLiabilityOccurence,Coverage Trigger: Occurrence,,matchOnce,must be present,,,non_compliant,Block Requirements,,,false,0,,2026-08-16
"Block Real Estate Services, LLC",69fdf74a62446148bd854b24,69fded0e62446148bd848b95,Ashley Nelson Studios,69fdef1402bb2c42a879cc2a,"3rd203 - D&H Properties - Santa Fe Drive {D&H Properties, LLC}",evidenceOfInsurance,Evidence of Insurance,excessOrUmbrellaLiability,Umbrella/Excess Liability,evidenceOfInsuranceExcessOrUmbrellaLiabilityEachOccurrence,Each Occurrence,,matchOnce,must be greater or equal to,1000000,,non_compliant,Block Requirements,,,false,0,,2026-08-16
"Block Real Estate Services, LLC",69fdf74a62446148bd854b24,69fded0e62446148bd848b95,Ashley Nelson Studios,69fdef1402bb2c42a879cc2a,"3rd203 - D&H Properties - Santa Fe Drive {D&H Properties, LLC}",evidenceOfInsurance,Evidence of Insurance,excessOrUmbrellaLiability,Umbrella/Excess Liability,evidenceOfInsuranceExcessOrUmbrellaLiabilityAggregate,Aggregate,,matchOnce,must be greater or equal to,1000000,,non_compliant,Block Requirements,,,false,0,,2026-08-16
"Block Real Estate Services, LLC",69fdf74a62446148bd854b24,69fded0e62446148bd848b95,Ashley Nelson Studios,69fdef1402bb2c42a879cc2a,"3rd203 - D&H Properties - Santa Fe Drive {D&H Properties, LLC}",evidenceOfInsurance,Evidence of Insurance,workersCompensation,Workers' Compensation and Employer's Liability,evidenceOfInsuranceWorkersCompensationStatutoryLimits,Statutory Limits,,matchOnce,must be present,,,non_compliant,Block Requirements,,,false,0,,2026-08-16
"Block Real Estate Services, LLC",69fdf74a62446148bd854b24,69fded0e62446148bd848b95,Ashley Nelson Studios,69fdef1402bb2c42a879cc2a,"3rd203 - D&H Properties - Santa Fe Drive {D&H Properties, LLC}",evidenceOfInsurance,Evidence of Insurance,workersCompensation,Workers' Compensation and Employer's Liability,evidenceOfInsuranceWorkersCompensationEmployersLiabilityEachAccident,Employer's Liability Each Accident,,matchOnce,must be greater or equal to,500000,,non_compliant,Block Requirements,,,false,0,,2026-08-16
"Block Real Estate Services, LLC",69fdf74a62446148bd854b24,69fded0e62446148bd848b95,Ashley Nelson Studios,69fdef1402bb2c42a879cc2a,"3rd203 - D&H Properties - Santa Fe Drive {D&H Properties, LLC}",evidenceOfInsurance,Evidence of Insurance,workersCompensation,Workers' Compensation and Employer's Liability,evidenceOfInsuranceWorkersCompensationEmployersLiabilityDiseaseEachEmployee,Employer's Liability Disease - each employee,,matchOnce,must be greater or equal to,500000,,non_compliant,Block Requirements,,,false,0,,2026-08-16
"Block Real Estate Services, LLC",69fdf74a62446148bd854b24,69fded0e62446148bd848b95,Ashley Nelson Studios,69fdef1402bb2c42a879cc2a,"3rd203 - D&H Properties - Santa Fe Drive {D&H Properties, LLC}",evidenceOfInsurance,Evidence of Insurance,workersCompensation,Workers' Compensation and Employer's Liability,evidenceOfInsuranceWorkersCompensationEmployersLiabilityDiseasePolicyLimit,Employer's Liability Disease - policy limit,,matchOnce,must be greater or equal to,500000,,non_compliant,Block Requirements,,,false,0,,2026-08-16
"Block Real Estate Services, LLC",69fdf74a62446148bd854b24,69fded0e62446148bd848b95,Ashley Nelson Studios,69fdef1402bb2c42a879cc2a,"3rd203 - D&H Properties - Santa Fe Drive {D&H Properties, LLC}",evidenceOfInsurance,Evidence of Insurance,workersCompensation,Workers' Compensation and Employer's Liability,evidenceOfInsuranceWorkersCompensationWaiverOfSubrogationEndorsement,Waiver of Subrogation,"---prompt---
Determine if the insurer has waived their right of subrogation in favor of the certificate holder under the Workers' Compensation policy. Evidence may include: a checked ""Waiver of Subrogation"" box on the certificate, mention in the Description of Operations section stating ""waiver of subrogation applies"", or reference to form WC 00 03 13. Look for language like ""subrogation is waived"" or ""per written contract"".",matchOnce,must be present,,,non_compliant,Block Requirements,,,false,0,,2026-08-16
"Block Real Estate Services, LLC",69fdf74a62446148bd854b24,69fded0e62446148bd848b95,Ashley Nelson Studios,69fdef1402bb2c42a879cc2a,"3rd203 - D&H Properties - Santa Fe Drive {D&H Properties, LLC}",evidenceOfInsurance,Evidence of Insurance,6ac20aae-5728-5d57-b364-aeba38527dba,Additional Requirements,4da5b0f1-4c9d-5885-8cf8-5d3cccaed3e0,"Block Real Estate Services, LLC and all others required by contract are named as Additional Insureds","---prompt---
Determine if the Description of Operations or the Additional Remarks Schedule section states the ""Additional Insured as Construction Management, Inc. and all others required by contract"" or reference to blanket additional insured coverage. Look for language like ""certificate holder is additional insured"" or ""per written contract"".",matchOnce,must be present,,,non_compliant,Block Requirements,,,true,0,,2026-08-16
"Block Real Estate Services, LLC",69fdf74a62446148bd854b24,69fded0e62446148bd848b95,Ashley Nelson Studios,69fdef1402bb2c42a879cc2a,"3rd203 - D&H Properties - Santa Fe Drive {D&H Properties, LLC}",evidenceOfInsurance,Evidence of Insurance,6ac20aae-5728-5d57-b364-aeba38527dba,Additional Requirements,e1017741-e47e-5f58-97b8-fbc3043e919f,Umbrella follows form over General Liability,"---prompt---
Determine if the Umbrella/Excess Liability policy follows form to the underlying policies. Evidence may include: language in the Description of Operations section stating the umbrella follows form to underlying coverages or an additional page endorsement stating that it follows form. Follow form means the umbrella policy adopts the same terms, conditions, and exclusions as the underlying policies.",matchOnce,must be present,,,non_compliant,Block Requirements,,,true,0,,2026-08-16
"Block Real Estate Services, LLC",69fdf74a62446148bd854b24,69fded0e62446148bd848b95,Ashley Nelson Studios,69fdef1402bb2c42a879cc2a,"3rd203 - D&H Properties - Santa Fe Drive {D&H Properties, LLC}",evidenceOfInsurance,Evidence of Insurance,6ac20aae-5728-5d57-b364-aeba38527dba,Additional Requirements,2cdd866f-c9a4-576a-afd8-1d045762790c,"The location must be listed as: 7917 Santa Fe Drive, Overland Park, KS, 66204",,matchOnce,must be present,,,non_compliant,Block Requirements,,,true,0,,2026-08-16
"Block Real Estate Services, LLC",69fdf74a62446148bd854b24,69fded0e62446148bd848b95,Ashley Nelson Studios,69fdef1402bb2c42a879cc2a,"3rd203 - D&H Properties - Santa Fe Drive {D&H Properties, LLC}",evidenceOfInsurance,Evidence of Insurance,6ac20aae-5728-5d57-b364-aeba38527dba,Additional Requirements,3649e9d1-4e09-59bf-8f30-cb33c40cf117,"Certificate Holder must read: c/o Block Real Estate Services, LLC, 4622 Pennsylvania St., Suite 700, Kansas City, MO, 64112",,matchOnce,must be present,,,non_compliant,Block Requirements,,,true,0,,2026-08-16
"Block Real Estate Services, LLC",69fdf7a362446148bd85b056,69fded2362446148bd849258,Union Bank & Trust Co.,69fdf1943b208288e0a8495e,"tic662 - Pinnacle Corporate Centre III {Pinnacle Building III, LLC}",evidenceOfInsurance,Evidence of Insurance,commercialGeneralLiability,Commercial General Liability,evidenceOfInsuranceCommercialGeneralLiabilityCoverageTriggerOccurrence,Coverage Trigger: Occurrence,,matchOnce,must be present,,,non_compliant,Block Requirements,,,false,0,,2026-08-16
"Block Real Estate Services, LLC",69fdf7a362446148bd85b056,69fded2362446148bd849258,Union Bank & Trust Co.,69fdf1943b208288e0a8495e,"tic662 - Pinnacle Corporate Centre III {Pinnacle Building III, LLC}",evidenceOfInsurance,Evidence of Insurance,commercialGeneralLiability,Commercial General Liability,evidenceOfInsuranceCommercialGeneralLiabilityGeneralAggregateLimitAppliesPerLocation,General Aggregate Limit Applies per: Location,,matchOnce,must be present,,,non_compliant,Block Requirements,,,false,0,,2026-08-16
"Block Real Estate Services, LLC",69fdf7a362446148bd85b056,69fded2362446148bd849258,Union Bank & Trust Co.,69fdf1943b208288e0a8495e,"tic662 - Pinnacle Corporate Centre III {Pinnacle Building III, LLC}",evidenceOfInsurance,Evidence of Insurance,commercialGeneralLiability,Commercial General Liability,evidenceOfInsuranceCommercialGeneralLiabilityEachOccurrence,Each Occurrence,,matchOnce,must be greater or equal to,1000000,,non_compliant,Block Requirements,,,false,0,,2026-08-16
"Block Real Estate Services, LLC",69fdf7a362446148bd85b056,69fded2362446148bd849258,Union Bank & Trust Co.,69fdf1943b208288e0a8495e,"tic662 - Pinnacle Corporate Centre III {Pinnacle Building III, LLC}",evidenceOfInsurance,Evidence of Insurance,commercialGeneralLiability,Commercial General Liability,evidenceOfInsuranceCommercialGeneralLiabilityGeneralAggregate,General Aggregate,,matchOnce,must be greater or equal to,2000000,,non_compliant,Block Requirements,,,false,0,,2026-08-16
"Block Real Estate Services, LLC",69fdf7a362446148bd85b056,69fded2362446148bd849258,Union Bank & Trust Co.,69fdf1943b208288e0a8495e,"tic662 - Pinnacle Corporate Centre III {Pinnacle Building III, LLC}",evidenceOfInsurance,Evidence of Insurance,commercialGeneralLiability,Commercial General Liability,evidenceOfInsuranceCommercialGeneralLiabilityWaiverOfSubrogationEndorsement,Waiver of Subrogation,"---prompt---
Determine if the insurer has waived their right of subrogation in favor of the certificate holder under the Commercial General Liability policy. Evidence may include: a checked ""Waiver of Subrogation"" box on the certificate, mention in the Description of Operations section stating ""waiver of subrogation applies"", or reference to form CG 24 04. Look for language like ""subrogation is waived"" or ""per written contract"".",matchOnce,must be present,,,non_compliant,Block Requirements,,,false,0,,2026-08-16
"Block Real Estate Services, LLC",69fdf7a362446148bd85b056,69fded2362446148bd849258,Union Bank & Trust Co.,69fdf1943b208288e0a8495e,"tic662 - Pinnacle Corporate Centre III {Pinnacle Building III, LLC}",evidenceOfInsurance,Evidence of Insurance,excessOrUmbrellaLiability,Umbrella/Excess Liability,evidenceOfInsuranceExcessOrUmbrellaLiabilityOccurence,Coverage Trigger: Occurrence,,matchOnce,must be present,,,non_compliant,Block Requirements,,,false,0,,2026-08-16
"Block Real Estate Services, LLC",69fdf7a362446148bd85b056,69fded2362446148bd849258,Union Bank & Trust Co.,69fdf1943b208288e0a8495e,"tic662 - Pinnacle Corporate Centre III {Pinnacle Building III, LLC}",evidenceOfInsurance,Evidence of Insurance,excessOrUmbrellaLiability,Umbrella/Excess Liability,evidenceOfInsuranceExcessOrUmbrellaLiabilityEachOccurrence,Each Occurrence,,matchOnce,must be greater or equal to,1000000,,non_compliant,Block Requirements,,,false,0,,2026-08-16
"Block Real Estate Services, LLC",69fdf7a362446148bd85b056,69fded2362446148bd849258,Union Bank & Trust Co.,69fdf1943b208288e0a8495e,"tic662 - Pinnacle Corporate Centre III {Pinnacle Building III, LLC}",evidenceOfInsurance,Evidence of Insurance,excessOrUmbrellaLiability,Umbrella/Excess Liability,evidenceOfInsuranceExcessOrUmbrellaLiabilityAggregate,Aggregate,,matchOnce,must be greater or equal to,1000000,,non_compliant,Block Requirements,,,false,0,,2026-08-16
"Block Real Estate Services, LLC",69fdf7a362446148bd85b056,69fded2362446148bd849258,Union Bank & Trust Co.,69fdf1943b208288e0a8495e,"tic662 - Pinnacle Corporate Centre III {Pinnacle Building III, LLC}",evidenceOfInsurance,Evidence of Insurance,workersCompensation,Workers' Compensation and Employer's Liability,evidenceOfInsuranceWorkersCompensationStatutoryLimits,Statutory Limits,,matchOnce,must be present,,,non_compliant,Block Requirements,,,false,0,,2026-08-16
"Block Real Estate Services, LLC",69fdf7a362446148bd85b056,69fded2362446148bd849258,Union Bank & Trust Co.,69fdf1943b208288e0a8495e,"tic662 - Pinnacle Corporate Centre III {Pinnacle Building III, LLC}",evidenceOfInsurance,Evidence of Insurance,workersCompensation,Workers' Compensation and Employer's Liability,evidenceOfInsuranceWorkersCompensationEmployersLiabilityEachAccident,Employer's Liability Each Accident,,matchOnce,must be greater or equal to,500000,,non_compliant,Block Requirements,,,false,0,,2026-08-16
"Block Real Estate Services, LLC",69fdf7a362446148bd85b056,69fded2362446148bd849258,Union Bank & Trust Co.,69fdf1943b208288e0a8495e,"tic662 - Pinnacle Corporate Centre III {Pinnacle Building III, LLC}",evidenceOfInsurance,Evidence of Insurance,workersCompensation,Workers' Compensation and Employer's Liability,evidenceOfInsuranceWorkersCompensationEmployersLiabilityDiseaseEachEmployee,Employer's Liability Disease - each employee,,matchOnce,must be greater or equal to,500000,,non_compliant,Block Requirements,,,false,0,,2026-08-16
"Block Real Estate Services, LLC",69fdf7a362446148bd85b056,69fded2362446148bd849258,Union Bank & Trust Co.,69fdf1943b208288e0a8495e,"tic662 - Pinnacle Corporate Centre III {Pinnacle Building III, LLC}",evidenceOfInsurance,Evidence of Insurance,workersCompensation,Workers' Compensation and Employer's Liability,evidenceOfInsuranceWorkersCompensationEmployersLiabilityDiseasePolicyLimit,Employer's Liability Disease - policy limit,,matchOnce,must be greater or equal to,500000,,non_compliant,Block Requirements,,,false,0,,2026-08-16
"Block Real Estate Services, LLC",69fdf7a362446148bd85b056,69fded2362446148bd849258,Union Bank & Trust Co.,69fdf1943b208288e0a8495e,"tic662 - Pinnacle Corporate Centre III {Pinnacle Building III, LLC}",evidenceOfInsurance,Evidence of Insurance,workersCompensation,Workers' Compensation and Employer's Liability,evidenceOfInsuranceWorkersCompensationWaiverOfSubrogationEndorsement,Waiver of Subrogation,"---prompt---
Determine if the insurer has waived their right of subrogation in favor of the certificate holder under the Workers' Compensation policy. Evidence may include: a checked ""Waiver of Subrogation"" box on the certificate, mention in the Description of Operations section stating ""waiver of subrogation applies"", or reference to form WC 00 03 13. Look for language like ""subrogation is waived"" or ""per written contract"".",matchOnce,must be present,,,non_compliant,Block Requirements,,,false,0,,2026-08-16
"Block Real Estate Services, LLC",69fdf7a362446148bd85b056,69fded2362446148bd849258,Union Bank & Trust Co.,69fdf1943b208288e0a8495e,"tic662 - Pinnacle Corporate Centre III {Pinnacle Building III, LLC}",evidenceOfInsurance,Evidence of Insurance,6ac20aae-5728-5d57-b364-aeba38527dba,Additional Requirements,4da5b0f1-4c9d-5885-8cf8-5d3cccaed3e0,"Block Real Estate Services, LLC and all others required by contract are named as Additional Insureds","---prompt---
Determine if the Description of Operations or the Additional Remarks Schedule section states the ""Additional Insured as Construction Management, Inc. and all others required by contract"" or reference to blanket additional insured coverage. Look for language like ""certificate holder is additional insured"" or ""per written contract"".",matchOnce,must be present,,,non_compliant,Block Requirements,,,true,0,,2026-08-16
"Block Real Estate Services, LLC",69fdf7a362446148bd85b056,69fded2362446148bd849258,Union Bank & Trust Co.,69fdf1943b208288e0a8495e,"tic662 - Pinnacle Corporate Centre III {Pinnacle Building III, LLC}",evidenceOfInsurance,Evidence of Insurance,6ac20aae-5728-5d57-b364-aeba38527dba,Additional Requirements,e1017741-e47e-5f58-97b8-fbc3043e919f,Umbrella follows form over General Liability,"---prompt---
Determine if the Umbrella/Excess Liability policy follows form to the underlying policies. Evidence may include: language in the Description of Operations section stating the umbrella follows form to underlying coverages or an additional page endorsement stating that it follows form. Follow form means the umbrella policy adopts the same terms, conditions, and exclusions as the underlying policies.",matchOnce,must be present,,,non_compliant,Block Requirements,,,true,0,,2026-08-16
"Block Real Estate Services, LLC",69fdf7a362446148bd85b056,69fded2362446148bd849258,Union Bank & Trust Co.,69fdf1943b208288e0a8495e,"tic662 - Pinnacle Corporate Centre III {Pinnacle Building III, LLC}",evidenceOfInsurance,Evidence of Insurance,6ac20aae-5728-5d57-b364-aeba38527dba,Additional Requirements,2cdd866f-c9a4-576a-afd8-1d045762790c,"The location must be listed as: 11460 Tomahawk Creek Parkway Suites 105, 120 Leawood KS 66211",,matchOnce,must be present,,,non_compliant,Block Requirements,,,true,0,,2026-08-16
"Block Real Estate Services, LLC",69fdf7a362446148bd85b056,69fded2362446148bd849258,Union Bank & Trust Co.,69fdf1943b208288e0a8495e,"tic662 - Pinnacle Corporate Centre III {Pinnacle Building III, LLC}",evidenceOfInsurance,Evidence of Insurance,6ac20aae-5728-5d57-b364-aeba38527dba,Additional Requirements,3649e9d1-4e09-59bf-8f30-cb33c40cf117,"Certificate Holder must read: c/o Block Real Estate Services, LLC, 4622 Pennsylvania St., Suite 700, Kansas City, MO, 64112",,matchOnce,must be present,,,non_compliant,Block Requirements,,,true,0,,2026-08-16
"Block Real Estate Services, LLC",69fdf7a362446148bd85b053,69fded1362446148bd848d4b,Edward D Jones & Co LP,69fdf1943b208288e0a8495e,"tic662 - Pinnacle Corporate Centre III {Pinnacle Building III, LLC}",evidenceOfInsurance,Evidence of Insurance,commercialGeneralLiability,Commercial General Liability,evidenceOfInsuranceCommercialGeneralLiabilityCoverageTriggerOccurrence,Coverage Trigger: Occurrence,,matchOnce,must be present,,Present,compliant,Block Requirements,,,false,1,,2026-08-16
"Block Real Estate Services, LLC",69fdf7a362446148bd85b053,69fded1362446148bd848d4b,Edward D Jones & Co LP,69fdf1943b208288e0a8495e,"tic662 - Pinnacle Corporate Centre III {Pinnacle Building III, LLC}",evidenceOfInsurance,Evidence of Insurance,commercialGeneralLiability,Commercial General Liability,evidenceOfInsuranceCommercialGeneralLiabilityGeneralAggregateLimitAppliesPerLocation,General Aggregate Limit Applies per: Location,,matchOnce,must be present,,Present,compliant,Block Requirements,,,false,1,,2026-08-16
"Block Real Estate Services, LLC",69fdf7a362446148bd85b053,69fded1362446148bd848d4b,Edward D Jones & Co LP,69fdf1943b208288e0a8495e,"tic662 - Pinnacle Corporate Centre III {Pinnacle Building III, LLC}",evidenceOfInsurance,Evidence of Insurance,commercialGeneralLiability,Commercial General Liability,evidenceOfInsuranceCommercialGeneralLiabilityEachOccurrence,Each Occurrence,,matchOnce,must be greater or equal to,1000000,2000000,compliant,Block Requirements,,,false,1,,2026-08-16
"Block Real Estate Services, LLC",69fdf7a362446148bd85b053,69fded1362446148bd848d4b,Edward D Jones & Co LP,69fdf1943b208288e0a8495e,"tic662 - Pinnacle Corporate Centre III {Pinnacle Building III, LLC}",evidenceOfInsurance,Evidence of Insurance,commercialGeneralLiability,Commercial General Liability,evidenceOfInsuranceCommercialGeneralLiabilityGeneralAggregate,General Aggregate,,matchOnce,must be greater or equal to,2000000,4000000,compliant,Block Requirements,,,false,1,,2026-08-16
"Block Real Estate Services, LLC",69fdf7a362446148bd85b053,69fded1362446148bd848d4b,Edward D Jones & Co LP,69fdf1943b208288e0a8495e,"tic662 - Pinnacle Corporate Centre III {Pinnacle Building III, LLC}",evidenceOfInsurance,Evidence of Insurance,commercialGeneralLiability,Commercial General Liability,evidenceOfInsuranceCommercialGeneralLiabilityWaiverOfSubrogationEndorsement,Waiver of Subrogation,"---prompt---
Determine if the insurer has waived their right of subrogation in favor of the certificate holder under the Commercial General Liability policy. Evidence may include: a checked ""Waiver of Subrogation"" box on the certificate, mention in the Description of Operations section stating ""waiver of subrogation applies"", or reference to form CG 24 04. Look for language like ""subrogation is waived"" or ""per written contract"".",matchOnce,must be present,,Present,compliant,Block Requirements,,,false,1,,2026-08-16
"Block Real Estate Services, LLC",69fdf7a362446148bd85b053,69fded1362446148bd848d4b,Edward D Jones & Co LP,69fdf1943b208288e0a8495e,"tic662 - Pinnacle Corporate Centre III {Pinnacle Building III, LLC}",evidenceOfInsurance,Evidence of Insurance,excessOrUmbrellaLiability,Umbrella/Excess Liability,evidenceOfInsuranceExcessOrUmbrellaLiabilityOccurence,Coverage Trigger: Occurrence,,matchOnce,must be present,,Present,compliant,Block Requirements,,,false,1,,2026-08-16
"Block Real Estate Services, LLC",69fdf7a362446148bd85b053,69fded1362446148bd848d4b,Edward D Jones & Co LP,69fdf1943b208288e0a8495e,"tic662 - Pinnacle Corporate Centre III {Pinnacle Building III, LLC}",evidenceOfInsurance,Evidence of Insurance,excessOrUmbrellaLiability,Umbrella/Excess Liability,evidenceOfInsuranceExcessOrUmbrellaLiabilityEachOccurrence,Each Occurrence,,matchOnce,must be greater or equal to,1000000,1000000,compliant,Block Requirements,,,false,1,,2026-08-16
"Block Real Estate Services, LLC",69fdf7a362446148bd85b053,69fded1362446148bd848d4b,Edward D Jones & Co LP,69fdf1943b208288e0a8495e,"tic662 - Pinnacle Corporate Centre III {Pinnacle Building III, LLC}",evidenceOfInsurance,Evidence of Insurance,excessOrUmbrellaLiability,Umbrella/Excess Liability,evidenceOfInsuranceExcessOrUmbrellaLiabilityAggregate,Aggregate,,matchOnce,must be greater or equal to,1000000,1000000,compliant,Block Requirements,,,false,1,,2026-08-16
"Block Real Estate Services, LLC",69fdf7a362446148bd85b053,69fded1362446148bd848d4b,Edward D Jones & Co LP,69fdf1943b208288e0a8495e,"tic662 - Pinnacle Corporate Centre III {Pinnacle Building III, LLC}",evidenceOfInsurance,Evidence of Insurance,workersCompensation,Workers' Compensation and Employer's Liability,evidenceOfInsuranceWorkersCompensationStatutoryLimits,Statutory Limits,,matchOnce,must be present,,Present,compliant,Block Requirements,,,false,1,,2026-08-16
"Block Real Estate Services, LLC",69fdf7a362446148bd85b053,69fded1362446148bd848d4b,Edward D Jones & Co LP,69fdf1943b208288e0a8495e,"tic662 - Pinnacle Corporate Centre III {Pinnacle Building III, LLC}",evidenceOfInsurance,Evidence of Insurance,workersCompensation,Workers' Compensation and Employer's Liability,evidenceOfInsuranceWorkersCompensationEmployersLiabilityEachAccident,Employer's Liability Each Accident,,matchOnce,must be greater or equal to,500000,1000000,compliant,Block Requirements,,,false,1,,2026-08-16
"Block Real Estate Services, LLC",69fdf7a362446148bd85b053,69fded1362446148bd848d4b,Edward D Jones & Co LP,69fdf1943b208288e0a8495e,"tic662 - Pinnacle Corporate Centre III {Pinnacle Building III, LLC}",evidenceOfInsurance,Evidence of Insurance,workersCompensation,Workers' Compensation and Employer's Liability,evidenceOfInsuranceWorkersCompensationEmployersLiabilityDiseaseEachEmployee,Employer's Liability Disease - each employee,,matchOnce,must be greater or equal to,500000,1000000,compliant,Block Requirements,,,false,1,,2026-08-16
"Block Real Estate Services, LLC",69fdf7a362446148bd85b053,69fded1362446148bd848d4b,Edward D Jones & Co LP,69fdf1943b208288e0a8495e,"tic662 - Pinnacle Corporate Centre III {Pinnacle Building III, LLC}",evidenceOfInsurance,Evidence of Insurance,workersCompensation,Workers' Compensation and Employer's Liability,evidenceOfInsuranceWorkersCompensationEmployersLiabilityDiseasePolicyLimit,Employer's Liability Disease - policy limit,,matchOnce,must be greater or equal to,500000,1000000,compliant,Block Requirements,,,false,1,,2026-08-16
"Block Real Estate Services, LLC",69fdf7a362446148bd85b053,69fded1362446148bd848d4b,Edward D Jones & Co LP,69fdf1943b208288e0a8495e,"tic662 - Pinnacle Corporate Centre III {Pinnacle Building III, LLC}",evidenceOfInsurance,Evidence of Insurance,workersCompensation,Workers' Compensation and Employer's Liability,evidenceOfInsuranceWorkersCompensationWaiverOfSubrogationEndorsement,Waiver of Subrogation,"---prompt---
Determine if the insurer has waived their right of subrogation in favor of the certificate holder under the Workers' Compensation policy. Evidence may include: a checked ""Waiver of Subrogation"" box on the certificate, mention in the Description of Operations section stating ""waiver of subrogation applies"", or reference to form WC 00 03 13. Look for language like ""subrogation is waived"" or ""per written contract"".",matchOnce,must be present,,Present,compliant,Block Requirements,,,false,1,,2026-08-16
"Block Real Estate Services, LLC",69fdf7a362446148bd85b053,69fded1362446148bd848d4b,Edward D Jones & Co LP,69fdf1943b208288e0a8495e,"tic662 - Pinnacle Corporate Centre III {Pinnacle Building III, LLC}",evidenceOfInsurance,Evidence of Insurance,6ac20aae-5728-5d57-b364-aeba38527dba,Additional Requirements,4da5b0f1-4c9d-5885-8cf8-5d3cccaed3e0,"Block Real Estate Services, LLC and all others required by contract are named as Additional Insureds","---prompt---
Determine if the Description of Operations or the Additional Remarks Schedule section states the ""Additional Insured as Construction Management, Inc. and all others required by contract"" or reference to blanket additional insured coverage. Look for language like ""certificate holder is additional insured"" or ""per written contract"".",matchOnce,must be present,,Present,compliant,Block Requirements,,,true,1,,2026-08-16
"Block Real Estate Services, LLC",69fdf7a362446148bd85b053,69fded1362446148bd848d4b,Edward D Jones & Co LP,69fdf1943b208288e0a8495e,"tic662 - Pinnacle Corporate Centre III {Pinnacle Building III, LLC}",evidenceOfInsurance,Evidence of Insurance,6ac20aae-5728-5d57-b364-aeba38527dba,Additional Requirements,e1017741-e47e-5f58-97b8-fbc3043e919f,Umbrella follows form over General Liability,"---prompt---
Determine if the Umbrella/Excess Liability policy follows form to the underlying policies. Evidence may include: language in the Description of Operations section stating the umbrella follows form to underlying coverages or an additional page endorsement stating that it follows form. Follow form means the umbrella policy adopts the same terms, conditions, and exclusions as the underlying policies.",matchOnce,must be present,,,non_compliant,Block Requirements,,,true,0,,2026-08-16
"Block Real Estate Services, LLC",69fdf7a362446148bd85b053,69fded1362446148bd848d4b,Edward D Jones & Co LP,69fdf1943b208288e0a8495e,"tic662 - Pinnacle Corporate Centre III {Pinnacle Building III, LLC}",evidenceOfInsurance,Evidence of Insurance,6ac20aae-5728-5d57-b364-aeba38527dba,Additional Requirements,2cdd866f-c9a4-576a-afd8-1d045762790c,The location must be listed as: 11460 Tomahawk Creek Parkway Suite 310 Leawood KS 66211,,matchOnce,must be present,,,non_compliant,Block Requirements,,,true,0,,2026-08-16
"Block Real Estate Services, LLC",69fdf7a362446148bd85b053,69fded1362446148bd848d4b,Edward D Jones & Co LP,69fdf1943b208288e0a8495e,"tic662 - Pinnacle Corporate Centre III {Pinnacle Building III, LLC}",evidenceOfInsurance,Evidence of Insurance,6ac20aae-5728-5d57-b364-aeba38527dba,Additional Requirements,3649e9d1-4e09-59bf-8f30-cb33c40cf117,"Certificate Holder must read: c/o Block Real Estate Services, LLC, 4622 Pennsylvania St., Suite 700, Kansas City, MO, 64112",,matchOnce,must be present,,Present,compliant,Block Requirements,,,true,1,,2026-08-16
"Block Real Estate Services, LLC",69fdf7a362446148bd85b052,69fded1262446148bd848cd3,Crown MedRealty Partners LLC,69fdf1943b208288e0a8495e,"tic662 - Pinnacle Corporate Centre III {Pinnacle Building III, LLC}",evidenceOfInsurance,Evidence of Insurance,commercialGeneralLiability,Commercial General Liability,evidenceOfInsuranceCommercialGeneralLiabilityCoverageTriggerOccurrence,Coverage Trigger: Occurrence,,matchOnce,must be present,,Present,compliant,Block Requirements,,,false,1,,2026-08-16
"Block Real Estate Services, LLC",69fdf7a362446148bd85b052,69fded1262446148bd848cd3,Crown MedRealty Partners LLC,69fdf1943b208288e0a8495e,"tic662 - Pinnacle Corporate Centre III {Pinnacle Building III, LLC}",evidenceOfInsurance,Evidence of Insurance,commercialGeneralLiability,Commercial General Liability,evidenceOfInsuranceCommercialGeneralLiabilityGeneralAggregateLimitAppliesPerLocation,General Aggregate Limit Applies per: Location,,matchOnce,must be present,,Present,compliant,Block Requirements,,,false,1,,2026-08-16
"Block Real Estate Services, LLC",69fdf7a362446148bd85b052,69fded1262446148bd848cd3,Crown MedRealty Partners LLC,69fdf1943b208288e0a8495e,"tic662 - Pinnacle Corporate Centre III {Pinnacle Building III, LLC}",evidenceOfInsurance,Evidence of Insurance,commercialGeneralLiability,Commercial General Liability,evidenceOfInsuranceCommercialGeneralLiabilityEachOccurrence,Each Occurrence,,matchOnce,must be greater or equal to,1000000,1000000,compliant,Block Requirements,,,false,1,,2026-08-16
"Block Real Estate Services, LLC",69fdf7a362446148bd85b052,69fded1262446148bd848cd3,Crown MedRealty Partners LLC,69fdf1943b208288e0a8495e,"tic662 - Pinnacle Corporate Centre III {Pinnacle Building III, LLC}",evidenceOfInsurance,Evidence of Insurance,commercialGeneralLiability,Commercial General Liability,evidenceOfInsuranceCommercialGeneralLiabilityGeneralAggregate,General Aggregate,,matchOnce,must be greater or equal to,2000000,2000000,compliant,Block Requirements,,,false,1,,2026-08-16
"Block Real Estate Services, LLC",69fdf7a362446148bd85b052,69fded1262446148bd848cd3,Crown MedRealty Partners LLC,69fdf1943b208288e0a8495e,"tic662 - Pinnacle Corporate Centre III {Pinnacle Building III, LLC}",evidenceOfInsurance,Evidence of Insurance,commercialGeneralLiability,Commercial General Liability,evidenceOfInsuranceCommercialGeneralLiabilityWaiverOfSubrogationEndorsement,Waiver of Subrogation,"---prompt---
Determine if the insurer has waived their right of subrogation in favor of the certificate holder under the Commercial General Liability policy. Evidence may include: a checked ""Waiver of Subrogation"" box on the certificate, mention in the Description of Operations section stating ""waiver of subrogation applies"", or reference to form CG 24 04. Look for language like ""subrogation is waived"" or ""per written contract"".",matchOnce,must be present,,Present,compliant,Block Requirements,,,false,1,,2026-08-16
"Block Real Estate Services, LLC",69fdf7a362446148bd85b052,69fded1262446148bd848cd3,Crown MedRealty Partners LLC,69fdf1943b208288e0a8495e,"tic662 - Pinnacle Corporate Centre III {Pinnacle Building III, LLC}",evidenceOfInsurance,Evidence of Insurance,excessOrUmbrellaLiability,Umbrella/Excess Liability,evidenceOfInsuranceExcessOrUmbrellaLiabilityOccurence,Coverage Trigger: Occurrence,,matchOnce,must be present,,Present,compliant,Block Requirements,,,false,1,,2026-08-16
"Block Real Estate Services, LLC",69fdf7a362446148bd85b052,69fded1262446148bd848cd3,Crown MedRealty Partners LLC,69fdf1943b208288e0a8495e,"tic662 - Pinnacle Corporate Centre III {Pinnacle Building III, LLC}",evidenceOfInsurance,Evidence of Insurance,excessOrUmbrellaLiability,Umbrella/Excess Liability,evidenceOfInsuranceExcessOrUmbrellaLiabilityEachOccurrence,Each Occurrence,,matchOnce,must be greater or equal to,1000000,10000000,compliant,Block Requirements,,,false,1,,2026-08-16
"Block Real Estate Services, LLC",69fdf7a362446148bd85b052,69fded1262446148bd848cd3,Crown MedRealty Partners LLC,69fdf1943b208288e0a8495e,"tic662 - Pinnacle Corporate Centre III {Pinnacle Building III, LLC}",evidenceOfInsurance,Evidence of Insurance,excessOrUmbrellaLiability,Umbrella/Excess Liability,evidenceOfInsuranceExcessOrUmbrellaLiabilityAggregate,Aggregate,,matchOnce,must be greater or equal to,1000000,10000000,compliant,Block Requirements,,,false,1,,2026-08-16
"Block Real Estate Services, LLC",69fdf7a362446148bd85b052,69fded1262446148bd848cd3,Crown MedRealty Partners LLC,69fdf1943b208288e0a8495e,"tic662 - Pinnacle Corporate Centre III {Pinnacle Building III, LLC}",evidenceOfInsurance,Evidence of Insurance,workersCompensation,Workers' Compensation and Employer's Liability,evidenceOfInsuranceWorkersCompensationStatutoryLimits,Statutory Limits,,matchOnce,must be present,,Present,compliant,Block Requirements,,,false,1,,2026-08-16
"Block Real Estate Services, LLC",69fdf7a362446148bd85b052,69fded1262446148bd848cd3,Crown MedRealty Partners LLC,69fdf1943b208288e0a8495e,"tic662 - Pinnacle Corporate Centre III {Pinnacle Building III, LLC}",evidenceOfInsurance,Evidence of Insurance,workersCompensation,Workers' Compensation and Employer's Liability,evidenceOfInsuranceWorkersCompensationEmployersLiabilityEachAccident,Employer's Liability Each Accident,,matchOnce,must be greater or equal to,500000,1000000,compliant,Block Requirements,,,false,1,,2026-08-16
"Block Real Estate Services, LLC",69fdf7a362446148bd85b052,69fded1262446148bd848cd3,Crown MedRealty Partners LLC,69fdf1943b208288e0a8495e,"tic662 - Pinnacle Corporate Centre III {Pinnacle Building III, LLC}",evidenceOfInsurance,Evidence of Insurance,workersCompensation,Workers' Compensation and Employer's Liability,evidenceOfInsuranceWorkersCompensationEmployersLiabilityDiseaseEachEmployee,Employer's Liability Disease - each employee,,matchOnce,must be greater or equal to,500000,1000000,compliant,Block Requirements,,,false,1,,2026-08-16
"Block Real Estate Services, LLC",69fdf7a362446148bd85b052,69fded1262446148bd848cd3,Crown MedRealty Partners LLC,69fdf1943b208288e0a8495e,"tic662 - Pinnacle Corporate Centre III {Pinnacle Building III, LLC}",evidenceOfInsurance,Evidence of Insurance,workersCompensation,Workers' Compensation and Employer's Liability,evidenceOfInsuranceWorkersCompensationEmployersLiabilityDiseasePolicyLimit,Employer's Liability Disease - policy limit,,matchOnce,must be greater or equal to,500000,1000000,compliant,Block Requirements,,,false,1,,2026-08-16
"Block Real Estate Services, LLC",69fdf7a362446148bd85b052,69fded1262446148bd848cd3,Crown MedRealty Partners LLC,69fdf1943b208288e0a8495e,"tic662 - Pinnacle Corporate Centre III {Pinnacle Building III, LLC}",evidenceOfInsurance,Evidence of Insurance,workersCompensation,Workers' Compensation and Employer's Liability,evidenceOfInsuranceWorkersCompensationWaiverOfSubrogationEndorsement,Waiver of Subrogation,"---prompt---
Determine if the insurer has waived their right of subrogation in favor of the certificate holder under the Workers' Compensation policy. Evidence may include: a checked ""Waiver of Subrogation"" box on the certificate, mention in the Description of Operations section stating ""waiver of subrogation applies"", or reference to form WC 00 03 13. Look for language like ""subrogation is waived"" or ""per written contract"".",matchOnce,must be present,,Present,compliant,Block Requirements,,,false,1,,2026-08-16
"Block Real Estate Services, LLC",69fdf7a362446148bd85b052,69fded1262446148bd848cd3,Crown MedRealty Partners LLC,69fdf1943b208288e0a8495e,"tic662 - Pinnacle Corporate Centre III {Pinnacle Building III, LLC}",evidenceOfInsurance,Evidence of Insurance,6ac20aae-5728-5d57-b364-aeba38527dba,Additional Requirements,4da5b0f1-4c9d-5885-8cf8-5d3cccaed3e0,"Block Real Estate Services, LLC and all others required by contract are named as Additional Insureds","---prompt---
Determine if the Description of Operations or the Additional Remarks Schedule section states the ""Additional Insured as Construction Management, Inc. and all others required by contract"" or reference to blanket additional insured coverage. Look for language like ""certificate holder is additional insured"" or ""per written contract"".",matchOnce,must be present,,Present,compliant,Block Requirements,,,true,1,,2026-08-16
"Block Real Estate Services, LLC",69fdf7a362446148bd85b052,69fded1262446148bd848cd3,Crown MedRealty Partners LLC,69fdf1943b208288e0a8495e,"tic662 - Pinnacle Corporate Centre III {Pinnacle Building III, LLC}",evidenceOfInsurance,Evidence of Insurance,6ac20aae-5728-5d57-b364-aeba38527dba,Additional Requirements,e1017741-e47e-5f58-97b8-fbc3043e919f,Umbrella follows form over General Liability,"---prompt---
Determine if the Umbrella/Excess Liability policy follows form to the underlying policies. Evidence may include: language in the Description of Operations section stating the umbrella follows form to underlying coverages or an additional page endorsement stating that it follows form. Follow form means the umbrella policy adopts the same terms, conditions, and exclusions as the underlying policies.",matchOnce,must be present,,Present,compliant,Block Requirements,,,true,1,,2026-08-16
"Block Real Estate Services, LLC",69fdf7a362446148bd85b052,69fded1262446148bd848cd3,Crown MedRealty Partners LLC,69fdf1943b208288e0a8495e,"tic662 - Pinnacle Corporate Centre III {Pinnacle Building III, LLC}",evidenceOfInsurance,Evidence of Insurance,6ac20aae-5728-5d57-b364-aeba38527dba,Additional Requirements,2cdd866f-c9a4-576a-afd8-1d045762790c,The location must be listed as: 11460 Tomahawk Creek Parkway Suite 320 Leawood KS 66211,,matchOnce,must be present,,Present,compliant,Block Requirements,,,true,1,,2026-08-16
"Block Real Estate Services, LLC",69fdf7a362446148bd85b052,69fded1262446148bd848cd3,Crown MedRealty Partners LLC,69fdf1943b208288e0a8495e,"tic662 - Pinnacle Corporate Centre III {Pinnacle Building III, LLC}",evidenceOfInsurance,Evidence of Insurance,6ac20aae-5728-5d57-b364-aeba38527dba,Additional Requirements,3649e9d1-4e09-59bf-8f30-cb33c40cf117,"Certificate Holder must read: c/o Block Real Estate Services, LLC, 4622 Pennsylvania St., Suite 700, Kansas City, MO, 64112",,matchOnce,must be present,,Present,compliant,Block Requirements,,,true,1,,2026-08-16
"Block Real Estate Services, LLC",69fdf7a362446148bd85b051,69fded1162446148bd848c9a,Companion Protect Agency,69fdf1943b208288e0a8495e,"tic662 - Pinnacle Corporate Centre III {Pinnacle Building III, LLC}",evidenceOfInsurance,Evidence of Insurance,commercialGeneralLiability,Commercial General Liability,evidenceOfInsuranceCommercialGeneralLiabilityCoverageTriggerOccurrence,Coverage Trigger: Occurrence,,matchOnce,must be present,,,non_compliant,Block Requirements,,,false,0,,2026-08-16
"Block Real Estate Services, LLC",69fdf7a362446148bd85b051,69fded1162446148bd848c9a,Companion Protect Agency,69fdf1943b208288e0a8495e,"tic662 - Pinnacle Corporate Centre III {Pinnacle Building III, LLC}",evidenceOfInsurance,Evidence of Insurance,commercialGeneralLiability,Commercial General Liability,evidenceOfInsuranceCommercialGeneralLiabilityGeneralAggregateLimitAppliesPerLocation,General Aggregate Limit Applies per: Location,,matchOnce,must be present,,,non_compliant,Block Requirements,,,false,0,,2026-08-16
"Block Real Estate Services, LLC",69fdf7a362446148bd85b051,69fded1162446148bd848c9a,Companion Protect Agency,69fdf1943b208288e0a8495e,"tic662 - Pinnacle Corporate Centre III {Pinnacle Building III, LLC}",evidenceOfInsurance,Evidence of Insurance,commercialGeneralLiability,Commercial General Liability,evidenceOfInsuranceCommercialGeneralLiabilityEachOccurrence,Each Occurrence,,matchOnce,must be greater or equal to,1000000,,non_compliant,Block Requirements,,,false,0,,2026-08-16
"Block Real Estate Services, LLC",69fdf7a362446148bd85b051,69fded1162446148bd848c9a,Companion Protect Agency,69fdf1943b208288e0a8495e,"tic662 - Pinnacle Corporate Centre III {Pinnacle Building III, LLC}",evidenceOfInsurance,Evidence of Insurance,commercialGeneralLiability,Commercial General Liability,evidenceOfInsuranceCommercialGeneralLiabilityGeneralAggregate,General Aggregate,,matchOnce,must be greater or equal to,2000000,,non_compliant,Block Requirements,,,false,0,,2026-08-16
"Block Real Estate Services, LLC",69fdf7a362446148bd85b051,69fded1162446148bd848c9a,Companion Protect Agency,69fdf1943b208288e0a8495e,"tic662 - Pinnacle Corporate Centre III {Pinnacle Building III, LLC}",evidenceOfInsurance,Evidence of Insurance,commercialGeneralLiability,Commercial General Liability,evidenceOfInsuranceCommercialGeneralLiabilityWaiverOfSubrogationEndorsement,Waiver of Subrogation,"---prompt---
Determine if the insurer has waived their right of subrogation in favor of the certificate holder under the Commercial General Liability policy. Evidence may include: a checked ""Waiver of Subrogation"" box on the certificate, mention in the Description of Operations section stating ""waiver of subrogation applies"", or reference to form CG 24 04. Look for language like ""subrogation is waived"" or ""per written contract"".",matchOnce,must be present,,,non_compliant,Block Requirements,,,false,0,,2026-08-16
"Block Real Estate Services, LLC",69fdf7a362446148bd85b051,69fded1162446148bd848c9a,Companion Protect Agency,69fdf1943b208288e0a8495e,"tic662 - Pinnacle Corporate Centre III {Pinnacle Building III, LLC}",evidenceOfInsurance,Evidence of Insurance,excessOrUmbrellaLiability,Umbrella/Excess Liability,evidenceOfInsuranceExcessOrUmbrellaLiabilityOccurence,Coverage Trigger: Occurrence,,matchOnce,must be present,,,non_compliant,Block Requirements,,,false,0,,2026-08-16
"Block Real Estate Services, LLC",69fdf7a362446148bd85b051,69fded1162446148bd848c9a,Companion Protect Agency,69fdf1943b208288e0a8495e,"tic662 - Pinnacle Corporate Centre III {Pinnacle Building III, LLC}",evidenceOfInsurance,Evidence of Insurance,excessOrUmbrellaLiability,Umbrella/Excess Liability,evidenceOfInsuranceExcessOrUmbrellaLiabilityEachOccurrence,Each Occurrence,,matchOnce,must be greater or equal to,1000000,,non_compliant,Block Requirements,,,false,0,,2026-08-16
"Block Real Estate Services, LLC",69fdf7a362446148bd85b051,69fded1162446148bd848c9a,Companion Protect Agency,69fdf1943b208288e0a8495e,"tic662 - Pinnacle Corporate Centre III {Pinnacle Building III, LLC}",evidenceOfInsurance,Evidence of Insurance,excessOrUmbrellaLiability,Umbrella/Excess Liability,evidenceOfInsuranceExcessOrUmbrellaLiabilityAggregate,Aggregate,,matchOnce,must be greater or equal to,1000000,,non_compliant,Block Requirements,,,false,0,,2026-08-16
"Block Real Estate Services, LLC",69fdf7a362446148bd85b051,69fded1162446148bd848c9a,Companion Protect Agency,69fdf1943b208288e0a8495e,"tic662 - Pinnacle Corporate Centre III {Pinnacle Building III, LLC}",evidenceOfInsurance,Evidence of Insurance,workersCompensation,Workers' Compensation and Employer's Liability,evidenceOfInsuranceWorkersCompensationStatutoryLimits,Statutory Limits,,matchOnce,must be present,,,non_compliant,Block Requirements,,,false,0,,2026-08-16
"Block Real Estate Services, LLC",69fdf7a362446148bd85b051,69fded1162446148bd848c9a,Companion Protect Agency,69fdf1943b208288e0a8495e,"tic662 - Pinnacle Corporate Centre III {Pinnacle Building III, LLC}",evidenceOfInsurance,Evidence of Insurance,workersCompensation,Workers' Compensation and Employer's Liability,evidenceOfInsuranceWorkersCompensationEmployersLiabilityEachAccident,Employer's Liability Each Accident,,matchOnce,must be greater or equal to,500000,,non_compliant,Block Requirements,,,false,0,,2026-08-16
"Block Real Estate Services, LLC",69fdf7a362446148bd85b051,69fded1162446148bd848c9a,Companion Protect Agency,69fdf1943b208288e0a8495e,"tic662 - Pinnacle Corporate Centre III {Pinnacle Building III, LLC}",evidenceOfInsurance,Evidence of Insurance,workersCompensation,Workers' Compensation and Employer's Liability,evidenceOfInsuranceWorkersCompensationEmployersLiabilityDiseaseEachEmployee,Employer's Liability Disease - each employee,,matchOnce,must be greater or equal to,500000,,non_compliant,Block Requirements,,,false,0,,2026-08-16
"Block Real Estate Services, LLC",69fdf7a362446148bd85b051,69fded1162446148bd848c9a,Companion Protect Agency,69fdf1943b208288e0a8495e,"tic662 - Pinnacle Corporate Centre III {Pinnacle Building III, LLC}",evidenceOfInsurance,Evidence of Insurance,workersCompensation,Workers' Compensation and Employer's Liability,evidenceOfInsuranceWorkersCompensationEmployersLiabilityDiseasePolicyLimit,Employer's Liability Disease - policy limit,,matchOnce,must be greater or equal to,500000,,non_compliant,Block Requirements,,,false,0,,2026-08-16
"Block Real Estate Services, LLC",69fdf7a362446148bd85b051,69fded1162446148bd848c9a,Companion Protect Agency,69fdf1943b208288e0a8495e,"tic662 - Pinnacle Corporate Centre III {Pinnacle Building III, LLC}",evidenceOfInsurance,Evidence of Insurance,workersCompensation,Workers' Compensation and Employer's Liability,evidenceOfInsuranceWorkersCompensationWaiverOfSubrogationEndorsement,Waiver of Subrogation,"---prompt---
Determine if the insurer has waived their right of subrogation in favor of the certificate holder under the Workers' Compensation policy. Evidence may include: a checked ""Waiver of Subrogation"" box on the certificate, mention in the Description of Operations section stating ""waiver of subrogation applies"", or reference to form WC 00 03 13. Look for language like ""subrogation is waived"" or ""per written contract"".",matchOnce,must be present,,,non_compliant,Block Requirements,,,false,0,,2026-08-16
"Block Real Estate Services, LLC",69fdf7a362446148bd85b051,69fded1162446148bd848c9a,Companion Protect Agency,69fdf1943b208288e0a8495e,"tic662 - Pinnacle Corporate Centre III {Pinnacle Building III, LLC}",evidenceOfInsurance,Evidence of Insurance,6ac20aae-5728-5d57-b364-aeba38527dba,Additional Requirements,4da5b0f1-4c9d-5885-8cf8-5d3cccaed3e0,"Block Real Estate Services, LLC and all others required by contract are named as Additional Insureds","---prompt---
Determine if the Description of Operations or the Additional Remarks Schedule section states the ""Additional Insured as Construction Management, Inc. and all others required by contract"" or reference to blanket additional insured coverage. Look for language like ""certificate holder is additional insured"" or ""per written contract"".",matchOnce,must be present,,,non_compliant,Block Requirements,,,true,0,,2026-08-16
"Block Real Estate Services, LLC",69fdf7a362446148bd85b051,69fded1162446148bd848c9a,Companion Protect Agency,69fdf1943b208288e0a8495e,"tic662 - Pinnacle Corporate Centre III {Pinnacle Building III, LLC}",evidenceOfInsurance,Evidence of Insurance,6ac20aae-5728-5d57-b364-aeba38527dba,Additional Requirements,e1017741-e47e-5f58-97b8-fbc3043e919f,Umbrella follows form over General Liability,"---prompt---
Determine if the Umbrella/Excess Liability policy follows form to the underlying policies. Evidence may include: language in the Description of Operations section stating the umbrella follows form to underlying coverages or an additional page endorsement stating that it follows form. Follow form means the umbrella policy adopts the same terms, conditions, and exclusions as the underlying policies.",matchOnce,must be present,,,non_compliant,Block Requirements,,,true,0,,2026-08-16
"Block Real Estate Services, LLC",69fdf7a362446148bd85b051,69fded1162446148bd848c9a,Companion Protect Agency,69fdf1943b208288e0a8495e,"tic662 - Pinnacle Corporate Centre III {Pinnacle Building III, LLC}",evidenceOfInsurance,Evidence of Insurance,6ac20aae-5728-5d57-b364-aeba38527dba,Additional Requirements,2cdd866f-c9a4-576a-afd8-1d045762790c,The location must be listed as: 11460 Tomahawk Creek Parkway Suite 300 Leawood KS 66211,,matchOnce,must be present,,,non_compliant,Block Requirements,,,true,0,,2026-08-16
"Block Real Estate Services, LLC",69fdf7a362446148bd85b051,69fded1162446148bd848c9a,Companion Protect Agency,69fdf1943b208288e0a8495e,"tic662 - Pinnacle Corporate Centre III {Pinnacle Building III, LLC}",evidenceOfInsurance,Evidence of Insurance,6ac20aae-5728-5d57-b364-aeba38527dba,Additional Requirements,3649e9d1-4e09-59bf-8f30-cb33c40cf117,"Certificate Holder must read: c/o Block Real Estate Services, LLC, 4622 Pennsylvania St., Suite 700, Kansas City, MO, 64112",,matchOnce,must be present,,,non_compliant,Block Requirements,,,true,0,,2026-08-16
"Block Real Estate Services, LLC",69fdf7a362446148bd85b054,69fded1962446148bd848ee3,Kavar Capital Partners / Douglas G & Kara L,69fdf1943b208288e0a8495e,"tic662 - Pinnacle Corporate Centre III {Pinnacle Building III, LLC}",evidenceOfInsurance,Evidence of Insurance,commercialGeneralLiability,Commercial General Liability,evidenceOfInsuranceCommercialGeneralLiabilityCoverageTriggerOccurrence,Coverage Trigger: Occurrence,,matchOnce,must be present,,,non_compliant,Block Requirements,,,false,0,,2026-08-16
"Block Real Estate Services, LLC",69fdf7a362446148bd85b054,69fded1962446148bd848ee3,Kavar Capital Partners / Douglas G & Kara L,69fdf1943b208288e0a8495e,"tic662 - Pinnacle Corporate Centre III {Pinnacle Building III, LLC}",evidenceOfInsurance,Evidence of Insurance,commercialGeneralLiability,Commercial General Liability,evidenceOfInsuranceCommercialGeneralLiabilityGeneralAggregateLimitAppliesPerLocation,General Aggregate Limit Applies per: Location,,matchOnce,must be present,,,non_compliant,Block Requirements,,,false,0,,2026-08-16
"Block Real Estate Services, LLC",69fdf7a362446148bd85b054,69fded1962446148bd848ee3,Kavar Capital Partners / Douglas G & Kara L,69fdf1943b208288e0a8495e,"tic662 - Pinnacle Corporate Centre III {Pinnacle Building III, LLC}",evidenceOfInsurance,Evidence of Insurance,commercialGeneralLiability,Commercial General Liability,evidenceOfInsuranceCommercialGeneralLiabilityEachOccurrence,Each Occurrence,,matchOnce,must be greater or equal to,1000000,,non_compliant,Block Requirements,,,false,0,,2026-08-16
"Block Real Estate Services, LLC",69fdf7a362446148bd85b054,69fded1962446148bd848ee3,Kavar Capital Partners / Douglas G & Kara L,69fdf1943b208288e0a8495e,"tic662 - Pinnacle Corporate Centre III {Pinnacle Building III, LLC}",evidenceOfInsurance,Evidence of Insurance,commercialGeneralLiability,Commercial General Liability,evidenceOfInsuranceCommercialGeneralLiabilityGeneralAggregate,General Aggregate,,matchOnce,must be greater or equal to,2000000,,non_compliant,Block Requirements,,,false,0,,2026-08-16
"Block Real Estate Services, LLC",69fdf7a362446148bd85b054,69fded1962446148bd848ee3,Kavar Capital Partners / Douglas G & Kara L,69fdf1943b208288e0a8495e,"tic662 - Pinnacle Corporate Centre III {Pinnacle Building III, LLC}",evidenceOfInsurance,Evidence of Insurance,commercialGeneralLiability,Commercial General Liability,evidenceOfInsuranceCommercialGeneralLiabilityWaiverOfSubrogationEndorsement,Waiver of Subrogation,"---prompt---
Determine if the insurer has waived their right of subrogation in favor of the certificate holder under the Commercial General Liability policy. Evidence may include: a checked ""Waiver of Subrogation"" box on the certificate, mention in the Description of Operations section stating ""waiver of subrogation applies"", or reference to form CG 24 04. Look for language like ""subrogation is waived"" or ""per written contract"".",matchOnce,must be present,,,non_compliant,Block Requirements,,,false,0,,2026-08-16
"Block Real Estate Services, LLC",69fdf7a362446148bd85b054,69fded1962446148bd848ee3,Kavar Capital Partners / Douglas G & Kara L,69fdf1943b208288e0a8495e,"tic662 - Pinnacle Corporate Centre III {Pinnacle Building III, LLC}",evidenceOfInsurance,Evidence of Insurance,excessOrUmbrellaLiability,Umbrella/Excess Liability,evidenceOfInsuranceExcessOrUmbrellaLiabilityOccurence,Coverage Trigger: Occurrence,,matchOnce,must be present,,,non_compliant,Block Requirements,,,false,0,,2026-08-16
"Block Real Estate Services, LLC",69fdf7a362446148bd85b054,69fded1962446148bd848ee3,Kavar Capital Partners / Douglas G & Kara L,69fdf1943b208288e0a8495e,"tic662 - Pinnacle Corporate Centre III {Pinnacle Building III, LLC}",evidenceOfInsurance,Evidence of Insurance,excessOrUmbrellaLiability,Umbrella/Excess Liability,evidenceOfInsuranceExcessOrUmbrellaLiabilityEachOccurrence,Each Occurrence,,matchOnce,must be greater or equal to,1000000,,non_compliant,Block Requirements,,,false,0,,2026-08-16
"Block Real Estate Services, LLC",69fdf7a362446148bd85b054,69fded1962446148bd848ee3,Kavar Capital Partners / Douglas G & Kara L,69fdf1943b208288e0a8495e,"tic662 - Pinnacle Corporate Centre III {Pinnacle Building III, LLC}",evidenceOfInsurance,Evidence of Insurance,excessOrUmbrellaLiability,Umbrella/Excess Liability,evidenceOfInsuranceExcessOrUmbrellaLiabilityAggregate,Aggregate,,matchOnce,must be greater or equal to,1000000,,non_compliant,Block Requirements,,,false,0,,2026-08-16
"Block Real Estate Services, LLC",69fdf7a362446148bd85b054,69fded1962446148bd848ee3,Kavar Capital Partners / Douglas G & Kara L,69fdf1943b208288e0a8495e,"tic662 - Pinnacle Corporate Centre III {Pinnacle Building III, LLC}",evidenceOfInsurance,Evidence of Insurance,workersCompensation,Workers' Compensation and Employer's Liability,evidenceOfInsuranceWorkersCompensationStatutoryLimits,Statutory Limits,,matchOnce,must be present,,,non_compliant,Block Requirements,,,false,0,,2026-08-16
"Block Real Estate Services, LLC",69fdf7a362446148bd85b054,69fded1962446148bd848ee3,Kavar Capital Partners / Douglas G & Kara L,69fdf1943b208288e0a8495e,"tic662 - Pinnacle Corporate Centre III {Pinnacle Building III, LLC}",evidenceOfInsurance,Evidence of Insurance,workersCompensation,Workers' Compensation and Employer's Liability,evidenceOfInsuranceWorkersCompensationEmployersLiabilityEachAccident,Employer's Liability Each Accident,,matchOnce,must be greater or equal to,500000,,non_compliant,Block Requirements,,,false,0,,2026-08-16
"Block Real Estate Services, LLC",69fdf7a362446148bd85b054,69fded1962446148bd848ee3,Kavar Capital Partners / Douglas G & Kara L,69fdf1943b208288e0a8495e,"tic662 - Pinnacle Corporate Centre III {Pinnacle Building III, LLC}",evidenceOfInsurance,Evidence of Insurance,workersCompensation,Workers' Compensation and Employer's Liability,evidenceOfInsuranceWorkersCompensationEmployersLiabilityDiseaseEachEmployee,Employer's Liability Disease - each employee,,matchOnce,must be greater or equal to,500000,,non_compliant,Block Requirements,,,false,0,,2026-08-16
"Block Real Estate Services, LLC",69fdf7a362446148bd85b054,69fded1962446148bd848ee3,Kavar Capital Partners / Douglas G & Kara L,69fdf1943b208288e0a8495e,"tic662 - Pinnacle Corporate Centre III {Pinnacle Building III, LLC}",evidenceOfInsurance,Evidence of Insurance,workersCompensation,Workers' Compensation and Employer's Liability,evidenceOfInsuranceWorkersCompensationEmployersLiabilityDiseasePolicyLimit,Employer's Liability Disease - policy limit,,matchOnce,must be greater or equal to,500000,,non_compliant,Block Requirements,,,false,0,,2026-08-16
"Block Real Estate Services, LLC",69fdf7a362446148bd85b054,69fded1962446148bd848ee3,Kavar Capital Partners / Douglas G & Kara L,69fdf1943b208288e0a8495e,"tic662 - Pinnacle Corporate Centre III {Pinnacle Building III, LLC}",evidenceOfInsurance,Evidence of Insurance,workersCompensation,Workers' Compensation and Employer's Liability,evidenceOfInsuranceWorkersCompensationWaiverOfSubrogationEndorsement,Waiver of Subrogation,"---prompt---
Determine if the insurer has waived their right of subrogation in favor of the certificate holder under the Workers' Compensation policy. Evidence may include: a checked ""Waiver of Subrogation"" box on the certificate, mention in the Description of Operations section stating ""waiver of subrogation applies"", or reference to form WC 00 03 13. Look for language like ""subrogation is waived"" or ""per written contract"".",matchOnce,must be present,,,non_compliant,Block Requirements,,,false,0,,2026-08-16
"Block Real Estate Services, LLC",69fdf7a362446148bd85b054,69fded1962446148bd848ee3,Kavar Capital Partners / Douglas G & Kara L,69fdf1943b208288e0a8495e,"tic662 - Pinnacle Corporate Centre III {Pinnacle Building III, LLC}",evidenceOfInsurance,Evidence of Insurance,6ac20aae-5728-5d57-b364-aeba38527dba,Additional Requirements,4da5b0f1-4c9d-5885-8cf8-5d3cccaed3e0,"Block Real Estate Services, LLC and all others required by contract are named as Additional Insureds","---prompt---
Determine if the Description of Operations or the Additional Remarks Schedule section states the ""Additional Insured as Construction Management, Inc. and all others required by contract"" or reference to blanket additional insured coverage. Look for language like ""certificate holder is additional insured"" or ""per written contract"".",matchOnce,must be present,,,non_compliant,Block Requirements,,,true,0,,2026-08-16
"Block Real Estate Services, LLC",69fdf7a362446148bd85b054,69fded1962446148bd848ee3,Kavar Capital Partners / Douglas G & Kara L,69fdf1943b208288e0a8495e,"tic662 - Pinnacle Corporate Centre III {Pinnacle Building III, LLC}",evidenceOfInsurance,Evidence of Insurance,6ac20aae-5728-5d57-b364-aeba38527dba,Additional Requirements,e1017741-e47e-5f58-97b8-fbc3043e919f,Umbrella follows form over General Liability,"---prompt---
Determine if the Umbrella/Excess Liability policy follows form to the underlying policies. Evidence may include: language in the Description of Operations section stating the umbrella follows form to underlying coverages or an additional page endorsement stating that it follows form. Follow form means the umbrella policy adopts the same terms, conditions, and exclusions as the underlying policies.",matchOnce,must be present,,,non_compliant,Block Requirements,,,true,0,,2026-08-16
"Block Real Estate Services, LLC",69fdf7a362446148bd85b054,69fded1962446148bd848ee3,Kavar Capital Partners / Douglas G & Kara L,69fdf1943b208288e0a8495e,"tic662 - Pinnacle Corporate Centre III {Pinnacle Building III, LLC}",evidenceOfInsurance,Evidence of Insurance,6ac20aae-5728-5d57-b364-aeba38527dba,Additional Requirements,2cdd866f-c9a4-576a-afd8-1d045762790c,The location must be listed as: 11460 Tomahawk Creek Parkway Suite 420 Leawood KS 66211,,matchOnce,must be present,,,non_compliant,Block Requirements,,,true,0,,2026-08-16
"Block Real Estate Services, LLC",69fdf7a362446148bd85b054,69fded1962446148bd848ee3,Kavar Capital Partners / Douglas G & Kara L,69fdf1943b208288e0a8495e,"tic662 - Pinnacle Corporate Centre III {Pinnacle Building III, LLC}",evidenceOfInsurance,Evidence of Insurance,6ac20aae-5728-5d57-b364-aeba38527dba,Additional Requirements,3649e9d1-4e09-59bf-8f30-cb33c40cf117,"Certificate Holder must read: c/o Block Real Estate Services, LLC, 4622 Pennsylvania St., Suite 700, Kansas City, MO, 64112",,matchOnce,must be present,,,non_compliant,Block Requirements,,,true,0,,2026-08-16
"Block Real Estate Services, LLC",69fdf7a362446148bd85b055,69fded1b62446148bd848fcd,Mitchell Capital Management Company,69fdf1943b208288e0a8495e,"tic662 - Pinnacle Corporate Centre III {Pinnacle Building III, LLC}",evidenceOfInsurance,Evidence of Insurance,commercialGeneralLiability,Commercial General Liability,evidenceOfInsuranceCommercialGeneralLiabilityCoverageTriggerOccurrence,Coverage Trigger: Occurrence,,matchOnce,must be present,,Present,compliant,Block Requirements,,,false,1,,2026-08-16
"Block Real Estate Services, LLC",69fdf7a362446148bd85b055,69fded1b62446148bd848fcd,Mitchell Capital Management Company,69fdf1943b208288e0a8495e,"tic662 - Pinnacle Corporate Centre III {Pinnacle Building III, LLC}",evidenceOfInsurance,Evidence of Insurance,commercialGeneralLiability,Commercial General Liability,evidenceOfInsuranceCommercialGeneralLiabilityGeneralAggregateLimitAppliesPerLocation,General Aggregate Limit Applies per: Location,,matchOnce,must be present,,Present,compliant,Block Requirements,,,false,1,,2026-08-16
"Block Real Estate Services, LLC",69fdf7a362446148bd85b055,69fded1b62446148bd848fcd,Mitchell Capital Management Company,69fdf1943b208288e0a8495e,"tic662 - Pinnacle Corporate Centre III {Pinnacle Building III, LLC}",evidenceOfInsurance,Evidence of Insurance,commercialGeneralLiability,Commercial General Liability,evidenceOfInsuranceCommercialGeneralLiabilityEachOccurrence,Each Occurrence,,matchOnce,must be greater or equal to,1000000,2000000,compliant,Block Requirements,,,false,1,,2026-08-16
"Block Real Estate Services, LLC",69fdf7a362446148bd85b055,69fded1b62446148bd848fcd,Mitchell Capital Management Company,69fdf1943b208288e0a8495e,"tic662 - Pinnacle Corporate Centre III {Pinnacle Building III, LLC}",evidenceOfInsurance,Evidence of Insurance,commercialGeneralLiability,Commercial General Liability,evidenceOfInsuranceCommercialGeneralLiabilityGeneralAggregate,General Aggregate,,matchOnce,must be greater or equal to,2000000,4000000,compliant,Block Requirements,,,false,1,,2026-08-16
"Block Real Estate Services, LLC",69fdf7a362446148bd85b055,69fded1b62446148bd848fcd,Mitchell Capital Management Company,69fdf1943b208288e0a8495e,"tic662 - Pinnacle Corporate Centre III {Pinnacle Building III, LLC}",evidenceOfInsurance,Evidence of Insurance,commercialGeneralLiability,Commercial General Liability,evidenceOfInsuranceCommercialGeneralLiabilityWaiverOfSubrogationEndorsement,Waiver of Subrogation,"---prompt---
Determine if the insurer has waived their right of subrogation in favor of the certificate holder under the Commercial General Liability policy. Evidence may include: a checked ""Waiver of Subrogation"" box on the certificate, mention in the Description of Operations section stating ""waiver of subrogation applies"", or reference to form CG 24 04. Look for language like ""subrogation is waived"" or ""per written contract"".",matchOnce,must be present,,Present,compliant,Block Requirements,,,false,1,,2026-08-16
"Block Real Estate Services, LLC",69fdf7a362446148bd85b055,69fded1b62446148bd848fcd,Mitchell Capital Management Company,69fdf1943b208288e0a8495e,"tic662 - Pinnacle Corporate Centre III {Pinnacle Building III, LLC}",evidenceOfInsurance,Evidence of Insurance,excessOrUmbrellaLiability,Umbrella/Excess Liability,evidenceOfInsuranceExcessOrUmbrellaLiabilityOccurence,Coverage Trigger: Occurrence,,matchOnce,must be present,,,waived,Block Requirements,,,false,0,,2026-08-16
"Block Real Estate Services, LLC",69fdf7a362446148bd85b055,69fded1b62446148bd848fcd,Mitchell Capital Management Company,69fdf1943b208288e0a8495e,"tic662 - Pinnacle Corporate Centre III {Pinnacle Building III, LLC}",evidenceOfInsurance,Evidence of Insurance,excessOrUmbrellaLiability,Umbrella/Excess Liability,evidenceOfInsuranceExcessOrUmbrellaLiabilityEachOccurrence,Each Occurrence,,matchOnce,must be greater or equal to,1000000,,waived,Block Requirements,,,false,0,,2026-08-16
"Block Real Estate Services, LLC",69fdf7a362446148bd85b055,69fded1b62446148bd848fcd,Mitchell Capital Management Company,69fdf1943b208288e0a8495e,"tic662 - Pinnacle Corporate Centre III {Pinnacle Building III, LLC}",evidenceOfInsurance,Evidence of Insurance,excessOrUmbrellaLiability,Umbrella/Excess Liability,evidenceOfInsuranceExcessOrUmbrellaLiabilityAggregate,Aggregate,,matchOnce,must be greater or equal to,1000000,,waived,Block Requirements,,,false,0,,2026-08-16
"Block Real Estate Services, LLC",69fdf7a362446148bd85b055,69fded1b62446148bd848fcd,Mitchell Capital Management Company,69fdf1943b208288e0a8495e,"tic662 - Pinnacle Corporate Centre III {Pinnacle Building III, LLC}",evidenceOfInsurance,Evidence of Insurance,workersCompensation,Workers' Compensation and Employer's Liability,evidenceOfInsuranceWorkersCompensationStatutoryLimits,Statutory Limits,,matchOnce,must be present,,Present,compliant,Block Requirements,,,false,1,,2026-08-16
"Block Real Estate Services, LLC",69fdf7a362446148bd85b055,69fded1b62446148bd848fcd,Mitchell Capital Management Company,69fdf1943b208288e0a8495e,"tic662 - Pinnacle Corporate Centre III {Pinnacle Building III, LLC}",evidenceOfInsurance,Evidence of Insurance,workersCompensation,Workers' Compensation and Employer's Liability,evidenceOfInsuranceWorkersCompensationEmployersLiabilityEachAccident,Employer's Liability Each Accident,,matchOnce,must be greater or equal to,500000,500000,compliant,Block Requirements,,,false,1,,2026-08-16
"Block Real Estate Services, LLC",69fdf7a362446148bd85b055,69fded1b62446148bd848fcd,Mitchell Capital Management Company,69fdf1943b208288e0a8495e,"tic662 - Pinnacle Corporate Centre III {Pinnacle Building III, LLC}",evidenceOfInsurance,Evidence of Insurance,workersCompensation,Workers' Compensation and Employer's Liability,evidenceOfInsuranceWorkersCompensationEmployersLiabilityDiseaseEachEmployee,Employer's Liability Disease - each employee,,matchOnce,must be greater or equal to,500000,500000,compliant,Block Requirements,,,false,1,,2026-08-16
"Block Real Estate Services, LLC",69fdf7a362446148bd85b055,69fded1b62446148bd848fcd,Mitchell Capital Management Company,69fdf1943b208288e0a8495e,"tic662 - Pinnacle Corporate Centre III {Pinnacle Building III, LLC}",evidenceOfInsurance,Evidence of Insurance,workersCompensation,Workers' Compensation and Employer's Liability,evidenceOfInsuranceWorkersCompensationEmployersLiabilityDiseasePolicyLimit,Employer's Liability Disease - policy limit,,matchOnce,must be greater or equal to,500000,500000,compliant,Block Requirements,,,false,1,,2026-08-16
"Block Real Estate Services, LLC",69fdf7a362446148bd85b055,69fded1b62446148bd848fcd,Mitchell Capital Management Company,69fdf1943b208288e0a8495e,"tic662 - Pinnacle Corporate Centre III {Pinnacle Building III, LLC}",evidenceOfInsurance,Evidence of Insurance,workersCompensation,Workers' Compensation and Employer's Liability,evidenceOfInsuranceWorkersCompensationWaiverOfSubrogationEndorsement,Waiver of Subrogation,"---prompt---
Determine if the insurer has waived their right of subrogation in favor of the certificate holder under the Workers' Compensation policy. Evidence may include: a checked ""Waiver of Subrogation"" box on the certificate, mention in the Description of Operations section stating ""waiver of subrogation applies"", or reference to form WC 00 03 13. Look for language like ""subrogation is waived"" or ""per written contract"".",matchOnce,must be present,,,non_compliant,Block Requirements,,,false,0,,2026-08-16
"Block Real Estate Services, LLC",69fdf7a362446148bd85b055,69fded1b62446148bd848fcd,Mitchell Capital Management Company,69fdf1943b208288e0a8495e,"tic662 - Pinnacle Corporate Centre III {Pinnacle Building III, LLC}",evidenceOfInsurance,Evidence of Insurance,6ac20aae-5728-5d57-b364-aeba38527dba,Additional Requirements,4da5b0f1-4c9d-5885-8cf8-5d3cccaed3e0,"Block Real Estate Services, LLC and all others required by contract are named as Additional Insureds","---prompt---
Determine if the Description of Operations or the Additional Remarks Schedule section states the ""Additional Insured as Construction Management, Inc. and all others required by contract"" or reference to blanket additional insured coverage. Look for language like ""certificate holder is additional insured"" or ""per written contract"".",matchOnce,must be present,,,non_compliant,Block Requirements,,,true,0,,2026-08-16
"Block Real Estate Services, LLC",69fdf7a362446148bd85b055,69fded1b62446148bd848fcd,Mitchell Capital Management Company,69fdf1943b208288e0a8495e,"tic662 - Pinnacle Corporate Centre III {Pinnacle Building III, LLC}",evidenceOfInsurance,Evidence of Insurance,6ac20aae-5728-5d57-b364-aeba38527dba,Additional Requirements,e1017741-e47e-5f58-97b8-fbc3043e919f,Umbrella follows form over General Liability,"---prompt---
Determine if the Umbrella/Excess Liability policy follows form to the underlying policies. Evidence may include: language in the Description of Operations section stating the umbrella follows form to underlying coverages or an additional page endorsement stating that it follows form. Follow form means the umbrella policy adopts the same terms, conditions, and exclusions as the underlying policies.",matchOnce,must be present,,,waived,Block Requirements,Umbrella requirement waived,,true,0,2027-03-13,2026-08-16
"Block Real Estate Services, LLC",69fdf7a362446148bd85b055,69fded1b62446148bd848fcd,Mitchell Capital Management Company,69fdf1943b208288e0a8495e,"tic662 - Pinnacle Corporate Centre III {Pinnacle Building III, LLC}",evidenceOfInsurance,Evidence of Insurance,6ac20aae-5728-5d57-b364-aeba38527dba,Additional Requirements,2cdd866f-c9a4-576a-afd8-1d045762790c,The location must be listed as: 11460 Tomahawk Creek Parkway Suite 410 Leawood KS 66211,,matchOnce,must be present,,Present,compliant,Block Requirements,,,true,1,,2026-08-16
"Block Real Estate Services, LLC",69fdf7a362446148bd85b055,69fded1b62446148bd848fcd,Mitchell Capital Management Company,69fdf1943b208288e0a8495e,"tic662 - Pinnacle Corporate Centre III {Pinnacle Building III, LLC}",evidenceOfInsurance,Evidence of Insurance,6ac20aae-5728-5d57-b364-aeba38527dba,Additional Requirements,3649e9d1-4e09-59bf-8f30-cb33c40cf117,"Certificate Holder must read: c/o Block Real Estate Services, LLC, 4622 Pennsylvania St., Suite 700, Kansas City, MO, 64112",,matchOnce,must be present,,Present,compliant,Block Requirements,,,true,1,,2026-08-16
"Block Real Estate Services, LLC",69fdf7a362446148bd85b04f,69fded0e62446148bd848ba1,Asurion LLC,69fdf1943b208288e0a8495e,"tic662 - Pinnacle Corporate Centre III {Pinnacle Building III, LLC}",evidenceOfInsurance,Evidence of Insurance,commercialGeneralLiability,Commercial General Liability,evidenceOfInsuranceCommercialGeneralLiabilityCoverageTriggerOccurrence,Coverage Trigger: Occurrence,,matchOnce,must be present,,Present,compliant,Block Requirements,,,false,3,,2026-08-16
"Block Real Estate Services, LLC",69fdf7a362446148bd85b04f,69fded0e62446148bd848ba1,Asurion LLC,69fdf1943b208288e0a8495e,"tic662 - Pinnacle Corporate Centre III {Pinnacle Building III, LLC}",evidenceOfInsurance,Evidence of Insurance,commercialGeneralLiability,Commercial General Liability,evidenceOfInsuranceCommercialGeneralLiabilityGeneralAggregateLimitAppliesPerLocation,General Aggregate Limit Applies per: Location,,matchOnce,must be present,,Present,compliant,Block Requirements,,,false,3,,2026-08-16
"Block Real Estate Services, LLC",69fdf7a362446148bd85b04f,69fded0e62446148bd848ba1,Asurion LLC,69fdf1943b208288e0a8495e,"tic662 - Pinnacle Corporate Centre III {Pinnacle Building III, LLC}",evidenceOfInsurance,Evidence of Insurance,commercialGeneralLiability,Commercial General Liability,evidenceOfInsuranceCommercialGeneralLiabilityEachOccurrence,Each Occurrence,,matchOnce,must be greater or equal to,1000000,1000000,compliant,Block Requirements,,,false,3,,2026-08-16
"Block Real Estate Services, LLC",69fdf7a362446148bd85b04f,69fded0e62446148bd848ba1,Asurion LLC,69fdf1943b208288e0a8495e,"tic662 - Pinnacle Corporate Centre III {Pinnacle Building III, LLC}",evidenceOfInsurance,Evidence of Insurance,commercialGeneralLiability,Commercial General Liability,evidenceOfInsuranceCommercialGeneralLiabilityGeneralAggregate,General Aggregate,,matchOnce,must be greater or equal to,2000000,2000000,compliant,Block Requirements,,,false,3,,2026-08-16
"Block Real Estate Services, LLC",69fdf7a362446148bd85b04f,69fded0e62446148bd848ba1,Asurion LLC,69fdf1943b208288e0a8495e,"tic662 - Pinnacle Corporate Centre III {Pinnacle Building III, LLC}",evidenceOfInsurance,Evidence of Insurance,commercialGeneralLiability,Commercial General Liability,evidenceOfInsuranceCommercialGeneralLiabilityWaiverOfSubrogationEndorsement,Waiver of Subrogation,"---prompt---
Determine if the insurer has waived their right of subrogation in favor of the certificate holder under the Commercial General Liability policy. Evidence may include: a checked ""Waiver of Subrogation"" box on the certificate, mention in the Description of Operations section stating ""waiver of subrogation applies"", or reference to form CG 24 04. Look for language like ""subrogation is waived"" or ""per written contract"".",matchOnce,must be present,,Present,compliant,Block Requirements,,,false,3,,2026-08-16
"Block Real Estate Services, LLC",69fdf7a362446148bd85b04f,69fded0e62446148bd848ba1,Asurion LLC,69fdf1943b208288e0a8495e,"tic662 - Pinnacle Corporate Centre III {Pinnacle Building III, LLC}",evidenceOfInsurance,Evidence of Insurance,excessOrUmbrellaLiability,Umbrella/Excess Liability,evidenceOfInsuranceExcessOrUmbrellaLiabilityOccurence,Coverage Trigger: Occurrence,,matchOnce,must be present,,Present,compliant,Block Requirements,,,false,3,,2026-08-16
"Block Real Estate Services, LLC",69fdf7a362446148bd85b04f,69fded0e62446148bd848ba1,Asurion LLC,69fdf1943b208288e0a8495e,"tic662 - Pinnacle Corporate Centre III {Pinnacle Building III, LLC}",evidenceOfInsurance,Evidence of Insurance,excessOrUmbrellaLiability,Umbrella/Excess Liability,evidenceOfInsuranceExcessOrUmbrellaLiabilityEachOccurrence,Each Occurrence,,matchOnce,must be greater or equal to,1000000,5000000,compliant,Block Requirements,,,false,3,,2026-08-16
"Block Real Estate Services, LLC",69fdf7a362446148bd85b04f,69fded0e62446148bd848ba1,Asurion LLC,69fdf1943b208288e0a8495e,"tic662 - Pinnacle Corporate Centre III {Pinnacle Building III, LLC}",evidenceOfInsurance,Evidence of Insurance,excessOrUmbrellaLiability,Umbrella/Excess Liability,evidenceOfInsuranceExcessOrUmbrellaLiabilityAggregate,Aggregate,,matchOnce,must be greater or equal to,1000000,5000000,compliant,Block Requirements,,,false,3,,2026-08-16
"Block Real Estate Services, LLC",69fdf7a362446148bd85b04f,69fded0e62446148bd848ba1,Asurion LLC,69fdf1943b208288e0a8495e,"tic662 - Pinnacle Corporate Centre III {Pinnacle Building III, LLC}",evidenceOfInsurance,Evidence of Insurance,workersCompensation,Workers' Compensation and Employer's Liability,evidenceOfInsuranceWorkersCompensationStatutoryLimits,Statutory Limits,,matchOnce,must be present,,Present,compliant,Block Requirements,,,false,3,,2026-08-16
"Block Real Estate Services, LLC",69fdf7a362446148bd85b04f,69fded0e62446148bd848ba1,Asurion LLC,69fdf1943b208288e0a8495e,"tic662 - Pinnacle Corporate Centre III {Pinnacle Building III, LLC}",evidenceOfInsurance,Evidence of Insurance,workersCompensation,Workers' Compensation and Employer's Liability,evidenceOfInsuranceWorkersCompensationEmployersLiabilityEachAccident,Employer's Liability Each Accident,,matchOnce,must be greater or equal to,500000,1000000,compliant,Block Requirements,,,false,3,,2026-08-16
"Block Real Estate Services, LLC",69fdf7a362446148bd85b04f,69fded0e62446148bd848ba1,Asurion LLC,69fdf1943b208288e0a8495e,"tic662 - Pinnacle Corporate Centre III {Pinnacle Building III, LLC}",evidenceOfInsurance,Evidence of Insurance,workersCompensation,Workers' Compensation and Employer's Liability,evidenceOfInsuranceWorkersCompensationEmployersLiabilityDiseaseEachEmployee,Employer's Liability Disease - each employee,,matchOnce,must be greater or equal to,500000,1000000,compliant,Block Requirements,,,false,3,,2026-08-16
"Block Real Estate Services, LLC",69fdf7a362446148bd85b04f,69fded0e62446148bd848ba1,Asurion LLC,69fdf1943b208288e0a8495e,"tic662 - Pinnacle Corporate Centre III {Pinnacle Building III, LLC}",evidenceOfInsurance,Evidence of Insurance,workersCompensation,Workers' Compensation and Employer's Liability,evidenceOfInsuranceWorkersCompensationEmployersLiabilityDiseasePolicyLimit,Employer's Liability Disease - policy limit,,matchOnce,must be greater or equal to,500000,1000000,compliant,Block Requirements,,,false,3,,2026-08-16
"Block Real Estate Services, LLC",69fdf7a362446148bd85b04f,69fded0e62446148bd848ba1,Asurion LLC,69fdf1943b208288e0a8495e,"tic662 - Pinnacle Corporate Centre III {Pinnacle Building III, LLC}",evidenceOfInsurance,Evidence of Insurance,workersCompensation,Workers' Compensation and Employer's Liability,evidenceOfInsuranceWorkersCompensationWaiverOfSubrogationEndorsement,Waiver of Subrogation,"---prompt---
Determine if the insurer has waived their right of subrogation in favor of the certificate holder under the Workers' Compensation policy. Evidence may include: a checked ""Waiver of Subrogation"" box on the certificate, mention in the Description of Operations section stating ""waiver of subrogation applies"", or reference to form WC 00 03 13. Look for language like ""subrogation is waived"" or ""per written contract"".",matchOnce,must be present,,Present,compliant,Block Requirements,,,false,1,,2026-08-16
"Block Real Estate Services, LLC",69fdf7a362446148bd85b04f,69fded0e62446148bd848ba1,Asurion LLC,69fdf1943b208288e0a8495e,"tic662 - Pinnacle Corporate Centre III {Pinnacle Building III, LLC}",evidenceOfInsurance,Evidence of Insurance,6ac20aae-5728-5d57-b364-aeba38527dba,Additional Requirements,4da5b0f1-4c9d-5885-8cf8-5d3cccaed3e0,"Block Real Estate Services, LLC and all others required by contract are named as Additional Insureds","---prompt---
Determine if the Description of Operations or the Additional Remarks Schedule section states the ""Additional Insured as Construction Management, Inc. and all others required by contract"" or reference to blanket additional insured coverage. Look for language like ""certificate holder is additional insured"" or ""per written contract"".",matchOnce,must be present,,Present,compliant,Block Requirements,,,true,1,,2026-08-16
"Block Real Estate Services, LLC",69fdf7a362446148bd85b04f,69fded0e62446148bd848ba1,Asurion LLC,69fdf1943b208288e0a8495e,"tic662 - Pinnacle Corporate Centre III {Pinnacle Building III, LLC}",evidenceOfInsurance,Evidence of Insurance,6ac20aae-5728-5d57-b364-aeba38527dba,Additional Requirements,e1017741-e47e-5f58-97b8-fbc3043e919f,Umbrella follows form over General Liability,"---prompt---
Determine if the Umbrella/Excess Liability policy follows form to the underlying policies. Evidence may include: language in the Description of Operations section stating the umbrella follows form to underlying coverages or an additional page endorsement stating that it follows form. Follow form means the umbrella policy adopts the same terms, conditions, and exclusions as the underlying policies.",matchOnce,must be present,,,non_compliant,Block Requirements,,,true,0,,2026-08-16
"Block Real Estate Services, LLC",69fdf7a362446148bd85b04f,69fded0e62446148bd848ba1,Asurion LLC,69fdf1943b208288e0a8495e,"tic662 - Pinnacle Corporate Centre III {Pinnacle Building III, LLC}",evidenceOfInsurance,Evidence of Insurance,6ac20aae-5728-5d57-b364-aeba38527dba,Additional Requirements,2cdd866f-c9a4-576a-afd8-1d045762790c,The location must be listed as: 11460 Tomahawk Creek Parkway Suite 340 Leawood KS 66211,,matchOnce,must be present,,Present,compliant,Block Requirements,,,true,1,,2026-08-16
"Block Real Estate Services, LLC",69fdf7a362446148bd85b04f,69fded0e62446148bd848ba1,Asurion LLC,69fdf1943b208288e0a8495e,"tic662 - Pinnacle Corporate Centre III {Pinnacle Building III, LLC}",evidenceOfInsurance,Evidence of Insurance,6ac20aae-5728-5d57-b364-aeba38527dba,Additional Requirements,3649e9d1-4e09-59bf-8f30-cb33c40cf117,"Certificate Holder must read: c/o Block Real Estate Services, LLC, 4622 Pennsylvania St., Suite 700, Kansas City, MO, 64112",,matchOnce,must be present,,,non_compliant,Block Requirements,,,true,0,,2026-08-16
"Block Real Estate Services, LLC",69fdf7a362446148bd85b050,69fded1062446148bd848c58,"The Retirement Planning Group / Cetera Financial Group, Inc.",69fdf1943b208288e0a8495e,"tic662 - Pinnacle Corporate Centre III {Pinnacle Building III, LLC}",evidenceOfInsurance,Evidence of Insurance,commercialGeneralLiability,Commercial General Liability,evidenceOfInsuranceCommercialGeneralLiabilityCoverageTriggerOccurrence,Coverage Trigger: Occurrence,,matchOnce,must be present,,Present,compliant,Block Requirements,,,false,1,,2026-08-16
"Block Real Estate Services, LLC",69fdf7a362446148bd85b050,69fded1062446148bd848c58,"The Retirement Planning Group / Cetera Financial Group, Inc.",69fdf1943b208288e0a8495e,"tic662 - Pinnacle Corporate Centre III {Pinnacle Building III, LLC}",evidenceOfInsurance,Evidence of Insurance,commercialGeneralLiability,Commercial General Liability,evidenceOfInsuranceCommercialGeneralLiabilityGeneralAggregateLimitAppliesPerLocation,General Aggregate Limit Applies per: Location,,matchOnce,must be present,,Present,compliant,Block Requirements,,,false,1,,2026-08-16
"Block Real Estate Services, LLC",69fdf7a362446148bd85b050,69fded1062446148bd848c58,"The Retirement Planning Group / Cetera Financial Group, Inc.",69fdf1943b208288e0a8495e,"tic662 - Pinnacle Corporate Centre III {Pinnacle Building III, LLC}",evidenceOfInsurance,Evidence of Insurance,commercialGeneralLiability,Commercial General Liability,evidenceOfInsuranceCommercialGeneralLiabilityEachOccurrence,Each Occurrence,,matchOnce,must be greater or equal to,1000000,1000000,compliant,Block Requirements,,,false,1,,2026-08-16
"Block Real Estate Services, LLC",69fdf7a362446148bd85b050,69fded1062446148bd848c58,"The Retirement Planning Group / Cetera Financial Group, Inc.",69fdf1943b208288e0a8495e,"tic662 - Pinnacle Corporate Centre III {Pinnacle Building III, LLC}",evidenceOfInsurance,Evidence of Insurance,commercialGeneralLiability,Commercial General Liability,evidenceOfInsuranceCommercialGeneralLiabilityGeneralAggregate,General Aggregate,,matchOnce,must be greater or equal to,2000000,2000000,compliant,Block Requirements,,,false,1,,2026-08-16
"Block Real Estate Services, LLC",69fdf7a362446148bd85b050,69fded1062446148bd848c58,"The Retirement Planning Group / Cetera Financial Group, Inc.",69fdf1943b208288e0a8495e,"tic662 - Pinnacle Corporate Centre III {Pinnacle Building III, LLC}",evidenceOfInsurance,Evidence of Insurance,commercialGeneralLiability,Commercial General Liability,evidenceOfInsuranceCommercialGeneralLiabilityWaiverOfSubrogationEndorsement,Waiver of Subrogation,"---prompt---
Determine if the insurer has waived their right of subrogation in favor of the certificate holder under the Commercial General Liability policy. Evidence may include: a checked ""Waiver of Subrogation"" box on the certificate, mention in the Description of Operations section stating ""waiver of subrogation applies"", or reference to form CG 24 04. Look for language like ""subrogation is waived"" or ""per written contract"".",matchOnce,must be present,,Present,compliant,Block Requirements,,,false,1,,2026-08-16
"Block Real Estate Services, LLC",69fdf7a362446148bd85b050,69fded1062446148bd848c58,"The Retirement Planning Group / Cetera Financial Group, Inc.",69fdf1943b208288e0a8495e,"tic662 - Pinnacle Corporate Centre III {Pinnacle Building III, LLC}",evidenceOfInsurance,Evidence of Insurance,excessOrUmbrellaLiability,Umbrella/Excess Liability,evidenceOfInsuranceExcessOrUmbrellaLiabilityOccurence,Coverage Trigger: Occurrence,,matchOnce,must be present,,Present,compliant,Block Requirements,,,false,1,,2026-08-16
"Block Real Estate Services, LLC",69fdf7a362446148bd85b050,69fded1062446148bd848c58,"The Retirement Planning Group / Cetera Financial Group, Inc.",69fdf1943b208288e0a8495e,"tic662 - Pinnacle Corporate Centre III {Pinnacle Building III, LLC}",evidenceOfInsurance,Evidence of Insurance,excessOrUmbrellaLiability,Umbrella/Excess Liability,evidenceOfInsuranceExcessOrUmbrellaLiabilityEachOccurrence,Each Occurrence,,matchOnce,must be greater or equal to,1000000,15000000,compliant,Block Requirements,,,false,1,,2026-08-16
"Block Real Estate Services, LLC",69fdf7a362446148bd85b050,69fded1062446148bd848c58,"The Retirement Planning Group / Cetera Financial Group, Inc.",69fdf1943b208288e0a8495e,"tic662 - Pinnacle Corporate Centre III {Pinnacle Building III, LLC}",evidenceOfInsurance,Evidence of Insurance,excessOrUmbrellaLiability,Umbrella/Excess Liability,evidenceOfInsuranceExcessOrUmbrellaLiabilityAggregate,Aggregate,,matchOnce,must be greater or equal to,1000000,15000000,compliant,Block Requirements,,,false,1,,2026-08-16
"Block Real Estate Services, LLC",69fdf7a362446148bd85b050,69fded1062446148bd848c58,"The Retirement Planning Group / Cetera Financial Group, Inc.",69fdf1943b208288e0a8495e,"tic662 - Pinnacle Corporate Centre III {Pinnacle Building III, LLC}",evidenceOfInsurance,Evidence of Insurance,workersCompensation,Workers' Compensation and Employer's Liability,evidenceOfInsuranceWorkersCompensationStatutoryLimits,Statutory Limits,,matchOnce,must be present,,Present,compliant,Block Requirements,,,false,1,,2026-08-16
"Block Real Estate Services, LLC",69fdf7a362446148bd85b050,69fded1062446148bd848c58,"The Retirement Planning Group / Cetera Financial Group, Inc.",69fdf1943b208288e0a8495e,"tic662 - Pinnacle Corporate Centre III {Pinnacle Building III, LLC}",evidenceOfInsurance,Evidence of Insurance,workersCompensation,Workers' Compensation and Employer's Liability,evidenceOfInsuranceWorkersCompensationEmployersLiabilityEachAccident,Employer's Liability Each Accident,,matchOnce,must be greater or equal to,500000,1000000,compliant,Block Requirements,,,false,1,,2026-08-16
"Block Real Estate Services, LLC",69fdf7a362446148bd85b050,69fded1062446148bd848c58,"The Retirement Planning Group / Cetera Financial Group, Inc.",69fdf1943b208288e0a8495e,"tic662 - Pinnacle Corporate Centre III {Pinnacle Building III, LLC}",evidenceOfInsurance,Evidence of Insurance,workersCompensation,Workers' Compensation and Employer's Liability,evidenceOfInsuranceWorkersCompensationEmployersLiabilityDiseaseEachEmployee,Employer's Liability Disease - each employee,,matchOnce,must be greater or equal to,500000,1000000,compliant,Block Requirements,,,false,1,,2026-08-16
"Block Real Estate Services, LLC",69fdf7a362446148bd85b050,69fded1062446148bd848c58,"The Retirement Planning Group / Cetera Financial Group, Inc.",69fdf1943b208288e0a8495e,"tic662 - Pinnacle Corporate Centre III {Pinnacle Building III, LLC}",evidenceOfInsurance,Evidence of Insurance,workersCompensation,Workers' Compensation and Employer's Liability,evidenceOfInsuranceWorkersCompensationEmployersLiabilityDiseasePolicyLimit,Employer's Liability Disease - policy limit,,matchOnce,must be greater or equal to,500000,1000000,compliant,Block Requirements,,,false,1,,2026-08-16
"Block Real Estate Services, LLC",69fdf7a362446148bd85b050,69fded1062446148bd848c58,"The Retirement Planning Group / Cetera Financial Group, Inc.",69fdf1943b208288e0a8495e,"tic662 - Pinnacle Corporate Centre III {Pinnacle Building III, LLC}",evidenceOfInsurance,Evidence of Insurance,workersCompensation,Workers' Compensation and Employer's Liability,evidenceOfInsuranceWorkersCompensationWaiverOfSubrogationEndorsement,Waiver of Subrogation,"---prompt---
Determine if the insurer has waived their right of subrogation in favor of the certificate holder under the Workers' Compensation policy. Evidence may include: a checked ""Waiver of Subrogation"" box on the certificate, mention in the Description of Operations section stating ""waiver of subrogation applies"", or reference to form WC 00 03 13. Look for language like ""subrogation is waived"" or ""per written contract"".",matchOnce,must be present,,Present,compliant,Block Requirements,,,false,1,,2026-08-16
"Block Real Estate Services, LLC",69fdf7a362446148bd85b050,69fded1062446148bd848c58,"The Retirement Planning Group / Cetera Financial Group, Inc.",69fdf1943b208288e0a8495e,"tic662 - Pinnacle Corporate Centre III {Pinnacle Building III, LLC}",evidenceOfInsurance,Evidence of Insurance,6ac20aae-5728-5d57-b364-aeba38527dba,Additional Requirements,4da5b0f1-4c9d-5885-8cf8-5d3cccaed3e0,"Block Real Estate Services, LLC and all others required by contract are named as Additional Insureds","---prompt---
Determine if the Description of Operations or the Additional Remarks Schedule section states the ""Additional Insured as Construction Management, Inc. and all others required by contract"" or reference to blanket additional insured coverage. Look for language like ""certificate holder is additional insured"" or ""per written contract"".",matchOnce,must be present,,Present,compliant,Block Requirements,,,true,1,,2026-08-16
"Block Real Estate Services, LLC",69fdf7a362446148bd85b050,69fded1062446148bd848c58,"The Retirement Planning Group / Cetera Financial Group, Inc.",69fdf1943b208288e0a8495e,"tic662 - Pinnacle Corporate Centre III {Pinnacle Building III, LLC}",evidenceOfInsurance,Evidence of Insurance,6ac20aae-5728-5d57-b364-aeba38527dba,Additional Requirements,e1017741-e47e-5f58-97b8-fbc3043e919f,Umbrella follows form over General Liability,"---prompt---
Determine if the Umbrella/Excess Liability policy follows form to the underlying policies. Evidence may include: language in the Description of Operations section stating the umbrella follows form to underlying coverages or an additional page endorsement stating that it follows form. Follow form means the umbrella policy adopts the same terms, conditions, and exclusions as the underlying policies.",matchOnce,must be present,,Present,compliant,Block Requirements,,,true,1,,2026-08-16
"Block Real Estate Services, LLC",69fdf7a362446148bd85b050,69fded1062446148bd848c58,"The Retirement Planning Group / Cetera Financial Group, Inc.",69fdf1943b208288e0a8495e,"tic662 - Pinnacle Corporate Centre III {Pinnacle Building III, LLC}",evidenceOfInsurance,Evidence of Insurance,6ac20aae-5728-5d57-b364-aeba38527dba,Additional Requirements,2cdd866f-c9a4-576a-afd8-1d045762790c,The location must be listed as: 11460 Tomahawk Creek Parkway Suite 400 Leawood KS 66211,,matchOnce,must be present,,Present,compliant,Block Requirements,,,true,1,,2026-08-16
"Block Real Estate Services, LLC",69fdf7a362446148bd85b050,69fded1062446148bd848c58,"The Retirement Planning Group / Cetera Financial Group, Inc.",69fdf1943b208288e0a8495e,"tic662 - Pinnacle Corporate Centre III {Pinnacle Building III, LLC}",evidenceOfInsurance,Evidence of Insurance,6ac20aae-5728-5d57-b364-aeba38527dba,Additional Requirements,3649e9d1-4e09-59bf-8f30-cb33c40cf117,"Certificate Holder must read: c/o Block Real Estate Services, LLC, 4622 Pennsylvania St., Suite 700, Kansas City, MO, 64112",,matchOnce,must be present,,Present,compliant,Block Requirements,,,true,1,,2026-08-16
"Block Real Estate Services, LLC",69fdf75c62446148bd855f58,69fded1362446148bd848d4e,Einstein Bros Bagels #3961,69fdef6fe45e7dcf5c433fc2,"3rd667 - Oak Park KS, LLC",evidenceOfInsurance,Evidence of Insurance,commercialGeneralLiability,Commercial General Liability,evidenceOfInsuranceCommercialGeneralLiabilityCoverageTriggerOccurrence,Coverage Trigger: Occurrence,,matchOnce,must be present,,Present,compliant,Block Requirements,,,false,1,,2026-08-16
"Block Real Estate Services, LLC",69fdf75c62446148bd855f58,69fded1362446148bd848d4e,Einstein Bros Bagels #3961,69fdef6fe45e7dcf5c433fc2,"3rd667 - Oak Park KS, LLC",evidenceOfInsurance,Evidence of Insurance,commercialGeneralLiability,Commercial General Liability,evidenceOfInsuranceCommercialGeneralLiabilityGeneralAggregateLimitAppliesPerLocation,General Aggregate Limit Applies per: Location,,matchOnce,must be present,,,non_compliant,Block Requirements,,,false,0,,2026-08-16
"Block Real Estate Services, LLC",69fdf75c62446148bd855f58,69fded1362446148bd848d4e,Einstein Bros Bagels #3961,69fdef6fe45e7dcf5c433fc2,"3rd667 - Oak Park KS, LLC",evidenceOfInsurance,Evidence of Insurance,commercialGeneralLiability,Commercial General Liability,evidenceOfInsuranceCommercialGeneralLiabilityEachOccurrence,Each Occurrence,,matchOnce,must be greater or equal to,1000000,2000000,compliant,Block Requirements,,,false,1,,2026-08-16
"Block Real Estate Services, LLC",69fdf75c62446148bd855f58,69fded1362446148bd848d4e,Einstein Bros Bagels #3961,69fdef6fe45e7dcf5c433fc2,"3rd667 - Oak Park KS, LLC",evidenceOfInsurance,Evidence of Insurance,commercialGeneralLiability,Commercial General Liability,evidenceOfInsuranceCommercialGeneralLiabilityGeneralAggregate,General Aggregate,,matchOnce,must be greater or equal to,2000000,4000000,compliant,Block Requirements,,,false,1,,2026-08-16
"Block Real Estate Services, LLC",69fdf75c62446148bd855f58,69fded1362446148bd848d4e,Einstein Bros Bagels #3961,69fdef6fe45e7dcf5c433fc2,"3rd667 - Oak Park KS, LLC",evidenceOfInsurance,Evidence of Insurance,commercialGeneralLiability,Commercial General Liability,evidenceOfInsuranceCommercialGeneralLiabilityWaiverOfSubrogationEndorsement,Waiver of Subrogation,"---prompt---
Determine if the insurer has waived their right of subrogation in favor of the certificate holder under the Commercial General Liability policy. Evidence may include: a checked ""Waiver of Subrogation"" box on the certificate, mention in the Description of Operations section stating ""waiver of subrogation applies"", or reference to form CG 24 04. Look for language like ""subrogation is waived"" or ""per written contract"".",matchOnce,must be present,,Present,compliant,Block Requirements,,,false,1,,2026-08-16
"Block Real Estate Services, LLC",69fdf75c62446148bd855f58,69fded1362446148bd848d4e,Einstein Bros Bagels #3961,69fdef6fe45e7dcf5c433fc2,"3rd667 - Oak Park KS, LLC",evidenceOfInsurance,Evidence of Insurance,excessOrUmbrellaLiability,Umbrella/Excess Liability,evidenceOfInsuranceExcessOrUmbrellaLiabilityOccurence,Coverage Trigger: Occurrence,,matchOnce,must be present,,Present,compliant,Block Requirements,,,false,1,,2026-08-16
"Block Real Estate Services, LLC",69fdf75c62446148bd855f58,69fded1362446148bd848d4e,Einstein Bros Bagels #3961,69fdef6fe45e7dcf5c433fc2,"3rd667 - Oak Park KS, LLC",evidenceOfInsurance,Evidence of Insurance,excessOrUmbrellaLiability,Umbrella/Excess Liability,evidenceOfInsuranceExcessOrUmbrellaLiabilityEachOccurrence,Each Occurrence,,matchOnce,must be greater or equal to,1000000,10000000,compliant,Block Requirements,,,false,1,,2026-08-16
"Block Real Estate Services, LLC",69fdf75c62446148bd855f58,69fded1362446148bd848d4e,Einstein Bros Bagels #3961,69fdef6fe45e7dcf5c433fc2,"3rd667 - Oak Park KS, LLC",evidenceOfInsurance,Evidence of Insurance,excessOrUmbrellaLiability,Umbrella/Excess Liability,evidenceOfInsuranceExcessOrUmbrellaLiabilityAggregate,Aggregate,,matchOnce,must be greater or equal to,1000000,10000000,compliant,Block Requirements,,,false,1,,2026-08-16
"Block Real Estate Services, LLC",69fdf75c62446148bd855f58,69fded1362446148bd848d4e,Einstein Bros Bagels #3961,69fdef6fe45e7dcf5c433fc2,"3rd667 - Oak Park KS, LLC",evidenceOfInsurance,Evidence of Insurance,workersCompensation,Workers' Compensation and Employer's Liability,evidenceOfInsuranceWorkersCompensationStatutoryLimits,Statutory Limits,,matchOnce,must be present,,Present,compliant,Block Requirements,,,false,1,,2026-08-16
"Block Real Estate Services, LLC",69fdf75c62446148bd855f58,69fded1362446148bd848d4e,Einstein Bros Bagels #3961,69fdef6fe45e7dcf5c433fc2,"3rd667 - Oak Park KS, LLC",evidenceOfInsurance,Evidence of Insurance,workersCompensation,Workers' Compensation and Employer's Liability,evidenceOfInsuranceWorkersCompensationEmployersLiabilityEachAccident,Employer's Liability Each Accident,,matchOnce,must be greater or equal to,500000,1000000,compliant,Block Requirements,,,false,1,,2026-08-16
"Block Real Estate Services, LLC",69fdf75c62446148bd855f58,69fded1362446148bd848d4e,Einstein Bros Bagels #3961,69fdef6fe45e7dcf5c433fc2,"3rd667 - Oak Park KS, LLC",evidenceOfInsurance,Evidence of Insurance,workersCompensation,Workers' Compensation and Employer's Liability,evidenceOfInsuranceWorkersCompensationEmployersLiabilityDiseaseEachEmployee,Employer's Liability Disease - each employee,,matchOnce,must be greater or equal to,500000,1000000,compliant,Block Requirements,,,false,1,,2026-08-16
"Block Real Estate Services, LLC",69fdf75c62446148bd855f58,69fded1362446148bd848d4e,Einstein Bros Bagels #3961,69fdef6fe45e7dcf5c433fc2,"3rd667 - Oak Park KS, LLC",evidenceOfInsurance,Evidence of Insurance,workersCompensation,Workers' Compensation and Employer's Liability,evidenceOfInsuranceWorkersCompensationEmployersLiabilityDiseasePolicyLimit,Employer's Liability Disease - policy limit,,matchOnce,must be greater or equal to,500000,1000000,compliant,Block Requirements,,,false,1,,2026-08-16
"Block Real Estate Services, LLC",69fdf75c62446148bd855f58,69fded1362446148bd848d4e,Einstein Bros Bagels #3961,69fdef6fe45e7dcf5c433fc2,"3rd667 - Oak Park KS, LLC",evidenceOfInsurance,Evidence of Insurance,workersCompensation,Workers' Compensation and Employer's Liability,evidenceOfInsuranceWorkersCompensationWaiverOfSubrogationEndorsement,Waiver of Subrogation,"---prompt---
Determine if the insurer has waived their right of subrogation in favor of the certificate holder under the Workers' Compensation policy. Evidence may include: a checked ""Waiver of Subrogation"" box on the certificate, mention in the Description of Operations section stating ""waiver of subrogation applies"", or reference to form WC 00 03 13. Look for language like ""subrogation is waived"" or ""per written contract"".",matchOnce,must be present,,Present,compliant,Block Requirements,,,false,1,,2026-08-16
"Block Real Estate Services, LLC",69fdf75c62446148bd855f58,69fded1362446148bd848d4e,Einstein Bros Bagels #3961,69fdef6fe45e7dcf5c433fc2,"3rd667 - Oak Park KS, LLC",evidenceOfInsurance,Evidence of Insurance,6ac20aae-5728-5d57-b364-aeba38527dba,Additional Requirements,4da5b0f1-4c9d-5885-8cf8-5d3cccaed3e0,"Block Real Estate Services, LLC and all others required by contract are named as Additional Insureds","---prompt---
Determine if the Description of Operations or the Additional Remarks Schedule section states the ""Additional Insured as Construction Management, Inc. and all others required by contract"" or reference to blanket additional insured coverage. Look for language like ""certificate holder is additional insured"" or ""per written contract"".",matchOnce,must be present,,Present,compliant,Block Requirements,,,true,1,,2026-08-16
"Block Real Estate Services, LLC",69fdf75c62446148bd855f58,69fded1362446148bd848d4e,Einstein Bros Bagels #3961,69fdef6fe45e7dcf5c433fc2,"3rd667 - Oak Park KS, LLC",evidenceOfInsurance,Evidence of Insurance,6ac20aae-5728-5d57-b364-aeba38527dba,Additional Requirements,e1017741-e47e-5f58-97b8-fbc3043e919f,Umbrella follows form over General Liability,"---prompt---
Determine if the Umbrella/Excess Liability policy follows form to the underlying policies. Evidence may include: language in the Description of Operations section stating the umbrella follows form to underlying coverages or an additional page endorsement stating that it follows form. Follow form means the umbrella policy adopts the same terms, conditions, and exclusions as the underlying policies.",matchOnce,must be present,,,non_compliant,Block Requirements,,,true,0,,2026-08-16
"Block Real Estate Services, LLC",69fdf75c62446148bd855f58,69fded1362446148bd848d4e,Einstein Bros Bagels #3961,69fdef6fe45e7dcf5c433fc2,"3rd667 - Oak Park KS, LLC",evidenceOfInsurance,Evidence of Insurance,6ac20aae-5728-5d57-b364-aeba38527dba,Additional Requirements,2cdd866f-c9a4-576a-afd8-1d045762790c,"The location must be listed as: 11922 W. 95th Street, Lenexa, KS, 66215",,matchOnce,must be present,,Present,compliant,Block Requirements,,,true,1,,2026-08-16
"Block Real Estate Services, LLC",69fdf75c62446148bd855f58,69fded1362446148bd848d4e,Einstein Bros Bagels #3961,69fdef6fe45e7dcf5c433fc2,"3rd667 - Oak Park KS, LLC",evidenceOfInsurance,Evidence of Insurance,6ac20aae-5728-5d57-b364-aeba38527dba,Additional Requirements,3649e9d1-4e09-59bf-8f30-cb33c40cf117,"Certificate Holder must read: c/o Block Real Estate Services, LLC, 4622 Pennsylvania St., Suite 700, Kansas City, MO, 64112",,matchOnce,must be present,,Present,compliant,Block Requirements,,,true,1,,2026-08-16
"Block Real Estate Services, LLC",69fdf75c62446148bd855f5b,69fded2062446148bd849144,Select Comfort Retail Corporation,69fdef6fe45e7dcf5c433fc2,"3rd667 - Oak Park KS, LLC",evidenceOfInsurance,Evidence of Insurance,commercialGeneralLiability,Commercial General Liability,evidenceOfInsuranceCommercialGeneralLiabilityCoverageTriggerOccurrence,Coverage Trigger: Occurrence,,matchOnce,must be present,,Present,compliant,Block Requirements,,,false,1,,2026-08-16
"Block Real Estate Services, LLC",69fdf75c62446148bd855f5b,69fded2062446148bd849144,Select Comfort Retail Corporation,69fdef6fe45e7dcf5c433fc2,"3rd667 - Oak Park KS, LLC",evidenceOfInsurance,Evidence of Insurance,commercialGeneralLiability,Commercial General Liability,evidenceOfInsuranceCommercialGeneralLiabilityGeneralAggregateLimitAppliesPerLocation,General Aggregate Limit Applies per: Location,,matchOnce,must be present,,Present,compliant,Block Requirements,,,false,1,,2026-08-16
"Block Real Estate Services, LLC",69fdf75c62446148bd855f5b,69fded2062446148bd849144,Select Comfort Retail Corporation,69fdef6fe45e7dcf5c433fc2,"3rd667 - Oak Park KS, LLC",evidenceOfInsurance,Evidence of Insurance,commercialGeneralLiability,Commercial General Liability,evidenceOfInsuranceCommercialGeneralLiabilityEachOccurrence,Each Occurrence,,matchOnce,must be greater or equal to,1000000,1000000,compliant,Block Requirements,,,false,1,,2026-08-16
"Block Real Estate Services, LLC",69fdf75c62446148bd855f5b,69fded2062446148bd849144,Select Comfort Retail Corporation,69fdef6fe45e7dcf5c433fc2,"3rd667 - Oak Park KS, LLC",evidenceOfInsurance,Evidence of Insurance,commercialGeneralLiability,Commercial General Liability,evidenceOfInsuranceCommercialGeneralLiabilityGeneralAggregate,General Aggregate,,matchOnce,must be greater or equal to,2000000,6000000,compliant,Block Requirements,,,false,1,,2026-08-16
"Block Real Estate Services, LLC",69fdf75c62446148bd855f5b,69fded2062446148bd849144,Select Comfort Retail Corporation,69fdef6fe45e7dcf5c433fc2,"3rd667 - Oak Park KS, LLC",evidenceOfInsurance,Evidence of Insurance,commercialGeneralLiability,Commercial General Liability,evidenceOfInsuranceCommercialGeneralLiabilityWaiverOfSubrogationEndorsement,Waiver of Subrogation,"---prompt---
Determine if the insurer has waived their right of subrogation in favor of the certificate holder under the Commercial General Liability policy. Evidence may include: a checked ""Waiver of Subrogation"" box on the certificate, mention in the Description of Operations section stating ""waiver of subrogation applies"", or reference to form CG 24 04. Look for language like ""subrogation is waived"" or ""per written contract"".",matchOnce,must be present,,Present,compliant,Block Requirements,,,false,1,,2026-08-16
"Block Real Estate Services, LLC",69fdf75c62446148bd855f5b,69fded2062446148bd849144,Select Comfort Retail Corporation,69fdef6fe45e7dcf5c433fc2,"3rd667 - Oak Park KS, LLC",evidenceOfInsurance,Evidence of Insurance,excessOrUmbrellaLiability,Umbrella/Excess Liability,evidenceOfInsuranceExcessOrUmbrellaLiabilityOccurence,Coverage Trigger: Occurrence,,matchOnce,must be present,,Present,compliant,Block Requirements,,,false,1,,2026-08-16
"Block Real Estate Services, LLC",69fdf75c62446148bd855f5b,69fded2062446148bd849144,Select Comfort Retail Corporation,69fdef6fe45e7dcf5c433fc2,"3rd667 - Oak Park KS, LLC",evidenceOfInsurance,Evidence of Insurance,excessOrUmbrellaLiability,Umbrella/Excess Liability,evidenceOfInsuranceExcessOrUmbrellaLiabilityEachOccurrence,Each Occurrence,,matchOnce,must be greater or equal to,1000000,10000000,compliant,Block Requirements,,,false,1,,2026-08-16
"Block Real Estate Services, LLC",69fdf75c62446148bd855f5b,69fded2062446148bd849144,Select Comfort Retail Corporation,69fdef6fe45e7dcf5c433fc2,"3rd667 - Oak Park KS, LLC",evidenceOfInsurance,Evidence of Insurance,excessOrUmbrellaLiability,Umbrella/Excess Liability,evidenceOfInsuranceExcessOrUmbrellaLiabilityAggregate,Aggregate,,matchOnce,must be greater or equal to,1000000,10000000,compliant,Block Requirements,,,false,1,,2026-08-16
"Block Real Estate Services, LLC",69fdf75c62446148bd855f5b,69fded2062446148bd849144,Select Comfort Retail Corporation,69fdef6fe45e7dcf5c433fc2,"3rd667 - Oak Park KS, LLC",evidenceOfInsurance,Evidence of Insurance,workersCompensation,Workers' Compensation and Employer's Liability,evidenceOfInsuranceWorkersCompensationStatutoryLimits,Statutory Limits,,matchOnce,must be present,,Present,compliant,Block Requirements,,,false,1,,2026-08-16
"Block Real Estate Services, LLC",69fdf75c62446148bd855f5b,69fded2062446148bd849144,Select Comfort Retail Corporation,69fdef6fe45e7dcf5c433fc2,"3rd667 - Oak Park KS, LLC",evidenceOfInsurance,Evidence of Insurance,workersCompensation,Workers' Compensation and Employer's Liability,evidenceOfInsuranceWorkersCompensationEmployersLiabilityEachAccident,Employer's Liability Each Accident,,matchOnce,must be greater or equal to,500000,1000000,compliant,Block Requirements,,,false,1,,2026-08-16
"Block Real Estate Services, LLC",69fdf75c62446148bd855f5b,69fded2062446148bd849144,Select Comfort Retail Corporation,69fdef6fe45e7dcf5c433fc2,"3rd667 - Oak Park KS, LLC",evidenceOfInsurance,Evidence of Insurance,workersCompensation,Workers' Compensation and Employer's Liability,evidenceOfInsuranceWorkersCompensationEmployersLiabilityDiseaseEachEmployee,Employer's Liability Disease - each employee,,matchOnce,must be greater or equal to,500000,1000000,compliant,Block Requirements,,,false,1,,2026-08-16
"Block Real Estate Services, LLC",69fdf75c62446148bd855f5b,69fded2062446148bd849144,Select Comfort Retail Corporation,69fdef6fe45e7dcf5c433fc2,"3rd667 - Oak Park KS, LLC",evidenceOfInsurance,Evidence of Insurance,workersCompensation,Workers' Compensation and Employer's Liability,evidenceOfInsuranceWorkersCompensationEmployersLiabilityDiseasePolicyLimit,Employer's Liability Disease - policy limit,,matchOnce,must be greater or equal to,500000,1000000,compliant,Block Requirements,,,false,1,,2026-08-16
"Block Real Estate Services, LLC",69fdf75c62446148bd855f5b,69fded2062446148bd849144,Select Comfort Retail Corporation,69fdef6fe45e7dcf5c433fc2,"3rd667 - Oak Park KS, LLC",evidenceOfInsurance,Evidence of Insurance,workersCompensation,Workers' Compensation and Employer's Liability,evidenceOfInsuranceWorkersCompensationWaiverOfSubrogationEndorsement,Waiver of Subrogation,"---prompt---
Determine if the insurer has waived their right of subrogation in favor of the certificate holder under the Workers' Compensation policy. Evidence may include: a checked ""Waiver of Subrogation"" box on the certificate, mention in the Description of Operations section stating ""waiver of subrogation applies"", or reference to form WC 00 03 13. Look for language like ""subrogation is waived"" or ""per written contract"".",matchOnce,must be present,,Present,compliant,Block Requirements,,,false,1,,2026-08-16
"Block Real Estate Services, LLC",69fdf75c62446148bd855f5b,69fded2062446148bd849144,Select Comfort Retail Corporation,69fdef6fe45e7dcf5c433fc2,"3rd667 - Oak Park KS, LLC",evidenceOfInsurance,Evidence of Insurance,6ac20aae-5728-5d57-b364-aeba38527dba,Additional Requirements,4da5b0f1-4c9d-5885-8cf8-5d3cccaed3e0,"Block Real Estate Services, LLC and all others required by contract are named as Additional Insureds","---prompt---
Determine if the Description of Operations or the Additional Remarks Schedule section states the ""Additional Insured as Construction Management, Inc. and all others required by contract"" or reference to blanket additional insured coverage. Look for language like ""certificate holder is additional insured"" or ""per written contract"".",matchOnce,must be present,,Present,compliant,Block Requirements,,,true,1,,2026-08-16
"Block Real Estate Services, LLC",69fdf75c62446148bd855f5b,69fded2062446148bd849144,Select Comfort Retail Corporation,69fdef6fe45e7dcf5c433fc2,"3rd667 - Oak Park KS, LLC",evidenceOfInsurance,Evidence of Insurance,6ac20aae-5728-5d57-b364-aeba38527dba,Additional Requirements,e1017741-e47e-5f58-97b8-fbc3043e919f,Umbrella follows form over General Liability,"---prompt---
Determine if the Umbrella/Excess Liability policy follows form to the underlying policies. Evidence may include: language in the Description of Operations section stating the umbrella follows form to underlying coverages or an additional page endorsement stating that it follows form. Follow form means the umbrella policy adopts the same terms, conditions, and exclusions as the underlying policies.",matchOnce,must be present,,Present,compliant,Block Requirements,,,true,1,,2026-08-16
"Block Real Estate Services, LLC",69fdf75c62446148bd855f5b,69fded2062446148bd849144,Select Comfort Retail Corporation,69fdef6fe45e7dcf5c433fc2,"3rd667 - Oak Park KS, LLC",evidenceOfInsurance,Evidence of Insurance,6ac20aae-5728-5d57-b364-aeba38527dba,Additional Requirements,2cdd866f-c9a4-576a-afd8-1d045762790c,"The location must be listed as: 11916 W. 95th Street, Lenexa, KS, 66215",,matchOnce,must be present,,Present,compliant,Block Requirements,,,true,1,,2026-08-16
"Block Real Estate Services, LLC",69fdf75c62446148bd855f5b,69fded2062446148bd849144,Select Comfort Retail Corporation,69fdef6fe45e7dcf5c433fc2,"3rd667 - Oak Park KS, LLC",evidenceOfInsurance,Evidence of Insurance,6ac20aae-5728-5d57-b364-aeba38527dba,Additional Requirements,3649e9d1-4e09-59bf-8f30-cb33c40cf117,"Certificate Holder must read: c/o Block Real Estate Services, LLC, 4622 Pennsylvania St., Suite 700, Kansas City, MO, 64112",,matchOnce,must be present,,Present,compliant,Block Requirements,,,true,1,,2026-08-16
"Block Real Estate Services, LLC",69fdf75c62446148bd855f57,69fded0e62446148bd848ba4,Asurion UBIF,69fdef6fe45e7dcf5c433fc2,"3rd667 - Oak Park KS, LLC",evidenceOfInsurance,Evidence of Insurance,commercialGeneralLiability,Commercial General Liability,evidenceOfInsuranceCommercialGeneralLiabilityCoverageTriggerOccurrence,Coverage Trigger: Occurrence,,matchOnce,must be present,,Present,compliant,Block Requirements,,,false,1,,2026-08-16
"Block Real Estate Services, LLC",69fdf75c62446148bd855f57,69fded0e62446148bd848ba4,Asurion UBIF,69fdef6fe45e7dcf5c433fc2,"3rd667 - Oak Park KS, LLC",evidenceOfInsurance,Evidence of Insurance,commercialGeneralLiability,Commercial General Liability,evidenceOfInsuranceCommercialGeneralLiabilityGeneralAggregateLimitAppliesPerLocation,General Aggregate Limit Applies per: Location,,matchOnce,must be present,,Present,compliant,Block Requirements,,,false,1,,2026-08-16
"Block Real Estate Services, LLC",69fdf75c62446148bd855f57,69fded0e62446148bd848ba4,Asurion UBIF,69fdef6fe45e7dcf5c433fc2,"3rd667 - Oak Park KS, LLC",evidenceOfInsurance,Evidence of Insurance,commercialGeneralLiability,Commercial General Liability,evidenceOfInsuranceCommercialGeneralLiabilityEachOccurrence,Each Occurrence,,matchOnce,must be greater or equal to,1000000,1000000,compliant,Block Requirements,,,false,1,,2026-08-16
"Block Real Estate Services, LLC",69fdf75c62446148bd855f57,69fded0e62446148bd848ba4,Asurion UBIF,69fdef6fe45e7dcf5c433fc2,"3rd667 - Oak Park KS, LLC",evidenceOfInsurance,Evidence of Insurance,commercialGeneralLiability,Commercial General Liability,evidenceOfInsuranceCommercialGeneralLiabilityGeneralAggregate,General Aggregate,,matchOnce,must be greater or equal to,2000000,2000000,compliant,Block Requirements,,,false,1,,2026-08-16
"Block Real Estate Services, LLC",69fdf75c62446148bd855f57,69fded0e62446148bd848ba4,Asurion UBIF,69fdef6fe45e7dcf5c433fc2,"3rd667 - Oak Park KS, LLC",evidenceOfInsurance,Evidence of Insurance,commercialGeneralLiability,Commercial General Liability,evidenceOfInsuranceCommercialGeneralLiabilityWaiverOfSubrogationEndorsement,Waiver of Subrogation,"---prompt---
Determine if the insurer has waived their right of subrogation in favor of the certificate holder under the Commercial General Liability policy. Evidence may include: a checked ""Waiver of Subrogation"" box on the certificate, mention in the Description of Operations section stating ""waiver of subrogation applies"", or reference to form CG 24 04. Look for language like ""subrogation is waived"" or ""per written contract"".",matchOnce,must be present,,Present,compliant,Block Requirements,,,false,1,,2026-08-16
"Block Real Estate Services, LLC",69fdf75c62446148bd855f57,69fded0e62446148bd848ba4,Asurion UBIF,69fdef6fe45e7dcf5c433fc2,"3rd667 - Oak Park KS, LLC",evidenceOfInsurance,Evidence of Insurance,excessOrUmbrellaLiability,Umbrella/Excess Liability,evidenceOfInsuranceExcessOrUmbrellaLiabilityOccurence,Coverage Trigger: Occurrence,,matchOnce,must be present,,Present,compliant,Block Requirements,,,false,1,,2026-08-16
"Block Real Estate Services, LLC",69fdf75c62446148bd855f57,69fded0e62446148bd848ba4,Asurion UBIF,69fdef6fe45e7dcf5c433fc2,"3rd667 - Oak Park KS, LLC",evidenceOfInsurance,Evidence of Insurance,excessOrUmbrellaLiability,Umbrella/Excess Liability,evidenceOfInsuranceExcessOrUmbrellaLiabilityEachOccurrence,Each Occurrence,,matchOnce,must be greater or equal to,1000000,5000000,compliant,Block Requirements,,,false,1,,2026-08-16
"Block Real Estate Services, LLC",69fdf75c62446148bd855f57,69fded0e62446148bd848ba4,Asurion UBIF,69fdef6fe45e7dcf5c433fc2,"3rd667 - Oak Park KS, LLC",evidenceOfInsurance,Evidence of Insurance,excessOrUmbrellaLiability,Umbrella/Excess Liability,evidenceOfInsuranceExcessOrUmbrellaLiabilityAggregate,Aggregate,,matchOnce,must be greater or equal to,1000000,5000000,compliant,Block Requirements,,,false,1,,2026-08-16
"Block Real Estate Services, LLC",69fdf75c62446148bd855f57,69fded0e62446148bd848ba4,Asurion UBIF,69fdef6fe45e7dcf5c433fc2,"3rd667 - Oak Park KS, LLC",evidenceOfInsurance,Evidence of Insurance,workersCompensation,Workers' Compensation and Employer's Liability,evidenceOfInsuranceWorkersCompensationStatutoryLimits,Statutory Limits,,matchOnce,must be present,,Present,compliant,Block Requirements,,,false,1,,2026-08-16
"Block Real Estate Services, LLC",69fdf75c62446148bd855f57,69fded0e62446148bd848ba4,Asurion UBIF,69fdef6fe45e7dcf5c433fc2,"3rd667 - Oak Park KS, LLC",evidenceOfInsurance,Evidence of Insurance,workersCompensation,Workers' Compensation and Employer's Liability,evidenceOfInsuranceWorkersCompensationEmployersLiabilityEachAccident,Employer's Liability Each Accident,,matchOnce,must be greater or equal to,500000,1000000,compliant,Block Requirements,,,false,1,,2026-08-16
"Block Real Estate Services, LLC",69fdf75c62446148bd855f57,69fded0e62446148bd848ba4,Asurion UBIF,69fdef6fe45e7dcf5c433fc2,"3rd667 - Oak Park KS, LLC",evidenceOfInsurance,Evidence of Insurance,workersCompensation,Workers' Compensation and Employer's Liability,evidenceOfInsuranceWorkersCompensationEmployersLiabilityDiseaseEachEmployee,Employer's Liability Disease - each employee,,matchOnce,must be greater or equal to,500000,1000000,compliant,Block Requirements,,,false,1,,2026-08-16
"Block Real Estate Services, LLC",69fdf75c62446148bd855f57,69fded0e62446148bd848ba4,Asurion UBIF,69fdef6fe45e7dcf5c433fc2,"3rd667 - Oak Park KS, LLC",evidenceOfInsurance,Evidence of Insurance,workersCompensation,Workers' Compensation and Employer's Liability,evidenceOfInsuranceWorkersCompensationEmployersLiabilityDiseasePolicyLimit,Employer's Liability Disease - policy limit,,matchOnce,must be greater or equal to,500000,1000000,compliant,Block Requirements,,,false,1,,2026-08-16
"Block Real Estate Services, LLC",69fdf75c62446148bd855f57,69fded0e62446148bd848ba4,Asurion UBIF,69fdef6fe45e7dcf5c433fc2,"3rd667 - Oak Park KS, LLC",evidenceOfInsurance,Evidence of Insurance,workersCompensation,Workers' Compensation and Employer's Liability,evidenceOfInsuranceWorkersCompensationWaiverOfSubrogationEndorsement,Waiver of Subrogation,"---prompt---
Determine if the insurer has waived their right of subrogation in favor of the certificate holder under the Workers' Compensation policy. Evidence may include: a checked ""Waiver of Subrogation"" box on the certificate, mention in the Description of Operations section stating ""waiver of subrogation applies"", or reference to form WC 00 03 13. Look for language like ""subrogation is waived"" or ""per written contract"".",matchOnce,must be present,,Present,compliant,Block Requirements,,,false,1,,2026-08-16
"Block Real Estate Services, LLC",69fdf75c62446148bd855f57,69fded0e62446148bd848ba4,Asurion UBIF,69fdef6fe45e7dcf5c433fc2,"3rd667 - Oak Park KS, LLC",evidenceOfInsurance,Evidence of Insurance,6ac20aae-5728-5d57-b364-aeba38527dba,Additional Requirements,4da5b0f1-4c9d-5885-8cf8-5d3cccaed3e0,"Block Real Estate Services, LLC and all others required by contract are named as Additional Insureds","---prompt---
Determine if the Description of Operations or the Additional Remarks Schedule section states the ""Additional Insured as Construction Management, Inc. and all others required by contract"" or reference to blanket additional insured coverage. Look for language like ""certificate holder is additional insured"" or ""per written contract"".",matchOnce,must be present,,Present,compliant,Block Requirements,,,true,1,,2026-08-16
"Block Real Estate Services, LLC",69fdf75c62446148bd855f57,69fded0e62446148bd848ba4,Asurion UBIF,69fdef6fe45e7dcf5c433fc2,"3rd667 - Oak Park KS, LLC",evidenceOfInsurance,Evidence of Insurance,6ac20aae-5728-5d57-b364-aeba38527dba,Additional Requirements,e1017741-e47e-5f58-97b8-fbc3043e919f,Umbrella follows form over General Liability,"---prompt---
Determine if the Umbrella/Excess Liability policy follows form to the underlying policies. Evidence may include: language in the Description of Operations section stating the umbrella follows form to underlying coverages or an additional page endorsement stating that it follows form. Follow form means the umbrella policy adopts the same terms, conditions, and exclusions as the underlying policies.",matchOnce,must be present,,Present,compliant,Block Requirements,,,true,1,,2026-08-16
"Block Real Estate Services, LLC",69fdf75c62446148bd855f57,69fded0e62446148bd848ba4,Asurion UBIF,69fdef6fe45e7dcf5c433fc2,"3rd667 - Oak Park KS, LLC",evidenceOfInsurance,Evidence of Insurance,6ac20aae-5728-5d57-b364-aeba38527dba,Additional Requirements,2cdd866f-c9a4-576a-afd8-1d045762790c,"The location must be listed as: 11906 W. 95th Street, Lenexa, KS, 66215",,matchOnce,must be present,,Present,compliant,Block Requirements,,,true,1,,2026-08-16
"Block Real Estate Services, LLC",69fdf75c62446148bd855f57,69fded0e62446148bd848ba4,Asurion UBIF,69fdef6fe45e7dcf5c433fc2,"3rd667 - Oak Park KS, LLC",evidenceOfInsurance,Evidence of Insurance,6ac20aae-5728-5d57-b364-aeba38527dba,Additional Requirements,3649e9d1-4e09-59bf-8f30-cb33c40cf117,"Certificate Holder must read: c/o Block Real Estate Services, LLC, 4622 Pennsylvania St., Suite 700, Kansas City, MO, 64112",,matchOnce,must be present,,Present,compliant,Block Requirements,,,true,1,,2026-08-16
"Block Real Estate Services, LLC",69fdf75c62446148bd855f5a,69fded1a62446148bd848f6d,Mattress Firm Inc,69fdef6fe45e7dcf5c433fc2,"3rd667 - Oak Park KS, LLC",evidenceOfInsurance,Evidence of Insurance,commercialGeneralLiability,Commercial General Liability,evidenceOfInsuranceCommercialGeneralLiabilityCoverageTriggerOccurrence,Coverage Trigger: Occurrence,,matchOnce,must be present,,Present,compliant,Block Requirements,,,false,2,,2026-08-16
"Block Real Estate Services, LLC",69fdf75c62446148bd855f5a,69fded1a62446148bd848f6d,Mattress Firm Inc,69fdef6fe45e7dcf5c433fc2,"3rd667 - Oak Park KS, LLC",evidenceOfInsurance,Evidence of Insurance,commercialGeneralLiability,Commercial General Liability,evidenceOfInsuranceCommercialGeneralLiabilityGeneralAggregateLimitAppliesPerLocation,General Aggregate Limit Applies per: Location,,matchOnce,must be present,,Present,compliant,Block Requirements,,,false,2,,2026-08-16
"Block Real Estate Services, LLC",69fdf75c62446148bd855f5a,69fded1a62446148bd848f6d,Mattress Firm Inc,69fdef6fe45e7dcf5c433fc2,"3rd667 - Oak Park KS, LLC",evidenceOfInsurance,Evidence of Insurance,commercialGeneralLiability,Commercial General Liability,evidenceOfInsuranceCommercialGeneralLiabilityEachOccurrence,Each Occurrence,,matchOnce,must be greater or equal to,1000000,2000000,compliant,Block Requirements,,,false,2,,2026-08-16
"Block Real Estate Services, LLC",69fdf75c62446148bd855f5a,69fded1a62446148bd848f6d,Mattress Firm Inc,69fdef6fe45e7dcf5c433fc2,"3rd667 - Oak Park KS, LLC",evidenceOfInsurance,Evidence of Insurance,commercialGeneralLiability,Commercial General Liability,evidenceOfInsuranceCommercialGeneralLiabilityGeneralAggregate,General Aggregate,,matchOnce,must be greater or equal to,2000000,4000000,compliant,Block Requirements,,,false,2,,2026-08-16
"Block Real Estate Services, LLC",69fdf75c62446148bd855f5a,69fded1a62446148bd848f6d,Mattress Firm Inc,69fdef6fe45e7dcf5c433fc2,"3rd667 - Oak Park KS, LLC",evidenceOfInsurance,Evidence of Insurance,commercialGeneralLiability,Commercial General Liability,evidenceOfInsuranceCommercialGeneralLiabilityWaiverOfSubrogationEndorsement,Waiver of Subrogation,"---prompt---
Determine if the insurer has waived their right of subrogation in favor of the certificate holder under the Commercial General Liability policy. Evidence may include: a checked ""Waiver of Subrogation"" box on the certificate, mention in the Description of Operations section stating ""waiver of subrogation applies"", or reference to form CG 24 04. Look for language like ""subrogation is waived"" or ""per written contract"".",matchOnce,must be present,,,non_compliant,Block Requirements,,,false,0,,2026-08-16
"Block Real Estate Services, LLC",69fdf75c62446148bd855f5a,69fded1a62446148bd848f6d,Mattress Firm Inc,69fdef6fe45e7dcf5c433fc2,"3rd667 - Oak Park KS, LLC",evidenceOfInsurance,Evidence of Insurance,excessOrUmbrellaLiability,Umbrella/Excess Liability,evidenceOfInsuranceExcessOrUmbrellaLiabilityOccurence,Coverage Trigger: Occurrence,,matchOnce,must be present,,Present,compliant,Block Requirements,,,false,2,,2026-08-16
"Block Real Estate Services, LLC",69fdf75c62446148bd855f5a,69fded1a62446148bd848f6d,Mattress Firm Inc,69fdef6fe45e7dcf5c433fc2,"3rd667 - Oak Park KS, LLC",evidenceOfInsurance,Evidence of Insurance,excessOrUmbrellaLiability,Umbrella/Excess Liability,evidenceOfInsuranceExcessOrUmbrellaLiabilityEachOccurrence,Each Occurrence,,matchOnce,must be greater or equal to,1000000,15000000,compliant,Block Requirements,,,false,2,,2026-08-16
"Block Real Estate Services, LLC",69fdf75c62446148bd855f5a,69fded1a62446148bd848f6d,Mattress Firm Inc,69fdef6fe45e7dcf5c433fc2,"3rd667 - Oak Park KS, LLC",evidenceOfInsurance,Evidence of Insurance,excessOrUmbrellaLiability,Umbrella/Excess Liability,evidenceOfInsuranceExcessOrUmbrellaLiabilityAggregate,Aggregate,,matchOnce,must be greater or equal to,1000000,15000000,compliant,Block Requirements,,,false,2,,2026-08-16
"Block Real Estate Services, LLC",69fdf75c62446148bd855f5a,69fded1a62446148bd848f6d,Mattress Firm Inc,69fdef6fe45e7dcf5c433fc2,"3rd667 - Oak Park KS, LLC",evidenceOfInsurance,Evidence of Insurance,workersCompensation,Workers' Compensation and Employer's Liability,evidenceOfInsuranceWorkersCompensationStatutoryLimits,Statutory Limits,,matchOnce,must be present,,Present,compliant,Block Requirements,,,false,2,,2026-08-16
"Block Real Estate Services, LLC",69fdf75c62446148bd855f5a,69fded1a62446148bd848f6d,Mattress Firm Inc,69fdef6fe45e7dcf5c433fc2,"3rd667 - Oak Park KS, LLC",evidenceOfInsurance,Evidence of Insurance,workersCompensation,Workers' Compensation and Employer's Liability,evidenceOfInsuranceWorkersCompensationEmployersLiabilityEachAccident,Employer's Liability Each Accident,,matchOnce,must be greater or equal to,500000,1000000,compliant,Block Requirements,,,false,2,,2026-08-16
"Block Real Estate Services, LLC",69fdf75c62446148bd855f5a,69fded1a62446148bd848f6d,Mattress Firm Inc,69fdef6fe45e7dcf5c433fc2,"3rd667 - Oak Park KS, LLC",evidenceOfInsurance,Evidence of Insurance,workersCompensation,Workers' Compensation and Employer's Liability,evidenceOfInsuranceWorkersCompensationEmployersLiabilityDiseaseEachEmployee,Employer's Liability Disease - each employee,,matchOnce,must be greater or equal to,500000,1000000,compliant,Block Requirements,,,false,2,,2026-08-16
"Block Real Estate Services, LLC",69fdf75c62446148bd855f5a,69fded1a62446148bd848f6d,Mattress Firm Inc,69fdef6fe45e7dcf5c433fc2,"3rd667 - Oak Park KS, LLC",evidenceOfInsurance,Evidence of Insurance,workersCompensation,Workers' Compensation and Employer's Liability,evidenceOfInsuranceWorkersCompensationEmployersLiabilityDiseasePolicyLimit,Employer's Liability Disease - policy limit,,matchOnce,must be greater or equal to,500000,1000000,compliant,Block Requirements,,,false,2,,2026-08-16
"Block Real Estate Services, LLC",69fdf75c62446148bd855f5a,69fded1a62446148bd848f6d,Mattress Firm Inc,69fdef6fe45e7dcf5c433fc2,"3rd667 - Oak Park KS, LLC",evidenceOfInsurance,Evidence of Insurance,workersCompensation,Workers' Compensation and Employer's Liability,evidenceOfInsuranceWorkersCompensationWaiverOfSubrogationEndorsement,Waiver of Subrogation,"---prompt---
Determine if the insurer has waived their right of subrogation in favor of the certificate holder under the Workers' Compensation policy. Evidence may include: a checked ""Waiver of Subrogation"" box on the certificate, mention in the Description of Operations section stating ""waiver of subrogation applies"", or reference to form WC 00 03 13. Look for language like ""subrogation is waived"" or ""per written contract"".",matchOnce,must be present,,,non_compliant,Block Requirements,,,false,0,,2026-08-16
"Block Real Estate Services, LLC",69fdf75c62446148bd855f5a,69fded1a62446148bd848f6d,Mattress Firm Inc,69fdef6fe45e7dcf5c433fc2,"3rd667 - Oak Park KS, LLC",evidenceOfInsurance,Evidence of Insurance,6ac20aae-5728-5d57-b364-aeba38527dba,Additional Requirements,4da5b0f1-4c9d-5885-8cf8-5d3cccaed3e0,"Block Real Estate Services, LLC and all others required by contract are named as Additional Insureds","---prompt---
Determine if the Description of Operations or the Additional Remarks Schedule section states the ""Additional Insured as Construction Management, Inc. and all others required by contract"" or reference to blanket additional insured coverage. Look for language like ""certificate holder is additional insured"" or ""per written contract"".",matchOnce,must be present,,Present,compliant,Block Requirements,,,true,2,,2026-08-16
"Block Real Estate Services, LLC",69fdf75c62446148bd855f5a,69fded1a62446148bd848f6d,Mattress Firm Inc,69fdef6fe45e7dcf5c433fc2,"3rd667 - Oak Park KS, LLC",evidenceOfInsurance,Evidence of Insurance,6ac20aae-5728-5d57-b364-aeba38527dba,Additional Requirements,e1017741-e47e-5f58-97b8-fbc3043e919f,Umbrella follows form over General Liability,"---prompt---
Determine if the Umbrella/Excess Liability policy follows form to the underlying policies. Evidence may include: language in the Description of Operations section stating the umbrella follows form to underlying coverages or an additional page endorsement stating that it follows form. Follow form means the umbrella policy adopts the same terms, conditions, and exclusions as the underlying policies.",matchOnce,must be present,,,overridden,Block Requirements,GL $2M/$4M meets Umbrella requirement,,true,0,2027-07-01,2026-08-16
"Block Real Estate Services, LLC",69fdf75c62446148bd855f5a,69fded1a62446148bd848f6d,Mattress Firm Inc,69fdef6fe45e7dcf5c433fc2,"3rd667 - Oak Park KS, LLC",evidenceOfInsurance,Evidence of Insurance,6ac20aae-5728-5d57-b364-aeba38527dba,Additional Requirements,2cdd866f-c9a4-576a-afd8-1d045762790c,"The location must be listed as: 11926 W. 95th Street, Lenexa, KS, 66215",,matchOnce,must be present,,Present,compliant,Block Requirements,,,true,1,,2026-08-16
"Block Real Estate Services, LLC",69fdf75c62446148bd855f5a,69fded1a62446148bd848f6d,Mattress Firm Inc,69fdef6fe45e7dcf5c433fc2,"3rd667 - Oak Park KS, LLC",evidenceOfInsurance,Evidence of Insurance,6ac20aae-5728-5d57-b364-aeba38527dba,Additional Requirements,3649e9d1-4e09-59bf-8f30-cb33c40cf117,"Certificate Holder must read: c/o Block Real Estate Services, LLC, 4622 Pennsylvania St., Suite 700, Kansas City, MO, 64112",,matchOnce,must be present,,Present,compliant,Block Requirements,,,true,2,,2026-08-16
"Block Real Estate Services, LLC",69fdf75c62446148bd855f59,69fded1862446148bd848eaa,Jimmy John's,69fdef6fe45e7dcf5c433fc2,"3rd667 - Oak Park KS, LLC",evidenceOfInsurance,Evidence of Insurance,commercialGeneralLiability,Commercial General Liability,evidenceOfInsuranceCommercialGeneralLiabilityCoverageTriggerOccurrence,Coverage Trigger: Occurrence,,matchOnce,must be present,,Present,compliant,Block Requirements,,,false,1,,2026-08-16
"Block Real Estate Services, LLC",69fdf75c62446148bd855f59,69fded1862446148bd848eaa,Jimmy John's,69fdef6fe45e7dcf5c433fc2,"3rd667 - Oak Park KS, LLC",evidenceOfInsurance,Evidence of Insurance,commercialGeneralLiability,Commercial General Liability,evidenceOfInsuranceCommercialGeneralLiabilityGeneralAggregateLimitAppliesPerLocation,General Aggregate Limit Applies per: Location,,matchOnce,must be present,,Present,compliant,Block Requirements,,,false,1,,2026-08-16
"Block Real Estate Services, LLC",69fdf75c62446148bd855f59,69fded1862446148bd848eaa,Jimmy John's,69fdef6fe45e7dcf5c433fc2,"3rd667 - Oak Park KS, LLC",evidenceOfInsurance,Evidence of Insurance,commercialGeneralLiability,Commercial General Liability,evidenceOfInsuranceCommercialGeneralLiabilityEachOccurrence,Each Occurrence,,matchOnce,must be greater or equal to,1000000,1000000,compliant,Block Requirements,,,false,1,,2026-08-16
"Block Real Estate Services, LLC",69fdf75c62446148bd855f59,69fded1862446148bd848eaa,Jimmy John's,69fdef6fe45e7dcf5c433fc2,"3rd667 - Oak Park KS, LLC",evidenceOfInsurance,Evidence of Insurance,commercialGeneralLiability,Commercial General Liability,evidenceOfInsuranceCommercialGeneralLiabilityGeneralAggregate,General Aggregate,,matchOnce,must be greater or equal to,2000000,2000000,compliant,Block Requirements,,,false,1,,2026-08-16
"Block Real Estate Services, LLC",69fdf75c62446148bd855f59,69fded1862446148bd848eaa,Jimmy John's,69fdef6fe45e7dcf5c433fc2,"3rd667 - Oak Park KS, LLC",evidenceOfInsurance,Evidence of Insurance,commercialGeneralLiability,Commercial General Liability,evidenceOfInsuranceCommercialGeneralLiabilityWaiverOfSubrogationEndorsement,Waiver of Subrogation,"---prompt---
Determine if the insurer has waived their right of subrogation in favor of the certificate holder under the Commercial General Liability policy. Evidence may include: a checked ""Waiver of Subrogation"" box on the certificate, mention in the Description of Operations section stating ""waiver of subrogation applies"", or reference to form CG 24 04. Look for language like ""subrogation is waived"" or ""per written contract"".",matchOnce,must be present,,Present,compliant,Block Requirements,,,false,1,,2026-08-16
"Block Real Estate Services, LLC",69fdf75c62446148bd855f59,69fded1862446148bd848eaa,Jimmy John's,69fdef6fe45e7dcf5c433fc2,"3rd667 - Oak Park KS, LLC",evidenceOfInsurance,Evidence of Insurance,excessOrUmbrellaLiability,Umbrella/Excess Liability,evidenceOfInsuranceExcessOrUmbrellaLiabilityOccurence,Coverage Trigger: Occurrence,,matchOnce,must be present,,Present,compliant,Block Requirements,,,false,1,,2026-08-16
"Block Real Estate Services, LLC",69fdf75c62446148bd855f59,69fded1862446148bd848eaa,Jimmy John's,69fdef6fe45e7dcf5c433fc2,"3rd667 - Oak Park KS, LLC",evidenceOfInsurance,Evidence of Insurance,excessOrUmbrellaLiability,Umbrella/Excess Liability,evidenceOfInsuranceExcessOrUmbrellaLiabilityEachOccurrence,Each Occurrence,,matchOnce,must be greater or equal to,1000000,5000000,compliant,Block Requirements,,,false,1,,2026-08-16
"Block Real Estate Services, LLC",69fdf75c62446148bd855f59,69fded1862446148bd848eaa,Jimmy John's,69fdef6fe45e7dcf5c433fc2,"3rd667 - Oak Park KS, LLC",evidenceOfInsurance,Evidence of Insurance,excessOrUmbrellaLiability,Umbrella/Excess Liability,evidenceOfInsuranceExcessOrUmbrellaLiabilityAggregate,Aggregate,,matchOnce,must be greater or equal to,1000000,5000000,compliant,Block Requirements,,,false,1,,2026-08-16
"Block Real Estate Services, LLC",69fdf75c62446148bd855f59,69fded1862446148bd848eaa,Jimmy John's,69fdef6fe45e7dcf5c433fc2,"3rd667 - Oak Park KS, LLC",evidenceOfInsurance,Evidence of Insurance,workersCompensation,Workers' Compensation and Employer's Liability,evidenceOfInsuranceWorkersCompensationStatutoryLimits,Statutory Limits,,matchOnce,must be present,,Present,compliant,Block Requirements,,,false,1,,2026-08-16
"Block Real Estate Services, LLC",69fdf75c62446148bd855f59,69fded1862446148bd848eaa,Jimmy John's,69fdef6fe45e7dcf5c433fc2,"3rd667 - Oak Park KS, LLC",evidenceOfInsurance,Evidence of Insurance,workersCompensation,Workers' Compensation and Employer's Liability,evidenceOfInsuranceWorkersCompensationEmployersLiabilityEachAccident,Employer's Liability Each Accident,,matchOnce,must be greater or equal to,500000,1000000,compliant,Block Requirements,,,false,1,,2026-08-16
"Block Real Estate Services, LLC",69fdf75c62446148bd855f59,69fded1862446148bd848eaa,Jimmy John's,69fdef6fe45e7dcf5c433fc2,"3rd667 - Oak Park KS, LLC",evidenceOfInsurance,Evidence of Insurance,workersCompensation,Workers' Compensation and Employer's Liability,evidenceOfInsuranceWorkersCompensationEmployersLiabilityDiseaseEachEmployee,Employer's Liability Disease - each employee,,matchOnce,must be greater or equal to,500000,1000000,compliant,Block Requirements,,,false,1,,2026-08-16
"Block Real Estate Services, LLC",69fdf75c62446148bd855f59,69fded1862446148bd848eaa,Jimmy John's,69fdef6fe45e7dcf5c433fc2,"3rd667 - Oak Park KS, LLC",evidenceOfInsurance,Evidence of Insurance,workersCompensation,Workers' Compensation and Employer's Liability,evidenceOfInsuranceWorkersCompensationEmployersLiabilityDiseasePolicyLimit,Employer's Liability Disease - policy limit,,matchOnce,must be greater or equal to,500000,1000000,compliant,Block Requirements,,,false,1,,2026-08-16
"Block Real Estate Services, LLC",69fdf75c62446148bd855f59,69fded1862446148bd848eaa,Jimmy John's,69fdef6fe45e7dcf5c433fc2,"3rd667 - Oak Park KS, LLC",evidenceOfInsurance,Evidence of Insurance,workersCompensation,Workers' Compensation and Employer's Liability,evidenceOfInsuranceWorkersCompensationWaiverOfSubrogationEndorsement,Waiver of Subrogation,"---prompt---
Determine if the insurer has waived their right of subrogation in favor of the certificate holder under the Workers' Compensation policy. Evidence may include: a checked ""Waiver of Subrogation"" box on the certificate, mention in the Description of Operations section stating ""waiver of subrogation applies"", or reference to form WC 00 03 13. Look for language like ""subrogation is waived"" or ""per written contract"".",matchOnce,must be present,,Present,compliant,Block Requirements,,,false,1,,2026-08-16
"Block Real Estate Services, LLC",69fdf75c62446148bd855f59,69fded1862446148bd848eaa,Jimmy John's,69fdef6fe45e7dcf5c433fc2,"3rd667 - Oak Park KS, LLC",evidenceOfInsurance,Evidence of Insurance,6ac20aae-5728-5d57-b364-aeba38527dba,Additional Requirements,4da5b0f1-4c9d-5885-8cf8-5d3cccaed3e0,"Block Real Estate Services, LLC and all others required by contract are named as Additional Insureds","---prompt---
Determine if the Description of Operations or the Additional Remarks Schedule section states the ""Additional Insured as Construction Management, Inc. and all others required by contract"" or reference to blanket additional insured coverage. Look for language like ""certificate holder is additional insured"" or ""per written contract"".",matchOnce,must be present,,Present,compliant,Block Requirements,,,true,1,,2026-08-16
"Block Real Estate Services, LLC",69fdf75c62446148bd855f59,69fded1862446148bd848eaa,Jimmy John's,69fdef6fe45e7dcf5c433fc2,"3rd667 - Oak Park KS, LLC",evidenceOfInsurance,Evidence of Insurance,6ac20aae-5728-5d57-b364-aeba38527dba,Additional Requirements,e1017741-e47e-5f58-97b8-fbc3043e919f,Umbrella follows form over General Liability,"---prompt---
Determine if the Umbrella/Excess Liability policy follows form to the underlying policies. Evidence may include: language in the Description of Operations section stating the umbrella follows form to underlying coverages or an additional page endorsement stating that it follows form. Follow form means the umbrella policy adopts the same terms, conditions, and exclusions as the underlying policies.",matchOnce,must be present,,Present,compliant,Block Requirements,,,true,1,,2026-08-16
"Block Real Estate Services, LLC",69fdf75c62446148bd855f59,69fded1862446148bd848eaa,Jimmy John's,69fdef6fe45e7dcf5c433fc2,"3rd667 - Oak Park KS, LLC",evidenceOfInsurance,Evidence of Insurance,6ac20aae-5728-5d57-b364-aeba38527dba,Additional Requirements,2cdd866f-c9a4-576a-afd8-1d045762790c,"The location must be listed as: 11940 W. 95th Street, Lenexa, KS, 66215",,matchOnce,must be present,,Present,compliant,Block Requirements,,,true,1,,2026-08-16
"Block Real Estate Services, LLC",69fdf75c62446148bd855f59,69fded1862446148bd848eaa,Jimmy John's,69fdef6fe45e7dcf5c433fc2,"3rd667 - Oak Park KS, LLC",evidenceOfInsurance,Evidence of Insurance,6ac20aae-5728-5d57-b364-aeba38527dba,Additional Requirements,3649e9d1-4e09-59bf-8f30-cb33c40cf117,"Certificate Holder must read: c/o Block Real Estate Services, LLC, 4622 Pennsylvania St., Suite 700, Kansas City, MO, 64112",,matchOnce,must be present,,Present,compliant,Block Requirements,,,true,1,,2026-08-16
"Block Real Estate Services, LLC",69fdf79262446148bd859c4c,69fded1b62446148bd848f9d,"Salom Asian Market / Men Sui and Naa Aung, Wife and Husband",69fdf11fbf1df2fe9692924c,"prm791 - Prom Motor Hotel, Inc. - 7833 State Avenue",evidenceOfInsurance,Evidence of Insurance,commercialGeneralLiability,Commercial General Liability,evidenceOfInsuranceCommercialGeneralLiabilityCoverageTriggerOccurrence,Coverage Trigger: Occurrence,,matchOnce,must be present,,,non_compliant,Block Requirements,,,false,0,,2026-08-16
"Block Real Estate Services, LLC",69fdf79262446148bd859c4c,69fded1b62446148bd848f9d,"Salom Asian Market / Men Sui and Naa Aung, Wife and Husband",69fdf11fbf1df2fe9692924c,"prm791 - Prom Motor Hotel, Inc. - 7833 State Avenue",evidenceOfInsurance,Evidence of Insurance,commercialGeneralLiability,Commercial General Liability,evidenceOfInsuranceCommercialGeneralLiabilityGeneralAggregateLimitAppliesPerLocation,General Aggregate Limit Applies per: Location,,matchOnce,must be present,,,non_compliant,Block Requirements,,,false,0,,2026-08-16
"Block Real Estate Services, LLC",69fdf79262446148bd859c4c,69fded1b62446148bd848f9d,"Salom Asian Market / Men Sui and Naa Aung, Wife and Husband",69fdf11fbf1df2fe9692924c,"prm791 - Prom Motor Hotel, Inc. - 7833 State Avenue",evidenceOfInsurance,Evidence of Insurance,commercialGeneralLiability,Commercial General Liability,evidenceOfInsuranceCommercialGeneralLiabilityEachOccurrence,Each Occurrence,,matchOnce,must be greater or equal to,1000000,,non_compliant,Block Requirements,,,false,0,,2026-08-16
"Block Real Estate Services, LLC",69fdf79262446148bd859c4c,69fded1b62446148bd848f9d,"Salom Asian Market / Men Sui and Naa Aung, Wife and Husband",69fdf11fbf1df2fe9692924c,"prm791 - Prom Motor Hotel, Inc. - 7833 State Avenue",evidenceOfInsurance,Evidence of Insurance,commercialGeneralLiability,Commercial General Liability,evidenceOfInsuranceCommercialGeneralLiabilityGeneralAggregate,General Aggregate,,matchOnce,must be greater or equal to,2000000,,non_compliant,Block Requirements,,,false,0,,2026-08-16
"Block Real Estate Services, LLC",69fdf79262446148bd859c4c,69fded1b62446148bd848f9d,"Salom Asian Market / Men Sui and Naa Aung, Wife and Husband",69fdf11fbf1df2fe9692924c,"prm791 - Prom Motor Hotel, Inc. - 7833 State Avenue",evidenceOfInsurance,Evidence of Insurance,commercialGeneralLiability,Commercial General Liability,evidenceOfInsuranceCommercialGeneralLiabilityWaiverOfSubrogationEndorsement,Waiver of Subrogation,"---prompt---
Determine if the insurer has waived their right of subrogation in favor of the certificate holder under the Commercial General Liability policy. Evidence may include: a checked ""Waiver of Subrogation"" box on the certificate, mention in the Description of Operations section stating ""waiver of subrogation applies"", or reference to form CG 24 04. Look for language like ""subrogation is waived"" or ""per written contract"".",matchOnce,must be present,,,non_compliant,Block Requirements,,,false,0,,2026-08-16
"Block Real Estate Services, LLC",69fdf79262446148bd859c4c,69fded1b62446148bd848f9d,"Salom Asian Market / Men Sui and Naa Aung, Wife and Husband",69fdf11fbf1df2fe9692924c,"prm791 - Prom Motor Hotel, Inc. - 7833 State Avenue",evidenceOfInsurance,Evidence of Insurance,excessOrUmbrellaLiability,Umbrella/Excess Liability,evidenceOfInsuranceExcessOrUmbrellaLiabilityOccurence,Coverage Trigger: Occurrence,,matchOnce,must be present,,,non_compliant,Block Requirements,,,false,0,,2026-08-16
"Block Real Estate Services, LLC",69fdf79262446148bd859c4c,69fded1b62446148bd848f9d,"Salom Asian Market / Men Sui and Naa Aung, Wife and Husband",69fdf11fbf1df2fe9692924c,"prm791 - Prom Motor Hotel, Inc. - 7833 State Avenue",evidenceOfInsurance,Evidence of Insurance,excessOrUmbrellaLiability,Umbrella/Excess Liability,evidenceOfInsuranceExcessOrUmbrellaLiabilityEachOccurrence,Each Occurrence,,matchOnce,must be greater or equal to,1000000,,non_compliant,Block Requirements,,,false,0,,2026-08-16
"Block Real Estate Services, LLC",69fdf79262446148bd859c4c,69fded1b62446148bd848f9d,"Salom Asian Market / Men Sui and Naa Aung, Wife and Husband",69fdf11fbf1df2fe9692924c,"prm791 - Prom Motor Hotel, Inc. - 7833 State Avenue",evidenceOfInsurance,Evidence of Insurance,excessOrUmbrellaLiability,Umbrella/Excess Liability,evidenceOfInsuranceExcessOrUmbrellaLiabilityAggregate,Aggregate,,matchOnce,must be greater or equal to,1000000,,non_compliant,Block Requirements,,,false,0,,2026-08-16
"Block Real Estate Services, LLC",69fdf79262446148bd859c4c,69fded1b62446148bd848f9d,"Salom Asian Market / Men Sui and Naa Aung, Wife and Husband",69fdf11fbf1df2fe9692924c,"prm791 - Prom Motor Hotel, Inc. - 7833 State Avenue",evidenceOfInsurance,Evidence of Insurance,workersCompensation,Workers' Compensation and Employer's Liability,evidenceOfInsuranceWorkersCompensationStatutoryLimits,Statutory Limits,,matchOnce,must be present,,,non_compliant,Block Requirements,,,false,0,,2026-08-16
"Block Real Estate Services, LLC",69fdf79262446148bd859c4c,69fded1b62446148bd848f9d,"Salom Asian Market / Men Sui and Naa Aung, Wife and Husband",69fdf11fbf1df2fe9692924c,"prm791 - Prom Motor Hotel, Inc. - 7833 State Avenue",evidenceOfInsurance,Evidence of Insurance,workersCompensation,Workers' Compensation and Employer's Liability,evidenceOfInsuranceWorkersCompensationEmployersLiabilityEachAccident,Employer's Liability Each Accident,,matchOnce,must be greater or equal to,500000,,non_compliant,Block Requirements,,,false,0,,2026-08-16
"Block Real Estate Services, LLC",69fdf79262446148bd859c4c,69fded1b62446148bd848f9d,"Salom Asian Market / Men Sui and Naa Aung, Wife and Husband",69fdf11fbf1df2fe9692924c,"prm791 - Prom Motor Hotel, Inc. - 7833 State Avenue",evidenceOfInsurance,Evidence of Insurance,workersCompensation,Workers' Compensation and Employer's Liability,evidenceOfInsuranceWorkersCompensationEmployersLiabilityDiseaseEachEmployee,Employer's Liability Disease - each employee,,matchOnce,must be greater or equal to,500000,,non_compliant,Block Requirements,,,false,0,,2026-08-16
"Block Real Estate Services, LLC",69fdf79262446148bd859c4c,69fded1b62446148bd848f9d,"Salom Asian Market / Men Sui and Naa Aung, Wife and Husband",69fdf11fbf1df2fe9692924c,"prm791 - Prom Motor Hotel, Inc. - 7833 State Avenue",evidenceOfInsurance,Evidence of Insurance,workersCompensation,Workers' Compensation and Employer's Liability,evidenceOfInsuranceWorkersCompensationEmployersLiabilityDiseasePolicyLimit,Employer's Liability Disease - policy limit,,matchOnce,must be greater or equal to,500000,,non_compliant,Block Requirements,,,false,0,,2026-08-16
"Block Real Estate Services, LLC",69fdf79262446148bd859c4c,69fded1b62446148bd848f9d,"Salom Asian Market / Men Sui and Naa Aung, Wife and Husband",69fdf11fbf1df2fe9692924c,"prm791 - Prom Motor Hotel, Inc. - 7833 State Avenue",evidenceOfInsurance,Evidence of Insurance,workersCompensation,Workers' Compensation and Employer's Liability,evidenceOfInsuranceWorkersCompensationWaiverOfSubrogationEndorsement,Waiver of Subrogation,"---prompt---
Determine if the insurer has waived their right of subrogation in favor of the certificate holder under the Workers' Compensation policy. Evidence may include: a checked ""Waiver of Subrogation"" box on the certificate, mention in the Description of Operations section stating ""waiver of subrogation applies"", or reference to form WC 00 03 13. Look for language like ""subrogation is waived"" or ""per written contract"".",matchOnce,must be present,,,non_compliant,Block Requirements,,,false,0,,2026-08-16
"Block Real Estate Services, LLC",69fdf79262446148bd859c4c,69fded1b62446148bd848f9d,"Salom Asian Market / Men Sui and Naa Aung, Wife and Husband",69fdf11fbf1df2fe9692924c,"prm791 - Prom Motor Hotel, Inc. - 7833 State Avenue",evidenceOfInsurance,Evidence of Insurance,6ac20aae-5728-5d57-b364-aeba38527dba,Additional Requirements,4da5b0f1-4c9d-5885-8cf8-5d3cccaed3e0,"Block Real Estate Services, LLC and all others required by contract are named as Additional Insureds","---prompt---
Determine if the Description of Operations or the Additional Remarks Schedule section states the ""Additional Insured as Construction Management, Inc. and all others required by contract"" or reference to blanket additional insured coverage. Look for language like ""certificate holder is additional insured"" or ""per written contract"".",matchOnce,must be present,,,non_compliant,Block Requirements,,,true,0,,2026-08-16
"Block Real Estate Services, LLC",69fdf79262446148bd859c4c,69fded1b62446148bd848f9d,"Salom Asian Market / Men Sui and Naa Aung, Wife and Husband",69fdf11fbf1df2fe9692924c,"prm791 - Prom Motor Hotel, Inc. - 7833 State Avenue",evidenceOfInsurance,Evidence of Insurance,6ac20aae-5728-5d57-b364-aeba38527dba,Additional Requirements,e1017741-e47e-5f58-97b8-fbc3043e919f,Umbrella follows form over General Liability,"---prompt---
Determine if the Umbrella/Excess Liability policy follows form to the underlying policies. Evidence may include: language in the Description of Operations section stating the umbrella follows form to underlying coverages or an additional page endorsement stating that it follows form. Follow form means the umbrella policy adopts the same terms, conditions, and exclusions as the underlying policies.",matchOnce,must be present,,,non_compliant,Block Requirements,,,true,0,,2026-08-16
"Block Real Estate Services, LLC",69fdf79262446148bd859c4c,69fded1b62446148bd848f9d,"Salom Asian Market / Men Sui and Naa Aung, Wife and Husband",69fdf11fbf1df2fe9692924c,"prm791 - Prom Motor Hotel, Inc. - 7833 State Avenue",evidenceOfInsurance,Evidence of Insurance,6ac20aae-5728-5d57-b364-aeba38527dba,Additional Requirements,2cdd866f-c9a4-576a-afd8-1d045762790c,The location must be listed as: 7833 State Avenue Kansas City KS 66112,,matchOnce,must be present,,,non_compliant,Block Requirements,,,true,0,,2026-08-16
"Block Real Estate Services, LLC",69fdf79262446148bd859c4c,69fded1b62446148bd848f9d,"Salom Asian Market / Men Sui and Naa Aung, Wife and Husband",69fdf11fbf1df2fe9692924c,"prm791 - Prom Motor Hotel, Inc. - 7833 State Avenue",evidenceOfInsurance,Evidence of Insurance,6ac20aae-5728-5d57-b364-aeba38527dba,Additional Requirements,3649e9d1-4e09-59bf-8f30-cb33c40cf117,"Certificate Holder must read: c/o Block Real Estate Services, LLC, 4622 Pennsylvania St., Suite 700, Kansas City, MO, 64112",,matchOnce,must be present,,,non_compliant,Block Requirements,,,true,0,,2026-08-16
"Block Real Estate Services, LLC",69fdf76e62446148bd8573fa,69fded1462446148bd848db1,First Key Homes,69fdf061bf1df2fe969263d0,"kci286 - Platte Valley Industrial Center 6 {Platte Valley Investment, LLC}",evidenceOfInsurance,Evidence of Insurance,commercialGeneralLiability,Commercial General Liability,evidenceOfInsuranceCommercialGeneralLiabilityCoverageTriggerOccurrence,Coverage Trigger: Occurrence,,matchOnce,must be present,,,non_compliant,Block Requirements,,,false,0,,2026-08-16
"Block Real Estate Services, LLC",69fdf76e62446148bd8573fa,69fded1462446148bd848db1,First Key Homes,69fdf061bf1df2fe969263d0,"kci286 - Platte Valley Industrial Center 6 {Platte Valley Investment, LLC}",evidenceOfInsurance,Evidence of Insurance,commercialGeneralLiability,Commercial General Liability,evidenceOfInsuranceCommercialGeneralLiabilityGeneralAggregateLimitAppliesPerLocation,General Aggregate Limit Applies per: Location,,matchOnce,must be present,,,non_compliant,Block Requirements,,,false,0,,2026-08-16
"Block Real Estate Services, LLC",69fdf76e62446148bd8573fa,69fded1462446148bd848db1,First Key Homes,69fdf061bf1df2fe969263d0,"kci286 - Platte Valley Industrial Center 6 {Platte Valley Investment, LLC}",evidenceOfInsurance,Evidence of Insurance,commercialGeneralLiability,Commercial General Liability,evidenceOfInsuranceCommercialGeneralLiabilityEachOccurrence,Each Occurrence,,matchOnce,must be greater or equal to,1000000,,non_compliant,Block Requirements,,,false,0,,2026-08-16
"Block Real Estate Services, LLC",69fdf76e62446148bd8573fa,69fded1462446148bd848db1,First Key Homes,69fdf061bf1df2fe969263d0,"kci286 - Platte Valley Industrial Center 6 {Platte Valley Investment, LLC}",evidenceOfInsurance,Evidence of Insurance,commercialGeneralLiability,Commercial General Liability,evidenceOfInsuranceCommercialGeneralLiabilityGeneralAggregate,General Aggregate,,matchOnce,must be greater or equal to,2000000,,non_compliant,Block Requirements,,,false,0,,2026-08-16
"Block Real Estate Services, LLC",69fdf76e62446148bd8573fa,69fded1462446148bd848db1,First Key Homes,69fdf061bf1df2fe969263d0,"kci286 - Platte Valley Industrial Center 6 {Platte Valley Investment, LLC}",evidenceOfInsurance,Evidence of Insurance,commercialGeneralLiability,Commercial General Liability,evidenceOfInsuranceCommercialGeneralLiabilityWaiverOfSubrogationEndorsement,Waiver of Subrogation,"---prompt---
Determine if the insurer has waived their right of subrogation in favor of the certificate holder under the Commercial General Liability policy. Evidence may include: a checked ""Waiver of Subrogation"" box on the certificate, mention in the Description of Operations section stating ""waiver of subrogation applies"", or reference to form CG 24 04. Look for language like ""subrogation is waived"" or ""per written contract"".",matchOnce,must be present,,,non_compliant,Block Requirements,,,false,0,,2026-08-16
"Block Real Estate Services, LLC",69fdf76e62446148bd8573fa,69fded1462446148bd848db1,First Key Homes,69fdf061bf1df2fe969263d0,"kci286 - Platte Valley Industrial Center 6 {Platte Valley Investment, LLC}",evidenceOfInsurance,Evidence of Insurance,excessOrUmbrellaLiability,Umbrella/Excess Liability,evidenceOfInsuranceExcessOrUmbrellaLiabilityOccurence,Coverage Trigger: Occurrence,,matchOnce,must be present,,,non_compliant,Block Requirements,,,false,0,,2026-08-16
"Block Real Estate Services, LLC",69fdf76e62446148bd8573fa,69fded1462446148bd848db1,First Key Homes,69fdf061bf1df2fe969263d0,"kci286 - Platte Valley Industrial Center 6 {Platte Valley Investment, LLC}",evidenceOfInsurance,Evidence of Insurance,excessOrUmbrellaLiability,Umbrella/Excess Liability,evidenceOfInsuranceExcessOrUmbrellaLiabilityEachOccurrence,Each Occurrence,,matchOnce,must be greater or equal to,1000000,,non_compliant,Block Requirements,,,false,0,,2026-08-16
"Block Real Estate Services, LLC",69fdf76e62446148bd8573fa,69fded1462446148bd848db1,First Key Homes,69fdf061bf1df2fe969263d0,"kci286 - Platte Valley Industrial Center 6 {Platte Valley Investment, LLC}",evidenceOfInsurance,Evidence of Insurance,excessOrUmbrellaLiability,Umbrella/Excess Liability,evidenceOfInsuranceExcessOrUmbrellaLiabilityAggregate,Aggregate,,matchOnce,must be greater or equal to,1000000,,non_compliant,Block Requirements,,,false,0,,2026-08-16
"Block Real Estate Services, LLC",69fdf76e62446148bd8573fa,69fded1462446148bd848db1,First Key Homes,69fdf061bf1df2fe969263d0,"kci286 - Platte Valley Industrial Center 6 {Platte Valley Investment, LLC}",evidenceOfInsurance,Evidence of Insurance,workersCompensation,Workers' Compensation and Employer's Liability,evidenceOfInsuranceWorkersCompensationStatutoryLimits,Statutory Limits,,matchOnce,must be present,,,non_compliant,Block Requirements,,,false,0,,2026-08-16
"Block Real Estate Services, LLC",69fdf76e62446148bd8573fa,69fded1462446148bd848db1,First Key Homes,69fdf061bf1df2fe969263d0,"kci286 - Platte Valley Industrial Center 6 {Platte Valley Investment, LLC}",evidenceOfInsurance,Evidence of Insurance,workersCompensation,Workers' Compensation and Employer's Liability,evidenceOfInsuranceWorkersCompensationEmployersLiabilityEachAccident,Employer's Liability Each Accident,,matchOnce,must be greater or equal to,500000,,non_compliant,Block Requirements,,,false,0,,2026-08-16
"Block Real Estate Services, LLC",69fdf76e62446148bd8573fa,69fded1462446148bd848db1,First Key Homes,69fdf061bf1df2fe969263d0,"kci286 - Platte Valley Industrial Center 6 {Platte Valley Investment, LLC}",evidenceOfInsurance,Evidence of Insurance,workersCompensation,Workers' Compensation and Employer's Liability,evidenceOfInsuranceWorkersCompensationEmployersLiabilityDiseaseEachEmployee,Employer's Liability Disease - each employee,,matchOnce,must be greater or equal to,500000,,non_compliant,Block Requirements,,,false,0,,2026-08-16
"Block Real Estate Services, LLC",69fdf76e62446148bd8573fa,69fded1462446148bd848db1,First Key Homes,69fdf061bf1df2fe969263d0,"kci286 - Platte Valley Industrial Center 6 {Platte Valley Investment, LLC}",evidenceOfInsurance,Evidence of Insurance,workersCompensation,Workers' Compensation and Employer's Liability,evidenceOfInsuranceWorkersCompensationEmployersLiabilityDiseasePolicyLimit,Employer's Liability Disease - policy limit,,matchOnce,must be greater or equal to,500000,,non_compliant,Block Requirements,,,false,0,,2026-08-16
"Block Real Estate Services, LLC",69fdf76e62446148bd8573fa,69fded1462446148bd848db1,First Key Homes,69fdf061bf1df2fe969263d0,"kci286 - Platte Valley Industrial Center 6 {Platte Valley Investment, LLC}",evidenceOfInsurance,Evidence of Insurance,workersCompensation,Workers' Compensation and Employer's Liability,evidenceOfInsuranceWorkersCompensationWaiverOfSubrogationEndorsement,Waiver of Subrogation,"---prompt---
Determine if the insurer has waived their right of subrogation in favor of the certificate holder under the Workers' Compensation policy. Evidence may include: a checked ""Waiver of Subrogation"" box on the certificate, mention in the Description of Operations section stating ""waiver of subrogation applies"", or reference to form WC 00 03 13. Look for language like ""subrogation is waived"" or ""per written contract"".",matchOnce,must be present,,,non_compliant,Block Requirements,,,false,0,,2026-08-16
"Block Real Estate Services, LLC",69fdf76e62446148bd8573fa,69fded1462446148bd848db1,First Key Homes,69fdf061bf1df2fe969263d0,"kci286 - Platte Valley Industrial Center 6 {Platte Valley Investment, LLC}",evidenceOfInsurance,Evidence of Insurance,6ac20aae-5728-5d57-b364-aeba38527dba,Additional Requirements,4da5b0f1-4c9d-5885-8cf8-5d3cccaed3e0,"Block Real Estate Services, LLC and all others required by contract are named as Additional Insureds","---prompt---
Determine if the Description of Operations or the Additional Remarks Schedule section states the ""Additional Insured as Construction Management, Inc. and all others required by contract"" or reference to blanket additional insured coverage. Look for language like ""certificate holder is additional insured"" or ""per written contract"".",matchOnce,must be present,,,non_compliant,Block Requirements,,,true,0,,2026-08-16
"Block Real Estate Services, LLC",69fdf76e62446148bd8573fa,69fded1462446148bd848db1,First Key Homes,69fdf061bf1df2fe969263d0,"kci286 - Platte Valley Industrial Center 6 {Platte Valley Investment, LLC}",evidenceOfInsurance,Evidence of Insurance,6ac20aae-5728-5d57-b364-aeba38527dba,Additional Requirements,e1017741-e47e-5f58-97b8-fbc3043e919f,Umbrella follows form over General Liability,"---prompt---
Determine if the Umbrella/Excess Liability policy follows form to the underlying policies. Evidence may include: language in the Description of Operations section stating the umbrella follows form to underlying coverages or an additional page endorsement stating that it follows form. Follow form means the umbrella policy adopts the same terms, conditions, and exclusions as the underlying policies.",matchOnce,must be present,,,non_compliant,Block Requirements,,,true,0,,2026-08-16
"Block Real Estate Services, LLC",69fdf76e62446148bd8573fa,69fded1462446148bd848db1,First Key Homes,69fdf061bf1df2fe969263d0,"kci286 - Platte Valley Industrial Center 6 {Platte Valley Investment, LLC}",evidenceOfInsurance,Evidence of Insurance,6ac20aae-5728-5d57-b364-aeba38527dba,Additional Requirements,2cdd866f-c9a4-576a-afd8-1d045762790c,"The location must be listed as: 120 NW Parkway Drive, Riverside, MO, 64150",,matchOnce,must be present,,,non_compliant,Block Requirements,,,true,0,,2026-08-16
"Block Real Estate Services, LLC",69fdf76e62446148bd8573fa,69fded1462446148bd848db1,First Key Homes,69fdf061bf1df2fe969263d0,"kci286 - Platte Valley Industrial Center 6 {Platte Valley Investment, LLC}",evidenceOfInsurance,Evidence of Insurance,6ac20aae-5728-5d57-b364-aeba38527dba,Additional Requirements,3649e9d1-4e09-59bf-8f30-cb33c40cf117,"Certificate Holder must read: c/o Block Real Estate Services, LLC, 4622 Pennsylvania St., Suite 700, Kansas City, MO, 64112",,matchOnce,must be present,,,non_compliant,Block Requirements,,,true,0,,2026-08-16
"Block Real Estate Services, LLC",69fdf76e62446148bd8573fb,69fded1962446148bd848efb,Knappco LLC,69fdf061bf1df2fe969263d0,"kci286 - Platte Valley Industrial Center 6 {Platte Valley Investment, LLC}",evidenceOfInsurance,Evidence of Insurance,commercialGeneralLiability,Commercial General Liability,evidenceOfInsuranceCommercialGeneralLiabilityCoverageTriggerOccurrence,Coverage Trigger: Occurrence,,matchOnce,must be present,,Present,compliant,Block Requirements,,,false,1,,2026-08-16
"Block Real Estate Services, LLC",69fdf76e62446148bd8573fb,69fded1962446148bd848efb,Knappco LLC,69fdf061bf1df2fe969263d0,"kci286 - Platte Valley Industrial Center 6 {Platte Valley Investment, LLC}",evidenceOfInsurance,Evidence of Insurance,commercialGeneralLiability,Commercial General Liability,evidenceOfInsuranceCommercialGeneralLiabilityGeneralAggregateLimitAppliesPerLocation,General Aggregate Limit Applies per: Location,,matchOnce,must be present,,,non_compliant,Block Requirements,,,false,0,,2026-08-16
"Block Real Estate Services, LLC",69fdf76e62446148bd8573fb,69fded1962446148bd848efb,Knappco LLC,69fdf061bf1df2fe969263d0,"kci286 - Platte Valley Industrial Center 6 {Platte Valley Investment, LLC}",evidenceOfInsurance,Evidence of Insurance,commercialGeneralLiability,Commercial General Liability,evidenceOfInsuranceCommercialGeneralLiabilityEachOccurrence,Each Occurrence,,matchOnce,must be greater or equal to,1000000,5000000,compliant,Block Requirements,,,false,1,,2026-08-16
"Block Real Estate Services, LLC",69fdf76e62446148bd8573fb,69fded1962446148bd848efb,Knappco LLC,69fdf061bf1df2fe969263d0,"kci286 - Platte Valley Industrial Center 6 {Platte Valley Investment, LLC}",evidenceOfInsurance,Evidence of Insurance,commercialGeneralLiability,Commercial General Liability,evidenceOfInsuranceCommercialGeneralLiabilityGeneralAggregate,General Aggregate,,matchOnce,must be greater or equal to,2000000,20000000,compliant,Block Requirements,,,false,1,,2026-08-16
"Block Real Estate Services, LLC",69fdf76e62446148bd8573fb,69fded1962446148bd848efb,Knappco LLC,69fdf061bf1df2fe969263d0,"kci286 - Platte Valley Industrial Center 6 {Platte Valley Investment, LLC}",evidenceOfInsurance,Evidence of Insurance,commercialGeneralLiability,Commercial General Liability,evidenceOfInsuranceCommercialGeneralLiabilityWaiverOfSubrogationEndorsement,Waiver of Subrogation,"---prompt---
Determine if the insurer has waived their right of subrogation in favor of the certificate holder under the Commercial General Liability policy. Evidence may include: a checked ""Waiver of Subrogation"" box on the certificate, mention in the Description of Operations section stating ""waiver of subrogation applies"", or reference to form CG 24 04. Look for language like ""subrogation is waived"" or ""per written contract"".",matchOnce,must be present,,,non_compliant,Block Requirements,,,false,0,,2026-08-16
"Block Real Estate Services, LLC",69fdf76e62446148bd8573fb,69fded1962446148bd848efb,Knappco LLC,69fdf061bf1df2fe969263d0,"kci286 - Platte Valley Industrial Center 6 {Platte Valley Investment, LLC}",evidenceOfInsurance,Evidence of Insurance,excessOrUmbrellaLiability,Umbrella/Excess Liability,evidenceOfInsuranceExcessOrUmbrellaLiabilityOccurence,Coverage Trigger: Occurrence,,matchOnce,must be present,,Present,compliant,Block Requirements,,,false,1,,2026-08-16
"Block Real Estate Services, LLC",69fdf76e62446148bd8573fb,69fded1962446148bd848efb,Knappco LLC,69fdf061bf1df2fe969263d0,"kci286 - Platte Valley Industrial Center 6 {Platte Valley Investment, LLC}",evidenceOfInsurance,Evidence of Insurance,excessOrUmbrellaLiability,Umbrella/Excess Liability,evidenceOfInsuranceExcessOrUmbrellaLiabilityEachOccurrence,Each Occurrence,,matchOnce,must be greater or equal to,1000000,5000000,compliant,Block Requirements,,,false,1,,2026-08-16
"Block Real Estate Services, LLC",69fdf76e62446148bd8573fb,69fded1962446148bd848efb,Knappco LLC,69fdf061bf1df2fe969263d0,"kci286 - Platte Valley Industrial Center 6 {Platte Valley Investment, LLC}",evidenceOfInsurance,Evidence of Insurance,excessOrUmbrellaLiability,Umbrella/Excess Liability,evidenceOfInsuranceExcessOrUmbrellaLiabilityAggregate,Aggregate,,matchOnce,must be greater or equal to,1000000,5000000,compliant,Block Requirements,,,false,1,,2026-08-16
"Block Real Estate Services, LLC",69fdf76e62446148bd8573fb,69fded1962446148bd848efb,Knappco LLC,69fdf061bf1df2fe969263d0,"kci286 - Platte Valley Industrial Center 6 {Platte Valley Investment, LLC}",evidenceOfInsurance,Evidence of Insurance,workersCompensation,Workers' Compensation and Employer's Liability,evidenceOfInsuranceWorkersCompensationStatutoryLimits,Statutory Limits,,matchOnce,must be present,,Present,compliant,Block Requirements,,,false,1,,2026-08-16
"Block Real Estate Services, LLC",69fdf76e62446148bd8573fb,69fded1962446148bd848efb,Knappco LLC,69fdf061bf1df2fe969263d0,"kci286 - Platte Valley Industrial Center 6 {Platte Valley Investment, LLC}",evidenceOfInsurance,Evidence of Insurance,workersCompensation,Workers' Compensation and Employer's Liability,evidenceOfInsuranceWorkersCompensationEmployersLiabilityEachAccident,Employer's Liability Each Accident,,matchOnce,must be greater or equal to,500000,2000000,compliant,Block Requirements,,,false,1,,2026-08-16
"Block Real Estate Services, LLC",69fdf76e62446148bd8573fb,69fded1962446148bd848efb,Knappco LLC,69fdf061bf1df2fe969263d0,"kci286 - Platte Valley Industrial Center 6 {Platte Valley Investment, LLC}",evidenceOfInsurance,Evidence of Insurance,workersCompensation,Workers' Compensation and Employer's Liability,evidenceOfInsuranceWorkersCompensationEmployersLiabilityDiseaseEachEmployee,Employer's Liability Disease - each employee,,matchOnce,must be greater or equal to,500000,2000000,compliant,Block Requirements,,,false,1,,2026-08-16
"Block Real Estate Services, LLC",69fdf76e62446148bd8573fb,69fded1962446148bd848efb,Knappco LLC,69fdf061bf1df2fe969263d0,"kci286 - Platte Valley Industrial Center 6 {Platte Valley Investment, LLC}",evidenceOfInsurance,Evidence of Insurance,workersCompensation,Workers' Compensation and Employer's Liability,evidenceOfInsuranceWorkersCompensationEmployersLiabilityDiseasePolicyLimit,Employer's Liability Disease - policy limit,,matchOnce,must be greater or equal to,500000,2000000,compliant,Block Requirements,,,false,1,,2026-08-16
"Block Real Estate Services, LLC",69fdf76e62446148bd8573fb,69fded1962446148bd848efb,Knappco LLC,69fdf061bf1df2fe969263d0,"kci286 - Platte Valley Industrial Center 6 {Platte Valley Investment, LLC}",evidenceOfInsurance,Evidence of Insurance,workersCompensation,Workers' Compensation and Employer's Liability,evidenceOfInsuranceWorkersCompensationWaiverOfSubrogationEndorsement,Waiver of Subrogation,"---prompt---
Determine if the insurer has waived their right of subrogation in favor of the certificate holder under the Workers' Compensation policy. Evidence may include: a checked ""Waiver of Subrogation"" box on the certificate, mention in the Description of Operations section stating ""waiver of subrogation applies"", or reference to form WC 00 03 13. Look for language like ""subrogation is waived"" or ""per written contract"".",matchOnce,must be present,,,non_compliant,Block Requirements,,,false,0,,2026-08-16
"Block Real Estate Services, LLC",69fdf76e62446148bd8573fb,69fded1962446148bd848efb,Knappco LLC,69fdf061bf1df2fe969263d0,"kci286 - Platte Valley Industrial Center 6 {Platte Valley Investment, LLC}",evidenceOfInsurance,Evidence of Insurance,6ac20aae-5728-5d57-b364-aeba38527dba,Additional Requirements,4da5b0f1-4c9d-5885-8cf8-5d3cccaed3e0,"Block Real Estate Services, LLC and all others required by contract are named as Additional Insureds","---prompt---
Determine if the Description of Operations or the Additional Remarks Schedule section states the ""Additional Insured as Construction Management, Inc. and all others required by contract"" or reference to blanket additional insured coverage. Look for language like ""certificate holder is additional insured"" or ""per written contract"".",matchOnce,must be present,,,non_compliant,Block Requirements,,,true,0,,2026-08-16
"Block Real Estate Services, LLC",69fdf76e62446148bd8573fb,69fded1962446148bd848efb,Knappco LLC,69fdf061bf1df2fe969263d0,"kci286 - Platte Valley Industrial Center 6 {Platte Valley Investment, LLC}",evidenceOfInsurance,Evidence of Insurance,6ac20aae-5728-5d57-b364-aeba38527dba,Additional Requirements,e1017741-e47e-5f58-97b8-fbc3043e919f,Umbrella follows form over General Liability,"---prompt---
Determine if the Umbrella/Excess Liability policy follows form to the underlying policies. Evidence may include: language in the Description of Operations section stating the umbrella follows form to underlying coverages or an additional page endorsement stating that it follows form. Follow form means the umbrella policy adopts the same terms, conditions, and exclusions as the underlying policies.",matchOnce,must be present,,,non_compliant,Block Requirements,,,true,0,,2026-08-16
"Block Real Estate Services, LLC",69fdf76e62446148bd8573fb,69fded1962446148bd848efb,Knappco LLC,69fdf061bf1df2fe969263d0,"kci286 - Platte Valley Industrial Center 6 {Platte Valley Investment, LLC}",evidenceOfInsurance,Evidence of Insurance,6ac20aae-5728-5d57-b364-aeba38527dba,Additional Requirements,2cdd866f-c9a4-576a-afd8-1d045762790c,"The location must be listed as: 122 NW Parkway Drive, Riverside, MO, 64150",,matchOnce,must be present,,,non_compliant,Block Requirements,,,true,0,,2026-08-16
"Block Real Estate Services, LLC",69fdf76e62446148bd8573fb,69fded1962446148bd848efb,Knappco LLC,69fdf061bf1df2fe969263d0,"kci286 - Platte Valley Industrial Center 6 {Platte Valley Investment, LLC}",evidenceOfInsurance,Evidence of Insurance,6ac20aae-5728-5d57-b364-aeba38527dba,Additional Requirements,3649e9d1-4e09-59bf-8f30-cb33c40cf117,"Certificate Holder must read: c/o Block Real Estate Services, LLC, 4622 Pennsylvania St., Suite 700, Kansas City, MO, 64112",,matchOnce,must be present,,Present,compliant,Block Requirements,,,true,1,,2026-08-16
"Block Real Estate Services, LLC",69fdf76e62446148bd8573f8,69fded0e62446148bd848baa,Auction Merchandise of KC,69fdf061bf1df2fe969263d0,"kci286 - Platte Valley Industrial Center 6 {Platte Valley Investment, LLC}",evidenceOfInsurance,Evidence of Insurance,commercialGeneralLiability,Commercial General Liability,evidenceOfInsuranceCommercialGeneralLiabilityCoverageTriggerOccurrence,Coverage Trigger: Occurrence,,matchOnce,must be present,,Present,compliant,Block Requirements,,,false,1,,2026-08-16
"Block Real Estate Services, LLC",69fdf76e62446148bd8573f8,69fded0e62446148bd848baa,Auction Merchandise of KC,69fdf061bf1df2fe969263d0,"kci286 - Platte Valley Industrial Center 6 {Platte Valley Investment, LLC}",evidenceOfInsurance,Evidence of Insurance,commercialGeneralLiability,Commercial General Liability,evidenceOfInsuranceCommercialGeneralLiabilityGeneralAggregateLimitAppliesPerLocation,General Aggregate Limit Applies per: Location,,matchOnce,must be present,,,waived,Block Requirements,Per location not a requirement in the lease,,false,0,,2026-08-16
"Block Real Estate Services, LLC",69fdf76e62446148bd8573f8,69fded0e62446148bd848baa,Auction Merchandise of KC,69fdf061bf1df2fe969263d0,"kci286 - Platte Valley Industrial Center 6 {Platte Valley Investment, LLC}",evidenceOfInsurance,Evidence of Insurance,commercialGeneralLiability,Commercial General Liability,evidenceOfInsuranceCommercialGeneralLiabilityEachOccurrence,Each Occurrence,,matchOnce,must be greater or equal to,1000000,1000000,compliant,Block Requirements,,,false,1,,2026-08-16
"Block Real Estate Services, LLC",69fdf76e62446148bd8573f8,69fded0e62446148bd848baa,Auction Merchandise of KC,69fdf061bf1df2fe969263d0,"kci286 - Platte Valley Industrial Center 6 {Platte Valley Investment, LLC}",evidenceOfInsurance,Evidence of Insurance,commercialGeneralLiability,Commercial General Liability,evidenceOfInsuranceCommercialGeneralLiabilityGeneralAggregate,General Aggregate,,matchOnce,must be greater or equal to,2000000,2000000,compliant,Block Requirements,,,false,1,,2026-08-16
"Block Real Estate Services, LLC",69fdf76e62446148bd8573f8,69fded0e62446148bd848baa,Auction Merchandise of KC,69fdf061bf1df2fe969263d0,"kci286 - Platte Valley Industrial Center 6 {Platte Valley Investment, LLC}",evidenceOfInsurance,Evidence of Insurance,commercialGeneralLiability,Commercial General Liability,evidenceOfInsuranceCommercialGeneralLiabilityWaiverOfSubrogationEndorsement,Waiver of Subrogation,"---prompt---
Determine if the insurer has waived their right of subrogation in favor of the certificate holder under the Commercial General Liability policy. Evidence may include: a checked ""Waiver of Subrogation"" box on the certificate, mention in the Description of Operations section stating ""waiver of subrogation applies"", or reference to form CG 24 04. Look for language like ""subrogation is waived"" or ""per written contract"".",matchOnce,must be present,,,non_compliant,Block Requirements,,,false,0,,2026-08-16
"Block Real Estate Services, LLC",69fdf76e62446148bd8573f8,69fded0e62446148bd848baa,Auction Merchandise of KC,69fdf061bf1df2fe969263d0,"kci286 - Platte Valley Industrial Center 6 {Platte Valley Investment, LLC}",evidenceOfInsurance,Evidence of Insurance,excessOrUmbrellaLiability,Umbrella/Excess Liability,evidenceOfInsuranceExcessOrUmbrellaLiabilityOccurence,Coverage Trigger: Occurrence,,matchOnce,must be present,,,waived,Block Requirements,,,false,0,,2026-08-16
"Block Real Estate Services, LLC",69fdf76e62446148bd8573f8,69fded0e62446148bd848baa,Auction Merchandise of KC,69fdf061bf1df2fe969263d0,"kci286 - Platte Valley Industrial Center 6 {Platte Valley Investment, LLC}",evidenceOfInsurance,Evidence of Insurance,excessOrUmbrellaLiability,Umbrella/Excess Liability,evidenceOfInsuranceExcessOrUmbrellaLiabilityEachOccurrence,Each Occurrence,,matchOnce,must be greater or equal to,1000000,,waived,Block Requirements,,,false,0,,2026-08-16
"Block Real Estate Services, LLC",69fdf76e62446148bd8573f8,69fded0e62446148bd848baa,Auction Merchandise of KC,69fdf061bf1df2fe969263d0,"kci286 - Platte Valley Industrial Center 6 {Platte Valley Investment, LLC}",evidenceOfInsurance,Evidence of Insurance,excessOrUmbrellaLiability,Umbrella/Excess Liability,evidenceOfInsuranceExcessOrUmbrellaLiabilityAggregate,Aggregate,,matchOnce,must be greater or equal to,1000000,,waived,Block Requirements,,,false,0,,2026-08-16
"Block Real Estate Services, LLC",69fdf76e62446148bd8573f8,69fded0e62446148bd848baa,Auction Merchandise of KC,69fdf061bf1df2fe969263d0,"kci286 - Platte Valley Industrial Center 6 {Platte Valley Investment, LLC}",evidenceOfInsurance,Evidence of Insurance,workersCompensation,Workers' Compensation and Employer's Liability,evidenceOfInsuranceWorkersCompensationStatutoryLimits,Statutory Limits,,matchOnce,must be present,,,waived,Block Requirements,,,false,0,,2026-08-16
"Block Real Estate Services, LLC",69fdf76e62446148bd8573f8,69fded0e62446148bd848baa,Auction Merchandise of KC,69fdf061bf1df2fe969263d0,"kci286 - Platte Valley Industrial Center 6 {Platte Valley Investment, LLC}",evidenceOfInsurance,Evidence of Insurance,workersCompensation,Workers' Compensation and Employer's Liability,evidenceOfInsuranceWorkersCompensationEmployersLiabilityEachAccident,Employer's Liability Each Accident,,matchOnce,must be greater or equal to,500000,,waived,Block Requirements,,,false,0,,2026-08-16
"Block Real Estate Services, LLC",69fdf76e62446148bd8573f8,69fded0e62446148bd848baa,Auction Merchandise of KC,69fdf061bf1df2fe969263d0,"kci286 - Platte Valley Industrial Center 6 {Platte Valley Investment, LLC}",evidenceOfInsurance,Evidence of Insurance,workersCompensation,Workers' Compensation and Employer's Liability,evidenceOfInsuranceWorkersCompensationEmployersLiabilityDiseaseEachEmployee,Employer's Liability Disease - each employee,,matchOnce,must be greater or equal to,500000,,waived,Block Requirements,,,false,0,,2026-08-16
"Block Real Estate Services, LLC",69fdf76e62446148bd8573f8,69fded0e62446148bd848baa,Auction Merchandise of KC,69fdf061bf1df2fe969263d0,"kci286 - Platte Valley Industrial Center 6 {Platte Valley Investment, LLC}",evidenceOfInsurance,Evidence of Insurance,workersCompensation,Workers' Compensation and Employer's Liability,evidenceOfInsuranceWorkersCompensationEmployersLiabilityDiseasePolicyLimit,Employer's Liability Disease - policy limit,,matchOnce,must be greater or equal to,500000,,waived,Block Requirements,,,false,0,,2026-08-16
"Block Real Estate Services, LLC",69fdf76e62446148bd8573f8,69fded0e62446148bd848baa,Auction Merchandise of KC,69fdf061bf1df2fe969263d0,"kci286 - Platte Valley Industrial Center 6 {Platte Valley Investment, LLC}",evidenceOfInsurance,Evidence of Insurance,workersCompensation,Workers' Compensation and Employer's Liability,evidenceOfInsuranceWorkersCompensationWaiverOfSubrogationEndorsement,Waiver of Subrogation,"---prompt---
Determine if the insurer has waived their right of subrogation in favor of the certificate holder under the Workers' Compensation policy. Evidence may include: a checked ""Waiver of Subrogation"" box on the certificate, mention in the Description of Operations section stating ""waiver of subrogation applies"", or reference to form WC 00 03 13. Look for language like ""subrogation is waived"" or ""per written contract"".",matchOnce,must be present,,,waived,Block Requirements,,,false,0,,2026-08-16
"Block Real Estate Services, LLC",69fdf76e62446148bd8573f8,69fded0e62446148bd848baa,Auction Merchandise of KC,69fdf061bf1df2fe969263d0,"kci286 - Platte Valley Industrial Center 6 {Platte Valley Investment, LLC}",evidenceOfInsurance,Evidence of Insurance,6ac20aae-5728-5d57-b364-aeba38527dba,Additional Requirements,4da5b0f1-4c9d-5885-8cf8-5d3cccaed3e0,"Block Real Estate Services, LLC and all others required by contract are named as Additional Insureds","---prompt---
Determine if the Description of Operations or the Additional Remarks Schedule section states the ""Additional Insured as Construction Management, Inc. and all others required by contract"" or reference to blanket additional insured coverage. Look for language like ""certificate holder is additional insured"" or ""per written contract"".",matchOnce,must be present,,,non_compliant,Block Requirements,,,true,0,,2026-08-16
"Block Real Estate Services, LLC",69fdf76e62446148bd8573f8,69fded0e62446148bd848baa,Auction Merchandise of KC,69fdf061bf1df2fe969263d0,"kci286 - Platte Valley Industrial Center 6 {Platte Valley Investment, LLC}",evidenceOfInsurance,Evidence of Insurance,6ac20aae-5728-5d57-b364-aeba38527dba,Additional Requirements,e1017741-e47e-5f58-97b8-fbc3043e919f,Umbrella follows form over General Liability,"---prompt---
Determine if the Umbrella/Excess Liability policy follows form to the underlying policies. Evidence may include: language in the Description of Operations section stating the umbrella follows form to underlying coverages or an additional page endorsement stating that it follows form. Follow form means the umbrella policy adopts the same terms, conditions, and exclusions as the underlying policies.",matchOnce,must be present,,,waived,Block Requirements,Umbrella Liability not a requirement in the lease,,true,0,,2026-08-16
"Block Real Estate Services, LLC",69fdf76e62446148bd8573f8,69fded0e62446148bd848baa,Auction Merchandise of KC,69fdf061bf1df2fe969263d0,"kci286 - Platte Valley Industrial Center 6 {Platte Valley Investment, LLC}",evidenceOfInsurance,Evidence of Insurance,6ac20aae-5728-5d57-b364-aeba38527dba,Additional Requirements,2cdd866f-c9a4-576a-afd8-1d045762790c,"The location must be listed as: 112, 114 NW Parkway Drive, Riverside, MO, 64150",,matchOnce,must be present,,,non_compliant,Block Requirements,,,true,0,,2026-08-16
"Block Real Estate Services, LLC",69fdf76e62446148bd8573f8,69fded0e62446148bd848baa,Auction Merchandise of KC,69fdf061bf1df2fe969263d0,"kci286 - Platte Valley Industrial Center 6 {Platte Valley Investment, LLC}",evidenceOfInsurance,Evidence of Insurance,6ac20aae-5728-5d57-b364-aeba38527dba,Additional Requirements,3649e9d1-4e09-59bf-8f30-cb33c40cf117,"Certificate Holder must read: c/o Block Real Estate Services, LLC, 4622 Pennsylvania St., Suite 700, Kansas City, MO, 64112",,matchOnce,must be present,,,non_compliant,Block Requirements,,,true,0,,2026-08-16
"Block Real Estate Services, LLC",69fdf76e62446148bd8573f9,69fded1062446148bd848c1c,Brown & Root Industrial Services LLC,69fdf061bf1df2fe969263d0,"kci286 - Platte Valley Industrial Center 6 {Platte Valley Investment, LLC}",evidenceOfInsurance,Evidence of Insurance,commercialGeneralLiability,Commercial General Liability,evidenceOfInsuranceCommercialGeneralLiabilityCoverageTriggerOccurrence,Coverage Trigger: Occurrence,,matchOnce,must be present,,,non_compliant,Block Requirements,,,false,0,,2026-08-16
"Block Real Estate Services, LLC",69fdf76e62446148bd8573f9,69fded1062446148bd848c1c,Brown & Root Industrial Services LLC,69fdf061bf1df2fe969263d0,"kci286 - Platte Valley Industrial Center 6 {Platte Valley Investment, LLC}",evidenceOfInsurance,Evidence of Insurance,commercialGeneralLiability,Commercial General Liability,evidenceOfInsuranceCommercialGeneralLiabilityGeneralAggregateLimitAppliesPerLocation,General Aggregate Limit Applies per: Location,,matchOnce,must be present,,,non_compliant,Block Requirements,,,false,0,,2026-08-16
"Block Real Estate Services, LLC",69fdf76e62446148bd8573f9,69fded1062446148bd848c1c,Brown & Root Industrial Services LLC,69fdf061bf1df2fe969263d0,"kci286 - Platte Valley Industrial Center 6 {Platte Valley Investment, LLC}",evidenceOfInsurance,Evidence of Insurance,commercialGeneralLiability,Commercial General Liability,evidenceOfInsuranceCommercialGeneralLiabilityEachOccurrence,Each Occurrence,,matchOnce,must be greater or equal to,1000000,,non_compliant,Block Requirements,,,false,0,,2026-08-16
"Block Real Estate Services, LLC",69fdf76e62446148bd8573f9,69fded1062446148bd848c1c,Brown & Root Industrial Services LLC,69fdf061bf1df2fe969263d0,"kci286 - Platte Valley Industrial Center 6 {Platte Valley Investment, LLC}",evidenceOfInsurance,Evidence of Insurance,commercialGeneralLiability,Commercial General Liability,evidenceOfInsuranceCommercialGeneralLiabilityGeneralAggregate,General Aggregate,,matchOnce,must be greater or equal to,2000000,,non_compliant,Block Requirements,,,false,0,,2026-08-16
"Block Real Estate Services, LLC",69fdf76e62446148bd8573f9,69fded1062446148bd848c1c,Brown & Root Industrial Services LLC,69fdf061bf1df2fe969263d0,"kci286 - Platte Valley Industrial Center 6 {Platte Valley Investment, LLC}",evidenceOfInsurance,Evidence of Insurance,commercialGeneralLiability,Commercial General Liability,evidenceOfInsuranceCommercialGeneralLiabilityWaiverOfSubrogationEndorsement,Waiver of Subrogation,"---prompt---
Determine if the insurer has waived their right of subrogation in favor of the certificate holder under the Commercial General Liability policy. Evidence may include: a checked ""Waiver of Subrogation"" box on the certificate, mention in the Description of Operations section stating ""waiver of subrogation applies"", or reference to form CG 24 04. Look for language like ""subrogation is waived"" or ""per written contract"".",matchOnce,must be present,,,non_compliant,Block Requirements,,,false,0,,2026-08-16
"Block Real Estate Services, LLC",69fdf76e62446148bd8573f9,69fded1062446148bd848c1c,Brown & Root Industrial Services LLC,69fdf061bf1df2fe969263d0,"kci286 - Platte Valley Industrial Center 6 {Platte Valley Investment, LLC}",evidenceOfInsurance,Evidence of Insurance,excessOrUmbrellaLiability,Umbrella/Excess Liability,evidenceOfInsuranceExcessOrUmbrellaLiabilityOccurence,Coverage Trigger: Occurrence,,matchOnce,must be present,,,non_compliant,Block Requirements,,,false,0,,2026-08-16
"Block Real Estate Services, LLC",69fdf76e62446148bd8573f9,69fded1062446148bd848c1c,Brown & Root Industrial Services LLC,69fdf061bf1df2fe969263d0,"kci286 - Platte Valley Industrial Center 6 {Platte Valley Investment, LLC}",evidenceOfInsurance,Evidence of Insurance,excessOrUmbrellaLiability,Umbrella/Excess Liability,evidenceOfInsuranceExcessOrUmbrellaLiabilityEachOccurrence,Each Occurrence,,matchOnce,must be greater or equal to,1000000,,non_compliant,Block Requirements,,,false,0,,2026-08-16
"Block Real Estate Services, LLC",69fdf76e62446148bd8573f9,69fded1062446148bd848c1c,Brown & Root Industrial Services LLC,69fdf061bf1df2fe969263d0,"kci286 - Platte Valley Industrial Center 6 {Platte Valley Investment, LLC}",evidenceOfInsurance,Evidence of Insurance,excessOrUmbrellaLiability,Umbrella/Excess Liability,evidenceOfInsuranceExcessOrUmbrellaLiabilityAggregate,Aggregate,,matchOnce,must be greater or equal to,1000000,,non_compliant,Block Requirements,,,false,0,,2026-08-16
"Block Real Estate Services, LLC",69fdf76e62446148bd8573f9,69fded1062446148bd848c1c,Brown & Root Industrial Services LLC,69fdf061bf1df2fe969263d0,"kci286 - Platte Valley Industrial Center 6 {Platte Valley Investment, LLC}",evidenceOfInsurance,Evidence of Insurance,workersCompensation,Workers' Compensation and Employer's Liability,evidenceOfInsuranceWorkersCompensationStatutoryLimits,Statutory Limits,,matchOnce,must be present,,,non_compliant,Block Requirements,,,false,0,,2026-08-16
"Block Real Estate Services, LLC",69fdf76e62446148bd8573f9,69fded1062446148bd848c1c,Brown & Root Industrial Services LLC,69fdf061bf1df2fe969263d0,"kci286 - Platte Valley Industrial Center 6 {Platte Valley Investment, LLC}",evidenceOfInsurance,Evidence of Insurance,workersCompensation,Workers' Compensation and Employer's Liability,evidenceOfInsuranceWorkersCompensationEmployersLiabilityEachAccident,Employer's Liability Each Accident,,matchOnce,must be greater or equal to,500000,,non_compliant,Block Requirements,,,false,0,,2026-08-16
"Block Real Estate Services, LLC",69fdf76e62446148bd8573f9,69fded1062446148bd848c1c,Brown & Root Industrial Services LLC,69fdf061bf1df2fe969263d0,"kci286 - Platte Valley Industrial Center 6 {Platte Valley Investment, LLC}",evidenceOfInsurance,Evidence of Insurance,workersCompensation,Workers' Compensation and Employer's Liability,evidenceOfInsuranceWorkersCompensationEmployersLiabilityDiseaseEachEmployee,Employer's Liability Disease - each employee,,matchOnce,must be greater or equal to,500000,,non_compliant,Block Requirements,,,false,0,,2026-08-16
"Block Real Estate Services, LLC",69fdf76e62446148bd8573f9,69fded1062446148bd848c1c,Brown & Root Industrial Services LLC,69fdf061bf1df2fe969263d0,"kci286 - Platte Valley Industrial Center 6 {Platte Valley Investment, LLC}",evidenceOfInsurance,Evidence of Insurance,workersCompensation,Workers' Compensation and Employer's Liability,evidenceOfInsuranceWorkersCompensationEmployersLiabilityDiseasePolicyLimit,Employer's Liability Disease - policy limit,,matchOnce,must be greater or equal to,500000,,non_compliant,Block Requirements,,,false,0,,2026-08-16
"Block Real Estate Services, LLC",69fdf76e62446148bd8573f9,69fded1062446148bd848c1c,Brown & Root Industrial Services LLC,69fdf061bf1df2fe969263d0,"kci286 - Platte Valley Industrial Center 6 {Platte Valley Investment, LLC}",evidenceOfInsurance,Evidence of Insurance,workersCompensation,Workers' Compensation and Employer's Liability,evidenceOfInsuranceWorkersCompensationWaiverOfSubrogationEndorsement,Waiver of Subrogation,"---prompt---
Determine if the insurer has waived their right of subrogation in favor of the certificate holder under the Workers' Compensation policy. Evidence may include: a checked ""Waiver of Subrogation"" box on the certificate, mention in the Description of Operations section stating ""waiver of subrogation applies"", or reference to form WC 00 03 13. Look for language like ""subrogation is waived"" or ""per written contract"".",matchOnce,must be present,,,non_compliant,Block Requirements,,,false,0,,2026-08-16
"Block Real Estate Services, LLC",69fdf76e62446148bd8573f9,69fded1062446148bd848c1c,Brown & Root Industrial Services LLC,69fdf061bf1df2fe969263d0,"kci286 - Platte Valley Industrial Center 6 {Platte Valley Investment, LLC}",evidenceOfInsurance,Evidence of Insurance,6ac20aae-5728-5d57-b364-aeba38527dba,Additional Requirements,4da5b0f1-4c9d-5885-8cf8-5d3cccaed3e0,"Block Real Estate Services, LLC and all others required by contract are named as Additional Insureds","---prompt---
Determine if the Description of Operations or the Additional Remarks Schedule section states the ""Additional Insured as Construction Management, Inc. and all others required by contract"" or reference to blanket additional insured coverage. Look for language like ""certificate holder is additional insured"" or ""per written contract"".",matchOnce,must be present,,,non_compliant,Block Requirements,,,true,0,,2026-08-16
"Block Real Estate Services, LLC",69fdf76e62446148bd8573f9,69fded1062446148bd848c1c,Brown & Root Industrial Services LLC,69fdf061bf1df2fe969263d0,"kci286 - Platte Valley Industrial Center 6 {Platte Valley Investment, LLC}",evidenceOfInsurance,Evidence of Insurance,6ac20aae-5728-5d57-b364-aeba38527dba,Additional Requirements,e1017741-e47e-5f58-97b8-fbc3043e919f,Umbrella follows form over General Liability,"---prompt---
Determine if the Umbrella/Excess Liability policy follows form to the underlying policies. Evidence may include: language in the Description of Operations section stating the umbrella follows form to underlying coverages or an additional page endorsement stating that it follows form. Follow form means the umbrella policy adopts the same terms, conditions, and exclusions as the underlying policies.",matchOnce,must be present,,,non_compliant,Block Requirements,,,true,0,,2026-08-16
"Block Real Estate Services, LLC",69fdf76e62446148bd8573f9,69fded1062446148bd848c1c,Brown & Root Industrial Services LLC,69fdf061bf1df2fe969263d0,"kci286 - Platte Valley Industrial Center 6 {Platte Valley Investment, LLC}",evidenceOfInsurance,Evidence of Insurance,6ac20aae-5728-5d57-b364-aeba38527dba,Additional Requirements,2cdd866f-c9a4-576a-afd8-1d045762790c,"The location must be listed as: 110 NW Parkway Drive, Riverside, MO, 64150",,matchOnce,must be present,,,non_compliant,Block Requirements,,,true,0,,2026-08-16
"Block Real Estate Services, LLC",69fdf76e62446148bd8573f9,69fded1062446148bd848c1c,Brown & Root Industrial Services LLC,69fdf061bf1df2fe969263d0,"kci286 - Platte Valley Industrial Center 6 {Platte Valley Investment, LLC}",evidenceOfInsurance,Evidence of Insurance,6ac20aae-5728-5d57-b364-aeba38527dba,Additional Requirements,3649e9d1-4e09-59bf-8f30-cb33c40cf117,"Certificate Holder must read: c/o Block Real Estate Services, LLC, 4622 Pennsylvania St., Suite 700, Kansas City, MO, 64112",,matchOnce,must be present,,,non_compliant,Block Requirements,,,true,0,,2026-08-16
"Block Real Estate Services, LLC",69fdf79262446148bd859c16,69fded0e62446148bd848bbc,Bachelor Controls Inc,69fdf0e8e45e7dcf5c43943f,"prg808 - Pine Ridge Building G {PERG BUILDINGS, LLC}",evidenceOfInsurance,Evidence of Insurance,commercialGeneralLiability,Commercial General Liability,evidenceOfInsuranceCommercialGeneralLiabilityCoverageTriggerOccurrence,Coverage Trigger: Occurrence,,matchOnce,must be present,,Present,compliant,Block Requirements,,,false,1,,2026-08-16
"Block Real Estate Services, LLC",69fdf79262446148bd859c16,69fded0e62446148bd848bbc,Bachelor Controls Inc,69fdf0e8e45e7dcf5c43943f,"prg808 - Pine Ridge Building G {PERG BUILDINGS, LLC}",evidenceOfInsurance,Evidence of Insurance,commercialGeneralLiability,Commercial General Liability,evidenceOfInsuranceCommercialGeneralLiabilityGeneralAggregateLimitAppliesPerLocation,General Aggregate Limit Applies per: Location,,matchOnce,must be present,,Present,compliant,Block Requirements,,,false,1,,2026-08-16
"Block Real Estate Services, LLC",69fdf79262446148bd859c16,69fded0e62446148bd848bbc,Bachelor Controls Inc,69fdf0e8e45e7dcf5c43943f,"prg808 - Pine Ridge Building G {PERG BUILDINGS, LLC}",evidenceOfInsurance,Evidence of Insurance,commercialGeneralLiability,Commercial General Liability,evidenceOfInsuranceCommercialGeneralLiabilityEachOccurrence,Each Occurrence,,matchOnce,must be greater or equal to,1000000,2000000,compliant,Block Requirements,,,false,1,,2026-08-16
"Block Real Estate Services, LLC",69fdf79262446148bd859c16,69fded0e62446148bd848bbc,Bachelor Controls Inc,69fdf0e8e45e7dcf5c43943f,"prg808 - Pine Ridge Building G {PERG BUILDINGS, LLC}",evidenceOfInsurance,Evidence of Insurance,commercialGeneralLiability,Commercial General Liability,evidenceOfInsuranceCommercialGeneralLiabilityGeneralAggregate,General Aggregate,,matchOnce,must be greater or equal to,2000000,4000000,compliant,Block Requirements,,,false,1,,2026-08-16
"Block Real Estate Services, LLC",69fdf79262446148bd859c16,69fded0e62446148bd848bbc,Bachelor Controls Inc,69fdf0e8e45e7dcf5c43943f,"prg808 - Pine Ridge Building G {PERG BUILDINGS, LLC}",evidenceOfInsurance,Evidence of Insurance,commercialGeneralLiability,Commercial General Liability,evidenceOfInsuranceCommercialGeneralLiabilityWaiverOfSubrogationEndorsement,Waiver of Subrogation,"---prompt---
Determine if the insurer has waived their right of subrogation in favor of the certificate holder under the Commercial General Liability policy. Evidence may include: a checked ""Waiver of Subrogation"" box on the certificate, mention in the Description of Operations section stating ""waiver of subrogation applies"", or reference to form CG 24 04. Look for language like ""subrogation is waived"" or ""per written contract"".",matchOnce,must be present,,Present,compliant,Block Requirements,,,false,1,,2026-08-16
"Block Real Estate Services, LLC",69fdf79262446148bd859c16,69fded0e62446148bd848bbc,Bachelor Controls Inc,69fdf0e8e45e7dcf5c43943f,"prg808 - Pine Ridge Building G {PERG BUILDINGS, LLC}",evidenceOfInsurance,Evidence of Insurance,excessOrUmbrellaLiability,Umbrella/Excess Liability,evidenceOfInsuranceExcessOrUmbrellaLiabilityOccurence,Coverage Trigger: Occurrence,,matchOnce,must be present,,Present,compliant,Block Requirements,,,false,1,,2026-08-16
"Block Real Estate Services, LLC",69fdf79262446148bd859c16,69fded0e62446148bd848bbc,Bachelor Controls Inc,69fdf0e8e45e7dcf5c43943f,"prg808 - Pine Ridge Building G {PERG BUILDINGS, LLC}",evidenceOfInsurance,Evidence of Insurance,excessOrUmbrellaLiability,Umbrella/Excess Liability,evidenceOfInsuranceExcessOrUmbrellaLiabilityEachOccurrence,Each Occurrence,,matchOnce,must be greater or equal to,1000000,15000000,compliant,Block Requirements,,,false,1,,2026-08-16
"Block Real Estate Services, LLC",69fdf79262446148bd859c16,69fded0e62446148bd848bbc,Bachelor Controls Inc,69fdf0e8e45e7dcf5c43943f,"prg808 - Pine Ridge Building G {PERG BUILDINGS, LLC}",evidenceOfInsurance,Evidence of Insurance,excessOrUmbrellaLiability,Umbrella/Excess Liability,evidenceOfInsuranceExcessOrUmbrellaLiabilityAggregate,Aggregate,,matchOnce,must be greater or equal to,1000000,15000000,compliant,Block Requirements,,,false,1,,2026-08-16
"Block Real Estate Services, LLC",69fdf79262446148bd859c16,69fded0e62446148bd848bbc,Bachelor Controls Inc,69fdf0e8e45e7dcf5c43943f,"prg808 - Pine Ridge Building G {PERG BUILDINGS, LLC}",evidenceOfInsurance,Evidence of Insurance,workersCompensation,Workers' Compensation and Employer's Liability,evidenceOfInsuranceWorkersCompensationStatutoryLimits,Statutory Limits,,matchOnce,must be present,,Present,compliant,Block Requirements,,,false,1,,2026-08-16
"Block Real Estate Services, LLC",69fdf79262446148bd859c16,69fded0e62446148bd848bbc,Bachelor Controls Inc,69fdf0e8e45e7dcf5c43943f,"prg808 - Pine Ridge Building G {PERG BUILDINGS, LLC}",evidenceOfInsurance,Evidence of Insurance,workersCompensation,Workers' Compensation and Employer's Liability,evidenceOfInsuranceWorkersCompensationEmployersLiabilityEachAccident,Employer's Liability Each Accident,,matchOnce,must be greater or equal to,500000,1000000,compliant,Block Requirements,,,false,1,,2026-08-16
"Block Real Estate Services, LLC",69fdf79262446148bd859c16,69fded0e62446148bd848bbc,Bachelor Controls Inc,69fdf0e8e45e7dcf5c43943f,"prg808 - Pine Ridge Building G {PERG BUILDINGS, LLC}",evidenceOfInsurance,Evidence of Insurance,workersCompensation,Workers' Compensation and Employer's Liability,evidenceOfInsuranceWorkersCompensationEmployersLiabilityDiseaseEachEmployee,Employer's Liability Disease - each employee,,matchOnce,must be greater or equal to,500000,1000000,compliant,Block Requirements,,,false,1,,2026-08-16
"Block Real Estate Services, LLC",69fdf79262446148bd859c16,69fded0e62446148bd848bbc,Bachelor Controls Inc,69fdf0e8e45e7dcf5c43943f,"prg808 - Pine Ridge Building G {PERG BUILDINGS, LLC}",evidenceOfInsurance,Evidence of Insurance,workersCompensation,Workers' Compensation and Employer's Liability,evidenceOfInsuranceWorkersCompensationEmployersLiabilityDiseasePolicyLimit,Employer's Liability Disease - policy limit,,matchOnce,must be greater or equal to,500000,1000000,compliant,Block Requirements,,,false,1,,2026-08-16
"Block Real Estate Services, LLC",69fdf79262446148bd859c16,69fded0e62446148bd848bbc,Bachelor Controls Inc,69fdf0e8e45e7dcf5c43943f,"prg808 - Pine Ridge Building G {PERG BUILDINGS, LLC}",evidenceOfInsurance,Evidence of Insurance,workersCompensation,Workers' Compensation and Employer's Liability,evidenceOfInsuranceWorkersCompensationWaiverOfSubrogationEndorsement,Waiver of Subrogation,"---prompt---
Determine if the insurer has waived their right of subrogation in favor of the certificate holder under the Workers' Compensation policy. Evidence may include: a checked ""Waiver of Subrogation"" box on the certificate, mention in the Description of Operations section stating ""waiver of subrogation applies"", or reference to form WC 00 03 13. Look for language like ""subrogation is waived"" or ""per written contract"".",matchOnce,must be present,,Present,compliant,Block Requirements,,,false,1,,2026-08-16
"Block Real Estate Services, LLC",69fdf79262446148bd859c16,69fded0e62446148bd848bbc,Bachelor Controls Inc,69fdf0e8e45e7dcf5c43943f,"prg808 - Pine Ridge Building G {PERG BUILDINGS, LLC}",evidenceOfInsurance,Evidence of Insurance,6ac20aae-5728-5d57-b364-aeba38527dba,Additional Requirements,4da5b0f1-4c9d-5885-8cf8-5d3cccaed3e0,"Block Real Estate Services, LLC and all others required by contract are named as Additional Insureds","---prompt---
Determine if the Description of Operations or the Additional Remarks Schedule section states the ""Additional Insured as Construction Management, Inc. and all others required by contract"" or reference to blanket additional insured coverage. Look for language like ""certificate holder is additional insured"" or ""per written contract"".",matchOnce,must be present,,Present,compliant,Block Requirements,,,true,1,,2026-08-16
"Block Real Estate Services, LLC",69fdf79262446148bd859c16,69fded0e62446148bd848bbc,Bachelor Controls Inc,69fdf0e8e45e7dcf5c43943f,"prg808 - Pine Ridge Building G {PERG BUILDINGS, LLC}",evidenceOfInsurance,Evidence of Insurance,6ac20aae-5728-5d57-b364-aeba38527dba,Additional Requirements,e1017741-e47e-5f58-97b8-fbc3043e919f,Umbrella follows form over General Liability,"---prompt---
Determine if the Umbrella/Excess Liability policy follows form to the underlying policies. Evidence may include: language in the Description of Operations section stating the umbrella follows form to underlying coverages or an additional page endorsement stating that it follows form. Follow form means the umbrella policy adopts the same terms, conditions, and exclusions as the underlying policies.",matchOnce,must be present,,Present,compliant,Block Requirements,,,true,1,,2026-08-16
"Block Real Estate Services, LLC",69fdf79262446148bd859c16,69fded0e62446148bd848bbc,Bachelor Controls Inc,69fdf0e8e45e7dcf5c43943f,"prg808 - Pine Ridge Building G {PERG BUILDINGS, LLC}",evidenceOfInsurance,Evidence of Insurance,6ac20aae-5728-5d57-b364-aeba38527dba,Additional Requirements,2cdd866f-c9a4-576a-afd8-1d045762790c,"The location must be listed as: 10415-B, 10417 W. 84th Terrace Lenexa KS 66214",,matchOnce,must be present,,Present,compliant,Block Requirements,,,true,1,,2026-08-16
"Block Real Estate Services, LLC",69fdf79262446148bd859c16,69fded0e62446148bd848bbc,Bachelor Controls Inc,69fdf0e8e45e7dcf5c43943f,"prg808 - Pine Ridge Building G {PERG BUILDINGS, LLC}",evidenceOfInsurance,Evidence of Insurance,6ac20aae-5728-5d57-b364-aeba38527dba,Additional Requirements,3649e9d1-4e09-59bf-8f30-cb33c40cf117,"Certificate Holder must read: c/o Block Real Estate Services, LLC, 4622 Pennsylvania St., Suite 700, Kansas City, MO, 64112",,matchOnce,must be present,,Present,compliant,Block Requirements,,,true,1,,2026-08-16
"Block Real Estate Services, LLC",69fdf79262446148bd859c17,69fded1b62446148bd848fa6,MicroProtein Technologies Inc,69fdf0e8e45e7dcf5c43943f,"prg808 - Pine Ridge Building G {PERG BUILDINGS, LLC}",evidenceOfInsurance,Evidence of Insurance,commercialGeneralLiability,Commercial General Liability,evidenceOfInsuranceCommercialGeneralLiabilityCoverageTriggerOccurrence,Coverage Trigger: Occurrence,,matchOnce,must be present,,Present,compliant,Block Requirements,,,false,1,,2026-08-16
"Block Real Estate Services, LLC",69fdf79262446148bd859c17,69fded1b62446148bd848fa6,MicroProtein Technologies Inc,69fdf0e8e45e7dcf5c43943f,"prg808 - Pine Ridge Building G {PERG BUILDINGS, LLC}",evidenceOfInsurance,Evidence of Insurance,commercialGeneralLiability,Commercial General Liability,evidenceOfInsuranceCommercialGeneralLiabilityGeneralAggregateLimitAppliesPerLocation,General Aggregate Limit Applies per: Location,,matchOnce,must be present,,,non_compliant,Block Requirements,,,false,0,,2026-08-16
"Block Real Estate Services, LLC",69fdf79262446148bd859c17,69fded1b62446148bd848fa6,MicroProtein Technologies Inc,69fdf0e8e45e7dcf5c43943f,"prg808 - Pine Ridge Building G {PERG BUILDINGS, LLC}",evidenceOfInsurance,Evidence of Insurance,commercialGeneralLiability,Commercial General Liability,evidenceOfInsuranceCommercialGeneralLiabilityEachOccurrence,Each Occurrence,,matchOnce,must be greater or equal to,1000000,1000000,compliant,Block Requirements,,,false,1,,2026-08-16
"Block Real Estate Services, LLC",69fdf79262446148bd859c17,69fded1b62446148bd848fa6,MicroProtein Technologies Inc,69fdf0e8e45e7dcf5c43943f,"prg808 - Pine Ridge Building G {PERG BUILDINGS, LLC}",evidenceOfInsurance,Evidence of Insurance,commercialGeneralLiability,Commercial General Liability,evidenceOfInsuranceCommercialGeneralLiabilityGeneralAggregate,General Aggregate,,matchOnce,must be greater or equal to,2000000,2000000,compliant,Block Requirements,,,false,1,,2026-08-16
"Block Real Estate Services, LLC",69fdf79262446148bd859c17,69fded1b62446148bd848fa6,MicroProtein Technologies Inc,69fdf0e8e45e7dcf5c43943f,"prg808 - Pine Ridge Building G {PERG BUILDINGS, LLC}",evidenceOfInsurance,Evidence of Insurance,commercialGeneralLiability,Commercial General Liability,evidenceOfInsuranceCommercialGeneralLiabilityWaiverOfSubrogationEndorsement,Waiver of Subrogation,"---prompt---
Determine if the insurer has waived their right of subrogation in favor of the certificate holder under the Commercial General Liability policy. Evidence may include: a checked ""Waiver of Subrogation"" box on the certificate, mention in the Description of Operations section stating ""waiver of subrogation applies"", or reference to form CG 24 04. Look for language like ""subrogation is waived"" or ""per written contract"".",matchOnce,must be present,,,non_compliant,Block Requirements,,,false,0,,2026-08-16
"Block Real Estate Services, LLC",69fdf79262446148bd859c17,69fded1b62446148bd848fa6,MicroProtein Technologies Inc,69fdf0e8e45e7dcf5c43943f,"prg808 - Pine Ridge Building G {PERG BUILDINGS, LLC}",evidenceOfInsurance,Evidence of Insurance,excessOrUmbrellaLiability,Umbrella/Excess Liability,evidenceOfInsuranceExcessOrUmbrellaLiabilityOccurence,Coverage Trigger: Occurrence,,matchOnce,must be present,,Present,compliant,Block Requirements,,,false,1,,2026-08-16
"Block Real Estate Services, LLC",69fdf79262446148bd859c17,69fded1b62446148bd848fa6,MicroProtein Technologies Inc,69fdf0e8e45e7dcf5c43943f,"prg808 - Pine Ridge Building G {PERG BUILDINGS, LLC}",evidenceOfInsurance,Evidence of Insurance,excessOrUmbrellaLiability,Umbrella/Excess Liability,evidenceOfInsuranceExcessOrUmbrellaLiabilityEachOccurrence,Each Occurrence,,matchOnce,must be greater or equal to,1000000,1000000,compliant,Block Requirements,,,false,1,,2026-08-16
"Block Real Estate Services, LLC",69fdf79262446148bd859c17,69fded1b62446148bd848fa6,MicroProtein Technologies Inc,69fdf0e8e45e7dcf5c43943f,"prg808 - Pine Ridge Building G {PERG BUILDINGS, LLC}",evidenceOfInsurance,Evidence of Insurance,excessOrUmbrellaLiability,Umbrella/Excess Liability,evidenceOfInsuranceExcessOrUmbrellaLiabilityAggregate,Aggregate,,matchOnce,must be greater or equal to,1000000,1000000,compliant,Block Requirements,,,false,1,,2026-08-16
"Block Real Estate Services, LLC",69fdf79262446148bd859c17,69fded1b62446148bd848fa6,MicroProtein Technologies Inc,69fdf0e8e45e7dcf5c43943f,"prg808 - Pine Ridge Building G {PERG BUILDINGS, LLC}",evidenceOfInsurance,Evidence of Insurance,workersCompensation,Workers' Compensation and Employer's Liability,evidenceOfInsuranceWorkersCompensationStatutoryLimits,Statutory Limits,,matchOnce,must be present,,Present,compliant,Block Requirements,,,false,2,,2026-08-16
"Block Real Estate Services, LLC",69fdf79262446148bd859c17,69fded1b62446148bd848fa6,MicroProtein Technologies Inc,69fdf0e8e45e7dcf5c43943f,"prg808 - Pine Ridge Building G {PERG BUILDINGS, LLC}",evidenceOfInsurance,Evidence of Insurance,workersCompensation,Workers' Compensation and Employer's Liability,evidenceOfInsuranceWorkersCompensationEmployersLiabilityEachAccident,Employer's Liability Each Accident,,matchOnce,must be greater or equal to,500000,500000,compliant,Block Requirements,,,false,2,,2026-08-16
"Block Real Estate Services, LLC",69fdf79262446148bd859c17,69fded1b62446148bd848fa6,MicroProtein Technologies Inc,69fdf0e8e45e7dcf5c43943f,"prg808 - Pine Ridge Building G {PERG BUILDINGS, LLC}",evidenceOfInsurance,Evidence of Insurance,workersCompensation,Workers' Compensation and Employer's Liability,evidenceOfInsuranceWorkersCompensationEmployersLiabilityDiseaseEachEmployee,Employer's Liability Disease - each employee,,matchOnce,must be greater or equal to,500000,500000,compliant,Block Requirements,,,false,2,,2026-08-16
"Block Real Estate Services, LLC",69fdf79262446148bd859c17,69fded1b62446148bd848fa6,MicroProtein Technologies Inc,69fdf0e8e45e7dcf5c43943f,"prg808 - Pine Ridge Building G {PERG BUILDINGS, LLC}",evidenceOfInsurance,Evidence of Insurance,workersCompensation,Workers' Compensation and Employer's Liability,evidenceOfInsuranceWorkersCompensationEmployersLiabilityDiseasePolicyLimit,Employer's Liability Disease - policy limit,,matchOnce,must be greater or equal to,500000,500000,compliant,Block Requirements,,,false,2,,2026-08-16
"Block Real Estate Services, LLC",69fdf79262446148bd859c17,69fded1b62446148bd848fa6,MicroProtein Technologies Inc,69fdf0e8e45e7dcf5c43943f,"prg808 - Pine Ridge Building G {PERG BUILDINGS, LLC}",evidenceOfInsurance,Evidence of Insurance,workersCompensation,Workers' Compensation and Employer's Liability,evidenceOfInsuranceWorkersCompensationWaiverOfSubrogationEndorsement,Waiver of Subrogation,"---prompt---
Determine if the insurer has waived their right of subrogation in favor of the certificate holder under the Workers' Compensation policy. Evidence may include: a checked ""Waiver of Subrogation"" box on the certificate, mention in the Description of Operations section stating ""waiver of subrogation applies"", or reference to form WC 00 03 13. Look for language like ""subrogation is waived"" or ""per written contract"".",matchOnce,must be present,,,non_compliant,Block Requirements,,,false,0,,2026-08-16
"Block Real Estate Services, LLC",69fdf79262446148bd859c17,69fded1b62446148bd848fa6,MicroProtein Technologies Inc,69fdf0e8e45e7dcf5c43943f,"prg808 - Pine Ridge Building G {PERG BUILDINGS, LLC}",evidenceOfInsurance,Evidence of Insurance,6ac20aae-5728-5d57-b364-aeba38527dba,Additional Requirements,4da5b0f1-4c9d-5885-8cf8-5d3cccaed3e0,"Block Real Estate Services, LLC and all others required by contract are named as Additional Insureds","---prompt---
Determine if the Description of Operations or the Additional Remarks Schedule section states the ""Additional Insured as Construction Management, Inc. and all others required by contract"" or reference to blanket additional insured coverage. Look for language like ""certificate holder is additional insured"" or ""per written contract"".",matchOnce,must be present,,,non_compliant,Block Requirements,,,true,0,,2026-08-16
"Block Real Estate Services, LLC",69fdf79262446148bd859c17,69fded1b62446148bd848fa6,MicroProtein Technologies Inc,69fdf0e8e45e7dcf5c43943f,"prg808 - Pine Ridge Building G {PERG BUILDINGS, LLC}",evidenceOfInsurance,Evidence of Insurance,6ac20aae-5728-5d57-b364-aeba38527dba,Additional Requirements,e1017741-e47e-5f58-97b8-fbc3043e919f,Umbrella follows form over General Liability,"---prompt---
Determine if the Umbrella/Excess Liability policy follows form to the underlying policies. Evidence may include: language in the Description of Operations section stating the umbrella follows form to underlying coverages or an additional page endorsement stating that it follows form. Follow form means the umbrella policy adopts the same terms, conditions, and exclusions as the underlying policies.",matchOnce,must be present,,,non_compliant,Block Requirements,,,true,0,,2026-08-16
"Block Real Estate Services, LLC",69fdf79262446148bd859c17,69fded1b62446148bd848fa6,MicroProtein Technologies Inc,69fdf0e8e45e7dcf5c43943f,"prg808 - Pine Ridge Building G {PERG BUILDINGS, LLC}",evidenceOfInsurance,Evidence of Insurance,6ac20aae-5728-5d57-b364-aeba38527dba,Additional Requirements,2cdd866f-c9a4-576a-afd8-1d045762790c,"The location must be listed as: 10405, 10407 W. 84th Terrace Lenexa KS 66214",,matchOnce,must be present,,,non_compliant,Block Requirements,,,true,0,,2026-08-16
"Block Real Estate Services, LLC",69fdf79262446148bd859c17,69fded1b62446148bd848fa6,MicroProtein Technologies Inc,69fdf0e8e45e7dcf5c43943f,"prg808 - Pine Ridge Building G {PERG BUILDINGS, LLC}",evidenceOfInsurance,Evidence of Insurance,6ac20aae-5728-5d57-b364-aeba38527dba,Additional Requirements,3649e9d1-4e09-59bf-8f30-cb33c40cf117,"Certificate Holder must read: c/o Block Real Estate Services, LLC, 4622 Pennsylvania St., Suite 700, Kansas City, MO, 64112",,matchOnce,must be present,,,non_compliant,Block Requirements,,,true,0,,2026-08-16
"Block Real Estate Services, LLC",69fdf79262446148bd859c19,69fded2162446148bd84919b,"SRS Commercial AVL, LLC (fka Stark Raving Solutions, LLC)",69fdf0e8e45e7dcf5c43943f,"prg808 - Pine Ridge Building G {PERG BUILDINGS, LLC}",evidenceOfInsurance,Evidence of Insurance,commercialGeneralLiability,Commercial General Liability,evidenceOfInsuranceCommercialGeneralLiabilityCoverageTriggerOccurrence,Coverage Trigger: Occurrence,,matchOnce,must be present,,,non_compliant,Block Requirements,,,false,0,,2026-08-16
"Block Real Estate Services, LLC",69fdf79262446148bd859c19,69fded2162446148bd84919b,"SRS Commercial AVL, LLC (fka Stark Raving Solutions, LLC)",69fdf0e8e45e7dcf5c43943f,"prg808 - Pine Ridge Building G {PERG BUILDINGS, LLC}",evidenceOfInsurance,Evidence of Insurance,commercialGeneralLiability,Commercial General Liability,evidenceOfInsuranceCommercialGeneralLiabilityGeneralAggregateLimitAppliesPerLocation,General Aggregate Limit Applies per: Location,,matchOnce,must be present,,,non_compliant,Block Requirements,,,false,0,,2026-08-16
"Block Real Estate Services, LLC",69fdf79262446148bd859c19,69fded2162446148bd84919b,"SRS Commercial AVL, LLC (fka Stark Raving Solutions, LLC)",69fdf0e8e45e7dcf5c43943f,"prg808 - Pine Ridge Building G {PERG BUILDINGS, LLC}",evidenceOfInsurance,Evidence of Insurance,commercialGeneralLiability,Commercial General Liability,evidenceOfInsuranceCommercialGeneralLiabilityEachOccurrence,Each Occurrence,,matchOnce,must be greater or equal to,1000000,,non_compliant,Block Requirements,,,false,0,,2026-08-16
"Block Real Estate Services, LLC",69fdf79262446148bd859c19,69fded2162446148bd84919b,"SRS Commercial AVL, LLC (fka Stark Raving Solutions, LLC)",69fdf0e8e45e7dcf5c43943f,"prg808 - Pine Ridge Building G {PERG BUILDINGS, LLC}",evidenceOfInsurance,Evidence of Insurance,commercialGeneralLiability,Commercial General Liability,evidenceOfInsuranceCommercialGeneralLiabilityGeneralAggregate,General Aggregate,,matchOnce,must be greater or equal to,2000000,,non_compliant,Block Requirements,,,false,0,,2026-08-16
"Block Real Estate Services, LLC",69fdf79262446148bd859c19,69fded2162446148bd84919b,"SRS Commercial AVL, LLC (fka Stark Raving Solutions, LLC)",69fdf0e8e45e7dcf5c43943f,"prg808 - Pine Ridge Building G {PERG BUILDINGS, LLC}",evidenceOfInsurance,Evidence of Insurance,commercialGeneralLiability,Commercial General Liability,evidenceOfInsuranceCommercialGeneralLiabilityWaiverOfSubrogationEndorsement,Waiver of Subrogation,"---prompt---
Determine if the insurer has waived their right of subrogation in favor of the certificate holder under the Commercial General Liability policy. Evidence may include: a checked ""Waiver of Subrogation"" box on the certificate, mention in the Description of Operations section stating ""waiver of subrogation applies"", or reference to form CG 24 04. Look for language like ""subrogation is waived"" or ""per written contract"".",matchOnce,must be present,,,non_compliant,Block Requirements,,,false,0,,2026-08-16
"Block Real Estate Services, LLC",69fdf79262446148bd859c19,69fded2162446148bd84919b,"SRS Commercial AVL, LLC (fka Stark Raving Solutions, LLC)",69fdf0e8e45e7dcf5c43943f,"prg808 - Pine Ridge Building G {PERG BUILDINGS, LLC}",evidenceOfInsurance,Evidence of Insurance,excessOrUmbrellaLiability,Umbrella/Excess Liability,evidenceOfInsuranceExcessOrUmbrellaLiabilityOccurence,Coverage Trigger: Occurrence,,matchOnce,must be present,,,non_compliant,Block Requirements,,,false,0,,2026-08-16
"Block Real Estate Services, LLC",69fdf79262446148bd859c19,69fded2162446148bd84919b,"SRS Commercial AVL, LLC (fka Stark Raving Solutions, LLC)",69fdf0e8e45e7dcf5c43943f,"prg808 - Pine Ridge Building G {PERG BUILDINGS, LLC}",evidenceOfInsurance,Evidence of Insurance,excessOrUmbrellaLiability,Umbrella/Excess Liability,evidenceOfInsuranceExcessOrUmbrellaLiabilityEachOccurrence,Each Occurrence,,matchOnce,must be greater or equal to,1000000,,non_compliant,Block Requirements,,,false,0,,2026-08-16
"Block Real Estate Services, LLC",69fdf79262446148bd859c19,69fded2162446148bd84919b,"SRS Commercial AVL, LLC (fka Stark Raving Solutions, LLC)",69fdf0e8e45e7dcf5c43943f,"prg808 - Pine Ridge Building G {PERG BUILDINGS, LLC}",evidenceOfInsurance,Evidence of Insurance,excessOrUmbrellaLiability,Umbrella/Excess Liability,evidenceOfInsuranceExcessOrUmbrellaLiabilityAggregate,Aggregate,,matchOnce,must be greater or equal to,1000000,,non_compliant,Block Requirements,,,false,0,,2026-08-16
"Block Real Estate Services, LLC",69fdf79262446148bd859c19,69fded2162446148bd84919b,"SRS Commercial AVL, LLC (fka Stark Raving Solutions, LLC)",69fdf0e8e45e7dcf5c43943f,"prg808 - Pine Ridge Building G {PERG BUILDINGS, LLC}",evidenceOfInsurance,Evidence of Insurance,workersCompensation,Workers' Compensation and Employer's Liability,evidenceOfInsuranceWorkersCompensationStatutoryLimits,Statutory Limits,,matchOnce,must be present,,,non_compliant,Block Requirements,,,false,0,,2026-08-16
"Block Real Estate Services, LLC",69fdf79262446148bd859c19,69fded2162446148bd84919b,"SRS Commercial AVL, LLC (fka Stark Raving Solutions, LLC)",69fdf0e8e45e7dcf5c43943f,"prg808 - Pine Ridge Building G {PERG BUILDINGS, LLC}",evidenceOfInsurance,Evidence of Insurance,workersCompensation,Workers' Compensation and Employer's Liability,evidenceOfInsuranceWorkersCompensationEmployersLiabilityEachAccident,Employer's Liability Each Accident,,matchOnce,must be greater or equal to,500000,,non_compliant,Block Requirements,,,false,0,,2026-08-16
"Block Real Estate Services, LLC",69fdf79262446148bd859c19,69fded2162446148bd84919b,"SRS Commercial AVL, LLC (fka Stark Raving Solutions, LLC)",69fdf0e8e45e7dcf5c43943f,"prg808 - Pine Ridge Building G {PERG BUILDINGS, LLC}",evidenceOfInsurance,Evidence of Insurance,workersCompensation,Workers' Compensation and Employer's Liability,evidenceOfInsuranceWorkersCompensationEmployersLiabilityDiseaseEachEmployee,Employer's Liability Disease - each employee,,matchOnce,must be greater or equal to,500000,,non_compliant,Block Requirements,,,false,0,,2026-08-16
"Block Real Estate Services, LLC",69fdf79262446148bd859c19,69fded2162446148bd84919b,"SRS Commercial AVL, LLC (fka Stark Raving Solutions, LLC)",69fdf0e8e45e7dcf5c43943f,"prg808 - Pine Ridge Building G {PERG BUILDINGS, LLC}",evidenceOfInsurance,Evidence of Insurance,workersCompensation,Workers' Compensation and Employer's Liability,evidenceOfInsuranceWorkersCompensationEmployersLiabilityDiseasePolicyLimit,Employer's Liability Disease - policy limit,,matchOnce,must be greater or equal to,500000,,non_compliant,Block Requirements,,,false,0,,2026-08-16
"Block Real Estate Services, LLC",69fdf79262446148bd859c19,69fded2162446148bd84919b,"SRS Commercial AVL, LLC (fka Stark Raving Solutions, LLC)",69fdf0e8e45e7dcf5c43943f,"prg808 - Pine Ridge Building G {PERG BUILDINGS, LLC}",evidenceOfInsurance,Evidence of Insurance,workersCompensation,Workers' Compensation and Employer's Liability,evidenceOfInsuranceWorkersCompensationWaiverOfSubrogationEndorsement,Waiver of Subrogation,"---prompt---
Determine if the insurer has waived their right of subrogation in favor of the certificate holder under the Workers' Compensation policy. Evidence may include: a checked ""Waiver of Subrogation"" box on the certificate, mention in the Description of Operations section stating ""waiver of subrogation applies"", or reference to form WC 00 03 13. Look for language like ""subrogation is waived"" or ""per written contract"".",matchOnce,must be present,,,non_compliant,Block Requirements,,,false,0,,2026-08-16
"Block Real Estate Services, LLC",69fdf79262446148bd859c19,69fded2162446148bd84919b,"SRS Commercial AVL, LLC (fka Stark Raving Solutions, LLC)",69fdf0e8e45e7dcf5c43943f,"prg808 - Pine Ridge Building G {PERG BUILDINGS, LLC}",evidenceOfInsurance,Evidence of Insurance,6ac20aae-5728-5d57-b364-aeba38527dba,Additional Requirements,4da5b0f1-4c9d-5885-8cf8-5d3cccaed3e0,"Block Real Estate Services, LLC and all others required by contract are named as Additional Insureds","---prompt---
Determine if the Description of Operations or the Additional Remarks Schedule section states the ""Additional Insured as Construction Management, Inc. and all others required by contract"" or reference to blanket additional insured coverage. Look for language like ""certificate holder is additional insured"" or ""per written contract"".",matchOnce,must be present,,,non_compliant,Block Requirements,,,true,0,,2026-08-16
"Block Real Estate Services, LLC",69fdf79262446148bd859c19,69fded2162446148bd84919b,"SRS Commercial AVL, LLC (fka Stark Raving Solutions, LLC)",69fdf0e8e45e7dcf5c43943f,"prg808 - Pine Ridge Building G {PERG BUILDINGS, LLC}",evidenceOfInsurance,Evidence of Insurance,6ac20aae-5728-5d57-b364-aeba38527dba,Additional Requirements,e1017741-e47e-5f58-97b8-fbc3043e919f,Umbrella follows form over General Liability,"---prompt---
Determine if the Umbrella/Excess Liability policy follows form to the underlying policies. Evidence may include: language in the Description of Operations section stating the umbrella follows form to underlying coverages or an additional page endorsement stating that it follows form. Follow form means the umbrella policy adopts the same terms, conditions, and exclusions as the underlying policies.",matchOnce,must be present,,,non_compliant,Block Requirements,,,true,0,,2026-08-16
"Block Real Estate Services, LLC",69fdf79262446148bd859c19,69fded2162446148bd84919b,"SRS Commercial AVL, LLC (fka Stark Raving Solutions, LLC)",69fdf0e8e45e7dcf5c43943f,"prg808 - Pine Ridge Building G {PERG BUILDINGS, LLC}",evidenceOfInsurance,Evidence of Insurance,6ac20aae-5728-5d57-b364-aeba38527dba,Additional Requirements,2cdd866f-c9a4-576a-afd8-1d045762790c,"The location must be listed as: 10411-B, 10413, 10415-A W. 84th Terrace Lenexa KS 66214",,matchOnce,must be present,,,non_compliant,Block Requirements,,,true,0,,2026-08-16
"Block Real Estate Services, LLC",69fdf79262446148bd859c19,69fded2162446148bd84919b,"SRS Commercial AVL, LLC (fka Stark Raving Solutions, LLC)",69fdf0e8e45e7dcf5c43943f,"prg808 - Pine Ridge Building G {PERG BUILDINGS, LLC}",evidenceOfInsurance,Evidence of Insurance,6ac20aae-5728-5d57-b364-aeba38527dba,Additional Requirements,3649e9d1-4e09-59bf-8f30-cb33c40cf117,"Certificate Holder must read: c/o Block Real Estate Services, LLC, 4622 Pennsylvania St., Suite 700, Kansas City, MO, 64112",,matchOnce,must be present,,,non_compliant,Block Requirements,,,true,0,,2026-08-16
"Block Real Estate Services, LLC",69fdf79262446148bd859c18,69fded1d62446148bd849078,"PERG Buildings, LLC",69fdf0e8e45e7dcf5c43943f,"prg808 - Pine Ridge Building G {PERG BUILDINGS, LLC}",evidenceOfInsurance,Evidence of Insurance,commercialGeneralLiability,Commercial General Liability,evidenceOfInsuranceCommercialGeneralLiabilityCoverageTriggerOccurrence,Coverage Trigger: Occurrence,,matchOnce,must be present,,,non_compliant,Block Requirements,,,false,0,,2026-08-16
"Block Real Estate Services, LLC",69fdf79262446148bd859c18,69fded1d62446148bd849078,"PERG Buildings, LLC",69fdf0e8e45e7dcf5c43943f,"prg808 - Pine Ridge Building G {PERG BUILDINGS, LLC}",evidenceOfInsurance,Evidence of Insurance,commercialGeneralLiability,Commercial General Liability,evidenceOfInsuranceCommercialGeneralLiabilityGeneralAggregateLimitAppliesPerLocation,General Aggregate Limit Applies per: Location,,matchOnce,must be present,,,non_compliant,Block Requirements,,,false,0,,2026-08-16
"Block Real Estate Services, LLC",69fdf79262446148bd859c18,69fded1d62446148bd849078,"PERG Buildings, LLC",69fdf0e8e45e7dcf5c43943f,"prg808 - Pine Ridge Building G {PERG BUILDINGS, LLC}",evidenceOfInsurance,Evidence of Insurance,commercialGeneralLiability,Commercial General Liability,evidenceOfInsuranceCommercialGeneralLiabilityEachOccurrence,Each Occurrence,,matchOnce,must be greater or equal to,1000000,,non_compliant,Block Requirements,,,false,0,,2026-08-16
"Block Real Estate Services, LLC",69fdf79262446148bd859c18,69fded1d62446148bd849078,"PERG Buildings, LLC",69fdf0e8e45e7dcf5c43943f,"prg808 - Pine Ridge Building G {PERG BUILDINGS, LLC}",evidenceOfInsurance,Evidence of Insurance,commercialGeneralLiability,Commercial General Liability,evidenceOfInsuranceCommercialGeneralLiabilityGeneralAggregate,General Aggregate,,matchOnce,must be greater or equal to,2000000,,non_compliant,Block Requirements,,,false,0,,2026-08-16
"Block Real Estate Services, LLC",69fdf79262446148bd859c18,69fded1d62446148bd849078,"PERG Buildings, LLC",69fdf0e8e45e7dcf5c43943f,"prg808 - Pine Ridge Building G {PERG BUILDINGS, LLC}",evidenceOfInsurance,Evidence of Insurance,commercialGeneralLiability,Commercial General Liability,evidenceOfInsuranceCommercialGeneralLiabilityWaiverOfSubrogationEndorsement,Waiver of Subrogation,"---prompt---
Determine if the insurer has waived their right of subrogation in favor of the certificate holder under the Commercial General Liability policy. Evidence may include: a checked ""Waiver of Subrogation"" box on the certificate, mention in the Description of Operations section stating ""waiver of subrogation applies"", or reference to form CG 24 04. Look for language like ""subrogation is waived"" or ""per written contract"".",matchOnce,must be present,,,non_compliant,Block Requirements,,,false,0,,2026-08-16
"Block Real Estate Services, LLC",69fdf79262446148bd859c18,69fded1d62446148bd849078,"PERG Buildings, LLC",69fdf0e8e45e7dcf5c43943f,"prg808 - Pine Ridge Building G {PERG BUILDINGS, LLC}",evidenceOfInsurance,Evidence of Insurance,excessOrUmbrellaLiability,Umbrella/Excess Liability,evidenceOfInsuranceExcessOrUmbrellaLiabilityOccurence,Coverage Trigger: Occurrence,,matchOnce,must be present,,,non_compliant,Block Requirements,,,false,0,,2026-08-16
"Block Real Estate Services, LLC",69fdf79262446148bd859c18,69fded1d62446148bd849078,"PERG Buildings, LLC",69fdf0e8e45e7dcf5c43943f,"prg808 - Pine Ridge Building G {PERG BUILDINGS, LLC}",evidenceOfInsurance,Evidence of Insurance,excessOrUmbrellaLiability,Umbrella/Excess Liability,evidenceOfInsuranceExcessOrUmbrellaLiabilityEachOccurrence,Each Occurrence,,matchOnce,must be greater or equal to,1000000,,non_compliant,Block Requirements,,,false,0,,2026-08-16
"Block Real Estate Services, LLC",69fdf79262446148bd859c18,69fded1d62446148bd849078,"PERG Buildings, LLC",69fdf0e8e45e7dcf5c43943f,"prg808 - Pine Ridge Building G {PERG BUILDINGS, LLC}",evidenceOfInsurance,Evidence of Insurance,excessOrUmbrellaLiability,Umbrella/Excess Liability,evidenceOfInsuranceExcessOrUmbrellaLiabilityAggregate,Aggregate,,matchOnce,must be greater or equal to,1000000,,non_compliant,Block Requirements,,,false,0,,2026-08-16
"Block Real Estate Services, LLC",69fdf79262446148bd859c18,69fded1d62446148bd849078,"PERG Buildings, LLC",69fdf0e8e45e7dcf5c43943f,"prg808 - Pine Ridge Building G {PERG BUILDINGS, LLC}",evidenceOfInsurance,Evidence of Insurance,workersCompensation,Workers' Compensation and Employer's Liability,evidenceOfInsuranceWorkersCompensationStatutoryLimits,Statutory Limits,,matchOnce,must be present,,,non_compliant,Block Requirements,,,false,0,,2026-08-16
"Block Real Estate Services, LLC",69fdf79262446148bd859c18,69fded1d62446148bd849078,"PERG Buildings, LLC",69fdf0e8e45e7dcf5c43943f,"prg808 - Pine Ridge Building G {PERG BUILDINGS, LLC}",evidenceOfInsurance,Evidence of Insurance,workersCompensation,Workers' Compensation and Employer's Liability,evidenceOfInsuranceWorkersCompensationEmployersLiabilityEachAccident,Employer's Liability Each Accident,,matchOnce,must be greater or equal to,500000,,non_compliant,Block Requirements,,,false,0,,2026-08-16
"Block Real Estate Services, LLC",69fdf79262446148bd859c18,69fded1d62446148bd849078,"PERG Buildings, LLC",69fdf0e8e45e7dcf5c43943f,"prg808 - Pine Ridge Building G {PERG BUILDINGS, LLC}",evidenceOfInsurance,Evidence of Insurance,workersCompensation,Workers' Compensation and Employer's Liability,evidenceOfInsuranceWorkersCompensationEmployersLiabilityDiseaseEachEmployee,Employer's Liability Disease - each employee,,matchOnce,must be greater or equal to,500000,,non_compliant,Block Requirements,,,false,0,,2026-08-16
"Block Real Estate Services, LLC",69fdf79262446148bd859c18,69fded1d62446148bd849078,"PERG Buildings, LLC",69fdf0e8e45e7dcf5c43943f,"prg808 - Pine Ridge Building G {PERG BUILDINGS, LLC}",evidenceOfInsurance,Evidence of Insurance,workersCompensation,Workers' Compensation and Employer's Liability,evidenceOfInsuranceWorkersCompensationEmployersLiabilityDiseasePolicyLimit,Employer's Liability Disease - policy limit,,matchOnce,must be greater or equal to,500000,,non_compliant,Block Requirements,,,false,0,,2026-08-16
"Block Real Estate Services, LLC",69fdf79262446148bd859c18,69fded1d62446148bd849078,"PERG Buildings, LLC",69fdf0e8e45e7dcf5c43943f,"prg808 - Pine Ridge Building G {PERG BUILDINGS, LLC}",evidenceOfInsurance,Evidence of Insurance,workersCompensation,Workers' Compensation and Employer's Liability,evidenceOfInsuranceWorkersCompensationWaiverOfSubrogationEndorsement,Waiver of Subrogation,"---prompt---
Determine if the insurer has waived their right of subrogation in favor of the certificate holder under the Workers' Compensation policy. Evidence may include: a checked ""Waiver of Subrogation"" box on the certificate, mention in the Description of Operations section stating ""waiver of subrogation applies"", or reference to form WC 00 03 13. Look for language like ""subrogation is waived"" or ""per written contract"".",matchOnce,must be present,,,non_compliant,Block Requirements,,,false,0,,2026-08-16
"Block Real Estate Services, LLC",69fdf79262446148bd859c18,69fded1d62446148bd849078,"PERG Buildings, LLC",69fdf0e8e45e7dcf5c43943f,"prg808 - Pine Ridge Building G {PERG BUILDINGS, LLC}",evidenceOfInsurance,Evidence of Insurance,6ac20aae-5728-5d57-b364-aeba38527dba,Additional Requirements,4da5b0f1-4c9d-5885-8cf8-5d3cccaed3e0,"Block Real Estate Services, LLC and all others required by contract are named as Additional Insureds","---prompt---
Determine if the Description of Operations or the Additional Remarks Schedule section states the ""Additional Insured as Construction Management, Inc. and all others required by contract"" or reference to blanket additional insured coverage. Look for language like ""certificate holder is additional insured"" or ""per written contract"".",matchOnce,must be present,,,non_compliant,Block Requirements,,,true,0,,2026-08-16
"Block Real Estate Services, LLC",69fdf79262446148bd859c18,69fded1d62446148bd849078,"PERG Buildings, LLC",69fdf0e8e45e7dcf5c43943f,"prg808 - Pine Ridge Building G {PERG BUILDINGS, LLC}",evidenceOfInsurance,Evidence of Insurance,6ac20aae-5728-5d57-b364-aeba38527dba,Additional Requirements,e1017741-e47e-5f58-97b8-fbc3043e919f,Umbrella follows form over General Liability,"---prompt---
Determine if the Umbrella/Excess Liability policy follows form to the underlying policies. Evidence may include: language in the Description of Operations section stating the umbrella follows form to underlying coverages or an additional page endorsement stating that it follows form. Follow form means the umbrella policy adopts the same terms, conditions, and exclusions as the underlying policies.",matchOnce,must be present,,,non_compliant,Block Requirements,,,true,0,,2026-08-16
"Block Real Estate Services, LLC",69fdf79262446148bd859c18,69fded1d62446148bd849078,"PERG Buildings, LLC",69fdf0e8e45e7dcf5c43943f,"prg808 - Pine Ridge Building G {PERG BUILDINGS, LLC}",evidenceOfInsurance,Evidence of Insurance,6ac20aae-5728-5d57-b364-aeba38527dba,Additional Requirements,2cdd866f-c9a4-576a-afd8-1d045762790c,The location must be listed as: 10411-A W. 84th Terrace Lenexa KS 66214,,matchOnce,must be present,,,non_compliant,Block Requirements,,,true,0,,2026-08-16
"Block Real Estate Services, LLC",69fdf79262446148bd859c18,69fded1d62446148bd849078,"PERG Buildings, LLC",69fdf0e8e45e7dcf5c43943f,"prg808 - Pine Ridge Building G {PERG BUILDINGS, LLC}",evidenceOfInsurance,Evidence of Insurance,6ac20aae-5728-5d57-b364-aeba38527dba,Additional Requirements,3649e9d1-4e09-59bf-8f30-cb33c40cf117,"Certificate Holder must read: c/o Block Real Estate Services, LLC, 4622 Pennsylvania St., Suite 700, Kansas City, MO, 64112",,matchOnce,must be present,,,non_compliant,Block Requirements,,,true,0,,2026-08-16
"Block Real Estate Services, LLC",6a70fdbe5a5e2b73757cdfa0,6a70fd6dfbd38db02fd82322,"Decker Integrated Orthotics and Prosthetics, LLC",69fdf0e8e45e7dcf5c43943f,"prg808 - Pine Ridge Building G {PERG BUILDINGS, LLC}",evidenceOfInsurance,Evidence of Insurance,commercialGeneralLiability,Commercial General Liability,evidenceOfInsuranceCommercialGeneralLiabilityCoverageTriggerOccurrence,Coverage Trigger: Occurrence,,matchOnce,must be present,,,non_compliant,Block Requirements,,,false,0,,2026-08-16
"Block Real Estate Services, LLC",6a70fdbe5a5e2b73757cdfa0,6a70fd6dfbd38db02fd82322,"Decker Integrated Orthotics and Prosthetics, LLC",69fdf0e8e45e7dcf5c43943f,"prg808 - Pine Ridge Building G {PERG BUILDINGS, LLC}",evidenceOfInsurance,Evidence of Insurance,commercialGeneralLiability,Commercial General Liability,evidenceOfInsuranceCommercialGeneralLiabilityGeneralAggregateLimitAppliesPerLocation,General Aggregate Limit Applies per: Location,,matchOnce,must be present,,,non_compliant,Block Requirements,,,false,0,,2026-08-16
"Block Real Estate Services, LLC",6a70fdbe5a5e2b73757cdfa0,6a70fd6dfbd38db02fd82322,"Decker Integrated Orthotics and Prosthetics, LLC",69fdf0e8e45e7dcf5c43943f,"prg808 - Pine Ridge Building G {PERG BUILDINGS, LLC}",evidenceOfInsurance,Evidence of Insurance,commercialGeneralLiability,Commercial General Liability,evidenceOfInsuranceCommercialGeneralLiabilityEachOccurrence,Each Occurrence,,matchOnce,must be greater or equal to,1000000,,non_compliant,Block Requirements,,,false,0,,2026-08-16
"Block Real Estate Services, LLC",6a70fdbe5a5e2b73757cdfa0,6a70fd6dfbd38db02fd82322,"Decker Integrated Orthotics and Prosthetics, LLC",69fdf0e8e45e7dcf5c43943f,"prg808 - Pine Ridge Building G {PERG BUILDINGS, LLC}",evidenceOfInsurance,Evidence of Insurance,commercialGeneralLiability,Commercial General Liability,evidenceOfInsuranceCommercialGeneralLiabilityGeneralAggregate,General Aggregate,,matchOnce,must be greater or equal to,2000000,,non_compliant,Block Requirements,,,false,0,,2026-08-16
"Block Real Estate Services, LLC",6a70fdbe5a5e2b73757cdfa0,6a70fd6dfbd38db02fd82322,"Decker Integrated Orthotics and Prosthetics, LLC",69fdf0e8e45e7dcf5c43943f,"prg808 - Pine Ridge Building G {PERG BUILDINGS, LLC}",evidenceOfInsurance,Evidence of Insurance,commercialGeneralLiability,Commercial General Liability,evidenceOfInsuranceCommercialGeneralLiabilityWaiverOfSubrogationEndorsement,Waiver of Subrogation,"---prompt---
Determine if the insurer has waived their right of subrogation in favor of the certificate holder under the Commercial General Liability policy. Evidence may include: a checked ""Waiver of Subrogation"" box on the certificate, mention in the Description of Operations section stating ""waiver of subrogation applies"", or reference to form CG 24 04. Look for language like ""subrogation is waived"" or ""per written contract"".",matchOnce,must be present,,,non_compliant,Block Requirements,,,false,0,,2026-08-16
"Block Real Estate Services, LLC",6a70fdbe5a5e2b73757cdfa0,6a70fd6dfbd38db02fd82322,"Decker Integrated Orthotics and Prosthetics, LLC",69fdf0e8e45e7dcf5c43943f,"prg808 - Pine Ridge Building G {PERG BUILDINGS, LLC}",evidenceOfInsurance,Evidence of Insurance,excessOrUmbrellaLiability,Umbrella/Excess Liability,evidenceOfInsuranceExcessOrUmbrellaLiabilityOccurence,Coverage Trigger: Occurrence,,matchOnce,must be present,,,non_compliant,Block Requirements,,,false,0,,2026-08-16
"Block Real Estate Services, LLC",6a70fdbe5a5e2b73757cdfa0,6a70fd6dfbd38db02fd82322,"Decker Integrated Orthotics and Prosthetics, LLC",69fdf0e8e45e7dcf5c43943f,"prg808 - Pine Ridge Building G {PERG BUILDINGS, LLC}",evidenceOfInsurance,Evidence of Insurance,excessOrUmbrellaLiability,Umbrella/Excess Liability,evidenceOfInsuranceExcessOrUmbrellaLiabilityEachOccurrence,Each Occurrence,,matchOnce,must be greater or equal to,1000000,,non_compliant,Block Requirements,,,false,0,,2026-08-16
"Block Real Estate Services, LLC",6a70fdbe5a5e2b73757cdfa0,6a70fd6dfbd38db02fd82322,"Decker Integrated Orthotics and Prosthetics, LLC",69fdf0e8e45e7dcf5c43943f,"prg808 - Pine Ridge Building G {PERG BUILDINGS, LLC}",evidenceOfInsurance,Evidence of Insurance,excessOrUmbrellaLiability,Umbrella/Excess Liability,evidenceOfInsuranceExcessOrUmbrellaLiabilityAggregate,Aggregate,,matchOnce,must be greater or equal to,1000000,,non_compliant,Block Requirements,,,false,0,,2026-08-16
"Block Real Estate Services, LLC",6a70fdbe5a5e2b73757cdfa0,6a70fd6dfbd38db02fd82322,"Decker Integrated Orthotics and Prosthetics, LLC",69fdf0e8e45e7dcf5c43943f,"prg808 - Pine Ridge Building G {PERG BUILDINGS, LLC}",evidenceOfInsurance,Evidence of Insurance,workersCompensation,Workers' Compensation and Employer's Liability,evidenceOfInsuranceWorkersCompensationStatutoryLimits,Statutory Limits,,matchOnce,must be present,,,non_compliant,Block Requirements,,,false,0,,2026-08-16
"Block Real Estate Services, LLC",6a70fdbe5a5e2b73757cdfa0,6a70fd6dfbd38db02fd82322,"Decker Integrated Orthotics and Prosthetics, LLC",69fdf0e8e45e7dcf5c43943f,"prg808 - Pine Ridge Building G {PERG BUILDINGS, LLC}",evidenceOfInsurance,Evidence of Insurance,workersCompensation,Workers' Compensation and Employer's Liability,evidenceOfInsuranceWorkersCompensationEmployersLiabilityEachAccident,Employer's Liability Each Accident,,matchOnce,must be greater or equal to,500000,,non_compliant,Block Requirements,,,false,0,,2026-08-16
"Block Real Estate Services, LLC",6a70fdbe5a5e2b73757cdfa0,6a70fd6dfbd38db02fd82322,"Decker Integrated Orthotics and Prosthetics, LLC",69fdf0e8e45e7dcf5c43943f,"prg808 - Pine Ridge Building G {PERG BUILDINGS, LLC}",evidenceOfInsurance,Evidence of Insurance,workersCompensation,Workers' Compensation and Employer's Liability,evidenceOfInsuranceWorkersCompensationEmployersLiabilityDiseaseEachEmployee,Employer's Liability Disease - each employee,,matchOnce,must be greater or equal to,500000,,non_compliant,Block Requirements,,,false,0,,2026-08-16
"Block Real Estate Services, LLC",6a70fdbe5a5e2b73757cdfa0,6a70fd6dfbd38db02fd82322,"Decker Integrated Orthotics and Prosthetics, LLC",69fdf0e8e45e7dcf5c43943f,"prg808 - Pine Ridge Building G {PERG BUILDINGS, LLC}",evidenceOfInsurance,Evidence of Insurance,workersCompensation,Workers' Compensation and Employer's Liability,evidenceOfInsuranceWorkersCompensationEmployersLiabilityDiseasePolicyLimit,Employer's Liability Disease - policy limit,,matchOnce,must be greater or equal to,500000,,non_compliant,Block Requirements,,,false,0,,2026-08-16
"Block Real Estate Services, LLC",6a70fdbe5a5e2b73757cdfa0,6a70fd6dfbd38db02fd82322,"Decker Integrated Orthotics and Prosthetics, LLC",69fdf0e8e45e7dcf5c43943f,"prg808 - Pine Ridge Building G {PERG BUILDINGS, LLC}",evidenceOfInsurance,Evidence of Insurance,workersCompensation,Workers' Compensation and Employer's Liability,evidenceOfInsuranceWorkersCompensationWaiverOfSubrogationEndorsement,Waiver of Subrogation,"---prompt---
Determine if the insurer has waived their right of subrogation in favor of the certificate holder under the Workers' Compensation policy. Evidence may include: a checked ""Waiver of Subrogation"" box on the certificate, mention in the Description of Operations section stating ""waiver of subrogation applies"", or reference to form WC 00 03 13. Look for language like ""subrogation is waived"" or ""per written contract"".",matchOnce,must be present,,,non_compliant,Block Requirements,,,false,0,,2026-08-16
"Block Real Estate Services, LLC",6a70fdbe5a5e2b73757cdfa0,6a70fd6dfbd38db02fd82322,"Decker Integrated Orthotics and Prosthetics, LLC",69fdf0e8e45e7dcf5c43943f,"prg808 - Pine Ridge Building G {PERG BUILDINGS, LLC}",evidenceOfInsurance,Evidence of Insurance,6ac20aae-5728-5d57-b364-aeba38527dba,Additional Requirements,4da5b0f1-4c9d-5885-8cf8-5d3cccaed3e0,"Block Real Estate Services, LLC and all others required by contract are named as Additional Insureds","---prompt---
Determine if the Description of Operations or the Additional Remarks Schedule section states the ""Additional Insured as Construction Management, Inc. and all others required by contract"" or reference to blanket additional insured coverage. Look for language like ""certificate holder is additional insured"" or ""per written contract"".",matchOnce,must be present,,,non_compliant,Block Requirements,,,true,0,,2026-08-16
"Block Real Estate Services, LLC",6a70fdbe5a5e2b73757cdfa0,6a70fd6dfbd38db02fd82322,"Decker Integrated Orthotics and Prosthetics, LLC",69fdf0e8e45e7dcf5c43943f,"prg808 - Pine Ridge Building G {PERG BUILDINGS, LLC}",evidenceOfInsurance,Evidence of Insurance,6ac20aae-5728-5d57-b364-aeba38527dba,Additional Requirements,e1017741-e47e-5f58-97b8-fbc3043e919f,Umbrella follows form over General Liability,"---prompt---
Determine if the Umbrella/Excess Liability policy follows form to the underlying policies. Evidence may include: language in the Description of Operations section stating the umbrella follows form to underlying coverages or an additional page endorsement stating that it follows form. Follow form means the umbrella policy adopts the same terms, conditions, and exclusions as the underlying policies.",matchOnce,must be present,,,non_compliant,Block Requirements,,,true,0,,2026-08-16
"Block Real Estate Services, LLC",6a70fdbe5a5e2b73757cdfa0,6a70fd6dfbd38db02fd82322,"Decker Integrated Orthotics and Prosthetics, LLC",69fdf0e8e45e7dcf5c43943f,"prg808 - Pine Ridge Building G {PERG BUILDINGS, LLC}",evidenceOfInsurance,Evidence of Insurance,6ac20aae-5728-5d57-b364-aeba38527dba,Additional Requirements,2cdd866f-c9a4-576a-afd8-1d045762790c,"The location must be listed as: 10409 W. 84th Terrace, Lenexa KS 66214",,matchOnce,must be present,,,non_compliant,Block Requirements,,,true,0,,2026-08-16
"Block Real Estate Services, LLC",6a70fdbe5a5e2b73757cdfa0,6a70fd6dfbd38db02fd82322,"Decker Integrated Orthotics and Prosthetics, LLC",69fdf0e8e45e7dcf5c43943f,"prg808 - Pine Ridge Building G {PERG BUILDINGS, LLC}",evidenceOfInsurance,Evidence of Insurance,6ac20aae-5728-5d57-b364-aeba38527dba,Additional Requirements,3649e9d1-4e09-59bf-8f30-cb33c40cf117,"Certificate Holder must read: c/o Block Real Estate Services, LLC, 4622 Pennsylvania St., Suite 700, Kansas City, MO, 64112",,matchOnce,must be present,,,non_compliant,Block Requirements,,,true,0,,2026-08-16
"Block Real Estate Services, LLC",69fdf74a62446148bd854b46,69fded1462446148bd848d72,Enterprise Leasing Company of Kansas,69fdef5502bb2c42a879dfe7,"3rd497 - The Fountain Office Building {Fountain Building-Missouri, LLC}",evidenceOfInsurance,Evidence of Insurance,commercialGeneralLiability,Commercial General Liability,evidenceOfInsuranceCommercialGeneralLiabilityCoverageTriggerOccurrence,Coverage Trigger: Occurrence,,matchOnce,must be present,,,non_compliant,Block Requirements,,,false,0,,2026-08-16
"Block Real Estate Services, LLC",69fdf74a62446148bd854b46,69fded1462446148bd848d72,Enterprise Leasing Company of Kansas,69fdef5502bb2c42a879dfe7,"3rd497 - The Fountain Office Building {Fountain Building-Missouri, LLC}",evidenceOfInsurance,Evidence of Insurance,commercialGeneralLiability,Commercial General Liability,evidenceOfInsuranceCommercialGeneralLiabilityGeneralAggregateLimitAppliesPerLocation,General Aggregate Limit Applies per: Location,,matchOnce,must be present,,,non_compliant,Block Requirements,,,false,0,,2026-08-16
"Block Real Estate Services, LLC",69fdf74a62446148bd854b46,69fded1462446148bd848d72,Enterprise Leasing Company of Kansas,69fdef5502bb2c42a879dfe7,"3rd497 - The Fountain Office Building {Fountain Building-Missouri, LLC}",evidenceOfInsurance,Evidence of Insurance,commercialGeneralLiability,Commercial General Liability,evidenceOfInsuranceCommercialGeneralLiabilityEachOccurrence,Each Occurrence,,matchOnce,must be greater or equal to,1000000,,non_compliant,Block Requirements,,,false,0,,2026-08-16
"Block Real Estate Services, LLC",69fdf74a62446148bd854b46,69fded1462446148bd848d72,Enterprise Leasing Company of Kansas,69fdef5502bb2c42a879dfe7,"3rd497 - The Fountain Office Building {Fountain Building-Missouri, LLC}",evidenceOfInsurance,Evidence of Insurance,commercialGeneralLiability,Commercial General Liability,evidenceOfInsuranceCommercialGeneralLiabilityGeneralAggregate,General Aggregate,,matchOnce,must be greater or equal to,2000000,,non_compliant,Block Requirements,,,false,0,,2026-08-16
"Block Real Estate Services, LLC",69fdf74a62446148bd854b46,69fded1462446148bd848d72,Enterprise Leasing Company of Kansas,69fdef5502bb2c42a879dfe7,"3rd497 - The Fountain Office Building {Fountain Building-Missouri, LLC}",evidenceOfInsurance,Evidence of Insurance,commercialGeneralLiability,Commercial General Liability,evidenceOfInsuranceCommercialGeneralLiabilityWaiverOfSubrogationEndorsement,Waiver of Subrogation,"---prompt---
Determine if the insurer has waived their right of subrogation in favor of the certificate holder under the Commercial General Liability policy. Evidence may include: a checked ""Waiver of Subrogation"" box on the certificate, mention in the Description of Operations section stating ""waiver of subrogation applies"", or reference to form CG 24 04. Look for language like ""subrogation is waived"" or ""per written contract"".",matchOnce,must be present,,,non_compliant,Block Requirements,,,false,0,,2026-08-16
"Block Real Estate Services, LLC",69fdf74a62446148bd854b46,69fded1462446148bd848d72,Enterprise Leasing Company of Kansas,69fdef5502bb2c42a879dfe7,"3rd497 - The Fountain Office Building {Fountain Building-Missouri, LLC}",evidenceOfInsurance,Evidence of Insurance,excessOrUmbrellaLiability,Umbrella/Excess Liability,evidenceOfInsuranceExcessOrUmbrellaLiabilityOccurence,Coverage Trigger: Occurrence,,matchOnce,must be present,,,non_compliant,Block Requirements,,,false,0,,2026-08-16
"Block Real Estate Services, LLC",69fdf74a62446148bd854b46,69fded1462446148bd848d72,Enterprise Leasing Company of Kansas,69fdef5502bb2c42a879dfe7,"3rd497 - The Fountain Office Building {Fountain Building-Missouri, LLC}",evidenceOfInsurance,Evidence of Insurance,excessOrUmbrellaLiability,Umbrella/Excess Liability,evidenceOfInsuranceExcessOrUmbrellaLiabilityEachOccurrence,Each Occurrence,,matchOnce,must be greater or equal to,1000000,,non_compliant,Block Requirements,,,false,0,,2026-08-16
"Block Real Estate Services, LLC",69fdf74a62446148bd854b46,69fded1462446148bd848d72,Enterprise Leasing Company of Kansas,69fdef5502bb2c42a879dfe7,"3rd497 - The Fountain Office Building {Fountain Building-Missouri, LLC}",evidenceOfInsurance,Evidence of Insurance,excessOrUmbrellaLiability,Umbrella/Excess Liability,evidenceOfInsuranceExcessOrUmbrellaLiabilityAggregate,Aggregate,,matchOnce,must be greater or equal to,1000000,,non_compliant,Block Requirements,,,false,0,,2026-08-16
"Block Real Estate Services, LLC",69fdf74a62446148bd854b46,69fded1462446148bd848d72,Enterprise Leasing Company of Kansas,69fdef5502bb2c42a879dfe7,"3rd497 - The Fountain Office Building {Fountain Building-Missouri, LLC}",evidenceOfInsurance,Evidence of Insurance,workersCompensation,Workers' Compensation and Employer's Liability,evidenceOfInsuranceWorkersCompensationStatutoryLimits,Statutory Limits,,matchOnce,must be present,,,non_compliant,Block Requirements,,,false,0,,2026-08-16
"Block Real Estate Services, LLC",69fdf74a62446148bd854b46,69fded1462446148bd848d72,Enterprise Leasing Company of Kansas,69fdef5502bb2c42a879dfe7,"3rd497 - The Fountain Office Building {Fountain Building-Missouri, LLC}",evidenceOfInsurance,Evidence of Insurance,workersCompensation,Workers' Compensation and Employer's Liability,evidenceOfInsuranceWorkersCompensationEmployersLiabilityEachAccident,Employer's Liability Each Accident,,matchOnce,must be greater or equal to,500000,,non_compliant,Block Requirements,,,false,0,,2026-08-16
"Block Real Estate Services, LLC",69fdf74a62446148bd854b46,69fded1462446148bd848d72,Enterprise Leasing Company of Kansas,69fdef5502bb2c42a879dfe7,"3rd497 - The Fountain Office Building {Fountain Building-Missouri, LLC}",evidenceOfInsurance,Evidence of Insurance,workersCompensation,Workers' Compensation and Employer's Liability,evidenceOfInsuranceWorkersCompensationEmployersLiabilityDiseaseEachEmployee,Employer's Liability Disease - each employee,,matchOnce,must be greater or equal to,500000,,non_compliant,Block Requirements,,,false,0,,2026-08-16
"Block Real Estate Services, LLC",69fdf74a62446148bd854b46,69fded1462446148bd848d72,Enterprise Leasing Company of Kansas,69fdef5502bb2c42a879dfe7,"3rd497 - The Fountain Office Building {Fountain Building-Missouri, LLC}",evidenceOfInsurance,Evidence of Insurance,workersCompensation,Workers' Compensation and Employer's Liability,evidenceOfInsuranceWorkersCompensationEmployersLiabilityDiseasePolicyLimit,Employer's Liability Disease - policy limit,,matchOnce,must be greater or equal to,500000,,non_compliant,Block Requirements,,,false,0,,2026-08-16
"Block Real Estate Services, LLC",69fdf74a62446148bd854b46,69fded1462446148bd848d72,Enterprise Leasing Company of Kansas,69fdef5502bb2c42a879dfe7,"3rd497 - The Fountain Office Building {Fountain Building-Missouri, LLC}",evidenceOfInsurance,Evidence of Insurance,workersCompensation,Workers' Compensation and Employer's Liability,evidenceOfInsuranceWorkersCompensationWaiverOfSubrogationEndorsement,Waiver of Subrogation,"---prompt---
Determine if the insurer has waived their right of subrogation in favor of the certificate holder under the Workers' Compensation policy. Evidence may include: a checked ""Waiver of Subrogation"" box on the certificate, mention in the Description of Operations section stating ""waiver of subrogation applies"", or reference to form WC 00 03 13. Look for language like ""subrogation is waived"" or ""per written contract"".",matchOnce,must be present,,,non_compliant,Block Requirements,,,false,0,,2026-08-16
"Block Real Estate Services, LLC",69fdf74a62446148bd854b46,69fded1462446148bd848d72,Enterprise Leasing Company of Kansas,69fdef5502bb2c42a879dfe7,"3rd497 - The Fountain Office Building {Fountain Building-Missouri, LLC}",evidenceOfInsurance,Evidence of Insurance,6ac20aae-5728-5d57-b364-aeba38527dba,Additional Requirements,4da5b0f1-4c9d-5885-8cf8-5d3cccaed3e0,"Block Real Estate Services, LLC and all others required by contract are named as Additional Insureds","---prompt---
Determine if the Description of Operations or the Additional Remarks Schedule section states the ""Additional Insured as Construction Management, Inc. and all others required by contract"" or reference to blanket additional insured coverage. Look for language like ""certificate holder is additional insured"" or ""per written contract"".",matchOnce,must be present,,,non_compliant,Block Requirements,,,true,0,,2026-08-16
"Block Real Estate Services, LLC",69fdf74a62446148bd854b46,69fded1462446148bd848d72,Enterprise Leasing Company of Kansas,69fdef5502bb2c42a879dfe7,"3rd497 - The Fountain Office Building {Fountain Building-Missouri, LLC}",evidenceOfInsurance,Evidence of Insurance,6ac20aae-5728-5d57-b364-aeba38527dba,Additional Requirements,e1017741-e47e-5f58-97b8-fbc3043e919f,Umbrella follows form over General Liability,"---prompt---
Determine if the Umbrella/Excess Liability policy follows form to the underlying policies. Evidence may include: language in the Description of Operations section stating the umbrella follows form to underlying coverages or an additional page endorsement stating that it follows form. Follow form means the umbrella policy adopts the same terms, conditions, and exclusions as the underlying policies.",matchOnce,must be present,,,non_compliant,Block Requirements,,,true,0,,2026-08-16
"Block Real Estate Services, LLC",69fdf74a62446148bd854b46,69fded1462446148bd848d72,Enterprise Leasing Company of Kansas,69fdef5502bb2c42a879dfe7,"3rd497 - The Fountain Office Building {Fountain Building-Missouri, LLC}",evidenceOfInsurance,Evidence of Insurance,6ac20aae-5728-5d57-b364-aeba38527dba,Additional Requirements,2cdd866f-c9a4-576a-afd8-1d045762790c,"The location must be listed as: 700 S. 291 Highway, PKG01, Liberty, MO, 64068",,matchOnce,must be present,,,non_compliant,Block Requirements,,,true,0,,2026-08-16
"Block Real Estate Services, LLC",69fdf74a62446148bd854b46,69fded1462446148bd848d72,Enterprise Leasing Company of Kansas,69fdef5502bb2c42a879dfe7,"3rd497 - The Fountain Office Building {Fountain Building-Missouri, LLC}",evidenceOfInsurance,Evidence of Insurance,6ac20aae-5728-5d57-b364-aeba38527dba,Additional Requirements,3649e9d1-4e09-59bf-8f30-cb33c40cf117,"Certificate Holder must read: c/o Block Real Estate Services, LLC, 4622 Pennsylvania St., Suite 700, Kansas City, MO, 64112",,matchOnce,must be present,,,non_compliant,Block Requirements,,,true,0,,2026-08-16
"Block Real Estate Services, LLC",69fdf74a62446148bd854b47,69fded1f62446148bd849108,"Rosen's, Inc.",69fdef5502bb2c42a879dfe7,"3rd497 - The Fountain Office Building {Fountain Building-Missouri, LLC}",evidenceOfInsurance,Evidence of Insurance,commercialGeneralLiability,Commercial General Liability,evidenceOfInsuranceCommercialGeneralLiabilityCoverageTriggerOccurrence,Coverage Trigger: Occurrence,,matchOnce,must be present,,Present,compliant,Block Requirements,,,false,1,,2026-08-16
"Block Real Estate Services, LLC",69fdf74a62446148bd854b47,69fded1f62446148bd849108,"Rosen's, Inc.",69fdef5502bb2c42a879dfe7,"3rd497 - The Fountain Office Building {Fountain Building-Missouri, LLC}",evidenceOfInsurance,Evidence of Insurance,commercialGeneralLiability,Commercial General Liability,evidenceOfInsuranceCommercialGeneralLiabilityGeneralAggregateLimitAppliesPerLocation,General Aggregate Limit Applies per: Location,,matchOnce,must be present,,,waived,Block Requirements,Per location not a requirement in the lease,,false,0,,2026-08-16
"Block Real Estate Services, LLC",69fdf74a62446148bd854b47,69fded1f62446148bd849108,"Rosen's, Inc.",69fdef5502bb2c42a879dfe7,"3rd497 - The Fountain Office Building {Fountain Building-Missouri, LLC}",evidenceOfInsurance,Evidence of Insurance,commercialGeneralLiability,Commercial General Liability,evidenceOfInsuranceCommercialGeneralLiabilityEachOccurrence,Each Occurrence,,matchOnce,must be greater or equal to,1000000,5000000,compliant,Block Requirements,,,false,1,,2026-08-16
"Block Real Estate Services, LLC",69fdf74a62446148bd854b47,69fded1f62446148bd849108,"Rosen's, Inc.",69fdef5502bb2c42a879dfe7,"3rd497 - The Fountain Office Building {Fountain Building-Missouri, LLC}",evidenceOfInsurance,Evidence of Insurance,commercialGeneralLiability,Commercial General Liability,evidenceOfInsuranceCommercialGeneralLiabilityGeneralAggregate,General Aggregate,,matchOnce,must be greater or equal to,2000000,5000000,compliant,Block Requirements,,,false,1,,2026-08-16
"Block Real Estate Services, LLC",69fdf74a62446148bd854b47,69fded1f62446148bd849108,"Rosen's, Inc.",69fdef5502bb2c42a879dfe7,"3rd497 - The Fountain Office Building {Fountain Building-Missouri, LLC}",evidenceOfInsurance,Evidence of Insurance,commercialGeneralLiability,Commercial General Liability,evidenceOfInsuranceCommercialGeneralLiabilityWaiverOfSubrogationEndorsement,Waiver of Subrogation,"---prompt---
Determine if the insurer has waived their right of subrogation in favor of the certificate holder under the Commercial General Liability policy. Evidence may include: a checked ""Waiver of Subrogation"" box on the certificate, mention in the Description of Operations section stating ""waiver of subrogation applies"", or reference to form CG 24 04. Look for language like ""subrogation is waived"" or ""per written contract"".",matchOnce,must be present,,Present,compliant,Block Requirements,,,false,1,,2026-08-16
"Block Real Estate Services, LLC",69fdf74a62446148bd854b47,69fded1f62446148bd849108,"Rosen's, Inc.",69fdef5502bb2c42a879dfe7,"3rd497 - The Fountain Office Building {Fountain Building-Missouri, LLC}",evidenceOfInsurance,Evidence of Insurance,excessOrUmbrellaLiability,Umbrella/Excess Liability,evidenceOfInsuranceExcessOrUmbrellaLiabilityOccurence,Coverage Trigger: Occurrence,,matchOnce,must be present,,,waived,Block Requirements,,,false,0,,2026-08-16
"Block Real Estate Services, LLC",69fdf74a62446148bd854b47,69fded1f62446148bd849108,"Rosen's, Inc.",69fdef5502bb2c42a879dfe7,"3rd497 - The Fountain Office Building {Fountain Building-Missouri, LLC}",evidenceOfInsurance,Evidence of Insurance,excessOrUmbrellaLiability,Umbrella/Excess Liability,evidenceOfInsuranceExcessOrUmbrellaLiabilityEachOccurrence,Each Occurrence,,matchOnce,must be greater or equal to,1000000,,waived,Block Requirements,,,false,0,,2026-08-16
"Block Real Estate Services, LLC",69fdf74a62446148bd854b47,69fded1f62446148bd849108,"Rosen's, Inc.",69fdef5502bb2c42a879dfe7,"3rd497 - The Fountain Office Building {Fountain Building-Missouri, LLC}",evidenceOfInsurance,Evidence of Insurance,excessOrUmbrellaLiability,Umbrella/Excess Liability,evidenceOfInsuranceExcessOrUmbrellaLiabilityAggregate,Aggregate,,matchOnce,must be greater or equal to,1000000,,waived,Block Requirements,,,false,0,,2026-08-16
"Block Real Estate Services, LLC",69fdf74a62446148bd854b47,69fded1f62446148bd849108,"Rosen's, Inc.",69fdef5502bb2c42a879dfe7,"3rd497 - The Fountain Office Building {Fountain Building-Missouri, LLC}",evidenceOfInsurance,Evidence of Insurance,workersCompensation,Workers' Compensation and Employer's Liability,evidenceOfInsuranceWorkersCompensationStatutoryLimits,Statutory Limits,,matchOnce,must be present,,Present,compliant,Block Requirements,,,false,1,,2026-08-16
"Block Real Estate Services, LLC",69fdf74a62446148bd854b47,69fded1f62446148bd849108,"Rosen's, Inc.",69fdef5502bb2c42a879dfe7,"3rd497 - The Fountain Office Building {Fountain Building-Missouri, LLC}",evidenceOfInsurance,Evidence of Insurance,workersCompensation,Workers' Compensation and Employer's Liability,evidenceOfInsuranceWorkersCompensationEmployersLiabilityEachAccident,Employer's Liability Each Accident,,matchOnce,must be greater or equal to,500000,1000000,compliant,Block Requirements,,,false,1,,2026-08-16
"Block Real Estate Services, LLC",69fdf74a62446148bd854b47,69fded1f62446148bd849108,"Rosen's, Inc.",69fdef5502bb2c42a879dfe7,"3rd497 - The Fountain Office Building {Fountain Building-Missouri, LLC}",evidenceOfInsurance,Evidence of Insurance,workersCompensation,Workers' Compensation and Employer's Liability,evidenceOfInsuranceWorkersCompensationEmployersLiabilityDiseaseEachEmployee,Employer's Liability Disease - each employee,,matchOnce,must be greater or equal to,500000,1000000,compliant,Block Requirements,,,false,1,,2026-08-16
"Block Real Estate Services, LLC",69fdf74a62446148bd854b47,69fded1f62446148bd849108,"Rosen's, Inc.",69fdef5502bb2c42a879dfe7,"3rd497 - The Fountain Office Building {Fountain Building-Missouri, LLC}",evidenceOfInsurance,Evidence of Insurance,workersCompensation,Workers' Compensation and Employer's Liability,evidenceOfInsuranceWorkersCompensationEmployersLiabilityDiseasePolicyLimit,Employer's Liability Disease - policy limit,,matchOnce,must be greater or equal to,500000,1000000,compliant,Block Requirements,,,false,1,,2026-08-16
"Block Real Estate Services, LLC",69fdf74a62446148bd854b47,69fded1f62446148bd849108,"Rosen's, Inc.",69fdef5502bb2c42a879dfe7,"3rd497 - The Fountain Office Building {Fountain Building-Missouri, LLC}",evidenceOfInsurance,Evidence of Insurance,workersCompensation,Workers' Compensation and Employer's Liability,evidenceOfInsuranceWorkersCompensationWaiverOfSubrogationEndorsement,Waiver of Subrogation,"---prompt---
Determine if the insurer has waived their right of subrogation in favor of the certificate holder under the Workers' Compensation policy. Evidence may include: a checked ""Waiver of Subrogation"" box on the certificate, mention in the Description of Operations section stating ""waiver of subrogation applies"", or reference to form WC 00 03 13. Look for language like ""subrogation is waived"" or ""per written contract"".",matchOnce,must be present,,Present,compliant,Block Requirements,,,false,1,,2026-08-16
"Block Real Estate Services, LLC",69fdf74a62446148bd854b47,69fded1f62446148bd849108,"Rosen's, Inc.",69fdef5502bb2c42a879dfe7,"3rd497 - The Fountain Office Building {Fountain Building-Missouri, LLC}",evidenceOfInsurance,Evidence of Insurance,6ac20aae-5728-5d57-b364-aeba38527dba,Additional Requirements,4da5b0f1-4c9d-5885-8cf8-5d3cccaed3e0,"Block Real Estate Services, LLC and all others required by contract are named as Additional Insureds","---prompt---
Determine if the Description of Operations or the Additional Remarks Schedule section states the ""Additional Insured as Construction Management, Inc. and all others required by contract"" or reference to blanket additional insured coverage. Look for language like ""certificate holder is additional insured"" or ""per written contract"".",matchOnce,must be present,,Present,compliant,Block Requirements,,,true,1,,2026-08-16
"Block Real Estate Services, LLC",69fdf74a62446148bd854b47,69fded1f62446148bd849108,"Rosen's, Inc.",69fdef5502bb2c42a879dfe7,"3rd497 - The Fountain Office Building {Fountain Building-Missouri, LLC}",evidenceOfInsurance,Evidence of Insurance,6ac20aae-5728-5d57-b364-aeba38527dba,Additional Requirements,e1017741-e47e-5f58-97b8-fbc3043e919f,Umbrella follows form over General Liability,"---prompt---
Determine if the Umbrella/Excess Liability policy follows form to the underlying policies. Evidence may include: language in the Description of Operations section stating the umbrella follows form to underlying coverages or an additional page endorsement stating that it follows form. Follow form means the umbrella policy adopts the same terms, conditions, and exclusions as the underlying policies.",matchOnce,must be present,,,waived,Block Requirements,Umbrella not a requirement in the lease,,true,0,,2026-08-16
"Block Real Estate Services, LLC",69fdf74a62446148bd854b47,69fded1f62446148bd849108,"Rosen's, Inc.",69fdef5502bb2c42a879dfe7,"3rd497 - The Fountain Office Building {Fountain Building-Missouri, LLC}",evidenceOfInsurance,Evidence of Insurance,6ac20aae-5728-5d57-b364-aeba38527dba,Additional Requirements,2cdd866f-c9a4-576a-afd8-1d045762790c,"The location must be listed as: 700 S. 291 Highway, Suite 101, 200, B101, Liberty, MO, 64068",,matchOnce,must be present,,Present,compliant,Block Requirements,,,true,1,,2026-08-16
"Block Real Estate Services, LLC",69fdf74a62446148bd854b47,69fded1f62446148bd849108,"Rosen's, Inc.",69fdef5502bb2c42a879dfe7,"3rd497 - The Fountain Office Building {Fountain Building-Missouri, LLC}",evidenceOfInsurance,Evidence of Insurance,6ac20aae-5728-5d57-b364-aeba38527dba,Additional Requirements,3649e9d1-4e09-59bf-8f30-cb33c40cf117,"Certificate Holder must read: c/o Block Real Estate Services, LLC, 4622 Pennsylvania St., Suite 700, Kansas City, MO, 64112",,matchOnce,must be present,,Present,compliant,Block Requirements,,,true,1,,2026-08-16
"Block Real Estate Services, LLC",69fdf74a62446148bd854b45,69fded0e62446148bd848bc2,Bank of America,69fdef5502bb2c42a879dfe7,"3rd497 - The Fountain Office Building {Fountain Building-Missouri, LLC}",evidenceOfInsurance,Evidence of Insurance,commercialGeneralLiability,Commercial General Liability,evidenceOfInsuranceCommercialGeneralLiabilityCoverageTriggerOccurrence,Coverage Trigger: Occurrence,,matchOnce,must be present,,Present,compliant,Block Requirements,,,false,1,,2026-08-16
"Block Real Estate Services, LLC",69fdf74a62446148bd854b45,69fded0e62446148bd848bc2,Bank of America,69fdef5502bb2c42a879dfe7,"3rd497 - The Fountain Office Building {Fountain Building-Missouri, LLC}",evidenceOfInsurance,Evidence of Insurance,commercialGeneralLiability,Commercial General Liability,evidenceOfInsuranceCommercialGeneralLiabilityGeneralAggregateLimitAppliesPerLocation,General Aggregate Limit Applies per: Location,,matchOnce,must be present,,,waived,Block Requirements,Per location not a requirement in the lease,,false,0,,2026-08-16
"Block Real Estate Services, LLC",69fdf74a62446148bd854b45,69fded0e62446148bd848bc2,Bank of America,69fdef5502bb2c42a879dfe7,"3rd497 - The Fountain Office Building {Fountain Building-Missouri, LLC}",evidenceOfInsurance,Evidence of Insurance,commercialGeneralLiability,Commercial General Liability,evidenceOfInsuranceCommercialGeneralLiabilityEachOccurrence,Each Occurrence,,matchOnce,must be greater or equal to,1000000,2000000,compliant,Block Requirements,,,false,1,,2026-08-16
"Block Real Estate Services, LLC",69fdf74a62446148bd854b45,69fded0e62446148bd848bc2,Bank of America,69fdef5502bb2c42a879dfe7,"3rd497 - The Fountain Office Building {Fountain Building-Missouri, LLC}",evidenceOfInsurance,Evidence of Insurance,commercialGeneralLiability,Commercial General Liability,evidenceOfInsuranceCommercialGeneralLiabilityGeneralAggregate,General Aggregate,,matchOnce,must be greater or equal to,2000000,2000000,compliant,Block Requirements,,,false,1,,2026-08-16
"Block Real Estate Services, LLC",69fdf74a62446148bd854b45,69fded0e62446148bd848bc2,Bank of America,69fdef5502bb2c42a879dfe7,"3rd497 - The Fountain Office Building {Fountain Building-Missouri, LLC}",evidenceOfInsurance,Evidence of Insurance,commercialGeneralLiability,Commercial General Liability,evidenceOfInsuranceCommercialGeneralLiabilityWaiverOfSubrogationEndorsement,Waiver of Subrogation,"---prompt---
Determine if the insurer has waived their right of subrogation in favor of the certificate holder under the Commercial General Liability policy. Evidence may include: a checked ""Waiver of Subrogation"" box on the certificate, mention in the Description of Operations section stating ""waiver of subrogation applies"", or reference to form CG 24 04. Look for language like ""subrogation is waived"" or ""per written contract"".",matchOnce,must be present,,,waived,Block Requirements,WoS not a requirement in the lease for GL,,false,0,,2026-08-16
"Block Real Estate Services, LLC",69fdf74a62446148bd854b45,69fded0e62446148bd848bc2,Bank of America,69fdef5502bb2c42a879dfe7,"3rd497 - The Fountain Office Building {Fountain Building-Missouri, LLC}",evidenceOfInsurance,Evidence of Insurance,excessOrUmbrellaLiability,Umbrella/Excess Liability,evidenceOfInsuranceExcessOrUmbrellaLiabilityOccurence,Coverage Trigger: Occurrence,,matchOnce,must be present,,,waived,Block Requirements,,,false,0,,2026-08-16
"Block Real Estate Services, LLC",69fdf74a62446148bd854b45,69fded0e62446148bd848bc2,Bank of America,69fdef5502bb2c42a879dfe7,"3rd497 - The Fountain Office Building {Fountain Building-Missouri, LLC}",evidenceOfInsurance,Evidence of Insurance,excessOrUmbrellaLiability,Umbrella/Excess Liability,evidenceOfInsuranceExcessOrUmbrellaLiabilityEachOccurrence,Each Occurrence,,matchOnce,must be greater or equal to,1000000,,waived,Block Requirements,,,false,0,,2026-08-16
"Block Real Estate Services, LLC",69fdf74a62446148bd854b45,69fded0e62446148bd848bc2,Bank of America,69fdef5502bb2c42a879dfe7,"3rd497 - The Fountain Office Building {Fountain Building-Missouri, LLC}",evidenceOfInsurance,Evidence of Insurance,excessOrUmbrellaLiability,Umbrella/Excess Liability,evidenceOfInsuranceExcessOrUmbrellaLiabilityAggregate,Aggregate,,matchOnce,must be greater or equal to,1000000,,waived,Block Requirements,,,false,0,,2026-08-16
"Block Real Estate Services, LLC",69fdf74a62446148bd854b45,69fded0e62446148bd848bc2,Bank of America,69fdef5502bb2c42a879dfe7,"3rd497 - The Fountain Office Building {Fountain Building-Missouri, LLC}",evidenceOfInsurance,Evidence of Insurance,workersCompensation,Workers' Compensation and Employer's Liability,evidenceOfInsuranceWorkersCompensationStatutoryLimits,Statutory Limits,,matchOnce,must be present,,,waived,Block Requirements,,,false,0,,2026-08-16
"Block Real Estate Services, LLC",69fdf74a62446148bd854b45,69fded0e62446148bd848bc2,Bank of America,69fdef5502bb2c42a879dfe7,"3rd497 - The Fountain Office Building {Fountain Building-Missouri, LLC}",evidenceOfInsurance,Evidence of Insurance,workersCompensation,Workers' Compensation and Employer's Liability,evidenceOfInsuranceWorkersCompensationEmployersLiabilityEachAccident,Employer's Liability Each Accident,,matchOnce,must be greater or equal to,500000,,waived,Block Requirements,,,false,0,,2026-08-16
"Block Real Estate Services, LLC",69fdf74a62446148bd854b45,69fded0e62446148bd848bc2,Bank of America,69fdef5502bb2c42a879dfe7,"3rd497 - The Fountain Office Building {Fountain Building-Missouri, LLC}",evidenceOfInsurance,Evidence of Insurance,workersCompensation,Workers' Compensation and Employer's Liability,evidenceOfInsuranceWorkersCompensationEmployersLiabilityDiseaseEachEmployee,Employer's Liability Disease - each employee,,matchOnce,must be greater or equal to,500000,,waived,Block Requirements,,,false,0,,2026-08-16
"Block Real Estate Services, LLC",69fdf74a62446148bd854b45,69fded0e62446148bd848bc2,Bank of America,69fdef5502bb2c42a879dfe7,"3rd497 - The Fountain Office Building {Fountain Building-Missouri, LLC}",evidenceOfInsurance,Evidence of Insurance,workersCompensation,Workers' Compensation and Employer's Liability,evidenceOfInsuranceWorkersCompensationEmployersLiabilityDiseasePolicyLimit,Employer's Liability Disease - policy limit,,matchOnce,must be greater or equal to,500000,,waived,Block Requirements,,,false,0,,2026-08-16
"Block Real Estate Services, LLC",69fdf74a62446148bd854b45,69fded0e62446148bd848bc2,Bank of America,69fdef5502bb2c42a879dfe7,"3rd497 - The Fountain Office Building {Fountain Building-Missouri, LLC}",evidenceOfInsurance,Evidence of Insurance,workersCompensation,Workers' Compensation and Employer's Liability,evidenceOfInsuranceWorkersCompensationWaiverOfSubrogationEndorsement,Waiver of Subrogation,"---prompt---
Determine if the insurer has waived their right of subrogation in favor of the certificate holder under the Workers' Compensation policy. Evidence may include: a checked ""Waiver of Subrogation"" box on the certificate, mention in the Description of Operations section stating ""waiver of subrogation applies"", or reference to form WC 00 03 13. Look for language like ""subrogation is waived"" or ""per written contract"".",matchOnce,must be present,,,waived,Block Requirements,,,false,0,,2026-08-16
"Block Real Estate Services, LLC",69fdf74a62446148bd854b45,69fded0e62446148bd848bc2,Bank of America,69fdef5502bb2c42a879dfe7,"3rd497 - The Fountain Office Building {Fountain Building-Missouri, LLC}",evidenceOfInsurance,Evidence of Insurance,6ac20aae-5728-5d57-b364-aeba38527dba,Additional Requirements,4da5b0f1-4c9d-5885-8cf8-5d3cccaed3e0,"Block Real Estate Services, LLC and all others required by contract are named as Additional Insureds","---prompt---
Determine if the Description of Operations or the Additional Remarks Schedule section states the ""Additional Insured as Construction Management, Inc. and all others required by contract"" or reference to blanket additional insured coverage. Look for language like ""certificate holder is additional insured"" or ""per written contract"".",matchOnce,must be present,,,waived,Block Requirements,BRES not required to be listed on AI per lease requirement,,true,0,,2026-08-16
"Block Real Estate Services, LLC",69fdf74a62446148bd854b45,69fded0e62446148bd848bc2,Bank of America,69fdef5502bb2c42a879dfe7,"3rd497 - The Fountain Office Building {Fountain Building-Missouri, LLC}",evidenceOfInsurance,Evidence of Insurance,6ac20aae-5728-5d57-b364-aeba38527dba,Additional Requirements,e1017741-e47e-5f58-97b8-fbc3043e919f,Umbrella follows form over General Liability,"---prompt---
Determine if the Umbrella/Excess Liability policy follows form to the underlying policies. Evidence may include: language in the Description of Operations section stating the umbrella follows form to underlying coverages or an additional page endorsement stating that it follows form. Follow form means the umbrella policy adopts the same terms, conditions, and exclusions as the underlying policies.",matchOnce,must be present,,,waived,Block Requirements,Umbrella Liability not a requirement in the lease,,true,0,,2026-08-16
"Block Real Estate Services, LLC",69fdf74a62446148bd854b45,69fded0e62446148bd848bc2,Bank of America,69fdef5502bb2c42a879dfe7,"3rd497 - The Fountain Office Building {Fountain Building-Missouri, LLC}",evidenceOfInsurance,Evidence of Insurance,6ac20aae-5728-5d57-b364-aeba38527dba,Additional Requirements,2cdd866f-c9a4-576a-afd8-1d045762790c,"The location must be listed as: 700 S. 291 Highway, Liberty, MO, 64068",,matchOnce,must be present,,Present,compliant,Block Requirements,,,true,1,,2026-08-16
"Block Real Estate Services, LLC",69fdf74a62446148bd854b45,69fded0e62446148bd848bc2,Bank of America,69fdef5502bb2c42a879dfe7,"3rd497 - The Fountain Office Building {Fountain Building-Missouri, LLC}",evidenceOfInsurance,Evidence of Insurance,6ac20aae-5728-5d57-b364-aeba38527dba,Additional Requirements,3649e9d1-4e09-59bf-8f30-cb33c40cf117,"Certificate Holder must read: c/o Block Real Estate Services, LLC, 4622 Pennsylvania St., Suite 700, Kansas City, MO, 64112",,matchOnce,must be present,,Present,compliant,Block Requirements,,,true,1,,2026-08-16
"Block Real Estate Services, LLC",69fdf79262446148bd859c23,69fded0f62446148bd848bf8,Block Multi-Family Group,69fdf0f202bb2c42a87a3f39,"prg815 - One Pine Ridge Plaza {PERG BUILDINGS, LLC}",evidenceOfInsurance,Evidence of Insurance,commercialGeneralLiability,Commercial General Liability,evidenceOfInsuranceCommercialGeneralLiabilityCoverageTriggerOccurrence,Coverage Trigger: Occurrence,,matchOnce,must be present,,,non_compliant,Block Requirements,,,false,0,,2026-08-16
"Block Real Estate Services, LLC",69fdf79262446148bd859c23,69fded0f62446148bd848bf8,Block Multi-Family Group,69fdf0f202bb2c42a87a3f39,"prg815 - One Pine Ridge Plaza {PERG BUILDINGS, LLC}",evidenceOfInsurance,Evidence of Insurance,commercialGeneralLiability,Commercial General Liability,evidenceOfInsuranceCommercialGeneralLiabilityGeneralAggregateLimitAppliesPerLocation,General Aggregate Limit Applies per: Location,,matchOnce,must be present,,,non_compliant,Block Requirements,,,false,0,,2026-08-16
"Block Real Estate Services, LLC",69fdf79262446148bd859c23,69fded0f62446148bd848bf8,Block Multi-Family Group,69fdf0f202bb2c42a87a3f39,"prg815 - One Pine Ridge Plaza {PERG BUILDINGS, LLC}",evidenceOfInsurance,Evidence of Insurance,commercialGeneralLiability,Commercial General Liability,evidenceOfInsuranceCommercialGeneralLiabilityEachOccurrence,Each Occurrence,,matchOnce,must be greater or equal to,1000000,,non_compliant,Block Requirements,,,false,0,,2026-08-16
"Block Real Estate Services, LLC",69fdf79262446148bd859c23,69fded0f62446148bd848bf8,Block Multi-Family Group,69fdf0f202bb2c42a87a3f39,"prg815 - One Pine Ridge Plaza {PERG BUILDINGS, LLC}",evidenceOfInsurance,Evidence of Insurance,commercialGeneralLiability,Commercial General Liability,evidenceOfInsuranceCommercialGeneralLiabilityGeneralAggregate,General Aggregate,,matchOnce,must be greater or equal to,2000000,,non_compliant,Block Requirements,,,false,0,,2026-08-16
"Block Real Estate Services, LLC",69fdf79262446148bd859c23,69fded0f62446148bd848bf8,Block Multi-Family Group,69fdf0f202bb2c42a87a3f39,"prg815 - One Pine Ridge Plaza {PERG BUILDINGS, LLC}",evidenceOfInsurance,Evidence of Insurance,commercialGeneralLiability,Commercial General Liability,evidenceOfInsuranceCommercialGeneralLiabilityWaiverOfSubrogationEndorsement,Waiver of Subrogation,"---prompt---
Determine if the insurer has waived their right of subrogation in favor of the certificate holder under the Commercial General Liability policy. Evidence may include: a checked ""Waiver of Subrogation"" box on the certificate, mention in the Description of Operations section stating ""waiver of subrogation applies"", or reference to form CG 24 04. Look for language like ""subrogation is waived"" or ""per written contract"".",matchOnce,must be present,,,non_compliant,Block Requirements,,,false,0,,2026-08-16
"Block Real Estate Services, LLC",69fdf79262446148bd859c23,69fded0f62446148bd848bf8,Block Multi-Family Group,69fdf0f202bb2c42a87a3f39,"prg815 - One Pine Ridge Plaza {PERG BUILDINGS, LLC}",evidenceOfInsurance,Evidence of Insurance,excessOrUmbrellaLiability,Umbrella/Excess Liability,evidenceOfInsuranceExcessOrUmbrellaLiabilityOccurence,Coverage Trigger: Occurrence,,matchOnce,must be present,,,non_compliant,Block Requirements,,,false,0,,2026-08-16
"Block Real Estate Services, LLC",69fdf79262446148bd859c23,69fded0f62446148bd848bf8,Block Multi-Family Group,69fdf0f202bb2c42a87a3f39,"prg815 - One Pine Ridge Plaza {PERG BUILDINGS, LLC}",evidenceOfInsurance,Evidence of Insurance,excessOrUmbrellaLiability,Umbrella/Excess Liability,evidenceOfInsuranceExcessOrUmbrellaLiabilityEachOccurrence,Each Occurrence,,matchOnce,must be greater or equal to,1000000,,non_compliant,Block Requirements,,,false,0,,2026-08-16
"Block Real Estate Services, LLC",69fdf79262446148bd859c23,69fded0f62446148bd848bf8,Block Multi-Family Group,69fdf0f202bb2c42a87a3f39,"prg815 - One Pine Ridge Plaza {PERG BUILDINGS, LLC}",evidenceOfInsurance,Evidence of Insurance,excessOrUmbrellaLiability,Umbrella/Excess Liability,evidenceOfInsuranceExcessOrUmbrellaLiabilityAggregate,Aggregate,,matchOnce,must be greater or equal to,1000000,,non_compliant,Block Requirements,,,false,0,,2026-08-16
"Block Real Estate Services, LLC",69fdf79262446148bd859c23,69fded0f62446148bd848bf8,Block Multi-Family Group,69fdf0f202bb2c42a87a3f39,"prg815 - One Pine Ridge Plaza {PERG BUILDINGS, LLC}",evidenceOfInsurance,Evidence of Insurance,workersCompensation,Workers' Compensation and Employer's Liability,evidenceOfInsuranceWorkersCompensationStatutoryLimits,Statutory Limits,,matchOnce,must be present,,,non_compliant,Block Requirements,,,false,0,,2026-08-16
"Block Real Estate Services, LLC",69fdf79262446148bd859c23,69fded0f62446148bd848bf8,Block Multi-Family Group,69fdf0f202bb2c42a87a3f39,"prg815 - One Pine Ridge Plaza {PERG BUILDINGS, LLC}",evidenceOfInsurance,Evidence of Insurance,workersCompensation,Workers' Compensation and Employer's Liability,evidenceOfInsuranceWorkersCompensationEmployersLiabilityEachAccident,Employer's Liability Each Accident,,matchOnce,must be greater or equal to,500000,,non_compliant,Block Requirements,,,false,0,,2026-08-16
"Block Real Estate Services, LLC",69fdf79262446148bd859c23,69fded0f62446148bd848bf8,Block Multi-Family Group,69fdf0f202bb2c42a87a3f39,"prg815 - One Pine Ridge Plaza {PERG BUILDINGS, LLC}",evidenceOfInsurance,Evidence of Insurance,workersCompensation,Workers' Compensation and Employer's Liability,evidenceOfInsuranceWorkersCompensationEmployersLiabilityDiseaseEachEmployee,Employer's Liability Disease - each employee,,matchOnce,must be greater or equal to,500000,,non_compliant,Block Requirements,,,false,0,,2026-08-16
"Block Real Estate Services, LLC",69fdf79262446148bd859c23,69fded0f62446148bd848bf8,Block Multi-Family Group,69fdf0f202bb2c42a87a3f39,"prg815 - One Pine Ridge Plaza {PERG BUILDINGS, LLC}",evidenceOfInsurance,Evidence of Insurance,workersCompensation,Workers' Compensation and Employer's Liability,evidenceOfInsuranceWorkersCompensationEmployersLiabilityDiseasePolicyLimit,Employer's Liability Disease - policy limit,,matchOnce,must be greater or equal to,500000,,non_compliant,Block Requirements,,,false,0,,2026-08-16
"Block Real Estate Services, LLC",69fdf79262446148bd859c23,69fded0f62446148bd848bf8,Block Multi-Family Group,69fdf0f202bb2c42a87a3f39,"prg815 - One Pine Ridge Plaza {PERG BUILDINGS, LLC}",evidenceOfInsurance,Evidence of Insurance,workersCompensation,Workers' Compensation and Employer's Liability,evidenceOfInsuranceWorkersCompensationWaiverOfSubrogationEndorsement,Waiver of Subrogation,"---prompt---
Determine if the insurer has waived their right of subrogation in favor of the certificate holder under the Workers' Compensation policy. Evidence may include: a checked ""Waiver of Subrogation"" box on the certificate, mention in the Description of Operations section stating ""waiver of subrogation applies"", or reference to form WC 00 03 13. Look for language like ""subrogation is waived"" or ""per written contract"".",matchOnce,must be present,,,non_compliant,Block Requirements,,,false,0,,2026-08-16
"Block Real Estate Services, LLC",69fdf79262446148bd859c23,69fded0f62446148bd848bf8,Block Multi-Family Group,69fdf0f202bb2c42a87a3f39,"prg815 - One Pine Ridge Plaza {PERG BUILDINGS, LLC}",evidenceOfInsurance,Evidence of Insurance,6ac20aae-5728-5d57-b364-aeba38527dba,Additional Requirements,4da5b0f1-4c9d-5885-8cf8-5d3cccaed3e0,"Block Real Estate Services, LLC and all others required by contract are named as Additional Insureds","---prompt---
Determine if the Description of Operations or the Additional Remarks Schedule section states the ""Additional Insured as Construction Management, Inc. and all others required by contract"" or reference to blanket additional insured coverage. Look for language like ""certificate holder is additional insured"" or ""per written contract"".",matchOnce,must be present,,,non_compliant,Block Requirements,,,true,0,,2026-08-16
"Block Real Estate Services, LLC",69fdf79262446148bd859c23,69fded0f62446148bd848bf8,Block Multi-Family Group,69fdf0f202bb2c42a87a3f39,"prg815 - One Pine Ridge Plaza {PERG BUILDINGS, LLC}",evidenceOfInsurance,Evidence of Insurance,6ac20aae-5728-5d57-b364-aeba38527dba,Additional Requirements,e1017741-e47e-5f58-97b8-fbc3043e919f,Umbrella follows form over General Liability,"---prompt---
Determine if the Umbrella/Excess Liability policy follows form to the underlying policies. Evidence may include: language in the Description of Operations section stating the umbrella follows form to underlying coverages or an additional page endorsement stating that it follows form. Follow form means the umbrella policy adopts the same terms, conditions, and exclusions as the underlying policies.",matchOnce,must be present,,,non_compliant,Block Requirements,,,true,0,,2026-08-16
"Block Real Estate Services, LLC",69fdf79262446148bd859c23,69fded0f62446148bd848bf8,Block Multi-Family Group,69fdf0f202bb2c42a87a3f39,"prg815 - One Pine Ridge Plaza {PERG BUILDINGS, LLC}",evidenceOfInsurance,Evidence of Insurance,6ac20aae-5728-5d57-b364-aeba38527dba,Additional Requirements,2cdd866f-c9a4-576a-afd8-1d045762790c,The location must be listed as: 8207 Melrose Drive Suite 145 Lenexa KS 66214,,matchOnce,must be present,,,non_compliant,Block Requirements,,,true,0,,2026-08-16
"Block Real Estate Services, LLC",69fdf79262446148bd859c23,69fded0f62446148bd848bf8,Block Multi-Family Group,69fdf0f202bb2c42a87a3f39,"prg815 - One Pine Ridge Plaza {PERG BUILDINGS, LLC}",evidenceOfInsurance,Evidence of Insurance,6ac20aae-5728-5d57-b364-aeba38527dba,Additional Requirements,3649e9d1-4e09-59bf-8f30-cb33c40cf117,"Certificate Holder must read: c/o Block Real Estate Services, LLC, 4622 Pennsylvania St., Suite 700, Kansas City, MO, 64112",,matchOnce,must be present,,,non_compliant,Block Requirements,,,true,0,,2026-08-16
"Block Real Estate Services, LLC",69fdf79262446148bd859c27,69fded2462446148bd8492a9,"Advena Living /Cornerstone Group Holdings, Inc. (sublease of Midlands Independent Review Board, LLC / WCG IRB, Inc.)",69fdf0f202bb2c42a87a3f39,"prg815 - One Pine Ridge Plaza {PERG BUILDINGS, LLC}",evidenceOfInsurance,Evidence of Insurance,commercialGeneralLiability,Commercial General Liability,evidenceOfInsuranceCommercialGeneralLiabilityCoverageTriggerOccurrence,Coverage Trigger: Occurrence,,matchOnce,must be present,,Present,compliant,Block Requirements,,,false,1,,2026-08-16
"Block Real Estate Services, LLC",69fdf79262446148bd859c27,69fded2462446148bd8492a9,"Advena Living /Cornerstone Group Holdings, Inc. (sublease of Midlands Independent Review Board, LLC / WCG IRB, Inc.)",69fdf0f202bb2c42a87a3f39,"prg815 - One Pine Ridge Plaza {PERG BUILDINGS, LLC}",evidenceOfInsurance,Evidence of Insurance,commercialGeneralLiability,Commercial General Liability,evidenceOfInsuranceCommercialGeneralLiabilityGeneralAggregateLimitAppliesPerLocation,General Aggregate Limit Applies per: Location,,matchOnce,must be present,,,non_compliant,Block Requirements,,,false,0,,2026-08-16
"Block Real Estate Services, LLC",69fdf79262446148bd859c27,69fded2462446148bd8492a9,"Advena Living /Cornerstone Group Holdings, Inc. (sublease of Midlands Independent Review Board, LLC / WCG IRB, Inc.)",69fdf0f202bb2c42a87a3f39,"prg815 - One Pine Ridge Plaza {PERG BUILDINGS, LLC}",evidenceOfInsurance,Evidence of Insurance,commercialGeneralLiability,Commercial General Liability,evidenceOfInsuranceCommercialGeneralLiabilityEachOccurrence,Each Occurrence,,matchOnce,must be greater or equal to,1000000,1000000,compliant,Block Requirements,,,false,1,,2026-08-16
"Block Real Estate Services, LLC",69fdf79262446148bd859c27,69fded2462446148bd8492a9,"Advena Living /Cornerstone Group Holdings, Inc. (sublease of Midlands Independent Review Board, LLC / WCG IRB, Inc.)",69fdf0f202bb2c42a87a3f39,"prg815 - One Pine Ridge Plaza {PERG BUILDINGS, LLC}",evidenceOfInsurance,Evidence of Insurance,commercialGeneralLiability,Commercial General Liability,evidenceOfInsuranceCommercialGeneralLiabilityGeneralAggregate,General Aggregate,,matchOnce,must be greater or equal to,2000000,2000000,compliant,Block Requirements,,,false,1,,2026-08-16
"Block Real Estate Services, LLC",69fdf79262446148bd859c27,69fded2462446148bd8492a9,"Advena Living /Cornerstone Group Holdings, Inc. (sublease of Midlands Independent Review Board, LLC / WCG IRB, Inc.)",69fdf0f202bb2c42a87a3f39,"prg815 - One Pine Ridge Plaza {PERG BUILDINGS, LLC}",evidenceOfInsurance,Evidence of Insurance,commercialGeneralLiability,Commercial General Liability,evidenceOfInsuranceCommercialGeneralLiabilityWaiverOfSubrogationEndorsement,Waiver of Subrogation,"---prompt---
Determine if the insurer has waived their right of subrogation in favor of the certificate holder under the Commercial General Liability policy. Evidence may include: a checked ""Waiver of Subrogation"" box on the certificate, mention in the Description of Operations section stating ""waiver of subrogation applies"", or reference to form CG 24 04. Look for language like ""subrogation is waived"" or ""per written contract"".",matchOnce,must be present,,Present,compliant,Block Requirements,,,false,1,,2026-08-16
"Block Real Estate Services, LLC",69fdf79262446148bd859c27,69fded2462446148bd8492a9,"Advena Living /Cornerstone Group Holdings, Inc. (sublease of Midlands Independent Review Board, LLC / WCG IRB, Inc.)",69fdf0f202bb2c42a87a3f39,"prg815 - One Pine Ridge Plaza {PERG BUILDINGS, LLC}",evidenceOfInsurance,Evidence of Insurance,excessOrUmbrellaLiability,Umbrella/Excess Liability,evidenceOfInsuranceExcessOrUmbrellaLiabilityOccurence,Coverage Trigger: Occurrence,,matchOnce,must be present,,Present,compliant,Block Requirements,,,false,1,,2026-08-16
"Block Real Estate Services, LLC",69fdf79262446148bd859c27,69fded2462446148bd8492a9,"Advena Living /Cornerstone Group Holdings, Inc. (sublease of Midlands Independent Review Board, LLC / WCG IRB, Inc.)",69fdf0f202bb2c42a87a3f39,"prg815 - One Pine Ridge Plaza {PERG BUILDINGS, LLC}",evidenceOfInsurance,Evidence of Insurance,excessOrUmbrellaLiability,Umbrella/Excess Liability,evidenceOfInsuranceExcessOrUmbrellaLiabilityEachOccurrence,Each Occurrence,,matchOnce,must be greater or equal to,1000000,15000000,compliant,Block Requirements,,,false,1,,2026-08-16
"Block Real Estate Services, LLC",69fdf79262446148bd859c27,69fded2462446148bd8492a9,"Advena Living /Cornerstone Group Holdings, Inc. (sublease of Midlands Independent Review Board, LLC / WCG IRB, Inc.)",69fdf0f202bb2c42a87a3f39,"prg815 - One Pine Ridge Plaza {PERG BUILDINGS, LLC}",evidenceOfInsurance,Evidence of Insurance,excessOrUmbrellaLiability,Umbrella/Excess Liability,evidenceOfInsuranceExcessOrUmbrellaLiabilityAggregate,Aggregate,,matchOnce,must be greater or equal to,1000000,15000000,compliant,Block Requirements,,,false,1,,2026-08-16
"Block Real Estate Services, LLC",69fdf79262446148bd859c27,69fded2462446148bd8492a9,"Advena Living /Cornerstone Group Holdings, Inc. (sublease of Midlands Independent Review Board, LLC / WCG IRB, Inc.)",69fdf0f202bb2c42a87a3f39,"prg815 - One Pine Ridge Plaza {PERG BUILDINGS, LLC}",evidenceOfInsurance,Evidence of Insurance,workersCompensation,Workers' Compensation and Employer's Liability,evidenceOfInsuranceWorkersCompensationStatutoryLimits,Statutory Limits,,matchOnce,must be present,,,non_compliant,Block Requirements,,,false,0,,2026-08-16
"Block Real Estate Services, LLC",69fdf79262446148bd859c27,69fded2462446148bd8492a9,"Advena Living /Cornerstone Group Holdings, Inc. (sublease of Midlands Independent Review Board, LLC / WCG IRB, Inc.)",69fdf0f202bb2c42a87a3f39,"prg815 - One Pine Ridge Plaza {PERG BUILDINGS, LLC}",evidenceOfInsurance,Evidence of Insurance,workersCompensation,Workers' Compensation and Employer's Liability,evidenceOfInsuranceWorkersCompensationEmployersLiabilityEachAccident,Employer's Liability Each Accident,,matchOnce,must be greater or equal to,500000,,non_compliant,Block Requirements,,,false,0,,2026-08-16
"Block Real Estate Services, LLC",69fdf79262446148bd859c27,69fded2462446148bd8492a9,"Advena Living /Cornerstone Group Holdings, Inc. (sublease of Midlands Independent Review Board, LLC / WCG IRB, Inc.)",69fdf0f202bb2c42a87a3f39,"prg815 - One Pine Ridge Plaza {PERG BUILDINGS, LLC}",evidenceOfInsurance,Evidence of Insurance,workersCompensation,Workers' Compensation and Employer's Liability,evidenceOfInsuranceWorkersCompensationEmployersLiabilityDiseaseEachEmployee,Employer's Liability Disease - each employee,,matchOnce,must be greater or equal to,500000,,non_compliant,Block Requirements,,,false,0,,2026-08-16
"Block Real Estate Services, LLC",69fdf79262446148bd859c27,69fded2462446148bd8492a9,"Advena Living /Cornerstone Group Holdings, Inc. (sublease of Midlands Independent Review Board, LLC / WCG IRB, Inc.)",69fdf0f202bb2c42a87a3f39,"prg815 - One Pine Ridge Plaza {PERG BUILDINGS, LLC}",evidenceOfInsurance,Evidence of Insurance,workersCompensation,Workers' Compensation and Employer's Liability,evidenceOfInsuranceWorkersCompensationEmployersLiabilityDiseasePolicyLimit,Employer's Liability Disease - policy limit,,matchOnce,must be greater or equal to,500000,,non_compliant,Block Requirements,,,false,0,,2026-08-16
"Block Real Estate Services, LLC",69fdf79262446148bd859c27,69fded2462446148bd8492a9,"Advena Living /Cornerstone Group Holdings, Inc. (sublease of Midlands Independent Review Board, LLC / WCG IRB, Inc.)",69fdf0f202bb2c42a87a3f39,"prg815 - One Pine Ridge Plaza {PERG BUILDINGS, LLC}",evidenceOfInsurance,Evidence of Insurance,workersCompensation,Workers' Compensation and Employer's Liability,evidenceOfInsuranceWorkersCompensationWaiverOfSubrogationEndorsement,Waiver of Subrogation,"---prompt---
Determine if the insurer has waived their right of subrogation in favor of the certificate holder under the Workers' Compensation policy. Evidence may include: a checked ""Waiver of Subrogation"" box on the certificate, mention in the Description of Operations section stating ""waiver of subrogation applies"", or reference to form WC 00 03 13. Look for language like ""subrogation is waived"" or ""per written contract"".",matchOnce,must be present,,,non_compliant,Block Requirements,,,false,0,,2026-08-16
"Block Real Estate Services, LLC",69fdf79262446148bd859c27,69fded2462446148bd8492a9,"Advena Living /Cornerstone Group Holdings, Inc. (sublease of Midlands Independent Review Board, LLC / WCG IRB, Inc.)",69fdf0f202bb2c42a87a3f39,"prg815 - One Pine Ridge Plaza {PERG BUILDINGS, LLC}",evidenceOfInsurance,Evidence of Insurance,6ac20aae-5728-5d57-b364-aeba38527dba,Additional Requirements,4da5b0f1-4c9d-5885-8cf8-5d3cccaed3e0,"Block Real Estate Services, LLC and all others required by contract are named as Additional Insureds","---prompt---
Determine if the Description of Operations or the Additional Remarks Schedule section states the ""Additional Insured as Construction Management, Inc. and all others required by contract"" or reference to blanket additional insured coverage. Look for language like ""certificate holder is additional insured"" or ""per written contract"".",matchOnce,must be present,,Present,compliant,Block Requirements,,,true,1,,2026-08-16
"Block Real Estate Services, LLC",69fdf79262446148bd859c27,69fded2462446148bd8492a9,"Advena Living /Cornerstone Group Holdings, Inc. (sublease of Midlands Independent Review Board, LLC / WCG IRB, Inc.)",69fdf0f202bb2c42a87a3f39,"prg815 - One Pine Ridge Plaza {PERG BUILDINGS, LLC}",evidenceOfInsurance,Evidence of Insurance,6ac20aae-5728-5d57-b364-aeba38527dba,Additional Requirements,e1017741-e47e-5f58-97b8-fbc3043e919f,Umbrella follows form over General Liability,"---prompt---
Determine if the Umbrella/Excess Liability policy follows form to the underlying policies. Evidence may include: language in the Description of Operations section stating the umbrella follows form to underlying coverages or an additional page endorsement stating that it follows form. Follow form means the umbrella policy adopts the same terms, conditions, and exclusions as the underlying policies.",matchOnce,must be present,,Present,compliant,Block Requirements,,,true,1,,2026-08-16
"Block Real Estate Services, LLC",69fdf79262446148bd859c27,69fded2462446148bd8492a9,"Advena Living /Cornerstone Group Holdings, Inc. (sublease of Midlands Independent Review Board, LLC / WCG IRB, Inc.)",69fdf0f202bb2c42a87a3f39,"prg815 - One Pine Ridge Plaza {PERG BUILDINGS, LLC}",evidenceOfInsurance,Evidence of Insurance,6ac20aae-5728-5d57-b364-aeba38527dba,Additional Requirements,2cdd866f-c9a4-576a-afd8-1d045762790c,The location must be listed as: 8207 Melrose Drive Suite 205 Lenexa KS 66214,,matchOnce,must be present,,Present,compliant,Block Requirements,,,true,1,,2026-08-16
"Block Real Estate Services, LLC",69fdf79262446148bd859c27,69fded2462446148bd8492a9,"Advena Living /Cornerstone Group Holdings, Inc. (sublease of Midlands Independent Review Board, LLC / WCG IRB, Inc.)",69fdf0f202bb2c42a87a3f39,"prg815 - One Pine Ridge Plaza {PERG BUILDINGS, LLC}",evidenceOfInsurance,Evidence of Insurance,6ac20aae-5728-5d57-b364-aeba38527dba,Additional Requirements,3649e9d1-4e09-59bf-8f30-cb33c40cf117,"Certificate Holder must read: c/o Block Real Estate Services, LLC, 4622 Pennsylvania St., Suite 700, Kansas City, MO, 64112",,matchOnce,must be present,,Present,compliant,Block Requirements,,,true,1,,2026-08-16
"Block Real Estate Services, LLC",69fdf79262446148bd859c25,69fded2062446148bd84916b,Siemens Energy Inc,69fdf0f202bb2c42a87a3f39,"prg815 - One Pine Ridge Plaza {PERG BUILDINGS, LLC}",evidenceOfInsurance,Evidence of Insurance,commercialGeneralLiability,Commercial General Liability,evidenceOfInsuranceCommercialGeneralLiabilityCoverageTriggerOccurrence,Coverage Trigger: Occurrence,,matchOnce,must be present,,Present,compliant,Block Requirements,,,false,1,,2026-08-16
"Block Real Estate Services, LLC",69fdf79262446148bd859c25,69fded2062446148bd84916b,Siemens Energy Inc,69fdf0f202bb2c42a87a3f39,"prg815 - One Pine Ridge Plaza {PERG BUILDINGS, LLC}",evidenceOfInsurance,Evidence of Insurance,commercialGeneralLiability,Commercial General Liability,evidenceOfInsuranceCommercialGeneralLiabilityGeneralAggregateLimitAppliesPerLocation,General Aggregate Limit Applies per: Location,,matchOnce,must be present,,,non_compliant,Block Requirements,,,false,0,,2026-08-16
"Block Real Estate Services, LLC",69fdf79262446148bd859c25,69fded2062446148bd84916b,Siemens Energy Inc,69fdf0f202bb2c42a87a3f39,"prg815 - One Pine Ridge Plaza {PERG BUILDINGS, LLC}",evidenceOfInsurance,Evidence of Insurance,commercialGeneralLiability,Commercial General Liability,evidenceOfInsuranceCommercialGeneralLiabilityEachOccurrence,Each Occurrence,,matchOnce,must be greater or equal to,1000000,1000000,compliant,Block Requirements,,,false,1,,2026-08-16
"Block Real Estate Services, LLC",69fdf79262446148bd859c25,69fded2062446148bd84916b,Siemens Energy Inc,69fdf0f202bb2c42a87a3f39,"prg815 - One Pine Ridge Plaza {PERG BUILDINGS, LLC}",evidenceOfInsurance,Evidence of Insurance,commercialGeneralLiability,Commercial General Liability,evidenceOfInsuranceCommercialGeneralLiabilityGeneralAggregate,General Aggregate,,matchOnce,must be greater or equal to,2000000,2000000,compliant,Block Requirements,,,false,1,,2026-08-16
"Block Real Estate Services, LLC",69fdf79262446148bd859c25,69fded2062446148bd84916b,Siemens Energy Inc,69fdf0f202bb2c42a87a3f39,"prg815 - One Pine Ridge Plaza {PERG BUILDINGS, LLC}",evidenceOfInsurance,Evidence of Insurance,commercialGeneralLiability,Commercial General Liability,evidenceOfInsuranceCommercialGeneralLiabilityWaiverOfSubrogationEndorsement,Waiver of Subrogation,"---prompt---
Determine if the insurer has waived their right of subrogation in favor of the certificate holder under the Commercial General Liability policy. Evidence may include: a checked ""Waiver of Subrogation"" box on the certificate, mention in the Description of Operations section stating ""waiver of subrogation applies"", or reference to form CG 24 04. Look for language like ""subrogation is waived"" or ""per written contract"".",matchOnce,must be present,,Present,compliant,Block Requirements,,,false,1,,2026-08-16
"Block Real Estate Services, LLC",69fdf79262446148bd859c25,69fded2062446148bd84916b,Siemens Energy Inc,69fdf0f202bb2c42a87a3f39,"prg815 - One Pine Ridge Plaza {PERG BUILDINGS, LLC}",evidenceOfInsurance,Evidence of Insurance,excessOrUmbrellaLiability,Umbrella/Excess Liability,evidenceOfInsuranceExcessOrUmbrellaLiabilityOccurence,Coverage Trigger: Occurrence,,matchOnce,must be present,,Present,compliant,Block Requirements,,,false,1,,2026-08-16
"Block Real Estate Services, LLC",69fdf79262446148bd859c25,69fded2062446148bd84916b,Siemens Energy Inc,69fdf0f202bb2c42a87a3f39,"prg815 - One Pine Ridge Plaza {PERG BUILDINGS, LLC}",evidenceOfInsurance,Evidence of Insurance,excessOrUmbrellaLiability,Umbrella/Excess Liability,evidenceOfInsuranceExcessOrUmbrellaLiabilityEachOccurrence,Each Occurrence,,matchOnce,must be greater or equal to,1000000,2000000,compliant,Block Requirements,,,false,1,,2026-08-16
"Block Real Estate Services, LLC",69fdf79262446148bd859c25,69fded2062446148bd84916b,Siemens Energy Inc,69fdf0f202bb2c42a87a3f39,"prg815 - One Pine Ridge Plaza {PERG BUILDINGS, LLC}",evidenceOfInsurance,Evidence of Insurance,excessOrUmbrellaLiability,Umbrella/Excess Liability,evidenceOfInsuranceExcessOrUmbrellaLiabilityAggregate,Aggregate,,matchOnce,must be greater or equal to,1000000,2000000,compliant,Block Requirements,,,false,1,,2026-08-16
"Block Real Estate Services, LLC",69fdf79262446148bd859c25,69fded2062446148bd84916b,Siemens Energy Inc,69fdf0f202bb2c42a87a3f39,"prg815 - One Pine Ridge Plaza {PERG BUILDINGS, LLC}",evidenceOfInsurance,Evidence of Insurance,workersCompensation,Workers' Compensation and Employer's Liability,evidenceOfInsuranceWorkersCompensationStatutoryLimits,Statutory Limits,,matchOnce,must be present,,Present,compliant,Block Requirements,,,false,1,,2026-08-16
"Block Real Estate Services, LLC",69fdf79262446148bd859c25,69fded2062446148bd84916b,Siemens Energy Inc,69fdf0f202bb2c42a87a3f39,"prg815 - One Pine Ridge Plaza {PERG BUILDINGS, LLC}",evidenceOfInsurance,Evidence of Insurance,workersCompensation,Workers' Compensation and Employer's Liability,evidenceOfInsuranceWorkersCompensationEmployersLiabilityEachAccident,Employer's Liability Each Accident,,matchOnce,must be greater or equal to,500000,1000000,compliant,Block Requirements,,,false,1,,2026-08-16
"Block Real Estate Services, LLC",69fdf79262446148bd859c25,69fded2062446148bd84916b,Siemens Energy Inc,69fdf0f202bb2c42a87a3f39,"prg815 - One Pine Ridge Plaza {PERG BUILDINGS, LLC}",evidenceOfInsurance,Evidence of Insurance,workersCompensation,Workers' Compensation and Employer's Liability,evidenceOfInsuranceWorkersCompensationEmployersLiabilityDiseaseEachEmployee,Employer's Liability Disease - each employee,,matchOnce,must be greater or equal to,500000,1000000,compliant,Block Requirements,,,false,1,,2026-08-16
"Block Real Estate Services, LLC",69fdf79262446148bd859c25,69fded2062446148bd84916b,Siemens Energy Inc,69fdf0f202bb2c42a87a3f39,"prg815 - One Pine Ridge Plaza {PERG BUILDINGS, LLC}",evidenceOfInsurance,Evidence of Insurance,workersCompensation,Workers' Compensation and Employer's Liability,evidenceOfInsuranceWorkersCompensationEmployersLiabilityDiseasePolicyLimit,Employer's Liability Disease - policy limit,,matchOnce,must be greater or equal to,500000,1000000,compliant,Block Requirements,,,false,1,,2026-08-16
"Block Real Estate Services, LLC",69fdf79262446148bd859c25,69fded2062446148bd84916b,Siemens Energy Inc,69fdf0f202bb2c42a87a3f39,"prg815 - One Pine Ridge Plaza {PERG BUILDINGS, LLC}",evidenceOfInsurance,Evidence of Insurance,workersCompensation,Workers' Compensation and Employer's Liability,evidenceOfInsuranceWorkersCompensationWaiverOfSubrogationEndorsement,Waiver of Subrogation,"---prompt---
Determine if the insurer has waived their right of subrogation in favor of the certificate holder under the Workers' Compensation policy. Evidence may include: a checked ""Waiver of Subrogation"" box on the certificate, mention in the Description of Operations section stating ""waiver of subrogation applies"", or reference to form WC 00 03 13. Look for language like ""subrogation is waived"" or ""per written contract"".",matchOnce,must be present,,Present,compliant,Block Requirements,,,false,1,,2026-08-16
"Block Real Estate Services, LLC",69fdf79262446148bd859c25,69fded2062446148bd84916b,Siemens Energy Inc,69fdf0f202bb2c42a87a3f39,"prg815 - One Pine Ridge Plaza {PERG BUILDINGS, LLC}",evidenceOfInsurance,Evidence of Insurance,6ac20aae-5728-5d57-b364-aeba38527dba,Additional Requirements,4da5b0f1-4c9d-5885-8cf8-5d3cccaed3e0,"Block Real Estate Services, LLC and all others required by contract are named as Additional Insureds","---prompt---
Determine if the Description of Operations or the Additional Remarks Schedule section states the ""Additional Insured as Construction Management, Inc. and all others required by contract"" or reference to blanket additional insured coverage. Look for language like ""certificate holder is additional insured"" or ""per written contract"".",matchOnce,must be present,,Present,compliant,Block Requirements,,,true,1,,2026-08-16
"Block Real Estate Services, LLC",69fdf79262446148bd859c25,69fded2062446148bd84916b,Siemens Energy Inc,69fdf0f202bb2c42a87a3f39,"prg815 - One Pine Ridge Plaza {PERG BUILDINGS, LLC}",evidenceOfInsurance,Evidence of Insurance,6ac20aae-5728-5d57-b364-aeba38527dba,Additional Requirements,e1017741-e47e-5f58-97b8-fbc3043e919f,Umbrella follows form over General Liability,"---prompt---
Determine if the Umbrella/Excess Liability policy follows form to the underlying policies. Evidence may include: language in the Description of Operations section stating the umbrella follows form to underlying coverages or an additional page endorsement stating that it follows form. Follow form means the umbrella policy adopts the same terms, conditions, and exclusions as the underlying policies.",matchOnce,must be present,,Present,compliant,Block Requirements,,,true,1,,2026-08-16
"Block Real Estate Services, LLC",69fdf79262446148bd859c25,69fded2062446148bd84916b,Siemens Energy Inc,69fdf0f202bb2c42a87a3f39,"prg815 - One Pine Ridge Plaza {PERG BUILDINGS, LLC}",evidenceOfInsurance,Evidence of Insurance,6ac20aae-5728-5d57-b364-aeba38527dba,Additional Requirements,2cdd866f-c9a4-576a-afd8-1d045762790c,The location must be listed as: 8207 Melrose Drive Suite 160 Lenexa KS 66214,,matchOnce,must be present,,Present,compliant,Block Requirements,,,true,1,,2026-08-16
"Block Real Estate Services, LLC",69fdf79262446148bd859c25,69fded2062446148bd84916b,Siemens Energy Inc,69fdf0f202bb2c42a87a3f39,"prg815 - One Pine Ridge Plaza {PERG BUILDINGS, LLC}",evidenceOfInsurance,Evidence of Insurance,6ac20aae-5728-5d57-b364-aeba38527dba,Additional Requirements,3649e9d1-4e09-59bf-8f30-cb33c40cf117,"Certificate Holder must read: c/o Block Real Estate Services, LLC, 4622 Pennsylvania St., Suite 700, Kansas City, MO, 64112",,matchOnce,must be present,,Present,compliant,Block Requirements,,,true,1,,2026-08-16
"Block Real Estate Services, LLC",69fdf79262446148bd859c26,69fded2262446148bd849222,Titan Built LLC,69fdf0f202bb2c42a87a3f39,"prg815 - One Pine Ridge Plaza {PERG BUILDINGS, LLC}",evidenceOfInsurance,Evidence of Insurance,commercialGeneralLiability,Commercial General Liability,evidenceOfInsuranceCommercialGeneralLiabilityCoverageTriggerOccurrence,Coverage Trigger: Occurrence,,matchOnce,must be present,,Present,compliant,Block Requirements,,,false,1,,2026-08-16
"Block Real Estate Services, LLC",69fdf79262446148bd859c26,69fded2262446148bd849222,Titan Built LLC,69fdf0f202bb2c42a87a3f39,"prg815 - One Pine Ridge Plaza {PERG BUILDINGS, LLC}",evidenceOfInsurance,Evidence of Insurance,commercialGeneralLiability,Commercial General Liability,evidenceOfInsuranceCommercialGeneralLiabilityGeneralAggregateLimitAppliesPerLocation,General Aggregate Limit Applies per: Location,,matchOnce,must be present,,,non_compliant,Block Requirements,,,false,0,,2026-08-16
"Block Real Estate Services, LLC",69fdf79262446148bd859c26,69fded2262446148bd849222,Titan Built LLC,69fdf0f202bb2c42a87a3f39,"prg815 - One Pine Ridge Plaza {PERG BUILDINGS, LLC}",evidenceOfInsurance,Evidence of Insurance,commercialGeneralLiability,Commercial General Liability,evidenceOfInsuranceCommercialGeneralLiabilityEachOccurrence,Each Occurrence,,matchOnce,must be greater or equal to,1000000,1000000,compliant,Block Requirements,,,false,1,,2026-08-16
"Block Real Estate Services, LLC",69fdf79262446148bd859c26,69fded2262446148bd849222,Titan Built LLC,69fdf0f202bb2c42a87a3f39,"prg815 - One Pine Ridge Plaza {PERG BUILDINGS, LLC}",evidenceOfInsurance,Evidence of Insurance,commercialGeneralLiability,Commercial General Liability,evidenceOfInsuranceCommercialGeneralLiabilityGeneralAggregate,General Aggregate,,matchOnce,must be greater or equal to,2000000,2000000,compliant,Block Requirements,,,false,1,,2026-08-16
"Block Real Estate Services, LLC",69fdf79262446148bd859c26,69fded2262446148bd849222,Titan Built LLC,69fdf0f202bb2c42a87a3f39,"prg815 - One Pine Ridge Plaza {PERG BUILDINGS, LLC}",evidenceOfInsurance,Evidence of Insurance,commercialGeneralLiability,Commercial General Liability,evidenceOfInsuranceCommercialGeneralLiabilityWaiverOfSubrogationEndorsement,Waiver of Subrogation,"---prompt---
Determine if the insurer has waived their right of subrogation in favor of the certificate holder under the Commercial General Liability policy. Evidence may include: a checked ""Waiver of Subrogation"" box on the certificate, mention in the Description of Operations section stating ""waiver of subrogation applies"", or reference to form CG 24 04. Look for language like ""subrogation is waived"" or ""per written contract"".",matchOnce,must be present,,Present,compliant,Block Requirements,,,false,1,,2026-08-16
"Block Real Estate Services, LLC",69fdf79262446148bd859c26,69fded2262446148bd849222,Titan Built LLC,69fdf0f202bb2c42a87a3f39,"prg815 - One Pine Ridge Plaza {PERG BUILDINGS, LLC}",evidenceOfInsurance,Evidence of Insurance,excessOrUmbrellaLiability,Umbrella/Excess Liability,evidenceOfInsuranceExcessOrUmbrellaLiabilityOccurence,Coverage Trigger: Occurrence,,matchOnce,must be present,,Present,compliant,Block Requirements,,,false,1,,2026-08-16
"Block Real Estate Services, LLC",69fdf79262446148bd859c26,69fded2262446148bd849222,Titan Built LLC,69fdf0f202bb2c42a87a3f39,"prg815 - One Pine Ridge Plaza {PERG BUILDINGS, LLC}",evidenceOfInsurance,Evidence of Insurance,excessOrUmbrellaLiability,Umbrella/Excess Liability,evidenceOfInsuranceExcessOrUmbrellaLiabilityEachOccurrence,Each Occurrence,,matchOnce,must be greater or equal to,1000000,10000000,compliant,Block Requirements,,,false,1,,2026-08-16
"Block Real Estate Services, LLC",69fdf79262446148bd859c26,69fded2262446148bd849222,Titan Built LLC,69fdf0f202bb2c42a87a3f39,"prg815 - One Pine Ridge Plaza {PERG BUILDINGS, LLC}",evidenceOfInsurance,Evidence of Insurance,excessOrUmbrellaLiability,Umbrella/Excess Liability,evidenceOfInsuranceExcessOrUmbrellaLiabilityAggregate,Aggregate,,matchOnce,must be greater or equal to,1000000,10000000,compliant,Block Requirements,,,false,1,,2026-08-16
"Block Real Estate Services, LLC",69fdf79262446148bd859c26,69fded2262446148bd849222,Titan Built LLC,69fdf0f202bb2c42a87a3f39,"prg815 - One Pine Ridge Plaza {PERG BUILDINGS, LLC}",evidenceOfInsurance,Evidence of Insurance,workersCompensation,Workers' Compensation and Employer's Liability,evidenceOfInsuranceWorkersCompensationStatutoryLimits,Statutory Limits,,matchOnce,must be present,,Present,compliant,Block Requirements,,,false,1,,2026-08-16
"Block Real Estate Services, LLC",69fdf79262446148bd859c26,69fded2262446148bd849222,Titan Built LLC,69fdf0f202bb2c42a87a3f39,"prg815 - One Pine Ridge Plaza {PERG BUILDINGS, LLC}",evidenceOfInsurance,Evidence of Insurance,workersCompensation,Workers' Compensation and Employer's Liability,evidenceOfInsuranceWorkersCompensationEmployersLiabilityEachAccident,Employer's Liability Each Accident,,matchOnce,must be greater or equal to,500000,1000000,compliant,Block Requirements,,,false,1,,2026-08-16
"Block Real Estate Services, LLC",69fdf79262446148bd859c26,69fded2262446148bd849222,Titan Built LLC,69fdf0f202bb2c42a87a3f39,"prg815 - One Pine Ridge Plaza {PERG BUILDINGS, LLC}",evidenceOfInsurance,Evidence of Insurance,workersCompensation,Workers' Compensation and Employer's Liability,evidenceOfInsuranceWorkersCompensationEmployersLiabilityDiseaseEachEmployee,Employer's Liability Disease - each employee,,matchOnce,must be greater or equal to,500000,1000000,compliant,Block Requirements,,,false,1,,2026-08-16
"Block Real Estate Services, LLC",69fdf79262446148bd859c26,69fded2262446148bd849222,Titan Built LLC,69fdf0f202bb2c42a87a3f39,"prg815 - One Pine Ridge Plaza {PERG BUILDINGS, LLC}",evidenceOfInsurance,Evidence of Insurance,workersCompensation,Workers' Compensation and Employer's Liability,evidenceOfInsuranceWorkersCompensationEmployersLiabilityDiseasePolicyLimit,Employer's Liability Disease - policy limit,,matchOnce,must be greater or equal to,500000,1000000,compliant,Block Requirements,,,false,1,,2026-08-16
"Block Real Estate Services, LLC",69fdf79262446148bd859c26,69fded2262446148bd849222,Titan Built LLC,69fdf0f202bb2c42a87a3f39,"prg815 - One Pine Ridge Plaza {PERG BUILDINGS, LLC}",evidenceOfInsurance,Evidence of Insurance,workersCompensation,Workers' Compensation and Employer's Liability,evidenceOfInsuranceWorkersCompensationWaiverOfSubrogationEndorsement,Waiver of Subrogation,"---prompt---
Determine if the insurer has waived their right of subrogation in favor of the certificate holder under the Workers' Compensation policy. Evidence may include: a checked ""Waiver of Subrogation"" box on the certificate, mention in the Description of Operations section stating ""waiver of subrogation applies"", or reference to form WC 00 03 13. Look for language like ""subrogation is waived"" or ""per written contract"".",matchOnce,must be present,,,non_compliant,Block Requirements,,,false,0,,2026-08-16
"Block Real Estate Services, LLC",69fdf79262446148bd859c26,69fded2262446148bd849222,Titan Built LLC,69fdf0f202bb2c42a87a3f39,"prg815 - One Pine Ridge Plaza {PERG BUILDINGS, LLC}",evidenceOfInsurance,Evidence of Insurance,6ac20aae-5728-5d57-b364-aeba38527dba,Additional Requirements,4da5b0f1-4c9d-5885-8cf8-5d3cccaed3e0,"Block Real Estate Services, LLC and all others required by contract are named as Additional Insureds","---prompt---
Determine if the Description of Operations or the Additional Remarks Schedule section states the ""Additional Insured as Construction Management, Inc. and all others required by contract"" or reference to blanket additional insured coverage. Look for language like ""certificate holder is additional insured"" or ""per written contract"".",matchOnce,must be present,,,non_compliant,Block Requirements,,,true,0,,2026-08-16
"Block Real Estate Services, LLC",69fdf79262446148bd859c26,69fded2262446148bd849222,Titan Built LLC,69fdf0f202bb2c42a87a3f39,"prg815 - One Pine Ridge Plaza {PERG BUILDINGS, LLC}",evidenceOfInsurance,Evidence of Insurance,6ac20aae-5728-5d57-b364-aeba38527dba,Additional Requirements,e1017741-e47e-5f58-97b8-fbc3043e919f,Umbrella follows form over General Liability,"---prompt---
Determine if the Umbrella/Excess Liability policy follows form to the underlying policies. Evidence may include: language in the Description of Operations section stating the umbrella follows form to underlying coverages or an additional page endorsement stating that it follows form. Follow form means the umbrella policy adopts the same terms, conditions, and exclusions as the underlying policies.",matchOnce,must be present,,,non_compliant,Block Requirements,,,true,0,,2026-08-16
"Block Real Estate Services, LLC",69fdf79262446148bd859c26,69fded2262446148bd849222,Titan Built LLC,69fdf0f202bb2c42a87a3f39,"prg815 - One Pine Ridge Plaza {PERG BUILDINGS, LLC}",evidenceOfInsurance,Evidence of Insurance,6ac20aae-5728-5d57-b364-aeba38527dba,Additional Requirements,2cdd866f-c9a4-576a-afd8-1d045762790c,"The location must be listed as: 8207 Melrose Drive Suites 200, 200B Lenexa KS 66214",,matchOnce,must be present,,,non_compliant,Block Requirements,,,true,0,,2026-08-16
"Block Real Estate Services, LLC",69fdf79262446148bd859c26,69fded2262446148bd849222,Titan Built LLC,69fdf0f202bb2c42a87a3f39,"prg815 - One Pine Ridge Plaza {PERG BUILDINGS, LLC}",evidenceOfInsurance,Evidence of Insurance,6ac20aae-5728-5d57-b364-aeba38527dba,Additional Requirements,3649e9d1-4e09-59bf-8f30-cb33c40cf117,"Certificate Holder must read: c/o Block Real Estate Services, LLC, 4622 Pennsylvania St., Suite 700, Kansas City, MO, 64112",,matchOnce,must be present,,,non_compliant,Block Requirements,,,true,0,,2026-08-16
"Block Real Estate Services, LLC",69fdf79262446148bd859c22,69fded0e62446148bd848bc5,Bankers Life and Casualty Company,69fdf0f202bb2c42a87a3f39,"prg815 - One Pine Ridge Plaza {PERG BUILDINGS, LLC}",evidenceOfInsurance,Evidence of Insurance,commercialGeneralLiability,Commercial General Liability,evidenceOfInsuranceCommercialGeneralLiabilityCoverageTriggerOccurrence,Coverage Trigger: Occurrence,,matchOnce,must be present,,,non_compliant,Block Requirements,,,false,0,,2026-08-16
"Block Real Estate Services, LLC",69fdf79262446148bd859c22,69fded0e62446148bd848bc5,Bankers Life and Casualty Company,69fdf0f202bb2c42a87a3f39,"prg815 - One Pine Ridge Plaza {PERG BUILDINGS, LLC}",evidenceOfInsurance,Evidence of Insurance,commercialGeneralLiability,Commercial General Liability,evidenceOfInsuranceCommercialGeneralLiabilityGeneralAggregateLimitAppliesPerLocation,General Aggregate Limit Applies per: Location,,matchOnce,must be present,,,non_compliant,Block Requirements,,,false,0,,2026-08-16
"Block Real Estate Services, LLC",69fdf79262446148bd859c22,69fded0e62446148bd848bc5,Bankers Life and Casualty Company,69fdf0f202bb2c42a87a3f39,"prg815 - One Pine Ridge Plaza {PERG BUILDINGS, LLC}",evidenceOfInsurance,Evidence of Insurance,commercialGeneralLiability,Commercial General Liability,evidenceOfInsuranceCommercialGeneralLiabilityEachOccurrence,Each Occurrence,,matchOnce,must be greater or equal to,1000000,,non_compliant,Block Requirements,,,false,0,,2026-08-16
"Block Real Estate Services, LLC",69fdf79262446148bd859c22,69fded0e62446148bd848bc5,Bankers Life and Casualty Company,69fdf0f202bb2c42a87a3f39,"prg815 - One Pine Ridge Plaza {PERG BUILDINGS, LLC}",evidenceOfInsurance,Evidence of Insurance,commercialGeneralLiability,Commercial General Liability,evidenceOfInsuranceCommercialGeneralLiabilityGeneralAggregate,General Aggregate,,matchOnce,must be greater or equal to,2000000,,non_compliant,Block Requirements,,,false,0,,2026-08-16
"Block Real Estate Services, LLC",69fdf79262446148bd859c22,69fded0e62446148bd848bc5,Bankers Life and Casualty Company,69fdf0f202bb2c42a87a3f39,"prg815 - One Pine Ridge Plaza {PERG BUILDINGS, LLC}",evidenceOfInsurance,Evidence of Insurance,commercialGeneralLiability,Commercial General Liability,evidenceOfInsuranceCommercialGeneralLiabilityWaiverOfSubrogationEndorsement,Waiver of Subrogation,"---prompt---
Determine if the insurer has waived their right of subrogation in favor of the certificate holder under the Commercial General Liability policy. Evidence may include: a checked ""Waiver of Subrogation"" box on the certificate, mention in the Description of Operations section stating ""waiver of subrogation applies"", or reference to form CG 24 04. Look for language like ""subrogation is waived"" or ""per written contract"".",matchOnce,must be present,,,non_compliant,Block Requirements,,,false,0,,2026-08-16
"Block Real Estate Services, LLC",69fdf79262446148bd859c22,69fded0e62446148bd848bc5,Bankers Life and Casualty Company,69fdf0f202bb2c42a87a3f39,"prg815 - One Pine Ridge Plaza {PERG BUILDINGS, LLC}",evidenceOfInsurance,Evidence of Insurance,excessOrUmbrellaLiability,Umbrella/Excess Liability,evidenceOfInsuranceExcessOrUmbrellaLiabilityOccurence,Coverage Trigger: Occurrence,,matchOnce,must be present,,,non_compliant,Block Requirements,,,false,0,,2026-08-16
"Block Real Estate Services, LLC",69fdf79262446148bd859c22,69fded0e62446148bd848bc5,Bankers Life and Casualty Company,69fdf0f202bb2c42a87a3f39,"prg815 - One Pine Ridge Plaza {PERG BUILDINGS, LLC}",evidenceOfInsurance,Evidence of Insurance,excessOrUmbrellaLiability,Umbrella/Excess Liability,evidenceOfInsuranceExcessOrUmbrellaLiabilityEachOccurrence,Each Occurrence,,matchOnce,must be greater or equal to,1000000,,non_compliant,Block Requirements,,,false,0,,2026-08-16
"Block Real Estate Services, LLC",69fdf79262446148bd859c22,69fded0e62446148bd848bc5,Bankers Life and Casualty Company,69fdf0f202bb2c42a87a3f39,"prg815 - One Pine Ridge Plaza {PERG BUILDINGS, LLC}",evidenceOfInsurance,Evidence of Insurance,excessOrUmbrellaLiability,Umbrella/Excess Liability,evidenceOfInsuranceExcessOrUmbrellaLiabilityAggregate,Aggregate,,matchOnce,must be greater or equal to,1000000,,non_compliant,Block Requirements,,,false,0,,2026-08-16
"Block Real Estate Services, LLC",69fdf79262446148bd859c22,69fded0e62446148bd848bc5,Bankers Life and Casualty Company,69fdf0f202bb2c42a87a3f39,"prg815 - One Pine Ridge Plaza {PERG BUILDINGS, LLC}",evidenceOfInsurance,Evidence of Insurance,workersCompensation,Workers' Compensation and Employer's Liability,evidenceOfInsuranceWorkersCompensationStatutoryLimits,Statutory Limits,,matchOnce,must be present,,,non_compliant,Block Requirements,,,false,0,,2026-08-16
"Block Real Estate Services, LLC",69fdf79262446148bd859c22,69fded0e62446148bd848bc5,Bankers Life and Casualty Company,69fdf0f202bb2c42a87a3f39,"prg815 - One Pine Ridge Plaza {PERG BUILDINGS, LLC}",evidenceOfInsurance,Evidence of Insurance,workersCompensation,Workers' Compensation and Employer's Liability,evidenceOfInsuranceWorkersCompensationEmployersLiabilityEachAccident,Employer's Liability Each Accident,,matchOnce,must be greater or equal to,500000,,non_compliant,Block Requirements,,,false,0,,2026-08-16
"Block Real Estate Services, LLC",69fdf79262446148bd859c22,69fded0e62446148bd848bc5,Bankers Life and Casualty Company,69fdf0f202bb2c42a87a3f39,"prg815 - One Pine Ridge Plaza {PERG BUILDINGS, LLC}",evidenceOfInsurance,Evidence of Insurance,workersCompensation,Workers' Compensation and Employer's Liability,evidenceOfInsuranceWorkersCompensationEmployersLiabilityDiseaseEachEmployee,Employer's Liability Disease - each employee,,matchOnce,must be greater or equal to,500000,,non_compliant,Block Requirements,,,false,0,,2026-08-16
"Block Real Estate Services, LLC",69fdf79262446148bd859c22,69fded0e62446148bd848bc5,Bankers Life and Casualty Company,69fdf0f202bb2c42a87a3f39,"prg815 - One Pine Ridge Plaza {PERG BUILDINGS, LLC}",evidenceOfInsurance,Evidence of Insurance,workersCompensation,Workers' Compensation and Employer's Liability,evidenceOfInsuranceWorkersCompensationEmployersLiabilityDiseasePolicyLimit,Employer's Liability Disease - policy limit,,matchOnce,must be greater or equal to,500000,,non_compliant,Block Requirements,,,false,0,,2026-08-16
"Block Real Estate Services, LLC",69fdf79262446148bd859c22,69fded0e62446148bd848bc5,Bankers Life and Casualty Company,69fdf0f202bb2c42a87a3f39,"prg815 - One Pine Ridge Plaza {PERG BUILDINGS, LLC}",evidenceOfInsurance,Evidence of Insurance,workersCompensation,Workers' Compensation and Employer's Liability,evidenceOfInsuranceWorkersCompensationWaiverOfSubrogationEndorsement,Waiver of Subrogation,"---prompt---
Determine if the insurer has waived their right of subrogation in favor of the certificate holder under the Workers' Compensation policy. Evidence may include: a checked ""Waiver of Subrogation"" box on the certificate, mention in the Description of Operations section stating ""waiver of subrogation applies"", or reference to form WC 00 03 13. Look for language like ""subrogation is waived"" or ""per written contract"".",matchOnce,must be present,,,non_compliant,Block Requirements,,,false,0,,2026-08-16
"Block Real Estate Services, LLC",69fdf79262446148bd859c22,69fded0e62446148bd848bc5,Bankers Life and Casualty Company,69fdf0f202bb2c42a87a3f39,"prg815 - One Pine Ridge Plaza {PERG BUILDINGS, LLC}",evidenceOfInsurance,Evidence of Insurance,6ac20aae-5728-5d57-b364-aeba38527dba,Additional Requirements,4da5b0f1-4c9d-5885-8cf8-5d3cccaed3e0,"Block Real Estate Services, LLC and all others required by contract are named as Additional Insureds","---prompt---
Determine if the Description of Operations or the Additional Remarks Schedule section states the ""Additional Insured as Construction Management, Inc. and all others required by contract"" or reference to blanket additional insured coverage. Look for language like ""certificate holder is additional insured"" or ""per written contract"".",matchOnce,must be present,,,non_compliant,Block Requirements,,,true,0,,2026-08-16
"Block Real Estate Services, LLC",69fdf79262446148bd859c22,69fded0e62446148bd848bc5,Bankers Life and Casualty Company,69fdf0f202bb2c42a87a3f39,"prg815 - One Pine Ridge Plaza {PERG BUILDINGS, LLC}",evidenceOfInsurance,Evidence of Insurance,6ac20aae-5728-5d57-b364-aeba38527dba,Additional Requirements,e1017741-e47e-5f58-97b8-fbc3043e919f,Umbrella follows form over General Liability,"---prompt---
Determine if the Umbrella/Excess Liability policy follows form to the underlying policies. Evidence may include: language in the Description of Operations section stating the umbrella follows form to underlying coverages or an additional page endorsement stating that it follows form. Follow form means the umbrella policy adopts the same terms, conditions, and exclusions as the underlying policies.",matchOnce,must be present,,,non_compliant,Block Requirements,,,true,0,,2026-08-16
"Block Real Estate Services, LLC",69fdf79262446148bd859c22,69fded0e62446148bd848bc5,Bankers Life and Casualty Company,69fdf0f202bb2c42a87a3f39,"prg815 - One Pine Ridge Plaza {PERG BUILDINGS, LLC}",evidenceOfInsurance,Evidence of Insurance,6ac20aae-5728-5d57-b364-aeba38527dba,Additional Requirements,2cdd866f-c9a4-576a-afd8-1d045762790c,The location must be listed as: 8207 Melrose Drive Suite 150 Lenexa KS 66214,,matchOnce,must be present,,,non_compliant,Block Requirements,,,true,0,,2026-08-16
"Block Real Estate Services, LLC",69fdf79262446148bd859c22,69fded0e62446148bd848bc5,Bankers Life and Casualty Company,69fdf0f202bb2c42a87a3f39,"prg815 - One Pine Ridge Plaza {PERG BUILDINGS, LLC}",evidenceOfInsurance,Evidence of Insurance,6ac20aae-5728-5d57-b364-aeba38527dba,Additional Requirements,3649e9d1-4e09-59bf-8f30-cb33c40cf117,"Certificate Holder must read: c/o Block Real Estate Services, LLC, 4622 Pennsylvania St., Suite 700, Kansas City, MO, 64112",,matchOnce,must be present,,,non_compliant,Block Requirements,,,true,0,,2026-08-16
"Block Real Estate Services, LLC",69fdf79262446148bd859c24,69fded1c62446148bd84901e,Old National Bank (fka First Midwest Bank ),69fdf0f202bb2c42a87a3f39,"prg815 - One Pine Ridge Plaza {PERG BUILDINGS, LLC}",evidenceOfInsurance,Evidence of Insurance,commercialGeneralLiability,Commercial General Liability,evidenceOfInsuranceCommercialGeneralLiabilityCoverageTriggerOccurrence,Coverage Trigger: Occurrence,,matchOnce,must be present,,,non_compliant,Block Requirements,,,false,0,,2026-08-16
"Block Real Estate Services, LLC",69fdf79262446148bd859c24,69fded1c62446148bd84901e,Old National Bank (fka First Midwest Bank ),69fdf0f202bb2c42a87a3f39,"prg815 - One Pine Ridge Plaza {PERG BUILDINGS, LLC}",evidenceOfInsurance,Evidence of Insurance,commercialGeneralLiability,Commercial General Liability,evidenceOfInsuranceCommercialGeneralLiabilityGeneralAggregateLimitAppliesPerLocation,General Aggregate Limit Applies per: Location,,matchOnce,must be present,,,non_compliant,Block Requirements,,,false,0,,2026-08-16
"Block Real Estate Services, LLC",69fdf79262446148bd859c24,69fded1c62446148bd84901e,Old National Bank (fka First Midwest Bank ),69fdf0f202bb2c42a87a3f39,"prg815 - One Pine Ridge Plaza {PERG BUILDINGS, LLC}",evidenceOfInsurance,Evidence of Insurance,commercialGeneralLiability,Commercial General Liability,evidenceOfInsuranceCommercialGeneralLiabilityEachOccurrence,Each Occurrence,,matchOnce,must be greater or equal to,1000000,,non_compliant,Block Requirements,,,false,0,,2026-08-16
"Block Real Estate Services, LLC",69fdf79262446148bd859c24,69fded1c62446148bd84901e,Old National Bank (fka First Midwest Bank ),69fdf0f202bb2c42a87a3f39,"prg815 - One Pine Ridge Plaza {PERG BUILDINGS, LLC}",evidenceOfInsurance,Evidence of Insurance,commercialGeneralLiability,Commercial General Liability,evidenceOfInsuranceCommercialGeneralLiabilityGeneralAggregate,General Aggregate,,matchOnce,must be greater or equal to,2000000,,non_compliant,Block Requirements,,,false,0,,2026-08-16
"Block Real Estate Services, LLC",69fdf79262446148bd859c24,69fded1c62446148bd84901e,Old National Bank (fka First Midwest Bank ),69fdf0f202bb2c42a87a3f39,"prg815 - One Pine Ridge Plaza {PERG BUILDINGS, LLC}",evidenceOfInsurance,Evidence of Insurance,commercialGeneralLiability,Commercial General Liability,evidenceOfInsuranceCommercialGeneralLiabilityWaiverOfSubrogationEndorsement,Waiver of Subrogation,"---prompt---
Determine if the insurer has waived their right of subrogation in favor of the certificate holder under the Commercial General Liability policy. Evidence may include: a checked ""Waiver of Subrogation"" box on the certificate, mention in the Description of Operations section stating ""waiver of subrogation applies"", or reference to form CG 24 04. Look for language like ""subrogation is waived"" or ""per written contract"".",matchOnce,must be present,,,non_compliant,Block Requirements,,,false,0,,2026-08-16
"Block Real Estate Services, LLC",69fdf79262446148bd859c24,69fded1c62446148bd84901e,Old National Bank (fka First Midwest Bank ),69fdf0f202bb2c42a87a3f39,"prg815 - One Pine Ridge Plaza {PERG BUILDINGS, LLC}",evidenceOfInsurance,Evidence of Insurance,excessOrUmbrellaLiability,Umbrella/Excess Liability,evidenceOfInsuranceExcessOrUmbrellaLiabilityOccurence,Coverage Trigger: Occurrence,,matchOnce,must be present,,,non_compliant,Block Requirements,,,false,0,,2026-08-16
"Block Real Estate Services, LLC",69fdf79262446148bd859c24,69fded1c62446148bd84901e,Old National Bank (fka First Midwest Bank ),69fdf0f202bb2c42a87a3f39,"prg815 - One Pine Ridge Plaza {PERG BUILDINGS, LLC}",evidenceOfInsurance,Evidence of Insurance,excessOrUmbrellaLiability,Umbrella/Excess Liability,evidenceOfInsuranceExcessOrUmbrellaLiabilityEachOccurrence,Each Occurrence,,matchOnce,must be greater or equal to,1000000,,non_compliant,Block Requirements,,,false,0,,2026-08-16
"Block Real Estate Services, LLC",69fdf79262446148bd859c24,69fded1c62446148bd84901e,Old National Bank (fka First Midwest Bank ),69fdf0f202bb2c42a87a3f39,"prg815 - One Pine Ridge Plaza {PERG BUILDINGS, LLC}",evidenceOfInsurance,Evidence of Insurance,excessOrUmbrellaLiability,Umbrella/Excess Liability,evidenceOfInsuranceExcessOrUmbrellaLiabilityAggregate,Aggregate,,matchOnce,must be greater or equal to,1000000,,non_compliant,Block Requirements,,,false,0,,2026-08-16
"Block Real Estate Services, LLC",69fdf79262446148bd859c24,69fded1c62446148bd84901e,Old National Bank (fka First Midwest Bank ),69fdf0f202bb2c42a87a3f39,"prg815 - One Pine Ridge Plaza {PERG BUILDINGS, LLC}",evidenceOfInsurance,Evidence of Insurance,workersCompensation,Workers' Compensation and Employer's Liability,evidenceOfInsuranceWorkersCompensationStatutoryLimits,Statutory Limits,,matchOnce,must be present,,,non_compliant,Block Requirements,,,false,0,,2026-08-16
"Block Real Estate Services, LLC",69fdf79262446148bd859c24,69fded1c62446148bd84901e,Old National Bank (fka First Midwest Bank ),69fdf0f202bb2c42a87a3f39,"prg815 - One Pine Ridge Plaza {PERG BUILDINGS, LLC}",evidenceOfInsurance,Evidence of Insurance,workersCompensation,Workers' Compensation and Employer's Liability,evidenceOfInsuranceWorkersCompensationEmployersLiabilityEachAccident,Employer's Liability Each Accident,,matchOnce,must be greater or equal to,500000,,non_compliant,Block Requirements,,,false,0,,2026-08-16
"Block Real Estate Services, LLC",69fdf79262446148bd859c24,69fded1c62446148bd84901e,Old National Bank (fka First Midwest Bank ),69fdf0f202bb2c42a87a3f39,"prg815 - One Pine Ridge Plaza {PERG BUILDINGS, LLC}",evidenceOfInsurance,Evidence of Insurance,workersCompensation,Workers' Compensation and Employer's Liability,evidenceOfInsuranceWorkersCompensationEmployersLiabilityDiseaseEachEmployee,Employer's Liability Disease - each employee,,matchOnce,must be greater or equal to,500000,,non_compliant,Block Requirements,,,false,0,,2026-08-16
"Block Real Estate Services, LLC",69fdf79262446148bd859c24,69fded1c62446148bd84901e,Old National Bank (fka First Midwest Bank ),69fdf0f202bb2c42a87a3f39,"prg815 - One Pine Ridge Plaza {PERG BUILDINGS, LLC}",evidenceOfInsurance,Evidence of Insurance,workersCompensation,Workers' Compensation and Employer's Liability,evidenceOfInsuranceWorkersCompensationEmployersLiabilityDiseasePolicyLimit,Employer's Liability Disease - policy limit,,matchOnce,must be greater or equal to,500000,,non_compliant,Block Requirements,,,false,0,,2026-08-16
"Block Real Estate Services, LLC",69fdf79262446148bd859c24,69fded1c62446148bd84901e,Old National Bank (fka First Midwest Bank ),69fdf0f202bb2c42a87a3f39,"prg815 - One Pine Ridge Plaza {PERG BUILDINGS, LLC}",evidenceOfInsurance,Evidence of Insurance,workersCompensation,Workers' Compensation and Employer's Liability,evidenceOfInsuranceWorkersCompensationWaiverOfSubrogationEndorsement,Waiver of Subrogation,"---prompt---
Determine if the insurer has waived their right of subrogation in favor of the certificate holder under the Workers' Compensation policy. Evidence may include: a checked ""Waiver of Subrogation"" box on the certificate, mention in the Description of Operations section stating ""waiver of subrogation applies"", or reference to form WC 00 03 13. Look for language like ""subrogation is waived"" or ""per written contract"".",matchOnce,must be present,,,non_compliant,Block Requirements,,,false,0,,2026-08-16
"Block Real Estate Services, LLC",69fdf79262446148bd859c24,69fded1c62446148bd84901e,Old National Bank (fka First Midwest Bank ),69fdf0f202bb2c42a87a3f39,"prg815 - One Pine Ridge Plaza {PERG BUILDINGS, LLC}",evidenceOfInsurance,Evidence of Insurance,6ac20aae-5728-5d57-b364-aeba38527dba,Additional Requirements,4da5b0f1-4c9d-5885-8cf8-5d3cccaed3e0,"Block Real Estate Services, LLC and all others required by contract are named as Additional Insureds","---prompt---
Determine if the Description of Operations or the Additional Remarks Schedule section states the ""Additional Insured as Construction Management, Inc. and all others required by contract"" or reference to blanket additional insured coverage. Look for language like ""certificate holder is additional insured"" or ""per written contract"".",matchOnce,must be present,,,non_compliant,Block Requirements,,,true,0,,2026-08-16
"Block Real Estate Services, LLC",69fdf79262446148bd859c24,69fded1c62446148bd84901e,Old National Bank (fka First Midwest Bank ),69fdf0f202bb2c42a87a3f39,"prg815 - One Pine Ridge Plaza {PERG BUILDINGS, LLC}",evidenceOfInsurance,Evidence of Insurance,6ac20aae-5728-5d57-b364-aeba38527dba,Additional Requirements,e1017741-e47e-5f58-97b8-fbc3043e919f,Umbrella follows form over General Liability,"---prompt---
Determine if the Umbrella/Excess Liability policy follows form to the underlying policies. Evidence may include: language in the Description of Operations section stating the umbrella follows form to underlying coverages or an additional page endorsement stating that it follows form. Follow form means the umbrella policy adopts the same terms, conditions, and exclusions as the underlying policies.",matchOnce,must be present,,,non_compliant,Block Requirements,,,true,0,,2026-08-16
"Block Real Estate Services, LLC",69fdf79262446148bd859c24,69fded1c62446148bd84901e,Old National Bank (fka First Midwest Bank ),69fdf0f202bb2c42a87a3f39,"prg815 - One Pine Ridge Plaza {PERG BUILDINGS, LLC}",evidenceOfInsurance,Evidence of Insurance,6ac20aae-5728-5d57-b364-aeba38527dba,Additional Requirements,2cdd866f-c9a4-576a-afd8-1d045762790c,The location must be listed as: 8207 Melrose Drive Suite 166 Lenexa KS 66214,,matchOnce,must be present,,,non_compliant,Block Requirements,,,true,0,,2026-08-16
"Block Real Estate Services, LLC",69fdf79262446148bd859c24,69fded1c62446148bd84901e,Old National Bank (fka First Midwest Bank ),69fdf0f202bb2c42a87a3f39,"prg815 - One Pine Ridge Plaza {PERG BUILDINGS, LLC}",evidenceOfInsurance,Evidence of Insurance,6ac20aae-5728-5d57-b364-aeba38527dba,Additional Requirements,3649e9d1-4e09-59bf-8f30-cb33c40cf117,"Certificate Holder must read: c/o Block Real Estate Services, LLC, 4622 Pennsylvania St., Suite 700, Kansas City, MO, 64112",,matchOnce,must be present,,,non_compliant,Block Requirements,,,true,0,,2026-08-16
"Block Real Estate Services, LLC",6a187c15a1ec98c09c96839a,69fded0f62446148bd848bcb,"Banner Logistics, Inc",69fdf0bc3b208288e0a7f1c2,"pas772 - Paseo Industrial - 1600 Vernon {Paseo Industrial, LLC}",evidenceOfInsurance,Evidence of Insurance,commercialGeneralLiability,Commercial General Liability,evidenceOfInsuranceCommercialGeneralLiabilityCoverageTriggerOccurrence,Coverage Trigger: Occurrence,,matchOnce,must be present,,,non_compliant,Block Requirements,,,false,0,,2026-08-16
"Block Real Estate Services, LLC",6a187c15a1ec98c09c96839a,69fded0f62446148bd848bcb,"Banner Logistics, Inc",69fdf0bc3b208288e0a7f1c2,"pas772 - Paseo Industrial - 1600 Vernon {Paseo Industrial, LLC}",evidenceOfInsurance,Evidence of Insurance,commercialGeneralLiability,Commercial General Liability,evidenceOfInsuranceCommercialGeneralLiabilityGeneralAggregateLimitAppliesPerLocation,General Aggregate Limit Applies per: Location,,matchOnce,must be present,,,non_compliant,Block Requirements,,,false,0,,2026-08-16
"Block Real Estate Services, LLC",6a187c15a1ec98c09c96839a,69fded0f62446148bd848bcb,"Banner Logistics, Inc",69fdf0bc3b208288e0a7f1c2,"pas772 - Paseo Industrial - 1600 Vernon {Paseo Industrial, LLC}",evidenceOfInsurance,Evidence of Insurance,commercialGeneralLiability,Commercial General Liability,evidenceOfInsuranceCommercialGeneralLiabilityEachOccurrence,Each Occurrence,,matchOnce,must be greater or equal to,1000000,,non_compliant,Block Requirements,,,false,0,,2026-08-16
"Block Real Estate Services, LLC",6a187c15a1ec98c09c96839a,69fded0f62446148bd848bcb,"Banner Logistics, Inc",69fdf0bc3b208288e0a7f1c2,"pas772 - Paseo Industrial - 1600 Vernon {Paseo Industrial, LLC}",evidenceOfInsurance,Evidence of Insurance,commercialGeneralLiability,Commercial General Liability,evidenceOfInsuranceCommercialGeneralLiabilityGeneralAggregate,General Aggregate,,matchOnce,must be greater or equal to,2000000,,non_compliant,Block Requirements,,,false,0,,2026-08-16
"Block Real Estate Services, LLC",6a187c15a1ec98c09c96839a,69fded0f62446148bd848bcb,"Banner Logistics, Inc",69fdf0bc3b208288e0a7f1c2,"pas772 - Paseo Industrial - 1600 Vernon {Paseo Industrial, LLC}",evidenceOfInsurance,Evidence of Insurance,commercialGeneralLiability,Commercial General Liability,evidenceOfInsuranceCommercialGeneralLiabilityWaiverOfSubrogationEndorsement,Waiver of Subrogation,"---prompt---
Determine if the insurer has waived their right of subrogation in favor of the certificate holder under the Commercial General Liability policy. Evidence may include: a checked ""Waiver of Subrogation"" box on the certificate, mention in the Description of Operations section stating ""waiver of subrogation applies"", or reference to form CG 24 04. Look for language like ""subrogation is waived"" or ""per written contract"".",matchOnce,must be present,,,non_compliant,Block Requirements,,,false,0,,2026-08-16
"Block Real Estate Services, LLC",6a187c15a1ec98c09c96839a,69fded0f62446148bd848bcb,"Banner Logistics, Inc",69fdf0bc3b208288e0a7f1c2,"pas772 - Paseo Industrial - 1600 Vernon {Paseo Industrial, LLC}",evidenceOfInsurance,Evidence of Insurance,excessOrUmbrellaLiability,Umbrella/Excess Liability,evidenceOfInsuranceExcessOrUmbrellaLiabilityOccurence,Coverage Trigger: Occurrence,,matchOnce,must be present,,,non_compliant,Block Requirements,,,false,0,,2026-08-16
"Block Real Estate Services, LLC",6a187c15a1ec98c09c96839a,69fded0f62446148bd848bcb,"Banner Logistics, Inc",69fdf0bc3b208288e0a7f1c2,"pas772 - Paseo Industrial - 1600 Vernon {Paseo Industrial, LLC}",evidenceOfInsurance,Evidence of Insurance,excessOrUmbrellaLiability,Umbrella/Excess Liability,evidenceOfInsuranceExcessOrUmbrellaLiabilityEachOccurrence,Each Occurrence,,matchOnce,must be greater or equal to,1000000,,non_compliant,Block Requirements,,,false,0,,2026-08-16
"Block Real Estate Services, LLC",6a187c15a1ec98c09c96839a,69fded0f62446148bd848bcb,"Banner Logistics, Inc",69fdf0bc3b208288e0a7f1c2,"pas772 - Paseo Industrial - 1600 Vernon {Paseo Industrial, LLC}",evidenceOfInsurance,Evidence of Insurance,excessOrUmbrellaLiability,Umbrella/Excess Liability,evidenceOfInsuranceExcessOrUmbrellaLiabilityAggregate,Aggregate,,matchOnce,must be greater or equal to,1000000,,non_compliant,Block Requirements,,,false,0,,2026-08-16
"Block Real Estate Services, LLC",6a187c15a1ec98c09c96839a,69fded0f62446148bd848bcb,"Banner Logistics, Inc",69fdf0bc3b208288e0a7f1c2,"pas772 - Paseo Industrial - 1600 Vernon {Paseo Industrial, LLC}",evidenceOfInsurance,Evidence of Insurance,workersCompensation,Workers' Compensation and Employer's Liability,evidenceOfInsuranceWorkersCompensationStatutoryLimits,Statutory Limits,,matchOnce,must be present,,,non_compliant,Block Requirements,,,false,0,,2026-08-16
"Block Real Estate Services, LLC",6a187c15a1ec98c09c96839a,69fded0f62446148bd848bcb,"Banner Logistics, Inc",69fdf0bc3b208288e0a7f1c2,"pas772 - Paseo Industrial - 1600 Vernon {Paseo Industrial, LLC}",evidenceOfInsurance,Evidence of Insurance,workersCompensation,Workers' Compensation and Employer's Liability,evidenceOfInsuranceWorkersCompensationEmployersLiabilityEachAccident,Employer's Liability Each Accident,,matchOnce,must be greater or equal to,500000,,non_compliant,Block Requirements,,,false,0,,2026-08-16
"Block Real Estate Services, LLC",6a187c15a1ec98c09c96839a,69fded0f62446148bd848bcb,"Banner Logistics, Inc",69fdf0bc3b208288e0a7f1c2,"pas772 - Paseo Industrial - 1600 Vernon {Paseo Industrial, LLC}",evidenceOfInsurance,Evidence of Insurance,workersCompensation,Workers' Compensation and Employer's Liability,evidenceOfInsuranceWorkersCompensationEmployersLiabilityDiseaseEachEmployee,Employer's Liability Disease - each employee,,matchOnce,must be greater or equal to,500000,,non_compliant,Block Requirements,,,false,0,,2026-08-16
"Block Real Estate Services, LLC",6a187c15a1ec98c09c96839a,69fded0f62446148bd848bcb,"Banner Logistics, Inc",69fdf0bc3b208288e0a7f1c2,"pas772 - Paseo Industrial - 1600 Vernon {Paseo Industrial, LLC}",evidenceOfInsurance,Evidence of Insurance,workersCompensation,Workers' Compensation and Employer's Liability,evidenceOfInsuranceWorkersCompensationEmployersLiabilityDiseasePolicyLimit,Employer's Liability Disease - policy limit,,matchOnce,must be greater or equal to,500000,,non_compliant,Block Requirements,,,false,0,,2026-08-16
"Block Real Estate Services, LLC",6a187c15a1ec98c09c96839a,69fded0f62446148bd848bcb,"Banner Logistics, Inc",69fdf0bc3b208288e0a7f1c2,"pas772 - Paseo Industrial - 1600 Vernon {Paseo Industrial, LLC}",evidenceOfInsurance,Evidence of Insurance,workersCompensation,Workers' Compensation and Employer's Liability,evidenceOfInsuranceWorkersCompensationWaiverOfSubrogationEndorsement,Waiver of Subrogation,"---prompt---
Determine if the insurer has waived their right of subrogation in favor of the certificate holder under the Workers' Compensation policy. Evidence may include: a checked ""Waiver of Subrogation"" box on the certificate, mention in the Description of Operations section stating ""waiver of subrogation applies"", or reference to form WC 00 03 13. Look for language like ""subrogation is waived"" or ""per written contract"".",matchOnce,must be present,,,non_compliant,Block Requirements,,,false,0,,2026-08-16
"Block Real Estate Services, LLC",6a187c15a1ec98c09c96839a,69fded0f62446148bd848bcb,"Banner Logistics, Inc",69fdf0bc3b208288e0a7f1c2,"pas772 - Paseo Industrial - 1600 Vernon {Paseo Industrial, LLC}",evidenceOfInsurance,Evidence of Insurance,6ac20aae-5728-5d57-b364-aeba38527dba,Additional Requirements,4da5b0f1-4c9d-5885-8cf8-5d3cccaed3e0,"Block Real Estate Services, LLC and all others required by contract are named as Additional Insureds","---prompt---
Determine if the Description of Operations or the Additional Remarks Schedule section states the ""Additional Insured as Construction Management, Inc. and all others required by contract"" or reference to blanket additional insured coverage. Look for language like ""certificate holder is additional insured"" or ""per written contract"".",matchOnce,must be present,,,non_compliant,Block Requirements,,,true,0,,2026-08-16
"Block Real Estate Services, LLC",6a187c15a1ec98c09c96839a,69fded0f62446148bd848bcb,"Banner Logistics, Inc",69fdf0bc3b208288e0a7f1c2,"pas772 - Paseo Industrial - 1600 Vernon {Paseo Industrial, LLC}",evidenceOfInsurance,Evidence of Insurance,6ac20aae-5728-5d57-b364-aeba38527dba,Additional Requirements,e1017741-e47e-5f58-97b8-fbc3043e919f,Umbrella follows form over General Liability,"---prompt---
Determine if the Umbrella/Excess Liability policy follows form to the underlying policies. Evidence may include: language in the Description of Operations section stating the umbrella follows form to underlying coverages or an additional page endorsement stating that it follows form. Follow form means the umbrella policy adopts the same terms, conditions, and exclusions as the underlying policies.",matchOnce,must be present,,,non_compliant,Block Requirements,,,true,0,,2026-08-16
"Block Real Estate Services, LLC",6a187c15a1ec98c09c96839a,69fded0f62446148bd848bcb,"Banner Logistics, Inc",69fdf0bc3b208288e0a7f1c2,"pas772 - Paseo Industrial - 1600 Vernon {Paseo Industrial, LLC}",evidenceOfInsurance,Evidence of Insurance,6ac20aae-5728-5d57-b364-aeba38527dba,Additional Requirements,2cdd866f-c9a4-576a-afd8-1d045762790c,The location must be listed as: 1600 Vernon Street North Kansas City MO 64116,,matchOnce,must be present,,,non_compliant,Block Requirements,,,true,0,,2026-08-16
"Block Real Estate Services, LLC",6a187c15a1ec98c09c96839a,69fded0f62446148bd848bcb,"Banner Logistics, Inc",69fdf0bc3b208288e0a7f1c2,"pas772 - Paseo Industrial - 1600 Vernon {Paseo Industrial, LLC}",evidenceOfInsurance,Evidence of Insurance,6ac20aae-5728-5d57-b364-aeba38527dba,Additional Requirements,3649e9d1-4e09-59bf-8f30-cb33c40cf117,"Certificate Holder must read: c/o Block Real Estate Services, LLC, 4622 Pennsylvania St., Suite 700, Kansas City, MO, 64112",,matchOnce,must be present,,,non_compliant,Block Requirements,,,true,0,,2026-08-16
"Block Real Estate Services, LLC",69fdf78062446148bd8587fd,69fded0f62446148bd848bcb,"Banner Logistics, Inc",69fdf0c1bf1df2fe969278eb,"pas773 - Paseo Industrial - 1800 Vernon {Paseo Industrial, LLC}",evidenceOfInsurance,Evidence of Insurance,commercialGeneralLiability,Commercial General Liability,evidenceOfInsuranceCommercialGeneralLiabilityCoverageTriggerOccurrence,Coverage Trigger: Occurrence,,matchOnce,must be present,,Present,compliant,Block Requirements,,,false,1,,2026-08-16
"Block Real Estate Services, LLC",69fdf78062446148bd8587fd,69fded0f62446148bd848bcb,"Banner Logistics, Inc",69fdf0c1bf1df2fe969278eb,"pas773 - Paseo Industrial - 1800 Vernon {Paseo Industrial, LLC}",evidenceOfInsurance,Evidence of Insurance,commercialGeneralLiability,Commercial General Liability,evidenceOfInsuranceCommercialGeneralLiabilityGeneralAggregateLimitAppliesPerLocation,General Aggregate Limit Applies per: Location,,matchOnce,must be present,,,non_compliant,Block Requirements,,,false,0,,2026-08-16
"Block Real Estate Services, LLC",69fdf78062446148bd8587fd,69fded0f62446148bd848bcb,"Banner Logistics, Inc",69fdf0c1bf1df2fe969278eb,"pas773 - Paseo Industrial - 1800 Vernon {Paseo Industrial, LLC}",evidenceOfInsurance,Evidence of Insurance,commercialGeneralLiability,Commercial General Liability,evidenceOfInsuranceCommercialGeneralLiabilityEachOccurrence,Each Occurrence,,matchOnce,must be greater or equal to,1000000,1000000,compliant,Block Requirements,,,false,1,,2026-08-16
"Block Real Estate Services, LLC",69fdf78062446148bd8587fd,69fded0f62446148bd848bcb,"Banner Logistics, Inc",69fdf0c1bf1df2fe969278eb,"pas773 - Paseo Industrial - 1800 Vernon {Paseo Industrial, LLC}",evidenceOfInsurance,Evidence of Insurance,commercialGeneralLiability,Commercial General Liability,evidenceOfInsuranceCommercialGeneralLiabilityGeneralAggregate,General Aggregate,,matchOnce,must be greater or equal to,2000000,2000000,compliant,Block Requirements,,,false,1,,2026-08-16
"Block Real Estate Services, LLC",69fdf78062446148bd8587fd,69fded0f62446148bd848bcb,"Banner Logistics, Inc",69fdf0c1bf1df2fe969278eb,"pas773 - Paseo Industrial - 1800 Vernon {Paseo Industrial, LLC}",evidenceOfInsurance,Evidence of Insurance,commercialGeneralLiability,Commercial General Liability,evidenceOfInsuranceCommercialGeneralLiabilityWaiverOfSubrogationEndorsement,Waiver of Subrogation,"---prompt---
Determine if the insurer has waived their right of subrogation in favor of the certificate holder under the Commercial General Liability policy. Evidence may include: a checked ""Waiver of Subrogation"" box on the certificate, mention in the Description of Operations section stating ""waiver of subrogation applies"", or reference to form CG 24 04. Look for language like ""subrogation is waived"" or ""per written contract"".",matchOnce,must be present,,,non_compliant,Block Requirements,,,false,0,,2026-08-16
"Block Real Estate Services, LLC",69fdf78062446148bd8587fd,69fded0f62446148bd848bcb,"Banner Logistics, Inc",69fdf0c1bf1df2fe969278eb,"pas773 - Paseo Industrial - 1800 Vernon {Paseo Industrial, LLC}",evidenceOfInsurance,Evidence of Insurance,excessOrUmbrellaLiability,Umbrella/Excess Liability,evidenceOfInsuranceExcessOrUmbrellaLiabilityOccurence,Coverage Trigger: Occurrence,,matchOnce,must be present,,,non_compliant,Block Requirements,,,false,0,,2026-08-16
"Block Real Estate Services, LLC",69fdf78062446148bd8587fd,69fded0f62446148bd848bcb,"Banner Logistics, Inc",69fdf0c1bf1df2fe969278eb,"pas773 - Paseo Industrial - 1800 Vernon {Paseo Industrial, LLC}",evidenceOfInsurance,Evidence of Insurance,excessOrUmbrellaLiability,Umbrella/Excess Liability,evidenceOfInsuranceExcessOrUmbrellaLiabilityEachOccurrence,Each Occurrence,,matchOnce,must be greater or equal to,1000000,,non_compliant,Block Requirements,,,false,0,,2026-08-16
"Block Real Estate Services, LLC",69fdf78062446148bd8587fd,69fded0f62446148bd848bcb,"Banner Logistics, Inc",69fdf0c1bf1df2fe969278eb,"pas773 - Paseo Industrial - 1800 Vernon {Paseo Industrial, LLC}",evidenceOfInsurance,Evidence of Insurance,excessOrUmbrellaLiability,Umbrella/Excess Liability,evidenceOfInsuranceExcessOrUmbrellaLiabilityAggregate,Aggregate,,matchOnce,must be greater or equal to,1000000,,non_compliant,Block Requirements,,,false,0,,2026-08-16
"Block Real Estate Services, LLC",69fdf78062446148bd8587fd,69fded0f62446148bd848bcb,"Banner Logistics, Inc",69fdf0c1bf1df2fe969278eb,"pas773 - Paseo Industrial - 1800 Vernon {Paseo Industrial, LLC}",evidenceOfInsurance,Evidence of Insurance,workersCompensation,Workers' Compensation and Employer's Liability,evidenceOfInsuranceWorkersCompensationStatutoryLimits,Statutory Limits,,matchOnce,must be present,,Present,compliant,Block Requirements,,,false,1,,2026-08-16
"Block Real Estate Services, LLC",69fdf78062446148bd8587fd,69fded0f62446148bd848bcb,"Banner Logistics, Inc",69fdf0c1bf1df2fe969278eb,"pas773 - Paseo Industrial - 1800 Vernon {Paseo Industrial, LLC}",evidenceOfInsurance,Evidence of Insurance,workersCompensation,Workers' Compensation and Employer's Liability,evidenceOfInsuranceWorkersCompensationEmployersLiabilityEachAccident,Employer's Liability Each Accident,,matchOnce,must be greater or equal to,500000,1000000,compliant,Block Requirements,,,false,1,,2026-08-16
"Block Real Estate Services, LLC",69fdf78062446148bd8587fd,69fded0f62446148bd848bcb,"Banner Logistics, Inc",69fdf0c1bf1df2fe969278eb,"pas773 - Paseo Industrial - 1800 Vernon {Paseo Industrial, LLC}",evidenceOfInsurance,Evidence of Insurance,workersCompensation,Workers' Compensation and Employer's Liability,evidenceOfInsuranceWorkersCompensationEmployersLiabilityDiseaseEachEmployee,Employer's Liability Disease - each employee,,matchOnce,must be greater or equal to,500000,1000000,compliant,Block Requirements,,,false,1,,2026-08-16
"Block Real Estate Services, LLC",69fdf78062446148bd8587fd,69fded0f62446148bd848bcb,"Banner Logistics, Inc",69fdf0c1bf1df2fe969278eb,"pas773 - Paseo Industrial - 1800 Vernon {Paseo Industrial, LLC}",evidenceOfInsurance,Evidence of Insurance,workersCompensation,Workers' Compensation and Employer's Liability,evidenceOfInsuranceWorkersCompensationEmployersLiabilityDiseasePolicyLimit,Employer's Liability Disease - policy limit,,matchOnce,must be greater or equal to,500000,1000000,compliant,Block Requirements,,,false,1,,2026-08-16
"Block Real Estate Services, LLC",69fdf78062446148bd8587fd,69fded0f62446148bd848bcb,"Banner Logistics, Inc",69fdf0c1bf1df2fe969278eb,"pas773 - Paseo Industrial - 1800 Vernon {Paseo Industrial, LLC}",evidenceOfInsurance,Evidence of Insurance,workersCompensation,Workers' Compensation and Employer's Liability,evidenceOfInsuranceWorkersCompensationWaiverOfSubrogationEndorsement,Waiver of Subrogation,"---prompt---
Determine if the insurer has waived their right of subrogation in favor of the certificate holder under the Workers' Compensation policy. Evidence may include: a checked ""Waiver of Subrogation"" box on the certificate, mention in the Description of Operations section stating ""waiver of subrogation applies"", or reference to form WC 00 03 13. Look for language like ""subrogation is waived"" or ""per written contract"".",matchOnce,must be present,,,waived,Block Requirements,Wos for WC not available in state of MO,,false,0,,2026-08-16
"Block Real Estate Services, LLC",69fdf78062446148bd8587fd,69fded0f62446148bd848bcb,"Banner Logistics, Inc",69fdf0c1bf1df2fe969278eb,"pas773 - Paseo Industrial - 1800 Vernon {Paseo Industrial, LLC}",evidenceOfInsurance,Evidence of Insurance,6ac20aae-5728-5d57-b364-aeba38527dba,Additional Requirements,4da5b0f1-4c9d-5885-8cf8-5d3cccaed3e0,"Block Real Estate Services, LLC and all others required by contract are named as Additional Insureds","---prompt---
Determine if the Description of Operations or the Additional Remarks Schedule section states the ""Additional Insured as Construction Management, Inc. and all others required by contract"" or reference to blanket additional insured coverage. Look for language like ""certificate holder is additional insured"" or ""per written contract"".",matchOnce,must be present,,,non_compliant,Block Requirements,,,true,0,,2026-08-16
"Block Real Estate Services, LLC",69fdf78062446148bd8587fd,69fded0f62446148bd848bcb,"Banner Logistics, Inc",69fdf0c1bf1df2fe969278eb,"pas773 - Paseo Industrial - 1800 Vernon {Paseo Industrial, LLC}",evidenceOfInsurance,Evidence of Insurance,6ac20aae-5728-5d57-b364-aeba38527dba,Additional Requirements,e1017741-e47e-5f58-97b8-fbc3043e919f,Umbrella follows form over General Liability,"---prompt---
Determine if the Umbrella/Excess Liability policy follows form to the underlying policies. Evidence may include: language in the Description of Operations section stating the umbrella follows form to underlying coverages or an additional page endorsement stating that it follows form. Follow form means the umbrella policy adopts the same terms, conditions, and exclusions as the underlying policies.",matchOnce,must be present,,,non_compliant,Block Requirements,,,true,0,,2026-08-16
"Block Real Estate Services, LLC",69fdf78062446148bd8587fd,69fded0f62446148bd848bcb,"Banner Logistics, Inc",69fdf0c1bf1df2fe969278eb,"pas773 - Paseo Industrial - 1800 Vernon {Paseo Industrial, LLC}",evidenceOfInsurance,Evidence of Insurance,6ac20aae-5728-5d57-b364-aeba38527dba,Additional Requirements,2cdd866f-c9a4-576a-afd8-1d045762790c,The location must be listed as: 1800 Vernon Street North Kansas City MO 64116,,matchOnce,must be present,,,non_compliant,Block Requirements,,,true,0,,2026-08-16
"Block Real Estate Services, LLC",69fdf78062446148bd8587fd,69fded0f62446148bd848bcb,"Banner Logistics, Inc",69fdf0c1bf1df2fe969278eb,"pas773 - Paseo Industrial - 1800 Vernon {Paseo Industrial, LLC}",evidenceOfInsurance,Evidence of Insurance,6ac20aae-5728-5d57-b364-aeba38527dba,Additional Requirements,3649e9d1-4e09-59bf-8f30-cb33c40cf117,"Certificate Holder must read: c/o Block Real Estate Services, LLC, 4622 Pennsylvania St., Suite 700, Kansas City, MO, 64112",,matchOnce,must be present,,,non_compliant,Block Requirements,,,true,0,,2026-08-16
"Block Real Estate Services, LLC",6a187bcbb7214c079182494e,69fded0f62446148bd848bcb,"Banner Logistics, Inc",69fdf0c1bf1df2fe969278eb,"pas773 - Paseo Industrial - 1800 Vernon {Paseo Industrial, LLC}",evidenceOfInsurance,Evidence of Insurance,commercialGeneralLiability,Commercial General Liability,evidenceOfInsuranceCommercialGeneralLiabilityCoverageTriggerOccurrence,Coverage Trigger: Occurrence,,matchOnce,must be present,,Present,compliant,Block Requirements,,,false,1,,2026-08-16
"Block Real Estate Services, LLC",6a187bcbb7214c079182494e,69fded0f62446148bd848bcb,"Banner Logistics, Inc",69fdf0c1bf1df2fe969278eb,"pas773 - Paseo Industrial - 1800 Vernon {Paseo Industrial, LLC}",evidenceOfInsurance,Evidence of Insurance,commercialGeneralLiability,Commercial General Liability,evidenceOfInsuranceCommercialGeneralLiabilityGeneralAggregateLimitAppliesPerLocation,General Aggregate Limit Applies per: Location,,matchOnce,must be present,,,non_compliant,Block Requirements,,,false,0,,2026-08-16
"Block Real Estate Services, LLC",6a187bcbb7214c079182494e,69fded0f62446148bd848bcb,"Banner Logistics, Inc",69fdf0c1bf1df2fe969278eb,"pas773 - Paseo Industrial - 1800 Vernon {Paseo Industrial, LLC}",evidenceOfInsurance,Evidence of Insurance,commercialGeneralLiability,Commercial General Liability,evidenceOfInsuranceCommercialGeneralLiabilityEachOccurrence,Each Occurrence,,matchOnce,must be greater or equal to,1000000,1000000,compliant,Block Requirements,,,false,1,,2026-08-16
"Block Real Estate Services, LLC",6a187bcbb7214c079182494e,69fded0f62446148bd848bcb,"Banner Logistics, Inc",69fdf0c1bf1df2fe969278eb,"pas773 - Paseo Industrial - 1800 Vernon {Paseo Industrial, LLC}",evidenceOfInsurance,Evidence of Insurance,commercialGeneralLiability,Commercial General Liability,evidenceOfInsuranceCommercialGeneralLiabilityGeneralAggregate,General Aggregate,,matchOnce,must be greater or equal to,2000000,2000000,compliant,Block Requirements,,,false,1,,2026-08-16
"Block Real Estate Services, LLC",6a187bcbb7214c079182494e,69fded0f62446148bd848bcb,"Banner Logistics, Inc",69fdf0c1bf1df2fe969278eb,"pas773 - Paseo Industrial - 1800 Vernon {Paseo Industrial, LLC}",evidenceOfInsurance,Evidence of Insurance,commercialGeneralLiability,Commercial General Liability,evidenceOfInsuranceCommercialGeneralLiabilityWaiverOfSubrogationEndorsement,Waiver of Subrogation,"---prompt---
Determine if the insurer has waived their right of subrogation in favor of the certificate holder under the Commercial General Liability policy. Evidence may include: a checked ""Waiver of Subrogation"" box on the certificate, mention in the Description of Operations section stating ""waiver of subrogation applies"", or reference to form CG 24 04. Look for language like ""subrogation is waived"" or ""per written contract"".",matchOnce,must be present,,,non_compliant,Block Requirements,,,false,0,,2026-08-16
"Block Real Estate Services, LLC",6a187bcbb7214c079182494e,69fded0f62446148bd848bcb,"Banner Logistics, Inc",69fdf0c1bf1df2fe969278eb,"pas773 - Paseo Industrial - 1800 Vernon {Paseo Industrial, LLC}",evidenceOfInsurance,Evidence of Insurance,excessOrUmbrellaLiability,Umbrella/Excess Liability,evidenceOfInsuranceExcessOrUmbrellaLiabilityOccurence,Coverage Trigger: Occurrence,,matchOnce,must be present,,,non_compliant,Block Requirements,,,false,0,,2026-08-16
"Block Real Estate Services, LLC",6a187bcbb7214c079182494e,69fded0f62446148bd848bcb,"Banner Logistics, Inc",69fdf0c1bf1df2fe969278eb,"pas773 - Paseo Industrial - 1800 Vernon {Paseo Industrial, LLC}",evidenceOfInsurance,Evidence of Insurance,excessOrUmbrellaLiability,Umbrella/Excess Liability,evidenceOfInsuranceExcessOrUmbrellaLiabilityEachOccurrence,Each Occurrence,,matchOnce,must be greater or equal to,1000000,,non_compliant,Block Requirements,,,false,0,,2026-08-16
"Block Real Estate Services, LLC",6a187bcbb7214c079182494e,69fded0f62446148bd848bcb,"Banner Logistics, Inc",69fdf0c1bf1df2fe969278eb,"pas773 - Paseo Industrial - 1800 Vernon {Paseo Industrial, LLC}",evidenceOfInsurance,Evidence of Insurance,excessOrUmbrellaLiability,Umbrella/Excess Liability,evidenceOfInsuranceExcessOrUmbrellaLiabilityAggregate,Aggregate,,matchOnce,must be greater or equal to,1000000,,non_compliant,Block Requirements,,,false,0,,2026-08-16
"Block Real Estate Services, LLC",6a187bcbb7214c079182494e,69fded0f62446148bd848bcb,"Banner Logistics, Inc",69fdf0c1bf1df2fe969278eb,"pas773 - Paseo Industrial - 1800 Vernon {Paseo Industrial, LLC}",evidenceOfInsurance,Evidence of Insurance,workersCompensation,Workers' Compensation and Employer's Liability,evidenceOfInsuranceWorkersCompensationStatutoryLimits,Statutory Limits,,matchOnce,must be present,,Present,compliant,Block Requirements,,,false,1,,2026-08-16
"Block Real Estate Services, LLC",6a187bcbb7214c079182494e,69fded0f62446148bd848bcb,"Banner Logistics, Inc",69fdf0c1bf1df2fe969278eb,"pas773 - Paseo Industrial - 1800 Vernon {Paseo Industrial, LLC}",evidenceOfInsurance,Evidence of Insurance,workersCompensation,Workers' Compensation and Employer's Liability,evidenceOfInsuranceWorkersCompensationEmployersLiabilityEachAccident,Employer's Liability Each Accident,,matchOnce,must be greater or equal to,500000,1000000,compliant,Block Requirements,,,false,1,,2026-08-16
"Block Real Estate Services, LLC",6a187bcbb7214c079182494e,69fded0f62446148bd848bcb,"Banner Logistics, Inc",69fdf0c1bf1df2fe969278eb,"pas773 - Paseo Industrial - 1800 Vernon {Paseo Industrial, LLC}",evidenceOfInsurance,Evidence of Insurance,workersCompensation,Workers' Compensation and Employer's Liability,evidenceOfInsuranceWorkersCompensationEmployersLiabilityDiseaseEachEmployee,Employer's Liability Disease - each employee,,matchOnce,must be greater or equal to,500000,1000000,compliant,Block Requirements,,,false,1,,2026-08-16
"Block Real Estate Services, LLC",6a187bcbb7214c079182494e,69fded0f62446148bd848bcb,"Banner Logistics, Inc",69fdf0c1bf1df2fe969278eb,"pas773 - Paseo Industrial - 1800 Vernon {Paseo Industrial, LLC}",evidenceOfInsurance,Evidence of Insurance,workersCompensation,Workers' Compensation and Employer's Liability,evidenceOfInsuranceWorkersCompensationEmployersLiabilityDiseasePolicyLimit,Employer's Liability Disease - policy limit,,matchOnce,must be greater or equal to,500000,1000000,compliant,Block Requirements,,,false,1,,2026-08-16
"Block Real Estate Services, LLC",6a187bcbb7214c079182494e,69fded0f62446148bd848bcb,"Banner Logistics, Inc",69fdf0c1bf1df2fe969278eb,"pas773 - Paseo Industrial - 1800 Vernon {Paseo Industrial, LLC}",evidenceOfInsurance,Evidence of Insurance,workersCompensation,Workers' Compensation and Employer's Liability,evidenceOfInsuranceWorkersCompensationWaiverOfSubrogationEndorsement,Waiver of Subrogation,"---prompt---
Determine if the insurer has waived their right of subrogation in favor of the certificate holder under the Workers' Compensation policy. Evidence may include: a checked ""Waiver of Subrogation"" box on the certificate, mention in the Description of Operations section stating ""waiver of subrogation applies"", or reference to form WC 00 03 13. Look for language like ""subrogation is waived"" or ""per written contract"".",matchOnce,must be present,,,non_compliant,Block Requirements,,,false,0,,2026-08-16
"Block Real Estate Services, LLC",6a187bcbb7214c079182494e,69fded0f62446148bd848bcb,"Banner Logistics, Inc",69fdf0c1bf1df2fe969278eb,"pas773 - Paseo Industrial - 1800 Vernon {Paseo Industrial, LLC}",evidenceOfInsurance,Evidence of Insurance,6ac20aae-5728-5d57-b364-aeba38527dba,Additional Requirements,4da5b0f1-4c9d-5885-8cf8-5d3cccaed3e0,"Block Real Estate Services, LLC and all others required by contract are named as Additional Insureds","---prompt---
Determine if the Description of Operations or the Additional Remarks Schedule section states the ""Additional Insured as Construction Management, Inc. and all others required by contract"" or reference to blanket additional insured coverage. Look for language like ""certificate holder is additional insured"" or ""per written contract"".",matchOnce,must be present,,,non_compliant,Block Requirements,,,true,0,,2026-08-16
"Block Real Estate Services, LLC",6a187bcbb7214c079182494e,69fded0f62446148bd848bcb,"Banner Logistics, Inc",69fdf0c1bf1df2fe969278eb,"pas773 - Paseo Industrial - 1800 Vernon {Paseo Industrial, LLC}",evidenceOfInsurance,Evidence of Insurance,6ac20aae-5728-5d57-b364-aeba38527dba,Additional Requirements,e1017741-e47e-5f58-97b8-fbc3043e919f,Umbrella follows form over General Liability,"---prompt---
Determine if the Umbrella/Excess Liability policy follows form to the underlying policies. Evidence may include: language in the Description of Operations section stating the umbrella follows form to underlying coverages or an additional page endorsement stating that it follows form. Follow form means the umbrella policy adopts the same terms, conditions, and exclusions as the underlying policies.",matchOnce,must be present,,,non_compliant,Block Requirements,,,true,0,,2026-08-16
"Block Real Estate Services, LLC",6a187bcbb7214c079182494e,69fded0f62446148bd848bcb,"Banner Logistics, Inc",69fdf0c1bf1df2fe969278eb,"pas773 - Paseo Industrial - 1800 Vernon {Paseo Industrial, LLC}",evidenceOfInsurance,Evidence of Insurance,6ac20aae-5728-5d57-b364-aeba38527dba,Additional Requirements,2cdd866f-c9a4-576a-afd8-1d045762790c,"The location must be listed as: 1806, 1840 Vernon Street North Kansas City MO 64116",,matchOnce,must be present,,,non_compliant,Block Requirements,,,true,0,,2026-08-16
"Block Real Estate Services, LLC",6a187bcbb7214c079182494e,69fded0f62446148bd848bcb,"Banner Logistics, Inc",69fdf0c1bf1df2fe969278eb,"pas773 - Paseo Industrial - 1800 Vernon {Paseo Industrial, LLC}",evidenceOfInsurance,Evidence of Insurance,6ac20aae-5728-5d57-b364-aeba38527dba,Additional Requirements,3649e9d1-4e09-59bf-8f30-cb33c40cf117,"Certificate Holder must read: c/o Block Real Estate Services, LLC, 4622 Pennsylvania St., Suite 700, Kansas City, MO, 64112",,matchOnce,must be present,,,non_compliant,Block Requirements,,,true,0,,2026-08-16
"Block Real Estate Services, LLC",69fdf79262446148bd859c5f,69fded0f62446148bd848bd4,Costa Vida Fresh Mexican Grill / BB Magical Fruit,69fdf15bd3bfa5e4945e2255,"sum015 - Summit Springs Shopping Center {Summit Springs Development, LLC}",evidenceOfInsurance,Evidence of Insurance,commercialGeneralLiability,Commercial General Liability,evidenceOfInsuranceCommercialGeneralLiabilityCoverageTriggerOccurrence,Coverage Trigger: Occurrence,,matchOnce,must be present,,Present,compliant,Block Requirements,,,false,1,,2026-08-16
"Block Real Estate Services, LLC",69fdf79262446148bd859c5f,69fded0f62446148bd848bd4,Costa Vida Fresh Mexican Grill / BB Magical Fruit,69fdf15bd3bfa5e4945e2255,"sum015 - Summit Springs Shopping Center {Summit Springs Development, LLC}",evidenceOfInsurance,Evidence of Insurance,commercialGeneralLiability,Commercial General Liability,evidenceOfInsuranceCommercialGeneralLiabilityGeneralAggregateLimitAppliesPerLocation,General Aggregate Limit Applies per: Location,,matchOnce,must be present,,Present,compliant,Block Requirements,,,false,1,,2026-08-16
"Block Real Estate Services, LLC",69fdf79262446148bd859c5f,69fded0f62446148bd848bd4,Costa Vida Fresh Mexican Grill / BB Magical Fruit,69fdf15bd3bfa5e4945e2255,"sum015 - Summit Springs Shopping Center {Summit Springs Development, LLC}",evidenceOfInsurance,Evidence of Insurance,commercialGeneralLiability,Commercial General Liability,evidenceOfInsuranceCommercialGeneralLiabilityEachOccurrence,Each Occurrence,,matchOnce,must be greater or equal to,1000000,1000000,compliant,Block Requirements,,,false,1,,2026-08-16
"Block Real Estate Services, LLC",69fdf79262446148bd859c5f,69fded0f62446148bd848bd4,Costa Vida Fresh Mexican Grill / BB Magical Fruit,69fdf15bd3bfa5e4945e2255,"sum015 - Summit Springs Shopping Center {Summit Springs Development, LLC}",evidenceOfInsurance,Evidence of Insurance,commercialGeneralLiability,Commercial General Liability,evidenceOfInsuranceCommercialGeneralLiabilityGeneralAggregate,General Aggregate,,matchOnce,must be greater or equal to,2000000,2000000,compliant,Block Requirements,,,false,1,,2026-08-16
"Block Real Estate Services, LLC",69fdf79262446148bd859c5f,69fded0f62446148bd848bd4,Costa Vida Fresh Mexican Grill / BB Magical Fruit,69fdf15bd3bfa5e4945e2255,"sum015 - Summit Springs Shopping Center {Summit Springs Development, LLC}",evidenceOfInsurance,Evidence of Insurance,commercialGeneralLiability,Commercial General Liability,evidenceOfInsuranceCommercialGeneralLiabilityWaiverOfSubrogationEndorsement,Waiver of Subrogation,"---prompt---
Determine if the insurer has waived their right of subrogation in favor of the certificate holder under the Commercial General Liability policy. Evidence may include: a checked ""Waiver of Subrogation"" box on the certificate, mention in the Description of Operations section stating ""waiver of subrogation applies"", or reference to form CG 24 04. Look for language like ""subrogation is waived"" or ""per written contract"".",matchOnce,must be present,,Present,compliant,Block Requirements,,,false,1,,2026-08-16
"Block Real Estate Services, LLC",69fdf79262446148bd859c5f,69fded0f62446148bd848bd4,Costa Vida Fresh Mexican Grill / BB Magical Fruit,69fdf15bd3bfa5e4945e2255,"sum015 - Summit Springs Shopping Center {Summit Springs Development, LLC}",evidenceOfInsurance,Evidence of Insurance,excessOrUmbrellaLiability,Umbrella/Excess Liability,evidenceOfInsuranceExcessOrUmbrellaLiabilityOccurence,Coverage Trigger: Occurrence,,matchOnce,must be present,,Present,compliant,Block Requirements,,,false,1,,2026-08-16
"Block Real Estate Services, LLC",69fdf79262446148bd859c5f,69fded0f62446148bd848bd4,Costa Vida Fresh Mexican Grill / BB Magical Fruit,69fdf15bd3bfa5e4945e2255,"sum015 - Summit Springs Shopping Center {Summit Springs Development, LLC}",evidenceOfInsurance,Evidence of Insurance,excessOrUmbrellaLiability,Umbrella/Excess Liability,evidenceOfInsuranceExcessOrUmbrellaLiabilityEachOccurrence,Each Occurrence,,matchOnce,must be greater or equal to,1000000,1000000,compliant,Block Requirements,,,false,1,,2026-08-16
"Block Real Estate Services, LLC",69fdf79262446148bd859c5f,69fded0f62446148bd848bd4,Costa Vida Fresh Mexican Grill / BB Magical Fruit,69fdf15bd3bfa5e4945e2255,"sum015 - Summit Springs Shopping Center {Summit Springs Development, LLC}",evidenceOfInsurance,Evidence of Insurance,excessOrUmbrellaLiability,Umbrella/Excess Liability,evidenceOfInsuranceExcessOrUmbrellaLiabilityAggregate,Aggregate,,matchOnce,must be greater or equal to,1000000,1000000,compliant,Block Requirements,,,false,1,,2026-08-16
"Block Real Estate Services, LLC",69fdf79262446148bd859c5f,69fded0f62446148bd848bd4,Costa Vida Fresh Mexican Grill / BB Magical Fruit,69fdf15bd3bfa5e4945e2255,"sum015 - Summit Springs Shopping Center {Summit Springs Development, LLC}",evidenceOfInsurance,Evidence of Insurance,workersCompensation,Workers' Compensation and Employer's Liability,evidenceOfInsuranceWorkersCompensationStatutoryLimits,Statutory Limits,,matchOnce,must be present,,Present,compliant,Block Requirements,,,false,1,,2026-08-16
"Block Real Estate Services, LLC",69fdf79262446148bd859c5f,69fded0f62446148bd848bd4,Costa Vida Fresh Mexican Grill / BB Magical Fruit,69fdf15bd3bfa5e4945e2255,"sum015 - Summit Springs Shopping Center {Summit Springs Development, LLC}",evidenceOfInsurance,Evidence of Insurance,workersCompensation,Workers' Compensation and Employer's Liability,evidenceOfInsuranceWorkersCompensationEmployersLiabilityEachAccident,Employer's Liability Each Accident,,matchOnce,must be greater or equal to,500000,1000000,compliant,Block Requirements,,,false,1,,2026-08-16
"Block Real Estate Services, LLC",69fdf79262446148bd859c5f,69fded0f62446148bd848bd4,Costa Vida Fresh Mexican Grill / BB Magical Fruit,69fdf15bd3bfa5e4945e2255,"sum015 - Summit Springs Shopping Center {Summit Springs Development, LLC}",evidenceOfInsurance,Evidence of Insurance,workersCompensation,Workers' Compensation and Employer's Liability,evidenceOfInsuranceWorkersCompensationEmployersLiabilityDiseaseEachEmployee,Employer's Liability Disease - each employee,,matchOnce,must be greater or equal to,500000,1000000,compliant,Block Requirements,,,false,1,,2026-08-16
"Block Real Estate Services, LLC",69fdf79262446148bd859c5f,69fded0f62446148bd848bd4,Costa Vida Fresh Mexican Grill / BB Magical Fruit,69fdf15bd3bfa5e4945e2255,"sum015 - Summit Springs Shopping Center {Summit Springs Development, LLC}",evidenceOfInsurance,Evidence of Insurance,workersCompensation,Workers' Compensation and Employer's Liability,evidenceOfInsuranceWorkersCompensationEmployersLiabilityDiseasePolicyLimit,Employer's Liability Disease - policy limit,,matchOnce,must be greater or equal to,500000,1000000,compliant,Block Requirements,,,false,1,,2026-08-16
"Block Real Estate Services, LLC",69fdf79262446148bd859c5f,69fded0f62446148bd848bd4,Costa Vida Fresh Mexican Grill / BB Magical Fruit,69fdf15bd3bfa5e4945e2255,"sum015 - Summit Springs Shopping Center {Summit Springs Development, LLC}",evidenceOfInsurance,Evidence of Insurance,workersCompensation,Workers' Compensation and Employer's Liability,evidenceOfInsuranceWorkersCompensationWaiverOfSubrogationEndorsement,Waiver of Subrogation,"---prompt---
Determine if the insurer has waived their right of subrogation in favor of the certificate holder under the Workers' Compensation policy. Evidence may include: a checked ""Waiver of Subrogation"" box on the certificate, mention in the Description of Operations section stating ""waiver of subrogation applies"", or reference to form WC 00 03 13. Look for language like ""subrogation is waived"" or ""per written contract"".",matchOnce,must be present,,,waived,Block Requirements,WoS for WC not available in State of MO,,false,0,,2026-08-16
"Block Real Estate Services, LLC",69fdf79262446148bd859c5f,69fded0f62446148bd848bd4,Costa Vida Fresh Mexican Grill / BB Magical Fruit,69fdf15bd3bfa5e4945e2255,"sum015 - Summit Springs Shopping Center {Summit Springs Development, LLC}",evidenceOfInsurance,Evidence of Insurance,6ac20aae-5728-5d57-b364-aeba38527dba,Additional Requirements,4da5b0f1-4c9d-5885-8cf8-5d3cccaed3e0,"Block Real Estate Services, LLC and all others required by contract are named as Additional Insureds","---prompt---
Determine if the Description of Operations or the Additional Remarks Schedule section states the ""Additional Insured as Construction Management, Inc. and all others required by contract"" or reference to blanket additional insured coverage. Look for language like ""certificate holder is additional insured"" or ""per written contract"".",matchOnce,must be present,,Present,compliant,Block Requirements,,,true,1,,2026-08-16
"Block Real Estate Services, LLC",69fdf79262446148bd859c5f,69fded0f62446148bd848bd4,Costa Vida Fresh Mexican Grill / BB Magical Fruit,69fdf15bd3bfa5e4945e2255,"sum015 - Summit Springs Shopping Center {Summit Springs Development, LLC}",evidenceOfInsurance,Evidence of Insurance,6ac20aae-5728-5d57-b364-aeba38527dba,Additional Requirements,e1017741-e47e-5f58-97b8-fbc3043e919f,Umbrella follows form over General Liability,"---prompt---
Determine if the Umbrella/Excess Liability policy follows form to the underlying policies. Evidence may include: language in the Description of Operations section stating the umbrella follows form to underlying coverages or an additional page endorsement stating that it follows form. Follow form means the umbrella policy adopts the same terms, conditions, and exclusions as the underlying policies.",matchOnce,must be present,,Present,compliant,Block Requirements,,,true,1,,2026-08-16
"Block Real Estate Services, LLC",69fdf79262446148bd859c5f,69fded0f62446148bd848bd4,Costa Vida Fresh Mexican Grill / BB Magical Fruit,69fdf15bd3bfa5e4945e2255,"sum015 - Summit Springs Shopping Center {Summit Springs Development, LLC}",evidenceOfInsurance,Evidence of Insurance,6ac20aae-5728-5d57-b364-aeba38527dba,Additional Requirements,2cdd866f-c9a4-576a-afd8-1d045762790c,The location must be listed as: 115 SE M-291 Highway Lee's Summit MO 64063,,matchOnce,must be present,,Present,compliant,Block Requirements,,,true,1,,2026-08-16
"Block Real Estate Services, LLC",69fdf79262446148bd859c5f,69fded0f62446148bd848bd4,Costa Vida Fresh Mexican Grill / BB Magical Fruit,69fdf15bd3bfa5e4945e2255,"sum015 - Summit Springs Shopping Center {Summit Springs Development, LLC}",evidenceOfInsurance,Evidence of Insurance,6ac20aae-5728-5d57-b364-aeba38527dba,Additional Requirements,3649e9d1-4e09-59bf-8f30-cb33c40cf117,"Certificate Holder must read: c/o Block Real Estate Services, LLC, 4622 Pennsylvania St., Suite 700, Kansas City, MO, 64112",,matchOnce,must be present,,Present,compliant,Block Requirements,,,true,1,,2026-08-16
"Block Real Estate Services, LLC",69fdf79262446148bd859c60,69fded1262446148bd848cfa,B-Envied Salon / David M & Lisa Walla,69fdf15bd3bfa5e4945e2255,"sum015 - Summit Springs Shopping Center {Summit Springs Development, LLC}",evidenceOfInsurance,Evidence of Insurance,commercialGeneralLiability,Commercial General Liability,evidenceOfInsuranceCommercialGeneralLiabilityCoverageTriggerOccurrence,Coverage Trigger: Occurrence,,matchOnce,must be present,,Present,compliant,Block Requirements,,,false,1,,2026-08-16
"Block Real Estate Services, LLC",69fdf79262446148bd859c60,69fded1262446148bd848cfa,B-Envied Salon / David M & Lisa Walla,69fdf15bd3bfa5e4945e2255,"sum015 - Summit Springs Shopping Center {Summit Springs Development, LLC}",evidenceOfInsurance,Evidence of Insurance,commercialGeneralLiability,Commercial General Liability,evidenceOfInsuranceCommercialGeneralLiabilityGeneralAggregateLimitAppliesPerLocation,General Aggregate Limit Applies per: Location,,matchOnce,must be present,,Present,compliant,Block Requirements,,,false,1,,2026-08-16
"Block Real Estate Services, LLC",69fdf79262446148bd859c60,69fded1262446148bd848cfa,B-Envied Salon / David M & Lisa Walla,69fdf15bd3bfa5e4945e2255,"sum015 - Summit Springs Shopping Center {Summit Springs Development, LLC}",evidenceOfInsurance,Evidence of Insurance,commercialGeneralLiability,Commercial General Liability,evidenceOfInsuranceCommercialGeneralLiabilityEachOccurrence,Each Occurrence,,matchOnce,must be greater or equal to,1000000,1000000,compliant,Block Requirements,,,false,1,,2026-08-16
"Block Real Estate Services, LLC",69fdf79262446148bd859c60,69fded1262446148bd848cfa,B-Envied Salon / David M & Lisa Walla,69fdf15bd3bfa5e4945e2255,"sum015 - Summit Springs Shopping Center {Summit Springs Development, LLC}",evidenceOfInsurance,Evidence of Insurance,commercialGeneralLiability,Commercial General Liability,evidenceOfInsuranceCommercialGeneralLiabilityGeneralAggregate,General Aggregate,,matchOnce,must be greater or equal to,2000000,2000000,compliant,Block Requirements,,,false,1,,2026-08-16
"Block Real Estate Services, LLC",69fdf79262446148bd859c60,69fded1262446148bd848cfa,B-Envied Salon / David M & Lisa Walla,69fdf15bd3bfa5e4945e2255,"sum015 - Summit Springs Shopping Center {Summit Springs Development, LLC}",evidenceOfInsurance,Evidence of Insurance,commercialGeneralLiability,Commercial General Liability,evidenceOfInsuranceCommercialGeneralLiabilityWaiverOfSubrogationEndorsement,Waiver of Subrogation,"---prompt---
Determine if the insurer has waived their right of subrogation in favor of the certificate holder under the Commercial General Liability policy. Evidence may include: a checked ""Waiver of Subrogation"" box on the certificate, mention in the Description of Operations section stating ""waiver of subrogation applies"", or reference to form CG 24 04. Look for language like ""subrogation is waived"" or ""per written contract"".",matchOnce,must be present,,Present,compliant,Block Requirements,,,false,1,,2026-08-16
"Block Real Estate Services, LLC",69fdf79262446148bd859c60,69fded1262446148bd848cfa,B-Envied Salon / David M & Lisa Walla,69fdf15bd3bfa5e4945e2255,"sum015 - Summit Springs Shopping Center {Summit Springs Development, LLC}",evidenceOfInsurance,Evidence of Insurance,excessOrUmbrellaLiability,Umbrella/Excess Liability,evidenceOfInsuranceExcessOrUmbrellaLiabilityOccurence,Coverage Trigger: Occurrence,,matchOnce,must be present,,,waived,Block Requirements,,,false,0,,2026-08-16
"Block Real Estate Services, LLC",69fdf79262446148bd859c60,69fded1262446148bd848cfa,B-Envied Salon / David M & Lisa Walla,69fdf15bd3bfa5e4945e2255,"sum015 - Summit Springs Shopping Center {Summit Springs Development, LLC}",evidenceOfInsurance,Evidence of Insurance,excessOrUmbrellaLiability,Umbrella/Excess Liability,evidenceOfInsuranceExcessOrUmbrellaLiabilityEachOccurrence,Each Occurrence,,matchOnce,must be greater or equal to,1000000,,waived,Block Requirements,,,false,0,,2026-08-16
"Block Real Estate Services, LLC",69fdf79262446148bd859c60,69fded1262446148bd848cfa,B-Envied Salon / David M & Lisa Walla,69fdf15bd3bfa5e4945e2255,"sum015 - Summit Springs Shopping Center {Summit Springs Development, LLC}",evidenceOfInsurance,Evidence of Insurance,excessOrUmbrellaLiability,Umbrella/Excess Liability,evidenceOfInsuranceExcessOrUmbrellaLiabilityAggregate,Aggregate,,matchOnce,must be greater or equal to,1000000,,waived,Block Requirements,,,false,0,,2026-08-16
"Block Real Estate Services, LLC",69fdf79262446148bd859c60,69fded1262446148bd848cfa,B-Envied Salon / David M & Lisa Walla,69fdf15bd3bfa5e4945e2255,"sum015 - Summit Springs Shopping Center {Summit Springs Development, LLC}",evidenceOfInsurance,Evidence of Insurance,workersCompensation,Workers' Compensation and Employer's Liability,evidenceOfInsuranceWorkersCompensationStatutoryLimits,Statutory Limits,,matchOnce,must be present,,,waived,Block Requirements,,,false,0,,2026-08-16
"Block Real Estate Services, LLC",69fdf79262446148bd859c60,69fded1262446148bd848cfa,B-Envied Salon / David M & Lisa Walla,69fdf15bd3bfa5e4945e2255,"sum015 - Summit Springs Shopping Center {Summit Springs Development, LLC}",evidenceOfInsurance,Evidence of Insurance,workersCompensation,Workers' Compensation and Employer's Liability,evidenceOfInsuranceWorkersCompensationEmployersLiabilityEachAccident,Employer's Liability Each Accident,,matchOnce,must be greater or equal to,500000,,waived,Block Requirements,,,false,0,,2026-08-16
"Block Real Estate Services, LLC",69fdf79262446148bd859c60,69fded1262446148bd848cfa,B-Envied Salon / David M & Lisa Walla,69fdf15bd3bfa5e4945e2255,"sum015 - Summit Springs Shopping Center {Summit Springs Development, LLC}",evidenceOfInsurance,Evidence of Insurance,workersCompensation,Workers' Compensation and Employer's Liability,evidenceOfInsuranceWorkersCompensationEmployersLiabilityDiseaseEachEmployee,Employer's Liability Disease - each employee,,matchOnce,must be greater or equal to,500000,,waived,Block Requirements,,,false,0,,2026-08-16
"Block Real Estate Services, LLC",69fdf79262446148bd859c60,69fded1262446148bd848cfa,B-Envied Salon / David M & Lisa Walla,69fdf15bd3bfa5e4945e2255,"sum015 - Summit Springs Shopping Center {Summit Springs Development, LLC}",evidenceOfInsurance,Evidence of Insurance,workersCompensation,Workers' Compensation and Employer's Liability,evidenceOfInsuranceWorkersCompensationEmployersLiabilityDiseasePolicyLimit,Employer's Liability Disease - policy limit,,matchOnce,must be greater or equal to,500000,,waived,Block Requirements,,,false,0,,2026-08-16
"Block Real Estate Services, LLC",69fdf79262446148bd859c60,69fded1262446148bd848cfa,B-Envied Salon / David M & Lisa Walla,69fdf15bd3bfa5e4945e2255,"sum015 - Summit Springs Shopping Center {Summit Springs Development, LLC}",evidenceOfInsurance,Evidence of Insurance,workersCompensation,Workers' Compensation and Employer's Liability,evidenceOfInsuranceWorkersCompensationWaiverOfSubrogationEndorsement,Waiver of Subrogation,"---prompt---
Determine if the insurer has waived their right of subrogation in favor of the certificate holder under the Workers' Compensation policy. Evidence may include: a checked ""Waiver of Subrogation"" box on the certificate, mention in the Description of Operations section stating ""waiver of subrogation applies"", or reference to form WC 00 03 13. Look for language like ""subrogation is waived"" or ""per written contract"".",matchOnce,must be present,,,waived,Block Requirements,,,false,0,,2026-08-16
"Block Real Estate Services, LLC",69fdf79262446148bd859c60,69fded1262446148bd848cfa,B-Envied Salon / David M & Lisa Walla,69fdf15bd3bfa5e4945e2255,"sum015 - Summit Springs Shopping Center {Summit Springs Development, LLC}",evidenceOfInsurance,Evidence of Insurance,6ac20aae-5728-5d57-b364-aeba38527dba,Additional Requirements,4da5b0f1-4c9d-5885-8cf8-5d3cccaed3e0,"Block Real Estate Services, LLC and all others required by contract are named as Additional Insureds","---prompt---
Determine if the Description of Operations or the Additional Remarks Schedule section states the ""Additional Insured as Construction Management, Inc. and all others required by contract"" or reference to blanket additional insured coverage. Look for language like ""certificate holder is additional insured"" or ""per written contract"".",matchOnce,must be present,,Present,compliant,Block Requirements,,,true,1,,2026-08-16
"Block Real Estate Services, LLC",69fdf79262446148bd859c60,69fded1262446148bd848cfa,B-Envied Salon / David M & Lisa Walla,69fdf15bd3bfa5e4945e2255,"sum015 - Summit Springs Shopping Center {Summit Springs Development, LLC}",evidenceOfInsurance,Evidence of Insurance,6ac20aae-5728-5d57-b364-aeba38527dba,Additional Requirements,e1017741-e47e-5f58-97b8-fbc3043e919f,Umbrella follows form over General Liability,"---prompt---
Determine if the Umbrella/Excess Liability policy follows form to the underlying policies. Evidence may include: language in the Description of Operations section stating the umbrella follows form to underlying coverages or an additional page endorsement stating that it follows form. Follow form means the umbrella policy adopts the same terms, conditions, and exclusions as the underlying policies.",matchOnce,must be present,,,waived,Block Requirements,Umbrella Liability not a requirement in the lease,,true,0,,2026-08-16
"Block Real Estate Services, LLC",69fdf79262446148bd859c60,69fded1262446148bd848cfa,B-Envied Salon / David M & Lisa Walla,69fdf15bd3bfa5e4945e2255,"sum015 - Summit Springs Shopping Center {Summit Springs Development, LLC}",evidenceOfInsurance,Evidence of Insurance,6ac20aae-5728-5d57-b364-aeba38527dba,Additional Requirements,2cdd866f-c9a4-576a-afd8-1d045762790c,The location must be listed as: 209 SE M-291 Highway Lee's Summit MO 64063,,matchOnce,must be present,,Present,compliant,Block Requirements,,,true,1,,2026-08-16
"Block Real Estate Services, LLC",69fdf79262446148bd859c60,69fded1262446148bd848cfa,B-Envied Salon / David M & Lisa Walla,69fdf15bd3bfa5e4945e2255,"sum015 - Summit Springs Shopping Center {Summit Springs Development, LLC}",evidenceOfInsurance,Evidence of Insurance,6ac20aae-5728-5d57-b364-aeba38527dba,Additional Requirements,3649e9d1-4e09-59bf-8f30-cb33c40cf117,"Certificate Holder must read: c/o Block Real Estate Services, LLC, 4622 Pennsylvania St., Suite 700, Kansas City, MO, 64112",,matchOnce,must be present,,Present,compliant,Block Requirements,,,true,1,,2026-08-16
"Block Real Estate Services, LLC",69fdf79262446148bd859c61,69fded1362446148bd848d15,Green Leaf Dispensary / DineShkumar P. Patel & Jingeshkumar D. Patel,69fdf15bd3bfa5e4945e2255,"sum015 - Summit Springs Shopping Center {Summit Springs Development, LLC}",evidenceOfInsurance,Evidence of Insurance,commercialGeneralLiability,Commercial General Liability,evidenceOfInsuranceCommercialGeneralLiabilityCoverageTriggerOccurrence,Coverage Trigger: Occurrence,,matchOnce,must be present,,,non_compliant,Block Requirements,,,false,0,,2026-08-16
"Block Real Estate Services, LLC",69fdf79262446148bd859c61,69fded1362446148bd848d15,Green Leaf Dispensary / DineShkumar P. Patel & Jingeshkumar D. Patel,69fdf15bd3bfa5e4945e2255,"sum015 - Summit Springs Shopping Center {Summit Springs Development, LLC}",evidenceOfInsurance,Evidence of Insurance,commercialGeneralLiability,Commercial General Liability,evidenceOfInsuranceCommercialGeneralLiabilityGeneralAggregateLimitAppliesPerLocation,General Aggregate Limit Applies per: Location,,matchOnce,must be present,,,non_compliant,Block Requirements,,,false,0,,2026-08-16
"Block Real Estate Services, LLC",69fdf79262446148bd859c61,69fded1362446148bd848d15,Green Leaf Dispensary / DineShkumar P. Patel & Jingeshkumar D. Patel,69fdf15bd3bfa5e4945e2255,"sum015 - Summit Springs Shopping Center {Summit Springs Development, LLC}",evidenceOfInsurance,Evidence of Insurance,commercialGeneralLiability,Commercial General Liability,evidenceOfInsuranceCommercialGeneralLiabilityEachOccurrence,Each Occurrence,,matchOnce,must be greater or equal to,1000000,,non_compliant,Block Requirements,,,false,0,,2026-08-16
"Block Real Estate Services, LLC",69fdf79262446148bd859c61,69fded1362446148bd848d15,Green Leaf Dispensary / DineShkumar P. Patel & Jingeshkumar D. Patel,69fdf15bd3bfa5e4945e2255,"sum015 - Summit Springs Shopping Center {Summit Springs Development, LLC}",evidenceOfInsurance,Evidence of Insurance,commercialGeneralLiability,Commercial General Liability,evidenceOfInsuranceCommercialGeneralLiabilityGeneralAggregate,General Aggregate,,matchOnce,must be greater or equal to,2000000,,non_compliant,Block Requirements,,,false,0,,2026-08-16
"Block Real Estate Services, LLC",69fdf79262446148bd859c61,69fded1362446148bd848d15,Green Leaf Dispensary / DineShkumar P. Patel & Jingeshkumar D. Patel,69fdf15bd3bfa5e4945e2255,"sum015 - Summit Springs Shopping Center {Summit Springs Development, LLC}",evidenceOfInsurance,Evidence of Insurance,commercialGeneralLiability,Commercial General Liability,evidenceOfInsuranceCommercialGeneralLiabilityWaiverOfSubrogationEndorsement,Waiver of Subrogation,"---prompt---
Determine if the insurer has waived their right of subrogation in favor of the certificate holder under the Commercial General Liability policy. Evidence may include: a checked ""Waiver of Subrogation"" box on the certificate, mention in the Description of Operations section stating ""waiver of subrogation applies"", or reference to form CG 24 04. Look for language like ""subrogation is waived"" or ""per written contract"".",matchOnce,must be present,,,non_compliant,Block Requirements,,,false,0,,2026-08-16
"Block Real Estate Services, LLC",69fdf79262446148bd859c61,69fded1362446148bd848d15,Green Leaf Dispensary / DineShkumar P. Patel & Jingeshkumar D. Patel,69fdf15bd3bfa5e4945e2255,"sum015 - Summit Springs Shopping Center {Summit Springs Development, LLC}",evidenceOfInsurance,Evidence of Insurance,excessOrUmbrellaLiability,Umbrella/Excess Liability,evidenceOfInsuranceExcessOrUmbrellaLiabilityOccurence,Coverage Trigger: Occurrence,,matchOnce,must be present,,,non_compliant,Block Requirements,,,false,0,,2026-08-16
"Block Real Estate Services, LLC",69fdf79262446148bd859c61,69fded1362446148bd848d15,Green Leaf Dispensary / DineShkumar P. Patel & Jingeshkumar D. Patel,69fdf15bd3bfa5e4945e2255,"sum015 - Summit Springs Shopping Center {Summit Springs Development, LLC}",evidenceOfInsurance,Evidence of Insurance,excessOrUmbrellaLiability,Umbrella/Excess Liability,evidenceOfInsuranceExcessOrUmbrellaLiabilityEachOccurrence,Each Occurrence,,matchOnce,must be greater or equal to,1000000,,non_compliant,Block Requirements,,,false,0,,2026-08-16
"Block Real Estate Services, LLC",69fdf79262446148bd859c61,69fded1362446148bd848d15,Green Leaf Dispensary / DineShkumar P. Patel & Jingeshkumar D. Patel,69fdf15bd3bfa5e4945e2255,"sum015 - Summit Springs Shopping Center {Summit Springs Development, LLC}",evidenceOfInsurance,Evidence of Insurance,excessOrUmbrellaLiability,Umbrella/Excess Liability,evidenceOfInsuranceExcessOrUmbrellaLiabilityAggregate,Aggregate,,matchOnce,must be greater or equal to,1000000,,non_compliant,Block Requirements,,,false,0,,2026-08-16
"Block Real Estate Services, LLC",69fdf79262446148bd859c61,69fded1362446148bd848d15,Green Leaf Dispensary / DineShkumar P. Patel & Jingeshkumar D. Patel,69fdf15bd3bfa5e4945e2255,"sum015 - Summit Springs Shopping Center {Summit Springs Development, LLC}",evidenceOfInsurance,Evidence of Insurance,workersCompensation,Workers' Compensation and Employer's Liability,evidenceOfInsuranceWorkersCompensationStatutoryLimits,Statutory Limits,,matchOnce,must be present,,,non_compliant,Block Requirements,,,false,0,,2026-08-16
"Block Real Estate Services, LLC",69fdf79262446148bd859c61,69fded1362446148bd848d15,Green Leaf Dispensary / DineShkumar P. Patel & Jingeshkumar D. Patel,69fdf15bd3bfa5e4945e2255,"sum015 - Summit Springs Shopping Center {Summit Springs Development, LLC}",evidenceOfInsurance,Evidence of Insurance,workersCompensation,Workers' Compensation and Employer's Liability,evidenceOfInsuranceWorkersCompensationEmployersLiabilityEachAccident,Employer's Liability Each Accident,,matchOnce,must be greater or equal to,500000,,non_compliant,Block Requirements,,,false,0,,2026-08-16
"Block Real Estate Services, LLC",69fdf79262446148bd859c61,69fded1362446148bd848d15,Green Leaf Dispensary / DineShkumar P. Patel & Jingeshkumar D. Patel,69fdf15bd3bfa5e4945e2255,"sum015 - Summit Springs Shopping Center {Summit Springs Development, LLC}",evidenceOfInsurance,Evidence of Insurance,workersCompensation,Workers' Compensation and Employer's Liability,evidenceOfInsuranceWorkersCompensationEmployersLiabilityDiseaseEachEmployee,Employer's Liability Disease - each employee,,matchOnce,must be greater or equal to,500000,,non_compliant,Block Requirements,,,false,0,,2026-08-16
"Block Real Estate Services, LLC",69fdf79262446148bd859c61,69fded1362446148bd848d15,Green Leaf Dispensary / DineShkumar P. Patel & Jingeshkumar D. Patel,69fdf15bd3bfa5e4945e2255,"sum015 - Summit Springs Shopping Center {Summit Springs Development, LLC}",evidenceOfInsurance,Evidence of Insurance,workersCompensation,Workers' Compensation and Employer's Liability,evidenceOfInsuranceWorkersCompensationEmployersLiabilityDiseasePolicyLimit,Employer's Liability Disease - policy limit,,matchOnce,must be greater or equal to,500000,,non_compliant,Block Requirements,,,false,0,,2026-08-16
"Block Real Estate Services, LLC",69fdf79262446148bd859c61,69fded1362446148bd848d15,Green Leaf Dispensary / DineShkumar P. Patel & Jingeshkumar D. Patel,69fdf15bd3bfa5e4945e2255,"sum015 - Summit Springs Shopping Center {Summit Springs Development, LLC}",evidenceOfInsurance,Evidence of Insurance,workersCompensation,Workers' Compensation and Employer's Liability,evidenceOfInsuranceWorkersCompensationWaiverOfSubrogationEndorsement,Waiver of Subrogation,"---prompt---
Determine if the insurer has waived their right of subrogation in favor of the certificate holder under the Workers' Compensation policy. Evidence may include: a checked ""Waiver of Subrogation"" box on the certificate, mention in the Description of Operations section stating ""waiver of subrogation applies"", or reference to form WC 00 03 13. Look for language like ""subrogation is waived"" or ""per written contract"".",matchOnce,must be present,,,non_compliant,Block Requirements,,,false,0,,2026-08-16
"Block Real Estate Services, LLC",69fdf79262446148bd859c61,69fded1362446148bd848d15,Green Leaf Dispensary / DineShkumar P. Patel & Jingeshkumar D. Patel,69fdf15bd3bfa5e4945e2255,"sum015 - Summit Springs Shopping Center {Summit Springs Development, LLC}",evidenceOfInsurance,Evidence of Insurance,6ac20aae-5728-5d57-b364-aeba38527dba,Additional Requirements,4da5b0f1-4c9d-5885-8cf8-5d3cccaed3e0,"Block Real Estate Services, LLC and all others required by contract are named as Additional Insureds","---prompt---
Determine if the Description of Operations or the Additional Remarks Schedule section states the ""Additional Insured as Construction Management, Inc. and all others required by contract"" or reference to blanket additional insured coverage. Look for language like ""certificate holder is additional insured"" or ""per written contract"".",matchOnce,must be present,,,non_compliant,Block Requirements,,,true,0,,2026-08-16
"Block Real Estate Services, LLC",69fdf79262446148bd859c61,69fded1362446148bd848d15,Green Leaf Dispensary / DineShkumar P. Patel & Jingeshkumar D. Patel,69fdf15bd3bfa5e4945e2255,"sum015 - Summit Springs Shopping Center {Summit Springs Development, LLC}",evidenceOfInsurance,Evidence of Insurance,6ac20aae-5728-5d57-b364-aeba38527dba,Additional Requirements,e1017741-e47e-5f58-97b8-fbc3043e919f,Umbrella follows form over General Liability,"---prompt---
Determine if the Umbrella/Excess Liability policy follows form to the underlying policies. Evidence may include: language in the Description of Operations section stating the umbrella follows form to underlying coverages or an additional page endorsement stating that it follows form. Follow form means the umbrella policy adopts the same terms, conditions, and exclusions as the underlying policies.",matchOnce,must be present,,,non_compliant,Block Requirements,,,true,0,,2026-08-16
"Block Real Estate Services, LLC",69fdf79262446148bd859c61,69fded1362446148bd848d15,Green Leaf Dispensary / DineShkumar P. Patel & Jingeshkumar D. Patel,69fdf15bd3bfa5e4945e2255,"sum015 - Summit Springs Shopping Center {Summit Springs Development, LLC}",evidenceOfInsurance,Evidence of Insurance,6ac20aae-5728-5d57-b364-aeba38527dba,Additional Requirements,2cdd866f-c9a4-576a-afd8-1d045762790c,The location must be listed as: 201 SE M-291 Highway Lee's Summit MO 64063,,matchOnce,must be present,,,non_compliant,Block Requirements,,,true,0,,2026-08-16
"Block Real Estate Services, LLC",69fdf79262446148bd859c61,69fded1362446148bd848d15,Green Leaf Dispensary / DineShkumar P. Patel & Jingeshkumar D. Patel,69fdf15bd3bfa5e4945e2255,"sum015 - Summit Springs Shopping Center {Summit Springs Development, LLC}",evidenceOfInsurance,Evidence of Insurance,6ac20aae-5728-5d57-b364-aeba38527dba,Additional Requirements,3649e9d1-4e09-59bf-8f30-cb33c40cf117,"Certificate Holder must read: c/o Block Real Estate Services, LLC, 4622 Pennsylvania St., Suite 700, Kansas City, MO, 64112",,matchOnce,must be present,,,non_compliant,Block Requirements,,,true,0,,2026-08-16
"Block Real Estate Services, LLC",69fdf7a362446148bd85b014,69fded2362446148bd84923d,"Liquor Houzz / Trivedi and Riaz, Inc.",69fdf15bd3bfa5e4945e2255,"sum015 - Summit Springs Shopping Center {Summit Springs Development, LLC}",evidenceOfInsurance,Evidence of Insurance,commercialGeneralLiability,Commercial General Liability,evidenceOfInsuranceCommercialGeneralLiabilityCoverageTriggerOccurrence,Coverage Trigger: Occurrence,,matchOnce,must be present,,Present,compliant,Block Requirements,,,false,1,,2026-08-16
"Block Real Estate Services, LLC",69fdf7a362446148bd85b014,69fded2362446148bd84923d,"Liquor Houzz / Trivedi and Riaz, Inc.",69fdf15bd3bfa5e4945e2255,"sum015 - Summit Springs Shopping Center {Summit Springs Development, LLC}",evidenceOfInsurance,Evidence of Insurance,commercialGeneralLiability,Commercial General Liability,evidenceOfInsuranceCommercialGeneralLiabilityGeneralAggregateLimitAppliesPerLocation,General Aggregate Limit Applies per: Location,,matchOnce,must be present,,,non_compliant,Block Requirements,,,false,0,,2026-08-16
"Block Real Estate Services, LLC",69fdf7a362446148bd85b014,69fded2362446148bd84923d,"Liquor Houzz / Trivedi and Riaz, Inc.",69fdf15bd3bfa5e4945e2255,"sum015 - Summit Springs Shopping Center {Summit Springs Development, LLC}",evidenceOfInsurance,Evidence of Insurance,commercialGeneralLiability,Commercial General Liability,evidenceOfInsuranceCommercialGeneralLiabilityEachOccurrence,Each Occurrence,,matchOnce,must be greater or equal to,1000000,1000000,compliant,Block Requirements,,,false,1,,2026-08-16
"Block Real Estate Services, LLC",69fdf7a362446148bd85b014,69fded2362446148bd84923d,"Liquor Houzz / Trivedi and Riaz, Inc.",69fdf15bd3bfa5e4945e2255,"sum015 - Summit Springs Shopping Center {Summit Springs Development, LLC}",evidenceOfInsurance,Evidence of Insurance,commercialGeneralLiability,Commercial General Liability,evidenceOfInsuranceCommercialGeneralLiabilityGeneralAggregate,General Aggregate,,matchOnce,must be greater or equal to,2000000,2000000,compliant,Block Requirements,,,false,1,,2026-08-16
"Block Real Estate Services, LLC",69fdf7a362446148bd85b014,69fded2362446148bd84923d,"Liquor Houzz / Trivedi and Riaz, Inc.",69fdf15bd3bfa5e4945e2255,"sum015 - Summit Springs Shopping Center {Summit Springs Development, LLC}",evidenceOfInsurance,Evidence of Insurance,commercialGeneralLiability,Commercial General Liability,evidenceOfInsuranceCommercialGeneralLiabilityWaiverOfSubrogationEndorsement,Waiver of Subrogation,"---prompt---
Determine if the insurer has waived their right of subrogation in favor of the certificate holder under the Commercial General Liability policy. Evidence may include: a checked ""Waiver of Subrogation"" box on the certificate, mention in the Description of Operations section stating ""waiver of subrogation applies"", or reference to form CG 24 04. Look for language like ""subrogation is waived"" or ""per written contract"".",matchOnce,must be present,,Present,compliant,Block Requirements,,,false,1,,2026-08-16
"Block Real Estate Services, LLC",69fdf7a362446148bd85b014,69fded2362446148bd84923d,"Liquor Houzz / Trivedi and Riaz, Inc.",69fdf15bd3bfa5e4945e2255,"sum015 - Summit Springs Shopping Center {Summit Springs Development, LLC}",evidenceOfInsurance,Evidence of Insurance,excessOrUmbrellaLiability,Umbrella/Excess Liability,evidenceOfInsuranceExcessOrUmbrellaLiabilityOccurence,Coverage Trigger: Occurrence,,matchOnce,must be present,,,non_compliant,Block Requirements,,,false,0,,2026-08-16
"Block Real Estate Services, LLC",69fdf7a362446148bd85b014,69fded2362446148bd84923d,"Liquor Houzz / Trivedi and Riaz, Inc.",69fdf15bd3bfa5e4945e2255,"sum015 - Summit Springs Shopping Center {Summit Springs Development, LLC}",evidenceOfInsurance,Evidence of Insurance,excessOrUmbrellaLiability,Umbrella/Excess Liability,evidenceOfInsuranceExcessOrUmbrellaLiabilityEachOccurrence,Each Occurrence,,matchOnce,must be greater or equal to,1000000,1000000,compliant,Block Requirements,,,false,1,,2026-08-16
"Block Real Estate Services, LLC",69fdf7a362446148bd85b014,69fded2362446148bd84923d,"Liquor Houzz / Trivedi and Riaz, Inc.",69fdf15bd3bfa5e4945e2255,"sum015 - Summit Springs Shopping Center {Summit Springs Development, LLC}",evidenceOfInsurance,Evidence of Insurance,excessOrUmbrellaLiability,Umbrella/Excess Liability,evidenceOfInsuranceExcessOrUmbrellaLiabilityAggregate,Aggregate,,matchOnce,must be greater or equal to,1000000,1000000,compliant,Block Requirements,,,false,1,,2026-08-16
"Block Real Estate Services, LLC",69fdf7a362446148bd85b014,69fded2362446148bd84923d,"Liquor Houzz / Trivedi and Riaz, Inc.",69fdf15bd3bfa5e4945e2255,"sum015 - Summit Springs Shopping Center {Summit Springs Development, LLC}",evidenceOfInsurance,Evidence of Insurance,workersCompensation,Workers' Compensation and Employer's Liability,evidenceOfInsuranceWorkersCompensationStatutoryLimits,Statutory Limits,,matchOnce,must be present,,,non_compliant,Block Requirements,,,false,0,,2026-08-16
"Block Real Estate Services, LLC",69fdf7a362446148bd85b014,69fded2362446148bd84923d,"Liquor Houzz / Trivedi and Riaz, Inc.",69fdf15bd3bfa5e4945e2255,"sum015 - Summit Springs Shopping Center {Summit Springs Development, LLC}",evidenceOfInsurance,Evidence of Insurance,workersCompensation,Workers' Compensation and Employer's Liability,evidenceOfInsuranceWorkersCompensationEmployersLiabilityEachAccident,Employer's Liability Each Accident,,matchOnce,must be greater or equal to,500000,,non_compliant,Block Requirements,,,false,0,,2026-08-16
"Block Real Estate Services, LLC",69fdf7a362446148bd85b014,69fded2362446148bd84923d,"Liquor Houzz / Trivedi and Riaz, Inc.",69fdf15bd3bfa5e4945e2255,"sum015 - Summit Springs Shopping Center {Summit Springs Development, LLC}",evidenceOfInsurance,Evidence of Insurance,workersCompensation,Workers' Compensation and Employer's Liability,evidenceOfInsuranceWorkersCompensationEmployersLiabilityDiseaseEachEmployee,Employer's Liability Disease - each employee,,matchOnce,must be greater or equal to,500000,,non_compliant,Block Requirements,,,false,0,,2026-08-16
"Block Real Estate Services, LLC",69fdf7a362446148bd85b014,69fded2362446148bd84923d,"Liquor Houzz / Trivedi and Riaz, Inc.",69fdf15bd3bfa5e4945e2255,"sum015 - Summit Springs Shopping Center {Summit Springs Development, LLC}",evidenceOfInsurance,Evidence of Insurance,workersCompensation,Workers' Compensation and Employer's Liability,evidenceOfInsuranceWorkersCompensationEmployersLiabilityDiseasePolicyLimit,Employer's Liability Disease - policy limit,,matchOnce,must be greater or equal to,500000,,non_compliant,Block Requirements,,,false,0,,2026-08-16
"Block Real Estate Services, LLC",69fdf7a362446148bd85b014,69fded2362446148bd84923d,"Liquor Houzz / Trivedi and Riaz, Inc.",69fdf15bd3bfa5e4945e2255,"sum015 - Summit Springs Shopping Center {Summit Springs Development, LLC}",evidenceOfInsurance,Evidence of Insurance,workersCompensation,Workers' Compensation and Employer's Liability,evidenceOfInsuranceWorkersCompensationWaiverOfSubrogationEndorsement,Waiver of Subrogation,"---prompt---
Determine if the insurer has waived their right of subrogation in favor of the certificate holder under the Workers' Compensation policy. Evidence may include: a checked ""Waiver of Subrogation"" box on the certificate, mention in the Description of Operations section stating ""waiver of subrogation applies"", or reference to form WC 00 03 13. Look for language like ""subrogation is waived"" or ""per written contract"".",matchOnce,must be present,,,non_compliant,Block Requirements,,,false,0,,2026-08-16
"Block Real Estate Services, LLC",69fdf7a362446148bd85b014,69fded2362446148bd84923d,"Liquor Houzz / Trivedi and Riaz, Inc.",69fdf15bd3bfa5e4945e2255,"sum015 - Summit Springs Shopping Center {Summit Springs Development, LLC}",evidenceOfInsurance,Evidence of Insurance,6ac20aae-5728-5d57-b364-aeba38527dba,Additional Requirements,4da5b0f1-4c9d-5885-8cf8-5d3cccaed3e0,"Block Real Estate Services, LLC and all others required by contract are named as Additional Insureds","---prompt---
Determine if the Description of Operations or the Additional Remarks Schedule section states the ""Additional Insured as Construction Management, Inc. and all others required by contract"" or reference to blanket additional insured coverage. Look for language like ""certificate holder is additional insured"" or ""per written contract"".",matchOnce,must be present,,Present,compliant,Block Requirements,,,true,1,,2026-08-16
"Block Real Estate Services, LLC",69fdf7a362446148bd85b014,69fded2362446148bd84923d,"Liquor Houzz / Trivedi and Riaz, Inc.",69fdf15bd3bfa5e4945e2255,"sum015 - Summit Springs Shopping Center {Summit Springs Development, LLC}",evidenceOfInsurance,Evidence of Insurance,6ac20aae-5728-5d57-b364-aeba38527dba,Additional Requirements,e1017741-e47e-5f58-97b8-fbc3043e919f,Umbrella follows form over General Liability,"---prompt---
Determine if the Umbrella/Excess Liability policy follows form to the underlying policies. Evidence may include: language in the Description of Operations section stating the umbrella follows form to underlying coverages or an additional page endorsement stating that it follows form. Follow form means the umbrella policy adopts the same terms, conditions, and exclusions as the underlying policies.",matchOnce,must be present,,,non_compliant,Block Requirements,,,true,0,,2026-08-16
"Block Real Estate Services, LLC",69fdf7a362446148bd85b014,69fded2362446148bd84923d,"Liquor Houzz / Trivedi and Riaz, Inc.",69fdf15bd3bfa5e4945e2255,"sum015 - Summit Springs Shopping Center {Summit Springs Development, LLC}",evidenceOfInsurance,Evidence of Insurance,6ac20aae-5728-5d57-b364-aeba38527dba,Additional Requirements,2cdd866f-c9a4-576a-afd8-1d045762790c,The location must be listed as: 207 SE M-291 Highway Lee's Summit MO 64063,,matchOnce,must be present,,Present,compliant,Block Requirements,,,true,1,,2026-08-16
"Block Real Estate Services, LLC",69fdf7a362446148bd85b014,69fded2362446148bd84923d,"Liquor Houzz / Trivedi and Riaz, Inc.",69fdf15bd3bfa5e4945e2255,"sum015 - Summit Springs Shopping Center {Summit Springs Development, LLC}",evidenceOfInsurance,Evidence of Insurance,6ac20aae-5728-5d57-b364-aeba38527dba,Additional Requirements,3649e9d1-4e09-59bf-8f30-cb33c40cf117,"Certificate Holder must read: c/o Block Real Estate Services, LLC, 4622 Pennsylvania St., Suite 700, Kansas City, MO, 64112",,matchOnce,must be present,,Present,compliant,Block Requirements,,,true,1,,2026-08-16
"Block Real Estate Services, LLC",69fdf7a362446148bd85b010,69fded1b62446148bd848fbb,"Midwest Vacuums / Cast, Inc.",69fdf15bd3bfa5e4945e2255,"sum015 - Summit Springs Shopping Center {Summit Springs Development, LLC}",evidenceOfInsurance,Evidence of Insurance,commercialGeneralLiability,Commercial General Liability,evidenceOfInsuranceCommercialGeneralLiabilityCoverageTriggerOccurrence,Coverage Trigger: Occurrence,,matchOnce,must be present,,,non_compliant,Block Requirements,,,false,0,,2026-08-16
"Block Real Estate Services, LLC",69fdf7a362446148bd85b010,69fded1b62446148bd848fbb,"Midwest Vacuums / Cast, Inc.",69fdf15bd3bfa5e4945e2255,"sum015 - Summit Springs Shopping Center {Summit Springs Development, LLC}",evidenceOfInsurance,Evidence of Insurance,commercialGeneralLiability,Commercial General Liability,evidenceOfInsuranceCommercialGeneralLiabilityGeneralAggregateLimitAppliesPerLocation,General Aggregate Limit Applies per: Location,,matchOnce,must be present,,,non_compliant,Block Requirements,,,false,0,,2026-08-16
"Block Real Estate Services, LLC",69fdf7a362446148bd85b010,69fded1b62446148bd848fbb,"Midwest Vacuums / Cast, Inc.",69fdf15bd3bfa5e4945e2255,"sum015 - Summit Springs Shopping Center {Summit Springs Development, LLC}",evidenceOfInsurance,Evidence of Insurance,commercialGeneralLiability,Commercial General Liability,evidenceOfInsuranceCommercialGeneralLiabilityEachOccurrence,Each Occurrence,,matchOnce,must be greater or equal to,1000000,,non_compliant,Block Requirements,,,false,0,,2026-08-16
"Block Real Estate Services, LLC",69fdf7a362446148bd85b010,69fded1b62446148bd848fbb,"Midwest Vacuums / Cast, Inc.",69fdf15bd3bfa5e4945e2255,"sum015 - Summit Springs Shopping Center {Summit Springs Development, LLC}",evidenceOfInsurance,Evidence of Insurance,commercialGeneralLiability,Commercial General Liability,evidenceOfInsuranceCommercialGeneralLiabilityGeneralAggregate,General Aggregate,,matchOnce,must be greater or equal to,2000000,,non_compliant,Block Requirements,,,false,0,,2026-08-16
"Block Real Estate Services, LLC",69fdf7a362446148bd85b010,69fded1b62446148bd848fbb,"Midwest Vacuums / Cast, Inc.",69fdf15bd3bfa5e4945e2255,"sum015 - Summit Springs Shopping Center {Summit Springs Development, LLC}",evidenceOfInsurance,Evidence of Insurance,commercialGeneralLiability,Commercial General Liability,evidenceOfInsuranceCommercialGeneralLiabilityWaiverOfSubrogationEndorsement,Waiver of Subrogation,"---prompt---
Determine if the insurer has waived their right of subrogation in favor of the certificate holder under the Commercial General Liability policy. Evidence may include: a checked ""Waiver of Subrogation"" box on the certificate, mention in the Description of Operations section stating ""waiver of subrogation applies"", or reference to form CG 24 04. Look for language like ""subrogation is waived"" or ""per written contract"".",matchOnce,must be present,,,non_compliant,Block Requirements,,,false,0,,2026-08-16
"Block Real Estate Services, LLC",69fdf7a362446148bd85b010,69fded1b62446148bd848fbb,"Midwest Vacuums / Cast, Inc.",69fdf15bd3bfa5e4945e2255,"sum015 - Summit Springs Shopping Center {Summit Springs Development, LLC}",evidenceOfInsurance,Evidence of Insurance,excessOrUmbrellaLiability,Umbrella/Excess Liability,evidenceOfInsuranceExcessOrUmbrellaLiabilityOccurence,Coverage Trigger: Occurrence,,matchOnce,must be present,,,non_compliant,Block Requirements,,,false,0,,2026-08-16
"Block Real Estate Services, LLC",69fdf7a362446148bd85b010,69fded1b62446148bd848fbb,"Midwest Vacuums / Cast, Inc.",69fdf15bd3bfa5e4945e2255,"sum015 - Summit Springs Shopping Center {Summit Springs Development, LLC}",evidenceOfInsurance,Evidence of Insurance,excessOrUmbrellaLiability,Umbrella/Excess Liability,evidenceOfInsuranceExcessOrUmbrellaLiabilityEachOccurrence,Each Occurrence,,matchOnce,must be greater or equal to,1000000,,non_compliant,Block Requirements,,,false,0,,2026-08-16
"Block Real Estate Services, LLC",69fdf7a362446148bd85b010,69fded1b62446148bd848fbb,"Midwest Vacuums / Cast, Inc.",69fdf15bd3bfa5e4945e2255,"sum015 - Summit Springs Shopping Center {Summit Springs Development, LLC}",evidenceOfInsurance,Evidence of Insurance,excessOrUmbrellaLiability,Umbrella/Excess Liability,evidenceOfInsuranceExcessOrUmbrellaLiabilityAggregate,Aggregate,,matchOnce,must be greater or equal to,1000000,,non_compliant,Block Requirements,,,false,0,,2026-08-16
"Block Real Estate Services, LLC",69fdf7a362446148bd85b010,69fded1b62446148bd848fbb,"Midwest Vacuums / Cast, Inc.",69fdf15bd3bfa5e4945e2255,"sum015 - Summit Springs Shopping Center {Summit Springs Development, LLC}",evidenceOfInsurance,Evidence of Insurance,workersCompensation,Workers' Compensation and Employer's Liability,evidenceOfInsuranceWorkersCompensationStatutoryLimits,Statutory Limits,,matchOnce,must be present,,Present,compliant,Block Requirements,,,false,1,,2026-08-16
"Block Real Estate Services, LLC",69fdf7a362446148bd85b010,69fded1b62446148bd848fbb,"Midwest Vacuums / Cast, Inc.",69fdf15bd3bfa5e4945e2255,"sum015 - Summit Springs Shopping Center {Summit Springs Development, LLC}",evidenceOfInsurance,Evidence of Insurance,workersCompensation,Workers' Compensation and Employer's Liability,evidenceOfInsuranceWorkersCompensationEmployersLiabilityEachAccident,Employer's Liability Each Accident,,matchOnce,must be greater or equal to,500000,100000,non_compliant,Block Requirements,,,false,1,,2026-08-16
"Block Real Estate Services, LLC",69fdf7a362446148bd85b010,69fded1b62446148bd848fbb,"Midwest Vacuums / Cast, Inc.",69fdf15bd3bfa5e4945e2255,"sum015 - Summit Springs Shopping Center {Summit Springs Development, LLC}",evidenceOfInsurance,Evidence of Insurance,workersCompensation,Workers' Compensation and Employer's Liability,evidenceOfInsuranceWorkersCompensationEmployersLiabilityDiseaseEachEmployee,Employer's Liability Disease - each employee,,matchOnce,must be greater or equal to,500000,100000,non_compliant,Block Requirements,,,false,1,,2026-08-16
"Block Real Estate Services, LLC",69fdf7a362446148bd85b010,69fded1b62446148bd848fbb,"Midwest Vacuums / Cast, Inc.",69fdf15bd3bfa5e4945e2255,"sum015 - Summit Springs Shopping Center {Summit Springs Development, LLC}",evidenceOfInsurance,Evidence of Insurance,workersCompensation,Workers' Compensation and Employer's Liability,evidenceOfInsuranceWorkersCompensationEmployersLiabilityDiseasePolicyLimit,Employer's Liability Disease - policy limit,,matchOnce,must be greater or equal to,500000,500000,compliant,Block Requirements,,,false,1,,2026-08-16
"Block Real Estate Services, LLC",69fdf7a362446148bd85b010,69fded1b62446148bd848fbb,"Midwest Vacuums / Cast, Inc.",69fdf15bd3bfa5e4945e2255,"sum015 - Summit Springs Shopping Center {Summit Springs Development, LLC}",evidenceOfInsurance,Evidence of Insurance,workersCompensation,Workers' Compensation and Employer's Liability,evidenceOfInsuranceWorkersCompensationWaiverOfSubrogationEndorsement,Waiver of Subrogation,"---prompt---
Determine if the insurer has waived their right of subrogation in favor of the certificate holder under the Workers' Compensation policy. Evidence may include: a checked ""Waiver of Subrogation"" box on the certificate, mention in the Description of Operations section stating ""waiver of subrogation applies"", or reference to form WC 00 03 13. Look for language like ""subrogation is waived"" or ""per written contract"".",matchOnce,must be present,,,non_compliant,Block Requirements,,,false,0,,2026-08-16
"Block Real Estate Services, LLC",69fdf7a362446148bd85b010,69fded1b62446148bd848fbb,"Midwest Vacuums / Cast, Inc.",69fdf15bd3bfa5e4945e2255,"sum015 - Summit Springs Shopping Center {Summit Springs Development, LLC}",evidenceOfInsurance,Evidence of Insurance,6ac20aae-5728-5d57-b364-aeba38527dba,Additional Requirements,4da5b0f1-4c9d-5885-8cf8-5d3cccaed3e0,"Block Real Estate Services, LLC and all others required by contract are named as Additional Insureds","---prompt---
Determine if the Description of Operations or the Additional Remarks Schedule section states the ""Additional Insured as Construction Management, Inc. and all others required by contract"" or reference to blanket additional insured coverage. Look for language like ""certificate holder is additional insured"" or ""per written contract"".",matchOnce,must be present,,,non_compliant,Block Requirements,,,true,0,,2026-08-16
"Block Real Estate Services, LLC",69fdf7a362446148bd85b010,69fded1b62446148bd848fbb,"Midwest Vacuums / Cast, Inc.",69fdf15bd3bfa5e4945e2255,"sum015 - Summit Springs Shopping Center {Summit Springs Development, LLC}",evidenceOfInsurance,Evidence of Insurance,6ac20aae-5728-5d57-b364-aeba38527dba,Additional Requirements,e1017741-e47e-5f58-97b8-fbc3043e919f,Umbrella follows form over General Liability,"---prompt---
Determine if the Umbrella/Excess Liability policy follows form to the underlying policies. Evidence may include: language in the Description of Operations section stating the umbrella follows form to underlying coverages or an additional page endorsement stating that it follows form. Follow form means the umbrella policy adopts the same terms, conditions, and exclusions as the underlying policies.",matchOnce,must be present,,,non_compliant,Block Requirements,,,true,0,,2026-08-16
"Block Real Estate Services, LLC",69fdf7a362446148bd85b010,69fded1b62446148bd848fbb,"Midwest Vacuums / Cast, Inc.",69fdf15bd3bfa5e4945e2255,"sum015 - Summit Springs Shopping Center {Summit Springs Development, LLC}",evidenceOfInsurance,Evidence of Insurance,6ac20aae-5728-5d57-b364-aeba38527dba,Additional Requirements,2cdd866f-c9a4-576a-afd8-1d045762790c,The location must be listed as: 107 SE M-291 Highway Lee's Summit MO 64063,,matchOnce,must be present,,,non_compliant,Block Requirements,,,true,0,,2026-08-16
"Block Real Estate Services, LLC",69fdf7a362446148bd85b010,69fded1b62446148bd848fbb,"Midwest Vacuums / Cast, Inc.",69fdf15bd3bfa5e4945e2255,"sum015 - Summit Springs Shopping Center {Summit Springs Development, LLC}",evidenceOfInsurance,Evidence of Insurance,6ac20aae-5728-5d57-b364-aeba38527dba,Additional Requirements,3649e9d1-4e09-59bf-8f30-cb33c40cf117,"Certificate Holder must read: c/o Block Real Estate Services, LLC, 4622 Pennsylvania St., Suite 700, Kansas City, MO, 64112",,matchOnce,must be present,,Present,compliant,Block Requirements,,,true,1,,2026-08-16
"Block Real Estate Services, LLC",69fdf7a362446148bd85b013,69fded2162446148bd8491b3,Starbucks Corporation,69fdf15bd3bfa5e4945e2255,"sum015 - Summit Springs Shopping Center {Summit Springs Development, LLC}",evidenceOfInsurance,Evidence of Insurance,commercialGeneralLiability,Commercial General Liability,evidenceOfInsuranceCommercialGeneralLiabilityCoverageTriggerOccurrence,Coverage Trigger: Occurrence,,matchOnce,must be present,,Present,compliant,Block Requirements,,,false,1,,2026-08-16
"Block Real Estate Services, LLC",69fdf7a362446148bd85b013,69fded2162446148bd8491b3,Starbucks Corporation,69fdf15bd3bfa5e4945e2255,"sum015 - Summit Springs Shopping Center {Summit Springs Development, LLC}",evidenceOfInsurance,Evidence of Insurance,commercialGeneralLiability,Commercial General Liability,evidenceOfInsuranceCommercialGeneralLiabilityGeneralAggregateLimitAppliesPerLocation,General Aggregate Limit Applies per: Location,,matchOnce,must be present,,,waived,Block Requirements,Per location not a requirement in the lease,,false,0,,2026-08-16
"Block Real Estate Services, LLC",69fdf7a362446148bd85b013,69fded2162446148bd8491b3,Starbucks Corporation,69fdf15bd3bfa5e4945e2255,"sum015 - Summit Springs Shopping Center {Summit Springs Development, LLC}",evidenceOfInsurance,Evidence of Insurance,commercialGeneralLiability,Commercial General Liability,evidenceOfInsuranceCommercialGeneralLiabilityEachOccurrence,Each Occurrence,,matchOnce,must be greater or equal to,1000000,1000000,compliant,Block Requirements,,,false,1,,2026-08-16
"Block Real Estate Services, LLC",69fdf7a362446148bd85b013,69fded2162446148bd8491b3,Starbucks Corporation,69fdf15bd3bfa5e4945e2255,"sum015 - Summit Springs Shopping Center {Summit Springs Development, LLC}",evidenceOfInsurance,Evidence of Insurance,commercialGeneralLiability,Commercial General Liability,evidenceOfInsuranceCommercialGeneralLiabilityGeneralAggregate,General Aggregate,,matchOnce,must be greater or equal to,2000000,5000000,compliant,Block Requirements,,,false,1,,2026-08-16
"Block Real Estate Services, LLC",69fdf7a362446148bd85b013,69fded2162446148bd8491b3,Starbucks Corporation,69fdf15bd3bfa5e4945e2255,"sum015 - Summit Springs Shopping Center {Summit Springs Development, LLC}",evidenceOfInsurance,Evidence of Insurance,commercialGeneralLiability,Commercial General Liability,evidenceOfInsuranceCommercialGeneralLiabilityWaiverOfSubrogationEndorsement,Waiver of Subrogation,"---prompt---
Determine if the insurer has waived their right of subrogation in favor of the certificate holder under the Commercial General Liability policy. Evidence may include: a checked ""Waiver of Subrogation"" box on the certificate, mention in the Description of Operations section stating ""waiver of subrogation applies"", or reference to form CG 24 04. Look for language like ""subrogation is waived"" or ""per written contract"".",matchOnce,must be present,,Present,compliant,Block Requirements,,,false,1,,2026-08-16
"Block Real Estate Services, LLC",69fdf7a362446148bd85b013,69fded2162446148bd8491b3,Starbucks Corporation,69fdf15bd3bfa5e4945e2255,"sum015 - Summit Springs Shopping Center {Summit Springs Development, LLC}",evidenceOfInsurance,Evidence of Insurance,excessOrUmbrellaLiability,Umbrella/Excess Liability,evidenceOfInsuranceExcessOrUmbrellaLiabilityOccurence,Coverage Trigger: Occurrence,,matchOnce,must be present,,,waived,Block Requirements,,,false,0,,2026-08-16
"Block Real Estate Services, LLC",69fdf7a362446148bd85b013,69fded2162446148bd8491b3,Starbucks Corporation,69fdf15bd3bfa5e4945e2255,"sum015 - Summit Springs Shopping Center {Summit Springs Development, LLC}",evidenceOfInsurance,Evidence of Insurance,excessOrUmbrellaLiability,Umbrella/Excess Liability,evidenceOfInsuranceExcessOrUmbrellaLiabilityEachOccurrence,Each Occurrence,,matchOnce,must be greater or equal to,1000000,,waived,Block Requirements,,,false,0,,2026-08-16
"Block Real Estate Services, LLC",69fdf7a362446148bd85b013,69fded2162446148bd8491b3,Starbucks Corporation,69fdf15bd3bfa5e4945e2255,"sum015 - Summit Springs Shopping Center {Summit Springs Development, LLC}",evidenceOfInsurance,Evidence of Insurance,excessOrUmbrellaLiability,Umbrella/Excess Liability,evidenceOfInsuranceExcessOrUmbrellaLiabilityAggregate,Aggregate,,matchOnce,must be greater or equal to,1000000,,waived,Block Requirements,,,false,0,,2026-08-16
"Block Real Estate Services, LLC",69fdf7a362446148bd85b013,69fded2162446148bd8491b3,Starbucks Corporation,69fdf15bd3bfa5e4945e2255,"sum015 - Summit Springs Shopping Center {Summit Springs Development, LLC}",evidenceOfInsurance,Evidence of Insurance,workersCompensation,Workers' Compensation and Employer's Liability,evidenceOfInsuranceWorkersCompensationStatutoryLimits,Statutory Limits,,matchOnce,must be present,,,waived,Block Requirements,,,false,0,,2026-08-16
"Block Real Estate Services, LLC",69fdf7a362446148bd85b013,69fded2162446148bd8491b3,Starbucks Corporation,69fdf15bd3bfa5e4945e2255,"sum015 - Summit Springs Shopping Center {Summit Springs Development, LLC}",evidenceOfInsurance,Evidence of Insurance,workersCompensation,Workers' Compensation and Employer's Liability,evidenceOfInsuranceWorkersCompensationEmployersLiabilityEachAccident,Employer's Liability Each Accident,,matchOnce,must be greater or equal to,500000,,waived,Block Requirements,,,false,0,,2026-08-16
"Block Real Estate Services, LLC",69fdf7a362446148bd85b013,69fded2162446148bd8491b3,Starbucks Corporation,69fdf15bd3bfa5e4945e2255,"sum015 - Summit Springs Shopping Center {Summit Springs Development, LLC}",evidenceOfInsurance,Evidence of Insurance,workersCompensation,Workers' Compensation and Employer's Liability,evidenceOfInsuranceWorkersCompensationEmployersLiabilityDiseaseEachEmployee,Employer's Liability Disease - each employee,,matchOnce,must be greater or equal to,500000,,waived,Block Requirements,,,false,0,,2026-08-16
"Block Real Estate Services, LLC",69fdf7a362446148bd85b013,69fded2162446148bd8491b3,Starbucks Corporation,69fdf15bd3bfa5e4945e2255,"sum015 - Summit Springs Shopping Center {Summit Springs Development, LLC}",evidenceOfInsurance,Evidence of Insurance,workersCompensation,Workers' Compensation and Employer's Liability,evidenceOfInsuranceWorkersCompensationEmployersLiabilityDiseasePolicyLimit,Employer's Liability Disease - policy limit,,matchOnce,must be greater or equal to,500000,,waived,Block Requirements,,,false,0,,2026-08-16
"Block Real Estate Services, LLC",69fdf7a362446148bd85b013,69fded2162446148bd8491b3,Starbucks Corporation,69fdf15bd3bfa5e4945e2255,"sum015 - Summit Springs Shopping Center {Summit Springs Development, LLC}",evidenceOfInsurance,Evidence of Insurance,workersCompensation,Workers' Compensation and Employer's Liability,evidenceOfInsuranceWorkersCompensationWaiverOfSubrogationEndorsement,Waiver of Subrogation,"---prompt---
Determine if the insurer has waived their right of subrogation in favor of the certificate holder under the Workers' Compensation policy. Evidence may include: a checked ""Waiver of Subrogation"" box on the certificate, mention in the Description of Operations section stating ""waiver of subrogation applies"", or reference to form WC 00 03 13. Look for language like ""subrogation is waived"" or ""per written contract"".",matchOnce,must be present,,,waived,Block Requirements,,,false,0,,2026-08-16
"Block Real Estate Services, LLC",69fdf7a362446148bd85b013,69fded2162446148bd8491b3,Starbucks Corporation,69fdf15bd3bfa5e4945e2255,"sum015 - Summit Springs Shopping Center {Summit Springs Development, LLC}",evidenceOfInsurance,Evidence of Insurance,6ac20aae-5728-5d57-b364-aeba38527dba,Additional Requirements,4da5b0f1-4c9d-5885-8cf8-5d3cccaed3e0,"Block Real Estate Services, LLC and all others required by contract are named as Additional Insureds","---prompt---
Determine if the Description of Operations or the Additional Remarks Schedule section states the ""Additional Insured as Construction Management, Inc. and all others required by contract"" or reference to blanket additional insured coverage. Look for language like ""certificate holder is additional insured"" or ""per written contract"".",matchOnce,must be present,,,waived,Block Requirements,MOI accepted by Ellen Ochampaugh,,true,0,,2026-08-16
"Block Real Estate Services, LLC",69fdf7a362446148bd85b013,69fded2162446148bd8491b3,Starbucks Corporation,69fdf15bd3bfa5e4945e2255,"sum015 - Summit Springs Shopping Center {Summit Springs Development, LLC}",evidenceOfInsurance,Evidence of Insurance,6ac20aae-5728-5d57-b364-aeba38527dba,Additional Requirements,e1017741-e47e-5f58-97b8-fbc3043e919f,Umbrella follows form over General Liability,"---prompt---
Determine if the Umbrella/Excess Liability policy follows form to the underlying policies. Evidence may include: language in the Description of Operations section stating the umbrella follows form to underlying coverages or an additional page endorsement stating that it follows form. Follow form means the umbrella policy adopts the same terms, conditions, and exclusions as the underlying policies.",matchOnce,must be present,,,waived,Block Requirements,Umbrella not a requirement in the lease,,true,0,,2026-08-16
"Block Real Estate Services, LLC",69fdf7a362446148bd85b013,69fded2162446148bd8491b3,Starbucks Corporation,69fdf15bd3bfa5e4945e2255,"sum015 - Summit Springs Shopping Center {Summit Springs Development, LLC}",evidenceOfInsurance,Evidence of Insurance,6ac20aae-5728-5d57-b364-aeba38527dba,Additional Requirements,2cdd866f-c9a4-576a-afd8-1d045762790c,The location must be listed as: 125 SE M-291 Highway Lee's Summit MO 64063,,matchOnce,must be present,,,waived,Block Requirements,MOI accepted by Ellen Ochampaugh,,true,0,,2026-08-16
"Block Real Estate Services, LLC",69fdf7a362446148bd85b013,69fded2162446148bd8491b3,Starbucks Corporation,69fdf15bd3bfa5e4945e2255,"sum015 - Summit Springs Shopping Center {Summit Springs Development, LLC}",evidenceOfInsurance,Evidence of Insurance,6ac20aae-5728-5d57-b364-aeba38527dba,Additional Requirements,3649e9d1-4e09-59bf-8f30-cb33c40cf117,"Certificate Holder must read: c/o Block Real Estate Services, LLC, 4622 Pennsylvania St., Suite 700, Kansas City, MO, 64112",,matchOnce,must be present,,,waived,Block Requirements,MOI accepted by Ellen Ochampaugh,,true,0,,2026-08-16
"Block Real Estate Services, LLC",69fdf7a362446148bd85b012,69fded2062446148bd849129,"Sally Beauty Co., Inc. / Sally Beauty 1717",69fdf15bd3bfa5e4945e2255,"sum015 - Summit Springs Shopping Center {Summit Springs Development, LLC}",evidenceOfInsurance,Evidence of Insurance,commercialGeneralLiability,Commercial General Liability,evidenceOfInsuranceCommercialGeneralLiabilityCoverageTriggerOccurrence,Coverage Trigger: Occurrence,,matchOnce,must be present,,,non_compliant,Block Requirements,,,false,0,,2026-08-16
"Block Real Estate Services, LLC",69fdf7a362446148bd85b012,69fded2062446148bd849129,"Sally Beauty Co., Inc. / Sally Beauty 1717",69fdf15bd3bfa5e4945e2255,"sum015 - Summit Springs Shopping Center {Summit Springs Development, LLC}",evidenceOfInsurance,Evidence of Insurance,commercialGeneralLiability,Commercial General Liability,evidenceOfInsuranceCommercialGeneralLiabilityGeneralAggregateLimitAppliesPerLocation,General Aggregate Limit Applies per: Location,,matchOnce,must be present,,,non_compliant,Block Requirements,,,false,0,,2026-08-16
"Block Real Estate Services, LLC",69fdf7a362446148bd85b012,69fded2062446148bd849129,"Sally Beauty Co., Inc. / Sally Beauty 1717",69fdf15bd3bfa5e4945e2255,"sum015 - Summit Springs Shopping Center {Summit Springs Development, LLC}",evidenceOfInsurance,Evidence of Insurance,commercialGeneralLiability,Commercial General Liability,evidenceOfInsuranceCommercialGeneralLiabilityEachOccurrence,Each Occurrence,,matchOnce,must be greater or equal to,1000000,,non_compliant,Block Requirements,,,false,0,,2026-08-16
"Block Real Estate Services, LLC",69fdf7a362446148bd85b012,69fded2062446148bd849129,"Sally Beauty Co., Inc. / Sally Beauty 1717",69fdf15bd3bfa5e4945e2255,"sum015 - Summit Springs Shopping Center {Summit Springs Development, LLC}",evidenceOfInsurance,Evidence of Insurance,commercialGeneralLiability,Commercial General Liability,evidenceOfInsuranceCommercialGeneralLiabilityGeneralAggregate,General Aggregate,,matchOnce,must be greater or equal to,2000000,,non_compliant,Block Requirements,,,false,0,,2026-08-16
"Block Real Estate Services, LLC",69fdf7a362446148bd85b012,69fded2062446148bd849129,"Sally Beauty Co., Inc. / Sally Beauty 1717",69fdf15bd3bfa5e4945e2255,"sum015 - Summit Springs Shopping Center {Summit Springs Development, LLC}",evidenceOfInsurance,Evidence of Insurance,commercialGeneralLiability,Commercial General Liability,evidenceOfInsuranceCommercialGeneralLiabilityWaiverOfSubrogationEndorsement,Waiver of Subrogation,"---prompt---
Determine if the insurer has waived their right of subrogation in favor of the certificate holder under the Commercial General Liability policy. Evidence may include: a checked ""Waiver of Subrogation"" box on the certificate, mention in the Description of Operations section stating ""waiver of subrogation applies"", or reference to form CG 24 04. Look for language like ""subrogation is waived"" or ""per written contract"".",matchOnce,must be present,,,non_compliant,Block Requirements,,,false,0,,2026-08-16
"Block Real Estate Services, LLC",69fdf7a362446148bd85b012,69fded2062446148bd849129,"Sally Beauty Co., Inc. / Sally Beauty 1717",69fdf15bd3bfa5e4945e2255,"sum015 - Summit Springs Shopping Center {Summit Springs Development, LLC}",evidenceOfInsurance,Evidence of Insurance,excessOrUmbrellaLiability,Umbrella/Excess Liability,evidenceOfInsuranceExcessOrUmbrellaLiabilityOccurence,Coverage Trigger: Occurrence,,matchOnce,must be present,,,non_compliant,Block Requirements,,,false,0,,2026-08-16
"Block Real Estate Services, LLC",69fdf7a362446148bd85b012,69fded2062446148bd849129,"Sally Beauty Co., Inc. / Sally Beauty 1717",69fdf15bd3bfa5e4945e2255,"sum015 - Summit Springs Shopping Center {Summit Springs Development, LLC}",evidenceOfInsurance,Evidence of Insurance,excessOrUmbrellaLiability,Umbrella/Excess Liability,evidenceOfInsuranceExcessOrUmbrellaLiabilityEachOccurrence,Each Occurrence,,matchOnce,must be greater or equal to,1000000,,non_compliant,Block Requirements,,,false,0,,2026-08-16
"Block Real Estate Services, LLC",69fdf7a362446148bd85b012,69fded2062446148bd849129,"Sally Beauty Co., Inc. / Sally Beauty 1717",69fdf15bd3bfa5e4945e2255,"sum015 - Summit Springs Shopping Center {Summit Springs Development, LLC}",evidenceOfInsurance,Evidence of Insurance,excessOrUmbrellaLiability,Umbrella/Excess Liability,evidenceOfInsuranceExcessOrUmbrellaLiabilityAggregate,Aggregate,,matchOnce,must be greater or equal to,1000000,,non_compliant,Block Requirements,,,false,0,,2026-08-16
"Block Real Estate Services, LLC",69fdf7a362446148bd85b012,69fded2062446148bd849129,"Sally Beauty Co., Inc. / Sally Beauty 1717",69fdf15bd3bfa5e4945e2255,"sum015 - Summit Springs Shopping Center {Summit Springs Development, LLC}",evidenceOfInsurance,Evidence of Insurance,workersCompensation,Workers' Compensation and Employer's Liability,evidenceOfInsuranceWorkersCompensationStatutoryLimits,Statutory Limits,,matchOnce,must be present,,,non_compliant,Block Requirements,,,false,0,,2026-08-16
"Block Real Estate Services, LLC",69fdf7a362446148bd85b012,69fded2062446148bd849129,"Sally Beauty Co., Inc. / Sally Beauty 1717",69fdf15bd3bfa5e4945e2255,"sum015 - Summit Springs Shopping Center {Summit Springs Development, LLC}",evidenceOfInsurance,Evidence of Insurance,workersCompensation,Workers' Compensation and Employer's Liability,evidenceOfInsuranceWorkersCompensationEmployersLiabilityEachAccident,Employer's Liability Each Accident,,matchOnce,must be greater or equal to,500000,,non_compliant,Block Requirements,,,false,0,,2026-08-16
"Block Real Estate Services, LLC",69fdf7a362446148bd85b012,69fded2062446148bd849129,"Sally Beauty Co., Inc. / Sally Beauty 1717",69fdf15bd3bfa5e4945e2255,"sum015 - Summit Springs Shopping Center {Summit Springs Development, LLC}",evidenceOfInsurance,Evidence of Insurance,workersCompensation,Workers' Compensation and Employer's Liability,evidenceOfInsuranceWorkersCompensationEmployersLiabilityDiseaseEachEmployee,Employer's Liability Disease - each employee,,matchOnce,must be greater or equal to,500000,,non_compliant,Block Requirements,,,false,0,,2026-08-16
"Block Real Estate Services, LLC",69fdf7a362446148bd85b012,69fded2062446148bd849129,"Sally Beauty Co., Inc. / Sally Beauty 1717",69fdf15bd3bfa5e4945e2255,"sum015 - Summit Springs Shopping Center {Summit Springs Development, LLC}",evidenceOfInsurance,Evidence of Insurance,workersCompensation,Workers' Compensation and Employer's Liability,evidenceOfInsuranceWorkersCompensationEmployersLiabilityDiseasePolicyLimit,Employer's Liability Disease - policy limit,,matchOnce,must be greater or equal to,500000,,non_compliant,Block Requirements,,,false,0,,2026-08-16
"Block Real Estate Services, LLC",69fdf7a362446148bd85b012,69fded2062446148bd849129,"Sally Beauty Co., Inc. / Sally Beauty 1717",69fdf15bd3bfa5e4945e2255,"sum015 - Summit Springs Shopping Center {Summit Springs Development, LLC}",evidenceOfInsurance,Evidence of Insurance,workersCompensation,Workers' Compensation and Employer's Liability,evidenceOfInsuranceWorkersCompensationWaiverOfSubrogationEndorsement,Waiver of Subrogation,"---prompt---
Determine if the insurer has waived their right of subrogation in favor of the certificate holder under the Workers' Compensation policy. Evidence may include: a checked ""Waiver of Subrogation"" box on the certificate, mention in the Description of Operations section stating ""waiver of subrogation applies"", or reference to form WC 00 03 13. Look for language like ""subrogation is waived"" or ""per written contract"".",matchOnce,must be present,,,non_compliant,Block Requirements,,,false,0,,2026-08-16
"Block Real Estate Services, LLC",69fdf7a362446148bd85b012,69fded2062446148bd849129,"Sally Beauty Co., Inc. / Sally Beauty 1717",69fdf15bd3bfa5e4945e2255,"sum015 - Summit Springs Shopping Center {Summit Springs Development, LLC}",evidenceOfInsurance,Evidence of Insurance,6ac20aae-5728-5d57-b364-aeba38527dba,Additional Requirements,4da5b0f1-4c9d-5885-8cf8-5d3cccaed3e0,"Block Real Estate Services, LLC and all others required by contract are named as Additional Insureds","---prompt---
Determine if the Description of Operations or the Additional Remarks Schedule section states the ""Additional Insured as Construction Management, Inc. and all others required by contract"" or reference to blanket additional insured coverage. Look for language like ""certificate holder is additional insured"" or ""per written contract"".",matchOnce,must be present,,,non_compliant,Block Requirements,,,true,0,,2026-08-16
"Block Real Estate Services, LLC",69fdf7a362446148bd85b012,69fded2062446148bd849129,"Sally Beauty Co., Inc. / Sally Beauty 1717",69fdf15bd3bfa5e4945e2255,"sum015 - Summit Springs Shopping Center {Summit Springs Development, LLC}",evidenceOfInsurance,Evidence of Insurance,6ac20aae-5728-5d57-b364-aeba38527dba,Additional Requirements,e1017741-e47e-5f58-97b8-fbc3043e919f,Umbrella follows form over General Liability,"---prompt---
Determine if the Umbrella/Excess Liability policy follows form to the underlying policies. Evidence may include: language in the Description of Operations section stating the umbrella follows form to underlying coverages or an additional page endorsement stating that it follows form. Follow form means the umbrella policy adopts the same terms, conditions, and exclusions as the underlying policies.",matchOnce,must be present,,,non_compliant,Block Requirements,,,true,0,,2026-08-16
"Block Real Estate Services, LLC",69fdf7a362446148bd85b012,69fded2062446148bd849129,"Sally Beauty Co., Inc. / Sally Beauty 1717",69fdf15bd3bfa5e4945e2255,"sum015 - Summit Springs Shopping Center {Summit Springs Development, LLC}",evidenceOfInsurance,Evidence of Insurance,6ac20aae-5728-5d57-b364-aeba38527dba,Additional Requirements,2cdd866f-c9a4-576a-afd8-1d045762790c,The location must be listed as: 211 SE M-291 Highway Lee's Summit MO 64063,,matchOnce,must be present,,,non_compliant,Block Requirements,,,true,0,,2026-08-16
"Block Real Estate Services, LLC",69fdf7a362446148bd85b012,69fded2062446148bd849129,"Sally Beauty Co., Inc. / Sally Beauty 1717",69fdf15bd3bfa5e4945e2255,"sum015 - Summit Springs Shopping Center {Summit Springs Development, LLC}",evidenceOfInsurance,Evidence of Insurance,6ac20aae-5728-5d57-b364-aeba38527dba,Additional Requirements,3649e9d1-4e09-59bf-8f30-cb33c40cf117,"Certificate Holder must read: c/o Block Real Estate Services, LLC, 4622 Pennsylvania St., Suite 700, Kansas City, MO, 64112",,matchOnce,must be present,,,non_compliant,Block Requirements,,,true,0,,2026-08-16
"Block Real Estate Services, LLC",69fdf7a362446148bd85b015,69fded2462446148bd8492b5,Westlake Hardware 54,69fdf15bd3bfa5e4945e2255,"sum015 - Summit Springs Shopping Center {Summit Springs Development, LLC}",evidenceOfInsurance,Evidence of Insurance,commercialGeneralLiability,Commercial General Liability,evidenceOfInsuranceCommercialGeneralLiabilityCoverageTriggerOccurrence,Coverage Trigger: Occurrence,,matchOnce,must be present,,,non_compliant,Block Requirements,,,false,0,,2026-08-16
"Block Real Estate Services, LLC",69fdf7a362446148bd85b015,69fded2462446148bd8492b5,Westlake Hardware 54,69fdf15bd3bfa5e4945e2255,"sum015 - Summit Springs Shopping Center {Summit Springs Development, LLC}",evidenceOfInsurance,Evidence of Insurance,commercialGeneralLiability,Commercial General Liability,evidenceOfInsuranceCommercialGeneralLiabilityGeneralAggregateLimitAppliesPerLocation,General Aggregate Limit Applies per: Location,,matchOnce,must be present,,,non_compliant,Block Requirements,,,false,0,,2026-08-16
"Block Real Estate Services, LLC",69fdf7a362446148bd85b015,69fded2462446148bd8492b5,Westlake Hardware 54,69fdf15bd3bfa5e4945e2255,"sum015 - Summit Springs Shopping Center {Summit Springs Development, LLC}",evidenceOfInsurance,Evidence of Insurance,commercialGeneralLiability,Commercial General Liability,evidenceOfInsuranceCommercialGeneralLiabilityEachOccurrence,Each Occurrence,,matchOnce,must be greater or equal to,1000000,,non_compliant,Block Requirements,,,false,0,,2026-08-16
"Block Real Estate Services, LLC",69fdf7a362446148bd85b015,69fded2462446148bd8492b5,Westlake Hardware 54,69fdf15bd3bfa5e4945e2255,"sum015 - Summit Springs Shopping Center {Summit Springs Development, LLC}",evidenceOfInsurance,Evidence of Insurance,commercialGeneralLiability,Commercial General Liability,evidenceOfInsuranceCommercialGeneralLiabilityGeneralAggregate,General Aggregate,,matchOnce,must be greater or equal to,2000000,,non_compliant,Block Requirements,,,false,0,,2026-08-16
"Block Real Estate Services, LLC",69fdf7a362446148bd85b015,69fded2462446148bd8492b5,Westlake Hardware 54,69fdf15bd3bfa5e4945e2255,"sum015 - Summit Springs Shopping Center {Summit Springs Development, LLC}",evidenceOfInsurance,Evidence of Insurance,commercialGeneralLiability,Commercial General Liability,evidenceOfInsuranceCommercialGeneralLiabilityWaiverOfSubrogationEndorsement,Waiver of Subrogation,"---prompt---
Determine if the insurer has waived their right of subrogation in favor of the certificate holder under the Commercial General Liability policy. Evidence may include: a checked ""Waiver of Subrogation"" box on the certificate, mention in the Description of Operations section stating ""waiver of subrogation applies"", or reference to form CG 24 04. Look for language like ""subrogation is waived"" or ""per written contract"".",matchOnce,must be present,,,non_compliant,Block Requirements,,,false,0,,2026-08-16
"Block Real Estate Services, LLC",69fdf7a362446148bd85b015,69fded2462446148bd8492b5,Westlake Hardware 54,69fdf15bd3bfa5e4945e2255,"sum015 - Summit Springs Shopping Center {Summit Springs Development, LLC}",evidenceOfInsurance,Evidence of Insurance,excessOrUmbrellaLiability,Umbrella/Excess Liability,evidenceOfInsuranceExcessOrUmbrellaLiabilityOccurence,Coverage Trigger: Occurrence,,matchOnce,must be present,,,non_compliant,Block Requirements,,,false,0,,2026-08-16
"Block Real Estate Services, LLC",69fdf7a362446148bd85b015,69fded2462446148bd8492b5,Westlake Hardware 54,69fdf15bd3bfa5e4945e2255,"sum015 - Summit Springs Shopping Center {Summit Springs Development, LLC}",evidenceOfInsurance,Evidence of Insurance,excessOrUmbrellaLiability,Umbrella/Excess Liability,evidenceOfInsuranceExcessOrUmbrellaLiabilityEachOccurrence,Each Occurrence,,matchOnce,must be greater or equal to,1000000,,non_compliant,Block Requirements,,,false,0,,2026-08-16
"Block Real Estate Services, LLC",69fdf7a362446148bd85b015,69fded2462446148bd8492b5,Westlake Hardware 54,69fdf15bd3bfa5e4945e2255,"sum015 - Summit Springs Shopping Center {Summit Springs Development, LLC}",evidenceOfInsurance,Evidence of Insurance,excessOrUmbrellaLiability,Umbrella/Excess Liability,evidenceOfInsuranceExcessOrUmbrellaLiabilityAggregate,Aggregate,,matchOnce,must be greater or equal to,1000000,,non_compliant,Block Requirements,,,false,0,,2026-08-16
"Block Real Estate Services, LLC",69fdf7a362446148bd85b015,69fded2462446148bd8492b5,Westlake Hardware 54,69fdf15bd3bfa5e4945e2255,"sum015 - Summit Springs Shopping Center {Summit Springs Development, LLC}",evidenceOfInsurance,Evidence of Insurance,workersCompensation,Workers' Compensation and Employer's Liability,evidenceOfInsuranceWorkersCompensationStatutoryLimits,Statutory Limits,,matchOnce,must be present,,,non_compliant,Block Requirements,,,false,0,,2026-08-16
"Block Real Estate Services, LLC",69fdf7a362446148bd85b015,69fded2462446148bd8492b5,Westlake Hardware 54,69fdf15bd3bfa5e4945e2255,"sum015 - Summit Springs Shopping Center {Summit Springs Development, LLC}",evidenceOfInsurance,Evidence of Insurance,workersCompensation,Workers' Compensation and Employer's Liability,evidenceOfInsuranceWorkersCompensationEmployersLiabilityEachAccident,Employer's Liability Each Accident,,matchOnce,must be greater or equal to,500000,,non_compliant,Block Requirements,,,false,0,,2026-08-16
"Block Real Estate Services, LLC",69fdf7a362446148bd85b015,69fded2462446148bd8492b5,Westlake Hardware 54,69fdf15bd3bfa5e4945e2255,"sum015 - Summit Springs Shopping Center {Summit Springs Development, LLC}",evidenceOfInsurance,Evidence of Insurance,workersCompensation,Workers' Compensation and Employer's Liability,evidenceOfInsuranceWorkersCompensationEmployersLiabilityDiseaseEachEmployee,Employer's Liability Disease - each employee,,matchOnce,must be greater or equal to,500000,,non_compliant,Block Requirements,,,false,0,,2026-08-16
"Block Real Estate Services, LLC",69fdf7a362446148bd85b015,69fded2462446148bd8492b5,Westlake Hardware 54,69fdf15bd3bfa5e4945e2255,"sum015 - Summit Springs Shopping Center {Summit Springs Development, LLC}",evidenceOfInsurance,Evidence of Insurance,workersCompensation,Workers' Compensation and Employer's Liability,evidenceOfInsuranceWorkersCompensationEmployersLiabilityDiseasePolicyLimit,Employer's Liability Disease - policy limit,,matchOnce,must be greater or equal to,500000,,non_compliant,Block Requirements,,,false,0,,2026-08-16
"Block Real Estate Services, LLC",69fdf7a362446148bd85b015,69fded2462446148bd8492b5,Westlake Hardware 54,69fdf15bd3bfa5e4945e2255,"sum015 - Summit Springs Shopping Center {Summit Springs Development, LLC}",evidenceOfInsurance,Evidence of Insurance,workersCompensation,Workers' Compensation and Employer's Liability,evidenceOfInsuranceWorkersCompensationWaiverOfSubrogationEndorsement,Waiver of Subrogation,"---prompt---
Determine if the insurer has waived their right of subrogation in favor of the certificate holder under the Workers' Compensation policy. Evidence may include: a checked ""Waiver of Subrogation"" box on the certificate, mention in the Description of Operations section stating ""waiver of subrogation applies"", or reference to form WC 00 03 13. Look for language like ""subrogation is waived"" or ""per written contract"".",matchOnce,must be present,,,non_compliant,Block Requirements,,,false,0,,2026-08-16
"Block Real Estate Services, LLC",69fdf7a362446148bd85b015,69fded2462446148bd8492b5,Westlake Hardware 54,69fdf15bd3bfa5e4945e2255,"sum015 - Summit Springs Shopping Center {Summit Springs Development, LLC}",evidenceOfInsurance,Evidence of Insurance,6ac20aae-5728-5d57-b364-aeba38527dba,Additional Requirements,4da5b0f1-4c9d-5885-8cf8-5d3cccaed3e0,"Block Real Estate Services, LLC and all others required by contract are named as Additional Insureds","---prompt---
Determine if the Description of Operations or the Additional Remarks Schedule section states the ""Additional Insured as Construction Management, Inc. and all others required by contract"" or reference to blanket additional insured coverage. Look for language like ""certificate holder is additional insured"" or ""per written contract"".",matchOnce,must be present,,,non_compliant,Block Requirements,,,true,0,,2026-08-16
"Block Real Estate Services, LLC",69fdf7a362446148bd85b015,69fded2462446148bd8492b5,Westlake Hardware 54,69fdf15bd3bfa5e4945e2255,"sum015 - Summit Springs Shopping Center {Summit Springs Development, LLC}",evidenceOfInsurance,Evidence of Insurance,6ac20aae-5728-5d57-b364-aeba38527dba,Additional Requirements,e1017741-e47e-5f58-97b8-fbc3043e919f,Umbrella follows form over General Liability,"---prompt---
Determine if the Umbrella/Excess Liability policy follows form to the underlying policies. Evidence may include: language in the Description of Operations section stating the umbrella follows form to underlying coverages or an additional page endorsement stating that it follows form. Follow form means the umbrella policy adopts the same terms, conditions, and exclusions as the underlying policies.",matchOnce,must be present,,,non_compliant,Block Requirements,,,true,0,,2026-08-16
"Block Real Estate Services, LLC",69fdf7a362446148bd85b015,69fded2462446148bd8492b5,Westlake Hardware 54,69fdf15bd3bfa5e4945e2255,"sum015 - Summit Springs Shopping Center {Summit Springs Development, LLC}",evidenceOfInsurance,Evidence of Insurance,6ac20aae-5728-5d57-b364-aeba38527dba,Additional Requirements,2cdd866f-c9a4-576a-afd8-1d045762790c,The location must be listed as: 103 SE M-291 Highway Lee's Summit MO 64063,,matchOnce,must be present,,,non_compliant,Block Requirements,,,true,0,,2026-08-16
"Block Real Estate Services, LLC",69fdf7a362446148bd85b015,69fded2462446148bd8492b5,Westlake Hardware 54,69fdf15bd3bfa5e4945e2255,"sum015 - Summit Springs Shopping Center {Summit Springs Development, LLC}",evidenceOfInsurance,Evidence of Insurance,6ac20aae-5728-5d57-b364-aeba38527dba,Additional Requirements,3649e9d1-4e09-59bf-8f30-cb33c40cf117,"Certificate Holder must read: c/o Block Real Estate Services, LLC, 4622 Pennsylvania St., Suite 700, Kansas City, MO, 64112",,matchOnce,must be present,,,non_compliant,Block Requirements,,,true,0,,2026-08-16
"Block Real Estate Services, LLC",69fdf7a362446148bd85b011,69fded1b62446148bd848fd0,"Pride Cleaners / MJV-A, LLC",69fdf15bd3bfa5e4945e2255,"sum015 - Summit Springs Shopping Center {Summit Springs Development, LLC}",evidenceOfInsurance,Evidence of Insurance,commercialGeneralLiability,Commercial General Liability,evidenceOfInsuranceCommercialGeneralLiabilityCoverageTriggerOccurrence,Coverage Trigger: Occurrence,,matchOnce,must be present,,Present,compliant,Block Requirements,,,false,1,,2026-08-16
"Block Real Estate Services, LLC",69fdf7a362446148bd85b011,69fded1b62446148bd848fd0,"Pride Cleaners / MJV-A, LLC",69fdf15bd3bfa5e4945e2255,"sum015 - Summit Springs Shopping Center {Summit Springs Development, LLC}",evidenceOfInsurance,Evidence of Insurance,commercialGeneralLiability,Commercial General Liability,evidenceOfInsuranceCommercialGeneralLiabilityGeneralAggregateLimitAppliesPerLocation,General Aggregate Limit Applies per: Location,,matchOnce,must be present,,Present,compliant,Block Requirements,,,false,1,,2026-08-16
"Block Real Estate Services, LLC",69fdf7a362446148bd85b011,69fded1b62446148bd848fd0,"Pride Cleaners / MJV-A, LLC",69fdf15bd3bfa5e4945e2255,"sum015 - Summit Springs Shopping Center {Summit Springs Development, LLC}",evidenceOfInsurance,Evidence of Insurance,commercialGeneralLiability,Commercial General Liability,evidenceOfInsuranceCommercialGeneralLiabilityEachOccurrence,Each Occurrence,,matchOnce,must be greater or equal to,1000000,1000000,compliant,Block Requirements,,,false,1,,2026-08-16
"Block Real Estate Services, LLC",69fdf7a362446148bd85b011,69fded1b62446148bd848fd0,"Pride Cleaners / MJV-A, LLC",69fdf15bd3bfa5e4945e2255,"sum015 - Summit Springs Shopping Center {Summit Springs Development, LLC}",evidenceOfInsurance,Evidence of Insurance,commercialGeneralLiability,Commercial General Liability,evidenceOfInsuranceCommercialGeneralLiabilityGeneralAggregate,General Aggregate,,matchOnce,must be greater or equal to,2000000,2000000,compliant,Block Requirements,,,false,1,,2026-08-16
"Block Real Estate Services, LLC",69fdf7a362446148bd85b011,69fded1b62446148bd848fd0,"Pride Cleaners / MJV-A, LLC",69fdf15bd3bfa5e4945e2255,"sum015 - Summit Springs Shopping Center {Summit Springs Development, LLC}",evidenceOfInsurance,Evidence of Insurance,commercialGeneralLiability,Commercial General Liability,evidenceOfInsuranceCommercialGeneralLiabilityWaiverOfSubrogationEndorsement,Waiver of Subrogation,"---prompt---
Determine if the insurer has waived their right of subrogation in favor of the certificate holder under the Commercial General Liability policy. Evidence may include: a checked ""Waiver of Subrogation"" box on the certificate, mention in the Description of Operations section stating ""waiver of subrogation applies"", or reference to form CG 24 04. Look for language like ""subrogation is waived"" or ""per written contract"".",matchOnce,must be present,,Present,compliant,Block Requirements,,,false,1,,2026-08-16
"Block Real Estate Services, LLC",69fdf7a362446148bd85b011,69fded1b62446148bd848fd0,"Pride Cleaners / MJV-A, LLC",69fdf15bd3bfa5e4945e2255,"sum015 - Summit Springs Shopping Center {Summit Springs Development, LLC}",evidenceOfInsurance,Evidence of Insurance,excessOrUmbrellaLiability,Umbrella/Excess Liability,evidenceOfInsuranceExcessOrUmbrellaLiabilityOccurence,Coverage Trigger: Occurrence,,matchOnce,must be present,,Present,compliant,Block Requirements,,,false,1,,2026-08-16
"Block Real Estate Services, LLC",69fdf7a362446148bd85b011,69fded1b62446148bd848fd0,"Pride Cleaners / MJV-A, LLC",69fdf15bd3bfa5e4945e2255,"sum015 - Summit Springs Shopping Center {Summit Springs Development, LLC}",evidenceOfInsurance,Evidence of Insurance,excessOrUmbrellaLiability,Umbrella/Excess Liability,evidenceOfInsuranceExcessOrUmbrellaLiabilityEachOccurrence,Each Occurrence,,matchOnce,must be greater or equal to,1000000,5000000,compliant,Block Requirements,,,false,1,,2026-08-16
"Block Real Estate Services, LLC",69fdf7a362446148bd85b011,69fded1b62446148bd848fd0,"Pride Cleaners / MJV-A, LLC",69fdf15bd3bfa5e4945e2255,"sum015 - Summit Springs Shopping Center {Summit Springs Development, LLC}",evidenceOfInsurance,Evidence of Insurance,excessOrUmbrellaLiability,Umbrella/Excess Liability,evidenceOfInsuranceExcessOrUmbrellaLiabilityAggregate,Aggregate,,matchOnce,must be greater or equal to,1000000,5000000,compliant,Block Requirements,,,false,1,,2026-08-16
"Block Real Estate Services, LLC",69fdf7a362446148bd85b011,69fded1b62446148bd848fd0,"Pride Cleaners / MJV-A, LLC",69fdf15bd3bfa5e4945e2255,"sum015 - Summit Springs Shopping Center {Summit Springs Development, LLC}",evidenceOfInsurance,Evidence of Insurance,workersCompensation,Workers' Compensation and Employer's Liability,evidenceOfInsuranceWorkersCompensationStatutoryLimits,Statutory Limits,,matchOnce,must be present,,Present,compliant,Block Requirements,,,false,1,,2026-08-16
"Block Real Estate Services, LLC",69fdf7a362446148bd85b011,69fded1b62446148bd848fd0,"Pride Cleaners / MJV-A, LLC",69fdf15bd3bfa5e4945e2255,"sum015 - Summit Springs Shopping Center {Summit Springs Development, LLC}",evidenceOfInsurance,Evidence of Insurance,workersCompensation,Workers' Compensation and Employer's Liability,evidenceOfInsuranceWorkersCompensationEmployersLiabilityEachAccident,Employer's Liability Each Accident,,matchOnce,must be greater or equal to,500000,1000000,compliant,Block Requirements,,,false,1,,2026-08-16
"Block Real Estate Services, LLC",69fdf7a362446148bd85b011,69fded1b62446148bd848fd0,"Pride Cleaners / MJV-A, LLC",69fdf15bd3bfa5e4945e2255,"sum015 - Summit Springs Shopping Center {Summit Springs Development, LLC}",evidenceOfInsurance,Evidence of Insurance,workersCompensation,Workers' Compensation and Employer's Liability,evidenceOfInsuranceWorkersCompensationEmployersLiabilityDiseaseEachEmployee,Employer's Liability Disease - each employee,,matchOnce,must be greater or equal to,500000,1000000,compliant,Block Requirements,,,false,1,,2026-08-16
"Block Real Estate Services, LLC",69fdf7a362446148bd85b011,69fded1b62446148bd848fd0,"Pride Cleaners / MJV-A, LLC",69fdf15bd3bfa5e4945e2255,"sum015 - Summit Springs Shopping Center {Summit Springs Development, LLC}",evidenceOfInsurance,Evidence of Insurance,workersCompensation,Workers' Compensation and Employer's Liability,evidenceOfInsuranceWorkersCompensationEmployersLiabilityDiseasePolicyLimit,Employer's Liability Disease - policy limit,,matchOnce,must be greater or equal to,500000,1000000,compliant,Block Requirements,,,false,1,,2026-08-16
"Block Real Estate Services, LLC",69fdf7a362446148bd85b011,69fded1b62446148bd848fd0,"Pride Cleaners / MJV-A, LLC",69fdf15bd3bfa5e4945e2255,"sum015 - Summit Springs Shopping Center {Summit Springs Development, LLC}",evidenceOfInsurance,Evidence of Insurance,workersCompensation,Workers' Compensation and Employer's Liability,evidenceOfInsuranceWorkersCompensationWaiverOfSubrogationEndorsement,Waiver of Subrogation,"---prompt---
Determine if the insurer has waived their right of subrogation in favor of the certificate holder under the Workers' Compensation policy. Evidence may include: a checked ""Waiver of Subrogation"" box on the certificate, mention in the Description of Operations section stating ""waiver of subrogation applies"", or reference to form WC 00 03 13. Look for language like ""subrogation is waived"" or ""per written contract"".",matchOnce,must be present,,Present,compliant,Block Requirements,,,false,1,,2026-08-16
"Block Real Estate Services, LLC",69fdf7a362446148bd85b011,69fded1b62446148bd848fd0,"Pride Cleaners / MJV-A, LLC",69fdf15bd3bfa5e4945e2255,"sum015 - Summit Springs Shopping Center {Summit Springs Development, LLC}",evidenceOfInsurance,Evidence of Insurance,6ac20aae-5728-5d57-b364-aeba38527dba,Additional Requirements,4da5b0f1-4c9d-5885-8cf8-5d3cccaed3e0,"Block Real Estate Services, LLC and all others required by contract are named as Additional Insureds","---prompt---
Determine if the Description of Operations or the Additional Remarks Schedule section states the ""Additional Insured as Construction Management, Inc. and all others required by contract"" or reference to blanket additional insured coverage. Look for language like ""certificate holder is additional insured"" or ""per written contract"".",matchOnce,must be present,,Present,compliant,Block Requirements,,,true,1,,2026-08-16
"Block Real Estate Services, LLC",69fdf7a362446148bd85b011,69fded1b62446148bd848fd0,"Pride Cleaners / MJV-A, LLC",69fdf15bd3bfa5e4945e2255,"sum015 - Summit Springs Shopping Center {Summit Springs Development, LLC}",evidenceOfInsurance,Evidence of Insurance,6ac20aae-5728-5d57-b364-aeba38527dba,Additional Requirements,e1017741-e47e-5f58-97b8-fbc3043e919f,Umbrella follows form over General Liability,"---prompt---
Determine if the Umbrella/Excess Liability policy follows form to the underlying policies. Evidence may include: language in the Description of Operations section stating the umbrella follows form to underlying coverages or an additional page endorsement stating that it follows form. Follow form means the umbrella policy adopts the same terms, conditions, and exclusions as the underlying policies.",matchOnce,must be present,,Present,compliant,Block Requirements,,,true,1,,2026-08-16
"Block Real Estate Services, LLC",69fdf7a362446148bd85b011,69fded1b62446148bd848fd0,"Pride Cleaners / MJV-A, LLC",69fdf15bd3bfa5e4945e2255,"sum015 - Summit Springs Shopping Center {Summit Springs Development, LLC}",evidenceOfInsurance,Evidence of Insurance,6ac20aae-5728-5d57-b364-aeba38527dba,Additional Requirements,2cdd866f-c9a4-576a-afd8-1d045762790c,The location must be listed as: 121 SE M-291 Highway Lee's Summit MO 64063,,matchOnce,must be present,,Present,compliant,Block Requirements,,,true,1,,2026-08-16
"Block Real Estate Services, LLC",69fdf7a362446148bd85b011,69fded1b62446148bd848fd0,"Pride Cleaners / MJV-A, LLC",69fdf15bd3bfa5e4945e2255,"sum015 - Summit Springs Shopping Center {Summit Springs Development, LLC}",evidenceOfInsurance,Evidence of Insurance,6ac20aae-5728-5d57-b364-aeba38527dba,Additional Requirements,3649e9d1-4e09-59bf-8f30-cb33c40cf117,"Certificate Holder must read: c/o Block Real Estate Services, LLC, 4622 Pennsylvania St., Suite 700, Kansas City, MO, 64112",,matchOnce,must be present,,Present,compliant,Block Requirements,,,true,1,,2026-08-16
"Block Real Estate Services, LLC",6a18633b6b1e29a28e504dff,6a1862ef17ab90e8a02e444c,Fire House Subs,69fdf15bd3bfa5e4945e2255,"sum015 - Summit Springs Shopping Center {Summit Springs Development, LLC}",evidenceOfInsurance,Evidence of Insurance,commercialGeneralLiability,Commercial General Liability,evidenceOfInsuranceCommercialGeneralLiabilityCoverageTriggerOccurrence,Coverage Trigger: Occurrence,,matchOnce,must be present,,Present,compliant,Block Requirements,,,false,1,,2026-08-16
"Block Real Estate Services, LLC",6a18633b6b1e29a28e504dff,6a1862ef17ab90e8a02e444c,Fire House Subs,69fdf15bd3bfa5e4945e2255,"sum015 - Summit Springs Shopping Center {Summit Springs Development, LLC}",evidenceOfInsurance,Evidence of Insurance,commercialGeneralLiability,Commercial General Liability,evidenceOfInsuranceCommercialGeneralLiabilityGeneralAggregateLimitAppliesPerLocation,General Aggregate Limit Applies per: Location,,matchOnce,must be present,,Present,compliant,Block Requirements,,,false,1,,2026-08-16
"Block Real Estate Services, LLC",6a18633b6b1e29a28e504dff,6a1862ef17ab90e8a02e444c,Fire House Subs,69fdf15bd3bfa5e4945e2255,"sum015 - Summit Springs Shopping Center {Summit Springs Development, LLC}",evidenceOfInsurance,Evidence of Insurance,commercialGeneralLiability,Commercial General Liability,evidenceOfInsuranceCommercialGeneralLiabilityEachOccurrence,Each Occurrence,,matchOnce,must be greater or equal to,1000000,1000000,compliant,Block Requirements,,,false,1,,2026-08-16
"Block Real Estate Services, LLC",6a18633b6b1e29a28e504dff,6a1862ef17ab90e8a02e444c,Fire House Subs,69fdf15bd3bfa5e4945e2255,"sum015 - Summit Springs Shopping Center {Summit Springs Development, LLC}",evidenceOfInsurance,Evidence of Insurance,commercialGeneralLiability,Commercial General Liability,evidenceOfInsuranceCommercialGeneralLiabilityGeneralAggregate,General Aggregate,,matchOnce,must be greater or equal to,2000000,2000000,compliant,Block Requirements,,,false,1,,2026-08-16
"Block Real Estate Services, LLC",6a18633b6b1e29a28e504dff,6a1862ef17ab90e8a02e444c,Fire House Subs,69fdf15bd3bfa5e4945e2255,"sum015 - Summit Springs Shopping Center {Summit Springs Development, LLC}",evidenceOfInsurance,Evidence of Insurance,commercialGeneralLiability,Commercial General Liability,evidenceOfInsuranceCommercialGeneralLiabilityWaiverOfSubrogationEndorsement,Waiver of Subrogation,"---prompt---
Determine if the insurer has waived their right of subrogation in favor of the certificate holder under the Commercial General Liability policy. Evidence may include: a checked ""Waiver of Subrogation"" box on the certificate, mention in the Description of Operations section stating ""waiver of subrogation applies"", or reference to form CG 24 04. Look for language like ""subrogation is waived"" or ""per written contract"".",matchOnce,must be present,,Present,compliant,Block Requirements,,,false,1,,2026-08-16
"Block Real Estate Services, LLC",6a18633b6b1e29a28e504dff,6a1862ef17ab90e8a02e444c,Fire House Subs,69fdf15bd3bfa5e4945e2255,"sum015 - Summit Springs Shopping Center {Summit Springs Development, LLC}",evidenceOfInsurance,Evidence of Insurance,excessOrUmbrellaLiability,Umbrella/Excess Liability,evidenceOfInsuranceExcessOrUmbrellaLiabilityOccurence,Coverage Trigger: Occurrence,,matchOnce,must be present,,Present,compliant,Block Requirements,,,false,1,,2026-08-16
"Block Real Estate Services, LLC",6a18633b6b1e29a28e504dff,6a1862ef17ab90e8a02e444c,Fire House Subs,69fdf15bd3bfa5e4945e2255,"sum015 - Summit Springs Shopping Center {Summit Springs Development, LLC}",evidenceOfInsurance,Evidence of Insurance,excessOrUmbrellaLiability,Umbrella/Excess Liability,evidenceOfInsuranceExcessOrUmbrellaLiabilityEachOccurrence,Each Occurrence,,matchOnce,must be greater or equal to,1000000,1000000,compliant,Block Requirements,,,false,1,,2026-08-16
"Block Real Estate Services, LLC",6a18633b6b1e29a28e504dff,6a1862ef17ab90e8a02e444c,Fire House Subs,69fdf15bd3bfa5e4945e2255,"sum015 - Summit Springs Shopping Center {Summit Springs Development, LLC}",evidenceOfInsurance,Evidence of Insurance,excessOrUmbrellaLiability,Umbrella/Excess Liability,evidenceOfInsuranceExcessOrUmbrellaLiabilityAggregate,Aggregate,,matchOnce,must be greater or equal to,1000000,1000000,compliant,Block Requirements,,,false,1,,2026-08-16
"Block Real Estate Services, LLC",6a18633b6b1e29a28e504dff,6a1862ef17ab90e8a02e444c,Fire House Subs,69fdf15bd3bfa5e4945e2255,"sum015 - Summit Springs Shopping Center {Summit Springs Development, LLC}",evidenceOfInsurance,Evidence of Insurance,workersCompensation,Workers' Compensation and Employer's Liability,evidenceOfInsuranceWorkersCompensationStatutoryLimits,Statutory Limits,,matchOnce,must be present,,Present,compliant,Block Requirements,,,false,1,,2026-08-16
"Block Real Estate Services, LLC",6a18633b6b1e29a28e504dff,6a1862ef17ab90e8a02e444c,Fire House Subs,69fdf15bd3bfa5e4945e2255,"sum015 - Summit Springs Shopping Center {Summit Springs Development, LLC}",evidenceOfInsurance,Evidence of Insurance,workersCompensation,Workers' Compensation and Employer's Liability,evidenceOfInsuranceWorkersCompensationEmployersLiabilityEachAccident,Employer's Liability Each Accident,,matchOnce,must be greater or equal to,500000,500000,compliant,Block Requirements,,,false,1,,2026-08-16
"Block Real Estate Services, LLC",6a18633b6b1e29a28e504dff,6a1862ef17ab90e8a02e444c,Fire House Subs,69fdf15bd3bfa5e4945e2255,"sum015 - Summit Springs Shopping Center {Summit Springs Development, LLC}",evidenceOfInsurance,Evidence of Insurance,workersCompensation,Workers' Compensation and Employer's Liability,evidenceOfInsuranceWorkersCompensationEmployersLiabilityDiseaseEachEmployee,Employer's Liability Disease - each employee,,matchOnce,must be greater or equal to,500000,500000,compliant,Block Requirements,,,false,1,,2026-08-16
"Block Real Estate Services, LLC",6a18633b6b1e29a28e504dff,6a1862ef17ab90e8a02e444c,Fire House Subs,69fdf15bd3bfa5e4945e2255,"sum015 - Summit Springs Shopping Center {Summit Springs Development, LLC}",evidenceOfInsurance,Evidence of Insurance,workersCompensation,Workers' Compensation and Employer's Liability,evidenceOfInsuranceWorkersCompensationEmployersLiabilityDiseasePolicyLimit,Employer's Liability Disease - policy limit,,matchOnce,must be greater or equal to,500000,500000,compliant,Block Requirements,,,false,1,,2026-08-16
"Block Real Estate Services, LLC",6a18633b6b1e29a28e504dff,6a1862ef17ab90e8a02e444c,Fire House Subs,69fdf15bd3bfa5e4945e2255,"sum015 - Summit Springs Shopping Center {Summit Springs Development, LLC}",evidenceOfInsurance,Evidence of Insurance,workersCompensation,Workers' Compensation and Employer's Liability,evidenceOfInsuranceWorkersCompensationWaiverOfSubrogationEndorsement,Waiver of Subrogation,"---prompt---
Determine if the insurer has waived their right of subrogation in favor of the certificate holder under the Workers' Compensation policy. Evidence may include: a checked ""Waiver of Subrogation"" box on the certificate, mention in the Description of Operations section stating ""waiver of subrogation applies"", or reference to form WC 00 03 13. Look for language like ""subrogation is waived"" or ""per written contract"".",matchOnce,must be present,,Present,compliant,Block Requirements,,,false,1,,2026-08-16
"Block Real Estate Services, LLC",6a18633b6b1e29a28e504dff,6a1862ef17ab90e8a02e444c,Fire House Subs,69fdf15bd3bfa5e4945e2255,"sum015 - Summit Springs Shopping Center {Summit Springs Development, LLC}",evidenceOfInsurance,Evidence of Insurance,6ac20aae-5728-5d57-b364-aeba38527dba,Additional Requirements,4da5b0f1-4c9d-5885-8cf8-5d3cccaed3e0,"Block Real Estate Services, LLC and all others required by contract are named as Additional Insureds","---prompt---
Determine if the Description of Operations or the Additional Remarks Schedule section states the ""Additional Insured as Construction Management, Inc. and all others required by contract"" or reference to blanket additional insured coverage. Look for language like ""certificate holder is additional insured"" or ""per written contract"".",matchOnce,must be present,,Present,compliant,Block Requirements,,,true,1,,2026-08-16
"Block Real Estate Services, LLC",6a18633b6b1e29a28e504dff,6a1862ef17ab90e8a02e444c,Fire House Subs,69fdf15bd3bfa5e4945e2255,"sum015 - Summit Springs Shopping Center {Summit Springs Development, LLC}",evidenceOfInsurance,Evidence of Insurance,6ac20aae-5728-5d57-b364-aeba38527dba,Additional Requirements,e1017741-e47e-5f58-97b8-fbc3043e919f,Umbrella follows form over General Liability,"---prompt---
Determine if the Umbrella/Excess Liability policy follows form to the underlying policies. Evidence may include: language in the Description of Operations section stating the umbrella follows form to underlying coverages or an additional page endorsement stating that it follows form. Follow form means the umbrella policy adopts the same terms, conditions, and exclusions as the underlying policies.",matchOnce,must be present,,Present,compliant,Block Requirements,,,true,1,,2026-08-16
"Block Real Estate Services, LLC",6a18633b6b1e29a28e504dff,6a1862ef17ab90e8a02e444c,Fire House Subs,69fdf15bd3bfa5e4945e2255,"sum015 - Summit Springs Shopping Center {Summit Springs Development, LLC}",evidenceOfInsurance,Evidence of Insurance,6ac20aae-5728-5d57-b364-aeba38527dba,Additional Requirements,2cdd866f-c9a4-576a-afd8-1d045762790c,The location must be listed as: 111 SE M-291 Highway Lee's Summit MO 64063,,matchOnce,must be present,,Present,compliant,Block Requirements,,,true,1,,2026-08-16
"Block Real Estate Services, LLC",6a18633b6b1e29a28e504dff,6a1862ef17ab90e8a02e444c,Fire House Subs,69fdf15bd3bfa5e4945e2255,"sum015 - Summit Springs Shopping Center {Summit Springs Development, LLC}",evidenceOfInsurance,Evidence of Insurance,6ac20aae-5728-5d57-b364-aeba38527dba,Additional Requirements,3649e9d1-4e09-59bf-8f30-cb33c40cf117,"Certificate Holder must read: c/o Block Real Estate Services, LLC, 4622 Pennsylvania St., Suite 700, Kansas City, MO, 64112",,matchOnce,must be present,,Present,compliant,Block Requirements,,,true,1,,2026-08-16
"Block Real Estate Services, LLC",6a18633b6b1e29a28e504e01,6a1863036b3214c65fe64e2c,Mathnasium,69fdf15bd3bfa5e4945e2255,"sum015 - Summit Springs Shopping Center {Summit Springs Development, LLC}",evidenceOfInsurance,Evidence of Insurance,commercialGeneralLiability,Commercial General Liability,evidenceOfInsuranceCommercialGeneralLiabilityCoverageTriggerOccurrence,Coverage Trigger: Occurrence,,matchOnce,must be present,,,non_compliant,Block Requirements,,,false,0,,2026-08-16
"Block Real Estate Services, LLC",6a18633b6b1e29a28e504e01,6a1863036b3214c65fe64e2c,Mathnasium,69fdf15bd3bfa5e4945e2255,"sum015 - Summit Springs Shopping Center {Summit Springs Development, LLC}",evidenceOfInsurance,Evidence of Insurance,commercialGeneralLiability,Commercial General Liability,evidenceOfInsuranceCommercialGeneralLiabilityGeneralAggregateLimitAppliesPerLocation,General Aggregate Limit Applies per: Location,,matchOnce,must be present,,,non_compliant,Block Requirements,,,false,0,,2026-08-16
"Block Real Estate Services, LLC",6a18633b6b1e29a28e504e01,6a1863036b3214c65fe64e2c,Mathnasium,69fdf15bd3bfa5e4945e2255,"sum015 - Summit Springs Shopping Center {Summit Springs Development, LLC}",evidenceOfInsurance,Evidence of Insurance,commercialGeneralLiability,Commercial General Liability,evidenceOfInsuranceCommercialGeneralLiabilityEachOccurrence,Each Occurrence,,matchOnce,must be greater or equal to,1000000,,non_compliant,Block Requirements,,,false,0,,2026-08-16
"Block Real Estate Services, LLC",6a18633b6b1e29a28e504e01,6a1863036b3214c65fe64e2c,Mathnasium,69fdf15bd3bfa5e4945e2255,"sum015 - Summit Springs Shopping Center {Summit Springs Development, LLC}",evidenceOfInsurance,Evidence of Insurance,commercialGeneralLiability,Commercial General Liability,evidenceOfInsuranceCommercialGeneralLiabilityGeneralAggregate,General Aggregate,,matchOnce,must be greater or equal to,2000000,,non_compliant,Block Requirements,,,false,0,,2026-08-16
"Block Real Estate Services, LLC",6a18633b6b1e29a28e504e01,6a1863036b3214c65fe64e2c,Mathnasium,69fdf15bd3bfa5e4945e2255,"sum015 - Summit Springs Shopping Center {Summit Springs Development, LLC}",evidenceOfInsurance,Evidence of Insurance,commercialGeneralLiability,Commercial General Liability,evidenceOfInsuranceCommercialGeneralLiabilityWaiverOfSubrogationEndorsement,Waiver of Subrogation,"---prompt---
Determine if the insurer has waived their right of subrogation in favor of the certificate holder under the Commercial General Liability policy. Evidence may include: a checked ""Waiver of Subrogation"" box on the certificate, mention in the Description of Operations section stating ""waiver of subrogation applies"", or reference to form CG 24 04. Look for language like ""subrogation is waived"" or ""per written contract"".",matchOnce,must be present,,,non_compliant,Block Requirements,,,false,0,,2026-08-16
"Block Real Estate Services, LLC",6a18633b6b1e29a28e504e01,6a1863036b3214c65fe64e2c,Mathnasium,69fdf15bd3bfa5e4945e2255,"sum015 - Summit Springs Shopping Center {Summit Springs Development, LLC}",evidenceOfInsurance,Evidence of Insurance,excessOrUmbrellaLiability,Umbrella/Excess Liability,evidenceOfInsuranceExcessOrUmbrellaLiabilityOccurence,Coverage Trigger: Occurrence,,matchOnce,must be present,,,non_compliant,Block Requirements,,,false,0,,2026-08-16
"Block Real Estate Services, LLC",6a18633b6b1e29a28e504e01,6a1863036b3214c65fe64e2c,Mathnasium,69fdf15bd3bfa5e4945e2255,"sum015 - Summit Springs Shopping Center {Summit Springs Development, LLC}",evidenceOfInsurance,Evidence of Insurance,excessOrUmbrellaLiability,Umbrella/Excess Liability,evidenceOfInsuranceExcessOrUmbrellaLiabilityEachOccurrence,Each Occurrence,,matchOnce,must be greater or equal to,1000000,,non_compliant,Block Requirements,,,false,0,,2026-08-16
"Block Real Estate Services, LLC",6a18633b6b1e29a28e504e01,6a1863036b3214c65fe64e2c,Mathnasium,69fdf15bd3bfa5e4945e2255,"sum015 - Summit Springs Shopping Center {Summit Springs Development, LLC}",evidenceOfInsurance,Evidence of Insurance,excessOrUmbrellaLiability,Umbrella/Excess Liability,evidenceOfInsuranceExcessOrUmbrellaLiabilityAggregate,Aggregate,,matchOnce,must be greater or equal to,1000000,,non_compliant,Block Requirements,,,false,0,,2026-08-16
"Block Real Estate Services, LLC",6a18633b6b1e29a28e504e01,6a1863036b3214c65fe64e2c,Mathnasium,69fdf15bd3bfa5e4945e2255,"sum015 - Summit Springs Shopping Center {Summit Springs Development, LLC}",evidenceOfInsurance,Evidence of Insurance,workersCompensation,Workers' Compensation and Employer's Liability,evidenceOfInsuranceWorkersCompensationStatutoryLimits,Statutory Limits,,matchOnce,must be present,,,non_compliant,Block Requirements,,,false,0,,2026-08-16
"Block Real Estate Services, LLC",6a18633b6b1e29a28e504e01,6a1863036b3214c65fe64e2c,Mathnasium,69fdf15bd3bfa5e4945e2255,"sum015 - Summit Springs Shopping Center {Summit Springs Development, LLC}",evidenceOfInsurance,Evidence of Insurance,workersCompensation,Workers' Compensation and Employer's Liability,evidenceOfInsuranceWorkersCompensationEmployersLiabilityEachAccident,Employer's Liability Each Accident,,matchOnce,must be greater or equal to,500000,,non_compliant,Block Requirements,,,false,0,,2026-08-16
"Block Real Estate Services, LLC",6a18633b6b1e29a28e504e01,6a1863036b3214c65fe64e2c,Mathnasium,69fdf15bd3bfa5e4945e2255,"sum015 - Summit Springs Shopping Center {Summit Springs Development, LLC}",evidenceOfInsurance,Evidence of Insurance,workersCompensation,Workers' Compensation and Employer's Liability,evidenceOfInsuranceWorkersCompensationEmployersLiabilityDiseaseEachEmployee,Employer's Liability Disease - each employee,,matchOnce,must be greater or equal to,500000,,non_compliant,Block Requirements,,,false,0,,2026-08-16
"Block Real Estate Services, LLC",6a18633b6b1e29a28e504e01,6a1863036b3214c65fe64e2c,Mathnasium,69fdf15bd3bfa5e4945e2255,"sum015 - Summit Springs Shopping Center {Summit Springs Development, LLC}",evidenceOfInsurance,Evidence of Insurance,workersCompensation,Workers' Compensation and Employer's Liability,evidenceOfInsuranceWorkersCompensationEmployersLiabilityDiseasePolicyLimit,Employer's Liability Disease - policy limit,,matchOnce,must be greater or equal to,500000,,non_compliant,Block Requirements,,,false,0,,2026-08-16
"Block Real Estate Services, LLC",6a18633b6b1e29a28e504e01,6a1863036b3214c65fe64e2c,Mathnasium,69fdf15bd3bfa5e4945e2255,"sum015 - Summit Springs Shopping Center {Summit Springs Development, LLC}",evidenceOfInsurance,Evidence of Insurance,workersCompensation,Workers' Compensation and Employer's Liability,evidenceOfInsuranceWorkersCompensationWaiverOfSubrogationEndorsement,Waiver of Subrogation,"---prompt---
Determine if the insurer has waived their right of subrogation in favor of the certificate holder under the Workers' Compensation policy. Evidence may include: a checked ""Waiver of Subrogation"" box on the certificate, mention in the Description of Operations section stating ""waiver of subrogation applies"", or reference to form WC 00 03 13. Look for language like ""subrogation is waived"" or ""per written contract"".",matchOnce,must be present,,,non_compliant,Block Requirements,,,false,0,,2026-08-16
"Block Real Estate Services, LLC",6a18633b6b1e29a28e504e01,6a1863036b3214c65fe64e2c,Mathnasium,69fdf15bd3bfa5e4945e2255,"sum015 - Summit Springs Shopping Center {Summit Springs Development, LLC}",evidenceOfInsurance,Evidence of Insurance,6ac20aae-5728-5d57-b364-aeba38527dba,Additional Requirements,4da5b0f1-4c9d-5885-8cf8-5d3cccaed3e0,"Block Real Estate Services, LLC and all others required by contract are named as Additional Insureds","---prompt---
Determine if the Description of Operations or the Additional Remarks Schedule section states the ""Additional Insured as Construction Management, Inc. and all others required by contract"" or reference to blanket additional insured coverage. Look for language like ""certificate holder is additional insured"" or ""per written contract"".",matchOnce,must be present,,,non_compliant,Block Requirements,,,true,0,,2026-08-16
"Block Real Estate Services, LLC",6a18633b6b1e29a28e504e01,6a1863036b3214c65fe64e2c,Mathnasium,69fdf15bd3bfa5e4945e2255,"sum015 - Summit Springs Shopping Center {Summit Springs Development, LLC}",evidenceOfInsurance,Evidence of Insurance,6ac20aae-5728-5d57-b364-aeba38527dba,Additional Requirements,e1017741-e47e-5f58-97b8-fbc3043e919f,Umbrella follows form over General Liability,"---prompt---
Determine if the Umbrella/Excess Liability policy follows form to the underlying policies. Evidence may include: language in the Description of Operations section stating the umbrella follows form to underlying coverages or an additional page endorsement stating that it follows form. Follow form means the umbrella policy adopts the same terms, conditions, and exclusions as the underlying policies.",matchOnce,must be present,,,non_compliant,Block Requirements,,,true,0,,2026-08-16
"Block Real Estate Services, LLC",6a18633b6b1e29a28e504e01,6a1863036b3214c65fe64e2c,Mathnasium,69fdf15bd3bfa5e4945e2255,"sum015 - Summit Springs Shopping Center {Summit Springs Development, LLC}",evidenceOfInsurance,Evidence of Insurance,6ac20aae-5728-5d57-b364-aeba38527dba,Additional Requirements,2cdd866f-c9a4-576a-afd8-1d045762790c,The location must be listed as: 217 SE M-291 Highway Lee's Summit MO 64063,,matchOnce,must be present,,,non_compliant,Block Requirements,,,true,0,,2026-08-16
"Block Real Estate Services, LLC",6a18633b6b1e29a28e504e01,6a1863036b3214c65fe64e2c,Mathnasium,69fdf15bd3bfa5e4945e2255,"sum015 - Summit Springs Shopping Center {Summit Springs Development, LLC}",evidenceOfInsurance,Evidence of Insurance,6ac20aae-5728-5d57-b364-aeba38527dba,Additional Requirements,3649e9d1-4e09-59bf-8f30-cb33c40cf117,"Certificate Holder must read: c/o Block Real Estate Services, LLC, 4622 Pennsylvania St., Suite 700, Kansas City, MO, 64112",,matchOnce,must be present,,,non_compliant,Block Requirements,,,true,0,,2026-08-16
"Block Real Estate Services, LLC",6a18633b6b1e29a28e504e02,6a18630f5a886bcac1399a34,"Westside Grill and Bar / Cheers 221, LLC",69fdf15bd3bfa5e4945e2255,"sum015 - Summit Springs Shopping Center {Summit Springs Development, LLC}",evidenceOfInsurance,Evidence of Insurance,commercialGeneralLiability,Commercial General Liability,evidenceOfInsuranceCommercialGeneralLiabilityCoverageTriggerOccurrence,Coverage Trigger: Occurrence,,matchOnce,must be present,,Present,compliant,Block Requirements,,,false,3,,2026-08-16
"Block Real Estate Services, LLC",6a18633b6b1e29a28e504e02,6a18630f5a886bcac1399a34,"Westside Grill and Bar / Cheers 221, LLC",69fdf15bd3bfa5e4945e2255,"sum015 - Summit Springs Shopping Center {Summit Springs Development, LLC}",evidenceOfInsurance,Evidence of Insurance,commercialGeneralLiability,Commercial General Liability,evidenceOfInsuranceCommercialGeneralLiabilityGeneralAggregateLimitAppliesPerLocation,General Aggregate Limit Applies per: Location,,matchOnce,must be present,,Present,compliant,Block Requirements,,,false,3,,2026-08-16
"Block Real Estate Services, LLC",6a18633b6b1e29a28e504e02,6a18630f5a886bcac1399a34,"Westside Grill and Bar / Cheers 221, LLC",69fdf15bd3bfa5e4945e2255,"sum015 - Summit Springs Shopping Center {Summit Springs Development, LLC}",evidenceOfInsurance,Evidence of Insurance,commercialGeneralLiability,Commercial General Liability,evidenceOfInsuranceCommercialGeneralLiabilityEachOccurrence,Each Occurrence,,matchOnce,must be greater or equal to,1000000,1000000,compliant,Block Requirements,,,false,3,,2026-08-16
"Block Real Estate Services, LLC",6a18633b6b1e29a28e504e02,6a18630f5a886bcac1399a34,"Westside Grill and Bar / Cheers 221, LLC",69fdf15bd3bfa5e4945e2255,"sum015 - Summit Springs Shopping Center {Summit Springs Development, LLC}",evidenceOfInsurance,Evidence of Insurance,commercialGeneralLiability,Commercial General Liability,evidenceOfInsuranceCommercialGeneralLiabilityGeneralAggregate,General Aggregate,,matchOnce,must be greater or equal to,2000000,2000000,compliant,Block Requirements,,,false,3,,2026-08-16
"Block Real Estate Services, LLC",6a18633b6b1e29a28e504e02,6a18630f5a886bcac1399a34,"Westside Grill and Bar / Cheers 221, LLC",69fdf15bd3bfa5e4945e2255,"sum015 - Summit Springs Shopping Center {Summit Springs Development, LLC}",evidenceOfInsurance,Evidence of Insurance,commercialGeneralLiability,Commercial General Liability,evidenceOfInsuranceCommercialGeneralLiabilityWaiverOfSubrogationEndorsement,Waiver of Subrogation,"---prompt---
Determine if the insurer has waived their right of subrogation in favor of the certificate holder under the Commercial General Liability policy. Evidence may include: a checked ""Waiver of Subrogation"" box on the certificate, mention in the Description of Operations section stating ""waiver of subrogation applies"", or reference to form CG 24 04. Look for language like ""subrogation is waived"" or ""per written contract"".",matchOnce,must be present,,Present,compliant,Block Requirements,,,false,3,,2026-08-16
"Block Real Estate Services, LLC",6a18633b6b1e29a28e504e02,6a18630f5a886bcac1399a34,"Westside Grill and Bar / Cheers 221, LLC",69fdf15bd3bfa5e4945e2255,"sum015 - Summit Springs Shopping Center {Summit Springs Development, LLC}",evidenceOfInsurance,Evidence of Insurance,excessOrUmbrellaLiability,Umbrella/Excess Liability,evidenceOfInsuranceExcessOrUmbrellaLiabilityOccurence,Coverage Trigger: Occurrence,,matchOnce,must be present,,Present,compliant,Block Requirements,,,false,3,,2026-08-16
"Block Real Estate Services, LLC",6a18633b6b1e29a28e504e02,6a18630f5a886bcac1399a34,"Westside Grill and Bar / Cheers 221, LLC",69fdf15bd3bfa5e4945e2255,"sum015 - Summit Springs Shopping Center {Summit Springs Development, LLC}",evidenceOfInsurance,Evidence of Insurance,excessOrUmbrellaLiability,Umbrella/Excess Liability,evidenceOfInsuranceExcessOrUmbrellaLiabilityEachOccurrence,Each Occurrence,,matchOnce,must be greater or equal to,1000000,1000000,compliant,Block Requirements,,,false,3,,2026-08-16
"Block Real Estate Services, LLC",6a18633b6b1e29a28e504e02,6a18630f5a886bcac1399a34,"Westside Grill and Bar / Cheers 221, LLC",69fdf15bd3bfa5e4945e2255,"sum015 - Summit Springs Shopping Center {Summit Springs Development, LLC}",evidenceOfInsurance,Evidence of Insurance,excessOrUmbrellaLiability,Umbrella/Excess Liability,evidenceOfInsuranceExcessOrUmbrellaLiabilityAggregate,Aggregate,,matchOnce,must be greater or equal to,1000000,1000000,compliant,Block Requirements,,,false,3,,2026-08-16
"Block Real Estate Services, LLC",6a18633b6b1e29a28e504e02,6a18630f5a886bcac1399a34,"Westside Grill and Bar / Cheers 221, LLC",69fdf15bd3bfa5e4945e2255,"sum015 - Summit Springs Shopping Center {Summit Springs Development, LLC}",evidenceOfInsurance,Evidence of Insurance,workersCompensation,Workers' Compensation and Employer's Liability,evidenceOfInsuranceWorkersCompensationStatutoryLimits,Statutory Limits,,matchOnce,must be present,,Present,compliant,Block Requirements,,,false,2,,2026-08-16
"Block Real Estate Services, LLC",6a18633b6b1e29a28e504e02,6a18630f5a886bcac1399a34,"Westside Grill and Bar / Cheers 221, LLC",69fdf15bd3bfa5e4945e2255,"sum015 - Summit Springs Shopping Center {Summit Springs Development, LLC}",evidenceOfInsurance,Evidence of Insurance,workersCompensation,Workers' Compensation and Employer's Liability,evidenceOfInsuranceWorkersCompensationEmployersLiabilityEachAccident,Employer's Liability Each Accident,,matchOnce,must be greater or equal to,500000,1000000,compliant,Block Requirements,,,false,3,,2026-08-16
"Block Real Estate Services, LLC",6a18633b6b1e29a28e504e02,6a18630f5a886bcac1399a34,"Westside Grill and Bar / Cheers 221, LLC",69fdf15bd3bfa5e4945e2255,"sum015 - Summit Springs Shopping Center {Summit Springs Development, LLC}",evidenceOfInsurance,Evidence of Insurance,workersCompensation,Workers' Compensation and Employer's Liability,evidenceOfInsuranceWorkersCompensationEmployersLiabilityDiseaseEachEmployee,Employer's Liability Disease - each employee,,matchOnce,must be greater or equal to,500000,1000000,compliant,Block Requirements,,,false,3,,2026-08-16
"Block Real Estate Services, LLC",6a18633b6b1e29a28e504e02,6a18630f5a886bcac1399a34,"Westside Grill and Bar / Cheers 221, LLC",69fdf15bd3bfa5e4945e2255,"sum015 - Summit Springs Shopping Center {Summit Springs Development, LLC}",evidenceOfInsurance,Evidence of Insurance,workersCompensation,Workers' Compensation and Employer's Liability,evidenceOfInsuranceWorkersCompensationEmployersLiabilityDiseasePolicyLimit,Employer's Liability Disease - policy limit,,matchOnce,must be greater or equal to,500000,1000000,compliant,Block Requirements,,,false,3,,2026-08-16
"Block Real Estate Services, LLC",6a18633b6b1e29a28e504e02,6a18630f5a886bcac1399a34,"Westside Grill and Bar / Cheers 221, LLC",69fdf15bd3bfa5e4945e2255,"sum015 - Summit Springs Shopping Center {Summit Springs Development, LLC}",evidenceOfInsurance,Evidence of Insurance,workersCompensation,Workers' Compensation and Employer's Liability,evidenceOfInsuranceWorkersCompensationWaiverOfSubrogationEndorsement,Waiver of Subrogation,"---prompt---
Determine if the insurer has waived their right of subrogation in favor of the certificate holder under the Workers' Compensation policy. Evidence may include: a checked ""Waiver of Subrogation"" box on the certificate, mention in the Description of Operations section stating ""waiver of subrogation applies"", or reference to form WC 00 03 13. Look for language like ""subrogation is waived"" or ""per written contract"".",matchOnce,must be present,,,waived,Block Requirements,WoS for WC not available in the state of MO,,false,0,,2026-08-16
"Block Real Estate Services, LLC",6a18633b6b1e29a28e504e02,6a18630f5a886bcac1399a34,"Westside Grill and Bar / Cheers 221, LLC",69fdf15bd3bfa5e4945e2255,"sum015 - Summit Springs Shopping Center {Summit Springs Development, LLC}",evidenceOfInsurance,Evidence of Insurance,6ac20aae-5728-5d57-b364-aeba38527dba,Additional Requirements,4da5b0f1-4c9d-5885-8cf8-5d3cccaed3e0,"Block Real Estate Services, LLC and all others required by contract are named as Additional Insureds","---prompt---
Determine if the Description of Operations or the Additional Remarks Schedule section states the ""Additional Insured as Construction Management, Inc. and all others required by contract"" or reference to blanket additional insured coverage. Look for language like ""certificate holder is additional insured"" or ""per written contract"".",matchOnce,must be present,,Present,compliant,Block Requirements,,,true,1,,2026-08-16
"Block Real Estate Services, LLC",6a18633b6b1e29a28e504e02,6a18630f5a886bcac1399a34,"Westside Grill and Bar / Cheers 221, LLC",69fdf15bd3bfa5e4945e2255,"sum015 - Summit Springs Shopping Center {Summit Springs Development, LLC}",evidenceOfInsurance,Evidence of Insurance,6ac20aae-5728-5d57-b364-aeba38527dba,Additional Requirements,e1017741-e47e-5f58-97b8-fbc3043e919f,Umbrella follows form over General Liability,"---prompt---
Determine if the Umbrella/Excess Liability policy follows form to the underlying policies. Evidence may include: language in the Description of Operations section stating the umbrella follows form to underlying coverages or an additional page endorsement stating that it follows form. Follow form means the umbrella policy adopts the same terms, conditions, and exclusions as the underlying policies.",matchOnce,must be present,,Present,compliant,Block Requirements,,,true,1,,2026-08-16
"Block Real Estate Services, LLC",6a18633b6b1e29a28e504e02,6a18630f5a886bcac1399a34,"Westside Grill and Bar / Cheers 221, LLC",69fdf15bd3bfa5e4945e2255,"sum015 - Summit Springs Shopping Center {Summit Springs Development, LLC}",evidenceOfInsurance,Evidence of Insurance,6ac20aae-5728-5d57-b364-aeba38527dba,Additional Requirements,2cdd866f-c9a4-576a-afd8-1d045762790c,The location must be listed as: 221 SE M-291 Highway Lee's Summit MO 64063,,matchOnce,must be present,,Present,compliant,Block Requirements,,,true,1,,2026-08-16
"Block Real Estate Services, LLC",6a18633b6b1e29a28e504e02,6a18630f5a886bcac1399a34,"Westside Grill and Bar / Cheers 221, LLC",69fdf15bd3bfa5e4945e2255,"sum015 - Summit Springs Shopping Center {Summit Springs Development, LLC}",evidenceOfInsurance,Evidence of Insurance,6ac20aae-5728-5d57-b364-aeba38527dba,Additional Requirements,3649e9d1-4e09-59bf-8f30-cb33c40cf117,"Certificate Holder must read: c/o Block Real Estate Services, LLC, 4622 Pennsylvania St., Suite 700, Kansas City, MO, 64112",,matchOnce,must be present,,Present,compliant,Block Requirements,,,true,1,,2026-08-16
"Block Real Estate Services, LLC",69fdf75c62446148bd855f99,69fded0f62446148bd848bd7,BDM Inc,69fdefb2fa0b60fcd50d6be7,"bf3944 - Riverside Business Center 3 {Block Income Fund III, LP}",evidenceOfInsurance,Evidence of Insurance,commercialGeneralLiability,Commercial General Liability,evidenceOfInsuranceCommercialGeneralLiabilityCoverageTriggerOccurrence,Coverage Trigger: Occurrence,,matchOnce,must be present,,Present,compliant,Block Requirements,,,false,1,,2026-08-16
"Block Real Estate Services, LLC",69fdf75c62446148bd855f99,69fded0f62446148bd848bd7,BDM Inc,69fdefb2fa0b60fcd50d6be7,"bf3944 - Riverside Business Center 3 {Block Income Fund III, LP}",evidenceOfInsurance,Evidence of Insurance,commercialGeneralLiability,Commercial General Liability,evidenceOfInsuranceCommercialGeneralLiabilityGeneralAggregateLimitAppliesPerLocation,General Aggregate Limit Applies per: Location,,matchOnce,must be present,,,non_compliant,Block Requirements,,,false,0,,2026-08-16
"Block Real Estate Services, LLC",69fdf75c62446148bd855f99,69fded0f62446148bd848bd7,BDM Inc,69fdefb2fa0b60fcd50d6be7,"bf3944 - Riverside Business Center 3 {Block Income Fund III, LP}",evidenceOfInsurance,Evidence of Insurance,commercialGeneralLiability,Commercial General Liability,evidenceOfInsuranceCommercialGeneralLiabilityEachOccurrence,Each Occurrence,,matchOnce,must be greater or equal to,1000000,1000000,compliant,Block Requirements,,,false,1,,2026-08-16
"Block Real Estate Services, LLC",69fdf75c62446148bd855f99,69fded0f62446148bd848bd7,BDM Inc,69fdefb2fa0b60fcd50d6be7,"bf3944 - Riverside Business Center 3 {Block Income Fund III, LP}",evidenceOfInsurance,Evidence of Insurance,commercialGeneralLiability,Commercial General Liability,evidenceOfInsuranceCommercialGeneralLiabilityGeneralAggregate,General Aggregate,,matchOnce,must be greater or equal to,2000000,2000000,compliant,Block Requirements,,,false,1,,2026-08-16
"Block Real Estate Services, LLC",69fdf75c62446148bd855f99,69fded0f62446148bd848bd7,BDM Inc,69fdefb2fa0b60fcd50d6be7,"bf3944 - Riverside Business Center 3 {Block Income Fund III, LP}",evidenceOfInsurance,Evidence of Insurance,commercialGeneralLiability,Commercial General Liability,evidenceOfInsuranceCommercialGeneralLiabilityWaiverOfSubrogationEndorsement,Waiver of Subrogation,"---prompt---
Determine if the insurer has waived their right of subrogation in favor of the certificate holder under the Commercial General Liability policy. Evidence may include: a checked ""Waiver of Subrogation"" box on the certificate, mention in the Description of Operations section stating ""waiver of subrogation applies"", or reference to form CG 24 04. Look for language like ""subrogation is waived"" or ""per written contract"".",matchOnce,must be present,,Present,compliant,Block Requirements,,,false,1,,2026-08-16
"Block Real Estate Services, LLC",69fdf75c62446148bd855f99,69fded0f62446148bd848bd7,BDM Inc,69fdefb2fa0b60fcd50d6be7,"bf3944 - Riverside Business Center 3 {Block Income Fund III, LP}",evidenceOfInsurance,Evidence of Insurance,excessOrUmbrellaLiability,Umbrella/Excess Liability,evidenceOfInsuranceExcessOrUmbrellaLiabilityOccurence,Coverage Trigger: Occurrence,,matchOnce,must be present,,Present,compliant,Block Requirements,,,false,1,,2026-08-16
"Block Real Estate Services, LLC",69fdf75c62446148bd855f99,69fded0f62446148bd848bd7,BDM Inc,69fdefb2fa0b60fcd50d6be7,"bf3944 - Riverside Business Center 3 {Block Income Fund III, LP}",evidenceOfInsurance,Evidence of Insurance,excessOrUmbrellaLiability,Umbrella/Excess Liability,evidenceOfInsuranceExcessOrUmbrellaLiabilityEachOccurrence,Each Occurrence,,matchOnce,must be greater or equal to,1000000,4000000,compliant,Block Requirements,,,false,1,,2026-08-16
"Block Real Estate Services, LLC",69fdf75c62446148bd855f99,69fded0f62446148bd848bd7,BDM Inc,69fdefb2fa0b60fcd50d6be7,"bf3944 - Riverside Business Center 3 {Block Income Fund III, LP}",evidenceOfInsurance,Evidence of Insurance,excessOrUmbrellaLiability,Umbrella/Excess Liability,evidenceOfInsuranceExcessOrUmbrellaLiabilityAggregate,Aggregate,,matchOnce,must be greater or equal to,1000000,4000000,compliant,Block Requirements,,,false,1,,2026-08-16
"Block Real Estate Services, LLC",69fdf75c62446148bd855f99,69fded0f62446148bd848bd7,BDM Inc,69fdefb2fa0b60fcd50d6be7,"bf3944 - Riverside Business Center 3 {Block Income Fund III, LP}",evidenceOfInsurance,Evidence of Insurance,workersCompensation,Workers' Compensation and Employer's Liability,evidenceOfInsuranceWorkersCompensationStatutoryLimits,Statutory Limits,,matchOnce,must be present,,Present,compliant,Block Requirements,,,false,1,,2026-08-16
"Block Real Estate Services, LLC",69fdf75c62446148bd855f99,69fded0f62446148bd848bd7,BDM Inc,69fdefb2fa0b60fcd50d6be7,"bf3944 - Riverside Business Center 3 {Block Income Fund III, LP}",evidenceOfInsurance,Evidence of Insurance,workersCompensation,Workers' Compensation and Employer's Liability,evidenceOfInsuranceWorkersCompensationEmployersLiabilityEachAccident,Employer's Liability Each Accident,,matchOnce,must be greater or equal to,500000,500000,compliant,Block Requirements,,,false,1,,2026-08-16
"Block Real Estate Services, LLC",69fdf75c62446148bd855f99,69fded0f62446148bd848bd7,BDM Inc,69fdefb2fa0b60fcd50d6be7,"bf3944 - Riverside Business Center 3 {Block Income Fund III, LP}",evidenceOfInsurance,Evidence of Insurance,workersCompensation,Workers' Compensation and Employer's Liability,evidenceOfInsuranceWorkersCompensationEmployersLiabilityDiseaseEachEmployee,Employer's Liability Disease - each employee,,matchOnce,must be greater or equal to,500000,500000,compliant,Block Requirements,,,false,1,,2026-08-16
"Block Real Estate Services, LLC",69fdf75c62446148bd855f99,69fded0f62446148bd848bd7,BDM Inc,69fdefb2fa0b60fcd50d6be7,"bf3944 - Riverside Business Center 3 {Block Income Fund III, LP}",evidenceOfInsurance,Evidence of Insurance,workersCompensation,Workers' Compensation and Employer's Liability,evidenceOfInsuranceWorkersCompensationEmployersLiabilityDiseasePolicyLimit,Employer's Liability Disease - policy limit,,matchOnce,must be greater or equal to,500000,500000,compliant,Block Requirements,,,false,1,,2026-08-16
"Block Real Estate Services, LLC",69fdf75c62446148bd855f99,69fded0f62446148bd848bd7,BDM Inc,69fdefb2fa0b60fcd50d6be7,"bf3944 - Riverside Business Center 3 {Block Income Fund III, LP}",evidenceOfInsurance,Evidence of Insurance,workersCompensation,Workers' Compensation and Employer's Liability,evidenceOfInsuranceWorkersCompensationWaiverOfSubrogationEndorsement,Waiver of Subrogation,"---prompt---
Determine if the insurer has waived their right of subrogation in favor of the certificate holder under the Workers' Compensation policy. Evidence may include: a checked ""Waiver of Subrogation"" box on the certificate, mention in the Description of Operations section stating ""waiver of subrogation applies"", or reference to form WC 00 03 13. Look for language like ""subrogation is waived"" or ""per written contract"".",matchOnce,must be present,,Present,compliant,Block Requirements,,,false,1,,2026-08-16
"Block Real Estate Services, LLC",69fdf75c62446148bd855f99,69fded0f62446148bd848bd7,BDM Inc,69fdefb2fa0b60fcd50d6be7,"bf3944 - Riverside Business Center 3 {Block Income Fund III, LP}",evidenceOfInsurance,Evidence of Insurance,6ac20aae-5728-5d57-b364-aeba38527dba,Additional Requirements,4da5b0f1-4c9d-5885-8cf8-5d3cccaed3e0,"Block Real Estate Services, LLC and all others required by contract are named as Additional Insureds","---prompt---
Determine if the Description of Operations or the Additional Remarks Schedule section states the ""Additional Insured as Construction Management, Inc. and all others required by contract"" or reference to blanket additional insured coverage. Look for language like ""certificate holder is additional insured"" or ""per written contract"".",matchOnce,must be present,,Present,compliant,Block Requirements,,,true,1,,2026-08-16
"Block Real Estate Services, LLC",69fdf75c62446148bd855f99,69fded0f62446148bd848bd7,BDM Inc,69fdefb2fa0b60fcd50d6be7,"bf3944 - Riverside Business Center 3 {Block Income Fund III, LP}",evidenceOfInsurance,Evidence of Insurance,6ac20aae-5728-5d57-b364-aeba38527dba,Additional Requirements,e1017741-e47e-5f58-97b8-fbc3043e919f,Umbrella follows form over General Liability,"---prompt---
Determine if the Umbrella/Excess Liability policy follows form to the underlying policies. Evidence may include: language in the Description of Operations section stating the umbrella follows form to underlying coverages or an additional page endorsement stating that it follows form. Follow form means the umbrella policy adopts the same terms, conditions, and exclusions as the underlying policies.",matchOnce,must be present,,Present,compliant,Block Requirements,,,true,1,,2026-08-16
"Block Real Estate Services, LLC",69fdf75c62446148bd855f99,69fded0f62446148bd848bd7,BDM Inc,69fdefb2fa0b60fcd50d6be7,"bf3944 - Riverside Business Center 3 {Block Income Fund III, LP}",evidenceOfInsurance,Evidence of Insurance,6ac20aae-5728-5d57-b364-aeba38527dba,Additional Requirements,2cdd866f-c9a4-576a-afd8-1d045762790c,"The location must be listed as: 246 NW Plaza Drive, Riverside, MO, 64150",,matchOnce,must be present,,Present,compliant,Block Requirements,,,true,1,,2026-08-16
"Block Real Estate Services, LLC",69fdf75c62446148bd855f99,69fded0f62446148bd848bd7,BDM Inc,69fdefb2fa0b60fcd50d6be7,"bf3944 - Riverside Business Center 3 {Block Income Fund III, LP}",evidenceOfInsurance,Evidence of Insurance,6ac20aae-5728-5d57-b364-aeba38527dba,Additional Requirements,3649e9d1-4e09-59bf-8f30-cb33c40cf117,"Certificate Holder must read: c/o Block Real Estate Services, LLC, 4622 Pennsylvania St., Suite 700, Kansas City, MO, 64112",,matchOnce,must be present,,Present,compliant,Block Requirements,,,true,1,,2026-08-16
"Block Real Estate Services, LLC",69fdf75c62446148bd855f9f,69fded2062446148bd849132,"Sanders Management, Inc",69fdefb2fa0b60fcd50d6be7,"bf3944 - Riverside Business Center 3 {Block Income Fund III, LP}",evidenceOfInsurance,Evidence of Insurance,commercialGeneralLiability,Commercial General Liability,evidenceOfInsuranceCommercialGeneralLiabilityCoverageTriggerOccurrence,Coverage Trigger: Occurrence,,matchOnce,must be present,,Present,compliant,Block Requirements,,,false,2,,2026-08-16
"Block Real Estate Services, LLC",69fdf75c62446148bd855f9f,69fded2062446148bd849132,"Sanders Management, Inc",69fdefb2fa0b60fcd50d6be7,"bf3944 - Riverside Business Center 3 {Block Income Fund III, LP}",evidenceOfInsurance,Evidence of Insurance,commercialGeneralLiability,Commercial General Liability,evidenceOfInsuranceCommercialGeneralLiabilityGeneralAggregateLimitAppliesPerLocation,General Aggregate Limit Applies per: Location,,matchOnce,must be present,,Present,compliant,Block Requirements,,,false,2,,2026-08-16
"Block Real Estate Services, LLC",69fdf75c62446148bd855f9f,69fded2062446148bd849132,"Sanders Management, Inc",69fdefb2fa0b60fcd50d6be7,"bf3944 - Riverside Business Center 3 {Block Income Fund III, LP}",evidenceOfInsurance,Evidence of Insurance,commercialGeneralLiability,Commercial General Liability,evidenceOfInsuranceCommercialGeneralLiabilityEachOccurrence,Each Occurrence,,matchOnce,must be greater or equal to,1000000,1000000,compliant,Block Requirements,,,false,2,,2026-08-16
"Block Real Estate Services, LLC",69fdf75c62446148bd855f9f,69fded2062446148bd849132,"Sanders Management, Inc",69fdefb2fa0b60fcd50d6be7,"bf3944 - Riverside Business Center 3 {Block Income Fund III, LP}",evidenceOfInsurance,Evidence of Insurance,commercialGeneralLiability,Commercial General Liability,evidenceOfInsuranceCommercialGeneralLiabilityGeneralAggregate,General Aggregate,,matchOnce,must be greater or equal to,2000000,2000000,compliant,Block Requirements,,,false,2,,2026-08-16
"Block Real Estate Services, LLC",69fdf75c62446148bd855f9f,69fded2062446148bd849132,"Sanders Management, Inc",69fdefb2fa0b60fcd50d6be7,"bf3944 - Riverside Business Center 3 {Block Income Fund III, LP}",evidenceOfInsurance,Evidence of Insurance,commercialGeneralLiability,Commercial General Liability,evidenceOfInsuranceCommercialGeneralLiabilityWaiverOfSubrogationEndorsement,Waiver of Subrogation,"---prompt---
Determine if the insurer has waived their right of subrogation in favor of the certificate holder under the Commercial General Liability policy. Evidence may include: a checked ""Waiver of Subrogation"" box on the certificate, mention in the Description of Operations section stating ""waiver of subrogation applies"", or reference to form CG 24 04. Look for language like ""subrogation is waived"" or ""per written contract"".",matchOnce,must be present,,Present,compliant,Block Requirements,,,false,2,,2026-08-16
"Block Real Estate Services, LLC",69fdf75c62446148bd855f9f,69fded2062446148bd849132,"Sanders Management, Inc",69fdefb2fa0b60fcd50d6be7,"bf3944 - Riverside Business Center 3 {Block Income Fund III, LP}",evidenceOfInsurance,Evidence of Insurance,excessOrUmbrellaLiability,Umbrella/Excess Liability,evidenceOfInsuranceExcessOrUmbrellaLiabilityOccurence,Coverage Trigger: Occurrence,,matchOnce,must be present,,Present,compliant,Block Requirements,,,false,2,,2026-08-16
"Block Real Estate Services, LLC",69fdf75c62446148bd855f9f,69fded2062446148bd849132,"Sanders Management, Inc",69fdefb2fa0b60fcd50d6be7,"bf3944 - Riverside Business Center 3 {Block Income Fund III, LP}",evidenceOfInsurance,Evidence of Insurance,excessOrUmbrellaLiability,Umbrella/Excess Liability,evidenceOfInsuranceExcessOrUmbrellaLiabilityEachOccurrence,Each Occurrence,,matchOnce,must be greater or equal to,1000000,5000000,compliant,Block Requirements,,,false,2,,2026-08-16
"Block Real Estate Services, LLC",69fdf75c62446148bd855f9f,69fded2062446148bd849132,"Sanders Management, Inc",69fdefb2fa0b60fcd50d6be7,"bf3944 - Riverside Business Center 3 {Block Income Fund III, LP}",evidenceOfInsurance,Evidence of Insurance,excessOrUmbrellaLiability,Umbrella/Excess Liability,evidenceOfInsuranceExcessOrUmbrellaLiabilityAggregate,Aggregate,,matchOnce,must be greater or equal to,1000000,5000000,compliant,Block Requirements,,,false,2,,2026-08-16
"Block Real Estate Services, LLC",69fdf75c62446148bd855f9f,69fded2062446148bd849132,"Sanders Management, Inc",69fdefb2fa0b60fcd50d6be7,"bf3944 - Riverside Business Center 3 {Block Income Fund III, LP}",evidenceOfInsurance,Evidence of Insurance,workersCompensation,Workers' Compensation and Employer's Liability,evidenceOfInsuranceWorkersCompensationStatutoryLimits,Statutory Limits,,matchOnce,must be present,,Present,compliant,Block Requirements,,,false,2,,2026-08-16
"Block Real Estate Services, LLC",69fdf75c62446148bd855f9f,69fded2062446148bd849132,"Sanders Management, Inc",69fdefb2fa0b60fcd50d6be7,"bf3944 - Riverside Business Center 3 {Block Income Fund III, LP}",evidenceOfInsurance,Evidence of Insurance,workersCompensation,Workers' Compensation and Employer's Liability,evidenceOfInsuranceWorkersCompensationEmployersLiabilityEachAccident,Employer's Liability Each Accident,,matchOnce,must be greater or equal to,500000,1000000,compliant,Block Requirements,,,false,2,,2026-08-16
"Block Real Estate Services, LLC",69fdf75c62446148bd855f9f,69fded2062446148bd849132,"Sanders Management, Inc",69fdefb2fa0b60fcd50d6be7,"bf3944 - Riverside Business Center 3 {Block Income Fund III, LP}",evidenceOfInsurance,Evidence of Insurance,workersCompensation,Workers' Compensation and Employer's Liability,evidenceOfInsuranceWorkersCompensationEmployersLiabilityDiseaseEachEmployee,Employer's Liability Disease - each employee,,matchOnce,must be greater or equal to,500000,1000000,compliant,Block Requirements,,,false,2,,2026-08-16
"Block Real Estate Services, LLC",69fdf75c62446148bd855f9f,69fded2062446148bd849132,"Sanders Management, Inc",69fdefb2fa0b60fcd50d6be7,"bf3944 - Riverside Business Center 3 {Block Income Fund III, LP}",evidenceOfInsurance,Evidence of Insurance,workersCompensation,Workers' Compensation and Employer's Liability,evidenceOfInsuranceWorkersCompensationEmployersLiabilityDiseasePolicyLimit,Employer's Liability Disease - policy limit,,matchOnce,must be greater or equal to,500000,1000000,compliant,Block Requirements,,,false,2,,2026-08-16
"Block Real Estate Services, LLC",69fdf75c62446148bd855f9f,69fded2062446148bd849132,"Sanders Management, Inc",69fdefb2fa0b60fcd50d6be7,"bf3944 - Riverside Business Center 3 {Block Income Fund III, LP}",evidenceOfInsurance,Evidence of Insurance,workersCompensation,Workers' Compensation and Employer's Liability,evidenceOfInsuranceWorkersCompensationWaiverOfSubrogationEndorsement,Waiver of Subrogation,"---prompt---
Determine if the insurer has waived their right of subrogation in favor of the certificate holder under the Workers' Compensation policy. Evidence may include: a checked ""Waiver of Subrogation"" box on the certificate, mention in the Description of Operations section stating ""waiver of subrogation applies"", or reference to form WC 00 03 13. Look for language like ""subrogation is waived"" or ""per written contract"".",matchOnce,must be present,,Present,compliant,Block Requirements,,,false,2,,2026-08-16
"Block Real Estate Services, LLC",69fdf75c62446148bd855f9f,69fded2062446148bd849132,"Sanders Management, Inc",69fdefb2fa0b60fcd50d6be7,"bf3944 - Riverside Business Center 3 {Block Income Fund III, LP}",evidenceOfInsurance,Evidence of Insurance,6ac20aae-5728-5d57-b364-aeba38527dba,Additional Requirements,4da5b0f1-4c9d-5885-8cf8-5d3cccaed3e0,"Block Real Estate Services, LLC and all others required by contract are named as Additional Insureds","---prompt---
Determine if the Description of Operations or the Additional Remarks Schedule section states the ""Additional Insured as Construction Management, Inc. and all others required by contract"" or reference to blanket additional insured coverage. Look for language like ""certificate holder is additional insured"" or ""per written contract"".",matchOnce,must be present,,Present,compliant,Block Requirements,,,true,1,,2026-08-16
"Block Real Estate Services, LLC",69fdf75c62446148bd855f9f,69fded2062446148bd849132,"Sanders Management, Inc",69fdefb2fa0b60fcd50d6be7,"bf3944 - Riverside Business Center 3 {Block Income Fund III, LP}",evidenceOfInsurance,Evidence of Insurance,6ac20aae-5728-5d57-b364-aeba38527dba,Additional Requirements,e1017741-e47e-5f58-97b8-fbc3043e919f,Umbrella follows form over General Liability,"---prompt---
Determine if the Umbrella/Excess Liability policy follows form to the underlying policies. Evidence may include: language in the Description of Operations section stating the umbrella follows form to underlying coverages or an additional page endorsement stating that it follows form. Follow form means the umbrella policy adopts the same terms, conditions, and exclusions as the underlying policies.",matchOnce,must be present,,Present,compliant,Block Requirements,,,true,1,,2026-08-16
"Block Real Estate Services, LLC",69fdf75c62446148bd855f9f,69fded2062446148bd849132,"Sanders Management, Inc",69fdefb2fa0b60fcd50d6be7,"bf3944 - Riverside Business Center 3 {Block Income Fund III, LP}",evidenceOfInsurance,Evidence of Insurance,6ac20aae-5728-5d57-b364-aeba38527dba,Additional Requirements,2cdd866f-c9a4-576a-afd8-1d045762790c,"The location must be listed as: 208 NW Plaza Drive, Riverside, MO, 64150",,matchOnce,must be present,,,waived,Block Requirements,Accept the address of 210 NW Plaza Drive instead of 208.  They occupy both numbers and use 210 as their mailing address and main entrance per Lori and Ellen on 2026.08.11 - Philip,,true,0,,2026-08-16
"Block Real Estate Services, LLC",69fdf75c62446148bd855f9f,69fded2062446148bd849132,"Sanders Management, Inc",69fdefb2fa0b60fcd50d6be7,"bf3944 - Riverside Business Center 3 {Block Income Fund III, LP}",evidenceOfInsurance,Evidence of Insurance,6ac20aae-5728-5d57-b364-aeba38527dba,Additional Requirements,3649e9d1-4e09-59bf-8f30-cb33c40cf117,"Certificate Holder must read: c/o Block Real Estate Services, LLC, 4622 Pennsylvania St., Suite 700, Kansas City, MO, 64112",,matchOnce,must be present,,Present,compliant,Block Requirements,,,true,1,,2026-08-16
"Block Real Estate Services, LLC",69fdf75c62446148bd855f9b,69fded1462446148bd848d90,"Farm & Home Builders, Inc",69fdefb2fa0b60fcd50d6be7,"bf3944 - Riverside Business Center 3 {Block Income Fund III, LP}",evidenceOfInsurance,Evidence of Insurance,commercialGeneralLiability,Commercial General Liability,evidenceOfInsuranceCommercialGeneralLiabilityCoverageTriggerOccurrence,Coverage Trigger: Occurrence,,matchOnce,must be present,,,non_compliant,Block Requirements,,,false,0,,2026-08-16
"Block Real Estate Services, LLC",69fdf75c62446148bd855f9b,69fded1462446148bd848d90,"Farm & Home Builders, Inc",69fdefb2fa0b60fcd50d6be7,"bf3944 - Riverside Business Center 3 {Block Income Fund III, LP}",evidenceOfInsurance,Evidence of Insurance,commercialGeneralLiability,Commercial General Liability,evidenceOfInsuranceCommercialGeneralLiabilityGeneralAggregateLimitAppliesPerLocation,General Aggregate Limit Applies per: Location,,matchOnce,must be present,,,non_compliant,Block Requirements,,,false,0,,2026-08-16
"Block Real Estate Services, LLC",69fdf75c62446148bd855f9b,69fded1462446148bd848d90,"Farm & Home Builders, Inc",69fdefb2fa0b60fcd50d6be7,"bf3944 - Riverside Business Center 3 {Block Income Fund III, LP}",evidenceOfInsurance,Evidence of Insurance,commercialGeneralLiability,Commercial General Liability,evidenceOfInsuranceCommercialGeneralLiabilityEachOccurrence,Each Occurrence,,matchOnce,must be greater or equal to,1000000,,non_compliant,Block Requirements,,,false,0,,2026-08-16
"Block Real Estate Services, LLC",69fdf75c62446148bd855f9b,69fded1462446148bd848d90,"Farm & Home Builders, Inc",69fdefb2fa0b60fcd50d6be7,"bf3944 - Riverside Business Center 3 {Block Income Fund III, LP}",evidenceOfInsurance,Evidence of Insurance,commercialGeneralLiability,Commercial General Liability,evidenceOfInsuranceCommercialGeneralLiabilityGeneralAggregate,General Aggregate,,matchOnce,must be greater or equal to,2000000,,non_compliant,Block Requirements,,,false,0,,2026-08-16
"Block Real Estate Services, LLC",69fdf75c62446148bd855f9b,69fded1462446148bd848d90,"Farm & Home Builders, Inc",69fdefb2fa0b60fcd50d6be7,"bf3944 - Riverside Business Center 3 {Block Income Fund III, LP}",evidenceOfInsurance,Evidence of Insurance,commercialGeneralLiability,Commercial General Liability,evidenceOfInsuranceCommercialGeneralLiabilityWaiverOfSubrogationEndorsement,Waiver of Subrogation,"---prompt---
Determine if the insurer has waived their right of subrogation in favor of the certificate holder under the Commercial General Liability policy. Evidence may include: a checked ""Waiver of Subrogation"" box on the certificate, mention in the Description of Operations section stating ""waiver of subrogation applies"", or reference to form CG 24 04. Look for language like ""subrogation is waived"" or ""per written contract"".",matchOnce,must be present,,,non_compliant,Block Requirements,,,false,0,,2026-08-16
"Block Real Estate Services, LLC",69fdf75c62446148bd855f9b,69fded1462446148bd848d90,"Farm & Home Builders, Inc",69fdefb2fa0b60fcd50d6be7,"bf3944 - Riverside Business Center 3 {Block Income Fund III, LP}",evidenceOfInsurance,Evidence of Insurance,excessOrUmbrellaLiability,Umbrella/Excess Liability,evidenceOfInsuranceExcessOrUmbrellaLiabilityOccurence,Coverage Trigger: Occurrence,,matchOnce,must be present,,,non_compliant,Block Requirements,,,false,0,,2026-08-16
"Block Real Estate Services, LLC",69fdf75c62446148bd855f9b,69fded1462446148bd848d90,"Farm & Home Builders, Inc",69fdefb2fa0b60fcd50d6be7,"bf3944 - Riverside Business Center 3 {Block Income Fund III, LP}",evidenceOfInsurance,Evidence of Insurance,excessOrUmbrellaLiability,Umbrella/Excess Liability,evidenceOfInsuranceExcessOrUmbrellaLiabilityEachOccurrence,Each Occurrence,,matchOnce,must be greater or equal to,1000000,,non_compliant,Block Requirements,,,false,0,,2026-08-16
"Block Real Estate Services, LLC",69fdf75c62446148bd855f9b,69fded1462446148bd848d90,"Farm & Home Builders, Inc",69fdefb2fa0b60fcd50d6be7,"bf3944 - Riverside Business Center 3 {Block Income Fund III, LP}",evidenceOfInsurance,Evidence of Insurance,excessOrUmbrellaLiability,Umbrella/Excess Liability,evidenceOfInsuranceExcessOrUmbrellaLiabilityAggregate,Aggregate,,matchOnce,must be greater or equal to,1000000,,non_compliant,Block Requirements,,,false,0,,2026-08-16
"Block Real Estate Services, LLC",69fdf75c62446148bd855f9b,69fded1462446148bd848d90,"Farm & Home Builders, Inc",69fdefb2fa0b60fcd50d6be7,"bf3944 - Riverside Business Center 3 {Block Income Fund III, LP}",evidenceOfInsurance,Evidence of Insurance,workersCompensation,Workers' Compensation and Employer's Liability,evidenceOfInsuranceWorkersCompensationStatutoryLimits,Statutory Limits,,matchOnce,must be present,,,non_compliant,Block Requirements,,,false,0,,2026-08-16
"Block Real Estate Services, LLC",69fdf75c62446148bd855f9b,69fded1462446148bd848d90,"Farm & Home Builders, Inc",69fdefb2fa0b60fcd50d6be7,"bf3944 - Riverside Business Center 3 {Block Income Fund III, LP}",evidenceOfInsurance,Evidence of Insurance,workersCompensation,Workers' Compensation and Employer's Liability,evidenceOfInsuranceWorkersCompensationEmployersLiabilityEachAccident,Employer's Liability Each Accident,,matchOnce,must be greater or equal to,500000,,non_compliant,Block Requirements,,,false,0,,2026-08-16
"Block Real Estate Services, LLC",69fdf75c62446148bd855f9b,69fded1462446148bd848d90,"Farm & Home Builders, Inc",69fdefb2fa0b60fcd50d6be7,"bf3944 - Riverside Business Center 3 {Block Income Fund III, LP}",evidenceOfInsurance,Evidence of Insurance,workersCompensation,Workers' Compensation and Employer's Liability,evidenceOfInsuranceWorkersCompensationEmployersLiabilityDiseaseEachEmployee,Employer's Liability Disease - each employee,,matchOnce,must be greater or equal to,500000,,non_compliant,Block Requirements,,,false,0,,2026-08-16
"Block Real Estate Services, LLC",69fdf75c62446148bd855f9b,69fded1462446148bd848d90,"Farm & Home Builders, Inc",69fdefb2fa0b60fcd50d6be7,"bf3944 - Riverside Business Center 3 {Block Income Fund III, LP}",evidenceOfInsurance,Evidence of Insurance,workersCompensation,Workers' Compensation and Employer's Liability,evidenceOfInsuranceWorkersCompensationEmployersLiabilityDiseasePolicyLimit,Employer's Liability Disease - policy limit,,matchOnce,must be greater or equal to,500000,,non_compliant,Block Requirements,,,false,0,,2026-08-16
"Block Real Estate Services, LLC",69fdf75c62446148bd855f9b,69fded1462446148bd848d90,"Farm & Home Builders, Inc",69fdefb2fa0b60fcd50d6be7,"bf3944 - Riverside Business Center 3 {Block Income Fund III, LP}",evidenceOfInsurance,Evidence of Insurance,workersCompensation,Workers' Compensation and Employer's Liability,evidenceOfInsuranceWorkersCompensationWaiverOfSubrogationEndorsement,Waiver of Subrogation,"---prompt---
Determine if the insurer has waived their right of subrogation in favor of the certificate holder under the Workers' Compensation policy. Evidence may include: a checked ""Waiver of Subrogation"" box on the certificate, mention in the Description of Operations section stating ""waiver of subrogation applies"", or reference to form WC 00 03 13. Look for language like ""subrogation is waived"" or ""per written contract"".",matchOnce,must be present,,,non_compliant,Block Requirements,,,false,0,,2026-08-16
"Block Real Estate Services, LLC",69fdf75c62446148bd855f9b,69fded1462446148bd848d90,"Farm & Home Builders, Inc",69fdefb2fa0b60fcd50d6be7,"bf3944 - Riverside Business Center 3 {Block Income Fund III, LP}",evidenceOfInsurance,Evidence of Insurance,6ac20aae-5728-5d57-b364-aeba38527dba,Additional Requirements,4da5b0f1-4c9d-5885-8cf8-5d3cccaed3e0,"Block Real Estate Services, LLC and all others required by contract are named as Additional Insureds","---prompt---
Determine if the Description of Operations or the Additional Remarks Schedule section states the ""Additional Insured as Construction Management, Inc. and all others required by contract"" or reference to blanket additional insured coverage. Look for language like ""certificate holder is additional insured"" or ""per written contract"".",matchOnce,must be present,,,non_compliant,Block Requirements,,,true,0,,2026-08-16
"Block Real Estate Services, LLC",69fdf75c62446148bd855f9b,69fded1462446148bd848d90,"Farm & Home Builders, Inc",69fdefb2fa0b60fcd50d6be7,"bf3944 - Riverside Business Center 3 {Block Income Fund III, LP}",evidenceOfInsurance,Evidence of Insurance,6ac20aae-5728-5d57-b364-aeba38527dba,Additional Requirements,e1017741-e47e-5f58-97b8-fbc3043e919f,Umbrella follows form over General Liability,"---prompt---
Determine if the Umbrella/Excess Liability policy follows form to the underlying policies. Evidence may include: language in the Description of Operations section stating the umbrella follows form to underlying coverages or an additional page endorsement stating that it follows form. Follow form means the umbrella policy adopts the same terms, conditions, and exclusions as the underlying policies.",matchOnce,must be present,,,non_compliant,Block Requirements,,,true,0,,2026-08-16
"Block Real Estate Services, LLC",69fdf75c62446148bd855f9b,69fded1462446148bd848d90,"Farm & Home Builders, Inc",69fdefb2fa0b60fcd50d6be7,"bf3944 - Riverside Business Center 3 {Block Income Fund III, LP}",evidenceOfInsurance,Evidence of Insurance,6ac20aae-5728-5d57-b364-aeba38527dba,Additional Requirements,2cdd866f-c9a4-576a-afd8-1d045762790c,"The location must be listed as: 234 NW Plaza Drive, Riverside, MO, 64150",,matchOnce,must be present,,,non_compliant,Block Requirements,,,true,0,,2026-08-16
"Block Real Estate Services, LLC",69fdf75c62446148bd855f9b,69fded1462446148bd848d90,"Farm & Home Builders, Inc",69fdefb2fa0b60fcd50d6be7,"bf3944 - Riverside Business Center 3 {Block Income Fund III, LP}",evidenceOfInsurance,Evidence of Insurance,6ac20aae-5728-5d57-b364-aeba38527dba,Additional Requirements,3649e9d1-4e09-59bf-8f30-cb33c40cf117,"Certificate Holder must read: c/o Block Real Estate Services, LLC, 4622 Pennsylvania St., Suite 700, Kansas City, MO, 64112",,matchOnce,must be present,,,non_compliant,Block Requirements,,,true,0,,2026-08-16
"Block Real Estate Services, LLC",69fdf75c62446148bd855f9a,69fded1062446148bd848c25,"Buckeye Cleaning Center KC / Buckeye International, Inc.",69fdefb2fa0b60fcd50d6be7,"bf3944 - Riverside Business Center 3 {Block Income Fund III, LP}",evidenceOfInsurance,Evidence of Insurance,commercialGeneralLiability,Commercial General Liability,evidenceOfInsuranceCommercialGeneralLiabilityCoverageTriggerOccurrence,Coverage Trigger: Occurrence,,matchOnce,must be present,,Present,compliant,Block Requirements,,,false,1,,2026-08-16
"Block Real Estate Services, LLC",69fdf75c62446148bd855f9a,69fded1062446148bd848c25,"Buckeye Cleaning Center KC / Buckeye International, Inc.",69fdefb2fa0b60fcd50d6be7,"bf3944 - Riverside Business Center 3 {Block Income Fund III, LP}",evidenceOfInsurance,Evidence of Insurance,commercialGeneralLiability,Commercial General Liability,evidenceOfInsuranceCommercialGeneralLiabilityGeneralAggregateLimitAppliesPerLocation,General Aggregate Limit Applies per: Location,,matchOnce,must be present,,Present,compliant,Block Requirements,,,false,1,,2026-08-16
"Block Real Estate Services, LLC",69fdf75c62446148bd855f9a,69fded1062446148bd848c25,"Buckeye Cleaning Center KC / Buckeye International, Inc.",69fdefb2fa0b60fcd50d6be7,"bf3944 - Riverside Business Center 3 {Block Income Fund III, LP}",evidenceOfInsurance,Evidence of Insurance,commercialGeneralLiability,Commercial General Liability,evidenceOfInsuranceCommercialGeneralLiabilityEachOccurrence,Each Occurrence,,matchOnce,must be greater or equal to,1000000,2000000,compliant,Block Requirements,,,false,1,,2026-08-16
"Block Real Estate Services, LLC",69fdf75c62446148bd855f9a,69fded1062446148bd848c25,"Buckeye Cleaning Center KC / Buckeye International, Inc.",69fdefb2fa0b60fcd50d6be7,"bf3944 - Riverside Business Center 3 {Block Income Fund III, LP}",evidenceOfInsurance,Evidence of Insurance,commercialGeneralLiability,Commercial General Liability,evidenceOfInsuranceCommercialGeneralLiabilityGeneralAggregate,General Aggregate,,matchOnce,must be greater or equal to,2000000,4000000,compliant,Block Requirements,,,false,1,,2026-08-16
"Block Real Estate Services, LLC",69fdf75c62446148bd855f9a,69fded1062446148bd848c25,"Buckeye Cleaning Center KC / Buckeye International, Inc.",69fdefb2fa0b60fcd50d6be7,"bf3944 - Riverside Business Center 3 {Block Income Fund III, LP}",evidenceOfInsurance,Evidence of Insurance,commercialGeneralLiability,Commercial General Liability,evidenceOfInsuranceCommercialGeneralLiabilityWaiverOfSubrogationEndorsement,Waiver of Subrogation,"---prompt---
Determine if the insurer has waived their right of subrogation in favor of the certificate holder under the Commercial General Liability policy. Evidence may include: a checked ""Waiver of Subrogation"" box on the certificate, mention in the Description of Operations section stating ""waiver of subrogation applies"", or reference to form CG 24 04. Look for language like ""subrogation is waived"" or ""per written contract"".",matchOnce,must be present,,Present,compliant,Block Requirements,,,false,1,,2026-08-16
"Block Real Estate Services, LLC",69fdf75c62446148bd855f9a,69fded1062446148bd848c25,"Buckeye Cleaning Center KC / Buckeye International, Inc.",69fdefb2fa0b60fcd50d6be7,"bf3944 - Riverside Business Center 3 {Block Income Fund III, LP}",evidenceOfInsurance,Evidence of Insurance,excessOrUmbrellaLiability,Umbrella/Excess Liability,evidenceOfInsuranceExcessOrUmbrellaLiabilityOccurence,Coverage Trigger: Occurrence,,matchOnce,must be present,,Present,compliant,Block Requirements,,,false,1,,2026-08-16
"Block Real Estate Services, LLC",69fdf75c62446148bd855f9a,69fded1062446148bd848c25,"Buckeye Cleaning Center KC / Buckeye International, Inc.",69fdefb2fa0b60fcd50d6be7,"bf3944 - Riverside Business Center 3 {Block Income Fund III, LP}",evidenceOfInsurance,Evidence of Insurance,excessOrUmbrellaLiability,Umbrella/Excess Liability,evidenceOfInsuranceExcessOrUmbrellaLiabilityEachOccurrence,Each Occurrence,,matchOnce,must be greater or equal to,1000000,4000000,compliant,Block Requirements,,,false,1,,2026-08-16
"Block Real Estate Services, LLC",69fdf75c62446148bd855f9a,69fded1062446148bd848c25,"Buckeye Cleaning Center KC / Buckeye International, Inc.",69fdefb2fa0b60fcd50d6be7,"bf3944 - Riverside Business Center 3 {Block Income Fund III, LP}",evidenceOfInsurance,Evidence of Insurance,excessOrUmbrellaLiability,Umbrella/Excess Liability,evidenceOfInsuranceExcessOrUmbrellaLiabilityAggregate,Aggregate,,matchOnce,must be greater or equal to,1000000,4000000,compliant,Block Requirements,,,false,1,,2026-08-16
"Block Real Estate Services, LLC",69fdf75c62446148bd855f9a,69fded1062446148bd848c25,"Buckeye Cleaning Center KC / Buckeye International, Inc.",69fdefb2fa0b60fcd50d6be7,"bf3944 - Riverside Business Center 3 {Block Income Fund III, LP}",evidenceOfInsurance,Evidence of Insurance,workersCompensation,Workers' Compensation and Employer's Liability,evidenceOfInsuranceWorkersCompensationStatutoryLimits,Statutory Limits,,matchOnce,must be present,,Present,compliant,Block Requirements,,,false,1,,2026-08-16
"Block Real Estate Services, LLC",69fdf75c62446148bd855f9a,69fded1062446148bd848c25,"Buckeye Cleaning Center KC / Buckeye International, Inc.",69fdefb2fa0b60fcd50d6be7,"bf3944 - Riverside Business Center 3 {Block Income Fund III, LP}",evidenceOfInsurance,Evidence of Insurance,workersCompensation,Workers' Compensation and Employer's Liability,evidenceOfInsuranceWorkersCompensationEmployersLiabilityEachAccident,Employer's Liability Each Accident,,matchOnce,must be greater or equal to,500000,2000000,compliant,Block Requirements,,,false,1,,2026-08-16
"Block Real Estate Services, LLC",69fdf75c62446148bd855f9a,69fded1062446148bd848c25,"Buckeye Cleaning Center KC / Buckeye International, Inc.",69fdefb2fa0b60fcd50d6be7,"bf3944 - Riverside Business Center 3 {Block Income Fund III, LP}",evidenceOfInsurance,Evidence of Insurance,workersCompensation,Workers' Compensation and Employer's Liability,evidenceOfInsuranceWorkersCompensationEmployersLiabilityDiseaseEachEmployee,Employer's Liability Disease - each employee,,matchOnce,must be greater or equal to,500000,2000000,compliant,Block Requirements,,,false,1,,2026-08-16
"Block Real Estate Services, LLC",69fdf75c62446148bd855f9a,69fded1062446148bd848c25,"Buckeye Cleaning Center KC / Buckeye International, Inc.",69fdefb2fa0b60fcd50d6be7,"bf3944 - Riverside Business Center 3 {Block Income Fund III, LP}",evidenceOfInsurance,Evidence of Insurance,workersCompensation,Workers' Compensation and Employer's Liability,evidenceOfInsuranceWorkersCompensationEmployersLiabilityDiseasePolicyLimit,Employer's Liability Disease - policy limit,,matchOnce,must be greater or equal to,500000,2000000,compliant,Block Requirements,,,false,1,,2026-08-16
"Block Real Estate Services, LLC",69fdf75c62446148bd855f9a,69fded1062446148bd848c25,"Buckeye Cleaning Center KC / Buckeye International, Inc.",69fdefb2fa0b60fcd50d6be7,"bf3944 - Riverside Business Center 3 {Block Income Fund III, LP}",evidenceOfInsurance,Evidence of Insurance,workersCompensation,Workers' Compensation and Employer's Liability,evidenceOfInsuranceWorkersCompensationWaiverOfSubrogationEndorsement,Waiver of Subrogation,"---prompt---
Determine if the insurer has waived their right of subrogation in favor of the certificate holder under the Workers' Compensation policy. Evidence may include: a checked ""Waiver of Subrogation"" box on the certificate, mention in the Description of Operations section stating ""waiver of subrogation applies"", or reference to form WC 00 03 13. Look for language like ""subrogation is waived"" or ""per written contract"".",matchOnce,must be present,,Present,compliant,Block Requirements,,,false,1,,2026-08-16
"Block Real Estate Services, LLC",69fdf75c62446148bd855f9a,69fded1062446148bd848c25,"Buckeye Cleaning Center KC / Buckeye International, Inc.",69fdefb2fa0b60fcd50d6be7,"bf3944 - Riverside Business Center 3 {Block Income Fund III, LP}",evidenceOfInsurance,Evidence of Insurance,6ac20aae-5728-5d57-b364-aeba38527dba,Additional Requirements,4da5b0f1-4c9d-5885-8cf8-5d3cccaed3e0,"Block Real Estate Services, LLC and all others required by contract are named as Additional Insureds","---prompt---
Determine if the Description of Operations or the Additional Remarks Schedule section states the ""Additional Insured as Construction Management, Inc. and all others required by contract"" or reference to blanket additional insured coverage. Look for language like ""certificate holder is additional insured"" or ""per written contract"".",matchOnce,must be present,,Present,compliant,Block Requirements,,,true,1,,2026-08-16
"Block Real Estate Services, LLC",69fdf75c62446148bd855f9a,69fded1062446148bd848c25,"Buckeye Cleaning Center KC / Buckeye International, Inc.",69fdefb2fa0b60fcd50d6be7,"bf3944 - Riverside Business Center 3 {Block Income Fund III, LP}",evidenceOfInsurance,Evidence of Insurance,6ac20aae-5728-5d57-b364-aeba38527dba,Additional Requirements,e1017741-e47e-5f58-97b8-fbc3043e919f,Umbrella follows form over General Liability,"---prompt---
Determine if the Umbrella/Excess Liability policy follows form to the underlying policies. Evidence may include: language in the Description of Operations section stating the umbrella follows form to underlying coverages or an additional page endorsement stating that it follows form. Follow form means the umbrella policy adopts the same terms, conditions, and exclusions as the underlying policies.",matchOnce,must be present,,Present,compliant,Block Requirements,,,true,1,,2026-08-16
"Block Real Estate Services, LLC",69fdf75c62446148bd855f9a,69fded1062446148bd848c25,"Buckeye Cleaning Center KC / Buckeye International, Inc.",69fdefb2fa0b60fcd50d6be7,"bf3944 - Riverside Business Center 3 {Block Income Fund III, LP}",evidenceOfInsurance,Evidence of Insurance,6ac20aae-5728-5d57-b364-aeba38527dba,Additional Requirements,2cdd866f-c9a4-576a-afd8-1d045762790c,"The location must be listed as: 240 NW Plaza Drive, Riverside, MO, 64150",,matchOnce,must be present,,Present,compliant,Block Requirements,,,true,1,,2026-08-16
"Block Real Estate Services, LLC",69fdf75c62446148bd855f9a,69fded1062446148bd848c25,"Buckeye Cleaning Center KC / Buckeye International, Inc.",69fdefb2fa0b60fcd50d6be7,"bf3944 - Riverside Business Center 3 {Block Income Fund III, LP}",evidenceOfInsurance,Evidence of Insurance,6ac20aae-5728-5d57-b364-aeba38527dba,Additional Requirements,3649e9d1-4e09-59bf-8f30-cb33c40cf117,"Certificate Holder must read: c/o Block Real Estate Services, LLC, 4622 Pennsylvania St., Suite 700, Kansas City, MO, 64112",,matchOnce,must be present,,Present,compliant,Block Requirements,,,true,1,,2026-08-16
"Block Real Estate Services, LLC",69fdf75c62446148bd855f9d,69fded1662446148bd848e0e,"Golden Distributing Company, Inc.",69fdefb2fa0b60fcd50d6be7,"bf3944 - Riverside Business Center 3 {Block Income Fund III, LP}",evidenceOfInsurance,Evidence of Insurance,commercialGeneralLiability,Commercial General Liability,evidenceOfInsuranceCommercialGeneralLiabilityCoverageTriggerOccurrence,Coverage Trigger: Occurrence,,matchOnce,must be present,,,non_compliant,Block Requirements,,,false,0,,2026-08-16
"Block Real Estate Services, LLC",69fdf75c62446148bd855f9d,69fded1662446148bd848e0e,"Golden Distributing Company, Inc.",69fdefb2fa0b60fcd50d6be7,"bf3944 - Riverside Business Center 3 {Block Income Fund III, LP}",evidenceOfInsurance,Evidence of Insurance,commercialGeneralLiability,Commercial General Liability,evidenceOfInsuranceCommercialGeneralLiabilityGeneralAggregateLimitAppliesPerLocation,General Aggregate Limit Applies per: Location,,matchOnce,must be present,,,non_compliant,Block Requirements,,,false,0,,2026-08-16
"Block Real Estate Services, LLC",69fdf75c62446148bd855f9d,69fded1662446148bd848e0e,"Golden Distributing Company, Inc.",69fdefb2fa0b60fcd50d6be7,"bf3944 - Riverside Business Center 3 {Block Income Fund III, LP}",evidenceOfInsurance,Evidence of Insurance,commercialGeneralLiability,Commercial General Liability,evidenceOfInsuranceCommercialGeneralLiabilityEachOccurrence,Each Occurrence,,matchOnce,must be greater or equal to,1000000,,non_compliant,Block Requirements,,,false,0,,2026-08-16
"Block Real Estate Services, LLC",69fdf75c62446148bd855f9d,69fded1662446148bd848e0e,"Golden Distributing Company, Inc.",69fdefb2fa0b60fcd50d6be7,"bf3944 - Riverside Business Center 3 {Block Income Fund III, LP}",evidenceOfInsurance,Evidence of Insurance,commercialGeneralLiability,Commercial General Liability,evidenceOfInsuranceCommercialGeneralLiabilityGeneralAggregate,General Aggregate,,matchOnce,must be greater or equal to,2000000,,non_compliant,Block Requirements,,,false,0,,2026-08-16
"Block Real Estate Services, LLC",69fdf75c62446148bd855f9d,69fded1662446148bd848e0e,"Golden Distributing Company, Inc.",69fdefb2fa0b60fcd50d6be7,"bf3944 - Riverside Business Center 3 {Block Income Fund III, LP}",evidenceOfInsurance,Evidence of Insurance,commercialGeneralLiability,Commercial General Liability,evidenceOfInsuranceCommercialGeneralLiabilityWaiverOfSubrogationEndorsement,Waiver of Subrogation,"---prompt---
Determine if the insurer has waived their right of subrogation in favor of the certificate holder under the Commercial General Liability policy. Evidence may include: a checked ""Waiver of Subrogation"" box on the certificate, mention in the Description of Operations section stating ""waiver of subrogation applies"", or reference to form CG 24 04. Look for language like ""subrogation is waived"" or ""per written contract"".",matchOnce,must be present,,,non_compliant,Block Requirements,,,false,0,,2026-08-16
"Block Real Estate Services, LLC",69fdf75c62446148bd855f9d,69fded1662446148bd848e0e,"Golden Distributing Company, Inc.",69fdefb2fa0b60fcd50d6be7,"bf3944 - Riverside Business Center 3 {Block Income Fund III, LP}",evidenceOfInsurance,Evidence of Insurance,excessOrUmbrellaLiability,Umbrella/Excess Liability,evidenceOfInsuranceExcessOrUmbrellaLiabilityOccurence,Coverage Trigger: Occurrence,,matchOnce,must be present,,,non_compliant,Block Requirements,,,false,0,,2026-08-16
"Block Real Estate Services, LLC",69fdf75c62446148bd855f9d,69fded1662446148bd848e0e,"Golden Distributing Company, Inc.",69fdefb2fa0b60fcd50d6be7,"bf3944 - Riverside Business Center 3 {Block Income Fund III, LP}",evidenceOfInsurance,Evidence of Insurance,excessOrUmbrellaLiability,Umbrella/Excess Liability,evidenceOfInsuranceExcessOrUmbrellaLiabilityEachOccurrence,Each Occurrence,,matchOnce,must be greater or equal to,1000000,,non_compliant,Block Requirements,,,false,0,,2026-08-16
"Block Real Estate Services, LLC",69fdf75c62446148bd855f9d,69fded1662446148bd848e0e,"Golden Distributing Company, Inc.",69fdefb2fa0b60fcd50d6be7,"bf3944 - Riverside Business Center 3 {Block Income Fund III, LP}",evidenceOfInsurance,Evidence of Insurance,excessOrUmbrellaLiability,Umbrella/Excess Liability,evidenceOfInsuranceExcessOrUmbrellaLiabilityAggregate,Aggregate,,matchOnce,must be greater or equal to,1000000,,non_compliant,Block Requirements,,,false,0,,2026-08-16
"Block Real Estate Services, LLC",69fdf75c62446148bd855f9d,69fded1662446148bd848e0e,"Golden Distributing Company, Inc.",69fdefb2fa0b60fcd50d6be7,"bf3944 - Riverside Business Center 3 {Block Income Fund III, LP}",evidenceOfInsurance,Evidence of Insurance,workersCompensation,Workers' Compensation and Employer's Liability,evidenceOfInsuranceWorkersCompensationStatutoryLimits,Statutory Limits,,matchOnce,must be present,,,non_compliant,Block Requirements,,,false,0,,2026-08-16
"Block Real Estate Services, LLC",69fdf75c62446148bd855f9d,69fded1662446148bd848e0e,"Golden Distributing Company, Inc.",69fdefb2fa0b60fcd50d6be7,"bf3944 - Riverside Business Center 3 {Block Income Fund III, LP}",evidenceOfInsurance,Evidence of Insurance,workersCompensation,Workers' Compensation and Employer's Liability,evidenceOfInsuranceWorkersCompensationEmployersLiabilityEachAccident,Employer's Liability Each Accident,,matchOnce,must be greater or equal to,500000,,non_compliant,Block Requirements,,,false,0,,2026-08-16
"Block Real Estate Services, LLC",69fdf75c62446148bd855f9d,69fded1662446148bd848e0e,"Golden Distributing Company, Inc.",69fdefb2fa0b60fcd50d6be7,"bf3944 - Riverside Business Center 3 {Block Income Fund III, LP}",evidenceOfInsurance,Evidence of Insurance,workersCompensation,Workers' Compensation and Employer's Liability,evidenceOfInsuranceWorkersCompensationEmployersLiabilityDiseaseEachEmployee,Employer's Liability Disease - each employee,,matchOnce,must be greater or equal to,500000,,non_compliant,Block Requirements,,,false,0,,2026-08-16
"Block Real Estate Services, LLC",69fdf75c62446148bd855f9d,69fded1662446148bd848e0e,"Golden Distributing Company, Inc.",69fdefb2fa0b60fcd50d6be7,"bf3944 - Riverside Business Center 3 {Block Income Fund III, LP}",evidenceOfInsurance,Evidence of Insurance,workersCompensation,Workers' Compensation and Employer's Liability,evidenceOfInsuranceWorkersCompensationEmployersLiabilityDiseasePolicyLimit,Employer's Liability Disease - policy limit,,matchOnce,must be greater or equal to,500000,,non_compliant,Block Requirements,,,false,0,,2026-08-16
"Block Real Estate Services, LLC",69fdf75c62446148bd855f9d,69fded1662446148bd848e0e,"Golden Distributing Company, Inc.",69fdefb2fa0b60fcd50d6be7,"bf3944 - Riverside Business Center 3 {Block Income Fund III, LP}",evidenceOfInsurance,Evidence of Insurance,workersCompensation,Workers' Compensation and Employer's Liability,evidenceOfInsuranceWorkersCompensationWaiverOfSubrogationEndorsement,Waiver of Subrogation,"---prompt---
Determine if the insurer has waived their right of subrogation in favor of the certificate holder under the Workers' Compensation policy. Evidence may include: a checked ""Waiver of Subrogation"" box on the certificate, mention in the Description of Operations section stating ""waiver of subrogation applies"", or reference to form WC 00 03 13. Look for language like ""subrogation is waived"" or ""per written contract"".",matchOnce,must be present,,,non_compliant,Block Requirements,,,false,0,,2026-08-16
"Block Real Estate Services, LLC",69fdf75c62446148bd855f9d,69fded1662446148bd848e0e,"Golden Distributing Company, Inc.",69fdefb2fa0b60fcd50d6be7,"bf3944 - Riverside Business Center 3 {Block Income Fund III, LP}",evidenceOfInsurance,Evidence of Insurance,6ac20aae-5728-5d57-b364-aeba38527dba,Additional Requirements,4da5b0f1-4c9d-5885-8cf8-5d3cccaed3e0,"Block Real Estate Services, LLC and all others required by contract are named as Additional Insureds","---prompt---
Determine if the Description of Operations or the Additional Remarks Schedule section states the ""Additional Insured as Construction Management, Inc. and all others required by contract"" or reference to blanket additional insured coverage. Look for language like ""certificate holder is additional insured"" or ""per written contract"".",matchOnce,must be present,,,non_compliant,Block Requirements,,,true,0,,2026-08-16
"Block Real Estate Services, LLC",69fdf75c62446148bd855f9d,69fded1662446148bd848e0e,"Golden Distributing Company, Inc.",69fdefb2fa0b60fcd50d6be7,"bf3944 - Riverside Business Center 3 {Block Income Fund III, LP}",evidenceOfInsurance,Evidence of Insurance,6ac20aae-5728-5d57-b364-aeba38527dba,Additional Requirements,e1017741-e47e-5f58-97b8-fbc3043e919f,Umbrella follows form over General Liability,"---prompt---
Determine if the Umbrella/Excess Liability policy follows form to the underlying policies. Evidence may include: language in the Description of Operations section stating the umbrella follows form to underlying coverages or an additional page endorsement stating that it follows form. Follow form means the umbrella policy adopts the same terms, conditions, and exclusions as the underlying policies.",matchOnce,must be present,,,non_compliant,Block Requirements,,,true,0,,2026-08-16
"Block Real Estate Services, LLC",69fdf75c62446148bd855f9d,69fded1662446148bd848e0e,"Golden Distributing Company, Inc.",69fdefb2fa0b60fcd50d6be7,"bf3944 - Riverside Business Center 3 {Block Income Fund III, LP}",evidenceOfInsurance,Evidence of Insurance,6ac20aae-5728-5d57-b364-aeba38527dba,Additional Requirements,2cdd866f-c9a4-576a-afd8-1d045762790c,"The location must be listed as: 236 NW Plaza Drive, Riverside, MO, 64150",,matchOnce,must be present,,,non_compliant,Block Requirements,,,true,0,,2026-08-16
"Block Real Estate Services, LLC",69fdf75c62446148bd855f9d,69fded1662446148bd848e0e,"Golden Distributing Company, Inc.",69fdefb2fa0b60fcd50d6be7,"bf3944 - Riverside Business Center 3 {Block Income Fund III, LP}",evidenceOfInsurance,Evidence of Insurance,6ac20aae-5728-5d57-b364-aeba38527dba,Additional Requirements,3649e9d1-4e09-59bf-8f30-cb33c40cf117,"Certificate Holder must read: c/o Block Real Estate Services, LLC, 4622 Pennsylvania St., Suite 700, Kansas City, MO, 64112",,matchOnce,must be present,,,non_compliant,Block Requirements,,,true,0,,2026-08-16
"Block Real Estate Services, LLC",69fdf75c62446148bd855f9c,69fded1562446148bd848ded,"Gas Equipment Company / Gas Equipment, Inc.",69fdefb2fa0b60fcd50d6be7,"bf3944 - Riverside Business Center 3 {Block Income Fund III, LP}",evidenceOfInsurance,Evidence of Insurance,commercialGeneralLiability,Commercial General Liability,evidenceOfInsuranceCommercialGeneralLiabilityCoverageTriggerOccurrence,Coverage Trigger: Occurrence,,matchOnce,must be present,,Present,compliant,Block Requirements,,,false,1,,2026-08-16
"Block Real Estate Services, LLC",69fdf75c62446148bd855f9c,69fded1562446148bd848ded,"Gas Equipment Company / Gas Equipment, Inc.",69fdefb2fa0b60fcd50d6be7,"bf3944 - Riverside Business Center 3 {Block Income Fund III, LP}",evidenceOfInsurance,Evidence of Insurance,commercialGeneralLiability,Commercial General Liability,evidenceOfInsuranceCommercialGeneralLiabilityGeneralAggregateLimitAppliesPerLocation,General Aggregate Limit Applies per: Location,,matchOnce,must be present,,,non_compliant,Block Requirements,,,false,0,,2026-08-16
"Block Real Estate Services, LLC",69fdf75c62446148bd855f9c,69fded1562446148bd848ded,"Gas Equipment Company / Gas Equipment, Inc.",69fdefb2fa0b60fcd50d6be7,"bf3944 - Riverside Business Center 3 {Block Income Fund III, LP}",evidenceOfInsurance,Evidence of Insurance,commercialGeneralLiability,Commercial General Liability,evidenceOfInsuranceCommercialGeneralLiabilityEachOccurrence,Each Occurrence,,matchOnce,must be greater or equal to,1000000,1000000,compliant,Block Requirements,,,false,1,,2026-08-16
"Block Real Estate Services, LLC",69fdf75c62446148bd855f9c,69fded1562446148bd848ded,"Gas Equipment Company / Gas Equipment, Inc.",69fdefb2fa0b60fcd50d6be7,"bf3944 - Riverside Business Center 3 {Block Income Fund III, LP}",evidenceOfInsurance,Evidence of Insurance,commercialGeneralLiability,Commercial General Liability,evidenceOfInsuranceCommercialGeneralLiabilityGeneralAggregate,General Aggregate,,matchOnce,must be greater or equal to,2000000,2000000,compliant,Block Requirements,,,false,1,,2026-08-16
"Block Real Estate Services, LLC",69fdf75c62446148bd855f9c,69fded1562446148bd848ded,"Gas Equipment Company / Gas Equipment, Inc.",69fdefb2fa0b60fcd50d6be7,"bf3944 - Riverside Business Center 3 {Block Income Fund III, LP}",evidenceOfInsurance,Evidence of Insurance,commercialGeneralLiability,Commercial General Liability,evidenceOfInsuranceCommercialGeneralLiabilityWaiverOfSubrogationEndorsement,Waiver of Subrogation,"---prompt---
Determine if the insurer has waived their right of subrogation in favor of the certificate holder under the Commercial General Liability policy. Evidence may include: a checked ""Waiver of Subrogation"" box on the certificate, mention in the Description of Operations section stating ""waiver of subrogation applies"", or reference to form CG 24 04. Look for language like ""subrogation is waived"" or ""per written contract"".",matchOnce,must be present,,Present,compliant,Block Requirements,,,false,1,,2026-08-16
"Block Real Estate Services, LLC",69fdf75c62446148bd855f9c,69fded1562446148bd848ded,"Gas Equipment Company / Gas Equipment, Inc.",69fdefb2fa0b60fcd50d6be7,"bf3944 - Riverside Business Center 3 {Block Income Fund III, LP}",evidenceOfInsurance,Evidence of Insurance,excessOrUmbrellaLiability,Umbrella/Excess Liability,evidenceOfInsuranceExcessOrUmbrellaLiabilityOccurence,Coverage Trigger: Occurrence,,matchOnce,must be present,,,non_compliant,Block Requirements,,,false,0,,2026-08-16
"Block Real Estate Services, LLC",69fdf75c62446148bd855f9c,69fded1562446148bd848ded,"Gas Equipment Company / Gas Equipment, Inc.",69fdefb2fa0b60fcd50d6be7,"bf3944 - Riverside Business Center 3 {Block Income Fund III, LP}",evidenceOfInsurance,Evidence of Insurance,excessOrUmbrellaLiability,Umbrella/Excess Liability,evidenceOfInsuranceExcessOrUmbrellaLiabilityEachOccurrence,Each Occurrence,,matchOnce,must be greater or equal to,1000000,,non_compliant,Block Requirements,,,false,0,,2026-08-16
"Block Real Estate Services, LLC",69fdf75c62446148bd855f9c,69fded1562446148bd848ded,"Gas Equipment Company / Gas Equipment, Inc.",69fdefb2fa0b60fcd50d6be7,"bf3944 - Riverside Business Center 3 {Block Income Fund III, LP}",evidenceOfInsurance,Evidence of Insurance,excessOrUmbrellaLiability,Umbrella/Excess Liability,evidenceOfInsuranceExcessOrUmbrellaLiabilityAggregate,Aggregate,,matchOnce,must be greater or equal to,1000000,,non_compliant,Block Requirements,,,false,0,,2026-08-16
"Block Real Estate Services, LLC",69fdf75c62446148bd855f9c,69fded1562446148bd848ded,"Gas Equipment Company / Gas Equipment, Inc.",69fdefb2fa0b60fcd50d6be7,"bf3944 - Riverside Business Center 3 {Block Income Fund III, LP}",evidenceOfInsurance,Evidence of Insurance,workersCompensation,Workers' Compensation and Employer's Liability,evidenceOfInsuranceWorkersCompensationStatutoryLimits,Statutory Limits,,matchOnce,must be present,,Present,compliant,Block Requirements,,,false,1,,2026-08-16
"Block Real Estate Services, LLC",69fdf75c62446148bd855f9c,69fded1562446148bd848ded,"Gas Equipment Company / Gas Equipment, Inc.",69fdefb2fa0b60fcd50d6be7,"bf3944 - Riverside Business Center 3 {Block Income Fund III, LP}",evidenceOfInsurance,Evidence of Insurance,workersCompensation,Workers' Compensation and Employer's Liability,evidenceOfInsuranceWorkersCompensationEmployersLiabilityEachAccident,Employer's Liability Each Accident,,matchOnce,must be greater or equal to,500000,1000000,compliant,Block Requirements,,,false,1,,2026-08-16
"Block Real Estate Services, LLC",69fdf75c62446148bd855f9c,69fded1562446148bd848ded,"Gas Equipment Company / Gas Equipment, Inc.",69fdefb2fa0b60fcd50d6be7,"bf3944 - Riverside Business Center 3 {Block Income Fund III, LP}",evidenceOfInsurance,Evidence of Insurance,workersCompensation,Workers' Compensation and Employer's Liability,evidenceOfInsuranceWorkersCompensationEmployersLiabilityDiseaseEachEmployee,Employer's Liability Disease - each employee,,matchOnce,must be greater or equal to,500000,1000000,compliant,Block Requirements,,,false,1,,2026-08-16
"Block Real Estate Services, LLC",69fdf75c62446148bd855f9c,69fded1562446148bd848ded,"Gas Equipment Company / Gas Equipment, Inc.",69fdefb2fa0b60fcd50d6be7,"bf3944 - Riverside Business Center 3 {Block Income Fund III, LP}",evidenceOfInsurance,Evidence of Insurance,workersCompensation,Workers' Compensation and Employer's Liability,evidenceOfInsuranceWorkersCompensationEmployersLiabilityDiseasePolicyLimit,Employer's Liability Disease - policy limit,,matchOnce,must be greater or equal to,500000,1000000,compliant,Block Requirements,,,false,1,,2026-08-16
"Block Real Estate Services, LLC",69fdf75c62446148bd855f9c,69fded1562446148bd848ded,"Gas Equipment Company / Gas Equipment, Inc.",69fdefb2fa0b60fcd50d6be7,"bf3944 - Riverside Business Center 3 {Block Income Fund III, LP}",evidenceOfInsurance,Evidence of Insurance,workersCompensation,Workers' Compensation and Employer's Liability,evidenceOfInsuranceWorkersCompensationWaiverOfSubrogationEndorsement,Waiver of Subrogation,"---prompt---
Determine if the insurer has waived their right of subrogation in favor of the certificate holder under the Workers' Compensation policy. Evidence may include: a checked ""Waiver of Subrogation"" box on the certificate, mention in the Description of Operations section stating ""waiver of subrogation applies"", or reference to form WC 00 03 13. Look for language like ""subrogation is waived"" or ""per written contract"".",matchOnce,must be present,,Present,compliant,Block Requirements,,,false,1,,2026-08-16
"Block Real Estate Services, LLC",69fdf75c62446148bd855f9c,69fded1562446148bd848ded,"Gas Equipment Company / Gas Equipment, Inc.",69fdefb2fa0b60fcd50d6be7,"bf3944 - Riverside Business Center 3 {Block Income Fund III, LP}",evidenceOfInsurance,Evidence of Insurance,6ac20aae-5728-5d57-b364-aeba38527dba,Additional Requirements,4da5b0f1-4c9d-5885-8cf8-5d3cccaed3e0,"Block Real Estate Services, LLC and all others required by contract are named as Additional Insureds","---prompt---
Determine if the Description of Operations or the Additional Remarks Schedule section states the ""Additional Insured as Construction Management, Inc. and all others required by contract"" or reference to blanket additional insured coverage. Look for language like ""certificate holder is additional insured"" or ""per written contract"".",matchOnce,must be present,,Present,compliant,Block Requirements,,,true,1,,2026-08-16
"Block Real Estate Services, LLC",69fdf75c62446148bd855f9c,69fded1562446148bd848ded,"Gas Equipment Company / Gas Equipment, Inc.",69fdefb2fa0b60fcd50d6be7,"bf3944 - Riverside Business Center 3 {Block Income Fund III, LP}",evidenceOfInsurance,Evidence of Insurance,6ac20aae-5728-5d57-b364-aeba38527dba,Additional Requirements,e1017741-e47e-5f58-97b8-fbc3043e919f,Umbrella follows form over General Liability,"---prompt---
Determine if the Umbrella/Excess Liability policy follows form to the underlying policies. Evidence may include: language in the Description of Operations section stating the umbrella follows form to underlying coverages or an additional page endorsement stating that it follows form. Follow form means the umbrella policy adopts the same terms, conditions, and exclusions as the underlying policies.",matchOnce,must be present,,,non_compliant,Block Requirements,,,true,0,,2026-08-16
"Block Real Estate Services, LLC",69fdf75c62446148bd855f9c,69fded1562446148bd848ded,"Gas Equipment Company / Gas Equipment, Inc.",69fdefb2fa0b60fcd50d6be7,"bf3944 - Riverside Business Center 3 {Block Income Fund III, LP}",evidenceOfInsurance,Evidence of Insurance,6ac20aae-5728-5d57-b364-aeba38527dba,Additional Requirements,2cdd866f-c9a4-576a-afd8-1d045762790c,"The location must be listed as: 224, 226 NW Plaza Drive, Riverside, MO, 64150",,matchOnce,must be present,,Present,compliant,Block Requirements,,,true,1,,2026-08-16
"Block Real Estate Services, LLC",69fdf75c62446148bd855f9c,69fded1562446148bd848ded,"Gas Equipment Company / Gas Equipment, Inc.",69fdefb2fa0b60fcd50d6be7,"bf3944 - Riverside Business Center 3 {Block Income Fund III, LP}",evidenceOfInsurance,Evidence of Insurance,6ac20aae-5728-5d57-b364-aeba38527dba,Additional Requirements,3649e9d1-4e09-59bf-8f30-cb33c40cf117,"Certificate Holder must read: c/o Block Real Estate Services, LLC, 4622 Pennsylvania St., Suite 700, Kansas City, MO, 64112",,matchOnce,must be present,,Present,compliant,Block Requirements,,,true,1,,2026-08-16
"Block Real Estate Services, LLC",69fdf75c62446148bd855fa0,69fded2262446148bd84920d,Argosy Casino & Hotel / The Missouri Gaming Company,69fdefb2fa0b60fcd50d6be7,"bf3944 - Riverside Business Center 3 {Block Income Fund III, LP}",evidenceOfInsurance,Evidence of Insurance,commercialGeneralLiability,Commercial General Liability,evidenceOfInsuranceCommercialGeneralLiabilityCoverageTriggerOccurrence,Coverage Trigger: Occurrence,,matchOnce,must be present,,Present,compliant,Block Requirements,,,false,2,,2026-08-16
"Block Real Estate Services, LLC",69fdf75c62446148bd855fa0,69fded2262446148bd84920d,Argosy Casino & Hotel / The Missouri Gaming Company,69fdefb2fa0b60fcd50d6be7,"bf3944 - Riverside Business Center 3 {Block Income Fund III, LP}",evidenceOfInsurance,Evidence of Insurance,commercialGeneralLiability,Commercial General Liability,evidenceOfInsuranceCommercialGeneralLiabilityGeneralAggregateLimitAppliesPerLocation,General Aggregate Limit Applies per: Location,,matchOnce,must be present,,Present,compliant,Block Requirements,,,false,2,,2026-08-16
"Block Real Estate Services, LLC",69fdf75c62446148bd855fa0,69fded2262446148bd84920d,Argosy Casino & Hotel / The Missouri Gaming Company,69fdefb2fa0b60fcd50d6be7,"bf3944 - Riverside Business Center 3 {Block Income Fund III, LP}",evidenceOfInsurance,Evidence of Insurance,commercialGeneralLiability,Commercial General Liability,evidenceOfInsuranceCommercialGeneralLiabilityEachOccurrence,Each Occurrence,,matchOnce,must be greater or equal to,1000000,2000000,compliant,Block Requirements,,,false,2,,2026-08-16
"Block Real Estate Services, LLC",69fdf75c62446148bd855fa0,69fded2262446148bd84920d,Argosy Casino & Hotel / The Missouri Gaming Company,69fdefb2fa0b60fcd50d6be7,"bf3944 - Riverside Business Center 3 {Block Income Fund III, LP}",evidenceOfInsurance,Evidence of Insurance,commercialGeneralLiability,Commercial General Liability,evidenceOfInsuranceCommercialGeneralLiabilityGeneralAggregate,General Aggregate,,matchOnce,must be greater or equal to,2000000,4000000,compliant,Block Requirements,,,false,2,,2026-08-16
"Block Real Estate Services, LLC",69fdf75c62446148bd855fa0,69fded2262446148bd84920d,Argosy Casino & Hotel / The Missouri Gaming Company,69fdefb2fa0b60fcd50d6be7,"bf3944 - Riverside Business Center 3 {Block Income Fund III, LP}",evidenceOfInsurance,Evidence of Insurance,commercialGeneralLiability,Commercial General Liability,evidenceOfInsuranceCommercialGeneralLiabilityWaiverOfSubrogationEndorsement,Waiver of Subrogation,"---prompt---
Determine if the insurer has waived their right of subrogation in favor of the certificate holder under the Commercial General Liability policy. Evidence may include: a checked ""Waiver of Subrogation"" box on the certificate, mention in the Description of Operations section stating ""waiver of subrogation applies"", or reference to form CG 24 04. Look for language like ""subrogation is waived"" or ""per written contract"".",matchOnce,must be present,,Present,compliant,Block Requirements,,,false,2,,2026-08-16
"Block Real Estate Services, LLC",69fdf75c62446148bd855fa0,69fded2262446148bd84920d,Argosy Casino & Hotel / The Missouri Gaming Company,69fdefb2fa0b60fcd50d6be7,"bf3944 - Riverside Business Center 3 {Block Income Fund III, LP}",evidenceOfInsurance,Evidence of Insurance,excessOrUmbrellaLiability,Umbrella/Excess Liability,evidenceOfInsuranceExcessOrUmbrellaLiabilityOccurence,Coverage Trigger: Occurrence,,matchOnce,must be present,,Present,compliant,Block Requirements,,,false,2,,2026-08-16
"Block Real Estate Services, LLC",69fdf75c62446148bd855fa0,69fded2262446148bd84920d,Argosy Casino & Hotel / The Missouri Gaming Company,69fdefb2fa0b60fcd50d6be7,"bf3944 - Riverside Business Center 3 {Block Income Fund III, LP}",evidenceOfInsurance,Evidence of Insurance,excessOrUmbrellaLiability,Umbrella/Excess Liability,evidenceOfInsuranceExcessOrUmbrellaLiabilityEachOccurrence,Each Occurrence,,matchOnce,must be greater or equal to,1000000,10000000,compliant,Block Requirements,,,false,2,,2026-08-16
"Block Real Estate Services, LLC",69fdf75c62446148bd855fa0,69fded2262446148bd84920d,Argosy Casino & Hotel / The Missouri Gaming Company,69fdefb2fa0b60fcd50d6be7,"bf3944 - Riverside Business Center 3 {Block Income Fund III, LP}",evidenceOfInsurance,Evidence of Insurance,excessOrUmbrellaLiability,Umbrella/Excess Liability,evidenceOfInsuranceExcessOrUmbrellaLiabilityAggregate,Aggregate,,matchOnce,must be greater or equal to,1000000,10000000,compliant,Block Requirements,,,false,2,,2026-08-16
"Block Real Estate Services, LLC",69fdf75c62446148bd855fa0,69fded2262446148bd84920d,Argosy Casino & Hotel / The Missouri Gaming Company,69fdefb2fa0b60fcd50d6be7,"bf3944 - Riverside Business Center 3 {Block Income Fund III, LP}",evidenceOfInsurance,Evidence of Insurance,workersCompensation,Workers' Compensation and Employer's Liability,evidenceOfInsuranceWorkersCompensationStatutoryLimits,Statutory Limits,,matchOnce,must be present,,Present,compliant,Block Requirements,,,false,2,,2026-08-16
"Block Real Estate Services, LLC",69fdf75c62446148bd855fa0,69fded2262446148bd84920d,Argosy Casino & Hotel / The Missouri Gaming Company,69fdefb2fa0b60fcd50d6be7,"bf3944 - Riverside Business Center 3 {Block Income Fund III, LP}",evidenceOfInsurance,Evidence of Insurance,workersCompensation,Workers' Compensation and Employer's Liability,evidenceOfInsuranceWorkersCompensationEmployersLiabilityEachAccident,Employer's Liability Each Accident,,matchOnce,must be greater or equal to,500000,1000000,compliant,Block Requirements,,,false,2,,2026-08-16
"Block Real Estate Services, LLC",69fdf75c62446148bd855fa0,69fded2262446148bd84920d,Argosy Casino & Hotel / The Missouri Gaming Company,69fdefb2fa0b60fcd50d6be7,"bf3944 - Riverside Business Center 3 {Block Income Fund III, LP}",evidenceOfInsurance,Evidence of Insurance,workersCompensation,Workers' Compensation and Employer's Liability,evidenceOfInsuranceWorkersCompensationEmployersLiabilityDiseaseEachEmployee,Employer's Liability Disease - each employee,,matchOnce,must be greater or equal to,500000,1000000,compliant,Block Requirements,,,false,2,,2026-08-16
"Block Real Estate Services, LLC",69fdf75c62446148bd855fa0,69fded2262446148bd84920d,Argosy Casino & Hotel / The Missouri Gaming Company,69fdefb2fa0b60fcd50d6be7,"bf3944 - Riverside Business Center 3 {Block Income Fund III, LP}",evidenceOfInsurance,Evidence of Insurance,workersCompensation,Workers' Compensation and Employer's Liability,evidenceOfInsuranceWorkersCompensationEmployersLiabilityDiseasePolicyLimit,Employer's Liability Disease - policy limit,,matchOnce,must be greater or equal to,500000,1000000,compliant,Block Requirements,,,false,2,,2026-08-16
"Block Real Estate Services, LLC",69fdf75c62446148bd855fa0,69fded2262446148bd84920d,Argosy Casino & Hotel / The Missouri Gaming Company,69fdefb2fa0b60fcd50d6be7,"bf3944 - Riverside Business Center 3 {Block Income Fund III, LP}",evidenceOfInsurance,Evidence of Insurance,workersCompensation,Workers' Compensation and Employer's Liability,evidenceOfInsuranceWorkersCompensationWaiverOfSubrogationEndorsement,Waiver of Subrogation,"---prompt---
Determine if the insurer has waived their right of subrogation in favor of the certificate holder under the Workers' Compensation policy. Evidence may include: a checked ""Waiver of Subrogation"" box on the certificate, mention in the Description of Operations section stating ""waiver of subrogation applies"", or reference to form WC 00 03 13. Look for language like ""subrogation is waived"" or ""per written contract"".",matchOnce,must be present,,Present,compliant,Block Requirements,,,false,2,,2026-08-16
"Block Real Estate Services, LLC",69fdf75c62446148bd855fa0,69fded2262446148bd84920d,Argosy Casino & Hotel / The Missouri Gaming Company,69fdefb2fa0b60fcd50d6be7,"bf3944 - Riverside Business Center 3 {Block Income Fund III, LP}",evidenceOfInsurance,Evidence of Insurance,6ac20aae-5728-5d57-b364-aeba38527dba,Additional Requirements,4da5b0f1-4c9d-5885-8cf8-5d3cccaed3e0,"Block Real Estate Services, LLC and all others required by contract are named as Additional Insureds","---prompt---
Determine if the Description of Operations or the Additional Remarks Schedule section states the ""Additional Insured as Construction Management, Inc. and all others required by contract"" or reference to blanket additional insured coverage. Look for language like ""certificate holder is additional insured"" or ""per written contract"".",matchOnce,must be present,,Present,compliant,Block Requirements,,,true,2,,2026-08-16
"Block Real Estate Services, LLC",69fdf75c62446148bd855fa0,69fded2262446148bd84920d,Argosy Casino & Hotel / The Missouri Gaming Company,69fdefb2fa0b60fcd50d6be7,"bf3944 - Riverside Business Center 3 {Block Income Fund III, LP}",evidenceOfInsurance,Evidence of Insurance,6ac20aae-5728-5d57-b364-aeba38527dba,Additional Requirements,e1017741-e47e-5f58-97b8-fbc3043e919f,Umbrella follows form over General Liability,"---prompt---
Determine if the Umbrella/Excess Liability policy follows form to the underlying policies. Evidence may include: language in the Description of Operations section stating the umbrella follows form to underlying coverages or an additional page endorsement stating that it follows form. Follow form means the umbrella policy adopts the same terms, conditions, and exclusions as the underlying policies.",matchOnce,must be present,,Present,compliant,Block Requirements,,,true,2,,2026-08-16
"Block Real Estate Services, LLC",69fdf75c62446148bd855fa0,69fded2262446148bd84920d,Argosy Casino & Hotel / The Missouri Gaming Company,69fdefb2fa0b60fcd50d6be7,"bf3944 - Riverside Business Center 3 {Block Income Fund III, LP}",evidenceOfInsurance,Evidence of Insurance,6ac20aae-5728-5d57-b364-aeba38527dba,Additional Requirements,2cdd866f-c9a4-576a-afd8-1d045762790c,"The location must be listed as: 216, 220 NW Plaza Drive, Riverside, MO, 64150",,matchOnce,must be present,,Present,compliant,Block Requirements,,,true,2,,2026-08-16
"Block Real Estate Services, LLC",69fdf75c62446148bd855fa0,69fded2262446148bd84920d,Argosy Casino & Hotel / The Missouri Gaming Company,69fdefb2fa0b60fcd50d6be7,"bf3944 - Riverside Business Center 3 {Block Income Fund III, LP}",evidenceOfInsurance,Evidence of Insurance,6ac20aae-5728-5d57-b364-aeba38527dba,Additional Requirements,3649e9d1-4e09-59bf-8f30-cb33c40cf117,"Certificate Holder must read: c/o Block Real Estate Services, LLC, 4622 Pennsylvania St., Suite 700, Kansas City, MO, 64112",,matchOnce,must be present,,Present,compliant,Block Requirements,,,true,2,,2026-08-16
"Block Real Estate Services, LLC",69fdf75c62446148bd855f9e,69fded1e62446148bd84909f,Polaris Pharmacy Services of Missouri,69fdefb2fa0b60fcd50d6be7,"bf3944 - Riverside Business Center 3 {Block Income Fund III, LP}",evidenceOfInsurance,Evidence of Insurance,commercialGeneralLiability,Commercial General Liability,evidenceOfInsuranceCommercialGeneralLiabilityCoverageTriggerOccurrence,Coverage Trigger: Occurrence,,matchOnce,must be present,,,non_compliant,Block Requirements,,,false,0,,2026-08-16
"Block Real Estate Services, LLC",69fdf75c62446148bd855f9e,69fded1e62446148bd84909f,Polaris Pharmacy Services of Missouri,69fdefb2fa0b60fcd50d6be7,"bf3944 - Riverside Business Center 3 {Block Income Fund III, LP}",evidenceOfInsurance,Evidence of Insurance,commercialGeneralLiability,Commercial General Liability,evidenceOfInsuranceCommercialGeneralLiabilityGeneralAggregateLimitAppliesPerLocation,General Aggregate Limit Applies per: Location,,matchOnce,must be present,,Present,compliant,Block Requirements,,,false,2,,2026-08-16
"Block Real Estate Services, LLC",69fdf75c62446148bd855f9e,69fded1e62446148bd84909f,Polaris Pharmacy Services of Missouri,69fdefb2fa0b60fcd50d6be7,"bf3944 - Riverside Business Center 3 {Block Income Fund III, LP}",evidenceOfInsurance,Evidence of Insurance,commercialGeneralLiability,Commercial General Liability,evidenceOfInsuranceCommercialGeneralLiabilityEachOccurrence,Each Occurrence,,matchOnce,must be greater or equal to,1000000,1000000,compliant,Block Requirements,,,false,2,,2026-08-16
"Block Real Estate Services, LLC",69fdf75c62446148bd855f9e,69fded1e62446148bd84909f,Polaris Pharmacy Services of Missouri,69fdefb2fa0b60fcd50d6be7,"bf3944 - Riverside Business Center 3 {Block Income Fund III, LP}",evidenceOfInsurance,Evidence of Insurance,commercialGeneralLiability,Commercial General Liability,evidenceOfInsuranceCommercialGeneralLiabilityGeneralAggregate,General Aggregate,,matchOnce,must be greater or equal to,2000000,3000000,compliant,Block Requirements,,,false,2,,2026-08-16
"Block Real Estate Services, LLC",69fdf75c62446148bd855f9e,69fded1e62446148bd84909f,Polaris Pharmacy Services of Missouri,69fdefb2fa0b60fcd50d6be7,"bf3944 - Riverside Business Center 3 {Block Income Fund III, LP}",evidenceOfInsurance,Evidence of Insurance,commercialGeneralLiability,Commercial General Liability,evidenceOfInsuranceCommercialGeneralLiabilityWaiverOfSubrogationEndorsement,Waiver of Subrogation,"---prompt---
Determine if the insurer has waived their right of subrogation in favor of the certificate holder under the Commercial General Liability policy. Evidence may include: a checked ""Waiver of Subrogation"" box on the certificate, mention in the Description of Operations section stating ""waiver of subrogation applies"", or reference to form CG 24 04. Look for language like ""subrogation is waived"" or ""per written contract"".",matchOnce,must be present,,Present,compliant,Block Requirements,,,false,2,,2026-08-16
"Block Real Estate Services, LLC",69fdf75c62446148bd855f9e,69fded1e62446148bd84909f,Polaris Pharmacy Services of Missouri,69fdefb2fa0b60fcd50d6be7,"bf3944 - Riverside Business Center 3 {Block Income Fund III, LP}",evidenceOfInsurance,Evidence of Insurance,excessOrUmbrellaLiability,Umbrella/Excess Liability,evidenceOfInsuranceExcessOrUmbrellaLiabilityOccurence,Coverage Trigger: Occurrence,,matchOnce,must be present,,,non_compliant,Block Requirements,,,false,0,,2026-08-16
"Block Real Estate Services, LLC",69fdf75c62446148bd855f9e,69fded1e62446148bd84909f,Polaris Pharmacy Services of Missouri,69fdefb2fa0b60fcd50d6be7,"bf3944 - Riverside Business Center 3 {Block Income Fund III, LP}",evidenceOfInsurance,Evidence of Insurance,excessOrUmbrellaLiability,Umbrella/Excess Liability,evidenceOfInsuranceExcessOrUmbrellaLiabilityEachOccurrence,Each Occurrence,,matchOnce,must be greater or equal to,1000000,10000000,compliant,Block Requirements,,,false,2,,2026-08-16
"Block Real Estate Services, LLC",69fdf75c62446148bd855f9e,69fded1e62446148bd84909f,Polaris Pharmacy Services of Missouri,69fdefb2fa0b60fcd50d6be7,"bf3944 - Riverside Business Center 3 {Block Income Fund III, LP}",evidenceOfInsurance,Evidence of Insurance,excessOrUmbrellaLiability,Umbrella/Excess Liability,evidenceOfInsuranceExcessOrUmbrellaLiabilityAggregate,Aggregate,,matchOnce,must be greater or equal to,1000000,10000000,compliant,Block Requirements,,,false,2,,2026-08-16
"Block Real Estate Services, LLC",69fdf75c62446148bd855f9e,69fded1e62446148bd84909f,Polaris Pharmacy Services of Missouri,69fdefb2fa0b60fcd50d6be7,"bf3944 - Riverside Business Center 3 {Block Income Fund III, LP}",evidenceOfInsurance,Evidence of Insurance,workersCompensation,Workers' Compensation and Employer's Liability,evidenceOfInsuranceWorkersCompensationStatutoryLimits,Statutory Limits,,matchOnce,must be present,,Present,compliant,Block Requirements,,,false,1,,2026-08-16
"Block Real Estate Services, LLC",69fdf75c62446148bd855f9e,69fded1e62446148bd84909f,Polaris Pharmacy Services of Missouri,69fdefb2fa0b60fcd50d6be7,"bf3944 - Riverside Business Center 3 {Block Income Fund III, LP}",evidenceOfInsurance,Evidence of Insurance,workersCompensation,Workers' Compensation and Employer's Liability,evidenceOfInsuranceWorkersCompensationEmployersLiabilityEachAccident,Employer's Liability Each Accident,,matchOnce,must be greater or equal to,500000,1000000,compliant,Block Requirements,,,false,1,,2026-08-16
"Block Real Estate Services, LLC",69fdf75c62446148bd855f9e,69fded1e62446148bd84909f,Polaris Pharmacy Services of Missouri,69fdefb2fa0b60fcd50d6be7,"bf3944 - Riverside Business Center 3 {Block Income Fund III, LP}",evidenceOfInsurance,Evidence of Insurance,workersCompensation,Workers' Compensation and Employer's Liability,evidenceOfInsuranceWorkersCompensationEmployersLiabilityDiseaseEachEmployee,Employer's Liability Disease - each employee,,matchOnce,must be greater or equal to,500000,1000000,compliant,Block Requirements,,,false,1,,2026-08-16
"Block Real Estate Services, LLC",69fdf75c62446148bd855f9e,69fded1e62446148bd84909f,Polaris Pharmacy Services of Missouri,69fdefb2fa0b60fcd50d6be7,"bf3944 - Riverside Business Center 3 {Block Income Fund III, LP}",evidenceOfInsurance,Evidence of Insurance,workersCompensation,Workers' Compensation and Employer's Liability,evidenceOfInsuranceWorkersCompensationEmployersLiabilityDiseasePolicyLimit,Employer's Liability Disease - policy limit,,matchOnce,must be greater or equal to,500000,1000000,compliant,Block Requirements,,,false,1,,2026-08-16
"Block Real Estate Services, LLC",69fdf75c62446148bd855f9e,69fded1e62446148bd84909f,Polaris Pharmacy Services of Missouri,69fdefb2fa0b60fcd50d6be7,"bf3944 - Riverside Business Center 3 {Block Income Fund III, LP}",evidenceOfInsurance,Evidence of Insurance,workersCompensation,Workers' Compensation and Employer's Liability,evidenceOfInsuranceWorkersCompensationWaiverOfSubrogationEndorsement,Waiver of Subrogation,"---prompt---
Determine if the insurer has waived their right of subrogation in favor of the certificate holder under the Workers' Compensation policy. Evidence may include: a checked ""Waiver of Subrogation"" box on the certificate, mention in the Description of Operations section stating ""waiver of subrogation applies"", or reference to form WC 00 03 13. Look for language like ""subrogation is waived"" or ""per written contract"".",matchOnce,must be present,,,waived,Block Requirements,WoS for WC not available in the state of MO,,false,0,,2026-08-16
"Block Real Estate Services, LLC",69fdf75c62446148bd855f9e,69fded1e62446148bd84909f,Polaris Pharmacy Services of Missouri,69fdefb2fa0b60fcd50d6be7,"bf3944 - Riverside Business Center 3 {Block Income Fund III, LP}",evidenceOfInsurance,Evidence of Insurance,6ac20aae-5728-5d57-b364-aeba38527dba,Additional Requirements,4da5b0f1-4c9d-5885-8cf8-5d3cccaed3e0,"Block Real Estate Services, LLC and all others required by contract are named as Additional Insureds","---prompt---
Determine if the Description of Operations or the Additional Remarks Schedule section states the ""Additional Insured as Construction Management, Inc. and all others required by contract"" or reference to blanket additional insured coverage. Look for language like ""certificate holder is additional insured"" or ""per written contract"".",matchOnce,must be present,,Present,compliant,Block Requirements,,,true,2,,2026-08-16
"Block Real Estate Services, LLC",69fdf75c62446148bd855f9e,69fded1e62446148bd84909f,Polaris Pharmacy Services of Missouri,69fdefb2fa0b60fcd50d6be7,"bf3944 - Riverside Business Center 3 {Block Income Fund III, LP}",evidenceOfInsurance,Evidence of Insurance,6ac20aae-5728-5d57-b364-aeba38527dba,Additional Requirements,e1017741-e47e-5f58-97b8-fbc3043e919f,Umbrella follows form over General Liability,"---prompt---
Determine if the Umbrella/Excess Liability policy follows form to the underlying policies. Evidence may include: language in the Description of Operations section stating the umbrella follows form to underlying coverages or an additional page endorsement stating that it follows form. Follow form means the umbrella policy adopts the same terms, conditions, and exclusions as the underlying policies.",matchOnce,must be present,,Present,compliant,Block Requirements,,,true,2,,2026-08-16
"Block Real Estate Services, LLC",69fdf75c62446148bd855f9e,69fded1e62446148bd84909f,Polaris Pharmacy Services of Missouri,69fdefb2fa0b60fcd50d6be7,"bf3944 - Riverside Business Center 3 {Block Income Fund III, LP}",evidenceOfInsurance,Evidence of Insurance,6ac20aae-5728-5d57-b364-aeba38527dba,Additional Requirements,2cdd866f-c9a4-576a-afd8-1d045762790c,"The location must be listed as: 200, 202 NW Plaza Drive, Riverside, MO, 64150",,matchOnce,must be present,,Present,compliant,Block Requirements,,,true,1,,2026-08-16
"Block Real Estate Services, LLC",69fdf75c62446148bd855f9e,69fded1e62446148bd84909f,Polaris Pharmacy Services of Missouri,69fdefb2fa0b60fcd50d6be7,"bf3944 - Riverside Business Center 3 {Block Income Fund III, LP}",evidenceOfInsurance,Evidence of Insurance,6ac20aae-5728-5d57-b364-aeba38527dba,Additional Requirements,3649e9d1-4e09-59bf-8f30-cb33c40cf117,"Certificate Holder must read: c/o Block Real Estate Services, LLC, 4622 Pennsylvania St., Suite 700, Kansas City, MO, 64112",,matchOnce,must be present,,Present,compliant,Block Requirements,,,true,2,,2026-08-16
"Block Real Estate Services, LLC",6a184aa8dbcac4598a6890d1,69fded1062446148bd848c25,"Buckeye Cleaning Center KC / Buckeye International, Inc.",69fdefb2fa0b60fcd50d6be7,"bf3944 - Riverside Business Center 3 {Block Income Fund III, LP}",evidenceOfInsurance,Evidence of Insurance,commercialGeneralLiability,Commercial General Liability,evidenceOfInsuranceCommercialGeneralLiabilityCoverageTriggerOccurrence,Coverage Trigger: Occurrence,,matchOnce,must be present,,Present,compliant,Block Requirements,,,false,1,,2026-08-16
"Block Real Estate Services, LLC",6a184aa8dbcac4598a6890d1,69fded1062446148bd848c25,"Buckeye Cleaning Center KC / Buckeye International, Inc.",69fdefb2fa0b60fcd50d6be7,"bf3944 - Riverside Business Center 3 {Block Income Fund III, LP}",evidenceOfInsurance,Evidence of Insurance,commercialGeneralLiability,Commercial General Liability,evidenceOfInsuranceCommercialGeneralLiabilityGeneralAggregateLimitAppliesPerLocation,General Aggregate Limit Applies per: Location,,matchOnce,must be present,,Present,compliant,Block Requirements,,,false,1,,2026-08-16
"Block Real Estate Services, LLC",6a184aa8dbcac4598a6890d1,69fded1062446148bd848c25,"Buckeye Cleaning Center KC / Buckeye International, Inc.",69fdefb2fa0b60fcd50d6be7,"bf3944 - Riverside Business Center 3 {Block Income Fund III, LP}",evidenceOfInsurance,Evidence of Insurance,commercialGeneralLiability,Commercial General Liability,evidenceOfInsuranceCommercialGeneralLiabilityEachOccurrence,Each Occurrence,,matchOnce,must be greater or equal to,1000000,2000000,compliant,Block Requirements,,,false,1,,2026-08-16
"Block Real Estate Services, LLC",6a184aa8dbcac4598a6890d1,69fded1062446148bd848c25,"Buckeye Cleaning Center KC / Buckeye International, Inc.",69fdefb2fa0b60fcd50d6be7,"bf3944 - Riverside Business Center 3 {Block Income Fund III, LP}",evidenceOfInsurance,Evidence of Insurance,commercialGeneralLiability,Commercial General Liability,evidenceOfInsuranceCommercialGeneralLiabilityGeneralAggregate,General Aggregate,,matchOnce,must be greater or equal to,2000000,4000000,compliant,Block Requirements,,,false,1,,2026-08-16
"Block Real Estate Services, LLC",6a184aa8dbcac4598a6890d1,69fded1062446148bd848c25,"Buckeye Cleaning Center KC / Buckeye International, Inc.",69fdefb2fa0b60fcd50d6be7,"bf3944 - Riverside Business Center 3 {Block Income Fund III, LP}",evidenceOfInsurance,Evidence of Insurance,commercialGeneralLiability,Commercial General Liability,evidenceOfInsuranceCommercialGeneralLiabilityWaiverOfSubrogationEndorsement,Waiver of Subrogation,"---prompt---
Determine if the insurer has waived their right of subrogation in favor of the certificate holder under the Commercial General Liability policy. Evidence may include: a checked ""Waiver of Subrogation"" box on the certificate, mention in the Description of Operations section stating ""waiver of subrogation applies"", or reference to form CG 24 04. Look for language like ""subrogation is waived"" or ""per written contract"".",matchOnce,must be present,,Present,compliant,Block Requirements,,,false,1,,2026-08-16
"Block Real Estate Services, LLC",6a184aa8dbcac4598a6890d1,69fded1062446148bd848c25,"Buckeye Cleaning Center KC / Buckeye International, Inc.",69fdefb2fa0b60fcd50d6be7,"bf3944 - Riverside Business Center 3 {Block Income Fund III, LP}",evidenceOfInsurance,Evidence of Insurance,excessOrUmbrellaLiability,Umbrella/Excess Liability,evidenceOfInsuranceExcessOrUmbrellaLiabilityOccurence,Coverage Trigger: Occurrence,,matchOnce,must be present,,Present,compliant,Block Requirements,,,false,1,,2026-08-16
"Block Real Estate Services, LLC",6a184aa8dbcac4598a6890d1,69fded1062446148bd848c25,"Buckeye Cleaning Center KC / Buckeye International, Inc.",69fdefb2fa0b60fcd50d6be7,"bf3944 - Riverside Business Center 3 {Block Income Fund III, LP}",evidenceOfInsurance,Evidence of Insurance,excessOrUmbrellaLiability,Umbrella/Excess Liability,evidenceOfInsuranceExcessOrUmbrellaLiabilityEachOccurrence,Each Occurrence,,matchOnce,must be greater or equal to,1000000,4000000,compliant,Block Requirements,,,false,1,,2026-08-16
"Block Real Estate Services, LLC",6a184aa8dbcac4598a6890d1,69fded1062446148bd848c25,"Buckeye Cleaning Center KC / Buckeye International, Inc.",69fdefb2fa0b60fcd50d6be7,"bf3944 - Riverside Business Center 3 {Block Income Fund III, LP}",evidenceOfInsurance,Evidence of Insurance,excessOrUmbrellaLiability,Umbrella/Excess Liability,evidenceOfInsuranceExcessOrUmbrellaLiabilityAggregate,Aggregate,,matchOnce,must be greater or equal to,1000000,4000000,compliant,Block Requirements,,,false,1,,2026-08-16
"Block Real Estate Services, LLC",6a184aa8dbcac4598a6890d1,69fded1062446148bd848c25,"Buckeye Cleaning Center KC / Buckeye International, Inc.",69fdefb2fa0b60fcd50d6be7,"bf3944 - Riverside Business Center 3 {Block Income Fund III, LP}",evidenceOfInsurance,Evidence of Insurance,workersCompensation,Workers' Compensation and Employer's Liability,evidenceOfInsuranceWorkersCompensationStatutoryLimits,Statutory Limits,,matchOnce,must be present,,Present,compliant,Block Requirements,,,false,1,,2026-08-16
"Block Real Estate Services, LLC",6a184aa8dbcac4598a6890d1,69fded1062446148bd848c25,"Buckeye Cleaning Center KC / Buckeye International, Inc.",69fdefb2fa0b60fcd50d6be7,"bf3944 - Riverside Business Center 3 {Block Income Fund III, LP}",evidenceOfInsurance,Evidence of Insurance,workersCompensation,Workers' Compensation and Employer's Liability,evidenceOfInsuranceWorkersCompensationEmployersLiabilityEachAccident,Employer's Liability Each Accident,,matchOnce,must be greater or equal to,500000,2000000,compliant,Block Requirements,,,false,1,,2026-08-16
"Block Real Estate Services, LLC",6a184aa8dbcac4598a6890d1,69fded1062446148bd848c25,"Buckeye Cleaning Center KC / Buckeye International, Inc.",69fdefb2fa0b60fcd50d6be7,"bf3944 - Riverside Business Center 3 {Block Income Fund III, LP}",evidenceOfInsurance,Evidence of Insurance,workersCompensation,Workers' Compensation and Employer's Liability,evidenceOfInsuranceWorkersCompensationEmployersLiabilityDiseaseEachEmployee,Employer's Liability Disease - each employee,,matchOnce,must be greater or equal to,500000,2000000,compliant,Block Requirements,,,false,1,,2026-08-16
"Block Real Estate Services, LLC",6a184aa8dbcac4598a6890d1,69fded1062446148bd848c25,"Buckeye Cleaning Center KC / Buckeye International, Inc.",69fdefb2fa0b60fcd50d6be7,"bf3944 - Riverside Business Center 3 {Block Income Fund III, LP}",evidenceOfInsurance,Evidence of Insurance,workersCompensation,Workers' Compensation and Employer's Liability,evidenceOfInsuranceWorkersCompensationEmployersLiabilityDiseasePolicyLimit,Employer's Liability Disease - policy limit,,matchOnce,must be greater or equal to,500000,2000000,compliant,Block Requirements,,,false,1,,2026-08-16
"Block Real Estate Services, LLC",6a184aa8dbcac4598a6890d1,69fded1062446148bd848c25,"Buckeye Cleaning Center KC / Buckeye International, Inc.",69fdefb2fa0b60fcd50d6be7,"bf3944 - Riverside Business Center 3 {Block Income Fund III, LP}",evidenceOfInsurance,Evidence of Insurance,workersCompensation,Workers' Compensation and Employer's Liability,evidenceOfInsuranceWorkersCompensationWaiverOfSubrogationEndorsement,Waiver of Subrogation,"---prompt---
Determine if the insurer has waived their right of subrogation in favor of the certificate holder under the Workers' Compensation policy. Evidence may include: a checked ""Waiver of Subrogation"" box on the certificate, mention in the Description of Operations section stating ""waiver of subrogation applies"", or reference to form WC 00 03 13. Look for language like ""subrogation is waived"" or ""per written contract"".",matchOnce,must be present,,Present,compliant,Block Requirements,,,false,1,,2026-08-16
"Block Real Estate Services, LLC",6a184aa8dbcac4598a6890d1,69fded1062446148bd848c25,"Buckeye Cleaning Center KC / Buckeye International, Inc.",69fdefb2fa0b60fcd50d6be7,"bf3944 - Riverside Business Center 3 {Block Income Fund III, LP}",evidenceOfInsurance,Evidence of Insurance,6ac20aae-5728-5d57-b364-aeba38527dba,Additional Requirements,4da5b0f1-4c9d-5885-8cf8-5d3cccaed3e0,"Block Real Estate Services, LLC and all others required by contract are named as Additional Insureds","---prompt---
Determine if the Description of Operations or the Additional Remarks Schedule section states the ""Additional Insured as Construction Management, Inc. and all others required by contract"" or reference to blanket additional insured coverage. Look for language like ""certificate holder is additional insured"" or ""per written contract"".",matchOnce,must be present,,Present,compliant,Block Requirements,,,true,1,,2026-08-16
"Block Real Estate Services, LLC",6a184aa8dbcac4598a6890d1,69fded1062446148bd848c25,"Buckeye Cleaning Center KC / Buckeye International, Inc.",69fdefb2fa0b60fcd50d6be7,"bf3944 - Riverside Business Center 3 {Block Income Fund III, LP}",evidenceOfInsurance,Evidence of Insurance,6ac20aae-5728-5d57-b364-aeba38527dba,Additional Requirements,e1017741-e47e-5f58-97b8-fbc3043e919f,Umbrella follows form over General Liability,"---prompt---
Determine if the Umbrella/Excess Liability policy follows form to the underlying policies. Evidence may include: language in the Description of Operations section stating the umbrella follows form to underlying coverages or an additional page endorsement stating that it follows form. Follow form means the umbrella policy adopts the same terms, conditions, and exclusions as the underlying policies.",matchOnce,must be present,,Present,compliant,Block Requirements,,,true,1,,2026-08-16
"Block Real Estate Services, LLC",6a184aa8dbcac4598a6890d1,69fded1062446148bd848c25,"Buckeye Cleaning Center KC / Buckeye International, Inc.",69fdefb2fa0b60fcd50d6be7,"bf3944 - Riverside Business Center 3 {Block Income Fund III, LP}",evidenceOfInsurance,Evidence of Insurance,6ac20aae-5728-5d57-b364-aeba38527dba,Additional Requirements,2cdd866f-c9a4-576a-afd8-1d045762790c,"The location must be listed as: 244 NW Plaza Drive, Riverside, MO, 64150",,matchOnce,must be present,,Present,compliant,Block Requirements,,,true,1,,2026-08-16
"Block Real Estate Services, LLC",6a184aa8dbcac4598a6890d1,69fded1062446148bd848c25,"Buckeye Cleaning Center KC / Buckeye International, Inc.",69fdefb2fa0b60fcd50d6be7,"bf3944 - Riverside Business Center 3 {Block Income Fund III, LP}",evidenceOfInsurance,Evidence of Insurance,6ac20aae-5728-5d57-b364-aeba38527dba,Additional Requirements,3649e9d1-4e09-59bf-8f30-cb33c40cf117,"Certificate Holder must read: c/o Block Real Estate Services, LLC, 4622 Pennsylvania St., Suite 700, Kansas City, MO, 64112",,matchOnce,must be present,,Present,compliant,Block Requirements,,,true,1,,2026-08-16
"Block Real Estate Services, LLC",6a184add6b1e29a28e503ae1,69fded2262446148bd84920d,Argosy Casino & Hotel / The Missouri Gaming Company,69fdefb2fa0b60fcd50d6be7,"bf3944 - Riverside Business Center 3 {Block Income Fund III, LP}",evidenceOfInsurance,Evidence of Insurance,commercialGeneralLiability,Commercial General Liability,evidenceOfInsuranceCommercialGeneralLiabilityCoverageTriggerOccurrence,Coverage Trigger: Occurrence,,matchOnce,must be present,,Present,compliant,Block Requirements,,,false,1,,2026-08-16
"Block Real Estate Services, LLC",6a184add6b1e29a28e503ae1,69fded2262446148bd84920d,Argosy Casino & Hotel / The Missouri Gaming Company,69fdefb2fa0b60fcd50d6be7,"bf3944 - Riverside Business Center 3 {Block Income Fund III, LP}",evidenceOfInsurance,Evidence of Insurance,commercialGeneralLiability,Commercial General Liability,evidenceOfInsuranceCommercialGeneralLiabilityGeneralAggregateLimitAppliesPerLocation,General Aggregate Limit Applies per: Location,,matchOnce,must be present,,Present,compliant,Block Requirements,,,false,1,,2026-08-16
"Block Real Estate Services, LLC",6a184add6b1e29a28e503ae1,69fded2262446148bd84920d,Argosy Casino & Hotel / The Missouri Gaming Company,69fdefb2fa0b60fcd50d6be7,"bf3944 - Riverside Business Center 3 {Block Income Fund III, LP}",evidenceOfInsurance,Evidence of Insurance,commercialGeneralLiability,Commercial General Liability,evidenceOfInsuranceCommercialGeneralLiabilityEachOccurrence,Each Occurrence,,matchOnce,must be greater or equal to,1000000,2000000,compliant,Block Requirements,,,false,1,,2026-08-16
"Block Real Estate Services, LLC",6a184add6b1e29a28e503ae1,69fded2262446148bd84920d,Argosy Casino & Hotel / The Missouri Gaming Company,69fdefb2fa0b60fcd50d6be7,"bf3944 - Riverside Business Center 3 {Block Income Fund III, LP}",evidenceOfInsurance,Evidence of Insurance,commercialGeneralLiability,Commercial General Liability,evidenceOfInsuranceCommercialGeneralLiabilityGeneralAggregate,General Aggregate,,matchOnce,must be greater or equal to,2000000,4000000,compliant,Block Requirements,,,false,1,,2026-08-16
"Block Real Estate Services, LLC",6a184add6b1e29a28e503ae1,69fded2262446148bd84920d,Argosy Casino & Hotel / The Missouri Gaming Company,69fdefb2fa0b60fcd50d6be7,"bf3944 - Riverside Business Center 3 {Block Income Fund III, LP}",evidenceOfInsurance,Evidence of Insurance,commercialGeneralLiability,Commercial General Liability,evidenceOfInsuranceCommercialGeneralLiabilityWaiverOfSubrogationEndorsement,Waiver of Subrogation,"---prompt---
Determine if the insurer has waived their right of subrogation in favor of the certificate holder under the Commercial General Liability policy. Evidence may include: a checked ""Waiver of Subrogation"" box on the certificate, mention in the Description of Operations section stating ""waiver of subrogation applies"", or reference to form CG 24 04. Look for language like ""subrogation is waived"" or ""per written contract"".",matchOnce,must be present,,Present,compliant,Block Requirements,,,false,1,,2026-08-16
"Block Real Estate Services, LLC",6a184add6b1e29a28e503ae1,69fded2262446148bd84920d,Argosy Casino & Hotel / The Missouri Gaming Company,69fdefb2fa0b60fcd50d6be7,"bf3944 - Riverside Business Center 3 {Block Income Fund III, LP}",evidenceOfInsurance,Evidence of Insurance,excessOrUmbrellaLiability,Umbrella/Excess Liability,evidenceOfInsuranceExcessOrUmbrellaLiabilityOccurence,Coverage Trigger: Occurrence,,matchOnce,must be present,,Present,compliant,Block Requirements,,,false,1,,2026-08-16
"Block Real Estate Services, LLC",6a184add6b1e29a28e503ae1,69fded2262446148bd84920d,Argosy Casino & Hotel / The Missouri Gaming Company,69fdefb2fa0b60fcd50d6be7,"bf3944 - Riverside Business Center 3 {Block Income Fund III, LP}",evidenceOfInsurance,Evidence of Insurance,excessOrUmbrellaLiability,Umbrella/Excess Liability,evidenceOfInsuranceExcessOrUmbrellaLiabilityEachOccurrence,Each Occurrence,,matchOnce,must be greater or equal to,1000000,10000000,compliant,Block Requirements,,,false,1,,2026-08-16
"Block Real Estate Services, LLC",6a184add6b1e29a28e503ae1,69fded2262446148bd84920d,Argosy Casino & Hotel / The Missouri Gaming Company,69fdefb2fa0b60fcd50d6be7,"bf3944 - Riverside Business Center 3 {Block Income Fund III, LP}",evidenceOfInsurance,Evidence of Insurance,excessOrUmbrellaLiability,Umbrella/Excess Liability,evidenceOfInsuranceExcessOrUmbrellaLiabilityAggregate,Aggregate,,matchOnce,must be greater or equal to,1000000,10000000,compliant,Block Requirements,,,false,1,,2026-08-16
"Block Real Estate Services, LLC",6a184add6b1e29a28e503ae1,69fded2262446148bd84920d,Argosy Casino & Hotel / The Missouri Gaming Company,69fdefb2fa0b60fcd50d6be7,"bf3944 - Riverside Business Center 3 {Block Income Fund III, LP}",evidenceOfInsurance,Evidence of Insurance,workersCompensation,Workers' Compensation and Employer's Liability,evidenceOfInsuranceWorkersCompensationStatutoryLimits,Statutory Limits,,matchOnce,must be present,,Present,compliant,Block Requirements,,,false,1,,2026-08-16
"Block Real Estate Services, LLC",6a184add6b1e29a28e503ae1,69fded2262446148bd84920d,Argosy Casino & Hotel / The Missouri Gaming Company,69fdefb2fa0b60fcd50d6be7,"bf3944 - Riverside Business Center 3 {Block Income Fund III, LP}",evidenceOfInsurance,Evidence of Insurance,workersCompensation,Workers' Compensation and Employer's Liability,evidenceOfInsuranceWorkersCompensationEmployersLiabilityEachAccident,Employer's Liability Each Accident,,matchOnce,must be greater or equal to,500000,1000000,compliant,Block Requirements,,,false,1,,2026-08-16
"Block Real Estate Services, LLC",6a184add6b1e29a28e503ae1,69fded2262446148bd84920d,Argosy Casino & Hotel / The Missouri Gaming Company,69fdefb2fa0b60fcd50d6be7,"bf3944 - Riverside Business Center 3 {Block Income Fund III, LP}",evidenceOfInsurance,Evidence of Insurance,workersCompensation,Workers' Compensation and Employer's Liability,evidenceOfInsuranceWorkersCompensationEmployersLiabilityDiseaseEachEmployee,Employer's Liability Disease - each employee,,matchOnce,must be greater or equal to,500000,1000000,compliant,Block Requirements,,,false,1,,2026-08-16
"Block Real Estate Services, LLC",6a184add6b1e29a28e503ae1,69fded2262446148bd84920d,Argosy Casino & Hotel / The Missouri Gaming Company,69fdefb2fa0b60fcd50d6be7,"bf3944 - Riverside Business Center 3 {Block Income Fund III, LP}",evidenceOfInsurance,Evidence of Insurance,workersCompensation,Workers' Compensation and Employer's Liability,evidenceOfInsuranceWorkersCompensationEmployersLiabilityDiseasePolicyLimit,Employer's Liability Disease - policy limit,,matchOnce,must be greater or equal to,500000,1000000,compliant,Block Requirements,,,false,1,,2026-08-16
"Block Real Estate Services, LLC",6a184add6b1e29a28e503ae1,69fded2262446148bd84920d,Argosy Casino & Hotel / The Missouri Gaming Company,69fdefb2fa0b60fcd50d6be7,"bf3944 - Riverside Business Center 3 {Block Income Fund III, LP}",evidenceOfInsurance,Evidence of Insurance,workersCompensation,Workers' Compensation and Employer's Liability,evidenceOfInsuranceWorkersCompensationWaiverOfSubrogationEndorsement,Waiver of Subrogation,"---prompt---
Determine if the insurer has waived their right of subrogation in favor of the certificate holder under the Workers' Compensation policy. Evidence may include: a checked ""Waiver of Subrogation"" box on the certificate, mention in the Description of Operations section stating ""waiver of subrogation applies"", or reference to form WC 00 03 13. Look for language like ""subrogation is waived"" or ""per written contract"".",matchOnce,must be present,,Present,compliant,Block Requirements,,,false,1,,2026-08-16
"Block Real Estate Services, LLC",6a184add6b1e29a28e503ae1,69fded2262446148bd84920d,Argosy Casino & Hotel / The Missouri Gaming Company,69fdefb2fa0b60fcd50d6be7,"bf3944 - Riverside Business Center 3 {Block Income Fund III, LP}",evidenceOfInsurance,Evidence of Insurance,6ac20aae-5728-5d57-b364-aeba38527dba,Additional Requirements,4da5b0f1-4c9d-5885-8cf8-5d3cccaed3e0,"Block Real Estate Services, LLC and all others required by contract are named as Additional Insureds","---prompt---
Determine if the Description of Operations or the Additional Remarks Schedule section states the ""Additional Insured as Construction Management, Inc. and all others required by contract"" or reference to blanket additional insured coverage. Look for language like ""certificate holder is additional insured"" or ""per written contract"".",matchOnce,must be present,,Present,compliant,Block Requirements,,,true,1,,2026-08-16
"Block Real Estate Services, LLC",6a184add6b1e29a28e503ae1,69fded2262446148bd84920d,Argosy Casino & Hotel / The Missouri Gaming Company,69fdefb2fa0b60fcd50d6be7,"bf3944 - Riverside Business Center 3 {Block Income Fund III, LP}",evidenceOfInsurance,Evidence of Insurance,6ac20aae-5728-5d57-b364-aeba38527dba,Additional Requirements,e1017741-e47e-5f58-97b8-fbc3043e919f,Umbrella follows form over General Liability,"---prompt---
Determine if the Umbrella/Excess Liability policy follows form to the underlying policies. Evidence may include: language in the Description of Operations section stating the umbrella follows form to underlying coverages or an additional page endorsement stating that it follows form. Follow form means the umbrella policy adopts the same terms, conditions, and exclusions as the underlying policies.",matchOnce,must be present,,Present,compliant,Block Requirements,,,true,1,,2026-08-16
"Block Real Estate Services, LLC",6a184add6b1e29a28e503ae1,69fded2262446148bd84920d,Argosy Casino & Hotel / The Missouri Gaming Company,69fdefb2fa0b60fcd50d6be7,"bf3944 - Riverside Business Center 3 {Block Income Fund III, LP}",evidenceOfInsurance,Evidence of Insurance,6ac20aae-5728-5d57-b364-aeba38527dba,Additional Requirements,2cdd866f-c9a4-576a-afd8-1d045762790c,"The location must be listed as: 218, 222 NW Plaza Drive, Riverside, MO, 64150",,matchOnce,must be present,,Present,compliant,Block Requirements,,,true,1,,2026-08-16
"Block Real Estate Services, LLC",6a184add6b1e29a28e503ae1,69fded2262446148bd84920d,Argosy Casino & Hotel / The Missouri Gaming Company,69fdefb2fa0b60fcd50d6be7,"bf3944 - Riverside Business Center 3 {Block Income Fund III, LP}",evidenceOfInsurance,Evidence of Insurance,6ac20aae-5728-5d57-b364-aeba38527dba,Additional Requirements,3649e9d1-4e09-59bf-8f30-cb33c40cf117,"Certificate Holder must read: c/o Block Real Estate Services, LLC, 4622 Pennsylvania St., Suite 700, Kansas City, MO, 64112",,matchOnce,must be present,,Present,compliant,Block Requirements,,,true,1,,2026-08-16
"Block Real Estate Services, LLC",6a46b0bde66a43338bce244a,69fded0f62446148bd848bd7,BDM Inc,69fdefb2fa0b60fcd50d6be7,"bf3944 - Riverside Business Center 3 {Block Income Fund III, LP}",evidenceOfInsurance,Evidence of Insurance,commercialGeneralLiability,Commercial General Liability,evidenceOfInsuranceCommercialGeneralLiabilityCoverageTriggerOccurrence,Coverage Trigger: Occurrence,,matchOnce,must be present,,Present,compliant,Block Requirements,,,false,1,,2026-08-16
"Block Real Estate Services, LLC",6a46b0bde66a43338bce244a,69fded0f62446148bd848bd7,BDM Inc,69fdefb2fa0b60fcd50d6be7,"bf3944 - Riverside Business Center 3 {Block Income Fund III, LP}",evidenceOfInsurance,Evidence of Insurance,commercialGeneralLiability,Commercial General Liability,evidenceOfInsuranceCommercialGeneralLiabilityGeneralAggregateLimitAppliesPerLocation,General Aggregate Limit Applies per: Location,,matchOnce,must be present,,,non_compliant,Block Requirements,,,false,0,,2026-08-16
"Block Real Estate Services, LLC",6a46b0bde66a43338bce244a,69fded0f62446148bd848bd7,BDM Inc,69fdefb2fa0b60fcd50d6be7,"bf3944 - Riverside Business Center 3 {Block Income Fund III, LP}",evidenceOfInsurance,Evidence of Insurance,commercialGeneralLiability,Commercial General Liability,evidenceOfInsuranceCommercialGeneralLiabilityEachOccurrence,Each Occurrence,,matchOnce,must be greater or equal to,1000000,1000000,compliant,Block Requirements,,,false,1,,2026-08-16
"Block Real Estate Services, LLC",6a46b0bde66a43338bce244a,69fded0f62446148bd848bd7,BDM Inc,69fdefb2fa0b60fcd50d6be7,"bf3944 - Riverside Business Center 3 {Block Income Fund III, LP}",evidenceOfInsurance,Evidence of Insurance,commercialGeneralLiability,Commercial General Liability,evidenceOfInsuranceCommercialGeneralLiabilityGeneralAggregate,General Aggregate,,matchOnce,must be greater or equal to,2000000,2000000,compliant,Block Requirements,,,false,1,,2026-08-16
"Block Real Estate Services, LLC",6a46b0bde66a43338bce244a,69fded0f62446148bd848bd7,BDM Inc,69fdefb2fa0b60fcd50d6be7,"bf3944 - Riverside Business Center 3 {Block Income Fund III, LP}",evidenceOfInsurance,Evidence of Insurance,commercialGeneralLiability,Commercial General Liability,evidenceOfInsuranceCommercialGeneralLiabilityWaiverOfSubrogationEndorsement,Waiver of Subrogation,"---prompt---
Determine if the insurer has waived their right of subrogation in favor of the certificate holder under the Commercial General Liability policy. Evidence may include: a checked ""Waiver of Subrogation"" box on the certificate, mention in the Description of Operations section stating ""waiver of subrogation applies"", or reference to form CG 24 04. Look for language like ""subrogation is waived"" or ""per written contract"".",matchOnce,must be present,,Present,compliant,Block Requirements,,,false,1,,2026-08-16
"Block Real Estate Services, LLC",6a46b0bde66a43338bce244a,69fded0f62446148bd848bd7,BDM Inc,69fdefb2fa0b60fcd50d6be7,"bf3944 - Riverside Business Center 3 {Block Income Fund III, LP}",evidenceOfInsurance,Evidence of Insurance,excessOrUmbrellaLiability,Umbrella/Excess Liability,evidenceOfInsuranceExcessOrUmbrellaLiabilityOccurence,Coverage Trigger: Occurrence,,matchOnce,must be present,,Present,compliant,Block Requirements,,,false,1,,2026-08-16
"Block Real Estate Services, LLC",6a46b0bde66a43338bce244a,69fded0f62446148bd848bd7,BDM Inc,69fdefb2fa0b60fcd50d6be7,"bf3944 - Riverside Business Center 3 {Block Income Fund III, LP}",evidenceOfInsurance,Evidence of Insurance,excessOrUmbrellaLiability,Umbrella/Excess Liability,evidenceOfInsuranceExcessOrUmbrellaLiabilityEachOccurrence,Each Occurrence,,matchOnce,must be greater or equal to,1000000,4000000,compliant,Block Requirements,,,false,1,,2026-08-16
"Block Real Estate Services, LLC",6a46b0bde66a43338bce244a,69fded0f62446148bd848bd7,BDM Inc,69fdefb2fa0b60fcd50d6be7,"bf3944 - Riverside Business Center 3 {Block Income Fund III, LP}",evidenceOfInsurance,Evidence of Insurance,excessOrUmbrellaLiability,Umbrella/Excess Liability,evidenceOfInsuranceExcessOrUmbrellaLiabilityAggregate,Aggregate,,matchOnce,must be greater or equal to,1000000,4000000,compliant,Block Requirements,,,false,1,,2026-08-16
"Block Real Estate Services, LLC",6a46b0bde66a43338bce244a,69fded0f62446148bd848bd7,BDM Inc,69fdefb2fa0b60fcd50d6be7,"bf3944 - Riverside Business Center 3 {Block Income Fund III, LP}",evidenceOfInsurance,Evidence of Insurance,workersCompensation,Workers' Compensation and Employer's Liability,evidenceOfInsuranceWorkersCompensationStatutoryLimits,Statutory Limits,,matchOnce,must be present,,Present,compliant,Block Requirements,,,false,1,,2026-08-16
"Block Real Estate Services, LLC",6a46b0bde66a43338bce244a,69fded0f62446148bd848bd7,BDM Inc,69fdefb2fa0b60fcd50d6be7,"bf3944 - Riverside Business Center 3 {Block Income Fund III, LP}",evidenceOfInsurance,Evidence of Insurance,workersCompensation,Workers' Compensation and Employer's Liability,evidenceOfInsuranceWorkersCompensationEmployersLiabilityEachAccident,Employer's Liability Each Accident,,matchOnce,must be greater or equal to,500000,500000,compliant,Block Requirements,,,false,1,,2026-08-16
"Block Real Estate Services, LLC",6a46b0bde66a43338bce244a,69fded0f62446148bd848bd7,BDM Inc,69fdefb2fa0b60fcd50d6be7,"bf3944 - Riverside Business Center 3 {Block Income Fund III, LP}",evidenceOfInsurance,Evidence of Insurance,workersCompensation,Workers' Compensation and Employer's Liability,evidenceOfInsuranceWorkersCompensationEmployersLiabilityDiseaseEachEmployee,Employer's Liability Disease - each employee,,matchOnce,must be greater or equal to,500000,500000,compliant,Block Requirements,,,false,1,,2026-08-16
"Block Real Estate Services, LLC",6a46b0bde66a43338bce244a,69fded0f62446148bd848bd7,BDM Inc,69fdefb2fa0b60fcd50d6be7,"bf3944 - Riverside Business Center 3 {Block Income Fund III, LP}",evidenceOfInsurance,Evidence of Insurance,workersCompensation,Workers' Compensation and Employer's Liability,evidenceOfInsuranceWorkersCompensationEmployersLiabilityDiseasePolicyLimit,Employer's Liability Disease - policy limit,,matchOnce,must be greater or equal to,500000,500000,compliant,Block Requirements,,,false,1,,2026-08-16
"Block Real Estate Services, LLC",6a46b0bde66a43338bce244a,69fded0f62446148bd848bd7,BDM Inc,69fdefb2fa0b60fcd50d6be7,"bf3944 - Riverside Business Center 3 {Block Income Fund III, LP}",evidenceOfInsurance,Evidence of Insurance,workersCompensation,Workers' Compensation and Employer's Liability,evidenceOfInsuranceWorkersCompensationWaiverOfSubrogationEndorsement,Waiver of Subrogation,"---prompt---
Determine if the insurer has waived their right of subrogation in favor of the certificate holder under the Workers' Compensation policy. Evidence may include: a checked ""Waiver of Subrogation"" box on the certificate, mention in the Description of Operations section stating ""waiver of subrogation applies"", or reference to form WC 00 03 13. Look for language like ""subrogation is waived"" or ""per written contract"".",matchOnce,must be present,,Present,compliant,Block Requirements,,,false,1,,2026-08-16
"Block Real Estate Services, LLC",6a46b0bde66a43338bce244a,69fded0f62446148bd848bd7,BDM Inc,69fdefb2fa0b60fcd50d6be7,"bf3944 - Riverside Business Center 3 {Block Income Fund III, LP}",evidenceOfInsurance,Evidence of Insurance,6ac20aae-5728-5d57-b364-aeba38527dba,Additional Requirements,4da5b0f1-4c9d-5885-8cf8-5d3cccaed3e0,"Block Real Estate Services, LLC and all others required by contract are named as Additional Insureds","---prompt---
Determine if the Description of Operations or the Additional Remarks Schedule section states the ""Additional Insured as Construction Management, Inc. and all others required by contract"" or reference to blanket additional insured coverage. Look for language like ""certificate holder is additional insured"" or ""per written contract"".",matchOnce,must be present,,Present,compliant,Block Requirements,,,true,1,,2026-08-16
"Block Real Estate Services, LLC",6a46b0bde66a43338bce244a,69fded0f62446148bd848bd7,BDM Inc,69fdefb2fa0b60fcd50d6be7,"bf3944 - Riverside Business Center 3 {Block Income Fund III, LP}",evidenceOfInsurance,Evidence of Insurance,6ac20aae-5728-5d57-b364-aeba38527dba,Additional Requirements,e1017741-e47e-5f58-97b8-fbc3043e919f,Umbrella follows form over General Liability,"---prompt---
Determine if the Umbrella/Excess Liability policy follows form to the underlying policies. Evidence may include: language in the Description of Operations section stating the umbrella follows form to underlying coverages or an additional page endorsement stating that it follows form. Follow form means the umbrella policy adopts the same terms, conditions, and exclusions as the underlying policies.",matchOnce,must be present,,Present,compliant,Block Requirements,,,true,1,,2026-08-16
"Block Real Estate Services, LLC",6a46b0bde66a43338bce244a,69fded0f62446148bd848bd7,BDM Inc,69fdefb2fa0b60fcd50d6be7,"bf3944 - Riverside Business Center 3 {Block Income Fund III, LP}",evidenceOfInsurance,Evidence of Insurance,6ac20aae-5728-5d57-b364-aeba38527dba,Additional Requirements,2cdd866f-c9a4-576a-afd8-1d045762790c,"The location must be listed as: 236 Plaza Drive, Riverside, MO 64150",,matchOnce,must be present,,Present,compliant,Block Requirements,,,true,1,,2026-08-16
"Block Real Estate Services, LLC",6a46b0bde66a43338bce244a,69fded0f62446148bd848bd7,BDM Inc,69fdefb2fa0b60fcd50d6be7,"bf3944 - Riverside Business Center 3 {Block Income Fund III, LP}",evidenceOfInsurance,Evidence of Insurance,6ac20aae-5728-5d57-b364-aeba38527dba,Additional Requirements,3649e9d1-4e09-59bf-8f30-cb33c40cf117,"Certificate Holder must read: c/o Block Real Estate Services, LLC, 4622 Pennsylvania St., Suite 700, Kansas City, MO, 64112",,matchOnce,must be present,,Present,compliant,Block Requirements,,,true,1,,2026-08-16
"Block Real Estate Services, LLC",69fdf74a62446148bd854b0c,69fded0f62446148bd848bda,Bella's Italian Restaurant Inc,69fdf5c2e84e20262bb42482,"3bo890 - 3BS-OKS, LLC 16110 W. 135th",evidenceOfInsurance,Evidence of Insurance,commercialGeneralLiability,Commercial General Liability,evidenceOfInsuranceCommercialGeneralLiabilityCoverageTriggerOccurrence,Coverage Trigger: Occurrence,,matchOnce,must be present,,,non_compliant,Block Requirements,,,false,0,,2026-08-16
"Block Real Estate Services, LLC",69fdf74a62446148bd854b0c,69fded0f62446148bd848bda,Bella's Italian Restaurant Inc,69fdf5c2e84e20262bb42482,"3bo890 - 3BS-OKS, LLC 16110 W. 135th",evidenceOfInsurance,Evidence of Insurance,commercialGeneralLiability,Commercial General Liability,evidenceOfInsuranceCommercialGeneralLiabilityGeneralAggregateLimitAppliesPerLocation,General Aggregate Limit Applies per: Location,,matchOnce,must be present,,,non_compliant,Block Requirements,,,false,0,,2026-08-16
"Block Real Estate Services, LLC",69fdf74a62446148bd854b0c,69fded0f62446148bd848bda,Bella's Italian Restaurant Inc,69fdf5c2e84e20262bb42482,"3bo890 - 3BS-OKS, LLC 16110 W. 135th",evidenceOfInsurance,Evidence of Insurance,commercialGeneralLiability,Commercial General Liability,evidenceOfInsuranceCommercialGeneralLiabilityEachOccurrence,Each Occurrence,,matchOnce,must be greater or equal to,1000000,,non_compliant,Block Requirements,,,false,0,,2026-08-16
"Block Real Estate Services, LLC",69fdf74a62446148bd854b0c,69fded0f62446148bd848bda,Bella's Italian Restaurant Inc,69fdf5c2e84e20262bb42482,"3bo890 - 3BS-OKS, LLC 16110 W. 135th",evidenceOfInsurance,Evidence of Insurance,commercialGeneralLiability,Commercial General Liability,evidenceOfInsuranceCommercialGeneralLiabilityGeneralAggregate,General Aggregate,,matchOnce,must be greater or equal to,2000000,,non_compliant,Block Requirements,,,false,0,,2026-08-16
"Block Real Estate Services, LLC",69fdf74a62446148bd854b0c,69fded0f62446148bd848bda,Bella's Italian Restaurant Inc,69fdf5c2e84e20262bb42482,"3bo890 - 3BS-OKS, LLC 16110 W. 135th",evidenceOfInsurance,Evidence of Insurance,commercialGeneralLiability,Commercial General Liability,evidenceOfInsuranceCommercialGeneralLiabilityWaiverOfSubrogationEndorsement,Waiver of Subrogation,"---prompt---
Determine if the insurer has waived their right of subrogation in favor of the certificate holder under the Commercial General Liability policy. Evidence may include: a checked ""Waiver of Subrogation"" box on the certificate, mention in the Description of Operations section stating ""waiver of subrogation applies"", or reference to form CG 24 04. Look for language like ""subrogation is waived"" or ""per written contract"".",matchOnce,must be present,,,non_compliant,Block Requirements,,,false,0,,2026-08-16
"Block Real Estate Services, LLC",69fdf74a62446148bd854b0c,69fded0f62446148bd848bda,Bella's Italian Restaurant Inc,69fdf5c2e84e20262bb42482,"3bo890 - 3BS-OKS, LLC 16110 W. 135th",evidenceOfInsurance,Evidence of Insurance,excessOrUmbrellaLiability,Umbrella/Excess Liability,evidenceOfInsuranceExcessOrUmbrellaLiabilityOccurence,Coverage Trigger: Occurrence,,matchOnce,must be present,,,non_compliant,Block Requirements,,,false,0,,2026-08-16
"Block Real Estate Services, LLC",69fdf74a62446148bd854b0c,69fded0f62446148bd848bda,Bella's Italian Restaurant Inc,69fdf5c2e84e20262bb42482,"3bo890 - 3BS-OKS, LLC 16110 W. 135th",evidenceOfInsurance,Evidence of Insurance,excessOrUmbrellaLiability,Umbrella/Excess Liability,evidenceOfInsuranceExcessOrUmbrellaLiabilityEachOccurrence,Each Occurrence,,matchOnce,must be greater or equal to,1000000,,non_compliant,Block Requirements,,,false,0,,2026-08-16
"Block Real Estate Services, LLC",69fdf74a62446148bd854b0c,69fded0f62446148bd848bda,Bella's Italian Restaurant Inc,69fdf5c2e84e20262bb42482,"3bo890 - 3BS-OKS, LLC 16110 W. 135th",evidenceOfInsurance,Evidence of Insurance,excessOrUmbrellaLiability,Umbrella/Excess Liability,evidenceOfInsuranceExcessOrUmbrellaLiabilityAggregate,Aggregate,,matchOnce,must be greater or equal to,1000000,,non_compliant,Block Requirements,,,false,0,,2026-08-16
"Block Real Estate Services, LLC",69fdf74a62446148bd854b0c,69fded0f62446148bd848bda,Bella's Italian Restaurant Inc,69fdf5c2e84e20262bb42482,"3bo890 - 3BS-OKS, LLC 16110 W. 135th",evidenceOfInsurance,Evidence of Insurance,workersCompensation,Workers' Compensation and Employer's Liability,evidenceOfInsuranceWorkersCompensationStatutoryLimits,Statutory Limits,,matchOnce,must be present,,,non_compliant,Block Requirements,,,false,0,,2026-08-16
"Block Real Estate Services, LLC",69fdf74a62446148bd854b0c,69fded0f62446148bd848bda,Bella's Italian Restaurant Inc,69fdf5c2e84e20262bb42482,"3bo890 - 3BS-OKS, LLC 16110 W. 135th",evidenceOfInsurance,Evidence of Insurance,workersCompensation,Workers' Compensation and Employer's Liability,evidenceOfInsuranceWorkersCompensationEmployersLiabilityEachAccident,Employer's Liability Each Accident,,matchOnce,must be greater or equal to,500000,,non_compliant,Block Requirements,,,false,0,,2026-08-16
"Block Real Estate Services, LLC",69fdf74a62446148bd854b0c,69fded0f62446148bd848bda,Bella's Italian Restaurant Inc,69fdf5c2e84e20262bb42482,"3bo890 - 3BS-OKS, LLC 16110 W. 135th",evidenceOfInsurance,Evidence of Insurance,workersCompensation,Workers' Compensation and Employer's Liability,evidenceOfInsuranceWorkersCompensationEmployersLiabilityDiseaseEachEmployee,Employer's Liability Disease - each employee,,matchOnce,must be greater or equal to,500000,,non_compliant,Block Requirements,,,false,0,,2026-08-16
"Block Real Estate Services, LLC",69fdf74a62446148bd854b0c,69fded0f62446148bd848bda,Bella's Italian Restaurant Inc,69fdf5c2e84e20262bb42482,"3bo890 - 3BS-OKS, LLC 16110 W. 135th",evidenceOfInsurance,Evidence of Insurance,workersCompensation,Workers' Compensation and Employer's Liability,evidenceOfInsuranceWorkersCompensationEmployersLiabilityDiseasePolicyLimit,Employer's Liability Disease - policy limit,,matchOnce,must be greater or equal to,500000,,non_compliant,Block Requirements,,,false,0,,2026-08-16
"Block Real Estate Services, LLC",69fdf74a62446148bd854b0c,69fded0f62446148bd848bda,Bella's Italian Restaurant Inc,69fdf5c2e84e20262bb42482,"3bo890 - 3BS-OKS, LLC 16110 W. 135th",evidenceOfInsurance,Evidence of Insurance,workersCompensation,Workers' Compensation and Employer's Liability,evidenceOfInsuranceWorkersCompensationWaiverOfSubrogationEndorsement,Waiver of Subrogation,"---prompt---
Determine if the insurer has waived their right of subrogation in favor of the certificate holder under the Workers' Compensation policy. Evidence may include: a checked ""Waiver of Subrogation"" box on the certificate, mention in the Description of Operations section stating ""waiver of subrogation applies"", or reference to form WC 00 03 13. Look for language like ""subrogation is waived"" or ""per written contract"".",matchOnce,must be present,,,non_compliant,Block Requirements,,,false,0,,2026-08-16
"Block Real Estate Services, LLC",69fdf74a62446148bd854b0c,69fded0f62446148bd848bda,Bella's Italian Restaurant Inc,69fdf5c2e84e20262bb42482,"3bo890 - 3BS-OKS, LLC 16110 W. 135th",evidenceOfInsurance,Evidence of Insurance,6ac20aae-5728-5d57-b364-aeba38527dba,Additional Requirements,4da5b0f1-4c9d-5885-8cf8-5d3cccaed3e0,"Block Real Estate Services, LLC and all others required by contract are named as Additional Insureds","---prompt---
Determine if the Description of Operations or the Additional Remarks Schedule section states the ""Additional Insured as Construction Management, Inc. and all others required by contract"" or reference to blanket additional insured coverage. Look for language like ""certificate holder is additional insured"" or ""per written contract"".",matchOnce,must be present,,,non_compliant,Block Requirements,,,true,0,,2026-08-16
"Block Real Estate Services, LLC",69fdf74a62446148bd854b0c,69fded0f62446148bd848bda,Bella's Italian Restaurant Inc,69fdf5c2e84e20262bb42482,"3bo890 - 3BS-OKS, LLC 16110 W. 135th",evidenceOfInsurance,Evidence of Insurance,6ac20aae-5728-5d57-b364-aeba38527dba,Additional Requirements,e1017741-e47e-5f58-97b8-fbc3043e919f,Umbrella follows form over General Liability,"---prompt---
Determine if the Umbrella/Excess Liability policy follows form to the underlying policies. Evidence may include: language in the Description of Operations section stating the umbrella follows form to underlying coverages or an additional page endorsement stating that it follows form. Follow form means the umbrella policy adopts the same terms, conditions, and exclusions as the underlying policies.",matchOnce,must be present,,,non_compliant,Block Requirements,,,true,0,,2026-08-16
"Block Real Estate Services, LLC",69fdf74a62446148bd854b0c,69fded0f62446148bd848bda,Bella's Italian Restaurant Inc,69fdf5c2e84e20262bb42482,"3bo890 - 3BS-OKS, LLC 16110 W. 135th",evidenceOfInsurance,Evidence of Insurance,6ac20aae-5728-5d57-b364-aeba38527dba,Additional Requirements,2cdd866f-c9a4-576a-afd8-1d045762790c,"The location must be listed as: 16110 W. 135th Street, Olathe, KS, 66062",,matchOnce,must be present,,,non_compliant,Block Requirements,,,true,0,,2026-08-16
"Block Real Estate Services, LLC",69fdf74a62446148bd854b0c,69fded0f62446148bd848bda,Bella's Italian Restaurant Inc,69fdf5c2e84e20262bb42482,"3bo890 - 3BS-OKS, LLC 16110 W. 135th",evidenceOfInsurance,Evidence of Insurance,6ac20aae-5728-5d57-b364-aeba38527dba,Additional Requirements,3649e9d1-4e09-59bf-8f30-cb33c40cf117,"Certificate Holder must read: c/o Block Real Estate Services, LLC, 4622 Pennsylvania St., Suite 700, Kansas City, MO, 64112",,matchOnce,must be present,,,non_compliant,Block Requirements,,,true,0,,2026-08-16
"Block Real Estate Services, LLC",69fdf74a62446148bd854b4a,69fded2162446148bd8491b0,Starbucks Corporation #9654,69fdef5c3b208288e0a7a5df,"3rd543 - Downey Family Holdings, LLC",evidenceOfInsurance,Evidence of Insurance,commercialGeneralLiability,Commercial General Liability,evidenceOfInsuranceCommercialGeneralLiabilityCoverageTriggerOccurrence,Coverage Trigger: Occurrence,,matchOnce,must be present,,Present,compliant,Block Requirements,,,false,1,,2026-08-16
"Block Real Estate Services, LLC",69fdf74a62446148bd854b4a,69fded2162446148bd8491b0,Starbucks Corporation #9654,69fdef5c3b208288e0a7a5df,"3rd543 - Downey Family Holdings, LLC",evidenceOfInsurance,Evidence of Insurance,commercialGeneralLiability,Commercial General Liability,evidenceOfInsuranceCommercialGeneralLiabilityGeneralAggregateLimitAppliesPerLocation,General Aggregate Limit Applies per: Location,,matchOnce,must be present,,,waived,Block Requirements,Per location requirement not in lease,,false,0,,2026-08-16
"Block Real Estate Services, LLC",69fdf74a62446148bd854b4a,69fded2162446148bd8491b0,Starbucks Corporation #9654,69fdef5c3b208288e0a7a5df,"3rd543 - Downey Family Holdings, LLC",evidenceOfInsurance,Evidence of Insurance,commercialGeneralLiability,Commercial General Liability,evidenceOfInsuranceCommercialGeneralLiabilityEachOccurrence,Each Occurrence,,matchOnce,must be greater or equal to,1000000,1000000,compliant,Block Requirements,,,false,1,,2026-08-16
"Block Real Estate Services, LLC",69fdf74a62446148bd854b4a,69fded2162446148bd8491b0,Starbucks Corporation #9654,69fdef5c3b208288e0a7a5df,"3rd543 - Downey Family Holdings, LLC",evidenceOfInsurance,Evidence of Insurance,commercialGeneralLiability,Commercial General Liability,evidenceOfInsuranceCommercialGeneralLiabilityGeneralAggregate,General Aggregate,,matchOnce,must be greater or equal to,2000000,5000000,compliant,Block Requirements,,,false,1,,2026-08-16
"Block Real Estate Services, LLC",69fdf74a62446148bd854b4a,69fded2162446148bd8491b0,Starbucks Corporation #9654,69fdef5c3b208288e0a7a5df,"3rd543 - Downey Family Holdings, LLC",evidenceOfInsurance,Evidence of Insurance,commercialGeneralLiability,Commercial General Liability,evidenceOfInsuranceCommercialGeneralLiabilityWaiverOfSubrogationEndorsement,Waiver of Subrogation,"---prompt---
Determine if the insurer has waived their right of subrogation in favor of the certificate holder under the Commercial General Liability policy. Evidence may include: a checked ""Waiver of Subrogation"" box on the certificate, mention in the Description of Operations section stating ""waiver of subrogation applies"", or reference to form CG 24 04. Look for language like ""subrogation is waived"" or ""per written contract"".",matchOnce,must be present,,Present,compliant,Block Requirements,,,false,1,,2026-08-16
"Block Real Estate Services, LLC",69fdf74a62446148bd854b4a,69fded2162446148bd8491b0,Starbucks Corporation #9654,69fdef5c3b208288e0a7a5df,"3rd543 - Downey Family Holdings, LLC",evidenceOfInsurance,Evidence of Insurance,excessOrUmbrellaLiability,Umbrella/Excess Liability,evidenceOfInsuranceExcessOrUmbrellaLiabilityOccurence,Coverage Trigger: Occurrence,,matchOnce,must be present,,,waived,Block Requirements,,,false,0,,2026-08-16
"Block Real Estate Services, LLC",69fdf74a62446148bd854b4a,69fded2162446148bd8491b0,Starbucks Corporation #9654,69fdef5c3b208288e0a7a5df,"3rd543 - Downey Family Holdings, LLC",evidenceOfInsurance,Evidence of Insurance,excessOrUmbrellaLiability,Umbrella/Excess Liability,evidenceOfInsuranceExcessOrUmbrellaLiabilityEachOccurrence,Each Occurrence,,matchOnce,must be greater or equal to,1000000,15000000,waived,Block Requirements,,,false,1,,2026-08-16
"Block Real Estate Services, LLC",69fdf74a62446148bd854b4a,69fded2162446148bd8491b0,Starbucks Corporation #9654,69fdef5c3b208288e0a7a5df,"3rd543 - Downey Family Holdings, LLC",evidenceOfInsurance,Evidence of Insurance,excessOrUmbrellaLiability,Umbrella/Excess Liability,evidenceOfInsuranceExcessOrUmbrellaLiabilityAggregate,Aggregate,,matchOnce,must be greater or equal to,1000000,15000000,waived,Block Requirements,,,false,1,,2026-08-16
"Block Real Estate Services, LLC",69fdf74a62446148bd854b4a,69fded2162446148bd8491b0,Starbucks Corporation #9654,69fdef5c3b208288e0a7a5df,"3rd543 - Downey Family Holdings, LLC",evidenceOfInsurance,Evidence of Insurance,workersCompensation,Workers' Compensation and Employer's Liability,evidenceOfInsuranceWorkersCompensationStatutoryLimits,Statutory Limits,,matchOnce,must be present,,,waived,Block Requirements,,,false,0,,2026-08-16
"Block Real Estate Services, LLC",69fdf74a62446148bd854b4a,69fded2162446148bd8491b0,Starbucks Corporation #9654,69fdef5c3b208288e0a7a5df,"3rd543 - Downey Family Holdings, LLC",evidenceOfInsurance,Evidence of Insurance,workersCompensation,Workers' Compensation and Employer's Liability,evidenceOfInsuranceWorkersCompensationEmployersLiabilityEachAccident,Employer's Liability Each Accident,,matchOnce,must be greater or equal to,500000,1000000,waived,Block Requirements,,,false,1,,2026-08-16
"Block Real Estate Services, LLC",69fdf74a62446148bd854b4a,69fded2162446148bd8491b0,Starbucks Corporation #9654,69fdef5c3b208288e0a7a5df,"3rd543 - Downey Family Holdings, LLC",evidenceOfInsurance,Evidence of Insurance,workersCompensation,Workers' Compensation and Employer's Liability,evidenceOfInsuranceWorkersCompensationEmployersLiabilityDiseaseEachEmployee,Employer's Liability Disease - each employee,,matchOnce,must be greater or equal to,500000,1000000,waived,Block Requirements,,,false,1,,2026-08-16
"Block Real Estate Services, LLC",69fdf74a62446148bd854b4a,69fded2162446148bd8491b0,Starbucks Corporation #9654,69fdef5c3b208288e0a7a5df,"3rd543 - Downey Family Holdings, LLC",evidenceOfInsurance,Evidence of Insurance,workersCompensation,Workers' Compensation and Employer's Liability,evidenceOfInsuranceWorkersCompensationEmployersLiabilityDiseasePolicyLimit,Employer's Liability Disease - policy limit,,matchOnce,must be greater or equal to,500000,1000000,waived,Block Requirements,,,false,1,,2026-08-16
"Block Real Estate Services, LLC",69fdf74a62446148bd854b4a,69fded2162446148bd8491b0,Starbucks Corporation #9654,69fdef5c3b208288e0a7a5df,"3rd543 - Downey Family Holdings, LLC",evidenceOfInsurance,Evidence of Insurance,workersCompensation,Workers' Compensation and Employer's Liability,evidenceOfInsuranceWorkersCompensationWaiverOfSubrogationEndorsement,Waiver of Subrogation,"---prompt---
Determine if the insurer has waived their right of subrogation in favor of the certificate holder under the Workers' Compensation policy. Evidence may include: a checked ""Waiver of Subrogation"" box on the certificate, mention in the Description of Operations section stating ""waiver of subrogation applies"", or reference to form WC 00 03 13. Look for language like ""subrogation is waived"" or ""per written contract"".",matchOnce,must be present,,Present,waived,Block Requirements,,,false,1,,2026-08-16
"Block Real Estate Services, LLC",69fdf74a62446148bd854b4a,69fded2162446148bd8491b0,Starbucks Corporation #9654,69fdef5c3b208288e0a7a5df,"3rd543 - Downey Family Holdings, LLC",evidenceOfInsurance,Evidence of Insurance,6ac20aae-5728-5d57-b364-aeba38527dba,Additional Requirements,4da5b0f1-4c9d-5885-8cf8-5d3cccaed3e0,"Block Real Estate Services, LLC and all others required by contract are named as Additional Insureds","---prompt---
Determine if the Description of Operations or the Additional Remarks Schedule section states the ""Additional Insured as Construction Management, Inc. and all others required by contract"" or reference to blanket additional insured coverage. Look for language like ""certificate holder is additional insured"" or ""per written contract"".",matchOnce,must be present,,,waived,Block Requirements,MOI blanket coverage,,true,0,,2026-08-16
"Block Real Estate Services, LLC",69fdf74a62446148bd854b4a,69fded2162446148bd8491b0,Starbucks Corporation #9654,69fdef5c3b208288e0a7a5df,"3rd543 - Downey Family Holdings, LLC",evidenceOfInsurance,Evidence of Insurance,6ac20aae-5728-5d57-b364-aeba38527dba,Additional Requirements,e1017741-e47e-5f58-97b8-fbc3043e919f,Umbrella follows form over General Liability,"---prompt---
Determine if the Umbrella/Excess Liability policy follows form to the underlying policies. Evidence may include: language in the Description of Operations section stating the umbrella follows form to underlying coverages or an additional page endorsement stating that it follows form. Follow form means the umbrella policy adopts the same terms, conditions, and exclusions as the underlying policies.",matchOnce,must be present,,Present,waived,Block Requirements,Umbrella requirement not in lease,,true,1,,2026-08-16
"Block Real Estate Services, LLC",69fdf74a62446148bd854b4a,69fded2162446148bd8491b0,Starbucks Corporation #9654,69fdef5c3b208288e0a7a5df,"3rd543 - Downey Family Holdings, LLC",evidenceOfInsurance,Evidence of Insurance,6ac20aae-5728-5d57-b364-aeba38527dba,Additional Requirements,2cdd866f-c9a4-576a-afd8-1d045762790c,"The location must be listed as: 1516-A E. 23rd Street, Independence, MO, 64055",,matchOnce,must be present,,,waived,Block Requirements,MOI blanket coverage,,true,0,,2026-08-16
"Block Real Estate Services, LLC",69fdf74a62446148bd854b4a,69fded2162446148bd8491b0,Starbucks Corporation #9654,69fdef5c3b208288e0a7a5df,"3rd543 - Downey Family Holdings, LLC",evidenceOfInsurance,Evidence of Insurance,6ac20aae-5728-5d57-b364-aeba38527dba,Additional Requirements,3649e9d1-4e09-59bf-8f30-cb33c40cf117,"Certificate Holder must read: c/o Block Real Estate Services, LLC, 4622 Pennsylvania St., Suite 700, Kansas City, MO, 64112",,matchOnce,must be present,,,waived,Block Requirements,MOI blanket coverage,,true,0,,2026-08-16
"Block Real Estate Services, LLC",69fdf74a62446148bd854b48,69fded0f62446148bd848be0,Beltone Hearing Aid Center,69fdef5c3b208288e0a7a5df,"3rd543 - Downey Family Holdings, LLC",evidenceOfInsurance,Evidence of Insurance,commercialGeneralLiability,Commercial General Liability,evidenceOfInsuranceCommercialGeneralLiabilityCoverageTriggerOccurrence,Coverage Trigger: Occurrence,,matchOnce,must be present,,Present,compliant,Block Requirements,,,false,3,,2026-08-16
"Block Real Estate Services, LLC",69fdf74a62446148bd854b48,69fded0f62446148bd848be0,Beltone Hearing Aid Center,69fdef5c3b208288e0a7a5df,"3rd543 - Downey Family Holdings, LLC",evidenceOfInsurance,Evidence of Insurance,commercialGeneralLiability,Commercial General Liability,evidenceOfInsuranceCommercialGeneralLiabilityGeneralAggregateLimitAppliesPerLocation,General Aggregate Limit Applies per: Location,,matchOnce,must be present,,,non_compliant,Block Requirements,,,false,0,,2026-08-16
"Block Real Estate Services, LLC",69fdf74a62446148bd854b48,69fded0f62446148bd848be0,Beltone Hearing Aid Center,69fdef5c3b208288e0a7a5df,"3rd543 - Downey Family Holdings, LLC",evidenceOfInsurance,Evidence of Insurance,commercialGeneralLiability,Commercial General Liability,evidenceOfInsuranceCommercialGeneralLiabilityEachOccurrence,Each Occurrence,,matchOnce,must be greater or equal to,1000000,1000000,compliant,Block Requirements,,,false,3,,2026-08-16
"Block Real Estate Services, LLC",69fdf74a62446148bd854b48,69fded0f62446148bd848be0,Beltone Hearing Aid Center,69fdef5c3b208288e0a7a5df,"3rd543 - Downey Family Holdings, LLC",evidenceOfInsurance,Evidence of Insurance,commercialGeneralLiability,Commercial General Liability,evidenceOfInsuranceCommercialGeneralLiabilityGeneralAggregate,General Aggregate,,matchOnce,must be greater or equal to,2000000,3000000,compliant,Block Requirements,,,false,3,,2026-08-16
"Block Real Estate Services, LLC",69fdf74a62446148bd854b48,69fded0f62446148bd848be0,Beltone Hearing Aid Center,69fdef5c3b208288e0a7a5df,"3rd543 - Downey Family Holdings, LLC",evidenceOfInsurance,Evidence of Insurance,commercialGeneralLiability,Commercial General Liability,evidenceOfInsuranceCommercialGeneralLiabilityWaiverOfSubrogationEndorsement,Waiver of Subrogation,"---prompt---
Determine if the insurer has waived their right of subrogation in favor of the certificate holder under the Commercial General Liability policy. Evidence may include: a checked ""Waiver of Subrogation"" box on the certificate, mention in the Description of Operations section stating ""waiver of subrogation applies"", or reference to form CG 24 04. Look for language like ""subrogation is waived"" or ""per written contract"".",matchOnce,must be present,,Present,compliant,Block Requirements,,,false,2,,2026-08-16
"Block Real Estate Services, LLC",69fdf74a62446148bd854b48,69fded0f62446148bd848be0,Beltone Hearing Aid Center,69fdef5c3b208288e0a7a5df,"3rd543 - Downey Family Holdings, LLC",evidenceOfInsurance,Evidence of Insurance,excessOrUmbrellaLiability,Umbrella/Excess Liability,evidenceOfInsuranceExcessOrUmbrellaLiabilityOccurence,Coverage Trigger: Occurrence,,matchOnce,must be present,,Present,compliant,Block Requirements,,,false,3,,2026-08-16
"Block Real Estate Services, LLC",69fdf74a62446148bd854b48,69fded0f62446148bd848be0,Beltone Hearing Aid Center,69fdef5c3b208288e0a7a5df,"3rd543 - Downey Family Holdings, LLC",evidenceOfInsurance,Evidence of Insurance,excessOrUmbrellaLiability,Umbrella/Excess Liability,evidenceOfInsuranceExcessOrUmbrellaLiabilityEachOccurrence,Each Occurrence,,matchOnce,must be greater or equal to,1000000,2000000,compliant,Block Requirements,,,false,3,,2026-08-16
"Block Real Estate Services, LLC",69fdf74a62446148bd854b48,69fded0f62446148bd848be0,Beltone Hearing Aid Center,69fdef5c3b208288e0a7a5df,"3rd543 - Downey Family Holdings, LLC",evidenceOfInsurance,Evidence of Insurance,excessOrUmbrellaLiability,Umbrella/Excess Liability,evidenceOfInsuranceExcessOrUmbrellaLiabilityAggregate,Aggregate,,matchOnce,must be greater or equal to,1000000,2000000,compliant,Block Requirements,,,false,3,,2026-08-16
"Block Real Estate Services, LLC",69fdf74a62446148bd854b48,69fded0f62446148bd848be0,Beltone Hearing Aid Center,69fdef5c3b208288e0a7a5df,"3rd543 - Downey Family Holdings, LLC",evidenceOfInsurance,Evidence of Insurance,workersCompensation,Workers' Compensation and Employer's Liability,evidenceOfInsuranceWorkersCompensationStatutoryLimits,Statutory Limits,,matchOnce,must be present,,Present,compliant,Block Requirements,,,false,3,,2026-08-16
"Block Real Estate Services, LLC",69fdf74a62446148bd854b48,69fded0f62446148bd848be0,Beltone Hearing Aid Center,69fdef5c3b208288e0a7a5df,"3rd543 - Downey Family Holdings, LLC",evidenceOfInsurance,Evidence of Insurance,workersCompensation,Workers' Compensation and Employer's Liability,evidenceOfInsuranceWorkersCompensationEmployersLiabilityEachAccident,Employer's Liability Each Accident,,matchOnce,must be greater or equal to,500000,1000000,compliant,Block Requirements,,,false,3,,2026-08-16
"Block Real Estate Services, LLC",69fdf74a62446148bd854b48,69fded0f62446148bd848be0,Beltone Hearing Aid Center,69fdef5c3b208288e0a7a5df,"3rd543 - Downey Family Holdings, LLC",evidenceOfInsurance,Evidence of Insurance,workersCompensation,Workers' Compensation and Employer's Liability,evidenceOfInsuranceWorkersCompensationEmployersLiabilityDiseaseEachEmployee,Employer's Liability Disease - each employee,,matchOnce,must be greater or equal to,500000,1000000,compliant,Block Requirements,,,false,3,,2026-08-16
"Block Real Estate Services, LLC",69fdf74a62446148bd854b48,69fded0f62446148bd848be0,Beltone Hearing Aid Center,69fdef5c3b208288e0a7a5df,"3rd543 - Downey Family Holdings, LLC",evidenceOfInsurance,Evidence of Insurance,workersCompensation,Workers' Compensation and Employer's Liability,evidenceOfInsuranceWorkersCompensationEmployersLiabilityDiseasePolicyLimit,Employer's Liability Disease - policy limit,,matchOnce,must be greater or equal to,500000,1000000,compliant,Block Requirements,,,false,3,,2026-08-16
"Block Real Estate Services, LLC",69fdf74a62446148bd854b48,69fded0f62446148bd848be0,Beltone Hearing Aid Center,69fdef5c3b208288e0a7a5df,"3rd543 - Downey Family Holdings, LLC",evidenceOfInsurance,Evidence of Insurance,workersCompensation,Workers' Compensation and Employer's Liability,evidenceOfInsuranceWorkersCompensationWaiverOfSubrogationEndorsement,Waiver of Subrogation,"---prompt---
Determine if the insurer has waived their right of subrogation in favor of the certificate holder under the Workers' Compensation policy. Evidence may include: a checked ""Waiver of Subrogation"" box on the certificate, mention in the Description of Operations section stating ""waiver of subrogation applies"", or reference to form WC 00 03 13. Look for language like ""subrogation is waived"" or ""per written contract"".",matchOnce,must be present,,Present,compliant,Block Requirements,,,false,2,,2026-08-16
"Block Real Estate Services, LLC",69fdf74a62446148bd854b48,69fded0f62446148bd848be0,Beltone Hearing Aid Center,69fdef5c3b208288e0a7a5df,"3rd543 - Downey Family Holdings, LLC",evidenceOfInsurance,Evidence of Insurance,6ac20aae-5728-5d57-b364-aeba38527dba,Additional Requirements,4da5b0f1-4c9d-5885-8cf8-5d3cccaed3e0,"Block Real Estate Services, LLC and all others required by contract are named as Additional Insureds","---prompt---
Determine if the Description of Operations or the Additional Remarks Schedule section states the ""Additional Insured as Construction Management, Inc. and all others required by contract"" or reference to blanket additional insured coverage. Look for language like ""certificate holder is additional insured"" or ""per written contract"".",matchOnce,must be present,,Present,compliant,Block Requirements,,,true,3,,2026-08-16
"Block Real Estate Services, LLC",69fdf74a62446148bd854b48,69fded0f62446148bd848be0,Beltone Hearing Aid Center,69fdef5c3b208288e0a7a5df,"3rd543 - Downey Family Holdings, LLC",evidenceOfInsurance,Evidence of Insurance,6ac20aae-5728-5d57-b364-aeba38527dba,Additional Requirements,e1017741-e47e-5f58-97b8-fbc3043e919f,Umbrella follows form over General Liability,"---prompt---
Determine if the Umbrella/Excess Liability policy follows form to the underlying policies. Evidence may include: language in the Description of Operations section stating the umbrella follows form to underlying coverages or an additional page endorsement stating that it follows form. Follow form means the umbrella policy adopts the same terms, conditions, and exclusions as the underlying policies.",matchOnce,must be present,,Present,compliant,Block Requirements,,,true,3,,2026-08-16
"Block Real Estate Services, LLC",69fdf74a62446148bd854b48,69fded0f62446148bd848be0,Beltone Hearing Aid Center,69fdef5c3b208288e0a7a5df,"3rd543 - Downey Family Holdings, LLC",evidenceOfInsurance,Evidence of Insurance,6ac20aae-5728-5d57-b364-aeba38527dba,Additional Requirements,2cdd866f-c9a4-576a-afd8-1d045762790c,"The location must be listed as: 1516-C E. 23rd Street, Independence, MO, 64055",,matchOnce,must be present,,Present,compliant,Block Requirements,,,true,3,,2026-08-16
"Block Real Estate Services, LLC",69fdf74a62446148bd854b48,69fded0f62446148bd848be0,Beltone Hearing Aid Center,69fdef5c3b208288e0a7a5df,"3rd543 - Downey Family Holdings, LLC",evidenceOfInsurance,Evidence of Insurance,6ac20aae-5728-5d57-b364-aeba38527dba,Additional Requirements,3649e9d1-4e09-59bf-8f30-cb33c40cf117,"Certificate Holder must read: c/o Block Real Estate Services, LLC, 4622 Pennsylvania St., Suite 700, Kansas City, MO, 64112",,matchOnce,must be present,,Present,compliant,Block Requirements,,,true,3,,2026-08-16
"Block Real Estate Services, LLC",69fdf74a62446148bd854b49,69fded1762446148bd848e8c,Great Clips / Iris Corporation,69fdef5c3b208288e0a7a5df,"3rd543 - Downey Family Holdings, LLC",evidenceOfInsurance,Evidence of Insurance,commercialGeneralLiability,Commercial General Liability,evidenceOfInsuranceCommercialGeneralLiabilityCoverageTriggerOccurrence,Coverage Trigger: Occurrence,,matchOnce,must be present,,,non_compliant,Block Requirements,,,false,0,,2026-08-16
"Block Real Estate Services, LLC",69fdf74a62446148bd854b49,69fded1762446148bd848e8c,Great Clips / Iris Corporation,69fdef5c3b208288e0a7a5df,"3rd543 - Downey Family Holdings, LLC",evidenceOfInsurance,Evidence of Insurance,commercialGeneralLiability,Commercial General Liability,evidenceOfInsuranceCommercialGeneralLiabilityGeneralAggregateLimitAppliesPerLocation,General Aggregate Limit Applies per: Location,,matchOnce,must be present,,,non_compliant,Block Requirements,,,false,0,,2026-08-16
"Block Real Estate Services, LLC",69fdf74a62446148bd854b49,69fded1762446148bd848e8c,Great Clips / Iris Corporation,69fdef5c3b208288e0a7a5df,"3rd543 - Downey Family Holdings, LLC",evidenceOfInsurance,Evidence of Insurance,commercialGeneralLiability,Commercial General Liability,evidenceOfInsuranceCommercialGeneralLiabilityEachOccurrence,Each Occurrence,,matchOnce,must be greater or equal to,1000000,,non_compliant,Block Requirements,,,false,0,,2026-08-16
"Block Real Estate Services, LLC",69fdf74a62446148bd854b49,69fded1762446148bd848e8c,Great Clips / Iris Corporation,69fdef5c3b208288e0a7a5df,"3rd543 - Downey Family Holdings, LLC",evidenceOfInsurance,Evidence of Insurance,commercialGeneralLiability,Commercial General Liability,evidenceOfInsuranceCommercialGeneralLiabilityGeneralAggregate,General Aggregate,,matchOnce,must be greater or equal to,2000000,,non_compliant,Block Requirements,,,false,0,,2026-08-16
"Block Real Estate Services, LLC",69fdf74a62446148bd854b49,69fded1762446148bd848e8c,Great Clips / Iris Corporation,69fdef5c3b208288e0a7a5df,"3rd543 - Downey Family Holdings, LLC",evidenceOfInsurance,Evidence of Insurance,commercialGeneralLiability,Commercial General Liability,evidenceOfInsuranceCommercialGeneralLiabilityWaiverOfSubrogationEndorsement,Waiver of Subrogation,"---prompt---
Determine if the insurer has waived their right of subrogation in favor of the certificate holder under the Commercial General Liability policy. Evidence may include: a checked ""Waiver of Subrogation"" box on the certificate, mention in the Description of Operations section stating ""waiver of subrogation applies"", or reference to form CG 24 04. Look for language like ""subrogation is waived"" or ""per written contract"".",matchOnce,must be present,,,non_compliant,Block Requirements,,,false,0,,2026-08-16
"Block Real Estate Services, LLC",69fdf74a62446148bd854b49,69fded1762446148bd848e8c,Great Clips / Iris Corporation,69fdef5c3b208288e0a7a5df,"3rd543 - Downey Family Holdings, LLC",evidenceOfInsurance,Evidence of Insurance,excessOrUmbrellaLiability,Umbrella/Excess Liability,evidenceOfInsuranceExcessOrUmbrellaLiabilityOccurence,Coverage Trigger: Occurrence,,matchOnce,must be present,,,non_compliant,Block Requirements,,,false,0,,2026-08-16
"Block Real Estate Services, LLC",69fdf74a62446148bd854b49,69fded1762446148bd848e8c,Great Clips / Iris Corporation,69fdef5c3b208288e0a7a5df,"3rd543 - Downey Family Holdings, LLC",evidenceOfInsurance,Evidence of Insurance,excessOrUmbrellaLiability,Umbrella/Excess Liability,evidenceOfInsuranceExcessOrUmbrellaLiabilityEachOccurrence,Each Occurrence,,matchOnce,must be greater or equal to,1000000,,non_compliant,Block Requirements,,,false,0,,2026-08-16
"Block Real Estate Services, LLC",69fdf74a62446148bd854b49,69fded1762446148bd848e8c,Great Clips / Iris Corporation,69fdef5c3b208288e0a7a5df,"3rd543 - Downey Family Holdings, LLC",evidenceOfInsurance,Evidence of Insurance,excessOrUmbrellaLiability,Umbrella/Excess Liability,evidenceOfInsuranceExcessOrUmbrellaLiabilityAggregate,Aggregate,,matchOnce,must be greater or equal to,1000000,,non_compliant,Block Requirements,,,false,0,,2026-08-16
"Block Real Estate Services, LLC",69fdf74a62446148bd854b49,69fded1762446148bd848e8c,Great Clips / Iris Corporation,69fdef5c3b208288e0a7a5df,"3rd543 - Downey Family Holdings, LLC",evidenceOfInsurance,Evidence of Insurance,workersCompensation,Workers' Compensation and Employer's Liability,evidenceOfInsuranceWorkersCompensationStatutoryLimits,Statutory Limits,,matchOnce,must be present,,,non_compliant,Block Requirements,,,false,0,,2026-08-16
"Block Real Estate Services, LLC",69fdf74a62446148bd854b49,69fded1762446148bd848e8c,Great Clips / Iris Corporation,69fdef5c3b208288e0a7a5df,"3rd543 - Downey Family Holdings, LLC",evidenceOfInsurance,Evidence of Insurance,workersCompensation,Workers' Compensation and Employer's Liability,evidenceOfInsuranceWorkersCompensationEmployersLiabilityEachAccident,Employer's Liability Each Accident,,matchOnce,must be greater or equal to,500000,,non_compliant,Block Requirements,,,false,0,,2026-08-16
"Block Real Estate Services, LLC",69fdf74a62446148bd854b49,69fded1762446148bd848e8c,Great Clips / Iris Corporation,69fdef5c3b208288e0a7a5df,"3rd543 - Downey Family Holdings, LLC",evidenceOfInsurance,Evidence of Insurance,workersCompensation,Workers' Compensation and Employer's Liability,evidenceOfInsuranceWorkersCompensationEmployersLiabilityDiseaseEachEmployee,Employer's Liability Disease - each employee,,matchOnce,must be greater or equal to,500000,,non_compliant,Block Requirements,,,false,0,,2026-08-16
"Block Real Estate Services, LLC",69fdf74a62446148bd854b49,69fded1762446148bd848e8c,Great Clips / Iris Corporation,69fdef5c3b208288e0a7a5df,"3rd543 - Downey Family Holdings, LLC",evidenceOfInsurance,Evidence of Insurance,workersCompensation,Workers' Compensation and Employer's Liability,evidenceOfInsuranceWorkersCompensationEmployersLiabilityDiseasePolicyLimit,Employer's Liability Disease - policy limit,,matchOnce,must be greater or equal to,500000,,non_compliant,Block Requirements,,,false,0,,2026-08-16
"Block Real Estate Services, LLC",69fdf74a62446148bd854b49,69fded1762446148bd848e8c,Great Clips / Iris Corporation,69fdef5c3b208288e0a7a5df,"3rd543 - Downey Family Holdings, LLC",evidenceOfInsurance,Evidence of Insurance,workersCompensation,Workers' Compensation and Employer's Liability,evidenceOfInsuranceWorkersCompensationWaiverOfSubrogationEndorsement,Waiver of Subrogation,"---prompt---
Determine if the insurer has waived their right of subrogation in favor of the certificate holder under the Workers' Compensation policy. Evidence may include: a checked ""Waiver of Subrogation"" box on the certificate, mention in the Description of Operations section stating ""waiver of subrogation applies"", or reference to form WC 00 03 13. Look for language like ""subrogation is waived"" or ""per written contract"".",matchOnce,must be present,,,non_compliant,Block Requirements,,,false,0,,2026-08-16
"Block Real Estate Services, LLC",69fdf74a62446148bd854b49,69fded1762446148bd848e8c,Great Clips / Iris Corporation,69fdef5c3b208288e0a7a5df,"3rd543 - Downey Family Holdings, LLC",evidenceOfInsurance,Evidence of Insurance,6ac20aae-5728-5d57-b364-aeba38527dba,Additional Requirements,4da5b0f1-4c9d-5885-8cf8-5d3cccaed3e0,"Block Real Estate Services, LLC and all others required by contract are named as Additional Insureds","---prompt---
Determine if the Description of Operations or the Additional Remarks Schedule section states the ""Additional Insured as Construction Management, Inc. and all others required by contract"" or reference to blanket additional insured coverage. Look for language like ""certificate holder is additional insured"" or ""per written contract"".",matchOnce,must be present,,,non_compliant,Block Requirements,,,true,0,,2026-08-16
"Block Real Estate Services, LLC",69fdf74a62446148bd854b49,69fded1762446148bd848e8c,Great Clips / Iris Corporation,69fdef5c3b208288e0a7a5df,"3rd543 - Downey Family Holdings, LLC",evidenceOfInsurance,Evidence of Insurance,6ac20aae-5728-5d57-b364-aeba38527dba,Additional Requirements,e1017741-e47e-5f58-97b8-fbc3043e919f,Umbrella follows form over General Liability,"---prompt---
Determine if the Umbrella/Excess Liability policy follows form to the underlying policies. Evidence may include: language in the Description of Operations section stating the umbrella follows form to underlying coverages or an additional page endorsement stating that it follows form. Follow form means the umbrella policy adopts the same terms, conditions, and exclusions as the underlying policies.",matchOnce,must be present,,,non_compliant,Block Requirements,,,true,0,,2026-08-16
"Block Real Estate Services, LLC",69fdf74a62446148bd854b49,69fded1762446148bd848e8c,Great Clips / Iris Corporation,69fdef5c3b208288e0a7a5df,"3rd543 - Downey Family Holdings, LLC",evidenceOfInsurance,Evidence of Insurance,6ac20aae-5728-5d57-b364-aeba38527dba,Additional Requirements,2cdd866f-c9a4-576a-afd8-1d045762790c,"The location must be listed as: 1516-B E. 23rd Street, Independence, MO, 64055",,matchOnce,must be present,,,non_compliant,Block Requirements,,,true,0,,2026-08-16
"Block Real Estate Services, LLC",69fdf74a62446148bd854b49,69fded1762446148bd848e8c,Great Clips / Iris Corporation,69fdef5c3b208288e0a7a5df,"3rd543 - Downey Family Holdings, LLC",evidenceOfInsurance,Evidence of Insurance,6ac20aae-5728-5d57-b364-aeba38527dba,Additional Requirements,3649e9d1-4e09-59bf-8f30-cb33c40cf117,"Certificate Holder must read: c/o Block Real Estate Services, LLC, 4622 Pennsylvania St., Suite 700, Kansas City, MO, 64112",,matchOnce,must be present,,,non_compliant,Block Requirements,,,true,0,,2026-08-16
"Block Real Estate Services, LLC",69fdf76e62446148bd8573a7,69fded1462446148bd848da8,"InfuSystem / First Biomedical, Inc.",69fdf0023b208288e0a7c731,"cck640 - College Crossing K {College K, LLC }",evidenceOfInsurance,Evidence of Insurance,commercialGeneralLiability,Commercial General Liability,evidenceOfInsuranceCommercialGeneralLiabilityCoverageTriggerOccurrence,Coverage Trigger: Occurrence,,matchOnce,must be present,,Present,compliant,Block Requirements,,,false,1,,2026-08-16
"Block Real Estate Services, LLC",69fdf76e62446148bd8573a7,69fded1462446148bd848da8,"InfuSystem / First Biomedical, Inc.",69fdf0023b208288e0a7c731,"cck640 - College Crossing K {College K, LLC }",evidenceOfInsurance,Evidence of Insurance,commercialGeneralLiability,Commercial General Liability,evidenceOfInsuranceCommercialGeneralLiabilityGeneralAggregateLimitAppliesPerLocation,General Aggregate Limit Applies per: Location,,matchOnce,must be present,,Present,compliant,Block Requirements,,,false,1,,2026-08-16
"Block Real Estate Services, LLC",69fdf76e62446148bd8573a7,69fded1462446148bd848da8,"InfuSystem / First Biomedical, Inc.",69fdf0023b208288e0a7c731,"cck640 - College Crossing K {College K, LLC }",evidenceOfInsurance,Evidence of Insurance,commercialGeneralLiability,Commercial General Liability,evidenceOfInsuranceCommercialGeneralLiabilityEachOccurrence,Each Occurrence,,matchOnce,must be greater or equal to,1000000,2000000,compliant,Block Requirements,,,false,1,,2026-08-16
"Block Real Estate Services, LLC",69fdf76e62446148bd8573a7,69fded1462446148bd848da8,"InfuSystem / First Biomedical, Inc.",69fdf0023b208288e0a7c731,"cck640 - College Crossing K {College K, LLC }",evidenceOfInsurance,Evidence of Insurance,commercialGeneralLiability,Commercial General Liability,evidenceOfInsuranceCommercialGeneralLiabilityGeneralAggregate,General Aggregate,,matchOnce,must be greater or equal to,2000000,2000000,compliant,Block Requirements,,,false,1,,2026-08-16
"Block Real Estate Services, LLC",69fdf76e62446148bd8573a7,69fded1462446148bd848da8,"InfuSystem / First Biomedical, Inc.",69fdf0023b208288e0a7c731,"cck640 - College Crossing K {College K, LLC }",evidenceOfInsurance,Evidence of Insurance,commercialGeneralLiability,Commercial General Liability,evidenceOfInsuranceCommercialGeneralLiabilityWaiverOfSubrogationEndorsement,Waiver of Subrogation,"---prompt---
Determine if the insurer has waived their right of subrogation in favor of the certificate holder under the Commercial General Liability policy. Evidence may include: a checked ""Waiver of Subrogation"" box on the certificate, mention in the Description of Operations section stating ""waiver of subrogation applies"", or reference to form CG 24 04. Look for language like ""subrogation is waived"" or ""per written contract"".",matchOnce,must be present,,Present,compliant,Block Requirements,,,false,1,,2026-08-16
"Block Real Estate Services, LLC",69fdf76e62446148bd8573a7,69fded1462446148bd848da8,"InfuSystem / First Biomedical, Inc.",69fdf0023b208288e0a7c731,"cck640 - College Crossing K {College K, LLC }",evidenceOfInsurance,Evidence of Insurance,excessOrUmbrellaLiability,Umbrella/Excess Liability,evidenceOfInsuranceExcessOrUmbrellaLiabilityOccurence,Coverage Trigger: Occurrence,,matchOnce,must be present,,Present,compliant,Block Requirements,,,false,1,,2026-08-16
"Block Real Estate Services, LLC",69fdf76e62446148bd8573a7,69fded1462446148bd848da8,"InfuSystem / First Biomedical, Inc.",69fdf0023b208288e0a7c731,"cck640 - College Crossing K {College K, LLC }",evidenceOfInsurance,Evidence of Insurance,excessOrUmbrellaLiability,Umbrella/Excess Liability,evidenceOfInsuranceExcessOrUmbrellaLiabilityEachOccurrence,Each Occurrence,,matchOnce,must be greater or equal to,1000000,10000000,compliant,Block Requirements,,,false,1,,2026-08-16
"Block Real Estate Services, LLC",69fdf76e62446148bd8573a7,69fded1462446148bd848da8,"InfuSystem / First Biomedical, Inc.",69fdf0023b208288e0a7c731,"cck640 - College Crossing K {College K, LLC }",evidenceOfInsurance,Evidence of Insurance,excessOrUmbrellaLiability,Umbrella/Excess Liability,evidenceOfInsuranceExcessOrUmbrellaLiabilityAggregate,Aggregate,,matchOnce,must be greater or equal to,1000000,10000000,compliant,Block Requirements,,,false,1,,2026-08-16
"Block Real Estate Services, LLC",69fdf76e62446148bd8573a7,69fded1462446148bd848da8,"InfuSystem / First Biomedical, Inc.",69fdf0023b208288e0a7c731,"cck640 - College Crossing K {College K, LLC }",evidenceOfInsurance,Evidence of Insurance,workersCompensation,Workers' Compensation and Employer's Liability,evidenceOfInsuranceWorkersCompensationStatutoryLimits,Statutory Limits,,matchOnce,must be present,,Present,compliant,Block Requirements,,,false,1,,2026-08-16
"Block Real Estate Services, LLC",69fdf76e62446148bd8573a7,69fded1462446148bd848da8,"InfuSystem / First Biomedical, Inc.",69fdf0023b208288e0a7c731,"cck640 - College Crossing K {College K, LLC }",evidenceOfInsurance,Evidence of Insurance,workersCompensation,Workers' Compensation and Employer's Liability,evidenceOfInsuranceWorkersCompensationEmployersLiabilityEachAccident,Employer's Liability Each Accident,,matchOnce,must be greater or equal to,500000,1000000,compliant,Block Requirements,,,false,1,,2026-08-16
"Block Real Estate Services, LLC",69fdf76e62446148bd8573a7,69fded1462446148bd848da8,"InfuSystem / First Biomedical, Inc.",69fdf0023b208288e0a7c731,"cck640 - College Crossing K {College K, LLC }",evidenceOfInsurance,Evidence of Insurance,workersCompensation,Workers' Compensation and Employer's Liability,evidenceOfInsuranceWorkersCompensationEmployersLiabilityDiseaseEachEmployee,Employer's Liability Disease - each employee,,matchOnce,must be greater or equal to,500000,1000000,compliant,Block Requirements,,,false,1,,2026-08-16
"Block Real Estate Services, LLC",69fdf76e62446148bd8573a7,69fded1462446148bd848da8,"InfuSystem / First Biomedical, Inc.",69fdf0023b208288e0a7c731,"cck640 - College Crossing K {College K, LLC }",evidenceOfInsurance,Evidence of Insurance,workersCompensation,Workers' Compensation and Employer's Liability,evidenceOfInsuranceWorkersCompensationEmployersLiabilityDiseasePolicyLimit,Employer's Liability Disease - policy limit,,matchOnce,must be greater or equal to,500000,1000000,compliant,Block Requirements,,,false,1,,2026-08-16
"Block Real Estate Services, LLC",69fdf76e62446148bd8573a7,69fded1462446148bd848da8,"InfuSystem / First Biomedical, Inc.",69fdf0023b208288e0a7c731,"cck640 - College Crossing K {College K, LLC }",evidenceOfInsurance,Evidence of Insurance,workersCompensation,Workers' Compensation and Employer's Liability,evidenceOfInsuranceWorkersCompensationWaiverOfSubrogationEndorsement,Waiver of Subrogation,"---prompt---
Determine if the insurer has waived their right of subrogation in favor of the certificate holder under the Workers' Compensation policy. Evidence may include: a checked ""Waiver of Subrogation"" box on the certificate, mention in the Description of Operations section stating ""waiver of subrogation applies"", or reference to form WC 00 03 13. Look for language like ""subrogation is waived"" or ""per written contract"".",matchOnce,must be present,,Present,compliant,Block Requirements,,,false,1,,2026-08-16
"Block Real Estate Services, LLC",69fdf76e62446148bd8573a7,69fded1462446148bd848da8,"InfuSystem / First Biomedical, Inc.",69fdf0023b208288e0a7c731,"cck640 - College Crossing K {College K, LLC }",evidenceOfInsurance,Evidence of Insurance,6ac20aae-5728-5d57-b364-aeba38527dba,Additional Requirements,4da5b0f1-4c9d-5885-8cf8-5d3cccaed3e0,"Block Real Estate Services, LLC and all others required by contract are named as Additional Insureds","---prompt---
Determine if the Description of Operations or the Additional Remarks Schedule section states the ""Additional Insured as Construction Management, Inc. and all others required by contract"" or reference to blanket additional insured coverage. Look for language like ""certificate holder is additional insured"" or ""per written contract"".",matchOnce,must be present,,Present,compliant,Block Requirements,,,true,1,,2026-08-16
"Block Real Estate Services, LLC",69fdf76e62446148bd8573a7,69fded1462446148bd848da8,"InfuSystem / First Biomedical, Inc.",69fdf0023b208288e0a7c731,"cck640 - College Crossing K {College K, LLC }",evidenceOfInsurance,Evidence of Insurance,6ac20aae-5728-5d57-b364-aeba38527dba,Additional Requirements,e1017741-e47e-5f58-97b8-fbc3043e919f,Umbrella follows form over General Liability,"---prompt---
Determine if the Umbrella/Excess Liability policy follows form to the underlying policies. Evidence may include: language in the Description of Operations section stating the umbrella follows form to underlying coverages or an additional page endorsement stating that it follows form. Follow form means the umbrella policy adopts the same terms, conditions, and exclusions as the underlying policies.",matchOnce,must be present,,Present,compliant,Block Requirements,,,true,1,,2026-08-16
"Block Real Estate Services, LLC",69fdf76e62446148bd8573a7,69fded1462446148bd848da8,"InfuSystem / First Biomedical, Inc.",69fdf0023b208288e0a7c731,"cck640 - College Crossing K {College K, LLC }",evidenceOfInsurance,Evidence of Insurance,6ac20aae-5728-5d57-b364-aeba38527dba,Additional Requirements,2cdd866f-c9a4-576a-afd8-1d045762790c,"The location must be listed as: 11130 Strang Line Road, Lenexa, KS, 66215",,matchOnce,must be present,,Present,compliant,Block Requirements,,,true,1,,2026-08-16
"Block Real Estate Services, LLC",69fdf76e62446148bd8573a7,69fded1462446148bd848da8,"InfuSystem / First Biomedical, Inc.",69fdf0023b208288e0a7c731,"cck640 - College Crossing K {College K, LLC }",evidenceOfInsurance,Evidence of Insurance,6ac20aae-5728-5d57-b364-aeba38527dba,Additional Requirements,3649e9d1-4e09-59bf-8f30-cb33c40cf117,"Certificate Holder must read: c/o Block Real Estate Services, LLC, 4622 Pennsylvania St., Suite 700, Kansas City, MO, 64112",,matchOnce,must be present,,Present,compliant,Block Requirements,,,true,1,,2026-08-16
"Block Real Estate Services, LLC",69fdf76e62446148bd8573a8,69fded1762446148bd848e83,"Xerox / Image Quest, Inc.",69fdf0023b208288e0a7c731,"cck640 - College Crossing K {College K, LLC }",evidenceOfInsurance,Evidence of Insurance,commercialGeneralLiability,Commercial General Liability,evidenceOfInsuranceCommercialGeneralLiabilityCoverageTriggerOccurrence,Coverage Trigger: Occurrence,,matchOnce,must be present,,Present,compliant,Block Requirements,,,false,1,,2026-08-16
"Block Real Estate Services, LLC",69fdf76e62446148bd8573a8,69fded1762446148bd848e83,"Xerox / Image Quest, Inc.",69fdf0023b208288e0a7c731,"cck640 - College Crossing K {College K, LLC }",evidenceOfInsurance,Evidence of Insurance,commercialGeneralLiability,Commercial General Liability,evidenceOfInsuranceCommercialGeneralLiabilityGeneralAggregateLimitAppliesPerLocation,General Aggregate Limit Applies per: Location,,matchOnce,must be present,,,waived,Block Requirements,Per location not a requirement in the lease,,false,0,,2026-08-16
"Block Real Estate Services, LLC",69fdf76e62446148bd8573a8,69fded1762446148bd848e83,"Xerox / Image Quest, Inc.",69fdf0023b208288e0a7c731,"cck640 - College Crossing K {College K, LLC }",evidenceOfInsurance,Evidence of Insurance,commercialGeneralLiability,Commercial General Liability,evidenceOfInsuranceCommercialGeneralLiabilityEachOccurrence,Each Occurrence,,matchOnce,must be greater or equal to,1000000,2000000,compliant,Block Requirements,,,false,1,,2026-08-16
"Block Real Estate Services, LLC",69fdf76e62446148bd8573a8,69fded1762446148bd848e83,"Xerox / Image Quest, Inc.",69fdf0023b208288e0a7c731,"cck640 - College Crossing K {College K, LLC }",evidenceOfInsurance,Evidence of Insurance,commercialGeneralLiability,Commercial General Liability,evidenceOfInsuranceCommercialGeneralLiabilityGeneralAggregate,General Aggregate,,matchOnce,must be greater or equal to,2000000,10000000,compliant,Block Requirements,,,false,1,,2026-08-16
"Block Real Estate Services, LLC",69fdf76e62446148bd8573a8,69fded1762446148bd848e83,"Xerox / Image Quest, Inc.",69fdf0023b208288e0a7c731,"cck640 - College Crossing K {College K, LLC }",evidenceOfInsurance,Evidence of Insurance,commercialGeneralLiability,Commercial General Liability,evidenceOfInsuranceCommercialGeneralLiabilityWaiverOfSubrogationEndorsement,Waiver of Subrogation,"---prompt---
Determine if the insurer has waived their right of subrogation in favor of the certificate holder under the Commercial General Liability policy. Evidence may include: a checked ""Waiver of Subrogation"" box on the certificate, mention in the Description of Operations section stating ""waiver of subrogation applies"", or reference to form CG 24 04. Look for language like ""subrogation is waived"" or ""per written contract"".",matchOnce,must be present,,Present,compliant,Block Requirements,,,false,1,,2026-08-16
"Block Real Estate Services, LLC",69fdf76e62446148bd8573a8,69fded1762446148bd848e83,"Xerox / Image Quest, Inc.",69fdf0023b208288e0a7c731,"cck640 - College Crossing K {College K, LLC }",evidenceOfInsurance,Evidence of Insurance,excessOrUmbrellaLiability,Umbrella/Excess Liability,evidenceOfInsuranceExcessOrUmbrellaLiabilityOccurence,Coverage Trigger: Occurrence,,matchOnce,must be present,,Present,waived,Block Requirements,,,false,1,,2026-08-16
"Block Real Estate Services, LLC",69fdf76e62446148bd8573a8,69fded1762446148bd848e83,"Xerox / Image Quest, Inc.",69fdf0023b208288e0a7c731,"cck640 - College Crossing K {College K, LLC }",evidenceOfInsurance,Evidence of Insurance,excessOrUmbrellaLiability,Umbrella/Excess Liability,evidenceOfInsuranceExcessOrUmbrellaLiabilityEachOccurrence,Each Occurrence,,matchOnce,must be greater or equal to,1000000,15000000,waived,Block Requirements,,,false,1,,2026-08-16
"Block Real Estate Services, LLC",69fdf76e62446148bd8573a8,69fded1762446148bd848e83,"Xerox / Image Quest, Inc.",69fdf0023b208288e0a7c731,"cck640 - College Crossing K {College K, LLC }",evidenceOfInsurance,Evidence of Insurance,excessOrUmbrellaLiability,Umbrella/Excess Liability,evidenceOfInsuranceExcessOrUmbrellaLiabilityAggregate,Aggregate,,matchOnce,must be greater or equal to,1000000,15000000,waived,Block Requirements,,,false,1,,2026-08-16
"Block Real Estate Services, LLC",69fdf76e62446148bd8573a8,69fded1762446148bd848e83,"Xerox / Image Quest, Inc.",69fdf0023b208288e0a7c731,"cck640 - College Crossing K {College K, LLC }",evidenceOfInsurance,Evidence of Insurance,workersCompensation,Workers' Compensation and Employer's Liability,evidenceOfInsuranceWorkersCompensationStatutoryLimits,Statutory Limits,,matchOnce,must be present,,Present,compliant,Block Requirements,,,false,1,,2026-08-16
"Block Real Estate Services, LLC",69fdf76e62446148bd8573a8,69fded1762446148bd848e83,"Xerox / Image Quest, Inc.",69fdf0023b208288e0a7c731,"cck640 - College Crossing K {College K, LLC }",evidenceOfInsurance,Evidence of Insurance,workersCompensation,Workers' Compensation and Employer's Liability,evidenceOfInsuranceWorkersCompensationEmployersLiabilityEachAccident,Employer's Liability Each Accident,,matchOnce,must be greater or equal to,500000,1000000,compliant,Block Requirements,,,false,1,,2026-08-16
"Block Real Estate Services, LLC",69fdf76e62446148bd8573a8,69fded1762446148bd848e83,"Xerox / Image Quest, Inc.",69fdf0023b208288e0a7c731,"cck640 - College Crossing K {College K, LLC }",evidenceOfInsurance,Evidence of Insurance,workersCompensation,Workers' Compensation and Employer's Liability,evidenceOfInsuranceWorkersCompensationEmployersLiabilityDiseaseEachEmployee,Employer's Liability Disease - each employee,,matchOnce,must be greater or equal to,500000,1000000,compliant,Block Requirements,,,false,1,,2026-08-16
"Block Real Estate Services, LLC",69fdf76e62446148bd8573a8,69fded1762446148bd848e83,"Xerox / Image Quest, Inc.",69fdf0023b208288e0a7c731,"cck640 - College Crossing K {College K, LLC }",evidenceOfInsurance,Evidence of Insurance,workersCompensation,Workers' Compensation and Employer's Liability,evidenceOfInsuranceWorkersCompensationEmployersLiabilityDiseasePolicyLimit,Employer's Liability Disease - policy limit,,matchOnce,must be greater or equal to,500000,1000000,compliant,Block Requirements,,,false,1,,2026-08-16
"Block Real Estate Services, LLC",69fdf76e62446148bd8573a8,69fded1762446148bd848e83,"Xerox / Image Quest, Inc.",69fdf0023b208288e0a7c731,"cck640 - College Crossing K {College K, LLC }",evidenceOfInsurance,Evidence of Insurance,workersCompensation,Workers' Compensation and Employer's Liability,evidenceOfInsuranceWorkersCompensationWaiverOfSubrogationEndorsement,Waiver of Subrogation,"---prompt---
Determine if the insurer has waived their right of subrogation in favor of the certificate holder under the Workers' Compensation policy. Evidence may include: a checked ""Waiver of Subrogation"" box on the certificate, mention in the Description of Operations section stating ""waiver of subrogation applies"", or reference to form WC 00 03 13. Look for language like ""subrogation is waived"" or ""per written contract"".",matchOnce,must be present,,Present,compliant,Block Requirements,,,false,1,,2026-08-16
"Block Real Estate Services, LLC",69fdf76e62446148bd8573a8,69fded1762446148bd848e83,"Xerox / Image Quest, Inc.",69fdf0023b208288e0a7c731,"cck640 - College Crossing K {College K, LLC }",evidenceOfInsurance,Evidence of Insurance,6ac20aae-5728-5d57-b364-aeba38527dba,Additional Requirements,4da5b0f1-4c9d-5885-8cf8-5d3cccaed3e0,"Block Real Estate Services, LLC and all others required by contract are named as Additional Insureds","---prompt---
Determine if the Description of Operations or the Additional Remarks Schedule section states the ""Additional Insured as Construction Management, Inc. and all others required by contract"" or reference to blanket additional insured coverage. Look for language like ""certificate holder is additional insured"" or ""per written contract"".",matchOnce,must be present,,Present,compliant,Block Requirements,,,true,1,,2026-08-16
"Block Real Estate Services, LLC",69fdf76e62446148bd8573a8,69fded1762446148bd848e83,"Xerox / Image Quest, Inc.",69fdf0023b208288e0a7c731,"cck640 - College Crossing K {College K, LLC }",evidenceOfInsurance,Evidence of Insurance,6ac20aae-5728-5d57-b364-aeba38527dba,Additional Requirements,e1017741-e47e-5f58-97b8-fbc3043e919f,Umbrella follows form over General Liability,"---prompt---
Determine if the Umbrella/Excess Liability policy follows form to the underlying policies. Evidence may include: language in the Description of Operations section stating the umbrella follows form to underlying coverages or an additional page endorsement stating that it follows form. Follow form means the umbrella policy adopts the same terms, conditions, and exclusions as the underlying policies.",matchOnce,must be present,,Present,waived,Block Requirements,Umbrella not a requirement in the lease,,true,1,,2026-08-16
"Block Real Estate Services, LLC",69fdf76e62446148bd8573a8,69fded1762446148bd848e83,"Xerox / Image Quest, Inc.",69fdf0023b208288e0a7c731,"cck640 - College Crossing K {College K, LLC }",evidenceOfInsurance,Evidence of Insurance,6ac20aae-5728-5d57-b364-aeba38527dba,Additional Requirements,2cdd866f-c9a4-576a-afd8-1d045762790c,"The location must be listed as: 11106 Strang Line Road, Lenexa, KS, 66215",,matchOnce,must be present,,Present,compliant,Block Requirements,,,true,1,,2026-08-16
"Block Real Estate Services, LLC",69fdf76e62446148bd8573a8,69fded1762446148bd848e83,"Xerox / Image Quest, Inc.",69fdf0023b208288e0a7c731,"cck640 - College Crossing K {College K, LLC }",evidenceOfInsurance,Evidence of Insurance,6ac20aae-5728-5d57-b364-aeba38527dba,Additional Requirements,3649e9d1-4e09-59bf-8f30-cb33c40cf117,"Certificate Holder must read: c/o Block Real Estate Services, LLC, 4622 Pennsylvania St., Suite 700, Kansas City, MO, 64112",,matchOnce,must be present,,Present,compliant,Block Requirements,,,true,1,,2026-08-16
"Block Real Estate Services, LLC",69fdf76e62446148bd8573a6,69fded0f62446148bd848bef,"CEVA Animal Health, LLC / Bioimmune Company",69fdf0023b208288e0a7c731,"cck640 - College Crossing K {College K, LLC }",evidenceOfInsurance,Evidence of Insurance,commercialGeneralLiability,Commercial General Liability,evidenceOfInsuranceCommercialGeneralLiabilityCoverageTriggerOccurrence,Coverage Trigger: Occurrence,,matchOnce,must be present,,,non_compliant,Block Requirements,,,false,0,,2026-08-16
"Block Real Estate Services, LLC",69fdf76e62446148bd8573a6,69fded0f62446148bd848bef,"CEVA Animal Health, LLC / Bioimmune Company",69fdf0023b208288e0a7c731,"cck640 - College Crossing K {College K, LLC }",evidenceOfInsurance,Evidence of Insurance,commercialGeneralLiability,Commercial General Liability,evidenceOfInsuranceCommercialGeneralLiabilityGeneralAggregateLimitAppliesPerLocation,General Aggregate Limit Applies per: Location,,matchOnce,must be present,,,non_compliant,Block Requirements,,,false,0,,2026-08-16
"Block Real Estate Services, LLC",69fdf76e62446148bd8573a6,69fded0f62446148bd848bef,"CEVA Animal Health, LLC / Bioimmune Company",69fdf0023b208288e0a7c731,"cck640 - College Crossing K {College K, LLC }",evidenceOfInsurance,Evidence of Insurance,commercialGeneralLiability,Commercial General Liability,evidenceOfInsuranceCommercialGeneralLiabilityEachOccurrence,Each Occurrence,,matchOnce,must be greater or equal to,1000000,,non_compliant,Block Requirements,,,false,0,,2026-08-16
"Block Real Estate Services, LLC",69fdf76e62446148bd8573a6,69fded0f62446148bd848bef,"CEVA Animal Health, LLC / Bioimmune Company",69fdf0023b208288e0a7c731,"cck640 - College Crossing K {College K, LLC }",evidenceOfInsurance,Evidence of Insurance,commercialGeneralLiability,Commercial General Liability,evidenceOfInsuranceCommercialGeneralLiabilityGeneralAggregate,General Aggregate,,matchOnce,must be greater or equal to,2000000,,non_compliant,Block Requirements,,,false,0,,2026-08-16
"Block Real Estate Services, LLC",69fdf76e62446148bd8573a6,69fded0f62446148bd848bef,"CEVA Animal Health, LLC / Bioimmune Company",69fdf0023b208288e0a7c731,"cck640 - College Crossing K {College K, LLC }",evidenceOfInsurance,Evidence of Insurance,commercialGeneralLiability,Commercial General Liability,evidenceOfInsuranceCommercialGeneralLiabilityWaiverOfSubrogationEndorsement,Waiver of Subrogation,"---prompt---
Determine if the insurer has waived their right of subrogation in favor of the certificate holder under the Commercial General Liability policy. Evidence may include: a checked ""Waiver of Subrogation"" box on the certificate, mention in the Description of Operations section stating ""waiver of subrogation applies"", or reference to form CG 24 04. Look for language like ""subrogation is waived"" or ""per written contract"".",matchOnce,must be present,,,non_compliant,Block Requirements,,,false,0,,2026-08-16
"Block Real Estate Services, LLC",69fdf76e62446148bd8573a6,69fded0f62446148bd848bef,"CEVA Animal Health, LLC / Bioimmune Company",69fdf0023b208288e0a7c731,"cck640 - College Crossing K {College K, LLC }",evidenceOfInsurance,Evidence of Insurance,excessOrUmbrellaLiability,Umbrella/Excess Liability,evidenceOfInsuranceExcessOrUmbrellaLiabilityOccurence,Coverage Trigger: Occurrence,,matchOnce,must be present,,,non_compliant,Block Requirements,,,false,0,,2026-08-16
"Block Real Estate Services, LLC",69fdf76e62446148bd8573a6,69fded0f62446148bd848bef,"CEVA Animal Health, LLC / Bioimmune Company",69fdf0023b208288e0a7c731,"cck640 - College Crossing K {College K, LLC }",evidenceOfInsurance,Evidence of Insurance,excessOrUmbrellaLiability,Umbrella/Excess Liability,evidenceOfInsuranceExcessOrUmbrellaLiabilityEachOccurrence,Each Occurrence,,matchOnce,must be greater or equal to,1000000,,non_compliant,Block Requirements,,,false,0,,2026-08-16
"Block Real Estate Services, LLC",69fdf76e62446148bd8573a6,69fded0f62446148bd848bef,"CEVA Animal Health, LLC / Bioimmune Company",69fdf0023b208288e0a7c731,"cck640 - College Crossing K {College K, LLC }",evidenceOfInsurance,Evidence of Insurance,excessOrUmbrellaLiability,Umbrella/Excess Liability,evidenceOfInsuranceExcessOrUmbrellaLiabilityAggregate,Aggregate,,matchOnce,must be greater or equal to,1000000,,non_compliant,Block Requirements,,,false,0,,2026-08-16
"Block Real Estate Services, LLC",69fdf76e62446148bd8573a6,69fded0f62446148bd848bef,"CEVA Animal Health, LLC / Bioimmune Company",69fdf0023b208288e0a7c731,"cck640 - College Crossing K {College K, LLC }",evidenceOfInsurance,Evidence of Insurance,workersCompensation,Workers' Compensation and Employer's Liability,evidenceOfInsuranceWorkersCompensationStatutoryLimits,Statutory Limits,,matchOnce,must be present,,,non_compliant,Block Requirements,,,false,0,,2026-08-16
"Block Real Estate Services, LLC",69fdf76e62446148bd8573a6,69fded0f62446148bd848bef,"CEVA Animal Health, LLC / Bioimmune Company",69fdf0023b208288e0a7c731,"cck640 - College Crossing K {College K, LLC }",evidenceOfInsurance,Evidence of Insurance,workersCompensation,Workers' Compensation and Employer's Liability,evidenceOfInsuranceWorkersCompensationEmployersLiabilityEachAccident,Employer's Liability Each Accident,,matchOnce,must be greater or equal to,500000,,non_compliant,Block Requirements,,,false,0,,2026-08-16
"Block Real Estate Services, LLC",69fdf76e62446148bd8573a6,69fded0f62446148bd848bef,"CEVA Animal Health, LLC / Bioimmune Company",69fdf0023b208288e0a7c731,"cck640 - College Crossing K {College K, LLC }",evidenceOfInsurance,Evidence of Insurance,workersCompensation,Workers' Compensation and Employer's Liability,evidenceOfInsuranceWorkersCompensationEmployersLiabilityDiseaseEachEmployee,Employer's Liability Disease - each employee,,matchOnce,must be greater or equal to,500000,,non_compliant,Block Requirements,,,false,0,,2026-08-16
"Block Real Estate Services, LLC",69fdf76e62446148bd8573a6,69fded0f62446148bd848bef,"CEVA Animal Health, LLC / Bioimmune Company",69fdf0023b208288e0a7c731,"cck640 - College Crossing K {College K, LLC }",evidenceOfInsurance,Evidence of Insurance,workersCompensation,Workers' Compensation and Employer's Liability,evidenceOfInsuranceWorkersCompensationEmployersLiabilityDiseasePolicyLimit,Employer's Liability Disease - policy limit,,matchOnce,must be greater or equal to,500000,,non_compliant,Block Requirements,,,false,0,,2026-08-16
"Block Real Estate Services, LLC",69fdf76e62446148bd8573a6,69fded0f62446148bd848bef,"CEVA Animal Health, LLC / Bioimmune Company",69fdf0023b208288e0a7c731,"cck640 - College Crossing K {College K, LLC }",evidenceOfInsurance,Evidence of Insurance,workersCompensation,Workers' Compensation and Employer's Liability,evidenceOfInsuranceWorkersCompensationWaiverOfSubrogationEndorsement,Waiver of Subrogation,"---prompt---
Determine if the insurer has waived their right of subrogation in favor of the certificate holder under the Workers' Compensation policy. Evidence may include: a checked ""Waiver of Subrogation"" box on the certificate, mention in the Description of Operations section stating ""waiver of subrogation applies"", or reference to form WC 00 03 13. Look for language like ""subrogation is waived"" or ""per written contract"".",matchOnce,must be present,,,non_compliant,Block Requirements,,,false,0,,2026-08-16
"Block Real Estate Services, LLC",69fdf76e62446148bd8573a6,69fded0f62446148bd848bef,"CEVA Animal Health, LLC / Bioimmune Company",69fdf0023b208288e0a7c731,"cck640 - College Crossing K {College K, LLC }",evidenceOfInsurance,Evidence of Insurance,6ac20aae-5728-5d57-b364-aeba38527dba,Additional Requirements,4da5b0f1-4c9d-5885-8cf8-5d3cccaed3e0,"Block Real Estate Services, LLC and all others required by contract are named as Additional Insureds","---prompt---
Determine if the Description of Operations or the Additional Remarks Schedule section states the ""Additional Insured as Construction Management, Inc. and all others required by contract"" or reference to blanket additional insured coverage. Look for language like ""certificate holder is additional insured"" or ""per written contract"".",matchOnce,must be present,,,non_compliant,Block Requirements,,,true,0,,2026-08-16
"Block Real Estate Services, LLC",69fdf76e62446148bd8573a6,69fded0f62446148bd848bef,"CEVA Animal Health, LLC / Bioimmune Company",69fdf0023b208288e0a7c731,"cck640 - College Crossing K {College K, LLC }",evidenceOfInsurance,Evidence of Insurance,6ac20aae-5728-5d57-b364-aeba38527dba,Additional Requirements,e1017741-e47e-5f58-97b8-fbc3043e919f,Umbrella follows form over General Liability,"---prompt---
Determine if the Umbrella/Excess Liability policy follows form to the underlying policies. Evidence may include: language in the Description of Operations section stating the umbrella follows form to underlying coverages or an additional page endorsement stating that it follows form. Follow form means the umbrella policy adopts the same terms, conditions, and exclusions as the underlying policies.",matchOnce,must be present,,,non_compliant,Block Requirements,,,true,0,,2026-08-16
"Block Real Estate Services, LLC",69fdf76e62446148bd8573a6,69fded0f62446148bd848bef,"CEVA Animal Health, LLC / Bioimmune Company",69fdf0023b208288e0a7c731,"cck640 - College Crossing K {College K, LLC }",evidenceOfInsurance,Evidence of Insurance,6ac20aae-5728-5d57-b364-aeba38527dba,Additional Requirements,2cdd866f-c9a4-576a-afd8-1d045762790c,"The location must be listed as: 11110 Strang Line Road, Lenexa, KS, 66215",,matchOnce,must be present,,,non_compliant,Block Requirements,,,true,0,,2026-08-16
"Block Real Estate Services, LLC",69fdf76e62446148bd8573a6,69fded0f62446148bd848bef,"CEVA Animal Health, LLC / Bioimmune Company",69fdf0023b208288e0a7c731,"cck640 - College Crossing K {College K, LLC }",evidenceOfInsurance,Evidence of Insurance,6ac20aae-5728-5d57-b364-aeba38527dba,Additional Requirements,3649e9d1-4e09-59bf-8f30-cb33c40cf117,"Certificate Holder must read: c/o Block Real Estate Services, LLC, 4622 Pennsylvania St., Suite 700, Kansas City, MO, 64112",,matchOnce,must be present,,,non_compliant,Block Requirements,,,true,0,,2026-08-16
"Block Real Estate Services, LLC",69fdf7a362446148bd85b042,69fded1c62446148bd849024,Ollie's Bargain Outlet Inc,69fdf181e45e7dcf5c43c857,"tic472 - Crossroads Bonner Springs, LLC",evidenceOfInsurance,Evidence of Insurance,commercialGeneralLiability,Commercial General Liability,evidenceOfInsuranceCommercialGeneralLiabilityCoverageTriggerOccurrence,Coverage Trigger: Occurrence,,matchOnce,must be present,,,non_compliant,Block Requirements,,,false,0,,2026-08-16
"Block Real Estate Services, LLC",69fdf7a362446148bd85b042,69fded1c62446148bd849024,Ollie's Bargain Outlet Inc,69fdf181e45e7dcf5c43c857,"tic472 - Crossroads Bonner Springs, LLC",evidenceOfInsurance,Evidence of Insurance,commercialGeneralLiability,Commercial General Liability,evidenceOfInsuranceCommercialGeneralLiabilityGeneralAggregateLimitAppliesPerLocation,General Aggregate Limit Applies per: Location,,matchOnce,must be present,,,non_compliant,Block Requirements,,,false,0,,2026-08-16
"Block Real Estate Services, LLC",69fdf7a362446148bd85b042,69fded1c62446148bd849024,Ollie's Bargain Outlet Inc,69fdf181e45e7dcf5c43c857,"tic472 - Crossroads Bonner Springs, LLC",evidenceOfInsurance,Evidence of Insurance,commercialGeneralLiability,Commercial General Liability,evidenceOfInsuranceCommercialGeneralLiabilityEachOccurrence,Each Occurrence,,matchOnce,must be greater or equal to,1000000,,non_compliant,Block Requirements,,,false,0,,2026-08-16
"Block Real Estate Services, LLC",69fdf7a362446148bd85b042,69fded1c62446148bd849024,Ollie's Bargain Outlet Inc,69fdf181e45e7dcf5c43c857,"tic472 - Crossroads Bonner Springs, LLC",evidenceOfInsurance,Evidence of Insurance,commercialGeneralLiability,Commercial General Liability,evidenceOfInsuranceCommercialGeneralLiabilityGeneralAggregate,General Aggregate,,matchOnce,must be greater or equal to,2000000,,non_compliant,Block Requirements,,,false,0,,2026-08-16
"Block Real Estate Services, LLC",69fdf7a362446148bd85b042,69fded1c62446148bd849024,Ollie's Bargain Outlet Inc,69fdf181e45e7dcf5c43c857,"tic472 - Crossroads Bonner Springs, LLC",evidenceOfInsurance,Evidence of Insurance,commercialGeneralLiability,Commercial General Liability,evidenceOfInsuranceCommercialGeneralLiabilityWaiverOfSubrogationEndorsement,Waiver of Subrogation,"---prompt---
Determine if the insurer has waived their right of subrogation in favor of the certificate holder under the Commercial General Liability policy. Evidence may include: a checked ""Waiver of Subrogation"" box on the certificate, mention in the Description of Operations section stating ""waiver of subrogation applies"", or reference to form CG 24 04. Look for language like ""subrogation is waived"" or ""per written contract"".",matchOnce,must be present,,,non_compliant,Block Requirements,,,false,0,,2026-08-16
"Block Real Estate Services, LLC",69fdf7a362446148bd85b042,69fded1c62446148bd849024,Ollie's Bargain Outlet Inc,69fdf181e45e7dcf5c43c857,"tic472 - Crossroads Bonner Springs, LLC",evidenceOfInsurance,Evidence of Insurance,excessOrUmbrellaLiability,Umbrella/Excess Liability,evidenceOfInsuranceExcessOrUmbrellaLiabilityOccurence,Coverage Trigger: Occurrence,,matchOnce,must be present,,,non_compliant,Block Requirements,,,false,0,,2026-08-16
"Block Real Estate Services, LLC",69fdf7a362446148bd85b042,69fded1c62446148bd849024,Ollie's Bargain Outlet Inc,69fdf181e45e7dcf5c43c857,"tic472 - Crossroads Bonner Springs, LLC",evidenceOfInsurance,Evidence of Insurance,excessOrUmbrellaLiability,Umbrella/Excess Liability,evidenceOfInsuranceExcessOrUmbrellaLiabilityEachOccurrence,Each Occurrence,,matchOnce,must be greater or equal to,1000000,,non_compliant,Block Requirements,,,false,0,,2026-08-16
"Block Real Estate Services, LLC",69fdf7a362446148bd85b042,69fded1c62446148bd849024,Ollie's Bargain Outlet Inc,69fdf181e45e7dcf5c43c857,"tic472 - Crossroads Bonner Springs, LLC",evidenceOfInsurance,Evidence of Insurance,excessOrUmbrellaLiability,Umbrella/Excess Liability,evidenceOfInsuranceExcessOrUmbrellaLiabilityAggregate,Aggregate,,matchOnce,must be greater or equal to,1000000,,non_compliant,Block Requirements,,,false,0,,2026-08-16
"Block Real Estate Services, LLC",69fdf7a362446148bd85b042,69fded1c62446148bd849024,Ollie's Bargain Outlet Inc,69fdf181e45e7dcf5c43c857,"tic472 - Crossroads Bonner Springs, LLC",evidenceOfInsurance,Evidence of Insurance,workersCompensation,Workers' Compensation and Employer's Liability,evidenceOfInsuranceWorkersCompensationStatutoryLimits,Statutory Limits,,matchOnce,must be present,,,non_compliant,Block Requirements,,,false,0,,2026-08-16
"Block Real Estate Services, LLC",69fdf7a362446148bd85b042,69fded1c62446148bd849024,Ollie's Bargain Outlet Inc,69fdf181e45e7dcf5c43c857,"tic472 - Crossroads Bonner Springs, LLC",evidenceOfInsurance,Evidence of Insurance,workersCompensation,Workers' Compensation and Employer's Liability,evidenceOfInsuranceWorkersCompensationEmployersLiabilityEachAccident,Employer's Liability Each Accident,,matchOnce,must be greater or equal to,500000,,non_compliant,Block Requirements,,,false,0,,2026-08-16
"Block Real Estate Services, LLC",69fdf7a362446148bd85b042,69fded1c62446148bd849024,Ollie's Bargain Outlet Inc,69fdf181e45e7dcf5c43c857,"tic472 - Crossroads Bonner Springs, LLC",evidenceOfInsurance,Evidence of Insurance,workersCompensation,Workers' Compensation and Employer's Liability,evidenceOfInsuranceWorkersCompensationEmployersLiabilityDiseaseEachEmployee,Employer's Liability Disease - each employee,,matchOnce,must be greater or equal to,500000,,non_compliant,Block Requirements,,,false,0,,2026-08-16
"Block Real Estate Services, LLC",69fdf7a362446148bd85b042,69fded1c62446148bd849024,Ollie's Bargain Outlet Inc,69fdf181e45e7dcf5c43c857,"tic472 - Crossroads Bonner Springs, LLC",evidenceOfInsurance,Evidence of Insurance,workersCompensation,Workers' Compensation and Employer's Liability,evidenceOfInsuranceWorkersCompensationEmployersLiabilityDiseasePolicyLimit,Employer's Liability Disease - policy limit,,matchOnce,must be greater or equal to,500000,,non_compliant,Block Requirements,,,false,0,,2026-08-16
"Block Real Estate Services, LLC",69fdf7a362446148bd85b042,69fded1c62446148bd849024,Ollie's Bargain Outlet Inc,69fdf181e45e7dcf5c43c857,"tic472 - Crossroads Bonner Springs, LLC",evidenceOfInsurance,Evidence of Insurance,workersCompensation,Workers' Compensation and Employer's Liability,evidenceOfInsuranceWorkersCompensationWaiverOfSubrogationEndorsement,Waiver of Subrogation,"---prompt---
Determine if the insurer has waived their right of subrogation in favor of the certificate holder under the Workers' Compensation policy. Evidence may include: a checked ""Waiver of Subrogation"" box on the certificate, mention in the Description of Operations section stating ""waiver of subrogation applies"", or reference to form WC 00 03 13. Look for language like ""subrogation is waived"" or ""per written contract"".",matchOnce,must be present,,,non_compliant,Block Requirements,,,false,0,,2026-08-16
"Block Real Estate Services, LLC",69fdf7a362446148bd85b042,69fded1c62446148bd849024,Ollie's Bargain Outlet Inc,69fdf181e45e7dcf5c43c857,"tic472 - Crossroads Bonner Springs, LLC",evidenceOfInsurance,Evidence of Insurance,6ac20aae-5728-5d57-b364-aeba38527dba,Additional Requirements,4da5b0f1-4c9d-5885-8cf8-5d3cccaed3e0,"Block Real Estate Services, LLC and all others required by contract are named as Additional Insureds","---prompt---
Determine if the Description of Operations or the Additional Remarks Schedule section states the ""Additional Insured as Construction Management, Inc. and all others required by contract"" or reference to blanket additional insured coverage. Look for language like ""certificate holder is additional insured"" or ""per written contract"".",matchOnce,must be present,,,non_compliant,Block Requirements,,,true,0,,2026-08-16
"Block Real Estate Services, LLC",69fdf7a362446148bd85b042,69fded1c62446148bd849024,Ollie's Bargain Outlet Inc,69fdf181e45e7dcf5c43c857,"tic472 - Crossroads Bonner Springs, LLC",evidenceOfInsurance,Evidence of Insurance,6ac20aae-5728-5d57-b364-aeba38527dba,Additional Requirements,e1017741-e47e-5f58-97b8-fbc3043e919f,Umbrella follows form over General Liability,"---prompt---
Determine if the Umbrella/Excess Liability policy follows form to the underlying policies. Evidence may include: language in the Description of Operations section stating the umbrella follows form to underlying coverages or an additional page endorsement stating that it follows form. Follow form means the umbrella policy adopts the same terms, conditions, and exclusions as the underlying policies.",matchOnce,must be present,,,non_compliant,Block Requirements,,,true,0,,2026-08-16
"Block Real Estate Services, LLC",69fdf7a362446148bd85b042,69fded1c62446148bd849024,Ollie's Bargain Outlet Inc,69fdf181e45e7dcf5c43c857,"tic472 - Crossroads Bonner Springs, LLC",evidenceOfInsurance,Evidence of Insurance,6ac20aae-5728-5d57-b364-aeba38527dba,Additional Requirements,2cdd866f-c9a4-576a-afd8-1d045762790c,The location must be listed as: 616 S. 130th Street Bonner Springs KS 66012,,matchOnce,must be present,,,non_compliant,Block Requirements,,,true,0,,2026-08-16
"Block Real Estate Services, LLC",69fdf7a362446148bd85b042,69fded1c62446148bd849024,Ollie's Bargain Outlet Inc,69fdf181e45e7dcf5c43c857,"tic472 - Crossroads Bonner Springs, LLC",evidenceOfInsurance,Evidence of Insurance,6ac20aae-5728-5d57-b364-aeba38527dba,Additional Requirements,3649e9d1-4e09-59bf-8f30-cb33c40cf117,"Certificate Holder must read: c/o Block Real Estate Services, LLC, 4622 Pennsylvania St., Suite 700, Kansas City, MO, 64112",,matchOnce,must be present,,,non_compliant,Block Requirements,,,true,0,,2026-08-16
"Block Real Estate Services, LLC",69fdf7a362446148bd85b041,69fded1362446148bd848d21,Dollar Tree,69fdf181e45e7dcf5c43c857,"tic472 - Crossroads Bonner Springs, LLC",evidenceOfInsurance,Evidence of Insurance,commercialGeneralLiability,Commercial General Liability,evidenceOfInsuranceCommercialGeneralLiabilityCoverageTriggerOccurrence,Coverage Trigger: Occurrence,,matchOnce,must be present,,Present,compliant,Block Requirements,,,false,1,,2026-08-16
"Block Real Estate Services, LLC",69fdf7a362446148bd85b041,69fded1362446148bd848d21,Dollar Tree,69fdf181e45e7dcf5c43c857,"tic472 - Crossroads Bonner Springs, LLC",evidenceOfInsurance,Evidence of Insurance,commercialGeneralLiability,Commercial General Liability,evidenceOfInsuranceCommercialGeneralLiabilityGeneralAggregateLimitAppliesPerLocation,General Aggregate Limit Applies per: Location,,matchOnce,must be present,,,non_compliant,Block Requirements,,,false,0,,2026-08-16
"Block Real Estate Services, LLC",69fdf7a362446148bd85b041,69fded1362446148bd848d21,Dollar Tree,69fdf181e45e7dcf5c43c857,"tic472 - Crossroads Bonner Springs, LLC",evidenceOfInsurance,Evidence of Insurance,commercialGeneralLiability,Commercial General Liability,evidenceOfInsuranceCommercialGeneralLiabilityEachOccurrence,Each Occurrence,,matchOnce,must be greater or equal to,1000000,4000000,compliant,Block Requirements,,,false,1,,2026-08-16
"Block Real Estate Services, LLC",69fdf7a362446148bd85b041,69fded1362446148bd848d21,Dollar Tree,69fdf181e45e7dcf5c43c857,"tic472 - Crossroads Bonner Springs, LLC",evidenceOfInsurance,Evidence of Insurance,commercialGeneralLiability,Commercial General Liability,evidenceOfInsuranceCommercialGeneralLiabilityGeneralAggregate,General Aggregate,,matchOnce,must be greater or equal to,2000000,20000000,compliant,Block Requirements,,,false,1,,2026-08-16
"Block Real Estate Services, LLC",69fdf7a362446148bd85b041,69fded1362446148bd848d21,Dollar Tree,69fdf181e45e7dcf5c43c857,"tic472 - Crossroads Bonner Springs, LLC",evidenceOfInsurance,Evidence of Insurance,commercialGeneralLiability,Commercial General Liability,evidenceOfInsuranceCommercialGeneralLiabilityWaiverOfSubrogationEndorsement,Waiver of Subrogation,"---prompt---
Determine if the insurer has waived their right of subrogation in favor of the certificate holder under the Commercial General Liability policy. Evidence may include: a checked ""Waiver of Subrogation"" box on the certificate, mention in the Description of Operations section stating ""waiver of subrogation applies"", or reference to form CG 24 04. Look for language like ""subrogation is waived"" or ""per written contract"".",matchOnce,must be present,,,non_compliant,Block Requirements,,,false,0,,2026-08-16
"Block Real Estate Services, LLC",69fdf7a362446148bd85b041,69fded1362446148bd848d21,Dollar Tree,69fdf181e45e7dcf5c43c857,"tic472 - Crossroads Bonner Springs, LLC",evidenceOfInsurance,Evidence of Insurance,excessOrUmbrellaLiability,Umbrella/Excess Liability,evidenceOfInsuranceExcessOrUmbrellaLiabilityOccurence,Coverage Trigger: Occurrence,,matchOnce,must be present,,Present,compliant,Block Requirements,,,false,1,,2026-08-16
"Block Real Estate Services, LLC",69fdf7a362446148bd85b041,69fded1362446148bd848d21,Dollar Tree,69fdf181e45e7dcf5c43c857,"tic472 - Crossroads Bonner Springs, LLC",evidenceOfInsurance,Evidence of Insurance,excessOrUmbrellaLiability,Umbrella/Excess Liability,evidenceOfInsuranceExcessOrUmbrellaLiabilityEachOccurrence,Each Occurrence,,matchOnce,must be greater or equal to,1000000,10000000,compliant,Block Requirements,,,false,1,,2026-08-16
"Block Real Estate Services, LLC",69fdf7a362446148bd85b041,69fded1362446148bd848d21,Dollar Tree,69fdf181e45e7dcf5c43c857,"tic472 - Crossroads Bonner Springs, LLC",evidenceOfInsurance,Evidence of Insurance,excessOrUmbrellaLiability,Umbrella/Excess Liability,evidenceOfInsuranceExcessOrUmbrellaLiabilityAggregate,Aggregate,,matchOnce,must be greater or equal to,1000000,10000000,compliant,Block Requirements,,,false,1,,2026-08-16
"Block Real Estate Services, LLC",69fdf7a362446148bd85b041,69fded1362446148bd848d21,Dollar Tree,69fdf181e45e7dcf5c43c857,"tic472 - Crossroads Bonner Springs, LLC",evidenceOfInsurance,Evidence of Insurance,workersCompensation,Workers' Compensation and Employer's Liability,evidenceOfInsuranceWorkersCompensationStatutoryLimits,Statutory Limits,,matchOnce,must be present,,Present,compliant,Block Requirements,,,false,1,,2026-08-16
"Block Real Estate Services, LLC",69fdf7a362446148bd85b041,69fded1362446148bd848d21,Dollar Tree,69fdf181e45e7dcf5c43c857,"tic472 - Crossroads Bonner Springs, LLC",evidenceOfInsurance,Evidence of Insurance,workersCompensation,Workers' Compensation and Employer's Liability,evidenceOfInsuranceWorkersCompensationEmployersLiabilityEachAccident,Employer's Liability Each Accident,,matchOnce,must be greater or equal to,500000,1000000,compliant,Block Requirements,,,false,1,,2026-08-16
"Block Real Estate Services, LLC",69fdf7a362446148bd85b041,69fded1362446148bd848d21,Dollar Tree,69fdf181e45e7dcf5c43c857,"tic472 - Crossroads Bonner Springs, LLC",evidenceOfInsurance,Evidence of Insurance,workersCompensation,Workers' Compensation and Employer's Liability,evidenceOfInsuranceWorkersCompensationEmployersLiabilityDiseaseEachEmployee,Employer's Liability Disease - each employee,,matchOnce,must be greater or equal to,500000,1000000,compliant,Block Requirements,,,false,1,,2026-08-16
"Block Real Estate Services, LLC",69fdf7a362446148bd85b041,69fded1362446148bd848d21,Dollar Tree,69fdf181e45e7dcf5c43c857,"tic472 - Crossroads Bonner Springs, LLC",evidenceOfInsurance,Evidence of Insurance,workersCompensation,Workers' Compensation and Employer's Liability,evidenceOfInsuranceWorkersCompensationEmployersLiabilityDiseasePolicyLimit,Employer's Liability Disease - policy limit,,matchOnce,must be greater or equal to,500000,1000000,compliant,Block Requirements,,,false,1,,2026-08-16
"Block Real Estate Services, LLC",69fdf7a362446148bd85b041,69fded1362446148bd848d21,Dollar Tree,69fdf181e45e7dcf5c43c857,"tic472 - Crossroads Bonner Springs, LLC",evidenceOfInsurance,Evidence of Insurance,workersCompensation,Workers' Compensation and Employer's Liability,evidenceOfInsuranceWorkersCompensationWaiverOfSubrogationEndorsement,Waiver of Subrogation,"---prompt---
Determine if the insurer has waived their right of subrogation in favor of the certificate holder under the Workers' Compensation policy. Evidence may include: a checked ""Waiver of Subrogation"" box on the certificate, mention in the Description of Operations section stating ""waiver of subrogation applies"", or reference to form WC 00 03 13. Look for language like ""subrogation is waived"" or ""per written contract"".",matchOnce,must be present,,,non_compliant,Block Requirements,,,false,0,,2026-08-16
"Block Real Estate Services, LLC",69fdf7a362446148bd85b041,69fded1362446148bd848d21,Dollar Tree,69fdf181e45e7dcf5c43c857,"tic472 - Crossroads Bonner Springs, LLC",evidenceOfInsurance,Evidence of Insurance,6ac20aae-5728-5d57-b364-aeba38527dba,Additional Requirements,4da5b0f1-4c9d-5885-8cf8-5d3cccaed3e0,"Block Real Estate Services, LLC and all others required by contract are named as Additional Insureds","---prompt---
Determine if the Description of Operations or the Additional Remarks Schedule section states the ""Additional Insured as Construction Management, Inc. and all others required by contract"" or reference to blanket additional insured coverage. Look for language like ""certificate holder is additional insured"" or ""per written contract"".",matchOnce,must be present,,,non_compliant,Block Requirements,,,true,0,,2026-08-16
"Block Real Estate Services, LLC",69fdf7a362446148bd85b041,69fded1362446148bd848d21,Dollar Tree,69fdf181e45e7dcf5c43c857,"tic472 - Crossroads Bonner Springs, LLC",evidenceOfInsurance,Evidence of Insurance,6ac20aae-5728-5d57-b364-aeba38527dba,Additional Requirements,e1017741-e47e-5f58-97b8-fbc3043e919f,Umbrella follows form over General Liability,"---prompt---
Determine if the Umbrella/Excess Liability policy follows form to the underlying policies. Evidence may include: language in the Description of Operations section stating the umbrella follows form to underlying coverages or an additional page endorsement stating that it follows form. Follow form means the umbrella policy adopts the same terms, conditions, and exclusions as the underlying policies.",matchOnce,must be present,,,non_compliant,Block Requirements,,,true,0,,2026-08-16
"Block Real Estate Services, LLC",69fdf7a362446148bd85b041,69fded1362446148bd848d21,Dollar Tree,69fdf181e45e7dcf5c43c857,"tic472 - Crossroads Bonner Springs, LLC",evidenceOfInsurance,Evidence of Insurance,6ac20aae-5728-5d57-b364-aeba38527dba,Additional Requirements,2cdd866f-c9a4-576a-afd8-1d045762790c,The location must be listed as: 612 S. 130th Street Bonner Springs KS 66012,,matchOnce,must be present,,Present,compliant,Block Requirements,,,true,1,,2026-08-16
"Block Real Estate Services, LLC",69fdf7a362446148bd85b041,69fded1362446148bd848d21,Dollar Tree,69fdf181e45e7dcf5c43c857,"tic472 - Crossroads Bonner Springs, LLC",evidenceOfInsurance,Evidence of Insurance,6ac20aae-5728-5d57-b364-aeba38527dba,Additional Requirements,3649e9d1-4e09-59bf-8f30-cb33c40cf117,"Certificate Holder must read: c/o Block Real Estate Services, LLC, 4622 Pennsylvania St., Suite 700, Kansas City, MO, 64112",,matchOnce,must be present,,Present,compliant,Block Requirements,,,true,1,,2026-08-16
"Block Real Estate Services, LLC",6a1858fd907a70f1cb1572c3,6a1858dddf417460157fddd6,"Anytime Fitness / Southside Fitness, LLC",69fdf181e45e7dcf5c43c857,"tic472 - Crossroads Bonner Springs, LLC",evidenceOfInsurance,Evidence of Insurance,commercialGeneralLiability,Commercial General Liability,evidenceOfInsuranceCommercialGeneralLiabilityCoverageTriggerOccurrence,Coverage Trigger: Occurrence,,matchOnce,must be present,,Present,compliant,Block Requirements,,,false,1,,2026-08-16
"Block Real Estate Services, LLC",6a1858fd907a70f1cb1572c3,6a1858dddf417460157fddd6,"Anytime Fitness / Southside Fitness, LLC",69fdf181e45e7dcf5c43c857,"tic472 - Crossroads Bonner Springs, LLC",evidenceOfInsurance,Evidence of Insurance,commercialGeneralLiability,Commercial General Liability,evidenceOfInsuranceCommercialGeneralLiabilityGeneralAggregateLimitAppliesPerLocation,General Aggregate Limit Applies per: Location,,matchOnce,must be present,,,non_compliant,Block Requirements,,,false,0,,2026-08-16
"Block Real Estate Services, LLC",6a1858fd907a70f1cb1572c3,6a1858dddf417460157fddd6,"Anytime Fitness / Southside Fitness, LLC",69fdf181e45e7dcf5c43c857,"tic472 - Crossroads Bonner Springs, LLC",evidenceOfInsurance,Evidence of Insurance,commercialGeneralLiability,Commercial General Liability,evidenceOfInsuranceCommercialGeneralLiabilityEachOccurrence,Each Occurrence,,matchOnce,must be greater or equal to,1000000,1000000,compliant,Block Requirements,,,false,1,,2026-08-16
"Block Real Estate Services, LLC",6a1858fd907a70f1cb1572c3,6a1858dddf417460157fddd6,"Anytime Fitness / Southside Fitness, LLC",69fdf181e45e7dcf5c43c857,"tic472 - Crossroads Bonner Springs, LLC",evidenceOfInsurance,Evidence of Insurance,commercialGeneralLiability,Commercial General Liability,evidenceOfInsuranceCommercialGeneralLiabilityGeneralAggregate,General Aggregate,,matchOnce,must be greater or equal to,2000000,3000000,compliant,Block Requirements,,,false,1,,2026-08-16
"Block Real Estate Services, LLC",6a1858fd907a70f1cb1572c3,6a1858dddf417460157fddd6,"Anytime Fitness / Southside Fitness, LLC",69fdf181e45e7dcf5c43c857,"tic472 - Crossroads Bonner Springs, LLC",evidenceOfInsurance,Evidence of Insurance,commercialGeneralLiability,Commercial General Liability,evidenceOfInsuranceCommercialGeneralLiabilityWaiverOfSubrogationEndorsement,Waiver of Subrogation,"---prompt---
Determine if the insurer has waived their right of subrogation in favor of the certificate holder under the Commercial General Liability policy. Evidence may include: a checked ""Waiver of Subrogation"" box on the certificate, mention in the Description of Operations section stating ""waiver of subrogation applies"", or reference to form CG 24 04. Look for language like ""subrogation is waived"" or ""per written contract"".",matchOnce,must be present,,Present,compliant,Block Requirements,,,false,1,,2026-08-16
"Block Real Estate Services, LLC",6a1858fd907a70f1cb1572c3,6a1858dddf417460157fddd6,"Anytime Fitness / Southside Fitness, LLC",69fdf181e45e7dcf5c43c857,"tic472 - Crossroads Bonner Springs, LLC",evidenceOfInsurance,Evidence of Insurance,excessOrUmbrellaLiability,Umbrella/Excess Liability,evidenceOfInsuranceExcessOrUmbrellaLiabilityOccurence,Coverage Trigger: Occurrence,,matchOnce,must be present,,Present,compliant,Block Requirements,,,false,1,,2026-08-16
"Block Real Estate Services, LLC",6a1858fd907a70f1cb1572c3,6a1858dddf417460157fddd6,"Anytime Fitness / Southside Fitness, LLC",69fdf181e45e7dcf5c43c857,"tic472 - Crossroads Bonner Springs, LLC",evidenceOfInsurance,Evidence of Insurance,excessOrUmbrellaLiability,Umbrella/Excess Liability,evidenceOfInsuranceExcessOrUmbrellaLiabilityEachOccurrence,Each Occurrence,,matchOnce,must be greater or equal to,1000000,1000000,compliant,Block Requirements,,,false,1,,2026-08-16
"Block Real Estate Services, LLC",6a1858fd907a70f1cb1572c3,6a1858dddf417460157fddd6,"Anytime Fitness / Southside Fitness, LLC",69fdf181e45e7dcf5c43c857,"tic472 - Crossroads Bonner Springs, LLC",evidenceOfInsurance,Evidence of Insurance,excessOrUmbrellaLiability,Umbrella/Excess Liability,evidenceOfInsuranceExcessOrUmbrellaLiabilityAggregate,Aggregate,,matchOnce,must be greater or equal to,1000000,1000000,compliant,Block Requirements,,,false,1,,2026-08-16
"Block Real Estate Services, LLC",6a1858fd907a70f1cb1572c3,6a1858dddf417460157fddd6,"Anytime Fitness / Southside Fitness, LLC",69fdf181e45e7dcf5c43c857,"tic472 - Crossroads Bonner Springs, LLC",evidenceOfInsurance,Evidence of Insurance,workersCompensation,Workers' Compensation and Employer's Liability,evidenceOfInsuranceWorkersCompensationStatutoryLimits,Statutory Limits,,matchOnce,must be present,,Present,compliant,Block Requirements,,,false,1,,2026-08-16
"Block Real Estate Services, LLC",6a1858fd907a70f1cb1572c3,6a1858dddf417460157fddd6,"Anytime Fitness / Southside Fitness, LLC",69fdf181e45e7dcf5c43c857,"tic472 - Crossroads Bonner Springs, LLC",evidenceOfInsurance,Evidence of Insurance,workersCompensation,Workers' Compensation and Employer's Liability,evidenceOfInsuranceWorkersCompensationEmployersLiabilityEachAccident,Employer's Liability Each Accident,,matchOnce,must be greater or equal to,500000,1000000,compliant,Block Requirements,,,false,1,,2026-08-16
"Block Real Estate Services, LLC",6a1858fd907a70f1cb1572c3,6a1858dddf417460157fddd6,"Anytime Fitness / Southside Fitness, LLC",69fdf181e45e7dcf5c43c857,"tic472 - Crossroads Bonner Springs, LLC",evidenceOfInsurance,Evidence of Insurance,workersCompensation,Workers' Compensation and Employer's Liability,evidenceOfInsuranceWorkersCompensationEmployersLiabilityDiseaseEachEmployee,Employer's Liability Disease - each employee,,matchOnce,must be greater or equal to,500000,1000000,compliant,Block Requirements,,,false,1,,2026-08-16
"Block Real Estate Services, LLC",6a1858fd907a70f1cb1572c3,6a1858dddf417460157fddd6,"Anytime Fitness / Southside Fitness, LLC",69fdf181e45e7dcf5c43c857,"tic472 - Crossroads Bonner Springs, LLC",evidenceOfInsurance,Evidence of Insurance,workersCompensation,Workers' Compensation and Employer's Liability,evidenceOfInsuranceWorkersCompensationEmployersLiabilityDiseasePolicyLimit,Employer's Liability Disease - policy limit,,matchOnce,must be greater or equal to,500000,1000000,compliant,Block Requirements,,,false,1,,2026-08-16
"Block Real Estate Services, LLC",6a1858fd907a70f1cb1572c3,6a1858dddf417460157fddd6,"Anytime Fitness / Southside Fitness, LLC",69fdf181e45e7dcf5c43c857,"tic472 - Crossroads Bonner Springs, LLC",evidenceOfInsurance,Evidence of Insurance,workersCompensation,Workers' Compensation and Employer's Liability,evidenceOfInsuranceWorkersCompensationWaiverOfSubrogationEndorsement,Waiver of Subrogation,"---prompt---
Determine if the insurer has waived their right of subrogation in favor of the certificate holder under the Workers' Compensation policy. Evidence may include: a checked ""Waiver of Subrogation"" box on the certificate, mention in the Description of Operations section stating ""waiver of subrogation applies"", or reference to form WC 00 03 13. Look for language like ""subrogation is waived"" or ""per written contract"".",matchOnce,must be present,,Present,compliant,Block Requirements,,,false,1,,2026-08-16
"Block Real Estate Services, LLC",6a1858fd907a70f1cb1572c3,6a1858dddf417460157fddd6,"Anytime Fitness / Southside Fitness, LLC",69fdf181e45e7dcf5c43c857,"tic472 - Crossroads Bonner Springs, LLC",evidenceOfInsurance,Evidence of Insurance,6ac20aae-5728-5d57-b364-aeba38527dba,Additional Requirements,4da5b0f1-4c9d-5885-8cf8-5d3cccaed3e0,"Block Real Estate Services, LLC and all others required by contract are named as Additional Insureds","---prompt---
Determine if the Description of Operations or the Additional Remarks Schedule section states the ""Additional Insured as Construction Management, Inc. and all others required by contract"" or reference to blanket additional insured coverage. Look for language like ""certificate holder is additional insured"" or ""per written contract"".",matchOnce,must be present,,Present,compliant,Block Requirements,,,true,1,,2026-08-16
"Block Real Estate Services, LLC",6a1858fd907a70f1cb1572c3,6a1858dddf417460157fddd6,"Anytime Fitness / Southside Fitness, LLC",69fdf181e45e7dcf5c43c857,"tic472 - Crossroads Bonner Springs, LLC",evidenceOfInsurance,Evidence of Insurance,6ac20aae-5728-5d57-b364-aeba38527dba,Additional Requirements,e1017741-e47e-5f58-97b8-fbc3043e919f,Umbrella follows form over General Liability,"---prompt---
Determine if the Umbrella/Excess Liability policy follows form to the underlying policies. Evidence may include: language in the Description of Operations section stating the umbrella follows form to underlying coverages or an additional page endorsement stating that it follows form. Follow form means the umbrella policy adopts the same terms, conditions, and exclusions as the underlying policies.",matchOnce,must be present,,Present,compliant,Block Requirements,,,true,1,,2026-08-16
"Block Real Estate Services, LLC",6a1858fd907a70f1cb1572c3,6a1858dddf417460157fddd6,"Anytime Fitness / Southside Fitness, LLC",69fdf181e45e7dcf5c43c857,"tic472 - Crossroads Bonner Springs, LLC",evidenceOfInsurance,Evidence of Insurance,6ac20aae-5728-5d57-b364-aeba38527dba,Additional Requirements,2cdd866f-c9a4-576a-afd8-1d045762790c,The location must be listed as: 620 S. 130th Street Bonner Springs KS 66012,,matchOnce,must be present,,Present,compliant,Block Requirements,,,true,1,,2026-08-16
"Block Real Estate Services, LLC",6a1858fd907a70f1cb1572c3,6a1858dddf417460157fddd6,"Anytime Fitness / Southside Fitness, LLC",69fdf181e45e7dcf5c43c857,"tic472 - Crossroads Bonner Springs, LLC",evidenceOfInsurance,Evidence of Insurance,6ac20aae-5728-5d57-b364-aeba38527dba,Additional Requirements,3649e9d1-4e09-59bf-8f30-cb33c40cf117,"Certificate Holder must read: c/o Block Real Estate Services, LLC, 4622 Pennsylvania St., Suite 700, Kansas City, MO, 64112",,matchOnce,must be present,,Present,compliant,Block Requirements,,,true,1,,2026-08-16
"Block Real Estate Services, LLC",69fdf79262446148bd859c2c,69fded1562446148bd848dc9,Freightsnap LLC,69fdf0fc7f8ab8a84b286ed0,"prg837 - Pine Ridge Building 11 {PERG BUILDINGS, LLC}",evidenceOfInsurance,Evidence of Insurance,commercialGeneralLiability,Commercial General Liability,evidenceOfInsuranceCommercialGeneralLiabilityCoverageTriggerOccurrence,Coverage Trigger: Occurrence,,matchOnce,must be present,,Present,compliant,Block Requirements,,,false,1,,2026-08-16
"Block Real Estate Services, LLC",69fdf79262446148bd859c2c,69fded1562446148bd848dc9,Freightsnap LLC,69fdf0fc7f8ab8a84b286ed0,"prg837 - Pine Ridge Building 11 {PERG BUILDINGS, LLC}",evidenceOfInsurance,Evidence of Insurance,commercialGeneralLiability,Commercial General Liability,evidenceOfInsuranceCommercialGeneralLiabilityGeneralAggregateLimitAppliesPerLocation,General Aggregate Limit Applies per: Location,,matchOnce,must be present,,,non_compliant,Block Requirements,,,false,0,,2026-08-16
"Block Real Estate Services, LLC",69fdf79262446148bd859c2c,69fded1562446148bd848dc9,Freightsnap LLC,69fdf0fc7f8ab8a84b286ed0,"prg837 - Pine Ridge Building 11 {PERG BUILDINGS, LLC}",evidenceOfInsurance,Evidence of Insurance,commercialGeneralLiability,Commercial General Liability,evidenceOfInsuranceCommercialGeneralLiabilityEachOccurrence,Each Occurrence,,matchOnce,must be greater or equal to,1000000,2000000,compliant,Block Requirements,,,false,1,,2026-08-16
"Block Real Estate Services, LLC",69fdf79262446148bd859c2c,69fded1562446148bd848dc9,Freightsnap LLC,69fdf0fc7f8ab8a84b286ed0,"prg837 - Pine Ridge Building 11 {PERG BUILDINGS, LLC}",evidenceOfInsurance,Evidence of Insurance,commercialGeneralLiability,Commercial General Liability,evidenceOfInsuranceCommercialGeneralLiabilityGeneralAggregate,General Aggregate,,matchOnce,must be greater or equal to,2000000,4000000,compliant,Block Requirements,,,false,1,,2026-08-16
"Block Real Estate Services, LLC",69fdf79262446148bd859c2c,69fded1562446148bd848dc9,Freightsnap LLC,69fdf0fc7f8ab8a84b286ed0,"prg837 - Pine Ridge Building 11 {PERG BUILDINGS, LLC}",evidenceOfInsurance,Evidence of Insurance,commercialGeneralLiability,Commercial General Liability,evidenceOfInsuranceCommercialGeneralLiabilityWaiverOfSubrogationEndorsement,Waiver of Subrogation,"---prompt---
Determine if the insurer has waived their right of subrogation in favor of the certificate holder under the Commercial General Liability policy. Evidence may include: a checked ""Waiver of Subrogation"" box on the certificate, mention in the Description of Operations section stating ""waiver of subrogation applies"", or reference to form CG 24 04. Look for language like ""subrogation is waived"" or ""per written contract"".",matchOnce,must be present,,Present,compliant,Block Requirements,,,false,1,,2026-08-16
"Block Real Estate Services, LLC",69fdf79262446148bd859c2c,69fded1562446148bd848dc9,Freightsnap LLC,69fdf0fc7f8ab8a84b286ed0,"prg837 - Pine Ridge Building 11 {PERG BUILDINGS, LLC}",evidenceOfInsurance,Evidence of Insurance,excessOrUmbrellaLiability,Umbrella/Excess Liability,evidenceOfInsuranceExcessOrUmbrellaLiabilityOccurence,Coverage Trigger: Occurrence,,matchOnce,must be present,,Present,compliant,Block Requirements,,,false,2,,2026-08-16
"Block Real Estate Services, LLC",69fdf79262446148bd859c2c,69fded1562446148bd848dc9,Freightsnap LLC,69fdf0fc7f8ab8a84b286ed0,"prg837 - Pine Ridge Building 11 {PERG BUILDINGS, LLC}",evidenceOfInsurance,Evidence of Insurance,excessOrUmbrellaLiability,Umbrella/Excess Liability,evidenceOfInsuranceExcessOrUmbrellaLiabilityEachOccurrence,Each Occurrence,,matchOnce,must be greater or equal to,1000000,3000000,compliant,Block Requirements,,,false,2,,2026-08-16
"Block Real Estate Services, LLC",69fdf79262446148bd859c2c,69fded1562446148bd848dc9,Freightsnap LLC,69fdf0fc7f8ab8a84b286ed0,"prg837 - Pine Ridge Building 11 {PERG BUILDINGS, LLC}",evidenceOfInsurance,Evidence of Insurance,excessOrUmbrellaLiability,Umbrella/Excess Liability,evidenceOfInsuranceExcessOrUmbrellaLiabilityAggregate,Aggregate,,matchOnce,must be greater or equal to,1000000,3000000,compliant,Block Requirements,,,false,2,,2026-08-16
"Block Real Estate Services, LLC",69fdf79262446148bd859c2c,69fded1562446148bd848dc9,Freightsnap LLC,69fdf0fc7f8ab8a84b286ed0,"prg837 - Pine Ridge Building 11 {PERG BUILDINGS, LLC}",evidenceOfInsurance,Evidence of Insurance,workersCompensation,Workers' Compensation and Employer's Liability,evidenceOfInsuranceWorkersCompensationStatutoryLimits,Statutory Limits,,matchOnce,must be present,,,non_compliant,Block Requirements,,,false,0,,2026-08-16
"Block Real Estate Services, LLC",69fdf79262446148bd859c2c,69fded1562446148bd848dc9,Freightsnap LLC,69fdf0fc7f8ab8a84b286ed0,"prg837 - Pine Ridge Building 11 {PERG BUILDINGS, LLC}",evidenceOfInsurance,Evidence of Insurance,workersCompensation,Workers' Compensation and Employer's Liability,evidenceOfInsuranceWorkersCompensationEmployersLiabilityEachAccident,Employer's Liability Each Accident,,matchOnce,must be greater or equal to,500000,1000000,compliant,Block Requirements,,,false,1,,2026-08-16
"Block Real Estate Services, LLC",69fdf79262446148bd859c2c,69fded1562446148bd848dc9,Freightsnap LLC,69fdf0fc7f8ab8a84b286ed0,"prg837 - Pine Ridge Building 11 {PERG BUILDINGS, LLC}",evidenceOfInsurance,Evidence of Insurance,workersCompensation,Workers' Compensation and Employer's Liability,evidenceOfInsuranceWorkersCompensationEmployersLiabilityDiseaseEachEmployee,Employer's Liability Disease - each employee,,matchOnce,must be greater or equal to,500000,1000000,compliant,Block Requirements,,,false,1,,2026-08-16
"Block Real Estate Services, LLC",69fdf79262446148bd859c2c,69fded1562446148bd848dc9,Freightsnap LLC,69fdf0fc7f8ab8a84b286ed0,"prg837 - Pine Ridge Building 11 {PERG BUILDINGS, LLC}",evidenceOfInsurance,Evidence of Insurance,workersCompensation,Workers' Compensation and Employer's Liability,evidenceOfInsuranceWorkersCompensationEmployersLiabilityDiseasePolicyLimit,Employer's Liability Disease - policy limit,,matchOnce,must be greater or equal to,500000,1000000,compliant,Block Requirements,,,false,1,,2026-08-16
"Block Real Estate Services, LLC",69fdf79262446148bd859c2c,69fded1562446148bd848dc9,Freightsnap LLC,69fdf0fc7f8ab8a84b286ed0,"prg837 - Pine Ridge Building 11 {PERG BUILDINGS, LLC}",evidenceOfInsurance,Evidence of Insurance,workersCompensation,Workers' Compensation and Employer's Liability,evidenceOfInsuranceWorkersCompensationWaiverOfSubrogationEndorsement,Waiver of Subrogation,"---prompt---
Determine if the insurer has waived their right of subrogation in favor of the certificate holder under the Workers' Compensation policy. Evidence may include: a checked ""Waiver of Subrogation"" box on the certificate, mention in the Description of Operations section stating ""waiver of subrogation applies"", or reference to form WC 00 03 13. Look for language like ""subrogation is waived"" or ""per written contract"".",matchOnce,must be present,,,non_compliant,Block Requirements,,,false,0,,2026-08-16
"Block Real Estate Services, LLC",69fdf79262446148bd859c2c,69fded1562446148bd848dc9,Freightsnap LLC,69fdf0fc7f8ab8a84b286ed0,"prg837 - Pine Ridge Building 11 {PERG BUILDINGS, LLC}",evidenceOfInsurance,Evidence of Insurance,6ac20aae-5728-5d57-b364-aeba38527dba,Additional Requirements,4da5b0f1-4c9d-5885-8cf8-5d3cccaed3e0,"Block Real Estate Services, LLC and all others required by contract are named as Additional Insureds","---prompt---
Determine if the Description of Operations or the Additional Remarks Schedule section states the ""Additional Insured as Construction Management, Inc. and all others required by contract"" or reference to blanket additional insured coverage. Look for language like ""certificate holder is additional insured"" or ""per written contract"".",matchOnce,must be present,,Present,compliant,Block Requirements,,,true,1,,2026-08-16
"Block Real Estate Services, LLC",69fdf79262446148bd859c2c,69fded1562446148bd848dc9,Freightsnap LLC,69fdf0fc7f8ab8a84b286ed0,"prg837 - Pine Ridge Building 11 {PERG BUILDINGS, LLC}",evidenceOfInsurance,Evidence of Insurance,6ac20aae-5728-5d57-b364-aeba38527dba,Additional Requirements,e1017741-e47e-5f58-97b8-fbc3043e919f,Umbrella follows form over General Liability,"---prompt---
Determine if the Umbrella/Excess Liability policy follows form to the underlying policies. Evidence may include: language in the Description of Operations section stating the umbrella follows form to underlying coverages or an additional page endorsement stating that it follows form. Follow form means the umbrella policy adopts the same terms, conditions, and exclusions as the underlying policies.",matchOnce,must be present,,Present,compliant,Block Requirements,,,true,1,,2026-08-16
"Block Real Estate Services, LLC",69fdf79262446148bd859c2c,69fded1562446148bd848dc9,Freightsnap LLC,69fdf0fc7f8ab8a84b286ed0,"prg837 - Pine Ridge Building 11 {PERG BUILDINGS, LLC}",evidenceOfInsurance,Evidence of Insurance,6ac20aae-5728-5d57-b364-aeba38527dba,Additional Requirements,2cdd866f-c9a4-576a-afd8-1d045762790c,"The location must be listed as: 7935, 7939, 7941 Flint Street Lenexa KS 66214",,matchOnce,must be present,,Present,compliant,Block Requirements,,,true,1,,2026-08-16
"Block Real Estate Services, LLC",69fdf79262446148bd859c2c,69fded1562446148bd848dc9,Freightsnap LLC,69fdf0fc7f8ab8a84b286ed0,"prg837 - Pine Ridge Building 11 {PERG BUILDINGS, LLC}",evidenceOfInsurance,Evidence of Insurance,6ac20aae-5728-5d57-b364-aeba38527dba,Additional Requirements,3649e9d1-4e09-59bf-8f30-cb33c40cf117,"Certificate Holder must read: c/o Block Real Estate Services, LLC, 4622 Pennsylvania St., Suite 700, Kansas City, MO, 64112",,matchOnce,must be present,,Present,compliant,Block Requirements,,,true,1,,2026-08-16
"Block Real Estate Services, LLC",69fdf79262446148bd859c2d,69fded1962446148bd848f13,"LeafFilter North, LLC/Leaf Home Safety Solutions, LLC",69fdf0fc7f8ab8a84b286ed0,"prg837 - Pine Ridge Building 11 {PERG BUILDINGS, LLC}",evidenceOfInsurance,Evidence of Insurance,commercialGeneralLiability,Commercial General Liability,evidenceOfInsuranceCommercialGeneralLiabilityCoverageTriggerOccurrence,Coverage Trigger: Occurrence,,matchOnce,must be present,,Present,compliant,Block Requirements,,,false,1,,2026-08-16
"Block Real Estate Services, LLC",69fdf79262446148bd859c2d,69fded1962446148bd848f13,"LeafFilter North, LLC/Leaf Home Safety Solutions, LLC",69fdf0fc7f8ab8a84b286ed0,"prg837 - Pine Ridge Building 11 {PERG BUILDINGS, LLC}",evidenceOfInsurance,Evidence of Insurance,commercialGeneralLiability,Commercial General Liability,evidenceOfInsuranceCommercialGeneralLiabilityGeneralAggregateLimitAppliesPerLocation,General Aggregate Limit Applies per: Location,,matchOnce,must be present,,Present,compliant,Block Requirements,,,false,1,,2026-08-16
"Block Real Estate Services, LLC",69fdf79262446148bd859c2d,69fded1962446148bd848f13,"LeafFilter North, LLC/Leaf Home Safety Solutions, LLC",69fdf0fc7f8ab8a84b286ed0,"prg837 - Pine Ridge Building 11 {PERG BUILDINGS, LLC}",evidenceOfInsurance,Evidence of Insurance,commercialGeneralLiability,Commercial General Liability,evidenceOfInsuranceCommercialGeneralLiabilityEachOccurrence,Each Occurrence,,matchOnce,must be greater or equal to,1000000,1750000,compliant,Block Requirements,,,false,1,,2026-08-16
"Block Real Estate Services, LLC",69fdf79262446148bd859c2d,69fded1962446148bd848f13,"LeafFilter North, LLC/Leaf Home Safety Solutions, LLC",69fdf0fc7f8ab8a84b286ed0,"prg837 - Pine Ridge Building 11 {PERG BUILDINGS, LLC}",evidenceOfInsurance,Evidence of Insurance,commercialGeneralLiability,Commercial General Liability,evidenceOfInsuranceCommercialGeneralLiabilityGeneralAggregate,General Aggregate,,matchOnce,must be greater or equal to,2000000,4000000,compliant,Block Requirements,,,false,1,,2026-08-16
"Block Real Estate Services, LLC",69fdf79262446148bd859c2d,69fded1962446148bd848f13,"LeafFilter North, LLC/Leaf Home Safety Solutions, LLC",69fdf0fc7f8ab8a84b286ed0,"prg837 - Pine Ridge Building 11 {PERG BUILDINGS, LLC}",evidenceOfInsurance,Evidence of Insurance,commercialGeneralLiability,Commercial General Liability,evidenceOfInsuranceCommercialGeneralLiabilityWaiverOfSubrogationEndorsement,Waiver of Subrogation,"---prompt---
Determine if the insurer has waived their right of subrogation in favor of the certificate holder under the Commercial General Liability policy. Evidence may include: a checked ""Waiver of Subrogation"" box on the certificate, mention in the Description of Operations section stating ""waiver of subrogation applies"", or reference to form CG 24 04. Look for language like ""subrogation is waived"" or ""per written contract"".",matchOnce,must be present,,Present,compliant,Block Requirements,,,false,1,,2026-08-16
"Block Real Estate Services, LLC",69fdf79262446148bd859c2d,69fded1962446148bd848f13,"LeafFilter North, LLC/Leaf Home Safety Solutions, LLC",69fdf0fc7f8ab8a84b286ed0,"prg837 - Pine Ridge Building 11 {PERG BUILDINGS, LLC}",evidenceOfInsurance,Evidence of Insurance,excessOrUmbrellaLiability,Umbrella/Excess Liability,evidenceOfInsuranceExcessOrUmbrellaLiabilityOccurence,Coverage Trigger: Occurrence,,matchOnce,must be present,,Present,compliant,Block Requirements,,,false,1,,2026-08-16
"Block Real Estate Services, LLC",69fdf79262446148bd859c2d,69fded1962446148bd848f13,"LeafFilter North, LLC/Leaf Home Safety Solutions, LLC",69fdf0fc7f8ab8a84b286ed0,"prg837 - Pine Ridge Building 11 {PERG BUILDINGS, LLC}",evidenceOfInsurance,Evidence of Insurance,excessOrUmbrellaLiability,Umbrella/Excess Liability,evidenceOfInsuranceExcessOrUmbrellaLiabilityEachOccurrence,Each Occurrence,,matchOnce,must be greater or equal to,1000000,25000000,compliant,Block Requirements,,,false,1,,2026-08-16
"Block Real Estate Services, LLC",69fdf79262446148bd859c2d,69fded1962446148bd848f13,"LeafFilter North, LLC/Leaf Home Safety Solutions, LLC",69fdf0fc7f8ab8a84b286ed0,"prg837 - Pine Ridge Building 11 {PERG BUILDINGS, LLC}",evidenceOfInsurance,Evidence of Insurance,excessOrUmbrellaLiability,Umbrella/Excess Liability,evidenceOfInsuranceExcessOrUmbrellaLiabilityAggregate,Aggregate,,matchOnce,must be greater or equal to,1000000,25000000,compliant,Block Requirements,,,false,1,,2026-08-16
"Block Real Estate Services, LLC",69fdf79262446148bd859c2d,69fded1962446148bd848f13,"LeafFilter North, LLC/Leaf Home Safety Solutions, LLC",69fdf0fc7f8ab8a84b286ed0,"prg837 - Pine Ridge Building 11 {PERG BUILDINGS, LLC}",evidenceOfInsurance,Evidence of Insurance,workersCompensation,Workers' Compensation and Employer's Liability,evidenceOfInsuranceWorkersCompensationStatutoryLimits,Statutory Limits,,matchOnce,must be present,,Present,compliant,Block Requirements,,,false,1,,2026-08-16
"Block Real Estate Services, LLC",69fdf79262446148bd859c2d,69fded1962446148bd848f13,"LeafFilter North, LLC/Leaf Home Safety Solutions, LLC",69fdf0fc7f8ab8a84b286ed0,"prg837 - Pine Ridge Building 11 {PERG BUILDINGS, LLC}",evidenceOfInsurance,Evidence of Insurance,workersCompensation,Workers' Compensation and Employer's Liability,evidenceOfInsuranceWorkersCompensationEmployersLiabilityEachAccident,Employer's Liability Each Accident,,matchOnce,must be greater or equal to,500000,1000000,compliant,Block Requirements,,,false,1,,2026-08-16
"Block Real Estate Services, LLC",69fdf79262446148bd859c2d,69fded1962446148bd848f13,"LeafFilter North, LLC/Leaf Home Safety Solutions, LLC",69fdf0fc7f8ab8a84b286ed0,"prg837 - Pine Ridge Building 11 {PERG BUILDINGS, LLC}",evidenceOfInsurance,Evidence of Insurance,workersCompensation,Workers' Compensation and Employer's Liability,evidenceOfInsuranceWorkersCompensationEmployersLiabilityDiseaseEachEmployee,Employer's Liability Disease - each employee,,matchOnce,must be greater or equal to,500000,1000000,compliant,Block Requirements,,,false,1,,2026-08-16
"Block Real Estate Services, LLC",69fdf79262446148bd859c2d,69fded1962446148bd848f13,"LeafFilter North, LLC/Leaf Home Safety Solutions, LLC",69fdf0fc7f8ab8a84b286ed0,"prg837 - Pine Ridge Building 11 {PERG BUILDINGS, LLC}",evidenceOfInsurance,Evidence of Insurance,workersCompensation,Workers' Compensation and Employer's Liability,evidenceOfInsuranceWorkersCompensationEmployersLiabilityDiseasePolicyLimit,Employer's Liability Disease - policy limit,,matchOnce,must be greater or equal to,500000,1000000,compliant,Block Requirements,,,false,1,,2026-08-16
"Block Real Estate Services, LLC",69fdf79262446148bd859c2d,69fded1962446148bd848f13,"LeafFilter North, LLC/Leaf Home Safety Solutions, LLC",69fdf0fc7f8ab8a84b286ed0,"prg837 - Pine Ridge Building 11 {PERG BUILDINGS, LLC}",evidenceOfInsurance,Evidence of Insurance,workersCompensation,Workers' Compensation and Employer's Liability,evidenceOfInsuranceWorkersCompensationWaiverOfSubrogationEndorsement,Waiver of Subrogation,"---prompt---
Determine if the insurer has waived their right of subrogation in favor of the certificate holder under the Workers' Compensation policy. Evidence may include: a checked ""Waiver of Subrogation"" box on the certificate, mention in the Description of Operations section stating ""waiver of subrogation applies"", or reference to form WC 00 03 13. Look for language like ""subrogation is waived"" or ""per written contract"".",matchOnce,must be present,,Present,compliant,Block Requirements,,,false,1,,2026-08-16
"Block Real Estate Services, LLC",69fdf79262446148bd859c2d,69fded1962446148bd848f13,"LeafFilter North, LLC/Leaf Home Safety Solutions, LLC",69fdf0fc7f8ab8a84b286ed0,"prg837 - Pine Ridge Building 11 {PERG BUILDINGS, LLC}",evidenceOfInsurance,Evidence of Insurance,6ac20aae-5728-5d57-b364-aeba38527dba,Additional Requirements,4da5b0f1-4c9d-5885-8cf8-5d3cccaed3e0,"Block Real Estate Services, LLC and all others required by contract are named as Additional Insureds","---prompt---
Determine if the Description of Operations or the Additional Remarks Schedule section states the ""Additional Insured as Construction Management, Inc. and all others required by contract"" or reference to blanket additional insured coverage. Look for language like ""certificate holder is additional insured"" or ""per written contract"".",matchOnce,must be present,,Present,compliant,Block Requirements,,,true,1,,2026-08-16
"Block Real Estate Services, LLC",69fdf79262446148bd859c2d,69fded1962446148bd848f13,"LeafFilter North, LLC/Leaf Home Safety Solutions, LLC",69fdf0fc7f8ab8a84b286ed0,"prg837 - Pine Ridge Building 11 {PERG BUILDINGS, LLC}",evidenceOfInsurance,Evidence of Insurance,6ac20aae-5728-5d57-b364-aeba38527dba,Additional Requirements,e1017741-e47e-5f58-97b8-fbc3043e919f,Umbrella follows form over General Liability,"---prompt---
Determine if the Umbrella/Excess Liability policy follows form to the underlying policies. Evidence may include: language in the Description of Operations section stating the umbrella follows form to underlying coverages or an additional page endorsement stating that it follows form. Follow form means the umbrella policy adopts the same terms, conditions, and exclusions as the underlying policies.",matchOnce,must be present,,,non_compliant,Block Requirements,,,true,0,,2026-08-16
"Block Real Estate Services, LLC",69fdf79262446148bd859c2d,69fded1962446148bd848f13,"LeafFilter North, LLC/Leaf Home Safety Solutions, LLC",69fdf0fc7f8ab8a84b286ed0,"prg837 - Pine Ridge Building 11 {PERG BUILDINGS, LLC}",evidenceOfInsurance,Evidence of Insurance,6ac20aae-5728-5d57-b364-aeba38527dba,Additional Requirements,2cdd866f-c9a4-576a-afd8-1d045762790c,The location must be listed as: 7943 Flint Street Lenexa KS 66214,,matchOnce,must be present,,Present,compliant,Block Requirements,,,true,1,,2026-08-16
"Block Real Estate Services, LLC",69fdf79262446148bd859c2d,69fded1962446148bd848f13,"LeafFilter North, LLC/Leaf Home Safety Solutions, LLC",69fdf0fc7f8ab8a84b286ed0,"prg837 - Pine Ridge Building 11 {PERG BUILDINGS, LLC}",evidenceOfInsurance,Evidence of Insurance,6ac20aae-5728-5d57-b364-aeba38527dba,Additional Requirements,3649e9d1-4e09-59bf-8f30-cb33c40cf117,"Certificate Holder must read: c/o Block Real Estate Services, LLC, 4622 Pennsylvania St., Suite 700, Kansas City, MO, 64112",,matchOnce,must be present,,Present,compliant,Block Requirements,,,true,1,,2026-08-16
"Block Real Estate Services, LLC",69fdf79262446148bd859c2b,69fded0f62446148bd848c01,BluSky Restoration Contractors LLC,69fdf0fc7f8ab8a84b286ed0,"prg837 - Pine Ridge Building 11 {PERG BUILDINGS, LLC}",evidenceOfInsurance,Evidence of Insurance,commercialGeneralLiability,Commercial General Liability,evidenceOfInsuranceCommercialGeneralLiabilityCoverageTriggerOccurrence,Coverage Trigger: Occurrence,,matchOnce,must be present,,Present,compliant,Block Requirements,,,false,1,,2026-08-16
"Block Real Estate Services, LLC",69fdf79262446148bd859c2b,69fded0f62446148bd848c01,BluSky Restoration Contractors LLC,69fdf0fc7f8ab8a84b286ed0,"prg837 - Pine Ridge Building 11 {PERG BUILDINGS, LLC}",evidenceOfInsurance,Evidence of Insurance,commercialGeneralLiability,Commercial General Liability,evidenceOfInsuranceCommercialGeneralLiabilityGeneralAggregateLimitAppliesPerLocation,General Aggregate Limit Applies per: Location,,matchOnce,must be present,,,non_compliant,Block Requirements,,,false,0,,2026-08-16
"Block Real Estate Services, LLC",69fdf79262446148bd859c2b,69fded0f62446148bd848c01,BluSky Restoration Contractors LLC,69fdf0fc7f8ab8a84b286ed0,"prg837 - Pine Ridge Building 11 {PERG BUILDINGS, LLC}",evidenceOfInsurance,Evidence of Insurance,commercialGeneralLiability,Commercial General Liability,evidenceOfInsuranceCommercialGeneralLiabilityEachOccurrence,Each Occurrence,,matchOnce,must be greater or equal to,1000000,1000000,compliant,Block Requirements,,,false,1,,2026-08-16
"Block Real Estate Services, LLC",69fdf79262446148bd859c2b,69fded0f62446148bd848c01,BluSky Restoration Contractors LLC,69fdf0fc7f8ab8a84b286ed0,"prg837 - Pine Ridge Building 11 {PERG BUILDINGS, LLC}",evidenceOfInsurance,Evidence of Insurance,commercialGeneralLiability,Commercial General Liability,evidenceOfInsuranceCommercialGeneralLiabilityGeneralAggregate,General Aggregate,,matchOnce,must be greater or equal to,2000000,2000000,compliant,Block Requirements,,,false,1,,2026-08-16
"Block Real Estate Services, LLC",69fdf79262446148bd859c2b,69fded0f62446148bd848c01,BluSky Restoration Contractors LLC,69fdf0fc7f8ab8a84b286ed0,"prg837 - Pine Ridge Building 11 {PERG BUILDINGS, LLC}",evidenceOfInsurance,Evidence of Insurance,commercialGeneralLiability,Commercial General Liability,evidenceOfInsuranceCommercialGeneralLiabilityWaiverOfSubrogationEndorsement,Waiver of Subrogation,"---prompt---
Determine if the insurer has waived their right of subrogation in favor of the certificate holder under the Commercial General Liability policy. Evidence may include: a checked ""Waiver of Subrogation"" box on the certificate, mention in the Description of Operations section stating ""waiver of subrogation applies"", or reference to form CG 24 04. Look for language like ""subrogation is waived"" or ""per written contract"".",matchOnce,must be present,,Present,compliant,Block Requirements,,,false,1,,2026-08-16
"Block Real Estate Services, LLC",69fdf79262446148bd859c2b,69fded0f62446148bd848c01,BluSky Restoration Contractors LLC,69fdf0fc7f8ab8a84b286ed0,"prg837 - Pine Ridge Building 11 {PERG BUILDINGS, LLC}",evidenceOfInsurance,Evidence of Insurance,excessOrUmbrellaLiability,Umbrella/Excess Liability,evidenceOfInsuranceExcessOrUmbrellaLiabilityOccurence,Coverage Trigger: Occurrence,,matchOnce,must be present,,Present,compliant,Block Requirements,,,false,1,,2026-08-16
"Block Real Estate Services, LLC",69fdf79262446148bd859c2b,69fded0f62446148bd848c01,BluSky Restoration Contractors LLC,69fdf0fc7f8ab8a84b286ed0,"prg837 - Pine Ridge Building 11 {PERG BUILDINGS, LLC}",evidenceOfInsurance,Evidence of Insurance,excessOrUmbrellaLiability,Umbrella/Excess Liability,evidenceOfInsuranceExcessOrUmbrellaLiabilityEachOccurrence,Each Occurrence,,matchOnce,must be greater or equal to,1000000,5000000,compliant,Block Requirements,,,false,1,,2026-08-16
"Block Real Estate Services, LLC",69fdf79262446148bd859c2b,69fded0f62446148bd848c01,BluSky Restoration Contractors LLC,69fdf0fc7f8ab8a84b286ed0,"prg837 - Pine Ridge Building 11 {PERG BUILDINGS, LLC}",evidenceOfInsurance,Evidence of Insurance,excessOrUmbrellaLiability,Umbrella/Excess Liability,evidenceOfInsuranceExcessOrUmbrellaLiabilityAggregate,Aggregate,,matchOnce,must be greater or equal to,1000000,5000000,compliant,Block Requirements,,,false,1,,2026-08-16
"Block Real Estate Services, LLC",69fdf79262446148bd859c2b,69fded0f62446148bd848c01,BluSky Restoration Contractors LLC,69fdf0fc7f8ab8a84b286ed0,"prg837 - Pine Ridge Building 11 {PERG BUILDINGS, LLC}",evidenceOfInsurance,Evidence of Insurance,workersCompensation,Workers' Compensation and Employer's Liability,evidenceOfInsuranceWorkersCompensationStatutoryLimits,Statutory Limits,,matchOnce,must be present,,Present,compliant,Block Requirements,,,false,1,,2026-08-16
"Block Real Estate Services, LLC",69fdf79262446148bd859c2b,69fded0f62446148bd848c01,BluSky Restoration Contractors LLC,69fdf0fc7f8ab8a84b286ed0,"prg837 - Pine Ridge Building 11 {PERG BUILDINGS, LLC}",evidenceOfInsurance,Evidence of Insurance,workersCompensation,Workers' Compensation and Employer's Liability,evidenceOfInsuranceWorkersCompensationEmployersLiabilityEachAccident,Employer's Liability Each Accident,,matchOnce,must be greater or equal to,500000,1000000,compliant,Block Requirements,,,false,1,,2026-08-16
"Block Real Estate Services, LLC",69fdf79262446148bd859c2b,69fded0f62446148bd848c01,BluSky Restoration Contractors LLC,69fdf0fc7f8ab8a84b286ed0,"prg837 - Pine Ridge Building 11 {PERG BUILDINGS, LLC}",evidenceOfInsurance,Evidence of Insurance,workersCompensation,Workers' Compensation and Employer's Liability,evidenceOfInsuranceWorkersCompensationEmployersLiabilityDiseaseEachEmployee,Employer's Liability Disease - each employee,,matchOnce,must be greater or equal to,500000,1000000,compliant,Block Requirements,,,false,1,,2026-08-16
"Block Real Estate Services, LLC",69fdf79262446148bd859c2b,69fded0f62446148bd848c01,BluSky Restoration Contractors LLC,69fdf0fc7f8ab8a84b286ed0,"prg837 - Pine Ridge Building 11 {PERG BUILDINGS, LLC}",evidenceOfInsurance,Evidence of Insurance,workersCompensation,Workers' Compensation and Employer's Liability,evidenceOfInsuranceWorkersCompensationEmployersLiabilityDiseasePolicyLimit,Employer's Liability Disease - policy limit,,matchOnce,must be greater or equal to,500000,1000000,compliant,Block Requirements,,,false,1,,2026-08-16
"Block Real Estate Services, LLC",69fdf79262446148bd859c2b,69fded0f62446148bd848c01,BluSky Restoration Contractors LLC,69fdf0fc7f8ab8a84b286ed0,"prg837 - Pine Ridge Building 11 {PERG BUILDINGS, LLC}",evidenceOfInsurance,Evidence of Insurance,workersCompensation,Workers' Compensation and Employer's Liability,evidenceOfInsuranceWorkersCompensationWaiverOfSubrogationEndorsement,Waiver of Subrogation,"---prompt---
Determine if the insurer has waived their right of subrogation in favor of the certificate holder under the Workers' Compensation policy. Evidence may include: a checked ""Waiver of Subrogation"" box on the certificate, mention in the Description of Operations section stating ""waiver of subrogation applies"", or reference to form WC 00 03 13. Look for language like ""subrogation is waived"" or ""per written contract"".",matchOnce,must be present,,Present,compliant,Block Requirements,,,false,1,,2026-08-16
"Block Real Estate Services, LLC",69fdf79262446148bd859c2b,69fded0f62446148bd848c01,BluSky Restoration Contractors LLC,69fdf0fc7f8ab8a84b286ed0,"prg837 - Pine Ridge Building 11 {PERG BUILDINGS, LLC}",evidenceOfInsurance,Evidence of Insurance,6ac20aae-5728-5d57-b364-aeba38527dba,Additional Requirements,4da5b0f1-4c9d-5885-8cf8-5d3cccaed3e0,"Block Real Estate Services, LLC and all others required by contract are named as Additional Insureds","---prompt---
Determine if the Description of Operations or the Additional Remarks Schedule section states the ""Additional Insured as Construction Management, Inc. and all others required by contract"" or reference to blanket additional insured coverage. Look for language like ""certificate holder is additional insured"" or ""per written contract"".",matchOnce,must be present,,,non_compliant,Block Requirements,,,true,0,,2026-08-16
"Block Real Estate Services, LLC",69fdf79262446148bd859c2b,69fded0f62446148bd848c01,BluSky Restoration Contractors LLC,69fdf0fc7f8ab8a84b286ed0,"prg837 - Pine Ridge Building 11 {PERG BUILDINGS, LLC}",evidenceOfInsurance,Evidence of Insurance,6ac20aae-5728-5d57-b364-aeba38527dba,Additional Requirements,e1017741-e47e-5f58-97b8-fbc3043e919f,Umbrella follows form over General Liability,"---prompt---
Determine if the Umbrella/Excess Liability policy follows form to the underlying policies. Evidence may include: language in the Description of Operations section stating the umbrella follows form to underlying coverages or an additional page endorsement stating that it follows form. Follow form means the umbrella policy adopts the same terms, conditions, and exclusions as the underlying policies.",matchOnce,must be present,,,non_compliant,Block Requirements,,,true,0,,2026-08-16
"Block Real Estate Services, LLC",69fdf79262446148bd859c2b,69fded0f62446148bd848c01,BluSky Restoration Contractors LLC,69fdf0fc7f8ab8a84b286ed0,"prg837 - Pine Ridge Building 11 {PERG BUILDINGS, LLC}",evidenceOfInsurance,Evidence of Insurance,6ac20aae-5728-5d57-b364-aeba38527dba,Additional Requirements,2cdd866f-c9a4-576a-afd8-1d045762790c,The location must be listed as: 7959 Flint Street Lenexa KS 66214,,matchOnce,must be present,,,non_compliant,Block Requirements,,,true,0,,2026-08-16
"Block Real Estate Services, LLC",69fdf79262446148bd859c2b,69fded0f62446148bd848c01,BluSky Restoration Contractors LLC,69fdf0fc7f8ab8a84b286ed0,"prg837 - Pine Ridge Building 11 {PERG BUILDINGS, LLC}",evidenceOfInsurance,Evidence of Insurance,6ac20aae-5728-5d57-b364-aeba38527dba,Additional Requirements,3649e9d1-4e09-59bf-8f30-cb33c40cf117,"Certificate Holder must read: c/o Block Real Estate Services, LLC, 4622 Pennsylvania St., Suite 700, Kansas City, MO, 64112",,matchOnce,must be present,,,non_compliant,Block Requirements,,,true,0,,2026-08-16
"Block Real Estate Services, LLC",69fdf79262446148bd859c2e,69fded1a62446148bd848f43,Magnum Systems Inc,69fdf0fc7f8ab8a84b286ed0,"prg837 - Pine Ridge Building 11 {PERG BUILDINGS, LLC}",evidenceOfInsurance,Evidence of Insurance,commercialGeneralLiability,Commercial General Liability,evidenceOfInsuranceCommercialGeneralLiabilityCoverageTriggerOccurrence,Coverage Trigger: Occurrence,,matchOnce,must be present,,Present,compliant,Block Requirements,,,false,1,,2026-08-16
"Block Real Estate Services, LLC",69fdf79262446148bd859c2e,69fded1a62446148bd848f43,Magnum Systems Inc,69fdf0fc7f8ab8a84b286ed0,"prg837 - Pine Ridge Building 11 {PERG BUILDINGS, LLC}",evidenceOfInsurance,Evidence of Insurance,commercialGeneralLiability,Commercial General Liability,evidenceOfInsuranceCommercialGeneralLiabilityGeneralAggregateLimitAppliesPerLocation,General Aggregate Limit Applies per: Location,,matchOnce,must be present,,,non_compliant,Block Requirements,,,false,0,,2026-08-16
"Block Real Estate Services, LLC",69fdf79262446148bd859c2e,69fded1a62446148bd848f43,Magnum Systems Inc,69fdf0fc7f8ab8a84b286ed0,"prg837 - Pine Ridge Building 11 {PERG BUILDINGS, LLC}",evidenceOfInsurance,Evidence of Insurance,commercialGeneralLiability,Commercial General Liability,evidenceOfInsuranceCommercialGeneralLiabilityEachOccurrence,Each Occurrence,,matchOnce,must be greater or equal to,1000000,1000000,compliant,Block Requirements,,,false,1,,2026-08-16
"Block Real Estate Services, LLC",69fdf79262446148bd859c2e,69fded1a62446148bd848f43,Magnum Systems Inc,69fdf0fc7f8ab8a84b286ed0,"prg837 - Pine Ridge Building 11 {PERG BUILDINGS, LLC}",evidenceOfInsurance,Evidence of Insurance,commercialGeneralLiability,Commercial General Liability,evidenceOfInsuranceCommercialGeneralLiabilityGeneralAggregate,General Aggregate,,matchOnce,must be greater or equal to,2000000,2000000,compliant,Block Requirements,,,false,1,,2026-08-16
"Block Real Estate Services, LLC",69fdf79262446148bd859c2e,69fded1a62446148bd848f43,Magnum Systems Inc,69fdf0fc7f8ab8a84b286ed0,"prg837 - Pine Ridge Building 11 {PERG BUILDINGS, LLC}",evidenceOfInsurance,Evidence of Insurance,commercialGeneralLiability,Commercial General Liability,evidenceOfInsuranceCommercialGeneralLiabilityWaiverOfSubrogationEndorsement,Waiver of Subrogation,"---prompt---
Determine if the insurer has waived their right of subrogation in favor of the certificate holder under the Commercial General Liability policy. Evidence may include: a checked ""Waiver of Subrogation"" box on the certificate, mention in the Description of Operations section stating ""waiver of subrogation applies"", or reference to form CG 24 04. Look for language like ""subrogation is waived"" or ""per written contract"".",matchOnce,must be present,,Present,compliant,Block Requirements,,,false,1,,2026-08-16
"Block Real Estate Services, LLC",69fdf79262446148bd859c2e,69fded1a62446148bd848f43,Magnum Systems Inc,69fdf0fc7f8ab8a84b286ed0,"prg837 - Pine Ridge Building 11 {PERG BUILDINGS, LLC}",evidenceOfInsurance,Evidence of Insurance,excessOrUmbrellaLiability,Umbrella/Excess Liability,evidenceOfInsuranceExcessOrUmbrellaLiabilityOccurence,Coverage Trigger: Occurrence,,matchOnce,must be present,,Present,compliant,Block Requirements,,,false,1,,2026-08-16
"Block Real Estate Services, LLC",69fdf79262446148bd859c2e,69fded1a62446148bd848f43,Magnum Systems Inc,69fdf0fc7f8ab8a84b286ed0,"prg837 - Pine Ridge Building 11 {PERG BUILDINGS, LLC}",evidenceOfInsurance,Evidence of Insurance,excessOrUmbrellaLiability,Umbrella/Excess Liability,evidenceOfInsuranceExcessOrUmbrellaLiabilityEachOccurrence,Each Occurrence,,matchOnce,must be greater or equal to,1000000,8000000,compliant,Block Requirements,,,false,1,,2026-08-16
"Block Real Estate Services, LLC",69fdf79262446148bd859c2e,69fded1a62446148bd848f43,Magnum Systems Inc,69fdf0fc7f8ab8a84b286ed0,"prg837 - Pine Ridge Building 11 {PERG BUILDINGS, LLC}",evidenceOfInsurance,Evidence of Insurance,excessOrUmbrellaLiability,Umbrella/Excess Liability,evidenceOfInsuranceExcessOrUmbrellaLiabilityAggregate,Aggregate,,matchOnce,must be greater or equal to,1000000,8000000,compliant,Block Requirements,,,false,1,,2026-08-16
"Block Real Estate Services, LLC",69fdf79262446148bd859c2e,69fded1a62446148bd848f43,Magnum Systems Inc,69fdf0fc7f8ab8a84b286ed0,"prg837 - Pine Ridge Building 11 {PERG BUILDINGS, LLC}",evidenceOfInsurance,Evidence of Insurance,workersCompensation,Workers' Compensation and Employer's Liability,evidenceOfInsuranceWorkersCompensationStatutoryLimits,Statutory Limits,,matchOnce,must be present,,Present,compliant,Block Requirements,,,false,1,,2026-08-16
"Block Real Estate Services, LLC",69fdf79262446148bd859c2e,69fded1a62446148bd848f43,Magnum Systems Inc,69fdf0fc7f8ab8a84b286ed0,"prg837 - Pine Ridge Building 11 {PERG BUILDINGS, LLC}",evidenceOfInsurance,Evidence of Insurance,workersCompensation,Workers' Compensation and Employer's Liability,evidenceOfInsuranceWorkersCompensationEmployersLiabilityEachAccident,Employer's Liability Each Accident,,matchOnce,must be greater or equal to,500000,1000000,compliant,Block Requirements,,,false,1,,2026-08-16
"Block Real Estate Services, LLC",69fdf79262446148bd859c2e,69fded1a62446148bd848f43,Magnum Systems Inc,69fdf0fc7f8ab8a84b286ed0,"prg837 - Pine Ridge Building 11 {PERG BUILDINGS, LLC}",evidenceOfInsurance,Evidence of Insurance,workersCompensation,Workers' Compensation and Employer's Liability,evidenceOfInsuranceWorkersCompensationEmployersLiabilityDiseaseEachEmployee,Employer's Liability Disease - each employee,,matchOnce,must be greater or equal to,500000,1000000,compliant,Block Requirements,,,false,1,,2026-08-16
"Block Real Estate Services, LLC",69fdf79262446148bd859c2e,69fded1a62446148bd848f43,Magnum Systems Inc,69fdf0fc7f8ab8a84b286ed0,"prg837 - Pine Ridge Building 11 {PERG BUILDINGS, LLC}",evidenceOfInsurance,Evidence of Insurance,workersCompensation,Workers' Compensation and Employer's Liability,evidenceOfInsuranceWorkersCompensationEmployersLiabilityDiseasePolicyLimit,Employer's Liability Disease - policy limit,,matchOnce,must be greater or equal to,500000,1000000,compliant,Block Requirements,,,false,1,,2026-08-16
"Block Real Estate Services, LLC",69fdf79262446148bd859c2e,69fded1a62446148bd848f43,Magnum Systems Inc,69fdf0fc7f8ab8a84b286ed0,"prg837 - Pine Ridge Building 11 {PERG BUILDINGS, LLC}",evidenceOfInsurance,Evidence of Insurance,workersCompensation,Workers' Compensation and Employer's Liability,evidenceOfInsuranceWorkersCompensationWaiverOfSubrogationEndorsement,Waiver of Subrogation,"---prompt---
Determine if the insurer has waived their right of subrogation in favor of the certificate holder under the Workers' Compensation policy. Evidence may include: a checked ""Waiver of Subrogation"" box on the certificate, mention in the Description of Operations section stating ""waiver of subrogation applies"", or reference to form WC 00 03 13. Look for language like ""subrogation is waived"" or ""per written contract"".",matchOnce,must be present,,,non_compliant,Block Requirements,,,false,0,,2026-08-16
"Block Real Estate Services, LLC",69fdf79262446148bd859c2e,69fded1a62446148bd848f43,Magnum Systems Inc,69fdf0fc7f8ab8a84b286ed0,"prg837 - Pine Ridge Building 11 {PERG BUILDINGS, LLC}",evidenceOfInsurance,Evidence of Insurance,6ac20aae-5728-5d57-b364-aeba38527dba,Additional Requirements,4da5b0f1-4c9d-5885-8cf8-5d3cccaed3e0,"Block Real Estate Services, LLC and all others required by contract are named as Additional Insureds","---prompt---
Determine if the Description of Operations or the Additional Remarks Schedule section states the ""Additional Insured as Construction Management, Inc. and all others required by contract"" or reference to blanket additional insured coverage. Look for language like ""certificate holder is additional insured"" or ""per written contract"".",matchOnce,must be present,,Present,compliant,Block Requirements,,,true,1,,2026-08-16
"Block Real Estate Services, LLC",69fdf79262446148bd859c2e,69fded1a62446148bd848f43,Magnum Systems Inc,69fdf0fc7f8ab8a84b286ed0,"prg837 - Pine Ridge Building 11 {PERG BUILDINGS, LLC}",evidenceOfInsurance,Evidence of Insurance,6ac20aae-5728-5d57-b364-aeba38527dba,Additional Requirements,e1017741-e47e-5f58-97b8-fbc3043e919f,Umbrella follows form over General Liability,"---prompt---
Determine if the Umbrella/Excess Liability policy follows form to the underlying policies. Evidence may include: language in the Description of Operations section stating the umbrella follows form to underlying coverages or an additional page endorsement stating that it follows form. Follow form means the umbrella policy adopts the same terms, conditions, and exclusions as the underlying policies.",matchOnce,must be present,,,non_compliant,Block Requirements,,,true,0,,2026-08-16
"Block Real Estate Services, LLC",69fdf79262446148bd859c2e,69fded1a62446148bd848f43,Magnum Systems Inc,69fdf0fc7f8ab8a84b286ed0,"prg837 - Pine Ridge Building 11 {PERG BUILDINGS, LLC}",evidenceOfInsurance,Evidence of Insurance,6ac20aae-5728-5d57-b364-aeba38527dba,Additional Requirements,2cdd866f-c9a4-576a-afd8-1d045762790c,"The location must be listed as: 7945, 7947, 7949 Flint Street Lenexa KS 66214",,matchOnce,must be present,,,non_compliant,Block Requirements,,,true,0,,2026-08-16
"Block Real Estate Services, LLC",69fdf79262446148bd859c2e,69fded1a62446148bd848f43,Magnum Systems Inc,69fdf0fc7f8ab8a84b286ed0,"prg837 - Pine Ridge Building 11 {PERG BUILDINGS, LLC}",evidenceOfInsurance,Evidence of Insurance,6ac20aae-5728-5d57-b364-aeba38527dba,Additional Requirements,3649e9d1-4e09-59bf-8f30-cb33c40cf117,"Certificate Holder must read: c/o Block Real Estate Services, LLC, 4622 Pennsylvania St., Suite 700, Kansas City, MO, 64112",,matchOnce,must be present,,Present,compliant,Block Requirements,,,true,2,,2026-08-16
"Block Real Estate Services, LLC",69fdf74a62446148bd854b38,69fded1b62446148bd848fa0,The Shul of Leawood / Merkos Linyonci Chinuch of Kansas dba Chabad of Leawood,69fdef3603a2257cd27d8a19,3rd348 - 5051 West 134th Street {Taikan Development Corporation},evidenceOfInsurance,Evidence of Insurance,commercialGeneralLiability,Commercial General Liability,evidenceOfInsuranceCommercialGeneralLiabilityCoverageTriggerOccurrence,Coverage Trigger: Occurrence,,matchOnce,must be present,,,non_compliant,Block Requirements,,,false,0,,2026-08-16
"Block Real Estate Services, LLC",69fdf74a62446148bd854b38,69fded1b62446148bd848fa0,The Shul of Leawood / Merkos Linyonci Chinuch of Kansas dba Chabad of Leawood,69fdef3603a2257cd27d8a19,3rd348 - 5051 West 134th Street {Taikan Development Corporation},evidenceOfInsurance,Evidence of Insurance,commercialGeneralLiability,Commercial General Liability,evidenceOfInsuranceCommercialGeneralLiabilityGeneralAggregateLimitAppliesPerLocation,General Aggregate Limit Applies per: Location,,matchOnce,must be present,,,non_compliant,Block Requirements,,,false,0,,2026-08-16
"Block Real Estate Services, LLC",69fdf74a62446148bd854b38,69fded1b62446148bd848fa0,The Shul of Leawood / Merkos Linyonci Chinuch of Kansas dba Chabad of Leawood,69fdef3603a2257cd27d8a19,3rd348 - 5051 West 134th Street {Taikan Development Corporation},evidenceOfInsurance,Evidence of Insurance,commercialGeneralLiability,Commercial General Liability,evidenceOfInsuranceCommercialGeneralLiabilityEachOccurrence,Each Occurrence,,matchOnce,must be greater or equal to,1000000,,non_compliant,Block Requirements,,,false,0,,2026-08-16
"Block Real Estate Services, LLC",69fdf74a62446148bd854b38,69fded1b62446148bd848fa0,The Shul of Leawood / Merkos Linyonci Chinuch of Kansas dba Chabad of Leawood,69fdef3603a2257cd27d8a19,3rd348 - 5051 West 134th Street {Taikan Development Corporation},evidenceOfInsurance,Evidence of Insurance,commercialGeneralLiability,Commercial General Liability,evidenceOfInsuranceCommercialGeneralLiabilityGeneralAggregate,General Aggregate,,matchOnce,must be greater or equal to,2000000,,non_compliant,Block Requirements,,,false,0,,2026-08-16
"Block Real Estate Services, LLC",69fdf74a62446148bd854b38,69fded1b62446148bd848fa0,The Shul of Leawood / Merkos Linyonci Chinuch of Kansas dba Chabad of Leawood,69fdef3603a2257cd27d8a19,3rd348 - 5051 West 134th Street {Taikan Development Corporation},evidenceOfInsurance,Evidence of Insurance,commercialGeneralLiability,Commercial General Liability,evidenceOfInsuranceCommercialGeneralLiabilityWaiverOfSubrogationEndorsement,Waiver of Subrogation,"---prompt---
Determine if the insurer has waived their right of subrogation in favor of the certificate holder under the Commercial General Liability policy. Evidence may include: a checked ""Waiver of Subrogation"" box on the certificate, mention in the Description of Operations section stating ""waiver of subrogation applies"", or reference to form CG 24 04. Look for language like ""subrogation is waived"" or ""per written contract"".",matchOnce,must be present,,,non_compliant,Block Requirements,,,false,0,,2026-08-16
"Block Real Estate Services, LLC",69fdf74a62446148bd854b38,69fded1b62446148bd848fa0,The Shul of Leawood / Merkos Linyonci Chinuch of Kansas dba Chabad of Leawood,69fdef3603a2257cd27d8a19,3rd348 - 5051 West 134th Street {Taikan Development Corporation},evidenceOfInsurance,Evidence of Insurance,excessOrUmbrellaLiability,Umbrella/Excess Liability,evidenceOfInsuranceExcessOrUmbrellaLiabilityOccurence,Coverage Trigger: Occurrence,,matchOnce,must be present,,,non_compliant,Block Requirements,,,false,0,,2026-08-16
"Block Real Estate Services, LLC",69fdf74a62446148bd854b38,69fded1b62446148bd848fa0,The Shul of Leawood / Merkos Linyonci Chinuch of Kansas dba Chabad of Leawood,69fdef3603a2257cd27d8a19,3rd348 - 5051 West 134th Street {Taikan Development Corporation},evidenceOfInsurance,Evidence of Insurance,excessOrUmbrellaLiability,Umbrella/Excess Liability,evidenceOfInsuranceExcessOrUmbrellaLiabilityEachOccurrence,Each Occurrence,,matchOnce,must be greater or equal to,1000000,,non_compliant,Block Requirements,,,false,0,,2026-08-16
"Block Real Estate Services, LLC",69fdf74a62446148bd854b38,69fded1b62446148bd848fa0,The Shul of Leawood / Merkos Linyonci Chinuch of Kansas dba Chabad of Leawood,69fdef3603a2257cd27d8a19,3rd348 - 5051 West 134th Street {Taikan Development Corporation},evidenceOfInsurance,Evidence of Insurance,excessOrUmbrellaLiability,Umbrella/Excess Liability,evidenceOfInsuranceExcessOrUmbrellaLiabilityAggregate,Aggregate,,matchOnce,must be greater or equal to,1000000,,non_compliant,Block Requirements,,,false,0,,2026-08-16
"Block Real Estate Services, LLC",69fdf74a62446148bd854b38,69fded1b62446148bd848fa0,The Shul of Leawood / Merkos Linyonci Chinuch of Kansas dba Chabad of Leawood,69fdef3603a2257cd27d8a19,3rd348 - 5051 West 134th Street {Taikan Development Corporation},evidenceOfInsurance,Evidence of Insurance,workersCompensation,Workers' Compensation and Employer's Liability,evidenceOfInsuranceWorkersCompensationStatutoryLimits,Statutory Limits,,matchOnce,must be present,,,non_compliant,Block Requirements,,,false,0,,2026-08-16
"Block Real Estate Services, LLC",69fdf74a62446148bd854b38,69fded1b62446148bd848fa0,The Shul of Leawood / Merkos Linyonci Chinuch of Kansas dba Chabad of Leawood,69fdef3603a2257cd27d8a19,3rd348 - 5051 West 134th Street {Taikan Development Corporation},evidenceOfInsurance,Evidence of Insurance,workersCompensation,Workers' Compensation and Employer's Liability,evidenceOfInsuranceWorkersCompensationEmployersLiabilityEachAccident,Employer's Liability Each Accident,,matchOnce,must be greater or equal to,500000,,non_compliant,Block Requirements,,,false,0,,2026-08-16
"Block Real Estate Services, LLC",69fdf74a62446148bd854b38,69fded1b62446148bd848fa0,The Shul of Leawood / Merkos Linyonci Chinuch of Kansas dba Chabad of Leawood,69fdef3603a2257cd27d8a19,3rd348 - 5051 West 134th Street {Taikan Development Corporation},evidenceOfInsurance,Evidence of Insurance,workersCompensation,Workers' Compensation and Employer's Liability,evidenceOfInsuranceWorkersCompensationEmployersLiabilityDiseaseEachEmployee,Employer's Liability Disease - each employee,,matchOnce,must be greater or equal to,500000,,non_compliant,Block Requirements,,,false,0,,2026-08-16
"Block Real Estate Services, LLC",69fdf74a62446148bd854b38,69fded1b62446148bd848fa0,The Shul of Leawood / Merkos Linyonci Chinuch of Kansas dba Chabad of Leawood,69fdef3603a2257cd27d8a19,3rd348 - 5051 West 134th Street {Taikan Development Corporation},evidenceOfInsurance,Evidence of Insurance,workersCompensation,Workers' Compensation and Employer's Liability,evidenceOfInsuranceWorkersCompensationEmployersLiabilityDiseasePolicyLimit,Employer's Liability Disease - policy limit,,matchOnce,must be greater or equal to,500000,,non_compliant,Block Requirements,,,false,0,,2026-08-16
"Block Real Estate Services, LLC",69fdf74a62446148bd854b38,69fded1b62446148bd848fa0,The Shul of Leawood / Merkos Linyonci Chinuch of Kansas dba Chabad of Leawood,69fdef3603a2257cd27d8a19,3rd348 - 5051 West 134th Street {Taikan Development Corporation},evidenceOfInsurance,Evidence of Insurance,workersCompensation,Workers' Compensation and Employer's Liability,evidenceOfInsuranceWorkersCompensationWaiverOfSubrogationEndorsement,Waiver of Subrogation,"---prompt---
Determine if the insurer has waived their right of subrogation in favor of the certificate holder under the Workers' Compensation policy. Evidence may include: a checked ""Waiver of Subrogation"" box on the certificate, mention in the Description of Operations section stating ""waiver of subrogation applies"", or reference to form WC 00 03 13. Look for language like ""subrogation is waived"" or ""per written contract"".",matchOnce,must be present,,,non_compliant,Block Requirements,,,false,0,,2026-08-16
"Block Real Estate Services, LLC",69fdf74a62446148bd854b38,69fded1b62446148bd848fa0,The Shul of Leawood / Merkos Linyonci Chinuch of Kansas dba Chabad of Leawood,69fdef3603a2257cd27d8a19,3rd348 - 5051 West 134th Street {Taikan Development Corporation},evidenceOfInsurance,Evidence of Insurance,6ac20aae-5728-5d57-b364-aeba38527dba,Additional Requirements,4da5b0f1-4c9d-5885-8cf8-5d3cccaed3e0,"Block Real Estate Services, LLC and all others required by contract are named as Additional Insureds","---prompt---
Determine if the Description of Operations or the Additional Remarks Schedule section states the ""Additional Insured as Construction Management, Inc. and all others required by contract"" or reference to blanket additional insured coverage. Look for language like ""certificate holder is additional insured"" or ""per written contract"".",matchOnce,must be present,,,non_compliant,Block Requirements,,,true,0,,2026-08-16
"Block Real Estate Services, LLC",69fdf74a62446148bd854b38,69fded1b62446148bd848fa0,The Shul of Leawood / Merkos Linyonci Chinuch of Kansas dba Chabad of Leawood,69fdef3603a2257cd27d8a19,3rd348 - 5051 West 134th Street {Taikan Development Corporation},evidenceOfInsurance,Evidence of Insurance,6ac20aae-5728-5d57-b364-aeba38527dba,Additional Requirements,e1017741-e47e-5f58-97b8-fbc3043e919f,Umbrella follows form over General Liability,"---prompt---
Determine if the Umbrella/Excess Liability policy follows form to the underlying policies. Evidence may include: language in the Description of Operations section stating the umbrella follows form to underlying coverages or an additional page endorsement stating that it follows form. Follow form means the umbrella policy adopts the same terms, conditions, and exclusions as the underlying policies.",matchOnce,must be present,,,non_compliant,Block Requirements,,,true,0,,2026-08-16
"Block Real Estate Services, LLC",69fdf74a62446148bd854b38,69fded1b62446148bd848fa0,The Shul of Leawood / Merkos Linyonci Chinuch of Kansas dba Chabad of Leawood,69fdef3603a2257cd27d8a19,3rd348 - 5051 West 134th Street {Taikan Development Corporation},evidenceOfInsurance,Evidence of Insurance,6ac20aae-5728-5d57-b364-aeba38527dba,Additional Requirements,2cdd866f-c9a4-576a-afd8-1d045762790c,"The location must be listed as: 5051-A W. 134th Street, Leawood, KS, 66209",,matchOnce,must be present,,,non_compliant,Block Requirements,,,true,0,,2026-08-16
"Block Real Estate Services, LLC",69fdf74a62446148bd854b38,69fded1b62446148bd848fa0,The Shul of Leawood / Merkos Linyonci Chinuch of Kansas dba Chabad of Leawood,69fdef3603a2257cd27d8a19,3rd348 - 5051 West 134th Street {Taikan Development Corporation},evidenceOfInsurance,Evidence of Insurance,6ac20aae-5728-5d57-b364-aeba38527dba,Additional Requirements,3649e9d1-4e09-59bf-8f30-cb33c40cf117,"Certificate Holder must read: c/o Block Real Estate Services, LLC, 4622 Pennsylvania St., Suite 700, Kansas City, MO, 64112",,matchOnce,must be present,,,non_compliant,Block Requirements,,,true,0,,2026-08-16
"Block Real Estate Services, LLC",69fdf74a62446148bd854b37,69fded0f62446148bd848c04,"BluSky Salon Suites, Inc.",69fdef3603a2257cd27d8a19,3rd348 - 5051 West 134th Street {Taikan Development Corporation},evidenceOfInsurance,Evidence of Insurance,commercialGeneralLiability,Commercial General Liability,evidenceOfInsuranceCommercialGeneralLiabilityCoverageTriggerOccurrence,Coverage Trigger: Occurrence,,matchOnce,must be present,,,non_compliant,Block Requirements,,,false,0,,2026-08-16
"Block Real Estate Services, LLC",69fdf74a62446148bd854b37,69fded0f62446148bd848c04,"BluSky Salon Suites, Inc.",69fdef3603a2257cd27d8a19,3rd348 - 5051 West 134th Street {Taikan Development Corporation},evidenceOfInsurance,Evidence of Insurance,commercialGeneralLiability,Commercial General Liability,evidenceOfInsuranceCommercialGeneralLiabilityGeneralAggregateLimitAppliesPerLocation,General Aggregate Limit Applies per: Location,,matchOnce,must be present,,,non_compliant,Block Requirements,,,false,0,,2026-08-16
"Block Real Estate Services, LLC",69fdf74a62446148bd854b37,69fded0f62446148bd848c04,"BluSky Salon Suites, Inc.",69fdef3603a2257cd27d8a19,3rd348 - 5051 West 134th Street {Taikan Development Corporation},evidenceOfInsurance,Evidence of Insurance,commercialGeneralLiability,Commercial General Liability,evidenceOfInsuranceCommercialGeneralLiabilityEachOccurrence,Each Occurrence,,matchOnce,must be greater or equal to,1000000,,non_compliant,Block Requirements,,,false,0,,2026-08-16
"Block Real Estate Services, LLC",69fdf74a62446148bd854b37,69fded0f62446148bd848c04,"BluSky Salon Suites, Inc.",69fdef3603a2257cd27d8a19,3rd348 - 5051 West 134th Street {Taikan Development Corporation},evidenceOfInsurance,Evidence of Insurance,commercialGeneralLiability,Commercial General Liability,evidenceOfInsuranceCommercialGeneralLiabilityGeneralAggregate,General Aggregate,,matchOnce,must be greater or equal to,2000000,,non_compliant,Block Requirements,,,false,0,,2026-08-16
"Block Real Estate Services, LLC",69fdf74a62446148bd854b37,69fded0f62446148bd848c04,"BluSky Salon Suites, Inc.",69fdef3603a2257cd27d8a19,3rd348 - 5051 West 134th Street {Taikan Development Corporation},evidenceOfInsurance,Evidence of Insurance,commercialGeneralLiability,Commercial General Liability,evidenceOfInsuranceCommercialGeneralLiabilityWaiverOfSubrogationEndorsement,Waiver of Subrogation,"---prompt---
Determine if the insurer has waived their right of subrogation in favor of the certificate holder under the Commercial General Liability policy. Evidence may include: a checked ""Waiver of Subrogation"" box on the certificate, mention in the Description of Operations section stating ""waiver of subrogation applies"", or reference to form CG 24 04. Look for language like ""subrogation is waived"" or ""per written contract"".",matchOnce,must be present,,,non_compliant,Block Requirements,,,false,0,,2026-08-16
"Block Real Estate Services, LLC",69fdf74a62446148bd854b37,69fded0f62446148bd848c04,"BluSky Salon Suites, Inc.",69fdef3603a2257cd27d8a19,3rd348 - 5051 West 134th Street {Taikan Development Corporation},evidenceOfInsurance,Evidence of Insurance,excessOrUmbrellaLiability,Umbrella/Excess Liability,evidenceOfInsuranceExcessOrUmbrellaLiabilityOccurence,Coverage Trigger: Occurrence,,matchOnce,must be present,,,non_compliant,Block Requirements,,,false,0,,2026-08-16
"Block Real Estate Services, LLC",69fdf74a62446148bd854b37,69fded0f62446148bd848c04,"BluSky Salon Suites, Inc.",69fdef3603a2257cd27d8a19,3rd348 - 5051 West 134th Street {Taikan Development Corporation},evidenceOfInsurance,Evidence of Insurance,excessOrUmbrellaLiability,Umbrella/Excess Liability,evidenceOfInsuranceExcessOrUmbrellaLiabilityEachOccurrence,Each Occurrence,,matchOnce,must be greater or equal to,1000000,,non_compliant,Block Requirements,,,false,0,,2026-08-16
"Block Real Estate Services, LLC",69fdf74a62446148bd854b37,69fded0f62446148bd848c04,"BluSky Salon Suites, Inc.",69fdef3603a2257cd27d8a19,3rd348 - 5051 West 134th Street {Taikan Development Corporation},evidenceOfInsurance,Evidence of Insurance,excessOrUmbrellaLiability,Umbrella/Excess Liability,evidenceOfInsuranceExcessOrUmbrellaLiabilityAggregate,Aggregate,,matchOnce,must be greater or equal to,1000000,,non_compliant,Block Requirements,,,false,0,,2026-08-16
"Block Real Estate Services, LLC",69fdf74a62446148bd854b37,69fded0f62446148bd848c04,"BluSky Salon Suites, Inc.",69fdef3603a2257cd27d8a19,3rd348 - 5051 West 134th Street {Taikan Development Corporation},evidenceOfInsurance,Evidence of Insurance,workersCompensation,Workers' Compensation and Employer's Liability,evidenceOfInsuranceWorkersCompensationStatutoryLimits,Statutory Limits,,matchOnce,must be present,,,non_compliant,Block Requirements,,,false,0,,2026-08-16
"Block Real Estate Services, LLC",69fdf74a62446148bd854b37,69fded0f62446148bd848c04,"BluSky Salon Suites, Inc.",69fdef3603a2257cd27d8a19,3rd348 - 5051 West 134th Street {Taikan Development Corporation},evidenceOfInsurance,Evidence of Insurance,workersCompensation,Workers' Compensation and Employer's Liability,evidenceOfInsuranceWorkersCompensationEmployersLiabilityEachAccident,Employer's Liability Each Accident,,matchOnce,must be greater or equal to,500000,,non_compliant,Block Requirements,,,false,0,,2026-08-16
"Block Real Estate Services, LLC",69fdf74a62446148bd854b37,69fded0f62446148bd848c04,"BluSky Salon Suites, Inc.",69fdef3603a2257cd27d8a19,3rd348 - 5051 West 134th Street {Taikan Development Corporation},evidenceOfInsurance,Evidence of Insurance,workersCompensation,Workers' Compensation and Employer's Liability,evidenceOfInsuranceWorkersCompensationEmployersLiabilityDiseaseEachEmployee,Employer's Liability Disease - each employee,,matchOnce,must be greater or equal to,500000,,non_compliant,Block Requirements,,,false,0,,2026-08-16
"Block Real Estate Services, LLC",69fdf74a62446148bd854b37,69fded0f62446148bd848c04,"BluSky Salon Suites, Inc.",69fdef3603a2257cd27d8a19,3rd348 - 5051 West 134th Street {Taikan Development Corporation},evidenceOfInsurance,Evidence of Insurance,workersCompensation,Workers' Compensation and Employer's Liability,evidenceOfInsuranceWorkersCompensationEmployersLiabilityDiseasePolicyLimit,Employer's Liability Disease - policy limit,,matchOnce,must be greater or equal to,500000,,non_compliant,Block Requirements,,,false,0,,2026-08-16
"Block Real Estate Services, LLC",69fdf74a62446148bd854b37,69fded0f62446148bd848c04,"BluSky Salon Suites, Inc.",69fdef3603a2257cd27d8a19,3rd348 - 5051 West 134th Street {Taikan Development Corporation},evidenceOfInsurance,Evidence of Insurance,workersCompensation,Workers' Compensation and Employer's Liability,evidenceOfInsuranceWorkersCompensationWaiverOfSubrogationEndorsement,Waiver of Subrogation,"---prompt---
Determine if the insurer has waived their right of subrogation in favor of the certificate holder under the Workers' Compensation policy. Evidence may include: a checked ""Waiver of Subrogation"" box on the certificate, mention in the Description of Operations section stating ""waiver of subrogation applies"", or reference to form WC 00 03 13. Look for language like ""subrogation is waived"" or ""per written contract"".",matchOnce,must be present,,,non_compliant,Block Requirements,,,false,0,,2026-08-16
"Block Real Estate Services, LLC",69fdf74a62446148bd854b37,69fded0f62446148bd848c04,"BluSky Salon Suites, Inc.",69fdef3603a2257cd27d8a19,3rd348 - 5051 West 134th Street {Taikan Development Corporation},evidenceOfInsurance,Evidence of Insurance,6ac20aae-5728-5d57-b364-aeba38527dba,Additional Requirements,4da5b0f1-4c9d-5885-8cf8-5d3cccaed3e0,"Block Real Estate Services, LLC and all others required by contract are named as Additional Insureds","---prompt---
Determine if the Description of Operations or the Additional Remarks Schedule section states the ""Additional Insured as Construction Management, Inc. and all others required by contract"" or reference to blanket additional insured coverage. Look for language like ""certificate holder is additional insured"" or ""per written contract"".",matchOnce,must be present,,,non_compliant,Block Requirements,,,true,0,,2026-08-16
"Block Real Estate Services, LLC",69fdf74a62446148bd854b37,69fded0f62446148bd848c04,"BluSky Salon Suites, Inc.",69fdef3603a2257cd27d8a19,3rd348 - 5051 West 134th Street {Taikan Development Corporation},evidenceOfInsurance,Evidence of Insurance,6ac20aae-5728-5d57-b364-aeba38527dba,Additional Requirements,e1017741-e47e-5f58-97b8-fbc3043e919f,Umbrella follows form over General Liability,"---prompt---
Determine if the Umbrella/Excess Liability policy follows form to the underlying policies. Evidence may include: language in the Description of Operations section stating the umbrella follows form to underlying coverages or an additional page endorsement stating that it follows form. Follow form means the umbrella policy adopts the same terms, conditions, and exclusions as the underlying policies.",matchOnce,must be present,,,non_compliant,Block Requirements,,,true,0,,2026-08-16
"Block Real Estate Services, LLC",69fdf74a62446148bd854b37,69fded0f62446148bd848c04,"BluSky Salon Suites, Inc.",69fdef3603a2257cd27d8a19,3rd348 - 5051 West 134th Street {Taikan Development Corporation},evidenceOfInsurance,Evidence of Insurance,6ac20aae-5728-5d57-b364-aeba38527dba,Additional Requirements,2cdd866f-c9a4-576a-afd8-1d045762790c,"The location must be listed as: 5051 W. 134th Street, Leawood, KS, 66209",,matchOnce,must be present,,,non_compliant,Block Requirements,,,true,0,,2026-08-16
"Block Real Estate Services, LLC",69fdf74a62446148bd854b37,69fded0f62446148bd848c04,"BluSky Salon Suites, Inc.",69fdef3603a2257cd27d8a19,3rd348 - 5051 West 134th Street {Taikan Development Corporation},evidenceOfInsurance,Evidence of Insurance,6ac20aae-5728-5d57-b364-aeba38527dba,Additional Requirements,3649e9d1-4e09-59bf-8f30-cb33c40cf117,"Certificate Holder must read: c/o Block Real Estate Services, LLC, 4622 Pennsylvania St., Suite 700, Kansas City, MO, 64112",,matchOnce,must be present,,,non_compliant,Block Requirements,,,true,0,,2026-08-16
"Block Real Estate Services, LLC",69fdf78062446148bd8587d7,69fded1762446148bd848e86,Infinity Fasteners Inc,69fdf09d38cbea6b3a6917a7,"lcs458 - Lenexa Logistics Centre South Building 8 {LLCS Building 8 Investors, LLC}",evidenceOfInsurance,Evidence of Insurance,commercialGeneralLiability,Commercial General Liability,evidenceOfInsuranceCommercialGeneralLiabilityCoverageTriggerOccurrence,Coverage Trigger: Occurrence,,matchOnce,must be present,,Present,compliant,Block Requirements,,,false,1,,2026-08-16
"Block Real Estate Services, LLC",69fdf78062446148bd8587d7,69fded1762446148bd848e86,Infinity Fasteners Inc,69fdf09d38cbea6b3a6917a7,"lcs458 - Lenexa Logistics Centre South Building 8 {LLCS Building 8 Investors, LLC}",evidenceOfInsurance,Evidence of Insurance,commercialGeneralLiability,Commercial General Liability,evidenceOfInsuranceCommercialGeneralLiabilityGeneralAggregateLimitAppliesPerLocation,General Aggregate Limit Applies per: Location,,matchOnce,must be present,,,non_compliant,Block Requirements,,,false,0,,2026-08-16
"Block Real Estate Services, LLC",69fdf78062446148bd8587d7,69fded1762446148bd848e86,Infinity Fasteners Inc,69fdf09d38cbea6b3a6917a7,"lcs458 - Lenexa Logistics Centre South Building 8 {LLCS Building 8 Investors, LLC}",evidenceOfInsurance,Evidence of Insurance,commercialGeneralLiability,Commercial General Liability,evidenceOfInsuranceCommercialGeneralLiabilityEachOccurrence,Each Occurrence,,matchOnce,must be greater or equal to,1000000,1000000,compliant,Block Requirements,,,false,1,,2026-08-16
"Block Real Estate Services, LLC",69fdf78062446148bd8587d7,69fded1762446148bd848e86,Infinity Fasteners Inc,69fdf09d38cbea6b3a6917a7,"lcs458 - Lenexa Logistics Centre South Building 8 {LLCS Building 8 Investors, LLC}",evidenceOfInsurance,Evidence of Insurance,commercialGeneralLiability,Commercial General Liability,evidenceOfInsuranceCommercialGeneralLiabilityGeneralAggregate,General Aggregate,,matchOnce,must be greater or equal to,2000000,2000000,compliant,Block Requirements,,,false,1,,2026-08-16
"Block Real Estate Services, LLC",69fdf78062446148bd8587d7,69fded1762446148bd848e86,Infinity Fasteners Inc,69fdf09d38cbea6b3a6917a7,"lcs458 - Lenexa Logistics Centre South Building 8 {LLCS Building 8 Investors, LLC}",evidenceOfInsurance,Evidence of Insurance,commercialGeneralLiability,Commercial General Liability,evidenceOfInsuranceCommercialGeneralLiabilityWaiverOfSubrogationEndorsement,Waiver of Subrogation,"---prompt---
Determine if the insurer has waived their right of subrogation in favor of the certificate holder under the Commercial General Liability policy. Evidence may include: a checked ""Waiver of Subrogation"" box on the certificate, mention in the Description of Operations section stating ""waiver of subrogation applies"", or reference to form CG 24 04. Look for language like ""subrogation is waived"" or ""per written contract"".",matchOnce,must be present,,Present,compliant,Block Requirements,,,false,1,,2026-08-16
"Block Real Estate Services, LLC",69fdf78062446148bd8587d7,69fded1762446148bd848e86,Infinity Fasteners Inc,69fdf09d38cbea6b3a6917a7,"lcs458 - Lenexa Logistics Centre South Building 8 {LLCS Building 8 Investors, LLC}",evidenceOfInsurance,Evidence of Insurance,excessOrUmbrellaLiability,Umbrella/Excess Liability,evidenceOfInsuranceExcessOrUmbrellaLiabilityOccurence,Coverage Trigger: Occurrence,,matchOnce,must be present,,Present,compliant,Block Requirements,,,false,1,,2026-08-16
"Block Real Estate Services, LLC",69fdf78062446148bd8587d7,69fded1762446148bd848e86,Infinity Fasteners Inc,69fdf09d38cbea6b3a6917a7,"lcs458 - Lenexa Logistics Centre South Building 8 {LLCS Building 8 Investors, LLC}",evidenceOfInsurance,Evidence of Insurance,excessOrUmbrellaLiability,Umbrella/Excess Liability,evidenceOfInsuranceExcessOrUmbrellaLiabilityEachOccurrence,Each Occurrence,,matchOnce,must be greater or equal to,1000000,4000000,compliant,Block Requirements,,,false,1,,2026-08-16
"Block Real Estate Services, LLC",69fdf78062446148bd8587d7,69fded1762446148bd848e86,Infinity Fasteners Inc,69fdf09d38cbea6b3a6917a7,"lcs458 - Lenexa Logistics Centre South Building 8 {LLCS Building 8 Investors, LLC}",evidenceOfInsurance,Evidence of Insurance,excessOrUmbrellaLiability,Umbrella/Excess Liability,evidenceOfInsuranceExcessOrUmbrellaLiabilityAggregate,Aggregate,,matchOnce,must be greater or equal to,1000000,4000000,compliant,Block Requirements,,,false,1,,2026-08-16
"Block Real Estate Services, LLC",69fdf78062446148bd8587d7,69fded1762446148bd848e86,Infinity Fasteners Inc,69fdf09d38cbea6b3a6917a7,"lcs458 - Lenexa Logistics Centre South Building 8 {LLCS Building 8 Investors, LLC}",evidenceOfInsurance,Evidence of Insurance,workersCompensation,Workers' Compensation and Employer's Liability,evidenceOfInsuranceWorkersCompensationStatutoryLimits,Statutory Limits,,matchOnce,must be present,,Present,compliant,Block Requirements,,,false,1,,2026-08-16
"Block Real Estate Services, LLC",69fdf78062446148bd8587d7,69fded1762446148bd848e86,Infinity Fasteners Inc,69fdf09d38cbea6b3a6917a7,"lcs458 - Lenexa Logistics Centre South Building 8 {LLCS Building 8 Investors, LLC}",evidenceOfInsurance,Evidence of Insurance,workersCompensation,Workers' Compensation and Employer's Liability,evidenceOfInsuranceWorkersCompensationEmployersLiabilityEachAccident,Employer's Liability Each Accident,,matchOnce,must be greater or equal to,500000,500000,compliant,Block Requirements,,,false,1,,2026-08-16
"Block Real Estate Services, LLC",69fdf78062446148bd8587d7,69fded1762446148bd848e86,Infinity Fasteners Inc,69fdf09d38cbea6b3a6917a7,"lcs458 - Lenexa Logistics Centre South Building 8 {LLCS Building 8 Investors, LLC}",evidenceOfInsurance,Evidence of Insurance,workersCompensation,Workers' Compensation and Employer's Liability,evidenceOfInsuranceWorkersCompensationEmployersLiabilityDiseaseEachEmployee,Employer's Liability Disease - each employee,,matchOnce,must be greater or equal to,500000,500000,compliant,Block Requirements,,,false,1,,2026-08-16
"Block Real Estate Services, LLC",69fdf78062446148bd8587d7,69fded1762446148bd848e86,Infinity Fasteners Inc,69fdf09d38cbea6b3a6917a7,"lcs458 - Lenexa Logistics Centre South Building 8 {LLCS Building 8 Investors, LLC}",evidenceOfInsurance,Evidence of Insurance,workersCompensation,Workers' Compensation and Employer's Liability,evidenceOfInsuranceWorkersCompensationEmployersLiabilityDiseasePolicyLimit,Employer's Liability Disease - policy limit,,matchOnce,must be greater or equal to,500000,500000,compliant,Block Requirements,,,false,1,,2026-08-16
"Block Real Estate Services, LLC",69fdf78062446148bd8587d7,69fded1762446148bd848e86,Infinity Fasteners Inc,69fdf09d38cbea6b3a6917a7,"lcs458 - Lenexa Logistics Centre South Building 8 {LLCS Building 8 Investors, LLC}",evidenceOfInsurance,Evidence of Insurance,workersCompensation,Workers' Compensation and Employer's Liability,evidenceOfInsuranceWorkersCompensationWaiverOfSubrogationEndorsement,Waiver of Subrogation,"---prompt---
Determine if the insurer has waived their right of subrogation in favor of the certificate holder under the Workers' Compensation policy. Evidence may include: a checked ""Waiver of Subrogation"" box on the certificate, mention in the Description of Operations section stating ""waiver of subrogation applies"", or reference to form WC 00 03 13. Look for language like ""subrogation is waived"" or ""per written contract"".",matchOnce,must be present,,Present,compliant,Block Requirements,,,false,1,,2026-08-16
"Block Real Estate Services, LLC",69fdf78062446148bd8587d7,69fded1762446148bd848e86,Infinity Fasteners Inc,69fdf09d38cbea6b3a6917a7,"lcs458 - Lenexa Logistics Centre South Building 8 {LLCS Building 8 Investors, LLC}",evidenceOfInsurance,Evidence of Insurance,6ac20aae-5728-5d57-b364-aeba38527dba,Additional Requirements,4da5b0f1-4c9d-5885-8cf8-5d3cccaed3e0,"Block Real Estate Services, LLC and all others required by contract are named as Additional Insureds","---prompt---
Determine if the Description of Operations or the Additional Remarks Schedule section states the ""Additional Insured as Construction Management, Inc. and all others required by contract"" or reference to blanket additional insured coverage. Look for language like ""certificate holder is additional insured"" or ""per written contract"".",matchOnce,must be present,,Present,compliant,Block Requirements,,,true,1,,2026-08-16
"Block Real Estate Services, LLC",69fdf78062446148bd8587d7,69fded1762446148bd848e86,Infinity Fasteners Inc,69fdf09d38cbea6b3a6917a7,"lcs458 - Lenexa Logistics Centre South Building 8 {LLCS Building 8 Investors, LLC}",evidenceOfInsurance,Evidence of Insurance,6ac20aae-5728-5d57-b364-aeba38527dba,Additional Requirements,e1017741-e47e-5f58-97b8-fbc3043e919f,Umbrella follows form over General Liability,"---prompt---
Determine if the Umbrella/Excess Liability policy follows form to the underlying policies. Evidence may include: language in the Description of Operations section stating the umbrella follows form to underlying coverages or an additional page endorsement stating that it follows form. Follow form means the umbrella policy adopts the same terms, conditions, and exclusions as the underlying policies.",matchOnce,must be present,,,non_compliant,Block Requirements,,,true,0,,2026-08-16
"Block Real Estate Services, LLC",69fdf78062446148bd8587d7,69fded1762446148bd848e86,Infinity Fasteners Inc,69fdf09d38cbea6b3a6917a7,"lcs458 - Lenexa Logistics Centre South Building 8 {LLCS Building 8 Investors, LLC}",evidenceOfInsurance,Evidence of Insurance,6ac20aae-5728-5d57-b364-aeba38527dba,Additional Requirements,2cdd866f-c9a4-576a-afd8-1d045762790c,"The location must be listed as: 17431, 17451 College Boulevard Lenexa KS 66219",,matchOnce,must be present,,,non_compliant,Block Requirements,,,true,0,,2026-08-16
"Block Real Estate Services, LLC",69fdf78062446148bd8587d7,69fded1762446148bd848e86,Infinity Fasteners Inc,69fdf09d38cbea6b3a6917a7,"lcs458 - Lenexa Logistics Centre South Building 8 {LLCS Building 8 Investors, LLC}",evidenceOfInsurance,Evidence of Insurance,6ac20aae-5728-5d57-b364-aeba38527dba,Additional Requirements,3649e9d1-4e09-59bf-8f30-cb33c40cf117,"Certificate Holder must read: c/o Block Real Estate Services, LLC, 4622 Pennsylvania St., Suite 700, Kansas City, MO, 64112",,matchOnce,must be present,,Present,compliant,Block Requirements,,,true,1,,2026-08-16
"Block Real Estate Services, LLC",69fdf78062446148bd8587d5,69fded0f62446148bd848c0d,Bode Cellmark Forensics Inc,69fdf09d38cbea6b3a6917a7,"lcs458 - Lenexa Logistics Centre South Building 8 {LLCS Building 8 Investors, LLC}",evidenceOfInsurance,Evidence of Insurance,commercialGeneralLiability,Commercial General Liability,evidenceOfInsuranceCommercialGeneralLiabilityCoverageTriggerOccurrence,Coverage Trigger: Occurrence,,matchOnce,must be present,,,non_compliant,Block Requirements,,,false,0,,2026-08-16
"Block Real Estate Services, LLC",69fdf78062446148bd8587d5,69fded0f62446148bd848c0d,Bode Cellmark Forensics Inc,69fdf09d38cbea6b3a6917a7,"lcs458 - Lenexa Logistics Centre South Building 8 {LLCS Building 8 Investors, LLC}",evidenceOfInsurance,Evidence of Insurance,commercialGeneralLiability,Commercial General Liability,evidenceOfInsuranceCommercialGeneralLiabilityGeneralAggregateLimitAppliesPerLocation,General Aggregate Limit Applies per: Location,,matchOnce,must be present,,,non_compliant,Block Requirements,,,false,0,,2026-08-16
"Block Real Estate Services, LLC",69fdf78062446148bd8587d5,69fded0f62446148bd848c0d,Bode Cellmark Forensics Inc,69fdf09d38cbea6b3a6917a7,"lcs458 - Lenexa Logistics Centre South Building 8 {LLCS Building 8 Investors, LLC}",evidenceOfInsurance,Evidence of Insurance,commercialGeneralLiability,Commercial General Liability,evidenceOfInsuranceCommercialGeneralLiabilityEachOccurrence,Each Occurrence,,matchOnce,must be greater or equal to,1000000,,non_compliant,Block Requirements,,,false,0,,2026-08-16
"Block Real Estate Services, LLC",69fdf78062446148bd8587d5,69fded0f62446148bd848c0d,Bode Cellmark Forensics Inc,69fdf09d38cbea6b3a6917a7,"lcs458 - Lenexa Logistics Centre South Building 8 {LLCS Building 8 Investors, LLC}",evidenceOfInsurance,Evidence of Insurance,commercialGeneralLiability,Commercial General Liability,evidenceOfInsuranceCommercialGeneralLiabilityGeneralAggregate,General Aggregate,,matchOnce,must be greater or equal to,2000000,,non_compliant,Block Requirements,,,false,0,,2026-08-16
"Block Real Estate Services, LLC",69fdf78062446148bd8587d5,69fded0f62446148bd848c0d,Bode Cellmark Forensics Inc,69fdf09d38cbea6b3a6917a7,"lcs458 - Lenexa Logistics Centre South Building 8 {LLCS Building 8 Investors, LLC}",evidenceOfInsurance,Evidence of Insurance,commercialGeneralLiability,Commercial General Liability,evidenceOfInsuranceCommercialGeneralLiabilityWaiverOfSubrogationEndorsement,Waiver of Subrogation,"---prompt---
Determine if the insurer has waived their right of subrogation in favor of the certificate holder under the Commercial General Liability policy. Evidence may include: a checked ""Waiver of Subrogation"" box on the certificate, mention in the Description of Operations section stating ""waiver of subrogation applies"", or reference to form CG 24 04. Look for language like ""subrogation is waived"" or ""per written contract"".",matchOnce,must be present,,,non_compliant,Block Requirements,,,false,0,,2026-08-16
"Block Real Estate Services, LLC",69fdf78062446148bd8587d5,69fded0f62446148bd848c0d,Bode Cellmark Forensics Inc,69fdf09d38cbea6b3a6917a7,"lcs458 - Lenexa Logistics Centre South Building 8 {LLCS Building 8 Investors, LLC}",evidenceOfInsurance,Evidence of Insurance,excessOrUmbrellaLiability,Umbrella/Excess Liability,evidenceOfInsuranceExcessOrUmbrellaLiabilityOccurence,Coverage Trigger: Occurrence,,matchOnce,must be present,,,non_compliant,Block Requirements,,,false,0,,2026-08-16
"Block Real Estate Services, LLC",69fdf78062446148bd8587d5,69fded0f62446148bd848c0d,Bode Cellmark Forensics Inc,69fdf09d38cbea6b3a6917a7,"lcs458 - Lenexa Logistics Centre South Building 8 {LLCS Building 8 Investors, LLC}",evidenceOfInsurance,Evidence of Insurance,excessOrUmbrellaLiability,Umbrella/Excess Liability,evidenceOfInsuranceExcessOrUmbrellaLiabilityEachOccurrence,Each Occurrence,,matchOnce,must be greater or equal to,1000000,,non_compliant,Block Requirements,,,false,0,,2026-08-16
"Block Real Estate Services, LLC",69fdf78062446148bd8587d5,69fded0f62446148bd848c0d,Bode Cellmark Forensics Inc,69fdf09d38cbea6b3a6917a7,"lcs458 - Lenexa Logistics Centre South Building 8 {LLCS Building 8 Investors, LLC}",evidenceOfInsurance,Evidence of Insurance,excessOrUmbrellaLiability,Umbrella/Excess Liability,evidenceOfInsuranceExcessOrUmbrellaLiabilityAggregate,Aggregate,,matchOnce,must be greater or equal to,1000000,,non_compliant,Block Requirements,,,false,0,,2026-08-16
"Block Real Estate Services, LLC",69fdf78062446148bd8587d5,69fded0f62446148bd848c0d,Bode Cellmark Forensics Inc,69fdf09d38cbea6b3a6917a7,"lcs458 - Lenexa Logistics Centre South Building 8 {LLCS Building 8 Investors, LLC}",evidenceOfInsurance,Evidence of Insurance,workersCompensation,Workers' Compensation and Employer's Liability,evidenceOfInsuranceWorkersCompensationStatutoryLimits,Statutory Limits,,matchOnce,must be present,,,non_compliant,Block Requirements,,,false,0,,2026-08-16
"Block Real Estate Services, LLC",69fdf78062446148bd8587d5,69fded0f62446148bd848c0d,Bode Cellmark Forensics Inc,69fdf09d38cbea6b3a6917a7,"lcs458 - Lenexa Logistics Centre South Building 8 {LLCS Building 8 Investors, LLC}",evidenceOfInsurance,Evidence of Insurance,workersCompensation,Workers' Compensation and Employer's Liability,evidenceOfInsuranceWorkersCompensationEmployersLiabilityEachAccident,Employer's Liability Each Accident,,matchOnce,must be greater or equal to,500000,,non_compliant,Block Requirements,,,false,0,,2026-08-16
"Block Real Estate Services, LLC",69fdf78062446148bd8587d5,69fded0f62446148bd848c0d,Bode Cellmark Forensics Inc,69fdf09d38cbea6b3a6917a7,"lcs458 - Lenexa Logistics Centre South Building 8 {LLCS Building 8 Investors, LLC}",evidenceOfInsurance,Evidence of Insurance,workersCompensation,Workers' Compensation and Employer's Liability,evidenceOfInsuranceWorkersCompensationEmployersLiabilityDiseaseEachEmployee,Employer's Liability Disease - each employee,,matchOnce,must be greater or equal to,500000,,non_compliant,Block Requirements,,,false,0,,2026-08-16
"Block Real Estate Services, LLC",69fdf78062446148bd8587d5,69fded0f62446148bd848c0d,Bode Cellmark Forensics Inc,69fdf09d38cbea6b3a6917a7,"lcs458 - Lenexa Logistics Centre South Building 8 {LLCS Building 8 Investors, LLC}",evidenceOfInsurance,Evidence of Insurance,workersCompensation,Workers' Compensation and Employer's Liability,evidenceOfInsuranceWorkersCompensationEmployersLiabilityDiseasePolicyLimit,Employer's Liability Disease - policy limit,,matchOnce,must be greater or equal to,500000,,non_compliant,Block Requirements,,,false,0,,2026-08-16
"Block Real Estate Services, LLC",69fdf78062446148bd8587d5,69fded0f62446148bd848c0d,Bode Cellmark Forensics Inc,69fdf09d38cbea6b3a6917a7,"lcs458 - Lenexa Logistics Centre South Building 8 {LLCS Building 8 Investors, LLC}",evidenceOfInsurance,Evidence of Insurance,workersCompensation,Workers' Compensation and Employer's Liability,evidenceOfInsuranceWorkersCompensationWaiverOfSubrogationEndorsement,Waiver of Subrogation,"---prompt---
Determine if the insurer has waived their right of subrogation in favor of the certificate holder under the Workers' Compensation policy. Evidence may include: a checked ""Waiver of Subrogation"" box on the certificate, mention in the Description of Operations section stating ""waiver of subrogation applies"", or reference to form WC 00 03 13. Look for language like ""subrogation is waived"" or ""per written contract"".",matchOnce,must be present,,,non_compliant,Block Requirements,,,false,0,,2026-08-16
"Block Real Estate Services, LLC",69fdf78062446148bd8587d5,69fded0f62446148bd848c0d,Bode Cellmark Forensics Inc,69fdf09d38cbea6b3a6917a7,"lcs458 - Lenexa Logistics Centre South Building 8 {LLCS Building 8 Investors, LLC}",evidenceOfInsurance,Evidence of Insurance,6ac20aae-5728-5d57-b364-aeba38527dba,Additional Requirements,4da5b0f1-4c9d-5885-8cf8-5d3cccaed3e0,"Block Real Estate Services, LLC and all others required by contract are named as Additional Insureds","---prompt---
Determine if the Description of Operations or the Additional Remarks Schedule section states the ""Additional Insured as Construction Management, Inc. and all others required by contract"" or reference to blanket additional insured coverage. Look for language like ""certificate holder is additional insured"" or ""per written contract"".",matchOnce,must be present,,,non_compliant,Block Requirements,,,true,0,,2026-08-16
"Block Real Estate Services, LLC",69fdf78062446148bd8587d5,69fded0f62446148bd848c0d,Bode Cellmark Forensics Inc,69fdf09d38cbea6b3a6917a7,"lcs458 - Lenexa Logistics Centre South Building 8 {LLCS Building 8 Investors, LLC}",evidenceOfInsurance,Evidence of Insurance,6ac20aae-5728-5d57-b364-aeba38527dba,Additional Requirements,e1017741-e47e-5f58-97b8-fbc3043e919f,Umbrella follows form over General Liability,"---prompt---
Determine if the Umbrella/Excess Liability policy follows form to the underlying policies. Evidence may include: language in the Description of Operations section stating the umbrella follows form to underlying coverages or an additional page endorsement stating that it follows form. Follow form means the umbrella policy adopts the same terms, conditions, and exclusions as the underlying policies.",matchOnce,must be present,,,non_compliant,Block Requirements,,,true,0,,2026-08-16
"Block Real Estate Services, LLC",69fdf78062446148bd8587d5,69fded0f62446148bd848c0d,Bode Cellmark Forensics Inc,69fdf09d38cbea6b3a6917a7,"lcs458 - Lenexa Logistics Centre South Building 8 {LLCS Building 8 Investors, LLC}",evidenceOfInsurance,Evidence of Insurance,6ac20aae-5728-5d57-b364-aeba38527dba,Additional Requirements,2cdd866f-c9a4-576a-afd8-1d045762790c,"The location must be listed as: 17167, 17211, 17231 College Boulevard Lenexa KS 66219",,matchOnce,must be present,,,non_compliant,Block Requirements,,,true,0,,2026-08-16
"Block Real Estate Services, LLC",69fdf78062446148bd8587d5,69fded0f62446148bd848c0d,Bode Cellmark Forensics Inc,69fdf09d38cbea6b3a6917a7,"lcs458 - Lenexa Logistics Centre South Building 8 {LLCS Building 8 Investors, LLC}",evidenceOfInsurance,Evidence of Insurance,6ac20aae-5728-5d57-b364-aeba38527dba,Additional Requirements,3649e9d1-4e09-59bf-8f30-cb33c40cf117,"Certificate Holder must read: c/o Block Real Estate Services, LLC, 4622 Pennsylvania St., Suite 700, Kansas City, MO, 64112",,matchOnce,must be present,,,non_compliant,Block Requirements,,,true,0,,2026-08-16
"Block Real Estate Services, LLC",69fdf78062446148bd8587d9,69fded1a62446148bd848f79,MC Flooring LLC,69fdf09d38cbea6b3a6917a7,"lcs458 - Lenexa Logistics Centre South Building 8 {LLCS Building 8 Investors, LLC}",evidenceOfInsurance,Evidence of Insurance,commercialGeneralLiability,Commercial General Liability,evidenceOfInsuranceCommercialGeneralLiabilityCoverageTriggerOccurrence,Coverage Trigger: Occurrence,,matchOnce,must be present,,Present,compliant,Block Requirements,,,false,1,,2026-08-16
"Block Real Estate Services, LLC",69fdf78062446148bd8587d9,69fded1a62446148bd848f79,MC Flooring LLC,69fdf09d38cbea6b3a6917a7,"lcs458 - Lenexa Logistics Centre South Building 8 {LLCS Building 8 Investors, LLC}",evidenceOfInsurance,Evidence of Insurance,commercialGeneralLiability,Commercial General Liability,evidenceOfInsuranceCommercialGeneralLiabilityGeneralAggregateLimitAppliesPerLocation,General Aggregate Limit Applies per: Location,,matchOnce,must be present,,Present,compliant,Block Requirements,,,false,1,,2026-08-16
"Block Real Estate Services, LLC",69fdf78062446148bd8587d9,69fded1a62446148bd848f79,MC Flooring LLC,69fdf09d38cbea6b3a6917a7,"lcs458 - Lenexa Logistics Centre South Building 8 {LLCS Building 8 Investors, LLC}",evidenceOfInsurance,Evidence of Insurance,commercialGeneralLiability,Commercial General Liability,evidenceOfInsuranceCommercialGeneralLiabilityEachOccurrence,Each Occurrence,,matchOnce,must be greater or equal to,1000000,1000000,compliant,Block Requirements,,,false,1,,2026-08-16
"Block Real Estate Services, LLC",69fdf78062446148bd8587d9,69fded1a62446148bd848f79,MC Flooring LLC,69fdf09d38cbea6b3a6917a7,"lcs458 - Lenexa Logistics Centre South Building 8 {LLCS Building 8 Investors, LLC}",evidenceOfInsurance,Evidence of Insurance,commercialGeneralLiability,Commercial General Liability,evidenceOfInsuranceCommercialGeneralLiabilityGeneralAggregate,General Aggregate,,matchOnce,must be greater or equal to,2000000,2000000,compliant,Block Requirements,,,false,1,,2026-08-16
"Block Real Estate Services, LLC",69fdf78062446148bd8587d9,69fded1a62446148bd848f79,MC Flooring LLC,69fdf09d38cbea6b3a6917a7,"lcs458 - Lenexa Logistics Centre South Building 8 {LLCS Building 8 Investors, LLC}",evidenceOfInsurance,Evidence of Insurance,commercialGeneralLiability,Commercial General Liability,evidenceOfInsuranceCommercialGeneralLiabilityWaiverOfSubrogationEndorsement,Waiver of Subrogation,"---prompt---
Determine if the insurer has waived their right of subrogation in favor of the certificate holder under the Commercial General Liability policy. Evidence may include: a checked ""Waiver of Subrogation"" box on the certificate, mention in the Description of Operations section stating ""waiver of subrogation applies"", or reference to form CG 24 04. Look for language like ""subrogation is waived"" or ""per written contract"".",matchOnce,must be present,,Present,compliant,Block Requirements,,,false,1,,2026-08-16
"Block Real Estate Services, LLC",69fdf78062446148bd8587d9,69fded1a62446148bd848f79,MC Flooring LLC,69fdf09d38cbea6b3a6917a7,"lcs458 - Lenexa Logistics Centre South Building 8 {LLCS Building 8 Investors, LLC}",evidenceOfInsurance,Evidence of Insurance,excessOrUmbrellaLiability,Umbrella/Excess Liability,evidenceOfInsuranceExcessOrUmbrellaLiabilityOccurence,Coverage Trigger: Occurrence,,matchOnce,must be present,,Present,compliant,Block Requirements,,,false,1,,2026-08-16
"Block Real Estate Services, LLC",69fdf78062446148bd8587d9,69fded1a62446148bd848f79,MC Flooring LLC,69fdf09d38cbea6b3a6917a7,"lcs458 - Lenexa Logistics Centre South Building 8 {LLCS Building 8 Investors, LLC}",evidenceOfInsurance,Evidence of Insurance,excessOrUmbrellaLiability,Umbrella/Excess Liability,evidenceOfInsuranceExcessOrUmbrellaLiabilityEachOccurrence,Each Occurrence,,matchOnce,must be greater or equal to,1000000,5000000,compliant,Block Requirements,,,false,1,,2026-08-16
"Block Real Estate Services, LLC",69fdf78062446148bd8587d9,69fded1a62446148bd848f79,MC Flooring LLC,69fdf09d38cbea6b3a6917a7,"lcs458 - Lenexa Logistics Centre South Building 8 {LLCS Building 8 Investors, LLC}",evidenceOfInsurance,Evidence of Insurance,excessOrUmbrellaLiability,Umbrella/Excess Liability,evidenceOfInsuranceExcessOrUmbrellaLiabilityAggregate,Aggregate,,matchOnce,must be greater or equal to,1000000,5000000,compliant,Block Requirements,,,false,1,,2026-08-16
"Block Real Estate Services, LLC",69fdf78062446148bd8587d9,69fded1a62446148bd848f79,MC Flooring LLC,69fdf09d38cbea6b3a6917a7,"lcs458 - Lenexa Logistics Centre South Building 8 {LLCS Building 8 Investors, LLC}",evidenceOfInsurance,Evidence of Insurance,workersCompensation,Workers' Compensation and Employer's Liability,evidenceOfInsuranceWorkersCompensationStatutoryLimits,Statutory Limits,,matchOnce,must be present,,Present,compliant,Block Requirements,,,false,1,,2026-08-16
"Block Real Estate Services, LLC",69fdf78062446148bd8587d9,69fded1a62446148bd848f79,MC Flooring LLC,69fdf09d38cbea6b3a6917a7,"lcs458 - Lenexa Logistics Centre South Building 8 {LLCS Building 8 Investors, LLC}",evidenceOfInsurance,Evidence of Insurance,workersCompensation,Workers' Compensation and Employer's Liability,evidenceOfInsuranceWorkersCompensationEmployersLiabilityEachAccident,Employer's Liability Each Accident,,matchOnce,must be greater or equal to,500000,1000000,compliant,Block Requirements,,,false,1,,2026-08-16
"Block Real Estate Services, LLC",69fdf78062446148bd8587d9,69fded1a62446148bd848f79,MC Flooring LLC,69fdf09d38cbea6b3a6917a7,"lcs458 - Lenexa Logistics Centre South Building 8 {LLCS Building 8 Investors, LLC}",evidenceOfInsurance,Evidence of Insurance,workersCompensation,Workers' Compensation and Employer's Liability,evidenceOfInsuranceWorkersCompensationEmployersLiabilityDiseaseEachEmployee,Employer's Liability Disease - each employee,,matchOnce,must be greater or equal to,500000,1000000,compliant,Block Requirements,,,false,1,,2026-08-16
"Block Real Estate Services, LLC",69fdf78062446148bd8587d9,69fded1a62446148bd848f79,MC Flooring LLC,69fdf09d38cbea6b3a6917a7,"lcs458 - Lenexa Logistics Centre South Building 8 {LLCS Building 8 Investors, LLC}",evidenceOfInsurance,Evidence of Insurance,workersCompensation,Workers' Compensation and Employer's Liability,evidenceOfInsuranceWorkersCompensationEmployersLiabilityDiseasePolicyLimit,Employer's Liability Disease - policy limit,,matchOnce,must be greater or equal to,500000,1000000,compliant,Block Requirements,,,false,1,,2026-08-16
"Block Real Estate Services, LLC",69fdf78062446148bd8587d9,69fded1a62446148bd848f79,MC Flooring LLC,69fdf09d38cbea6b3a6917a7,"lcs458 - Lenexa Logistics Centre South Building 8 {LLCS Building 8 Investors, LLC}",evidenceOfInsurance,Evidence of Insurance,workersCompensation,Workers' Compensation and Employer's Liability,evidenceOfInsuranceWorkersCompensationWaiverOfSubrogationEndorsement,Waiver of Subrogation,"---prompt---
Determine if the insurer has waived their right of subrogation in favor of the certificate holder under the Workers' Compensation policy. Evidence may include: a checked ""Waiver of Subrogation"" box on the certificate, mention in the Description of Operations section stating ""waiver of subrogation applies"", or reference to form WC 00 03 13. Look for language like ""subrogation is waived"" or ""per written contract"".",matchOnce,must be present,,Present,compliant,Block Requirements,,,false,1,,2026-08-16
"Block Real Estate Services, LLC",69fdf78062446148bd8587d9,69fded1a62446148bd848f79,MC Flooring LLC,69fdf09d38cbea6b3a6917a7,"lcs458 - Lenexa Logistics Centre South Building 8 {LLCS Building 8 Investors, LLC}",evidenceOfInsurance,Evidence of Insurance,6ac20aae-5728-5d57-b364-aeba38527dba,Additional Requirements,4da5b0f1-4c9d-5885-8cf8-5d3cccaed3e0,"Block Real Estate Services, LLC and all others required by contract are named as Additional Insureds","---prompt---
Determine if the Description of Operations or the Additional Remarks Schedule section states the ""Additional Insured as Construction Management, Inc. and all others required by contract"" or reference to blanket additional insured coverage. Look for language like ""certificate holder is additional insured"" or ""per written contract"".",matchOnce,must be present,,Present,compliant,Block Requirements,,,true,1,,2026-08-16
"Block Real Estate Services, LLC",69fdf78062446148bd8587d9,69fded1a62446148bd848f79,MC Flooring LLC,69fdf09d38cbea6b3a6917a7,"lcs458 - Lenexa Logistics Centre South Building 8 {LLCS Building 8 Investors, LLC}",evidenceOfInsurance,Evidence of Insurance,6ac20aae-5728-5d57-b364-aeba38527dba,Additional Requirements,e1017741-e47e-5f58-97b8-fbc3043e919f,Umbrella follows form over General Liability,"---prompt---
Determine if the Umbrella/Excess Liability policy follows form to the underlying policies. Evidence may include: language in the Description of Operations section stating the umbrella follows form to underlying coverages or an additional page endorsement stating that it follows form. Follow form means the umbrella policy adopts the same terms, conditions, and exclusions as the underlying policies.",matchOnce,must be present,,Present,compliant,Block Requirements,,,true,1,,2026-08-16
"Block Real Estate Services, LLC",69fdf78062446148bd8587d9,69fded1a62446148bd848f79,MC Flooring LLC,69fdf09d38cbea6b3a6917a7,"lcs458 - Lenexa Logistics Centre South Building 8 {LLCS Building 8 Investors, LLC}",evidenceOfInsurance,Evidence of Insurance,6ac20aae-5728-5d57-b364-aeba38527dba,Additional Requirements,2cdd866f-c9a4-576a-afd8-1d045762790c,"The location must be listed as: 17299, 17309 College Boulevard Lenexa KS 66219",,matchOnce,must be present,,Present,compliant,Block Requirements,,,true,1,,2026-08-16
"Block Real Estate Services, LLC",69fdf78062446148bd8587d9,69fded1a62446148bd848f79,MC Flooring LLC,69fdf09d38cbea6b3a6917a7,"lcs458 - Lenexa Logistics Centre South Building 8 {LLCS Building 8 Investors, LLC}",evidenceOfInsurance,Evidence of Insurance,6ac20aae-5728-5d57-b364-aeba38527dba,Additional Requirements,3649e9d1-4e09-59bf-8f30-cb33c40cf117,"Certificate Holder must read: c/o Block Real Estate Services, LLC, 4622 Pennsylvania St., Suite 700, Kansas City, MO, 64112",,matchOnce,must be present,,Present,compliant,Block Requirements,,,true,1,,2026-08-16
"Block Real Estate Services, LLC",69fdf78062446148bd8587d8,69fded1a62446148bd848f4c,"Shoot 360 / Mambas Basketball Academy, LLC",69fdf09d38cbea6b3a6917a7,"lcs458 - Lenexa Logistics Centre South Building 8 {LLCS Building 8 Investors, LLC}",evidenceOfInsurance,Evidence of Insurance,commercialGeneralLiability,Commercial General Liability,evidenceOfInsuranceCommercialGeneralLiabilityCoverageTriggerOccurrence,Coverage Trigger: Occurrence,,matchOnce,must be present,,Present,compliant,Block Requirements,,,false,1,,2026-08-16
"Block Real Estate Services, LLC",69fdf78062446148bd8587d8,69fded1a62446148bd848f4c,"Shoot 360 / Mambas Basketball Academy, LLC",69fdf09d38cbea6b3a6917a7,"lcs458 - Lenexa Logistics Centre South Building 8 {LLCS Building 8 Investors, LLC}",evidenceOfInsurance,Evidence of Insurance,commercialGeneralLiability,Commercial General Liability,evidenceOfInsuranceCommercialGeneralLiabilityGeneralAggregateLimitAppliesPerLocation,General Aggregate Limit Applies per: Location,,matchOnce,must be present,,,non_compliant,Block Requirements,,,false,0,,2026-08-16
"Block Real Estate Services, LLC",69fdf78062446148bd8587d8,69fded1a62446148bd848f4c,"Shoot 360 / Mambas Basketball Academy, LLC",69fdf09d38cbea6b3a6917a7,"lcs458 - Lenexa Logistics Centre South Building 8 {LLCS Building 8 Investors, LLC}",evidenceOfInsurance,Evidence of Insurance,commercialGeneralLiability,Commercial General Liability,evidenceOfInsuranceCommercialGeneralLiabilityEachOccurrence,Each Occurrence,,matchOnce,must be greater or equal to,1000000,1000000,compliant,Block Requirements,,,false,1,,2026-08-16
"Block Real Estate Services, LLC",69fdf78062446148bd8587d8,69fded1a62446148bd848f4c,"Shoot 360 / Mambas Basketball Academy, LLC",69fdf09d38cbea6b3a6917a7,"lcs458 - Lenexa Logistics Centre South Building 8 {LLCS Building 8 Investors, LLC}",evidenceOfInsurance,Evidence of Insurance,commercialGeneralLiability,Commercial General Liability,evidenceOfInsuranceCommercialGeneralLiabilityGeneralAggregate,General Aggregate,,matchOnce,must be greater or equal to,2000000,3000000,compliant,Block Requirements,,,false,1,,2026-08-16
"Block Real Estate Services, LLC",69fdf78062446148bd8587d8,69fded1a62446148bd848f4c,"Shoot 360 / Mambas Basketball Academy, LLC",69fdf09d38cbea6b3a6917a7,"lcs458 - Lenexa Logistics Centre South Building 8 {LLCS Building 8 Investors, LLC}",evidenceOfInsurance,Evidence of Insurance,commercialGeneralLiability,Commercial General Liability,evidenceOfInsuranceCommercialGeneralLiabilityWaiverOfSubrogationEndorsement,Waiver of Subrogation,"---prompt---
Determine if the insurer has waived their right of subrogation in favor of the certificate holder under the Commercial General Liability policy. Evidence may include: a checked ""Waiver of Subrogation"" box on the certificate, mention in the Description of Operations section stating ""waiver of subrogation applies"", or reference to form CG 24 04. Look for language like ""subrogation is waived"" or ""per written contract"".",matchOnce,must be present,,,non_compliant,Block Requirements,,,false,0,,2026-08-16
"Block Real Estate Services, LLC",69fdf78062446148bd8587d8,69fded1a62446148bd848f4c,"Shoot 360 / Mambas Basketball Academy, LLC",69fdf09d38cbea6b3a6917a7,"lcs458 - Lenexa Logistics Centre South Building 8 {LLCS Building 8 Investors, LLC}",evidenceOfInsurance,Evidence of Insurance,excessOrUmbrellaLiability,Umbrella/Excess Liability,evidenceOfInsuranceExcessOrUmbrellaLiabilityOccurence,Coverage Trigger: Occurrence,,matchOnce,must be present,,,non_compliant,Block Requirements,,,false,0,,2026-08-16
"Block Real Estate Services, LLC",69fdf78062446148bd8587d8,69fded1a62446148bd848f4c,"Shoot 360 / Mambas Basketball Academy, LLC",69fdf09d38cbea6b3a6917a7,"lcs458 - Lenexa Logistics Centre South Building 8 {LLCS Building 8 Investors, LLC}",evidenceOfInsurance,Evidence of Insurance,excessOrUmbrellaLiability,Umbrella/Excess Liability,evidenceOfInsuranceExcessOrUmbrellaLiabilityEachOccurrence,Each Occurrence,,matchOnce,must be greater or equal to,1000000,,non_compliant,Block Requirements,,,false,0,,2026-08-16
"Block Real Estate Services, LLC",69fdf78062446148bd8587d8,69fded1a62446148bd848f4c,"Shoot 360 / Mambas Basketball Academy, LLC",69fdf09d38cbea6b3a6917a7,"lcs458 - Lenexa Logistics Centre South Building 8 {LLCS Building 8 Investors, LLC}",evidenceOfInsurance,Evidence of Insurance,excessOrUmbrellaLiability,Umbrella/Excess Liability,evidenceOfInsuranceExcessOrUmbrellaLiabilityAggregate,Aggregate,,matchOnce,must be greater or equal to,1000000,,non_compliant,Block Requirements,,,false,0,,2026-08-16
"Block Real Estate Services, LLC",69fdf78062446148bd8587d8,69fded1a62446148bd848f4c,"Shoot 360 / Mambas Basketball Academy, LLC",69fdf09d38cbea6b3a6917a7,"lcs458 - Lenexa Logistics Centre South Building 8 {LLCS Building 8 Investors, LLC}",evidenceOfInsurance,Evidence of Insurance,workersCompensation,Workers' Compensation and Employer's Liability,evidenceOfInsuranceWorkersCompensationStatutoryLimits,Statutory Limits,,matchOnce,must be present,,,non_compliant,Block Requirements,,,false,0,,2026-08-16
"Block Real Estate Services, LLC",69fdf78062446148bd8587d8,69fded1a62446148bd848f4c,"Shoot 360 / Mambas Basketball Academy, LLC",69fdf09d38cbea6b3a6917a7,"lcs458 - Lenexa Logistics Centre South Building 8 {LLCS Building 8 Investors, LLC}",evidenceOfInsurance,Evidence of Insurance,workersCompensation,Workers' Compensation and Employer's Liability,evidenceOfInsuranceWorkersCompensationEmployersLiabilityEachAccident,Employer's Liability Each Accident,,matchOnce,must be greater or equal to,500000,,non_compliant,Block Requirements,,,false,0,,2026-08-16
"Block Real Estate Services, LLC",69fdf78062446148bd8587d8,69fded1a62446148bd848f4c,"Shoot 360 / Mambas Basketball Academy, LLC",69fdf09d38cbea6b3a6917a7,"lcs458 - Lenexa Logistics Centre South Building 8 {LLCS Building 8 Investors, LLC}",evidenceOfInsurance,Evidence of Insurance,workersCompensation,Workers' Compensation and Employer's Liability,evidenceOfInsuranceWorkersCompensationEmployersLiabilityDiseaseEachEmployee,Employer's Liability Disease - each employee,,matchOnce,must be greater or equal to,500000,,non_compliant,Block Requirements,,,false,0,,2026-08-16
"Block Real Estate Services, LLC",69fdf78062446148bd8587d8,69fded1a62446148bd848f4c,"Shoot 360 / Mambas Basketball Academy, LLC",69fdf09d38cbea6b3a6917a7,"lcs458 - Lenexa Logistics Centre South Building 8 {LLCS Building 8 Investors, LLC}",evidenceOfInsurance,Evidence of Insurance,workersCompensation,Workers' Compensation and Employer's Liability,evidenceOfInsuranceWorkersCompensationEmployersLiabilityDiseasePolicyLimit,Employer's Liability Disease - policy limit,,matchOnce,must be greater or equal to,500000,,non_compliant,Block Requirements,,,false,0,,2026-08-16
"Block Real Estate Services, LLC",69fdf78062446148bd8587d8,69fded1a62446148bd848f4c,"Shoot 360 / Mambas Basketball Academy, LLC",69fdf09d38cbea6b3a6917a7,"lcs458 - Lenexa Logistics Centre South Building 8 {LLCS Building 8 Investors, LLC}",evidenceOfInsurance,Evidence of Insurance,workersCompensation,Workers' Compensation and Employer's Liability,evidenceOfInsuranceWorkersCompensationWaiverOfSubrogationEndorsement,Waiver of Subrogation,"---prompt---
Determine if the insurer has waived their right of subrogation in favor of the certificate holder under the Workers' Compensation policy. Evidence may include: a checked ""Waiver of Subrogation"" box on the certificate, mention in the Description of Operations section stating ""waiver of subrogation applies"", or reference to form WC 00 03 13. Look for language like ""subrogation is waived"" or ""per written contract"".",matchOnce,must be present,,,non_compliant,Block Requirements,,,false,0,,2026-08-16
"Block Real Estate Services, LLC",69fdf78062446148bd8587d8,69fded1a62446148bd848f4c,"Shoot 360 / Mambas Basketball Academy, LLC",69fdf09d38cbea6b3a6917a7,"lcs458 - Lenexa Logistics Centre South Building 8 {LLCS Building 8 Investors, LLC}",evidenceOfInsurance,Evidence of Insurance,6ac20aae-5728-5d57-b364-aeba38527dba,Additional Requirements,4da5b0f1-4c9d-5885-8cf8-5d3cccaed3e0,"Block Real Estate Services, LLC and all others required by contract are named as Additional Insureds","---prompt---
Determine if the Description of Operations or the Additional Remarks Schedule section states the ""Additional Insured as Construction Management, Inc. and all others required by contract"" or reference to blanket additional insured coverage. Look for language like ""certificate holder is additional insured"" or ""per written contract"".",matchOnce,must be present,,Present,compliant,Block Requirements,,,true,1,,2026-08-16
"Block Real Estate Services, LLC",69fdf78062446148bd8587d8,69fded1a62446148bd848f4c,"Shoot 360 / Mambas Basketball Academy, LLC",69fdf09d38cbea6b3a6917a7,"lcs458 - Lenexa Logistics Centre South Building 8 {LLCS Building 8 Investors, LLC}",evidenceOfInsurance,Evidence of Insurance,6ac20aae-5728-5d57-b364-aeba38527dba,Additional Requirements,e1017741-e47e-5f58-97b8-fbc3043e919f,Umbrella follows form over General Liability,"---prompt---
Determine if the Umbrella/Excess Liability policy follows form to the underlying policies. Evidence may include: language in the Description of Operations section stating the umbrella follows form to underlying coverages or an additional page endorsement stating that it follows form. Follow form means the umbrella policy adopts the same terms, conditions, and exclusions as the underlying policies.",matchOnce,must be present,,,non_compliant,Block Requirements,,,true,0,,2026-08-16
"Block Real Estate Services, LLC",69fdf78062446148bd8587d8,69fded1a62446148bd848f4c,"Shoot 360 / Mambas Basketball Academy, LLC",69fdf09d38cbea6b3a6917a7,"lcs458 - Lenexa Logistics Centre South Building 8 {LLCS Building 8 Investors, LLC}",evidenceOfInsurance,Evidence of Insurance,6ac20aae-5728-5d57-b364-aeba38527dba,Additional Requirements,2cdd866f-c9a4-576a-afd8-1d045762790c,The location must be listed as: 17255 College Boulevard Lenexa KS 66219,,matchOnce,must be present,,Present,compliant,Block Requirements,,,true,1,,2026-08-16
"Block Real Estate Services, LLC",69fdf78062446148bd8587d8,69fded1a62446148bd848f4c,"Shoot 360 / Mambas Basketball Academy, LLC",69fdf09d38cbea6b3a6917a7,"lcs458 - Lenexa Logistics Centre South Building 8 {LLCS Building 8 Investors, LLC}",evidenceOfInsurance,Evidence of Insurance,6ac20aae-5728-5d57-b364-aeba38527dba,Additional Requirements,3649e9d1-4e09-59bf-8f30-cb33c40cf117,"Certificate Holder must read: c/o Block Real Estate Services, LLC, 4622 Pennsylvania St., Suite 700, Kansas City, MO, 64112",,matchOnce,must be present,,Present,compliant,Block Requirements,,,true,1,,2026-08-16
"Block Real Estate Services, LLC",69fdf78062446148bd8587da,69fded2162446148bd8491bc,Stratus Surfaces LLC,69fdf09d38cbea6b3a6917a7,"lcs458 - Lenexa Logistics Centre South Building 8 {LLCS Building 8 Investors, LLC}",evidenceOfInsurance,Evidence of Insurance,commercialGeneralLiability,Commercial General Liability,evidenceOfInsuranceCommercialGeneralLiabilityCoverageTriggerOccurrence,Coverage Trigger: Occurrence,,matchOnce,must be present,,Present,compliant,Block Requirements,,,false,1,,2026-08-16
"Block Real Estate Services, LLC",69fdf78062446148bd8587da,69fded2162446148bd8491bc,Stratus Surfaces LLC,69fdf09d38cbea6b3a6917a7,"lcs458 - Lenexa Logistics Centre South Building 8 {LLCS Building 8 Investors, LLC}",evidenceOfInsurance,Evidence of Insurance,commercialGeneralLiability,Commercial General Liability,evidenceOfInsuranceCommercialGeneralLiabilityGeneralAggregateLimitAppliesPerLocation,General Aggregate Limit Applies per: Location,,matchOnce,must be present,,Present,compliant,Block Requirements,,,false,1,,2026-08-16
"Block Real Estate Services, LLC",69fdf78062446148bd8587da,69fded2162446148bd8491bc,Stratus Surfaces LLC,69fdf09d38cbea6b3a6917a7,"lcs458 - Lenexa Logistics Centre South Building 8 {LLCS Building 8 Investors, LLC}",evidenceOfInsurance,Evidence of Insurance,commercialGeneralLiability,Commercial General Liability,evidenceOfInsuranceCommercialGeneralLiabilityEachOccurrence,Each Occurrence,,matchOnce,must be greater or equal to,1000000,2000000,compliant,Block Requirements,,,false,1,,2026-08-16
"Block Real Estate Services, LLC",69fdf78062446148bd8587da,69fded2162446148bd8491bc,Stratus Surfaces LLC,69fdf09d38cbea6b3a6917a7,"lcs458 - Lenexa Logistics Centre South Building 8 {LLCS Building 8 Investors, LLC}",evidenceOfInsurance,Evidence of Insurance,commercialGeneralLiability,Commercial General Liability,evidenceOfInsuranceCommercialGeneralLiabilityGeneralAggregate,General Aggregate,,matchOnce,must be greater or equal to,2000000,4000000,compliant,Block Requirements,,,false,1,,2026-08-16
"Block Real Estate Services, LLC",69fdf78062446148bd8587da,69fded2162446148bd8491bc,Stratus Surfaces LLC,69fdf09d38cbea6b3a6917a7,"lcs458 - Lenexa Logistics Centre South Building 8 {LLCS Building 8 Investors, LLC}",evidenceOfInsurance,Evidence of Insurance,commercialGeneralLiability,Commercial General Liability,evidenceOfInsuranceCommercialGeneralLiabilityWaiverOfSubrogationEndorsement,Waiver of Subrogation,"---prompt---
Determine if the insurer has waived their right of subrogation in favor of the certificate holder under the Commercial General Liability policy. Evidence may include: a checked ""Waiver of Subrogation"" box on the certificate, mention in the Description of Operations section stating ""waiver of subrogation applies"", or reference to form CG 24 04. Look for language like ""subrogation is waived"" or ""per written contract"".",matchOnce,must be present,,Present,compliant,Block Requirements,,,false,1,,2026-08-16
"Block Real Estate Services, LLC",69fdf78062446148bd8587da,69fded2162446148bd8491bc,Stratus Surfaces LLC,69fdf09d38cbea6b3a6917a7,"lcs458 - Lenexa Logistics Centre South Building 8 {LLCS Building 8 Investors, LLC}",evidenceOfInsurance,Evidence of Insurance,excessOrUmbrellaLiability,Umbrella/Excess Liability,evidenceOfInsuranceExcessOrUmbrellaLiabilityOccurence,Coverage Trigger: Occurrence,,matchOnce,must be present,,Present,compliant,Block Requirements,,,false,1,,2026-08-16
"Block Real Estate Services, LLC",69fdf78062446148bd8587da,69fded2162446148bd8491bc,Stratus Surfaces LLC,69fdf09d38cbea6b3a6917a7,"lcs458 - Lenexa Logistics Centre South Building 8 {LLCS Building 8 Investors, LLC}",evidenceOfInsurance,Evidence of Insurance,excessOrUmbrellaLiability,Umbrella/Excess Liability,evidenceOfInsuranceExcessOrUmbrellaLiabilityEachOccurrence,Each Occurrence,,matchOnce,must be greater or equal to,1000000,1000000,compliant,Block Requirements,,,false,1,,2026-08-16
"Block Real Estate Services, LLC",69fdf78062446148bd8587da,69fded2162446148bd8491bc,Stratus Surfaces LLC,69fdf09d38cbea6b3a6917a7,"lcs458 - Lenexa Logistics Centre South Building 8 {LLCS Building 8 Investors, LLC}",evidenceOfInsurance,Evidence of Insurance,excessOrUmbrellaLiability,Umbrella/Excess Liability,evidenceOfInsuranceExcessOrUmbrellaLiabilityAggregate,Aggregate,,matchOnce,must be greater or equal to,1000000,1000000,compliant,Block Requirements,,,false,1,,2026-08-16
"Block Real Estate Services, LLC",69fdf78062446148bd8587da,69fded2162446148bd8491bc,Stratus Surfaces LLC,69fdf09d38cbea6b3a6917a7,"lcs458 - Lenexa Logistics Centre South Building 8 {LLCS Building 8 Investors, LLC}",evidenceOfInsurance,Evidence of Insurance,workersCompensation,Workers' Compensation and Employer's Liability,evidenceOfInsuranceWorkersCompensationStatutoryLimits,Statutory Limits,,matchOnce,must be present,,,non_compliant,Block Requirements,,,false,0,,2026-08-16
"Block Real Estate Services, LLC",69fdf78062446148bd8587da,69fded2162446148bd8491bc,Stratus Surfaces LLC,69fdf09d38cbea6b3a6917a7,"lcs458 - Lenexa Logistics Centre South Building 8 {LLCS Building 8 Investors, LLC}",evidenceOfInsurance,Evidence of Insurance,workersCompensation,Workers' Compensation and Employer's Liability,evidenceOfInsuranceWorkersCompensationEmployersLiabilityEachAccident,Employer's Liability Each Accident,,matchOnce,must be greater or equal to,500000,,non_compliant,Block Requirements,,,false,0,,2026-08-16
"Block Real Estate Services, LLC",69fdf78062446148bd8587da,69fded2162446148bd8491bc,Stratus Surfaces LLC,69fdf09d38cbea6b3a6917a7,"lcs458 - Lenexa Logistics Centre South Building 8 {LLCS Building 8 Investors, LLC}",evidenceOfInsurance,Evidence of Insurance,workersCompensation,Workers' Compensation and Employer's Liability,evidenceOfInsuranceWorkersCompensationEmployersLiabilityDiseaseEachEmployee,Employer's Liability Disease - each employee,,matchOnce,must be greater or equal to,500000,,non_compliant,Block Requirements,,,false,0,,2026-08-16
"Block Real Estate Services, LLC",69fdf78062446148bd8587da,69fded2162446148bd8491bc,Stratus Surfaces LLC,69fdf09d38cbea6b3a6917a7,"lcs458 - Lenexa Logistics Centre South Building 8 {LLCS Building 8 Investors, LLC}",evidenceOfInsurance,Evidence of Insurance,workersCompensation,Workers' Compensation and Employer's Liability,evidenceOfInsuranceWorkersCompensationEmployersLiabilityDiseasePolicyLimit,Employer's Liability Disease - policy limit,,matchOnce,must be greater or equal to,500000,,non_compliant,Block Requirements,,,false,0,,2026-08-16
"Block Real Estate Services, LLC",69fdf78062446148bd8587da,69fded2162446148bd8491bc,Stratus Surfaces LLC,69fdf09d38cbea6b3a6917a7,"lcs458 - Lenexa Logistics Centre South Building 8 {LLCS Building 8 Investors, LLC}",evidenceOfInsurance,Evidence of Insurance,workersCompensation,Workers' Compensation and Employer's Liability,evidenceOfInsuranceWorkersCompensationWaiverOfSubrogationEndorsement,Waiver of Subrogation,"---prompt---
Determine if the insurer has waived their right of subrogation in favor of the certificate holder under the Workers' Compensation policy. Evidence may include: a checked ""Waiver of Subrogation"" box on the certificate, mention in the Description of Operations section stating ""waiver of subrogation applies"", or reference to form WC 00 03 13. Look for language like ""subrogation is waived"" or ""per written contract"".",matchOnce,must be present,,,non_compliant,Block Requirements,,,false,0,,2026-08-16
"Block Real Estate Services, LLC",69fdf78062446148bd8587da,69fded2162446148bd8491bc,Stratus Surfaces LLC,69fdf09d38cbea6b3a6917a7,"lcs458 - Lenexa Logistics Centre South Building 8 {LLCS Building 8 Investors, LLC}",evidenceOfInsurance,Evidence of Insurance,6ac20aae-5728-5d57-b364-aeba38527dba,Additional Requirements,4da5b0f1-4c9d-5885-8cf8-5d3cccaed3e0,"Block Real Estate Services, LLC and all others required by contract are named as Additional Insureds","---prompt---
Determine if the Description of Operations or the Additional Remarks Schedule section states the ""Additional Insured as Construction Management, Inc. and all others required by contract"" or reference to blanket additional insured coverage. Look for language like ""certificate holder is additional insured"" or ""per written contract"".",matchOnce,must be present,,Present,compliant,Block Requirements,,,true,1,,2026-08-16
"Block Real Estate Services, LLC",69fdf78062446148bd8587da,69fded2162446148bd8491bc,Stratus Surfaces LLC,69fdf09d38cbea6b3a6917a7,"lcs458 - Lenexa Logistics Centre South Building 8 {LLCS Building 8 Investors, LLC}",evidenceOfInsurance,Evidence of Insurance,6ac20aae-5728-5d57-b364-aeba38527dba,Additional Requirements,e1017741-e47e-5f58-97b8-fbc3043e919f,Umbrella follows form over General Liability,"---prompt---
Determine if the Umbrella/Excess Liability policy follows form to the underlying policies. Evidence may include: language in the Description of Operations section stating the umbrella follows form to underlying coverages or an additional page endorsement stating that it follows form. Follow form means the umbrella policy adopts the same terms, conditions, and exclusions as the underlying policies.",matchOnce,must be present,,Present,compliant,Block Requirements,,,true,1,,2026-08-16
"Block Real Estate Services, LLC",69fdf78062446148bd8587da,69fded2162446148bd8491bc,Stratus Surfaces LLC,69fdf09d38cbea6b3a6917a7,"lcs458 - Lenexa Logistics Centre South Building 8 {LLCS Building 8 Investors, LLC}",evidenceOfInsurance,Evidence of Insurance,6ac20aae-5728-5d57-b364-aeba38527dba,Additional Requirements,2cdd866f-c9a4-576a-afd8-1d045762790c,"The location must be listed as: 17343, 17363, 17387, 17407 College Boulevard Lenexa KS 66219",,matchOnce,must be present,,Present,compliant,Block Requirements,,,true,1,,2026-08-16
"Block Real Estate Services, LLC",69fdf78062446148bd8587da,69fded2162446148bd8491bc,Stratus Surfaces LLC,69fdf09d38cbea6b3a6917a7,"lcs458 - Lenexa Logistics Centre South Building 8 {LLCS Building 8 Investors, LLC}",evidenceOfInsurance,Evidence of Insurance,6ac20aae-5728-5d57-b364-aeba38527dba,Additional Requirements,3649e9d1-4e09-59bf-8f30-cb33c40cf117,"Certificate Holder must read: c/o Block Real Estate Services, LLC, 4622 Pennsylvania St., Suite 700, Kansas City, MO, 64112",,matchOnce,must be present,,Present,compliant,Block Requirements,,,true,1,,2026-08-16
"Block Real Estate Services, LLC",69fdf78062446148bd8587d6,69fded1262446148bd848cca,"Crescent Electric Supply Company, Inc.",69fdf09d38cbea6b3a6917a7,"lcs458 - Lenexa Logistics Centre South Building 8 {LLCS Building 8 Investors, LLC}",evidenceOfInsurance,Evidence of Insurance,commercialGeneralLiability,Commercial General Liability,evidenceOfInsuranceCommercialGeneralLiabilityCoverageTriggerOccurrence,Coverage Trigger: Occurrence,,matchOnce,must be present,,Present,compliant,Block Requirements,,,false,1,,2026-08-16
"Block Real Estate Services, LLC",69fdf78062446148bd8587d6,69fded1262446148bd848cca,"Crescent Electric Supply Company, Inc.",69fdf09d38cbea6b3a6917a7,"lcs458 - Lenexa Logistics Centre South Building 8 {LLCS Building 8 Investors, LLC}",evidenceOfInsurance,Evidence of Insurance,commercialGeneralLiability,Commercial General Liability,evidenceOfInsuranceCommercialGeneralLiabilityGeneralAggregateLimitAppliesPerLocation,General Aggregate Limit Applies per: Location,,matchOnce,must be present,,Present,compliant,Block Requirements,,,false,1,,2026-08-16
"Block Real Estate Services, LLC",69fdf78062446148bd8587d6,69fded1262446148bd848cca,"Crescent Electric Supply Company, Inc.",69fdf09d38cbea6b3a6917a7,"lcs458 - Lenexa Logistics Centre South Building 8 {LLCS Building 8 Investors, LLC}",evidenceOfInsurance,Evidence of Insurance,commercialGeneralLiability,Commercial General Liability,evidenceOfInsuranceCommercialGeneralLiabilityEachOccurrence,Each Occurrence,,matchOnce,must be greater or equal to,1000000,1000000,compliant,Block Requirements,,,false,1,,2026-08-16
"Block Real Estate Services, LLC",69fdf78062446148bd8587d6,69fded1262446148bd848cca,"Crescent Electric Supply Company, Inc.",69fdf09d38cbea6b3a6917a7,"lcs458 - Lenexa Logistics Centre South Building 8 {LLCS Building 8 Investors, LLC}",evidenceOfInsurance,Evidence of Insurance,commercialGeneralLiability,Commercial General Liability,evidenceOfInsuranceCommercialGeneralLiabilityGeneralAggregate,General Aggregate,,matchOnce,must be greater or equal to,2000000,2000000,compliant,Block Requirements,,,false,1,,2026-08-16
"Block Real Estate Services, LLC",69fdf78062446148bd8587d6,69fded1262446148bd848cca,"Crescent Electric Supply Company, Inc.",69fdf09d38cbea6b3a6917a7,"lcs458 - Lenexa Logistics Centre South Building 8 {LLCS Building 8 Investors, LLC}",evidenceOfInsurance,Evidence of Insurance,commercialGeneralLiability,Commercial General Liability,evidenceOfInsuranceCommercialGeneralLiabilityWaiverOfSubrogationEndorsement,Waiver of Subrogation,"---prompt---
Determine if the insurer has waived their right of subrogation in favor of the certificate holder under the Commercial General Liability policy. Evidence may include: a checked ""Waiver of Subrogation"" box on the certificate, mention in the Description of Operations section stating ""waiver of subrogation applies"", or reference to form CG 24 04. Look for language like ""subrogation is waived"" or ""per written contract"".",matchOnce,must be present,,Present,compliant,Block Requirements,,,false,1,,2026-08-16
"Block Real Estate Services, LLC",69fdf78062446148bd8587d6,69fded1262446148bd848cca,"Crescent Electric Supply Company, Inc.",69fdf09d38cbea6b3a6917a7,"lcs458 - Lenexa Logistics Centre South Building 8 {LLCS Building 8 Investors, LLC}",evidenceOfInsurance,Evidence of Insurance,excessOrUmbrellaLiability,Umbrella/Excess Liability,evidenceOfInsuranceExcessOrUmbrellaLiabilityOccurence,Coverage Trigger: Occurrence,,matchOnce,must be present,,Present,compliant,Block Requirements,,,false,1,,2026-08-16
"Block Real Estate Services, LLC",69fdf78062446148bd8587d6,69fded1262446148bd848cca,"Crescent Electric Supply Company, Inc.",69fdf09d38cbea6b3a6917a7,"lcs458 - Lenexa Logistics Centre South Building 8 {LLCS Building 8 Investors, LLC}",evidenceOfInsurance,Evidence of Insurance,excessOrUmbrellaLiability,Umbrella/Excess Liability,evidenceOfInsuranceExcessOrUmbrellaLiabilityEachOccurrence,Each Occurrence,,matchOnce,must be greater or equal to,1000000,5000000,compliant,Block Requirements,,,false,1,,2026-08-16
"Block Real Estate Services, LLC",69fdf78062446148bd8587d6,69fded1262446148bd848cca,"Crescent Electric Supply Company, Inc.",69fdf09d38cbea6b3a6917a7,"lcs458 - Lenexa Logistics Centre South Building 8 {LLCS Building 8 Investors, LLC}",evidenceOfInsurance,Evidence of Insurance,excessOrUmbrellaLiability,Umbrella/Excess Liability,evidenceOfInsuranceExcessOrUmbrellaLiabilityAggregate,Aggregate,,matchOnce,must be greater or equal to,1000000,5000000,compliant,Block Requirements,,,false,1,,2026-08-16
"Block Real Estate Services, LLC",69fdf78062446148bd8587d6,69fded1262446148bd848cca,"Crescent Electric Supply Company, Inc.",69fdf09d38cbea6b3a6917a7,"lcs458 - Lenexa Logistics Centre South Building 8 {LLCS Building 8 Investors, LLC}",evidenceOfInsurance,Evidence of Insurance,workersCompensation,Workers' Compensation and Employer's Liability,evidenceOfInsuranceWorkersCompensationStatutoryLimits,Statutory Limits,,matchOnce,must be present,,Present,compliant,Block Requirements,,,false,1,,2026-08-16
"Block Real Estate Services, LLC",69fdf78062446148bd8587d6,69fded1262446148bd848cca,"Crescent Electric Supply Company, Inc.",69fdf09d38cbea6b3a6917a7,"lcs458 - Lenexa Logistics Centre South Building 8 {LLCS Building 8 Investors, LLC}",evidenceOfInsurance,Evidence of Insurance,workersCompensation,Workers' Compensation and Employer's Liability,evidenceOfInsuranceWorkersCompensationEmployersLiabilityEachAccident,Employer's Liability Each Accident,,matchOnce,must be greater or equal to,500000,1000000,compliant,Block Requirements,,,false,1,,2026-08-16
"Block Real Estate Services, LLC",69fdf78062446148bd8587d6,69fded1262446148bd848cca,"Crescent Electric Supply Company, Inc.",69fdf09d38cbea6b3a6917a7,"lcs458 - Lenexa Logistics Centre South Building 8 {LLCS Building 8 Investors, LLC}",evidenceOfInsurance,Evidence of Insurance,workersCompensation,Workers' Compensation and Employer's Liability,evidenceOfInsuranceWorkersCompensationEmployersLiabilityDiseaseEachEmployee,Employer's Liability Disease - each employee,,matchOnce,must be greater or equal to,500000,1000000,compliant,Block Requirements,,,false,1,,2026-08-16
"Block Real Estate Services, LLC",69fdf78062446148bd8587d6,69fded1262446148bd848cca,"Crescent Electric Supply Company, Inc.",69fdf09d38cbea6b3a6917a7,"lcs458 - Lenexa Logistics Centre South Building 8 {LLCS Building 8 Investors, LLC}",evidenceOfInsurance,Evidence of Insurance,workersCompensation,Workers' Compensation and Employer's Liability,evidenceOfInsuranceWorkersCompensationEmployersLiabilityDiseasePolicyLimit,Employer's Liability Disease - policy limit,,matchOnce,must be greater or equal to,500000,1000000,compliant,Block Requirements,,,false,1,,2026-08-16
"Block Real Estate Services, LLC",69fdf78062446148bd8587d6,69fded1262446148bd848cca,"Crescent Electric Supply Company, Inc.",69fdf09d38cbea6b3a6917a7,"lcs458 - Lenexa Logistics Centre South Building 8 {LLCS Building 8 Investors, LLC}",evidenceOfInsurance,Evidence of Insurance,workersCompensation,Workers' Compensation and Employer's Liability,evidenceOfInsuranceWorkersCompensationWaiverOfSubrogationEndorsement,Waiver of Subrogation,"---prompt---
Determine if the insurer has waived their right of subrogation in favor of the certificate holder under the Workers' Compensation policy. Evidence may include: a checked ""Waiver of Subrogation"" box on the certificate, mention in the Description of Operations section stating ""waiver of subrogation applies"", or reference to form WC 00 03 13. Look for language like ""subrogation is waived"" or ""per written contract"".",matchOnce,must be present,,Present,compliant,Block Requirements,,,false,1,,2026-08-16
"Block Real Estate Services, LLC",69fdf78062446148bd8587d6,69fded1262446148bd848cca,"Crescent Electric Supply Company, Inc.",69fdf09d38cbea6b3a6917a7,"lcs458 - Lenexa Logistics Centre South Building 8 {LLCS Building 8 Investors, LLC}",evidenceOfInsurance,Evidence of Insurance,6ac20aae-5728-5d57-b364-aeba38527dba,Additional Requirements,4da5b0f1-4c9d-5885-8cf8-5d3cccaed3e0,"Block Real Estate Services, LLC and all others required by contract are named as Additional Insureds","---prompt---
Determine if the Description of Operations or the Additional Remarks Schedule section states the ""Additional Insured as Construction Management, Inc. and all others required by contract"" or reference to blanket additional insured coverage. Look for language like ""certificate holder is additional insured"" or ""per written contract"".",matchOnce,must be present,,Present,compliant,Block Requirements,,,true,1,,2026-08-16
"Block Real Estate Services, LLC",69fdf78062446148bd8587d6,69fded1262446148bd848cca,"Crescent Electric Supply Company, Inc.",69fdf09d38cbea6b3a6917a7,"lcs458 - Lenexa Logistics Centre South Building 8 {LLCS Building 8 Investors, LLC}",evidenceOfInsurance,Evidence of Insurance,6ac20aae-5728-5d57-b364-aeba38527dba,Additional Requirements,e1017741-e47e-5f58-97b8-fbc3043e919f,Umbrella follows form over General Liability,"---prompt---
Determine if the Umbrella/Excess Liability policy follows form to the underlying policies. Evidence may include: language in the Description of Operations section stating the umbrella follows form to underlying coverages or an additional page endorsement stating that it follows form. Follow form means the umbrella policy adopts the same terms, conditions, and exclusions as the underlying policies.",matchOnce,must be present,,Present,compliant,Block Requirements,,,true,1,,2026-08-16
"Block Real Estate Services, LLC",69fdf78062446148bd8587d6,69fded1262446148bd848cca,"Crescent Electric Supply Company, Inc.",69fdf09d38cbea6b3a6917a7,"lcs458 - Lenexa Logistics Centre South Building 8 {LLCS Building 8 Investors, LLC}",evidenceOfInsurance,Evidence of Insurance,6ac20aae-5728-5d57-b364-aeba38527dba,Additional Requirements,2cdd866f-c9a4-576a-afd8-1d045762790c,The location must be listed as: 17275 College Boulevard Lenexa KS 66219,,matchOnce,must be present,,Present,compliant,Block Requirements,,,true,1,,2026-08-16
"Block Real Estate Services, LLC",69fdf78062446148bd8587d6,69fded1262446148bd848cca,"Crescent Electric Supply Company, Inc.",69fdf09d38cbea6b3a6917a7,"lcs458 - Lenexa Logistics Centre South Building 8 {LLCS Building 8 Investors, LLC}",evidenceOfInsurance,Evidence of Insurance,6ac20aae-5728-5d57-b364-aeba38527dba,Additional Requirements,3649e9d1-4e09-59bf-8f30-cb33c40cf117,"Certificate Holder must read: c/o Block Real Estate Services, LLC, 4622 Pennsylvania St., Suite 700, Kansas City, MO, 64112",,matchOnce,must be present,,Present,compliant,Block Requirements,,,true,1,,2026-08-16
"Block Real Estate Services, LLC",69fdf74a62446148bd854b34,69fded1b62446148bd848fbe,"Mills Record Company / Mills Records, LLC",69fdef2cbf1df2fe96920b3f,"3rd312 - Westport Land & Management I, LLC",evidenceOfInsurance,Evidence of Insurance,commercialGeneralLiability,Commercial General Liability,evidenceOfInsuranceCommercialGeneralLiabilityCoverageTriggerOccurrence,Coverage Trigger: Occurrence,,matchOnce,must be present,,,non_compliant,Block Requirements,,,false,0,,2026-08-16
"Block Real Estate Services, LLC",69fdf74a62446148bd854b34,69fded1b62446148bd848fbe,"Mills Record Company / Mills Records, LLC",69fdef2cbf1df2fe96920b3f,"3rd312 - Westport Land & Management I, LLC",evidenceOfInsurance,Evidence of Insurance,commercialGeneralLiability,Commercial General Liability,evidenceOfInsuranceCommercialGeneralLiabilityGeneralAggregateLimitAppliesPerLocation,General Aggregate Limit Applies per: Location,,matchOnce,must be present,,,non_compliant,Block Requirements,,,false,0,,2026-08-16
"Block Real Estate Services, LLC",69fdf74a62446148bd854b34,69fded1b62446148bd848fbe,"Mills Record Company / Mills Records, LLC",69fdef2cbf1df2fe96920b3f,"3rd312 - Westport Land & Management I, LLC",evidenceOfInsurance,Evidence of Insurance,commercialGeneralLiability,Commercial General Liability,evidenceOfInsuranceCommercialGeneralLiabilityEachOccurrence,Each Occurrence,,matchOnce,must be greater or equal to,1000000,,non_compliant,Block Requirements,,,false,0,,2026-08-16
"Block Real Estate Services, LLC",69fdf74a62446148bd854b34,69fded1b62446148bd848fbe,"Mills Record Company / Mills Records, LLC",69fdef2cbf1df2fe96920b3f,"3rd312 - Westport Land & Management I, LLC",evidenceOfInsurance,Evidence of Insurance,commercialGeneralLiability,Commercial General Liability,evidenceOfInsuranceCommercialGeneralLiabilityGeneralAggregate,General Aggregate,,matchOnce,must be greater or equal to,2000000,,non_compliant,Block Requirements,,,false,0,,2026-08-16
"Block Real Estate Services, LLC",69fdf74a62446148bd854b34,69fded1b62446148bd848fbe,"Mills Record Company / Mills Records, LLC",69fdef2cbf1df2fe96920b3f,"3rd312 - Westport Land & Management I, LLC",evidenceOfInsurance,Evidence of Insurance,commercialGeneralLiability,Commercial General Liability,evidenceOfInsuranceCommercialGeneralLiabilityWaiverOfSubrogationEndorsement,Waiver of Subrogation,"---prompt---
Determine if the insurer has waived their right of subrogation in favor of the certificate holder under the Commercial General Liability policy. Evidence may include: a checked ""Waiver of Subrogation"" box on the certificate, mention in the Description of Operations section stating ""waiver of subrogation applies"", or reference to form CG 24 04. Look for language like ""subrogation is waived"" or ""per written contract"".",matchOnce,must be present,,,non_compliant,Block Requirements,,,false,0,,2026-08-16
"Block Real Estate Services, LLC",69fdf74a62446148bd854b34,69fded1b62446148bd848fbe,"Mills Record Company / Mills Records, LLC",69fdef2cbf1df2fe96920b3f,"3rd312 - Westport Land & Management I, LLC",evidenceOfInsurance,Evidence of Insurance,excessOrUmbrellaLiability,Umbrella/Excess Liability,evidenceOfInsuranceExcessOrUmbrellaLiabilityOccurence,Coverage Trigger: Occurrence,,matchOnce,must be present,,,non_compliant,Block Requirements,,,false,0,,2026-08-16
"Block Real Estate Services, LLC",69fdf74a62446148bd854b34,69fded1b62446148bd848fbe,"Mills Record Company / Mills Records, LLC",69fdef2cbf1df2fe96920b3f,"3rd312 - Westport Land & Management I, LLC",evidenceOfInsurance,Evidence of Insurance,excessOrUmbrellaLiability,Umbrella/Excess Liability,evidenceOfInsuranceExcessOrUmbrellaLiabilityEachOccurrence,Each Occurrence,,matchOnce,must be greater or equal to,1000000,,non_compliant,Block Requirements,,,false,0,,2026-08-16
"Block Real Estate Services, LLC",69fdf74a62446148bd854b34,69fded1b62446148bd848fbe,"Mills Record Company / Mills Records, LLC",69fdef2cbf1df2fe96920b3f,"3rd312 - Westport Land & Management I, LLC",evidenceOfInsurance,Evidence of Insurance,excessOrUmbrellaLiability,Umbrella/Excess Liability,evidenceOfInsuranceExcessOrUmbrellaLiabilityAggregate,Aggregate,,matchOnce,must be greater or equal to,1000000,,non_compliant,Block Requirements,,,false,0,,2026-08-16
"Block Real Estate Services, LLC",69fdf74a62446148bd854b34,69fded1b62446148bd848fbe,"Mills Record Company / Mills Records, LLC",69fdef2cbf1df2fe96920b3f,"3rd312 - Westport Land & Management I, LLC",evidenceOfInsurance,Evidence of Insurance,workersCompensation,Workers' Compensation and Employer's Liability,evidenceOfInsuranceWorkersCompensationStatutoryLimits,Statutory Limits,,matchOnce,must be present,,,non_compliant,Block Requirements,,,false,0,,2026-08-16
"Block Real Estate Services, LLC",69fdf74a62446148bd854b34,69fded1b62446148bd848fbe,"Mills Record Company / Mills Records, LLC",69fdef2cbf1df2fe96920b3f,"3rd312 - Westport Land & Management I, LLC",evidenceOfInsurance,Evidence of Insurance,workersCompensation,Workers' Compensation and Employer's Liability,evidenceOfInsuranceWorkersCompensationEmployersLiabilityEachAccident,Employer's Liability Each Accident,,matchOnce,must be greater or equal to,500000,,non_compliant,Block Requirements,,,false,0,,2026-08-16
"Block Real Estate Services, LLC",69fdf74a62446148bd854b34,69fded1b62446148bd848fbe,"Mills Record Company / Mills Records, LLC",69fdef2cbf1df2fe96920b3f,"3rd312 - Westport Land & Management I, LLC",evidenceOfInsurance,Evidence of Insurance,workersCompensation,Workers' Compensation and Employer's Liability,evidenceOfInsuranceWorkersCompensationEmployersLiabilityDiseaseEachEmployee,Employer's Liability Disease - each employee,,matchOnce,must be greater or equal to,500000,,non_compliant,Block Requirements,,,false,0,,2026-08-16
"Block Real Estate Services, LLC",69fdf74a62446148bd854b34,69fded1b62446148bd848fbe,"Mills Record Company / Mills Records, LLC",69fdef2cbf1df2fe96920b3f,"3rd312 - Westport Land & Management I, LLC",evidenceOfInsurance,Evidence of Insurance,workersCompensation,Workers' Compensation and Employer's Liability,evidenceOfInsuranceWorkersCompensationEmployersLiabilityDiseasePolicyLimit,Employer's Liability Disease - policy limit,,matchOnce,must be greater or equal to,500000,,non_compliant,Block Requirements,,,false,0,,2026-08-16
"Block Real Estate Services, LLC",69fdf74a62446148bd854b34,69fded1b62446148bd848fbe,"Mills Record Company / Mills Records, LLC",69fdef2cbf1df2fe96920b3f,"3rd312 - Westport Land & Management I, LLC",evidenceOfInsurance,Evidence of Insurance,workersCompensation,Workers' Compensation and Employer's Liability,evidenceOfInsuranceWorkersCompensationWaiverOfSubrogationEndorsement,Waiver of Subrogation,"---prompt---
Determine if the insurer has waived their right of subrogation in favor of the certificate holder under the Workers' Compensation policy. Evidence may include: a checked ""Waiver of Subrogation"" box on the certificate, mention in the Description of Operations section stating ""waiver of subrogation applies"", or reference to form WC 00 03 13. Look for language like ""subrogation is waived"" or ""per written contract"".",matchOnce,must be present,,,non_compliant,Block Requirements,,,false,0,,2026-08-16
"Block Real Estate Services, LLC",69fdf74a62446148bd854b34,69fded1b62446148bd848fbe,"Mills Record Company / Mills Records, LLC",69fdef2cbf1df2fe96920b3f,"3rd312 - Westport Land & Management I, LLC",evidenceOfInsurance,Evidence of Insurance,6ac20aae-5728-5d57-b364-aeba38527dba,Additional Requirements,4da5b0f1-4c9d-5885-8cf8-5d3cccaed3e0,"Block Real Estate Services, LLC and all others required by contract are named as Additional Insureds","---prompt---
Determine if the Description of Operations or the Additional Remarks Schedule section states the ""Additional Insured as Construction Management, Inc. and all others required by contract"" or reference to blanket additional insured coverage. Look for language like ""certificate holder is additional insured"" or ""per written contract"".",matchOnce,must be present,,,non_compliant,Block Requirements,,,true,0,,2026-08-16
"Block Real Estate Services, LLC",69fdf74a62446148bd854b34,69fded1b62446148bd848fbe,"Mills Record Company / Mills Records, LLC",69fdef2cbf1df2fe96920b3f,"3rd312 - Westport Land & Management I, LLC",evidenceOfInsurance,Evidence of Insurance,6ac20aae-5728-5d57-b364-aeba38527dba,Additional Requirements,e1017741-e47e-5f58-97b8-fbc3043e919f,Umbrella follows form over General Liability,"---prompt---
Determine if the Umbrella/Excess Liability policy follows form to the underlying policies. Evidence may include: language in the Description of Operations section stating the umbrella follows form to underlying coverages or an additional page endorsement stating that it follows form. Follow form means the umbrella policy adopts the same terms, conditions, and exclusions as the underlying policies.",matchOnce,must be present,,,non_compliant,Block Requirements,,,true,0,,2026-08-16
"Block Real Estate Services, LLC",69fdf74a62446148bd854b34,69fded1b62446148bd848fbe,"Mills Record Company / Mills Records, LLC",69fdef2cbf1df2fe96920b3f,"3rd312 - Westport Land & Management I, LLC",evidenceOfInsurance,Evidence of Insurance,6ac20aae-5728-5d57-b364-aeba38527dba,Additional Requirements,2cdd866f-c9a4-576a-afd8-1d045762790c,"The location must be listed as: 4045-1 Broadway Boulevard, Kansas City, MO, 64111",,matchOnce,must be present,,,non_compliant,Block Requirements,,,true,0,,2026-08-16
"Block Real Estate Services, LLC",69fdf74a62446148bd854b34,69fded1b62446148bd848fbe,"Mills Record Company / Mills Records, LLC",69fdef2cbf1df2fe96920b3f,"3rd312 - Westport Land & Management I, LLC",evidenceOfInsurance,Evidence of Insurance,6ac20aae-5728-5d57-b364-aeba38527dba,Additional Requirements,3649e9d1-4e09-59bf-8f30-cb33c40cf117,"Certificate Holder must read: c/o Block Real Estate Services, LLC, 4622 Pennsylvania St., Suite 700, Kansas City, MO, 64112",,matchOnce,must be present,,,non_compliant,Block Requirements,,,true,0,,2026-08-16
"Block Real Estate Services, LLC",69fdf74a62446148bd854b31,69fded1962446148bd848efe,Knapstein Design,69fdef2cbf1df2fe96920b3f,"3rd312 - Westport Land & Management I, LLC",evidenceOfInsurance,Evidence of Insurance,commercialGeneralLiability,Commercial General Liability,evidenceOfInsuranceCommercialGeneralLiabilityCoverageTriggerOccurrence,Coverage Trigger: Occurrence,,matchOnce,must be present,,,non_compliant,Block Requirements,,,false,0,,2026-08-16
"Block Real Estate Services, LLC",69fdf74a62446148bd854b31,69fded1962446148bd848efe,Knapstein Design,69fdef2cbf1df2fe96920b3f,"3rd312 - Westport Land & Management I, LLC",evidenceOfInsurance,Evidence of Insurance,commercialGeneralLiability,Commercial General Liability,evidenceOfInsuranceCommercialGeneralLiabilityGeneralAggregateLimitAppliesPerLocation,General Aggregate Limit Applies per: Location,,matchOnce,must be present,,,non_compliant,Block Requirements,,,false,0,,2026-08-16
"Block Real Estate Services, LLC",69fdf74a62446148bd854b31,69fded1962446148bd848efe,Knapstein Design,69fdef2cbf1df2fe96920b3f,"3rd312 - Westport Land & Management I, LLC",evidenceOfInsurance,Evidence of Insurance,commercialGeneralLiability,Commercial General Liability,evidenceOfInsuranceCommercialGeneralLiabilityEachOccurrence,Each Occurrence,,matchOnce,must be greater or equal to,1000000,,non_compliant,Block Requirements,,,false,0,,2026-08-16
"Block Real Estate Services, LLC",69fdf74a62446148bd854b31,69fded1962446148bd848efe,Knapstein Design,69fdef2cbf1df2fe96920b3f,"3rd312 - Westport Land & Management I, LLC",evidenceOfInsurance,Evidence of Insurance,commercialGeneralLiability,Commercial General Liability,evidenceOfInsuranceCommercialGeneralLiabilityGeneralAggregate,General Aggregate,,matchOnce,must be greater or equal to,2000000,,non_compliant,Block Requirements,,,false,0,,2026-08-16
"Block Real Estate Services, LLC",69fdf74a62446148bd854b31,69fded1962446148bd848efe,Knapstein Design,69fdef2cbf1df2fe96920b3f,"3rd312 - Westport Land & Management I, LLC",evidenceOfInsurance,Evidence of Insurance,commercialGeneralLiability,Commercial General Liability,evidenceOfInsuranceCommercialGeneralLiabilityWaiverOfSubrogationEndorsement,Waiver of Subrogation,"---prompt---
Determine if the insurer has waived their right of subrogation in favor of the certificate holder under the Commercial General Liability policy. Evidence may include: a checked ""Waiver of Subrogation"" box on the certificate, mention in the Description of Operations section stating ""waiver of subrogation applies"", or reference to form CG 24 04. Look for language like ""subrogation is waived"" or ""per written contract"".",matchOnce,must be present,,,non_compliant,Block Requirements,,,false,0,,2026-08-16
"Block Real Estate Services, LLC",69fdf74a62446148bd854b31,69fded1962446148bd848efe,Knapstein Design,69fdef2cbf1df2fe96920b3f,"3rd312 - Westport Land & Management I, LLC",evidenceOfInsurance,Evidence of Insurance,excessOrUmbrellaLiability,Umbrella/Excess Liability,evidenceOfInsuranceExcessOrUmbrellaLiabilityOccurence,Coverage Trigger: Occurrence,,matchOnce,must be present,,,non_compliant,Block Requirements,,,false,0,,2026-08-16
"Block Real Estate Services, LLC",69fdf74a62446148bd854b31,69fded1962446148bd848efe,Knapstein Design,69fdef2cbf1df2fe96920b3f,"3rd312 - Westport Land & Management I, LLC",evidenceOfInsurance,Evidence of Insurance,excessOrUmbrellaLiability,Umbrella/Excess Liability,evidenceOfInsuranceExcessOrUmbrellaLiabilityEachOccurrence,Each Occurrence,,matchOnce,must be greater or equal to,1000000,,non_compliant,Block Requirements,,,false,0,,2026-08-16
"Block Real Estate Services, LLC",69fdf74a62446148bd854b31,69fded1962446148bd848efe,Knapstein Design,69fdef2cbf1df2fe96920b3f,"3rd312 - Westport Land & Management I, LLC",evidenceOfInsurance,Evidence of Insurance,excessOrUmbrellaLiability,Umbrella/Excess Liability,evidenceOfInsuranceExcessOrUmbrellaLiabilityAggregate,Aggregate,,matchOnce,must be greater or equal to,1000000,,non_compliant,Block Requirements,,,false,0,,2026-08-16
"Block Real Estate Services, LLC",69fdf74a62446148bd854b31,69fded1962446148bd848efe,Knapstein Design,69fdef2cbf1df2fe96920b3f,"3rd312 - Westport Land & Management I, LLC",evidenceOfInsurance,Evidence of Insurance,workersCompensation,Workers' Compensation and Employer's Liability,evidenceOfInsuranceWorkersCompensationStatutoryLimits,Statutory Limits,,matchOnce,must be present,,,non_compliant,Block Requirements,,,false,0,,2026-08-16
"Block Real Estate Services, LLC",69fdf74a62446148bd854b31,69fded1962446148bd848efe,Knapstein Design,69fdef2cbf1df2fe96920b3f,"3rd312 - Westport Land & Management I, LLC",evidenceOfInsurance,Evidence of Insurance,workersCompensation,Workers' Compensation and Employer's Liability,evidenceOfInsuranceWorkersCompensationEmployersLiabilityEachAccident,Employer's Liability Each Accident,,matchOnce,must be greater or equal to,500000,,non_compliant,Block Requirements,,,false,0,,2026-08-16
"Block Real Estate Services, LLC",69fdf74a62446148bd854b31,69fded1962446148bd848efe,Knapstein Design,69fdef2cbf1df2fe96920b3f,"3rd312 - Westport Land & Management I, LLC",evidenceOfInsurance,Evidence of Insurance,workersCompensation,Workers' Compensation and Employer's Liability,evidenceOfInsuranceWorkersCompensationEmployersLiabilityDiseaseEachEmployee,Employer's Liability Disease - each employee,,matchOnce,must be greater or equal to,500000,,non_compliant,Block Requirements,,,false,0,,2026-08-16
"Block Real Estate Services, LLC",69fdf74a62446148bd854b31,69fded1962446148bd848efe,Knapstein Design,69fdef2cbf1df2fe96920b3f,"3rd312 - Westport Land & Management I, LLC",evidenceOfInsurance,Evidence of Insurance,workersCompensation,Workers' Compensation and Employer's Liability,evidenceOfInsuranceWorkersCompensationEmployersLiabilityDiseasePolicyLimit,Employer's Liability Disease - policy limit,,matchOnce,must be greater or equal to,500000,,non_compliant,Block Requirements,,,false,0,,2026-08-16
"Block Real Estate Services, LLC",69fdf74a62446148bd854b31,69fded1962446148bd848efe,Knapstein Design,69fdef2cbf1df2fe96920b3f,"3rd312 - Westport Land & Management I, LLC",evidenceOfInsurance,Evidence of Insurance,workersCompensation,Workers' Compensation and Employer's Liability,evidenceOfInsuranceWorkersCompensationWaiverOfSubrogationEndorsement,Waiver of Subrogation,"---prompt---
Determine if the insurer has waived their right of subrogation in favor of the certificate holder under the Workers' Compensation policy. Evidence may include: a checked ""Waiver of Subrogation"" box on the certificate, mention in the Description of Operations section stating ""waiver of subrogation applies"", or reference to form WC 00 03 13. Look for language like ""subrogation is waived"" or ""per written contract"".",matchOnce,must be present,,,non_compliant,Block Requirements,,,false,0,,2026-08-16
"Block Real Estate Services, LLC",69fdf74a62446148bd854b31,69fded1962446148bd848efe,Knapstein Design,69fdef2cbf1df2fe96920b3f,"3rd312 - Westport Land & Management I, LLC",evidenceOfInsurance,Evidence of Insurance,6ac20aae-5728-5d57-b364-aeba38527dba,Additional Requirements,4da5b0f1-4c9d-5885-8cf8-5d3cccaed3e0,"Block Real Estate Services, LLC and all others required by contract are named as Additional Insureds","---prompt---
Determine if the Description of Operations or the Additional Remarks Schedule section states the ""Additional Insured as Construction Management, Inc. and all others required by contract"" or reference to blanket additional insured coverage. Look for language like ""certificate holder is additional insured"" or ""per written contract"".",matchOnce,must be present,,,non_compliant,Block Requirements,,,true,0,,2026-08-16
"Block Real Estate Services, LLC",69fdf74a62446148bd854b31,69fded1962446148bd848efe,Knapstein Design,69fdef2cbf1df2fe96920b3f,"3rd312 - Westport Land & Management I, LLC",evidenceOfInsurance,Evidence of Insurance,6ac20aae-5728-5d57-b364-aeba38527dba,Additional Requirements,e1017741-e47e-5f58-97b8-fbc3043e919f,Umbrella follows form over General Liability,"---prompt---
Determine if the Umbrella/Excess Liability policy follows form to the underlying policies. Evidence may include: language in the Description of Operations section stating the umbrella follows form to underlying coverages or an additional page endorsement stating that it follows form. Follow form means the umbrella policy adopts the same terms, conditions, and exclusions as the underlying policies.",matchOnce,must be present,,,non_compliant,Block Requirements,,,true,0,,2026-08-16
"Block Real Estate Services, LLC",69fdf74a62446148bd854b31,69fded1962446148bd848efe,Knapstein Design,69fdef2cbf1df2fe96920b3f,"3rd312 - Westport Land & Management I, LLC",evidenceOfInsurance,Evidence of Insurance,6ac20aae-5728-5d57-b364-aeba38527dba,Additional Requirements,2cdd866f-c9a4-576a-afd8-1d045762790c,"The location must be listed as: 300-1AEA Westport Road, Kansas City, MO, 64111",,matchOnce,must be present,,,non_compliant,Block Requirements,,,true,0,,2026-08-16
"Block Real Estate Services, LLC",69fdf74a62446148bd854b31,69fded1962446148bd848efe,Knapstein Design,69fdef2cbf1df2fe96920b3f,"3rd312 - Westport Land & Management I, LLC",evidenceOfInsurance,Evidence of Insurance,6ac20aae-5728-5d57-b364-aeba38527dba,Additional Requirements,3649e9d1-4e09-59bf-8f30-cb33c40cf117,"Certificate Holder must read: c/o Block Real Estate Services, LLC, 4622 Pennsylvania St., Suite 700, Kansas City, MO, 64112",,matchOnce,must be present,,,non_compliant,Block Requirements,,,true,0,,2026-08-16
"Block Real Estate Services, LLC",69fdf74a62446148bd854b35,69fded2462446148bd849291,"Vision Savage Media, LLC",69fdef2cbf1df2fe96920b3f,"3rd312 - Westport Land & Management I, LLC",evidenceOfInsurance,Evidence of Insurance,commercialGeneralLiability,Commercial General Liability,evidenceOfInsuranceCommercialGeneralLiabilityCoverageTriggerOccurrence,Coverage Trigger: Occurrence,,matchOnce,must be present,,,non_compliant,Block Requirements,,,false,0,,2026-08-16
"Block Real Estate Services, LLC",69fdf74a62446148bd854b35,69fded2462446148bd849291,"Vision Savage Media, LLC",69fdef2cbf1df2fe96920b3f,"3rd312 - Westport Land & Management I, LLC",evidenceOfInsurance,Evidence of Insurance,commercialGeneralLiability,Commercial General Liability,evidenceOfInsuranceCommercialGeneralLiabilityGeneralAggregateLimitAppliesPerLocation,General Aggregate Limit Applies per: Location,,matchOnce,must be present,,,non_compliant,Block Requirements,,,false,0,,2026-08-16
"Block Real Estate Services, LLC",69fdf74a62446148bd854b35,69fded2462446148bd849291,"Vision Savage Media, LLC",69fdef2cbf1df2fe96920b3f,"3rd312 - Westport Land & Management I, LLC",evidenceOfInsurance,Evidence of Insurance,commercialGeneralLiability,Commercial General Liability,evidenceOfInsuranceCommercialGeneralLiabilityEachOccurrence,Each Occurrence,,matchOnce,must be greater or equal to,1000000,,non_compliant,Block Requirements,,,false,0,,2026-08-16
"Block Real Estate Services, LLC",69fdf74a62446148bd854b35,69fded2462446148bd849291,"Vision Savage Media, LLC",69fdef2cbf1df2fe96920b3f,"3rd312 - Westport Land & Management I, LLC",evidenceOfInsurance,Evidence of Insurance,commercialGeneralLiability,Commercial General Liability,evidenceOfInsuranceCommercialGeneralLiabilityGeneralAggregate,General Aggregate,,matchOnce,must be greater or equal to,2000000,,non_compliant,Block Requirements,,,false,0,,2026-08-16
"Block Real Estate Services, LLC",69fdf74a62446148bd854b35,69fded2462446148bd849291,"Vision Savage Media, LLC",69fdef2cbf1df2fe96920b3f,"3rd312 - Westport Land & Management I, LLC",evidenceOfInsurance,Evidence of Insurance,commercialGeneralLiability,Commercial General Liability,evidenceOfInsuranceCommercialGeneralLiabilityWaiverOfSubrogationEndorsement,Waiver of Subrogation,"---prompt---
Determine if the insurer has waived their right of subrogation in favor of the certificate holder under the Commercial General Liability policy. Evidence may include: a checked ""Waiver of Subrogation"" box on the certificate, mention in the Description of Operations section stating ""waiver of subrogation applies"", or reference to form CG 24 04. Look for language like ""subrogation is waived"" or ""per written contract"".",matchOnce,must be present,,,non_compliant,Block Requirements,,,false,0,,2026-08-16
"Block Real Estate Services, LLC",69fdf74a62446148bd854b35,69fded2462446148bd849291,"Vision Savage Media, LLC",69fdef2cbf1df2fe96920b3f,"3rd312 - Westport Land & Management I, LLC",evidenceOfInsurance,Evidence of Insurance,excessOrUmbrellaLiability,Umbrella/Excess Liability,evidenceOfInsuranceExcessOrUmbrellaLiabilityOccurence,Coverage Trigger: Occurrence,,matchOnce,must be present,,,non_compliant,Block Requirements,,,false,0,,2026-08-16
"Block Real Estate Services, LLC",69fdf74a62446148bd854b35,69fded2462446148bd849291,"Vision Savage Media, LLC",69fdef2cbf1df2fe96920b3f,"3rd312 - Westport Land & Management I, LLC",evidenceOfInsurance,Evidence of Insurance,excessOrUmbrellaLiability,Umbrella/Excess Liability,evidenceOfInsuranceExcessOrUmbrellaLiabilityEachOccurrence,Each Occurrence,,matchOnce,must be greater or equal to,1000000,,non_compliant,Block Requirements,,,false,0,,2026-08-16
"Block Real Estate Services, LLC",69fdf74a62446148bd854b35,69fded2462446148bd849291,"Vision Savage Media, LLC",69fdef2cbf1df2fe96920b3f,"3rd312 - Westport Land & Management I, LLC",evidenceOfInsurance,Evidence of Insurance,excessOrUmbrellaLiability,Umbrella/Excess Liability,evidenceOfInsuranceExcessOrUmbrellaLiabilityAggregate,Aggregate,,matchOnce,must be greater or equal to,1000000,,non_compliant,Block Requirements,,,false,0,,2026-08-16
"Block Real Estate Services, LLC",69fdf74a62446148bd854b35,69fded2462446148bd849291,"Vision Savage Media, LLC",69fdef2cbf1df2fe96920b3f,"3rd312 - Westport Land & Management I, LLC",evidenceOfInsurance,Evidence of Insurance,workersCompensation,Workers' Compensation and Employer's Liability,evidenceOfInsuranceWorkersCompensationStatutoryLimits,Statutory Limits,,matchOnce,must be present,,,non_compliant,Block Requirements,,,false,0,,2026-08-16
"Block Real Estate Services, LLC",69fdf74a62446148bd854b35,69fded2462446148bd849291,"Vision Savage Media, LLC",69fdef2cbf1df2fe96920b3f,"3rd312 - Westport Land & Management I, LLC",evidenceOfInsurance,Evidence of Insurance,workersCompensation,Workers' Compensation and Employer's Liability,evidenceOfInsuranceWorkersCompensationEmployersLiabilityEachAccident,Employer's Liability Each Accident,,matchOnce,must be greater or equal to,500000,,non_compliant,Block Requirements,,,false,0,,2026-08-16
"Block Real Estate Services, LLC",69fdf74a62446148bd854b35,69fded2462446148bd849291,"Vision Savage Media, LLC",69fdef2cbf1df2fe96920b3f,"3rd312 - Westport Land & Management I, LLC",evidenceOfInsurance,Evidence of Insurance,workersCompensation,Workers' Compensation and Employer's Liability,evidenceOfInsuranceWorkersCompensationEmployersLiabilityDiseaseEachEmployee,Employer's Liability Disease - each employee,,matchOnce,must be greater or equal to,500000,,non_compliant,Block Requirements,,,false,0,,2026-08-16
"Block Real Estate Services, LLC",69fdf74a62446148bd854b35,69fded2462446148bd849291,"Vision Savage Media, LLC",69fdef2cbf1df2fe96920b3f,"3rd312 - Westport Land & Management I, LLC",evidenceOfInsurance,Evidence of Insurance,workersCompensation,Workers' Compensation and Employer's Liability,evidenceOfInsuranceWorkersCompensationEmployersLiabilityDiseasePolicyLimit,Employer's Liability Disease - policy limit,,matchOnce,must be greater or equal to,500000,,non_compliant,Block Requirements,,,false,0,,2026-08-16
"Block Real Estate Services, LLC",69fdf74a62446148bd854b35,69fded2462446148bd849291,"Vision Savage Media, LLC",69fdef2cbf1df2fe96920b3f,"3rd312 - Westport Land & Management I, LLC",evidenceOfInsurance,Evidence of Insurance,workersCompensation,Workers' Compensation and Employer's Liability,evidenceOfInsuranceWorkersCompensationWaiverOfSubrogationEndorsement,Waiver of Subrogation,"---prompt---
Determine if the insurer has waived their right of subrogation in favor of the certificate holder under the Workers' Compensation policy. Evidence may include: a checked ""Waiver of Subrogation"" box on the certificate, mention in the Description of Operations section stating ""waiver of subrogation applies"", or reference to form WC 00 03 13. Look for language like ""subrogation is waived"" or ""per written contract"".",matchOnce,must be present,,,non_compliant,Block Requirements,,,false,0,,2026-08-16
"Block Real Estate Services, LLC",69fdf74a62446148bd854b35,69fded2462446148bd849291,"Vision Savage Media, LLC",69fdef2cbf1df2fe96920b3f,"3rd312 - Westport Land & Management I, LLC",evidenceOfInsurance,Evidence of Insurance,6ac20aae-5728-5d57-b364-aeba38527dba,Additional Requirements,4da5b0f1-4c9d-5885-8cf8-5d3cccaed3e0,"Block Real Estate Services, LLC and all others required by contract are named as Additional Insureds","---prompt---
Determine if the Description of Operations or the Additional Remarks Schedule section states the ""Additional Insured as Construction Management, Inc. and all others required by contract"" or reference to blanket additional insured coverage. Look for language like ""certificate holder is additional insured"" or ""per written contract"".",matchOnce,must be present,,,non_compliant,Block Requirements,,,true,0,,2026-08-16
"Block Real Estate Services, LLC",69fdf74a62446148bd854b35,69fded2462446148bd849291,"Vision Savage Media, LLC",69fdef2cbf1df2fe96920b3f,"3rd312 - Westport Land & Management I, LLC",evidenceOfInsurance,Evidence of Insurance,6ac20aae-5728-5d57-b364-aeba38527dba,Additional Requirements,e1017741-e47e-5f58-97b8-fbc3043e919f,Umbrella follows form over General Liability,"---prompt---
Determine if the Umbrella/Excess Liability policy follows form to the underlying policies. Evidence may include: language in the Description of Operations section stating the umbrella follows form to underlying coverages or an additional page endorsement stating that it follows form. Follow form means the umbrella policy adopts the same terms, conditions, and exclusions as the underlying policies.",matchOnce,must be present,,,non_compliant,Block Requirements,,,true,0,,2026-08-16
"Block Real Estate Services, LLC",69fdf74a62446148bd854b35,69fded2462446148bd849291,"Vision Savage Media, LLC",69fdef2cbf1df2fe96920b3f,"3rd312 - Westport Land & Management I, LLC",evidenceOfInsurance,Evidence of Insurance,6ac20aae-5728-5d57-b364-aeba38527dba,Additional Requirements,2cdd866f-c9a4-576a-afd8-1d045762790c,"The location must be listed as: 325-1 W. 40th & 4001-1 Broadway Boulevard, Kansas City, MO, 64111",,matchOnce,must be present,,,non_compliant,Block Requirements,,,true,0,,2026-08-16
"Block Real Estate Services, LLC",69fdf74a62446148bd854b35,69fded2462446148bd849291,"Vision Savage Media, LLC",69fdef2cbf1df2fe96920b3f,"3rd312 - Westport Land & Management I, LLC",evidenceOfInsurance,Evidence of Insurance,6ac20aae-5728-5d57-b364-aeba38527dba,Additional Requirements,3649e9d1-4e09-59bf-8f30-cb33c40cf117,"Certificate Holder must read: c/o Block Real Estate Services, LLC, 4622 Pennsylvania St., Suite 700, Kansas City, MO, 64112",,matchOnce,must be present,,,non_compliant,Block Requirements,,,true,0,,2026-08-16
"Block Real Estate Services, LLC",69fdf74a62446148bd854b32,69fded1962446148bd848f2b,Gilded Chaos / Lindsay Kupper,69fdef2cbf1df2fe96920b3f,"3rd312 - Westport Land & Management I, LLC",evidenceOfInsurance,Evidence of Insurance,commercialGeneralLiability,Commercial General Liability,evidenceOfInsuranceCommercialGeneralLiabilityCoverageTriggerOccurrence,Coverage Trigger: Occurrence,,matchOnce,must be present,,,non_compliant,Block Requirements,,,false,0,,2026-08-16
"Block Real Estate Services, LLC",69fdf74a62446148bd854b32,69fded1962446148bd848f2b,Gilded Chaos / Lindsay Kupper,69fdef2cbf1df2fe96920b3f,"3rd312 - Westport Land & Management I, LLC",evidenceOfInsurance,Evidence of Insurance,commercialGeneralLiability,Commercial General Liability,evidenceOfInsuranceCommercialGeneralLiabilityGeneralAggregateLimitAppliesPerLocation,General Aggregate Limit Applies per: Location,,matchOnce,must be present,,,non_compliant,Block Requirements,,,false,0,,2026-08-16
"Block Real Estate Services, LLC",69fdf74a62446148bd854b32,69fded1962446148bd848f2b,Gilded Chaos / Lindsay Kupper,69fdef2cbf1df2fe96920b3f,"3rd312 - Westport Land & Management I, LLC",evidenceOfInsurance,Evidence of Insurance,commercialGeneralLiability,Commercial General Liability,evidenceOfInsuranceCommercialGeneralLiabilityEachOccurrence,Each Occurrence,,matchOnce,must be greater or equal to,1000000,,non_compliant,Block Requirements,,,false,0,,2026-08-16
"Block Real Estate Services, LLC",69fdf74a62446148bd854b32,69fded1962446148bd848f2b,Gilded Chaos / Lindsay Kupper,69fdef2cbf1df2fe96920b3f,"3rd312 - Westport Land & Management I, LLC",evidenceOfInsurance,Evidence of Insurance,commercialGeneralLiability,Commercial General Liability,evidenceOfInsuranceCommercialGeneralLiabilityGeneralAggregate,General Aggregate,,matchOnce,must be greater or equal to,2000000,,non_compliant,Block Requirements,,,false,0,,2026-08-16
"Block Real Estate Services, LLC",69fdf74a62446148bd854b32,69fded1962446148bd848f2b,Gilded Chaos / Lindsay Kupper,69fdef2cbf1df2fe96920b3f,"3rd312 - Westport Land & Management I, LLC",evidenceOfInsurance,Evidence of Insurance,commercialGeneralLiability,Commercial General Liability,evidenceOfInsuranceCommercialGeneralLiabilityWaiverOfSubrogationEndorsement,Waiver of Subrogation,"---prompt---
Determine if the insurer has waived their right of subrogation in favor of the certificate holder under the Commercial General Liability policy. Evidence may include: a checked ""Waiver of Subrogation"" box on the certificate, mention in the Description of Operations section stating ""waiver of subrogation applies"", or reference to form CG 24 04. Look for language like ""subrogation is waived"" or ""per written contract"".",matchOnce,must be present,,,non_compliant,Block Requirements,,,false,0,,2026-08-16
"Block Real Estate Services, LLC",69fdf74a62446148bd854b32,69fded1962446148bd848f2b,Gilded Chaos / Lindsay Kupper,69fdef2cbf1df2fe96920b3f,"3rd312 - Westport Land & Management I, LLC",evidenceOfInsurance,Evidence of Insurance,excessOrUmbrellaLiability,Umbrella/Excess Liability,evidenceOfInsuranceExcessOrUmbrellaLiabilityOccurence,Coverage Trigger: Occurrence,,matchOnce,must be present,,,non_compliant,Block Requirements,,,false,0,,2026-08-16
"Block Real Estate Services, LLC",69fdf74a62446148bd854b32,69fded1962446148bd848f2b,Gilded Chaos / Lindsay Kupper,69fdef2cbf1df2fe96920b3f,"3rd312 - Westport Land & Management I, LLC",evidenceOfInsurance,Evidence of Insurance,excessOrUmbrellaLiability,Umbrella/Excess Liability,evidenceOfInsuranceExcessOrUmbrellaLiabilityEachOccurrence,Each Occurrence,,matchOnce,must be greater or equal to,1000000,,non_compliant,Block Requirements,,,false,0,,2026-08-16
"Block Real Estate Services, LLC",69fdf74a62446148bd854b32,69fded1962446148bd848f2b,Gilded Chaos / Lindsay Kupper,69fdef2cbf1df2fe96920b3f,"3rd312 - Westport Land & Management I, LLC",evidenceOfInsurance,Evidence of Insurance,excessOrUmbrellaLiability,Umbrella/Excess Liability,evidenceOfInsuranceExcessOrUmbrellaLiabilityAggregate,Aggregate,,matchOnce,must be greater or equal to,1000000,,non_compliant,Block Requirements,,,false,0,,2026-08-16
"Block Real Estate Services, LLC",69fdf74a62446148bd854b32,69fded1962446148bd848f2b,Gilded Chaos / Lindsay Kupper,69fdef2cbf1df2fe96920b3f,"3rd312 - Westport Land & Management I, LLC",evidenceOfInsurance,Evidence of Insurance,workersCompensation,Workers' Compensation and Employer's Liability,evidenceOfInsuranceWorkersCompensationStatutoryLimits,Statutory Limits,,matchOnce,must be present,,,non_compliant,Block Requirements,,,false,0,,2026-08-16
"Block Real Estate Services, LLC",69fdf74a62446148bd854b32,69fded1962446148bd848f2b,Gilded Chaos / Lindsay Kupper,69fdef2cbf1df2fe96920b3f,"3rd312 - Westport Land & Management I, LLC",evidenceOfInsurance,Evidence of Insurance,workersCompensation,Workers' Compensation and Employer's Liability,evidenceOfInsuranceWorkersCompensationEmployersLiabilityEachAccident,Employer's Liability Each Accident,,matchOnce,must be greater or equal to,500000,,non_compliant,Block Requirements,,,false,0,,2026-08-16
"Block Real Estate Services, LLC",69fdf74a62446148bd854b32,69fded1962446148bd848f2b,Gilded Chaos / Lindsay Kupper,69fdef2cbf1df2fe96920b3f,"3rd312 - Westport Land & Management I, LLC",evidenceOfInsurance,Evidence of Insurance,workersCompensation,Workers' Compensation and Employer's Liability,evidenceOfInsuranceWorkersCompensationEmployersLiabilityDiseaseEachEmployee,Employer's Liability Disease - each employee,,matchOnce,must be greater or equal to,500000,,non_compliant,Block Requirements,,,false,0,,2026-08-16
"Block Real Estate Services, LLC",69fdf74a62446148bd854b32,69fded1962446148bd848f2b,Gilded Chaos / Lindsay Kupper,69fdef2cbf1df2fe96920b3f,"3rd312 - Westport Land & Management I, LLC",evidenceOfInsurance,Evidence of Insurance,workersCompensation,Workers' Compensation and Employer's Liability,evidenceOfInsuranceWorkersCompensationEmployersLiabilityDiseasePolicyLimit,Employer's Liability Disease - policy limit,,matchOnce,must be greater or equal to,500000,,non_compliant,Block Requirements,,,false,0,,2026-08-16
"Block Real Estate Services, LLC",69fdf74a62446148bd854b32,69fded1962446148bd848f2b,Gilded Chaos / Lindsay Kupper,69fdef2cbf1df2fe96920b3f,"3rd312 - Westport Land & Management I, LLC",evidenceOfInsurance,Evidence of Insurance,workersCompensation,Workers' Compensation and Employer's Liability,evidenceOfInsuranceWorkersCompensationWaiverOfSubrogationEndorsement,Waiver of Subrogation,"---prompt---
Determine if the insurer has waived their right of subrogation in favor of the certificate holder under the Workers' Compensation policy. Evidence may include: a checked ""Waiver of Subrogation"" box on the certificate, mention in the Description of Operations section stating ""waiver of subrogation applies"", or reference to form WC 00 03 13. Look for language like ""subrogation is waived"" or ""per written contract"".",matchOnce,must be present,,,non_compliant,Block Requirements,,,false,0,,2026-08-16
"Block Real Estate Services, LLC",69fdf74a62446148bd854b32,69fded1962446148bd848f2b,Gilded Chaos / Lindsay Kupper,69fdef2cbf1df2fe96920b3f,"3rd312 - Westport Land & Management I, LLC",evidenceOfInsurance,Evidence of Insurance,6ac20aae-5728-5d57-b364-aeba38527dba,Additional Requirements,4da5b0f1-4c9d-5885-8cf8-5d3cccaed3e0,"Block Real Estate Services, LLC and all others required by contract are named as Additional Insureds","---prompt---
Determine if the Description of Operations or the Additional Remarks Schedule section states the ""Additional Insured as Construction Management, Inc. and all others required by contract"" or reference to blanket additional insured coverage. Look for language like ""certificate holder is additional insured"" or ""per written contract"".",matchOnce,must be present,,,non_compliant,Block Requirements,,,true,0,,2026-08-16
"Block Real Estate Services, LLC",69fdf74a62446148bd854b32,69fded1962446148bd848f2b,Gilded Chaos / Lindsay Kupper,69fdef2cbf1df2fe96920b3f,"3rd312 - Westport Land & Management I, LLC",evidenceOfInsurance,Evidence of Insurance,6ac20aae-5728-5d57-b364-aeba38527dba,Additional Requirements,e1017741-e47e-5f58-97b8-fbc3043e919f,Umbrella follows form over General Liability,"---prompt---
Determine if the Umbrella/Excess Liability policy follows form to the underlying policies. Evidence may include: language in the Description of Operations section stating the umbrella follows form to underlying coverages or an additional page endorsement stating that it follows form. Follow form means the umbrella policy adopts the same terms, conditions, and exclusions as the underlying policies.",matchOnce,must be present,,,non_compliant,Block Requirements,,,true,0,,2026-08-16
"Block Real Estate Services, LLC",69fdf74a62446148bd854b32,69fded1962446148bd848f2b,Gilded Chaos / Lindsay Kupper,69fdef2cbf1df2fe96920b3f,"3rd312 - Westport Land & Management I, LLC",evidenceOfInsurance,Evidence of Insurance,6ac20aae-5728-5d57-b364-aeba38527dba,Additional Requirements,2cdd866f-c9a4-576a-afd8-1d045762790c,"The location must be listed as: 314-1 Westport Road, Kansas City, MO, 64111",,matchOnce,must be present,,,non_compliant,Block Requirements,,,true,0,,2026-08-16
"Block Real Estate Services, LLC",69fdf74a62446148bd854b32,69fded1962446148bd848f2b,Gilded Chaos / Lindsay Kupper,69fdef2cbf1df2fe96920b3f,"3rd312 - Westport Land & Management I, LLC",evidenceOfInsurance,Evidence of Insurance,6ac20aae-5728-5d57-b364-aeba38527dba,Additional Requirements,3649e9d1-4e09-59bf-8f30-cb33c40cf117,"Certificate Holder must read: c/o Block Real Estate Services, LLC, 4622 Pennsylvania St., Suite 700, Kansas City, MO, 64112",,matchOnce,must be present,,,non_compliant,Block Requirements,,,true,0,,2026-08-16
"Block Real Estate Services, LLC",69fdf74a62446148bd854b30,69fded1862446148bd848ead,"Pinches / JLJ Holdings, LLC",69fdef2cbf1df2fe96920b3f,"3rd312 - Westport Land & Management I, LLC",evidenceOfInsurance,Evidence of Insurance,commercialGeneralLiability,Commercial General Liability,evidenceOfInsuranceCommercialGeneralLiabilityCoverageTriggerOccurrence,Coverage Trigger: Occurrence,,matchOnce,must be present,,Present,compliant,Block Requirements,,,false,1,,2026-08-16
"Block Real Estate Services, LLC",69fdf74a62446148bd854b30,69fded1862446148bd848ead,"Pinches / JLJ Holdings, LLC",69fdef2cbf1df2fe96920b3f,"3rd312 - Westport Land & Management I, LLC",evidenceOfInsurance,Evidence of Insurance,commercialGeneralLiability,Commercial General Liability,evidenceOfInsuranceCommercialGeneralLiabilityGeneralAggregateLimitAppliesPerLocation,General Aggregate Limit Applies per: Location,,matchOnce,must be present,,Present,compliant,Block Requirements,,,false,1,,2026-08-16
"Block Real Estate Services, LLC",69fdf74a62446148bd854b30,69fded1862446148bd848ead,"Pinches / JLJ Holdings, LLC",69fdef2cbf1df2fe96920b3f,"3rd312 - Westport Land & Management I, LLC",evidenceOfInsurance,Evidence of Insurance,commercialGeneralLiability,Commercial General Liability,evidenceOfInsuranceCommercialGeneralLiabilityEachOccurrence,Each Occurrence,,matchOnce,must be greater or equal to,1000000,1000000,compliant,Block Requirements,,,false,1,,2026-08-16
"Block Real Estate Services, LLC",69fdf74a62446148bd854b30,69fded1862446148bd848ead,"Pinches / JLJ Holdings, LLC",69fdef2cbf1df2fe96920b3f,"3rd312 - Westport Land & Management I, LLC",evidenceOfInsurance,Evidence of Insurance,commercialGeneralLiability,Commercial General Liability,evidenceOfInsuranceCommercialGeneralLiabilityGeneralAggregate,General Aggregate,,matchOnce,must be greater or equal to,2000000,2000000,compliant,Block Requirements,,,false,1,,2026-08-16
"Block Real Estate Services, LLC",69fdf74a62446148bd854b30,69fded1862446148bd848ead,"Pinches / JLJ Holdings, LLC",69fdef2cbf1df2fe96920b3f,"3rd312 - Westport Land & Management I, LLC",evidenceOfInsurance,Evidence of Insurance,commercialGeneralLiability,Commercial General Liability,evidenceOfInsuranceCommercialGeneralLiabilityWaiverOfSubrogationEndorsement,Waiver of Subrogation,"---prompt---
Determine if the insurer has waived their right of subrogation in favor of the certificate holder under the Commercial General Liability policy. Evidence may include: a checked ""Waiver of Subrogation"" box on the certificate, mention in the Description of Operations section stating ""waiver of subrogation applies"", or reference to form CG 24 04. Look for language like ""subrogation is waived"" or ""per written contract"".",matchOnce,must be present,,Present,compliant,Block Requirements,,,false,1,,2026-08-16
"Block Real Estate Services, LLC",69fdf74a62446148bd854b30,69fded1862446148bd848ead,"Pinches / JLJ Holdings, LLC",69fdef2cbf1df2fe96920b3f,"3rd312 - Westport Land & Management I, LLC",evidenceOfInsurance,Evidence of Insurance,excessOrUmbrellaLiability,Umbrella/Excess Liability,evidenceOfInsuranceExcessOrUmbrellaLiabilityOccurence,Coverage Trigger: Occurrence,,matchOnce,must be present,,,non_compliant,Block Requirements,,,false,0,,2026-08-16
"Block Real Estate Services, LLC",69fdf74a62446148bd854b30,69fded1862446148bd848ead,"Pinches / JLJ Holdings, LLC",69fdef2cbf1df2fe96920b3f,"3rd312 - Westport Land & Management I, LLC",evidenceOfInsurance,Evidence of Insurance,excessOrUmbrellaLiability,Umbrella/Excess Liability,evidenceOfInsuranceExcessOrUmbrellaLiabilityEachOccurrence,Each Occurrence,,matchOnce,must be greater or equal to,1000000,,non_compliant,Block Requirements,,,false,0,,2026-08-16
"Block Real Estate Services, LLC",69fdf74a62446148bd854b30,69fded1862446148bd848ead,"Pinches / JLJ Holdings, LLC",69fdef2cbf1df2fe96920b3f,"3rd312 - Westport Land & Management I, LLC",evidenceOfInsurance,Evidence of Insurance,excessOrUmbrellaLiability,Umbrella/Excess Liability,evidenceOfInsuranceExcessOrUmbrellaLiabilityAggregate,Aggregate,,matchOnce,must be greater or equal to,1000000,,non_compliant,Block Requirements,,,false,0,,2026-08-16
"Block Real Estate Services, LLC",69fdf74a62446148bd854b30,69fded1862446148bd848ead,"Pinches / JLJ Holdings, LLC",69fdef2cbf1df2fe96920b3f,"3rd312 - Westport Land & Management I, LLC",evidenceOfInsurance,Evidence of Insurance,workersCompensation,Workers' Compensation and Employer's Liability,evidenceOfInsuranceWorkersCompensationStatutoryLimits,Statutory Limits,,matchOnce,must be present,,Present,compliant,Block Requirements,,,false,1,,2026-08-16
"Block Real Estate Services, LLC",69fdf74a62446148bd854b30,69fded1862446148bd848ead,"Pinches / JLJ Holdings, LLC",69fdef2cbf1df2fe96920b3f,"3rd312 - Westport Land & Management I, LLC",evidenceOfInsurance,Evidence of Insurance,workersCompensation,Workers' Compensation and Employer's Liability,evidenceOfInsuranceWorkersCompensationEmployersLiabilityEachAccident,Employer's Liability Each Accident,,matchOnce,must be greater or equal to,500000,1000000,compliant,Block Requirements,,,false,1,,2026-08-16
"Block Real Estate Services, LLC",69fdf74a62446148bd854b30,69fded1862446148bd848ead,"Pinches / JLJ Holdings, LLC",69fdef2cbf1df2fe96920b3f,"3rd312 - Westport Land & Management I, LLC",evidenceOfInsurance,Evidence of Insurance,workersCompensation,Workers' Compensation and Employer's Liability,evidenceOfInsuranceWorkersCompensationEmployersLiabilityDiseaseEachEmployee,Employer's Liability Disease - each employee,,matchOnce,must be greater or equal to,500000,1000000,compliant,Block Requirements,,,false,1,,2026-08-16
"Block Real Estate Services, LLC",69fdf74a62446148bd854b30,69fded1862446148bd848ead,"Pinches / JLJ Holdings, LLC",69fdef2cbf1df2fe96920b3f,"3rd312 - Westport Land & Management I, LLC",evidenceOfInsurance,Evidence of Insurance,workersCompensation,Workers' Compensation and Employer's Liability,evidenceOfInsuranceWorkersCompensationEmployersLiabilityDiseasePolicyLimit,Employer's Liability Disease - policy limit,,matchOnce,must be greater or equal to,500000,1000000,compliant,Block Requirements,,,false,1,,2026-08-16
"Block Real Estate Services, LLC",69fdf74a62446148bd854b30,69fded1862446148bd848ead,"Pinches / JLJ Holdings, LLC",69fdef2cbf1df2fe96920b3f,"3rd312 - Westport Land & Management I, LLC",evidenceOfInsurance,Evidence of Insurance,workersCompensation,Workers' Compensation and Employer's Liability,evidenceOfInsuranceWorkersCompensationWaiverOfSubrogationEndorsement,Waiver of Subrogation,"---prompt---
Determine if the insurer has waived their right of subrogation in favor of the certificate holder under the Workers' Compensation policy. Evidence may include: a checked ""Waiver of Subrogation"" box on the certificate, mention in the Description of Operations section stating ""waiver of subrogation applies"", or reference to form WC 00 03 13. Look for language like ""subrogation is waived"" or ""per written contract"".",matchOnce,must be present,,,waived,Block Requirements,WoS for WC not available in the state of MO,,false,0,,2026-08-16
"Block Real Estate Services, LLC",69fdf74a62446148bd854b30,69fded1862446148bd848ead,"Pinches / JLJ Holdings, LLC",69fdef2cbf1df2fe96920b3f,"3rd312 - Westport Land & Management I, LLC",evidenceOfInsurance,Evidence of Insurance,6ac20aae-5728-5d57-b364-aeba38527dba,Additional Requirements,4da5b0f1-4c9d-5885-8cf8-5d3cccaed3e0,"Block Real Estate Services, LLC and all others required by contract are named as Additional Insureds","---prompt---
Determine if the Description of Operations or the Additional Remarks Schedule section states the ""Additional Insured as Construction Management, Inc. and all others required by contract"" or reference to blanket additional insured coverage. Look for language like ""certificate holder is additional insured"" or ""per written contract"".",matchOnce,must be present,,Present,compliant,Block Requirements,,,true,1,,2026-08-16
"Block Real Estate Services, LLC",69fdf74a62446148bd854b30,69fded1862446148bd848ead,"Pinches / JLJ Holdings, LLC",69fdef2cbf1df2fe96920b3f,"3rd312 - Westport Land & Management I, LLC",evidenceOfInsurance,Evidence of Insurance,6ac20aae-5728-5d57-b364-aeba38527dba,Additional Requirements,e1017741-e47e-5f58-97b8-fbc3043e919f,Umbrella follows form over General Liability,"---prompt---
Determine if the Umbrella/Excess Liability policy follows form to the underlying policies. Evidence may include: language in the Description of Operations section stating the umbrella follows form to underlying coverages or an additional page endorsement stating that it follows form. Follow form means the umbrella policy adopts the same terms, conditions, and exclusions as the underlying policies.",matchOnce,must be present,,,non_compliant,Block Requirements,,,true,0,,2026-08-16
"Block Real Estate Services, LLC",69fdf74a62446148bd854b30,69fded1862446148bd848ead,"Pinches / JLJ Holdings, LLC",69fdef2cbf1df2fe96920b3f,"3rd312 - Westport Land & Management I, LLC",evidenceOfInsurance,Evidence of Insurance,6ac20aae-5728-5d57-b364-aeba38527dba,Additional Requirements,2cdd866f-c9a4-576a-afd8-1d045762790c,"The location must be listed as: 4059-1 Broadway Boulevard, Kansas City, MO, 64111",,matchOnce,must be present,,Present,compliant,Block Requirements,,,true,1,,2026-08-16
"Block Real Estate Services, LLC",69fdf74a62446148bd854b30,69fded1862446148bd848ead,"Pinches / JLJ Holdings, LLC",69fdef2cbf1df2fe96920b3f,"3rd312 - Westport Land & Management I, LLC",evidenceOfInsurance,Evidence of Insurance,6ac20aae-5728-5d57-b364-aeba38527dba,Additional Requirements,3649e9d1-4e09-59bf-8f30-cb33c40cf117,"Certificate Holder must read: c/o Block Real Estate Services, LLC, 4622 Pennsylvania St., Suite 700, Kansas City, MO, 64112",,matchOnce,must be present,,,non_compliant,Block Requirements,,,true,0,,2026-08-16
"Block Real Estate Services, LLC",6a1711182c0af08c023b0c9f,6a170f97efde9f2154ab7751,Vitale Realtors,69fdef2cbf1df2fe96920b3f,"3rd312 - Westport Land & Management I, LLC",evidenceOfInsurance,Evidence of Insurance,commercialGeneralLiability,Commercial General Liability,evidenceOfInsuranceCommercialGeneralLiabilityCoverageTriggerOccurrence,Coverage Trigger: Occurrence,,matchOnce,must be present,,,non_compliant,Block Requirements,,,false,0,,2026-08-16
"Block Real Estate Services, LLC",6a1711182c0af08c023b0c9f,6a170f97efde9f2154ab7751,Vitale Realtors,69fdef2cbf1df2fe96920b3f,"3rd312 - Westport Land & Management I, LLC",evidenceOfInsurance,Evidence of Insurance,commercialGeneralLiability,Commercial General Liability,evidenceOfInsuranceCommercialGeneralLiabilityGeneralAggregateLimitAppliesPerLocation,General Aggregate Limit Applies per: Location,,matchOnce,must be present,,,non_compliant,Block Requirements,,,false,0,,2026-08-16
"Block Real Estate Services, LLC",6a1711182c0af08c023b0c9f,6a170f97efde9f2154ab7751,Vitale Realtors,69fdef2cbf1df2fe96920b3f,"3rd312 - Westport Land & Management I, LLC",evidenceOfInsurance,Evidence of Insurance,commercialGeneralLiability,Commercial General Liability,evidenceOfInsuranceCommercialGeneralLiabilityEachOccurrence,Each Occurrence,,matchOnce,must be greater or equal to,1000000,,non_compliant,Block Requirements,,,false,0,,2026-08-16
"Block Real Estate Services, LLC",6a1711182c0af08c023b0c9f,6a170f97efde9f2154ab7751,Vitale Realtors,69fdef2cbf1df2fe96920b3f,"3rd312 - Westport Land & Management I, LLC",evidenceOfInsurance,Evidence of Insurance,commercialGeneralLiability,Commercial General Liability,evidenceOfInsuranceCommercialGeneralLiabilityGeneralAggregate,General Aggregate,,matchOnce,must be greater or equal to,2000000,,non_compliant,Block Requirements,,,false,0,,2026-08-16
"Block Real Estate Services, LLC",6a1711182c0af08c023b0c9f,6a170f97efde9f2154ab7751,Vitale Realtors,69fdef2cbf1df2fe96920b3f,"3rd312 - Westport Land & Management I, LLC",evidenceOfInsurance,Evidence of Insurance,commercialGeneralLiability,Commercial General Liability,evidenceOfInsuranceCommercialGeneralLiabilityWaiverOfSubrogationEndorsement,Waiver of Subrogation,"---prompt---
Determine if the insurer has waived their right of subrogation in favor of the certificate holder under the Commercial General Liability policy. Evidence may include: a checked ""Waiver of Subrogation"" box on the certificate, mention in the Description of Operations section stating ""waiver of subrogation applies"", or reference to form CG 24 04. Look for language like ""subrogation is waived"" or ""per written contract"".",matchOnce,must be present,,,non_compliant,Block Requirements,,,false,0,,2026-08-16
"Block Real Estate Services, LLC",6a1711182c0af08c023b0c9f,6a170f97efde9f2154ab7751,Vitale Realtors,69fdef2cbf1df2fe96920b3f,"3rd312 - Westport Land & Management I, LLC",evidenceOfInsurance,Evidence of Insurance,excessOrUmbrellaLiability,Umbrella/Excess Liability,evidenceOfInsuranceExcessOrUmbrellaLiabilityOccurence,Coverage Trigger: Occurrence,,matchOnce,must be present,,,non_compliant,Block Requirements,,,false,0,,2026-08-16
"Block Real Estate Services, LLC",6a1711182c0af08c023b0c9f,6a170f97efde9f2154ab7751,Vitale Realtors,69fdef2cbf1df2fe96920b3f,"3rd312 - Westport Land & Management I, LLC",evidenceOfInsurance,Evidence of Insurance,excessOrUmbrellaLiability,Umbrella/Excess Liability,evidenceOfInsuranceExcessOrUmbrellaLiabilityEachOccurrence,Each Occurrence,,matchOnce,must be greater or equal to,1000000,,non_compliant,Block Requirements,,,false,0,,2026-08-16
"Block Real Estate Services, LLC",6a1711182c0af08c023b0c9f,6a170f97efde9f2154ab7751,Vitale Realtors,69fdef2cbf1df2fe96920b3f,"3rd312 - Westport Land & Management I, LLC",evidenceOfInsurance,Evidence of Insurance,excessOrUmbrellaLiability,Umbrella/Excess Liability,evidenceOfInsuranceExcessOrUmbrellaLiabilityAggregate,Aggregate,,matchOnce,must be greater or equal to,1000000,,non_compliant,Block Requirements,,,false,0,,2026-08-16
"Block Real Estate Services, LLC",6a1711182c0af08c023b0c9f,6a170f97efde9f2154ab7751,Vitale Realtors,69fdef2cbf1df2fe96920b3f,"3rd312 - Westport Land & Management I, LLC",evidenceOfInsurance,Evidence of Insurance,workersCompensation,Workers' Compensation and Employer's Liability,evidenceOfInsuranceWorkersCompensationStatutoryLimits,Statutory Limits,,matchOnce,must be present,,,non_compliant,Block Requirements,,,false,0,,2026-08-16
"Block Real Estate Services, LLC",6a1711182c0af08c023b0c9f,6a170f97efde9f2154ab7751,Vitale Realtors,69fdef2cbf1df2fe96920b3f,"3rd312 - Westport Land & Management I, LLC",evidenceOfInsurance,Evidence of Insurance,workersCompensation,Workers' Compensation and Employer's Liability,evidenceOfInsuranceWorkersCompensationEmployersLiabilityEachAccident,Employer's Liability Each Accident,,matchOnce,must be greater or equal to,500000,,non_compliant,Block Requirements,,,false,0,,2026-08-16
"Block Real Estate Services, LLC",6a1711182c0af08c023b0c9f,6a170f97efde9f2154ab7751,Vitale Realtors,69fdef2cbf1df2fe96920b3f,"3rd312 - Westport Land & Management I, LLC",evidenceOfInsurance,Evidence of Insurance,workersCompensation,Workers' Compensation and Employer's Liability,evidenceOfInsuranceWorkersCompensationEmployersLiabilityDiseaseEachEmployee,Employer's Liability Disease - each employee,,matchOnce,must be greater or equal to,500000,,non_compliant,Block Requirements,,,false,0,,2026-08-16
"Block Real Estate Services, LLC",6a1711182c0af08c023b0c9f,6a170f97efde9f2154ab7751,Vitale Realtors,69fdef2cbf1df2fe96920b3f,"3rd312 - Westport Land & Management I, LLC",evidenceOfInsurance,Evidence of Insurance,workersCompensation,Workers' Compensation and Employer's Liability,evidenceOfInsuranceWorkersCompensationEmployersLiabilityDiseasePolicyLimit,Employer's Liability Disease - policy limit,,matchOnce,must be greater or equal to,500000,,non_compliant,Block Requirements,,,false,0,,2026-08-16
"Block Real Estate Services, LLC",6a1711182c0af08c023b0c9f,6a170f97efde9f2154ab7751,Vitale Realtors,69fdef2cbf1df2fe96920b3f,"3rd312 - Westport Land & Management I, LLC",evidenceOfInsurance,Evidence of Insurance,workersCompensation,Workers' Compensation and Employer's Liability,evidenceOfInsuranceWorkersCompensationWaiverOfSubrogationEndorsement,Waiver of Subrogation,"---prompt---
Determine if the insurer has waived their right of subrogation in favor of the certificate holder under the Workers' Compensation policy. Evidence may include: a checked ""Waiver of Subrogation"" box on the certificate, mention in the Description of Operations section stating ""waiver of subrogation applies"", or reference to form WC 00 03 13. Look for language like ""subrogation is waived"" or ""per written contract"".",matchOnce,must be present,,,non_compliant,Block Requirements,,,false,0,,2026-08-16
"Block Real Estate Services, LLC",6a1711182c0af08c023b0c9f,6a170f97efde9f2154ab7751,Vitale Realtors,69fdef2cbf1df2fe96920b3f,"3rd312 - Westport Land & Management I, LLC",evidenceOfInsurance,Evidence of Insurance,6ac20aae-5728-5d57-b364-aeba38527dba,Additional Requirements,4da5b0f1-4c9d-5885-8cf8-5d3cccaed3e0,"Block Real Estate Services, LLC and all others required by contract are named as Additional Insureds","---prompt---
Determine if the Description of Operations or the Additional Remarks Schedule section states the ""Additional Insured as Construction Management, Inc. and all others required by contract"" or reference to blanket additional insured coverage. Look for language like ""certificate holder is additional insured"" or ""per written contract"".",matchOnce,must be present,,,non_compliant,Block Requirements,,,true,0,,2026-08-16
"Block Real Estate Services, LLC",6a1711182c0af08c023b0c9f,6a170f97efde9f2154ab7751,Vitale Realtors,69fdef2cbf1df2fe96920b3f,"3rd312 - Westport Land & Management I, LLC",evidenceOfInsurance,Evidence of Insurance,6ac20aae-5728-5d57-b364-aeba38527dba,Additional Requirements,e1017741-e47e-5f58-97b8-fbc3043e919f,Umbrella follows form over General Liability,"---prompt---
Determine if the Umbrella/Excess Liability policy follows form to the underlying policies. Evidence may include: language in the Description of Operations section stating the umbrella follows form to underlying coverages or an additional page endorsement stating that it follows form. Follow form means the umbrella policy adopts the same terms, conditions, and exclusions as the underlying policies.",matchOnce,must be present,,,non_compliant,Block Requirements,,,true,0,,2026-08-16
"Block Real Estate Services, LLC",6a1711182c0af08c023b0c9f,6a170f97efde9f2154ab7751,Vitale Realtors,69fdef2cbf1df2fe96920b3f,"3rd312 - Westport Land & Management I, LLC",evidenceOfInsurance,Evidence of Insurance,6ac20aae-5728-5d57-b364-aeba38527dba,Additional Requirements,2cdd866f-c9a4-576a-afd8-1d045762790c,"The location must be listed as: 300-202, 300-203 Westport Road, Kansas City, MO, 64111",,matchOnce,must be present,,,non_compliant,Block Requirements,,,true,0,,2026-08-16
"Block Real Estate Services, LLC",6a1711182c0af08c023b0c9f,6a170f97efde9f2154ab7751,Vitale Realtors,69fdef2cbf1df2fe96920b3f,"3rd312 - Westport Land & Management I, LLC",evidenceOfInsurance,Evidence of Insurance,6ac20aae-5728-5d57-b364-aeba38527dba,Additional Requirements,3649e9d1-4e09-59bf-8f30-cb33c40cf117,"Certificate Holder must read: c/o Block Real Estate Services, LLC, 4622 Pennsylvania St., Suite 700, Kansas City, MO, 64112",,matchOnce,must be present,,,non_compliant,Block Requirements,,,true,0,,2026-08-16
"Block Real Estate Services, LLC",6a1711372c0af08c023b0d51,6a170fafee5ef0b8dcf50e8a,Tom Platt Residence,69fdef2cbf1df2fe96920b3f,"3rd312 - Westport Land & Management I, LLC",evidenceOfInsurance,Evidence of Insurance,commercialGeneralLiability,Commercial General Liability,evidenceOfInsuranceCommercialGeneralLiabilityCoverageTriggerOccurrence,Coverage Trigger: Occurrence,,matchOnce,must be present,,,non_compliant,Block Requirements,,,false,0,,2026-08-16
"Block Real Estate Services, LLC",6a1711372c0af08c023b0d51,6a170fafee5ef0b8dcf50e8a,Tom Platt Residence,69fdef2cbf1df2fe96920b3f,"3rd312 - Westport Land & Management I, LLC",evidenceOfInsurance,Evidence of Insurance,commercialGeneralLiability,Commercial General Liability,evidenceOfInsuranceCommercialGeneralLiabilityGeneralAggregateLimitAppliesPerLocation,General Aggregate Limit Applies per: Location,,matchOnce,must be present,,,non_compliant,Block Requirements,,,false,0,,2026-08-16
"Block Real Estate Services, LLC",6a1711372c0af08c023b0d51,6a170fafee5ef0b8dcf50e8a,Tom Platt Residence,69fdef2cbf1df2fe96920b3f,"3rd312 - Westport Land & Management I, LLC",evidenceOfInsurance,Evidence of Insurance,commercialGeneralLiability,Commercial General Liability,evidenceOfInsuranceCommercialGeneralLiabilityEachOccurrence,Each Occurrence,,matchOnce,must be greater or equal to,1000000,,non_compliant,Block Requirements,,,false,0,,2026-08-16
"Block Real Estate Services, LLC",6a1711372c0af08c023b0d51,6a170fafee5ef0b8dcf50e8a,Tom Platt Residence,69fdef2cbf1df2fe96920b3f,"3rd312 - Westport Land & Management I, LLC",evidenceOfInsurance,Evidence of Insurance,commercialGeneralLiability,Commercial General Liability,evidenceOfInsuranceCommercialGeneralLiabilityGeneralAggregate,General Aggregate,,matchOnce,must be greater or equal to,2000000,,non_compliant,Block Requirements,,,false,0,,2026-08-16
"Block Real Estate Services, LLC",6a1711372c0af08c023b0d51,6a170fafee5ef0b8dcf50e8a,Tom Platt Residence,69fdef2cbf1df2fe96920b3f,"3rd312 - Westport Land & Management I, LLC",evidenceOfInsurance,Evidence of Insurance,commercialGeneralLiability,Commercial General Liability,evidenceOfInsuranceCommercialGeneralLiabilityWaiverOfSubrogationEndorsement,Waiver of Subrogation,"---prompt---
Determine if the insurer has waived their right of subrogation in favor of the certificate holder under the Commercial General Liability policy. Evidence may include: a checked ""Waiver of Subrogation"" box on the certificate, mention in the Description of Operations section stating ""waiver of subrogation applies"", or reference to form CG 24 04. Look for language like ""subrogation is waived"" or ""per written contract"".",matchOnce,must be present,,,non_compliant,Block Requirements,,,false,0,,2026-08-16
"Block Real Estate Services, LLC",6a1711372c0af08c023b0d51,6a170fafee5ef0b8dcf50e8a,Tom Platt Residence,69fdef2cbf1df2fe96920b3f,"3rd312 - Westport Land & Management I, LLC",evidenceOfInsurance,Evidence of Insurance,excessOrUmbrellaLiability,Umbrella/Excess Liability,evidenceOfInsuranceExcessOrUmbrellaLiabilityOccurence,Coverage Trigger: Occurrence,,matchOnce,must be present,,,non_compliant,Block Requirements,,,false,0,,2026-08-16
"Block Real Estate Services, LLC",6a1711372c0af08c023b0d51,6a170fafee5ef0b8dcf50e8a,Tom Platt Residence,69fdef2cbf1df2fe96920b3f,"3rd312 - Westport Land & Management I, LLC",evidenceOfInsurance,Evidence of Insurance,excessOrUmbrellaLiability,Umbrella/Excess Liability,evidenceOfInsuranceExcessOrUmbrellaLiabilityEachOccurrence,Each Occurrence,,matchOnce,must be greater or equal to,1000000,,non_compliant,Block Requirements,,,false,0,,2026-08-16
"Block Real Estate Services, LLC",6a1711372c0af08c023b0d51,6a170fafee5ef0b8dcf50e8a,Tom Platt Residence,69fdef2cbf1df2fe96920b3f,"3rd312 - Westport Land & Management I, LLC",evidenceOfInsurance,Evidence of Insurance,excessOrUmbrellaLiability,Umbrella/Excess Liability,evidenceOfInsuranceExcessOrUmbrellaLiabilityAggregate,Aggregate,,matchOnce,must be greater or equal to,1000000,,non_compliant,Block Requirements,,,false,0,,2026-08-16
"Block Real Estate Services, LLC",6a1711372c0af08c023b0d51,6a170fafee5ef0b8dcf50e8a,Tom Platt Residence,69fdef2cbf1df2fe96920b3f,"3rd312 - Westport Land & Management I, LLC",evidenceOfInsurance,Evidence of Insurance,workersCompensation,Workers' Compensation and Employer's Liability,evidenceOfInsuranceWorkersCompensationStatutoryLimits,Statutory Limits,,matchOnce,must be present,,,non_compliant,Block Requirements,,,false,0,,2026-08-16
"Block Real Estate Services, LLC",6a1711372c0af08c023b0d51,6a170fafee5ef0b8dcf50e8a,Tom Platt Residence,69fdef2cbf1df2fe96920b3f,"3rd312 - Westport Land & Management I, LLC",evidenceOfInsurance,Evidence of Insurance,workersCompensation,Workers' Compensation and Employer's Liability,evidenceOfInsuranceWorkersCompensationEmployersLiabilityEachAccident,Employer's Liability Each Accident,,matchOnce,must be greater or equal to,500000,,non_compliant,Block Requirements,,,false,0,,2026-08-16
"Block Real Estate Services, LLC",6a1711372c0af08c023b0d51,6a170fafee5ef0b8dcf50e8a,Tom Platt Residence,69fdef2cbf1df2fe96920b3f,"3rd312 - Westport Land & Management I, LLC",evidenceOfInsurance,Evidence of Insurance,workersCompensation,Workers' Compensation and Employer's Liability,evidenceOfInsuranceWorkersCompensationEmployersLiabilityDiseaseEachEmployee,Employer's Liability Disease - each employee,,matchOnce,must be greater or equal to,500000,,non_compliant,Block Requirements,,,false,0,,2026-08-16
"Block Real Estate Services, LLC",6a1711372c0af08c023b0d51,6a170fafee5ef0b8dcf50e8a,Tom Platt Residence,69fdef2cbf1df2fe96920b3f,"3rd312 - Westport Land & Management I, LLC",evidenceOfInsurance,Evidence of Insurance,workersCompensation,Workers' Compensation and Employer's Liability,evidenceOfInsuranceWorkersCompensationEmployersLiabilityDiseasePolicyLimit,Employer's Liability Disease - policy limit,,matchOnce,must be greater or equal to,500000,,non_compliant,Block Requirements,,,false,0,,2026-08-16
"Block Real Estate Services, LLC",6a1711372c0af08c023b0d51,6a170fafee5ef0b8dcf50e8a,Tom Platt Residence,69fdef2cbf1df2fe96920b3f,"3rd312 - Westport Land & Management I, LLC",evidenceOfInsurance,Evidence of Insurance,workersCompensation,Workers' Compensation and Employer's Liability,evidenceOfInsuranceWorkersCompensationWaiverOfSubrogationEndorsement,Waiver of Subrogation,"---prompt---
Determine if the insurer has waived their right of subrogation in favor of the certificate holder under the Workers' Compensation policy. Evidence may include: a checked ""Waiver of Subrogation"" box on the certificate, mention in the Description of Operations section stating ""waiver of subrogation applies"", or reference to form WC 00 03 13. Look for language like ""subrogation is waived"" or ""per written contract"".",matchOnce,must be present,,,non_compliant,Block Requirements,,,false,0,,2026-08-16
"Block Real Estate Services, LLC",6a1711372c0af08c023b0d51,6a170fafee5ef0b8dcf50e8a,Tom Platt Residence,69fdef2cbf1df2fe96920b3f,"3rd312 - Westport Land & Management I, LLC",evidenceOfInsurance,Evidence of Insurance,6ac20aae-5728-5d57-b364-aeba38527dba,Additional Requirements,4da5b0f1-4c9d-5885-8cf8-5d3cccaed3e0,"Block Real Estate Services, LLC and all others required by contract are named as Additional Insureds","---prompt---
Determine if the Description of Operations or the Additional Remarks Schedule section states the ""Additional Insured as Construction Management, Inc. and all others required by contract"" or reference to blanket additional insured coverage. Look for language like ""certificate holder is additional insured"" or ""per written contract"".",matchOnce,must be present,,,non_compliant,Block Requirements,,,true,0,,2026-08-16
"Block Real Estate Services, LLC",6a1711372c0af08c023b0d51,6a170fafee5ef0b8dcf50e8a,Tom Platt Residence,69fdef2cbf1df2fe96920b3f,"3rd312 - Westport Land & Management I, LLC",evidenceOfInsurance,Evidence of Insurance,6ac20aae-5728-5d57-b364-aeba38527dba,Additional Requirements,e1017741-e47e-5f58-97b8-fbc3043e919f,Umbrella follows form over General Liability,"---prompt---
Determine if the Umbrella/Excess Liability policy follows form to the underlying policies. Evidence may include: language in the Description of Operations section stating the umbrella follows form to underlying coverages or an additional page endorsement stating that it follows form. Follow form means the umbrella policy adopts the same terms, conditions, and exclusions as the underlying policies.",matchOnce,must be present,,,non_compliant,Block Requirements,,,true,0,,2026-08-16
"Block Real Estate Services, LLC",6a1711372c0af08c023b0d51,6a170fafee5ef0b8dcf50e8a,Tom Platt Residence,69fdef2cbf1df2fe96920b3f,"3rd312 - Westport Land & Management I, LLC",evidenceOfInsurance,Evidence of Insurance,6ac20aae-5728-5d57-b364-aeba38527dba,Additional Requirements,2cdd866f-c9a4-576a-afd8-1d045762790c,"The location must be listed as: 300-205 Westport Road (Residence), Kansas City, MO, 64111",,matchOnce,must be present,,,non_compliant,Block Requirements,,,true,0,,2026-08-16
"Block Real Estate Services, LLC",6a1711372c0af08c023b0d51,6a170fafee5ef0b8dcf50e8a,Tom Platt Residence,69fdef2cbf1df2fe96920b3f,"3rd312 - Westport Land & Management I, LLC",evidenceOfInsurance,Evidence of Insurance,6ac20aae-5728-5d57-b364-aeba38527dba,Additional Requirements,3649e9d1-4e09-59bf-8f30-cb33c40cf117,"Certificate Holder must read: c/o Block Real Estate Services, LLC, 4622 Pennsylvania St., Suite 700, Kansas City, MO, 64112",,matchOnce,must be present,,,non_compliant,Block Requirements,,,true,0,,2026-08-16
"Block Real Estate Services, LLC",6a1711586bce9a8c3c1c8db8,6a170fd6da8b48075226ce37,"Page Communication, LLC",69fdef2cbf1df2fe96920b3f,"3rd312 - Westport Land & Management I, LLC",evidenceOfInsurance,Evidence of Insurance,commercialGeneralLiability,Commercial General Liability,evidenceOfInsuranceCommercialGeneralLiabilityCoverageTriggerOccurrence,Coverage Trigger: Occurrence,,matchOnce,must be present,,,non_compliant,Block Requirements,,,false,0,,2026-08-16
"Block Real Estate Services, LLC",6a1711586bce9a8c3c1c8db8,6a170fd6da8b48075226ce37,"Page Communication, LLC",69fdef2cbf1df2fe96920b3f,"3rd312 - Westport Land & Management I, LLC",evidenceOfInsurance,Evidence of Insurance,commercialGeneralLiability,Commercial General Liability,evidenceOfInsuranceCommercialGeneralLiabilityGeneralAggregateLimitAppliesPerLocation,General Aggregate Limit Applies per: Location,,matchOnce,must be present,,,non_compliant,Block Requirements,,,false,0,,2026-08-16
"Block Real Estate Services, LLC",6a1711586bce9a8c3c1c8db8,6a170fd6da8b48075226ce37,"Page Communication, LLC",69fdef2cbf1df2fe96920b3f,"3rd312 - Westport Land & Management I, LLC",evidenceOfInsurance,Evidence of Insurance,commercialGeneralLiability,Commercial General Liability,evidenceOfInsuranceCommercialGeneralLiabilityEachOccurrence,Each Occurrence,,matchOnce,must be greater or equal to,1000000,,non_compliant,Block Requirements,,,false,0,,2026-08-16
"Block Real Estate Services, LLC",6a1711586bce9a8c3c1c8db8,6a170fd6da8b48075226ce37,"Page Communication, LLC",69fdef2cbf1df2fe96920b3f,"3rd312 - Westport Land & Management I, LLC",evidenceOfInsurance,Evidence of Insurance,commercialGeneralLiability,Commercial General Liability,evidenceOfInsuranceCommercialGeneralLiabilityGeneralAggregate,General Aggregate,,matchOnce,must be greater or equal to,2000000,,non_compliant,Block Requirements,,,false,0,,2026-08-16
"Block Real Estate Services, LLC",6a1711586bce9a8c3c1c8db8,6a170fd6da8b48075226ce37,"Page Communication, LLC",69fdef2cbf1df2fe96920b3f,"3rd312 - Westport Land & Management I, LLC",evidenceOfInsurance,Evidence of Insurance,commercialGeneralLiability,Commercial General Liability,evidenceOfInsuranceCommercialGeneralLiabilityWaiverOfSubrogationEndorsement,Waiver of Subrogation,"---prompt---
Determine if the insurer has waived their right of subrogation in favor of the certificate holder under the Commercial General Liability policy. Evidence may include: a checked ""Waiver of Subrogation"" box on the certificate, mention in the Description of Operations section stating ""waiver of subrogation applies"", or reference to form CG 24 04. Look for language like ""subrogation is waived"" or ""per written contract"".",matchOnce,must be present,,,non_compliant,Block Requirements,,,false,0,,2026-08-16
"Block Real Estate Services, LLC",6a1711586bce9a8c3c1c8db8,6a170fd6da8b48075226ce37,"Page Communication, LLC",69fdef2cbf1df2fe96920b3f,"3rd312 - Westport Land & Management I, LLC",evidenceOfInsurance,Evidence of Insurance,excessOrUmbrellaLiability,Umbrella/Excess Liability,evidenceOfInsuranceExcessOrUmbrellaLiabilityOccurence,Coverage Trigger: Occurrence,,matchOnce,must be present,,,non_compliant,Block Requirements,,,false,0,,2026-08-16
"Block Real Estate Services, LLC",6a1711586bce9a8c3c1c8db8,6a170fd6da8b48075226ce37,"Page Communication, LLC",69fdef2cbf1df2fe96920b3f,"3rd312 - Westport Land & Management I, LLC",evidenceOfInsurance,Evidence of Insurance,excessOrUmbrellaLiability,Umbrella/Excess Liability,evidenceOfInsuranceExcessOrUmbrellaLiabilityEachOccurrence,Each Occurrence,,matchOnce,must be greater or equal to,1000000,,non_compliant,Block Requirements,,,false,0,,2026-08-16
"Block Real Estate Services, LLC",6a1711586bce9a8c3c1c8db8,6a170fd6da8b48075226ce37,"Page Communication, LLC",69fdef2cbf1df2fe96920b3f,"3rd312 - Westport Land & Management I, LLC",evidenceOfInsurance,Evidence of Insurance,excessOrUmbrellaLiability,Umbrella/Excess Liability,evidenceOfInsuranceExcessOrUmbrellaLiabilityAggregate,Aggregate,,matchOnce,must be greater or equal to,1000000,,non_compliant,Block Requirements,,,false,0,,2026-08-16
"Block Real Estate Services, LLC",6a1711586bce9a8c3c1c8db8,6a170fd6da8b48075226ce37,"Page Communication, LLC",69fdef2cbf1df2fe96920b3f,"3rd312 - Westport Land & Management I, LLC",evidenceOfInsurance,Evidence of Insurance,workersCompensation,Workers' Compensation and Employer's Liability,evidenceOfInsuranceWorkersCompensationStatutoryLimits,Statutory Limits,,matchOnce,must be present,,,non_compliant,Block Requirements,,,false,0,,2026-08-16
"Block Real Estate Services, LLC",6a1711586bce9a8c3c1c8db8,6a170fd6da8b48075226ce37,"Page Communication, LLC",69fdef2cbf1df2fe96920b3f,"3rd312 - Westport Land & Management I, LLC",evidenceOfInsurance,Evidence of Insurance,workersCompensation,Workers' Compensation and Employer's Liability,evidenceOfInsuranceWorkersCompensationEmployersLiabilityEachAccident,Employer's Liability Each Accident,,matchOnce,must be greater or equal to,500000,,non_compliant,Block Requirements,,,false,0,,2026-08-16
"Block Real Estate Services, LLC",6a1711586bce9a8c3c1c8db8,6a170fd6da8b48075226ce37,"Page Communication, LLC",69fdef2cbf1df2fe96920b3f,"3rd312 - Westport Land & Management I, LLC",evidenceOfInsurance,Evidence of Insurance,workersCompensation,Workers' Compensation and Employer's Liability,evidenceOfInsuranceWorkersCompensationEmployersLiabilityDiseaseEachEmployee,Employer's Liability Disease - each employee,,matchOnce,must be greater or equal to,500000,,non_compliant,Block Requirements,,,false,0,,2026-08-16
"Block Real Estate Services, LLC",6a1711586bce9a8c3c1c8db8,6a170fd6da8b48075226ce37,"Page Communication, LLC",69fdef2cbf1df2fe96920b3f,"3rd312 - Westport Land & Management I, LLC",evidenceOfInsurance,Evidence of Insurance,workersCompensation,Workers' Compensation and Employer's Liability,evidenceOfInsuranceWorkersCompensationEmployersLiabilityDiseasePolicyLimit,Employer's Liability Disease - policy limit,,matchOnce,must be greater or equal to,500000,,non_compliant,Block Requirements,,,false,0,,2026-08-16
"Block Real Estate Services, LLC",6a1711586bce9a8c3c1c8db8,6a170fd6da8b48075226ce37,"Page Communication, LLC",69fdef2cbf1df2fe96920b3f,"3rd312 - Westport Land & Management I, LLC",evidenceOfInsurance,Evidence of Insurance,workersCompensation,Workers' Compensation and Employer's Liability,evidenceOfInsuranceWorkersCompensationWaiverOfSubrogationEndorsement,Waiver of Subrogation,"---prompt---
Determine if the insurer has waived their right of subrogation in favor of the certificate holder under the Workers' Compensation policy. Evidence may include: a checked ""Waiver of Subrogation"" box on the certificate, mention in the Description of Operations section stating ""waiver of subrogation applies"", or reference to form WC 00 03 13. Look for language like ""subrogation is waived"" or ""per written contract"".",matchOnce,must be present,,,non_compliant,Block Requirements,,,false,0,,2026-08-16
"Block Real Estate Services, LLC",6a1711586bce9a8c3c1c8db8,6a170fd6da8b48075226ce37,"Page Communication, LLC",69fdef2cbf1df2fe96920b3f,"3rd312 - Westport Land & Management I, LLC",evidenceOfInsurance,Evidence of Insurance,6ac20aae-5728-5d57-b364-aeba38527dba,Additional Requirements,4da5b0f1-4c9d-5885-8cf8-5d3cccaed3e0,"Block Real Estate Services, LLC and all others required by contract are named as Additional Insureds","---prompt---
Determine if the Description of Operations or the Additional Remarks Schedule section states the ""Additional Insured as Construction Management, Inc. and all others required by contract"" or reference to blanket additional insured coverage. Look for language like ""certificate holder is additional insured"" or ""per written contract"".",matchOnce,must be present,,,non_compliant,Block Requirements,,,true,0,,2026-08-16
"Block Real Estate Services, LLC",6a1711586bce9a8c3c1c8db8,6a170fd6da8b48075226ce37,"Page Communication, LLC",69fdef2cbf1df2fe96920b3f,"3rd312 - Westport Land & Management I, LLC",evidenceOfInsurance,Evidence of Insurance,6ac20aae-5728-5d57-b364-aeba38527dba,Additional Requirements,e1017741-e47e-5f58-97b8-fbc3043e919f,Umbrella follows form over General Liability,"---prompt---
Determine if the Umbrella/Excess Liability policy follows form to the underlying policies. Evidence may include: language in the Description of Operations section stating the umbrella follows form to underlying coverages or an additional page endorsement stating that it follows form. Follow form means the umbrella policy adopts the same terms, conditions, and exclusions as the underlying policies.",matchOnce,must be present,,,non_compliant,Block Requirements,,,true,0,,2026-08-16
"Block Real Estate Services, LLC",6a1711586bce9a8c3c1c8db8,6a170fd6da8b48075226ce37,"Page Communication, LLC",69fdef2cbf1df2fe96920b3f,"3rd312 - Westport Land & Management I, LLC",evidenceOfInsurance,Evidence of Insurance,6ac20aae-5728-5d57-b364-aeba38527dba,Additional Requirements,2cdd866f-c9a4-576a-afd8-1d045762790c,"The location must be listed as: 308-1 Westport Road, Kansas City, MO, 64111",,matchOnce,must be present,,,non_compliant,Block Requirements,,,true,0,,2026-08-16
"Block Real Estate Services, LLC",6a1711586bce9a8c3c1c8db8,6a170fd6da8b48075226ce37,"Page Communication, LLC",69fdef2cbf1df2fe96920b3f,"3rd312 - Westport Land & Management I, LLC",evidenceOfInsurance,Evidence of Insurance,6ac20aae-5728-5d57-b364-aeba38527dba,Additional Requirements,3649e9d1-4e09-59bf-8f30-cb33c40cf117,"Certificate Holder must read: c/o Block Real Estate Services, LLC, 4622 Pennsylvania St., Suite 700, Kansas City, MO, 64112",,matchOnce,must be present,,,non_compliant,Block Requirements,,,true,0,,2026-08-16
"Block Real Estate Services, LLC",6a17117b6bce9a8c3c1c8e78,6a170fecda8b48075226d712,WLM Warehouse,69fdef2cbf1df2fe96920b3f,"3rd312 - Westport Land & Management I, LLC",evidenceOfInsurance,Evidence of Insurance,commercialGeneralLiability,Commercial General Liability,evidenceOfInsuranceCommercialGeneralLiabilityCoverageTriggerOccurrence,Coverage Trigger: Occurrence,,matchOnce,must be present,,,non_compliant,Block Requirements,,,false,0,,2026-08-16
"Block Real Estate Services, LLC",6a17117b6bce9a8c3c1c8e78,6a170fecda8b48075226d712,WLM Warehouse,69fdef2cbf1df2fe96920b3f,"3rd312 - Westport Land & Management I, LLC",evidenceOfInsurance,Evidence of Insurance,commercialGeneralLiability,Commercial General Liability,evidenceOfInsuranceCommercialGeneralLiabilityGeneralAggregateLimitAppliesPerLocation,General Aggregate Limit Applies per: Location,,matchOnce,must be present,,,non_compliant,Block Requirements,,,false,0,,2026-08-16
"Block Real Estate Services, LLC",6a17117b6bce9a8c3c1c8e78,6a170fecda8b48075226d712,WLM Warehouse,69fdef2cbf1df2fe96920b3f,"3rd312 - Westport Land & Management I, LLC",evidenceOfInsurance,Evidence of Insurance,commercialGeneralLiability,Commercial General Liability,evidenceOfInsuranceCommercialGeneralLiabilityEachOccurrence,Each Occurrence,,matchOnce,must be greater or equal to,1000000,,non_compliant,Block Requirements,,,false,0,,2026-08-16
"Block Real Estate Services, LLC",6a17117b6bce9a8c3c1c8e78,6a170fecda8b48075226d712,WLM Warehouse,69fdef2cbf1df2fe96920b3f,"3rd312 - Westport Land & Management I, LLC",evidenceOfInsurance,Evidence of Insurance,commercialGeneralLiability,Commercial General Liability,evidenceOfInsuranceCommercialGeneralLiabilityGeneralAggregate,General Aggregate,,matchOnce,must be greater or equal to,2000000,,non_compliant,Block Requirements,,,false,0,,2026-08-16
"Block Real Estate Services, LLC",6a17117b6bce9a8c3c1c8e78,6a170fecda8b48075226d712,WLM Warehouse,69fdef2cbf1df2fe96920b3f,"3rd312 - Westport Land & Management I, LLC",evidenceOfInsurance,Evidence of Insurance,commercialGeneralLiability,Commercial General Liability,evidenceOfInsuranceCommercialGeneralLiabilityWaiverOfSubrogationEndorsement,Waiver of Subrogation,"---prompt---
Determine if the insurer has waived their right of subrogation in favor of the certificate holder under the Commercial General Liability policy. Evidence may include: a checked ""Waiver of Subrogation"" box on the certificate, mention in the Description of Operations section stating ""waiver of subrogation applies"", or reference to form CG 24 04. Look for language like ""subrogation is waived"" or ""per written contract"".",matchOnce,must be present,,,non_compliant,Block Requirements,,,false,0,,2026-08-16
"Block Real Estate Services, LLC",6a17117b6bce9a8c3c1c8e78,6a170fecda8b48075226d712,WLM Warehouse,69fdef2cbf1df2fe96920b3f,"3rd312 - Westport Land & Management I, LLC",evidenceOfInsurance,Evidence of Insurance,excessOrUmbrellaLiability,Umbrella/Excess Liability,evidenceOfInsuranceExcessOrUmbrellaLiabilityOccurence,Coverage Trigger: Occurrence,,matchOnce,must be present,,,non_compliant,Block Requirements,,,false,0,,2026-08-16
"Block Real Estate Services, LLC",6a17117b6bce9a8c3c1c8e78,6a170fecda8b48075226d712,WLM Warehouse,69fdef2cbf1df2fe96920b3f,"3rd312 - Westport Land & Management I, LLC",evidenceOfInsurance,Evidence of Insurance,excessOrUmbrellaLiability,Umbrella/Excess Liability,evidenceOfInsuranceExcessOrUmbrellaLiabilityEachOccurrence,Each Occurrence,,matchOnce,must be greater or equal to,1000000,,non_compliant,Block Requirements,,,false,0,,2026-08-16
"Block Real Estate Services, LLC",6a17117b6bce9a8c3c1c8e78,6a170fecda8b48075226d712,WLM Warehouse,69fdef2cbf1df2fe96920b3f,"3rd312 - Westport Land & Management I, LLC",evidenceOfInsurance,Evidence of Insurance,excessOrUmbrellaLiability,Umbrella/Excess Liability,evidenceOfInsuranceExcessOrUmbrellaLiabilityAggregate,Aggregate,,matchOnce,must be greater or equal to,1000000,,non_compliant,Block Requirements,,,false,0,,2026-08-16
"Block Real Estate Services, LLC",6a17117b6bce9a8c3c1c8e78,6a170fecda8b48075226d712,WLM Warehouse,69fdef2cbf1df2fe96920b3f,"3rd312 - Westport Land & Management I, LLC",evidenceOfInsurance,Evidence of Insurance,workersCompensation,Workers' Compensation and Employer's Liability,evidenceOfInsuranceWorkersCompensationStatutoryLimits,Statutory Limits,,matchOnce,must be present,,,non_compliant,Block Requirements,,,false,0,,2026-08-16
"Block Real Estate Services, LLC",6a17117b6bce9a8c3c1c8e78,6a170fecda8b48075226d712,WLM Warehouse,69fdef2cbf1df2fe96920b3f,"3rd312 - Westport Land & Management I, LLC",evidenceOfInsurance,Evidence of Insurance,workersCompensation,Workers' Compensation and Employer's Liability,evidenceOfInsuranceWorkersCompensationEmployersLiabilityEachAccident,Employer's Liability Each Accident,,matchOnce,must be greater or equal to,500000,,non_compliant,Block Requirements,,,false,0,,2026-08-16
"Block Real Estate Services, LLC",6a17117b6bce9a8c3c1c8e78,6a170fecda8b48075226d712,WLM Warehouse,69fdef2cbf1df2fe96920b3f,"3rd312 - Westport Land & Management I, LLC",evidenceOfInsurance,Evidence of Insurance,workersCompensation,Workers' Compensation and Employer's Liability,evidenceOfInsuranceWorkersCompensationEmployersLiabilityDiseaseEachEmployee,Employer's Liability Disease - each employee,,matchOnce,must be greater or equal to,500000,,non_compliant,Block Requirements,,,false,0,,2026-08-16
"Block Real Estate Services, LLC",6a17117b6bce9a8c3c1c8e78,6a170fecda8b48075226d712,WLM Warehouse,69fdef2cbf1df2fe96920b3f,"3rd312 - Westport Land & Management I, LLC",evidenceOfInsurance,Evidence of Insurance,workersCompensation,Workers' Compensation and Employer's Liability,evidenceOfInsuranceWorkersCompensationEmployersLiabilityDiseasePolicyLimit,Employer's Liability Disease - policy limit,,matchOnce,must be greater or equal to,500000,,non_compliant,Block Requirements,,,false,0,,2026-08-16
"Block Real Estate Services, LLC",6a17117b6bce9a8c3c1c8e78,6a170fecda8b48075226d712,WLM Warehouse,69fdef2cbf1df2fe96920b3f,"3rd312 - Westport Land & Management I, LLC",evidenceOfInsurance,Evidence of Insurance,workersCompensation,Workers' Compensation and Employer's Liability,evidenceOfInsuranceWorkersCompensationWaiverOfSubrogationEndorsement,Waiver of Subrogation,"---prompt---
Determine if the insurer has waived their right of subrogation in favor of the certificate holder under the Workers' Compensation policy. Evidence may include: a checked ""Waiver of Subrogation"" box on the certificate, mention in the Description of Operations section stating ""waiver of subrogation applies"", or reference to form WC 00 03 13. Look for language like ""subrogation is waived"" or ""per written contract"".",matchOnce,must be present,,,non_compliant,Block Requirements,,,false,0,,2026-08-16
"Block Real Estate Services, LLC",6a17117b6bce9a8c3c1c8e78,6a170fecda8b48075226d712,WLM Warehouse,69fdef2cbf1df2fe96920b3f,"3rd312 - Westport Land & Management I, LLC",evidenceOfInsurance,Evidence of Insurance,6ac20aae-5728-5d57-b364-aeba38527dba,Additional Requirements,4da5b0f1-4c9d-5885-8cf8-5d3cccaed3e0,"Block Real Estate Services, LLC and all others required by contract are named as Additional Insureds","---prompt---
Determine if the Description of Operations or the Additional Remarks Schedule section states the ""Additional Insured as Construction Management, Inc. and all others required by contract"" or reference to blanket additional insured coverage. Look for language like ""certificate holder is additional insured"" or ""per written contract"".",matchOnce,must be present,,,non_compliant,Block Requirements,,,true,0,,2026-08-16
"Block Real Estate Services, LLC",6a17117b6bce9a8c3c1c8e78,6a170fecda8b48075226d712,WLM Warehouse,69fdef2cbf1df2fe96920b3f,"3rd312 - Westport Land & Management I, LLC",evidenceOfInsurance,Evidence of Insurance,6ac20aae-5728-5d57-b364-aeba38527dba,Additional Requirements,e1017741-e47e-5f58-97b8-fbc3043e919f,Umbrella follows form over General Liability,"---prompt---
Determine if the Umbrella/Excess Liability policy follows form to the underlying policies. Evidence may include: language in the Description of Operations section stating the umbrella follows form to underlying coverages or an additional page endorsement stating that it follows form. Follow form means the umbrella policy adopts the same terms, conditions, and exclusions as the underlying policies.",matchOnce,must be present,,,non_compliant,Block Requirements,,,true,0,,2026-08-16
"Block Real Estate Services, LLC",6a17117b6bce9a8c3c1c8e78,6a170fecda8b48075226d712,WLM Warehouse,69fdef2cbf1df2fe96920b3f,"3rd312 - Westport Land & Management I, LLC",evidenceOfInsurance,Evidence of Insurance,6ac20aae-5728-5d57-b364-aeba38527dba,Additional Requirements,2cdd866f-c9a4-576a-afd8-1d045762790c,"The location must be listed as: 308-2 Westport Road, Kansas City, MO, 64111",,matchOnce,must be present,,,non_compliant,Block Requirements,,,true,0,,2026-08-16
"Block Real Estate Services, LLC",6a17117b6bce9a8c3c1c8e78,6a170fecda8b48075226d712,WLM Warehouse,69fdef2cbf1df2fe96920b3f,"3rd312 - Westport Land & Management I, LLC",evidenceOfInsurance,Evidence of Insurance,6ac20aae-5728-5d57-b364-aeba38527dba,Additional Requirements,3649e9d1-4e09-59bf-8f30-cb33c40cf117,"Certificate Holder must read: c/o Block Real Estate Services, LLC, 4622 Pennsylvania St., Suite 700, Kansas City, MO, 64112",,matchOnce,must be present,,,non_compliant,Block Requirements,,,true,0,,2026-08-16
"Block Real Estate Services, LLC",6a1711956bce9a8c3c1c8eac,6a171003ee5ef0b8dcf522cf,"Pop! Vintage Furniture & Accessories, LLC",69fdef2cbf1df2fe96920b3f,"3rd312 - Westport Land & Management I, LLC",evidenceOfInsurance,Evidence of Insurance,commercialGeneralLiability,Commercial General Liability,evidenceOfInsuranceCommercialGeneralLiabilityCoverageTriggerOccurrence,Coverage Trigger: Occurrence,,matchOnce,must be present,,Present,compliant,Block Requirements,,,false,1,,2026-08-16
"Block Real Estate Services, LLC",6a1711956bce9a8c3c1c8eac,6a171003ee5ef0b8dcf522cf,"Pop! Vintage Furniture & Accessories, LLC",69fdef2cbf1df2fe96920b3f,"3rd312 - Westport Land & Management I, LLC",evidenceOfInsurance,Evidence of Insurance,commercialGeneralLiability,Commercial General Liability,evidenceOfInsuranceCommercialGeneralLiabilityGeneralAggregateLimitAppliesPerLocation,General Aggregate Limit Applies per: Location,,matchOnce,must be present,,Present,compliant,Block Requirements,,,false,1,,2026-08-16
"Block Real Estate Services, LLC",6a1711956bce9a8c3c1c8eac,6a171003ee5ef0b8dcf522cf,"Pop! Vintage Furniture & Accessories, LLC",69fdef2cbf1df2fe96920b3f,"3rd312 - Westport Land & Management I, LLC",evidenceOfInsurance,Evidence of Insurance,commercialGeneralLiability,Commercial General Liability,evidenceOfInsuranceCommercialGeneralLiabilityEachOccurrence,Each Occurrence,,matchOnce,must be greater or equal to,1000000,2000000,compliant,Block Requirements,,,false,1,,2026-08-16
"Block Real Estate Services, LLC",6a1711956bce9a8c3c1c8eac,6a171003ee5ef0b8dcf522cf,"Pop! Vintage Furniture & Accessories, LLC",69fdef2cbf1df2fe96920b3f,"3rd312 - Westport Land & Management I, LLC",evidenceOfInsurance,Evidence of Insurance,commercialGeneralLiability,Commercial General Liability,evidenceOfInsuranceCommercialGeneralLiabilityGeneralAggregate,General Aggregate,,matchOnce,must be greater or equal to,2000000,4000000,compliant,Block Requirements,,,false,1,,2026-08-16
"Block Real Estate Services, LLC",6a1711956bce9a8c3c1c8eac,6a171003ee5ef0b8dcf522cf,"Pop! Vintage Furniture & Accessories, LLC",69fdef2cbf1df2fe96920b3f,"3rd312 - Westport Land & Management I, LLC",evidenceOfInsurance,Evidence of Insurance,commercialGeneralLiability,Commercial General Liability,evidenceOfInsuranceCommercialGeneralLiabilityWaiverOfSubrogationEndorsement,Waiver of Subrogation,"---prompt---
Determine if the insurer has waived their right of subrogation in favor of the certificate holder under the Commercial General Liability policy. Evidence may include: a checked ""Waiver of Subrogation"" box on the certificate, mention in the Description of Operations section stating ""waiver of subrogation applies"", or reference to form CG 24 04. Look for language like ""subrogation is waived"" or ""per written contract"".",matchOnce,must be present,,Present,compliant,Block Requirements,,,false,1,,2026-08-16
"Block Real Estate Services, LLC",6a1711956bce9a8c3c1c8eac,6a171003ee5ef0b8dcf522cf,"Pop! Vintage Furniture & Accessories, LLC",69fdef2cbf1df2fe96920b3f,"3rd312 - Westport Land & Management I, LLC",evidenceOfInsurance,Evidence of Insurance,excessOrUmbrellaLiability,Umbrella/Excess Liability,evidenceOfInsuranceExcessOrUmbrellaLiabilityOccurence,Coverage Trigger: Occurrence,,matchOnce,must be present,,,waived,Block Requirements,,,false,0,,2026-08-16
"Block Real Estate Services, LLC",6a1711956bce9a8c3c1c8eac,6a171003ee5ef0b8dcf522cf,"Pop! Vintage Furniture & Accessories, LLC",69fdef2cbf1df2fe96920b3f,"3rd312 - Westport Land & Management I, LLC",evidenceOfInsurance,Evidence of Insurance,excessOrUmbrellaLiability,Umbrella/Excess Liability,evidenceOfInsuranceExcessOrUmbrellaLiabilityEachOccurrence,Each Occurrence,,matchOnce,must be greater or equal to,1000000,,waived,Block Requirements,,,false,0,,2026-08-16
"Block Real Estate Services, LLC",6a1711956bce9a8c3c1c8eac,6a171003ee5ef0b8dcf522cf,"Pop! Vintage Furniture & Accessories, LLC",69fdef2cbf1df2fe96920b3f,"3rd312 - Westport Land & Management I, LLC",evidenceOfInsurance,Evidence of Insurance,excessOrUmbrellaLiability,Umbrella/Excess Liability,evidenceOfInsuranceExcessOrUmbrellaLiabilityAggregate,Aggregate,,matchOnce,must be greater or equal to,1000000,,waived,Block Requirements,,,false,0,,2026-08-16
"Block Real Estate Services, LLC",6a1711956bce9a8c3c1c8eac,6a171003ee5ef0b8dcf522cf,"Pop! Vintage Furniture & Accessories, LLC",69fdef2cbf1df2fe96920b3f,"3rd312 - Westport Land & Management I, LLC",evidenceOfInsurance,Evidence of Insurance,workersCompensation,Workers' Compensation and Employer's Liability,evidenceOfInsuranceWorkersCompensationStatutoryLimits,Statutory Limits,,matchOnce,must be present,,,waived,Block Requirements,,,false,0,,2026-08-16
"Block Real Estate Services, LLC",6a1711956bce9a8c3c1c8eac,6a171003ee5ef0b8dcf522cf,"Pop! Vintage Furniture & Accessories, LLC",69fdef2cbf1df2fe96920b3f,"3rd312 - Westport Land & Management I, LLC",evidenceOfInsurance,Evidence of Insurance,workersCompensation,Workers' Compensation and Employer's Liability,evidenceOfInsuranceWorkersCompensationEmployersLiabilityEachAccident,Employer's Liability Each Accident,,matchOnce,must be greater or equal to,500000,,waived,Block Requirements,,,false,0,,2026-08-16
"Block Real Estate Services, LLC",6a1711956bce9a8c3c1c8eac,6a171003ee5ef0b8dcf522cf,"Pop! Vintage Furniture & Accessories, LLC",69fdef2cbf1df2fe96920b3f,"3rd312 - Westport Land & Management I, LLC",evidenceOfInsurance,Evidence of Insurance,workersCompensation,Workers' Compensation and Employer's Liability,evidenceOfInsuranceWorkersCompensationEmployersLiabilityDiseaseEachEmployee,Employer's Liability Disease - each employee,,matchOnce,must be greater or equal to,500000,,waived,Block Requirements,,,false,0,,2026-08-16
"Block Real Estate Services, LLC",6a1711956bce9a8c3c1c8eac,6a171003ee5ef0b8dcf522cf,"Pop! Vintage Furniture & Accessories, LLC",69fdef2cbf1df2fe96920b3f,"3rd312 - Westport Land & Management I, LLC",evidenceOfInsurance,Evidence of Insurance,workersCompensation,Workers' Compensation and Employer's Liability,evidenceOfInsuranceWorkersCompensationEmployersLiabilityDiseasePolicyLimit,Employer's Liability Disease - policy limit,,matchOnce,must be greater or equal to,500000,,waived,Block Requirements,,,false,0,,2026-08-16
"Block Real Estate Services, LLC",6a1711956bce9a8c3c1c8eac,6a171003ee5ef0b8dcf522cf,"Pop! Vintage Furniture & Accessories, LLC",69fdef2cbf1df2fe96920b3f,"3rd312 - Westport Land & Management I, LLC",evidenceOfInsurance,Evidence of Insurance,workersCompensation,Workers' Compensation and Employer's Liability,evidenceOfInsuranceWorkersCompensationWaiverOfSubrogationEndorsement,Waiver of Subrogation,"---prompt---
Determine if the insurer has waived their right of subrogation in favor of the certificate holder under the Workers' Compensation policy. Evidence may include: a checked ""Waiver of Subrogation"" box on the certificate, mention in the Description of Operations section stating ""waiver of subrogation applies"", or reference to form WC 00 03 13. Look for language like ""subrogation is waived"" or ""per written contract"".",matchOnce,must be present,,,waived,Block Requirements,,,false,0,,2026-08-16
"Block Real Estate Services, LLC",6a1711956bce9a8c3c1c8eac,6a171003ee5ef0b8dcf522cf,"Pop! Vintage Furniture & Accessories, LLC",69fdef2cbf1df2fe96920b3f,"3rd312 - Westport Land & Management I, LLC",evidenceOfInsurance,Evidence of Insurance,6ac20aae-5728-5d57-b364-aeba38527dba,Additional Requirements,4da5b0f1-4c9d-5885-8cf8-5d3cccaed3e0,"Block Real Estate Services, LLC and all others required by contract are named as Additional Insureds","---prompt---
Determine if the Description of Operations or the Additional Remarks Schedule section states the ""Additional Insured as Construction Management, Inc. and all others required by contract"" or reference to blanket additional insured coverage. Look for language like ""certificate holder is additional insured"" or ""per written contract"".",matchOnce,must be present,,,non_compliant,Block Requirements,,,true,0,,2026-08-16
"Block Real Estate Services, LLC",6a1711956bce9a8c3c1c8eac,6a171003ee5ef0b8dcf522cf,"Pop! Vintage Furniture & Accessories, LLC",69fdef2cbf1df2fe96920b3f,"3rd312 - Westport Land & Management I, LLC",evidenceOfInsurance,Evidence of Insurance,6ac20aae-5728-5d57-b364-aeba38527dba,Additional Requirements,e1017741-e47e-5f58-97b8-fbc3043e919f,Umbrella follows form over General Liability,"---prompt---
Determine if the Umbrella/Excess Liability policy follows form to the underlying policies. Evidence may include: language in the Description of Operations section stating the umbrella follows form to underlying coverages or an additional page endorsement stating that it follows form. Follow form means the umbrella policy adopts the same terms, conditions, and exclusions as the underlying policies.",matchOnce,must be present,,,waived,Block Requirements,Umbrella not a requirement in the lease,,true,0,,2026-08-16
"Block Real Estate Services, LLC",6a1711956bce9a8c3c1c8eac,6a171003ee5ef0b8dcf522cf,"Pop! Vintage Furniture & Accessories, LLC",69fdef2cbf1df2fe96920b3f,"3rd312 - Westport Land & Management I, LLC",evidenceOfInsurance,Evidence of Insurance,6ac20aae-5728-5d57-b364-aeba38527dba,Additional Requirements,2cdd866f-c9a4-576a-afd8-1d045762790c,"The location must be listed as: 310-1 & 312-1 Westport Road, Kansas City, MO, 64111",,matchOnce,must be present,,,non_compliant,Block Requirements,,,true,0,,2026-08-16
"Block Real Estate Services, LLC",6a1711956bce9a8c3c1c8eac,6a171003ee5ef0b8dcf522cf,"Pop! Vintage Furniture & Accessories, LLC",69fdef2cbf1df2fe96920b3f,"3rd312 - Westport Land & Management I, LLC",evidenceOfInsurance,Evidence of Insurance,6ac20aae-5728-5d57-b364-aeba38527dba,Additional Requirements,3649e9d1-4e09-59bf-8f30-cb33c40cf117,"Certificate Holder must read: c/o Block Real Estate Services, LLC, 4622 Pennsylvania St., Suite 700, Kansas City, MO, 64112",,matchOnce,must be present,,,non_compliant,Block Requirements,,,true,0,,2026-08-16
"Block Real Estate Services, LLC",6a1711b76bce9a8c3c1c8f3e,6a171027da8b48075226e443,Wearhouse Vintage / Madalynn Ramirez & Lily Davis,69fdef2cbf1df2fe96920b3f,"3rd312 - Westport Land & Management I, LLC",evidenceOfInsurance,Evidence of Insurance,commercialGeneralLiability,Commercial General Liability,evidenceOfInsuranceCommercialGeneralLiabilityCoverageTriggerOccurrence,Coverage Trigger: Occurrence,,matchOnce,must be present,,,non_compliant,Block Requirements,,,false,0,,2026-08-16
"Block Real Estate Services, LLC",6a1711b76bce9a8c3c1c8f3e,6a171027da8b48075226e443,Wearhouse Vintage / Madalynn Ramirez & Lily Davis,69fdef2cbf1df2fe96920b3f,"3rd312 - Westport Land & Management I, LLC",evidenceOfInsurance,Evidence of Insurance,commercialGeneralLiability,Commercial General Liability,evidenceOfInsuranceCommercialGeneralLiabilityGeneralAggregateLimitAppliesPerLocation,General Aggregate Limit Applies per: Location,,matchOnce,must be present,,,non_compliant,Block Requirements,,,false,0,,2026-08-16
"Block Real Estate Services, LLC",6a1711b76bce9a8c3c1c8f3e,6a171027da8b48075226e443,Wearhouse Vintage / Madalynn Ramirez & Lily Davis,69fdef2cbf1df2fe96920b3f,"3rd312 - Westport Land & Management I, LLC",evidenceOfInsurance,Evidence of Insurance,commercialGeneralLiability,Commercial General Liability,evidenceOfInsuranceCommercialGeneralLiabilityEachOccurrence,Each Occurrence,,matchOnce,must be greater or equal to,1000000,,non_compliant,Block Requirements,,,false,0,,2026-08-16
"Block Real Estate Services, LLC",6a1711b76bce9a8c3c1c8f3e,6a171027da8b48075226e443,Wearhouse Vintage / Madalynn Ramirez & Lily Davis,69fdef2cbf1df2fe96920b3f,"3rd312 - Westport Land & Management I, LLC",evidenceOfInsurance,Evidence of Insurance,commercialGeneralLiability,Commercial General Liability,evidenceOfInsuranceCommercialGeneralLiabilityGeneralAggregate,General Aggregate,,matchOnce,must be greater or equal to,2000000,,non_compliant,Block Requirements,,,false,0,,2026-08-16
"Block Real Estate Services, LLC",6a1711b76bce9a8c3c1c8f3e,6a171027da8b48075226e443,Wearhouse Vintage / Madalynn Ramirez & Lily Davis,69fdef2cbf1df2fe96920b3f,"3rd312 - Westport Land & Management I, LLC",evidenceOfInsurance,Evidence of Insurance,commercialGeneralLiability,Commercial General Liability,evidenceOfInsuranceCommercialGeneralLiabilityWaiverOfSubrogationEndorsement,Waiver of Subrogation,"---prompt---
Determine if the insurer has waived their right of subrogation in favor of the certificate holder under the Commercial General Liability policy. Evidence may include: a checked ""Waiver of Subrogation"" box on the certificate, mention in the Description of Operations section stating ""waiver of subrogation applies"", or reference to form CG 24 04. Look for language like ""subrogation is waived"" or ""per written contract"".",matchOnce,must be present,,,non_compliant,Block Requirements,,,false,0,,2026-08-16
"Block Real Estate Services, LLC",6a1711b76bce9a8c3c1c8f3e,6a171027da8b48075226e443,Wearhouse Vintage / Madalynn Ramirez & Lily Davis,69fdef2cbf1df2fe96920b3f,"3rd312 - Westport Land & Management I, LLC",evidenceOfInsurance,Evidence of Insurance,excessOrUmbrellaLiability,Umbrella/Excess Liability,evidenceOfInsuranceExcessOrUmbrellaLiabilityOccurence,Coverage Trigger: Occurrence,,matchOnce,must be present,,,non_compliant,Block Requirements,,,false,0,,2026-08-16
"Block Real Estate Services, LLC",6a1711b76bce9a8c3c1c8f3e,6a171027da8b48075226e443,Wearhouse Vintage / Madalynn Ramirez & Lily Davis,69fdef2cbf1df2fe96920b3f,"3rd312 - Westport Land & Management I, LLC",evidenceOfInsurance,Evidence of Insurance,excessOrUmbrellaLiability,Umbrella/Excess Liability,evidenceOfInsuranceExcessOrUmbrellaLiabilityEachOccurrence,Each Occurrence,,matchOnce,must be greater or equal to,1000000,,non_compliant,Block Requirements,,,false,0,,2026-08-16
"Block Real Estate Services, LLC",6a1711b76bce9a8c3c1c8f3e,6a171027da8b48075226e443,Wearhouse Vintage / Madalynn Ramirez & Lily Davis,69fdef2cbf1df2fe96920b3f,"3rd312 - Westport Land & Management I, LLC",evidenceOfInsurance,Evidence of Insurance,excessOrUmbrellaLiability,Umbrella/Excess Liability,evidenceOfInsuranceExcessOrUmbrellaLiabilityAggregate,Aggregate,,matchOnce,must be greater or equal to,1000000,,non_compliant,Block Requirements,,,false,0,,2026-08-16
"Block Real Estate Services, LLC",6a1711b76bce9a8c3c1c8f3e,6a171027da8b48075226e443,Wearhouse Vintage / Madalynn Ramirez & Lily Davis,69fdef2cbf1df2fe96920b3f,"3rd312 - Westport Land & Management I, LLC",evidenceOfInsurance,Evidence of Insurance,workersCompensation,Workers' Compensation and Employer's Liability,evidenceOfInsuranceWorkersCompensationStatutoryLimits,Statutory Limits,,matchOnce,must be present,,,non_compliant,Block Requirements,,,false,0,,2026-08-16
"Block Real Estate Services, LLC",6a1711b76bce9a8c3c1c8f3e,6a171027da8b48075226e443,Wearhouse Vintage / Madalynn Ramirez & Lily Davis,69fdef2cbf1df2fe96920b3f,"3rd312 - Westport Land & Management I, LLC",evidenceOfInsurance,Evidence of Insurance,workersCompensation,Workers' Compensation and Employer's Liability,evidenceOfInsuranceWorkersCompensationEmployersLiabilityEachAccident,Employer's Liability Each Accident,,matchOnce,must be greater or equal to,500000,,non_compliant,Block Requirements,,,false,0,,2026-08-16
"Block Real Estate Services, LLC",6a1711b76bce9a8c3c1c8f3e,6a171027da8b48075226e443,Wearhouse Vintage / Madalynn Ramirez & Lily Davis,69fdef2cbf1df2fe96920b3f,"3rd312 - Westport Land & Management I, LLC",evidenceOfInsurance,Evidence of Insurance,workersCompensation,Workers' Compensation and Employer's Liability,evidenceOfInsuranceWorkersCompensationEmployersLiabilityDiseaseEachEmployee,Employer's Liability Disease - each employee,,matchOnce,must be greater or equal to,500000,,non_compliant,Block Requirements,,,false,0,,2026-08-16
"Block Real Estate Services, LLC",6a1711b76bce9a8c3c1c8f3e,6a171027da8b48075226e443,Wearhouse Vintage / Madalynn Ramirez & Lily Davis,69fdef2cbf1df2fe96920b3f,"3rd312 - Westport Land & Management I, LLC",evidenceOfInsurance,Evidence of Insurance,workersCompensation,Workers' Compensation and Employer's Liability,evidenceOfInsuranceWorkersCompensationEmployersLiabilityDiseasePolicyLimit,Employer's Liability Disease - policy limit,,matchOnce,must be greater or equal to,500000,,non_compliant,Block Requirements,,,false,0,,2026-08-16
"Block Real Estate Services, LLC",6a1711b76bce9a8c3c1c8f3e,6a171027da8b48075226e443,Wearhouse Vintage / Madalynn Ramirez & Lily Davis,69fdef2cbf1df2fe96920b3f,"3rd312 - Westport Land & Management I, LLC",evidenceOfInsurance,Evidence of Insurance,workersCompensation,Workers' Compensation and Employer's Liability,evidenceOfInsuranceWorkersCompensationWaiverOfSubrogationEndorsement,Waiver of Subrogation,"---prompt---
Determine if the insurer has waived their right of subrogation in favor of the certificate holder under the Workers' Compensation policy. Evidence may include: a checked ""Waiver of Subrogation"" box on the certificate, mention in the Description of Operations section stating ""waiver of subrogation applies"", or reference to form WC 00 03 13. Look for language like ""subrogation is waived"" or ""per written contract"".",matchOnce,must be present,,,non_compliant,Block Requirements,,,false,0,,2026-08-16
"Block Real Estate Services, LLC",6a1711b76bce9a8c3c1c8f3e,6a171027da8b48075226e443,Wearhouse Vintage / Madalynn Ramirez & Lily Davis,69fdef2cbf1df2fe96920b3f,"3rd312 - Westport Land & Management I, LLC",evidenceOfInsurance,Evidence of Insurance,6ac20aae-5728-5d57-b364-aeba38527dba,Additional Requirements,4da5b0f1-4c9d-5885-8cf8-5d3cccaed3e0,"Block Real Estate Services, LLC and all others required by contract are named as Additional Insureds","---prompt---
Determine if the Description of Operations or the Additional Remarks Schedule section states the ""Additional Insured as Construction Management, Inc. and all others required by contract"" or reference to blanket additional insured coverage. Look for language like ""certificate holder is additional insured"" or ""per written contract"".",matchOnce,must be present,,,non_compliant,Block Requirements,,,true,0,,2026-08-16
"Block Real Estate Services, LLC",6a1711b76bce9a8c3c1c8f3e,6a171027da8b48075226e443,Wearhouse Vintage / Madalynn Ramirez & Lily Davis,69fdef2cbf1df2fe96920b3f,"3rd312 - Westport Land & Management I, LLC",evidenceOfInsurance,Evidence of Insurance,6ac20aae-5728-5d57-b364-aeba38527dba,Additional Requirements,e1017741-e47e-5f58-97b8-fbc3043e919f,Umbrella follows form over General Liability,"---prompt---
Determine if the Umbrella/Excess Liability policy follows form to the underlying policies. Evidence may include: language in the Description of Operations section stating the umbrella follows form to underlying coverages or an additional page endorsement stating that it follows form. Follow form means the umbrella policy adopts the same terms, conditions, and exclusions as the underlying policies.",matchOnce,must be present,,,non_compliant,Block Requirements,,,true,0,,2026-08-16
"Block Real Estate Services, LLC",6a1711b76bce9a8c3c1c8f3e,6a171027da8b48075226e443,Wearhouse Vintage / Madalynn Ramirez & Lily Davis,69fdef2cbf1df2fe96920b3f,"3rd312 - Westport Land & Management I, LLC",evidenceOfInsurance,Evidence of Insurance,6ac20aae-5728-5d57-b364-aeba38527dba,Additional Requirements,2cdd866f-c9a4-576a-afd8-1d045762790c,"The location must be listed as: 318-1 Westport Road, Kansas City, MO, 64111",,matchOnce,must be present,,,non_compliant,Block Requirements,,,true,0,,2026-08-16
"Block Real Estate Services, LLC",6a1711b76bce9a8c3c1c8f3e,6a171027da8b48075226e443,Wearhouse Vintage / Madalynn Ramirez & Lily Davis,69fdef2cbf1df2fe96920b3f,"3rd312 - Westport Land & Management I, LLC",evidenceOfInsurance,Evidence of Insurance,6ac20aae-5728-5d57-b364-aeba38527dba,Additional Requirements,3649e9d1-4e09-59bf-8f30-cb33c40cf117,"Certificate Holder must read: c/o Block Real Estate Services, LLC, 4622 Pennsylvania St., Suite 700, Kansas City, MO, 64112",,matchOnce,must be present,,,non_compliant,Block Requirements,,,true,0,,2026-08-16
"Block Real Estate Services, LLC",6a1711e0bf28cb6a86a2fb13,6a17103e4ee870c0f8575639,"WGN & Associates, LLC",69fdef2cbf1df2fe96920b3f,"3rd312 - Westport Land & Management I, LLC",evidenceOfInsurance,Evidence of Insurance,commercialGeneralLiability,Commercial General Liability,evidenceOfInsuranceCommercialGeneralLiabilityCoverageTriggerOccurrence,Coverage Trigger: Occurrence,,matchOnce,must be present,,Present,compliant,Block Requirements,,,false,1,,2026-08-16
"Block Real Estate Services, LLC",6a1711e0bf28cb6a86a2fb13,6a17103e4ee870c0f8575639,"WGN & Associates, LLC",69fdef2cbf1df2fe96920b3f,"3rd312 - Westport Land & Management I, LLC",evidenceOfInsurance,Evidence of Insurance,commercialGeneralLiability,Commercial General Liability,evidenceOfInsuranceCommercialGeneralLiabilityGeneralAggregateLimitAppliesPerLocation,General Aggregate Limit Applies per: Location,,matchOnce,must be present,,,waived,Block Requirements,Per location not a requirement in the lease,,false,0,,2026-08-16
"Block Real Estate Services, LLC",6a1711e0bf28cb6a86a2fb13,6a17103e4ee870c0f8575639,"WGN & Associates, LLC",69fdef2cbf1df2fe96920b3f,"3rd312 - Westport Land & Management I, LLC",evidenceOfInsurance,Evidence of Insurance,commercialGeneralLiability,Commercial General Liability,evidenceOfInsuranceCommercialGeneralLiabilityEachOccurrence,Each Occurrence,,matchOnce,must be greater or equal to,1000000,1000000,compliant,Block Requirements,,,false,1,,2026-08-16
"Block Real Estate Services, LLC",6a1711e0bf28cb6a86a2fb13,6a17103e4ee870c0f8575639,"WGN & Associates, LLC",69fdef2cbf1df2fe96920b3f,"3rd312 - Westport Land & Management I, LLC",evidenceOfInsurance,Evidence of Insurance,commercialGeneralLiability,Commercial General Liability,evidenceOfInsuranceCommercialGeneralLiabilityGeneralAggregate,General Aggregate,,matchOnce,must be greater or equal to,2000000,2000000,compliant,Block Requirements,,,false,1,,2026-08-16
"Block Real Estate Services, LLC",6a1711e0bf28cb6a86a2fb13,6a17103e4ee870c0f8575639,"WGN & Associates, LLC",69fdef2cbf1df2fe96920b3f,"3rd312 - Westport Land & Management I, LLC",evidenceOfInsurance,Evidence of Insurance,commercialGeneralLiability,Commercial General Liability,evidenceOfInsuranceCommercialGeneralLiabilityWaiverOfSubrogationEndorsement,Waiver of Subrogation,"---prompt---
Determine if the insurer has waived their right of subrogation in favor of the certificate holder under the Commercial General Liability policy. Evidence may include: a checked ""Waiver of Subrogation"" box on the certificate, mention in the Description of Operations section stating ""waiver of subrogation applies"", or reference to form CG 24 04. Look for language like ""subrogation is waived"" or ""per written contract"".",matchOnce,must be present,,Present,compliant,Block Requirements,,,false,1,,2026-08-16
"Block Real Estate Services, LLC",6a1711e0bf28cb6a86a2fb13,6a17103e4ee870c0f8575639,"WGN & Associates, LLC",69fdef2cbf1df2fe96920b3f,"3rd312 - Westport Land & Management I, LLC",evidenceOfInsurance,Evidence of Insurance,excessOrUmbrellaLiability,Umbrella/Excess Liability,evidenceOfInsuranceExcessOrUmbrellaLiabilityOccurence,Coverage Trigger: Occurrence,,matchOnce,must be present,,,waived,Block Requirements,,,false,0,,2026-08-16
"Block Real Estate Services, LLC",6a1711e0bf28cb6a86a2fb13,6a17103e4ee870c0f8575639,"WGN & Associates, LLC",69fdef2cbf1df2fe96920b3f,"3rd312 - Westport Land & Management I, LLC",evidenceOfInsurance,Evidence of Insurance,excessOrUmbrellaLiability,Umbrella/Excess Liability,evidenceOfInsuranceExcessOrUmbrellaLiabilityEachOccurrence,Each Occurrence,,matchOnce,must be greater or equal to,1000000,,waived,Block Requirements,,,false,0,,2026-08-16
"Block Real Estate Services, LLC",6a1711e0bf28cb6a86a2fb13,6a17103e4ee870c0f8575639,"WGN & Associates, LLC",69fdef2cbf1df2fe96920b3f,"3rd312 - Westport Land & Management I, LLC",evidenceOfInsurance,Evidence of Insurance,excessOrUmbrellaLiability,Umbrella/Excess Liability,evidenceOfInsuranceExcessOrUmbrellaLiabilityAggregate,Aggregate,,matchOnce,must be greater or equal to,1000000,,waived,Block Requirements,,,false,0,,2026-08-16
"Block Real Estate Services, LLC",6a1711e0bf28cb6a86a2fb13,6a17103e4ee870c0f8575639,"WGN & Associates, LLC",69fdef2cbf1df2fe96920b3f,"3rd312 - Westport Land & Management I, LLC",evidenceOfInsurance,Evidence of Insurance,workersCompensation,Workers' Compensation and Employer's Liability,evidenceOfInsuranceWorkersCompensationStatutoryLimits,Statutory Limits,,matchOnce,must be present,,Present,waived,Block Requirements,,,false,1,,2026-08-16
"Block Real Estate Services, LLC",6a1711e0bf28cb6a86a2fb13,6a17103e4ee870c0f8575639,"WGN & Associates, LLC",69fdef2cbf1df2fe96920b3f,"3rd312 - Westport Land & Management I, LLC",evidenceOfInsurance,Evidence of Insurance,workersCompensation,Workers' Compensation and Employer's Liability,evidenceOfInsuranceWorkersCompensationEmployersLiabilityEachAccident,Employer's Liability Each Accident,,matchOnce,must be greater or equal to,500000,1000000,waived,Block Requirements,,,false,1,,2026-08-16
"Block Real Estate Services, LLC",6a1711e0bf28cb6a86a2fb13,6a17103e4ee870c0f8575639,"WGN & Associates, LLC",69fdef2cbf1df2fe96920b3f,"3rd312 - Westport Land & Management I, LLC",evidenceOfInsurance,Evidence of Insurance,workersCompensation,Workers' Compensation and Employer's Liability,evidenceOfInsuranceWorkersCompensationEmployersLiabilityDiseaseEachEmployee,Employer's Liability Disease - each employee,,matchOnce,must be greater or equal to,500000,1000000,waived,Block Requirements,,,false,1,,2026-08-16
"Block Real Estate Services, LLC",6a1711e0bf28cb6a86a2fb13,6a17103e4ee870c0f8575639,"WGN & Associates, LLC",69fdef2cbf1df2fe96920b3f,"3rd312 - Westport Land & Management I, LLC",evidenceOfInsurance,Evidence of Insurance,workersCompensation,Workers' Compensation and Employer's Liability,evidenceOfInsuranceWorkersCompensationEmployersLiabilityDiseasePolicyLimit,Employer's Liability Disease - policy limit,,matchOnce,must be greater or equal to,500000,1000000,waived,Block Requirements,,,false,1,,2026-08-16
"Block Real Estate Services, LLC",6a1711e0bf28cb6a86a2fb13,6a17103e4ee870c0f8575639,"WGN & Associates, LLC",69fdef2cbf1df2fe96920b3f,"3rd312 - Westport Land & Management I, LLC",evidenceOfInsurance,Evidence of Insurance,workersCompensation,Workers' Compensation and Employer's Liability,evidenceOfInsuranceWorkersCompensationWaiverOfSubrogationEndorsement,Waiver of Subrogation,"---prompt---
Determine if the insurer has waived their right of subrogation in favor of the certificate holder under the Workers' Compensation policy. Evidence may include: a checked ""Waiver of Subrogation"" box on the certificate, mention in the Description of Operations section stating ""waiver of subrogation applies"", or reference to form WC 00 03 13. Look for language like ""subrogation is waived"" or ""per written contract"".",matchOnce,must be present,,,waived,Block Requirements,,,false,0,,2026-08-16
"Block Real Estate Services, LLC",6a1711e0bf28cb6a86a2fb13,6a17103e4ee870c0f8575639,"WGN & Associates, LLC",69fdef2cbf1df2fe96920b3f,"3rd312 - Westport Land & Management I, LLC",evidenceOfInsurance,Evidence of Insurance,6ac20aae-5728-5d57-b364-aeba38527dba,Additional Requirements,4da5b0f1-4c9d-5885-8cf8-5d3cccaed3e0,"Block Real Estate Services, LLC and all others required by contract are named as Additional Insureds","---prompt---
Determine if the Description of Operations or the Additional Remarks Schedule section states the ""Additional Insured as Construction Management, Inc. and all others required by contract"" or reference to blanket additional insured coverage. Look for language like ""certificate holder is additional insured"" or ""per written contract"".",matchOnce,must be present,,Present,compliant,Block Requirements,,,true,1,,2026-08-16
"Block Real Estate Services, LLC",6a1711e0bf28cb6a86a2fb13,6a17103e4ee870c0f8575639,"WGN & Associates, LLC",69fdef2cbf1df2fe96920b3f,"3rd312 - Westport Land & Management I, LLC",evidenceOfInsurance,Evidence of Insurance,6ac20aae-5728-5d57-b364-aeba38527dba,Additional Requirements,e1017741-e47e-5f58-97b8-fbc3043e919f,Umbrella follows form over General Liability,"---prompt---
Determine if the Umbrella/Excess Liability policy follows form to the underlying policies. Evidence may include: language in the Description of Operations section stating the umbrella follows form to underlying coverages or an additional page endorsement stating that it follows form. Follow form means the umbrella policy adopts the same terms, conditions, and exclusions as the underlying policies.",matchOnce,must be present,,,waived,Block Requirements,Umbrella Liability not a requirement in the lease,,true,0,,2026-08-16
"Block Real Estate Services, LLC",6a1711e0bf28cb6a86a2fb13,6a17103e4ee870c0f8575639,"WGN & Associates, LLC",69fdef2cbf1df2fe96920b3f,"3rd312 - Westport Land & Management I, LLC",evidenceOfInsurance,Evidence of Insurance,6ac20aae-5728-5d57-b364-aeba38527dba,Additional Requirements,2cdd866f-c9a4-576a-afd8-1d045762790c,"The location must be listed as: 4051-2-2 Broadway (Office), Kansas City, MO, 64111",,matchOnce,must be present,,Present,compliant,Block Requirements,,,true,1,,2026-08-16
"Block Real Estate Services, LLC",6a1711e0bf28cb6a86a2fb13,6a17103e4ee870c0f8575639,"WGN & Associates, LLC",69fdef2cbf1df2fe96920b3f,"3rd312 - Westport Land & Management I, LLC",evidenceOfInsurance,Evidence of Insurance,6ac20aae-5728-5d57-b364-aeba38527dba,Additional Requirements,3649e9d1-4e09-59bf-8f30-cb33c40cf117,"Certificate Holder must read: c/o Block Real Estate Services, LLC, 4622 Pennsylvania St., Suite 700, Kansas City, MO, 64112",,matchOnce,must be present,,Present,compliant,Block Requirements,,,true,1,,2026-08-16
"Block Real Estate Services, LLC",6a1711e6bf28cb6a86a2fb47,6a17103e4ee870c0f8575639,"WGN & Associates, LLC",69fdef2cbf1df2fe96920b3f,"3rd312 - Westport Land & Management I, LLC",evidenceOfInsurance,Evidence of Insurance,commercialGeneralLiability,Commercial General Liability,evidenceOfInsuranceCommercialGeneralLiabilityCoverageTriggerOccurrence,Coverage Trigger: Occurrence,,matchOnce,must be present,,Present,compliant,Block Requirements,,,false,1,,2026-08-16
"Block Real Estate Services, LLC",6a1711e6bf28cb6a86a2fb47,6a17103e4ee870c0f8575639,"WGN & Associates, LLC",69fdef2cbf1df2fe96920b3f,"3rd312 - Westport Land & Management I, LLC",evidenceOfInsurance,Evidence of Insurance,commercialGeneralLiability,Commercial General Liability,evidenceOfInsuranceCommercialGeneralLiabilityGeneralAggregateLimitAppliesPerLocation,General Aggregate Limit Applies per: Location,,matchOnce,must be present,,,waived,Block Requirements,Per location not a requirement in the lease,,false,0,,2026-08-16
"Block Real Estate Services, LLC",6a1711e6bf28cb6a86a2fb47,6a17103e4ee870c0f8575639,"WGN & Associates, LLC",69fdef2cbf1df2fe96920b3f,"3rd312 - Westport Land & Management I, LLC",evidenceOfInsurance,Evidence of Insurance,commercialGeneralLiability,Commercial General Liability,evidenceOfInsuranceCommercialGeneralLiabilityEachOccurrence,Each Occurrence,,matchOnce,must be greater or equal to,1000000,1000000,compliant,Block Requirements,,,false,1,,2026-08-16
"Block Real Estate Services, LLC",6a1711e6bf28cb6a86a2fb47,6a17103e4ee870c0f8575639,"WGN & Associates, LLC",69fdef2cbf1df2fe96920b3f,"3rd312 - Westport Land & Management I, LLC",evidenceOfInsurance,Evidence of Insurance,commercialGeneralLiability,Commercial General Liability,evidenceOfInsuranceCommercialGeneralLiabilityGeneralAggregate,General Aggregate,,matchOnce,must be greater or equal to,2000000,2000000,compliant,Block Requirements,,,false,1,,2026-08-16
"Block Real Estate Services, LLC",6a1711e6bf28cb6a86a2fb47,6a17103e4ee870c0f8575639,"WGN & Associates, LLC",69fdef2cbf1df2fe96920b3f,"3rd312 - Westport Land & Management I, LLC",evidenceOfInsurance,Evidence of Insurance,commercialGeneralLiability,Commercial General Liability,evidenceOfInsuranceCommercialGeneralLiabilityWaiverOfSubrogationEndorsement,Waiver of Subrogation,"---prompt---
Determine if the insurer has waived their right of subrogation in favor of the certificate holder under the Commercial General Liability policy. Evidence may include: a checked ""Waiver of Subrogation"" box on the certificate, mention in the Description of Operations section stating ""waiver of subrogation applies"", or reference to form CG 24 04. Look for language like ""subrogation is waived"" or ""per written contract"".",matchOnce,must be present,,Present,compliant,Block Requirements,,,false,1,,2026-08-16
"Block Real Estate Services, LLC",6a1711e6bf28cb6a86a2fb47,6a17103e4ee870c0f8575639,"WGN & Associates, LLC",69fdef2cbf1df2fe96920b3f,"3rd312 - Westport Land & Management I, LLC",evidenceOfInsurance,Evidence of Insurance,excessOrUmbrellaLiability,Umbrella/Excess Liability,evidenceOfInsuranceExcessOrUmbrellaLiabilityOccurence,Coverage Trigger: Occurrence,,matchOnce,must be present,,,waived,Block Requirements,,,false,0,,2026-08-16
"Block Real Estate Services, LLC",6a1711e6bf28cb6a86a2fb47,6a17103e4ee870c0f8575639,"WGN & Associates, LLC",69fdef2cbf1df2fe96920b3f,"3rd312 - Westport Land & Management I, LLC",evidenceOfInsurance,Evidence of Insurance,excessOrUmbrellaLiability,Umbrella/Excess Liability,evidenceOfInsuranceExcessOrUmbrellaLiabilityEachOccurrence,Each Occurrence,,matchOnce,must be greater or equal to,1000000,,waived,Block Requirements,,,false,0,,2026-08-16
"Block Real Estate Services, LLC",6a1711e6bf28cb6a86a2fb47,6a17103e4ee870c0f8575639,"WGN & Associates, LLC",69fdef2cbf1df2fe96920b3f,"3rd312 - Westport Land & Management I, LLC",evidenceOfInsurance,Evidence of Insurance,excessOrUmbrellaLiability,Umbrella/Excess Liability,evidenceOfInsuranceExcessOrUmbrellaLiabilityAggregate,Aggregate,,matchOnce,must be greater or equal to,1000000,,waived,Block Requirements,,,false,0,,2026-08-16
"Block Real Estate Services, LLC",6a1711e6bf28cb6a86a2fb47,6a17103e4ee870c0f8575639,"WGN & Associates, LLC",69fdef2cbf1df2fe96920b3f,"3rd312 - Westport Land & Management I, LLC",evidenceOfInsurance,Evidence of Insurance,workersCompensation,Workers' Compensation and Employer's Liability,evidenceOfInsuranceWorkersCompensationStatutoryLimits,Statutory Limits,,matchOnce,must be present,,Present,waived,Block Requirements,,,false,1,,2026-08-16
"Block Real Estate Services, LLC",6a1711e6bf28cb6a86a2fb47,6a17103e4ee870c0f8575639,"WGN & Associates, LLC",69fdef2cbf1df2fe96920b3f,"3rd312 - Westport Land & Management I, LLC",evidenceOfInsurance,Evidence of Insurance,workersCompensation,Workers' Compensation and Employer's Liability,evidenceOfInsuranceWorkersCompensationEmployersLiabilityEachAccident,Employer's Liability Each Accident,,matchOnce,must be greater or equal to,500000,1000000,waived,Block Requirements,,,false,1,,2026-08-16
"Block Real Estate Services, LLC",6a1711e6bf28cb6a86a2fb47,6a17103e4ee870c0f8575639,"WGN & Associates, LLC",69fdef2cbf1df2fe96920b3f,"3rd312 - Westport Land & Management I, LLC",evidenceOfInsurance,Evidence of Insurance,workersCompensation,Workers' Compensation and Employer's Liability,evidenceOfInsuranceWorkersCompensationEmployersLiabilityDiseaseEachEmployee,Employer's Liability Disease - each employee,,matchOnce,must be greater or equal to,500000,1000000,waived,Block Requirements,,,false,1,,2026-08-16
"Block Real Estate Services, LLC",6a1711e6bf28cb6a86a2fb47,6a17103e4ee870c0f8575639,"WGN & Associates, LLC",69fdef2cbf1df2fe96920b3f,"3rd312 - Westport Land & Management I, LLC",evidenceOfInsurance,Evidence of Insurance,workersCompensation,Workers' Compensation and Employer's Liability,evidenceOfInsuranceWorkersCompensationEmployersLiabilityDiseasePolicyLimit,Employer's Liability Disease - policy limit,,matchOnce,must be greater or equal to,500000,1000000,waived,Block Requirements,,,false,1,,2026-08-16
"Block Real Estate Services, LLC",6a1711e6bf28cb6a86a2fb47,6a17103e4ee870c0f8575639,"WGN & Associates, LLC",69fdef2cbf1df2fe96920b3f,"3rd312 - Westport Land & Management I, LLC",evidenceOfInsurance,Evidence of Insurance,workersCompensation,Workers' Compensation and Employer's Liability,evidenceOfInsuranceWorkersCompensationWaiverOfSubrogationEndorsement,Waiver of Subrogation,"---prompt---
Determine if the insurer has waived their right of subrogation in favor of the certificate holder under the Workers' Compensation policy. Evidence may include: a checked ""Waiver of Subrogation"" box on the certificate, mention in the Description of Operations section stating ""waiver of subrogation applies"", or reference to form WC 00 03 13. Look for language like ""subrogation is waived"" or ""per written contract"".",matchOnce,must be present,,,waived,Block Requirements,,,false,0,,2026-08-16
"Block Real Estate Services, LLC",6a1711e6bf28cb6a86a2fb47,6a17103e4ee870c0f8575639,"WGN & Associates, LLC",69fdef2cbf1df2fe96920b3f,"3rd312 - Westport Land & Management I, LLC",evidenceOfInsurance,Evidence of Insurance,6ac20aae-5728-5d57-b364-aeba38527dba,Additional Requirements,4da5b0f1-4c9d-5885-8cf8-5d3cccaed3e0,"Block Real Estate Services, LLC and all others required by contract are named as Additional Insureds","---prompt---
Determine if the Description of Operations or the Additional Remarks Schedule section states the ""Additional Insured as Construction Management, Inc. and all others required by contract"" or reference to blanket additional insured coverage. Look for language like ""certificate holder is additional insured"" or ""per written contract"".",matchOnce,must be present,,Present,compliant,Block Requirements,,,true,1,,2026-08-16
"Block Real Estate Services, LLC",6a1711e6bf28cb6a86a2fb47,6a17103e4ee870c0f8575639,"WGN & Associates, LLC",69fdef2cbf1df2fe96920b3f,"3rd312 - Westport Land & Management I, LLC",evidenceOfInsurance,Evidence of Insurance,6ac20aae-5728-5d57-b364-aeba38527dba,Additional Requirements,e1017741-e47e-5f58-97b8-fbc3043e919f,Umbrella follows form over General Liability,"---prompt---
Determine if the Umbrella/Excess Liability policy follows form to the underlying policies. Evidence may include: language in the Description of Operations section stating the umbrella follows form to underlying coverages or an additional page endorsement stating that it follows form. Follow form means the umbrella policy adopts the same terms, conditions, and exclusions as the underlying policies.",matchOnce,must be present,,,waived,Block Requirements,Umbrella Liability not a requirement in the lease,,true,0,,2026-08-16
"Block Real Estate Services, LLC",6a1711e6bf28cb6a86a2fb47,6a17103e4ee870c0f8575639,"WGN & Associates, LLC",69fdef2cbf1df2fe96920b3f,"3rd312 - Westport Land & Management I, LLC",evidenceOfInsurance,Evidence of Insurance,6ac20aae-5728-5d57-b364-aeba38527dba,Additional Requirements,2cdd866f-c9a4-576a-afd8-1d045762790c,"The location must be listed as: 4051-2-3 Broadway (Office), Kansas City, MO, 64111",,matchOnce,must be present,,Present,compliant,Block Requirements,,,true,1,,2026-08-16
"Block Real Estate Services, LLC",6a1711e6bf28cb6a86a2fb47,6a17103e4ee870c0f8575639,"WGN & Associates, LLC",69fdef2cbf1df2fe96920b3f,"3rd312 - Westport Land & Management I, LLC",evidenceOfInsurance,Evidence of Insurance,6ac20aae-5728-5d57-b364-aeba38527dba,Additional Requirements,3649e9d1-4e09-59bf-8f30-cb33c40cf117,"Certificate Holder must read: c/o Block Real Estate Services, LLC, 4622 Pennsylvania St., Suite 700, Kansas City, MO, 64112",,matchOnce,must be present,,Present,compliant,Block Requirements,,,true,1,,2026-08-16
"Block Real Estate Services, LLC",6a1711ec32d89b0ceba80e8c,6a17103e4ee870c0f8575639,"WGN & Associates, LLC",69fdef2cbf1df2fe96920b3f,"3rd312 - Westport Land & Management I, LLC",evidenceOfInsurance,Evidence of Insurance,commercialGeneralLiability,Commercial General Liability,evidenceOfInsuranceCommercialGeneralLiabilityCoverageTriggerOccurrence,Coverage Trigger: Occurrence,,matchOnce,must be present,,Present,compliant,Block Requirements,,,false,1,,2026-08-16
"Block Real Estate Services, LLC",6a1711ec32d89b0ceba80e8c,6a17103e4ee870c0f8575639,"WGN & Associates, LLC",69fdef2cbf1df2fe96920b3f,"3rd312 - Westport Land & Management I, LLC",evidenceOfInsurance,Evidence of Insurance,commercialGeneralLiability,Commercial General Liability,evidenceOfInsuranceCommercialGeneralLiabilityGeneralAggregateLimitAppliesPerLocation,General Aggregate Limit Applies per: Location,,matchOnce,must be present,,,waived,Block Requirements,Per location not a requirement in the lease,,false,0,,2026-08-16
"Block Real Estate Services, LLC",6a1711ec32d89b0ceba80e8c,6a17103e4ee870c0f8575639,"WGN & Associates, LLC",69fdef2cbf1df2fe96920b3f,"3rd312 - Westport Land & Management I, LLC",evidenceOfInsurance,Evidence of Insurance,commercialGeneralLiability,Commercial General Liability,evidenceOfInsuranceCommercialGeneralLiabilityEachOccurrence,Each Occurrence,,matchOnce,must be greater or equal to,1000000,1000000,compliant,Block Requirements,,,false,1,,2026-08-16
"Block Real Estate Services, LLC",6a1711ec32d89b0ceba80e8c,6a17103e4ee870c0f8575639,"WGN & Associates, LLC",69fdef2cbf1df2fe96920b3f,"3rd312 - Westport Land & Management I, LLC",evidenceOfInsurance,Evidence of Insurance,commercialGeneralLiability,Commercial General Liability,evidenceOfInsuranceCommercialGeneralLiabilityGeneralAggregate,General Aggregate,,matchOnce,must be greater or equal to,2000000,2000000,compliant,Block Requirements,,,false,1,,2026-08-16
"Block Real Estate Services, LLC",6a1711ec32d89b0ceba80e8c,6a17103e4ee870c0f8575639,"WGN & Associates, LLC",69fdef2cbf1df2fe96920b3f,"3rd312 - Westport Land & Management I, LLC",evidenceOfInsurance,Evidence of Insurance,commercialGeneralLiability,Commercial General Liability,evidenceOfInsuranceCommercialGeneralLiabilityWaiverOfSubrogationEndorsement,Waiver of Subrogation,"---prompt---
Determine if the insurer has waived their right of subrogation in favor of the certificate holder under the Commercial General Liability policy. Evidence may include: a checked ""Waiver of Subrogation"" box on the certificate, mention in the Description of Operations section stating ""waiver of subrogation applies"", or reference to form CG 24 04. Look for language like ""subrogation is waived"" or ""per written contract"".",matchOnce,must be present,,Present,compliant,Block Requirements,,,false,1,,2026-08-16
"Block Real Estate Services, LLC",6a1711ec32d89b0ceba80e8c,6a17103e4ee870c0f8575639,"WGN & Associates, LLC",69fdef2cbf1df2fe96920b3f,"3rd312 - Westport Land & Management I, LLC",evidenceOfInsurance,Evidence of Insurance,excessOrUmbrellaLiability,Umbrella/Excess Liability,evidenceOfInsuranceExcessOrUmbrellaLiabilityOccurence,Coverage Trigger: Occurrence,,matchOnce,must be present,,,waived,Block Requirements,,,false,0,,2026-08-16
"Block Real Estate Services, LLC",6a1711ec32d89b0ceba80e8c,6a17103e4ee870c0f8575639,"WGN & Associates, LLC",69fdef2cbf1df2fe96920b3f,"3rd312 - Westport Land & Management I, LLC",evidenceOfInsurance,Evidence of Insurance,excessOrUmbrellaLiability,Umbrella/Excess Liability,evidenceOfInsuranceExcessOrUmbrellaLiabilityEachOccurrence,Each Occurrence,,matchOnce,must be greater or equal to,1000000,,waived,Block Requirements,,,false,0,,2026-08-16
"Block Real Estate Services, LLC",6a1711ec32d89b0ceba80e8c,6a17103e4ee870c0f8575639,"WGN & Associates, LLC",69fdef2cbf1df2fe96920b3f,"3rd312 - Westport Land & Management I, LLC",evidenceOfInsurance,Evidence of Insurance,excessOrUmbrellaLiability,Umbrella/Excess Liability,evidenceOfInsuranceExcessOrUmbrellaLiabilityAggregate,Aggregate,,matchOnce,must be greater or equal to,1000000,,waived,Block Requirements,,,false,0,,2026-08-16
"Block Real Estate Services, LLC",6a1711ec32d89b0ceba80e8c,6a17103e4ee870c0f8575639,"WGN & Associates, LLC",69fdef2cbf1df2fe96920b3f,"3rd312 - Westport Land & Management I, LLC",evidenceOfInsurance,Evidence of Insurance,workersCompensation,Workers' Compensation and Employer's Liability,evidenceOfInsuranceWorkersCompensationStatutoryLimits,Statutory Limits,,matchOnce,must be present,,Present,waived,Block Requirements,,,false,1,,2026-08-16
"Block Real Estate Services, LLC",6a1711ec32d89b0ceba80e8c,6a17103e4ee870c0f8575639,"WGN & Associates, LLC",69fdef2cbf1df2fe96920b3f,"3rd312 - Westport Land & Management I, LLC",evidenceOfInsurance,Evidence of Insurance,workersCompensation,Workers' Compensation and Employer's Liability,evidenceOfInsuranceWorkersCompensationEmployersLiabilityEachAccident,Employer's Liability Each Accident,,matchOnce,must be greater or equal to,500000,1000000,waived,Block Requirements,,,false,1,,2026-08-16
"Block Real Estate Services, LLC",6a1711ec32d89b0ceba80e8c,6a17103e4ee870c0f8575639,"WGN & Associates, LLC",69fdef2cbf1df2fe96920b3f,"3rd312 - Westport Land & Management I, LLC",evidenceOfInsurance,Evidence of Insurance,workersCompensation,Workers' Compensation and Employer's Liability,evidenceOfInsuranceWorkersCompensationEmployersLiabilityDiseaseEachEmployee,Employer's Liability Disease - each employee,,matchOnce,must be greater or equal to,500000,1000000,waived,Block Requirements,,,false,1,,2026-08-16
"Block Real Estate Services, LLC",6a1711ec32d89b0ceba80e8c,6a17103e4ee870c0f8575639,"WGN & Associates, LLC",69fdef2cbf1df2fe96920b3f,"3rd312 - Westport Land & Management I, LLC",evidenceOfInsurance,Evidence of Insurance,workersCompensation,Workers' Compensation and Employer's Liability,evidenceOfInsuranceWorkersCompensationEmployersLiabilityDiseasePolicyLimit,Employer's Liability Disease - policy limit,,matchOnce,must be greater or equal to,500000,1000000,waived,Block Requirements,,,false,1,,2026-08-16
"Block Real Estate Services, LLC",6a1711ec32d89b0ceba80e8c,6a17103e4ee870c0f8575639,"WGN & Associates, LLC",69fdef2cbf1df2fe96920b3f,"3rd312 - Westport Land & Management I, LLC",evidenceOfInsurance,Evidence of Insurance,workersCompensation,Workers' Compensation and Employer's Liability,evidenceOfInsuranceWorkersCompensationWaiverOfSubrogationEndorsement,Waiver of Subrogation,"---prompt---
Determine if the insurer has waived their right of subrogation in favor of the certificate holder under the Workers' Compensation policy. Evidence may include: a checked ""Waiver of Subrogation"" box on the certificate, mention in the Description of Operations section stating ""waiver of subrogation applies"", or reference to form WC 00 03 13. Look for language like ""subrogation is waived"" or ""per written contract"".",matchOnce,must be present,,,waived,Block Requirements,,,false,0,,2026-08-16
"Block Real Estate Services, LLC",6a1711ec32d89b0ceba80e8c,6a17103e4ee870c0f8575639,"WGN & Associates, LLC",69fdef2cbf1df2fe96920b3f,"3rd312 - Westport Land & Management I, LLC",evidenceOfInsurance,Evidence of Insurance,6ac20aae-5728-5d57-b364-aeba38527dba,Additional Requirements,4da5b0f1-4c9d-5885-8cf8-5d3cccaed3e0,"Block Real Estate Services, LLC and all others required by contract are named as Additional Insureds","---prompt---
Determine if the Description of Operations or the Additional Remarks Schedule section states the ""Additional Insured as Construction Management, Inc. and all others required by contract"" or reference to blanket additional insured coverage. Look for language like ""certificate holder is additional insured"" or ""per written contract"".",matchOnce,must be present,,Present,compliant,Block Requirements,,,true,1,,2026-08-16
"Block Real Estate Services, LLC",6a1711ec32d89b0ceba80e8c,6a17103e4ee870c0f8575639,"WGN & Associates, LLC",69fdef2cbf1df2fe96920b3f,"3rd312 - Westport Land & Management I, LLC",evidenceOfInsurance,Evidence of Insurance,6ac20aae-5728-5d57-b364-aeba38527dba,Additional Requirements,e1017741-e47e-5f58-97b8-fbc3043e919f,Umbrella follows form over General Liability,"---prompt---
Determine if the Umbrella/Excess Liability policy follows form to the underlying policies. Evidence may include: language in the Description of Operations section stating the umbrella follows form to underlying coverages or an additional page endorsement stating that it follows form. Follow form means the umbrella policy adopts the same terms, conditions, and exclusions as the underlying policies.",matchOnce,must be present,,,waived,Block Requirements,Umbrella Liability not a requirement in the lease,,true,0,,2026-08-16
"Block Real Estate Services, LLC",6a1711ec32d89b0ceba80e8c,6a17103e4ee870c0f8575639,"WGN & Associates, LLC",69fdef2cbf1df2fe96920b3f,"3rd312 - Westport Land & Management I, LLC",evidenceOfInsurance,Evidence of Insurance,6ac20aae-5728-5d57-b364-aeba38527dba,Additional Requirements,2cdd866f-c9a4-576a-afd8-1d045762790c,"The location must be listed as: 4051-2-4 Broadway (Office), Kansas City, MO, 64111",,matchOnce,must be present,,Present,compliant,Block Requirements,,,true,1,,2026-08-16
"Block Real Estate Services, LLC",6a1711ec32d89b0ceba80e8c,6a17103e4ee870c0f8575639,"WGN & Associates, LLC",69fdef2cbf1df2fe96920b3f,"3rd312 - Westport Land & Management I, LLC",evidenceOfInsurance,Evidence of Insurance,6ac20aae-5728-5d57-b364-aeba38527dba,Additional Requirements,3649e9d1-4e09-59bf-8f30-cb33c40cf117,"Certificate Holder must read: c/o Block Real Estate Services, LLC, 4622 Pennsylvania St., Suite 700, Kansas City, MO, 64112",,matchOnce,must be present,,Present,compliant,Block Requirements,,,true,1,,2026-08-16
"Block Real Estate Services, LLC",6a1711f22c0af08c023b0ed2,6a17103e4ee870c0f8575639,"WGN & Associates, LLC",69fdef2cbf1df2fe96920b3f,"3rd312 - Westport Land & Management I, LLC",evidenceOfInsurance,Evidence of Insurance,commercialGeneralLiability,Commercial General Liability,evidenceOfInsuranceCommercialGeneralLiabilityCoverageTriggerOccurrence,Coverage Trigger: Occurrence,,matchOnce,must be present,,Present,compliant,Block Requirements,,,false,1,,2026-08-16
"Block Real Estate Services, LLC",6a1711f22c0af08c023b0ed2,6a17103e4ee870c0f8575639,"WGN & Associates, LLC",69fdef2cbf1df2fe96920b3f,"3rd312 - Westport Land & Management I, LLC",evidenceOfInsurance,Evidence of Insurance,commercialGeneralLiability,Commercial General Liability,evidenceOfInsuranceCommercialGeneralLiabilityGeneralAggregateLimitAppliesPerLocation,General Aggregate Limit Applies per: Location,,matchOnce,must be present,,,waived,Block Requirements,Per location not a requirement in the lease,,false,0,,2026-08-16
"Block Real Estate Services, LLC",6a1711f22c0af08c023b0ed2,6a17103e4ee870c0f8575639,"WGN & Associates, LLC",69fdef2cbf1df2fe96920b3f,"3rd312 - Westport Land & Management I, LLC",evidenceOfInsurance,Evidence of Insurance,commercialGeneralLiability,Commercial General Liability,evidenceOfInsuranceCommercialGeneralLiabilityEachOccurrence,Each Occurrence,,matchOnce,must be greater or equal to,1000000,1000000,compliant,Block Requirements,,,false,1,,2026-08-16
"Block Real Estate Services, LLC",6a1711f22c0af08c023b0ed2,6a17103e4ee870c0f8575639,"WGN & Associates, LLC",69fdef2cbf1df2fe96920b3f,"3rd312 - Westport Land & Management I, LLC",evidenceOfInsurance,Evidence of Insurance,commercialGeneralLiability,Commercial General Liability,evidenceOfInsuranceCommercialGeneralLiabilityGeneralAggregate,General Aggregate,,matchOnce,must be greater or equal to,2000000,2000000,compliant,Block Requirements,,,false,1,,2026-08-16
"Block Real Estate Services, LLC",6a1711f22c0af08c023b0ed2,6a17103e4ee870c0f8575639,"WGN & Associates, LLC",69fdef2cbf1df2fe96920b3f,"3rd312 - Westport Land & Management I, LLC",evidenceOfInsurance,Evidence of Insurance,commercialGeneralLiability,Commercial General Liability,evidenceOfInsuranceCommercialGeneralLiabilityWaiverOfSubrogationEndorsement,Waiver of Subrogation,"---prompt---
Determine if the insurer has waived their right of subrogation in favor of the certificate holder under the Commercial General Liability policy. Evidence may include: a checked ""Waiver of Subrogation"" box on the certificate, mention in the Description of Operations section stating ""waiver of subrogation applies"", or reference to form CG 24 04. Look for language like ""subrogation is waived"" or ""per written contract"".",matchOnce,must be present,,Present,compliant,Block Requirements,,,false,1,,2026-08-16
"Block Real Estate Services, LLC",6a1711f22c0af08c023b0ed2,6a17103e4ee870c0f8575639,"WGN & Associates, LLC",69fdef2cbf1df2fe96920b3f,"3rd312 - Westport Land & Management I, LLC",evidenceOfInsurance,Evidence of Insurance,excessOrUmbrellaLiability,Umbrella/Excess Liability,evidenceOfInsuranceExcessOrUmbrellaLiabilityOccurence,Coverage Trigger: Occurrence,,matchOnce,must be present,,,waived,Block Requirements,,,false,0,,2026-08-16
"Block Real Estate Services, LLC",6a1711f22c0af08c023b0ed2,6a17103e4ee870c0f8575639,"WGN & Associates, LLC",69fdef2cbf1df2fe96920b3f,"3rd312 - Westport Land & Management I, LLC",evidenceOfInsurance,Evidence of Insurance,excessOrUmbrellaLiability,Umbrella/Excess Liability,evidenceOfInsuranceExcessOrUmbrellaLiabilityEachOccurrence,Each Occurrence,,matchOnce,must be greater or equal to,1000000,,waived,Block Requirements,,,false,0,,2026-08-16
"Block Real Estate Services, LLC",6a1711f22c0af08c023b0ed2,6a17103e4ee870c0f8575639,"WGN & Associates, LLC",69fdef2cbf1df2fe96920b3f,"3rd312 - Westport Land & Management I, LLC",evidenceOfInsurance,Evidence of Insurance,excessOrUmbrellaLiability,Umbrella/Excess Liability,evidenceOfInsuranceExcessOrUmbrellaLiabilityAggregate,Aggregate,,matchOnce,must be greater or equal to,1000000,,waived,Block Requirements,,,false,0,,2026-08-16
"Block Real Estate Services, LLC",6a1711f22c0af08c023b0ed2,6a17103e4ee870c0f8575639,"WGN & Associates, LLC",69fdef2cbf1df2fe96920b3f,"3rd312 - Westport Land & Management I, LLC",evidenceOfInsurance,Evidence of Insurance,workersCompensation,Workers' Compensation and Employer's Liability,evidenceOfInsuranceWorkersCompensationStatutoryLimits,Statutory Limits,,matchOnce,must be present,,Present,waived,Block Requirements,,,false,1,,2026-08-16
"Block Real Estate Services, LLC",6a1711f22c0af08c023b0ed2,6a17103e4ee870c0f8575639,"WGN & Associates, LLC",69fdef2cbf1df2fe96920b3f,"3rd312 - Westport Land & Management I, LLC",evidenceOfInsurance,Evidence of Insurance,workersCompensation,Workers' Compensation and Employer's Liability,evidenceOfInsuranceWorkersCompensationEmployersLiabilityEachAccident,Employer's Liability Each Accident,,matchOnce,must be greater or equal to,500000,1000000,waived,Block Requirements,,,false,1,,2026-08-16
"Block Real Estate Services, LLC",6a1711f22c0af08c023b0ed2,6a17103e4ee870c0f8575639,"WGN & Associates, LLC",69fdef2cbf1df2fe96920b3f,"3rd312 - Westport Land & Management I, LLC",evidenceOfInsurance,Evidence of Insurance,workersCompensation,Workers' Compensation and Employer's Liability,evidenceOfInsuranceWorkersCompensationEmployersLiabilityDiseaseEachEmployee,Employer's Liability Disease - each employee,,matchOnce,must be greater or equal to,500000,1000000,waived,Block Requirements,,,false,1,,2026-08-16
"Block Real Estate Services, LLC",6a1711f22c0af08c023b0ed2,6a17103e4ee870c0f8575639,"WGN & Associates, LLC",69fdef2cbf1df2fe96920b3f,"3rd312 - Westport Land & Management I, LLC",evidenceOfInsurance,Evidence of Insurance,workersCompensation,Workers' Compensation and Employer's Liability,evidenceOfInsuranceWorkersCompensationEmployersLiabilityDiseasePolicyLimit,Employer's Liability Disease - policy limit,,matchOnce,must be greater or equal to,500000,1000000,waived,Block Requirements,,,false,1,,2026-08-16
"Block Real Estate Services, LLC",6a1711f22c0af08c023b0ed2,6a17103e4ee870c0f8575639,"WGN & Associates, LLC",69fdef2cbf1df2fe96920b3f,"3rd312 - Westport Land & Management I, LLC",evidenceOfInsurance,Evidence of Insurance,workersCompensation,Workers' Compensation and Employer's Liability,evidenceOfInsuranceWorkersCompensationWaiverOfSubrogationEndorsement,Waiver of Subrogation,"---prompt---
Determine if the insurer has waived their right of subrogation in favor of the certificate holder under the Workers' Compensation policy. Evidence may include: a checked ""Waiver of Subrogation"" box on the certificate, mention in the Description of Operations section stating ""waiver of subrogation applies"", or reference to form WC 00 03 13. Look for language like ""subrogation is waived"" or ""per written contract"".",matchOnce,must be present,,,waived,Block Requirements,,,false,0,,2026-08-16
"Block Real Estate Services, LLC",6a1711f22c0af08c023b0ed2,6a17103e4ee870c0f8575639,"WGN & Associates, LLC",69fdef2cbf1df2fe96920b3f,"3rd312 - Westport Land & Management I, LLC",evidenceOfInsurance,Evidence of Insurance,6ac20aae-5728-5d57-b364-aeba38527dba,Additional Requirements,4da5b0f1-4c9d-5885-8cf8-5d3cccaed3e0,"Block Real Estate Services, LLC and all others required by contract are named as Additional Insureds","---prompt---
Determine if the Description of Operations or the Additional Remarks Schedule section states the ""Additional Insured as Construction Management, Inc. and all others required by contract"" or reference to blanket additional insured coverage. Look for language like ""certificate holder is additional insured"" or ""per written contract"".",matchOnce,must be present,,Present,compliant,Block Requirements,,,true,1,,2026-08-16
"Block Real Estate Services, LLC",6a1711f22c0af08c023b0ed2,6a17103e4ee870c0f8575639,"WGN & Associates, LLC",69fdef2cbf1df2fe96920b3f,"3rd312 - Westport Land & Management I, LLC",evidenceOfInsurance,Evidence of Insurance,6ac20aae-5728-5d57-b364-aeba38527dba,Additional Requirements,e1017741-e47e-5f58-97b8-fbc3043e919f,Umbrella follows form over General Liability,"---prompt---
Determine if the Umbrella/Excess Liability policy follows form to the underlying policies. Evidence may include: language in the Description of Operations section stating the umbrella follows form to underlying coverages or an additional page endorsement stating that it follows form. Follow form means the umbrella policy adopts the same terms, conditions, and exclusions as the underlying policies.",matchOnce,must be present,,,waived,Block Requirements,Umbrella Liability not a requirement in the lease,,true,0,,2026-08-16
"Block Real Estate Services, LLC",6a1711f22c0af08c023b0ed2,6a17103e4ee870c0f8575639,"WGN & Associates, LLC",69fdef2cbf1df2fe96920b3f,"3rd312 - Westport Land & Management I, LLC",evidenceOfInsurance,Evidence of Insurance,6ac20aae-5728-5d57-b364-aeba38527dba,Additional Requirements,2cdd866f-c9a4-576a-afd8-1d045762790c,"The location must be listed as: 4051-2-5 Broadway (Office), Kansas City, MO, 64111",,matchOnce,must be present,,Present,compliant,Block Requirements,,,true,1,,2026-08-16
"Block Real Estate Services, LLC",6a1711f22c0af08c023b0ed2,6a17103e4ee870c0f8575639,"WGN & Associates, LLC",69fdef2cbf1df2fe96920b3f,"3rd312 - Westport Land & Management I, LLC",evidenceOfInsurance,Evidence of Insurance,6ac20aae-5728-5d57-b364-aeba38527dba,Additional Requirements,3649e9d1-4e09-59bf-8f30-cb33c40cf117,"Certificate Holder must read: c/o Block Real Estate Services, LLC, 4622 Pennsylvania St., Suite 700, Kansas City, MO, 64112",,matchOnce,must be present,,Present,compliant,Block Requirements,,,true,1,,2026-08-16
"Block Real Estate Services, LLC",6a1711fdbf28cb6a86a2fbb8,6a17103e4ee870c0f8575639,"WGN & Associates, LLC",69fdef2cbf1df2fe96920b3f,"3rd312 - Westport Land & Management I, LLC",evidenceOfInsurance,Evidence of Insurance,commercialGeneralLiability,Commercial General Liability,evidenceOfInsuranceCommercialGeneralLiabilityCoverageTriggerOccurrence,Coverage Trigger: Occurrence,,matchOnce,must be present,,Present,compliant,Block Requirements,,,false,1,,2026-08-16
"Block Real Estate Services, LLC",6a1711fdbf28cb6a86a2fbb8,6a17103e4ee870c0f8575639,"WGN & Associates, LLC",69fdef2cbf1df2fe96920b3f,"3rd312 - Westport Land & Management I, LLC",evidenceOfInsurance,Evidence of Insurance,commercialGeneralLiability,Commercial General Liability,evidenceOfInsuranceCommercialGeneralLiabilityGeneralAggregateLimitAppliesPerLocation,General Aggregate Limit Applies per: Location,,matchOnce,must be present,,,waived,Block Requirements,Per location not a requirement in the lease,,false,0,,2026-08-16
"Block Real Estate Services, LLC",6a1711fdbf28cb6a86a2fbb8,6a17103e4ee870c0f8575639,"WGN & Associates, LLC",69fdef2cbf1df2fe96920b3f,"3rd312 - Westport Land & Management I, LLC",evidenceOfInsurance,Evidence of Insurance,commercialGeneralLiability,Commercial General Liability,evidenceOfInsuranceCommercialGeneralLiabilityEachOccurrence,Each Occurrence,,matchOnce,must be greater or equal to,1000000,1000000,compliant,Block Requirements,,,false,1,,2026-08-16
"Block Real Estate Services, LLC",6a1711fdbf28cb6a86a2fbb8,6a17103e4ee870c0f8575639,"WGN & Associates, LLC",69fdef2cbf1df2fe96920b3f,"3rd312 - Westport Land & Management I, LLC",evidenceOfInsurance,Evidence of Insurance,commercialGeneralLiability,Commercial General Liability,evidenceOfInsuranceCommercialGeneralLiabilityGeneralAggregate,General Aggregate,,matchOnce,must be greater or equal to,2000000,2000000,compliant,Block Requirements,,,false,1,,2026-08-16
"Block Real Estate Services, LLC",6a1711fdbf28cb6a86a2fbb8,6a17103e4ee870c0f8575639,"WGN & Associates, LLC",69fdef2cbf1df2fe96920b3f,"3rd312 - Westport Land & Management I, LLC",evidenceOfInsurance,Evidence of Insurance,commercialGeneralLiability,Commercial General Liability,evidenceOfInsuranceCommercialGeneralLiabilityWaiverOfSubrogationEndorsement,Waiver of Subrogation,"---prompt---
Determine if the insurer has waived their right of subrogation in favor of the certificate holder under the Commercial General Liability policy. Evidence may include: a checked ""Waiver of Subrogation"" box on the certificate, mention in the Description of Operations section stating ""waiver of subrogation applies"", or reference to form CG 24 04. Look for language like ""subrogation is waived"" or ""per written contract"".",matchOnce,must be present,,Present,compliant,Block Requirements,,,false,1,,2026-08-16
"Block Real Estate Services, LLC",6a1711fdbf28cb6a86a2fbb8,6a17103e4ee870c0f8575639,"WGN & Associates, LLC",69fdef2cbf1df2fe96920b3f,"3rd312 - Westport Land & Management I, LLC",evidenceOfInsurance,Evidence of Insurance,excessOrUmbrellaLiability,Umbrella/Excess Liability,evidenceOfInsuranceExcessOrUmbrellaLiabilityOccurence,Coverage Trigger: Occurrence,,matchOnce,must be present,,,waived,Block Requirements,,,false,0,,2026-08-16
"Block Real Estate Services, LLC",6a1711fdbf28cb6a86a2fbb8,6a17103e4ee870c0f8575639,"WGN & Associates, LLC",69fdef2cbf1df2fe96920b3f,"3rd312 - Westport Land & Management I, LLC",evidenceOfInsurance,Evidence of Insurance,excessOrUmbrellaLiability,Umbrella/Excess Liability,evidenceOfInsuranceExcessOrUmbrellaLiabilityEachOccurrence,Each Occurrence,,matchOnce,must be greater or equal to,1000000,,waived,Block Requirements,,,false,0,,2026-08-16
"Block Real Estate Services, LLC",6a1711fdbf28cb6a86a2fbb8,6a17103e4ee870c0f8575639,"WGN & Associates, LLC",69fdef2cbf1df2fe96920b3f,"3rd312 - Westport Land & Management I, LLC",evidenceOfInsurance,Evidence of Insurance,excessOrUmbrellaLiability,Umbrella/Excess Liability,evidenceOfInsuranceExcessOrUmbrellaLiabilityAggregate,Aggregate,,matchOnce,must be greater or equal to,1000000,,waived,Block Requirements,,,false,0,,2026-08-16
"Block Real Estate Services, LLC",6a1711fdbf28cb6a86a2fbb8,6a17103e4ee870c0f8575639,"WGN & Associates, LLC",69fdef2cbf1df2fe96920b3f,"3rd312 - Westport Land & Management I, LLC",evidenceOfInsurance,Evidence of Insurance,workersCompensation,Workers' Compensation and Employer's Liability,evidenceOfInsuranceWorkersCompensationStatutoryLimits,Statutory Limits,,matchOnce,must be present,,Present,waived,Block Requirements,,,false,1,,2026-08-16
"Block Real Estate Services, LLC",6a1711fdbf28cb6a86a2fbb8,6a17103e4ee870c0f8575639,"WGN & Associates, LLC",69fdef2cbf1df2fe96920b3f,"3rd312 - Westport Land & Management I, LLC",evidenceOfInsurance,Evidence of Insurance,workersCompensation,Workers' Compensation and Employer's Liability,evidenceOfInsuranceWorkersCompensationEmployersLiabilityEachAccident,Employer's Liability Each Accident,,matchOnce,must be greater or equal to,500000,1000000,waived,Block Requirements,,,false,1,,2026-08-16
"Block Real Estate Services, LLC",6a1711fdbf28cb6a86a2fbb8,6a17103e4ee870c0f8575639,"WGN & Associates, LLC",69fdef2cbf1df2fe96920b3f,"3rd312 - Westport Land & Management I, LLC",evidenceOfInsurance,Evidence of Insurance,workersCompensation,Workers' Compensation and Employer's Liability,evidenceOfInsuranceWorkersCompensationEmployersLiabilityDiseaseEachEmployee,Employer's Liability Disease - each employee,,matchOnce,must be greater or equal to,500000,1000000,waived,Block Requirements,,,false,1,,2026-08-16
"Block Real Estate Services, LLC",6a1711fdbf28cb6a86a2fbb8,6a17103e4ee870c0f8575639,"WGN & Associates, LLC",69fdef2cbf1df2fe96920b3f,"3rd312 - Westport Land & Management I, LLC",evidenceOfInsurance,Evidence of Insurance,workersCompensation,Workers' Compensation and Employer's Liability,evidenceOfInsuranceWorkersCompensationEmployersLiabilityDiseasePolicyLimit,Employer's Liability Disease - policy limit,,matchOnce,must be greater or equal to,500000,1000000,waived,Block Requirements,,,false,1,,2026-08-16
"Block Real Estate Services, LLC",6a1711fdbf28cb6a86a2fbb8,6a17103e4ee870c0f8575639,"WGN & Associates, LLC",69fdef2cbf1df2fe96920b3f,"3rd312 - Westport Land & Management I, LLC",evidenceOfInsurance,Evidence of Insurance,workersCompensation,Workers' Compensation and Employer's Liability,evidenceOfInsuranceWorkersCompensationWaiverOfSubrogationEndorsement,Waiver of Subrogation,"---prompt---
Determine if the insurer has waived their right of subrogation in favor of the certificate holder under the Workers' Compensation policy. Evidence may include: a checked ""Waiver of Subrogation"" box on the certificate, mention in the Description of Operations section stating ""waiver of subrogation applies"", or reference to form WC 00 03 13. Look for language like ""subrogation is waived"" or ""per written contract"".",matchOnce,must be present,,,waived,Block Requirements,,,false,0,,2026-08-16
"Block Real Estate Services, LLC",6a1711fdbf28cb6a86a2fbb8,6a17103e4ee870c0f8575639,"WGN & Associates, LLC",69fdef2cbf1df2fe96920b3f,"3rd312 - Westport Land & Management I, LLC",evidenceOfInsurance,Evidence of Insurance,6ac20aae-5728-5d57-b364-aeba38527dba,Additional Requirements,4da5b0f1-4c9d-5885-8cf8-5d3cccaed3e0,"Block Real Estate Services, LLC and all others required by contract are named as Additional Insureds","---prompt---
Determine if the Description of Operations or the Additional Remarks Schedule section states the ""Additional Insured as Construction Management, Inc. and all others required by contract"" or reference to blanket additional insured coverage. Look for language like ""certificate holder is additional insured"" or ""per written contract"".",matchOnce,must be present,,Present,compliant,Block Requirements,,,true,1,,2026-08-16
"Block Real Estate Services, LLC",6a1711fdbf28cb6a86a2fbb8,6a17103e4ee870c0f8575639,"WGN & Associates, LLC",69fdef2cbf1df2fe96920b3f,"3rd312 - Westport Land & Management I, LLC",evidenceOfInsurance,Evidence of Insurance,6ac20aae-5728-5d57-b364-aeba38527dba,Additional Requirements,e1017741-e47e-5f58-97b8-fbc3043e919f,Umbrella follows form over General Liability,"---prompt---
Determine if the Umbrella/Excess Liability policy follows form to the underlying policies. Evidence may include: language in the Description of Operations section stating the umbrella follows form to underlying coverages or an additional page endorsement stating that it follows form. Follow form means the umbrella policy adopts the same terms, conditions, and exclusions as the underlying policies.",matchOnce,must be present,,,waived,Block Requirements,Umbrella Liability not a requirement in the lease,,true,0,,2026-08-16
"Block Real Estate Services, LLC",6a1711fdbf28cb6a86a2fbb8,6a17103e4ee870c0f8575639,"WGN & Associates, LLC",69fdef2cbf1df2fe96920b3f,"3rd312 - Westport Land & Management I, LLC",evidenceOfInsurance,Evidence of Insurance,6ac20aae-5728-5d57-b364-aeba38527dba,Additional Requirements,2cdd866f-c9a4-576a-afd8-1d045762790c,"The location must be listed as: 4051-2-1 Broadway, Kansas City, MO, 64111",,matchOnce,must be present,,Present,compliant,Block Requirements,,,true,1,,2026-08-16
"Block Real Estate Services, LLC",6a1711fdbf28cb6a86a2fbb8,6a17103e4ee870c0f8575639,"WGN & Associates, LLC",69fdef2cbf1df2fe96920b3f,"3rd312 - Westport Land & Management I, LLC",evidenceOfInsurance,Evidence of Insurance,6ac20aae-5728-5d57-b364-aeba38527dba,Additional Requirements,3649e9d1-4e09-59bf-8f30-cb33c40cf117,"Certificate Holder must read: c/o Block Real Estate Services, LLC, 4622 Pennsylvania St., Suite 700, Kansas City, MO, 64112",,matchOnce,must be present,,Present,compliant,Block Requirements,,,true,1,,2026-08-16
"Block Real Estate Services, LLC",6a17125fbf28cb6a86a2fc3c,6a17105b1814afc0f53b2a39,Computers To Go / Scott Petrak,69fdef2cbf1df2fe96920b3f,"3rd312 - Westport Land & Management I, LLC",evidenceOfInsurance,Evidence of Insurance,commercialGeneralLiability,Commercial General Liability,evidenceOfInsuranceCommercialGeneralLiabilityCoverageTriggerOccurrence,Coverage Trigger: Occurrence,,matchOnce,must be present,,Present,compliant,Block Requirements,,,false,1,,2026-08-16
"Block Real Estate Services, LLC",6a17125fbf28cb6a86a2fc3c,6a17105b1814afc0f53b2a39,Computers To Go / Scott Petrak,69fdef2cbf1df2fe96920b3f,"3rd312 - Westport Land & Management I, LLC",evidenceOfInsurance,Evidence of Insurance,commercialGeneralLiability,Commercial General Liability,evidenceOfInsuranceCommercialGeneralLiabilityGeneralAggregateLimitAppliesPerLocation,General Aggregate Limit Applies per: Location,,matchOnce,must be present,,,non_compliant,Block Requirements,,,false,0,,2026-08-16
"Block Real Estate Services, LLC",6a17125fbf28cb6a86a2fc3c,6a17105b1814afc0f53b2a39,Computers To Go / Scott Petrak,69fdef2cbf1df2fe96920b3f,"3rd312 - Westport Land & Management I, LLC",evidenceOfInsurance,Evidence of Insurance,commercialGeneralLiability,Commercial General Liability,evidenceOfInsuranceCommercialGeneralLiabilityEachOccurrence,Each Occurrence,,matchOnce,must be greater or equal to,1000000,2000000,compliant,Block Requirements,,,false,1,,2026-08-16
"Block Real Estate Services, LLC",6a17125fbf28cb6a86a2fc3c,6a17105b1814afc0f53b2a39,Computers To Go / Scott Petrak,69fdef2cbf1df2fe96920b3f,"3rd312 - Westport Land & Management I, LLC",evidenceOfInsurance,Evidence of Insurance,commercialGeneralLiability,Commercial General Liability,evidenceOfInsuranceCommercialGeneralLiabilityGeneralAggregate,General Aggregate,,matchOnce,must be greater or equal to,2000000,4000000,compliant,Block Requirements,,,false,1,,2026-08-16
"Block Real Estate Services, LLC",6a17125fbf28cb6a86a2fc3c,6a17105b1814afc0f53b2a39,Computers To Go / Scott Petrak,69fdef2cbf1df2fe96920b3f,"3rd312 - Westport Land & Management I, LLC",evidenceOfInsurance,Evidence of Insurance,commercialGeneralLiability,Commercial General Liability,evidenceOfInsuranceCommercialGeneralLiabilityWaiverOfSubrogationEndorsement,Waiver of Subrogation,"---prompt---
Determine if the insurer has waived their right of subrogation in favor of the certificate holder under the Commercial General Liability policy. Evidence may include: a checked ""Waiver of Subrogation"" box on the certificate, mention in the Description of Operations section stating ""waiver of subrogation applies"", or reference to form CG 24 04. Look for language like ""subrogation is waived"" or ""per written contract"".",matchOnce,must be present,,,non_compliant,Block Requirements,,,false,0,,2026-08-16
"Block Real Estate Services, LLC",6a17125fbf28cb6a86a2fc3c,6a17105b1814afc0f53b2a39,Computers To Go / Scott Petrak,69fdef2cbf1df2fe96920b3f,"3rd312 - Westport Land & Management I, LLC",evidenceOfInsurance,Evidence of Insurance,excessOrUmbrellaLiability,Umbrella/Excess Liability,evidenceOfInsuranceExcessOrUmbrellaLiabilityOccurence,Coverage Trigger: Occurrence,,matchOnce,must be present,,,overridden,Block Requirements,,,false,0,,2026-08-16
"Block Real Estate Services, LLC",6a17125fbf28cb6a86a2fc3c,6a17105b1814afc0f53b2a39,Computers To Go / Scott Petrak,69fdef2cbf1df2fe96920b3f,"3rd312 - Westport Land & Management I, LLC",evidenceOfInsurance,Evidence of Insurance,excessOrUmbrellaLiability,Umbrella/Excess Liability,evidenceOfInsuranceExcessOrUmbrellaLiabilityEachOccurrence,Each Occurrence,,matchOnce,must be greater or equal to,1000000,,overridden,Block Requirements,,,false,0,,2026-08-16
"Block Real Estate Services, LLC",6a17125fbf28cb6a86a2fc3c,6a17105b1814afc0f53b2a39,Computers To Go / Scott Petrak,69fdef2cbf1df2fe96920b3f,"3rd312 - Westport Land & Management I, LLC",evidenceOfInsurance,Evidence of Insurance,excessOrUmbrellaLiability,Umbrella/Excess Liability,evidenceOfInsuranceExcessOrUmbrellaLiabilityAggregate,Aggregate,,matchOnce,must be greater or equal to,1000000,,overridden,Block Requirements,,,false,0,,2026-08-16
"Block Real Estate Services, LLC",6a17125fbf28cb6a86a2fc3c,6a17105b1814afc0f53b2a39,Computers To Go / Scott Petrak,69fdef2cbf1df2fe96920b3f,"3rd312 - Westport Land & Management I, LLC",evidenceOfInsurance,Evidence of Insurance,workersCompensation,Workers' Compensation and Employer's Liability,evidenceOfInsuranceWorkersCompensationStatutoryLimits,Statutory Limits,,matchOnce,must be present,,,non_compliant,Block Requirements,,,false,0,,2026-08-16
"Block Real Estate Services, LLC",6a17125fbf28cb6a86a2fc3c,6a17105b1814afc0f53b2a39,Computers To Go / Scott Petrak,69fdef2cbf1df2fe96920b3f,"3rd312 - Westport Land & Management I, LLC",evidenceOfInsurance,Evidence of Insurance,workersCompensation,Workers' Compensation and Employer's Liability,evidenceOfInsuranceWorkersCompensationEmployersLiabilityEachAccident,Employer's Liability Each Accident,,matchOnce,must be greater or equal to,500000,,non_compliant,Block Requirements,,,false,0,,2026-08-16
"Block Real Estate Services, LLC",6a17125fbf28cb6a86a2fc3c,6a17105b1814afc0f53b2a39,Computers To Go / Scott Petrak,69fdef2cbf1df2fe96920b3f,"3rd312 - Westport Land & Management I, LLC",evidenceOfInsurance,Evidence of Insurance,workersCompensation,Workers' Compensation and Employer's Liability,evidenceOfInsuranceWorkersCompensationEmployersLiabilityDiseaseEachEmployee,Employer's Liability Disease - each employee,,matchOnce,must be greater or equal to,500000,,non_compliant,Block Requirements,,,false,0,,2026-08-16
"Block Real Estate Services, LLC",6a17125fbf28cb6a86a2fc3c,6a17105b1814afc0f53b2a39,Computers To Go / Scott Petrak,69fdef2cbf1df2fe96920b3f,"3rd312 - Westport Land & Management I, LLC",evidenceOfInsurance,Evidence of Insurance,workersCompensation,Workers' Compensation and Employer's Liability,evidenceOfInsuranceWorkersCompensationEmployersLiabilityDiseasePolicyLimit,Employer's Liability Disease - policy limit,,matchOnce,must be greater or equal to,500000,,non_compliant,Block Requirements,,,false,0,,2026-08-16
"Block Real Estate Services, LLC",6a17125fbf28cb6a86a2fc3c,6a17105b1814afc0f53b2a39,Computers To Go / Scott Petrak,69fdef2cbf1df2fe96920b3f,"3rd312 - Westport Land & Management I, LLC",evidenceOfInsurance,Evidence of Insurance,workersCompensation,Workers' Compensation and Employer's Liability,evidenceOfInsuranceWorkersCompensationWaiverOfSubrogationEndorsement,Waiver of Subrogation,"---prompt---
Determine if the insurer has waived their right of subrogation in favor of the certificate holder under the Workers' Compensation policy. Evidence may include: a checked ""Waiver of Subrogation"" box on the certificate, mention in the Description of Operations section stating ""waiver of subrogation applies"", or reference to form WC 00 03 13. Look for language like ""subrogation is waived"" or ""per written contract"".",matchOnce,must be present,,,non_compliant,Block Requirements,,,false,0,,2026-08-16
"Block Real Estate Services, LLC",6a17125fbf28cb6a86a2fc3c,6a17105b1814afc0f53b2a39,Computers To Go / Scott Petrak,69fdef2cbf1df2fe96920b3f,"3rd312 - Westport Land & Management I, LLC",evidenceOfInsurance,Evidence of Insurance,6ac20aae-5728-5d57-b364-aeba38527dba,Additional Requirements,4da5b0f1-4c9d-5885-8cf8-5d3cccaed3e0,"Block Real Estate Services, LLC and all others required by contract are named as Additional Insureds","---prompt---
Determine if the Description of Operations or the Additional Remarks Schedule section states the ""Additional Insured as Construction Management, Inc. and all others required by contract"" or reference to blanket additional insured coverage. Look for language like ""certificate holder is additional insured"" or ""per written contract"".",matchOnce,must be present,,,non_compliant,Block Requirements,,,true,0,,2026-08-16
"Block Real Estate Services, LLC",6a17125fbf28cb6a86a2fc3c,6a17105b1814afc0f53b2a39,Computers To Go / Scott Petrak,69fdef2cbf1df2fe96920b3f,"3rd312 - Westport Land & Management I, LLC",evidenceOfInsurance,Evidence of Insurance,6ac20aae-5728-5d57-b364-aeba38527dba,Additional Requirements,e1017741-e47e-5f58-97b8-fbc3043e919f,Umbrella follows form over General Liability,"---prompt---
Determine if the Umbrella/Excess Liability policy follows form to the underlying policies. Evidence may include: language in the Description of Operations section stating the umbrella follows form to underlying coverages or an additional page endorsement stating that it follows form. Follow form means the umbrella policy adopts the same terms, conditions, and exclusions as the underlying policies.",matchOnce,must be present,,,overridden,Block Requirements,Umbrella requirement wavied,,true,0,2026-11-09,2026-08-16
"Block Real Estate Services, LLC",6a17125fbf28cb6a86a2fc3c,6a17105b1814afc0f53b2a39,Computers To Go / Scott Petrak,69fdef2cbf1df2fe96920b3f,"3rd312 - Westport Land & Management I, LLC",evidenceOfInsurance,Evidence of Insurance,6ac20aae-5728-5d57-b364-aeba38527dba,Additional Requirements,2cdd866f-c9a4-576a-afd8-1d045762790c,"The location must be listed as: 4055 Broadway, Kansas City, MO, 64111",,matchOnce,must be present,,,non_compliant,Block Requirements,,,true,0,,2026-08-16
"Block Real Estate Services, LLC",6a17125fbf28cb6a86a2fc3c,6a17105b1814afc0f53b2a39,Computers To Go / Scott Petrak,69fdef2cbf1df2fe96920b3f,"3rd312 - Westport Land & Management I, LLC",evidenceOfInsurance,Evidence of Insurance,6ac20aae-5728-5d57-b364-aeba38527dba,Additional Requirements,3649e9d1-4e09-59bf-8f30-cb33c40cf117,"Certificate Holder must read: c/o Block Real Estate Services, LLC, 4622 Pennsylvania St., Suite 700, Kansas City, MO, 64112",,matchOnce,must be present,,,non_compliant,Block Requirements,,,true,0,,2026-08-16
"Block Real Estate Services, LLC",69fdf7a362446148bd85b069,69fded1862446148bd848eb0,"Johnson Controls Fire Protection, LP (fka Simplex Grinnell)",69fdf1a402bb2c42a87a79ca,"tic681 - College Crossing F {College Crossing EFGH, LLC}",evidenceOfInsurance,Evidence of Insurance,commercialGeneralLiability,Commercial General Liability,evidenceOfInsuranceCommercialGeneralLiabilityCoverageTriggerOccurrence,Coverage Trigger: Occurrence,,matchOnce,must be present,,,non_compliant,Block Requirements,,,false,0,,2026-08-16
"Block Real Estate Services, LLC",69fdf7a362446148bd85b069,69fded1862446148bd848eb0,"Johnson Controls Fire Protection, LP (fka Simplex Grinnell)",69fdf1a402bb2c42a87a79ca,"tic681 - College Crossing F {College Crossing EFGH, LLC}",evidenceOfInsurance,Evidence of Insurance,commercialGeneralLiability,Commercial General Liability,evidenceOfInsuranceCommercialGeneralLiabilityGeneralAggregateLimitAppliesPerLocation,General Aggregate Limit Applies per: Location,,matchOnce,must be present,,,non_compliant,Block Requirements,,,false,0,,2026-08-16
"Block Real Estate Services, LLC",69fdf7a362446148bd85b069,69fded1862446148bd848eb0,"Johnson Controls Fire Protection, LP (fka Simplex Grinnell)",69fdf1a402bb2c42a87a79ca,"tic681 - College Crossing F {College Crossing EFGH, LLC}",evidenceOfInsurance,Evidence of Insurance,commercialGeneralLiability,Commercial General Liability,evidenceOfInsuranceCommercialGeneralLiabilityEachOccurrence,Each Occurrence,,matchOnce,must be greater or equal to,1000000,,non_compliant,Block Requirements,,,false,0,,2026-08-16
"Block Real Estate Services, LLC",69fdf7a362446148bd85b069,69fded1862446148bd848eb0,"Johnson Controls Fire Protection, LP (fka Simplex Grinnell)",69fdf1a402bb2c42a87a79ca,"tic681 - College Crossing F {College Crossing EFGH, LLC}",evidenceOfInsurance,Evidence of Insurance,commercialGeneralLiability,Commercial General Liability,evidenceOfInsuranceCommercialGeneralLiabilityGeneralAggregate,General Aggregate,,matchOnce,must be greater or equal to,2000000,,non_compliant,Block Requirements,,,false,0,,2026-08-16
"Block Real Estate Services, LLC",69fdf7a362446148bd85b069,69fded1862446148bd848eb0,"Johnson Controls Fire Protection, LP (fka Simplex Grinnell)",69fdf1a402bb2c42a87a79ca,"tic681 - College Crossing F {College Crossing EFGH, LLC}",evidenceOfInsurance,Evidence of Insurance,commercialGeneralLiability,Commercial General Liability,evidenceOfInsuranceCommercialGeneralLiabilityWaiverOfSubrogationEndorsement,Waiver of Subrogation,"---prompt---
Determine if the insurer has waived their right of subrogation in favor of the certificate holder under the Commercial General Liability policy. Evidence may include: a checked ""Waiver of Subrogation"" box on the certificate, mention in the Description of Operations section stating ""waiver of subrogation applies"", or reference to form CG 24 04. Look for language like ""subrogation is waived"" or ""per written contract"".",matchOnce,must be present,,,non_compliant,Block Requirements,,,false,0,,2026-08-16
"Block Real Estate Services, LLC",69fdf7a362446148bd85b069,69fded1862446148bd848eb0,"Johnson Controls Fire Protection, LP (fka Simplex Grinnell)",69fdf1a402bb2c42a87a79ca,"tic681 - College Crossing F {College Crossing EFGH, LLC}",evidenceOfInsurance,Evidence of Insurance,excessOrUmbrellaLiability,Umbrella/Excess Liability,evidenceOfInsuranceExcessOrUmbrellaLiabilityOccurence,Coverage Trigger: Occurrence,,matchOnce,must be present,,,non_compliant,Block Requirements,,,false,0,,2026-08-16
"Block Real Estate Services, LLC",69fdf7a362446148bd85b069,69fded1862446148bd848eb0,"Johnson Controls Fire Protection, LP (fka Simplex Grinnell)",69fdf1a402bb2c42a87a79ca,"tic681 - College Crossing F {College Crossing EFGH, LLC}",evidenceOfInsurance,Evidence of Insurance,excessOrUmbrellaLiability,Umbrella/Excess Liability,evidenceOfInsuranceExcessOrUmbrellaLiabilityEachOccurrence,Each Occurrence,,matchOnce,must be greater or equal to,1000000,,non_compliant,Block Requirements,,,false,0,,2026-08-16
"Block Real Estate Services, LLC",69fdf7a362446148bd85b069,69fded1862446148bd848eb0,"Johnson Controls Fire Protection, LP (fka Simplex Grinnell)",69fdf1a402bb2c42a87a79ca,"tic681 - College Crossing F {College Crossing EFGH, LLC}",evidenceOfInsurance,Evidence of Insurance,excessOrUmbrellaLiability,Umbrella/Excess Liability,evidenceOfInsuranceExcessOrUmbrellaLiabilityAggregate,Aggregate,,matchOnce,must be greater or equal to,1000000,,non_compliant,Block Requirements,,,false,0,,2026-08-16
"Block Real Estate Services, LLC",69fdf7a362446148bd85b069,69fded1862446148bd848eb0,"Johnson Controls Fire Protection, LP (fka Simplex Grinnell)",69fdf1a402bb2c42a87a79ca,"tic681 - College Crossing F {College Crossing EFGH, LLC}",evidenceOfInsurance,Evidence of Insurance,workersCompensation,Workers' Compensation and Employer's Liability,evidenceOfInsuranceWorkersCompensationStatutoryLimits,Statutory Limits,,matchOnce,must be present,,,non_compliant,Block Requirements,,,false,0,,2026-08-16
"Block Real Estate Services, LLC",69fdf7a362446148bd85b069,69fded1862446148bd848eb0,"Johnson Controls Fire Protection, LP (fka Simplex Grinnell)",69fdf1a402bb2c42a87a79ca,"tic681 - College Crossing F {College Crossing EFGH, LLC}",evidenceOfInsurance,Evidence of Insurance,workersCompensation,Workers' Compensation and Employer's Liability,evidenceOfInsuranceWorkersCompensationEmployersLiabilityEachAccident,Employer's Liability Each Accident,,matchOnce,must be greater or equal to,500000,,non_compliant,Block Requirements,,,false,0,,2026-08-16
"Block Real Estate Services, LLC",69fdf7a362446148bd85b069,69fded1862446148bd848eb0,"Johnson Controls Fire Protection, LP (fka Simplex Grinnell)",69fdf1a402bb2c42a87a79ca,"tic681 - College Crossing F {College Crossing EFGH, LLC}",evidenceOfInsurance,Evidence of Insurance,workersCompensation,Workers' Compensation and Employer's Liability,evidenceOfInsuranceWorkersCompensationEmployersLiabilityDiseaseEachEmployee,Employer's Liability Disease - each employee,,matchOnce,must be greater or equal to,500000,,non_compliant,Block Requirements,,,false,0,,2026-08-16
"Block Real Estate Services, LLC",69fdf7a362446148bd85b069,69fded1862446148bd848eb0,"Johnson Controls Fire Protection, LP (fka Simplex Grinnell)",69fdf1a402bb2c42a87a79ca,"tic681 - College Crossing F {College Crossing EFGH, LLC}",evidenceOfInsurance,Evidence of Insurance,workersCompensation,Workers' Compensation and Employer's Liability,evidenceOfInsuranceWorkersCompensationEmployersLiabilityDiseasePolicyLimit,Employer's Liability Disease - policy limit,,matchOnce,must be greater or equal to,500000,,non_compliant,Block Requirements,,,false,0,,2026-08-16
"Block Real Estate Services, LLC",69fdf7a362446148bd85b069,69fded1862446148bd848eb0,"Johnson Controls Fire Protection, LP (fka Simplex Grinnell)",69fdf1a402bb2c42a87a79ca,"tic681 - College Crossing F {College Crossing EFGH, LLC}",evidenceOfInsurance,Evidence of Insurance,workersCompensation,Workers' Compensation and Employer's Liability,evidenceOfInsuranceWorkersCompensationWaiverOfSubrogationEndorsement,Waiver of Subrogation,"---prompt---
Determine if the insurer has waived their right of subrogation in favor of the certificate holder under the Workers' Compensation policy. Evidence may include: a checked ""Waiver of Subrogation"" box on the certificate, mention in the Description of Operations section stating ""waiver of subrogation applies"", or reference to form WC 00 03 13. Look for language like ""subrogation is waived"" or ""per written contract"".",matchOnce,must be present,,,non_compliant,Block Requirements,,,false,0,,2026-08-16
"Block Real Estate Services, LLC",69fdf7a362446148bd85b069,69fded1862446148bd848eb0,"Johnson Controls Fire Protection, LP (fka Simplex Grinnell)",69fdf1a402bb2c42a87a79ca,"tic681 - College Crossing F {College Crossing EFGH, LLC}",evidenceOfInsurance,Evidence of Insurance,6ac20aae-5728-5d57-b364-aeba38527dba,Additional Requirements,4da5b0f1-4c9d-5885-8cf8-5d3cccaed3e0,"Block Real Estate Services, LLC and all others required by contract are named as Additional Insureds","---prompt---
Determine if the Description of Operations or the Additional Remarks Schedule section states the ""Additional Insured as Construction Management, Inc. and all others required by contract"" or reference to blanket additional insured coverage. Look for language like ""certificate holder is additional insured"" or ""per written contract"".",matchOnce,must be present,,,non_compliant,Block Requirements,,,true,0,,2026-08-16
"Block Real Estate Services, LLC",69fdf7a362446148bd85b069,69fded1862446148bd848eb0,"Johnson Controls Fire Protection, LP (fka Simplex Grinnell)",69fdf1a402bb2c42a87a79ca,"tic681 - College Crossing F {College Crossing EFGH, LLC}",evidenceOfInsurance,Evidence of Insurance,6ac20aae-5728-5d57-b364-aeba38527dba,Additional Requirements,e1017741-e47e-5f58-97b8-fbc3043e919f,Umbrella follows form over General Liability,"---prompt---
Determine if the Umbrella/Excess Liability policy follows form to the underlying policies. Evidence may include: language in the Description of Operations section stating the umbrella follows form to underlying coverages or an additional page endorsement stating that it follows form. Follow form means the umbrella policy adopts the same terms, conditions, and exclusions as the underlying policies.",matchOnce,must be present,,,non_compliant,Block Requirements,,,true,0,,2026-08-16
"Block Real Estate Services, LLC",69fdf7a362446148bd85b069,69fded1862446148bd848eb0,"Johnson Controls Fire Protection, LP (fka Simplex Grinnell)",69fdf1a402bb2c42a87a79ca,"tic681 - College Crossing F {College Crossing EFGH, LLC}",evidenceOfInsurance,Evidence of Insurance,6ac20aae-5728-5d57-b364-aeba38527dba,Additional Requirements,2cdd866f-c9a4-576a-afd8-1d045762790c,"The location must be listed as: 11019, 11020 Strang Line Road Lenexa KS 66215",,matchOnce,must be present,,,non_compliant,Block Requirements,,,true,0,,2026-08-16
"Block Real Estate Services, LLC",69fdf7a362446148bd85b069,69fded1862446148bd848eb0,"Johnson Controls Fire Protection, LP (fka Simplex Grinnell)",69fdf1a402bb2c42a87a79ca,"tic681 - College Crossing F {College Crossing EFGH, LLC}",evidenceOfInsurance,Evidence of Insurance,6ac20aae-5728-5d57-b364-aeba38527dba,Additional Requirements,3649e9d1-4e09-59bf-8f30-cb33c40cf117,"Certificate Holder must read: c/o Block Real Estate Services, LLC, 4622 Pennsylvania St., Suite 700, Kansas City, MO, 64112",,matchOnce,must be present,,,non_compliant,Block Requirements,,,true,0,,2026-08-16
"Block Real Estate Services, LLC",69fdf7a362446148bd85b068,69fded1662446148bd848e3b,"Discount Tire / Halle Properties, Inc.",69fdf1a402bb2c42a87a79ca,"tic681 - College Crossing F {College Crossing EFGH, LLC}",evidenceOfInsurance,Evidence of Insurance,commercialGeneralLiability,Commercial General Liability,evidenceOfInsuranceCommercialGeneralLiabilityCoverageTriggerOccurrence,Coverage Trigger: Occurrence,,matchOnce,must be present,,Present,compliant,Block Requirements,,,false,1,,2026-08-16
"Block Real Estate Services, LLC",69fdf7a362446148bd85b068,69fded1662446148bd848e3b,"Discount Tire / Halle Properties, Inc.",69fdf1a402bb2c42a87a79ca,"tic681 - College Crossing F {College Crossing EFGH, LLC}",evidenceOfInsurance,Evidence of Insurance,commercialGeneralLiability,Commercial General Liability,evidenceOfInsuranceCommercialGeneralLiabilityGeneralAggregateLimitAppliesPerLocation,General Aggregate Limit Applies per: Location,,matchOnce,must be present,,Present,compliant,Block Requirements,,,false,1,,2026-08-16
"Block Real Estate Services, LLC",69fdf7a362446148bd85b068,69fded1662446148bd848e3b,"Discount Tire / Halle Properties, Inc.",69fdf1a402bb2c42a87a79ca,"tic681 - College Crossing F {College Crossing EFGH, LLC}",evidenceOfInsurance,Evidence of Insurance,commercialGeneralLiability,Commercial General Liability,evidenceOfInsuranceCommercialGeneralLiabilityEachOccurrence,Each Occurrence,,matchOnce,must be greater or equal to,1000000,1000000,compliant,Block Requirements,,,false,1,,2026-08-16
"Block Real Estate Services, LLC",69fdf7a362446148bd85b068,69fded1662446148bd848e3b,"Discount Tire / Halle Properties, Inc.",69fdf1a402bb2c42a87a79ca,"tic681 - College Crossing F {College Crossing EFGH, LLC}",evidenceOfInsurance,Evidence of Insurance,commercialGeneralLiability,Commercial General Liability,evidenceOfInsuranceCommercialGeneralLiabilityGeneralAggregate,General Aggregate,,matchOnce,must be greater or equal to,2000000,1000000,overridden,Block Requirements,Umbrella exceeds GL requirement,,false,1,2027-03-01,2026-08-16
"Block Real Estate Services, LLC",69fdf7a362446148bd85b068,69fded1662446148bd848e3b,"Discount Tire / Halle Properties, Inc.",69fdf1a402bb2c42a87a79ca,"tic681 - College Crossing F {College Crossing EFGH, LLC}",evidenceOfInsurance,Evidence of Insurance,commercialGeneralLiability,Commercial General Liability,evidenceOfInsuranceCommercialGeneralLiabilityWaiverOfSubrogationEndorsement,Waiver of Subrogation,"---prompt---
Determine if the insurer has waived their right of subrogation in favor of the certificate holder under the Commercial General Liability policy. Evidence may include: a checked ""Waiver of Subrogation"" box on the certificate, mention in the Description of Operations section stating ""waiver of subrogation applies"", or reference to form CG 24 04. Look for language like ""subrogation is waived"" or ""per written contract"".",matchOnce,must be present,,Present,compliant,Block Requirements,,,false,1,,2026-08-16
"Block Real Estate Services, LLC",69fdf7a362446148bd85b068,69fded1662446148bd848e3b,"Discount Tire / Halle Properties, Inc.",69fdf1a402bb2c42a87a79ca,"tic681 - College Crossing F {College Crossing EFGH, LLC}",evidenceOfInsurance,Evidence of Insurance,excessOrUmbrellaLiability,Umbrella/Excess Liability,evidenceOfInsuranceExcessOrUmbrellaLiabilityOccurence,Coverage Trigger: Occurrence,,matchOnce,must be present,,Present,compliant,Block Requirements,,,false,1,,2026-08-16
"Block Real Estate Services, LLC",69fdf7a362446148bd85b068,69fded1662446148bd848e3b,"Discount Tire / Halle Properties, Inc.",69fdf1a402bb2c42a87a79ca,"tic681 - College Crossing F {College Crossing EFGH, LLC}",evidenceOfInsurance,Evidence of Insurance,excessOrUmbrellaLiability,Umbrella/Excess Liability,evidenceOfInsuranceExcessOrUmbrellaLiabilityEachOccurrence,Each Occurrence,,matchOnce,must be greater or equal to,1000000,4000000,compliant,Block Requirements,,,false,1,,2026-08-16
"Block Real Estate Services, LLC",69fdf7a362446148bd85b068,69fded1662446148bd848e3b,"Discount Tire / Halle Properties, Inc.",69fdf1a402bb2c42a87a79ca,"tic681 - College Crossing F {College Crossing EFGH, LLC}",evidenceOfInsurance,Evidence of Insurance,excessOrUmbrellaLiability,Umbrella/Excess Liability,evidenceOfInsuranceExcessOrUmbrellaLiabilityAggregate,Aggregate,,matchOnce,must be greater or equal to,1000000,4000000,compliant,Block Requirements,,,false,1,,2026-08-16
"Block Real Estate Services, LLC",69fdf7a362446148bd85b068,69fded1662446148bd848e3b,"Discount Tire / Halle Properties, Inc.",69fdf1a402bb2c42a87a79ca,"tic681 - College Crossing F {College Crossing EFGH, LLC}",evidenceOfInsurance,Evidence of Insurance,workersCompensation,Workers' Compensation and Employer's Liability,evidenceOfInsuranceWorkersCompensationStatutoryLimits,Statutory Limits,,matchOnce,must be present,,Present,compliant,Block Requirements,,,false,1,,2026-08-16
"Block Real Estate Services, LLC",69fdf7a362446148bd85b068,69fded1662446148bd848e3b,"Discount Tire / Halle Properties, Inc.",69fdf1a402bb2c42a87a79ca,"tic681 - College Crossing F {College Crossing EFGH, LLC}",evidenceOfInsurance,Evidence of Insurance,workersCompensation,Workers' Compensation and Employer's Liability,evidenceOfInsuranceWorkersCompensationEmployersLiabilityEachAccident,Employer's Liability Each Accident,,matchOnce,must be greater or equal to,500000,1000000,compliant,Block Requirements,,,false,1,,2026-08-16
"Block Real Estate Services, LLC",69fdf7a362446148bd85b068,69fded1662446148bd848e3b,"Discount Tire / Halle Properties, Inc.",69fdf1a402bb2c42a87a79ca,"tic681 - College Crossing F {College Crossing EFGH, LLC}",evidenceOfInsurance,Evidence of Insurance,workersCompensation,Workers' Compensation and Employer's Liability,evidenceOfInsuranceWorkersCompensationEmployersLiabilityDiseaseEachEmployee,Employer's Liability Disease - each employee,,matchOnce,must be greater or equal to,500000,1000000,compliant,Block Requirements,,,false,1,,2026-08-16
"Block Real Estate Services, LLC",69fdf7a362446148bd85b068,69fded1662446148bd848e3b,"Discount Tire / Halle Properties, Inc.",69fdf1a402bb2c42a87a79ca,"tic681 - College Crossing F {College Crossing EFGH, LLC}",evidenceOfInsurance,Evidence of Insurance,workersCompensation,Workers' Compensation and Employer's Liability,evidenceOfInsuranceWorkersCompensationEmployersLiabilityDiseasePolicyLimit,Employer's Liability Disease - policy limit,,matchOnce,must be greater or equal to,500000,1000000,compliant,Block Requirements,,,false,1,,2026-08-16
"Block Real Estate Services, LLC",69fdf7a362446148bd85b068,69fded1662446148bd848e3b,"Discount Tire / Halle Properties, Inc.",69fdf1a402bb2c42a87a79ca,"tic681 - College Crossing F {College Crossing EFGH, LLC}",evidenceOfInsurance,Evidence of Insurance,workersCompensation,Workers' Compensation and Employer's Liability,evidenceOfInsuranceWorkersCompensationWaiverOfSubrogationEndorsement,Waiver of Subrogation,"---prompt---
Determine if the insurer has waived their right of subrogation in favor of the certificate holder under the Workers' Compensation policy. Evidence may include: a checked ""Waiver of Subrogation"" box on the certificate, mention in the Description of Operations section stating ""waiver of subrogation applies"", or reference to form WC 00 03 13. Look for language like ""subrogation is waived"" or ""per written contract"".",matchOnce,must be present,,Present,compliant,Block Requirements,,,false,1,,2026-08-16
"Block Real Estate Services, LLC",69fdf7a362446148bd85b068,69fded1662446148bd848e3b,"Discount Tire / Halle Properties, Inc.",69fdf1a402bb2c42a87a79ca,"tic681 - College Crossing F {College Crossing EFGH, LLC}",evidenceOfInsurance,Evidence of Insurance,6ac20aae-5728-5d57-b364-aeba38527dba,Additional Requirements,4da5b0f1-4c9d-5885-8cf8-5d3cccaed3e0,"Block Real Estate Services, LLC and all others required by contract are named as Additional Insureds","---prompt---
Determine if the Description of Operations or the Additional Remarks Schedule section states the ""Additional Insured as Construction Management, Inc. and all others required by contract"" or reference to blanket additional insured coverage. Look for language like ""certificate holder is additional insured"" or ""per written contract"".",matchOnce,must be present,,Present,compliant,Block Requirements,,,true,1,,2026-08-16
"Block Real Estate Services, LLC",69fdf7a362446148bd85b068,69fded1662446148bd848e3b,"Discount Tire / Halle Properties, Inc.",69fdf1a402bb2c42a87a79ca,"tic681 - College Crossing F {College Crossing EFGH, LLC}",evidenceOfInsurance,Evidence of Insurance,6ac20aae-5728-5d57-b364-aeba38527dba,Additional Requirements,e1017741-e47e-5f58-97b8-fbc3043e919f,Umbrella follows form over General Liability,"---prompt---
Determine if the Umbrella/Excess Liability policy follows form to the underlying policies. Evidence may include: language in the Description of Operations section stating the umbrella follows form to underlying coverages or an additional page endorsement stating that it follows form. Follow form means the umbrella policy adopts the same terms, conditions, and exclusions as the underlying policies.",matchOnce,must be present,,Present,compliant,Block Requirements,,,true,1,,2026-08-16
"Block Real Estate Services, LLC",69fdf7a362446148bd85b068,69fded1662446148bd848e3b,"Discount Tire / Halle Properties, Inc.",69fdf1a402bb2c42a87a79ca,"tic681 - College Crossing F {College Crossing EFGH, LLC}",evidenceOfInsurance,Evidence of Insurance,6ac20aae-5728-5d57-b364-aeba38527dba,Additional Requirements,2cdd866f-c9a4-576a-afd8-1d045762790c,The location must be listed as: 11001 Strang Line Road Lenexa KS 66215,,matchOnce,must be present,,Present,compliant,Block Requirements,,,true,1,,2026-08-16
"Block Real Estate Services, LLC",69fdf7a362446148bd85b068,69fded1662446148bd848e3b,"Discount Tire / Halle Properties, Inc.",69fdf1a402bb2c42a87a79ca,"tic681 - College Crossing F {College Crossing EFGH, LLC}",evidenceOfInsurance,Evidence of Insurance,6ac20aae-5728-5d57-b364-aeba38527dba,Additional Requirements,3649e9d1-4e09-59bf-8f30-cb33c40cf117,"Certificate Holder must read: c/o Block Real Estate Services, LLC, 4622 Pennsylvania St., Suite 700, Kansas City, MO, 64112",,matchOnce,must be present,,Present,compliant,Block Requirements,,,true,1,,2026-08-16
"Block Real Estate Services, LLC",69fdf7a362446148bd85b067,69fded0f62446148bd848c19,"Kitchen and Bath by Briggs / Briggs, Inc.",69fdf1a402bb2c42a87a79ca,"tic681 - College Crossing F {College Crossing EFGH, LLC}",evidenceOfInsurance,Evidence of Insurance,commercialGeneralLiability,Commercial General Liability,evidenceOfInsuranceCommercialGeneralLiabilityCoverageTriggerOccurrence,Coverage Trigger: Occurrence,,matchOnce,must be present,,Present,compliant,Block Requirements,,,false,1,,2026-08-16
"Block Real Estate Services, LLC",69fdf7a362446148bd85b067,69fded0f62446148bd848c19,"Kitchen and Bath by Briggs / Briggs, Inc.",69fdf1a402bb2c42a87a79ca,"tic681 - College Crossing F {College Crossing EFGH, LLC}",evidenceOfInsurance,Evidence of Insurance,commercialGeneralLiability,Commercial General Liability,evidenceOfInsuranceCommercialGeneralLiabilityGeneralAggregateLimitAppliesPerLocation,General Aggregate Limit Applies per: Location,,matchOnce,must be present,,,waived,Block Requirements,Per location not a requirement in the lease,,false,0,,2026-08-16
"Block Real Estate Services, LLC",69fdf7a362446148bd85b067,69fded0f62446148bd848c19,"Kitchen and Bath by Briggs / Briggs, Inc.",69fdf1a402bb2c42a87a79ca,"tic681 - College Crossing F {College Crossing EFGH, LLC}",evidenceOfInsurance,Evidence of Insurance,commercialGeneralLiability,Commercial General Liability,evidenceOfInsuranceCommercialGeneralLiabilityEachOccurrence,Each Occurrence,,matchOnce,must be greater or equal to,1000000,1000000,compliant,Block Requirements,,,false,1,,2026-08-16
"Block Real Estate Services, LLC",69fdf7a362446148bd85b067,69fded0f62446148bd848c19,"Kitchen and Bath by Briggs / Briggs, Inc.",69fdf1a402bb2c42a87a79ca,"tic681 - College Crossing F {College Crossing EFGH, LLC}",evidenceOfInsurance,Evidence of Insurance,commercialGeneralLiability,Commercial General Liability,evidenceOfInsuranceCommercialGeneralLiabilityGeneralAggregate,General Aggregate,,matchOnce,must be greater or equal to,2000000,3000000,compliant,Block Requirements,,,false,1,,2026-08-16
"Block Real Estate Services, LLC",69fdf7a362446148bd85b067,69fded0f62446148bd848c19,"Kitchen and Bath by Briggs / Briggs, Inc.",69fdf1a402bb2c42a87a79ca,"tic681 - College Crossing F {College Crossing EFGH, LLC}",evidenceOfInsurance,Evidence of Insurance,commercialGeneralLiability,Commercial General Liability,evidenceOfInsuranceCommercialGeneralLiabilityWaiverOfSubrogationEndorsement,Waiver of Subrogation,"---prompt---
Determine if the insurer has waived their right of subrogation in favor of the certificate holder under the Commercial General Liability policy. Evidence may include: a checked ""Waiver of Subrogation"" box on the certificate, mention in the Description of Operations section stating ""waiver of subrogation applies"", or reference to form CG 24 04. Look for language like ""subrogation is waived"" or ""per written contract"".",matchOnce,must be present,,Present,compliant,Block Requirements,,,false,1,,2026-08-16
"Block Real Estate Services, LLC",69fdf7a362446148bd85b067,69fded0f62446148bd848c19,"Kitchen and Bath by Briggs / Briggs, Inc.",69fdf1a402bb2c42a87a79ca,"tic681 - College Crossing F {College Crossing EFGH, LLC}",evidenceOfInsurance,Evidence of Insurance,excessOrUmbrellaLiability,Umbrella/Excess Liability,evidenceOfInsuranceExcessOrUmbrellaLiabilityOccurence,Coverage Trigger: Occurrence,,matchOnce,must be present,,Present,waived,Block Requirements,,,false,1,,2026-08-16
"Block Real Estate Services, LLC",69fdf7a362446148bd85b067,69fded0f62446148bd848c19,"Kitchen and Bath by Briggs / Briggs, Inc.",69fdf1a402bb2c42a87a79ca,"tic681 - College Crossing F {College Crossing EFGH, LLC}",evidenceOfInsurance,Evidence of Insurance,excessOrUmbrellaLiability,Umbrella/Excess Liability,evidenceOfInsuranceExcessOrUmbrellaLiabilityEachOccurrence,Each Occurrence,,matchOnce,must be greater or equal to,1000000,2000000,waived,Block Requirements,,,false,1,,2026-08-16
"Block Real Estate Services, LLC",69fdf7a362446148bd85b067,69fded0f62446148bd848c19,"Kitchen and Bath by Briggs / Briggs, Inc.",69fdf1a402bb2c42a87a79ca,"tic681 - College Crossing F {College Crossing EFGH, LLC}",evidenceOfInsurance,Evidence of Insurance,excessOrUmbrellaLiability,Umbrella/Excess Liability,evidenceOfInsuranceExcessOrUmbrellaLiabilityAggregate,Aggregate,,matchOnce,must be greater or equal to,1000000,2000000,waived,Block Requirements,,,false,1,,2026-08-16
"Block Real Estate Services, LLC",69fdf7a362446148bd85b067,69fded0f62446148bd848c19,"Kitchen and Bath by Briggs / Briggs, Inc.",69fdf1a402bb2c42a87a79ca,"tic681 - College Crossing F {College Crossing EFGH, LLC}",evidenceOfInsurance,Evidence of Insurance,workersCompensation,Workers' Compensation and Employer's Liability,evidenceOfInsuranceWorkersCompensationStatutoryLimits,Statutory Limits,,matchOnce,must be present,,Present,compliant,Block Requirements,,,false,1,,2026-08-16
"Block Real Estate Services, LLC",69fdf7a362446148bd85b067,69fded0f62446148bd848c19,"Kitchen and Bath by Briggs / Briggs, Inc.",69fdf1a402bb2c42a87a79ca,"tic681 - College Crossing F {College Crossing EFGH, LLC}",evidenceOfInsurance,Evidence of Insurance,workersCompensation,Workers' Compensation and Employer's Liability,evidenceOfInsuranceWorkersCompensationEmployersLiabilityEachAccident,Employer's Liability Each Accident,,matchOnce,must be greater or equal to,500000,500000,compliant,Block Requirements,,,false,1,,2026-08-16
"Block Real Estate Services, LLC",69fdf7a362446148bd85b067,69fded0f62446148bd848c19,"Kitchen and Bath by Briggs / Briggs, Inc.",69fdf1a402bb2c42a87a79ca,"tic681 - College Crossing F {College Crossing EFGH, LLC}",evidenceOfInsurance,Evidence of Insurance,workersCompensation,Workers' Compensation and Employer's Liability,evidenceOfInsuranceWorkersCompensationEmployersLiabilityDiseaseEachEmployee,Employer's Liability Disease - each employee,,matchOnce,must be greater or equal to,500000,500000,compliant,Block Requirements,,,false,1,,2026-08-16
"Block Real Estate Services, LLC",69fdf7a362446148bd85b067,69fded0f62446148bd848c19,"Kitchen and Bath by Briggs / Briggs, Inc.",69fdf1a402bb2c42a87a79ca,"tic681 - College Crossing F {College Crossing EFGH, LLC}",evidenceOfInsurance,Evidence of Insurance,workersCompensation,Workers' Compensation and Employer's Liability,evidenceOfInsuranceWorkersCompensationEmployersLiabilityDiseasePolicyLimit,Employer's Liability Disease - policy limit,,matchOnce,must be greater or equal to,500000,500000,compliant,Block Requirements,,,false,1,,2026-08-16
"Block Real Estate Services, LLC",69fdf7a362446148bd85b067,69fded0f62446148bd848c19,"Kitchen and Bath by Briggs / Briggs, Inc.",69fdf1a402bb2c42a87a79ca,"tic681 - College Crossing F {College Crossing EFGH, LLC}",evidenceOfInsurance,Evidence of Insurance,workersCompensation,Workers' Compensation and Employer's Liability,evidenceOfInsuranceWorkersCompensationWaiverOfSubrogationEndorsement,Waiver of Subrogation,"---prompt---
Determine if the insurer has waived their right of subrogation in favor of the certificate holder under the Workers' Compensation policy. Evidence may include: a checked ""Waiver of Subrogation"" box on the certificate, mention in the Description of Operations section stating ""waiver of subrogation applies"", or reference to form WC 00 03 13. Look for language like ""subrogation is waived"" or ""per written contract"".",matchOnce,must be present,,Present,compliant,Block Requirements,,,false,1,,2026-08-16
"Block Real Estate Services, LLC",69fdf7a362446148bd85b067,69fded0f62446148bd848c19,"Kitchen and Bath by Briggs / Briggs, Inc.",69fdf1a402bb2c42a87a79ca,"tic681 - College Crossing F {College Crossing EFGH, LLC}",evidenceOfInsurance,Evidence of Insurance,6ac20aae-5728-5d57-b364-aeba38527dba,Additional Requirements,4da5b0f1-4c9d-5885-8cf8-5d3cccaed3e0,"Block Real Estate Services, LLC and all others required by contract are named as Additional Insureds","---prompt---
Determine if the Description of Operations or the Additional Remarks Schedule section states the ""Additional Insured as Construction Management, Inc. and all others required by contract"" or reference to blanket additional insured coverage. Look for language like ""certificate holder is additional insured"" or ""per written contract"".",matchOnce,must be present,,Present,compliant,Block Requirements,,,true,1,,2026-08-16
"Block Real Estate Services, LLC",69fdf7a362446148bd85b067,69fded0f62446148bd848c19,"Kitchen and Bath by Briggs / Briggs, Inc.",69fdf1a402bb2c42a87a79ca,"tic681 - College Crossing F {College Crossing EFGH, LLC}",evidenceOfInsurance,Evidence of Insurance,6ac20aae-5728-5d57-b364-aeba38527dba,Additional Requirements,e1017741-e47e-5f58-97b8-fbc3043e919f,Umbrella follows form over General Liability,"---prompt---
Determine if the Umbrella/Excess Liability policy follows form to the underlying policies. Evidence may include: language in the Description of Operations section stating the umbrella follows form to underlying coverages or an additional page endorsement stating that it follows form. Follow form means the umbrella policy adopts the same terms, conditions, and exclusions as the underlying policies.",matchOnce,must be present,,,waived,Block Requirements,Umbrella not a requirement in the lease,,true,0,,2026-08-16
"Block Real Estate Services, LLC",69fdf7a362446148bd85b067,69fded0f62446148bd848c19,"Kitchen and Bath by Briggs / Briggs, Inc.",69fdf1a402bb2c42a87a79ca,"tic681 - College Crossing F {College Crossing EFGH, LLC}",evidenceOfInsurance,Evidence of Insurance,6ac20aae-5728-5d57-b364-aeba38527dba,Additional Requirements,2cdd866f-c9a4-576a-afd8-1d045762790c,"The location must be listed as: 11005, 11009 Strang Line Road Lenexa KS 66215",,matchOnce,must be present,,Present,compliant,Block Requirements,,,true,1,,2026-08-16
"Block Real Estate Services, LLC",69fdf7a362446148bd85b067,69fded0f62446148bd848c19,"Kitchen and Bath by Briggs / Briggs, Inc.",69fdf1a402bb2c42a87a79ca,"tic681 - College Crossing F {College Crossing EFGH, LLC}",evidenceOfInsurance,Evidence of Insurance,6ac20aae-5728-5d57-b364-aeba38527dba,Additional Requirements,3649e9d1-4e09-59bf-8f30-cb33c40cf117,"Certificate Holder must read: c/o Block Real Estate Services, LLC, 4622 Pennsylvania St., Suite 700, Kansas City, MO, 64112",,matchOnce,must be present,,Present,compliant,Block Requirements,,,true,1,,2026-08-16
"Block Real Estate Services, LLC",69fdf74a62446148bd854b3a,69fded1062446148bd848c1f,The Professional Group / Bryan Torez,69fdef3f3b208288e0a7a0f6,"3rd387 - Arrowhead Shopping Center {JW Perry, LLC}",evidenceOfInsurance,Evidence of Insurance,commercialGeneralLiability,Commercial General Liability,evidenceOfInsuranceCommercialGeneralLiabilityCoverageTriggerOccurrence,Coverage Trigger: Occurrence,,matchOnce,must be present,,Present,compliant,Block Requirements,,,false,2,,2026-08-16
"Block Real Estate Services, LLC",69fdf74a62446148bd854b3a,69fded1062446148bd848c1f,The Professional Group / Bryan Torez,69fdef3f3b208288e0a7a0f6,"3rd387 - Arrowhead Shopping Center {JW Perry, LLC}",evidenceOfInsurance,Evidence of Insurance,commercialGeneralLiability,Commercial General Liability,evidenceOfInsuranceCommercialGeneralLiabilityGeneralAggregateLimitAppliesPerLocation,General Aggregate Limit Applies per: Location,,matchOnce,must be present,,Present,compliant,Block Requirements,,,false,2,,2026-08-16
"Block Real Estate Services, LLC",69fdf74a62446148bd854b3a,69fded1062446148bd848c1f,The Professional Group / Bryan Torez,69fdef3f3b208288e0a7a0f6,"3rd387 - Arrowhead Shopping Center {JW Perry, LLC}",evidenceOfInsurance,Evidence of Insurance,commercialGeneralLiability,Commercial General Liability,evidenceOfInsuranceCommercialGeneralLiabilityEachOccurrence,Each Occurrence,,matchOnce,must be greater or equal to,1000000,1000000,compliant,Block Requirements,,,false,2,,2026-08-16
"Block Real Estate Services, LLC",69fdf74a62446148bd854b3a,69fded1062446148bd848c1f,The Professional Group / Bryan Torez,69fdef3f3b208288e0a7a0f6,"3rd387 - Arrowhead Shopping Center {JW Perry, LLC}",evidenceOfInsurance,Evidence of Insurance,commercialGeneralLiability,Commercial General Liability,evidenceOfInsuranceCommercialGeneralLiabilityGeneralAggregate,General Aggregate,,matchOnce,must be greater or equal to,2000000,2000000,compliant,Block Requirements,,,false,2,,2026-08-16
"Block Real Estate Services, LLC",69fdf74a62446148bd854b3a,69fded1062446148bd848c1f,The Professional Group / Bryan Torez,69fdef3f3b208288e0a7a0f6,"3rd387 - Arrowhead Shopping Center {JW Perry, LLC}",evidenceOfInsurance,Evidence of Insurance,commercialGeneralLiability,Commercial General Liability,evidenceOfInsuranceCommercialGeneralLiabilityWaiverOfSubrogationEndorsement,Waiver of Subrogation,"---prompt---
Determine if the insurer has waived their right of subrogation in favor of the certificate holder under the Commercial General Liability policy. Evidence may include: a checked ""Waiver of Subrogation"" box on the certificate, mention in the Description of Operations section stating ""waiver of subrogation applies"", or reference to form CG 24 04. Look for language like ""subrogation is waived"" or ""per written contract"".",matchOnce,must be present,,,non_compliant,Block Requirements,,,false,0,,2026-08-16
"Block Real Estate Services, LLC",69fdf74a62446148bd854b3a,69fded1062446148bd848c1f,The Professional Group / Bryan Torez,69fdef3f3b208288e0a7a0f6,"3rd387 - Arrowhead Shopping Center {JW Perry, LLC}",evidenceOfInsurance,Evidence of Insurance,excessOrUmbrellaLiability,Umbrella/Excess Liability,evidenceOfInsuranceExcessOrUmbrellaLiabilityOccurence,Coverage Trigger: Occurrence,,matchOnce,must be present,,,non_compliant,Block Requirements,,,false,0,,2026-08-16
"Block Real Estate Services, LLC",69fdf74a62446148bd854b3a,69fded1062446148bd848c1f,The Professional Group / Bryan Torez,69fdef3f3b208288e0a7a0f6,"3rd387 - Arrowhead Shopping Center {JW Perry, LLC}",evidenceOfInsurance,Evidence of Insurance,excessOrUmbrellaLiability,Umbrella/Excess Liability,evidenceOfInsuranceExcessOrUmbrellaLiabilityEachOccurrence,Each Occurrence,,matchOnce,must be greater or equal to,1000000,,non_compliant,Block Requirements,,,false,0,,2026-08-16
"Block Real Estate Services, LLC",69fdf74a62446148bd854b3a,69fded1062446148bd848c1f,The Professional Group / Bryan Torez,69fdef3f3b208288e0a7a0f6,"3rd387 - Arrowhead Shopping Center {JW Perry, LLC}",evidenceOfInsurance,Evidence of Insurance,excessOrUmbrellaLiability,Umbrella/Excess Liability,evidenceOfInsuranceExcessOrUmbrellaLiabilityAggregate,Aggregate,,matchOnce,must be greater or equal to,1000000,,non_compliant,Block Requirements,,,false,0,,2026-08-16
"Block Real Estate Services, LLC",69fdf74a62446148bd854b3a,69fded1062446148bd848c1f,The Professional Group / Bryan Torez,69fdef3f3b208288e0a7a0f6,"3rd387 - Arrowhead Shopping Center {JW Perry, LLC}",evidenceOfInsurance,Evidence of Insurance,workersCompensation,Workers' Compensation and Employer's Liability,evidenceOfInsuranceWorkersCompensationStatutoryLimits,Statutory Limits,,matchOnce,must be present,,,non_compliant,Block Requirements,,,false,0,,2026-08-16
"Block Real Estate Services, LLC",69fdf74a62446148bd854b3a,69fded1062446148bd848c1f,The Professional Group / Bryan Torez,69fdef3f3b208288e0a7a0f6,"3rd387 - Arrowhead Shopping Center {JW Perry, LLC}",evidenceOfInsurance,Evidence of Insurance,workersCompensation,Workers' Compensation and Employer's Liability,evidenceOfInsuranceWorkersCompensationEmployersLiabilityEachAccident,Employer's Liability Each Accident,,matchOnce,must be greater or equal to,500000,,non_compliant,Block Requirements,,,false,0,,2026-08-16
"Block Real Estate Services, LLC",69fdf74a62446148bd854b3a,69fded1062446148bd848c1f,The Professional Group / Bryan Torez,69fdef3f3b208288e0a7a0f6,"3rd387 - Arrowhead Shopping Center {JW Perry, LLC}",evidenceOfInsurance,Evidence of Insurance,workersCompensation,Workers' Compensation and Employer's Liability,evidenceOfInsuranceWorkersCompensationEmployersLiabilityDiseaseEachEmployee,Employer's Liability Disease - each employee,,matchOnce,must be greater or equal to,500000,,non_compliant,Block Requirements,,,false,0,,2026-08-16
"Block Real Estate Services, LLC",69fdf74a62446148bd854b3a,69fded1062446148bd848c1f,The Professional Group / Bryan Torez,69fdef3f3b208288e0a7a0f6,"3rd387 - Arrowhead Shopping Center {JW Perry, LLC}",evidenceOfInsurance,Evidence of Insurance,workersCompensation,Workers' Compensation and Employer's Liability,evidenceOfInsuranceWorkersCompensationEmployersLiabilityDiseasePolicyLimit,Employer's Liability Disease - policy limit,,matchOnce,must be greater or equal to,500000,,non_compliant,Block Requirements,,,false,0,,2026-08-16
"Block Real Estate Services, LLC",69fdf74a62446148bd854b3a,69fded1062446148bd848c1f,The Professional Group / Bryan Torez,69fdef3f3b208288e0a7a0f6,"3rd387 - Arrowhead Shopping Center {JW Perry, LLC}",evidenceOfInsurance,Evidence of Insurance,workersCompensation,Workers' Compensation and Employer's Liability,evidenceOfInsuranceWorkersCompensationWaiverOfSubrogationEndorsement,Waiver of Subrogation,"---prompt---
Determine if the insurer has waived their right of subrogation in favor of the certificate holder under the Workers' Compensation policy. Evidence may include: a checked ""Waiver of Subrogation"" box on the certificate, mention in the Description of Operations section stating ""waiver of subrogation applies"", or reference to form WC 00 03 13. Look for language like ""subrogation is waived"" or ""per written contract"".",matchOnce,must be present,,,non_compliant,Block Requirements,,,false,0,,2026-08-16
"Block Real Estate Services, LLC",69fdf74a62446148bd854b3a,69fded1062446148bd848c1f,The Professional Group / Bryan Torez,69fdef3f3b208288e0a7a0f6,"3rd387 - Arrowhead Shopping Center {JW Perry, LLC}",evidenceOfInsurance,Evidence of Insurance,6ac20aae-5728-5d57-b364-aeba38527dba,Additional Requirements,4da5b0f1-4c9d-5885-8cf8-5d3cccaed3e0,"Block Real Estate Services, LLC and all others required by contract are named as Additional Insureds","---prompt---
Determine if the Description of Operations or the Additional Remarks Schedule section states the ""Additional Insured as Construction Management, Inc. and all others required by contract"" or reference to blanket additional insured coverage. Look for language like ""certificate holder is additional insured"" or ""per written contract"".",matchOnce,must be present,,Present,compliant,Block Requirements,,,true,1,,2026-08-16
"Block Real Estate Services, LLC",69fdf74a62446148bd854b3a,69fded1062446148bd848c1f,The Professional Group / Bryan Torez,69fdef3f3b208288e0a7a0f6,"3rd387 - Arrowhead Shopping Center {JW Perry, LLC}",evidenceOfInsurance,Evidence of Insurance,6ac20aae-5728-5d57-b364-aeba38527dba,Additional Requirements,e1017741-e47e-5f58-97b8-fbc3043e919f,Umbrella follows form over General Liability,"---prompt---
Determine if the Umbrella/Excess Liability policy follows form to the underlying policies. Evidence may include: language in the Description of Operations section stating the umbrella follows form to underlying coverages or an additional page endorsement stating that it follows form. Follow form means the umbrella policy adopts the same terms, conditions, and exclusions as the underlying policies.",matchOnce,must be present,,,non_compliant,Block Requirements,,,true,0,,2026-08-16
"Block Real Estate Services, LLC",69fdf74a62446148bd854b3a,69fded1062446148bd848c1f,The Professional Group / Bryan Torez,69fdef3f3b208288e0a7a0f6,"3rd387 - Arrowhead Shopping Center {JW Perry, LLC}",evidenceOfInsurance,Evidence of Insurance,6ac20aae-5728-5d57-b364-aeba38527dba,Additional Requirements,2cdd866f-c9a4-576a-afd8-1d045762790c,"The location must be listed as: 8125, 8127 Parallel Parkway, Kansas City, KS, 66112",,matchOnce,must be present,,,non_compliant,Block Requirements,,,true,0,,2026-08-16
"Block Real Estate Services, LLC",69fdf74a62446148bd854b3a,69fded1062446148bd848c1f,The Professional Group / Bryan Torez,69fdef3f3b208288e0a7a0f6,"3rd387 - Arrowhead Shopping Center {JW Perry, LLC}",evidenceOfInsurance,Evidence of Insurance,6ac20aae-5728-5d57-b364-aeba38527dba,Additional Requirements,3649e9d1-4e09-59bf-8f30-cb33c40cf117,"Certificate Holder must read: c/o Block Real Estate Services, LLC, 4622 Pennsylvania St., Suite 700, Kansas City, MO, 64112",,matchOnce,must be present,,Present,compliant,Block Requirements,,,true,1,,2026-08-16
"Block Real Estate Services, LLC",69fdf74a62446148bd854b3f,69fded2362446148bd849279,"Vakok Asian Market, LLC",69fdef3f3b208288e0a7a0f6,"3rd387 - Arrowhead Shopping Center {JW Perry, LLC}",evidenceOfInsurance,Evidence of Insurance,commercialGeneralLiability,Commercial General Liability,evidenceOfInsuranceCommercialGeneralLiabilityCoverageTriggerOccurrence,Coverage Trigger: Occurrence,,matchOnce,must be present,,,non_compliant,Block Requirements,,,false,0,,2026-08-16
"Block Real Estate Services, LLC",69fdf74a62446148bd854b3f,69fded2362446148bd849279,"Vakok Asian Market, LLC",69fdef3f3b208288e0a7a0f6,"3rd387 - Arrowhead Shopping Center {JW Perry, LLC}",evidenceOfInsurance,Evidence of Insurance,commercialGeneralLiability,Commercial General Liability,evidenceOfInsuranceCommercialGeneralLiabilityGeneralAggregateLimitAppliesPerLocation,General Aggregate Limit Applies per: Location,,matchOnce,must be present,,,non_compliant,Block Requirements,,,false,0,,2026-08-16
"Block Real Estate Services, LLC",69fdf74a62446148bd854b3f,69fded2362446148bd849279,"Vakok Asian Market, LLC",69fdef3f3b208288e0a7a0f6,"3rd387 - Arrowhead Shopping Center {JW Perry, LLC}",evidenceOfInsurance,Evidence of Insurance,commercialGeneralLiability,Commercial General Liability,evidenceOfInsuranceCommercialGeneralLiabilityEachOccurrence,Each Occurrence,,matchOnce,must be greater or equal to,1000000,,non_compliant,Block Requirements,,,false,0,,2026-08-16
"Block Real Estate Services, LLC",69fdf74a62446148bd854b3f,69fded2362446148bd849279,"Vakok Asian Market, LLC",69fdef3f3b208288e0a7a0f6,"3rd387 - Arrowhead Shopping Center {JW Perry, LLC}",evidenceOfInsurance,Evidence of Insurance,commercialGeneralLiability,Commercial General Liability,evidenceOfInsuranceCommercialGeneralLiabilityGeneralAggregate,General Aggregate,,matchOnce,must be greater or equal to,2000000,,non_compliant,Block Requirements,,,false,0,,2026-08-16
"Block Real Estate Services, LLC",69fdf74a62446148bd854b3f,69fded2362446148bd849279,"Vakok Asian Market, LLC",69fdef3f3b208288e0a7a0f6,"3rd387 - Arrowhead Shopping Center {JW Perry, LLC}",evidenceOfInsurance,Evidence of Insurance,commercialGeneralLiability,Commercial General Liability,evidenceOfInsuranceCommercialGeneralLiabilityWaiverOfSubrogationEndorsement,Waiver of Subrogation,"---prompt---
Determine if the insurer has waived their right of subrogation in favor of the certificate holder under the Commercial General Liability policy. Evidence may include: a checked ""Waiver of Subrogation"" box on the certificate, mention in the Description of Operations section stating ""waiver of subrogation applies"", or reference to form CG 24 04. Look for language like ""subrogation is waived"" or ""per written contract"".",matchOnce,must be present,,,non_compliant,Block Requirements,,,false,0,,2026-08-16
"Block Real Estate Services, LLC",69fdf74a62446148bd854b3f,69fded2362446148bd849279,"Vakok Asian Market, LLC",69fdef3f3b208288e0a7a0f6,"3rd387 - Arrowhead Shopping Center {JW Perry, LLC}",evidenceOfInsurance,Evidence of Insurance,excessOrUmbrellaLiability,Umbrella/Excess Liability,evidenceOfInsuranceExcessOrUmbrellaLiabilityOccurence,Coverage Trigger: Occurrence,,matchOnce,must be present,,,non_compliant,Block Requirements,,,false,0,,2026-08-16
"Block Real Estate Services, LLC",69fdf74a62446148bd854b3f,69fded2362446148bd849279,"Vakok Asian Market, LLC",69fdef3f3b208288e0a7a0f6,"3rd387 - Arrowhead Shopping Center {JW Perry, LLC}",evidenceOfInsurance,Evidence of Insurance,excessOrUmbrellaLiability,Umbrella/Excess Liability,evidenceOfInsuranceExcessOrUmbrellaLiabilityEachOccurrence,Each Occurrence,,matchOnce,must be greater or equal to,1000000,,non_compliant,Block Requirements,,,false,0,,2026-08-16
"Block Real Estate Services, LLC",69fdf74a62446148bd854b3f,69fded2362446148bd849279,"Vakok Asian Market, LLC",69fdef3f3b208288e0a7a0f6,"3rd387 - Arrowhead Shopping Center {JW Perry, LLC}",evidenceOfInsurance,Evidence of Insurance,excessOrUmbrellaLiability,Umbrella/Excess Liability,evidenceOfInsuranceExcessOrUmbrellaLiabilityAggregate,Aggregate,,matchOnce,must be greater or equal to,1000000,,non_compliant,Block Requirements,,,false,0,,2026-08-16
"Block Real Estate Services, LLC",69fdf74a62446148bd854b3f,69fded2362446148bd849279,"Vakok Asian Market, LLC",69fdef3f3b208288e0a7a0f6,"3rd387 - Arrowhead Shopping Center {JW Perry, LLC}",evidenceOfInsurance,Evidence of Insurance,workersCompensation,Workers' Compensation and Employer's Liability,evidenceOfInsuranceWorkersCompensationStatutoryLimits,Statutory Limits,,matchOnce,must be present,,,non_compliant,Block Requirements,,,false,0,,2026-08-16
"Block Real Estate Services, LLC",69fdf74a62446148bd854b3f,69fded2362446148bd849279,"Vakok Asian Market, LLC",69fdef3f3b208288e0a7a0f6,"3rd387 - Arrowhead Shopping Center {JW Perry, LLC}",evidenceOfInsurance,Evidence of Insurance,workersCompensation,Workers' Compensation and Employer's Liability,evidenceOfInsuranceWorkersCompensationEmployersLiabilityEachAccident,Employer's Liability Each Accident,,matchOnce,must be greater or equal to,500000,,non_compliant,Block Requirements,,,false,0,,2026-08-16
"Block Real Estate Services, LLC",69fdf74a62446148bd854b3f,69fded2362446148bd849279,"Vakok Asian Market, LLC",69fdef3f3b208288e0a7a0f6,"3rd387 - Arrowhead Shopping Center {JW Perry, LLC}",evidenceOfInsurance,Evidence of Insurance,workersCompensation,Workers' Compensation and Employer's Liability,evidenceOfInsuranceWorkersCompensationEmployersLiabilityDiseaseEachEmployee,Employer's Liability Disease - each employee,,matchOnce,must be greater or equal to,500000,,non_compliant,Block Requirements,,,false,0,,2026-08-16
"Block Real Estate Services, LLC",69fdf74a62446148bd854b3f,69fded2362446148bd849279,"Vakok Asian Market, LLC",69fdef3f3b208288e0a7a0f6,"3rd387 - Arrowhead Shopping Center {JW Perry, LLC}",evidenceOfInsurance,Evidence of Insurance,workersCompensation,Workers' Compensation and Employer's Liability,evidenceOfInsuranceWorkersCompensationEmployersLiabilityDiseasePolicyLimit,Employer's Liability Disease - policy limit,,matchOnce,must be greater or equal to,500000,,non_compliant,Block Requirements,,,false,0,,2026-08-16
"Block Real Estate Services, LLC",69fdf74a62446148bd854b3f,69fded2362446148bd849279,"Vakok Asian Market, LLC",69fdef3f3b208288e0a7a0f6,"3rd387 - Arrowhead Shopping Center {JW Perry, LLC}",evidenceOfInsurance,Evidence of Insurance,workersCompensation,Workers' Compensation and Employer's Liability,evidenceOfInsuranceWorkersCompensationWaiverOfSubrogationEndorsement,Waiver of Subrogation,"---prompt---
Determine if the insurer has waived their right of subrogation in favor of the certificate holder under the Workers' Compensation policy. Evidence may include: a checked ""Waiver of Subrogation"" box on the certificate, mention in the Description of Operations section stating ""waiver of subrogation applies"", or reference to form WC 00 03 13. Look for language like ""subrogation is waived"" or ""per written contract"".",matchOnce,must be present,,,non_compliant,Block Requirements,,,false,0,,2026-08-16
"Block Real Estate Services, LLC",69fdf74a62446148bd854b3f,69fded2362446148bd849279,"Vakok Asian Market, LLC",69fdef3f3b208288e0a7a0f6,"3rd387 - Arrowhead Shopping Center {JW Perry, LLC}",evidenceOfInsurance,Evidence of Insurance,6ac20aae-5728-5d57-b364-aeba38527dba,Additional Requirements,4da5b0f1-4c9d-5885-8cf8-5d3cccaed3e0,"Block Real Estate Services, LLC and all others required by contract are named as Additional Insureds","---prompt---
Determine if the Description of Operations or the Additional Remarks Schedule section states the ""Additional Insured as Construction Management, Inc. and all others required by contract"" or reference to blanket additional insured coverage. Look for language like ""certificate holder is additional insured"" or ""per written contract"".",matchOnce,must be present,,,non_compliant,Block Requirements,,,true,0,,2026-08-16
"Block Real Estate Services, LLC",69fdf74a62446148bd854b3f,69fded2362446148bd849279,"Vakok Asian Market, LLC",69fdef3f3b208288e0a7a0f6,"3rd387 - Arrowhead Shopping Center {JW Perry, LLC}",evidenceOfInsurance,Evidence of Insurance,6ac20aae-5728-5d57-b364-aeba38527dba,Additional Requirements,e1017741-e47e-5f58-97b8-fbc3043e919f,Umbrella follows form over General Liability,"---prompt---
Determine if the Umbrella/Excess Liability policy follows form to the underlying policies. Evidence may include: language in the Description of Operations section stating the umbrella follows form to underlying coverages or an additional page endorsement stating that it follows form. Follow form means the umbrella policy adopts the same terms, conditions, and exclusions as the underlying policies.",matchOnce,must be present,,,non_compliant,Block Requirements,,,true,0,,2026-08-16
"Block Real Estate Services, LLC",69fdf74a62446148bd854b3f,69fded2362446148bd849279,"Vakok Asian Market, LLC",69fdef3f3b208288e0a7a0f6,"3rd387 - Arrowhead Shopping Center {JW Perry, LLC}",evidenceOfInsurance,Evidence of Insurance,6ac20aae-5728-5d57-b364-aeba38527dba,Additional Requirements,2cdd866f-c9a4-576a-afd8-1d045762790c,"The location must be listed as: 8143 Parallel Parkway, Kansas City, KS, 66112",,matchOnce,must be present,,,non_compliant,Block Requirements,,,true,0,,2026-08-16
"Block Real Estate Services, LLC",69fdf74a62446148bd854b3f,69fded2362446148bd849279,"Vakok Asian Market, LLC",69fdef3f3b208288e0a7a0f6,"3rd387 - Arrowhead Shopping Center {JW Perry, LLC}",evidenceOfInsurance,Evidence of Insurance,6ac20aae-5728-5d57-b364-aeba38527dba,Additional Requirements,3649e9d1-4e09-59bf-8f30-cb33c40cf117,"Certificate Holder must read: c/o Block Real Estate Services, LLC, 4622 Pennsylvania St., Suite 700, Kansas City, MO, 64112",,matchOnce,must be present,,,non_compliant,Block Requirements,,,true,0,,2026-08-16
"Block Real Estate Services, LLC",69fdf74a62446148bd854b3d,69fded1362446148bd848d48,Edward Jones,69fdef3f3b208288e0a7a0f6,"3rd387 - Arrowhead Shopping Center {JW Perry, LLC}",evidenceOfInsurance,Evidence of Insurance,commercialGeneralLiability,Commercial General Liability,evidenceOfInsuranceCommercialGeneralLiabilityCoverageTriggerOccurrence,Coverage Trigger: Occurrence,,matchOnce,must be present,,Present,compliant,Block Requirements,,,false,1,,2026-08-16
"Block Real Estate Services, LLC",69fdf74a62446148bd854b3d,69fded1362446148bd848d48,Edward Jones,69fdef3f3b208288e0a7a0f6,"3rd387 - Arrowhead Shopping Center {JW Perry, LLC}",evidenceOfInsurance,Evidence of Insurance,commercialGeneralLiability,Commercial General Liability,evidenceOfInsuranceCommercialGeneralLiabilityGeneralAggregateLimitAppliesPerLocation,General Aggregate Limit Applies per: Location,,matchOnce,must be present,,Present,compliant,Block Requirements,,,false,1,,2026-08-16
"Block Real Estate Services, LLC",69fdf74a62446148bd854b3d,69fded1362446148bd848d48,Edward Jones,69fdef3f3b208288e0a7a0f6,"3rd387 - Arrowhead Shopping Center {JW Perry, LLC}",evidenceOfInsurance,Evidence of Insurance,commercialGeneralLiability,Commercial General Liability,evidenceOfInsuranceCommercialGeneralLiabilityEachOccurrence,Each Occurrence,,matchOnce,must be greater or equal to,1000000,2000000,compliant,Block Requirements,,,false,1,,2026-08-16
"Block Real Estate Services, LLC",69fdf74a62446148bd854b3d,69fded1362446148bd848d48,Edward Jones,69fdef3f3b208288e0a7a0f6,"3rd387 - Arrowhead Shopping Center {JW Perry, LLC}",evidenceOfInsurance,Evidence of Insurance,commercialGeneralLiability,Commercial General Liability,evidenceOfInsuranceCommercialGeneralLiabilityGeneralAggregate,General Aggregate,,matchOnce,must be greater or equal to,2000000,4000000,compliant,Block Requirements,,,false,1,,2026-08-16
"Block Real Estate Services, LLC",69fdf74a62446148bd854b3d,69fded1362446148bd848d48,Edward Jones,69fdef3f3b208288e0a7a0f6,"3rd387 - Arrowhead Shopping Center {JW Perry, LLC}",evidenceOfInsurance,Evidence of Insurance,commercialGeneralLiability,Commercial General Liability,evidenceOfInsuranceCommercialGeneralLiabilityWaiverOfSubrogationEndorsement,Waiver of Subrogation,"---prompt---
Determine if the insurer has waived their right of subrogation in favor of the certificate holder under the Commercial General Liability policy. Evidence may include: a checked ""Waiver of Subrogation"" box on the certificate, mention in the Description of Operations section stating ""waiver of subrogation applies"", or reference to form CG 24 04. Look for language like ""subrogation is waived"" or ""per written contract"".",matchOnce,must be present,,Present,compliant,Block Requirements,,,false,1,,2026-08-16
"Block Real Estate Services, LLC",69fdf74a62446148bd854b3d,69fded1362446148bd848d48,Edward Jones,69fdef3f3b208288e0a7a0f6,"3rd387 - Arrowhead Shopping Center {JW Perry, LLC}",evidenceOfInsurance,Evidence of Insurance,excessOrUmbrellaLiability,Umbrella/Excess Liability,evidenceOfInsuranceExcessOrUmbrellaLiabilityOccurence,Coverage Trigger: Occurrence,,matchOnce,must be present,,Present,compliant,Block Requirements,,,false,1,,2026-08-16
"Block Real Estate Services, LLC",69fdf74a62446148bd854b3d,69fded1362446148bd848d48,Edward Jones,69fdef3f3b208288e0a7a0f6,"3rd387 - Arrowhead Shopping Center {JW Perry, LLC}",evidenceOfInsurance,Evidence of Insurance,excessOrUmbrellaLiability,Umbrella/Excess Liability,evidenceOfInsuranceExcessOrUmbrellaLiabilityEachOccurrence,Each Occurrence,,matchOnce,must be greater or equal to,1000000,1000000,compliant,Block Requirements,,,false,1,,2026-08-16
"Block Real Estate Services, LLC",69fdf74a62446148bd854b3d,69fded1362446148bd848d48,Edward Jones,69fdef3f3b208288e0a7a0f6,"3rd387 - Arrowhead Shopping Center {JW Perry, LLC}",evidenceOfInsurance,Evidence of Insurance,excessOrUmbrellaLiability,Umbrella/Excess Liability,evidenceOfInsuranceExcessOrUmbrellaLiabilityAggregate,Aggregate,,matchOnce,must be greater or equal to,1000000,1000000,compliant,Block Requirements,,,false,1,,2026-08-16
"Block Real Estate Services, LLC",69fdf74a62446148bd854b3d,69fded1362446148bd848d48,Edward Jones,69fdef3f3b208288e0a7a0f6,"3rd387 - Arrowhead Shopping Center {JW Perry, LLC}",evidenceOfInsurance,Evidence of Insurance,workersCompensation,Workers' Compensation and Employer's Liability,evidenceOfInsuranceWorkersCompensationStatutoryLimits,Statutory Limits,,matchOnce,must be present,,Present,compliant,Block Requirements,,,false,1,,2026-08-16
"Block Real Estate Services, LLC",69fdf74a62446148bd854b3d,69fded1362446148bd848d48,Edward Jones,69fdef3f3b208288e0a7a0f6,"3rd387 - Arrowhead Shopping Center {JW Perry, LLC}",evidenceOfInsurance,Evidence of Insurance,workersCompensation,Workers' Compensation and Employer's Liability,evidenceOfInsuranceWorkersCompensationEmployersLiabilityEachAccident,Employer's Liability Each Accident,,matchOnce,must be greater or equal to,500000,1000000,compliant,Block Requirements,,,false,1,,2026-08-16
"Block Real Estate Services, LLC",69fdf74a62446148bd854b3d,69fded1362446148bd848d48,Edward Jones,69fdef3f3b208288e0a7a0f6,"3rd387 - Arrowhead Shopping Center {JW Perry, LLC}",evidenceOfInsurance,Evidence of Insurance,workersCompensation,Workers' Compensation and Employer's Liability,evidenceOfInsuranceWorkersCompensationEmployersLiabilityDiseaseEachEmployee,Employer's Liability Disease - each employee,,matchOnce,must be greater or equal to,500000,1000000,compliant,Block Requirements,,,false,1,,2026-08-16
"Block Real Estate Services, LLC",69fdf74a62446148bd854b3d,69fded1362446148bd848d48,Edward Jones,69fdef3f3b208288e0a7a0f6,"3rd387 - Arrowhead Shopping Center {JW Perry, LLC}",evidenceOfInsurance,Evidence of Insurance,workersCompensation,Workers' Compensation and Employer's Liability,evidenceOfInsuranceWorkersCompensationEmployersLiabilityDiseasePolicyLimit,Employer's Liability Disease - policy limit,,matchOnce,must be greater or equal to,500000,1000000,compliant,Block Requirements,,,false,1,,2026-08-16
"Block Real Estate Services, LLC",69fdf74a62446148bd854b3d,69fded1362446148bd848d48,Edward Jones,69fdef3f3b208288e0a7a0f6,"3rd387 - Arrowhead Shopping Center {JW Perry, LLC}",evidenceOfInsurance,Evidence of Insurance,workersCompensation,Workers' Compensation and Employer's Liability,evidenceOfInsuranceWorkersCompensationWaiverOfSubrogationEndorsement,Waiver of Subrogation,"---prompt---
Determine if the insurer has waived their right of subrogation in favor of the certificate holder under the Workers' Compensation policy. Evidence may include: a checked ""Waiver of Subrogation"" box on the certificate, mention in the Description of Operations section stating ""waiver of subrogation applies"", or reference to form WC 00 03 13. Look for language like ""subrogation is waived"" or ""per written contract"".",matchOnce,must be present,,Present,compliant,Block Requirements,,,false,1,,2026-08-16
"Block Real Estate Services, LLC",69fdf74a62446148bd854b3d,69fded1362446148bd848d48,Edward Jones,69fdef3f3b208288e0a7a0f6,"3rd387 - Arrowhead Shopping Center {JW Perry, LLC}",evidenceOfInsurance,Evidence of Insurance,6ac20aae-5728-5d57-b364-aeba38527dba,Additional Requirements,4da5b0f1-4c9d-5885-8cf8-5d3cccaed3e0,"Block Real Estate Services, LLC and all others required by contract are named as Additional Insureds","---prompt---
Determine if the Description of Operations or the Additional Remarks Schedule section states the ""Additional Insured as Construction Management, Inc. and all others required by contract"" or reference to blanket additional insured coverage. Look for language like ""certificate holder is additional insured"" or ""per written contract"".",matchOnce,must be present,,Present,compliant,Block Requirements,,,true,1,,2026-08-16
"Block Real Estate Services, LLC",69fdf74a62446148bd854b3d,69fded1362446148bd848d48,Edward Jones,69fdef3f3b208288e0a7a0f6,"3rd387 - Arrowhead Shopping Center {JW Perry, LLC}",evidenceOfInsurance,Evidence of Insurance,6ac20aae-5728-5d57-b364-aeba38527dba,Additional Requirements,e1017741-e47e-5f58-97b8-fbc3043e919f,Umbrella follows form over General Liability,"---prompt---
Determine if the Umbrella/Excess Liability policy follows form to the underlying policies. Evidence may include: language in the Description of Operations section stating the umbrella follows form to underlying coverages or an additional page endorsement stating that it follows form. Follow form means the umbrella policy adopts the same terms, conditions, and exclusions as the underlying policies.",matchOnce,must be present,,,non_compliant,Block Requirements,,,true,0,,2026-08-16
"Block Real Estate Services, LLC",69fdf74a62446148bd854b3d,69fded1362446148bd848d48,Edward Jones,69fdef3f3b208288e0a7a0f6,"3rd387 - Arrowhead Shopping Center {JW Perry, LLC}",evidenceOfInsurance,Evidence of Insurance,6ac20aae-5728-5d57-b364-aeba38527dba,Additional Requirements,2cdd866f-c9a4-576a-afd8-1d045762790c,"The location must be listed as: 8147 Parallel Parkway, Kansas City, KS, 66112",,matchOnce,must be present,,,non_compliant,Block Requirements,,,true,0,,2026-08-16
"Block Real Estate Services, LLC",69fdf74a62446148bd854b3d,69fded1362446148bd848d48,Edward Jones,69fdef3f3b208288e0a7a0f6,"3rd387 - Arrowhead Shopping Center {JW Perry, LLC}",evidenceOfInsurance,Evidence of Insurance,6ac20aae-5728-5d57-b364-aeba38527dba,Additional Requirements,3649e9d1-4e09-59bf-8f30-cb33c40cf117,"Certificate Holder must read: c/o Block Real Estate Services, LLC, 4622 Pennsylvania St., Suite 700, Kansas City, MO, 64112",,matchOnce,must be present,,Present,compliant,Block Requirements,,,true,1,,2026-08-16
"Block Real Estate Services, LLC",69fdf74a62446148bd854b3e,69fded1962446148bd848eef,"The Dotte Spot / KC Smashers, LLC",69fdef3f3b208288e0a7a0f6,"3rd387 - Arrowhead Shopping Center {JW Perry, LLC}",evidenceOfInsurance,Evidence of Insurance,commercialGeneralLiability,Commercial General Liability,evidenceOfInsuranceCommercialGeneralLiabilityCoverageTriggerOccurrence,Coverage Trigger: Occurrence,,matchOnce,must be present,,,non_compliant,Block Requirements,,,false,0,,2026-08-16
"Block Real Estate Services, LLC",69fdf74a62446148bd854b3e,69fded1962446148bd848eef,"The Dotte Spot / KC Smashers, LLC",69fdef3f3b208288e0a7a0f6,"3rd387 - Arrowhead Shopping Center {JW Perry, LLC}",evidenceOfInsurance,Evidence of Insurance,commercialGeneralLiability,Commercial General Liability,evidenceOfInsuranceCommercialGeneralLiabilityGeneralAggregateLimitAppliesPerLocation,General Aggregate Limit Applies per: Location,,matchOnce,must be present,,,non_compliant,Block Requirements,,,false,0,,2026-08-16
"Block Real Estate Services, LLC",69fdf74a62446148bd854b3e,69fded1962446148bd848eef,"The Dotte Spot / KC Smashers, LLC",69fdef3f3b208288e0a7a0f6,"3rd387 - Arrowhead Shopping Center {JW Perry, LLC}",evidenceOfInsurance,Evidence of Insurance,commercialGeneralLiability,Commercial General Liability,evidenceOfInsuranceCommercialGeneralLiabilityEachOccurrence,Each Occurrence,,matchOnce,must be greater or equal to,1000000,,non_compliant,Block Requirements,,,false,0,,2026-08-16
"Block Real Estate Services, LLC",69fdf74a62446148bd854b3e,69fded1962446148bd848eef,"The Dotte Spot / KC Smashers, LLC",69fdef3f3b208288e0a7a0f6,"3rd387 - Arrowhead Shopping Center {JW Perry, LLC}",evidenceOfInsurance,Evidence of Insurance,commercialGeneralLiability,Commercial General Liability,evidenceOfInsuranceCommercialGeneralLiabilityGeneralAggregate,General Aggregate,,matchOnce,must be greater or equal to,2000000,,non_compliant,Block Requirements,,,false,0,,2026-08-16
"Block Real Estate Services, LLC",69fdf74a62446148bd854b3e,69fded1962446148bd848eef,"The Dotte Spot / KC Smashers, LLC",69fdef3f3b208288e0a7a0f6,"3rd387 - Arrowhead Shopping Center {JW Perry, LLC}",evidenceOfInsurance,Evidence of Insurance,commercialGeneralLiability,Commercial General Liability,evidenceOfInsuranceCommercialGeneralLiabilityWaiverOfSubrogationEndorsement,Waiver of Subrogation,"---prompt---
Determine if the insurer has waived their right of subrogation in favor of the certificate holder under the Commercial General Liability policy. Evidence may include: a checked ""Waiver of Subrogation"" box on the certificate, mention in the Description of Operations section stating ""waiver of subrogation applies"", or reference to form CG 24 04. Look for language like ""subrogation is waived"" or ""per written contract"".",matchOnce,must be present,,,non_compliant,Block Requirements,,,false,0,,2026-08-16
"Block Real Estate Services, LLC",69fdf74a62446148bd854b3e,69fded1962446148bd848eef,"The Dotte Spot / KC Smashers, LLC",69fdef3f3b208288e0a7a0f6,"3rd387 - Arrowhead Shopping Center {JW Perry, LLC}",evidenceOfInsurance,Evidence of Insurance,excessOrUmbrellaLiability,Umbrella/Excess Liability,evidenceOfInsuranceExcessOrUmbrellaLiabilityOccurence,Coverage Trigger: Occurrence,,matchOnce,must be present,,,non_compliant,Block Requirements,,,false,0,,2026-08-16
"Block Real Estate Services, LLC",69fdf74a62446148bd854b3e,69fded1962446148bd848eef,"The Dotte Spot / KC Smashers, LLC",69fdef3f3b208288e0a7a0f6,"3rd387 - Arrowhead Shopping Center {JW Perry, LLC}",evidenceOfInsurance,Evidence of Insurance,excessOrUmbrellaLiability,Umbrella/Excess Liability,evidenceOfInsuranceExcessOrUmbrellaLiabilityEachOccurrence,Each Occurrence,,matchOnce,must be greater or equal to,1000000,,non_compliant,Block Requirements,,,false,0,,2026-08-16
"Block Real Estate Services, LLC",69fdf74a62446148bd854b3e,69fded1962446148bd848eef,"The Dotte Spot / KC Smashers, LLC",69fdef3f3b208288e0a7a0f6,"3rd387 - Arrowhead Shopping Center {JW Perry, LLC}",evidenceOfInsurance,Evidence of Insurance,excessOrUmbrellaLiability,Umbrella/Excess Liability,evidenceOfInsuranceExcessOrUmbrellaLiabilityAggregate,Aggregate,,matchOnce,must be greater or equal to,1000000,,non_compliant,Block Requirements,,,false,0,,2026-08-16
"Block Real Estate Services, LLC",69fdf74a62446148bd854b3e,69fded1962446148bd848eef,"The Dotte Spot / KC Smashers, LLC",69fdef3f3b208288e0a7a0f6,"3rd387 - Arrowhead Shopping Center {JW Perry, LLC}",evidenceOfInsurance,Evidence of Insurance,workersCompensation,Workers' Compensation and Employer's Liability,evidenceOfInsuranceWorkersCompensationStatutoryLimits,Statutory Limits,,matchOnce,must be present,,,non_compliant,Block Requirements,,,false,0,,2026-08-16
"Block Real Estate Services, LLC",69fdf74a62446148bd854b3e,69fded1962446148bd848eef,"The Dotte Spot / KC Smashers, LLC",69fdef3f3b208288e0a7a0f6,"3rd387 - Arrowhead Shopping Center {JW Perry, LLC}",evidenceOfInsurance,Evidence of Insurance,workersCompensation,Workers' Compensation and Employer's Liability,evidenceOfInsuranceWorkersCompensationEmployersLiabilityEachAccident,Employer's Liability Each Accident,,matchOnce,must be greater or equal to,500000,,non_compliant,Block Requirements,,,false,0,,2026-08-16
"Block Real Estate Services, LLC",69fdf74a62446148bd854b3e,69fded1962446148bd848eef,"The Dotte Spot / KC Smashers, LLC",69fdef3f3b208288e0a7a0f6,"3rd387 - Arrowhead Shopping Center {JW Perry, LLC}",evidenceOfInsurance,Evidence of Insurance,workersCompensation,Workers' Compensation and Employer's Liability,evidenceOfInsuranceWorkersCompensationEmployersLiabilityDiseaseEachEmployee,Employer's Liability Disease - each employee,,matchOnce,must be greater or equal to,500000,,non_compliant,Block Requirements,,,false,0,,2026-08-16
"Block Real Estate Services, LLC",69fdf74a62446148bd854b3e,69fded1962446148bd848eef,"The Dotte Spot / KC Smashers, LLC",69fdef3f3b208288e0a7a0f6,"3rd387 - Arrowhead Shopping Center {JW Perry, LLC}",evidenceOfInsurance,Evidence of Insurance,workersCompensation,Workers' Compensation and Employer's Liability,evidenceOfInsuranceWorkersCompensationEmployersLiabilityDiseasePolicyLimit,Employer's Liability Disease - policy limit,,matchOnce,must be greater or equal to,500000,,non_compliant,Block Requirements,,,false,0,,2026-08-16
"Block Real Estate Services, LLC",69fdf74a62446148bd854b3e,69fded1962446148bd848eef,"The Dotte Spot / KC Smashers, LLC",69fdef3f3b208288e0a7a0f6,"3rd387 - Arrowhead Shopping Center {JW Perry, LLC}",evidenceOfInsurance,Evidence of Insurance,workersCompensation,Workers' Compensation and Employer's Liability,evidenceOfInsuranceWorkersCompensationWaiverOfSubrogationEndorsement,Waiver of Subrogation,"---prompt---
Determine if the insurer has waived their right of subrogation in favor of the certificate holder under the Workers' Compensation policy. Evidence may include: a checked ""Waiver of Subrogation"" box on the certificate, mention in the Description of Operations section stating ""waiver of subrogation applies"", or reference to form WC 00 03 13. Look for language like ""subrogation is waived"" or ""per written contract"".",matchOnce,must be present,,,non_compliant,Block Requirements,,,false,0,,2026-08-16
"Block Real Estate Services, LLC",69fdf74a62446148bd854b3e,69fded1962446148bd848eef,"The Dotte Spot / KC Smashers, LLC",69fdef3f3b208288e0a7a0f6,"3rd387 - Arrowhead Shopping Center {JW Perry, LLC}",evidenceOfInsurance,Evidence of Insurance,6ac20aae-5728-5d57-b364-aeba38527dba,Additional Requirements,4da5b0f1-4c9d-5885-8cf8-5d3cccaed3e0,"Block Real Estate Services, LLC and all others required by contract are named as Additional Insureds","---prompt---
Determine if the Description of Operations or the Additional Remarks Schedule section states the ""Additional Insured as Construction Management, Inc. and all others required by contract"" or reference to blanket additional insured coverage. Look for language like ""certificate holder is additional insured"" or ""per written contract"".",matchOnce,must be present,,,non_compliant,Block Requirements,,,true,0,,2026-08-16
"Block Real Estate Services, LLC",69fdf74a62446148bd854b3e,69fded1962446148bd848eef,"The Dotte Spot / KC Smashers, LLC",69fdef3f3b208288e0a7a0f6,"3rd387 - Arrowhead Shopping Center {JW Perry, LLC}",evidenceOfInsurance,Evidence of Insurance,6ac20aae-5728-5d57-b364-aeba38527dba,Additional Requirements,e1017741-e47e-5f58-97b8-fbc3043e919f,Umbrella follows form over General Liability,"---prompt---
Determine if the Umbrella/Excess Liability policy follows form to the underlying policies. Evidence may include: language in the Description of Operations section stating the umbrella follows form to underlying coverages or an additional page endorsement stating that it follows form. Follow form means the umbrella policy adopts the same terms, conditions, and exclusions as the underlying policies.",matchOnce,must be present,,,non_compliant,Block Requirements,,,true,0,,2026-08-16
"Block Real Estate Services, LLC",69fdf74a62446148bd854b3e,69fded1962446148bd848eef,"The Dotte Spot / KC Smashers, LLC",69fdef3f3b208288e0a7a0f6,"3rd387 - Arrowhead Shopping Center {JW Perry, LLC}",evidenceOfInsurance,Evidence of Insurance,6ac20aae-5728-5d57-b364-aeba38527dba,Additional Requirements,2cdd866f-c9a4-576a-afd8-1d045762790c,"The location must be listed as: 8121, 8123 Parallel Parkway, Kansas City, KS, 66112",,matchOnce,must be present,,,non_compliant,Block Requirements,,,true,0,,2026-08-16
"Block Real Estate Services, LLC",69fdf74a62446148bd854b3e,69fded1962446148bd848eef,"The Dotte Spot / KC Smashers, LLC",69fdef3f3b208288e0a7a0f6,"3rd387 - Arrowhead Shopping Center {JW Perry, LLC}",evidenceOfInsurance,Evidence of Insurance,6ac20aae-5728-5d57-b364-aeba38527dba,Additional Requirements,3649e9d1-4e09-59bf-8f30-cb33c40cf117,"Certificate Holder must read: c/o Block Real Estate Services, LLC, 4622 Pennsylvania St., Suite 700, Kansas City, MO, 64112",,matchOnce,must be present,,,non_compliant,Block Requirements,,,true,0,,2026-08-16
"Block Real Estate Services, LLC",69fdf74a62446148bd854b3c,69fded1362446148bd848d12,Diana M. Dang,69fdef3f3b208288e0a7a0f6,"3rd387 - Arrowhead Shopping Center {JW Perry, LLC}",evidenceOfInsurance,Evidence of Insurance,commercialGeneralLiability,Commercial General Liability,evidenceOfInsuranceCommercialGeneralLiabilityCoverageTriggerOccurrence,Coverage Trigger: Occurrence,,matchOnce,must be present,,,non_compliant,Block Requirements,,,false,0,,2026-08-16
"Block Real Estate Services, LLC",69fdf74a62446148bd854b3c,69fded1362446148bd848d12,Diana M. Dang,69fdef3f3b208288e0a7a0f6,"3rd387 - Arrowhead Shopping Center {JW Perry, LLC}",evidenceOfInsurance,Evidence of Insurance,commercialGeneralLiability,Commercial General Liability,evidenceOfInsuranceCommercialGeneralLiabilityGeneralAggregateLimitAppliesPerLocation,General Aggregate Limit Applies per: Location,,matchOnce,must be present,,,non_compliant,Block Requirements,,,false,0,,2026-08-16
"Block Real Estate Services, LLC",69fdf74a62446148bd854b3c,69fded1362446148bd848d12,Diana M. Dang,69fdef3f3b208288e0a7a0f6,"3rd387 - Arrowhead Shopping Center {JW Perry, LLC}",evidenceOfInsurance,Evidence of Insurance,commercialGeneralLiability,Commercial General Liability,evidenceOfInsuranceCommercialGeneralLiabilityEachOccurrence,Each Occurrence,,matchOnce,must be greater or equal to,1000000,,non_compliant,Block Requirements,,,false,0,,2026-08-16
"Block Real Estate Services, LLC",69fdf74a62446148bd854b3c,69fded1362446148bd848d12,Diana M. Dang,69fdef3f3b208288e0a7a0f6,"3rd387 - Arrowhead Shopping Center {JW Perry, LLC}",evidenceOfInsurance,Evidence of Insurance,commercialGeneralLiability,Commercial General Liability,evidenceOfInsuranceCommercialGeneralLiabilityGeneralAggregate,General Aggregate,,matchOnce,must be greater or equal to,2000000,,non_compliant,Block Requirements,,,false,0,,2026-08-16
"Block Real Estate Services, LLC",69fdf74a62446148bd854b3c,69fded1362446148bd848d12,Diana M. Dang,69fdef3f3b208288e0a7a0f6,"3rd387 - Arrowhead Shopping Center {JW Perry, LLC}",evidenceOfInsurance,Evidence of Insurance,commercialGeneralLiability,Commercial General Liability,evidenceOfInsuranceCommercialGeneralLiabilityWaiverOfSubrogationEndorsement,Waiver of Subrogation,"---prompt---
Determine if the insurer has waived their right of subrogation in favor of the certificate holder under the Commercial General Liability policy. Evidence may include: a checked ""Waiver of Subrogation"" box on the certificate, mention in the Description of Operations section stating ""waiver of subrogation applies"", or reference to form CG 24 04. Look for language like ""subrogation is waived"" or ""per written contract"".",matchOnce,must be present,,,non_compliant,Block Requirements,,,false,0,,2026-08-16
"Block Real Estate Services, LLC",69fdf74a62446148bd854b3c,69fded1362446148bd848d12,Diana M. Dang,69fdef3f3b208288e0a7a0f6,"3rd387 - Arrowhead Shopping Center {JW Perry, LLC}",evidenceOfInsurance,Evidence of Insurance,excessOrUmbrellaLiability,Umbrella/Excess Liability,evidenceOfInsuranceExcessOrUmbrellaLiabilityOccurence,Coverage Trigger: Occurrence,,matchOnce,must be present,,,non_compliant,Block Requirements,,,false,0,,2026-08-16
"Block Real Estate Services, LLC",69fdf74a62446148bd854b3c,69fded1362446148bd848d12,Diana M. Dang,69fdef3f3b208288e0a7a0f6,"3rd387 - Arrowhead Shopping Center {JW Perry, LLC}",evidenceOfInsurance,Evidence of Insurance,excessOrUmbrellaLiability,Umbrella/Excess Liability,evidenceOfInsuranceExcessOrUmbrellaLiabilityEachOccurrence,Each Occurrence,,matchOnce,must be greater or equal to,1000000,,non_compliant,Block Requirements,,,false,0,,2026-08-16
"Block Real Estate Services, LLC",69fdf74a62446148bd854b3c,69fded1362446148bd848d12,Diana M. Dang,69fdef3f3b208288e0a7a0f6,"3rd387 - Arrowhead Shopping Center {JW Perry, LLC}",evidenceOfInsurance,Evidence of Insurance,excessOrUmbrellaLiability,Umbrella/Excess Liability,evidenceOfInsuranceExcessOrUmbrellaLiabilityAggregate,Aggregate,,matchOnce,must be greater or equal to,1000000,,non_compliant,Block Requirements,,,false,0,,2026-08-16
"Block Real Estate Services, LLC",69fdf74a62446148bd854b3c,69fded1362446148bd848d12,Diana M. Dang,69fdef3f3b208288e0a7a0f6,"3rd387 - Arrowhead Shopping Center {JW Perry, LLC}",evidenceOfInsurance,Evidence of Insurance,workersCompensation,Workers' Compensation and Employer's Liability,evidenceOfInsuranceWorkersCompensationStatutoryLimits,Statutory Limits,,matchOnce,must be present,,,non_compliant,Block Requirements,,,false,0,,2026-08-16
"Block Real Estate Services, LLC",69fdf74a62446148bd854b3c,69fded1362446148bd848d12,Diana M. Dang,69fdef3f3b208288e0a7a0f6,"3rd387 - Arrowhead Shopping Center {JW Perry, LLC}",evidenceOfInsurance,Evidence of Insurance,workersCompensation,Workers' Compensation and Employer's Liability,evidenceOfInsuranceWorkersCompensationEmployersLiabilityEachAccident,Employer's Liability Each Accident,,matchOnce,must be greater or equal to,500000,,non_compliant,Block Requirements,,,false,0,,2026-08-16
"Block Real Estate Services, LLC",69fdf74a62446148bd854b3c,69fded1362446148bd848d12,Diana M. Dang,69fdef3f3b208288e0a7a0f6,"3rd387 - Arrowhead Shopping Center {JW Perry, LLC}",evidenceOfInsurance,Evidence of Insurance,workersCompensation,Workers' Compensation and Employer's Liability,evidenceOfInsuranceWorkersCompensationEmployersLiabilityDiseaseEachEmployee,Employer's Liability Disease - each employee,,matchOnce,must be greater or equal to,500000,,non_compliant,Block Requirements,,,false,0,,2026-08-16
"Block Real Estate Services, LLC",69fdf74a62446148bd854b3c,69fded1362446148bd848d12,Diana M. Dang,69fdef3f3b208288e0a7a0f6,"3rd387 - Arrowhead Shopping Center {JW Perry, LLC}",evidenceOfInsurance,Evidence of Insurance,workersCompensation,Workers' Compensation and Employer's Liability,evidenceOfInsuranceWorkersCompensationEmployersLiabilityDiseasePolicyLimit,Employer's Liability Disease - policy limit,,matchOnce,must be greater or equal to,500000,,non_compliant,Block Requirements,,,false,0,,2026-08-16
"Block Real Estate Services, LLC",69fdf74a62446148bd854b3c,69fded1362446148bd848d12,Diana M. Dang,69fdef3f3b208288e0a7a0f6,"3rd387 - Arrowhead Shopping Center {JW Perry, LLC}",evidenceOfInsurance,Evidence of Insurance,workersCompensation,Workers' Compensation and Employer's Liability,evidenceOfInsuranceWorkersCompensationWaiverOfSubrogationEndorsement,Waiver of Subrogation,"---prompt---
Determine if the insurer has waived their right of subrogation in favor of the certificate holder under the Workers' Compensation policy. Evidence may include: a checked ""Waiver of Subrogation"" box on the certificate, mention in the Description of Operations section stating ""waiver of subrogation applies"", or reference to form WC 00 03 13. Look for language like ""subrogation is waived"" or ""per written contract"".",matchOnce,must be present,,,non_compliant,Block Requirements,,,false,0,,2026-08-16
"Block Real Estate Services, LLC",69fdf74a62446148bd854b3c,69fded1362446148bd848d12,Diana M. Dang,69fdef3f3b208288e0a7a0f6,"3rd387 - Arrowhead Shopping Center {JW Perry, LLC}",evidenceOfInsurance,Evidence of Insurance,6ac20aae-5728-5d57-b364-aeba38527dba,Additional Requirements,4da5b0f1-4c9d-5885-8cf8-5d3cccaed3e0,"Block Real Estate Services, LLC and all others required by contract are named as Additional Insureds","---prompt---
Determine if the Description of Operations or the Additional Remarks Schedule section states the ""Additional Insured as Construction Management, Inc. and all others required by contract"" or reference to blanket additional insured coverage. Look for language like ""certificate holder is additional insured"" or ""per written contract"".",matchOnce,must be present,,,non_compliant,Block Requirements,,,true,0,,2026-08-16
"Block Real Estate Services, LLC",69fdf74a62446148bd854b3c,69fded1362446148bd848d12,Diana M. Dang,69fdef3f3b208288e0a7a0f6,"3rd387 - Arrowhead Shopping Center {JW Perry, LLC}",evidenceOfInsurance,Evidence of Insurance,6ac20aae-5728-5d57-b364-aeba38527dba,Additional Requirements,e1017741-e47e-5f58-97b8-fbc3043e919f,Umbrella follows form over General Liability,"---prompt---
Determine if the Umbrella/Excess Liability policy follows form to the underlying policies. Evidence may include: language in the Description of Operations section stating the umbrella follows form to underlying coverages or an additional page endorsement stating that it follows form. Follow form means the umbrella policy adopts the same terms, conditions, and exclusions as the underlying policies.",matchOnce,must be present,,,non_compliant,Block Requirements,,,true,0,,2026-08-16
"Block Real Estate Services, LLC",69fdf74a62446148bd854b3c,69fded1362446148bd848d12,Diana M. Dang,69fdef3f3b208288e0a7a0f6,"3rd387 - Arrowhead Shopping Center {JW Perry, LLC}",evidenceOfInsurance,Evidence of Insurance,6ac20aae-5728-5d57-b364-aeba38527dba,Additional Requirements,2cdd866f-c9a4-576a-afd8-1d045762790c,"The location must be listed as: 8133 Parallel Parkway, Kansas City, KS, 66112",,matchOnce,must be present,,,non_compliant,Block Requirements,,,true,0,,2026-08-16
"Block Real Estate Services, LLC",69fdf74a62446148bd854b3c,69fded1362446148bd848d12,Diana M. Dang,69fdef3f3b208288e0a7a0f6,"3rd387 - Arrowhead Shopping Center {JW Perry, LLC}",evidenceOfInsurance,Evidence of Insurance,6ac20aae-5728-5d57-b364-aeba38527dba,Additional Requirements,3649e9d1-4e09-59bf-8f30-cb33c40cf117,"Certificate Holder must read: c/o Block Real Estate Services, LLC, 4622 Pennsylvania St., Suite 700, Kansas City, MO, 64112",,matchOnce,must be present,,,non_compliant,Block Requirements,,,true,0,,2026-08-16
"Block Real Estate Services, LLC",69fdf74a62446148bd854b3b,69fded1162446148bd848c6d,"Chin Asian Restaurant, LLC",69fdef3f3b208288e0a7a0f6,"3rd387 - Arrowhead Shopping Center {JW Perry, LLC}",evidenceOfInsurance,Evidence of Insurance,commercialGeneralLiability,Commercial General Liability,evidenceOfInsuranceCommercialGeneralLiabilityCoverageTriggerOccurrence,Coverage Trigger: Occurrence,,matchOnce,must be present,,,non_compliant,Block Requirements,,,false,0,,2026-08-16
"Block Real Estate Services, LLC",69fdf74a62446148bd854b3b,69fded1162446148bd848c6d,"Chin Asian Restaurant, LLC",69fdef3f3b208288e0a7a0f6,"3rd387 - Arrowhead Shopping Center {JW Perry, LLC}",evidenceOfInsurance,Evidence of Insurance,commercialGeneralLiability,Commercial General Liability,evidenceOfInsuranceCommercialGeneralLiabilityGeneralAggregateLimitAppliesPerLocation,General Aggregate Limit Applies per: Location,,matchOnce,must be present,,,non_compliant,Block Requirements,,,false,0,,2026-08-16
"Block Real Estate Services, LLC",69fdf74a62446148bd854b3b,69fded1162446148bd848c6d,"Chin Asian Restaurant, LLC",69fdef3f3b208288e0a7a0f6,"3rd387 - Arrowhead Shopping Center {JW Perry, LLC}",evidenceOfInsurance,Evidence of Insurance,commercialGeneralLiability,Commercial General Liability,evidenceOfInsuranceCommercialGeneralLiabilityEachOccurrence,Each Occurrence,,matchOnce,must be greater or equal to,1000000,,non_compliant,Block Requirements,,,false,0,,2026-08-16
"Block Real Estate Services, LLC",69fdf74a62446148bd854b3b,69fded1162446148bd848c6d,"Chin Asian Restaurant, LLC",69fdef3f3b208288e0a7a0f6,"3rd387 - Arrowhead Shopping Center {JW Perry, LLC}",evidenceOfInsurance,Evidence of Insurance,commercialGeneralLiability,Commercial General Liability,evidenceOfInsuranceCommercialGeneralLiabilityGeneralAggregate,General Aggregate,,matchOnce,must be greater or equal to,2000000,,non_compliant,Block Requirements,,,false,0,,2026-08-16
"Block Real Estate Services, LLC",69fdf74a62446148bd854b3b,69fded1162446148bd848c6d,"Chin Asian Restaurant, LLC",69fdef3f3b208288e0a7a0f6,"3rd387 - Arrowhead Shopping Center {JW Perry, LLC}",evidenceOfInsurance,Evidence of Insurance,commercialGeneralLiability,Commercial General Liability,evidenceOfInsuranceCommercialGeneralLiabilityWaiverOfSubrogationEndorsement,Waiver of Subrogation,"---prompt---
Determine if the insurer has waived their right of subrogation in favor of the certificate holder under the Commercial General Liability policy. Evidence may include: a checked ""Waiver of Subrogation"" box on the certificate, mention in the Description of Operations section stating ""waiver of subrogation applies"", or reference to form CG 24 04. Look for language like ""subrogation is waived"" or ""per written contract"".",matchOnce,must be present,,,non_compliant,Block Requirements,,,false,0,,2026-08-16
"Block Real Estate Services, LLC",69fdf74a62446148bd854b3b,69fded1162446148bd848c6d,"Chin Asian Restaurant, LLC",69fdef3f3b208288e0a7a0f6,"3rd387 - Arrowhead Shopping Center {JW Perry, LLC}",evidenceOfInsurance,Evidence of Insurance,excessOrUmbrellaLiability,Umbrella/Excess Liability,evidenceOfInsuranceExcessOrUmbrellaLiabilityOccurence,Coverage Trigger: Occurrence,,matchOnce,must be present,,,non_compliant,Block Requirements,,,false,0,,2026-08-16
"Block Real Estate Services, LLC",69fdf74a62446148bd854b3b,69fded1162446148bd848c6d,"Chin Asian Restaurant, LLC",69fdef3f3b208288e0a7a0f6,"3rd387 - Arrowhead Shopping Center {JW Perry, LLC}",evidenceOfInsurance,Evidence of Insurance,excessOrUmbrellaLiability,Umbrella/Excess Liability,evidenceOfInsuranceExcessOrUmbrellaLiabilityEachOccurrence,Each Occurrence,,matchOnce,must be greater or equal to,1000000,,non_compliant,Block Requirements,,,false,0,,2026-08-16
"Block Real Estate Services, LLC",69fdf74a62446148bd854b3b,69fded1162446148bd848c6d,"Chin Asian Restaurant, LLC",69fdef3f3b208288e0a7a0f6,"3rd387 - Arrowhead Shopping Center {JW Perry, LLC}",evidenceOfInsurance,Evidence of Insurance,excessOrUmbrellaLiability,Umbrella/Excess Liability,evidenceOfInsuranceExcessOrUmbrellaLiabilityAggregate,Aggregate,,matchOnce,must be greater or equal to,1000000,,non_compliant,Block Requirements,,,false,0,,2026-08-16
"Block Real Estate Services, LLC",69fdf74a62446148bd854b3b,69fded1162446148bd848c6d,"Chin Asian Restaurant, LLC",69fdef3f3b208288e0a7a0f6,"3rd387 - Arrowhead Shopping Center {JW Perry, LLC}",evidenceOfInsurance,Evidence of Insurance,workersCompensation,Workers' Compensation and Employer's Liability,evidenceOfInsuranceWorkersCompensationStatutoryLimits,Statutory Limits,,matchOnce,must be present,,,non_compliant,Block Requirements,,,false,0,,2026-08-16
"Block Real Estate Services, LLC",69fdf74a62446148bd854b3b,69fded1162446148bd848c6d,"Chin Asian Restaurant, LLC",69fdef3f3b208288e0a7a0f6,"3rd387 - Arrowhead Shopping Center {JW Perry, LLC}",evidenceOfInsurance,Evidence of Insurance,workersCompensation,Workers' Compensation and Employer's Liability,evidenceOfInsuranceWorkersCompensationEmployersLiabilityEachAccident,Employer's Liability Each Accident,,matchOnce,must be greater or equal to,500000,,non_compliant,Block Requirements,,,false,0,,2026-08-16
"Block Real Estate Services, LLC",69fdf74a62446148bd854b3b,69fded1162446148bd848c6d,"Chin Asian Restaurant, LLC",69fdef3f3b208288e0a7a0f6,"3rd387 - Arrowhead Shopping Center {JW Perry, LLC}",evidenceOfInsurance,Evidence of Insurance,workersCompensation,Workers' Compensation and Employer's Liability,evidenceOfInsuranceWorkersCompensationEmployersLiabilityDiseaseEachEmployee,Employer's Liability Disease - each employee,,matchOnce,must be greater or equal to,500000,,non_compliant,Block Requirements,,,false,0,,2026-08-16
"Block Real Estate Services, LLC",69fdf74a62446148bd854b3b,69fded1162446148bd848c6d,"Chin Asian Restaurant, LLC",69fdef3f3b208288e0a7a0f6,"3rd387 - Arrowhead Shopping Center {JW Perry, LLC}",evidenceOfInsurance,Evidence of Insurance,workersCompensation,Workers' Compensation and Employer's Liability,evidenceOfInsuranceWorkersCompensationEmployersLiabilityDiseasePolicyLimit,Employer's Liability Disease - policy limit,,matchOnce,must be greater or equal to,500000,,non_compliant,Block Requirements,,,false,0,,2026-08-16
"Block Real Estate Services, LLC",69fdf74a62446148bd854b3b,69fded1162446148bd848c6d,"Chin Asian Restaurant, LLC",69fdef3f3b208288e0a7a0f6,"3rd387 - Arrowhead Shopping Center {JW Perry, LLC}",evidenceOfInsurance,Evidence of Insurance,workersCompensation,Workers' Compensation and Employer's Liability,evidenceOfInsuranceWorkersCompensationWaiverOfSubrogationEndorsement,Waiver of Subrogation,"---prompt---
Determine if the insurer has waived their right of subrogation in favor of the certificate holder under the Workers' Compensation policy. Evidence may include: a checked ""Waiver of Subrogation"" box on the certificate, mention in the Description of Operations section stating ""waiver of subrogation applies"", or reference to form WC 00 03 13. Look for language like ""subrogation is waived"" or ""per written contract"".",matchOnce,must be present,,,non_compliant,Block Requirements,,,false,0,,2026-08-16
"Block Real Estate Services, LLC",69fdf74a62446148bd854b3b,69fded1162446148bd848c6d,"Chin Asian Restaurant, LLC",69fdef3f3b208288e0a7a0f6,"3rd387 - Arrowhead Shopping Center {JW Perry, LLC}",evidenceOfInsurance,Evidence of Insurance,6ac20aae-5728-5d57-b364-aeba38527dba,Additional Requirements,4da5b0f1-4c9d-5885-8cf8-5d3cccaed3e0,"Block Real Estate Services, LLC and all others required by contract are named as Additional Insureds","---prompt---
Determine if the Description of Operations or the Additional Remarks Schedule section states the ""Additional Insured as Construction Management, Inc. and all others required by contract"" or reference to blanket additional insured coverage. Look for language like ""certificate holder is additional insured"" or ""per written contract"".",matchOnce,must be present,,,non_compliant,Block Requirements,,,true,0,,2026-08-16
"Block Real Estate Services, LLC",69fdf74a62446148bd854b3b,69fded1162446148bd848c6d,"Chin Asian Restaurant, LLC",69fdef3f3b208288e0a7a0f6,"3rd387 - Arrowhead Shopping Center {JW Perry, LLC}",evidenceOfInsurance,Evidence of Insurance,6ac20aae-5728-5d57-b364-aeba38527dba,Additional Requirements,e1017741-e47e-5f58-97b8-fbc3043e919f,Umbrella follows form over General Liability,"---prompt---
Determine if the Umbrella/Excess Liability policy follows form to the underlying policies. Evidence may include: language in the Description of Operations section stating the umbrella follows form to underlying coverages or an additional page endorsement stating that it follows form. Follow form means the umbrella policy adopts the same terms, conditions, and exclusions as the underlying policies.",matchOnce,must be present,,,non_compliant,Block Requirements,,,true,0,,2026-08-16
"Block Real Estate Services, LLC",69fdf74a62446148bd854b3b,69fded1162446148bd848c6d,"Chin Asian Restaurant, LLC",69fdef3f3b208288e0a7a0f6,"3rd387 - Arrowhead Shopping Center {JW Perry, LLC}",evidenceOfInsurance,Evidence of Insurance,6ac20aae-5728-5d57-b364-aeba38527dba,Additional Requirements,2cdd866f-c9a4-576a-afd8-1d045762790c,"The location must be listed as: 8125, 8127 Parallel Parkway, Kansas City, KS, 66112",,matchOnce,must be present,,,non_compliant,Block Requirements,,,true,0,,2026-08-16
"Block Real Estate Services, LLC",69fdf74a62446148bd854b3b,69fded1162446148bd848c6d,"Chin Asian Restaurant, LLC",69fdef3f3b208288e0a7a0f6,"3rd387 - Arrowhead Shopping Center {JW Perry, LLC}",evidenceOfInsurance,Evidence of Insurance,6ac20aae-5728-5d57-b364-aeba38527dba,Additional Requirements,3649e9d1-4e09-59bf-8f30-cb33c40cf117,"Certificate Holder must read: c/o Block Real Estate Services, LLC, 4622 Pennsylvania St., Suite 700, Kansas City, MO, 64112",,matchOnce,must be present,,,non_compliant,Block Requirements,,,true,0,,2026-08-16
"Block Real Estate Services, LLC",6a171b322c0af08c023c2786,69fded2362446148bd849279,"Vakok Asian Market, LLC",69fdef3f3b208288e0a7a0f6,"3rd387 - Arrowhead Shopping Center {JW Perry, LLC}",evidenceOfInsurance,Evidence of Insurance,commercialGeneralLiability,Commercial General Liability,evidenceOfInsuranceCommercialGeneralLiabilityCoverageTriggerOccurrence,Coverage Trigger: Occurrence,,matchOnce,must be present,,,non_compliant,Block Requirements,,,false,0,,2026-08-16
"Block Real Estate Services, LLC",6a171b322c0af08c023c2786,69fded2362446148bd849279,"Vakok Asian Market, LLC",69fdef3f3b208288e0a7a0f6,"3rd387 - Arrowhead Shopping Center {JW Perry, LLC}",evidenceOfInsurance,Evidence of Insurance,commercialGeneralLiability,Commercial General Liability,evidenceOfInsuranceCommercialGeneralLiabilityGeneralAggregateLimitAppliesPerLocation,General Aggregate Limit Applies per: Location,,matchOnce,must be present,,,non_compliant,Block Requirements,,,false,0,,2026-08-16
"Block Real Estate Services, LLC",6a171b322c0af08c023c2786,69fded2362446148bd849279,"Vakok Asian Market, LLC",69fdef3f3b208288e0a7a0f6,"3rd387 - Arrowhead Shopping Center {JW Perry, LLC}",evidenceOfInsurance,Evidence of Insurance,commercialGeneralLiability,Commercial General Liability,evidenceOfInsuranceCommercialGeneralLiabilityEachOccurrence,Each Occurrence,,matchOnce,must be greater or equal to,1000000,,non_compliant,Block Requirements,,,false,0,,2026-08-16
"Block Real Estate Services, LLC",6a171b322c0af08c023c2786,69fded2362446148bd849279,"Vakok Asian Market, LLC",69fdef3f3b208288e0a7a0f6,"3rd387 - Arrowhead Shopping Center {JW Perry, LLC}",evidenceOfInsurance,Evidence of Insurance,commercialGeneralLiability,Commercial General Liability,evidenceOfInsuranceCommercialGeneralLiabilityGeneralAggregate,General Aggregate,,matchOnce,must be greater or equal to,2000000,,non_compliant,Block Requirements,,,false,0,,2026-08-16
"Block Real Estate Services, LLC",6a171b322c0af08c023c2786,69fded2362446148bd849279,"Vakok Asian Market, LLC",69fdef3f3b208288e0a7a0f6,"3rd387 - Arrowhead Shopping Center {JW Perry, LLC}",evidenceOfInsurance,Evidence of Insurance,commercialGeneralLiability,Commercial General Liability,evidenceOfInsuranceCommercialGeneralLiabilityWaiverOfSubrogationEndorsement,Waiver of Subrogation,"---prompt---
Determine if the insurer has waived their right of subrogation in favor of the certificate holder under the Commercial General Liability policy. Evidence may include: a checked ""Waiver of Subrogation"" box on the certificate, mention in the Description of Operations section stating ""waiver of subrogation applies"", or reference to form CG 24 04. Look for language like ""subrogation is waived"" or ""per written contract"".",matchOnce,must be present,,,non_compliant,Block Requirements,,,false,0,,2026-08-16
"Block Real Estate Services, LLC",6a171b322c0af08c023c2786,69fded2362446148bd849279,"Vakok Asian Market, LLC",69fdef3f3b208288e0a7a0f6,"3rd387 - Arrowhead Shopping Center {JW Perry, LLC}",evidenceOfInsurance,Evidence of Insurance,excessOrUmbrellaLiability,Umbrella/Excess Liability,evidenceOfInsuranceExcessOrUmbrellaLiabilityOccurence,Coverage Trigger: Occurrence,,matchOnce,must be present,,,non_compliant,Block Requirements,,,false,0,,2026-08-16
"Block Real Estate Services, LLC",6a171b322c0af08c023c2786,69fded2362446148bd849279,"Vakok Asian Market, LLC",69fdef3f3b208288e0a7a0f6,"3rd387 - Arrowhead Shopping Center {JW Perry, LLC}",evidenceOfInsurance,Evidence of Insurance,excessOrUmbrellaLiability,Umbrella/Excess Liability,evidenceOfInsuranceExcessOrUmbrellaLiabilityEachOccurrence,Each Occurrence,,matchOnce,must be greater or equal to,1000000,,non_compliant,Block Requirements,,,false,0,,2026-08-16
"Block Real Estate Services, LLC",6a171b322c0af08c023c2786,69fded2362446148bd849279,"Vakok Asian Market, LLC",69fdef3f3b208288e0a7a0f6,"3rd387 - Arrowhead Shopping Center {JW Perry, LLC}",evidenceOfInsurance,Evidence of Insurance,excessOrUmbrellaLiability,Umbrella/Excess Liability,evidenceOfInsuranceExcessOrUmbrellaLiabilityAggregate,Aggregate,,matchOnce,must be greater or equal to,1000000,,non_compliant,Block Requirements,,,false,0,,2026-08-16
"Block Real Estate Services, LLC",6a171b322c0af08c023c2786,69fded2362446148bd849279,"Vakok Asian Market, LLC",69fdef3f3b208288e0a7a0f6,"3rd387 - Arrowhead Shopping Center {JW Perry, LLC}",evidenceOfInsurance,Evidence of Insurance,workersCompensation,Workers' Compensation and Employer's Liability,evidenceOfInsuranceWorkersCompensationStatutoryLimits,Statutory Limits,,matchOnce,must be present,,,non_compliant,Block Requirements,,,false,0,,2026-08-16
"Block Real Estate Services, LLC",6a171b322c0af08c023c2786,69fded2362446148bd849279,"Vakok Asian Market, LLC",69fdef3f3b208288e0a7a0f6,"3rd387 - Arrowhead Shopping Center {JW Perry, LLC}",evidenceOfInsurance,Evidence of Insurance,workersCompensation,Workers' Compensation and Employer's Liability,evidenceOfInsuranceWorkersCompensationEmployersLiabilityEachAccident,Employer's Liability Each Accident,,matchOnce,must be greater or equal to,500000,,non_compliant,Block Requirements,,,false,0,,2026-08-16
"Block Real Estate Services, LLC",6a171b322c0af08c023c2786,69fded2362446148bd849279,"Vakok Asian Market, LLC",69fdef3f3b208288e0a7a0f6,"3rd387 - Arrowhead Shopping Center {JW Perry, LLC}",evidenceOfInsurance,Evidence of Insurance,workersCompensation,Workers' Compensation and Employer's Liability,evidenceOfInsuranceWorkersCompensationEmployersLiabilityDiseaseEachEmployee,Employer's Liability Disease - each employee,,matchOnce,must be greater or equal to,500000,,non_compliant,Block Requirements,,,false,0,,2026-08-16
"Block Real Estate Services, LLC",6a171b322c0af08c023c2786,69fded2362446148bd849279,"Vakok Asian Market, LLC",69fdef3f3b208288e0a7a0f6,"3rd387 - Arrowhead Shopping Center {JW Perry, LLC}",evidenceOfInsurance,Evidence of Insurance,workersCompensation,Workers' Compensation and Employer's Liability,evidenceOfInsuranceWorkersCompensationEmployersLiabilityDiseasePolicyLimit,Employer's Liability Disease - policy limit,,matchOnce,must be greater or equal to,500000,,non_compliant,Block Requirements,,,false,0,,2026-08-16
"Block Real Estate Services, LLC",6a171b322c0af08c023c2786,69fded2362446148bd849279,"Vakok Asian Market, LLC",69fdef3f3b208288e0a7a0f6,"3rd387 - Arrowhead Shopping Center {JW Perry, LLC}",evidenceOfInsurance,Evidence of Insurance,workersCompensation,Workers' Compensation and Employer's Liability,evidenceOfInsuranceWorkersCompensationWaiverOfSubrogationEndorsement,Waiver of Subrogation,"---prompt---
Determine if the insurer has waived their right of subrogation in favor of the certificate holder under the Workers' Compensation policy. Evidence may include: a checked ""Waiver of Subrogation"" box on the certificate, mention in the Description of Operations section stating ""waiver of subrogation applies"", or reference to form WC 00 03 13. Look for language like ""subrogation is waived"" or ""per written contract"".",matchOnce,must be present,,,non_compliant,Block Requirements,,,false,0,,2026-08-16
"Block Real Estate Services, LLC",6a171b322c0af08c023c2786,69fded2362446148bd849279,"Vakok Asian Market, LLC",69fdef3f3b208288e0a7a0f6,"3rd387 - Arrowhead Shopping Center {JW Perry, LLC}",evidenceOfInsurance,Evidence of Insurance,6ac20aae-5728-5d57-b364-aeba38527dba,Additional Requirements,4da5b0f1-4c9d-5885-8cf8-5d3cccaed3e0,"Block Real Estate Services, LLC and all others required by contract are named as Additional Insureds","---prompt---
Determine if the Description of Operations or the Additional Remarks Schedule section states the ""Additional Insured as Construction Management, Inc. and all others required by contract"" or reference to blanket additional insured coverage. Look for language like ""certificate holder is additional insured"" or ""per written contract"".",matchOnce,must be present,,,non_compliant,Block Requirements,,,true,0,,2026-08-16
"Block Real Estate Services, LLC",6a171b322c0af08c023c2786,69fded2362446148bd849279,"Vakok Asian Market, LLC",69fdef3f3b208288e0a7a0f6,"3rd387 - Arrowhead Shopping Center {JW Perry, LLC}",evidenceOfInsurance,Evidence of Insurance,6ac20aae-5728-5d57-b364-aeba38527dba,Additional Requirements,e1017741-e47e-5f58-97b8-fbc3043e919f,Umbrella follows form over General Liability,"---prompt---
Determine if the Umbrella/Excess Liability policy follows form to the underlying policies. Evidence may include: language in the Description of Operations section stating the umbrella follows form to underlying coverages or an additional page endorsement stating that it follows form. Follow form means the umbrella policy adopts the same terms, conditions, and exclusions as the underlying policies.",matchOnce,must be present,,,non_compliant,Block Requirements,,,true,0,,2026-08-16
"Block Real Estate Services, LLC",6a171b322c0af08c023c2786,69fded2362446148bd849279,"Vakok Asian Market, LLC",69fdef3f3b208288e0a7a0f6,"3rd387 - Arrowhead Shopping Center {JW Perry, LLC}",evidenceOfInsurance,Evidence of Insurance,6ac20aae-5728-5d57-b364-aeba38527dba,Additional Requirements,2cdd866f-c9a4-576a-afd8-1d045762790c,"The location must be listed as: 8141 Parallel Parkway, Kansas City, KS, 66112",,matchOnce,must be present,,,non_compliant,Block Requirements,,,true,0,,2026-08-16
"Block Real Estate Services, LLC",6a171b322c0af08c023c2786,69fded2362446148bd849279,"Vakok Asian Market, LLC",69fdef3f3b208288e0a7a0f6,"3rd387 - Arrowhead Shopping Center {JW Perry, LLC}",evidenceOfInsurance,Evidence of Insurance,6ac20aae-5728-5d57-b364-aeba38527dba,Additional Requirements,3649e9d1-4e09-59bf-8f30-cb33c40cf117,"Certificate Holder must read: c/o Block Real Estate Services, LLC, 4622 Pennsylvania St., Suite 700, Kansas City, MO, 64112",,matchOnce,must be present,,,non_compliant,Block Requirements,,,true,0,,2026-08-16
"Block Real Estate Services, LLC",69fdf7a362446148bd85b066,69fded2062446148bd84916e,SJK Global LLC,69fdf1a03b208288e0a84a8c,"tic680 - College Crossing E {College Crossing EFGH, LLC}",evidenceOfInsurance,Evidence of Insurance,commercialGeneralLiability,Commercial General Liability,evidenceOfInsuranceCommercialGeneralLiabilityCoverageTriggerOccurrence,Coverage Trigger: Occurrence,,matchOnce,must be present,,Present,compliant,Block Requirements,,,false,1,,2026-08-16
"Block Real Estate Services, LLC",69fdf7a362446148bd85b066,69fded2062446148bd84916e,SJK Global LLC,69fdf1a03b208288e0a84a8c,"tic680 - College Crossing E {College Crossing EFGH, LLC}",evidenceOfInsurance,Evidence of Insurance,commercialGeneralLiability,Commercial General Liability,evidenceOfInsuranceCommercialGeneralLiabilityGeneralAggregateLimitAppliesPerLocation,General Aggregate Limit Applies per: Location,,matchOnce,must be present,,Present,compliant,Block Requirements,,,false,1,,2026-08-16
"Block Real Estate Services, LLC",69fdf7a362446148bd85b066,69fded2062446148bd84916e,SJK Global LLC,69fdf1a03b208288e0a84a8c,"tic680 - College Crossing E {College Crossing EFGH, LLC}",evidenceOfInsurance,Evidence of Insurance,commercialGeneralLiability,Commercial General Liability,evidenceOfInsuranceCommercialGeneralLiabilityEachOccurrence,Each Occurrence,,matchOnce,must be greater or equal to,1000000,1000000,compliant,Block Requirements,,,false,1,,2026-08-16
"Block Real Estate Services, LLC",69fdf7a362446148bd85b066,69fded2062446148bd84916e,SJK Global LLC,69fdf1a03b208288e0a84a8c,"tic680 - College Crossing E {College Crossing EFGH, LLC}",evidenceOfInsurance,Evidence of Insurance,commercialGeneralLiability,Commercial General Liability,evidenceOfInsuranceCommercialGeneralLiabilityGeneralAggregate,General Aggregate,,matchOnce,must be greater or equal to,2000000,2000000,compliant,Block Requirements,,,false,1,,2026-08-16
"Block Real Estate Services, LLC",69fdf7a362446148bd85b066,69fded2062446148bd84916e,SJK Global LLC,69fdf1a03b208288e0a84a8c,"tic680 - College Crossing E {College Crossing EFGH, LLC}",evidenceOfInsurance,Evidence of Insurance,commercialGeneralLiability,Commercial General Liability,evidenceOfInsuranceCommercialGeneralLiabilityWaiverOfSubrogationEndorsement,Waiver of Subrogation,"---prompt---
Determine if the insurer has waived their right of subrogation in favor of the certificate holder under the Commercial General Liability policy. Evidence may include: a checked ""Waiver of Subrogation"" box on the certificate, mention in the Description of Operations section stating ""waiver of subrogation applies"", or reference to form CG 24 04. Look for language like ""subrogation is waived"" or ""per written contract"".",matchOnce,must be present,,Present,compliant,Block Requirements,,,false,1,,2026-08-16
"Block Real Estate Services, LLC",69fdf7a362446148bd85b066,69fded2062446148bd84916e,SJK Global LLC,69fdf1a03b208288e0a84a8c,"tic680 - College Crossing E {College Crossing EFGH, LLC}",evidenceOfInsurance,Evidence of Insurance,excessOrUmbrellaLiability,Umbrella/Excess Liability,evidenceOfInsuranceExcessOrUmbrellaLiabilityOccurence,Coverage Trigger: Occurrence,,matchOnce,must be present,,,waived,Block Requirements,,,false,0,,2026-08-16
"Block Real Estate Services, LLC",69fdf7a362446148bd85b066,69fded2062446148bd84916e,SJK Global LLC,69fdf1a03b208288e0a84a8c,"tic680 - College Crossing E {College Crossing EFGH, LLC}",evidenceOfInsurance,Evidence of Insurance,excessOrUmbrellaLiability,Umbrella/Excess Liability,evidenceOfInsuranceExcessOrUmbrellaLiabilityEachOccurrence,Each Occurrence,,matchOnce,must be greater or equal to,1000000,,waived,Block Requirements,,,false,0,,2026-08-16
"Block Real Estate Services, LLC",69fdf7a362446148bd85b066,69fded2062446148bd84916e,SJK Global LLC,69fdf1a03b208288e0a84a8c,"tic680 - College Crossing E {College Crossing EFGH, LLC}",evidenceOfInsurance,Evidence of Insurance,excessOrUmbrellaLiability,Umbrella/Excess Liability,evidenceOfInsuranceExcessOrUmbrellaLiabilityAggregate,Aggregate,,matchOnce,must be greater or equal to,1000000,,waived,Block Requirements,,,false,0,,2026-08-16
"Block Real Estate Services, LLC",69fdf7a362446148bd85b066,69fded2062446148bd84916e,SJK Global LLC,69fdf1a03b208288e0a84a8c,"tic680 - College Crossing E {College Crossing EFGH, LLC}",evidenceOfInsurance,Evidence of Insurance,workersCompensation,Workers' Compensation and Employer's Liability,evidenceOfInsuranceWorkersCompensationStatutoryLimits,Statutory Limits,,matchOnce,must be present,,Present,compliant,Block Requirements,,,false,1,,2026-08-16
"Block Real Estate Services, LLC",69fdf7a362446148bd85b066,69fded2062446148bd84916e,SJK Global LLC,69fdf1a03b208288e0a84a8c,"tic680 - College Crossing E {College Crossing EFGH, LLC}",evidenceOfInsurance,Evidence of Insurance,workersCompensation,Workers' Compensation and Employer's Liability,evidenceOfInsuranceWorkersCompensationEmployersLiabilityEachAccident,Employer's Liability Each Accident,,matchOnce,must be greater or equal to,500000,1000000,compliant,Block Requirements,,,false,1,,2026-08-16
"Block Real Estate Services, LLC",69fdf7a362446148bd85b066,69fded2062446148bd84916e,SJK Global LLC,69fdf1a03b208288e0a84a8c,"tic680 - College Crossing E {College Crossing EFGH, LLC}",evidenceOfInsurance,Evidence of Insurance,workersCompensation,Workers' Compensation and Employer's Liability,evidenceOfInsuranceWorkersCompensationEmployersLiabilityDiseaseEachEmployee,Employer's Liability Disease - each employee,,matchOnce,must be greater or equal to,500000,1000000,compliant,Block Requirements,,,false,1,,2026-08-16
"Block Real Estate Services, LLC",69fdf7a362446148bd85b066,69fded2062446148bd84916e,SJK Global LLC,69fdf1a03b208288e0a84a8c,"tic680 - College Crossing E {College Crossing EFGH, LLC}",evidenceOfInsurance,Evidence of Insurance,workersCompensation,Workers' Compensation and Employer's Liability,evidenceOfInsuranceWorkersCompensationEmployersLiabilityDiseasePolicyLimit,Employer's Liability Disease - policy limit,,matchOnce,must be greater or equal to,500000,1000000,compliant,Block Requirements,,,false,1,,2026-08-16
"Block Real Estate Services, LLC",69fdf7a362446148bd85b066,69fded2062446148bd84916e,SJK Global LLC,69fdf1a03b208288e0a84a8c,"tic680 - College Crossing E {College Crossing EFGH, LLC}",evidenceOfInsurance,Evidence of Insurance,workersCompensation,Workers' Compensation and Employer's Liability,evidenceOfInsuranceWorkersCompensationWaiverOfSubrogationEndorsement,Waiver of Subrogation,"---prompt---
Determine if the insurer has waived their right of subrogation in favor of the certificate holder under the Workers' Compensation policy. Evidence may include: a checked ""Waiver of Subrogation"" box on the certificate, mention in the Description of Operations section stating ""waiver of subrogation applies"", or reference to form WC 00 03 13. Look for language like ""subrogation is waived"" or ""per written contract"".",matchOnce,must be present,,,non_compliant,Block Requirements,,,false,0,,2026-08-16
"Block Real Estate Services, LLC",69fdf7a362446148bd85b066,69fded2062446148bd84916e,SJK Global LLC,69fdf1a03b208288e0a84a8c,"tic680 - College Crossing E {College Crossing EFGH, LLC}",evidenceOfInsurance,Evidence of Insurance,6ac20aae-5728-5d57-b364-aeba38527dba,Additional Requirements,4da5b0f1-4c9d-5885-8cf8-5d3cccaed3e0,"Block Real Estate Services, LLC and all others required by contract are named as Additional Insureds","---prompt---
Determine if the Description of Operations or the Additional Remarks Schedule section states the ""Additional Insured as Construction Management, Inc. and all others required by contract"" or reference to blanket additional insured coverage. Look for language like ""certificate holder is additional insured"" or ""per written contract"".",matchOnce,must be present,,Present,compliant,Block Requirements,,,true,1,,2026-08-16
"Block Real Estate Services, LLC",69fdf7a362446148bd85b066,69fded2062446148bd84916e,SJK Global LLC,69fdf1a03b208288e0a84a8c,"tic680 - College Crossing E {College Crossing EFGH, LLC}",evidenceOfInsurance,Evidence of Insurance,6ac20aae-5728-5d57-b364-aeba38527dba,Additional Requirements,e1017741-e47e-5f58-97b8-fbc3043e919f,Umbrella follows form over General Liability,"---prompt---
Determine if the Umbrella/Excess Liability policy follows form to the underlying policies. Evidence may include: language in the Description of Operations section stating the umbrella follows form to underlying coverages or an additional page endorsement stating that it follows form. Follow form means the umbrella policy adopts the same terms, conditions, and exclusions as the underlying policies.",matchOnce,must be present,,,waived,Block Requirements,Umbrella not a requirement in the lease,,true,0,,2026-08-16
"Block Real Estate Services, LLC",69fdf7a362446148bd85b066,69fded2062446148bd84916e,SJK Global LLC,69fdf1a03b208288e0a84a8c,"tic680 - College Crossing E {College Crossing EFGH, LLC}",evidenceOfInsurance,Evidence of Insurance,6ac20aae-5728-5d57-b364-aeba38527dba,Additional Requirements,2cdd866f-c9a4-576a-afd8-1d045762790c,The location must be listed as: 11035 (11035-11039) Strang Line Road Lenexa KS 66215,,matchOnce,must be present,,Present,compliant,Block Requirements,,,true,1,,2026-08-16
"Block Real Estate Services, LLC",69fdf7a362446148bd85b066,69fded2062446148bd84916e,SJK Global LLC,69fdf1a03b208288e0a84a8c,"tic680 - College Crossing E {College Crossing EFGH, LLC}",evidenceOfInsurance,Evidence of Insurance,6ac20aae-5728-5d57-b364-aeba38527dba,Additional Requirements,3649e9d1-4e09-59bf-8f30-cb33c40cf117,"Certificate Holder must read: c/o Block Real Estate Services, LLC, 4622 Pennsylvania St., Suite 700, Kansas City, MO, 64112",,matchOnce,must be present,,Present,compliant,Block Requirements,,,true,1,,2026-08-16
"Block Real Estate Services, LLC",69fdf7a362446148bd85b063,69fded1062446148bd848c22,Bryght Labs,69fdf1a03b208288e0a84a8c,"tic680 - College Crossing E {College Crossing EFGH, LLC}",evidenceOfInsurance,Evidence of Insurance,commercialGeneralLiability,Commercial General Liability,evidenceOfInsuranceCommercialGeneralLiabilityCoverageTriggerOccurrence,Coverage Trigger: Occurrence,,matchOnce,must be present,,Present,compliant,Block Requirements,,,false,1,,2026-08-16
"Block Real Estate Services, LLC",69fdf7a362446148bd85b063,69fded1062446148bd848c22,Bryght Labs,69fdf1a03b208288e0a84a8c,"tic680 - College Crossing E {College Crossing EFGH, LLC}",evidenceOfInsurance,Evidence of Insurance,commercialGeneralLiability,Commercial General Liability,evidenceOfInsuranceCommercialGeneralLiabilityGeneralAggregateLimitAppliesPerLocation,General Aggregate Limit Applies per: Location,,matchOnce,must be present,,,non_compliant,Block Requirements,,,false,0,,2026-08-16
"Block Real Estate Services, LLC",69fdf7a362446148bd85b063,69fded1062446148bd848c22,Bryght Labs,69fdf1a03b208288e0a84a8c,"tic680 - College Crossing E {College Crossing EFGH, LLC}",evidenceOfInsurance,Evidence of Insurance,commercialGeneralLiability,Commercial General Liability,evidenceOfInsuranceCommercialGeneralLiabilityEachOccurrence,Each Occurrence,,matchOnce,must be greater or equal to,1000000,1000000,compliant,Block Requirements,,,false,1,,2026-08-16
"Block Real Estate Services, LLC",69fdf7a362446148bd85b063,69fded1062446148bd848c22,Bryght Labs,69fdf1a03b208288e0a84a8c,"tic680 - College Crossing E {College Crossing EFGH, LLC}",evidenceOfInsurance,Evidence of Insurance,commercialGeneralLiability,Commercial General Liability,evidenceOfInsuranceCommercialGeneralLiabilityGeneralAggregate,General Aggregate,,matchOnce,must be greater or equal to,2000000,2000000,compliant,Block Requirements,,,false,1,,2026-08-16
"Block Real Estate Services, LLC",69fdf7a362446148bd85b063,69fded1062446148bd848c22,Bryght Labs,69fdf1a03b208288e0a84a8c,"tic680 - College Crossing E {College Crossing EFGH, LLC}",evidenceOfInsurance,Evidence of Insurance,commercialGeneralLiability,Commercial General Liability,evidenceOfInsuranceCommercialGeneralLiabilityWaiverOfSubrogationEndorsement,Waiver of Subrogation,"---prompt---
Determine if the insurer has waived their right of subrogation in favor of the certificate holder under the Commercial General Liability policy. Evidence may include: a checked ""Waiver of Subrogation"" box on the certificate, mention in the Description of Operations section stating ""waiver of subrogation applies"", or reference to form CG 24 04. Look for language like ""subrogation is waived"" or ""per written contract"".",matchOnce,must be present,,,non_compliant,Block Requirements,,,false,0,,2026-08-16
"Block Real Estate Services, LLC",69fdf7a362446148bd85b063,69fded1062446148bd848c22,Bryght Labs,69fdf1a03b208288e0a84a8c,"tic680 - College Crossing E {College Crossing EFGH, LLC}",evidenceOfInsurance,Evidence of Insurance,excessOrUmbrellaLiability,Umbrella/Excess Liability,evidenceOfInsuranceExcessOrUmbrellaLiabilityOccurence,Coverage Trigger: Occurrence,,matchOnce,must be present,,,non_compliant,Block Requirements,,,false,0,,2026-08-16
"Block Real Estate Services, LLC",69fdf7a362446148bd85b063,69fded1062446148bd848c22,Bryght Labs,69fdf1a03b208288e0a84a8c,"tic680 - College Crossing E {College Crossing EFGH, LLC}",evidenceOfInsurance,Evidence of Insurance,excessOrUmbrellaLiability,Umbrella/Excess Liability,evidenceOfInsuranceExcessOrUmbrellaLiabilityEachOccurrence,Each Occurrence,,matchOnce,must be greater or equal to,1000000,,non_compliant,Block Requirements,,,false,0,,2026-08-16
"Block Real Estate Services, LLC",69fdf7a362446148bd85b063,69fded1062446148bd848c22,Bryght Labs,69fdf1a03b208288e0a84a8c,"tic680 - College Crossing E {College Crossing EFGH, LLC}",evidenceOfInsurance,Evidence of Insurance,excessOrUmbrellaLiability,Umbrella/Excess Liability,evidenceOfInsuranceExcessOrUmbrellaLiabilityAggregate,Aggregate,,matchOnce,must be greater or equal to,1000000,,non_compliant,Block Requirements,,,false,0,,2026-08-16
"Block Real Estate Services, LLC",69fdf7a362446148bd85b063,69fded1062446148bd848c22,Bryght Labs,69fdf1a03b208288e0a84a8c,"tic680 - College Crossing E {College Crossing EFGH, LLC}",evidenceOfInsurance,Evidence of Insurance,workersCompensation,Workers' Compensation and Employer's Liability,evidenceOfInsuranceWorkersCompensationStatutoryLimits,Statutory Limits,,matchOnce,must be present,,,non_compliant,Block Requirements,,,false,0,,2026-08-16
"Block Real Estate Services, LLC",69fdf7a362446148bd85b063,69fded1062446148bd848c22,Bryght Labs,69fdf1a03b208288e0a84a8c,"tic680 - College Crossing E {College Crossing EFGH, LLC}",evidenceOfInsurance,Evidence of Insurance,workersCompensation,Workers' Compensation and Employer's Liability,evidenceOfInsuranceWorkersCompensationEmployersLiabilityEachAccident,Employer's Liability Each Accident,,matchOnce,must be greater or equal to,500000,,non_compliant,Block Requirements,,,false,0,,2026-08-16
"Block Real Estate Services, LLC",69fdf7a362446148bd85b063,69fded1062446148bd848c22,Bryght Labs,69fdf1a03b208288e0a84a8c,"tic680 - College Crossing E {College Crossing EFGH, LLC}",evidenceOfInsurance,Evidence of Insurance,workersCompensation,Workers' Compensation and Employer's Liability,evidenceOfInsuranceWorkersCompensationEmployersLiabilityDiseaseEachEmployee,Employer's Liability Disease - each employee,,matchOnce,must be greater or equal to,500000,,non_compliant,Block Requirements,,,false,0,,2026-08-16
"Block Real Estate Services, LLC",69fdf7a362446148bd85b063,69fded1062446148bd848c22,Bryght Labs,69fdf1a03b208288e0a84a8c,"tic680 - College Crossing E {College Crossing EFGH, LLC}",evidenceOfInsurance,Evidence of Insurance,workersCompensation,Workers' Compensation and Employer's Liability,evidenceOfInsuranceWorkersCompensationEmployersLiabilityDiseasePolicyLimit,Employer's Liability Disease - policy limit,,matchOnce,must be greater or equal to,500000,,non_compliant,Block Requirements,,,false,0,,2026-08-16
"Block Real Estate Services, LLC",69fdf7a362446148bd85b063,69fded1062446148bd848c22,Bryght Labs,69fdf1a03b208288e0a84a8c,"tic680 - College Crossing E {College Crossing EFGH, LLC}",evidenceOfInsurance,Evidence of Insurance,workersCompensation,Workers' Compensation and Employer's Liability,evidenceOfInsuranceWorkersCompensationWaiverOfSubrogationEndorsement,Waiver of Subrogation,"---prompt---
Determine if the insurer has waived their right of subrogation in favor of the certificate holder under the Workers' Compensation policy. Evidence may include: a checked ""Waiver of Subrogation"" box on the certificate, mention in the Description of Operations section stating ""waiver of subrogation applies"", or reference to form WC 00 03 13. Look for language like ""subrogation is waived"" or ""per written contract"".",matchOnce,must be present,,,non_compliant,Block Requirements,,,false,0,,2026-08-16
"Block Real Estate Services, LLC",69fdf7a362446148bd85b063,69fded1062446148bd848c22,Bryght Labs,69fdf1a03b208288e0a84a8c,"tic680 - College Crossing E {College Crossing EFGH, LLC}",evidenceOfInsurance,Evidence of Insurance,6ac20aae-5728-5d57-b364-aeba38527dba,Additional Requirements,4da5b0f1-4c9d-5885-8cf8-5d3cccaed3e0,"Block Real Estate Services, LLC and all others required by contract are named as Additional Insureds","---prompt---
Determine if the Description of Operations or the Additional Remarks Schedule section states the ""Additional Insured as Construction Management, Inc. and all others required by contract"" or reference to blanket additional insured coverage. Look for language like ""certificate holder is additional insured"" or ""per written contract"".",matchOnce,must be present,,,non_compliant,Block Requirements,,,true,0,,2026-08-16
"Block Real Estate Services, LLC",69fdf7a362446148bd85b063,69fded1062446148bd848c22,Bryght Labs,69fdf1a03b208288e0a84a8c,"tic680 - College Crossing E {College Crossing EFGH, LLC}",evidenceOfInsurance,Evidence of Insurance,6ac20aae-5728-5d57-b364-aeba38527dba,Additional Requirements,e1017741-e47e-5f58-97b8-fbc3043e919f,Umbrella follows form over General Liability,"---prompt---
Determine if the Umbrella/Excess Liability policy follows form to the underlying policies. Evidence may include: language in the Description of Operations section stating the umbrella follows form to underlying coverages or an additional page endorsement stating that it follows form. Follow form means the umbrella policy adopts the same terms, conditions, and exclusions as the underlying policies.",matchOnce,must be present,,,non_compliant,Block Requirements,,,true,0,,2026-08-16
"Block Real Estate Services, LLC",69fdf7a362446148bd85b063,69fded1062446148bd848c22,Bryght Labs,69fdf1a03b208288e0a84a8c,"tic680 - College Crossing E {College Crossing EFGH, LLC}",evidenceOfInsurance,Evidence of Insurance,6ac20aae-5728-5d57-b364-aeba38527dba,Additional Requirements,2cdd866f-c9a4-576a-afd8-1d045762790c,The location must be listed as: 11053 (11041-11057) Strang Line Road Lenexa KS 66215,,matchOnce,must be present,,,non_compliant,Block Requirements,,,true,0,,2026-08-16
"Block Real Estate Services, LLC",69fdf7a362446148bd85b063,69fded1062446148bd848c22,Bryght Labs,69fdf1a03b208288e0a84a8c,"tic680 - College Crossing E {College Crossing EFGH, LLC}",evidenceOfInsurance,Evidence of Insurance,6ac20aae-5728-5d57-b364-aeba38527dba,Additional Requirements,3649e9d1-4e09-59bf-8f30-cb33c40cf117,"Certificate Holder must read: c/o Block Real Estate Services, LLC, 4622 Pennsylvania St., Suite 700, Kansas City, MO, 64112",,matchOnce,must be present,,,non_compliant,Block Requirements,,,true,0,,2026-08-16
"Block Real Estate Services, LLC",69fdf7a362446148bd85b064,69fded1a62446148bd848f7c,McClure Engineering Company,69fdf1a03b208288e0a84a8c,"tic680 - College Crossing E {College Crossing EFGH, LLC}",evidenceOfInsurance,Evidence of Insurance,commercialGeneralLiability,Commercial General Liability,evidenceOfInsuranceCommercialGeneralLiabilityCoverageTriggerOccurrence,Coverage Trigger: Occurrence,,matchOnce,must be present,,,non_compliant,Block Requirements,,,false,0,,2026-08-16
"Block Real Estate Services, LLC",69fdf7a362446148bd85b064,69fded1a62446148bd848f7c,McClure Engineering Company,69fdf1a03b208288e0a84a8c,"tic680 - College Crossing E {College Crossing EFGH, LLC}",evidenceOfInsurance,Evidence of Insurance,commercialGeneralLiability,Commercial General Liability,evidenceOfInsuranceCommercialGeneralLiabilityGeneralAggregateLimitAppliesPerLocation,General Aggregate Limit Applies per: Location,,matchOnce,must be present,,,non_compliant,Block Requirements,,,false,0,,2026-08-16
"Block Real Estate Services, LLC",69fdf7a362446148bd85b064,69fded1a62446148bd848f7c,McClure Engineering Company,69fdf1a03b208288e0a84a8c,"tic680 - College Crossing E {College Crossing EFGH, LLC}",evidenceOfInsurance,Evidence of Insurance,commercialGeneralLiability,Commercial General Liability,evidenceOfInsuranceCommercialGeneralLiabilityEachOccurrence,Each Occurrence,,matchOnce,must be greater or equal to,1000000,,non_compliant,Block Requirements,,,false,0,,2026-08-16
"Block Real Estate Services, LLC",69fdf7a362446148bd85b064,69fded1a62446148bd848f7c,McClure Engineering Company,69fdf1a03b208288e0a84a8c,"tic680 - College Crossing E {College Crossing EFGH, LLC}",evidenceOfInsurance,Evidence of Insurance,commercialGeneralLiability,Commercial General Liability,evidenceOfInsuranceCommercialGeneralLiabilityGeneralAggregate,General Aggregate,,matchOnce,must be greater or equal to,2000000,,non_compliant,Block Requirements,,,false,0,,2026-08-16
"Block Real Estate Services, LLC",69fdf7a362446148bd85b064,69fded1a62446148bd848f7c,McClure Engineering Company,69fdf1a03b208288e0a84a8c,"tic680 - College Crossing E {College Crossing EFGH, LLC}",evidenceOfInsurance,Evidence of Insurance,commercialGeneralLiability,Commercial General Liability,evidenceOfInsuranceCommercialGeneralLiabilityWaiverOfSubrogationEndorsement,Waiver of Subrogation,"---prompt---
Determine if the insurer has waived their right of subrogation in favor of the certificate holder under the Commercial General Liability policy. Evidence may include: a checked ""Waiver of Subrogation"" box on the certificate, mention in the Description of Operations section stating ""waiver of subrogation applies"", or reference to form CG 24 04. Look for language like ""subrogation is waived"" or ""per written contract"".",matchOnce,must be present,,,non_compliant,Block Requirements,,,false,0,,2026-08-16
"Block Real Estate Services, LLC",69fdf7a362446148bd85b064,69fded1a62446148bd848f7c,McClure Engineering Company,69fdf1a03b208288e0a84a8c,"tic680 - College Crossing E {College Crossing EFGH, LLC}",evidenceOfInsurance,Evidence of Insurance,excessOrUmbrellaLiability,Umbrella/Excess Liability,evidenceOfInsuranceExcessOrUmbrellaLiabilityOccurence,Coverage Trigger: Occurrence,,matchOnce,must be present,,,non_compliant,Block Requirements,,,false,0,,2026-08-16
"Block Real Estate Services, LLC",69fdf7a362446148bd85b064,69fded1a62446148bd848f7c,McClure Engineering Company,69fdf1a03b208288e0a84a8c,"tic680 - College Crossing E {College Crossing EFGH, LLC}",evidenceOfInsurance,Evidence of Insurance,excessOrUmbrellaLiability,Umbrella/Excess Liability,evidenceOfInsuranceExcessOrUmbrellaLiabilityEachOccurrence,Each Occurrence,,matchOnce,must be greater or equal to,1000000,,non_compliant,Block Requirements,,,false,0,,2026-08-16
"Block Real Estate Services, LLC",69fdf7a362446148bd85b064,69fded1a62446148bd848f7c,McClure Engineering Company,69fdf1a03b208288e0a84a8c,"tic680 - College Crossing E {College Crossing EFGH, LLC}",evidenceOfInsurance,Evidence of Insurance,excessOrUmbrellaLiability,Umbrella/Excess Liability,evidenceOfInsuranceExcessOrUmbrellaLiabilityAggregate,Aggregate,,matchOnce,must be greater or equal to,1000000,,non_compliant,Block Requirements,,,false,0,,2026-08-16
"Block Real Estate Services, LLC",69fdf7a362446148bd85b064,69fded1a62446148bd848f7c,McClure Engineering Company,69fdf1a03b208288e0a84a8c,"tic680 - College Crossing E {College Crossing EFGH, LLC}",evidenceOfInsurance,Evidence of Insurance,workersCompensation,Workers' Compensation and Employer's Liability,evidenceOfInsuranceWorkersCompensationStatutoryLimits,Statutory Limits,,matchOnce,must be present,,,non_compliant,Block Requirements,,,false,0,,2026-08-16
"Block Real Estate Services, LLC",69fdf7a362446148bd85b064,69fded1a62446148bd848f7c,McClure Engineering Company,69fdf1a03b208288e0a84a8c,"tic680 - College Crossing E {College Crossing EFGH, LLC}",evidenceOfInsurance,Evidence of Insurance,workersCompensation,Workers' Compensation and Employer's Liability,evidenceOfInsuranceWorkersCompensationEmployersLiabilityEachAccident,Employer's Liability Each Accident,,matchOnce,must be greater or equal to,500000,,non_compliant,Block Requirements,,,false,0,,2026-08-16
"Block Real Estate Services, LLC",69fdf7a362446148bd85b064,69fded1a62446148bd848f7c,McClure Engineering Company,69fdf1a03b208288e0a84a8c,"tic680 - College Crossing E {College Crossing EFGH, LLC}",evidenceOfInsurance,Evidence of Insurance,workersCompensation,Workers' Compensation and Employer's Liability,evidenceOfInsuranceWorkersCompensationEmployersLiabilityDiseaseEachEmployee,Employer's Liability Disease - each employee,,matchOnce,must be greater or equal to,500000,,non_compliant,Block Requirements,,,false,0,,2026-08-16
"Block Real Estate Services, LLC",69fdf7a362446148bd85b064,69fded1a62446148bd848f7c,McClure Engineering Company,69fdf1a03b208288e0a84a8c,"tic680 - College Crossing E {College Crossing EFGH, LLC}",evidenceOfInsurance,Evidence of Insurance,workersCompensation,Workers' Compensation and Employer's Liability,evidenceOfInsuranceWorkersCompensationEmployersLiabilityDiseasePolicyLimit,Employer's Liability Disease - policy limit,,matchOnce,must be greater or equal to,500000,,non_compliant,Block Requirements,,,false,0,,2026-08-16
"Block Real Estate Services, LLC",69fdf7a362446148bd85b064,69fded1a62446148bd848f7c,McClure Engineering Company,69fdf1a03b208288e0a84a8c,"tic680 - College Crossing E {College Crossing EFGH, LLC}",evidenceOfInsurance,Evidence of Insurance,workersCompensation,Workers' Compensation and Employer's Liability,evidenceOfInsuranceWorkersCompensationWaiverOfSubrogationEndorsement,Waiver of Subrogation,"---prompt---
Determine if the insurer has waived their right of subrogation in favor of the certificate holder under the Workers' Compensation policy. Evidence may include: a checked ""Waiver of Subrogation"" box on the certificate, mention in the Description of Operations section stating ""waiver of subrogation applies"", or reference to form WC 00 03 13. Look for language like ""subrogation is waived"" or ""per written contract"".",matchOnce,must be present,,,non_compliant,Block Requirements,,,false,0,,2026-08-16
"Block Real Estate Services, LLC",69fdf7a362446148bd85b064,69fded1a62446148bd848f7c,McClure Engineering Company,69fdf1a03b208288e0a84a8c,"tic680 - College Crossing E {College Crossing EFGH, LLC}",evidenceOfInsurance,Evidence of Insurance,6ac20aae-5728-5d57-b364-aeba38527dba,Additional Requirements,4da5b0f1-4c9d-5885-8cf8-5d3cccaed3e0,"Block Real Estate Services, LLC and all others required by contract are named as Additional Insureds","---prompt---
Determine if the Description of Operations or the Additional Remarks Schedule section states the ""Additional Insured as Construction Management, Inc. and all others required by contract"" or reference to blanket additional insured coverage. Look for language like ""certificate holder is additional insured"" or ""per written contract"".",matchOnce,must be present,,,non_compliant,Block Requirements,,,true,0,,2026-08-16
"Block Real Estate Services, LLC",69fdf7a362446148bd85b064,69fded1a62446148bd848f7c,McClure Engineering Company,69fdf1a03b208288e0a84a8c,"tic680 - College Crossing E {College Crossing EFGH, LLC}",evidenceOfInsurance,Evidence of Insurance,6ac20aae-5728-5d57-b364-aeba38527dba,Additional Requirements,e1017741-e47e-5f58-97b8-fbc3043e919f,Umbrella follows form over General Liability,"---prompt---
Determine if the Umbrella/Excess Liability policy follows form to the underlying policies. Evidence may include: language in the Description of Operations section stating the umbrella follows form to underlying coverages or an additional page endorsement stating that it follows form. Follow form means the umbrella policy adopts the same terms, conditions, and exclusions as the underlying policies.",matchOnce,must be present,,,non_compliant,Block Requirements,,,true,0,,2026-08-16
"Block Real Estate Services, LLC",69fdf7a362446148bd85b064,69fded1a62446148bd848f7c,McClure Engineering Company,69fdf1a03b208288e0a84a8c,"tic680 - College Crossing E {College Crossing EFGH, LLC}",evidenceOfInsurance,Evidence of Insurance,6ac20aae-5728-5d57-b364-aeba38527dba,Additional Requirements,2cdd866f-c9a4-576a-afd8-1d045762790c,The location must be listed as: 11031 (11031-11033) Strang Line Road Lenexa KS 66215,,matchOnce,must be present,,,non_compliant,Block Requirements,,,true,0,,2026-08-16
"Block Real Estate Services, LLC",69fdf7a362446148bd85b064,69fded1a62446148bd848f7c,McClure Engineering Company,69fdf1a03b208288e0a84a8c,"tic680 - College Crossing E {College Crossing EFGH, LLC}",evidenceOfInsurance,Evidence of Insurance,6ac20aae-5728-5d57-b364-aeba38527dba,Additional Requirements,3649e9d1-4e09-59bf-8f30-cb33c40cf117,"Certificate Holder must read: c/o Block Real Estate Services, LLC, 4622 Pennsylvania St., Suite 700, Kansas City, MO, 64112",,matchOnce,must be present,,,non_compliant,Block Requirements,,,true,0,,2026-08-16
"Block Real Estate Services, LLC",69fdf7a362446148bd85b065,69fded1d62446148bd849072,People First Network of Kansas LLC,69fdf1a03b208288e0a84a8c,"tic680 - College Crossing E {College Crossing EFGH, LLC}",evidenceOfInsurance,Evidence of Insurance,commercialGeneralLiability,Commercial General Liability,evidenceOfInsuranceCommercialGeneralLiabilityCoverageTriggerOccurrence,Coverage Trigger: Occurrence,,matchOnce,must be present,,Present,compliant,Block Requirements,,,false,1,,2026-08-16
"Block Real Estate Services, LLC",69fdf7a362446148bd85b065,69fded1d62446148bd849072,People First Network of Kansas LLC,69fdf1a03b208288e0a84a8c,"tic680 - College Crossing E {College Crossing EFGH, LLC}",evidenceOfInsurance,Evidence of Insurance,commercialGeneralLiability,Commercial General Liability,evidenceOfInsuranceCommercialGeneralLiabilityGeneralAggregateLimitAppliesPerLocation,General Aggregate Limit Applies per: Location,,matchOnce,must be present,,,non_compliant,Block Requirements,,,false,0,,2026-08-16
"Block Real Estate Services, LLC",69fdf7a362446148bd85b065,69fded1d62446148bd849072,People First Network of Kansas LLC,69fdf1a03b208288e0a84a8c,"tic680 - College Crossing E {College Crossing EFGH, LLC}",evidenceOfInsurance,Evidence of Insurance,commercialGeneralLiability,Commercial General Liability,evidenceOfInsuranceCommercialGeneralLiabilityEachOccurrence,Each Occurrence,,matchOnce,must be greater or equal to,1000000,1000000,compliant,Block Requirements,,,false,1,,2026-08-16
"Block Real Estate Services, LLC",69fdf7a362446148bd85b065,69fded1d62446148bd849072,People First Network of Kansas LLC,69fdf1a03b208288e0a84a8c,"tic680 - College Crossing E {College Crossing EFGH, LLC}",evidenceOfInsurance,Evidence of Insurance,commercialGeneralLiability,Commercial General Liability,evidenceOfInsuranceCommercialGeneralLiabilityGeneralAggregate,General Aggregate,,matchOnce,must be greater or equal to,2000000,3000000,compliant,Block Requirements,,,false,1,,2026-08-16
"Block Real Estate Services, LLC",69fdf7a362446148bd85b065,69fded1d62446148bd849072,People First Network of Kansas LLC,69fdf1a03b208288e0a84a8c,"tic680 - College Crossing E {College Crossing EFGH, LLC}",evidenceOfInsurance,Evidence of Insurance,commercialGeneralLiability,Commercial General Liability,evidenceOfInsuranceCommercialGeneralLiabilityWaiverOfSubrogationEndorsement,Waiver of Subrogation,"---prompt---
Determine if the insurer has waived their right of subrogation in favor of the certificate holder under the Commercial General Liability policy. Evidence may include: a checked ""Waiver of Subrogation"" box on the certificate, mention in the Description of Operations section stating ""waiver of subrogation applies"", or reference to form CG 24 04. Look for language like ""subrogation is waived"" or ""per written contract"".",matchOnce,must be present,,,non_compliant,Block Requirements,,,false,0,,2026-08-16
"Block Real Estate Services, LLC",69fdf7a362446148bd85b065,69fded1d62446148bd849072,People First Network of Kansas LLC,69fdf1a03b208288e0a84a8c,"tic680 - College Crossing E {College Crossing EFGH, LLC}",evidenceOfInsurance,Evidence of Insurance,excessOrUmbrellaLiability,Umbrella/Excess Liability,evidenceOfInsuranceExcessOrUmbrellaLiabilityOccurence,Coverage Trigger: Occurrence,,matchOnce,must be present,,Present,compliant,Block Requirements,,,false,1,,2026-08-16
"Block Real Estate Services, LLC",69fdf7a362446148bd85b065,69fded1d62446148bd849072,People First Network of Kansas LLC,69fdf1a03b208288e0a84a8c,"tic680 - College Crossing E {College Crossing EFGH, LLC}",evidenceOfInsurance,Evidence of Insurance,excessOrUmbrellaLiability,Umbrella/Excess Liability,evidenceOfInsuranceExcessOrUmbrellaLiabilityEachOccurrence,Each Occurrence,,matchOnce,must be greater or equal to,1000000,1000000,compliant,Block Requirements,,,false,1,,2026-08-16
"Block Real Estate Services, LLC",69fdf7a362446148bd85b065,69fded1d62446148bd849072,People First Network of Kansas LLC,69fdf1a03b208288e0a84a8c,"tic680 - College Crossing E {College Crossing EFGH, LLC}",evidenceOfInsurance,Evidence of Insurance,excessOrUmbrellaLiability,Umbrella/Excess Liability,evidenceOfInsuranceExcessOrUmbrellaLiabilityAggregate,Aggregate,,matchOnce,must be greater or equal to,1000000,1000000,compliant,Block Requirements,,,false,1,,2026-08-16
"Block Real Estate Services, LLC",69fdf7a362446148bd85b065,69fded1d62446148bd849072,People First Network of Kansas LLC,69fdf1a03b208288e0a84a8c,"tic680 - College Crossing E {College Crossing EFGH, LLC}",evidenceOfInsurance,Evidence of Insurance,workersCompensation,Workers' Compensation and Employer's Liability,evidenceOfInsuranceWorkersCompensationStatutoryLimits,Statutory Limits,,matchOnce,must be present,,,non_compliant,Block Requirements,,,false,0,,2026-08-16
"Block Real Estate Services, LLC",69fdf7a362446148bd85b065,69fded1d62446148bd849072,People First Network of Kansas LLC,69fdf1a03b208288e0a84a8c,"tic680 - College Crossing E {College Crossing EFGH, LLC}",evidenceOfInsurance,Evidence of Insurance,workersCompensation,Workers' Compensation and Employer's Liability,evidenceOfInsuranceWorkersCompensationEmployersLiabilityEachAccident,Employer's Liability Each Accident,,matchOnce,must be greater or equal to,500000,,non_compliant,Block Requirements,,,false,0,,2026-08-16
"Block Real Estate Services, LLC",69fdf7a362446148bd85b065,69fded1d62446148bd849072,People First Network of Kansas LLC,69fdf1a03b208288e0a84a8c,"tic680 - College Crossing E {College Crossing EFGH, LLC}",evidenceOfInsurance,Evidence of Insurance,workersCompensation,Workers' Compensation and Employer's Liability,evidenceOfInsuranceWorkersCompensationEmployersLiabilityDiseaseEachEmployee,Employer's Liability Disease - each employee,,matchOnce,must be greater or equal to,500000,,non_compliant,Block Requirements,,,false,0,,2026-08-16
"Block Real Estate Services, LLC",69fdf7a362446148bd85b065,69fded1d62446148bd849072,People First Network of Kansas LLC,69fdf1a03b208288e0a84a8c,"tic680 - College Crossing E {College Crossing EFGH, LLC}",evidenceOfInsurance,Evidence of Insurance,workersCompensation,Workers' Compensation and Employer's Liability,evidenceOfInsuranceWorkersCompensationEmployersLiabilityDiseasePolicyLimit,Employer's Liability Disease - policy limit,,matchOnce,must be greater or equal to,500000,,non_compliant,Block Requirements,,,false,0,,2026-08-16
"Block Real Estate Services, LLC",69fdf7a362446148bd85b065,69fded1d62446148bd849072,People First Network of Kansas LLC,69fdf1a03b208288e0a84a8c,"tic680 - College Crossing E {College Crossing EFGH, LLC}",evidenceOfInsurance,Evidence of Insurance,workersCompensation,Workers' Compensation and Employer's Liability,evidenceOfInsuranceWorkersCompensationWaiverOfSubrogationEndorsement,Waiver of Subrogation,"---prompt---
Determine if the insurer has waived their right of subrogation in favor of the certificate holder under the Workers' Compensation policy. Evidence may include: a checked ""Waiver of Subrogation"" box on the certificate, mention in the Description of Operations section stating ""waiver of subrogation applies"", or reference to form WC 00 03 13. Look for language like ""subrogation is waived"" or ""per written contract"".",matchOnce,must be present,,,non_compliant,Block Requirements,,,false,0,,2026-08-16
"Block Real Estate Services, LLC",69fdf7a362446148bd85b065,69fded1d62446148bd849072,People First Network of Kansas LLC,69fdf1a03b208288e0a84a8c,"tic680 - College Crossing E {College Crossing EFGH, LLC}",evidenceOfInsurance,Evidence of Insurance,6ac20aae-5728-5d57-b364-aeba38527dba,Additional Requirements,4da5b0f1-4c9d-5885-8cf8-5d3cccaed3e0,"Block Real Estate Services, LLC and all others required by contract are named as Additional Insureds","---prompt---
Determine if the Description of Operations or the Additional Remarks Schedule section states the ""Additional Insured as Construction Management, Inc. and all others required by contract"" or reference to blanket additional insured coverage. Look for language like ""certificate holder is additional insured"" or ""per written contract"".",matchOnce,must be present,,,non_compliant,Block Requirements,,,true,0,,2026-08-16
"Block Real Estate Services, LLC",69fdf7a362446148bd85b065,69fded1d62446148bd849072,People First Network of Kansas LLC,69fdf1a03b208288e0a84a8c,"tic680 - College Crossing E {College Crossing EFGH, LLC}",evidenceOfInsurance,Evidence of Insurance,6ac20aae-5728-5d57-b364-aeba38527dba,Additional Requirements,e1017741-e47e-5f58-97b8-fbc3043e919f,Umbrella follows form over General Liability,"---prompt---
Determine if the Umbrella/Excess Liability policy follows form to the underlying policies. Evidence may include: language in the Description of Operations section stating the umbrella follows form to underlying coverages or an additional page endorsement stating that it follows form. Follow form means the umbrella policy adopts the same terms, conditions, and exclusions as the underlying policies.",matchOnce,must be present,,,non_compliant,Block Requirements,,,true,0,,2026-08-16
"Block Real Estate Services, LLC",69fdf7a362446148bd85b065,69fded1d62446148bd849072,People First Network of Kansas LLC,69fdf1a03b208288e0a84a8c,"tic680 - College Crossing E {College Crossing EFGH, LLC}",evidenceOfInsurance,Evidence of Insurance,6ac20aae-5728-5d57-b364-aeba38527dba,Additional Requirements,2cdd866f-c9a4-576a-afd8-1d045762790c,The location must be listed as: 11069 (11061-11091) Strang Line Road Lenexa KS 66215,,matchOnce,must be present,,,non_compliant,Block Requirements,,,true,0,,2026-08-16
"Block Real Estate Services, LLC",69fdf7a362446148bd85b065,69fded1d62446148bd849072,People First Network of Kansas LLC,69fdf1a03b208288e0a84a8c,"tic680 - College Crossing E {College Crossing EFGH, LLC}",evidenceOfInsurance,Evidence of Insurance,6ac20aae-5728-5d57-b364-aeba38527dba,Additional Requirements,3649e9d1-4e09-59bf-8f30-cb33c40cf117,"Certificate Holder must read: c/o Block Real Estate Services, LLC, 4622 Pennsylvania St., Suite 700, Kansas City, MO, 64112",,matchOnce,must be present,,,non_compliant,Block Requirements,,,true,0,,2026-08-16
"Block Real Estate Services, LLC",69fdf75c62446148bd855f95,69fded1062446148bd848c2e,BUNZL,69fdefaafa0b60fcd50d6883,bab241 - Riverside Logistics Centre I {BABRA LLC},evidenceOfInsurance,Evidence of Insurance,commercialGeneralLiability,Commercial General Liability,evidenceOfInsuranceCommercialGeneralLiabilityCoverageTriggerOccurrence,Coverage Trigger: Occurrence,,matchOnce,must be present,,,non_compliant,Block Requirements,,,false,0,,2026-08-16
"Block Real Estate Services, LLC",69fdf75c62446148bd855f95,69fded1062446148bd848c2e,BUNZL,69fdefaafa0b60fcd50d6883,bab241 - Riverside Logistics Centre I {BABRA LLC},evidenceOfInsurance,Evidence of Insurance,commercialGeneralLiability,Commercial General Liability,evidenceOfInsuranceCommercialGeneralLiabilityGeneralAggregateLimitAppliesPerLocation,General Aggregate Limit Applies per: Location,,matchOnce,must be present,,,non_compliant,Block Requirements,,,false,0,,2026-08-16
"Block Real Estate Services, LLC",69fdf75c62446148bd855f95,69fded1062446148bd848c2e,BUNZL,69fdefaafa0b60fcd50d6883,bab241 - Riverside Logistics Centre I {BABRA LLC},evidenceOfInsurance,Evidence of Insurance,commercialGeneralLiability,Commercial General Liability,evidenceOfInsuranceCommercialGeneralLiabilityEachOccurrence,Each Occurrence,,matchOnce,must be greater or equal to,1000000,,non_compliant,Block Requirements,,,false,0,,2026-08-16
"Block Real Estate Services, LLC",69fdf75c62446148bd855f95,69fded1062446148bd848c2e,BUNZL,69fdefaafa0b60fcd50d6883,bab241 - Riverside Logistics Centre I {BABRA LLC},evidenceOfInsurance,Evidence of Insurance,commercialGeneralLiability,Commercial General Liability,evidenceOfInsuranceCommercialGeneralLiabilityGeneralAggregate,General Aggregate,,matchOnce,must be greater or equal to,2000000,,non_compliant,Block Requirements,,,false,0,,2026-08-16
"Block Real Estate Services, LLC",69fdf75c62446148bd855f95,69fded1062446148bd848c2e,BUNZL,69fdefaafa0b60fcd50d6883,bab241 - Riverside Logistics Centre I {BABRA LLC},evidenceOfInsurance,Evidence of Insurance,commercialGeneralLiability,Commercial General Liability,evidenceOfInsuranceCommercialGeneralLiabilityWaiverOfSubrogationEndorsement,Waiver of Subrogation,"---prompt---
Determine if the insurer has waived their right of subrogation in favor of the certificate holder under the Commercial General Liability policy. Evidence may include: a checked ""Waiver of Subrogation"" box on the certificate, mention in the Description of Operations section stating ""waiver of subrogation applies"", or reference to form CG 24 04. Look for language like ""subrogation is waived"" or ""per written contract"".",matchOnce,must be present,,,non_compliant,Block Requirements,,,false,0,,2026-08-16
"Block Real Estate Services, LLC",69fdf75c62446148bd855f95,69fded1062446148bd848c2e,BUNZL,69fdefaafa0b60fcd50d6883,bab241 - Riverside Logistics Centre I {BABRA LLC},evidenceOfInsurance,Evidence of Insurance,excessOrUmbrellaLiability,Umbrella/Excess Liability,evidenceOfInsuranceExcessOrUmbrellaLiabilityOccurence,Coverage Trigger: Occurrence,,matchOnce,must be present,,,non_compliant,Block Requirements,,,false,0,,2026-08-16
"Block Real Estate Services, LLC",69fdf75c62446148bd855f95,69fded1062446148bd848c2e,BUNZL,69fdefaafa0b60fcd50d6883,bab241 - Riverside Logistics Centre I {BABRA LLC},evidenceOfInsurance,Evidence of Insurance,excessOrUmbrellaLiability,Umbrella/Excess Liability,evidenceOfInsuranceExcessOrUmbrellaLiabilityEachOccurrence,Each Occurrence,,matchOnce,must be greater or equal to,1000000,,non_compliant,Block Requirements,,,false,0,,2026-08-16
"Block Real Estate Services, LLC",69fdf75c62446148bd855f95,69fded1062446148bd848c2e,BUNZL,69fdefaafa0b60fcd50d6883,bab241 - Riverside Logistics Centre I {BABRA LLC},evidenceOfInsurance,Evidence of Insurance,excessOrUmbrellaLiability,Umbrella/Excess Liability,evidenceOfInsuranceExcessOrUmbrellaLiabilityAggregate,Aggregate,,matchOnce,must be greater or equal to,1000000,,non_compliant,Block Requirements,,,false,0,,2026-08-16
"Block Real Estate Services, LLC",69fdf75c62446148bd855f95,69fded1062446148bd848c2e,BUNZL,69fdefaafa0b60fcd50d6883,bab241 - Riverside Logistics Centre I {BABRA LLC},evidenceOfInsurance,Evidence of Insurance,workersCompensation,Workers' Compensation and Employer's Liability,evidenceOfInsuranceWorkersCompensationStatutoryLimits,Statutory Limits,,matchOnce,must be present,,,non_compliant,Block Requirements,,,false,0,,2026-08-16
"Block Real Estate Services, LLC",69fdf75c62446148bd855f95,69fded1062446148bd848c2e,BUNZL,69fdefaafa0b60fcd50d6883,bab241 - Riverside Logistics Centre I {BABRA LLC},evidenceOfInsurance,Evidence of Insurance,workersCompensation,Workers' Compensation and Employer's Liability,evidenceOfInsuranceWorkersCompensationEmployersLiabilityEachAccident,Employer's Liability Each Accident,,matchOnce,must be greater or equal to,500000,,non_compliant,Block Requirements,,,false,0,,2026-08-16
"Block Real Estate Services, LLC",69fdf75c62446148bd855f95,69fded1062446148bd848c2e,BUNZL,69fdefaafa0b60fcd50d6883,bab241 - Riverside Logistics Centre I {BABRA LLC},evidenceOfInsurance,Evidence of Insurance,workersCompensation,Workers' Compensation and Employer's Liability,evidenceOfInsuranceWorkersCompensationEmployersLiabilityDiseaseEachEmployee,Employer's Liability Disease - each employee,,matchOnce,must be greater or equal to,500000,,non_compliant,Block Requirements,,,false,0,,2026-08-16
"Block Real Estate Services, LLC",69fdf75c62446148bd855f95,69fded1062446148bd848c2e,BUNZL,69fdefaafa0b60fcd50d6883,bab241 - Riverside Logistics Centre I {BABRA LLC},evidenceOfInsurance,Evidence of Insurance,workersCompensation,Workers' Compensation and Employer's Liability,evidenceOfInsuranceWorkersCompensationEmployersLiabilityDiseasePolicyLimit,Employer's Liability Disease - policy limit,,matchOnce,must be greater or equal to,500000,,non_compliant,Block Requirements,,,false,0,,2026-08-16
"Block Real Estate Services, LLC",69fdf75c62446148bd855f95,69fded1062446148bd848c2e,BUNZL,69fdefaafa0b60fcd50d6883,bab241 - Riverside Logistics Centre I {BABRA LLC},evidenceOfInsurance,Evidence of Insurance,workersCompensation,Workers' Compensation and Employer's Liability,evidenceOfInsuranceWorkersCompensationWaiverOfSubrogationEndorsement,Waiver of Subrogation,"---prompt---
Determine if the insurer has waived their right of subrogation in favor of the certificate holder under the Workers' Compensation policy. Evidence may include: a checked ""Waiver of Subrogation"" box on the certificate, mention in the Description of Operations section stating ""waiver of subrogation applies"", or reference to form WC 00 03 13. Look for language like ""subrogation is waived"" or ""per written contract"".",matchOnce,must be present,,,non_compliant,Block Requirements,,,false,0,,2026-08-16
"Block Real Estate Services, LLC",69fdf75c62446148bd855f95,69fded1062446148bd848c2e,BUNZL,69fdefaafa0b60fcd50d6883,bab241 - Riverside Logistics Centre I {BABRA LLC},evidenceOfInsurance,Evidence of Insurance,6ac20aae-5728-5d57-b364-aeba38527dba,Additional Requirements,4da5b0f1-4c9d-5885-8cf8-5d3cccaed3e0,"Block Real Estate Services, LLC and all others required by contract are named as Additional Insureds","---prompt---
Determine if the Description of Operations or the Additional Remarks Schedule section states the ""Additional Insured as Construction Management, Inc. and all others required by contract"" or reference to blanket additional insured coverage. Look for language like ""certificate holder is additional insured"" or ""per written contract"".",matchOnce,must be present,,,non_compliant,Block Requirements,,,true,0,,2026-08-16
"Block Real Estate Services, LLC",69fdf75c62446148bd855f95,69fded1062446148bd848c2e,BUNZL,69fdefaafa0b60fcd50d6883,bab241 - Riverside Logistics Centre I {BABRA LLC},evidenceOfInsurance,Evidence of Insurance,6ac20aae-5728-5d57-b364-aeba38527dba,Additional Requirements,e1017741-e47e-5f58-97b8-fbc3043e919f,Umbrella follows form over General Liability,"---prompt---
Determine if the Umbrella/Excess Liability policy follows form to the underlying policies. Evidence may include: language in the Description of Operations section stating the umbrella follows form to underlying coverages or an additional page endorsement stating that it follows form. Follow form means the umbrella policy adopts the same terms, conditions, and exclusions as the underlying policies.",matchOnce,must be present,,,non_compliant,Block Requirements,,,true,0,,2026-08-16
"Block Real Estate Services, LLC",69fdf75c62446148bd855f95,69fded1062446148bd848c2e,BUNZL,69fdefaafa0b60fcd50d6883,bab241 - Riverside Logistics Centre I {BABRA LLC},evidenceOfInsurance,Evidence of Insurance,6ac20aae-5728-5d57-b364-aeba38527dba,Additional Requirements,2cdd866f-c9a4-576a-afd8-1d045762790c,"The location must be listed as: 5710 NW 41st Street, Suite 300, Mattox Road, Riverside, MO, 64150",,matchOnce,must be present,,,non_compliant,Block Requirements,,,true,0,,2026-08-16
"Block Real Estate Services, LLC",69fdf75c62446148bd855f95,69fded1062446148bd848c2e,BUNZL,69fdefaafa0b60fcd50d6883,bab241 - Riverside Logistics Centre I {BABRA LLC},evidenceOfInsurance,Evidence of Insurance,6ac20aae-5728-5d57-b364-aeba38527dba,Additional Requirements,3649e9d1-4e09-59bf-8f30-cb33c40cf117,"Certificate Holder must read: c/o Block Real Estate Services, LLC, 4622 Pennsylvania St., Suite 700, Kansas City, MO, 64112",,matchOnce,must be present,,,non_compliant,Block Requirements,,,true,0,,2026-08-16
"Block Real Estate Services, LLC",6a18494011a51e6a99edf4a8,69fded1062446148bd848c2e,BUNZL,69fdefaafa0b60fcd50d6883,bab241 - Riverside Logistics Centre I {BABRA LLC},evidenceOfInsurance,Evidence of Insurance,commercialGeneralLiability,Commercial General Liability,evidenceOfInsuranceCommercialGeneralLiabilityCoverageTriggerOccurrence,Coverage Trigger: Occurrence,,matchOnce,must be present,,,non_compliant,Block Requirements,,,false,0,,2026-08-16
"Block Real Estate Services, LLC",6a18494011a51e6a99edf4a8,69fded1062446148bd848c2e,BUNZL,69fdefaafa0b60fcd50d6883,bab241 - Riverside Logistics Centre I {BABRA LLC},evidenceOfInsurance,Evidence of Insurance,commercialGeneralLiability,Commercial General Liability,evidenceOfInsuranceCommercialGeneralLiabilityGeneralAggregateLimitAppliesPerLocation,General Aggregate Limit Applies per: Location,,matchOnce,must be present,,,non_compliant,Block Requirements,,,false,0,,2026-08-16
"Block Real Estate Services, LLC",6a18494011a51e6a99edf4a8,69fded1062446148bd848c2e,BUNZL,69fdefaafa0b60fcd50d6883,bab241 - Riverside Logistics Centre I {BABRA LLC},evidenceOfInsurance,Evidence of Insurance,commercialGeneralLiability,Commercial General Liability,evidenceOfInsuranceCommercialGeneralLiabilityEachOccurrence,Each Occurrence,,matchOnce,must be greater or equal to,1000000,,non_compliant,Block Requirements,,,false,0,,2026-08-16
"Block Real Estate Services, LLC",6a18494011a51e6a99edf4a8,69fded1062446148bd848c2e,BUNZL,69fdefaafa0b60fcd50d6883,bab241 - Riverside Logistics Centre I {BABRA LLC},evidenceOfInsurance,Evidence of Insurance,commercialGeneralLiability,Commercial General Liability,evidenceOfInsuranceCommercialGeneralLiabilityGeneralAggregate,General Aggregate,,matchOnce,must be greater or equal to,2000000,,non_compliant,Block Requirements,,,false,0,,2026-08-16
"Block Real Estate Services, LLC",6a18494011a51e6a99edf4a8,69fded1062446148bd848c2e,BUNZL,69fdefaafa0b60fcd50d6883,bab241 - Riverside Logistics Centre I {BABRA LLC},evidenceOfInsurance,Evidence of Insurance,commercialGeneralLiability,Commercial General Liability,evidenceOfInsuranceCommercialGeneralLiabilityWaiverOfSubrogationEndorsement,Waiver of Subrogation,"---prompt---
Determine if the insurer has waived their right of subrogation in favor of the certificate holder under the Commercial General Liability policy. Evidence may include: a checked ""Waiver of Subrogation"" box on the certificate, mention in the Description of Operations section stating ""waiver of subrogation applies"", or reference to form CG 24 04. Look for language like ""subrogation is waived"" or ""per written contract"".",matchOnce,must be present,,,non_compliant,Block Requirements,,,false,0,,2026-08-16
"Block Real Estate Services, LLC",6a18494011a51e6a99edf4a8,69fded1062446148bd848c2e,BUNZL,69fdefaafa0b60fcd50d6883,bab241 - Riverside Logistics Centre I {BABRA LLC},evidenceOfInsurance,Evidence of Insurance,excessOrUmbrellaLiability,Umbrella/Excess Liability,evidenceOfInsuranceExcessOrUmbrellaLiabilityOccurence,Coverage Trigger: Occurrence,,matchOnce,must be present,,,non_compliant,Block Requirements,,,false,0,,2026-08-16
"Block Real Estate Services, LLC",6a18494011a51e6a99edf4a8,69fded1062446148bd848c2e,BUNZL,69fdefaafa0b60fcd50d6883,bab241 - Riverside Logistics Centre I {BABRA LLC},evidenceOfInsurance,Evidence of Insurance,excessOrUmbrellaLiability,Umbrella/Excess Liability,evidenceOfInsuranceExcessOrUmbrellaLiabilityEachOccurrence,Each Occurrence,,matchOnce,must be greater or equal to,1000000,,non_compliant,Block Requirements,,,false,0,,2026-08-16
"Block Real Estate Services, LLC",6a18494011a51e6a99edf4a8,69fded1062446148bd848c2e,BUNZL,69fdefaafa0b60fcd50d6883,bab241 - Riverside Logistics Centre I {BABRA LLC},evidenceOfInsurance,Evidence of Insurance,excessOrUmbrellaLiability,Umbrella/Excess Liability,evidenceOfInsuranceExcessOrUmbrellaLiabilityAggregate,Aggregate,,matchOnce,must be greater or equal to,1000000,,non_compliant,Block Requirements,,,false,0,,2026-08-16
"Block Real Estate Services, LLC",6a18494011a51e6a99edf4a8,69fded1062446148bd848c2e,BUNZL,69fdefaafa0b60fcd50d6883,bab241 - Riverside Logistics Centre I {BABRA LLC},evidenceOfInsurance,Evidence of Insurance,workersCompensation,Workers' Compensation and Employer's Liability,evidenceOfInsuranceWorkersCompensationStatutoryLimits,Statutory Limits,,matchOnce,must be present,,,non_compliant,Block Requirements,,,false,0,,2026-08-16
"Block Real Estate Services, LLC",6a18494011a51e6a99edf4a8,69fded1062446148bd848c2e,BUNZL,69fdefaafa0b60fcd50d6883,bab241 - Riverside Logistics Centre I {BABRA LLC},evidenceOfInsurance,Evidence of Insurance,workersCompensation,Workers' Compensation and Employer's Liability,evidenceOfInsuranceWorkersCompensationEmployersLiabilityEachAccident,Employer's Liability Each Accident,,matchOnce,must be greater or equal to,500000,,non_compliant,Block Requirements,,,false,0,,2026-08-16
"Block Real Estate Services, LLC",6a18494011a51e6a99edf4a8,69fded1062446148bd848c2e,BUNZL,69fdefaafa0b60fcd50d6883,bab241 - Riverside Logistics Centre I {BABRA LLC},evidenceOfInsurance,Evidence of Insurance,workersCompensation,Workers' Compensation and Employer's Liability,evidenceOfInsuranceWorkersCompensationEmployersLiabilityDiseaseEachEmployee,Employer's Liability Disease - each employee,,matchOnce,must be greater or equal to,500000,,non_compliant,Block Requirements,,,false,0,,2026-08-16
"Block Real Estate Services, LLC",6a18494011a51e6a99edf4a8,69fded1062446148bd848c2e,BUNZL,69fdefaafa0b60fcd50d6883,bab241 - Riverside Logistics Centre I {BABRA LLC},evidenceOfInsurance,Evidence of Insurance,workersCompensation,Workers' Compensation and Employer's Liability,evidenceOfInsuranceWorkersCompensationEmployersLiabilityDiseasePolicyLimit,Employer's Liability Disease - policy limit,,matchOnce,must be greater or equal to,500000,,non_compliant,Block Requirements,,,false,0,,2026-08-16
"Block Real Estate Services, LLC",6a18494011a51e6a99edf4a8,69fded1062446148bd848c2e,BUNZL,69fdefaafa0b60fcd50d6883,bab241 - Riverside Logistics Centre I {BABRA LLC},evidenceOfInsurance,Evidence of Insurance,workersCompensation,Workers' Compensation and Employer's Liability,evidenceOfInsuranceWorkersCompensationWaiverOfSubrogationEndorsement,Waiver of Subrogation,"---prompt---
Determine if the insurer has waived their right of subrogation in favor of the certificate holder under the Workers' Compensation policy. Evidence may include: a checked ""Waiver of Subrogation"" box on the certificate, mention in the Description of Operations section stating ""waiver of subrogation applies"", or reference to form WC 00 03 13. Look for language like ""subrogation is waived"" or ""per written contract"".",matchOnce,must be present,,,non_compliant,Block Requirements,,,false,0,,2026-08-16
"Block Real Estate Services, LLC",6a18494011a51e6a99edf4a8,69fded1062446148bd848c2e,BUNZL,69fdefaafa0b60fcd50d6883,bab241 - Riverside Logistics Centre I {BABRA LLC},evidenceOfInsurance,Evidence of Insurance,6ac20aae-5728-5d57-b364-aeba38527dba,Additional Requirements,4da5b0f1-4c9d-5885-8cf8-5d3cccaed3e0,"Block Real Estate Services, LLC and all others required by contract are named as Additional Insureds","---prompt---
Determine if the Description of Operations or the Additional Remarks Schedule section states the ""Additional Insured as Construction Management, Inc. and all others required by contract"" or reference to blanket additional insured coverage. Look for language like ""certificate holder is additional insured"" or ""per written contract"".",matchOnce,must be present,,,non_compliant,Block Requirements,,,true,0,,2026-08-16
"Block Real Estate Services, LLC",6a18494011a51e6a99edf4a8,69fded1062446148bd848c2e,BUNZL,69fdefaafa0b60fcd50d6883,bab241 - Riverside Logistics Centre I {BABRA LLC},evidenceOfInsurance,Evidence of Insurance,6ac20aae-5728-5d57-b364-aeba38527dba,Additional Requirements,e1017741-e47e-5f58-97b8-fbc3043e919f,Umbrella follows form over General Liability,"---prompt---
Determine if the Umbrella/Excess Liability policy follows form to the underlying policies. Evidence may include: language in the Description of Operations section stating the umbrella follows form to underlying coverages or an additional page endorsement stating that it follows form. Follow form means the umbrella policy adopts the same terms, conditions, and exclusions as the underlying policies.",matchOnce,must be present,,,non_compliant,Block Requirements,,,true,0,,2026-08-16
"Block Real Estate Services, LLC",6a18494011a51e6a99edf4a8,69fded1062446148bd848c2e,BUNZL,69fdefaafa0b60fcd50d6883,bab241 - Riverside Logistics Centre I {BABRA LLC},evidenceOfInsurance,Evidence of Insurance,6ac20aae-5728-5d57-b364-aeba38527dba,Additional Requirements,2cdd866f-c9a4-576a-afd8-1d045762790c,"The location must be listed as: 5710 NW 41st Street, Suite 100, 200, Mattox Road, Riverside, MO, 64150",,matchOnce,must be present,,,non_compliant,Block Requirements,,,true,0,,2026-08-16
"Block Real Estate Services, LLC",6a18494011a51e6a99edf4a8,69fded1062446148bd848c2e,BUNZL,69fdefaafa0b60fcd50d6883,bab241 - Riverside Logistics Centre I {BABRA LLC},evidenceOfInsurance,Evidence of Insurance,6ac20aae-5728-5d57-b364-aeba38527dba,Additional Requirements,3649e9d1-4e09-59bf-8f30-cb33c40cf117,"Certificate Holder must read: c/o Block Real Estate Services, LLC, 4622 Pennsylvania St., Suite 700, Kansas City, MO, 64112",,matchOnce,must be present,,,non_compliant,Block Requirements,,,true,0,,2026-08-16
"Block Real Estate Services, LLC",69fdf78062446148bd858810,69fded1062446148bd848c31,"Equipment Preference, Inc. (fka Burlis-Lawson Group, Inc.)",69fdf0d9e45e7dcf5c438e0a,"prg804 - Pine Ridge Building D {PERG BUILDINGS, LLC}",evidenceOfInsurance,Evidence of Insurance,commercialGeneralLiability,Commercial General Liability,evidenceOfInsuranceCommercialGeneralLiabilityCoverageTriggerOccurrence,Coverage Trigger: Occurrence,,matchOnce,must be present,,,non_compliant,Block Requirements,,,false,0,,2026-08-16
"Block Real Estate Services, LLC",69fdf78062446148bd858810,69fded1062446148bd848c31,"Equipment Preference, Inc. (fka Burlis-Lawson Group, Inc.)",69fdf0d9e45e7dcf5c438e0a,"prg804 - Pine Ridge Building D {PERG BUILDINGS, LLC}",evidenceOfInsurance,Evidence of Insurance,commercialGeneralLiability,Commercial General Liability,evidenceOfInsuranceCommercialGeneralLiabilityGeneralAggregateLimitAppliesPerLocation,General Aggregate Limit Applies per: Location,,matchOnce,must be present,,,non_compliant,Block Requirements,,,false,0,,2026-08-16
"Block Real Estate Services, LLC",69fdf78062446148bd858810,69fded1062446148bd848c31,"Equipment Preference, Inc. (fka Burlis-Lawson Group, Inc.)",69fdf0d9e45e7dcf5c438e0a,"prg804 - Pine Ridge Building D {PERG BUILDINGS, LLC}",evidenceOfInsurance,Evidence of Insurance,commercialGeneralLiability,Commercial General Liability,evidenceOfInsuranceCommercialGeneralLiabilityEachOccurrence,Each Occurrence,,matchOnce,must be greater or equal to,1000000,,non_compliant,Block Requirements,,,false,0,,2026-08-16
"Block Real Estate Services, LLC",69fdf78062446148bd858810,69fded1062446148bd848c31,"Equipment Preference, Inc. (fka Burlis-Lawson Group, Inc.)",69fdf0d9e45e7dcf5c438e0a,"prg804 - Pine Ridge Building D {PERG BUILDINGS, LLC}",evidenceOfInsurance,Evidence of Insurance,commercialGeneralLiability,Commercial General Liability,evidenceOfInsuranceCommercialGeneralLiabilityGeneralAggregate,General Aggregate,,matchOnce,must be greater or equal to,2000000,,non_compliant,Block Requirements,,,false,0,,2026-08-16
"Block Real Estate Services, LLC",69fdf78062446148bd858810,69fded1062446148bd848c31,"Equipment Preference, Inc. (fka Burlis-Lawson Group, Inc.)",69fdf0d9e45e7dcf5c438e0a,"prg804 - Pine Ridge Building D {PERG BUILDINGS, LLC}",evidenceOfInsurance,Evidence of Insurance,commercialGeneralLiability,Commercial General Liability,evidenceOfInsuranceCommercialGeneralLiabilityWaiverOfSubrogationEndorsement,Waiver of Subrogation,"---prompt---
Determine if the insurer has waived their right of subrogation in favor of the certificate holder under the Commercial General Liability policy. Evidence may include: a checked ""Waiver of Subrogation"" box on the certificate, mention in the Description of Operations section stating ""waiver of subrogation applies"", or reference to form CG 24 04. Look for language like ""subrogation is waived"" or ""per written contract"".",matchOnce,must be present,,,non_compliant,Block Requirements,,,false,0,,2026-08-16
"Block Real Estate Services, LLC",69fdf78062446148bd858810,69fded1062446148bd848c31,"Equipment Preference, Inc. (fka Burlis-Lawson Group, Inc.)",69fdf0d9e45e7dcf5c438e0a,"prg804 - Pine Ridge Building D {PERG BUILDINGS, LLC}",evidenceOfInsurance,Evidence of Insurance,excessOrUmbrellaLiability,Umbrella/Excess Liability,evidenceOfInsuranceExcessOrUmbrellaLiabilityOccurence,Coverage Trigger: Occurrence,,matchOnce,must be present,,,non_compliant,Block Requirements,,,false,0,,2026-08-16
"Block Real Estate Services, LLC",69fdf78062446148bd858810,69fded1062446148bd848c31,"Equipment Preference, Inc. (fka Burlis-Lawson Group, Inc.)",69fdf0d9e45e7dcf5c438e0a,"prg804 - Pine Ridge Building D {PERG BUILDINGS, LLC}",evidenceOfInsurance,Evidence of Insurance,excessOrUmbrellaLiability,Umbrella/Excess Liability,evidenceOfInsuranceExcessOrUmbrellaLiabilityEachOccurrence,Each Occurrence,,matchOnce,must be greater or equal to,1000000,,non_compliant,Block Requirements,,,false,0,,2026-08-16
"Block Real Estate Services, LLC",69fdf78062446148bd858810,69fded1062446148bd848c31,"Equipment Preference, Inc. (fka Burlis-Lawson Group, Inc.)",69fdf0d9e45e7dcf5c438e0a,"prg804 - Pine Ridge Building D {PERG BUILDINGS, LLC}",evidenceOfInsurance,Evidence of Insurance,excessOrUmbrellaLiability,Umbrella/Excess Liability,evidenceOfInsuranceExcessOrUmbrellaLiabilityAggregate,Aggregate,,matchOnce,must be greater or equal to,1000000,,non_compliant,Block Requirements,,,false,0,,2026-08-16
"Block Real Estate Services, LLC",69fdf78062446148bd858810,69fded1062446148bd848c31,"Equipment Preference, Inc. (fka Burlis-Lawson Group, Inc.)",69fdf0d9e45e7dcf5c438e0a,"prg804 - Pine Ridge Building D {PERG BUILDINGS, LLC}",evidenceOfInsurance,Evidence of Insurance,workersCompensation,Workers' Compensation and Employer's Liability,evidenceOfInsuranceWorkersCompensationStatutoryLimits,Statutory Limits,,matchOnce,must be present,,,non_compliant,Block Requirements,,,false,0,,2026-08-16
"Block Real Estate Services, LLC",69fdf78062446148bd858810,69fded1062446148bd848c31,"Equipment Preference, Inc. (fka Burlis-Lawson Group, Inc.)",69fdf0d9e45e7dcf5c438e0a,"prg804 - Pine Ridge Building D {PERG BUILDINGS, LLC}",evidenceOfInsurance,Evidence of Insurance,workersCompensation,Workers' Compensation and Employer's Liability,evidenceOfInsuranceWorkersCompensationEmployersLiabilityEachAccident,Employer's Liability Each Accident,,matchOnce,must be greater or equal to,500000,,non_compliant,Block Requirements,,,false,0,,2026-08-16
"Block Real Estate Services, LLC",69fdf78062446148bd858810,69fded1062446148bd848c31,"Equipment Preference, Inc. (fka Burlis-Lawson Group, Inc.)",69fdf0d9e45e7dcf5c438e0a,"prg804 - Pine Ridge Building D {PERG BUILDINGS, LLC}",evidenceOfInsurance,Evidence of Insurance,workersCompensation,Workers' Compensation and Employer's Liability,evidenceOfInsuranceWorkersCompensationEmployersLiabilityDiseaseEachEmployee,Employer's Liability Disease - each employee,,matchOnce,must be greater or equal to,500000,,non_compliant,Block Requirements,,,false,0,,2026-08-16
"Block Real Estate Services, LLC",69fdf78062446148bd858810,69fded1062446148bd848c31,"Equipment Preference, Inc. (fka Burlis-Lawson Group, Inc.)",69fdf0d9e45e7dcf5c438e0a,"prg804 - Pine Ridge Building D {PERG BUILDINGS, LLC}",evidenceOfInsurance,Evidence of Insurance,workersCompensation,Workers' Compensation and Employer's Liability,evidenceOfInsuranceWorkersCompensationEmployersLiabilityDiseasePolicyLimit,Employer's Liability Disease - policy limit,,matchOnce,must be greater or equal to,500000,,non_compliant,Block Requirements,,,false,0,,2026-08-16
"Block Real Estate Services, LLC",69fdf78062446148bd858810,69fded1062446148bd848c31,"Equipment Preference, Inc. (fka Burlis-Lawson Group, Inc.)",69fdf0d9e45e7dcf5c438e0a,"prg804 - Pine Ridge Building D {PERG BUILDINGS, LLC}",evidenceOfInsurance,Evidence of Insurance,workersCompensation,Workers' Compensation and Employer's Liability,evidenceOfInsuranceWorkersCompensationWaiverOfSubrogationEndorsement,Waiver of Subrogation,"---prompt---
Determine if the insurer has waived their right of subrogation in favor of the certificate holder under the Workers' Compensation policy. Evidence may include: a checked ""Waiver of Subrogation"" box on the certificate, mention in the Description of Operations section stating ""waiver of subrogation applies"", or reference to form WC 00 03 13. Look for language like ""subrogation is waived"" or ""per written contract"".",matchOnce,must be present,,,non_compliant,Block Requirements,,,false,0,,2026-08-16
"Block Real Estate Services, LLC",69fdf78062446148bd858810,69fded1062446148bd848c31,"Equipment Preference, Inc. (fka Burlis-Lawson Group, Inc.)",69fdf0d9e45e7dcf5c438e0a,"prg804 - Pine Ridge Building D {PERG BUILDINGS, LLC}",evidenceOfInsurance,Evidence of Insurance,6ac20aae-5728-5d57-b364-aeba38527dba,Additional Requirements,4da5b0f1-4c9d-5885-8cf8-5d3cccaed3e0,"Block Real Estate Services, LLC and all others required by contract are named as Additional Insureds","---prompt---
Determine if the Description of Operations or the Additional Remarks Schedule section states the ""Additional Insured as Construction Management, Inc. and all others required by contract"" or reference to blanket additional insured coverage. Look for language like ""certificate holder is additional insured"" or ""per written contract"".",matchOnce,must be present,,,non_compliant,Block Requirements,,,true,0,,2026-08-16
"Block Real Estate Services, LLC",69fdf78062446148bd858810,69fded1062446148bd848c31,"Equipment Preference, Inc. (fka Burlis-Lawson Group, Inc.)",69fdf0d9e45e7dcf5c438e0a,"prg804 - Pine Ridge Building D {PERG BUILDINGS, LLC}",evidenceOfInsurance,Evidence of Insurance,6ac20aae-5728-5d57-b364-aeba38527dba,Additional Requirements,e1017741-e47e-5f58-97b8-fbc3043e919f,Umbrella follows form over General Liability,"---prompt---
Determine if the Umbrella/Excess Liability policy follows form to the underlying policies. Evidence may include: language in the Description of Operations section stating the umbrella follows form to underlying coverages or an additional page endorsement stating that it follows form. Follow form means the umbrella policy adopts the same terms, conditions, and exclusions as the underlying policies.",matchOnce,must be present,,,non_compliant,Block Requirements,,,true,0,,2026-08-16
"Block Real Estate Services, LLC",69fdf78062446148bd858810,69fded1062446148bd848c31,"Equipment Preference, Inc. (fka Burlis-Lawson Group, Inc.)",69fdf0d9e45e7dcf5c438e0a,"prg804 - Pine Ridge Building D {PERG BUILDINGS, LLC}",evidenceOfInsurance,Evidence of Insurance,6ac20aae-5728-5d57-b364-aeba38527dba,Additional Requirements,2cdd866f-c9a4-576a-afd8-1d045762790c,The location must be listed as: 8301 Melrose Drive Lenexa KS 66214,,matchOnce,must be present,,,non_compliant,Block Requirements,,,true,0,,2026-08-16
"Block Real Estate Services, LLC",69fdf78062446148bd858810,69fded1062446148bd848c31,"Equipment Preference, Inc. (fka Burlis-Lawson Group, Inc.)",69fdf0d9e45e7dcf5c438e0a,"prg804 - Pine Ridge Building D {PERG BUILDINGS, LLC}",evidenceOfInsurance,Evidence of Insurance,6ac20aae-5728-5d57-b364-aeba38527dba,Additional Requirements,3649e9d1-4e09-59bf-8f30-cb33c40cf117,"Certificate Holder must read: c/o Block Real Estate Services, LLC, 4622 Pennsylvania St., Suite 700, Kansas City, MO, 64112",,matchOnce,must be present,,,non_compliant,Block Requirements,,,true,0,,2026-08-16
"Block Real Estate Services, LLC",69fdf78062446148bd858811,69fded1262446148bd848d06,"Dental Health Essentials, LLC",69fdf0d9e45e7dcf5c438e0a,"prg804 - Pine Ridge Building D {PERG BUILDINGS, LLC}",evidenceOfInsurance,Evidence of Insurance,commercialGeneralLiability,Commercial General Liability,evidenceOfInsuranceCommercialGeneralLiabilityCoverageTriggerOccurrence,Coverage Trigger: Occurrence,,matchOnce,must be present,,,non_compliant,Block Requirements,,,false,0,,2026-08-16
"Block Real Estate Services, LLC",69fdf78062446148bd858811,69fded1262446148bd848d06,"Dental Health Essentials, LLC",69fdf0d9e45e7dcf5c438e0a,"prg804 - Pine Ridge Building D {PERG BUILDINGS, LLC}",evidenceOfInsurance,Evidence of Insurance,commercialGeneralLiability,Commercial General Liability,evidenceOfInsuranceCommercialGeneralLiabilityGeneralAggregateLimitAppliesPerLocation,General Aggregate Limit Applies per: Location,,matchOnce,must be present,,,non_compliant,Block Requirements,,,false,0,,2026-08-16
"Block Real Estate Services, LLC",69fdf78062446148bd858811,69fded1262446148bd848d06,"Dental Health Essentials, LLC",69fdf0d9e45e7dcf5c438e0a,"prg804 - Pine Ridge Building D {PERG BUILDINGS, LLC}",evidenceOfInsurance,Evidence of Insurance,commercialGeneralLiability,Commercial General Liability,evidenceOfInsuranceCommercialGeneralLiabilityEachOccurrence,Each Occurrence,,matchOnce,must be greater or equal to,1000000,,non_compliant,Block Requirements,,,false,0,,2026-08-16
"Block Real Estate Services, LLC",69fdf78062446148bd858811,69fded1262446148bd848d06,"Dental Health Essentials, LLC",69fdf0d9e45e7dcf5c438e0a,"prg804 - Pine Ridge Building D {PERG BUILDINGS, LLC}",evidenceOfInsurance,Evidence of Insurance,commercialGeneralLiability,Commercial General Liability,evidenceOfInsuranceCommercialGeneralLiabilityGeneralAggregate,General Aggregate,,matchOnce,must be greater or equal to,2000000,,non_compliant,Block Requirements,,,false,0,,2026-08-16
"Block Real Estate Services, LLC",69fdf78062446148bd858811,69fded1262446148bd848d06,"Dental Health Essentials, LLC",69fdf0d9e45e7dcf5c438e0a,"prg804 - Pine Ridge Building D {PERG BUILDINGS, LLC}",evidenceOfInsurance,Evidence of Insurance,commercialGeneralLiability,Commercial General Liability,evidenceOfInsuranceCommercialGeneralLiabilityWaiverOfSubrogationEndorsement,Waiver of Subrogation,"---prompt---
Determine if the insurer has waived their right of subrogation in favor of the certificate holder under the Commercial General Liability policy. Evidence may include: a checked ""Waiver of Subrogation"" box on the certificate, mention in the Description of Operations section stating ""waiver of subrogation applies"", or reference to form CG 24 04. Look for language like ""subrogation is waived"" or ""per written contract"".",matchOnce,must be present,,,non_compliant,Block Requirements,,,false,0,,2026-08-16
"Block Real Estate Services, LLC",69fdf78062446148bd858811,69fded1262446148bd848d06,"Dental Health Essentials, LLC",69fdf0d9e45e7dcf5c438e0a,"prg804 - Pine Ridge Building D {PERG BUILDINGS, LLC}",evidenceOfInsurance,Evidence of Insurance,excessOrUmbrellaLiability,Umbrella/Excess Liability,evidenceOfInsuranceExcessOrUmbrellaLiabilityOccurence,Coverage Trigger: Occurrence,,matchOnce,must be present,,,non_compliant,Block Requirements,,,false,0,,2026-08-16
"Block Real Estate Services, LLC",69fdf78062446148bd858811,69fded1262446148bd848d06,"Dental Health Essentials, LLC",69fdf0d9e45e7dcf5c438e0a,"prg804 - Pine Ridge Building D {PERG BUILDINGS, LLC}",evidenceOfInsurance,Evidence of Insurance,excessOrUmbrellaLiability,Umbrella/Excess Liability,evidenceOfInsuranceExcessOrUmbrellaLiabilityEachOccurrence,Each Occurrence,,matchOnce,must be greater or equal to,1000000,,non_compliant,Block Requirements,,,false,0,,2026-08-16
"Block Real Estate Services, LLC",69fdf78062446148bd858811,69fded1262446148bd848d06,"Dental Health Essentials, LLC",69fdf0d9e45e7dcf5c438e0a,"prg804 - Pine Ridge Building D {PERG BUILDINGS, LLC}",evidenceOfInsurance,Evidence of Insurance,excessOrUmbrellaLiability,Umbrella/Excess Liability,evidenceOfInsuranceExcessOrUmbrellaLiabilityAggregate,Aggregate,,matchOnce,must be greater or equal to,1000000,,non_compliant,Block Requirements,,,false,0,,2026-08-16
"Block Real Estate Services, LLC",69fdf78062446148bd858811,69fded1262446148bd848d06,"Dental Health Essentials, LLC",69fdf0d9e45e7dcf5c438e0a,"prg804 - Pine Ridge Building D {PERG BUILDINGS, LLC}",evidenceOfInsurance,Evidence of Insurance,workersCompensation,Workers' Compensation and Employer's Liability,evidenceOfInsuranceWorkersCompensationStatutoryLimits,Statutory Limits,,matchOnce,must be present,,,non_compliant,Block Requirements,,,false,0,,2026-08-16
"Block Real Estate Services, LLC",69fdf78062446148bd858811,69fded1262446148bd848d06,"Dental Health Essentials, LLC",69fdf0d9e45e7dcf5c438e0a,"prg804 - Pine Ridge Building D {PERG BUILDINGS, LLC}",evidenceOfInsurance,Evidence of Insurance,workersCompensation,Workers' Compensation and Employer's Liability,evidenceOfInsuranceWorkersCompensationEmployersLiabilityEachAccident,Employer's Liability Each Accident,,matchOnce,must be greater or equal to,500000,,non_compliant,Block Requirements,,,false,0,,2026-08-16
"Block Real Estate Services, LLC",69fdf78062446148bd858811,69fded1262446148bd848d06,"Dental Health Essentials, LLC",69fdf0d9e45e7dcf5c438e0a,"prg804 - Pine Ridge Building D {PERG BUILDINGS, LLC}",evidenceOfInsurance,Evidence of Insurance,workersCompensation,Workers' Compensation and Employer's Liability,evidenceOfInsuranceWorkersCompensationEmployersLiabilityDiseaseEachEmployee,Employer's Liability Disease - each employee,,matchOnce,must be greater or equal to,500000,,non_compliant,Block Requirements,,,false,0,,2026-08-16
"Block Real Estate Services, LLC",69fdf78062446148bd858811,69fded1262446148bd848d06,"Dental Health Essentials, LLC",69fdf0d9e45e7dcf5c438e0a,"prg804 - Pine Ridge Building D {PERG BUILDINGS, LLC}",evidenceOfInsurance,Evidence of Insurance,workersCompensation,Workers' Compensation and Employer's Liability,evidenceOfInsuranceWorkersCompensationEmployersLiabilityDiseasePolicyLimit,Employer's Liability Disease - policy limit,,matchOnce,must be greater or equal to,500000,,non_compliant,Block Requirements,,,false,0,,2026-08-16
"Block Real Estate Services, LLC",69fdf78062446148bd858811,69fded1262446148bd848d06,"Dental Health Essentials, LLC",69fdf0d9e45e7dcf5c438e0a,"prg804 - Pine Ridge Building D {PERG BUILDINGS, LLC}",evidenceOfInsurance,Evidence of Insurance,workersCompensation,Workers' Compensation and Employer's Liability,evidenceOfInsuranceWorkersCompensationWaiverOfSubrogationEndorsement,Waiver of Subrogation,"---prompt---
Determine if the insurer has waived their right of subrogation in favor of the certificate holder under the Workers' Compensation policy. Evidence may include: a checked ""Waiver of Subrogation"" box on the certificate, mention in the Description of Operations section stating ""waiver of subrogation applies"", or reference to form WC 00 03 13. Look for language like ""subrogation is waived"" or ""per written contract"".",matchOnce,must be present,,,non_compliant,Block Requirements,,,false,0,,2026-08-16
"Block Real Estate Services, LLC",69fdf78062446148bd858811,69fded1262446148bd848d06,"Dental Health Essentials, LLC",69fdf0d9e45e7dcf5c438e0a,"prg804 - Pine Ridge Building D {PERG BUILDINGS, LLC}",evidenceOfInsurance,Evidence of Insurance,6ac20aae-5728-5d57-b364-aeba38527dba,Additional Requirements,4da5b0f1-4c9d-5885-8cf8-5d3cccaed3e0,"Block Real Estate Services, LLC and all others required by contract are named as Additional Insureds","---prompt---
Determine if the Description of Operations or the Additional Remarks Schedule section states the ""Additional Insured as Construction Management, Inc. and all others required by contract"" or reference to blanket additional insured coverage. Look for language like ""certificate holder is additional insured"" or ""per written contract"".",matchOnce,must be present,,,non_compliant,Block Requirements,,,true,0,,2026-08-16
"Block Real Estate Services, LLC",69fdf78062446148bd858811,69fded1262446148bd848d06,"Dental Health Essentials, LLC",69fdf0d9e45e7dcf5c438e0a,"prg804 - Pine Ridge Building D {PERG BUILDINGS, LLC}",evidenceOfInsurance,Evidence of Insurance,6ac20aae-5728-5d57-b364-aeba38527dba,Additional Requirements,e1017741-e47e-5f58-97b8-fbc3043e919f,Umbrella follows form over General Liability,"---prompt---
Determine if the Umbrella/Excess Liability policy follows form to the underlying policies. Evidence may include: language in the Description of Operations section stating the umbrella follows form to underlying coverages or an additional page endorsement stating that it follows form. Follow form means the umbrella policy adopts the same terms, conditions, and exclusions as the underlying policies.",matchOnce,must be present,,,non_compliant,Block Requirements,,,true,0,,2026-08-16
"Block Real Estate Services, LLC",69fdf78062446148bd858811,69fded1262446148bd848d06,"Dental Health Essentials, LLC",69fdf0d9e45e7dcf5c438e0a,"prg804 - Pine Ridge Building D {PERG BUILDINGS, LLC}",evidenceOfInsurance,Evidence of Insurance,6ac20aae-5728-5d57-b364-aeba38527dba,Additional Requirements,2cdd866f-c9a4-576a-afd8-1d045762790c,"The location must be listed as: 8295, 8297, 8299 Melrose Drive Lenexa KS 66214",,matchOnce,must be present,,,non_compliant,Block Requirements,,,true,0,,2026-08-16
"Block Real Estate Services, LLC",69fdf78062446148bd858811,69fded1262446148bd848d06,"Dental Health Essentials, LLC",69fdf0d9e45e7dcf5c438e0a,"prg804 - Pine Ridge Building D {PERG BUILDINGS, LLC}",evidenceOfInsurance,Evidence of Insurance,6ac20aae-5728-5d57-b364-aeba38527dba,Additional Requirements,3649e9d1-4e09-59bf-8f30-cb33c40cf117,"Certificate Holder must read: c/o Block Real Estate Services, LLC, 4622 Pennsylvania St., Suite 700, Kansas City, MO, 64112",,matchOnce,must be present,,,non_compliant,Block Requirements,,,true,0,,2026-08-16
"Block Real Estate Services, LLC",69fdf78062446148bd858812,69fded1562446148bd848dde,G3 Industrial Solutions LLC,69fdf0d9e45e7dcf5c438e0a,"prg804 - Pine Ridge Building D {PERG BUILDINGS, LLC}",evidenceOfInsurance,Evidence of Insurance,commercialGeneralLiability,Commercial General Liability,evidenceOfInsuranceCommercialGeneralLiabilityCoverageTriggerOccurrence,Coverage Trigger: Occurrence,,matchOnce,must be present,,,non_compliant,Block Requirements,,,false,0,,2026-08-16
"Block Real Estate Services, LLC",69fdf78062446148bd858812,69fded1562446148bd848dde,G3 Industrial Solutions LLC,69fdf0d9e45e7dcf5c438e0a,"prg804 - Pine Ridge Building D {PERG BUILDINGS, LLC}",evidenceOfInsurance,Evidence of Insurance,commercialGeneralLiability,Commercial General Liability,evidenceOfInsuranceCommercialGeneralLiabilityGeneralAggregateLimitAppliesPerLocation,General Aggregate Limit Applies per: Location,,matchOnce,must be present,,,non_compliant,Block Requirements,,,false,0,,2026-08-16
"Block Real Estate Services, LLC",69fdf78062446148bd858812,69fded1562446148bd848dde,G3 Industrial Solutions LLC,69fdf0d9e45e7dcf5c438e0a,"prg804 - Pine Ridge Building D {PERG BUILDINGS, LLC}",evidenceOfInsurance,Evidence of Insurance,commercialGeneralLiability,Commercial General Liability,evidenceOfInsuranceCommercialGeneralLiabilityEachOccurrence,Each Occurrence,,matchOnce,must be greater or equal to,1000000,,non_compliant,Block Requirements,,,false,0,,2026-08-16
"Block Real Estate Services, LLC",69fdf78062446148bd858812,69fded1562446148bd848dde,G3 Industrial Solutions LLC,69fdf0d9e45e7dcf5c438e0a,"prg804 - Pine Ridge Building D {PERG BUILDINGS, LLC}",evidenceOfInsurance,Evidence of Insurance,commercialGeneralLiability,Commercial General Liability,evidenceOfInsuranceCommercialGeneralLiabilityGeneralAggregate,General Aggregate,,matchOnce,must be greater or equal to,2000000,,non_compliant,Block Requirements,,,false,0,,2026-08-16
"Block Real Estate Services, LLC",69fdf78062446148bd858812,69fded1562446148bd848dde,G3 Industrial Solutions LLC,69fdf0d9e45e7dcf5c438e0a,"prg804 - Pine Ridge Building D {PERG BUILDINGS, LLC}",evidenceOfInsurance,Evidence of Insurance,commercialGeneralLiability,Commercial General Liability,evidenceOfInsuranceCommercialGeneralLiabilityWaiverOfSubrogationEndorsement,Waiver of Subrogation,"---prompt---
Determine if the insurer has waived their right of subrogation in favor of the certificate holder under the Commercial General Liability policy. Evidence may include: a checked ""Waiver of Subrogation"" box on the certificate, mention in the Description of Operations section stating ""waiver of subrogation applies"", or reference to form CG 24 04. Look for language like ""subrogation is waived"" or ""per written contract"".",matchOnce,must be present,,,non_compliant,Block Requirements,,,false,0,,2026-08-16
"Block Real Estate Services, LLC",69fdf78062446148bd858812,69fded1562446148bd848dde,G3 Industrial Solutions LLC,69fdf0d9e45e7dcf5c438e0a,"prg804 - Pine Ridge Building D {PERG BUILDINGS, LLC}",evidenceOfInsurance,Evidence of Insurance,excessOrUmbrellaLiability,Umbrella/Excess Liability,evidenceOfInsuranceExcessOrUmbrellaLiabilityOccurence,Coverage Trigger: Occurrence,,matchOnce,must be present,,,non_compliant,Block Requirements,,,false,0,,2026-08-16
"Block Real Estate Services, LLC",69fdf78062446148bd858812,69fded1562446148bd848dde,G3 Industrial Solutions LLC,69fdf0d9e45e7dcf5c438e0a,"prg804 - Pine Ridge Building D {PERG BUILDINGS, LLC}",evidenceOfInsurance,Evidence of Insurance,excessOrUmbrellaLiability,Umbrella/Excess Liability,evidenceOfInsuranceExcessOrUmbrellaLiabilityEachOccurrence,Each Occurrence,,matchOnce,must be greater or equal to,1000000,,non_compliant,Block Requirements,,,false,0,,2026-08-16
"Block Real Estate Services, LLC",69fdf78062446148bd858812,69fded1562446148bd848dde,G3 Industrial Solutions LLC,69fdf0d9e45e7dcf5c438e0a,"prg804 - Pine Ridge Building D {PERG BUILDINGS, LLC}",evidenceOfInsurance,Evidence of Insurance,excessOrUmbrellaLiability,Umbrella/Excess Liability,evidenceOfInsuranceExcessOrUmbrellaLiabilityAggregate,Aggregate,,matchOnce,must be greater or equal to,1000000,,non_compliant,Block Requirements,,,false,0,,2026-08-16
"Block Real Estate Services, LLC",69fdf78062446148bd858812,69fded1562446148bd848dde,G3 Industrial Solutions LLC,69fdf0d9e45e7dcf5c438e0a,"prg804 - Pine Ridge Building D {PERG BUILDINGS, LLC}",evidenceOfInsurance,Evidence of Insurance,workersCompensation,Workers' Compensation and Employer's Liability,evidenceOfInsuranceWorkersCompensationStatutoryLimits,Statutory Limits,,matchOnce,must be present,,,non_compliant,Block Requirements,,,false,0,,2026-08-16
"Block Real Estate Services, LLC",69fdf78062446148bd858812,69fded1562446148bd848dde,G3 Industrial Solutions LLC,69fdf0d9e45e7dcf5c438e0a,"prg804 - Pine Ridge Building D {PERG BUILDINGS, LLC}",evidenceOfInsurance,Evidence of Insurance,workersCompensation,Workers' Compensation and Employer's Liability,evidenceOfInsuranceWorkersCompensationEmployersLiabilityEachAccident,Employer's Liability Each Accident,,matchOnce,must be greater or equal to,500000,,non_compliant,Block Requirements,,,false,0,,2026-08-16
"Block Real Estate Services, LLC",69fdf78062446148bd858812,69fded1562446148bd848dde,G3 Industrial Solutions LLC,69fdf0d9e45e7dcf5c438e0a,"prg804 - Pine Ridge Building D {PERG BUILDINGS, LLC}",evidenceOfInsurance,Evidence of Insurance,workersCompensation,Workers' Compensation and Employer's Liability,evidenceOfInsuranceWorkersCompensationEmployersLiabilityDiseaseEachEmployee,Employer's Liability Disease - each employee,,matchOnce,must be greater or equal to,500000,,non_compliant,Block Requirements,,,false,0,,2026-08-16
"Block Real Estate Services, LLC",69fdf78062446148bd858812,69fded1562446148bd848dde,G3 Industrial Solutions LLC,69fdf0d9e45e7dcf5c438e0a,"prg804 - Pine Ridge Building D {PERG BUILDINGS, LLC}",evidenceOfInsurance,Evidence of Insurance,workersCompensation,Workers' Compensation and Employer's Liability,evidenceOfInsuranceWorkersCompensationEmployersLiabilityDiseasePolicyLimit,Employer's Liability Disease - policy limit,,matchOnce,must be greater or equal to,500000,,non_compliant,Block Requirements,,,false,0,,2026-08-16
"Block Real Estate Services, LLC",69fdf78062446148bd858812,69fded1562446148bd848dde,G3 Industrial Solutions LLC,69fdf0d9e45e7dcf5c438e0a,"prg804 - Pine Ridge Building D {PERG BUILDINGS, LLC}",evidenceOfInsurance,Evidence of Insurance,workersCompensation,Workers' Compensation and Employer's Liability,evidenceOfInsuranceWorkersCompensationWaiverOfSubrogationEndorsement,Waiver of Subrogation,"---prompt---
Determine if the insurer has waived their right of subrogation in favor of the certificate holder under the Workers' Compensation policy. Evidence may include: a checked ""Waiver of Subrogation"" box on the certificate, mention in the Description of Operations section stating ""waiver of subrogation applies"", or reference to form WC 00 03 13. Look for language like ""subrogation is waived"" or ""per written contract"".",matchOnce,must be present,,,non_compliant,Block Requirements,,,false,0,,2026-08-16
"Block Real Estate Services, LLC",69fdf78062446148bd858812,69fded1562446148bd848dde,G3 Industrial Solutions LLC,69fdf0d9e45e7dcf5c438e0a,"prg804 - Pine Ridge Building D {PERG BUILDINGS, LLC}",evidenceOfInsurance,Evidence of Insurance,6ac20aae-5728-5d57-b364-aeba38527dba,Additional Requirements,4da5b0f1-4c9d-5885-8cf8-5d3cccaed3e0,"Block Real Estate Services, LLC and all others required by contract are named as Additional Insureds","---prompt---
Determine if the Description of Operations or the Additional Remarks Schedule section states the ""Additional Insured as Construction Management, Inc. and all others required by contract"" or reference to blanket additional insured coverage. Look for language like ""certificate holder is additional insured"" or ""per written contract"".",matchOnce,must be present,,,non_compliant,Block Requirements,,,true,0,,2026-08-16
"Block Real Estate Services, LLC",69fdf78062446148bd858812,69fded1562446148bd848dde,G3 Industrial Solutions LLC,69fdf0d9e45e7dcf5c438e0a,"prg804 - Pine Ridge Building D {PERG BUILDINGS, LLC}",evidenceOfInsurance,Evidence of Insurance,6ac20aae-5728-5d57-b364-aeba38527dba,Additional Requirements,e1017741-e47e-5f58-97b8-fbc3043e919f,Umbrella follows form over General Liability,"---prompt---
Determine if the Umbrella/Excess Liability policy follows form to the underlying policies. Evidence may include: language in the Description of Operations section stating the umbrella follows form to underlying coverages or an additional page endorsement stating that it follows form. Follow form means the umbrella policy adopts the same terms, conditions, and exclusions as the underlying policies.",matchOnce,must be present,,,non_compliant,Block Requirements,,,true,0,,2026-08-16
"Block Real Estate Services, LLC",69fdf78062446148bd858812,69fded1562446148bd848dde,G3 Industrial Solutions LLC,69fdf0d9e45e7dcf5c438e0a,"prg804 - Pine Ridge Building D {PERG BUILDINGS, LLC}",evidenceOfInsurance,Evidence of Insurance,6ac20aae-5728-5d57-b364-aeba38527dba,Additional Requirements,2cdd866f-c9a4-576a-afd8-1d045762790c,The location must be listed as: 8291 Melrose Drive Lenexa KS 66214,,matchOnce,must be present,,,non_compliant,Block Requirements,,,true,0,,2026-08-16
"Block Real Estate Services, LLC",69fdf78062446148bd858812,69fded1562446148bd848dde,G3 Industrial Solutions LLC,69fdf0d9e45e7dcf5c438e0a,"prg804 - Pine Ridge Building D {PERG BUILDINGS, LLC}",evidenceOfInsurance,Evidence of Insurance,6ac20aae-5728-5d57-b364-aeba38527dba,Additional Requirements,3649e9d1-4e09-59bf-8f30-cb33c40cf117,"Certificate Holder must read: c/o Block Real Estate Services, LLC, 4622 Pennsylvania St., Suite 700, Kansas City, MO, 64112",,matchOnce,must be present,,,non_compliant,Block Requirements,,,true,0,,2026-08-16
"Block Real Estate Services, LLC",69fdf79262446148bd859bff,69fded2062446148bd849177,"Epic Vision Center / Smithville Eye Center, LLC",69fdf0d9e45e7dcf5c438e0a,"prg804 - Pine Ridge Building D {PERG BUILDINGS, LLC}",evidenceOfInsurance,Evidence of Insurance,commercialGeneralLiability,Commercial General Liability,evidenceOfInsuranceCommercialGeneralLiabilityCoverageTriggerOccurrence,Coverage Trigger: Occurrence,,matchOnce,must be present,,Present,compliant,Block Requirements,,,false,1,,2026-08-16
"Block Real Estate Services, LLC",69fdf79262446148bd859bff,69fded2062446148bd849177,"Epic Vision Center / Smithville Eye Center, LLC",69fdf0d9e45e7dcf5c438e0a,"prg804 - Pine Ridge Building D {PERG BUILDINGS, LLC}",evidenceOfInsurance,Evidence of Insurance,commercialGeneralLiability,Commercial General Liability,evidenceOfInsuranceCommercialGeneralLiabilityGeneralAggregateLimitAppliesPerLocation,General Aggregate Limit Applies per: Location,,matchOnce,must be present,,Present,compliant,Block Requirements,,,false,1,,2026-08-16
"Block Real Estate Services, LLC",69fdf79262446148bd859bff,69fded2062446148bd849177,"Epic Vision Center / Smithville Eye Center, LLC",69fdf0d9e45e7dcf5c438e0a,"prg804 - Pine Ridge Building D {PERG BUILDINGS, LLC}",evidenceOfInsurance,Evidence of Insurance,commercialGeneralLiability,Commercial General Liability,evidenceOfInsuranceCommercialGeneralLiabilityEachOccurrence,Each Occurrence,,matchOnce,must be greater or equal to,1000000,1000000,compliant,Block Requirements,,,false,1,,2026-08-16
"Block Real Estate Services, LLC",69fdf79262446148bd859bff,69fded2062446148bd849177,"Epic Vision Center / Smithville Eye Center, LLC",69fdf0d9e45e7dcf5c438e0a,"prg804 - Pine Ridge Building D {PERG BUILDINGS, LLC}",evidenceOfInsurance,Evidence of Insurance,commercialGeneralLiability,Commercial General Liability,evidenceOfInsuranceCommercialGeneralLiabilityGeneralAggregate,General Aggregate,,matchOnce,must be greater or equal to,2000000,2000000,compliant,Block Requirements,,,false,1,,2026-08-16
"Block Real Estate Services, LLC",69fdf79262446148bd859bff,69fded2062446148bd849177,"Epic Vision Center / Smithville Eye Center, LLC",69fdf0d9e45e7dcf5c438e0a,"prg804 - Pine Ridge Building D {PERG BUILDINGS, LLC}",evidenceOfInsurance,Evidence of Insurance,commercialGeneralLiability,Commercial General Liability,evidenceOfInsuranceCommercialGeneralLiabilityWaiverOfSubrogationEndorsement,Waiver of Subrogation,"---prompt---
Determine if the insurer has waived their right of subrogation in favor of the certificate holder under the Commercial General Liability policy. Evidence may include: a checked ""Waiver of Subrogation"" box on the certificate, mention in the Description of Operations section stating ""waiver of subrogation applies"", or reference to form CG 24 04. Look for language like ""subrogation is waived"" or ""per written contract"".",matchOnce,must be present,,Present,compliant,Block Requirements,,,false,1,,2026-08-16
"Block Real Estate Services, LLC",69fdf79262446148bd859bff,69fded2062446148bd849177,"Epic Vision Center / Smithville Eye Center, LLC",69fdf0d9e45e7dcf5c438e0a,"prg804 - Pine Ridge Building D {PERG BUILDINGS, LLC}",evidenceOfInsurance,Evidence of Insurance,excessOrUmbrellaLiability,Umbrella/Excess Liability,evidenceOfInsuranceExcessOrUmbrellaLiabilityOccurence,Coverage Trigger: Occurrence,,matchOnce,must be present,,Present,compliant,Block Requirements,,,false,1,,2026-08-16
"Block Real Estate Services, LLC",69fdf79262446148bd859bff,69fded2062446148bd849177,"Epic Vision Center / Smithville Eye Center, LLC",69fdf0d9e45e7dcf5c438e0a,"prg804 - Pine Ridge Building D {PERG BUILDINGS, LLC}",evidenceOfInsurance,Evidence of Insurance,excessOrUmbrellaLiability,Umbrella/Excess Liability,evidenceOfInsuranceExcessOrUmbrellaLiabilityEachOccurrence,Each Occurrence,,matchOnce,must be greater or equal to,1000000,1000000,compliant,Block Requirements,,,false,1,,2026-08-16
"Block Real Estate Services, LLC",69fdf79262446148bd859bff,69fded2062446148bd849177,"Epic Vision Center / Smithville Eye Center, LLC",69fdf0d9e45e7dcf5c438e0a,"prg804 - Pine Ridge Building D {PERG BUILDINGS, LLC}",evidenceOfInsurance,Evidence of Insurance,excessOrUmbrellaLiability,Umbrella/Excess Liability,evidenceOfInsuranceExcessOrUmbrellaLiabilityAggregate,Aggregate,,matchOnce,must be greater or equal to,1000000,1000000,compliant,Block Requirements,,,false,1,,2026-08-16
"Block Real Estate Services, LLC",69fdf79262446148bd859bff,69fded2062446148bd849177,"Epic Vision Center / Smithville Eye Center, LLC",69fdf0d9e45e7dcf5c438e0a,"prg804 - Pine Ridge Building D {PERG BUILDINGS, LLC}",evidenceOfInsurance,Evidence of Insurance,workersCompensation,Workers' Compensation and Employer's Liability,evidenceOfInsuranceWorkersCompensationStatutoryLimits,Statutory Limits,,matchOnce,must be present,,Present,compliant,Block Requirements,,,false,1,,2026-08-16
"Block Real Estate Services, LLC",69fdf79262446148bd859bff,69fded2062446148bd849177,"Epic Vision Center / Smithville Eye Center, LLC",69fdf0d9e45e7dcf5c438e0a,"prg804 - Pine Ridge Building D {PERG BUILDINGS, LLC}",evidenceOfInsurance,Evidence of Insurance,workersCompensation,Workers' Compensation and Employer's Liability,evidenceOfInsuranceWorkersCompensationEmployersLiabilityEachAccident,Employer's Liability Each Accident,,matchOnce,must be greater or equal to,500000,1000000,compliant,Block Requirements,,,false,1,,2026-08-16
"Block Real Estate Services, LLC",69fdf79262446148bd859bff,69fded2062446148bd849177,"Epic Vision Center / Smithville Eye Center, LLC",69fdf0d9e45e7dcf5c438e0a,"prg804 - Pine Ridge Building D {PERG BUILDINGS, LLC}",evidenceOfInsurance,Evidence of Insurance,workersCompensation,Workers' Compensation and Employer's Liability,evidenceOfInsuranceWorkersCompensationEmployersLiabilityDiseaseEachEmployee,Employer's Liability Disease - each employee,,matchOnce,must be greater or equal to,500000,1000000,compliant,Block Requirements,,,false,1,,2026-08-16
"Block Real Estate Services, LLC",69fdf79262446148bd859bff,69fded2062446148bd849177,"Epic Vision Center / Smithville Eye Center, LLC",69fdf0d9e45e7dcf5c438e0a,"prg804 - Pine Ridge Building D {PERG BUILDINGS, LLC}",evidenceOfInsurance,Evidence of Insurance,workersCompensation,Workers' Compensation and Employer's Liability,evidenceOfInsuranceWorkersCompensationEmployersLiabilityDiseasePolicyLimit,Employer's Liability Disease - policy limit,,matchOnce,must be greater or equal to,500000,1000000,compliant,Block Requirements,,,false,1,,2026-08-16
"Block Real Estate Services, LLC",69fdf79262446148bd859bff,69fded2062446148bd849177,"Epic Vision Center / Smithville Eye Center, LLC",69fdf0d9e45e7dcf5c438e0a,"prg804 - Pine Ridge Building D {PERG BUILDINGS, LLC}",evidenceOfInsurance,Evidence of Insurance,workersCompensation,Workers' Compensation and Employer's Liability,evidenceOfInsuranceWorkersCompensationWaiverOfSubrogationEndorsement,Waiver of Subrogation,"---prompt---
Determine if the insurer has waived their right of subrogation in favor of the certificate holder under the Workers' Compensation policy. Evidence may include: a checked ""Waiver of Subrogation"" box on the certificate, mention in the Description of Operations section stating ""waiver of subrogation applies"", or reference to form WC 00 03 13. Look for language like ""subrogation is waived"" or ""per written contract"".",matchOnce,must be present,,,non_compliant,Block Requirements,,,false,0,,2026-08-16
"Block Real Estate Services, LLC",69fdf79262446148bd859bff,69fded2062446148bd849177,"Epic Vision Center / Smithville Eye Center, LLC",69fdf0d9e45e7dcf5c438e0a,"prg804 - Pine Ridge Building D {PERG BUILDINGS, LLC}",evidenceOfInsurance,Evidence of Insurance,6ac20aae-5728-5d57-b364-aeba38527dba,Additional Requirements,4da5b0f1-4c9d-5885-8cf8-5d3cccaed3e0,"Block Real Estate Services, LLC and all others required by contract are named as Additional Insureds","---prompt---
Determine if the Description of Operations or the Additional Remarks Schedule section states the ""Additional Insured as Construction Management, Inc. and all others required by contract"" or reference to blanket additional insured coverage. Look for language like ""certificate holder is additional insured"" or ""per written contract"".",matchOnce,must be present,,Present,compliant,Block Requirements,,,true,1,,2026-08-16
"Block Real Estate Services, LLC",69fdf79262446148bd859bff,69fded2062446148bd849177,"Epic Vision Center / Smithville Eye Center, LLC",69fdf0d9e45e7dcf5c438e0a,"prg804 - Pine Ridge Building D {PERG BUILDINGS, LLC}",evidenceOfInsurance,Evidence of Insurance,6ac20aae-5728-5d57-b364-aeba38527dba,Additional Requirements,e1017741-e47e-5f58-97b8-fbc3043e919f,Umbrella follows form over General Liability,"---prompt---
Determine if the Umbrella/Excess Liability policy follows form to the underlying policies. Evidence may include: language in the Description of Operations section stating the umbrella follows form to underlying coverages or an additional page endorsement stating that it follows form. Follow form means the umbrella policy adopts the same terms, conditions, and exclusions as the underlying policies.",matchOnce,must be present,,Present,compliant,Block Requirements,,,true,1,,2026-08-16
"Block Real Estate Services, LLC",69fdf79262446148bd859bff,69fded2062446148bd849177,"Epic Vision Center / Smithville Eye Center, LLC",69fdf0d9e45e7dcf5c438e0a,"prg804 - Pine Ridge Building D {PERG BUILDINGS, LLC}",evidenceOfInsurance,Evidence of Insurance,6ac20aae-5728-5d57-b364-aeba38527dba,Additional Requirements,2cdd866f-c9a4-576a-afd8-1d045762790c,The location must be listed as: 8305 Melrose Drive Lenexa KS 66214,,matchOnce,must be present,,Present,compliant,Block Requirements,,,true,1,,2026-08-16
"Block Real Estate Services, LLC",69fdf79262446148bd859bff,69fded2062446148bd849177,"Epic Vision Center / Smithville Eye Center, LLC",69fdf0d9e45e7dcf5c438e0a,"prg804 - Pine Ridge Building D {PERG BUILDINGS, LLC}",evidenceOfInsurance,Evidence of Insurance,6ac20aae-5728-5d57-b364-aeba38527dba,Additional Requirements,3649e9d1-4e09-59bf-8f30-cb33c40cf117,"Certificate Holder must read: c/o Block Real Estate Services, LLC, 4622 Pennsylvania St., Suite 700, Kansas City, MO, 64112",,matchOnce,must be present,,Present,compliant,Block Requirements,,,true,1,,2026-08-16
"Block Real Estate Services, LLC",6a1876d2a1ec98c09c9678e6,69fded1262446148bd848d06,"Dental Health Essentials, LLC",69fdf0d9e45e7dcf5c438e0a,"prg804 - Pine Ridge Building D {PERG BUILDINGS, LLC}",evidenceOfInsurance,Evidence of Insurance,commercialGeneralLiability,Commercial General Liability,evidenceOfInsuranceCommercialGeneralLiabilityCoverageTriggerOccurrence,Coverage Trigger: Occurrence,,matchOnce,must be present,,,non_compliant,Block Requirements,,,false,0,,2026-08-16
"Block Real Estate Services, LLC",6a1876d2a1ec98c09c9678e6,69fded1262446148bd848d06,"Dental Health Essentials, LLC",69fdf0d9e45e7dcf5c438e0a,"prg804 - Pine Ridge Building D {PERG BUILDINGS, LLC}",evidenceOfInsurance,Evidence of Insurance,commercialGeneralLiability,Commercial General Liability,evidenceOfInsuranceCommercialGeneralLiabilityGeneralAggregateLimitAppliesPerLocation,General Aggregate Limit Applies per: Location,,matchOnce,must be present,,,non_compliant,Block Requirements,,,false,0,,2026-08-16
"Block Real Estate Services, LLC",6a1876d2a1ec98c09c9678e6,69fded1262446148bd848d06,"Dental Health Essentials, LLC",69fdf0d9e45e7dcf5c438e0a,"prg804 - Pine Ridge Building D {PERG BUILDINGS, LLC}",evidenceOfInsurance,Evidence of Insurance,commercialGeneralLiability,Commercial General Liability,evidenceOfInsuranceCommercialGeneralLiabilityEachOccurrence,Each Occurrence,,matchOnce,must be greater or equal to,1000000,,non_compliant,Block Requirements,,,false,0,,2026-08-16
"Block Real Estate Services, LLC",6a1876d2a1ec98c09c9678e6,69fded1262446148bd848d06,"Dental Health Essentials, LLC",69fdf0d9e45e7dcf5c438e0a,"prg804 - Pine Ridge Building D {PERG BUILDINGS, LLC}",evidenceOfInsurance,Evidence of Insurance,commercialGeneralLiability,Commercial General Liability,evidenceOfInsuranceCommercialGeneralLiabilityGeneralAggregate,General Aggregate,,matchOnce,must be greater or equal to,2000000,,non_compliant,Block Requirements,,,false,0,,2026-08-16
"Block Real Estate Services, LLC",6a1876d2a1ec98c09c9678e6,69fded1262446148bd848d06,"Dental Health Essentials, LLC",69fdf0d9e45e7dcf5c438e0a,"prg804 - Pine Ridge Building D {PERG BUILDINGS, LLC}",evidenceOfInsurance,Evidence of Insurance,commercialGeneralLiability,Commercial General Liability,evidenceOfInsuranceCommercialGeneralLiabilityWaiverOfSubrogationEndorsement,Waiver of Subrogation,"---prompt---
Determine if the insurer has waived their right of subrogation in favor of the certificate holder under the Commercial General Liability policy. Evidence may include: a checked ""Waiver of Subrogation"" box on the certificate, mention in the Description of Operations section stating ""waiver of subrogation applies"", or reference to form CG 24 04. Look for language like ""subrogation is waived"" or ""per written contract"".",matchOnce,must be present,,,non_compliant,Block Requirements,,,false,0,,2026-08-16
"Block Real Estate Services, LLC",6a1876d2a1ec98c09c9678e6,69fded1262446148bd848d06,"Dental Health Essentials, LLC",69fdf0d9e45e7dcf5c438e0a,"prg804 - Pine Ridge Building D {PERG BUILDINGS, LLC}",evidenceOfInsurance,Evidence of Insurance,excessOrUmbrellaLiability,Umbrella/Excess Liability,evidenceOfInsuranceExcessOrUmbrellaLiabilityOccurence,Coverage Trigger: Occurrence,,matchOnce,must be present,,,non_compliant,Block Requirements,,,false,0,,2026-08-16
"Block Real Estate Services, LLC",6a1876d2a1ec98c09c9678e6,69fded1262446148bd848d06,"Dental Health Essentials, LLC",69fdf0d9e45e7dcf5c438e0a,"prg804 - Pine Ridge Building D {PERG BUILDINGS, LLC}",evidenceOfInsurance,Evidence of Insurance,excessOrUmbrellaLiability,Umbrella/Excess Liability,evidenceOfInsuranceExcessOrUmbrellaLiabilityEachOccurrence,Each Occurrence,,matchOnce,must be greater or equal to,1000000,,non_compliant,Block Requirements,,,false,0,,2026-08-16
"Block Real Estate Services, LLC",6a1876d2a1ec98c09c9678e6,69fded1262446148bd848d06,"Dental Health Essentials, LLC",69fdf0d9e45e7dcf5c438e0a,"prg804 - Pine Ridge Building D {PERG BUILDINGS, LLC}",evidenceOfInsurance,Evidence of Insurance,excessOrUmbrellaLiability,Umbrella/Excess Liability,evidenceOfInsuranceExcessOrUmbrellaLiabilityAggregate,Aggregate,,matchOnce,must be greater or equal to,1000000,,non_compliant,Block Requirements,,,false,0,,2026-08-16
"Block Real Estate Services, LLC",6a1876d2a1ec98c09c9678e6,69fded1262446148bd848d06,"Dental Health Essentials, LLC",69fdf0d9e45e7dcf5c438e0a,"prg804 - Pine Ridge Building D {PERG BUILDINGS, LLC}",evidenceOfInsurance,Evidence of Insurance,workersCompensation,Workers' Compensation and Employer's Liability,evidenceOfInsuranceWorkersCompensationStatutoryLimits,Statutory Limits,,matchOnce,must be present,,,non_compliant,Block Requirements,,,false,0,,2026-08-16
"Block Real Estate Services, LLC",6a1876d2a1ec98c09c9678e6,69fded1262446148bd848d06,"Dental Health Essentials, LLC",69fdf0d9e45e7dcf5c438e0a,"prg804 - Pine Ridge Building D {PERG BUILDINGS, LLC}",evidenceOfInsurance,Evidence of Insurance,workersCompensation,Workers' Compensation and Employer's Liability,evidenceOfInsuranceWorkersCompensationEmployersLiabilityEachAccident,Employer's Liability Each Accident,,matchOnce,must be greater or equal to,500000,,non_compliant,Block Requirements,,,false,0,,2026-08-16
"Block Real Estate Services, LLC",6a1876d2a1ec98c09c9678e6,69fded1262446148bd848d06,"Dental Health Essentials, LLC",69fdf0d9e45e7dcf5c438e0a,"prg804 - Pine Ridge Building D {PERG BUILDINGS, LLC}",evidenceOfInsurance,Evidence of Insurance,workersCompensation,Workers' Compensation and Employer's Liability,evidenceOfInsuranceWorkersCompensationEmployersLiabilityDiseaseEachEmployee,Employer's Liability Disease - each employee,,matchOnce,must be greater or equal to,500000,,non_compliant,Block Requirements,,,false,0,,2026-08-16
"Block Real Estate Services, LLC",6a1876d2a1ec98c09c9678e6,69fded1262446148bd848d06,"Dental Health Essentials, LLC",69fdf0d9e45e7dcf5c438e0a,"prg804 - Pine Ridge Building D {PERG BUILDINGS, LLC}",evidenceOfInsurance,Evidence of Insurance,workersCompensation,Workers' Compensation and Employer's Liability,evidenceOfInsuranceWorkersCompensationEmployersLiabilityDiseasePolicyLimit,Employer's Liability Disease - policy limit,,matchOnce,must be greater or equal to,500000,,non_compliant,Block Requirements,,,false,0,,2026-08-16
"Block Real Estate Services, LLC",6a1876d2a1ec98c09c9678e6,69fded1262446148bd848d06,"Dental Health Essentials, LLC",69fdf0d9e45e7dcf5c438e0a,"prg804 - Pine Ridge Building D {PERG BUILDINGS, LLC}",evidenceOfInsurance,Evidence of Insurance,workersCompensation,Workers' Compensation and Employer's Liability,evidenceOfInsuranceWorkersCompensationWaiverOfSubrogationEndorsement,Waiver of Subrogation,"---prompt---
Determine if the insurer has waived their right of subrogation in favor of the certificate holder under the Workers' Compensation policy. Evidence may include: a checked ""Waiver of Subrogation"" box on the certificate, mention in the Description of Operations section stating ""waiver of subrogation applies"", or reference to form WC 00 03 13. Look for language like ""subrogation is waived"" or ""per written contract"".",matchOnce,must be present,,,non_compliant,Block Requirements,,,false,0,,2026-08-16
"Block Real Estate Services, LLC",6a1876d2a1ec98c09c9678e6,69fded1262446148bd848d06,"Dental Health Essentials, LLC",69fdf0d9e45e7dcf5c438e0a,"prg804 - Pine Ridge Building D {PERG BUILDINGS, LLC}",evidenceOfInsurance,Evidence of Insurance,6ac20aae-5728-5d57-b364-aeba38527dba,Additional Requirements,4da5b0f1-4c9d-5885-8cf8-5d3cccaed3e0,"Block Real Estate Services, LLC and all others required by contract are named as Additional Insureds","---prompt---
Determine if the Description of Operations or the Additional Remarks Schedule section states the ""Additional Insured as Construction Management, Inc. and all others required by contract"" or reference to blanket additional insured coverage. Look for language like ""certificate holder is additional insured"" or ""per written contract"".",matchOnce,must be present,,,non_compliant,Block Requirements,,,true,0,,2026-08-16
"Block Real Estate Services, LLC",6a1876d2a1ec98c09c9678e6,69fded1262446148bd848d06,"Dental Health Essentials, LLC",69fdf0d9e45e7dcf5c438e0a,"prg804 - Pine Ridge Building D {PERG BUILDINGS, LLC}",evidenceOfInsurance,Evidence of Insurance,6ac20aae-5728-5d57-b364-aeba38527dba,Additional Requirements,e1017741-e47e-5f58-97b8-fbc3043e919f,Umbrella follows form over General Liability,"---prompt---
Determine if the Umbrella/Excess Liability policy follows form to the underlying policies. Evidence may include: language in the Description of Operations section stating the umbrella follows form to underlying coverages or an additional page endorsement stating that it follows form. Follow form means the umbrella policy adopts the same terms, conditions, and exclusions as the underlying policies.",matchOnce,must be present,,,non_compliant,Block Requirements,,,true,0,,2026-08-16
"Block Real Estate Services, LLC",6a1876d2a1ec98c09c9678e6,69fded1262446148bd848d06,"Dental Health Essentials, LLC",69fdf0d9e45e7dcf5c438e0a,"prg804 - Pine Ridge Building D {PERG BUILDINGS, LLC}",evidenceOfInsurance,Evidence of Insurance,6ac20aae-5728-5d57-b364-aeba38527dba,Additional Requirements,2cdd866f-c9a4-576a-afd8-1d045762790c,The location must be listed as: 8293 Melrose Drive Lenexa KS 66214,,matchOnce,must be present,,,non_compliant,Block Requirements,,,true,0,,2026-08-16
"Block Real Estate Services, LLC",6a1876d2a1ec98c09c9678e6,69fded1262446148bd848d06,"Dental Health Essentials, LLC",69fdf0d9e45e7dcf5c438e0a,"prg804 - Pine Ridge Building D {PERG BUILDINGS, LLC}",evidenceOfInsurance,Evidence of Insurance,6ac20aae-5728-5d57-b364-aeba38527dba,Additional Requirements,3649e9d1-4e09-59bf-8f30-cb33c40cf117,"Certificate Holder must read: c/o Block Real Estate Services, LLC, 4622 Pennsylvania St., Suite 700, Kansas City, MO, 64112",,matchOnce,must be present,,,non_compliant,Block Requirements,,,true,0,,2026-08-16
"Block Real Estate Services, LLC",6a1877759d2d4171bfa361e7,6a187768b517ae25a8805ad8,"KC Roofscapes, LLC",69fdf0d9e45e7dcf5c438e0a,"prg804 - Pine Ridge Building D {PERG BUILDINGS, LLC}",evidenceOfInsurance,Evidence of Insurance,commercialGeneralLiability,Commercial General Liability,evidenceOfInsuranceCommercialGeneralLiabilityCoverageTriggerOccurrence,Coverage Trigger: Occurrence,,matchOnce,must be present,,Present,compliant,Block Requirements,,,false,1,,2026-08-16
"Block Real Estate Services, LLC",6a1877759d2d4171bfa361e7,6a187768b517ae25a8805ad8,"KC Roofscapes, LLC",69fdf0d9e45e7dcf5c438e0a,"prg804 - Pine Ridge Building D {PERG BUILDINGS, LLC}",evidenceOfInsurance,Evidence of Insurance,commercialGeneralLiability,Commercial General Liability,evidenceOfInsuranceCommercialGeneralLiabilityGeneralAggregateLimitAppliesPerLocation,General Aggregate Limit Applies per: Location,,matchOnce,must be present,,,non_compliant,Block Requirements,,,false,0,,2026-08-16
"Block Real Estate Services, LLC",6a1877759d2d4171bfa361e7,6a187768b517ae25a8805ad8,"KC Roofscapes, LLC",69fdf0d9e45e7dcf5c438e0a,"prg804 - Pine Ridge Building D {PERG BUILDINGS, LLC}",evidenceOfInsurance,Evidence of Insurance,commercialGeneralLiability,Commercial General Liability,evidenceOfInsuranceCommercialGeneralLiabilityEachOccurrence,Each Occurrence,,matchOnce,must be greater or equal to,1000000,1000000,compliant,Block Requirements,,,false,1,,2026-08-16
"Block Real Estate Services, LLC",6a1877759d2d4171bfa361e7,6a187768b517ae25a8805ad8,"KC Roofscapes, LLC",69fdf0d9e45e7dcf5c438e0a,"prg804 - Pine Ridge Building D {PERG BUILDINGS, LLC}",evidenceOfInsurance,Evidence of Insurance,commercialGeneralLiability,Commercial General Liability,evidenceOfInsuranceCommercialGeneralLiabilityGeneralAggregate,General Aggregate,,matchOnce,must be greater or equal to,2000000,2000000,compliant,Block Requirements,,,false,1,,2026-08-16
"Block Real Estate Services, LLC",6a1877759d2d4171bfa361e7,6a187768b517ae25a8805ad8,"KC Roofscapes, LLC",69fdf0d9e45e7dcf5c438e0a,"prg804 - Pine Ridge Building D {PERG BUILDINGS, LLC}",evidenceOfInsurance,Evidence of Insurance,commercialGeneralLiability,Commercial General Liability,evidenceOfInsuranceCommercialGeneralLiabilityWaiverOfSubrogationEndorsement,Waiver of Subrogation,"---prompt---
Determine if the insurer has waived their right of subrogation in favor of the certificate holder under the Commercial General Liability policy. Evidence may include: a checked ""Waiver of Subrogation"" box on the certificate, mention in the Description of Operations section stating ""waiver of subrogation applies"", or reference to form CG 24 04. Look for language like ""subrogation is waived"" or ""per written contract"".",matchOnce,must be present,,,non_compliant,Block Requirements,,,false,0,,2026-08-16
"Block Real Estate Services, LLC",6a1877759d2d4171bfa361e7,6a187768b517ae25a8805ad8,"KC Roofscapes, LLC",69fdf0d9e45e7dcf5c438e0a,"prg804 - Pine Ridge Building D {PERG BUILDINGS, LLC}",evidenceOfInsurance,Evidence of Insurance,excessOrUmbrellaLiability,Umbrella/Excess Liability,evidenceOfInsuranceExcessOrUmbrellaLiabilityOccurence,Coverage Trigger: Occurrence,,matchOnce,must be present,,,non_compliant,Block Requirements,,,false,0,,2026-08-16
"Block Real Estate Services, LLC",6a1877759d2d4171bfa361e7,6a187768b517ae25a8805ad8,"KC Roofscapes, LLC",69fdf0d9e45e7dcf5c438e0a,"prg804 - Pine Ridge Building D {PERG BUILDINGS, LLC}",evidenceOfInsurance,Evidence of Insurance,excessOrUmbrellaLiability,Umbrella/Excess Liability,evidenceOfInsuranceExcessOrUmbrellaLiabilityEachOccurrence,Each Occurrence,,matchOnce,must be greater or equal to,1000000,,non_compliant,Block Requirements,,,false,0,,2026-08-16
"Block Real Estate Services, LLC",6a1877759d2d4171bfa361e7,6a187768b517ae25a8805ad8,"KC Roofscapes, LLC",69fdf0d9e45e7dcf5c438e0a,"prg804 - Pine Ridge Building D {PERG BUILDINGS, LLC}",evidenceOfInsurance,Evidence of Insurance,excessOrUmbrellaLiability,Umbrella/Excess Liability,evidenceOfInsuranceExcessOrUmbrellaLiabilityAggregate,Aggregate,,matchOnce,must be greater or equal to,1000000,,non_compliant,Block Requirements,,,false,0,,2026-08-16
"Block Real Estate Services, LLC",6a1877759d2d4171bfa361e7,6a187768b517ae25a8805ad8,"KC Roofscapes, LLC",69fdf0d9e45e7dcf5c438e0a,"prg804 - Pine Ridge Building D {PERG BUILDINGS, LLC}",evidenceOfInsurance,Evidence of Insurance,workersCompensation,Workers' Compensation and Employer's Liability,evidenceOfInsuranceWorkersCompensationStatutoryLimits,Statutory Limits,,matchOnce,must be present,,,non_compliant,Block Requirements,,,false,0,,2026-08-16
"Block Real Estate Services, LLC",6a1877759d2d4171bfa361e7,6a187768b517ae25a8805ad8,"KC Roofscapes, LLC",69fdf0d9e45e7dcf5c438e0a,"prg804 - Pine Ridge Building D {PERG BUILDINGS, LLC}",evidenceOfInsurance,Evidence of Insurance,workersCompensation,Workers' Compensation and Employer's Liability,evidenceOfInsuranceWorkersCompensationEmployersLiabilityEachAccident,Employer's Liability Each Accident,,matchOnce,must be greater or equal to,500000,,non_compliant,Block Requirements,,,false,0,,2026-08-16
"Block Real Estate Services, LLC",6a1877759d2d4171bfa361e7,6a187768b517ae25a8805ad8,"KC Roofscapes, LLC",69fdf0d9e45e7dcf5c438e0a,"prg804 - Pine Ridge Building D {PERG BUILDINGS, LLC}",evidenceOfInsurance,Evidence of Insurance,workersCompensation,Workers' Compensation and Employer's Liability,evidenceOfInsuranceWorkersCompensationEmployersLiabilityDiseaseEachEmployee,Employer's Liability Disease - each employee,,matchOnce,must be greater or equal to,500000,,non_compliant,Block Requirements,,,false,0,,2026-08-16
"Block Real Estate Services, LLC",6a1877759d2d4171bfa361e7,6a187768b517ae25a8805ad8,"KC Roofscapes, LLC",69fdf0d9e45e7dcf5c438e0a,"prg804 - Pine Ridge Building D {PERG BUILDINGS, LLC}",evidenceOfInsurance,Evidence of Insurance,workersCompensation,Workers' Compensation and Employer's Liability,evidenceOfInsuranceWorkersCompensationEmployersLiabilityDiseasePolicyLimit,Employer's Liability Disease - policy limit,,matchOnce,must be greater or equal to,500000,,non_compliant,Block Requirements,,,false,0,,2026-08-16
"Block Real Estate Services, LLC",6a1877759d2d4171bfa361e7,6a187768b517ae25a8805ad8,"KC Roofscapes, LLC",69fdf0d9e45e7dcf5c438e0a,"prg804 - Pine Ridge Building D {PERG BUILDINGS, LLC}",evidenceOfInsurance,Evidence of Insurance,workersCompensation,Workers' Compensation and Employer's Liability,evidenceOfInsuranceWorkersCompensationWaiverOfSubrogationEndorsement,Waiver of Subrogation,"---prompt---
Determine if the insurer has waived their right of subrogation in favor of the certificate holder under the Workers' Compensation policy. Evidence may include: a checked ""Waiver of Subrogation"" box on the certificate, mention in the Description of Operations section stating ""waiver of subrogation applies"", or reference to form WC 00 03 13. Look for language like ""subrogation is waived"" or ""per written contract"".",matchOnce,must be present,,,non_compliant,Block Requirements,,,false,0,,2026-08-16
"Block Real Estate Services, LLC",6a1877759d2d4171bfa361e7,6a187768b517ae25a8805ad8,"KC Roofscapes, LLC",69fdf0d9e45e7dcf5c438e0a,"prg804 - Pine Ridge Building D {PERG BUILDINGS, LLC}",evidenceOfInsurance,Evidence of Insurance,6ac20aae-5728-5d57-b364-aeba38527dba,Additional Requirements,4da5b0f1-4c9d-5885-8cf8-5d3cccaed3e0,"Block Real Estate Services, LLC and all others required by contract are named as Additional Insureds","---prompt---
Determine if the Description of Operations or the Additional Remarks Schedule section states the ""Additional Insured as Construction Management, Inc. and all others required by contract"" or reference to blanket additional insured coverage. Look for language like ""certificate holder is additional insured"" or ""per written contract"".",matchOnce,must be present,,,non_compliant,Block Requirements,,,true,0,,2026-08-16
"Block Real Estate Services, LLC",6a1877759d2d4171bfa361e7,6a187768b517ae25a8805ad8,"KC Roofscapes, LLC",69fdf0d9e45e7dcf5c438e0a,"prg804 - Pine Ridge Building D {PERG BUILDINGS, LLC}",evidenceOfInsurance,Evidence of Insurance,6ac20aae-5728-5d57-b364-aeba38527dba,Additional Requirements,e1017741-e47e-5f58-97b8-fbc3043e919f,Umbrella follows form over General Liability,"---prompt---
Determine if the Umbrella/Excess Liability policy follows form to the underlying policies. Evidence may include: language in the Description of Operations section stating the umbrella follows form to underlying coverages or an additional page endorsement stating that it follows form. Follow form means the umbrella policy adopts the same terms, conditions, and exclusions as the underlying policies.",matchOnce,must be present,,,non_compliant,Block Requirements,,,true,0,,2026-08-16
"Block Real Estate Services, LLC",6a1877759d2d4171bfa361e7,6a187768b517ae25a8805ad8,"KC Roofscapes, LLC",69fdf0d9e45e7dcf5c438e0a,"prg804 - Pine Ridge Building D {PERG BUILDINGS, LLC}",evidenceOfInsurance,Evidence of Insurance,6ac20aae-5728-5d57-b364-aeba38527dba,Additional Requirements,2cdd866f-c9a4-576a-afd8-1d045762790c,The location must be listed as: 8307 Melrose Drive Lenexa KS 66214,,matchOnce,must be present,,,non_compliant,Block Requirements,,,true,0,,2026-08-16
"Block Real Estate Services, LLC",6a1877759d2d4171bfa361e7,6a187768b517ae25a8805ad8,"KC Roofscapes, LLC",69fdf0d9e45e7dcf5c438e0a,"prg804 - Pine Ridge Building D {PERG BUILDINGS, LLC}",evidenceOfInsurance,Evidence of Insurance,6ac20aae-5728-5d57-b364-aeba38527dba,Additional Requirements,3649e9d1-4e09-59bf-8f30-cb33c40cf117,"Certificate Holder must read: c/o Block Real Estate Services, LLC, 4622 Pennsylvania St., Suite 700, Kansas City, MO, 64112",,matchOnce,must be present,,,non_compliant,Block Requirements,,,true,0,,2026-08-16
"Block Real Estate Services, LLC",6a1877a89d2d4171bfa36228,6a187790d2723fbba9a43f46,"Integrated Health Systems, LLC",69fdf0d9e45e7dcf5c438e0a,"prg804 - Pine Ridge Building D {PERG BUILDINGS, LLC}",evidenceOfInsurance,Evidence of Insurance,commercialGeneralLiability,Commercial General Liability,evidenceOfInsuranceCommercialGeneralLiabilityCoverageTriggerOccurrence,Coverage Trigger: Occurrence,,matchOnce,must be present,,,non_compliant,Block Requirements,,,false,0,,2026-08-16
"Block Real Estate Services, LLC",6a1877a89d2d4171bfa36228,6a187790d2723fbba9a43f46,"Integrated Health Systems, LLC",69fdf0d9e45e7dcf5c438e0a,"prg804 - Pine Ridge Building D {PERG BUILDINGS, LLC}",evidenceOfInsurance,Evidence of Insurance,commercialGeneralLiability,Commercial General Liability,evidenceOfInsuranceCommercialGeneralLiabilityGeneralAggregateLimitAppliesPerLocation,General Aggregate Limit Applies per: Location,,matchOnce,must be present,,,non_compliant,Block Requirements,,,false,0,,2026-08-16
"Block Real Estate Services, LLC",6a1877a89d2d4171bfa36228,6a187790d2723fbba9a43f46,"Integrated Health Systems, LLC",69fdf0d9e45e7dcf5c438e0a,"prg804 - Pine Ridge Building D {PERG BUILDINGS, LLC}",evidenceOfInsurance,Evidence of Insurance,commercialGeneralLiability,Commercial General Liability,evidenceOfInsuranceCommercialGeneralLiabilityEachOccurrence,Each Occurrence,,matchOnce,must be greater or equal to,1000000,,non_compliant,Block Requirements,,,false,0,,2026-08-16
"Block Real Estate Services, LLC",6a1877a89d2d4171bfa36228,6a187790d2723fbba9a43f46,"Integrated Health Systems, LLC",69fdf0d9e45e7dcf5c438e0a,"prg804 - Pine Ridge Building D {PERG BUILDINGS, LLC}",evidenceOfInsurance,Evidence of Insurance,commercialGeneralLiability,Commercial General Liability,evidenceOfInsuranceCommercialGeneralLiabilityGeneralAggregate,General Aggregate,,matchOnce,must be greater or equal to,2000000,,non_compliant,Block Requirements,,,false,0,,2026-08-16
"Block Real Estate Services, LLC",6a1877a89d2d4171bfa36228,6a187790d2723fbba9a43f46,"Integrated Health Systems, LLC",69fdf0d9e45e7dcf5c438e0a,"prg804 - Pine Ridge Building D {PERG BUILDINGS, LLC}",evidenceOfInsurance,Evidence of Insurance,commercialGeneralLiability,Commercial General Liability,evidenceOfInsuranceCommercialGeneralLiabilityWaiverOfSubrogationEndorsement,Waiver of Subrogation,"---prompt---
Determine if the insurer has waived their right of subrogation in favor of the certificate holder under the Commercial General Liability policy. Evidence may include: a checked ""Waiver of Subrogation"" box on the certificate, mention in the Description of Operations section stating ""waiver of subrogation applies"", or reference to form CG 24 04. Look for language like ""subrogation is waived"" or ""per written contract"".",matchOnce,must be present,,,non_compliant,Block Requirements,,,false,0,,2026-08-16
"Block Real Estate Services, LLC",6a1877a89d2d4171bfa36228,6a187790d2723fbba9a43f46,"Integrated Health Systems, LLC",69fdf0d9e45e7dcf5c438e0a,"prg804 - Pine Ridge Building D {PERG BUILDINGS, LLC}",evidenceOfInsurance,Evidence of Insurance,excessOrUmbrellaLiability,Umbrella/Excess Liability,evidenceOfInsuranceExcessOrUmbrellaLiabilityOccurence,Coverage Trigger: Occurrence,,matchOnce,must be present,,,non_compliant,Block Requirements,,,false,0,,2026-08-16
"Block Real Estate Services, LLC",6a1877a89d2d4171bfa36228,6a187790d2723fbba9a43f46,"Integrated Health Systems, LLC",69fdf0d9e45e7dcf5c438e0a,"prg804 - Pine Ridge Building D {PERG BUILDINGS, LLC}",evidenceOfInsurance,Evidence of Insurance,excessOrUmbrellaLiability,Umbrella/Excess Liability,evidenceOfInsuranceExcessOrUmbrellaLiabilityEachOccurrence,Each Occurrence,,matchOnce,must be greater or equal to,1000000,,non_compliant,Block Requirements,,,false,0,,2026-08-16
"Block Real Estate Services, LLC",6a1877a89d2d4171bfa36228,6a187790d2723fbba9a43f46,"Integrated Health Systems, LLC",69fdf0d9e45e7dcf5c438e0a,"prg804 - Pine Ridge Building D {PERG BUILDINGS, LLC}",evidenceOfInsurance,Evidence of Insurance,excessOrUmbrellaLiability,Umbrella/Excess Liability,evidenceOfInsuranceExcessOrUmbrellaLiabilityAggregate,Aggregate,,matchOnce,must be greater or equal to,1000000,,non_compliant,Block Requirements,,,false,0,,2026-08-16
"Block Real Estate Services, LLC",6a1877a89d2d4171bfa36228,6a187790d2723fbba9a43f46,"Integrated Health Systems, LLC",69fdf0d9e45e7dcf5c438e0a,"prg804 - Pine Ridge Building D {PERG BUILDINGS, LLC}",evidenceOfInsurance,Evidence of Insurance,workersCompensation,Workers' Compensation and Employer's Liability,evidenceOfInsuranceWorkersCompensationStatutoryLimits,Statutory Limits,,matchOnce,must be present,,,non_compliant,Block Requirements,,,false,0,,2026-08-16
"Block Real Estate Services, LLC",6a1877a89d2d4171bfa36228,6a187790d2723fbba9a43f46,"Integrated Health Systems, LLC",69fdf0d9e45e7dcf5c438e0a,"prg804 - Pine Ridge Building D {PERG BUILDINGS, LLC}",evidenceOfInsurance,Evidence of Insurance,workersCompensation,Workers' Compensation and Employer's Liability,evidenceOfInsuranceWorkersCompensationEmployersLiabilityEachAccident,Employer's Liability Each Accident,,matchOnce,must be greater or equal to,500000,,non_compliant,Block Requirements,,,false,0,,2026-08-16
"Block Real Estate Services, LLC",6a1877a89d2d4171bfa36228,6a187790d2723fbba9a43f46,"Integrated Health Systems, LLC",69fdf0d9e45e7dcf5c438e0a,"prg804 - Pine Ridge Building D {PERG BUILDINGS, LLC}",evidenceOfInsurance,Evidence of Insurance,workersCompensation,Workers' Compensation and Employer's Liability,evidenceOfInsuranceWorkersCompensationEmployersLiabilityDiseaseEachEmployee,Employer's Liability Disease - each employee,,matchOnce,must be greater or equal to,500000,,non_compliant,Block Requirements,,,false,0,,2026-08-16
"Block Real Estate Services, LLC",6a1877a89d2d4171bfa36228,6a187790d2723fbba9a43f46,"Integrated Health Systems, LLC",69fdf0d9e45e7dcf5c438e0a,"prg804 - Pine Ridge Building D {PERG BUILDINGS, LLC}",evidenceOfInsurance,Evidence of Insurance,workersCompensation,Workers' Compensation and Employer's Liability,evidenceOfInsuranceWorkersCompensationEmployersLiabilityDiseasePolicyLimit,Employer's Liability Disease - policy limit,,matchOnce,must be greater or equal to,500000,,non_compliant,Block Requirements,,,false,0,,2026-08-16
"Block Real Estate Services, LLC",6a1877a89d2d4171bfa36228,6a187790d2723fbba9a43f46,"Integrated Health Systems, LLC",69fdf0d9e45e7dcf5c438e0a,"prg804 - Pine Ridge Building D {PERG BUILDINGS, LLC}",evidenceOfInsurance,Evidence of Insurance,workersCompensation,Workers' Compensation and Employer's Liability,evidenceOfInsuranceWorkersCompensationWaiverOfSubrogationEndorsement,Waiver of Subrogation,"---prompt---
Determine if the insurer has waived their right of subrogation in favor of the certificate holder under the Workers' Compensation policy. Evidence may include: a checked ""Waiver of Subrogation"" box on the certificate, mention in the Description of Operations section stating ""waiver of subrogation applies"", or reference to form WC 00 03 13. Look for language like ""subrogation is waived"" or ""per written contract"".",matchOnce,must be present,,,non_compliant,Block Requirements,,,false,0,,2026-08-16
"Block Real Estate Services, LLC",6a1877a89d2d4171bfa36228,6a187790d2723fbba9a43f46,"Integrated Health Systems, LLC",69fdf0d9e45e7dcf5c438e0a,"prg804 - Pine Ridge Building D {PERG BUILDINGS, LLC}",evidenceOfInsurance,Evidence of Insurance,6ac20aae-5728-5d57-b364-aeba38527dba,Additional Requirements,4da5b0f1-4c9d-5885-8cf8-5d3cccaed3e0,"Block Real Estate Services, LLC and all others required by contract are named as Additional Insureds","---prompt---
Determine if the Description of Operations or the Additional Remarks Schedule section states the ""Additional Insured as Construction Management, Inc. and all others required by contract"" or reference to blanket additional insured coverage. Look for language like ""certificate holder is additional insured"" or ""per written contract"".",matchOnce,must be present,,,non_compliant,Block Requirements,,,true,0,,2026-08-16
"Block Real Estate Services, LLC",6a1877a89d2d4171bfa36228,6a187790d2723fbba9a43f46,"Integrated Health Systems, LLC",69fdf0d9e45e7dcf5c438e0a,"prg804 - Pine Ridge Building D {PERG BUILDINGS, LLC}",evidenceOfInsurance,Evidence of Insurance,6ac20aae-5728-5d57-b364-aeba38527dba,Additional Requirements,e1017741-e47e-5f58-97b8-fbc3043e919f,Umbrella follows form over General Liability,"---prompt---
Determine if the Umbrella/Excess Liability policy follows form to the underlying policies. Evidence may include: language in the Description of Operations section stating the umbrella follows form to underlying coverages or an additional page endorsement stating that it follows form. Follow form means the umbrella policy adopts the same terms, conditions, and exclusions as the underlying policies.",matchOnce,must be present,,,non_compliant,Block Requirements,,,true,0,,2026-08-16
"Block Real Estate Services, LLC",6a1877a89d2d4171bfa36228,6a187790d2723fbba9a43f46,"Integrated Health Systems, LLC",69fdf0d9e45e7dcf5c438e0a,"prg804 - Pine Ridge Building D {PERG BUILDINGS, LLC}",evidenceOfInsurance,Evidence of Insurance,6ac20aae-5728-5d57-b364-aeba38527dba,Additional Requirements,2cdd866f-c9a4-576a-afd8-1d045762790c,The location must be listed as: 8309 Melrose Drive Lenexa KS 66214,,matchOnce,must be present,,,non_compliant,Block Requirements,,,true,0,,2026-08-16
"Block Real Estate Services, LLC",6a1877a89d2d4171bfa36228,6a187790d2723fbba9a43f46,"Integrated Health Systems, LLC",69fdf0d9e45e7dcf5c438e0a,"prg804 - Pine Ridge Building D {PERG BUILDINGS, LLC}",evidenceOfInsurance,Evidence of Insurance,6ac20aae-5728-5d57-b364-aeba38527dba,Additional Requirements,3649e9d1-4e09-59bf-8f30-cb33c40cf117,"Certificate Holder must read: c/o Block Real Estate Services, LLC, 4622 Pennsylvania St., Suite 700, Kansas City, MO, 64112",,matchOnce,must be present,,,non_compliant,Block Requirements,,,true,0,,2026-08-16
"Block Real Estate Services, LLC",69fdf7a362446148bd85b049,69fded1862446148bd848eda,Kansas Granite Mart,69fdf18bd3bfa5e4945e2e28,"tic630 - College Crossing I {COLLEGE IJ, LLC}",evidenceOfInsurance,Evidence of Insurance,commercialGeneralLiability,Commercial General Liability,evidenceOfInsuranceCommercialGeneralLiabilityCoverageTriggerOccurrence,Coverage Trigger: Occurrence,,matchOnce,must be present,,,non_compliant,Block Requirements,,,false,0,,2026-08-16
"Block Real Estate Services, LLC",69fdf7a362446148bd85b049,69fded1862446148bd848eda,Kansas Granite Mart,69fdf18bd3bfa5e4945e2e28,"tic630 - College Crossing I {COLLEGE IJ, LLC}",evidenceOfInsurance,Evidence of Insurance,commercialGeneralLiability,Commercial General Liability,evidenceOfInsuranceCommercialGeneralLiabilityGeneralAggregateLimitAppliesPerLocation,General Aggregate Limit Applies per: Location,,matchOnce,must be present,,,non_compliant,Block Requirements,,,false,0,,2026-08-16
"Block Real Estate Services, LLC",69fdf7a362446148bd85b049,69fded1862446148bd848eda,Kansas Granite Mart,69fdf18bd3bfa5e4945e2e28,"tic630 - College Crossing I {COLLEGE IJ, LLC}",evidenceOfInsurance,Evidence of Insurance,commercialGeneralLiability,Commercial General Liability,evidenceOfInsuranceCommercialGeneralLiabilityEachOccurrence,Each Occurrence,,matchOnce,must be greater or equal to,1000000,,non_compliant,Block Requirements,,,false,0,,2026-08-16
"Block Real Estate Services, LLC",69fdf7a362446148bd85b049,69fded1862446148bd848eda,Kansas Granite Mart,69fdf18bd3bfa5e4945e2e28,"tic630 - College Crossing I {COLLEGE IJ, LLC}",evidenceOfInsurance,Evidence of Insurance,commercialGeneralLiability,Commercial General Liability,evidenceOfInsuranceCommercialGeneralLiabilityGeneralAggregate,General Aggregate,,matchOnce,must be greater or equal to,2000000,,non_compliant,Block Requirements,,,false,0,,2026-08-16
"Block Real Estate Services, LLC",69fdf7a362446148bd85b049,69fded1862446148bd848eda,Kansas Granite Mart,69fdf18bd3bfa5e4945e2e28,"tic630 - College Crossing I {COLLEGE IJ, LLC}",evidenceOfInsurance,Evidence of Insurance,commercialGeneralLiability,Commercial General Liability,evidenceOfInsuranceCommercialGeneralLiabilityWaiverOfSubrogationEndorsement,Waiver of Subrogation,"---prompt---
Determine if the insurer has waived their right of subrogation in favor of the certificate holder under the Commercial General Liability policy. Evidence may include: a checked ""Waiver of Subrogation"" box on the certificate, mention in the Description of Operations section stating ""waiver of subrogation applies"", or reference to form CG 24 04. Look for language like ""subrogation is waived"" or ""per written contract"".",matchOnce,must be present,,,non_compliant,Block Requirements,,,false,0,,2026-08-16
"Block Real Estate Services, LLC",69fdf7a362446148bd85b049,69fded1862446148bd848eda,Kansas Granite Mart,69fdf18bd3bfa5e4945e2e28,"tic630 - College Crossing I {COLLEGE IJ, LLC}",evidenceOfInsurance,Evidence of Insurance,excessOrUmbrellaLiability,Umbrella/Excess Liability,evidenceOfInsuranceExcessOrUmbrellaLiabilityOccurence,Coverage Trigger: Occurrence,,matchOnce,must be present,,,non_compliant,Block Requirements,,,false,0,,2026-08-16
"Block Real Estate Services, LLC",69fdf7a362446148bd85b049,69fded1862446148bd848eda,Kansas Granite Mart,69fdf18bd3bfa5e4945e2e28,"tic630 - College Crossing I {COLLEGE IJ, LLC}",evidenceOfInsurance,Evidence of Insurance,excessOrUmbrellaLiability,Umbrella/Excess Liability,evidenceOfInsuranceExcessOrUmbrellaLiabilityEachOccurrence,Each Occurrence,,matchOnce,must be greater or equal to,1000000,,non_compliant,Block Requirements,,,false,0,,2026-08-16
"Block Real Estate Services, LLC",69fdf7a362446148bd85b049,69fded1862446148bd848eda,Kansas Granite Mart,69fdf18bd3bfa5e4945e2e28,"tic630 - College Crossing I {COLLEGE IJ, LLC}",evidenceOfInsurance,Evidence of Insurance,excessOrUmbrellaLiability,Umbrella/Excess Liability,evidenceOfInsuranceExcessOrUmbrellaLiabilityAggregate,Aggregate,,matchOnce,must be greater or equal to,1000000,,non_compliant,Block Requirements,,,false,0,,2026-08-16
"Block Real Estate Services, LLC",69fdf7a362446148bd85b049,69fded1862446148bd848eda,Kansas Granite Mart,69fdf18bd3bfa5e4945e2e28,"tic630 - College Crossing I {COLLEGE IJ, LLC}",evidenceOfInsurance,Evidence of Insurance,workersCompensation,Workers' Compensation and Employer's Liability,evidenceOfInsuranceWorkersCompensationStatutoryLimits,Statutory Limits,,matchOnce,must be present,,,non_compliant,Block Requirements,,,false,0,,2026-08-16
"Block Real Estate Services, LLC",69fdf7a362446148bd85b049,69fded1862446148bd848eda,Kansas Granite Mart,69fdf18bd3bfa5e4945e2e28,"tic630 - College Crossing I {COLLEGE IJ, LLC}",evidenceOfInsurance,Evidence of Insurance,workersCompensation,Workers' Compensation and Employer's Liability,evidenceOfInsuranceWorkersCompensationEmployersLiabilityEachAccident,Employer's Liability Each Accident,,matchOnce,must be greater or equal to,500000,,non_compliant,Block Requirements,,,false,0,,2026-08-16
"Block Real Estate Services, LLC",69fdf7a362446148bd85b049,69fded1862446148bd848eda,Kansas Granite Mart,69fdf18bd3bfa5e4945e2e28,"tic630 - College Crossing I {COLLEGE IJ, LLC}",evidenceOfInsurance,Evidence of Insurance,workersCompensation,Workers' Compensation and Employer's Liability,evidenceOfInsuranceWorkersCompensationEmployersLiabilityDiseaseEachEmployee,Employer's Liability Disease - each employee,,matchOnce,must be greater or equal to,500000,,non_compliant,Block Requirements,,,false,0,,2026-08-16
"Block Real Estate Services, LLC",69fdf7a362446148bd85b049,69fded1862446148bd848eda,Kansas Granite Mart,69fdf18bd3bfa5e4945e2e28,"tic630 - College Crossing I {COLLEGE IJ, LLC}",evidenceOfInsurance,Evidence of Insurance,workersCompensation,Workers' Compensation and Employer's Liability,evidenceOfInsuranceWorkersCompensationEmployersLiabilityDiseasePolicyLimit,Employer's Liability Disease - policy limit,,matchOnce,must be greater or equal to,500000,,non_compliant,Block Requirements,,,false,0,,2026-08-16
"Block Real Estate Services, LLC",69fdf7a362446148bd85b049,69fded1862446148bd848eda,Kansas Granite Mart,69fdf18bd3bfa5e4945e2e28,"tic630 - College Crossing I {COLLEGE IJ, LLC}",evidenceOfInsurance,Evidence of Insurance,workersCompensation,Workers' Compensation and Employer's Liability,evidenceOfInsuranceWorkersCompensationWaiverOfSubrogationEndorsement,Waiver of Subrogation,"---prompt---
Determine if the insurer has waived their right of subrogation in favor of the certificate holder under the Workers' Compensation policy. Evidence may include: a checked ""Waiver of Subrogation"" box on the certificate, mention in the Description of Operations section stating ""waiver of subrogation applies"", or reference to form WC 00 03 13. Look for language like ""subrogation is waived"" or ""per written contract"".",matchOnce,must be present,,,non_compliant,Block Requirements,,,false,0,,2026-08-16
"Block Real Estate Services, LLC",69fdf7a362446148bd85b049,69fded1862446148bd848eda,Kansas Granite Mart,69fdf18bd3bfa5e4945e2e28,"tic630 - College Crossing I {COLLEGE IJ, LLC}",evidenceOfInsurance,Evidence of Insurance,6ac20aae-5728-5d57-b364-aeba38527dba,Additional Requirements,4da5b0f1-4c9d-5885-8cf8-5d3cccaed3e0,"Block Real Estate Services, LLC and all others required by contract are named as Additional Insureds","---prompt---
Determine if the Description of Operations or the Additional Remarks Schedule section states the ""Additional Insured as Construction Management, Inc. and all others required by contract"" or reference to blanket additional insured coverage. Look for language like ""certificate holder is additional insured"" or ""per written contract"".",matchOnce,must be present,,,non_compliant,Block Requirements,,,true,0,,2026-08-16
"Block Real Estate Services, LLC",69fdf7a362446148bd85b049,69fded1862446148bd848eda,Kansas Granite Mart,69fdf18bd3bfa5e4945e2e28,"tic630 - College Crossing I {COLLEGE IJ, LLC}",evidenceOfInsurance,Evidence of Insurance,6ac20aae-5728-5d57-b364-aeba38527dba,Additional Requirements,e1017741-e47e-5f58-97b8-fbc3043e919f,Umbrella follows form over General Liability,"---prompt---
Determine if the Umbrella/Excess Liability policy follows form to the underlying policies. Evidence may include: language in the Description of Operations section stating the umbrella follows form to underlying coverages or an additional page endorsement stating that it follows form. Follow form means the umbrella policy adopts the same terms, conditions, and exclusions as the underlying policies.",matchOnce,must be present,,,non_compliant,Block Requirements,,,true,0,,2026-08-16
"Block Real Estate Services, LLC",69fdf7a362446148bd85b049,69fded1862446148bd848eda,Kansas Granite Mart,69fdf18bd3bfa5e4945e2e28,"tic630 - College Crossing I {COLLEGE IJ, LLC}",evidenceOfInsurance,Evidence of Insurance,6ac20aae-5728-5d57-b364-aeba38527dba,Additional Requirements,2cdd866f-c9a4-576a-afd8-1d045762790c,"The location must be listed as: 10882, 10886, 10890 Strang Line Road Lenexa KS 66215",,matchOnce,must be present,,,non_compliant,Block Requirements,,,true,0,,2026-08-16
"Block Real Estate Services, LLC",69fdf7a362446148bd85b049,69fded1862446148bd848eda,Kansas Granite Mart,69fdf18bd3bfa5e4945e2e28,"tic630 - College Crossing I {COLLEGE IJ, LLC}",evidenceOfInsurance,Evidence of Insurance,6ac20aae-5728-5d57-b364-aeba38527dba,Additional Requirements,3649e9d1-4e09-59bf-8f30-cb33c40cf117,"Certificate Holder must read: c/o Block Real Estate Services, LLC, 4622 Pennsylvania St., Suite 700, Kansas City, MO, 64112",,matchOnce,must be present,,,non_compliant,Block Requirements,,,true,0,,2026-08-16
"Block Real Estate Services, LLC",69fdf7a362446148bd85b04a,69fded1962446148bd848f1c,Lenexa Manufacturing Company LLC,69fdf18bd3bfa5e4945e2e28,"tic630 - College Crossing I {COLLEGE IJ, LLC}",evidenceOfInsurance,Evidence of Insurance,commercialGeneralLiability,Commercial General Liability,evidenceOfInsuranceCommercialGeneralLiabilityCoverageTriggerOccurrence,Coverage Trigger: Occurrence,,matchOnce,must be present,,Present,compliant,Block Requirements,,,false,1,,2026-08-16
"Block Real Estate Services, LLC",69fdf7a362446148bd85b04a,69fded1962446148bd848f1c,Lenexa Manufacturing Company LLC,69fdf18bd3bfa5e4945e2e28,"tic630 - College Crossing I {COLLEGE IJ, LLC}",evidenceOfInsurance,Evidence of Insurance,commercialGeneralLiability,Commercial General Liability,evidenceOfInsuranceCommercialGeneralLiabilityGeneralAggregateLimitAppliesPerLocation,General Aggregate Limit Applies per: Location,,matchOnce,must be present,,Present,compliant,Block Requirements,,,false,1,,2026-08-16
"Block Real Estate Services, LLC",69fdf7a362446148bd85b04a,69fded1962446148bd848f1c,Lenexa Manufacturing Company LLC,69fdf18bd3bfa5e4945e2e28,"tic630 - College Crossing I {COLLEGE IJ, LLC}",evidenceOfInsurance,Evidence of Insurance,commercialGeneralLiability,Commercial General Liability,evidenceOfInsuranceCommercialGeneralLiabilityEachOccurrence,Each Occurrence,,matchOnce,must be greater or equal to,1000000,1000000,compliant,Block Requirements,,,false,1,,2026-08-16
"Block Real Estate Services, LLC",69fdf7a362446148bd85b04a,69fded1962446148bd848f1c,Lenexa Manufacturing Company LLC,69fdf18bd3bfa5e4945e2e28,"tic630 - College Crossing I {COLLEGE IJ, LLC}",evidenceOfInsurance,Evidence of Insurance,commercialGeneralLiability,Commercial General Liability,evidenceOfInsuranceCommercialGeneralLiabilityGeneralAggregate,General Aggregate,,matchOnce,must be greater or equal to,2000000,2000000,compliant,Block Requirements,,,false,1,,2026-08-16
"Block Real Estate Services, LLC",69fdf7a362446148bd85b04a,69fded1962446148bd848f1c,Lenexa Manufacturing Company LLC,69fdf18bd3bfa5e4945e2e28,"tic630 - College Crossing I {COLLEGE IJ, LLC}",evidenceOfInsurance,Evidence of Insurance,commercialGeneralLiability,Commercial General Liability,evidenceOfInsuranceCommercialGeneralLiabilityWaiverOfSubrogationEndorsement,Waiver of Subrogation,"---prompt---
Determine if the insurer has waived their right of subrogation in favor of the certificate holder under the Commercial General Liability policy. Evidence may include: a checked ""Waiver of Subrogation"" box on the certificate, mention in the Description of Operations section stating ""waiver of subrogation applies"", or reference to form CG 24 04. Look for language like ""subrogation is waived"" or ""per written contract"".",matchOnce,must be present,,Present,compliant,Block Requirements,,,false,1,,2026-08-16
"Block Real Estate Services, LLC",69fdf7a362446148bd85b04a,69fded1962446148bd848f1c,Lenexa Manufacturing Company LLC,69fdf18bd3bfa5e4945e2e28,"tic630 - College Crossing I {COLLEGE IJ, LLC}",evidenceOfInsurance,Evidence of Insurance,excessOrUmbrellaLiability,Umbrella/Excess Liability,evidenceOfInsuranceExcessOrUmbrellaLiabilityOccurence,Coverage Trigger: Occurrence,,matchOnce,must be present,,Present,compliant,Block Requirements,,,false,1,,2026-08-16
"Block Real Estate Services, LLC",69fdf7a362446148bd85b04a,69fded1962446148bd848f1c,Lenexa Manufacturing Company LLC,69fdf18bd3bfa5e4945e2e28,"tic630 - College Crossing I {COLLEGE IJ, LLC}",evidenceOfInsurance,Evidence of Insurance,excessOrUmbrellaLiability,Umbrella/Excess Liability,evidenceOfInsuranceExcessOrUmbrellaLiabilityEachOccurrence,Each Occurrence,,matchOnce,must be greater or equal to,1000000,5000000,compliant,Block Requirements,,,false,1,,2026-08-16
"Block Real Estate Services, LLC",69fdf7a362446148bd85b04a,69fded1962446148bd848f1c,Lenexa Manufacturing Company LLC,69fdf18bd3bfa5e4945e2e28,"tic630 - College Crossing I {COLLEGE IJ, LLC}",evidenceOfInsurance,Evidence of Insurance,excessOrUmbrellaLiability,Umbrella/Excess Liability,evidenceOfInsuranceExcessOrUmbrellaLiabilityAggregate,Aggregate,,matchOnce,must be greater or equal to,1000000,5000000,compliant,Block Requirements,,,false,1,,2026-08-16
"Block Real Estate Services, LLC",69fdf7a362446148bd85b04a,69fded1962446148bd848f1c,Lenexa Manufacturing Company LLC,69fdf18bd3bfa5e4945e2e28,"tic630 - College Crossing I {COLLEGE IJ, LLC}",evidenceOfInsurance,Evidence of Insurance,workersCompensation,Workers' Compensation and Employer's Liability,evidenceOfInsuranceWorkersCompensationStatutoryLimits,Statutory Limits,,matchOnce,must be present,,Present,compliant,Block Requirements,,,false,1,,2026-08-16
"Block Real Estate Services, LLC",69fdf7a362446148bd85b04a,69fded1962446148bd848f1c,Lenexa Manufacturing Company LLC,69fdf18bd3bfa5e4945e2e28,"tic630 - College Crossing I {COLLEGE IJ, LLC}",evidenceOfInsurance,Evidence of Insurance,workersCompensation,Workers' Compensation and Employer's Liability,evidenceOfInsuranceWorkersCompensationEmployersLiabilityEachAccident,Employer's Liability Each Accident,,matchOnce,must be greater or equal to,500000,1000000,compliant,Block Requirements,,,false,1,,2026-08-16
"Block Real Estate Services, LLC",69fdf7a362446148bd85b04a,69fded1962446148bd848f1c,Lenexa Manufacturing Company LLC,69fdf18bd3bfa5e4945e2e28,"tic630 - College Crossing I {COLLEGE IJ, LLC}",evidenceOfInsurance,Evidence of Insurance,workersCompensation,Workers' Compensation and Employer's Liability,evidenceOfInsuranceWorkersCompensationEmployersLiabilityDiseaseEachEmployee,Employer's Liability Disease - each employee,,matchOnce,must be greater or equal to,500000,1000000,compliant,Block Requirements,,,false,1,,2026-08-16
"Block Real Estate Services, LLC",69fdf7a362446148bd85b04a,69fded1962446148bd848f1c,Lenexa Manufacturing Company LLC,69fdf18bd3bfa5e4945e2e28,"tic630 - College Crossing I {COLLEGE IJ, LLC}",evidenceOfInsurance,Evidence of Insurance,workersCompensation,Workers' Compensation and Employer's Liability,evidenceOfInsuranceWorkersCompensationEmployersLiabilityDiseasePolicyLimit,Employer's Liability Disease - policy limit,,matchOnce,must be greater or equal to,500000,1000000,compliant,Block Requirements,,,false,1,,2026-08-16
"Block Real Estate Services, LLC",69fdf7a362446148bd85b04a,69fded1962446148bd848f1c,Lenexa Manufacturing Company LLC,69fdf18bd3bfa5e4945e2e28,"tic630 - College Crossing I {COLLEGE IJ, LLC}",evidenceOfInsurance,Evidence of Insurance,workersCompensation,Workers' Compensation and Employer's Liability,evidenceOfInsuranceWorkersCompensationWaiverOfSubrogationEndorsement,Waiver of Subrogation,"---prompt---
Determine if the insurer has waived their right of subrogation in favor of the certificate holder under the Workers' Compensation policy. Evidence may include: a checked ""Waiver of Subrogation"" box on the certificate, mention in the Description of Operations section stating ""waiver of subrogation applies"", or reference to form WC 00 03 13. Look for language like ""subrogation is waived"" or ""per written contract"".",matchOnce,must be present,,Present,compliant,Block Requirements,,,false,1,,2026-08-16
"Block Real Estate Services, LLC",69fdf7a362446148bd85b04a,69fded1962446148bd848f1c,Lenexa Manufacturing Company LLC,69fdf18bd3bfa5e4945e2e28,"tic630 - College Crossing I {COLLEGE IJ, LLC}",evidenceOfInsurance,Evidence of Insurance,6ac20aae-5728-5d57-b364-aeba38527dba,Additional Requirements,4da5b0f1-4c9d-5885-8cf8-5d3cccaed3e0,"Block Real Estate Services, LLC and all others required by contract are named as Additional Insureds","---prompt---
Determine if the Description of Operations or the Additional Remarks Schedule section states the ""Additional Insured as Construction Management, Inc. and all others required by contract"" or reference to blanket additional insured coverage. Look for language like ""certificate holder is additional insured"" or ""per written contract"".",matchOnce,must be present,,Present,compliant,Block Requirements,,,true,1,,2026-08-16
"Block Real Estate Services, LLC",69fdf7a362446148bd85b04a,69fded1962446148bd848f1c,Lenexa Manufacturing Company LLC,69fdf18bd3bfa5e4945e2e28,"tic630 - College Crossing I {COLLEGE IJ, LLC}",evidenceOfInsurance,Evidence of Insurance,6ac20aae-5728-5d57-b364-aeba38527dba,Additional Requirements,e1017741-e47e-5f58-97b8-fbc3043e919f,Umbrella follows form over General Liability,"---prompt---
Determine if the Umbrella/Excess Liability policy follows form to the underlying policies. Evidence may include: language in the Description of Operations section stating the umbrella follows form to underlying coverages or an additional page endorsement stating that it follows form. Follow form means the umbrella policy adopts the same terms, conditions, and exclusions as the underlying policies.",matchOnce,must be present,,Present,compliant,Block Requirements,,,true,1,,2026-08-16
"Block Real Estate Services, LLC",69fdf7a362446148bd85b04a,69fded1962446148bd848f1c,Lenexa Manufacturing Company LLC,69fdf18bd3bfa5e4945e2e28,"tic630 - College Crossing I {COLLEGE IJ, LLC}",evidenceOfInsurance,Evidence of Insurance,6ac20aae-5728-5d57-b364-aeba38527dba,Additional Requirements,2cdd866f-c9a4-576a-afd8-1d045762790c,"The location must be listed as: 10846, 10850 Strang Line Road Lenexa KS 66215",,matchOnce,must be present,,Present,compliant,Block Requirements,,,true,1,,2026-08-16
"Block Real Estate Services, LLC",69fdf7a362446148bd85b04a,69fded1962446148bd848f1c,Lenexa Manufacturing Company LLC,69fdf18bd3bfa5e4945e2e28,"tic630 - College Crossing I {COLLEGE IJ, LLC}",evidenceOfInsurance,Evidence of Insurance,6ac20aae-5728-5d57-b364-aeba38527dba,Additional Requirements,3649e9d1-4e09-59bf-8f30-cb33c40cf117,"Certificate Holder must read: c/o Block Real Estate Services, LLC, 4622 Pennsylvania St., Suite 700, Kansas City, MO, 64112",,matchOnce,must be present,,Present,compliant,Block Requirements,,,true,1,,2026-08-16
"Block Real Estate Services, LLC",69fdf7a362446148bd85b046,69fded1062446148bd848c37,Butler Suppy Inc,69fdf18bd3bfa5e4945e2e28,"tic630 - College Crossing I {COLLEGE IJ, LLC}",evidenceOfInsurance,Evidence of Insurance,commercialGeneralLiability,Commercial General Liability,evidenceOfInsuranceCommercialGeneralLiabilityCoverageTriggerOccurrence,Coverage Trigger: Occurrence,,matchOnce,must be present,,Present,compliant,Block Requirements,,,false,1,,2026-08-16
"Block Real Estate Services, LLC",69fdf7a362446148bd85b046,69fded1062446148bd848c37,Butler Suppy Inc,69fdf18bd3bfa5e4945e2e28,"tic630 - College Crossing I {COLLEGE IJ, LLC}",evidenceOfInsurance,Evidence of Insurance,commercialGeneralLiability,Commercial General Liability,evidenceOfInsuranceCommercialGeneralLiabilityGeneralAggregateLimitAppliesPerLocation,General Aggregate Limit Applies per: Location,,matchOnce,must be present,,,non_compliant,Block Requirements,,,false,0,,2026-08-16
"Block Real Estate Services, LLC",69fdf7a362446148bd85b046,69fded1062446148bd848c37,Butler Suppy Inc,69fdf18bd3bfa5e4945e2e28,"tic630 - College Crossing I {COLLEGE IJ, LLC}",evidenceOfInsurance,Evidence of Insurance,commercialGeneralLiability,Commercial General Liability,evidenceOfInsuranceCommercialGeneralLiabilityEachOccurrence,Each Occurrence,,matchOnce,must be greater or equal to,1000000,2000000,compliant,Block Requirements,,,false,1,,2026-08-16
"Block Real Estate Services, LLC",69fdf7a362446148bd85b046,69fded1062446148bd848c37,Butler Suppy Inc,69fdf18bd3bfa5e4945e2e28,"tic630 - College Crossing I {COLLEGE IJ, LLC}",evidenceOfInsurance,Evidence of Insurance,commercialGeneralLiability,Commercial General Liability,evidenceOfInsuranceCommercialGeneralLiabilityGeneralAggregate,General Aggregate,,matchOnce,must be greater or equal to,2000000,4000000,compliant,Block Requirements,,,false,1,,2026-08-16
"Block Real Estate Services, LLC",69fdf7a362446148bd85b046,69fded1062446148bd848c37,Butler Suppy Inc,69fdf18bd3bfa5e4945e2e28,"tic630 - College Crossing I {COLLEGE IJ, LLC}",evidenceOfInsurance,Evidence of Insurance,commercialGeneralLiability,Commercial General Liability,evidenceOfInsuranceCommercialGeneralLiabilityWaiverOfSubrogationEndorsement,Waiver of Subrogation,"---prompt---
Determine if the insurer has waived their right of subrogation in favor of the certificate holder under the Commercial General Liability policy. Evidence may include: a checked ""Waiver of Subrogation"" box on the certificate, mention in the Description of Operations section stating ""waiver of subrogation applies"", or reference to form CG 24 04. Look for language like ""subrogation is waived"" or ""per written contract"".",matchOnce,must be present,,Present,compliant,Block Requirements,,,false,1,,2026-08-16
"Block Real Estate Services, LLC",69fdf7a362446148bd85b046,69fded1062446148bd848c37,Butler Suppy Inc,69fdf18bd3bfa5e4945e2e28,"tic630 - College Crossing I {COLLEGE IJ, LLC}",evidenceOfInsurance,Evidence of Insurance,excessOrUmbrellaLiability,Umbrella/Excess Liability,evidenceOfInsuranceExcessOrUmbrellaLiabilityOccurence,Coverage Trigger: Occurrence,,matchOnce,must be present,,Present,compliant,Block Requirements,,,false,1,,2026-08-16
"Block Real Estate Services, LLC",69fdf7a362446148bd85b046,69fded1062446148bd848c37,Butler Suppy Inc,69fdf18bd3bfa5e4945e2e28,"tic630 - College Crossing I {COLLEGE IJ, LLC}",evidenceOfInsurance,Evidence of Insurance,excessOrUmbrellaLiability,Umbrella/Excess Liability,evidenceOfInsuranceExcessOrUmbrellaLiabilityEachOccurrence,Each Occurrence,,matchOnce,must be greater or equal to,1000000,10000000,compliant,Block Requirements,,,false,1,,2026-08-16
"Block Real Estate Services, LLC",69fdf7a362446148bd85b046,69fded1062446148bd848c37,Butler Suppy Inc,69fdf18bd3bfa5e4945e2e28,"tic630 - College Crossing I {COLLEGE IJ, LLC}",evidenceOfInsurance,Evidence of Insurance,excessOrUmbrellaLiability,Umbrella/Excess Liability,evidenceOfInsuranceExcessOrUmbrellaLiabilityAggregate,Aggregate,,matchOnce,must be greater or equal to,1000000,10000000,compliant,Block Requirements,,,false,1,,2026-08-16
"Block Real Estate Services, LLC",69fdf7a362446148bd85b046,69fded1062446148bd848c37,Butler Suppy Inc,69fdf18bd3bfa5e4945e2e28,"tic630 - College Crossing I {COLLEGE IJ, LLC}",evidenceOfInsurance,Evidence of Insurance,workersCompensation,Workers' Compensation and Employer's Liability,evidenceOfInsuranceWorkersCompensationStatutoryLimits,Statutory Limits,,matchOnce,must be present,,Present,compliant,Block Requirements,,,false,1,,2026-08-16
"Block Real Estate Services, LLC",69fdf7a362446148bd85b046,69fded1062446148bd848c37,Butler Suppy Inc,69fdf18bd3bfa5e4945e2e28,"tic630 - College Crossing I {COLLEGE IJ, LLC}",evidenceOfInsurance,Evidence of Insurance,workersCompensation,Workers' Compensation and Employer's Liability,evidenceOfInsuranceWorkersCompensationEmployersLiabilityEachAccident,Employer's Liability Each Accident,,matchOnce,must be greater or equal to,500000,1000000,compliant,Block Requirements,,,false,1,,2026-08-16
"Block Real Estate Services, LLC",69fdf7a362446148bd85b046,69fded1062446148bd848c37,Butler Suppy Inc,69fdf18bd3bfa5e4945e2e28,"tic630 - College Crossing I {COLLEGE IJ, LLC}",evidenceOfInsurance,Evidence of Insurance,workersCompensation,Workers' Compensation and Employer's Liability,evidenceOfInsuranceWorkersCompensationEmployersLiabilityDiseaseEachEmployee,Employer's Liability Disease - each employee,,matchOnce,must be greater or equal to,500000,1000000,compliant,Block Requirements,,,false,1,,2026-08-16
"Block Real Estate Services, LLC",69fdf7a362446148bd85b046,69fded1062446148bd848c37,Butler Suppy Inc,69fdf18bd3bfa5e4945e2e28,"tic630 - College Crossing I {COLLEGE IJ, LLC}",evidenceOfInsurance,Evidence of Insurance,workersCompensation,Workers' Compensation and Employer's Liability,evidenceOfInsuranceWorkersCompensationEmployersLiabilityDiseasePolicyLimit,Employer's Liability Disease - policy limit,,matchOnce,must be greater or equal to,500000,1000000,compliant,Block Requirements,,,false,1,,2026-08-16
"Block Real Estate Services, LLC",69fdf7a362446148bd85b046,69fded1062446148bd848c37,Butler Suppy Inc,69fdf18bd3bfa5e4945e2e28,"tic630 - College Crossing I {COLLEGE IJ, LLC}",evidenceOfInsurance,Evidence of Insurance,workersCompensation,Workers' Compensation and Employer's Liability,evidenceOfInsuranceWorkersCompensationWaiverOfSubrogationEndorsement,Waiver of Subrogation,"---prompt---
Determine if the insurer has waived their right of subrogation in favor of the certificate holder under the Workers' Compensation policy. Evidence may include: a checked ""Waiver of Subrogation"" box on the certificate, mention in the Description of Operations section stating ""waiver of subrogation applies"", or reference to form WC 00 03 13. Look for language like ""subrogation is waived"" or ""per written contract"".",matchOnce,must be present,,Present,compliant,Block Requirements,,,false,1,,2026-08-16
"Block Real Estate Services, LLC",69fdf7a362446148bd85b046,69fded1062446148bd848c37,Butler Suppy Inc,69fdf18bd3bfa5e4945e2e28,"tic630 - College Crossing I {COLLEGE IJ, LLC}",evidenceOfInsurance,Evidence of Insurance,6ac20aae-5728-5d57-b364-aeba38527dba,Additional Requirements,4da5b0f1-4c9d-5885-8cf8-5d3cccaed3e0,"Block Real Estate Services, LLC and all others required by contract are named as Additional Insureds","---prompt---
Determine if the Description of Operations or the Additional Remarks Schedule section states the ""Additional Insured as Construction Management, Inc. and all others required by contract"" or reference to blanket additional insured coverage. Look for language like ""certificate holder is additional insured"" or ""per written contract"".",matchOnce,must be present,,Present,compliant,Block Requirements,,,true,1,,2026-08-16
"Block Real Estate Services, LLC",69fdf7a362446148bd85b046,69fded1062446148bd848c37,Butler Suppy Inc,69fdf18bd3bfa5e4945e2e28,"tic630 - College Crossing I {COLLEGE IJ, LLC}",evidenceOfInsurance,Evidence of Insurance,6ac20aae-5728-5d57-b364-aeba38527dba,Additional Requirements,e1017741-e47e-5f58-97b8-fbc3043e919f,Umbrella follows form over General Liability,"---prompt---
Determine if the Umbrella/Excess Liability policy follows form to the underlying policies. Evidence may include: language in the Description of Operations section stating the umbrella follows form to underlying coverages or an additional page endorsement stating that it follows form. Follow form means the umbrella policy adopts the same terms, conditions, and exclusions as the underlying policies.",matchOnce,must be present,,,non_compliant,Block Requirements,,,true,0,,2026-08-16
"Block Real Estate Services, LLC",69fdf7a362446148bd85b046,69fded1062446148bd848c37,Butler Suppy Inc,69fdf18bd3bfa5e4945e2e28,"tic630 - College Crossing I {COLLEGE IJ, LLC}",evidenceOfInsurance,Evidence of Insurance,6ac20aae-5728-5d57-b364-aeba38527dba,Additional Requirements,2cdd866f-c9a4-576a-afd8-1d045762790c,"The location must be listed as: 10858, 10862, 10866, 10870, 10874, 10878 Strang Line Road Lenexa KS 66215",,matchOnce,must be present,,,non_compliant,Block Requirements,,,true,0,,2026-08-16
"Block Real Estate Services, LLC",69fdf7a362446148bd85b046,69fded1062446148bd848c37,Butler Suppy Inc,69fdf18bd3bfa5e4945e2e28,"tic630 - College Crossing I {COLLEGE IJ, LLC}",evidenceOfInsurance,Evidence of Insurance,6ac20aae-5728-5d57-b364-aeba38527dba,Additional Requirements,3649e9d1-4e09-59bf-8f30-cb33c40cf117,"Certificate Holder must read: c/o Block Real Estate Services, LLC, 4622 Pennsylvania St., Suite 700, Kansas City, MO, 64112",,matchOnce,must be present,,Present,compliant,Block Requirements,,,true,1,,2026-08-16
"Block Real Estate Services, LLC",6a18569ea1ec98c09c96233e,69fded1962446148bd848f1c,Lenexa Manufacturing Company LLC,69fdf18bd3bfa5e4945e2e28,"tic630 - College Crossing I {COLLEGE IJ, LLC}",evidenceOfInsurance,Evidence of Insurance,commercialGeneralLiability,Commercial General Liability,evidenceOfInsuranceCommercialGeneralLiabilityCoverageTriggerOccurrence,Coverage Trigger: Occurrence,,matchOnce,must be present,,Present,compliant,Block Requirements,,,false,1,,2026-08-16
"Block Real Estate Services, LLC",6a18569ea1ec98c09c96233e,69fded1962446148bd848f1c,Lenexa Manufacturing Company LLC,69fdf18bd3bfa5e4945e2e28,"tic630 - College Crossing I {COLLEGE IJ, LLC}",evidenceOfInsurance,Evidence of Insurance,commercialGeneralLiability,Commercial General Liability,evidenceOfInsuranceCommercialGeneralLiabilityGeneralAggregateLimitAppliesPerLocation,General Aggregate Limit Applies per: Location,,matchOnce,must be present,,Present,compliant,Block Requirements,,,false,1,,2026-08-16
"Block Real Estate Services, LLC",6a18569ea1ec98c09c96233e,69fded1962446148bd848f1c,Lenexa Manufacturing Company LLC,69fdf18bd3bfa5e4945e2e28,"tic630 - College Crossing I {COLLEGE IJ, LLC}",evidenceOfInsurance,Evidence of Insurance,commercialGeneralLiability,Commercial General Liability,evidenceOfInsuranceCommercialGeneralLiabilityEachOccurrence,Each Occurrence,,matchOnce,must be greater or equal to,1000000,1000000,compliant,Block Requirements,,,false,1,,2026-08-16
"Block Real Estate Services, LLC",6a18569ea1ec98c09c96233e,69fded1962446148bd848f1c,Lenexa Manufacturing Company LLC,69fdf18bd3bfa5e4945e2e28,"tic630 - College Crossing I {COLLEGE IJ, LLC}",evidenceOfInsurance,Evidence of Insurance,commercialGeneralLiability,Commercial General Liability,evidenceOfInsuranceCommercialGeneralLiabilityGeneralAggregate,General Aggregate,,matchOnce,must be greater or equal to,2000000,2000000,compliant,Block Requirements,,,false,1,,2026-08-16
"Block Real Estate Services, LLC",6a18569ea1ec98c09c96233e,69fded1962446148bd848f1c,Lenexa Manufacturing Company LLC,69fdf18bd3bfa5e4945e2e28,"tic630 - College Crossing I {COLLEGE IJ, LLC}",evidenceOfInsurance,Evidence of Insurance,commercialGeneralLiability,Commercial General Liability,evidenceOfInsuranceCommercialGeneralLiabilityWaiverOfSubrogationEndorsement,Waiver of Subrogation,"---prompt---
Determine if the insurer has waived their right of subrogation in favor of the certificate holder under the Commercial General Liability policy. Evidence may include: a checked ""Waiver of Subrogation"" box on the certificate, mention in the Description of Operations section stating ""waiver of subrogation applies"", or reference to form CG 24 04. Look for language like ""subrogation is waived"" or ""per written contract"".",matchOnce,must be present,,Present,compliant,Block Requirements,,,false,1,,2026-08-16
"Block Real Estate Services, LLC",6a18569ea1ec98c09c96233e,69fded1962446148bd848f1c,Lenexa Manufacturing Company LLC,69fdf18bd3bfa5e4945e2e28,"tic630 - College Crossing I {COLLEGE IJ, LLC}",evidenceOfInsurance,Evidence of Insurance,excessOrUmbrellaLiability,Umbrella/Excess Liability,evidenceOfInsuranceExcessOrUmbrellaLiabilityOccurence,Coverage Trigger: Occurrence,,matchOnce,must be present,,Present,compliant,Block Requirements,,,false,1,,2026-08-16
"Block Real Estate Services, LLC",6a18569ea1ec98c09c96233e,69fded1962446148bd848f1c,Lenexa Manufacturing Company LLC,69fdf18bd3bfa5e4945e2e28,"tic630 - College Crossing I {COLLEGE IJ, LLC}",evidenceOfInsurance,Evidence of Insurance,excessOrUmbrellaLiability,Umbrella/Excess Liability,evidenceOfInsuranceExcessOrUmbrellaLiabilityEachOccurrence,Each Occurrence,,matchOnce,must be greater or equal to,1000000,5000000,compliant,Block Requirements,,,false,1,,2026-08-16
"Block Real Estate Services, LLC",6a18569ea1ec98c09c96233e,69fded1962446148bd848f1c,Lenexa Manufacturing Company LLC,69fdf18bd3bfa5e4945e2e28,"tic630 - College Crossing I {COLLEGE IJ, LLC}",evidenceOfInsurance,Evidence of Insurance,excessOrUmbrellaLiability,Umbrella/Excess Liability,evidenceOfInsuranceExcessOrUmbrellaLiabilityAggregate,Aggregate,,matchOnce,must be greater or equal to,1000000,5000000,compliant,Block Requirements,,,false,1,,2026-08-16
"Block Real Estate Services, LLC",6a18569ea1ec98c09c96233e,69fded1962446148bd848f1c,Lenexa Manufacturing Company LLC,69fdf18bd3bfa5e4945e2e28,"tic630 - College Crossing I {COLLEGE IJ, LLC}",evidenceOfInsurance,Evidence of Insurance,workersCompensation,Workers' Compensation and Employer's Liability,evidenceOfInsuranceWorkersCompensationStatutoryLimits,Statutory Limits,,matchOnce,must be present,,Present,compliant,Block Requirements,,,false,1,,2026-08-16
"Block Real Estate Services, LLC",6a18569ea1ec98c09c96233e,69fded1962446148bd848f1c,Lenexa Manufacturing Company LLC,69fdf18bd3bfa5e4945e2e28,"tic630 - College Crossing I {COLLEGE IJ, LLC}",evidenceOfInsurance,Evidence of Insurance,workersCompensation,Workers' Compensation and Employer's Liability,evidenceOfInsuranceWorkersCompensationEmployersLiabilityEachAccident,Employer's Liability Each Accident,,matchOnce,must be greater or equal to,500000,1000000,compliant,Block Requirements,,,false,1,,2026-08-16
"Block Real Estate Services, LLC",6a18569ea1ec98c09c96233e,69fded1962446148bd848f1c,Lenexa Manufacturing Company LLC,69fdf18bd3bfa5e4945e2e28,"tic630 - College Crossing I {COLLEGE IJ, LLC}",evidenceOfInsurance,Evidence of Insurance,workersCompensation,Workers' Compensation and Employer's Liability,evidenceOfInsuranceWorkersCompensationEmployersLiabilityDiseaseEachEmployee,Employer's Liability Disease - each employee,,matchOnce,must be greater or equal to,500000,1000000,compliant,Block Requirements,,,false,1,,2026-08-16
"Block Real Estate Services, LLC",6a18569ea1ec98c09c96233e,69fded1962446148bd848f1c,Lenexa Manufacturing Company LLC,69fdf18bd3bfa5e4945e2e28,"tic630 - College Crossing I {COLLEGE IJ, LLC}",evidenceOfInsurance,Evidence of Insurance,workersCompensation,Workers' Compensation and Employer's Liability,evidenceOfInsuranceWorkersCompensationEmployersLiabilityDiseasePolicyLimit,Employer's Liability Disease - policy limit,,matchOnce,must be greater or equal to,500000,1000000,compliant,Block Requirements,,,false,1,,2026-08-16
"Block Real Estate Services, LLC",6a18569ea1ec98c09c96233e,69fded1962446148bd848f1c,Lenexa Manufacturing Company LLC,69fdf18bd3bfa5e4945e2e28,"tic630 - College Crossing I {COLLEGE IJ, LLC}",evidenceOfInsurance,Evidence of Insurance,workersCompensation,Workers' Compensation and Employer's Liability,evidenceOfInsuranceWorkersCompensationWaiverOfSubrogationEndorsement,Waiver of Subrogation,"---prompt---
Determine if the insurer has waived their right of subrogation in favor of the certificate holder under the Workers' Compensation policy. Evidence may include: a checked ""Waiver of Subrogation"" box on the certificate, mention in the Description of Operations section stating ""waiver of subrogation applies"", or reference to form WC 00 03 13. Look for language like ""subrogation is waived"" or ""per written contract"".",matchOnce,must be present,,Present,compliant,Block Requirements,,,false,1,,2026-08-16
"Block Real Estate Services, LLC",6a18569ea1ec98c09c96233e,69fded1962446148bd848f1c,Lenexa Manufacturing Company LLC,69fdf18bd3bfa5e4945e2e28,"tic630 - College Crossing I {COLLEGE IJ, LLC}",evidenceOfInsurance,Evidence of Insurance,6ac20aae-5728-5d57-b364-aeba38527dba,Additional Requirements,4da5b0f1-4c9d-5885-8cf8-5d3cccaed3e0,"Block Real Estate Services, LLC and all others required by contract are named as Additional Insureds","---prompt---
Determine if the Description of Operations or the Additional Remarks Schedule section states the ""Additional Insured as Construction Management, Inc. and all others required by contract"" or reference to blanket additional insured coverage. Look for language like ""certificate holder is additional insured"" or ""per written contract"".",matchOnce,must be present,,Present,compliant,Block Requirements,,,true,1,,2026-08-16
"Block Real Estate Services, LLC",6a18569ea1ec98c09c96233e,69fded1962446148bd848f1c,Lenexa Manufacturing Company LLC,69fdf18bd3bfa5e4945e2e28,"tic630 - College Crossing I {COLLEGE IJ, LLC}",evidenceOfInsurance,Evidence of Insurance,6ac20aae-5728-5d57-b364-aeba38527dba,Additional Requirements,e1017741-e47e-5f58-97b8-fbc3043e919f,Umbrella follows form over General Liability,"---prompt---
Determine if the Umbrella/Excess Liability policy follows form to the underlying policies. Evidence may include: language in the Description of Operations section stating the umbrella follows form to underlying coverages or an additional page endorsement stating that it follows form. Follow form means the umbrella policy adopts the same terms, conditions, and exclusions as the underlying policies.",matchOnce,must be present,,Present,compliant,Block Requirements,,,true,1,,2026-08-16
"Block Real Estate Services, LLC",6a18569ea1ec98c09c96233e,69fded1962446148bd848f1c,Lenexa Manufacturing Company LLC,69fdf18bd3bfa5e4945e2e28,"tic630 - College Crossing I {COLLEGE IJ, LLC}",evidenceOfInsurance,Evidence of Insurance,6ac20aae-5728-5d57-b364-aeba38527dba,Additional Requirements,2cdd866f-c9a4-576a-afd8-1d045762790c,The location must be listed as: 10854 Strang Line Road Lenexa KS 66215,,matchOnce,must be present,,Present,compliant,Block Requirements,,,true,1,,2026-08-16
"Block Real Estate Services, LLC",6a18569ea1ec98c09c96233e,69fded1962446148bd848f1c,Lenexa Manufacturing Company LLC,69fdf18bd3bfa5e4945e2e28,"tic630 - College Crossing I {COLLEGE IJ, LLC}",evidenceOfInsurance,Evidence of Insurance,6ac20aae-5728-5d57-b364-aeba38527dba,Additional Requirements,3649e9d1-4e09-59bf-8f30-cb33c40cf117,"Certificate Holder must read: c/o Block Real Estate Services, LLC, 4622 Pennsylvania St., Suite 700, Kansas City, MO, 64112",,matchOnce,must be present,,Present,compliant,Block Requirements,,,true,1,,2026-08-16
"Block Real Estate Services, LLC",69fdf7b562446148bd85c47f,69fded1062446148bd848c3d,"Corbion / Caravan Ingredients, Inc.",69fdf20e8e25e7a0d918b96c,"tic851 - Pine Ridge Building 31 {PERG Corbion, LLC}",evidenceOfInsurance,Evidence of Insurance,commercialGeneralLiability,Commercial General Liability,evidenceOfInsuranceCommercialGeneralLiabilityCoverageTriggerOccurrence,Coverage Trigger: Occurrence,,matchOnce,must be present,,Present,compliant,Block Requirements,,,false,1,,2026-08-16
"Block Real Estate Services, LLC",69fdf7b562446148bd85c47f,69fded1062446148bd848c3d,"Corbion / Caravan Ingredients, Inc.",69fdf20e8e25e7a0d918b96c,"tic851 - Pine Ridge Building 31 {PERG Corbion, LLC}",evidenceOfInsurance,Evidence of Insurance,commercialGeneralLiability,Commercial General Liability,evidenceOfInsuranceCommercialGeneralLiabilityGeneralAggregateLimitAppliesPerLocation,General Aggregate Limit Applies per: Location,,matchOnce,must be present,,,non_compliant,Block Requirements,,,false,0,,2026-08-16
"Block Real Estate Services, LLC",69fdf7b562446148bd85c47f,69fded1062446148bd848c3d,"Corbion / Caravan Ingredients, Inc.",69fdf20e8e25e7a0d918b96c,"tic851 - Pine Ridge Building 31 {PERG Corbion, LLC}",evidenceOfInsurance,Evidence of Insurance,commercialGeneralLiability,Commercial General Liability,evidenceOfInsuranceCommercialGeneralLiabilityEachOccurrence,Each Occurrence,,matchOnce,must be greater or equal to,1000000,2000000,compliant,Block Requirements,,,false,1,,2026-08-16
"Block Real Estate Services, LLC",69fdf7b562446148bd85c47f,69fded1062446148bd848c3d,"Corbion / Caravan Ingredients, Inc.",69fdf20e8e25e7a0d918b96c,"tic851 - Pine Ridge Building 31 {PERG Corbion, LLC}",evidenceOfInsurance,Evidence of Insurance,commercialGeneralLiability,Commercial General Liability,evidenceOfInsuranceCommercialGeneralLiabilityGeneralAggregate,General Aggregate,,matchOnce,must be greater or equal to,2000000,2000000,compliant,Block Requirements,,,false,1,,2026-08-16
"Block Real Estate Services, LLC",69fdf7b562446148bd85c47f,69fded1062446148bd848c3d,"Corbion / Caravan Ingredients, Inc.",69fdf20e8e25e7a0d918b96c,"tic851 - Pine Ridge Building 31 {PERG Corbion, LLC}",evidenceOfInsurance,Evidence of Insurance,commercialGeneralLiability,Commercial General Liability,evidenceOfInsuranceCommercialGeneralLiabilityWaiverOfSubrogationEndorsement,Waiver of Subrogation,"---prompt---
Determine if the insurer has waived their right of subrogation in favor of the certificate holder under the Commercial General Liability policy. Evidence may include: a checked ""Waiver of Subrogation"" box on the certificate, mention in the Description of Operations section stating ""waiver of subrogation applies"", or reference to form CG 24 04. Look for language like ""subrogation is waived"" or ""per written contract"".",matchOnce,must be present,,Present,compliant,Block Requirements,,,false,1,,2026-08-16
"Block Real Estate Services, LLC",69fdf7b562446148bd85c47f,69fded1062446148bd848c3d,"Corbion / Caravan Ingredients, Inc.",69fdf20e8e25e7a0d918b96c,"tic851 - Pine Ridge Building 31 {PERG Corbion, LLC}",evidenceOfInsurance,Evidence of Insurance,excessOrUmbrellaLiability,Umbrella/Excess Liability,evidenceOfInsuranceExcessOrUmbrellaLiabilityOccurence,Coverage Trigger: Occurrence,,matchOnce,must be present,,Present,compliant,Block Requirements,,,false,1,,2026-08-16
"Block Real Estate Services, LLC",69fdf7b562446148bd85c47f,69fded1062446148bd848c3d,"Corbion / Caravan Ingredients, Inc.",69fdf20e8e25e7a0d918b96c,"tic851 - Pine Ridge Building 31 {PERG Corbion, LLC}",evidenceOfInsurance,Evidence of Insurance,excessOrUmbrellaLiability,Umbrella/Excess Liability,evidenceOfInsuranceExcessOrUmbrellaLiabilityEachOccurrence,Each Occurrence,,matchOnce,must be greater or equal to,1000000,5000000,compliant,Block Requirements,,,false,1,,2026-08-16
"Block Real Estate Services, LLC",69fdf7b562446148bd85c47f,69fded1062446148bd848c3d,"Corbion / Caravan Ingredients, Inc.",69fdf20e8e25e7a0d918b96c,"tic851 - Pine Ridge Building 31 {PERG Corbion, LLC}",evidenceOfInsurance,Evidence of Insurance,excessOrUmbrellaLiability,Umbrella/Excess Liability,evidenceOfInsuranceExcessOrUmbrellaLiabilityAggregate,Aggregate,,matchOnce,must be greater or equal to,1000000,5000000,compliant,Block Requirements,,,false,1,,2026-08-16
"Block Real Estate Services, LLC",69fdf7b562446148bd85c47f,69fded1062446148bd848c3d,"Corbion / Caravan Ingredients, Inc.",69fdf20e8e25e7a0d918b96c,"tic851 - Pine Ridge Building 31 {PERG Corbion, LLC}",evidenceOfInsurance,Evidence of Insurance,workersCompensation,Workers' Compensation and Employer's Liability,evidenceOfInsuranceWorkersCompensationStatutoryLimits,Statutory Limits,,matchOnce,must be present,,Present,compliant,Block Requirements,,,false,1,,2026-08-16
"Block Real Estate Services, LLC",69fdf7b562446148bd85c47f,69fded1062446148bd848c3d,"Corbion / Caravan Ingredients, Inc.",69fdf20e8e25e7a0d918b96c,"tic851 - Pine Ridge Building 31 {PERG Corbion, LLC}",evidenceOfInsurance,Evidence of Insurance,workersCompensation,Workers' Compensation and Employer's Liability,evidenceOfInsuranceWorkersCompensationEmployersLiabilityEachAccident,Employer's Liability Each Accident,,matchOnce,must be greater or equal to,500000,1000000,compliant,Block Requirements,,,false,1,,2026-08-16
"Block Real Estate Services, LLC",69fdf7b562446148bd85c47f,69fded1062446148bd848c3d,"Corbion / Caravan Ingredients, Inc.",69fdf20e8e25e7a0d918b96c,"tic851 - Pine Ridge Building 31 {PERG Corbion, LLC}",evidenceOfInsurance,Evidence of Insurance,workersCompensation,Workers' Compensation and Employer's Liability,evidenceOfInsuranceWorkersCompensationEmployersLiabilityDiseaseEachEmployee,Employer's Liability Disease - each employee,,matchOnce,must be greater or equal to,500000,1000000,compliant,Block Requirements,,,false,1,,2026-08-16
"Block Real Estate Services, LLC",69fdf7b562446148bd85c47f,69fded1062446148bd848c3d,"Corbion / Caravan Ingredients, Inc.",69fdf20e8e25e7a0d918b96c,"tic851 - Pine Ridge Building 31 {PERG Corbion, LLC}",evidenceOfInsurance,Evidence of Insurance,workersCompensation,Workers' Compensation and Employer's Liability,evidenceOfInsuranceWorkersCompensationEmployersLiabilityDiseasePolicyLimit,Employer's Liability Disease - policy limit,,matchOnce,must be greater or equal to,500000,1000000,compliant,Block Requirements,,,false,1,,2026-08-16
"Block Real Estate Services, LLC",69fdf7b562446148bd85c47f,69fded1062446148bd848c3d,"Corbion / Caravan Ingredients, Inc.",69fdf20e8e25e7a0d918b96c,"tic851 - Pine Ridge Building 31 {PERG Corbion, LLC}",evidenceOfInsurance,Evidence of Insurance,workersCompensation,Workers' Compensation and Employer's Liability,evidenceOfInsuranceWorkersCompensationWaiverOfSubrogationEndorsement,Waiver of Subrogation,"---prompt---
Determine if the insurer has waived their right of subrogation in favor of the certificate holder under the Workers' Compensation policy. Evidence may include: a checked ""Waiver of Subrogation"" box on the certificate, mention in the Description of Operations section stating ""waiver of subrogation applies"", or reference to form WC 00 03 13. Look for language like ""subrogation is waived"" or ""per written contract"".",matchOnce,must be present,,Present,compliant,Block Requirements,,,false,1,,2026-08-16
"Block Real Estate Services, LLC",69fdf7b562446148bd85c47f,69fded1062446148bd848c3d,"Corbion / Caravan Ingredients, Inc.",69fdf20e8e25e7a0d918b96c,"tic851 - Pine Ridge Building 31 {PERG Corbion, LLC}",evidenceOfInsurance,Evidence of Insurance,6ac20aae-5728-5d57-b364-aeba38527dba,Additional Requirements,4da5b0f1-4c9d-5885-8cf8-5d3cccaed3e0,"Block Real Estate Services, LLC and all others required by contract are named as Additional Insureds","---prompt---
Determine if the Description of Operations or the Additional Remarks Schedule section states the ""Additional Insured as Construction Management, Inc. and all others required by contract"" or reference to blanket additional insured coverage. Look for language like ""certificate holder is additional insured"" or ""per written contract"".",matchOnce,must be present,,Present,compliant,Block Requirements,,,true,1,,2026-08-16
"Block Real Estate Services, LLC",69fdf7b562446148bd85c47f,69fded1062446148bd848c3d,"Corbion / Caravan Ingredients, Inc.",69fdf20e8e25e7a0d918b96c,"tic851 - Pine Ridge Building 31 {PERG Corbion, LLC}",evidenceOfInsurance,Evidence of Insurance,6ac20aae-5728-5d57-b364-aeba38527dba,Additional Requirements,e1017741-e47e-5f58-97b8-fbc3043e919f,Umbrella follows form over General Liability,"---prompt---
Determine if the Umbrella/Excess Liability policy follows form to the underlying policies. Evidence may include: language in the Description of Operations section stating the umbrella follows form to underlying coverages or an additional page endorsement stating that it follows form. Follow form means the umbrella policy adopts the same terms, conditions, and exclusions as the underlying policies.",matchOnce,must be present,,,non_compliant,Block Requirements,,,true,0,,2026-08-16
"Block Real Estate Services, LLC",69fdf7b562446148bd85c47f,69fded1062446148bd848c3d,"Corbion / Caravan Ingredients, Inc.",69fdf20e8e25e7a0d918b96c,"tic851 - Pine Ridge Building 31 {PERG Corbion, LLC}",evidenceOfInsurance,Evidence of Insurance,6ac20aae-5728-5d57-b364-aeba38527dba,Additional Requirements,2cdd866f-c9a4-576a-afd8-1d045762790c,The location must be listed as: 8250 - 8286 Flint Street Lenexa KS 66214,,matchOnce,must be present,,,non_compliant,Block Requirements,,,true,0,,2026-08-16
"Block Real Estate Services, LLC",69fdf7b562446148bd85c47f,69fded1062446148bd848c3d,"Corbion / Caravan Ingredients, Inc.",69fdf20e8e25e7a0d918b96c,"tic851 - Pine Ridge Building 31 {PERG Corbion, LLC}",evidenceOfInsurance,Evidence of Insurance,6ac20aae-5728-5d57-b364-aeba38527dba,Additional Requirements,3649e9d1-4e09-59bf-8f30-cb33c40cf117,"Certificate Holder must read: c/o Block Real Estate Services, LLC, 4622 Pennsylvania St., Suite 700, Kansas City, MO, 64112",,matchOnce,must be present,,Present,compliant,Block Requirements,,,true,1,,2026-08-16
"Block Real Estate Services, LLC",69fdf76e62446148bd8573ae,69fded1962446148bd848f04,KU Women's Health Specialty Centers / KU Gynocology and Obstetrical Foundation,69fdf00902bb2c42a87a0a88,"cm2757 - Corporate Medical Plaza II {CMP Building II, LLC}",evidenceOfInsurance,Evidence of Insurance,commercialGeneralLiability,Commercial General Liability,evidenceOfInsuranceCommercialGeneralLiabilityCoverageTriggerOccurrence,Coverage Trigger: Occurrence,,matchOnce,must be present,,,non_compliant,Block Requirements,,,false,0,,2026-08-16
"Block Real Estate Services, LLC",69fdf76e62446148bd8573ae,69fded1962446148bd848f04,KU Women's Health Specialty Centers / KU Gynocology and Obstetrical Foundation,69fdf00902bb2c42a87a0a88,"cm2757 - Corporate Medical Plaza II {CMP Building II, LLC}",evidenceOfInsurance,Evidence of Insurance,commercialGeneralLiability,Commercial General Liability,evidenceOfInsuranceCommercialGeneralLiabilityGeneralAggregateLimitAppliesPerLocation,General Aggregate Limit Applies per: Location,,matchOnce,must be present,,,non_compliant,Block Requirements,,,false,0,,2026-08-16
"Block Real Estate Services, LLC",69fdf76e62446148bd8573ae,69fded1962446148bd848f04,KU Women's Health Specialty Centers / KU Gynocology and Obstetrical Foundation,69fdf00902bb2c42a87a0a88,"cm2757 - Corporate Medical Plaza II {CMP Building II, LLC}",evidenceOfInsurance,Evidence of Insurance,commercialGeneralLiability,Commercial General Liability,evidenceOfInsuranceCommercialGeneralLiabilityEachOccurrence,Each Occurrence,,matchOnce,must be greater or equal to,1000000,,non_compliant,Block Requirements,,,false,0,,2026-08-16
"Block Real Estate Services, LLC",69fdf76e62446148bd8573ae,69fded1962446148bd848f04,KU Women's Health Specialty Centers / KU Gynocology and Obstetrical Foundation,69fdf00902bb2c42a87a0a88,"cm2757 - Corporate Medical Plaza II {CMP Building II, LLC}",evidenceOfInsurance,Evidence of Insurance,commercialGeneralLiability,Commercial General Liability,evidenceOfInsuranceCommercialGeneralLiabilityGeneralAggregate,General Aggregate,,matchOnce,must be greater or equal to,2000000,,non_compliant,Block Requirements,,,false,0,,2026-08-16
"Block Real Estate Services, LLC",69fdf76e62446148bd8573ae,69fded1962446148bd848f04,KU Women's Health Specialty Centers / KU Gynocology and Obstetrical Foundation,69fdf00902bb2c42a87a0a88,"cm2757 - Corporate Medical Plaza II {CMP Building II, LLC}",evidenceOfInsurance,Evidence of Insurance,commercialGeneralLiability,Commercial General Liability,evidenceOfInsuranceCommercialGeneralLiabilityWaiverOfSubrogationEndorsement,Waiver of Subrogation,"---prompt---
Determine if the insurer has waived their right of subrogation in favor of the certificate holder under the Commercial General Liability policy. Evidence may include: a checked ""Waiver of Subrogation"" box on the certificate, mention in the Description of Operations section stating ""waiver of subrogation applies"", or reference to form CG 24 04. Look for language like ""subrogation is waived"" or ""per written contract"".",matchOnce,must be present,,,non_compliant,Block Requirements,,,false,0,,2026-08-16
"Block Real Estate Services, LLC",69fdf76e62446148bd8573ae,69fded1962446148bd848f04,KU Women's Health Specialty Centers / KU Gynocology and Obstetrical Foundation,69fdf00902bb2c42a87a0a88,"cm2757 - Corporate Medical Plaza II {CMP Building II, LLC}",evidenceOfInsurance,Evidence of Insurance,excessOrUmbrellaLiability,Umbrella/Excess Liability,evidenceOfInsuranceExcessOrUmbrellaLiabilityOccurence,Coverage Trigger: Occurrence,,matchOnce,must be present,,,non_compliant,Block Requirements,,,false,0,,2026-08-16
"Block Real Estate Services, LLC",69fdf76e62446148bd8573ae,69fded1962446148bd848f04,KU Women's Health Specialty Centers / KU Gynocology and Obstetrical Foundation,69fdf00902bb2c42a87a0a88,"cm2757 - Corporate Medical Plaza II {CMP Building II, LLC}",evidenceOfInsurance,Evidence of Insurance,excessOrUmbrellaLiability,Umbrella/Excess Liability,evidenceOfInsuranceExcessOrUmbrellaLiabilityEachOccurrence,Each Occurrence,,matchOnce,must be greater or equal to,1000000,,non_compliant,Block Requirements,,,false,0,,2026-08-16
"Block Real Estate Services, LLC",69fdf76e62446148bd8573ae,69fded1962446148bd848f04,KU Women's Health Specialty Centers / KU Gynocology and Obstetrical Foundation,69fdf00902bb2c42a87a0a88,"cm2757 - Corporate Medical Plaza II {CMP Building II, LLC}",evidenceOfInsurance,Evidence of Insurance,excessOrUmbrellaLiability,Umbrella/Excess Liability,evidenceOfInsuranceExcessOrUmbrellaLiabilityAggregate,Aggregate,,matchOnce,must be greater or equal to,1000000,,non_compliant,Block Requirements,,,false,0,,2026-08-16
"Block Real Estate Services, LLC",69fdf76e62446148bd8573ae,69fded1962446148bd848f04,KU Women's Health Specialty Centers / KU Gynocology and Obstetrical Foundation,69fdf00902bb2c42a87a0a88,"cm2757 - Corporate Medical Plaza II {CMP Building II, LLC}",evidenceOfInsurance,Evidence of Insurance,workersCompensation,Workers' Compensation and Employer's Liability,evidenceOfInsuranceWorkersCompensationStatutoryLimits,Statutory Limits,,matchOnce,must be present,,,non_compliant,Block Requirements,,,false,0,,2026-08-16
"Block Real Estate Services, LLC",69fdf76e62446148bd8573ae,69fded1962446148bd848f04,KU Women's Health Specialty Centers / KU Gynocology and Obstetrical Foundation,69fdf00902bb2c42a87a0a88,"cm2757 - Corporate Medical Plaza II {CMP Building II, LLC}",evidenceOfInsurance,Evidence of Insurance,workersCompensation,Workers' Compensation and Employer's Liability,evidenceOfInsuranceWorkersCompensationEmployersLiabilityEachAccident,Employer's Liability Each Accident,,matchOnce,must be greater or equal to,500000,,non_compliant,Block Requirements,,,false,0,,2026-08-16
"Block Real Estate Services, LLC",69fdf76e62446148bd8573ae,69fded1962446148bd848f04,KU Women's Health Specialty Centers / KU Gynocology and Obstetrical Foundation,69fdf00902bb2c42a87a0a88,"cm2757 - Corporate Medical Plaza II {CMP Building II, LLC}",evidenceOfInsurance,Evidence of Insurance,workersCompensation,Workers' Compensation and Employer's Liability,evidenceOfInsuranceWorkersCompensationEmployersLiabilityDiseaseEachEmployee,Employer's Liability Disease - each employee,,matchOnce,must be greater or equal to,500000,,non_compliant,Block Requirements,,,false,0,,2026-08-16
"Block Real Estate Services, LLC",69fdf76e62446148bd8573ae,69fded1962446148bd848f04,KU Women's Health Specialty Centers / KU Gynocology and Obstetrical Foundation,69fdf00902bb2c42a87a0a88,"cm2757 - Corporate Medical Plaza II {CMP Building II, LLC}",evidenceOfInsurance,Evidence of Insurance,workersCompensation,Workers' Compensation and Employer's Liability,evidenceOfInsuranceWorkersCompensationEmployersLiabilityDiseasePolicyLimit,Employer's Liability Disease - policy limit,,matchOnce,must be greater or equal to,500000,,non_compliant,Block Requirements,,,false,0,,2026-08-16
"Block Real Estate Services, LLC",69fdf76e62446148bd8573ae,69fded1962446148bd848f04,KU Women's Health Specialty Centers / KU Gynocology and Obstetrical Foundation,69fdf00902bb2c42a87a0a88,"cm2757 - Corporate Medical Plaza II {CMP Building II, LLC}",evidenceOfInsurance,Evidence of Insurance,workersCompensation,Workers' Compensation and Employer's Liability,evidenceOfInsuranceWorkersCompensationWaiverOfSubrogationEndorsement,Waiver of Subrogation,"---prompt---
Determine if the insurer has waived their right of subrogation in favor of the certificate holder under the Workers' Compensation policy. Evidence may include: a checked ""Waiver of Subrogation"" box on the certificate, mention in the Description of Operations section stating ""waiver of subrogation applies"", or reference to form WC 00 03 13. Look for language like ""subrogation is waived"" or ""per written contract"".",matchOnce,must be present,,,non_compliant,Block Requirements,,,false,0,,2026-08-16
"Block Real Estate Services, LLC",69fdf76e62446148bd8573ae,69fded1962446148bd848f04,KU Women's Health Specialty Centers / KU Gynocology and Obstetrical Foundation,69fdf00902bb2c42a87a0a88,"cm2757 - Corporate Medical Plaza II {CMP Building II, LLC}",evidenceOfInsurance,Evidence of Insurance,6ac20aae-5728-5d57-b364-aeba38527dba,Additional Requirements,4da5b0f1-4c9d-5885-8cf8-5d3cccaed3e0,"Block Real Estate Services, LLC and all others required by contract are named as Additional Insureds","---prompt---
Determine if the Description of Operations or the Additional Remarks Schedule section states the ""Additional Insured as Construction Management, Inc. and all others required by contract"" or reference to blanket additional insured coverage. Look for language like ""certificate holder is additional insured"" or ""per written contract"".",matchOnce,must be present,,,non_compliant,Block Requirements,,,true,0,,2026-08-16
"Block Real Estate Services, LLC",69fdf76e62446148bd8573ae,69fded1962446148bd848f04,KU Women's Health Specialty Centers / KU Gynocology and Obstetrical Foundation,69fdf00902bb2c42a87a0a88,"cm2757 - Corporate Medical Plaza II {CMP Building II, LLC}",evidenceOfInsurance,Evidence of Insurance,6ac20aae-5728-5d57-b364-aeba38527dba,Additional Requirements,e1017741-e47e-5f58-97b8-fbc3043e919f,Umbrella follows form over General Liability,"---prompt---
Determine if the Umbrella/Excess Liability policy follows form to the underlying policies. Evidence may include: language in the Description of Operations section stating the umbrella follows form to underlying coverages or an additional page endorsement stating that it follows form. Follow form means the umbrella policy adopts the same terms, conditions, and exclusions as the underlying policies.",matchOnce,must be present,,,non_compliant,Block Requirements,,,true,0,,2026-08-16
"Block Real Estate Services, LLC",69fdf76e62446148bd8573ae,69fded1962446148bd848f04,KU Women's Health Specialty Centers / KU Gynocology and Obstetrical Foundation,69fdf00902bb2c42a87a0a88,"cm2757 - Corporate Medical Plaza II {CMP Building II, LLC}",evidenceOfInsurance,Evidence of Insurance,6ac20aae-5728-5d57-b364-aeba38527dba,Additional Requirements,2cdd866f-c9a4-576a-afd8-1d045762790c,"The location must be listed as: 10777 Nall Avenue, Suite 200, Overland Park, KS, 66211",,matchOnce,must be present,,,non_compliant,Block Requirements,,,true,0,,2026-08-16
"Block Real Estate Services, LLC",69fdf76e62446148bd8573ae,69fded1962446148bd848f04,KU Women's Health Specialty Centers / KU Gynocology and Obstetrical Foundation,69fdf00902bb2c42a87a0a88,"cm2757 - Corporate Medical Plaza II {CMP Building II, LLC}",evidenceOfInsurance,Evidence of Insurance,6ac20aae-5728-5d57-b364-aeba38527dba,Additional Requirements,3649e9d1-4e09-59bf-8f30-cb33c40cf117,"Certificate Holder must read: c/o Block Real Estate Services, LLC, 4622 Pennsylvania St., Suite 700, Kansas City, MO, 64112",,matchOnce,must be present,,,non_compliant,Block Requirements,,,true,0,,2026-08-16
"Block Real Estate Services, LLC",69fdf76e62446148bd8573af,69fded1962446148bd848f07,LabCorp / Laboratory Corporation of America Holdings,69fdf00902bb2c42a87a0a88,"cm2757 - Corporate Medical Plaza II {CMP Building II, LLC}",evidenceOfInsurance,Evidence of Insurance,commercialGeneralLiability,Commercial General Liability,evidenceOfInsuranceCommercialGeneralLiabilityCoverageTriggerOccurrence,Coverage Trigger: Occurrence,,matchOnce,must be present,,Present,compliant,Block Requirements,,,false,1,,2026-08-16
"Block Real Estate Services, LLC",69fdf76e62446148bd8573af,69fded1962446148bd848f07,LabCorp / Laboratory Corporation of America Holdings,69fdf00902bb2c42a87a0a88,"cm2757 - Corporate Medical Plaza II {CMP Building II, LLC}",evidenceOfInsurance,Evidence of Insurance,commercialGeneralLiability,Commercial General Liability,evidenceOfInsuranceCommercialGeneralLiabilityGeneralAggregateLimitAppliesPerLocation,General Aggregate Limit Applies per: Location,,matchOnce,must be present,,,waived,Block Requirements,"GL ""per location"" not a requirement in the lease",,false,0,,2026-08-16
"Block Real Estate Services, LLC",69fdf76e62446148bd8573af,69fded1962446148bd848f07,LabCorp / Laboratory Corporation of America Holdings,69fdf00902bb2c42a87a0a88,"cm2757 - Corporate Medical Plaza II {CMP Building II, LLC}",evidenceOfInsurance,Evidence of Insurance,commercialGeneralLiability,Commercial General Liability,evidenceOfInsuranceCommercialGeneralLiabilityEachOccurrence,Each Occurrence,,matchOnce,must be greater or equal to,1000000,1000000,compliant,Block Requirements,,,false,1,,2026-08-16
"Block Real Estate Services, LLC",69fdf76e62446148bd8573af,69fded1962446148bd848f07,LabCorp / Laboratory Corporation of America Holdings,69fdf00902bb2c42a87a0a88,"cm2757 - Corporate Medical Plaza II {CMP Building II, LLC}",evidenceOfInsurance,Evidence of Insurance,commercialGeneralLiability,Commercial General Liability,evidenceOfInsuranceCommercialGeneralLiabilityGeneralAggregate,General Aggregate,,matchOnce,must be greater or equal to,2000000,2000000,compliant,Block Requirements,,,false,1,,2026-08-16
"Block Real Estate Services, LLC",69fdf76e62446148bd8573af,69fded1962446148bd848f07,LabCorp / Laboratory Corporation of America Holdings,69fdf00902bb2c42a87a0a88,"cm2757 - Corporate Medical Plaza II {CMP Building II, LLC}",evidenceOfInsurance,Evidence of Insurance,commercialGeneralLiability,Commercial General Liability,evidenceOfInsuranceCommercialGeneralLiabilityWaiverOfSubrogationEndorsement,Waiver of Subrogation,"---prompt---
Determine if the insurer has waived their right of subrogation in favor of the certificate holder under the Commercial General Liability policy. Evidence may include: a checked ""Waiver of Subrogation"" box on the certificate, mention in the Description of Operations section stating ""waiver of subrogation applies"", or reference to form CG 24 04. Look for language like ""subrogation is waived"" or ""per written contract"".",matchOnce,must be present,,Present,compliant,Block Requirements,,,false,1,,2026-08-16
"Block Real Estate Services, LLC",69fdf76e62446148bd8573af,69fded1962446148bd848f07,LabCorp / Laboratory Corporation of America Holdings,69fdf00902bb2c42a87a0a88,"cm2757 - Corporate Medical Plaza II {CMP Building II, LLC}",evidenceOfInsurance,Evidence of Insurance,excessOrUmbrellaLiability,Umbrella/Excess Liability,evidenceOfInsuranceExcessOrUmbrellaLiabilityOccurence,Coverage Trigger: Occurrence,,matchOnce,must be present,,Present,compliant,Block Requirements,,,false,1,,2026-08-16
"Block Real Estate Services, LLC",69fdf76e62446148bd8573af,69fded1962446148bd848f07,LabCorp / Laboratory Corporation of America Holdings,69fdf00902bb2c42a87a0a88,"cm2757 - Corporate Medical Plaza II {CMP Building II, LLC}",evidenceOfInsurance,Evidence of Insurance,excessOrUmbrellaLiability,Umbrella/Excess Liability,evidenceOfInsuranceExcessOrUmbrellaLiabilityEachOccurrence,Each Occurrence,,matchOnce,must be greater or equal to,1000000,3000000,compliant,Block Requirements,,,false,1,,2026-08-16
"Block Real Estate Services, LLC",69fdf76e62446148bd8573af,69fded1962446148bd848f07,LabCorp / Laboratory Corporation of America Holdings,69fdf00902bb2c42a87a0a88,"cm2757 - Corporate Medical Plaza II {CMP Building II, LLC}",evidenceOfInsurance,Evidence of Insurance,excessOrUmbrellaLiability,Umbrella/Excess Liability,evidenceOfInsuranceExcessOrUmbrellaLiabilityAggregate,Aggregate,,matchOnce,must be greater or equal to,1000000,3000000,compliant,Block Requirements,,,false,1,,2026-08-16
"Block Real Estate Services, LLC",69fdf76e62446148bd8573af,69fded1962446148bd848f07,LabCorp / Laboratory Corporation of America Holdings,69fdf00902bb2c42a87a0a88,"cm2757 - Corporate Medical Plaza II {CMP Building II, LLC}",evidenceOfInsurance,Evidence of Insurance,workersCompensation,Workers' Compensation and Employer's Liability,evidenceOfInsuranceWorkersCompensationStatutoryLimits,Statutory Limits,,matchOnce,must be present,,Present,compliant,Block Requirements,,,false,1,,2026-08-16
"Block Real Estate Services, LLC",69fdf76e62446148bd8573af,69fded1962446148bd848f07,LabCorp / Laboratory Corporation of America Holdings,69fdf00902bb2c42a87a0a88,"cm2757 - Corporate Medical Plaza II {CMP Building II, LLC}",evidenceOfInsurance,Evidence of Insurance,workersCompensation,Workers' Compensation and Employer's Liability,evidenceOfInsuranceWorkersCompensationEmployersLiabilityEachAccident,Employer's Liability Each Accident,,matchOnce,must be greater or equal to,500000,1000000,compliant,Block Requirements,,,false,1,,2026-08-16
"Block Real Estate Services, LLC",69fdf76e62446148bd8573af,69fded1962446148bd848f07,LabCorp / Laboratory Corporation of America Holdings,69fdf00902bb2c42a87a0a88,"cm2757 - Corporate Medical Plaza II {CMP Building II, LLC}",evidenceOfInsurance,Evidence of Insurance,workersCompensation,Workers' Compensation and Employer's Liability,evidenceOfInsuranceWorkersCompensationEmployersLiabilityDiseaseEachEmployee,Employer's Liability Disease - each employee,,matchOnce,must be greater or equal to,500000,1000000,compliant,Block Requirements,,,false,1,,2026-08-16
"Block Real Estate Services, LLC",69fdf76e62446148bd8573af,69fded1962446148bd848f07,LabCorp / Laboratory Corporation of America Holdings,69fdf00902bb2c42a87a0a88,"cm2757 - Corporate Medical Plaza II {CMP Building II, LLC}",evidenceOfInsurance,Evidence of Insurance,workersCompensation,Workers' Compensation and Employer's Liability,evidenceOfInsuranceWorkersCompensationEmployersLiabilityDiseasePolicyLimit,Employer's Liability Disease - policy limit,,matchOnce,must be greater or equal to,500000,1000000,compliant,Block Requirements,,,false,1,,2026-08-16
"Block Real Estate Services, LLC",69fdf76e62446148bd8573af,69fded1962446148bd848f07,LabCorp / Laboratory Corporation of America Holdings,69fdf00902bb2c42a87a0a88,"cm2757 - Corporate Medical Plaza II {CMP Building II, LLC}",evidenceOfInsurance,Evidence of Insurance,workersCompensation,Workers' Compensation and Employer's Liability,evidenceOfInsuranceWorkersCompensationWaiverOfSubrogationEndorsement,Waiver of Subrogation,"---prompt---
Determine if the insurer has waived their right of subrogation in favor of the certificate holder under the Workers' Compensation policy. Evidence may include: a checked ""Waiver of Subrogation"" box on the certificate, mention in the Description of Operations section stating ""waiver of subrogation applies"", or reference to form WC 00 03 13. Look for language like ""subrogation is waived"" or ""per written contract"".",matchOnce,must be present,,Present,compliant,Block Requirements,,,false,1,,2026-08-16
"Block Real Estate Services, LLC",69fdf76e62446148bd8573af,69fded1962446148bd848f07,LabCorp / Laboratory Corporation of America Holdings,69fdf00902bb2c42a87a0a88,"cm2757 - Corporate Medical Plaza II {CMP Building II, LLC}",evidenceOfInsurance,Evidence of Insurance,6ac20aae-5728-5d57-b364-aeba38527dba,Additional Requirements,4da5b0f1-4c9d-5885-8cf8-5d3cccaed3e0,"Block Real Estate Services, LLC and all others required by contract are named as Additional Insureds","---prompt---
Determine if the Description of Operations or the Additional Remarks Schedule section states the ""Additional Insured as Construction Management, Inc. and all others required by contract"" or reference to blanket additional insured coverage. Look for language like ""certificate holder is additional insured"" or ""per written contract"".",matchOnce,must be present,,Present,compliant,Block Requirements,,,true,1,,2026-08-16
"Block Real Estate Services, LLC",69fdf76e62446148bd8573af,69fded1962446148bd848f07,LabCorp / Laboratory Corporation of America Holdings,69fdf00902bb2c42a87a0a88,"cm2757 - Corporate Medical Plaza II {CMP Building II, LLC}",evidenceOfInsurance,Evidence of Insurance,6ac20aae-5728-5d57-b364-aeba38527dba,Additional Requirements,e1017741-e47e-5f58-97b8-fbc3043e919f,Umbrella follows form over General Liability,"---prompt---
Determine if the Umbrella/Excess Liability policy follows form to the underlying policies. Evidence may include: language in the Description of Operations section stating the umbrella follows form to underlying coverages or an additional page endorsement stating that it follows form. Follow form means the umbrella policy adopts the same terms, conditions, and exclusions as the underlying policies.",matchOnce,must be present,,Present,compliant,Block Requirements,,,true,1,,2026-08-16
"Block Real Estate Services, LLC",69fdf76e62446148bd8573af,69fded1962446148bd848f07,LabCorp / Laboratory Corporation of America Holdings,69fdf00902bb2c42a87a0a88,"cm2757 - Corporate Medical Plaza II {CMP Building II, LLC}",evidenceOfInsurance,Evidence of Insurance,6ac20aae-5728-5d57-b364-aeba38527dba,Additional Requirements,2cdd866f-c9a4-576a-afd8-1d045762790c,"The location must be listed as: 10777 Nall Avenue, Suite 160, Overland Park, KS, 66211",,matchOnce,must be present,,Present,compliant,Block Requirements,,,true,1,,2026-08-16
"Block Real Estate Services, LLC",69fdf76e62446148bd8573af,69fded1962446148bd848f07,LabCorp / Laboratory Corporation of America Holdings,69fdf00902bb2c42a87a0a88,"cm2757 - Corporate Medical Plaza II {CMP Building II, LLC}",evidenceOfInsurance,Evidence of Insurance,6ac20aae-5728-5d57-b364-aeba38527dba,Additional Requirements,3649e9d1-4e09-59bf-8f30-cb33c40cf117,"Certificate Holder must read: c/o Block Real Estate Services, LLC, 4622 Pennsylvania St., Suite 700, Kansas City, MO, 64112",,matchOnce,must be present,,Present,compliant,Block Requirements,,,true,1,,2026-08-16
"Block Real Estate Services, LLC",69fdf76e62446148bd8573ac,69fded1062446148bd848c40,"APEX / KC Orthopedic Institute (fka Carondelet Orthopedic Surgeons, PA)",69fdf00902bb2c42a87a0a88,"cm2757 - Corporate Medical Plaza II {CMP Building II, LLC}",evidenceOfInsurance,Evidence of Insurance,commercialGeneralLiability,Commercial General Liability,evidenceOfInsuranceCommercialGeneralLiabilityCoverageTriggerOccurrence,Coverage Trigger: Occurrence,,matchOnce,must be present,,Present,compliant,Block Requirements,,,false,1,,2026-08-16
"Block Real Estate Services, LLC",69fdf76e62446148bd8573ac,69fded1062446148bd848c40,"APEX / KC Orthopedic Institute (fka Carondelet Orthopedic Surgeons, PA)",69fdf00902bb2c42a87a0a88,"cm2757 - Corporate Medical Plaza II {CMP Building II, LLC}",evidenceOfInsurance,Evidence of Insurance,commercialGeneralLiability,Commercial General Liability,evidenceOfInsuranceCommercialGeneralLiabilityGeneralAggregateLimitAppliesPerLocation,General Aggregate Limit Applies per: Location,,matchOnce,must be present,,,waived,Block Requirements,Per location not a requirement in the lease,,false,0,,2026-08-16
"Block Real Estate Services, LLC",69fdf76e62446148bd8573ac,69fded1062446148bd848c40,"APEX / KC Orthopedic Institute (fka Carondelet Orthopedic Surgeons, PA)",69fdf00902bb2c42a87a0a88,"cm2757 - Corporate Medical Plaza II {CMP Building II, LLC}",evidenceOfInsurance,Evidence of Insurance,commercialGeneralLiability,Commercial General Liability,evidenceOfInsuranceCommercialGeneralLiabilityEachOccurrence,Each Occurrence,,matchOnce,must be greater or equal to,1000000,1000000,compliant,Block Requirements,,,false,1,,2026-08-16
"Block Real Estate Services, LLC",69fdf76e62446148bd8573ac,69fded1062446148bd848c40,"APEX / KC Orthopedic Institute (fka Carondelet Orthopedic Surgeons, PA)",69fdf00902bb2c42a87a0a88,"cm2757 - Corporate Medical Plaza II {CMP Building II, LLC}",evidenceOfInsurance,Evidence of Insurance,commercialGeneralLiability,Commercial General Liability,evidenceOfInsuranceCommercialGeneralLiabilityGeneralAggregate,General Aggregate,,matchOnce,must be greater or equal to,2000000,2000000,compliant,Block Requirements,,,false,1,,2026-08-16
"Block Real Estate Services, LLC",69fdf76e62446148bd8573ac,69fded1062446148bd848c40,"APEX / KC Orthopedic Institute (fka Carondelet Orthopedic Surgeons, PA)",69fdf00902bb2c42a87a0a88,"cm2757 - Corporate Medical Plaza II {CMP Building II, LLC}",evidenceOfInsurance,Evidence of Insurance,commercialGeneralLiability,Commercial General Liability,evidenceOfInsuranceCommercialGeneralLiabilityWaiverOfSubrogationEndorsement,Waiver of Subrogation,"---prompt---
Determine if the insurer has waived their right of subrogation in favor of the certificate holder under the Commercial General Liability policy. Evidence may include: a checked ""Waiver of Subrogation"" box on the certificate, mention in the Description of Operations section stating ""waiver of subrogation applies"", or reference to form CG 24 04. Look for language like ""subrogation is waived"" or ""per written contract"".",matchOnce,must be present,,Present,compliant,Block Requirements,,,false,1,,2026-08-16
"Block Real Estate Services, LLC",69fdf76e62446148bd8573ac,69fded1062446148bd848c40,"APEX / KC Orthopedic Institute (fka Carondelet Orthopedic Surgeons, PA)",69fdf00902bb2c42a87a0a88,"cm2757 - Corporate Medical Plaza II {CMP Building II, LLC}",evidenceOfInsurance,Evidence of Insurance,excessOrUmbrellaLiability,Umbrella/Excess Liability,evidenceOfInsuranceExcessOrUmbrellaLiabilityOccurence,Coverage Trigger: Occurrence,,matchOnce,must be present,,Present,waived,Block Requirements,,,false,1,,2026-08-16
"Block Real Estate Services, LLC",69fdf76e62446148bd8573ac,69fded1062446148bd848c40,"APEX / KC Orthopedic Institute (fka Carondelet Orthopedic Surgeons, PA)",69fdf00902bb2c42a87a0a88,"cm2757 - Corporate Medical Plaza II {CMP Building II, LLC}",evidenceOfInsurance,Evidence of Insurance,excessOrUmbrellaLiability,Umbrella/Excess Liability,evidenceOfInsuranceExcessOrUmbrellaLiabilityEachOccurrence,Each Occurrence,,matchOnce,must be greater or equal to,1000000,3000000,waived,Block Requirements,,,false,1,,2026-08-16
"Block Real Estate Services, LLC",69fdf76e62446148bd8573ac,69fded1062446148bd848c40,"APEX / KC Orthopedic Institute (fka Carondelet Orthopedic Surgeons, PA)",69fdf00902bb2c42a87a0a88,"cm2757 - Corporate Medical Plaza II {CMP Building II, LLC}",evidenceOfInsurance,Evidence of Insurance,excessOrUmbrellaLiability,Umbrella/Excess Liability,evidenceOfInsuranceExcessOrUmbrellaLiabilityAggregate,Aggregate,,matchOnce,must be greater or equal to,1000000,3000000,waived,Block Requirements,,,false,1,,2026-08-16
"Block Real Estate Services, LLC",69fdf76e62446148bd8573ac,69fded1062446148bd848c40,"APEX / KC Orthopedic Institute (fka Carondelet Orthopedic Surgeons, PA)",69fdf00902bb2c42a87a0a88,"cm2757 - Corporate Medical Plaza II {CMP Building II, LLC}",evidenceOfInsurance,Evidence of Insurance,workersCompensation,Workers' Compensation and Employer's Liability,evidenceOfInsuranceWorkersCompensationStatutoryLimits,Statutory Limits,,matchOnce,must be present,,Present,waived,Block Requirements,,,false,1,,2026-08-16
"Block Real Estate Services, LLC",69fdf76e62446148bd8573ac,69fded1062446148bd848c40,"APEX / KC Orthopedic Institute (fka Carondelet Orthopedic Surgeons, PA)",69fdf00902bb2c42a87a0a88,"cm2757 - Corporate Medical Plaza II {CMP Building II, LLC}",evidenceOfInsurance,Evidence of Insurance,workersCompensation,Workers' Compensation and Employer's Liability,evidenceOfInsuranceWorkersCompensationEmployersLiabilityEachAccident,Employer's Liability Each Accident,,matchOnce,must be greater or equal to,500000,1000000,waived,Block Requirements,,,false,1,,2026-08-16
"Block Real Estate Services, LLC",69fdf76e62446148bd8573ac,69fded1062446148bd848c40,"APEX / KC Orthopedic Institute (fka Carondelet Orthopedic Surgeons, PA)",69fdf00902bb2c42a87a0a88,"cm2757 - Corporate Medical Plaza II {CMP Building II, LLC}",evidenceOfInsurance,Evidence of Insurance,workersCompensation,Workers' Compensation and Employer's Liability,evidenceOfInsuranceWorkersCompensationEmployersLiabilityDiseaseEachEmployee,Employer's Liability Disease - each employee,,matchOnce,must be greater or equal to,500000,1000000,waived,Block Requirements,,,false,1,,2026-08-16
"Block Real Estate Services, LLC",69fdf76e62446148bd8573ac,69fded1062446148bd848c40,"APEX / KC Orthopedic Institute (fka Carondelet Orthopedic Surgeons, PA)",69fdf00902bb2c42a87a0a88,"cm2757 - Corporate Medical Plaza II {CMP Building II, LLC}",evidenceOfInsurance,Evidence of Insurance,workersCompensation,Workers' Compensation and Employer's Liability,evidenceOfInsuranceWorkersCompensationEmployersLiabilityDiseasePolicyLimit,Employer's Liability Disease - policy limit,,matchOnce,must be greater or equal to,500000,1000000,waived,Block Requirements,,,false,1,,2026-08-16
"Block Real Estate Services, LLC",69fdf76e62446148bd8573ac,69fded1062446148bd848c40,"APEX / KC Orthopedic Institute (fka Carondelet Orthopedic Surgeons, PA)",69fdf00902bb2c42a87a0a88,"cm2757 - Corporate Medical Plaza II {CMP Building II, LLC}",evidenceOfInsurance,Evidence of Insurance,workersCompensation,Workers' Compensation and Employer's Liability,evidenceOfInsuranceWorkersCompensationWaiverOfSubrogationEndorsement,Waiver of Subrogation,"---prompt---
Determine if the insurer has waived their right of subrogation in favor of the certificate holder under the Workers' Compensation policy. Evidence may include: a checked ""Waiver of Subrogation"" box on the certificate, mention in the Description of Operations section stating ""waiver of subrogation applies"", or reference to form WC 00 03 13. Look for language like ""subrogation is waived"" or ""per written contract"".",matchOnce,must be present,,,waived,Block Requirements,,,false,0,,2026-08-16
"Block Real Estate Services, LLC",69fdf76e62446148bd8573ac,69fded1062446148bd848c40,"APEX / KC Orthopedic Institute (fka Carondelet Orthopedic Surgeons, PA)",69fdf00902bb2c42a87a0a88,"cm2757 - Corporate Medical Plaza II {CMP Building II, LLC}",evidenceOfInsurance,Evidence of Insurance,6ac20aae-5728-5d57-b364-aeba38527dba,Additional Requirements,4da5b0f1-4c9d-5885-8cf8-5d3cccaed3e0,"Block Real Estate Services, LLC and all others required by contract are named as Additional Insureds","---prompt---
Determine if the Description of Operations or the Additional Remarks Schedule section states the ""Additional Insured as Construction Management, Inc. and all others required by contract"" or reference to blanket additional insured coverage. Look for language like ""certificate holder is additional insured"" or ""per written contract"".",matchOnce,must be present,,Present,compliant,Block Requirements,,,true,1,,2026-08-16
"Block Real Estate Services, LLC",69fdf76e62446148bd8573ac,69fded1062446148bd848c40,"APEX / KC Orthopedic Institute (fka Carondelet Orthopedic Surgeons, PA)",69fdf00902bb2c42a87a0a88,"cm2757 - Corporate Medical Plaza II {CMP Building II, LLC}",evidenceOfInsurance,Evidence of Insurance,6ac20aae-5728-5d57-b364-aeba38527dba,Additional Requirements,e1017741-e47e-5f58-97b8-fbc3043e919f,Umbrella follows form over General Liability,"---prompt---
Determine if the Umbrella/Excess Liability policy follows form to the underlying policies. Evidence may include: language in the Description of Operations section stating the umbrella follows form to underlying coverages or an additional page endorsement stating that it follows form. Follow form means the umbrella policy adopts the same terms, conditions, and exclusions as the underlying policies.",matchOnce,must be present,,,waived,Block Requirements,Umbrella Liability not a requirement in the lease,,true,0,,2026-08-16
"Block Real Estate Services, LLC",69fdf76e62446148bd8573ac,69fded1062446148bd848c40,"APEX / KC Orthopedic Institute (fka Carondelet Orthopedic Surgeons, PA)",69fdf00902bb2c42a87a0a88,"cm2757 - Corporate Medical Plaza II {CMP Building II, LLC}",evidenceOfInsurance,Evidence of Insurance,6ac20aae-5728-5d57-b364-aeba38527dba,Additional Requirements,2cdd866f-c9a4-576a-afd8-1d045762790c,"The location must be listed as: 10777 Nall Avenue, Suite 300, 320, Overland Park, KS, 66211",,matchOnce,must be present,,Present,compliant,Block Requirements,,,true,1,,2026-08-16
"Block Real Estate Services, LLC",69fdf76e62446148bd8573ac,69fded1062446148bd848c40,"APEX / KC Orthopedic Institute (fka Carondelet Orthopedic Surgeons, PA)",69fdf00902bb2c42a87a0a88,"cm2757 - Corporate Medical Plaza II {CMP Building II, LLC}",evidenceOfInsurance,Evidence of Insurance,6ac20aae-5728-5d57-b364-aeba38527dba,Additional Requirements,3649e9d1-4e09-59bf-8f30-cb33c40cf117,"Certificate Holder must read: c/o Block Real Estate Services, LLC, 4622 Pennsylvania St., Suite 700, Kansas City, MO, 64112",,matchOnce,must be present,,Present,compliant,Block Requirements,,,true,1,,2026-08-16
"Block Real Estate Services, LLC",69fdf76e62446148bd8573b1,69fded1b62446148bd848fa3,"Metro Spine & Rehab PA (Dr. Galate) / Precision Spine & Orthopedic Specialists, LLC",69fdf00902bb2c42a87a0a88,"cm2757 - Corporate Medical Plaza II {CMP Building II, LLC}",evidenceOfInsurance,Evidence of Insurance,commercialGeneralLiability,Commercial General Liability,evidenceOfInsuranceCommercialGeneralLiabilityCoverageTriggerOccurrence,Coverage Trigger: Occurrence,,matchOnce,must be present,,,non_compliant,Block Requirements,,,false,0,,2026-08-16
"Block Real Estate Services, LLC",69fdf76e62446148bd8573b1,69fded1b62446148bd848fa3,"Metro Spine & Rehab PA (Dr. Galate) / Precision Spine & Orthopedic Specialists, LLC",69fdf00902bb2c42a87a0a88,"cm2757 - Corporate Medical Plaza II {CMP Building II, LLC}",evidenceOfInsurance,Evidence of Insurance,commercialGeneralLiability,Commercial General Liability,evidenceOfInsuranceCommercialGeneralLiabilityGeneralAggregateLimitAppliesPerLocation,General Aggregate Limit Applies per: Location,,matchOnce,must be present,,,non_compliant,Block Requirements,,,false,0,,2026-08-16
"Block Real Estate Services, LLC",69fdf76e62446148bd8573b1,69fded1b62446148bd848fa3,"Metro Spine & Rehab PA (Dr. Galate) / Precision Spine & Orthopedic Specialists, LLC",69fdf00902bb2c42a87a0a88,"cm2757 - Corporate Medical Plaza II {CMP Building II, LLC}",evidenceOfInsurance,Evidence of Insurance,commercialGeneralLiability,Commercial General Liability,evidenceOfInsuranceCommercialGeneralLiabilityEachOccurrence,Each Occurrence,,matchOnce,must be greater or equal to,1000000,,non_compliant,Block Requirements,,,false,0,,2026-08-16
"Block Real Estate Services, LLC",69fdf76e62446148bd8573b1,69fded1b62446148bd848fa3,"Metro Spine & Rehab PA (Dr. Galate) / Precision Spine & Orthopedic Specialists, LLC",69fdf00902bb2c42a87a0a88,"cm2757 - Corporate Medical Plaza II {CMP Building II, LLC}",evidenceOfInsurance,Evidence of Insurance,commercialGeneralLiability,Commercial General Liability,evidenceOfInsuranceCommercialGeneralLiabilityGeneralAggregate,General Aggregate,,matchOnce,must be greater or equal to,2000000,,non_compliant,Block Requirements,,,false,0,,2026-08-16
"Block Real Estate Services, LLC",69fdf76e62446148bd8573b1,69fded1b62446148bd848fa3,"Metro Spine & Rehab PA (Dr. Galate) / Precision Spine & Orthopedic Specialists, LLC",69fdf00902bb2c42a87a0a88,"cm2757 - Corporate Medical Plaza II {CMP Building II, LLC}",evidenceOfInsurance,Evidence of Insurance,commercialGeneralLiability,Commercial General Liability,evidenceOfInsuranceCommercialGeneralLiabilityWaiverOfSubrogationEndorsement,Waiver of Subrogation,"---prompt---
Determine if the insurer has waived their right of subrogation in favor of the certificate holder under the Commercial General Liability policy. Evidence may include: a checked ""Waiver of Subrogation"" box on the certificate, mention in the Description of Operations section stating ""waiver of subrogation applies"", or reference to form CG 24 04. Look for language like ""subrogation is waived"" or ""per written contract"".",matchOnce,must be present,,,non_compliant,Block Requirements,,,false,0,,2026-08-16
"Block Real Estate Services, LLC",69fdf76e62446148bd8573b1,69fded1b62446148bd848fa3,"Metro Spine & Rehab PA (Dr. Galate) / Precision Spine & Orthopedic Specialists, LLC",69fdf00902bb2c42a87a0a88,"cm2757 - Corporate Medical Plaza II {CMP Building II, LLC}",evidenceOfInsurance,Evidence of Insurance,excessOrUmbrellaLiability,Umbrella/Excess Liability,evidenceOfInsuranceExcessOrUmbrellaLiabilityOccurence,Coverage Trigger: Occurrence,,matchOnce,must be present,,,non_compliant,Block Requirements,,,false,0,,2026-08-16
"Block Real Estate Services, LLC",69fdf76e62446148bd8573b1,69fded1b62446148bd848fa3,"Metro Spine & Rehab PA (Dr. Galate) / Precision Spine & Orthopedic Specialists, LLC",69fdf00902bb2c42a87a0a88,"cm2757 - Corporate Medical Plaza II {CMP Building II, LLC}",evidenceOfInsurance,Evidence of Insurance,excessOrUmbrellaLiability,Umbrella/Excess Liability,evidenceOfInsuranceExcessOrUmbrellaLiabilityEachOccurrence,Each Occurrence,,matchOnce,must be greater or equal to,1000000,,non_compliant,Block Requirements,,,false,0,,2026-08-16
"Block Real Estate Services, LLC",69fdf76e62446148bd8573b1,69fded1b62446148bd848fa3,"Metro Spine & Rehab PA (Dr. Galate) / Precision Spine & Orthopedic Specialists, LLC",69fdf00902bb2c42a87a0a88,"cm2757 - Corporate Medical Plaza II {CMP Building II, LLC}",evidenceOfInsurance,Evidence of Insurance,excessOrUmbrellaLiability,Umbrella/Excess Liability,evidenceOfInsuranceExcessOrUmbrellaLiabilityAggregate,Aggregate,,matchOnce,must be greater or equal to,1000000,,non_compliant,Block Requirements,,,false,0,,2026-08-16
"Block Real Estate Services, LLC",69fdf76e62446148bd8573b1,69fded1b62446148bd848fa3,"Metro Spine & Rehab PA (Dr. Galate) / Precision Spine & Orthopedic Specialists, LLC",69fdf00902bb2c42a87a0a88,"cm2757 - Corporate Medical Plaza II {CMP Building II, LLC}",evidenceOfInsurance,Evidence of Insurance,workersCompensation,Workers' Compensation and Employer's Liability,evidenceOfInsuranceWorkersCompensationStatutoryLimits,Statutory Limits,,matchOnce,must be present,,,non_compliant,Block Requirements,,,false,0,,2026-08-16
"Block Real Estate Services, LLC",69fdf76e62446148bd8573b1,69fded1b62446148bd848fa3,"Metro Spine & Rehab PA (Dr. Galate) / Precision Spine & Orthopedic Specialists, LLC",69fdf00902bb2c42a87a0a88,"cm2757 - Corporate Medical Plaza II {CMP Building II, LLC}",evidenceOfInsurance,Evidence of Insurance,workersCompensation,Workers' Compensation and Employer's Liability,evidenceOfInsuranceWorkersCompensationEmployersLiabilityEachAccident,Employer's Liability Each Accident,,matchOnce,must be greater or equal to,500000,,non_compliant,Block Requirements,,,false,0,,2026-08-16
"Block Real Estate Services, LLC",69fdf76e62446148bd8573b1,69fded1b62446148bd848fa3,"Metro Spine & Rehab PA (Dr. Galate) / Precision Spine & Orthopedic Specialists, LLC",69fdf00902bb2c42a87a0a88,"cm2757 - Corporate Medical Plaza II {CMP Building II, LLC}",evidenceOfInsurance,Evidence of Insurance,workersCompensation,Workers' Compensation and Employer's Liability,evidenceOfInsuranceWorkersCompensationEmployersLiabilityDiseaseEachEmployee,Employer's Liability Disease - each employee,,matchOnce,must be greater or equal to,500000,,non_compliant,Block Requirements,,,false,0,,2026-08-16
"Block Real Estate Services, LLC",69fdf76e62446148bd8573b1,69fded1b62446148bd848fa3,"Metro Spine & Rehab PA (Dr. Galate) / Precision Spine & Orthopedic Specialists, LLC",69fdf00902bb2c42a87a0a88,"cm2757 - Corporate Medical Plaza II {CMP Building II, LLC}",evidenceOfInsurance,Evidence of Insurance,workersCompensation,Workers' Compensation and Employer's Liability,evidenceOfInsuranceWorkersCompensationEmployersLiabilityDiseasePolicyLimit,Employer's Liability Disease - policy limit,,matchOnce,must be greater or equal to,500000,,non_compliant,Block Requirements,,,false,0,,2026-08-16
"Block Real Estate Services, LLC",69fdf76e62446148bd8573b1,69fded1b62446148bd848fa3,"Metro Spine & Rehab PA (Dr. Galate) / Precision Spine & Orthopedic Specialists, LLC",69fdf00902bb2c42a87a0a88,"cm2757 - Corporate Medical Plaza II {CMP Building II, LLC}",evidenceOfInsurance,Evidence of Insurance,workersCompensation,Workers' Compensation and Employer's Liability,evidenceOfInsuranceWorkersCompensationWaiverOfSubrogationEndorsement,Waiver of Subrogation,"---prompt---
Determine if the insurer has waived their right of subrogation in favor of the certificate holder under the Workers' Compensation policy. Evidence may include: a checked ""Waiver of Subrogation"" box on the certificate, mention in the Description of Operations section stating ""waiver of subrogation applies"", or reference to form WC 00 03 13. Look for language like ""subrogation is waived"" or ""per written contract"".",matchOnce,must be present,,,non_compliant,Block Requirements,,,false,0,,2026-08-16
"Block Real Estate Services, LLC",69fdf76e62446148bd8573b1,69fded1b62446148bd848fa3,"Metro Spine & Rehab PA (Dr. Galate) / Precision Spine & Orthopedic Specialists, LLC",69fdf00902bb2c42a87a0a88,"cm2757 - Corporate Medical Plaza II {CMP Building II, LLC}",evidenceOfInsurance,Evidence of Insurance,6ac20aae-5728-5d57-b364-aeba38527dba,Additional Requirements,4da5b0f1-4c9d-5885-8cf8-5d3cccaed3e0,"Block Real Estate Services, LLC and all others required by contract are named as Additional Insureds","---prompt---
Determine if the Description of Operations or the Additional Remarks Schedule section states the ""Additional Insured as Construction Management, Inc. and all others required by contract"" or reference to blanket additional insured coverage. Look for language like ""certificate holder is additional insured"" or ""per written contract"".",matchOnce,must be present,,,non_compliant,Block Requirements,,,true,0,,2026-08-16
"Block Real Estate Services, LLC",69fdf76e62446148bd8573b1,69fded1b62446148bd848fa3,"Metro Spine & Rehab PA (Dr. Galate) / Precision Spine & Orthopedic Specialists, LLC",69fdf00902bb2c42a87a0a88,"cm2757 - Corporate Medical Plaza II {CMP Building II, LLC}",evidenceOfInsurance,Evidence of Insurance,6ac20aae-5728-5d57-b364-aeba38527dba,Additional Requirements,e1017741-e47e-5f58-97b8-fbc3043e919f,Umbrella follows form over General Liability,"---prompt---
Determine if the Umbrella/Excess Liability policy follows form to the underlying policies. Evidence may include: language in the Description of Operations section stating the umbrella follows form to underlying coverages or an additional page endorsement stating that it follows form. Follow form means the umbrella policy adopts the same terms, conditions, and exclusions as the underlying policies.",matchOnce,must be present,,,non_compliant,Block Requirements,,,true,0,,2026-08-16
"Block Real Estate Services, LLC",69fdf76e62446148bd8573b1,69fded1b62446148bd848fa3,"Metro Spine & Rehab PA (Dr. Galate) / Precision Spine & Orthopedic Specialists, LLC",69fdf00902bb2c42a87a0a88,"cm2757 - Corporate Medical Plaza II {CMP Building II, LLC}",evidenceOfInsurance,Evidence of Insurance,6ac20aae-5728-5d57-b364-aeba38527dba,Additional Requirements,2cdd866f-c9a4-576a-afd8-1d045762790c,"The location must be listed as: 10777 Nall Avenue, Suite 120, Overland Park, KS, 66211",,matchOnce,must be present,,,non_compliant,Block Requirements,,,true,0,,2026-08-16
"Block Real Estate Services, LLC",69fdf76e62446148bd8573b1,69fded1b62446148bd848fa3,"Metro Spine & Rehab PA (Dr. Galate) / Precision Spine & Orthopedic Specialists, LLC",69fdf00902bb2c42a87a0a88,"cm2757 - Corporate Medical Plaza II {CMP Building II, LLC}",evidenceOfInsurance,Evidence of Insurance,6ac20aae-5728-5d57-b364-aeba38527dba,Additional Requirements,3649e9d1-4e09-59bf-8f30-cb33c40cf117,"Certificate Holder must read: c/o Block Real Estate Services, LLC, 4622 Pennsylvania St., Suite 700, Kansas City, MO, 64112",,matchOnce,must be present,,,non_compliant,Block Requirements,,,true,0,,2026-08-16
"Block Real Estate Services, LLC",69fdf76e62446148bd8573ad,69fded1262446148bd848d0c,Dermatology Consultants,69fdf00902bb2c42a87a0a88,"cm2757 - Corporate Medical Plaza II {CMP Building II, LLC}",evidenceOfInsurance,Evidence of Insurance,commercialGeneralLiability,Commercial General Liability,evidenceOfInsuranceCommercialGeneralLiabilityCoverageTriggerOccurrence,Coverage Trigger: Occurrence,,matchOnce,must be present,,Present,compliant,Block Requirements,,,false,1,,2026-08-16
"Block Real Estate Services, LLC",69fdf76e62446148bd8573ad,69fded1262446148bd848d0c,Dermatology Consultants,69fdf00902bb2c42a87a0a88,"cm2757 - Corporate Medical Plaza II {CMP Building II, LLC}",evidenceOfInsurance,Evidence of Insurance,commercialGeneralLiability,Commercial General Liability,evidenceOfInsuranceCommercialGeneralLiabilityGeneralAggregateLimitAppliesPerLocation,General Aggregate Limit Applies per: Location,,matchOnce,must be present,,,waived,Block Requirements,Per location not a requirement in the lease,,false,0,,2026-08-16
"Block Real Estate Services, LLC",69fdf76e62446148bd8573ad,69fded1262446148bd848d0c,Dermatology Consultants,69fdf00902bb2c42a87a0a88,"cm2757 - Corporate Medical Plaza II {CMP Building II, LLC}",evidenceOfInsurance,Evidence of Insurance,commercialGeneralLiability,Commercial General Liability,evidenceOfInsuranceCommercialGeneralLiabilityEachOccurrence,Each Occurrence,,matchOnce,must be greater or equal to,1000000,1000000,compliant,Block Requirements,,,false,1,,2026-08-16
"Block Real Estate Services, LLC",69fdf76e62446148bd8573ad,69fded1262446148bd848d0c,Dermatology Consultants,69fdf00902bb2c42a87a0a88,"cm2757 - Corporate Medical Plaza II {CMP Building II, LLC}",evidenceOfInsurance,Evidence of Insurance,commercialGeneralLiability,Commercial General Liability,evidenceOfInsuranceCommercialGeneralLiabilityGeneralAggregate,General Aggregate,,matchOnce,must be greater or equal to,2000000,2000000,compliant,Block Requirements,,,false,1,,2026-08-16
"Block Real Estate Services, LLC",69fdf76e62446148bd8573ad,69fded1262446148bd848d0c,Dermatology Consultants,69fdf00902bb2c42a87a0a88,"cm2757 - Corporate Medical Plaza II {CMP Building II, LLC}",evidenceOfInsurance,Evidence of Insurance,commercialGeneralLiability,Commercial General Liability,evidenceOfInsuranceCommercialGeneralLiabilityWaiverOfSubrogationEndorsement,Waiver of Subrogation,"---prompt---
Determine if the insurer has waived their right of subrogation in favor of the certificate holder under the Commercial General Liability policy. Evidence may include: a checked ""Waiver of Subrogation"" box on the certificate, mention in the Description of Operations section stating ""waiver of subrogation applies"", or reference to form CG 24 04. Look for language like ""subrogation is waived"" or ""per written contract"".",matchOnce,must be present,,Present,compliant,Block Requirements,,,false,1,,2026-08-16
"Block Real Estate Services, LLC",69fdf76e62446148bd8573ad,69fded1262446148bd848d0c,Dermatology Consultants,69fdf00902bb2c42a87a0a88,"cm2757 - Corporate Medical Plaza II {CMP Building II, LLC}",evidenceOfInsurance,Evidence of Insurance,excessOrUmbrellaLiability,Umbrella/Excess Liability,evidenceOfInsuranceExcessOrUmbrellaLiabilityOccurence,Coverage Trigger: Occurrence,,matchOnce,must be present,,,waived,Block Requirements,,,false,0,,2026-08-16
"Block Real Estate Services, LLC",69fdf76e62446148bd8573ad,69fded1262446148bd848d0c,Dermatology Consultants,69fdf00902bb2c42a87a0a88,"cm2757 - Corporate Medical Plaza II {CMP Building II, LLC}",evidenceOfInsurance,Evidence of Insurance,excessOrUmbrellaLiability,Umbrella/Excess Liability,evidenceOfInsuranceExcessOrUmbrellaLiabilityEachOccurrence,Each Occurrence,,matchOnce,must be greater or equal to,1000000,1000000,waived,Block Requirements,,,false,1,,2026-08-16
"Block Real Estate Services, LLC",69fdf76e62446148bd8573ad,69fded1262446148bd848d0c,Dermatology Consultants,69fdf00902bb2c42a87a0a88,"cm2757 - Corporate Medical Plaza II {CMP Building II, LLC}",evidenceOfInsurance,Evidence of Insurance,excessOrUmbrellaLiability,Umbrella/Excess Liability,evidenceOfInsuranceExcessOrUmbrellaLiabilityAggregate,Aggregate,,matchOnce,must be greater or equal to,1000000,1000000,waived,Block Requirements,,,false,1,,2026-08-16
"Block Real Estate Services, LLC",69fdf76e62446148bd8573ad,69fded1262446148bd848d0c,Dermatology Consultants,69fdf00902bb2c42a87a0a88,"cm2757 - Corporate Medical Plaza II {CMP Building II, LLC}",evidenceOfInsurance,Evidence of Insurance,workersCompensation,Workers' Compensation and Employer's Liability,evidenceOfInsuranceWorkersCompensationStatutoryLimits,Statutory Limits,,matchOnce,must be present,,Present,compliant,Block Requirements,,,false,1,,2026-08-16
"Block Real Estate Services, LLC",69fdf76e62446148bd8573ad,69fded1262446148bd848d0c,Dermatology Consultants,69fdf00902bb2c42a87a0a88,"cm2757 - Corporate Medical Plaza II {CMP Building II, LLC}",evidenceOfInsurance,Evidence of Insurance,workersCompensation,Workers' Compensation and Employer's Liability,evidenceOfInsuranceWorkersCompensationEmployersLiabilityEachAccident,Employer's Liability Each Accident,,matchOnce,must be greater or equal to,500000,500000,compliant,Block Requirements,,,false,1,,2026-08-16
"Block Real Estate Services, LLC",69fdf76e62446148bd8573ad,69fded1262446148bd848d0c,Dermatology Consultants,69fdf00902bb2c42a87a0a88,"cm2757 - Corporate Medical Plaza II {CMP Building II, LLC}",evidenceOfInsurance,Evidence of Insurance,workersCompensation,Workers' Compensation and Employer's Liability,evidenceOfInsuranceWorkersCompensationEmployersLiabilityDiseaseEachEmployee,Employer's Liability Disease - each employee,,matchOnce,must be greater or equal to,500000,500000,compliant,Block Requirements,,,false,1,,2026-08-16
"Block Real Estate Services, LLC",69fdf76e62446148bd8573ad,69fded1262446148bd848d0c,Dermatology Consultants,69fdf00902bb2c42a87a0a88,"cm2757 - Corporate Medical Plaza II {CMP Building II, LLC}",evidenceOfInsurance,Evidence of Insurance,workersCompensation,Workers' Compensation and Employer's Liability,evidenceOfInsuranceWorkersCompensationEmployersLiabilityDiseasePolicyLimit,Employer's Liability Disease - policy limit,,matchOnce,must be greater or equal to,500000,500000,compliant,Block Requirements,,,false,1,,2026-08-16
"Block Real Estate Services, LLC",69fdf76e62446148bd8573ad,69fded1262446148bd848d0c,Dermatology Consultants,69fdf00902bb2c42a87a0a88,"cm2757 - Corporate Medical Plaza II {CMP Building II, LLC}",evidenceOfInsurance,Evidence of Insurance,workersCompensation,Workers' Compensation and Employer's Liability,evidenceOfInsuranceWorkersCompensationWaiverOfSubrogationEndorsement,Waiver of Subrogation,"---prompt---
Determine if the insurer has waived their right of subrogation in favor of the certificate holder under the Workers' Compensation policy. Evidence may include: a checked ""Waiver of Subrogation"" box on the certificate, mention in the Description of Operations section stating ""waiver of subrogation applies"", or reference to form WC 00 03 13. Look for language like ""subrogation is waived"" or ""per written contract"".",matchOnce,must be present,,Present,compliant,Block Requirements,,,false,1,,2026-08-16
"Block Real Estate Services, LLC",69fdf76e62446148bd8573ad,69fded1262446148bd848d0c,Dermatology Consultants,69fdf00902bb2c42a87a0a88,"cm2757 - Corporate Medical Plaza II {CMP Building II, LLC}",evidenceOfInsurance,Evidence of Insurance,6ac20aae-5728-5d57-b364-aeba38527dba,Additional Requirements,4da5b0f1-4c9d-5885-8cf8-5d3cccaed3e0,"Block Real Estate Services, LLC and all others required by contract are named as Additional Insureds","---prompt---
Determine if the Description of Operations or the Additional Remarks Schedule section states the ""Additional Insured as Construction Management, Inc. and all others required by contract"" or reference to blanket additional insured coverage. Look for language like ""certificate holder is additional insured"" or ""per written contract"".",matchOnce,must be present,,Present,compliant,Block Requirements,,,true,1,,2026-08-16
"Block Real Estate Services, LLC",69fdf76e62446148bd8573ad,69fded1262446148bd848d0c,Dermatology Consultants,69fdf00902bb2c42a87a0a88,"cm2757 - Corporate Medical Plaza II {CMP Building II, LLC}",evidenceOfInsurance,Evidence of Insurance,6ac20aae-5728-5d57-b364-aeba38527dba,Additional Requirements,e1017741-e47e-5f58-97b8-fbc3043e919f,Umbrella follows form over General Liability,"---prompt---
Determine if the Umbrella/Excess Liability policy follows form to the underlying policies. Evidence may include: language in the Description of Operations section stating the umbrella follows form to underlying coverages or an additional page endorsement stating that it follows form. Follow form means the umbrella policy adopts the same terms, conditions, and exclusions as the underlying policies.",matchOnce,must be present,,,waived,Block Requirements,Umbrella Liability not a requirement in the lease,,true,0,,2026-08-16
"Block Real Estate Services, LLC",69fdf76e62446148bd8573ad,69fded1262446148bd848d0c,Dermatology Consultants,69fdf00902bb2c42a87a0a88,"cm2757 - Corporate Medical Plaza II {CMP Building II, LLC}",evidenceOfInsurance,Evidence of Insurance,6ac20aae-5728-5d57-b364-aeba38527dba,Additional Requirements,2cdd866f-c9a4-576a-afd8-1d045762790c,"The location must be listed as: 10777 Nall Avenue, Suite 220, Overland Park, KS, 66211",,matchOnce,must be present,,Present,compliant,Block Requirements,,,true,1,,2026-08-16
"Block Real Estate Services, LLC",69fdf76e62446148bd8573ad,69fded1262446148bd848d0c,Dermatology Consultants,69fdf00902bb2c42a87a0a88,"cm2757 - Corporate Medical Plaza II {CMP Building II, LLC}",evidenceOfInsurance,Evidence of Insurance,6ac20aae-5728-5d57-b364-aeba38527dba,Additional Requirements,3649e9d1-4e09-59bf-8f30-cb33c40cf117,"Certificate Holder must read: c/o Block Real Estate Services, LLC, 4622 Pennsylvania St., Suite 700, Kansas City, MO, 64112",,matchOnce,must be present,,Present,compliant,Block Requirements,,,true,1,,2026-08-16
"Block Real Estate Services, LLC",69fdf76e62446148bd8573b0,69fded1a62446148bd848f76,"Clear Choice Dental Implant Center / MB Properties, LLC",69fdf00902bb2c42a87a0a88,"cm2757 - Corporate Medical Plaza II {CMP Building II, LLC}",evidenceOfInsurance,Evidence of Insurance,commercialGeneralLiability,Commercial General Liability,evidenceOfInsuranceCommercialGeneralLiabilityCoverageTriggerOccurrence,Coverage Trigger: Occurrence,,matchOnce,must be present,,,non_compliant,Block Requirements,,,false,0,,2026-08-16
"Block Real Estate Services, LLC",69fdf76e62446148bd8573b0,69fded1a62446148bd848f76,"Clear Choice Dental Implant Center / MB Properties, LLC",69fdf00902bb2c42a87a0a88,"cm2757 - Corporate Medical Plaza II {CMP Building II, LLC}",evidenceOfInsurance,Evidence of Insurance,commercialGeneralLiability,Commercial General Liability,evidenceOfInsuranceCommercialGeneralLiabilityGeneralAggregateLimitAppliesPerLocation,General Aggregate Limit Applies per: Location,,matchOnce,must be present,,,non_compliant,Block Requirements,,,false,0,,2026-08-16
"Block Real Estate Services, LLC",69fdf76e62446148bd8573b0,69fded1a62446148bd848f76,"Clear Choice Dental Implant Center / MB Properties, LLC",69fdf00902bb2c42a87a0a88,"cm2757 - Corporate Medical Plaza II {CMP Building II, LLC}",evidenceOfInsurance,Evidence of Insurance,commercialGeneralLiability,Commercial General Liability,evidenceOfInsuranceCommercialGeneralLiabilityEachOccurrence,Each Occurrence,,matchOnce,must be greater or equal to,1000000,,non_compliant,Block Requirements,,,false,0,,2026-08-16
"Block Real Estate Services, LLC",69fdf76e62446148bd8573b0,69fded1a62446148bd848f76,"Clear Choice Dental Implant Center / MB Properties, LLC",69fdf00902bb2c42a87a0a88,"cm2757 - Corporate Medical Plaza II {CMP Building II, LLC}",evidenceOfInsurance,Evidence of Insurance,commercialGeneralLiability,Commercial General Liability,evidenceOfInsuranceCommercialGeneralLiabilityGeneralAggregate,General Aggregate,,matchOnce,must be greater or equal to,2000000,,non_compliant,Block Requirements,,,false,0,,2026-08-16
"Block Real Estate Services, LLC",69fdf76e62446148bd8573b0,69fded1a62446148bd848f76,"Clear Choice Dental Implant Center / MB Properties, LLC",69fdf00902bb2c42a87a0a88,"cm2757 - Corporate Medical Plaza II {CMP Building II, LLC}",evidenceOfInsurance,Evidence of Insurance,commercialGeneralLiability,Commercial General Liability,evidenceOfInsuranceCommercialGeneralLiabilityWaiverOfSubrogationEndorsement,Waiver of Subrogation,"---prompt---
Determine if the insurer has waived their right of subrogation in favor of the certificate holder under the Commercial General Liability policy. Evidence may include: a checked ""Waiver of Subrogation"" box on the certificate, mention in the Description of Operations section stating ""waiver of subrogation applies"", or reference to form CG 24 04. Look for language like ""subrogation is waived"" or ""per written contract"".",matchOnce,must be present,,,non_compliant,Block Requirements,,,false,0,,2026-08-16
"Block Real Estate Services, LLC",69fdf76e62446148bd8573b0,69fded1a62446148bd848f76,"Clear Choice Dental Implant Center / MB Properties, LLC",69fdf00902bb2c42a87a0a88,"cm2757 - Corporate Medical Plaza II {CMP Building II, LLC}",evidenceOfInsurance,Evidence of Insurance,excessOrUmbrellaLiability,Umbrella/Excess Liability,evidenceOfInsuranceExcessOrUmbrellaLiabilityOccurence,Coverage Trigger: Occurrence,,matchOnce,must be present,,,non_compliant,Block Requirements,,,false,0,,2026-08-16
"Block Real Estate Services, LLC",69fdf76e62446148bd8573b0,69fded1a62446148bd848f76,"Clear Choice Dental Implant Center / MB Properties, LLC",69fdf00902bb2c42a87a0a88,"cm2757 - Corporate Medical Plaza II {CMP Building II, LLC}",evidenceOfInsurance,Evidence of Insurance,excessOrUmbrellaLiability,Umbrella/Excess Liability,evidenceOfInsuranceExcessOrUmbrellaLiabilityEachOccurrence,Each Occurrence,,matchOnce,must be greater or equal to,1000000,,non_compliant,Block Requirements,,,false,0,,2026-08-16
"Block Real Estate Services, LLC",69fdf76e62446148bd8573b0,69fded1a62446148bd848f76,"Clear Choice Dental Implant Center / MB Properties, LLC",69fdf00902bb2c42a87a0a88,"cm2757 - Corporate Medical Plaza II {CMP Building II, LLC}",evidenceOfInsurance,Evidence of Insurance,excessOrUmbrellaLiability,Umbrella/Excess Liability,evidenceOfInsuranceExcessOrUmbrellaLiabilityAggregate,Aggregate,,matchOnce,must be greater or equal to,1000000,,non_compliant,Block Requirements,,,false,0,,2026-08-16
"Block Real Estate Services, LLC",69fdf76e62446148bd8573b0,69fded1a62446148bd848f76,"Clear Choice Dental Implant Center / MB Properties, LLC",69fdf00902bb2c42a87a0a88,"cm2757 - Corporate Medical Plaza II {CMP Building II, LLC}",evidenceOfInsurance,Evidence of Insurance,workersCompensation,Workers' Compensation and Employer's Liability,evidenceOfInsuranceWorkersCompensationStatutoryLimits,Statutory Limits,,matchOnce,must be present,,,non_compliant,Block Requirements,,,false,0,,2026-08-16
"Block Real Estate Services, LLC",69fdf76e62446148bd8573b0,69fded1a62446148bd848f76,"Clear Choice Dental Implant Center / MB Properties, LLC",69fdf00902bb2c42a87a0a88,"cm2757 - Corporate Medical Plaza II {CMP Building II, LLC}",evidenceOfInsurance,Evidence of Insurance,workersCompensation,Workers' Compensation and Employer's Liability,evidenceOfInsuranceWorkersCompensationEmployersLiabilityEachAccident,Employer's Liability Each Accident,,matchOnce,must be greater or equal to,500000,,non_compliant,Block Requirements,,,false,0,,2026-08-16
"Block Real Estate Services, LLC",69fdf76e62446148bd8573b0,69fded1a62446148bd848f76,"Clear Choice Dental Implant Center / MB Properties, LLC",69fdf00902bb2c42a87a0a88,"cm2757 - Corporate Medical Plaza II {CMP Building II, LLC}",evidenceOfInsurance,Evidence of Insurance,workersCompensation,Workers' Compensation and Employer's Liability,evidenceOfInsuranceWorkersCompensationEmployersLiabilityDiseaseEachEmployee,Employer's Liability Disease - each employee,,matchOnce,must be greater or equal to,500000,,non_compliant,Block Requirements,,,false,0,,2026-08-16
"Block Real Estate Services, LLC",69fdf76e62446148bd8573b0,69fded1a62446148bd848f76,"Clear Choice Dental Implant Center / MB Properties, LLC",69fdf00902bb2c42a87a0a88,"cm2757 - Corporate Medical Plaza II {CMP Building II, LLC}",evidenceOfInsurance,Evidence of Insurance,workersCompensation,Workers' Compensation and Employer's Liability,evidenceOfInsuranceWorkersCompensationEmployersLiabilityDiseasePolicyLimit,Employer's Liability Disease - policy limit,,matchOnce,must be greater or equal to,500000,,non_compliant,Block Requirements,,,false,0,,2026-08-16
"Block Real Estate Services, LLC",69fdf76e62446148bd8573b0,69fded1a62446148bd848f76,"Clear Choice Dental Implant Center / MB Properties, LLC",69fdf00902bb2c42a87a0a88,"cm2757 - Corporate Medical Plaza II {CMP Building II, LLC}",evidenceOfInsurance,Evidence of Insurance,workersCompensation,Workers' Compensation and Employer's Liability,evidenceOfInsuranceWorkersCompensationWaiverOfSubrogationEndorsement,Waiver of Subrogation,"---prompt---
Determine if the insurer has waived their right of subrogation in favor of the certificate holder under the Workers' Compensation policy. Evidence may include: a checked ""Waiver of Subrogation"" box on the certificate, mention in the Description of Operations section stating ""waiver of subrogation applies"", or reference to form WC 00 03 13. Look for language like ""subrogation is waived"" or ""per written contract"".",matchOnce,must be present,,,non_compliant,Block Requirements,,,false,0,,2026-08-16
"Block Real Estate Services, LLC",69fdf76e62446148bd8573b0,69fded1a62446148bd848f76,"Clear Choice Dental Implant Center / MB Properties, LLC",69fdf00902bb2c42a87a0a88,"cm2757 - Corporate Medical Plaza II {CMP Building II, LLC}",evidenceOfInsurance,Evidence of Insurance,6ac20aae-5728-5d57-b364-aeba38527dba,Additional Requirements,4da5b0f1-4c9d-5885-8cf8-5d3cccaed3e0,"Block Real Estate Services, LLC and all others required by contract are named as Additional Insureds","---prompt---
Determine if the Description of Operations or the Additional Remarks Schedule section states the ""Additional Insured as Construction Management, Inc. and all others required by contract"" or reference to blanket additional insured coverage. Look for language like ""certificate holder is additional insured"" or ""per written contract"".",matchOnce,must be present,,,non_compliant,Block Requirements,,,true,0,,2026-08-16
"Block Real Estate Services, LLC",69fdf76e62446148bd8573b0,69fded1a62446148bd848f76,"Clear Choice Dental Implant Center / MB Properties, LLC",69fdf00902bb2c42a87a0a88,"cm2757 - Corporate Medical Plaza II {CMP Building II, LLC}",evidenceOfInsurance,Evidence of Insurance,6ac20aae-5728-5d57-b364-aeba38527dba,Additional Requirements,e1017741-e47e-5f58-97b8-fbc3043e919f,Umbrella follows form over General Liability,"---prompt---
Determine if the Umbrella/Excess Liability policy follows form to the underlying policies. Evidence may include: language in the Description of Operations section stating the umbrella follows form to underlying coverages or an additional page endorsement stating that it follows form. Follow form means the umbrella policy adopts the same terms, conditions, and exclusions as the underlying policies.",matchOnce,must be present,,,non_compliant,Block Requirements,,,true,0,,2026-08-16
"Block Real Estate Services, LLC",69fdf76e62446148bd8573b0,69fded1a62446148bd848f76,"Clear Choice Dental Implant Center / MB Properties, LLC",69fdf00902bb2c42a87a0a88,"cm2757 - Corporate Medical Plaza II {CMP Building II, LLC}",evidenceOfInsurance,Evidence of Insurance,6ac20aae-5728-5d57-b364-aeba38527dba,Additional Requirements,2cdd866f-c9a4-576a-afd8-1d045762790c,"The location must be listed as: 10777 Nall Avenue, Suite 100, Overland Park, KS, 66211",,matchOnce,must be present,,,non_compliant,Block Requirements,,,true,0,,2026-08-16
"Block Real Estate Services, LLC",69fdf76e62446148bd8573b0,69fded1a62446148bd848f76,"Clear Choice Dental Implant Center / MB Properties, LLC",69fdf00902bb2c42a87a0a88,"cm2757 - Corporate Medical Plaza II {CMP Building II, LLC}",evidenceOfInsurance,Evidence of Insurance,6ac20aae-5728-5d57-b364-aeba38527dba,Additional Requirements,3649e9d1-4e09-59bf-8f30-cb33c40cf117,"Certificate Holder must read: c/o Block Real Estate Services, LLC, 4622 Pennsylvania St., Suite 700, Kansas City, MO, 64112",,matchOnce,must be present,,,non_compliant,Block Requirements,,,true,0,,2026-08-16
"Block Real Estate Services, LLC",69fdf76e62446148bd8573b3,69fded2162446148bd849195,Sports Rehab & Physical Therapy Inc,69fdf00902bb2c42a87a0a88,"cm2757 - Corporate Medical Plaza II {CMP Building II, LLC}",evidenceOfInsurance,Evidence of Insurance,commercialGeneralLiability,Commercial General Liability,evidenceOfInsuranceCommercialGeneralLiabilityCoverageTriggerOccurrence,Coverage Trigger: Occurrence,,matchOnce,must be present,,Present,compliant,Block Requirements,,,false,1,,2026-08-16
"Block Real Estate Services, LLC",69fdf76e62446148bd8573b3,69fded2162446148bd849195,Sports Rehab & Physical Therapy Inc,69fdf00902bb2c42a87a0a88,"cm2757 - Corporate Medical Plaza II {CMP Building II, LLC}",evidenceOfInsurance,Evidence of Insurance,commercialGeneralLiability,Commercial General Liability,evidenceOfInsuranceCommercialGeneralLiabilityGeneralAggregateLimitAppliesPerLocation,General Aggregate Limit Applies per: Location,,matchOnce,must be present,,Present,compliant,Block Requirements,,,false,1,,2026-08-16
"Block Real Estate Services, LLC",69fdf76e62446148bd8573b3,69fded2162446148bd849195,Sports Rehab & Physical Therapy Inc,69fdf00902bb2c42a87a0a88,"cm2757 - Corporate Medical Plaza II {CMP Building II, LLC}",evidenceOfInsurance,Evidence of Insurance,commercialGeneralLiability,Commercial General Liability,evidenceOfInsuranceCommercialGeneralLiabilityEachOccurrence,Each Occurrence,,matchOnce,must be greater or equal to,1000000,2000000,compliant,Block Requirements,,,false,1,,2026-08-16
"Block Real Estate Services, LLC",69fdf76e62446148bd8573b3,69fded2162446148bd849195,Sports Rehab & Physical Therapy Inc,69fdf00902bb2c42a87a0a88,"cm2757 - Corporate Medical Plaza II {CMP Building II, LLC}",evidenceOfInsurance,Evidence of Insurance,commercialGeneralLiability,Commercial General Liability,evidenceOfInsuranceCommercialGeneralLiabilityGeneralAggregate,General Aggregate,,matchOnce,must be greater or equal to,2000000,4000000,compliant,Block Requirements,,,false,1,,2026-08-16
"Block Real Estate Services, LLC",69fdf76e62446148bd8573b3,69fded2162446148bd849195,Sports Rehab & Physical Therapy Inc,69fdf00902bb2c42a87a0a88,"cm2757 - Corporate Medical Plaza II {CMP Building II, LLC}",evidenceOfInsurance,Evidence of Insurance,commercialGeneralLiability,Commercial General Liability,evidenceOfInsuranceCommercialGeneralLiabilityWaiverOfSubrogationEndorsement,Waiver of Subrogation,"---prompt---
Determine if the insurer has waived their right of subrogation in favor of the certificate holder under the Commercial General Liability policy. Evidence may include: a checked ""Waiver of Subrogation"" box on the certificate, mention in the Description of Operations section stating ""waiver of subrogation applies"", or reference to form CG 24 04. Look for language like ""subrogation is waived"" or ""per written contract"".",matchOnce,must be present,,Present,compliant,Block Requirements,,,false,1,,2026-08-16
"Block Real Estate Services, LLC",69fdf76e62446148bd8573b3,69fded2162446148bd849195,Sports Rehab & Physical Therapy Inc,69fdf00902bb2c42a87a0a88,"cm2757 - Corporate Medical Plaza II {CMP Building II, LLC}",evidenceOfInsurance,Evidence of Insurance,excessOrUmbrellaLiability,Umbrella/Excess Liability,evidenceOfInsuranceExcessOrUmbrellaLiabilityOccurence,Coverage Trigger: Occurrence,,matchOnce,must be present,,,overridden,Block Requirements,,,false,0,,2026-08-16
"Block Real Estate Services, LLC",69fdf76e62446148bd8573b3,69fded2162446148bd849195,Sports Rehab & Physical Therapy Inc,69fdf00902bb2c42a87a0a88,"cm2757 - Corporate Medical Plaza II {CMP Building II, LLC}",evidenceOfInsurance,Evidence of Insurance,excessOrUmbrellaLiability,Umbrella/Excess Liability,evidenceOfInsuranceExcessOrUmbrellaLiabilityEachOccurrence,Each Occurrence,,matchOnce,must be greater or equal to,1000000,,overridden,Block Requirements,,,false,0,,2026-08-16
"Block Real Estate Services, LLC",69fdf76e62446148bd8573b3,69fded2162446148bd849195,Sports Rehab & Physical Therapy Inc,69fdf00902bb2c42a87a0a88,"cm2757 - Corporate Medical Plaza II {CMP Building II, LLC}",evidenceOfInsurance,Evidence of Insurance,excessOrUmbrellaLiability,Umbrella/Excess Liability,evidenceOfInsuranceExcessOrUmbrellaLiabilityAggregate,Aggregate,,matchOnce,must be greater or equal to,1000000,,overridden,Block Requirements,,,false,0,,2026-08-16
"Block Real Estate Services, LLC",69fdf76e62446148bd8573b3,69fded2162446148bd849195,Sports Rehab & Physical Therapy Inc,69fdf00902bb2c42a87a0a88,"cm2757 - Corporate Medical Plaza II {CMP Building II, LLC}",evidenceOfInsurance,Evidence of Insurance,workersCompensation,Workers' Compensation and Employer's Liability,evidenceOfInsuranceWorkersCompensationStatutoryLimits,Statutory Limits,,matchOnce,must be present,,Present,compliant,Block Requirements,,,false,1,,2026-08-16
"Block Real Estate Services, LLC",69fdf76e62446148bd8573b3,69fded2162446148bd849195,Sports Rehab & Physical Therapy Inc,69fdf00902bb2c42a87a0a88,"cm2757 - Corporate Medical Plaza II {CMP Building II, LLC}",evidenceOfInsurance,Evidence of Insurance,workersCompensation,Workers' Compensation and Employer's Liability,evidenceOfInsuranceWorkersCompensationEmployersLiabilityEachAccident,Employer's Liability Each Accident,,matchOnce,must be greater or equal to,500000,500000,compliant,Block Requirements,,,false,1,,2026-08-16
"Block Real Estate Services, LLC",69fdf76e62446148bd8573b3,69fded2162446148bd849195,Sports Rehab & Physical Therapy Inc,69fdf00902bb2c42a87a0a88,"cm2757 - Corporate Medical Plaza II {CMP Building II, LLC}",evidenceOfInsurance,Evidence of Insurance,workersCompensation,Workers' Compensation and Employer's Liability,evidenceOfInsuranceWorkersCompensationEmployersLiabilityDiseaseEachEmployee,Employer's Liability Disease - each employee,,matchOnce,must be greater or equal to,500000,500000,compliant,Block Requirements,,,false,1,,2026-08-16
"Block Real Estate Services, LLC",69fdf76e62446148bd8573b3,69fded2162446148bd849195,Sports Rehab & Physical Therapy Inc,69fdf00902bb2c42a87a0a88,"cm2757 - Corporate Medical Plaza II {CMP Building II, LLC}",evidenceOfInsurance,Evidence of Insurance,workersCompensation,Workers' Compensation and Employer's Liability,evidenceOfInsuranceWorkersCompensationEmployersLiabilityDiseasePolicyLimit,Employer's Liability Disease - policy limit,,matchOnce,must be greater or equal to,500000,500000,compliant,Block Requirements,,,false,1,,2026-08-16
"Block Real Estate Services, LLC",69fdf76e62446148bd8573b3,69fded2162446148bd849195,Sports Rehab & Physical Therapy Inc,69fdf00902bb2c42a87a0a88,"cm2757 - Corporate Medical Plaza II {CMP Building II, LLC}",evidenceOfInsurance,Evidence of Insurance,workersCompensation,Workers' Compensation and Employer's Liability,evidenceOfInsuranceWorkersCompensationWaiverOfSubrogationEndorsement,Waiver of Subrogation,"---prompt---
Determine if the insurer has waived their right of subrogation in favor of the certificate holder under the Workers' Compensation policy. Evidence may include: a checked ""Waiver of Subrogation"" box on the certificate, mention in the Description of Operations section stating ""waiver of subrogation applies"", or reference to form WC 00 03 13. Look for language like ""subrogation is waived"" or ""per written contract"".",matchOnce,must be present,,Present,compliant,Block Requirements,,,false,1,,2026-08-16
"Block Real Estate Services, LLC",69fdf76e62446148bd8573b3,69fded2162446148bd849195,Sports Rehab & Physical Therapy Inc,69fdf00902bb2c42a87a0a88,"cm2757 - Corporate Medical Plaza II {CMP Building II, LLC}",evidenceOfInsurance,Evidence of Insurance,6ac20aae-5728-5d57-b364-aeba38527dba,Additional Requirements,4da5b0f1-4c9d-5885-8cf8-5d3cccaed3e0,"Block Real Estate Services, LLC and all others required by contract are named as Additional Insureds","---prompt---
Determine if the Description of Operations or the Additional Remarks Schedule section states the ""Additional Insured as Construction Management, Inc. and all others required by contract"" or reference to blanket additional insured coverage. Look for language like ""certificate holder is additional insured"" or ""per written contract"".",matchOnce,must be present,,Present,compliant,Block Requirements,,,true,1,,2026-08-16
"Block Real Estate Services, LLC",69fdf76e62446148bd8573b3,69fded2162446148bd849195,Sports Rehab & Physical Therapy Inc,69fdf00902bb2c42a87a0a88,"cm2757 - Corporate Medical Plaza II {CMP Building II, LLC}",evidenceOfInsurance,Evidence of Insurance,6ac20aae-5728-5d57-b364-aeba38527dba,Additional Requirements,e1017741-e47e-5f58-97b8-fbc3043e919f,Umbrella follows form over General Liability,"---prompt---
Determine if the Umbrella/Excess Liability policy follows form to the underlying policies. Evidence may include: language in the Description of Operations section stating the umbrella follows form to underlying coverages or an additional page endorsement stating that it follows form. Follow form means the umbrella policy adopts the same terms, conditions, and exclusions as the underlying policies.",matchOnce,must be present,,,overridden,Block Requirements,Umbrella requirement waived,,true,0,2027-01-15,2026-08-16
"Block Real Estate Services, LLC",69fdf76e62446148bd8573b3,69fded2162446148bd849195,Sports Rehab & Physical Therapy Inc,69fdf00902bb2c42a87a0a88,"cm2757 - Corporate Medical Plaza II {CMP Building II, LLC}",evidenceOfInsurance,Evidence of Insurance,6ac20aae-5728-5d57-b364-aeba38527dba,Additional Requirements,2cdd866f-c9a4-576a-afd8-1d045762790c,"The location must be listed as: 10777 Nall Avenue, Suite 150, Overland Park, KS, 66211",,matchOnce,must be present,,Present,compliant,Block Requirements,,,true,1,,2026-08-16
"Block Real Estate Services, LLC",69fdf76e62446148bd8573b3,69fded2162446148bd849195,Sports Rehab & Physical Therapy Inc,69fdf00902bb2c42a87a0a88,"cm2757 - Corporate Medical Plaza II {CMP Building II, LLC}",evidenceOfInsurance,Evidence of Insurance,6ac20aae-5728-5d57-b364-aeba38527dba,Additional Requirements,3649e9d1-4e09-59bf-8f30-cb33c40cf117,"Certificate Holder must read: c/o Block Real Estate Services, LLC, 4622 Pennsylvania St., Suite 700, Kansas City, MO, 64112",,matchOnce,must be present,,Present,compliant,Block Requirements,,,true,1,,2026-08-16
"Block Real Estate Services, LLC",6a185811dbcac4598a696119,6a1857c8bda7a44c60055e47,KU Neurology  / University of Kansas Hospital Authority,69fdf00902bb2c42a87a0a88,"cm2757 - Corporate Medical Plaza II {CMP Building II, LLC}",evidenceOfInsurance,Evidence of Insurance,commercialGeneralLiability,Commercial General Liability,evidenceOfInsuranceCommercialGeneralLiabilityCoverageTriggerOccurrence,Coverage Trigger: Occurrence,,matchOnce,must be present,,,non_compliant,Block Requirements,,,false,0,,2026-08-16
"Block Real Estate Services, LLC",6a185811dbcac4598a696119,6a1857c8bda7a44c60055e47,KU Neurology  / University of Kansas Hospital Authority,69fdf00902bb2c42a87a0a88,"cm2757 - Corporate Medical Plaza II {CMP Building II, LLC}",evidenceOfInsurance,Evidence of Insurance,commercialGeneralLiability,Commercial General Liability,evidenceOfInsuranceCommercialGeneralLiabilityGeneralAggregateLimitAppliesPerLocation,General Aggregate Limit Applies per: Location,,matchOnce,must be present,,,non_compliant,Block Requirements,,,false,0,,2026-08-16
"Block Real Estate Services, LLC",6a185811dbcac4598a696119,6a1857c8bda7a44c60055e47,KU Neurology  / University of Kansas Hospital Authority,69fdf00902bb2c42a87a0a88,"cm2757 - Corporate Medical Plaza II {CMP Building II, LLC}",evidenceOfInsurance,Evidence of Insurance,commercialGeneralLiability,Commercial General Liability,evidenceOfInsuranceCommercialGeneralLiabilityEachOccurrence,Each Occurrence,,matchOnce,must be greater or equal to,1000000,,non_compliant,Block Requirements,,,false,0,,2026-08-16
"Block Real Estate Services, LLC",6a185811dbcac4598a696119,6a1857c8bda7a44c60055e47,KU Neurology  / University of Kansas Hospital Authority,69fdf00902bb2c42a87a0a88,"cm2757 - Corporate Medical Plaza II {CMP Building II, LLC}",evidenceOfInsurance,Evidence of Insurance,commercialGeneralLiability,Commercial General Liability,evidenceOfInsuranceCommercialGeneralLiabilityGeneralAggregate,General Aggregate,,matchOnce,must be greater or equal to,2000000,,non_compliant,Block Requirements,,,false,0,,2026-08-16
"Block Real Estate Services, LLC",6a185811dbcac4598a696119,6a1857c8bda7a44c60055e47,KU Neurology  / University of Kansas Hospital Authority,69fdf00902bb2c42a87a0a88,"cm2757 - Corporate Medical Plaza II {CMP Building II, LLC}",evidenceOfInsurance,Evidence of Insurance,commercialGeneralLiability,Commercial General Liability,evidenceOfInsuranceCommercialGeneralLiabilityWaiverOfSubrogationEndorsement,Waiver of Subrogation,"---prompt---
Determine if the insurer has waived their right of subrogation in favor of the certificate holder under the Commercial General Liability policy. Evidence may include: a checked ""Waiver of Subrogation"" box on the certificate, mention in the Description of Operations section stating ""waiver of subrogation applies"", or reference to form CG 24 04. Look for language like ""subrogation is waived"" or ""per written contract"".",matchOnce,must be present,,,non_compliant,Block Requirements,,,false,0,,2026-08-16
"Block Real Estate Services, LLC",6a185811dbcac4598a696119,6a1857c8bda7a44c60055e47,KU Neurology  / University of Kansas Hospital Authority,69fdf00902bb2c42a87a0a88,"cm2757 - Corporate Medical Plaza II {CMP Building II, LLC}",evidenceOfInsurance,Evidence of Insurance,excessOrUmbrellaLiability,Umbrella/Excess Liability,evidenceOfInsuranceExcessOrUmbrellaLiabilityOccurence,Coverage Trigger: Occurrence,,matchOnce,must be present,,,non_compliant,Block Requirements,,,false,0,,2026-08-16
"Block Real Estate Services, LLC",6a185811dbcac4598a696119,6a1857c8bda7a44c60055e47,KU Neurology  / University of Kansas Hospital Authority,69fdf00902bb2c42a87a0a88,"cm2757 - Corporate Medical Plaza II {CMP Building II, LLC}",evidenceOfInsurance,Evidence of Insurance,excessOrUmbrellaLiability,Umbrella/Excess Liability,evidenceOfInsuranceExcessOrUmbrellaLiabilityEachOccurrence,Each Occurrence,,matchOnce,must be greater or equal to,1000000,,non_compliant,Block Requirements,,,false,0,,2026-08-16
"Block Real Estate Services, LLC",6a185811dbcac4598a696119,6a1857c8bda7a44c60055e47,KU Neurology  / University of Kansas Hospital Authority,69fdf00902bb2c42a87a0a88,"cm2757 - Corporate Medical Plaza II {CMP Building II, LLC}",evidenceOfInsurance,Evidence of Insurance,excessOrUmbrellaLiability,Umbrella/Excess Liability,evidenceOfInsuranceExcessOrUmbrellaLiabilityAggregate,Aggregate,,matchOnce,must be greater or equal to,1000000,,non_compliant,Block Requirements,,,false,0,,2026-08-16
"Block Real Estate Services, LLC",6a185811dbcac4598a696119,6a1857c8bda7a44c60055e47,KU Neurology  / University of Kansas Hospital Authority,69fdf00902bb2c42a87a0a88,"cm2757 - Corporate Medical Plaza II {CMP Building II, LLC}",evidenceOfInsurance,Evidence of Insurance,workersCompensation,Workers' Compensation and Employer's Liability,evidenceOfInsuranceWorkersCompensationStatutoryLimits,Statutory Limits,,matchOnce,must be present,,,non_compliant,Block Requirements,,,false,0,,2026-08-16
"Block Real Estate Services, LLC",6a185811dbcac4598a696119,6a1857c8bda7a44c60055e47,KU Neurology  / University of Kansas Hospital Authority,69fdf00902bb2c42a87a0a88,"cm2757 - Corporate Medical Plaza II {CMP Building II, LLC}",evidenceOfInsurance,Evidence of Insurance,workersCompensation,Workers' Compensation and Employer's Liability,evidenceOfInsuranceWorkersCompensationEmployersLiabilityEachAccident,Employer's Liability Each Accident,,matchOnce,must be greater or equal to,500000,,non_compliant,Block Requirements,,,false,0,,2026-08-16
"Block Real Estate Services, LLC",6a185811dbcac4598a696119,6a1857c8bda7a44c60055e47,KU Neurology  / University of Kansas Hospital Authority,69fdf00902bb2c42a87a0a88,"cm2757 - Corporate Medical Plaza II {CMP Building II, LLC}",evidenceOfInsurance,Evidence of Insurance,workersCompensation,Workers' Compensation and Employer's Liability,evidenceOfInsuranceWorkersCompensationEmployersLiabilityDiseaseEachEmployee,Employer's Liability Disease - each employee,,matchOnce,must be greater or equal to,500000,,non_compliant,Block Requirements,,,false,0,,2026-08-16
"Block Real Estate Services, LLC",6a185811dbcac4598a696119,6a1857c8bda7a44c60055e47,KU Neurology  / University of Kansas Hospital Authority,69fdf00902bb2c42a87a0a88,"cm2757 - Corporate Medical Plaza II {CMP Building II, LLC}",evidenceOfInsurance,Evidence of Insurance,workersCompensation,Workers' Compensation and Employer's Liability,evidenceOfInsuranceWorkersCompensationEmployersLiabilityDiseasePolicyLimit,Employer's Liability Disease - policy limit,,matchOnce,must be greater or equal to,500000,,non_compliant,Block Requirements,,,false,0,,2026-08-16
"Block Real Estate Services, LLC",6a185811dbcac4598a696119,6a1857c8bda7a44c60055e47,KU Neurology  / University of Kansas Hospital Authority,69fdf00902bb2c42a87a0a88,"cm2757 - Corporate Medical Plaza II {CMP Building II, LLC}",evidenceOfInsurance,Evidence of Insurance,workersCompensation,Workers' Compensation and Employer's Liability,evidenceOfInsuranceWorkersCompensationWaiverOfSubrogationEndorsement,Waiver of Subrogation,"---prompt---
Determine if the insurer has waived their right of subrogation in favor of the certificate holder under the Workers' Compensation policy. Evidence may include: a checked ""Waiver of Subrogation"" box on the certificate, mention in the Description of Operations section stating ""waiver of subrogation applies"", or reference to form WC 00 03 13. Look for language like ""subrogation is waived"" or ""per written contract"".",matchOnce,must be present,,,non_compliant,Block Requirements,,,false,0,,2026-08-16
"Block Real Estate Services, LLC",6a185811dbcac4598a696119,6a1857c8bda7a44c60055e47,KU Neurology  / University of Kansas Hospital Authority,69fdf00902bb2c42a87a0a88,"cm2757 - Corporate Medical Plaza II {CMP Building II, LLC}",evidenceOfInsurance,Evidence of Insurance,6ac20aae-5728-5d57-b364-aeba38527dba,Additional Requirements,4da5b0f1-4c9d-5885-8cf8-5d3cccaed3e0,"Block Real Estate Services, LLC and all others required by contract are named as Additional Insureds","---prompt---
Determine if the Description of Operations or the Additional Remarks Schedule section states the ""Additional Insured as Construction Management, Inc. and all others required by contract"" or reference to blanket additional insured coverage. Look for language like ""certificate holder is additional insured"" or ""per written contract"".",matchOnce,must be present,,,non_compliant,Block Requirements,,,true,0,,2026-08-16
"Block Real Estate Services, LLC",6a185811dbcac4598a696119,6a1857c8bda7a44c60055e47,KU Neurology  / University of Kansas Hospital Authority,69fdf00902bb2c42a87a0a88,"cm2757 - Corporate Medical Plaza II {CMP Building II, LLC}",evidenceOfInsurance,Evidence of Insurance,6ac20aae-5728-5d57-b364-aeba38527dba,Additional Requirements,e1017741-e47e-5f58-97b8-fbc3043e919f,Umbrella follows form over General Liability,"---prompt---
Determine if the Umbrella/Excess Liability policy follows form to the underlying policies. Evidence may include: language in the Description of Operations section stating the umbrella follows form to underlying coverages or an additional page endorsement stating that it follows form. Follow form means the umbrella policy adopts the same terms, conditions, and exclusions as the underlying policies.",matchOnce,must be present,,,non_compliant,Block Requirements,,,true,0,,2026-08-16
"Block Real Estate Services, LLC",6a185811dbcac4598a696119,6a1857c8bda7a44c60055e47,KU Neurology  / University of Kansas Hospital Authority,69fdf00902bb2c42a87a0a88,"cm2757 - Corporate Medical Plaza II {CMP Building II, LLC}",evidenceOfInsurance,Evidence of Insurance,6ac20aae-5728-5d57-b364-aeba38527dba,Additional Requirements,2cdd866f-c9a4-576a-afd8-1d045762790c,"The location must be listed as: 10777 Nall Avenue, Suite 140, Overland Park, KS, 66211",,matchOnce,must be present,,,non_compliant,Block Requirements,,,true,0,,2026-08-16
"Block Real Estate Services, LLC",6a185811dbcac4598a696119,6a1857c8bda7a44c60055e47,KU Neurology  / University of Kansas Hospital Authority,69fdf00902bb2c42a87a0a88,"cm2757 - Corporate Medical Plaza II {CMP Building II, LLC}",evidenceOfInsurance,Evidence of Insurance,6ac20aae-5728-5d57-b364-aeba38527dba,Additional Requirements,3649e9d1-4e09-59bf-8f30-cb33c40cf117,"Certificate Holder must read: c/o Block Real Estate Services, LLC, 4622 Pennsylvania St., Suite 700, Kansas City, MO, 64112",,matchOnce,must be present,,,non_compliant,Block Requirements,,,true,0,,2026-08-16
"Block Real Estate Services, LLC",6a185811dbcac4598a69611a,6a1857d1b517ae25a878d29f,The University of Kansas Physicians Plastic Surgery,69fdf00902bb2c42a87a0a88,"cm2757 - Corporate Medical Plaza II {CMP Building II, LLC}",evidenceOfInsurance,Evidence of Insurance,commercialGeneralLiability,Commercial General Liability,evidenceOfInsuranceCommercialGeneralLiabilityCoverageTriggerOccurrence,Coverage Trigger: Occurrence,,matchOnce,must be present,,,non_compliant,Block Requirements,,,false,0,,2026-08-16
"Block Real Estate Services, LLC",6a185811dbcac4598a69611a,6a1857d1b517ae25a878d29f,The University of Kansas Physicians Plastic Surgery,69fdf00902bb2c42a87a0a88,"cm2757 - Corporate Medical Plaza II {CMP Building II, LLC}",evidenceOfInsurance,Evidence of Insurance,commercialGeneralLiability,Commercial General Liability,evidenceOfInsuranceCommercialGeneralLiabilityGeneralAggregateLimitAppliesPerLocation,General Aggregate Limit Applies per: Location,,matchOnce,must be present,,,non_compliant,Block Requirements,,,false,0,,2026-08-16
"Block Real Estate Services, LLC",6a185811dbcac4598a69611a,6a1857d1b517ae25a878d29f,The University of Kansas Physicians Plastic Surgery,69fdf00902bb2c42a87a0a88,"cm2757 - Corporate Medical Plaza II {CMP Building II, LLC}",evidenceOfInsurance,Evidence of Insurance,commercialGeneralLiability,Commercial General Liability,evidenceOfInsuranceCommercialGeneralLiabilityEachOccurrence,Each Occurrence,,matchOnce,must be greater or equal to,1000000,,non_compliant,Block Requirements,,,false,0,,2026-08-16
"Block Real Estate Services, LLC",6a185811dbcac4598a69611a,6a1857d1b517ae25a878d29f,The University of Kansas Physicians Plastic Surgery,69fdf00902bb2c42a87a0a88,"cm2757 - Corporate Medical Plaza II {CMP Building II, LLC}",evidenceOfInsurance,Evidence of Insurance,commercialGeneralLiability,Commercial General Liability,evidenceOfInsuranceCommercialGeneralLiabilityGeneralAggregate,General Aggregate,,matchOnce,must be greater or equal to,2000000,,non_compliant,Block Requirements,,,false,0,,2026-08-16
"Block Real Estate Services, LLC",6a185811dbcac4598a69611a,6a1857d1b517ae25a878d29f,The University of Kansas Physicians Plastic Surgery,69fdf00902bb2c42a87a0a88,"cm2757 - Corporate Medical Plaza II {CMP Building II, LLC}",evidenceOfInsurance,Evidence of Insurance,commercialGeneralLiability,Commercial General Liability,evidenceOfInsuranceCommercialGeneralLiabilityWaiverOfSubrogationEndorsement,Waiver of Subrogation,"---prompt---
Determine if the insurer has waived their right of subrogation in favor of the certificate holder under the Commercial General Liability policy. Evidence may include: a checked ""Waiver of Subrogation"" box on the certificate, mention in the Description of Operations section stating ""waiver of subrogation applies"", or reference to form CG 24 04. Look for language like ""subrogation is waived"" or ""per written contract"".",matchOnce,must be present,,,non_compliant,Block Requirements,,,false,0,,2026-08-16
"Block Real Estate Services, LLC",6a185811dbcac4598a69611a,6a1857d1b517ae25a878d29f,The University of Kansas Physicians Plastic Surgery,69fdf00902bb2c42a87a0a88,"cm2757 - Corporate Medical Plaza II {CMP Building II, LLC}",evidenceOfInsurance,Evidence of Insurance,excessOrUmbrellaLiability,Umbrella/Excess Liability,evidenceOfInsuranceExcessOrUmbrellaLiabilityOccurence,Coverage Trigger: Occurrence,,matchOnce,must be present,,,non_compliant,Block Requirements,,,false,0,,2026-08-16
"Block Real Estate Services, LLC",6a185811dbcac4598a69611a,6a1857d1b517ae25a878d29f,The University of Kansas Physicians Plastic Surgery,69fdf00902bb2c42a87a0a88,"cm2757 - Corporate Medical Plaza II {CMP Building II, LLC}",evidenceOfInsurance,Evidence of Insurance,excessOrUmbrellaLiability,Umbrella/Excess Liability,evidenceOfInsuranceExcessOrUmbrellaLiabilityEachOccurrence,Each Occurrence,,matchOnce,must be greater or equal to,1000000,,non_compliant,Block Requirements,,,false,0,,2026-08-16
"Block Real Estate Services, LLC",6a185811dbcac4598a69611a,6a1857d1b517ae25a878d29f,The University of Kansas Physicians Plastic Surgery,69fdf00902bb2c42a87a0a88,"cm2757 - Corporate Medical Plaza II {CMP Building II, LLC}",evidenceOfInsurance,Evidence of Insurance,excessOrUmbrellaLiability,Umbrella/Excess Liability,evidenceOfInsuranceExcessOrUmbrellaLiabilityAggregate,Aggregate,,matchOnce,must be greater or equal to,1000000,,non_compliant,Block Requirements,,,false,0,,2026-08-16
"Block Real Estate Services, LLC",6a185811dbcac4598a69611a,6a1857d1b517ae25a878d29f,The University of Kansas Physicians Plastic Surgery,69fdf00902bb2c42a87a0a88,"cm2757 - Corporate Medical Plaza II {CMP Building II, LLC}",evidenceOfInsurance,Evidence of Insurance,workersCompensation,Workers' Compensation and Employer's Liability,evidenceOfInsuranceWorkersCompensationStatutoryLimits,Statutory Limits,,matchOnce,must be present,,,non_compliant,Block Requirements,,,false,0,,2026-08-16
"Block Real Estate Services, LLC",6a185811dbcac4598a69611a,6a1857d1b517ae25a878d29f,The University of Kansas Physicians Plastic Surgery,69fdf00902bb2c42a87a0a88,"cm2757 - Corporate Medical Plaza II {CMP Building II, LLC}",evidenceOfInsurance,Evidence of Insurance,workersCompensation,Workers' Compensation and Employer's Liability,evidenceOfInsuranceWorkersCompensationEmployersLiabilityEachAccident,Employer's Liability Each Accident,,matchOnce,must be greater or equal to,500000,,non_compliant,Block Requirements,,,false,0,,2026-08-16
"Block Real Estate Services, LLC",6a185811dbcac4598a69611a,6a1857d1b517ae25a878d29f,The University of Kansas Physicians Plastic Surgery,69fdf00902bb2c42a87a0a88,"cm2757 - Corporate Medical Plaza II {CMP Building II, LLC}",evidenceOfInsurance,Evidence of Insurance,workersCompensation,Workers' Compensation and Employer's Liability,evidenceOfInsuranceWorkersCompensationEmployersLiabilityDiseaseEachEmployee,Employer's Liability Disease - each employee,,matchOnce,must be greater or equal to,500000,,non_compliant,Block Requirements,,,false,0,,2026-08-16
"Block Real Estate Services, LLC",6a185811dbcac4598a69611a,6a1857d1b517ae25a878d29f,The University of Kansas Physicians Plastic Surgery,69fdf00902bb2c42a87a0a88,"cm2757 - Corporate Medical Plaza II {CMP Building II, LLC}",evidenceOfInsurance,Evidence of Insurance,workersCompensation,Workers' Compensation and Employer's Liability,evidenceOfInsuranceWorkersCompensationEmployersLiabilityDiseasePolicyLimit,Employer's Liability Disease - policy limit,,matchOnce,must be greater or equal to,500000,,non_compliant,Block Requirements,,,false,0,,2026-08-16
"Block Real Estate Services, LLC",6a185811dbcac4598a69611a,6a1857d1b517ae25a878d29f,The University of Kansas Physicians Plastic Surgery,69fdf00902bb2c42a87a0a88,"cm2757 - Corporate Medical Plaza II {CMP Building II, LLC}",evidenceOfInsurance,Evidence of Insurance,workersCompensation,Workers' Compensation and Employer's Liability,evidenceOfInsuranceWorkersCompensationWaiverOfSubrogationEndorsement,Waiver of Subrogation,"---prompt---
Determine if the insurer has waived their right of subrogation in favor of the certificate holder under the Workers' Compensation policy. Evidence may include: a checked ""Waiver of Subrogation"" box on the certificate, mention in the Description of Operations section stating ""waiver of subrogation applies"", or reference to form WC 00 03 13. Look for language like ""subrogation is waived"" or ""per written contract"".",matchOnce,must be present,,,non_compliant,Block Requirements,,,false,0,,2026-08-16
"Block Real Estate Services, LLC",6a185811dbcac4598a69611a,6a1857d1b517ae25a878d29f,The University of Kansas Physicians Plastic Surgery,69fdf00902bb2c42a87a0a88,"cm2757 - Corporate Medical Plaza II {CMP Building II, LLC}",evidenceOfInsurance,Evidence of Insurance,6ac20aae-5728-5d57-b364-aeba38527dba,Additional Requirements,4da5b0f1-4c9d-5885-8cf8-5d3cccaed3e0,"Block Real Estate Services, LLC and all others required by contract are named as Additional Insureds","---prompt---
Determine if the Description of Operations or the Additional Remarks Schedule section states the ""Additional Insured as Construction Management, Inc. and all others required by contract"" or reference to blanket additional insured coverage. Look for language like ""certificate holder is additional insured"" or ""per written contract"".",matchOnce,must be present,,,non_compliant,Block Requirements,,,true,0,,2026-08-16
"Block Real Estate Services, LLC",6a185811dbcac4598a69611a,6a1857d1b517ae25a878d29f,The University of Kansas Physicians Plastic Surgery,69fdf00902bb2c42a87a0a88,"cm2757 - Corporate Medical Plaza II {CMP Building II, LLC}",evidenceOfInsurance,Evidence of Insurance,6ac20aae-5728-5d57-b364-aeba38527dba,Additional Requirements,e1017741-e47e-5f58-97b8-fbc3043e919f,Umbrella follows form over General Liability,"---prompt---
Determine if the Umbrella/Excess Liability policy follows form to the underlying policies. Evidence may include: language in the Description of Operations section stating the umbrella follows form to underlying coverages or an additional page endorsement stating that it follows form. Follow form means the umbrella policy adopts the same terms, conditions, and exclusions as the underlying policies.",matchOnce,must be present,,,non_compliant,Block Requirements,,,true,0,,2026-08-16
"Block Real Estate Services, LLC",6a185811dbcac4598a69611a,6a1857d1b517ae25a878d29f,The University of Kansas Physicians Plastic Surgery,69fdf00902bb2c42a87a0a88,"cm2757 - Corporate Medical Plaza II {CMP Building II, LLC}",evidenceOfInsurance,Evidence of Insurance,6ac20aae-5728-5d57-b364-aeba38527dba,Additional Requirements,2cdd866f-c9a4-576a-afd8-1d045762790c,"The location must be listed as: 10777 Nall Avenue, Suite 210, Overland Park, KS, 66211",,matchOnce,must be present,,,non_compliant,Block Requirements,,,true,0,,2026-08-16
"Block Real Estate Services, LLC",6a185811dbcac4598a69611a,6a1857d1b517ae25a878d29f,The University of Kansas Physicians Plastic Surgery,69fdf00902bb2c42a87a0a88,"cm2757 - Corporate Medical Plaza II {CMP Building II, LLC}",evidenceOfInsurance,Evidence of Insurance,6ac20aae-5728-5d57-b364-aeba38527dba,Additional Requirements,3649e9d1-4e09-59bf-8f30-cb33c40cf117,"Certificate Holder must read: c/o Block Real Estate Services, LLC, 4622 Pennsylvania St., Suite 700, Kansas City, MO, 64112",,matchOnce,must be present,,,non_compliant,Block Requirements,,,true,0,,2026-08-16
"Block Real Estate Services, LLC",6a185811dbcac4598a69611b,6a1857dba4bcce858bf09778,Hanger Clinic (sublease of APEX / KC Orthopaedic Institute),69fdf00902bb2c42a87a0a88,"cm2757 - Corporate Medical Plaza II {CMP Building II, LLC}",evidenceOfInsurance,Evidence of Insurance,commercialGeneralLiability,Commercial General Liability,evidenceOfInsuranceCommercialGeneralLiabilityCoverageTriggerOccurrence,Coverage Trigger: Occurrence,,matchOnce,must be present,,,non_compliant,Block Requirements,,,false,0,,2026-08-16
"Block Real Estate Services, LLC",6a185811dbcac4598a69611b,6a1857dba4bcce858bf09778,Hanger Clinic (sublease of APEX / KC Orthopaedic Institute),69fdf00902bb2c42a87a0a88,"cm2757 - Corporate Medical Plaza II {CMP Building II, LLC}",evidenceOfInsurance,Evidence of Insurance,commercialGeneralLiability,Commercial General Liability,evidenceOfInsuranceCommercialGeneralLiabilityGeneralAggregateLimitAppliesPerLocation,General Aggregate Limit Applies per: Location,,matchOnce,must be present,,,non_compliant,Block Requirements,,,false,0,,2026-08-16
"Block Real Estate Services, LLC",6a185811dbcac4598a69611b,6a1857dba4bcce858bf09778,Hanger Clinic (sublease of APEX / KC Orthopaedic Institute),69fdf00902bb2c42a87a0a88,"cm2757 - Corporate Medical Plaza II {CMP Building II, LLC}",evidenceOfInsurance,Evidence of Insurance,commercialGeneralLiability,Commercial General Liability,evidenceOfInsuranceCommercialGeneralLiabilityEachOccurrence,Each Occurrence,,matchOnce,must be greater or equal to,1000000,,non_compliant,Block Requirements,,,false,0,,2026-08-16
"Block Real Estate Services, LLC",6a185811dbcac4598a69611b,6a1857dba4bcce858bf09778,Hanger Clinic (sublease of APEX / KC Orthopaedic Institute),69fdf00902bb2c42a87a0a88,"cm2757 - Corporate Medical Plaza II {CMP Building II, LLC}",evidenceOfInsurance,Evidence of Insurance,commercialGeneralLiability,Commercial General Liability,evidenceOfInsuranceCommercialGeneralLiabilityGeneralAggregate,General Aggregate,,matchOnce,must be greater or equal to,2000000,,non_compliant,Block Requirements,,,false,0,,2026-08-16
"Block Real Estate Services, LLC",6a185811dbcac4598a69611b,6a1857dba4bcce858bf09778,Hanger Clinic (sublease of APEX / KC Orthopaedic Institute),69fdf00902bb2c42a87a0a88,"cm2757 - Corporate Medical Plaza II {CMP Building II, LLC}",evidenceOfInsurance,Evidence of Insurance,commercialGeneralLiability,Commercial General Liability,evidenceOfInsuranceCommercialGeneralLiabilityWaiverOfSubrogationEndorsement,Waiver of Subrogation,"---prompt---
Determine if the insurer has waived their right of subrogation in favor of the certificate holder under the Commercial General Liability policy. Evidence may include: a checked ""Waiver of Subrogation"" box on the certificate, mention in the Description of Operations section stating ""waiver of subrogation applies"", or reference to form CG 24 04. Look for language like ""subrogation is waived"" or ""per written contract"".",matchOnce,must be present,,,non_compliant,Block Requirements,,,false,0,,2026-08-16
"Block Real Estate Services, LLC",6a185811dbcac4598a69611b,6a1857dba4bcce858bf09778,Hanger Clinic (sublease of APEX / KC Orthopaedic Institute),69fdf00902bb2c42a87a0a88,"cm2757 - Corporate Medical Plaza II {CMP Building II, LLC}",evidenceOfInsurance,Evidence of Insurance,excessOrUmbrellaLiability,Umbrella/Excess Liability,evidenceOfInsuranceExcessOrUmbrellaLiabilityOccurence,Coverage Trigger: Occurrence,,matchOnce,must be present,,,non_compliant,Block Requirements,,,false,0,,2026-08-16
"Block Real Estate Services, LLC",6a185811dbcac4598a69611b,6a1857dba4bcce858bf09778,Hanger Clinic (sublease of APEX / KC Orthopaedic Institute),69fdf00902bb2c42a87a0a88,"cm2757 - Corporate Medical Plaza II {CMP Building II, LLC}",evidenceOfInsurance,Evidence of Insurance,excessOrUmbrellaLiability,Umbrella/Excess Liability,evidenceOfInsuranceExcessOrUmbrellaLiabilityEachOccurrence,Each Occurrence,,matchOnce,must be greater or equal to,1000000,,non_compliant,Block Requirements,,,false,0,,2026-08-16
"Block Real Estate Services, LLC",6a185811dbcac4598a69611b,6a1857dba4bcce858bf09778,Hanger Clinic (sublease of APEX / KC Orthopaedic Institute),69fdf00902bb2c42a87a0a88,"cm2757 - Corporate Medical Plaza II {CMP Building II, LLC}",evidenceOfInsurance,Evidence of Insurance,excessOrUmbrellaLiability,Umbrella/Excess Liability,evidenceOfInsuranceExcessOrUmbrellaLiabilityAggregate,Aggregate,,matchOnce,must be greater or equal to,1000000,,non_compliant,Block Requirements,,,false,0,,2026-08-16
"Block Real Estate Services, LLC",6a185811dbcac4598a69611b,6a1857dba4bcce858bf09778,Hanger Clinic (sublease of APEX / KC Orthopaedic Institute),69fdf00902bb2c42a87a0a88,"cm2757 - Corporate Medical Plaza II {CMP Building II, LLC}",evidenceOfInsurance,Evidence of Insurance,workersCompensation,Workers' Compensation and Employer's Liability,evidenceOfInsuranceWorkersCompensationStatutoryLimits,Statutory Limits,,matchOnce,must be present,,,non_compliant,Block Requirements,,,false,0,,2026-08-16
"Block Real Estate Services, LLC",6a185811dbcac4598a69611b,6a1857dba4bcce858bf09778,Hanger Clinic (sublease of APEX / KC Orthopaedic Institute),69fdf00902bb2c42a87a0a88,"cm2757 - Corporate Medical Plaza II {CMP Building II, LLC}",evidenceOfInsurance,Evidence of Insurance,workersCompensation,Workers' Compensation and Employer's Liability,evidenceOfInsuranceWorkersCompensationEmployersLiabilityEachAccident,Employer's Liability Each Accident,,matchOnce,must be greater or equal to,500000,,non_compliant,Block Requirements,,,false,0,,2026-08-16
"Block Real Estate Services, LLC",6a185811dbcac4598a69611b,6a1857dba4bcce858bf09778,Hanger Clinic (sublease of APEX / KC Orthopaedic Institute),69fdf00902bb2c42a87a0a88,"cm2757 - Corporate Medical Plaza II {CMP Building II, LLC}",evidenceOfInsurance,Evidence of Insurance,workersCompensation,Workers' Compensation and Employer's Liability,evidenceOfInsuranceWorkersCompensationEmployersLiabilityDiseaseEachEmployee,Employer's Liability Disease - each employee,,matchOnce,must be greater or equal to,500000,,non_compliant,Block Requirements,,,false,0,,2026-08-16
"Block Real Estate Services, LLC",6a185811dbcac4598a69611b,6a1857dba4bcce858bf09778,Hanger Clinic (sublease of APEX / KC Orthopaedic Institute),69fdf00902bb2c42a87a0a88,"cm2757 - Corporate Medical Plaza II {CMP Building II, LLC}",evidenceOfInsurance,Evidence of Insurance,workersCompensation,Workers' Compensation and Employer's Liability,evidenceOfInsuranceWorkersCompensationEmployersLiabilityDiseasePolicyLimit,Employer's Liability Disease - policy limit,,matchOnce,must be greater or equal to,500000,,non_compliant,Block Requirements,,,false,0,,2026-08-16
"Block Real Estate Services, LLC",6a185811dbcac4598a69611b,6a1857dba4bcce858bf09778,Hanger Clinic (sublease of APEX / KC Orthopaedic Institute),69fdf00902bb2c42a87a0a88,"cm2757 - Corporate Medical Plaza II {CMP Building II, LLC}",evidenceOfInsurance,Evidence of Insurance,workersCompensation,Workers' Compensation and Employer's Liability,evidenceOfInsuranceWorkersCompensationWaiverOfSubrogationEndorsement,Waiver of Subrogation,"---prompt---
Determine if the insurer has waived their right of subrogation in favor of the certificate holder under the Workers' Compensation policy. Evidence may include: a checked ""Waiver of Subrogation"" box on the certificate, mention in the Description of Operations section stating ""waiver of subrogation applies"", or reference to form WC 00 03 13. Look for language like ""subrogation is waived"" or ""per written contract"".",matchOnce,must be present,,,non_compliant,Block Requirements,,,false,0,,2026-08-16
"Block Real Estate Services, LLC",6a185811dbcac4598a69611b,6a1857dba4bcce858bf09778,Hanger Clinic (sublease of APEX / KC Orthopaedic Institute),69fdf00902bb2c42a87a0a88,"cm2757 - Corporate Medical Plaza II {CMP Building II, LLC}",evidenceOfInsurance,Evidence of Insurance,6ac20aae-5728-5d57-b364-aeba38527dba,Additional Requirements,4da5b0f1-4c9d-5885-8cf8-5d3cccaed3e0,"Block Real Estate Services, LLC and all others required by contract are named as Additional Insureds","---prompt---
Determine if the Description of Operations or the Additional Remarks Schedule section states the ""Additional Insured as Construction Management, Inc. and all others required by contract"" or reference to blanket additional insured coverage. Look for language like ""certificate holder is additional insured"" or ""per written contract"".",matchOnce,must be present,,,non_compliant,Block Requirements,,,true,0,,2026-08-16
"Block Real Estate Services, LLC",6a185811dbcac4598a69611b,6a1857dba4bcce858bf09778,Hanger Clinic (sublease of APEX / KC Orthopaedic Institute),69fdf00902bb2c42a87a0a88,"cm2757 - Corporate Medical Plaza II {CMP Building II, LLC}",evidenceOfInsurance,Evidence of Insurance,6ac20aae-5728-5d57-b364-aeba38527dba,Additional Requirements,e1017741-e47e-5f58-97b8-fbc3043e919f,Umbrella follows form over General Liability,"---prompt---
Determine if the Umbrella/Excess Liability policy follows form to the underlying policies. Evidence may include: language in the Description of Operations section stating the umbrella follows form to underlying coverages or an additional page endorsement stating that it follows form. Follow form means the umbrella policy adopts the same terms, conditions, and exclusions as the underlying policies.",matchOnce,must be present,,,non_compliant,Block Requirements,,,true,0,,2026-08-16
"Block Real Estate Services, LLC",6a185811dbcac4598a69611b,6a1857dba4bcce858bf09778,Hanger Clinic (sublease of APEX / KC Orthopaedic Institute),69fdf00902bb2c42a87a0a88,"cm2757 - Corporate Medical Plaza II {CMP Building II, LLC}",evidenceOfInsurance,Evidence of Insurance,6ac20aae-5728-5d57-b364-aeba38527dba,Additional Requirements,2cdd866f-c9a4-576a-afd8-1d045762790c,"The location must be listed as: 10777 Nall Avenue, Suite 310, Overland Park, KS, 66211",,matchOnce,must be present,,,non_compliant,Block Requirements,,,true,0,,2026-08-16
"Block Real Estate Services, LLC",6a185811dbcac4598a69611b,6a1857dba4bcce858bf09778,Hanger Clinic (sublease of APEX / KC Orthopaedic Institute),69fdf00902bb2c42a87a0a88,"cm2757 - Corporate Medical Plaza II {CMP Building II, LLC}",evidenceOfInsurance,Evidence of Insurance,6ac20aae-5728-5d57-b364-aeba38527dba,Additional Requirements,3649e9d1-4e09-59bf-8f30-cb33c40cf117,"Certificate Holder must read: c/o Block Real Estate Services, LLC, 4622 Pennsylvania St., Suite 700, Kansas City, MO, 64112",,matchOnce,must be present,,,non_compliant,Block Requirements,,,true,0,,2026-08-16
"Block Real Estate Services, LLC",6a185811dbcac4598a69611c,6a1857e9a4bcce858bf099bb,"USA Vein Clinics (fka Vein Clinics of America, Inc.)",69fdf00902bb2c42a87a0a88,"cm2757 - Corporate Medical Plaza II {CMP Building II, LLC}",evidenceOfInsurance,Evidence of Insurance,commercialGeneralLiability,Commercial General Liability,evidenceOfInsuranceCommercialGeneralLiabilityCoverageTriggerOccurrence,Coverage Trigger: Occurrence,,matchOnce,must be present,,,non_compliant,Block Requirements,,,false,0,,2026-08-16
"Block Real Estate Services, LLC",6a185811dbcac4598a69611c,6a1857e9a4bcce858bf099bb,"USA Vein Clinics (fka Vein Clinics of America, Inc.)",69fdf00902bb2c42a87a0a88,"cm2757 - Corporate Medical Plaza II {CMP Building II, LLC}",evidenceOfInsurance,Evidence of Insurance,commercialGeneralLiability,Commercial General Liability,evidenceOfInsuranceCommercialGeneralLiabilityGeneralAggregateLimitAppliesPerLocation,General Aggregate Limit Applies per: Location,,matchOnce,must be present,,,non_compliant,Block Requirements,,,false,0,,2026-08-16
"Block Real Estate Services, LLC",6a185811dbcac4598a69611c,6a1857e9a4bcce858bf099bb,"USA Vein Clinics (fka Vein Clinics of America, Inc.)",69fdf00902bb2c42a87a0a88,"cm2757 - Corporate Medical Plaza II {CMP Building II, LLC}",evidenceOfInsurance,Evidence of Insurance,commercialGeneralLiability,Commercial General Liability,evidenceOfInsuranceCommercialGeneralLiabilityEachOccurrence,Each Occurrence,,matchOnce,must be greater or equal to,1000000,,non_compliant,Block Requirements,,,false,0,,2026-08-16
"Block Real Estate Services, LLC",6a185811dbcac4598a69611c,6a1857e9a4bcce858bf099bb,"USA Vein Clinics (fka Vein Clinics of America, Inc.)",69fdf00902bb2c42a87a0a88,"cm2757 - Corporate Medical Plaza II {CMP Building II, LLC}",evidenceOfInsurance,Evidence of Insurance,commercialGeneralLiability,Commercial General Liability,evidenceOfInsuranceCommercialGeneralLiabilityGeneralAggregate,General Aggregate,,matchOnce,must be greater or equal to,2000000,,non_compliant,Block Requirements,,,false,0,,2026-08-16
"Block Real Estate Services, LLC",6a185811dbcac4598a69611c,6a1857e9a4bcce858bf099bb,"USA Vein Clinics (fka Vein Clinics of America, Inc.)",69fdf00902bb2c42a87a0a88,"cm2757 - Corporate Medical Plaza II {CMP Building II, LLC}",evidenceOfInsurance,Evidence of Insurance,commercialGeneralLiability,Commercial General Liability,evidenceOfInsuranceCommercialGeneralLiabilityWaiverOfSubrogationEndorsement,Waiver of Subrogation,"---prompt---
Determine if the insurer has waived their right of subrogation in favor of the certificate holder under the Commercial General Liability policy. Evidence may include: a checked ""Waiver of Subrogation"" box on the certificate, mention in the Description of Operations section stating ""waiver of subrogation applies"", or reference to form CG 24 04. Look for language like ""subrogation is waived"" or ""per written contract"".",matchOnce,must be present,,,non_compliant,Block Requirements,,,false,0,,2026-08-16
"Block Real Estate Services, LLC",6a185811dbcac4598a69611c,6a1857e9a4bcce858bf099bb,"USA Vein Clinics (fka Vein Clinics of America, Inc.)",69fdf00902bb2c42a87a0a88,"cm2757 - Corporate Medical Plaza II {CMP Building II, LLC}",evidenceOfInsurance,Evidence of Insurance,excessOrUmbrellaLiability,Umbrella/Excess Liability,evidenceOfInsuranceExcessOrUmbrellaLiabilityOccurence,Coverage Trigger: Occurrence,,matchOnce,must be present,,,non_compliant,Block Requirements,,,false,0,,2026-08-16
"Block Real Estate Services, LLC",6a185811dbcac4598a69611c,6a1857e9a4bcce858bf099bb,"USA Vein Clinics (fka Vein Clinics of America, Inc.)",69fdf00902bb2c42a87a0a88,"cm2757 - Corporate Medical Plaza II {CMP Building II, LLC}",evidenceOfInsurance,Evidence of Insurance,excessOrUmbrellaLiability,Umbrella/Excess Liability,evidenceOfInsuranceExcessOrUmbrellaLiabilityEachOccurrence,Each Occurrence,,matchOnce,must be greater or equal to,1000000,,non_compliant,Block Requirements,,,false,0,,2026-08-16
"Block Real Estate Services, LLC",6a185811dbcac4598a69611c,6a1857e9a4bcce858bf099bb,"USA Vein Clinics (fka Vein Clinics of America, Inc.)",69fdf00902bb2c42a87a0a88,"cm2757 - Corporate Medical Plaza II {CMP Building II, LLC}",evidenceOfInsurance,Evidence of Insurance,excessOrUmbrellaLiability,Umbrella/Excess Liability,evidenceOfInsuranceExcessOrUmbrellaLiabilityAggregate,Aggregate,,matchOnce,must be greater or equal to,1000000,,non_compliant,Block Requirements,,,false,0,,2026-08-16
"Block Real Estate Services, LLC",6a185811dbcac4598a69611c,6a1857e9a4bcce858bf099bb,"USA Vein Clinics (fka Vein Clinics of America, Inc.)",69fdf00902bb2c42a87a0a88,"cm2757 - Corporate Medical Plaza II {CMP Building II, LLC}",evidenceOfInsurance,Evidence of Insurance,workersCompensation,Workers' Compensation and Employer's Liability,evidenceOfInsuranceWorkersCompensationStatutoryLimits,Statutory Limits,,matchOnce,must be present,,,non_compliant,Block Requirements,,,false,0,,2026-08-16
"Block Real Estate Services, LLC",6a185811dbcac4598a69611c,6a1857e9a4bcce858bf099bb,"USA Vein Clinics (fka Vein Clinics of America, Inc.)",69fdf00902bb2c42a87a0a88,"cm2757 - Corporate Medical Plaza II {CMP Building II, LLC}",evidenceOfInsurance,Evidence of Insurance,workersCompensation,Workers' Compensation and Employer's Liability,evidenceOfInsuranceWorkersCompensationEmployersLiabilityEachAccident,Employer's Liability Each Accident,,matchOnce,must be greater or equal to,500000,,non_compliant,Block Requirements,,,false,0,,2026-08-16
"Block Real Estate Services, LLC",6a185811dbcac4598a69611c,6a1857e9a4bcce858bf099bb,"USA Vein Clinics (fka Vein Clinics of America, Inc.)",69fdf00902bb2c42a87a0a88,"cm2757 - Corporate Medical Plaza II {CMP Building II, LLC}",evidenceOfInsurance,Evidence of Insurance,workersCompensation,Workers' Compensation and Employer's Liability,evidenceOfInsuranceWorkersCompensationEmployersLiabilityDiseaseEachEmployee,Employer's Liability Disease - each employee,,matchOnce,must be greater or equal to,500000,,non_compliant,Block Requirements,,,false,0,,2026-08-16
"Block Real Estate Services, LLC",6a185811dbcac4598a69611c,6a1857e9a4bcce858bf099bb,"USA Vein Clinics (fka Vein Clinics of America, Inc.)",69fdf00902bb2c42a87a0a88,"cm2757 - Corporate Medical Plaza II {CMP Building II, LLC}",evidenceOfInsurance,Evidence of Insurance,workersCompensation,Workers' Compensation and Employer's Liability,evidenceOfInsuranceWorkersCompensationEmployersLiabilityDiseasePolicyLimit,Employer's Liability Disease - policy limit,,matchOnce,must be greater or equal to,500000,,non_compliant,Block Requirements,,,false,0,,2026-08-16
"Block Real Estate Services, LLC",6a185811dbcac4598a69611c,6a1857e9a4bcce858bf099bb,"USA Vein Clinics (fka Vein Clinics of America, Inc.)",69fdf00902bb2c42a87a0a88,"cm2757 - Corporate Medical Plaza II {CMP Building II, LLC}",evidenceOfInsurance,Evidence of Insurance,workersCompensation,Workers' Compensation and Employer's Liability,evidenceOfInsuranceWorkersCompensationWaiverOfSubrogationEndorsement,Waiver of Subrogation,"---prompt---
Determine if the insurer has waived their right of subrogation in favor of the certificate holder under the Workers' Compensation policy. Evidence may include: a checked ""Waiver of Subrogation"" box on the certificate, mention in the Description of Operations section stating ""waiver of subrogation applies"", or reference to form WC 00 03 13. Look for language like ""subrogation is waived"" or ""per written contract"".",matchOnce,must be present,,,non_compliant,Block Requirements,,,false,0,,2026-08-16
"Block Real Estate Services, LLC",6a185811dbcac4598a69611c,6a1857e9a4bcce858bf099bb,"USA Vein Clinics (fka Vein Clinics of America, Inc.)",69fdf00902bb2c42a87a0a88,"cm2757 - Corporate Medical Plaza II {CMP Building II, LLC}",evidenceOfInsurance,Evidence of Insurance,6ac20aae-5728-5d57-b364-aeba38527dba,Additional Requirements,4da5b0f1-4c9d-5885-8cf8-5d3cccaed3e0,"Block Real Estate Services, LLC and all others required by contract are named as Additional Insureds","---prompt---
Determine if the Description of Operations or the Additional Remarks Schedule section states the ""Additional Insured as Construction Management, Inc. and all others required by contract"" or reference to blanket additional insured coverage. Look for language like ""certificate holder is additional insured"" or ""per written contract"".",matchOnce,must be present,,,non_compliant,Block Requirements,,,true,0,,2026-08-16
"Block Real Estate Services, LLC",6a185811dbcac4598a69611c,6a1857e9a4bcce858bf099bb,"USA Vein Clinics (fka Vein Clinics of America, Inc.)",69fdf00902bb2c42a87a0a88,"cm2757 - Corporate Medical Plaza II {CMP Building II, LLC}",evidenceOfInsurance,Evidence of Insurance,6ac20aae-5728-5d57-b364-aeba38527dba,Additional Requirements,e1017741-e47e-5f58-97b8-fbc3043e919f,Umbrella follows form over General Liability,"---prompt---
Determine if the Umbrella/Excess Liability policy follows form to the underlying policies. Evidence may include: language in the Description of Operations section stating the umbrella follows form to underlying coverages or an additional page endorsement stating that it follows form. Follow form means the umbrella policy adopts the same terms, conditions, and exclusions as the underlying policies.",matchOnce,must be present,,,non_compliant,Block Requirements,,,true,0,,2026-08-16
"Block Real Estate Services, LLC",6a185811dbcac4598a69611c,6a1857e9a4bcce858bf099bb,"USA Vein Clinics (fka Vein Clinics of America, Inc.)",69fdf00902bb2c42a87a0a88,"cm2757 - Corporate Medical Plaza II {CMP Building II, LLC}",evidenceOfInsurance,Evidence of Insurance,6ac20aae-5728-5d57-b364-aeba38527dba,Additional Requirements,2cdd866f-c9a4-576a-afd8-1d045762790c,"The location must be listed as: 10777 Nall Avenue, Suite 315, Overland Park, KS, 66211",,matchOnce,must be present,,,non_compliant,Block Requirements,,,true,0,,2026-08-16
"Block Real Estate Services, LLC",6a185811dbcac4598a69611c,6a1857e9a4bcce858bf099bb,"USA Vein Clinics (fka Vein Clinics of America, Inc.)",69fdf00902bb2c42a87a0a88,"cm2757 - Corporate Medical Plaza II {CMP Building II, LLC}",evidenceOfInsurance,Evidence of Insurance,6ac20aae-5728-5d57-b364-aeba38527dba,Additional Requirements,3649e9d1-4e09-59bf-8f30-cb33c40cf117,"Certificate Holder must read: c/o Block Real Estate Services, LLC, 4622 Pennsylvania St., Suite 700, Kansas City, MO, 64112",,matchOnce,must be present,,,non_compliant,Block Requirements,,,true,0,,2026-08-16
"Block Real Estate Services, LLC",69fdf79262446148bd859c33,69fded1d62446148bd849030,"Walgreens / Option Care Enterprises, Inc.",69fdf10038cbea6b3a6932b8,"prg838 - Pine Ridge Building 12 {PERG BUILDINGS, LLC}",evidenceOfInsurance,Evidence of Insurance,commercialGeneralLiability,Commercial General Liability,evidenceOfInsuranceCommercialGeneralLiabilityCoverageTriggerOccurrence,Coverage Trigger: Occurrence,,matchOnce,must be present,,Present,compliant,Block Requirements,,,false,1,,2026-08-16
"Block Real Estate Services, LLC",69fdf79262446148bd859c33,69fded1d62446148bd849030,"Walgreens / Option Care Enterprises, Inc.",69fdf10038cbea6b3a6932b8,"prg838 - Pine Ridge Building 12 {PERG BUILDINGS, LLC}",evidenceOfInsurance,Evidence of Insurance,commercialGeneralLiability,Commercial General Liability,evidenceOfInsuranceCommercialGeneralLiabilityGeneralAggregateLimitAppliesPerLocation,General Aggregate Limit Applies per: Location,,matchOnce,must be present,,,waived,Block Requirements,Per location not a requirement in the lease,,false,0,,2026-08-16
"Block Real Estate Services, LLC",69fdf79262446148bd859c33,69fded1d62446148bd849030,"Walgreens / Option Care Enterprises, Inc.",69fdf10038cbea6b3a6932b8,"prg838 - Pine Ridge Building 12 {PERG BUILDINGS, LLC}",evidenceOfInsurance,Evidence of Insurance,commercialGeneralLiability,Commercial General Liability,evidenceOfInsuranceCommercialGeneralLiabilityEachOccurrence,Each Occurrence,,matchOnce,must be greater or equal to,1000000,1000000,compliant,Block Requirements,,,false,1,,2026-08-16
"Block Real Estate Services, LLC",69fdf79262446148bd859c33,69fded1d62446148bd849030,"Walgreens / Option Care Enterprises, Inc.",69fdf10038cbea6b3a6932b8,"prg838 - Pine Ridge Building 12 {PERG BUILDINGS, LLC}",evidenceOfInsurance,Evidence of Insurance,commercialGeneralLiability,Commercial General Liability,evidenceOfInsuranceCommercialGeneralLiabilityGeneralAggregate,General Aggregate,,matchOnce,must be greater or equal to,2000000,3000000,compliant,Block Requirements,,,false,1,,2026-08-16
"Block Real Estate Services, LLC",69fdf79262446148bd859c33,69fded1d62446148bd849030,"Walgreens / Option Care Enterprises, Inc.",69fdf10038cbea6b3a6932b8,"prg838 - Pine Ridge Building 12 {PERG BUILDINGS, LLC}",evidenceOfInsurance,Evidence of Insurance,commercialGeneralLiability,Commercial General Liability,evidenceOfInsuranceCommercialGeneralLiabilityWaiverOfSubrogationEndorsement,Waiver of Subrogation,"---prompt---
Determine if the insurer has waived their right of subrogation in favor of the certificate holder under the Commercial General Liability policy. Evidence may include: a checked ""Waiver of Subrogation"" box on the certificate, mention in the Description of Operations section stating ""waiver of subrogation applies"", or reference to form CG 24 04. Look for language like ""subrogation is waived"" or ""per written contract"".",matchOnce,must be present,,Present,compliant,Block Requirements,,,false,1,,2026-08-16
"Block Real Estate Services, LLC",69fdf79262446148bd859c33,69fded1d62446148bd849030,"Walgreens / Option Care Enterprises, Inc.",69fdf10038cbea6b3a6932b8,"prg838 - Pine Ridge Building 12 {PERG BUILDINGS, LLC}",evidenceOfInsurance,Evidence of Insurance,excessOrUmbrellaLiability,Umbrella/Excess Liability,evidenceOfInsuranceExcessOrUmbrellaLiabilityOccurence,Coverage Trigger: Occurrence,,matchOnce,must be present,,,waived,Block Requirements,Per occurrence or claim is accepted in lease,,false,0,,2026-08-16
"Block Real Estate Services, LLC",69fdf79262446148bd859c33,69fded1d62446148bd849030,"Walgreens / Option Care Enterprises, Inc.",69fdf10038cbea6b3a6932b8,"prg838 - Pine Ridge Building 12 {PERG BUILDINGS, LLC}",evidenceOfInsurance,Evidence of Insurance,excessOrUmbrellaLiability,Umbrella/Excess Liability,evidenceOfInsuranceExcessOrUmbrellaLiabilityEachOccurrence,Each Occurrence,,matchOnce,must be greater or equal to,1000000,10000000,compliant,Block Requirements,,,false,1,,2026-08-16
"Block Real Estate Services, LLC",69fdf79262446148bd859c33,69fded1d62446148bd849030,"Walgreens / Option Care Enterprises, Inc.",69fdf10038cbea6b3a6932b8,"prg838 - Pine Ridge Building 12 {PERG BUILDINGS, LLC}",evidenceOfInsurance,Evidence of Insurance,excessOrUmbrellaLiability,Umbrella/Excess Liability,evidenceOfInsuranceExcessOrUmbrellaLiabilityAggregate,Aggregate,,matchOnce,must be greater or equal to,1000000,10000000,compliant,Block Requirements,,,false,1,,2026-08-16
"Block Real Estate Services, LLC",69fdf79262446148bd859c33,69fded1d62446148bd849030,"Walgreens / Option Care Enterprises, Inc.",69fdf10038cbea6b3a6932b8,"prg838 - Pine Ridge Building 12 {PERG BUILDINGS, LLC}",evidenceOfInsurance,Evidence of Insurance,workersCompensation,Workers' Compensation and Employer's Liability,evidenceOfInsuranceWorkersCompensationStatutoryLimits,Statutory Limits,,matchOnce,must be present,,Present,compliant,Block Requirements,,,false,1,,2026-08-16
"Block Real Estate Services, LLC",69fdf79262446148bd859c33,69fded1d62446148bd849030,"Walgreens / Option Care Enterprises, Inc.",69fdf10038cbea6b3a6932b8,"prg838 - Pine Ridge Building 12 {PERG BUILDINGS, LLC}",evidenceOfInsurance,Evidence of Insurance,workersCompensation,Workers' Compensation and Employer's Liability,evidenceOfInsuranceWorkersCompensationEmployersLiabilityEachAccident,Employer's Liability Each Accident,,matchOnce,must be greater or equal to,500000,1000000,compliant,Block Requirements,,,false,1,,2026-08-16
"Block Real Estate Services, LLC",69fdf79262446148bd859c33,69fded1d62446148bd849030,"Walgreens / Option Care Enterprises, Inc.",69fdf10038cbea6b3a6932b8,"prg838 - Pine Ridge Building 12 {PERG BUILDINGS, LLC}",evidenceOfInsurance,Evidence of Insurance,workersCompensation,Workers' Compensation and Employer's Liability,evidenceOfInsuranceWorkersCompensationEmployersLiabilityDiseaseEachEmployee,Employer's Liability Disease - each employee,,matchOnce,must be greater or equal to,500000,1000000,compliant,Block Requirements,,,false,1,,2026-08-16
"Block Real Estate Services, LLC",69fdf79262446148bd859c33,69fded1d62446148bd849030,"Walgreens / Option Care Enterprises, Inc.",69fdf10038cbea6b3a6932b8,"prg838 - Pine Ridge Building 12 {PERG BUILDINGS, LLC}",evidenceOfInsurance,Evidence of Insurance,workersCompensation,Workers' Compensation and Employer's Liability,evidenceOfInsuranceWorkersCompensationEmployersLiabilityDiseasePolicyLimit,Employer's Liability Disease - policy limit,,matchOnce,must be greater or equal to,500000,1000000,compliant,Block Requirements,,,false,1,,2026-08-16
"Block Real Estate Services, LLC",69fdf79262446148bd859c33,69fded1d62446148bd849030,"Walgreens / Option Care Enterprises, Inc.",69fdf10038cbea6b3a6932b8,"prg838 - Pine Ridge Building 12 {PERG BUILDINGS, LLC}",evidenceOfInsurance,Evidence of Insurance,workersCompensation,Workers' Compensation and Employer's Liability,evidenceOfInsuranceWorkersCompensationWaiverOfSubrogationEndorsement,Waiver of Subrogation,"---prompt---
Determine if the insurer has waived their right of subrogation in favor of the certificate holder under the Workers' Compensation policy. Evidence may include: a checked ""Waiver of Subrogation"" box on the certificate, mention in the Description of Operations section stating ""waiver of subrogation applies"", or reference to form WC 00 03 13. Look for language like ""subrogation is waived"" or ""per written contract"".",matchOnce,must be present,,Present,compliant,Block Requirements,,,false,1,,2026-08-16
"Block Real Estate Services, LLC",69fdf79262446148bd859c33,69fded1d62446148bd849030,"Walgreens / Option Care Enterprises, Inc.",69fdf10038cbea6b3a6932b8,"prg838 - Pine Ridge Building 12 {PERG BUILDINGS, LLC}",evidenceOfInsurance,Evidence of Insurance,6ac20aae-5728-5d57-b364-aeba38527dba,Additional Requirements,4da5b0f1-4c9d-5885-8cf8-5d3cccaed3e0,"Block Real Estate Services, LLC and all others required by contract are named as Additional Insureds","---prompt---
Determine if the Description of Operations or the Additional Remarks Schedule section states the ""Additional Insured as Construction Management, Inc. and all others required by contract"" or reference to blanket additional insured coverage. Look for language like ""certificate holder is additional insured"" or ""per written contract"".",matchOnce,must be present,,Present,compliant,Block Requirements,,,true,1,,2026-08-16
"Block Real Estate Services, LLC",69fdf79262446148bd859c33,69fded1d62446148bd849030,"Walgreens / Option Care Enterprises, Inc.",69fdf10038cbea6b3a6932b8,"prg838 - Pine Ridge Building 12 {PERG BUILDINGS, LLC}",evidenceOfInsurance,Evidence of Insurance,6ac20aae-5728-5d57-b364-aeba38527dba,Additional Requirements,e1017741-e47e-5f58-97b8-fbc3043e919f,Umbrella follows form over General Liability,"---prompt---
Determine if the Umbrella/Excess Liability policy follows form to the underlying policies. Evidence may include: language in the Description of Operations section stating the umbrella follows form to underlying coverages or an additional page endorsement stating that it follows form. Follow form means the umbrella policy adopts the same terms, conditions, and exclusions as the underlying policies.",matchOnce,must be present,,Present,compliant,Block Requirements,,,true,1,,2026-08-16
"Block Real Estate Services, LLC",69fdf79262446148bd859c33,69fded1d62446148bd849030,"Walgreens / Option Care Enterprises, Inc.",69fdf10038cbea6b3a6932b8,"prg838 - Pine Ridge Building 12 {PERG BUILDINGS, LLC}",evidenceOfInsurance,Evidence of Insurance,6ac20aae-5728-5d57-b364-aeba38527dba,Additional Requirements,2cdd866f-c9a4-576a-afd8-1d045762790c,The location must be listed as: 8013 Flint Street Lenexa KS 66214,,matchOnce,must be present,,Present,compliant,Block Requirements,,,true,1,,2026-08-16
"Block Real Estate Services, LLC",69fdf79262446148bd859c33,69fded1d62446148bd849030,"Walgreens / Option Care Enterprises, Inc.",69fdf10038cbea6b3a6932b8,"prg838 - Pine Ridge Building 12 {PERG BUILDINGS, LLC}",evidenceOfInsurance,Evidence of Insurance,6ac20aae-5728-5d57-b364-aeba38527dba,Additional Requirements,3649e9d1-4e09-59bf-8f30-cb33c40cf117,"Certificate Holder must read: c/o Block Real Estate Services, LLC, 4622 Pennsylvania St., Suite 700, Kansas City, MO, 64112",,matchOnce,must be present,,Present,compliant,Block Requirements,,,true,1,,2026-08-16
"Block Real Estate Services, LLC",69fdf79262446148bd859c32,69fded1662446148bd848e41,"Hartfiel Automation, Inc.",69fdf10038cbea6b3a6932b8,"prg838 - Pine Ridge Building 12 {PERG BUILDINGS, LLC}",evidenceOfInsurance,Evidence of Insurance,commercialGeneralLiability,Commercial General Liability,evidenceOfInsuranceCommercialGeneralLiabilityCoverageTriggerOccurrence,Coverage Trigger: Occurrence,,matchOnce,must be present,,,non_compliant,Block Requirements,,,false,0,,2026-08-16
"Block Real Estate Services, LLC",69fdf79262446148bd859c32,69fded1662446148bd848e41,"Hartfiel Automation, Inc.",69fdf10038cbea6b3a6932b8,"prg838 - Pine Ridge Building 12 {PERG BUILDINGS, LLC}",evidenceOfInsurance,Evidence of Insurance,commercialGeneralLiability,Commercial General Liability,evidenceOfInsuranceCommercialGeneralLiabilityGeneralAggregateLimitAppliesPerLocation,General Aggregate Limit Applies per: Location,,matchOnce,must be present,,,non_compliant,Block Requirements,,,false,0,,2026-08-16
"Block Real Estate Services, LLC",69fdf79262446148bd859c32,69fded1662446148bd848e41,"Hartfiel Automation, Inc.",69fdf10038cbea6b3a6932b8,"prg838 - Pine Ridge Building 12 {PERG BUILDINGS, LLC}",evidenceOfInsurance,Evidence of Insurance,commercialGeneralLiability,Commercial General Liability,evidenceOfInsuranceCommercialGeneralLiabilityEachOccurrence,Each Occurrence,,matchOnce,must be greater or equal to,1000000,,non_compliant,Block Requirements,,,false,0,,2026-08-16
"Block Real Estate Services, LLC",69fdf79262446148bd859c32,69fded1662446148bd848e41,"Hartfiel Automation, Inc.",69fdf10038cbea6b3a6932b8,"prg838 - Pine Ridge Building 12 {PERG BUILDINGS, LLC}",evidenceOfInsurance,Evidence of Insurance,commercialGeneralLiability,Commercial General Liability,evidenceOfInsuranceCommercialGeneralLiabilityGeneralAggregate,General Aggregate,,matchOnce,must be greater or equal to,2000000,,non_compliant,Block Requirements,,,false,0,,2026-08-16
"Block Real Estate Services, LLC",69fdf79262446148bd859c32,69fded1662446148bd848e41,"Hartfiel Automation, Inc.",69fdf10038cbea6b3a6932b8,"prg838 - Pine Ridge Building 12 {PERG BUILDINGS, LLC}",evidenceOfInsurance,Evidence of Insurance,commercialGeneralLiability,Commercial General Liability,evidenceOfInsuranceCommercialGeneralLiabilityWaiverOfSubrogationEndorsement,Waiver of Subrogation,"---prompt---
Determine if the insurer has waived their right of subrogation in favor of the certificate holder under the Commercial General Liability policy. Evidence may include: a checked ""Waiver of Subrogation"" box on the certificate, mention in the Description of Operations section stating ""waiver of subrogation applies"", or reference to form CG 24 04. Look for language like ""subrogation is waived"" or ""per written contract"".",matchOnce,must be present,,,non_compliant,Block Requirements,,,false,0,,2026-08-16
"Block Real Estate Services, LLC",69fdf79262446148bd859c32,69fded1662446148bd848e41,"Hartfiel Automation, Inc.",69fdf10038cbea6b3a6932b8,"prg838 - Pine Ridge Building 12 {PERG BUILDINGS, LLC}",evidenceOfInsurance,Evidence of Insurance,excessOrUmbrellaLiability,Umbrella/Excess Liability,evidenceOfInsuranceExcessOrUmbrellaLiabilityOccurence,Coverage Trigger: Occurrence,,matchOnce,must be present,,,non_compliant,Block Requirements,,,false,0,,2026-08-16
"Block Real Estate Services, LLC",69fdf79262446148bd859c32,69fded1662446148bd848e41,"Hartfiel Automation, Inc.",69fdf10038cbea6b3a6932b8,"prg838 - Pine Ridge Building 12 {PERG BUILDINGS, LLC}",evidenceOfInsurance,Evidence of Insurance,excessOrUmbrellaLiability,Umbrella/Excess Liability,evidenceOfInsuranceExcessOrUmbrellaLiabilityEachOccurrence,Each Occurrence,,matchOnce,must be greater or equal to,1000000,,non_compliant,Block Requirements,,,false,0,,2026-08-16
"Block Real Estate Services, LLC",69fdf79262446148bd859c32,69fded1662446148bd848e41,"Hartfiel Automation, Inc.",69fdf10038cbea6b3a6932b8,"prg838 - Pine Ridge Building 12 {PERG BUILDINGS, LLC}",evidenceOfInsurance,Evidence of Insurance,excessOrUmbrellaLiability,Umbrella/Excess Liability,evidenceOfInsuranceExcessOrUmbrellaLiabilityAggregate,Aggregate,,matchOnce,must be greater or equal to,1000000,,non_compliant,Block Requirements,,,false,0,,2026-08-16
"Block Real Estate Services, LLC",69fdf79262446148bd859c32,69fded1662446148bd848e41,"Hartfiel Automation, Inc.",69fdf10038cbea6b3a6932b8,"prg838 - Pine Ridge Building 12 {PERG BUILDINGS, LLC}",evidenceOfInsurance,Evidence of Insurance,workersCompensation,Workers' Compensation and Employer's Liability,evidenceOfInsuranceWorkersCompensationStatutoryLimits,Statutory Limits,,matchOnce,must be present,,,non_compliant,Block Requirements,,,false,0,,2026-08-16
"Block Real Estate Services, LLC",69fdf79262446148bd859c32,69fded1662446148bd848e41,"Hartfiel Automation, Inc.",69fdf10038cbea6b3a6932b8,"prg838 - Pine Ridge Building 12 {PERG BUILDINGS, LLC}",evidenceOfInsurance,Evidence of Insurance,workersCompensation,Workers' Compensation and Employer's Liability,evidenceOfInsuranceWorkersCompensationEmployersLiabilityEachAccident,Employer's Liability Each Accident,,matchOnce,must be greater or equal to,500000,,non_compliant,Block Requirements,,,false,0,,2026-08-16
"Block Real Estate Services, LLC",69fdf79262446148bd859c32,69fded1662446148bd848e41,"Hartfiel Automation, Inc.",69fdf10038cbea6b3a6932b8,"prg838 - Pine Ridge Building 12 {PERG BUILDINGS, LLC}",evidenceOfInsurance,Evidence of Insurance,workersCompensation,Workers' Compensation and Employer's Liability,evidenceOfInsuranceWorkersCompensationEmployersLiabilityDiseaseEachEmployee,Employer's Liability Disease - each employee,,matchOnce,must be greater or equal to,500000,,non_compliant,Block Requirements,,,false,0,,2026-08-16
"Block Real Estate Services, LLC",69fdf79262446148bd859c32,69fded1662446148bd848e41,"Hartfiel Automation, Inc.",69fdf10038cbea6b3a6932b8,"prg838 - Pine Ridge Building 12 {PERG BUILDINGS, LLC}",evidenceOfInsurance,Evidence of Insurance,workersCompensation,Workers' Compensation and Employer's Liability,evidenceOfInsuranceWorkersCompensationEmployersLiabilityDiseasePolicyLimit,Employer's Liability Disease - policy limit,,matchOnce,must be greater or equal to,500000,,non_compliant,Block Requirements,,,false,0,,2026-08-16
"Block Real Estate Services, LLC",69fdf79262446148bd859c32,69fded1662446148bd848e41,"Hartfiel Automation, Inc.",69fdf10038cbea6b3a6932b8,"prg838 - Pine Ridge Building 12 {PERG BUILDINGS, LLC}",evidenceOfInsurance,Evidence of Insurance,workersCompensation,Workers' Compensation and Employer's Liability,evidenceOfInsuranceWorkersCompensationWaiverOfSubrogationEndorsement,Waiver of Subrogation,"---prompt---
Determine if the insurer has waived their right of subrogation in favor of the certificate holder under the Workers' Compensation policy. Evidence may include: a checked ""Waiver of Subrogation"" box on the certificate, mention in the Description of Operations section stating ""waiver of subrogation applies"", or reference to form WC 00 03 13. Look for language like ""subrogation is waived"" or ""per written contract"".",matchOnce,must be present,,,non_compliant,Block Requirements,,,false,0,,2026-08-16
"Block Real Estate Services, LLC",69fdf79262446148bd859c32,69fded1662446148bd848e41,"Hartfiel Automation, Inc.",69fdf10038cbea6b3a6932b8,"prg838 - Pine Ridge Building 12 {PERG BUILDINGS, LLC}",evidenceOfInsurance,Evidence of Insurance,6ac20aae-5728-5d57-b364-aeba38527dba,Additional Requirements,4da5b0f1-4c9d-5885-8cf8-5d3cccaed3e0,"Block Real Estate Services, LLC and all others required by contract are named as Additional Insureds","---prompt---
Determine if the Description of Operations or the Additional Remarks Schedule section states the ""Additional Insured as Construction Management, Inc. and all others required by contract"" or reference to blanket additional insured coverage. Look for language like ""certificate holder is additional insured"" or ""per written contract"".",matchOnce,must be present,,,non_compliant,Block Requirements,,,true,0,,2026-08-16
"Block Real Estate Services, LLC",69fdf79262446148bd859c32,69fded1662446148bd848e41,"Hartfiel Automation, Inc.",69fdf10038cbea6b3a6932b8,"prg838 - Pine Ridge Building 12 {PERG BUILDINGS, LLC}",evidenceOfInsurance,Evidence of Insurance,6ac20aae-5728-5d57-b364-aeba38527dba,Additional Requirements,e1017741-e47e-5f58-97b8-fbc3043e919f,Umbrella follows form over General Liability,"---prompt---
Determine if the Umbrella/Excess Liability policy follows form to the underlying policies. Evidence may include: language in the Description of Operations section stating the umbrella follows form to underlying coverages or an additional page endorsement stating that it follows form. Follow form means the umbrella policy adopts the same terms, conditions, and exclusions as the underlying policies.",matchOnce,must be present,,,non_compliant,Block Requirements,,,true,0,,2026-08-16
"Block Real Estate Services, LLC",69fdf79262446148bd859c32,69fded1662446148bd848e41,"Hartfiel Automation, Inc.",69fdf10038cbea6b3a6932b8,"prg838 - Pine Ridge Building 12 {PERG BUILDINGS, LLC}",evidenceOfInsurance,Evidence of Insurance,6ac20aae-5728-5d57-b364-aeba38527dba,Additional Requirements,2cdd866f-c9a4-576a-afd8-1d045762790c,The location must be listed as: 8017 Flint Street Lenexa KS 66214,,matchOnce,must be present,,,non_compliant,Block Requirements,,,true,0,,2026-08-16
"Block Real Estate Services, LLC",69fdf79262446148bd859c32,69fded1662446148bd848e41,"Hartfiel Automation, Inc.",69fdf10038cbea6b3a6932b8,"prg838 - Pine Ridge Building 12 {PERG BUILDINGS, LLC}",evidenceOfInsurance,Evidence of Insurance,6ac20aae-5728-5d57-b364-aeba38527dba,Additional Requirements,3649e9d1-4e09-59bf-8f30-cb33c40cf117,"Certificate Holder must read: c/o Block Real Estate Services, LLC, 4622 Pennsylvania St., Suite 700, Kansas City, MO, 64112",,matchOnce,must be present,,,non_compliant,Block Requirements,,,true,0,,2026-08-16
"Block Real Estate Services, LLC",69fdf79262446148bd859c30,69fded1162446148bd848c8b,CNR Construction KC LLC,69fdf10038cbea6b3a6932b8,"prg838 - Pine Ridge Building 12 {PERG BUILDINGS, LLC}",evidenceOfInsurance,Evidence of Insurance,commercialGeneralLiability,Commercial General Liability,evidenceOfInsuranceCommercialGeneralLiabilityCoverageTriggerOccurrence,Coverage Trigger: Occurrence,,matchOnce,must be present,,Present,compliant,Block Requirements,,,false,1,,2026-08-16
"Block Real Estate Services, LLC",69fdf79262446148bd859c30,69fded1162446148bd848c8b,CNR Construction KC LLC,69fdf10038cbea6b3a6932b8,"prg838 - Pine Ridge Building 12 {PERG BUILDINGS, LLC}",evidenceOfInsurance,Evidence of Insurance,commercialGeneralLiability,Commercial General Liability,evidenceOfInsuranceCommercialGeneralLiabilityGeneralAggregateLimitAppliesPerLocation,General Aggregate Limit Applies per: Location,,matchOnce,must be present,,Present,compliant,Block Requirements,,,false,1,,2026-08-16
"Block Real Estate Services, LLC",69fdf79262446148bd859c30,69fded1162446148bd848c8b,CNR Construction KC LLC,69fdf10038cbea6b3a6932b8,"prg838 - Pine Ridge Building 12 {PERG BUILDINGS, LLC}",evidenceOfInsurance,Evidence of Insurance,commercialGeneralLiability,Commercial General Liability,evidenceOfInsuranceCommercialGeneralLiabilityEachOccurrence,Each Occurrence,,matchOnce,must be greater or equal to,1000000,2000000,compliant,Block Requirements,,,false,1,,2026-08-16
"Block Real Estate Services, LLC",69fdf79262446148bd859c30,69fded1162446148bd848c8b,CNR Construction KC LLC,69fdf10038cbea6b3a6932b8,"prg838 - Pine Ridge Building 12 {PERG BUILDINGS, LLC}",evidenceOfInsurance,Evidence of Insurance,commercialGeneralLiability,Commercial General Liability,evidenceOfInsuranceCommercialGeneralLiabilityGeneralAggregate,General Aggregate,,matchOnce,must be greater or equal to,2000000,2000000,compliant,Block Requirements,,,false,1,,2026-08-16
"Block Real Estate Services, LLC",69fdf79262446148bd859c30,69fded1162446148bd848c8b,CNR Construction KC LLC,69fdf10038cbea6b3a6932b8,"prg838 - Pine Ridge Building 12 {PERG BUILDINGS, LLC}",evidenceOfInsurance,Evidence of Insurance,commercialGeneralLiability,Commercial General Liability,evidenceOfInsuranceCommercialGeneralLiabilityWaiverOfSubrogationEndorsement,Waiver of Subrogation,"---prompt---
Determine if the insurer has waived their right of subrogation in favor of the certificate holder under the Commercial General Liability policy. Evidence may include: a checked ""Waiver of Subrogation"" box on the certificate, mention in the Description of Operations section stating ""waiver of subrogation applies"", or reference to form CG 24 04. Look for language like ""subrogation is waived"" or ""per written contract"".",matchOnce,must be present,,Present,compliant,Block Requirements,,,false,1,,2026-08-16
"Block Real Estate Services, LLC",69fdf79262446148bd859c30,69fded1162446148bd848c8b,CNR Construction KC LLC,69fdf10038cbea6b3a6932b8,"prg838 - Pine Ridge Building 12 {PERG BUILDINGS, LLC}",evidenceOfInsurance,Evidence of Insurance,excessOrUmbrellaLiability,Umbrella/Excess Liability,evidenceOfInsuranceExcessOrUmbrellaLiabilityOccurence,Coverage Trigger: Occurrence,,matchOnce,must be present,,Present,compliant,Block Requirements,,,false,1,,2026-08-16
"Block Real Estate Services, LLC",69fdf79262446148bd859c30,69fded1162446148bd848c8b,CNR Construction KC LLC,69fdf10038cbea6b3a6932b8,"prg838 - Pine Ridge Building 12 {PERG BUILDINGS, LLC}",evidenceOfInsurance,Evidence of Insurance,excessOrUmbrellaLiability,Umbrella/Excess Liability,evidenceOfInsuranceExcessOrUmbrellaLiabilityEachOccurrence,Each Occurrence,,matchOnce,must be greater or equal to,1000000,2000000,compliant,Block Requirements,,,false,1,,2026-08-16
"Block Real Estate Services, LLC",69fdf79262446148bd859c30,69fded1162446148bd848c8b,CNR Construction KC LLC,69fdf10038cbea6b3a6932b8,"prg838 - Pine Ridge Building 12 {PERG BUILDINGS, LLC}",evidenceOfInsurance,Evidence of Insurance,excessOrUmbrellaLiability,Umbrella/Excess Liability,evidenceOfInsuranceExcessOrUmbrellaLiabilityAggregate,Aggregate,,matchOnce,must be greater or equal to,1000000,2000000,compliant,Block Requirements,,,false,1,,2026-08-16
"Block Real Estate Services, LLC",69fdf79262446148bd859c30,69fded1162446148bd848c8b,CNR Construction KC LLC,69fdf10038cbea6b3a6932b8,"prg838 - Pine Ridge Building 12 {PERG BUILDINGS, LLC}",evidenceOfInsurance,Evidence of Insurance,workersCompensation,Workers' Compensation and Employer's Liability,evidenceOfInsuranceWorkersCompensationStatutoryLimits,Statutory Limits,,matchOnce,must be present,,Present,compliant,Block Requirements,,,false,1,,2026-08-16
"Block Real Estate Services, LLC",69fdf79262446148bd859c30,69fded1162446148bd848c8b,CNR Construction KC LLC,69fdf10038cbea6b3a6932b8,"prg838 - Pine Ridge Building 12 {PERG BUILDINGS, LLC}",evidenceOfInsurance,Evidence of Insurance,workersCompensation,Workers' Compensation and Employer's Liability,evidenceOfInsuranceWorkersCompensationEmployersLiabilityEachAccident,Employer's Liability Each Accident,,matchOnce,must be greater or equal to,500000,2000000,compliant,Block Requirements,,,false,1,,2026-08-16
"Block Real Estate Services, LLC",69fdf79262446148bd859c30,69fded1162446148bd848c8b,CNR Construction KC LLC,69fdf10038cbea6b3a6932b8,"prg838 - Pine Ridge Building 12 {PERG BUILDINGS, LLC}",evidenceOfInsurance,Evidence of Insurance,workersCompensation,Workers' Compensation and Employer's Liability,evidenceOfInsuranceWorkersCompensationEmployersLiabilityDiseaseEachEmployee,Employer's Liability Disease - each employee,,matchOnce,must be greater or equal to,500000,2000000,compliant,Block Requirements,,,false,1,,2026-08-16
"Block Real Estate Services, LLC",69fdf79262446148bd859c30,69fded1162446148bd848c8b,CNR Construction KC LLC,69fdf10038cbea6b3a6932b8,"prg838 - Pine Ridge Building 12 {PERG BUILDINGS, LLC}",evidenceOfInsurance,Evidence of Insurance,workersCompensation,Workers' Compensation and Employer's Liability,evidenceOfInsuranceWorkersCompensationEmployersLiabilityDiseasePolicyLimit,Employer's Liability Disease - policy limit,,matchOnce,must be greater or equal to,500000,2000000,compliant,Block Requirements,,,false,1,,2026-08-16
"Block Real Estate Services, LLC",69fdf79262446148bd859c30,69fded1162446148bd848c8b,CNR Construction KC LLC,69fdf10038cbea6b3a6932b8,"prg838 - Pine Ridge Building 12 {PERG BUILDINGS, LLC}",evidenceOfInsurance,Evidence of Insurance,workersCompensation,Workers' Compensation and Employer's Liability,evidenceOfInsuranceWorkersCompensationWaiverOfSubrogationEndorsement,Waiver of Subrogation,"---prompt---
Determine if the insurer has waived their right of subrogation in favor of the certificate holder under the Workers' Compensation policy. Evidence may include: a checked ""Waiver of Subrogation"" box on the certificate, mention in the Description of Operations section stating ""waiver of subrogation applies"", or reference to form WC 00 03 13. Look for language like ""subrogation is waived"" or ""per written contract"".",matchOnce,must be present,,Present,compliant,Block Requirements,,,false,1,,2026-08-16
"Block Real Estate Services, LLC",69fdf79262446148bd859c30,69fded1162446148bd848c8b,CNR Construction KC LLC,69fdf10038cbea6b3a6932b8,"prg838 - Pine Ridge Building 12 {PERG BUILDINGS, LLC}",evidenceOfInsurance,Evidence of Insurance,6ac20aae-5728-5d57-b364-aeba38527dba,Additional Requirements,4da5b0f1-4c9d-5885-8cf8-5d3cccaed3e0,"Block Real Estate Services, LLC and all others required by contract are named as Additional Insureds","---prompt---
Determine if the Description of Operations or the Additional Remarks Schedule section states the ""Additional Insured as Construction Management, Inc. and all others required by contract"" or reference to blanket additional insured coverage. Look for language like ""certificate holder is additional insured"" or ""per written contract"".",matchOnce,must be present,,Present,compliant,Block Requirements,,,true,1,,2026-08-16
"Block Real Estate Services, LLC",69fdf79262446148bd859c30,69fded1162446148bd848c8b,CNR Construction KC LLC,69fdf10038cbea6b3a6932b8,"prg838 - Pine Ridge Building 12 {PERG BUILDINGS, LLC}",evidenceOfInsurance,Evidence of Insurance,6ac20aae-5728-5d57-b364-aeba38527dba,Additional Requirements,e1017741-e47e-5f58-97b8-fbc3043e919f,Umbrella follows form over General Liability,"---prompt---
Determine if the Umbrella/Excess Liability policy follows form to the underlying policies. Evidence may include: language in the Description of Operations section stating the umbrella follows form to underlying coverages or an additional page endorsement stating that it follows form. Follow form means the umbrella policy adopts the same terms, conditions, and exclusions as the underlying policies.",matchOnce,must be present,,Present,compliant,Block Requirements,,,true,1,,2026-08-16
"Block Real Estate Services, LLC",69fdf79262446148bd859c30,69fded1162446148bd848c8b,CNR Construction KC LLC,69fdf10038cbea6b3a6932b8,"prg838 - Pine Ridge Building 12 {PERG BUILDINGS, LLC}",evidenceOfInsurance,Evidence of Insurance,6ac20aae-5728-5d57-b364-aeba38527dba,Additional Requirements,2cdd866f-c9a4-576a-afd8-1d045762790c,The location must be listed as: 8001 Flint Street Lenexa KS 66214,,matchOnce,must be present,,Present,compliant,Block Requirements,,,true,2,,2026-08-16
"Block Real Estate Services, LLC",69fdf79262446148bd859c30,69fded1162446148bd848c8b,CNR Construction KC LLC,69fdf10038cbea6b3a6932b8,"prg838 - Pine Ridge Building 12 {PERG BUILDINGS, LLC}",evidenceOfInsurance,Evidence of Insurance,6ac20aae-5728-5d57-b364-aeba38527dba,Additional Requirements,3649e9d1-4e09-59bf-8f30-cb33c40cf117,"Certificate Holder must read: c/o Block Real Estate Services, LLC, 4622 Pennsylvania St., Suite 700, Kansas City, MO, 64112",,matchOnce,must be present,,Present,compliant,Block Requirements,,,true,2,,2026-08-16
"Block Real Estate Services, LLC",69fdf79262446148bd859c31,69fded1662446148bd848e1a,"Patio Enclosures / Great Day Improvements, LLC",69fdf10038cbea6b3a6932b8,"prg838 - Pine Ridge Building 12 {PERG BUILDINGS, LLC}",evidenceOfInsurance,Evidence of Insurance,commercialGeneralLiability,Commercial General Liability,evidenceOfInsuranceCommercialGeneralLiabilityCoverageTriggerOccurrence,Coverage Trigger: Occurrence,,matchOnce,must be present,,Present,compliant,Block Requirements,,,false,1,,2026-08-16
"Block Real Estate Services, LLC",69fdf79262446148bd859c31,69fded1662446148bd848e1a,"Patio Enclosures / Great Day Improvements, LLC",69fdf10038cbea6b3a6932b8,"prg838 - Pine Ridge Building 12 {PERG BUILDINGS, LLC}",evidenceOfInsurance,Evidence of Insurance,commercialGeneralLiability,Commercial General Liability,evidenceOfInsuranceCommercialGeneralLiabilityGeneralAggregateLimitAppliesPerLocation,General Aggregate Limit Applies per: Location,,matchOnce,must be present,,Present,compliant,Block Requirements,,,false,1,,2026-08-16
"Block Real Estate Services, LLC",69fdf79262446148bd859c31,69fded1662446148bd848e1a,"Patio Enclosures / Great Day Improvements, LLC",69fdf10038cbea6b3a6932b8,"prg838 - Pine Ridge Building 12 {PERG BUILDINGS, LLC}",evidenceOfInsurance,Evidence of Insurance,commercialGeneralLiability,Commercial General Liability,evidenceOfInsuranceCommercialGeneralLiabilityEachOccurrence,Each Occurrence,,matchOnce,must be greater or equal to,1000000,1000000,compliant,Block Requirements,,,false,1,,2026-08-16
"Block Real Estate Services, LLC",69fdf79262446148bd859c31,69fded1662446148bd848e1a,"Patio Enclosures / Great Day Improvements, LLC",69fdf10038cbea6b3a6932b8,"prg838 - Pine Ridge Building 12 {PERG BUILDINGS, LLC}",evidenceOfInsurance,Evidence of Insurance,commercialGeneralLiability,Commercial General Liability,evidenceOfInsuranceCommercialGeneralLiabilityGeneralAggregate,General Aggregate,,matchOnce,must be greater or equal to,2000000,2000000,compliant,Block Requirements,,,false,1,,2026-08-16
"Block Real Estate Services, LLC",69fdf79262446148bd859c31,69fded1662446148bd848e1a,"Patio Enclosures / Great Day Improvements, LLC",69fdf10038cbea6b3a6932b8,"prg838 - Pine Ridge Building 12 {PERG BUILDINGS, LLC}",evidenceOfInsurance,Evidence of Insurance,commercialGeneralLiability,Commercial General Liability,evidenceOfInsuranceCommercialGeneralLiabilityWaiverOfSubrogationEndorsement,Waiver of Subrogation,"---prompt---
Determine if the insurer has waived their right of subrogation in favor of the certificate holder under the Commercial General Liability policy. Evidence may include: a checked ""Waiver of Subrogation"" box on the certificate, mention in the Description of Operations section stating ""waiver of subrogation applies"", or reference to form CG 24 04. Look for language like ""subrogation is waived"" or ""per written contract"".",matchOnce,must be present,,Present,compliant,Block Requirements,,,false,1,,2026-08-16
"Block Real Estate Services, LLC",69fdf79262446148bd859c31,69fded1662446148bd848e1a,"Patio Enclosures / Great Day Improvements, LLC",69fdf10038cbea6b3a6932b8,"prg838 - Pine Ridge Building 12 {PERG BUILDINGS, LLC}",evidenceOfInsurance,Evidence of Insurance,excessOrUmbrellaLiability,Umbrella/Excess Liability,evidenceOfInsuranceExcessOrUmbrellaLiabilityOccurence,Coverage Trigger: Occurrence,,matchOnce,must be present,,Present,compliant,Block Requirements,,,false,1,,2026-08-16
"Block Real Estate Services, LLC",69fdf79262446148bd859c31,69fded1662446148bd848e1a,"Patio Enclosures / Great Day Improvements, LLC",69fdf10038cbea6b3a6932b8,"prg838 - Pine Ridge Building 12 {PERG BUILDINGS, LLC}",evidenceOfInsurance,Evidence of Insurance,excessOrUmbrellaLiability,Umbrella/Excess Liability,evidenceOfInsuranceExcessOrUmbrellaLiabilityEachOccurrence,Each Occurrence,,matchOnce,must be greater or equal to,1000000,2000000,compliant,Block Requirements,,,false,1,,2026-08-16
"Block Real Estate Services, LLC",69fdf79262446148bd859c31,69fded1662446148bd848e1a,"Patio Enclosures / Great Day Improvements, LLC",69fdf10038cbea6b3a6932b8,"prg838 - Pine Ridge Building 12 {PERG BUILDINGS, LLC}",evidenceOfInsurance,Evidence of Insurance,excessOrUmbrellaLiability,Umbrella/Excess Liability,evidenceOfInsuranceExcessOrUmbrellaLiabilityAggregate,Aggregate,,matchOnce,must be greater or equal to,1000000,2000000,compliant,Block Requirements,,,false,1,,2026-08-16
"Block Real Estate Services, LLC",69fdf79262446148bd859c31,69fded1662446148bd848e1a,"Patio Enclosures / Great Day Improvements, LLC",69fdf10038cbea6b3a6932b8,"prg838 - Pine Ridge Building 12 {PERG BUILDINGS, LLC}",evidenceOfInsurance,Evidence of Insurance,workersCompensation,Workers' Compensation and Employer's Liability,evidenceOfInsuranceWorkersCompensationStatutoryLimits,Statutory Limits,,matchOnce,must be present,,Present,compliant,Block Requirements,,,false,1,,2026-08-16
"Block Real Estate Services, LLC",69fdf79262446148bd859c31,69fded1662446148bd848e1a,"Patio Enclosures / Great Day Improvements, LLC",69fdf10038cbea6b3a6932b8,"prg838 - Pine Ridge Building 12 {PERG BUILDINGS, LLC}",evidenceOfInsurance,Evidence of Insurance,workersCompensation,Workers' Compensation and Employer's Liability,evidenceOfInsuranceWorkersCompensationEmployersLiabilityEachAccident,Employer's Liability Each Accident,,matchOnce,must be greater or equal to,500000,1000000,compliant,Block Requirements,,,false,1,,2026-08-16
"Block Real Estate Services, LLC",69fdf79262446148bd859c31,69fded1662446148bd848e1a,"Patio Enclosures / Great Day Improvements, LLC",69fdf10038cbea6b3a6932b8,"prg838 - Pine Ridge Building 12 {PERG BUILDINGS, LLC}",evidenceOfInsurance,Evidence of Insurance,workersCompensation,Workers' Compensation and Employer's Liability,evidenceOfInsuranceWorkersCompensationEmployersLiabilityDiseaseEachEmployee,Employer's Liability Disease - each employee,,matchOnce,must be greater or equal to,500000,1000000,compliant,Block Requirements,,,false,1,,2026-08-16
"Block Real Estate Services, LLC",69fdf79262446148bd859c31,69fded1662446148bd848e1a,"Patio Enclosures / Great Day Improvements, LLC",69fdf10038cbea6b3a6932b8,"prg838 - Pine Ridge Building 12 {PERG BUILDINGS, LLC}",evidenceOfInsurance,Evidence of Insurance,workersCompensation,Workers' Compensation and Employer's Liability,evidenceOfInsuranceWorkersCompensationEmployersLiabilityDiseasePolicyLimit,Employer's Liability Disease - policy limit,,matchOnce,must be greater or equal to,500000,1000000,compliant,Block Requirements,,,false,1,,2026-08-16
"Block Real Estate Services, LLC",69fdf79262446148bd859c31,69fded1662446148bd848e1a,"Patio Enclosures / Great Day Improvements, LLC",69fdf10038cbea6b3a6932b8,"prg838 - Pine Ridge Building 12 {PERG BUILDINGS, LLC}",evidenceOfInsurance,Evidence of Insurance,workersCompensation,Workers' Compensation and Employer's Liability,evidenceOfInsuranceWorkersCompensationWaiverOfSubrogationEndorsement,Waiver of Subrogation,"---prompt---
Determine if the insurer has waived their right of subrogation in favor of the certificate holder under the Workers' Compensation policy. Evidence may include: a checked ""Waiver of Subrogation"" box on the certificate, mention in the Description of Operations section stating ""waiver of subrogation applies"", or reference to form WC 00 03 13. Look for language like ""subrogation is waived"" or ""per written contract"".",matchOnce,must be present,,Present,compliant,Block Requirements,,,false,1,,2026-08-16
"Block Real Estate Services, LLC",69fdf79262446148bd859c31,69fded1662446148bd848e1a,"Patio Enclosures / Great Day Improvements, LLC",69fdf10038cbea6b3a6932b8,"prg838 - Pine Ridge Building 12 {PERG BUILDINGS, LLC}",evidenceOfInsurance,Evidence of Insurance,6ac20aae-5728-5d57-b364-aeba38527dba,Additional Requirements,4da5b0f1-4c9d-5885-8cf8-5d3cccaed3e0,"Block Real Estate Services, LLC and all others required by contract are named as Additional Insureds","---prompt---
Determine if the Description of Operations or the Additional Remarks Schedule section states the ""Additional Insured as Construction Management, Inc. and all others required by contract"" or reference to blanket additional insured coverage. Look for language like ""certificate holder is additional insured"" or ""per written contract"".",matchOnce,must be present,,Present,compliant,Block Requirements,,,true,1,,2026-08-16
"Block Real Estate Services, LLC",69fdf79262446148bd859c31,69fded1662446148bd848e1a,"Patio Enclosures / Great Day Improvements, LLC",69fdf10038cbea6b3a6932b8,"prg838 - Pine Ridge Building 12 {PERG BUILDINGS, LLC}",evidenceOfInsurance,Evidence of Insurance,6ac20aae-5728-5d57-b364-aeba38527dba,Additional Requirements,e1017741-e47e-5f58-97b8-fbc3043e919f,Umbrella follows form over General Liability,"---prompt---
Determine if the Umbrella/Excess Liability policy follows form to the underlying policies. Evidence may include: language in the Description of Operations section stating the umbrella follows form to underlying coverages or an additional page endorsement stating that it follows form. Follow form means the umbrella policy adopts the same terms, conditions, and exclusions as the underlying policies.",matchOnce,must be present,,Present,compliant,Block Requirements,,,true,1,,2026-08-16
"Block Real Estate Services, LLC",69fdf79262446148bd859c31,69fded1662446148bd848e1a,"Patio Enclosures / Great Day Improvements, LLC",69fdf10038cbea6b3a6932b8,"prg838 - Pine Ridge Building 12 {PERG BUILDINGS, LLC}",evidenceOfInsurance,Evidence of Insurance,6ac20aae-5728-5d57-b364-aeba38527dba,Additional Requirements,2cdd866f-c9a4-576a-afd8-1d045762790c,The location must be listed as: 8029 Flint Street Lenexa KS 66214,,matchOnce,must be present,,Present,compliant,Block Requirements,,,true,1,,2026-08-16
"Block Real Estate Services, LLC",69fdf79262446148bd859c31,69fded1662446148bd848e1a,"Patio Enclosures / Great Day Improvements, LLC",69fdf10038cbea6b3a6932b8,"prg838 - Pine Ridge Building 12 {PERG BUILDINGS, LLC}",evidenceOfInsurance,Evidence of Insurance,6ac20aae-5728-5d57-b364-aeba38527dba,Additional Requirements,3649e9d1-4e09-59bf-8f30-cb33c40cf117,"Certificate Holder must read: c/o Block Real Estate Services, LLC, 4622 Pennsylvania St., Suite 700, Kansas City, MO, 64112",,matchOnce,must be present,,Present,compliant,Block Requirements,,,true,1,,2026-08-16
"Block Real Estate Services, LLC",69fdf79262446148bd859c2f,69fded1062446148bd848c43,Carrier Corporation,69fdf10038cbea6b3a6932b8,"prg838 - Pine Ridge Building 12 {PERG BUILDINGS, LLC}",evidenceOfInsurance,Evidence of Insurance,commercialGeneralLiability,Commercial General Liability,evidenceOfInsuranceCommercialGeneralLiabilityCoverageTriggerOccurrence,Coverage Trigger: Occurrence,,matchOnce,must be present,,Present,compliant,Block Requirements,,,false,1,,2026-08-16
"Block Real Estate Services, LLC",69fdf79262446148bd859c2f,69fded1062446148bd848c43,Carrier Corporation,69fdf10038cbea6b3a6932b8,"prg838 - Pine Ridge Building 12 {PERG BUILDINGS, LLC}",evidenceOfInsurance,Evidence of Insurance,commercialGeneralLiability,Commercial General Liability,evidenceOfInsuranceCommercialGeneralLiabilityGeneralAggregateLimitAppliesPerLocation,General Aggregate Limit Applies per: Location,,matchOnce,must be present,,Present,compliant,Block Requirements,,,false,1,,2026-08-16
"Block Real Estate Services, LLC",69fdf79262446148bd859c2f,69fded1062446148bd848c43,Carrier Corporation,69fdf10038cbea6b3a6932b8,"prg838 - Pine Ridge Building 12 {PERG BUILDINGS, LLC}",evidenceOfInsurance,Evidence of Insurance,commercialGeneralLiability,Commercial General Liability,evidenceOfInsuranceCommercialGeneralLiabilityEachOccurrence,Each Occurrence,,matchOnce,must be greater or equal to,1000000,1000000,compliant,Block Requirements,,,false,1,,2026-08-16
"Block Real Estate Services, LLC",69fdf79262446148bd859c2f,69fded1062446148bd848c43,Carrier Corporation,69fdf10038cbea6b3a6932b8,"prg838 - Pine Ridge Building 12 {PERG BUILDINGS, LLC}",evidenceOfInsurance,Evidence of Insurance,commercialGeneralLiability,Commercial General Liability,evidenceOfInsuranceCommercialGeneralLiabilityGeneralAggregate,General Aggregate,,matchOnce,must be greater or equal to,2000000,2000000,compliant,Block Requirements,,,false,1,,2026-08-16
"Block Real Estate Services, LLC",69fdf79262446148bd859c2f,69fded1062446148bd848c43,Carrier Corporation,69fdf10038cbea6b3a6932b8,"prg838 - Pine Ridge Building 12 {PERG BUILDINGS, LLC}",evidenceOfInsurance,Evidence of Insurance,commercialGeneralLiability,Commercial General Liability,evidenceOfInsuranceCommercialGeneralLiabilityWaiverOfSubrogationEndorsement,Waiver of Subrogation,"---prompt---
Determine if the insurer has waived their right of subrogation in favor of the certificate holder under the Commercial General Liability policy. Evidence may include: a checked ""Waiver of Subrogation"" box on the certificate, mention in the Description of Operations section stating ""waiver of subrogation applies"", or reference to form CG 24 04. Look for language like ""subrogation is waived"" or ""per written contract"".",matchOnce,must be present,,Present,compliant,Block Requirements,,,false,1,,2026-08-16
"Block Real Estate Services, LLC",69fdf79262446148bd859c2f,69fded1062446148bd848c43,Carrier Corporation,69fdf10038cbea6b3a6932b8,"prg838 - Pine Ridge Building 12 {PERG BUILDINGS, LLC}",evidenceOfInsurance,Evidence of Insurance,excessOrUmbrellaLiability,Umbrella/Excess Liability,evidenceOfInsuranceExcessOrUmbrellaLiabilityOccurence,Coverage Trigger: Occurrence,,matchOnce,must be present,,Present,compliant,Block Requirements,,,false,1,,2026-08-16
"Block Real Estate Services, LLC",69fdf79262446148bd859c2f,69fded1062446148bd848c43,Carrier Corporation,69fdf10038cbea6b3a6932b8,"prg838 - Pine Ridge Building 12 {PERG BUILDINGS, LLC}",evidenceOfInsurance,Evidence of Insurance,excessOrUmbrellaLiability,Umbrella/Excess Liability,evidenceOfInsuranceExcessOrUmbrellaLiabilityEachOccurrence,Each Occurrence,,matchOnce,must be greater or equal to,1000000,1000000,compliant,Block Requirements,,,false,1,,2026-08-16
"Block Real Estate Services, LLC",69fdf79262446148bd859c2f,69fded1062446148bd848c43,Carrier Corporation,69fdf10038cbea6b3a6932b8,"prg838 - Pine Ridge Building 12 {PERG BUILDINGS, LLC}",evidenceOfInsurance,Evidence of Insurance,excessOrUmbrellaLiability,Umbrella/Excess Liability,evidenceOfInsuranceExcessOrUmbrellaLiabilityAggregate,Aggregate,,matchOnce,must be greater or equal to,1000000,1000000,compliant,Block Requirements,,,false,1,,2026-08-16
"Block Real Estate Services, LLC",69fdf79262446148bd859c2f,69fded1062446148bd848c43,Carrier Corporation,69fdf10038cbea6b3a6932b8,"prg838 - Pine Ridge Building 12 {PERG BUILDINGS, LLC}",evidenceOfInsurance,Evidence of Insurance,workersCompensation,Workers' Compensation and Employer's Liability,evidenceOfInsuranceWorkersCompensationStatutoryLimits,Statutory Limits,,matchOnce,must be present,,Present,compliant,Block Requirements,,,false,1,,2026-08-16
"Block Real Estate Services, LLC",69fdf79262446148bd859c2f,69fded1062446148bd848c43,Carrier Corporation,69fdf10038cbea6b3a6932b8,"prg838 - Pine Ridge Building 12 {PERG BUILDINGS, LLC}",evidenceOfInsurance,Evidence of Insurance,workersCompensation,Workers' Compensation and Employer's Liability,evidenceOfInsuranceWorkersCompensationEmployersLiabilityEachAccident,Employer's Liability Each Accident,,matchOnce,must be greater or equal to,500000,2000000,compliant,Block Requirements,,,false,1,,2026-08-16
"Block Real Estate Services, LLC",69fdf79262446148bd859c2f,69fded1062446148bd848c43,Carrier Corporation,69fdf10038cbea6b3a6932b8,"prg838 - Pine Ridge Building 12 {PERG BUILDINGS, LLC}",evidenceOfInsurance,Evidence of Insurance,workersCompensation,Workers' Compensation and Employer's Liability,evidenceOfInsuranceWorkersCompensationEmployersLiabilityDiseaseEachEmployee,Employer's Liability Disease - each employee,,matchOnce,must be greater or equal to,500000,2000000,compliant,Block Requirements,,,false,1,,2026-08-16
"Block Real Estate Services, LLC",69fdf79262446148bd859c2f,69fded1062446148bd848c43,Carrier Corporation,69fdf10038cbea6b3a6932b8,"prg838 - Pine Ridge Building 12 {PERG BUILDINGS, LLC}",evidenceOfInsurance,Evidence of Insurance,workersCompensation,Workers' Compensation and Employer's Liability,evidenceOfInsuranceWorkersCompensationEmployersLiabilityDiseasePolicyLimit,Employer's Liability Disease - policy limit,,matchOnce,must be greater or equal to,500000,2000000,compliant,Block Requirements,,,false,1,,2026-08-16
"Block Real Estate Services, LLC",69fdf79262446148bd859c2f,69fded1062446148bd848c43,Carrier Corporation,69fdf10038cbea6b3a6932b8,"prg838 - Pine Ridge Building 12 {PERG BUILDINGS, LLC}",evidenceOfInsurance,Evidence of Insurance,workersCompensation,Workers' Compensation and Employer's Liability,evidenceOfInsuranceWorkersCompensationWaiverOfSubrogationEndorsement,Waiver of Subrogation,"---prompt---
Determine if the insurer has waived their right of subrogation in favor of the certificate holder under the Workers' Compensation policy. Evidence may include: a checked ""Waiver of Subrogation"" box on the certificate, mention in the Description of Operations section stating ""waiver of subrogation applies"", or reference to form WC 00 03 13. Look for language like ""subrogation is waived"" or ""per written contract"".",matchOnce,must be present,,Present,compliant,Block Requirements,,,false,1,,2026-08-16
"Block Real Estate Services, LLC",69fdf79262446148bd859c2f,69fded1062446148bd848c43,Carrier Corporation,69fdf10038cbea6b3a6932b8,"prg838 - Pine Ridge Building 12 {PERG BUILDINGS, LLC}",evidenceOfInsurance,Evidence of Insurance,6ac20aae-5728-5d57-b364-aeba38527dba,Additional Requirements,4da5b0f1-4c9d-5885-8cf8-5d3cccaed3e0,"Block Real Estate Services, LLC and all others required by contract are named as Additional Insureds","---prompt---
Determine if the Description of Operations or the Additional Remarks Schedule section states the ""Additional Insured as Construction Management, Inc. and all others required by contract"" or reference to blanket additional insured coverage. Look for language like ""certificate holder is additional insured"" or ""per written contract"".",matchOnce,must be present,,Present,compliant,Block Requirements,,,true,1,,2026-08-16
"Block Real Estate Services, LLC",69fdf79262446148bd859c2f,69fded1062446148bd848c43,Carrier Corporation,69fdf10038cbea6b3a6932b8,"prg838 - Pine Ridge Building 12 {PERG BUILDINGS, LLC}",evidenceOfInsurance,Evidence of Insurance,6ac20aae-5728-5d57-b364-aeba38527dba,Additional Requirements,e1017741-e47e-5f58-97b8-fbc3043e919f,Umbrella follows form over General Liability,"---prompt---
Determine if the Umbrella/Excess Liability policy follows form to the underlying policies. Evidence may include: language in the Description of Operations section stating the umbrella follows form to underlying coverages or an additional page endorsement stating that it follows form. Follow form means the umbrella policy adopts the same terms, conditions, and exclusions as the underlying policies.",matchOnce,must be present,,Present,compliant,Block Requirements,,,true,1,,2026-08-16
"Block Real Estate Services, LLC",69fdf79262446148bd859c2f,69fded1062446148bd848c43,Carrier Corporation,69fdf10038cbea6b3a6932b8,"prg838 - Pine Ridge Building 12 {PERG BUILDINGS, LLC}",evidenceOfInsurance,Evidence of Insurance,6ac20aae-5728-5d57-b364-aeba38527dba,Additional Requirements,2cdd866f-c9a4-576a-afd8-1d045762790c,The location must be listed as: 8025 Flint Street Lenexa KS 66214,,matchOnce,must be present,,Present,compliant,Block Requirements,,,true,1,,2026-08-16
"Block Real Estate Services, LLC",69fdf79262446148bd859c2f,69fded1062446148bd848c43,Carrier Corporation,69fdf10038cbea6b3a6932b8,"prg838 - Pine Ridge Building 12 {PERG BUILDINGS, LLC}",evidenceOfInsurance,Evidence of Insurance,6ac20aae-5728-5d57-b364-aeba38527dba,Additional Requirements,3649e9d1-4e09-59bf-8f30-cb33c40cf117,"Certificate Holder must read: c/o Block Real Estate Services, LLC, 4622 Pennsylvania St., Suite 700, Kansas City, MO, 64112",,matchOnce,must be present,,Present,compliant,Block Requirements,,,true,1,,2026-08-16
"Block Real Estate Services, LLC",69fdf79262446148bd859c34,69fded1d62446148bd849036,Orkin LLC,69fdf10038cbea6b3a6932b8,"prg838 - Pine Ridge Building 12 {PERG BUILDINGS, LLC}",evidenceOfInsurance,Evidence of Insurance,commercialGeneralLiability,Commercial General Liability,evidenceOfInsuranceCommercialGeneralLiabilityCoverageTriggerOccurrence,Coverage Trigger: Occurrence,,matchOnce,must be present,,,non_compliant,Block Requirements,,,false,0,,2026-08-16
"Block Real Estate Services, LLC",69fdf79262446148bd859c34,69fded1d62446148bd849036,Orkin LLC,69fdf10038cbea6b3a6932b8,"prg838 - Pine Ridge Building 12 {PERG BUILDINGS, LLC}",evidenceOfInsurance,Evidence of Insurance,commercialGeneralLiability,Commercial General Liability,evidenceOfInsuranceCommercialGeneralLiabilityGeneralAggregateLimitAppliesPerLocation,General Aggregate Limit Applies per: Location,,matchOnce,must be present,,,non_compliant,Block Requirements,,,false,0,,2026-08-16
"Block Real Estate Services, LLC",69fdf79262446148bd859c34,69fded1d62446148bd849036,Orkin LLC,69fdf10038cbea6b3a6932b8,"prg838 - Pine Ridge Building 12 {PERG BUILDINGS, LLC}",evidenceOfInsurance,Evidence of Insurance,commercialGeneralLiability,Commercial General Liability,evidenceOfInsuranceCommercialGeneralLiabilityEachOccurrence,Each Occurrence,,matchOnce,must be greater or equal to,1000000,,non_compliant,Block Requirements,,,false,0,,2026-08-16
"Block Real Estate Services, LLC",69fdf79262446148bd859c34,69fded1d62446148bd849036,Orkin LLC,69fdf10038cbea6b3a6932b8,"prg838 - Pine Ridge Building 12 {PERG BUILDINGS, LLC}",evidenceOfInsurance,Evidence of Insurance,commercialGeneralLiability,Commercial General Liability,evidenceOfInsuranceCommercialGeneralLiabilityGeneralAggregate,General Aggregate,,matchOnce,must be greater or equal to,2000000,,non_compliant,Block Requirements,,,false,0,,2026-08-16
"Block Real Estate Services, LLC",69fdf79262446148bd859c34,69fded1d62446148bd849036,Orkin LLC,69fdf10038cbea6b3a6932b8,"prg838 - Pine Ridge Building 12 {PERG BUILDINGS, LLC}",evidenceOfInsurance,Evidence of Insurance,commercialGeneralLiability,Commercial General Liability,evidenceOfInsuranceCommercialGeneralLiabilityWaiverOfSubrogationEndorsement,Waiver of Subrogation,"---prompt---
Determine if the insurer has waived their right of subrogation in favor of the certificate holder under the Commercial General Liability policy. Evidence may include: a checked ""Waiver of Subrogation"" box on the certificate, mention in the Description of Operations section stating ""waiver of subrogation applies"", or reference to form CG 24 04. Look for language like ""subrogation is waived"" or ""per written contract"".",matchOnce,must be present,,,non_compliant,Block Requirements,,,false,0,,2026-08-16
"Block Real Estate Services, LLC",69fdf79262446148bd859c34,69fded1d62446148bd849036,Orkin LLC,69fdf10038cbea6b3a6932b8,"prg838 - Pine Ridge Building 12 {PERG BUILDINGS, LLC}",evidenceOfInsurance,Evidence of Insurance,excessOrUmbrellaLiability,Umbrella/Excess Liability,evidenceOfInsuranceExcessOrUmbrellaLiabilityOccurence,Coverage Trigger: Occurrence,,matchOnce,must be present,,,non_compliant,Block Requirements,,,false,0,,2026-08-16
"Block Real Estate Services, LLC",69fdf79262446148bd859c34,69fded1d62446148bd849036,Orkin LLC,69fdf10038cbea6b3a6932b8,"prg838 - Pine Ridge Building 12 {PERG BUILDINGS, LLC}",evidenceOfInsurance,Evidence of Insurance,excessOrUmbrellaLiability,Umbrella/Excess Liability,evidenceOfInsuranceExcessOrUmbrellaLiabilityEachOccurrence,Each Occurrence,,matchOnce,must be greater or equal to,1000000,,non_compliant,Block Requirements,,,false,0,,2026-08-16
"Block Real Estate Services, LLC",69fdf79262446148bd859c34,69fded1d62446148bd849036,Orkin LLC,69fdf10038cbea6b3a6932b8,"prg838 - Pine Ridge Building 12 {PERG BUILDINGS, LLC}",evidenceOfInsurance,Evidence of Insurance,excessOrUmbrellaLiability,Umbrella/Excess Liability,evidenceOfInsuranceExcessOrUmbrellaLiabilityAggregate,Aggregate,,matchOnce,must be greater or equal to,1000000,,non_compliant,Block Requirements,,,false,0,,2026-08-16
"Block Real Estate Services, LLC",69fdf79262446148bd859c34,69fded1d62446148bd849036,Orkin LLC,69fdf10038cbea6b3a6932b8,"prg838 - Pine Ridge Building 12 {PERG BUILDINGS, LLC}",evidenceOfInsurance,Evidence of Insurance,workersCompensation,Workers' Compensation and Employer's Liability,evidenceOfInsuranceWorkersCompensationStatutoryLimits,Statutory Limits,,matchOnce,must be present,,,non_compliant,Block Requirements,,,false,0,,2026-08-16
"Block Real Estate Services, LLC",69fdf79262446148bd859c34,69fded1d62446148bd849036,Orkin LLC,69fdf10038cbea6b3a6932b8,"prg838 - Pine Ridge Building 12 {PERG BUILDINGS, LLC}",evidenceOfInsurance,Evidence of Insurance,workersCompensation,Workers' Compensation and Employer's Liability,evidenceOfInsuranceWorkersCompensationEmployersLiabilityEachAccident,Employer's Liability Each Accident,,matchOnce,must be greater or equal to,500000,,non_compliant,Block Requirements,,,false,0,,2026-08-16
"Block Real Estate Services, LLC",69fdf79262446148bd859c34,69fded1d62446148bd849036,Orkin LLC,69fdf10038cbea6b3a6932b8,"prg838 - Pine Ridge Building 12 {PERG BUILDINGS, LLC}",evidenceOfInsurance,Evidence of Insurance,workersCompensation,Workers' Compensation and Employer's Liability,evidenceOfInsuranceWorkersCompensationEmployersLiabilityDiseaseEachEmployee,Employer's Liability Disease - each employee,,matchOnce,must be greater or equal to,500000,,non_compliant,Block Requirements,,,false,0,,2026-08-16
"Block Real Estate Services, LLC",69fdf79262446148bd859c34,69fded1d62446148bd849036,Orkin LLC,69fdf10038cbea6b3a6932b8,"prg838 - Pine Ridge Building 12 {PERG BUILDINGS, LLC}",evidenceOfInsurance,Evidence of Insurance,workersCompensation,Workers' Compensation and Employer's Liability,evidenceOfInsuranceWorkersCompensationEmployersLiabilityDiseasePolicyLimit,Employer's Liability Disease - policy limit,,matchOnce,must be greater or equal to,500000,,non_compliant,Block Requirements,,,false,0,,2026-08-16
"Block Real Estate Services, LLC",69fdf79262446148bd859c34,69fded1d62446148bd849036,Orkin LLC,69fdf10038cbea6b3a6932b8,"prg838 - Pine Ridge Building 12 {PERG BUILDINGS, LLC}",evidenceOfInsurance,Evidence of Insurance,workersCompensation,Workers' Compensation and Employer's Liability,evidenceOfInsuranceWorkersCompensationWaiverOfSubrogationEndorsement,Waiver of Subrogation,"---prompt---
Determine if the insurer has waived their right of subrogation in favor of the certificate holder under the Workers' Compensation policy. Evidence may include: a checked ""Waiver of Subrogation"" box on the certificate, mention in the Description of Operations section stating ""waiver of subrogation applies"", or reference to form WC 00 03 13. Look for language like ""subrogation is waived"" or ""per written contract"".",matchOnce,must be present,,,non_compliant,Block Requirements,,,false,0,,2026-08-16
"Block Real Estate Services, LLC",69fdf79262446148bd859c34,69fded1d62446148bd849036,Orkin LLC,69fdf10038cbea6b3a6932b8,"prg838 - Pine Ridge Building 12 {PERG BUILDINGS, LLC}",evidenceOfInsurance,Evidence of Insurance,6ac20aae-5728-5d57-b364-aeba38527dba,Additional Requirements,4da5b0f1-4c9d-5885-8cf8-5d3cccaed3e0,"Block Real Estate Services, LLC and all others required by contract are named as Additional Insureds","---prompt---
Determine if the Description of Operations or the Additional Remarks Schedule section states the ""Additional Insured as Construction Management, Inc. and all others required by contract"" or reference to blanket additional insured coverage. Look for language like ""certificate holder is additional insured"" or ""per written contract"".",matchOnce,must be present,,,non_compliant,Block Requirements,,,true,0,,2026-08-16
"Block Real Estate Services, LLC",69fdf79262446148bd859c34,69fded1d62446148bd849036,Orkin LLC,69fdf10038cbea6b3a6932b8,"prg838 - Pine Ridge Building 12 {PERG BUILDINGS, LLC}",evidenceOfInsurance,Evidence of Insurance,6ac20aae-5728-5d57-b364-aeba38527dba,Additional Requirements,e1017741-e47e-5f58-97b8-fbc3043e919f,Umbrella follows form over General Liability,"---prompt---
Determine if the Umbrella/Excess Liability policy follows form to the underlying policies. Evidence may include: language in the Description of Operations section stating the umbrella follows form to underlying coverages or an additional page endorsement stating that it follows form. Follow form means the umbrella policy adopts the same terms, conditions, and exclusions as the underlying policies.",matchOnce,must be present,,,non_compliant,Block Requirements,,,true,0,,2026-08-16
"Block Real Estate Services, LLC",69fdf79262446148bd859c34,69fded1d62446148bd849036,Orkin LLC,69fdf10038cbea6b3a6932b8,"prg838 - Pine Ridge Building 12 {PERG BUILDINGS, LLC}",evidenceOfInsurance,Evidence of Insurance,6ac20aae-5728-5d57-b364-aeba38527dba,Additional Requirements,2cdd866f-c9a4-576a-afd8-1d045762790c,The location must be listed as: 8021 Flint Street Lenexa KS 66214,,matchOnce,must be present,,,non_compliant,Block Requirements,,,true,0,,2026-08-16
"Block Real Estate Services, LLC",69fdf79262446148bd859c34,69fded1d62446148bd849036,Orkin LLC,69fdf10038cbea6b3a6932b8,"prg838 - Pine Ridge Building 12 {PERG BUILDINGS, LLC}",evidenceOfInsurance,Evidence of Insurance,6ac20aae-5728-5d57-b364-aeba38527dba,Additional Requirements,3649e9d1-4e09-59bf-8f30-cb33c40cf117,"Certificate Holder must read: c/o Block Real Estate Services, LLC, 4622 Pennsylvania St., Suite 700, Kansas City, MO, 64112",,matchOnce,must be present,,,non_compliant,Block Requirements,,,true,0,,2026-08-16
"Block Real Estate Services, LLC",69fdf78062446148bd8587b8,69fded1062446148bd848c46,CarStar Riverside (fka Autobody on the Run),69fdf08238cbea6b3a6909f0,"kci864 - Riverside Distribution Center 4 {Riverside Distribution Center Investment, LLC}",evidenceOfInsurance,Evidence of Insurance,commercialGeneralLiability,Commercial General Liability,evidenceOfInsuranceCommercialGeneralLiabilityCoverageTriggerOccurrence,Coverage Trigger: Occurrence,,matchOnce,must be present,,Present,compliant,Block Requirements,,,false,1,,2026-08-16
"Block Real Estate Services, LLC",69fdf78062446148bd8587b8,69fded1062446148bd848c46,CarStar Riverside (fka Autobody on the Run),69fdf08238cbea6b3a6909f0,"kci864 - Riverside Distribution Center 4 {Riverside Distribution Center Investment, LLC}",evidenceOfInsurance,Evidence of Insurance,commercialGeneralLiability,Commercial General Liability,evidenceOfInsuranceCommercialGeneralLiabilityGeneralAggregateLimitAppliesPerLocation,General Aggregate Limit Applies per: Location,,matchOnce,must be present,,Present,compliant,Block Requirements,,,false,1,,2026-08-16
"Block Real Estate Services, LLC",69fdf78062446148bd8587b8,69fded1062446148bd848c46,CarStar Riverside (fka Autobody on the Run),69fdf08238cbea6b3a6909f0,"kci864 - Riverside Distribution Center 4 {Riverside Distribution Center Investment, LLC}",evidenceOfInsurance,Evidence of Insurance,commercialGeneralLiability,Commercial General Liability,evidenceOfInsuranceCommercialGeneralLiabilityEachOccurrence,Each Occurrence,,matchOnce,must be greater or equal to,1000000,1000000,compliant,Block Requirements,,,false,1,,2026-08-16
"Block Real Estate Services, LLC",69fdf78062446148bd8587b8,69fded1062446148bd848c46,CarStar Riverside (fka Autobody on the Run),69fdf08238cbea6b3a6909f0,"kci864 - Riverside Distribution Center 4 {Riverside Distribution Center Investment, LLC}",evidenceOfInsurance,Evidence of Insurance,commercialGeneralLiability,Commercial General Liability,evidenceOfInsuranceCommercialGeneralLiabilityGeneralAggregate,General Aggregate,,matchOnce,must be greater or equal to,2000000,2000000,compliant,Block Requirements,,,false,1,,2026-08-16
"Block Real Estate Services, LLC",69fdf78062446148bd8587b8,69fded1062446148bd848c46,CarStar Riverside (fka Autobody on the Run),69fdf08238cbea6b3a6909f0,"kci864 - Riverside Distribution Center 4 {Riverside Distribution Center Investment, LLC}",evidenceOfInsurance,Evidence of Insurance,commercialGeneralLiability,Commercial General Liability,evidenceOfInsuranceCommercialGeneralLiabilityWaiverOfSubrogationEndorsement,Waiver of Subrogation,"---prompt---
Determine if the insurer has waived their right of subrogation in favor of the certificate holder under the Commercial General Liability policy. Evidence may include: a checked ""Waiver of Subrogation"" box on the certificate, mention in the Description of Operations section stating ""waiver of subrogation applies"", or reference to form CG 24 04. Look for language like ""subrogation is waived"" or ""per written contract"".",matchOnce,must be present,,,non_compliant,Block Requirements,,,false,0,,2026-08-16
"Block Real Estate Services, LLC",69fdf78062446148bd8587b8,69fded1062446148bd848c46,CarStar Riverside (fka Autobody on the Run),69fdf08238cbea6b3a6909f0,"kci864 - Riverside Distribution Center 4 {Riverside Distribution Center Investment, LLC}",evidenceOfInsurance,Evidence of Insurance,excessOrUmbrellaLiability,Umbrella/Excess Liability,evidenceOfInsuranceExcessOrUmbrellaLiabilityOccurence,Coverage Trigger: Occurrence,,matchOnce,must be present,,Present,compliant,Block Requirements,,,false,1,,2026-08-16
"Block Real Estate Services, LLC",69fdf78062446148bd8587b8,69fded1062446148bd848c46,CarStar Riverside (fka Autobody on the Run),69fdf08238cbea6b3a6909f0,"kci864 - Riverside Distribution Center 4 {Riverside Distribution Center Investment, LLC}",evidenceOfInsurance,Evidence of Insurance,excessOrUmbrellaLiability,Umbrella/Excess Liability,evidenceOfInsuranceExcessOrUmbrellaLiabilityEachOccurrence,Each Occurrence,,matchOnce,must be greater or equal to,1000000,3000000,compliant,Block Requirements,,,false,1,,2026-08-16
"Block Real Estate Services, LLC",69fdf78062446148bd8587b8,69fded1062446148bd848c46,CarStar Riverside (fka Autobody on the Run),69fdf08238cbea6b3a6909f0,"kci864 - Riverside Distribution Center 4 {Riverside Distribution Center Investment, LLC}",evidenceOfInsurance,Evidence of Insurance,excessOrUmbrellaLiability,Umbrella/Excess Liability,evidenceOfInsuranceExcessOrUmbrellaLiabilityAggregate,Aggregate,,matchOnce,must be greater or equal to,1000000,3000000,compliant,Block Requirements,,,false,1,,2026-08-16
"Block Real Estate Services, LLC",69fdf78062446148bd8587b8,69fded1062446148bd848c46,CarStar Riverside (fka Autobody on the Run),69fdf08238cbea6b3a6909f0,"kci864 - Riverside Distribution Center 4 {Riverside Distribution Center Investment, LLC}",evidenceOfInsurance,Evidence of Insurance,workersCompensation,Workers' Compensation and Employer's Liability,evidenceOfInsuranceWorkersCompensationStatutoryLimits,Statutory Limits,,matchOnce,must be present,,Present,compliant,Block Requirements,,,false,1,,2026-08-16
"Block Real Estate Services, LLC",69fdf78062446148bd8587b8,69fded1062446148bd848c46,CarStar Riverside (fka Autobody on the Run),69fdf08238cbea6b3a6909f0,"kci864 - Riverside Distribution Center 4 {Riverside Distribution Center Investment, LLC}",evidenceOfInsurance,Evidence of Insurance,workersCompensation,Workers' Compensation and Employer's Liability,evidenceOfInsuranceWorkersCompensationEmployersLiabilityEachAccident,Employer's Liability Each Accident,,matchOnce,must be greater or equal to,500000,1000000,compliant,Block Requirements,,,false,1,,2026-08-16
"Block Real Estate Services, LLC",69fdf78062446148bd8587b8,69fded1062446148bd848c46,CarStar Riverside (fka Autobody on the Run),69fdf08238cbea6b3a6909f0,"kci864 - Riverside Distribution Center 4 {Riverside Distribution Center Investment, LLC}",evidenceOfInsurance,Evidence of Insurance,workersCompensation,Workers' Compensation and Employer's Liability,evidenceOfInsuranceWorkersCompensationEmployersLiabilityDiseaseEachEmployee,Employer's Liability Disease - each employee,,matchOnce,must be greater or equal to,500000,1000000,compliant,Block Requirements,,,false,1,,2026-08-16
"Block Real Estate Services, LLC",69fdf78062446148bd8587b8,69fded1062446148bd848c46,CarStar Riverside (fka Autobody on the Run),69fdf08238cbea6b3a6909f0,"kci864 - Riverside Distribution Center 4 {Riverside Distribution Center Investment, LLC}",evidenceOfInsurance,Evidence of Insurance,workersCompensation,Workers' Compensation and Employer's Liability,evidenceOfInsuranceWorkersCompensationEmployersLiabilityDiseasePolicyLimit,Employer's Liability Disease - policy limit,,matchOnce,must be greater or equal to,500000,1000000,compliant,Block Requirements,,,false,1,,2026-08-16
"Block Real Estate Services, LLC",69fdf78062446148bd8587b8,69fded1062446148bd848c46,CarStar Riverside (fka Autobody on the Run),69fdf08238cbea6b3a6909f0,"kci864 - Riverside Distribution Center 4 {Riverside Distribution Center Investment, LLC}",evidenceOfInsurance,Evidence of Insurance,workersCompensation,Workers' Compensation and Employer's Liability,evidenceOfInsuranceWorkersCompensationWaiverOfSubrogationEndorsement,Waiver of Subrogation,"---prompt---
Determine if the insurer has waived their right of subrogation in favor of the certificate holder under the Workers' Compensation policy. Evidence may include: a checked ""Waiver of Subrogation"" box on the certificate, mention in the Description of Operations section stating ""waiver of subrogation applies"", or reference to form WC 00 03 13. Look for language like ""subrogation is waived"" or ""per written contract"".",matchOnce,must be present,,,waived,Block Requirements,WoS for WC not available in state of MO,,false,0,,2026-08-16
"Block Real Estate Services, LLC",69fdf78062446148bd8587b8,69fded1062446148bd848c46,CarStar Riverside (fka Autobody on the Run),69fdf08238cbea6b3a6909f0,"kci864 - Riverside Distribution Center 4 {Riverside Distribution Center Investment, LLC}",evidenceOfInsurance,Evidence of Insurance,6ac20aae-5728-5d57-b364-aeba38527dba,Additional Requirements,4da5b0f1-4c9d-5885-8cf8-5d3cccaed3e0,"Block Real Estate Services, LLC and all others required by contract are named as Additional Insureds","---prompt---
Determine if the Description of Operations or the Additional Remarks Schedule section states the ""Additional Insured as Construction Management, Inc. and all others required by contract"" or reference to blanket additional insured coverage. Look for language like ""certificate holder is additional insured"" or ""per written contract"".",matchOnce,must be present,,Present,compliant,Block Requirements,,,true,1,,2026-08-16
"Block Real Estate Services, LLC",69fdf78062446148bd8587b8,69fded1062446148bd848c46,CarStar Riverside (fka Autobody on the Run),69fdf08238cbea6b3a6909f0,"kci864 - Riverside Distribution Center 4 {Riverside Distribution Center Investment, LLC}",evidenceOfInsurance,Evidence of Insurance,6ac20aae-5728-5d57-b364-aeba38527dba,Additional Requirements,e1017741-e47e-5f58-97b8-fbc3043e919f,Umbrella follows form over General Liability,"---prompt---
Determine if the Umbrella/Excess Liability policy follows form to the underlying policies. Evidence may include: language in the Description of Operations section stating the umbrella follows form to underlying coverages or an additional page endorsement stating that it follows form. Follow form means the umbrella policy adopts the same terms, conditions, and exclusions as the underlying policies.",matchOnce,must be present,,Present,compliant,Block Requirements,,,true,1,,2026-08-16
"Block Real Estate Services, LLC",69fdf78062446148bd8587b8,69fded1062446148bd848c46,CarStar Riverside (fka Autobody on the Run),69fdf08238cbea6b3a6909f0,"kci864 - Riverside Distribution Center 4 {Riverside Distribution Center Investment, LLC}",evidenceOfInsurance,Evidence of Insurance,6ac20aae-5728-5d57-b364-aeba38527dba,Additional Requirements,2cdd866f-c9a4-576a-afd8-1d045762790c,"The location must be listed as: 4106, 4108, 4110 W. Riverside Street, Riverside, MO, 64150",,matchOnce,must be present,,Present,compliant,Block Requirements,,,true,1,,2026-08-16
"Block Real Estate Services, LLC",69fdf78062446148bd8587b8,69fded1062446148bd848c46,CarStar Riverside (fka Autobody on the Run),69fdf08238cbea6b3a6909f0,"kci864 - Riverside Distribution Center 4 {Riverside Distribution Center Investment, LLC}",evidenceOfInsurance,Evidence of Insurance,6ac20aae-5728-5d57-b364-aeba38527dba,Additional Requirements,3649e9d1-4e09-59bf-8f30-cb33c40cf117,"Certificate Holder must read: c/o Block Real Estate Services, LLC, 4622 Pennsylvania St., Suite 700, Kansas City, MO, 64112",,matchOnce,must be present,,Present,compliant,Block Requirements,,,true,1,,2026-08-16
"Block Real Estate Services, LLC",69fdf78062446148bd8587b9,69fded2062446148bd84913e,Security Data Supply,69fdf08238cbea6b3a6909f0,"kci864 - Riverside Distribution Center 4 {Riverside Distribution Center Investment, LLC}",evidenceOfInsurance,Evidence of Insurance,commercialGeneralLiability,Commercial General Liability,evidenceOfInsuranceCommercialGeneralLiabilityCoverageTriggerOccurrence,Coverage Trigger: Occurrence,,matchOnce,must be present,,Present,compliant,Block Requirements,,,false,1,,2026-08-16
"Block Real Estate Services, LLC",69fdf78062446148bd8587b9,69fded2062446148bd84913e,Security Data Supply,69fdf08238cbea6b3a6909f0,"kci864 - Riverside Distribution Center 4 {Riverside Distribution Center Investment, LLC}",evidenceOfInsurance,Evidence of Insurance,commercialGeneralLiability,Commercial General Liability,evidenceOfInsuranceCommercialGeneralLiabilityGeneralAggregateLimitAppliesPerLocation,General Aggregate Limit Applies per: Location,,matchOnce,must be present,,Present,compliant,Block Requirements,,,false,1,,2026-08-16
"Block Real Estate Services, LLC",69fdf78062446148bd8587b9,69fded2062446148bd84913e,Security Data Supply,69fdf08238cbea6b3a6909f0,"kci864 - Riverside Distribution Center 4 {Riverside Distribution Center Investment, LLC}",evidenceOfInsurance,Evidence of Insurance,commercialGeneralLiability,Commercial General Liability,evidenceOfInsuranceCommercialGeneralLiabilityEachOccurrence,Each Occurrence,,matchOnce,must be greater or equal to,1000000,1000000,compliant,Block Requirements,,,false,1,,2026-08-16
"Block Real Estate Services, LLC",69fdf78062446148bd8587b9,69fded2062446148bd84913e,Security Data Supply,69fdf08238cbea6b3a6909f0,"kci864 - Riverside Distribution Center 4 {Riverside Distribution Center Investment, LLC}",evidenceOfInsurance,Evidence of Insurance,commercialGeneralLiability,Commercial General Liability,evidenceOfInsuranceCommercialGeneralLiabilityGeneralAggregate,General Aggregate,,matchOnce,must be greater or equal to,2000000,2000000,compliant,Block Requirements,,,false,1,,2026-08-16
"Block Real Estate Services, LLC",69fdf78062446148bd8587b9,69fded2062446148bd84913e,Security Data Supply,69fdf08238cbea6b3a6909f0,"kci864 - Riverside Distribution Center 4 {Riverside Distribution Center Investment, LLC}",evidenceOfInsurance,Evidence of Insurance,commercialGeneralLiability,Commercial General Liability,evidenceOfInsuranceCommercialGeneralLiabilityWaiverOfSubrogationEndorsement,Waiver of Subrogation,"---prompt---
Determine if the insurer has waived their right of subrogation in favor of the certificate holder under the Commercial General Liability policy. Evidence may include: a checked ""Waiver of Subrogation"" box on the certificate, mention in the Description of Operations section stating ""waiver of subrogation applies"", or reference to form CG 24 04. Look for language like ""subrogation is waived"" or ""per written contract"".",matchOnce,must be present,,Present,compliant,Block Requirements,,,false,1,,2026-08-16
"Block Real Estate Services, LLC",69fdf78062446148bd8587b9,69fded2062446148bd84913e,Security Data Supply,69fdf08238cbea6b3a6909f0,"kci864 - Riverside Distribution Center 4 {Riverside Distribution Center Investment, LLC}",evidenceOfInsurance,Evidence of Insurance,excessOrUmbrellaLiability,Umbrella/Excess Liability,evidenceOfInsuranceExcessOrUmbrellaLiabilityOccurence,Coverage Trigger: Occurrence,,matchOnce,must be present,,Present,compliant,Block Requirements,,,false,1,,2026-08-16
"Block Real Estate Services, LLC",69fdf78062446148bd8587b9,69fded2062446148bd84913e,Security Data Supply,69fdf08238cbea6b3a6909f0,"kci864 - Riverside Distribution Center 4 {Riverside Distribution Center Investment, LLC}",evidenceOfInsurance,Evidence of Insurance,excessOrUmbrellaLiability,Umbrella/Excess Liability,evidenceOfInsuranceExcessOrUmbrellaLiabilityEachOccurrence,Each Occurrence,,matchOnce,must be greater or equal to,1000000,1000000,compliant,Block Requirements,,,false,1,,2026-08-16
"Block Real Estate Services, LLC",69fdf78062446148bd8587b9,69fded2062446148bd84913e,Security Data Supply,69fdf08238cbea6b3a6909f0,"kci864 - Riverside Distribution Center 4 {Riverside Distribution Center Investment, LLC}",evidenceOfInsurance,Evidence of Insurance,excessOrUmbrellaLiability,Umbrella/Excess Liability,evidenceOfInsuranceExcessOrUmbrellaLiabilityAggregate,Aggregate,,matchOnce,must be greater or equal to,1000000,1000000,compliant,Block Requirements,,,false,1,,2026-08-16
"Block Real Estate Services, LLC",69fdf78062446148bd8587b9,69fded2062446148bd84913e,Security Data Supply,69fdf08238cbea6b3a6909f0,"kci864 - Riverside Distribution Center 4 {Riverside Distribution Center Investment, LLC}",evidenceOfInsurance,Evidence of Insurance,workersCompensation,Workers' Compensation and Employer's Liability,evidenceOfInsuranceWorkersCompensationStatutoryLimits,Statutory Limits,,matchOnce,must be present,,Present,compliant,Block Requirements,,,false,1,,2026-08-16
"Block Real Estate Services, LLC",69fdf78062446148bd8587b9,69fded2062446148bd84913e,Security Data Supply,69fdf08238cbea6b3a6909f0,"kci864 - Riverside Distribution Center 4 {Riverside Distribution Center Investment, LLC}",evidenceOfInsurance,Evidence of Insurance,workersCompensation,Workers' Compensation and Employer's Liability,evidenceOfInsuranceWorkersCompensationEmployersLiabilityEachAccident,Employer's Liability Each Accident,,matchOnce,must be greater or equal to,500000,500000,compliant,Block Requirements,,,false,1,,2026-08-16
"Block Real Estate Services, LLC",69fdf78062446148bd8587b9,69fded2062446148bd84913e,Security Data Supply,69fdf08238cbea6b3a6909f0,"kci864 - Riverside Distribution Center 4 {Riverside Distribution Center Investment, LLC}",evidenceOfInsurance,Evidence of Insurance,workersCompensation,Workers' Compensation and Employer's Liability,evidenceOfInsuranceWorkersCompensationEmployersLiabilityDiseaseEachEmployee,Employer's Liability Disease - each employee,,matchOnce,must be greater or equal to,500000,500000,compliant,Block Requirements,,,false,1,,2026-08-16
"Block Real Estate Services, LLC",69fdf78062446148bd8587b9,69fded2062446148bd84913e,Security Data Supply,69fdf08238cbea6b3a6909f0,"kci864 - Riverside Distribution Center 4 {Riverside Distribution Center Investment, LLC}",evidenceOfInsurance,Evidence of Insurance,workersCompensation,Workers' Compensation and Employer's Liability,evidenceOfInsuranceWorkersCompensationEmployersLiabilityDiseasePolicyLimit,Employer's Liability Disease - policy limit,,matchOnce,must be greater or equal to,500000,500000,compliant,Block Requirements,,,false,1,,2026-08-16
"Block Real Estate Services, LLC",69fdf78062446148bd8587b9,69fded2062446148bd84913e,Security Data Supply,69fdf08238cbea6b3a6909f0,"kci864 - Riverside Distribution Center 4 {Riverside Distribution Center Investment, LLC}",evidenceOfInsurance,Evidence of Insurance,workersCompensation,Workers' Compensation and Employer's Liability,evidenceOfInsuranceWorkersCompensationWaiverOfSubrogationEndorsement,Waiver of Subrogation,"---prompt---
Determine if the insurer has waived their right of subrogation in favor of the certificate holder under the Workers' Compensation policy. Evidence may include: a checked ""Waiver of Subrogation"" box on the certificate, mention in the Description of Operations section stating ""waiver of subrogation applies"", or reference to form WC 00 03 13. Look for language like ""subrogation is waived"" or ""per written contract"".",matchOnce,must be present,,Present,compliant,Block Requirements,,,false,1,,2026-08-16
"Block Real Estate Services, LLC",69fdf78062446148bd8587b9,69fded2062446148bd84913e,Security Data Supply,69fdf08238cbea6b3a6909f0,"kci864 - Riverside Distribution Center 4 {Riverside Distribution Center Investment, LLC}",evidenceOfInsurance,Evidence of Insurance,6ac20aae-5728-5d57-b364-aeba38527dba,Additional Requirements,4da5b0f1-4c9d-5885-8cf8-5d3cccaed3e0,"Block Real Estate Services, LLC and all others required by contract are named as Additional Insureds","---prompt---
Determine if the Description of Operations or the Additional Remarks Schedule section states the ""Additional Insured as Construction Management, Inc. and all others required by contract"" or reference to blanket additional insured coverage. Look for language like ""certificate holder is additional insured"" or ""per written contract"".",matchOnce,must be present,,Present,compliant,Block Requirements,,,true,1,,2026-08-16
"Block Real Estate Services, LLC",69fdf78062446148bd8587b9,69fded2062446148bd84913e,Security Data Supply,69fdf08238cbea6b3a6909f0,"kci864 - Riverside Distribution Center 4 {Riverside Distribution Center Investment, LLC}",evidenceOfInsurance,Evidence of Insurance,6ac20aae-5728-5d57-b364-aeba38527dba,Additional Requirements,e1017741-e47e-5f58-97b8-fbc3043e919f,Umbrella follows form over General Liability,"---prompt---
Determine if the Umbrella/Excess Liability policy follows form to the underlying policies. Evidence may include: language in the Description of Operations section stating the umbrella follows form to underlying coverages or an additional page endorsement stating that it follows form. Follow form means the umbrella policy adopts the same terms, conditions, and exclusions as the underlying policies.",matchOnce,must be present,,Present,compliant,Block Requirements,,,true,1,,2026-08-16
"Block Real Estate Services, LLC",69fdf78062446148bd8587b9,69fded2062446148bd84913e,Security Data Supply,69fdf08238cbea6b3a6909f0,"kci864 - Riverside Distribution Center 4 {Riverside Distribution Center Investment, LLC}",evidenceOfInsurance,Evidence of Insurance,6ac20aae-5728-5d57-b364-aeba38527dba,Additional Requirements,2cdd866f-c9a4-576a-afd8-1d045762790c,"The location must be listed as: 4104 W. Riverside Street, Riverside, MO, 64150",,matchOnce,must be present,,Present,compliant,Block Requirements,,,true,1,,2026-08-16
"Block Real Estate Services, LLC",69fdf78062446148bd8587b9,69fded2062446148bd84913e,Security Data Supply,69fdf08238cbea6b3a6909f0,"kci864 - Riverside Distribution Center 4 {Riverside Distribution Center Investment, LLC}",evidenceOfInsurance,Evidence of Insurance,6ac20aae-5728-5d57-b364-aeba38527dba,Additional Requirements,3649e9d1-4e09-59bf-8f30-cb33c40cf117,"Certificate Holder must read: c/o Block Real Estate Services, LLC, 4622 Pennsylvania St., Suite 700, Kansas City, MO, 64112",,matchOnce,must be present,,Present,compliant,Block Requirements,,,true,1,,2026-08-16
"Block Real Estate Services, LLC",6a186a58f7507f55433809c6,6a186a17e701796d85dca48c,85 Degrees Bakery / DA FA Inc 85C,69fdf122d3bfa5e4945e17c3,"prm793 - Prom Motor Hotel, Inc. - 119th & Metcalf Retail",evidenceOfInsurance,Evidence of Insurance,commercialGeneralLiability,Commercial General Liability,evidenceOfInsuranceCommercialGeneralLiabilityCoverageTriggerOccurrence,Coverage Trigger: Occurrence,,matchOnce,must be present,,Present,compliant,Block Requirements,,,false,1,,2026-08-16
"Block Real Estate Services, LLC",6a186a58f7507f55433809c6,6a186a17e701796d85dca48c,85 Degrees Bakery / DA FA Inc 85C,69fdf122d3bfa5e4945e17c3,"prm793 - Prom Motor Hotel, Inc. - 119th & Metcalf Retail",evidenceOfInsurance,Evidence of Insurance,commercialGeneralLiability,Commercial General Liability,evidenceOfInsuranceCommercialGeneralLiabilityGeneralAggregateLimitAppliesPerLocation,General Aggregate Limit Applies per: Location,,matchOnce,must be present,,,non_compliant,Block Requirements,,,false,0,,2026-08-16
"Block Real Estate Services, LLC",6a186a58f7507f55433809c6,6a186a17e701796d85dca48c,85 Degrees Bakery / DA FA Inc 85C,69fdf122d3bfa5e4945e17c3,"prm793 - Prom Motor Hotel, Inc. - 119th & Metcalf Retail",evidenceOfInsurance,Evidence of Insurance,commercialGeneralLiability,Commercial General Liability,evidenceOfInsuranceCommercialGeneralLiabilityEachOccurrence,Each Occurrence,,matchOnce,must be greater or equal to,1000000,1000000,compliant,Block Requirements,,,false,1,,2026-08-16
"Block Real Estate Services, LLC",6a186a58f7507f55433809c6,6a186a17e701796d85dca48c,85 Degrees Bakery / DA FA Inc 85C,69fdf122d3bfa5e4945e17c3,"prm793 - Prom Motor Hotel, Inc. - 119th & Metcalf Retail",evidenceOfInsurance,Evidence of Insurance,commercialGeneralLiability,Commercial General Liability,evidenceOfInsuranceCommercialGeneralLiabilityGeneralAggregate,General Aggregate,,matchOnce,must be greater or equal to,2000000,2000000,compliant,Block Requirements,,,false,1,,2026-08-16
"Block Real Estate Services, LLC",6a186a58f7507f55433809c6,6a186a17e701796d85dca48c,85 Degrees Bakery / DA FA Inc 85C,69fdf122d3bfa5e4945e17c3,"prm793 - Prom Motor Hotel, Inc. - 119th & Metcalf Retail",evidenceOfInsurance,Evidence of Insurance,commercialGeneralLiability,Commercial General Liability,evidenceOfInsuranceCommercialGeneralLiabilityWaiverOfSubrogationEndorsement,Waiver of Subrogation,"---prompt---
Determine if the insurer has waived their right of subrogation in favor of the certificate holder under the Commercial General Liability policy. Evidence may include: a checked ""Waiver of Subrogation"" box on the certificate, mention in the Description of Operations section stating ""waiver of subrogation applies"", or reference to form CG 24 04. Look for language like ""subrogation is waived"" or ""per written contract"".",matchOnce,must be present,,Present,compliant,Block Requirements,,,false,1,,2026-08-16
"Block Real Estate Services, LLC",6a186a58f7507f55433809c6,6a186a17e701796d85dca48c,85 Degrees Bakery / DA FA Inc 85C,69fdf122d3bfa5e4945e17c3,"prm793 - Prom Motor Hotel, Inc. - 119th & Metcalf Retail",evidenceOfInsurance,Evidence of Insurance,excessOrUmbrellaLiability,Umbrella/Excess Liability,evidenceOfInsuranceExcessOrUmbrellaLiabilityOccurence,Coverage Trigger: Occurrence,,matchOnce,must be present,,Present,compliant,Block Requirements,,,false,1,,2026-08-16
"Block Real Estate Services, LLC",6a186a58f7507f55433809c6,6a186a17e701796d85dca48c,85 Degrees Bakery / DA FA Inc 85C,69fdf122d3bfa5e4945e17c3,"prm793 - Prom Motor Hotel, Inc. - 119th & Metcalf Retail",evidenceOfInsurance,Evidence of Insurance,excessOrUmbrellaLiability,Umbrella/Excess Liability,evidenceOfInsuranceExcessOrUmbrellaLiabilityEachOccurrence,Each Occurrence,,matchOnce,must be greater or equal to,1000000,5000000,compliant,Block Requirements,,,false,1,,2026-08-16
"Block Real Estate Services, LLC",6a186a58f7507f55433809c6,6a186a17e701796d85dca48c,85 Degrees Bakery / DA FA Inc 85C,69fdf122d3bfa5e4945e17c3,"prm793 - Prom Motor Hotel, Inc. - 119th & Metcalf Retail",evidenceOfInsurance,Evidence of Insurance,excessOrUmbrellaLiability,Umbrella/Excess Liability,evidenceOfInsuranceExcessOrUmbrellaLiabilityAggregate,Aggregate,,matchOnce,must be greater or equal to,1000000,5000000,compliant,Block Requirements,,,false,1,,2026-08-16
"Block Real Estate Services, LLC",6a186a58f7507f55433809c6,6a186a17e701796d85dca48c,85 Degrees Bakery / DA FA Inc 85C,69fdf122d3bfa5e4945e17c3,"prm793 - Prom Motor Hotel, Inc. - 119th & Metcalf Retail",evidenceOfInsurance,Evidence of Insurance,workersCompensation,Workers' Compensation and Employer's Liability,evidenceOfInsuranceWorkersCompensationStatutoryLimits,Statutory Limits,,matchOnce,must be present,,Present,compliant,Block Requirements,,,false,1,,2026-08-16
"Block Real Estate Services, LLC",6a186a58f7507f55433809c6,6a186a17e701796d85dca48c,85 Degrees Bakery / DA FA Inc 85C,69fdf122d3bfa5e4945e17c3,"prm793 - Prom Motor Hotel, Inc. - 119th & Metcalf Retail",evidenceOfInsurance,Evidence of Insurance,workersCompensation,Workers' Compensation and Employer's Liability,evidenceOfInsuranceWorkersCompensationEmployersLiabilityEachAccident,Employer's Liability Each Accident,,matchOnce,must be greater or equal to,500000,1000000,compliant,Block Requirements,,,false,1,,2026-08-16
"Block Real Estate Services, LLC",6a186a58f7507f55433809c6,6a186a17e701796d85dca48c,85 Degrees Bakery / DA FA Inc 85C,69fdf122d3bfa5e4945e17c3,"prm793 - Prom Motor Hotel, Inc. - 119th & Metcalf Retail",evidenceOfInsurance,Evidence of Insurance,workersCompensation,Workers' Compensation and Employer's Liability,evidenceOfInsuranceWorkersCompensationEmployersLiabilityDiseaseEachEmployee,Employer's Liability Disease - each employee,,matchOnce,must be greater or equal to,500000,1000000,compliant,Block Requirements,,,false,1,,2026-08-16
"Block Real Estate Services, LLC",6a186a58f7507f55433809c6,6a186a17e701796d85dca48c,85 Degrees Bakery / DA FA Inc 85C,69fdf122d3bfa5e4945e17c3,"prm793 - Prom Motor Hotel, Inc. - 119th & Metcalf Retail",evidenceOfInsurance,Evidence of Insurance,workersCompensation,Workers' Compensation and Employer's Liability,evidenceOfInsuranceWorkersCompensationEmployersLiabilityDiseasePolicyLimit,Employer's Liability Disease - policy limit,,matchOnce,must be greater or equal to,500000,1000000,compliant,Block Requirements,,,false,1,,2026-08-16
"Block Real Estate Services, LLC",6a186a58f7507f55433809c6,6a186a17e701796d85dca48c,85 Degrees Bakery / DA FA Inc 85C,69fdf122d3bfa5e4945e17c3,"prm793 - Prom Motor Hotel, Inc. - 119th & Metcalf Retail",evidenceOfInsurance,Evidence of Insurance,workersCompensation,Workers' Compensation and Employer's Liability,evidenceOfInsuranceWorkersCompensationWaiverOfSubrogationEndorsement,Waiver of Subrogation,"---prompt---
Determine if the insurer has waived their right of subrogation in favor of the certificate holder under the Workers' Compensation policy. Evidence may include: a checked ""Waiver of Subrogation"" box on the certificate, mention in the Description of Operations section stating ""waiver of subrogation applies"", or reference to form WC 00 03 13. Look for language like ""subrogation is waived"" or ""per written contract"".",matchOnce,must be present,,,non_compliant,Block Requirements,,,false,0,,2026-08-16
"Block Real Estate Services, LLC",6a186a58f7507f55433809c6,6a186a17e701796d85dca48c,85 Degrees Bakery / DA FA Inc 85C,69fdf122d3bfa5e4945e17c3,"prm793 - Prom Motor Hotel, Inc. - 119th & Metcalf Retail",evidenceOfInsurance,Evidence of Insurance,6ac20aae-5728-5d57-b364-aeba38527dba,Additional Requirements,4da5b0f1-4c9d-5885-8cf8-5d3cccaed3e0,"Block Real Estate Services, LLC and all others required by contract are named as Additional Insureds","---prompt---
Determine if the Description of Operations or the Additional Remarks Schedule section states the ""Additional Insured as Construction Management, Inc. and all others required by contract"" or reference to blanket additional insured coverage. Look for language like ""certificate holder is additional insured"" or ""per written contract"".",matchOnce,must be present,,Present,compliant,Block Requirements,,,true,1,,2026-08-16
"Block Real Estate Services, LLC",6a186a58f7507f55433809c6,6a186a17e701796d85dca48c,85 Degrees Bakery / DA FA Inc 85C,69fdf122d3bfa5e4945e17c3,"prm793 - Prom Motor Hotel, Inc. - 119th & Metcalf Retail",evidenceOfInsurance,Evidence of Insurance,6ac20aae-5728-5d57-b364-aeba38527dba,Additional Requirements,e1017741-e47e-5f58-97b8-fbc3043e919f,Umbrella follows form over General Liability,"---prompt---
Determine if the Umbrella/Excess Liability policy follows form to the underlying policies. Evidence may include: language in the Description of Operations section stating the umbrella follows form to underlying coverages or an additional page endorsement stating that it follows form. Follow form means the umbrella policy adopts the same terms, conditions, and exclusions as the underlying policies.",matchOnce,must be present,,Present,compliant,Block Requirements,,,true,1,,2026-08-16
"Block Real Estate Services, LLC",6a186a58f7507f55433809c6,6a186a17e701796d85dca48c,85 Degrees Bakery / DA FA Inc 85C,69fdf122d3bfa5e4945e17c3,"prm793 - Prom Motor Hotel, Inc. - 119th & Metcalf Retail",evidenceOfInsurance,Evidence of Insurance,6ac20aae-5728-5d57-b364-aeba38527dba,Additional Requirements,2cdd866f-c9a4-576a-afd8-1d045762790c,The location must be listed as: 12061 Metcalf Avenue Overland Park KS 66213,,matchOnce,must be present,,Present,compliant,Block Requirements,,,true,1,,2026-08-16
"Block Real Estate Services, LLC",6a186a58f7507f55433809c6,6a186a17e701796d85dca48c,85 Degrees Bakery / DA FA Inc 85C,69fdf122d3bfa5e4945e17c3,"prm793 - Prom Motor Hotel, Inc. - 119th & Metcalf Retail",evidenceOfInsurance,Evidence of Insurance,6ac20aae-5728-5d57-b364-aeba38527dba,Additional Requirements,3649e9d1-4e09-59bf-8f30-cb33c40cf117,"Certificate Holder must read: c/o Block Real Estate Services, LLC, 4622 Pennsylvania St., Suite 700, Kansas City, MO, 64112",,matchOnce,must be present,,Present,compliant,Block Requirements,,,true,1,,2026-08-16
"Block Real Estate Services, LLC",69fdf75c62446148bd855f96,69fded1062446148bd848c4f,CBD American Shaman LLC,69fdefae0bb484cab51399d2,"bf3943 - Riverside Business Center 2 {Block Income Fund III, LP}",evidenceOfInsurance,Evidence of Insurance,commercialGeneralLiability,Commercial General Liability,evidenceOfInsuranceCommercialGeneralLiabilityCoverageTriggerOccurrence,Coverage Trigger: Occurrence,,matchOnce,must be present,,,non_compliant,Block Requirements,,,false,0,,2026-08-16
"Block Real Estate Services, LLC",69fdf75c62446148bd855f96,69fded1062446148bd848c4f,CBD American Shaman LLC,69fdefae0bb484cab51399d2,"bf3943 - Riverside Business Center 2 {Block Income Fund III, LP}",evidenceOfInsurance,Evidence of Insurance,commercialGeneralLiability,Commercial General Liability,evidenceOfInsuranceCommercialGeneralLiabilityGeneralAggregateLimitAppliesPerLocation,General Aggregate Limit Applies per: Location,,matchOnce,must be present,,,non_compliant,Block Requirements,,,false,0,,2026-08-16
"Block Real Estate Services, LLC",69fdf75c62446148bd855f96,69fded1062446148bd848c4f,CBD American Shaman LLC,69fdefae0bb484cab51399d2,"bf3943 - Riverside Business Center 2 {Block Income Fund III, LP}",evidenceOfInsurance,Evidence of Insurance,commercialGeneralLiability,Commercial General Liability,evidenceOfInsuranceCommercialGeneralLiabilityEachOccurrence,Each Occurrence,,matchOnce,must be greater or equal to,1000000,,non_compliant,Block Requirements,,,false,0,,2026-08-16
"Block Real Estate Services, LLC",69fdf75c62446148bd855f96,69fded1062446148bd848c4f,CBD American Shaman LLC,69fdefae0bb484cab51399d2,"bf3943 - Riverside Business Center 2 {Block Income Fund III, LP}",evidenceOfInsurance,Evidence of Insurance,commercialGeneralLiability,Commercial General Liability,evidenceOfInsuranceCommercialGeneralLiabilityGeneralAggregate,General Aggregate,,matchOnce,must be greater or equal to,2000000,,non_compliant,Block Requirements,,,false,0,,2026-08-16
"Block Real Estate Services, LLC",69fdf75c62446148bd855f96,69fded1062446148bd848c4f,CBD American Shaman LLC,69fdefae0bb484cab51399d2,"bf3943 - Riverside Business Center 2 {Block Income Fund III, LP}",evidenceOfInsurance,Evidence of Insurance,commercialGeneralLiability,Commercial General Liability,evidenceOfInsuranceCommercialGeneralLiabilityWaiverOfSubrogationEndorsement,Waiver of Subrogation,"---prompt---
Determine if the insurer has waived their right of subrogation in favor of the certificate holder under the Commercial General Liability policy. Evidence may include: a checked ""Waiver of Subrogation"" box on the certificate, mention in the Description of Operations section stating ""waiver of subrogation applies"", or reference to form CG 24 04. Look for language like ""subrogation is waived"" or ""per written contract"".",matchOnce,must be present,,,non_compliant,Block Requirements,,,false,0,,2026-08-16
"Block Real Estate Services, LLC",69fdf75c62446148bd855f96,69fded1062446148bd848c4f,CBD American Shaman LLC,69fdefae0bb484cab51399d2,"bf3943 - Riverside Business Center 2 {Block Income Fund III, LP}",evidenceOfInsurance,Evidence of Insurance,excessOrUmbrellaLiability,Umbrella/Excess Liability,evidenceOfInsuranceExcessOrUmbrellaLiabilityOccurence,Coverage Trigger: Occurrence,,matchOnce,must be present,,,non_compliant,Block Requirements,,,false,0,,2026-08-16
"Block Real Estate Services, LLC",69fdf75c62446148bd855f96,69fded1062446148bd848c4f,CBD American Shaman LLC,69fdefae0bb484cab51399d2,"bf3943 - Riverside Business Center 2 {Block Income Fund III, LP}",evidenceOfInsurance,Evidence of Insurance,excessOrUmbrellaLiability,Umbrella/Excess Liability,evidenceOfInsuranceExcessOrUmbrellaLiabilityEachOccurrence,Each Occurrence,,matchOnce,must be greater or equal to,1000000,,non_compliant,Block Requirements,,,false,0,,2026-08-16
"Block Real Estate Services, LLC",69fdf75c62446148bd855f96,69fded1062446148bd848c4f,CBD American Shaman LLC,69fdefae0bb484cab51399d2,"bf3943 - Riverside Business Center 2 {Block Income Fund III, LP}",evidenceOfInsurance,Evidence of Insurance,excessOrUmbrellaLiability,Umbrella/Excess Liability,evidenceOfInsuranceExcessOrUmbrellaLiabilityAggregate,Aggregate,,matchOnce,must be greater or equal to,1000000,,non_compliant,Block Requirements,,,false,0,,2026-08-16
"Block Real Estate Services, LLC",69fdf75c62446148bd855f96,69fded1062446148bd848c4f,CBD American Shaman LLC,69fdefae0bb484cab51399d2,"bf3943 - Riverside Business Center 2 {Block Income Fund III, LP}",evidenceOfInsurance,Evidence of Insurance,workersCompensation,Workers' Compensation and Employer's Liability,evidenceOfInsuranceWorkersCompensationStatutoryLimits,Statutory Limits,,matchOnce,must be present,,,non_compliant,Block Requirements,,,false,0,,2026-08-16
"Block Real Estate Services, LLC",69fdf75c62446148bd855f96,69fded1062446148bd848c4f,CBD American Shaman LLC,69fdefae0bb484cab51399d2,"bf3943 - Riverside Business Center 2 {Block Income Fund III, LP}",evidenceOfInsurance,Evidence of Insurance,workersCompensation,Workers' Compensation and Employer's Liability,evidenceOfInsuranceWorkersCompensationEmployersLiabilityEachAccident,Employer's Liability Each Accident,,matchOnce,must be greater or equal to,500000,,non_compliant,Block Requirements,,,false,0,,2026-08-16
"Block Real Estate Services, LLC",69fdf75c62446148bd855f96,69fded1062446148bd848c4f,CBD American Shaman LLC,69fdefae0bb484cab51399d2,"bf3943 - Riverside Business Center 2 {Block Income Fund III, LP}",evidenceOfInsurance,Evidence of Insurance,workersCompensation,Workers' Compensation and Employer's Liability,evidenceOfInsuranceWorkersCompensationEmployersLiabilityDiseaseEachEmployee,Employer's Liability Disease - each employee,,matchOnce,must be greater or equal to,500000,,non_compliant,Block Requirements,,,false,0,,2026-08-16
"Block Real Estate Services, LLC",69fdf75c62446148bd855f96,69fded1062446148bd848c4f,CBD American Shaman LLC,69fdefae0bb484cab51399d2,"bf3943 - Riverside Business Center 2 {Block Income Fund III, LP}",evidenceOfInsurance,Evidence of Insurance,workersCompensation,Workers' Compensation and Employer's Liability,evidenceOfInsuranceWorkersCompensationEmployersLiabilityDiseasePolicyLimit,Employer's Liability Disease - policy limit,,matchOnce,must be greater or equal to,500000,,non_compliant,Block Requirements,,,false,0,,2026-08-16
"Block Real Estate Services, LLC",69fdf75c62446148bd855f96,69fded1062446148bd848c4f,CBD American Shaman LLC,69fdefae0bb484cab51399d2,"bf3943 - Riverside Business Center 2 {Block Income Fund III, LP}",evidenceOfInsurance,Evidence of Insurance,workersCompensation,Workers' Compensation and Employer's Liability,evidenceOfInsuranceWorkersCompensationWaiverOfSubrogationEndorsement,Waiver of Subrogation,"---prompt---
Determine if the insurer has waived their right of subrogation in favor of the certificate holder under the Workers' Compensation policy. Evidence may include: a checked ""Waiver of Subrogation"" box on the certificate, mention in the Description of Operations section stating ""waiver of subrogation applies"", or reference to form WC 00 03 13. Look for language like ""subrogation is waived"" or ""per written contract"".",matchOnce,must be present,,,non_compliant,Block Requirements,,,false,0,,2026-08-16
"Block Real Estate Services, LLC",69fdf75c62446148bd855f96,69fded1062446148bd848c4f,CBD American Shaman LLC,69fdefae0bb484cab51399d2,"bf3943 - Riverside Business Center 2 {Block Income Fund III, LP}",evidenceOfInsurance,Evidence of Insurance,6ac20aae-5728-5d57-b364-aeba38527dba,Additional Requirements,4da5b0f1-4c9d-5885-8cf8-5d3cccaed3e0,"Block Real Estate Services, LLC and all others required by contract are named as Additional Insureds","---prompt---
Determine if the Description of Operations or the Additional Remarks Schedule section states the ""Additional Insured as Construction Management, Inc. and all others required by contract"" or reference to blanket additional insured coverage. Look for language like ""certificate holder is additional insured"" or ""per written contract"".",matchOnce,must be present,,,non_compliant,Block Requirements,,,true,0,,2026-08-16
"Block Real Estate Services, LLC",69fdf75c62446148bd855f96,69fded1062446148bd848c4f,CBD American Shaman LLC,69fdefae0bb484cab51399d2,"bf3943 - Riverside Business Center 2 {Block Income Fund III, LP}",evidenceOfInsurance,Evidence of Insurance,6ac20aae-5728-5d57-b364-aeba38527dba,Additional Requirements,e1017741-e47e-5f58-97b8-fbc3043e919f,Umbrella follows form over General Liability,"---prompt---
Determine if the Umbrella/Excess Liability policy follows form to the underlying policies. Evidence may include: language in the Description of Operations section stating the umbrella follows form to underlying coverages or an additional page endorsement stating that it follows form. Follow form means the umbrella policy adopts the same terms, conditions, and exclusions as the underlying policies.",matchOnce,must be present,,,non_compliant,Block Requirements,,,true,0,,2026-08-16
"Block Real Estate Services, LLC",69fdf75c62446148bd855f96,69fded1062446148bd848c4f,CBD American Shaman LLC,69fdefae0bb484cab51399d2,"bf3943 - Riverside Business Center 2 {Block Income Fund III, LP}",evidenceOfInsurance,Evidence of Insurance,6ac20aae-5728-5d57-b364-aeba38527dba,Additional Requirements,2cdd866f-c9a4-576a-afd8-1d045762790c,"The location must be listed as: 2461 NW Tullison Road, Riverside, MO, 64150",,matchOnce,must be present,,,non_compliant,Block Requirements,,,true,0,,2026-08-16
"Block Real Estate Services, LLC",69fdf75c62446148bd855f96,69fded1062446148bd848c4f,CBD American Shaman LLC,69fdefae0bb484cab51399d2,"bf3943 - Riverside Business Center 2 {Block Income Fund III, LP}",evidenceOfInsurance,Evidence of Insurance,6ac20aae-5728-5d57-b364-aeba38527dba,Additional Requirements,3649e9d1-4e09-59bf-8f30-cb33c40cf117,"Certificate Holder must read: c/o Block Real Estate Services, LLC, 4622 Pennsylvania St., Suite 700, Kansas City, MO, 64112",,matchOnce,must be present,,,non_compliant,Block Requirements,,,true,0,,2026-08-16
"Block Real Estate Services, LLC",69fdf75c62446148bd855f97,69fded1962446148bd848ee6,"Kawneer Company, Inc.",69fdefae0bb484cab51399d2,"bf3943 - Riverside Business Center 2 {Block Income Fund III, LP}",evidenceOfInsurance,Evidence of Insurance,commercialGeneralLiability,Commercial General Liability,evidenceOfInsuranceCommercialGeneralLiabilityCoverageTriggerOccurrence,Coverage Trigger: Occurrence,,matchOnce,must be present,,Present,compliant,Block Requirements,,,false,1,,2026-08-16
"Block Real Estate Services, LLC",69fdf75c62446148bd855f97,69fded1962446148bd848ee6,"Kawneer Company, Inc.",69fdefae0bb484cab51399d2,"bf3943 - Riverside Business Center 2 {Block Income Fund III, LP}",evidenceOfInsurance,Evidence of Insurance,commercialGeneralLiability,Commercial General Liability,evidenceOfInsuranceCommercialGeneralLiabilityGeneralAggregateLimitAppliesPerLocation,General Aggregate Limit Applies per: Location,,matchOnce,must be present,,,non_compliant,Block Requirements,,,false,0,,2026-08-16
"Block Real Estate Services, LLC",69fdf75c62446148bd855f97,69fded1962446148bd848ee6,"Kawneer Company, Inc.",69fdefae0bb484cab51399d2,"bf3943 - Riverside Business Center 2 {Block Income Fund III, LP}",evidenceOfInsurance,Evidence of Insurance,commercialGeneralLiability,Commercial General Liability,evidenceOfInsuranceCommercialGeneralLiabilityEachOccurrence,Each Occurrence,,matchOnce,must be greater or equal to,1000000,4750000,compliant,Block Requirements,,,false,1,,2026-08-16
"Block Real Estate Services, LLC",69fdf75c62446148bd855f97,69fded1962446148bd848ee6,"Kawneer Company, Inc.",69fdefae0bb484cab51399d2,"bf3943 - Riverside Business Center 2 {Block Income Fund III, LP}",evidenceOfInsurance,Evidence of Insurance,commercialGeneralLiability,Commercial General Liability,evidenceOfInsuranceCommercialGeneralLiabilityGeneralAggregate,General Aggregate,,matchOnce,must be greater or equal to,2000000,10000000,compliant,Block Requirements,,,false,1,,2026-08-16
"Block Real Estate Services, LLC",69fdf75c62446148bd855f97,69fded1962446148bd848ee6,"Kawneer Company, Inc.",69fdefae0bb484cab51399d2,"bf3943 - Riverside Business Center 2 {Block Income Fund III, LP}",evidenceOfInsurance,Evidence of Insurance,commercialGeneralLiability,Commercial General Liability,evidenceOfInsuranceCommercialGeneralLiabilityWaiverOfSubrogationEndorsement,Waiver of Subrogation,"---prompt---
Determine if the insurer has waived their right of subrogation in favor of the certificate holder under the Commercial General Liability policy. Evidence may include: a checked ""Waiver of Subrogation"" box on the certificate, mention in the Description of Operations section stating ""waiver of subrogation applies"", or reference to form CG 24 04. Look for language like ""subrogation is waived"" or ""per written contract"".",matchOnce,must be present,,Present,compliant,Block Requirements,,,false,1,,2026-08-16
"Block Real Estate Services, LLC",69fdf75c62446148bd855f97,69fded1962446148bd848ee6,"Kawneer Company, Inc.",69fdefae0bb484cab51399d2,"bf3943 - Riverside Business Center 2 {Block Income Fund III, LP}",evidenceOfInsurance,Evidence of Insurance,excessOrUmbrellaLiability,Umbrella/Excess Liability,evidenceOfInsuranceExcessOrUmbrellaLiabilityOccurence,Coverage Trigger: Occurrence,,matchOnce,must be present,,,non_compliant,Block Requirements,,,false,0,,2026-08-16
"Block Real Estate Services, LLC",69fdf75c62446148bd855f97,69fded1962446148bd848ee6,"Kawneer Company, Inc.",69fdefae0bb484cab51399d2,"bf3943 - Riverside Business Center 2 {Block Income Fund III, LP}",evidenceOfInsurance,Evidence of Insurance,excessOrUmbrellaLiability,Umbrella/Excess Liability,evidenceOfInsuranceExcessOrUmbrellaLiabilityEachOccurrence,Each Occurrence,,matchOnce,must be greater or equal to,1000000,,non_compliant,Block Requirements,,,false,0,,2026-08-16
"Block Real Estate Services, LLC",69fdf75c62446148bd855f97,69fded1962446148bd848ee6,"Kawneer Company, Inc.",69fdefae0bb484cab51399d2,"bf3943 - Riverside Business Center 2 {Block Income Fund III, LP}",evidenceOfInsurance,Evidence of Insurance,excessOrUmbrellaLiability,Umbrella/Excess Liability,evidenceOfInsuranceExcessOrUmbrellaLiabilityAggregate,Aggregate,,matchOnce,must be greater or equal to,1000000,,non_compliant,Block Requirements,,,false,0,,2026-08-16
"Block Real Estate Services, LLC",69fdf75c62446148bd855f97,69fded1962446148bd848ee6,"Kawneer Company, Inc.",69fdefae0bb484cab51399d2,"bf3943 - Riverside Business Center 2 {Block Income Fund III, LP}",evidenceOfInsurance,Evidence of Insurance,workersCompensation,Workers' Compensation and Employer's Liability,evidenceOfInsuranceWorkersCompensationStatutoryLimits,Statutory Limits,,matchOnce,must be present,,Present,compliant,Block Requirements,,,false,1,,2026-08-16
"Block Real Estate Services, LLC",69fdf75c62446148bd855f97,69fded1962446148bd848ee6,"Kawneer Company, Inc.",69fdefae0bb484cab51399d2,"bf3943 - Riverside Business Center 2 {Block Income Fund III, LP}",evidenceOfInsurance,Evidence of Insurance,workersCompensation,Workers' Compensation and Employer's Liability,evidenceOfInsuranceWorkersCompensationEmployersLiabilityEachAccident,Employer's Liability Each Accident,,matchOnce,must be greater or equal to,500000,2000000,compliant,Block Requirements,,,false,1,,2026-08-16
"Block Real Estate Services, LLC",69fdf75c62446148bd855f97,69fded1962446148bd848ee6,"Kawneer Company, Inc.",69fdefae0bb484cab51399d2,"bf3943 - Riverside Business Center 2 {Block Income Fund III, LP}",evidenceOfInsurance,Evidence of Insurance,workersCompensation,Workers' Compensation and Employer's Liability,evidenceOfInsuranceWorkersCompensationEmployersLiabilityDiseaseEachEmployee,Employer's Liability Disease - each employee,,matchOnce,must be greater or equal to,500000,2000000,compliant,Block Requirements,,,false,1,,2026-08-16
"Block Real Estate Services, LLC",69fdf75c62446148bd855f97,69fded1962446148bd848ee6,"Kawneer Company, Inc.",69fdefae0bb484cab51399d2,"bf3943 - Riverside Business Center 2 {Block Income Fund III, LP}",evidenceOfInsurance,Evidence of Insurance,workersCompensation,Workers' Compensation and Employer's Liability,evidenceOfInsuranceWorkersCompensationEmployersLiabilityDiseasePolicyLimit,Employer's Liability Disease - policy limit,,matchOnce,must be greater or equal to,500000,2000000,compliant,Block Requirements,,,false,1,,2026-08-16
"Block Real Estate Services, LLC",69fdf75c62446148bd855f97,69fded1962446148bd848ee6,"Kawneer Company, Inc.",69fdefae0bb484cab51399d2,"bf3943 - Riverside Business Center 2 {Block Income Fund III, LP}",evidenceOfInsurance,Evidence of Insurance,workersCompensation,Workers' Compensation and Employer's Liability,evidenceOfInsuranceWorkersCompensationWaiverOfSubrogationEndorsement,Waiver of Subrogation,"---prompt---
Determine if the insurer has waived their right of subrogation in favor of the certificate holder under the Workers' Compensation policy. Evidence may include: a checked ""Waiver of Subrogation"" box on the certificate, mention in the Description of Operations section stating ""waiver of subrogation applies"", or reference to form WC 00 03 13. Look for language like ""subrogation is waived"" or ""per written contract"".",matchOnce,must be present,,,non_compliant,Block Requirements,,,false,0,,2026-08-16
"Block Real Estate Services, LLC",69fdf75c62446148bd855f97,69fded1962446148bd848ee6,"Kawneer Company, Inc.",69fdefae0bb484cab51399d2,"bf3943 - Riverside Business Center 2 {Block Income Fund III, LP}",evidenceOfInsurance,Evidence of Insurance,6ac20aae-5728-5d57-b364-aeba38527dba,Additional Requirements,4da5b0f1-4c9d-5885-8cf8-5d3cccaed3e0,"Block Real Estate Services, LLC and all others required by contract are named as Additional Insureds","---prompt---
Determine if the Description of Operations or the Additional Remarks Schedule section states the ""Additional Insured as Construction Management, Inc. and all others required by contract"" or reference to blanket additional insured coverage. Look for language like ""certificate holder is additional insured"" or ""per written contract"".",matchOnce,must be present,,Present,compliant,Block Requirements,,,true,1,,2026-08-16
"Block Real Estate Services, LLC",69fdf75c62446148bd855f97,69fded1962446148bd848ee6,"Kawneer Company, Inc.",69fdefae0bb484cab51399d2,"bf3943 - Riverside Business Center 2 {Block Income Fund III, LP}",evidenceOfInsurance,Evidence of Insurance,6ac20aae-5728-5d57-b364-aeba38527dba,Additional Requirements,e1017741-e47e-5f58-97b8-fbc3043e919f,Umbrella follows form over General Liability,"---prompt---
Determine if the Umbrella/Excess Liability policy follows form to the underlying policies. Evidence may include: language in the Description of Operations section stating the umbrella follows form to underlying coverages or an additional page endorsement stating that it follows form. Follow form means the umbrella policy adopts the same terms, conditions, and exclusions as the underlying policies.",matchOnce,must be present,,,non_compliant,Block Requirements,,,true,0,,2026-08-16
"Block Real Estate Services, LLC",69fdf75c62446148bd855f97,69fded1962446148bd848ee6,"Kawneer Company, Inc.",69fdefae0bb484cab51399d2,"bf3943 - Riverside Business Center 2 {Block Income Fund III, LP}",evidenceOfInsurance,Evidence of Insurance,6ac20aae-5728-5d57-b364-aeba38527dba,Additional Requirements,2cdd866f-c9a4-576a-afd8-1d045762790c,"The location must be listed as: 2475 NW Tullison Road, Riverside, MO, 64150",,matchOnce,must be present,,Present,compliant,Block Requirements,,,true,1,,2026-08-16
"Block Real Estate Services, LLC",69fdf75c62446148bd855f97,69fded1962446148bd848ee6,"Kawneer Company, Inc.",69fdefae0bb484cab51399d2,"bf3943 - Riverside Business Center 2 {Block Income Fund III, LP}",evidenceOfInsurance,Evidence of Insurance,6ac20aae-5728-5d57-b364-aeba38527dba,Additional Requirements,3649e9d1-4e09-59bf-8f30-cb33c40cf117,"Certificate Holder must read: c/o Block Real Estate Services, LLC, 4622 Pennsylvania St., Suite 700, Kansas City, MO, 64112",,matchOnce,must be present,,Present,compliant,Block Requirements,,,true,1,,2026-08-16
"Block Real Estate Services, LLC",6a1849fa6b1e29a28e5039a9,69fded1062446148bd848c4f,CBD American Shaman LLC,69fdefae0bb484cab51399d2,"bf3943 - Riverside Business Center 2 {Block Income Fund III, LP}",evidenceOfInsurance,Evidence of Insurance,commercialGeneralLiability,Commercial General Liability,evidenceOfInsuranceCommercialGeneralLiabilityCoverageTriggerOccurrence,Coverage Trigger: Occurrence,,matchOnce,must be present,,,non_compliant,Block Requirements,,,false,0,,2026-08-16
"Block Real Estate Services, LLC",6a1849fa6b1e29a28e5039a9,69fded1062446148bd848c4f,CBD American Shaman LLC,69fdefae0bb484cab51399d2,"bf3943 - Riverside Business Center 2 {Block Income Fund III, LP}",evidenceOfInsurance,Evidence of Insurance,commercialGeneralLiability,Commercial General Liability,evidenceOfInsuranceCommercialGeneralLiabilityGeneralAggregateLimitAppliesPerLocation,General Aggregate Limit Applies per: Location,,matchOnce,must be present,,,non_compliant,Block Requirements,,,false,0,,2026-08-16
"Block Real Estate Services, LLC",6a1849fa6b1e29a28e5039a9,69fded1062446148bd848c4f,CBD American Shaman LLC,69fdefae0bb484cab51399d2,"bf3943 - Riverside Business Center 2 {Block Income Fund III, LP}",evidenceOfInsurance,Evidence of Insurance,commercialGeneralLiability,Commercial General Liability,evidenceOfInsuranceCommercialGeneralLiabilityEachOccurrence,Each Occurrence,,matchOnce,must be greater or equal to,1000000,,non_compliant,Block Requirements,,,false,0,,2026-08-16
"Block Real Estate Services, LLC",6a1849fa6b1e29a28e5039a9,69fded1062446148bd848c4f,CBD American Shaman LLC,69fdefae0bb484cab51399d2,"bf3943 - Riverside Business Center 2 {Block Income Fund III, LP}",evidenceOfInsurance,Evidence of Insurance,commercialGeneralLiability,Commercial General Liability,evidenceOfInsuranceCommercialGeneralLiabilityGeneralAggregate,General Aggregate,,matchOnce,must be greater or equal to,2000000,,non_compliant,Block Requirements,,,false,0,,2026-08-16
"Block Real Estate Services, LLC",6a1849fa6b1e29a28e5039a9,69fded1062446148bd848c4f,CBD American Shaman LLC,69fdefae0bb484cab51399d2,"bf3943 - Riverside Business Center 2 {Block Income Fund III, LP}",evidenceOfInsurance,Evidence of Insurance,commercialGeneralLiability,Commercial General Liability,evidenceOfInsuranceCommercialGeneralLiabilityWaiverOfSubrogationEndorsement,Waiver of Subrogation,"---prompt---
Determine if the insurer has waived their right of subrogation in favor of the certificate holder under the Commercial General Liability policy. Evidence may include: a checked ""Waiver of Subrogation"" box on the certificate, mention in the Description of Operations section stating ""waiver of subrogation applies"", or reference to form CG 24 04. Look for language like ""subrogation is waived"" or ""per written contract"".",matchOnce,must be present,,,non_compliant,Block Requirements,,,false,0,,2026-08-16
"Block Real Estate Services, LLC",6a1849fa6b1e29a28e5039a9,69fded1062446148bd848c4f,CBD American Shaman LLC,69fdefae0bb484cab51399d2,"bf3943 - Riverside Business Center 2 {Block Income Fund III, LP}",evidenceOfInsurance,Evidence of Insurance,excessOrUmbrellaLiability,Umbrella/Excess Liability,evidenceOfInsuranceExcessOrUmbrellaLiabilityOccurence,Coverage Trigger: Occurrence,,matchOnce,must be present,,,non_compliant,Block Requirements,,,false,0,,2026-08-16
"Block Real Estate Services, LLC",6a1849fa6b1e29a28e5039a9,69fded1062446148bd848c4f,CBD American Shaman LLC,69fdefae0bb484cab51399d2,"bf3943 - Riverside Business Center 2 {Block Income Fund III, LP}",evidenceOfInsurance,Evidence of Insurance,excessOrUmbrellaLiability,Umbrella/Excess Liability,evidenceOfInsuranceExcessOrUmbrellaLiabilityEachOccurrence,Each Occurrence,,matchOnce,must be greater or equal to,1000000,,non_compliant,Block Requirements,,,false,0,,2026-08-16
"Block Real Estate Services, LLC",6a1849fa6b1e29a28e5039a9,69fded1062446148bd848c4f,CBD American Shaman LLC,69fdefae0bb484cab51399d2,"bf3943 - Riverside Business Center 2 {Block Income Fund III, LP}",evidenceOfInsurance,Evidence of Insurance,excessOrUmbrellaLiability,Umbrella/Excess Liability,evidenceOfInsuranceExcessOrUmbrellaLiabilityAggregate,Aggregate,,matchOnce,must be greater or equal to,1000000,,non_compliant,Block Requirements,,,false,0,,2026-08-16
"Block Real Estate Services, LLC",6a1849fa6b1e29a28e5039a9,69fded1062446148bd848c4f,CBD American Shaman LLC,69fdefae0bb484cab51399d2,"bf3943 - Riverside Business Center 2 {Block Income Fund III, LP}",evidenceOfInsurance,Evidence of Insurance,workersCompensation,Workers' Compensation and Employer's Liability,evidenceOfInsuranceWorkersCompensationStatutoryLimits,Statutory Limits,,matchOnce,must be present,,,non_compliant,Block Requirements,,,false,0,,2026-08-16
"Block Real Estate Services, LLC",6a1849fa6b1e29a28e5039a9,69fded1062446148bd848c4f,CBD American Shaman LLC,69fdefae0bb484cab51399d2,"bf3943 - Riverside Business Center 2 {Block Income Fund III, LP}",evidenceOfInsurance,Evidence of Insurance,workersCompensation,Workers' Compensation and Employer's Liability,evidenceOfInsuranceWorkersCompensationEmployersLiabilityEachAccident,Employer's Liability Each Accident,,matchOnce,must be greater or equal to,500000,,non_compliant,Block Requirements,,,false,0,,2026-08-16
"Block Real Estate Services, LLC",6a1849fa6b1e29a28e5039a9,69fded1062446148bd848c4f,CBD American Shaman LLC,69fdefae0bb484cab51399d2,"bf3943 - Riverside Business Center 2 {Block Income Fund III, LP}",evidenceOfInsurance,Evidence of Insurance,workersCompensation,Workers' Compensation and Employer's Liability,evidenceOfInsuranceWorkersCompensationEmployersLiabilityDiseaseEachEmployee,Employer's Liability Disease - each employee,,matchOnce,must be greater or equal to,500000,,non_compliant,Block Requirements,,,false,0,,2026-08-16
"Block Real Estate Services, LLC",6a1849fa6b1e29a28e5039a9,69fded1062446148bd848c4f,CBD American Shaman LLC,69fdefae0bb484cab51399d2,"bf3943 - Riverside Business Center 2 {Block Income Fund III, LP}",evidenceOfInsurance,Evidence of Insurance,workersCompensation,Workers' Compensation and Employer's Liability,evidenceOfInsuranceWorkersCompensationEmployersLiabilityDiseasePolicyLimit,Employer's Liability Disease - policy limit,,matchOnce,must be greater or equal to,500000,,non_compliant,Block Requirements,,,false,0,,2026-08-16
"Block Real Estate Services, LLC",6a1849fa6b1e29a28e5039a9,69fded1062446148bd848c4f,CBD American Shaman LLC,69fdefae0bb484cab51399d2,"bf3943 - Riverside Business Center 2 {Block Income Fund III, LP}",evidenceOfInsurance,Evidence of Insurance,workersCompensation,Workers' Compensation and Employer's Liability,evidenceOfInsuranceWorkersCompensationWaiverOfSubrogationEndorsement,Waiver of Subrogation,"---prompt---
Determine if the insurer has waived their right of subrogation in favor of the certificate holder under the Workers' Compensation policy. Evidence may include: a checked ""Waiver of Subrogation"" box on the certificate, mention in the Description of Operations section stating ""waiver of subrogation applies"", or reference to form WC 00 03 13. Look for language like ""subrogation is waived"" or ""per written contract"".",matchOnce,must be present,,,non_compliant,Block Requirements,,,false,0,,2026-08-16
"Block Real Estate Services, LLC",6a1849fa6b1e29a28e5039a9,69fded1062446148bd848c4f,CBD American Shaman LLC,69fdefae0bb484cab51399d2,"bf3943 - Riverside Business Center 2 {Block Income Fund III, LP}",evidenceOfInsurance,Evidence of Insurance,6ac20aae-5728-5d57-b364-aeba38527dba,Additional Requirements,4da5b0f1-4c9d-5885-8cf8-5d3cccaed3e0,"Block Real Estate Services, LLC and all others required by contract are named as Additional Insureds","---prompt---
Determine if the Description of Operations or the Additional Remarks Schedule section states the ""Additional Insured as Construction Management, Inc. and all others required by contract"" or reference to blanket additional insured coverage. Look for language like ""certificate holder is additional insured"" or ""per written contract"".",matchOnce,must be present,,,non_compliant,Block Requirements,,,true,0,,2026-08-16
"Block Real Estate Services, LLC",6a1849fa6b1e29a28e5039a9,69fded1062446148bd848c4f,CBD American Shaman LLC,69fdefae0bb484cab51399d2,"bf3943 - Riverside Business Center 2 {Block Income Fund III, LP}",evidenceOfInsurance,Evidence of Insurance,6ac20aae-5728-5d57-b364-aeba38527dba,Additional Requirements,e1017741-e47e-5f58-97b8-fbc3043e919f,Umbrella follows form over General Liability,"---prompt---
Determine if the Umbrella/Excess Liability policy follows form to the underlying policies. Evidence may include: language in the Description of Operations section stating the umbrella follows form to underlying coverages or an additional page endorsement stating that it follows form. Follow form means the umbrella policy adopts the same terms, conditions, and exclusions as the underlying policies.",matchOnce,must be present,,,non_compliant,Block Requirements,,,true,0,,2026-08-16
"Block Real Estate Services, LLC",6a1849fa6b1e29a28e5039a9,69fded1062446148bd848c4f,CBD American Shaman LLC,69fdefae0bb484cab51399d2,"bf3943 - Riverside Business Center 2 {Block Income Fund III, LP}",evidenceOfInsurance,Evidence of Insurance,6ac20aae-5728-5d57-b364-aeba38527dba,Additional Requirements,2cdd866f-c9a4-576a-afd8-1d045762790c,"The location must be listed as: 2462, 2463 NW Tullison Road, Riverside, MO, 64150",,matchOnce,must be present,,,non_compliant,Block Requirements,,,true,0,,2026-08-16
"Block Real Estate Services, LLC",6a1849fa6b1e29a28e5039a9,69fded1062446148bd848c4f,CBD American Shaman LLC,69fdefae0bb484cab51399d2,"bf3943 - Riverside Business Center 2 {Block Income Fund III, LP}",evidenceOfInsurance,Evidence of Insurance,6ac20aae-5728-5d57-b364-aeba38527dba,Additional Requirements,3649e9d1-4e09-59bf-8f30-cb33c40cf117,"Certificate Holder must read: c/o Block Real Estate Services, LLC, 4622 Pennsylvania St., Suite 700, Kansas City, MO, 64112",,matchOnce,must be present,,,non_compliant,Block Requirements,,,true,0,,2026-08-16
"Block Real Estate Services, LLC",69fdf75c62446148bd855fa1,69fded1062446148bd848c4f,CBD American Shaman LLC,69fdefb802bb2c42a879f4b6,"bf3945 - Riverside Business Center 4 {Block Income Fund III, LP}",evidenceOfInsurance,Evidence of Insurance,commercialGeneralLiability,Commercial General Liability,evidenceOfInsuranceCommercialGeneralLiabilityCoverageTriggerOccurrence,Coverage Trigger: Occurrence,,matchOnce,must be present,,,non_compliant,Block Requirements,,,false,0,,2026-08-16
"Block Real Estate Services, LLC",69fdf75c62446148bd855fa1,69fded1062446148bd848c4f,CBD American Shaman LLC,69fdefb802bb2c42a879f4b6,"bf3945 - Riverside Business Center 4 {Block Income Fund III, LP}",evidenceOfInsurance,Evidence of Insurance,commercialGeneralLiability,Commercial General Liability,evidenceOfInsuranceCommercialGeneralLiabilityGeneralAggregateLimitAppliesPerLocation,General Aggregate Limit Applies per: Location,,matchOnce,must be present,,,non_compliant,Block Requirements,,,false,0,,2026-08-16
"Block Real Estate Services, LLC",69fdf75c62446148bd855fa1,69fded1062446148bd848c4f,CBD American Shaman LLC,69fdefb802bb2c42a879f4b6,"bf3945 - Riverside Business Center 4 {Block Income Fund III, LP}",evidenceOfInsurance,Evidence of Insurance,commercialGeneralLiability,Commercial General Liability,evidenceOfInsuranceCommercialGeneralLiabilityEachOccurrence,Each Occurrence,,matchOnce,must be greater or equal to,1000000,,non_compliant,Block Requirements,,,false,0,,2026-08-16
"Block Real Estate Services, LLC",69fdf75c62446148bd855fa1,69fded1062446148bd848c4f,CBD American Shaman LLC,69fdefb802bb2c42a879f4b6,"bf3945 - Riverside Business Center 4 {Block Income Fund III, LP}",evidenceOfInsurance,Evidence of Insurance,commercialGeneralLiability,Commercial General Liability,evidenceOfInsuranceCommercialGeneralLiabilityGeneralAggregate,General Aggregate,,matchOnce,must be greater or equal to,2000000,,non_compliant,Block Requirements,,,false,0,,2026-08-16
"Block Real Estate Services, LLC",69fdf75c62446148bd855fa1,69fded1062446148bd848c4f,CBD American Shaman LLC,69fdefb802bb2c42a879f4b6,"bf3945 - Riverside Business Center 4 {Block Income Fund III, LP}",evidenceOfInsurance,Evidence of Insurance,commercialGeneralLiability,Commercial General Liability,evidenceOfInsuranceCommercialGeneralLiabilityWaiverOfSubrogationEndorsement,Waiver of Subrogation,"---prompt---
Determine if the insurer has waived their right of subrogation in favor of the certificate holder under the Commercial General Liability policy. Evidence may include: a checked ""Waiver of Subrogation"" box on the certificate, mention in the Description of Operations section stating ""waiver of subrogation applies"", or reference to form CG 24 04. Look for language like ""subrogation is waived"" or ""per written contract"".",matchOnce,must be present,,,non_compliant,Block Requirements,,,false,0,,2026-08-16
"Block Real Estate Services, LLC",69fdf75c62446148bd855fa1,69fded1062446148bd848c4f,CBD American Shaman LLC,69fdefb802bb2c42a879f4b6,"bf3945 - Riverside Business Center 4 {Block Income Fund III, LP}",evidenceOfInsurance,Evidence of Insurance,excessOrUmbrellaLiability,Umbrella/Excess Liability,evidenceOfInsuranceExcessOrUmbrellaLiabilityOccurence,Coverage Trigger: Occurrence,,matchOnce,must be present,,,non_compliant,Block Requirements,,,false,0,,2026-08-16
"Block Real Estate Services, LLC",69fdf75c62446148bd855fa1,69fded1062446148bd848c4f,CBD American Shaman LLC,69fdefb802bb2c42a879f4b6,"bf3945 - Riverside Business Center 4 {Block Income Fund III, LP}",evidenceOfInsurance,Evidence of Insurance,excessOrUmbrellaLiability,Umbrella/Excess Liability,evidenceOfInsuranceExcessOrUmbrellaLiabilityEachOccurrence,Each Occurrence,,matchOnce,must be greater or equal to,1000000,,non_compliant,Block Requirements,,,false,0,,2026-08-16
"Block Real Estate Services, LLC",69fdf75c62446148bd855fa1,69fded1062446148bd848c4f,CBD American Shaman LLC,69fdefb802bb2c42a879f4b6,"bf3945 - Riverside Business Center 4 {Block Income Fund III, LP}",evidenceOfInsurance,Evidence of Insurance,excessOrUmbrellaLiability,Umbrella/Excess Liability,evidenceOfInsuranceExcessOrUmbrellaLiabilityAggregate,Aggregate,,matchOnce,must be greater or equal to,1000000,,non_compliant,Block Requirements,,,false,0,,2026-08-16
"Block Real Estate Services, LLC",69fdf75c62446148bd855fa1,69fded1062446148bd848c4f,CBD American Shaman LLC,69fdefb802bb2c42a879f4b6,"bf3945 - Riverside Business Center 4 {Block Income Fund III, LP}",evidenceOfInsurance,Evidence of Insurance,workersCompensation,Workers' Compensation and Employer's Liability,evidenceOfInsuranceWorkersCompensationStatutoryLimits,Statutory Limits,,matchOnce,must be present,,,non_compliant,Block Requirements,,,false,0,,2026-08-16
"Block Real Estate Services, LLC",69fdf75c62446148bd855fa1,69fded1062446148bd848c4f,CBD American Shaman LLC,69fdefb802bb2c42a879f4b6,"bf3945 - Riverside Business Center 4 {Block Income Fund III, LP}",evidenceOfInsurance,Evidence of Insurance,workersCompensation,Workers' Compensation and Employer's Liability,evidenceOfInsuranceWorkersCompensationEmployersLiabilityEachAccident,Employer's Liability Each Accident,,matchOnce,must be greater or equal to,500000,,non_compliant,Block Requirements,,,false,0,,2026-08-16
"Block Real Estate Services, LLC",69fdf75c62446148bd855fa1,69fded1062446148bd848c4f,CBD American Shaman LLC,69fdefb802bb2c42a879f4b6,"bf3945 - Riverside Business Center 4 {Block Income Fund III, LP}",evidenceOfInsurance,Evidence of Insurance,workersCompensation,Workers' Compensation and Employer's Liability,evidenceOfInsuranceWorkersCompensationEmployersLiabilityDiseaseEachEmployee,Employer's Liability Disease - each employee,,matchOnce,must be greater or equal to,500000,,non_compliant,Block Requirements,,,false,0,,2026-08-16
"Block Real Estate Services, LLC",69fdf75c62446148bd855fa1,69fded1062446148bd848c4f,CBD American Shaman LLC,69fdefb802bb2c42a879f4b6,"bf3945 - Riverside Business Center 4 {Block Income Fund III, LP}",evidenceOfInsurance,Evidence of Insurance,workersCompensation,Workers' Compensation and Employer's Liability,evidenceOfInsuranceWorkersCompensationEmployersLiabilityDiseasePolicyLimit,Employer's Liability Disease - policy limit,,matchOnce,must be greater or equal to,500000,,non_compliant,Block Requirements,,,false,0,,2026-08-16
"Block Real Estate Services, LLC",69fdf75c62446148bd855fa1,69fded1062446148bd848c4f,CBD American Shaman LLC,69fdefb802bb2c42a879f4b6,"bf3945 - Riverside Business Center 4 {Block Income Fund III, LP}",evidenceOfInsurance,Evidence of Insurance,workersCompensation,Workers' Compensation and Employer's Liability,evidenceOfInsuranceWorkersCompensationWaiverOfSubrogationEndorsement,Waiver of Subrogation,"---prompt---
Determine if the insurer has waived their right of subrogation in favor of the certificate holder under the Workers' Compensation policy. Evidence may include: a checked ""Waiver of Subrogation"" box on the certificate, mention in the Description of Operations section stating ""waiver of subrogation applies"", or reference to form WC 00 03 13. Look for language like ""subrogation is waived"" or ""per written contract"".",matchOnce,must be present,,,non_compliant,Block Requirements,,,false,0,,2026-08-16
"Block Real Estate Services, LLC",69fdf75c62446148bd855fa1,69fded1062446148bd848c4f,CBD American Shaman LLC,69fdefb802bb2c42a879f4b6,"bf3945 - Riverside Business Center 4 {Block Income Fund III, LP}",evidenceOfInsurance,Evidence of Insurance,6ac20aae-5728-5d57-b364-aeba38527dba,Additional Requirements,4da5b0f1-4c9d-5885-8cf8-5d3cccaed3e0,"Block Real Estate Services, LLC and all others required by contract are named as Additional Insureds","---prompt---
Determine if the Description of Operations or the Additional Remarks Schedule section states the ""Additional Insured as Construction Management, Inc. and all others required by contract"" or reference to blanket additional insured coverage. Look for language like ""certificate holder is additional insured"" or ""per written contract"".",matchOnce,must be present,,,non_compliant,Block Requirements,,,true,0,,2026-08-16
"Block Real Estate Services, LLC",69fdf75c62446148bd855fa1,69fded1062446148bd848c4f,CBD American Shaman LLC,69fdefb802bb2c42a879f4b6,"bf3945 - Riverside Business Center 4 {Block Income Fund III, LP}",evidenceOfInsurance,Evidence of Insurance,6ac20aae-5728-5d57-b364-aeba38527dba,Additional Requirements,e1017741-e47e-5f58-97b8-fbc3043e919f,Umbrella follows form over General Liability,"---prompt---
Determine if the Umbrella/Excess Liability policy follows form to the underlying policies. Evidence may include: language in the Description of Operations section stating the umbrella follows form to underlying coverages or an additional page endorsement stating that it follows form. Follow form means the umbrella policy adopts the same terms, conditions, and exclusions as the underlying policies.",matchOnce,must be present,,,non_compliant,Block Requirements,,,true,0,,2026-08-16
"Block Real Estate Services, LLC",69fdf75c62446148bd855fa1,69fded1062446148bd848c4f,CBD American Shaman LLC,69fdefb802bb2c42a879f4b6,"bf3945 - Riverside Business Center 4 {Block Income Fund III, LP}",evidenceOfInsurance,Evidence of Insurance,6ac20aae-5728-5d57-b364-aeba38527dba,Additional Requirements,2cdd866f-c9a4-576a-afd8-1d045762790c,"The location must be listed as: 100 - 108 NW Plaza Drive, Riverside, MO, 64150",,matchOnce,must be present,,,non_compliant,Block Requirements,,,true,0,,2026-08-16
"Block Real Estate Services, LLC",69fdf75c62446148bd855fa1,69fded1062446148bd848c4f,CBD American Shaman LLC,69fdefb802bb2c42a879f4b6,"bf3945 - Riverside Business Center 4 {Block Income Fund III, LP}",evidenceOfInsurance,Evidence of Insurance,6ac20aae-5728-5d57-b364-aeba38527dba,Additional Requirements,3649e9d1-4e09-59bf-8f30-cb33c40cf117,"Certificate Holder must read: c/o Block Real Estate Services, LLC, 4622 Pennsylvania St., Suite 700, Kansas City, MO, 64112",,matchOnce,must be present,,,non_compliant,Block Requirements,,,true,0,,2026-08-16
"Block Real Estate Services, LLC",69fdf75c62446148bd855fa2,69fded1762446148bd848e7a,Hydro Extrusion USA LLC,69fdefb802bb2c42a879f4b6,"bf3945 - Riverside Business Center 4 {Block Income Fund III, LP}",evidenceOfInsurance,Evidence of Insurance,commercialGeneralLiability,Commercial General Liability,evidenceOfInsuranceCommercialGeneralLiabilityCoverageTriggerOccurrence,Coverage Trigger: Occurrence,,matchOnce,must be present,,,non_compliant,Block Requirements,,,false,0,,2026-08-16
"Block Real Estate Services, LLC",69fdf75c62446148bd855fa2,69fded1762446148bd848e7a,Hydro Extrusion USA LLC,69fdefb802bb2c42a879f4b6,"bf3945 - Riverside Business Center 4 {Block Income Fund III, LP}",evidenceOfInsurance,Evidence of Insurance,commercialGeneralLiability,Commercial General Liability,evidenceOfInsuranceCommercialGeneralLiabilityGeneralAggregateLimitAppliesPerLocation,General Aggregate Limit Applies per: Location,,matchOnce,must be present,,,non_compliant,Block Requirements,,,false,0,,2026-08-16
"Block Real Estate Services, LLC",69fdf75c62446148bd855fa2,69fded1762446148bd848e7a,Hydro Extrusion USA LLC,69fdefb802bb2c42a879f4b6,"bf3945 - Riverside Business Center 4 {Block Income Fund III, LP}",evidenceOfInsurance,Evidence of Insurance,commercialGeneralLiability,Commercial General Liability,evidenceOfInsuranceCommercialGeneralLiabilityEachOccurrence,Each Occurrence,,matchOnce,must be greater or equal to,1000000,,non_compliant,Block Requirements,,,false,0,,2026-08-16
"Block Real Estate Services, LLC",69fdf75c62446148bd855fa2,69fded1762446148bd848e7a,Hydro Extrusion USA LLC,69fdefb802bb2c42a879f4b6,"bf3945 - Riverside Business Center 4 {Block Income Fund III, LP}",evidenceOfInsurance,Evidence of Insurance,commercialGeneralLiability,Commercial General Liability,evidenceOfInsuranceCommercialGeneralLiabilityGeneralAggregate,General Aggregate,,matchOnce,must be greater or equal to,2000000,,non_compliant,Block Requirements,,,false,0,,2026-08-16
"Block Real Estate Services, LLC",69fdf75c62446148bd855fa2,69fded1762446148bd848e7a,Hydro Extrusion USA LLC,69fdefb802bb2c42a879f4b6,"bf3945 - Riverside Business Center 4 {Block Income Fund III, LP}",evidenceOfInsurance,Evidence of Insurance,commercialGeneralLiability,Commercial General Liability,evidenceOfInsuranceCommercialGeneralLiabilityWaiverOfSubrogationEndorsement,Waiver of Subrogation,"---prompt---
Determine if the insurer has waived their right of subrogation in favor of the certificate holder under the Commercial General Liability policy. Evidence may include: a checked ""Waiver of Subrogation"" box on the certificate, mention in the Description of Operations section stating ""waiver of subrogation applies"", or reference to form CG 24 04. Look for language like ""subrogation is waived"" or ""per written contract"".",matchOnce,must be present,,,non_compliant,Block Requirements,,,false,0,,2026-08-16
"Block Real Estate Services, LLC",69fdf75c62446148bd855fa2,69fded1762446148bd848e7a,Hydro Extrusion USA LLC,69fdefb802bb2c42a879f4b6,"bf3945 - Riverside Business Center 4 {Block Income Fund III, LP}",evidenceOfInsurance,Evidence of Insurance,excessOrUmbrellaLiability,Umbrella/Excess Liability,evidenceOfInsuranceExcessOrUmbrellaLiabilityOccurence,Coverage Trigger: Occurrence,,matchOnce,must be present,,,non_compliant,Block Requirements,,,false,0,,2026-08-16
"Block Real Estate Services, LLC",69fdf75c62446148bd855fa2,69fded1762446148bd848e7a,Hydro Extrusion USA LLC,69fdefb802bb2c42a879f4b6,"bf3945 - Riverside Business Center 4 {Block Income Fund III, LP}",evidenceOfInsurance,Evidence of Insurance,excessOrUmbrellaLiability,Umbrella/Excess Liability,evidenceOfInsuranceExcessOrUmbrellaLiabilityEachOccurrence,Each Occurrence,,matchOnce,must be greater or equal to,1000000,,non_compliant,Block Requirements,,,false,0,,2026-08-16
"Block Real Estate Services, LLC",69fdf75c62446148bd855fa2,69fded1762446148bd848e7a,Hydro Extrusion USA LLC,69fdefb802bb2c42a879f4b6,"bf3945 - Riverside Business Center 4 {Block Income Fund III, LP}",evidenceOfInsurance,Evidence of Insurance,excessOrUmbrellaLiability,Umbrella/Excess Liability,evidenceOfInsuranceExcessOrUmbrellaLiabilityAggregate,Aggregate,,matchOnce,must be greater or equal to,1000000,,non_compliant,Block Requirements,,,false,0,,2026-08-16
"Block Real Estate Services, LLC",69fdf75c62446148bd855fa2,69fded1762446148bd848e7a,Hydro Extrusion USA LLC,69fdefb802bb2c42a879f4b6,"bf3945 - Riverside Business Center 4 {Block Income Fund III, LP}",evidenceOfInsurance,Evidence of Insurance,workersCompensation,Workers' Compensation and Employer's Liability,evidenceOfInsuranceWorkersCompensationStatutoryLimits,Statutory Limits,,matchOnce,must be present,,,non_compliant,Block Requirements,,,false,0,,2026-08-16
"Block Real Estate Services, LLC",69fdf75c62446148bd855fa2,69fded1762446148bd848e7a,Hydro Extrusion USA LLC,69fdefb802bb2c42a879f4b6,"bf3945 - Riverside Business Center 4 {Block Income Fund III, LP}",evidenceOfInsurance,Evidence of Insurance,workersCompensation,Workers' Compensation and Employer's Liability,evidenceOfInsuranceWorkersCompensationEmployersLiabilityEachAccident,Employer's Liability Each Accident,,matchOnce,must be greater or equal to,500000,,non_compliant,Block Requirements,,,false,0,,2026-08-16
"Block Real Estate Services, LLC",69fdf75c62446148bd855fa2,69fded1762446148bd848e7a,Hydro Extrusion USA LLC,69fdefb802bb2c42a879f4b6,"bf3945 - Riverside Business Center 4 {Block Income Fund III, LP}",evidenceOfInsurance,Evidence of Insurance,workersCompensation,Workers' Compensation and Employer's Liability,evidenceOfInsuranceWorkersCompensationEmployersLiabilityDiseaseEachEmployee,Employer's Liability Disease - each employee,,matchOnce,must be greater or equal to,500000,,non_compliant,Block Requirements,,,false,0,,2026-08-16
"Block Real Estate Services, LLC",69fdf75c62446148bd855fa2,69fded1762446148bd848e7a,Hydro Extrusion USA LLC,69fdefb802bb2c42a879f4b6,"bf3945 - Riverside Business Center 4 {Block Income Fund III, LP}",evidenceOfInsurance,Evidence of Insurance,workersCompensation,Workers' Compensation and Employer's Liability,evidenceOfInsuranceWorkersCompensationEmployersLiabilityDiseasePolicyLimit,Employer's Liability Disease - policy limit,,matchOnce,must be greater or equal to,500000,,non_compliant,Block Requirements,,,false,0,,2026-08-16
"Block Real Estate Services, LLC",69fdf75c62446148bd855fa2,69fded1762446148bd848e7a,Hydro Extrusion USA LLC,69fdefb802bb2c42a879f4b6,"bf3945 - Riverside Business Center 4 {Block Income Fund III, LP}",evidenceOfInsurance,Evidence of Insurance,workersCompensation,Workers' Compensation and Employer's Liability,evidenceOfInsuranceWorkersCompensationWaiverOfSubrogationEndorsement,Waiver of Subrogation,"---prompt---
Determine if the insurer has waived their right of subrogation in favor of the certificate holder under the Workers' Compensation policy. Evidence may include: a checked ""Waiver of Subrogation"" box on the certificate, mention in the Description of Operations section stating ""waiver of subrogation applies"", or reference to form WC 00 03 13. Look for language like ""subrogation is waived"" or ""per written contract"".",matchOnce,must be present,,,non_compliant,Block Requirements,,,false,0,,2026-08-16
"Block Real Estate Services, LLC",69fdf75c62446148bd855fa2,69fded1762446148bd848e7a,Hydro Extrusion USA LLC,69fdefb802bb2c42a879f4b6,"bf3945 - Riverside Business Center 4 {Block Income Fund III, LP}",evidenceOfInsurance,Evidence of Insurance,6ac20aae-5728-5d57-b364-aeba38527dba,Additional Requirements,4da5b0f1-4c9d-5885-8cf8-5d3cccaed3e0,"Block Real Estate Services, LLC and all others required by contract are named as Additional Insureds","---prompt---
Determine if the Description of Operations or the Additional Remarks Schedule section states the ""Additional Insured as Construction Management, Inc. and all others required by contract"" or reference to blanket additional insured coverage. Look for language like ""certificate holder is additional insured"" or ""per written contract"".",matchOnce,must be present,,,non_compliant,Block Requirements,,,true,0,,2026-08-16
"Block Real Estate Services, LLC",69fdf75c62446148bd855fa2,69fded1762446148bd848e7a,Hydro Extrusion USA LLC,69fdefb802bb2c42a879f4b6,"bf3945 - Riverside Business Center 4 {Block Income Fund III, LP}",evidenceOfInsurance,Evidence of Insurance,6ac20aae-5728-5d57-b364-aeba38527dba,Additional Requirements,e1017741-e47e-5f58-97b8-fbc3043e919f,Umbrella follows form over General Liability,"---prompt---
Determine if the Umbrella/Excess Liability policy follows form to the underlying policies. Evidence may include: language in the Description of Operations section stating the umbrella follows form to underlying coverages or an additional page endorsement stating that it follows form. Follow form means the umbrella policy adopts the same terms, conditions, and exclusions as the underlying policies.",matchOnce,must be present,,,non_compliant,Block Requirements,,,true,0,,2026-08-16
"Block Real Estate Services, LLC",69fdf75c62446148bd855fa2,69fded1762446148bd848e7a,Hydro Extrusion USA LLC,69fdefb802bb2c42a879f4b6,"bf3945 - Riverside Business Center 4 {Block Income Fund III, LP}",evidenceOfInsurance,Evidence of Insurance,6ac20aae-5728-5d57-b364-aeba38527dba,Additional Requirements,2cdd866f-c9a4-576a-afd8-1d045762790c,"The location must be listed as: 114 NW Plaza Drive, Riverside, MO, 64150",,matchOnce,must be present,,,non_compliant,Block Requirements,,,true,0,,2026-08-16
"Block Real Estate Services, LLC",69fdf75c62446148bd855fa2,69fded1762446148bd848e7a,Hydro Extrusion USA LLC,69fdefb802bb2c42a879f4b6,"bf3945 - Riverside Business Center 4 {Block Income Fund III, LP}",evidenceOfInsurance,Evidence of Insurance,6ac20aae-5728-5d57-b364-aeba38527dba,Additional Requirements,3649e9d1-4e09-59bf-8f30-cb33c40cf117,"Certificate Holder must read: c/o Block Real Estate Services, LLC, 4622 Pennsylvania St., Suite 700, Kansas City, MO, 64112",,matchOnce,must be present,,,non_compliant,Block Requirements,,,true,0,,2026-08-16
"Block Real Estate Services, LLC",69fdf75c62446148bd855fa3,69fded1862446148bd848ecb,"Kansas City Gymnastics, Inc.",69fdefb802bb2c42a879f4b6,"bf3945 - Riverside Business Center 4 {Block Income Fund III, LP}",evidenceOfInsurance,Evidence of Insurance,commercialGeneralLiability,Commercial General Liability,evidenceOfInsuranceCommercialGeneralLiabilityCoverageTriggerOccurrence,Coverage Trigger: Occurrence,,matchOnce,must be present,,,non_compliant,Block Requirements,,,false,0,,2026-08-16
"Block Real Estate Services, LLC",69fdf75c62446148bd855fa3,69fded1862446148bd848ecb,"Kansas City Gymnastics, Inc.",69fdefb802bb2c42a879f4b6,"bf3945 - Riverside Business Center 4 {Block Income Fund III, LP}",evidenceOfInsurance,Evidence of Insurance,commercialGeneralLiability,Commercial General Liability,evidenceOfInsuranceCommercialGeneralLiabilityGeneralAggregateLimitAppliesPerLocation,General Aggregate Limit Applies per: Location,,matchOnce,must be present,,,non_compliant,Block Requirements,,,false,0,,2026-08-16
"Block Real Estate Services, LLC",69fdf75c62446148bd855fa3,69fded1862446148bd848ecb,"Kansas City Gymnastics, Inc.",69fdefb802bb2c42a879f4b6,"bf3945 - Riverside Business Center 4 {Block Income Fund III, LP}",evidenceOfInsurance,Evidence of Insurance,commercialGeneralLiability,Commercial General Liability,evidenceOfInsuranceCommercialGeneralLiabilityEachOccurrence,Each Occurrence,,matchOnce,must be greater or equal to,1000000,,non_compliant,Block Requirements,,,false,0,,2026-08-16
"Block Real Estate Services, LLC",69fdf75c62446148bd855fa3,69fded1862446148bd848ecb,"Kansas City Gymnastics, Inc.",69fdefb802bb2c42a879f4b6,"bf3945 - Riverside Business Center 4 {Block Income Fund III, LP}",evidenceOfInsurance,Evidence of Insurance,commercialGeneralLiability,Commercial General Liability,evidenceOfInsuranceCommercialGeneralLiabilityGeneralAggregate,General Aggregate,,matchOnce,must be greater or equal to,2000000,,non_compliant,Block Requirements,,,false,0,,2026-08-16
"Block Real Estate Services, LLC",69fdf75c62446148bd855fa3,69fded1862446148bd848ecb,"Kansas City Gymnastics, Inc.",69fdefb802bb2c42a879f4b6,"bf3945 - Riverside Business Center 4 {Block Income Fund III, LP}",evidenceOfInsurance,Evidence of Insurance,commercialGeneralLiability,Commercial General Liability,evidenceOfInsuranceCommercialGeneralLiabilityWaiverOfSubrogationEndorsement,Waiver of Subrogation,"---prompt---
Determine if the insurer has waived their right of subrogation in favor of the certificate holder under the Commercial General Liability policy. Evidence may include: a checked ""Waiver of Subrogation"" box on the certificate, mention in the Description of Operations section stating ""waiver of subrogation applies"", or reference to form CG 24 04. Look for language like ""subrogation is waived"" or ""per written contract"".",matchOnce,must be present,,,non_compliant,Block Requirements,,,false,0,,2026-08-16
"Block Real Estate Services, LLC",69fdf75c62446148bd855fa3,69fded1862446148bd848ecb,"Kansas City Gymnastics, Inc.",69fdefb802bb2c42a879f4b6,"bf3945 - Riverside Business Center 4 {Block Income Fund III, LP}",evidenceOfInsurance,Evidence of Insurance,excessOrUmbrellaLiability,Umbrella/Excess Liability,evidenceOfInsuranceExcessOrUmbrellaLiabilityOccurence,Coverage Trigger: Occurrence,,matchOnce,must be present,,,non_compliant,Block Requirements,,,false,0,,2026-08-16
"Block Real Estate Services, LLC",69fdf75c62446148bd855fa3,69fded1862446148bd848ecb,"Kansas City Gymnastics, Inc.",69fdefb802bb2c42a879f4b6,"bf3945 - Riverside Business Center 4 {Block Income Fund III, LP}",evidenceOfInsurance,Evidence of Insurance,excessOrUmbrellaLiability,Umbrella/Excess Liability,evidenceOfInsuranceExcessOrUmbrellaLiabilityEachOccurrence,Each Occurrence,,matchOnce,must be greater or equal to,1000000,,non_compliant,Block Requirements,,,false,0,,2026-08-16
"Block Real Estate Services, LLC",69fdf75c62446148bd855fa3,69fded1862446148bd848ecb,"Kansas City Gymnastics, Inc.",69fdefb802bb2c42a879f4b6,"bf3945 - Riverside Business Center 4 {Block Income Fund III, LP}",evidenceOfInsurance,Evidence of Insurance,excessOrUmbrellaLiability,Umbrella/Excess Liability,evidenceOfInsuranceExcessOrUmbrellaLiabilityAggregate,Aggregate,,matchOnce,must be greater or equal to,1000000,,non_compliant,Block Requirements,,,false,0,,2026-08-16
"Block Real Estate Services, LLC",69fdf75c62446148bd855fa3,69fded1862446148bd848ecb,"Kansas City Gymnastics, Inc.",69fdefb802bb2c42a879f4b6,"bf3945 - Riverside Business Center 4 {Block Income Fund III, LP}",evidenceOfInsurance,Evidence of Insurance,workersCompensation,Workers' Compensation and Employer's Liability,evidenceOfInsuranceWorkersCompensationStatutoryLimits,Statutory Limits,,matchOnce,must be present,,,non_compliant,Block Requirements,,,false,0,,2026-08-16
"Block Real Estate Services, LLC",69fdf75c62446148bd855fa3,69fded1862446148bd848ecb,"Kansas City Gymnastics, Inc.",69fdefb802bb2c42a879f4b6,"bf3945 - Riverside Business Center 4 {Block Income Fund III, LP}",evidenceOfInsurance,Evidence of Insurance,workersCompensation,Workers' Compensation and Employer's Liability,evidenceOfInsuranceWorkersCompensationEmployersLiabilityEachAccident,Employer's Liability Each Accident,,matchOnce,must be greater or equal to,500000,,non_compliant,Block Requirements,,,false,0,,2026-08-16
"Block Real Estate Services, LLC",69fdf75c62446148bd855fa3,69fded1862446148bd848ecb,"Kansas City Gymnastics, Inc.",69fdefb802bb2c42a879f4b6,"bf3945 - Riverside Business Center 4 {Block Income Fund III, LP}",evidenceOfInsurance,Evidence of Insurance,workersCompensation,Workers' Compensation and Employer's Liability,evidenceOfInsuranceWorkersCompensationEmployersLiabilityDiseaseEachEmployee,Employer's Liability Disease - each employee,,matchOnce,must be greater or equal to,500000,,non_compliant,Block Requirements,,,false,0,,2026-08-16
"Block Real Estate Services, LLC",69fdf75c62446148bd855fa3,69fded1862446148bd848ecb,"Kansas City Gymnastics, Inc.",69fdefb802bb2c42a879f4b6,"bf3945 - Riverside Business Center 4 {Block Income Fund III, LP}",evidenceOfInsurance,Evidence of Insurance,workersCompensation,Workers' Compensation and Employer's Liability,evidenceOfInsuranceWorkersCompensationEmployersLiabilityDiseasePolicyLimit,Employer's Liability Disease - policy limit,,matchOnce,must be greater or equal to,500000,,non_compliant,Block Requirements,,,false,0,,2026-08-16
"Block Real Estate Services, LLC",69fdf75c62446148bd855fa3,69fded1862446148bd848ecb,"Kansas City Gymnastics, Inc.",69fdefb802bb2c42a879f4b6,"bf3945 - Riverside Business Center 4 {Block Income Fund III, LP}",evidenceOfInsurance,Evidence of Insurance,workersCompensation,Workers' Compensation and Employer's Liability,evidenceOfInsuranceWorkersCompensationWaiverOfSubrogationEndorsement,Waiver of Subrogation,"---prompt---
Determine if the insurer has waived their right of subrogation in favor of the certificate holder under the Workers' Compensation policy. Evidence may include: a checked ""Waiver of Subrogation"" box on the certificate, mention in the Description of Operations section stating ""waiver of subrogation applies"", or reference to form WC 00 03 13. Look for language like ""subrogation is waived"" or ""per written contract"".",matchOnce,must be present,,,non_compliant,Block Requirements,,,false,0,,2026-08-16
"Block Real Estate Services, LLC",69fdf75c62446148bd855fa3,69fded1862446148bd848ecb,"Kansas City Gymnastics, Inc.",69fdefb802bb2c42a879f4b6,"bf3945 - Riverside Business Center 4 {Block Income Fund III, LP}",evidenceOfInsurance,Evidence of Insurance,6ac20aae-5728-5d57-b364-aeba38527dba,Additional Requirements,4da5b0f1-4c9d-5885-8cf8-5d3cccaed3e0,"Block Real Estate Services, LLC and all others required by contract are named as Additional Insureds","---prompt---
Determine if the Description of Operations or the Additional Remarks Schedule section states the ""Additional Insured as Construction Management, Inc. and all others required by contract"" or reference to blanket additional insured coverage. Look for language like ""certificate holder is additional insured"" or ""per written contract"".",matchOnce,must be present,,,non_compliant,Block Requirements,,,true,0,,2026-08-16
"Block Real Estate Services, LLC",69fdf75c62446148bd855fa3,69fded1862446148bd848ecb,"Kansas City Gymnastics, Inc.",69fdefb802bb2c42a879f4b6,"bf3945 - Riverside Business Center 4 {Block Income Fund III, LP}",evidenceOfInsurance,Evidence of Insurance,6ac20aae-5728-5d57-b364-aeba38527dba,Additional Requirements,e1017741-e47e-5f58-97b8-fbc3043e919f,Umbrella follows form over General Liability,"---prompt---
Determine if the Umbrella/Excess Liability policy follows form to the underlying policies. Evidence may include: language in the Description of Operations section stating the umbrella follows form to underlying coverages or an additional page endorsement stating that it follows form. Follow form means the umbrella policy adopts the same terms, conditions, and exclusions as the underlying policies.",matchOnce,must be present,,,non_compliant,Block Requirements,,,true,0,,2026-08-16
"Block Real Estate Services, LLC",69fdf75c62446148bd855fa3,69fded1862446148bd848ecb,"Kansas City Gymnastics, Inc.",69fdefb802bb2c42a879f4b6,"bf3945 - Riverside Business Center 4 {Block Income Fund III, LP}",evidenceOfInsurance,Evidence of Insurance,6ac20aae-5728-5d57-b364-aeba38527dba,Additional Requirements,2cdd866f-c9a4-576a-afd8-1d045762790c,"The location must be listed as: 1116 NW Plaza Drive, Riverside, MO, 64150",,matchOnce,must be present,,,non_compliant,Block Requirements,,,true,0,,2026-08-16
"Block Real Estate Services, LLC",69fdf75c62446148bd855fa3,69fded1862446148bd848ecb,"Kansas City Gymnastics, Inc.",69fdefb802bb2c42a879f4b6,"bf3945 - Riverside Business Center 4 {Block Income Fund III, LP}",evidenceOfInsurance,Evidence of Insurance,6ac20aae-5728-5d57-b364-aeba38527dba,Additional Requirements,3649e9d1-4e09-59bf-8f30-cb33c40cf117,"Certificate Holder must read: c/o Block Real Estate Services, LLC, 4622 Pennsylvania St., Suite 700, Kansas City, MO, 64112",,matchOnce,must be present,,,non_compliant,Block Requirements,,,true,0,,2026-08-16
"Block Real Estate Services, LLC",69fdf75c62446148bd855f71,69fded1062446148bd848c52,"Sunflower Health Plan / Centene Management Company, LLC",69fdef860bb484cab5138c69,"3rd867 - Four Pine Ridge Plaza {SSR Capital, LLC}",evidenceOfInsurance,Evidence of Insurance,commercialGeneralLiability,Commercial General Liability,evidenceOfInsuranceCommercialGeneralLiabilityCoverageTriggerOccurrence,Coverage Trigger: Occurrence,,matchOnce,must be present,,Present,compliant,Block Requirements,,,false,1,,2026-08-16
"Block Real Estate Services, LLC",69fdf75c62446148bd855f71,69fded1062446148bd848c52,"Sunflower Health Plan / Centene Management Company, LLC",69fdef860bb484cab5138c69,"3rd867 - Four Pine Ridge Plaza {SSR Capital, LLC}",evidenceOfInsurance,Evidence of Insurance,commercialGeneralLiability,Commercial General Liability,evidenceOfInsuranceCommercialGeneralLiabilityGeneralAggregateLimitAppliesPerLocation,General Aggregate Limit Applies per: Location,,matchOnce,must be present,,Present,compliant,Block Requirements,,,false,1,,2026-08-16
"Block Real Estate Services, LLC",69fdf75c62446148bd855f71,69fded1062446148bd848c52,"Sunflower Health Plan / Centene Management Company, LLC",69fdef860bb484cab5138c69,"3rd867 - Four Pine Ridge Plaza {SSR Capital, LLC}",evidenceOfInsurance,Evidence of Insurance,commercialGeneralLiability,Commercial General Liability,evidenceOfInsuranceCommercialGeneralLiabilityEachOccurrence,Each Occurrence,,matchOnce,must be greater or equal to,1000000,2000000,compliant,Block Requirements,,,false,1,,2026-08-16
"Block Real Estate Services, LLC",69fdf75c62446148bd855f71,69fded1062446148bd848c52,"Sunflower Health Plan / Centene Management Company, LLC",69fdef860bb484cab5138c69,"3rd867 - Four Pine Ridge Plaza {SSR Capital, LLC}",evidenceOfInsurance,Evidence of Insurance,commercialGeneralLiability,Commercial General Liability,evidenceOfInsuranceCommercialGeneralLiabilityGeneralAggregate,General Aggregate,,matchOnce,must be greater or equal to,2000000,10000000,compliant,Block Requirements,,,false,1,,2026-08-16
"Block Real Estate Services, LLC",69fdf75c62446148bd855f71,69fded1062446148bd848c52,"Sunflower Health Plan / Centene Management Company, LLC",69fdef860bb484cab5138c69,"3rd867 - Four Pine Ridge Plaza {SSR Capital, LLC}",evidenceOfInsurance,Evidence of Insurance,commercialGeneralLiability,Commercial General Liability,evidenceOfInsuranceCommercialGeneralLiabilityWaiverOfSubrogationEndorsement,Waiver of Subrogation,"---prompt---
Determine if the insurer has waived their right of subrogation in favor of the certificate holder under the Commercial General Liability policy. Evidence may include: a checked ""Waiver of Subrogation"" box on the certificate, mention in the Description of Operations section stating ""waiver of subrogation applies"", or reference to form CG 24 04. Look for language like ""subrogation is waived"" or ""per written contract"".",matchOnce,must be present,,Present,compliant,Block Requirements,,,false,1,,2026-08-16
"Block Real Estate Services, LLC",69fdf75c62446148bd855f71,69fded1062446148bd848c52,"Sunflower Health Plan / Centene Management Company, LLC",69fdef860bb484cab5138c69,"3rd867 - Four Pine Ridge Plaza {SSR Capital, LLC}",evidenceOfInsurance,Evidence of Insurance,excessOrUmbrellaLiability,Umbrella/Excess Liability,evidenceOfInsuranceExcessOrUmbrellaLiabilityOccurence,Coverage Trigger: Occurrence,,matchOnce,must be present,,Present,compliant,Block Requirements,,,false,1,,2026-08-16
"Block Real Estate Services, LLC",69fdf75c62446148bd855f71,69fded1062446148bd848c52,"Sunflower Health Plan / Centene Management Company, LLC",69fdef860bb484cab5138c69,"3rd867 - Four Pine Ridge Plaza {SSR Capital, LLC}",evidenceOfInsurance,Evidence of Insurance,excessOrUmbrellaLiability,Umbrella/Excess Liability,evidenceOfInsuranceExcessOrUmbrellaLiabilityEachOccurrence,Each Occurrence,,matchOnce,must be greater or equal to,1000000,1000000,compliant,Block Requirements,,,false,1,,2026-08-16
"Block Real Estate Services, LLC",69fdf75c62446148bd855f71,69fded1062446148bd848c52,"Sunflower Health Plan / Centene Management Company, LLC",69fdef860bb484cab5138c69,"3rd867 - Four Pine Ridge Plaza {SSR Capital, LLC}",evidenceOfInsurance,Evidence of Insurance,excessOrUmbrellaLiability,Umbrella/Excess Liability,evidenceOfInsuranceExcessOrUmbrellaLiabilityAggregate,Aggregate,,matchOnce,must be greater or equal to,1000000,1000000,compliant,Block Requirements,,,false,1,,2026-08-16
"Block Real Estate Services, LLC",69fdf75c62446148bd855f71,69fded1062446148bd848c52,"Sunflower Health Plan / Centene Management Company, LLC",69fdef860bb484cab5138c69,"3rd867 - Four Pine Ridge Plaza {SSR Capital, LLC}",evidenceOfInsurance,Evidence of Insurance,workersCompensation,Workers' Compensation and Employer's Liability,evidenceOfInsuranceWorkersCompensationStatutoryLimits,Statutory Limits,,matchOnce,must be present,,Present,compliant,Block Requirements,,,false,1,,2026-08-16
"Block Real Estate Services, LLC",69fdf75c62446148bd855f71,69fded1062446148bd848c52,"Sunflower Health Plan / Centene Management Company, LLC",69fdef860bb484cab5138c69,"3rd867 - Four Pine Ridge Plaza {SSR Capital, LLC}",evidenceOfInsurance,Evidence of Insurance,workersCompensation,Workers' Compensation and Employer's Liability,evidenceOfInsuranceWorkersCompensationEmployersLiabilityEachAccident,Employer's Liability Each Accident,,matchOnce,must be greater or equal to,500000,1000000,compliant,Block Requirements,,,false,1,,2026-08-16
"Block Real Estate Services, LLC",69fdf75c62446148bd855f71,69fded1062446148bd848c52,"Sunflower Health Plan / Centene Management Company, LLC",69fdef860bb484cab5138c69,"3rd867 - Four Pine Ridge Plaza {SSR Capital, LLC}",evidenceOfInsurance,Evidence of Insurance,workersCompensation,Workers' Compensation and Employer's Liability,evidenceOfInsuranceWorkersCompensationEmployersLiabilityDiseaseEachEmployee,Employer's Liability Disease - each employee,,matchOnce,must be greater or equal to,500000,1000000,compliant,Block Requirements,,,false,1,,2026-08-16
"Block Real Estate Services, LLC",69fdf75c62446148bd855f71,69fded1062446148bd848c52,"Sunflower Health Plan / Centene Management Company, LLC",69fdef860bb484cab5138c69,"3rd867 - Four Pine Ridge Plaza {SSR Capital, LLC}",evidenceOfInsurance,Evidence of Insurance,workersCompensation,Workers' Compensation and Employer's Liability,evidenceOfInsuranceWorkersCompensationEmployersLiabilityDiseasePolicyLimit,Employer's Liability Disease - policy limit,,matchOnce,must be greater or equal to,500000,1000000,compliant,Block Requirements,,,false,1,,2026-08-16
"Block Real Estate Services, LLC",69fdf75c62446148bd855f71,69fded1062446148bd848c52,"Sunflower Health Plan / Centene Management Company, LLC",69fdef860bb484cab5138c69,"3rd867 - Four Pine Ridge Plaza {SSR Capital, LLC}",evidenceOfInsurance,Evidence of Insurance,workersCompensation,Workers' Compensation and Employer's Liability,evidenceOfInsuranceWorkersCompensationWaiverOfSubrogationEndorsement,Waiver of Subrogation,"---prompt---
Determine if the insurer has waived their right of subrogation in favor of the certificate holder under the Workers' Compensation policy. Evidence may include: a checked ""Waiver of Subrogation"" box on the certificate, mention in the Description of Operations section stating ""waiver of subrogation applies"", or reference to form WC 00 03 13. Look for language like ""subrogation is waived"" or ""per written contract"".",matchOnce,must be present,,Present,compliant,Block Requirements,,,false,1,,2026-08-16
"Block Real Estate Services, LLC",69fdf75c62446148bd855f71,69fded1062446148bd848c52,"Sunflower Health Plan / Centene Management Company, LLC",69fdef860bb484cab5138c69,"3rd867 - Four Pine Ridge Plaza {SSR Capital, LLC}",evidenceOfInsurance,Evidence of Insurance,6ac20aae-5728-5d57-b364-aeba38527dba,Additional Requirements,4da5b0f1-4c9d-5885-8cf8-5d3cccaed3e0,"Block Real Estate Services, LLC and all others required by contract are named as Additional Insureds","---prompt---
Determine if the Description of Operations or the Additional Remarks Schedule section states the ""Additional Insured as Construction Management, Inc. and all others required by contract"" or reference to blanket additional insured coverage. Look for language like ""certificate holder is additional insured"" or ""per written contract"".",matchOnce,must be present,,Present,compliant,Block Requirements,,,true,1,,2026-08-16
"Block Real Estate Services, LLC",69fdf75c62446148bd855f71,69fded1062446148bd848c52,"Sunflower Health Plan / Centene Management Company, LLC",69fdef860bb484cab5138c69,"3rd867 - Four Pine Ridge Plaza {SSR Capital, LLC}",evidenceOfInsurance,Evidence of Insurance,6ac20aae-5728-5d57-b364-aeba38527dba,Additional Requirements,e1017741-e47e-5f58-97b8-fbc3043e919f,Umbrella follows form over General Liability,"---prompt---
Determine if the Umbrella/Excess Liability policy follows form to the underlying policies. Evidence may include: language in the Description of Operations section stating the umbrella follows form to underlying coverages or an additional page endorsement stating that it follows form. Follow form means the umbrella policy adopts the same terms, conditions, and exclusions as the underlying policies.",matchOnce,must be present,,,non_compliant,Block Requirements,,,true,0,,2026-08-16
"Block Real Estate Services, LLC",69fdf75c62446148bd855f71,69fded1062446148bd848c52,"Sunflower Health Plan / Centene Management Company, LLC",69fdef860bb484cab5138c69,"3rd867 - Four Pine Ridge Plaza {SSR Capital, LLC}",evidenceOfInsurance,Evidence of Insurance,6ac20aae-5728-5d57-b364-aeba38527dba,Additional Requirements,2cdd866f-c9a4-576a-afd8-1d045762790c,"The location must be listed as: 8325 Lenexa Drive, Suite 250, Lenexa, KS, 66214",,matchOnce,must be present,,Present,compliant,Block Requirements,,,true,1,,2026-08-16
"Block Real Estate Services, LLC",69fdf75c62446148bd855f71,69fded1062446148bd848c52,"Sunflower Health Plan / Centene Management Company, LLC",69fdef860bb484cab5138c69,"3rd867 - Four Pine Ridge Plaza {SSR Capital, LLC}",evidenceOfInsurance,Evidence of Insurance,6ac20aae-5728-5d57-b364-aeba38527dba,Additional Requirements,3649e9d1-4e09-59bf-8f30-cb33c40cf117,"Certificate Holder must read: c/o Block Real Estate Services, LLC, 4622 Pennsylvania St., Suite 700, Kansas City, MO, 64112",,matchOnce,must be present,,Present,compliant,Block Requirements,,,true,1,,2026-08-16
"Block Real Estate Services, LLC",69fdf75c62446148bd855f72,69fded2162446148bd849183,"Soleran, Inc. (sublease from Sunflower Health Plan / Centene Management Company, LLC)",69fdef860bb484cab5138c69,"3rd867 - Four Pine Ridge Plaza {SSR Capital, LLC}",evidenceOfInsurance,Evidence of Insurance,commercialGeneralLiability,Commercial General Liability,evidenceOfInsuranceCommercialGeneralLiabilityCoverageTriggerOccurrence,Coverage Trigger: Occurrence,,matchOnce,must be present,,Present,compliant,Block Requirements,,,false,3,,2026-08-16
"Block Real Estate Services, LLC",69fdf75c62446148bd855f72,69fded2162446148bd849183,"Soleran, Inc. (sublease from Sunflower Health Plan / Centene Management Company, LLC)",69fdef860bb484cab5138c69,"3rd867 - Four Pine Ridge Plaza {SSR Capital, LLC}",evidenceOfInsurance,Evidence of Insurance,commercialGeneralLiability,Commercial General Liability,evidenceOfInsuranceCommercialGeneralLiabilityGeneralAggregateLimitAppliesPerLocation,General Aggregate Limit Applies per: Location,,matchOnce,must be present,,Present,compliant,Block Requirements,,,false,3,,2026-08-16
"Block Real Estate Services, LLC",69fdf75c62446148bd855f72,69fded2162446148bd849183,"Soleran, Inc. (sublease from Sunflower Health Plan / Centene Management Company, LLC)",69fdef860bb484cab5138c69,"3rd867 - Four Pine Ridge Plaza {SSR Capital, LLC}",evidenceOfInsurance,Evidence of Insurance,commercialGeneralLiability,Commercial General Liability,evidenceOfInsuranceCommercialGeneralLiabilityEachOccurrence,Each Occurrence,,matchOnce,must be greater or equal to,1000000,2000000,compliant,Block Requirements,,,false,3,,2026-08-16
"Block Real Estate Services, LLC",69fdf75c62446148bd855f72,69fded2162446148bd849183,"Soleran, Inc. (sublease from Sunflower Health Plan / Centene Management Company, LLC)",69fdef860bb484cab5138c69,"3rd867 - Four Pine Ridge Plaza {SSR Capital, LLC}",evidenceOfInsurance,Evidence of Insurance,commercialGeneralLiability,Commercial General Liability,evidenceOfInsuranceCommercialGeneralLiabilityGeneralAggregate,General Aggregate,,matchOnce,must be greater or equal to,2000000,4000000,compliant,Block Requirements,,,false,3,,2026-08-16
"Block Real Estate Services, LLC",69fdf75c62446148bd855f72,69fded2162446148bd849183,"Soleran, Inc. (sublease from Sunflower Health Plan / Centene Management Company, LLC)",69fdef860bb484cab5138c69,"3rd867 - Four Pine Ridge Plaza {SSR Capital, LLC}",evidenceOfInsurance,Evidence of Insurance,commercialGeneralLiability,Commercial General Liability,evidenceOfInsuranceCommercialGeneralLiabilityWaiverOfSubrogationEndorsement,Waiver of Subrogation,"---prompt---
Determine if the insurer has waived their right of subrogation in favor of the certificate holder under the Commercial General Liability policy. Evidence may include: a checked ""Waiver of Subrogation"" box on the certificate, mention in the Description of Operations section stating ""waiver of subrogation applies"", or reference to form CG 24 04. Look for language like ""subrogation is waived"" or ""per written contract"".",matchOnce,must be present,,Present,compliant,Block Requirements,,,false,2,,2026-08-16
"Block Real Estate Services, LLC",69fdf75c62446148bd855f72,69fded2162446148bd849183,"Soleran, Inc. (sublease from Sunflower Health Plan / Centene Management Company, LLC)",69fdef860bb484cab5138c69,"3rd867 - Four Pine Ridge Plaza {SSR Capital, LLC}",evidenceOfInsurance,Evidence of Insurance,excessOrUmbrellaLiability,Umbrella/Excess Liability,evidenceOfInsuranceExcessOrUmbrellaLiabilityOccurence,Coverage Trigger: Occurrence,,matchOnce,must be present,,Present,compliant,Block Requirements,,,false,3,,2026-08-16
"Block Real Estate Services, LLC",69fdf75c62446148bd855f72,69fded2162446148bd849183,"Soleran, Inc. (sublease from Sunflower Health Plan / Centene Management Company, LLC)",69fdef860bb484cab5138c69,"3rd867 - Four Pine Ridge Plaza {SSR Capital, LLC}",evidenceOfInsurance,Evidence of Insurance,excessOrUmbrellaLiability,Umbrella/Excess Liability,evidenceOfInsuranceExcessOrUmbrellaLiabilityEachOccurrence,Each Occurrence,,matchOnce,must be greater or equal to,1000000,3000000,compliant,Block Requirements,,,false,3,,2026-08-16
"Block Real Estate Services, LLC",69fdf75c62446148bd855f72,69fded2162446148bd849183,"Soleran, Inc. (sublease from Sunflower Health Plan / Centene Management Company, LLC)",69fdef860bb484cab5138c69,"3rd867 - Four Pine Ridge Plaza {SSR Capital, LLC}",evidenceOfInsurance,Evidence of Insurance,excessOrUmbrellaLiability,Umbrella/Excess Liability,evidenceOfInsuranceExcessOrUmbrellaLiabilityAggregate,Aggregate,,matchOnce,must be greater or equal to,1000000,3000000,compliant,Block Requirements,,,false,3,,2026-08-16
"Block Real Estate Services, LLC",69fdf75c62446148bd855f72,69fded2162446148bd849183,"Soleran, Inc. (sublease from Sunflower Health Plan / Centene Management Company, LLC)",69fdef860bb484cab5138c69,"3rd867 - Four Pine Ridge Plaza {SSR Capital, LLC}",evidenceOfInsurance,Evidence of Insurance,workersCompensation,Workers' Compensation and Employer's Liability,evidenceOfInsuranceWorkersCompensationStatutoryLimits,Statutory Limits,,matchOnce,must be present,,Present,compliant,Block Requirements,,,false,3,,2026-08-16
"Block Real Estate Services, LLC",69fdf75c62446148bd855f72,69fded2162446148bd849183,"Soleran, Inc. (sublease from Sunflower Health Plan / Centene Management Company, LLC)",69fdef860bb484cab5138c69,"3rd867 - Four Pine Ridge Plaza {SSR Capital, LLC}",evidenceOfInsurance,Evidence of Insurance,workersCompensation,Workers' Compensation and Employer's Liability,evidenceOfInsuranceWorkersCompensationEmployersLiabilityEachAccident,Employer's Liability Each Accident,,matchOnce,must be greater or equal to,500000,500000,compliant,Block Requirements,,,false,3,,2026-08-16
"Block Real Estate Services, LLC",69fdf75c62446148bd855f72,69fded2162446148bd849183,"Soleran, Inc. (sublease from Sunflower Health Plan / Centene Management Company, LLC)",69fdef860bb484cab5138c69,"3rd867 - Four Pine Ridge Plaza {SSR Capital, LLC}",evidenceOfInsurance,Evidence of Insurance,workersCompensation,Workers' Compensation and Employer's Liability,evidenceOfInsuranceWorkersCompensationEmployersLiabilityDiseaseEachEmployee,Employer's Liability Disease - each employee,,matchOnce,must be greater or equal to,500000,500000,compliant,Block Requirements,,,false,3,,2026-08-16
"Block Real Estate Services, LLC",69fdf75c62446148bd855f72,69fded2162446148bd849183,"Soleran, Inc. (sublease from Sunflower Health Plan / Centene Management Company, LLC)",69fdef860bb484cab5138c69,"3rd867 - Four Pine Ridge Plaza {SSR Capital, LLC}",evidenceOfInsurance,Evidence of Insurance,workersCompensation,Workers' Compensation and Employer's Liability,evidenceOfInsuranceWorkersCompensationEmployersLiabilityDiseasePolicyLimit,Employer's Liability Disease - policy limit,,matchOnce,must be greater or equal to,500000,500000,compliant,Block Requirements,,,false,3,,2026-08-16
"Block Real Estate Services, LLC",69fdf75c62446148bd855f72,69fded2162446148bd849183,"Soleran, Inc. (sublease from Sunflower Health Plan / Centene Management Company, LLC)",69fdef860bb484cab5138c69,"3rd867 - Four Pine Ridge Plaza {SSR Capital, LLC}",evidenceOfInsurance,Evidence of Insurance,workersCompensation,Workers' Compensation and Employer's Liability,evidenceOfInsuranceWorkersCompensationWaiverOfSubrogationEndorsement,Waiver of Subrogation,"---prompt---
Determine if the insurer has waived their right of subrogation in favor of the certificate holder under the Workers' Compensation policy. Evidence may include: a checked ""Waiver of Subrogation"" box on the certificate, mention in the Description of Operations section stating ""waiver of subrogation applies"", or reference to form WC 00 03 13. Look for language like ""subrogation is waived"" or ""per written contract"".",matchOnce,must be present,,Present,compliant,Block Requirements,,,false,1,,2026-08-16
"Block Real Estate Services, LLC",69fdf75c62446148bd855f72,69fded2162446148bd849183,"Soleran, Inc. (sublease from Sunflower Health Plan / Centene Management Company, LLC)",69fdef860bb484cab5138c69,"3rd867 - Four Pine Ridge Plaza {SSR Capital, LLC}",evidenceOfInsurance,Evidence of Insurance,6ac20aae-5728-5d57-b364-aeba38527dba,Additional Requirements,4da5b0f1-4c9d-5885-8cf8-5d3cccaed3e0,"Block Real Estate Services, LLC and all others required by contract are named as Additional Insureds","---prompt---
Determine if the Description of Operations or the Additional Remarks Schedule section states the ""Additional Insured as Construction Management, Inc. and all others required by contract"" or reference to blanket additional insured coverage. Look for language like ""certificate holder is additional insured"" or ""per written contract"".",matchOnce,must be present,,Present,compliant,Block Requirements,,,true,1,,2026-08-16
"Block Real Estate Services, LLC",69fdf75c62446148bd855f72,69fded2162446148bd849183,"Soleran, Inc. (sublease from Sunflower Health Plan / Centene Management Company, LLC)",69fdef860bb484cab5138c69,"3rd867 - Four Pine Ridge Plaza {SSR Capital, LLC}",evidenceOfInsurance,Evidence of Insurance,6ac20aae-5728-5d57-b364-aeba38527dba,Additional Requirements,e1017741-e47e-5f58-97b8-fbc3043e919f,Umbrella follows form over General Liability,"---prompt---
Determine if the Umbrella/Excess Liability policy follows form to the underlying policies. Evidence may include: language in the Description of Operations section stating the umbrella follows form to underlying coverages or an additional page endorsement stating that it follows form. Follow form means the umbrella policy adopts the same terms, conditions, and exclusions as the underlying policies.",matchOnce,must be present,,Present,compliant,Block Requirements,,,true,1,,2026-08-16
"Block Real Estate Services, LLC",69fdf75c62446148bd855f72,69fded2162446148bd849183,"Soleran, Inc. (sublease from Sunflower Health Plan / Centene Management Company, LLC)",69fdef860bb484cab5138c69,"3rd867 - Four Pine Ridge Plaza {SSR Capital, LLC}",evidenceOfInsurance,Evidence of Insurance,6ac20aae-5728-5d57-b364-aeba38527dba,Additional Requirements,2cdd866f-c9a4-576a-afd8-1d045762790c,"The location must be listed as: 8325 Lenexa Drive, Suite 200, Lenexa, KS, 66214",,matchOnce,must be present,,Present,compliant,Block Requirements,,,true,1,,2026-08-16
"Block Real Estate Services, LLC",69fdf75c62446148bd855f72,69fded2162446148bd849183,"Soleran, Inc. (sublease from Sunflower Health Plan / Centene Management Company, LLC)",69fdef860bb484cab5138c69,"3rd867 - Four Pine Ridge Plaza {SSR Capital, LLC}",evidenceOfInsurance,Evidence of Insurance,6ac20aae-5728-5d57-b364-aeba38527dba,Additional Requirements,3649e9d1-4e09-59bf-8f30-cb33c40cf117,"Certificate Holder must read: c/o Block Real Estate Services, LLC, 4622 Pennsylvania St., Suite 700, Kansas City, MO, 64112",,matchOnce,must be present,,Present,compliant,Block Requirements,,,true,1,,2026-08-16
"Block Real Estate Services, LLC",6a175a3d501a8065e6d10d46,69fded1062446148bd848c52,"Sunflower Health Plan / Centene Management Company, LLC",69fdef860bb484cab5138c69,"3rd867 - Four Pine Ridge Plaza {SSR Capital, LLC}",evidenceOfInsurance,Evidence of Insurance,commercialGeneralLiability,Commercial General Liability,evidenceOfInsuranceCommercialGeneralLiabilityCoverageTriggerOccurrence,Coverage Trigger: Occurrence,,matchOnce,must be present,,Present,compliant,Block Requirements,,,false,1,,2026-08-16
"Block Real Estate Services, LLC",6a175a3d501a8065e6d10d46,69fded1062446148bd848c52,"Sunflower Health Plan / Centene Management Company, LLC",69fdef860bb484cab5138c69,"3rd867 - Four Pine Ridge Plaza {SSR Capital, LLC}",evidenceOfInsurance,Evidence of Insurance,commercialGeneralLiability,Commercial General Liability,evidenceOfInsuranceCommercialGeneralLiabilityGeneralAggregateLimitAppliesPerLocation,General Aggregate Limit Applies per: Location,,matchOnce,must be present,,Present,compliant,Block Requirements,,,false,1,,2026-08-16
"Block Real Estate Services, LLC",6a175a3d501a8065e6d10d46,69fded1062446148bd848c52,"Sunflower Health Plan / Centene Management Company, LLC",69fdef860bb484cab5138c69,"3rd867 - Four Pine Ridge Plaza {SSR Capital, LLC}",evidenceOfInsurance,Evidence of Insurance,commercialGeneralLiability,Commercial General Liability,evidenceOfInsuranceCommercialGeneralLiabilityEachOccurrence,Each Occurrence,,matchOnce,must be greater or equal to,1000000,2000000,compliant,Block Requirements,,,false,1,,2026-08-16
"Block Real Estate Services, LLC",6a175a3d501a8065e6d10d46,69fded1062446148bd848c52,"Sunflower Health Plan / Centene Management Company, LLC",69fdef860bb484cab5138c69,"3rd867 - Four Pine Ridge Plaza {SSR Capital, LLC}",evidenceOfInsurance,Evidence of Insurance,commercialGeneralLiability,Commercial General Liability,evidenceOfInsuranceCommercialGeneralLiabilityGeneralAggregate,General Aggregate,,matchOnce,must be greater or equal to,2000000,10000000,compliant,Block Requirements,,,false,1,,2026-08-16
"Block Real Estate Services, LLC",6a175a3d501a8065e6d10d46,69fded1062446148bd848c52,"Sunflower Health Plan / Centene Management Company, LLC",69fdef860bb484cab5138c69,"3rd867 - Four Pine Ridge Plaza {SSR Capital, LLC}",evidenceOfInsurance,Evidence of Insurance,commercialGeneralLiability,Commercial General Liability,evidenceOfInsuranceCommercialGeneralLiabilityWaiverOfSubrogationEndorsement,Waiver of Subrogation,"---prompt---
Determine if the insurer has waived their right of subrogation in favor of the certificate holder under the Commercial General Liability policy. Evidence may include: a checked ""Waiver of Subrogation"" box on the certificate, mention in the Description of Operations section stating ""waiver of subrogation applies"", or reference to form CG 24 04. Look for language like ""subrogation is waived"" or ""per written contract"".",matchOnce,must be present,,Present,compliant,Block Requirements,,,false,1,,2026-08-16
"Block Real Estate Services, LLC",6a175a3d501a8065e6d10d46,69fded1062446148bd848c52,"Sunflower Health Plan / Centene Management Company, LLC",69fdef860bb484cab5138c69,"3rd867 - Four Pine Ridge Plaza {SSR Capital, LLC}",evidenceOfInsurance,Evidence of Insurance,excessOrUmbrellaLiability,Umbrella/Excess Liability,evidenceOfInsuranceExcessOrUmbrellaLiabilityOccurence,Coverage Trigger: Occurrence,,matchOnce,must be present,,Present,compliant,Block Requirements,,,false,1,,2026-08-16
"Block Real Estate Services, LLC",6a175a3d501a8065e6d10d46,69fded1062446148bd848c52,"Sunflower Health Plan / Centene Management Company, LLC",69fdef860bb484cab5138c69,"3rd867 - Four Pine Ridge Plaza {SSR Capital, LLC}",evidenceOfInsurance,Evidence of Insurance,excessOrUmbrellaLiability,Umbrella/Excess Liability,evidenceOfInsuranceExcessOrUmbrellaLiabilityEachOccurrence,Each Occurrence,,matchOnce,must be greater or equal to,1000000,1000000,compliant,Block Requirements,,,false,1,,2026-08-16
"Block Real Estate Services, LLC",6a175a3d501a8065e6d10d46,69fded1062446148bd848c52,"Sunflower Health Plan / Centene Management Company, LLC",69fdef860bb484cab5138c69,"3rd867 - Four Pine Ridge Plaza {SSR Capital, LLC}",evidenceOfInsurance,Evidence of Insurance,excessOrUmbrellaLiability,Umbrella/Excess Liability,evidenceOfInsuranceExcessOrUmbrellaLiabilityAggregate,Aggregate,,matchOnce,must be greater or equal to,1000000,1000000,compliant,Block Requirements,,,false,1,,2026-08-16
"Block Real Estate Services, LLC",6a175a3d501a8065e6d10d46,69fded1062446148bd848c52,"Sunflower Health Plan / Centene Management Company, LLC",69fdef860bb484cab5138c69,"3rd867 - Four Pine Ridge Plaza {SSR Capital, LLC}",evidenceOfInsurance,Evidence of Insurance,workersCompensation,Workers' Compensation and Employer's Liability,evidenceOfInsuranceWorkersCompensationStatutoryLimits,Statutory Limits,,matchOnce,must be present,,Present,compliant,Block Requirements,,,false,1,,2026-08-16
"Block Real Estate Services, LLC",6a175a3d501a8065e6d10d46,69fded1062446148bd848c52,"Sunflower Health Plan / Centene Management Company, LLC",69fdef860bb484cab5138c69,"3rd867 - Four Pine Ridge Plaza {SSR Capital, LLC}",evidenceOfInsurance,Evidence of Insurance,workersCompensation,Workers' Compensation and Employer's Liability,evidenceOfInsuranceWorkersCompensationEmployersLiabilityEachAccident,Employer's Liability Each Accident,,matchOnce,must be greater or equal to,500000,1000000,compliant,Block Requirements,,,false,1,,2026-08-16
"Block Real Estate Services, LLC",6a175a3d501a8065e6d10d46,69fded1062446148bd848c52,"Sunflower Health Plan / Centene Management Company, LLC",69fdef860bb484cab5138c69,"3rd867 - Four Pine Ridge Plaza {SSR Capital, LLC}",evidenceOfInsurance,Evidence of Insurance,workersCompensation,Workers' Compensation and Employer's Liability,evidenceOfInsuranceWorkersCompensationEmployersLiabilityDiseaseEachEmployee,Employer's Liability Disease - each employee,,matchOnce,must be greater or equal to,500000,1000000,compliant,Block Requirements,,,false,1,,2026-08-16
"Block Real Estate Services, LLC",6a175a3d501a8065e6d10d46,69fded1062446148bd848c52,"Sunflower Health Plan / Centene Management Company, LLC",69fdef860bb484cab5138c69,"3rd867 - Four Pine Ridge Plaza {SSR Capital, LLC}",evidenceOfInsurance,Evidence of Insurance,workersCompensation,Workers' Compensation and Employer's Liability,evidenceOfInsuranceWorkersCompensationEmployersLiabilityDiseasePolicyLimit,Employer's Liability Disease - policy limit,,matchOnce,must be greater or equal to,500000,1000000,compliant,Block Requirements,,,false,1,,2026-08-16
"Block Real Estate Services, LLC",6a175a3d501a8065e6d10d46,69fded1062446148bd848c52,"Sunflower Health Plan / Centene Management Company, LLC",69fdef860bb484cab5138c69,"3rd867 - Four Pine Ridge Plaza {SSR Capital, LLC}",evidenceOfInsurance,Evidence of Insurance,workersCompensation,Workers' Compensation and Employer's Liability,evidenceOfInsuranceWorkersCompensationWaiverOfSubrogationEndorsement,Waiver of Subrogation,"---prompt---
Determine if the insurer has waived their right of subrogation in favor of the certificate holder under the Workers' Compensation policy. Evidence may include: a checked ""Waiver of Subrogation"" box on the certificate, mention in the Description of Operations section stating ""waiver of subrogation applies"", or reference to form WC 00 03 13. Look for language like ""subrogation is waived"" or ""per written contract"".",matchOnce,must be present,,Present,compliant,Block Requirements,,,false,1,,2026-08-16
"Block Real Estate Services, LLC",6a175a3d501a8065e6d10d46,69fded1062446148bd848c52,"Sunflower Health Plan / Centene Management Company, LLC",69fdef860bb484cab5138c69,"3rd867 - Four Pine Ridge Plaza {SSR Capital, LLC}",evidenceOfInsurance,Evidence of Insurance,6ac20aae-5728-5d57-b364-aeba38527dba,Additional Requirements,4da5b0f1-4c9d-5885-8cf8-5d3cccaed3e0,"Block Real Estate Services, LLC and all others required by contract are named as Additional Insureds","---prompt---
Determine if the Description of Operations or the Additional Remarks Schedule section states the ""Additional Insured as Construction Management, Inc. and all others required by contract"" or reference to blanket additional insured coverage. Look for language like ""certificate holder is additional insured"" or ""per written contract"".",matchOnce,must be present,,Present,compliant,Block Requirements,,,true,1,,2026-08-16
"Block Real Estate Services, LLC",6a175a3d501a8065e6d10d46,69fded1062446148bd848c52,"Sunflower Health Plan / Centene Management Company, LLC",69fdef860bb484cab5138c69,"3rd867 - Four Pine Ridge Plaza {SSR Capital, LLC}",evidenceOfInsurance,Evidence of Insurance,6ac20aae-5728-5d57-b364-aeba38527dba,Additional Requirements,e1017741-e47e-5f58-97b8-fbc3043e919f,Umbrella follows form over General Liability,"---prompt---
Determine if the Umbrella/Excess Liability policy follows form to the underlying policies. Evidence may include: language in the Description of Operations section stating the umbrella follows form to underlying coverages or an additional page endorsement stating that it follows form. Follow form means the umbrella policy adopts the same terms, conditions, and exclusions as the underlying policies.",matchOnce,must be present,,,non_compliant,Block Requirements,,,true,0,,2026-08-16
"Block Real Estate Services, LLC",6a175a3d501a8065e6d10d46,69fded1062446148bd848c52,"Sunflower Health Plan / Centene Management Company, LLC",69fdef860bb484cab5138c69,"3rd867 - Four Pine Ridge Plaza {SSR Capital, LLC}",evidenceOfInsurance,Evidence of Insurance,6ac20aae-5728-5d57-b364-aeba38527dba,Additional Requirements,2cdd866f-c9a4-576a-afd8-1d045762790c,"The location must be listed as: 8325 Lenexa Drive, Suites 410, 425 & 430, Lenexa, KS, 66214",,matchOnce,must be present,,Present,compliant,Block Requirements,,,true,1,,2026-08-16
"Block Real Estate Services, LLC",6a175a3d501a8065e6d10d46,69fded1062446148bd848c52,"Sunflower Health Plan / Centene Management Company, LLC",69fdef860bb484cab5138c69,"3rd867 - Four Pine Ridge Plaza {SSR Capital, LLC}",evidenceOfInsurance,Evidence of Insurance,6ac20aae-5728-5d57-b364-aeba38527dba,Additional Requirements,3649e9d1-4e09-59bf-8f30-cb33c40cf117,"Certificate Holder must read: c/o Block Real Estate Services, LLC, 4622 Pennsylvania St., Suite 700, Kansas City, MO, 64112",,matchOnce,must be present,,Present,compliant,Block Requirements,,,true,1,,2026-08-16
"Block Real Estate Services, LLC",6a175a856453a063c803e2c7,6a175a7bee5ef0b8dc066236,"PropertyRate, LLC",69fdef860bb484cab5138c69,"3rd867 - Four Pine Ridge Plaza {SSR Capital, LLC}",evidenceOfInsurance,Evidence of Insurance,commercialGeneralLiability,Commercial General Liability,evidenceOfInsuranceCommercialGeneralLiabilityCoverageTriggerOccurrence,Coverage Trigger: Occurrence,,matchOnce,must be present,,,non_compliant,Block Requirements,,,false,0,,2026-08-16
"Block Real Estate Services, LLC",6a175a856453a063c803e2c7,6a175a7bee5ef0b8dc066236,"PropertyRate, LLC",69fdef860bb484cab5138c69,"3rd867 - Four Pine Ridge Plaza {SSR Capital, LLC}",evidenceOfInsurance,Evidence of Insurance,commercialGeneralLiability,Commercial General Liability,evidenceOfInsuranceCommercialGeneralLiabilityGeneralAggregateLimitAppliesPerLocation,General Aggregate Limit Applies per: Location,,matchOnce,must be present,,,non_compliant,Block Requirements,,,false,0,,2026-08-16
"Block Real Estate Services, LLC",6a175a856453a063c803e2c7,6a175a7bee5ef0b8dc066236,"PropertyRate, LLC",69fdef860bb484cab5138c69,"3rd867 - Four Pine Ridge Plaza {SSR Capital, LLC}",evidenceOfInsurance,Evidence of Insurance,commercialGeneralLiability,Commercial General Liability,evidenceOfInsuranceCommercialGeneralLiabilityEachOccurrence,Each Occurrence,,matchOnce,must be greater or equal to,1000000,,non_compliant,Block Requirements,,,false,0,,2026-08-16
"Block Real Estate Services, LLC",6a175a856453a063c803e2c7,6a175a7bee5ef0b8dc066236,"PropertyRate, LLC",69fdef860bb484cab5138c69,"3rd867 - Four Pine Ridge Plaza {SSR Capital, LLC}",evidenceOfInsurance,Evidence of Insurance,commercialGeneralLiability,Commercial General Liability,evidenceOfInsuranceCommercialGeneralLiabilityGeneralAggregate,General Aggregate,,matchOnce,must be greater or equal to,2000000,,non_compliant,Block Requirements,,,false,0,,2026-08-16
"Block Real Estate Services, LLC",6a175a856453a063c803e2c7,6a175a7bee5ef0b8dc066236,"PropertyRate, LLC",69fdef860bb484cab5138c69,"3rd867 - Four Pine Ridge Plaza {SSR Capital, LLC}",evidenceOfInsurance,Evidence of Insurance,commercialGeneralLiability,Commercial General Liability,evidenceOfInsuranceCommercialGeneralLiabilityWaiverOfSubrogationEndorsement,Waiver of Subrogation,"---prompt---
Determine if the insurer has waived their right of subrogation in favor of the certificate holder under the Commercial General Liability policy. Evidence may include: a checked ""Waiver of Subrogation"" box on the certificate, mention in the Description of Operations section stating ""waiver of subrogation applies"", or reference to form CG 24 04. Look for language like ""subrogation is waived"" or ""per written contract"".",matchOnce,must be present,,,non_compliant,Block Requirements,,,false,0,,2026-08-16
"Block Real Estate Services, LLC",6a175a856453a063c803e2c7,6a175a7bee5ef0b8dc066236,"PropertyRate, LLC",69fdef860bb484cab5138c69,"3rd867 - Four Pine Ridge Plaza {SSR Capital, LLC}",evidenceOfInsurance,Evidence of Insurance,excessOrUmbrellaLiability,Umbrella/Excess Liability,evidenceOfInsuranceExcessOrUmbrellaLiabilityOccurence,Coverage Trigger: Occurrence,,matchOnce,must be present,,,non_compliant,Block Requirements,,,false,0,,2026-08-16
"Block Real Estate Services, LLC",6a175a856453a063c803e2c7,6a175a7bee5ef0b8dc066236,"PropertyRate, LLC",69fdef860bb484cab5138c69,"3rd867 - Four Pine Ridge Plaza {SSR Capital, LLC}",evidenceOfInsurance,Evidence of Insurance,excessOrUmbrellaLiability,Umbrella/Excess Liability,evidenceOfInsuranceExcessOrUmbrellaLiabilityEachOccurrence,Each Occurrence,,matchOnce,must be greater or equal to,1000000,,non_compliant,Block Requirements,,,false,0,,2026-08-16
"Block Real Estate Services, LLC",6a175a856453a063c803e2c7,6a175a7bee5ef0b8dc066236,"PropertyRate, LLC",69fdef860bb484cab5138c69,"3rd867 - Four Pine Ridge Plaza {SSR Capital, LLC}",evidenceOfInsurance,Evidence of Insurance,excessOrUmbrellaLiability,Umbrella/Excess Liability,evidenceOfInsuranceExcessOrUmbrellaLiabilityAggregate,Aggregate,,matchOnce,must be greater or equal to,1000000,,non_compliant,Block Requirements,,,false,0,,2026-08-16
"Block Real Estate Services, LLC",6a175a856453a063c803e2c7,6a175a7bee5ef0b8dc066236,"PropertyRate, LLC",69fdef860bb484cab5138c69,"3rd867 - Four Pine Ridge Plaza {SSR Capital, LLC}",evidenceOfInsurance,Evidence of Insurance,workersCompensation,Workers' Compensation and Employer's Liability,evidenceOfInsuranceWorkersCompensationStatutoryLimits,Statutory Limits,,matchOnce,must be present,,,non_compliant,Block Requirements,,,false,0,,2026-08-16
"Block Real Estate Services, LLC",6a175a856453a063c803e2c7,6a175a7bee5ef0b8dc066236,"PropertyRate, LLC",69fdef860bb484cab5138c69,"3rd867 - Four Pine Ridge Plaza {SSR Capital, LLC}",evidenceOfInsurance,Evidence of Insurance,workersCompensation,Workers' Compensation and Employer's Liability,evidenceOfInsuranceWorkersCompensationEmployersLiabilityEachAccident,Employer's Liability Each Accident,,matchOnce,must be greater or equal to,500000,,non_compliant,Block Requirements,,,false,0,,2026-08-16
"Block Real Estate Services, LLC",6a175a856453a063c803e2c7,6a175a7bee5ef0b8dc066236,"PropertyRate, LLC",69fdef860bb484cab5138c69,"3rd867 - Four Pine Ridge Plaza {SSR Capital, LLC}",evidenceOfInsurance,Evidence of Insurance,workersCompensation,Workers' Compensation and Employer's Liability,evidenceOfInsuranceWorkersCompensationEmployersLiabilityDiseaseEachEmployee,Employer's Liability Disease - each employee,,matchOnce,must be greater or equal to,500000,,non_compliant,Block Requirements,,,false,0,,2026-08-16
"Block Real Estate Services, LLC",6a175a856453a063c803e2c7,6a175a7bee5ef0b8dc066236,"PropertyRate, LLC",69fdef860bb484cab5138c69,"3rd867 - Four Pine Ridge Plaza {SSR Capital, LLC}",evidenceOfInsurance,Evidence of Insurance,workersCompensation,Workers' Compensation and Employer's Liability,evidenceOfInsuranceWorkersCompensationEmployersLiabilityDiseasePolicyLimit,Employer's Liability Disease - policy limit,,matchOnce,must be greater or equal to,500000,,non_compliant,Block Requirements,,,false,0,,2026-08-16
"Block Real Estate Services, LLC",6a175a856453a063c803e2c7,6a175a7bee5ef0b8dc066236,"PropertyRate, LLC",69fdef860bb484cab5138c69,"3rd867 - Four Pine Ridge Plaza {SSR Capital, LLC}",evidenceOfInsurance,Evidence of Insurance,workersCompensation,Workers' Compensation and Employer's Liability,evidenceOfInsuranceWorkersCompensationWaiverOfSubrogationEndorsement,Waiver of Subrogation,"---prompt---
Determine if the insurer has waived their right of subrogation in favor of the certificate holder under the Workers' Compensation policy. Evidence may include: a checked ""Waiver of Subrogation"" box on the certificate, mention in the Description of Operations section stating ""waiver of subrogation applies"", or reference to form WC 00 03 13. Look for language like ""subrogation is waived"" or ""per written contract"".",matchOnce,must be present,,,non_compliant,Block Requirements,,,false,0,,2026-08-16
"Block Real Estate Services, LLC",6a175a856453a063c803e2c7,6a175a7bee5ef0b8dc066236,"PropertyRate, LLC",69fdef860bb484cab5138c69,"3rd867 - Four Pine Ridge Plaza {SSR Capital, LLC}",evidenceOfInsurance,Evidence of Insurance,6ac20aae-5728-5d57-b364-aeba38527dba,Additional Requirements,4da5b0f1-4c9d-5885-8cf8-5d3cccaed3e0,"Block Real Estate Services, LLC and all others required by contract are named as Additional Insureds","---prompt---
Determine if the Description of Operations or the Additional Remarks Schedule section states the ""Additional Insured as Construction Management, Inc. and all others required by contract"" or reference to blanket additional insured coverage. Look for language like ""certificate holder is additional insured"" or ""per written contract"".",matchOnce,must be present,,,non_compliant,Block Requirements,,,true,0,,2026-08-16
"Block Real Estate Services, LLC",6a175a856453a063c803e2c7,6a175a7bee5ef0b8dc066236,"PropertyRate, LLC",69fdef860bb484cab5138c69,"3rd867 - Four Pine Ridge Plaza {SSR Capital, LLC}",evidenceOfInsurance,Evidence of Insurance,6ac20aae-5728-5d57-b364-aeba38527dba,Additional Requirements,e1017741-e47e-5f58-97b8-fbc3043e919f,Umbrella follows form over General Liability,"---prompt---
Determine if the Umbrella/Excess Liability policy follows form to the underlying policies. Evidence may include: language in the Description of Operations section stating the umbrella follows form to underlying coverages or an additional page endorsement stating that it follows form. Follow form means the umbrella policy adopts the same terms, conditions, and exclusions as the underlying policies.",matchOnce,must be present,,,non_compliant,Block Requirements,,,true,0,,2026-08-16
"Block Real Estate Services, LLC",6a175a856453a063c803e2c7,6a175a7bee5ef0b8dc066236,"PropertyRate, LLC",69fdef860bb484cab5138c69,"3rd867 - Four Pine Ridge Plaza {SSR Capital, LLC}",evidenceOfInsurance,Evidence of Insurance,6ac20aae-5728-5d57-b364-aeba38527dba,Additional Requirements,2cdd866f-c9a4-576a-afd8-1d045762790c,"The location must be listed as: 8325 Lenexa Drive, Suite 225, Lenexa, KS, 66214",,matchOnce,must be present,,,non_compliant,Block Requirements,,,true,0,,2026-08-16
"Block Real Estate Services, LLC",6a175a856453a063c803e2c7,6a175a7bee5ef0b8dc066236,"PropertyRate, LLC",69fdef860bb484cab5138c69,"3rd867 - Four Pine Ridge Plaza {SSR Capital, LLC}",evidenceOfInsurance,Evidence of Insurance,6ac20aae-5728-5d57-b364-aeba38527dba,Additional Requirements,3649e9d1-4e09-59bf-8f30-cb33c40cf117,"Certificate Holder must read: c/o Block Real Estate Services, LLC, 4622 Pennsylvania St., Suite 700, Kansas City, MO, 64112",,matchOnce,must be present,,,non_compliant,Block Requirements,,,true,0,,2026-08-16
"Block Real Estate Services, LLC",6a72069991042af52de628f1,6a72067ea7b0558ab72338fb,Lure Creative,69fdef860bb484cab5138c69,"3rd867 - Four Pine Ridge Plaza {SSR Capital, LLC}",evidenceOfInsurance,Evidence of Insurance,commercialGeneralLiability,Commercial General Liability,evidenceOfInsuranceCommercialGeneralLiabilityCoverageTriggerOccurrence,Coverage Trigger: Occurrence,,matchOnce,must be present,,,non_compliant,Block Requirements,,,false,0,,2026-08-16
"Block Real Estate Services, LLC",6a72069991042af52de628f1,6a72067ea7b0558ab72338fb,Lure Creative,69fdef860bb484cab5138c69,"3rd867 - Four Pine Ridge Plaza {SSR Capital, LLC}",evidenceOfInsurance,Evidence of Insurance,commercialGeneralLiability,Commercial General Liability,evidenceOfInsuranceCommercialGeneralLiabilityGeneralAggregateLimitAppliesPerLocation,General Aggregate Limit Applies per: Location,,matchOnce,must be present,,,non_compliant,Block Requirements,,,false,0,,2026-08-16
"Block Real Estate Services, LLC",6a72069991042af52de628f1,6a72067ea7b0558ab72338fb,Lure Creative,69fdef860bb484cab5138c69,"3rd867 - Four Pine Ridge Plaza {SSR Capital, LLC}",evidenceOfInsurance,Evidence of Insurance,commercialGeneralLiability,Commercial General Liability,evidenceOfInsuranceCommercialGeneralLiabilityEachOccurrence,Each Occurrence,,matchOnce,must be greater or equal to,1000000,,non_compliant,Block Requirements,,,false,0,,2026-08-16
"Block Real Estate Services, LLC",6a72069991042af52de628f1,6a72067ea7b0558ab72338fb,Lure Creative,69fdef860bb484cab5138c69,"3rd867 - Four Pine Ridge Plaza {SSR Capital, LLC}",evidenceOfInsurance,Evidence of Insurance,commercialGeneralLiability,Commercial General Liability,evidenceOfInsuranceCommercialGeneralLiabilityGeneralAggregate,General Aggregate,,matchOnce,must be greater or equal to,2000000,,non_compliant,Block Requirements,,,false,0,,2026-08-16
"Block Real Estate Services, LLC",6a72069991042af52de628f1,6a72067ea7b0558ab72338fb,Lure Creative,69fdef860bb484cab5138c69,"3rd867 - Four Pine Ridge Plaza {SSR Capital, LLC}",evidenceOfInsurance,Evidence of Insurance,commercialGeneralLiability,Commercial General Liability,evidenceOfInsuranceCommercialGeneralLiabilityWaiverOfSubrogationEndorsement,Waiver of Subrogation,"---prompt---
Determine if the insurer has waived their right of subrogation in favor of the certificate holder under the Commercial General Liability policy. Evidence may include: a checked ""Waiver of Subrogation"" box on the certificate, mention in the Description of Operations section stating ""waiver of subrogation applies"", or reference to form CG 24 04. Look for language like ""subrogation is waived"" or ""per written contract"".",matchOnce,must be present,,,non_compliant,Block Requirements,,,false,0,,2026-08-16
"Block Real Estate Services, LLC",6a72069991042af52de628f1,6a72067ea7b0558ab72338fb,Lure Creative,69fdef860bb484cab5138c69,"3rd867 - Four Pine Ridge Plaza {SSR Capital, LLC}",evidenceOfInsurance,Evidence of Insurance,excessOrUmbrellaLiability,Umbrella/Excess Liability,evidenceOfInsuranceExcessOrUmbrellaLiabilityOccurence,Coverage Trigger: Occurrence,,matchOnce,must be present,,,non_compliant,Block Requirements,,,false,0,,2026-08-16
"Block Real Estate Services, LLC",6a72069991042af52de628f1,6a72067ea7b0558ab72338fb,Lure Creative,69fdef860bb484cab5138c69,"3rd867 - Four Pine Ridge Plaza {SSR Capital, LLC}",evidenceOfInsurance,Evidence of Insurance,excessOrUmbrellaLiability,Umbrella/Excess Liability,evidenceOfInsuranceExcessOrUmbrellaLiabilityEachOccurrence,Each Occurrence,,matchOnce,must be greater or equal to,1000000,,non_compliant,Block Requirements,,,false,0,,2026-08-16
"Block Real Estate Services, LLC",6a72069991042af52de628f1,6a72067ea7b0558ab72338fb,Lure Creative,69fdef860bb484cab5138c69,"3rd867 - Four Pine Ridge Plaza {SSR Capital, LLC}",evidenceOfInsurance,Evidence of Insurance,excessOrUmbrellaLiability,Umbrella/Excess Liability,evidenceOfInsuranceExcessOrUmbrellaLiabilityAggregate,Aggregate,,matchOnce,must be greater or equal to,1000000,,non_compliant,Block Requirements,,,false,0,,2026-08-16
"Block Real Estate Services, LLC",6a72069991042af52de628f1,6a72067ea7b0558ab72338fb,Lure Creative,69fdef860bb484cab5138c69,"3rd867 - Four Pine Ridge Plaza {SSR Capital, LLC}",evidenceOfInsurance,Evidence of Insurance,workersCompensation,Workers' Compensation and Employer's Liability,evidenceOfInsuranceWorkersCompensationStatutoryLimits,Statutory Limits,,matchOnce,must be present,,,non_compliant,Block Requirements,,,false,0,,2026-08-16
"Block Real Estate Services, LLC",6a72069991042af52de628f1,6a72067ea7b0558ab72338fb,Lure Creative,69fdef860bb484cab5138c69,"3rd867 - Four Pine Ridge Plaza {SSR Capital, LLC}",evidenceOfInsurance,Evidence of Insurance,workersCompensation,Workers' Compensation and Employer's Liability,evidenceOfInsuranceWorkersCompensationEmployersLiabilityEachAccident,Employer's Liability Each Accident,,matchOnce,must be greater or equal to,500000,,non_compliant,Block Requirements,,,false,0,,2026-08-16
"Block Real Estate Services, LLC",6a72069991042af52de628f1,6a72067ea7b0558ab72338fb,Lure Creative,69fdef860bb484cab5138c69,"3rd867 - Four Pine Ridge Plaza {SSR Capital, LLC}",evidenceOfInsurance,Evidence of Insurance,workersCompensation,Workers' Compensation and Employer's Liability,evidenceOfInsuranceWorkersCompensationEmployersLiabilityDiseaseEachEmployee,Employer's Liability Disease - each employee,,matchOnce,must be greater or equal to,500000,,non_compliant,Block Requirements,,,false,0,,2026-08-16
"Block Real Estate Services, LLC",6a72069991042af52de628f1,6a72067ea7b0558ab72338fb,Lure Creative,69fdef860bb484cab5138c69,"3rd867 - Four Pine Ridge Plaza {SSR Capital, LLC}",evidenceOfInsurance,Evidence of Insurance,workersCompensation,Workers' Compensation and Employer's Liability,evidenceOfInsuranceWorkersCompensationEmployersLiabilityDiseasePolicyLimit,Employer's Liability Disease - policy limit,,matchOnce,must be greater or equal to,500000,,non_compliant,Block Requirements,,,false,0,,2026-08-16
"Block Real Estate Services, LLC",6a72069991042af52de628f1,6a72067ea7b0558ab72338fb,Lure Creative,69fdef860bb484cab5138c69,"3rd867 - Four Pine Ridge Plaza {SSR Capital, LLC}",evidenceOfInsurance,Evidence of Insurance,workersCompensation,Workers' Compensation and Employer's Liability,evidenceOfInsuranceWorkersCompensationWaiverOfSubrogationEndorsement,Waiver of Subrogation,"---prompt---
Determine if the insurer has waived their right of subrogation in favor of the certificate holder under the Workers' Compensation policy. Evidence may include: a checked ""Waiver of Subrogation"" box on the certificate, mention in the Description of Operations section stating ""waiver of subrogation applies"", or reference to form WC 00 03 13. Look for language like ""subrogation is waived"" or ""per written contract"".",matchOnce,must be present,,,non_compliant,Block Requirements,,,false,0,,2026-08-16
"Block Real Estate Services, LLC",6a72069991042af52de628f1,6a72067ea7b0558ab72338fb,Lure Creative,69fdef860bb484cab5138c69,"3rd867 - Four Pine Ridge Plaza {SSR Capital, LLC}",evidenceOfInsurance,Evidence of Insurance,6ac20aae-5728-5d57-b364-aeba38527dba,Additional Requirements,4da5b0f1-4c9d-5885-8cf8-5d3cccaed3e0,"Block Real Estate Services, LLC and all others required by contract are named as Additional Insureds","---prompt---
Determine if the Description of Operations or the Additional Remarks Schedule section states the ""Additional Insured as Construction Management, Inc. and all others required by contract"" or reference to blanket additional insured coverage. Look for language like ""certificate holder is additional insured"" or ""per written contract"".",matchOnce,must be present,,,non_compliant,Block Requirements,,,true,0,,2026-08-16
"Block Real Estate Services, LLC",6a72069991042af52de628f1,6a72067ea7b0558ab72338fb,Lure Creative,69fdef860bb484cab5138c69,"3rd867 - Four Pine Ridge Plaza {SSR Capital, LLC}",evidenceOfInsurance,Evidence of Insurance,6ac20aae-5728-5d57-b364-aeba38527dba,Additional Requirements,e1017741-e47e-5f58-97b8-fbc3043e919f,Umbrella follows form over General Liability,"---prompt---
Determine if the Umbrella/Excess Liability policy follows form to the underlying policies. Evidence may include: language in the Description of Operations section stating the umbrella follows form to underlying coverages or an additional page endorsement stating that it follows form. Follow form means the umbrella policy adopts the same terms, conditions, and exclusions as the underlying policies.",matchOnce,must be present,,,non_compliant,Block Requirements,,,true,0,,2026-08-16
"Block Real Estate Services, LLC",6a72069991042af52de628f1,6a72067ea7b0558ab72338fb,Lure Creative,69fdef860bb484cab5138c69,"3rd867 - Four Pine Ridge Plaza {SSR Capital, LLC}",evidenceOfInsurance,Evidence of Insurance,6ac20aae-5728-5d57-b364-aeba38527dba,Additional Requirements,2cdd866f-c9a4-576a-afd8-1d045762790c,The location must be listed as:,,matchOnce,must be present,,,non_compliant,Block Requirements,,,true,0,,2026-08-16
"Block Real Estate Services, LLC",6a72069991042af52de628f1,6a72067ea7b0558ab72338fb,Lure Creative,69fdef860bb484cab5138c69,"3rd867 - Four Pine Ridge Plaza {SSR Capital, LLC}",evidenceOfInsurance,Evidence of Insurance,6ac20aae-5728-5d57-b364-aeba38527dba,Additional Requirements,3649e9d1-4e09-59bf-8f30-cb33c40cf117,"Certificate Holder must read: c/o Block Real Estate Services, LLC, 4622 Pennsylvania St., Suite 700, Kansas City, MO, 64112",,matchOnce,must be present,,,non_compliant,Block Requirements,,,true,0,,2026-08-16
"Block Real Estate Services, LLC",69fdf75c62446148bd855fa4,69fded1062446148bd848c55,Central Power Systems & Services LLC,69fdefbc0e86e2f8723d93ac,"bf3946 - Riverside Business Center 5 {Block Income Fund III, LP}",evidenceOfInsurance,Evidence of Insurance,commercialGeneralLiability,Commercial General Liability,evidenceOfInsuranceCommercialGeneralLiabilityCoverageTriggerOccurrence,Coverage Trigger: Occurrence,,matchOnce,must be present,,Present,compliant,Block Requirements,,,false,1,,2026-08-16
"Block Real Estate Services, LLC",69fdf75c62446148bd855fa4,69fded1062446148bd848c55,Central Power Systems & Services LLC,69fdefbc0e86e2f8723d93ac,"bf3946 - Riverside Business Center 5 {Block Income Fund III, LP}",evidenceOfInsurance,Evidence of Insurance,commercialGeneralLiability,Commercial General Liability,evidenceOfInsuranceCommercialGeneralLiabilityGeneralAggregateLimitAppliesPerLocation,General Aggregate Limit Applies per: Location,,matchOnce,must be present,,Present,compliant,Block Requirements,,,false,1,,2026-08-16
"Block Real Estate Services, LLC",69fdf75c62446148bd855fa4,69fded1062446148bd848c55,Central Power Systems & Services LLC,69fdefbc0e86e2f8723d93ac,"bf3946 - Riverside Business Center 5 {Block Income Fund III, LP}",evidenceOfInsurance,Evidence of Insurance,commercialGeneralLiability,Commercial General Liability,evidenceOfInsuranceCommercialGeneralLiabilityEachOccurrence,Each Occurrence,,matchOnce,must be greater or equal to,1000000,1000000,compliant,Block Requirements,,,false,1,,2026-08-16
"Block Real Estate Services, LLC",69fdf75c62446148bd855fa4,69fded1062446148bd848c55,Central Power Systems & Services LLC,69fdefbc0e86e2f8723d93ac,"bf3946 - Riverside Business Center 5 {Block Income Fund III, LP}",evidenceOfInsurance,Evidence of Insurance,commercialGeneralLiability,Commercial General Liability,evidenceOfInsuranceCommercialGeneralLiabilityGeneralAggregate,General Aggregate,,matchOnce,must be greater or equal to,2000000,2000000,compliant,Block Requirements,,,false,1,,2026-08-16
"Block Real Estate Services, LLC",69fdf75c62446148bd855fa4,69fded1062446148bd848c55,Central Power Systems & Services LLC,69fdefbc0e86e2f8723d93ac,"bf3946 - Riverside Business Center 5 {Block Income Fund III, LP}",evidenceOfInsurance,Evidence of Insurance,commercialGeneralLiability,Commercial General Liability,evidenceOfInsuranceCommercialGeneralLiabilityWaiverOfSubrogationEndorsement,Waiver of Subrogation,"---prompt---
Determine if the insurer has waived their right of subrogation in favor of the certificate holder under the Commercial General Liability policy. Evidence may include: a checked ""Waiver of Subrogation"" box on the certificate, mention in the Description of Operations section stating ""waiver of subrogation applies"", or reference to form CG 24 04. Look for language like ""subrogation is waived"" or ""per written contract"".",matchOnce,must be present,,Present,compliant,Block Requirements,,,false,1,,2026-08-16
"Block Real Estate Services, LLC",69fdf75c62446148bd855fa4,69fded1062446148bd848c55,Central Power Systems & Services LLC,69fdefbc0e86e2f8723d93ac,"bf3946 - Riverside Business Center 5 {Block Income Fund III, LP}",evidenceOfInsurance,Evidence of Insurance,excessOrUmbrellaLiability,Umbrella/Excess Liability,evidenceOfInsuranceExcessOrUmbrellaLiabilityOccurence,Coverage Trigger: Occurrence,,matchOnce,must be present,,Present,compliant,Block Requirements,,,false,1,,2026-08-16
"Block Real Estate Services, LLC",69fdf75c62446148bd855fa4,69fded1062446148bd848c55,Central Power Systems & Services LLC,69fdefbc0e86e2f8723d93ac,"bf3946 - Riverside Business Center 5 {Block Income Fund III, LP}",evidenceOfInsurance,Evidence of Insurance,excessOrUmbrellaLiability,Umbrella/Excess Liability,evidenceOfInsuranceExcessOrUmbrellaLiabilityEachOccurrence,Each Occurrence,,matchOnce,must be greater or equal to,1000000,5000000,compliant,Block Requirements,,,false,1,,2026-08-16
"Block Real Estate Services, LLC",69fdf75c62446148bd855fa4,69fded1062446148bd848c55,Central Power Systems & Services LLC,69fdefbc0e86e2f8723d93ac,"bf3946 - Riverside Business Center 5 {Block Income Fund III, LP}",evidenceOfInsurance,Evidence of Insurance,excessOrUmbrellaLiability,Umbrella/Excess Liability,evidenceOfInsuranceExcessOrUmbrellaLiabilityAggregate,Aggregate,,matchOnce,must be greater or equal to,1000000,5000000,compliant,Block Requirements,,,false,1,,2026-08-16
"Block Real Estate Services, LLC",69fdf75c62446148bd855fa4,69fded1062446148bd848c55,Central Power Systems & Services LLC,69fdefbc0e86e2f8723d93ac,"bf3946 - Riverside Business Center 5 {Block Income Fund III, LP}",evidenceOfInsurance,Evidence of Insurance,workersCompensation,Workers' Compensation and Employer's Liability,evidenceOfInsuranceWorkersCompensationStatutoryLimits,Statutory Limits,,matchOnce,must be present,,Present,compliant,Block Requirements,,,false,1,,2026-08-16
"Block Real Estate Services, LLC",69fdf75c62446148bd855fa4,69fded1062446148bd848c55,Central Power Systems & Services LLC,69fdefbc0e86e2f8723d93ac,"bf3946 - Riverside Business Center 5 {Block Income Fund III, LP}",evidenceOfInsurance,Evidence of Insurance,workersCompensation,Workers' Compensation and Employer's Liability,evidenceOfInsuranceWorkersCompensationEmployersLiabilityEachAccident,Employer's Liability Each Accident,,matchOnce,must be greater or equal to,500000,1000000,compliant,Block Requirements,,,false,1,,2026-08-16
"Block Real Estate Services, LLC",69fdf75c62446148bd855fa4,69fded1062446148bd848c55,Central Power Systems & Services LLC,69fdefbc0e86e2f8723d93ac,"bf3946 - Riverside Business Center 5 {Block Income Fund III, LP}",evidenceOfInsurance,Evidence of Insurance,workersCompensation,Workers' Compensation and Employer's Liability,evidenceOfInsuranceWorkersCompensationEmployersLiabilityDiseaseEachEmployee,Employer's Liability Disease - each employee,,matchOnce,must be greater or equal to,500000,1000000,compliant,Block Requirements,,,false,1,,2026-08-16
"Block Real Estate Services, LLC",69fdf75c62446148bd855fa4,69fded1062446148bd848c55,Central Power Systems & Services LLC,69fdefbc0e86e2f8723d93ac,"bf3946 - Riverside Business Center 5 {Block Income Fund III, LP}",evidenceOfInsurance,Evidence of Insurance,workersCompensation,Workers' Compensation and Employer's Liability,evidenceOfInsuranceWorkersCompensationEmployersLiabilityDiseasePolicyLimit,Employer's Liability Disease - policy limit,,matchOnce,must be greater or equal to,500000,1000000,compliant,Block Requirements,,,false,1,,2026-08-16
"Block Real Estate Services, LLC",69fdf75c62446148bd855fa4,69fded1062446148bd848c55,Central Power Systems & Services LLC,69fdefbc0e86e2f8723d93ac,"bf3946 - Riverside Business Center 5 {Block Income Fund III, LP}",evidenceOfInsurance,Evidence of Insurance,workersCompensation,Workers' Compensation and Employer's Liability,evidenceOfInsuranceWorkersCompensationWaiverOfSubrogationEndorsement,Waiver of Subrogation,"---prompt---
Determine if the insurer has waived their right of subrogation in favor of the certificate holder under the Workers' Compensation policy. Evidence may include: a checked ""Waiver of Subrogation"" box on the certificate, mention in the Description of Operations section stating ""waiver of subrogation applies"", or reference to form WC 00 03 13. Look for language like ""subrogation is waived"" or ""per written contract"".",matchOnce,must be present,,Present,compliant,Block Requirements,,,false,1,,2026-08-16
"Block Real Estate Services, LLC",69fdf75c62446148bd855fa4,69fded1062446148bd848c55,Central Power Systems & Services LLC,69fdefbc0e86e2f8723d93ac,"bf3946 - Riverside Business Center 5 {Block Income Fund III, LP}",evidenceOfInsurance,Evidence of Insurance,6ac20aae-5728-5d57-b364-aeba38527dba,Additional Requirements,4da5b0f1-4c9d-5885-8cf8-5d3cccaed3e0,"Block Real Estate Services, LLC and all others required by contract are named as Additional Insureds","---prompt---
Determine if the Description of Operations or the Additional Remarks Schedule section states the ""Additional Insured as Construction Management, Inc. and all others required by contract"" or reference to blanket additional insured coverage. Look for language like ""certificate holder is additional insured"" or ""per written contract"".",matchOnce,must be present,,Present,compliant,Block Requirements,,,true,1,,2026-08-16
"Block Real Estate Services, LLC",69fdf75c62446148bd855fa4,69fded1062446148bd848c55,Central Power Systems & Services LLC,69fdefbc0e86e2f8723d93ac,"bf3946 - Riverside Business Center 5 {Block Income Fund III, LP}",evidenceOfInsurance,Evidence of Insurance,6ac20aae-5728-5d57-b364-aeba38527dba,Additional Requirements,e1017741-e47e-5f58-97b8-fbc3043e919f,Umbrella follows form over General Liability,"---prompt---
Determine if the Umbrella/Excess Liability policy follows form to the underlying policies. Evidence may include: language in the Description of Operations section stating the umbrella follows form to underlying coverages or an additional page endorsement stating that it follows form. Follow form means the umbrella policy adopts the same terms, conditions, and exclusions as the underlying policies.",matchOnce,must be present,,Present,compliant,Block Requirements,,,true,1,,2026-08-16
"Block Real Estate Services, LLC",69fdf75c62446148bd855fa4,69fded1062446148bd848c55,Central Power Systems & Services LLC,69fdefbc0e86e2f8723d93ac,"bf3946 - Riverside Business Center 5 {Block Income Fund III, LP}",evidenceOfInsurance,Evidence of Insurance,6ac20aae-5728-5d57-b364-aeba38527dba,Additional Requirements,2cdd866f-c9a4-576a-afd8-1d045762790c,"The location must be listed as: 3401, 3415, 3423 NW Tullison Road, Riverside, MO, 64150",,matchOnce,must be present,,Present,compliant,Block Requirements,,,true,1,,2026-08-16
"Block Real Estate Services, LLC",69fdf75c62446148bd855fa4,69fded1062446148bd848c55,Central Power Systems & Services LLC,69fdefbc0e86e2f8723d93ac,"bf3946 - Riverside Business Center 5 {Block Income Fund III, LP}",evidenceOfInsurance,Evidence of Insurance,6ac20aae-5728-5d57-b364-aeba38527dba,Additional Requirements,3649e9d1-4e09-59bf-8f30-cb33c40cf117,"Certificate Holder must read: c/o Block Real Estate Services, LLC, 4622 Pennsylvania St., Suite 700, Kansas City, MO, 64112",,matchOnce,must be present,,Present,compliant,Block Requirements,,,true,1,,2026-08-16
"Block Real Estate Services, LLC",69fdf79262446148bd859c49,69fded1062446148bd848c5b,"Challenger Sports, Inc.",69fdf11702bb2c42a87a4f1e,"prg849 - Pine Ridge Building 29 {PERG BUILDINGS, LLC}",evidenceOfInsurance,Evidence of Insurance,commercialGeneralLiability,Commercial General Liability,evidenceOfInsuranceCommercialGeneralLiabilityCoverageTriggerOccurrence,Coverage Trigger: Occurrence,,matchOnce,must be present,,Present,compliant,Block Requirements,,,false,1,,2026-08-16
"Block Real Estate Services, LLC",69fdf79262446148bd859c49,69fded1062446148bd848c5b,"Challenger Sports, Inc.",69fdf11702bb2c42a87a4f1e,"prg849 - Pine Ridge Building 29 {PERG BUILDINGS, LLC}",evidenceOfInsurance,Evidence of Insurance,commercialGeneralLiability,Commercial General Liability,evidenceOfInsuranceCommercialGeneralLiabilityGeneralAggregateLimitAppliesPerLocation,General Aggregate Limit Applies per: Location,,matchOnce,must be present,,,non_compliant,Block Requirements,,,false,0,,2026-08-16
"Block Real Estate Services, LLC",69fdf79262446148bd859c49,69fded1062446148bd848c5b,"Challenger Sports, Inc.",69fdf11702bb2c42a87a4f1e,"prg849 - Pine Ridge Building 29 {PERG BUILDINGS, LLC}",evidenceOfInsurance,Evidence of Insurance,commercialGeneralLiability,Commercial General Liability,evidenceOfInsuranceCommercialGeneralLiabilityEachOccurrence,Each Occurrence,,matchOnce,must be greater or equal to,1000000,2000000,compliant,Block Requirements,,,false,1,,2026-08-16
"Block Real Estate Services, LLC",69fdf79262446148bd859c49,69fded1062446148bd848c5b,"Challenger Sports, Inc.",69fdf11702bb2c42a87a4f1e,"prg849 - Pine Ridge Building 29 {PERG BUILDINGS, LLC}",evidenceOfInsurance,Evidence of Insurance,commercialGeneralLiability,Commercial General Liability,evidenceOfInsuranceCommercialGeneralLiabilityGeneralAggregate,General Aggregate,,matchOnce,must be greater or equal to,2000000,4000000,compliant,Block Requirements,,,false,1,,2026-08-16
"Block Real Estate Services, LLC",69fdf79262446148bd859c49,69fded1062446148bd848c5b,"Challenger Sports, Inc.",69fdf11702bb2c42a87a4f1e,"prg849 - Pine Ridge Building 29 {PERG BUILDINGS, LLC}",evidenceOfInsurance,Evidence of Insurance,commercialGeneralLiability,Commercial General Liability,evidenceOfInsuranceCommercialGeneralLiabilityWaiverOfSubrogationEndorsement,Waiver of Subrogation,"---prompt---
Determine if the insurer has waived their right of subrogation in favor of the certificate holder under the Commercial General Liability policy. Evidence may include: a checked ""Waiver of Subrogation"" box on the certificate, mention in the Description of Operations section stating ""waiver of subrogation applies"", or reference to form CG 24 04. Look for language like ""subrogation is waived"" or ""per written contract"".",matchOnce,must be present,,Present,compliant,Block Requirements,,,false,1,,2026-08-16
"Block Real Estate Services, LLC",69fdf79262446148bd859c49,69fded1062446148bd848c5b,"Challenger Sports, Inc.",69fdf11702bb2c42a87a4f1e,"prg849 - Pine Ridge Building 29 {PERG BUILDINGS, LLC}",evidenceOfInsurance,Evidence of Insurance,excessOrUmbrellaLiability,Umbrella/Excess Liability,evidenceOfInsuranceExcessOrUmbrellaLiabilityOccurence,Coverage Trigger: Occurrence,,matchOnce,must be present,,Present,compliant,Block Requirements,,,false,1,,2026-08-16
"Block Real Estate Services, LLC",69fdf79262446148bd859c49,69fded1062446148bd848c5b,"Challenger Sports, Inc.",69fdf11702bb2c42a87a4f1e,"prg849 - Pine Ridge Building 29 {PERG BUILDINGS, LLC}",evidenceOfInsurance,Evidence of Insurance,excessOrUmbrellaLiability,Umbrella/Excess Liability,evidenceOfInsuranceExcessOrUmbrellaLiabilityEachOccurrence,Each Occurrence,,matchOnce,must be greater or equal to,1000000,5000000,compliant,Block Requirements,,,false,1,,2026-08-16
"Block Real Estate Services, LLC",69fdf79262446148bd859c49,69fded1062446148bd848c5b,"Challenger Sports, Inc.",69fdf11702bb2c42a87a4f1e,"prg849 - Pine Ridge Building 29 {PERG BUILDINGS, LLC}",evidenceOfInsurance,Evidence of Insurance,excessOrUmbrellaLiability,Umbrella/Excess Liability,evidenceOfInsuranceExcessOrUmbrellaLiabilityAggregate,Aggregate,,matchOnce,must be greater or equal to,1000000,5000000,compliant,Block Requirements,,,false,1,,2026-08-16
"Block Real Estate Services, LLC",69fdf79262446148bd859c49,69fded1062446148bd848c5b,"Challenger Sports, Inc.",69fdf11702bb2c42a87a4f1e,"prg849 - Pine Ridge Building 29 {PERG BUILDINGS, LLC}",evidenceOfInsurance,Evidence of Insurance,workersCompensation,Workers' Compensation and Employer's Liability,evidenceOfInsuranceWorkersCompensationStatutoryLimits,Statutory Limits,,matchOnce,must be present,,Present,compliant,Block Requirements,,,false,1,,2026-08-16
"Block Real Estate Services, LLC",69fdf79262446148bd859c49,69fded1062446148bd848c5b,"Challenger Sports, Inc.",69fdf11702bb2c42a87a4f1e,"prg849 - Pine Ridge Building 29 {PERG BUILDINGS, LLC}",evidenceOfInsurance,Evidence of Insurance,workersCompensation,Workers' Compensation and Employer's Liability,evidenceOfInsuranceWorkersCompensationEmployersLiabilityEachAccident,Employer's Liability Each Accident,,matchOnce,must be greater or equal to,500000,1000000,compliant,Block Requirements,,,false,1,,2026-08-16
"Block Real Estate Services, LLC",69fdf79262446148bd859c49,69fded1062446148bd848c5b,"Challenger Sports, Inc.",69fdf11702bb2c42a87a4f1e,"prg849 - Pine Ridge Building 29 {PERG BUILDINGS, LLC}",evidenceOfInsurance,Evidence of Insurance,workersCompensation,Workers' Compensation and Employer's Liability,evidenceOfInsuranceWorkersCompensationEmployersLiabilityDiseaseEachEmployee,Employer's Liability Disease - each employee,,matchOnce,must be greater or equal to,500000,1000000,compliant,Block Requirements,,,false,1,,2026-08-16
"Block Real Estate Services, LLC",69fdf79262446148bd859c49,69fded1062446148bd848c5b,"Challenger Sports, Inc.",69fdf11702bb2c42a87a4f1e,"prg849 - Pine Ridge Building 29 {PERG BUILDINGS, LLC}",evidenceOfInsurance,Evidence of Insurance,workersCompensation,Workers' Compensation and Employer's Liability,evidenceOfInsuranceWorkersCompensationEmployersLiabilityDiseasePolicyLimit,Employer's Liability Disease - policy limit,,matchOnce,must be greater or equal to,500000,1000000,compliant,Block Requirements,,,false,1,,2026-08-16
"Block Real Estate Services, LLC",69fdf79262446148bd859c49,69fded1062446148bd848c5b,"Challenger Sports, Inc.",69fdf11702bb2c42a87a4f1e,"prg849 - Pine Ridge Building 29 {PERG BUILDINGS, LLC}",evidenceOfInsurance,Evidence of Insurance,workersCompensation,Workers' Compensation and Employer's Liability,evidenceOfInsuranceWorkersCompensationWaiverOfSubrogationEndorsement,Waiver of Subrogation,"---prompt---
Determine if the insurer has waived their right of subrogation in favor of the certificate holder under the Workers' Compensation policy. Evidence may include: a checked ""Waiver of Subrogation"" box on the certificate, mention in the Description of Operations section stating ""waiver of subrogation applies"", or reference to form WC 00 03 13. Look for language like ""subrogation is waived"" or ""per written contract"".",matchOnce,must be present,,Present,compliant,Block Requirements,,,false,1,,2026-08-16
"Block Real Estate Services, LLC",69fdf79262446148bd859c49,69fded1062446148bd848c5b,"Challenger Sports, Inc.",69fdf11702bb2c42a87a4f1e,"prg849 - Pine Ridge Building 29 {PERG BUILDINGS, LLC}",evidenceOfInsurance,Evidence of Insurance,6ac20aae-5728-5d57-b364-aeba38527dba,Additional Requirements,4da5b0f1-4c9d-5885-8cf8-5d3cccaed3e0,"Block Real Estate Services, LLC and all others required by contract are named as Additional Insureds","---prompt---
Determine if the Description of Operations or the Additional Remarks Schedule section states the ""Additional Insured as Construction Management, Inc. and all others required by contract"" or reference to blanket additional insured coverage. Look for language like ""certificate holder is additional insured"" or ""per written contract"".",matchOnce,must be present,,Present,compliant,Block Requirements,,,true,1,,2026-08-16
"Block Real Estate Services, LLC",69fdf79262446148bd859c49,69fded1062446148bd848c5b,"Challenger Sports, Inc.",69fdf11702bb2c42a87a4f1e,"prg849 - Pine Ridge Building 29 {PERG BUILDINGS, LLC}",evidenceOfInsurance,Evidence of Insurance,6ac20aae-5728-5d57-b364-aeba38527dba,Additional Requirements,e1017741-e47e-5f58-97b8-fbc3043e919f,Umbrella follows form over General Liability,"---prompt---
Determine if the Umbrella/Excess Liability policy follows form to the underlying policies. Evidence may include: language in the Description of Operations section stating the umbrella follows form to underlying coverages or an additional page endorsement stating that it follows form. Follow form means the umbrella policy adopts the same terms, conditions, and exclusions as the underlying policies.",matchOnce,must be present,,Present,compliant,Block Requirements,,,true,1,,2026-08-16
"Block Real Estate Services, LLC",69fdf79262446148bd859c49,69fded1062446148bd848c5b,"Challenger Sports, Inc.",69fdf11702bb2c42a87a4f1e,"prg849 - Pine Ridge Building 29 {PERG BUILDINGS, LLC}",evidenceOfInsurance,Evidence of Insurance,6ac20aae-5728-5d57-b364-aeba38527dba,Additional Requirements,2cdd866f-c9a4-576a-afd8-1d045762790c,The location must be listed as: 8263 - 8287 Flint Street Lenexa KS 66214,,matchOnce,must be present,,Present,compliant,Block Requirements,,,true,1,,2026-08-16
"Block Real Estate Services, LLC",69fdf79262446148bd859c49,69fded1062446148bd848c5b,"Challenger Sports, Inc.",69fdf11702bb2c42a87a4f1e,"prg849 - Pine Ridge Building 29 {PERG BUILDINGS, LLC}",evidenceOfInsurance,Evidence of Insurance,6ac20aae-5728-5d57-b364-aeba38527dba,Additional Requirements,3649e9d1-4e09-59bf-8f30-cb33c40cf117,"Certificate Holder must read: c/o Block Real Estate Services, LLC, 4622 Pennsylvania St., Suite 700, Kansas City, MO, 64112",,matchOnce,must be present,,Present,compliant,Block Requirements,,,true,1,,2026-08-16
"Block Real Estate Services, LLC",69fdf7b562446148bd85c455,69fded2062446148bd849141,Seen Merchandising LLC,69fdf1ee3b208288e0a8697e,"tic783 - Lamar Distribution Center #1 {Cal Vent Group, LTD}",evidenceOfInsurance,Evidence of Insurance,commercialGeneralLiability,Commercial General Liability,evidenceOfInsuranceCommercialGeneralLiabilityCoverageTriggerOccurrence,Coverage Trigger: Occurrence,,matchOnce,must be present,,Present,compliant,Block Requirements,,,false,1,,2026-08-16
"Block Real Estate Services, LLC",69fdf7b562446148bd85c455,69fded2062446148bd849141,Seen Merchandising LLC,69fdf1ee3b208288e0a8697e,"tic783 - Lamar Distribution Center #1 {Cal Vent Group, LTD}",evidenceOfInsurance,Evidence of Insurance,commercialGeneralLiability,Commercial General Liability,evidenceOfInsuranceCommercialGeneralLiabilityGeneralAggregateLimitAppliesPerLocation,General Aggregate Limit Applies per: Location,,matchOnce,must be present,,,non_compliant,Block Requirements,,,false,0,,2026-08-16
"Block Real Estate Services, LLC",69fdf7b562446148bd85c455,69fded2062446148bd849141,Seen Merchandising LLC,69fdf1ee3b208288e0a8697e,"tic783 - Lamar Distribution Center #1 {Cal Vent Group, LTD}",evidenceOfInsurance,Evidence of Insurance,commercialGeneralLiability,Commercial General Liability,evidenceOfInsuranceCommercialGeneralLiabilityEachOccurrence,Each Occurrence,,matchOnce,must be greater or equal to,1000000,1000000,compliant,Block Requirements,,,false,1,,2026-08-16
"Block Real Estate Services, LLC",69fdf7b562446148bd85c455,69fded2062446148bd849141,Seen Merchandising LLC,69fdf1ee3b208288e0a8697e,"tic783 - Lamar Distribution Center #1 {Cal Vent Group, LTD}",evidenceOfInsurance,Evidence of Insurance,commercialGeneralLiability,Commercial General Liability,evidenceOfInsuranceCommercialGeneralLiabilityGeneralAggregate,General Aggregate,,matchOnce,must be greater or equal to,2000000,2000000,compliant,Block Requirements,,,false,1,,2026-08-16
"Block Real Estate Services, LLC",69fdf7b562446148bd85c455,69fded2062446148bd849141,Seen Merchandising LLC,69fdf1ee3b208288e0a8697e,"tic783 - Lamar Distribution Center #1 {Cal Vent Group, LTD}",evidenceOfInsurance,Evidence of Insurance,commercialGeneralLiability,Commercial General Liability,evidenceOfInsuranceCommercialGeneralLiabilityWaiverOfSubrogationEndorsement,Waiver of Subrogation,"---prompt---
Determine if the insurer has waived their right of subrogation in favor of the certificate holder under the Commercial General Liability policy. Evidence may include: a checked ""Waiver of Subrogation"" box on the certificate, mention in the Description of Operations section stating ""waiver of subrogation applies"", or reference to form CG 24 04. Look for language like ""subrogation is waived"" or ""per written contract"".",matchOnce,must be present,,Present,compliant,Block Requirements,,,false,1,,2026-08-16
"Block Real Estate Services, LLC",69fdf7b562446148bd85c455,69fded2062446148bd849141,Seen Merchandising LLC,69fdf1ee3b208288e0a8697e,"tic783 - Lamar Distribution Center #1 {Cal Vent Group, LTD}",evidenceOfInsurance,Evidence of Insurance,excessOrUmbrellaLiability,Umbrella/Excess Liability,evidenceOfInsuranceExcessOrUmbrellaLiabilityOccurence,Coverage Trigger: Occurrence,,matchOnce,must be present,,Present,compliant,Block Requirements,,,false,1,,2026-08-16
"Block Real Estate Services, LLC",69fdf7b562446148bd85c455,69fded2062446148bd849141,Seen Merchandising LLC,69fdf1ee3b208288e0a8697e,"tic783 - Lamar Distribution Center #1 {Cal Vent Group, LTD}",evidenceOfInsurance,Evidence of Insurance,excessOrUmbrellaLiability,Umbrella/Excess Liability,evidenceOfInsuranceExcessOrUmbrellaLiabilityEachOccurrence,Each Occurrence,,matchOnce,must be greater or equal to,1000000,2000000,compliant,Block Requirements,,,false,1,,2026-08-16
"Block Real Estate Services, LLC",69fdf7b562446148bd85c455,69fded2062446148bd849141,Seen Merchandising LLC,69fdf1ee3b208288e0a8697e,"tic783 - Lamar Distribution Center #1 {Cal Vent Group, LTD}",evidenceOfInsurance,Evidence of Insurance,excessOrUmbrellaLiability,Umbrella/Excess Liability,evidenceOfInsuranceExcessOrUmbrellaLiabilityAggregate,Aggregate,,matchOnce,must be greater or equal to,1000000,2000000,compliant,Block Requirements,,,false,1,,2026-08-16
"Block Real Estate Services, LLC",69fdf7b562446148bd85c455,69fded2062446148bd849141,Seen Merchandising LLC,69fdf1ee3b208288e0a8697e,"tic783 - Lamar Distribution Center #1 {Cal Vent Group, LTD}",evidenceOfInsurance,Evidence of Insurance,workersCompensation,Workers' Compensation and Employer's Liability,evidenceOfInsuranceWorkersCompensationStatutoryLimits,Statutory Limits,,matchOnce,must be present,,Present,compliant,Block Requirements,,,false,1,,2026-08-16
"Block Real Estate Services, LLC",69fdf7b562446148bd85c455,69fded2062446148bd849141,Seen Merchandising LLC,69fdf1ee3b208288e0a8697e,"tic783 - Lamar Distribution Center #1 {Cal Vent Group, LTD}",evidenceOfInsurance,Evidence of Insurance,workersCompensation,Workers' Compensation and Employer's Liability,evidenceOfInsuranceWorkersCompensationEmployersLiabilityEachAccident,Employer's Liability Each Accident,,matchOnce,must be greater or equal to,500000,500000,compliant,Block Requirements,,,false,1,,2026-08-16
"Block Real Estate Services, LLC",69fdf7b562446148bd85c455,69fded2062446148bd849141,Seen Merchandising LLC,69fdf1ee3b208288e0a8697e,"tic783 - Lamar Distribution Center #1 {Cal Vent Group, LTD}",evidenceOfInsurance,Evidence of Insurance,workersCompensation,Workers' Compensation and Employer's Liability,evidenceOfInsuranceWorkersCompensationEmployersLiabilityDiseaseEachEmployee,Employer's Liability Disease - each employee,,matchOnce,must be greater or equal to,500000,500000,compliant,Block Requirements,,,false,1,,2026-08-16
"Block Real Estate Services, LLC",69fdf7b562446148bd85c455,69fded2062446148bd849141,Seen Merchandising LLC,69fdf1ee3b208288e0a8697e,"tic783 - Lamar Distribution Center #1 {Cal Vent Group, LTD}",evidenceOfInsurance,Evidence of Insurance,workersCompensation,Workers' Compensation and Employer's Liability,evidenceOfInsuranceWorkersCompensationEmployersLiabilityDiseasePolicyLimit,Employer's Liability Disease - policy limit,,matchOnce,must be greater or equal to,500000,500000,compliant,Block Requirements,,,false,1,,2026-08-16
"Block Real Estate Services, LLC",69fdf7b562446148bd85c455,69fded2062446148bd849141,Seen Merchandising LLC,69fdf1ee3b208288e0a8697e,"tic783 - Lamar Distribution Center #1 {Cal Vent Group, LTD}",evidenceOfInsurance,Evidence of Insurance,workersCompensation,Workers' Compensation and Employer's Liability,evidenceOfInsuranceWorkersCompensationWaiverOfSubrogationEndorsement,Waiver of Subrogation,"---prompt---
Determine if the insurer has waived their right of subrogation in favor of the certificate holder under the Workers' Compensation policy. Evidence may include: a checked ""Waiver of Subrogation"" box on the certificate, mention in the Description of Operations section stating ""waiver of subrogation applies"", or reference to form WC 00 03 13. Look for language like ""subrogation is waived"" or ""per written contract"".",matchOnce,must be present,,Present,compliant,Block Requirements,,,false,1,,2026-08-16
"Block Real Estate Services, LLC",69fdf7b562446148bd85c455,69fded2062446148bd849141,Seen Merchandising LLC,69fdf1ee3b208288e0a8697e,"tic783 - Lamar Distribution Center #1 {Cal Vent Group, LTD}",evidenceOfInsurance,Evidence of Insurance,6ac20aae-5728-5d57-b364-aeba38527dba,Additional Requirements,4da5b0f1-4c9d-5885-8cf8-5d3cccaed3e0,"Block Real Estate Services, LLC and all others required by contract are named as Additional Insureds","---prompt---
Determine if the Description of Operations or the Additional Remarks Schedule section states the ""Additional Insured as Construction Management, Inc. and all others required by contract"" or reference to blanket additional insured coverage. Look for language like ""certificate holder is additional insured"" or ""per written contract"".",matchOnce,must be present,,Present,compliant,Block Requirements,,,true,1,,2026-08-16
"Block Real Estate Services, LLC",69fdf7b562446148bd85c455,69fded2062446148bd849141,Seen Merchandising LLC,69fdf1ee3b208288e0a8697e,"tic783 - Lamar Distribution Center #1 {Cal Vent Group, LTD}",evidenceOfInsurance,Evidence of Insurance,6ac20aae-5728-5d57-b364-aeba38527dba,Additional Requirements,e1017741-e47e-5f58-97b8-fbc3043e919f,Umbrella follows form over General Liability,"---prompt---
Determine if the Umbrella/Excess Liability policy follows form to the underlying policies. Evidence may include: language in the Description of Operations section stating the umbrella follows form to underlying coverages or an additional page endorsement stating that it follows form. Follow form means the umbrella policy adopts the same terms, conditions, and exclusions as the underlying policies.",matchOnce,must be present,,,non_compliant,Block Requirements,,,true,0,,2026-08-16
"Block Real Estate Services, LLC",69fdf7b562446148bd85c455,69fded2062446148bd849141,Seen Merchandising LLC,69fdf1ee3b208288e0a8697e,"tic783 - Lamar Distribution Center #1 {Cal Vent Group, LTD}",evidenceOfInsurance,Evidence of Insurance,6ac20aae-5728-5d57-b364-aeba38527dba,Additional Requirements,2cdd866f-c9a4-576a-afd8-1d045762790c,The location must be listed as: 3056 S. 24th Street Kansas City KS 66106,,matchOnce,must be present,,Present,compliant,Block Requirements,,,true,1,,2026-08-16
"Block Real Estate Services, LLC",69fdf7b562446148bd85c455,69fded2062446148bd849141,Seen Merchandising LLC,69fdf1ee3b208288e0a8697e,"tic783 - Lamar Distribution Center #1 {Cal Vent Group, LTD}",evidenceOfInsurance,Evidence of Insurance,6ac20aae-5728-5d57-b364-aeba38527dba,Additional Requirements,3649e9d1-4e09-59bf-8f30-cb33c40cf117,"Certificate Holder must read: c/o Block Real Estate Services, LLC, 4622 Pennsylvania St., Suite 700, Kansas City, MO, 64112",,matchOnce,must be present,,Present,compliant,Block Requirements,,,true,1,,2026-08-16
"Block Real Estate Services, LLC",69fdf7b562446148bd85c457,69fded2362446148bd84926a,United Refrigeration Inc,69fdf1ee3b208288e0a8697e,"tic783 - Lamar Distribution Center #1 {Cal Vent Group, LTD}",evidenceOfInsurance,Evidence of Insurance,commercialGeneralLiability,Commercial General Liability,evidenceOfInsuranceCommercialGeneralLiabilityCoverageTriggerOccurrence,Coverage Trigger: Occurrence,,matchOnce,must be present,,Present,compliant,Block Requirements,,,false,1,,2026-08-16
"Block Real Estate Services, LLC",69fdf7b562446148bd85c457,69fded2362446148bd84926a,United Refrigeration Inc,69fdf1ee3b208288e0a8697e,"tic783 - Lamar Distribution Center #1 {Cal Vent Group, LTD}",evidenceOfInsurance,Evidence of Insurance,commercialGeneralLiability,Commercial General Liability,evidenceOfInsuranceCommercialGeneralLiabilityGeneralAggregateLimitAppliesPerLocation,General Aggregate Limit Applies per: Location,,matchOnce,must be present,,Present,compliant,Block Requirements,,,false,1,,2026-08-16
"Block Real Estate Services, LLC",69fdf7b562446148bd85c457,69fded2362446148bd84926a,United Refrigeration Inc,69fdf1ee3b208288e0a8697e,"tic783 - Lamar Distribution Center #1 {Cal Vent Group, LTD}",evidenceOfInsurance,Evidence of Insurance,commercialGeneralLiability,Commercial General Liability,evidenceOfInsuranceCommercialGeneralLiabilityEachOccurrence,Each Occurrence,,matchOnce,must be greater or equal to,1000000,2000000,compliant,Block Requirements,,,false,1,,2026-08-16
"Block Real Estate Services, LLC",69fdf7b562446148bd85c457,69fded2362446148bd84926a,United Refrigeration Inc,69fdf1ee3b208288e0a8697e,"tic783 - Lamar Distribution Center #1 {Cal Vent Group, LTD}",evidenceOfInsurance,Evidence of Insurance,commercialGeneralLiability,Commercial General Liability,evidenceOfInsuranceCommercialGeneralLiabilityGeneralAggregate,General Aggregate,,matchOnce,must be greater or equal to,2000000,4000000,compliant,Block Requirements,,,false,1,,2026-08-16
"Block Real Estate Services, LLC",69fdf7b562446148bd85c457,69fded2362446148bd84926a,United Refrigeration Inc,69fdf1ee3b208288e0a8697e,"tic783 - Lamar Distribution Center #1 {Cal Vent Group, LTD}",evidenceOfInsurance,Evidence of Insurance,commercialGeneralLiability,Commercial General Liability,evidenceOfInsuranceCommercialGeneralLiabilityWaiverOfSubrogationEndorsement,Waiver of Subrogation,"---prompt---
Determine if the insurer has waived their right of subrogation in favor of the certificate holder under the Commercial General Liability policy. Evidence may include: a checked ""Waiver of Subrogation"" box on the certificate, mention in the Description of Operations section stating ""waiver of subrogation applies"", or reference to form CG 24 04. Look for language like ""subrogation is waived"" or ""per written contract"".",matchOnce,must be present,,Present,compliant,Block Requirements,,,false,1,,2026-08-16
"Block Real Estate Services, LLC",69fdf7b562446148bd85c457,69fded2362446148bd84926a,United Refrigeration Inc,69fdf1ee3b208288e0a8697e,"tic783 - Lamar Distribution Center #1 {Cal Vent Group, LTD}",evidenceOfInsurance,Evidence of Insurance,excessOrUmbrellaLiability,Umbrella/Excess Liability,evidenceOfInsuranceExcessOrUmbrellaLiabilityOccurence,Coverage Trigger: Occurrence,,matchOnce,must be present,,Present,compliant,Block Requirements,,,false,1,,2026-08-16
"Block Real Estate Services, LLC",69fdf7b562446148bd85c457,69fded2362446148bd84926a,United Refrigeration Inc,69fdf1ee3b208288e0a8697e,"tic783 - Lamar Distribution Center #1 {Cal Vent Group, LTD}",evidenceOfInsurance,Evidence of Insurance,excessOrUmbrellaLiability,Umbrella/Excess Liability,evidenceOfInsuranceExcessOrUmbrellaLiabilityEachOccurrence,Each Occurrence,,matchOnce,must be greater or equal to,1000000,4000000,compliant,Block Requirements,,,false,1,,2026-08-16
"Block Real Estate Services, LLC",69fdf7b562446148bd85c457,69fded2362446148bd84926a,United Refrigeration Inc,69fdf1ee3b208288e0a8697e,"tic783 - Lamar Distribution Center #1 {Cal Vent Group, LTD}",evidenceOfInsurance,Evidence of Insurance,excessOrUmbrellaLiability,Umbrella/Excess Liability,evidenceOfInsuranceExcessOrUmbrellaLiabilityAggregate,Aggregate,,matchOnce,must be greater or equal to,1000000,4000000,compliant,Block Requirements,,,false,1,,2026-08-16
"Block Real Estate Services, LLC",69fdf7b562446148bd85c457,69fded2362446148bd84926a,United Refrigeration Inc,69fdf1ee3b208288e0a8697e,"tic783 - Lamar Distribution Center #1 {Cal Vent Group, LTD}",evidenceOfInsurance,Evidence of Insurance,workersCompensation,Workers' Compensation and Employer's Liability,evidenceOfInsuranceWorkersCompensationStatutoryLimits,Statutory Limits,,matchOnce,must be present,,Present,compliant,Block Requirements,,,false,2,,2026-08-16
"Block Real Estate Services, LLC",69fdf7b562446148bd85c457,69fded2362446148bd84926a,United Refrigeration Inc,69fdf1ee3b208288e0a8697e,"tic783 - Lamar Distribution Center #1 {Cal Vent Group, LTD}",evidenceOfInsurance,Evidence of Insurance,workersCompensation,Workers' Compensation and Employer's Liability,evidenceOfInsuranceWorkersCompensationEmployersLiabilityEachAccident,Employer's Liability Each Accident,,matchOnce,must be greater or equal to,500000,1000000,compliant,Block Requirements,,,false,2,,2026-08-16
"Block Real Estate Services, LLC",69fdf7b562446148bd85c457,69fded2362446148bd84926a,United Refrigeration Inc,69fdf1ee3b208288e0a8697e,"tic783 - Lamar Distribution Center #1 {Cal Vent Group, LTD}",evidenceOfInsurance,Evidence of Insurance,workersCompensation,Workers' Compensation and Employer's Liability,evidenceOfInsuranceWorkersCompensationEmployersLiabilityDiseaseEachEmployee,Employer's Liability Disease - each employee,,matchOnce,must be greater or equal to,500000,1000000,compliant,Block Requirements,,,false,2,,2026-08-16
"Block Real Estate Services, LLC",69fdf7b562446148bd85c457,69fded2362446148bd84926a,United Refrigeration Inc,69fdf1ee3b208288e0a8697e,"tic783 - Lamar Distribution Center #1 {Cal Vent Group, LTD}",evidenceOfInsurance,Evidence of Insurance,workersCompensation,Workers' Compensation and Employer's Liability,evidenceOfInsuranceWorkersCompensationEmployersLiabilityDiseasePolicyLimit,Employer's Liability Disease - policy limit,,matchOnce,must be greater or equal to,500000,1000000,compliant,Block Requirements,,,false,2,,2026-08-16
"Block Real Estate Services, LLC",69fdf7b562446148bd85c457,69fded2362446148bd84926a,United Refrigeration Inc,69fdf1ee3b208288e0a8697e,"tic783 - Lamar Distribution Center #1 {Cal Vent Group, LTD}",evidenceOfInsurance,Evidence of Insurance,workersCompensation,Workers' Compensation and Employer's Liability,evidenceOfInsuranceWorkersCompensationWaiverOfSubrogationEndorsement,Waiver of Subrogation,"---prompt---
Determine if the insurer has waived their right of subrogation in favor of the certificate holder under the Workers' Compensation policy. Evidence may include: a checked ""Waiver of Subrogation"" box on the certificate, mention in the Description of Operations section stating ""waiver of subrogation applies"", or reference to form WC 00 03 13. Look for language like ""subrogation is waived"" or ""per written contract"".",matchOnce,must be present,,Present,compliant,Block Requirements,,,false,1,,2026-08-16
"Block Real Estate Services, LLC",69fdf7b562446148bd85c457,69fded2362446148bd84926a,United Refrigeration Inc,69fdf1ee3b208288e0a8697e,"tic783 - Lamar Distribution Center #1 {Cal Vent Group, LTD}",evidenceOfInsurance,Evidence of Insurance,6ac20aae-5728-5d57-b364-aeba38527dba,Additional Requirements,4da5b0f1-4c9d-5885-8cf8-5d3cccaed3e0,"Block Real Estate Services, LLC and all others required by contract are named as Additional Insureds","---prompt---
Determine if the Description of Operations or the Additional Remarks Schedule section states the ""Additional Insured as Construction Management, Inc. and all others required by contract"" or reference to blanket additional insured coverage. Look for language like ""certificate holder is additional insured"" or ""per written contract"".",matchOnce,must be present,,,non_compliant,Block Requirements,,,true,0,,2026-08-16
"Block Real Estate Services, LLC",69fdf7b562446148bd85c457,69fded2362446148bd84926a,United Refrigeration Inc,69fdf1ee3b208288e0a8697e,"tic783 - Lamar Distribution Center #1 {Cal Vent Group, LTD}",evidenceOfInsurance,Evidence of Insurance,6ac20aae-5728-5d57-b364-aeba38527dba,Additional Requirements,e1017741-e47e-5f58-97b8-fbc3043e919f,Umbrella follows form over General Liability,"---prompt---
Determine if the Umbrella/Excess Liability policy follows form to the underlying policies. Evidence may include: language in the Description of Operations section stating the umbrella follows form to underlying coverages or an additional page endorsement stating that it follows form. Follow form means the umbrella policy adopts the same terms, conditions, and exclusions as the underlying policies.",matchOnce,must be present,,,non_compliant,Block Requirements,,,true,0,,2026-08-16
"Block Real Estate Services, LLC",69fdf7b562446148bd85c457,69fded2362446148bd84926a,United Refrigeration Inc,69fdf1ee3b208288e0a8697e,"tic783 - Lamar Distribution Center #1 {Cal Vent Group, LTD}",evidenceOfInsurance,Evidence of Insurance,6ac20aae-5728-5d57-b364-aeba38527dba,Additional Requirements,2cdd866f-c9a4-576a-afd8-1d045762790c,The location must be listed as: 3130 S. 24th Street Kansas City KS 66106,,matchOnce,must be present,,,non_compliant,Block Requirements,,,true,0,,2026-08-16
"Block Real Estate Services, LLC",69fdf7b562446148bd85c457,69fded2362446148bd84926a,United Refrigeration Inc,69fdf1ee3b208288e0a8697e,"tic783 - Lamar Distribution Center #1 {Cal Vent Group, LTD}",evidenceOfInsurance,Evidence of Insurance,6ac20aae-5728-5d57-b364-aeba38527dba,Additional Requirements,3649e9d1-4e09-59bf-8f30-cb33c40cf117,"Certificate Holder must read: c/o Block Real Estate Services, LLC, 4622 Pennsylvania St., Suite 700, Kansas City, MO, 64112",,matchOnce,must be present,,,non_compliant,Block Requirements,,,true,0,,2026-08-16
"Block Real Estate Services, LLC",69fdf7b562446148bd85c454,69fded1262446148bd848d0f,"Diamond Towel and Supply Company, LLC",69fdf1ee3b208288e0a8697e,"tic783 - Lamar Distribution Center #1 {Cal Vent Group, LTD}",evidenceOfInsurance,Evidence of Insurance,commercialGeneralLiability,Commercial General Liability,evidenceOfInsuranceCommercialGeneralLiabilityCoverageTriggerOccurrence,Coverage Trigger: Occurrence,,matchOnce,must be present,,,non_compliant,Block Requirements,,,false,0,,2026-08-16
"Block Real Estate Services, LLC",69fdf7b562446148bd85c454,69fded1262446148bd848d0f,"Diamond Towel and Supply Company, LLC",69fdf1ee3b208288e0a8697e,"tic783 - Lamar Distribution Center #1 {Cal Vent Group, LTD}",evidenceOfInsurance,Evidence of Insurance,commercialGeneralLiability,Commercial General Liability,evidenceOfInsuranceCommercialGeneralLiabilityGeneralAggregateLimitAppliesPerLocation,General Aggregate Limit Applies per: Location,,matchOnce,must be present,,,non_compliant,Block Requirements,,,false,0,,2026-08-16
"Block Real Estate Services, LLC",69fdf7b562446148bd85c454,69fded1262446148bd848d0f,"Diamond Towel and Supply Company, LLC",69fdf1ee3b208288e0a8697e,"tic783 - Lamar Distribution Center #1 {Cal Vent Group, LTD}",evidenceOfInsurance,Evidence of Insurance,commercialGeneralLiability,Commercial General Liability,evidenceOfInsuranceCommercialGeneralLiabilityEachOccurrence,Each Occurrence,,matchOnce,must be greater or equal to,1000000,,non_compliant,Block Requirements,,,false,0,,2026-08-16
"Block Real Estate Services, LLC",69fdf7b562446148bd85c454,69fded1262446148bd848d0f,"Diamond Towel and Supply Company, LLC",69fdf1ee3b208288e0a8697e,"tic783 - Lamar Distribution Center #1 {Cal Vent Group, LTD}",evidenceOfInsurance,Evidence of Insurance,commercialGeneralLiability,Commercial General Liability,evidenceOfInsuranceCommercialGeneralLiabilityGeneralAggregate,General Aggregate,,matchOnce,must be greater or equal to,2000000,,non_compliant,Block Requirements,,,false,0,,2026-08-16
"Block Real Estate Services, LLC",69fdf7b562446148bd85c454,69fded1262446148bd848d0f,"Diamond Towel and Supply Company, LLC",69fdf1ee3b208288e0a8697e,"tic783 - Lamar Distribution Center #1 {Cal Vent Group, LTD}",evidenceOfInsurance,Evidence of Insurance,commercialGeneralLiability,Commercial General Liability,evidenceOfInsuranceCommercialGeneralLiabilityWaiverOfSubrogationEndorsement,Waiver of Subrogation,"---prompt---
Determine if the insurer has waived their right of subrogation in favor of the certificate holder under the Commercial General Liability policy. Evidence may include: a checked ""Waiver of Subrogation"" box on the certificate, mention in the Description of Operations section stating ""waiver of subrogation applies"", or reference to form CG 24 04. Look for language like ""subrogation is waived"" or ""per written contract"".",matchOnce,must be present,,,non_compliant,Block Requirements,,,false,0,,2026-08-16
"Block Real Estate Services, LLC",69fdf7b562446148bd85c454,69fded1262446148bd848d0f,"Diamond Towel and Supply Company, LLC",69fdf1ee3b208288e0a8697e,"tic783 - Lamar Distribution Center #1 {Cal Vent Group, LTD}",evidenceOfInsurance,Evidence of Insurance,excessOrUmbrellaLiability,Umbrella/Excess Liability,evidenceOfInsuranceExcessOrUmbrellaLiabilityOccurence,Coverage Trigger: Occurrence,,matchOnce,must be present,,,non_compliant,Block Requirements,,,false,0,,2026-08-16
"Block Real Estate Services, LLC",69fdf7b562446148bd85c454,69fded1262446148bd848d0f,"Diamond Towel and Supply Company, LLC",69fdf1ee3b208288e0a8697e,"tic783 - Lamar Distribution Center #1 {Cal Vent Group, LTD}",evidenceOfInsurance,Evidence of Insurance,excessOrUmbrellaLiability,Umbrella/Excess Liability,evidenceOfInsuranceExcessOrUmbrellaLiabilityEachOccurrence,Each Occurrence,,matchOnce,must be greater or equal to,1000000,,non_compliant,Block Requirements,,,false,0,,2026-08-16
"Block Real Estate Services, LLC",69fdf7b562446148bd85c454,69fded1262446148bd848d0f,"Diamond Towel and Supply Company, LLC",69fdf1ee3b208288e0a8697e,"tic783 - Lamar Distribution Center #1 {Cal Vent Group, LTD}",evidenceOfInsurance,Evidence of Insurance,excessOrUmbrellaLiability,Umbrella/Excess Liability,evidenceOfInsuranceExcessOrUmbrellaLiabilityAggregate,Aggregate,,matchOnce,must be greater or equal to,1000000,,non_compliant,Block Requirements,,,false,0,,2026-08-16
"Block Real Estate Services, LLC",69fdf7b562446148bd85c454,69fded1262446148bd848d0f,"Diamond Towel and Supply Company, LLC",69fdf1ee3b208288e0a8697e,"tic783 - Lamar Distribution Center #1 {Cal Vent Group, LTD}",evidenceOfInsurance,Evidence of Insurance,workersCompensation,Workers' Compensation and Employer's Liability,evidenceOfInsuranceWorkersCompensationStatutoryLimits,Statutory Limits,,matchOnce,must be present,,,non_compliant,Block Requirements,,,false,0,,2026-08-16
"Block Real Estate Services, LLC",69fdf7b562446148bd85c454,69fded1262446148bd848d0f,"Diamond Towel and Supply Company, LLC",69fdf1ee3b208288e0a8697e,"tic783 - Lamar Distribution Center #1 {Cal Vent Group, LTD}",evidenceOfInsurance,Evidence of Insurance,workersCompensation,Workers' Compensation and Employer's Liability,evidenceOfInsuranceWorkersCompensationEmployersLiabilityEachAccident,Employer's Liability Each Accident,,matchOnce,must be greater or equal to,500000,,non_compliant,Block Requirements,,,false,0,,2026-08-16
"Block Real Estate Services, LLC",69fdf7b562446148bd85c454,69fded1262446148bd848d0f,"Diamond Towel and Supply Company, LLC",69fdf1ee3b208288e0a8697e,"tic783 - Lamar Distribution Center #1 {Cal Vent Group, LTD}",evidenceOfInsurance,Evidence of Insurance,workersCompensation,Workers' Compensation and Employer's Liability,evidenceOfInsuranceWorkersCompensationEmployersLiabilityDiseaseEachEmployee,Employer's Liability Disease - each employee,,matchOnce,must be greater or equal to,500000,,non_compliant,Block Requirements,,,false,0,,2026-08-16
"Block Real Estate Services, LLC",69fdf7b562446148bd85c454,69fded1262446148bd848d0f,"Diamond Towel and Supply Company, LLC",69fdf1ee3b208288e0a8697e,"tic783 - Lamar Distribution Center #1 {Cal Vent Group, LTD}",evidenceOfInsurance,Evidence of Insurance,workersCompensation,Workers' Compensation and Employer's Liability,evidenceOfInsuranceWorkersCompensationEmployersLiabilityDiseasePolicyLimit,Employer's Liability Disease - policy limit,,matchOnce,must be greater or equal to,500000,,non_compliant,Block Requirements,,,false,0,,2026-08-16
"Block Real Estate Services, LLC",69fdf7b562446148bd85c454,69fded1262446148bd848d0f,"Diamond Towel and Supply Company, LLC",69fdf1ee3b208288e0a8697e,"tic783 - Lamar Distribution Center #1 {Cal Vent Group, LTD}",evidenceOfInsurance,Evidence of Insurance,workersCompensation,Workers' Compensation and Employer's Liability,evidenceOfInsuranceWorkersCompensationWaiverOfSubrogationEndorsement,Waiver of Subrogation,"---prompt---
Determine if the insurer has waived their right of subrogation in favor of the certificate holder under the Workers' Compensation policy. Evidence may include: a checked ""Waiver of Subrogation"" box on the certificate, mention in the Description of Operations section stating ""waiver of subrogation applies"", or reference to form WC 00 03 13. Look for language like ""subrogation is waived"" or ""per written contract"".",matchOnce,must be present,,,non_compliant,Block Requirements,,,false,0,,2026-08-16
"Block Real Estate Services, LLC",69fdf7b562446148bd85c454,69fded1262446148bd848d0f,"Diamond Towel and Supply Company, LLC",69fdf1ee3b208288e0a8697e,"tic783 - Lamar Distribution Center #1 {Cal Vent Group, LTD}",evidenceOfInsurance,Evidence of Insurance,6ac20aae-5728-5d57-b364-aeba38527dba,Additional Requirements,4da5b0f1-4c9d-5885-8cf8-5d3cccaed3e0,"Block Real Estate Services, LLC and all others required by contract are named as Additional Insureds","---prompt---
Determine if the Description of Operations or the Additional Remarks Schedule section states the ""Additional Insured as Construction Management, Inc. and all others required by contract"" or reference to blanket additional insured coverage. Look for language like ""certificate holder is additional insured"" or ""per written contract"".",matchOnce,must be present,,,non_compliant,Block Requirements,,,true,0,,2026-08-16
"Block Real Estate Services, LLC",69fdf7b562446148bd85c454,69fded1262446148bd848d0f,"Diamond Towel and Supply Company, LLC",69fdf1ee3b208288e0a8697e,"tic783 - Lamar Distribution Center #1 {Cal Vent Group, LTD}",evidenceOfInsurance,Evidence of Insurance,6ac20aae-5728-5d57-b364-aeba38527dba,Additional Requirements,e1017741-e47e-5f58-97b8-fbc3043e919f,Umbrella follows form over General Liability,"---prompt---
Determine if the Umbrella/Excess Liability policy follows form to the underlying policies. Evidence may include: language in the Description of Operations section stating the umbrella follows form to underlying coverages or an additional page endorsement stating that it follows form. Follow form means the umbrella policy adopts the same terms, conditions, and exclusions as the underlying policies.",matchOnce,must be present,,,non_compliant,Block Requirements,,,true,0,,2026-08-16
"Block Real Estate Services, LLC",69fdf7b562446148bd85c454,69fded1262446148bd848d0f,"Diamond Towel and Supply Company, LLC",69fdf1ee3b208288e0a8697e,"tic783 - Lamar Distribution Center #1 {Cal Vent Group, LTD}",evidenceOfInsurance,Evidence of Insurance,6ac20aae-5728-5d57-b364-aeba38527dba,Additional Requirements,2cdd866f-c9a4-576a-afd8-1d045762790c,The location must be listed as: 3146 S. 24th Street Kansas City KS 66106,,matchOnce,must be present,,,non_compliant,Block Requirements,,,true,0,,2026-08-16
"Block Real Estate Services, LLC",69fdf7b562446148bd85c454,69fded1262446148bd848d0f,"Diamond Towel and Supply Company, LLC",69fdf1ee3b208288e0a8697e,"tic783 - Lamar Distribution Center #1 {Cal Vent Group, LTD}",evidenceOfInsurance,Evidence of Insurance,6ac20aae-5728-5d57-b364-aeba38527dba,Additional Requirements,3649e9d1-4e09-59bf-8f30-cb33c40cf117,"Certificate Holder must read: c/o Block Real Estate Services, LLC, 4622 Pennsylvania St., Suite 700, Kansas City, MO, 64112",,matchOnce,must be present,,,non_compliant,Block Requirements,,,true,0,,2026-08-16
"Block Real Estate Services, LLC",69fdf7b562446148bd85c458,69fded2462446148bd84929a,"VRC Companies, LLC (fka T2 Holdings, LLC/Redishred Kansas, Inc. dba Proshred Security)",69fdf1ee3b208288e0a8697e,"tic783 - Lamar Distribution Center #1 {Cal Vent Group, LTD}",evidenceOfInsurance,Evidence of Insurance,commercialGeneralLiability,Commercial General Liability,evidenceOfInsuranceCommercialGeneralLiabilityCoverageTriggerOccurrence,Coverage Trigger: Occurrence,,matchOnce,must be present,,Present,compliant,Block Requirements,,,false,1,,2026-08-16
"Block Real Estate Services, LLC",69fdf7b562446148bd85c458,69fded2462446148bd84929a,"VRC Companies, LLC (fka T2 Holdings, LLC/Redishred Kansas, Inc. dba Proshred Security)",69fdf1ee3b208288e0a8697e,"tic783 - Lamar Distribution Center #1 {Cal Vent Group, LTD}",evidenceOfInsurance,Evidence of Insurance,commercialGeneralLiability,Commercial General Liability,evidenceOfInsuranceCommercialGeneralLiabilityGeneralAggregateLimitAppliesPerLocation,General Aggregate Limit Applies per: Location,,matchOnce,must be present,,Present,compliant,Block Requirements,,,false,1,,2026-08-16
"Block Real Estate Services, LLC",69fdf7b562446148bd85c458,69fded2462446148bd84929a,"VRC Companies, LLC (fka T2 Holdings, LLC/Redishred Kansas, Inc. dba Proshred Security)",69fdf1ee3b208288e0a8697e,"tic783 - Lamar Distribution Center #1 {Cal Vent Group, LTD}",evidenceOfInsurance,Evidence of Insurance,commercialGeneralLiability,Commercial General Liability,evidenceOfInsuranceCommercialGeneralLiabilityEachOccurrence,Each Occurrence,,matchOnce,must be greater or equal to,1000000,1000000,compliant,Block Requirements,,,false,1,,2026-08-16
"Block Real Estate Services, LLC",69fdf7b562446148bd85c458,69fded2462446148bd84929a,"VRC Companies, LLC (fka T2 Holdings, LLC/Redishred Kansas, Inc. dba Proshred Security)",69fdf1ee3b208288e0a8697e,"tic783 - Lamar Distribution Center #1 {Cal Vent Group, LTD}",evidenceOfInsurance,Evidence of Insurance,commercialGeneralLiability,Commercial General Liability,evidenceOfInsuranceCommercialGeneralLiabilityGeneralAggregate,General Aggregate,,matchOnce,must be greater or equal to,2000000,2000000,compliant,Block Requirements,,,false,1,,2026-08-16
"Block Real Estate Services, LLC",69fdf7b562446148bd85c458,69fded2462446148bd84929a,"VRC Companies, LLC (fka T2 Holdings, LLC/Redishred Kansas, Inc. dba Proshred Security)",69fdf1ee3b208288e0a8697e,"tic783 - Lamar Distribution Center #1 {Cal Vent Group, LTD}",evidenceOfInsurance,Evidence of Insurance,commercialGeneralLiability,Commercial General Liability,evidenceOfInsuranceCommercialGeneralLiabilityWaiverOfSubrogationEndorsement,Waiver of Subrogation,"---prompt---
Determine if the insurer has waived their right of subrogation in favor of the certificate holder under the Commercial General Liability policy. Evidence may include: a checked ""Waiver of Subrogation"" box on the certificate, mention in the Description of Operations section stating ""waiver of subrogation applies"", or reference to form CG 24 04. Look for language like ""subrogation is waived"" or ""per written contract"".",matchOnce,must be present,,Present,compliant,Block Requirements,,,false,1,,2026-08-16
"Block Real Estate Services, LLC",69fdf7b562446148bd85c458,69fded2462446148bd84929a,"VRC Companies, LLC (fka T2 Holdings, LLC/Redishred Kansas, Inc. dba Proshred Security)",69fdf1ee3b208288e0a8697e,"tic783 - Lamar Distribution Center #1 {Cal Vent Group, LTD}",evidenceOfInsurance,Evidence of Insurance,excessOrUmbrellaLiability,Umbrella/Excess Liability,evidenceOfInsuranceExcessOrUmbrellaLiabilityOccurence,Coverage Trigger: Occurrence,,matchOnce,must be present,,Present,compliant,Block Requirements,,,false,1,,2026-08-16
"Block Real Estate Services, LLC",69fdf7b562446148bd85c458,69fded2462446148bd84929a,"VRC Companies, LLC (fka T2 Holdings, LLC/Redishred Kansas, Inc. dba Proshred Security)",69fdf1ee3b208288e0a8697e,"tic783 - Lamar Distribution Center #1 {Cal Vent Group, LTD}",evidenceOfInsurance,Evidence of Insurance,excessOrUmbrellaLiability,Umbrella/Excess Liability,evidenceOfInsuranceExcessOrUmbrellaLiabilityEachOccurrence,Each Occurrence,,matchOnce,must be greater or equal to,1000000,5000000,compliant,Block Requirements,,,false,1,,2026-08-16
"Block Real Estate Services, LLC",69fdf7b562446148bd85c458,69fded2462446148bd84929a,"VRC Companies, LLC (fka T2 Holdings, LLC/Redishred Kansas, Inc. dba Proshred Security)",69fdf1ee3b208288e0a8697e,"tic783 - Lamar Distribution Center #1 {Cal Vent Group, LTD}",evidenceOfInsurance,Evidence of Insurance,excessOrUmbrellaLiability,Umbrella/Excess Liability,evidenceOfInsuranceExcessOrUmbrellaLiabilityAggregate,Aggregate,,matchOnce,must be greater or equal to,1000000,5000000,compliant,Block Requirements,,,false,1,,2026-08-16
"Block Real Estate Services, LLC",69fdf7b562446148bd85c458,69fded2462446148bd84929a,"VRC Companies, LLC (fka T2 Holdings, LLC/Redishred Kansas, Inc. dba Proshred Security)",69fdf1ee3b208288e0a8697e,"tic783 - Lamar Distribution Center #1 {Cal Vent Group, LTD}",evidenceOfInsurance,Evidence of Insurance,workersCompensation,Workers' Compensation and Employer's Liability,evidenceOfInsuranceWorkersCompensationStatutoryLimits,Statutory Limits,,matchOnce,must be present,,Present,compliant,Block Requirements,,,false,1,,2026-08-16
"Block Real Estate Services, LLC",69fdf7b562446148bd85c458,69fded2462446148bd84929a,"VRC Companies, LLC (fka T2 Holdings, LLC/Redishred Kansas, Inc. dba Proshred Security)",69fdf1ee3b208288e0a8697e,"tic783 - Lamar Distribution Center #1 {Cal Vent Group, LTD}",evidenceOfInsurance,Evidence of Insurance,workersCompensation,Workers' Compensation and Employer's Liability,evidenceOfInsuranceWorkersCompensationEmployersLiabilityEachAccident,Employer's Liability Each Accident,,matchOnce,must be greater or equal to,500000,1000000,compliant,Block Requirements,,,false,1,,2026-08-16
"Block Real Estate Services, LLC",69fdf7b562446148bd85c458,69fded2462446148bd84929a,"VRC Companies, LLC (fka T2 Holdings, LLC/Redishred Kansas, Inc. dba Proshred Security)",69fdf1ee3b208288e0a8697e,"tic783 - Lamar Distribution Center #1 {Cal Vent Group, LTD}",evidenceOfInsurance,Evidence of Insurance,workersCompensation,Workers' Compensation and Employer's Liability,evidenceOfInsuranceWorkersCompensationEmployersLiabilityDiseaseEachEmployee,Employer's Liability Disease - each employee,,matchOnce,must be greater or equal to,500000,1000000,compliant,Block Requirements,,,false,1,,2026-08-16
"Block Real Estate Services, LLC",69fdf7b562446148bd85c458,69fded2462446148bd84929a,"VRC Companies, LLC (fka T2 Holdings, LLC/Redishred Kansas, Inc. dba Proshred Security)",69fdf1ee3b208288e0a8697e,"tic783 - Lamar Distribution Center #1 {Cal Vent Group, LTD}",evidenceOfInsurance,Evidence of Insurance,workersCompensation,Workers' Compensation and Employer's Liability,evidenceOfInsuranceWorkersCompensationEmployersLiabilityDiseasePolicyLimit,Employer's Liability Disease - policy limit,,matchOnce,must be greater or equal to,500000,1000000,compliant,Block Requirements,,,false,1,,2026-08-16
"Block Real Estate Services, LLC",69fdf7b562446148bd85c458,69fded2462446148bd84929a,"VRC Companies, LLC (fka T2 Holdings, LLC/Redishred Kansas, Inc. dba Proshred Security)",69fdf1ee3b208288e0a8697e,"tic783 - Lamar Distribution Center #1 {Cal Vent Group, LTD}",evidenceOfInsurance,Evidence of Insurance,workersCompensation,Workers' Compensation and Employer's Liability,evidenceOfInsuranceWorkersCompensationWaiverOfSubrogationEndorsement,Waiver of Subrogation,"---prompt---
Determine if the insurer has waived their right of subrogation in favor of the certificate holder under the Workers' Compensation policy. Evidence may include: a checked ""Waiver of Subrogation"" box on the certificate, mention in the Description of Operations section stating ""waiver of subrogation applies"", or reference to form WC 00 03 13. Look for language like ""subrogation is waived"" or ""per written contract"".",matchOnce,must be present,,Present,compliant,Block Requirements,,,false,1,,2026-08-16
"Block Real Estate Services, LLC",69fdf7b562446148bd85c458,69fded2462446148bd84929a,"VRC Companies, LLC (fka T2 Holdings, LLC/Redishred Kansas, Inc. dba Proshred Security)",69fdf1ee3b208288e0a8697e,"tic783 - Lamar Distribution Center #1 {Cal Vent Group, LTD}",evidenceOfInsurance,Evidence of Insurance,6ac20aae-5728-5d57-b364-aeba38527dba,Additional Requirements,4da5b0f1-4c9d-5885-8cf8-5d3cccaed3e0,"Block Real Estate Services, LLC and all others required by contract are named as Additional Insureds","---prompt---
Determine if the Description of Operations or the Additional Remarks Schedule section states the ""Additional Insured as Construction Management, Inc. and all others required by contract"" or reference to blanket additional insured coverage. Look for language like ""certificate holder is additional insured"" or ""per written contract"".",matchOnce,must be present,,Present,compliant,Block Requirements,,,true,1,,2026-08-16
"Block Real Estate Services, LLC",69fdf7b562446148bd85c458,69fded2462446148bd84929a,"VRC Companies, LLC (fka T2 Holdings, LLC/Redishred Kansas, Inc. dba Proshred Security)",69fdf1ee3b208288e0a8697e,"tic783 - Lamar Distribution Center #1 {Cal Vent Group, LTD}",evidenceOfInsurance,Evidence of Insurance,6ac20aae-5728-5d57-b364-aeba38527dba,Additional Requirements,e1017741-e47e-5f58-97b8-fbc3043e919f,Umbrella follows form over General Liability,"---prompt---
Determine if the Umbrella/Excess Liability policy follows form to the underlying policies. Evidence may include: language in the Description of Operations section stating the umbrella follows form to underlying coverages or an additional page endorsement stating that it follows form. Follow form means the umbrella policy adopts the same terms, conditions, and exclusions as the underlying policies.",matchOnce,must be present,,Present,compliant,Block Requirements,,,true,1,,2026-08-16
"Block Real Estate Services, LLC",69fdf7b562446148bd85c458,69fded2462446148bd84929a,"VRC Companies, LLC (fka T2 Holdings, LLC/Redishred Kansas, Inc. dba Proshred Security)",69fdf1ee3b208288e0a8697e,"tic783 - Lamar Distribution Center #1 {Cal Vent Group, LTD}",evidenceOfInsurance,Evidence of Insurance,6ac20aae-5728-5d57-b364-aeba38527dba,Additional Requirements,2cdd866f-c9a4-576a-afd8-1d045762790c,"The location must be listed as: 3052, 3054 S. 24th Street Kansas City KS 66106",,matchOnce,must be present,,Present,compliant,Block Requirements,,,true,1,,2026-08-16
"Block Real Estate Services, LLC",69fdf7b562446148bd85c458,69fded2462446148bd84929a,"VRC Companies, LLC (fka T2 Holdings, LLC/Redishred Kansas, Inc. dba Proshred Security)",69fdf1ee3b208288e0a8697e,"tic783 - Lamar Distribution Center #1 {Cal Vent Group, LTD}",evidenceOfInsurance,Evidence of Insurance,6ac20aae-5728-5d57-b364-aeba38527dba,Additional Requirements,3649e9d1-4e09-59bf-8f30-cb33c40cf117,"Certificate Holder must read: c/o Block Real Estate Services, LLC, 4622 Pennsylvania St., Suite 700, Kansas City, MO, 64112",,matchOnce,must be present,,Present,compliant,Block Requirements,,<p>Please update Certificate Holder address for compliance</p>,true,1,,2026-08-16
"Block Real Estate Services, LLC",69fdf7b562446148bd85c456,69fded2262446148bd8491e6,Telamon Technologies Corporation,69fdf1ee3b208288e0a8697e,"tic783 - Lamar Distribution Center #1 {Cal Vent Group, LTD}",evidenceOfInsurance,Evidence of Insurance,commercialGeneralLiability,Commercial General Liability,evidenceOfInsuranceCommercialGeneralLiabilityCoverageTriggerOccurrence,Coverage Trigger: Occurrence,,matchOnce,must be present,,Present,compliant,Block Requirements,,,false,1,,2026-08-16
"Block Real Estate Services, LLC",69fdf7b562446148bd85c456,69fded2262446148bd8491e6,Telamon Technologies Corporation,69fdf1ee3b208288e0a8697e,"tic783 - Lamar Distribution Center #1 {Cal Vent Group, LTD}",evidenceOfInsurance,Evidence of Insurance,commercialGeneralLiability,Commercial General Liability,evidenceOfInsuranceCommercialGeneralLiabilityGeneralAggregateLimitAppliesPerLocation,General Aggregate Limit Applies per: Location,,matchOnce,must be present,,,non_compliant,Block Requirements,,,false,0,,2026-08-16
"Block Real Estate Services, LLC",69fdf7b562446148bd85c456,69fded2262446148bd8491e6,Telamon Technologies Corporation,69fdf1ee3b208288e0a8697e,"tic783 - Lamar Distribution Center #1 {Cal Vent Group, LTD}",evidenceOfInsurance,Evidence of Insurance,commercialGeneralLiability,Commercial General Liability,evidenceOfInsuranceCommercialGeneralLiabilityEachOccurrence,Each Occurrence,,matchOnce,must be greater or equal to,1000000,1000000,compliant,Block Requirements,,,false,1,,2026-08-16
"Block Real Estate Services, LLC",69fdf7b562446148bd85c456,69fded2262446148bd8491e6,Telamon Technologies Corporation,69fdf1ee3b208288e0a8697e,"tic783 - Lamar Distribution Center #1 {Cal Vent Group, LTD}",evidenceOfInsurance,Evidence of Insurance,commercialGeneralLiability,Commercial General Liability,evidenceOfInsuranceCommercialGeneralLiabilityGeneralAggregate,General Aggregate,,matchOnce,must be greater or equal to,2000000,2000000,compliant,Block Requirements,,,false,1,,2026-08-16
"Block Real Estate Services, LLC",69fdf7b562446148bd85c456,69fded2262446148bd8491e6,Telamon Technologies Corporation,69fdf1ee3b208288e0a8697e,"tic783 - Lamar Distribution Center #1 {Cal Vent Group, LTD}",evidenceOfInsurance,Evidence of Insurance,commercialGeneralLiability,Commercial General Liability,evidenceOfInsuranceCommercialGeneralLiabilityWaiverOfSubrogationEndorsement,Waiver of Subrogation,"---prompt---
Determine if the insurer has waived their right of subrogation in favor of the certificate holder under the Commercial General Liability policy. Evidence may include: a checked ""Waiver of Subrogation"" box on the certificate, mention in the Description of Operations section stating ""waiver of subrogation applies"", or reference to form CG 24 04. Look for language like ""subrogation is waived"" or ""per written contract"".",matchOnce,must be present,,,non_compliant,Block Requirements,,,false,0,,2026-08-16
"Block Real Estate Services, LLC",69fdf7b562446148bd85c456,69fded2262446148bd8491e6,Telamon Technologies Corporation,69fdf1ee3b208288e0a8697e,"tic783 - Lamar Distribution Center #1 {Cal Vent Group, LTD}",evidenceOfInsurance,Evidence of Insurance,excessOrUmbrellaLiability,Umbrella/Excess Liability,evidenceOfInsuranceExcessOrUmbrellaLiabilityOccurence,Coverage Trigger: Occurrence,,matchOnce,must be present,,Present,compliant,Block Requirements,,,false,1,,2026-08-16
"Block Real Estate Services, LLC",69fdf7b562446148bd85c456,69fded2262446148bd8491e6,Telamon Technologies Corporation,69fdf1ee3b208288e0a8697e,"tic783 - Lamar Distribution Center #1 {Cal Vent Group, LTD}",evidenceOfInsurance,Evidence of Insurance,excessOrUmbrellaLiability,Umbrella/Excess Liability,evidenceOfInsuranceExcessOrUmbrellaLiabilityEachOccurrence,Each Occurrence,,matchOnce,must be greater or equal to,1000000,20000000,compliant,Block Requirements,,,false,1,,2026-08-16
"Block Real Estate Services, LLC",69fdf7b562446148bd85c456,69fded2262446148bd8491e6,Telamon Technologies Corporation,69fdf1ee3b208288e0a8697e,"tic783 - Lamar Distribution Center #1 {Cal Vent Group, LTD}",evidenceOfInsurance,Evidence of Insurance,excessOrUmbrellaLiability,Umbrella/Excess Liability,evidenceOfInsuranceExcessOrUmbrellaLiabilityAggregate,Aggregate,,matchOnce,must be greater or equal to,1000000,20000000,compliant,Block Requirements,,,false,1,,2026-08-16
"Block Real Estate Services, LLC",69fdf7b562446148bd85c456,69fded2262446148bd8491e6,Telamon Technologies Corporation,69fdf1ee3b208288e0a8697e,"tic783 - Lamar Distribution Center #1 {Cal Vent Group, LTD}",evidenceOfInsurance,Evidence of Insurance,workersCompensation,Workers' Compensation and Employer's Liability,evidenceOfInsuranceWorkersCompensationStatutoryLimits,Statutory Limits,,matchOnce,must be present,,Present,compliant,Block Requirements,,,false,1,,2026-08-16
"Block Real Estate Services, LLC",69fdf7b562446148bd85c456,69fded2262446148bd8491e6,Telamon Technologies Corporation,69fdf1ee3b208288e0a8697e,"tic783 - Lamar Distribution Center #1 {Cal Vent Group, LTD}",evidenceOfInsurance,Evidence of Insurance,workersCompensation,Workers' Compensation and Employer's Liability,evidenceOfInsuranceWorkersCompensationEmployersLiabilityEachAccident,Employer's Liability Each Accident,,matchOnce,must be greater or equal to,500000,1000000,compliant,Block Requirements,,,false,1,,2026-08-16
"Block Real Estate Services, LLC",69fdf7b562446148bd85c456,69fded2262446148bd8491e6,Telamon Technologies Corporation,69fdf1ee3b208288e0a8697e,"tic783 - Lamar Distribution Center #1 {Cal Vent Group, LTD}",evidenceOfInsurance,Evidence of Insurance,workersCompensation,Workers' Compensation and Employer's Liability,evidenceOfInsuranceWorkersCompensationEmployersLiabilityDiseaseEachEmployee,Employer's Liability Disease - each employee,,matchOnce,must be greater or equal to,500000,1000000,compliant,Block Requirements,,,false,1,,2026-08-16
"Block Real Estate Services, LLC",69fdf7b562446148bd85c456,69fded2262446148bd8491e6,Telamon Technologies Corporation,69fdf1ee3b208288e0a8697e,"tic783 - Lamar Distribution Center #1 {Cal Vent Group, LTD}",evidenceOfInsurance,Evidence of Insurance,workersCompensation,Workers' Compensation and Employer's Liability,evidenceOfInsuranceWorkersCompensationEmployersLiabilityDiseasePolicyLimit,Employer's Liability Disease - policy limit,,matchOnce,must be greater or equal to,500000,1000000,compliant,Block Requirements,,,false,1,,2026-08-16
"Block Real Estate Services, LLC",69fdf7b562446148bd85c456,69fded2262446148bd8491e6,Telamon Technologies Corporation,69fdf1ee3b208288e0a8697e,"tic783 - Lamar Distribution Center #1 {Cal Vent Group, LTD}",evidenceOfInsurance,Evidence of Insurance,workersCompensation,Workers' Compensation and Employer's Liability,evidenceOfInsuranceWorkersCompensationWaiverOfSubrogationEndorsement,Waiver of Subrogation,"---prompt---
Determine if the insurer has waived their right of subrogation in favor of the certificate holder under the Workers' Compensation policy. Evidence may include: a checked ""Waiver of Subrogation"" box on the certificate, mention in the Description of Operations section stating ""waiver of subrogation applies"", or reference to form WC 00 03 13. Look for language like ""subrogation is waived"" or ""per written contract"".",matchOnce,must be present,,,non_compliant,Block Requirements,,,false,0,,2026-08-16
"Block Real Estate Services, LLC",69fdf7b562446148bd85c456,69fded2262446148bd8491e6,Telamon Technologies Corporation,69fdf1ee3b208288e0a8697e,"tic783 - Lamar Distribution Center #1 {Cal Vent Group, LTD}",evidenceOfInsurance,Evidence of Insurance,6ac20aae-5728-5d57-b364-aeba38527dba,Additional Requirements,4da5b0f1-4c9d-5885-8cf8-5d3cccaed3e0,"Block Real Estate Services, LLC and all others required by contract are named as Additional Insureds","---prompt---
Determine if the Description of Operations or the Additional Remarks Schedule section states the ""Additional Insured as Construction Management, Inc. and all others required by contract"" or reference to blanket additional insured coverage. Look for language like ""certificate holder is additional insured"" or ""per written contract"".",matchOnce,must be present,,Present,compliant,Block Requirements,,,true,1,,2026-08-16
"Block Real Estate Services, LLC",69fdf7b562446148bd85c456,69fded2262446148bd8491e6,Telamon Technologies Corporation,69fdf1ee3b208288e0a8697e,"tic783 - Lamar Distribution Center #1 {Cal Vent Group, LTD}",evidenceOfInsurance,Evidence of Insurance,6ac20aae-5728-5d57-b364-aeba38527dba,Additional Requirements,e1017741-e47e-5f58-97b8-fbc3043e919f,Umbrella follows form over General Liability,"---prompt---
Determine if the Umbrella/Excess Liability policy follows form to the underlying policies. Evidence may include: language in the Description of Operations section stating the umbrella follows form to underlying coverages or an additional page endorsement stating that it follows form. Follow form means the umbrella policy adopts the same terms, conditions, and exclusions as the underlying policies.",matchOnce,must be present,,,non_compliant,Block Requirements,,,true,0,,2026-08-16
"Block Real Estate Services, LLC",69fdf7b562446148bd85c456,69fded2262446148bd8491e6,Telamon Technologies Corporation,69fdf1ee3b208288e0a8697e,"tic783 - Lamar Distribution Center #1 {Cal Vent Group, LTD}",evidenceOfInsurance,Evidence of Insurance,6ac20aae-5728-5d57-b364-aeba38527dba,Additional Requirements,2cdd866f-c9a4-576a-afd8-1d045762790c,The location must be listed as: 3138 S. 24th Street Kansas City KS 66106,,matchOnce,must be present,,Present,compliant,Block Requirements,,,true,1,,2026-08-16
"Block Real Estate Services, LLC",69fdf7b562446148bd85c456,69fded2262446148bd8491e6,Telamon Technologies Corporation,69fdf1ee3b208288e0a8697e,"tic783 - Lamar Distribution Center #1 {Cal Vent Group, LTD}",evidenceOfInsurance,Evidence of Insurance,6ac20aae-5728-5d57-b364-aeba38527dba,Additional Requirements,3649e9d1-4e09-59bf-8f30-cb33c40cf117,"Certificate Holder must read: c/o Block Real Estate Services, LLC, 4622 Pennsylvania St., Suite 700, Kansas City, MO, 64112",,matchOnce,must be present,,Present,compliant,Block Requirements,,,true,1,,2026-08-16
"Block Real Estate Services, LLC",69fdf7b562446148bd85c453,69fded1062446148bd848c5e,Champion Supply Company LLC,69fdf1ee3b208288e0a8697e,"tic783 - Lamar Distribution Center #1 {Cal Vent Group, LTD}",evidenceOfInsurance,Evidence of Insurance,commercialGeneralLiability,Commercial General Liability,evidenceOfInsuranceCommercialGeneralLiabilityCoverageTriggerOccurrence,Coverage Trigger: Occurrence,,matchOnce,must be present,,Present,compliant,Block Requirements,,,false,1,,2026-08-16
"Block Real Estate Services, LLC",69fdf7b562446148bd85c453,69fded1062446148bd848c5e,Champion Supply Company LLC,69fdf1ee3b208288e0a8697e,"tic783 - Lamar Distribution Center #1 {Cal Vent Group, LTD}",evidenceOfInsurance,Evidence of Insurance,commercialGeneralLiability,Commercial General Liability,evidenceOfInsuranceCommercialGeneralLiabilityGeneralAggregateLimitAppliesPerLocation,General Aggregate Limit Applies per: Location,,matchOnce,must be present,,Present,compliant,Block Requirements,,,false,1,,2026-08-16
"Block Real Estate Services, LLC",69fdf7b562446148bd85c453,69fded1062446148bd848c5e,Champion Supply Company LLC,69fdf1ee3b208288e0a8697e,"tic783 - Lamar Distribution Center #1 {Cal Vent Group, LTD}",evidenceOfInsurance,Evidence of Insurance,commercialGeneralLiability,Commercial General Liability,evidenceOfInsuranceCommercialGeneralLiabilityEachOccurrence,Each Occurrence,,matchOnce,must be greater or equal to,1000000,1000000,compliant,Block Requirements,,,false,1,,2026-08-16
"Block Real Estate Services, LLC",69fdf7b562446148bd85c453,69fded1062446148bd848c5e,Champion Supply Company LLC,69fdf1ee3b208288e0a8697e,"tic783 - Lamar Distribution Center #1 {Cal Vent Group, LTD}",evidenceOfInsurance,Evidence of Insurance,commercialGeneralLiability,Commercial General Liability,evidenceOfInsuranceCommercialGeneralLiabilityGeneralAggregate,General Aggregate,,matchOnce,must be greater or equal to,2000000,2000000,compliant,Block Requirements,,,false,1,,2026-08-16
"Block Real Estate Services, LLC",69fdf7b562446148bd85c453,69fded1062446148bd848c5e,Champion Supply Company LLC,69fdf1ee3b208288e0a8697e,"tic783 - Lamar Distribution Center #1 {Cal Vent Group, LTD}",evidenceOfInsurance,Evidence of Insurance,commercialGeneralLiability,Commercial General Liability,evidenceOfInsuranceCommercialGeneralLiabilityWaiverOfSubrogationEndorsement,Waiver of Subrogation,"---prompt---
Determine if the insurer has waived their right of subrogation in favor of the certificate holder under the Commercial General Liability policy. Evidence may include: a checked ""Waiver of Subrogation"" box on the certificate, mention in the Description of Operations section stating ""waiver of subrogation applies"", or reference to form CG 24 04. Look for language like ""subrogation is waived"" or ""per written contract"".",matchOnce,must be present,,Present,compliant,Block Requirements,,,false,1,,2026-08-16
"Block Real Estate Services, LLC",69fdf7b562446148bd85c453,69fded1062446148bd848c5e,Champion Supply Company LLC,69fdf1ee3b208288e0a8697e,"tic783 - Lamar Distribution Center #1 {Cal Vent Group, LTD}",evidenceOfInsurance,Evidence of Insurance,excessOrUmbrellaLiability,Umbrella/Excess Liability,evidenceOfInsuranceExcessOrUmbrellaLiabilityOccurence,Coverage Trigger: Occurrence,,matchOnce,must be present,,Present,compliant,Block Requirements,,,false,1,,2026-08-16
"Block Real Estate Services, LLC",69fdf7b562446148bd85c453,69fded1062446148bd848c5e,Champion Supply Company LLC,69fdf1ee3b208288e0a8697e,"tic783 - Lamar Distribution Center #1 {Cal Vent Group, LTD}",evidenceOfInsurance,Evidence of Insurance,excessOrUmbrellaLiability,Umbrella/Excess Liability,evidenceOfInsuranceExcessOrUmbrellaLiabilityEachOccurrence,Each Occurrence,,matchOnce,must be greater or equal to,1000000,2000000,compliant,Block Requirements,,,false,1,,2026-08-16
"Block Real Estate Services, LLC",69fdf7b562446148bd85c453,69fded1062446148bd848c5e,Champion Supply Company LLC,69fdf1ee3b208288e0a8697e,"tic783 - Lamar Distribution Center #1 {Cal Vent Group, LTD}",evidenceOfInsurance,Evidence of Insurance,excessOrUmbrellaLiability,Umbrella/Excess Liability,evidenceOfInsuranceExcessOrUmbrellaLiabilityAggregate,Aggregate,,matchOnce,must be greater or equal to,1000000,2000000,compliant,Block Requirements,,,false,1,,2026-08-16
"Block Real Estate Services, LLC",69fdf7b562446148bd85c453,69fded1062446148bd848c5e,Champion Supply Company LLC,69fdf1ee3b208288e0a8697e,"tic783 - Lamar Distribution Center #1 {Cal Vent Group, LTD}",evidenceOfInsurance,Evidence of Insurance,workersCompensation,Workers' Compensation and Employer's Liability,evidenceOfInsuranceWorkersCompensationStatutoryLimits,Statutory Limits,,matchOnce,must be present,,Present,compliant,Block Requirements,,,false,1,,2026-08-16
"Block Real Estate Services, LLC",69fdf7b562446148bd85c453,69fded1062446148bd848c5e,Champion Supply Company LLC,69fdf1ee3b208288e0a8697e,"tic783 - Lamar Distribution Center #1 {Cal Vent Group, LTD}",evidenceOfInsurance,Evidence of Insurance,workersCompensation,Workers' Compensation and Employer's Liability,evidenceOfInsuranceWorkersCompensationEmployersLiabilityEachAccident,Employer's Liability Each Accident,,matchOnce,must be greater or equal to,500000,1000000,compliant,Block Requirements,,,false,1,,2026-08-16
"Block Real Estate Services, LLC",69fdf7b562446148bd85c453,69fded1062446148bd848c5e,Champion Supply Company LLC,69fdf1ee3b208288e0a8697e,"tic783 - Lamar Distribution Center #1 {Cal Vent Group, LTD}",evidenceOfInsurance,Evidence of Insurance,workersCompensation,Workers' Compensation and Employer's Liability,evidenceOfInsuranceWorkersCompensationEmployersLiabilityDiseaseEachEmployee,Employer's Liability Disease - each employee,,matchOnce,must be greater or equal to,500000,1000000,compliant,Block Requirements,,,false,1,,2026-08-16
"Block Real Estate Services, LLC",69fdf7b562446148bd85c453,69fded1062446148bd848c5e,Champion Supply Company LLC,69fdf1ee3b208288e0a8697e,"tic783 - Lamar Distribution Center #1 {Cal Vent Group, LTD}",evidenceOfInsurance,Evidence of Insurance,workersCompensation,Workers' Compensation and Employer's Liability,evidenceOfInsuranceWorkersCompensationEmployersLiabilityDiseasePolicyLimit,Employer's Liability Disease - policy limit,,matchOnce,must be greater or equal to,500000,1000000,compliant,Block Requirements,,,false,1,,2026-08-16
"Block Real Estate Services, LLC",69fdf7b562446148bd85c453,69fded1062446148bd848c5e,Champion Supply Company LLC,69fdf1ee3b208288e0a8697e,"tic783 - Lamar Distribution Center #1 {Cal Vent Group, LTD}",evidenceOfInsurance,Evidence of Insurance,workersCompensation,Workers' Compensation and Employer's Liability,evidenceOfInsuranceWorkersCompensationWaiverOfSubrogationEndorsement,Waiver of Subrogation,"---prompt---
Determine if the insurer has waived their right of subrogation in favor of the certificate holder under the Workers' Compensation policy. Evidence may include: a checked ""Waiver of Subrogation"" box on the certificate, mention in the Description of Operations section stating ""waiver of subrogation applies"", or reference to form WC 00 03 13. Look for language like ""subrogation is waived"" or ""per written contract"".",matchOnce,must be present,,Present,compliant,Block Requirements,,,false,1,,2026-08-16
"Block Real Estate Services, LLC",69fdf7b562446148bd85c453,69fded1062446148bd848c5e,Champion Supply Company LLC,69fdf1ee3b208288e0a8697e,"tic783 - Lamar Distribution Center #1 {Cal Vent Group, LTD}",evidenceOfInsurance,Evidence of Insurance,6ac20aae-5728-5d57-b364-aeba38527dba,Additional Requirements,4da5b0f1-4c9d-5885-8cf8-5d3cccaed3e0,"Block Real Estate Services, LLC and all others required by contract are named as Additional Insureds","---prompt---
Determine if the Description of Operations or the Additional Remarks Schedule section states the ""Additional Insured as Construction Management, Inc. and all others required by contract"" or reference to blanket additional insured coverage. Look for language like ""certificate holder is additional insured"" or ""per written contract"".",matchOnce,must be present,,Present,compliant,Block Requirements,,,true,1,,2026-08-16
"Block Real Estate Services, LLC",69fdf7b562446148bd85c453,69fded1062446148bd848c5e,Champion Supply Company LLC,69fdf1ee3b208288e0a8697e,"tic783 - Lamar Distribution Center #1 {Cal Vent Group, LTD}",evidenceOfInsurance,Evidence of Insurance,6ac20aae-5728-5d57-b364-aeba38527dba,Additional Requirements,e1017741-e47e-5f58-97b8-fbc3043e919f,Umbrella follows form over General Liability,"---prompt---
Determine if the Umbrella/Excess Liability policy follows form to the underlying policies. Evidence may include: language in the Description of Operations section stating the umbrella follows form to underlying coverages or an additional page endorsement stating that it follows form. Follow form means the umbrella policy adopts the same terms, conditions, and exclusions as the underlying policies.",matchOnce,must be present,,Present,compliant,Block Requirements,,,true,1,,2026-08-16
"Block Real Estate Services, LLC",69fdf7b562446148bd85c453,69fded1062446148bd848c5e,Champion Supply Company LLC,69fdf1ee3b208288e0a8697e,"tic783 - Lamar Distribution Center #1 {Cal Vent Group, LTD}",evidenceOfInsurance,Evidence of Insurance,6ac20aae-5728-5d57-b364-aeba38527dba,Additional Requirements,2cdd866f-c9a4-576a-afd8-1d045762790c,The location must be listed as: 3122 S. 24th Street Kansas City KS 66106,,matchOnce,must be present,,Present,compliant,Block Requirements,,,true,1,,2026-08-16
"Block Real Estate Services, LLC",69fdf7b562446148bd85c453,69fded1062446148bd848c5e,Champion Supply Company LLC,69fdf1ee3b208288e0a8697e,"tic783 - Lamar Distribution Center #1 {Cal Vent Group, LTD}",evidenceOfInsurance,Evidence of Insurance,6ac20aae-5728-5d57-b364-aeba38527dba,Additional Requirements,3649e9d1-4e09-59bf-8f30-cb33c40cf117,"Certificate Holder must read: c/o Block Real Estate Services, LLC, 4622 Pennsylvania St., Suite 700, Kansas City, MO, 64112",,matchOnce,must be present,,Present,compliant,Block Requirements,,,true,1,,2026-08-16
"Block Real Estate Services, LLC",6a1898a44d859309ccfb5d66,69fded2062446148bd849141,Seen Merchandising LLC,69fdf1ee3b208288e0a8697e,"tic783 - Lamar Distribution Center #1 {Cal Vent Group, LTD}",evidenceOfInsurance,Evidence of Insurance,commercialGeneralLiability,Commercial General Liability,evidenceOfInsuranceCommercialGeneralLiabilityCoverageTriggerOccurrence,Coverage Trigger: Occurrence,,matchOnce,must be present,,Present,compliant,Block Requirements,,,false,1,,2026-08-16
"Block Real Estate Services, LLC",6a1898a44d859309ccfb5d66,69fded2062446148bd849141,Seen Merchandising LLC,69fdf1ee3b208288e0a8697e,"tic783 - Lamar Distribution Center #1 {Cal Vent Group, LTD}",evidenceOfInsurance,Evidence of Insurance,commercialGeneralLiability,Commercial General Liability,evidenceOfInsuranceCommercialGeneralLiabilityGeneralAggregateLimitAppliesPerLocation,General Aggregate Limit Applies per: Location,,matchOnce,must be present,,,non_compliant,Block Requirements,,,false,0,,2026-08-16
"Block Real Estate Services, LLC",6a1898a44d859309ccfb5d66,69fded2062446148bd849141,Seen Merchandising LLC,69fdf1ee3b208288e0a8697e,"tic783 - Lamar Distribution Center #1 {Cal Vent Group, LTD}",evidenceOfInsurance,Evidence of Insurance,commercialGeneralLiability,Commercial General Liability,evidenceOfInsuranceCommercialGeneralLiabilityEachOccurrence,Each Occurrence,,matchOnce,must be greater or equal to,1000000,1000000,compliant,Block Requirements,,,false,1,,2026-08-16
"Block Real Estate Services, LLC",6a1898a44d859309ccfb5d66,69fded2062446148bd849141,Seen Merchandising LLC,69fdf1ee3b208288e0a8697e,"tic783 - Lamar Distribution Center #1 {Cal Vent Group, LTD}",evidenceOfInsurance,Evidence of Insurance,commercialGeneralLiability,Commercial General Liability,evidenceOfInsuranceCommercialGeneralLiabilityGeneralAggregate,General Aggregate,,matchOnce,must be greater or equal to,2000000,2000000,compliant,Block Requirements,,,false,1,,2026-08-16
"Block Real Estate Services, LLC",6a1898a44d859309ccfb5d66,69fded2062446148bd849141,Seen Merchandising LLC,69fdf1ee3b208288e0a8697e,"tic783 - Lamar Distribution Center #1 {Cal Vent Group, LTD}",evidenceOfInsurance,Evidence of Insurance,commercialGeneralLiability,Commercial General Liability,evidenceOfInsuranceCommercialGeneralLiabilityWaiverOfSubrogationEndorsement,Waiver of Subrogation,"---prompt---
Determine if the insurer has waived their right of subrogation in favor of the certificate holder under the Commercial General Liability policy. Evidence may include: a checked ""Waiver of Subrogation"" box on the certificate, mention in the Description of Operations section stating ""waiver of subrogation applies"", or reference to form CG 24 04. Look for language like ""subrogation is waived"" or ""per written contract"".",matchOnce,must be present,,Present,compliant,Block Requirements,,,false,1,,2026-08-16
"Block Real Estate Services, LLC",6a1898a44d859309ccfb5d66,69fded2062446148bd849141,Seen Merchandising LLC,69fdf1ee3b208288e0a8697e,"tic783 - Lamar Distribution Center #1 {Cal Vent Group, LTD}",evidenceOfInsurance,Evidence of Insurance,excessOrUmbrellaLiability,Umbrella/Excess Liability,evidenceOfInsuranceExcessOrUmbrellaLiabilityOccurence,Coverage Trigger: Occurrence,,matchOnce,must be present,,Present,compliant,Block Requirements,,,false,1,,2026-08-16
"Block Real Estate Services, LLC",6a1898a44d859309ccfb5d66,69fded2062446148bd849141,Seen Merchandising LLC,69fdf1ee3b208288e0a8697e,"tic783 - Lamar Distribution Center #1 {Cal Vent Group, LTD}",evidenceOfInsurance,Evidence of Insurance,excessOrUmbrellaLiability,Umbrella/Excess Liability,evidenceOfInsuranceExcessOrUmbrellaLiabilityEachOccurrence,Each Occurrence,,matchOnce,must be greater or equal to,1000000,2000000,compliant,Block Requirements,,,false,1,,2026-08-16
"Block Real Estate Services, LLC",6a1898a44d859309ccfb5d66,69fded2062446148bd849141,Seen Merchandising LLC,69fdf1ee3b208288e0a8697e,"tic783 - Lamar Distribution Center #1 {Cal Vent Group, LTD}",evidenceOfInsurance,Evidence of Insurance,excessOrUmbrellaLiability,Umbrella/Excess Liability,evidenceOfInsuranceExcessOrUmbrellaLiabilityAggregate,Aggregate,,matchOnce,must be greater or equal to,1000000,2000000,compliant,Block Requirements,,,false,1,,2026-08-16
"Block Real Estate Services, LLC",6a1898a44d859309ccfb5d66,69fded2062446148bd849141,Seen Merchandising LLC,69fdf1ee3b208288e0a8697e,"tic783 - Lamar Distribution Center #1 {Cal Vent Group, LTD}",evidenceOfInsurance,Evidence of Insurance,workersCompensation,Workers' Compensation and Employer's Liability,evidenceOfInsuranceWorkersCompensationStatutoryLimits,Statutory Limits,,matchOnce,must be present,,Present,compliant,Block Requirements,,,false,1,,2026-08-16
"Block Real Estate Services, LLC",6a1898a44d859309ccfb5d66,69fded2062446148bd849141,Seen Merchandising LLC,69fdf1ee3b208288e0a8697e,"tic783 - Lamar Distribution Center #1 {Cal Vent Group, LTD}",evidenceOfInsurance,Evidence of Insurance,workersCompensation,Workers' Compensation and Employer's Liability,evidenceOfInsuranceWorkersCompensationEmployersLiabilityEachAccident,Employer's Liability Each Accident,,matchOnce,must be greater or equal to,500000,500000,compliant,Block Requirements,,,false,1,,2026-08-16
"Block Real Estate Services, LLC",6a1898a44d859309ccfb5d66,69fded2062446148bd849141,Seen Merchandising LLC,69fdf1ee3b208288e0a8697e,"tic783 - Lamar Distribution Center #1 {Cal Vent Group, LTD}",evidenceOfInsurance,Evidence of Insurance,workersCompensation,Workers' Compensation and Employer's Liability,evidenceOfInsuranceWorkersCompensationEmployersLiabilityDiseaseEachEmployee,Employer's Liability Disease - each employee,,matchOnce,must be greater or equal to,500000,500000,compliant,Block Requirements,,,false,1,,2026-08-16
"Block Real Estate Services, LLC",6a1898a44d859309ccfb5d66,69fded2062446148bd849141,Seen Merchandising LLC,69fdf1ee3b208288e0a8697e,"tic783 - Lamar Distribution Center #1 {Cal Vent Group, LTD}",evidenceOfInsurance,Evidence of Insurance,workersCompensation,Workers' Compensation and Employer's Liability,evidenceOfInsuranceWorkersCompensationEmployersLiabilityDiseasePolicyLimit,Employer's Liability Disease - policy limit,,matchOnce,must be greater or equal to,500000,500000,compliant,Block Requirements,,,false,1,,2026-08-16
"Block Real Estate Services, LLC",6a1898a44d859309ccfb5d66,69fded2062446148bd849141,Seen Merchandising LLC,69fdf1ee3b208288e0a8697e,"tic783 - Lamar Distribution Center #1 {Cal Vent Group, LTD}",evidenceOfInsurance,Evidence of Insurance,workersCompensation,Workers' Compensation and Employer's Liability,evidenceOfInsuranceWorkersCompensationWaiverOfSubrogationEndorsement,Waiver of Subrogation,"---prompt---
Determine if the insurer has waived their right of subrogation in favor of the certificate holder under the Workers' Compensation policy. Evidence may include: a checked ""Waiver of Subrogation"" box on the certificate, mention in the Description of Operations section stating ""waiver of subrogation applies"", or reference to form WC 00 03 13. Look for language like ""subrogation is waived"" or ""per written contract"".",matchOnce,must be present,,Present,compliant,Block Requirements,,,false,1,,2026-08-16
"Block Real Estate Services, LLC",6a1898a44d859309ccfb5d66,69fded2062446148bd849141,Seen Merchandising LLC,69fdf1ee3b208288e0a8697e,"tic783 - Lamar Distribution Center #1 {Cal Vent Group, LTD}",evidenceOfInsurance,Evidence of Insurance,6ac20aae-5728-5d57-b364-aeba38527dba,Additional Requirements,4da5b0f1-4c9d-5885-8cf8-5d3cccaed3e0,"Block Real Estate Services, LLC and all others required by contract are named as Additional Insureds","---prompt---
Determine if the Description of Operations or the Additional Remarks Schedule section states the ""Additional Insured as Construction Management, Inc. and all others required by contract"" or reference to blanket additional insured coverage. Look for language like ""certificate holder is additional insured"" or ""per written contract"".",matchOnce,must be present,,Present,compliant,Block Requirements,,,true,1,,2026-08-16
"Block Real Estate Services, LLC",6a1898a44d859309ccfb5d66,69fded2062446148bd849141,Seen Merchandising LLC,69fdf1ee3b208288e0a8697e,"tic783 - Lamar Distribution Center #1 {Cal Vent Group, LTD}",evidenceOfInsurance,Evidence of Insurance,6ac20aae-5728-5d57-b364-aeba38527dba,Additional Requirements,e1017741-e47e-5f58-97b8-fbc3043e919f,Umbrella follows form over General Liability,"---prompt---
Determine if the Umbrella/Excess Liability policy follows form to the underlying policies. Evidence may include: language in the Description of Operations section stating the umbrella follows form to underlying coverages or an additional page endorsement stating that it follows form. Follow form means the umbrella policy adopts the same terms, conditions, and exclusions as the underlying policies.",matchOnce,must be present,,,non_compliant,Block Requirements,,,true,0,,2026-08-16
"Block Real Estate Services, LLC",6a1898a44d859309ccfb5d66,69fded2062446148bd849141,Seen Merchandising LLC,69fdf1ee3b208288e0a8697e,"tic783 - Lamar Distribution Center #1 {Cal Vent Group, LTD}",evidenceOfInsurance,Evidence of Insurance,6ac20aae-5728-5d57-b364-aeba38527dba,Additional Requirements,2cdd866f-c9a4-576a-afd8-1d045762790c,The location must be listed as: 3060 S. 24th Street Kansas City KS 66106,,matchOnce,must be present,,,non_compliant,Block Requirements,,,true,0,,2026-08-16
"Block Real Estate Services, LLC",6a1898a44d859309ccfb5d66,69fded2062446148bd849141,Seen Merchandising LLC,69fdf1ee3b208288e0a8697e,"tic783 - Lamar Distribution Center #1 {Cal Vent Group, LTD}",evidenceOfInsurance,Evidence of Insurance,6ac20aae-5728-5d57-b364-aeba38527dba,Additional Requirements,3649e9d1-4e09-59bf-8f30-cb33c40cf117,"Certificate Holder must read: c/o Block Real Estate Services, LLC, 4622 Pennsylvania St., Suite 700, Kansas City, MO, 64112",,matchOnce,must be present,,Present,compliant,Block Requirements,,,true,1,,2026-08-16
"Block Real Estate Services, LLC",6a1898a44d859309ccfb5d67,69fded2062446148bd849141,Seen Merchandising LLC,69fdf1ee3b208288e0a8697e,"tic783 - Lamar Distribution Center #1 {Cal Vent Group, LTD}",evidenceOfInsurance,Evidence of Insurance,commercialGeneralLiability,Commercial General Liability,evidenceOfInsuranceCommercialGeneralLiabilityCoverageTriggerOccurrence,Coverage Trigger: Occurrence,,matchOnce,must be present,,Present,compliant,Block Requirements,,,false,1,,2026-08-16
"Block Real Estate Services, LLC",6a1898a44d859309ccfb5d67,69fded2062446148bd849141,Seen Merchandising LLC,69fdf1ee3b208288e0a8697e,"tic783 - Lamar Distribution Center #1 {Cal Vent Group, LTD}",evidenceOfInsurance,Evidence of Insurance,commercialGeneralLiability,Commercial General Liability,evidenceOfInsuranceCommercialGeneralLiabilityGeneralAggregateLimitAppliesPerLocation,General Aggregate Limit Applies per: Location,,matchOnce,must be present,,,non_compliant,Block Requirements,,,false,0,,2026-08-16
"Block Real Estate Services, LLC",6a1898a44d859309ccfb5d67,69fded2062446148bd849141,Seen Merchandising LLC,69fdf1ee3b208288e0a8697e,"tic783 - Lamar Distribution Center #1 {Cal Vent Group, LTD}",evidenceOfInsurance,Evidence of Insurance,commercialGeneralLiability,Commercial General Liability,evidenceOfInsuranceCommercialGeneralLiabilityEachOccurrence,Each Occurrence,,matchOnce,must be greater or equal to,1000000,1000000,compliant,Block Requirements,,,false,1,,2026-08-16
"Block Real Estate Services, LLC",6a1898a44d859309ccfb5d67,69fded2062446148bd849141,Seen Merchandising LLC,69fdf1ee3b208288e0a8697e,"tic783 - Lamar Distribution Center #1 {Cal Vent Group, LTD}",evidenceOfInsurance,Evidence of Insurance,commercialGeneralLiability,Commercial General Liability,evidenceOfInsuranceCommercialGeneralLiabilityGeneralAggregate,General Aggregate,,matchOnce,must be greater or equal to,2000000,2000000,compliant,Block Requirements,,,false,1,,2026-08-16
"Block Real Estate Services, LLC",6a1898a44d859309ccfb5d67,69fded2062446148bd849141,Seen Merchandising LLC,69fdf1ee3b208288e0a8697e,"tic783 - Lamar Distribution Center #1 {Cal Vent Group, LTD}",evidenceOfInsurance,Evidence of Insurance,commercialGeneralLiability,Commercial General Liability,evidenceOfInsuranceCommercialGeneralLiabilityWaiverOfSubrogationEndorsement,Waiver of Subrogation,"---prompt---
Determine if the insurer has waived their right of subrogation in favor of the certificate holder under the Commercial General Liability policy. Evidence may include: a checked ""Waiver of Subrogation"" box on the certificate, mention in the Description of Operations section stating ""waiver of subrogation applies"", or reference to form CG 24 04. Look for language like ""subrogation is waived"" or ""per written contract"".",matchOnce,must be present,,Present,compliant,Block Requirements,,,false,1,,2026-08-16
"Block Real Estate Services, LLC",6a1898a44d859309ccfb5d67,69fded2062446148bd849141,Seen Merchandising LLC,69fdf1ee3b208288e0a8697e,"tic783 - Lamar Distribution Center #1 {Cal Vent Group, LTD}",evidenceOfInsurance,Evidence of Insurance,excessOrUmbrellaLiability,Umbrella/Excess Liability,evidenceOfInsuranceExcessOrUmbrellaLiabilityOccurence,Coverage Trigger: Occurrence,,matchOnce,must be present,,Present,compliant,Block Requirements,,,false,1,,2026-08-16
"Block Real Estate Services, LLC",6a1898a44d859309ccfb5d67,69fded2062446148bd849141,Seen Merchandising LLC,69fdf1ee3b208288e0a8697e,"tic783 - Lamar Distribution Center #1 {Cal Vent Group, LTD}",evidenceOfInsurance,Evidence of Insurance,excessOrUmbrellaLiability,Umbrella/Excess Liability,evidenceOfInsuranceExcessOrUmbrellaLiabilityEachOccurrence,Each Occurrence,,matchOnce,must be greater or equal to,1000000,2000000,compliant,Block Requirements,,,false,1,,2026-08-16
"Block Real Estate Services, LLC",6a1898a44d859309ccfb5d67,69fded2062446148bd849141,Seen Merchandising LLC,69fdf1ee3b208288e0a8697e,"tic783 - Lamar Distribution Center #1 {Cal Vent Group, LTD}",evidenceOfInsurance,Evidence of Insurance,excessOrUmbrellaLiability,Umbrella/Excess Liability,evidenceOfInsuranceExcessOrUmbrellaLiabilityAggregate,Aggregate,,matchOnce,must be greater or equal to,1000000,2000000,compliant,Block Requirements,,,false,1,,2026-08-16
"Block Real Estate Services, LLC",6a1898a44d859309ccfb5d67,69fded2062446148bd849141,Seen Merchandising LLC,69fdf1ee3b208288e0a8697e,"tic783 - Lamar Distribution Center #1 {Cal Vent Group, LTD}",evidenceOfInsurance,Evidence of Insurance,workersCompensation,Workers' Compensation and Employer's Liability,evidenceOfInsuranceWorkersCompensationStatutoryLimits,Statutory Limits,,matchOnce,must be present,,Present,compliant,Block Requirements,,,false,1,,2026-08-16
"Block Real Estate Services, LLC",6a1898a44d859309ccfb5d67,69fded2062446148bd849141,Seen Merchandising LLC,69fdf1ee3b208288e0a8697e,"tic783 - Lamar Distribution Center #1 {Cal Vent Group, LTD}",evidenceOfInsurance,Evidence of Insurance,workersCompensation,Workers' Compensation and Employer's Liability,evidenceOfInsuranceWorkersCompensationEmployersLiabilityEachAccident,Employer's Liability Each Accident,,matchOnce,must be greater or equal to,500000,500000,compliant,Block Requirements,,,false,1,,2026-08-16
"Block Real Estate Services, LLC",6a1898a44d859309ccfb5d67,69fded2062446148bd849141,Seen Merchandising LLC,69fdf1ee3b208288e0a8697e,"tic783 - Lamar Distribution Center #1 {Cal Vent Group, LTD}",evidenceOfInsurance,Evidence of Insurance,workersCompensation,Workers' Compensation and Employer's Liability,evidenceOfInsuranceWorkersCompensationEmployersLiabilityDiseaseEachEmployee,Employer's Liability Disease - each employee,,matchOnce,must be greater or equal to,500000,500000,compliant,Block Requirements,,,false,1,,2026-08-16
"Block Real Estate Services, LLC",6a1898a44d859309ccfb5d67,69fded2062446148bd849141,Seen Merchandising LLC,69fdf1ee3b208288e0a8697e,"tic783 - Lamar Distribution Center #1 {Cal Vent Group, LTD}",evidenceOfInsurance,Evidence of Insurance,workersCompensation,Workers' Compensation and Employer's Liability,evidenceOfInsuranceWorkersCompensationEmployersLiabilityDiseasePolicyLimit,Employer's Liability Disease - policy limit,,matchOnce,must be greater or equal to,500000,500000,compliant,Block Requirements,,,false,1,,2026-08-16
"Block Real Estate Services, LLC",6a1898a44d859309ccfb5d67,69fded2062446148bd849141,Seen Merchandising LLC,69fdf1ee3b208288e0a8697e,"tic783 - Lamar Distribution Center #1 {Cal Vent Group, LTD}",evidenceOfInsurance,Evidence of Insurance,workersCompensation,Workers' Compensation and Employer's Liability,evidenceOfInsuranceWorkersCompensationWaiverOfSubrogationEndorsement,Waiver of Subrogation,"---prompt---
Determine if the insurer has waived their right of subrogation in favor of the certificate holder under the Workers' Compensation policy. Evidence may include: a checked ""Waiver of Subrogation"" box on the certificate, mention in the Description of Operations section stating ""waiver of subrogation applies"", or reference to form WC 00 03 13. Look for language like ""subrogation is waived"" or ""per written contract"".",matchOnce,must be present,,Present,compliant,Block Requirements,,,false,1,,2026-08-16
"Block Real Estate Services, LLC",6a1898a44d859309ccfb5d67,69fded2062446148bd849141,Seen Merchandising LLC,69fdf1ee3b208288e0a8697e,"tic783 - Lamar Distribution Center #1 {Cal Vent Group, LTD}",evidenceOfInsurance,Evidence of Insurance,6ac20aae-5728-5d57-b364-aeba38527dba,Additional Requirements,4da5b0f1-4c9d-5885-8cf8-5d3cccaed3e0,"Block Real Estate Services, LLC and all others required by contract are named as Additional Insureds","---prompt---
Determine if the Description of Operations or the Additional Remarks Schedule section states the ""Additional Insured as Construction Management, Inc. and all others required by contract"" or reference to blanket additional insured coverage. Look for language like ""certificate holder is additional insured"" or ""per written contract"".",matchOnce,must be present,,Present,compliant,Block Requirements,,,true,1,,2026-08-16
"Block Real Estate Services, LLC",6a1898a44d859309ccfb5d67,69fded2062446148bd849141,Seen Merchandising LLC,69fdf1ee3b208288e0a8697e,"tic783 - Lamar Distribution Center #1 {Cal Vent Group, LTD}",evidenceOfInsurance,Evidence of Insurance,6ac20aae-5728-5d57-b364-aeba38527dba,Additional Requirements,e1017741-e47e-5f58-97b8-fbc3043e919f,Umbrella follows form over General Liability,"---prompt---
Determine if the Umbrella/Excess Liability policy follows form to the underlying policies. Evidence may include: language in the Description of Operations section stating the umbrella follows form to underlying coverages or an additional page endorsement stating that it follows form. Follow form means the umbrella policy adopts the same terms, conditions, and exclusions as the underlying policies.",matchOnce,must be present,,,non_compliant,Block Requirements,,,true,0,,2026-08-16
"Block Real Estate Services, LLC",6a1898a44d859309ccfb5d67,69fded2062446148bd849141,Seen Merchandising LLC,69fdf1ee3b208288e0a8697e,"tic783 - Lamar Distribution Center #1 {Cal Vent Group, LTD}",evidenceOfInsurance,Evidence of Insurance,6ac20aae-5728-5d57-b364-aeba38527dba,Additional Requirements,2cdd866f-c9a4-576a-afd8-1d045762790c,The location must be listed as: 3114 S. 24th Street Kansas City KS 66106,,matchOnce,must be present,,,non_compliant,Block Requirements,,,true,0,,2026-08-16
"Block Real Estate Services, LLC",6a1898a44d859309ccfb5d67,69fded2062446148bd849141,Seen Merchandising LLC,69fdf1ee3b208288e0a8697e,"tic783 - Lamar Distribution Center #1 {Cal Vent Group, LTD}",evidenceOfInsurance,Evidence of Insurance,6ac20aae-5728-5d57-b364-aeba38527dba,Additional Requirements,3649e9d1-4e09-59bf-8f30-cb33c40cf117,"Certificate Holder must read: c/o Block Real Estate Services, LLC, 4622 Pennsylvania St., Suite 700, Kansas City, MO, 64112",,matchOnce,must be present,,Present,compliant,Block Requirements,,,true,1,,2026-08-16
"Block Real Estate Services, LLC",6a1df70f2e0d6adb452eeb31,69fded2462446148bd84929a,"VRC Companies, LLC (fka T2 Holdings, LLC/Redishred Kansas, Inc. dba Proshred Security)",69fdf1ee3b208288e0a8697e,"tic783 - Lamar Distribution Center #1 {Cal Vent Group, LTD}",evidenceOfInsurance,Evidence of Insurance,commercialGeneralLiability,Commercial General Liability,evidenceOfInsuranceCommercialGeneralLiabilityCoverageTriggerOccurrence,Coverage Trigger: Occurrence,,matchOnce,must be present,,Present,compliant,Block Requirements,,,false,2,,2026-08-16
"Block Real Estate Services, LLC",6a1df70f2e0d6adb452eeb31,69fded2462446148bd84929a,"VRC Companies, LLC (fka T2 Holdings, LLC/Redishred Kansas, Inc. dba Proshred Security)",69fdf1ee3b208288e0a8697e,"tic783 - Lamar Distribution Center #1 {Cal Vent Group, LTD}",evidenceOfInsurance,Evidence of Insurance,commercialGeneralLiability,Commercial General Liability,evidenceOfInsuranceCommercialGeneralLiabilityGeneralAggregateLimitAppliesPerLocation,General Aggregate Limit Applies per: Location,,matchOnce,must be present,,Present,compliant,Block Requirements,,,false,2,,2026-08-16
"Block Real Estate Services, LLC",6a1df70f2e0d6adb452eeb31,69fded2462446148bd84929a,"VRC Companies, LLC (fka T2 Holdings, LLC/Redishred Kansas, Inc. dba Proshred Security)",69fdf1ee3b208288e0a8697e,"tic783 - Lamar Distribution Center #1 {Cal Vent Group, LTD}",evidenceOfInsurance,Evidence of Insurance,commercialGeneralLiability,Commercial General Liability,evidenceOfInsuranceCommercialGeneralLiabilityEachOccurrence,Each Occurrence,,matchOnce,must be greater or equal to,1000000,1000000,compliant,Block Requirements,,,false,2,,2026-08-16
"Block Real Estate Services, LLC",6a1df70f2e0d6adb452eeb31,69fded2462446148bd84929a,"VRC Companies, LLC (fka T2 Holdings, LLC/Redishred Kansas, Inc. dba Proshred Security)",69fdf1ee3b208288e0a8697e,"tic783 - Lamar Distribution Center #1 {Cal Vent Group, LTD}",evidenceOfInsurance,Evidence of Insurance,commercialGeneralLiability,Commercial General Liability,evidenceOfInsuranceCommercialGeneralLiabilityGeneralAggregate,General Aggregate,,matchOnce,must be greater or equal to,2000000,2000000,compliant,Block Requirements,,,false,2,,2026-08-16
"Block Real Estate Services, LLC",6a1df70f2e0d6adb452eeb31,69fded2462446148bd84929a,"VRC Companies, LLC (fka T2 Holdings, LLC/Redishred Kansas, Inc. dba Proshred Security)",69fdf1ee3b208288e0a8697e,"tic783 - Lamar Distribution Center #1 {Cal Vent Group, LTD}",evidenceOfInsurance,Evidence of Insurance,commercialGeneralLiability,Commercial General Liability,evidenceOfInsuranceCommercialGeneralLiabilityWaiverOfSubrogationEndorsement,Waiver of Subrogation,"---prompt---
Determine if the insurer has waived their right of subrogation in favor of the certificate holder under the Commercial General Liability policy. Evidence may include: a checked ""Waiver of Subrogation"" box on the certificate, mention in the Description of Operations section stating ""waiver of subrogation applies"", or reference to form CG 24 04. Look for language like ""subrogation is waived"" or ""per written contract"".",matchOnce,must be present,,Present,compliant,Block Requirements,,,false,2,,2026-08-16
"Block Real Estate Services, LLC",6a1df70f2e0d6adb452eeb31,69fded2462446148bd84929a,"VRC Companies, LLC (fka T2 Holdings, LLC/Redishred Kansas, Inc. dba Proshred Security)",69fdf1ee3b208288e0a8697e,"tic783 - Lamar Distribution Center #1 {Cal Vent Group, LTD}",evidenceOfInsurance,Evidence of Insurance,excessOrUmbrellaLiability,Umbrella/Excess Liability,evidenceOfInsuranceExcessOrUmbrellaLiabilityOccurence,Coverage Trigger: Occurrence,,matchOnce,must be present,,Present,compliant,Block Requirements,,,false,2,,2026-08-16
"Block Real Estate Services, LLC",6a1df70f2e0d6adb452eeb31,69fded2462446148bd84929a,"VRC Companies, LLC (fka T2 Holdings, LLC/Redishred Kansas, Inc. dba Proshred Security)",69fdf1ee3b208288e0a8697e,"tic783 - Lamar Distribution Center #1 {Cal Vent Group, LTD}",evidenceOfInsurance,Evidence of Insurance,excessOrUmbrellaLiability,Umbrella/Excess Liability,evidenceOfInsuranceExcessOrUmbrellaLiabilityEachOccurrence,Each Occurrence,,matchOnce,must be greater or equal to,1000000,5000000,compliant,Block Requirements,,,false,2,,2026-08-16
"Block Real Estate Services, LLC",6a1df70f2e0d6adb452eeb31,69fded2462446148bd84929a,"VRC Companies, LLC (fka T2 Holdings, LLC/Redishred Kansas, Inc. dba Proshred Security)",69fdf1ee3b208288e0a8697e,"tic783 - Lamar Distribution Center #1 {Cal Vent Group, LTD}",evidenceOfInsurance,Evidence of Insurance,excessOrUmbrellaLiability,Umbrella/Excess Liability,evidenceOfInsuranceExcessOrUmbrellaLiabilityAggregate,Aggregate,,matchOnce,must be greater or equal to,1000000,5000000,compliant,Block Requirements,,,false,2,,2026-08-16
"Block Real Estate Services, LLC",6a1df70f2e0d6adb452eeb31,69fded2462446148bd84929a,"VRC Companies, LLC (fka T2 Holdings, LLC/Redishred Kansas, Inc. dba Proshred Security)",69fdf1ee3b208288e0a8697e,"tic783 - Lamar Distribution Center #1 {Cal Vent Group, LTD}",evidenceOfInsurance,Evidence of Insurance,workersCompensation,Workers' Compensation and Employer's Liability,evidenceOfInsuranceWorkersCompensationStatutoryLimits,Statutory Limits,,matchOnce,must be present,,Present,compliant,Block Requirements,,,false,2,,2026-08-16
"Block Real Estate Services, LLC",6a1df70f2e0d6adb452eeb31,69fded2462446148bd84929a,"VRC Companies, LLC (fka T2 Holdings, LLC/Redishred Kansas, Inc. dba Proshred Security)",69fdf1ee3b208288e0a8697e,"tic783 - Lamar Distribution Center #1 {Cal Vent Group, LTD}",evidenceOfInsurance,Evidence of Insurance,workersCompensation,Workers' Compensation and Employer's Liability,evidenceOfInsuranceWorkersCompensationEmployersLiabilityEachAccident,Employer's Liability Each Accident,,matchOnce,must be greater or equal to,500000,1000000,compliant,Block Requirements,,,false,2,,2026-08-16
"Block Real Estate Services, LLC",6a1df70f2e0d6adb452eeb31,69fded2462446148bd84929a,"VRC Companies, LLC (fka T2 Holdings, LLC/Redishred Kansas, Inc. dba Proshred Security)",69fdf1ee3b208288e0a8697e,"tic783 - Lamar Distribution Center #1 {Cal Vent Group, LTD}",evidenceOfInsurance,Evidence of Insurance,workersCompensation,Workers' Compensation and Employer's Liability,evidenceOfInsuranceWorkersCompensationEmployersLiabilityDiseaseEachEmployee,Employer's Liability Disease - each employee,,matchOnce,must be greater or equal to,500000,1000000,compliant,Block Requirements,,,false,2,,2026-08-16
"Block Real Estate Services, LLC",6a1df70f2e0d6adb452eeb31,69fded2462446148bd84929a,"VRC Companies, LLC (fka T2 Holdings, LLC/Redishred Kansas, Inc. dba Proshred Security)",69fdf1ee3b208288e0a8697e,"tic783 - Lamar Distribution Center #1 {Cal Vent Group, LTD}",evidenceOfInsurance,Evidence of Insurance,workersCompensation,Workers' Compensation and Employer's Liability,evidenceOfInsuranceWorkersCompensationEmployersLiabilityDiseasePolicyLimit,Employer's Liability Disease - policy limit,,matchOnce,must be greater or equal to,500000,1000000,compliant,Block Requirements,,,false,2,,2026-08-16
"Block Real Estate Services, LLC",6a1df70f2e0d6adb452eeb31,69fded2462446148bd84929a,"VRC Companies, LLC (fka T2 Holdings, LLC/Redishred Kansas, Inc. dba Proshred Security)",69fdf1ee3b208288e0a8697e,"tic783 - Lamar Distribution Center #1 {Cal Vent Group, LTD}",evidenceOfInsurance,Evidence of Insurance,workersCompensation,Workers' Compensation and Employer's Liability,evidenceOfInsuranceWorkersCompensationWaiverOfSubrogationEndorsement,Waiver of Subrogation,"---prompt---
Determine if the insurer has waived their right of subrogation in favor of the certificate holder under the Workers' Compensation policy. Evidence may include: a checked ""Waiver of Subrogation"" box on the certificate, mention in the Description of Operations section stating ""waiver of subrogation applies"", or reference to form WC 00 03 13. Look for language like ""subrogation is waived"" or ""per written contract"".",matchOnce,must be present,,Present,compliant,Block Requirements,,,false,2,,2026-08-16
"Block Real Estate Services, LLC",6a1df70f2e0d6adb452eeb31,69fded2462446148bd84929a,"VRC Companies, LLC (fka T2 Holdings, LLC/Redishred Kansas, Inc. dba Proshred Security)",69fdf1ee3b208288e0a8697e,"tic783 - Lamar Distribution Center #1 {Cal Vent Group, LTD}",evidenceOfInsurance,Evidence of Insurance,6ac20aae-5728-5d57-b364-aeba38527dba,Additional Requirements,4da5b0f1-4c9d-5885-8cf8-5d3cccaed3e0,"Block Real Estate Services, LLC and all others required by contract are named as Additional Insureds","---prompt---
Determine if the Description of Operations or the Additional Remarks Schedule section states the ""Additional Insured as Construction Management, Inc. and all others required by contract"" or reference to blanket additional insured coverage. Look for language like ""certificate holder is additional insured"" or ""per written contract"".",matchOnce,must be present,,Present,compliant,Block Requirements,,,true,2,,2026-08-16
"Block Real Estate Services, LLC",6a1df70f2e0d6adb452eeb31,69fded2462446148bd84929a,"VRC Companies, LLC (fka T2 Holdings, LLC/Redishred Kansas, Inc. dba Proshred Security)",69fdf1ee3b208288e0a8697e,"tic783 - Lamar Distribution Center #1 {Cal Vent Group, LTD}",evidenceOfInsurance,Evidence of Insurance,6ac20aae-5728-5d57-b364-aeba38527dba,Additional Requirements,e1017741-e47e-5f58-97b8-fbc3043e919f,Umbrella follows form over General Liability,"---prompt---
Determine if the Umbrella/Excess Liability policy follows form to the underlying policies. Evidence may include: language in the Description of Operations section stating the umbrella follows form to underlying coverages or an additional page endorsement stating that it follows form. Follow form means the umbrella policy adopts the same terms, conditions, and exclusions as the underlying policies.",matchOnce,must be present,,Present,compliant,Block Requirements,,,true,2,,2026-08-16
"Block Real Estate Services, LLC",6a1df70f2e0d6adb452eeb31,69fded2462446148bd84929a,"VRC Companies, LLC (fka T2 Holdings, LLC/Redishred Kansas, Inc. dba Proshred Security)",69fdf1ee3b208288e0a8697e,"tic783 - Lamar Distribution Center #1 {Cal Vent Group, LTD}",evidenceOfInsurance,Evidence of Insurance,6ac20aae-5728-5d57-b364-aeba38527dba,Additional Requirements,2cdd866f-c9a4-576a-afd8-1d045762790c,The location must be listed as: 3050 S. 24th Street Kansas City KS 66106,,matchOnce,must be present,,Present,compliant,Block Requirements,,,true,1,,2026-08-16
"Block Real Estate Services, LLC",6a1df70f2e0d6adb452eeb31,69fded2462446148bd84929a,"VRC Companies, LLC (fka T2 Holdings, LLC/Redishred Kansas, Inc. dba Proshred Security)",69fdf1ee3b208288e0a8697e,"tic783 - Lamar Distribution Center #1 {Cal Vent Group, LTD}",evidenceOfInsurance,Evidence of Insurance,6ac20aae-5728-5d57-b364-aeba38527dba,Additional Requirements,3649e9d1-4e09-59bf-8f30-cb33c40cf117,"Certificate Holder must read: c/o Block Real Estate Services, LLC, 4622 Pennsylvania St., Suite 700, Kansas City, MO, 64112",,matchOnce,must be present,,Present,compliant,Block Requirements,,,true,2,,2026-08-16
"Block Real Estate Services, LLC",69fdf75c62446148bd855f6e,69fded1362446148bd848d30,Personal Care Dental Group / Dr. Floyd Wiggins III,69fdef7d0e86e2f8723d7c04,"3rd754 - 9500 E. 63rd Street {PCJW, LLC}",evidenceOfInsurance,Evidence of Insurance,commercialGeneralLiability,Commercial General Liability,evidenceOfInsuranceCommercialGeneralLiabilityCoverageTriggerOccurrence,Coverage Trigger: Occurrence,,matchOnce,must be present,,,non_compliant,Block Requirements,,,false,0,,2026-08-16
"Block Real Estate Services, LLC",69fdf75c62446148bd855f6e,69fded1362446148bd848d30,Personal Care Dental Group / Dr. Floyd Wiggins III,69fdef7d0e86e2f8723d7c04,"3rd754 - 9500 E. 63rd Street {PCJW, LLC}",evidenceOfInsurance,Evidence of Insurance,commercialGeneralLiability,Commercial General Liability,evidenceOfInsuranceCommercialGeneralLiabilityGeneralAggregateLimitAppliesPerLocation,General Aggregate Limit Applies per: Location,,matchOnce,must be present,,,non_compliant,Block Requirements,,,false,0,,2026-08-16
"Block Real Estate Services, LLC",69fdf75c62446148bd855f6e,69fded1362446148bd848d30,Personal Care Dental Group / Dr. Floyd Wiggins III,69fdef7d0e86e2f8723d7c04,"3rd754 - 9500 E. 63rd Street {PCJW, LLC}",evidenceOfInsurance,Evidence of Insurance,commercialGeneralLiability,Commercial General Liability,evidenceOfInsuranceCommercialGeneralLiabilityEachOccurrence,Each Occurrence,,matchOnce,must be greater or equal to,1000000,,non_compliant,Block Requirements,,,false,0,,2026-08-16
"Block Real Estate Services, LLC",69fdf75c62446148bd855f6e,69fded1362446148bd848d30,Personal Care Dental Group / Dr. Floyd Wiggins III,69fdef7d0e86e2f8723d7c04,"3rd754 - 9500 E. 63rd Street {PCJW, LLC}",evidenceOfInsurance,Evidence of Insurance,commercialGeneralLiability,Commercial General Liability,evidenceOfInsuranceCommercialGeneralLiabilityGeneralAggregate,General Aggregate,,matchOnce,must be greater or equal to,2000000,,non_compliant,Block Requirements,,,false,0,,2026-08-16
"Block Real Estate Services, LLC",69fdf75c62446148bd855f6e,69fded1362446148bd848d30,Personal Care Dental Group / Dr. Floyd Wiggins III,69fdef7d0e86e2f8723d7c04,"3rd754 - 9500 E. 63rd Street {PCJW, LLC}",evidenceOfInsurance,Evidence of Insurance,commercialGeneralLiability,Commercial General Liability,evidenceOfInsuranceCommercialGeneralLiabilityWaiverOfSubrogationEndorsement,Waiver of Subrogation,"---prompt---
Determine if the insurer has waived their right of subrogation in favor of the certificate holder under the Commercial General Liability policy. Evidence may include: a checked ""Waiver of Subrogation"" box on the certificate, mention in the Description of Operations section stating ""waiver of subrogation applies"", or reference to form CG 24 04. Look for language like ""subrogation is waived"" or ""per written contract"".",matchOnce,must be present,,,non_compliant,Block Requirements,,,false,0,,2026-08-16
"Block Real Estate Services, LLC",69fdf75c62446148bd855f6e,69fded1362446148bd848d30,Personal Care Dental Group / Dr. Floyd Wiggins III,69fdef7d0e86e2f8723d7c04,"3rd754 - 9500 E. 63rd Street {PCJW, LLC}",evidenceOfInsurance,Evidence of Insurance,excessOrUmbrellaLiability,Umbrella/Excess Liability,evidenceOfInsuranceExcessOrUmbrellaLiabilityOccurence,Coverage Trigger: Occurrence,,matchOnce,must be present,,,non_compliant,Block Requirements,,,false,0,,2026-08-16
"Block Real Estate Services, LLC",69fdf75c62446148bd855f6e,69fded1362446148bd848d30,Personal Care Dental Group / Dr. Floyd Wiggins III,69fdef7d0e86e2f8723d7c04,"3rd754 - 9500 E. 63rd Street {PCJW, LLC}",evidenceOfInsurance,Evidence of Insurance,excessOrUmbrellaLiability,Umbrella/Excess Liability,evidenceOfInsuranceExcessOrUmbrellaLiabilityEachOccurrence,Each Occurrence,,matchOnce,must be greater or equal to,1000000,,non_compliant,Block Requirements,,,false,0,,2026-08-16
"Block Real Estate Services, LLC",69fdf75c62446148bd855f6e,69fded1362446148bd848d30,Personal Care Dental Group / Dr. Floyd Wiggins III,69fdef7d0e86e2f8723d7c04,"3rd754 - 9500 E. 63rd Street {PCJW, LLC}",evidenceOfInsurance,Evidence of Insurance,excessOrUmbrellaLiability,Umbrella/Excess Liability,evidenceOfInsuranceExcessOrUmbrellaLiabilityAggregate,Aggregate,,matchOnce,must be greater or equal to,1000000,,non_compliant,Block Requirements,,,false,0,,2026-08-16
"Block Real Estate Services, LLC",69fdf75c62446148bd855f6e,69fded1362446148bd848d30,Personal Care Dental Group / Dr. Floyd Wiggins III,69fdef7d0e86e2f8723d7c04,"3rd754 - 9500 E. 63rd Street {PCJW, LLC}",evidenceOfInsurance,Evidence of Insurance,workersCompensation,Workers' Compensation and Employer's Liability,evidenceOfInsuranceWorkersCompensationStatutoryLimits,Statutory Limits,,matchOnce,must be present,,,non_compliant,Block Requirements,,,false,0,,2026-08-16
"Block Real Estate Services, LLC",69fdf75c62446148bd855f6e,69fded1362446148bd848d30,Personal Care Dental Group / Dr. Floyd Wiggins III,69fdef7d0e86e2f8723d7c04,"3rd754 - 9500 E. 63rd Street {PCJW, LLC}",evidenceOfInsurance,Evidence of Insurance,workersCompensation,Workers' Compensation and Employer's Liability,evidenceOfInsuranceWorkersCompensationEmployersLiabilityEachAccident,Employer's Liability Each Accident,,matchOnce,must be greater or equal to,500000,,non_compliant,Block Requirements,,,false,0,,2026-08-16
"Block Real Estate Services, LLC",69fdf75c62446148bd855f6e,69fded1362446148bd848d30,Personal Care Dental Group / Dr. Floyd Wiggins III,69fdef7d0e86e2f8723d7c04,"3rd754 - 9500 E. 63rd Street {PCJW, LLC}",evidenceOfInsurance,Evidence of Insurance,workersCompensation,Workers' Compensation and Employer's Liability,evidenceOfInsuranceWorkersCompensationEmployersLiabilityDiseaseEachEmployee,Employer's Liability Disease - each employee,,matchOnce,must be greater or equal to,500000,,non_compliant,Block Requirements,,,false,0,,2026-08-16
"Block Real Estate Services, LLC",69fdf75c62446148bd855f6e,69fded1362446148bd848d30,Personal Care Dental Group / Dr. Floyd Wiggins III,69fdef7d0e86e2f8723d7c04,"3rd754 - 9500 E. 63rd Street {PCJW, LLC}",evidenceOfInsurance,Evidence of Insurance,workersCompensation,Workers' Compensation and Employer's Liability,evidenceOfInsuranceWorkersCompensationEmployersLiabilityDiseasePolicyLimit,Employer's Liability Disease - policy limit,,matchOnce,must be greater or equal to,500000,,non_compliant,Block Requirements,,,false,0,,2026-08-16
"Block Real Estate Services, LLC",69fdf75c62446148bd855f6e,69fded1362446148bd848d30,Personal Care Dental Group / Dr. Floyd Wiggins III,69fdef7d0e86e2f8723d7c04,"3rd754 - 9500 E. 63rd Street {PCJW, LLC}",evidenceOfInsurance,Evidence of Insurance,workersCompensation,Workers' Compensation and Employer's Liability,evidenceOfInsuranceWorkersCompensationWaiverOfSubrogationEndorsement,Waiver of Subrogation,"---prompt---
Determine if the insurer has waived their right of subrogation in favor of the certificate holder under the Workers' Compensation policy. Evidence may include: a checked ""Waiver of Subrogation"" box on the certificate, mention in the Description of Operations section stating ""waiver of subrogation applies"", or reference to form WC 00 03 13. Look for language like ""subrogation is waived"" or ""per written contract"".",matchOnce,must be present,,,non_compliant,Block Requirements,,,false,0,,2026-08-16
"Block Real Estate Services, LLC",69fdf75c62446148bd855f6e,69fded1362446148bd848d30,Personal Care Dental Group / Dr. Floyd Wiggins III,69fdef7d0e86e2f8723d7c04,"3rd754 - 9500 E. 63rd Street {PCJW, LLC}",evidenceOfInsurance,Evidence of Insurance,6ac20aae-5728-5d57-b364-aeba38527dba,Additional Requirements,4da5b0f1-4c9d-5885-8cf8-5d3cccaed3e0,"Block Real Estate Services, LLC and all others required by contract are named as Additional Insureds","---prompt---
Determine if the Description of Operations or the Additional Remarks Schedule section states the ""Additional Insured as Construction Management, Inc. and all others required by contract"" or reference to blanket additional insured coverage. Look for language like ""certificate holder is additional insured"" or ""per written contract"".",matchOnce,must be present,,,non_compliant,Block Requirements,,,true,0,,2026-08-16
"Block Real Estate Services, LLC",69fdf75c62446148bd855f6e,69fded1362446148bd848d30,Personal Care Dental Group / Dr. Floyd Wiggins III,69fdef7d0e86e2f8723d7c04,"3rd754 - 9500 E. 63rd Street {PCJW, LLC}",evidenceOfInsurance,Evidence of Insurance,6ac20aae-5728-5d57-b364-aeba38527dba,Additional Requirements,e1017741-e47e-5f58-97b8-fbc3043e919f,Umbrella follows form over General Liability,"---prompt---
Determine if the Umbrella/Excess Liability policy follows form to the underlying policies. Evidence may include: language in the Description of Operations section stating the umbrella follows form to underlying coverages or an additional page endorsement stating that it follows form. Follow form means the umbrella policy adopts the same terms, conditions, and exclusions as the underlying policies.",matchOnce,must be present,,,non_compliant,Block Requirements,,,true,0,,2026-08-16
"Block Real Estate Services, LLC",69fdf75c62446148bd855f6e,69fded1362446148bd848d30,Personal Care Dental Group / Dr. Floyd Wiggins III,69fdef7d0e86e2f8723d7c04,"3rd754 - 9500 E. 63rd Street {PCJW, LLC}",evidenceOfInsurance,Evidence of Insurance,6ac20aae-5728-5d57-b364-aeba38527dba,Additional Requirements,2cdd866f-c9a4-576a-afd8-1d045762790c,"The location must be listed as: 9500 E. 63rd Street, Suite 103, Raytown, MO, 64133",,matchOnce,must be present,,,non_compliant,Block Requirements,,,true,0,,2026-08-16
"Block Real Estate Services, LLC",69fdf75c62446148bd855f6e,69fded1362446148bd848d30,Personal Care Dental Group / Dr. Floyd Wiggins III,69fdef7d0e86e2f8723d7c04,"3rd754 - 9500 E. 63rd Street {PCJW, LLC}",evidenceOfInsurance,Evidence of Insurance,6ac20aae-5728-5d57-b364-aeba38527dba,Additional Requirements,3649e9d1-4e09-59bf-8f30-cb33c40cf117,"Certificate Holder must read: c/o Block Real Estate Services, LLC, 4622 Pennsylvania St., Suite 700, Kansas City, MO, 64112",,matchOnce,must be present,,,non_compliant,Block Requirements,,,true,0,,2026-08-16
"Block Real Estate Services, LLC",69fdf75c62446148bd855f6d,69fded1162446148bd848c76,"Chrysalis Center, LLC",69fdef7d0e86e2f8723d7c04,"3rd754 - 9500 E. 63rd Street {PCJW, LLC}",evidenceOfInsurance,Evidence of Insurance,commercialGeneralLiability,Commercial General Liability,evidenceOfInsuranceCommercialGeneralLiabilityCoverageTriggerOccurrence,Coverage Trigger: Occurrence,,matchOnce,must be present,,,non_compliant,Block Requirements,,,false,0,,2026-08-16
"Block Real Estate Services, LLC",69fdf75c62446148bd855f6d,69fded1162446148bd848c76,"Chrysalis Center, LLC",69fdef7d0e86e2f8723d7c04,"3rd754 - 9500 E. 63rd Street {PCJW, LLC}",evidenceOfInsurance,Evidence of Insurance,commercialGeneralLiability,Commercial General Liability,evidenceOfInsuranceCommercialGeneralLiabilityGeneralAggregateLimitAppliesPerLocation,General Aggregate Limit Applies per: Location,,matchOnce,must be present,,,non_compliant,Block Requirements,,,false,0,,2026-08-16
"Block Real Estate Services, LLC",69fdf75c62446148bd855f6d,69fded1162446148bd848c76,"Chrysalis Center, LLC",69fdef7d0e86e2f8723d7c04,"3rd754 - 9500 E. 63rd Street {PCJW, LLC}",evidenceOfInsurance,Evidence of Insurance,commercialGeneralLiability,Commercial General Liability,evidenceOfInsuranceCommercialGeneralLiabilityEachOccurrence,Each Occurrence,,matchOnce,must be greater or equal to,1000000,1000000,compliant,Block Requirements,,,false,1,,2026-08-16
"Block Real Estate Services, LLC",69fdf75c62446148bd855f6d,69fded1162446148bd848c76,"Chrysalis Center, LLC",69fdef7d0e86e2f8723d7c04,"3rd754 - 9500 E. 63rd Street {PCJW, LLC}",evidenceOfInsurance,Evidence of Insurance,commercialGeneralLiability,Commercial General Liability,evidenceOfInsuranceCommercialGeneralLiabilityGeneralAggregate,General Aggregate,,matchOnce,must be greater or equal to,2000000,1000000,non_compliant,Block Requirements,,,false,1,,2026-08-16
"Block Real Estate Services, LLC",69fdf75c62446148bd855f6d,69fded1162446148bd848c76,"Chrysalis Center, LLC",69fdef7d0e86e2f8723d7c04,"3rd754 - 9500 E. 63rd Street {PCJW, LLC}",evidenceOfInsurance,Evidence of Insurance,commercialGeneralLiability,Commercial General Liability,evidenceOfInsuranceCommercialGeneralLiabilityWaiverOfSubrogationEndorsement,Waiver of Subrogation,"---prompt---
Determine if the insurer has waived their right of subrogation in favor of the certificate holder under the Commercial General Liability policy. Evidence may include: a checked ""Waiver of Subrogation"" box on the certificate, mention in the Description of Operations section stating ""waiver of subrogation applies"", or reference to form CG 24 04. Look for language like ""subrogation is waived"" or ""per written contract"".",matchOnce,must be present,,,non_compliant,Block Requirements,,,false,0,,2026-08-16
"Block Real Estate Services, LLC",69fdf75c62446148bd855f6d,69fded1162446148bd848c76,"Chrysalis Center, LLC",69fdef7d0e86e2f8723d7c04,"3rd754 - 9500 E. 63rd Street {PCJW, LLC}",evidenceOfInsurance,Evidence of Insurance,excessOrUmbrellaLiability,Umbrella/Excess Liability,evidenceOfInsuranceExcessOrUmbrellaLiabilityOccurence,Coverage Trigger: Occurrence,,matchOnce,must be present,,,non_compliant,Block Requirements,,,false,0,,2026-08-16
"Block Real Estate Services, LLC",69fdf75c62446148bd855f6d,69fded1162446148bd848c76,"Chrysalis Center, LLC",69fdef7d0e86e2f8723d7c04,"3rd754 - 9500 E. 63rd Street {PCJW, LLC}",evidenceOfInsurance,Evidence of Insurance,excessOrUmbrellaLiability,Umbrella/Excess Liability,evidenceOfInsuranceExcessOrUmbrellaLiabilityEachOccurrence,Each Occurrence,,matchOnce,must be greater or equal to,1000000,,non_compliant,Block Requirements,,,false,0,,2026-08-16
"Block Real Estate Services, LLC",69fdf75c62446148bd855f6d,69fded1162446148bd848c76,"Chrysalis Center, LLC",69fdef7d0e86e2f8723d7c04,"3rd754 - 9500 E. 63rd Street {PCJW, LLC}",evidenceOfInsurance,Evidence of Insurance,excessOrUmbrellaLiability,Umbrella/Excess Liability,evidenceOfInsuranceExcessOrUmbrellaLiabilityAggregate,Aggregate,,matchOnce,must be greater or equal to,1000000,,non_compliant,Block Requirements,,,false,0,,2026-08-16
"Block Real Estate Services, LLC",69fdf75c62446148bd855f6d,69fded1162446148bd848c76,"Chrysalis Center, LLC",69fdef7d0e86e2f8723d7c04,"3rd754 - 9500 E. 63rd Street {PCJW, LLC}",evidenceOfInsurance,Evidence of Insurance,workersCompensation,Workers' Compensation and Employer's Liability,evidenceOfInsuranceWorkersCompensationStatutoryLimits,Statutory Limits,,matchOnce,must be present,,,non_compliant,Block Requirements,,,false,0,,2026-08-16
"Block Real Estate Services, LLC",69fdf75c62446148bd855f6d,69fded1162446148bd848c76,"Chrysalis Center, LLC",69fdef7d0e86e2f8723d7c04,"3rd754 - 9500 E. 63rd Street {PCJW, LLC}",evidenceOfInsurance,Evidence of Insurance,workersCompensation,Workers' Compensation and Employer's Liability,evidenceOfInsuranceWorkersCompensationEmployersLiabilityEachAccident,Employer's Liability Each Accident,,matchOnce,must be greater or equal to,500000,,non_compliant,Block Requirements,,,false,0,,2026-08-16
"Block Real Estate Services, LLC",69fdf75c62446148bd855f6d,69fded1162446148bd848c76,"Chrysalis Center, LLC",69fdef7d0e86e2f8723d7c04,"3rd754 - 9500 E. 63rd Street {PCJW, LLC}",evidenceOfInsurance,Evidence of Insurance,workersCompensation,Workers' Compensation and Employer's Liability,evidenceOfInsuranceWorkersCompensationEmployersLiabilityDiseaseEachEmployee,Employer's Liability Disease - each employee,,matchOnce,must be greater or equal to,500000,,non_compliant,Block Requirements,,,false,0,,2026-08-16
"Block Real Estate Services, LLC",69fdf75c62446148bd855f6d,69fded1162446148bd848c76,"Chrysalis Center, LLC",69fdef7d0e86e2f8723d7c04,"3rd754 - 9500 E. 63rd Street {PCJW, LLC}",evidenceOfInsurance,Evidence of Insurance,workersCompensation,Workers' Compensation and Employer's Liability,evidenceOfInsuranceWorkersCompensationEmployersLiabilityDiseasePolicyLimit,Employer's Liability Disease - policy limit,,matchOnce,must be greater or equal to,500000,,non_compliant,Block Requirements,,,false,0,,2026-08-16
"Block Real Estate Services, LLC",69fdf75c62446148bd855f6d,69fded1162446148bd848c76,"Chrysalis Center, LLC",69fdef7d0e86e2f8723d7c04,"3rd754 - 9500 E. 63rd Street {PCJW, LLC}",evidenceOfInsurance,Evidence of Insurance,workersCompensation,Workers' Compensation and Employer's Liability,evidenceOfInsuranceWorkersCompensationWaiverOfSubrogationEndorsement,Waiver of Subrogation,"---prompt---
Determine if the insurer has waived their right of subrogation in favor of the certificate holder under the Workers' Compensation policy. Evidence may include: a checked ""Waiver of Subrogation"" box on the certificate, mention in the Description of Operations section stating ""waiver of subrogation applies"", or reference to form WC 00 03 13. Look for language like ""subrogation is waived"" or ""per written contract"".",matchOnce,must be present,,,non_compliant,Block Requirements,,,false,0,,2026-08-16
"Block Real Estate Services, LLC",69fdf75c62446148bd855f6d,69fded1162446148bd848c76,"Chrysalis Center, LLC",69fdef7d0e86e2f8723d7c04,"3rd754 - 9500 E. 63rd Street {PCJW, LLC}",evidenceOfInsurance,Evidence of Insurance,6ac20aae-5728-5d57-b364-aeba38527dba,Additional Requirements,4da5b0f1-4c9d-5885-8cf8-5d3cccaed3e0,"Block Real Estate Services, LLC and all others required by contract are named as Additional Insureds","---prompt---
Determine if the Description of Operations or the Additional Remarks Schedule section states the ""Additional Insured as Construction Management, Inc. and all others required by contract"" or reference to blanket additional insured coverage. Look for language like ""certificate holder is additional insured"" or ""per written contract"".",matchOnce,must be present,,,non_compliant,Block Requirements,,,true,0,,2026-08-16
"Block Real Estate Services, LLC",69fdf75c62446148bd855f6d,69fded1162446148bd848c76,"Chrysalis Center, LLC",69fdef7d0e86e2f8723d7c04,"3rd754 - 9500 E. 63rd Street {PCJW, LLC}",evidenceOfInsurance,Evidence of Insurance,6ac20aae-5728-5d57-b364-aeba38527dba,Additional Requirements,e1017741-e47e-5f58-97b8-fbc3043e919f,Umbrella follows form over General Liability,"---prompt---
Determine if the Umbrella/Excess Liability policy follows form to the underlying policies. Evidence may include: language in the Description of Operations section stating the umbrella follows form to underlying coverages or an additional page endorsement stating that it follows form. Follow form means the umbrella policy adopts the same terms, conditions, and exclusions as the underlying policies.",matchOnce,must be present,,,non_compliant,Block Requirements,,,true,0,,2026-08-16
"Block Real Estate Services, LLC",69fdf75c62446148bd855f6d,69fded1162446148bd848c76,"Chrysalis Center, LLC",69fdef7d0e86e2f8723d7c04,"3rd754 - 9500 E. 63rd Street {PCJW, LLC}",evidenceOfInsurance,Evidence of Insurance,6ac20aae-5728-5d57-b364-aeba38527dba,Additional Requirements,2cdd866f-c9a4-576a-afd8-1d045762790c,"The location must be listed as: 9500 E. 63rd Street, Suite 108, Raytown, MO, 64133",,matchOnce,must be present,,,non_compliant,Block Requirements,,,true,0,,2026-08-16
"Block Real Estate Services, LLC",69fdf75c62446148bd855f6d,69fded1162446148bd848c76,"Chrysalis Center, LLC",69fdef7d0e86e2f8723d7c04,"3rd754 - 9500 E. 63rd Street {PCJW, LLC}",evidenceOfInsurance,Evidence of Insurance,6ac20aae-5728-5d57-b364-aeba38527dba,Additional Requirements,3649e9d1-4e09-59bf-8f30-cb33c40cf117,"Certificate Holder must read: c/o Block Real Estate Services, LLC, 4622 Pennsylvania St., Suite 700, Kansas City, MO, 64112",,matchOnce,must be present,,,non_compliant,Block Requirements,,,true,0,,2026-08-16
"Block Real Estate Services, LLC",69fdf78062446148bd8587e3,69fded1f62446148bd8490de,Longhorn Steakhouse / RARE Hospitality of Kansas,69fdf0aa38cbea6b3a691e24,"mel786 - Village West Park/I-70 Speedway {Melville, LLC}",evidenceOfInsurance,Evidence of Insurance,commercialGeneralLiability,Commercial General Liability,evidenceOfInsuranceCommercialGeneralLiabilityCoverageTriggerOccurrence,Coverage Trigger: Occurrence,,matchOnce,must be present,,,non_compliant,Block Requirements,,,false,0,,2026-08-16
"Block Real Estate Services, LLC",69fdf78062446148bd8587e3,69fded1f62446148bd8490de,Longhorn Steakhouse / RARE Hospitality of Kansas,69fdf0aa38cbea6b3a691e24,"mel786 - Village West Park/I-70 Speedway {Melville, LLC}",evidenceOfInsurance,Evidence of Insurance,commercialGeneralLiability,Commercial General Liability,evidenceOfInsuranceCommercialGeneralLiabilityGeneralAggregateLimitAppliesPerLocation,General Aggregate Limit Applies per: Location,,matchOnce,must be present,,,non_compliant,Block Requirements,,,false,0,,2026-08-16
"Block Real Estate Services, LLC",69fdf78062446148bd8587e3,69fded1f62446148bd8490de,Longhorn Steakhouse / RARE Hospitality of Kansas,69fdf0aa38cbea6b3a691e24,"mel786 - Village West Park/I-70 Speedway {Melville, LLC}",evidenceOfInsurance,Evidence of Insurance,commercialGeneralLiability,Commercial General Liability,evidenceOfInsuranceCommercialGeneralLiabilityEachOccurrence,Each Occurrence,,matchOnce,must be greater or equal to,1000000,,non_compliant,Block Requirements,,,false,0,,2026-08-16
"Block Real Estate Services, LLC",69fdf78062446148bd8587e3,69fded1f62446148bd8490de,Longhorn Steakhouse / RARE Hospitality of Kansas,69fdf0aa38cbea6b3a691e24,"mel786 - Village West Park/I-70 Speedway {Melville, LLC}",evidenceOfInsurance,Evidence of Insurance,commercialGeneralLiability,Commercial General Liability,evidenceOfInsuranceCommercialGeneralLiabilityGeneralAggregate,General Aggregate,,matchOnce,must be greater or equal to,2000000,,non_compliant,Block Requirements,,,false,0,,2026-08-16
"Block Real Estate Services, LLC",69fdf78062446148bd8587e3,69fded1f62446148bd8490de,Longhorn Steakhouse / RARE Hospitality of Kansas,69fdf0aa38cbea6b3a691e24,"mel786 - Village West Park/I-70 Speedway {Melville, LLC}",evidenceOfInsurance,Evidence of Insurance,commercialGeneralLiability,Commercial General Liability,evidenceOfInsuranceCommercialGeneralLiabilityWaiverOfSubrogationEndorsement,Waiver of Subrogation,"---prompt---
Determine if the insurer has waived their right of subrogation in favor of the certificate holder under the Commercial General Liability policy. Evidence may include: a checked ""Waiver of Subrogation"" box on the certificate, mention in the Description of Operations section stating ""waiver of subrogation applies"", or reference to form CG 24 04. Look for language like ""subrogation is waived"" or ""per written contract"".",matchOnce,must be present,,,non_compliant,Block Requirements,,,false,0,,2026-08-16
"Block Real Estate Services, LLC",69fdf78062446148bd8587e3,69fded1f62446148bd8490de,Longhorn Steakhouse / RARE Hospitality of Kansas,69fdf0aa38cbea6b3a691e24,"mel786 - Village West Park/I-70 Speedway {Melville, LLC}",evidenceOfInsurance,Evidence of Insurance,excessOrUmbrellaLiability,Umbrella/Excess Liability,evidenceOfInsuranceExcessOrUmbrellaLiabilityOccurence,Coverage Trigger: Occurrence,,matchOnce,must be present,,,non_compliant,Block Requirements,,,false,0,,2026-08-16
"Block Real Estate Services, LLC",69fdf78062446148bd8587e3,69fded1f62446148bd8490de,Longhorn Steakhouse / RARE Hospitality of Kansas,69fdf0aa38cbea6b3a691e24,"mel786 - Village West Park/I-70 Speedway {Melville, LLC}",evidenceOfInsurance,Evidence of Insurance,excessOrUmbrellaLiability,Umbrella/Excess Liability,evidenceOfInsuranceExcessOrUmbrellaLiabilityEachOccurrence,Each Occurrence,,matchOnce,must be greater or equal to,1000000,,non_compliant,Block Requirements,,,false,0,,2026-08-16
"Block Real Estate Services, LLC",69fdf78062446148bd8587e3,69fded1f62446148bd8490de,Longhorn Steakhouse / RARE Hospitality of Kansas,69fdf0aa38cbea6b3a691e24,"mel786 - Village West Park/I-70 Speedway {Melville, LLC}",evidenceOfInsurance,Evidence of Insurance,excessOrUmbrellaLiability,Umbrella/Excess Liability,evidenceOfInsuranceExcessOrUmbrellaLiabilityAggregate,Aggregate,,matchOnce,must be greater or equal to,1000000,,non_compliant,Block Requirements,,,false,0,,2026-08-16
"Block Real Estate Services, LLC",69fdf78062446148bd8587e3,69fded1f62446148bd8490de,Longhorn Steakhouse / RARE Hospitality of Kansas,69fdf0aa38cbea6b3a691e24,"mel786 - Village West Park/I-70 Speedway {Melville, LLC}",evidenceOfInsurance,Evidence of Insurance,workersCompensation,Workers' Compensation and Employer's Liability,evidenceOfInsuranceWorkersCompensationStatutoryLimits,Statutory Limits,,matchOnce,must be present,,,non_compliant,Block Requirements,,,false,0,,2026-08-16
"Block Real Estate Services, LLC",69fdf78062446148bd8587e3,69fded1f62446148bd8490de,Longhorn Steakhouse / RARE Hospitality of Kansas,69fdf0aa38cbea6b3a691e24,"mel786 - Village West Park/I-70 Speedway {Melville, LLC}",evidenceOfInsurance,Evidence of Insurance,workersCompensation,Workers' Compensation and Employer's Liability,evidenceOfInsuranceWorkersCompensationEmployersLiabilityEachAccident,Employer's Liability Each Accident,,matchOnce,must be greater or equal to,500000,,non_compliant,Block Requirements,,,false,0,,2026-08-16
"Block Real Estate Services, LLC",69fdf78062446148bd8587e3,69fded1f62446148bd8490de,Longhorn Steakhouse / RARE Hospitality of Kansas,69fdf0aa38cbea6b3a691e24,"mel786 - Village West Park/I-70 Speedway {Melville, LLC}",evidenceOfInsurance,Evidence of Insurance,workersCompensation,Workers' Compensation and Employer's Liability,evidenceOfInsuranceWorkersCompensationEmployersLiabilityDiseaseEachEmployee,Employer's Liability Disease - each employee,,matchOnce,must be greater or equal to,500000,,non_compliant,Block Requirements,,,false,0,,2026-08-16
"Block Real Estate Services, LLC",69fdf78062446148bd8587e3,69fded1f62446148bd8490de,Longhorn Steakhouse / RARE Hospitality of Kansas,69fdf0aa38cbea6b3a691e24,"mel786 - Village West Park/I-70 Speedway {Melville, LLC}",evidenceOfInsurance,Evidence of Insurance,workersCompensation,Workers' Compensation and Employer's Liability,evidenceOfInsuranceWorkersCompensationEmployersLiabilityDiseasePolicyLimit,Employer's Liability Disease - policy limit,,matchOnce,must be greater or equal to,500000,,non_compliant,Block Requirements,,,false,0,,2026-08-16
"Block Real Estate Services, LLC",69fdf78062446148bd8587e3,69fded1f62446148bd8490de,Longhorn Steakhouse / RARE Hospitality of Kansas,69fdf0aa38cbea6b3a691e24,"mel786 - Village West Park/I-70 Speedway {Melville, LLC}",evidenceOfInsurance,Evidence of Insurance,workersCompensation,Workers' Compensation and Employer's Liability,evidenceOfInsuranceWorkersCompensationWaiverOfSubrogationEndorsement,Waiver of Subrogation,"---prompt---
Determine if the insurer has waived their right of subrogation in favor of the certificate holder under the Workers' Compensation policy. Evidence may include: a checked ""Waiver of Subrogation"" box on the certificate, mention in the Description of Operations section stating ""waiver of subrogation applies"", or reference to form WC 00 03 13. Look for language like ""subrogation is waived"" or ""per written contract"".",matchOnce,must be present,,,non_compliant,Block Requirements,,,false,0,,2026-08-16
"Block Real Estate Services, LLC",69fdf78062446148bd8587e3,69fded1f62446148bd8490de,Longhorn Steakhouse / RARE Hospitality of Kansas,69fdf0aa38cbea6b3a691e24,"mel786 - Village West Park/I-70 Speedway {Melville, LLC}",evidenceOfInsurance,Evidence of Insurance,6ac20aae-5728-5d57-b364-aeba38527dba,Additional Requirements,4da5b0f1-4c9d-5885-8cf8-5d3cccaed3e0,"Block Real Estate Services, LLC and all others required by contract are named as Additional Insureds","---prompt---
Determine if the Description of Operations or the Additional Remarks Schedule section states the ""Additional Insured as Construction Management, Inc. and all others required by contract"" or reference to blanket additional insured coverage. Look for language like ""certificate holder is additional insured"" or ""per written contract"".",matchOnce,must be present,,,non_compliant,Block Requirements,,,true,0,,2026-08-16
"Block Real Estate Services, LLC",69fdf78062446148bd8587e3,69fded1f62446148bd8490de,Longhorn Steakhouse / RARE Hospitality of Kansas,69fdf0aa38cbea6b3a691e24,"mel786 - Village West Park/I-70 Speedway {Melville, LLC}",evidenceOfInsurance,Evidence of Insurance,6ac20aae-5728-5d57-b364-aeba38527dba,Additional Requirements,e1017741-e47e-5f58-97b8-fbc3043e919f,Umbrella follows form over General Liability,"---prompt---
Determine if the Umbrella/Excess Liability policy follows form to the underlying policies. Evidence may include: language in the Description of Operations section stating the umbrella follows form to underlying coverages or an additional page endorsement stating that it follows form. Follow form means the umbrella policy adopts the same terms, conditions, and exclusions as the underlying policies.",matchOnce,must be present,,,non_compliant,Block Requirements,,,true,0,,2026-08-16
"Block Real Estate Services, LLC",69fdf78062446148bd8587e3,69fded1f62446148bd8490de,Longhorn Steakhouse / RARE Hospitality of Kansas,69fdf0aa38cbea6b3a691e24,"mel786 - Village West Park/I-70 Speedway {Melville, LLC}",evidenceOfInsurance,Evidence of Insurance,6ac20aae-5728-5d57-b364-aeba38527dba,Additional Requirements,2cdd866f-c9a4-576a-afd8-1d045762790c,The location must be listed as: 1708 Village West Parkway Kansas City KS 66111,,matchOnce,must be present,,,non_compliant,Block Requirements,,,true,0,,2026-08-16
"Block Real Estate Services, LLC",69fdf78062446148bd8587e3,69fded1f62446148bd8490de,Longhorn Steakhouse / RARE Hospitality of Kansas,69fdf0aa38cbea6b3a691e24,"mel786 - Village West Park/I-70 Speedway {Melville, LLC}",evidenceOfInsurance,Evidence of Insurance,6ac20aae-5728-5d57-b364-aeba38527dba,Additional Requirements,3649e9d1-4e09-59bf-8f30-cb33c40cf117,"Certificate Holder must read: c/o Block Real Estate Services, LLC, 4622 Pennsylvania St., Suite 700, Kansas City, MO, 64112",,matchOnce,must be present,,,non_compliant,Block Requirements,,,true,0,,2026-08-16
"Block Real Estate Services, LLC",6a188721f57d1e1a07a14b26,6a188717b517ae25a883e8df,"Lot 7, Village West",69fdf0aa38cbea6b3a691e24,"mel786 - Village West Park/I-70 Speedway {Melville, LLC}",evidenceOfInsurance,Evidence of Insurance,commercialGeneralLiability,Commercial General Liability,evidenceOfInsuranceCommercialGeneralLiabilityCoverageTriggerOccurrence,Coverage Trigger: Occurrence,,matchOnce,must be present,,,non_compliant,Block Requirements,,,false,0,,2026-08-16
"Block Real Estate Services, LLC",6a188721f57d1e1a07a14b26,6a188717b517ae25a883e8df,"Lot 7, Village West",69fdf0aa38cbea6b3a691e24,"mel786 - Village West Park/I-70 Speedway {Melville, LLC}",evidenceOfInsurance,Evidence of Insurance,commercialGeneralLiability,Commercial General Liability,evidenceOfInsuranceCommercialGeneralLiabilityGeneralAggregateLimitAppliesPerLocation,General Aggregate Limit Applies per: Location,,matchOnce,must be present,,,non_compliant,Block Requirements,,,false,0,,2026-08-16
"Block Real Estate Services, LLC",6a188721f57d1e1a07a14b26,6a188717b517ae25a883e8df,"Lot 7, Village West",69fdf0aa38cbea6b3a691e24,"mel786 - Village West Park/I-70 Speedway {Melville, LLC}",evidenceOfInsurance,Evidence of Insurance,commercialGeneralLiability,Commercial General Liability,evidenceOfInsuranceCommercialGeneralLiabilityEachOccurrence,Each Occurrence,,matchOnce,must be greater or equal to,1000000,,non_compliant,Block Requirements,,,false,0,,2026-08-16
"Block Real Estate Services, LLC",6a188721f57d1e1a07a14b26,6a188717b517ae25a883e8df,"Lot 7, Village West",69fdf0aa38cbea6b3a691e24,"mel786 - Village West Park/I-70 Speedway {Melville, LLC}",evidenceOfInsurance,Evidence of Insurance,commercialGeneralLiability,Commercial General Liability,evidenceOfInsuranceCommercialGeneralLiabilityGeneralAggregate,General Aggregate,,matchOnce,must be greater or equal to,2000000,,non_compliant,Block Requirements,,,false,0,,2026-08-16
"Block Real Estate Services, LLC",6a188721f57d1e1a07a14b26,6a188717b517ae25a883e8df,"Lot 7, Village West",69fdf0aa38cbea6b3a691e24,"mel786 - Village West Park/I-70 Speedway {Melville, LLC}",evidenceOfInsurance,Evidence of Insurance,commercialGeneralLiability,Commercial General Liability,evidenceOfInsuranceCommercialGeneralLiabilityWaiverOfSubrogationEndorsement,Waiver of Subrogation,"---prompt---
Determine if the insurer has waived their right of subrogation in favor of the certificate holder under the Commercial General Liability policy. Evidence may include: a checked ""Waiver of Subrogation"" box on the certificate, mention in the Description of Operations section stating ""waiver of subrogation applies"", or reference to form CG 24 04. Look for language like ""subrogation is waived"" or ""per written contract"".",matchOnce,must be present,,,non_compliant,Block Requirements,,,false,0,,2026-08-16
"Block Real Estate Services, LLC",6a188721f57d1e1a07a14b26,6a188717b517ae25a883e8df,"Lot 7, Village West",69fdf0aa38cbea6b3a691e24,"mel786 - Village West Park/I-70 Speedway {Melville, LLC}",evidenceOfInsurance,Evidence of Insurance,excessOrUmbrellaLiability,Umbrella/Excess Liability,evidenceOfInsuranceExcessOrUmbrellaLiabilityOccurence,Coverage Trigger: Occurrence,,matchOnce,must be present,,,non_compliant,Block Requirements,,,false,0,,2026-08-16
"Block Real Estate Services, LLC",6a188721f57d1e1a07a14b26,6a188717b517ae25a883e8df,"Lot 7, Village West",69fdf0aa38cbea6b3a691e24,"mel786 - Village West Park/I-70 Speedway {Melville, LLC}",evidenceOfInsurance,Evidence of Insurance,excessOrUmbrellaLiability,Umbrella/Excess Liability,evidenceOfInsuranceExcessOrUmbrellaLiabilityEachOccurrence,Each Occurrence,,matchOnce,must be greater or equal to,1000000,,non_compliant,Block Requirements,,,false,0,,2026-08-16
"Block Real Estate Services, LLC",6a188721f57d1e1a07a14b26,6a188717b517ae25a883e8df,"Lot 7, Village West",69fdf0aa38cbea6b3a691e24,"mel786 - Village West Park/I-70 Speedway {Melville, LLC}",evidenceOfInsurance,Evidence of Insurance,excessOrUmbrellaLiability,Umbrella/Excess Liability,evidenceOfInsuranceExcessOrUmbrellaLiabilityAggregate,Aggregate,,matchOnce,must be greater or equal to,1000000,,non_compliant,Block Requirements,,,false,0,,2026-08-16
"Block Real Estate Services, LLC",6a188721f57d1e1a07a14b26,6a188717b517ae25a883e8df,"Lot 7, Village West",69fdf0aa38cbea6b3a691e24,"mel786 - Village West Park/I-70 Speedway {Melville, LLC}",evidenceOfInsurance,Evidence of Insurance,workersCompensation,Workers' Compensation and Employer's Liability,evidenceOfInsuranceWorkersCompensationStatutoryLimits,Statutory Limits,,matchOnce,must be present,,,non_compliant,Block Requirements,,,false,0,,2026-08-16
"Block Real Estate Services, LLC",6a188721f57d1e1a07a14b26,6a188717b517ae25a883e8df,"Lot 7, Village West",69fdf0aa38cbea6b3a691e24,"mel786 - Village West Park/I-70 Speedway {Melville, LLC}",evidenceOfInsurance,Evidence of Insurance,workersCompensation,Workers' Compensation and Employer's Liability,evidenceOfInsuranceWorkersCompensationEmployersLiabilityEachAccident,Employer's Liability Each Accident,,matchOnce,must be greater or equal to,500000,,non_compliant,Block Requirements,,,false,0,,2026-08-16
"Block Real Estate Services, LLC",6a188721f57d1e1a07a14b26,6a188717b517ae25a883e8df,"Lot 7, Village West",69fdf0aa38cbea6b3a691e24,"mel786 - Village West Park/I-70 Speedway {Melville, LLC}",evidenceOfInsurance,Evidence of Insurance,workersCompensation,Workers' Compensation and Employer's Liability,evidenceOfInsuranceWorkersCompensationEmployersLiabilityDiseaseEachEmployee,Employer's Liability Disease - each employee,,matchOnce,must be greater or equal to,500000,,non_compliant,Block Requirements,,,false,0,,2026-08-16
"Block Real Estate Services, LLC",6a188721f57d1e1a07a14b26,6a188717b517ae25a883e8df,"Lot 7, Village West",69fdf0aa38cbea6b3a691e24,"mel786 - Village West Park/I-70 Speedway {Melville, LLC}",evidenceOfInsurance,Evidence of Insurance,workersCompensation,Workers' Compensation and Employer's Liability,evidenceOfInsuranceWorkersCompensationEmployersLiabilityDiseasePolicyLimit,Employer's Liability Disease - policy limit,,matchOnce,must be greater or equal to,500000,,non_compliant,Block Requirements,,,false,0,,2026-08-16
"Block Real Estate Services, LLC",6a188721f57d1e1a07a14b26,6a188717b517ae25a883e8df,"Lot 7, Village West",69fdf0aa38cbea6b3a691e24,"mel786 - Village West Park/I-70 Speedway {Melville, LLC}",evidenceOfInsurance,Evidence of Insurance,workersCompensation,Workers' Compensation and Employer's Liability,evidenceOfInsuranceWorkersCompensationWaiverOfSubrogationEndorsement,Waiver of Subrogation,"---prompt---
Determine if the insurer has waived their right of subrogation in favor of the certificate holder under the Workers' Compensation policy. Evidence may include: a checked ""Waiver of Subrogation"" box on the certificate, mention in the Description of Operations section stating ""waiver of subrogation applies"", or reference to form WC 00 03 13. Look for language like ""subrogation is waived"" or ""per written contract"".",matchOnce,must be present,,,non_compliant,Block Requirements,,,false,0,,2026-08-16
"Block Real Estate Services, LLC",6a188721f57d1e1a07a14b26,6a188717b517ae25a883e8df,"Lot 7, Village West",69fdf0aa38cbea6b3a691e24,"mel786 - Village West Park/I-70 Speedway {Melville, LLC}",evidenceOfInsurance,Evidence of Insurance,6ac20aae-5728-5d57-b364-aeba38527dba,Additional Requirements,4da5b0f1-4c9d-5885-8cf8-5d3cccaed3e0,"Block Real Estate Services, LLC and all others required by contract are named as Additional Insureds","---prompt---
Determine if the Description of Operations or the Additional Remarks Schedule section states the ""Additional Insured as Construction Management, Inc. and all others required by contract"" or reference to blanket additional insured coverage. Look for language like ""certificate holder is additional insured"" or ""per written contract"".",matchOnce,must be present,,,non_compliant,Block Requirements,,,true,0,,2026-08-16
"Block Real Estate Services, LLC",6a188721f57d1e1a07a14b26,6a188717b517ae25a883e8df,"Lot 7, Village West",69fdf0aa38cbea6b3a691e24,"mel786 - Village West Park/I-70 Speedway {Melville, LLC}",evidenceOfInsurance,Evidence of Insurance,6ac20aae-5728-5d57-b364-aeba38527dba,Additional Requirements,e1017741-e47e-5f58-97b8-fbc3043e919f,Umbrella follows form over General Liability,"---prompt---
Determine if the Umbrella/Excess Liability policy follows form to the underlying policies. Evidence may include: language in the Description of Operations section stating the umbrella follows form to underlying coverages or an additional page endorsement stating that it follows form. Follow form means the umbrella policy adopts the same terms, conditions, and exclusions as the underlying policies.",matchOnce,must be present,,,non_compliant,Block Requirements,,,true,0,,2026-08-16
"Block Real Estate Services, LLC",6a188721f57d1e1a07a14b26,6a188717b517ae25a883e8df,"Lot 7, Village West",69fdf0aa38cbea6b3a691e24,"mel786 - Village West Park/I-70 Speedway {Melville, LLC}",evidenceOfInsurance,Evidence of Insurance,6ac20aae-5728-5d57-b364-aeba38527dba,Additional Requirements,2cdd866f-c9a4-576a-afd8-1d045762790c,"The location must be listed as: 1708 Village West Parkway, Ground Kansas City KS 66111",,matchOnce,must be present,,,non_compliant,Block Requirements,,,true,0,,2026-08-16
"Block Real Estate Services, LLC",6a188721f57d1e1a07a14b26,6a188717b517ae25a883e8df,"Lot 7, Village West",69fdf0aa38cbea6b3a691e24,"mel786 - Village West Park/I-70 Speedway {Melville, LLC}",evidenceOfInsurance,Evidence of Insurance,6ac20aae-5728-5d57-b364-aeba38527dba,Additional Requirements,3649e9d1-4e09-59bf-8f30-cb33c40cf117,"Certificate Holder must read: c/o Block Real Estate Services, LLC, 4622 Pennsylvania St., Suite 700, Kansas City, MO, 64112",,matchOnce,must be present,,,non_compliant,Block Requirements,,,true,0,,2026-08-16
"Block Real Estate Services, LLC",69fdf79262446148bd859c50,69fded1362446148bd848d18,Discover Church,69fdf12502bb2c42a87a57e0,"prm796 - Prom Motor Hotel, Inc. - Airworld Industrial (fka Prom Airworld Center 9/10)",evidenceOfInsurance,Evidence of Insurance,commercialGeneralLiability,Commercial General Liability,evidenceOfInsuranceCommercialGeneralLiabilityCoverageTriggerOccurrence,Coverage Trigger: Occurrence,,matchOnce,must be present,,Present,compliant,Block Requirements,,,false,1,,2026-08-16
"Block Real Estate Services, LLC",69fdf79262446148bd859c50,69fded1362446148bd848d18,Discover Church,69fdf12502bb2c42a87a57e0,"prm796 - Prom Motor Hotel, Inc. - Airworld Industrial (fka Prom Airworld Center 9/10)",evidenceOfInsurance,Evidence of Insurance,commercialGeneralLiability,Commercial General Liability,evidenceOfInsuranceCommercialGeneralLiabilityGeneralAggregateLimitAppliesPerLocation,General Aggregate Limit Applies per: Location,,matchOnce,must be present,,,non_compliant,Block Requirements,,,false,0,,2026-08-16
"Block Real Estate Services, LLC",69fdf79262446148bd859c50,69fded1362446148bd848d18,Discover Church,69fdf12502bb2c42a87a57e0,"prm796 - Prom Motor Hotel, Inc. - Airworld Industrial (fka Prom Airworld Center 9/10)",evidenceOfInsurance,Evidence of Insurance,commercialGeneralLiability,Commercial General Liability,evidenceOfInsuranceCommercialGeneralLiabilityEachOccurrence,Each Occurrence,,matchOnce,must be greater or equal to,1000000,1000000,compliant,Block Requirements,,,false,1,,2026-08-16
"Block Real Estate Services, LLC",69fdf79262446148bd859c50,69fded1362446148bd848d18,Discover Church,69fdf12502bb2c42a87a57e0,"prm796 - Prom Motor Hotel, Inc. - Airworld Industrial (fka Prom Airworld Center 9/10)",evidenceOfInsurance,Evidence of Insurance,commercialGeneralLiability,Commercial General Liability,evidenceOfInsuranceCommercialGeneralLiabilityGeneralAggregate,General Aggregate,,matchOnce,must be greater or equal to,2000000,3000000,compliant,Block Requirements,,,false,1,,2026-08-16
"Block Real Estate Services, LLC",69fdf79262446148bd859c50,69fded1362446148bd848d18,Discover Church,69fdf12502bb2c42a87a57e0,"prm796 - Prom Motor Hotel, Inc. - Airworld Industrial (fka Prom Airworld Center 9/10)",evidenceOfInsurance,Evidence of Insurance,commercialGeneralLiability,Commercial General Liability,evidenceOfInsuranceCommercialGeneralLiabilityWaiverOfSubrogationEndorsement,Waiver of Subrogation,"---prompt---
Determine if the insurer has waived their right of subrogation in favor of the certificate holder under the Commercial General Liability policy. Evidence may include: a checked ""Waiver of Subrogation"" box on the certificate, mention in the Description of Operations section stating ""waiver of subrogation applies"", or reference to form CG 24 04. Look for language like ""subrogation is waived"" or ""per written contract"".",matchOnce,must be present,,Present,compliant,Block Requirements,,,false,1,,2026-08-16
"Block Real Estate Services, LLC",69fdf79262446148bd859c50,69fded1362446148bd848d18,Discover Church,69fdf12502bb2c42a87a57e0,"prm796 - Prom Motor Hotel, Inc. - Airworld Industrial (fka Prom Airworld Center 9/10)",evidenceOfInsurance,Evidence of Insurance,excessOrUmbrellaLiability,Umbrella/Excess Liability,evidenceOfInsuranceExcessOrUmbrellaLiabilityOccurence,Coverage Trigger: Occurrence,,matchOnce,must be present,,Present,compliant,Block Requirements,,,false,1,,2026-08-16
"Block Real Estate Services, LLC",69fdf79262446148bd859c50,69fded1362446148bd848d18,Discover Church,69fdf12502bb2c42a87a57e0,"prm796 - Prom Motor Hotel, Inc. - Airworld Industrial (fka Prom Airworld Center 9/10)",evidenceOfInsurance,Evidence of Insurance,excessOrUmbrellaLiability,Umbrella/Excess Liability,evidenceOfInsuranceExcessOrUmbrellaLiabilityEachOccurrence,Each Occurrence,,matchOnce,must be greater or equal to,1000000,2000000,compliant,Block Requirements,,,false,1,,2026-08-16
"Block Real Estate Services, LLC",69fdf79262446148bd859c50,69fded1362446148bd848d18,Discover Church,69fdf12502bb2c42a87a57e0,"prm796 - Prom Motor Hotel, Inc. - Airworld Industrial (fka Prom Airworld Center 9/10)",evidenceOfInsurance,Evidence of Insurance,excessOrUmbrellaLiability,Umbrella/Excess Liability,evidenceOfInsuranceExcessOrUmbrellaLiabilityAggregate,Aggregate,,matchOnce,must be greater or equal to,1000000,2000000,compliant,Block Requirements,,,false,1,,2026-08-16
"Block Real Estate Services, LLC",69fdf79262446148bd859c50,69fded1362446148bd848d18,Discover Church,69fdf12502bb2c42a87a57e0,"prm796 - Prom Motor Hotel, Inc. - Airworld Industrial (fka Prom Airworld Center 9/10)",evidenceOfInsurance,Evidence of Insurance,workersCompensation,Workers' Compensation and Employer's Liability,evidenceOfInsuranceWorkersCompensationStatutoryLimits,Statutory Limits,,matchOnce,must be present,,Present,compliant,Block Requirements,,,false,1,,2026-08-16
"Block Real Estate Services, LLC",69fdf79262446148bd859c50,69fded1362446148bd848d18,Discover Church,69fdf12502bb2c42a87a57e0,"prm796 - Prom Motor Hotel, Inc. - Airworld Industrial (fka Prom Airworld Center 9/10)",evidenceOfInsurance,Evidence of Insurance,workersCompensation,Workers' Compensation and Employer's Liability,evidenceOfInsuranceWorkersCompensationEmployersLiabilityEachAccident,Employer's Liability Each Accident,,matchOnce,must be greater or equal to,500000,500000,compliant,Block Requirements,,,false,1,,2026-08-16
"Block Real Estate Services, LLC",69fdf79262446148bd859c50,69fded1362446148bd848d18,Discover Church,69fdf12502bb2c42a87a57e0,"prm796 - Prom Motor Hotel, Inc. - Airworld Industrial (fka Prom Airworld Center 9/10)",evidenceOfInsurance,Evidence of Insurance,workersCompensation,Workers' Compensation and Employer's Liability,evidenceOfInsuranceWorkersCompensationEmployersLiabilityDiseaseEachEmployee,Employer's Liability Disease - each employee,,matchOnce,must be greater or equal to,500000,500000,compliant,Block Requirements,,,false,1,,2026-08-16
"Block Real Estate Services, LLC",69fdf79262446148bd859c50,69fded1362446148bd848d18,Discover Church,69fdf12502bb2c42a87a57e0,"prm796 - Prom Motor Hotel, Inc. - Airworld Industrial (fka Prom Airworld Center 9/10)",evidenceOfInsurance,Evidence of Insurance,workersCompensation,Workers' Compensation and Employer's Liability,evidenceOfInsuranceWorkersCompensationEmployersLiabilityDiseasePolicyLimit,Employer's Liability Disease - policy limit,,matchOnce,must be greater or equal to,500000,500000,compliant,Block Requirements,,,false,1,,2026-08-16
"Block Real Estate Services, LLC",69fdf79262446148bd859c50,69fded1362446148bd848d18,Discover Church,69fdf12502bb2c42a87a57e0,"prm796 - Prom Motor Hotel, Inc. - Airworld Industrial (fka Prom Airworld Center 9/10)",evidenceOfInsurance,Evidence of Insurance,workersCompensation,Workers' Compensation and Employer's Liability,evidenceOfInsuranceWorkersCompensationWaiverOfSubrogationEndorsement,Waiver of Subrogation,"---prompt---
Determine if the insurer has waived their right of subrogation in favor of the certificate holder under the Workers' Compensation policy. Evidence may include: a checked ""Waiver of Subrogation"" box on the certificate, mention in the Description of Operations section stating ""waiver of subrogation applies"", or reference to form WC 00 03 13. Look for language like ""subrogation is waived"" or ""per written contract"".",matchOnce,must be present,,Present,compliant,Block Requirements,,,false,1,,2026-08-16
"Block Real Estate Services, LLC",69fdf79262446148bd859c50,69fded1362446148bd848d18,Discover Church,69fdf12502bb2c42a87a57e0,"prm796 - Prom Motor Hotel, Inc. - Airworld Industrial (fka Prom Airworld Center 9/10)",evidenceOfInsurance,Evidence of Insurance,6ac20aae-5728-5d57-b364-aeba38527dba,Additional Requirements,4da5b0f1-4c9d-5885-8cf8-5d3cccaed3e0,"Block Real Estate Services, LLC and all others required by contract are named as Additional Insureds","---prompt---
Determine if the Description of Operations or the Additional Remarks Schedule section states the ""Additional Insured as Construction Management, Inc. and all others required by contract"" or reference to blanket additional insured coverage. Look for language like ""certificate holder is additional insured"" or ""per written contract"".",matchOnce,must be present,,Present,compliant,Block Requirements,,,true,1,,2026-08-16
"Block Real Estate Services, LLC",69fdf79262446148bd859c50,69fded1362446148bd848d18,Discover Church,69fdf12502bb2c42a87a57e0,"prm796 - Prom Motor Hotel, Inc. - Airworld Industrial (fka Prom Airworld Center 9/10)",evidenceOfInsurance,Evidence of Insurance,6ac20aae-5728-5d57-b364-aeba38527dba,Additional Requirements,e1017741-e47e-5f58-97b8-fbc3043e919f,Umbrella follows form over General Liability,"---prompt---
Determine if the Umbrella/Excess Liability policy follows form to the underlying policies. Evidence may include: language in the Description of Operations section stating the umbrella follows form to underlying coverages or an additional page endorsement stating that it follows form. Follow form means the umbrella policy adopts the same terms, conditions, and exclusions as the underlying policies.",matchOnce,must be present,,Present,compliant,Block Requirements,,,true,1,,2026-08-16
"Block Real Estate Services, LLC",69fdf79262446148bd859c50,69fded1362446148bd848d18,Discover Church,69fdf12502bb2c42a87a57e0,"prm796 - Prom Motor Hotel, Inc. - Airworld Industrial (fka Prom Airworld Center 9/10)",evidenceOfInsurance,Evidence of Insurance,6ac20aae-5728-5d57-b364-aeba38527dba,Additional Requirements,2cdd866f-c9a4-576a-afd8-1d045762790c,The location must be listed as: 8400 NW 107th Terrace Kansas City MO 64153,,matchOnce,must be present,,Present,compliant,Block Requirements,,,true,1,,2026-08-16
"Block Real Estate Services, LLC",69fdf79262446148bd859c50,69fded1362446148bd848d18,Discover Church,69fdf12502bb2c42a87a57e0,"prm796 - Prom Motor Hotel, Inc. - Airworld Industrial (fka Prom Airworld Center 9/10)",evidenceOfInsurance,Evidence of Insurance,6ac20aae-5728-5d57-b364-aeba38527dba,Additional Requirements,3649e9d1-4e09-59bf-8f30-cb33c40cf117,"Certificate Holder must read: c/o Block Real Estate Services, LLC, 4622 Pennsylvania St., Suite 700, Kansas City, MO, 64112",,matchOnce,must be present,,Present,compliant,Block Requirements,,,true,1,,2026-08-16
"Block Real Estate Services, LLC",69fdf79262446148bd859c52,69fded1762446148bd848e80,"SOFIE / IBA Molecular North America, Inc.",69fdf12502bb2c42a87a57e0,"prm796 - Prom Motor Hotel, Inc. - Airworld Industrial (fka Prom Airworld Center 9/10)",evidenceOfInsurance,Evidence of Insurance,commercialGeneralLiability,Commercial General Liability,evidenceOfInsuranceCommercialGeneralLiabilityCoverageTriggerOccurrence,Coverage Trigger: Occurrence,,matchOnce,must be present,,,non_compliant,Block Requirements,,,false,0,,2026-08-16
"Block Real Estate Services, LLC",69fdf79262446148bd859c52,69fded1762446148bd848e80,"SOFIE / IBA Molecular North America, Inc.",69fdf12502bb2c42a87a57e0,"prm796 - Prom Motor Hotel, Inc. - Airworld Industrial (fka Prom Airworld Center 9/10)",evidenceOfInsurance,Evidence of Insurance,commercialGeneralLiability,Commercial General Liability,evidenceOfInsuranceCommercialGeneralLiabilityGeneralAggregateLimitAppliesPerLocation,General Aggregate Limit Applies per: Location,,matchOnce,must be present,,,non_compliant,Block Requirements,,,false,0,,2026-08-16
"Block Real Estate Services, LLC",69fdf79262446148bd859c52,69fded1762446148bd848e80,"SOFIE / IBA Molecular North America, Inc.",69fdf12502bb2c42a87a57e0,"prm796 - Prom Motor Hotel, Inc. - Airworld Industrial (fka Prom Airworld Center 9/10)",evidenceOfInsurance,Evidence of Insurance,commercialGeneralLiability,Commercial General Liability,evidenceOfInsuranceCommercialGeneralLiabilityEachOccurrence,Each Occurrence,,matchOnce,must be greater or equal to,1000000,,non_compliant,Block Requirements,,,false,0,,2026-08-16
"Block Real Estate Services, LLC",69fdf79262446148bd859c52,69fded1762446148bd848e80,"SOFIE / IBA Molecular North America, Inc.",69fdf12502bb2c42a87a57e0,"prm796 - Prom Motor Hotel, Inc. - Airworld Industrial (fka Prom Airworld Center 9/10)",evidenceOfInsurance,Evidence of Insurance,commercialGeneralLiability,Commercial General Liability,evidenceOfInsuranceCommercialGeneralLiabilityGeneralAggregate,General Aggregate,,matchOnce,must be greater or equal to,2000000,,non_compliant,Block Requirements,,,false,0,,2026-08-16
"Block Real Estate Services, LLC",69fdf79262446148bd859c52,69fded1762446148bd848e80,"SOFIE / IBA Molecular North America, Inc.",69fdf12502bb2c42a87a57e0,"prm796 - Prom Motor Hotel, Inc. - Airworld Industrial (fka Prom Airworld Center 9/10)",evidenceOfInsurance,Evidence of Insurance,commercialGeneralLiability,Commercial General Liability,evidenceOfInsuranceCommercialGeneralLiabilityWaiverOfSubrogationEndorsement,Waiver of Subrogation,"---prompt---
Determine if the insurer has waived their right of subrogation in favor of the certificate holder under the Commercial General Liability policy. Evidence may include: a checked ""Waiver of Subrogation"" box on the certificate, mention in the Description of Operations section stating ""waiver of subrogation applies"", or reference to form CG 24 04. Look for language like ""subrogation is waived"" or ""per written contract"".",matchOnce,must be present,,,non_compliant,Block Requirements,,,false,0,,2026-08-16
"Block Real Estate Services, LLC",69fdf79262446148bd859c52,69fded1762446148bd848e80,"SOFIE / IBA Molecular North America, Inc.",69fdf12502bb2c42a87a57e0,"prm796 - Prom Motor Hotel, Inc. - Airworld Industrial (fka Prom Airworld Center 9/10)",evidenceOfInsurance,Evidence of Insurance,excessOrUmbrellaLiability,Umbrella/Excess Liability,evidenceOfInsuranceExcessOrUmbrellaLiabilityOccurence,Coverage Trigger: Occurrence,,matchOnce,must be present,,,non_compliant,Block Requirements,,,false,0,,2026-08-16
"Block Real Estate Services, LLC",69fdf79262446148bd859c52,69fded1762446148bd848e80,"SOFIE / IBA Molecular North America, Inc.",69fdf12502bb2c42a87a57e0,"prm796 - Prom Motor Hotel, Inc. - Airworld Industrial (fka Prom Airworld Center 9/10)",evidenceOfInsurance,Evidence of Insurance,excessOrUmbrellaLiability,Umbrella/Excess Liability,evidenceOfInsuranceExcessOrUmbrellaLiabilityEachOccurrence,Each Occurrence,,matchOnce,must be greater or equal to,1000000,,non_compliant,Block Requirements,,,false,0,,2026-08-16
"Block Real Estate Services, LLC",69fdf79262446148bd859c52,69fded1762446148bd848e80,"SOFIE / IBA Molecular North America, Inc.",69fdf12502bb2c42a87a57e0,"prm796 - Prom Motor Hotel, Inc. - Airworld Industrial (fka Prom Airworld Center 9/10)",evidenceOfInsurance,Evidence of Insurance,excessOrUmbrellaLiability,Umbrella/Excess Liability,evidenceOfInsuranceExcessOrUmbrellaLiabilityAggregate,Aggregate,,matchOnce,must be greater or equal to,1000000,,non_compliant,Block Requirements,,,false,0,,2026-08-16
"Block Real Estate Services, LLC",69fdf79262446148bd859c52,69fded1762446148bd848e80,"SOFIE / IBA Molecular North America, Inc.",69fdf12502bb2c42a87a57e0,"prm796 - Prom Motor Hotel, Inc. - Airworld Industrial (fka Prom Airworld Center 9/10)",evidenceOfInsurance,Evidence of Insurance,workersCompensation,Workers' Compensation and Employer's Liability,evidenceOfInsuranceWorkersCompensationStatutoryLimits,Statutory Limits,,matchOnce,must be present,,,non_compliant,Block Requirements,,,false,0,,2026-08-16
"Block Real Estate Services, LLC",69fdf79262446148bd859c52,69fded1762446148bd848e80,"SOFIE / IBA Molecular North America, Inc.",69fdf12502bb2c42a87a57e0,"prm796 - Prom Motor Hotel, Inc. - Airworld Industrial (fka Prom Airworld Center 9/10)",evidenceOfInsurance,Evidence of Insurance,workersCompensation,Workers' Compensation and Employer's Liability,evidenceOfInsuranceWorkersCompensationEmployersLiabilityEachAccident,Employer's Liability Each Accident,,matchOnce,must be greater or equal to,500000,,non_compliant,Block Requirements,,,false,0,,2026-08-16
"Block Real Estate Services, LLC",69fdf79262446148bd859c52,69fded1762446148bd848e80,"SOFIE / IBA Molecular North America, Inc.",69fdf12502bb2c42a87a57e0,"prm796 - Prom Motor Hotel, Inc. - Airworld Industrial (fka Prom Airworld Center 9/10)",evidenceOfInsurance,Evidence of Insurance,workersCompensation,Workers' Compensation and Employer's Liability,evidenceOfInsuranceWorkersCompensationEmployersLiabilityDiseaseEachEmployee,Employer's Liability Disease - each employee,,matchOnce,must be greater or equal to,500000,,non_compliant,Block Requirements,,,false,0,,2026-08-16
"Block Real Estate Services, LLC",69fdf79262446148bd859c52,69fded1762446148bd848e80,"SOFIE / IBA Molecular North America, Inc.",69fdf12502bb2c42a87a57e0,"prm796 - Prom Motor Hotel, Inc. - Airworld Industrial (fka Prom Airworld Center 9/10)",evidenceOfInsurance,Evidence of Insurance,workersCompensation,Workers' Compensation and Employer's Liability,evidenceOfInsuranceWorkersCompensationEmployersLiabilityDiseasePolicyLimit,Employer's Liability Disease - policy limit,,matchOnce,must be greater or equal to,500000,,non_compliant,Block Requirements,,,false,0,,2026-08-16
"Block Real Estate Services, LLC",69fdf79262446148bd859c52,69fded1762446148bd848e80,"SOFIE / IBA Molecular North America, Inc.",69fdf12502bb2c42a87a57e0,"prm796 - Prom Motor Hotel, Inc. - Airworld Industrial (fka Prom Airworld Center 9/10)",evidenceOfInsurance,Evidence of Insurance,workersCompensation,Workers' Compensation and Employer's Liability,evidenceOfInsuranceWorkersCompensationWaiverOfSubrogationEndorsement,Waiver of Subrogation,"---prompt---
Determine if the insurer has waived their right of subrogation in favor of the certificate holder under the Workers' Compensation policy. Evidence may include: a checked ""Waiver of Subrogation"" box on the certificate, mention in the Description of Operations section stating ""waiver of subrogation applies"", or reference to form WC 00 03 13. Look for language like ""subrogation is waived"" or ""per written contract"".",matchOnce,must be present,,,non_compliant,Block Requirements,,,false,0,,2026-08-16
"Block Real Estate Services, LLC",69fdf79262446148bd859c52,69fded1762446148bd848e80,"SOFIE / IBA Molecular North America, Inc.",69fdf12502bb2c42a87a57e0,"prm796 - Prom Motor Hotel, Inc. - Airworld Industrial (fka Prom Airworld Center 9/10)",evidenceOfInsurance,Evidence of Insurance,6ac20aae-5728-5d57-b364-aeba38527dba,Additional Requirements,4da5b0f1-4c9d-5885-8cf8-5d3cccaed3e0,"Block Real Estate Services, LLC and all others required by contract are named as Additional Insureds","---prompt---
Determine if the Description of Operations or the Additional Remarks Schedule section states the ""Additional Insured as Construction Management, Inc. and all others required by contract"" or reference to blanket additional insured coverage. Look for language like ""certificate holder is additional insured"" or ""per written contract"".",matchOnce,must be present,,,non_compliant,Block Requirements,,,true,0,,2026-08-16
"Block Real Estate Services, LLC",69fdf79262446148bd859c52,69fded1762446148bd848e80,"SOFIE / IBA Molecular North America, Inc.",69fdf12502bb2c42a87a57e0,"prm796 - Prom Motor Hotel, Inc. - Airworld Industrial (fka Prom Airworld Center 9/10)",evidenceOfInsurance,Evidence of Insurance,6ac20aae-5728-5d57-b364-aeba38527dba,Additional Requirements,e1017741-e47e-5f58-97b8-fbc3043e919f,Umbrella follows form over General Liability,"---prompt---
Determine if the Umbrella/Excess Liability policy follows form to the underlying policies. Evidence may include: language in the Description of Operations section stating the umbrella follows form to underlying coverages or an additional page endorsement stating that it follows form. Follow form means the umbrella policy adopts the same terms, conditions, and exclusions as the underlying policies.",matchOnce,must be present,,,non_compliant,Block Requirements,,,true,0,,2026-08-16
"Block Real Estate Services, LLC",69fdf79262446148bd859c52,69fded1762446148bd848e80,"SOFIE / IBA Molecular North America, Inc.",69fdf12502bb2c42a87a57e0,"prm796 - Prom Motor Hotel, Inc. - Airworld Industrial (fka Prom Airworld Center 9/10)",evidenceOfInsurance,Evidence of Insurance,6ac20aae-5728-5d57-b364-aeba38527dba,Additional Requirements,2cdd866f-c9a4-576a-afd8-1d045762790c,The location must be listed as: 8614 NW 107th Terrace Kansas City MO 64153,,matchOnce,must be present,,,non_compliant,Block Requirements,,,true,0,,2026-08-16
"Block Real Estate Services, LLC",69fdf79262446148bd859c52,69fded1762446148bd848e80,"SOFIE / IBA Molecular North America, Inc.",69fdf12502bb2c42a87a57e0,"prm796 - Prom Motor Hotel, Inc. - Airworld Industrial (fka Prom Airworld Center 9/10)",evidenceOfInsurance,Evidence of Insurance,6ac20aae-5728-5d57-b364-aeba38527dba,Additional Requirements,3649e9d1-4e09-59bf-8f30-cb33c40cf117,"Certificate Holder must read: c/o Block Real Estate Services, LLC, 4622 Pennsylvania St., Suite 700, Kansas City, MO, 64112",,matchOnce,must be present,,,non_compliant,Block Requirements,,,true,0,,2026-08-16
"Block Real Estate Services, LLC",69fdf79262446148bd859c51,69fded1362446148bd848d54,Electronics for Imaging / EFI Ink Jet Solutions,69fdf12502bb2c42a87a57e0,"prm796 - Prom Motor Hotel, Inc. - Airworld Industrial (fka Prom Airworld Center 9/10)",evidenceOfInsurance,Evidence of Insurance,commercialGeneralLiability,Commercial General Liability,evidenceOfInsuranceCommercialGeneralLiabilityCoverageTriggerOccurrence,Coverage Trigger: Occurrence,,matchOnce,must be present,,Present,compliant,Block Requirements,,,false,1,,2026-08-16
"Block Real Estate Services, LLC",69fdf79262446148bd859c51,69fded1362446148bd848d54,Electronics for Imaging / EFI Ink Jet Solutions,69fdf12502bb2c42a87a57e0,"prm796 - Prom Motor Hotel, Inc. - Airworld Industrial (fka Prom Airworld Center 9/10)",evidenceOfInsurance,Evidence of Insurance,commercialGeneralLiability,Commercial General Liability,evidenceOfInsuranceCommercialGeneralLiabilityGeneralAggregateLimitAppliesPerLocation,General Aggregate Limit Applies per: Location,,matchOnce,must be present,,Present,compliant,Block Requirements,,,false,1,,2026-08-16
"Block Real Estate Services, LLC",69fdf79262446148bd859c51,69fded1362446148bd848d54,Electronics for Imaging / EFI Ink Jet Solutions,69fdf12502bb2c42a87a57e0,"prm796 - Prom Motor Hotel, Inc. - Airworld Industrial (fka Prom Airworld Center 9/10)",evidenceOfInsurance,Evidence of Insurance,commercialGeneralLiability,Commercial General Liability,evidenceOfInsuranceCommercialGeneralLiabilityEachOccurrence,Each Occurrence,,matchOnce,must be greater or equal to,1000000,1000000,compliant,Block Requirements,,,false,1,,2026-08-16
"Block Real Estate Services, LLC",69fdf79262446148bd859c51,69fded1362446148bd848d54,Electronics for Imaging / EFI Ink Jet Solutions,69fdf12502bb2c42a87a57e0,"prm796 - Prom Motor Hotel, Inc. - Airworld Industrial (fka Prom Airworld Center 9/10)",evidenceOfInsurance,Evidence of Insurance,commercialGeneralLiability,Commercial General Liability,evidenceOfInsuranceCommercialGeneralLiabilityGeneralAggregate,General Aggregate,,matchOnce,must be greater or equal to,2000000,2000000,compliant,Block Requirements,,,false,1,,2026-08-16
"Block Real Estate Services, LLC",69fdf79262446148bd859c51,69fded1362446148bd848d54,Electronics for Imaging / EFI Ink Jet Solutions,69fdf12502bb2c42a87a57e0,"prm796 - Prom Motor Hotel, Inc. - Airworld Industrial (fka Prom Airworld Center 9/10)",evidenceOfInsurance,Evidence of Insurance,commercialGeneralLiability,Commercial General Liability,evidenceOfInsuranceCommercialGeneralLiabilityWaiverOfSubrogationEndorsement,Waiver of Subrogation,"---prompt---
Determine if the insurer has waived their right of subrogation in favor of the certificate holder under the Commercial General Liability policy. Evidence may include: a checked ""Waiver of Subrogation"" box on the certificate, mention in the Description of Operations section stating ""waiver of subrogation applies"", or reference to form CG 24 04. Look for language like ""subrogation is waived"" or ""per written contract"".",matchOnce,must be present,,Present,compliant,Block Requirements,,,false,1,,2026-08-16
"Block Real Estate Services, LLC",69fdf79262446148bd859c51,69fded1362446148bd848d54,Electronics for Imaging / EFI Ink Jet Solutions,69fdf12502bb2c42a87a57e0,"prm796 - Prom Motor Hotel, Inc. - Airworld Industrial (fka Prom Airworld Center 9/10)",evidenceOfInsurance,Evidence of Insurance,excessOrUmbrellaLiability,Umbrella/Excess Liability,evidenceOfInsuranceExcessOrUmbrellaLiabilityOccurence,Coverage Trigger: Occurrence,,matchOnce,must be present,,Present,compliant,Block Requirements,,,false,1,,2026-08-16
"Block Real Estate Services, LLC",69fdf79262446148bd859c51,69fded1362446148bd848d54,Electronics for Imaging / EFI Ink Jet Solutions,69fdf12502bb2c42a87a57e0,"prm796 - Prom Motor Hotel, Inc. - Airworld Industrial (fka Prom Airworld Center 9/10)",evidenceOfInsurance,Evidence of Insurance,excessOrUmbrellaLiability,Umbrella/Excess Liability,evidenceOfInsuranceExcessOrUmbrellaLiabilityEachOccurrence,Each Occurrence,,matchOnce,must be greater or equal to,1000000,25000000,compliant,Block Requirements,,,false,1,,2026-08-16
"Block Real Estate Services, LLC",69fdf79262446148bd859c51,69fded1362446148bd848d54,Electronics for Imaging / EFI Ink Jet Solutions,69fdf12502bb2c42a87a57e0,"prm796 - Prom Motor Hotel, Inc. - Airworld Industrial (fka Prom Airworld Center 9/10)",evidenceOfInsurance,Evidence of Insurance,excessOrUmbrellaLiability,Umbrella/Excess Liability,evidenceOfInsuranceExcessOrUmbrellaLiabilityAggregate,Aggregate,,matchOnce,must be greater or equal to,1000000,25000000,compliant,Block Requirements,,,false,1,,2026-08-16
"Block Real Estate Services, LLC",69fdf79262446148bd859c51,69fded1362446148bd848d54,Electronics for Imaging / EFI Ink Jet Solutions,69fdf12502bb2c42a87a57e0,"prm796 - Prom Motor Hotel, Inc. - Airworld Industrial (fka Prom Airworld Center 9/10)",evidenceOfInsurance,Evidence of Insurance,workersCompensation,Workers' Compensation and Employer's Liability,evidenceOfInsuranceWorkersCompensationStatutoryLimits,Statutory Limits,,matchOnce,must be present,,Present,compliant,Block Requirements,,,false,1,,2026-08-16
"Block Real Estate Services, LLC",69fdf79262446148bd859c51,69fded1362446148bd848d54,Electronics for Imaging / EFI Ink Jet Solutions,69fdf12502bb2c42a87a57e0,"prm796 - Prom Motor Hotel, Inc. - Airworld Industrial (fka Prom Airworld Center 9/10)",evidenceOfInsurance,Evidence of Insurance,workersCompensation,Workers' Compensation and Employer's Liability,evidenceOfInsuranceWorkersCompensationEmployersLiabilityEachAccident,Employer's Liability Each Accident,,matchOnce,must be greater or equal to,500000,1000000,compliant,Block Requirements,,,false,1,,2026-08-16
"Block Real Estate Services, LLC",69fdf79262446148bd859c51,69fded1362446148bd848d54,Electronics for Imaging / EFI Ink Jet Solutions,69fdf12502bb2c42a87a57e0,"prm796 - Prom Motor Hotel, Inc. - Airworld Industrial (fka Prom Airworld Center 9/10)",evidenceOfInsurance,Evidence of Insurance,workersCompensation,Workers' Compensation and Employer's Liability,evidenceOfInsuranceWorkersCompensationEmployersLiabilityDiseaseEachEmployee,Employer's Liability Disease - each employee,,matchOnce,must be greater or equal to,500000,1000000,compliant,Block Requirements,,,false,1,,2026-08-16
"Block Real Estate Services, LLC",69fdf79262446148bd859c51,69fded1362446148bd848d54,Electronics for Imaging / EFI Ink Jet Solutions,69fdf12502bb2c42a87a57e0,"prm796 - Prom Motor Hotel, Inc. - Airworld Industrial (fka Prom Airworld Center 9/10)",evidenceOfInsurance,Evidence of Insurance,workersCompensation,Workers' Compensation and Employer's Liability,evidenceOfInsuranceWorkersCompensationEmployersLiabilityDiseasePolicyLimit,Employer's Liability Disease - policy limit,,matchOnce,must be greater or equal to,500000,1000000,compliant,Block Requirements,,,false,1,,2026-08-16
"Block Real Estate Services, LLC",69fdf79262446148bd859c51,69fded1362446148bd848d54,Electronics for Imaging / EFI Ink Jet Solutions,69fdf12502bb2c42a87a57e0,"prm796 - Prom Motor Hotel, Inc. - Airworld Industrial (fka Prom Airworld Center 9/10)",evidenceOfInsurance,Evidence of Insurance,workersCompensation,Workers' Compensation and Employer's Liability,evidenceOfInsuranceWorkersCompensationWaiverOfSubrogationEndorsement,Waiver of Subrogation,"---prompt---
Determine if the insurer has waived their right of subrogation in favor of the certificate holder under the Workers' Compensation policy. Evidence may include: a checked ""Waiver of Subrogation"" box on the certificate, mention in the Description of Operations section stating ""waiver of subrogation applies"", or reference to form WC 00 03 13. Look for language like ""subrogation is waived"" or ""per written contract"".",matchOnce,must be present,,Present,compliant,Block Requirements,,,false,1,,2026-08-16
"Block Real Estate Services, LLC",69fdf79262446148bd859c51,69fded1362446148bd848d54,Electronics for Imaging / EFI Ink Jet Solutions,69fdf12502bb2c42a87a57e0,"prm796 - Prom Motor Hotel, Inc. - Airworld Industrial (fka Prom Airworld Center 9/10)",evidenceOfInsurance,Evidence of Insurance,6ac20aae-5728-5d57-b364-aeba38527dba,Additional Requirements,4da5b0f1-4c9d-5885-8cf8-5d3cccaed3e0,"Block Real Estate Services, LLC and all others required by contract are named as Additional Insureds","---prompt---
Determine if the Description of Operations or the Additional Remarks Schedule section states the ""Additional Insured as Construction Management, Inc. and all others required by contract"" or reference to blanket additional insured coverage. Look for language like ""certificate holder is additional insured"" or ""per written contract"".",matchOnce,must be present,,Present,compliant,Block Requirements,,,true,1,,2026-08-16
"Block Real Estate Services, LLC",69fdf79262446148bd859c51,69fded1362446148bd848d54,Electronics for Imaging / EFI Ink Jet Solutions,69fdf12502bb2c42a87a57e0,"prm796 - Prom Motor Hotel, Inc. - Airworld Industrial (fka Prom Airworld Center 9/10)",evidenceOfInsurance,Evidence of Insurance,6ac20aae-5728-5d57-b364-aeba38527dba,Additional Requirements,e1017741-e47e-5f58-97b8-fbc3043e919f,Umbrella follows form over General Liability,"---prompt---
Determine if the Umbrella/Excess Liability policy follows form to the underlying policies. Evidence may include: language in the Description of Operations section stating the umbrella follows form to underlying coverages or an additional page endorsement stating that it follows form. Follow form means the umbrella policy adopts the same terms, conditions, and exclusions as the underlying policies.",matchOnce,must be present,,Present,compliant,Block Requirements,,,true,1,,2026-08-16
"Block Real Estate Services, LLC",69fdf79262446148bd859c51,69fded1362446148bd848d54,Electronics for Imaging / EFI Ink Jet Solutions,69fdf12502bb2c42a87a57e0,"prm796 - Prom Motor Hotel, Inc. - Airworld Industrial (fka Prom Airworld Center 9/10)",evidenceOfInsurance,Evidence of Insurance,6ac20aae-5728-5d57-b364-aeba38527dba,Additional Requirements,2cdd866f-c9a4-576a-afd8-1d045762790c,The location must be listed as: 8606 NW 107th Terrace Kansas City MO 64153,,matchOnce,must be present,,Present,compliant,Block Requirements,,,true,1,,2026-08-16
"Block Real Estate Services, LLC",69fdf79262446148bd859c51,69fded1362446148bd848d54,Electronics for Imaging / EFI Ink Jet Solutions,69fdf12502bb2c42a87a57e0,"prm796 - Prom Motor Hotel, Inc. - Airworld Industrial (fka Prom Airworld Center 9/10)",evidenceOfInsurance,Evidence of Insurance,6ac20aae-5728-5d57-b364-aeba38527dba,Additional Requirements,3649e9d1-4e09-59bf-8f30-cb33c40cf117,"Certificate Holder must read: c/o Block Real Estate Services, LLC, 4622 Pennsylvania St., Suite 700, Kansas City, MO, 64112",,matchOnce,must be present,,Present,compliant,Block Requirements,,,true,1,,2026-08-16
"Block Real Estate Services, LLC",69fdf79262446148bd859c53,69fded2262446148bd8491da,Southwestern Bell Telephone Company - IT Room,69fdf12502bb2c42a87a57e0,"prm796 - Prom Motor Hotel, Inc. - Airworld Industrial (fka Prom Airworld Center 9/10)",evidenceOfInsurance,Evidence of Insurance,commercialGeneralLiability,Commercial General Liability,evidenceOfInsuranceCommercialGeneralLiabilityCoverageTriggerOccurrence,Coverage Trigger: Occurrence,,matchOnce,must be present,,,non_compliant,Block Requirements,,,false,0,,2026-08-16
"Block Real Estate Services, LLC",69fdf79262446148bd859c53,69fded2262446148bd8491da,Southwestern Bell Telephone Company - IT Room,69fdf12502bb2c42a87a57e0,"prm796 - Prom Motor Hotel, Inc. - Airworld Industrial (fka Prom Airworld Center 9/10)",evidenceOfInsurance,Evidence of Insurance,commercialGeneralLiability,Commercial General Liability,evidenceOfInsuranceCommercialGeneralLiabilityGeneralAggregateLimitAppliesPerLocation,General Aggregate Limit Applies per: Location,,matchOnce,must be present,,,non_compliant,Block Requirements,,,false,0,,2026-08-16
"Block Real Estate Services, LLC",69fdf79262446148bd859c53,69fded2262446148bd8491da,Southwestern Bell Telephone Company - IT Room,69fdf12502bb2c42a87a57e0,"prm796 - Prom Motor Hotel, Inc. - Airworld Industrial (fka Prom Airworld Center 9/10)",evidenceOfInsurance,Evidence of Insurance,commercialGeneralLiability,Commercial General Liability,evidenceOfInsuranceCommercialGeneralLiabilityEachOccurrence,Each Occurrence,,matchOnce,must be greater or equal to,1000000,,non_compliant,Block Requirements,,,false,0,,2026-08-16
"Block Real Estate Services, LLC",69fdf79262446148bd859c53,69fded2262446148bd8491da,Southwestern Bell Telephone Company - IT Room,69fdf12502bb2c42a87a57e0,"prm796 - Prom Motor Hotel, Inc. - Airworld Industrial (fka Prom Airworld Center 9/10)",evidenceOfInsurance,Evidence of Insurance,commercialGeneralLiability,Commercial General Liability,evidenceOfInsuranceCommercialGeneralLiabilityGeneralAggregate,General Aggregate,,matchOnce,must be greater or equal to,2000000,,non_compliant,Block Requirements,,,false,0,,2026-08-16
"Block Real Estate Services, LLC",69fdf79262446148bd859c53,69fded2262446148bd8491da,Southwestern Bell Telephone Company - IT Room,69fdf12502bb2c42a87a57e0,"prm796 - Prom Motor Hotel, Inc. - Airworld Industrial (fka Prom Airworld Center 9/10)",evidenceOfInsurance,Evidence of Insurance,commercialGeneralLiability,Commercial General Liability,evidenceOfInsuranceCommercialGeneralLiabilityWaiverOfSubrogationEndorsement,Waiver of Subrogation,"---prompt---
Determine if the insurer has waived their right of subrogation in favor of the certificate holder under the Commercial General Liability policy. Evidence may include: a checked ""Waiver of Subrogation"" box on the certificate, mention in the Description of Operations section stating ""waiver of subrogation applies"", or reference to form CG 24 04. Look for language like ""subrogation is waived"" or ""per written contract"".",matchOnce,must be present,,,non_compliant,Block Requirements,,,false,0,,2026-08-16
"Block Real Estate Services, LLC",69fdf79262446148bd859c53,69fded2262446148bd8491da,Southwestern Bell Telephone Company - IT Room,69fdf12502bb2c42a87a57e0,"prm796 - Prom Motor Hotel, Inc. - Airworld Industrial (fka Prom Airworld Center 9/10)",evidenceOfInsurance,Evidence of Insurance,excessOrUmbrellaLiability,Umbrella/Excess Liability,evidenceOfInsuranceExcessOrUmbrellaLiabilityOccurence,Coverage Trigger: Occurrence,,matchOnce,must be present,,,non_compliant,Block Requirements,,,false,0,,2026-08-16
"Block Real Estate Services, LLC",69fdf79262446148bd859c53,69fded2262446148bd8491da,Southwestern Bell Telephone Company - IT Room,69fdf12502bb2c42a87a57e0,"prm796 - Prom Motor Hotel, Inc. - Airworld Industrial (fka Prom Airworld Center 9/10)",evidenceOfInsurance,Evidence of Insurance,excessOrUmbrellaLiability,Umbrella/Excess Liability,evidenceOfInsuranceExcessOrUmbrellaLiabilityEachOccurrence,Each Occurrence,,matchOnce,must be greater or equal to,1000000,,non_compliant,Block Requirements,,,false,0,,2026-08-16
"Block Real Estate Services, LLC",69fdf79262446148bd859c53,69fded2262446148bd8491da,Southwestern Bell Telephone Company - IT Room,69fdf12502bb2c42a87a57e0,"prm796 - Prom Motor Hotel, Inc. - Airworld Industrial (fka Prom Airworld Center 9/10)",evidenceOfInsurance,Evidence of Insurance,excessOrUmbrellaLiability,Umbrella/Excess Liability,evidenceOfInsuranceExcessOrUmbrellaLiabilityAggregate,Aggregate,,matchOnce,must be greater or equal to,1000000,,non_compliant,Block Requirements,,,false,0,,2026-08-16
"Block Real Estate Services, LLC",69fdf79262446148bd859c53,69fded2262446148bd8491da,Southwestern Bell Telephone Company - IT Room,69fdf12502bb2c42a87a57e0,"prm796 - Prom Motor Hotel, Inc. - Airworld Industrial (fka Prom Airworld Center 9/10)",evidenceOfInsurance,Evidence of Insurance,workersCompensation,Workers' Compensation and Employer's Liability,evidenceOfInsuranceWorkersCompensationStatutoryLimits,Statutory Limits,,matchOnce,must be present,,,non_compliant,Block Requirements,,,false,0,,2026-08-16
"Block Real Estate Services, LLC",69fdf79262446148bd859c53,69fded2262446148bd8491da,Southwestern Bell Telephone Company - IT Room,69fdf12502bb2c42a87a57e0,"prm796 - Prom Motor Hotel, Inc. - Airworld Industrial (fka Prom Airworld Center 9/10)",evidenceOfInsurance,Evidence of Insurance,workersCompensation,Workers' Compensation and Employer's Liability,evidenceOfInsuranceWorkersCompensationEmployersLiabilityEachAccident,Employer's Liability Each Accident,,matchOnce,must be greater or equal to,500000,,non_compliant,Block Requirements,,,false,0,,2026-08-16
"Block Real Estate Services, LLC",69fdf79262446148bd859c53,69fded2262446148bd8491da,Southwestern Bell Telephone Company - IT Room,69fdf12502bb2c42a87a57e0,"prm796 - Prom Motor Hotel, Inc. - Airworld Industrial (fka Prom Airworld Center 9/10)",evidenceOfInsurance,Evidence of Insurance,workersCompensation,Workers' Compensation and Employer's Liability,evidenceOfInsuranceWorkersCompensationEmployersLiabilityDiseaseEachEmployee,Employer's Liability Disease - each employee,,matchOnce,must be greater or equal to,500000,,non_compliant,Block Requirements,,,false,0,,2026-08-16
"Block Real Estate Services, LLC",69fdf79262446148bd859c53,69fded2262446148bd8491da,Southwestern Bell Telephone Company - IT Room,69fdf12502bb2c42a87a57e0,"prm796 - Prom Motor Hotel, Inc. - Airworld Industrial (fka Prom Airworld Center 9/10)",evidenceOfInsurance,Evidence of Insurance,workersCompensation,Workers' Compensation and Employer's Liability,evidenceOfInsuranceWorkersCompensationEmployersLiabilityDiseasePolicyLimit,Employer's Liability Disease - policy limit,,matchOnce,must be greater or equal to,500000,,non_compliant,Block Requirements,,,false,0,,2026-08-16
"Block Real Estate Services, LLC",69fdf79262446148bd859c53,69fded2262446148bd8491da,Southwestern Bell Telephone Company - IT Room,69fdf12502bb2c42a87a57e0,"prm796 - Prom Motor Hotel, Inc. - Airworld Industrial (fka Prom Airworld Center 9/10)",evidenceOfInsurance,Evidence of Insurance,workersCompensation,Workers' Compensation and Employer's Liability,evidenceOfInsuranceWorkersCompensationWaiverOfSubrogationEndorsement,Waiver of Subrogation,"---prompt---
Determine if the insurer has waived their right of subrogation in favor of the certificate holder under the Workers' Compensation policy. Evidence may include: a checked ""Waiver of Subrogation"" box on the certificate, mention in the Description of Operations section stating ""waiver of subrogation applies"", or reference to form WC 00 03 13. Look for language like ""subrogation is waived"" or ""per written contract"".",matchOnce,must be present,,,non_compliant,Block Requirements,,,false,0,,2026-08-16
"Block Real Estate Services, LLC",69fdf79262446148bd859c53,69fded2262446148bd8491da,Southwestern Bell Telephone Company - IT Room,69fdf12502bb2c42a87a57e0,"prm796 - Prom Motor Hotel, Inc. - Airworld Industrial (fka Prom Airworld Center 9/10)",evidenceOfInsurance,Evidence of Insurance,6ac20aae-5728-5d57-b364-aeba38527dba,Additional Requirements,4da5b0f1-4c9d-5885-8cf8-5d3cccaed3e0,"Block Real Estate Services, LLC and all others required by contract are named as Additional Insureds","---prompt---
Determine if the Description of Operations or the Additional Remarks Schedule section states the ""Additional Insured as Construction Management, Inc. and all others required by contract"" or reference to blanket additional insured coverage. Look for language like ""certificate holder is additional insured"" or ""per written contract"".",matchOnce,must be present,,,non_compliant,Block Requirements,,,true,0,,2026-08-16
"Block Real Estate Services, LLC",69fdf79262446148bd859c53,69fded2262446148bd8491da,Southwestern Bell Telephone Company - IT Room,69fdf12502bb2c42a87a57e0,"prm796 - Prom Motor Hotel, Inc. - Airworld Industrial (fka Prom Airworld Center 9/10)",evidenceOfInsurance,Evidence of Insurance,6ac20aae-5728-5d57-b364-aeba38527dba,Additional Requirements,e1017741-e47e-5f58-97b8-fbc3043e919f,Umbrella follows form over General Liability,"---prompt---
Determine if the Umbrella/Excess Liability policy follows form to the underlying policies. Evidence may include: language in the Description of Operations section stating the umbrella follows form to underlying coverages or an additional page endorsement stating that it follows form. Follow form means the umbrella policy adopts the same terms, conditions, and exclusions as the underlying policies.",matchOnce,must be present,,,non_compliant,Block Requirements,,,true,0,,2026-08-16
"Block Real Estate Services, LLC",69fdf79262446148bd859c53,69fded2262446148bd8491da,Southwestern Bell Telephone Company - IT Room,69fdf12502bb2c42a87a57e0,"prm796 - Prom Motor Hotel, Inc. - Airworld Industrial (fka Prom Airworld Center 9/10)",evidenceOfInsurance,Evidence of Insurance,6ac20aae-5728-5d57-b364-aeba38527dba,Additional Requirements,2cdd866f-c9a4-576a-afd8-1d045762790c,The location must be listed as: 8400-A NW 107th Terrace Kansas City MO 64153,,matchOnce,must be present,,,non_compliant,Block Requirements,,,true,0,,2026-08-16
"Block Real Estate Services, LLC",69fdf79262446148bd859c53,69fded2262446148bd8491da,Southwestern Bell Telephone Company - IT Room,69fdf12502bb2c42a87a57e0,"prm796 - Prom Motor Hotel, Inc. - Airworld Industrial (fka Prom Airworld Center 9/10)",evidenceOfInsurance,Evidence of Insurance,6ac20aae-5728-5d57-b364-aeba38527dba,Additional Requirements,3649e9d1-4e09-59bf-8f30-cb33c40cf117,"Certificate Holder must read: c/o Block Real Estate Services, LLC, 4622 Pennsylvania St., Suite 700, Kansas City, MO, 64112",,matchOnce,must be present,,,non_compliant,Block Requirements,,,true,0,,2026-08-16
"Block Real Estate Services, LLC",69fdf79262446148bd859c54,69fded2262446148bd84921f,"THA Hydraulics / China Lifts - Tingheng, Inc.",69fdf12502bb2c42a87a57e0,"prm796 - Prom Motor Hotel, Inc. - Airworld Industrial (fka Prom Airworld Center 9/10)",evidenceOfInsurance,Evidence of Insurance,commercialGeneralLiability,Commercial General Liability,evidenceOfInsuranceCommercialGeneralLiabilityCoverageTriggerOccurrence,Coverage Trigger: Occurrence,,matchOnce,must be present,,,non_compliant,Block Requirements,,,false,0,,2026-08-16
"Block Real Estate Services, LLC",69fdf79262446148bd859c54,69fded2262446148bd84921f,"THA Hydraulics / China Lifts - Tingheng, Inc.",69fdf12502bb2c42a87a57e0,"prm796 - Prom Motor Hotel, Inc. - Airworld Industrial (fka Prom Airworld Center 9/10)",evidenceOfInsurance,Evidence of Insurance,commercialGeneralLiability,Commercial General Liability,evidenceOfInsuranceCommercialGeneralLiabilityGeneralAggregateLimitAppliesPerLocation,General Aggregate Limit Applies per: Location,,matchOnce,must be present,,,non_compliant,Block Requirements,,,false,0,,2026-08-16
"Block Real Estate Services, LLC",69fdf79262446148bd859c54,69fded2262446148bd84921f,"THA Hydraulics / China Lifts - Tingheng, Inc.",69fdf12502bb2c42a87a57e0,"prm796 - Prom Motor Hotel, Inc. - Airworld Industrial (fka Prom Airworld Center 9/10)",evidenceOfInsurance,Evidence of Insurance,commercialGeneralLiability,Commercial General Liability,evidenceOfInsuranceCommercialGeneralLiabilityEachOccurrence,Each Occurrence,,matchOnce,must be greater or equal to,1000000,,non_compliant,Block Requirements,,,false,0,,2026-08-16
"Block Real Estate Services, LLC",69fdf79262446148bd859c54,69fded2262446148bd84921f,"THA Hydraulics / China Lifts - Tingheng, Inc.",69fdf12502bb2c42a87a57e0,"prm796 - Prom Motor Hotel, Inc. - Airworld Industrial (fka Prom Airworld Center 9/10)",evidenceOfInsurance,Evidence of Insurance,commercialGeneralLiability,Commercial General Liability,evidenceOfInsuranceCommercialGeneralLiabilityGeneralAggregate,General Aggregate,,matchOnce,must be greater or equal to,2000000,,non_compliant,Block Requirements,,,false,0,,2026-08-16
"Block Real Estate Services, LLC",69fdf79262446148bd859c54,69fded2262446148bd84921f,"THA Hydraulics / China Lifts - Tingheng, Inc.",69fdf12502bb2c42a87a57e0,"prm796 - Prom Motor Hotel, Inc. - Airworld Industrial (fka Prom Airworld Center 9/10)",evidenceOfInsurance,Evidence of Insurance,commercialGeneralLiability,Commercial General Liability,evidenceOfInsuranceCommercialGeneralLiabilityWaiverOfSubrogationEndorsement,Waiver of Subrogation,"---prompt---
Determine if the insurer has waived their right of subrogation in favor of the certificate holder under the Commercial General Liability policy. Evidence may include: a checked ""Waiver of Subrogation"" box on the certificate, mention in the Description of Operations section stating ""waiver of subrogation applies"", or reference to form CG 24 04. Look for language like ""subrogation is waived"" or ""per written contract"".",matchOnce,must be present,,,non_compliant,Block Requirements,,,false,0,,2026-08-16
"Block Real Estate Services, LLC",69fdf79262446148bd859c54,69fded2262446148bd84921f,"THA Hydraulics / China Lifts - Tingheng, Inc.",69fdf12502bb2c42a87a57e0,"prm796 - Prom Motor Hotel, Inc. - Airworld Industrial (fka Prom Airworld Center 9/10)",evidenceOfInsurance,Evidence of Insurance,excessOrUmbrellaLiability,Umbrella/Excess Liability,evidenceOfInsuranceExcessOrUmbrellaLiabilityOccurence,Coverage Trigger: Occurrence,,matchOnce,must be present,,,non_compliant,Block Requirements,,,false,0,,2026-08-16
"Block Real Estate Services, LLC",69fdf79262446148bd859c54,69fded2262446148bd84921f,"THA Hydraulics / China Lifts - Tingheng, Inc.",69fdf12502bb2c42a87a57e0,"prm796 - Prom Motor Hotel, Inc. - Airworld Industrial (fka Prom Airworld Center 9/10)",evidenceOfInsurance,Evidence of Insurance,excessOrUmbrellaLiability,Umbrella/Excess Liability,evidenceOfInsuranceExcessOrUmbrellaLiabilityEachOccurrence,Each Occurrence,,matchOnce,must be greater or equal to,1000000,,non_compliant,Block Requirements,,,false,0,,2026-08-16
"Block Real Estate Services, LLC",69fdf79262446148bd859c54,69fded2262446148bd84921f,"THA Hydraulics / China Lifts - Tingheng, Inc.",69fdf12502bb2c42a87a57e0,"prm796 - Prom Motor Hotel, Inc. - Airworld Industrial (fka Prom Airworld Center 9/10)",evidenceOfInsurance,Evidence of Insurance,excessOrUmbrellaLiability,Umbrella/Excess Liability,evidenceOfInsuranceExcessOrUmbrellaLiabilityAggregate,Aggregate,,matchOnce,must be greater or equal to,1000000,,non_compliant,Block Requirements,,,false,0,,2026-08-16
"Block Real Estate Services, LLC",69fdf79262446148bd859c54,69fded2262446148bd84921f,"THA Hydraulics / China Lifts - Tingheng, Inc.",69fdf12502bb2c42a87a57e0,"prm796 - Prom Motor Hotel, Inc. - Airworld Industrial (fka Prom Airworld Center 9/10)",evidenceOfInsurance,Evidence of Insurance,workersCompensation,Workers' Compensation and Employer's Liability,evidenceOfInsuranceWorkersCompensationStatutoryLimits,Statutory Limits,,matchOnce,must be present,,,non_compliant,Block Requirements,,,false,0,,2026-08-16
"Block Real Estate Services, LLC",69fdf79262446148bd859c54,69fded2262446148bd84921f,"THA Hydraulics / China Lifts - Tingheng, Inc.",69fdf12502bb2c42a87a57e0,"prm796 - Prom Motor Hotel, Inc. - Airworld Industrial (fka Prom Airworld Center 9/10)",evidenceOfInsurance,Evidence of Insurance,workersCompensation,Workers' Compensation and Employer's Liability,evidenceOfInsuranceWorkersCompensationEmployersLiabilityEachAccident,Employer's Liability Each Accident,,matchOnce,must be greater or equal to,500000,,non_compliant,Block Requirements,,,false,0,,2026-08-16
"Block Real Estate Services, LLC",69fdf79262446148bd859c54,69fded2262446148bd84921f,"THA Hydraulics / China Lifts - Tingheng, Inc.",69fdf12502bb2c42a87a57e0,"prm796 - Prom Motor Hotel, Inc. - Airworld Industrial (fka Prom Airworld Center 9/10)",evidenceOfInsurance,Evidence of Insurance,workersCompensation,Workers' Compensation and Employer's Liability,evidenceOfInsuranceWorkersCompensationEmployersLiabilityDiseaseEachEmployee,Employer's Liability Disease - each employee,,matchOnce,must be greater or equal to,500000,,non_compliant,Block Requirements,,,false,0,,2026-08-16
"Block Real Estate Services, LLC",69fdf79262446148bd859c54,69fded2262446148bd84921f,"THA Hydraulics / China Lifts - Tingheng, Inc.",69fdf12502bb2c42a87a57e0,"prm796 - Prom Motor Hotel, Inc. - Airworld Industrial (fka Prom Airworld Center 9/10)",evidenceOfInsurance,Evidence of Insurance,workersCompensation,Workers' Compensation and Employer's Liability,evidenceOfInsuranceWorkersCompensationEmployersLiabilityDiseasePolicyLimit,Employer's Liability Disease - policy limit,,matchOnce,must be greater or equal to,500000,,non_compliant,Block Requirements,,,false,0,,2026-08-16
"Block Real Estate Services, LLC",69fdf79262446148bd859c54,69fded2262446148bd84921f,"THA Hydraulics / China Lifts - Tingheng, Inc.",69fdf12502bb2c42a87a57e0,"prm796 - Prom Motor Hotel, Inc. - Airworld Industrial (fka Prom Airworld Center 9/10)",evidenceOfInsurance,Evidence of Insurance,workersCompensation,Workers' Compensation and Employer's Liability,evidenceOfInsuranceWorkersCompensationWaiverOfSubrogationEndorsement,Waiver of Subrogation,"---prompt---
Determine if the insurer has waived their right of subrogation in favor of the certificate holder under the Workers' Compensation policy. Evidence may include: a checked ""Waiver of Subrogation"" box on the certificate, mention in the Description of Operations section stating ""waiver of subrogation applies"", or reference to form WC 00 03 13. Look for language like ""subrogation is waived"" or ""per written contract"".",matchOnce,must be present,,,non_compliant,Block Requirements,,,false,0,,2026-08-16
"Block Real Estate Services, LLC",69fdf79262446148bd859c54,69fded2262446148bd84921f,"THA Hydraulics / China Lifts - Tingheng, Inc.",69fdf12502bb2c42a87a57e0,"prm796 - Prom Motor Hotel, Inc. - Airworld Industrial (fka Prom Airworld Center 9/10)",evidenceOfInsurance,Evidence of Insurance,6ac20aae-5728-5d57-b364-aeba38527dba,Additional Requirements,4da5b0f1-4c9d-5885-8cf8-5d3cccaed3e0,"Block Real Estate Services, LLC and all others required by contract are named as Additional Insureds","---prompt---
Determine if the Description of Operations or the Additional Remarks Schedule section states the ""Additional Insured as Construction Management, Inc. and all others required by contract"" or reference to blanket additional insured coverage. Look for language like ""certificate holder is additional insured"" or ""per written contract"".",matchOnce,must be present,,,non_compliant,Block Requirements,,,true,0,,2026-08-16
"Block Real Estate Services, LLC",69fdf79262446148bd859c54,69fded2262446148bd84921f,"THA Hydraulics / China Lifts - Tingheng, Inc.",69fdf12502bb2c42a87a57e0,"prm796 - Prom Motor Hotel, Inc. - Airworld Industrial (fka Prom Airworld Center 9/10)",evidenceOfInsurance,Evidence of Insurance,6ac20aae-5728-5d57-b364-aeba38527dba,Additional Requirements,e1017741-e47e-5f58-97b8-fbc3043e919f,Umbrella follows form over General Liability,"---prompt---
Determine if the Umbrella/Excess Liability policy follows form to the underlying policies. Evidence may include: language in the Description of Operations section stating the umbrella follows form to underlying coverages or an additional page endorsement stating that it follows form. Follow form means the umbrella policy adopts the same terms, conditions, and exclusions as the underlying policies.",matchOnce,must be present,,,non_compliant,Block Requirements,,,true,0,,2026-08-16
"Block Real Estate Services, LLC",69fdf79262446148bd859c54,69fded2262446148bd84921f,"THA Hydraulics / China Lifts - Tingheng, Inc.",69fdf12502bb2c42a87a57e0,"prm796 - Prom Motor Hotel, Inc. - Airworld Industrial (fka Prom Airworld Center 9/10)",evidenceOfInsurance,Evidence of Insurance,6ac20aae-5728-5d57-b364-aeba38527dba,Additional Requirements,2cdd866f-c9a4-576a-afd8-1d045762790c,The location must be listed as: 8404 NW 107th Terrace Kansas City MO 64153,,matchOnce,must be present,,,non_compliant,Block Requirements,,,true,0,,2026-08-16
"Block Real Estate Services, LLC",69fdf79262446148bd859c54,69fded2262446148bd84921f,"THA Hydraulics / China Lifts - Tingheng, Inc.",69fdf12502bb2c42a87a57e0,"prm796 - Prom Motor Hotel, Inc. - Airworld Industrial (fka Prom Airworld Center 9/10)",evidenceOfInsurance,Evidence of Insurance,6ac20aae-5728-5d57-b364-aeba38527dba,Additional Requirements,3649e9d1-4e09-59bf-8f30-cb33c40cf117,"Certificate Holder must read: c/o Block Real Estate Services, LLC, 4622 Pennsylvania St., Suite 700, Kansas City, MO, 64112",,matchOnce,must be present,,,non_compliant,Block Requirements,,,true,0,,2026-08-16
"Block Real Estate Services, LLC",69fdf79262446148bd859c4f,69fded1162446148bd848c85,ClassOneModelWorks.com LLC,69fdf12502bb2c42a87a57e0,"prm796 - Prom Motor Hotel, Inc. - Airworld Industrial (fka Prom Airworld Center 9/10)",evidenceOfInsurance,Evidence of Insurance,commercialGeneralLiability,Commercial General Liability,evidenceOfInsuranceCommercialGeneralLiabilityCoverageTriggerOccurrence,Coverage Trigger: Occurrence,,matchOnce,must be present,,Present,compliant,Block Requirements,,,false,3,,2026-08-16
"Block Real Estate Services, LLC",69fdf79262446148bd859c4f,69fded1162446148bd848c85,ClassOneModelWorks.com LLC,69fdf12502bb2c42a87a57e0,"prm796 - Prom Motor Hotel, Inc. - Airworld Industrial (fka Prom Airworld Center 9/10)",evidenceOfInsurance,Evidence of Insurance,commercialGeneralLiability,Commercial General Liability,evidenceOfInsuranceCommercialGeneralLiabilityGeneralAggregateLimitAppliesPerLocation,General Aggregate Limit Applies per: Location,,matchOnce,must be present,,Present,compliant,Block Requirements,,,false,3,,2026-08-16
"Block Real Estate Services, LLC",69fdf79262446148bd859c4f,69fded1162446148bd848c85,ClassOneModelWorks.com LLC,69fdf12502bb2c42a87a57e0,"prm796 - Prom Motor Hotel, Inc. - Airworld Industrial (fka Prom Airworld Center 9/10)",evidenceOfInsurance,Evidence of Insurance,commercialGeneralLiability,Commercial General Liability,evidenceOfInsuranceCommercialGeneralLiabilityEachOccurrence,Each Occurrence,,matchOnce,must be greater or equal to,1000000,2000000,compliant,Block Requirements,,,false,3,,2026-08-16
"Block Real Estate Services, LLC",69fdf79262446148bd859c4f,69fded1162446148bd848c85,ClassOneModelWorks.com LLC,69fdf12502bb2c42a87a57e0,"prm796 - Prom Motor Hotel, Inc. - Airworld Industrial (fka Prom Airworld Center 9/10)",evidenceOfInsurance,Evidence of Insurance,commercialGeneralLiability,Commercial General Liability,evidenceOfInsuranceCommercialGeneralLiabilityGeneralAggregate,General Aggregate,,matchOnce,must be greater or equal to,2000000,2000000,compliant,Block Requirements,,,false,3,,2026-08-16
"Block Real Estate Services, LLC",69fdf79262446148bd859c4f,69fded1162446148bd848c85,ClassOneModelWorks.com LLC,69fdf12502bb2c42a87a57e0,"prm796 - Prom Motor Hotel, Inc. - Airworld Industrial (fka Prom Airworld Center 9/10)",evidenceOfInsurance,Evidence of Insurance,commercialGeneralLiability,Commercial General Liability,evidenceOfInsuranceCommercialGeneralLiabilityWaiverOfSubrogationEndorsement,Waiver of Subrogation,"---prompt---
Determine if the insurer has waived their right of subrogation in favor of the certificate holder under the Commercial General Liability policy. Evidence may include: a checked ""Waiver of Subrogation"" box on the certificate, mention in the Description of Operations section stating ""waiver of subrogation applies"", or reference to form CG 24 04. Look for language like ""subrogation is waived"" or ""per written contract"".",matchOnce,must be present,,Present,compliant,Block Requirements,,,false,3,,2026-08-16
"Block Real Estate Services, LLC",69fdf79262446148bd859c4f,69fded1162446148bd848c85,ClassOneModelWorks.com LLC,69fdf12502bb2c42a87a57e0,"prm796 - Prom Motor Hotel, Inc. - Airworld Industrial (fka Prom Airworld Center 9/10)",evidenceOfInsurance,Evidence of Insurance,excessOrUmbrellaLiability,Umbrella/Excess Liability,evidenceOfInsuranceExcessOrUmbrellaLiabilityOccurence,Coverage Trigger: Occurrence,,matchOnce,must be present,,Present,compliant,Block Requirements,,,false,2,,2026-08-16
"Block Real Estate Services, LLC",69fdf79262446148bd859c4f,69fded1162446148bd848c85,ClassOneModelWorks.com LLC,69fdf12502bb2c42a87a57e0,"prm796 - Prom Motor Hotel, Inc. - Airworld Industrial (fka Prom Airworld Center 9/10)",evidenceOfInsurance,Evidence of Insurance,excessOrUmbrellaLiability,Umbrella/Excess Liability,evidenceOfInsuranceExcessOrUmbrellaLiabilityEachOccurrence,Each Occurrence,,matchOnce,must be greater or equal to,1000000,2000000,compliant,Block Requirements,,,false,3,,2026-08-16
"Block Real Estate Services, LLC",69fdf79262446148bd859c4f,69fded1162446148bd848c85,ClassOneModelWorks.com LLC,69fdf12502bb2c42a87a57e0,"prm796 - Prom Motor Hotel, Inc. - Airworld Industrial (fka Prom Airworld Center 9/10)",evidenceOfInsurance,Evidence of Insurance,excessOrUmbrellaLiability,Umbrella/Excess Liability,evidenceOfInsuranceExcessOrUmbrellaLiabilityAggregate,Aggregate,,matchOnce,must be greater or equal to,1000000,2000000,compliant,Block Requirements,,,false,3,,2026-08-16
"Block Real Estate Services, LLC",69fdf79262446148bd859c4f,69fded1162446148bd848c85,ClassOneModelWorks.com LLC,69fdf12502bb2c42a87a57e0,"prm796 - Prom Motor Hotel, Inc. - Airworld Industrial (fka Prom Airworld Center 9/10)",evidenceOfInsurance,Evidence of Insurance,workersCompensation,Workers' Compensation and Employer's Liability,evidenceOfInsuranceWorkersCompensationStatutoryLimits,Statutory Limits,,matchOnce,must be present,,Present,compliant,Block Requirements,,,false,3,,2026-08-16
"Block Real Estate Services, LLC",69fdf79262446148bd859c4f,69fded1162446148bd848c85,ClassOneModelWorks.com LLC,69fdf12502bb2c42a87a57e0,"prm796 - Prom Motor Hotel, Inc. - Airworld Industrial (fka Prom Airworld Center 9/10)",evidenceOfInsurance,Evidence of Insurance,workersCompensation,Workers' Compensation and Employer's Liability,evidenceOfInsuranceWorkersCompensationEmployersLiabilityEachAccident,Employer's Liability Each Accident,,matchOnce,must be greater or equal to,500000,1000000,compliant,Block Requirements,,,false,3,,2026-08-16
"Block Real Estate Services, LLC",69fdf79262446148bd859c4f,69fded1162446148bd848c85,ClassOneModelWorks.com LLC,69fdf12502bb2c42a87a57e0,"prm796 - Prom Motor Hotel, Inc. - Airworld Industrial (fka Prom Airworld Center 9/10)",evidenceOfInsurance,Evidence of Insurance,workersCompensation,Workers' Compensation and Employer's Liability,evidenceOfInsuranceWorkersCompensationEmployersLiabilityDiseaseEachEmployee,Employer's Liability Disease - each employee,,matchOnce,must be greater or equal to,500000,1000000,compliant,Block Requirements,,,false,3,,2026-08-16
"Block Real Estate Services, LLC",69fdf79262446148bd859c4f,69fded1162446148bd848c85,ClassOneModelWorks.com LLC,69fdf12502bb2c42a87a57e0,"prm796 - Prom Motor Hotel, Inc. - Airworld Industrial (fka Prom Airworld Center 9/10)",evidenceOfInsurance,Evidence of Insurance,workersCompensation,Workers' Compensation and Employer's Liability,evidenceOfInsuranceWorkersCompensationEmployersLiabilityDiseasePolicyLimit,Employer's Liability Disease - policy limit,,matchOnce,must be greater or equal to,500000,1000000,compliant,Block Requirements,,,false,3,,2026-08-16
"Block Real Estate Services, LLC",69fdf79262446148bd859c4f,69fded1162446148bd848c85,ClassOneModelWorks.com LLC,69fdf12502bb2c42a87a57e0,"prm796 - Prom Motor Hotel, Inc. - Airworld Industrial (fka Prom Airworld Center 9/10)",evidenceOfInsurance,Evidence of Insurance,workersCompensation,Workers' Compensation and Employer's Liability,evidenceOfInsuranceWorkersCompensationWaiverOfSubrogationEndorsement,Waiver of Subrogation,"---prompt---
Determine if the insurer has waived their right of subrogation in favor of the certificate holder under the Workers' Compensation policy. Evidence may include: a checked ""Waiver of Subrogation"" box on the certificate, mention in the Description of Operations section stating ""waiver of subrogation applies"", or reference to form WC 00 03 13. Look for language like ""subrogation is waived"" or ""per written contract"".",matchOnce,must be present,,Present,compliant,Block Requirements,,,false,3,,2026-08-16
"Block Real Estate Services, LLC",69fdf79262446148bd859c4f,69fded1162446148bd848c85,ClassOneModelWorks.com LLC,69fdf12502bb2c42a87a57e0,"prm796 - Prom Motor Hotel, Inc. - Airworld Industrial (fka Prom Airworld Center 9/10)",evidenceOfInsurance,Evidence of Insurance,6ac20aae-5728-5d57-b364-aeba38527dba,Additional Requirements,4da5b0f1-4c9d-5885-8cf8-5d3cccaed3e0,"Block Real Estate Services, LLC and all others required by contract are named as Additional Insureds","---prompt---
Determine if the Description of Operations or the Additional Remarks Schedule section states the ""Additional Insured as Construction Management, Inc. and all others required by contract"" or reference to blanket additional insured coverage. Look for language like ""certificate holder is additional insured"" or ""per written contract"".",matchOnce,must be present,,Present,compliant,Block Requirements,,,true,3,,2026-08-16
"Block Real Estate Services, LLC",69fdf79262446148bd859c4f,69fded1162446148bd848c85,ClassOneModelWorks.com LLC,69fdf12502bb2c42a87a57e0,"prm796 - Prom Motor Hotel, Inc. - Airworld Industrial (fka Prom Airworld Center 9/10)",evidenceOfInsurance,Evidence of Insurance,6ac20aae-5728-5d57-b364-aeba38527dba,Additional Requirements,e1017741-e47e-5f58-97b8-fbc3043e919f,Umbrella follows form over General Liability,"---prompt---
Determine if the Umbrella/Excess Liability policy follows form to the underlying policies. Evidence may include: language in the Description of Operations section stating the umbrella follows form to underlying coverages or an additional page endorsement stating that it follows form. Follow form means the umbrella policy adopts the same terms, conditions, and exclusions as the underlying policies.",matchOnce,must be present,,Present,compliant,Block Requirements,,,true,3,,2026-08-16
"Block Real Estate Services, LLC",69fdf79262446148bd859c4f,69fded1162446148bd848c85,ClassOneModelWorks.com LLC,69fdf12502bb2c42a87a57e0,"prm796 - Prom Motor Hotel, Inc. - Airworld Industrial (fka Prom Airworld Center 9/10)",evidenceOfInsurance,Evidence of Insurance,6ac20aae-5728-5d57-b364-aeba38527dba,Additional Requirements,2cdd866f-c9a4-576a-afd8-1d045762790c,"The location must be listed as: 8608, 8610 NW 107th Terrace Kansas City MO 64153",,matchOnce,must be present,,Present,compliant,Block Requirements,,,true,3,,2026-08-16
"Block Real Estate Services, LLC",69fdf79262446148bd859c4f,69fded1162446148bd848c85,ClassOneModelWorks.com LLC,69fdf12502bb2c42a87a57e0,"prm796 - Prom Motor Hotel, Inc. - Airworld Industrial (fka Prom Airworld Center 9/10)",evidenceOfInsurance,Evidence of Insurance,6ac20aae-5728-5d57-b364-aeba38527dba,Additional Requirements,3649e9d1-4e09-59bf-8f30-cb33c40cf117,"Certificate Holder must read: c/o Block Real Estate Services, LLC, 4622 Pennsylvania St., Suite 700, Kansas City, MO, 64112",,matchOnce,must be present,,Present,compliant,Block Requirements,,,true,2,,2026-08-16
"Block Real Estate Services, LLC",6a1868bca1ec98c09c965571,69fded1262446148bd848ce8,Dairy Farmers Of America,69fdf12502bb2c42a87a57e0,"prm796 - Prom Motor Hotel, Inc. - Airworld Industrial (fka Prom Airworld Center 9/10)",evidenceOfInsurance,Evidence of Insurance,commercialGeneralLiability,Commercial General Liability,evidenceOfInsuranceCommercialGeneralLiabilityCoverageTriggerOccurrence,Coverage Trigger: Occurrence,,matchOnce,must be present,,Present,compliant,Block Requirements,,,false,1,,2026-08-16
"Block Real Estate Services, LLC",6a1868bca1ec98c09c965571,69fded1262446148bd848ce8,Dairy Farmers Of America,69fdf12502bb2c42a87a57e0,"prm796 - Prom Motor Hotel, Inc. - Airworld Industrial (fka Prom Airworld Center 9/10)",evidenceOfInsurance,Evidence of Insurance,commercialGeneralLiability,Commercial General Liability,evidenceOfInsuranceCommercialGeneralLiabilityGeneralAggregateLimitAppliesPerLocation,General Aggregate Limit Applies per: Location,,matchOnce,must be present,,Present,compliant,Block Requirements,,,false,1,,2026-08-16
"Block Real Estate Services, LLC",6a1868bca1ec98c09c965571,69fded1262446148bd848ce8,Dairy Farmers Of America,69fdf12502bb2c42a87a57e0,"prm796 - Prom Motor Hotel, Inc. - Airworld Industrial (fka Prom Airworld Center 9/10)",evidenceOfInsurance,Evidence of Insurance,commercialGeneralLiability,Commercial General Liability,evidenceOfInsuranceCommercialGeneralLiabilityEachOccurrence,Each Occurrence,,matchOnce,must be greater or equal to,1000000,5000000,compliant,Block Requirements,,,false,1,,2026-08-16
"Block Real Estate Services, LLC",6a1868bca1ec98c09c965571,69fded1262446148bd848ce8,Dairy Farmers Of America,69fdf12502bb2c42a87a57e0,"prm796 - Prom Motor Hotel, Inc. - Airworld Industrial (fka Prom Airworld Center 9/10)",evidenceOfInsurance,Evidence of Insurance,commercialGeneralLiability,Commercial General Liability,evidenceOfInsuranceCommercialGeneralLiabilityGeneralAggregate,General Aggregate,,matchOnce,must be greater or equal to,2000000,10000000,compliant,Block Requirements,,,false,1,,2026-08-16
"Block Real Estate Services, LLC",6a1868bca1ec98c09c965571,69fded1262446148bd848ce8,Dairy Farmers Of America,69fdf12502bb2c42a87a57e0,"prm796 - Prom Motor Hotel, Inc. - Airworld Industrial (fka Prom Airworld Center 9/10)",evidenceOfInsurance,Evidence of Insurance,commercialGeneralLiability,Commercial General Liability,evidenceOfInsuranceCommercialGeneralLiabilityWaiverOfSubrogationEndorsement,Waiver of Subrogation,"---prompt---
Determine if the insurer has waived their right of subrogation in favor of the certificate holder under the Commercial General Liability policy. Evidence may include: a checked ""Waiver of Subrogation"" box on the certificate, mention in the Description of Operations section stating ""waiver of subrogation applies"", or reference to form CG 24 04. Look for language like ""subrogation is waived"" or ""per written contract"".",matchOnce,must be present,,Present,compliant,Block Requirements,,,false,1,,2026-08-16
"Block Real Estate Services, LLC",6a1868bca1ec98c09c965571,69fded1262446148bd848ce8,Dairy Farmers Of America,69fdf12502bb2c42a87a57e0,"prm796 - Prom Motor Hotel, Inc. - Airworld Industrial (fka Prom Airworld Center 9/10)",evidenceOfInsurance,Evidence of Insurance,excessOrUmbrellaLiability,Umbrella/Excess Liability,evidenceOfInsuranceExcessOrUmbrellaLiabilityOccurence,Coverage Trigger: Occurrence,,matchOnce,must be present,,Present,compliant,Block Requirements,,,false,1,,2026-08-16
"Block Real Estate Services, LLC",6a1868bca1ec98c09c965571,69fded1262446148bd848ce8,Dairy Farmers Of America,69fdf12502bb2c42a87a57e0,"prm796 - Prom Motor Hotel, Inc. - Airworld Industrial (fka Prom Airworld Center 9/10)",evidenceOfInsurance,Evidence of Insurance,excessOrUmbrellaLiability,Umbrella/Excess Liability,evidenceOfInsuranceExcessOrUmbrellaLiabilityEachOccurrence,Each Occurrence,,matchOnce,must be greater or equal to,1000000,1000000,compliant,Block Requirements,,,false,1,,2026-08-16
"Block Real Estate Services, LLC",6a1868bca1ec98c09c965571,69fded1262446148bd848ce8,Dairy Farmers Of America,69fdf12502bb2c42a87a57e0,"prm796 - Prom Motor Hotel, Inc. - Airworld Industrial (fka Prom Airworld Center 9/10)",evidenceOfInsurance,Evidence of Insurance,excessOrUmbrellaLiability,Umbrella/Excess Liability,evidenceOfInsuranceExcessOrUmbrellaLiabilityAggregate,Aggregate,,matchOnce,must be greater or equal to,1000000,1000000,compliant,Block Requirements,,,false,1,,2026-08-16
"Block Real Estate Services, LLC",6a1868bca1ec98c09c965571,69fded1262446148bd848ce8,Dairy Farmers Of America,69fdf12502bb2c42a87a57e0,"prm796 - Prom Motor Hotel, Inc. - Airworld Industrial (fka Prom Airworld Center 9/10)",evidenceOfInsurance,Evidence of Insurance,workersCompensation,Workers' Compensation and Employer's Liability,evidenceOfInsuranceWorkersCompensationStatutoryLimits,Statutory Limits,,matchOnce,must be present,,Present,compliant,Block Requirements,,,false,1,,2026-08-16
"Block Real Estate Services, LLC",6a1868bca1ec98c09c965571,69fded1262446148bd848ce8,Dairy Farmers Of America,69fdf12502bb2c42a87a57e0,"prm796 - Prom Motor Hotel, Inc. - Airworld Industrial (fka Prom Airworld Center 9/10)",evidenceOfInsurance,Evidence of Insurance,workersCompensation,Workers' Compensation and Employer's Liability,evidenceOfInsuranceWorkersCompensationEmployersLiabilityEachAccident,Employer's Liability Each Accident,,matchOnce,must be greater or equal to,500000,1000000,compliant,Block Requirements,,,false,1,,2026-08-16
"Block Real Estate Services, LLC",6a1868bca1ec98c09c965571,69fded1262446148bd848ce8,Dairy Farmers Of America,69fdf12502bb2c42a87a57e0,"prm796 - Prom Motor Hotel, Inc. - Airworld Industrial (fka Prom Airworld Center 9/10)",evidenceOfInsurance,Evidence of Insurance,workersCompensation,Workers' Compensation and Employer's Liability,evidenceOfInsuranceWorkersCompensationEmployersLiabilityDiseaseEachEmployee,Employer's Liability Disease - each employee,,matchOnce,must be greater or equal to,500000,1000000,compliant,Block Requirements,,,false,1,,2026-08-16
"Block Real Estate Services, LLC",6a1868bca1ec98c09c965571,69fded1262446148bd848ce8,Dairy Farmers Of America,69fdf12502bb2c42a87a57e0,"prm796 - Prom Motor Hotel, Inc. - Airworld Industrial (fka Prom Airworld Center 9/10)",evidenceOfInsurance,Evidence of Insurance,workersCompensation,Workers' Compensation and Employer's Liability,evidenceOfInsuranceWorkersCompensationEmployersLiabilityDiseasePolicyLimit,Employer's Liability Disease - policy limit,,matchOnce,must be greater or equal to,500000,1000000,compliant,Block Requirements,,,false,1,,2026-08-16
"Block Real Estate Services, LLC",6a1868bca1ec98c09c965571,69fded1262446148bd848ce8,Dairy Farmers Of America,69fdf12502bb2c42a87a57e0,"prm796 - Prom Motor Hotel, Inc. - Airworld Industrial (fka Prom Airworld Center 9/10)",evidenceOfInsurance,Evidence of Insurance,workersCompensation,Workers' Compensation and Employer's Liability,evidenceOfInsuranceWorkersCompensationWaiverOfSubrogationEndorsement,Waiver of Subrogation,"---prompt---
Determine if the insurer has waived their right of subrogation in favor of the certificate holder under the Workers' Compensation policy. Evidence may include: a checked ""Waiver of Subrogation"" box on the certificate, mention in the Description of Operations section stating ""waiver of subrogation applies"", or reference to form WC 00 03 13. Look for language like ""subrogation is waived"" or ""per written contract"".",matchOnce,must be present,,Present,compliant,Block Requirements,,,false,1,,2026-08-16
"Block Real Estate Services, LLC",6a1868bca1ec98c09c965571,69fded1262446148bd848ce8,Dairy Farmers Of America,69fdf12502bb2c42a87a57e0,"prm796 - Prom Motor Hotel, Inc. - Airworld Industrial (fka Prom Airworld Center 9/10)",evidenceOfInsurance,Evidence of Insurance,6ac20aae-5728-5d57-b364-aeba38527dba,Additional Requirements,4da5b0f1-4c9d-5885-8cf8-5d3cccaed3e0,"Block Real Estate Services, LLC and all others required by contract are named as Additional Insureds","---prompt---
Determine if the Description of Operations or the Additional Remarks Schedule section states the ""Additional Insured as Construction Management, Inc. and all others required by contract"" or reference to blanket additional insured coverage. Look for language like ""certificate holder is additional insured"" or ""per written contract"".",matchOnce,must be present,,Present,compliant,Block Requirements,,,true,1,,2026-08-16
"Block Real Estate Services, LLC",6a1868bca1ec98c09c965571,69fded1262446148bd848ce8,Dairy Farmers Of America,69fdf12502bb2c42a87a57e0,"prm796 - Prom Motor Hotel, Inc. - Airworld Industrial (fka Prom Airworld Center 9/10)",evidenceOfInsurance,Evidence of Insurance,6ac20aae-5728-5d57-b364-aeba38527dba,Additional Requirements,e1017741-e47e-5f58-97b8-fbc3043e919f,Umbrella follows form over General Liability,"---prompt---
Determine if the Umbrella/Excess Liability policy follows form to the underlying policies. Evidence may include: language in the Description of Operations section stating the umbrella follows form to underlying coverages or an additional page endorsement stating that it follows form. Follow form means the umbrella policy adopts the same terms, conditions, and exclusions as the underlying policies.",matchOnce,must be present,,Present,compliant,Block Requirements,,,true,1,,2026-08-16
"Block Real Estate Services, LLC",6a1868bca1ec98c09c965571,69fded1262446148bd848ce8,Dairy Farmers Of America,69fdf12502bb2c42a87a57e0,"prm796 - Prom Motor Hotel, Inc. - Airworld Industrial (fka Prom Airworld Center 9/10)",evidenceOfInsurance,Evidence of Insurance,6ac20aae-5728-5d57-b364-aeba38527dba,Additional Requirements,2cdd866f-c9a4-576a-afd8-1d045762790c,"The location must be listed as: 8600, 8604, 8616 -storage/phone NW 107th Terrace Kansas City MO 64153",,matchOnce,must be present,,Present,compliant,Block Requirements,,,true,1,,2026-08-16
"Block Real Estate Services, LLC",6a1868bca1ec98c09c965571,69fded1262446148bd848ce8,Dairy Farmers Of America,69fdf12502bb2c42a87a57e0,"prm796 - Prom Motor Hotel, Inc. - Airworld Industrial (fka Prom Airworld Center 9/10)",evidenceOfInsurance,Evidence of Insurance,6ac20aae-5728-5d57-b364-aeba38527dba,Additional Requirements,3649e9d1-4e09-59bf-8f30-cb33c40cf117,"Certificate Holder must read: c/o Block Real Estate Services, LLC, 4622 Pennsylvania St., Suite 700, Kansas City, MO, 64112",,matchOnce,must be present,,Present,compliant,Block Requirements,,,true,1,,2026-08-16
"Block Real Estate Services, LLC",6a1868cddbcac4598a69bebc,69fded2262446148bd84921f,"THA Hydraulics / China Lifts - Tingheng, Inc.",69fdf12502bb2c42a87a57e0,"prm796 - Prom Motor Hotel, Inc. - Airworld Industrial (fka Prom Airworld Center 9/10)",evidenceOfInsurance,Evidence of Insurance,commercialGeneralLiability,Commercial General Liability,evidenceOfInsuranceCommercialGeneralLiabilityCoverageTriggerOccurrence,Coverage Trigger: Occurrence,,matchOnce,must be present,,,non_compliant,Block Requirements,,,false,0,,2026-08-16
"Block Real Estate Services, LLC",6a1868cddbcac4598a69bebc,69fded2262446148bd84921f,"THA Hydraulics / China Lifts - Tingheng, Inc.",69fdf12502bb2c42a87a57e0,"prm796 - Prom Motor Hotel, Inc. - Airworld Industrial (fka Prom Airworld Center 9/10)",evidenceOfInsurance,Evidence of Insurance,commercialGeneralLiability,Commercial General Liability,evidenceOfInsuranceCommercialGeneralLiabilityGeneralAggregateLimitAppliesPerLocation,General Aggregate Limit Applies per: Location,,matchOnce,must be present,,,non_compliant,Block Requirements,,,false,0,,2026-08-16
"Block Real Estate Services, LLC",6a1868cddbcac4598a69bebc,69fded2262446148bd84921f,"THA Hydraulics / China Lifts - Tingheng, Inc.",69fdf12502bb2c42a87a57e0,"prm796 - Prom Motor Hotel, Inc. - Airworld Industrial (fka Prom Airworld Center 9/10)",evidenceOfInsurance,Evidence of Insurance,commercialGeneralLiability,Commercial General Liability,evidenceOfInsuranceCommercialGeneralLiabilityEachOccurrence,Each Occurrence,,matchOnce,must be greater or equal to,1000000,,non_compliant,Block Requirements,,,false,0,,2026-08-16
"Block Real Estate Services, LLC",6a1868cddbcac4598a69bebc,69fded2262446148bd84921f,"THA Hydraulics / China Lifts - Tingheng, Inc.",69fdf12502bb2c42a87a57e0,"prm796 - Prom Motor Hotel, Inc. - Airworld Industrial (fka Prom Airworld Center 9/10)",evidenceOfInsurance,Evidence of Insurance,commercialGeneralLiability,Commercial General Liability,evidenceOfInsuranceCommercialGeneralLiabilityGeneralAggregate,General Aggregate,,matchOnce,must be greater or equal to,2000000,,non_compliant,Block Requirements,,,false,0,,2026-08-16
"Block Real Estate Services, LLC",6a1868cddbcac4598a69bebc,69fded2262446148bd84921f,"THA Hydraulics / China Lifts - Tingheng, Inc.",69fdf12502bb2c42a87a57e0,"prm796 - Prom Motor Hotel, Inc. - Airworld Industrial (fka Prom Airworld Center 9/10)",evidenceOfInsurance,Evidence of Insurance,commercialGeneralLiability,Commercial General Liability,evidenceOfInsuranceCommercialGeneralLiabilityWaiverOfSubrogationEndorsement,Waiver of Subrogation,"---prompt---
Determine if the insurer has waived their right of subrogation in favor of the certificate holder under the Commercial General Liability policy. Evidence may include: a checked ""Waiver of Subrogation"" box on the certificate, mention in the Description of Operations section stating ""waiver of subrogation applies"", or reference to form CG 24 04. Look for language like ""subrogation is waived"" or ""per written contract"".",matchOnce,must be present,,,non_compliant,Block Requirements,,,false,0,,2026-08-16
"Block Real Estate Services, LLC",6a1868cddbcac4598a69bebc,69fded2262446148bd84921f,"THA Hydraulics / China Lifts - Tingheng, Inc.",69fdf12502bb2c42a87a57e0,"prm796 - Prom Motor Hotel, Inc. - Airworld Industrial (fka Prom Airworld Center 9/10)",evidenceOfInsurance,Evidence of Insurance,excessOrUmbrellaLiability,Umbrella/Excess Liability,evidenceOfInsuranceExcessOrUmbrellaLiabilityOccurence,Coverage Trigger: Occurrence,,matchOnce,must be present,,,non_compliant,Block Requirements,,,false,0,,2026-08-16
"Block Real Estate Services, LLC",6a1868cddbcac4598a69bebc,69fded2262446148bd84921f,"THA Hydraulics / China Lifts - Tingheng, Inc.",69fdf12502bb2c42a87a57e0,"prm796 - Prom Motor Hotel, Inc. - Airworld Industrial (fka Prom Airworld Center 9/10)",evidenceOfInsurance,Evidence of Insurance,excessOrUmbrellaLiability,Umbrella/Excess Liability,evidenceOfInsuranceExcessOrUmbrellaLiabilityEachOccurrence,Each Occurrence,,matchOnce,must be greater or equal to,1000000,,non_compliant,Block Requirements,,,false,0,,2026-08-16
"Block Real Estate Services, LLC",6a1868cddbcac4598a69bebc,69fded2262446148bd84921f,"THA Hydraulics / China Lifts - Tingheng, Inc.",69fdf12502bb2c42a87a57e0,"prm796 - Prom Motor Hotel, Inc. - Airworld Industrial (fka Prom Airworld Center 9/10)",evidenceOfInsurance,Evidence of Insurance,excessOrUmbrellaLiability,Umbrella/Excess Liability,evidenceOfInsuranceExcessOrUmbrellaLiabilityAggregate,Aggregate,,matchOnce,must be greater or equal to,1000000,,non_compliant,Block Requirements,,,false,0,,2026-08-16
"Block Real Estate Services, LLC",6a1868cddbcac4598a69bebc,69fded2262446148bd84921f,"THA Hydraulics / China Lifts - Tingheng, Inc.",69fdf12502bb2c42a87a57e0,"prm796 - Prom Motor Hotel, Inc. - Airworld Industrial (fka Prom Airworld Center 9/10)",evidenceOfInsurance,Evidence of Insurance,workersCompensation,Workers' Compensation and Employer's Liability,evidenceOfInsuranceWorkersCompensationStatutoryLimits,Statutory Limits,,matchOnce,must be present,,,non_compliant,Block Requirements,,,false,0,,2026-08-16
"Block Real Estate Services, LLC",6a1868cddbcac4598a69bebc,69fded2262446148bd84921f,"THA Hydraulics / China Lifts - Tingheng, Inc.",69fdf12502bb2c42a87a57e0,"prm796 - Prom Motor Hotel, Inc. - Airworld Industrial (fka Prom Airworld Center 9/10)",evidenceOfInsurance,Evidence of Insurance,workersCompensation,Workers' Compensation and Employer's Liability,evidenceOfInsuranceWorkersCompensationEmployersLiabilityEachAccident,Employer's Liability Each Accident,,matchOnce,must be greater or equal to,500000,,non_compliant,Block Requirements,,,false,0,,2026-08-16
"Block Real Estate Services, LLC",6a1868cddbcac4598a69bebc,69fded2262446148bd84921f,"THA Hydraulics / China Lifts - Tingheng, Inc.",69fdf12502bb2c42a87a57e0,"prm796 - Prom Motor Hotel, Inc. - Airworld Industrial (fka Prom Airworld Center 9/10)",evidenceOfInsurance,Evidence of Insurance,workersCompensation,Workers' Compensation and Employer's Liability,evidenceOfInsuranceWorkersCompensationEmployersLiabilityDiseaseEachEmployee,Employer's Liability Disease - each employee,,matchOnce,must be greater or equal to,500000,,non_compliant,Block Requirements,,,false,0,,2026-08-16
"Block Real Estate Services, LLC",6a1868cddbcac4598a69bebc,69fded2262446148bd84921f,"THA Hydraulics / China Lifts - Tingheng, Inc.",69fdf12502bb2c42a87a57e0,"prm796 - Prom Motor Hotel, Inc. - Airworld Industrial (fka Prom Airworld Center 9/10)",evidenceOfInsurance,Evidence of Insurance,workersCompensation,Workers' Compensation and Employer's Liability,evidenceOfInsuranceWorkersCompensationEmployersLiabilityDiseasePolicyLimit,Employer's Liability Disease - policy limit,,matchOnce,must be greater or equal to,500000,,non_compliant,Block Requirements,,,false,0,,2026-08-16
"Block Real Estate Services, LLC",6a1868cddbcac4598a69bebc,69fded2262446148bd84921f,"THA Hydraulics / China Lifts - Tingheng, Inc.",69fdf12502bb2c42a87a57e0,"prm796 - Prom Motor Hotel, Inc. - Airworld Industrial (fka Prom Airworld Center 9/10)",evidenceOfInsurance,Evidence of Insurance,workersCompensation,Workers' Compensation and Employer's Liability,evidenceOfInsuranceWorkersCompensationWaiverOfSubrogationEndorsement,Waiver of Subrogation,"---prompt---
Determine if the insurer has waived their right of subrogation in favor of the certificate holder under the Workers' Compensation policy. Evidence may include: a checked ""Waiver of Subrogation"" box on the certificate, mention in the Description of Operations section stating ""waiver of subrogation applies"", or reference to form WC 00 03 13. Look for language like ""subrogation is waived"" or ""per written contract"".",matchOnce,must be present,,,non_compliant,Block Requirements,,,false,0,,2026-08-16
"Block Real Estate Services, LLC",6a1868cddbcac4598a69bebc,69fded2262446148bd84921f,"THA Hydraulics / China Lifts - Tingheng, Inc.",69fdf12502bb2c42a87a57e0,"prm796 - Prom Motor Hotel, Inc. - Airworld Industrial (fka Prom Airworld Center 9/10)",evidenceOfInsurance,Evidence of Insurance,6ac20aae-5728-5d57-b364-aeba38527dba,Additional Requirements,4da5b0f1-4c9d-5885-8cf8-5d3cccaed3e0,"Block Real Estate Services, LLC and all others required by contract are named as Additional Insureds","---prompt---
Determine if the Description of Operations or the Additional Remarks Schedule section states the ""Additional Insured as Construction Management, Inc. and all others required by contract"" or reference to blanket additional insured coverage. Look for language like ""certificate holder is additional insured"" or ""per written contract"".",matchOnce,must be present,,,non_compliant,Block Requirements,,,true,0,,2026-08-16
"Block Real Estate Services, LLC",6a1868cddbcac4598a69bebc,69fded2262446148bd84921f,"THA Hydraulics / China Lifts - Tingheng, Inc.",69fdf12502bb2c42a87a57e0,"prm796 - Prom Motor Hotel, Inc. - Airworld Industrial (fka Prom Airworld Center 9/10)",evidenceOfInsurance,Evidence of Insurance,6ac20aae-5728-5d57-b364-aeba38527dba,Additional Requirements,e1017741-e47e-5f58-97b8-fbc3043e919f,Umbrella follows form over General Liability,"---prompt---
Determine if the Umbrella/Excess Liability policy follows form to the underlying policies. Evidence may include: language in the Description of Operations section stating the umbrella follows form to underlying coverages or an additional page endorsement stating that it follows form. Follow form means the umbrella policy adopts the same terms, conditions, and exclusions as the underlying policies.",matchOnce,must be present,,,non_compliant,Block Requirements,,,true,0,,2026-08-16
"Block Real Estate Services, LLC",6a1868cddbcac4598a69bebc,69fded2262446148bd84921f,"THA Hydraulics / China Lifts - Tingheng, Inc.",69fdf12502bb2c42a87a57e0,"prm796 - Prom Motor Hotel, Inc. - Airworld Industrial (fka Prom Airworld Center 9/10)",evidenceOfInsurance,Evidence of Insurance,6ac20aae-5728-5d57-b364-aeba38527dba,Additional Requirements,2cdd866f-c9a4-576a-afd8-1d045762790c,The location must be listed as: 8406 NW 107th Terrace Kansas City MO 64153,,matchOnce,must be present,,,non_compliant,Block Requirements,,,true,0,,2026-08-16
"Block Real Estate Services, LLC",6a1868cddbcac4598a69bebc,69fded2262446148bd84921f,"THA Hydraulics / China Lifts - Tingheng, Inc.",69fdf12502bb2c42a87a57e0,"prm796 - Prom Motor Hotel, Inc. - Airworld Industrial (fka Prom Airworld Center 9/10)",evidenceOfInsurance,Evidence of Insurance,6ac20aae-5728-5d57-b364-aeba38527dba,Additional Requirements,3649e9d1-4e09-59bf-8f30-cb33c40cf117,"Certificate Holder must read: c/o Block Real Estate Services, LLC, 4622 Pennsylvania St., Suite 700, Kansas City, MO, 64112",,matchOnce,must be present,,,non_compliant,Block Requirements,,,true,0,,2026-08-16
"Block Real Estate Services, LLC",69fdf76e62446148bd8573fe,69fded1362446148bd848d3c,E2 Optics LLC,69fdf067fa0b60fcd50d99bf,"kci288 - Platte Valley Industrial Center 8 {Platte Valley Investment, LLC}",evidenceOfInsurance,Evidence of Insurance,commercialGeneralLiability,Commercial General Liability,evidenceOfInsuranceCommercialGeneralLiabilityCoverageTriggerOccurrence,Coverage Trigger: Occurrence,,matchOnce,must be present,,Present,compliant,Block Requirements,,,false,1,,2026-08-16
"Block Real Estate Services, LLC",69fdf76e62446148bd8573fe,69fded1362446148bd848d3c,E2 Optics LLC,69fdf067fa0b60fcd50d99bf,"kci288 - Platte Valley Industrial Center 8 {Platte Valley Investment, LLC}",evidenceOfInsurance,Evidence of Insurance,commercialGeneralLiability,Commercial General Liability,evidenceOfInsuranceCommercialGeneralLiabilityGeneralAggregateLimitAppliesPerLocation,General Aggregate Limit Applies per: Location,,matchOnce,must be present,,Present,compliant,Block Requirements,,,false,1,,2026-08-16
"Block Real Estate Services, LLC",69fdf76e62446148bd8573fe,69fded1362446148bd848d3c,E2 Optics LLC,69fdf067fa0b60fcd50d99bf,"kci288 - Platte Valley Industrial Center 8 {Platte Valley Investment, LLC}",evidenceOfInsurance,Evidence of Insurance,commercialGeneralLiability,Commercial General Liability,evidenceOfInsuranceCommercialGeneralLiabilityEachOccurrence,Each Occurrence,,matchOnce,must be greater or equal to,1000000,2000000,compliant,Block Requirements,,,false,1,,2026-08-16
"Block Real Estate Services, LLC",69fdf76e62446148bd8573fe,69fded1362446148bd848d3c,E2 Optics LLC,69fdf067fa0b60fcd50d99bf,"kci288 - Platte Valley Industrial Center 8 {Platte Valley Investment, LLC}",evidenceOfInsurance,Evidence of Insurance,commercialGeneralLiability,Commercial General Liability,evidenceOfInsuranceCommercialGeneralLiabilityGeneralAggregate,General Aggregate,,matchOnce,must be greater or equal to,2000000,4000000,compliant,Block Requirements,,,false,1,,2026-08-16
"Block Real Estate Services, LLC",69fdf76e62446148bd8573fe,69fded1362446148bd848d3c,E2 Optics LLC,69fdf067fa0b60fcd50d99bf,"kci288 - Platte Valley Industrial Center 8 {Platte Valley Investment, LLC}",evidenceOfInsurance,Evidence of Insurance,commercialGeneralLiability,Commercial General Liability,evidenceOfInsuranceCommercialGeneralLiabilityWaiverOfSubrogationEndorsement,Waiver of Subrogation,"---prompt---
Determine if the insurer has waived their right of subrogation in favor of the certificate holder under the Commercial General Liability policy. Evidence may include: a checked ""Waiver of Subrogation"" box on the certificate, mention in the Description of Operations section stating ""waiver of subrogation applies"", or reference to form CG 24 04. Look for language like ""subrogation is waived"" or ""per written contract"".",matchOnce,must be present,,Present,compliant,Block Requirements,,,false,1,,2026-08-16
"Block Real Estate Services, LLC",69fdf76e62446148bd8573fe,69fded1362446148bd848d3c,E2 Optics LLC,69fdf067fa0b60fcd50d99bf,"kci288 - Platte Valley Industrial Center 8 {Platte Valley Investment, LLC}",evidenceOfInsurance,Evidence of Insurance,excessOrUmbrellaLiability,Umbrella/Excess Liability,evidenceOfInsuranceExcessOrUmbrellaLiabilityOccurence,Coverage Trigger: Occurrence,,matchOnce,must be present,,Present,compliant,Block Requirements,,,false,1,,2026-08-16
"Block Real Estate Services, LLC",69fdf76e62446148bd8573fe,69fded1362446148bd848d3c,E2 Optics LLC,69fdf067fa0b60fcd50d99bf,"kci288 - Platte Valley Industrial Center 8 {Platte Valley Investment, LLC}",evidenceOfInsurance,Evidence of Insurance,excessOrUmbrellaLiability,Umbrella/Excess Liability,evidenceOfInsuranceExcessOrUmbrellaLiabilityEachOccurrence,Each Occurrence,,matchOnce,must be greater or equal to,1000000,10000000,compliant,Block Requirements,,,false,1,,2026-08-16
"Block Real Estate Services, LLC",69fdf76e62446148bd8573fe,69fded1362446148bd848d3c,E2 Optics LLC,69fdf067fa0b60fcd50d99bf,"kci288 - Platte Valley Industrial Center 8 {Platte Valley Investment, LLC}",evidenceOfInsurance,Evidence of Insurance,excessOrUmbrellaLiability,Umbrella/Excess Liability,evidenceOfInsuranceExcessOrUmbrellaLiabilityAggregate,Aggregate,,matchOnce,must be greater or equal to,1000000,10000000,compliant,Block Requirements,,,false,1,,2026-08-16
"Block Real Estate Services, LLC",69fdf76e62446148bd8573fe,69fded1362446148bd848d3c,E2 Optics LLC,69fdf067fa0b60fcd50d99bf,"kci288 - Platte Valley Industrial Center 8 {Platte Valley Investment, LLC}",evidenceOfInsurance,Evidence of Insurance,workersCompensation,Workers' Compensation and Employer's Liability,evidenceOfInsuranceWorkersCompensationStatutoryLimits,Statutory Limits,,matchOnce,must be present,,Present,compliant,Block Requirements,,,false,1,,2026-08-16
"Block Real Estate Services, LLC",69fdf76e62446148bd8573fe,69fded1362446148bd848d3c,E2 Optics LLC,69fdf067fa0b60fcd50d99bf,"kci288 - Platte Valley Industrial Center 8 {Platte Valley Investment, LLC}",evidenceOfInsurance,Evidence of Insurance,workersCompensation,Workers' Compensation and Employer's Liability,evidenceOfInsuranceWorkersCompensationEmployersLiabilityEachAccident,Employer's Liability Each Accident,,matchOnce,must be greater or equal to,500000,1000000,compliant,Block Requirements,,,false,1,,2026-08-16
"Block Real Estate Services, LLC",69fdf76e62446148bd8573fe,69fded1362446148bd848d3c,E2 Optics LLC,69fdf067fa0b60fcd50d99bf,"kci288 - Platte Valley Industrial Center 8 {Platte Valley Investment, LLC}",evidenceOfInsurance,Evidence of Insurance,workersCompensation,Workers' Compensation and Employer's Liability,evidenceOfInsuranceWorkersCompensationEmployersLiabilityDiseaseEachEmployee,Employer's Liability Disease - each employee,,matchOnce,must be greater or equal to,500000,1000000,compliant,Block Requirements,,,false,1,,2026-08-16
"Block Real Estate Services, LLC",69fdf76e62446148bd8573fe,69fded1362446148bd848d3c,E2 Optics LLC,69fdf067fa0b60fcd50d99bf,"kci288 - Platte Valley Industrial Center 8 {Platte Valley Investment, LLC}",evidenceOfInsurance,Evidence of Insurance,workersCompensation,Workers' Compensation and Employer's Liability,evidenceOfInsuranceWorkersCompensationEmployersLiabilityDiseasePolicyLimit,Employer's Liability Disease - policy limit,,matchOnce,must be greater or equal to,500000,1000000,compliant,Block Requirements,,,false,1,,2026-08-16
"Block Real Estate Services, LLC",69fdf76e62446148bd8573fe,69fded1362446148bd848d3c,E2 Optics LLC,69fdf067fa0b60fcd50d99bf,"kci288 - Platte Valley Industrial Center 8 {Platte Valley Investment, LLC}",evidenceOfInsurance,Evidence of Insurance,workersCompensation,Workers' Compensation and Employer's Liability,evidenceOfInsuranceWorkersCompensationWaiverOfSubrogationEndorsement,Waiver of Subrogation,"---prompt---
Determine if the insurer has waived their right of subrogation in favor of the certificate holder under the Workers' Compensation policy. Evidence may include: a checked ""Waiver of Subrogation"" box on the certificate, mention in the Description of Operations section stating ""waiver of subrogation applies"", or reference to form WC 00 03 13. Look for language like ""subrogation is waived"" or ""per written contract"".",matchOnce,must be present,,Present,compliant,Block Requirements,,,false,1,,2026-08-16
"Block Real Estate Services, LLC",69fdf76e62446148bd8573fe,69fded1362446148bd848d3c,E2 Optics LLC,69fdf067fa0b60fcd50d99bf,"kci288 - Platte Valley Industrial Center 8 {Platte Valley Investment, LLC}",evidenceOfInsurance,Evidence of Insurance,6ac20aae-5728-5d57-b364-aeba38527dba,Additional Requirements,4da5b0f1-4c9d-5885-8cf8-5d3cccaed3e0,"Block Real Estate Services, LLC and all others required by contract are named as Additional Insureds","---prompt---
Determine if the Description of Operations or the Additional Remarks Schedule section states the ""Additional Insured as Construction Management, Inc. and all others required by contract"" or reference to blanket additional insured coverage. Look for language like ""certificate holder is additional insured"" or ""per written contract"".",matchOnce,must be present,,Present,compliant,Block Requirements,,,true,1,,2026-08-16
"Block Real Estate Services, LLC",69fdf76e62446148bd8573fe,69fded1362446148bd848d3c,E2 Optics LLC,69fdf067fa0b60fcd50d99bf,"kci288 - Platte Valley Industrial Center 8 {Platte Valley Investment, LLC}",evidenceOfInsurance,Evidence of Insurance,6ac20aae-5728-5d57-b364-aeba38527dba,Additional Requirements,e1017741-e47e-5f58-97b8-fbc3043e919f,Umbrella follows form over General Liability,"---prompt---
Determine if the Umbrella/Excess Liability policy follows form to the underlying policies. Evidence may include: language in the Description of Operations section stating the umbrella follows form to underlying coverages or an additional page endorsement stating that it follows form. Follow form means the umbrella policy adopts the same terms, conditions, and exclusions as the underlying policies.",matchOnce,must be present,,Present,compliant,Block Requirements,,,true,1,,2026-08-16
"Block Real Estate Services, LLC",69fdf76e62446148bd8573fe,69fded1362446148bd848d3c,E2 Optics LLC,69fdf067fa0b60fcd50d99bf,"kci288 - Platte Valley Industrial Center 8 {Platte Valley Investment, LLC}",evidenceOfInsurance,Evidence of Insurance,6ac20aae-5728-5d57-b364-aeba38527dba,Additional Requirements,2cdd866f-c9a4-576a-afd8-1d045762790c,"The location must be listed as: 535 NW Parkway Drive, Riverside, MO, 64150",,matchOnce,must be present,,Present,compliant,Block Requirements,,,true,1,,2026-08-16
"Block Real Estate Services, LLC",69fdf76e62446148bd8573fe,69fded1362446148bd848d3c,E2 Optics LLC,69fdf067fa0b60fcd50d99bf,"kci288 - Platte Valley Industrial Center 8 {Platte Valley Investment, LLC}",evidenceOfInsurance,Evidence of Insurance,6ac20aae-5728-5d57-b364-aeba38527dba,Additional Requirements,3649e9d1-4e09-59bf-8f30-cb33c40cf117,"Certificate Holder must read: c/o Block Real Estate Services, LLC, 4622 Pennsylvania St., Suite 700, Kansas City, MO, 64112",,matchOnce,must be present,,Present,compliant,Block Requirements,,,true,1,,2026-08-16
"Block Real Estate Services, LLC",69fdf76e62446148bd8573fd,69fded1162446148bd848c88,Clopay Building Products,69fdf067fa0b60fcd50d99bf,"kci288 - Platte Valley Industrial Center 8 {Platte Valley Investment, LLC}",evidenceOfInsurance,Evidence of Insurance,commercialGeneralLiability,Commercial General Liability,evidenceOfInsuranceCommercialGeneralLiabilityCoverageTriggerOccurrence,Coverage Trigger: Occurrence,,matchOnce,must be present,,Present,compliant,Block Requirements,,,false,1,,2026-08-16
"Block Real Estate Services, LLC",69fdf76e62446148bd8573fd,69fded1162446148bd848c88,Clopay Building Products,69fdf067fa0b60fcd50d99bf,"kci288 - Platte Valley Industrial Center 8 {Platte Valley Investment, LLC}",evidenceOfInsurance,Evidence of Insurance,commercialGeneralLiability,Commercial General Liability,evidenceOfInsuranceCommercialGeneralLiabilityGeneralAggregateLimitAppliesPerLocation,General Aggregate Limit Applies per: Location,,matchOnce,must be present,,,non_compliant,Block Requirements,,,false,0,,2026-08-16
"Block Real Estate Services, LLC",69fdf76e62446148bd8573fd,69fded1162446148bd848c88,Clopay Building Products,69fdf067fa0b60fcd50d99bf,"kci288 - Platte Valley Industrial Center 8 {Platte Valley Investment, LLC}",evidenceOfInsurance,Evidence of Insurance,commercialGeneralLiability,Commercial General Liability,evidenceOfInsuranceCommercialGeneralLiabilityEachOccurrence,Each Occurrence,,matchOnce,must be greater or equal to,1000000,2000000,compliant,Block Requirements,,,false,1,,2026-08-16
"Block Real Estate Services, LLC",69fdf76e62446148bd8573fd,69fded1162446148bd848c88,Clopay Building Products,69fdf067fa0b60fcd50d99bf,"kci288 - Platte Valley Industrial Center 8 {Platte Valley Investment, LLC}",evidenceOfInsurance,Evidence of Insurance,commercialGeneralLiability,Commercial General Liability,evidenceOfInsuranceCommercialGeneralLiabilityGeneralAggregate,General Aggregate,,matchOnce,must be greater or equal to,2000000,6000000,compliant,Block Requirements,,,false,1,,2026-08-16
"Block Real Estate Services, LLC",69fdf76e62446148bd8573fd,69fded1162446148bd848c88,Clopay Building Products,69fdf067fa0b60fcd50d99bf,"kci288 - Platte Valley Industrial Center 8 {Platte Valley Investment, LLC}",evidenceOfInsurance,Evidence of Insurance,commercialGeneralLiability,Commercial General Liability,evidenceOfInsuranceCommercialGeneralLiabilityWaiverOfSubrogationEndorsement,Waiver of Subrogation,"---prompt---
Determine if the insurer has waived their right of subrogation in favor of the certificate holder under the Commercial General Liability policy. Evidence may include: a checked ""Waiver of Subrogation"" box on the certificate, mention in the Description of Operations section stating ""waiver of subrogation applies"", or reference to form CG 24 04. Look for language like ""subrogation is waived"" or ""per written contract"".",matchOnce,must be present,,Present,compliant,Block Requirements,,,false,1,,2026-08-16
"Block Real Estate Services, LLC",69fdf76e62446148bd8573fd,69fded1162446148bd848c88,Clopay Building Products,69fdf067fa0b60fcd50d99bf,"kci288 - Platte Valley Industrial Center 8 {Platte Valley Investment, LLC}",evidenceOfInsurance,Evidence of Insurance,excessOrUmbrellaLiability,Umbrella/Excess Liability,evidenceOfInsuranceExcessOrUmbrellaLiabilityOccurence,Coverage Trigger: Occurrence,,matchOnce,must be present,,Present,compliant,Block Requirements,,,false,1,,2026-08-16
"Block Real Estate Services, LLC",69fdf76e62446148bd8573fd,69fded1162446148bd848c88,Clopay Building Products,69fdf067fa0b60fcd50d99bf,"kci288 - Platte Valley Industrial Center 8 {Platte Valley Investment, LLC}",evidenceOfInsurance,Evidence of Insurance,excessOrUmbrellaLiability,Umbrella/Excess Liability,evidenceOfInsuranceExcessOrUmbrellaLiabilityEachOccurrence,Each Occurrence,,matchOnce,must be greater or equal to,1000000,5000000,compliant,Block Requirements,,,false,1,,2026-08-16
"Block Real Estate Services, LLC",69fdf76e62446148bd8573fd,69fded1162446148bd848c88,Clopay Building Products,69fdf067fa0b60fcd50d99bf,"kci288 - Platte Valley Industrial Center 8 {Platte Valley Investment, LLC}",evidenceOfInsurance,Evidence of Insurance,excessOrUmbrellaLiability,Umbrella/Excess Liability,evidenceOfInsuranceExcessOrUmbrellaLiabilityAggregate,Aggregate,,matchOnce,must be greater or equal to,1000000,5000000,compliant,Block Requirements,,,false,1,,2026-08-16
"Block Real Estate Services, LLC",69fdf76e62446148bd8573fd,69fded1162446148bd848c88,Clopay Building Products,69fdf067fa0b60fcd50d99bf,"kci288 - Platte Valley Industrial Center 8 {Platte Valley Investment, LLC}",evidenceOfInsurance,Evidence of Insurance,workersCompensation,Workers' Compensation and Employer's Liability,evidenceOfInsuranceWorkersCompensationStatutoryLimits,Statutory Limits,,matchOnce,must be present,,Present,compliant,Block Requirements,,,false,1,,2026-08-16
"Block Real Estate Services, LLC",69fdf76e62446148bd8573fd,69fded1162446148bd848c88,Clopay Building Products,69fdf067fa0b60fcd50d99bf,"kci288 - Platte Valley Industrial Center 8 {Platte Valley Investment, LLC}",evidenceOfInsurance,Evidence of Insurance,workersCompensation,Workers' Compensation and Employer's Liability,evidenceOfInsuranceWorkersCompensationEmployersLiabilityEachAccident,Employer's Liability Each Accident,,matchOnce,must be greater or equal to,500000,1000000,compliant,Block Requirements,,,false,1,,2026-08-16
"Block Real Estate Services, LLC",69fdf76e62446148bd8573fd,69fded1162446148bd848c88,Clopay Building Products,69fdf067fa0b60fcd50d99bf,"kci288 - Platte Valley Industrial Center 8 {Platte Valley Investment, LLC}",evidenceOfInsurance,Evidence of Insurance,workersCompensation,Workers' Compensation and Employer's Liability,evidenceOfInsuranceWorkersCompensationEmployersLiabilityDiseaseEachEmployee,Employer's Liability Disease - each employee,,matchOnce,must be greater or equal to,500000,1000000,compliant,Block Requirements,,,false,1,,2026-08-16
"Block Real Estate Services, LLC",69fdf76e62446148bd8573fd,69fded1162446148bd848c88,Clopay Building Products,69fdf067fa0b60fcd50d99bf,"kci288 - Platte Valley Industrial Center 8 {Platte Valley Investment, LLC}",evidenceOfInsurance,Evidence of Insurance,workersCompensation,Workers' Compensation and Employer's Liability,evidenceOfInsuranceWorkersCompensationEmployersLiabilityDiseasePolicyLimit,Employer's Liability Disease - policy limit,,matchOnce,must be greater or equal to,500000,1000000,compliant,Block Requirements,,,false,1,,2026-08-16
"Block Real Estate Services, LLC",69fdf76e62446148bd8573fd,69fded1162446148bd848c88,Clopay Building Products,69fdf067fa0b60fcd50d99bf,"kci288 - Platte Valley Industrial Center 8 {Platte Valley Investment, LLC}",evidenceOfInsurance,Evidence of Insurance,workersCompensation,Workers' Compensation and Employer's Liability,evidenceOfInsuranceWorkersCompensationWaiverOfSubrogationEndorsement,Waiver of Subrogation,"---prompt---
Determine if the insurer has waived their right of subrogation in favor of the certificate holder under the Workers' Compensation policy. Evidence may include: a checked ""Waiver of Subrogation"" box on the certificate, mention in the Description of Operations section stating ""waiver of subrogation applies"", or reference to form WC 00 03 13. Look for language like ""subrogation is waived"" or ""per written contract"".",matchOnce,must be present,,Present,compliant,Block Requirements,,,false,1,,2026-08-16
"Block Real Estate Services, LLC",69fdf76e62446148bd8573fd,69fded1162446148bd848c88,Clopay Building Products,69fdf067fa0b60fcd50d99bf,"kci288 - Platte Valley Industrial Center 8 {Platte Valley Investment, LLC}",evidenceOfInsurance,Evidence of Insurance,6ac20aae-5728-5d57-b364-aeba38527dba,Additional Requirements,4da5b0f1-4c9d-5885-8cf8-5d3cccaed3e0,"Block Real Estate Services, LLC and all others required by contract are named as Additional Insureds","---prompt---
Determine if the Description of Operations or the Additional Remarks Schedule section states the ""Additional Insured as Construction Management, Inc. and all others required by contract"" or reference to blanket additional insured coverage. Look for language like ""certificate holder is additional insured"" or ""per written contract"".",matchOnce,must be present,,Present,compliant,Block Requirements,,,true,1,,2026-08-16
"Block Real Estate Services, LLC",69fdf76e62446148bd8573fd,69fded1162446148bd848c88,Clopay Building Products,69fdf067fa0b60fcd50d99bf,"kci288 - Platte Valley Industrial Center 8 {Platte Valley Investment, LLC}",evidenceOfInsurance,Evidence of Insurance,6ac20aae-5728-5d57-b364-aeba38527dba,Additional Requirements,e1017741-e47e-5f58-97b8-fbc3043e919f,Umbrella follows form over General Liability,"---prompt---
Determine if the Umbrella/Excess Liability policy follows form to the underlying policies. Evidence may include: language in the Description of Operations section stating the umbrella follows form to underlying coverages or an additional page endorsement stating that it follows form. Follow form means the umbrella policy adopts the same terms, conditions, and exclusions as the underlying policies.",matchOnce,must be present,,,non_compliant,Block Requirements,,,true,0,,2026-08-16
"Block Real Estate Services, LLC",69fdf76e62446148bd8573fd,69fded1162446148bd848c88,Clopay Building Products,69fdf067fa0b60fcd50d99bf,"kci288 - Platte Valley Industrial Center 8 {Platte Valley Investment, LLC}",evidenceOfInsurance,Evidence of Insurance,6ac20aae-5728-5d57-b364-aeba38527dba,Additional Requirements,2cdd866f-c9a4-576a-afd8-1d045762790c,"The location must be listed as: 515 NW Parkway Drive, Riverside, MO, 64150",,matchOnce,must be present,,Present,compliant,Block Requirements,,,true,1,,2026-08-16
"Block Real Estate Services, LLC",69fdf76e62446148bd8573fd,69fded1162446148bd848c88,Clopay Building Products,69fdf067fa0b60fcd50d99bf,"kci288 - Platte Valley Industrial Center 8 {Platte Valley Investment, LLC}",evidenceOfInsurance,Evidence of Insurance,6ac20aae-5728-5d57-b364-aeba38527dba,Additional Requirements,3649e9d1-4e09-59bf-8f30-cb33c40cf117,"Certificate Holder must read: c/o Block Real Estate Services, LLC, 4622 Pennsylvania St., Suite 700, Kansas City, MO, 64112",,matchOnce,must be present,,Present,compliant,Block Requirements,,,true,1,,2026-08-16
"Block Real Estate Services, LLC",69fdf76e62446148bd857400,69fded1e62446148bd8490a2,Polymershapes LLC,69fdf067fa0b60fcd50d99bf,"kci288 - Platte Valley Industrial Center 8 {Platte Valley Investment, LLC}",evidenceOfInsurance,Evidence of Insurance,commercialGeneralLiability,Commercial General Liability,evidenceOfInsuranceCommercialGeneralLiabilityCoverageTriggerOccurrence,Coverage Trigger: Occurrence,,matchOnce,must be present,,Present,compliant,Block Requirements,,,false,1,,2026-08-16
"Block Real Estate Services, LLC",69fdf76e62446148bd857400,69fded1e62446148bd8490a2,Polymershapes LLC,69fdf067fa0b60fcd50d99bf,"kci288 - Platte Valley Industrial Center 8 {Platte Valley Investment, LLC}",evidenceOfInsurance,Evidence of Insurance,commercialGeneralLiability,Commercial General Liability,evidenceOfInsuranceCommercialGeneralLiabilityGeneralAggregateLimitAppliesPerLocation,General Aggregate Limit Applies per: Location,,matchOnce,must be present,,,non_compliant,Block Requirements,,,false,0,,2026-08-16
"Block Real Estate Services, LLC",69fdf76e62446148bd857400,69fded1e62446148bd8490a2,Polymershapes LLC,69fdf067fa0b60fcd50d99bf,"kci288 - Platte Valley Industrial Center 8 {Platte Valley Investment, LLC}",evidenceOfInsurance,Evidence of Insurance,commercialGeneralLiability,Commercial General Liability,evidenceOfInsuranceCommercialGeneralLiabilityEachOccurrence,Each Occurrence,,matchOnce,must be greater or equal to,1000000,1000000,compliant,Block Requirements,,,false,1,,2026-08-16
"Block Real Estate Services, LLC",69fdf76e62446148bd857400,69fded1e62446148bd8490a2,Polymershapes LLC,69fdf067fa0b60fcd50d99bf,"kci288 - Platte Valley Industrial Center 8 {Platte Valley Investment, LLC}",evidenceOfInsurance,Evidence of Insurance,commercialGeneralLiability,Commercial General Liability,evidenceOfInsuranceCommercialGeneralLiabilityGeneralAggregate,General Aggregate,,matchOnce,must be greater or equal to,2000000,2000000,compliant,Block Requirements,,,false,1,,2026-08-16
"Block Real Estate Services, LLC",69fdf76e62446148bd857400,69fded1e62446148bd8490a2,Polymershapes LLC,69fdf067fa0b60fcd50d99bf,"kci288 - Platte Valley Industrial Center 8 {Platte Valley Investment, LLC}",evidenceOfInsurance,Evidence of Insurance,commercialGeneralLiability,Commercial General Liability,evidenceOfInsuranceCommercialGeneralLiabilityWaiverOfSubrogationEndorsement,Waiver of Subrogation,"---prompt---
Determine if the insurer has waived their right of subrogation in favor of the certificate holder under the Commercial General Liability policy. Evidence may include: a checked ""Waiver of Subrogation"" box on the certificate, mention in the Description of Operations section stating ""waiver of subrogation applies"", or reference to form CG 24 04. Look for language like ""subrogation is waived"" or ""per written contract"".",matchOnce,must be present,,Present,compliant,Block Requirements,,,false,1,,2026-08-16
"Block Real Estate Services, LLC",69fdf76e62446148bd857400,69fded1e62446148bd8490a2,Polymershapes LLC,69fdf067fa0b60fcd50d99bf,"kci288 - Platte Valley Industrial Center 8 {Platte Valley Investment, LLC}",evidenceOfInsurance,Evidence of Insurance,excessOrUmbrellaLiability,Umbrella/Excess Liability,evidenceOfInsuranceExcessOrUmbrellaLiabilityOccurence,Coverage Trigger: Occurrence,,matchOnce,must be present,,Present,compliant,Block Requirements,,,false,1,,2026-08-16
"Block Real Estate Services, LLC",69fdf76e62446148bd857400,69fded1e62446148bd8490a2,Polymershapes LLC,69fdf067fa0b60fcd50d99bf,"kci288 - Platte Valley Industrial Center 8 {Platte Valley Investment, LLC}",evidenceOfInsurance,Evidence of Insurance,excessOrUmbrellaLiability,Umbrella/Excess Liability,evidenceOfInsuranceExcessOrUmbrellaLiabilityEachOccurrence,Each Occurrence,,matchOnce,must be greater or equal to,1000000,10000000,compliant,Block Requirements,,,false,1,,2026-08-16
"Block Real Estate Services, LLC",69fdf76e62446148bd857400,69fded1e62446148bd8490a2,Polymershapes LLC,69fdf067fa0b60fcd50d99bf,"kci288 - Platte Valley Industrial Center 8 {Platte Valley Investment, LLC}",evidenceOfInsurance,Evidence of Insurance,excessOrUmbrellaLiability,Umbrella/Excess Liability,evidenceOfInsuranceExcessOrUmbrellaLiabilityAggregate,Aggregate,,matchOnce,must be greater or equal to,1000000,10000000,compliant,Block Requirements,,,false,1,,2026-08-16
"Block Real Estate Services, LLC",69fdf76e62446148bd857400,69fded1e62446148bd8490a2,Polymershapes LLC,69fdf067fa0b60fcd50d99bf,"kci288 - Platte Valley Industrial Center 8 {Platte Valley Investment, LLC}",evidenceOfInsurance,Evidence of Insurance,workersCompensation,Workers' Compensation and Employer's Liability,evidenceOfInsuranceWorkersCompensationStatutoryLimits,Statutory Limits,,matchOnce,must be present,,Present,compliant,Block Requirements,,,false,1,,2026-08-16
"Block Real Estate Services, LLC",69fdf76e62446148bd857400,69fded1e62446148bd8490a2,Polymershapes LLC,69fdf067fa0b60fcd50d99bf,"kci288 - Platte Valley Industrial Center 8 {Platte Valley Investment, LLC}",evidenceOfInsurance,Evidence of Insurance,workersCompensation,Workers' Compensation and Employer's Liability,evidenceOfInsuranceWorkersCompensationEmployersLiabilityEachAccident,Employer's Liability Each Accident,,matchOnce,must be greater or equal to,500000,1000000,compliant,Block Requirements,,,false,1,,2026-08-16
"Block Real Estate Services, LLC",69fdf76e62446148bd857400,69fded1e62446148bd8490a2,Polymershapes LLC,69fdf067fa0b60fcd50d99bf,"kci288 - Platte Valley Industrial Center 8 {Platte Valley Investment, LLC}",evidenceOfInsurance,Evidence of Insurance,workersCompensation,Workers' Compensation and Employer's Liability,evidenceOfInsuranceWorkersCompensationEmployersLiabilityDiseaseEachEmployee,Employer's Liability Disease - each employee,,matchOnce,must be greater or equal to,500000,1000000,compliant,Block Requirements,,,false,1,,2026-08-16
"Block Real Estate Services, LLC",69fdf76e62446148bd857400,69fded1e62446148bd8490a2,Polymershapes LLC,69fdf067fa0b60fcd50d99bf,"kci288 - Platte Valley Industrial Center 8 {Platte Valley Investment, LLC}",evidenceOfInsurance,Evidence of Insurance,workersCompensation,Workers' Compensation and Employer's Liability,evidenceOfInsuranceWorkersCompensationEmployersLiabilityDiseasePolicyLimit,Employer's Liability Disease - policy limit,,matchOnce,must be greater or equal to,500000,1000000,compliant,Block Requirements,,,false,1,,2026-08-16
"Block Real Estate Services, LLC",69fdf76e62446148bd857400,69fded1e62446148bd8490a2,Polymershapes LLC,69fdf067fa0b60fcd50d99bf,"kci288 - Platte Valley Industrial Center 8 {Platte Valley Investment, LLC}",evidenceOfInsurance,Evidence of Insurance,workersCompensation,Workers' Compensation and Employer's Liability,evidenceOfInsuranceWorkersCompensationWaiverOfSubrogationEndorsement,Waiver of Subrogation,"---prompt---
Determine if the insurer has waived their right of subrogation in favor of the certificate holder under the Workers' Compensation policy. Evidence may include: a checked ""Waiver of Subrogation"" box on the certificate, mention in the Description of Operations section stating ""waiver of subrogation applies"", or reference to form WC 00 03 13. Look for language like ""subrogation is waived"" or ""per written contract"".",matchOnce,must be present,,Present,compliant,Block Requirements,,,false,1,,2026-08-16
"Block Real Estate Services, LLC",69fdf76e62446148bd857400,69fded1e62446148bd8490a2,Polymershapes LLC,69fdf067fa0b60fcd50d99bf,"kci288 - Platte Valley Industrial Center 8 {Platte Valley Investment, LLC}",evidenceOfInsurance,Evidence of Insurance,6ac20aae-5728-5d57-b364-aeba38527dba,Additional Requirements,4da5b0f1-4c9d-5885-8cf8-5d3cccaed3e0,"Block Real Estate Services, LLC and all others required by contract are named as Additional Insureds","---prompt---
Determine if the Description of Operations or the Additional Remarks Schedule section states the ""Additional Insured as Construction Management, Inc. and all others required by contract"" or reference to blanket additional insured coverage. Look for language like ""certificate holder is additional insured"" or ""per written contract"".",matchOnce,must be present,,,non_compliant,Block Requirements,,,true,0,,2026-08-16
"Block Real Estate Services, LLC",69fdf76e62446148bd857400,69fded1e62446148bd8490a2,Polymershapes LLC,69fdf067fa0b60fcd50d99bf,"kci288 - Platte Valley Industrial Center 8 {Platte Valley Investment, LLC}",evidenceOfInsurance,Evidence of Insurance,6ac20aae-5728-5d57-b364-aeba38527dba,Additional Requirements,e1017741-e47e-5f58-97b8-fbc3043e919f,Umbrella follows form over General Liability,"---prompt---
Determine if the Umbrella/Excess Liability policy follows form to the underlying policies. Evidence may include: language in the Description of Operations section stating the umbrella follows form to underlying coverages or an additional page endorsement stating that it follows form. Follow form means the umbrella policy adopts the same terms, conditions, and exclusions as the underlying policies.",matchOnce,must be present,,,non_compliant,Block Requirements,,,true,0,,2026-08-16
"Block Real Estate Services, LLC",69fdf76e62446148bd857400,69fded1e62446148bd8490a2,Polymershapes LLC,69fdf067fa0b60fcd50d99bf,"kci288 - Platte Valley Industrial Center 8 {Platte Valley Investment, LLC}",evidenceOfInsurance,Evidence of Insurance,6ac20aae-5728-5d57-b364-aeba38527dba,Additional Requirements,2cdd866f-c9a4-576a-afd8-1d045762790c,"The location must be listed as: 501 NW Parkway Drive, Riverside, MO, 64150",,matchOnce,must be present,,,non_compliant,Block Requirements,,,true,0,,2026-08-16
"Block Real Estate Services, LLC",69fdf76e62446148bd857400,69fded1e62446148bd8490a2,Polymershapes LLC,69fdf067fa0b60fcd50d99bf,"kci288 - Platte Valley Industrial Center 8 {Platte Valley Investment, LLC}",evidenceOfInsurance,Evidence of Insurance,6ac20aae-5728-5d57-b364-aeba38527dba,Additional Requirements,3649e9d1-4e09-59bf-8f30-cb33c40cf117,"Certificate Holder must read: c/o Block Real Estate Services, LLC, 4622 Pennsylvania St., Suite 700, Kansas City, MO, 64112",,matchOnce,must be present,,,non_compliant,Block Requirements,,,true,0,,2026-08-16
"Block Real Estate Services, LLC",69fdf76e62446148bd857401,69fded2062446148bd84913b,New Image Leasing / Seal Harbor Capital,69fdf067fa0b60fcd50d99bf,"kci288 - Platte Valley Industrial Center 8 {Platte Valley Investment, LLC}",evidenceOfInsurance,Evidence of Insurance,commercialGeneralLiability,Commercial General Liability,evidenceOfInsuranceCommercialGeneralLiabilityCoverageTriggerOccurrence,Coverage Trigger: Occurrence,,matchOnce,must be present,,,non_compliant,Block Requirements,,,false,0,,2026-08-16
"Block Real Estate Services, LLC",69fdf76e62446148bd857401,69fded2062446148bd84913b,New Image Leasing / Seal Harbor Capital,69fdf067fa0b60fcd50d99bf,"kci288 - Platte Valley Industrial Center 8 {Platte Valley Investment, LLC}",evidenceOfInsurance,Evidence of Insurance,commercialGeneralLiability,Commercial General Liability,evidenceOfInsuranceCommercialGeneralLiabilityGeneralAggregateLimitAppliesPerLocation,General Aggregate Limit Applies per: Location,,matchOnce,must be present,,,non_compliant,Block Requirements,,,false,0,,2026-08-16
"Block Real Estate Services, LLC",69fdf76e62446148bd857401,69fded2062446148bd84913b,New Image Leasing / Seal Harbor Capital,69fdf067fa0b60fcd50d99bf,"kci288 - Platte Valley Industrial Center 8 {Platte Valley Investment, LLC}",evidenceOfInsurance,Evidence of Insurance,commercialGeneralLiability,Commercial General Liability,evidenceOfInsuranceCommercialGeneralLiabilityEachOccurrence,Each Occurrence,,matchOnce,must be greater or equal to,1000000,,non_compliant,Block Requirements,,,false,0,,2026-08-16
"Block Real Estate Services, LLC",69fdf76e62446148bd857401,69fded2062446148bd84913b,New Image Leasing / Seal Harbor Capital,69fdf067fa0b60fcd50d99bf,"kci288 - Platte Valley Industrial Center 8 {Platte Valley Investment, LLC}",evidenceOfInsurance,Evidence of Insurance,commercialGeneralLiability,Commercial General Liability,evidenceOfInsuranceCommercialGeneralLiabilityGeneralAggregate,General Aggregate,,matchOnce,must be greater or equal to,2000000,,non_compliant,Block Requirements,,,false,0,,2026-08-16
"Block Real Estate Services, LLC",69fdf76e62446148bd857401,69fded2062446148bd84913b,New Image Leasing / Seal Harbor Capital,69fdf067fa0b60fcd50d99bf,"kci288 - Platte Valley Industrial Center 8 {Platte Valley Investment, LLC}",evidenceOfInsurance,Evidence of Insurance,commercialGeneralLiability,Commercial General Liability,evidenceOfInsuranceCommercialGeneralLiabilityWaiverOfSubrogationEndorsement,Waiver of Subrogation,"---prompt---
Determine if the insurer has waived their right of subrogation in favor of the certificate holder under the Commercial General Liability policy. Evidence may include: a checked ""Waiver of Subrogation"" box on the certificate, mention in the Description of Operations section stating ""waiver of subrogation applies"", or reference to form CG 24 04. Look for language like ""subrogation is waived"" or ""per written contract"".",matchOnce,must be present,,,non_compliant,Block Requirements,,,false,0,,2026-08-16
"Block Real Estate Services, LLC",69fdf76e62446148bd857401,69fded2062446148bd84913b,New Image Leasing / Seal Harbor Capital,69fdf067fa0b60fcd50d99bf,"kci288 - Platte Valley Industrial Center 8 {Platte Valley Investment, LLC}",evidenceOfInsurance,Evidence of Insurance,excessOrUmbrellaLiability,Umbrella/Excess Liability,evidenceOfInsuranceExcessOrUmbrellaLiabilityOccurence,Coverage Trigger: Occurrence,,matchOnce,must be present,,,non_compliant,Block Requirements,,,false,0,,2026-08-16
"Block Real Estate Services, LLC",69fdf76e62446148bd857401,69fded2062446148bd84913b,New Image Leasing / Seal Harbor Capital,69fdf067fa0b60fcd50d99bf,"kci288 - Platte Valley Industrial Center 8 {Platte Valley Investment, LLC}",evidenceOfInsurance,Evidence of Insurance,excessOrUmbrellaLiability,Umbrella/Excess Liability,evidenceOfInsuranceExcessOrUmbrellaLiabilityEachOccurrence,Each Occurrence,,matchOnce,must be greater or equal to,1000000,,non_compliant,Block Requirements,,,false,0,,2026-08-16
"Block Real Estate Services, LLC",69fdf76e62446148bd857401,69fded2062446148bd84913b,New Image Leasing / Seal Harbor Capital,69fdf067fa0b60fcd50d99bf,"kci288 - Platte Valley Industrial Center 8 {Platte Valley Investment, LLC}",evidenceOfInsurance,Evidence of Insurance,excessOrUmbrellaLiability,Umbrella/Excess Liability,evidenceOfInsuranceExcessOrUmbrellaLiabilityAggregate,Aggregate,,matchOnce,must be greater or equal to,1000000,,non_compliant,Block Requirements,,,false,0,,2026-08-16
"Block Real Estate Services, LLC",69fdf76e62446148bd857401,69fded2062446148bd84913b,New Image Leasing / Seal Harbor Capital,69fdf067fa0b60fcd50d99bf,"kci288 - Platte Valley Industrial Center 8 {Platte Valley Investment, LLC}",evidenceOfInsurance,Evidence of Insurance,workersCompensation,Workers' Compensation and Employer's Liability,evidenceOfInsuranceWorkersCompensationStatutoryLimits,Statutory Limits,,matchOnce,must be present,,,non_compliant,Block Requirements,,,false,0,,2026-08-16
"Block Real Estate Services, LLC",69fdf76e62446148bd857401,69fded2062446148bd84913b,New Image Leasing / Seal Harbor Capital,69fdf067fa0b60fcd50d99bf,"kci288 - Platte Valley Industrial Center 8 {Platte Valley Investment, LLC}",evidenceOfInsurance,Evidence of Insurance,workersCompensation,Workers' Compensation and Employer's Liability,evidenceOfInsuranceWorkersCompensationEmployersLiabilityEachAccident,Employer's Liability Each Accident,,matchOnce,must be greater or equal to,500000,,non_compliant,Block Requirements,,,false,0,,2026-08-16
"Block Real Estate Services, LLC",69fdf76e62446148bd857401,69fded2062446148bd84913b,New Image Leasing / Seal Harbor Capital,69fdf067fa0b60fcd50d99bf,"kci288 - Platte Valley Industrial Center 8 {Platte Valley Investment, LLC}",evidenceOfInsurance,Evidence of Insurance,workersCompensation,Workers' Compensation and Employer's Liability,evidenceOfInsuranceWorkersCompensationEmployersLiabilityDiseaseEachEmployee,Employer's Liability Disease - each employee,,matchOnce,must be greater or equal to,500000,,non_compliant,Block Requirements,,,false,0,,2026-08-16
"Block Real Estate Services, LLC",69fdf76e62446148bd857401,69fded2062446148bd84913b,New Image Leasing / Seal Harbor Capital,69fdf067fa0b60fcd50d99bf,"kci288 - Platte Valley Industrial Center 8 {Platte Valley Investment, LLC}",evidenceOfInsurance,Evidence of Insurance,workersCompensation,Workers' Compensation and Employer's Liability,evidenceOfInsuranceWorkersCompensationEmployersLiabilityDiseasePolicyLimit,Employer's Liability Disease - policy limit,,matchOnce,must be greater or equal to,500000,,non_compliant,Block Requirements,,,false,0,,2026-08-16
"Block Real Estate Services, LLC",69fdf76e62446148bd857401,69fded2062446148bd84913b,New Image Leasing / Seal Harbor Capital,69fdf067fa0b60fcd50d99bf,"kci288 - Platte Valley Industrial Center 8 {Platte Valley Investment, LLC}",evidenceOfInsurance,Evidence of Insurance,workersCompensation,Workers' Compensation and Employer's Liability,evidenceOfInsuranceWorkersCompensationWaiverOfSubrogationEndorsement,Waiver of Subrogation,"---prompt---
Determine if the insurer has waived their right of subrogation in favor of the certificate holder under the Workers' Compensation policy. Evidence may include: a checked ""Waiver of Subrogation"" box on the certificate, mention in the Description of Operations section stating ""waiver of subrogation applies"", or reference to form WC 00 03 13. Look for language like ""subrogation is waived"" or ""per written contract"".",matchOnce,must be present,,,non_compliant,Block Requirements,,,false,0,,2026-08-16
"Block Real Estate Services, LLC",69fdf76e62446148bd857401,69fded2062446148bd84913b,New Image Leasing / Seal Harbor Capital,69fdf067fa0b60fcd50d99bf,"kci288 - Platte Valley Industrial Center 8 {Platte Valley Investment, LLC}",evidenceOfInsurance,Evidence of Insurance,6ac20aae-5728-5d57-b364-aeba38527dba,Additional Requirements,4da5b0f1-4c9d-5885-8cf8-5d3cccaed3e0,"Block Real Estate Services, LLC and all others required by contract are named as Additional Insureds","---prompt---
Determine if the Description of Operations or the Additional Remarks Schedule section states the ""Additional Insured as Construction Management, Inc. and all others required by contract"" or reference to blanket additional insured coverage. Look for language like ""certificate holder is additional insured"" or ""per written contract"".",matchOnce,must be present,,,non_compliant,Block Requirements,,,true,0,,2026-08-16
"Block Real Estate Services, LLC",69fdf76e62446148bd857401,69fded2062446148bd84913b,New Image Leasing / Seal Harbor Capital,69fdf067fa0b60fcd50d99bf,"kci288 - Platte Valley Industrial Center 8 {Platte Valley Investment, LLC}",evidenceOfInsurance,Evidence of Insurance,6ac20aae-5728-5d57-b364-aeba38527dba,Additional Requirements,e1017741-e47e-5f58-97b8-fbc3043e919f,Umbrella follows form over General Liability,"---prompt---
Determine if the Umbrella/Excess Liability policy follows form to the underlying policies. Evidence may include: language in the Description of Operations section stating the umbrella follows form to underlying coverages or an additional page endorsement stating that it follows form. Follow form means the umbrella policy adopts the same terms, conditions, and exclusions as the underlying policies.",matchOnce,must be present,,,non_compliant,Block Requirements,,,true,0,,2026-08-16
"Block Real Estate Services, LLC",69fdf76e62446148bd857401,69fded2062446148bd84913b,New Image Leasing / Seal Harbor Capital,69fdf067fa0b60fcd50d99bf,"kci288 - Platte Valley Industrial Center 8 {Platte Valley Investment, LLC}",evidenceOfInsurance,Evidence of Insurance,6ac20aae-5728-5d57-b364-aeba38527dba,Additional Requirements,2cdd866f-c9a4-576a-afd8-1d045762790c,"The location must be listed as: 505 NW Parkway Drive, Riverside, MO, 64150",,matchOnce,must be present,,,non_compliant,Block Requirements,,,true,0,,2026-08-16
"Block Real Estate Services, LLC",69fdf76e62446148bd857401,69fded2062446148bd84913b,New Image Leasing / Seal Harbor Capital,69fdf067fa0b60fcd50d99bf,"kci288 - Platte Valley Industrial Center 8 {Platte Valley Investment, LLC}",evidenceOfInsurance,Evidence of Insurance,6ac20aae-5728-5d57-b364-aeba38527dba,Additional Requirements,3649e9d1-4e09-59bf-8f30-cb33c40cf117,"Certificate Holder must read: c/o Block Real Estate Services, LLC, 4622 Pennsylvania St., Suite 700, Kansas City, MO, 64112",,matchOnce,must be present,,,non_compliant,Block Requirements,,,true,0,,2026-08-16
"Block Real Estate Services, LLC",69fdf76e62446148bd8573ff,69fded1c62446148bd849006,New York Air Brake Co,69fdf067fa0b60fcd50d99bf,"kci288 - Platte Valley Industrial Center 8 {Platte Valley Investment, LLC}",evidenceOfInsurance,Evidence of Insurance,commercialGeneralLiability,Commercial General Liability,evidenceOfInsuranceCommercialGeneralLiabilityCoverageTriggerOccurrence,Coverage Trigger: Occurrence,,matchOnce,must be present,,,non_compliant,Block Requirements,,,false,0,,2026-08-16
"Block Real Estate Services, LLC",69fdf76e62446148bd8573ff,69fded1c62446148bd849006,New York Air Brake Co,69fdf067fa0b60fcd50d99bf,"kci288 - Platte Valley Industrial Center 8 {Platte Valley Investment, LLC}",evidenceOfInsurance,Evidence of Insurance,commercialGeneralLiability,Commercial General Liability,evidenceOfInsuranceCommercialGeneralLiabilityGeneralAggregateLimitAppliesPerLocation,General Aggregate Limit Applies per: Location,,matchOnce,must be present,,,non_compliant,Block Requirements,,,false,0,,2026-08-16
"Block Real Estate Services, LLC",69fdf76e62446148bd8573ff,69fded1c62446148bd849006,New York Air Brake Co,69fdf067fa0b60fcd50d99bf,"kci288 - Platte Valley Industrial Center 8 {Platte Valley Investment, LLC}",evidenceOfInsurance,Evidence of Insurance,commercialGeneralLiability,Commercial General Liability,evidenceOfInsuranceCommercialGeneralLiabilityEachOccurrence,Each Occurrence,,matchOnce,must be greater or equal to,1000000,,non_compliant,Block Requirements,,,false,0,,2026-08-16
"Block Real Estate Services, LLC",69fdf76e62446148bd8573ff,69fded1c62446148bd849006,New York Air Brake Co,69fdf067fa0b60fcd50d99bf,"kci288 - Platte Valley Industrial Center 8 {Platte Valley Investment, LLC}",evidenceOfInsurance,Evidence of Insurance,commercialGeneralLiability,Commercial General Liability,evidenceOfInsuranceCommercialGeneralLiabilityGeneralAggregate,General Aggregate,,matchOnce,must be greater or equal to,2000000,,non_compliant,Block Requirements,,,false,0,,2026-08-16
"Block Real Estate Services, LLC",69fdf76e62446148bd8573ff,69fded1c62446148bd849006,New York Air Brake Co,69fdf067fa0b60fcd50d99bf,"kci288 - Platte Valley Industrial Center 8 {Platte Valley Investment, LLC}",evidenceOfInsurance,Evidence of Insurance,commercialGeneralLiability,Commercial General Liability,evidenceOfInsuranceCommercialGeneralLiabilityWaiverOfSubrogationEndorsement,Waiver of Subrogation,"---prompt---
Determine if the insurer has waived their right of subrogation in favor of the certificate holder under the Commercial General Liability policy. Evidence may include: a checked ""Waiver of Subrogation"" box on the certificate, mention in the Description of Operations section stating ""waiver of subrogation applies"", or reference to form CG 24 04. Look for language like ""subrogation is waived"" or ""per written contract"".",matchOnce,must be present,,,non_compliant,Block Requirements,,,false,0,,2026-08-16
"Block Real Estate Services, LLC",69fdf76e62446148bd8573ff,69fded1c62446148bd849006,New York Air Brake Co,69fdf067fa0b60fcd50d99bf,"kci288 - Platte Valley Industrial Center 8 {Platte Valley Investment, LLC}",evidenceOfInsurance,Evidence of Insurance,excessOrUmbrellaLiability,Umbrella/Excess Liability,evidenceOfInsuranceExcessOrUmbrellaLiabilityOccurence,Coverage Trigger: Occurrence,,matchOnce,must be present,,,non_compliant,Block Requirements,,,false,0,,2026-08-16
"Block Real Estate Services, LLC",69fdf76e62446148bd8573ff,69fded1c62446148bd849006,New York Air Brake Co,69fdf067fa0b60fcd50d99bf,"kci288 - Platte Valley Industrial Center 8 {Platte Valley Investment, LLC}",evidenceOfInsurance,Evidence of Insurance,excessOrUmbrellaLiability,Umbrella/Excess Liability,evidenceOfInsuranceExcessOrUmbrellaLiabilityEachOccurrence,Each Occurrence,,matchOnce,must be greater or equal to,1000000,,non_compliant,Block Requirements,,,false,0,,2026-08-16
"Block Real Estate Services, LLC",69fdf76e62446148bd8573ff,69fded1c62446148bd849006,New York Air Brake Co,69fdf067fa0b60fcd50d99bf,"kci288 - Platte Valley Industrial Center 8 {Platte Valley Investment, LLC}",evidenceOfInsurance,Evidence of Insurance,excessOrUmbrellaLiability,Umbrella/Excess Liability,evidenceOfInsuranceExcessOrUmbrellaLiabilityAggregate,Aggregate,,matchOnce,must be greater or equal to,1000000,,non_compliant,Block Requirements,,,false,0,,2026-08-16
"Block Real Estate Services, LLC",69fdf76e62446148bd8573ff,69fded1c62446148bd849006,New York Air Brake Co,69fdf067fa0b60fcd50d99bf,"kci288 - Platte Valley Industrial Center 8 {Platte Valley Investment, LLC}",evidenceOfInsurance,Evidence of Insurance,workersCompensation,Workers' Compensation and Employer's Liability,evidenceOfInsuranceWorkersCompensationStatutoryLimits,Statutory Limits,,matchOnce,must be present,,,non_compliant,Block Requirements,,,false,0,,2026-08-16
"Block Real Estate Services, LLC",69fdf76e62446148bd8573ff,69fded1c62446148bd849006,New York Air Brake Co,69fdf067fa0b60fcd50d99bf,"kci288 - Platte Valley Industrial Center 8 {Platte Valley Investment, LLC}",evidenceOfInsurance,Evidence of Insurance,workersCompensation,Workers' Compensation and Employer's Liability,evidenceOfInsuranceWorkersCompensationEmployersLiabilityEachAccident,Employer's Liability Each Accident,,matchOnce,must be greater or equal to,500000,,non_compliant,Block Requirements,,,false,0,,2026-08-16
"Block Real Estate Services, LLC",69fdf76e62446148bd8573ff,69fded1c62446148bd849006,New York Air Brake Co,69fdf067fa0b60fcd50d99bf,"kci288 - Platte Valley Industrial Center 8 {Platte Valley Investment, LLC}",evidenceOfInsurance,Evidence of Insurance,workersCompensation,Workers' Compensation and Employer's Liability,evidenceOfInsuranceWorkersCompensationEmployersLiabilityDiseaseEachEmployee,Employer's Liability Disease - each employee,,matchOnce,must be greater or equal to,500000,,non_compliant,Block Requirements,,,false,0,,2026-08-16
"Block Real Estate Services, LLC",69fdf76e62446148bd8573ff,69fded1c62446148bd849006,New York Air Brake Co,69fdf067fa0b60fcd50d99bf,"kci288 - Platte Valley Industrial Center 8 {Platte Valley Investment, LLC}",evidenceOfInsurance,Evidence of Insurance,workersCompensation,Workers' Compensation and Employer's Liability,evidenceOfInsuranceWorkersCompensationEmployersLiabilityDiseasePolicyLimit,Employer's Liability Disease - policy limit,,matchOnce,must be greater or equal to,500000,,non_compliant,Block Requirements,,,false,0,,2026-08-16
"Block Real Estate Services, LLC",69fdf76e62446148bd8573ff,69fded1c62446148bd849006,New York Air Brake Co,69fdf067fa0b60fcd50d99bf,"kci288 - Platte Valley Industrial Center 8 {Platte Valley Investment, LLC}",evidenceOfInsurance,Evidence of Insurance,workersCompensation,Workers' Compensation and Employer's Liability,evidenceOfInsuranceWorkersCompensationWaiverOfSubrogationEndorsement,Waiver of Subrogation,"---prompt---
Determine if the insurer has waived their right of subrogation in favor of the certificate holder under the Workers' Compensation policy. Evidence may include: a checked ""Waiver of Subrogation"" box on the certificate, mention in the Description of Operations section stating ""waiver of subrogation applies"", or reference to form WC 00 03 13. Look for language like ""subrogation is waived"" or ""per written contract"".",matchOnce,must be present,,,non_compliant,Block Requirements,,,false,0,,2026-08-16
"Block Real Estate Services, LLC",69fdf76e62446148bd8573ff,69fded1c62446148bd849006,New York Air Brake Co,69fdf067fa0b60fcd50d99bf,"kci288 - Platte Valley Industrial Center 8 {Platte Valley Investment, LLC}",evidenceOfInsurance,Evidence of Insurance,6ac20aae-5728-5d57-b364-aeba38527dba,Additional Requirements,4da5b0f1-4c9d-5885-8cf8-5d3cccaed3e0,"Block Real Estate Services, LLC and all others required by contract are named as Additional Insureds","---prompt---
Determine if the Description of Operations or the Additional Remarks Schedule section states the ""Additional Insured as Construction Management, Inc. and all others required by contract"" or reference to blanket additional insured coverage. Look for language like ""certificate holder is additional insured"" or ""per written contract"".",matchOnce,must be present,,,non_compliant,Block Requirements,,,true,0,,2026-08-16
"Block Real Estate Services, LLC",69fdf76e62446148bd8573ff,69fded1c62446148bd849006,New York Air Brake Co,69fdf067fa0b60fcd50d99bf,"kci288 - Platte Valley Industrial Center 8 {Platte Valley Investment, LLC}",evidenceOfInsurance,Evidence of Insurance,6ac20aae-5728-5d57-b364-aeba38527dba,Additional Requirements,e1017741-e47e-5f58-97b8-fbc3043e919f,Umbrella follows form over General Liability,"---prompt---
Determine if the Umbrella/Excess Liability policy follows form to the underlying policies. Evidence may include: language in the Description of Operations section stating the umbrella follows form to underlying coverages or an additional page endorsement stating that it follows form. Follow form means the umbrella policy adopts the same terms, conditions, and exclusions as the underlying policies.",matchOnce,must be present,,,non_compliant,Block Requirements,,,true,0,,2026-08-16
"Block Real Estate Services, LLC",69fdf76e62446148bd8573ff,69fded1c62446148bd849006,New York Air Brake Co,69fdf067fa0b60fcd50d99bf,"kci288 - Platte Valley Industrial Center 8 {Platte Valley Investment, LLC}",evidenceOfInsurance,Evidence of Insurance,6ac20aae-5728-5d57-b364-aeba38527dba,Additional Requirements,2cdd866f-c9a4-576a-afd8-1d045762790c,"The location must be listed as: 525 NW Parkway Drive, Riverside, MO, 64150",,matchOnce,must be present,,,non_compliant,Block Requirements,,,true,0,,2026-08-16
"Block Real Estate Services, LLC",69fdf76e62446148bd8573ff,69fded1c62446148bd849006,New York Air Brake Co,69fdf067fa0b60fcd50d99bf,"kci288 - Platte Valley Industrial Center 8 {Platte Valley Investment, LLC}",evidenceOfInsurance,Evidence of Insurance,6ac20aae-5728-5d57-b364-aeba38527dba,Additional Requirements,3649e9d1-4e09-59bf-8f30-cb33c40cf117,"Certificate Holder must read: c/o Block Real Estate Services, LLC, 4622 Pennsylvania St., Suite 700, Kansas City, MO, 64112",,matchOnce,must be present,,,non_compliant,Block Requirements,,,true,0,,2026-08-16
"Block Real Estate Services, LLC",69fdf7b562446148bd85c461,69fded2062446148bd849138,Scheels All Sports Inc,69fdf1f88e25e7a0d918b166,"tic787 - Kansas Commerce Center #16 {KCC 16, LLC}",evidenceOfInsurance,Evidence of Insurance,commercialGeneralLiability,Commercial General Liability,evidenceOfInsuranceCommercialGeneralLiabilityCoverageTriggerOccurrence,Coverage Trigger: Occurrence,,matchOnce,must be present,,Present,compliant,Block Requirements,,,false,1,,2026-08-16
"Block Real Estate Services, LLC",69fdf7b562446148bd85c461,69fded2062446148bd849138,Scheels All Sports Inc,69fdf1f88e25e7a0d918b166,"tic787 - Kansas Commerce Center #16 {KCC 16, LLC}",evidenceOfInsurance,Evidence of Insurance,commercialGeneralLiability,Commercial General Liability,evidenceOfInsuranceCommercialGeneralLiabilityGeneralAggregateLimitAppliesPerLocation,General Aggregate Limit Applies per: Location,,matchOnce,must be present,,Present,compliant,Block Requirements,,,false,1,,2026-08-16
"Block Real Estate Services, LLC",69fdf7b562446148bd85c461,69fded2062446148bd849138,Scheels All Sports Inc,69fdf1f88e25e7a0d918b166,"tic787 - Kansas Commerce Center #16 {KCC 16, LLC}",evidenceOfInsurance,Evidence of Insurance,commercialGeneralLiability,Commercial General Liability,evidenceOfInsuranceCommercialGeneralLiabilityEachOccurrence,Each Occurrence,,matchOnce,must be greater or equal to,1000000,2000000,compliant,Block Requirements,,,false,1,,2026-08-16
"Block Real Estate Services, LLC",69fdf7b562446148bd85c461,69fded2062446148bd849138,Scheels All Sports Inc,69fdf1f88e25e7a0d918b166,"tic787 - Kansas Commerce Center #16 {KCC 16, LLC}",evidenceOfInsurance,Evidence of Insurance,commercialGeneralLiability,Commercial General Liability,evidenceOfInsuranceCommercialGeneralLiabilityGeneralAggregate,General Aggregate,,matchOnce,must be greater or equal to,2000000,4000000,compliant,Block Requirements,,,false,1,,2026-08-16
"Block Real Estate Services, LLC",69fdf7b562446148bd85c461,69fded2062446148bd849138,Scheels All Sports Inc,69fdf1f88e25e7a0d918b166,"tic787 - Kansas Commerce Center #16 {KCC 16, LLC}",evidenceOfInsurance,Evidence of Insurance,commercialGeneralLiability,Commercial General Liability,evidenceOfInsuranceCommercialGeneralLiabilityWaiverOfSubrogationEndorsement,Waiver of Subrogation,"---prompt---
Determine if the insurer has waived their right of subrogation in favor of the certificate holder under the Commercial General Liability policy. Evidence may include: a checked ""Waiver of Subrogation"" box on the certificate, mention in the Description of Operations section stating ""waiver of subrogation applies"", or reference to form CG 24 04. Look for language like ""subrogation is waived"" or ""per written contract"".",matchOnce,must be present,,Present,compliant,Block Requirements,,,false,1,,2026-08-16
"Block Real Estate Services, LLC",69fdf7b562446148bd85c461,69fded2062446148bd849138,Scheels All Sports Inc,69fdf1f88e25e7a0d918b166,"tic787 - Kansas Commerce Center #16 {KCC 16, LLC}",evidenceOfInsurance,Evidence of Insurance,excessOrUmbrellaLiability,Umbrella/Excess Liability,evidenceOfInsuranceExcessOrUmbrellaLiabilityOccurence,Coverage Trigger: Occurrence,,matchOnce,must be present,,Present,compliant,Block Requirements,,,false,1,,2026-08-16
"Block Real Estate Services, LLC",69fdf7b562446148bd85c461,69fded2062446148bd849138,Scheels All Sports Inc,69fdf1f88e25e7a0d918b166,"tic787 - Kansas Commerce Center #16 {KCC 16, LLC}",evidenceOfInsurance,Evidence of Insurance,excessOrUmbrellaLiability,Umbrella/Excess Liability,evidenceOfInsuranceExcessOrUmbrellaLiabilityEachOccurrence,Each Occurrence,,matchOnce,must be greater or equal to,1000000,10000000,compliant,Block Requirements,,,false,1,,2026-08-16
"Block Real Estate Services, LLC",69fdf7b562446148bd85c461,69fded2062446148bd849138,Scheels All Sports Inc,69fdf1f88e25e7a0d918b166,"tic787 - Kansas Commerce Center #16 {KCC 16, LLC}",evidenceOfInsurance,Evidence of Insurance,excessOrUmbrellaLiability,Umbrella/Excess Liability,evidenceOfInsuranceExcessOrUmbrellaLiabilityAggregate,Aggregate,,matchOnce,must be greater or equal to,1000000,10000000,compliant,Block Requirements,,,false,1,,2026-08-16
"Block Real Estate Services, LLC",69fdf7b562446148bd85c461,69fded2062446148bd849138,Scheels All Sports Inc,69fdf1f88e25e7a0d918b166,"tic787 - Kansas Commerce Center #16 {KCC 16, LLC}",evidenceOfInsurance,Evidence of Insurance,workersCompensation,Workers' Compensation and Employer's Liability,evidenceOfInsuranceWorkersCompensationStatutoryLimits,Statutory Limits,,matchOnce,must be present,,Present,compliant,Block Requirements,,,false,1,,2026-08-16
"Block Real Estate Services, LLC",69fdf7b562446148bd85c461,69fded2062446148bd849138,Scheels All Sports Inc,69fdf1f88e25e7a0d918b166,"tic787 - Kansas Commerce Center #16 {KCC 16, LLC}",evidenceOfInsurance,Evidence of Insurance,workersCompensation,Workers' Compensation and Employer's Liability,evidenceOfInsuranceWorkersCompensationEmployersLiabilityEachAccident,Employer's Liability Each Accident,,matchOnce,must be greater or equal to,500000,1000000,compliant,Block Requirements,,,false,1,,2026-08-16
"Block Real Estate Services, LLC",69fdf7b562446148bd85c461,69fded2062446148bd849138,Scheels All Sports Inc,69fdf1f88e25e7a0d918b166,"tic787 - Kansas Commerce Center #16 {KCC 16, LLC}",evidenceOfInsurance,Evidence of Insurance,workersCompensation,Workers' Compensation and Employer's Liability,evidenceOfInsuranceWorkersCompensationEmployersLiabilityDiseaseEachEmployee,Employer's Liability Disease - each employee,,matchOnce,must be greater or equal to,500000,1000000,compliant,Block Requirements,,,false,1,,2026-08-16
"Block Real Estate Services, LLC",69fdf7b562446148bd85c461,69fded2062446148bd849138,Scheels All Sports Inc,69fdf1f88e25e7a0d918b166,"tic787 - Kansas Commerce Center #16 {KCC 16, LLC}",evidenceOfInsurance,Evidence of Insurance,workersCompensation,Workers' Compensation and Employer's Liability,evidenceOfInsuranceWorkersCompensationEmployersLiabilityDiseasePolicyLimit,Employer's Liability Disease - policy limit,,matchOnce,must be greater or equal to,500000,1000000,compliant,Block Requirements,,,false,1,,2026-08-16
"Block Real Estate Services, LLC",69fdf7b562446148bd85c461,69fded2062446148bd849138,Scheels All Sports Inc,69fdf1f88e25e7a0d918b166,"tic787 - Kansas Commerce Center #16 {KCC 16, LLC}",evidenceOfInsurance,Evidence of Insurance,workersCompensation,Workers' Compensation and Employer's Liability,evidenceOfInsuranceWorkersCompensationWaiverOfSubrogationEndorsement,Waiver of Subrogation,"---prompt---
Determine if the insurer has waived their right of subrogation in favor of the certificate holder under the Workers' Compensation policy. Evidence may include: a checked ""Waiver of Subrogation"" box on the certificate, mention in the Description of Operations section stating ""waiver of subrogation applies"", or reference to form WC 00 03 13. Look for language like ""subrogation is waived"" or ""per written contract"".",matchOnce,must be present,,Present,compliant,Block Requirements,,,false,1,,2026-08-16
"Block Real Estate Services, LLC",69fdf7b562446148bd85c461,69fded2062446148bd849138,Scheels All Sports Inc,69fdf1f88e25e7a0d918b166,"tic787 - Kansas Commerce Center #16 {KCC 16, LLC}",evidenceOfInsurance,Evidence of Insurance,6ac20aae-5728-5d57-b364-aeba38527dba,Additional Requirements,4da5b0f1-4c9d-5885-8cf8-5d3cccaed3e0,"Block Real Estate Services, LLC and all others required by contract are named as Additional Insureds","---prompt---
Determine if the Description of Operations or the Additional Remarks Schedule section states the ""Additional Insured as Construction Management, Inc. and all others required by contract"" or reference to blanket additional insured coverage. Look for language like ""certificate holder is additional insured"" or ""per written contract"".",matchOnce,must be present,,Present,compliant,Block Requirements,,,true,1,,2026-08-16
"Block Real Estate Services, LLC",69fdf7b562446148bd85c461,69fded2062446148bd849138,Scheels All Sports Inc,69fdf1f88e25e7a0d918b166,"tic787 - Kansas Commerce Center #16 {KCC 16, LLC}",evidenceOfInsurance,Evidence of Insurance,6ac20aae-5728-5d57-b364-aeba38527dba,Additional Requirements,e1017741-e47e-5f58-97b8-fbc3043e919f,Umbrella follows form over General Liability,"---prompt---
Determine if the Umbrella/Excess Liability policy follows form to the underlying policies. Evidence may include: language in the Description of Operations section stating the umbrella follows form to underlying coverages or an additional page endorsement stating that it follows form. Follow form means the umbrella policy adopts the same terms, conditions, and exclusions as the underlying policies.",matchOnce,must be present,,Present,compliant,Block Requirements,,,true,1,,2026-08-16
"Block Real Estate Services, LLC",69fdf7b562446148bd85c461,69fded2062446148bd849138,Scheels All Sports Inc,69fdf1f88e25e7a0d918b166,"tic787 - Kansas Commerce Center #16 {KCC 16, LLC}",evidenceOfInsurance,Evidence of Insurance,6ac20aae-5728-5d57-b364-aeba38527dba,Additional Requirements,2cdd866f-c9a4-576a-afd8-1d045762790c,The location must be listed as: 9819 Commerce Parkway Lenexa KS 66219,,matchOnce,must be present,,Present,compliant,Block Requirements,,,true,1,,2026-08-16
"Block Real Estate Services, LLC",69fdf7b562446148bd85c461,69fded2062446148bd849138,Scheels All Sports Inc,69fdf1f88e25e7a0d918b166,"tic787 - Kansas Commerce Center #16 {KCC 16, LLC}",evidenceOfInsurance,Evidence of Insurance,6ac20aae-5728-5d57-b364-aeba38527dba,Additional Requirements,3649e9d1-4e09-59bf-8f30-cb33c40cf117,"Certificate Holder must read: c/o Block Real Estate Services, LLC, 4622 Pennsylvania St., Suite 700, Kansas City, MO, 64112",,matchOnce,must be present,,Present,compliant,Block Requirements,,,true,1,,2026-08-16
"Block Real Estate Services, LLC",69fdf7b562446148bd85c460,69fded1162446148bd848c9d,Concrete Strategies LLC,69fdf1f88e25e7a0d918b166,"tic787 - Kansas Commerce Center #16 {KCC 16, LLC}",evidenceOfInsurance,Evidence of Insurance,commercialGeneralLiability,Commercial General Liability,evidenceOfInsuranceCommercialGeneralLiabilityCoverageTriggerOccurrence,Coverage Trigger: Occurrence,,matchOnce,must be present,,Present,compliant,Block Requirements,,,false,1,,2026-08-16
"Block Real Estate Services, LLC",69fdf7b562446148bd85c460,69fded1162446148bd848c9d,Concrete Strategies LLC,69fdf1f88e25e7a0d918b166,"tic787 - Kansas Commerce Center #16 {KCC 16, LLC}",evidenceOfInsurance,Evidence of Insurance,commercialGeneralLiability,Commercial General Liability,evidenceOfInsuranceCommercialGeneralLiabilityGeneralAggregateLimitAppliesPerLocation,General Aggregate Limit Applies per: Location,,matchOnce,must be present,,Present,compliant,Block Requirements,,,false,1,,2026-08-16
"Block Real Estate Services, LLC",69fdf7b562446148bd85c460,69fded1162446148bd848c9d,Concrete Strategies LLC,69fdf1f88e25e7a0d918b166,"tic787 - Kansas Commerce Center #16 {KCC 16, LLC}",evidenceOfInsurance,Evidence of Insurance,commercialGeneralLiability,Commercial General Liability,evidenceOfInsuranceCommercialGeneralLiabilityEachOccurrence,Each Occurrence,,matchOnce,must be greater or equal to,1000000,5000000,compliant,Block Requirements,,,false,1,,2026-08-16
"Block Real Estate Services, LLC",69fdf7b562446148bd85c460,69fded1162446148bd848c9d,Concrete Strategies LLC,69fdf1f88e25e7a0d918b166,"tic787 - Kansas Commerce Center #16 {KCC 16, LLC}",evidenceOfInsurance,Evidence of Insurance,commercialGeneralLiability,Commercial General Liability,evidenceOfInsuranceCommercialGeneralLiabilityGeneralAggregate,General Aggregate,,matchOnce,must be greater or equal to,2000000,10000000,compliant,Block Requirements,,,false,1,,2026-08-16
"Block Real Estate Services, LLC",69fdf7b562446148bd85c460,69fded1162446148bd848c9d,Concrete Strategies LLC,69fdf1f88e25e7a0d918b166,"tic787 - Kansas Commerce Center #16 {KCC 16, LLC}",evidenceOfInsurance,Evidence of Insurance,commercialGeneralLiability,Commercial General Liability,evidenceOfInsuranceCommercialGeneralLiabilityWaiverOfSubrogationEndorsement,Waiver of Subrogation,"---prompt---
Determine if the insurer has waived their right of subrogation in favor of the certificate holder under the Commercial General Liability policy. Evidence may include: a checked ""Waiver of Subrogation"" box on the certificate, mention in the Description of Operations section stating ""waiver of subrogation applies"", or reference to form CG 24 04. Look for language like ""subrogation is waived"" or ""per written contract"".",matchOnce,must be present,,Present,compliant,Block Requirements,,,false,1,,2026-08-16
"Block Real Estate Services, LLC",69fdf7b562446148bd85c460,69fded1162446148bd848c9d,Concrete Strategies LLC,69fdf1f88e25e7a0d918b166,"tic787 - Kansas Commerce Center #16 {KCC 16, LLC}",evidenceOfInsurance,Evidence of Insurance,excessOrUmbrellaLiability,Umbrella/Excess Liability,evidenceOfInsuranceExcessOrUmbrellaLiabilityOccurence,Coverage Trigger: Occurrence,,matchOnce,must be present,,Present,compliant,Block Requirements,,,false,1,,2026-08-16
"Block Real Estate Services, LLC",69fdf7b562446148bd85c460,69fded1162446148bd848c9d,Concrete Strategies LLC,69fdf1f88e25e7a0d918b166,"tic787 - Kansas Commerce Center #16 {KCC 16, LLC}",evidenceOfInsurance,Evidence of Insurance,excessOrUmbrellaLiability,Umbrella/Excess Liability,evidenceOfInsuranceExcessOrUmbrellaLiabilityEachOccurrence,Each Occurrence,,matchOnce,must be greater or equal to,1000000,5000000,compliant,Block Requirements,,,false,1,,2026-08-16
"Block Real Estate Services, LLC",69fdf7b562446148bd85c460,69fded1162446148bd848c9d,Concrete Strategies LLC,69fdf1f88e25e7a0d918b166,"tic787 - Kansas Commerce Center #16 {KCC 16, LLC}",evidenceOfInsurance,Evidence of Insurance,excessOrUmbrellaLiability,Umbrella/Excess Liability,evidenceOfInsuranceExcessOrUmbrellaLiabilityAggregate,Aggregate,,matchOnce,must be greater or equal to,1000000,5000000,compliant,Block Requirements,,,false,1,,2026-08-16
"Block Real Estate Services, LLC",69fdf7b562446148bd85c460,69fded1162446148bd848c9d,Concrete Strategies LLC,69fdf1f88e25e7a0d918b166,"tic787 - Kansas Commerce Center #16 {KCC 16, LLC}",evidenceOfInsurance,Evidence of Insurance,workersCompensation,Workers' Compensation and Employer's Liability,evidenceOfInsuranceWorkersCompensationStatutoryLimits,Statutory Limits,,matchOnce,must be present,,Present,compliant,Block Requirements,,,false,1,,2026-08-16
"Block Real Estate Services, LLC",69fdf7b562446148bd85c460,69fded1162446148bd848c9d,Concrete Strategies LLC,69fdf1f88e25e7a0d918b166,"tic787 - Kansas Commerce Center #16 {KCC 16, LLC}",evidenceOfInsurance,Evidence of Insurance,workersCompensation,Workers' Compensation and Employer's Liability,evidenceOfInsuranceWorkersCompensationEmployersLiabilityEachAccident,Employer's Liability Each Accident,,matchOnce,must be greater or equal to,500000,1000000,compliant,Block Requirements,,,false,1,,2026-08-16
"Block Real Estate Services, LLC",69fdf7b562446148bd85c460,69fded1162446148bd848c9d,Concrete Strategies LLC,69fdf1f88e25e7a0d918b166,"tic787 - Kansas Commerce Center #16 {KCC 16, LLC}",evidenceOfInsurance,Evidence of Insurance,workersCompensation,Workers' Compensation and Employer's Liability,evidenceOfInsuranceWorkersCompensationEmployersLiabilityDiseaseEachEmployee,Employer's Liability Disease - each employee,,matchOnce,must be greater or equal to,500000,1000000,compliant,Block Requirements,,,false,1,,2026-08-16
"Block Real Estate Services, LLC",69fdf7b562446148bd85c460,69fded1162446148bd848c9d,Concrete Strategies LLC,69fdf1f88e25e7a0d918b166,"tic787 - Kansas Commerce Center #16 {KCC 16, LLC}",evidenceOfInsurance,Evidence of Insurance,workersCompensation,Workers' Compensation and Employer's Liability,evidenceOfInsuranceWorkersCompensationEmployersLiabilityDiseasePolicyLimit,Employer's Liability Disease - policy limit,,matchOnce,must be greater or equal to,500000,1000000,compliant,Block Requirements,,,false,1,,2026-08-16
"Block Real Estate Services, LLC",69fdf7b562446148bd85c460,69fded1162446148bd848c9d,Concrete Strategies LLC,69fdf1f88e25e7a0d918b166,"tic787 - Kansas Commerce Center #16 {KCC 16, LLC}",evidenceOfInsurance,Evidence of Insurance,workersCompensation,Workers' Compensation and Employer's Liability,evidenceOfInsuranceWorkersCompensationWaiverOfSubrogationEndorsement,Waiver of Subrogation,"---prompt---
Determine if the insurer has waived their right of subrogation in favor of the certificate holder under the Workers' Compensation policy. Evidence may include: a checked ""Waiver of Subrogation"" box on the certificate, mention in the Description of Operations section stating ""waiver of subrogation applies"", or reference to form WC 00 03 13. Look for language like ""subrogation is waived"" or ""per written contract"".",matchOnce,must be present,,Present,compliant,Block Requirements,,,false,1,,2026-08-16
"Block Real Estate Services, LLC",69fdf7b562446148bd85c460,69fded1162446148bd848c9d,Concrete Strategies LLC,69fdf1f88e25e7a0d918b166,"tic787 - Kansas Commerce Center #16 {KCC 16, LLC}",evidenceOfInsurance,Evidence of Insurance,6ac20aae-5728-5d57-b364-aeba38527dba,Additional Requirements,4da5b0f1-4c9d-5885-8cf8-5d3cccaed3e0,"Block Real Estate Services, LLC and all others required by contract are named as Additional Insureds","---prompt---
Determine if the Description of Operations or the Additional Remarks Schedule section states the ""Additional Insured as Construction Management, Inc. and all others required by contract"" or reference to blanket additional insured coverage. Look for language like ""certificate holder is additional insured"" or ""per written contract"".",matchOnce,must be present,,Present,compliant,Block Requirements,,,true,1,,2026-08-16
"Block Real Estate Services, LLC",69fdf7b562446148bd85c460,69fded1162446148bd848c9d,Concrete Strategies LLC,69fdf1f88e25e7a0d918b166,"tic787 - Kansas Commerce Center #16 {KCC 16, LLC}",evidenceOfInsurance,Evidence of Insurance,6ac20aae-5728-5d57-b364-aeba38527dba,Additional Requirements,e1017741-e47e-5f58-97b8-fbc3043e919f,Umbrella follows form over General Liability,"---prompt---
Determine if the Umbrella/Excess Liability policy follows form to the underlying policies. Evidence may include: language in the Description of Operations section stating the umbrella follows form to underlying coverages or an additional page endorsement stating that it follows form. Follow form means the umbrella policy adopts the same terms, conditions, and exclusions as the underlying policies.",matchOnce,must be present,,Present,compliant,Block Requirements,,,true,1,,2026-08-16
"Block Real Estate Services, LLC",69fdf7b562446148bd85c460,69fded1162446148bd848c9d,Concrete Strategies LLC,69fdf1f88e25e7a0d918b166,"tic787 - Kansas Commerce Center #16 {KCC 16, LLC}",evidenceOfInsurance,Evidence of Insurance,6ac20aae-5728-5d57-b364-aeba38527dba,Additional Requirements,2cdd866f-c9a4-576a-afd8-1d045762790c,The location must be listed as: 9829 Commerce Parkway Lenexa KS 66219,,matchOnce,must be present,,Present,compliant,Block Requirements,,,true,1,,2026-08-16
"Block Real Estate Services, LLC",69fdf7b562446148bd85c460,69fded1162446148bd848c9d,Concrete Strategies LLC,69fdf1f88e25e7a0d918b166,"tic787 - Kansas Commerce Center #16 {KCC 16, LLC}",evidenceOfInsurance,Evidence of Insurance,6ac20aae-5728-5d57-b364-aeba38527dba,Additional Requirements,3649e9d1-4e09-59bf-8f30-cb33c40cf117,"Certificate Holder must read: c/o Block Real Estate Services, LLC, 4622 Pennsylvania St., Suite 700, Kansas City, MO, 64112",,matchOnce,must be present,,Present,compliant,Block Requirements,,,true,1,,2026-08-16
"Block Real Estate Services, LLC",69fdf7b562446148bd85c462,69fded2362446148bd84925e,"Triton Stone Group/Triton Stone of Kansas City / Unique Stone Concepts, LLC",69fdf1f88e25e7a0d918b166,"tic787 - Kansas Commerce Center #16 {KCC 16, LLC}",evidenceOfInsurance,Evidence of Insurance,commercialGeneralLiability,Commercial General Liability,evidenceOfInsuranceCommercialGeneralLiabilityCoverageTriggerOccurrence,Coverage Trigger: Occurrence,,matchOnce,must be present,,Present,compliant,Block Requirements,,,false,1,,2026-08-16
"Block Real Estate Services, LLC",69fdf7b562446148bd85c462,69fded2362446148bd84925e,"Triton Stone Group/Triton Stone of Kansas City / Unique Stone Concepts, LLC",69fdf1f88e25e7a0d918b166,"tic787 - Kansas Commerce Center #16 {KCC 16, LLC}",evidenceOfInsurance,Evidence of Insurance,commercialGeneralLiability,Commercial General Liability,evidenceOfInsuranceCommercialGeneralLiabilityGeneralAggregateLimitAppliesPerLocation,General Aggregate Limit Applies per: Location,,matchOnce,must be present,,,non_compliant,Block Requirements,,,false,0,,2026-08-16
"Block Real Estate Services, LLC",69fdf7b562446148bd85c462,69fded2362446148bd84925e,"Triton Stone Group/Triton Stone of Kansas City / Unique Stone Concepts, LLC",69fdf1f88e25e7a0d918b166,"tic787 - Kansas Commerce Center #16 {KCC 16, LLC}",evidenceOfInsurance,Evidence of Insurance,commercialGeneralLiability,Commercial General Liability,evidenceOfInsuranceCommercialGeneralLiabilityEachOccurrence,Each Occurrence,,matchOnce,must be greater or equal to,1000000,2000000,compliant,Block Requirements,,,false,1,,2026-08-16
"Block Real Estate Services, LLC",69fdf7b562446148bd85c462,69fded2362446148bd84925e,"Triton Stone Group/Triton Stone of Kansas City / Unique Stone Concepts, LLC",69fdf1f88e25e7a0d918b166,"tic787 - Kansas Commerce Center #16 {KCC 16, LLC}",evidenceOfInsurance,Evidence of Insurance,commercialGeneralLiability,Commercial General Liability,evidenceOfInsuranceCommercialGeneralLiabilityGeneralAggregate,General Aggregate,,matchOnce,must be greater or equal to,2000000,4000000,compliant,Block Requirements,,,false,1,,2026-08-16
"Block Real Estate Services, LLC",69fdf7b562446148bd85c462,69fded2362446148bd84925e,"Triton Stone Group/Triton Stone of Kansas City / Unique Stone Concepts, LLC",69fdf1f88e25e7a0d918b166,"tic787 - Kansas Commerce Center #16 {KCC 16, LLC}",evidenceOfInsurance,Evidence of Insurance,commercialGeneralLiability,Commercial General Liability,evidenceOfInsuranceCommercialGeneralLiabilityWaiverOfSubrogationEndorsement,Waiver of Subrogation,"---prompt---
Determine if the insurer has waived their right of subrogation in favor of the certificate holder under the Commercial General Liability policy. Evidence may include: a checked ""Waiver of Subrogation"" box on the certificate, mention in the Description of Operations section stating ""waiver of subrogation applies"", or reference to form CG 24 04. Look for language like ""subrogation is waived"" or ""per written contract"".",matchOnce,must be present,,,non_compliant,Block Requirements,,,false,0,,2026-08-16
"Block Real Estate Services, LLC",69fdf7b562446148bd85c462,69fded2362446148bd84925e,"Triton Stone Group/Triton Stone of Kansas City / Unique Stone Concepts, LLC",69fdf1f88e25e7a0d918b166,"tic787 - Kansas Commerce Center #16 {KCC 16, LLC}",evidenceOfInsurance,Evidence of Insurance,excessOrUmbrellaLiability,Umbrella/Excess Liability,evidenceOfInsuranceExcessOrUmbrellaLiabilityOccurence,Coverage Trigger: Occurrence,,matchOnce,must be present,,Present,compliant,Block Requirements,,,false,1,,2026-08-16
"Block Real Estate Services, LLC",69fdf7b562446148bd85c462,69fded2362446148bd84925e,"Triton Stone Group/Triton Stone of Kansas City / Unique Stone Concepts, LLC",69fdf1f88e25e7a0d918b166,"tic787 - Kansas Commerce Center #16 {KCC 16, LLC}",evidenceOfInsurance,Evidence of Insurance,excessOrUmbrellaLiability,Umbrella/Excess Liability,evidenceOfInsuranceExcessOrUmbrellaLiabilityEachOccurrence,Each Occurrence,,matchOnce,must be greater or equal to,1000000,2000000,compliant,Block Requirements,,,false,1,,2026-08-16
"Block Real Estate Services, LLC",69fdf7b562446148bd85c462,69fded2362446148bd84925e,"Triton Stone Group/Triton Stone of Kansas City / Unique Stone Concepts, LLC",69fdf1f88e25e7a0d918b166,"tic787 - Kansas Commerce Center #16 {KCC 16, LLC}",evidenceOfInsurance,Evidence of Insurance,excessOrUmbrellaLiability,Umbrella/Excess Liability,evidenceOfInsuranceExcessOrUmbrellaLiabilityAggregate,Aggregate,,matchOnce,must be greater or equal to,1000000,2000000,compliant,Block Requirements,,,false,1,,2026-08-16
"Block Real Estate Services, LLC",69fdf7b562446148bd85c462,69fded2362446148bd84925e,"Triton Stone Group/Triton Stone of Kansas City / Unique Stone Concepts, LLC",69fdf1f88e25e7a0d918b166,"tic787 - Kansas Commerce Center #16 {KCC 16, LLC}",evidenceOfInsurance,Evidence of Insurance,workersCompensation,Workers' Compensation and Employer's Liability,evidenceOfInsuranceWorkersCompensationStatutoryLimits,Statutory Limits,,matchOnce,must be present,,Present,compliant,Block Requirements,,,false,1,,2026-08-16
"Block Real Estate Services, LLC",69fdf7b562446148bd85c462,69fded2362446148bd84925e,"Triton Stone Group/Triton Stone of Kansas City / Unique Stone Concepts, LLC",69fdf1f88e25e7a0d918b166,"tic787 - Kansas Commerce Center #16 {KCC 16, LLC}",evidenceOfInsurance,Evidence of Insurance,workersCompensation,Workers' Compensation and Employer's Liability,evidenceOfInsuranceWorkersCompensationEmployersLiabilityEachAccident,Employer's Liability Each Accident,,matchOnce,must be greater or equal to,500000,1000000,compliant,Block Requirements,,,false,1,,2026-08-16
"Block Real Estate Services, LLC",69fdf7b562446148bd85c462,69fded2362446148bd84925e,"Triton Stone Group/Triton Stone of Kansas City / Unique Stone Concepts, LLC",69fdf1f88e25e7a0d918b166,"tic787 - Kansas Commerce Center #16 {KCC 16, LLC}",evidenceOfInsurance,Evidence of Insurance,workersCompensation,Workers' Compensation and Employer's Liability,evidenceOfInsuranceWorkersCompensationEmployersLiabilityDiseaseEachEmployee,Employer's Liability Disease - each employee,,matchOnce,must be greater or equal to,500000,1000000,compliant,Block Requirements,,,false,1,,2026-08-16
"Block Real Estate Services, LLC",69fdf7b562446148bd85c462,69fded2362446148bd84925e,"Triton Stone Group/Triton Stone of Kansas City / Unique Stone Concepts, LLC",69fdf1f88e25e7a0d918b166,"tic787 - Kansas Commerce Center #16 {KCC 16, LLC}",evidenceOfInsurance,Evidence of Insurance,workersCompensation,Workers' Compensation and Employer's Liability,evidenceOfInsuranceWorkersCompensationEmployersLiabilityDiseasePolicyLimit,Employer's Liability Disease - policy limit,,matchOnce,must be greater or equal to,500000,1000000,compliant,Block Requirements,,,false,1,,2026-08-16
"Block Real Estate Services, LLC",69fdf7b562446148bd85c462,69fded2362446148bd84925e,"Triton Stone Group/Triton Stone of Kansas City / Unique Stone Concepts, LLC",69fdf1f88e25e7a0d918b166,"tic787 - Kansas Commerce Center #16 {KCC 16, LLC}",evidenceOfInsurance,Evidence of Insurance,workersCompensation,Workers' Compensation and Employer's Liability,evidenceOfInsuranceWorkersCompensationWaiverOfSubrogationEndorsement,Waiver of Subrogation,"---prompt---
Determine if the insurer has waived their right of subrogation in favor of the certificate holder under the Workers' Compensation policy. Evidence may include: a checked ""Waiver of Subrogation"" box on the certificate, mention in the Description of Operations section stating ""waiver of subrogation applies"", or reference to form WC 00 03 13. Look for language like ""subrogation is waived"" or ""per written contract"".",matchOnce,must be present,,,non_compliant,Block Requirements,,,false,0,,2026-08-16
"Block Real Estate Services, LLC",69fdf7b562446148bd85c462,69fded2362446148bd84925e,"Triton Stone Group/Triton Stone of Kansas City / Unique Stone Concepts, LLC",69fdf1f88e25e7a0d918b166,"tic787 - Kansas Commerce Center #16 {KCC 16, LLC}",evidenceOfInsurance,Evidence of Insurance,6ac20aae-5728-5d57-b364-aeba38527dba,Additional Requirements,4da5b0f1-4c9d-5885-8cf8-5d3cccaed3e0,"Block Real Estate Services, LLC and all others required by contract are named as Additional Insureds","---prompt---
Determine if the Description of Operations or the Additional Remarks Schedule section states the ""Additional Insured as Construction Management, Inc. and all others required by contract"" or reference to blanket additional insured coverage. Look for language like ""certificate holder is additional insured"" or ""per written contract"".",matchOnce,must be present,,,non_compliant,Block Requirements,,,true,0,,2026-08-16
"Block Real Estate Services, LLC",69fdf7b562446148bd85c462,69fded2362446148bd84925e,"Triton Stone Group/Triton Stone of Kansas City / Unique Stone Concepts, LLC",69fdf1f88e25e7a0d918b166,"tic787 - Kansas Commerce Center #16 {KCC 16, LLC}",evidenceOfInsurance,Evidence of Insurance,6ac20aae-5728-5d57-b364-aeba38527dba,Additional Requirements,e1017741-e47e-5f58-97b8-fbc3043e919f,Umbrella follows form over General Liability,"---prompt---
Determine if the Umbrella/Excess Liability policy follows form to the underlying policies. Evidence may include: language in the Description of Operations section stating the umbrella follows form to underlying coverages or an additional page endorsement stating that it follows form. Follow form means the umbrella policy adopts the same terms, conditions, and exclusions as the underlying policies.",matchOnce,must be present,,,non_compliant,Block Requirements,,,true,0,,2026-08-16
"Block Real Estate Services, LLC",69fdf7b562446148bd85c462,69fded2362446148bd84925e,"Triton Stone Group/Triton Stone of Kansas City / Unique Stone Concepts, LLC",69fdf1f88e25e7a0d918b166,"tic787 - Kansas Commerce Center #16 {KCC 16, LLC}",evidenceOfInsurance,Evidence of Insurance,6ac20aae-5728-5d57-b364-aeba38527dba,Additional Requirements,2cdd866f-c9a4-576a-afd8-1d045762790c,The location must be listed as: 9801 Commerce Parkway Lenexa KS 66219,,matchOnce,must be present,,,non_compliant,Block Requirements,,,true,0,,2026-08-16
"Block Real Estate Services, LLC",69fdf7b562446148bd85c462,69fded2362446148bd84925e,"Triton Stone Group/Triton Stone of Kansas City / Unique Stone Concepts, LLC",69fdf1f88e25e7a0d918b166,"tic787 - Kansas Commerce Center #16 {KCC 16, LLC}",evidenceOfInsurance,Evidence of Insurance,6ac20aae-5728-5d57-b364-aeba38527dba,Additional Requirements,3649e9d1-4e09-59bf-8f30-cb33c40cf117,"Certificate Holder must read: c/o Block Real Estate Services, LLC, 4622 Pennsylvania St., Suite 700, Kansas City, MO, 64112",,matchOnce,must be present,,Present,compliant,Block Requirements,,,true,1,,2026-08-16
"Block Real Estate Services, LLC",69fdf74a62446148bd854b1f,69fded1262446148bd848ccd,Crescent Springs Healing Center,69fdef1003a2257cd27d8605,"3rd202 - D&H Properties - 80th Street {D&H Properties, LLC}",evidenceOfInsurance,Evidence of Insurance,commercialGeneralLiability,Commercial General Liability,evidenceOfInsuranceCommercialGeneralLiabilityCoverageTriggerOccurrence,Coverage Trigger: Occurrence,,matchOnce,must be present,,,non_compliant,Block Requirements,,,false,0,,2026-08-16
"Block Real Estate Services, LLC",69fdf74a62446148bd854b1f,69fded1262446148bd848ccd,Crescent Springs Healing Center,69fdef1003a2257cd27d8605,"3rd202 - D&H Properties - 80th Street {D&H Properties, LLC}",evidenceOfInsurance,Evidence of Insurance,commercialGeneralLiability,Commercial General Liability,evidenceOfInsuranceCommercialGeneralLiabilityGeneralAggregateLimitAppliesPerLocation,General Aggregate Limit Applies per: Location,,matchOnce,must be present,,,non_compliant,Block Requirements,,,false,0,,2026-08-16
"Block Real Estate Services, LLC",69fdf74a62446148bd854b1f,69fded1262446148bd848ccd,Crescent Springs Healing Center,69fdef1003a2257cd27d8605,"3rd202 - D&H Properties - 80th Street {D&H Properties, LLC}",evidenceOfInsurance,Evidence of Insurance,commercialGeneralLiability,Commercial General Liability,evidenceOfInsuranceCommercialGeneralLiabilityEachOccurrence,Each Occurrence,,matchOnce,must be greater or equal to,1000000,,non_compliant,Block Requirements,,,false,0,,2026-08-16
"Block Real Estate Services, LLC",69fdf74a62446148bd854b1f,69fded1262446148bd848ccd,Crescent Springs Healing Center,69fdef1003a2257cd27d8605,"3rd202 - D&H Properties - 80th Street {D&H Properties, LLC}",evidenceOfInsurance,Evidence of Insurance,commercialGeneralLiability,Commercial General Liability,evidenceOfInsuranceCommercialGeneralLiabilityGeneralAggregate,General Aggregate,,matchOnce,must be greater or equal to,2000000,,non_compliant,Block Requirements,,,false,0,,2026-08-16
"Block Real Estate Services, LLC",69fdf74a62446148bd854b1f,69fded1262446148bd848ccd,Crescent Springs Healing Center,69fdef1003a2257cd27d8605,"3rd202 - D&H Properties - 80th Street {D&H Properties, LLC}",evidenceOfInsurance,Evidence of Insurance,commercialGeneralLiability,Commercial General Liability,evidenceOfInsuranceCommercialGeneralLiabilityWaiverOfSubrogationEndorsement,Waiver of Subrogation,"---prompt---
Determine if the insurer has waived their right of subrogation in favor of the certificate holder under the Commercial General Liability policy. Evidence may include: a checked ""Waiver of Subrogation"" box on the certificate, mention in the Description of Operations section stating ""waiver of subrogation applies"", or reference to form CG 24 04. Look for language like ""subrogation is waived"" or ""per written contract"".",matchOnce,must be present,,,non_compliant,Block Requirements,,,false,0,,2026-08-16
"Block Real Estate Services, LLC",69fdf74a62446148bd854b1f,69fded1262446148bd848ccd,Crescent Springs Healing Center,69fdef1003a2257cd27d8605,"3rd202 - D&H Properties - 80th Street {D&H Properties, LLC}",evidenceOfInsurance,Evidence of Insurance,excessOrUmbrellaLiability,Umbrella/Excess Liability,evidenceOfInsuranceExcessOrUmbrellaLiabilityOccurence,Coverage Trigger: Occurrence,,matchOnce,must be present,,,non_compliant,Block Requirements,,,false,0,,2026-08-16
"Block Real Estate Services, LLC",69fdf74a62446148bd854b1f,69fded1262446148bd848ccd,Crescent Springs Healing Center,69fdef1003a2257cd27d8605,"3rd202 - D&H Properties - 80th Street {D&H Properties, LLC}",evidenceOfInsurance,Evidence of Insurance,excessOrUmbrellaLiability,Umbrella/Excess Liability,evidenceOfInsuranceExcessOrUmbrellaLiabilityEachOccurrence,Each Occurrence,,matchOnce,must be greater or equal to,1000000,,non_compliant,Block Requirements,,,false,0,,2026-08-16
"Block Real Estate Services, LLC",69fdf74a62446148bd854b1f,69fded1262446148bd848ccd,Crescent Springs Healing Center,69fdef1003a2257cd27d8605,"3rd202 - D&H Properties - 80th Street {D&H Properties, LLC}",evidenceOfInsurance,Evidence of Insurance,excessOrUmbrellaLiability,Umbrella/Excess Liability,evidenceOfInsuranceExcessOrUmbrellaLiabilityAggregate,Aggregate,,matchOnce,must be greater or equal to,1000000,,non_compliant,Block Requirements,,,false,0,,2026-08-16
"Block Real Estate Services, LLC",69fdf74a62446148bd854b1f,69fded1262446148bd848ccd,Crescent Springs Healing Center,69fdef1003a2257cd27d8605,"3rd202 - D&H Properties - 80th Street {D&H Properties, LLC}",evidenceOfInsurance,Evidence of Insurance,workersCompensation,Workers' Compensation and Employer's Liability,evidenceOfInsuranceWorkersCompensationStatutoryLimits,Statutory Limits,,matchOnce,must be present,,,non_compliant,Block Requirements,,,false,0,,2026-08-16
"Block Real Estate Services, LLC",69fdf74a62446148bd854b1f,69fded1262446148bd848ccd,Crescent Springs Healing Center,69fdef1003a2257cd27d8605,"3rd202 - D&H Properties - 80th Street {D&H Properties, LLC}",evidenceOfInsurance,Evidence of Insurance,workersCompensation,Workers' Compensation and Employer's Liability,evidenceOfInsuranceWorkersCompensationEmployersLiabilityEachAccident,Employer's Liability Each Accident,,matchOnce,must be greater or equal to,500000,,non_compliant,Block Requirements,,,false,0,,2026-08-16
"Block Real Estate Services, LLC",69fdf74a62446148bd854b1f,69fded1262446148bd848ccd,Crescent Springs Healing Center,69fdef1003a2257cd27d8605,"3rd202 - D&H Properties - 80th Street {D&H Properties, LLC}",evidenceOfInsurance,Evidence of Insurance,workersCompensation,Workers' Compensation and Employer's Liability,evidenceOfInsuranceWorkersCompensationEmployersLiabilityDiseaseEachEmployee,Employer's Liability Disease - each employee,,matchOnce,must be greater or equal to,500000,,non_compliant,Block Requirements,,,false,0,,2026-08-16
"Block Real Estate Services, LLC",69fdf74a62446148bd854b1f,69fded1262446148bd848ccd,Crescent Springs Healing Center,69fdef1003a2257cd27d8605,"3rd202 - D&H Properties - 80th Street {D&H Properties, LLC}",evidenceOfInsurance,Evidence of Insurance,workersCompensation,Workers' Compensation and Employer's Liability,evidenceOfInsuranceWorkersCompensationEmployersLiabilityDiseasePolicyLimit,Employer's Liability Disease - policy limit,,matchOnce,must be greater or equal to,500000,,non_compliant,Block Requirements,,,false,0,,2026-08-16
"Block Real Estate Services, LLC",69fdf74a62446148bd854b1f,69fded1262446148bd848ccd,Crescent Springs Healing Center,69fdef1003a2257cd27d8605,"3rd202 - D&H Properties - 80th Street {D&H Properties, LLC}",evidenceOfInsurance,Evidence of Insurance,workersCompensation,Workers' Compensation and Employer's Liability,evidenceOfInsuranceWorkersCompensationWaiverOfSubrogationEndorsement,Waiver of Subrogation,"---prompt---
Determine if the insurer has waived their right of subrogation in favor of the certificate holder under the Workers' Compensation policy. Evidence may include: a checked ""Waiver of Subrogation"" box on the certificate, mention in the Description of Operations section stating ""waiver of subrogation applies"", or reference to form WC 00 03 13. Look for language like ""subrogation is waived"" or ""per written contract"".",matchOnce,must be present,,,non_compliant,Block Requirements,,,false,0,,2026-08-16
"Block Real Estate Services, LLC",69fdf74a62446148bd854b1f,69fded1262446148bd848ccd,Crescent Springs Healing Center,69fdef1003a2257cd27d8605,"3rd202 - D&H Properties - 80th Street {D&H Properties, LLC}",evidenceOfInsurance,Evidence of Insurance,6ac20aae-5728-5d57-b364-aeba38527dba,Additional Requirements,4da5b0f1-4c9d-5885-8cf8-5d3cccaed3e0,"Block Real Estate Services, LLC and all others required by contract are named as Additional Insureds","---prompt---
Determine if the Description of Operations or the Additional Remarks Schedule section states the ""Additional Insured as Construction Management, Inc. and all others required by contract"" or reference to blanket additional insured coverage. Look for language like ""certificate holder is additional insured"" or ""per written contract"".",matchOnce,must be present,,,non_compliant,Block Requirements,,,true,0,,2026-08-16
"Block Real Estate Services, LLC",69fdf74a62446148bd854b1f,69fded1262446148bd848ccd,Crescent Springs Healing Center,69fdef1003a2257cd27d8605,"3rd202 - D&H Properties - 80th Street {D&H Properties, LLC}",evidenceOfInsurance,Evidence of Insurance,6ac20aae-5728-5d57-b364-aeba38527dba,Additional Requirements,e1017741-e47e-5f58-97b8-fbc3043e919f,Umbrella follows form over General Liability,"---prompt---
Determine if the Umbrella/Excess Liability policy follows form to the underlying policies. Evidence may include: language in the Description of Operations section stating the umbrella follows form to underlying coverages or an additional page endorsement stating that it follows form. Follow form means the umbrella policy adopts the same terms, conditions, and exclusions as the underlying policies.",matchOnce,must be present,,,non_compliant,Block Requirements,,,true,0,,2026-08-16
"Block Real Estate Services, LLC",69fdf74a62446148bd854b1f,69fded1262446148bd848ccd,Crescent Springs Healing Center,69fdef1003a2257cd27d8605,"3rd202 - D&H Properties - 80th Street {D&H Properties, LLC}",evidenceOfInsurance,Evidence of Insurance,6ac20aae-5728-5d57-b364-aeba38527dba,Additional Requirements,2cdd866f-c9a4-576a-afd8-1d045762790c,"The location must be listed as: 7327 W. 80th Street, Overland Park, KS, 66204",,matchOnce,must be present,,,non_compliant,Block Requirements,,,true,0,,2026-08-16
"Block Real Estate Services, LLC",69fdf74a62446148bd854b1f,69fded1262446148bd848ccd,Crescent Springs Healing Center,69fdef1003a2257cd27d8605,"3rd202 - D&H Properties - 80th Street {D&H Properties, LLC}",evidenceOfInsurance,Evidence of Insurance,6ac20aae-5728-5d57-b364-aeba38527dba,Additional Requirements,3649e9d1-4e09-59bf-8f30-cb33c40cf117,"Certificate Holder must read: c/o Block Real Estate Services, LLC, 4622 Pennsylvania St., Suite 700, Kansas City, MO, 64112",,matchOnce,must be present,,,non_compliant,Block Requirements,,,true,0,,2026-08-16
"Block Real Estate Services, LLC",69fdf74a62446148bd854b22,69fded1962446148bd848ef8,Salon Expose / Kim Medina,69fdef1003a2257cd27d8605,"3rd202 - D&H Properties - 80th Street {D&H Properties, LLC}",evidenceOfInsurance,Evidence of Insurance,commercialGeneralLiability,Commercial General Liability,evidenceOfInsuranceCommercialGeneralLiabilityCoverageTriggerOccurrence,Coverage Trigger: Occurrence,,matchOnce,must be present,,Present,compliant,Block Requirements,,,false,1,,2026-08-16
"Block Real Estate Services, LLC",69fdf74a62446148bd854b22,69fded1962446148bd848ef8,Salon Expose / Kim Medina,69fdef1003a2257cd27d8605,"3rd202 - D&H Properties - 80th Street {D&H Properties, LLC}",evidenceOfInsurance,Evidence of Insurance,commercialGeneralLiability,Commercial General Liability,evidenceOfInsuranceCommercialGeneralLiabilityGeneralAggregateLimitAppliesPerLocation,General Aggregate Limit Applies per: Location,,matchOnce,must be present,,,non_compliant,Block Requirements,,,false,0,,2026-08-16
"Block Real Estate Services, LLC",69fdf74a62446148bd854b22,69fded1962446148bd848ef8,Salon Expose / Kim Medina,69fdef1003a2257cd27d8605,"3rd202 - D&H Properties - 80th Street {D&H Properties, LLC}",evidenceOfInsurance,Evidence of Insurance,commercialGeneralLiability,Commercial General Liability,evidenceOfInsuranceCommercialGeneralLiabilityEachOccurrence,Each Occurrence,,matchOnce,must be greater or equal to,1000000,1000000,compliant,Block Requirements,,,false,1,,2026-08-16
"Block Real Estate Services, LLC",69fdf74a62446148bd854b22,69fded1962446148bd848ef8,Salon Expose / Kim Medina,69fdef1003a2257cd27d8605,"3rd202 - D&H Properties - 80th Street {D&H Properties, LLC}",evidenceOfInsurance,Evidence of Insurance,commercialGeneralLiability,Commercial General Liability,evidenceOfInsuranceCommercialGeneralLiabilityGeneralAggregate,General Aggregate,,matchOnce,must be greater or equal to,2000000,2000000,compliant,Block Requirements,,,false,1,,2026-08-16
"Block Real Estate Services, LLC",69fdf74a62446148bd854b22,69fded1962446148bd848ef8,Salon Expose / Kim Medina,69fdef1003a2257cd27d8605,"3rd202 - D&H Properties - 80th Street {D&H Properties, LLC}",evidenceOfInsurance,Evidence of Insurance,commercialGeneralLiability,Commercial General Liability,evidenceOfInsuranceCommercialGeneralLiabilityWaiverOfSubrogationEndorsement,Waiver of Subrogation,"---prompt---
Determine if the insurer has waived their right of subrogation in favor of the certificate holder under the Commercial General Liability policy. Evidence may include: a checked ""Waiver of Subrogation"" box on the certificate, mention in the Description of Operations section stating ""waiver of subrogation applies"", or reference to form CG 24 04. Look for language like ""subrogation is waived"" or ""per written contract"".",matchOnce,must be present,,,non_compliant,Block Requirements,,,false,0,,2026-08-16
"Block Real Estate Services, LLC",69fdf74a62446148bd854b22,69fded1962446148bd848ef8,Salon Expose / Kim Medina,69fdef1003a2257cd27d8605,"3rd202 - D&H Properties - 80th Street {D&H Properties, LLC}",evidenceOfInsurance,Evidence of Insurance,excessOrUmbrellaLiability,Umbrella/Excess Liability,evidenceOfInsuranceExcessOrUmbrellaLiabilityOccurence,Coverage Trigger: Occurrence,,matchOnce,must be present,,,non_compliant,Block Requirements,,,false,0,,2026-08-16
"Block Real Estate Services, LLC",69fdf74a62446148bd854b22,69fded1962446148bd848ef8,Salon Expose / Kim Medina,69fdef1003a2257cd27d8605,"3rd202 - D&H Properties - 80th Street {D&H Properties, LLC}",evidenceOfInsurance,Evidence of Insurance,excessOrUmbrellaLiability,Umbrella/Excess Liability,evidenceOfInsuranceExcessOrUmbrellaLiabilityEachOccurrence,Each Occurrence,,matchOnce,must be greater or equal to,1000000,,non_compliant,Block Requirements,,,false,0,,2026-08-16
"Block Real Estate Services, LLC",69fdf74a62446148bd854b22,69fded1962446148bd848ef8,Salon Expose / Kim Medina,69fdef1003a2257cd27d8605,"3rd202 - D&H Properties - 80th Street {D&H Properties, LLC}",evidenceOfInsurance,Evidence of Insurance,excessOrUmbrellaLiability,Umbrella/Excess Liability,evidenceOfInsuranceExcessOrUmbrellaLiabilityAggregate,Aggregate,,matchOnce,must be greater or equal to,1000000,,non_compliant,Block Requirements,,,false,0,,2026-08-16
"Block Real Estate Services, LLC",69fdf74a62446148bd854b22,69fded1962446148bd848ef8,Salon Expose / Kim Medina,69fdef1003a2257cd27d8605,"3rd202 - D&H Properties - 80th Street {D&H Properties, LLC}",evidenceOfInsurance,Evidence of Insurance,workersCompensation,Workers' Compensation and Employer's Liability,evidenceOfInsuranceWorkersCompensationStatutoryLimits,Statutory Limits,,matchOnce,must be present,,,non_compliant,Block Requirements,,,false,0,,2026-08-16
"Block Real Estate Services, LLC",69fdf74a62446148bd854b22,69fded1962446148bd848ef8,Salon Expose / Kim Medina,69fdef1003a2257cd27d8605,"3rd202 - D&H Properties - 80th Street {D&H Properties, LLC}",evidenceOfInsurance,Evidence of Insurance,workersCompensation,Workers' Compensation and Employer's Liability,evidenceOfInsuranceWorkersCompensationEmployersLiabilityEachAccident,Employer's Liability Each Accident,,matchOnce,must be greater or equal to,500000,,non_compliant,Block Requirements,,,false,0,,2026-08-16
"Block Real Estate Services, LLC",69fdf74a62446148bd854b22,69fded1962446148bd848ef8,Salon Expose / Kim Medina,69fdef1003a2257cd27d8605,"3rd202 - D&H Properties - 80th Street {D&H Properties, LLC}",evidenceOfInsurance,Evidence of Insurance,workersCompensation,Workers' Compensation and Employer's Liability,evidenceOfInsuranceWorkersCompensationEmployersLiabilityDiseaseEachEmployee,Employer's Liability Disease - each employee,,matchOnce,must be greater or equal to,500000,,non_compliant,Block Requirements,,,false,0,,2026-08-16
"Block Real Estate Services, LLC",69fdf74a62446148bd854b22,69fded1962446148bd848ef8,Salon Expose / Kim Medina,69fdef1003a2257cd27d8605,"3rd202 - D&H Properties - 80th Street {D&H Properties, LLC}",evidenceOfInsurance,Evidence of Insurance,workersCompensation,Workers' Compensation and Employer's Liability,evidenceOfInsuranceWorkersCompensationEmployersLiabilityDiseasePolicyLimit,Employer's Liability Disease - policy limit,,matchOnce,must be greater or equal to,500000,,non_compliant,Block Requirements,,,false,0,,2026-08-16
"Block Real Estate Services, LLC",69fdf74a62446148bd854b22,69fded1962446148bd848ef8,Salon Expose / Kim Medina,69fdef1003a2257cd27d8605,"3rd202 - D&H Properties - 80th Street {D&H Properties, LLC}",evidenceOfInsurance,Evidence of Insurance,workersCompensation,Workers' Compensation and Employer's Liability,evidenceOfInsuranceWorkersCompensationWaiverOfSubrogationEndorsement,Waiver of Subrogation,"---prompt---
Determine if the insurer has waived their right of subrogation in favor of the certificate holder under the Workers' Compensation policy. Evidence may include: a checked ""Waiver of Subrogation"" box on the certificate, mention in the Description of Operations section stating ""waiver of subrogation applies"", or reference to form WC 00 03 13. Look for language like ""subrogation is waived"" or ""per written contract"".",matchOnce,must be present,,,non_compliant,Block Requirements,,,false,0,,2026-08-16
"Block Real Estate Services, LLC",69fdf74a62446148bd854b22,69fded1962446148bd848ef8,Salon Expose / Kim Medina,69fdef1003a2257cd27d8605,"3rd202 - D&H Properties - 80th Street {D&H Properties, LLC}",evidenceOfInsurance,Evidence of Insurance,6ac20aae-5728-5d57-b364-aeba38527dba,Additional Requirements,4da5b0f1-4c9d-5885-8cf8-5d3cccaed3e0,"Block Real Estate Services, LLC and all others required by contract are named as Additional Insureds","---prompt---
Determine if the Description of Operations or the Additional Remarks Schedule section states the ""Additional Insured as Construction Management, Inc. and all others required by contract"" or reference to blanket additional insured coverage. Look for language like ""certificate holder is additional insured"" or ""per written contract"".",matchOnce,must be present,,,non_compliant,Block Requirements,,,true,0,,2026-08-16
"Block Real Estate Services, LLC",69fdf74a62446148bd854b22,69fded1962446148bd848ef8,Salon Expose / Kim Medina,69fdef1003a2257cd27d8605,"3rd202 - D&H Properties - 80th Street {D&H Properties, LLC}",evidenceOfInsurance,Evidence of Insurance,6ac20aae-5728-5d57-b364-aeba38527dba,Additional Requirements,e1017741-e47e-5f58-97b8-fbc3043e919f,Umbrella follows form over General Liability,"---prompt---
Determine if the Umbrella/Excess Liability policy follows form to the underlying policies. Evidence may include: language in the Description of Operations section stating the umbrella follows form to underlying coverages or an additional page endorsement stating that it follows form. Follow form means the umbrella policy adopts the same terms, conditions, and exclusions as the underlying policies.",matchOnce,must be present,,,non_compliant,Block Requirements,,,true,0,,2026-08-16
"Block Real Estate Services, LLC",69fdf74a62446148bd854b22,69fded1962446148bd848ef8,Salon Expose / Kim Medina,69fdef1003a2257cd27d8605,"3rd202 - D&H Properties - 80th Street {D&H Properties, LLC}",evidenceOfInsurance,Evidence of Insurance,6ac20aae-5728-5d57-b364-aeba38527dba,Additional Requirements,2cdd866f-c9a4-576a-afd8-1d045762790c,"The location must be listed as: 7333 W. 80th Street, Overland Park, KS, 66204",,matchOnce,must be present,,Present,compliant,Block Requirements,,,true,1,,2026-08-16
"Block Real Estate Services, LLC",69fdf74a62446148bd854b22,69fded1962446148bd848ef8,Salon Expose / Kim Medina,69fdef1003a2257cd27d8605,"3rd202 - D&H Properties - 80th Street {D&H Properties, LLC}",evidenceOfInsurance,Evidence of Insurance,6ac20aae-5728-5d57-b364-aeba38527dba,Additional Requirements,3649e9d1-4e09-59bf-8f30-cb33c40cf117,"Certificate Holder must read: c/o Block Real Estate Services, LLC, 4622 Pennsylvania St., Suite 700, Kansas City, MO, 64112",,matchOnce,must be present,,Present,compliant,Block Requirements,,,true,1,,2026-08-16
"Block Real Estate Services, LLC",69fdf74a62446148bd854b20,69fded1462446148bd848d78,Erin McCandless Massage,69fdef1003a2257cd27d8605,"3rd202 - D&H Properties - 80th Street {D&H Properties, LLC}",evidenceOfInsurance,Evidence of Insurance,commercialGeneralLiability,Commercial General Liability,evidenceOfInsuranceCommercialGeneralLiabilityCoverageTriggerOccurrence,Coverage Trigger: Occurrence,,matchOnce,must be present,,Present,compliant,Block Requirements,,,false,1,,2026-08-16
"Block Real Estate Services, LLC",69fdf74a62446148bd854b20,69fded1462446148bd848d78,Erin McCandless Massage,69fdef1003a2257cd27d8605,"3rd202 - D&H Properties - 80th Street {D&H Properties, LLC}",evidenceOfInsurance,Evidence of Insurance,commercialGeneralLiability,Commercial General Liability,evidenceOfInsuranceCommercialGeneralLiabilityGeneralAggregateLimitAppliesPerLocation,General Aggregate Limit Applies per: Location,,matchOnce,must be present,,,non_compliant,Block Requirements,,,false,0,,2026-08-16
"Block Real Estate Services, LLC",69fdf74a62446148bd854b20,69fded1462446148bd848d78,Erin McCandless Massage,69fdef1003a2257cd27d8605,"3rd202 - D&H Properties - 80th Street {D&H Properties, LLC}",evidenceOfInsurance,Evidence of Insurance,commercialGeneralLiability,Commercial General Liability,evidenceOfInsuranceCommercialGeneralLiabilityEachOccurrence,Each Occurrence,,matchOnce,must be greater or equal to,1000000,2000000,compliant,Block Requirements,,,false,1,,2026-08-16
"Block Real Estate Services, LLC",69fdf74a62446148bd854b20,69fded1462446148bd848d78,Erin McCandless Massage,69fdef1003a2257cd27d8605,"3rd202 - D&H Properties - 80th Street {D&H Properties, LLC}",evidenceOfInsurance,Evidence of Insurance,commercialGeneralLiability,Commercial General Liability,evidenceOfInsuranceCommercialGeneralLiabilityGeneralAggregate,General Aggregate,,matchOnce,must be greater or equal to,2000000,6000000,compliant,Block Requirements,,,false,1,,2026-08-16
"Block Real Estate Services, LLC",69fdf74a62446148bd854b20,69fded1462446148bd848d78,Erin McCandless Massage,69fdef1003a2257cd27d8605,"3rd202 - D&H Properties - 80th Street {D&H Properties, LLC}",evidenceOfInsurance,Evidence of Insurance,commercialGeneralLiability,Commercial General Liability,evidenceOfInsuranceCommercialGeneralLiabilityWaiverOfSubrogationEndorsement,Waiver of Subrogation,"---prompt---
Determine if the insurer has waived their right of subrogation in favor of the certificate holder under the Commercial General Liability policy. Evidence may include: a checked ""Waiver of Subrogation"" box on the certificate, mention in the Description of Operations section stating ""waiver of subrogation applies"", or reference to form CG 24 04. Look for language like ""subrogation is waived"" or ""per written contract"".",matchOnce,must be present,,,non_compliant,Block Requirements,,,false,0,,2026-08-16
"Block Real Estate Services, LLC",69fdf74a62446148bd854b20,69fded1462446148bd848d78,Erin McCandless Massage,69fdef1003a2257cd27d8605,"3rd202 - D&H Properties - 80th Street {D&H Properties, LLC}",evidenceOfInsurance,Evidence of Insurance,excessOrUmbrellaLiability,Umbrella/Excess Liability,evidenceOfInsuranceExcessOrUmbrellaLiabilityOccurence,Coverage Trigger: Occurrence,,matchOnce,must be present,,,non_compliant,Block Requirements,,,false,0,,2026-08-16
"Block Real Estate Services, LLC",69fdf74a62446148bd854b20,69fded1462446148bd848d78,Erin McCandless Massage,69fdef1003a2257cd27d8605,"3rd202 - D&H Properties - 80th Street {D&H Properties, LLC}",evidenceOfInsurance,Evidence of Insurance,excessOrUmbrellaLiability,Umbrella/Excess Liability,evidenceOfInsuranceExcessOrUmbrellaLiabilityEachOccurrence,Each Occurrence,,matchOnce,must be greater or equal to,1000000,,non_compliant,Block Requirements,,,false,0,,2026-08-16
"Block Real Estate Services, LLC",69fdf74a62446148bd854b20,69fded1462446148bd848d78,Erin McCandless Massage,69fdef1003a2257cd27d8605,"3rd202 - D&H Properties - 80th Street {D&H Properties, LLC}",evidenceOfInsurance,Evidence of Insurance,excessOrUmbrellaLiability,Umbrella/Excess Liability,evidenceOfInsuranceExcessOrUmbrellaLiabilityAggregate,Aggregate,,matchOnce,must be greater or equal to,1000000,,non_compliant,Block Requirements,,,false,0,,2026-08-16
"Block Real Estate Services, LLC",69fdf74a62446148bd854b20,69fded1462446148bd848d78,Erin McCandless Massage,69fdef1003a2257cd27d8605,"3rd202 - D&H Properties - 80th Street {D&H Properties, LLC}",evidenceOfInsurance,Evidence of Insurance,workersCompensation,Workers' Compensation and Employer's Liability,evidenceOfInsuranceWorkersCompensationStatutoryLimits,Statutory Limits,,matchOnce,must be present,,,non_compliant,Block Requirements,,,false,0,,2026-08-16
"Block Real Estate Services, LLC",69fdf74a62446148bd854b20,69fded1462446148bd848d78,Erin McCandless Massage,69fdef1003a2257cd27d8605,"3rd202 - D&H Properties - 80th Street {D&H Properties, LLC}",evidenceOfInsurance,Evidence of Insurance,workersCompensation,Workers' Compensation and Employer's Liability,evidenceOfInsuranceWorkersCompensationEmployersLiabilityEachAccident,Employer's Liability Each Accident,,matchOnce,must be greater or equal to,500000,,non_compliant,Block Requirements,,,false,0,,2026-08-16
"Block Real Estate Services, LLC",69fdf74a62446148bd854b20,69fded1462446148bd848d78,Erin McCandless Massage,69fdef1003a2257cd27d8605,"3rd202 - D&H Properties - 80th Street {D&H Properties, LLC}",evidenceOfInsurance,Evidence of Insurance,workersCompensation,Workers' Compensation and Employer's Liability,evidenceOfInsuranceWorkersCompensationEmployersLiabilityDiseaseEachEmployee,Employer's Liability Disease - each employee,,matchOnce,must be greater or equal to,500000,,non_compliant,Block Requirements,,,false,0,,2026-08-16
"Block Real Estate Services, LLC",69fdf74a62446148bd854b20,69fded1462446148bd848d78,Erin McCandless Massage,69fdef1003a2257cd27d8605,"3rd202 - D&H Properties - 80th Street {D&H Properties, LLC}",evidenceOfInsurance,Evidence of Insurance,workersCompensation,Workers' Compensation and Employer's Liability,evidenceOfInsuranceWorkersCompensationEmployersLiabilityDiseasePolicyLimit,Employer's Liability Disease - policy limit,,matchOnce,must be greater or equal to,500000,,non_compliant,Block Requirements,,,false,0,,2026-08-16
"Block Real Estate Services, LLC",69fdf74a62446148bd854b20,69fded1462446148bd848d78,Erin McCandless Massage,69fdef1003a2257cd27d8605,"3rd202 - D&H Properties - 80th Street {D&H Properties, LLC}",evidenceOfInsurance,Evidence of Insurance,workersCompensation,Workers' Compensation and Employer's Liability,evidenceOfInsuranceWorkersCompensationWaiverOfSubrogationEndorsement,Waiver of Subrogation,"---prompt---
Determine if the insurer has waived their right of subrogation in favor of the certificate holder under the Workers' Compensation policy. Evidence may include: a checked ""Waiver of Subrogation"" box on the certificate, mention in the Description of Operations section stating ""waiver of subrogation applies"", or reference to form WC 00 03 13. Look for language like ""subrogation is waived"" or ""per written contract"".",matchOnce,must be present,,,non_compliant,Block Requirements,,,false,0,,2026-08-16
"Block Real Estate Services, LLC",69fdf74a62446148bd854b20,69fded1462446148bd848d78,Erin McCandless Massage,69fdef1003a2257cd27d8605,"3rd202 - D&H Properties - 80th Street {D&H Properties, LLC}",evidenceOfInsurance,Evidence of Insurance,6ac20aae-5728-5d57-b364-aeba38527dba,Additional Requirements,4da5b0f1-4c9d-5885-8cf8-5d3cccaed3e0,"Block Real Estate Services, LLC and all others required by contract are named as Additional Insureds","---prompt---
Determine if the Description of Operations or the Additional Remarks Schedule section states the ""Additional Insured as Construction Management, Inc. and all others required by contract"" or reference to blanket additional insured coverage. Look for language like ""certificate holder is additional insured"" or ""per written contract"".",matchOnce,must be present,,,non_compliant,Block Requirements,,,true,0,,2026-08-16
"Block Real Estate Services, LLC",69fdf74a62446148bd854b20,69fded1462446148bd848d78,Erin McCandless Massage,69fdef1003a2257cd27d8605,"3rd202 - D&H Properties - 80th Street {D&H Properties, LLC}",evidenceOfInsurance,Evidence of Insurance,6ac20aae-5728-5d57-b364-aeba38527dba,Additional Requirements,e1017741-e47e-5f58-97b8-fbc3043e919f,Umbrella follows form over General Liability,"---prompt---
Determine if the Umbrella/Excess Liability policy follows form to the underlying policies. Evidence may include: language in the Description of Operations section stating the umbrella follows form to underlying coverages or an additional page endorsement stating that it follows form. Follow form means the umbrella policy adopts the same terms, conditions, and exclusions as the underlying policies.",matchOnce,must be present,,,non_compliant,Block Requirements,,,true,0,,2026-08-16
"Block Real Estate Services, LLC",69fdf74a62446148bd854b20,69fded1462446148bd848d78,Erin McCandless Massage,69fdef1003a2257cd27d8605,"3rd202 - D&H Properties - 80th Street {D&H Properties, LLC}",evidenceOfInsurance,Evidence of Insurance,6ac20aae-5728-5d57-b364-aeba38527dba,Additional Requirements,2cdd866f-c9a4-576a-afd8-1d045762790c,"The location must be listed as: 7335 W. 80th Street, Overland Park, KS, 66204",,matchOnce,must be present,,,non_compliant,Block Requirements,,,true,0,,2026-08-16
"Block Real Estate Services, LLC",69fdf74a62446148bd854b20,69fded1462446148bd848d78,Erin McCandless Massage,69fdef1003a2257cd27d8605,"3rd202 - D&H Properties - 80th Street {D&H Properties, LLC}",evidenceOfInsurance,Evidence of Insurance,6ac20aae-5728-5d57-b364-aeba38527dba,Additional Requirements,3649e9d1-4e09-59bf-8f30-cb33c40cf117,"Certificate Holder must read: c/o Block Real Estate Services, LLC, 4622 Pennsylvania St., Suite 700, Kansas City, MO, 64112",,matchOnce,must be present,,,non_compliant,Block Requirements,,,true,0,,2026-08-16
"Block Real Estate Services, LLC",69fdf74a62446148bd854b21,69fded1762446148bd848e6e,Hot Dog Design LLC,69fdef1003a2257cd27d8605,"3rd202 - D&H Properties - 80th Street {D&H Properties, LLC}",evidenceOfInsurance,Evidence of Insurance,commercialGeneralLiability,Commercial General Liability,evidenceOfInsuranceCommercialGeneralLiabilityCoverageTriggerOccurrence,Coverage Trigger: Occurrence,,matchOnce,must be present,,Present,compliant,Block Requirements,,,false,1,,2026-08-16
"Block Real Estate Services, LLC",69fdf74a62446148bd854b21,69fded1762446148bd848e6e,Hot Dog Design LLC,69fdef1003a2257cd27d8605,"3rd202 - D&H Properties - 80th Street {D&H Properties, LLC}",evidenceOfInsurance,Evidence of Insurance,commercialGeneralLiability,Commercial General Liability,evidenceOfInsuranceCommercialGeneralLiabilityGeneralAggregateLimitAppliesPerLocation,General Aggregate Limit Applies per: Location,,matchOnce,must be present,,Present,compliant,Block Requirements,,,false,1,,2026-08-16
"Block Real Estate Services, LLC",69fdf74a62446148bd854b21,69fded1762446148bd848e6e,Hot Dog Design LLC,69fdef1003a2257cd27d8605,"3rd202 - D&H Properties - 80th Street {D&H Properties, LLC}",evidenceOfInsurance,Evidence of Insurance,commercialGeneralLiability,Commercial General Liability,evidenceOfInsuranceCommercialGeneralLiabilityEachOccurrence,Each Occurrence,,matchOnce,must be greater or equal to,1000000,1000000,compliant,Block Requirements,,,false,2,,2026-08-16
"Block Real Estate Services, LLC",69fdf74a62446148bd854b21,69fded1762446148bd848e6e,Hot Dog Design LLC,69fdef1003a2257cd27d8605,"3rd202 - D&H Properties - 80th Street {D&H Properties, LLC}",evidenceOfInsurance,Evidence of Insurance,commercialGeneralLiability,Commercial General Liability,evidenceOfInsuranceCommercialGeneralLiabilityGeneralAggregate,General Aggregate,,matchOnce,must be greater or equal to,2000000,2000000,compliant,Block Requirements,,,false,2,,2026-08-16
"Block Real Estate Services, LLC",69fdf74a62446148bd854b21,69fded1762446148bd848e6e,Hot Dog Design LLC,69fdef1003a2257cd27d8605,"3rd202 - D&H Properties - 80th Street {D&H Properties, LLC}",evidenceOfInsurance,Evidence of Insurance,commercialGeneralLiability,Commercial General Liability,evidenceOfInsuranceCommercialGeneralLiabilityWaiverOfSubrogationEndorsement,Waiver of Subrogation,"---prompt---
Determine if the insurer has waived their right of subrogation in favor of the certificate holder under the Commercial General Liability policy. Evidence may include: a checked ""Waiver of Subrogation"" box on the certificate, mention in the Description of Operations section stating ""waiver of subrogation applies"", or reference to form CG 24 04. Look for language like ""subrogation is waived"" or ""per written contract"".",matchOnce,must be present,,Present,compliant,Block Requirements,,,false,1,,2026-08-16
"Block Real Estate Services, LLC",69fdf74a62446148bd854b21,69fded1762446148bd848e6e,Hot Dog Design LLC,69fdef1003a2257cd27d8605,"3rd202 - D&H Properties - 80th Street {D&H Properties, LLC}",evidenceOfInsurance,Evidence of Insurance,excessOrUmbrellaLiability,Umbrella/Excess Liability,evidenceOfInsuranceExcessOrUmbrellaLiabilityOccurence,Coverage Trigger: Occurrence,,matchOnce,must be present,,,non_compliant,Block Requirements,,,false,0,,2026-08-16
"Block Real Estate Services, LLC",69fdf74a62446148bd854b21,69fded1762446148bd848e6e,Hot Dog Design LLC,69fdef1003a2257cd27d8605,"3rd202 - D&H Properties - 80th Street {D&H Properties, LLC}",evidenceOfInsurance,Evidence of Insurance,excessOrUmbrellaLiability,Umbrella/Excess Liability,evidenceOfInsuranceExcessOrUmbrellaLiabilityEachOccurrence,Each Occurrence,,matchOnce,must be greater or equal to,1000000,,non_compliant,Block Requirements,,,false,0,,2026-08-16
"Block Real Estate Services, LLC",69fdf74a62446148bd854b21,69fded1762446148bd848e6e,Hot Dog Design LLC,69fdef1003a2257cd27d8605,"3rd202 - D&H Properties - 80th Street {D&H Properties, LLC}",evidenceOfInsurance,Evidence of Insurance,excessOrUmbrellaLiability,Umbrella/Excess Liability,evidenceOfInsuranceExcessOrUmbrellaLiabilityAggregate,Aggregate,,matchOnce,must be greater or equal to,1000000,,non_compliant,Block Requirements,,,false,0,,2026-08-16
"Block Real Estate Services, LLC",69fdf74a62446148bd854b21,69fded1762446148bd848e6e,Hot Dog Design LLC,69fdef1003a2257cd27d8605,"3rd202 - D&H Properties - 80th Street {D&H Properties, LLC}",evidenceOfInsurance,Evidence of Insurance,workersCompensation,Workers' Compensation and Employer's Liability,evidenceOfInsuranceWorkersCompensationStatutoryLimits,Statutory Limits,,matchOnce,must be present,,Present,compliant,Block Requirements,,,false,1,,2026-08-16
"Block Real Estate Services, LLC",69fdf74a62446148bd854b21,69fded1762446148bd848e6e,Hot Dog Design LLC,69fdef1003a2257cd27d8605,"3rd202 - D&H Properties - 80th Street {D&H Properties, LLC}",evidenceOfInsurance,Evidence of Insurance,workersCompensation,Workers' Compensation and Employer's Liability,evidenceOfInsuranceWorkersCompensationEmployersLiabilityEachAccident,Employer's Liability Each Accident,,matchOnce,must be greater or equal to,500000,100000,non_compliant,Block Requirements,,,false,1,,2026-08-16
"Block Real Estate Services, LLC",69fdf74a62446148bd854b21,69fded1762446148bd848e6e,Hot Dog Design LLC,69fdef1003a2257cd27d8605,"3rd202 - D&H Properties - 80th Street {D&H Properties, LLC}",evidenceOfInsurance,Evidence of Insurance,workersCompensation,Workers' Compensation and Employer's Liability,evidenceOfInsuranceWorkersCompensationEmployersLiabilityDiseaseEachEmployee,Employer's Liability Disease - each employee,,matchOnce,must be greater or equal to,500000,100000,non_compliant,Block Requirements,,,false,1,,2026-08-16
"Block Real Estate Services, LLC",69fdf74a62446148bd854b21,69fded1762446148bd848e6e,Hot Dog Design LLC,69fdef1003a2257cd27d8605,"3rd202 - D&H Properties - 80th Street {D&H Properties, LLC}",evidenceOfInsurance,Evidence of Insurance,workersCompensation,Workers' Compensation and Employer's Liability,evidenceOfInsuranceWorkersCompensationEmployersLiabilityDiseasePolicyLimit,Employer's Liability Disease - policy limit,,matchOnce,must be greater or equal to,500000,500000,compliant,Block Requirements,,,false,1,,2026-08-16
"Block Real Estate Services, LLC",69fdf74a62446148bd854b21,69fded1762446148bd848e6e,Hot Dog Design LLC,69fdef1003a2257cd27d8605,"3rd202 - D&H Properties - 80th Street {D&H Properties, LLC}",evidenceOfInsurance,Evidence of Insurance,workersCompensation,Workers' Compensation and Employer's Liability,evidenceOfInsuranceWorkersCompensationWaiverOfSubrogationEndorsement,Waiver of Subrogation,"---prompt---
Determine if the insurer has waived their right of subrogation in favor of the certificate holder under the Workers' Compensation policy. Evidence may include: a checked ""Waiver of Subrogation"" box on the certificate, mention in the Description of Operations section stating ""waiver of subrogation applies"", or reference to form WC 00 03 13. Look for language like ""subrogation is waived"" or ""per written contract"".",matchOnce,must be present,,Present,compliant,Block Requirements,,,false,1,,2026-08-16
"Block Real Estate Services, LLC",69fdf74a62446148bd854b21,69fded1762446148bd848e6e,Hot Dog Design LLC,69fdef1003a2257cd27d8605,"3rd202 - D&H Properties - 80th Street {D&H Properties, LLC}",evidenceOfInsurance,Evidence of Insurance,6ac20aae-5728-5d57-b364-aeba38527dba,Additional Requirements,4da5b0f1-4c9d-5885-8cf8-5d3cccaed3e0,"Block Real Estate Services, LLC and all others required by contract are named as Additional Insureds","---prompt---
Determine if the Description of Operations or the Additional Remarks Schedule section states the ""Additional Insured as Construction Management, Inc. and all others required by contract"" or reference to blanket additional insured coverage. Look for language like ""certificate holder is additional insured"" or ""per written contract"".",matchOnce,must be present,,,non_compliant,Block Requirements,,,true,0,,2026-08-16
"Block Real Estate Services, LLC",69fdf74a62446148bd854b21,69fded1762446148bd848e6e,Hot Dog Design LLC,69fdef1003a2257cd27d8605,"3rd202 - D&H Properties - 80th Street {D&H Properties, LLC}",evidenceOfInsurance,Evidence of Insurance,6ac20aae-5728-5d57-b364-aeba38527dba,Additional Requirements,e1017741-e47e-5f58-97b8-fbc3043e919f,Umbrella follows form over General Liability,"---prompt---
Determine if the Umbrella/Excess Liability policy follows form to the underlying policies. Evidence may include: language in the Description of Operations section stating the umbrella follows form to underlying coverages or an additional page endorsement stating that it follows form. Follow form means the umbrella policy adopts the same terms, conditions, and exclusions as the underlying policies.",matchOnce,must be present,,,non_compliant,Block Requirements,,,true,0,,2026-08-16
"Block Real Estate Services, LLC",69fdf74a62446148bd854b21,69fded1762446148bd848e6e,Hot Dog Design LLC,69fdef1003a2257cd27d8605,"3rd202 - D&H Properties - 80th Street {D&H Properties, LLC}",evidenceOfInsurance,Evidence of Insurance,6ac20aae-5728-5d57-b364-aeba38527dba,Additional Requirements,2cdd866f-c9a4-576a-afd8-1d045762790c,"The location must be listed as: 7331C W. 80th Street, Overland Park, KS, 66204",,matchOnce,must be present,,,non_compliant,Block Requirements,,,true,0,,2026-08-16
"Block Real Estate Services, LLC",69fdf74a62446148bd854b21,69fded1762446148bd848e6e,Hot Dog Design LLC,69fdef1003a2257cd27d8605,"3rd202 - D&H Properties - 80th Street {D&H Properties, LLC}",evidenceOfInsurance,Evidence of Insurance,6ac20aae-5728-5d57-b364-aeba38527dba,Additional Requirements,3649e9d1-4e09-59bf-8f30-cb33c40cf117,"Certificate Holder must read: c/o Block Real Estate Services, LLC, 4622 Pennsylvania St., Suite 700, Kansas City, MO, 64112",,matchOnce,must be present,,,non_compliant,Block Requirements,,,true,0,,2026-08-16
"Block Real Estate Services, LLC",69fdf74a62446148bd854b1e,69fded1162446148bd848ca3,Converge LLC,69fdef1003a2257cd27d8605,"3rd202 - D&H Properties - 80th Street {D&H Properties, LLC}",evidenceOfInsurance,Evidence of Insurance,commercialGeneralLiability,Commercial General Liability,evidenceOfInsuranceCommercialGeneralLiabilityCoverageTriggerOccurrence,Coverage Trigger: Occurrence,,matchOnce,must be present,,,non_compliant,Block Requirements,,,false,0,,2026-08-16
"Block Real Estate Services, LLC",69fdf74a62446148bd854b1e,69fded1162446148bd848ca3,Converge LLC,69fdef1003a2257cd27d8605,"3rd202 - D&H Properties - 80th Street {D&H Properties, LLC}",evidenceOfInsurance,Evidence of Insurance,commercialGeneralLiability,Commercial General Liability,evidenceOfInsuranceCommercialGeneralLiabilityGeneralAggregateLimitAppliesPerLocation,General Aggregate Limit Applies per: Location,,matchOnce,must be present,,,non_compliant,Block Requirements,,,false,0,,2026-08-16
"Block Real Estate Services, LLC",69fdf74a62446148bd854b1e,69fded1162446148bd848ca3,Converge LLC,69fdef1003a2257cd27d8605,"3rd202 - D&H Properties - 80th Street {D&H Properties, LLC}",evidenceOfInsurance,Evidence of Insurance,commercialGeneralLiability,Commercial General Liability,evidenceOfInsuranceCommercialGeneralLiabilityEachOccurrence,Each Occurrence,,matchOnce,must be greater or equal to,1000000,1000000,compliant,Block Requirements,,,false,1,,2026-08-16
"Block Real Estate Services, LLC",69fdf74a62446148bd854b1e,69fded1162446148bd848ca3,Converge LLC,69fdef1003a2257cd27d8605,"3rd202 - D&H Properties - 80th Street {D&H Properties, LLC}",evidenceOfInsurance,Evidence of Insurance,commercialGeneralLiability,Commercial General Liability,evidenceOfInsuranceCommercialGeneralLiabilityGeneralAggregate,General Aggregate,,matchOnce,must be greater or equal to,2000000,3000000,compliant,Block Requirements,,,false,1,,2026-08-16
"Block Real Estate Services, LLC",69fdf74a62446148bd854b1e,69fded1162446148bd848ca3,Converge LLC,69fdef1003a2257cd27d8605,"3rd202 - D&H Properties - 80th Street {D&H Properties, LLC}",evidenceOfInsurance,Evidence of Insurance,commercialGeneralLiability,Commercial General Liability,evidenceOfInsuranceCommercialGeneralLiabilityWaiverOfSubrogationEndorsement,Waiver of Subrogation,"---prompt---
Determine if the insurer has waived their right of subrogation in favor of the certificate holder under the Commercial General Liability policy. Evidence may include: a checked ""Waiver of Subrogation"" box on the certificate, mention in the Description of Operations section stating ""waiver of subrogation applies"", or reference to form CG 24 04. Look for language like ""subrogation is waived"" or ""per written contract"".",matchOnce,must be present,,,non_compliant,Block Requirements,,,false,0,,2026-08-16
"Block Real Estate Services, LLC",69fdf74a62446148bd854b1e,69fded1162446148bd848ca3,Converge LLC,69fdef1003a2257cd27d8605,"3rd202 - D&H Properties - 80th Street {D&H Properties, LLC}",evidenceOfInsurance,Evidence of Insurance,excessOrUmbrellaLiability,Umbrella/Excess Liability,evidenceOfInsuranceExcessOrUmbrellaLiabilityOccurence,Coverage Trigger: Occurrence,,matchOnce,must be present,,,non_compliant,Block Requirements,,,false,0,,2026-08-16
"Block Real Estate Services, LLC",69fdf74a62446148bd854b1e,69fded1162446148bd848ca3,Converge LLC,69fdef1003a2257cd27d8605,"3rd202 - D&H Properties - 80th Street {D&H Properties, LLC}",evidenceOfInsurance,Evidence of Insurance,excessOrUmbrellaLiability,Umbrella/Excess Liability,evidenceOfInsuranceExcessOrUmbrellaLiabilityEachOccurrence,Each Occurrence,,matchOnce,must be greater or equal to,1000000,,non_compliant,Block Requirements,,,false,0,,2026-08-16
"Block Real Estate Services, LLC",69fdf74a62446148bd854b1e,69fded1162446148bd848ca3,Converge LLC,69fdef1003a2257cd27d8605,"3rd202 - D&H Properties - 80th Street {D&H Properties, LLC}",evidenceOfInsurance,Evidence of Insurance,excessOrUmbrellaLiability,Umbrella/Excess Liability,evidenceOfInsuranceExcessOrUmbrellaLiabilityAggregate,Aggregate,,matchOnce,must be greater or equal to,1000000,,non_compliant,Block Requirements,,,false,0,,2026-08-16
"Block Real Estate Services, LLC",69fdf74a62446148bd854b1e,69fded1162446148bd848ca3,Converge LLC,69fdef1003a2257cd27d8605,"3rd202 - D&H Properties - 80th Street {D&H Properties, LLC}",evidenceOfInsurance,Evidence of Insurance,workersCompensation,Workers' Compensation and Employer's Liability,evidenceOfInsuranceWorkersCompensationStatutoryLimits,Statutory Limits,,matchOnce,must be present,,,non_compliant,Block Requirements,,,false,0,,2026-08-16
"Block Real Estate Services, LLC",69fdf74a62446148bd854b1e,69fded1162446148bd848ca3,Converge LLC,69fdef1003a2257cd27d8605,"3rd202 - D&H Properties - 80th Street {D&H Properties, LLC}",evidenceOfInsurance,Evidence of Insurance,workersCompensation,Workers' Compensation and Employer's Liability,evidenceOfInsuranceWorkersCompensationEmployersLiabilityEachAccident,Employer's Liability Each Accident,,matchOnce,must be greater or equal to,500000,,non_compliant,Block Requirements,,,false,0,,2026-08-16
"Block Real Estate Services, LLC",69fdf74a62446148bd854b1e,69fded1162446148bd848ca3,Converge LLC,69fdef1003a2257cd27d8605,"3rd202 - D&H Properties - 80th Street {D&H Properties, LLC}",evidenceOfInsurance,Evidence of Insurance,workersCompensation,Workers' Compensation and Employer's Liability,evidenceOfInsuranceWorkersCompensationEmployersLiabilityDiseaseEachEmployee,Employer's Liability Disease - each employee,,matchOnce,must be greater or equal to,500000,,non_compliant,Block Requirements,,,false,0,,2026-08-16
"Block Real Estate Services, LLC",69fdf74a62446148bd854b1e,69fded1162446148bd848ca3,Converge LLC,69fdef1003a2257cd27d8605,"3rd202 - D&H Properties - 80th Street {D&H Properties, LLC}",evidenceOfInsurance,Evidence of Insurance,workersCompensation,Workers' Compensation and Employer's Liability,evidenceOfInsuranceWorkersCompensationEmployersLiabilityDiseasePolicyLimit,Employer's Liability Disease - policy limit,,matchOnce,must be greater or equal to,500000,,non_compliant,Block Requirements,,,false,0,,2026-08-16
"Block Real Estate Services, LLC",69fdf74a62446148bd854b1e,69fded1162446148bd848ca3,Converge LLC,69fdef1003a2257cd27d8605,"3rd202 - D&H Properties - 80th Street {D&H Properties, LLC}",evidenceOfInsurance,Evidence of Insurance,workersCompensation,Workers' Compensation and Employer's Liability,evidenceOfInsuranceWorkersCompensationWaiverOfSubrogationEndorsement,Waiver of Subrogation,"---prompt---
Determine if the insurer has waived their right of subrogation in favor of the certificate holder under the Workers' Compensation policy. Evidence may include: a checked ""Waiver of Subrogation"" box on the certificate, mention in the Description of Operations section stating ""waiver of subrogation applies"", or reference to form WC 00 03 13. Look for language like ""subrogation is waived"" or ""per written contract"".",matchOnce,must be present,,,non_compliant,Block Requirements,,,false,0,,2026-08-16
"Block Real Estate Services, LLC",69fdf74a62446148bd854b1e,69fded1162446148bd848ca3,Converge LLC,69fdef1003a2257cd27d8605,"3rd202 - D&H Properties - 80th Street {D&H Properties, LLC}",evidenceOfInsurance,Evidence of Insurance,6ac20aae-5728-5d57-b364-aeba38527dba,Additional Requirements,4da5b0f1-4c9d-5885-8cf8-5d3cccaed3e0,"Block Real Estate Services, LLC and all others required by contract are named as Additional Insureds","---prompt---
Determine if the Description of Operations or the Additional Remarks Schedule section states the ""Additional Insured as Construction Management, Inc. and all others required by contract"" or reference to blanket additional insured coverage. Look for language like ""certificate holder is additional insured"" or ""per written contract"".",matchOnce,must be present,,Present,compliant,Block Requirements,,,true,1,,2026-08-16
"Block Real Estate Services, LLC",69fdf74a62446148bd854b1e,69fded1162446148bd848ca3,Converge LLC,69fdef1003a2257cd27d8605,"3rd202 - D&H Properties - 80th Street {D&H Properties, LLC}",evidenceOfInsurance,Evidence of Insurance,6ac20aae-5728-5d57-b364-aeba38527dba,Additional Requirements,e1017741-e47e-5f58-97b8-fbc3043e919f,Umbrella follows form over General Liability,"---prompt---
Determine if the Umbrella/Excess Liability policy follows form to the underlying policies. Evidence may include: language in the Description of Operations section stating the umbrella follows form to underlying coverages or an additional page endorsement stating that it follows form. Follow form means the umbrella policy adopts the same terms, conditions, and exclusions as the underlying policies.",matchOnce,must be present,,,non_compliant,Block Requirements,,,true,0,,2026-08-16
"Block Real Estate Services, LLC",69fdf74a62446148bd854b1e,69fded1162446148bd848ca3,Converge LLC,69fdef1003a2257cd27d8605,"3rd202 - D&H Properties - 80th Street {D&H Properties, LLC}",evidenceOfInsurance,Evidence of Insurance,6ac20aae-5728-5d57-b364-aeba38527dba,Additional Requirements,2cdd866f-c9a4-576a-afd8-1d045762790c,"The location must be listed as: 7331A W. 80th Street, Overland Park, KS, 66204",,matchOnce,must be present,,Present,compliant,Block Requirements,,,true,1,,2026-08-16
"Block Real Estate Services, LLC",69fdf74a62446148bd854b1e,69fded1162446148bd848ca3,Converge LLC,69fdef1003a2257cd27d8605,"3rd202 - D&H Properties - 80th Street {D&H Properties, LLC}",evidenceOfInsurance,Evidence of Insurance,6ac20aae-5728-5d57-b364-aeba38527dba,Additional Requirements,3649e9d1-4e09-59bf-8f30-cb33c40cf117,"Certificate Holder must read: c/o Block Real Estate Services, LLC, 4622 Pennsylvania St., Suite 700, Kansas City, MO, 64112",,matchOnce,must be present,,Present,compliant,Block Requirements,,,true,1,,2026-08-16
"Block Real Estate Services, LLC",69fdf74a62446148bd854b23,69fded2162446148bd8491cb,Summit Heating & Cooling LLC,69fdef1003a2257cd27d8605,"3rd202 - D&H Properties - 80th Street {D&H Properties, LLC}",evidenceOfInsurance,Evidence of Insurance,commercialGeneralLiability,Commercial General Liability,evidenceOfInsuranceCommercialGeneralLiabilityCoverageTriggerOccurrence,Coverage Trigger: Occurrence,,matchOnce,must be present,,Present,compliant,Block Requirements,,,false,1,,2026-08-16
"Block Real Estate Services, LLC",69fdf74a62446148bd854b23,69fded2162446148bd8491cb,Summit Heating & Cooling LLC,69fdef1003a2257cd27d8605,"3rd202 - D&H Properties - 80th Street {D&H Properties, LLC}",evidenceOfInsurance,Evidence of Insurance,commercialGeneralLiability,Commercial General Liability,evidenceOfInsuranceCommercialGeneralLiabilityGeneralAggregateLimitAppliesPerLocation,General Aggregate Limit Applies per: Location,,matchOnce,must be present,,Present,compliant,Block Requirements,,,false,1,,2026-08-16
"Block Real Estate Services, LLC",69fdf74a62446148bd854b23,69fded2162446148bd8491cb,Summit Heating & Cooling LLC,69fdef1003a2257cd27d8605,"3rd202 - D&H Properties - 80th Street {D&H Properties, LLC}",evidenceOfInsurance,Evidence of Insurance,commercialGeneralLiability,Commercial General Liability,evidenceOfInsuranceCommercialGeneralLiabilityEachOccurrence,Each Occurrence,,matchOnce,must be greater or equal to,1000000,1000000,compliant,Block Requirements,,,false,1,,2026-08-16
"Block Real Estate Services, LLC",69fdf74a62446148bd854b23,69fded2162446148bd8491cb,Summit Heating & Cooling LLC,69fdef1003a2257cd27d8605,"3rd202 - D&H Properties - 80th Street {D&H Properties, LLC}",evidenceOfInsurance,Evidence of Insurance,commercialGeneralLiability,Commercial General Liability,evidenceOfInsuranceCommercialGeneralLiabilityGeneralAggregate,General Aggregate,,matchOnce,must be greater or equal to,2000000,2000000,compliant,Block Requirements,,,false,1,,2026-08-16
"Block Real Estate Services, LLC",69fdf74a62446148bd854b23,69fded2162446148bd8491cb,Summit Heating & Cooling LLC,69fdef1003a2257cd27d8605,"3rd202 - D&H Properties - 80th Street {D&H Properties, LLC}",evidenceOfInsurance,Evidence of Insurance,commercialGeneralLiability,Commercial General Liability,evidenceOfInsuranceCommercialGeneralLiabilityWaiverOfSubrogationEndorsement,Waiver of Subrogation,"---prompt---
Determine if the insurer has waived their right of subrogation in favor of the certificate holder under the Commercial General Liability policy. Evidence may include: a checked ""Waiver of Subrogation"" box on the certificate, mention in the Description of Operations section stating ""waiver of subrogation applies"", or reference to form CG 24 04. Look for language like ""subrogation is waived"" or ""per written contract"".",matchOnce,must be present,,Present,compliant,Block Requirements,,,false,1,,2026-08-16
"Block Real Estate Services, LLC",69fdf74a62446148bd854b23,69fded2162446148bd8491cb,Summit Heating & Cooling LLC,69fdef1003a2257cd27d8605,"3rd202 - D&H Properties - 80th Street {D&H Properties, LLC}",evidenceOfInsurance,Evidence of Insurance,excessOrUmbrellaLiability,Umbrella/Excess Liability,evidenceOfInsuranceExcessOrUmbrellaLiabilityOccurence,Coverage Trigger: Occurrence,,matchOnce,must be present,,Present,compliant,Block Requirements,,,false,1,,2026-08-16
"Block Real Estate Services, LLC",69fdf74a62446148bd854b23,69fded2162446148bd8491cb,Summit Heating & Cooling LLC,69fdef1003a2257cd27d8605,"3rd202 - D&H Properties - 80th Street {D&H Properties, LLC}",evidenceOfInsurance,Evidence of Insurance,excessOrUmbrellaLiability,Umbrella/Excess Liability,evidenceOfInsuranceExcessOrUmbrellaLiabilityEachOccurrence,Each Occurrence,,matchOnce,must be greater or equal to,1000000,5000000,compliant,Block Requirements,,,false,1,,2026-08-16
"Block Real Estate Services, LLC",69fdf74a62446148bd854b23,69fded2162446148bd8491cb,Summit Heating & Cooling LLC,69fdef1003a2257cd27d8605,"3rd202 - D&H Properties - 80th Street {D&H Properties, LLC}",evidenceOfInsurance,Evidence of Insurance,excessOrUmbrellaLiability,Umbrella/Excess Liability,evidenceOfInsuranceExcessOrUmbrellaLiabilityAggregate,Aggregate,,matchOnce,must be greater or equal to,1000000,5000000,compliant,Block Requirements,,,false,1,,2026-08-16
"Block Real Estate Services, LLC",69fdf74a62446148bd854b23,69fded2162446148bd8491cb,Summit Heating & Cooling LLC,69fdef1003a2257cd27d8605,"3rd202 - D&H Properties - 80th Street {D&H Properties, LLC}",evidenceOfInsurance,Evidence of Insurance,workersCompensation,Workers' Compensation and Employer's Liability,evidenceOfInsuranceWorkersCompensationStatutoryLimits,Statutory Limits,,matchOnce,must be present,,Present,compliant,Block Requirements,,,false,1,,2026-08-16
"Block Real Estate Services, LLC",69fdf74a62446148bd854b23,69fded2162446148bd8491cb,Summit Heating & Cooling LLC,69fdef1003a2257cd27d8605,"3rd202 - D&H Properties - 80th Street {D&H Properties, LLC}",evidenceOfInsurance,Evidence of Insurance,workersCompensation,Workers' Compensation and Employer's Liability,evidenceOfInsuranceWorkersCompensationEmployersLiabilityEachAccident,Employer's Liability Each Accident,,matchOnce,must be greater or equal to,500000,1000000,compliant,Block Requirements,,,false,1,,2026-08-16
"Block Real Estate Services, LLC",69fdf74a62446148bd854b23,69fded2162446148bd8491cb,Summit Heating & Cooling LLC,69fdef1003a2257cd27d8605,"3rd202 - D&H Properties - 80th Street {D&H Properties, LLC}",evidenceOfInsurance,Evidence of Insurance,workersCompensation,Workers' Compensation and Employer's Liability,evidenceOfInsuranceWorkersCompensationEmployersLiabilityDiseaseEachEmployee,Employer's Liability Disease - each employee,,matchOnce,must be greater or equal to,500000,1000000,compliant,Block Requirements,,,false,1,,2026-08-16
"Block Real Estate Services, LLC",69fdf74a62446148bd854b23,69fded2162446148bd8491cb,Summit Heating & Cooling LLC,69fdef1003a2257cd27d8605,"3rd202 - D&H Properties - 80th Street {D&H Properties, LLC}",evidenceOfInsurance,Evidence of Insurance,workersCompensation,Workers' Compensation and Employer's Liability,evidenceOfInsuranceWorkersCompensationEmployersLiabilityDiseasePolicyLimit,Employer's Liability Disease - policy limit,,matchOnce,must be greater or equal to,500000,1000000,compliant,Block Requirements,,,false,1,,2026-08-16
"Block Real Estate Services, LLC",69fdf74a62446148bd854b23,69fded2162446148bd8491cb,Summit Heating & Cooling LLC,69fdef1003a2257cd27d8605,"3rd202 - D&H Properties - 80th Street {D&H Properties, LLC}",evidenceOfInsurance,Evidence of Insurance,workersCompensation,Workers' Compensation and Employer's Liability,evidenceOfInsuranceWorkersCompensationWaiverOfSubrogationEndorsement,Waiver of Subrogation,"---prompt---
Determine if the insurer has waived their right of subrogation in favor of the certificate holder under the Workers' Compensation policy. Evidence may include: a checked ""Waiver of Subrogation"" box on the certificate, mention in the Description of Operations section stating ""waiver of subrogation applies"", or reference to form WC 00 03 13. Look for language like ""subrogation is waived"" or ""per written contract"".",matchOnce,must be present,,,waived,Block Requirements,WoS for WC not available in state of MO,,false,0,,2026-08-16
"Block Real Estate Services, LLC",69fdf74a62446148bd854b23,69fded2162446148bd8491cb,Summit Heating & Cooling LLC,69fdef1003a2257cd27d8605,"3rd202 - D&H Properties - 80th Street {D&H Properties, LLC}",evidenceOfInsurance,Evidence of Insurance,6ac20aae-5728-5d57-b364-aeba38527dba,Additional Requirements,4da5b0f1-4c9d-5885-8cf8-5d3cccaed3e0,"Block Real Estate Services, LLC and all others required by contract are named as Additional Insureds","---prompt---
Determine if the Description of Operations or the Additional Remarks Schedule section states the ""Additional Insured as Construction Management, Inc. and all others required by contract"" or reference to blanket additional insured coverage. Look for language like ""certificate holder is additional insured"" or ""per written contract"".",matchOnce,must be present,,Present,compliant,Block Requirements,,,true,1,,2026-08-16
"Block Real Estate Services, LLC",69fdf74a62446148bd854b23,69fded2162446148bd8491cb,Summit Heating & Cooling LLC,69fdef1003a2257cd27d8605,"3rd202 - D&H Properties - 80th Street {D&H Properties, LLC}",evidenceOfInsurance,Evidence of Insurance,6ac20aae-5728-5d57-b364-aeba38527dba,Additional Requirements,e1017741-e47e-5f58-97b8-fbc3043e919f,Umbrella follows form over General Liability,"---prompt---
Determine if the Umbrella/Excess Liability policy follows form to the underlying policies. Evidence may include: language in the Description of Operations section stating the umbrella follows form to underlying coverages or an additional page endorsement stating that it follows form. Follow form means the umbrella policy adopts the same terms, conditions, and exclusions as the underlying policies.",matchOnce,must be present,,Present,compliant,Block Requirements,,,true,1,,2026-08-16
"Block Real Estate Services, LLC",69fdf74a62446148bd854b23,69fded2162446148bd8491cb,Summit Heating & Cooling LLC,69fdef1003a2257cd27d8605,"3rd202 - D&H Properties - 80th Street {D&H Properties, LLC}",evidenceOfInsurance,Evidence of Insurance,6ac20aae-5728-5d57-b364-aeba38527dba,Additional Requirements,2cdd866f-c9a4-576a-afd8-1d045762790c,"The location must be listed as: 7331B W. 80th Street, Overland Park, KS, 66204",,matchOnce,must be present,,Present,compliant,Block Requirements,,,true,1,,2026-08-16
"Block Real Estate Services, LLC",69fdf74a62446148bd854b23,69fded2162446148bd8491cb,Summit Heating & Cooling LLC,69fdef1003a2257cd27d8605,"3rd202 - D&H Properties - 80th Street {D&H Properties, LLC}",evidenceOfInsurance,Evidence of Insurance,6ac20aae-5728-5d57-b364-aeba38527dba,Additional Requirements,3649e9d1-4e09-59bf-8f30-cb33c40cf117,"Certificate Holder must read: c/o Block Real Estate Services, LLC, 4622 Pennsylvania St., Suite 700, Kansas City, MO, 64112",,matchOnce,must be present,,Present,compliant,Block Requirements,,,true,1,,2026-08-16
"Block Real Estate Services, LLC",69fdf79262446148bd859c36,69fded1762446148bd848e50,"Hyper Energy /HEB KS, LLC",69fdf103e45e7dcf5c439919,"prg839 - Pine Ridge Building 18 {PERG BUILDINGS, LLC}",evidenceOfInsurance,Evidence of Insurance,commercialGeneralLiability,Commercial General Liability,evidenceOfInsuranceCommercialGeneralLiabilityCoverageTriggerOccurrence,Coverage Trigger: Occurrence,,matchOnce,must be present,,,non_compliant,Block Requirements,,,false,0,,2026-08-16
"Block Real Estate Services, LLC",69fdf79262446148bd859c36,69fded1762446148bd848e50,"Hyper Energy /HEB KS, LLC",69fdf103e45e7dcf5c439919,"prg839 - Pine Ridge Building 18 {PERG BUILDINGS, LLC}",evidenceOfInsurance,Evidence of Insurance,commercialGeneralLiability,Commercial General Liability,evidenceOfInsuranceCommercialGeneralLiabilityGeneralAggregateLimitAppliesPerLocation,General Aggregate Limit Applies per: Location,,matchOnce,must be present,,,non_compliant,Block Requirements,,,false,0,,2026-08-16
"Block Real Estate Services, LLC",69fdf79262446148bd859c36,69fded1762446148bd848e50,"Hyper Energy /HEB KS, LLC",69fdf103e45e7dcf5c439919,"prg839 - Pine Ridge Building 18 {PERG BUILDINGS, LLC}",evidenceOfInsurance,Evidence of Insurance,commercialGeneralLiability,Commercial General Liability,evidenceOfInsuranceCommercialGeneralLiabilityEachOccurrence,Each Occurrence,,matchOnce,must be greater or equal to,1000000,,non_compliant,Block Requirements,,,false,0,,2026-08-16
"Block Real Estate Services, LLC",69fdf79262446148bd859c36,69fded1762446148bd848e50,"Hyper Energy /HEB KS, LLC",69fdf103e45e7dcf5c439919,"prg839 - Pine Ridge Building 18 {PERG BUILDINGS, LLC}",evidenceOfInsurance,Evidence of Insurance,commercialGeneralLiability,Commercial General Liability,evidenceOfInsuranceCommercialGeneralLiabilityGeneralAggregate,General Aggregate,,matchOnce,must be greater or equal to,2000000,,non_compliant,Block Requirements,,,false,0,,2026-08-16
"Block Real Estate Services, LLC",69fdf79262446148bd859c36,69fded1762446148bd848e50,"Hyper Energy /HEB KS, LLC",69fdf103e45e7dcf5c439919,"prg839 - Pine Ridge Building 18 {PERG BUILDINGS, LLC}",evidenceOfInsurance,Evidence of Insurance,commercialGeneralLiability,Commercial General Liability,evidenceOfInsuranceCommercialGeneralLiabilityWaiverOfSubrogationEndorsement,Waiver of Subrogation,"---prompt---
Determine if the insurer has waived their right of subrogation in favor of the certificate holder under the Commercial General Liability policy. Evidence may include: a checked ""Waiver of Subrogation"" box on the certificate, mention in the Description of Operations section stating ""waiver of subrogation applies"", or reference to form CG 24 04. Look for language like ""subrogation is waived"" or ""per written contract"".",matchOnce,must be present,,,non_compliant,Block Requirements,,,false,0,,2026-08-16
"Block Real Estate Services, LLC",69fdf79262446148bd859c36,69fded1762446148bd848e50,"Hyper Energy /HEB KS, LLC",69fdf103e45e7dcf5c439919,"prg839 - Pine Ridge Building 18 {PERG BUILDINGS, LLC}",evidenceOfInsurance,Evidence of Insurance,excessOrUmbrellaLiability,Umbrella/Excess Liability,evidenceOfInsuranceExcessOrUmbrellaLiabilityOccurence,Coverage Trigger: Occurrence,,matchOnce,must be present,,,non_compliant,Block Requirements,,,false,0,,2026-08-16
"Block Real Estate Services, LLC",69fdf79262446148bd859c36,69fded1762446148bd848e50,"Hyper Energy /HEB KS, LLC",69fdf103e45e7dcf5c439919,"prg839 - Pine Ridge Building 18 {PERG BUILDINGS, LLC}",evidenceOfInsurance,Evidence of Insurance,excessOrUmbrellaLiability,Umbrella/Excess Liability,evidenceOfInsuranceExcessOrUmbrellaLiabilityEachOccurrence,Each Occurrence,,matchOnce,must be greater or equal to,1000000,,non_compliant,Block Requirements,,,false,0,,2026-08-16
"Block Real Estate Services, LLC",69fdf79262446148bd859c36,69fded1762446148bd848e50,"Hyper Energy /HEB KS, LLC",69fdf103e45e7dcf5c439919,"prg839 - Pine Ridge Building 18 {PERG BUILDINGS, LLC}",evidenceOfInsurance,Evidence of Insurance,excessOrUmbrellaLiability,Umbrella/Excess Liability,evidenceOfInsuranceExcessOrUmbrellaLiabilityAggregate,Aggregate,,matchOnce,must be greater or equal to,1000000,,non_compliant,Block Requirements,,,false,0,,2026-08-16
"Block Real Estate Services, LLC",69fdf79262446148bd859c36,69fded1762446148bd848e50,"Hyper Energy /HEB KS, LLC",69fdf103e45e7dcf5c439919,"prg839 - Pine Ridge Building 18 {PERG BUILDINGS, LLC}",evidenceOfInsurance,Evidence of Insurance,workersCompensation,Workers' Compensation and Employer's Liability,evidenceOfInsuranceWorkersCompensationStatutoryLimits,Statutory Limits,,matchOnce,must be present,,,non_compliant,Block Requirements,,,false,0,,2026-08-16
"Block Real Estate Services, LLC",69fdf79262446148bd859c36,69fded1762446148bd848e50,"Hyper Energy /HEB KS, LLC",69fdf103e45e7dcf5c439919,"prg839 - Pine Ridge Building 18 {PERG BUILDINGS, LLC}",evidenceOfInsurance,Evidence of Insurance,workersCompensation,Workers' Compensation and Employer's Liability,evidenceOfInsuranceWorkersCompensationEmployersLiabilityEachAccident,Employer's Liability Each Accident,,matchOnce,must be greater or equal to,500000,,non_compliant,Block Requirements,,,false,0,,2026-08-16
"Block Real Estate Services, LLC",69fdf79262446148bd859c36,69fded1762446148bd848e50,"Hyper Energy /HEB KS, LLC",69fdf103e45e7dcf5c439919,"prg839 - Pine Ridge Building 18 {PERG BUILDINGS, LLC}",evidenceOfInsurance,Evidence of Insurance,workersCompensation,Workers' Compensation and Employer's Liability,evidenceOfInsuranceWorkersCompensationEmployersLiabilityDiseaseEachEmployee,Employer's Liability Disease - each employee,,matchOnce,must be greater or equal to,500000,,non_compliant,Block Requirements,,,false,0,,2026-08-16
"Block Real Estate Services, LLC",69fdf79262446148bd859c36,69fded1762446148bd848e50,"Hyper Energy /HEB KS, LLC",69fdf103e45e7dcf5c439919,"prg839 - Pine Ridge Building 18 {PERG BUILDINGS, LLC}",evidenceOfInsurance,Evidence of Insurance,workersCompensation,Workers' Compensation and Employer's Liability,evidenceOfInsuranceWorkersCompensationEmployersLiabilityDiseasePolicyLimit,Employer's Liability Disease - policy limit,,matchOnce,must be greater or equal to,500000,,non_compliant,Block Requirements,,,false,0,,2026-08-16
"Block Real Estate Services, LLC",69fdf79262446148bd859c36,69fded1762446148bd848e50,"Hyper Energy /HEB KS, LLC",69fdf103e45e7dcf5c439919,"prg839 - Pine Ridge Building 18 {PERG BUILDINGS, LLC}",evidenceOfInsurance,Evidence of Insurance,workersCompensation,Workers' Compensation and Employer's Liability,evidenceOfInsuranceWorkersCompensationWaiverOfSubrogationEndorsement,Waiver of Subrogation,"---prompt---
Determine if the insurer has waived their right of subrogation in favor of the certificate holder under the Workers' Compensation policy. Evidence may include: a checked ""Waiver of Subrogation"" box on the certificate, mention in the Description of Operations section stating ""waiver of subrogation applies"", or reference to form WC 00 03 13. Look for language like ""subrogation is waived"" or ""per written contract"".",matchOnce,must be present,,,non_compliant,Block Requirements,,,false,0,,2026-08-16
"Block Real Estate Services, LLC",69fdf79262446148bd859c36,69fded1762446148bd848e50,"Hyper Energy /HEB KS, LLC",69fdf103e45e7dcf5c439919,"prg839 - Pine Ridge Building 18 {PERG BUILDINGS, LLC}",evidenceOfInsurance,Evidence of Insurance,6ac20aae-5728-5d57-b364-aeba38527dba,Additional Requirements,4da5b0f1-4c9d-5885-8cf8-5d3cccaed3e0,"Block Real Estate Services, LLC and all others required by contract are named as Additional Insureds","---prompt---
Determine if the Description of Operations or the Additional Remarks Schedule section states the ""Additional Insured as Construction Management, Inc. and all others required by contract"" or reference to blanket additional insured coverage. Look for language like ""certificate holder is additional insured"" or ""per written contract"".",matchOnce,must be present,,,non_compliant,Block Requirements,,,true,0,,2026-08-16
"Block Real Estate Services, LLC",69fdf79262446148bd859c36,69fded1762446148bd848e50,"Hyper Energy /HEB KS, LLC",69fdf103e45e7dcf5c439919,"prg839 - Pine Ridge Building 18 {PERG BUILDINGS, LLC}",evidenceOfInsurance,Evidence of Insurance,6ac20aae-5728-5d57-b364-aeba38527dba,Additional Requirements,e1017741-e47e-5f58-97b8-fbc3043e919f,Umbrella follows form over General Liability,"---prompt---
Determine if the Umbrella/Excess Liability policy follows form to the underlying policies. Evidence may include: language in the Description of Operations section stating the umbrella follows form to underlying coverages or an additional page endorsement stating that it follows form. Follow form means the umbrella policy adopts the same terms, conditions, and exclusions as the underlying policies.",matchOnce,must be present,,,non_compliant,Block Requirements,,,true,0,,2026-08-16
"Block Real Estate Services, LLC",69fdf79262446148bd859c36,69fded1762446148bd848e50,"Hyper Energy /HEB KS, LLC",69fdf103e45e7dcf5c439919,"prg839 - Pine Ridge Building 18 {PERG BUILDINGS, LLC}",evidenceOfInsurance,Evidence of Insurance,6ac20aae-5728-5d57-b364-aeba38527dba,Additional Requirements,2cdd866f-c9a4-576a-afd8-1d045762790c,The location must be listed as: 8041 Flint Street Lenexa KS 66214,,matchOnce,must be present,,,non_compliant,Block Requirements,,,true,0,,2026-08-16
"Block Real Estate Services, LLC",69fdf79262446148bd859c36,69fded1762446148bd848e50,"Hyper Energy /HEB KS, LLC",69fdf103e45e7dcf5c439919,"prg839 - Pine Ridge Building 18 {PERG BUILDINGS, LLC}",evidenceOfInsurance,Evidence of Insurance,6ac20aae-5728-5d57-b364-aeba38527dba,Additional Requirements,3649e9d1-4e09-59bf-8f30-cb33c40cf117,"Certificate Holder must read: c/o Block Real Estate Services, LLC, 4622 Pennsylvania St., Suite 700, Kansas City, MO, 64112",,matchOnce,must be present,,,non_compliant,Block Requirements,,,true,0,,2026-08-16
"Block Real Estate Services, LLC",69fdf79262446148bd859c35,69fded1162446148bd848ca6,Convergint Technologies LLC,69fdf103e45e7dcf5c439919,"prg839 - Pine Ridge Building 18 {PERG BUILDINGS, LLC}",evidenceOfInsurance,Evidence of Insurance,commercialGeneralLiability,Commercial General Liability,evidenceOfInsuranceCommercialGeneralLiabilityCoverageTriggerOccurrence,Coverage Trigger: Occurrence,,matchOnce,must be present,,Present,compliant,Block Requirements,,,false,1,,2026-08-16
"Block Real Estate Services, LLC",69fdf79262446148bd859c35,69fded1162446148bd848ca6,Convergint Technologies LLC,69fdf103e45e7dcf5c439919,"prg839 - Pine Ridge Building 18 {PERG BUILDINGS, LLC}",evidenceOfInsurance,Evidence of Insurance,commercialGeneralLiability,Commercial General Liability,evidenceOfInsuranceCommercialGeneralLiabilityGeneralAggregateLimitAppliesPerLocation,General Aggregate Limit Applies per: Location,,matchOnce,must be present,,Present,compliant,Block Requirements,,,false,1,,2026-08-16
"Block Real Estate Services, LLC",69fdf79262446148bd859c35,69fded1162446148bd848ca6,Convergint Technologies LLC,69fdf103e45e7dcf5c439919,"prg839 - Pine Ridge Building 18 {PERG BUILDINGS, LLC}",evidenceOfInsurance,Evidence of Insurance,commercialGeneralLiability,Commercial General Liability,evidenceOfInsuranceCommercialGeneralLiabilityEachOccurrence,Each Occurrence,,matchOnce,must be greater or equal to,1000000,1000000,compliant,Block Requirements,,,false,1,,2026-08-16
"Block Real Estate Services, LLC",69fdf79262446148bd859c35,69fded1162446148bd848ca6,Convergint Technologies LLC,69fdf103e45e7dcf5c439919,"prg839 - Pine Ridge Building 18 {PERG BUILDINGS, LLC}",evidenceOfInsurance,Evidence of Insurance,commercialGeneralLiability,Commercial General Liability,evidenceOfInsuranceCommercialGeneralLiabilityGeneralAggregate,General Aggregate,,matchOnce,must be greater or equal to,2000000,2000000,compliant,Block Requirements,,,false,1,,2026-08-16
"Block Real Estate Services, LLC",69fdf79262446148bd859c35,69fded1162446148bd848ca6,Convergint Technologies LLC,69fdf103e45e7dcf5c439919,"prg839 - Pine Ridge Building 18 {PERG BUILDINGS, LLC}",evidenceOfInsurance,Evidence of Insurance,commercialGeneralLiability,Commercial General Liability,evidenceOfInsuranceCommercialGeneralLiabilityWaiverOfSubrogationEndorsement,Waiver of Subrogation,"---prompt---
Determine if the insurer has waived their right of subrogation in favor of the certificate holder under the Commercial General Liability policy. Evidence may include: a checked ""Waiver of Subrogation"" box on the certificate, mention in the Description of Operations section stating ""waiver of subrogation applies"", or reference to form CG 24 04. Look for language like ""subrogation is waived"" or ""per written contract"".",matchOnce,must be present,,Present,compliant,Block Requirements,,,false,1,,2026-08-16
"Block Real Estate Services, LLC",69fdf79262446148bd859c35,69fded1162446148bd848ca6,Convergint Technologies LLC,69fdf103e45e7dcf5c439919,"prg839 - Pine Ridge Building 18 {PERG BUILDINGS, LLC}",evidenceOfInsurance,Evidence of Insurance,excessOrUmbrellaLiability,Umbrella/Excess Liability,evidenceOfInsuranceExcessOrUmbrellaLiabilityOccurence,Coverage Trigger: Occurrence,,matchOnce,must be present,,Present,compliant,Block Requirements,,,false,1,,2026-08-16
"Block Real Estate Services, LLC",69fdf79262446148bd859c35,69fded1162446148bd848ca6,Convergint Technologies LLC,69fdf103e45e7dcf5c439919,"prg839 - Pine Ridge Building 18 {PERG BUILDINGS, LLC}",evidenceOfInsurance,Evidence of Insurance,excessOrUmbrellaLiability,Umbrella/Excess Liability,evidenceOfInsuranceExcessOrUmbrellaLiabilityEachOccurrence,Each Occurrence,,matchOnce,must be greater or equal to,1000000,10000000,compliant,Block Requirements,,,false,1,,2026-08-16
"Block Real Estate Services, LLC",69fdf79262446148bd859c35,69fded1162446148bd848ca6,Convergint Technologies LLC,69fdf103e45e7dcf5c439919,"prg839 - Pine Ridge Building 18 {PERG BUILDINGS, LLC}",evidenceOfInsurance,Evidence of Insurance,excessOrUmbrellaLiability,Umbrella/Excess Liability,evidenceOfInsuranceExcessOrUmbrellaLiabilityAggregate,Aggregate,,matchOnce,must be greater or equal to,1000000,10000000,compliant,Block Requirements,,,false,1,,2026-08-16
"Block Real Estate Services, LLC",69fdf79262446148bd859c35,69fded1162446148bd848ca6,Convergint Technologies LLC,69fdf103e45e7dcf5c439919,"prg839 - Pine Ridge Building 18 {PERG BUILDINGS, LLC}",evidenceOfInsurance,Evidence of Insurance,workersCompensation,Workers' Compensation and Employer's Liability,evidenceOfInsuranceWorkersCompensationStatutoryLimits,Statutory Limits,,matchOnce,must be present,,Present,compliant,Block Requirements,,,false,1,,2026-08-16
"Block Real Estate Services, LLC",69fdf79262446148bd859c35,69fded1162446148bd848ca6,Convergint Technologies LLC,69fdf103e45e7dcf5c439919,"prg839 - Pine Ridge Building 18 {PERG BUILDINGS, LLC}",evidenceOfInsurance,Evidence of Insurance,workersCompensation,Workers' Compensation and Employer's Liability,evidenceOfInsuranceWorkersCompensationEmployersLiabilityEachAccident,Employer's Liability Each Accident,,matchOnce,must be greater or equal to,500000,1000000,compliant,Block Requirements,,,false,1,,2026-08-16
"Block Real Estate Services, LLC",69fdf79262446148bd859c35,69fded1162446148bd848ca6,Convergint Technologies LLC,69fdf103e45e7dcf5c439919,"prg839 - Pine Ridge Building 18 {PERG BUILDINGS, LLC}",evidenceOfInsurance,Evidence of Insurance,workersCompensation,Workers' Compensation and Employer's Liability,evidenceOfInsuranceWorkersCompensationEmployersLiabilityDiseaseEachEmployee,Employer's Liability Disease - each employee,,matchOnce,must be greater or equal to,500000,1000000,compliant,Block Requirements,,,false,1,,2026-08-16
"Block Real Estate Services, LLC",69fdf79262446148bd859c35,69fded1162446148bd848ca6,Convergint Technologies LLC,69fdf103e45e7dcf5c439919,"prg839 - Pine Ridge Building 18 {PERG BUILDINGS, LLC}",evidenceOfInsurance,Evidence of Insurance,workersCompensation,Workers' Compensation and Employer's Liability,evidenceOfInsuranceWorkersCompensationEmployersLiabilityDiseasePolicyLimit,Employer's Liability Disease - policy limit,,matchOnce,must be greater or equal to,500000,1000000,compliant,Block Requirements,,,false,1,,2026-08-16
"Block Real Estate Services, LLC",69fdf79262446148bd859c35,69fded1162446148bd848ca6,Convergint Technologies LLC,69fdf103e45e7dcf5c439919,"prg839 - Pine Ridge Building 18 {PERG BUILDINGS, LLC}",evidenceOfInsurance,Evidence of Insurance,workersCompensation,Workers' Compensation and Employer's Liability,evidenceOfInsuranceWorkersCompensationWaiverOfSubrogationEndorsement,Waiver of Subrogation,"---prompt---
Determine if the insurer has waived their right of subrogation in favor of the certificate holder under the Workers' Compensation policy. Evidence may include: a checked ""Waiver of Subrogation"" box on the certificate, mention in the Description of Operations section stating ""waiver of subrogation applies"", or reference to form WC 00 03 13. Look for language like ""subrogation is waived"" or ""per written contract"".",matchOnce,must be present,,Present,compliant,Block Requirements,,,false,1,,2026-08-16
"Block Real Estate Services, LLC",69fdf79262446148bd859c35,69fded1162446148bd848ca6,Convergint Technologies LLC,69fdf103e45e7dcf5c439919,"prg839 - Pine Ridge Building 18 {PERG BUILDINGS, LLC}",evidenceOfInsurance,Evidence of Insurance,6ac20aae-5728-5d57-b364-aeba38527dba,Additional Requirements,4da5b0f1-4c9d-5885-8cf8-5d3cccaed3e0,"Block Real Estate Services, LLC and all others required by contract are named as Additional Insureds","---prompt---
Determine if the Description of Operations or the Additional Remarks Schedule section states the ""Additional Insured as Construction Management, Inc. and all others required by contract"" or reference to blanket additional insured coverage. Look for language like ""certificate holder is additional insured"" or ""per written contract"".",matchOnce,must be present,,Present,compliant,Block Requirements,,,true,1,,2026-08-16
"Block Real Estate Services, LLC",69fdf79262446148bd859c35,69fded1162446148bd848ca6,Convergint Technologies LLC,69fdf103e45e7dcf5c439919,"prg839 - Pine Ridge Building 18 {PERG BUILDINGS, LLC}",evidenceOfInsurance,Evidence of Insurance,6ac20aae-5728-5d57-b364-aeba38527dba,Additional Requirements,e1017741-e47e-5f58-97b8-fbc3043e919f,Umbrella follows form over General Liability,"---prompt---
Determine if the Umbrella/Excess Liability policy follows form to the underlying policies. Evidence may include: language in the Description of Operations section stating the umbrella follows form to underlying coverages or an additional page endorsement stating that it follows form. Follow form means the umbrella policy adopts the same terms, conditions, and exclusions as the underlying policies.",matchOnce,must be present,,Present,compliant,Block Requirements,,,true,1,,2026-08-16
"Block Real Estate Services, LLC",69fdf79262446148bd859c35,69fded1162446148bd848ca6,Convergint Technologies LLC,69fdf103e45e7dcf5c439919,"prg839 - Pine Ridge Building 18 {PERG BUILDINGS, LLC}",evidenceOfInsurance,Evidence of Insurance,6ac20aae-5728-5d57-b364-aeba38527dba,Additional Requirements,2cdd866f-c9a4-576a-afd8-1d045762790c,"The location must be listed as: 8043, 8045, 8047 Flint Street Lenexa KS 66214",,matchOnce,must be present,,Present,compliant,Block Requirements,,,true,1,,2026-08-16
"Block Real Estate Services, LLC",69fdf79262446148bd859c35,69fded1162446148bd848ca6,Convergint Technologies LLC,69fdf103e45e7dcf5c439919,"prg839 - Pine Ridge Building 18 {PERG BUILDINGS, LLC}",evidenceOfInsurance,Evidence of Insurance,6ac20aae-5728-5d57-b364-aeba38527dba,Additional Requirements,3649e9d1-4e09-59bf-8f30-cb33c40cf117,"Certificate Holder must read: c/o Block Real Estate Services, LLC, 4622 Pennsylvania St., Suite 700, Kansas City, MO, 64112",,matchOnce,must be present,,Present,compliant,Block Requirements,,,true,1,,2026-08-16
"Block Real Estate Services, LLC",69fdf79262446148bd859c37,69fded2162446148bd849189,South Western Communications Inc,69fdf103e45e7dcf5c439919,"prg839 - Pine Ridge Building 18 {PERG BUILDINGS, LLC}",evidenceOfInsurance,Evidence of Insurance,commercialGeneralLiability,Commercial General Liability,evidenceOfInsuranceCommercialGeneralLiabilityCoverageTriggerOccurrence,Coverage Trigger: Occurrence,,matchOnce,must be present,,Present,compliant,Block Requirements,,,false,1,,2026-08-16
"Block Real Estate Services, LLC",69fdf79262446148bd859c37,69fded2162446148bd849189,South Western Communications Inc,69fdf103e45e7dcf5c439919,"prg839 - Pine Ridge Building 18 {PERG BUILDINGS, LLC}",evidenceOfInsurance,Evidence of Insurance,commercialGeneralLiability,Commercial General Liability,evidenceOfInsuranceCommercialGeneralLiabilityGeneralAggregateLimitAppliesPerLocation,General Aggregate Limit Applies per: Location,,matchOnce,must be present,,Present,compliant,Block Requirements,,,false,1,,2026-08-16
"Block Real Estate Services, LLC",69fdf79262446148bd859c37,69fded2162446148bd849189,South Western Communications Inc,69fdf103e45e7dcf5c439919,"prg839 - Pine Ridge Building 18 {PERG BUILDINGS, LLC}",evidenceOfInsurance,Evidence of Insurance,commercialGeneralLiability,Commercial General Liability,evidenceOfInsuranceCommercialGeneralLiabilityEachOccurrence,Each Occurrence,,matchOnce,must be greater or equal to,1000000,2000000,compliant,Block Requirements,,,false,1,,2026-08-16
"Block Real Estate Services, LLC",69fdf79262446148bd859c37,69fded2162446148bd849189,South Western Communications Inc,69fdf103e45e7dcf5c439919,"prg839 - Pine Ridge Building 18 {PERG BUILDINGS, LLC}",evidenceOfInsurance,Evidence of Insurance,commercialGeneralLiability,Commercial General Liability,evidenceOfInsuranceCommercialGeneralLiabilityGeneralAggregate,General Aggregate,,matchOnce,must be greater or equal to,2000000,4000000,compliant,Block Requirements,,,false,1,,2026-08-16
"Block Real Estate Services, LLC",69fdf79262446148bd859c37,69fded2162446148bd849189,South Western Communications Inc,69fdf103e45e7dcf5c439919,"prg839 - Pine Ridge Building 18 {PERG BUILDINGS, LLC}",evidenceOfInsurance,Evidence of Insurance,commercialGeneralLiability,Commercial General Liability,evidenceOfInsuranceCommercialGeneralLiabilityWaiverOfSubrogationEndorsement,Waiver of Subrogation,"---prompt---
Determine if the insurer has waived their right of subrogation in favor of the certificate holder under the Commercial General Liability policy. Evidence may include: a checked ""Waiver of Subrogation"" box on the certificate, mention in the Description of Operations section stating ""waiver of subrogation applies"", or reference to form CG 24 04. Look for language like ""subrogation is waived"" or ""per written contract"".",matchOnce,must be present,,Present,compliant,Block Requirements,,,false,1,,2026-08-16
"Block Real Estate Services, LLC",69fdf79262446148bd859c37,69fded2162446148bd849189,South Western Communications Inc,69fdf103e45e7dcf5c439919,"prg839 - Pine Ridge Building 18 {PERG BUILDINGS, LLC}",evidenceOfInsurance,Evidence of Insurance,excessOrUmbrellaLiability,Umbrella/Excess Liability,evidenceOfInsuranceExcessOrUmbrellaLiabilityOccurence,Coverage Trigger: Occurrence,,matchOnce,must be present,,Present,compliant,Block Requirements,,,false,1,,2026-08-16
"Block Real Estate Services, LLC",69fdf79262446148bd859c37,69fded2162446148bd849189,South Western Communications Inc,69fdf103e45e7dcf5c439919,"prg839 - Pine Ridge Building 18 {PERG BUILDINGS, LLC}",evidenceOfInsurance,Evidence of Insurance,excessOrUmbrellaLiability,Umbrella/Excess Liability,evidenceOfInsuranceExcessOrUmbrellaLiabilityEachOccurrence,Each Occurrence,,matchOnce,must be greater or equal to,1000000,3000000,compliant,Block Requirements,,,false,1,,2026-08-16
"Block Real Estate Services, LLC",69fdf79262446148bd859c37,69fded2162446148bd849189,South Western Communications Inc,69fdf103e45e7dcf5c439919,"prg839 - Pine Ridge Building 18 {PERG BUILDINGS, LLC}",evidenceOfInsurance,Evidence of Insurance,excessOrUmbrellaLiability,Umbrella/Excess Liability,evidenceOfInsuranceExcessOrUmbrellaLiabilityAggregate,Aggregate,,matchOnce,must be greater or equal to,1000000,3000000,compliant,Block Requirements,,,false,1,,2026-08-16
"Block Real Estate Services, LLC",69fdf79262446148bd859c37,69fded2162446148bd849189,South Western Communications Inc,69fdf103e45e7dcf5c439919,"prg839 - Pine Ridge Building 18 {PERG BUILDINGS, LLC}",evidenceOfInsurance,Evidence of Insurance,workersCompensation,Workers' Compensation and Employer's Liability,evidenceOfInsuranceWorkersCompensationStatutoryLimits,Statutory Limits,,matchOnce,must be present,,Present,compliant,Block Requirements,,,false,1,,2026-08-16
"Block Real Estate Services, LLC",69fdf79262446148bd859c37,69fded2162446148bd849189,South Western Communications Inc,69fdf103e45e7dcf5c439919,"prg839 - Pine Ridge Building 18 {PERG BUILDINGS, LLC}",evidenceOfInsurance,Evidence of Insurance,workersCompensation,Workers' Compensation and Employer's Liability,evidenceOfInsuranceWorkersCompensationEmployersLiabilityEachAccident,Employer's Liability Each Accident,,matchOnce,must be greater or equal to,500000,1000000,compliant,Block Requirements,,,false,1,,2026-08-16
"Block Real Estate Services, LLC",69fdf79262446148bd859c37,69fded2162446148bd849189,South Western Communications Inc,69fdf103e45e7dcf5c439919,"prg839 - Pine Ridge Building 18 {PERG BUILDINGS, LLC}",evidenceOfInsurance,Evidence of Insurance,workersCompensation,Workers' Compensation and Employer's Liability,evidenceOfInsuranceWorkersCompensationEmployersLiabilityDiseaseEachEmployee,Employer's Liability Disease - each employee,,matchOnce,must be greater or equal to,500000,1000000,compliant,Block Requirements,,,false,1,,2026-08-16
"Block Real Estate Services, LLC",69fdf79262446148bd859c37,69fded2162446148bd849189,South Western Communications Inc,69fdf103e45e7dcf5c439919,"prg839 - Pine Ridge Building 18 {PERG BUILDINGS, LLC}",evidenceOfInsurance,Evidence of Insurance,workersCompensation,Workers' Compensation and Employer's Liability,evidenceOfInsuranceWorkersCompensationEmployersLiabilityDiseasePolicyLimit,Employer's Liability Disease - policy limit,,matchOnce,must be greater or equal to,500000,1000000,compliant,Block Requirements,,,false,1,,2026-08-16
"Block Real Estate Services, LLC",69fdf79262446148bd859c37,69fded2162446148bd849189,South Western Communications Inc,69fdf103e45e7dcf5c439919,"prg839 - Pine Ridge Building 18 {PERG BUILDINGS, LLC}",evidenceOfInsurance,Evidence of Insurance,workersCompensation,Workers' Compensation and Employer's Liability,evidenceOfInsuranceWorkersCompensationWaiverOfSubrogationEndorsement,Waiver of Subrogation,"---prompt---
Determine if the insurer has waived their right of subrogation in favor of the certificate holder under the Workers' Compensation policy. Evidence may include: a checked ""Waiver of Subrogation"" box on the certificate, mention in the Description of Operations section stating ""waiver of subrogation applies"", or reference to form WC 00 03 13. Look for language like ""subrogation is waived"" or ""per written contract"".",matchOnce,must be present,,Present,compliant,Block Requirements,,,false,1,,2026-08-16
"Block Real Estate Services, LLC",69fdf79262446148bd859c37,69fded2162446148bd849189,South Western Communications Inc,69fdf103e45e7dcf5c439919,"prg839 - Pine Ridge Building 18 {PERG BUILDINGS, LLC}",evidenceOfInsurance,Evidence of Insurance,6ac20aae-5728-5d57-b364-aeba38527dba,Additional Requirements,4da5b0f1-4c9d-5885-8cf8-5d3cccaed3e0,"Block Real Estate Services, LLC and all others required by contract are named as Additional Insureds","---prompt---
Determine if the Description of Operations or the Additional Remarks Schedule section states the ""Additional Insured as Construction Management, Inc. and all others required by contract"" or reference to blanket additional insured coverage. Look for language like ""certificate holder is additional insured"" or ""per written contract"".",matchOnce,must be present,,Present,compliant,Block Requirements,,,true,1,,2026-08-16
"Block Real Estate Services, LLC",69fdf79262446148bd859c37,69fded2162446148bd849189,South Western Communications Inc,69fdf103e45e7dcf5c439919,"prg839 - Pine Ridge Building 18 {PERG BUILDINGS, LLC}",evidenceOfInsurance,Evidence of Insurance,6ac20aae-5728-5d57-b364-aeba38527dba,Additional Requirements,e1017741-e47e-5f58-97b8-fbc3043e919f,Umbrella follows form over General Liability,"---prompt---
Determine if the Umbrella/Excess Liability policy follows form to the underlying policies. Evidence may include: language in the Description of Operations section stating the umbrella follows form to underlying coverages or an additional page endorsement stating that it follows form. Follow form means the umbrella policy adopts the same terms, conditions, and exclusions as the underlying policies.",matchOnce,must be present,,Present,compliant,Block Requirements,,,true,1,,2026-08-16
"Block Real Estate Services, LLC",69fdf79262446148bd859c37,69fded2162446148bd849189,South Western Communications Inc,69fdf103e45e7dcf5c439919,"prg839 - Pine Ridge Building 18 {PERG BUILDINGS, LLC}",evidenceOfInsurance,Evidence of Insurance,6ac20aae-5728-5d57-b364-aeba38527dba,Additional Requirements,2cdd866f-c9a4-576a-afd8-1d045762790c,The location must be listed as: 8033-8039 Flint Street Lenexa KS 66214,,matchOnce,must be present,,Present,compliant,Block Requirements,,,true,1,,2026-08-16
"Block Real Estate Services, LLC",69fdf79262446148bd859c37,69fded2162446148bd849189,South Western Communications Inc,69fdf103e45e7dcf5c439919,"prg839 - Pine Ridge Building 18 {PERG BUILDINGS, LLC}",evidenceOfInsurance,Evidence of Insurance,6ac20aae-5728-5d57-b364-aeba38527dba,Additional Requirements,3649e9d1-4e09-59bf-8f30-cb33c40cf117,"Certificate Holder must read: c/o Block Real Estate Services, LLC, 4622 Pennsylvania St., Suite 700, Kansas City, MO, 64112",,matchOnce,must be present,,Present,compliant,Block Requirements,,,true,1,,2026-08-16
"Block Real Estate Services, LLC",69fdf7a362446148bd85b05e,69fded1462446148bd848dae,First Citizens Bank & Trust Company,69fdf19c8e25e7a0d918870f,"tic665 - Pinnacle Corporate Centre V {Pinnacle V Associates, LLC}",evidenceOfInsurance,Evidence of Insurance,commercialGeneralLiability,Commercial General Liability,evidenceOfInsuranceCommercialGeneralLiabilityCoverageTriggerOccurrence,Coverage Trigger: Occurrence,,matchOnce,must be present,,Present,compliant,Block Requirements,,,false,1,,2026-08-16
"Block Real Estate Services, LLC",69fdf7a362446148bd85b05e,69fded1462446148bd848dae,First Citizens Bank & Trust Company,69fdf19c8e25e7a0d918870f,"tic665 - Pinnacle Corporate Centre V {Pinnacle V Associates, LLC}",evidenceOfInsurance,Evidence of Insurance,commercialGeneralLiability,Commercial General Liability,evidenceOfInsuranceCommercialGeneralLiabilityGeneralAggregateLimitAppliesPerLocation,General Aggregate Limit Applies per: Location,,matchOnce,must be present,,Present,compliant,Block Requirements,,,false,1,,2026-08-16
"Block Real Estate Services, LLC",69fdf7a362446148bd85b05e,69fded1462446148bd848dae,First Citizens Bank & Trust Company,69fdf19c8e25e7a0d918870f,"tic665 - Pinnacle Corporate Centre V {Pinnacle V Associates, LLC}",evidenceOfInsurance,Evidence of Insurance,commercialGeneralLiability,Commercial General Liability,evidenceOfInsuranceCommercialGeneralLiabilityEachOccurrence,Each Occurrence,,matchOnce,must be greater or equal to,1000000,2000000,compliant,Block Requirements,,,false,1,,2026-08-16
"Block Real Estate Services, LLC",69fdf7a362446148bd85b05e,69fded1462446148bd848dae,First Citizens Bank & Trust Company,69fdf19c8e25e7a0d918870f,"tic665 - Pinnacle Corporate Centre V {Pinnacle V Associates, LLC}",evidenceOfInsurance,Evidence of Insurance,commercialGeneralLiability,Commercial General Liability,evidenceOfInsuranceCommercialGeneralLiabilityGeneralAggregate,General Aggregate,,matchOnce,must be greater or equal to,2000000,10000000,compliant,Block Requirements,,,false,1,,2026-08-16
"Block Real Estate Services, LLC",69fdf7a362446148bd85b05e,69fded1462446148bd848dae,First Citizens Bank & Trust Company,69fdf19c8e25e7a0d918870f,"tic665 - Pinnacle Corporate Centre V {Pinnacle V Associates, LLC}",evidenceOfInsurance,Evidence of Insurance,commercialGeneralLiability,Commercial General Liability,evidenceOfInsuranceCommercialGeneralLiabilityWaiverOfSubrogationEndorsement,Waiver of Subrogation,"---prompt---
Determine if the insurer has waived their right of subrogation in favor of the certificate holder under the Commercial General Liability policy. Evidence may include: a checked ""Waiver of Subrogation"" box on the certificate, mention in the Description of Operations section stating ""waiver of subrogation applies"", or reference to form CG 24 04. Look for language like ""subrogation is waived"" or ""per written contract"".",matchOnce,must be present,,Present,compliant,Block Requirements,,,false,1,,2026-08-16
"Block Real Estate Services, LLC",69fdf7a362446148bd85b05e,69fded1462446148bd848dae,First Citizens Bank & Trust Company,69fdf19c8e25e7a0d918870f,"tic665 - Pinnacle Corporate Centre V {Pinnacle V Associates, LLC}",evidenceOfInsurance,Evidence of Insurance,excessOrUmbrellaLiability,Umbrella/Excess Liability,evidenceOfInsuranceExcessOrUmbrellaLiabilityOccurence,Coverage Trigger: Occurrence,,matchOnce,must be present,,Present,compliant,Block Requirements,,,false,1,,2026-08-16
"Block Real Estate Services, LLC",69fdf7a362446148bd85b05e,69fded1462446148bd848dae,First Citizens Bank & Trust Company,69fdf19c8e25e7a0d918870f,"tic665 - Pinnacle Corporate Centre V {Pinnacle V Associates, LLC}",evidenceOfInsurance,Evidence of Insurance,excessOrUmbrellaLiability,Umbrella/Excess Liability,evidenceOfInsuranceExcessOrUmbrellaLiabilityEachOccurrence,Each Occurrence,,matchOnce,must be greater or equal to,1000000,10000000,compliant,Block Requirements,,,false,1,,2026-08-16
"Block Real Estate Services, LLC",69fdf7a362446148bd85b05e,69fded1462446148bd848dae,First Citizens Bank & Trust Company,69fdf19c8e25e7a0d918870f,"tic665 - Pinnacle Corporate Centre V {Pinnacle V Associates, LLC}",evidenceOfInsurance,Evidence of Insurance,excessOrUmbrellaLiability,Umbrella/Excess Liability,evidenceOfInsuranceExcessOrUmbrellaLiabilityAggregate,Aggregate,,matchOnce,must be greater or equal to,1000000,10000000,compliant,Block Requirements,,,false,1,,2026-08-16
"Block Real Estate Services, LLC",69fdf7a362446148bd85b05e,69fded1462446148bd848dae,First Citizens Bank & Trust Company,69fdf19c8e25e7a0d918870f,"tic665 - Pinnacle Corporate Centre V {Pinnacle V Associates, LLC}",evidenceOfInsurance,Evidence of Insurance,workersCompensation,Workers' Compensation and Employer's Liability,evidenceOfInsuranceWorkersCompensationStatutoryLimits,Statutory Limits,,matchOnce,must be present,,Present,compliant,Block Requirements,,,false,1,,2026-08-16
"Block Real Estate Services, LLC",69fdf7a362446148bd85b05e,69fded1462446148bd848dae,First Citizens Bank & Trust Company,69fdf19c8e25e7a0d918870f,"tic665 - Pinnacle Corporate Centre V {Pinnacle V Associates, LLC}",evidenceOfInsurance,Evidence of Insurance,workersCompensation,Workers' Compensation and Employer's Liability,evidenceOfInsuranceWorkersCompensationEmployersLiabilityEachAccident,Employer's Liability Each Accident,,matchOnce,must be greater or equal to,500000,1000000,compliant,Block Requirements,,,false,1,,2026-08-16
"Block Real Estate Services, LLC",69fdf7a362446148bd85b05e,69fded1462446148bd848dae,First Citizens Bank & Trust Company,69fdf19c8e25e7a0d918870f,"tic665 - Pinnacle Corporate Centre V {Pinnacle V Associates, LLC}",evidenceOfInsurance,Evidence of Insurance,workersCompensation,Workers' Compensation and Employer's Liability,evidenceOfInsuranceWorkersCompensationEmployersLiabilityDiseaseEachEmployee,Employer's Liability Disease - each employee,,matchOnce,must be greater or equal to,500000,1000000,compliant,Block Requirements,,,false,1,,2026-08-16
"Block Real Estate Services, LLC",69fdf7a362446148bd85b05e,69fded1462446148bd848dae,First Citizens Bank & Trust Company,69fdf19c8e25e7a0d918870f,"tic665 - Pinnacle Corporate Centre V {Pinnacle V Associates, LLC}",evidenceOfInsurance,Evidence of Insurance,workersCompensation,Workers' Compensation and Employer's Liability,evidenceOfInsuranceWorkersCompensationEmployersLiabilityDiseasePolicyLimit,Employer's Liability Disease - policy limit,,matchOnce,must be greater or equal to,500000,1000000,compliant,Block Requirements,,,false,1,,2026-08-16
"Block Real Estate Services, LLC",69fdf7a362446148bd85b05e,69fded1462446148bd848dae,First Citizens Bank & Trust Company,69fdf19c8e25e7a0d918870f,"tic665 - Pinnacle Corporate Centre V {Pinnacle V Associates, LLC}",evidenceOfInsurance,Evidence of Insurance,workersCompensation,Workers' Compensation and Employer's Liability,evidenceOfInsuranceWorkersCompensationWaiverOfSubrogationEndorsement,Waiver of Subrogation,"---prompt---
Determine if the insurer has waived their right of subrogation in favor of the certificate holder under the Workers' Compensation policy. Evidence may include: a checked ""Waiver of Subrogation"" box on the certificate, mention in the Description of Operations section stating ""waiver of subrogation applies"", or reference to form WC 00 03 13. Look for language like ""subrogation is waived"" or ""per written contract"".",matchOnce,must be present,,Present,compliant,Block Requirements,,,false,1,,2026-08-16
"Block Real Estate Services, LLC",69fdf7a362446148bd85b05e,69fded1462446148bd848dae,First Citizens Bank & Trust Company,69fdf19c8e25e7a0d918870f,"tic665 - Pinnacle Corporate Centre V {Pinnacle V Associates, LLC}",evidenceOfInsurance,Evidence of Insurance,6ac20aae-5728-5d57-b364-aeba38527dba,Additional Requirements,4da5b0f1-4c9d-5885-8cf8-5d3cccaed3e0,"Block Real Estate Services, LLC and all others required by contract are named as Additional Insureds","---prompt---
Determine if the Description of Operations or the Additional Remarks Schedule section states the ""Additional Insured as Construction Management, Inc. and all others required by contract"" or reference to blanket additional insured coverage. Look for language like ""certificate holder is additional insured"" or ""per written contract"".",matchOnce,must be present,,Present,compliant,Block Requirements,,,true,1,,2026-08-16
"Block Real Estate Services, LLC",69fdf7a362446148bd85b05e,69fded1462446148bd848dae,First Citizens Bank & Trust Company,69fdf19c8e25e7a0d918870f,"tic665 - Pinnacle Corporate Centre V {Pinnacle V Associates, LLC}",evidenceOfInsurance,Evidence of Insurance,6ac20aae-5728-5d57-b364-aeba38527dba,Additional Requirements,e1017741-e47e-5f58-97b8-fbc3043e919f,Umbrella follows form over General Liability,"---prompt---
Determine if the Umbrella/Excess Liability policy follows form to the underlying policies. Evidence may include: language in the Description of Operations section stating the umbrella follows form to underlying coverages or an additional page endorsement stating that it follows form. Follow form means the umbrella policy adopts the same terms, conditions, and exclusions as the underlying policies.",matchOnce,must be present,,,non_compliant,Block Requirements,,,true,0,,2026-08-16
"Block Real Estate Services, LLC",69fdf7a362446148bd85b05e,69fded1462446148bd848dae,First Citizens Bank & Trust Company,69fdf19c8e25e7a0d918870f,"tic665 - Pinnacle Corporate Centre V {Pinnacle V Associates, LLC}",evidenceOfInsurance,Evidence of Insurance,6ac20aae-5728-5d57-b364-aeba38527dba,Additional Requirements,2cdd866f-c9a4-576a-afd8-1d045762790c,The location must be listed as: 4001 W. 114th Street Suite 110 Leawood KS 66211,,matchOnce,must be present,,Present,compliant,Block Requirements,,,true,1,,2026-08-16
"Block Real Estate Services, LLC",69fdf7a362446148bd85b05e,69fded1462446148bd848dae,First Citizens Bank & Trust Company,69fdf19c8e25e7a0d918870f,"tic665 - Pinnacle Corporate Centre V {Pinnacle V Associates, LLC}",evidenceOfInsurance,Evidence of Insurance,6ac20aae-5728-5d57-b364-aeba38527dba,Additional Requirements,3649e9d1-4e09-59bf-8f30-cb33c40cf117,"Certificate Holder must read: c/o Block Real Estate Services, LLC, 4622 Pennsylvania St., Suite 700, Kansas City, MO, 64112",,matchOnce,must be present,,Present,compliant,Block Requirements,,,true,1,,2026-08-16
"Block Real Estate Services, LLC",69fdf7a362446148bd85b062,69fded2362446148bd849276,Unum Life Insurance Company of America & Colonial Life Insurance,69fdf19c8e25e7a0d918870f,"tic665 - Pinnacle Corporate Centre V {Pinnacle V Associates, LLC}",evidenceOfInsurance,Evidence of Insurance,commercialGeneralLiability,Commercial General Liability,evidenceOfInsuranceCommercialGeneralLiabilityCoverageTriggerOccurrence,Coverage Trigger: Occurrence,,matchOnce,must be present,,Present,compliant,Block Requirements,,,false,1,,2026-08-16
"Block Real Estate Services, LLC",69fdf7a362446148bd85b062,69fded2362446148bd849276,Unum Life Insurance Company of America & Colonial Life Insurance,69fdf19c8e25e7a0d918870f,"tic665 - Pinnacle Corporate Centre V {Pinnacle V Associates, LLC}",evidenceOfInsurance,Evidence of Insurance,commercialGeneralLiability,Commercial General Liability,evidenceOfInsuranceCommercialGeneralLiabilityGeneralAggregateLimitAppliesPerLocation,General Aggregate Limit Applies per: Location,,matchOnce,must be present,,Present,waived,Block Requirements,Per location not a requirement per lease review,,false,1,,2026-08-16
"Block Real Estate Services, LLC",69fdf7a362446148bd85b062,69fded2362446148bd849276,Unum Life Insurance Company of America & Colonial Life Insurance,69fdf19c8e25e7a0d918870f,"tic665 - Pinnacle Corporate Centre V {Pinnacle V Associates, LLC}",evidenceOfInsurance,Evidence of Insurance,commercialGeneralLiability,Commercial General Liability,evidenceOfInsuranceCommercialGeneralLiabilityEachOccurrence,Each Occurrence,,matchOnce,must be greater or equal to,1000000,1000000,compliant,Block Requirements,,,false,1,,2026-08-16
"Block Real Estate Services, LLC",69fdf7a362446148bd85b062,69fded2362446148bd849276,Unum Life Insurance Company of America & Colonial Life Insurance,69fdf19c8e25e7a0d918870f,"tic665 - Pinnacle Corporate Centre V {Pinnacle V Associates, LLC}",evidenceOfInsurance,Evidence of Insurance,commercialGeneralLiability,Commercial General Liability,evidenceOfInsuranceCommercialGeneralLiabilityGeneralAggregate,General Aggregate,,matchOnce,must be greater or equal to,2000000,5000000,compliant,Block Requirements,,,false,1,,2026-08-16
"Block Real Estate Services, LLC",69fdf7a362446148bd85b062,69fded2362446148bd849276,Unum Life Insurance Company of America & Colonial Life Insurance,69fdf19c8e25e7a0d918870f,"tic665 - Pinnacle Corporate Centre V {Pinnacle V Associates, LLC}",evidenceOfInsurance,Evidence of Insurance,commercialGeneralLiability,Commercial General Liability,evidenceOfInsuranceCommercialGeneralLiabilityWaiverOfSubrogationEndorsement,Waiver of Subrogation,"---prompt---
Determine if the insurer has waived their right of subrogation in favor of the certificate holder under the Commercial General Liability policy. Evidence may include: a checked ""Waiver of Subrogation"" box on the certificate, mention in the Description of Operations section stating ""waiver of subrogation applies"", or reference to form CG 24 04. Look for language like ""subrogation is waived"" or ""per written contract"".",matchOnce,must be present,,Present,compliant,Block Requirements,,,false,1,,2026-08-16
"Block Real Estate Services, LLC",69fdf7a362446148bd85b062,69fded2362446148bd849276,Unum Life Insurance Company of America & Colonial Life Insurance,69fdf19c8e25e7a0d918870f,"tic665 - Pinnacle Corporate Centre V {Pinnacle V Associates, LLC}",evidenceOfInsurance,Evidence of Insurance,excessOrUmbrellaLiability,Umbrella/Excess Liability,evidenceOfInsuranceExcessOrUmbrellaLiabilityOccurence,Coverage Trigger: Occurrence,,matchOnce,must be present,,Present,waived,Block Requirements,,,false,1,,2026-08-16
"Block Real Estate Services, LLC",69fdf7a362446148bd85b062,69fded2362446148bd849276,Unum Life Insurance Company of America & Colonial Life Insurance,69fdf19c8e25e7a0d918870f,"tic665 - Pinnacle Corporate Centre V {Pinnacle V Associates, LLC}",evidenceOfInsurance,Evidence of Insurance,excessOrUmbrellaLiability,Umbrella/Excess Liability,evidenceOfInsuranceExcessOrUmbrellaLiabilityEachOccurrence,Each Occurrence,,matchOnce,must be greater or equal to,1000000,5000000,waived,Block Requirements,,,false,1,,2026-08-16
"Block Real Estate Services, LLC",69fdf7a362446148bd85b062,69fded2362446148bd849276,Unum Life Insurance Company of America & Colonial Life Insurance,69fdf19c8e25e7a0d918870f,"tic665 - Pinnacle Corporate Centre V {Pinnacle V Associates, LLC}",evidenceOfInsurance,Evidence of Insurance,excessOrUmbrellaLiability,Umbrella/Excess Liability,evidenceOfInsuranceExcessOrUmbrellaLiabilityAggregate,Aggregate,,matchOnce,must be greater or equal to,1000000,5000000,waived,Block Requirements,,,false,1,,2026-08-16
"Block Real Estate Services, LLC",69fdf7a362446148bd85b062,69fded2362446148bd849276,Unum Life Insurance Company of America & Colonial Life Insurance,69fdf19c8e25e7a0d918870f,"tic665 - Pinnacle Corporate Centre V {Pinnacle V Associates, LLC}",evidenceOfInsurance,Evidence of Insurance,workersCompensation,Workers' Compensation and Employer's Liability,evidenceOfInsuranceWorkersCompensationStatutoryLimits,Statutory Limits,,matchOnce,must be present,,Present,compliant,Block Requirements,,,false,1,,2026-08-16
"Block Real Estate Services, LLC",69fdf7a362446148bd85b062,69fded2362446148bd849276,Unum Life Insurance Company of America & Colonial Life Insurance,69fdf19c8e25e7a0d918870f,"tic665 - Pinnacle Corporate Centre V {Pinnacle V Associates, LLC}",evidenceOfInsurance,Evidence of Insurance,workersCompensation,Workers' Compensation and Employer's Liability,evidenceOfInsuranceWorkersCompensationEmployersLiabilityEachAccident,Employer's Liability Each Accident,,matchOnce,must be greater or equal to,500000,1000000,compliant,Block Requirements,,,false,1,,2026-08-16
"Block Real Estate Services, LLC",69fdf7a362446148bd85b062,69fded2362446148bd849276,Unum Life Insurance Company of America & Colonial Life Insurance,69fdf19c8e25e7a0d918870f,"tic665 - Pinnacle Corporate Centre V {Pinnacle V Associates, LLC}",evidenceOfInsurance,Evidence of Insurance,workersCompensation,Workers' Compensation and Employer's Liability,evidenceOfInsuranceWorkersCompensationEmployersLiabilityDiseaseEachEmployee,Employer's Liability Disease - each employee,,matchOnce,must be greater or equal to,500000,1000000,compliant,Block Requirements,,,false,1,,2026-08-16
"Block Real Estate Services, LLC",69fdf7a362446148bd85b062,69fded2362446148bd849276,Unum Life Insurance Company of America & Colonial Life Insurance,69fdf19c8e25e7a0d918870f,"tic665 - Pinnacle Corporate Centre V {Pinnacle V Associates, LLC}",evidenceOfInsurance,Evidence of Insurance,workersCompensation,Workers' Compensation and Employer's Liability,evidenceOfInsuranceWorkersCompensationEmployersLiabilityDiseasePolicyLimit,Employer's Liability Disease - policy limit,,matchOnce,must be greater or equal to,500000,1000000,compliant,Block Requirements,,,false,1,,2026-08-16
"Block Real Estate Services, LLC",69fdf7a362446148bd85b062,69fded2362446148bd849276,Unum Life Insurance Company of America & Colonial Life Insurance,69fdf19c8e25e7a0d918870f,"tic665 - Pinnacle Corporate Centre V {Pinnacle V Associates, LLC}",evidenceOfInsurance,Evidence of Insurance,workersCompensation,Workers' Compensation and Employer's Liability,evidenceOfInsuranceWorkersCompensationWaiverOfSubrogationEndorsement,Waiver of Subrogation,"---prompt---
Determine if the insurer has waived their right of subrogation in favor of the certificate holder under the Workers' Compensation policy. Evidence may include: a checked ""Waiver of Subrogation"" box on the certificate, mention in the Description of Operations section stating ""waiver of subrogation applies"", or reference to form WC 00 03 13. Look for language like ""subrogation is waived"" or ""per written contract"".",matchOnce,must be present,,Present,compliant,Block Requirements,,,false,1,,2026-08-16
"Block Real Estate Services, LLC",69fdf7a362446148bd85b062,69fded2362446148bd849276,Unum Life Insurance Company of America & Colonial Life Insurance,69fdf19c8e25e7a0d918870f,"tic665 - Pinnacle Corporate Centre V {Pinnacle V Associates, LLC}",evidenceOfInsurance,Evidence of Insurance,6ac20aae-5728-5d57-b364-aeba38527dba,Additional Requirements,4da5b0f1-4c9d-5885-8cf8-5d3cccaed3e0,"Block Real Estate Services, LLC and all others required by contract are named as Additional Insureds","---prompt---
Determine if the Description of Operations or the Additional Remarks Schedule section states the ""Additional Insured as Construction Management, Inc. and all others required by contract"" or reference to blanket additional insured coverage. Look for language like ""certificate holder is additional insured"" or ""per written contract"".",matchOnce,must be present,,Present,compliant,Block Requirements,,,true,1,,2026-08-16
"Block Real Estate Services, LLC",69fdf7a362446148bd85b062,69fded2362446148bd849276,Unum Life Insurance Company of America & Colonial Life Insurance,69fdf19c8e25e7a0d918870f,"tic665 - Pinnacle Corporate Centre V {Pinnacle V Associates, LLC}",evidenceOfInsurance,Evidence of Insurance,6ac20aae-5728-5d57-b364-aeba38527dba,Additional Requirements,e1017741-e47e-5f58-97b8-fbc3043e919f,Umbrella follows form over General Liability,"---prompt---
Determine if the Umbrella/Excess Liability policy follows form to the underlying policies. Evidence may include: language in the Description of Operations section stating the umbrella follows form to underlying coverages or an additional page endorsement stating that it follows form. Follow form means the umbrella policy adopts the same terms, conditions, and exclusions as the underlying policies.",matchOnce,must be present,,,waived,Block Requirements,Umbrella not a requirement per lease review,,true,0,,2026-08-16
"Block Real Estate Services, LLC",69fdf7a362446148bd85b062,69fded2362446148bd849276,Unum Life Insurance Company of America & Colonial Life Insurance,69fdf19c8e25e7a0d918870f,"tic665 - Pinnacle Corporate Centre V {Pinnacle V Associates, LLC}",evidenceOfInsurance,Evidence of Insurance,6ac20aae-5728-5d57-b364-aeba38527dba,Additional Requirements,2cdd866f-c9a4-576a-afd8-1d045762790c,The location must be listed as: 4001 W. 114th Street Suite 100 Leawood KS 66211,,matchOnce,must be present,,Present,compliant,Block Requirements,,,true,1,,2026-08-16
"Block Real Estate Services, LLC",69fdf7a362446148bd85b062,69fded2362446148bd849276,Unum Life Insurance Company of America & Colonial Life Insurance,69fdf19c8e25e7a0d918870f,"tic665 - Pinnacle Corporate Centre V {Pinnacle V Associates, LLC}",evidenceOfInsurance,Evidence of Insurance,6ac20aae-5728-5d57-b364-aeba38527dba,Additional Requirements,3649e9d1-4e09-59bf-8f30-cb33c40cf117,"Certificate Holder must read: c/o Block Real Estate Services, LLC, 4622 Pennsylvania St., Suite 700, Kansas City, MO, 64112",,matchOnce,must be present,,Present,compliant,Block Requirements,,,true,1,,2026-08-16
"Block Real Estate Services, LLC",69fdf7a362446148bd85b060,69fded1f62446148bd8490e1,"RBC Capital Markets, LLC / Royal Bank of Canada",69fdf19c8e25e7a0d918870f,"tic665 - Pinnacle Corporate Centre V {Pinnacle V Associates, LLC}",evidenceOfInsurance,Evidence of Insurance,commercialGeneralLiability,Commercial General Liability,evidenceOfInsuranceCommercialGeneralLiabilityCoverageTriggerOccurrence,Coverage Trigger: Occurrence,,matchOnce,must be present,,Present,compliant,Block Requirements,,,false,1,,2026-08-16
"Block Real Estate Services, LLC",69fdf7a362446148bd85b060,69fded1f62446148bd8490e1,"RBC Capital Markets, LLC / Royal Bank of Canada",69fdf19c8e25e7a0d918870f,"tic665 - Pinnacle Corporate Centre V {Pinnacle V Associates, LLC}",evidenceOfInsurance,Evidence of Insurance,commercialGeneralLiability,Commercial General Liability,evidenceOfInsuranceCommercialGeneralLiabilityGeneralAggregateLimitAppliesPerLocation,General Aggregate Limit Applies per: Location,,matchOnce,must be present,,,non_compliant,Block Requirements,,,false,0,,2026-08-16
"Block Real Estate Services, LLC",69fdf7a362446148bd85b060,69fded1f62446148bd8490e1,"RBC Capital Markets, LLC / Royal Bank of Canada",69fdf19c8e25e7a0d918870f,"tic665 - Pinnacle Corporate Centre V {Pinnacle V Associates, LLC}",evidenceOfInsurance,Evidence of Insurance,commercialGeneralLiability,Commercial General Liability,evidenceOfInsuranceCommercialGeneralLiabilityEachOccurrence,Each Occurrence,,matchOnce,must be greater or equal to,1000000,5000000,compliant,Block Requirements,,,false,1,,2026-08-16
"Block Real Estate Services, LLC",69fdf7a362446148bd85b060,69fded1f62446148bd8490e1,"RBC Capital Markets, LLC / Royal Bank of Canada",69fdf19c8e25e7a0d918870f,"tic665 - Pinnacle Corporate Centre V {Pinnacle V Associates, LLC}",evidenceOfInsurance,Evidence of Insurance,commercialGeneralLiability,Commercial General Liability,evidenceOfInsuranceCommercialGeneralLiabilityGeneralAggregate,General Aggregate,,matchOnce,must be greater or equal to,2000000,5000000,compliant,Block Requirements,,,false,1,,2026-08-16
"Block Real Estate Services, LLC",69fdf7a362446148bd85b060,69fded1f62446148bd8490e1,"RBC Capital Markets, LLC / Royal Bank of Canada",69fdf19c8e25e7a0d918870f,"tic665 - Pinnacle Corporate Centre V {Pinnacle V Associates, LLC}",evidenceOfInsurance,Evidence of Insurance,commercialGeneralLiability,Commercial General Liability,evidenceOfInsuranceCommercialGeneralLiabilityWaiverOfSubrogationEndorsement,Waiver of Subrogation,"---prompt---
Determine if the insurer has waived their right of subrogation in favor of the certificate holder under the Commercial General Liability policy. Evidence may include: a checked ""Waiver of Subrogation"" box on the certificate, mention in the Description of Operations section stating ""waiver of subrogation applies"", or reference to form CG 24 04. Look for language like ""subrogation is waived"" or ""per written contract"".",matchOnce,must be present,,,non_compliant,Block Requirements,,,false,0,,2026-08-16
"Block Real Estate Services, LLC",69fdf7a362446148bd85b060,69fded1f62446148bd8490e1,"RBC Capital Markets, LLC / Royal Bank of Canada",69fdf19c8e25e7a0d918870f,"tic665 - Pinnacle Corporate Centre V {Pinnacle V Associates, LLC}",evidenceOfInsurance,Evidence of Insurance,excessOrUmbrellaLiability,Umbrella/Excess Liability,evidenceOfInsuranceExcessOrUmbrellaLiabilityOccurence,Coverage Trigger: Occurrence,,matchOnce,must be present,,Present,compliant,Block Requirements,,,false,1,,2026-08-16
"Block Real Estate Services, LLC",69fdf7a362446148bd85b060,69fded1f62446148bd8490e1,"RBC Capital Markets, LLC / Royal Bank of Canada",69fdf19c8e25e7a0d918870f,"tic665 - Pinnacle Corporate Centre V {Pinnacle V Associates, LLC}",evidenceOfInsurance,Evidence of Insurance,excessOrUmbrellaLiability,Umbrella/Excess Liability,evidenceOfInsuranceExcessOrUmbrellaLiabilityEachOccurrence,Each Occurrence,,matchOnce,must be greater or equal to,1000000,10000000,compliant,Block Requirements,,,false,1,,2026-08-16
"Block Real Estate Services, LLC",69fdf7a362446148bd85b060,69fded1f62446148bd8490e1,"RBC Capital Markets, LLC / Royal Bank of Canada",69fdf19c8e25e7a0d918870f,"tic665 - Pinnacle Corporate Centre V {Pinnacle V Associates, LLC}",evidenceOfInsurance,Evidence of Insurance,excessOrUmbrellaLiability,Umbrella/Excess Liability,evidenceOfInsuranceExcessOrUmbrellaLiabilityAggregate,Aggregate,,matchOnce,must be greater or equal to,1000000,10000000,compliant,Block Requirements,,,false,1,,2026-08-16
"Block Real Estate Services, LLC",69fdf7a362446148bd85b060,69fded1f62446148bd8490e1,"RBC Capital Markets, LLC / Royal Bank of Canada",69fdf19c8e25e7a0d918870f,"tic665 - Pinnacle Corporate Centre V {Pinnacle V Associates, LLC}",evidenceOfInsurance,Evidence of Insurance,workersCompensation,Workers' Compensation and Employer's Liability,evidenceOfInsuranceWorkersCompensationStatutoryLimits,Statutory Limits,,matchOnce,must be present,,Present,compliant,Block Requirements,,,false,1,,2026-08-16
"Block Real Estate Services, LLC",69fdf7a362446148bd85b060,69fded1f62446148bd8490e1,"RBC Capital Markets, LLC / Royal Bank of Canada",69fdf19c8e25e7a0d918870f,"tic665 - Pinnacle Corporate Centre V {Pinnacle V Associates, LLC}",evidenceOfInsurance,Evidence of Insurance,workersCompensation,Workers' Compensation and Employer's Liability,evidenceOfInsuranceWorkersCompensationEmployersLiabilityEachAccident,Employer's Liability Each Accident,,matchOnce,must be greater or equal to,500000,1000000,compliant,Block Requirements,,,false,1,,2026-08-16
"Block Real Estate Services, LLC",69fdf7a362446148bd85b060,69fded1f62446148bd8490e1,"RBC Capital Markets, LLC / Royal Bank of Canada",69fdf19c8e25e7a0d918870f,"tic665 - Pinnacle Corporate Centre V {Pinnacle V Associates, LLC}",evidenceOfInsurance,Evidence of Insurance,workersCompensation,Workers' Compensation and Employer's Liability,evidenceOfInsuranceWorkersCompensationEmployersLiabilityDiseaseEachEmployee,Employer's Liability Disease - each employee,,matchOnce,must be greater or equal to,500000,1000000,compliant,Block Requirements,,,false,1,,2026-08-16
"Block Real Estate Services, LLC",69fdf7a362446148bd85b060,69fded1f62446148bd8490e1,"RBC Capital Markets, LLC / Royal Bank of Canada",69fdf19c8e25e7a0d918870f,"tic665 - Pinnacle Corporate Centre V {Pinnacle V Associates, LLC}",evidenceOfInsurance,Evidence of Insurance,workersCompensation,Workers' Compensation and Employer's Liability,evidenceOfInsuranceWorkersCompensationEmployersLiabilityDiseasePolicyLimit,Employer's Liability Disease - policy limit,,matchOnce,must be greater or equal to,500000,1000000,compliant,Block Requirements,,,false,1,,2026-08-16
"Block Real Estate Services, LLC",69fdf7a362446148bd85b060,69fded1f62446148bd8490e1,"RBC Capital Markets, LLC / Royal Bank of Canada",69fdf19c8e25e7a0d918870f,"tic665 - Pinnacle Corporate Centre V {Pinnacle V Associates, LLC}",evidenceOfInsurance,Evidence of Insurance,workersCompensation,Workers' Compensation and Employer's Liability,evidenceOfInsuranceWorkersCompensationWaiverOfSubrogationEndorsement,Waiver of Subrogation,"---prompt---
Determine if the insurer has waived their right of subrogation in favor of the certificate holder under the Workers' Compensation policy. Evidence may include: a checked ""Waiver of Subrogation"" box on the certificate, mention in the Description of Operations section stating ""waiver of subrogation applies"", or reference to form WC 00 03 13. Look for language like ""subrogation is waived"" or ""per written contract"".",matchOnce,must be present,,Present,compliant,Block Requirements,,,false,1,,2026-08-16
"Block Real Estate Services, LLC",69fdf7a362446148bd85b060,69fded1f62446148bd8490e1,"RBC Capital Markets, LLC / Royal Bank of Canada",69fdf19c8e25e7a0d918870f,"tic665 - Pinnacle Corporate Centre V {Pinnacle V Associates, LLC}",evidenceOfInsurance,Evidence of Insurance,6ac20aae-5728-5d57-b364-aeba38527dba,Additional Requirements,4da5b0f1-4c9d-5885-8cf8-5d3cccaed3e0,"Block Real Estate Services, LLC and all others required by contract are named as Additional Insureds","---prompt---
Determine if the Description of Operations or the Additional Remarks Schedule section states the ""Additional Insured as Construction Management, Inc. and all others required by contract"" or reference to blanket additional insured coverage. Look for language like ""certificate holder is additional insured"" or ""per written contract"".",matchOnce,must be present,,,non_compliant,Block Requirements,,,true,0,,2026-08-16
"Block Real Estate Services, LLC",69fdf7a362446148bd85b060,69fded1f62446148bd8490e1,"RBC Capital Markets, LLC / Royal Bank of Canada",69fdf19c8e25e7a0d918870f,"tic665 - Pinnacle Corporate Centre V {Pinnacle V Associates, LLC}",evidenceOfInsurance,Evidence of Insurance,6ac20aae-5728-5d57-b364-aeba38527dba,Additional Requirements,e1017741-e47e-5f58-97b8-fbc3043e919f,Umbrella follows form over General Liability,"---prompt---
Determine if the Umbrella/Excess Liability policy follows form to the underlying policies. Evidence may include: language in the Description of Operations section stating the umbrella follows form to underlying coverages or an additional page endorsement stating that it follows form. Follow form means the umbrella policy adopts the same terms, conditions, and exclusions as the underlying policies.",matchOnce,must be present,,Present,compliant,Block Requirements,,,true,1,,2026-08-16
"Block Real Estate Services, LLC",69fdf7a362446148bd85b060,69fded1f62446148bd8490e1,"RBC Capital Markets, LLC / Royal Bank of Canada",69fdf19c8e25e7a0d918870f,"tic665 - Pinnacle Corporate Centre V {Pinnacle V Associates, LLC}",evidenceOfInsurance,Evidence of Insurance,6ac20aae-5728-5d57-b364-aeba38527dba,Additional Requirements,2cdd866f-c9a4-576a-afd8-1d045762790c,"The location must be listed as: 4001 W. 114th Street Suites 200, 205, 210, 250 Leawood KS 66211",,matchOnce,must be present,,,non_compliant,Block Requirements,,,true,0,,2026-08-16
"Block Real Estate Services, LLC",69fdf7a362446148bd85b060,69fded1f62446148bd8490e1,"RBC Capital Markets, LLC / Royal Bank of Canada",69fdf19c8e25e7a0d918870f,"tic665 - Pinnacle Corporate Centre V {Pinnacle V Associates, LLC}",evidenceOfInsurance,Evidence of Insurance,6ac20aae-5728-5d57-b364-aeba38527dba,Additional Requirements,3649e9d1-4e09-59bf-8f30-cb33c40cf117,"Certificate Holder must read: c/o Block Real Estate Services, LLC, 4622 Pennsylvania St., Suite 700, Kansas City, MO, 64112",,matchOnce,must be present,,Present,compliant,Block Requirements,,,true,1,,2026-08-16
"Block Real Estate Services, LLC",69fdf7a362446148bd85b05f,69fded1562446148bd848dcf,Frey Commodities USA Inc,69fdf19c8e25e7a0d918870f,"tic665 - Pinnacle Corporate Centre V {Pinnacle V Associates, LLC}",evidenceOfInsurance,Evidence of Insurance,commercialGeneralLiability,Commercial General Liability,evidenceOfInsuranceCommercialGeneralLiabilityCoverageTriggerOccurrence,Coverage Trigger: Occurrence,,matchOnce,must be present,,Present,compliant,Block Requirements,,,false,1,,2026-08-16
"Block Real Estate Services, LLC",69fdf7a362446148bd85b05f,69fded1562446148bd848dcf,Frey Commodities USA Inc,69fdf19c8e25e7a0d918870f,"tic665 - Pinnacle Corporate Centre V {Pinnacle V Associates, LLC}",evidenceOfInsurance,Evidence of Insurance,commercialGeneralLiability,Commercial General Liability,evidenceOfInsuranceCommercialGeneralLiabilityGeneralAggregateLimitAppliesPerLocation,General Aggregate Limit Applies per: Location,,matchOnce,must be present,,,non_compliant,Block Requirements,,,false,0,,2026-08-16
"Block Real Estate Services, LLC",69fdf7a362446148bd85b05f,69fded1562446148bd848dcf,Frey Commodities USA Inc,69fdf19c8e25e7a0d918870f,"tic665 - Pinnacle Corporate Centre V {Pinnacle V Associates, LLC}",evidenceOfInsurance,Evidence of Insurance,commercialGeneralLiability,Commercial General Liability,evidenceOfInsuranceCommercialGeneralLiabilityEachOccurrence,Each Occurrence,,matchOnce,must be greater or equal to,1000000,2000000,compliant,Block Requirements,,,false,1,,2026-08-16
"Block Real Estate Services, LLC",69fdf7a362446148bd85b05f,69fded1562446148bd848dcf,Frey Commodities USA Inc,69fdf19c8e25e7a0d918870f,"tic665 - Pinnacle Corporate Centre V {Pinnacle V Associates, LLC}",evidenceOfInsurance,Evidence of Insurance,commercialGeneralLiability,Commercial General Liability,evidenceOfInsuranceCommercialGeneralLiabilityGeneralAggregate,General Aggregate,,matchOnce,must be greater or equal to,2000000,2000000,compliant,Block Requirements,,,false,1,,2026-08-16
"Block Real Estate Services, LLC",69fdf7a362446148bd85b05f,69fded1562446148bd848dcf,Frey Commodities USA Inc,69fdf19c8e25e7a0d918870f,"tic665 - Pinnacle Corporate Centre V {Pinnacle V Associates, LLC}",evidenceOfInsurance,Evidence of Insurance,commercialGeneralLiability,Commercial General Liability,evidenceOfInsuranceCommercialGeneralLiabilityWaiverOfSubrogationEndorsement,Waiver of Subrogation,"---prompt---
Determine if the insurer has waived their right of subrogation in favor of the certificate holder under the Commercial General Liability policy. Evidence may include: a checked ""Waiver of Subrogation"" box on the certificate, mention in the Description of Operations section stating ""waiver of subrogation applies"", or reference to form CG 24 04. Look for language like ""subrogation is waived"" or ""per written contract"".",matchOnce,must be present,,,non_compliant,Block Requirements,,,false,0,,2026-08-16
"Block Real Estate Services, LLC",69fdf7a362446148bd85b05f,69fded1562446148bd848dcf,Frey Commodities USA Inc,69fdf19c8e25e7a0d918870f,"tic665 - Pinnacle Corporate Centre V {Pinnacle V Associates, LLC}",evidenceOfInsurance,Evidence of Insurance,excessOrUmbrellaLiability,Umbrella/Excess Liability,evidenceOfInsuranceExcessOrUmbrellaLiabilityOccurence,Coverage Trigger: Occurrence,,matchOnce,must be present,,Present,compliant,Block Requirements,,,false,1,,2026-08-16
"Block Real Estate Services, LLC",69fdf7a362446148bd85b05f,69fded1562446148bd848dcf,Frey Commodities USA Inc,69fdf19c8e25e7a0d918870f,"tic665 - Pinnacle Corporate Centre V {Pinnacle V Associates, LLC}",evidenceOfInsurance,Evidence of Insurance,excessOrUmbrellaLiability,Umbrella/Excess Liability,evidenceOfInsuranceExcessOrUmbrellaLiabilityEachOccurrence,Each Occurrence,,matchOnce,must be greater or equal to,1000000,10000000,compliant,Block Requirements,,,false,1,,2026-08-16
"Block Real Estate Services, LLC",69fdf7a362446148bd85b05f,69fded1562446148bd848dcf,Frey Commodities USA Inc,69fdf19c8e25e7a0d918870f,"tic665 - Pinnacle Corporate Centre V {Pinnacle V Associates, LLC}",evidenceOfInsurance,Evidence of Insurance,excessOrUmbrellaLiability,Umbrella/Excess Liability,evidenceOfInsuranceExcessOrUmbrellaLiabilityAggregate,Aggregate,,matchOnce,must be greater or equal to,1000000,,overridden,Block Requirements,Each Occurrence meets Aggregate limit,,false,0,2027-01-01,2026-08-16
"Block Real Estate Services, LLC",69fdf7a362446148bd85b05f,69fded1562446148bd848dcf,Frey Commodities USA Inc,69fdf19c8e25e7a0d918870f,"tic665 - Pinnacle Corporate Centre V {Pinnacle V Associates, LLC}",evidenceOfInsurance,Evidence of Insurance,workersCompensation,Workers' Compensation and Employer's Liability,evidenceOfInsuranceWorkersCompensationStatutoryLimits,Statutory Limits,,matchOnce,must be present,,Present,compliant,Block Requirements,,,false,1,,2026-08-16
"Block Real Estate Services, LLC",69fdf7a362446148bd85b05f,69fded1562446148bd848dcf,Frey Commodities USA Inc,69fdf19c8e25e7a0d918870f,"tic665 - Pinnacle Corporate Centre V {Pinnacle V Associates, LLC}",evidenceOfInsurance,Evidence of Insurance,workersCompensation,Workers' Compensation and Employer's Liability,evidenceOfInsuranceWorkersCompensationEmployersLiabilityEachAccident,Employer's Liability Each Accident,,matchOnce,must be greater or equal to,500000,1000000,compliant,Block Requirements,,,false,1,,2026-08-16
"Block Real Estate Services, LLC",69fdf7a362446148bd85b05f,69fded1562446148bd848dcf,Frey Commodities USA Inc,69fdf19c8e25e7a0d918870f,"tic665 - Pinnacle Corporate Centre V {Pinnacle V Associates, LLC}",evidenceOfInsurance,Evidence of Insurance,workersCompensation,Workers' Compensation and Employer's Liability,evidenceOfInsuranceWorkersCompensationEmployersLiabilityDiseaseEachEmployee,Employer's Liability Disease - each employee,,matchOnce,must be greater or equal to,500000,1000000,compliant,Block Requirements,,,false,1,,2026-08-16
"Block Real Estate Services, LLC",69fdf7a362446148bd85b05f,69fded1562446148bd848dcf,Frey Commodities USA Inc,69fdf19c8e25e7a0d918870f,"tic665 - Pinnacle Corporate Centre V {Pinnacle V Associates, LLC}",evidenceOfInsurance,Evidence of Insurance,workersCompensation,Workers' Compensation and Employer's Liability,evidenceOfInsuranceWorkersCompensationEmployersLiabilityDiseasePolicyLimit,Employer's Liability Disease - policy limit,,matchOnce,must be greater or equal to,500000,1000000,compliant,Block Requirements,,,false,1,,2026-08-16
"Block Real Estate Services, LLC",69fdf7a362446148bd85b05f,69fded1562446148bd848dcf,Frey Commodities USA Inc,69fdf19c8e25e7a0d918870f,"tic665 - Pinnacle Corporate Centre V {Pinnacle V Associates, LLC}",evidenceOfInsurance,Evidence of Insurance,workersCompensation,Workers' Compensation and Employer's Liability,evidenceOfInsuranceWorkersCompensationWaiverOfSubrogationEndorsement,Waiver of Subrogation,"---prompt---
Determine if the insurer has waived their right of subrogation in favor of the certificate holder under the Workers' Compensation policy. Evidence may include: a checked ""Waiver of Subrogation"" box on the certificate, mention in the Description of Operations section stating ""waiver of subrogation applies"", or reference to form WC 00 03 13. Look for language like ""subrogation is waived"" or ""per written contract"".",matchOnce,must be present,,,non_compliant,Block Requirements,,,false,0,,2026-08-16
"Block Real Estate Services, LLC",69fdf7a362446148bd85b05f,69fded1562446148bd848dcf,Frey Commodities USA Inc,69fdf19c8e25e7a0d918870f,"tic665 - Pinnacle Corporate Centre V {Pinnacle V Associates, LLC}",evidenceOfInsurance,Evidence of Insurance,6ac20aae-5728-5d57-b364-aeba38527dba,Additional Requirements,4da5b0f1-4c9d-5885-8cf8-5d3cccaed3e0,"Block Real Estate Services, LLC and all others required by contract are named as Additional Insureds","---prompt---
Determine if the Description of Operations or the Additional Remarks Schedule section states the ""Additional Insured as Construction Management, Inc. and all others required by contract"" or reference to blanket additional insured coverage. Look for language like ""certificate holder is additional insured"" or ""per written contract"".",matchOnce,must be present,,Present,compliant,Block Requirements,,,true,1,,2026-08-16
"Block Real Estate Services, LLC",69fdf7a362446148bd85b05f,69fded1562446148bd848dcf,Frey Commodities USA Inc,69fdf19c8e25e7a0d918870f,"tic665 - Pinnacle Corporate Centre V {Pinnacle V Associates, LLC}",evidenceOfInsurance,Evidence of Insurance,6ac20aae-5728-5d57-b364-aeba38527dba,Additional Requirements,e1017741-e47e-5f58-97b8-fbc3043e919f,Umbrella follows form over General Liability,"---prompt---
Determine if the Umbrella/Excess Liability policy follows form to the underlying policies. Evidence may include: language in the Description of Operations section stating the umbrella follows form to underlying coverages or an additional page endorsement stating that it follows form. Follow form means the umbrella policy adopts the same terms, conditions, and exclusions as the underlying policies.",matchOnce,must be present,,,non_compliant,Block Requirements,,,true,0,,2026-08-16
"Block Real Estate Services, LLC",69fdf7a362446148bd85b05f,69fded1562446148bd848dcf,Frey Commodities USA Inc,69fdf19c8e25e7a0d918870f,"tic665 - Pinnacle Corporate Centre V {Pinnacle V Associates, LLC}",evidenceOfInsurance,Evidence of Insurance,6ac20aae-5728-5d57-b364-aeba38527dba,Additional Requirements,2cdd866f-c9a4-576a-afd8-1d045762790c,The location must be listed as: 4001 W. 114th Street Suite 120 Leawood KS 66211,,matchOnce,must be present,,Present,compliant,Block Requirements,,,true,1,,2026-08-16
"Block Real Estate Services, LLC",69fdf7a362446148bd85b05f,69fded1562446148bd848dcf,Frey Commodities USA Inc,69fdf19c8e25e7a0d918870f,"tic665 - Pinnacle Corporate Centre V {Pinnacle V Associates, LLC}",evidenceOfInsurance,Evidence of Insurance,6ac20aae-5728-5d57-b364-aeba38527dba,Additional Requirements,3649e9d1-4e09-59bf-8f30-cb33c40cf117,"Certificate Holder must read: c/o Block Real Estate Services, LLC, 4622 Pennsylvania St., Suite 700, Kansas City, MO, 64112",,matchOnce,must be present,,Present,compliant,Block Requirements,,,true,1,,2026-08-16
"Block Real Estate Services, LLC",69fdf7a362446148bd85b061,69fded2362446148bd849249,Twentyseven Global LLC,69fdf19c8e25e7a0d918870f,"tic665 - Pinnacle Corporate Centre V {Pinnacle V Associates, LLC}",evidenceOfInsurance,Evidence of Insurance,commercialGeneralLiability,Commercial General Liability,evidenceOfInsuranceCommercialGeneralLiabilityCoverageTriggerOccurrence,Coverage Trigger: Occurrence,,matchOnce,must be present,,,non_compliant,Block Requirements,,,false,0,,2026-08-16
"Block Real Estate Services, LLC",69fdf7a362446148bd85b061,69fded2362446148bd849249,Twentyseven Global LLC,69fdf19c8e25e7a0d918870f,"tic665 - Pinnacle Corporate Centre V {Pinnacle V Associates, LLC}",evidenceOfInsurance,Evidence of Insurance,commercialGeneralLiability,Commercial General Liability,evidenceOfInsuranceCommercialGeneralLiabilityGeneralAggregateLimitAppliesPerLocation,General Aggregate Limit Applies per: Location,,matchOnce,must be present,,,non_compliant,Block Requirements,,,false,0,,2026-08-16
"Block Real Estate Services, LLC",69fdf7a362446148bd85b061,69fded2362446148bd849249,Twentyseven Global LLC,69fdf19c8e25e7a0d918870f,"tic665 - Pinnacle Corporate Centre V {Pinnacle V Associates, LLC}",evidenceOfInsurance,Evidence of Insurance,commercialGeneralLiability,Commercial General Liability,evidenceOfInsuranceCommercialGeneralLiabilityEachOccurrence,Each Occurrence,,matchOnce,must be greater or equal to,1000000,,non_compliant,Block Requirements,,,false,0,,2026-08-16
"Block Real Estate Services, LLC",69fdf7a362446148bd85b061,69fded2362446148bd849249,Twentyseven Global LLC,69fdf19c8e25e7a0d918870f,"tic665 - Pinnacle Corporate Centre V {Pinnacle V Associates, LLC}",evidenceOfInsurance,Evidence of Insurance,commercialGeneralLiability,Commercial General Liability,evidenceOfInsuranceCommercialGeneralLiabilityGeneralAggregate,General Aggregate,,matchOnce,must be greater or equal to,2000000,,non_compliant,Block Requirements,,,false,0,,2026-08-16
"Block Real Estate Services, LLC",69fdf7a362446148bd85b061,69fded2362446148bd849249,Twentyseven Global LLC,69fdf19c8e25e7a0d918870f,"tic665 - Pinnacle Corporate Centre V {Pinnacle V Associates, LLC}",evidenceOfInsurance,Evidence of Insurance,commercialGeneralLiability,Commercial General Liability,evidenceOfInsuranceCommercialGeneralLiabilityWaiverOfSubrogationEndorsement,Waiver of Subrogation,"---prompt---
Determine if the insurer has waived their right of subrogation in favor of the certificate holder under the Commercial General Liability policy. Evidence may include: a checked ""Waiver of Subrogation"" box on the certificate, mention in the Description of Operations section stating ""waiver of subrogation applies"", or reference to form CG 24 04. Look for language like ""subrogation is waived"" or ""per written contract"".",matchOnce,must be present,,,non_compliant,Block Requirements,,,false,0,,2026-08-16
"Block Real Estate Services, LLC",69fdf7a362446148bd85b061,69fded2362446148bd849249,Twentyseven Global LLC,69fdf19c8e25e7a0d918870f,"tic665 - Pinnacle Corporate Centre V {Pinnacle V Associates, LLC}",evidenceOfInsurance,Evidence of Insurance,excessOrUmbrellaLiability,Umbrella/Excess Liability,evidenceOfInsuranceExcessOrUmbrellaLiabilityOccurence,Coverage Trigger: Occurrence,,matchOnce,must be present,,,non_compliant,Block Requirements,,,false,0,,2026-08-16
"Block Real Estate Services, LLC",69fdf7a362446148bd85b061,69fded2362446148bd849249,Twentyseven Global LLC,69fdf19c8e25e7a0d918870f,"tic665 - Pinnacle Corporate Centre V {Pinnacle V Associates, LLC}",evidenceOfInsurance,Evidence of Insurance,excessOrUmbrellaLiability,Umbrella/Excess Liability,evidenceOfInsuranceExcessOrUmbrellaLiabilityEachOccurrence,Each Occurrence,,matchOnce,must be greater or equal to,1000000,,non_compliant,Block Requirements,,,false,0,,2026-08-16
"Block Real Estate Services, LLC",69fdf7a362446148bd85b061,69fded2362446148bd849249,Twentyseven Global LLC,69fdf19c8e25e7a0d918870f,"tic665 - Pinnacle Corporate Centre V {Pinnacle V Associates, LLC}",evidenceOfInsurance,Evidence of Insurance,excessOrUmbrellaLiability,Umbrella/Excess Liability,evidenceOfInsuranceExcessOrUmbrellaLiabilityAggregate,Aggregate,,matchOnce,must be greater or equal to,1000000,,non_compliant,Block Requirements,,,false,0,,2026-08-16
"Block Real Estate Services, LLC",69fdf7a362446148bd85b061,69fded2362446148bd849249,Twentyseven Global LLC,69fdf19c8e25e7a0d918870f,"tic665 - Pinnacle Corporate Centre V {Pinnacle V Associates, LLC}",evidenceOfInsurance,Evidence of Insurance,workersCompensation,Workers' Compensation and Employer's Liability,evidenceOfInsuranceWorkersCompensationStatutoryLimits,Statutory Limits,,matchOnce,must be present,,,non_compliant,Block Requirements,,,false,0,,2026-08-16
"Block Real Estate Services, LLC",69fdf7a362446148bd85b061,69fded2362446148bd849249,Twentyseven Global LLC,69fdf19c8e25e7a0d918870f,"tic665 - Pinnacle Corporate Centre V {Pinnacle V Associates, LLC}",evidenceOfInsurance,Evidence of Insurance,workersCompensation,Workers' Compensation and Employer's Liability,evidenceOfInsuranceWorkersCompensationEmployersLiabilityEachAccident,Employer's Liability Each Accident,,matchOnce,must be greater or equal to,500000,,non_compliant,Block Requirements,,,false,0,,2026-08-16
"Block Real Estate Services, LLC",69fdf7a362446148bd85b061,69fded2362446148bd849249,Twentyseven Global LLC,69fdf19c8e25e7a0d918870f,"tic665 - Pinnacle Corporate Centre V {Pinnacle V Associates, LLC}",evidenceOfInsurance,Evidence of Insurance,workersCompensation,Workers' Compensation and Employer's Liability,evidenceOfInsuranceWorkersCompensationEmployersLiabilityDiseaseEachEmployee,Employer's Liability Disease - each employee,,matchOnce,must be greater or equal to,500000,,non_compliant,Block Requirements,,,false,0,,2026-08-16
"Block Real Estate Services, LLC",69fdf7a362446148bd85b061,69fded2362446148bd849249,Twentyseven Global LLC,69fdf19c8e25e7a0d918870f,"tic665 - Pinnacle Corporate Centre V {Pinnacle V Associates, LLC}",evidenceOfInsurance,Evidence of Insurance,workersCompensation,Workers' Compensation and Employer's Liability,evidenceOfInsuranceWorkersCompensationEmployersLiabilityDiseasePolicyLimit,Employer's Liability Disease - policy limit,,matchOnce,must be greater or equal to,500000,,non_compliant,Block Requirements,,,false,0,,2026-08-16
"Block Real Estate Services, LLC",69fdf7a362446148bd85b061,69fded2362446148bd849249,Twentyseven Global LLC,69fdf19c8e25e7a0d918870f,"tic665 - Pinnacle Corporate Centre V {Pinnacle V Associates, LLC}",evidenceOfInsurance,Evidence of Insurance,workersCompensation,Workers' Compensation and Employer's Liability,evidenceOfInsuranceWorkersCompensationWaiverOfSubrogationEndorsement,Waiver of Subrogation,"---prompt---
Determine if the insurer has waived their right of subrogation in favor of the certificate holder under the Workers' Compensation policy. Evidence may include: a checked ""Waiver of Subrogation"" box on the certificate, mention in the Description of Operations section stating ""waiver of subrogation applies"", or reference to form WC 00 03 13. Look for language like ""subrogation is waived"" or ""per written contract"".",matchOnce,must be present,,,non_compliant,Block Requirements,,,false,0,,2026-08-16
"Block Real Estate Services, LLC",69fdf7a362446148bd85b061,69fded2362446148bd849249,Twentyseven Global LLC,69fdf19c8e25e7a0d918870f,"tic665 - Pinnacle Corporate Centre V {Pinnacle V Associates, LLC}",evidenceOfInsurance,Evidence of Insurance,6ac20aae-5728-5d57-b364-aeba38527dba,Additional Requirements,4da5b0f1-4c9d-5885-8cf8-5d3cccaed3e0,"Block Real Estate Services, LLC and all others required by contract are named as Additional Insureds","---prompt---
Determine if the Description of Operations or the Additional Remarks Schedule section states the ""Additional Insured as Construction Management, Inc. and all others required by contract"" or reference to blanket additional insured coverage. Look for language like ""certificate holder is additional insured"" or ""per written contract"".",matchOnce,must be present,,,non_compliant,Block Requirements,,,true,0,,2026-08-16
"Block Real Estate Services, LLC",69fdf7a362446148bd85b061,69fded2362446148bd849249,Twentyseven Global LLC,69fdf19c8e25e7a0d918870f,"tic665 - Pinnacle Corporate Centre V {Pinnacle V Associates, LLC}",evidenceOfInsurance,Evidence of Insurance,6ac20aae-5728-5d57-b364-aeba38527dba,Additional Requirements,e1017741-e47e-5f58-97b8-fbc3043e919f,Umbrella follows form over General Liability,"---prompt---
Determine if the Umbrella/Excess Liability policy follows form to the underlying policies. Evidence may include: language in the Description of Operations section stating the umbrella follows form to underlying coverages or an additional page endorsement stating that it follows form. Follow form means the umbrella policy adopts the same terms, conditions, and exclusions as the underlying policies.",matchOnce,must be present,,,non_compliant,Block Requirements,,,true,0,,2026-08-16
"Block Real Estate Services, LLC",69fdf7a362446148bd85b061,69fded2362446148bd849249,Twentyseven Global LLC,69fdf19c8e25e7a0d918870f,"tic665 - Pinnacle Corporate Centre V {Pinnacle V Associates, LLC}",evidenceOfInsurance,Evidence of Insurance,6ac20aae-5728-5d57-b364-aeba38527dba,Additional Requirements,2cdd866f-c9a4-576a-afd8-1d045762790c,The location must be listed as: 4001 W. 114th Street Suite 105 Leawood KS 66211,,matchOnce,must be present,,,non_compliant,Block Requirements,,,true,0,,2026-08-16
"Block Real Estate Services, LLC",69fdf7a362446148bd85b061,69fded2362446148bd849249,Twentyseven Global LLC,69fdf19c8e25e7a0d918870f,"tic665 - Pinnacle Corporate Centre V {Pinnacle V Associates, LLC}",evidenceOfInsurance,Evidence of Insurance,6ac20aae-5728-5d57-b364-aeba38527dba,Additional Requirements,3649e9d1-4e09-59bf-8f30-cb33c40cf117,"Certificate Holder must read: c/o Block Real Estate Services, LLC, 4622 Pennsylvania St., Suite 700, Kansas City, MO, 64112",,matchOnce,must be present,,,non_compliant,Block Requirements,,,true,0,,2026-08-16
"Block Real Estate Services, LLC",69fdf7a362446148bd85b05d,69fded1162446148bd848ca9,Core Adventures LLC,69fdf19c8e25e7a0d918870f,"tic665 - Pinnacle Corporate Centre V {Pinnacle V Associates, LLC}",evidenceOfInsurance,Evidence of Insurance,commercialGeneralLiability,Commercial General Liability,evidenceOfInsuranceCommercialGeneralLiabilityCoverageTriggerOccurrence,Coverage Trigger: Occurrence,,matchOnce,must be present,,Present,compliant,Block Requirements,,,false,1,,2026-08-16
"Block Real Estate Services, LLC",69fdf7a362446148bd85b05d,69fded1162446148bd848ca9,Core Adventures LLC,69fdf19c8e25e7a0d918870f,"tic665 - Pinnacle Corporate Centre V {Pinnacle V Associates, LLC}",evidenceOfInsurance,Evidence of Insurance,commercialGeneralLiability,Commercial General Liability,evidenceOfInsuranceCommercialGeneralLiabilityGeneralAggregateLimitAppliesPerLocation,General Aggregate Limit Applies per: Location,,matchOnce,must be present,,Present,compliant,Block Requirements,,,false,1,,2026-08-16
"Block Real Estate Services, LLC",69fdf7a362446148bd85b05d,69fded1162446148bd848ca9,Core Adventures LLC,69fdf19c8e25e7a0d918870f,"tic665 - Pinnacle Corporate Centre V {Pinnacle V Associates, LLC}",evidenceOfInsurance,Evidence of Insurance,commercialGeneralLiability,Commercial General Liability,evidenceOfInsuranceCommercialGeneralLiabilityEachOccurrence,Each Occurrence,,matchOnce,must be greater or equal to,1000000,2000000,compliant,Block Requirements,,,false,1,,2026-08-16
"Block Real Estate Services, LLC",69fdf7a362446148bd85b05d,69fded1162446148bd848ca9,Core Adventures LLC,69fdf19c8e25e7a0d918870f,"tic665 - Pinnacle Corporate Centre V {Pinnacle V Associates, LLC}",evidenceOfInsurance,Evidence of Insurance,commercialGeneralLiability,Commercial General Liability,evidenceOfInsuranceCommercialGeneralLiabilityGeneralAggregate,General Aggregate,,matchOnce,must be greater or equal to,2000000,4000000,compliant,Block Requirements,,,false,1,,2026-08-16
"Block Real Estate Services, LLC",69fdf7a362446148bd85b05d,69fded1162446148bd848ca9,Core Adventures LLC,69fdf19c8e25e7a0d918870f,"tic665 - Pinnacle Corporate Centre V {Pinnacle V Associates, LLC}",evidenceOfInsurance,Evidence of Insurance,commercialGeneralLiability,Commercial General Liability,evidenceOfInsuranceCommercialGeneralLiabilityWaiverOfSubrogationEndorsement,Waiver of Subrogation,"---prompt---
Determine if the insurer has waived their right of subrogation in favor of the certificate holder under the Commercial General Liability policy. Evidence may include: a checked ""Waiver of Subrogation"" box on the certificate, mention in the Description of Operations section stating ""waiver of subrogation applies"", or reference to form CG 24 04. Look for language like ""subrogation is waived"" or ""per written contract"".",matchOnce,must be present,,Present,compliant,Block Requirements,,,false,1,,2026-08-16
"Block Real Estate Services, LLC",69fdf7a362446148bd85b05d,69fded1162446148bd848ca9,Core Adventures LLC,69fdf19c8e25e7a0d918870f,"tic665 - Pinnacle Corporate Centre V {Pinnacle V Associates, LLC}",evidenceOfInsurance,Evidence of Insurance,excessOrUmbrellaLiability,Umbrella/Excess Liability,evidenceOfInsuranceExcessOrUmbrellaLiabilityOccurence,Coverage Trigger: Occurrence,,matchOnce,must be present,,,waived,Block Requirements,,,false,0,,2026-08-16
"Block Real Estate Services, LLC",69fdf7a362446148bd85b05d,69fded1162446148bd848ca9,Core Adventures LLC,69fdf19c8e25e7a0d918870f,"tic665 - Pinnacle Corporate Centre V {Pinnacle V Associates, LLC}",evidenceOfInsurance,Evidence of Insurance,excessOrUmbrellaLiability,Umbrella/Excess Liability,evidenceOfInsuranceExcessOrUmbrellaLiabilityEachOccurrence,Each Occurrence,,matchOnce,must be greater or equal to,1000000,,waived,Block Requirements,,,false,0,,2026-08-16
"Block Real Estate Services, LLC",69fdf7a362446148bd85b05d,69fded1162446148bd848ca9,Core Adventures LLC,69fdf19c8e25e7a0d918870f,"tic665 - Pinnacle Corporate Centre V {Pinnacle V Associates, LLC}",evidenceOfInsurance,Evidence of Insurance,excessOrUmbrellaLiability,Umbrella/Excess Liability,evidenceOfInsuranceExcessOrUmbrellaLiabilityAggregate,Aggregate,,matchOnce,must be greater or equal to,1000000,,waived,Block Requirements,,,false,0,,2026-08-16
"Block Real Estate Services, LLC",69fdf7a362446148bd85b05d,69fded1162446148bd848ca9,Core Adventures LLC,69fdf19c8e25e7a0d918870f,"tic665 - Pinnacle Corporate Centre V {Pinnacle V Associates, LLC}",evidenceOfInsurance,Evidence of Insurance,workersCompensation,Workers' Compensation and Employer's Liability,evidenceOfInsuranceWorkersCompensationStatutoryLimits,Statutory Limits,,matchOnce,must be present,,Present,compliant,Block Requirements,,,false,1,,2026-08-16
"Block Real Estate Services, LLC",69fdf7a362446148bd85b05d,69fded1162446148bd848ca9,Core Adventures LLC,69fdf19c8e25e7a0d918870f,"tic665 - Pinnacle Corporate Centre V {Pinnacle V Associates, LLC}",evidenceOfInsurance,Evidence of Insurance,workersCompensation,Workers' Compensation and Employer's Liability,evidenceOfInsuranceWorkersCompensationEmployersLiabilityEachAccident,Employer's Liability Each Accident,,matchOnce,must be greater or equal to,500000,1000000,compliant,Block Requirements,,,false,1,,2026-08-16
"Block Real Estate Services, LLC",69fdf7a362446148bd85b05d,69fded1162446148bd848ca9,Core Adventures LLC,69fdf19c8e25e7a0d918870f,"tic665 - Pinnacle Corporate Centre V {Pinnacle V Associates, LLC}",evidenceOfInsurance,Evidence of Insurance,workersCompensation,Workers' Compensation and Employer's Liability,evidenceOfInsuranceWorkersCompensationEmployersLiabilityDiseaseEachEmployee,Employer's Liability Disease - each employee,,matchOnce,must be greater or equal to,500000,1000000,compliant,Block Requirements,,,false,1,,2026-08-16
"Block Real Estate Services, LLC",69fdf7a362446148bd85b05d,69fded1162446148bd848ca9,Core Adventures LLC,69fdf19c8e25e7a0d918870f,"tic665 - Pinnacle Corporate Centre V {Pinnacle V Associates, LLC}",evidenceOfInsurance,Evidence of Insurance,workersCompensation,Workers' Compensation and Employer's Liability,evidenceOfInsuranceWorkersCompensationEmployersLiabilityDiseasePolicyLimit,Employer's Liability Disease - policy limit,,matchOnce,must be greater or equal to,500000,1000000,compliant,Block Requirements,,,false,1,,2026-08-16
"Block Real Estate Services, LLC",69fdf7a362446148bd85b05d,69fded1162446148bd848ca9,Core Adventures LLC,69fdf19c8e25e7a0d918870f,"tic665 - Pinnacle Corporate Centre V {Pinnacle V Associates, LLC}",evidenceOfInsurance,Evidence of Insurance,workersCompensation,Workers' Compensation and Employer's Liability,evidenceOfInsuranceWorkersCompensationWaiverOfSubrogationEndorsement,Waiver of Subrogation,"---prompt---
Determine if the insurer has waived their right of subrogation in favor of the certificate holder under the Workers' Compensation policy. Evidence may include: a checked ""Waiver of Subrogation"" box on the certificate, mention in the Description of Operations section stating ""waiver of subrogation applies"", or reference to form WC 00 03 13. Look for language like ""subrogation is waived"" or ""per written contract"".",matchOnce,must be present,,Present,compliant,Block Requirements,,,false,1,,2026-08-16
"Block Real Estate Services, LLC",69fdf7a362446148bd85b05d,69fded1162446148bd848ca9,Core Adventures LLC,69fdf19c8e25e7a0d918870f,"tic665 - Pinnacle Corporate Centre V {Pinnacle V Associates, LLC}",evidenceOfInsurance,Evidence of Insurance,6ac20aae-5728-5d57-b364-aeba38527dba,Additional Requirements,4da5b0f1-4c9d-5885-8cf8-5d3cccaed3e0,"Block Real Estate Services, LLC and all others required by contract are named as Additional Insureds","---prompt---
Determine if the Description of Operations or the Additional Remarks Schedule section states the ""Additional Insured as Construction Management, Inc. and all others required by contract"" or reference to blanket additional insured coverage. Look for language like ""certificate holder is additional insured"" or ""per written contract"".",matchOnce,must be present,,Present,compliant,Block Requirements,,,true,1,,2026-08-16
"Block Real Estate Services, LLC",69fdf7a362446148bd85b05d,69fded1162446148bd848ca9,Core Adventures LLC,69fdf19c8e25e7a0d918870f,"tic665 - Pinnacle Corporate Centre V {Pinnacle V Associates, LLC}",evidenceOfInsurance,Evidence of Insurance,6ac20aae-5728-5d57-b364-aeba38527dba,Additional Requirements,e1017741-e47e-5f58-97b8-fbc3043e919f,Umbrella follows form over General Liability,"---prompt---
Determine if the Umbrella/Excess Liability policy follows form to the underlying policies. Evidence may include: language in the Description of Operations section stating the umbrella follows form to underlying coverages or an additional page endorsement stating that it follows form. Follow form means the umbrella policy adopts the same terms, conditions, and exclusions as the underlying policies.",matchOnce,must be present,,,waived,Block Requirements,Umbrella requirement waived,,true,0,,2026-08-16
"Block Real Estate Services, LLC",69fdf7a362446148bd85b05d,69fded1162446148bd848ca9,Core Adventures LLC,69fdf19c8e25e7a0d918870f,"tic665 - Pinnacle Corporate Centre V {Pinnacle V Associates, LLC}",evidenceOfInsurance,Evidence of Insurance,6ac20aae-5728-5d57-b364-aeba38527dba,Additional Requirements,2cdd866f-c9a4-576a-afd8-1d045762790c,The location must be listed as: 4001 W. 114th Street Suite 115 Leawood KS 66211,,matchOnce,must be present,,Present,compliant,Block Requirements,,,true,1,,2026-08-16
"Block Real Estate Services, LLC",69fdf7a362446148bd85b05d,69fded1162446148bd848ca9,Core Adventures LLC,69fdf19c8e25e7a0d918870f,"tic665 - Pinnacle Corporate Centre V {Pinnacle V Associates, LLC}",evidenceOfInsurance,Evidence of Insurance,6ac20aae-5728-5d57-b364-aeba38527dba,Additional Requirements,3649e9d1-4e09-59bf-8f30-cb33c40cf117,"Certificate Holder must read: c/o Block Real Estate Services, LLC, 4622 Pennsylvania St., Suite 700, Kansas City, MO, 64112",,matchOnce,must be present,,Present,compliant,Block Requirements,,,true,1,,2026-08-16
"Block Real Estate Services, LLC",6a7100bbb0386a17354662a7,6a7100a9132501a25c9e41ac,"The Reynolds Law Firm, LLC",69fdf19c8e25e7a0d918870f,"tic665 - Pinnacle Corporate Centre V {Pinnacle V Associates, LLC}",evidenceOfInsurance,Evidence of Insurance,commercialGeneralLiability,Commercial General Liability,evidenceOfInsuranceCommercialGeneralLiabilityCoverageTriggerOccurrence,Coverage Trigger: Occurrence,,matchOnce,must be present,,Present,compliant,Block Requirements,,,false,1,,2026-08-16
"Block Real Estate Services, LLC",6a7100bbb0386a17354662a7,6a7100a9132501a25c9e41ac,"The Reynolds Law Firm, LLC",69fdf19c8e25e7a0d918870f,"tic665 - Pinnacle Corporate Centre V {Pinnacle V Associates, LLC}",evidenceOfInsurance,Evidence of Insurance,commercialGeneralLiability,Commercial General Liability,evidenceOfInsuranceCommercialGeneralLiabilityGeneralAggregateLimitAppliesPerLocation,General Aggregate Limit Applies per: Location,,matchOnce,must be present,,,waived,Block Requirements,Per location not a requirement in the lease,,false,0,,2026-08-16
"Block Real Estate Services, LLC",6a7100bbb0386a17354662a7,6a7100a9132501a25c9e41ac,"The Reynolds Law Firm, LLC",69fdf19c8e25e7a0d918870f,"tic665 - Pinnacle Corporate Centre V {Pinnacle V Associates, LLC}",evidenceOfInsurance,Evidence of Insurance,commercialGeneralLiability,Commercial General Liability,evidenceOfInsuranceCommercialGeneralLiabilityEachOccurrence,Each Occurrence,,matchOnce,must be greater or equal to,1000000,2000000,compliant,Block Requirements,,,false,1,,2026-08-16
"Block Real Estate Services, LLC",6a7100bbb0386a17354662a7,6a7100a9132501a25c9e41ac,"The Reynolds Law Firm, LLC",69fdf19c8e25e7a0d918870f,"tic665 - Pinnacle Corporate Centre V {Pinnacle V Associates, LLC}",evidenceOfInsurance,Evidence of Insurance,commercialGeneralLiability,Commercial General Liability,evidenceOfInsuranceCommercialGeneralLiabilityGeneralAggregate,General Aggregate,,matchOnce,must be greater or equal to,2000000,4000000,compliant,Block Requirements,,,false,1,,2026-08-16
"Block Real Estate Services, LLC",6a7100bbb0386a17354662a7,6a7100a9132501a25c9e41ac,"The Reynolds Law Firm, LLC",69fdf19c8e25e7a0d918870f,"tic665 - Pinnacle Corporate Centre V {Pinnacle V Associates, LLC}",evidenceOfInsurance,Evidence of Insurance,commercialGeneralLiability,Commercial General Liability,evidenceOfInsuranceCommercialGeneralLiabilityWaiverOfSubrogationEndorsement,Waiver of Subrogation,"---prompt---
Determine if the insurer has waived their right of subrogation in favor of the certificate holder under the Commercial General Liability policy. Evidence may include: a checked ""Waiver of Subrogation"" box on the certificate, mention in the Description of Operations section stating ""waiver of subrogation applies"", or reference to form CG 24 04. Look for language like ""subrogation is waived"" or ""per written contract"".",matchOnce,must be present,,,non_compliant,Block Requirements,,,false,0,,2026-08-16
"Block Real Estate Services, LLC",6a7100bbb0386a17354662a7,6a7100a9132501a25c9e41ac,"The Reynolds Law Firm, LLC",69fdf19c8e25e7a0d918870f,"tic665 - Pinnacle Corporate Centre V {Pinnacle V Associates, LLC}",evidenceOfInsurance,Evidence of Insurance,excessOrUmbrellaLiability,Umbrella/Excess Liability,evidenceOfInsuranceExcessOrUmbrellaLiabilityOccurence,Coverage Trigger: Occurrence,,matchOnce,must be present,,,waived,Block Requirements,,,false,0,,2026-08-16
"Block Real Estate Services, LLC",6a7100bbb0386a17354662a7,6a7100a9132501a25c9e41ac,"The Reynolds Law Firm, LLC",69fdf19c8e25e7a0d918870f,"tic665 - Pinnacle Corporate Centre V {Pinnacle V Associates, LLC}",evidenceOfInsurance,Evidence of Insurance,excessOrUmbrellaLiability,Umbrella/Excess Liability,evidenceOfInsuranceExcessOrUmbrellaLiabilityEachOccurrence,Each Occurrence,,matchOnce,must be greater or equal to,1000000,,waived,Block Requirements,,,false,0,,2026-08-16
"Block Real Estate Services, LLC",6a7100bbb0386a17354662a7,6a7100a9132501a25c9e41ac,"The Reynolds Law Firm, LLC",69fdf19c8e25e7a0d918870f,"tic665 - Pinnacle Corporate Centre V {Pinnacle V Associates, LLC}",evidenceOfInsurance,Evidence of Insurance,excessOrUmbrellaLiability,Umbrella/Excess Liability,evidenceOfInsuranceExcessOrUmbrellaLiabilityAggregate,Aggregate,,matchOnce,must be greater or equal to,1000000,,waived,Block Requirements,,,false,0,,2026-08-16
"Block Real Estate Services, LLC",6a7100bbb0386a17354662a7,6a7100a9132501a25c9e41ac,"The Reynolds Law Firm, LLC",69fdf19c8e25e7a0d918870f,"tic665 - Pinnacle Corporate Centre V {Pinnacle V Associates, LLC}",evidenceOfInsurance,Evidence of Insurance,workersCompensation,Workers' Compensation and Employer's Liability,evidenceOfInsuranceWorkersCompensationStatutoryLimits,Statutory Limits,,matchOnce,must be present,,,non_compliant,Block Requirements,,,false,0,,2026-08-16
"Block Real Estate Services, LLC",6a7100bbb0386a17354662a7,6a7100a9132501a25c9e41ac,"The Reynolds Law Firm, LLC",69fdf19c8e25e7a0d918870f,"tic665 - Pinnacle Corporate Centre V {Pinnacle V Associates, LLC}",evidenceOfInsurance,Evidence of Insurance,workersCompensation,Workers' Compensation and Employer's Liability,evidenceOfInsuranceWorkersCompensationEmployersLiabilityEachAccident,Employer's Liability Each Accident,,matchOnce,must be greater or equal to,500000,,non_compliant,Block Requirements,,,false,0,,2026-08-16
"Block Real Estate Services, LLC",6a7100bbb0386a17354662a7,6a7100a9132501a25c9e41ac,"The Reynolds Law Firm, LLC",69fdf19c8e25e7a0d918870f,"tic665 - Pinnacle Corporate Centre V {Pinnacle V Associates, LLC}",evidenceOfInsurance,Evidence of Insurance,workersCompensation,Workers' Compensation and Employer's Liability,evidenceOfInsuranceWorkersCompensationEmployersLiabilityDiseaseEachEmployee,Employer's Liability Disease - each employee,,matchOnce,must be greater or equal to,500000,,non_compliant,Block Requirements,,,false,0,,2026-08-16
"Block Real Estate Services, LLC",6a7100bbb0386a17354662a7,6a7100a9132501a25c9e41ac,"The Reynolds Law Firm, LLC",69fdf19c8e25e7a0d918870f,"tic665 - Pinnacle Corporate Centre V {Pinnacle V Associates, LLC}",evidenceOfInsurance,Evidence of Insurance,workersCompensation,Workers' Compensation and Employer's Liability,evidenceOfInsuranceWorkersCompensationEmployersLiabilityDiseasePolicyLimit,Employer's Liability Disease - policy limit,,matchOnce,must be greater or equal to,500000,,non_compliant,Block Requirements,,,false,0,,2026-08-16
"Block Real Estate Services, LLC",6a7100bbb0386a17354662a7,6a7100a9132501a25c9e41ac,"The Reynolds Law Firm, LLC",69fdf19c8e25e7a0d918870f,"tic665 - Pinnacle Corporate Centre V {Pinnacle V Associates, LLC}",evidenceOfInsurance,Evidence of Insurance,workersCompensation,Workers' Compensation and Employer's Liability,evidenceOfInsuranceWorkersCompensationWaiverOfSubrogationEndorsement,Waiver of Subrogation,"---prompt---
Determine if the insurer has waived their right of subrogation in favor of the certificate holder under the Workers' Compensation policy. Evidence may include: a checked ""Waiver of Subrogation"" box on the certificate, mention in the Description of Operations section stating ""waiver of subrogation applies"", or reference to form WC 00 03 13. Look for language like ""subrogation is waived"" or ""per written contract"".",matchOnce,must be present,,,non_compliant,Block Requirements,,,false,0,,2026-08-16
"Block Real Estate Services, LLC",6a7100bbb0386a17354662a7,6a7100a9132501a25c9e41ac,"The Reynolds Law Firm, LLC",69fdf19c8e25e7a0d918870f,"tic665 - Pinnacle Corporate Centre V {Pinnacle V Associates, LLC}",evidenceOfInsurance,Evidence of Insurance,6ac20aae-5728-5d57-b364-aeba38527dba,Additional Requirements,4da5b0f1-4c9d-5885-8cf8-5d3cccaed3e0,"Block Real Estate Services, LLC and all others required by contract are named as Additional Insureds","---prompt---
Determine if the Description of Operations or the Additional Remarks Schedule section states the ""Additional Insured as Construction Management, Inc. and all others required by contract"" or reference to blanket additional insured coverage. Look for language like ""certificate holder is additional insured"" or ""per written contract"".",matchOnce,must be present,,,non_compliant,Block Requirements,,,true,0,,2026-08-16
"Block Real Estate Services, LLC",6a7100bbb0386a17354662a7,6a7100a9132501a25c9e41ac,"The Reynolds Law Firm, LLC",69fdf19c8e25e7a0d918870f,"tic665 - Pinnacle Corporate Centre V {Pinnacle V Associates, LLC}",evidenceOfInsurance,Evidence of Insurance,6ac20aae-5728-5d57-b364-aeba38527dba,Additional Requirements,e1017741-e47e-5f58-97b8-fbc3043e919f,Umbrella follows form over General Liability,"---prompt---
Determine if the Umbrella/Excess Liability policy follows form to the underlying policies. Evidence may include: language in the Description of Operations section stating the umbrella follows form to underlying coverages or an additional page endorsement stating that it follows form. Follow form means the umbrella policy adopts the same terms, conditions, and exclusions as the underlying policies.",matchOnce,must be present,,,waived,Block Requirements,Umbrella Liability not a requirement in the lease,,true,0,,2026-08-16
"Block Real Estate Services, LLC",6a7100bbb0386a17354662a7,6a7100a9132501a25c9e41ac,"The Reynolds Law Firm, LLC",69fdf19c8e25e7a0d918870f,"tic665 - Pinnacle Corporate Centre V {Pinnacle V Associates, LLC}",evidenceOfInsurance,Evidence of Insurance,6ac20aae-5728-5d57-b364-aeba38527dba,Additional Requirements,2cdd866f-c9a4-576a-afd8-1d045762790c,The location must be listed as: 4001 W. 114th Street Suite 110 Leawood KS 66211,,matchOnce,must be present,,Present,compliant,Block Requirements,,,true,1,,2026-08-16
"Block Real Estate Services, LLC",6a7100bbb0386a17354662a7,6a7100a9132501a25c9e41ac,"The Reynolds Law Firm, LLC",69fdf19c8e25e7a0d918870f,"tic665 - Pinnacle Corporate Centre V {Pinnacle V Associates, LLC}",evidenceOfInsurance,Evidence of Insurance,6ac20aae-5728-5d57-b364-aeba38527dba,Additional Requirements,3649e9d1-4e09-59bf-8f30-cb33c40cf117,"Certificate Holder must read: c/o Block Real Estate Services, LLC, 4622 Pennsylvania St., Suite 700, Kansas City, MO, 64112",,matchOnce,must be present,,,non_compliant,Block Requirements,,,true,0,,2026-08-16
"Block Real Estate Services, LLC",69fdf7b562446148bd85c434,69fded1162446148bd848cb5,Cort Furniture Rental / Cort Business Services Corporation,69fdf1b6d3bfa5e4945e38f8,"tic714 - Quivira Randol Building 2 {Quivira 91 Associates, LLC}",evidenceOfInsurance,Evidence of Insurance,commercialGeneralLiability,Commercial General Liability,evidenceOfInsuranceCommercialGeneralLiabilityCoverageTriggerOccurrence,Coverage Trigger: Occurrence,,matchOnce,must be present,,,non_compliant,Block Requirements,,,false,0,,2026-08-16
"Block Real Estate Services, LLC",69fdf7b562446148bd85c434,69fded1162446148bd848cb5,Cort Furniture Rental / Cort Business Services Corporation,69fdf1b6d3bfa5e4945e38f8,"tic714 - Quivira Randol Building 2 {Quivira 91 Associates, LLC}",evidenceOfInsurance,Evidence of Insurance,commercialGeneralLiability,Commercial General Liability,evidenceOfInsuranceCommercialGeneralLiabilityGeneralAggregateLimitAppliesPerLocation,General Aggregate Limit Applies per: Location,,matchOnce,must be present,,,non_compliant,Block Requirements,,,false,0,,2026-08-16
"Block Real Estate Services, LLC",69fdf7b562446148bd85c434,69fded1162446148bd848cb5,Cort Furniture Rental / Cort Business Services Corporation,69fdf1b6d3bfa5e4945e38f8,"tic714 - Quivira Randol Building 2 {Quivira 91 Associates, LLC}",evidenceOfInsurance,Evidence of Insurance,commercialGeneralLiability,Commercial General Liability,evidenceOfInsuranceCommercialGeneralLiabilityEachOccurrence,Each Occurrence,,matchOnce,must be greater or equal to,1000000,,non_compliant,Block Requirements,,,false,0,,2026-08-16
"Block Real Estate Services, LLC",69fdf7b562446148bd85c434,69fded1162446148bd848cb5,Cort Furniture Rental / Cort Business Services Corporation,69fdf1b6d3bfa5e4945e38f8,"tic714 - Quivira Randol Building 2 {Quivira 91 Associates, LLC}",evidenceOfInsurance,Evidence of Insurance,commercialGeneralLiability,Commercial General Liability,evidenceOfInsuranceCommercialGeneralLiabilityGeneralAggregate,General Aggregate,,matchOnce,must be greater or equal to,2000000,,non_compliant,Block Requirements,,,false,0,,2026-08-16
"Block Real Estate Services, LLC",69fdf7b562446148bd85c434,69fded1162446148bd848cb5,Cort Furniture Rental / Cort Business Services Corporation,69fdf1b6d3bfa5e4945e38f8,"tic714 - Quivira Randol Building 2 {Quivira 91 Associates, LLC}",evidenceOfInsurance,Evidence of Insurance,commercialGeneralLiability,Commercial General Liability,evidenceOfInsuranceCommercialGeneralLiabilityWaiverOfSubrogationEndorsement,Waiver of Subrogation,"---prompt---
Determine if the insurer has waived their right of subrogation in favor of the certificate holder under the Commercial General Liability policy. Evidence may include: a checked ""Waiver of Subrogation"" box on the certificate, mention in the Description of Operations section stating ""waiver of subrogation applies"", or reference to form CG 24 04. Look for language like ""subrogation is waived"" or ""per written contract"".",matchOnce,must be present,,,non_compliant,Block Requirements,,,false,0,,2026-08-16
"Block Real Estate Services, LLC",69fdf7b562446148bd85c434,69fded1162446148bd848cb5,Cort Furniture Rental / Cort Business Services Corporation,69fdf1b6d3bfa5e4945e38f8,"tic714 - Quivira Randol Building 2 {Quivira 91 Associates, LLC}",evidenceOfInsurance,Evidence of Insurance,excessOrUmbrellaLiability,Umbrella/Excess Liability,evidenceOfInsuranceExcessOrUmbrellaLiabilityOccurence,Coverage Trigger: Occurrence,,matchOnce,must be present,,,non_compliant,Block Requirements,,,false,0,,2026-08-16
"Block Real Estate Services, LLC",69fdf7b562446148bd85c434,69fded1162446148bd848cb5,Cort Furniture Rental / Cort Business Services Corporation,69fdf1b6d3bfa5e4945e38f8,"tic714 - Quivira Randol Building 2 {Quivira 91 Associates, LLC}",evidenceOfInsurance,Evidence of Insurance,excessOrUmbrellaLiability,Umbrella/Excess Liability,evidenceOfInsuranceExcessOrUmbrellaLiabilityEachOccurrence,Each Occurrence,,matchOnce,must be greater or equal to,1000000,,non_compliant,Block Requirements,,,false,0,,2026-08-16
"Block Real Estate Services, LLC",69fdf7b562446148bd85c434,69fded1162446148bd848cb5,Cort Furniture Rental / Cort Business Services Corporation,69fdf1b6d3bfa5e4945e38f8,"tic714 - Quivira Randol Building 2 {Quivira 91 Associates, LLC}",evidenceOfInsurance,Evidence of Insurance,excessOrUmbrellaLiability,Umbrella/Excess Liability,evidenceOfInsuranceExcessOrUmbrellaLiabilityAggregate,Aggregate,,matchOnce,must be greater or equal to,1000000,,non_compliant,Block Requirements,,,false,0,,2026-08-16
"Block Real Estate Services, LLC",69fdf7b562446148bd85c434,69fded1162446148bd848cb5,Cort Furniture Rental / Cort Business Services Corporation,69fdf1b6d3bfa5e4945e38f8,"tic714 - Quivira Randol Building 2 {Quivira 91 Associates, LLC}",evidenceOfInsurance,Evidence of Insurance,workersCompensation,Workers' Compensation and Employer's Liability,evidenceOfInsuranceWorkersCompensationStatutoryLimits,Statutory Limits,,matchOnce,must be present,,,non_compliant,Block Requirements,,,false,0,,2026-08-16
"Block Real Estate Services, LLC",69fdf7b562446148bd85c434,69fded1162446148bd848cb5,Cort Furniture Rental / Cort Business Services Corporation,69fdf1b6d3bfa5e4945e38f8,"tic714 - Quivira Randol Building 2 {Quivira 91 Associates, LLC}",evidenceOfInsurance,Evidence of Insurance,workersCompensation,Workers' Compensation and Employer's Liability,evidenceOfInsuranceWorkersCompensationEmployersLiabilityEachAccident,Employer's Liability Each Accident,,matchOnce,must be greater or equal to,500000,,non_compliant,Block Requirements,,,false,0,,2026-08-16
"Block Real Estate Services, LLC",69fdf7b562446148bd85c434,69fded1162446148bd848cb5,Cort Furniture Rental / Cort Business Services Corporation,69fdf1b6d3bfa5e4945e38f8,"tic714 - Quivira Randol Building 2 {Quivira 91 Associates, LLC}",evidenceOfInsurance,Evidence of Insurance,workersCompensation,Workers' Compensation and Employer's Liability,evidenceOfInsuranceWorkersCompensationEmployersLiabilityDiseaseEachEmployee,Employer's Liability Disease - each employee,,matchOnce,must be greater or equal to,500000,,non_compliant,Block Requirements,,,false,0,,2026-08-16
"Block Real Estate Services, LLC",69fdf7b562446148bd85c434,69fded1162446148bd848cb5,Cort Furniture Rental / Cort Business Services Corporation,69fdf1b6d3bfa5e4945e38f8,"tic714 - Quivira Randol Building 2 {Quivira 91 Associates, LLC}",evidenceOfInsurance,Evidence of Insurance,workersCompensation,Workers' Compensation and Employer's Liability,evidenceOfInsuranceWorkersCompensationEmployersLiabilityDiseasePolicyLimit,Employer's Liability Disease - policy limit,,matchOnce,must be greater or equal to,500000,,non_compliant,Block Requirements,,,false,0,,2026-08-16
"Block Real Estate Services, LLC",69fdf7b562446148bd85c434,69fded1162446148bd848cb5,Cort Furniture Rental / Cort Business Services Corporation,69fdf1b6d3bfa5e4945e38f8,"tic714 - Quivira Randol Building 2 {Quivira 91 Associates, LLC}",evidenceOfInsurance,Evidence of Insurance,workersCompensation,Workers' Compensation and Employer's Liability,evidenceOfInsuranceWorkersCompensationWaiverOfSubrogationEndorsement,Waiver of Subrogation,"---prompt---
Determine if the insurer has waived their right of subrogation in favor of the certificate holder under the Workers' Compensation policy. Evidence may include: a checked ""Waiver of Subrogation"" box on the certificate, mention in the Description of Operations section stating ""waiver of subrogation applies"", or reference to form WC 00 03 13. Look for language like ""subrogation is waived"" or ""per written contract"".",matchOnce,must be present,,,non_compliant,Block Requirements,,,false,0,,2026-08-16
"Block Real Estate Services, LLC",69fdf7b562446148bd85c434,69fded1162446148bd848cb5,Cort Furniture Rental / Cort Business Services Corporation,69fdf1b6d3bfa5e4945e38f8,"tic714 - Quivira Randol Building 2 {Quivira 91 Associates, LLC}",evidenceOfInsurance,Evidence of Insurance,6ac20aae-5728-5d57-b364-aeba38527dba,Additional Requirements,4da5b0f1-4c9d-5885-8cf8-5d3cccaed3e0,"Block Real Estate Services, LLC and all others required by contract are named as Additional Insureds","---prompt---
Determine if the Description of Operations or the Additional Remarks Schedule section states the ""Additional Insured as Construction Management, Inc. and all others required by contract"" or reference to blanket additional insured coverage. Look for language like ""certificate holder is additional insured"" or ""per written contract"".",matchOnce,must be present,,,non_compliant,Block Requirements,,,true,0,,2026-08-16
"Block Real Estate Services, LLC",69fdf7b562446148bd85c434,69fded1162446148bd848cb5,Cort Furniture Rental / Cort Business Services Corporation,69fdf1b6d3bfa5e4945e38f8,"tic714 - Quivira Randol Building 2 {Quivira 91 Associates, LLC}",evidenceOfInsurance,Evidence of Insurance,6ac20aae-5728-5d57-b364-aeba38527dba,Additional Requirements,e1017741-e47e-5f58-97b8-fbc3043e919f,Umbrella follows form over General Liability,"---prompt---
Determine if the Umbrella/Excess Liability policy follows form to the underlying policies. Evidence may include: language in the Description of Operations section stating the umbrella follows form to underlying coverages or an additional page endorsement stating that it follows form. Follow form means the umbrella policy adopts the same terms, conditions, and exclusions as the underlying policies.",matchOnce,must be present,,,non_compliant,Block Requirements,,,true,0,,2026-08-16
"Block Real Estate Services, LLC",69fdf7b562446148bd85c434,69fded1162446148bd848cb5,Cort Furniture Rental / Cort Business Services Corporation,69fdf1b6d3bfa5e4945e38f8,"tic714 - Quivira Randol Building 2 {Quivira 91 Associates, LLC}",evidenceOfInsurance,Evidence of Insurance,6ac20aae-5728-5d57-b364-aeba38527dba,Additional Requirements,2cdd866f-c9a4-576a-afd8-1d045762790c,The location must be listed as: 9111 Quivira Road Overland Park KS 66215,,matchOnce,must be present,,,non_compliant,Block Requirements,,,true,0,,2026-08-16
"Block Real Estate Services, LLC",69fdf7b562446148bd85c434,69fded1162446148bd848cb5,Cort Furniture Rental / Cort Business Services Corporation,69fdf1b6d3bfa5e4945e38f8,"tic714 - Quivira Randol Building 2 {Quivira 91 Associates, LLC}",evidenceOfInsurance,Evidence of Insurance,6ac20aae-5728-5d57-b364-aeba38527dba,Additional Requirements,3649e9d1-4e09-59bf-8f30-cb33c40cf117,"Certificate Holder must read: c/o Block Real Estate Services, LLC, 4622 Pennsylvania St., Suite 700, Kansas City, MO, 64112",,matchOnce,must be present,,,non_compliant,Block Requirements,,,true,0,,2026-08-16
"Block Real Estate Services, LLC",69fdf78062446148bd8587b0,69fded1162446148bd848cbe,"Costco-Innovel Properties, LLC (fka Sears Logistics Service, Inc.)",69fdf07103a2257cd27deaeb,"kci291 - Platte Valley Industrial Center 11 {Platte Valley Investment, LLC}",evidenceOfInsurance,Evidence of Insurance,commercialGeneralLiability,Commercial General Liability,evidenceOfInsuranceCommercialGeneralLiabilityCoverageTriggerOccurrence,Coverage Trigger: Occurrence,,matchOnce,must be present,,Present,compliant,Block Requirements,,,false,1,,2026-08-16
"Block Real Estate Services, LLC",69fdf78062446148bd8587b0,69fded1162446148bd848cbe,"Costco-Innovel Properties, LLC (fka Sears Logistics Service, Inc.)",69fdf07103a2257cd27deaeb,"kci291 - Platte Valley Industrial Center 11 {Platte Valley Investment, LLC}",evidenceOfInsurance,Evidence of Insurance,commercialGeneralLiability,Commercial General Liability,evidenceOfInsuranceCommercialGeneralLiabilityGeneralAggregateLimitAppliesPerLocation,General Aggregate Limit Applies per: Location,,matchOnce,must be present,,,waived,Block Requirements,Per location not a requirement in the lease,,false,0,,2026-08-16
"Block Real Estate Services, LLC",69fdf78062446148bd8587b0,69fded1162446148bd848cbe,"Costco-Innovel Properties, LLC (fka Sears Logistics Service, Inc.)",69fdf07103a2257cd27deaeb,"kci291 - Platte Valley Industrial Center 11 {Platte Valley Investment, LLC}",evidenceOfInsurance,Evidence of Insurance,commercialGeneralLiability,Commercial General Liability,evidenceOfInsuranceCommercialGeneralLiabilityEachOccurrence,Each Occurrence,,matchOnce,must be greater or equal to,1000000,1000000,compliant,Block Requirements,,,false,1,,2026-08-16
"Block Real Estate Services, LLC",69fdf78062446148bd8587b0,69fded1162446148bd848cbe,"Costco-Innovel Properties, LLC (fka Sears Logistics Service, Inc.)",69fdf07103a2257cd27deaeb,"kci291 - Platte Valley Industrial Center 11 {Platte Valley Investment, LLC}",evidenceOfInsurance,Evidence of Insurance,commercialGeneralLiability,Commercial General Liability,evidenceOfInsuranceCommercialGeneralLiabilityGeneralAggregate,General Aggregate,,matchOnce,must be greater or equal to,2000000,5000000,compliant,Block Requirements,,,false,1,,2026-08-16
"Block Real Estate Services, LLC",69fdf78062446148bd8587b0,69fded1162446148bd848cbe,"Costco-Innovel Properties, LLC (fka Sears Logistics Service, Inc.)",69fdf07103a2257cd27deaeb,"kci291 - Platte Valley Industrial Center 11 {Platte Valley Investment, LLC}",evidenceOfInsurance,Evidence of Insurance,commercialGeneralLiability,Commercial General Liability,evidenceOfInsuranceCommercialGeneralLiabilityWaiverOfSubrogationEndorsement,Waiver of Subrogation,"---prompt---
Determine if the insurer has waived their right of subrogation in favor of the certificate holder under the Commercial General Liability policy. Evidence may include: a checked ""Waiver of Subrogation"" box on the certificate, mention in the Description of Operations section stating ""waiver of subrogation applies"", or reference to form CG 24 04. Look for language like ""subrogation is waived"" or ""per written contract"".",matchOnce,must be present,,Present,compliant,Block Requirements,,,false,1,,2026-08-16
"Block Real Estate Services, LLC",69fdf78062446148bd8587b0,69fded1162446148bd848cbe,"Costco-Innovel Properties, LLC (fka Sears Logistics Service, Inc.)",69fdf07103a2257cd27deaeb,"kci291 - Platte Valley Industrial Center 11 {Platte Valley Investment, LLC}",evidenceOfInsurance,Evidence of Insurance,excessOrUmbrellaLiability,Umbrella/Excess Liability,evidenceOfInsuranceExcessOrUmbrellaLiabilityOccurence,Coverage Trigger: Occurrence,,matchOnce,must be present,,Present,compliant,Block Requirements,,,false,1,,2026-08-16
"Block Real Estate Services, LLC",69fdf78062446148bd8587b0,69fded1162446148bd848cbe,"Costco-Innovel Properties, LLC (fka Sears Logistics Service, Inc.)",69fdf07103a2257cd27deaeb,"kci291 - Platte Valley Industrial Center 11 {Platte Valley Investment, LLC}",evidenceOfInsurance,Evidence of Insurance,excessOrUmbrellaLiability,Umbrella/Excess Liability,evidenceOfInsuranceExcessOrUmbrellaLiabilityEachOccurrence,Each Occurrence,,matchOnce,must be greater or equal to,1000000,1000000,compliant,Block Requirements,,,false,1,,2026-08-16
"Block Real Estate Services, LLC",69fdf78062446148bd8587b0,69fded1162446148bd848cbe,"Costco-Innovel Properties, LLC (fka Sears Logistics Service, Inc.)",69fdf07103a2257cd27deaeb,"kci291 - Platte Valley Industrial Center 11 {Platte Valley Investment, LLC}",evidenceOfInsurance,Evidence of Insurance,excessOrUmbrellaLiability,Umbrella/Excess Liability,evidenceOfInsuranceExcessOrUmbrellaLiabilityAggregate,Aggregate,,matchOnce,must be greater or equal to,1000000,1000000,compliant,Block Requirements,,,false,1,,2026-08-16
"Block Real Estate Services, LLC",69fdf78062446148bd8587b0,69fded1162446148bd848cbe,"Costco-Innovel Properties, LLC (fka Sears Logistics Service, Inc.)",69fdf07103a2257cd27deaeb,"kci291 - Platte Valley Industrial Center 11 {Platte Valley Investment, LLC}",evidenceOfInsurance,Evidence of Insurance,workersCompensation,Workers' Compensation and Employer's Liability,evidenceOfInsuranceWorkersCompensationStatutoryLimits,Statutory Limits,,matchOnce,must be present,,Present,compliant,Block Requirements,,,false,1,,2026-08-16
"Block Real Estate Services, LLC",69fdf78062446148bd8587b0,69fded1162446148bd848cbe,"Costco-Innovel Properties, LLC (fka Sears Logistics Service, Inc.)",69fdf07103a2257cd27deaeb,"kci291 - Platte Valley Industrial Center 11 {Platte Valley Investment, LLC}",evidenceOfInsurance,Evidence of Insurance,workersCompensation,Workers' Compensation and Employer's Liability,evidenceOfInsuranceWorkersCompensationEmployersLiabilityEachAccident,Employer's Liability Each Accident,,matchOnce,must be greater or equal to,500000,2000000,compliant,Block Requirements,,,false,1,,2026-08-16
"Block Real Estate Services, LLC",69fdf78062446148bd8587b0,69fded1162446148bd848cbe,"Costco-Innovel Properties, LLC (fka Sears Logistics Service, Inc.)",69fdf07103a2257cd27deaeb,"kci291 - Platte Valley Industrial Center 11 {Platte Valley Investment, LLC}",evidenceOfInsurance,Evidence of Insurance,workersCompensation,Workers' Compensation and Employer's Liability,evidenceOfInsuranceWorkersCompensationEmployersLiabilityDiseaseEachEmployee,Employer's Liability Disease - each employee,,matchOnce,must be greater or equal to,500000,2000000,compliant,Block Requirements,,,false,1,,2026-08-16
"Block Real Estate Services, LLC",69fdf78062446148bd8587b0,69fded1162446148bd848cbe,"Costco-Innovel Properties, LLC (fka Sears Logistics Service, Inc.)",69fdf07103a2257cd27deaeb,"kci291 - Platte Valley Industrial Center 11 {Platte Valley Investment, LLC}",evidenceOfInsurance,Evidence of Insurance,workersCompensation,Workers' Compensation and Employer's Liability,evidenceOfInsuranceWorkersCompensationEmployersLiabilityDiseasePolicyLimit,Employer's Liability Disease - policy limit,,matchOnce,must be greater or equal to,500000,2000000,compliant,Block Requirements,,,false,1,,2026-08-16
"Block Real Estate Services, LLC",69fdf78062446148bd8587b0,69fded1162446148bd848cbe,"Costco-Innovel Properties, LLC (fka Sears Logistics Service, Inc.)",69fdf07103a2257cd27deaeb,"kci291 - Platte Valley Industrial Center 11 {Platte Valley Investment, LLC}",evidenceOfInsurance,Evidence of Insurance,workersCompensation,Workers' Compensation and Employer's Liability,evidenceOfInsuranceWorkersCompensationWaiverOfSubrogationEndorsement,Waiver of Subrogation,"---prompt---
Determine if the insurer has waived their right of subrogation in favor of the certificate holder under the Workers' Compensation policy. Evidence may include: a checked ""Waiver of Subrogation"" box on the certificate, mention in the Description of Operations section stating ""waiver of subrogation applies"", or reference to form WC 00 03 13. Look for language like ""subrogation is waived"" or ""per written contract"".",matchOnce,must be present,,Present,compliant,Block Requirements,,,false,1,,2026-08-16
"Block Real Estate Services, LLC",69fdf78062446148bd8587b0,69fded1162446148bd848cbe,"Costco-Innovel Properties, LLC (fka Sears Logistics Service, Inc.)",69fdf07103a2257cd27deaeb,"kci291 - Platte Valley Industrial Center 11 {Platte Valley Investment, LLC}",evidenceOfInsurance,Evidence of Insurance,6ac20aae-5728-5d57-b364-aeba38527dba,Additional Requirements,4da5b0f1-4c9d-5885-8cf8-5d3cccaed3e0,"Block Real Estate Services, LLC and all others required by contract are named as Additional Insureds","---prompt---
Determine if the Description of Operations or the Additional Remarks Schedule section states the ""Additional Insured as Construction Management, Inc. and all others required by contract"" or reference to blanket additional insured coverage. Look for language like ""certificate holder is additional insured"" or ""per written contract"".",matchOnce,must be present,,Present,compliant,Block Requirements,,,true,1,,2026-08-16
"Block Real Estate Services, LLC",69fdf78062446148bd8587b0,69fded1162446148bd848cbe,"Costco-Innovel Properties, LLC (fka Sears Logistics Service, Inc.)",69fdf07103a2257cd27deaeb,"kci291 - Platte Valley Industrial Center 11 {Platte Valley Investment, LLC}",evidenceOfInsurance,Evidence of Insurance,6ac20aae-5728-5d57-b364-aeba38527dba,Additional Requirements,e1017741-e47e-5f58-97b8-fbc3043e919f,Umbrella follows form over General Liability,"---prompt---
Determine if the Umbrella/Excess Liability policy follows form to the underlying policies. Evidence may include: language in the Description of Operations section stating the umbrella follows form to underlying coverages or an additional page endorsement stating that it follows form. Follow form means the umbrella policy adopts the same terms, conditions, and exclusions as the underlying policies.",matchOnce,must be present,,Present,compliant,Block Requirements,,,true,1,,2026-08-16
"Block Real Estate Services, LLC",69fdf78062446148bd8587b0,69fded1162446148bd848cbe,"Costco-Innovel Properties, LLC (fka Sears Logistics Service, Inc.)",69fdf07103a2257cd27deaeb,"kci291 - Platte Valley Industrial Center 11 {Platte Valley Investment, LLC}",evidenceOfInsurance,Evidence of Insurance,6ac20aae-5728-5d57-b364-aeba38527dba,Additional Requirements,2cdd866f-c9a4-576a-afd8-1d045762790c,"The location must be listed as: 761 NW Parkway Drive, Riverside, MO, 64150",,matchOnce,must be present,,Present,compliant,Block Requirements,,,true,1,,2026-08-16
"Block Real Estate Services, LLC",69fdf78062446148bd8587b0,69fded1162446148bd848cbe,"Costco-Innovel Properties, LLC (fka Sears Logistics Service, Inc.)",69fdf07103a2257cd27deaeb,"kci291 - Platte Valley Industrial Center 11 {Platte Valley Investment, LLC}",evidenceOfInsurance,Evidence of Insurance,6ac20aae-5728-5d57-b364-aeba38527dba,Additional Requirements,3649e9d1-4e09-59bf-8f30-cb33c40cf117,"Certificate Holder must read: c/o Block Real Estate Services, LLC, 4622 Pennsylvania St., Suite 700, Kansas City, MO, 64112",,matchOnce,must be present,,Present,compliant,Block Requirements,,,true,1,,2026-08-16
"Block Real Estate Services, LLC",69fdf78062446148bd8587b1,69fded1c62446148bd849006,New York Air Brake Co,69fdf07103a2257cd27deaeb,"kci291 - Platte Valley Industrial Center 11 {Platte Valley Investment, LLC}",evidenceOfInsurance,Evidence of Insurance,commercialGeneralLiability,Commercial General Liability,evidenceOfInsuranceCommercialGeneralLiabilityCoverageTriggerOccurrence,Coverage Trigger: Occurrence,,matchOnce,must be present,,,non_compliant,Block Requirements,,,false,0,,2026-08-16
"Block Real Estate Services, LLC",69fdf78062446148bd8587b1,69fded1c62446148bd849006,New York Air Brake Co,69fdf07103a2257cd27deaeb,"kci291 - Platte Valley Industrial Center 11 {Platte Valley Investment, LLC}",evidenceOfInsurance,Evidence of Insurance,commercialGeneralLiability,Commercial General Liability,evidenceOfInsuranceCommercialGeneralLiabilityGeneralAggregateLimitAppliesPerLocation,General Aggregate Limit Applies per: Location,,matchOnce,must be present,,,non_compliant,Block Requirements,,,false,0,,2026-08-16
"Block Real Estate Services, LLC",69fdf78062446148bd8587b1,69fded1c62446148bd849006,New York Air Brake Co,69fdf07103a2257cd27deaeb,"kci291 - Platte Valley Industrial Center 11 {Platte Valley Investment, LLC}",evidenceOfInsurance,Evidence of Insurance,commercialGeneralLiability,Commercial General Liability,evidenceOfInsuranceCommercialGeneralLiabilityEachOccurrence,Each Occurrence,,matchOnce,must be greater or equal to,1000000,,non_compliant,Block Requirements,,,false,0,,2026-08-16
"Block Real Estate Services, LLC",69fdf78062446148bd8587b1,69fded1c62446148bd849006,New York Air Brake Co,69fdf07103a2257cd27deaeb,"kci291 - Platte Valley Industrial Center 11 {Platte Valley Investment, LLC}",evidenceOfInsurance,Evidence of Insurance,commercialGeneralLiability,Commercial General Liability,evidenceOfInsuranceCommercialGeneralLiabilityGeneralAggregate,General Aggregate,,matchOnce,must be greater or equal to,2000000,,non_compliant,Block Requirements,,,false,0,,2026-08-16
"Block Real Estate Services, LLC",69fdf78062446148bd8587b1,69fded1c62446148bd849006,New York Air Brake Co,69fdf07103a2257cd27deaeb,"kci291 - Platte Valley Industrial Center 11 {Platte Valley Investment, LLC}",evidenceOfInsurance,Evidence of Insurance,commercialGeneralLiability,Commercial General Liability,evidenceOfInsuranceCommercialGeneralLiabilityWaiverOfSubrogationEndorsement,Waiver of Subrogation,"---prompt---
Determine if the insurer has waived their right of subrogation in favor of the certificate holder under the Commercial General Liability policy. Evidence may include: a checked ""Waiver of Subrogation"" box on the certificate, mention in the Description of Operations section stating ""waiver of subrogation applies"", or reference to form CG 24 04. Look for language like ""subrogation is waived"" or ""per written contract"".",matchOnce,must be present,,,non_compliant,Block Requirements,,,false,0,,2026-08-16
"Block Real Estate Services, LLC",69fdf78062446148bd8587b1,69fded1c62446148bd849006,New York Air Brake Co,69fdf07103a2257cd27deaeb,"kci291 - Platte Valley Industrial Center 11 {Platte Valley Investment, LLC}",evidenceOfInsurance,Evidence of Insurance,excessOrUmbrellaLiability,Umbrella/Excess Liability,evidenceOfInsuranceExcessOrUmbrellaLiabilityOccurence,Coverage Trigger: Occurrence,,matchOnce,must be present,,,non_compliant,Block Requirements,,,false,0,,2026-08-16
"Block Real Estate Services, LLC",69fdf78062446148bd8587b1,69fded1c62446148bd849006,New York Air Brake Co,69fdf07103a2257cd27deaeb,"kci291 - Platte Valley Industrial Center 11 {Platte Valley Investment, LLC}",evidenceOfInsurance,Evidence of Insurance,excessOrUmbrellaLiability,Umbrella/Excess Liability,evidenceOfInsuranceExcessOrUmbrellaLiabilityEachOccurrence,Each Occurrence,,matchOnce,must be greater or equal to,1000000,,non_compliant,Block Requirements,,,false,0,,2026-08-16
"Block Real Estate Services, LLC",69fdf78062446148bd8587b1,69fded1c62446148bd849006,New York Air Brake Co,69fdf07103a2257cd27deaeb,"kci291 - Platte Valley Industrial Center 11 {Platte Valley Investment, LLC}",evidenceOfInsurance,Evidence of Insurance,excessOrUmbrellaLiability,Umbrella/Excess Liability,evidenceOfInsuranceExcessOrUmbrellaLiabilityAggregate,Aggregate,,matchOnce,must be greater or equal to,1000000,,non_compliant,Block Requirements,,,false,0,,2026-08-16
"Block Real Estate Services, LLC",69fdf78062446148bd8587b1,69fded1c62446148bd849006,New York Air Brake Co,69fdf07103a2257cd27deaeb,"kci291 - Platte Valley Industrial Center 11 {Platte Valley Investment, LLC}",evidenceOfInsurance,Evidence of Insurance,workersCompensation,Workers' Compensation and Employer's Liability,evidenceOfInsuranceWorkersCompensationStatutoryLimits,Statutory Limits,,matchOnce,must be present,,,non_compliant,Block Requirements,,,false,0,,2026-08-16
"Block Real Estate Services, LLC",69fdf78062446148bd8587b1,69fded1c62446148bd849006,New York Air Brake Co,69fdf07103a2257cd27deaeb,"kci291 - Platte Valley Industrial Center 11 {Platte Valley Investment, LLC}",evidenceOfInsurance,Evidence of Insurance,workersCompensation,Workers' Compensation and Employer's Liability,evidenceOfInsuranceWorkersCompensationEmployersLiabilityEachAccident,Employer's Liability Each Accident,,matchOnce,must be greater or equal to,500000,,non_compliant,Block Requirements,,,false,0,,2026-08-16
"Block Real Estate Services, LLC",69fdf78062446148bd8587b1,69fded1c62446148bd849006,New York Air Brake Co,69fdf07103a2257cd27deaeb,"kci291 - Platte Valley Industrial Center 11 {Platte Valley Investment, LLC}",evidenceOfInsurance,Evidence of Insurance,workersCompensation,Workers' Compensation and Employer's Liability,evidenceOfInsuranceWorkersCompensationEmployersLiabilityDiseaseEachEmployee,Employer's Liability Disease - each employee,,matchOnce,must be greater or equal to,500000,,non_compliant,Block Requirements,,,false,0,,2026-08-16
"Block Real Estate Services, LLC",69fdf78062446148bd8587b1,69fded1c62446148bd849006,New York Air Brake Co,69fdf07103a2257cd27deaeb,"kci291 - Platte Valley Industrial Center 11 {Platte Valley Investment, LLC}",evidenceOfInsurance,Evidence of Insurance,workersCompensation,Workers' Compensation and Employer's Liability,evidenceOfInsuranceWorkersCompensationEmployersLiabilityDiseasePolicyLimit,Employer's Liability Disease - policy limit,,matchOnce,must be greater or equal to,500000,,non_compliant,Block Requirements,,,false,0,,2026-08-16
"Block Real Estate Services, LLC",69fdf78062446148bd8587b1,69fded1c62446148bd849006,New York Air Brake Co,69fdf07103a2257cd27deaeb,"kci291 - Platte Valley Industrial Center 11 {Platte Valley Investment, LLC}",evidenceOfInsurance,Evidence of Insurance,workersCompensation,Workers' Compensation and Employer's Liability,evidenceOfInsuranceWorkersCompensationWaiverOfSubrogationEndorsement,Waiver of Subrogation,"---prompt---
Determine if the insurer has waived their right of subrogation in favor of the certificate holder under the Workers' Compensation policy. Evidence may include: a checked ""Waiver of Subrogation"" box on the certificate, mention in the Description of Operations section stating ""waiver of subrogation applies"", or reference to form WC 00 03 13. Look for language like ""subrogation is waived"" or ""per written contract"".",matchOnce,must be present,,,non_compliant,Block Requirements,,,false,0,,2026-08-16
"Block Real Estate Services, LLC",69fdf78062446148bd8587b1,69fded1c62446148bd849006,New York Air Brake Co,69fdf07103a2257cd27deaeb,"kci291 - Platte Valley Industrial Center 11 {Platte Valley Investment, LLC}",evidenceOfInsurance,Evidence of Insurance,6ac20aae-5728-5d57-b364-aeba38527dba,Additional Requirements,4da5b0f1-4c9d-5885-8cf8-5d3cccaed3e0,"Block Real Estate Services, LLC and all others required by contract are named as Additional Insureds","---prompt---
Determine if the Description of Operations or the Additional Remarks Schedule section states the ""Additional Insured as Construction Management, Inc. and all others required by contract"" or reference to blanket additional insured coverage. Look for language like ""certificate holder is additional insured"" or ""per written contract"".",matchOnce,must be present,,,non_compliant,Block Requirements,,,true,0,,2026-08-16
"Block Real Estate Services, LLC",69fdf78062446148bd8587b1,69fded1c62446148bd849006,New York Air Brake Co,69fdf07103a2257cd27deaeb,"kci291 - Platte Valley Industrial Center 11 {Platte Valley Investment, LLC}",evidenceOfInsurance,Evidence of Insurance,6ac20aae-5728-5d57-b364-aeba38527dba,Additional Requirements,e1017741-e47e-5f58-97b8-fbc3043e919f,Umbrella follows form over General Liability,"---prompt---
Determine if the Umbrella/Excess Liability policy follows form to the underlying policies. Evidence may include: language in the Description of Operations section stating the umbrella follows form to underlying coverages or an additional page endorsement stating that it follows form. Follow form means the umbrella policy adopts the same terms, conditions, and exclusions as the underlying policies.",matchOnce,must be present,,,non_compliant,Block Requirements,,,true,0,,2026-08-16
"Block Real Estate Services, LLC",69fdf78062446148bd8587b1,69fded1c62446148bd849006,New York Air Brake Co,69fdf07103a2257cd27deaeb,"kci291 - Platte Valley Industrial Center 11 {Platte Valley Investment, LLC}",evidenceOfInsurance,Evidence of Insurance,6ac20aae-5728-5d57-b364-aeba38527dba,Additional Requirements,2cdd866f-c9a4-576a-afd8-1d045762790c,"The location must be listed as: 701 NW Parkway Drive, Riverside, MO, 64150",,matchOnce,must be present,,,non_compliant,Block Requirements,,,true,0,,2026-08-16
"Block Real Estate Services, LLC",69fdf78062446148bd8587b1,69fded1c62446148bd849006,New York Air Brake Co,69fdf07103a2257cd27deaeb,"kci291 - Platte Valley Industrial Center 11 {Platte Valley Investment, LLC}",evidenceOfInsurance,Evidence of Insurance,6ac20aae-5728-5d57-b364-aeba38527dba,Additional Requirements,3649e9d1-4e09-59bf-8f30-cb33c40cf117,"Certificate Holder must read: c/o Block Real Estate Services, LLC, 4622 Pennsylvania St., Suite 700, Kansas City, MO, 64112",,matchOnce,must be present,,,non_compliant,Block Requirements,,,true,0,,2026-08-16
"Block Real Estate Services, LLC",69fdf79262446148bd859c48,69fded1262446148bd848cc1,"Covisian CTX, LLC (fka RGMI Consultant / Centrinex, LLC)",69fdf11143ffeed6de3b221e,prg848 - Eight Pine Ridge Plaza {PERG Buildings. LLC},evidenceOfInsurance,Evidence of Insurance,commercialGeneralLiability,Commercial General Liability,evidenceOfInsuranceCommercialGeneralLiabilityCoverageTriggerOccurrence,Coverage Trigger: Occurrence,,matchOnce,must be present,,Present,compliant,Block Requirements,,,false,1,,2026-08-16
"Block Real Estate Services, LLC",69fdf79262446148bd859c48,69fded1262446148bd848cc1,"Covisian CTX, LLC (fka RGMI Consultant / Centrinex, LLC)",69fdf11143ffeed6de3b221e,prg848 - Eight Pine Ridge Plaza {PERG Buildings. LLC},evidenceOfInsurance,Evidence of Insurance,commercialGeneralLiability,Commercial General Liability,evidenceOfInsuranceCommercialGeneralLiabilityGeneralAggregateLimitAppliesPerLocation,General Aggregate Limit Applies per: Location,,matchOnce,must be present,,,non_compliant,Block Requirements,,,false,0,,2026-08-16
"Block Real Estate Services, LLC",69fdf79262446148bd859c48,69fded1262446148bd848cc1,"Covisian CTX, LLC (fka RGMI Consultant / Centrinex, LLC)",69fdf11143ffeed6de3b221e,prg848 - Eight Pine Ridge Plaza {PERG Buildings. LLC},evidenceOfInsurance,Evidence of Insurance,commercialGeneralLiability,Commercial General Liability,evidenceOfInsuranceCommercialGeneralLiabilityEachOccurrence,Each Occurrence,,matchOnce,must be greater or equal to,1000000,2000000,compliant,Block Requirements,,,false,1,,2026-08-16
"Block Real Estate Services, LLC",69fdf79262446148bd859c48,69fded1262446148bd848cc1,"Covisian CTX, LLC (fka RGMI Consultant / Centrinex, LLC)",69fdf11143ffeed6de3b221e,prg848 - Eight Pine Ridge Plaza {PERG Buildings. LLC},evidenceOfInsurance,Evidence of Insurance,commercialGeneralLiability,Commercial General Liability,evidenceOfInsuranceCommercialGeneralLiabilityGeneralAggregate,General Aggregate,,matchOnce,must be greater or equal to,2000000,4000000,compliant,Block Requirements,,,false,1,,2026-08-16
"Block Real Estate Services, LLC",69fdf79262446148bd859c48,69fded1262446148bd848cc1,"Covisian CTX, LLC (fka RGMI Consultant / Centrinex, LLC)",69fdf11143ffeed6de3b221e,prg848 - Eight Pine Ridge Plaza {PERG Buildings. LLC},evidenceOfInsurance,Evidence of Insurance,commercialGeneralLiability,Commercial General Liability,evidenceOfInsuranceCommercialGeneralLiabilityWaiverOfSubrogationEndorsement,Waiver of Subrogation,"---prompt---
Determine if the insurer has waived their right of subrogation in favor of the certificate holder under the Commercial General Liability policy. Evidence may include: a checked ""Waiver of Subrogation"" box on the certificate, mention in the Description of Operations section stating ""waiver of subrogation applies"", or reference to form CG 24 04. Look for language like ""subrogation is waived"" or ""per written contract"".",matchOnce,must be present,,Present,compliant,Block Requirements,,,false,1,,2026-08-16
"Block Real Estate Services, LLC",69fdf79262446148bd859c48,69fded1262446148bd848cc1,"Covisian CTX, LLC (fka RGMI Consultant / Centrinex, LLC)",69fdf11143ffeed6de3b221e,prg848 - Eight Pine Ridge Plaza {PERG Buildings. LLC},evidenceOfInsurance,Evidence of Insurance,excessOrUmbrellaLiability,Umbrella/Excess Liability,evidenceOfInsuranceExcessOrUmbrellaLiabilityOccurence,Coverage Trigger: Occurrence,,matchOnce,must be present,,Present,compliant,Block Requirements,,,false,1,,2026-08-16
"Block Real Estate Services, LLC",69fdf79262446148bd859c48,69fded1262446148bd848cc1,"Covisian CTX, LLC (fka RGMI Consultant / Centrinex, LLC)",69fdf11143ffeed6de3b221e,prg848 - Eight Pine Ridge Plaza {PERG Buildings. LLC},evidenceOfInsurance,Evidence of Insurance,excessOrUmbrellaLiability,Umbrella/Excess Liability,evidenceOfInsuranceExcessOrUmbrellaLiabilityEachOccurrence,Each Occurrence,,matchOnce,must be greater or equal to,1000000,3000000,compliant,Block Requirements,,,false,1,,2026-08-16
"Block Real Estate Services, LLC",69fdf79262446148bd859c48,69fded1262446148bd848cc1,"Covisian CTX, LLC (fka RGMI Consultant / Centrinex, LLC)",69fdf11143ffeed6de3b221e,prg848 - Eight Pine Ridge Plaza {PERG Buildings. LLC},evidenceOfInsurance,Evidence of Insurance,excessOrUmbrellaLiability,Umbrella/Excess Liability,evidenceOfInsuranceExcessOrUmbrellaLiabilityAggregate,Aggregate,,matchOnce,must be greater or equal to,1000000,3000000,compliant,Block Requirements,,,false,1,,2026-08-16
"Block Real Estate Services, LLC",69fdf79262446148bd859c48,69fded1262446148bd848cc1,"Covisian CTX, LLC (fka RGMI Consultant / Centrinex, LLC)",69fdf11143ffeed6de3b221e,prg848 - Eight Pine Ridge Plaza {PERG Buildings. LLC},evidenceOfInsurance,Evidence of Insurance,workersCompensation,Workers' Compensation and Employer's Liability,evidenceOfInsuranceWorkersCompensationStatutoryLimits,Statutory Limits,,matchOnce,must be present,,Present,compliant,Block Requirements,,,false,1,,2026-08-16
"Block Real Estate Services, LLC",69fdf79262446148bd859c48,69fded1262446148bd848cc1,"Covisian CTX, LLC (fka RGMI Consultant / Centrinex, LLC)",69fdf11143ffeed6de3b221e,prg848 - Eight Pine Ridge Plaza {PERG Buildings. LLC},evidenceOfInsurance,Evidence of Insurance,workersCompensation,Workers' Compensation and Employer's Liability,evidenceOfInsuranceWorkersCompensationEmployersLiabilityEachAccident,Employer's Liability Each Accident,,matchOnce,must be greater or equal to,500000,1000000,compliant,Block Requirements,,,false,1,,2026-08-16
"Block Real Estate Services, LLC",69fdf79262446148bd859c48,69fded1262446148bd848cc1,"Covisian CTX, LLC (fka RGMI Consultant / Centrinex, LLC)",69fdf11143ffeed6de3b221e,prg848 - Eight Pine Ridge Plaza {PERG Buildings. LLC},evidenceOfInsurance,Evidence of Insurance,workersCompensation,Workers' Compensation and Employer's Liability,evidenceOfInsuranceWorkersCompensationEmployersLiabilityDiseaseEachEmployee,Employer's Liability Disease - each employee,,matchOnce,must be greater or equal to,500000,1000000,compliant,Block Requirements,,,false,1,,2026-08-16
"Block Real Estate Services, LLC",69fdf79262446148bd859c48,69fded1262446148bd848cc1,"Covisian CTX, LLC (fka RGMI Consultant / Centrinex, LLC)",69fdf11143ffeed6de3b221e,prg848 - Eight Pine Ridge Plaza {PERG Buildings. LLC},evidenceOfInsurance,Evidence of Insurance,workersCompensation,Workers' Compensation and Employer's Liability,evidenceOfInsuranceWorkersCompensationEmployersLiabilityDiseasePolicyLimit,Employer's Liability Disease - policy limit,,matchOnce,must be greater or equal to,500000,1000000,compliant,Block Requirements,,,false,1,,2026-08-16
"Block Real Estate Services, LLC",69fdf79262446148bd859c48,69fded1262446148bd848cc1,"Covisian CTX, LLC (fka RGMI Consultant / Centrinex, LLC)",69fdf11143ffeed6de3b221e,prg848 - Eight Pine Ridge Plaza {PERG Buildings. LLC},evidenceOfInsurance,Evidence of Insurance,workersCompensation,Workers' Compensation and Employer's Liability,evidenceOfInsuranceWorkersCompensationWaiverOfSubrogationEndorsement,Waiver of Subrogation,"---prompt---
Determine if the insurer has waived their right of subrogation in favor of the certificate holder under the Workers' Compensation policy. Evidence may include: a checked ""Waiver of Subrogation"" box on the certificate, mention in the Description of Operations section stating ""waiver of subrogation applies"", or reference to form WC 00 03 13. Look for language like ""subrogation is waived"" or ""per written contract"".",matchOnce,must be present,,,non_compliant,Block Requirements,,,false,0,,2026-08-16
"Block Real Estate Services, LLC",69fdf79262446148bd859c48,69fded1262446148bd848cc1,"Covisian CTX, LLC (fka RGMI Consultant / Centrinex, LLC)",69fdf11143ffeed6de3b221e,prg848 - Eight Pine Ridge Plaza {PERG Buildings. LLC},evidenceOfInsurance,Evidence of Insurance,6ac20aae-5728-5d57-b364-aeba38527dba,Additional Requirements,4da5b0f1-4c9d-5885-8cf8-5d3cccaed3e0,"Block Real Estate Services, LLC and all others required by contract are named as Additional Insureds","---prompt---
Determine if the Description of Operations or the Additional Remarks Schedule section states the ""Additional Insured as Construction Management, Inc. and all others required by contract"" or reference to blanket additional insured coverage. Look for language like ""certificate holder is additional insured"" or ""per written contract"".",matchOnce,must be present,,Present,compliant,Block Requirements,,,true,1,,2026-08-16
"Block Real Estate Services, LLC",69fdf79262446148bd859c48,69fded1262446148bd848cc1,"Covisian CTX, LLC (fka RGMI Consultant / Centrinex, LLC)",69fdf11143ffeed6de3b221e,prg848 - Eight Pine Ridge Plaza {PERG Buildings. LLC},evidenceOfInsurance,Evidence of Insurance,6ac20aae-5728-5d57-b364-aeba38527dba,Additional Requirements,e1017741-e47e-5f58-97b8-fbc3043e919f,Umbrella follows form over General Liability,"---prompt---
Determine if the Umbrella/Excess Liability policy follows form to the underlying policies. Evidence may include: language in the Description of Operations section stating the umbrella follows form to underlying coverages or an additional page endorsement stating that it follows form. Follow form means the umbrella policy adopts the same terms, conditions, and exclusions as the underlying policies.",matchOnce,must be present,,Present,compliant,Block Requirements,,,true,1,,2026-08-16
"Block Real Estate Services, LLC",69fdf79262446148bd859c48,69fded1262446148bd848cc1,"Covisian CTX, LLC (fka RGMI Consultant / Centrinex, LLC)",69fdf11143ffeed6de3b221e,prg848 - Eight Pine Ridge Plaza {PERG Buildings. LLC},evidenceOfInsurance,Evidence of Insurance,6ac20aae-5728-5d57-b364-aeba38527dba,Additional Requirements,2cdd866f-c9a4-576a-afd8-1d045762790c,"The location must be listed as: 10310 W. 84th Terrace Suites 100, 200, 250 Lenexa KS 66214",,matchOnce,must be present,,Present,compliant,Block Requirements,,,true,1,,2026-08-16
"Block Real Estate Services, LLC",69fdf79262446148bd859c48,69fded1262446148bd848cc1,"Covisian CTX, LLC (fka RGMI Consultant / Centrinex, LLC)",69fdf11143ffeed6de3b221e,prg848 - Eight Pine Ridge Plaza {PERG Buildings. LLC},evidenceOfInsurance,Evidence of Insurance,6ac20aae-5728-5d57-b364-aeba38527dba,Additional Requirements,3649e9d1-4e09-59bf-8f30-cb33c40cf117,"Certificate Holder must read: c/o Block Real Estate Services, LLC, 4622 Pennsylvania St., Suite 700, Kansas City, MO, 64112",,matchOnce,must be present,,Present,compliant,Block Requirements,,,true,1,,2026-08-16
"Block Real Estate Services, LLC",69fdf78062446148bd8587cb,69fded1962446148bd848f0d,Landmarc Environmental Systems LLC,69fdf08d0bb484cab513cc63,"kci893 - Riverside Industrial Center 3 {Riverside Industrial Center Investment, LLC}",evidenceOfInsurance,Evidence of Insurance,commercialGeneralLiability,Commercial General Liability,evidenceOfInsuranceCommercialGeneralLiabilityCoverageTriggerOccurrence,Coverage Trigger: Occurrence,,matchOnce,must be present,,Present,compliant,Block Requirements,,,false,1,,2026-08-16
"Block Real Estate Services, LLC",69fdf78062446148bd8587cb,69fded1962446148bd848f0d,Landmarc Environmental Systems LLC,69fdf08d0bb484cab513cc63,"kci893 - Riverside Industrial Center 3 {Riverside Industrial Center Investment, LLC}",evidenceOfInsurance,Evidence of Insurance,commercialGeneralLiability,Commercial General Liability,evidenceOfInsuranceCommercialGeneralLiabilityGeneralAggregateLimitAppliesPerLocation,General Aggregate Limit Applies per: Location,,matchOnce,must be present,,Present,compliant,Block Requirements,,,false,1,,2026-08-16
"Block Real Estate Services, LLC",69fdf78062446148bd8587cb,69fded1962446148bd848f0d,Landmarc Environmental Systems LLC,69fdf08d0bb484cab513cc63,"kci893 - Riverside Industrial Center 3 {Riverside Industrial Center Investment, LLC}",evidenceOfInsurance,Evidence of Insurance,commercialGeneralLiability,Commercial General Liability,evidenceOfInsuranceCommercialGeneralLiabilityEachOccurrence,Each Occurrence,,matchOnce,must be greater or equal to,1000000,1000000,compliant,Block Requirements,,,false,1,,2026-08-16
"Block Real Estate Services, LLC",69fdf78062446148bd8587cb,69fded1962446148bd848f0d,Landmarc Environmental Systems LLC,69fdf08d0bb484cab513cc63,"kci893 - Riverside Industrial Center 3 {Riverside Industrial Center Investment, LLC}",evidenceOfInsurance,Evidence of Insurance,commercialGeneralLiability,Commercial General Liability,evidenceOfInsuranceCommercialGeneralLiabilityGeneralAggregate,General Aggregate,,matchOnce,must be greater or equal to,2000000,2000000,compliant,Block Requirements,,,false,1,,2026-08-16
"Block Real Estate Services, LLC",69fdf78062446148bd8587cb,69fded1962446148bd848f0d,Landmarc Environmental Systems LLC,69fdf08d0bb484cab513cc63,"kci893 - Riverside Industrial Center 3 {Riverside Industrial Center Investment, LLC}",evidenceOfInsurance,Evidence of Insurance,commercialGeneralLiability,Commercial General Liability,evidenceOfInsuranceCommercialGeneralLiabilityWaiverOfSubrogationEndorsement,Waiver of Subrogation,"---prompt---
Determine if the insurer has waived their right of subrogation in favor of the certificate holder under the Commercial General Liability policy. Evidence may include: a checked ""Waiver of Subrogation"" box on the certificate, mention in the Description of Operations section stating ""waiver of subrogation applies"", or reference to form CG 24 04. Look for language like ""subrogation is waived"" or ""per written contract"".",matchOnce,must be present,,Present,compliant,Block Requirements,,,false,1,,2026-08-16
"Block Real Estate Services, LLC",69fdf78062446148bd8587cb,69fded1962446148bd848f0d,Landmarc Environmental Systems LLC,69fdf08d0bb484cab513cc63,"kci893 - Riverside Industrial Center 3 {Riverside Industrial Center Investment, LLC}",evidenceOfInsurance,Evidence of Insurance,excessOrUmbrellaLiability,Umbrella/Excess Liability,evidenceOfInsuranceExcessOrUmbrellaLiabilityOccurence,Coverage Trigger: Occurrence,,matchOnce,must be present,,Present,compliant,Block Requirements,,,false,1,,2026-08-16
"Block Real Estate Services, LLC",69fdf78062446148bd8587cb,69fded1962446148bd848f0d,Landmarc Environmental Systems LLC,69fdf08d0bb484cab513cc63,"kci893 - Riverside Industrial Center 3 {Riverside Industrial Center Investment, LLC}",evidenceOfInsurance,Evidence of Insurance,excessOrUmbrellaLiability,Umbrella/Excess Liability,evidenceOfInsuranceExcessOrUmbrellaLiabilityEachOccurrence,Each Occurrence,,matchOnce,must be greater or equal to,1000000,1000000,compliant,Block Requirements,,,false,1,,2026-08-16
"Block Real Estate Services, LLC",69fdf78062446148bd8587cb,69fded1962446148bd848f0d,Landmarc Environmental Systems LLC,69fdf08d0bb484cab513cc63,"kci893 - Riverside Industrial Center 3 {Riverside Industrial Center Investment, LLC}",evidenceOfInsurance,Evidence of Insurance,excessOrUmbrellaLiability,Umbrella/Excess Liability,evidenceOfInsuranceExcessOrUmbrellaLiabilityAggregate,Aggregate,,matchOnce,must be greater or equal to,1000000,1000000,compliant,Block Requirements,,,false,1,,2026-08-16
"Block Real Estate Services, LLC",69fdf78062446148bd8587cb,69fded1962446148bd848f0d,Landmarc Environmental Systems LLC,69fdf08d0bb484cab513cc63,"kci893 - Riverside Industrial Center 3 {Riverside Industrial Center Investment, LLC}",evidenceOfInsurance,Evidence of Insurance,workersCompensation,Workers' Compensation and Employer's Liability,evidenceOfInsuranceWorkersCompensationStatutoryLimits,Statutory Limits,,matchOnce,must be present,,Present,compliant,Block Requirements,,,false,1,,2026-08-16
"Block Real Estate Services, LLC",69fdf78062446148bd8587cb,69fded1962446148bd848f0d,Landmarc Environmental Systems LLC,69fdf08d0bb484cab513cc63,"kci893 - Riverside Industrial Center 3 {Riverside Industrial Center Investment, LLC}",evidenceOfInsurance,Evidence of Insurance,workersCompensation,Workers' Compensation and Employer's Liability,evidenceOfInsuranceWorkersCompensationEmployersLiabilityEachAccident,Employer's Liability Each Accident,,matchOnce,must be greater or equal to,500000,2000000,compliant,Block Requirements,,,false,1,,2026-08-16
"Block Real Estate Services, LLC",69fdf78062446148bd8587cb,69fded1962446148bd848f0d,Landmarc Environmental Systems LLC,69fdf08d0bb484cab513cc63,"kci893 - Riverside Industrial Center 3 {Riverside Industrial Center Investment, LLC}",evidenceOfInsurance,Evidence of Insurance,workersCompensation,Workers' Compensation and Employer's Liability,evidenceOfInsuranceWorkersCompensationEmployersLiabilityDiseaseEachEmployee,Employer's Liability Disease - each employee,,matchOnce,must be greater or equal to,500000,2000000,compliant,Block Requirements,,,false,1,,2026-08-16
"Block Real Estate Services, LLC",69fdf78062446148bd8587cb,69fded1962446148bd848f0d,Landmarc Environmental Systems LLC,69fdf08d0bb484cab513cc63,"kci893 - Riverside Industrial Center 3 {Riverside Industrial Center Investment, LLC}",evidenceOfInsurance,Evidence of Insurance,workersCompensation,Workers' Compensation and Employer's Liability,evidenceOfInsuranceWorkersCompensationEmployersLiabilityDiseasePolicyLimit,Employer's Liability Disease - policy limit,,matchOnce,must be greater or equal to,500000,2000000,compliant,Block Requirements,,,false,1,,2026-08-16
"Block Real Estate Services, LLC",69fdf78062446148bd8587cb,69fded1962446148bd848f0d,Landmarc Environmental Systems LLC,69fdf08d0bb484cab513cc63,"kci893 - Riverside Industrial Center 3 {Riverside Industrial Center Investment, LLC}",evidenceOfInsurance,Evidence of Insurance,workersCompensation,Workers' Compensation and Employer's Liability,evidenceOfInsuranceWorkersCompensationWaiverOfSubrogationEndorsement,Waiver of Subrogation,"---prompt---
Determine if the insurer has waived their right of subrogation in favor of the certificate holder under the Workers' Compensation policy. Evidence may include: a checked ""Waiver of Subrogation"" box on the certificate, mention in the Description of Operations section stating ""waiver of subrogation applies"", or reference to form WC 00 03 13. Look for language like ""subrogation is waived"" or ""per written contract"".",matchOnce,must be present,,Present,compliant,Block Requirements,,,false,1,,2026-08-16
"Block Real Estate Services, LLC",69fdf78062446148bd8587cb,69fded1962446148bd848f0d,Landmarc Environmental Systems LLC,69fdf08d0bb484cab513cc63,"kci893 - Riverside Industrial Center 3 {Riverside Industrial Center Investment, LLC}",evidenceOfInsurance,Evidence of Insurance,6ac20aae-5728-5d57-b364-aeba38527dba,Additional Requirements,4da5b0f1-4c9d-5885-8cf8-5d3cccaed3e0,"Block Real Estate Services, LLC and all others required by contract are named as Additional Insureds","---prompt---
Determine if the Description of Operations or the Additional Remarks Schedule section states the ""Additional Insured as Construction Management, Inc. and all others required by contract"" or reference to blanket additional insured coverage. Look for language like ""certificate holder is additional insured"" or ""per written contract"".",matchOnce,must be present,,Present,compliant,Block Requirements,,,true,1,,2026-08-16
"Block Real Estate Services, LLC",69fdf78062446148bd8587cb,69fded1962446148bd848f0d,Landmarc Environmental Systems LLC,69fdf08d0bb484cab513cc63,"kci893 - Riverside Industrial Center 3 {Riverside Industrial Center Investment, LLC}",evidenceOfInsurance,Evidence of Insurance,6ac20aae-5728-5d57-b364-aeba38527dba,Additional Requirements,e1017741-e47e-5f58-97b8-fbc3043e919f,Umbrella follows form over General Liability,"---prompt---
Determine if the Umbrella/Excess Liability policy follows form to the underlying policies. Evidence may include: language in the Description of Operations section stating the umbrella follows form to underlying coverages or an additional page endorsement stating that it follows form. Follow form means the umbrella policy adopts the same terms, conditions, and exclusions as the underlying policies.",matchOnce,must be present,,Present,compliant,Block Requirements,,,true,1,,2026-08-16
"Block Real Estate Services, LLC",69fdf78062446148bd8587cb,69fded1962446148bd848f0d,Landmarc Environmental Systems LLC,69fdf08d0bb484cab513cc63,"kci893 - Riverside Industrial Center 3 {Riverside Industrial Center Investment, LLC}",evidenceOfInsurance,Evidence of Insurance,6ac20aae-5728-5d57-b364-aeba38527dba,Additional Requirements,2cdd866f-c9a4-576a-afd8-1d045762790c,"The location must be listed as: 424 NW Business Park Lane, Riverside, MO, 64150",,matchOnce,must be present,,Present,compliant,Block Requirements,,,true,1,,2026-08-16
"Block Real Estate Services, LLC",69fdf78062446148bd8587cb,69fded1962446148bd848f0d,Landmarc Environmental Systems LLC,69fdf08d0bb484cab513cc63,"kci893 - Riverside Industrial Center 3 {Riverside Industrial Center Investment, LLC}",evidenceOfInsurance,Evidence of Insurance,6ac20aae-5728-5d57-b364-aeba38527dba,Additional Requirements,3649e9d1-4e09-59bf-8f30-cb33c40cf117,"Certificate Holder must read: c/o Block Real Estate Services, LLC, 4622 Pennsylvania St., Suite 700, Kansas City, MO, 64112",,matchOnce,must be present,,Present,compliant,Block Requirements,,,true,1,,2026-08-16
"Block Real Estate Services, LLC",69fdf78062446148bd8587cd,69fded2062446148bd849162,"Show Me State Vital Care / Show Me State Infusion Pharmacy, LLC",69fdf08d0bb484cab513cc63,"kci893 - Riverside Industrial Center 3 {Riverside Industrial Center Investment, LLC}",evidenceOfInsurance,Evidence of Insurance,commercialGeneralLiability,Commercial General Liability,evidenceOfInsuranceCommercialGeneralLiabilityCoverageTriggerOccurrence,Coverage Trigger: Occurrence,,matchOnce,must be present,,Present,compliant,Block Requirements,,,false,1,,2026-08-16
"Block Real Estate Services, LLC",69fdf78062446148bd8587cd,69fded2062446148bd849162,"Show Me State Vital Care / Show Me State Infusion Pharmacy, LLC",69fdf08d0bb484cab513cc63,"kci893 - Riverside Industrial Center 3 {Riverside Industrial Center Investment, LLC}",evidenceOfInsurance,Evidence of Insurance,commercialGeneralLiability,Commercial General Liability,evidenceOfInsuranceCommercialGeneralLiabilityGeneralAggregateLimitAppliesPerLocation,General Aggregate Limit Applies per: Location,,matchOnce,must be present,,,non_compliant,Block Requirements,,,false,0,,2026-08-16
"Block Real Estate Services, LLC",69fdf78062446148bd8587cd,69fded2062446148bd849162,"Show Me State Vital Care / Show Me State Infusion Pharmacy, LLC",69fdf08d0bb484cab513cc63,"kci893 - Riverside Industrial Center 3 {Riverside Industrial Center Investment, LLC}",evidenceOfInsurance,Evidence of Insurance,commercialGeneralLiability,Commercial General Liability,evidenceOfInsuranceCommercialGeneralLiabilityEachOccurrence,Each Occurrence,,matchOnce,must be greater or equal to,1000000,1000000,compliant,Block Requirements,,,false,1,,2026-08-16
"Block Real Estate Services, LLC",69fdf78062446148bd8587cd,69fded2062446148bd849162,"Show Me State Vital Care / Show Me State Infusion Pharmacy, LLC",69fdf08d0bb484cab513cc63,"kci893 - Riverside Industrial Center 3 {Riverside Industrial Center Investment, LLC}",evidenceOfInsurance,Evidence of Insurance,commercialGeneralLiability,Commercial General Liability,evidenceOfInsuranceCommercialGeneralLiabilityGeneralAggregate,General Aggregate,,matchOnce,must be greater or equal to,2000000,3000000,compliant,Block Requirements,,,false,1,,2026-08-16
"Block Real Estate Services, LLC",69fdf78062446148bd8587cd,69fded2062446148bd849162,"Show Me State Vital Care / Show Me State Infusion Pharmacy, LLC",69fdf08d0bb484cab513cc63,"kci893 - Riverside Industrial Center 3 {Riverside Industrial Center Investment, LLC}",evidenceOfInsurance,Evidence of Insurance,commercialGeneralLiability,Commercial General Liability,evidenceOfInsuranceCommercialGeneralLiabilityWaiverOfSubrogationEndorsement,Waiver of Subrogation,"---prompt---
Determine if the insurer has waived their right of subrogation in favor of the certificate holder under the Commercial General Liability policy. Evidence may include: a checked ""Waiver of Subrogation"" box on the certificate, mention in the Description of Operations section stating ""waiver of subrogation applies"", or reference to form CG 24 04. Look for language like ""subrogation is waived"" or ""per written contract"".",matchOnce,must be present,,Present,compliant,Block Requirements,,,false,1,,2026-08-16
"Block Real Estate Services, LLC",69fdf78062446148bd8587cd,69fded2062446148bd849162,"Show Me State Vital Care / Show Me State Infusion Pharmacy, LLC",69fdf08d0bb484cab513cc63,"kci893 - Riverside Industrial Center 3 {Riverside Industrial Center Investment, LLC}",evidenceOfInsurance,Evidence of Insurance,excessOrUmbrellaLiability,Umbrella/Excess Liability,evidenceOfInsuranceExcessOrUmbrellaLiabilityOccurence,Coverage Trigger: Occurrence,,matchOnce,must be present,,Present,compliant,Block Requirements,,,false,1,,2026-08-16
"Block Real Estate Services, LLC",69fdf78062446148bd8587cd,69fded2062446148bd849162,"Show Me State Vital Care / Show Me State Infusion Pharmacy, LLC",69fdf08d0bb484cab513cc63,"kci893 - Riverside Industrial Center 3 {Riverside Industrial Center Investment, LLC}",evidenceOfInsurance,Evidence of Insurance,excessOrUmbrellaLiability,Umbrella/Excess Liability,evidenceOfInsuranceExcessOrUmbrellaLiabilityEachOccurrence,Each Occurrence,,matchOnce,must be greater or equal to,1000000,4000000,compliant,Block Requirements,,,false,1,,2026-08-16
"Block Real Estate Services, LLC",69fdf78062446148bd8587cd,69fded2062446148bd849162,"Show Me State Vital Care / Show Me State Infusion Pharmacy, LLC",69fdf08d0bb484cab513cc63,"kci893 - Riverside Industrial Center 3 {Riverside Industrial Center Investment, LLC}",evidenceOfInsurance,Evidence of Insurance,excessOrUmbrellaLiability,Umbrella/Excess Liability,evidenceOfInsuranceExcessOrUmbrellaLiabilityAggregate,Aggregate,,matchOnce,must be greater or equal to,1000000,4000000,compliant,Block Requirements,,,false,1,,2026-08-16
"Block Real Estate Services, LLC",69fdf78062446148bd8587cd,69fded2062446148bd849162,"Show Me State Vital Care / Show Me State Infusion Pharmacy, LLC",69fdf08d0bb484cab513cc63,"kci893 - Riverside Industrial Center 3 {Riverside Industrial Center Investment, LLC}",evidenceOfInsurance,Evidence of Insurance,workersCompensation,Workers' Compensation and Employer's Liability,evidenceOfInsuranceWorkersCompensationStatutoryLimits,Statutory Limits,,matchOnce,must be present,,Present,compliant,Block Requirements,,,false,1,,2026-08-16
"Block Real Estate Services, LLC",69fdf78062446148bd8587cd,69fded2062446148bd849162,"Show Me State Vital Care / Show Me State Infusion Pharmacy, LLC",69fdf08d0bb484cab513cc63,"kci893 - Riverside Industrial Center 3 {Riverside Industrial Center Investment, LLC}",evidenceOfInsurance,Evidence of Insurance,workersCompensation,Workers' Compensation and Employer's Liability,evidenceOfInsuranceWorkersCompensationEmployersLiabilityEachAccident,Employer's Liability Each Accident,,matchOnce,must be greater or equal to,500000,500000,compliant,Block Requirements,,,false,1,,2026-08-16
"Block Real Estate Services, LLC",69fdf78062446148bd8587cd,69fded2062446148bd849162,"Show Me State Vital Care / Show Me State Infusion Pharmacy, LLC",69fdf08d0bb484cab513cc63,"kci893 - Riverside Industrial Center 3 {Riverside Industrial Center Investment, LLC}",evidenceOfInsurance,Evidence of Insurance,workersCompensation,Workers' Compensation and Employer's Liability,evidenceOfInsuranceWorkersCompensationEmployersLiabilityDiseaseEachEmployee,Employer's Liability Disease - each employee,,matchOnce,must be greater or equal to,500000,500000,compliant,Block Requirements,,,false,1,,2026-08-16
"Block Real Estate Services, LLC",69fdf78062446148bd8587cd,69fded2062446148bd849162,"Show Me State Vital Care / Show Me State Infusion Pharmacy, LLC",69fdf08d0bb484cab513cc63,"kci893 - Riverside Industrial Center 3 {Riverside Industrial Center Investment, LLC}",evidenceOfInsurance,Evidence of Insurance,workersCompensation,Workers' Compensation and Employer's Liability,evidenceOfInsuranceWorkersCompensationEmployersLiabilityDiseasePolicyLimit,Employer's Liability Disease - policy limit,,matchOnce,must be greater or equal to,500000,500000,compliant,Block Requirements,,,false,1,,2026-08-16
"Block Real Estate Services, LLC",69fdf78062446148bd8587cd,69fded2062446148bd849162,"Show Me State Vital Care / Show Me State Infusion Pharmacy, LLC",69fdf08d0bb484cab513cc63,"kci893 - Riverside Industrial Center 3 {Riverside Industrial Center Investment, LLC}",evidenceOfInsurance,Evidence of Insurance,workersCompensation,Workers' Compensation and Employer's Liability,evidenceOfInsuranceWorkersCompensationWaiverOfSubrogationEndorsement,Waiver of Subrogation,"---prompt---
Determine if the insurer has waived their right of subrogation in favor of the certificate holder under the Workers' Compensation policy. Evidence may include: a checked ""Waiver of Subrogation"" box on the certificate, mention in the Description of Operations section stating ""waiver of subrogation applies"", or reference to form WC 00 03 13. Look for language like ""subrogation is waived"" or ""per written contract"".",matchOnce,must be present,,,waived,Block Requirements,WoS for WC not available in the state of MO,,false,0,,2026-08-16
"Block Real Estate Services, LLC",69fdf78062446148bd8587cd,69fded2062446148bd849162,"Show Me State Vital Care / Show Me State Infusion Pharmacy, LLC",69fdf08d0bb484cab513cc63,"kci893 - Riverside Industrial Center 3 {Riverside Industrial Center Investment, LLC}",evidenceOfInsurance,Evidence of Insurance,6ac20aae-5728-5d57-b364-aeba38527dba,Additional Requirements,4da5b0f1-4c9d-5885-8cf8-5d3cccaed3e0,"Block Real Estate Services, LLC and all others required by contract are named as Additional Insureds","---prompt---
Determine if the Description of Operations or the Additional Remarks Schedule section states the ""Additional Insured as Construction Management, Inc. and all others required by contract"" or reference to blanket additional insured coverage. Look for language like ""certificate holder is additional insured"" or ""per written contract"".",matchOnce,must be present,,Present,compliant,Block Requirements,,,true,1,,2026-08-16
"Block Real Estate Services, LLC",69fdf78062446148bd8587cd,69fded2062446148bd849162,"Show Me State Vital Care / Show Me State Infusion Pharmacy, LLC",69fdf08d0bb484cab513cc63,"kci893 - Riverside Industrial Center 3 {Riverside Industrial Center Investment, LLC}",evidenceOfInsurance,Evidence of Insurance,6ac20aae-5728-5d57-b364-aeba38527dba,Additional Requirements,e1017741-e47e-5f58-97b8-fbc3043e919f,Umbrella follows form over General Liability,"---prompt---
Determine if the Umbrella/Excess Liability policy follows form to the underlying policies. Evidence may include: language in the Description of Operations section stating the umbrella follows form to underlying coverages or an additional page endorsement stating that it follows form. Follow form means the umbrella policy adopts the same terms, conditions, and exclusions as the underlying policies.",matchOnce,must be present,,Present,compliant,Block Requirements,,,true,1,,2026-08-16
"Block Real Estate Services, LLC",69fdf78062446148bd8587cd,69fded2062446148bd849162,"Show Me State Vital Care / Show Me State Infusion Pharmacy, LLC",69fdf08d0bb484cab513cc63,"kci893 - Riverside Industrial Center 3 {Riverside Industrial Center Investment, LLC}",evidenceOfInsurance,Evidence of Insurance,6ac20aae-5728-5d57-b364-aeba38527dba,Additional Requirements,2cdd866f-c9a4-576a-afd8-1d045762790c,"The location must be listed as: 420 NW Business Park Lane, Riverside, MO, 64150",,matchOnce,must be present,,Present,compliant,Block Requirements,,,true,2,,2026-08-16
"Block Real Estate Services, LLC",69fdf78062446148bd8587cd,69fded2062446148bd849162,"Show Me State Vital Care / Show Me State Infusion Pharmacy, LLC",69fdf08d0bb484cab513cc63,"kci893 - Riverside Industrial Center 3 {Riverside Industrial Center Investment, LLC}",evidenceOfInsurance,Evidence of Insurance,6ac20aae-5728-5d57-b364-aeba38527dba,Additional Requirements,3649e9d1-4e09-59bf-8f30-cb33c40cf117,"Certificate Holder must read: c/o Block Real Estate Services, LLC, 4622 Pennsylvania St., Suite 700, Kansas City, MO, 64112",,matchOnce,must be present,,Present,compliant,Block Requirements,,,true,2,,2026-08-16
"Block Real Estate Services, LLC",69fdf78062446148bd8587cf,69fded2262446148bd8491e0,TeamSmile Inc,69fdf08d0bb484cab513cc63,"kci893 - Riverside Industrial Center 3 {Riverside Industrial Center Investment, LLC}",evidenceOfInsurance,Evidence of Insurance,commercialGeneralLiability,Commercial General Liability,evidenceOfInsuranceCommercialGeneralLiabilityCoverageTriggerOccurrence,Coverage Trigger: Occurrence,,matchOnce,must be present,,Present,compliant,Block Requirements,,,false,1,,2026-08-16
"Block Real Estate Services, LLC",69fdf78062446148bd8587cf,69fded2262446148bd8491e0,TeamSmile Inc,69fdf08d0bb484cab513cc63,"kci893 - Riverside Industrial Center 3 {Riverside Industrial Center Investment, LLC}",evidenceOfInsurance,Evidence of Insurance,commercialGeneralLiability,Commercial General Liability,evidenceOfInsuranceCommercialGeneralLiabilityGeneralAggregateLimitAppliesPerLocation,General Aggregate Limit Applies per: Location,,matchOnce,must be present,,Present,compliant,Block Requirements,,,false,1,,2026-08-16
"Block Real Estate Services, LLC",69fdf78062446148bd8587cf,69fded2262446148bd8491e0,TeamSmile Inc,69fdf08d0bb484cab513cc63,"kci893 - Riverside Industrial Center 3 {Riverside Industrial Center Investment, LLC}",evidenceOfInsurance,Evidence of Insurance,commercialGeneralLiability,Commercial General Liability,evidenceOfInsuranceCommercialGeneralLiabilityEachOccurrence,Each Occurrence,,matchOnce,must be greater or equal to,1000000,2000000,compliant,Block Requirements,,,false,1,,2026-08-16
"Block Real Estate Services, LLC",69fdf78062446148bd8587cf,69fded2262446148bd8491e0,TeamSmile Inc,69fdf08d0bb484cab513cc63,"kci893 - Riverside Industrial Center 3 {Riverside Industrial Center Investment, LLC}",evidenceOfInsurance,Evidence of Insurance,commercialGeneralLiability,Commercial General Liability,evidenceOfInsuranceCommercialGeneralLiabilityGeneralAggregate,General Aggregate,,matchOnce,must be greater or equal to,2000000,4000000,compliant,Block Requirements,,,false,1,,2026-08-16
"Block Real Estate Services, LLC",69fdf78062446148bd8587cf,69fded2262446148bd8491e0,TeamSmile Inc,69fdf08d0bb484cab513cc63,"kci893 - Riverside Industrial Center 3 {Riverside Industrial Center Investment, LLC}",evidenceOfInsurance,Evidence of Insurance,commercialGeneralLiability,Commercial General Liability,evidenceOfInsuranceCommercialGeneralLiabilityWaiverOfSubrogationEndorsement,Waiver of Subrogation,"---prompt---
Determine if the insurer has waived their right of subrogation in favor of the certificate holder under the Commercial General Liability policy. Evidence may include: a checked ""Waiver of Subrogation"" box on the certificate, mention in the Description of Operations section stating ""waiver of subrogation applies"", or reference to form CG 24 04. Look for language like ""subrogation is waived"" or ""per written contract"".",matchOnce,must be present,,Present,compliant,Block Requirements,,,false,1,,2026-08-16
"Block Real Estate Services, LLC",69fdf78062446148bd8587cf,69fded2262446148bd8491e0,TeamSmile Inc,69fdf08d0bb484cab513cc63,"kci893 - Riverside Industrial Center 3 {Riverside Industrial Center Investment, LLC}",evidenceOfInsurance,Evidence of Insurance,excessOrUmbrellaLiability,Umbrella/Excess Liability,evidenceOfInsuranceExcessOrUmbrellaLiabilityOccurence,Coverage Trigger: Occurrence,,matchOnce,must be present,,Present,compliant,Block Requirements,,,false,1,,2026-08-16
"Block Real Estate Services, LLC",69fdf78062446148bd8587cf,69fded2262446148bd8491e0,TeamSmile Inc,69fdf08d0bb484cab513cc63,"kci893 - Riverside Industrial Center 3 {Riverside Industrial Center Investment, LLC}",evidenceOfInsurance,Evidence of Insurance,excessOrUmbrellaLiability,Umbrella/Excess Liability,evidenceOfInsuranceExcessOrUmbrellaLiabilityEachOccurrence,Each Occurrence,,matchOnce,must be greater or equal to,1000000,5000000,compliant,Block Requirements,,,false,1,,2026-08-16
"Block Real Estate Services, LLC",69fdf78062446148bd8587cf,69fded2262446148bd8491e0,TeamSmile Inc,69fdf08d0bb484cab513cc63,"kci893 - Riverside Industrial Center 3 {Riverside Industrial Center Investment, LLC}",evidenceOfInsurance,Evidence of Insurance,excessOrUmbrellaLiability,Umbrella/Excess Liability,evidenceOfInsuranceExcessOrUmbrellaLiabilityAggregate,Aggregate,,matchOnce,must be greater or equal to,1000000,5000000,compliant,Block Requirements,,,false,1,,2026-08-16
"Block Real Estate Services, LLC",69fdf78062446148bd8587cf,69fded2262446148bd8491e0,TeamSmile Inc,69fdf08d0bb484cab513cc63,"kci893 - Riverside Industrial Center 3 {Riverside Industrial Center Investment, LLC}",evidenceOfInsurance,Evidence of Insurance,workersCompensation,Workers' Compensation and Employer's Liability,evidenceOfInsuranceWorkersCompensationStatutoryLimits,Statutory Limits,,matchOnce,must be present,,Present,compliant,Block Requirements,,,false,1,,2026-08-16
"Block Real Estate Services, LLC",69fdf78062446148bd8587cf,69fded2262446148bd8491e0,TeamSmile Inc,69fdf08d0bb484cab513cc63,"kci893 - Riverside Industrial Center 3 {Riverside Industrial Center Investment, LLC}",evidenceOfInsurance,Evidence of Insurance,workersCompensation,Workers' Compensation and Employer's Liability,evidenceOfInsuranceWorkersCompensationEmployersLiabilityEachAccident,Employer's Liability Each Accident,,matchOnce,must be greater or equal to,500000,500000,compliant,Block Requirements,,,false,1,,2026-08-16
"Block Real Estate Services, LLC",69fdf78062446148bd8587cf,69fded2262446148bd8491e0,TeamSmile Inc,69fdf08d0bb484cab513cc63,"kci893 - Riverside Industrial Center 3 {Riverside Industrial Center Investment, LLC}",evidenceOfInsurance,Evidence of Insurance,workersCompensation,Workers' Compensation and Employer's Liability,evidenceOfInsuranceWorkersCompensationEmployersLiabilityDiseaseEachEmployee,Employer's Liability Disease - each employee,,matchOnce,must be greater or equal to,500000,500000,compliant,Block Requirements,,,false,1,,2026-08-16
"Block Real Estate Services, LLC",69fdf78062446148bd8587cf,69fded2262446148bd8491e0,TeamSmile Inc,69fdf08d0bb484cab513cc63,"kci893 - Riverside Industrial Center 3 {Riverside Industrial Center Investment, LLC}",evidenceOfInsurance,Evidence of Insurance,workersCompensation,Workers' Compensation and Employer's Liability,evidenceOfInsuranceWorkersCompensationEmployersLiabilityDiseasePolicyLimit,Employer's Liability Disease - policy limit,,matchOnce,must be greater or equal to,500000,500000,compliant,Block Requirements,,,false,1,,2026-08-16
"Block Real Estate Services, LLC",69fdf78062446148bd8587cf,69fded2262446148bd8491e0,TeamSmile Inc,69fdf08d0bb484cab513cc63,"kci893 - Riverside Industrial Center 3 {Riverside Industrial Center Investment, LLC}",evidenceOfInsurance,Evidence of Insurance,workersCompensation,Workers' Compensation and Employer's Liability,evidenceOfInsuranceWorkersCompensationWaiverOfSubrogationEndorsement,Waiver of Subrogation,"---prompt---
Determine if the insurer has waived their right of subrogation in favor of the certificate holder under the Workers' Compensation policy. Evidence may include: a checked ""Waiver of Subrogation"" box on the certificate, mention in the Description of Operations section stating ""waiver of subrogation applies"", or reference to form WC 00 03 13. Look for language like ""subrogation is waived"" or ""per written contract"".",matchOnce,must be present,,Present,compliant,Block Requirements,,,false,1,,2026-08-16
"Block Real Estate Services, LLC",69fdf78062446148bd8587cf,69fded2262446148bd8491e0,TeamSmile Inc,69fdf08d0bb484cab513cc63,"kci893 - Riverside Industrial Center 3 {Riverside Industrial Center Investment, LLC}",evidenceOfInsurance,Evidence of Insurance,6ac20aae-5728-5d57-b364-aeba38527dba,Additional Requirements,4da5b0f1-4c9d-5885-8cf8-5d3cccaed3e0,"Block Real Estate Services, LLC and all others required by contract are named as Additional Insureds","---prompt---
Determine if the Description of Operations or the Additional Remarks Schedule section states the ""Additional Insured as Construction Management, Inc. and all others required by contract"" or reference to blanket additional insured coverage. Look for language like ""certificate holder is additional insured"" or ""per written contract"".",matchOnce,must be present,,Present,compliant,Block Requirements,,,true,1,,2026-08-16
"Block Real Estate Services, LLC",69fdf78062446148bd8587cf,69fded2262446148bd8491e0,TeamSmile Inc,69fdf08d0bb484cab513cc63,"kci893 - Riverside Industrial Center 3 {Riverside Industrial Center Investment, LLC}",evidenceOfInsurance,Evidence of Insurance,6ac20aae-5728-5d57-b364-aeba38527dba,Additional Requirements,e1017741-e47e-5f58-97b8-fbc3043e919f,Umbrella follows form over General Liability,"---prompt---
Determine if the Umbrella/Excess Liability policy follows form to the underlying policies. Evidence may include: language in the Description of Operations section stating the umbrella follows form to underlying coverages or an additional page endorsement stating that it follows form. Follow form means the umbrella policy adopts the same terms, conditions, and exclusions as the underlying policies.",matchOnce,must be present,,Present,compliant,Block Requirements,,,true,1,,2026-08-16
"Block Real Estate Services, LLC",69fdf78062446148bd8587cf,69fded2262446148bd8491e0,TeamSmile Inc,69fdf08d0bb484cab513cc63,"kci893 - Riverside Industrial Center 3 {Riverside Industrial Center Investment, LLC}",evidenceOfInsurance,Evidence of Insurance,6ac20aae-5728-5d57-b364-aeba38527dba,Additional Requirements,2cdd866f-c9a4-576a-afd8-1d045762790c,"The location must be listed as: 422 NW Business Park Lane, Riverside, MO, 64150",,matchOnce,must be present,,Present,compliant,Block Requirements,,,true,1,,2026-08-16
"Block Real Estate Services, LLC",69fdf78062446148bd8587cf,69fded2262446148bd8491e0,TeamSmile Inc,69fdf08d0bb484cab513cc63,"kci893 - Riverside Industrial Center 3 {Riverside Industrial Center Investment, LLC}",evidenceOfInsurance,Evidence of Insurance,6ac20aae-5728-5d57-b364-aeba38527dba,Additional Requirements,3649e9d1-4e09-59bf-8f30-cb33c40cf117,"Certificate Holder must read: c/o Block Real Estate Services, LLC, 4622 Pennsylvania St., Suite 700, Kansas City, MO, 64112",,matchOnce,must be present,,Present,compliant,Block Requirements,,,true,1,,2026-08-16
"Block Real Estate Services, LLC",69fdf78062446148bd8587c7,69fded1262446148bd848cd0,Crossroads Courier Inc,69fdf08d0bb484cab513cc63,"kci893 - Riverside Industrial Center 3 {Riverside Industrial Center Investment, LLC}",evidenceOfInsurance,Evidence of Insurance,commercialGeneralLiability,Commercial General Liability,evidenceOfInsuranceCommercialGeneralLiabilityCoverageTriggerOccurrence,Coverage Trigger: Occurrence,,matchOnce,must be present,,Present,compliant,Block Requirements,,,false,2,,2026-08-16
"Block Real Estate Services, LLC",69fdf78062446148bd8587c7,69fded1262446148bd848cd0,Crossroads Courier Inc,69fdf08d0bb484cab513cc63,"kci893 - Riverside Industrial Center 3 {Riverside Industrial Center Investment, LLC}",evidenceOfInsurance,Evidence of Insurance,commercialGeneralLiability,Commercial General Liability,evidenceOfInsuranceCommercialGeneralLiabilityGeneralAggregateLimitAppliesPerLocation,General Aggregate Limit Applies per: Location,,matchOnce,must be present,,,waived,Block Requirements,Per location not a requirement in the lease,,false,0,,2026-08-16
"Block Real Estate Services, LLC",69fdf78062446148bd8587c7,69fded1262446148bd848cd0,Crossroads Courier Inc,69fdf08d0bb484cab513cc63,"kci893 - Riverside Industrial Center 3 {Riverside Industrial Center Investment, LLC}",evidenceOfInsurance,Evidence of Insurance,commercialGeneralLiability,Commercial General Liability,evidenceOfInsuranceCommercialGeneralLiabilityEachOccurrence,Each Occurrence,,matchOnce,must be greater or equal to,1000000,1000000,compliant,Block Requirements,,,false,2,,2026-08-16
"Block Real Estate Services, LLC",69fdf78062446148bd8587c7,69fded1262446148bd848cd0,Crossroads Courier Inc,69fdf08d0bb484cab513cc63,"kci893 - Riverside Industrial Center 3 {Riverside Industrial Center Investment, LLC}",evidenceOfInsurance,Evidence of Insurance,commercialGeneralLiability,Commercial General Liability,evidenceOfInsuranceCommercialGeneralLiabilityGeneralAggregate,General Aggregate,,matchOnce,must be greater or equal to,2000000,2000000,compliant,Block Requirements,,,false,2,,2026-08-16
"Block Real Estate Services, LLC",69fdf78062446148bd8587c7,69fded1262446148bd848cd0,Crossroads Courier Inc,69fdf08d0bb484cab513cc63,"kci893 - Riverside Industrial Center 3 {Riverside Industrial Center Investment, LLC}",evidenceOfInsurance,Evidence of Insurance,commercialGeneralLiability,Commercial General Liability,evidenceOfInsuranceCommercialGeneralLiabilityWaiverOfSubrogationEndorsement,Waiver of Subrogation,"---prompt---
Determine if the insurer has waived their right of subrogation in favor of the certificate holder under the Commercial General Liability policy. Evidence may include: a checked ""Waiver of Subrogation"" box on the certificate, mention in the Description of Operations section stating ""waiver of subrogation applies"", or reference to form CG 24 04. Look for language like ""subrogation is waived"" or ""per written contract"".",matchOnce,must be present,,Present,compliant,Block Requirements,,,false,1,,2026-08-16
"Block Real Estate Services, LLC",69fdf78062446148bd8587c7,69fded1262446148bd848cd0,Crossroads Courier Inc,69fdf08d0bb484cab513cc63,"kci893 - Riverside Industrial Center 3 {Riverside Industrial Center Investment, LLC}",evidenceOfInsurance,Evidence of Insurance,excessOrUmbrellaLiability,Umbrella/Excess Liability,evidenceOfInsuranceExcessOrUmbrellaLiabilityOccurence,Coverage Trigger: Occurrence,,matchOnce,must be present,,Present,compliant,Block Requirements,,,false,2,,2026-08-16
"Block Real Estate Services, LLC",69fdf78062446148bd8587c7,69fded1262446148bd848cd0,Crossroads Courier Inc,69fdf08d0bb484cab513cc63,"kci893 - Riverside Industrial Center 3 {Riverside Industrial Center Investment, LLC}",evidenceOfInsurance,Evidence of Insurance,excessOrUmbrellaLiability,Umbrella/Excess Liability,evidenceOfInsuranceExcessOrUmbrellaLiabilityEachOccurrence,Each Occurrence,,matchOnce,must be greater or equal to,1000000,5000000,compliant,Block Requirements,,,false,2,,2026-08-16
"Block Real Estate Services, LLC",69fdf78062446148bd8587c7,69fded1262446148bd848cd0,Crossroads Courier Inc,69fdf08d0bb484cab513cc63,"kci893 - Riverside Industrial Center 3 {Riverside Industrial Center Investment, LLC}",evidenceOfInsurance,Evidence of Insurance,excessOrUmbrellaLiability,Umbrella/Excess Liability,evidenceOfInsuranceExcessOrUmbrellaLiabilityAggregate,Aggregate,,matchOnce,must be greater or equal to,1000000,5000000,compliant,Block Requirements,,,false,2,,2026-08-16
"Block Real Estate Services, LLC",69fdf78062446148bd8587c7,69fded1262446148bd848cd0,Crossroads Courier Inc,69fdf08d0bb484cab513cc63,"kci893 - Riverside Industrial Center 3 {Riverside Industrial Center Investment, LLC}",evidenceOfInsurance,Evidence of Insurance,workersCompensation,Workers' Compensation and Employer's Liability,evidenceOfInsuranceWorkersCompensationStatutoryLimits,Statutory Limits,,matchOnce,must be present,,Present,compliant,Block Requirements,,,false,2,,2026-08-16
"Block Real Estate Services, LLC",69fdf78062446148bd8587c7,69fded1262446148bd848cd0,Crossroads Courier Inc,69fdf08d0bb484cab513cc63,"kci893 - Riverside Industrial Center 3 {Riverside Industrial Center Investment, LLC}",evidenceOfInsurance,Evidence of Insurance,workersCompensation,Workers' Compensation and Employer's Liability,evidenceOfInsuranceWorkersCompensationEmployersLiabilityEachAccident,Employer's Liability Each Accident,,matchOnce,must be greater or equal to,500000,1000000,compliant,Block Requirements,,,false,2,,2026-08-16
"Block Real Estate Services, LLC",69fdf78062446148bd8587c7,69fded1262446148bd848cd0,Crossroads Courier Inc,69fdf08d0bb484cab513cc63,"kci893 - Riverside Industrial Center 3 {Riverside Industrial Center Investment, LLC}",evidenceOfInsurance,Evidence of Insurance,workersCompensation,Workers' Compensation and Employer's Liability,evidenceOfInsuranceWorkersCompensationEmployersLiabilityDiseaseEachEmployee,Employer's Liability Disease - each employee,,matchOnce,must be greater or equal to,500000,1000000,compliant,Block Requirements,,,false,2,,2026-08-16
"Block Real Estate Services, LLC",69fdf78062446148bd8587c7,69fded1262446148bd848cd0,Crossroads Courier Inc,69fdf08d0bb484cab513cc63,"kci893 - Riverside Industrial Center 3 {Riverside Industrial Center Investment, LLC}",evidenceOfInsurance,Evidence of Insurance,workersCompensation,Workers' Compensation and Employer's Liability,evidenceOfInsuranceWorkersCompensationEmployersLiabilityDiseasePolicyLimit,Employer's Liability Disease - policy limit,,matchOnce,must be greater or equal to,500000,1000000,compliant,Block Requirements,,,false,2,,2026-08-16
"Block Real Estate Services, LLC",69fdf78062446148bd8587c7,69fded1262446148bd848cd0,Crossroads Courier Inc,69fdf08d0bb484cab513cc63,"kci893 - Riverside Industrial Center 3 {Riverside Industrial Center Investment, LLC}",evidenceOfInsurance,Evidence of Insurance,workersCompensation,Workers' Compensation and Employer's Liability,evidenceOfInsuranceWorkersCompensationWaiverOfSubrogationEndorsement,Waiver of Subrogation,"---prompt---
Determine if the insurer has waived their right of subrogation in favor of the certificate holder under the Workers' Compensation policy. Evidence may include: a checked ""Waiver of Subrogation"" box on the certificate, mention in the Description of Operations section stating ""waiver of subrogation applies"", or reference to form WC 00 03 13. Look for language like ""subrogation is waived"" or ""per written contract"".",matchOnce,must be present,,,waived,Block Requirements,WoS for WC not available in the state of MO,,false,0,,2026-08-16
"Block Real Estate Services, LLC",69fdf78062446148bd8587c7,69fded1262446148bd848cd0,Crossroads Courier Inc,69fdf08d0bb484cab513cc63,"kci893 - Riverside Industrial Center 3 {Riverside Industrial Center Investment, LLC}",evidenceOfInsurance,Evidence of Insurance,6ac20aae-5728-5d57-b364-aeba38527dba,Additional Requirements,4da5b0f1-4c9d-5885-8cf8-5d3cccaed3e0,"Block Real Estate Services, LLC and all others required by contract are named as Additional Insureds","---prompt---
Determine if the Description of Operations or the Additional Remarks Schedule section states the ""Additional Insured as Construction Management, Inc. and all others required by contract"" or reference to blanket additional insured coverage. Look for language like ""certificate holder is additional insured"" or ""per written contract"".",matchOnce,must be present,,Present,compliant,Block Requirements,,,true,1,,2026-08-16
"Block Real Estate Services, LLC",69fdf78062446148bd8587c7,69fded1262446148bd848cd0,Crossroads Courier Inc,69fdf08d0bb484cab513cc63,"kci893 - Riverside Industrial Center 3 {Riverside Industrial Center Investment, LLC}",evidenceOfInsurance,Evidence of Insurance,6ac20aae-5728-5d57-b364-aeba38527dba,Additional Requirements,e1017741-e47e-5f58-97b8-fbc3043e919f,Umbrella follows form over General Liability,"---prompt---
Determine if the Umbrella/Excess Liability policy follows form to the underlying policies. Evidence may include: language in the Description of Operations section stating the umbrella follows form to underlying coverages or an additional page endorsement stating that it follows form. Follow form means the umbrella policy adopts the same terms, conditions, and exclusions as the underlying policies.",matchOnce,must be present,,Present,compliant,Block Requirements,,,true,1,,2026-08-16
"Block Real Estate Services, LLC",69fdf78062446148bd8587c7,69fded1262446148bd848cd0,Crossroads Courier Inc,69fdf08d0bb484cab513cc63,"kci893 - Riverside Industrial Center 3 {Riverside Industrial Center Investment, LLC}",evidenceOfInsurance,Evidence of Insurance,6ac20aae-5728-5d57-b364-aeba38527dba,Additional Requirements,2cdd866f-c9a4-576a-afd8-1d045762790c,"The location must be listed as: 434, 438, 440, 442 NW Business Park Lane, Riverside, MO, 64150",,matchOnce,must be present,,Present,compliant,Block Requirements,,,true,1,,2026-08-16
"Block Real Estate Services, LLC",69fdf78062446148bd8587c7,69fded1262446148bd848cd0,Crossroads Courier Inc,69fdf08d0bb484cab513cc63,"kci893 - Riverside Industrial Center 3 {Riverside Industrial Center Investment, LLC}",evidenceOfInsurance,Evidence of Insurance,6ac20aae-5728-5d57-b364-aeba38527dba,Additional Requirements,3649e9d1-4e09-59bf-8f30-cb33c40cf117,"Certificate Holder must read: c/o Block Real Estate Services, LLC, 4622 Pennsylvania St., Suite 700, Kansas City, MO, 64112",,matchOnce,must be present,,Present,compliant,Block Requirements,,,true,1,,2026-08-16
"Block Real Estate Services, LLC",69fdf78062446148bd8587c8,69fded1362446148bd848d36,DaVita Dialysis / DVA Renal Healthcare,69fdf08d0bb484cab513cc63,"kci893 - Riverside Industrial Center 3 {Riverside Industrial Center Investment, LLC}",evidenceOfInsurance,Evidence of Insurance,commercialGeneralLiability,Commercial General Liability,evidenceOfInsuranceCommercialGeneralLiabilityCoverageTriggerOccurrence,Coverage Trigger: Occurrence,,matchOnce,must be present,,Present,compliant,Block Requirements,,,false,1,,2026-08-16
"Block Real Estate Services, LLC",69fdf78062446148bd8587c8,69fded1362446148bd848d36,DaVita Dialysis / DVA Renal Healthcare,69fdf08d0bb484cab513cc63,"kci893 - Riverside Industrial Center 3 {Riverside Industrial Center Investment, LLC}",evidenceOfInsurance,Evidence of Insurance,commercialGeneralLiability,Commercial General Liability,evidenceOfInsuranceCommercialGeneralLiabilityGeneralAggregateLimitAppliesPerLocation,General Aggregate Limit Applies per: Location,,matchOnce,must be present,,,waived,Block Requirements,Per location not a requirement in the lease,,false,0,,2026-08-16
"Block Real Estate Services, LLC",69fdf78062446148bd8587c8,69fded1362446148bd848d36,DaVita Dialysis / DVA Renal Healthcare,69fdf08d0bb484cab513cc63,"kci893 - Riverside Industrial Center 3 {Riverside Industrial Center Investment, LLC}",evidenceOfInsurance,Evidence of Insurance,commercialGeneralLiability,Commercial General Liability,evidenceOfInsuranceCommercialGeneralLiabilityEachOccurrence,Each Occurrence,,matchOnce,must be greater or equal to,1000000,3000000,compliant,Block Requirements,,,false,1,,2026-08-16
"Block Real Estate Services, LLC",69fdf78062446148bd8587c8,69fded1362446148bd848d36,DaVita Dialysis / DVA Renal Healthcare,69fdf08d0bb484cab513cc63,"kci893 - Riverside Industrial Center 3 {Riverside Industrial Center Investment, LLC}",evidenceOfInsurance,Evidence of Insurance,commercialGeneralLiability,Commercial General Liability,evidenceOfInsuranceCommercialGeneralLiabilityGeneralAggregate,General Aggregate,,matchOnce,must be greater or equal to,2000000,3000000,compliant,Block Requirements,,,false,1,,2026-08-16
"Block Real Estate Services, LLC",69fdf78062446148bd8587c8,69fded1362446148bd848d36,DaVita Dialysis / DVA Renal Healthcare,69fdf08d0bb484cab513cc63,"kci893 - Riverside Industrial Center 3 {Riverside Industrial Center Investment, LLC}",evidenceOfInsurance,Evidence of Insurance,commercialGeneralLiability,Commercial General Liability,evidenceOfInsuranceCommercialGeneralLiabilityWaiverOfSubrogationEndorsement,Waiver of Subrogation,"---prompt---
Determine if the insurer has waived their right of subrogation in favor of the certificate holder under the Commercial General Liability policy. Evidence may include: a checked ""Waiver of Subrogation"" box on the certificate, mention in the Description of Operations section stating ""waiver of subrogation applies"", or reference to form CG 24 04. Look for language like ""subrogation is waived"" or ""per written contract"".",matchOnce,must be present,,Present,compliant,Block Requirements,,,false,1,,2026-08-16
"Block Real Estate Services, LLC",69fdf78062446148bd8587c8,69fded1362446148bd848d36,DaVita Dialysis / DVA Renal Healthcare,69fdf08d0bb484cab513cc63,"kci893 - Riverside Industrial Center 3 {Riverside Industrial Center Investment, LLC}",evidenceOfInsurance,Evidence of Insurance,excessOrUmbrellaLiability,Umbrella/Excess Liability,evidenceOfInsuranceExcessOrUmbrellaLiabilityOccurence,Coverage Trigger: Occurrence,,matchOnce,must be present,,,overridden,Block Requirements,,,false,0,,2026-08-16
"Block Real Estate Services, LLC",69fdf78062446148bd8587c8,69fded1362446148bd848d36,DaVita Dialysis / DVA Renal Healthcare,69fdf08d0bb484cab513cc63,"kci893 - Riverside Industrial Center 3 {Riverside Industrial Center Investment, LLC}",evidenceOfInsurance,Evidence of Insurance,excessOrUmbrellaLiability,Umbrella/Excess Liability,evidenceOfInsuranceExcessOrUmbrellaLiabilityEachOccurrence,Each Occurrence,,matchOnce,must be greater or equal to,1000000,,overridden,Block Requirements,,,false,0,,2026-08-16
"Block Real Estate Services, LLC",69fdf78062446148bd8587c8,69fded1362446148bd848d36,DaVita Dialysis / DVA Renal Healthcare,69fdf08d0bb484cab513cc63,"kci893 - Riverside Industrial Center 3 {Riverside Industrial Center Investment, LLC}",evidenceOfInsurance,Evidence of Insurance,excessOrUmbrellaLiability,Umbrella/Excess Liability,evidenceOfInsuranceExcessOrUmbrellaLiabilityAggregate,Aggregate,,matchOnce,must be greater or equal to,1000000,,overridden,Block Requirements,,,false,0,,2026-08-16
"Block Real Estate Services, LLC",69fdf78062446148bd8587c8,69fded1362446148bd848d36,DaVita Dialysis / DVA Renal Healthcare,69fdf08d0bb484cab513cc63,"kci893 - Riverside Industrial Center 3 {Riverside Industrial Center Investment, LLC}",evidenceOfInsurance,Evidence of Insurance,workersCompensation,Workers' Compensation and Employer's Liability,evidenceOfInsuranceWorkersCompensationStatutoryLimits,Statutory Limits,,matchOnce,must be present,,Present,waived,Block Requirements,,,false,1,,2026-08-16
"Block Real Estate Services, LLC",69fdf78062446148bd8587c8,69fded1362446148bd848d36,DaVita Dialysis / DVA Renal Healthcare,69fdf08d0bb484cab513cc63,"kci893 - Riverside Industrial Center 3 {Riverside Industrial Center Investment, LLC}",evidenceOfInsurance,Evidence of Insurance,workersCompensation,Workers' Compensation and Employer's Liability,evidenceOfInsuranceWorkersCompensationEmployersLiabilityEachAccident,Employer's Liability Each Accident,,matchOnce,must be greater or equal to,500000,3000000,waived,Block Requirements,,,false,1,,2026-08-16
"Block Real Estate Services, LLC",69fdf78062446148bd8587c8,69fded1362446148bd848d36,DaVita Dialysis / DVA Renal Healthcare,69fdf08d0bb484cab513cc63,"kci893 - Riverside Industrial Center 3 {Riverside Industrial Center Investment, LLC}",evidenceOfInsurance,Evidence of Insurance,workersCompensation,Workers' Compensation and Employer's Liability,evidenceOfInsuranceWorkersCompensationEmployersLiabilityDiseaseEachEmployee,Employer's Liability Disease - each employee,,matchOnce,must be greater or equal to,500000,3000000,waived,Block Requirements,,,false,1,,2026-08-16
"Block Real Estate Services, LLC",69fdf78062446148bd8587c8,69fded1362446148bd848d36,DaVita Dialysis / DVA Renal Healthcare,69fdf08d0bb484cab513cc63,"kci893 - Riverside Industrial Center 3 {Riverside Industrial Center Investment, LLC}",evidenceOfInsurance,Evidence of Insurance,workersCompensation,Workers' Compensation and Employer's Liability,evidenceOfInsuranceWorkersCompensationEmployersLiabilityDiseasePolicyLimit,Employer's Liability Disease - policy limit,,matchOnce,must be greater or equal to,500000,3000000,waived,Block Requirements,,,false,1,,2026-08-16
"Block Real Estate Services, LLC",69fdf78062446148bd8587c8,69fded1362446148bd848d36,DaVita Dialysis / DVA Renal Healthcare,69fdf08d0bb484cab513cc63,"kci893 - Riverside Industrial Center 3 {Riverside Industrial Center Investment, LLC}",evidenceOfInsurance,Evidence of Insurance,workersCompensation,Workers' Compensation and Employer's Liability,evidenceOfInsuranceWorkersCompensationWaiverOfSubrogationEndorsement,Waiver of Subrogation,"---prompt---
Determine if the insurer has waived their right of subrogation in favor of the certificate holder under the Workers' Compensation policy. Evidence may include: a checked ""Waiver of Subrogation"" box on the certificate, mention in the Description of Operations section stating ""waiver of subrogation applies"", or reference to form WC 00 03 13. Look for language like ""subrogation is waived"" or ""per written contract"".",matchOnce,must be present,,Present,waived,Block Requirements,,,false,1,,2026-08-16
"Block Real Estate Services, LLC",69fdf78062446148bd8587c8,69fded1362446148bd848d36,DaVita Dialysis / DVA Renal Healthcare,69fdf08d0bb484cab513cc63,"kci893 - Riverside Industrial Center 3 {Riverside Industrial Center Investment, LLC}",evidenceOfInsurance,Evidence of Insurance,6ac20aae-5728-5d57-b364-aeba38527dba,Additional Requirements,4da5b0f1-4c9d-5885-8cf8-5d3cccaed3e0,"Block Real Estate Services, LLC and all others required by contract are named as Additional Insureds","---prompt---
Determine if the Description of Operations or the Additional Remarks Schedule section states the ""Additional Insured as Construction Management, Inc. and all others required by contract"" or reference to blanket additional insured coverage. Look for language like ""certificate holder is additional insured"" or ""per written contract"".",matchOnce,must be present,,Present,compliant,Block Requirements,,,true,1,,2026-08-16
"Block Real Estate Services, LLC",69fdf78062446148bd8587c8,69fded1362446148bd848d36,DaVita Dialysis / DVA Renal Healthcare,69fdf08d0bb484cab513cc63,"kci893 - Riverside Industrial Center 3 {Riverside Industrial Center Investment, LLC}",evidenceOfInsurance,Evidence of Insurance,6ac20aae-5728-5d57-b364-aeba38527dba,Additional Requirements,e1017741-e47e-5f58-97b8-fbc3043e919f,Umbrella follows form over General Liability,"---prompt---
Determine if the Umbrella/Excess Liability policy follows form to the underlying policies. Evidence may include: language in the Description of Operations section stating the umbrella follows form to underlying coverages or an additional page endorsement stating that it follows form. Follow form means the umbrella policy adopts the same terms, conditions, and exclusions as the underlying policies.",matchOnce,must be present,,,overridden,Block Requirements,Umbrella requirement waived,,true,0,2026-10-31,2026-08-16
"Block Real Estate Services, LLC",69fdf78062446148bd8587c8,69fded1362446148bd848d36,DaVita Dialysis / DVA Renal Healthcare,69fdf08d0bb484cab513cc63,"kci893 - Riverside Industrial Center 3 {Riverside Industrial Center Investment, LLC}",evidenceOfInsurance,Evidence of Insurance,6ac20aae-5728-5d57-b364-aeba38527dba,Additional Requirements,2cdd866f-c9a4-576a-afd8-1d045762790c,"The location must be listed as: 408, 410, 412 NW Business Park Lane, Riverside, MO, 64150",,matchOnce,must be present,,Present,compliant,Block Requirements,,,true,1,,2026-08-16
"Block Real Estate Services, LLC",69fdf78062446148bd8587c8,69fded1362446148bd848d36,DaVita Dialysis / DVA Renal Healthcare,69fdf08d0bb484cab513cc63,"kci893 - Riverside Industrial Center 3 {Riverside Industrial Center Investment, LLC}",evidenceOfInsurance,Evidence of Insurance,6ac20aae-5728-5d57-b364-aeba38527dba,Additional Requirements,3649e9d1-4e09-59bf-8f30-cb33c40cf117,"Certificate Holder must read: c/o Block Real Estate Services, LLC, 4622 Pennsylvania St., Suite 700, Kansas City, MO, 64112",,matchOnce,must be present,,Present,compliant,Block Requirements,,,true,1,,2026-08-16
"Block Real Estate Services, LLC",69fdf78062446148bd8587ca,69fded1562446148bd848dea,"Garage Experts of Kansas City / Win-Win Concrete & Storage, LLC",69fdf08d0bb484cab513cc63,"kci893 - Riverside Industrial Center 3 {Riverside Industrial Center Investment, LLC}",evidenceOfInsurance,Evidence of Insurance,commercialGeneralLiability,Commercial General Liability,evidenceOfInsuranceCommercialGeneralLiabilityCoverageTriggerOccurrence,Coverage Trigger: Occurrence,,matchOnce,must be present,,Present,compliant,Block Requirements,,,false,1,,2026-08-16
"Block Real Estate Services, LLC",69fdf78062446148bd8587ca,69fded1562446148bd848dea,"Garage Experts of Kansas City / Win-Win Concrete & Storage, LLC",69fdf08d0bb484cab513cc63,"kci893 - Riverside Industrial Center 3 {Riverside Industrial Center Investment, LLC}",evidenceOfInsurance,Evidence of Insurance,commercialGeneralLiability,Commercial General Liability,evidenceOfInsuranceCommercialGeneralLiabilityGeneralAggregateLimitAppliesPerLocation,General Aggregate Limit Applies per: Location,,matchOnce,must be present,,,non_compliant,Block Requirements,,,false,0,,2026-08-16
"Block Real Estate Services, LLC",69fdf78062446148bd8587ca,69fded1562446148bd848dea,"Garage Experts of Kansas City / Win-Win Concrete & Storage, LLC",69fdf08d0bb484cab513cc63,"kci893 - Riverside Industrial Center 3 {Riverside Industrial Center Investment, LLC}",evidenceOfInsurance,Evidence of Insurance,commercialGeneralLiability,Commercial General Liability,evidenceOfInsuranceCommercialGeneralLiabilityEachOccurrence,Each Occurrence,,matchOnce,must be greater or equal to,1000000,1000000,compliant,Block Requirements,,,false,1,,2026-08-16
"Block Real Estate Services, LLC",69fdf78062446148bd8587ca,69fded1562446148bd848dea,"Garage Experts of Kansas City / Win-Win Concrete & Storage, LLC",69fdf08d0bb484cab513cc63,"kci893 - Riverside Industrial Center 3 {Riverside Industrial Center Investment, LLC}",evidenceOfInsurance,Evidence of Insurance,commercialGeneralLiability,Commercial General Liability,evidenceOfInsuranceCommercialGeneralLiabilityGeneralAggregate,General Aggregate,,matchOnce,must be greater or equal to,2000000,2000000,compliant,Block Requirements,,,false,1,,2026-08-16
"Block Real Estate Services, LLC",69fdf78062446148bd8587ca,69fded1562446148bd848dea,"Garage Experts of Kansas City / Win-Win Concrete & Storage, LLC",69fdf08d0bb484cab513cc63,"kci893 - Riverside Industrial Center 3 {Riverside Industrial Center Investment, LLC}",evidenceOfInsurance,Evidence of Insurance,commercialGeneralLiability,Commercial General Liability,evidenceOfInsuranceCommercialGeneralLiabilityWaiverOfSubrogationEndorsement,Waiver of Subrogation,"---prompt---
Determine if the insurer has waived their right of subrogation in favor of the certificate holder under the Commercial General Liability policy. Evidence may include: a checked ""Waiver of Subrogation"" box on the certificate, mention in the Description of Operations section stating ""waiver of subrogation applies"", or reference to form CG 24 04. Look for language like ""subrogation is waived"" or ""per written contract"".",matchOnce,must be present,,Present,compliant,Block Requirements,,,false,1,,2026-08-16
"Block Real Estate Services, LLC",69fdf78062446148bd8587ca,69fded1562446148bd848dea,"Garage Experts of Kansas City / Win-Win Concrete & Storage, LLC",69fdf08d0bb484cab513cc63,"kci893 - Riverside Industrial Center 3 {Riverside Industrial Center Investment, LLC}",evidenceOfInsurance,Evidence of Insurance,excessOrUmbrellaLiability,Umbrella/Excess Liability,evidenceOfInsuranceExcessOrUmbrellaLiabilityOccurence,Coverage Trigger: Occurrence,,matchOnce,must be present,,,non_compliant,Block Requirements,,,false,0,,2026-08-16
"Block Real Estate Services, LLC",69fdf78062446148bd8587ca,69fded1562446148bd848dea,"Garage Experts of Kansas City / Win-Win Concrete & Storage, LLC",69fdf08d0bb484cab513cc63,"kci893 - Riverside Industrial Center 3 {Riverside Industrial Center Investment, LLC}",evidenceOfInsurance,Evidence of Insurance,excessOrUmbrellaLiability,Umbrella/Excess Liability,evidenceOfInsuranceExcessOrUmbrellaLiabilityEachOccurrence,Each Occurrence,,matchOnce,must be greater or equal to,1000000,1000000,compliant,Block Requirements,,,false,1,,2026-08-16
"Block Real Estate Services, LLC",69fdf78062446148bd8587ca,69fded1562446148bd848dea,"Garage Experts of Kansas City / Win-Win Concrete & Storage, LLC",69fdf08d0bb484cab513cc63,"kci893 - Riverside Industrial Center 3 {Riverside Industrial Center Investment, LLC}",evidenceOfInsurance,Evidence of Insurance,excessOrUmbrellaLiability,Umbrella/Excess Liability,evidenceOfInsuranceExcessOrUmbrellaLiabilityAggregate,Aggregate,,matchOnce,must be greater or equal to,1000000,,non_compliant,Block Requirements,,,false,0,,2026-08-16
"Block Real Estate Services, LLC",69fdf78062446148bd8587ca,69fded1562446148bd848dea,"Garage Experts of Kansas City / Win-Win Concrete & Storage, LLC",69fdf08d0bb484cab513cc63,"kci893 - Riverside Industrial Center 3 {Riverside Industrial Center Investment, LLC}",evidenceOfInsurance,Evidence of Insurance,workersCompensation,Workers' Compensation and Employer's Liability,evidenceOfInsuranceWorkersCompensationStatutoryLimits,Statutory Limits,,matchOnce,must be present,,,non_compliant,Block Requirements,,,false,0,,2026-08-16
"Block Real Estate Services, LLC",69fdf78062446148bd8587ca,69fded1562446148bd848dea,"Garage Experts of Kansas City / Win-Win Concrete & Storage, LLC",69fdf08d0bb484cab513cc63,"kci893 - Riverside Industrial Center 3 {Riverside Industrial Center Investment, LLC}",evidenceOfInsurance,Evidence of Insurance,workersCompensation,Workers' Compensation and Employer's Liability,evidenceOfInsuranceWorkersCompensationEmployersLiabilityEachAccident,Employer's Liability Each Accident,,matchOnce,must be greater or equal to,500000,,non_compliant,Block Requirements,,,false,0,,2026-08-16
"Block Real Estate Services, LLC",69fdf78062446148bd8587ca,69fded1562446148bd848dea,"Garage Experts of Kansas City / Win-Win Concrete & Storage, LLC",69fdf08d0bb484cab513cc63,"kci893 - Riverside Industrial Center 3 {Riverside Industrial Center Investment, LLC}",evidenceOfInsurance,Evidence of Insurance,workersCompensation,Workers' Compensation and Employer's Liability,evidenceOfInsuranceWorkersCompensationEmployersLiabilityDiseaseEachEmployee,Employer's Liability Disease - each employee,,matchOnce,must be greater or equal to,500000,,non_compliant,Block Requirements,,,false,0,,2026-08-16
"Block Real Estate Services, LLC",69fdf78062446148bd8587ca,69fded1562446148bd848dea,"Garage Experts of Kansas City / Win-Win Concrete & Storage, LLC",69fdf08d0bb484cab513cc63,"kci893 - Riverside Industrial Center 3 {Riverside Industrial Center Investment, LLC}",evidenceOfInsurance,Evidence of Insurance,workersCompensation,Workers' Compensation and Employer's Liability,evidenceOfInsuranceWorkersCompensationEmployersLiabilityDiseasePolicyLimit,Employer's Liability Disease - policy limit,,matchOnce,must be greater or equal to,500000,,non_compliant,Block Requirements,,,false,0,,2026-08-16
"Block Real Estate Services, LLC",69fdf78062446148bd8587ca,69fded1562446148bd848dea,"Garage Experts of Kansas City / Win-Win Concrete & Storage, LLC",69fdf08d0bb484cab513cc63,"kci893 - Riverside Industrial Center 3 {Riverside Industrial Center Investment, LLC}",evidenceOfInsurance,Evidence of Insurance,workersCompensation,Workers' Compensation and Employer's Liability,evidenceOfInsuranceWorkersCompensationWaiverOfSubrogationEndorsement,Waiver of Subrogation,"---prompt---
Determine if the insurer has waived their right of subrogation in favor of the certificate holder under the Workers' Compensation policy. Evidence may include: a checked ""Waiver of Subrogation"" box on the certificate, mention in the Description of Operations section stating ""waiver of subrogation applies"", or reference to form WC 00 03 13. Look for language like ""subrogation is waived"" or ""per written contract"".",matchOnce,must be present,,,non_compliant,Block Requirements,,,false,0,,2026-08-16
"Block Real Estate Services, LLC",69fdf78062446148bd8587ca,69fded1562446148bd848dea,"Garage Experts of Kansas City / Win-Win Concrete & Storage, LLC",69fdf08d0bb484cab513cc63,"kci893 - Riverside Industrial Center 3 {Riverside Industrial Center Investment, LLC}",evidenceOfInsurance,Evidence of Insurance,6ac20aae-5728-5d57-b364-aeba38527dba,Additional Requirements,4da5b0f1-4c9d-5885-8cf8-5d3cccaed3e0,"Block Real Estate Services, LLC and all others required by contract are named as Additional Insureds","---prompt---
Determine if the Description of Operations or the Additional Remarks Schedule section states the ""Additional Insured as Construction Management, Inc. and all others required by contract"" or reference to blanket additional insured coverage. Look for language like ""certificate holder is additional insured"" or ""per written contract"".",matchOnce,must be present,,,non_compliant,Block Requirements,,,true,0,,2026-08-16
"Block Real Estate Services, LLC",69fdf78062446148bd8587ca,69fded1562446148bd848dea,"Garage Experts of Kansas City / Win-Win Concrete & Storage, LLC",69fdf08d0bb484cab513cc63,"kci893 - Riverside Industrial Center 3 {Riverside Industrial Center Investment, LLC}",evidenceOfInsurance,Evidence of Insurance,6ac20aae-5728-5d57-b364-aeba38527dba,Additional Requirements,e1017741-e47e-5f58-97b8-fbc3043e919f,Umbrella follows form over General Liability,"---prompt---
Determine if the Umbrella/Excess Liability policy follows form to the underlying policies. Evidence may include: language in the Description of Operations section stating the umbrella follows form to underlying coverages or an additional page endorsement stating that it follows form. Follow form means the umbrella policy adopts the same terms, conditions, and exclusions as the underlying policies.",matchOnce,must be present,,,non_compliant,Block Requirements,,,true,0,,2026-08-16
"Block Real Estate Services, LLC",69fdf78062446148bd8587ca,69fded1562446148bd848dea,"Garage Experts of Kansas City / Win-Win Concrete & Storage, LLC",69fdf08d0bb484cab513cc63,"kci893 - Riverside Industrial Center 3 {Riverside Industrial Center Investment, LLC}",evidenceOfInsurance,Evidence of Insurance,6ac20aae-5728-5d57-b364-aeba38527dba,Additional Requirements,2cdd866f-c9a4-576a-afd8-1d045762790c,"The location must be listed as: 400 NW Business Park Lane, Riverside, MO, 64150",,matchOnce,must be present,,,non_compliant,Block Requirements,,,true,0,,2026-08-16
"Block Real Estate Services, LLC",69fdf78062446148bd8587ca,69fded1562446148bd848dea,"Garage Experts of Kansas City / Win-Win Concrete & Storage, LLC",69fdf08d0bb484cab513cc63,"kci893 - Riverside Industrial Center 3 {Riverside Industrial Center Investment, LLC}",evidenceOfInsurance,Evidence of Insurance,6ac20aae-5728-5d57-b364-aeba38527dba,Additional Requirements,3649e9d1-4e09-59bf-8f30-cb33c40cf117,"Certificate Holder must read: c/o Block Real Estate Services, LLC, 4622 Pennsylvania St., Suite 700, Kansas City, MO, 64112",,matchOnce,must be present,,,non_compliant,Block Requirements,,,true,0,,2026-08-16
"Block Real Estate Services, LLC",69fdf78062446148bd8587cc,69fded1b62446148bd848fd9,Moncom LLC,69fdf08d0bb484cab513cc63,"kci893 - Riverside Industrial Center 3 {Riverside Industrial Center Investment, LLC}",evidenceOfInsurance,Evidence of Insurance,commercialGeneralLiability,Commercial General Liability,evidenceOfInsuranceCommercialGeneralLiabilityCoverageTriggerOccurrence,Coverage Trigger: Occurrence,,matchOnce,must be present,,,non_compliant,Block Requirements,,,false,0,,2026-08-16
"Block Real Estate Services, LLC",69fdf78062446148bd8587cc,69fded1b62446148bd848fd9,Moncom LLC,69fdf08d0bb484cab513cc63,"kci893 - Riverside Industrial Center 3 {Riverside Industrial Center Investment, LLC}",evidenceOfInsurance,Evidence of Insurance,commercialGeneralLiability,Commercial General Liability,evidenceOfInsuranceCommercialGeneralLiabilityGeneralAggregateLimitAppliesPerLocation,General Aggregate Limit Applies per: Location,,matchOnce,must be present,,,non_compliant,Block Requirements,,,false,0,,2026-08-16
"Block Real Estate Services, LLC",69fdf78062446148bd8587cc,69fded1b62446148bd848fd9,Moncom LLC,69fdf08d0bb484cab513cc63,"kci893 - Riverside Industrial Center 3 {Riverside Industrial Center Investment, LLC}",evidenceOfInsurance,Evidence of Insurance,commercialGeneralLiability,Commercial General Liability,evidenceOfInsuranceCommercialGeneralLiabilityEachOccurrence,Each Occurrence,,matchOnce,must be greater or equal to,1000000,,non_compliant,Block Requirements,,,false,0,,2026-08-16
"Block Real Estate Services, LLC",69fdf78062446148bd8587cc,69fded1b62446148bd848fd9,Moncom LLC,69fdf08d0bb484cab513cc63,"kci893 - Riverside Industrial Center 3 {Riverside Industrial Center Investment, LLC}",evidenceOfInsurance,Evidence of Insurance,commercialGeneralLiability,Commercial General Liability,evidenceOfInsuranceCommercialGeneralLiabilityGeneralAggregate,General Aggregate,,matchOnce,must be greater or equal to,2000000,,non_compliant,Block Requirements,,,false,0,,2026-08-16
"Block Real Estate Services, LLC",69fdf78062446148bd8587cc,69fded1b62446148bd848fd9,Moncom LLC,69fdf08d0bb484cab513cc63,"kci893 - Riverside Industrial Center 3 {Riverside Industrial Center Investment, LLC}",evidenceOfInsurance,Evidence of Insurance,commercialGeneralLiability,Commercial General Liability,evidenceOfInsuranceCommercialGeneralLiabilityWaiverOfSubrogationEndorsement,Waiver of Subrogation,"---prompt---
Determine if the insurer has waived their right of subrogation in favor of the certificate holder under the Commercial General Liability policy. Evidence may include: a checked ""Waiver of Subrogation"" box on the certificate, mention in the Description of Operations section stating ""waiver of subrogation applies"", or reference to form CG 24 04. Look for language like ""subrogation is waived"" or ""per written contract"".",matchOnce,must be present,,,non_compliant,Block Requirements,,,false,0,,2026-08-16
"Block Real Estate Services, LLC",69fdf78062446148bd8587cc,69fded1b62446148bd848fd9,Moncom LLC,69fdf08d0bb484cab513cc63,"kci893 - Riverside Industrial Center 3 {Riverside Industrial Center Investment, LLC}",evidenceOfInsurance,Evidence of Insurance,excessOrUmbrellaLiability,Umbrella/Excess Liability,evidenceOfInsuranceExcessOrUmbrellaLiabilityOccurence,Coverage Trigger: Occurrence,,matchOnce,must be present,,,non_compliant,Block Requirements,,,false,0,,2026-08-16
"Block Real Estate Services, LLC",69fdf78062446148bd8587cc,69fded1b62446148bd848fd9,Moncom LLC,69fdf08d0bb484cab513cc63,"kci893 - Riverside Industrial Center 3 {Riverside Industrial Center Investment, LLC}",evidenceOfInsurance,Evidence of Insurance,excessOrUmbrellaLiability,Umbrella/Excess Liability,evidenceOfInsuranceExcessOrUmbrellaLiabilityEachOccurrence,Each Occurrence,,matchOnce,must be greater or equal to,1000000,,non_compliant,Block Requirements,,,false,0,,2026-08-16
"Block Real Estate Services, LLC",69fdf78062446148bd8587cc,69fded1b62446148bd848fd9,Moncom LLC,69fdf08d0bb484cab513cc63,"kci893 - Riverside Industrial Center 3 {Riverside Industrial Center Investment, LLC}",evidenceOfInsurance,Evidence of Insurance,excessOrUmbrellaLiability,Umbrella/Excess Liability,evidenceOfInsuranceExcessOrUmbrellaLiabilityAggregate,Aggregate,,matchOnce,must be greater or equal to,1000000,,non_compliant,Block Requirements,,,false,0,,2026-08-16
"Block Real Estate Services, LLC",69fdf78062446148bd8587cc,69fded1b62446148bd848fd9,Moncom LLC,69fdf08d0bb484cab513cc63,"kci893 - Riverside Industrial Center 3 {Riverside Industrial Center Investment, LLC}",evidenceOfInsurance,Evidence of Insurance,workersCompensation,Workers' Compensation and Employer's Liability,evidenceOfInsuranceWorkersCompensationStatutoryLimits,Statutory Limits,,matchOnce,must be present,,,non_compliant,Block Requirements,,,false,0,,2026-08-16
"Block Real Estate Services, LLC",69fdf78062446148bd8587cc,69fded1b62446148bd848fd9,Moncom LLC,69fdf08d0bb484cab513cc63,"kci893 - Riverside Industrial Center 3 {Riverside Industrial Center Investment, LLC}",evidenceOfInsurance,Evidence of Insurance,workersCompensation,Workers' Compensation and Employer's Liability,evidenceOfInsuranceWorkersCompensationEmployersLiabilityEachAccident,Employer's Liability Each Accident,,matchOnce,must be greater or equal to,500000,,non_compliant,Block Requirements,,,false,0,,2026-08-16
"Block Real Estate Services, LLC",69fdf78062446148bd8587cc,69fded1b62446148bd848fd9,Moncom LLC,69fdf08d0bb484cab513cc63,"kci893 - Riverside Industrial Center 3 {Riverside Industrial Center Investment, LLC}",evidenceOfInsurance,Evidence of Insurance,workersCompensation,Workers' Compensation and Employer's Liability,evidenceOfInsuranceWorkersCompensationEmployersLiabilityDiseaseEachEmployee,Employer's Liability Disease - each employee,,matchOnce,must be greater or equal to,500000,,non_compliant,Block Requirements,,,false,0,,2026-08-16
"Block Real Estate Services, LLC",69fdf78062446148bd8587cc,69fded1b62446148bd848fd9,Moncom LLC,69fdf08d0bb484cab513cc63,"kci893 - Riverside Industrial Center 3 {Riverside Industrial Center Investment, LLC}",evidenceOfInsurance,Evidence of Insurance,workersCompensation,Workers' Compensation and Employer's Liability,evidenceOfInsuranceWorkersCompensationEmployersLiabilityDiseasePolicyLimit,Employer's Liability Disease - policy limit,,matchOnce,must be greater or equal to,500000,,non_compliant,Block Requirements,,,false,0,,2026-08-16
"Block Real Estate Services, LLC",69fdf78062446148bd8587cc,69fded1b62446148bd848fd9,Moncom LLC,69fdf08d0bb484cab513cc63,"kci893 - Riverside Industrial Center 3 {Riverside Industrial Center Investment, LLC}",evidenceOfInsurance,Evidence of Insurance,workersCompensation,Workers' Compensation and Employer's Liability,evidenceOfInsuranceWorkersCompensationWaiverOfSubrogationEndorsement,Waiver of Subrogation,"---prompt---
Determine if the insurer has waived their right of subrogation in favor of the certificate holder under the Workers' Compensation policy. Evidence may include: a checked ""Waiver of Subrogation"" box on the certificate, mention in the Description of Operations section stating ""waiver of subrogation applies"", or reference to form WC 00 03 13. Look for language like ""subrogation is waived"" or ""per written contract"".",matchOnce,must be present,,,non_compliant,Block Requirements,,,false,0,,2026-08-16
"Block Real Estate Services, LLC",69fdf78062446148bd8587cc,69fded1b62446148bd848fd9,Moncom LLC,69fdf08d0bb484cab513cc63,"kci893 - Riverside Industrial Center 3 {Riverside Industrial Center Investment, LLC}",evidenceOfInsurance,Evidence of Insurance,6ac20aae-5728-5d57-b364-aeba38527dba,Additional Requirements,4da5b0f1-4c9d-5885-8cf8-5d3cccaed3e0,"Block Real Estate Services, LLC and all others required by contract are named as Additional Insureds","---prompt---
Determine if the Description of Operations or the Additional Remarks Schedule section states the ""Additional Insured as Construction Management, Inc. and all others required by contract"" or reference to blanket additional insured coverage. Look for language like ""certificate holder is additional insured"" or ""per written contract"".",matchOnce,must be present,,,non_compliant,Block Requirements,,,true,0,,2026-08-16
"Block Real Estate Services, LLC",69fdf78062446148bd8587cc,69fded1b62446148bd848fd9,Moncom LLC,69fdf08d0bb484cab513cc63,"kci893 - Riverside Industrial Center 3 {Riverside Industrial Center Investment, LLC}",evidenceOfInsurance,Evidence of Insurance,6ac20aae-5728-5d57-b364-aeba38527dba,Additional Requirements,e1017741-e47e-5f58-97b8-fbc3043e919f,Umbrella follows form over General Liability,"---prompt---
Determine if the Umbrella/Excess Liability policy follows form to the underlying policies. Evidence may include: language in the Description of Operations section stating the umbrella follows form to underlying coverages or an additional page endorsement stating that it follows form. Follow form means the umbrella policy adopts the same terms, conditions, and exclusions as the underlying policies.",matchOnce,must be present,,,non_compliant,Block Requirements,,,true,0,,2026-08-16
"Block Real Estate Services, LLC",69fdf78062446148bd8587cc,69fded1b62446148bd848fd9,Moncom LLC,69fdf08d0bb484cab513cc63,"kci893 - Riverside Industrial Center 3 {Riverside Industrial Center Investment, LLC}",evidenceOfInsurance,Evidence of Insurance,6ac20aae-5728-5d57-b364-aeba38527dba,Additional Requirements,2cdd866f-c9a4-576a-afd8-1d045762790c,"The location must be listed as: 402 NW Business Park Lane, Riverside, MO, 64150",,matchOnce,must be present,,,non_compliant,Block Requirements,,,true,0,,2026-08-16
"Block Real Estate Services, LLC",69fdf78062446148bd8587cc,69fded1b62446148bd848fd9,Moncom LLC,69fdf08d0bb484cab513cc63,"kci893 - Riverside Industrial Center 3 {Riverside Industrial Center Investment, LLC}",evidenceOfInsurance,Evidence of Insurance,6ac20aae-5728-5d57-b364-aeba38527dba,Additional Requirements,3649e9d1-4e09-59bf-8f30-cb33c40cf117,"Certificate Holder must read: c/o Block Real Estate Services, LLC, 4622 Pennsylvania St., Suite 700, Kansas City, MO, 64112",,matchOnce,must be present,,,non_compliant,Block Requirements,,,true,0,,2026-08-16
"Block Real Estate Services, LLC",69fdf78062446148bd8587c9,69fded1462446148bd848da5,Fireplace & Bar-B-Q Center Inc,69fdf08d0bb484cab513cc63,"kci893 - Riverside Industrial Center 3 {Riverside Industrial Center Investment, LLC}",evidenceOfInsurance,Evidence of Insurance,commercialGeneralLiability,Commercial General Liability,evidenceOfInsuranceCommercialGeneralLiabilityCoverageTriggerOccurrence,Coverage Trigger: Occurrence,,matchOnce,must be present,,Present,compliant,Block Requirements,,,false,1,,2026-08-16
"Block Real Estate Services, LLC",69fdf78062446148bd8587c9,69fded1462446148bd848da5,Fireplace & Bar-B-Q Center Inc,69fdf08d0bb484cab513cc63,"kci893 - Riverside Industrial Center 3 {Riverside Industrial Center Investment, LLC}",evidenceOfInsurance,Evidence of Insurance,commercialGeneralLiability,Commercial General Liability,evidenceOfInsuranceCommercialGeneralLiabilityGeneralAggregateLimitAppliesPerLocation,General Aggregate Limit Applies per: Location,,matchOnce,must be present,,Present,compliant,Block Requirements,,,false,1,,2026-08-16
"Block Real Estate Services, LLC",69fdf78062446148bd8587c9,69fded1462446148bd848da5,Fireplace & Bar-B-Q Center Inc,69fdf08d0bb484cab513cc63,"kci893 - Riverside Industrial Center 3 {Riverside Industrial Center Investment, LLC}",evidenceOfInsurance,Evidence of Insurance,commercialGeneralLiability,Commercial General Liability,evidenceOfInsuranceCommercialGeneralLiabilityEachOccurrence,Each Occurrence,,matchOnce,must be greater or equal to,1000000,1000000,compliant,Block Requirements,,,false,1,,2026-08-16
"Block Real Estate Services, LLC",69fdf78062446148bd8587c9,69fded1462446148bd848da5,Fireplace & Bar-B-Q Center Inc,69fdf08d0bb484cab513cc63,"kci893 - Riverside Industrial Center 3 {Riverside Industrial Center Investment, LLC}",evidenceOfInsurance,Evidence of Insurance,commercialGeneralLiability,Commercial General Liability,evidenceOfInsuranceCommercialGeneralLiabilityGeneralAggregate,General Aggregate,,matchOnce,must be greater or equal to,2000000,2000000,compliant,Block Requirements,,,false,1,,2026-08-16
"Block Real Estate Services, LLC",69fdf78062446148bd8587c9,69fded1462446148bd848da5,Fireplace & Bar-B-Q Center Inc,69fdf08d0bb484cab513cc63,"kci893 - Riverside Industrial Center 3 {Riverside Industrial Center Investment, LLC}",evidenceOfInsurance,Evidence of Insurance,commercialGeneralLiability,Commercial General Liability,evidenceOfInsuranceCommercialGeneralLiabilityWaiverOfSubrogationEndorsement,Waiver of Subrogation,"---prompt---
Determine if the insurer has waived their right of subrogation in favor of the certificate holder under the Commercial General Liability policy. Evidence may include: a checked ""Waiver of Subrogation"" box on the certificate, mention in the Description of Operations section stating ""waiver of subrogation applies"", or reference to form CG 24 04. Look for language like ""subrogation is waived"" or ""per written contract"".",matchOnce,must be present,,Present,compliant,Block Requirements,,,false,1,,2026-08-16
"Block Real Estate Services, LLC",69fdf78062446148bd8587c9,69fded1462446148bd848da5,Fireplace & Bar-B-Q Center Inc,69fdf08d0bb484cab513cc63,"kci893 - Riverside Industrial Center 3 {Riverside Industrial Center Investment, LLC}",evidenceOfInsurance,Evidence of Insurance,excessOrUmbrellaLiability,Umbrella/Excess Liability,evidenceOfInsuranceExcessOrUmbrellaLiabilityOccurence,Coverage Trigger: Occurrence,,matchOnce,must be present,,Present,compliant,Block Requirements,,,false,1,,2026-08-16
"Block Real Estate Services, LLC",69fdf78062446148bd8587c9,69fded1462446148bd848da5,Fireplace & Bar-B-Q Center Inc,69fdf08d0bb484cab513cc63,"kci893 - Riverside Industrial Center 3 {Riverside Industrial Center Investment, LLC}",evidenceOfInsurance,Evidence of Insurance,excessOrUmbrellaLiability,Umbrella/Excess Liability,evidenceOfInsuranceExcessOrUmbrellaLiabilityEachOccurrence,Each Occurrence,,matchOnce,must be greater or equal to,1000000,2000000,compliant,Block Requirements,,,false,1,,2026-08-16
"Block Real Estate Services, LLC",69fdf78062446148bd8587c9,69fded1462446148bd848da5,Fireplace & Bar-B-Q Center Inc,69fdf08d0bb484cab513cc63,"kci893 - Riverside Industrial Center 3 {Riverside Industrial Center Investment, LLC}",evidenceOfInsurance,Evidence of Insurance,excessOrUmbrellaLiability,Umbrella/Excess Liability,evidenceOfInsuranceExcessOrUmbrellaLiabilityAggregate,Aggregate,,matchOnce,must be greater or equal to,1000000,2000000,compliant,Block Requirements,,,false,1,,2026-08-16
"Block Real Estate Services, LLC",69fdf78062446148bd8587c9,69fded1462446148bd848da5,Fireplace & Bar-B-Q Center Inc,69fdf08d0bb484cab513cc63,"kci893 - Riverside Industrial Center 3 {Riverside Industrial Center Investment, LLC}",evidenceOfInsurance,Evidence of Insurance,workersCompensation,Workers' Compensation and Employer's Liability,evidenceOfInsuranceWorkersCompensationStatutoryLimits,Statutory Limits,,matchOnce,must be present,,Present,compliant,Block Requirements,,,false,1,,2026-08-16
"Block Real Estate Services, LLC",69fdf78062446148bd8587c9,69fded1462446148bd848da5,Fireplace & Bar-B-Q Center Inc,69fdf08d0bb484cab513cc63,"kci893 - Riverside Industrial Center 3 {Riverside Industrial Center Investment, LLC}",evidenceOfInsurance,Evidence of Insurance,workersCompensation,Workers' Compensation and Employer's Liability,evidenceOfInsuranceWorkersCompensationEmployersLiabilityEachAccident,Employer's Liability Each Accident,,matchOnce,must be greater or equal to,500000,500000,compliant,Block Requirements,,,false,1,,2026-08-16
"Block Real Estate Services, LLC",69fdf78062446148bd8587c9,69fded1462446148bd848da5,Fireplace & Bar-B-Q Center Inc,69fdf08d0bb484cab513cc63,"kci893 - Riverside Industrial Center 3 {Riverside Industrial Center Investment, LLC}",evidenceOfInsurance,Evidence of Insurance,workersCompensation,Workers' Compensation and Employer's Liability,evidenceOfInsuranceWorkersCompensationEmployersLiabilityDiseaseEachEmployee,Employer's Liability Disease - each employee,,matchOnce,must be greater or equal to,500000,500000,compliant,Block Requirements,,,false,1,,2026-08-16
"Block Real Estate Services, LLC",69fdf78062446148bd8587c9,69fded1462446148bd848da5,Fireplace & Bar-B-Q Center Inc,69fdf08d0bb484cab513cc63,"kci893 - Riverside Industrial Center 3 {Riverside Industrial Center Investment, LLC}",evidenceOfInsurance,Evidence of Insurance,workersCompensation,Workers' Compensation and Employer's Liability,evidenceOfInsuranceWorkersCompensationEmployersLiabilityDiseasePolicyLimit,Employer's Liability Disease - policy limit,,matchOnce,must be greater or equal to,500000,500000,compliant,Block Requirements,,,false,1,,2026-08-16
"Block Real Estate Services, LLC",69fdf78062446148bd8587c9,69fded1462446148bd848da5,Fireplace & Bar-B-Q Center Inc,69fdf08d0bb484cab513cc63,"kci893 - Riverside Industrial Center 3 {Riverside Industrial Center Investment, LLC}",evidenceOfInsurance,Evidence of Insurance,workersCompensation,Workers' Compensation and Employer's Liability,evidenceOfInsuranceWorkersCompensationWaiverOfSubrogationEndorsement,Waiver of Subrogation,"---prompt---
Determine if the insurer has waived their right of subrogation in favor of the certificate holder under the Workers' Compensation policy. Evidence may include: a checked ""Waiver of Subrogation"" box on the certificate, mention in the Description of Operations section stating ""waiver of subrogation applies"", or reference to form WC 00 03 13. Look for language like ""subrogation is waived"" or ""per written contract"".",matchOnce,must be present,,Present,waived,Block Requirements,WoS for WC not available in the state of MO,,false,1,,2026-08-16
"Block Real Estate Services, LLC",69fdf78062446148bd8587c9,69fded1462446148bd848da5,Fireplace & Bar-B-Q Center Inc,69fdf08d0bb484cab513cc63,"kci893 - Riverside Industrial Center 3 {Riverside Industrial Center Investment, LLC}",evidenceOfInsurance,Evidence of Insurance,6ac20aae-5728-5d57-b364-aeba38527dba,Additional Requirements,4da5b0f1-4c9d-5885-8cf8-5d3cccaed3e0,"Block Real Estate Services, LLC and all others required by contract are named as Additional Insureds","---prompt---
Determine if the Description of Operations or the Additional Remarks Schedule section states the ""Additional Insured as Construction Management, Inc. and all others required by contract"" or reference to blanket additional insured coverage. Look for language like ""certificate holder is additional insured"" or ""per written contract"".",matchOnce,must be present,,Present,compliant,Block Requirements,,,true,1,,2026-08-16
"Block Real Estate Services, LLC",69fdf78062446148bd8587c9,69fded1462446148bd848da5,Fireplace & Bar-B-Q Center Inc,69fdf08d0bb484cab513cc63,"kci893 - Riverside Industrial Center 3 {Riverside Industrial Center Investment, LLC}",evidenceOfInsurance,Evidence of Insurance,6ac20aae-5728-5d57-b364-aeba38527dba,Additional Requirements,e1017741-e47e-5f58-97b8-fbc3043e919f,Umbrella follows form over General Liability,"---prompt---
Determine if the Umbrella/Excess Liability policy follows form to the underlying policies. Evidence may include: language in the Description of Operations section stating the umbrella follows form to underlying coverages or an additional page endorsement stating that it follows form. Follow form means the umbrella policy adopts the same terms, conditions, and exclusions as the underlying policies.",matchOnce,must be present,,Present,compliant,Block Requirements,,,true,1,,2026-08-16
"Block Real Estate Services, LLC",69fdf78062446148bd8587c9,69fded1462446148bd848da5,Fireplace & Bar-B-Q Center Inc,69fdf08d0bb484cab513cc63,"kci893 - Riverside Industrial Center 3 {Riverside Industrial Center Investment, LLC}",evidenceOfInsurance,Evidence of Insurance,6ac20aae-5728-5d57-b364-aeba38527dba,Additional Requirements,2cdd866f-c9a4-576a-afd8-1d045762790c,"The location must be listed as: 446 NW Business Park Lane, Riverside, MO, 64150",,matchOnce,must be present,,Present,compliant,Block Requirements,,,true,1,,2026-08-16
"Block Real Estate Services, LLC",69fdf78062446148bd8587c9,69fded1462446148bd848da5,Fireplace & Bar-B-Q Center Inc,69fdf08d0bb484cab513cc63,"kci893 - Riverside Industrial Center 3 {Riverside Industrial Center Investment, LLC}",evidenceOfInsurance,Evidence of Insurance,6ac20aae-5728-5d57-b364-aeba38527dba,Additional Requirements,3649e9d1-4e09-59bf-8f30-cb33c40cf117,"Certificate Holder must read: c/o Block Real Estate Services, LLC, 4622 Pennsylvania St., Suite 700, Kansas City, MO, 64112",,matchOnce,must be present,,Present,compliant,Block Requirements,,,true,1,,2026-08-16
"Block Real Estate Services, LLC",69fdf78062446148bd8587d0,69fded2362446148bd849240,True Blue Plumbing LLC,69fdf08d0bb484cab513cc63,"kci893 - Riverside Industrial Center 3 {Riverside Industrial Center Investment, LLC}",evidenceOfInsurance,Evidence of Insurance,commercialGeneralLiability,Commercial General Liability,evidenceOfInsuranceCommercialGeneralLiabilityCoverageTriggerOccurrence,Coverage Trigger: Occurrence,,matchOnce,must be present,,,non_compliant,Block Requirements,,,false,0,,2026-08-16
"Block Real Estate Services, LLC",69fdf78062446148bd8587d0,69fded2362446148bd849240,True Blue Plumbing LLC,69fdf08d0bb484cab513cc63,"kci893 - Riverside Industrial Center 3 {Riverside Industrial Center Investment, LLC}",evidenceOfInsurance,Evidence of Insurance,commercialGeneralLiability,Commercial General Liability,evidenceOfInsuranceCommercialGeneralLiabilityGeneralAggregateLimitAppliesPerLocation,General Aggregate Limit Applies per: Location,,matchOnce,must be present,,,non_compliant,Block Requirements,,,false,0,,2026-08-16
"Block Real Estate Services, LLC",69fdf78062446148bd8587d0,69fded2362446148bd849240,True Blue Plumbing LLC,69fdf08d0bb484cab513cc63,"kci893 - Riverside Industrial Center 3 {Riverside Industrial Center Investment, LLC}",evidenceOfInsurance,Evidence of Insurance,commercialGeneralLiability,Commercial General Liability,evidenceOfInsuranceCommercialGeneralLiabilityEachOccurrence,Each Occurrence,,matchOnce,must be greater or equal to,1000000,,non_compliant,Block Requirements,,,false,0,,2026-08-16
"Block Real Estate Services, LLC",69fdf78062446148bd8587d0,69fded2362446148bd849240,True Blue Plumbing LLC,69fdf08d0bb484cab513cc63,"kci893 - Riverside Industrial Center 3 {Riverside Industrial Center Investment, LLC}",evidenceOfInsurance,Evidence of Insurance,commercialGeneralLiability,Commercial General Liability,evidenceOfInsuranceCommercialGeneralLiabilityGeneralAggregate,General Aggregate,,matchOnce,must be greater or equal to,2000000,,non_compliant,Block Requirements,,,false,0,,2026-08-16
"Block Real Estate Services, LLC",69fdf78062446148bd8587d0,69fded2362446148bd849240,True Blue Plumbing LLC,69fdf08d0bb484cab513cc63,"kci893 - Riverside Industrial Center 3 {Riverside Industrial Center Investment, LLC}",evidenceOfInsurance,Evidence of Insurance,commercialGeneralLiability,Commercial General Liability,evidenceOfInsuranceCommercialGeneralLiabilityWaiverOfSubrogationEndorsement,Waiver of Subrogation,"---prompt---
Determine if the insurer has waived their right of subrogation in favor of the certificate holder under the Commercial General Liability policy. Evidence may include: a checked ""Waiver of Subrogation"" box on the certificate, mention in the Description of Operations section stating ""waiver of subrogation applies"", or reference to form CG 24 04. Look for language like ""subrogation is waived"" or ""per written contract"".",matchOnce,must be present,,,non_compliant,Block Requirements,,,false,0,,2026-08-16
"Block Real Estate Services, LLC",69fdf78062446148bd8587d0,69fded2362446148bd849240,True Blue Plumbing LLC,69fdf08d0bb484cab513cc63,"kci893 - Riverside Industrial Center 3 {Riverside Industrial Center Investment, LLC}",evidenceOfInsurance,Evidence of Insurance,excessOrUmbrellaLiability,Umbrella/Excess Liability,evidenceOfInsuranceExcessOrUmbrellaLiabilityOccurence,Coverage Trigger: Occurrence,,matchOnce,must be present,,,non_compliant,Block Requirements,,,false,0,,2026-08-16
"Block Real Estate Services, LLC",69fdf78062446148bd8587d0,69fded2362446148bd849240,True Blue Plumbing LLC,69fdf08d0bb484cab513cc63,"kci893 - Riverside Industrial Center 3 {Riverside Industrial Center Investment, LLC}",evidenceOfInsurance,Evidence of Insurance,excessOrUmbrellaLiability,Umbrella/Excess Liability,evidenceOfInsuranceExcessOrUmbrellaLiabilityEachOccurrence,Each Occurrence,,matchOnce,must be greater or equal to,1000000,,non_compliant,Block Requirements,,,false,0,,2026-08-16
"Block Real Estate Services, LLC",69fdf78062446148bd8587d0,69fded2362446148bd849240,True Blue Plumbing LLC,69fdf08d0bb484cab513cc63,"kci893 - Riverside Industrial Center 3 {Riverside Industrial Center Investment, LLC}",evidenceOfInsurance,Evidence of Insurance,excessOrUmbrellaLiability,Umbrella/Excess Liability,evidenceOfInsuranceExcessOrUmbrellaLiabilityAggregate,Aggregate,,matchOnce,must be greater or equal to,1000000,,non_compliant,Block Requirements,,,false,0,,2026-08-16
"Block Real Estate Services, LLC",69fdf78062446148bd8587d0,69fded2362446148bd849240,True Blue Plumbing LLC,69fdf08d0bb484cab513cc63,"kci893 - Riverside Industrial Center 3 {Riverside Industrial Center Investment, LLC}",evidenceOfInsurance,Evidence of Insurance,workersCompensation,Workers' Compensation and Employer's Liability,evidenceOfInsuranceWorkersCompensationStatutoryLimits,Statutory Limits,,matchOnce,must be present,,,non_compliant,Block Requirements,,,false,0,,2026-08-16
"Block Real Estate Services, LLC",69fdf78062446148bd8587d0,69fded2362446148bd849240,True Blue Plumbing LLC,69fdf08d0bb484cab513cc63,"kci893 - Riverside Industrial Center 3 {Riverside Industrial Center Investment, LLC}",evidenceOfInsurance,Evidence of Insurance,workersCompensation,Workers' Compensation and Employer's Liability,evidenceOfInsuranceWorkersCompensationEmployersLiabilityEachAccident,Employer's Liability Each Accident,,matchOnce,must be greater or equal to,500000,,non_compliant,Block Requirements,,,false,0,,2026-08-16
"Block Real Estate Services, LLC",69fdf78062446148bd8587d0,69fded2362446148bd849240,True Blue Plumbing LLC,69fdf08d0bb484cab513cc63,"kci893 - Riverside Industrial Center 3 {Riverside Industrial Center Investment, LLC}",evidenceOfInsurance,Evidence of Insurance,workersCompensation,Workers' Compensation and Employer's Liability,evidenceOfInsuranceWorkersCompensationEmployersLiabilityDiseaseEachEmployee,Employer's Liability Disease - each employee,,matchOnce,must be greater or equal to,500000,,non_compliant,Block Requirements,,,false,0,,2026-08-16
"Block Real Estate Services, LLC",69fdf78062446148bd8587d0,69fded2362446148bd849240,True Blue Plumbing LLC,69fdf08d0bb484cab513cc63,"kci893 - Riverside Industrial Center 3 {Riverside Industrial Center Investment, LLC}",evidenceOfInsurance,Evidence of Insurance,workersCompensation,Workers' Compensation and Employer's Liability,evidenceOfInsuranceWorkersCompensationEmployersLiabilityDiseasePolicyLimit,Employer's Liability Disease - policy limit,,matchOnce,must be greater or equal to,500000,,non_compliant,Block Requirements,,,false,0,,2026-08-16
"Block Real Estate Services, LLC",69fdf78062446148bd8587d0,69fded2362446148bd849240,True Blue Plumbing LLC,69fdf08d0bb484cab513cc63,"kci893 - Riverside Industrial Center 3 {Riverside Industrial Center Investment, LLC}",evidenceOfInsurance,Evidence of Insurance,workersCompensation,Workers' Compensation and Employer's Liability,evidenceOfInsuranceWorkersCompensationWaiverOfSubrogationEndorsement,Waiver of Subrogation,"---prompt---
Determine if the insurer has waived their right of subrogation in favor of the certificate holder under the Workers' Compensation policy. Evidence may include: a checked ""Waiver of Subrogation"" box on the certificate, mention in the Description of Operations section stating ""waiver of subrogation applies"", or reference to form WC 00 03 13. Look for language like ""subrogation is waived"" or ""per written contract"".",matchOnce,must be present,,,non_compliant,Block Requirements,,,false,0,,2026-08-16
"Block Real Estate Services, LLC",69fdf78062446148bd8587d0,69fded2362446148bd849240,True Blue Plumbing LLC,69fdf08d0bb484cab513cc63,"kci893 - Riverside Industrial Center 3 {Riverside Industrial Center Investment, LLC}",evidenceOfInsurance,Evidence of Insurance,6ac20aae-5728-5d57-b364-aeba38527dba,Additional Requirements,4da5b0f1-4c9d-5885-8cf8-5d3cccaed3e0,"Block Real Estate Services, LLC and all others required by contract are named as Additional Insureds","---prompt---
Determine if the Description of Operations or the Additional Remarks Schedule section states the ""Additional Insured as Construction Management, Inc. and all others required by contract"" or reference to blanket additional insured coverage. Look for language like ""certificate holder is additional insured"" or ""per written contract"".",matchOnce,must be present,,,non_compliant,Block Requirements,,,true,0,,2026-08-16
"Block Real Estate Services, LLC",69fdf78062446148bd8587d0,69fded2362446148bd849240,True Blue Plumbing LLC,69fdf08d0bb484cab513cc63,"kci893 - Riverside Industrial Center 3 {Riverside Industrial Center Investment, LLC}",evidenceOfInsurance,Evidence of Insurance,6ac20aae-5728-5d57-b364-aeba38527dba,Additional Requirements,e1017741-e47e-5f58-97b8-fbc3043e919f,Umbrella follows form over General Liability,"---prompt---
Determine if the Umbrella/Excess Liability policy follows form to the underlying policies. Evidence may include: language in the Description of Operations section stating the umbrella follows form to underlying coverages or an additional page endorsement stating that it follows form. Follow form means the umbrella policy adopts the same terms, conditions, and exclusions as the underlying policies.",matchOnce,must be present,,,non_compliant,Block Requirements,,,true,0,,2026-08-16
"Block Real Estate Services, LLC",69fdf78062446148bd8587d0,69fded2362446148bd849240,True Blue Plumbing LLC,69fdf08d0bb484cab513cc63,"kci893 - Riverside Industrial Center 3 {Riverside Industrial Center Investment, LLC}",evidenceOfInsurance,Evidence of Insurance,6ac20aae-5728-5d57-b364-aeba38527dba,Additional Requirements,2cdd866f-c9a4-576a-afd8-1d045762790c,"The location must be listed as: 406 NW Business Park Lane, Riverside, MO, 64150",,matchOnce,must be present,,,non_compliant,Block Requirements,,,true,0,,2026-08-16
"Block Real Estate Services, LLC",69fdf78062446148bd8587d0,69fded2362446148bd849240,True Blue Plumbing LLC,69fdf08d0bb484cab513cc63,"kci893 - Riverside Industrial Center 3 {Riverside Industrial Center Investment, LLC}",evidenceOfInsurance,Evidence of Insurance,6ac20aae-5728-5d57-b364-aeba38527dba,Additional Requirements,3649e9d1-4e09-59bf-8f30-cb33c40cf117,"Certificate Holder must read: c/o Block Real Estate Services, LLC, 4622 Pennsylvania St., Suite 700, Kansas City, MO, 64112",,matchOnce,must be present,,,non_compliant,Block Requirements,,,true,0,,2026-08-16
"Block Real Estate Services, LLC",6a187415a1ec98c09c9671ef,6a18740bdf41746015864e9a,"Morton Fence, LLC",69fdf08d0bb484cab513cc63,"kci893 - Riverside Industrial Center 3 {Riverside Industrial Center Investment, LLC}",evidenceOfInsurance,Evidence of Insurance,commercialGeneralLiability,Commercial General Liability,evidenceOfInsuranceCommercialGeneralLiabilityCoverageTriggerOccurrence,Coverage Trigger: Occurrence,,matchOnce,must be present,,,non_compliant,Block Requirements,,,false,0,,2026-08-16
"Block Real Estate Services, LLC",6a187415a1ec98c09c9671ef,6a18740bdf41746015864e9a,"Morton Fence, LLC",69fdf08d0bb484cab513cc63,"kci893 - Riverside Industrial Center 3 {Riverside Industrial Center Investment, LLC}",evidenceOfInsurance,Evidence of Insurance,commercialGeneralLiability,Commercial General Liability,evidenceOfInsuranceCommercialGeneralLiabilityGeneralAggregateLimitAppliesPerLocation,General Aggregate Limit Applies per: Location,,matchOnce,must be present,,,non_compliant,Block Requirements,,,false,0,,2026-08-16
"Block Real Estate Services, LLC",6a187415a1ec98c09c9671ef,6a18740bdf41746015864e9a,"Morton Fence, LLC",69fdf08d0bb484cab513cc63,"kci893 - Riverside Industrial Center 3 {Riverside Industrial Center Investment, LLC}",evidenceOfInsurance,Evidence of Insurance,commercialGeneralLiability,Commercial General Liability,evidenceOfInsuranceCommercialGeneralLiabilityEachOccurrence,Each Occurrence,,matchOnce,must be greater or equal to,1000000,,non_compliant,Block Requirements,,,false,0,,2026-08-16
"Block Real Estate Services, LLC",6a187415a1ec98c09c9671ef,6a18740bdf41746015864e9a,"Morton Fence, LLC",69fdf08d0bb484cab513cc63,"kci893 - Riverside Industrial Center 3 {Riverside Industrial Center Investment, LLC}",evidenceOfInsurance,Evidence of Insurance,commercialGeneralLiability,Commercial General Liability,evidenceOfInsuranceCommercialGeneralLiabilityGeneralAggregate,General Aggregate,,matchOnce,must be greater or equal to,2000000,,non_compliant,Block Requirements,,,false,0,,2026-08-16
"Block Real Estate Services, LLC",6a187415a1ec98c09c9671ef,6a18740bdf41746015864e9a,"Morton Fence, LLC",69fdf08d0bb484cab513cc63,"kci893 - Riverside Industrial Center 3 {Riverside Industrial Center Investment, LLC}",evidenceOfInsurance,Evidence of Insurance,commercialGeneralLiability,Commercial General Liability,evidenceOfInsuranceCommercialGeneralLiabilityWaiverOfSubrogationEndorsement,Waiver of Subrogation,"---prompt---
Determine if the insurer has waived their right of subrogation in favor of the certificate holder under the Commercial General Liability policy. Evidence may include: a checked ""Waiver of Subrogation"" box on the certificate, mention in the Description of Operations section stating ""waiver of subrogation applies"", or reference to form CG 24 04. Look for language like ""subrogation is waived"" or ""per written contract"".",matchOnce,must be present,,,non_compliant,Block Requirements,,,false,0,,2026-08-16
"Block Real Estate Services, LLC",6a187415a1ec98c09c9671ef,6a18740bdf41746015864e9a,"Morton Fence, LLC",69fdf08d0bb484cab513cc63,"kci893 - Riverside Industrial Center 3 {Riverside Industrial Center Investment, LLC}",evidenceOfInsurance,Evidence of Insurance,excessOrUmbrellaLiability,Umbrella/Excess Liability,evidenceOfInsuranceExcessOrUmbrellaLiabilityOccurence,Coverage Trigger: Occurrence,,matchOnce,must be present,,,non_compliant,Block Requirements,,,false,0,,2026-08-16
"Block Real Estate Services, LLC",6a187415a1ec98c09c9671ef,6a18740bdf41746015864e9a,"Morton Fence, LLC",69fdf08d0bb484cab513cc63,"kci893 - Riverside Industrial Center 3 {Riverside Industrial Center Investment, LLC}",evidenceOfInsurance,Evidence of Insurance,excessOrUmbrellaLiability,Umbrella/Excess Liability,evidenceOfInsuranceExcessOrUmbrellaLiabilityEachOccurrence,Each Occurrence,,matchOnce,must be greater or equal to,1000000,,non_compliant,Block Requirements,,,false,0,,2026-08-16
"Block Real Estate Services, LLC",6a187415a1ec98c09c9671ef,6a18740bdf41746015864e9a,"Morton Fence, LLC",69fdf08d0bb484cab513cc63,"kci893 - Riverside Industrial Center 3 {Riverside Industrial Center Investment, LLC}",evidenceOfInsurance,Evidence of Insurance,excessOrUmbrellaLiability,Umbrella/Excess Liability,evidenceOfInsuranceExcessOrUmbrellaLiabilityAggregate,Aggregate,,matchOnce,must be greater or equal to,1000000,,non_compliant,Block Requirements,,,false,0,,2026-08-16
"Block Real Estate Services, LLC",6a187415a1ec98c09c9671ef,6a18740bdf41746015864e9a,"Morton Fence, LLC",69fdf08d0bb484cab513cc63,"kci893 - Riverside Industrial Center 3 {Riverside Industrial Center Investment, LLC}",evidenceOfInsurance,Evidence of Insurance,workersCompensation,Workers' Compensation and Employer's Liability,evidenceOfInsuranceWorkersCompensationStatutoryLimits,Statutory Limits,,matchOnce,must be present,,,non_compliant,Block Requirements,,,false,0,,2026-08-16
"Block Real Estate Services, LLC",6a187415a1ec98c09c9671ef,6a18740bdf41746015864e9a,"Morton Fence, LLC",69fdf08d0bb484cab513cc63,"kci893 - Riverside Industrial Center 3 {Riverside Industrial Center Investment, LLC}",evidenceOfInsurance,Evidence of Insurance,workersCompensation,Workers' Compensation and Employer's Liability,evidenceOfInsuranceWorkersCompensationEmployersLiabilityEachAccident,Employer's Liability Each Accident,,matchOnce,must be greater or equal to,500000,,non_compliant,Block Requirements,,,false,0,,2026-08-16
"Block Real Estate Services, LLC",6a187415a1ec98c09c9671ef,6a18740bdf41746015864e9a,"Morton Fence, LLC",69fdf08d0bb484cab513cc63,"kci893 - Riverside Industrial Center 3 {Riverside Industrial Center Investment, LLC}",evidenceOfInsurance,Evidence of Insurance,workersCompensation,Workers' Compensation and Employer's Liability,evidenceOfInsuranceWorkersCompensationEmployersLiabilityDiseaseEachEmployee,Employer's Liability Disease - each employee,,matchOnce,must be greater or equal to,500000,,non_compliant,Block Requirements,,,false,0,,2026-08-16
"Block Real Estate Services, LLC",6a187415a1ec98c09c9671ef,6a18740bdf41746015864e9a,"Morton Fence, LLC",69fdf08d0bb484cab513cc63,"kci893 - Riverside Industrial Center 3 {Riverside Industrial Center Investment, LLC}",evidenceOfInsurance,Evidence of Insurance,workersCompensation,Workers' Compensation and Employer's Liability,evidenceOfInsuranceWorkersCompensationEmployersLiabilityDiseasePolicyLimit,Employer's Liability Disease - policy limit,,matchOnce,must be greater or equal to,500000,,non_compliant,Block Requirements,,,false,0,,2026-08-16
"Block Real Estate Services, LLC",6a187415a1ec98c09c9671ef,6a18740bdf41746015864e9a,"Morton Fence, LLC",69fdf08d0bb484cab513cc63,"kci893 - Riverside Industrial Center 3 {Riverside Industrial Center Investment, LLC}",evidenceOfInsurance,Evidence of Insurance,workersCompensation,Workers' Compensation and Employer's Liability,evidenceOfInsuranceWorkersCompensationWaiverOfSubrogationEndorsement,Waiver of Subrogation,"---prompt---
Determine if the insurer has waived their right of subrogation in favor of the certificate holder under the Workers' Compensation policy. Evidence may include: a checked ""Waiver of Subrogation"" box on the certificate, mention in the Description of Operations section stating ""waiver of subrogation applies"", or reference to form WC 00 03 13. Look for language like ""subrogation is waived"" or ""per written contract"".",matchOnce,must be present,,,non_compliant,Block Requirements,,,false,0,,2026-08-16
"Block Real Estate Services, LLC",6a187415a1ec98c09c9671ef,6a18740bdf41746015864e9a,"Morton Fence, LLC",69fdf08d0bb484cab513cc63,"kci893 - Riverside Industrial Center 3 {Riverside Industrial Center Investment, LLC}",evidenceOfInsurance,Evidence of Insurance,6ac20aae-5728-5d57-b364-aeba38527dba,Additional Requirements,4da5b0f1-4c9d-5885-8cf8-5d3cccaed3e0,"Block Real Estate Services, LLC and all others required by contract are named as Additional Insureds","---prompt---
Determine if the Description of Operations or the Additional Remarks Schedule section states the ""Additional Insured as Construction Management, Inc. and all others required by contract"" or reference to blanket additional insured coverage. Look for language like ""certificate holder is additional insured"" or ""per written contract"".",matchOnce,must be present,,,non_compliant,Block Requirements,,,true,0,,2026-08-16
"Block Real Estate Services, LLC",6a187415a1ec98c09c9671ef,6a18740bdf41746015864e9a,"Morton Fence, LLC",69fdf08d0bb484cab513cc63,"kci893 - Riverside Industrial Center 3 {Riverside Industrial Center Investment, LLC}",evidenceOfInsurance,Evidence of Insurance,6ac20aae-5728-5d57-b364-aeba38527dba,Additional Requirements,e1017741-e47e-5f58-97b8-fbc3043e919f,Umbrella follows form over General Liability,"---prompt---
Determine if the Umbrella/Excess Liability policy follows form to the underlying policies. Evidence may include: language in the Description of Operations section stating the umbrella follows form to underlying coverages or an additional page endorsement stating that it follows form. Follow form means the umbrella policy adopts the same terms, conditions, and exclusions as the underlying policies.",matchOnce,must be present,,,non_compliant,Block Requirements,,,true,0,,2026-08-16
"Block Real Estate Services, LLC",6a187415a1ec98c09c9671ef,6a18740bdf41746015864e9a,"Morton Fence, LLC",69fdf08d0bb484cab513cc63,"kci893 - Riverside Industrial Center 3 {Riverside Industrial Center Investment, LLC}",evidenceOfInsurance,Evidence of Insurance,6ac20aae-5728-5d57-b364-aeba38527dba,Additional Requirements,2cdd866f-c9a4-576a-afd8-1d045762790c,"The location must be listed as: 444 NW Business Park Lane, Riverside, MO, 64150",,matchOnce,must be present,,,non_compliant,Block Requirements,,,true,0,,2026-08-16
"Block Real Estate Services, LLC",6a187415a1ec98c09c9671ef,6a18740bdf41746015864e9a,"Morton Fence, LLC",69fdf08d0bb484cab513cc63,"kci893 - Riverside Industrial Center 3 {Riverside Industrial Center Investment, LLC}",evidenceOfInsurance,Evidence of Insurance,6ac20aae-5728-5d57-b364-aeba38527dba,Additional Requirements,3649e9d1-4e09-59bf-8f30-cb33c40cf117,"Certificate Holder must read: c/o Block Real Estate Services, LLC, 4622 Pennsylvania St., Suite 700, Kansas City, MO, 64112",,matchOnce,must be present,,,non_compliant,Block Requirements,,,true,0,,2026-08-16
"Block Real Estate Services, LLC",69fdf76e62446148bd8573d5,69fded1662446148bd848e2c,Guardian Water & Air Systems LLC,69fdf03902bb2c42a87a13b8,"hig143 - High Tech Associates (Pine Ridge Building 20) {High Tech Associates, LLC}",evidenceOfInsurance,Evidence of Insurance,commercialGeneralLiability,Commercial General Liability,evidenceOfInsuranceCommercialGeneralLiabilityCoverageTriggerOccurrence,Coverage Trigger: Occurrence,,matchOnce,must be present,,Present,compliant,Block Requirements,,,false,1,,2026-08-16
"Block Real Estate Services, LLC",69fdf76e62446148bd8573d5,69fded1662446148bd848e2c,Guardian Water & Air Systems LLC,69fdf03902bb2c42a87a13b8,"hig143 - High Tech Associates (Pine Ridge Building 20) {High Tech Associates, LLC}",evidenceOfInsurance,Evidence of Insurance,commercialGeneralLiability,Commercial General Liability,evidenceOfInsuranceCommercialGeneralLiabilityGeneralAggregateLimitAppliesPerLocation,General Aggregate Limit Applies per: Location,,matchOnce,must be present,,Present,compliant,Block Requirements,,,false,1,,2026-08-16
"Block Real Estate Services, LLC",69fdf76e62446148bd8573d5,69fded1662446148bd848e2c,Guardian Water & Air Systems LLC,69fdf03902bb2c42a87a13b8,"hig143 - High Tech Associates (Pine Ridge Building 20) {High Tech Associates, LLC}",evidenceOfInsurance,Evidence of Insurance,commercialGeneralLiability,Commercial General Liability,evidenceOfInsuranceCommercialGeneralLiabilityEachOccurrence,Each Occurrence,,matchOnce,must be greater or equal to,1000000,2000000,compliant,Block Requirements,,,false,1,,2026-08-16
"Block Real Estate Services, LLC",69fdf76e62446148bd8573d5,69fded1662446148bd848e2c,Guardian Water & Air Systems LLC,69fdf03902bb2c42a87a13b8,"hig143 - High Tech Associates (Pine Ridge Building 20) {High Tech Associates, LLC}",evidenceOfInsurance,Evidence of Insurance,commercialGeneralLiability,Commercial General Liability,evidenceOfInsuranceCommercialGeneralLiabilityGeneralAggregate,General Aggregate,,matchOnce,must be greater or equal to,2000000,4000000,compliant,Block Requirements,,,false,1,,2026-08-16
"Block Real Estate Services, LLC",69fdf76e62446148bd8573d5,69fded1662446148bd848e2c,Guardian Water & Air Systems LLC,69fdf03902bb2c42a87a13b8,"hig143 - High Tech Associates (Pine Ridge Building 20) {High Tech Associates, LLC}",evidenceOfInsurance,Evidence of Insurance,commercialGeneralLiability,Commercial General Liability,evidenceOfInsuranceCommercialGeneralLiabilityWaiverOfSubrogationEndorsement,Waiver of Subrogation,"---prompt---
Determine if the insurer has waived their right of subrogation in favor of the certificate holder under the Commercial General Liability policy. Evidence may include: a checked ""Waiver of Subrogation"" box on the certificate, mention in the Description of Operations section stating ""waiver of subrogation applies"", or reference to form CG 24 04. Look for language like ""subrogation is waived"" or ""per written contract"".",matchOnce,must be present,,,non_compliant,Block Requirements,,,false,0,,2026-08-16
"Block Real Estate Services, LLC",69fdf76e62446148bd8573d5,69fded1662446148bd848e2c,Guardian Water & Air Systems LLC,69fdf03902bb2c42a87a13b8,"hig143 - High Tech Associates (Pine Ridge Building 20) {High Tech Associates, LLC}",evidenceOfInsurance,Evidence of Insurance,excessOrUmbrellaLiability,Umbrella/Excess Liability,evidenceOfInsuranceExcessOrUmbrellaLiabilityOccurence,Coverage Trigger: Occurrence,,matchOnce,must be present,,,non_compliant,Block Requirements,,,false,0,,2026-08-16
"Block Real Estate Services, LLC",69fdf76e62446148bd8573d5,69fded1662446148bd848e2c,Guardian Water & Air Systems LLC,69fdf03902bb2c42a87a13b8,"hig143 - High Tech Associates (Pine Ridge Building 20) {High Tech Associates, LLC}",evidenceOfInsurance,Evidence of Insurance,excessOrUmbrellaLiability,Umbrella/Excess Liability,evidenceOfInsuranceExcessOrUmbrellaLiabilityEachOccurrence,Each Occurrence,,matchOnce,must be greater or equal to,1000000,,non_compliant,Block Requirements,,,false,0,,2026-08-16
"Block Real Estate Services, LLC",69fdf76e62446148bd8573d5,69fded1662446148bd848e2c,Guardian Water & Air Systems LLC,69fdf03902bb2c42a87a13b8,"hig143 - High Tech Associates (Pine Ridge Building 20) {High Tech Associates, LLC}",evidenceOfInsurance,Evidence of Insurance,excessOrUmbrellaLiability,Umbrella/Excess Liability,evidenceOfInsuranceExcessOrUmbrellaLiabilityAggregate,Aggregate,,matchOnce,must be greater or equal to,1000000,,non_compliant,Block Requirements,,,false,0,,2026-08-16
"Block Real Estate Services, LLC",69fdf76e62446148bd8573d5,69fded1662446148bd848e2c,Guardian Water & Air Systems LLC,69fdf03902bb2c42a87a13b8,"hig143 - High Tech Associates (Pine Ridge Building 20) {High Tech Associates, LLC}",evidenceOfInsurance,Evidence of Insurance,workersCompensation,Workers' Compensation and Employer's Liability,evidenceOfInsuranceWorkersCompensationStatutoryLimits,Statutory Limits,,matchOnce,must be present,,Present,compliant,Block Requirements,,,false,1,,2026-08-16
"Block Real Estate Services, LLC",69fdf76e62446148bd8573d5,69fded1662446148bd848e2c,Guardian Water & Air Systems LLC,69fdf03902bb2c42a87a13b8,"hig143 - High Tech Associates (Pine Ridge Building 20) {High Tech Associates, LLC}",evidenceOfInsurance,Evidence of Insurance,workersCompensation,Workers' Compensation and Employer's Liability,evidenceOfInsuranceWorkersCompensationEmployersLiabilityEachAccident,Employer's Liability Each Accident,,matchOnce,must be greater or equal to,500000,100000,non_compliant,Block Requirements,,,false,1,,2026-08-16
"Block Real Estate Services, LLC",69fdf76e62446148bd8573d5,69fded1662446148bd848e2c,Guardian Water & Air Systems LLC,69fdf03902bb2c42a87a13b8,"hig143 - High Tech Associates (Pine Ridge Building 20) {High Tech Associates, LLC}",evidenceOfInsurance,Evidence of Insurance,workersCompensation,Workers' Compensation and Employer's Liability,evidenceOfInsuranceWorkersCompensationEmployersLiabilityDiseaseEachEmployee,Employer's Liability Disease - each employee,,matchOnce,must be greater or equal to,500000,100000,non_compliant,Block Requirements,,,false,1,,2026-08-16
"Block Real Estate Services, LLC",69fdf76e62446148bd8573d5,69fded1662446148bd848e2c,Guardian Water & Air Systems LLC,69fdf03902bb2c42a87a13b8,"hig143 - High Tech Associates (Pine Ridge Building 20) {High Tech Associates, LLC}",evidenceOfInsurance,Evidence of Insurance,workersCompensation,Workers' Compensation and Employer's Liability,evidenceOfInsuranceWorkersCompensationEmployersLiabilityDiseasePolicyLimit,Employer's Liability Disease - policy limit,,matchOnce,must be greater or equal to,500000,500000,compliant,Block Requirements,,,false,1,,2026-08-16
"Block Real Estate Services, LLC",69fdf76e62446148bd8573d5,69fded1662446148bd848e2c,Guardian Water & Air Systems LLC,69fdf03902bb2c42a87a13b8,"hig143 - High Tech Associates (Pine Ridge Building 20) {High Tech Associates, LLC}",evidenceOfInsurance,Evidence of Insurance,workersCompensation,Workers' Compensation and Employer's Liability,evidenceOfInsuranceWorkersCompensationWaiverOfSubrogationEndorsement,Waiver of Subrogation,"---prompt---
Determine if the insurer has waived their right of subrogation in favor of the certificate holder under the Workers' Compensation policy. Evidence may include: a checked ""Waiver of Subrogation"" box on the certificate, mention in the Description of Operations section stating ""waiver of subrogation applies"", or reference to form WC 00 03 13. Look for language like ""subrogation is waived"" or ""per written contract"".",matchOnce,must be present,,,non_compliant,Block Requirements,,,false,0,,2026-08-16
"Block Real Estate Services, LLC",69fdf76e62446148bd8573d5,69fded1662446148bd848e2c,Guardian Water & Air Systems LLC,69fdf03902bb2c42a87a13b8,"hig143 - High Tech Associates (Pine Ridge Building 20) {High Tech Associates, LLC}",evidenceOfInsurance,Evidence of Insurance,6ac20aae-5728-5d57-b364-aeba38527dba,Additional Requirements,4da5b0f1-4c9d-5885-8cf8-5d3cccaed3e0,"Block Real Estate Services, LLC and all others required by contract are named as Additional Insureds","---prompt---
Determine if the Description of Operations or the Additional Remarks Schedule section states the ""Additional Insured as Construction Management, Inc. and all others required by contract"" or reference to blanket additional insured coverage. Look for language like ""certificate holder is additional insured"" or ""per written contract"".",matchOnce,must be present,,,non_compliant,Block Requirements,,,true,0,,2026-08-16
"Block Real Estate Services, LLC",69fdf76e62446148bd8573d5,69fded1662446148bd848e2c,Guardian Water & Air Systems LLC,69fdf03902bb2c42a87a13b8,"hig143 - High Tech Associates (Pine Ridge Building 20) {High Tech Associates, LLC}",evidenceOfInsurance,Evidence of Insurance,6ac20aae-5728-5d57-b364-aeba38527dba,Additional Requirements,e1017741-e47e-5f58-97b8-fbc3043e919f,Umbrella follows form over General Liability,"---prompt---
Determine if the Umbrella/Excess Liability policy follows form to the underlying policies. Evidence may include: language in the Description of Operations section stating the umbrella follows form to underlying coverages or an additional page endorsement stating that it follows form. Follow form means the umbrella policy adopts the same terms, conditions, and exclusions as the underlying policies.",matchOnce,must be present,,,non_compliant,Block Requirements,,,true,0,,2026-08-16
"Block Real Estate Services, LLC",69fdf76e62446148bd8573d5,69fded1662446148bd848e2c,Guardian Water & Air Systems LLC,69fdf03902bb2c42a87a13b8,"hig143 - High Tech Associates (Pine Ridge Building 20) {High Tech Associates, LLC}",evidenceOfInsurance,Evidence of Insurance,6ac20aae-5728-5d57-b364-aeba38527dba,Additional Requirements,2cdd866f-c9a4-576a-afd8-1d045762790c,"The location must be listed as: 7905 Bond Street, Lenexa, KS, 66214",,matchOnce,must be present,,,non_compliant,Block Requirements,,,true,0,,2026-08-16
"Block Real Estate Services, LLC",69fdf76e62446148bd8573d5,69fded1662446148bd848e2c,Guardian Water & Air Systems LLC,69fdf03902bb2c42a87a13b8,"hig143 - High Tech Associates (Pine Ridge Building 20) {High Tech Associates, LLC}",evidenceOfInsurance,Evidence of Insurance,6ac20aae-5728-5d57-b364-aeba38527dba,Additional Requirements,3649e9d1-4e09-59bf-8f30-cb33c40cf117,"Certificate Holder must read: c/o Block Real Estate Services, LLC, 4622 Pennsylvania St., Suite 700, Kansas City, MO, 64112",,matchOnce,must be present,,,non_compliant,Block Requirements,,,true,0,,2026-08-16
"Block Real Estate Services, LLC",69fdf76e62446148bd8573d6,69fded1762446148bd848e59,Hensley Electric Inc,69fdf03902bb2c42a87a13b8,"hig143 - High Tech Associates (Pine Ridge Building 20) {High Tech Associates, LLC}",evidenceOfInsurance,Evidence of Insurance,commercialGeneralLiability,Commercial General Liability,evidenceOfInsuranceCommercialGeneralLiabilityCoverageTriggerOccurrence,Coverage Trigger: Occurrence,,matchOnce,must be present,,Present,compliant,Block Requirements,,,false,2,,2026-08-16
"Block Real Estate Services, LLC",69fdf76e62446148bd8573d6,69fded1762446148bd848e59,Hensley Electric Inc,69fdf03902bb2c42a87a13b8,"hig143 - High Tech Associates (Pine Ridge Building 20) {High Tech Associates, LLC}",evidenceOfInsurance,Evidence of Insurance,commercialGeneralLiability,Commercial General Liability,evidenceOfInsuranceCommercialGeneralLiabilityGeneralAggregateLimitAppliesPerLocation,General Aggregate Limit Applies per: Location,,matchOnce,must be present,,Present,compliant,Block Requirements,,,false,2,,2026-08-16
"Block Real Estate Services, LLC",69fdf76e62446148bd8573d6,69fded1762446148bd848e59,Hensley Electric Inc,69fdf03902bb2c42a87a13b8,"hig143 - High Tech Associates (Pine Ridge Building 20) {High Tech Associates, LLC}",evidenceOfInsurance,Evidence of Insurance,commercialGeneralLiability,Commercial General Liability,evidenceOfInsuranceCommercialGeneralLiabilityEachOccurrence,Each Occurrence,,matchOnce,must be greater or equal to,1000000,1000000,compliant,Block Requirements,,,false,2,,2026-08-16
"Block Real Estate Services, LLC",69fdf76e62446148bd8573d6,69fded1762446148bd848e59,Hensley Electric Inc,69fdf03902bb2c42a87a13b8,"hig143 - High Tech Associates (Pine Ridge Building 20) {High Tech Associates, LLC}",evidenceOfInsurance,Evidence of Insurance,commercialGeneralLiability,Commercial General Liability,evidenceOfInsuranceCommercialGeneralLiabilityGeneralAggregate,General Aggregate,,matchOnce,must be greater or equal to,2000000,2000000,compliant,Block Requirements,,,false,2,,2026-08-16
"Block Real Estate Services, LLC",69fdf76e62446148bd8573d6,69fded1762446148bd848e59,Hensley Electric Inc,69fdf03902bb2c42a87a13b8,"hig143 - High Tech Associates (Pine Ridge Building 20) {High Tech Associates, LLC}",evidenceOfInsurance,Evidence of Insurance,commercialGeneralLiability,Commercial General Liability,evidenceOfInsuranceCommercialGeneralLiabilityWaiverOfSubrogationEndorsement,Waiver of Subrogation,"---prompt---
Determine if the insurer has waived their right of subrogation in favor of the certificate holder under the Commercial General Liability policy. Evidence may include: a checked ""Waiver of Subrogation"" box on the certificate, mention in the Description of Operations section stating ""waiver of subrogation applies"", or reference to form CG 24 04. Look for language like ""subrogation is waived"" or ""per written contract"".",matchOnce,must be present,,Present,compliant,Block Requirements,,,false,2,,2026-08-16
"Block Real Estate Services, LLC",69fdf76e62446148bd8573d6,69fded1762446148bd848e59,Hensley Electric Inc,69fdf03902bb2c42a87a13b8,"hig143 - High Tech Associates (Pine Ridge Building 20) {High Tech Associates, LLC}",evidenceOfInsurance,Evidence of Insurance,excessOrUmbrellaLiability,Umbrella/Excess Liability,evidenceOfInsuranceExcessOrUmbrellaLiabilityOccurence,Coverage Trigger: Occurrence,,matchOnce,must be present,,Present,compliant,Block Requirements,,,false,2,,2026-08-16
"Block Real Estate Services, LLC",69fdf76e62446148bd8573d6,69fded1762446148bd848e59,Hensley Electric Inc,69fdf03902bb2c42a87a13b8,"hig143 - High Tech Associates (Pine Ridge Building 20) {High Tech Associates, LLC}",evidenceOfInsurance,Evidence of Insurance,excessOrUmbrellaLiability,Umbrella/Excess Liability,evidenceOfInsuranceExcessOrUmbrellaLiabilityEachOccurrence,Each Occurrence,,matchOnce,must be greater or equal to,1000000,4000000,compliant,Block Requirements,,,false,2,,2026-08-16
"Block Real Estate Services, LLC",69fdf76e62446148bd8573d6,69fded1762446148bd848e59,Hensley Electric Inc,69fdf03902bb2c42a87a13b8,"hig143 - High Tech Associates (Pine Ridge Building 20) {High Tech Associates, LLC}",evidenceOfInsurance,Evidence of Insurance,excessOrUmbrellaLiability,Umbrella/Excess Liability,evidenceOfInsuranceExcessOrUmbrellaLiabilityAggregate,Aggregate,,matchOnce,must be greater or equal to,1000000,4000000,compliant,Block Requirements,,,false,2,,2026-08-16
"Block Real Estate Services, LLC",69fdf76e62446148bd8573d6,69fded1762446148bd848e59,Hensley Electric Inc,69fdf03902bb2c42a87a13b8,"hig143 - High Tech Associates (Pine Ridge Building 20) {High Tech Associates, LLC}",evidenceOfInsurance,Evidence of Insurance,workersCompensation,Workers' Compensation and Employer's Liability,evidenceOfInsuranceWorkersCompensationStatutoryLimits,Statutory Limits,,matchOnce,must be present,,Present,compliant,Block Requirements,,,false,2,,2026-08-16
"Block Real Estate Services, LLC",69fdf76e62446148bd8573d6,69fded1762446148bd848e59,Hensley Electric Inc,69fdf03902bb2c42a87a13b8,"hig143 - High Tech Associates (Pine Ridge Building 20) {High Tech Associates, LLC}",evidenceOfInsurance,Evidence of Insurance,workersCompensation,Workers' Compensation and Employer's Liability,evidenceOfInsuranceWorkersCompensationEmployersLiabilityEachAccident,Employer's Liability Each Accident,,matchOnce,must be greater or equal to,500000,1000000,compliant,Block Requirements,,,false,2,,2026-08-16
"Block Real Estate Services, LLC",69fdf76e62446148bd8573d6,69fded1762446148bd848e59,Hensley Electric Inc,69fdf03902bb2c42a87a13b8,"hig143 - High Tech Associates (Pine Ridge Building 20) {High Tech Associates, LLC}",evidenceOfInsurance,Evidence of Insurance,workersCompensation,Workers' Compensation and Employer's Liability,evidenceOfInsuranceWorkersCompensationEmployersLiabilityDiseaseEachEmployee,Employer's Liability Disease - each employee,,matchOnce,must be greater or equal to,500000,1000000,compliant,Block Requirements,,,false,2,,2026-08-16
"Block Real Estate Services, LLC",69fdf76e62446148bd8573d6,69fded1762446148bd848e59,Hensley Electric Inc,69fdf03902bb2c42a87a13b8,"hig143 - High Tech Associates (Pine Ridge Building 20) {High Tech Associates, LLC}",evidenceOfInsurance,Evidence of Insurance,workersCompensation,Workers' Compensation and Employer's Liability,evidenceOfInsuranceWorkersCompensationEmployersLiabilityDiseasePolicyLimit,Employer's Liability Disease - policy limit,,matchOnce,must be greater or equal to,500000,1000000,compliant,Block Requirements,,,false,2,,2026-08-16
"Block Real Estate Services, LLC",69fdf76e62446148bd8573d6,69fded1762446148bd848e59,Hensley Electric Inc,69fdf03902bb2c42a87a13b8,"hig143 - High Tech Associates (Pine Ridge Building 20) {High Tech Associates, LLC}",evidenceOfInsurance,Evidence of Insurance,workersCompensation,Workers' Compensation and Employer's Liability,evidenceOfInsuranceWorkersCompensationWaiverOfSubrogationEndorsement,Waiver of Subrogation,"---prompt---
Determine if the insurer has waived their right of subrogation in favor of the certificate holder under the Workers' Compensation policy. Evidence may include: a checked ""Waiver of Subrogation"" box on the certificate, mention in the Description of Operations section stating ""waiver of subrogation applies"", or reference to form WC 00 03 13. Look for language like ""subrogation is waived"" or ""per written contract"".",matchOnce,must be present,,Present,compliant,Block Requirements,,,false,2,,2026-08-16
"Block Real Estate Services, LLC",69fdf76e62446148bd8573d6,69fded1762446148bd848e59,Hensley Electric Inc,69fdf03902bb2c42a87a13b8,"hig143 - High Tech Associates (Pine Ridge Building 20) {High Tech Associates, LLC}",evidenceOfInsurance,Evidence of Insurance,6ac20aae-5728-5d57-b364-aeba38527dba,Additional Requirements,4da5b0f1-4c9d-5885-8cf8-5d3cccaed3e0,"Block Real Estate Services, LLC and all others required by contract are named as Additional Insureds","---prompt---
Determine if the Description of Operations or the Additional Remarks Schedule section states the ""Additional Insured as Construction Management, Inc. and all others required by contract"" or reference to blanket additional insured coverage. Look for language like ""certificate holder is additional insured"" or ""per written contract"".",matchOnce,must be present,,Present,compliant,Block Requirements,,,true,2,,2026-08-16
"Block Real Estate Services, LLC",69fdf76e62446148bd8573d6,69fded1762446148bd848e59,Hensley Electric Inc,69fdf03902bb2c42a87a13b8,"hig143 - High Tech Associates (Pine Ridge Building 20) {High Tech Associates, LLC}",evidenceOfInsurance,Evidence of Insurance,6ac20aae-5728-5d57-b364-aeba38527dba,Additional Requirements,e1017741-e47e-5f58-97b8-fbc3043e919f,Umbrella follows form over General Liability,"---prompt---
Determine if the Umbrella/Excess Liability policy follows form to the underlying policies. Evidence may include: language in the Description of Operations section stating the umbrella follows form to underlying coverages or an additional page endorsement stating that it follows form. Follow form means the umbrella policy adopts the same terms, conditions, and exclusions as the underlying policies.",matchOnce,must be present,,Present,compliant,Block Requirements,,,true,2,,2026-08-16
"Block Real Estate Services, LLC",69fdf76e62446148bd8573d6,69fded1762446148bd848e59,Hensley Electric Inc,69fdf03902bb2c42a87a13b8,"hig143 - High Tech Associates (Pine Ridge Building 20) {High Tech Associates, LLC}",evidenceOfInsurance,Evidence of Insurance,6ac20aae-5728-5d57-b364-aeba38527dba,Additional Requirements,2cdd866f-c9a4-576a-afd8-1d045762790c,"The location must be listed as: 7911 Bond Street, Lenexa, KS, 66214",,matchOnce,must be present,,Present,compliant,Block Requirements,,,true,2,,2026-08-16
"Block Real Estate Services, LLC",69fdf76e62446148bd8573d6,69fded1762446148bd848e59,Hensley Electric Inc,69fdf03902bb2c42a87a13b8,"hig143 - High Tech Associates (Pine Ridge Building 20) {High Tech Associates, LLC}",evidenceOfInsurance,Evidence of Insurance,6ac20aae-5728-5d57-b364-aeba38527dba,Additional Requirements,3649e9d1-4e09-59bf-8f30-cb33c40cf117,"Certificate Holder must read: c/o Block Real Estate Services, LLC, 4622 Pennsylvania St., Suite 700, Kansas City, MO, 64112",,matchOnce,must be present,,Present,compliant,Block Requirements,,,true,2,,2026-08-16
"Block Real Estate Services, LLC",69fdf76e62446148bd8573d7,69fded1a62446148bd848f82,McQuaid Brothers Remodeling,69fdf03902bb2c42a87a13b8,"hig143 - High Tech Associates (Pine Ridge Building 20) {High Tech Associates, LLC}",evidenceOfInsurance,Evidence of Insurance,commercialGeneralLiability,Commercial General Liability,evidenceOfInsuranceCommercialGeneralLiabilityCoverageTriggerOccurrence,Coverage Trigger: Occurrence,,matchOnce,must be present,,Present,compliant,Block Requirements,,,false,1,,2026-08-16
"Block Real Estate Services, LLC",69fdf76e62446148bd8573d7,69fded1a62446148bd848f82,McQuaid Brothers Remodeling,69fdf03902bb2c42a87a13b8,"hig143 - High Tech Associates (Pine Ridge Building 20) {High Tech Associates, LLC}",evidenceOfInsurance,Evidence of Insurance,commercialGeneralLiability,Commercial General Liability,evidenceOfInsuranceCommercialGeneralLiabilityGeneralAggregateLimitAppliesPerLocation,General Aggregate Limit Applies per: Location,,matchOnce,must be present,,Present,compliant,Block Requirements,,,false,1,,2026-08-16
"Block Real Estate Services, LLC",69fdf76e62446148bd8573d7,69fded1a62446148bd848f82,McQuaid Brothers Remodeling,69fdf03902bb2c42a87a13b8,"hig143 - High Tech Associates (Pine Ridge Building 20) {High Tech Associates, LLC}",evidenceOfInsurance,Evidence of Insurance,commercialGeneralLiability,Commercial General Liability,evidenceOfInsuranceCommercialGeneralLiabilityEachOccurrence,Each Occurrence,,matchOnce,must be greater or equal to,1000000,1000000,compliant,Block Requirements,,,false,1,,2026-08-16
"Block Real Estate Services, LLC",69fdf76e62446148bd8573d7,69fded1a62446148bd848f82,McQuaid Brothers Remodeling,69fdf03902bb2c42a87a13b8,"hig143 - High Tech Associates (Pine Ridge Building 20) {High Tech Associates, LLC}",evidenceOfInsurance,Evidence of Insurance,commercialGeneralLiability,Commercial General Liability,evidenceOfInsuranceCommercialGeneralLiabilityGeneralAggregate,General Aggregate,,matchOnce,must be greater or equal to,2000000,2000000,compliant,Block Requirements,,,false,1,,2026-08-16
"Block Real Estate Services, LLC",69fdf76e62446148bd8573d7,69fded1a62446148bd848f82,McQuaid Brothers Remodeling,69fdf03902bb2c42a87a13b8,"hig143 - High Tech Associates (Pine Ridge Building 20) {High Tech Associates, LLC}",evidenceOfInsurance,Evidence of Insurance,commercialGeneralLiability,Commercial General Liability,evidenceOfInsuranceCommercialGeneralLiabilityWaiverOfSubrogationEndorsement,Waiver of Subrogation,"---prompt---
Determine if the insurer has waived their right of subrogation in favor of the certificate holder under the Commercial General Liability policy. Evidence may include: a checked ""Waiver of Subrogation"" box on the certificate, mention in the Description of Operations section stating ""waiver of subrogation applies"", or reference to form CG 24 04. Look for language like ""subrogation is waived"" or ""per written contract"".",matchOnce,must be present,,Present,compliant,Block Requirements,,,false,1,,2026-08-16
"Block Real Estate Services, LLC",69fdf76e62446148bd8573d7,69fded1a62446148bd848f82,McQuaid Brothers Remodeling,69fdf03902bb2c42a87a13b8,"hig143 - High Tech Associates (Pine Ridge Building 20) {High Tech Associates, LLC}",evidenceOfInsurance,Evidence of Insurance,excessOrUmbrellaLiability,Umbrella/Excess Liability,evidenceOfInsuranceExcessOrUmbrellaLiabilityOccurence,Coverage Trigger: Occurrence,,matchOnce,must be present,,Present,compliant,Block Requirements,,,false,1,,2026-08-16
"Block Real Estate Services, LLC",69fdf76e62446148bd8573d7,69fded1a62446148bd848f82,McQuaid Brothers Remodeling,69fdf03902bb2c42a87a13b8,"hig143 - High Tech Associates (Pine Ridge Building 20) {High Tech Associates, LLC}",evidenceOfInsurance,Evidence of Insurance,excessOrUmbrellaLiability,Umbrella/Excess Liability,evidenceOfInsuranceExcessOrUmbrellaLiabilityEachOccurrence,Each Occurrence,,matchOnce,must be greater or equal to,1000000,5000000,compliant,Block Requirements,,,false,1,,2026-08-16
"Block Real Estate Services, LLC",69fdf76e62446148bd8573d7,69fded1a62446148bd848f82,McQuaid Brothers Remodeling,69fdf03902bb2c42a87a13b8,"hig143 - High Tech Associates (Pine Ridge Building 20) {High Tech Associates, LLC}",evidenceOfInsurance,Evidence of Insurance,excessOrUmbrellaLiability,Umbrella/Excess Liability,evidenceOfInsuranceExcessOrUmbrellaLiabilityAggregate,Aggregate,,matchOnce,must be greater or equal to,1000000,5000000,compliant,Block Requirements,,,false,1,,2026-08-16
"Block Real Estate Services, LLC",69fdf76e62446148bd8573d7,69fded1a62446148bd848f82,McQuaid Brothers Remodeling,69fdf03902bb2c42a87a13b8,"hig143 - High Tech Associates (Pine Ridge Building 20) {High Tech Associates, LLC}",evidenceOfInsurance,Evidence of Insurance,workersCompensation,Workers' Compensation and Employer's Liability,evidenceOfInsuranceWorkersCompensationStatutoryLimits,Statutory Limits,,matchOnce,must be present,,Present,compliant,Block Requirements,,,false,1,,2026-08-16
"Block Real Estate Services, LLC",69fdf76e62446148bd8573d7,69fded1a62446148bd848f82,McQuaid Brothers Remodeling,69fdf03902bb2c42a87a13b8,"hig143 - High Tech Associates (Pine Ridge Building 20) {High Tech Associates, LLC}",evidenceOfInsurance,Evidence of Insurance,workersCompensation,Workers' Compensation and Employer's Liability,evidenceOfInsuranceWorkersCompensationEmployersLiabilityEachAccident,Employer's Liability Each Accident,,matchOnce,must be greater or equal to,500000,1000000,compliant,Block Requirements,,,false,1,,2026-08-16
"Block Real Estate Services, LLC",69fdf76e62446148bd8573d7,69fded1a62446148bd848f82,McQuaid Brothers Remodeling,69fdf03902bb2c42a87a13b8,"hig143 - High Tech Associates (Pine Ridge Building 20) {High Tech Associates, LLC}",evidenceOfInsurance,Evidence of Insurance,workersCompensation,Workers' Compensation and Employer's Liability,evidenceOfInsuranceWorkersCompensationEmployersLiabilityDiseaseEachEmployee,Employer's Liability Disease - each employee,,matchOnce,must be greater or equal to,500000,1000000,compliant,Block Requirements,,,false,1,,2026-08-16
"Block Real Estate Services, LLC",69fdf76e62446148bd8573d7,69fded1a62446148bd848f82,McQuaid Brothers Remodeling,69fdf03902bb2c42a87a13b8,"hig143 - High Tech Associates (Pine Ridge Building 20) {High Tech Associates, LLC}",evidenceOfInsurance,Evidence of Insurance,workersCompensation,Workers' Compensation and Employer's Liability,evidenceOfInsuranceWorkersCompensationEmployersLiabilityDiseasePolicyLimit,Employer's Liability Disease - policy limit,,matchOnce,must be greater or equal to,500000,1000000,compliant,Block Requirements,,,false,1,,2026-08-16
"Block Real Estate Services, LLC",69fdf76e62446148bd8573d7,69fded1a62446148bd848f82,McQuaid Brothers Remodeling,69fdf03902bb2c42a87a13b8,"hig143 - High Tech Associates (Pine Ridge Building 20) {High Tech Associates, LLC}",evidenceOfInsurance,Evidence of Insurance,workersCompensation,Workers' Compensation and Employer's Liability,evidenceOfInsuranceWorkersCompensationWaiverOfSubrogationEndorsement,Waiver of Subrogation,"---prompt---
Determine if the insurer has waived their right of subrogation in favor of the certificate holder under the Workers' Compensation policy. Evidence may include: a checked ""Waiver of Subrogation"" box on the certificate, mention in the Description of Operations section stating ""waiver of subrogation applies"", or reference to form WC 00 03 13. Look for language like ""subrogation is waived"" or ""per written contract"".",matchOnce,must be present,,Present,compliant,Block Requirements,,,false,1,,2026-08-16
"Block Real Estate Services, LLC",69fdf76e62446148bd8573d7,69fded1a62446148bd848f82,McQuaid Brothers Remodeling,69fdf03902bb2c42a87a13b8,"hig143 - High Tech Associates (Pine Ridge Building 20) {High Tech Associates, LLC}",evidenceOfInsurance,Evidence of Insurance,6ac20aae-5728-5d57-b364-aeba38527dba,Additional Requirements,4da5b0f1-4c9d-5885-8cf8-5d3cccaed3e0,"Block Real Estate Services, LLC and all others required by contract are named as Additional Insureds","---prompt---
Determine if the Description of Operations or the Additional Remarks Schedule section states the ""Additional Insured as Construction Management, Inc. and all others required by contract"" or reference to blanket additional insured coverage. Look for language like ""certificate holder is additional insured"" or ""per written contract"".",matchOnce,must be present,,Present,compliant,Block Requirements,,,true,1,,2026-08-16
"Block Real Estate Services, LLC",69fdf76e62446148bd8573d7,69fded1a62446148bd848f82,McQuaid Brothers Remodeling,69fdf03902bb2c42a87a13b8,"hig143 - High Tech Associates (Pine Ridge Building 20) {High Tech Associates, LLC}",evidenceOfInsurance,Evidence of Insurance,6ac20aae-5728-5d57-b364-aeba38527dba,Additional Requirements,e1017741-e47e-5f58-97b8-fbc3043e919f,Umbrella follows form over General Liability,"---prompt---
Determine if the Umbrella/Excess Liability policy follows form to the underlying policies. Evidence may include: language in the Description of Operations section stating the umbrella follows form to underlying coverages or an additional page endorsement stating that it follows form. Follow form means the umbrella policy adopts the same terms, conditions, and exclusions as the underlying policies.",matchOnce,must be present,,Present,compliant,Block Requirements,,,true,1,,2026-08-16
"Block Real Estate Services, LLC",69fdf76e62446148bd8573d7,69fded1a62446148bd848f82,McQuaid Brothers Remodeling,69fdf03902bb2c42a87a13b8,"hig143 - High Tech Associates (Pine Ridge Building 20) {High Tech Associates, LLC}",evidenceOfInsurance,Evidence of Insurance,6ac20aae-5728-5d57-b364-aeba38527dba,Additional Requirements,2cdd866f-c9a4-576a-afd8-1d045762790c,"The location must be listed as: 7927 Bond Street, Lenexa, KS, 66214",,matchOnce,must be present,,Present,compliant,Block Requirements,,,true,1,,2026-08-16
"Block Real Estate Services, LLC",69fdf76e62446148bd8573d7,69fded1a62446148bd848f82,McQuaid Brothers Remodeling,69fdf03902bb2c42a87a13b8,"hig143 - High Tech Associates (Pine Ridge Building 20) {High Tech Associates, LLC}",evidenceOfInsurance,Evidence of Insurance,6ac20aae-5728-5d57-b364-aeba38527dba,Additional Requirements,3649e9d1-4e09-59bf-8f30-cb33c40cf117,"Certificate Holder must read: c/o Block Real Estate Services, LLC, 4622 Pennsylvania St., Suite 700, Kansas City, MO, 64112",,matchOnce,must be present,,Present,compliant,Block Requirements,,,true,1,,2026-08-16
"Block Real Estate Services, LLC",69fdf76e62446148bd8573dc,69fded2362446148bd849264,"United Access of KC, LLC",69fdf03902bb2c42a87a13b8,"hig143 - High Tech Associates (Pine Ridge Building 20) {High Tech Associates, LLC}",evidenceOfInsurance,Evidence of Insurance,commercialGeneralLiability,Commercial General Liability,evidenceOfInsuranceCommercialGeneralLiabilityCoverageTriggerOccurrence,Coverage Trigger: Occurrence,,matchOnce,must be present,,Present,compliant,Block Requirements,,,false,1,,2026-08-16
"Block Real Estate Services, LLC",69fdf76e62446148bd8573dc,69fded2362446148bd849264,"United Access of KC, LLC",69fdf03902bb2c42a87a13b8,"hig143 - High Tech Associates (Pine Ridge Building 20) {High Tech Associates, LLC}",evidenceOfInsurance,Evidence of Insurance,commercialGeneralLiability,Commercial General Liability,evidenceOfInsuranceCommercialGeneralLiabilityGeneralAggregateLimitAppliesPerLocation,General Aggregate Limit Applies per: Location,,matchOnce,must be present,,Present,compliant,Block Requirements,,,false,1,,2026-08-16
"Block Real Estate Services, LLC",69fdf76e62446148bd8573dc,69fded2362446148bd849264,"United Access of KC, LLC",69fdf03902bb2c42a87a13b8,"hig143 - High Tech Associates (Pine Ridge Building 20) {High Tech Associates, LLC}",evidenceOfInsurance,Evidence of Insurance,commercialGeneralLiability,Commercial General Liability,evidenceOfInsuranceCommercialGeneralLiabilityEachOccurrence,Each Occurrence,,matchOnce,must be greater or equal to,1000000,1000000,compliant,Block Requirements,,,false,1,,2026-08-16
"Block Real Estate Services, LLC",69fdf76e62446148bd8573dc,69fded2362446148bd849264,"United Access of KC, LLC",69fdf03902bb2c42a87a13b8,"hig143 - High Tech Associates (Pine Ridge Building 20) {High Tech Associates, LLC}",evidenceOfInsurance,Evidence of Insurance,commercialGeneralLiability,Commercial General Liability,evidenceOfInsuranceCommercialGeneralLiabilityGeneralAggregate,General Aggregate,,matchOnce,must be greater or equal to,2000000,2000000,compliant,Block Requirements,,,false,1,,2026-08-16
"Block Real Estate Services, LLC",69fdf76e62446148bd8573dc,69fded2362446148bd849264,"United Access of KC, LLC",69fdf03902bb2c42a87a13b8,"hig143 - High Tech Associates (Pine Ridge Building 20) {High Tech Associates, LLC}",evidenceOfInsurance,Evidence of Insurance,commercialGeneralLiability,Commercial General Liability,evidenceOfInsuranceCommercialGeneralLiabilityWaiverOfSubrogationEndorsement,Waiver of Subrogation,"---prompt---
Determine if the insurer has waived their right of subrogation in favor of the certificate holder under the Commercial General Liability policy. Evidence may include: a checked ""Waiver of Subrogation"" box on the certificate, mention in the Description of Operations section stating ""waiver of subrogation applies"", or reference to form CG 24 04. Look for language like ""subrogation is waived"" or ""per written contract"".",matchOnce,must be present,,,non_compliant,Block Requirements,,,false,0,,2026-08-16
"Block Real Estate Services, LLC",69fdf76e62446148bd8573dc,69fded2362446148bd849264,"United Access of KC, LLC",69fdf03902bb2c42a87a13b8,"hig143 - High Tech Associates (Pine Ridge Building 20) {High Tech Associates, LLC}",evidenceOfInsurance,Evidence of Insurance,excessOrUmbrellaLiability,Umbrella/Excess Liability,evidenceOfInsuranceExcessOrUmbrellaLiabilityOccurence,Coverage Trigger: Occurrence,,matchOnce,must be present,,Present,compliant,Block Requirements,,,false,1,,2026-08-16
"Block Real Estate Services, LLC",69fdf76e62446148bd8573dc,69fded2362446148bd849264,"United Access of KC, LLC",69fdf03902bb2c42a87a13b8,"hig143 - High Tech Associates (Pine Ridge Building 20) {High Tech Associates, LLC}",evidenceOfInsurance,Evidence of Insurance,excessOrUmbrellaLiability,Umbrella/Excess Liability,evidenceOfInsuranceExcessOrUmbrellaLiabilityEachOccurrence,Each Occurrence,,matchOnce,must be greater or equal to,1000000,5000000,compliant,Block Requirements,,,false,1,,2026-08-16
"Block Real Estate Services, LLC",69fdf76e62446148bd8573dc,69fded2362446148bd849264,"United Access of KC, LLC",69fdf03902bb2c42a87a13b8,"hig143 - High Tech Associates (Pine Ridge Building 20) {High Tech Associates, LLC}",evidenceOfInsurance,Evidence of Insurance,excessOrUmbrellaLiability,Umbrella/Excess Liability,evidenceOfInsuranceExcessOrUmbrellaLiabilityAggregate,Aggregate,,matchOnce,must be greater or equal to,1000000,5000000,compliant,Block Requirements,,,false,1,,2026-08-16
"Block Real Estate Services, LLC",69fdf76e62446148bd8573dc,69fded2362446148bd849264,"United Access of KC, LLC",69fdf03902bb2c42a87a13b8,"hig143 - High Tech Associates (Pine Ridge Building 20) {High Tech Associates, LLC}",evidenceOfInsurance,Evidence of Insurance,workersCompensation,Workers' Compensation and Employer's Liability,evidenceOfInsuranceWorkersCompensationStatutoryLimits,Statutory Limits,,matchOnce,must be present,,Present,compliant,Block Requirements,,,false,1,,2026-08-16
"Block Real Estate Services, LLC",69fdf76e62446148bd8573dc,69fded2362446148bd849264,"United Access of KC, LLC",69fdf03902bb2c42a87a13b8,"hig143 - High Tech Associates (Pine Ridge Building 20) {High Tech Associates, LLC}",evidenceOfInsurance,Evidence of Insurance,workersCompensation,Workers' Compensation and Employer's Liability,evidenceOfInsuranceWorkersCompensationEmployersLiabilityEachAccident,Employer's Liability Each Accident,,matchOnce,must be greater or equal to,500000,1000000,compliant,Block Requirements,,,false,1,,2026-08-16
"Block Real Estate Services, LLC",69fdf76e62446148bd8573dc,69fded2362446148bd849264,"United Access of KC, LLC",69fdf03902bb2c42a87a13b8,"hig143 - High Tech Associates (Pine Ridge Building 20) {High Tech Associates, LLC}",evidenceOfInsurance,Evidence of Insurance,workersCompensation,Workers' Compensation and Employer's Liability,evidenceOfInsuranceWorkersCompensationEmployersLiabilityDiseaseEachEmployee,Employer's Liability Disease - each employee,,matchOnce,must be greater or equal to,500000,1000000,compliant,Block Requirements,,,false,1,,2026-08-16
"Block Real Estate Services, LLC",69fdf76e62446148bd8573dc,69fded2362446148bd849264,"United Access of KC, LLC",69fdf03902bb2c42a87a13b8,"hig143 - High Tech Associates (Pine Ridge Building 20) {High Tech Associates, LLC}",evidenceOfInsurance,Evidence of Insurance,workersCompensation,Workers' Compensation and Employer's Liability,evidenceOfInsuranceWorkersCompensationEmployersLiabilityDiseasePolicyLimit,Employer's Liability Disease - policy limit,,matchOnce,must be greater or equal to,500000,1000000,compliant,Block Requirements,,,false,1,,2026-08-16
"Block Real Estate Services, LLC",69fdf76e62446148bd8573dc,69fded2362446148bd849264,"United Access of KC, LLC",69fdf03902bb2c42a87a13b8,"hig143 - High Tech Associates (Pine Ridge Building 20) {High Tech Associates, LLC}",evidenceOfInsurance,Evidence of Insurance,workersCompensation,Workers' Compensation and Employer's Liability,evidenceOfInsuranceWorkersCompensationWaiverOfSubrogationEndorsement,Waiver of Subrogation,"---prompt---
Determine if the insurer has waived their right of subrogation in favor of the certificate holder under the Workers' Compensation policy. Evidence may include: a checked ""Waiver of Subrogation"" box on the certificate, mention in the Description of Operations section stating ""waiver of subrogation applies"", or reference to form WC 00 03 13. Look for language like ""subrogation is waived"" or ""per written contract"".",matchOnce,must be present,,,non_compliant,Block Requirements,,,false,0,,2026-08-16
"Block Real Estate Services, LLC",69fdf76e62446148bd8573dc,69fded2362446148bd849264,"United Access of KC, LLC",69fdf03902bb2c42a87a13b8,"hig143 - High Tech Associates (Pine Ridge Building 20) {High Tech Associates, LLC}",evidenceOfInsurance,Evidence of Insurance,6ac20aae-5728-5d57-b364-aeba38527dba,Additional Requirements,4da5b0f1-4c9d-5885-8cf8-5d3cccaed3e0,"Block Real Estate Services, LLC and all others required by contract are named as Additional Insureds","---prompt---
Determine if the Description of Operations or the Additional Remarks Schedule section states the ""Additional Insured as Construction Management, Inc. and all others required by contract"" or reference to blanket additional insured coverage. Look for language like ""certificate holder is additional insured"" or ""per written contract"".",matchOnce,must be present,,,non_compliant,Block Requirements,,,true,0,,2026-08-16
"Block Real Estate Services, LLC",69fdf76e62446148bd8573dc,69fded2362446148bd849264,"United Access of KC, LLC",69fdf03902bb2c42a87a13b8,"hig143 - High Tech Associates (Pine Ridge Building 20) {High Tech Associates, LLC}",evidenceOfInsurance,Evidence of Insurance,6ac20aae-5728-5d57-b364-aeba38527dba,Additional Requirements,e1017741-e47e-5f58-97b8-fbc3043e919f,Umbrella follows form over General Liability,"---prompt---
Determine if the Umbrella/Excess Liability policy follows form to the underlying policies. Evidence may include: language in the Description of Operations section stating the umbrella follows form to underlying coverages or an additional page endorsement stating that it follows form. Follow form means the umbrella policy adopts the same terms, conditions, and exclusions as the underlying policies.",matchOnce,must be present,,,non_compliant,Block Requirements,,,true,0,,2026-08-16
"Block Real Estate Services, LLC",69fdf76e62446148bd8573dc,69fded2362446148bd849264,"United Access of KC, LLC",69fdf03902bb2c42a87a13b8,"hig143 - High Tech Associates (Pine Ridge Building 20) {High Tech Associates, LLC}",evidenceOfInsurance,Evidence of Insurance,6ac20aae-5728-5d57-b364-aeba38527dba,Additional Requirements,2cdd866f-c9a4-576a-afd8-1d045762790c,"The location must be listed as: 7917 Bond Street, Lenexa, KS, 66214",,matchOnce,must be present,,Present,compliant,Block Requirements,,,true,1,,2026-08-16
"Block Real Estate Services, LLC",69fdf76e62446148bd8573dc,69fded2362446148bd849264,"United Access of KC, LLC",69fdf03902bb2c42a87a13b8,"hig143 - High Tech Associates (Pine Ridge Building 20) {High Tech Associates, LLC}",evidenceOfInsurance,Evidence of Insurance,6ac20aae-5728-5d57-b364-aeba38527dba,Additional Requirements,3649e9d1-4e09-59bf-8f30-cb33c40cf117,"Certificate Holder must read: c/o Block Real Estate Services, LLC, 4622 Pennsylvania St., Suite 700, Kansas City, MO, 64112",,matchOnce,must be present,,,non_compliant,Block Requirements,,,true,0,,2026-08-16
"Block Real Estate Services, LLC",69fdf76e62446148bd8573d4,69fded1262446148bd848cd6,Cruise Marketing Inc,69fdf03902bb2c42a87a13b8,"hig143 - High Tech Associates (Pine Ridge Building 20) {High Tech Associates, LLC}",evidenceOfInsurance,Evidence of Insurance,commercialGeneralLiability,Commercial General Liability,evidenceOfInsuranceCommercialGeneralLiabilityCoverageTriggerOccurrence,Coverage Trigger: Occurrence,,matchOnce,must be present,,Present,compliant,Block Requirements,,,false,1,,2026-08-16
"Block Real Estate Services, LLC",69fdf76e62446148bd8573d4,69fded1262446148bd848cd6,Cruise Marketing Inc,69fdf03902bb2c42a87a13b8,"hig143 - High Tech Associates (Pine Ridge Building 20) {High Tech Associates, LLC}",evidenceOfInsurance,Evidence of Insurance,commercialGeneralLiability,Commercial General Liability,evidenceOfInsuranceCommercialGeneralLiabilityGeneralAggregateLimitAppliesPerLocation,General Aggregate Limit Applies per: Location,,matchOnce,must be present,,Present,compliant,Block Requirements,,,false,1,,2026-08-16
"Block Real Estate Services, LLC",69fdf76e62446148bd8573d4,69fded1262446148bd848cd6,Cruise Marketing Inc,69fdf03902bb2c42a87a13b8,"hig143 - High Tech Associates (Pine Ridge Building 20) {High Tech Associates, LLC}",evidenceOfInsurance,Evidence of Insurance,commercialGeneralLiability,Commercial General Liability,evidenceOfInsuranceCommercialGeneralLiabilityEachOccurrence,Each Occurrence,,matchOnce,must be greater or equal to,1000000,1000000,compliant,Block Requirements,,,false,1,,2026-08-16
"Block Real Estate Services, LLC",69fdf76e62446148bd8573d4,69fded1262446148bd848cd6,Cruise Marketing Inc,69fdf03902bb2c42a87a13b8,"hig143 - High Tech Associates (Pine Ridge Building 20) {High Tech Associates, LLC}",evidenceOfInsurance,Evidence of Insurance,commercialGeneralLiability,Commercial General Liability,evidenceOfInsuranceCommercialGeneralLiabilityGeneralAggregate,General Aggregate,,matchOnce,must be greater or equal to,2000000,2000000,compliant,Block Requirements,,,false,1,,2026-08-16
"Block Real Estate Services, LLC",69fdf76e62446148bd8573d4,69fded1262446148bd848cd6,Cruise Marketing Inc,69fdf03902bb2c42a87a13b8,"hig143 - High Tech Associates (Pine Ridge Building 20) {High Tech Associates, LLC}",evidenceOfInsurance,Evidence of Insurance,commercialGeneralLiability,Commercial General Liability,evidenceOfInsuranceCommercialGeneralLiabilityWaiverOfSubrogationEndorsement,Waiver of Subrogation,"---prompt---
Determine if the insurer has waived their right of subrogation in favor of the certificate holder under the Commercial General Liability policy. Evidence may include: a checked ""Waiver of Subrogation"" box on the certificate, mention in the Description of Operations section stating ""waiver of subrogation applies"", or reference to form CG 24 04. Look for language like ""subrogation is waived"" or ""per written contract"".",matchOnce,must be present,,Present,compliant,Block Requirements,,,false,1,,2026-08-16
"Block Real Estate Services, LLC",69fdf76e62446148bd8573d4,69fded1262446148bd848cd6,Cruise Marketing Inc,69fdf03902bb2c42a87a13b8,"hig143 - High Tech Associates (Pine Ridge Building 20) {High Tech Associates, LLC}",evidenceOfInsurance,Evidence of Insurance,excessOrUmbrellaLiability,Umbrella/Excess Liability,evidenceOfInsuranceExcessOrUmbrellaLiabilityOccurence,Coverage Trigger: Occurrence,,matchOnce,must be present,,Present,compliant,Block Requirements,,,false,1,,2026-08-16
"Block Real Estate Services, LLC",69fdf76e62446148bd8573d4,69fded1262446148bd848cd6,Cruise Marketing Inc,69fdf03902bb2c42a87a13b8,"hig143 - High Tech Associates (Pine Ridge Building 20) {High Tech Associates, LLC}",evidenceOfInsurance,Evidence of Insurance,excessOrUmbrellaLiability,Umbrella/Excess Liability,evidenceOfInsuranceExcessOrUmbrellaLiabilityEachOccurrence,Each Occurrence,,matchOnce,must be greater or equal to,1000000,3000000,compliant,Block Requirements,,,false,1,,2026-08-16
"Block Real Estate Services, LLC",69fdf76e62446148bd8573d4,69fded1262446148bd848cd6,Cruise Marketing Inc,69fdf03902bb2c42a87a13b8,"hig143 - High Tech Associates (Pine Ridge Building 20) {High Tech Associates, LLC}",evidenceOfInsurance,Evidence of Insurance,excessOrUmbrellaLiability,Umbrella/Excess Liability,evidenceOfInsuranceExcessOrUmbrellaLiabilityAggregate,Aggregate,,matchOnce,must be greater or equal to,1000000,3000000,compliant,Block Requirements,,,false,1,,2026-08-16
"Block Real Estate Services, LLC",69fdf76e62446148bd8573d4,69fded1262446148bd848cd6,Cruise Marketing Inc,69fdf03902bb2c42a87a13b8,"hig143 - High Tech Associates (Pine Ridge Building 20) {High Tech Associates, LLC}",evidenceOfInsurance,Evidence of Insurance,workersCompensation,Workers' Compensation and Employer's Liability,evidenceOfInsuranceWorkersCompensationStatutoryLimits,Statutory Limits,,matchOnce,must be present,,Present,compliant,Block Requirements,,,false,1,,2026-08-16
"Block Real Estate Services, LLC",69fdf76e62446148bd8573d4,69fded1262446148bd848cd6,Cruise Marketing Inc,69fdf03902bb2c42a87a13b8,"hig143 - High Tech Associates (Pine Ridge Building 20) {High Tech Associates, LLC}",evidenceOfInsurance,Evidence of Insurance,workersCompensation,Workers' Compensation and Employer's Liability,evidenceOfInsuranceWorkersCompensationEmployersLiabilityEachAccident,Employer's Liability Each Accident,,matchOnce,must be greater or equal to,500000,2000000,compliant,Block Requirements,,,false,1,,2026-08-16
"Block Real Estate Services, LLC",69fdf76e62446148bd8573d4,69fded1262446148bd848cd6,Cruise Marketing Inc,69fdf03902bb2c42a87a13b8,"hig143 - High Tech Associates (Pine Ridge Building 20) {High Tech Associates, LLC}",evidenceOfInsurance,Evidence of Insurance,workersCompensation,Workers' Compensation and Employer's Liability,evidenceOfInsuranceWorkersCompensationEmployersLiabilityDiseaseEachEmployee,Employer's Liability Disease - each employee,,matchOnce,must be greater or equal to,500000,2000000,compliant,Block Requirements,,,false,1,,2026-08-16
"Block Real Estate Services, LLC",69fdf76e62446148bd8573d4,69fded1262446148bd848cd6,Cruise Marketing Inc,69fdf03902bb2c42a87a13b8,"hig143 - High Tech Associates (Pine Ridge Building 20) {High Tech Associates, LLC}",evidenceOfInsurance,Evidence of Insurance,workersCompensation,Workers' Compensation and Employer's Liability,evidenceOfInsuranceWorkersCompensationEmployersLiabilityDiseasePolicyLimit,Employer's Liability Disease - policy limit,,matchOnce,must be greater or equal to,500000,2000000,compliant,Block Requirements,,,false,1,,2026-08-16
"Block Real Estate Services, LLC",69fdf76e62446148bd8573d4,69fded1262446148bd848cd6,Cruise Marketing Inc,69fdf03902bb2c42a87a13b8,"hig143 - High Tech Associates (Pine Ridge Building 20) {High Tech Associates, LLC}",evidenceOfInsurance,Evidence of Insurance,workersCompensation,Workers' Compensation and Employer's Liability,evidenceOfInsuranceWorkersCompensationWaiverOfSubrogationEndorsement,Waiver of Subrogation,"---prompt---
Determine if the insurer has waived their right of subrogation in favor of the certificate holder under the Workers' Compensation policy. Evidence may include: a checked ""Waiver of Subrogation"" box on the certificate, mention in the Description of Operations section stating ""waiver of subrogation applies"", or reference to form WC 00 03 13. Look for language like ""subrogation is waived"" or ""per written contract"".",matchOnce,must be present,,Present,compliant,Block Requirements,,,false,1,,2026-08-16
"Block Real Estate Services, LLC",69fdf76e62446148bd8573d4,69fded1262446148bd848cd6,Cruise Marketing Inc,69fdf03902bb2c42a87a13b8,"hig143 - High Tech Associates (Pine Ridge Building 20) {High Tech Associates, LLC}",evidenceOfInsurance,Evidence of Insurance,6ac20aae-5728-5d57-b364-aeba38527dba,Additional Requirements,4da5b0f1-4c9d-5885-8cf8-5d3cccaed3e0,"Block Real Estate Services, LLC and all others required by contract are named as Additional Insureds","---prompt---
Determine if the Description of Operations or the Additional Remarks Schedule section states the ""Additional Insured as Construction Management, Inc. and all others required by contract"" or reference to blanket additional insured coverage. Look for language like ""certificate holder is additional insured"" or ""per written contract"".",matchOnce,must be present,,Present,compliant,Block Requirements,,,true,1,,2026-08-16
"Block Real Estate Services, LLC",69fdf76e62446148bd8573d4,69fded1262446148bd848cd6,Cruise Marketing Inc,69fdf03902bb2c42a87a13b8,"hig143 - High Tech Associates (Pine Ridge Building 20) {High Tech Associates, LLC}",evidenceOfInsurance,Evidence of Insurance,6ac20aae-5728-5d57-b364-aeba38527dba,Additional Requirements,e1017741-e47e-5f58-97b8-fbc3043e919f,Umbrella follows form over General Liability,"---prompt---
Determine if the Umbrella/Excess Liability policy follows form to the underlying policies. Evidence may include: language in the Description of Operations section stating the umbrella follows form to underlying coverages or an additional page endorsement stating that it follows form. Follow form means the umbrella policy adopts the same terms, conditions, and exclusions as the underlying policies.",matchOnce,must be present,,Present,compliant,Block Requirements,,,true,1,,2026-08-16
"Block Real Estate Services, LLC",69fdf76e62446148bd8573d4,69fded1262446148bd848cd6,Cruise Marketing Inc,69fdf03902bb2c42a87a13b8,"hig143 - High Tech Associates (Pine Ridge Building 20) {High Tech Associates, LLC}",evidenceOfInsurance,Evidence of Insurance,6ac20aae-5728-5d57-b364-aeba38527dba,Additional Requirements,2cdd866f-c9a4-576a-afd8-1d045762790c,"The location must be listed as: 7903 Bond Street, Lenexa, KS, 66214",,matchOnce,must be present,,Present,compliant,Block Requirements,,,true,1,,2026-08-16
"Block Real Estate Services, LLC",69fdf76e62446148bd8573d4,69fded1262446148bd848cd6,Cruise Marketing Inc,69fdf03902bb2c42a87a13b8,"hig143 - High Tech Associates (Pine Ridge Building 20) {High Tech Associates, LLC}",evidenceOfInsurance,Evidence of Insurance,6ac20aae-5728-5d57-b364-aeba38527dba,Additional Requirements,3649e9d1-4e09-59bf-8f30-cb33c40cf117,"Certificate Holder must read: c/o Block Real Estate Services, LLC, 4622 Pennsylvania St., Suite 700, Kansas City, MO, 64112",,matchOnce,must be present,,Present,compliant,Block Requirements,,,true,1,,2026-08-16
"Block Real Estate Services, LLC",69fdf76e62446148bd8573d8,69fded1b62446148bd848f91,Medical Technology Associates Inc,69fdf03902bb2c42a87a13b8,"hig143 - High Tech Associates (Pine Ridge Building 20) {High Tech Associates, LLC}",evidenceOfInsurance,Evidence of Insurance,commercialGeneralLiability,Commercial General Liability,evidenceOfInsuranceCommercialGeneralLiabilityCoverageTriggerOccurrence,Coverage Trigger: Occurrence,,matchOnce,must be present,,Present,compliant,Block Requirements,,,false,1,,2026-08-16
"Block Real Estate Services, LLC",69fdf76e62446148bd8573d8,69fded1b62446148bd848f91,Medical Technology Associates Inc,69fdf03902bb2c42a87a13b8,"hig143 - High Tech Associates (Pine Ridge Building 20) {High Tech Associates, LLC}",evidenceOfInsurance,Evidence of Insurance,commercialGeneralLiability,Commercial General Liability,evidenceOfInsuranceCommercialGeneralLiabilityGeneralAggregateLimitAppliesPerLocation,General Aggregate Limit Applies per: Location,,matchOnce,must be present,,Present,compliant,Block Requirements,,,false,1,,2026-08-16
"Block Real Estate Services, LLC",69fdf76e62446148bd8573d8,69fded1b62446148bd848f91,Medical Technology Associates Inc,69fdf03902bb2c42a87a13b8,"hig143 - High Tech Associates (Pine Ridge Building 20) {High Tech Associates, LLC}",evidenceOfInsurance,Evidence of Insurance,commercialGeneralLiability,Commercial General Liability,evidenceOfInsuranceCommercialGeneralLiabilityEachOccurrence,Each Occurrence,,matchOnce,must be greater or equal to,1000000,1000000,compliant,Block Requirements,,,false,1,,2026-08-16
"Block Real Estate Services, LLC",69fdf76e62446148bd8573d8,69fded1b62446148bd848f91,Medical Technology Associates Inc,69fdf03902bb2c42a87a13b8,"hig143 - High Tech Associates (Pine Ridge Building 20) {High Tech Associates, LLC}",evidenceOfInsurance,Evidence of Insurance,commercialGeneralLiability,Commercial General Liability,evidenceOfInsuranceCommercialGeneralLiabilityGeneralAggregate,General Aggregate,,matchOnce,must be greater or equal to,2000000,3000000,compliant,Block Requirements,,,false,1,,2026-08-16
"Block Real Estate Services, LLC",69fdf76e62446148bd8573d8,69fded1b62446148bd848f91,Medical Technology Associates Inc,69fdf03902bb2c42a87a13b8,"hig143 - High Tech Associates (Pine Ridge Building 20) {High Tech Associates, LLC}",evidenceOfInsurance,Evidence of Insurance,commercialGeneralLiability,Commercial General Liability,evidenceOfInsuranceCommercialGeneralLiabilityWaiverOfSubrogationEndorsement,Waiver of Subrogation,"---prompt---
Determine if the insurer has waived their right of subrogation in favor of the certificate holder under the Commercial General Liability policy. Evidence may include: a checked ""Waiver of Subrogation"" box on the certificate, mention in the Description of Operations section stating ""waiver of subrogation applies"", or reference to form CG 24 04. Look for language like ""subrogation is waived"" or ""per written contract"".",matchOnce,must be present,,Present,compliant,Block Requirements,,,false,1,,2026-08-16
"Block Real Estate Services, LLC",69fdf76e62446148bd8573d8,69fded1b62446148bd848f91,Medical Technology Associates Inc,69fdf03902bb2c42a87a13b8,"hig143 - High Tech Associates (Pine Ridge Building 20) {High Tech Associates, LLC}",evidenceOfInsurance,Evidence of Insurance,excessOrUmbrellaLiability,Umbrella/Excess Liability,evidenceOfInsuranceExcessOrUmbrellaLiabilityOccurence,Coverage Trigger: Occurrence,,matchOnce,must be present,,Present,compliant,Block Requirements,,,false,1,,2026-08-16
"Block Real Estate Services, LLC",69fdf76e62446148bd8573d8,69fded1b62446148bd848f91,Medical Technology Associates Inc,69fdf03902bb2c42a87a13b8,"hig143 - High Tech Associates (Pine Ridge Building 20) {High Tech Associates, LLC}",evidenceOfInsurance,Evidence of Insurance,excessOrUmbrellaLiability,Umbrella/Excess Liability,evidenceOfInsuranceExcessOrUmbrellaLiabilityEachOccurrence,Each Occurrence,,matchOnce,must be greater or equal to,1000000,5000000,compliant,Block Requirements,,,false,1,,2026-08-16
"Block Real Estate Services, LLC",69fdf76e62446148bd8573d8,69fded1b62446148bd848f91,Medical Technology Associates Inc,69fdf03902bb2c42a87a13b8,"hig143 - High Tech Associates (Pine Ridge Building 20) {High Tech Associates, LLC}",evidenceOfInsurance,Evidence of Insurance,excessOrUmbrellaLiability,Umbrella/Excess Liability,evidenceOfInsuranceExcessOrUmbrellaLiabilityAggregate,Aggregate,,matchOnce,must be greater or equal to,1000000,5000000,compliant,Block Requirements,,,false,1,,2026-08-16
"Block Real Estate Services, LLC",69fdf76e62446148bd8573d8,69fded1b62446148bd848f91,Medical Technology Associates Inc,69fdf03902bb2c42a87a13b8,"hig143 - High Tech Associates (Pine Ridge Building 20) {High Tech Associates, LLC}",evidenceOfInsurance,Evidence of Insurance,workersCompensation,Workers' Compensation and Employer's Liability,evidenceOfInsuranceWorkersCompensationStatutoryLimits,Statutory Limits,,matchOnce,must be present,,Present,compliant,Block Requirements,,,false,1,,2026-08-16
"Block Real Estate Services, LLC",69fdf76e62446148bd8573d8,69fded1b62446148bd848f91,Medical Technology Associates Inc,69fdf03902bb2c42a87a13b8,"hig143 - High Tech Associates (Pine Ridge Building 20) {High Tech Associates, LLC}",evidenceOfInsurance,Evidence of Insurance,workersCompensation,Workers' Compensation and Employer's Liability,evidenceOfInsuranceWorkersCompensationEmployersLiabilityEachAccident,Employer's Liability Each Accident,,matchOnce,must be greater or equal to,500000,1000000,compliant,Block Requirements,,,false,1,,2026-08-16
"Block Real Estate Services, LLC",69fdf76e62446148bd8573d8,69fded1b62446148bd848f91,Medical Technology Associates Inc,69fdf03902bb2c42a87a13b8,"hig143 - High Tech Associates (Pine Ridge Building 20) {High Tech Associates, LLC}",evidenceOfInsurance,Evidence of Insurance,workersCompensation,Workers' Compensation and Employer's Liability,evidenceOfInsuranceWorkersCompensationEmployersLiabilityDiseaseEachEmployee,Employer's Liability Disease - each employee,,matchOnce,must be greater or equal to,500000,1000000,compliant,Block Requirements,,,false,1,,2026-08-16
"Block Real Estate Services, LLC",69fdf76e62446148bd8573d8,69fded1b62446148bd848f91,Medical Technology Associates Inc,69fdf03902bb2c42a87a13b8,"hig143 - High Tech Associates (Pine Ridge Building 20) {High Tech Associates, LLC}",evidenceOfInsurance,Evidence of Insurance,workersCompensation,Workers' Compensation and Employer's Liability,evidenceOfInsuranceWorkersCompensationEmployersLiabilityDiseasePolicyLimit,Employer's Liability Disease - policy limit,,matchOnce,must be greater or equal to,500000,1000000,compliant,Block Requirements,,,false,1,,2026-08-16
"Block Real Estate Services, LLC",69fdf76e62446148bd8573d8,69fded1b62446148bd848f91,Medical Technology Associates Inc,69fdf03902bb2c42a87a13b8,"hig143 - High Tech Associates (Pine Ridge Building 20) {High Tech Associates, LLC}",evidenceOfInsurance,Evidence of Insurance,workersCompensation,Workers' Compensation and Employer's Liability,evidenceOfInsuranceWorkersCompensationWaiverOfSubrogationEndorsement,Waiver of Subrogation,"---prompt---
Determine if the insurer has waived their right of subrogation in favor of the certificate holder under the Workers' Compensation policy. Evidence may include: a checked ""Waiver of Subrogation"" box on the certificate, mention in the Description of Operations section stating ""waiver of subrogation applies"", or reference to form WC 00 03 13. Look for language like ""subrogation is waived"" or ""per written contract"".",matchOnce,must be present,,Present,compliant,Block Requirements,,,false,1,,2026-08-16
"Block Real Estate Services, LLC",69fdf76e62446148bd8573d8,69fded1b62446148bd848f91,Medical Technology Associates Inc,69fdf03902bb2c42a87a13b8,"hig143 - High Tech Associates (Pine Ridge Building 20) {High Tech Associates, LLC}",evidenceOfInsurance,Evidence of Insurance,6ac20aae-5728-5d57-b364-aeba38527dba,Additional Requirements,4da5b0f1-4c9d-5885-8cf8-5d3cccaed3e0,"Block Real Estate Services, LLC and all others required by contract are named as Additional Insureds","---prompt---
Determine if the Description of Operations or the Additional Remarks Schedule section states the ""Additional Insured as Construction Management, Inc. and all others required by contract"" or reference to blanket additional insured coverage. Look for language like ""certificate holder is additional insured"" or ""per written contract"".",matchOnce,must be present,,Present,compliant,Block Requirements,,,true,1,,2026-08-16
"Block Real Estate Services, LLC",69fdf76e62446148bd8573d8,69fded1b62446148bd848f91,Medical Technology Associates Inc,69fdf03902bb2c42a87a13b8,"hig143 - High Tech Associates (Pine Ridge Building 20) {High Tech Associates, LLC}",evidenceOfInsurance,Evidence of Insurance,6ac20aae-5728-5d57-b364-aeba38527dba,Additional Requirements,e1017741-e47e-5f58-97b8-fbc3043e919f,Umbrella follows form over General Liability,"---prompt---
Determine if the Umbrella/Excess Liability policy follows form to the underlying policies. Evidence may include: language in the Description of Operations section stating the umbrella follows form to underlying coverages or an additional page endorsement stating that it follows form. Follow form means the umbrella policy adopts the same terms, conditions, and exclusions as the underlying policies.",matchOnce,must be present,,,non_compliant,Block Requirements,,,true,0,,2026-08-16
"Block Real Estate Services, LLC",69fdf76e62446148bd8573d8,69fded1b62446148bd848f91,Medical Technology Associates Inc,69fdf03902bb2c42a87a13b8,"hig143 - High Tech Associates (Pine Ridge Building 20) {High Tech Associates, LLC}",evidenceOfInsurance,Evidence of Insurance,6ac20aae-5728-5d57-b364-aeba38527dba,Additional Requirements,2cdd866f-c9a4-576a-afd8-1d045762790c,"The location must be listed as: 7929 Bond Street, Lenexa, KS, 66214",,matchOnce,must be present,,,non_compliant,Block Requirements,,,true,0,,2026-08-16
"Block Real Estate Services, LLC",69fdf76e62446148bd8573d8,69fded1b62446148bd848f91,Medical Technology Associates Inc,69fdf03902bb2c42a87a13b8,"hig143 - High Tech Associates (Pine Ridge Building 20) {High Tech Associates, LLC}",evidenceOfInsurance,Evidence of Insurance,6ac20aae-5728-5d57-b364-aeba38527dba,Additional Requirements,3649e9d1-4e09-59bf-8f30-cb33c40cf117,"Certificate Holder must read: c/o Block Real Estate Services, LLC, 4622 Pennsylvania St., Suite 700, Kansas City, MO, 64112",,matchOnce,must be present,,Present,compliant,Block Requirements,,,true,1,,2026-08-16
"Block Real Estate Services, LLC",69fdf76e62446148bd8573db,69fded2262446148bd8491ef,Test & Measurement Inc,69fdf03902bb2c42a87a13b8,"hig143 - High Tech Associates (Pine Ridge Building 20) {High Tech Associates, LLC}",evidenceOfInsurance,Evidence of Insurance,commercialGeneralLiability,Commercial General Liability,evidenceOfInsuranceCommercialGeneralLiabilityCoverageTriggerOccurrence,Coverage Trigger: Occurrence,,matchOnce,must be present,,Present,compliant,Block Requirements,,,false,1,,2026-08-16
"Block Real Estate Services, LLC",69fdf76e62446148bd8573db,69fded2262446148bd8491ef,Test & Measurement Inc,69fdf03902bb2c42a87a13b8,"hig143 - High Tech Associates (Pine Ridge Building 20) {High Tech Associates, LLC}",evidenceOfInsurance,Evidence of Insurance,commercialGeneralLiability,Commercial General Liability,evidenceOfInsuranceCommercialGeneralLiabilityGeneralAggregateLimitAppliesPerLocation,General Aggregate Limit Applies per: Location,,matchOnce,must be present,,Present,compliant,Block Requirements,,,false,1,,2026-08-16
"Block Real Estate Services, LLC",69fdf76e62446148bd8573db,69fded2262446148bd8491ef,Test & Measurement Inc,69fdf03902bb2c42a87a13b8,"hig143 - High Tech Associates (Pine Ridge Building 20) {High Tech Associates, LLC}",evidenceOfInsurance,Evidence of Insurance,commercialGeneralLiability,Commercial General Liability,evidenceOfInsuranceCommercialGeneralLiabilityEachOccurrence,Each Occurrence,,matchOnce,must be greater or equal to,1000000,1000000,compliant,Block Requirements,,,false,1,,2026-08-16
"Block Real Estate Services, LLC",69fdf76e62446148bd8573db,69fded2262446148bd8491ef,Test & Measurement Inc,69fdf03902bb2c42a87a13b8,"hig143 - High Tech Associates (Pine Ridge Building 20) {High Tech Associates, LLC}",evidenceOfInsurance,Evidence of Insurance,commercialGeneralLiability,Commercial General Liability,evidenceOfInsuranceCommercialGeneralLiabilityGeneralAggregate,General Aggregate,,matchOnce,must be greater or equal to,2000000,2000000,compliant,Block Requirements,,,false,1,,2026-08-16
"Block Real Estate Services, LLC",69fdf76e62446148bd8573db,69fded2262446148bd8491ef,Test & Measurement Inc,69fdf03902bb2c42a87a13b8,"hig143 - High Tech Associates (Pine Ridge Building 20) {High Tech Associates, LLC}",evidenceOfInsurance,Evidence of Insurance,commercialGeneralLiability,Commercial General Liability,evidenceOfInsuranceCommercialGeneralLiabilityWaiverOfSubrogationEndorsement,Waiver of Subrogation,"---prompt---
Determine if the insurer has waived their right of subrogation in favor of the certificate holder under the Commercial General Liability policy. Evidence may include: a checked ""Waiver of Subrogation"" box on the certificate, mention in the Description of Operations section stating ""waiver of subrogation applies"", or reference to form CG 24 04. Look for language like ""subrogation is waived"" or ""per written contract"".",matchOnce,must be present,,Present,compliant,Block Requirements,,,false,1,,2026-08-16
"Block Real Estate Services, LLC",69fdf76e62446148bd8573db,69fded2262446148bd8491ef,Test & Measurement Inc,69fdf03902bb2c42a87a13b8,"hig143 - High Tech Associates (Pine Ridge Building 20) {High Tech Associates, LLC}",evidenceOfInsurance,Evidence of Insurance,excessOrUmbrellaLiability,Umbrella/Excess Liability,evidenceOfInsuranceExcessOrUmbrellaLiabilityOccurence,Coverage Trigger: Occurrence,,matchOnce,must be present,,Present,compliant,Block Requirements,,,false,1,,2026-08-16
"Block Real Estate Services, LLC",69fdf76e62446148bd8573db,69fded2262446148bd8491ef,Test & Measurement Inc,69fdf03902bb2c42a87a13b8,"hig143 - High Tech Associates (Pine Ridge Building 20) {High Tech Associates, LLC}",evidenceOfInsurance,Evidence of Insurance,excessOrUmbrellaLiability,Umbrella/Excess Liability,evidenceOfInsuranceExcessOrUmbrellaLiabilityEachOccurrence,Each Occurrence,,matchOnce,must be greater or equal to,1000000,1000000,compliant,Block Requirements,,,false,1,,2026-08-16
"Block Real Estate Services, LLC",69fdf76e62446148bd8573db,69fded2262446148bd8491ef,Test & Measurement Inc,69fdf03902bb2c42a87a13b8,"hig143 - High Tech Associates (Pine Ridge Building 20) {High Tech Associates, LLC}",evidenceOfInsurance,Evidence of Insurance,excessOrUmbrellaLiability,Umbrella/Excess Liability,evidenceOfInsuranceExcessOrUmbrellaLiabilityAggregate,Aggregate,,matchOnce,must be greater or equal to,1000000,1000000,compliant,Block Requirements,,,false,1,,2026-08-16
"Block Real Estate Services, LLC",69fdf76e62446148bd8573db,69fded2262446148bd8491ef,Test & Measurement Inc,69fdf03902bb2c42a87a13b8,"hig143 - High Tech Associates (Pine Ridge Building 20) {High Tech Associates, LLC}",evidenceOfInsurance,Evidence of Insurance,workersCompensation,Workers' Compensation and Employer's Liability,evidenceOfInsuranceWorkersCompensationStatutoryLimits,Statutory Limits,,matchOnce,must be present,,Present,compliant,Block Requirements,,,false,1,,2026-08-16
"Block Real Estate Services, LLC",69fdf76e62446148bd8573db,69fded2262446148bd8491ef,Test & Measurement Inc,69fdf03902bb2c42a87a13b8,"hig143 - High Tech Associates (Pine Ridge Building 20) {High Tech Associates, LLC}",evidenceOfInsurance,Evidence of Insurance,workersCompensation,Workers' Compensation and Employer's Liability,evidenceOfInsuranceWorkersCompensationEmployersLiabilityEachAccident,Employer's Liability Each Accident,,matchOnce,must be greater or equal to,500000,1000000,compliant,Block Requirements,,,false,1,,2026-08-16
"Block Real Estate Services, LLC",69fdf76e62446148bd8573db,69fded2262446148bd8491ef,Test & Measurement Inc,69fdf03902bb2c42a87a13b8,"hig143 - High Tech Associates (Pine Ridge Building 20) {High Tech Associates, LLC}",evidenceOfInsurance,Evidence of Insurance,workersCompensation,Workers' Compensation and Employer's Liability,evidenceOfInsuranceWorkersCompensationEmployersLiabilityDiseaseEachEmployee,Employer's Liability Disease - each employee,,matchOnce,must be greater or equal to,500000,1000000,compliant,Block Requirements,,,false,1,,2026-08-16
"Block Real Estate Services, LLC",69fdf76e62446148bd8573db,69fded2262446148bd8491ef,Test & Measurement Inc,69fdf03902bb2c42a87a13b8,"hig143 - High Tech Associates (Pine Ridge Building 20) {High Tech Associates, LLC}",evidenceOfInsurance,Evidence of Insurance,workersCompensation,Workers' Compensation and Employer's Liability,evidenceOfInsuranceWorkersCompensationEmployersLiabilityDiseasePolicyLimit,Employer's Liability Disease - policy limit,,matchOnce,must be greater or equal to,500000,1000000,compliant,Block Requirements,,,false,1,,2026-08-16
"Block Real Estate Services, LLC",69fdf76e62446148bd8573db,69fded2262446148bd8491ef,Test & Measurement Inc,69fdf03902bb2c42a87a13b8,"hig143 - High Tech Associates (Pine Ridge Building 20) {High Tech Associates, LLC}",evidenceOfInsurance,Evidence of Insurance,workersCompensation,Workers' Compensation and Employer's Liability,evidenceOfInsuranceWorkersCompensationWaiverOfSubrogationEndorsement,Waiver of Subrogation,"---prompt---
Determine if the insurer has waived their right of subrogation in favor of the certificate holder under the Workers' Compensation policy. Evidence may include: a checked ""Waiver of Subrogation"" box on the certificate, mention in the Description of Operations section stating ""waiver of subrogation applies"", or reference to form WC 00 03 13. Look for language like ""subrogation is waived"" or ""per written contract"".",matchOnce,must be present,,Present,compliant,Block Requirements,,,false,1,,2026-08-16
"Block Real Estate Services, LLC",69fdf76e62446148bd8573db,69fded2262446148bd8491ef,Test & Measurement Inc,69fdf03902bb2c42a87a13b8,"hig143 - High Tech Associates (Pine Ridge Building 20) {High Tech Associates, LLC}",evidenceOfInsurance,Evidence of Insurance,6ac20aae-5728-5d57-b364-aeba38527dba,Additional Requirements,4da5b0f1-4c9d-5885-8cf8-5d3cccaed3e0,"Block Real Estate Services, LLC and all others required by contract are named as Additional Insureds","---prompt---
Determine if the Description of Operations or the Additional Remarks Schedule section states the ""Additional Insured as Construction Management, Inc. and all others required by contract"" or reference to blanket additional insured coverage. Look for language like ""certificate holder is additional insured"" or ""per written contract"".",matchOnce,must be present,,Present,compliant,Block Requirements,,,true,1,,2026-08-16
"Block Real Estate Services, LLC",69fdf76e62446148bd8573db,69fded2262446148bd8491ef,Test & Measurement Inc,69fdf03902bb2c42a87a13b8,"hig143 - High Tech Associates (Pine Ridge Building 20) {High Tech Associates, LLC}",evidenceOfInsurance,Evidence of Insurance,6ac20aae-5728-5d57-b364-aeba38527dba,Additional Requirements,e1017741-e47e-5f58-97b8-fbc3043e919f,Umbrella follows form over General Liability,"---prompt---
Determine if the Umbrella/Excess Liability policy follows form to the underlying policies. Evidence may include: language in the Description of Operations section stating the umbrella follows form to underlying coverages or an additional page endorsement stating that it follows form. Follow form means the umbrella policy adopts the same terms, conditions, and exclusions as the underlying policies.",matchOnce,must be present,,Present,compliant,Block Requirements,,,true,1,,2026-08-16
"Block Real Estate Services, LLC",69fdf76e62446148bd8573db,69fded2262446148bd8491ef,Test & Measurement Inc,69fdf03902bb2c42a87a13b8,"hig143 - High Tech Associates (Pine Ridge Building 20) {High Tech Associates, LLC}",evidenceOfInsurance,Evidence of Insurance,6ac20aae-5728-5d57-b364-aeba38527dba,Additional Requirements,2cdd866f-c9a4-576a-afd8-1d045762790c,"The location must be listed as: 7931 Bond Street, Lenexa, KS, 66214",,matchOnce,must be present,,Present,compliant,Block Requirements,,,true,1,,2026-08-16
"Block Real Estate Services, LLC",69fdf76e62446148bd8573db,69fded2262446148bd8491ef,Test & Measurement Inc,69fdf03902bb2c42a87a13b8,"hig143 - High Tech Associates (Pine Ridge Building 20) {High Tech Associates, LLC}",evidenceOfInsurance,Evidence of Insurance,6ac20aae-5728-5d57-b364-aeba38527dba,Additional Requirements,3649e9d1-4e09-59bf-8f30-cb33c40cf117,"Certificate Holder must read: c/o Block Real Estate Services, LLC, 4622 Pennsylvania St., Suite 700, Kansas City, MO, 64112",,matchOnce,must be present,,Present,compliant,Block Requirements,,,true,1,,2026-08-16
"Block Real Estate Services, LLC",69fdf76e62446148bd8573d9,69fded1d62446148bd849042,"Oz Accommodations, Inc.",69fdf03902bb2c42a87a13b8,"hig143 - High Tech Associates (Pine Ridge Building 20) {High Tech Associates, LLC}",evidenceOfInsurance,Evidence of Insurance,commercialGeneralLiability,Commercial General Liability,evidenceOfInsuranceCommercialGeneralLiabilityCoverageTriggerOccurrence,Coverage Trigger: Occurrence,,matchOnce,must be present,,Present,compliant,Block Requirements,,,false,1,,2026-08-16
"Block Real Estate Services, LLC",69fdf76e62446148bd8573d9,69fded1d62446148bd849042,"Oz Accommodations, Inc.",69fdf03902bb2c42a87a13b8,"hig143 - High Tech Associates (Pine Ridge Building 20) {High Tech Associates, LLC}",evidenceOfInsurance,Evidence of Insurance,commercialGeneralLiability,Commercial General Liability,evidenceOfInsuranceCommercialGeneralLiabilityGeneralAggregateLimitAppliesPerLocation,General Aggregate Limit Applies per: Location,,matchOnce,must be present,,Present,compliant,Block Requirements,,,false,1,,2026-08-16
"Block Real Estate Services, LLC",69fdf76e62446148bd8573d9,69fded1d62446148bd849042,"Oz Accommodations, Inc.",69fdf03902bb2c42a87a13b8,"hig143 - High Tech Associates (Pine Ridge Building 20) {High Tech Associates, LLC}",evidenceOfInsurance,Evidence of Insurance,commercialGeneralLiability,Commercial General Liability,evidenceOfInsuranceCommercialGeneralLiabilityEachOccurrence,Each Occurrence,,matchOnce,must be greater or equal to,1000000,1000000,compliant,Block Requirements,,,false,1,,2026-08-16
"Block Real Estate Services, LLC",69fdf76e62446148bd8573d9,69fded1d62446148bd849042,"Oz Accommodations, Inc.",69fdf03902bb2c42a87a13b8,"hig143 - High Tech Associates (Pine Ridge Building 20) {High Tech Associates, LLC}",evidenceOfInsurance,Evidence of Insurance,commercialGeneralLiability,Commercial General Liability,evidenceOfInsuranceCommercialGeneralLiabilityGeneralAggregate,General Aggregate,,matchOnce,must be greater or equal to,2000000,2000000,compliant,Block Requirements,,,false,1,,2026-08-16
"Block Real Estate Services, LLC",69fdf76e62446148bd8573d9,69fded1d62446148bd849042,"Oz Accommodations, Inc.",69fdf03902bb2c42a87a13b8,"hig143 - High Tech Associates (Pine Ridge Building 20) {High Tech Associates, LLC}",evidenceOfInsurance,Evidence of Insurance,commercialGeneralLiability,Commercial General Liability,evidenceOfInsuranceCommercialGeneralLiabilityWaiverOfSubrogationEndorsement,Waiver of Subrogation,"---prompt---
Determine if the insurer has waived their right of subrogation in favor of the certificate holder under the Commercial General Liability policy. Evidence may include: a checked ""Waiver of Subrogation"" box on the certificate, mention in the Description of Operations section stating ""waiver of subrogation applies"", or reference to form CG 24 04. Look for language like ""subrogation is waived"" or ""per written contract"".",matchOnce,must be present,,,non_compliant,Block Requirements,,,false,0,,2026-08-16
"Block Real Estate Services, LLC",69fdf76e62446148bd8573d9,69fded1d62446148bd849042,"Oz Accommodations, Inc.",69fdf03902bb2c42a87a13b8,"hig143 - High Tech Associates (Pine Ridge Building 20) {High Tech Associates, LLC}",evidenceOfInsurance,Evidence of Insurance,excessOrUmbrellaLiability,Umbrella/Excess Liability,evidenceOfInsuranceExcessOrUmbrellaLiabilityOccurence,Coverage Trigger: Occurrence,,matchOnce,must be present,,Present,compliant,Block Requirements,,,false,1,,2026-08-16
"Block Real Estate Services, LLC",69fdf76e62446148bd8573d9,69fded1d62446148bd849042,"Oz Accommodations, Inc.",69fdf03902bb2c42a87a13b8,"hig143 - High Tech Associates (Pine Ridge Building 20) {High Tech Associates, LLC}",evidenceOfInsurance,Evidence of Insurance,excessOrUmbrellaLiability,Umbrella/Excess Liability,evidenceOfInsuranceExcessOrUmbrellaLiabilityEachOccurrence,Each Occurrence,,matchOnce,must be greater or equal to,1000000,1000000,compliant,Block Requirements,,,false,1,,2026-08-16
"Block Real Estate Services, LLC",69fdf76e62446148bd8573d9,69fded1d62446148bd849042,"Oz Accommodations, Inc.",69fdf03902bb2c42a87a13b8,"hig143 - High Tech Associates (Pine Ridge Building 20) {High Tech Associates, LLC}",evidenceOfInsurance,Evidence of Insurance,excessOrUmbrellaLiability,Umbrella/Excess Liability,evidenceOfInsuranceExcessOrUmbrellaLiabilityAggregate,Aggregate,,matchOnce,must be greater or equal to,1000000,1000000,compliant,Block Requirements,,,false,1,,2026-08-16
"Block Real Estate Services, LLC",69fdf76e62446148bd8573d9,69fded1d62446148bd849042,"Oz Accommodations, Inc.",69fdf03902bb2c42a87a13b8,"hig143 - High Tech Associates (Pine Ridge Building 20) {High Tech Associates, LLC}",evidenceOfInsurance,Evidence of Insurance,workersCompensation,Workers' Compensation and Employer's Liability,evidenceOfInsuranceWorkersCompensationStatutoryLimits,Statutory Limits,,matchOnce,must be present,,Present,compliant,Block Requirements,,,false,1,,2026-08-16
"Block Real Estate Services, LLC",69fdf76e62446148bd8573d9,69fded1d62446148bd849042,"Oz Accommodations, Inc.",69fdf03902bb2c42a87a13b8,"hig143 - High Tech Associates (Pine Ridge Building 20) {High Tech Associates, LLC}",evidenceOfInsurance,Evidence of Insurance,workersCompensation,Workers' Compensation and Employer's Liability,evidenceOfInsuranceWorkersCompensationEmployersLiabilityEachAccident,Employer's Liability Each Accident,,matchOnce,must be greater or equal to,500000,500000,compliant,Block Requirements,,,false,1,,2026-08-16
"Block Real Estate Services, LLC",69fdf76e62446148bd8573d9,69fded1d62446148bd849042,"Oz Accommodations, Inc.",69fdf03902bb2c42a87a13b8,"hig143 - High Tech Associates (Pine Ridge Building 20) {High Tech Associates, LLC}",evidenceOfInsurance,Evidence of Insurance,workersCompensation,Workers' Compensation and Employer's Liability,evidenceOfInsuranceWorkersCompensationEmployersLiabilityDiseaseEachEmployee,Employer's Liability Disease - each employee,,matchOnce,must be greater or equal to,500000,500000,compliant,Block Requirements,,,false,1,,2026-08-16
"Block Real Estate Services, LLC",69fdf76e62446148bd8573d9,69fded1d62446148bd849042,"Oz Accommodations, Inc.",69fdf03902bb2c42a87a13b8,"hig143 - High Tech Associates (Pine Ridge Building 20) {High Tech Associates, LLC}",evidenceOfInsurance,Evidence of Insurance,workersCompensation,Workers' Compensation and Employer's Liability,evidenceOfInsuranceWorkersCompensationEmployersLiabilityDiseasePolicyLimit,Employer's Liability Disease - policy limit,,matchOnce,must be greater or equal to,500000,500000,compliant,Block Requirements,,,false,1,,2026-08-16
"Block Real Estate Services, LLC",69fdf76e62446148bd8573d9,69fded1d62446148bd849042,"Oz Accommodations, Inc.",69fdf03902bb2c42a87a13b8,"hig143 - High Tech Associates (Pine Ridge Building 20) {High Tech Associates, LLC}",evidenceOfInsurance,Evidence of Insurance,workersCompensation,Workers' Compensation and Employer's Liability,evidenceOfInsuranceWorkersCompensationWaiverOfSubrogationEndorsement,Waiver of Subrogation,"---prompt---
Determine if the insurer has waived their right of subrogation in favor of the certificate holder under the Workers' Compensation policy. Evidence may include: a checked ""Waiver of Subrogation"" box on the certificate, mention in the Description of Operations section stating ""waiver of subrogation applies"", or reference to form WC 00 03 13. Look for language like ""subrogation is waived"" or ""per written contract"".",matchOnce,must be present,,,non_compliant,Block Requirements,,,false,0,,2026-08-16
"Block Real Estate Services, LLC",69fdf76e62446148bd8573d9,69fded1d62446148bd849042,"Oz Accommodations, Inc.",69fdf03902bb2c42a87a13b8,"hig143 - High Tech Associates (Pine Ridge Building 20) {High Tech Associates, LLC}",evidenceOfInsurance,Evidence of Insurance,6ac20aae-5728-5d57-b364-aeba38527dba,Additional Requirements,4da5b0f1-4c9d-5885-8cf8-5d3cccaed3e0,"Block Real Estate Services, LLC and all others required by contract are named as Additional Insureds","---prompt---
Determine if the Description of Operations or the Additional Remarks Schedule section states the ""Additional Insured as Construction Management, Inc. and all others required by contract"" or reference to blanket additional insured coverage. Look for language like ""certificate holder is additional insured"" or ""per written contract"".",matchOnce,must be present,,Present,compliant,Block Requirements,,,true,1,,2026-08-16
"Block Real Estate Services, LLC",69fdf76e62446148bd8573d9,69fded1d62446148bd849042,"Oz Accommodations, Inc.",69fdf03902bb2c42a87a13b8,"hig143 - High Tech Associates (Pine Ridge Building 20) {High Tech Associates, LLC}",evidenceOfInsurance,Evidence of Insurance,6ac20aae-5728-5d57-b364-aeba38527dba,Additional Requirements,e1017741-e47e-5f58-97b8-fbc3043e919f,Umbrella follows form over General Liability,"---prompt---
Determine if the Umbrella/Excess Liability policy follows form to the underlying policies. Evidence may include: language in the Description of Operations section stating the umbrella follows form to underlying coverages or an additional page endorsement stating that it follows form. Follow form means the umbrella policy adopts the same terms, conditions, and exclusions as the underlying policies.",matchOnce,must be present,,Present,compliant,Block Requirements,,,true,1,,2026-08-16
"Block Real Estate Services, LLC",69fdf76e62446148bd8573d9,69fded1d62446148bd849042,"Oz Accommodations, Inc.",69fdf03902bb2c42a87a13b8,"hig143 - High Tech Associates (Pine Ridge Building 20) {High Tech Associates, LLC}",evidenceOfInsurance,Evidence of Insurance,6ac20aae-5728-5d57-b364-aeba38527dba,Additional Requirements,2cdd866f-c9a4-576a-afd8-1d045762790c,"The location must be listed as: 7925 Bond Street, Lenexa, KS, 66214",,matchOnce,must be present,,Present,compliant,Block Requirements,,,true,1,,2026-08-16
"Block Real Estate Services, LLC",69fdf76e62446148bd8573d9,69fded1d62446148bd849042,"Oz Accommodations, Inc.",69fdf03902bb2c42a87a13b8,"hig143 - High Tech Associates (Pine Ridge Building 20) {High Tech Associates, LLC}",evidenceOfInsurance,Evidence of Insurance,6ac20aae-5728-5d57-b364-aeba38527dba,Additional Requirements,3649e9d1-4e09-59bf-8f30-cb33c40cf117,"Certificate Holder must read: c/o Block Real Estate Services, LLC, 4622 Pennsylvania St., Suite 700, Kansas City, MO, 64112",,matchOnce,must be present,,Present,compliant,Block Requirements,,,true,1,,2026-08-16
"Block Real Estate Services, LLC",69fdf76e62446148bd8573da,69fded1e62446148bd8490ba,Professional Toxicology Services Inc,69fdf03902bb2c42a87a13b8,"hig143 - High Tech Associates (Pine Ridge Building 20) {High Tech Associates, LLC}",evidenceOfInsurance,Evidence of Insurance,commercialGeneralLiability,Commercial General Liability,evidenceOfInsuranceCommercialGeneralLiabilityCoverageTriggerOccurrence,Coverage Trigger: Occurrence,,matchOnce,must be present,,Present,compliant,Block Requirements,,,false,1,,2026-08-16
"Block Real Estate Services, LLC",69fdf76e62446148bd8573da,69fded1e62446148bd8490ba,Professional Toxicology Services Inc,69fdf03902bb2c42a87a13b8,"hig143 - High Tech Associates (Pine Ridge Building 20) {High Tech Associates, LLC}",evidenceOfInsurance,Evidence of Insurance,commercialGeneralLiability,Commercial General Liability,evidenceOfInsuranceCommercialGeneralLiabilityGeneralAggregateLimitAppliesPerLocation,General Aggregate Limit Applies per: Location,,matchOnce,must be present,,Present,compliant,Block Requirements,,,false,1,,2026-08-16
"Block Real Estate Services, LLC",69fdf76e62446148bd8573da,69fded1e62446148bd8490ba,Professional Toxicology Services Inc,69fdf03902bb2c42a87a13b8,"hig143 - High Tech Associates (Pine Ridge Building 20) {High Tech Associates, LLC}",evidenceOfInsurance,Evidence of Insurance,commercialGeneralLiability,Commercial General Liability,evidenceOfInsuranceCommercialGeneralLiabilityEachOccurrence,Each Occurrence,,matchOnce,must be greater or equal to,1000000,2000000,compliant,Block Requirements,,,false,1,,2026-08-16
"Block Real Estate Services, LLC",69fdf76e62446148bd8573da,69fded1e62446148bd8490ba,Professional Toxicology Services Inc,69fdf03902bb2c42a87a13b8,"hig143 - High Tech Associates (Pine Ridge Building 20) {High Tech Associates, LLC}",evidenceOfInsurance,Evidence of Insurance,commercialGeneralLiability,Commercial General Liability,evidenceOfInsuranceCommercialGeneralLiabilityGeneralAggregate,General Aggregate,,matchOnce,must be greater or equal to,2000000,4000000,compliant,Block Requirements,,,false,1,,2026-08-16
"Block Real Estate Services, LLC",69fdf76e62446148bd8573da,69fded1e62446148bd8490ba,Professional Toxicology Services Inc,69fdf03902bb2c42a87a13b8,"hig143 - High Tech Associates (Pine Ridge Building 20) {High Tech Associates, LLC}",evidenceOfInsurance,Evidence of Insurance,commercialGeneralLiability,Commercial General Liability,evidenceOfInsuranceCommercialGeneralLiabilityWaiverOfSubrogationEndorsement,Waiver of Subrogation,"---prompt---
Determine if the insurer has waived their right of subrogation in favor of the certificate holder under the Commercial General Liability policy. Evidence may include: a checked ""Waiver of Subrogation"" box on the certificate, mention in the Description of Operations section stating ""waiver of subrogation applies"", or reference to form CG 24 04. Look for language like ""subrogation is waived"" or ""per written contract"".",matchOnce,must be present,,Present,compliant,Block Requirements,,,false,1,,2026-08-16
"Block Real Estate Services, LLC",69fdf76e62446148bd8573da,69fded1e62446148bd8490ba,Professional Toxicology Services Inc,69fdf03902bb2c42a87a13b8,"hig143 - High Tech Associates (Pine Ridge Building 20) {High Tech Associates, LLC}",evidenceOfInsurance,Evidence of Insurance,excessOrUmbrellaLiability,Umbrella/Excess Liability,evidenceOfInsuranceExcessOrUmbrellaLiabilityOccurence,Coverage Trigger: Occurrence,,matchOnce,must be present,,,overridden,Block Requirements,,,false,0,,2026-08-16
"Block Real Estate Services, LLC",69fdf76e62446148bd8573da,69fded1e62446148bd8490ba,Professional Toxicology Services Inc,69fdf03902bb2c42a87a13b8,"hig143 - High Tech Associates (Pine Ridge Building 20) {High Tech Associates, LLC}",evidenceOfInsurance,Evidence of Insurance,excessOrUmbrellaLiability,Umbrella/Excess Liability,evidenceOfInsuranceExcessOrUmbrellaLiabilityEachOccurrence,Each Occurrence,,matchOnce,must be greater or equal to,1000000,,overridden,Block Requirements,,,false,0,,2026-08-16
"Block Real Estate Services, LLC",69fdf76e62446148bd8573da,69fded1e62446148bd8490ba,Professional Toxicology Services Inc,69fdf03902bb2c42a87a13b8,"hig143 - High Tech Associates (Pine Ridge Building 20) {High Tech Associates, LLC}",evidenceOfInsurance,Evidence of Insurance,excessOrUmbrellaLiability,Umbrella/Excess Liability,evidenceOfInsuranceExcessOrUmbrellaLiabilityAggregate,Aggregate,,matchOnce,must be greater or equal to,1000000,,overridden,Block Requirements,,,false,0,,2026-08-16
"Block Real Estate Services, LLC",69fdf76e62446148bd8573da,69fded1e62446148bd8490ba,Professional Toxicology Services Inc,69fdf03902bb2c42a87a13b8,"hig143 - High Tech Associates (Pine Ridge Building 20) {High Tech Associates, LLC}",evidenceOfInsurance,Evidence of Insurance,workersCompensation,Workers' Compensation and Employer's Liability,evidenceOfInsuranceWorkersCompensationStatutoryLimits,Statutory Limits,,matchOnce,must be present,,Present,compliant,Block Requirements,,,false,1,,2026-08-16
"Block Real Estate Services, LLC",69fdf76e62446148bd8573da,69fded1e62446148bd8490ba,Professional Toxicology Services Inc,69fdf03902bb2c42a87a13b8,"hig143 - High Tech Associates (Pine Ridge Building 20) {High Tech Associates, LLC}",evidenceOfInsurance,Evidence of Insurance,workersCompensation,Workers' Compensation and Employer's Liability,evidenceOfInsuranceWorkersCompensationEmployersLiabilityEachAccident,Employer's Liability Each Accident,,matchOnce,must be greater or equal to,500000,1000000,compliant,Block Requirements,,,false,1,,2026-08-16
"Block Real Estate Services, LLC",69fdf76e62446148bd8573da,69fded1e62446148bd8490ba,Professional Toxicology Services Inc,69fdf03902bb2c42a87a13b8,"hig143 - High Tech Associates (Pine Ridge Building 20) {High Tech Associates, LLC}",evidenceOfInsurance,Evidence of Insurance,workersCompensation,Workers' Compensation and Employer's Liability,evidenceOfInsuranceWorkersCompensationEmployersLiabilityDiseaseEachEmployee,Employer's Liability Disease - each employee,,matchOnce,must be greater or equal to,500000,1000000,compliant,Block Requirements,,,false,1,,2026-08-16
"Block Real Estate Services, LLC",69fdf76e62446148bd8573da,69fded1e62446148bd8490ba,Professional Toxicology Services Inc,69fdf03902bb2c42a87a13b8,"hig143 - High Tech Associates (Pine Ridge Building 20) {High Tech Associates, LLC}",evidenceOfInsurance,Evidence of Insurance,workersCompensation,Workers' Compensation and Employer's Liability,evidenceOfInsuranceWorkersCompensationEmployersLiabilityDiseasePolicyLimit,Employer's Liability Disease - policy limit,,matchOnce,must be greater or equal to,500000,1000000,compliant,Block Requirements,,,false,1,,2026-08-16
"Block Real Estate Services, LLC",69fdf76e62446148bd8573da,69fded1e62446148bd8490ba,Professional Toxicology Services Inc,69fdf03902bb2c42a87a13b8,"hig143 - High Tech Associates (Pine Ridge Building 20) {High Tech Associates, LLC}",evidenceOfInsurance,Evidence of Insurance,workersCompensation,Workers' Compensation and Employer's Liability,evidenceOfInsuranceWorkersCompensationWaiverOfSubrogationEndorsement,Waiver of Subrogation,"---prompt---
Determine if the insurer has waived their right of subrogation in favor of the certificate holder under the Workers' Compensation policy. Evidence may include: a checked ""Waiver of Subrogation"" box on the certificate, mention in the Description of Operations section stating ""waiver of subrogation applies"", or reference to form WC 00 03 13. Look for language like ""subrogation is waived"" or ""per written contract"".",matchOnce,must be present,,Present,compliant,Block Requirements,,,false,1,,2026-08-16
"Block Real Estate Services, LLC",69fdf76e62446148bd8573da,69fded1e62446148bd8490ba,Professional Toxicology Services Inc,69fdf03902bb2c42a87a13b8,"hig143 - High Tech Associates (Pine Ridge Building 20) {High Tech Associates, LLC}",evidenceOfInsurance,Evidence of Insurance,6ac20aae-5728-5d57-b364-aeba38527dba,Additional Requirements,4da5b0f1-4c9d-5885-8cf8-5d3cccaed3e0,"Block Real Estate Services, LLC and all others required by contract are named as Additional Insureds","---prompt---
Determine if the Description of Operations or the Additional Remarks Schedule section states the ""Additional Insured as Construction Management, Inc. and all others required by contract"" or reference to blanket additional insured coverage. Look for language like ""certificate holder is additional insured"" or ""per written contract"".",matchOnce,must be present,,Present,compliant,Block Requirements,,,true,1,,2026-08-16
"Block Real Estate Services, LLC",69fdf76e62446148bd8573da,69fded1e62446148bd8490ba,Professional Toxicology Services Inc,69fdf03902bb2c42a87a13b8,"hig143 - High Tech Associates (Pine Ridge Building 20) {High Tech Associates, LLC}",evidenceOfInsurance,Evidence of Insurance,6ac20aae-5728-5d57-b364-aeba38527dba,Additional Requirements,e1017741-e47e-5f58-97b8-fbc3043e919f,Umbrella follows form over General Liability,"---prompt---
Determine if the Umbrella/Excess Liability policy follows form to the underlying policies. Evidence may include: language in the Description of Operations section stating the umbrella follows form to underlying coverages or an additional page endorsement stating that it follows form. Follow form means the umbrella policy adopts the same terms, conditions, and exclusions as the underlying policies.",matchOnce,must be present,,,overridden,Block Requirements,Umbrella requirement waived,,true,0,2027-01-01,2026-08-16
"Block Real Estate Services, LLC",69fdf76e62446148bd8573da,69fded1e62446148bd8490ba,Professional Toxicology Services Inc,69fdf03902bb2c42a87a13b8,"hig143 - High Tech Associates (Pine Ridge Building 20) {High Tech Associates, LLC}",evidenceOfInsurance,Evidence of Insurance,6ac20aae-5728-5d57-b364-aeba38527dba,Additional Requirements,2cdd866f-c9a4-576a-afd8-1d045762790c,"The location must be listed as: 7915 Bond Street, Lenexa, KS, 66214",,matchOnce,must be present,,Present,compliant,Block Requirements,,,true,2,,2026-08-16
"Block Real Estate Services, LLC",69fdf76e62446148bd8573da,69fded1e62446148bd8490ba,Professional Toxicology Services Inc,69fdf03902bb2c42a87a13b8,"hig143 - High Tech Associates (Pine Ridge Building 20) {High Tech Associates, LLC}",evidenceOfInsurance,Evidence of Insurance,6ac20aae-5728-5d57-b364-aeba38527dba,Additional Requirements,3649e9d1-4e09-59bf-8f30-cb33c40cf117,"Certificate Holder must read: c/o Block Real Estate Services, LLC, 4622 Pennsylvania St., Suite 700, Kansas City, MO, 64112",,matchOnce,must be present,,Present,compliant,Block Requirements,,,true,1,,2026-08-16
"Block Real Estate Services, LLC",6a1864b0907a70f1cb158d91,69fded1762446148bd848e59,Hensley Electric Inc,69fdf03902bb2c42a87a13b8,"hig143 - High Tech Associates (Pine Ridge Building 20) {High Tech Associates, LLC}",evidenceOfInsurance,Evidence of Insurance,commercialGeneralLiability,Commercial General Liability,evidenceOfInsuranceCommercialGeneralLiabilityCoverageTriggerOccurrence,Coverage Trigger: Occurrence,,matchOnce,must be present,,Present,compliant,Block Requirements,,,false,2,,2026-08-16
"Block Real Estate Services, LLC",6a1864b0907a70f1cb158d91,69fded1762446148bd848e59,Hensley Electric Inc,69fdf03902bb2c42a87a13b8,"hig143 - High Tech Associates (Pine Ridge Building 20) {High Tech Associates, LLC}",evidenceOfInsurance,Evidence of Insurance,commercialGeneralLiability,Commercial General Liability,evidenceOfInsuranceCommercialGeneralLiabilityGeneralAggregateLimitAppliesPerLocation,General Aggregate Limit Applies per: Location,,matchOnce,must be present,,Present,compliant,Block Requirements,,,false,2,,2026-08-16
"Block Real Estate Services, LLC",6a1864b0907a70f1cb158d91,69fded1762446148bd848e59,Hensley Electric Inc,69fdf03902bb2c42a87a13b8,"hig143 - High Tech Associates (Pine Ridge Building 20) {High Tech Associates, LLC}",evidenceOfInsurance,Evidence of Insurance,commercialGeneralLiability,Commercial General Liability,evidenceOfInsuranceCommercialGeneralLiabilityEachOccurrence,Each Occurrence,,matchOnce,must be greater or equal to,1000000,1000000,compliant,Block Requirements,,,false,2,,2026-08-16
"Block Real Estate Services, LLC",6a1864b0907a70f1cb158d91,69fded1762446148bd848e59,Hensley Electric Inc,69fdf03902bb2c42a87a13b8,"hig143 - High Tech Associates (Pine Ridge Building 20) {High Tech Associates, LLC}",evidenceOfInsurance,Evidence of Insurance,commercialGeneralLiability,Commercial General Liability,evidenceOfInsuranceCommercialGeneralLiabilityGeneralAggregate,General Aggregate,,matchOnce,must be greater or equal to,2000000,2000000,compliant,Block Requirements,,,false,2,,2026-08-16
"Block Real Estate Services, LLC",6a1864b0907a70f1cb158d91,69fded1762446148bd848e59,Hensley Electric Inc,69fdf03902bb2c42a87a13b8,"hig143 - High Tech Associates (Pine Ridge Building 20) {High Tech Associates, LLC}",evidenceOfInsurance,Evidence of Insurance,commercialGeneralLiability,Commercial General Liability,evidenceOfInsuranceCommercialGeneralLiabilityWaiverOfSubrogationEndorsement,Waiver of Subrogation,"---prompt---
Determine if the insurer has waived their right of subrogation in favor of the certificate holder under the Commercial General Liability policy. Evidence may include: a checked ""Waiver of Subrogation"" box on the certificate, mention in the Description of Operations section stating ""waiver of subrogation applies"", or reference to form CG 24 04. Look for language like ""subrogation is waived"" or ""per written contract"".",matchOnce,must be present,,Present,compliant,Block Requirements,,,false,2,,2026-08-16
"Block Real Estate Services, LLC",6a1864b0907a70f1cb158d91,69fded1762446148bd848e59,Hensley Electric Inc,69fdf03902bb2c42a87a13b8,"hig143 - High Tech Associates (Pine Ridge Building 20) {High Tech Associates, LLC}",evidenceOfInsurance,Evidence of Insurance,excessOrUmbrellaLiability,Umbrella/Excess Liability,evidenceOfInsuranceExcessOrUmbrellaLiabilityOccurence,Coverage Trigger: Occurrence,,matchOnce,must be present,,Present,compliant,Block Requirements,,,false,2,,2026-08-16
"Block Real Estate Services, LLC",6a1864b0907a70f1cb158d91,69fded1762446148bd848e59,Hensley Electric Inc,69fdf03902bb2c42a87a13b8,"hig143 - High Tech Associates (Pine Ridge Building 20) {High Tech Associates, LLC}",evidenceOfInsurance,Evidence of Insurance,excessOrUmbrellaLiability,Umbrella/Excess Liability,evidenceOfInsuranceExcessOrUmbrellaLiabilityEachOccurrence,Each Occurrence,,matchOnce,must be greater or equal to,1000000,4000000,compliant,Block Requirements,,,false,2,,2026-08-16
"Block Real Estate Services, LLC",6a1864b0907a70f1cb158d91,69fded1762446148bd848e59,Hensley Electric Inc,69fdf03902bb2c42a87a13b8,"hig143 - High Tech Associates (Pine Ridge Building 20) {High Tech Associates, LLC}",evidenceOfInsurance,Evidence of Insurance,excessOrUmbrellaLiability,Umbrella/Excess Liability,evidenceOfInsuranceExcessOrUmbrellaLiabilityAggregate,Aggregate,,matchOnce,must be greater or equal to,1000000,4000000,compliant,Block Requirements,,,false,2,,2026-08-16
"Block Real Estate Services, LLC",6a1864b0907a70f1cb158d91,69fded1762446148bd848e59,Hensley Electric Inc,69fdf03902bb2c42a87a13b8,"hig143 - High Tech Associates (Pine Ridge Building 20) {High Tech Associates, LLC}",evidenceOfInsurance,Evidence of Insurance,workersCompensation,Workers' Compensation and Employer's Liability,evidenceOfInsuranceWorkersCompensationStatutoryLimits,Statutory Limits,,matchOnce,must be present,,Present,compliant,Block Requirements,,,false,2,,2026-08-16
"Block Real Estate Services, LLC",6a1864b0907a70f1cb158d91,69fded1762446148bd848e59,Hensley Electric Inc,69fdf03902bb2c42a87a13b8,"hig143 - High Tech Associates (Pine Ridge Building 20) {High Tech Associates, LLC}",evidenceOfInsurance,Evidence of Insurance,workersCompensation,Workers' Compensation and Employer's Liability,evidenceOfInsuranceWorkersCompensationEmployersLiabilityEachAccident,Employer's Liability Each Accident,,matchOnce,must be greater or equal to,500000,1000000,compliant,Block Requirements,,,false,2,,2026-08-16
"Block Real Estate Services, LLC",6a1864b0907a70f1cb158d91,69fded1762446148bd848e59,Hensley Electric Inc,69fdf03902bb2c42a87a13b8,"hig143 - High Tech Associates (Pine Ridge Building 20) {High Tech Associates, LLC}",evidenceOfInsurance,Evidence of Insurance,workersCompensation,Workers' Compensation and Employer's Liability,evidenceOfInsuranceWorkersCompensationEmployersLiabilityDiseaseEachEmployee,Employer's Liability Disease - each employee,,matchOnce,must be greater or equal to,500000,1000000,compliant,Block Requirements,,,false,2,,2026-08-16
"Block Real Estate Services, LLC",6a1864b0907a70f1cb158d91,69fded1762446148bd848e59,Hensley Electric Inc,69fdf03902bb2c42a87a13b8,"hig143 - High Tech Associates (Pine Ridge Building 20) {High Tech Associates, LLC}",evidenceOfInsurance,Evidence of Insurance,workersCompensation,Workers' Compensation and Employer's Liability,evidenceOfInsuranceWorkersCompensationEmployersLiabilityDiseasePolicyLimit,Employer's Liability Disease - policy limit,,matchOnce,must be greater or equal to,500000,1000000,compliant,Block Requirements,,,false,2,,2026-08-16
"Block Real Estate Services, LLC",6a1864b0907a70f1cb158d91,69fded1762446148bd848e59,Hensley Electric Inc,69fdf03902bb2c42a87a13b8,"hig143 - High Tech Associates (Pine Ridge Building 20) {High Tech Associates, LLC}",evidenceOfInsurance,Evidence of Insurance,workersCompensation,Workers' Compensation and Employer's Liability,evidenceOfInsuranceWorkersCompensationWaiverOfSubrogationEndorsement,Waiver of Subrogation,"---prompt---
Determine if the insurer has waived their right of subrogation in favor of the certificate holder under the Workers' Compensation policy. Evidence may include: a checked ""Waiver of Subrogation"" box on the certificate, mention in the Description of Operations section stating ""waiver of subrogation applies"", or reference to form WC 00 03 13. Look for language like ""subrogation is waived"" or ""per written contract"".",matchOnce,must be present,,Present,compliant,Block Requirements,,,false,2,,2026-08-16
"Block Real Estate Services, LLC",6a1864b0907a70f1cb158d91,69fded1762446148bd848e59,Hensley Electric Inc,69fdf03902bb2c42a87a13b8,"hig143 - High Tech Associates (Pine Ridge Building 20) {High Tech Associates, LLC}",evidenceOfInsurance,Evidence of Insurance,6ac20aae-5728-5d57-b364-aeba38527dba,Additional Requirements,4da5b0f1-4c9d-5885-8cf8-5d3cccaed3e0,"Block Real Estate Services, LLC and all others required by contract are named as Additional Insureds","---prompt---
Determine if the Description of Operations or the Additional Remarks Schedule section states the ""Additional Insured as Construction Management, Inc. and all others required by contract"" or reference to blanket additional insured coverage. Look for language like ""certificate holder is additional insured"" or ""per written contract"".",matchOnce,must be present,,Present,compliant,Block Requirements,,,true,2,,2026-08-16
"Block Real Estate Services, LLC",6a1864b0907a70f1cb158d91,69fded1762446148bd848e59,Hensley Electric Inc,69fdf03902bb2c42a87a13b8,"hig143 - High Tech Associates (Pine Ridge Building 20) {High Tech Associates, LLC}",evidenceOfInsurance,Evidence of Insurance,6ac20aae-5728-5d57-b364-aeba38527dba,Additional Requirements,e1017741-e47e-5f58-97b8-fbc3043e919f,Umbrella follows form over General Liability,"---prompt---
Determine if the Umbrella/Excess Liability policy follows form to the underlying policies. Evidence may include: language in the Description of Operations section stating the umbrella follows form to underlying coverages or an additional page endorsement stating that it follows form. Follow form means the umbrella policy adopts the same terms, conditions, and exclusions as the underlying policies.",matchOnce,must be present,,Present,compliant,Block Requirements,,,true,2,,2026-08-16
"Block Real Estate Services, LLC",6a1864b0907a70f1cb158d91,69fded1762446148bd848e59,Hensley Electric Inc,69fdf03902bb2c42a87a13b8,"hig143 - High Tech Associates (Pine Ridge Building 20) {High Tech Associates, LLC}",evidenceOfInsurance,Evidence of Insurance,6ac20aae-5728-5d57-b364-aeba38527dba,Additional Requirements,2cdd866f-c9a4-576a-afd8-1d045762790c,"The location must be listed as: 7913 Bond Street, Lenexa, KS, 66214",,matchOnce,must be present,,Present,compliant,Block Requirements,,,true,1,,2026-08-16
"Block Real Estate Services, LLC",6a1864b0907a70f1cb158d91,69fded1762446148bd848e59,Hensley Electric Inc,69fdf03902bb2c42a87a13b8,"hig143 - High Tech Associates (Pine Ridge Building 20) {High Tech Associates, LLC}",evidenceOfInsurance,Evidence of Insurance,6ac20aae-5728-5d57-b364-aeba38527dba,Additional Requirements,3649e9d1-4e09-59bf-8f30-cb33c40cf117,"Certificate Holder must read: c/o Block Real Estate Services, LLC, 4622 Pennsylvania St., Suite 700, Kansas City, MO, 64112",,matchOnce,must be present,,Present,compliant,Block Requirements,,,true,2,,2026-08-16
"Block Real Estate Services, LLC",6a1864b0907a70f1cb158d92,69fded2362446148bd849264,"United Access of KC, LLC",69fdf03902bb2c42a87a13b8,"hig143 - High Tech Associates (Pine Ridge Building 20) {High Tech Associates, LLC}",evidenceOfInsurance,Evidence of Insurance,commercialGeneralLiability,Commercial General Liability,evidenceOfInsuranceCommercialGeneralLiabilityCoverageTriggerOccurrence,Coverage Trigger: Occurrence,,matchOnce,must be present,,Present,compliant,Block Requirements,,,false,1,,2026-08-16
"Block Real Estate Services, LLC",6a1864b0907a70f1cb158d92,69fded2362446148bd849264,"United Access of KC, LLC",69fdf03902bb2c42a87a13b8,"hig143 - High Tech Associates (Pine Ridge Building 20) {High Tech Associates, LLC}",evidenceOfInsurance,Evidence of Insurance,commercialGeneralLiability,Commercial General Liability,evidenceOfInsuranceCommercialGeneralLiabilityGeneralAggregateLimitAppliesPerLocation,General Aggregate Limit Applies per: Location,,matchOnce,must be present,,Present,compliant,Block Requirements,,,false,1,,2026-08-16
"Block Real Estate Services, LLC",6a1864b0907a70f1cb158d92,69fded2362446148bd849264,"United Access of KC, LLC",69fdf03902bb2c42a87a13b8,"hig143 - High Tech Associates (Pine Ridge Building 20) {High Tech Associates, LLC}",evidenceOfInsurance,Evidence of Insurance,commercialGeneralLiability,Commercial General Liability,evidenceOfInsuranceCommercialGeneralLiabilityEachOccurrence,Each Occurrence,,matchOnce,must be greater or equal to,1000000,1000000,compliant,Block Requirements,,,false,1,,2026-08-16
"Block Real Estate Services, LLC",6a1864b0907a70f1cb158d92,69fded2362446148bd849264,"United Access of KC, LLC",69fdf03902bb2c42a87a13b8,"hig143 - High Tech Associates (Pine Ridge Building 20) {High Tech Associates, LLC}",evidenceOfInsurance,Evidence of Insurance,commercialGeneralLiability,Commercial General Liability,evidenceOfInsuranceCommercialGeneralLiabilityGeneralAggregate,General Aggregate,,matchOnce,must be greater or equal to,2000000,2000000,compliant,Block Requirements,,,false,1,,2026-08-16
"Block Real Estate Services, LLC",6a1864b0907a70f1cb158d92,69fded2362446148bd849264,"United Access of KC, LLC",69fdf03902bb2c42a87a13b8,"hig143 - High Tech Associates (Pine Ridge Building 20) {High Tech Associates, LLC}",evidenceOfInsurance,Evidence of Insurance,commercialGeneralLiability,Commercial General Liability,evidenceOfInsuranceCommercialGeneralLiabilityWaiverOfSubrogationEndorsement,Waiver of Subrogation,"---prompt---
Determine if the insurer has waived their right of subrogation in favor of the certificate holder under the Commercial General Liability policy. Evidence may include: a checked ""Waiver of Subrogation"" box on the certificate, mention in the Description of Operations section stating ""waiver of subrogation applies"", or reference to form CG 24 04. Look for language like ""subrogation is waived"" or ""per written contract"".",matchOnce,must be present,,,non_compliant,Block Requirements,,,false,0,,2026-08-16
"Block Real Estate Services, LLC",6a1864b0907a70f1cb158d92,69fded2362446148bd849264,"United Access of KC, LLC",69fdf03902bb2c42a87a13b8,"hig143 - High Tech Associates (Pine Ridge Building 20) {High Tech Associates, LLC}",evidenceOfInsurance,Evidence of Insurance,excessOrUmbrellaLiability,Umbrella/Excess Liability,evidenceOfInsuranceExcessOrUmbrellaLiabilityOccurence,Coverage Trigger: Occurrence,,matchOnce,must be present,,Present,compliant,Block Requirements,,,false,1,,2026-08-16
"Block Real Estate Services, LLC",6a1864b0907a70f1cb158d92,69fded2362446148bd849264,"United Access of KC, LLC",69fdf03902bb2c42a87a13b8,"hig143 - High Tech Associates (Pine Ridge Building 20) {High Tech Associates, LLC}",evidenceOfInsurance,Evidence of Insurance,excessOrUmbrellaLiability,Umbrella/Excess Liability,evidenceOfInsuranceExcessOrUmbrellaLiabilityEachOccurrence,Each Occurrence,,matchOnce,must be greater or equal to,1000000,5000000,compliant,Block Requirements,,,false,1,,2026-08-16
"Block Real Estate Services, LLC",6a1864b0907a70f1cb158d92,69fded2362446148bd849264,"United Access of KC, LLC",69fdf03902bb2c42a87a13b8,"hig143 - High Tech Associates (Pine Ridge Building 20) {High Tech Associates, LLC}",evidenceOfInsurance,Evidence of Insurance,excessOrUmbrellaLiability,Umbrella/Excess Liability,evidenceOfInsuranceExcessOrUmbrellaLiabilityAggregate,Aggregate,,matchOnce,must be greater or equal to,1000000,5000000,compliant,Block Requirements,,,false,1,,2026-08-16
"Block Real Estate Services, LLC",6a1864b0907a70f1cb158d92,69fded2362446148bd849264,"United Access of KC, LLC",69fdf03902bb2c42a87a13b8,"hig143 - High Tech Associates (Pine Ridge Building 20) {High Tech Associates, LLC}",evidenceOfInsurance,Evidence of Insurance,workersCompensation,Workers' Compensation and Employer's Liability,evidenceOfInsuranceWorkersCompensationStatutoryLimits,Statutory Limits,,matchOnce,must be present,,Present,compliant,Block Requirements,,,false,1,,2026-08-16
"Block Real Estate Services, LLC",6a1864b0907a70f1cb158d92,69fded2362446148bd849264,"United Access of KC, LLC",69fdf03902bb2c42a87a13b8,"hig143 - High Tech Associates (Pine Ridge Building 20) {High Tech Associates, LLC}",evidenceOfInsurance,Evidence of Insurance,workersCompensation,Workers' Compensation and Employer's Liability,evidenceOfInsuranceWorkersCompensationEmployersLiabilityEachAccident,Employer's Liability Each Accident,,matchOnce,must be greater or equal to,500000,1000000,compliant,Block Requirements,,,false,1,,2026-08-16
"Block Real Estate Services, LLC",6a1864b0907a70f1cb158d92,69fded2362446148bd849264,"United Access of KC, LLC",69fdf03902bb2c42a87a13b8,"hig143 - High Tech Associates (Pine Ridge Building 20) {High Tech Associates, LLC}",evidenceOfInsurance,Evidence of Insurance,workersCompensation,Workers' Compensation and Employer's Liability,evidenceOfInsuranceWorkersCompensationEmployersLiabilityDiseaseEachEmployee,Employer's Liability Disease - each employee,,matchOnce,must be greater or equal to,500000,1000000,compliant,Block Requirements,,,false,1,,2026-08-16
"Block Real Estate Services, LLC",6a1864b0907a70f1cb158d92,69fded2362446148bd849264,"United Access of KC, LLC",69fdf03902bb2c42a87a13b8,"hig143 - High Tech Associates (Pine Ridge Building 20) {High Tech Associates, LLC}",evidenceOfInsurance,Evidence of Insurance,workersCompensation,Workers' Compensation and Employer's Liability,evidenceOfInsuranceWorkersCompensationEmployersLiabilityDiseasePolicyLimit,Employer's Liability Disease - policy limit,,matchOnce,must be greater or equal to,500000,1000000,compliant,Block Requirements,,,false,1,,2026-08-16
"Block Real Estate Services, LLC",6a1864b0907a70f1cb158d92,69fded2362446148bd849264,"United Access of KC, LLC",69fdf03902bb2c42a87a13b8,"hig143 - High Tech Associates (Pine Ridge Building 20) {High Tech Associates, LLC}",evidenceOfInsurance,Evidence of Insurance,workersCompensation,Workers' Compensation and Employer's Liability,evidenceOfInsuranceWorkersCompensationWaiverOfSubrogationEndorsement,Waiver of Subrogation,"---prompt---
Determine if the insurer has waived their right of subrogation in favor of the certificate holder under the Workers' Compensation policy. Evidence may include: a checked ""Waiver of Subrogation"" box on the certificate, mention in the Description of Operations section stating ""waiver of subrogation applies"", or reference to form WC 00 03 13. Look for language like ""subrogation is waived"" or ""per written contract"".",matchOnce,must be present,,,non_compliant,Block Requirements,,,false,0,,2026-08-16
"Block Real Estate Services, LLC",6a1864b0907a70f1cb158d92,69fded2362446148bd849264,"United Access of KC, LLC",69fdf03902bb2c42a87a13b8,"hig143 - High Tech Associates (Pine Ridge Building 20) {High Tech Associates, LLC}",evidenceOfInsurance,Evidence of Insurance,6ac20aae-5728-5d57-b364-aeba38527dba,Additional Requirements,4da5b0f1-4c9d-5885-8cf8-5d3cccaed3e0,"Block Real Estate Services, LLC and all others required by contract are named as Additional Insureds","---prompt---
Determine if the Description of Operations or the Additional Remarks Schedule section states the ""Additional Insured as Construction Management, Inc. and all others required by contract"" or reference to blanket additional insured coverage. Look for language like ""certificate holder is additional insured"" or ""per written contract"".",matchOnce,must be present,,,non_compliant,Block Requirements,,,true,0,,2026-08-16
"Block Real Estate Services, LLC",6a1864b0907a70f1cb158d92,69fded2362446148bd849264,"United Access of KC, LLC",69fdf03902bb2c42a87a13b8,"hig143 - High Tech Associates (Pine Ridge Building 20) {High Tech Associates, LLC}",evidenceOfInsurance,Evidence of Insurance,6ac20aae-5728-5d57-b364-aeba38527dba,Additional Requirements,e1017741-e47e-5f58-97b8-fbc3043e919f,Umbrella follows form over General Liability,"---prompt---
Determine if the Umbrella/Excess Liability policy follows form to the underlying policies. Evidence may include: language in the Description of Operations section stating the umbrella follows form to underlying coverages or an additional page endorsement stating that it follows form. Follow form means the umbrella policy adopts the same terms, conditions, and exclusions as the underlying policies.",matchOnce,must be present,,,non_compliant,Block Requirements,,,true,0,,2026-08-16
"Block Real Estate Services, LLC",6a1864b0907a70f1cb158d92,69fded2362446148bd849264,"United Access of KC, LLC",69fdf03902bb2c42a87a13b8,"hig143 - High Tech Associates (Pine Ridge Building 20) {High Tech Associates, LLC}",evidenceOfInsurance,Evidence of Insurance,6ac20aae-5728-5d57-b364-aeba38527dba,Additional Requirements,2cdd866f-c9a4-576a-afd8-1d045762790c,"The location must be listed as: 7919, 7921, 7923 Bond Street, Lenexa, KS, 66214",,matchOnce,must be present,,,non_compliant,Block Requirements,,,true,0,,2026-08-16
"Block Real Estate Services, LLC",6a1864b0907a70f1cb158d92,69fded2362446148bd849264,"United Access of KC, LLC",69fdf03902bb2c42a87a13b8,"hig143 - High Tech Associates (Pine Ridge Building 20) {High Tech Associates, LLC}",evidenceOfInsurance,Evidence of Insurance,6ac20aae-5728-5d57-b364-aeba38527dba,Additional Requirements,3649e9d1-4e09-59bf-8f30-cb33c40cf117,"Certificate Holder must read: c/o Block Real Estate Services, LLC, 4622 Pennsylvania St., Suite 700, Kansas City, MO, 64112",,matchOnce,must be present,,,non_compliant,Block Requirements,,,true,0,,2026-08-16
"Block Real Estate Services, LLC",69fdf76e62446148bd8573ca,69fded1262446148bd848ce2,"Roadhouse Restaurant / Dactyl, LLC",69fdf02303a2257cd27ddb99,"gd1403 - Guaranty Development - Scott Avenue {Guaranty Development Group, LLC}",evidenceOfInsurance,Evidence of Insurance,commercialGeneralLiability,Commercial General Liability,evidenceOfInsuranceCommercialGeneralLiabilityCoverageTriggerOccurrence,Coverage Trigger: Occurrence,,matchOnce,must be present,,,non_compliant,Block Requirements,,,false,0,,2026-08-16
"Block Real Estate Services, LLC",69fdf76e62446148bd8573ca,69fded1262446148bd848ce2,"Roadhouse Restaurant / Dactyl, LLC",69fdf02303a2257cd27ddb99,"gd1403 - Guaranty Development - Scott Avenue {Guaranty Development Group, LLC}",evidenceOfInsurance,Evidence of Insurance,commercialGeneralLiability,Commercial General Liability,evidenceOfInsuranceCommercialGeneralLiabilityGeneralAggregateLimitAppliesPerLocation,General Aggregate Limit Applies per: Location,,matchOnce,must be present,,,non_compliant,Block Requirements,,,false,0,,2026-08-16
"Block Real Estate Services, LLC",69fdf76e62446148bd8573ca,69fded1262446148bd848ce2,"Roadhouse Restaurant / Dactyl, LLC",69fdf02303a2257cd27ddb99,"gd1403 - Guaranty Development - Scott Avenue {Guaranty Development Group, LLC}",evidenceOfInsurance,Evidence of Insurance,commercialGeneralLiability,Commercial General Liability,evidenceOfInsuranceCommercialGeneralLiabilityEachOccurrence,Each Occurrence,,matchOnce,must be greater or equal to,1000000,,non_compliant,Block Requirements,,,false,0,,2026-08-16
"Block Real Estate Services, LLC",69fdf76e62446148bd8573ca,69fded1262446148bd848ce2,"Roadhouse Restaurant / Dactyl, LLC",69fdf02303a2257cd27ddb99,"gd1403 - Guaranty Development - Scott Avenue {Guaranty Development Group, LLC}",evidenceOfInsurance,Evidence of Insurance,commercialGeneralLiability,Commercial General Liability,evidenceOfInsuranceCommercialGeneralLiabilityGeneralAggregate,General Aggregate,,matchOnce,must be greater or equal to,2000000,,non_compliant,Block Requirements,,,false,0,,2026-08-16
"Block Real Estate Services, LLC",69fdf76e62446148bd8573ca,69fded1262446148bd848ce2,"Roadhouse Restaurant / Dactyl, LLC",69fdf02303a2257cd27ddb99,"gd1403 - Guaranty Development - Scott Avenue {Guaranty Development Group, LLC}",evidenceOfInsurance,Evidence of Insurance,commercialGeneralLiability,Commercial General Liability,evidenceOfInsuranceCommercialGeneralLiabilityWaiverOfSubrogationEndorsement,Waiver of Subrogation,"---prompt---
Determine if the insurer has waived their right of subrogation in favor of the certificate holder under the Commercial General Liability policy. Evidence may include: a checked ""Waiver of Subrogation"" box on the certificate, mention in the Description of Operations section stating ""waiver of subrogation applies"", or reference to form CG 24 04. Look for language like ""subrogation is waived"" or ""per written contract"".",matchOnce,must be present,,,non_compliant,Block Requirements,,,false,0,,2026-08-16
"Block Real Estate Services, LLC",69fdf76e62446148bd8573ca,69fded1262446148bd848ce2,"Roadhouse Restaurant / Dactyl, LLC",69fdf02303a2257cd27ddb99,"gd1403 - Guaranty Development - Scott Avenue {Guaranty Development Group, LLC}",evidenceOfInsurance,Evidence of Insurance,excessOrUmbrellaLiability,Umbrella/Excess Liability,evidenceOfInsuranceExcessOrUmbrellaLiabilityOccurence,Coverage Trigger: Occurrence,,matchOnce,must be present,,,non_compliant,Block Requirements,,,false,0,,2026-08-16
"Block Real Estate Services, LLC",69fdf76e62446148bd8573ca,69fded1262446148bd848ce2,"Roadhouse Restaurant / Dactyl, LLC",69fdf02303a2257cd27ddb99,"gd1403 - Guaranty Development - Scott Avenue {Guaranty Development Group, LLC}",evidenceOfInsurance,Evidence of Insurance,excessOrUmbrellaLiability,Umbrella/Excess Liability,evidenceOfInsuranceExcessOrUmbrellaLiabilityEachOccurrence,Each Occurrence,,matchOnce,must be greater or equal to,1000000,,non_compliant,Block Requirements,,,false,0,,2026-08-16
"Block Real Estate Services, LLC",69fdf76e62446148bd8573ca,69fded1262446148bd848ce2,"Roadhouse Restaurant / Dactyl, LLC",69fdf02303a2257cd27ddb99,"gd1403 - Guaranty Development - Scott Avenue {Guaranty Development Group, LLC}",evidenceOfInsurance,Evidence of Insurance,excessOrUmbrellaLiability,Umbrella/Excess Liability,evidenceOfInsuranceExcessOrUmbrellaLiabilityAggregate,Aggregate,,matchOnce,must be greater or equal to,1000000,,non_compliant,Block Requirements,,,false,0,,2026-08-16
"Block Real Estate Services, LLC",69fdf76e62446148bd8573ca,69fded1262446148bd848ce2,"Roadhouse Restaurant / Dactyl, LLC",69fdf02303a2257cd27ddb99,"gd1403 - Guaranty Development - Scott Avenue {Guaranty Development Group, LLC}",evidenceOfInsurance,Evidence of Insurance,workersCompensation,Workers' Compensation and Employer's Liability,evidenceOfInsuranceWorkersCompensationStatutoryLimits,Statutory Limits,,matchOnce,must be present,,,non_compliant,Block Requirements,,,false,0,,2026-08-16
"Block Real Estate Services, LLC",69fdf76e62446148bd8573ca,69fded1262446148bd848ce2,"Roadhouse Restaurant / Dactyl, LLC",69fdf02303a2257cd27ddb99,"gd1403 - Guaranty Development - Scott Avenue {Guaranty Development Group, LLC}",evidenceOfInsurance,Evidence of Insurance,workersCompensation,Workers' Compensation and Employer's Liability,evidenceOfInsuranceWorkersCompensationEmployersLiabilityEachAccident,Employer's Liability Each Accident,,matchOnce,must be greater or equal to,500000,,non_compliant,Block Requirements,,,false,0,,2026-08-16
"Block Real Estate Services, LLC",69fdf76e62446148bd8573ca,69fded1262446148bd848ce2,"Roadhouse Restaurant / Dactyl, LLC",69fdf02303a2257cd27ddb99,"gd1403 - Guaranty Development - Scott Avenue {Guaranty Development Group, LLC}",evidenceOfInsurance,Evidence of Insurance,workersCompensation,Workers' Compensation and Employer's Liability,evidenceOfInsuranceWorkersCompensationEmployersLiabilityDiseaseEachEmployee,Employer's Liability Disease - each employee,,matchOnce,must be greater or equal to,500000,,non_compliant,Block Requirements,,,false,0,,2026-08-16
"Block Real Estate Services, LLC",69fdf76e62446148bd8573ca,69fded1262446148bd848ce2,"Roadhouse Restaurant / Dactyl, LLC",69fdf02303a2257cd27ddb99,"gd1403 - Guaranty Development - Scott Avenue {Guaranty Development Group, LLC}",evidenceOfInsurance,Evidence of Insurance,workersCompensation,Workers' Compensation and Employer's Liability,evidenceOfInsuranceWorkersCompensationEmployersLiabilityDiseasePolicyLimit,Employer's Liability Disease - policy limit,,matchOnce,must be greater or equal to,500000,,non_compliant,Block Requirements,,,false,0,,2026-08-16
"Block Real Estate Services, LLC",69fdf76e62446148bd8573ca,69fded1262446148bd848ce2,"Roadhouse Restaurant / Dactyl, LLC",69fdf02303a2257cd27ddb99,"gd1403 - Guaranty Development - Scott Avenue {Guaranty Development Group, LLC}",evidenceOfInsurance,Evidence of Insurance,workersCompensation,Workers' Compensation and Employer's Liability,evidenceOfInsuranceWorkersCompensationWaiverOfSubrogationEndorsement,Waiver of Subrogation,"---prompt---
Determine if the insurer has waived their right of subrogation in favor of the certificate holder under the Workers' Compensation policy. Evidence may include: a checked ""Waiver of Subrogation"" box on the certificate, mention in the Description of Operations section stating ""waiver of subrogation applies"", or reference to form WC 00 03 13. Look for language like ""subrogation is waived"" or ""per written contract"".",matchOnce,must be present,,,non_compliant,Block Requirements,,,false,0,,2026-08-16
"Block Real Estate Services, LLC",69fdf76e62446148bd8573ca,69fded1262446148bd848ce2,"Roadhouse Restaurant / Dactyl, LLC",69fdf02303a2257cd27ddb99,"gd1403 - Guaranty Development - Scott Avenue {Guaranty Development Group, LLC}",evidenceOfInsurance,Evidence of Insurance,6ac20aae-5728-5d57-b364-aeba38527dba,Additional Requirements,4da5b0f1-4c9d-5885-8cf8-5d3cccaed3e0,"Block Real Estate Services, LLC and all others required by contract are named as Additional Insureds","---prompt---
Determine if the Description of Operations or the Additional Remarks Schedule section states the ""Additional Insured as Construction Management, Inc. and all others required by contract"" or reference to blanket additional insured coverage. Look for language like ""certificate holder is additional insured"" or ""per written contract"".",matchOnce,must be present,,,non_compliant,Block Requirements,,,true,0,,2026-08-16
"Block Real Estate Services, LLC",69fdf76e62446148bd8573ca,69fded1262446148bd848ce2,"Roadhouse Restaurant / Dactyl, LLC",69fdf02303a2257cd27ddb99,"gd1403 - Guaranty Development - Scott Avenue {Guaranty Development Group, LLC}",evidenceOfInsurance,Evidence of Insurance,6ac20aae-5728-5d57-b364-aeba38527dba,Additional Requirements,e1017741-e47e-5f58-97b8-fbc3043e919f,Umbrella follows form over General Liability,"---prompt---
Determine if the Umbrella/Excess Liability policy follows form to the underlying policies. Evidence may include: language in the Description of Operations section stating the umbrella follows form to underlying coverages or an additional page endorsement stating that it follows form. Follow form means the umbrella policy adopts the same terms, conditions, and exclusions as the underlying policies.",matchOnce,must be present,,,non_compliant,Block Requirements,,,true,0,,2026-08-16
"Block Real Estate Services, LLC",69fdf76e62446148bd8573ca,69fded1262446148bd848ce2,"Roadhouse Restaurant / Dactyl, LLC",69fdf02303a2257cd27ddb99,"gd1403 - Guaranty Development - Scott Avenue {Guaranty Development Group, LLC}",evidenceOfInsurance,Evidence of Insurance,6ac20aae-5728-5d57-b364-aeba38527dba,Additional Requirements,2cdd866f-c9a4-576a-afd8-1d045762790c,"The location must be listed as: 444 N. Scott Avenue, Belton, MO, 64012",,matchOnce,must be present,,,non_compliant,Block Requirements,,,true,0,,2026-08-16
"Block Real Estate Services, LLC",69fdf76e62446148bd8573ca,69fded1262446148bd848ce2,"Roadhouse Restaurant / Dactyl, LLC",69fdf02303a2257cd27ddb99,"gd1403 - Guaranty Development - Scott Avenue {Guaranty Development Group, LLC}",evidenceOfInsurance,Evidence of Insurance,6ac20aae-5728-5d57-b364-aeba38527dba,Additional Requirements,3649e9d1-4e09-59bf-8f30-cb33c40cf117,"Certificate Holder must read: c/o Block Real Estate Services, LLC, 4622 Pennsylvania St., Suite 700, Kansas City, MO, 64112",,matchOnce,must be present,,,non_compliant,Block Requirements,,,true,0,,2026-08-16
"Block Real Estate Services, LLC",69fdf7b562446148bd85c47b,69fded1262446148bd848ce5,"Thermal Mechanics, Inc. (TMI)",69fdf2023b208288e0a871b2,"tic846 - Pine Ridge Building 26 {PERG BUILDINGS, LLC}",evidenceOfInsurance,Evidence of Insurance,commercialGeneralLiability,Commercial General Liability,evidenceOfInsuranceCommercialGeneralLiabilityCoverageTriggerOccurrence,Coverage Trigger: Occurrence,,matchOnce,must be present,,Present,compliant,Block Requirements,,,false,2,,2026-08-16
"Block Real Estate Services, LLC",69fdf7b562446148bd85c47b,69fded1262446148bd848ce5,"Thermal Mechanics, Inc. (TMI)",69fdf2023b208288e0a871b2,"tic846 - Pine Ridge Building 26 {PERG BUILDINGS, LLC}",evidenceOfInsurance,Evidence of Insurance,commercialGeneralLiability,Commercial General Liability,evidenceOfInsuranceCommercialGeneralLiabilityGeneralAggregateLimitAppliesPerLocation,General Aggregate Limit Applies per: Location,,matchOnce,must be present,,Present,compliant,Block Requirements,,,false,1,,2026-08-16
"Block Real Estate Services, LLC",69fdf7b562446148bd85c47b,69fded1262446148bd848ce5,"Thermal Mechanics, Inc. (TMI)",69fdf2023b208288e0a871b2,"tic846 - Pine Ridge Building 26 {PERG BUILDINGS, LLC}",evidenceOfInsurance,Evidence of Insurance,commercialGeneralLiability,Commercial General Liability,evidenceOfInsuranceCommercialGeneralLiabilityEachOccurrence,Each Occurrence,,matchOnce,must be greater or equal to,1000000,1000000,compliant,Block Requirements,,,false,2,,2026-08-16
"Block Real Estate Services, LLC",69fdf7b562446148bd85c47b,69fded1262446148bd848ce5,"Thermal Mechanics, Inc. (TMI)",69fdf2023b208288e0a871b2,"tic846 - Pine Ridge Building 26 {PERG BUILDINGS, LLC}",evidenceOfInsurance,Evidence of Insurance,commercialGeneralLiability,Commercial General Liability,evidenceOfInsuranceCommercialGeneralLiabilityGeneralAggregate,General Aggregate,,matchOnce,must be greater or equal to,2000000,2000000,compliant,Block Requirements,,,false,2,,2026-08-16
"Block Real Estate Services, LLC",69fdf7b562446148bd85c47b,69fded1262446148bd848ce5,"Thermal Mechanics, Inc. (TMI)",69fdf2023b208288e0a871b2,"tic846 - Pine Ridge Building 26 {PERG BUILDINGS, LLC}",evidenceOfInsurance,Evidence of Insurance,commercialGeneralLiability,Commercial General Liability,evidenceOfInsuranceCommercialGeneralLiabilityWaiverOfSubrogationEndorsement,Waiver of Subrogation,"---prompt---
Determine if the insurer has waived their right of subrogation in favor of the certificate holder under the Commercial General Liability policy. Evidence may include: a checked ""Waiver of Subrogation"" box on the certificate, mention in the Description of Operations section stating ""waiver of subrogation applies"", or reference to form CG 24 04. Look for language like ""subrogation is waived"" or ""per written contract"".",matchOnce,must be present,,Present,compliant,Block Requirements,,,false,2,,2026-08-16
"Block Real Estate Services, LLC",69fdf7b562446148bd85c47b,69fded1262446148bd848ce5,"Thermal Mechanics, Inc. (TMI)",69fdf2023b208288e0a871b2,"tic846 - Pine Ridge Building 26 {PERG BUILDINGS, LLC}",evidenceOfInsurance,Evidence of Insurance,excessOrUmbrellaLiability,Umbrella/Excess Liability,evidenceOfInsuranceExcessOrUmbrellaLiabilityOccurence,Coverage Trigger: Occurrence,,matchOnce,must be present,,Present,compliant,Block Requirements,,,false,2,,2026-08-16
"Block Real Estate Services, LLC",69fdf7b562446148bd85c47b,69fded1262446148bd848ce5,"Thermal Mechanics, Inc. (TMI)",69fdf2023b208288e0a871b2,"tic846 - Pine Ridge Building 26 {PERG BUILDINGS, LLC}",evidenceOfInsurance,Evidence of Insurance,excessOrUmbrellaLiability,Umbrella/Excess Liability,evidenceOfInsuranceExcessOrUmbrellaLiabilityEachOccurrence,Each Occurrence,,matchOnce,must be greater or equal to,1000000,1000000,compliant,Block Requirements,,,false,2,,2026-08-16
"Block Real Estate Services, LLC",69fdf7b562446148bd85c47b,69fded1262446148bd848ce5,"Thermal Mechanics, Inc. (TMI)",69fdf2023b208288e0a871b2,"tic846 - Pine Ridge Building 26 {PERG BUILDINGS, LLC}",evidenceOfInsurance,Evidence of Insurance,excessOrUmbrellaLiability,Umbrella/Excess Liability,evidenceOfInsuranceExcessOrUmbrellaLiabilityAggregate,Aggregate,,matchOnce,must be greater or equal to,1000000,1000000,compliant,Block Requirements,,,false,2,,2026-08-16
"Block Real Estate Services, LLC",69fdf7b562446148bd85c47b,69fded1262446148bd848ce5,"Thermal Mechanics, Inc. (TMI)",69fdf2023b208288e0a871b2,"tic846 - Pine Ridge Building 26 {PERG BUILDINGS, LLC}",evidenceOfInsurance,Evidence of Insurance,workersCompensation,Workers' Compensation and Employer's Liability,evidenceOfInsuranceWorkersCompensationStatutoryLimits,Statutory Limits,,matchOnce,must be present,,Present,compliant,Block Requirements,,,false,2,,2026-08-16
"Block Real Estate Services, LLC",69fdf7b562446148bd85c47b,69fded1262446148bd848ce5,"Thermal Mechanics, Inc. (TMI)",69fdf2023b208288e0a871b2,"tic846 - Pine Ridge Building 26 {PERG BUILDINGS, LLC}",evidenceOfInsurance,Evidence of Insurance,workersCompensation,Workers' Compensation and Employer's Liability,evidenceOfInsuranceWorkersCompensationEmployersLiabilityEachAccident,Employer's Liability Each Accident,,matchOnce,must be greater or equal to,500000,1000000,compliant,Block Requirements,,,false,2,,2026-08-16
"Block Real Estate Services, LLC",69fdf7b562446148bd85c47b,69fded1262446148bd848ce5,"Thermal Mechanics, Inc. (TMI)",69fdf2023b208288e0a871b2,"tic846 - Pine Ridge Building 26 {PERG BUILDINGS, LLC}",evidenceOfInsurance,Evidence of Insurance,workersCompensation,Workers' Compensation and Employer's Liability,evidenceOfInsuranceWorkersCompensationEmployersLiabilityDiseaseEachEmployee,Employer's Liability Disease - each employee,,matchOnce,must be greater or equal to,500000,1000000,compliant,Block Requirements,,,false,2,,2026-08-16
"Block Real Estate Services, LLC",69fdf7b562446148bd85c47b,69fded1262446148bd848ce5,"Thermal Mechanics, Inc. (TMI)",69fdf2023b208288e0a871b2,"tic846 - Pine Ridge Building 26 {PERG BUILDINGS, LLC}",evidenceOfInsurance,Evidence of Insurance,workersCompensation,Workers' Compensation and Employer's Liability,evidenceOfInsuranceWorkersCompensationEmployersLiabilityDiseasePolicyLimit,Employer's Liability Disease - policy limit,,matchOnce,must be greater or equal to,500000,1000000,compliant,Block Requirements,,,false,2,,2026-08-16
"Block Real Estate Services, LLC",69fdf7b562446148bd85c47b,69fded1262446148bd848ce5,"Thermal Mechanics, Inc. (TMI)",69fdf2023b208288e0a871b2,"tic846 - Pine Ridge Building 26 {PERG BUILDINGS, LLC}",evidenceOfInsurance,Evidence of Insurance,workersCompensation,Workers' Compensation and Employer's Liability,evidenceOfInsuranceWorkersCompensationWaiverOfSubrogationEndorsement,Waiver of Subrogation,"---prompt---
Determine if the insurer has waived their right of subrogation in favor of the certificate holder under the Workers' Compensation policy. Evidence may include: a checked ""Waiver of Subrogation"" box on the certificate, mention in the Description of Operations section stating ""waiver of subrogation applies"", or reference to form WC 00 03 13. Look for language like ""subrogation is waived"" or ""per written contract"".",matchOnce,must be present,,Present,compliant,Block Requirements,,,false,2,,2026-08-16
"Block Real Estate Services, LLC",69fdf7b562446148bd85c47b,69fded1262446148bd848ce5,"Thermal Mechanics, Inc. (TMI)",69fdf2023b208288e0a871b2,"tic846 - Pine Ridge Building 26 {PERG BUILDINGS, LLC}",evidenceOfInsurance,Evidence of Insurance,6ac20aae-5728-5d57-b364-aeba38527dba,Additional Requirements,4da5b0f1-4c9d-5885-8cf8-5d3cccaed3e0,"Block Real Estate Services, LLC and all others required by contract are named as Additional Insureds","---prompt---
Determine if the Description of Operations or the Additional Remarks Schedule section states the ""Additional Insured as Construction Management, Inc. and all others required by contract"" or reference to blanket additional insured coverage. Look for language like ""certificate holder is additional insured"" or ""per written contract"".",matchOnce,must be present,,Present,compliant,Block Requirements,,,true,2,,2026-08-16
"Block Real Estate Services, LLC",69fdf7b562446148bd85c47b,69fded1262446148bd848ce5,"Thermal Mechanics, Inc. (TMI)",69fdf2023b208288e0a871b2,"tic846 - Pine Ridge Building 26 {PERG BUILDINGS, LLC}",evidenceOfInsurance,Evidence of Insurance,6ac20aae-5728-5d57-b364-aeba38527dba,Additional Requirements,e1017741-e47e-5f58-97b8-fbc3043e919f,Umbrella follows form over General Liability,"---prompt---
Determine if the Umbrella/Excess Liability policy follows form to the underlying policies. Evidence may include: language in the Description of Operations section stating the umbrella follows form to underlying coverages or an additional page endorsement stating that it follows form. Follow form means the umbrella policy adopts the same terms, conditions, and exclusions as the underlying policies.",matchOnce,must be present,,Present,compliant,Block Requirements,,,true,2,,2026-08-16
"Block Real Estate Services, LLC",69fdf7b562446148bd85c47b,69fded1262446148bd848ce5,"Thermal Mechanics, Inc. (TMI)",69fdf2023b208288e0a871b2,"tic846 - Pine Ridge Building 26 {PERG BUILDINGS, LLC}",evidenceOfInsurance,Evidence of Insurance,6ac20aae-5728-5d57-b364-aeba38527dba,Additional Requirements,2cdd866f-c9a4-576a-afd8-1d045762790c,"The location must be listed as: 8014 - 8022, 8026 Flint Street Lenexa KS 66214",,matchOnce,must be present,,Present,compliant,Block Requirements,,,true,2,,2026-08-16
"Block Real Estate Services, LLC",69fdf7b562446148bd85c47b,69fded1262446148bd848ce5,"Thermal Mechanics, Inc. (TMI)",69fdf2023b208288e0a871b2,"tic846 - Pine Ridge Building 26 {PERG BUILDINGS, LLC}",evidenceOfInsurance,Evidence of Insurance,6ac20aae-5728-5d57-b364-aeba38527dba,Additional Requirements,3649e9d1-4e09-59bf-8f30-cb33c40cf117,"Certificate Holder must read: c/o Block Real Estate Services, LLC, 4622 Pennsylvania St., Suite 700, Kansas City, MO, 64112",,matchOnce,must be present,,Present,compliant,Block Requirements,,,true,2,,2026-08-16
"Block Real Estate Services, LLC",69fdf7b562446148bd85c47c,69fded2362446148bd849255,Unified Door & Hardware Group LLC,69fdf2023b208288e0a871b2,"tic846 - Pine Ridge Building 26 {PERG BUILDINGS, LLC}",evidenceOfInsurance,Evidence of Insurance,commercialGeneralLiability,Commercial General Liability,evidenceOfInsuranceCommercialGeneralLiabilityCoverageTriggerOccurrence,Coverage Trigger: Occurrence,,matchOnce,must be present,,Present,compliant,Block Requirements,,,false,1,,2026-08-16
"Block Real Estate Services, LLC",69fdf7b562446148bd85c47c,69fded2362446148bd849255,Unified Door & Hardware Group LLC,69fdf2023b208288e0a871b2,"tic846 - Pine Ridge Building 26 {PERG BUILDINGS, LLC}",evidenceOfInsurance,Evidence of Insurance,commercialGeneralLiability,Commercial General Liability,evidenceOfInsuranceCommercialGeneralLiabilityGeneralAggregateLimitAppliesPerLocation,General Aggregate Limit Applies per: Location,,matchOnce,must be present,,Present,compliant,Block Requirements,,,false,1,,2026-08-16
"Block Real Estate Services, LLC",69fdf7b562446148bd85c47c,69fded2362446148bd849255,Unified Door & Hardware Group LLC,69fdf2023b208288e0a871b2,"tic846 - Pine Ridge Building 26 {PERG BUILDINGS, LLC}",evidenceOfInsurance,Evidence of Insurance,commercialGeneralLiability,Commercial General Liability,evidenceOfInsuranceCommercialGeneralLiabilityEachOccurrence,Each Occurrence,,matchOnce,must be greater or equal to,1000000,2000000,compliant,Block Requirements,,,false,1,,2026-08-16
"Block Real Estate Services, LLC",69fdf7b562446148bd85c47c,69fded2362446148bd849255,Unified Door & Hardware Group LLC,69fdf2023b208288e0a871b2,"tic846 - Pine Ridge Building 26 {PERG BUILDINGS, LLC}",evidenceOfInsurance,Evidence of Insurance,commercialGeneralLiability,Commercial General Liability,evidenceOfInsuranceCommercialGeneralLiabilityGeneralAggregate,General Aggregate,,matchOnce,must be greater or equal to,2000000,4000000,compliant,Block Requirements,,,false,1,,2026-08-16
"Block Real Estate Services, LLC",69fdf7b562446148bd85c47c,69fded2362446148bd849255,Unified Door & Hardware Group LLC,69fdf2023b208288e0a871b2,"tic846 - Pine Ridge Building 26 {PERG BUILDINGS, LLC}",evidenceOfInsurance,Evidence of Insurance,commercialGeneralLiability,Commercial General Liability,evidenceOfInsuranceCommercialGeneralLiabilityWaiverOfSubrogationEndorsement,Waiver of Subrogation,"---prompt---
Determine if the insurer has waived their right of subrogation in favor of the certificate holder under the Commercial General Liability policy. Evidence may include: a checked ""Waiver of Subrogation"" box on the certificate, mention in the Description of Operations section stating ""waiver of subrogation applies"", or reference to form CG 24 04. Look for language like ""subrogation is waived"" or ""per written contract"".",matchOnce,must be present,,Present,compliant,Block Requirements,,,false,1,,2026-08-16
"Block Real Estate Services, LLC",69fdf7b562446148bd85c47c,69fded2362446148bd849255,Unified Door & Hardware Group LLC,69fdf2023b208288e0a871b2,"tic846 - Pine Ridge Building 26 {PERG BUILDINGS, LLC}",evidenceOfInsurance,Evidence of Insurance,excessOrUmbrellaLiability,Umbrella/Excess Liability,evidenceOfInsuranceExcessOrUmbrellaLiabilityOccurence,Coverage Trigger: Occurrence,,matchOnce,must be present,,Present,compliant,Block Requirements,,,false,1,,2026-08-16
"Block Real Estate Services, LLC",69fdf7b562446148bd85c47c,69fded2362446148bd849255,Unified Door & Hardware Group LLC,69fdf2023b208288e0a871b2,"tic846 - Pine Ridge Building 26 {PERG BUILDINGS, LLC}",evidenceOfInsurance,Evidence of Insurance,excessOrUmbrellaLiability,Umbrella/Excess Liability,evidenceOfInsuranceExcessOrUmbrellaLiabilityEachOccurrence,Each Occurrence,,matchOnce,must be greater or equal to,1000000,10000000,compliant,Block Requirements,,,false,1,,2026-08-16
"Block Real Estate Services, LLC",69fdf7b562446148bd85c47c,69fded2362446148bd849255,Unified Door & Hardware Group LLC,69fdf2023b208288e0a871b2,"tic846 - Pine Ridge Building 26 {PERG BUILDINGS, LLC}",evidenceOfInsurance,Evidence of Insurance,excessOrUmbrellaLiability,Umbrella/Excess Liability,evidenceOfInsuranceExcessOrUmbrellaLiabilityAggregate,Aggregate,,matchOnce,must be greater or equal to,1000000,10000000,compliant,Block Requirements,,,false,1,,2026-08-16
"Block Real Estate Services, LLC",69fdf7b562446148bd85c47c,69fded2362446148bd849255,Unified Door & Hardware Group LLC,69fdf2023b208288e0a871b2,"tic846 - Pine Ridge Building 26 {PERG BUILDINGS, LLC}",evidenceOfInsurance,Evidence of Insurance,workersCompensation,Workers' Compensation and Employer's Liability,evidenceOfInsuranceWorkersCompensationStatutoryLimits,Statutory Limits,,matchOnce,must be present,,Present,compliant,Block Requirements,,,false,1,,2026-08-16
"Block Real Estate Services, LLC",69fdf7b562446148bd85c47c,69fded2362446148bd849255,Unified Door & Hardware Group LLC,69fdf2023b208288e0a871b2,"tic846 - Pine Ridge Building 26 {PERG BUILDINGS, LLC}",evidenceOfInsurance,Evidence of Insurance,workersCompensation,Workers' Compensation and Employer's Liability,evidenceOfInsuranceWorkersCompensationEmployersLiabilityEachAccident,Employer's Liability Each Accident,,matchOnce,must be greater or equal to,500000,1000000,compliant,Block Requirements,,,false,1,,2026-08-16
"Block Real Estate Services, LLC",69fdf7b562446148bd85c47c,69fded2362446148bd849255,Unified Door & Hardware Group LLC,69fdf2023b208288e0a871b2,"tic846 - Pine Ridge Building 26 {PERG BUILDINGS, LLC}",evidenceOfInsurance,Evidence of Insurance,workersCompensation,Workers' Compensation and Employer's Liability,evidenceOfInsuranceWorkersCompensationEmployersLiabilityDiseaseEachEmployee,Employer's Liability Disease - each employee,,matchOnce,must be greater or equal to,500000,1000000,compliant,Block Requirements,,,false,1,,2026-08-16
"Block Real Estate Services, LLC",69fdf7b562446148bd85c47c,69fded2362446148bd849255,Unified Door & Hardware Group LLC,69fdf2023b208288e0a871b2,"tic846 - Pine Ridge Building 26 {PERG BUILDINGS, LLC}",evidenceOfInsurance,Evidence of Insurance,workersCompensation,Workers' Compensation and Employer's Liability,evidenceOfInsuranceWorkersCompensationEmployersLiabilityDiseasePolicyLimit,Employer's Liability Disease - policy limit,,matchOnce,must be greater or equal to,500000,1000000,compliant,Block Requirements,,,false,1,,2026-08-16
"Block Real Estate Services, LLC",69fdf7b562446148bd85c47c,69fded2362446148bd849255,Unified Door & Hardware Group LLC,69fdf2023b208288e0a871b2,"tic846 - Pine Ridge Building 26 {PERG BUILDINGS, LLC}",evidenceOfInsurance,Evidence of Insurance,workersCompensation,Workers' Compensation and Employer's Liability,evidenceOfInsuranceWorkersCompensationWaiverOfSubrogationEndorsement,Waiver of Subrogation,"---prompt---
Determine if the insurer has waived their right of subrogation in favor of the certificate holder under the Workers' Compensation policy. Evidence may include: a checked ""Waiver of Subrogation"" box on the certificate, mention in the Description of Operations section stating ""waiver of subrogation applies"", or reference to form WC 00 03 13. Look for language like ""subrogation is waived"" or ""per written contract"".",matchOnce,must be present,,Present,compliant,Block Requirements,,,false,1,,2026-08-16
"Block Real Estate Services, LLC",69fdf7b562446148bd85c47c,69fded2362446148bd849255,Unified Door & Hardware Group LLC,69fdf2023b208288e0a871b2,"tic846 - Pine Ridge Building 26 {PERG BUILDINGS, LLC}",evidenceOfInsurance,Evidence of Insurance,6ac20aae-5728-5d57-b364-aeba38527dba,Additional Requirements,4da5b0f1-4c9d-5885-8cf8-5d3cccaed3e0,"Block Real Estate Services, LLC and all others required by contract are named as Additional Insureds","---prompt---
Determine if the Description of Operations or the Additional Remarks Schedule section states the ""Additional Insured as Construction Management, Inc. and all others required by contract"" or reference to blanket additional insured coverage. Look for language like ""certificate holder is additional insured"" or ""per written contract"".",matchOnce,must be present,,Present,compliant,Block Requirements,,,true,1,,2026-08-16
"Block Real Estate Services, LLC",69fdf7b562446148bd85c47c,69fded2362446148bd849255,Unified Door & Hardware Group LLC,69fdf2023b208288e0a871b2,"tic846 - Pine Ridge Building 26 {PERG BUILDINGS, LLC}",evidenceOfInsurance,Evidence of Insurance,6ac20aae-5728-5d57-b364-aeba38527dba,Additional Requirements,e1017741-e47e-5f58-97b8-fbc3043e919f,Umbrella follows form over General Liability,"---prompt---
Determine if the Umbrella/Excess Liability policy follows form to the underlying policies. Evidence may include: language in the Description of Operations section stating the umbrella follows form to underlying coverages or an additional page endorsement stating that it follows form. Follow form means the umbrella policy adopts the same terms, conditions, and exclusions as the underlying policies.",matchOnce,must be present,,Present,compliant,Block Requirements,,,true,1,,2026-08-16
"Block Real Estate Services, LLC",69fdf7b562446148bd85c47c,69fded2362446148bd849255,Unified Door & Hardware Group LLC,69fdf2023b208288e0a871b2,"tic846 - Pine Ridge Building 26 {PERG BUILDINGS, LLC}",evidenceOfInsurance,Evidence of Insurance,6ac20aae-5728-5d57-b364-aeba38527dba,Additional Requirements,2cdd866f-c9a4-576a-afd8-1d045762790c,The location must be listed as: 8030 Flint Street Lenexa KS 66214,,matchOnce,must be present,,Present,compliant,Block Requirements,,,true,1,,2026-08-16
"Block Real Estate Services, LLC",69fdf7b562446148bd85c47c,69fded2362446148bd849255,Unified Door & Hardware Group LLC,69fdf2023b208288e0a871b2,"tic846 - Pine Ridge Building 26 {PERG BUILDINGS, LLC}",evidenceOfInsurance,Evidence of Insurance,6ac20aae-5728-5d57-b364-aeba38527dba,Additional Requirements,3649e9d1-4e09-59bf-8f30-cb33c40cf117,"Certificate Holder must read: c/o Block Real Estate Services, LLC, 4622 Pennsylvania St., Suite 700, Kansas City, MO, 64112",,matchOnce,must be present,,Present,compliant,Block Requirements,,,true,1,,2026-08-16
"Block Real Estate Services, LLC",69fdf79262446148bd859c3e,69fded1262446148bd848cf1,"Retail Data Systems of KC (RDS) / Data Systems, Inc.",69fdf109bf1df2fe969289b3,"prg843 - Pine Ridge Building 23 {PERG BUILDINGS, LLC}",evidenceOfInsurance,Evidence of Insurance,commercialGeneralLiability,Commercial General Liability,evidenceOfInsuranceCommercialGeneralLiabilityCoverageTriggerOccurrence,Coverage Trigger: Occurrence,,matchOnce,must be present,,Present,compliant,Block Requirements,,,false,2,,2026-08-16
"Block Real Estate Services, LLC",69fdf79262446148bd859c3e,69fded1262446148bd848cf1,"Retail Data Systems of KC (RDS) / Data Systems, Inc.",69fdf109bf1df2fe969289b3,"prg843 - Pine Ridge Building 23 {PERG BUILDINGS, LLC}",evidenceOfInsurance,Evidence of Insurance,commercialGeneralLiability,Commercial General Liability,evidenceOfInsuranceCommercialGeneralLiabilityGeneralAggregateLimitAppliesPerLocation,General Aggregate Limit Applies per: Location,,matchOnce,must be present,,,non_compliant,Block Requirements,,,false,0,,2026-08-16
"Block Real Estate Services, LLC",69fdf79262446148bd859c3e,69fded1262446148bd848cf1,"Retail Data Systems of KC (RDS) / Data Systems, Inc.",69fdf109bf1df2fe969289b3,"prg843 - Pine Ridge Building 23 {PERG BUILDINGS, LLC}",evidenceOfInsurance,Evidence of Insurance,commercialGeneralLiability,Commercial General Liability,evidenceOfInsuranceCommercialGeneralLiabilityEachOccurrence,Each Occurrence,,matchOnce,must be greater or equal to,1000000,1000000,compliant,Block Requirements,,,false,2,,2026-08-16
"Block Real Estate Services, LLC",69fdf79262446148bd859c3e,69fded1262446148bd848cf1,"Retail Data Systems of KC (RDS) / Data Systems, Inc.",69fdf109bf1df2fe969289b3,"prg843 - Pine Ridge Building 23 {PERG BUILDINGS, LLC}",evidenceOfInsurance,Evidence of Insurance,commercialGeneralLiability,Commercial General Liability,evidenceOfInsuranceCommercialGeneralLiabilityGeneralAggregate,General Aggregate,,matchOnce,must be greater or equal to,2000000,2000000,compliant,Block Requirements,,,false,2,,2026-08-16
"Block Real Estate Services, LLC",69fdf79262446148bd859c3e,69fded1262446148bd848cf1,"Retail Data Systems of KC (RDS) / Data Systems, Inc.",69fdf109bf1df2fe969289b3,"prg843 - Pine Ridge Building 23 {PERG BUILDINGS, LLC}",evidenceOfInsurance,Evidence of Insurance,commercialGeneralLiability,Commercial General Liability,evidenceOfInsuranceCommercialGeneralLiabilityWaiverOfSubrogationEndorsement,Waiver of Subrogation,"---prompt---
Determine if the insurer has waived their right of subrogation in favor of the certificate holder under the Commercial General Liability policy. Evidence may include: a checked ""Waiver of Subrogation"" box on the certificate, mention in the Description of Operations section stating ""waiver of subrogation applies"", or reference to form CG 24 04. Look for language like ""subrogation is waived"" or ""per written contract"".",matchOnce,must be present,,Present,compliant,Block Requirements,,,false,2,,2026-08-16
"Block Real Estate Services, LLC",69fdf79262446148bd859c3e,69fded1262446148bd848cf1,"Retail Data Systems of KC (RDS) / Data Systems, Inc.",69fdf109bf1df2fe969289b3,"prg843 - Pine Ridge Building 23 {PERG BUILDINGS, LLC}",evidenceOfInsurance,Evidence of Insurance,excessOrUmbrellaLiability,Umbrella/Excess Liability,evidenceOfInsuranceExcessOrUmbrellaLiabilityOccurence,Coverage Trigger: Occurrence,,matchOnce,must be present,,,non_compliant,Block Requirements,,,false,0,,2026-08-16
"Block Real Estate Services, LLC",69fdf79262446148bd859c3e,69fded1262446148bd848cf1,"Retail Data Systems of KC (RDS) / Data Systems, Inc.",69fdf109bf1df2fe969289b3,"prg843 - Pine Ridge Building 23 {PERG BUILDINGS, LLC}",evidenceOfInsurance,Evidence of Insurance,excessOrUmbrellaLiability,Umbrella/Excess Liability,evidenceOfInsuranceExcessOrUmbrellaLiabilityEachOccurrence,Each Occurrence,,matchOnce,must be greater or equal to,1000000,15000000,compliant,Block Requirements,,,false,2,,2026-08-16
"Block Real Estate Services, LLC",69fdf79262446148bd859c3e,69fded1262446148bd848cf1,"Retail Data Systems of KC (RDS) / Data Systems, Inc.",69fdf109bf1df2fe969289b3,"prg843 - Pine Ridge Building 23 {PERG BUILDINGS, LLC}",evidenceOfInsurance,Evidence of Insurance,excessOrUmbrellaLiability,Umbrella/Excess Liability,evidenceOfInsuranceExcessOrUmbrellaLiabilityAggregate,Aggregate,,matchOnce,must be greater or equal to,1000000,15000000,compliant,Block Requirements,,,false,2,,2026-08-16
"Block Real Estate Services, LLC",69fdf79262446148bd859c3e,69fded1262446148bd848cf1,"Retail Data Systems of KC (RDS) / Data Systems, Inc.",69fdf109bf1df2fe969289b3,"prg843 - Pine Ridge Building 23 {PERG BUILDINGS, LLC}",evidenceOfInsurance,Evidence of Insurance,workersCompensation,Workers' Compensation and Employer's Liability,evidenceOfInsuranceWorkersCompensationStatutoryLimits,Statutory Limits,,matchOnce,must be present,,Present,compliant,Block Requirements,,,false,2,,2026-08-16
"Block Real Estate Services, LLC",69fdf79262446148bd859c3e,69fded1262446148bd848cf1,"Retail Data Systems of KC (RDS) / Data Systems, Inc.",69fdf109bf1df2fe969289b3,"prg843 - Pine Ridge Building 23 {PERG BUILDINGS, LLC}",evidenceOfInsurance,Evidence of Insurance,workersCompensation,Workers' Compensation and Employer's Liability,evidenceOfInsuranceWorkersCompensationEmployersLiabilityEachAccident,Employer's Liability Each Accident,,matchOnce,must be greater or equal to,500000,500000,compliant,Block Requirements,,,false,2,,2026-08-16
"Block Real Estate Services, LLC",69fdf79262446148bd859c3e,69fded1262446148bd848cf1,"Retail Data Systems of KC (RDS) / Data Systems, Inc.",69fdf109bf1df2fe969289b3,"prg843 - Pine Ridge Building 23 {PERG BUILDINGS, LLC}",evidenceOfInsurance,Evidence of Insurance,workersCompensation,Workers' Compensation and Employer's Liability,evidenceOfInsuranceWorkersCompensationEmployersLiabilityDiseaseEachEmployee,Employer's Liability Disease - each employee,,matchOnce,must be greater or equal to,500000,500000,compliant,Block Requirements,,,false,2,,2026-08-16
"Block Real Estate Services, LLC",69fdf79262446148bd859c3e,69fded1262446148bd848cf1,"Retail Data Systems of KC (RDS) / Data Systems, Inc.",69fdf109bf1df2fe969289b3,"prg843 - Pine Ridge Building 23 {PERG BUILDINGS, LLC}",evidenceOfInsurance,Evidence of Insurance,workersCompensation,Workers' Compensation and Employer's Liability,evidenceOfInsuranceWorkersCompensationEmployersLiabilityDiseasePolicyLimit,Employer's Liability Disease - policy limit,,matchOnce,must be greater or equal to,500000,500000,compliant,Block Requirements,,,false,2,,2026-08-16
"Block Real Estate Services, LLC",69fdf79262446148bd859c3e,69fded1262446148bd848cf1,"Retail Data Systems of KC (RDS) / Data Systems, Inc.",69fdf109bf1df2fe969289b3,"prg843 - Pine Ridge Building 23 {PERG BUILDINGS, LLC}",evidenceOfInsurance,Evidence of Insurance,workersCompensation,Workers' Compensation and Employer's Liability,evidenceOfInsuranceWorkersCompensationWaiverOfSubrogationEndorsement,Waiver of Subrogation,"---prompt---
Determine if the insurer has waived their right of subrogation in favor of the certificate holder under the Workers' Compensation policy. Evidence may include: a checked ""Waiver of Subrogation"" box on the certificate, mention in the Description of Operations section stating ""waiver of subrogation applies"", or reference to form WC 00 03 13. Look for language like ""subrogation is waived"" or ""per written contract"".",matchOnce,must be present,,Present,compliant,Block Requirements,,,false,2,,2026-08-16
"Block Real Estate Services, LLC",69fdf79262446148bd859c3e,69fded1262446148bd848cf1,"Retail Data Systems of KC (RDS) / Data Systems, Inc.",69fdf109bf1df2fe969289b3,"prg843 - Pine Ridge Building 23 {PERG BUILDINGS, LLC}",evidenceOfInsurance,Evidence of Insurance,6ac20aae-5728-5d57-b364-aeba38527dba,Additional Requirements,4da5b0f1-4c9d-5885-8cf8-5d3cccaed3e0,"Block Real Estate Services, LLC and all others required by contract are named as Additional Insureds","---prompt---
Determine if the Description of Operations or the Additional Remarks Schedule section states the ""Additional Insured as Construction Management, Inc. and all others required by contract"" or reference to blanket additional insured coverage. Look for language like ""certificate holder is additional insured"" or ""per written contract"".",matchOnce,must be present,,Present,compliant,Block Requirements,,,true,1,,2026-08-16
"Block Real Estate Services, LLC",69fdf79262446148bd859c3e,69fded1262446148bd848cf1,"Retail Data Systems of KC (RDS) / Data Systems, Inc.",69fdf109bf1df2fe969289b3,"prg843 - Pine Ridge Building 23 {PERG BUILDINGS, LLC}",evidenceOfInsurance,Evidence of Insurance,6ac20aae-5728-5d57-b364-aeba38527dba,Additional Requirements,e1017741-e47e-5f58-97b8-fbc3043e919f,Umbrella follows form over General Liability,"---prompt---
Determine if the Umbrella/Excess Liability policy follows form to the underlying policies. Evidence may include: language in the Description of Operations section stating the umbrella follows form to underlying coverages or an additional page endorsement stating that it follows form. Follow form means the umbrella policy adopts the same terms, conditions, and exclusions as the underlying policies.",matchOnce,must be present,,Present,compliant,Block Requirements,,,true,1,,2026-08-16
"Block Real Estate Services, LLC",69fdf79262446148bd859c3e,69fded1262446148bd848cf1,"Retail Data Systems of KC (RDS) / Data Systems, Inc.",69fdf109bf1df2fe969289b3,"prg843 - Pine Ridge Building 23 {PERG BUILDINGS, LLC}",evidenceOfInsurance,Evidence of Insurance,6ac20aae-5728-5d57-b364-aeba38527dba,Additional Requirements,2cdd866f-c9a4-576a-afd8-1d045762790c,The location must be listed as: 11316 W. 80th Street Lenexa KS 66214,,matchOnce,must be present,,Present,compliant,Block Requirements,,,true,1,,2026-08-16
"Block Real Estate Services, LLC",69fdf79262446148bd859c3e,69fded1262446148bd848cf1,"Retail Data Systems of KC (RDS) / Data Systems, Inc.",69fdf109bf1df2fe969289b3,"prg843 - Pine Ridge Building 23 {PERG BUILDINGS, LLC}",evidenceOfInsurance,Evidence of Insurance,6ac20aae-5728-5d57-b364-aeba38527dba,Additional Requirements,3649e9d1-4e09-59bf-8f30-cb33c40cf117,"Certificate Holder must read: c/o Block Real Estate Services, LLC, 4622 Pennsylvania St., Suite 700, Kansas City, MO, 64112",,matchOnce,must be present,,Present,compliant,Block Requirements,,,true,1,,2026-08-16
"Block Real Estate Services, LLC",69fdf79262446148bd859c40,69fded1d62446148bd849057,"W + D North America, Inc. / Paper Converting Machine Corporation/BW Converting",69fdf109bf1df2fe969289b3,"prg843 - Pine Ridge Building 23 {PERG BUILDINGS, LLC}",evidenceOfInsurance,Evidence of Insurance,commercialGeneralLiability,Commercial General Liability,evidenceOfInsuranceCommercialGeneralLiabilityCoverageTriggerOccurrence,Coverage Trigger: Occurrence,,matchOnce,must be present,,,non_compliant,Block Requirements,,,false,0,,2026-08-16
"Block Real Estate Services, LLC",69fdf79262446148bd859c40,69fded1d62446148bd849057,"W + D North America, Inc. / Paper Converting Machine Corporation/BW Converting",69fdf109bf1df2fe969289b3,"prg843 - Pine Ridge Building 23 {PERG BUILDINGS, LLC}",evidenceOfInsurance,Evidence of Insurance,commercialGeneralLiability,Commercial General Liability,evidenceOfInsuranceCommercialGeneralLiabilityGeneralAggregateLimitAppliesPerLocation,General Aggregate Limit Applies per: Location,,matchOnce,must be present,,,non_compliant,Block Requirements,,,false,0,,2026-08-16
"Block Real Estate Services, LLC",69fdf79262446148bd859c40,69fded1d62446148bd849057,"W + D North America, Inc. / Paper Converting Machine Corporation/BW Converting",69fdf109bf1df2fe969289b3,"prg843 - Pine Ridge Building 23 {PERG BUILDINGS, LLC}",evidenceOfInsurance,Evidence of Insurance,commercialGeneralLiability,Commercial General Liability,evidenceOfInsuranceCommercialGeneralLiabilityEachOccurrence,Each Occurrence,,matchOnce,must be greater or equal to,1000000,,non_compliant,Block Requirements,,,false,0,,2026-08-16
"Block Real Estate Services, LLC",69fdf79262446148bd859c40,69fded1d62446148bd849057,"W + D North America, Inc. / Paper Converting Machine Corporation/BW Converting",69fdf109bf1df2fe969289b3,"prg843 - Pine Ridge Building 23 {PERG BUILDINGS, LLC}",evidenceOfInsurance,Evidence of Insurance,commercialGeneralLiability,Commercial General Liability,evidenceOfInsuranceCommercialGeneralLiabilityGeneralAggregate,General Aggregate,,matchOnce,must be greater or equal to,2000000,,non_compliant,Block Requirements,,,false,0,,2026-08-16
"Block Real Estate Services, LLC",69fdf79262446148bd859c40,69fded1d62446148bd849057,"W + D North America, Inc. / Paper Converting Machine Corporation/BW Converting",69fdf109bf1df2fe969289b3,"prg843 - Pine Ridge Building 23 {PERG BUILDINGS, LLC}",evidenceOfInsurance,Evidence of Insurance,commercialGeneralLiability,Commercial General Liability,evidenceOfInsuranceCommercialGeneralLiabilityWaiverOfSubrogationEndorsement,Waiver of Subrogation,"---prompt---
Determine if the insurer has waived their right of subrogation in favor of the certificate holder under the Commercial General Liability policy. Evidence may include: a checked ""Waiver of Subrogation"" box on the certificate, mention in the Description of Operations section stating ""waiver of subrogation applies"", or reference to form CG 24 04. Look for language like ""subrogation is waived"" or ""per written contract"".",matchOnce,must be present,,,non_compliant,Block Requirements,,,false,0,,2026-08-16
"Block Real Estate Services, LLC",69fdf79262446148bd859c40,69fded1d62446148bd849057,"W + D North America, Inc. / Paper Converting Machine Corporation/BW Converting",69fdf109bf1df2fe969289b3,"prg843 - Pine Ridge Building 23 {PERG BUILDINGS, LLC}",evidenceOfInsurance,Evidence of Insurance,excessOrUmbrellaLiability,Umbrella/Excess Liability,evidenceOfInsuranceExcessOrUmbrellaLiabilityOccurence,Coverage Trigger: Occurrence,,matchOnce,must be present,,,non_compliant,Block Requirements,,,false,0,,2026-08-16
"Block Real Estate Services, LLC",69fdf79262446148bd859c40,69fded1d62446148bd849057,"W + D North America, Inc. / Paper Converting Machine Corporation/BW Converting",69fdf109bf1df2fe969289b3,"prg843 - Pine Ridge Building 23 {PERG BUILDINGS, LLC}",evidenceOfInsurance,Evidence of Insurance,excessOrUmbrellaLiability,Umbrella/Excess Liability,evidenceOfInsuranceExcessOrUmbrellaLiabilityEachOccurrence,Each Occurrence,,matchOnce,must be greater or equal to,1000000,,non_compliant,Block Requirements,,,false,0,,2026-08-16
"Block Real Estate Services, LLC",69fdf79262446148bd859c40,69fded1d62446148bd849057,"W + D North America, Inc. / Paper Converting Machine Corporation/BW Converting",69fdf109bf1df2fe969289b3,"prg843 - Pine Ridge Building 23 {PERG BUILDINGS, LLC}",evidenceOfInsurance,Evidence of Insurance,excessOrUmbrellaLiability,Umbrella/Excess Liability,evidenceOfInsuranceExcessOrUmbrellaLiabilityAggregate,Aggregate,,matchOnce,must be greater or equal to,1000000,,non_compliant,Block Requirements,,,false,0,,2026-08-16
"Block Real Estate Services, LLC",69fdf79262446148bd859c40,69fded1d62446148bd849057,"W + D North America, Inc. / Paper Converting Machine Corporation/BW Converting",69fdf109bf1df2fe969289b3,"prg843 - Pine Ridge Building 23 {PERG BUILDINGS, LLC}",evidenceOfInsurance,Evidence of Insurance,workersCompensation,Workers' Compensation and Employer's Liability,evidenceOfInsuranceWorkersCompensationStatutoryLimits,Statutory Limits,,matchOnce,must be present,,,non_compliant,Block Requirements,,,false,0,,2026-08-16
"Block Real Estate Services, LLC",69fdf79262446148bd859c40,69fded1d62446148bd849057,"W + D North America, Inc. / Paper Converting Machine Corporation/BW Converting",69fdf109bf1df2fe969289b3,"prg843 - Pine Ridge Building 23 {PERG BUILDINGS, LLC}",evidenceOfInsurance,Evidence of Insurance,workersCompensation,Workers' Compensation and Employer's Liability,evidenceOfInsuranceWorkersCompensationEmployersLiabilityEachAccident,Employer's Liability Each Accident,,matchOnce,must be greater or equal to,500000,,non_compliant,Block Requirements,,,false,0,,2026-08-16
"Block Real Estate Services, LLC",69fdf79262446148bd859c40,69fded1d62446148bd849057,"W + D North America, Inc. / Paper Converting Machine Corporation/BW Converting",69fdf109bf1df2fe969289b3,"prg843 - Pine Ridge Building 23 {PERG BUILDINGS, LLC}",evidenceOfInsurance,Evidence of Insurance,workersCompensation,Workers' Compensation and Employer's Liability,evidenceOfInsuranceWorkersCompensationEmployersLiabilityDiseaseEachEmployee,Employer's Liability Disease - each employee,,matchOnce,must be greater or equal to,500000,,non_compliant,Block Requirements,,,false,0,,2026-08-16
"Block Real Estate Services, LLC",69fdf79262446148bd859c40,69fded1d62446148bd849057,"W + D North America, Inc. / Paper Converting Machine Corporation/BW Converting",69fdf109bf1df2fe969289b3,"prg843 - Pine Ridge Building 23 {PERG BUILDINGS, LLC}",evidenceOfInsurance,Evidence of Insurance,workersCompensation,Workers' Compensation and Employer's Liability,evidenceOfInsuranceWorkersCompensationEmployersLiabilityDiseasePolicyLimit,Employer's Liability Disease - policy limit,,matchOnce,must be greater or equal to,500000,,non_compliant,Block Requirements,,,false,0,,2026-08-16
"Block Real Estate Services, LLC",69fdf79262446148bd859c40,69fded1d62446148bd849057,"W + D North America, Inc. / Paper Converting Machine Corporation/BW Converting",69fdf109bf1df2fe969289b3,"prg843 - Pine Ridge Building 23 {PERG BUILDINGS, LLC}",evidenceOfInsurance,Evidence of Insurance,workersCompensation,Workers' Compensation and Employer's Liability,evidenceOfInsuranceWorkersCompensationWaiverOfSubrogationEndorsement,Waiver of Subrogation,"---prompt---
Determine if the insurer has waived their right of subrogation in favor of the certificate holder under the Workers' Compensation policy. Evidence may include: a checked ""Waiver of Subrogation"" box on the certificate, mention in the Description of Operations section stating ""waiver of subrogation applies"", or reference to form WC 00 03 13. Look for language like ""subrogation is waived"" or ""per written contract"".",matchOnce,must be present,,,non_compliant,Block Requirements,,,false,0,,2026-08-16
"Block Real Estate Services, LLC",69fdf79262446148bd859c40,69fded1d62446148bd849057,"W + D North America, Inc. / Paper Converting Machine Corporation/BW Converting",69fdf109bf1df2fe969289b3,"prg843 - Pine Ridge Building 23 {PERG BUILDINGS, LLC}",evidenceOfInsurance,Evidence of Insurance,6ac20aae-5728-5d57-b364-aeba38527dba,Additional Requirements,4da5b0f1-4c9d-5885-8cf8-5d3cccaed3e0,"Block Real Estate Services, LLC and all others required by contract are named as Additional Insureds","---prompt---
Determine if the Description of Operations or the Additional Remarks Schedule section states the ""Additional Insured as Construction Management, Inc. and all others required by contract"" or reference to blanket additional insured coverage. Look for language like ""certificate holder is additional insured"" or ""per written contract"".",matchOnce,must be present,,,non_compliant,Block Requirements,,,true,0,,2026-08-16
"Block Real Estate Services, LLC",69fdf79262446148bd859c40,69fded1d62446148bd849057,"W + D North America, Inc. / Paper Converting Machine Corporation/BW Converting",69fdf109bf1df2fe969289b3,"prg843 - Pine Ridge Building 23 {PERG BUILDINGS, LLC}",evidenceOfInsurance,Evidence of Insurance,6ac20aae-5728-5d57-b364-aeba38527dba,Additional Requirements,e1017741-e47e-5f58-97b8-fbc3043e919f,Umbrella follows form over General Liability,"---prompt---
Determine if the Umbrella/Excess Liability policy follows form to the underlying policies. Evidence may include: language in the Description of Operations section stating the umbrella follows form to underlying coverages or an additional page endorsement stating that it follows form. Follow form means the umbrella policy adopts the same terms, conditions, and exclusions as the underlying policies.",matchOnce,must be present,,,non_compliant,Block Requirements,,,true,0,,2026-08-16
"Block Real Estate Services, LLC",69fdf79262446148bd859c40,69fded1d62446148bd849057,"W + D North America, Inc. / Paper Converting Machine Corporation/BW Converting",69fdf109bf1df2fe969289b3,"prg843 - Pine Ridge Building 23 {PERG BUILDINGS, LLC}",evidenceOfInsurance,Evidence of Insurance,6ac20aae-5728-5d57-b364-aeba38527dba,Additional Requirements,2cdd866f-c9a4-576a-afd8-1d045762790c,The location must be listed as: 11300 W. 80th Street Lenexa KS 66214,,matchOnce,must be present,,,non_compliant,Block Requirements,,,true,0,,2026-08-16
"Block Real Estate Services, LLC",69fdf79262446148bd859c40,69fded1d62446148bd849057,"W + D North America, Inc. / Paper Converting Machine Corporation/BW Converting",69fdf109bf1df2fe969289b3,"prg843 - Pine Ridge Building 23 {PERG BUILDINGS, LLC}",evidenceOfInsurance,Evidence of Insurance,6ac20aae-5728-5d57-b364-aeba38527dba,Additional Requirements,3649e9d1-4e09-59bf-8f30-cb33c40cf117,"Certificate Holder must read: c/o Block Real Estate Services, LLC, 4622 Pennsylvania St., Suite 700, Kansas City, MO, 64112",,matchOnce,must be present,,,non_compliant,Block Requirements,,,true,0,,2026-08-16
"Block Real Estate Services, LLC",69fdf79262446148bd859c3f,69fded1a62446148bd848f40,Magic Kitchen Inc,69fdf109bf1df2fe969289b3,"prg843 - Pine Ridge Building 23 {PERG BUILDINGS, LLC}",evidenceOfInsurance,Evidence of Insurance,commercialGeneralLiability,Commercial General Liability,evidenceOfInsuranceCommercialGeneralLiabilityCoverageTriggerOccurrence,Coverage Trigger: Occurrence,,matchOnce,must be present,,Present,compliant,Block Requirements,,,false,1,,2026-08-16
"Block Real Estate Services, LLC",69fdf79262446148bd859c3f,69fded1a62446148bd848f40,Magic Kitchen Inc,69fdf109bf1df2fe969289b3,"prg843 - Pine Ridge Building 23 {PERG BUILDINGS, LLC}",evidenceOfInsurance,Evidence of Insurance,commercialGeneralLiability,Commercial General Liability,evidenceOfInsuranceCommercialGeneralLiabilityGeneralAggregateLimitAppliesPerLocation,General Aggregate Limit Applies per: Location,,matchOnce,must be present,,,non_compliant,Block Requirements,,,false,0,,2026-08-16
"Block Real Estate Services, LLC",69fdf79262446148bd859c3f,69fded1a62446148bd848f40,Magic Kitchen Inc,69fdf109bf1df2fe969289b3,"prg843 - Pine Ridge Building 23 {PERG BUILDINGS, LLC}",evidenceOfInsurance,Evidence of Insurance,commercialGeneralLiability,Commercial General Liability,evidenceOfInsuranceCommercialGeneralLiabilityEachOccurrence,Each Occurrence,,matchOnce,must be greater or equal to,1000000,2000000,compliant,Block Requirements,,,false,1,,2026-08-16
"Block Real Estate Services, LLC",69fdf79262446148bd859c3f,69fded1a62446148bd848f40,Magic Kitchen Inc,69fdf109bf1df2fe969289b3,"prg843 - Pine Ridge Building 23 {PERG BUILDINGS, LLC}",evidenceOfInsurance,Evidence of Insurance,commercialGeneralLiability,Commercial General Liability,evidenceOfInsuranceCommercialGeneralLiabilityGeneralAggregate,General Aggregate,,matchOnce,must be greater or equal to,2000000,4000000,compliant,Block Requirements,,,false,1,,2026-08-16
"Block Real Estate Services, LLC",69fdf79262446148bd859c3f,69fded1a62446148bd848f40,Magic Kitchen Inc,69fdf109bf1df2fe969289b3,"prg843 - Pine Ridge Building 23 {PERG BUILDINGS, LLC}",evidenceOfInsurance,Evidence of Insurance,commercialGeneralLiability,Commercial General Liability,evidenceOfInsuranceCommercialGeneralLiabilityWaiverOfSubrogationEndorsement,Waiver of Subrogation,"---prompt---
Determine if the insurer has waived their right of subrogation in favor of the certificate holder under the Commercial General Liability policy. Evidence may include: a checked ""Waiver of Subrogation"" box on the certificate, mention in the Description of Operations section stating ""waiver of subrogation applies"", or reference to form CG 24 04. Look for language like ""subrogation is waived"" or ""per written contract"".",matchOnce,must be present,,Present,compliant,Block Requirements,,,false,1,,2026-08-16
"Block Real Estate Services, LLC",69fdf79262446148bd859c3f,69fded1a62446148bd848f40,Magic Kitchen Inc,69fdf109bf1df2fe969289b3,"prg843 - Pine Ridge Building 23 {PERG BUILDINGS, LLC}",evidenceOfInsurance,Evidence of Insurance,excessOrUmbrellaLiability,Umbrella/Excess Liability,evidenceOfInsuranceExcessOrUmbrellaLiabilityOccurence,Coverage Trigger: Occurrence,,matchOnce,must be present,,,waived,Block Requirements,,,false,0,,2026-08-16
"Block Real Estate Services, LLC",69fdf79262446148bd859c3f,69fded1a62446148bd848f40,Magic Kitchen Inc,69fdf109bf1df2fe969289b3,"prg843 - Pine Ridge Building 23 {PERG BUILDINGS, LLC}",evidenceOfInsurance,Evidence of Insurance,excessOrUmbrellaLiability,Umbrella/Excess Liability,evidenceOfInsuranceExcessOrUmbrellaLiabilityEachOccurrence,Each Occurrence,,matchOnce,must be greater or equal to,1000000,,waived,Block Requirements,,,false,0,,2026-08-16
"Block Real Estate Services, LLC",69fdf79262446148bd859c3f,69fded1a62446148bd848f40,Magic Kitchen Inc,69fdf109bf1df2fe969289b3,"prg843 - Pine Ridge Building 23 {PERG BUILDINGS, LLC}",evidenceOfInsurance,Evidence of Insurance,excessOrUmbrellaLiability,Umbrella/Excess Liability,evidenceOfInsuranceExcessOrUmbrellaLiabilityAggregate,Aggregate,,matchOnce,must be greater or equal to,1000000,,waived,Block Requirements,,,false,0,,2026-08-16
"Block Real Estate Services, LLC",69fdf79262446148bd859c3f,69fded1a62446148bd848f40,Magic Kitchen Inc,69fdf109bf1df2fe969289b3,"prg843 - Pine Ridge Building 23 {PERG BUILDINGS, LLC}",evidenceOfInsurance,Evidence of Insurance,workersCompensation,Workers' Compensation and Employer's Liability,evidenceOfInsuranceWorkersCompensationStatutoryLimits,Statutory Limits,,matchOnce,must be present,,,non_compliant,Block Requirements,,,false,0,,2026-08-16
"Block Real Estate Services, LLC",69fdf79262446148bd859c3f,69fded1a62446148bd848f40,Magic Kitchen Inc,69fdf109bf1df2fe969289b3,"prg843 - Pine Ridge Building 23 {PERG BUILDINGS, LLC}",evidenceOfInsurance,Evidence of Insurance,workersCompensation,Workers' Compensation and Employer's Liability,evidenceOfInsuranceWorkersCompensationEmployersLiabilityEachAccident,Employer's Liability Each Accident,,matchOnce,must be greater or equal to,500000,,non_compliant,Block Requirements,,,false,0,,2026-08-16
"Block Real Estate Services, LLC",69fdf79262446148bd859c3f,69fded1a62446148bd848f40,Magic Kitchen Inc,69fdf109bf1df2fe969289b3,"prg843 - Pine Ridge Building 23 {PERG BUILDINGS, LLC}",evidenceOfInsurance,Evidence of Insurance,workersCompensation,Workers' Compensation and Employer's Liability,evidenceOfInsuranceWorkersCompensationEmployersLiabilityDiseaseEachEmployee,Employer's Liability Disease - each employee,,matchOnce,must be greater or equal to,500000,,non_compliant,Block Requirements,,,false,0,,2026-08-16
"Block Real Estate Services, LLC",69fdf79262446148bd859c3f,69fded1a62446148bd848f40,Magic Kitchen Inc,69fdf109bf1df2fe969289b3,"prg843 - Pine Ridge Building 23 {PERG BUILDINGS, LLC}",evidenceOfInsurance,Evidence of Insurance,workersCompensation,Workers' Compensation and Employer's Liability,evidenceOfInsuranceWorkersCompensationEmployersLiabilityDiseasePolicyLimit,Employer's Liability Disease - policy limit,,matchOnce,must be greater or equal to,500000,,non_compliant,Block Requirements,,,false,0,,2026-08-16
"Block Real Estate Services, LLC",69fdf79262446148bd859c3f,69fded1a62446148bd848f40,Magic Kitchen Inc,69fdf109bf1df2fe969289b3,"prg843 - Pine Ridge Building 23 {PERG BUILDINGS, LLC}",evidenceOfInsurance,Evidence of Insurance,workersCompensation,Workers' Compensation and Employer's Liability,evidenceOfInsuranceWorkersCompensationWaiverOfSubrogationEndorsement,Waiver of Subrogation,"---prompt---
Determine if the insurer has waived their right of subrogation in favor of the certificate holder under the Workers' Compensation policy. Evidence may include: a checked ""Waiver of Subrogation"" box on the certificate, mention in the Description of Operations section stating ""waiver of subrogation applies"", or reference to form WC 00 03 13. Look for language like ""subrogation is waived"" or ""per written contract"".",matchOnce,must be present,,,non_compliant,Block Requirements,,,false,0,,2026-08-16
"Block Real Estate Services, LLC",69fdf79262446148bd859c3f,69fded1a62446148bd848f40,Magic Kitchen Inc,69fdf109bf1df2fe969289b3,"prg843 - Pine Ridge Building 23 {PERG BUILDINGS, LLC}",evidenceOfInsurance,Evidence of Insurance,6ac20aae-5728-5d57-b364-aeba38527dba,Additional Requirements,4da5b0f1-4c9d-5885-8cf8-5d3cccaed3e0,"Block Real Estate Services, LLC and all others required by contract are named as Additional Insureds","---prompt---
Determine if the Description of Operations or the Additional Remarks Schedule section states the ""Additional Insured as Construction Management, Inc. and all others required by contract"" or reference to blanket additional insured coverage. Look for language like ""certificate holder is additional insured"" or ""per written contract"".",matchOnce,must be present,,Present,compliant,Block Requirements,,,true,1,,2026-08-16
"Block Real Estate Services, LLC",69fdf79262446148bd859c3f,69fded1a62446148bd848f40,Magic Kitchen Inc,69fdf109bf1df2fe969289b3,"prg843 - Pine Ridge Building 23 {PERG BUILDINGS, LLC}",evidenceOfInsurance,Evidence of Insurance,6ac20aae-5728-5d57-b364-aeba38527dba,Additional Requirements,e1017741-e47e-5f58-97b8-fbc3043e919f,Umbrella follows form over General Liability,"---prompt---
Determine if the Umbrella/Excess Liability policy follows form to the underlying policies. Evidence may include: language in the Description of Operations section stating the umbrella follows form to underlying coverages or an additional page endorsement stating that it follows form. Follow form means the umbrella policy adopts the same terms, conditions, and exclusions as the underlying policies.",matchOnce,must be present,,,waived,Block Requirements,Umbrella requirement waived,,true,0,2027-06-18,2026-08-16
"Block Real Estate Services, LLC",69fdf79262446148bd859c3f,69fded1a62446148bd848f40,Magic Kitchen Inc,69fdf109bf1df2fe969289b3,"prg843 - Pine Ridge Building 23 {PERG BUILDINGS, LLC}",evidenceOfInsurance,Evidence of Insurance,6ac20aae-5728-5d57-b364-aeba38527dba,Additional Requirements,2cdd866f-c9a4-576a-afd8-1d045762790c,The location must be listed as: 11310 W. 80th Street Lenexa KS 66214,,matchOnce,must be present,,Present,compliant,Block Requirements,,,true,1,,2026-08-16
"Block Real Estate Services, LLC",69fdf79262446148bd859c3f,69fded1a62446148bd848f40,Magic Kitchen Inc,69fdf109bf1df2fe969289b3,"prg843 - Pine Ridge Building 23 {PERG BUILDINGS, LLC}",evidenceOfInsurance,Evidence of Insurance,6ac20aae-5728-5d57-b364-aeba38527dba,Additional Requirements,3649e9d1-4e09-59bf-8f30-cb33c40cf117,"Certificate Holder must read: c/o Block Real Estate Services, LLC, 4622 Pennsylvania St., Suite 700, Kansas City, MO, 64112",,matchOnce,must be present,,Present,compliant,Block Requirements,,,true,1,,2026-08-16
"Block Real Estate Services, LLC",69fdf79262446148bd859c41,69fded2262446148bd84921c,"TK Elevator (TKE) / thyssenkrupp Real Estate North America, LLC",69fdf109bf1df2fe969289b3,"prg843 - Pine Ridge Building 23 {PERG BUILDINGS, LLC}",evidenceOfInsurance,Evidence of Insurance,commercialGeneralLiability,Commercial General Liability,evidenceOfInsuranceCommercialGeneralLiabilityCoverageTriggerOccurrence,Coverage Trigger: Occurrence,,matchOnce,must be present,,,non_compliant,Block Requirements,,,false,0,,2026-08-16
"Block Real Estate Services, LLC",69fdf79262446148bd859c41,69fded2262446148bd84921c,"TK Elevator (TKE) / thyssenkrupp Real Estate North America, LLC",69fdf109bf1df2fe969289b3,"prg843 - Pine Ridge Building 23 {PERG BUILDINGS, LLC}",evidenceOfInsurance,Evidence of Insurance,commercialGeneralLiability,Commercial General Liability,evidenceOfInsuranceCommercialGeneralLiabilityGeneralAggregateLimitAppliesPerLocation,General Aggregate Limit Applies per: Location,,matchOnce,must be present,,,non_compliant,Block Requirements,,,false,0,,2026-08-16
"Block Real Estate Services, LLC",69fdf79262446148bd859c41,69fded2262446148bd84921c,"TK Elevator (TKE) / thyssenkrupp Real Estate North America, LLC",69fdf109bf1df2fe969289b3,"prg843 - Pine Ridge Building 23 {PERG BUILDINGS, LLC}",evidenceOfInsurance,Evidence of Insurance,commercialGeneralLiability,Commercial General Liability,evidenceOfInsuranceCommercialGeneralLiabilityEachOccurrence,Each Occurrence,,matchOnce,must be greater or equal to,1000000,,non_compliant,Block Requirements,,,false,0,,2026-08-16
"Block Real Estate Services, LLC",69fdf79262446148bd859c41,69fded2262446148bd84921c,"TK Elevator (TKE) / thyssenkrupp Real Estate North America, LLC",69fdf109bf1df2fe969289b3,"prg843 - Pine Ridge Building 23 {PERG BUILDINGS, LLC}",evidenceOfInsurance,Evidence of Insurance,commercialGeneralLiability,Commercial General Liability,evidenceOfInsuranceCommercialGeneralLiabilityGeneralAggregate,General Aggregate,,matchOnce,must be greater or equal to,2000000,,non_compliant,Block Requirements,,,false,0,,2026-08-16
"Block Real Estate Services, LLC",69fdf79262446148bd859c41,69fded2262446148bd84921c,"TK Elevator (TKE) / thyssenkrupp Real Estate North America, LLC",69fdf109bf1df2fe969289b3,"prg843 - Pine Ridge Building 23 {PERG BUILDINGS, LLC}",evidenceOfInsurance,Evidence of Insurance,commercialGeneralLiability,Commercial General Liability,evidenceOfInsuranceCommercialGeneralLiabilityWaiverOfSubrogationEndorsement,Waiver of Subrogation,"---prompt---
Determine if the insurer has waived their right of subrogation in favor of the certificate holder under the Commercial General Liability policy. Evidence may include: a checked ""Waiver of Subrogation"" box on the certificate, mention in the Description of Operations section stating ""waiver of subrogation applies"", or reference to form CG 24 04. Look for language like ""subrogation is waived"" or ""per written contract"".",matchOnce,must be present,,,non_compliant,Block Requirements,,,false,0,,2026-08-16
"Block Real Estate Services, LLC",69fdf79262446148bd859c41,69fded2262446148bd84921c,"TK Elevator (TKE) / thyssenkrupp Real Estate North America, LLC",69fdf109bf1df2fe969289b3,"prg843 - Pine Ridge Building 23 {PERG BUILDINGS, LLC}",evidenceOfInsurance,Evidence of Insurance,excessOrUmbrellaLiability,Umbrella/Excess Liability,evidenceOfInsuranceExcessOrUmbrellaLiabilityOccurence,Coverage Trigger: Occurrence,,matchOnce,must be present,,,non_compliant,Block Requirements,,,false,0,,2026-08-16
"Block Real Estate Services, LLC",69fdf79262446148bd859c41,69fded2262446148bd84921c,"TK Elevator (TKE) / thyssenkrupp Real Estate North America, LLC",69fdf109bf1df2fe969289b3,"prg843 - Pine Ridge Building 23 {PERG BUILDINGS, LLC}",evidenceOfInsurance,Evidence of Insurance,excessOrUmbrellaLiability,Umbrella/Excess Liability,evidenceOfInsuranceExcessOrUmbrellaLiabilityEachOccurrence,Each Occurrence,,matchOnce,must be greater or equal to,1000000,,non_compliant,Block Requirements,,,false,0,,2026-08-16
"Block Real Estate Services, LLC",69fdf79262446148bd859c41,69fded2262446148bd84921c,"TK Elevator (TKE) / thyssenkrupp Real Estate North America, LLC",69fdf109bf1df2fe969289b3,"prg843 - Pine Ridge Building 23 {PERG BUILDINGS, LLC}",evidenceOfInsurance,Evidence of Insurance,excessOrUmbrellaLiability,Umbrella/Excess Liability,evidenceOfInsuranceExcessOrUmbrellaLiabilityAggregate,Aggregate,,matchOnce,must be greater or equal to,1000000,,non_compliant,Block Requirements,,,false,0,,2026-08-16
"Block Real Estate Services, LLC",69fdf79262446148bd859c41,69fded2262446148bd84921c,"TK Elevator (TKE) / thyssenkrupp Real Estate North America, LLC",69fdf109bf1df2fe969289b3,"prg843 - Pine Ridge Building 23 {PERG BUILDINGS, LLC}",evidenceOfInsurance,Evidence of Insurance,workersCompensation,Workers' Compensation and Employer's Liability,evidenceOfInsuranceWorkersCompensationStatutoryLimits,Statutory Limits,,matchOnce,must be present,,,non_compliant,Block Requirements,,,false,0,,2026-08-16
"Block Real Estate Services, LLC",69fdf79262446148bd859c41,69fded2262446148bd84921c,"TK Elevator (TKE) / thyssenkrupp Real Estate North America, LLC",69fdf109bf1df2fe969289b3,"prg843 - Pine Ridge Building 23 {PERG BUILDINGS, LLC}",evidenceOfInsurance,Evidence of Insurance,workersCompensation,Workers' Compensation and Employer's Liability,evidenceOfInsuranceWorkersCompensationEmployersLiabilityEachAccident,Employer's Liability Each Accident,,matchOnce,must be greater or equal to,500000,,non_compliant,Block Requirements,,,false,0,,2026-08-16
"Block Real Estate Services, LLC",69fdf79262446148bd859c41,69fded2262446148bd84921c,"TK Elevator (TKE) / thyssenkrupp Real Estate North America, LLC",69fdf109bf1df2fe969289b3,"prg843 - Pine Ridge Building 23 {PERG BUILDINGS, LLC}",evidenceOfInsurance,Evidence of Insurance,workersCompensation,Workers' Compensation and Employer's Liability,evidenceOfInsuranceWorkersCompensationEmployersLiabilityDiseaseEachEmployee,Employer's Liability Disease - each employee,,matchOnce,must be greater or equal to,500000,,non_compliant,Block Requirements,,,false,0,,2026-08-16
"Block Real Estate Services, LLC",69fdf79262446148bd859c41,69fded2262446148bd84921c,"TK Elevator (TKE) / thyssenkrupp Real Estate North America, LLC",69fdf109bf1df2fe969289b3,"prg843 - Pine Ridge Building 23 {PERG BUILDINGS, LLC}",evidenceOfInsurance,Evidence of Insurance,workersCompensation,Workers' Compensation and Employer's Liability,evidenceOfInsuranceWorkersCompensationEmployersLiabilityDiseasePolicyLimit,Employer's Liability Disease - policy limit,,matchOnce,must be greater or equal to,500000,,non_compliant,Block Requirements,,,false,0,,2026-08-16
"Block Real Estate Services, LLC",69fdf79262446148bd859c41,69fded2262446148bd84921c,"TK Elevator (TKE) / thyssenkrupp Real Estate North America, LLC",69fdf109bf1df2fe969289b3,"prg843 - Pine Ridge Building 23 {PERG BUILDINGS, LLC}",evidenceOfInsurance,Evidence of Insurance,workersCompensation,Workers' Compensation and Employer's Liability,evidenceOfInsuranceWorkersCompensationWaiverOfSubrogationEndorsement,Waiver of Subrogation,"---prompt---
Determine if the insurer has waived their right of subrogation in favor of the certificate holder under the Workers' Compensation policy. Evidence may include: a checked ""Waiver of Subrogation"" box on the certificate, mention in the Description of Operations section stating ""waiver of subrogation applies"", or reference to form WC 00 03 13. Look for language like ""subrogation is waived"" or ""per written contract"".",matchOnce,must be present,,,non_compliant,Block Requirements,,,false,0,,2026-08-16
"Block Real Estate Services, LLC",69fdf79262446148bd859c41,69fded2262446148bd84921c,"TK Elevator (TKE) / thyssenkrupp Real Estate North America, LLC",69fdf109bf1df2fe969289b3,"prg843 - Pine Ridge Building 23 {PERG BUILDINGS, LLC}",evidenceOfInsurance,Evidence of Insurance,6ac20aae-5728-5d57-b364-aeba38527dba,Additional Requirements,4da5b0f1-4c9d-5885-8cf8-5d3cccaed3e0,"Block Real Estate Services, LLC and all others required by contract are named as Additional Insureds","---prompt---
Determine if the Description of Operations or the Additional Remarks Schedule section states the ""Additional Insured as Construction Management, Inc. and all others required by contract"" or reference to blanket additional insured coverage. Look for language like ""certificate holder is additional insured"" or ""per written contract"".",matchOnce,must be present,,,non_compliant,Block Requirements,,,true,0,,2026-08-16
"Block Real Estate Services, LLC",69fdf79262446148bd859c41,69fded2262446148bd84921c,"TK Elevator (TKE) / thyssenkrupp Real Estate North America, LLC",69fdf109bf1df2fe969289b3,"prg843 - Pine Ridge Building 23 {PERG BUILDINGS, LLC}",evidenceOfInsurance,Evidence of Insurance,6ac20aae-5728-5d57-b364-aeba38527dba,Additional Requirements,e1017741-e47e-5f58-97b8-fbc3043e919f,Umbrella follows form over General Liability,"---prompt---
Determine if the Umbrella/Excess Liability policy follows form to the underlying policies. Evidence may include: language in the Description of Operations section stating the umbrella follows form to underlying coverages or an additional page endorsement stating that it follows form. Follow form means the umbrella policy adopts the same terms, conditions, and exclusions as the underlying policies.",matchOnce,must be present,,,non_compliant,Block Requirements,,,true,0,,2026-08-16
"Block Real Estate Services, LLC",69fdf79262446148bd859c41,69fded2262446148bd84921c,"TK Elevator (TKE) / thyssenkrupp Real Estate North America, LLC",69fdf109bf1df2fe969289b3,"prg843 - Pine Ridge Building 23 {PERG BUILDINGS, LLC}",evidenceOfInsurance,Evidence of Insurance,6ac20aae-5728-5d57-b364-aeba38527dba,Additional Requirements,2cdd866f-c9a4-576a-afd8-1d045762790c,The location must be listed as: 11314 W. 80th Street Lenexa KS 66214,,matchOnce,must be present,,,non_compliant,Block Requirements,,,true,0,,2026-08-16
"Block Real Estate Services, LLC",69fdf79262446148bd859c41,69fded2262446148bd84921c,"TK Elevator (TKE) / thyssenkrupp Real Estate North America, LLC",69fdf109bf1df2fe969289b3,"prg843 - Pine Ridge Building 23 {PERG BUILDINGS, LLC}",evidenceOfInsurance,Evidence of Insurance,6ac20aae-5728-5d57-b364-aeba38527dba,Additional Requirements,3649e9d1-4e09-59bf-8f30-cb33c40cf117,"Certificate Holder must read: c/o Block Real Estate Services, LLC, 4622 Pennsylvania St., Suite 700, Kansas City, MO, 64112",,matchOnce,must be present,,,non_compliant,Block Requirements,,,true,0,,2026-08-16
"Block Real Estate Services, LLC",6a186d67f7507f5543380b25,69fded1d62446148bd849057,"W + D North America, Inc. / Paper Converting Machine Corporation/BW Converting",69fdf109bf1df2fe969289b3,"prg843 - Pine Ridge Building 23 {PERG BUILDINGS, LLC}",evidenceOfInsurance,Evidence of Insurance,commercialGeneralLiability,Commercial General Liability,evidenceOfInsuranceCommercialGeneralLiabilityCoverageTriggerOccurrence,Coverage Trigger: Occurrence,,matchOnce,must be present,,,non_compliant,Block Requirements,,,false,0,,2026-08-16
"Block Real Estate Services, LLC",6a186d67f7507f5543380b25,69fded1d62446148bd849057,"W + D North America, Inc. / Paper Converting Machine Corporation/BW Converting",69fdf109bf1df2fe969289b3,"prg843 - Pine Ridge Building 23 {PERG BUILDINGS, LLC}",evidenceOfInsurance,Evidence of Insurance,commercialGeneralLiability,Commercial General Liability,evidenceOfInsuranceCommercialGeneralLiabilityGeneralAggregateLimitAppliesPerLocation,General Aggregate Limit Applies per: Location,,matchOnce,must be present,,,non_compliant,Block Requirements,,,false,0,,2026-08-16
"Block Real Estate Services, LLC",6a186d67f7507f5543380b25,69fded1d62446148bd849057,"W + D North America, Inc. / Paper Converting Machine Corporation/BW Converting",69fdf109bf1df2fe969289b3,"prg843 - Pine Ridge Building 23 {PERG BUILDINGS, LLC}",evidenceOfInsurance,Evidence of Insurance,commercialGeneralLiability,Commercial General Liability,evidenceOfInsuranceCommercialGeneralLiabilityEachOccurrence,Each Occurrence,,matchOnce,must be greater or equal to,1000000,,non_compliant,Block Requirements,,,false,0,,2026-08-16
"Block Real Estate Services, LLC",6a186d67f7507f5543380b25,69fded1d62446148bd849057,"W + D North America, Inc. / Paper Converting Machine Corporation/BW Converting",69fdf109bf1df2fe969289b3,"prg843 - Pine Ridge Building 23 {PERG BUILDINGS, LLC}",evidenceOfInsurance,Evidence of Insurance,commercialGeneralLiability,Commercial General Liability,evidenceOfInsuranceCommercialGeneralLiabilityGeneralAggregate,General Aggregate,,matchOnce,must be greater or equal to,2000000,,non_compliant,Block Requirements,,,false,0,,2026-08-16
"Block Real Estate Services, LLC",6a186d67f7507f5543380b25,69fded1d62446148bd849057,"W + D North America, Inc. / Paper Converting Machine Corporation/BW Converting",69fdf109bf1df2fe969289b3,"prg843 - Pine Ridge Building 23 {PERG BUILDINGS, LLC}",evidenceOfInsurance,Evidence of Insurance,commercialGeneralLiability,Commercial General Liability,evidenceOfInsuranceCommercialGeneralLiabilityWaiverOfSubrogationEndorsement,Waiver of Subrogation,"---prompt---
Determine if the insurer has waived their right of subrogation in favor of the certificate holder under the Commercial General Liability policy. Evidence may include: a checked ""Waiver of Subrogation"" box on the certificate, mention in the Description of Operations section stating ""waiver of subrogation applies"", or reference to form CG 24 04. Look for language like ""subrogation is waived"" or ""per written contract"".",matchOnce,must be present,,,non_compliant,Block Requirements,,,false,0,,2026-08-16
"Block Real Estate Services, LLC",6a186d67f7507f5543380b25,69fded1d62446148bd849057,"W + D North America, Inc. / Paper Converting Machine Corporation/BW Converting",69fdf109bf1df2fe969289b3,"prg843 - Pine Ridge Building 23 {PERG BUILDINGS, LLC}",evidenceOfInsurance,Evidence of Insurance,excessOrUmbrellaLiability,Umbrella/Excess Liability,evidenceOfInsuranceExcessOrUmbrellaLiabilityOccurence,Coverage Trigger: Occurrence,,matchOnce,must be present,,,non_compliant,Block Requirements,,,false,0,,2026-08-16
"Block Real Estate Services, LLC",6a186d67f7507f5543380b25,69fded1d62446148bd849057,"W + D North America, Inc. / Paper Converting Machine Corporation/BW Converting",69fdf109bf1df2fe969289b3,"prg843 - Pine Ridge Building 23 {PERG BUILDINGS, LLC}",evidenceOfInsurance,Evidence of Insurance,excessOrUmbrellaLiability,Umbrella/Excess Liability,evidenceOfInsuranceExcessOrUmbrellaLiabilityEachOccurrence,Each Occurrence,,matchOnce,must be greater or equal to,1000000,,non_compliant,Block Requirements,,,false,0,,2026-08-16
"Block Real Estate Services, LLC",6a186d67f7507f5543380b25,69fded1d62446148bd849057,"W + D North America, Inc. / Paper Converting Machine Corporation/BW Converting",69fdf109bf1df2fe969289b3,"prg843 - Pine Ridge Building 23 {PERG BUILDINGS, LLC}",evidenceOfInsurance,Evidence of Insurance,excessOrUmbrellaLiability,Umbrella/Excess Liability,evidenceOfInsuranceExcessOrUmbrellaLiabilityAggregate,Aggregate,,matchOnce,must be greater or equal to,1000000,,non_compliant,Block Requirements,,,false,0,,2026-08-16
"Block Real Estate Services, LLC",6a186d67f7507f5543380b25,69fded1d62446148bd849057,"W + D North America, Inc. / Paper Converting Machine Corporation/BW Converting",69fdf109bf1df2fe969289b3,"prg843 - Pine Ridge Building 23 {PERG BUILDINGS, LLC}",evidenceOfInsurance,Evidence of Insurance,workersCompensation,Workers' Compensation and Employer's Liability,evidenceOfInsuranceWorkersCompensationStatutoryLimits,Statutory Limits,,matchOnce,must be present,,,non_compliant,Block Requirements,,,false,0,,2026-08-16
"Block Real Estate Services, LLC",6a186d67f7507f5543380b25,69fded1d62446148bd849057,"W + D North America, Inc. / Paper Converting Machine Corporation/BW Converting",69fdf109bf1df2fe969289b3,"prg843 - Pine Ridge Building 23 {PERG BUILDINGS, LLC}",evidenceOfInsurance,Evidence of Insurance,workersCompensation,Workers' Compensation and Employer's Liability,evidenceOfInsuranceWorkersCompensationEmployersLiabilityEachAccident,Employer's Liability Each Accident,,matchOnce,must be greater or equal to,500000,,non_compliant,Block Requirements,,,false,0,,2026-08-16
"Block Real Estate Services, LLC",6a186d67f7507f5543380b25,69fded1d62446148bd849057,"W + D North America, Inc. / Paper Converting Machine Corporation/BW Converting",69fdf109bf1df2fe969289b3,"prg843 - Pine Ridge Building 23 {PERG BUILDINGS, LLC}",evidenceOfInsurance,Evidence of Insurance,workersCompensation,Workers' Compensation and Employer's Liability,evidenceOfInsuranceWorkersCompensationEmployersLiabilityDiseaseEachEmployee,Employer's Liability Disease - each employee,,matchOnce,must be greater or equal to,500000,,non_compliant,Block Requirements,,,false,0,,2026-08-16
"Block Real Estate Services, LLC",6a186d67f7507f5543380b25,69fded1d62446148bd849057,"W + D North America, Inc. / Paper Converting Machine Corporation/BW Converting",69fdf109bf1df2fe969289b3,"prg843 - Pine Ridge Building 23 {PERG BUILDINGS, LLC}",evidenceOfInsurance,Evidence of Insurance,workersCompensation,Workers' Compensation and Employer's Liability,evidenceOfInsuranceWorkersCompensationEmployersLiabilityDiseasePolicyLimit,Employer's Liability Disease - policy limit,,matchOnce,must be greater or equal to,500000,,non_compliant,Block Requirements,,,false,0,,2026-08-16
"Block Real Estate Services, LLC",6a186d67f7507f5543380b25,69fded1d62446148bd849057,"W + D North America, Inc. / Paper Converting Machine Corporation/BW Converting",69fdf109bf1df2fe969289b3,"prg843 - Pine Ridge Building 23 {PERG BUILDINGS, LLC}",evidenceOfInsurance,Evidence of Insurance,workersCompensation,Workers' Compensation and Employer's Liability,evidenceOfInsuranceWorkersCompensationWaiverOfSubrogationEndorsement,Waiver of Subrogation,"---prompt---
Determine if the insurer has waived their right of subrogation in favor of the certificate holder under the Workers' Compensation policy. Evidence may include: a checked ""Waiver of Subrogation"" box on the certificate, mention in the Description of Operations section stating ""waiver of subrogation applies"", or reference to form WC 00 03 13. Look for language like ""subrogation is waived"" or ""per written contract"".",matchOnce,must be present,,,non_compliant,Block Requirements,,,false,0,,2026-08-16
"Block Real Estate Services, LLC",6a186d67f7507f5543380b25,69fded1d62446148bd849057,"W + D North America, Inc. / Paper Converting Machine Corporation/BW Converting",69fdf109bf1df2fe969289b3,"prg843 - Pine Ridge Building 23 {PERG BUILDINGS, LLC}",evidenceOfInsurance,Evidence of Insurance,6ac20aae-5728-5d57-b364-aeba38527dba,Additional Requirements,4da5b0f1-4c9d-5885-8cf8-5d3cccaed3e0,"Block Real Estate Services, LLC and all others required by contract are named as Additional Insureds","---prompt---
Determine if the Description of Operations or the Additional Remarks Schedule section states the ""Additional Insured as Construction Management, Inc. and all others required by contract"" or reference to blanket additional insured coverage. Look for language like ""certificate holder is additional insured"" or ""per written contract"".",matchOnce,must be present,,,non_compliant,Block Requirements,,,true,0,,2026-08-16
"Block Real Estate Services, LLC",6a186d67f7507f5543380b25,69fded1d62446148bd849057,"W + D North America, Inc. / Paper Converting Machine Corporation/BW Converting",69fdf109bf1df2fe969289b3,"prg843 - Pine Ridge Building 23 {PERG BUILDINGS, LLC}",evidenceOfInsurance,Evidence of Insurance,6ac20aae-5728-5d57-b364-aeba38527dba,Additional Requirements,e1017741-e47e-5f58-97b8-fbc3043e919f,Umbrella follows form over General Liability,"---prompt---
Determine if the Umbrella/Excess Liability policy follows form to the underlying policies. Evidence may include: language in the Description of Operations section stating the umbrella follows form to underlying coverages or an additional page endorsement stating that it follows form. Follow form means the umbrella policy adopts the same terms, conditions, and exclusions as the underlying policies.",matchOnce,must be present,,,non_compliant,Block Requirements,,,true,0,,2026-08-16
"Block Real Estate Services, LLC",6a186d67f7507f5543380b25,69fded1d62446148bd849057,"W + D North America, Inc. / Paper Converting Machine Corporation/BW Converting",69fdf109bf1df2fe969289b3,"prg843 - Pine Ridge Building 23 {PERG BUILDINGS, LLC}",evidenceOfInsurance,Evidence of Insurance,6ac20aae-5728-5d57-b364-aeba38527dba,Additional Requirements,2cdd866f-c9a4-576a-afd8-1d045762790c,"The location must be listed as: 11304, 11306, 11308 W. 80th Street Lenexa KS 66214",,matchOnce,must be present,,,non_compliant,Block Requirements,,,true,0,,2026-08-16
"Block Real Estate Services, LLC",6a186d67f7507f5543380b25,69fded1d62446148bd849057,"W + D North America, Inc. / Paper Converting Machine Corporation/BW Converting",69fdf109bf1df2fe969289b3,"prg843 - Pine Ridge Building 23 {PERG BUILDINGS, LLC}",evidenceOfInsurance,Evidence of Insurance,6ac20aae-5728-5d57-b364-aeba38527dba,Additional Requirements,3649e9d1-4e09-59bf-8f30-cb33c40cf117,"Certificate Holder must read: c/o Block Real Estate Services, LLC, 4622 Pennsylvania St., Suite 700, Kansas City, MO, 64112",,matchOnce,must be present,,,non_compliant,Block Requirements,,,true,0,,2026-08-16
"Block Real Estate Services, LLC",69fdf7a362446148bd85b06c,69fded1a62446148bd848f73,MAWD Pathology Group P.A.,69fdf1a78e25e7a0d91889e0,"tic682 - College Crossing G {College Crossing EFGH, LLC}",evidenceOfInsurance,Evidence of Insurance,commercialGeneralLiability,Commercial General Liability,evidenceOfInsuranceCommercialGeneralLiabilityCoverageTriggerOccurrence,Coverage Trigger: Occurrence,,matchOnce,must be present,,,non_compliant,Block Requirements,,,false,0,,2026-08-16
"Block Real Estate Services, LLC",69fdf7a362446148bd85b06c,69fded1a62446148bd848f73,MAWD Pathology Group P.A.,69fdf1a78e25e7a0d91889e0,"tic682 - College Crossing G {College Crossing EFGH, LLC}",evidenceOfInsurance,Evidence of Insurance,commercialGeneralLiability,Commercial General Liability,evidenceOfInsuranceCommercialGeneralLiabilityGeneralAggregateLimitAppliesPerLocation,General Aggregate Limit Applies per: Location,,matchOnce,must be present,,,non_compliant,Block Requirements,,,false,0,,2026-08-16
"Block Real Estate Services, LLC",69fdf7a362446148bd85b06c,69fded1a62446148bd848f73,MAWD Pathology Group P.A.,69fdf1a78e25e7a0d91889e0,"tic682 - College Crossing G {College Crossing EFGH, LLC}",evidenceOfInsurance,Evidence of Insurance,commercialGeneralLiability,Commercial General Liability,evidenceOfInsuranceCommercialGeneralLiabilityEachOccurrence,Each Occurrence,,matchOnce,must be greater or equal to,1000000,,non_compliant,Block Requirements,,,false,0,,2026-08-16
"Block Real Estate Services, LLC",69fdf7a362446148bd85b06c,69fded1a62446148bd848f73,MAWD Pathology Group P.A.,69fdf1a78e25e7a0d91889e0,"tic682 - College Crossing G {College Crossing EFGH, LLC}",evidenceOfInsurance,Evidence of Insurance,commercialGeneralLiability,Commercial General Liability,evidenceOfInsuranceCommercialGeneralLiabilityGeneralAggregate,General Aggregate,,matchOnce,must be greater or equal to,2000000,,non_compliant,Block Requirements,,,false,0,,2026-08-16
"Block Real Estate Services, LLC",69fdf7a362446148bd85b06c,69fded1a62446148bd848f73,MAWD Pathology Group P.A.,69fdf1a78e25e7a0d91889e0,"tic682 - College Crossing G {College Crossing EFGH, LLC}",evidenceOfInsurance,Evidence of Insurance,commercialGeneralLiability,Commercial General Liability,evidenceOfInsuranceCommercialGeneralLiabilityWaiverOfSubrogationEndorsement,Waiver of Subrogation,"---prompt---
Determine if the insurer has waived their right of subrogation in favor of the certificate holder under the Commercial General Liability policy. Evidence may include: a checked ""Waiver of Subrogation"" box on the certificate, mention in the Description of Operations section stating ""waiver of subrogation applies"", or reference to form CG 24 04. Look for language like ""subrogation is waived"" or ""per written contract"".",matchOnce,must be present,,,non_compliant,Block Requirements,,,false,0,,2026-08-16
"Block Real Estate Services, LLC",69fdf7a362446148bd85b06c,69fded1a62446148bd848f73,MAWD Pathology Group P.A.,69fdf1a78e25e7a0d91889e0,"tic682 - College Crossing G {College Crossing EFGH, LLC}",evidenceOfInsurance,Evidence of Insurance,excessOrUmbrellaLiability,Umbrella/Excess Liability,evidenceOfInsuranceExcessOrUmbrellaLiabilityOccurence,Coverage Trigger: Occurrence,,matchOnce,must be present,,,non_compliant,Block Requirements,,,false,0,,2026-08-16
"Block Real Estate Services, LLC",69fdf7a362446148bd85b06c,69fded1a62446148bd848f73,MAWD Pathology Group P.A.,69fdf1a78e25e7a0d91889e0,"tic682 - College Crossing G {College Crossing EFGH, LLC}",evidenceOfInsurance,Evidence of Insurance,excessOrUmbrellaLiability,Umbrella/Excess Liability,evidenceOfInsuranceExcessOrUmbrellaLiabilityEachOccurrence,Each Occurrence,,matchOnce,must be greater or equal to,1000000,,non_compliant,Block Requirements,,,false,0,,2026-08-16
"Block Real Estate Services, LLC",69fdf7a362446148bd85b06c,69fded1a62446148bd848f73,MAWD Pathology Group P.A.,69fdf1a78e25e7a0d91889e0,"tic682 - College Crossing G {College Crossing EFGH, LLC}",evidenceOfInsurance,Evidence of Insurance,excessOrUmbrellaLiability,Umbrella/Excess Liability,evidenceOfInsuranceExcessOrUmbrellaLiabilityAggregate,Aggregate,,matchOnce,must be greater or equal to,1000000,,non_compliant,Block Requirements,,,false,0,,2026-08-16
"Block Real Estate Services, LLC",69fdf7a362446148bd85b06c,69fded1a62446148bd848f73,MAWD Pathology Group P.A.,69fdf1a78e25e7a0d91889e0,"tic682 - College Crossing G {College Crossing EFGH, LLC}",evidenceOfInsurance,Evidence of Insurance,workersCompensation,Workers' Compensation and Employer's Liability,evidenceOfInsuranceWorkersCompensationStatutoryLimits,Statutory Limits,,matchOnce,must be present,,,non_compliant,Block Requirements,,,false,0,,2026-08-16
"Block Real Estate Services, LLC",69fdf7a362446148bd85b06c,69fded1a62446148bd848f73,MAWD Pathology Group P.A.,69fdf1a78e25e7a0d91889e0,"tic682 - College Crossing G {College Crossing EFGH, LLC}",evidenceOfInsurance,Evidence of Insurance,workersCompensation,Workers' Compensation and Employer's Liability,evidenceOfInsuranceWorkersCompensationEmployersLiabilityEachAccident,Employer's Liability Each Accident,,matchOnce,must be greater or equal to,500000,,non_compliant,Block Requirements,,,false,0,,2026-08-16
"Block Real Estate Services, LLC",69fdf7a362446148bd85b06c,69fded1a62446148bd848f73,MAWD Pathology Group P.A.,69fdf1a78e25e7a0d91889e0,"tic682 - College Crossing G {College Crossing EFGH, LLC}",evidenceOfInsurance,Evidence of Insurance,workersCompensation,Workers' Compensation and Employer's Liability,evidenceOfInsuranceWorkersCompensationEmployersLiabilityDiseaseEachEmployee,Employer's Liability Disease - each employee,,matchOnce,must be greater or equal to,500000,,non_compliant,Block Requirements,,,false,0,,2026-08-16
"Block Real Estate Services, LLC",69fdf7a362446148bd85b06c,69fded1a62446148bd848f73,MAWD Pathology Group P.A.,69fdf1a78e25e7a0d91889e0,"tic682 - College Crossing G {College Crossing EFGH, LLC}",evidenceOfInsurance,Evidence of Insurance,workersCompensation,Workers' Compensation and Employer's Liability,evidenceOfInsuranceWorkersCompensationEmployersLiabilityDiseasePolicyLimit,Employer's Liability Disease - policy limit,,matchOnce,must be greater or equal to,500000,,non_compliant,Block Requirements,,,false,0,,2026-08-16
"Block Real Estate Services, LLC",69fdf7a362446148bd85b06c,69fded1a62446148bd848f73,MAWD Pathology Group P.A.,69fdf1a78e25e7a0d91889e0,"tic682 - College Crossing G {College Crossing EFGH, LLC}",evidenceOfInsurance,Evidence of Insurance,workersCompensation,Workers' Compensation and Employer's Liability,evidenceOfInsuranceWorkersCompensationWaiverOfSubrogationEndorsement,Waiver of Subrogation,"---prompt---
Determine if the insurer has waived their right of subrogation in favor of the certificate holder under the Workers' Compensation policy. Evidence may include: a checked ""Waiver of Subrogation"" box on the certificate, mention in the Description of Operations section stating ""waiver of subrogation applies"", or reference to form WC 00 03 13. Look for language like ""subrogation is waived"" or ""per written contract"".",matchOnce,must be present,,,non_compliant,Block Requirements,,,false,0,,2026-08-16
"Block Real Estate Services, LLC",69fdf7a362446148bd85b06c,69fded1a62446148bd848f73,MAWD Pathology Group P.A.,69fdf1a78e25e7a0d91889e0,"tic682 - College Crossing G {College Crossing EFGH, LLC}",evidenceOfInsurance,Evidence of Insurance,6ac20aae-5728-5d57-b364-aeba38527dba,Additional Requirements,4da5b0f1-4c9d-5885-8cf8-5d3cccaed3e0,"Block Real Estate Services, LLC and all others required by contract are named as Additional Insureds","---prompt---
Determine if the Description of Operations or the Additional Remarks Schedule section states the ""Additional Insured as Construction Management, Inc. and all others required by contract"" or reference to blanket additional insured coverage. Look for language like ""certificate holder is additional insured"" or ""per written contract"".",matchOnce,must be present,,,non_compliant,Block Requirements,,,true,0,,2026-08-16
"Block Real Estate Services, LLC",69fdf7a362446148bd85b06c,69fded1a62446148bd848f73,MAWD Pathology Group P.A.,69fdf1a78e25e7a0d91889e0,"tic682 - College Crossing G {College Crossing EFGH, LLC}",evidenceOfInsurance,Evidence of Insurance,6ac20aae-5728-5d57-b364-aeba38527dba,Additional Requirements,e1017741-e47e-5f58-97b8-fbc3043e919f,Umbrella follows form over General Liability,"---prompt---
Determine if the Umbrella/Excess Liability policy follows form to the underlying policies. Evidence may include: language in the Description of Operations section stating the umbrella follows form to underlying coverages or an additional page endorsement stating that it follows form. Follow form means the umbrella policy adopts the same terms, conditions, and exclusions as the underlying policies.",matchOnce,must be present,,,non_compliant,Block Requirements,,,true,0,,2026-08-16
"Block Real Estate Services, LLC",69fdf7a362446148bd85b06c,69fded1a62446148bd848f73,MAWD Pathology Group P.A.,69fdf1a78e25e7a0d91889e0,"tic682 - College Crossing G {College Crossing EFGH, LLC}",evidenceOfInsurance,Evidence of Insurance,6ac20aae-5728-5d57-b364-aeba38527dba,Additional Requirements,2cdd866f-c9a4-576a-afd8-1d045762790c,"The location must be listed as: 11066, 11068 Strang Line Road Lenexa KS 66215",,matchOnce,must be present,,,non_compliant,Block Requirements,,,true,0,,2026-08-16
"Block Real Estate Services, LLC",69fdf7a362446148bd85b06c,69fded1a62446148bd848f73,MAWD Pathology Group P.A.,69fdf1a78e25e7a0d91889e0,"tic682 - College Crossing G {College Crossing EFGH, LLC}",evidenceOfInsurance,Evidence of Insurance,6ac20aae-5728-5d57-b364-aeba38527dba,Additional Requirements,3649e9d1-4e09-59bf-8f30-cb33c40cf117,"Certificate Holder must read: c/o Block Real Estate Services, LLC, 4622 Pennsylvania St., Suite 700, Kansas City, MO, 64112",,matchOnce,must be present,,,non_compliant,Block Requirements,,,true,0,,2026-08-16
"Block Real Estate Services, LLC",69fdf7a362446148bd85b06e,69fded1c62446148bd849012,"Pirtek / Norris Ventures, LLC",69fdf1a78e25e7a0d91889e0,"tic682 - College Crossing G {College Crossing EFGH, LLC}",evidenceOfInsurance,Evidence of Insurance,commercialGeneralLiability,Commercial General Liability,evidenceOfInsuranceCommercialGeneralLiabilityCoverageTriggerOccurrence,Coverage Trigger: Occurrence,,matchOnce,must be present,,,non_compliant,Block Requirements,,,false,0,,2026-08-16
"Block Real Estate Services, LLC",69fdf7a362446148bd85b06e,69fded1c62446148bd849012,"Pirtek / Norris Ventures, LLC",69fdf1a78e25e7a0d91889e0,"tic682 - College Crossing G {College Crossing EFGH, LLC}",evidenceOfInsurance,Evidence of Insurance,commercialGeneralLiability,Commercial General Liability,evidenceOfInsuranceCommercialGeneralLiabilityGeneralAggregateLimitAppliesPerLocation,General Aggregate Limit Applies per: Location,,matchOnce,must be present,,,non_compliant,Block Requirements,,,false,0,,2026-08-16
"Block Real Estate Services, LLC",69fdf7a362446148bd85b06e,69fded1c62446148bd849012,"Pirtek / Norris Ventures, LLC",69fdf1a78e25e7a0d91889e0,"tic682 - College Crossing G {College Crossing EFGH, LLC}",evidenceOfInsurance,Evidence of Insurance,commercialGeneralLiability,Commercial General Liability,evidenceOfInsuranceCommercialGeneralLiabilityEachOccurrence,Each Occurrence,,matchOnce,must be greater or equal to,1000000,,non_compliant,Block Requirements,,,false,0,,2026-08-16
"Block Real Estate Services, LLC",69fdf7a362446148bd85b06e,69fded1c62446148bd849012,"Pirtek / Norris Ventures, LLC",69fdf1a78e25e7a0d91889e0,"tic682 - College Crossing G {College Crossing EFGH, LLC}",evidenceOfInsurance,Evidence of Insurance,commercialGeneralLiability,Commercial General Liability,evidenceOfInsuranceCommercialGeneralLiabilityGeneralAggregate,General Aggregate,,matchOnce,must be greater or equal to,2000000,,non_compliant,Block Requirements,,,false,0,,2026-08-16
"Block Real Estate Services, LLC",69fdf7a362446148bd85b06e,69fded1c62446148bd849012,"Pirtek / Norris Ventures, LLC",69fdf1a78e25e7a0d91889e0,"tic682 - College Crossing G {College Crossing EFGH, LLC}",evidenceOfInsurance,Evidence of Insurance,commercialGeneralLiability,Commercial General Liability,evidenceOfInsuranceCommercialGeneralLiabilityWaiverOfSubrogationEndorsement,Waiver of Subrogation,"---prompt---
Determine if the insurer has waived their right of subrogation in favor of the certificate holder under the Commercial General Liability policy. Evidence may include: a checked ""Waiver of Subrogation"" box on the certificate, mention in the Description of Operations section stating ""waiver of subrogation applies"", or reference to form CG 24 04. Look for language like ""subrogation is waived"" or ""per written contract"".",matchOnce,must be present,,,non_compliant,Block Requirements,,,false,0,,2026-08-16
"Block Real Estate Services, LLC",69fdf7a362446148bd85b06e,69fded1c62446148bd849012,"Pirtek / Norris Ventures, LLC",69fdf1a78e25e7a0d91889e0,"tic682 - College Crossing G {College Crossing EFGH, LLC}",evidenceOfInsurance,Evidence of Insurance,excessOrUmbrellaLiability,Umbrella/Excess Liability,evidenceOfInsuranceExcessOrUmbrellaLiabilityOccurence,Coverage Trigger: Occurrence,,matchOnce,must be present,,,non_compliant,Block Requirements,,,false,0,,2026-08-16
"Block Real Estate Services, LLC",69fdf7a362446148bd85b06e,69fded1c62446148bd849012,"Pirtek / Norris Ventures, LLC",69fdf1a78e25e7a0d91889e0,"tic682 - College Crossing G {College Crossing EFGH, LLC}",evidenceOfInsurance,Evidence of Insurance,excessOrUmbrellaLiability,Umbrella/Excess Liability,evidenceOfInsuranceExcessOrUmbrellaLiabilityEachOccurrence,Each Occurrence,,matchOnce,must be greater or equal to,1000000,,non_compliant,Block Requirements,,,false,0,,2026-08-16
"Block Real Estate Services, LLC",69fdf7a362446148bd85b06e,69fded1c62446148bd849012,"Pirtek / Norris Ventures, LLC",69fdf1a78e25e7a0d91889e0,"tic682 - College Crossing G {College Crossing EFGH, LLC}",evidenceOfInsurance,Evidence of Insurance,excessOrUmbrellaLiability,Umbrella/Excess Liability,evidenceOfInsuranceExcessOrUmbrellaLiabilityAggregate,Aggregate,,matchOnce,must be greater or equal to,1000000,,non_compliant,Block Requirements,,,false,0,,2026-08-16
"Block Real Estate Services, LLC",69fdf7a362446148bd85b06e,69fded1c62446148bd849012,"Pirtek / Norris Ventures, LLC",69fdf1a78e25e7a0d91889e0,"tic682 - College Crossing G {College Crossing EFGH, LLC}",evidenceOfInsurance,Evidence of Insurance,workersCompensation,Workers' Compensation and Employer's Liability,evidenceOfInsuranceWorkersCompensationStatutoryLimits,Statutory Limits,,matchOnce,must be present,,,non_compliant,Block Requirements,,,false,0,,2026-08-16
"Block Real Estate Services, LLC",69fdf7a362446148bd85b06e,69fded1c62446148bd849012,"Pirtek / Norris Ventures, LLC",69fdf1a78e25e7a0d91889e0,"tic682 - College Crossing G {College Crossing EFGH, LLC}",evidenceOfInsurance,Evidence of Insurance,workersCompensation,Workers' Compensation and Employer's Liability,evidenceOfInsuranceWorkersCompensationEmployersLiabilityEachAccident,Employer's Liability Each Accident,,matchOnce,must be greater or equal to,500000,,non_compliant,Block Requirements,,,false,0,,2026-08-16
"Block Real Estate Services, LLC",69fdf7a362446148bd85b06e,69fded1c62446148bd849012,"Pirtek / Norris Ventures, LLC",69fdf1a78e25e7a0d91889e0,"tic682 - College Crossing G {College Crossing EFGH, LLC}",evidenceOfInsurance,Evidence of Insurance,workersCompensation,Workers' Compensation and Employer's Liability,evidenceOfInsuranceWorkersCompensationEmployersLiabilityDiseaseEachEmployee,Employer's Liability Disease - each employee,,matchOnce,must be greater or equal to,500000,,non_compliant,Block Requirements,,,false,0,,2026-08-16
"Block Real Estate Services, LLC",69fdf7a362446148bd85b06e,69fded1c62446148bd849012,"Pirtek / Norris Ventures, LLC",69fdf1a78e25e7a0d91889e0,"tic682 - College Crossing G {College Crossing EFGH, LLC}",evidenceOfInsurance,Evidence of Insurance,workersCompensation,Workers' Compensation and Employer's Liability,evidenceOfInsuranceWorkersCompensationEmployersLiabilityDiseasePolicyLimit,Employer's Liability Disease - policy limit,,matchOnce,must be greater or equal to,500000,,non_compliant,Block Requirements,,,false,0,,2026-08-16
"Block Real Estate Services, LLC",69fdf7a362446148bd85b06e,69fded1c62446148bd849012,"Pirtek / Norris Ventures, LLC",69fdf1a78e25e7a0d91889e0,"tic682 - College Crossing G {College Crossing EFGH, LLC}",evidenceOfInsurance,Evidence of Insurance,workersCompensation,Workers' Compensation and Employer's Liability,evidenceOfInsuranceWorkersCompensationWaiverOfSubrogationEndorsement,Waiver of Subrogation,"---prompt---
Determine if the insurer has waived their right of subrogation in favor of the certificate holder under the Workers' Compensation policy. Evidence may include: a checked ""Waiver of Subrogation"" box on the certificate, mention in the Description of Operations section stating ""waiver of subrogation applies"", or reference to form WC 00 03 13. Look for language like ""subrogation is waived"" or ""per written contract"".",matchOnce,must be present,,,non_compliant,Block Requirements,,,false,0,,2026-08-16
"Block Real Estate Services, LLC",69fdf7a362446148bd85b06e,69fded1c62446148bd849012,"Pirtek / Norris Ventures, LLC",69fdf1a78e25e7a0d91889e0,"tic682 - College Crossing G {College Crossing EFGH, LLC}",evidenceOfInsurance,Evidence of Insurance,6ac20aae-5728-5d57-b364-aeba38527dba,Additional Requirements,4da5b0f1-4c9d-5885-8cf8-5d3cccaed3e0,"Block Real Estate Services, LLC and all others required by contract are named as Additional Insureds","---prompt---
Determine if the Description of Operations or the Additional Remarks Schedule section states the ""Additional Insured as Construction Management, Inc. and all others required by contract"" or reference to blanket additional insured coverage. Look for language like ""certificate holder is additional insured"" or ""per written contract"".",matchOnce,must be present,,,non_compliant,Block Requirements,,,true,0,,2026-08-16
"Block Real Estate Services, LLC",69fdf7a362446148bd85b06e,69fded1c62446148bd849012,"Pirtek / Norris Ventures, LLC",69fdf1a78e25e7a0d91889e0,"tic682 - College Crossing G {College Crossing EFGH, LLC}",evidenceOfInsurance,Evidence of Insurance,6ac20aae-5728-5d57-b364-aeba38527dba,Additional Requirements,e1017741-e47e-5f58-97b8-fbc3043e919f,Umbrella follows form over General Liability,"---prompt---
Determine if the Umbrella/Excess Liability policy follows form to the underlying policies. Evidence may include: language in the Description of Operations section stating the umbrella follows form to underlying coverages or an additional page endorsement stating that it follows form. Follow form means the umbrella policy adopts the same terms, conditions, and exclusions as the underlying policies.",matchOnce,must be present,,,non_compliant,Block Requirements,,,true,0,,2026-08-16
"Block Real Estate Services, LLC",69fdf7a362446148bd85b06e,69fded1c62446148bd849012,"Pirtek / Norris Ventures, LLC",69fdf1a78e25e7a0d91889e0,"tic682 - College Crossing G {College Crossing EFGH, LLC}",evidenceOfInsurance,Evidence of Insurance,6ac20aae-5728-5d57-b364-aeba38527dba,Additional Requirements,2cdd866f-c9a4-576a-afd8-1d045762790c,"The location must be listed as: 11082, 11084 Strang Line Road Lenexa KS 66215",,matchOnce,must be present,,,non_compliant,Block Requirements,,,true,0,,2026-08-16
"Block Real Estate Services, LLC",69fdf7a362446148bd85b06e,69fded1c62446148bd849012,"Pirtek / Norris Ventures, LLC",69fdf1a78e25e7a0d91889e0,"tic682 - College Crossing G {College Crossing EFGH, LLC}",evidenceOfInsurance,Evidence of Insurance,6ac20aae-5728-5d57-b364-aeba38527dba,Additional Requirements,3649e9d1-4e09-59bf-8f30-cb33c40cf117,"Certificate Holder must read: c/o Block Real Estate Services, LLC, 4622 Pennsylvania St., Suite 700, Kansas City, MO, 64112",,matchOnce,must be present,,,non_compliant,Block Requirements,,,true,0,,2026-08-16
"Block Real Estate Services, LLC",69fdf7a362446148bd85b06b,69fded1462446148bd848d87,Express Hardwood Floors LLC,69fdf1a78e25e7a0d91889e0,"tic682 - College Crossing G {College Crossing EFGH, LLC}",evidenceOfInsurance,Evidence of Insurance,commercialGeneralLiability,Commercial General Liability,evidenceOfInsuranceCommercialGeneralLiabilityCoverageTriggerOccurrence,Coverage Trigger: Occurrence,,matchOnce,must be present,,,non_compliant,Block Requirements,,,false,0,,2026-08-16
"Block Real Estate Services, LLC",69fdf7a362446148bd85b06b,69fded1462446148bd848d87,Express Hardwood Floors LLC,69fdf1a78e25e7a0d91889e0,"tic682 - College Crossing G {College Crossing EFGH, LLC}",evidenceOfInsurance,Evidence of Insurance,commercialGeneralLiability,Commercial General Liability,evidenceOfInsuranceCommercialGeneralLiabilityGeneralAggregateLimitAppliesPerLocation,General Aggregate Limit Applies per: Location,,matchOnce,must be present,,,non_compliant,Block Requirements,,,false,0,,2026-08-16
"Block Real Estate Services, LLC",69fdf7a362446148bd85b06b,69fded1462446148bd848d87,Express Hardwood Floors LLC,69fdf1a78e25e7a0d91889e0,"tic682 - College Crossing G {College Crossing EFGH, LLC}",evidenceOfInsurance,Evidence of Insurance,commercialGeneralLiability,Commercial General Liability,evidenceOfInsuranceCommercialGeneralLiabilityEachOccurrence,Each Occurrence,,matchOnce,must be greater or equal to,1000000,,non_compliant,Block Requirements,,,false,0,,2026-08-16
"Block Real Estate Services, LLC",69fdf7a362446148bd85b06b,69fded1462446148bd848d87,Express Hardwood Floors LLC,69fdf1a78e25e7a0d91889e0,"tic682 - College Crossing G {College Crossing EFGH, LLC}",evidenceOfInsurance,Evidence of Insurance,commercialGeneralLiability,Commercial General Liability,evidenceOfInsuranceCommercialGeneralLiabilityGeneralAggregate,General Aggregate,,matchOnce,must be greater or equal to,2000000,,non_compliant,Block Requirements,,,false,0,,2026-08-16
"Block Real Estate Services, LLC",69fdf7a362446148bd85b06b,69fded1462446148bd848d87,Express Hardwood Floors LLC,69fdf1a78e25e7a0d91889e0,"tic682 - College Crossing G {College Crossing EFGH, LLC}",evidenceOfInsurance,Evidence of Insurance,commercialGeneralLiability,Commercial General Liability,evidenceOfInsuranceCommercialGeneralLiabilityWaiverOfSubrogationEndorsement,Waiver of Subrogation,"---prompt---
Determine if the insurer has waived their right of subrogation in favor of the certificate holder under the Commercial General Liability policy. Evidence may include: a checked ""Waiver of Subrogation"" box on the certificate, mention in the Description of Operations section stating ""waiver of subrogation applies"", or reference to form CG 24 04. Look for language like ""subrogation is waived"" or ""per written contract"".",matchOnce,must be present,,,non_compliant,Block Requirements,,,false,0,,2026-08-16
"Block Real Estate Services, LLC",69fdf7a362446148bd85b06b,69fded1462446148bd848d87,Express Hardwood Floors LLC,69fdf1a78e25e7a0d91889e0,"tic682 - College Crossing G {College Crossing EFGH, LLC}",evidenceOfInsurance,Evidence of Insurance,excessOrUmbrellaLiability,Umbrella/Excess Liability,evidenceOfInsuranceExcessOrUmbrellaLiabilityOccurence,Coverage Trigger: Occurrence,,matchOnce,must be present,,,non_compliant,Block Requirements,,,false,0,,2026-08-16
"Block Real Estate Services, LLC",69fdf7a362446148bd85b06b,69fded1462446148bd848d87,Express Hardwood Floors LLC,69fdf1a78e25e7a0d91889e0,"tic682 - College Crossing G {College Crossing EFGH, LLC}",evidenceOfInsurance,Evidence of Insurance,excessOrUmbrellaLiability,Umbrella/Excess Liability,evidenceOfInsuranceExcessOrUmbrellaLiabilityEachOccurrence,Each Occurrence,,matchOnce,must be greater or equal to,1000000,,non_compliant,Block Requirements,,,false,0,,2026-08-16
"Block Real Estate Services, LLC",69fdf7a362446148bd85b06b,69fded1462446148bd848d87,Express Hardwood Floors LLC,69fdf1a78e25e7a0d91889e0,"tic682 - College Crossing G {College Crossing EFGH, LLC}",evidenceOfInsurance,Evidence of Insurance,excessOrUmbrellaLiability,Umbrella/Excess Liability,evidenceOfInsuranceExcessOrUmbrellaLiabilityAggregate,Aggregate,,matchOnce,must be greater or equal to,1000000,,non_compliant,Block Requirements,,,false,0,,2026-08-16
"Block Real Estate Services, LLC",69fdf7a362446148bd85b06b,69fded1462446148bd848d87,Express Hardwood Floors LLC,69fdf1a78e25e7a0d91889e0,"tic682 - College Crossing G {College Crossing EFGH, LLC}",evidenceOfInsurance,Evidence of Insurance,workersCompensation,Workers' Compensation and Employer's Liability,evidenceOfInsuranceWorkersCompensationStatutoryLimits,Statutory Limits,,matchOnce,must be present,,,non_compliant,Block Requirements,,,false,0,,2026-08-16
"Block Real Estate Services, LLC",69fdf7a362446148bd85b06b,69fded1462446148bd848d87,Express Hardwood Floors LLC,69fdf1a78e25e7a0d91889e0,"tic682 - College Crossing G {College Crossing EFGH, LLC}",evidenceOfInsurance,Evidence of Insurance,workersCompensation,Workers' Compensation and Employer's Liability,evidenceOfInsuranceWorkersCompensationEmployersLiabilityEachAccident,Employer's Liability Each Accident,,matchOnce,must be greater or equal to,500000,,non_compliant,Block Requirements,,,false,0,,2026-08-16
"Block Real Estate Services, LLC",69fdf7a362446148bd85b06b,69fded1462446148bd848d87,Express Hardwood Floors LLC,69fdf1a78e25e7a0d91889e0,"tic682 - College Crossing G {College Crossing EFGH, LLC}",evidenceOfInsurance,Evidence of Insurance,workersCompensation,Workers' Compensation and Employer's Liability,evidenceOfInsuranceWorkersCompensationEmployersLiabilityDiseaseEachEmployee,Employer's Liability Disease - each employee,,matchOnce,must be greater or equal to,500000,,non_compliant,Block Requirements,,,false,0,,2026-08-16
"Block Real Estate Services, LLC",69fdf7a362446148bd85b06b,69fded1462446148bd848d87,Express Hardwood Floors LLC,69fdf1a78e25e7a0d91889e0,"tic682 - College Crossing G {College Crossing EFGH, LLC}",evidenceOfInsurance,Evidence of Insurance,workersCompensation,Workers' Compensation and Employer's Liability,evidenceOfInsuranceWorkersCompensationEmployersLiabilityDiseasePolicyLimit,Employer's Liability Disease - policy limit,,matchOnce,must be greater or equal to,500000,,non_compliant,Block Requirements,,,false,0,,2026-08-16
"Block Real Estate Services, LLC",69fdf7a362446148bd85b06b,69fded1462446148bd848d87,Express Hardwood Floors LLC,69fdf1a78e25e7a0d91889e0,"tic682 - College Crossing G {College Crossing EFGH, LLC}",evidenceOfInsurance,Evidence of Insurance,workersCompensation,Workers' Compensation and Employer's Liability,evidenceOfInsuranceWorkersCompensationWaiverOfSubrogationEndorsement,Waiver of Subrogation,"---prompt---
Determine if the insurer has waived their right of subrogation in favor of the certificate holder under the Workers' Compensation policy. Evidence may include: a checked ""Waiver of Subrogation"" box on the certificate, mention in the Description of Operations section stating ""waiver of subrogation applies"", or reference to form WC 00 03 13. Look for language like ""subrogation is waived"" or ""per written contract"".",matchOnce,must be present,,,non_compliant,Block Requirements,,,false,0,,2026-08-16
"Block Real Estate Services, LLC",69fdf7a362446148bd85b06b,69fded1462446148bd848d87,Express Hardwood Floors LLC,69fdf1a78e25e7a0d91889e0,"tic682 - College Crossing G {College Crossing EFGH, LLC}",evidenceOfInsurance,Evidence of Insurance,6ac20aae-5728-5d57-b364-aeba38527dba,Additional Requirements,4da5b0f1-4c9d-5885-8cf8-5d3cccaed3e0,"Block Real Estate Services, LLC and all others required by contract are named as Additional Insureds","---prompt---
Determine if the Description of Operations or the Additional Remarks Schedule section states the ""Additional Insured as Construction Management, Inc. and all others required by contract"" or reference to blanket additional insured coverage. Look for language like ""certificate holder is additional insured"" or ""per written contract"".",matchOnce,must be present,,,non_compliant,Block Requirements,,,true,0,,2026-08-16
"Block Real Estate Services, LLC",69fdf7a362446148bd85b06b,69fded1462446148bd848d87,Express Hardwood Floors LLC,69fdf1a78e25e7a0d91889e0,"tic682 - College Crossing G {College Crossing EFGH, LLC}",evidenceOfInsurance,Evidence of Insurance,6ac20aae-5728-5d57-b364-aeba38527dba,Additional Requirements,e1017741-e47e-5f58-97b8-fbc3043e919f,Umbrella follows form over General Liability,"---prompt---
Determine if the Umbrella/Excess Liability policy follows form to the underlying policies. Evidence may include: language in the Description of Operations section stating the umbrella follows form to underlying coverages or an additional page endorsement stating that it follows form. Follow form means the umbrella policy adopts the same terms, conditions, and exclusions as the underlying policies.",matchOnce,must be present,,,non_compliant,Block Requirements,,,true,0,,2026-08-16
"Block Real Estate Services, LLC",69fdf7a362446148bd85b06b,69fded1462446148bd848d87,Express Hardwood Floors LLC,69fdf1a78e25e7a0d91889e0,"tic682 - College Crossing G {College Crossing EFGH, LLC}",evidenceOfInsurance,Evidence of Insurance,6ac20aae-5728-5d57-b364-aeba38527dba,Additional Requirements,2cdd866f-c9a4-576a-afd8-1d045762790c,The location must be listed as: 11080 Strang Line Road Lenexa KS 66215,,matchOnce,must be present,,,non_compliant,Block Requirements,,,true,0,,2026-08-16
"Block Real Estate Services, LLC",69fdf7a362446148bd85b06b,69fded1462446148bd848d87,Express Hardwood Floors LLC,69fdf1a78e25e7a0d91889e0,"tic682 - College Crossing G {College Crossing EFGH, LLC}",evidenceOfInsurance,Evidence of Insurance,6ac20aae-5728-5d57-b364-aeba38527dba,Additional Requirements,3649e9d1-4e09-59bf-8f30-cb33c40cf117,"Certificate Holder must read: c/o Block Real Estate Services, LLC, 4622 Pennsylvania St., Suite 700, Kansas City, MO, 64112",,matchOnce,must be present,,,non_compliant,Block Requirements,,,true,0,,2026-08-16
"Block Real Estate Services, LLC",69fdf7a362446148bd85b06d,69fded1b62446148bd848f94,"Mr. Handy Man / Melcar Enterprises (fka Stagg Enterprises, LLC)",69fdf1a78e25e7a0d91889e0,"tic682 - College Crossing G {College Crossing EFGH, LLC}",evidenceOfInsurance,Evidence of Insurance,commercialGeneralLiability,Commercial General Liability,evidenceOfInsuranceCommercialGeneralLiabilityCoverageTriggerOccurrence,Coverage Trigger: Occurrence,,matchOnce,must be present,,Present,compliant,Block Requirements,,,false,1,,2026-08-16
"Block Real Estate Services, LLC",69fdf7a362446148bd85b06d,69fded1b62446148bd848f94,"Mr. Handy Man / Melcar Enterprises (fka Stagg Enterprises, LLC)",69fdf1a78e25e7a0d91889e0,"tic682 - College Crossing G {College Crossing EFGH, LLC}",evidenceOfInsurance,Evidence of Insurance,commercialGeneralLiability,Commercial General Liability,evidenceOfInsuranceCommercialGeneralLiabilityGeneralAggregateLimitAppliesPerLocation,General Aggregate Limit Applies per: Location,,matchOnce,must be present,,Present,compliant,Block Requirements,,,false,1,,2026-08-16
"Block Real Estate Services, LLC",69fdf7a362446148bd85b06d,69fded1b62446148bd848f94,"Mr. Handy Man / Melcar Enterprises (fka Stagg Enterprises, LLC)",69fdf1a78e25e7a0d91889e0,"tic682 - College Crossing G {College Crossing EFGH, LLC}",evidenceOfInsurance,Evidence of Insurance,commercialGeneralLiability,Commercial General Liability,evidenceOfInsuranceCommercialGeneralLiabilityEachOccurrence,Each Occurrence,,matchOnce,must be greater or equal to,1000000,1000000,compliant,Block Requirements,,,false,1,,2026-08-16
"Block Real Estate Services, LLC",69fdf7a362446148bd85b06d,69fded1b62446148bd848f94,"Mr. Handy Man / Melcar Enterprises (fka Stagg Enterprises, LLC)",69fdf1a78e25e7a0d91889e0,"tic682 - College Crossing G {College Crossing EFGH, LLC}",evidenceOfInsurance,Evidence of Insurance,commercialGeneralLiability,Commercial General Liability,evidenceOfInsuranceCommercialGeneralLiabilityGeneralAggregate,General Aggregate,,matchOnce,must be greater or equal to,2000000,2000000,compliant,Block Requirements,,,false,1,,2026-08-16
"Block Real Estate Services, LLC",69fdf7a362446148bd85b06d,69fded1b62446148bd848f94,"Mr. Handy Man / Melcar Enterprises (fka Stagg Enterprises, LLC)",69fdf1a78e25e7a0d91889e0,"tic682 - College Crossing G {College Crossing EFGH, LLC}",evidenceOfInsurance,Evidence of Insurance,commercialGeneralLiability,Commercial General Liability,evidenceOfInsuranceCommercialGeneralLiabilityWaiverOfSubrogationEndorsement,Waiver of Subrogation,"---prompt---
Determine if the insurer has waived their right of subrogation in favor of the certificate holder under the Commercial General Liability policy. Evidence may include: a checked ""Waiver of Subrogation"" box on the certificate, mention in the Description of Operations section stating ""waiver of subrogation applies"", or reference to form CG 24 04. Look for language like ""subrogation is waived"" or ""per written contract"".",matchOnce,must be present,,Present,compliant,Block Requirements,,,false,1,,2026-08-16
"Block Real Estate Services, LLC",69fdf7a362446148bd85b06d,69fded1b62446148bd848f94,"Mr. Handy Man / Melcar Enterprises (fka Stagg Enterprises, LLC)",69fdf1a78e25e7a0d91889e0,"tic682 - College Crossing G {College Crossing EFGH, LLC}",evidenceOfInsurance,Evidence of Insurance,excessOrUmbrellaLiability,Umbrella/Excess Liability,evidenceOfInsuranceExcessOrUmbrellaLiabilityOccurence,Coverage Trigger: Occurrence,,matchOnce,must be present,,Present,compliant,Block Requirements,,,false,1,,2026-08-16
"Block Real Estate Services, LLC",69fdf7a362446148bd85b06d,69fded1b62446148bd848f94,"Mr. Handy Man / Melcar Enterprises (fka Stagg Enterprises, LLC)",69fdf1a78e25e7a0d91889e0,"tic682 - College Crossing G {College Crossing EFGH, LLC}",evidenceOfInsurance,Evidence of Insurance,excessOrUmbrellaLiability,Umbrella/Excess Liability,evidenceOfInsuranceExcessOrUmbrellaLiabilityEachOccurrence,Each Occurrence,,matchOnce,must be greater or equal to,1000000,1000000,compliant,Block Requirements,,,false,1,,2026-08-16
"Block Real Estate Services, LLC",69fdf7a362446148bd85b06d,69fded1b62446148bd848f94,"Mr. Handy Man / Melcar Enterprises (fka Stagg Enterprises, LLC)",69fdf1a78e25e7a0d91889e0,"tic682 - College Crossing G {College Crossing EFGH, LLC}",evidenceOfInsurance,Evidence of Insurance,excessOrUmbrellaLiability,Umbrella/Excess Liability,evidenceOfInsuranceExcessOrUmbrellaLiabilityAggregate,Aggregate,,matchOnce,must be greater or equal to,1000000,,non_compliant,Block Requirements,,,false,0,,2026-08-16
"Block Real Estate Services, LLC",69fdf7a362446148bd85b06d,69fded1b62446148bd848f94,"Mr. Handy Man / Melcar Enterprises (fka Stagg Enterprises, LLC)",69fdf1a78e25e7a0d91889e0,"tic682 - College Crossing G {College Crossing EFGH, LLC}",evidenceOfInsurance,Evidence of Insurance,workersCompensation,Workers' Compensation and Employer's Liability,evidenceOfInsuranceWorkersCompensationStatutoryLimits,Statutory Limits,,matchOnce,must be present,,Present,compliant,Block Requirements,,,false,1,,2026-08-16
"Block Real Estate Services, LLC",69fdf7a362446148bd85b06d,69fded1b62446148bd848f94,"Mr. Handy Man / Melcar Enterprises (fka Stagg Enterprises, LLC)",69fdf1a78e25e7a0d91889e0,"tic682 - College Crossing G {College Crossing EFGH, LLC}",evidenceOfInsurance,Evidence of Insurance,workersCompensation,Workers' Compensation and Employer's Liability,evidenceOfInsuranceWorkersCompensationEmployersLiabilityEachAccident,Employer's Liability Each Accident,,matchOnce,must be greater or equal to,500000,500000,compliant,Block Requirements,,,false,1,,2026-08-16
"Block Real Estate Services, LLC",69fdf7a362446148bd85b06d,69fded1b62446148bd848f94,"Mr. Handy Man / Melcar Enterprises (fka Stagg Enterprises, LLC)",69fdf1a78e25e7a0d91889e0,"tic682 - College Crossing G {College Crossing EFGH, LLC}",evidenceOfInsurance,Evidence of Insurance,workersCompensation,Workers' Compensation and Employer's Liability,evidenceOfInsuranceWorkersCompensationEmployersLiabilityDiseaseEachEmployee,Employer's Liability Disease - each employee,,matchOnce,must be greater or equal to,500000,500000,compliant,Block Requirements,,,false,1,,2026-08-16
"Block Real Estate Services, LLC",69fdf7a362446148bd85b06d,69fded1b62446148bd848f94,"Mr. Handy Man / Melcar Enterprises (fka Stagg Enterprises, LLC)",69fdf1a78e25e7a0d91889e0,"tic682 - College Crossing G {College Crossing EFGH, LLC}",evidenceOfInsurance,Evidence of Insurance,workersCompensation,Workers' Compensation and Employer's Liability,evidenceOfInsuranceWorkersCompensationEmployersLiabilityDiseasePolicyLimit,Employer's Liability Disease - policy limit,,matchOnce,must be greater or equal to,500000,500000,compliant,Block Requirements,,,false,1,,2026-08-16
"Block Real Estate Services, LLC",69fdf7a362446148bd85b06d,69fded1b62446148bd848f94,"Mr. Handy Man / Melcar Enterprises (fka Stagg Enterprises, LLC)",69fdf1a78e25e7a0d91889e0,"tic682 - College Crossing G {College Crossing EFGH, LLC}",evidenceOfInsurance,Evidence of Insurance,workersCompensation,Workers' Compensation and Employer's Liability,evidenceOfInsuranceWorkersCompensationWaiverOfSubrogationEndorsement,Waiver of Subrogation,"---prompt---
Determine if the insurer has waived their right of subrogation in favor of the certificate holder under the Workers' Compensation policy. Evidence may include: a checked ""Waiver of Subrogation"" box on the certificate, mention in the Description of Operations section stating ""waiver of subrogation applies"", or reference to form WC 00 03 13. Look for language like ""subrogation is waived"" or ""per written contract"".",matchOnce,must be present,,Present,compliant,Block Requirements,,,false,1,,2026-08-16
"Block Real Estate Services, LLC",69fdf7a362446148bd85b06d,69fded1b62446148bd848f94,"Mr. Handy Man / Melcar Enterprises (fka Stagg Enterprises, LLC)",69fdf1a78e25e7a0d91889e0,"tic682 - College Crossing G {College Crossing EFGH, LLC}",evidenceOfInsurance,Evidence of Insurance,6ac20aae-5728-5d57-b364-aeba38527dba,Additional Requirements,4da5b0f1-4c9d-5885-8cf8-5d3cccaed3e0,"Block Real Estate Services, LLC and all others required by contract are named as Additional Insureds","---prompt---
Determine if the Description of Operations or the Additional Remarks Schedule section states the ""Additional Insured as Construction Management, Inc. and all others required by contract"" or reference to blanket additional insured coverage. Look for language like ""certificate holder is additional insured"" or ""per written contract"".",matchOnce,must be present,,Present,compliant,Block Requirements,,,true,1,,2026-08-16
"Block Real Estate Services, LLC",69fdf7a362446148bd85b06d,69fded1b62446148bd848f94,"Mr. Handy Man / Melcar Enterprises (fka Stagg Enterprises, LLC)",69fdf1a78e25e7a0d91889e0,"tic682 - College Crossing G {College Crossing EFGH, LLC}",evidenceOfInsurance,Evidence of Insurance,6ac20aae-5728-5d57-b364-aeba38527dba,Additional Requirements,e1017741-e47e-5f58-97b8-fbc3043e919f,Umbrella follows form over General Liability,"---prompt---
Determine if the Umbrella/Excess Liability policy follows form to the underlying policies. Evidence may include: language in the Description of Operations section stating the umbrella follows form to underlying coverages or an additional page endorsement stating that it follows form. Follow form means the umbrella policy adopts the same terms, conditions, and exclusions as the underlying policies.",matchOnce,must be present,,Present,compliant,Block Requirements,,,true,1,,2026-08-16
"Block Real Estate Services, LLC",69fdf7a362446148bd85b06d,69fded1b62446148bd848f94,"Mr. Handy Man / Melcar Enterprises (fka Stagg Enterprises, LLC)",69fdf1a78e25e7a0d91889e0,"tic682 - College Crossing G {College Crossing EFGH, LLC}",evidenceOfInsurance,Evidence of Insurance,6ac20aae-5728-5d57-b364-aeba38527dba,Additional Requirements,2cdd866f-c9a4-576a-afd8-1d045762790c,The location must be listed as: 11078 Strang Line Road Lenexa KS 66215,,matchOnce,must be present,,Present,compliant,Block Requirements,,,true,1,,2026-08-16
"Block Real Estate Services, LLC",69fdf7a362446148bd85b06d,69fded1b62446148bd848f94,"Mr. Handy Man / Melcar Enterprises (fka Stagg Enterprises, LLC)",69fdf1a78e25e7a0d91889e0,"tic682 - College Crossing G {College Crossing EFGH, LLC}",evidenceOfInsurance,Evidence of Insurance,6ac20aae-5728-5d57-b364-aeba38527dba,Additional Requirements,3649e9d1-4e09-59bf-8f30-cb33c40cf117,"Certificate Holder must read: c/o Block Real Estate Services, LLC, 4622 Pennsylvania St., Suite 700, Kansas City, MO, 64112",,matchOnce,must be present,,Present,compliant,Block Requirements,,,true,1,,2026-08-16
"Block Real Estate Services, LLC",69fdf7a362446148bd85b06a,69fded1262446148bd848d03,DCB Homes LLC,69fdf1a78e25e7a0d91889e0,"tic682 - College Crossing G {College Crossing EFGH, LLC}",evidenceOfInsurance,Evidence of Insurance,commercialGeneralLiability,Commercial General Liability,evidenceOfInsuranceCommercialGeneralLiabilityCoverageTriggerOccurrence,Coverage Trigger: Occurrence,,matchOnce,must be present,,Present,compliant,Block Requirements,,,false,1,,2026-08-16
"Block Real Estate Services, LLC",69fdf7a362446148bd85b06a,69fded1262446148bd848d03,DCB Homes LLC,69fdf1a78e25e7a0d91889e0,"tic682 - College Crossing G {College Crossing EFGH, LLC}",evidenceOfInsurance,Evidence of Insurance,commercialGeneralLiability,Commercial General Liability,evidenceOfInsuranceCommercialGeneralLiabilityGeneralAggregateLimitAppliesPerLocation,General Aggregate Limit Applies per: Location,,matchOnce,must be present,,Present,compliant,Block Requirements,,,false,1,,2026-08-16
"Block Real Estate Services, LLC",69fdf7a362446148bd85b06a,69fded1262446148bd848d03,DCB Homes LLC,69fdf1a78e25e7a0d91889e0,"tic682 - College Crossing G {College Crossing EFGH, LLC}",evidenceOfInsurance,Evidence of Insurance,commercialGeneralLiability,Commercial General Liability,evidenceOfInsuranceCommercialGeneralLiabilityEachOccurrence,Each Occurrence,,matchOnce,must be greater or equal to,1000000,2000000,compliant,Block Requirements,,,false,1,,2026-08-16
"Block Real Estate Services, LLC",69fdf7a362446148bd85b06a,69fded1262446148bd848d03,DCB Homes LLC,69fdf1a78e25e7a0d91889e0,"tic682 - College Crossing G {College Crossing EFGH, LLC}",evidenceOfInsurance,Evidence of Insurance,commercialGeneralLiability,Commercial General Liability,evidenceOfInsuranceCommercialGeneralLiabilityGeneralAggregate,General Aggregate,,matchOnce,must be greater or equal to,2000000,2000000,compliant,Block Requirements,,,false,1,,2026-08-16
"Block Real Estate Services, LLC",69fdf7a362446148bd85b06a,69fded1262446148bd848d03,DCB Homes LLC,69fdf1a78e25e7a0d91889e0,"tic682 - College Crossing G {College Crossing EFGH, LLC}",evidenceOfInsurance,Evidence of Insurance,commercialGeneralLiability,Commercial General Liability,evidenceOfInsuranceCommercialGeneralLiabilityWaiverOfSubrogationEndorsement,Waiver of Subrogation,"---prompt---
Determine if the insurer has waived their right of subrogation in favor of the certificate holder under the Commercial General Liability policy. Evidence may include: a checked ""Waiver of Subrogation"" box on the certificate, mention in the Description of Operations section stating ""waiver of subrogation applies"", or reference to form CG 24 04. Look for language like ""subrogation is waived"" or ""per written contract"".",matchOnce,must be present,,Present,compliant,Block Requirements,,,false,1,,2026-08-16
"Block Real Estate Services, LLC",69fdf7a362446148bd85b06a,69fded1262446148bd848d03,DCB Homes LLC,69fdf1a78e25e7a0d91889e0,"tic682 - College Crossing G {College Crossing EFGH, LLC}",evidenceOfInsurance,Evidence of Insurance,excessOrUmbrellaLiability,Umbrella/Excess Liability,evidenceOfInsuranceExcessOrUmbrellaLiabilityOccurence,Coverage Trigger: Occurrence,,matchOnce,must be present,,Present,compliant,Block Requirements,,,false,1,,2026-08-16
"Block Real Estate Services, LLC",69fdf7a362446148bd85b06a,69fded1262446148bd848d03,DCB Homes LLC,69fdf1a78e25e7a0d91889e0,"tic682 - College Crossing G {College Crossing EFGH, LLC}",evidenceOfInsurance,Evidence of Insurance,excessOrUmbrellaLiability,Umbrella/Excess Liability,evidenceOfInsuranceExcessOrUmbrellaLiabilityEachOccurrence,Each Occurrence,,matchOnce,must be greater or equal to,1000000,2000000,compliant,Block Requirements,,,false,1,,2026-08-16
"Block Real Estate Services, LLC",69fdf7a362446148bd85b06a,69fded1262446148bd848d03,DCB Homes LLC,69fdf1a78e25e7a0d91889e0,"tic682 - College Crossing G {College Crossing EFGH, LLC}",evidenceOfInsurance,Evidence of Insurance,excessOrUmbrellaLiability,Umbrella/Excess Liability,evidenceOfInsuranceExcessOrUmbrellaLiabilityAggregate,Aggregate,,matchOnce,must be greater or equal to,1000000,2000000,compliant,Block Requirements,,,false,1,,2026-08-16
"Block Real Estate Services, LLC",69fdf7a362446148bd85b06a,69fded1262446148bd848d03,DCB Homes LLC,69fdf1a78e25e7a0d91889e0,"tic682 - College Crossing G {College Crossing EFGH, LLC}",evidenceOfInsurance,Evidence of Insurance,workersCompensation,Workers' Compensation and Employer's Liability,evidenceOfInsuranceWorkersCompensationStatutoryLimits,Statutory Limits,,matchOnce,must be present,,Present,compliant,Block Requirements,,,false,1,,2026-08-16
"Block Real Estate Services, LLC",69fdf7a362446148bd85b06a,69fded1262446148bd848d03,DCB Homes LLC,69fdf1a78e25e7a0d91889e0,"tic682 - College Crossing G {College Crossing EFGH, LLC}",evidenceOfInsurance,Evidence of Insurance,workersCompensation,Workers' Compensation and Employer's Liability,evidenceOfInsuranceWorkersCompensationEmployersLiabilityEachAccident,Employer's Liability Each Accident,,matchOnce,must be greater or equal to,500000,1000000,compliant,Block Requirements,,,false,1,,2026-08-16
"Block Real Estate Services, LLC",69fdf7a362446148bd85b06a,69fded1262446148bd848d03,DCB Homes LLC,69fdf1a78e25e7a0d91889e0,"tic682 - College Crossing G {College Crossing EFGH, LLC}",evidenceOfInsurance,Evidence of Insurance,workersCompensation,Workers' Compensation and Employer's Liability,evidenceOfInsuranceWorkersCompensationEmployersLiabilityDiseaseEachEmployee,Employer's Liability Disease - each employee,,matchOnce,must be greater or equal to,500000,1000000,compliant,Block Requirements,,,false,1,,2026-08-16
"Block Real Estate Services, LLC",69fdf7a362446148bd85b06a,69fded1262446148bd848d03,DCB Homes LLC,69fdf1a78e25e7a0d91889e0,"tic682 - College Crossing G {College Crossing EFGH, LLC}",evidenceOfInsurance,Evidence of Insurance,workersCompensation,Workers' Compensation and Employer's Liability,evidenceOfInsuranceWorkersCompensationEmployersLiabilityDiseasePolicyLimit,Employer's Liability Disease - policy limit,,matchOnce,must be greater or equal to,500000,1000000,compliant,Block Requirements,,,false,1,,2026-08-16
"Block Real Estate Services, LLC",69fdf7a362446148bd85b06a,69fded1262446148bd848d03,DCB Homes LLC,69fdf1a78e25e7a0d91889e0,"tic682 - College Crossing G {College Crossing EFGH, LLC}",evidenceOfInsurance,Evidence of Insurance,workersCompensation,Workers' Compensation and Employer's Liability,evidenceOfInsuranceWorkersCompensationWaiverOfSubrogationEndorsement,Waiver of Subrogation,"---prompt---
Determine if the insurer has waived their right of subrogation in favor of the certificate holder under the Workers' Compensation policy. Evidence may include: a checked ""Waiver of Subrogation"" box on the certificate, mention in the Description of Operations section stating ""waiver of subrogation applies"", or reference to form WC 00 03 13. Look for language like ""subrogation is waived"" or ""per written contract"".",matchOnce,must be present,,Present,compliant,Block Requirements,,,false,1,,2026-08-16
"Block Real Estate Services, LLC",69fdf7a362446148bd85b06a,69fded1262446148bd848d03,DCB Homes LLC,69fdf1a78e25e7a0d91889e0,"tic682 - College Crossing G {College Crossing EFGH, LLC}",evidenceOfInsurance,Evidence of Insurance,6ac20aae-5728-5d57-b364-aeba38527dba,Additional Requirements,4da5b0f1-4c9d-5885-8cf8-5d3cccaed3e0,"Block Real Estate Services, LLC and all others required by contract are named as Additional Insureds","---prompt---
Determine if the Description of Operations or the Additional Remarks Schedule section states the ""Additional Insured as Construction Management, Inc. and all others required by contract"" or reference to blanket additional insured coverage. Look for language like ""certificate holder is additional insured"" or ""per written contract"".",matchOnce,must be present,,Present,compliant,Block Requirements,,,true,1,,2026-08-16
"Block Real Estate Services, LLC",69fdf7a362446148bd85b06a,69fded1262446148bd848d03,DCB Homes LLC,69fdf1a78e25e7a0d91889e0,"tic682 - College Crossing G {College Crossing EFGH, LLC}",evidenceOfInsurance,Evidence of Insurance,6ac20aae-5728-5d57-b364-aeba38527dba,Additional Requirements,e1017741-e47e-5f58-97b8-fbc3043e919f,Umbrella follows form over General Liability,"---prompt---
Determine if the Umbrella/Excess Liability policy follows form to the underlying policies. Evidence may include: language in the Description of Operations section stating the umbrella follows form to underlying coverages or an additional page endorsement stating that it follows form. Follow form means the umbrella policy adopts the same terms, conditions, and exclusions as the underlying policies.",matchOnce,must be present,,Present,compliant,Block Requirements,,,true,1,,2026-08-16
"Block Real Estate Services, LLC",69fdf7a362446148bd85b06a,69fded1262446148bd848d03,DCB Homes LLC,69fdf1a78e25e7a0d91889e0,"tic682 - College Crossing G {College Crossing EFGH, LLC}",evidenceOfInsurance,Evidence of Insurance,6ac20aae-5728-5d57-b364-aeba38527dba,Additional Requirements,2cdd866f-c9a4-576a-afd8-1d045762790c,The location must be listed as: 11076 Strang Line Road Lenexa KS 66215,,matchOnce,must be present,,Present,compliant,Block Requirements,,,true,1,,2026-08-16
"Block Real Estate Services, LLC",69fdf7a362446148bd85b06a,69fded1262446148bd848d03,DCB Homes LLC,69fdf1a78e25e7a0d91889e0,"tic682 - College Crossing G {College Crossing EFGH, LLC}",evidenceOfInsurance,Evidence of Insurance,6ac20aae-5728-5d57-b364-aeba38527dba,Additional Requirements,3649e9d1-4e09-59bf-8f30-cb33c40cf117,"Certificate Holder must read: c/o Block Real Estate Services, LLC, 4622 Pennsylvania St., Suite 700, Kansas City, MO, 64112",,matchOnce,must be present,,Present,compliant,Block Requirements,,,true,1,,2026-08-16
"Block Real Estate Services, LLC",6a1852c219d72d4aed810353,69fded1a62446148bd848f73,MAWD Pathology Group P.A.,69fdf1a78e25e7a0d91889e0,"tic682 - College Crossing G {College Crossing EFGH, LLC}",evidenceOfInsurance,Evidence of Insurance,commercialGeneralLiability,Commercial General Liability,evidenceOfInsuranceCommercialGeneralLiabilityCoverageTriggerOccurrence,Coverage Trigger: Occurrence,,matchOnce,must be present,,,non_compliant,Block Requirements,,,false,0,,2026-08-16
"Block Real Estate Services, LLC",6a1852c219d72d4aed810353,69fded1a62446148bd848f73,MAWD Pathology Group P.A.,69fdf1a78e25e7a0d91889e0,"tic682 - College Crossing G {College Crossing EFGH, LLC}",evidenceOfInsurance,Evidence of Insurance,commercialGeneralLiability,Commercial General Liability,evidenceOfInsuranceCommercialGeneralLiabilityGeneralAggregateLimitAppliesPerLocation,General Aggregate Limit Applies per: Location,,matchOnce,must be present,,,non_compliant,Block Requirements,,,false,0,,2026-08-16
"Block Real Estate Services, LLC",6a1852c219d72d4aed810353,69fded1a62446148bd848f73,MAWD Pathology Group P.A.,69fdf1a78e25e7a0d91889e0,"tic682 - College Crossing G {College Crossing EFGH, LLC}",evidenceOfInsurance,Evidence of Insurance,commercialGeneralLiability,Commercial General Liability,evidenceOfInsuranceCommercialGeneralLiabilityEachOccurrence,Each Occurrence,,matchOnce,must be greater or equal to,1000000,,non_compliant,Block Requirements,,,false,0,,2026-08-16
"Block Real Estate Services, LLC",6a1852c219d72d4aed810353,69fded1a62446148bd848f73,MAWD Pathology Group P.A.,69fdf1a78e25e7a0d91889e0,"tic682 - College Crossing G {College Crossing EFGH, LLC}",evidenceOfInsurance,Evidence of Insurance,commercialGeneralLiability,Commercial General Liability,evidenceOfInsuranceCommercialGeneralLiabilityGeneralAggregate,General Aggregate,,matchOnce,must be greater or equal to,2000000,,non_compliant,Block Requirements,,,false,0,,2026-08-16
"Block Real Estate Services, LLC",6a1852c219d72d4aed810353,69fded1a62446148bd848f73,MAWD Pathology Group P.A.,69fdf1a78e25e7a0d91889e0,"tic682 - College Crossing G {College Crossing EFGH, LLC}",evidenceOfInsurance,Evidence of Insurance,commercialGeneralLiability,Commercial General Liability,evidenceOfInsuranceCommercialGeneralLiabilityWaiverOfSubrogationEndorsement,Waiver of Subrogation,"---prompt---
Determine if the insurer has waived their right of subrogation in favor of the certificate holder under the Commercial General Liability policy. Evidence may include: a checked ""Waiver of Subrogation"" box on the certificate, mention in the Description of Operations section stating ""waiver of subrogation applies"", or reference to form CG 24 04. Look for language like ""subrogation is waived"" or ""per written contract"".",matchOnce,must be present,,,non_compliant,Block Requirements,,,false,0,,2026-08-16
"Block Real Estate Services, LLC",6a1852c219d72d4aed810353,69fded1a62446148bd848f73,MAWD Pathology Group P.A.,69fdf1a78e25e7a0d91889e0,"tic682 - College Crossing G {College Crossing EFGH, LLC}",evidenceOfInsurance,Evidence of Insurance,excessOrUmbrellaLiability,Umbrella/Excess Liability,evidenceOfInsuranceExcessOrUmbrellaLiabilityOccurence,Coverage Trigger: Occurrence,,matchOnce,must be present,,,non_compliant,Block Requirements,,,false,0,,2026-08-16
"Block Real Estate Services, LLC",6a1852c219d72d4aed810353,69fded1a62446148bd848f73,MAWD Pathology Group P.A.,69fdf1a78e25e7a0d91889e0,"tic682 - College Crossing G {College Crossing EFGH, LLC}",evidenceOfInsurance,Evidence of Insurance,excessOrUmbrellaLiability,Umbrella/Excess Liability,evidenceOfInsuranceExcessOrUmbrellaLiabilityEachOccurrence,Each Occurrence,,matchOnce,must be greater or equal to,1000000,,non_compliant,Block Requirements,,,false,0,,2026-08-16
"Block Real Estate Services, LLC",6a1852c219d72d4aed810353,69fded1a62446148bd848f73,MAWD Pathology Group P.A.,69fdf1a78e25e7a0d91889e0,"tic682 - College Crossing G {College Crossing EFGH, LLC}",evidenceOfInsurance,Evidence of Insurance,excessOrUmbrellaLiability,Umbrella/Excess Liability,evidenceOfInsuranceExcessOrUmbrellaLiabilityAggregate,Aggregate,,matchOnce,must be greater or equal to,1000000,,non_compliant,Block Requirements,,,false,0,,2026-08-16
"Block Real Estate Services, LLC",6a1852c219d72d4aed810353,69fded1a62446148bd848f73,MAWD Pathology Group P.A.,69fdf1a78e25e7a0d91889e0,"tic682 - College Crossing G {College Crossing EFGH, LLC}",evidenceOfInsurance,Evidence of Insurance,workersCompensation,Workers' Compensation and Employer's Liability,evidenceOfInsuranceWorkersCompensationStatutoryLimits,Statutory Limits,,matchOnce,must be present,,,non_compliant,Block Requirements,,,false,0,,2026-08-16
"Block Real Estate Services, LLC",6a1852c219d72d4aed810353,69fded1a62446148bd848f73,MAWD Pathology Group P.A.,69fdf1a78e25e7a0d91889e0,"tic682 - College Crossing G {College Crossing EFGH, LLC}",evidenceOfInsurance,Evidence of Insurance,workersCompensation,Workers' Compensation and Employer's Liability,evidenceOfInsuranceWorkersCompensationEmployersLiabilityEachAccident,Employer's Liability Each Accident,,matchOnce,must be greater or equal to,500000,,non_compliant,Block Requirements,,,false,0,,2026-08-16
"Block Real Estate Services, LLC",6a1852c219d72d4aed810353,69fded1a62446148bd848f73,MAWD Pathology Group P.A.,69fdf1a78e25e7a0d91889e0,"tic682 - College Crossing G {College Crossing EFGH, LLC}",evidenceOfInsurance,Evidence of Insurance,workersCompensation,Workers' Compensation and Employer's Liability,evidenceOfInsuranceWorkersCompensationEmployersLiabilityDiseaseEachEmployee,Employer's Liability Disease - each employee,,matchOnce,must be greater or equal to,500000,,non_compliant,Block Requirements,,,false,0,,2026-08-16
"Block Real Estate Services, LLC",6a1852c219d72d4aed810353,69fded1a62446148bd848f73,MAWD Pathology Group P.A.,69fdf1a78e25e7a0d91889e0,"tic682 - College Crossing G {College Crossing EFGH, LLC}",evidenceOfInsurance,Evidence of Insurance,workersCompensation,Workers' Compensation and Employer's Liability,evidenceOfInsuranceWorkersCompensationEmployersLiabilityDiseasePolicyLimit,Employer's Liability Disease - policy limit,,matchOnce,must be greater or equal to,500000,,non_compliant,Block Requirements,,,false,0,,2026-08-16
"Block Real Estate Services, LLC",6a1852c219d72d4aed810353,69fded1a62446148bd848f73,MAWD Pathology Group P.A.,69fdf1a78e25e7a0d91889e0,"tic682 - College Crossing G {College Crossing EFGH, LLC}",evidenceOfInsurance,Evidence of Insurance,workersCompensation,Workers' Compensation and Employer's Liability,evidenceOfInsuranceWorkersCompensationWaiverOfSubrogationEndorsement,Waiver of Subrogation,"---prompt---
Determine if the insurer has waived their right of subrogation in favor of the certificate holder under the Workers' Compensation policy. Evidence may include: a checked ""Waiver of Subrogation"" box on the certificate, mention in the Description of Operations section stating ""waiver of subrogation applies"", or reference to form WC 00 03 13. Look for language like ""subrogation is waived"" or ""per written contract"".",matchOnce,must be present,,,non_compliant,Block Requirements,,,false,0,,2026-08-16
"Block Real Estate Services, LLC",6a1852c219d72d4aed810353,69fded1a62446148bd848f73,MAWD Pathology Group P.A.,69fdf1a78e25e7a0d91889e0,"tic682 - College Crossing G {College Crossing EFGH, LLC}",evidenceOfInsurance,Evidence of Insurance,6ac20aae-5728-5d57-b364-aeba38527dba,Additional Requirements,4da5b0f1-4c9d-5885-8cf8-5d3cccaed3e0,"Block Real Estate Services, LLC and all others required by contract are named as Additional Insureds","---prompt---
Determine if the Description of Operations or the Additional Remarks Schedule section states the ""Additional Insured as Construction Management, Inc. and all others required by contract"" or reference to blanket additional insured coverage. Look for language like ""certificate holder is additional insured"" or ""per written contract"".",matchOnce,must be present,,,non_compliant,Block Requirements,,,true,0,,2026-08-16
"Block Real Estate Services, LLC",6a1852c219d72d4aed810353,69fded1a62446148bd848f73,MAWD Pathology Group P.A.,69fdf1a78e25e7a0d91889e0,"tic682 - College Crossing G {College Crossing EFGH, LLC}",evidenceOfInsurance,Evidence of Insurance,6ac20aae-5728-5d57-b364-aeba38527dba,Additional Requirements,e1017741-e47e-5f58-97b8-fbc3043e919f,Umbrella follows form over General Liability,"---prompt---
Determine if the Umbrella/Excess Liability policy follows form to the underlying policies. Evidence may include: language in the Description of Operations section stating the umbrella follows form to underlying coverages or an additional page endorsement stating that it follows form. Follow form means the umbrella policy adopts the same terms, conditions, and exclusions as the underlying policies.",matchOnce,must be present,,,non_compliant,Block Requirements,,,true,0,,2026-08-16
"Block Real Estate Services, LLC",6a1852c219d72d4aed810353,69fded1a62446148bd848f73,MAWD Pathology Group P.A.,69fdf1a78e25e7a0d91889e0,"tic682 - College Crossing G {College Crossing EFGH, LLC}",evidenceOfInsurance,Evidence of Insurance,6ac20aae-5728-5d57-b364-aeba38527dba,Additional Requirements,2cdd866f-c9a4-576a-afd8-1d045762790c,The location must be listed as: 11070 Strang Line Road Lenexa KS 66215,,matchOnce,must be present,,,non_compliant,Block Requirements,,,true,0,,2026-08-16
"Block Real Estate Services, LLC",6a1852c219d72d4aed810353,69fded1a62446148bd848f73,MAWD Pathology Group P.A.,69fdf1a78e25e7a0d91889e0,"tic682 - College Crossing G {College Crossing EFGH, LLC}",evidenceOfInsurance,Evidence of Insurance,6ac20aae-5728-5d57-b364-aeba38527dba,Additional Requirements,3649e9d1-4e09-59bf-8f30-cb33c40cf117,"Certificate Holder must read: c/o Block Real Estate Services, LLC, 4622 Pennsylvania St., Suite 700, Kansas City, MO, 64112",,matchOnce,must be present,,,non_compliant,Block Requirements,,,true,0,,2026-08-16
"Block Real Estate Services, LLC",6a1852c219d72d4aed810354,69fded1a62446148bd848f73,MAWD Pathology Group P.A.,69fdf1a78e25e7a0d91889e0,"tic682 - College Crossing G {College Crossing EFGH, LLC}",evidenceOfInsurance,Evidence of Insurance,commercialGeneralLiability,Commercial General Liability,evidenceOfInsuranceCommercialGeneralLiabilityCoverageTriggerOccurrence,Coverage Trigger: Occurrence,,matchOnce,must be present,,,non_compliant,Block Requirements,,,false,0,,2026-08-16
"Block Real Estate Services, LLC",6a1852c219d72d4aed810354,69fded1a62446148bd848f73,MAWD Pathology Group P.A.,69fdf1a78e25e7a0d91889e0,"tic682 - College Crossing G {College Crossing EFGH, LLC}",evidenceOfInsurance,Evidence of Insurance,commercialGeneralLiability,Commercial General Liability,evidenceOfInsuranceCommercialGeneralLiabilityGeneralAggregateLimitAppliesPerLocation,General Aggregate Limit Applies per: Location,,matchOnce,must be present,,,non_compliant,Block Requirements,,,false,0,,2026-08-16
"Block Real Estate Services, LLC",6a1852c219d72d4aed810354,69fded1a62446148bd848f73,MAWD Pathology Group P.A.,69fdf1a78e25e7a0d91889e0,"tic682 - College Crossing G {College Crossing EFGH, LLC}",evidenceOfInsurance,Evidence of Insurance,commercialGeneralLiability,Commercial General Liability,evidenceOfInsuranceCommercialGeneralLiabilityEachOccurrence,Each Occurrence,,matchOnce,must be greater or equal to,1000000,,non_compliant,Block Requirements,,,false,0,,2026-08-16
"Block Real Estate Services, LLC",6a1852c219d72d4aed810354,69fded1a62446148bd848f73,MAWD Pathology Group P.A.,69fdf1a78e25e7a0d91889e0,"tic682 - College Crossing G {College Crossing EFGH, LLC}",evidenceOfInsurance,Evidence of Insurance,commercialGeneralLiability,Commercial General Liability,evidenceOfInsuranceCommercialGeneralLiabilityGeneralAggregate,General Aggregate,,matchOnce,must be greater or equal to,2000000,,non_compliant,Block Requirements,,,false,0,,2026-08-16
"Block Real Estate Services, LLC",6a1852c219d72d4aed810354,69fded1a62446148bd848f73,MAWD Pathology Group P.A.,69fdf1a78e25e7a0d91889e0,"tic682 - College Crossing G {College Crossing EFGH, LLC}",evidenceOfInsurance,Evidence of Insurance,commercialGeneralLiability,Commercial General Liability,evidenceOfInsuranceCommercialGeneralLiabilityWaiverOfSubrogationEndorsement,Waiver of Subrogation,"---prompt---
Determine if the insurer has waived their right of subrogation in favor of the certificate holder under the Commercial General Liability policy. Evidence may include: a checked ""Waiver of Subrogation"" box on the certificate, mention in the Description of Operations section stating ""waiver of subrogation applies"", or reference to form CG 24 04. Look for language like ""subrogation is waived"" or ""per written contract"".",matchOnce,must be present,,,non_compliant,Block Requirements,,,false,0,,2026-08-16
"Block Real Estate Services, LLC",6a1852c219d72d4aed810354,69fded1a62446148bd848f73,MAWD Pathology Group P.A.,69fdf1a78e25e7a0d91889e0,"tic682 - College Crossing G {College Crossing EFGH, LLC}",evidenceOfInsurance,Evidence of Insurance,excessOrUmbrellaLiability,Umbrella/Excess Liability,evidenceOfInsuranceExcessOrUmbrellaLiabilityOccurence,Coverage Trigger: Occurrence,,matchOnce,must be present,,,non_compliant,Block Requirements,,,false,0,,2026-08-16
"Block Real Estate Services, LLC",6a1852c219d72d4aed810354,69fded1a62446148bd848f73,MAWD Pathology Group P.A.,69fdf1a78e25e7a0d91889e0,"tic682 - College Crossing G {College Crossing EFGH, LLC}",evidenceOfInsurance,Evidence of Insurance,excessOrUmbrellaLiability,Umbrella/Excess Liability,evidenceOfInsuranceExcessOrUmbrellaLiabilityEachOccurrence,Each Occurrence,,matchOnce,must be greater or equal to,1000000,,non_compliant,Block Requirements,,,false,0,,2026-08-16
"Block Real Estate Services, LLC",6a1852c219d72d4aed810354,69fded1a62446148bd848f73,MAWD Pathology Group P.A.,69fdf1a78e25e7a0d91889e0,"tic682 - College Crossing G {College Crossing EFGH, LLC}",evidenceOfInsurance,Evidence of Insurance,excessOrUmbrellaLiability,Umbrella/Excess Liability,evidenceOfInsuranceExcessOrUmbrellaLiabilityAggregate,Aggregate,,matchOnce,must be greater or equal to,1000000,,non_compliant,Block Requirements,,,false,0,,2026-08-16
"Block Real Estate Services, LLC",6a1852c219d72d4aed810354,69fded1a62446148bd848f73,MAWD Pathology Group P.A.,69fdf1a78e25e7a0d91889e0,"tic682 - College Crossing G {College Crossing EFGH, LLC}",evidenceOfInsurance,Evidence of Insurance,workersCompensation,Workers' Compensation and Employer's Liability,evidenceOfInsuranceWorkersCompensationStatutoryLimits,Statutory Limits,,matchOnce,must be present,,,non_compliant,Block Requirements,,,false,0,,2026-08-16
"Block Real Estate Services, LLC",6a1852c219d72d4aed810354,69fded1a62446148bd848f73,MAWD Pathology Group P.A.,69fdf1a78e25e7a0d91889e0,"tic682 - College Crossing G {College Crossing EFGH, LLC}",evidenceOfInsurance,Evidence of Insurance,workersCompensation,Workers' Compensation and Employer's Liability,evidenceOfInsuranceWorkersCompensationEmployersLiabilityEachAccident,Employer's Liability Each Accident,,matchOnce,must be greater or equal to,500000,,non_compliant,Block Requirements,,,false,0,,2026-08-16
"Block Real Estate Services, LLC",6a1852c219d72d4aed810354,69fded1a62446148bd848f73,MAWD Pathology Group P.A.,69fdf1a78e25e7a0d91889e0,"tic682 - College Crossing G {College Crossing EFGH, LLC}",evidenceOfInsurance,Evidence of Insurance,workersCompensation,Workers' Compensation and Employer's Liability,evidenceOfInsuranceWorkersCompensationEmployersLiabilityDiseaseEachEmployee,Employer's Liability Disease - each employee,,matchOnce,must be greater or equal to,500000,,non_compliant,Block Requirements,,,false,0,,2026-08-16
"Block Real Estate Services, LLC",6a1852c219d72d4aed810354,69fded1a62446148bd848f73,MAWD Pathology Group P.A.,69fdf1a78e25e7a0d91889e0,"tic682 - College Crossing G {College Crossing EFGH, LLC}",evidenceOfInsurance,Evidence of Insurance,workersCompensation,Workers' Compensation and Employer's Liability,evidenceOfInsuranceWorkersCompensationEmployersLiabilityDiseasePolicyLimit,Employer's Liability Disease - policy limit,,matchOnce,must be greater or equal to,500000,,non_compliant,Block Requirements,,,false,0,,2026-08-16
"Block Real Estate Services, LLC",6a1852c219d72d4aed810354,69fded1a62446148bd848f73,MAWD Pathology Group P.A.,69fdf1a78e25e7a0d91889e0,"tic682 - College Crossing G {College Crossing EFGH, LLC}",evidenceOfInsurance,Evidence of Insurance,workersCompensation,Workers' Compensation and Employer's Liability,evidenceOfInsuranceWorkersCompensationWaiverOfSubrogationEndorsement,Waiver of Subrogation,"---prompt---
Determine if the insurer has waived their right of subrogation in favor of the certificate holder under the Workers' Compensation policy. Evidence may include: a checked ""Waiver of Subrogation"" box on the certificate, mention in the Description of Operations section stating ""waiver of subrogation applies"", or reference to form WC 00 03 13. Look for language like ""subrogation is waived"" or ""per written contract"".",matchOnce,must be present,,,non_compliant,Block Requirements,,,false,0,,2026-08-16
"Block Real Estate Services, LLC",6a1852c219d72d4aed810354,69fded1a62446148bd848f73,MAWD Pathology Group P.A.,69fdf1a78e25e7a0d91889e0,"tic682 - College Crossing G {College Crossing EFGH, LLC}",evidenceOfInsurance,Evidence of Insurance,6ac20aae-5728-5d57-b364-aeba38527dba,Additional Requirements,4da5b0f1-4c9d-5885-8cf8-5d3cccaed3e0,"Block Real Estate Services, LLC and all others required by contract are named as Additional Insureds","---prompt---
Determine if the Description of Operations or the Additional Remarks Schedule section states the ""Additional Insured as Construction Management, Inc. and all others required by contract"" or reference to blanket additional insured coverage. Look for language like ""certificate holder is additional insured"" or ""per written contract"".",matchOnce,must be present,,,non_compliant,Block Requirements,,,true,0,,2026-08-16
"Block Real Estate Services, LLC",6a1852c219d72d4aed810354,69fded1a62446148bd848f73,MAWD Pathology Group P.A.,69fdf1a78e25e7a0d91889e0,"tic682 - College Crossing G {College Crossing EFGH, LLC}",evidenceOfInsurance,Evidence of Insurance,6ac20aae-5728-5d57-b364-aeba38527dba,Additional Requirements,e1017741-e47e-5f58-97b8-fbc3043e919f,Umbrella follows form over General Liability,"---prompt---
Determine if the Umbrella/Excess Liability policy follows form to the underlying policies. Evidence may include: language in the Description of Operations section stating the umbrella follows form to underlying coverages or an additional page endorsement stating that it follows form. Follow form means the umbrella policy adopts the same terms, conditions, and exclusions as the underlying policies.",matchOnce,must be present,,,non_compliant,Block Requirements,,,true,0,,2026-08-16
"Block Real Estate Services, LLC",6a1852c219d72d4aed810354,69fded1a62446148bd848f73,MAWD Pathology Group P.A.,69fdf1a78e25e7a0d91889e0,"tic682 - College Crossing G {College Crossing EFGH, LLC}",evidenceOfInsurance,Evidence of Insurance,6ac20aae-5728-5d57-b364-aeba38527dba,Additional Requirements,2cdd866f-c9a4-576a-afd8-1d045762790c,The location must be listed as: 11072/11074 Strang Line Road Lenexa KS 66215,,matchOnce,must be present,,,non_compliant,Block Requirements,,,true,0,,2026-08-16
"Block Real Estate Services, LLC",6a1852c219d72d4aed810354,69fded1a62446148bd848f73,MAWD Pathology Group P.A.,69fdf1a78e25e7a0d91889e0,"tic682 - College Crossing G {College Crossing EFGH, LLC}",evidenceOfInsurance,Evidence of Insurance,6ac20aae-5728-5d57-b364-aeba38527dba,Additional Requirements,3649e9d1-4e09-59bf-8f30-cb33c40cf117,"Certificate Holder must read: c/o Block Real Estate Services, LLC, 4622 Pennsylvania St., Suite 700, Kansas City, MO, 64112",,matchOnce,must be present,,,non_compliant,Block Requirements,,,true,0,,2026-08-16
"Block Real Estate Services, LLC",69fdf75c62446148bd855f8e,69fded1962446148bd848f1f,Leslie's Poolmart Inc,69fdef94fa0b60fcd50d6424,"3rd989 - Hillcrest Plaza {Dunbarton SC, LLC}",evidenceOfInsurance,Evidence of Insurance,commercialGeneralLiability,Commercial General Liability,evidenceOfInsuranceCommercialGeneralLiabilityCoverageTriggerOccurrence,Coverage Trigger: Occurrence,,matchOnce,must be present,,Present,compliant,Block Requirements,,,false,1,,2026-08-16
"Block Real Estate Services, LLC",69fdf75c62446148bd855f8e,69fded1962446148bd848f1f,Leslie's Poolmart Inc,69fdef94fa0b60fcd50d6424,"3rd989 - Hillcrest Plaza {Dunbarton SC, LLC}",evidenceOfInsurance,Evidence of Insurance,commercialGeneralLiability,Commercial General Liability,evidenceOfInsuranceCommercialGeneralLiabilityGeneralAggregateLimitAppliesPerLocation,General Aggregate Limit Applies per: Location,,matchOnce,must be present,,Present,compliant,Block Requirements,,,false,1,,2026-08-16
"Block Real Estate Services, LLC",69fdf75c62446148bd855f8e,69fded1962446148bd848f1f,Leslie's Poolmart Inc,69fdef94fa0b60fcd50d6424,"3rd989 - Hillcrest Plaza {Dunbarton SC, LLC}",evidenceOfInsurance,Evidence of Insurance,commercialGeneralLiability,Commercial General Liability,evidenceOfInsuranceCommercialGeneralLiabilityEachOccurrence,Each Occurrence,,matchOnce,must be greater or equal to,1000000,1000000,compliant,Block Requirements,,,false,1,,2026-08-16
"Block Real Estate Services, LLC",69fdf75c62446148bd855f8e,69fded1962446148bd848f1f,Leslie's Poolmart Inc,69fdef94fa0b60fcd50d6424,"3rd989 - Hillcrest Plaza {Dunbarton SC, LLC}",evidenceOfInsurance,Evidence of Insurance,commercialGeneralLiability,Commercial General Liability,evidenceOfInsuranceCommercialGeneralLiabilityGeneralAggregate,General Aggregate,,matchOnce,must be greater or equal to,2000000,2000000,compliant,Block Requirements,,,false,1,,2026-08-16
"Block Real Estate Services, LLC",69fdf75c62446148bd855f8e,69fded1962446148bd848f1f,Leslie's Poolmart Inc,69fdef94fa0b60fcd50d6424,"3rd989 - Hillcrest Plaza {Dunbarton SC, LLC}",evidenceOfInsurance,Evidence of Insurance,commercialGeneralLiability,Commercial General Liability,evidenceOfInsuranceCommercialGeneralLiabilityWaiverOfSubrogationEndorsement,Waiver of Subrogation,"---prompt---
Determine if the insurer has waived their right of subrogation in favor of the certificate holder under the Commercial General Liability policy. Evidence may include: a checked ""Waiver of Subrogation"" box on the certificate, mention in the Description of Operations section stating ""waiver of subrogation applies"", or reference to form CG 24 04. Look for language like ""subrogation is waived"" or ""per written contract"".",matchOnce,must be present,,Present,compliant,Block Requirements,,,false,1,,2026-08-16
"Block Real Estate Services, LLC",69fdf75c62446148bd855f8e,69fded1962446148bd848f1f,Leslie's Poolmart Inc,69fdef94fa0b60fcd50d6424,"3rd989 - Hillcrest Plaza {Dunbarton SC, LLC}",evidenceOfInsurance,Evidence of Insurance,excessOrUmbrellaLiability,Umbrella/Excess Liability,evidenceOfInsuranceExcessOrUmbrellaLiabilityOccurence,Coverage Trigger: Occurrence,,matchOnce,must be present,,Present,compliant,Block Requirements,,,false,1,,2026-08-16
"Block Real Estate Services, LLC",69fdf75c62446148bd855f8e,69fded1962446148bd848f1f,Leslie's Poolmart Inc,69fdef94fa0b60fcd50d6424,"3rd989 - Hillcrest Plaza {Dunbarton SC, LLC}",evidenceOfInsurance,Evidence of Insurance,excessOrUmbrellaLiability,Umbrella/Excess Liability,evidenceOfInsuranceExcessOrUmbrellaLiabilityEachOccurrence,Each Occurrence,,matchOnce,must be greater or equal to,1000000,2000000,compliant,Block Requirements,,,false,1,,2026-08-16
"Block Real Estate Services, LLC",69fdf75c62446148bd855f8e,69fded1962446148bd848f1f,Leslie's Poolmart Inc,69fdef94fa0b60fcd50d6424,"3rd989 - Hillcrest Plaza {Dunbarton SC, LLC}",evidenceOfInsurance,Evidence of Insurance,excessOrUmbrellaLiability,Umbrella/Excess Liability,evidenceOfInsuranceExcessOrUmbrellaLiabilityAggregate,Aggregate,,matchOnce,must be greater or equal to,1000000,2000000,compliant,Block Requirements,,,false,1,,2026-08-16
"Block Real Estate Services, LLC",69fdf75c62446148bd855f8e,69fded1962446148bd848f1f,Leslie's Poolmart Inc,69fdef94fa0b60fcd50d6424,"3rd989 - Hillcrest Plaza {Dunbarton SC, LLC}",evidenceOfInsurance,Evidence of Insurance,workersCompensation,Workers' Compensation and Employer's Liability,evidenceOfInsuranceWorkersCompensationStatutoryLimits,Statutory Limits,,matchOnce,must be present,,Present,compliant,Block Requirements,,,false,1,,2026-08-16
"Block Real Estate Services, LLC",69fdf75c62446148bd855f8e,69fded1962446148bd848f1f,Leslie's Poolmart Inc,69fdef94fa0b60fcd50d6424,"3rd989 - Hillcrest Plaza {Dunbarton SC, LLC}",evidenceOfInsurance,Evidence of Insurance,workersCompensation,Workers' Compensation and Employer's Liability,evidenceOfInsuranceWorkersCompensationEmployersLiabilityEachAccident,Employer's Liability Each Accident,,matchOnce,must be greater or equal to,500000,1000000,compliant,Block Requirements,,,false,1,,2026-08-16
"Block Real Estate Services, LLC",69fdf75c62446148bd855f8e,69fded1962446148bd848f1f,Leslie's Poolmart Inc,69fdef94fa0b60fcd50d6424,"3rd989 - Hillcrest Plaza {Dunbarton SC, LLC}",evidenceOfInsurance,Evidence of Insurance,workersCompensation,Workers' Compensation and Employer's Liability,evidenceOfInsuranceWorkersCompensationEmployersLiabilityDiseaseEachEmployee,Employer's Liability Disease - each employee,,matchOnce,must be greater or equal to,500000,1000000,compliant,Block Requirements,,,false,1,,2026-08-16
"Block Real Estate Services, LLC",69fdf75c62446148bd855f8e,69fded1962446148bd848f1f,Leslie's Poolmart Inc,69fdef94fa0b60fcd50d6424,"3rd989 - Hillcrest Plaza {Dunbarton SC, LLC}",evidenceOfInsurance,Evidence of Insurance,workersCompensation,Workers' Compensation and Employer's Liability,evidenceOfInsuranceWorkersCompensationEmployersLiabilityDiseasePolicyLimit,Employer's Liability Disease - policy limit,,matchOnce,must be greater or equal to,500000,1000000,compliant,Block Requirements,,,false,1,,2026-08-16
"Block Real Estate Services, LLC",69fdf75c62446148bd855f8e,69fded1962446148bd848f1f,Leslie's Poolmart Inc,69fdef94fa0b60fcd50d6424,"3rd989 - Hillcrest Plaza {Dunbarton SC, LLC}",evidenceOfInsurance,Evidence of Insurance,workersCompensation,Workers' Compensation and Employer's Liability,evidenceOfInsuranceWorkersCompensationWaiverOfSubrogationEndorsement,Waiver of Subrogation,"---prompt---
Determine if the insurer has waived their right of subrogation in favor of the certificate holder under the Workers' Compensation policy. Evidence may include: a checked ""Waiver of Subrogation"" box on the certificate, mention in the Description of Operations section stating ""waiver of subrogation applies"", or reference to form WC 00 03 13. Look for language like ""subrogation is waived"" or ""per written contract"".",matchOnce,must be present,,Present,compliant,Block Requirements,,,false,1,,2026-08-16
"Block Real Estate Services, LLC",69fdf75c62446148bd855f8e,69fded1962446148bd848f1f,Leslie's Poolmart Inc,69fdef94fa0b60fcd50d6424,"3rd989 - Hillcrest Plaza {Dunbarton SC, LLC}",evidenceOfInsurance,Evidence of Insurance,6ac20aae-5728-5d57-b364-aeba38527dba,Additional Requirements,4da5b0f1-4c9d-5885-8cf8-5d3cccaed3e0,"Block Real Estate Services, LLC and all others required by contract are named as Additional Insureds","---prompt---
Determine if the Description of Operations or the Additional Remarks Schedule section states the ""Additional Insured as Construction Management, Inc. and all others required by contract"" or reference to blanket additional insured coverage. Look for language like ""certificate holder is additional insured"" or ""per written contract"".",matchOnce,must be present,,Present,compliant,Block Requirements,,,true,1,,2026-08-16
"Block Real Estate Services, LLC",69fdf75c62446148bd855f8e,69fded1962446148bd848f1f,Leslie's Poolmart Inc,69fdef94fa0b60fcd50d6424,"3rd989 - Hillcrest Plaza {Dunbarton SC, LLC}",evidenceOfInsurance,Evidence of Insurance,6ac20aae-5728-5d57-b364-aeba38527dba,Additional Requirements,e1017741-e47e-5f58-97b8-fbc3043e919f,Umbrella follows form over General Liability,"---prompt---
Determine if the Umbrella/Excess Liability policy follows form to the underlying policies. Evidence may include: language in the Description of Operations section stating the umbrella follows form to underlying coverages or an additional page endorsement stating that it follows form. Follow form means the umbrella policy adopts the same terms, conditions, and exclusions as the underlying policies.",matchOnce,must be present,,,non_compliant,Block Requirements,,,true,0,,2026-08-16
"Block Real Estate Services, LLC",69fdf75c62446148bd855f8e,69fded1962446148bd848f1f,Leslie's Poolmart Inc,69fdef94fa0b60fcd50d6424,"3rd989 - Hillcrest Plaza {Dunbarton SC, LLC}",evidenceOfInsurance,Evidence of Insurance,6ac20aae-5728-5d57-b364-aeba38527dba,Additional Requirements,2cdd866f-c9a4-576a-afd8-1d045762790c,"The location must be listed as: 615 North Belt Highway, St. Joseph, MO, 64506",,matchOnce,must be present,,Present,compliant,Block Requirements,,,true,1,,2026-08-16
"Block Real Estate Services, LLC",69fdf75c62446148bd855f8e,69fded1962446148bd848f1f,Leslie's Poolmart Inc,69fdef94fa0b60fcd50d6424,"3rd989 - Hillcrest Plaza {Dunbarton SC, LLC}",evidenceOfInsurance,Evidence of Insurance,6ac20aae-5728-5d57-b364-aeba38527dba,Additional Requirements,3649e9d1-4e09-59bf-8f30-cb33c40cf117,"Certificate Holder must read: c/o Block Real Estate Services, LLC, 4622 Pennsylvania St., Suite 700, Kansas City, MO, 64112",,matchOnce,must be present,,Present,compliant,Block Requirements,,,true,1,,2026-08-16
"Block Real Estate Services, LLC",69fdf75c62446148bd855f8d,69fded1362446148bd848d2a,Dollar Tree #8462,69fdef94fa0b60fcd50d6424,"3rd989 - Hillcrest Plaza {Dunbarton SC, LLC}",evidenceOfInsurance,Evidence of Insurance,commercialGeneralLiability,Commercial General Liability,evidenceOfInsuranceCommercialGeneralLiabilityCoverageTriggerOccurrence,Coverage Trigger: Occurrence,,matchOnce,must be present,,Present,compliant,Block Requirements,,,false,1,,2026-08-16
"Block Real Estate Services, LLC",69fdf75c62446148bd855f8d,69fded1362446148bd848d2a,Dollar Tree #8462,69fdef94fa0b60fcd50d6424,"3rd989 - Hillcrest Plaza {Dunbarton SC, LLC}",evidenceOfInsurance,Evidence of Insurance,commercialGeneralLiability,Commercial General Liability,evidenceOfInsuranceCommercialGeneralLiabilityGeneralAggregateLimitAppliesPerLocation,General Aggregate Limit Applies per: Location,,matchOnce,must be present,,,waived,Block Requirements,Per location not a requirement in the lease,,false,0,,2026-08-16
"Block Real Estate Services, LLC",69fdf75c62446148bd855f8d,69fded1362446148bd848d2a,Dollar Tree #8462,69fdef94fa0b60fcd50d6424,"3rd989 - Hillcrest Plaza {Dunbarton SC, LLC}",evidenceOfInsurance,Evidence of Insurance,commercialGeneralLiability,Commercial General Liability,evidenceOfInsuranceCommercialGeneralLiabilityEachOccurrence,Each Occurrence,,matchOnce,must be greater or equal to,1000000,4000000,compliant,Block Requirements,,,false,1,,2026-08-16
"Block Real Estate Services, LLC",69fdf75c62446148bd855f8d,69fded1362446148bd848d2a,Dollar Tree #8462,69fdef94fa0b60fcd50d6424,"3rd989 - Hillcrest Plaza {Dunbarton SC, LLC}",evidenceOfInsurance,Evidence of Insurance,commercialGeneralLiability,Commercial General Liability,evidenceOfInsuranceCommercialGeneralLiabilityGeneralAggregate,General Aggregate,,matchOnce,must be greater or equal to,2000000,20000000,compliant,Block Requirements,,,false,1,,2026-08-16
"Block Real Estate Services, LLC",69fdf75c62446148bd855f8d,69fded1362446148bd848d2a,Dollar Tree #8462,69fdef94fa0b60fcd50d6424,"3rd989 - Hillcrest Plaza {Dunbarton SC, LLC}",evidenceOfInsurance,Evidence of Insurance,commercialGeneralLiability,Commercial General Liability,evidenceOfInsuranceCommercialGeneralLiabilityWaiverOfSubrogationEndorsement,Waiver of Subrogation,"---prompt---
Determine if the insurer has waived their right of subrogation in favor of the certificate holder under the Commercial General Liability policy. Evidence may include: a checked ""Waiver of Subrogation"" box on the certificate, mention in the Description of Operations section stating ""waiver of subrogation applies"", or reference to form CG 24 04. Look for language like ""subrogation is waived"" or ""per written contract"".",matchOnce,must be present,,Present,compliant,Block Requirements,,,false,1,,2026-08-16
"Block Real Estate Services, LLC",69fdf75c62446148bd855f8d,69fded1362446148bd848d2a,Dollar Tree #8462,69fdef94fa0b60fcd50d6424,"3rd989 - Hillcrest Plaza {Dunbarton SC, LLC}",evidenceOfInsurance,Evidence of Insurance,excessOrUmbrellaLiability,Umbrella/Excess Liability,evidenceOfInsuranceExcessOrUmbrellaLiabilityOccurence,Coverage Trigger: Occurrence,,matchOnce,must be present,,Present,compliant,Block Requirements,,,false,1,,2026-08-16
"Block Real Estate Services, LLC",69fdf75c62446148bd855f8d,69fded1362446148bd848d2a,Dollar Tree #8462,69fdef94fa0b60fcd50d6424,"3rd989 - Hillcrest Plaza {Dunbarton SC, LLC}",evidenceOfInsurance,Evidence of Insurance,excessOrUmbrellaLiability,Umbrella/Excess Liability,evidenceOfInsuranceExcessOrUmbrellaLiabilityEachOccurrence,Each Occurrence,,matchOnce,must be greater or equal to,1000000,10000000,compliant,Block Requirements,,,false,1,,2026-08-16
"Block Real Estate Services, LLC",69fdf75c62446148bd855f8d,69fded1362446148bd848d2a,Dollar Tree #8462,69fdef94fa0b60fcd50d6424,"3rd989 - Hillcrest Plaza {Dunbarton SC, LLC}",evidenceOfInsurance,Evidence of Insurance,excessOrUmbrellaLiability,Umbrella/Excess Liability,evidenceOfInsuranceExcessOrUmbrellaLiabilityAggregate,Aggregate,,matchOnce,must be greater or equal to,1000000,10000000,compliant,Block Requirements,,,false,1,,2026-08-16
"Block Real Estate Services, LLC",69fdf75c62446148bd855f8d,69fded1362446148bd848d2a,Dollar Tree #8462,69fdef94fa0b60fcd50d6424,"3rd989 - Hillcrest Plaza {Dunbarton SC, LLC}",evidenceOfInsurance,Evidence of Insurance,workersCompensation,Workers' Compensation and Employer's Liability,evidenceOfInsuranceWorkersCompensationStatutoryLimits,Statutory Limits,,matchOnce,must be present,,Present,waived,Block Requirements,,,false,1,,2026-08-16
"Block Real Estate Services, LLC",69fdf75c62446148bd855f8d,69fded1362446148bd848d2a,Dollar Tree #8462,69fdef94fa0b60fcd50d6424,"3rd989 - Hillcrest Plaza {Dunbarton SC, LLC}",evidenceOfInsurance,Evidence of Insurance,workersCompensation,Workers' Compensation and Employer's Liability,evidenceOfInsuranceWorkersCompensationEmployersLiabilityEachAccident,Employer's Liability Each Accident,,matchOnce,must be greater or equal to,500000,1000000,waived,Block Requirements,,,false,1,,2026-08-16
"Block Real Estate Services, LLC",69fdf75c62446148bd855f8d,69fded1362446148bd848d2a,Dollar Tree #8462,69fdef94fa0b60fcd50d6424,"3rd989 - Hillcrest Plaza {Dunbarton SC, LLC}",evidenceOfInsurance,Evidence of Insurance,workersCompensation,Workers' Compensation and Employer's Liability,evidenceOfInsuranceWorkersCompensationEmployersLiabilityDiseaseEachEmployee,Employer's Liability Disease - each employee,,matchOnce,must be greater or equal to,500000,1000000,waived,Block Requirements,,,false,1,,2026-08-16
"Block Real Estate Services, LLC",69fdf75c62446148bd855f8d,69fded1362446148bd848d2a,Dollar Tree #8462,69fdef94fa0b60fcd50d6424,"3rd989 - Hillcrest Plaza {Dunbarton SC, LLC}",evidenceOfInsurance,Evidence of Insurance,workersCompensation,Workers' Compensation and Employer's Liability,evidenceOfInsuranceWorkersCompensationEmployersLiabilityDiseasePolicyLimit,Employer's Liability Disease - policy limit,,matchOnce,must be greater or equal to,500000,1000000,waived,Block Requirements,,,false,1,,2026-08-16
"Block Real Estate Services, LLC",69fdf75c62446148bd855f8d,69fded1362446148bd848d2a,Dollar Tree #8462,69fdef94fa0b60fcd50d6424,"3rd989 - Hillcrest Plaza {Dunbarton SC, LLC}",evidenceOfInsurance,Evidence of Insurance,workersCompensation,Workers' Compensation and Employer's Liability,evidenceOfInsuranceWorkersCompensationWaiverOfSubrogationEndorsement,Waiver of Subrogation,"---prompt---
Determine if the insurer has waived their right of subrogation in favor of the certificate holder under the Workers' Compensation policy. Evidence may include: a checked ""Waiver of Subrogation"" box on the certificate, mention in the Description of Operations section stating ""waiver of subrogation applies"", or reference to form WC 00 03 13. Look for language like ""subrogation is waived"" or ""per written contract"".",matchOnce,must be present,,Present,waived,Block Requirements,,,false,1,,2026-08-16
"Block Real Estate Services, LLC",69fdf75c62446148bd855f8d,69fded1362446148bd848d2a,Dollar Tree #8462,69fdef94fa0b60fcd50d6424,"3rd989 - Hillcrest Plaza {Dunbarton SC, LLC}",evidenceOfInsurance,Evidence of Insurance,6ac20aae-5728-5d57-b364-aeba38527dba,Additional Requirements,4da5b0f1-4c9d-5885-8cf8-5d3cccaed3e0,"Block Real Estate Services, LLC and all others required by contract are named as Additional Insureds","---prompt---
Determine if the Description of Operations or the Additional Remarks Schedule section states the ""Additional Insured as Construction Management, Inc. and all others required by contract"" or reference to blanket additional insured coverage. Look for language like ""certificate holder is additional insured"" or ""per written contract"".",matchOnce,must be present,,Present,compliant,Block Requirements,,,true,1,,2026-08-16
"Block Real Estate Services, LLC",69fdf75c62446148bd855f8d,69fded1362446148bd848d2a,Dollar Tree #8462,69fdef94fa0b60fcd50d6424,"3rd989 - Hillcrest Plaza {Dunbarton SC, LLC}",evidenceOfInsurance,Evidence of Insurance,6ac20aae-5728-5d57-b364-aeba38527dba,Additional Requirements,e1017741-e47e-5f58-97b8-fbc3043e919f,Umbrella follows form over General Liability,"---prompt---
Determine if the Umbrella/Excess Liability policy follows form to the underlying policies. Evidence may include: language in the Description of Operations section stating the umbrella follows form to underlying coverages or an additional page endorsement stating that it follows form. Follow form means the umbrella policy adopts the same terms, conditions, and exclusions as the underlying policies.",matchOnce,must be present,,Present,compliant,Block Requirements,,,true,1,,2026-08-16
"Block Real Estate Services, LLC",69fdf75c62446148bd855f8d,69fded1362446148bd848d2a,Dollar Tree #8462,69fdef94fa0b60fcd50d6424,"3rd989 - Hillcrest Plaza {Dunbarton SC, LLC}",evidenceOfInsurance,Evidence of Insurance,6ac20aae-5728-5d57-b364-aeba38527dba,Additional Requirements,2cdd866f-c9a4-576a-afd8-1d045762790c,"The location must be listed as: 603-A North Belt Highway, St. Joseph, MO, 64506",,matchOnce,must be present,,Present,compliant,Block Requirements,,,true,1,,2026-08-16
"Block Real Estate Services, LLC",69fdf75c62446148bd855f8d,69fded1362446148bd848d2a,Dollar Tree #8462,69fdef94fa0b60fcd50d6424,"3rd989 - Hillcrest Plaza {Dunbarton SC, LLC}",evidenceOfInsurance,Evidence of Insurance,6ac20aae-5728-5d57-b364-aeba38527dba,Additional Requirements,3649e9d1-4e09-59bf-8f30-cb33c40cf117,"Certificate Holder must read: c/o Block Real Estate Services, LLC, 4622 Pennsylvania St., Suite 700, Kansas City, MO, 64112",,matchOnce,must be present,,Present,compliant,Block Requirements,,,true,1,,2026-08-16
"Block Real Estate Services, LLC",69fdf75c62446148bd855f93,69fded2462446148bd84928b,Vintage Stock,69fdef94fa0b60fcd50d6424,"3rd989 - Hillcrest Plaza {Dunbarton SC, LLC}",evidenceOfInsurance,Evidence of Insurance,commercialGeneralLiability,Commercial General Liability,evidenceOfInsuranceCommercialGeneralLiabilityCoverageTriggerOccurrence,Coverage Trigger: Occurrence,,matchOnce,must be present,,,non_compliant,Block Requirements,,,false,0,,2026-08-16
"Block Real Estate Services, LLC",69fdf75c62446148bd855f93,69fded2462446148bd84928b,Vintage Stock,69fdef94fa0b60fcd50d6424,"3rd989 - Hillcrest Plaza {Dunbarton SC, LLC}",evidenceOfInsurance,Evidence of Insurance,commercialGeneralLiability,Commercial General Liability,evidenceOfInsuranceCommercialGeneralLiabilityGeneralAggregateLimitAppliesPerLocation,General Aggregate Limit Applies per: Location,,matchOnce,must be present,,,non_compliant,Block Requirements,,,false,0,,2026-08-16
"Block Real Estate Services, LLC",69fdf75c62446148bd855f93,69fded2462446148bd84928b,Vintage Stock,69fdef94fa0b60fcd50d6424,"3rd989 - Hillcrest Plaza {Dunbarton SC, LLC}",evidenceOfInsurance,Evidence of Insurance,commercialGeneralLiability,Commercial General Liability,evidenceOfInsuranceCommercialGeneralLiabilityEachOccurrence,Each Occurrence,,matchOnce,must be greater or equal to,1000000,,non_compliant,Block Requirements,,,false,0,,2026-08-16
"Block Real Estate Services, LLC",69fdf75c62446148bd855f93,69fded2462446148bd84928b,Vintage Stock,69fdef94fa0b60fcd50d6424,"3rd989 - Hillcrest Plaza {Dunbarton SC, LLC}",evidenceOfInsurance,Evidence of Insurance,commercialGeneralLiability,Commercial General Liability,evidenceOfInsuranceCommercialGeneralLiabilityGeneralAggregate,General Aggregate,,matchOnce,must be greater or equal to,2000000,,non_compliant,Block Requirements,,,false,0,,2026-08-16
"Block Real Estate Services, LLC",69fdf75c62446148bd855f93,69fded2462446148bd84928b,Vintage Stock,69fdef94fa0b60fcd50d6424,"3rd989 - Hillcrest Plaza {Dunbarton SC, LLC}",evidenceOfInsurance,Evidence of Insurance,commercialGeneralLiability,Commercial General Liability,evidenceOfInsuranceCommercialGeneralLiabilityWaiverOfSubrogationEndorsement,Waiver of Subrogation,"---prompt---
Determine if the insurer has waived their right of subrogation in favor of the certificate holder under the Commercial General Liability policy. Evidence may include: a checked ""Waiver of Subrogation"" box on the certificate, mention in the Description of Operations section stating ""waiver of subrogation applies"", or reference to form CG 24 04. Look for language like ""subrogation is waived"" or ""per written contract"".",matchOnce,must be present,,,non_compliant,Block Requirements,,,false,0,,2026-08-16
"Block Real Estate Services, LLC",69fdf75c62446148bd855f93,69fded2462446148bd84928b,Vintage Stock,69fdef94fa0b60fcd50d6424,"3rd989 - Hillcrest Plaza {Dunbarton SC, LLC}",evidenceOfInsurance,Evidence of Insurance,excessOrUmbrellaLiability,Umbrella/Excess Liability,evidenceOfInsuranceExcessOrUmbrellaLiabilityOccurence,Coverage Trigger: Occurrence,,matchOnce,must be present,,,non_compliant,Block Requirements,,,false,0,,2026-08-16
"Block Real Estate Services, LLC",69fdf75c62446148bd855f93,69fded2462446148bd84928b,Vintage Stock,69fdef94fa0b60fcd50d6424,"3rd989 - Hillcrest Plaza {Dunbarton SC, LLC}",evidenceOfInsurance,Evidence of Insurance,excessOrUmbrellaLiability,Umbrella/Excess Liability,evidenceOfInsuranceExcessOrUmbrellaLiabilityEachOccurrence,Each Occurrence,,matchOnce,must be greater or equal to,1000000,,non_compliant,Block Requirements,,,false,0,,2026-08-16
"Block Real Estate Services, LLC",69fdf75c62446148bd855f93,69fded2462446148bd84928b,Vintage Stock,69fdef94fa0b60fcd50d6424,"3rd989 - Hillcrest Plaza {Dunbarton SC, LLC}",evidenceOfInsurance,Evidence of Insurance,excessOrUmbrellaLiability,Umbrella/Excess Liability,evidenceOfInsuranceExcessOrUmbrellaLiabilityAggregate,Aggregate,,matchOnce,must be greater or equal to,1000000,,non_compliant,Block Requirements,,,false,0,,2026-08-16
"Block Real Estate Services, LLC",69fdf75c62446148bd855f93,69fded2462446148bd84928b,Vintage Stock,69fdef94fa0b60fcd50d6424,"3rd989 - Hillcrest Plaza {Dunbarton SC, LLC}",evidenceOfInsurance,Evidence of Insurance,workersCompensation,Workers' Compensation and Employer's Liability,evidenceOfInsuranceWorkersCompensationStatutoryLimits,Statutory Limits,,matchOnce,must be present,,,non_compliant,Block Requirements,,,false,0,,2026-08-16
"Block Real Estate Services, LLC",69fdf75c62446148bd855f93,69fded2462446148bd84928b,Vintage Stock,69fdef94fa0b60fcd50d6424,"3rd989 - Hillcrest Plaza {Dunbarton SC, LLC}",evidenceOfInsurance,Evidence of Insurance,workersCompensation,Workers' Compensation and Employer's Liability,evidenceOfInsuranceWorkersCompensationEmployersLiabilityEachAccident,Employer's Liability Each Accident,,matchOnce,must be greater or equal to,500000,,non_compliant,Block Requirements,,,false,0,,2026-08-16
"Block Real Estate Services, LLC",69fdf75c62446148bd855f93,69fded2462446148bd84928b,Vintage Stock,69fdef94fa0b60fcd50d6424,"3rd989 - Hillcrest Plaza {Dunbarton SC, LLC}",evidenceOfInsurance,Evidence of Insurance,workersCompensation,Workers' Compensation and Employer's Liability,evidenceOfInsuranceWorkersCompensationEmployersLiabilityDiseaseEachEmployee,Employer's Liability Disease - each employee,,matchOnce,must be greater or equal to,500000,,non_compliant,Block Requirements,,,false,0,,2026-08-16
"Block Real Estate Services, LLC",69fdf75c62446148bd855f93,69fded2462446148bd84928b,Vintage Stock,69fdef94fa0b60fcd50d6424,"3rd989 - Hillcrest Plaza {Dunbarton SC, LLC}",evidenceOfInsurance,Evidence of Insurance,workersCompensation,Workers' Compensation and Employer's Liability,evidenceOfInsuranceWorkersCompensationEmployersLiabilityDiseasePolicyLimit,Employer's Liability Disease - policy limit,,matchOnce,must be greater or equal to,500000,,non_compliant,Block Requirements,,,false,0,,2026-08-16
"Block Real Estate Services, LLC",69fdf75c62446148bd855f93,69fded2462446148bd84928b,Vintage Stock,69fdef94fa0b60fcd50d6424,"3rd989 - Hillcrest Plaza {Dunbarton SC, LLC}",evidenceOfInsurance,Evidence of Insurance,workersCompensation,Workers' Compensation and Employer's Liability,evidenceOfInsuranceWorkersCompensationWaiverOfSubrogationEndorsement,Waiver of Subrogation,"---prompt---
Determine if the insurer has waived their right of subrogation in favor of the certificate holder under the Workers' Compensation policy. Evidence may include: a checked ""Waiver of Subrogation"" box on the certificate, mention in the Description of Operations section stating ""waiver of subrogation applies"", or reference to form WC 00 03 13. Look for language like ""subrogation is waived"" or ""per written contract"".",matchOnce,must be present,,,non_compliant,Block Requirements,,,false,0,,2026-08-16
"Block Real Estate Services, LLC",69fdf75c62446148bd855f93,69fded2462446148bd84928b,Vintage Stock,69fdef94fa0b60fcd50d6424,"3rd989 - Hillcrest Plaza {Dunbarton SC, LLC}",evidenceOfInsurance,Evidence of Insurance,6ac20aae-5728-5d57-b364-aeba38527dba,Additional Requirements,4da5b0f1-4c9d-5885-8cf8-5d3cccaed3e0,"Block Real Estate Services, LLC and all others required by contract are named as Additional Insureds","---prompt---
Determine if the Description of Operations or the Additional Remarks Schedule section states the ""Additional Insured as Construction Management, Inc. and all others required by contract"" or reference to blanket additional insured coverage. Look for language like ""certificate holder is additional insured"" or ""per written contract"".",matchOnce,must be present,,,non_compliant,Block Requirements,,,true,0,,2026-08-16
"Block Real Estate Services, LLC",69fdf75c62446148bd855f93,69fded2462446148bd84928b,Vintage Stock,69fdef94fa0b60fcd50d6424,"3rd989 - Hillcrest Plaza {Dunbarton SC, LLC}",evidenceOfInsurance,Evidence of Insurance,6ac20aae-5728-5d57-b364-aeba38527dba,Additional Requirements,e1017741-e47e-5f58-97b8-fbc3043e919f,Umbrella follows form over General Liability,"---prompt---
Determine if the Umbrella/Excess Liability policy follows form to the underlying policies. Evidence may include: language in the Description of Operations section stating the umbrella follows form to underlying coverages or an additional page endorsement stating that it follows form. Follow form means the umbrella policy adopts the same terms, conditions, and exclusions as the underlying policies.",matchOnce,must be present,,,non_compliant,Block Requirements,,,true,0,,2026-08-16
"Block Real Estate Services, LLC",69fdf75c62446148bd855f93,69fded2462446148bd84928b,Vintage Stock,69fdef94fa0b60fcd50d6424,"3rd989 - Hillcrest Plaza {Dunbarton SC, LLC}",evidenceOfInsurance,Evidence of Insurance,6ac20aae-5728-5d57-b364-aeba38527dba,Additional Requirements,2cdd866f-c9a4-576a-afd8-1d045762790c,"The location must be listed as: 605-B North Belt Highway, St. Joseph, MO, 64506",,matchOnce,must be present,,,non_compliant,Block Requirements,,,true,0,,2026-08-16
"Block Real Estate Services, LLC",69fdf75c62446148bd855f93,69fded2462446148bd84928b,Vintage Stock,69fdef94fa0b60fcd50d6424,"3rd989 - Hillcrest Plaza {Dunbarton SC, LLC}",evidenceOfInsurance,Evidence of Insurance,6ac20aae-5728-5d57-b364-aeba38527dba,Additional Requirements,3649e9d1-4e09-59bf-8f30-cb33c40cf117,"Certificate Holder must read: c/o Block Real Estate Services, LLC, 4622 Pennsylvania St., Suite 700, Kansas City, MO, 64112",,matchOnce,must be present,,,non_compliant,Block Requirements,,,true,0,,2026-08-16
"Block Real Estate Services, LLC",69fdf75c62446148bd855f90,69fded1c62446148bd849003,New Nail & Spa,69fdef94fa0b60fcd50d6424,"3rd989 - Hillcrest Plaza {Dunbarton SC, LLC}",evidenceOfInsurance,Evidence of Insurance,commercialGeneralLiability,Commercial General Liability,evidenceOfInsuranceCommercialGeneralLiabilityCoverageTriggerOccurrence,Coverage Trigger: Occurrence,,matchOnce,must be present,,,non_compliant,Block Requirements,,,false,0,,2026-08-16
"Block Real Estate Services, LLC",69fdf75c62446148bd855f90,69fded1c62446148bd849003,New Nail & Spa,69fdef94fa0b60fcd50d6424,"3rd989 - Hillcrest Plaza {Dunbarton SC, LLC}",evidenceOfInsurance,Evidence of Insurance,commercialGeneralLiability,Commercial General Liability,evidenceOfInsuranceCommercialGeneralLiabilityGeneralAggregateLimitAppliesPerLocation,General Aggregate Limit Applies per: Location,,matchOnce,must be present,,,non_compliant,Block Requirements,,,false,0,,2026-08-16
"Block Real Estate Services, LLC",69fdf75c62446148bd855f90,69fded1c62446148bd849003,New Nail & Spa,69fdef94fa0b60fcd50d6424,"3rd989 - Hillcrest Plaza {Dunbarton SC, LLC}",evidenceOfInsurance,Evidence of Insurance,commercialGeneralLiability,Commercial General Liability,evidenceOfInsuranceCommercialGeneralLiabilityEachOccurrence,Each Occurrence,,matchOnce,must be greater or equal to,1000000,,non_compliant,Block Requirements,,,false,0,,2026-08-16
"Block Real Estate Services, LLC",69fdf75c62446148bd855f90,69fded1c62446148bd849003,New Nail & Spa,69fdef94fa0b60fcd50d6424,"3rd989 - Hillcrest Plaza {Dunbarton SC, LLC}",evidenceOfInsurance,Evidence of Insurance,commercialGeneralLiability,Commercial General Liability,evidenceOfInsuranceCommercialGeneralLiabilityGeneralAggregate,General Aggregate,,matchOnce,must be greater or equal to,2000000,,non_compliant,Block Requirements,,,false,0,,2026-08-16
"Block Real Estate Services, LLC",69fdf75c62446148bd855f90,69fded1c62446148bd849003,New Nail & Spa,69fdef94fa0b60fcd50d6424,"3rd989 - Hillcrest Plaza {Dunbarton SC, LLC}",evidenceOfInsurance,Evidence of Insurance,commercialGeneralLiability,Commercial General Liability,evidenceOfInsuranceCommercialGeneralLiabilityWaiverOfSubrogationEndorsement,Waiver of Subrogation,"---prompt---
Determine if the insurer has waived their right of subrogation in favor of the certificate holder under the Commercial General Liability policy. Evidence may include: a checked ""Waiver of Subrogation"" box on the certificate, mention in the Description of Operations section stating ""waiver of subrogation applies"", or reference to form CG 24 04. Look for language like ""subrogation is waived"" or ""per written contract"".",matchOnce,must be present,,,non_compliant,Block Requirements,,,false,0,,2026-08-16
"Block Real Estate Services, LLC",69fdf75c62446148bd855f90,69fded1c62446148bd849003,New Nail & Spa,69fdef94fa0b60fcd50d6424,"3rd989 - Hillcrest Plaza {Dunbarton SC, LLC}",evidenceOfInsurance,Evidence of Insurance,excessOrUmbrellaLiability,Umbrella/Excess Liability,evidenceOfInsuranceExcessOrUmbrellaLiabilityOccurence,Coverage Trigger: Occurrence,,matchOnce,must be present,,,non_compliant,Block Requirements,,,false,0,,2026-08-16
"Block Real Estate Services, LLC",69fdf75c62446148bd855f90,69fded1c62446148bd849003,New Nail & Spa,69fdef94fa0b60fcd50d6424,"3rd989 - Hillcrest Plaza {Dunbarton SC, LLC}",evidenceOfInsurance,Evidence of Insurance,excessOrUmbrellaLiability,Umbrella/Excess Liability,evidenceOfInsuranceExcessOrUmbrellaLiabilityEachOccurrence,Each Occurrence,,matchOnce,must be greater or equal to,1000000,,non_compliant,Block Requirements,,,false,0,,2026-08-16
"Block Real Estate Services, LLC",69fdf75c62446148bd855f90,69fded1c62446148bd849003,New Nail & Spa,69fdef94fa0b60fcd50d6424,"3rd989 - Hillcrest Plaza {Dunbarton SC, LLC}",evidenceOfInsurance,Evidence of Insurance,excessOrUmbrellaLiability,Umbrella/Excess Liability,evidenceOfInsuranceExcessOrUmbrellaLiabilityAggregate,Aggregate,,matchOnce,must be greater or equal to,1000000,,non_compliant,Block Requirements,,,false,0,,2026-08-16
"Block Real Estate Services, LLC",69fdf75c62446148bd855f90,69fded1c62446148bd849003,New Nail & Spa,69fdef94fa0b60fcd50d6424,"3rd989 - Hillcrest Plaza {Dunbarton SC, LLC}",evidenceOfInsurance,Evidence of Insurance,workersCompensation,Workers' Compensation and Employer's Liability,evidenceOfInsuranceWorkersCompensationStatutoryLimits,Statutory Limits,,matchOnce,must be present,,,non_compliant,Block Requirements,,,false,0,,2026-08-16
"Block Real Estate Services, LLC",69fdf75c62446148bd855f90,69fded1c62446148bd849003,New Nail & Spa,69fdef94fa0b60fcd50d6424,"3rd989 - Hillcrest Plaza {Dunbarton SC, LLC}",evidenceOfInsurance,Evidence of Insurance,workersCompensation,Workers' Compensation and Employer's Liability,evidenceOfInsuranceWorkersCompensationEmployersLiabilityEachAccident,Employer's Liability Each Accident,,matchOnce,must be greater or equal to,500000,,non_compliant,Block Requirements,,,false,0,,2026-08-16
"Block Real Estate Services, LLC",69fdf75c62446148bd855f90,69fded1c62446148bd849003,New Nail & Spa,69fdef94fa0b60fcd50d6424,"3rd989 - Hillcrest Plaza {Dunbarton SC, LLC}",evidenceOfInsurance,Evidence of Insurance,workersCompensation,Workers' Compensation and Employer's Liability,evidenceOfInsuranceWorkersCompensationEmployersLiabilityDiseaseEachEmployee,Employer's Liability Disease - each employee,,matchOnce,must be greater or equal to,500000,,non_compliant,Block Requirements,,,false,0,,2026-08-16
"Block Real Estate Services, LLC",69fdf75c62446148bd855f90,69fded1c62446148bd849003,New Nail & Spa,69fdef94fa0b60fcd50d6424,"3rd989 - Hillcrest Plaza {Dunbarton SC, LLC}",evidenceOfInsurance,Evidence of Insurance,workersCompensation,Workers' Compensation and Employer's Liability,evidenceOfInsuranceWorkersCompensationEmployersLiabilityDiseasePolicyLimit,Employer's Liability Disease - policy limit,,matchOnce,must be greater or equal to,500000,,non_compliant,Block Requirements,,,false,0,,2026-08-16
"Block Real Estate Services, LLC",69fdf75c62446148bd855f90,69fded1c62446148bd849003,New Nail & Spa,69fdef94fa0b60fcd50d6424,"3rd989 - Hillcrest Plaza {Dunbarton SC, LLC}",evidenceOfInsurance,Evidence of Insurance,workersCompensation,Workers' Compensation and Employer's Liability,evidenceOfInsuranceWorkersCompensationWaiverOfSubrogationEndorsement,Waiver of Subrogation,"---prompt---
Determine if the insurer has waived their right of subrogation in favor of the certificate holder under the Workers' Compensation policy. Evidence may include: a checked ""Waiver of Subrogation"" box on the certificate, mention in the Description of Operations section stating ""waiver of subrogation applies"", or reference to form WC 00 03 13. Look for language like ""subrogation is waived"" or ""per written contract"".",matchOnce,must be present,,,non_compliant,Block Requirements,,,false,0,,2026-08-16
"Block Real Estate Services, LLC",69fdf75c62446148bd855f90,69fded1c62446148bd849003,New Nail & Spa,69fdef94fa0b60fcd50d6424,"3rd989 - Hillcrest Plaza {Dunbarton SC, LLC}",evidenceOfInsurance,Evidence of Insurance,6ac20aae-5728-5d57-b364-aeba38527dba,Additional Requirements,4da5b0f1-4c9d-5885-8cf8-5d3cccaed3e0,"Block Real Estate Services, LLC and all others required by contract are named as Additional Insureds","---prompt---
Determine if the Description of Operations or the Additional Remarks Schedule section states the ""Additional Insured as Construction Management, Inc. and all others required by contract"" or reference to blanket additional insured coverage. Look for language like ""certificate holder is additional insured"" or ""per written contract"".",matchOnce,must be present,,,non_compliant,Block Requirements,,,true,0,,2026-08-16
"Block Real Estate Services, LLC",69fdf75c62446148bd855f90,69fded1c62446148bd849003,New Nail & Spa,69fdef94fa0b60fcd50d6424,"3rd989 - Hillcrest Plaza {Dunbarton SC, LLC}",evidenceOfInsurance,Evidence of Insurance,6ac20aae-5728-5d57-b364-aeba38527dba,Additional Requirements,e1017741-e47e-5f58-97b8-fbc3043e919f,Umbrella follows form over General Liability,"---prompt---
Determine if the Umbrella/Excess Liability policy follows form to the underlying policies. Evidence may include: language in the Description of Operations section stating the umbrella follows form to underlying coverages or an additional page endorsement stating that it follows form. Follow form means the umbrella policy adopts the same terms, conditions, and exclusions as the underlying policies.",matchOnce,must be present,,,non_compliant,Block Requirements,,,true,0,,2026-08-16
"Block Real Estate Services, LLC",69fdf75c62446148bd855f90,69fded1c62446148bd849003,New Nail & Spa,69fdef94fa0b60fcd50d6424,"3rd989 - Hillcrest Plaza {Dunbarton SC, LLC}",evidenceOfInsurance,Evidence of Insurance,6ac20aae-5728-5d57-b364-aeba38527dba,Additional Requirements,2cdd866f-c9a4-576a-afd8-1d045762790c,"The location must be listed as: 629 North Belt Highway, St. Joseph, MO, 64506",,matchOnce,must be present,,,non_compliant,Block Requirements,,,true,0,,2026-08-16
"Block Real Estate Services, LLC",69fdf75c62446148bd855f90,69fded1c62446148bd849003,New Nail & Spa,69fdef94fa0b60fcd50d6424,"3rd989 - Hillcrest Plaza {Dunbarton SC, LLC}",evidenceOfInsurance,Evidence of Insurance,6ac20aae-5728-5d57-b364-aeba38527dba,Additional Requirements,3649e9d1-4e09-59bf-8f30-cb33c40cf117,"Certificate Holder must read: c/o Block Real Estate Services, LLC, 4622 Pennsylvania St., Suite 700, Kansas City, MO, 64112",,matchOnce,must be present,,,non_compliant,Block Requirements,,,true,0,,2026-08-16
"Block Real Estate Services, LLC",69fdf75c62446148bd855f8f,69fded1c62446148bd848ffa,New China Super Buffet,69fdef94fa0b60fcd50d6424,"3rd989 - Hillcrest Plaza {Dunbarton SC, LLC}",evidenceOfInsurance,Evidence of Insurance,commercialGeneralLiability,Commercial General Liability,evidenceOfInsuranceCommercialGeneralLiabilityCoverageTriggerOccurrence,Coverage Trigger: Occurrence,,matchOnce,must be present,,,non_compliant,Block Requirements,,,false,0,,2026-08-16
"Block Real Estate Services, LLC",69fdf75c62446148bd855f8f,69fded1c62446148bd848ffa,New China Super Buffet,69fdef94fa0b60fcd50d6424,"3rd989 - Hillcrest Plaza {Dunbarton SC, LLC}",evidenceOfInsurance,Evidence of Insurance,commercialGeneralLiability,Commercial General Liability,evidenceOfInsuranceCommercialGeneralLiabilityGeneralAggregateLimitAppliesPerLocation,General Aggregate Limit Applies per: Location,,matchOnce,must be present,,,non_compliant,Block Requirements,,,false,0,,2026-08-16
"Block Real Estate Services, LLC",69fdf75c62446148bd855f8f,69fded1c62446148bd848ffa,New China Super Buffet,69fdef94fa0b60fcd50d6424,"3rd989 - Hillcrest Plaza {Dunbarton SC, LLC}",evidenceOfInsurance,Evidence of Insurance,commercialGeneralLiability,Commercial General Liability,evidenceOfInsuranceCommercialGeneralLiabilityEachOccurrence,Each Occurrence,,matchOnce,must be greater or equal to,1000000,,non_compliant,Block Requirements,,,false,0,,2026-08-16
"Block Real Estate Services, LLC",69fdf75c62446148bd855f8f,69fded1c62446148bd848ffa,New China Super Buffet,69fdef94fa0b60fcd50d6424,"3rd989 - Hillcrest Plaza {Dunbarton SC, LLC}",evidenceOfInsurance,Evidence of Insurance,commercialGeneralLiability,Commercial General Liability,evidenceOfInsuranceCommercialGeneralLiabilityGeneralAggregate,General Aggregate,,matchOnce,must be greater or equal to,2000000,,non_compliant,Block Requirements,,,false,0,,2026-08-16
"Block Real Estate Services, LLC",69fdf75c62446148bd855f8f,69fded1c62446148bd848ffa,New China Super Buffet,69fdef94fa0b60fcd50d6424,"3rd989 - Hillcrest Plaza {Dunbarton SC, LLC}",evidenceOfInsurance,Evidence of Insurance,commercialGeneralLiability,Commercial General Liability,evidenceOfInsuranceCommercialGeneralLiabilityWaiverOfSubrogationEndorsement,Waiver of Subrogation,"---prompt---
Determine if the insurer has waived their right of subrogation in favor of the certificate holder under the Commercial General Liability policy. Evidence may include: a checked ""Waiver of Subrogation"" box on the certificate, mention in the Description of Operations section stating ""waiver of subrogation applies"", or reference to form CG 24 04. Look for language like ""subrogation is waived"" or ""per written contract"".",matchOnce,must be present,,,non_compliant,Block Requirements,,,false,0,,2026-08-16
"Block Real Estate Services, LLC",69fdf75c62446148bd855f8f,69fded1c62446148bd848ffa,New China Super Buffet,69fdef94fa0b60fcd50d6424,"3rd989 - Hillcrest Plaza {Dunbarton SC, LLC}",evidenceOfInsurance,Evidence of Insurance,excessOrUmbrellaLiability,Umbrella/Excess Liability,evidenceOfInsuranceExcessOrUmbrellaLiabilityOccurence,Coverage Trigger: Occurrence,,matchOnce,must be present,,,non_compliant,Block Requirements,,,false,0,,2026-08-16
"Block Real Estate Services, LLC",69fdf75c62446148bd855f8f,69fded1c62446148bd848ffa,New China Super Buffet,69fdef94fa0b60fcd50d6424,"3rd989 - Hillcrest Plaza {Dunbarton SC, LLC}",evidenceOfInsurance,Evidence of Insurance,excessOrUmbrellaLiability,Umbrella/Excess Liability,evidenceOfInsuranceExcessOrUmbrellaLiabilityEachOccurrence,Each Occurrence,,matchOnce,must be greater or equal to,1000000,,non_compliant,Block Requirements,,,false,0,,2026-08-16
"Block Real Estate Services, LLC",69fdf75c62446148bd855f8f,69fded1c62446148bd848ffa,New China Super Buffet,69fdef94fa0b60fcd50d6424,"3rd989 - Hillcrest Plaza {Dunbarton SC, LLC}",evidenceOfInsurance,Evidence of Insurance,excessOrUmbrellaLiability,Umbrella/Excess Liability,evidenceOfInsuranceExcessOrUmbrellaLiabilityAggregate,Aggregate,,matchOnce,must be greater or equal to,1000000,,non_compliant,Block Requirements,,,false,0,,2026-08-16
"Block Real Estate Services, LLC",69fdf75c62446148bd855f8f,69fded1c62446148bd848ffa,New China Super Buffet,69fdef94fa0b60fcd50d6424,"3rd989 - Hillcrest Plaza {Dunbarton SC, LLC}",evidenceOfInsurance,Evidence of Insurance,workersCompensation,Workers' Compensation and Employer's Liability,evidenceOfInsuranceWorkersCompensationStatutoryLimits,Statutory Limits,,matchOnce,must be present,,,non_compliant,Block Requirements,,,false,0,,2026-08-16
"Block Real Estate Services, LLC",69fdf75c62446148bd855f8f,69fded1c62446148bd848ffa,New China Super Buffet,69fdef94fa0b60fcd50d6424,"3rd989 - Hillcrest Plaza {Dunbarton SC, LLC}",evidenceOfInsurance,Evidence of Insurance,workersCompensation,Workers' Compensation and Employer's Liability,evidenceOfInsuranceWorkersCompensationEmployersLiabilityEachAccident,Employer's Liability Each Accident,,matchOnce,must be greater or equal to,500000,,non_compliant,Block Requirements,,,false,0,,2026-08-16
"Block Real Estate Services, LLC",69fdf75c62446148bd855f8f,69fded1c62446148bd848ffa,New China Super Buffet,69fdef94fa0b60fcd50d6424,"3rd989 - Hillcrest Plaza {Dunbarton SC, LLC}",evidenceOfInsurance,Evidence of Insurance,workersCompensation,Workers' Compensation and Employer's Liability,evidenceOfInsuranceWorkersCompensationEmployersLiabilityDiseaseEachEmployee,Employer's Liability Disease - each employee,,matchOnce,must be greater or equal to,500000,,non_compliant,Block Requirements,,,false,0,,2026-08-16
"Block Real Estate Services, LLC",69fdf75c62446148bd855f8f,69fded1c62446148bd848ffa,New China Super Buffet,69fdef94fa0b60fcd50d6424,"3rd989 - Hillcrest Plaza {Dunbarton SC, LLC}",evidenceOfInsurance,Evidence of Insurance,workersCompensation,Workers' Compensation and Employer's Liability,evidenceOfInsuranceWorkersCompensationEmployersLiabilityDiseasePolicyLimit,Employer's Liability Disease - policy limit,,matchOnce,must be greater or equal to,500000,,non_compliant,Block Requirements,,,false,0,,2026-08-16
"Block Real Estate Services, LLC",69fdf75c62446148bd855f8f,69fded1c62446148bd848ffa,New China Super Buffet,69fdef94fa0b60fcd50d6424,"3rd989 - Hillcrest Plaza {Dunbarton SC, LLC}",evidenceOfInsurance,Evidence of Insurance,workersCompensation,Workers' Compensation and Employer's Liability,evidenceOfInsuranceWorkersCompensationWaiverOfSubrogationEndorsement,Waiver of Subrogation,"---prompt---
Determine if the insurer has waived their right of subrogation in favor of the certificate holder under the Workers' Compensation policy. Evidence may include: a checked ""Waiver of Subrogation"" box on the certificate, mention in the Description of Operations section stating ""waiver of subrogation applies"", or reference to form WC 00 03 13. Look for language like ""subrogation is waived"" or ""per written contract"".",matchOnce,must be present,,,non_compliant,Block Requirements,,,false,0,,2026-08-16
"Block Real Estate Services, LLC",69fdf75c62446148bd855f8f,69fded1c62446148bd848ffa,New China Super Buffet,69fdef94fa0b60fcd50d6424,"3rd989 - Hillcrest Plaza {Dunbarton SC, LLC}",evidenceOfInsurance,Evidence of Insurance,6ac20aae-5728-5d57-b364-aeba38527dba,Additional Requirements,4da5b0f1-4c9d-5885-8cf8-5d3cccaed3e0,"Block Real Estate Services, LLC and all others required by contract are named as Additional Insureds","---prompt---
Determine if the Description of Operations or the Additional Remarks Schedule section states the ""Additional Insured as Construction Management, Inc. and all others required by contract"" or reference to blanket additional insured coverage. Look for language like ""certificate holder is additional insured"" or ""per written contract"".",matchOnce,must be present,,,non_compliant,Block Requirements,,,true,0,,2026-08-16
"Block Real Estate Services, LLC",69fdf75c62446148bd855f8f,69fded1c62446148bd848ffa,New China Super Buffet,69fdef94fa0b60fcd50d6424,"3rd989 - Hillcrest Plaza {Dunbarton SC, LLC}",evidenceOfInsurance,Evidence of Insurance,6ac20aae-5728-5d57-b364-aeba38527dba,Additional Requirements,e1017741-e47e-5f58-97b8-fbc3043e919f,Umbrella follows form over General Liability,"---prompt---
Determine if the Umbrella/Excess Liability policy follows form to the underlying policies. Evidence may include: language in the Description of Operations section stating the umbrella follows form to underlying coverages or an additional page endorsement stating that it follows form. Follow form means the umbrella policy adopts the same terms, conditions, and exclusions as the underlying policies.",matchOnce,must be present,,,non_compliant,Block Requirements,,,true,0,,2026-08-16
"Block Real Estate Services, LLC",69fdf75c62446148bd855f8f,69fded1c62446148bd848ffa,New China Super Buffet,69fdef94fa0b60fcd50d6424,"3rd989 - Hillcrest Plaza {Dunbarton SC, LLC}",evidenceOfInsurance,Evidence of Insurance,6ac20aae-5728-5d57-b364-aeba38527dba,Additional Requirements,2cdd866f-c9a4-576a-afd8-1d045762790c,"The location must be listed as: 617 North Belt Highway, St. Joseph, MO, 64506",,matchOnce,must be present,,,non_compliant,Block Requirements,,,true,0,,2026-08-16
"Block Real Estate Services, LLC",69fdf75c62446148bd855f8f,69fded1c62446148bd848ffa,New China Super Buffet,69fdef94fa0b60fcd50d6424,"3rd989 - Hillcrest Plaza {Dunbarton SC, LLC}",evidenceOfInsurance,Evidence of Insurance,6ac20aae-5728-5d57-b364-aeba38527dba,Additional Requirements,3649e9d1-4e09-59bf-8f30-cb33c40cf117,"Certificate Holder must read: c/o Block Real Estate Services, LLC, 4622 Pennsylvania St., Suite 700, Kansas City, MO, 64112",,matchOnce,must be present,,,non_compliant,Block Requirements,,,true,0,,2026-08-16
"Block Real Estate Services, LLC",69fdf75c62446148bd855f91,69fded1c62446148bd849018,Office Depot,69fdef94fa0b60fcd50d6424,"3rd989 - Hillcrest Plaza {Dunbarton SC, LLC}",evidenceOfInsurance,Evidence of Insurance,commercialGeneralLiability,Commercial General Liability,evidenceOfInsuranceCommercialGeneralLiabilityCoverageTriggerOccurrence,Coverage Trigger: Occurrence,,matchOnce,must be present,,,non_compliant,Block Requirements,,,false,0,,2026-08-16
"Block Real Estate Services, LLC",69fdf75c62446148bd855f91,69fded1c62446148bd849018,Office Depot,69fdef94fa0b60fcd50d6424,"3rd989 - Hillcrest Plaza {Dunbarton SC, LLC}",evidenceOfInsurance,Evidence of Insurance,commercialGeneralLiability,Commercial General Liability,evidenceOfInsuranceCommercialGeneralLiabilityGeneralAggregateLimitAppliesPerLocation,General Aggregate Limit Applies per: Location,,matchOnce,must be present,,,non_compliant,Block Requirements,,,false,0,,2026-08-16
"Block Real Estate Services, LLC",69fdf75c62446148bd855f91,69fded1c62446148bd849018,Office Depot,69fdef94fa0b60fcd50d6424,"3rd989 - Hillcrest Plaza {Dunbarton SC, LLC}",evidenceOfInsurance,Evidence of Insurance,commercialGeneralLiability,Commercial General Liability,evidenceOfInsuranceCommercialGeneralLiabilityEachOccurrence,Each Occurrence,,matchOnce,must be greater or equal to,1000000,,non_compliant,Block Requirements,,,false,0,,2026-08-16
"Block Real Estate Services, LLC",69fdf75c62446148bd855f91,69fded1c62446148bd849018,Office Depot,69fdef94fa0b60fcd50d6424,"3rd989 - Hillcrest Plaza {Dunbarton SC, LLC}",evidenceOfInsurance,Evidence of Insurance,commercialGeneralLiability,Commercial General Liability,evidenceOfInsuranceCommercialGeneralLiabilityGeneralAggregate,General Aggregate,,matchOnce,must be greater or equal to,2000000,,non_compliant,Block Requirements,,,false,0,,2026-08-16
"Block Real Estate Services, LLC",69fdf75c62446148bd855f91,69fded1c62446148bd849018,Office Depot,69fdef94fa0b60fcd50d6424,"3rd989 - Hillcrest Plaza {Dunbarton SC, LLC}",evidenceOfInsurance,Evidence of Insurance,commercialGeneralLiability,Commercial General Liability,evidenceOfInsuranceCommercialGeneralLiabilityWaiverOfSubrogationEndorsement,Waiver of Subrogation,"---prompt---
Determine if the insurer has waived their right of subrogation in favor of the certificate holder under the Commercial General Liability policy. Evidence may include: a checked ""Waiver of Subrogation"" box on the certificate, mention in the Description of Operations section stating ""waiver of subrogation applies"", or reference to form CG 24 04. Look for language like ""subrogation is waived"" or ""per written contract"".",matchOnce,must be present,,,non_compliant,Block Requirements,,,false,0,,2026-08-16
"Block Real Estate Services, LLC",69fdf75c62446148bd855f91,69fded1c62446148bd849018,Office Depot,69fdef94fa0b60fcd50d6424,"3rd989 - Hillcrest Plaza {Dunbarton SC, LLC}",evidenceOfInsurance,Evidence of Insurance,excessOrUmbrellaLiability,Umbrella/Excess Liability,evidenceOfInsuranceExcessOrUmbrellaLiabilityOccurence,Coverage Trigger: Occurrence,,matchOnce,must be present,,,non_compliant,Block Requirements,,,false,0,,2026-08-16
"Block Real Estate Services, LLC",69fdf75c62446148bd855f91,69fded1c62446148bd849018,Office Depot,69fdef94fa0b60fcd50d6424,"3rd989 - Hillcrest Plaza {Dunbarton SC, LLC}",evidenceOfInsurance,Evidence of Insurance,excessOrUmbrellaLiability,Umbrella/Excess Liability,evidenceOfInsuranceExcessOrUmbrellaLiabilityEachOccurrence,Each Occurrence,,matchOnce,must be greater or equal to,1000000,,non_compliant,Block Requirements,,,false,0,,2026-08-16
"Block Real Estate Services, LLC",69fdf75c62446148bd855f91,69fded1c62446148bd849018,Office Depot,69fdef94fa0b60fcd50d6424,"3rd989 - Hillcrest Plaza {Dunbarton SC, LLC}",evidenceOfInsurance,Evidence of Insurance,excessOrUmbrellaLiability,Umbrella/Excess Liability,evidenceOfInsuranceExcessOrUmbrellaLiabilityAggregate,Aggregate,,matchOnce,must be greater or equal to,1000000,,non_compliant,Block Requirements,,,false,0,,2026-08-16
"Block Real Estate Services, LLC",69fdf75c62446148bd855f91,69fded1c62446148bd849018,Office Depot,69fdef94fa0b60fcd50d6424,"3rd989 - Hillcrest Plaza {Dunbarton SC, LLC}",evidenceOfInsurance,Evidence of Insurance,workersCompensation,Workers' Compensation and Employer's Liability,evidenceOfInsuranceWorkersCompensationStatutoryLimits,Statutory Limits,,matchOnce,must be present,,,non_compliant,Block Requirements,,,false,0,,2026-08-16
"Block Real Estate Services, LLC",69fdf75c62446148bd855f91,69fded1c62446148bd849018,Office Depot,69fdef94fa0b60fcd50d6424,"3rd989 - Hillcrest Plaza {Dunbarton SC, LLC}",evidenceOfInsurance,Evidence of Insurance,workersCompensation,Workers' Compensation and Employer's Liability,evidenceOfInsuranceWorkersCompensationEmployersLiabilityEachAccident,Employer's Liability Each Accident,,matchOnce,must be greater or equal to,500000,,non_compliant,Block Requirements,,,false,0,,2026-08-16
"Block Real Estate Services, LLC",69fdf75c62446148bd855f91,69fded1c62446148bd849018,Office Depot,69fdef94fa0b60fcd50d6424,"3rd989 - Hillcrest Plaza {Dunbarton SC, LLC}",evidenceOfInsurance,Evidence of Insurance,workersCompensation,Workers' Compensation and Employer's Liability,evidenceOfInsuranceWorkersCompensationEmployersLiabilityDiseaseEachEmployee,Employer's Liability Disease - each employee,,matchOnce,must be greater or equal to,500000,,non_compliant,Block Requirements,,,false,0,,2026-08-16
"Block Real Estate Services, LLC",69fdf75c62446148bd855f91,69fded1c62446148bd849018,Office Depot,69fdef94fa0b60fcd50d6424,"3rd989 - Hillcrest Plaza {Dunbarton SC, LLC}",evidenceOfInsurance,Evidence of Insurance,workersCompensation,Workers' Compensation and Employer's Liability,evidenceOfInsuranceWorkersCompensationEmployersLiabilityDiseasePolicyLimit,Employer's Liability Disease - policy limit,,matchOnce,must be greater or equal to,500000,,non_compliant,Block Requirements,,,false,0,,2026-08-16
"Block Real Estate Services, LLC",69fdf75c62446148bd855f91,69fded1c62446148bd849018,Office Depot,69fdef94fa0b60fcd50d6424,"3rd989 - Hillcrest Plaza {Dunbarton SC, LLC}",evidenceOfInsurance,Evidence of Insurance,workersCompensation,Workers' Compensation and Employer's Liability,evidenceOfInsuranceWorkersCompensationWaiverOfSubrogationEndorsement,Waiver of Subrogation,"---prompt---
Determine if the insurer has waived their right of subrogation in favor of the certificate holder under the Workers' Compensation policy. Evidence may include: a checked ""Waiver of Subrogation"" box on the certificate, mention in the Description of Operations section stating ""waiver of subrogation applies"", or reference to form WC 00 03 13. Look for language like ""subrogation is waived"" or ""per written contract"".",matchOnce,must be present,,,non_compliant,Block Requirements,,,false,0,,2026-08-16
"Block Real Estate Services, LLC",69fdf75c62446148bd855f91,69fded1c62446148bd849018,Office Depot,69fdef94fa0b60fcd50d6424,"3rd989 - Hillcrest Plaza {Dunbarton SC, LLC}",evidenceOfInsurance,Evidence of Insurance,6ac20aae-5728-5d57-b364-aeba38527dba,Additional Requirements,4da5b0f1-4c9d-5885-8cf8-5d3cccaed3e0,"Block Real Estate Services, LLC and all others required by contract are named as Additional Insureds","---prompt---
Determine if the Description of Operations or the Additional Remarks Schedule section states the ""Additional Insured as Construction Management, Inc. and all others required by contract"" or reference to blanket additional insured coverage. Look for language like ""certificate holder is additional insured"" or ""per written contract"".",matchOnce,must be present,,,non_compliant,Block Requirements,,,true,0,,2026-08-16
"Block Real Estate Services, LLC",69fdf75c62446148bd855f91,69fded1c62446148bd849018,Office Depot,69fdef94fa0b60fcd50d6424,"3rd989 - Hillcrest Plaza {Dunbarton SC, LLC}",evidenceOfInsurance,Evidence of Insurance,6ac20aae-5728-5d57-b364-aeba38527dba,Additional Requirements,e1017741-e47e-5f58-97b8-fbc3043e919f,Umbrella follows form over General Liability,"---prompt---
Determine if the Umbrella/Excess Liability policy follows form to the underlying policies. Evidence may include: language in the Description of Operations section stating the umbrella follows form to underlying coverages or an additional page endorsement stating that it follows form. Follow form means the umbrella policy adopts the same terms, conditions, and exclusions as the underlying policies.",matchOnce,must be present,,,non_compliant,Block Requirements,,,true,0,,2026-08-16
"Block Real Estate Services, LLC",69fdf75c62446148bd855f91,69fded1c62446148bd849018,Office Depot,69fdef94fa0b60fcd50d6424,"3rd989 - Hillcrest Plaza {Dunbarton SC, LLC}",evidenceOfInsurance,Evidence of Insurance,6ac20aae-5728-5d57-b364-aeba38527dba,Additional Requirements,2cdd866f-c9a4-576a-afd8-1d045762790c,"The location must be listed as: 605-A North Belt Highway, St. Joseph, MO, 64506",,matchOnce,must be present,,,non_compliant,Block Requirements,,,true,0,,2026-08-16
"Block Real Estate Services, LLC",69fdf75c62446148bd855f91,69fded1c62446148bd849018,Office Depot,69fdef94fa0b60fcd50d6424,"3rd989 - Hillcrest Plaza {Dunbarton SC, LLC}",evidenceOfInsurance,Evidence of Insurance,6ac20aae-5728-5d57-b364-aeba38527dba,Additional Requirements,3649e9d1-4e09-59bf-8f30-cb33c40cf117,"Certificate Holder must read: c/o Block Real Estate Services, LLC, 4622 Pennsylvania St., Suite 700, Kansas City, MO, 64112",,matchOnce,must be present,,,non_compliant,Block Requirements,,,true,0,,2026-08-16
"Block Real Estate Services, LLC",69fdf75c62446148bd855fa5,69fded1362446148bd848d39,E & T Plastics MFG. CO. INC.,69fdefc138cbea6b3a68d4da,"bf3947 - Riverside Business Center 6 {Block Income Fund III, LP}",evidenceOfInsurance,Evidence of Insurance,commercialGeneralLiability,Commercial General Liability,evidenceOfInsuranceCommercialGeneralLiabilityCoverageTriggerOccurrence,Coverage Trigger: Occurrence,,matchOnce,must be present,,,non_compliant,Block Requirements,,,false,0,,2026-08-16
"Block Real Estate Services, LLC",69fdf75c62446148bd855fa5,69fded1362446148bd848d39,E & T Plastics MFG. CO. INC.,69fdefc138cbea6b3a68d4da,"bf3947 - Riverside Business Center 6 {Block Income Fund III, LP}",evidenceOfInsurance,Evidence of Insurance,commercialGeneralLiability,Commercial General Liability,evidenceOfInsuranceCommercialGeneralLiabilityGeneralAggregateLimitAppliesPerLocation,General Aggregate Limit Applies per: Location,,matchOnce,must be present,,,non_compliant,Block Requirements,,,false,0,,2026-08-16
"Block Real Estate Services, LLC",69fdf75c62446148bd855fa5,69fded1362446148bd848d39,E & T Plastics MFG. CO. INC.,69fdefc138cbea6b3a68d4da,"bf3947 - Riverside Business Center 6 {Block Income Fund III, LP}",evidenceOfInsurance,Evidence of Insurance,commercialGeneralLiability,Commercial General Liability,evidenceOfInsuranceCommercialGeneralLiabilityEachOccurrence,Each Occurrence,,matchOnce,must be greater or equal to,1000000,,non_compliant,Block Requirements,,,false,0,,2026-08-16
"Block Real Estate Services, LLC",69fdf75c62446148bd855fa5,69fded1362446148bd848d39,E & T Plastics MFG. CO. INC.,69fdefc138cbea6b3a68d4da,"bf3947 - Riverside Business Center 6 {Block Income Fund III, LP}",evidenceOfInsurance,Evidence of Insurance,commercialGeneralLiability,Commercial General Liability,evidenceOfInsuranceCommercialGeneralLiabilityGeneralAggregate,General Aggregate,,matchOnce,must be greater or equal to,2000000,,non_compliant,Block Requirements,,,false,0,,2026-08-16
"Block Real Estate Services, LLC",69fdf75c62446148bd855fa5,69fded1362446148bd848d39,E & T Plastics MFG. CO. INC.,69fdefc138cbea6b3a68d4da,"bf3947 - Riverside Business Center 6 {Block Income Fund III, LP}",evidenceOfInsurance,Evidence of Insurance,commercialGeneralLiability,Commercial General Liability,evidenceOfInsuranceCommercialGeneralLiabilityWaiverOfSubrogationEndorsement,Waiver of Subrogation,"---prompt---
Determine if the insurer has waived their right of subrogation in favor of the certificate holder under the Commercial General Liability policy. Evidence may include: a checked ""Waiver of Subrogation"" box on the certificate, mention in the Description of Operations section stating ""waiver of subrogation applies"", or reference to form CG 24 04. Look for language like ""subrogation is waived"" or ""per written contract"".",matchOnce,must be present,,,non_compliant,Block Requirements,,,false,0,,2026-08-16
"Block Real Estate Services, LLC",69fdf75c62446148bd855fa5,69fded1362446148bd848d39,E & T Plastics MFG. CO. INC.,69fdefc138cbea6b3a68d4da,"bf3947 - Riverside Business Center 6 {Block Income Fund III, LP}",evidenceOfInsurance,Evidence of Insurance,excessOrUmbrellaLiability,Umbrella/Excess Liability,evidenceOfInsuranceExcessOrUmbrellaLiabilityOccurence,Coverage Trigger: Occurrence,,matchOnce,must be present,,,non_compliant,Block Requirements,,,false,0,,2026-08-16
"Block Real Estate Services, LLC",69fdf75c62446148bd855fa5,69fded1362446148bd848d39,E & T Plastics MFG. CO. INC.,69fdefc138cbea6b3a68d4da,"bf3947 - Riverside Business Center 6 {Block Income Fund III, LP}",evidenceOfInsurance,Evidence of Insurance,excessOrUmbrellaLiability,Umbrella/Excess Liability,evidenceOfInsuranceExcessOrUmbrellaLiabilityEachOccurrence,Each Occurrence,,matchOnce,must be greater or equal to,1000000,,non_compliant,Block Requirements,,,false,0,,2026-08-16
"Block Real Estate Services, LLC",69fdf75c62446148bd855fa5,69fded1362446148bd848d39,E & T Plastics MFG. CO. INC.,69fdefc138cbea6b3a68d4da,"bf3947 - Riverside Business Center 6 {Block Income Fund III, LP}",evidenceOfInsurance,Evidence of Insurance,excessOrUmbrellaLiability,Umbrella/Excess Liability,evidenceOfInsuranceExcessOrUmbrellaLiabilityAggregate,Aggregate,,matchOnce,must be greater or equal to,1000000,,non_compliant,Block Requirements,,,false,0,,2026-08-16
"Block Real Estate Services, LLC",69fdf75c62446148bd855fa5,69fded1362446148bd848d39,E & T Plastics MFG. CO. INC.,69fdefc138cbea6b3a68d4da,"bf3947 - Riverside Business Center 6 {Block Income Fund III, LP}",evidenceOfInsurance,Evidence of Insurance,workersCompensation,Workers' Compensation and Employer's Liability,evidenceOfInsuranceWorkersCompensationStatutoryLimits,Statutory Limits,,matchOnce,must be present,,,non_compliant,Block Requirements,,,false,0,,2026-08-16
"Block Real Estate Services, LLC",69fdf75c62446148bd855fa5,69fded1362446148bd848d39,E & T Plastics MFG. CO. INC.,69fdefc138cbea6b3a68d4da,"bf3947 - Riverside Business Center 6 {Block Income Fund III, LP}",evidenceOfInsurance,Evidence of Insurance,workersCompensation,Workers' Compensation and Employer's Liability,evidenceOfInsuranceWorkersCompensationEmployersLiabilityEachAccident,Employer's Liability Each Accident,,matchOnce,must be greater or equal to,500000,,non_compliant,Block Requirements,,,false,0,,2026-08-16
"Block Real Estate Services, LLC",69fdf75c62446148bd855fa5,69fded1362446148bd848d39,E & T Plastics MFG. CO. INC.,69fdefc138cbea6b3a68d4da,"bf3947 - Riverside Business Center 6 {Block Income Fund III, LP}",evidenceOfInsurance,Evidence of Insurance,workersCompensation,Workers' Compensation and Employer's Liability,evidenceOfInsuranceWorkersCompensationEmployersLiabilityDiseaseEachEmployee,Employer's Liability Disease - each employee,,matchOnce,must be greater or equal to,500000,,non_compliant,Block Requirements,,,false,0,,2026-08-16
"Block Real Estate Services, LLC",69fdf75c62446148bd855fa5,69fded1362446148bd848d39,E & T Plastics MFG. CO. INC.,69fdefc138cbea6b3a68d4da,"bf3947 - Riverside Business Center 6 {Block Income Fund III, LP}",evidenceOfInsurance,Evidence of Insurance,workersCompensation,Workers' Compensation and Employer's Liability,evidenceOfInsuranceWorkersCompensationEmployersLiabilityDiseasePolicyLimit,Employer's Liability Disease - policy limit,,matchOnce,must be greater or equal to,500000,,non_compliant,Block Requirements,,,false,0,,2026-08-16
"Block Real Estate Services, LLC",69fdf75c62446148bd855fa5,69fded1362446148bd848d39,E & T Plastics MFG. CO. INC.,69fdefc138cbea6b3a68d4da,"bf3947 - Riverside Business Center 6 {Block Income Fund III, LP}",evidenceOfInsurance,Evidence of Insurance,workersCompensation,Workers' Compensation and Employer's Liability,evidenceOfInsuranceWorkersCompensationWaiverOfSubrogationEndorsement,Waiver of Subrogation,"---prompt---
Determine if the insurer has waived their right of subrogation in favor of the certificate holder under the Workers' Compensation policy. Evidence may include: a checked ""Waiver of Subrogation"" box on the certificate, mention in the Description of Operations section stating ""waiver of subrogation applies"", or reference to form WC 00 03 13. Look for language like ""subrogation is waived"" or ""per written contract"".",matchOnce,must be present,,,non_compliant,Block Requirements,,,false,0,,2026-08-16
"Block Real Estate Services, LLC",69fdf75c62446148bd855fa5,69fded1362446148bd848d39,E & T Plastics MFG. CO. INC.,69fdefc138cbea6b3a68d4da,"bf3947 - Riverside Business Center 6 {Block Income Fund III, LP}",evidenceOfInsurance,Evidence of Insurance,6ac20aae-5728-5d57-b364-aeba38527dba,Additional Requirements,4da5b0f1-4c9d-5885-8cf8-5d3cccaed3e0,"Block Real Estate Services, LLC and all others required by contract are named as Additional Insureds","---prompt---
Determine if the Description of Operations or the Additional Remarks Schedule section states the ""Additional Insured as Construction Management, Inc. and all others required by contract"" or reference to blanket additional insured coverage. Look for language like ""certificate holder is additional insured"" or ""per written contract"".",matchOnce,must be present,,,non_compliant,Block Requirements,,,true,0,,2026-08-16
"Block Real Estate Services, LLC",69fdf75c62446148bd855fa5,69fded1362446148bd848d39,E & T Plastics MFG. CO. INC.,69fdefc138cbea6b3a68d4da,"bf3947 - Riverside Business Center 6 {Block Income Fund III, LP}",evidenceOfInsurance,Evidence of Insurance,6ac20aae-5728-5d57-b364-aeba38527dba,Additional Requirements,e1017741-e47e-5f58-97b8-fbc3043e919f,Umbrella follows form over General Liability,"---prompt---
Determine if the Umbrella/Excess Liability policy follows form to the underlying policies. Evidence may include: language in the Description of Operations section stating the umbrella follows form to underlying coverages or an additional page endorsement stating that it follows form. Follow form means the umbrella policy adopts the same terms, conditions, and exclusions as the underlying policies.",matchOnce,must be present,,,non_compliant,Block Requirements,,,true,0,,2026-08-16
"Block Real Estate Services, LLC",69fdf75c62446148bd855fa5,69fded1362446148bd848d39,E & T Plastics MFG. CO. INC.,69fdefc138cbea6b3a68d4da,"bf3947 - Riverside Business Center 6 {Block Income Fund III, LP}",evidenceOfInsurance,Evidence of Insurance,6ac20aae-5728-5d57-b364-aeba38527dba,Additional Requirements,2cdd866f-c9a4-576a-afd8-1d045762790c,"The location must be listed as: 301 NW Business Park Lane, Riverside, MO, 64150",,matchOnce,must be present,,,non_compliant,Block Requirements,,,true,0,,2026-08-16
"Block Real Estate Services, LLC",69fdf75c62446148bd855fa5,69fded1362446148bd848d39,E & T Plastics MFG. CO. INC.,69fdefc138cbea6b3a68d4da,"bf3947 - Riverside Business Center 6 {Block Income Fund III, LP}",evidenceOfInsurance,Evidence of Insurance,6ac20aae-5728-5d57-b364-aeba38527dba,Additional Requirements,3649e9d1-4e09-59bf-8f30-cb33c40cf117,"Certificate Holder must read: c/o Block Real Estate Services, LLC, 4622 Pennsylvania St., Suite 700, Kansas City, MO, 64112",,matchOnce,must be present,,,non_compliant,Block Requirements,,,true,0,,2026-08-16
"Block Real Estate Services, LLC",69fdf75c62446148bd855fa6,69fded1462446148bd848d69,"Engaged Athletics Training Center / Engaged Holdings, LLC",69fdefc138cbea6b3a68d4da,"bf3947 - Riverside Business Center 6 {Block Income Fund III, LP}",evidenceOfInsurance,Evidence of Insurance,commercialGeneralLiability,Commercial General Liability,evidenceOfInsuranceCommercialGeneralLiabilityCoverageTriggerOccurrence,Coverage Trigger: Occurrence,,matchOnce,must be present,,Present,compliant,Block Requirements,,,false,1,,2026-08-16
"Block Real Estate Services, LLC",69fdf75c62446148bd855fa6,69fded1462446148bd848d69,"Engaged Athletics Training Center / Engaged Holdings, LLC",69fdefc138cbea6b3a68d4da,"bf3947 - Riverside Business Center 6 {Block Income Fund III, LP}",evidenceOfInsurance,Evidence of Insurance,commercialGeneralLiability,Commercial General Liability,evidenceOfInsuranceCommercialGeneralLiabilityGeneralAggregateLimitAppliesPerLocation,General Aggregate Limit Applies per: Location,,matchOnce,must be present,,,non_compliant,Block Requirements,,,false,0,,2026-08-16
"Block Real Estate Services, LLC",69fdf75c62446148bd855fa6,69fded1462446148bd848d69,"Engaged Athletics Training Center / Engaged Holdings, LLC",69fdefc138cbea6b3a68d4da,"bf3947 - Riverside Business Center 6 {Block Income Fund III, LP}",evidenceOfInsurance,Evidence of Insurance,commercialGeneralLiability,Commercial General Liability,evidenceOfInsuranceCommercialGeneralLiabilityEachOccurrence,Each Occurrence,,matchOnce,must be greater or equal to,1000000,1000000,compliant,Block Requirements,,,false,1,,2026-08-16
"Block Real Estate Services, LLC",69fdf75c62446148bd855fa6,69fded1462446148bd848d69,"Engaged Athletics Training Center / Engaged Holdings, LLC",69fdefc138cbea6b3a68d4da,"bf3947 - Riverside Business Center 6 {Block Income Fund III, LP}",evidenceOfInsurance,Evidence of Insurance,commercialGeneralLiability,Commercial General Liability,evidenceOfInsuranceCommercialGeneralLiabilityGeneralAggregate,General Aggregate,,matchOnce,must be greater or equal to,2000000,2000000,compliant,Block Requirements,,,false,1,,2026-08-16
"Block Real Estate Services, LLC",69fdf75c62446148bd855fa6,69fded1462446148bd848d69,"Engaged Athletics Training Center / Engaged Holdings, LLC",69fdefc138cbea6b3a68d4da,"bf3947 - Riverside Business Center 6 {Block Income Fund III, LP}",evidenceOfInsurance,Evidence of Insurance,commercialGeneralLiability,Commercial General Liability,evidenceOfInsuranceCommercialGeneralLiabilityWaiverOfSubrogationEndorsement,Waiver of Subrogation,"---prompt---
Determine if the insurer has waived their right of subrogation in favor of the certificate holder under the Commercial General Liability policy. Evidence may include: a checked ""Waiver of Subrogation"" box on the certificate, mention in the Description of Operations section stating ""waiver of subrogation applies"", or reference to form CG 24 04. Look for language like ""subrogation is waived"" or ""per written contract"".",matchOnce,must be present,,Present,compliant,Block Requirements,,,false,1,,2026-08-16
"Block Real Estate Services, LLC",69fdf75c62446148bd855fa6,69fded1462446148bd848d69,"Engaged Athletics Training Center / Engaged Holdings, LLC",69fdefc138cbea6b3a68d4da,"bf3947 - Riverside Business Center 6 {Block Income Fund III, LP}",evidenceOfInsurance,Evidence of Insurance,excessOrUmbrellaLiability,Umbrella/Excess Liability,evidenceOfInsuranceExcessOrUmbrellaLiabilityOccurence,Coverage Trigger: Occurrence,,matchOnce,must be present,,Present,compliant,Block Requirements,,,false,1,,2026-08-16
"Block Real Estate Services, LLC",69fdf75c62446148bd855fa6,69fded1462446148bd848d69,"Engaged Athletics Training Center / Engaged Holdings, LLC",69fdefc138cbea6b3a68d4da,"bf3947 - Riverside Business Center 6 {Block Income Fund III, LP}",evidenceOfInsurance,Evidence of Insurance,excessOrUmbrellaLiability,Umbrella/Excess Liability,evidenceOfInsuranceExcessOrUmbrellaLiabilityEachOccurrence,Each Occurrence,,matchOnce,must be greater or equal to,1000000,1000000,compliant,Block Requirements,,,false,1,,2026-08-16
"Block Real Estate Services, LLC",69fdf75c62446148bd855fa6,69fded1462446148bd848d69,"Engaged Athletics Training Center / Engaged Holdings, LLC",69fdefc138cbea6b3a68d4da,"bf3947 - Riverside Business Center 6 {Block Income Fund III, LP}",evidenceOfInsurance,Evidence of Insurance,excessOrUmbrellaLiability,Umbrella/Excess Liability,evidenceOfInsuranceExcessOrUmbrellaLiabilityAggregate,Aggregate,,matchOnce,must be greater or equal to,1000000,1000000,compliant,Block Requirements,,,false,1,,2026-08-16
"Block Real Estate Services, LLC",69fdf75c62446148bd855fa6,69fded1462446148bd848d69,"Engaged Athletics Training Center / Engaged Holdings, LLC",69fdefc138cbea6b3a68d4da,"bf3947 - Riverside Business Center 6 {Block Income Fund III, LP}",evidenceOfInsurance,Evidence of Insurance,workersCompensation,Workers' Compensation and Employer's Liability,evidenceOfInsuranceWorkersCompensationStatutoryLimits,Statutory Limits,,matchOnce,must be present,,Present,compliant,Block Requirements,,,false,1,,2026-08-16
"Block Real Estate Services, LLC",69fdf75c62446148bd855fa6,69fded1462446148bd848d69,"Engaged Athletics Training Center / Engaged Holdings, LLC",69fdefc138cbea6b3a68d4da,"bf3947 - Riverside Business Center 6 {Block Income Fund III, LP}",evidenceOfInsurance,Evidence of Insurance,workersCompensation,Workers' Compensation and Employer's Liability,evidenceOfInsuranceWorkersCompensationEmployersLiabilityEachAccident,Employer's Liability Each Accident,,matchOnce,must be greater or equal to,500000,1000000,compliant,Block Requirements,,,false,1,,2026-08-16
"Block Real Estate Services, LLC",69fdf75c62446148bd855fa6,69fded1462446148bd848d69,"Engaged Athletics Training Center / Engaged Holdings, LLC",69fdefc138cbea6b3a68d4da,"bf3947 - Riverside Business Center 6 {Block Income Fund III, LP}",evidenceOfInsurance,Evidence of Insurance,workersCompensation,Workers' Compensation and Employer's Liability,evidenceOfInsuranceWorkersCompensationEmployersLiabilityDiseaseEachEmployee,Employer's Liability Disease - each employee,,matchOnce,must be greater or equal to,500000,1000000,compliant,Block Requirements,,,false,1,,2026-08-16
"Block Real Estate Services, LLC",69fdf75c62446148bd855fa6,69fded1462446148bd848d69,"Engaged Athletics Training Center / Engaged Holdings, LLC",69fdefc138cbea6b3a68d4da,"bf3947 - Riverside Business Center 6 {Block Income Fund III, LP}",evidenceOfInsurance,Evidence of Insurance,workersCompensation,Workers' Compensation and Employer's Liability,evidenceOfInsuranceWorkersCompensationEmployersLiabilityDiseasePolicyLimit,Employer's Liability Disease - policy limit,,matchOnce,must be greater or equal to,500000,1000000,compliant,Block Requirements,,,false,1,,2026-08-16
"Block Real Estate Services, LLC",69fdf75c62446148bd855fa6,69fded1462446148bd848d69,"Engaged Athletics Training Center / Engaged Holdings, LLC",69fdefc138cbea6b3a68d4da,"bf3947 - Riverside Business Center 6 {Block Income Fund III, LP}",evidenceOfInsurance,Evidence of Insurance,workersCompensation,Workers' Compensation and Employer's Liability,evidenceOfInsuranceWorkersCompensationWaiverOfSubrogationEndorsement,Waiver of Subrogation,"---prompt---
Determine if the insurer has waived their right of subrogation in favor of the certificate holder under the Workers' Compensation policy. Evidence may include: a checked ""Waiver of Subrogation"" box on the certificate, mention in the Description of Operations section stating ""waiver of subrogation applies"", or reference to form WC 00 03 13. Look for language like ""subrogation is waived"" or ""per written contract"".",matchOnce,must be present,,Present,compliant,Block Requirements,,,false,1,,2026-08-16
"Block Real Estate Services, LLC",69fdf75c62446148bd855fa6,69fded1462446148bd848d69,"Engaged Athletics Training Center / Engaged Holdings, LLC",69fdefc138cbea6b3a68d4da,"bf3947 - Riverside Business Center 6 {Block Income Fund III, LP}",evidenceOfInsurance,Evidence of Insurance,6ac20aae-5728-5d57-b364-aeba38527dba,Additional Requirements,4da5b0f1-4c9d-5885-8cf8-5d3cccaed3e0,"Block Real Estate Services, LLC and all others required by contract are named as Additional Insureds","---prompt---
Determine if the Description of Operations or the Additional Remarks Schedule section states the ""Additional Insured as Construction Management, Inc. and all others required by contract"" or reference to blanket additional insured coverage. Look for language like ""certificate holder is additional insured"" or ""per written contract"".",matchOnce,must be present,,Present,compliant,Block Requirements,,,true,1,,2026-08-16
"Block Real Estate Services, LLC",69fdf75c62446148bd855fa6,69fded1462446148bd848d69,"Engaged Athletics Training Center / Engaged Holdings, LLC",69fdefc138cbea6b3a68d4da,"bf3947 - Riverside Business Center 6 {Block Income Fund III, LP}",evidenceOfInsurance,Evidence of Insurance,6ac20aae-5728-5d57-b364-aeba38527dba,Additional Requirements,e1017741-e47e-5f58-97b8-fbc3043e919f,Umbrella follows form over General Liability,"---prompt---
Determine if the Umbrella/Excess Liability policy follows form to the underlying policies. Evidence may include: language in the Description of Operations section stating the umbrella follows form to underlying coverages or an additional page endorsement stating that it follows form. Follow form means the umbrella policy adopts the same terms, conditions, and exclusions as the underlying policies.",matchOnce,must be present,,Present,compliant,Block Requirements,,,true,1,,2026-08-16
"Block Real Estate Services, LLC",69fdf75c62446148bd855fa6,69fded1462446148bd848d69,"Engaged Athletics Training Center / Engaged Holdings, LLC",69fdefc138cbea6b3a68d4da,"bf3947 - Riverside Business Center 6 {Block Income Fund III, LP}",evidenceOfInsurance,Evidence of Insurance,6ac20aae-5728-5d57-b364-aeba38527dba,Additional Requirements,2cdd866f-c9a4-576a-afd8-1d045762790c,"The location must be listed as: 305 NW Business Park Lane, Riverside, MO, 64150",,matchOnce,must be present,,Present,compliant,Block Requirements,,,true,2,,2026-08-16
"Block Real Estate Services, LLC",69fdf75c62446148bd855fa6,69fded1462446148bd848d69,"Engaged Athletics Training Center / Engaged Holdings, LLC",69fdefc138cbea6b3a68d4da,"bf3947 - Riverside Business Center 6 {Block Income Fund III, LP}",evidenceOfInsurance,Evidence of Insurance,6ac20aae-5728-5d57-b364-aeba38527dba,Additional Requirements,3649e9d1-4e09-59bf-8f30-cb33c40cf117,"Certificate Holder must read: c/o Block Real Estate Services, LLC, 4622 Pennsylvania St., Suite 700, Kansas City, MO, 64112",,matchOnce,must be present,,Present,compliant,Block Requirements,,,true,2,,2026-08-16
"Block Real Estate Services, LLC",69fdf7b562446148bd85c48c,69fded1b62446148bd848f88,"Mechanical Sales Midwest, Inc",69fdf21802bb2c42a87aa766,"tic921 - Millennium Business Park {Millennium Lenexa, LLC}",evidenceOfInsurance,Evidence of Insurance,commercialGeneralLiability,Commercial General Liability,evidenceOfInsuranceCommercialGeneralLiabilityCoverageTriggerOccurrence,Coverage Trigger: Occurrence,,matchOnce,must be present,,,non_compliant,Block Requirements,,,false,0,,2026-08-16
"Block Real Estate Services, LLC",69fdf7b562446148bd85c48c,69fded1b62446148bd848f88,"Mechanical Sales Midwest, Inc",69fdf21802bb2c42a87aa766,"tic921 - Millennium Business Park {Millennium Lenexa, LLC}",evidenceOfInsurance,Evidence of Insurance,commercialGeneralLiability,Commercial General Liability,evidenceOfInsuranceCommercialGeneralLiabilityGeneralAggregateLimitAppliesPerLocation,General Aggregate Limit Applies per: Location,,matchOnce,must be present,,,non_compliant,Block Requirements,,,false,0,,2026-08-16
"Block Real Estate Services, LLC",69fdf7b562446148bd85c48c,69fded1b62446148bd848f88,"Mechanical Sales Midwest, Inc",69fdf21802bb2c42a87aa766,"tic921 - Millennium Business Park {Millennium Lenexa, LLC}",evidenceOfInsurance,Evidence of Insurance,commercialGeneralLiability,Commercial General Liability,evidenceOfInsuranceCommercialGeneralLiabilityEachOccurrence,Each Occurrence,,matchOnce,must be greater or equal to,1000000,,non_compliant,Block Requirements,,,false,0,,2026-08-16
"Block Real Estate Services, LLC",69fdf7b562446148bd85c48c,69fded1b62446148bd848f88,"Mechanical Sales Midwest, Inc",69fdf21802bb2c42a87aa766,"tic921 - Millennium Business Park {Millennium Lenexa, LLC}",evidenceOfInsurance,Evidence of Insurance,commercialGeneralLiability,Commercial General Liability,evidenceOfInsuranceCommercialGeneralLiabilityGeneralAggregate,General Aggregate,,matchOnce,must be greater or equal to,2000000,,non_compliant,Block Requirements,,,false,0,,2026-08-16
"Block Real Estate Services, LLC",69fdf7b562446148bd85c48c,69fded1b62446148bd848f88,"Mechanical Sales Midwest, Inc",69fdf21802bb2c42a87aa766,"tic921 - Millennium Business Park {Millennium Lenexa, LLC}",evidenceOfInsurance,Evidence of Insurance,commercialGeneralLiability,Commercial General Liability,evidenceOfInsuranceCommercialGeneralLiabilityWaiverOfSubrogationEndorsement,Waiver of Subrogation,"---prompt---
Determine if the insurer has waived their right of subrogation in favor of the certificate holder under the Commercial General Liability policy. Evidence may include: a checked ""Waiver of Subrogation"" box on the certificate, mention in the Description of Operations section stating ""waiver of subrogation applies"", or reference to form CG 24 04. Look for language like ""subrogation is waived"" or ""per written contract"".",matchOnce,must be present,,,non_compliant,Block Requirements,,,false,0,,2026-08-16
"Block Real Estate Services, LLC",69fdf7b562446148bd85c48c,69fded1b62446148bd848f88,"Mechanical Sales Midwest, Inc",69fdf21802bb2c42a87aa766,"tic921 - Millennium Business Park {Millennium Lenexa, LLC}",evidenceOfInsurance,Evidence of Insurance,excessOrUmbrellaLiability,Umbrella/Excess Liability,evidenceOfInsuranceExcessOrUmbrellaLiabilityOccurence,Coverage Trigger: Occurrence,,matchOnce,must be present,,,non_compliant,Block Requirements,,,false,0,,2026-08-16
"Block Real Estate Services, LLC",69fdf7b562446148bd85c48c,69fded1b62446148bd848f88,"Mechanical Sales Midwest, Inc",69fdf21802bb2c42a87aa766,"tic921 - Millennium Business Park {Millennium Lenexa, LLC}",evidenceOfInsurance,Evidence of Insurance,excessOrUmbrellaLiability,Umbrella/Excess Liability,evidenceOfInsuranceExcessOrUmbrellaLiabilityEachOccurrence,Each Occurrence,,matchOnce,must be greater or equal to,1000000,,non_compliant,Block Requirements,,,false,0,,2026-08-16
"Block Real Estate Services, LLC",69fdf7b562446148bd85c48c,69fded1b62446148bd848f88,"Mechanical Sales Midwest, Inc",69fdf21802bb2c42a87aa766,"tic921 - Millennium Business Park {Millennium Lenexa, LLC}",evidenceOfInsurance,Evidence of Insurance,excessOrUmbrellaLiability,Umbrella/Excess Liability,evidenceOfInsuranceExcessOrUmbrellaLiabilityAggregate,Aggregate,,matchOnce,must be greater or equal to,1000000,,non_compliant,Block Requirements,,,false,0,,2026-08-16
"Block Real Estate Services, LLC",69fdf7b562446148bd85c48c,69fded1b62446148bd848f88,"Mechanical Sales Midwest, Inc",69fdf21802bb2c42a87aa766,"tic921 - Millennium Business Park {Millennium Lenexa, LLC}",evidenceOfInsurance,Evidence of Insurance,workersCompensation,Workers' Compensation and Employer's Liability,evidenceOfInsuranceWorkersCompensationStatutoryLimits,Statutory Limits,,matchOnce,must be present,,,non_compliant,Block Requirements,,,false,0,,2026-08-16
"Block Real Estate Services, LLC",69fdf7b562446148bd85c48c,69fded1b62446148bd848f88,"Mechanical Sales Midwest, Inc",69fdf21802bb2c42a87aa766,"tic921 - Millennium Business Park {Millennium Lenexa, LLC}",evidenceOfInsurance,Evidence of Insurance,workersCompensation,Workers' Compensation and Employer's Liability,evidenceOfInsuranceWorkersCompensationEmployersLiabilityEachAccident,Employer's Liability Each Accident,,matchOnce,must be greater or equal to,500000,,non_compliant,Block Requirements,,,false,0,,2026-08-16
"Block Real Estate Services, LLC",69fdf7b562446148bd85c48c,69fded1b62446148bd848f88,"Mechanical Sales Midwest, Inc",69fdf21802bb2c42a87aa766,"tic921 - Millennium Business Park {Millennium Lenexa, LLC}",evidenceOfInsurance,Evidence of Insurance,workersCompensation,Workers' Compensation and Employer's Liability,evidenceOfInsuranceWorkersCompensationEmployersLiabilityDiseaseEachEmployee,Employer's Liability Disease - each employee,,matchOnce,must be greater or equal to,500000,,non_compliant,Block Requirements,,,false,0,,2026-08-16
"Block Real Estate Services, LLC",69fdf7b562446148bd85c48c,69fded1b62446148bd848f88,"Mechanical Sales Midwest, Inc",69fdf21802bb2c42a87aa766,"tic921 - Millennium Business Park {Millennium Lenexa, LLC}",evidenceOfInsurance,Evidence of Insurance,workersCompensation,Workers' Compensation and Employer's Liability,evidenceOfInsuranceWorkersCompensationEmployersLiabilityDiseasePolicyLimit,Employer's Liability Disease - policy limit,,matchOnce,must be greater or equal to,500000,,non_compliant,Block Requirements,,,false,0,,2026-08-16
"Block Real Estate Services, LLC",69fdf7b562446148bd85c48c,69fded1b62446148bd848f88,"Mechanical Sales Midwest, Inc",69fdf21802bb2c42a87aa766,"tic921 - Millennium Business Park {Millennium Lenexa, LLC}",evidenceOfInsurance,Evidence of Insurance,workersCompensation,Workers' Compensation and Employer's Liability,evidenceOfInsuranceWorkersCompensationWaiverOfSubrogationEndorsement,Waiver of Subrogation,"---prompt---
Determine if the insurer has waived their right of subrogation in favor of the certificate holder under the Workers' Compensation policy. Evidence may include: a checked ""Waiver of Subrogation"" box on the certificate, mention in the Description of Operations section stating ""waiver of subrogation applies"", or reference to form WC 00 03 13. Look for language like ""subrogation is waived"" or ""per written contract"".",matchOnce,must be present,,,non_compliant,Block Requirements,,,false,0,,2026-08-16
"Block Real Estate Services, LLC",69fdf7b562446148bd85c48c,69fded1b62446148bd848f88,"Mechanical Sales Midwest, Inc",69fdf21802bb2c42a87aa766,"tic921 - Millennium Business Park {Millennium Lenexa, LLC}",evidenceOfInsurance,Evidence of Insurance,6ac20aae-5728-5d57-b364-aeba38527dba,Additional Requirements,4da5b0f1-4c9d-5885-8cf8-5d3cccaed3e0,"Block Real Estate Services, LLC and all others required by contract are named as Additional Insureds","---prompt---
Determine if the Description of Operations or the Additional Remarks Schedule section states the ""Additional Insured as Construction Management, Inc. and all others required by contract"" or reference to blanket additional insured coverage. Look for language like ""certificate holder is additional insured"" or ""per written contract"".",matchOnce,must be present,,,non_compliant,Block Requirements,,,true,0,,2026-08-16
"Block Real Estate Services, LLC",69fdf7b562446148bd85c48c,69fded1b62446148bd848f88,"Mechanical Sales Midwest, Inc",69fdf21802bb2c42a87aa766,"tic921 - Millennium Business Park {Millennium Lenexa, LLC}",evidenceOfInsurance,Evidence of Insurance,6ac20aae-5728-5d57-b364-aeba38527dba,Additional Requirements,e1017741-e47e-5f58-97b8-fbc3043e919f,Umbrella follows form over General Liability,"---prompt---
Determine if the Umbrella/Excess Liability policy follows form to the underlying policies. Evidence may include: language in the Description of Operations section stating the umbrella follows form to underlying coverages or an additional page endorsement stating that it follows form. Follow form means the umbrella policy adopts the same terms, conditions, and exclusions as the underlying policies.",matchOnce,must be present,,,non_compliant,Block Requirements,,,true,0,,2026-08-16
"Block Real Estate Services, LLC",69fdf7b562446148bd85c48c,69fded1b62446148bd848f88,"Mechanical Sales Midwest, Inc",69fdf21802bb2c42a87aa766,"tic921 - Millennium Business Park {Millennium Lenexa, LLC}",evidenceOfInsurance,Evidence of Insurance,6ac20aae-5728-5d57-b364-aeba38527dba,Additional Requirements,2cdd866f-c9a4-576a-afd8-1d045762790c,The location must be listed as: 11301 Strang Line Road Lenexa KS 66215,,matchOnce,must be present,,,non_compliant,Block Requirements,,,true,0,,2026-08-16
"Block Real Estate Services, LLC",69fdf7b562446148bd85c48c,69fded1b62446148bd848f88,"Mechanical Sales Midwest, Inc",69fdf21802bb2c42a87aa766,"tic921 - Millennium Business Park {Millennium Lenexa, LLC}",evidenceOfInsurance,Evidence of Insurance,6ac20aae-5728-5d57-b364-aeba38527dba,Additional Requirements,3649e9d1-4e09-59bf-8f30-cb33c40cf117,"Certificate Holder must read: c/o Block Real Estate Services, LLC, 4622 Pennsylvania St., Suite 700, Kansas City, MO, 64112",,matchOnce,must be present,,,non_compliant,Block Requirements,,,true,0,,2026-08-16
"Block Real Estate Services, LLC",69fdf7b562446148bd85c48b,69fded1462446148bd848d84,"Emerson / Experitec, Inc.",69fdf21802bb2c42a87aa766,"tic921 - Millennium Business Park {Millennium Lenexa, LLC}",evidenceOfInsurance,Evidence of Insurance,commercialGeneralLiability,Commercial General Liability,evidenceOfInsuranceCommercialGeneralLiabilityCoverageTriggerOccurrence,Coverage Trigger: Occurrence,,matchOnce,must be present,,,non_compliant,Block Requirements,,,false,0,,2026-08-16
"Block Real Estate Services, LLC",69fdf7b562446148bd85c48b,69fded1462446148bd848d84,"Emerson / Experitec, Inc.",69fdf21802bb2c42a87aa766,"tic921 - Millennium Business Park {Millennium Lenexa, LLC}",evidenceOfInsurance,Evidence of Insurance,commercialGeneralLiability,Commercial General Liability,evidenceOfInsuranceCommercialGeneralLiabilityGeneralAggregateLimitAppliesPerLocation,General Aggregate Limit Applies per: Location,,matchOnce,must be present,,,non_compliant,Block Requirements,,,false,0,,2026-08-16
"Block Real Estate Services, LLC",69fdf7b562446148bd85c48b,69fded1462446148bd848d84,"Emerson / Experitec, Inc.",69fdf21802bb2c42a87aa766,"tic921 - Millennium Business Park {Millennium Lenexa, LLC}",evidenceOfInsurance,Evidence of Insurance,commercialGeneralLiability,Commercial General Liability,evidenceOfInsuranceCommercialGeneralLiabilityEachOccurrence,Each Occurrence,,matchOnce,must be greater or equal to,1000000,,non_compliant,Block Requirements,,,false,0,,2026-08-16
"Block Real Estate Services, LLC",69fdf7b562446148bd85c48b,69fded1462446148bd848d84,"Emerson / Experitec, Inc.",69fdf21802bb2c42a87aa766,"tic921 - Millennium Business Park {Millennium Lenexa, LLC}",evidenceOfInsurance,Evidence of Insurance,commercialGeneralLiability,Commercial General Liability,evidenceOfInsuranceCommercialGeneralLiabilityGeneralAggregate,General Aggregate,,matchOnce,must be greater or equal to,2000000,,non_compliant,Block Requirements,,,false,0,,2026-08-16
"Block Real Estate Services, LLC",69fdf7b562446148bd85c48b,69fded1462446148bd848d84,"Emerson / Experitec, Inc.",69fdf21802bb2c42a87aa766,"tic921 - Millennium Business Park {Millennium Lenexa, LLC}",evidenceOfInsurance,Evidence of Insurance,commercialGeneralLiability,Commercial General Liability,evidenceOfInsuranceCommercialGeneralLiabilityWaiverOfSubrogationEndorsement,Waiver of Subrogation,"---prompt---
Determine if the insurer has waived their right of subrogation in favor of the certificate holder under the Commercial General Liability policy. Evidence may include: a checked ""Waiver of Subrogation"" box on the certificate, mention in the Description of Operations section stating ""waiver of subrogation applies"", or reference to form CG 24 04. Look for language like ""subrogation is waived"" or ""per written contract"".",matchOnce,must be present,,,non_compliant,Block Requirements,,,false,0,,2026-08-16
"Block Real Estate Services, LLC",69fdf7b562446148bd85c48b,69fded1462446148bd848d84,"Emerson / Experitec, Inc.",69fdf21802bb2c42a87aa766,"tic921 - Millennium Business Park {Millennium Lenexa, LLC}",evidenceOfInsurance,Evidence of Insurance,excessOrUmbrellaLiability,Umbrella/Excess Liability,evidenceOfInsuranceExcessOrUmbrellaLiabilityOccurence,Coverage Trigger: Occurrence,,matchOnce,must be present,,,non_compliant,Block Requirements,,,false,0,,2026-08-16
"Block Real Estate Services, LLC",69fdf7b562446148bd85c48b,69fded1462446148bd848d84,"Emerson / Experitec, Inc.",69fdf21802bb2c42a87aa766,"tic921 - Millennium Business Park {Millennium Lenexa, LLC}",evidenceOfInsurance,Evidence of Insurance,excessOrUmbrellaLiability,Umbrella/Excess Liability,evidenceOfInsuranceExcessOrUmbrellaLiabilityEachOccurrence,Each Occurrence,,matchOnce,must be greater or equal to,1000000,,non_compliant,Block Requirements,,,false,0,,2026-08-16
"Block Real Estate Services, LLC",69fdf7b562446148bd85c48b,69fded1462446148bd848d84,"Emerson / Experitec, Inc.",69fdf21802bb2c42a87aa766,"tic921 - Millennium Business Park {Millennium Lenexa, LLC}",evidenceOfInsurance,Evidence of Insurance,excessOrUmbrellaLiability,Umbrella/Excess Liability,evidenceOfInsuranceExcessOrUmbrellaLiabilityAggregate,Aggregate,,matchOnce,must be greater or equal to,1000000,,non_compliant,Block Requirements,,,false,0,,2026-08-16
"Block Real Estate Services, LLC",69fdf7b562446148bd85c48b,69fded1462446148bd848d84,"Emerson / Experitec, Inc.",69fdf21802bb2c42a87aa766,"tic921 - Millennium Business Park {Millennium Lenexa, LLC}",evidenceOfInsurance,Evidence of Insurance,workersCompensation,Workers' Compensation and Employer's Liability,evidenceOfInsuranceWorkersCompensationStatutoryLimits,Statutory Limits,,matchOnce,must be present,,,non_compliant,Block Requirements,,,false,0,,2026-08-16
"Block Real Estate Services, LLC",69fdf7b562446148bd85c48b,69fded1462446148bd848d84,"Emerson / Experitec, Inc.",69fdf21802bb2c42a87aa766,"tic921 - Millennium Business Park {Millennium Lenexa, LLC}",evidenceOfInsurance,Evidence of Insurance,workersCompensation,Workers' Compensation and Employer's Liability,evidenceOfInsuranceWorkersCompensationEmployersLiabilityEachAccident,Employer's Liability Each Accident,,matchOnce,must be greater or equal to,500000,,non_compliant,Block Requirements,,,false,0,,2026-08-16
"Block Real Estate Services, LLC",69fdf7b562446148bd85c48b,69fded1462446148bd848d84,"Emerson / Experitec, Inc.",69fdf21802bb2c42a87aa766,"tic921 - Millennium Business Park {Millennium Lenexa, LLC}",evidenceOfInsurance,Evidence of Insurance,workersCompensation,Workers' Compensation and Employer's Liability,evidenceOfInsuranceWorkersCompensationEmployersLiabilityDiseaseEachEmployee,Employer's Liability Disease - each employee,,matchOnce,must be greater or equal to,500000,,non_compliant,Block Requirements,,,false,0,,2026-08-16
"Block Real Estate Services, LLC",69fdf7b562446148bd85c48b,69fded1462446148bd848d84,"Emerson / Experitec, Inc.",69fdf21802bb2c42a87aa766,"tic921 - Millennium Business Park {Millennium Lenexa, LLC}",evidenceOfInsurance,Evidence of Insurance,workersCompensation,Workers' Compensation and Employer's Liability,evidenceOfInsuranceWorkersCompensationEmployersLiabilityDiseasePolicyLimit,Employer's Liability Disease - policy limit,,matchOnce,must be greater or equal to,500000,,non_compliant,Block Requirements,,,false,0,,2026-08-16
"Block Real Estate Services, LLC",69fdf7b562446148bd85c48b,69fded1462446148bd848d84,"Emerson / Experitec, Inc.",69fdf21802bb2c42a87aa766,"tic921 - Millennium Business Park {Millennium Lenexa, LLC}",evidenceOfInsurance,Evidence of Insurance,workersCompensation,Workers' Compensation and Employer's Liability,evidenceOfInsuranceWorkersCompensationWaiverOfSubrogationEndorsement,Waiver of Subrogation,"---prompt---
Determine if the insurer has waived their right of subrogation in favor of the certificate holder under the Workers' Compensation policy. Evidence may include: a checked ""Waiver of Subrogation"" box on the certificate, mention in the Description of Operations section stating ""waiver of subrogation applies"", or reference to form WC 00 03 13. Look for language like ""subrogation is waived"" or ""per written contract"".",matchOnce,must be present,,,non_compliant,Block Requirements,,,false,0,,2026-08-16
"Block Real Estate Services, LLC",69fdf7b562446148bd85c48b,69fded1462446148bd848d84,"Emerson / Experitec, Inc.",69fdf21802bb2c42a87aa766,"tic921 - Millennium Business Park {Millennium Lenexa, LLC}",evidenceOfInsurance,Evidence of Insurance,6ac20aae-5728-5d57-b364-aeba38527dba,Additional Requirements,4da5b0f1-4c9d-5885-8cf8-5d3cccaed3e0,"Block Real Estate Services, LLC and all others required by contract are named as Additional Insureds","---prompt---
Determine if the Description of Operations or the Additional Remarks Schedule section states the ""Additional Insured as Construction Management, Inc. and all others required by contract"" or reference to blanket additional insured coverage. Look for language like ""certificate holder is additional insured"" or ""per written contract"".",matchOnce,must be present,,,non_compliant,Block Requirements,,,true,0,,2026-08-16
"Block Real Estate Services, LLC",69fdf7b562446148bd85c48b,69fded1462446148bd848d84,"Emerson / Experitec, Inc.",69fdf21802bb2c42a87aa766,"tic921 - Millennium Business Park {Millennium Lenexa, LLC}",evidenceOfInsurance,Evidence of Insurance,6ac20aae-5728-5d57-b364-aeba38527dba,Additional Requirements,e1017741-e47e-5f58-97b8-fbc3043e919f,Umbrella follows form over General Liability,"---prompt---
Determine if the Umbrella/Excess Liability policy follows form to the underlying policies. Evidence may include: language in the Description of Operations section stating the umbrella follows form to underlying coverages or an additional page endorsement stating that it follows form. Follow form means the umbrella policy adopts the same terms, conditions, and exclusions as the underlying policies.",matchOnce,must be present,,,non_compliant,Block Requirements,,,true,0,,2026-08-16
"Block Real Estate Services, LLC",69fdf7b562446148bd85c48b,69fded1462446148bd848d84,"Emerson / Experitec, Inc.",69fdf21802bb2c42a87aa766,"tic921 - Millennium Business Park {Millennium Lenexa, LLC}",evidenceOfInsurance,Evidence of Insurance,6ac20aae-5728-5d57-b364-aeba38527dba,Additional Requirements,2cdd866f-c9a4-576a-afd8-1d045762790c,"The location must be listed as: 11321, 11323, 11325, 11327 Strang Line Road Lenexa KS 66215",,matchOnce,must be present,,,non_compliant,Block Requirements,,,true,0,,2026-08-16
"Block Real Estate Services, LLC",69fdf7b562446148bd85c48b,69fded1462446148bd848d84,"Emerson / Experitec, Inc.",69fdf21802bb2c42a87aa766,"tic921 - Millennium Business Park {Millennium Lenexa, LLC}",evidenceOfInsurance,Evidence of Insurance,6ac20aae-5728-5d57-b364-aeba38527dba,Additional Requirements,3649e9d1-4e09-59bf-8f30-cb33c40cf117,"Certificate Holder must read: c/o Block Real Estate Services, LLC, 4622 Pennsylvania St., Suite 700, Kansas City, MO, 64112",,matchOnce,must be present,,,non_compliant,Block Requirements,,,true,0,,2026-08-16
"Block Real Estate Services, LLC",69fdf7b562446148bd85c48d,69fded1c62446148bd84900c,"Nexus Medical, LLC",69fdf21802bb2c42a87aa766,"tic921 - Millennium Business Park {Millennium Lenexa, LLC}",evidenceOfInsurance,Evidence of Insurance,commercialGeneralLiability,Commercial General Liability,evidenceOfInsuranceCommercialGeneralLiabilityCoverageTriggerOccurrence,Coverage Trigger: Occurrence,,matchOnce,must be present,,,non_compliant,Block Requirements,,,false,0,,2026-08-16
"Block Real Estate Services, LLC",69fdf7b562446148bd85c48d,69fded1c62446148bd84900c,"Nexus Medical, LLC",69fdf21802bb2c42a87aa766,"tic921 - Millennium Business Park {Millennium Lenexa, LLC}",evidenceOfInsurance,Evidence of Insurance,commercialGeneralLiability,Commercial General Liability,evidenceOfInsuranceCommercialGeneralLiabilityGeneralAggregateLimitAppliesPerLocation,General Aggregate Limit Applies per: Location,,matchOnce,must be present,,,non_compliant,Block Requirements,,,false,0,,2026-08-16
"Block Real Estate Services, LLC",69fdf7b562446148bd85c48d,69fded1c62446148bd84900c,"Nexus Medical, LLC",69fdf21802bb2c42a87aa766,"tic921 - Millennium Business Park {Millennium Lenexa, LLC}",evidenceOfInsurance,Evidence of Insurance,commercialGeneralLiability,Commercial General Liability,evidenceOfInsuranceCommercialGeneralLiabilityEachOccurrence,Each Occurrence,,matchOnce,must be greater or equal to,1000000,,non_compliant,Block Requirements,,,false,0,,2026-08-16
"Block Real Estate Services, LLC",69fdf7b562446148bd85c48d,69fded1c62446148bd84900c,"Nexus Medical, LLC",69fdf21802bb2c42a87aa766,"tic921 - Millennium Business Park {Millennium Lenexa, LLC}",evidenceOfInsurance,Evidence of Insurance,commercialGeneralLiability,Commercial General Liability,evidenceOfInsuranceCommercialGeneralLiabilityGeneralAggregate,General Aggregate,,matchOnce,must be greater or equal to,2000000,,non_compliant,Block Requirements,,,false,0,,2026-08-16
"Block Real Estate Services, LLC",69fdf7b562446148bd85c48d,69fded1c62446148bd84900c,"Nexus Medical, LLC",69fdf21802bb2c42a87aa766,"tic921 - Millennium Business Park {Millennium Lenexa, LLC}",evidenceOfInsurance,Evidence of Insurance,commercialGeneralLiability,Commercial General Liability,evidenceOfInsuranceCommercialGeneralLiabilityWaiverOfSubrogationEndorsement,Waiver of Subrogation,"---prompt---
Determine if the insurer has waived their right of subrogation in favor of the certificate holder under the Commercial General Liability policy. Evidence may include: a checked ""Waiver of Subrogation"" box on the certificate, mention in the Description of Operations section stating ""waiver of subrogation applies"", or reference to form CG 24 04. Look for language like ""subrogation is waived"" or ""per written contract"".",matchOnce,must be present,,,non_compliant,Block Requirements,,,false,0,,2026-08-16
"Block Real Estate Services, LLC",69fdf7b562446148bd85c48d,69fded1c62446148bd84900c,"Nexus Medical, LLC",69fdf21802bb2c42a87aa766,"tic921 - Millennium Business Park {Millennium Lenexa, LLC}",evidenceOfInsurance,Evidence of Insurance,excessOrUmbrellaLiability,Umbrella/Excess Liability,evidenceOfInsuranceExcessOrUmbrellaLiabilityOccurence,Coverage Trigger: Occurrence,,matchOnce,must be present,,,non_compliant,Block Requirements,,,false,0,,2026-08-16
"Block Real Estate Services, LLC",69fdf7b562446148bd85c48d,69fded1c62446148bd84900c,"Nexus Medical, LLC",69fdf21802bb2c42a87aa766,"tic921 - Millennium Business Park {Millennium Lenexa, LLC}",evidenceOfInsurance,Evidence of Insurance,excessOrUmbrellaLiability,Umbrella/Excess Liability,evidenceOfInsuranceExcessOrUmbrellaLiabilityEachOccurrence,Each Occurrence,,matchOnce,must be greater or equal to,1000000,,non_compliant,Block Requirements,,,false,0,,2026-08-16
"Block Real Estate Services, LLC",69fdf7b562446148bd85c48d,69fded1c62446148bd84900c,"Nexus Medical, LLC",69fdf21802bb2c42a87aa766,"tic921 - Millennium Business Park {Millennium Lenexa, LLC}",evidenceOfInsurance,Evidence of Insurance,excessOrUmbrellaLiability,Umbrella/Excess Liability,evidenceOfInsuranceExcessOrUmbrellaLiabilityAggregate,Aggregate,,matchOnce,must be greater or equal to,1000000,,non_compliant,Block Requirements,,,false,0,,2026-08-16
"Block Real Estate Services, LLC",69fdf7b562446148bd85c48d,69fded1c62446148bd84900c,"Nexus Medical, LLC",69fdf21802bb2c42a87aa766,"tic921 - Millennium Business Park {Millennium Lenexa, LLC}",evidenceOfInsurance,Evidence of Insurance,workersCompensation,Workers' Compensation and Employer's Liability,evidenceOfInsuranceWorkersCompensationStatutoryLimits,Statutory Limits,,matchOnce,must be present,,,non_compliant,Block Requirements,,,false,0,,2026-08-16
"Block Real Estate Services, LLC",69fdf7b562446148bd85c48d,69fded1c62446148bd84900c,"Nexus Medical, LLC",69fdf21802bb2c42a87aa766,"tic921 - Millennium Business Park {Millennium Lenexa, LLC}",evidenceOfInsurance,Evidence of Insurance,workersCompensation,Workers' Compensation and Employer's Liability,evidenceOfInsuranceWorkersCompensationEmployersLiabilityEachAccident,Employer's Liability Each Accident,,matchOnce,must be greater or equal to,500000,,non_compliant,Block Requirements,,,false,0,,2026-08-16
"Block Real Estate Services, LLC",69fdf7b562446148bd85c48d,69fded1c62446148bd84900c,"Nexus Medical, LLC",69fdf21802bb2c42a87aa766,"tic921 - Millennium Business Park {Millennium Lenexa, LLC}",evidenceOfInsurance,Evidence of Insurance,workersCompensation,Workers' Compensation and Employer's Liability,evidenceOfInsuranceWorkersCompensationEmployersLiabilityDiseaseEachEmployee,Employer's Liability Disease - each employee,,matchOnce,must be greater or equal to,500000,,non_compliant,Block Requirements,,,false,0,,2026-08-16
"Block Real Estate Services, LLC",69fdf7b562446148bd85c48d,69fded1c62446148bd84900c,"Nexus Medical, LLC",69fdf21802bb2c42a87aa766,"tic921 - Millennium Business Park {Millennium Lenexa, LLC}",evidenceOfInsurance,Evidence of Insurance,workersCompensation,Workers' Compensation and Employer's Liability,evidenceOfInsuranceWorkersCompensationEmployersLiabilityDiseasePolicyLimit,Employer's Liability Disease - policy limit,,matchOnce,must be greater or equal to,500000,,non_compliant,Block Requirements,,,false,0,,2026-08-16
"Block Real Estate Services, LLC",69fdf7b562446148bd85c48d,69fded1c62446148bd84900c,"Nexus Medical, LLC",69fdf21802bb2c42a87aa766,"tic921 - Millennium Business Park {Millennium Lenexa, LLC}",evidenceOfInsurance,Evidence of Insurance,workersCompensation,Workers' Compensation and Employer's Liability,evidenceOfInsuranceWorkersCompensationWaiverOfSubrogationEndorsement,Waiver of Subrogation,"---prompt---
Determine if the insurer has waived their right of subrogation in favor of the certificate holder under the Workers' Compensation policy. Evidence may include: a checked ""Waiver of Subrogation"" box on the certificate, mention in the Description of Operations section stating ""waiver of subrogation applies"", or reference to form WC 00 03 13. Look for language like ""subrogation is waived"" or ""per written contract"".",matchOnce,must be present,,,non_compliant,Block Requirements,,,false,0,,2026-08-16
"Block Real Estate Services, LLC",69fdf7b562446148bd85c48d,69fded1c62446148bd84900c,"Nexus Medical, LLC",69fdf21802bb2c42a87aa766,"tic921 - Millennium Business Park {Millennium Lenexa, LLC}",evidenceOfInsurance,Evidence of Insurance,6ac20aae-5728-5d57-b364-aeba38527dba,Additional Requirements,4da5b0f1-4c9d-5885-8cf8-5d3cccaed3e0,"Block Real Estate Services, LLC and all others required by contract are named as Additional Insureds","---prompt---
Determine if the Description of Operations or the Additional Remarks Schedule section states the ""Additional Insured as Construction Management, Inc. and all others required by contract"" or reference to blanket additional insured coverage. Look for language like ""certificate holder is additional insured"" or ""per written contract"".",matchOnce,must be present,,,non_compliant,Block Requirements,,,true,0,,2026-08-16
"Block Real Estate Services, LLC",69fdf7b562446148bd85c48d,69fded1c62446148bd84900c,"Nexus Medical, LLC",69fdf21802bb2c42a87aa766,"tic921 - Millennium Business Park {Millennium Lenexa, LLC}",evidenceOfInsurance,Evidence of Insurance,6ac20aae-5728-5d57-b364-aeba38527dba,Additional Requirements,e1017741-e47e-5f58-97b8-fbc3043e919f,Umbrella follows form over General Liability,"---prompt---
Determine if the Umbrella/Excess Liability policy follows form to the underlying policies. Evidence may include: language in the Description of Operations section stating the umbrella follows form to underlying coverages or an additional page endorsement stating that it follows form. Follow form means the umbrella policy adopts the same terms, conditions, and exclusions as the underlying policies.",matchOnce,must be present,,,non_compliant,Block Requirements,,,true,0,,2026-08-16
"Block Real Estate Services, LLC",69fdf7b562446148bd85c48d,69fded1c62446148bd84900c,"Nexus Medical, LLC",69fdf21802bb2c42a87aa766,"tic921 - Millennium Business Park {Millennium Lenexa, LLC}",evidenceOfInsurance,Evidence of Insurance,6ac20aae-5728-5d57-b364-aeba38527dba,Additional Requirements,2cdd866f-c9a4-576a-afd8-1d045762790c,"The location must be listed as: 11309, 11313, 11315, 11317 Strang Line Road Lenexa KS 66215",,matchOnce,must be present,,,non_compliant,Block Requirements,,,true,0,,2026-08-16
"Block Real Estate Services, LLC",69fdf7b562446148bd85c48d,69fded1c62446148bd84900c,"Nexus Medical, LLC",69fdf21802bb2c42a87aa766,"tic921 - Millennium Business Park {Millennium Lenexa, LLC}",evidenceOfInsurance,Evidence of Insurance,6ac20aae-5728-5d57-b364-aeba38527dba,Additional Requirements,3649e9d1-4e09-59bf-8f30-cb33c40cf117,"Certificate Holder must read: c/o Block Real Estate Services, LLC, 4622 Pennsylvania St., Suite 700, Kansas City, MO, 64112",,matchOnce,must be present,,,non_compliant,Block Requirements,,,true,0,,2026-08-16
"Block Real Estate Services, LLC",69fdf78062446148bd8587d1,69fded1362446148bd848d57,"NTR Metals / Elemental Direct USA, LLC",69fdf090fa0b60fcd50da1ff,"kci894 - Riverside Industrial Center 4 {Riverside Industrial Center Investment, LLC}",evidenceOfInsurance,Evidence of Insurance,commercialGeneralLiability,Commercial General Liability,evidenceOfInsuranceCommercialGeneralLiabilityCoverageTriggerOccurrence,Coverage Trigger: Occurrence,,matchOnce,must be present,,Present,compliant,Block Requirements,,,false,1,,2026-08-16
"Block Real Estate Services, LLC",69fdf78062446148bd8587d1,69fded1362446148bd848d57,"NTR Metals / Elemental Direct USA, LLC",69fdf090fa0b60fcd50da1ff,"kci894 - Riverside Industrial Center 4 {Riverside Industrial Center Investment, LLC}",evidenceOfInsurance,Evidence of Insurance,commercialGeneralLiability,Commercial General Liability,evidenceOfInsuranceCommercialGeneralLiabilityGeneralAggregateLimitAppliesPerLocation,General Aggregate Limit Applies per: Location,,matchOnce,must be present,,Present,compliant,Block Requirements,,,false,1,,2026-08-16
"Block Real Estate Services, LLC",69fdf78062446148bd8587d1,69fded1362446148bd848d57,"NTR Metals / Elemental Direct USA, LLC",69fdf090fa0b60fcd50da1ff,"kci894 - Riverside Industrial Center 4 {Riverside Industrial Center Investment, LLC}",evidenceOfInsurance,Evidence of Insurance,commercialGeneralLiability,Commercial General Liability,evidenceOfInsuranceCommercialGeneralLiabilityEachOccurrence,Each Occurrence,,matchOnce,must be greater or equal to,1000000,1000000,compliant,Block Requirements,,,false,1,,2026-08-16
"Block Real Estate Services, LLC",69fdf78062446148bd8587d1,69fded1362446148bd848d57,"NTR Metals / Elemental Direct USA, LLC",69fdf090fa0b60fcd50da1ff,"kci894 - Riverside Industrial Center 4 {Riverside Industrial Center Investment, LLC}",evidenceOfInsurance,Evidence of Insurance,commercialGeneralLiability,Commercial General Liability,evidenceOfInsuranceCommercialGeneralLiabilityGeneralAggregate,General Aggregate,,matchOnce,must be greater or equal to,2000000,2000000,compliant,Block Requirements,,,false,1,,2026-08-16
"Block Real Estate Services, LLC",69fdf78062446148bd8587d1,69fded1362446148bd848d57,"NTR Metals / Elemental Direct USA, LLC",69fdf090fa0b60fcd50da1ff,"kci894 - Riverside Industrial Center 4 {Riverside Industrial Center Investment, LLC}",evidenceOfInsurance,Evidence of Insurance,commercialGeneralLiability,Commercial General Liability,evidenceOfInsuranceCommercialGeneralLiabilityWaiverOfSubrogationEndorsement,Waiver of Subrogation,"---prompt---
Determine if the insurer has waived their right of subrogation in favor of the certificate holder under the Commercial General Liability policy. Evidence may include: a checked ""Waiver of Subrogation"" box on the certificate, mention in the Description of Operations section stating ""waiver of subrogation applies"", or reference to form CG 24 04. Look for language like ""subrogation is waived"" or ""per written contract"".",matchOnce,must be present,,Present,compliant,Block Requirements,,,false,1,,2026-08-16
"Block Real Estate Services, LLC",69fdf78062446148bd8587d1,69fded1362446148bd848d57,"NTR Metals / Elemental Direct USA, LLC",69fdf090fa0b60fcd50da1ff,"kci894 - Riverside Industrial Center 4 {Riverside Industrial Center Investment, LLC}",evidenceOfInsurance,Evidence of Insurance,excessOrUmbrellaLiability,Umbrella/Excess Liability,evidenceOfInsuranceExcessOrUmbrellaLiabilityOccurence,Coverage Trigger: Occurrence,,matchOnce,must be present,,Present,compliant,Block Requirements,,,false,1,,2026-08-16
"Block Real Estate Services, LLC",69fdf78062446148bd8587d1,69fded1362446148bd848d57,"NTR Metals / Elemental Direct USA, LLC",69fdf090fa0b60fcd50da1ff,"kci894 - Riverside Industrial Center 4 {Riverside Industrial Center Investment, LLC}",evidenceOfInsurance,Evidence of Insurance,excessOrUmbrellaLiability,Umbrella/Excess Liability,evidenceOfInsuranceExcessOrUmbrellaLiabilityEachOccurrence,Each Occurrence,,matchOnce,must be greater or equal to,1000000,4000000,compliant,Block Requirements,,,false,1,,2026-08-16
"Block Real Estate Services, LLC",69fdf78062446148bd8587d1,69fded1362446148bd848d57,"NTR Metals / Elemental Direct USA, LLC",69fdf090fa0b60fcd50da1ff,"kci894 - Riverside Industrial Center 4 {Riverside Industrial Center Investment, LLC}",evidenceOfInsurance,Evidence of Insurance,excessOrUmbrellaLiability,Umbrella/Excess Liability,evidenceOfInsuranceExcessOrUmbrellaLiabilityAggregate,Aggregate,,matchOnce,must be greater or equal to,1000000,4000000,compliant,Block Requirements,,,false,1,,2026-08-16
"Block Real Estate Services, LLC",69fdf78062446148bd8587d1,69fded1362446148bd848d57,"NTR Metals / Elemental Direct USA, LLC",69fdf090fa0b60fcd50da1ff,"kci894 - Riverside Industrial Center 4 {Riverside Industrial Center Investment, LLC}",evidenceOfInsurance,Evidence of Insurance,workersCompensation,Workers' Compensation and Employer's Liability,evidenceOfInsuranceWorkersCompensationStatutoryLimits,Statutory Limits,,matchOnce,must be present,,Present,compliant,Block Requirements,,,false,1,,2026-08-16
"Block Real Estate Services, LLC",69fdf78062446148bd8587d1,69fded1362446148bd848d57,"NTR Metals / Elemental Direct USA, LLC",69fdf090fa0b60fcd50da1ff,"kci894 - Riverside Industrial Center 4 {Riverside Industrial Center Investment, LLC}",evidenceOfInsurance,Evidence of Insurance,workersCompensation,Workers' Compensation and Employer's Liability,evidenceOfInsuranceWorkersCompensationEmployersLiabilityEachAccident,Employer's Liability Each Accident,,matchOnce,must be greater or equal to,500000,1000000,compliant,Block Requirements,,,false,1,,2026-08-16
"Block Real Estate Services, LLC",69fdf78062446148bd8587d1,69fded1362446148bd848d57,"NTR Metals / Elemental Direct USA, LLC",69fdf090fa0b60fcd50da1ff,"kci894 - Riverside Industrial Center 4 {Riverside Industrial Center Investment, LLC}",evidenceOfInsurance,Evidence of Insurance,workersCompensation,Workers' Compensation and Employer's Liability,evidenceOfInsuranceWorkersCompensationEmployersLiabilityDiseaseEachEmployee,Employer's Liability Disease - each employee,,matchOnce,must be greater or equal to,500000,1000000,compliant,Block Requirements,,,false,1,,2026-08-16
"Block Real Estate Services, LLC",69fdf78062446148bd8587d1,69fded1362446148bd848d57,"NTR Metals / Elemental Direct USA, LLC",69fdf090fa0b60fcd50da1ff,"kci894 - Riverside Industrial Center 4 {Riverside Industrial Center Investment, LLC}",evidenceOfInsurance,Evidence of Insurance,workersCompensation,Workers' Compensation and Employer's Liability,evidenceOfInsuranceWorkersCompensationEmployersLiabilityDiseasePolicyLimit,Employer's Liability Disease - policy limit,,matchOnce,must be greater or equal to,500000,1000000,compliant,Block Requirements,,,false,1,,2026-08-16
"Block Real Estate Services, LLC",69fdf78062446148bd8587d1,69fded1362446148bd848d57,"NTR Metals / Elemental Direct USA, LLC",69fdf090fa0b60fcd50da1ff,"kci894 - Riverside Industrial Center 4 {Riverside Industrial Center Investment, LLC}",evidenceOfInsurance,Evidence of Insurance,workersCompensation,Workers' Compensation and Employer's Liability,evidenceOfInsuranceWorkersCompensationWaiverOfSubrogationEndorsement,Waiver of Subrogation,"---prompt---
Determine if the insurer has waived their right of subrogation in favor of the certificate holder under the Workers' Compensation policy. Evidence may include: a checked ""Waiver of Subrogation"" box on the certificate, mention in the Description of Operations section stating ""waiver of subrogation applies"", or reference to form WC 00 03 13. Look for language like ""subrogation is waived"" or ""per written contract"".",matchOnce,must be present,,Present,compliant,Block Requirements,,,false,1,,2026-08-16
"Block Real Estate Services, LLC",69fdf78062446148bd8587d1,69fded1362446148bd848d57,"NTR Metals / Elemental Direct USA, LLC",69fdf090fa0b60fcd50da1ff,"kci894 - Riverside Industrial Center 4 {Riverside Industrial Center Investment, LLC}",evidenceOfInsurance,Evidence of Insurance,6ac20aae-5728-5d57-b364-aeba38527dba,Additional Requirements,4da5b0f1-4c9d-5885-8cf8-5d3cccaed3e0,"Block Real Estate Services, LLC and all others required by contract are named as Additional Insureds","---prompt---
Determine if the Description of Operations or the Additional Remarks Schedule section states the ""Additional Insured as Construction Management, Inc. and all others required by contract"" or reference to blanket additional insured coverage. Look for language like ""certificate holder is additional insured"" or ""per written contract"".",matchOnce,must be present,,Present,compliant,Block Requirements,,,true,1,,2026-08-16
"Block Real Estate Services, LLC",69fdf78062446148bd8587d1,69fded1362446148bd848d57,"NTR Metals / Elemental Direct USA, LLC",69fdf090fa0b60fcd50da1ff,"kci894 - Riverside Industrial Center 4 {Riverside Industrial Center Investment, LLC}",evidenceOfInsurance,Evidence of Insurance,6ac20aae-5728-5d57-b364-aeba38527dba,Additional Requirements,e1017741-e47e-5f58-97b8-fbc3043e919f,Umbrella follows form over General Liability,"---prompt---
Determine if the Umbrella/Excess Liability policy follows form to the underlying policies. Evidence may include: language in the Description of Operations section stating the umbrella follows form to underlying coverages or an additional page endorsement stating that it follows form. Follow form means the umbrella policy adopts the same terms, conditions, and exclusions as the underlying policies.",matchOnce,must be present,,Present,compliant,Block Requirements,,,true,1,,2026-08-16
"Block Real Estate Services, LLC",69fdf78062446148bd8587d1,69fded1362446148bd848d57,"NTR Metals / Elemental Direct USA, LLC",69fdf090fa0b60fcd50da1ff,"kci894 - Riverside Industrial Center 4 {Riverside Industrial Center Investment, LLC}",evidenceOfInsurance,Evidence of Insurance,6ac20aae-5728-5d57-b364-aeba38527dba,Additional Requirements,2cdd866f-c9a4-576a-afd8-1d045762790c,The location must be listed as: 617 NW Business Park Lane Riverside MO 64150,,matchOnce,must be present,,,non_compliant,Block Requirements,,,true,0,,2026-08-16
"Block Real Estate Services, LLC",69fdf78062446148bd8587d1,69fded1362446148bd848d57,"NTR Metals / Elemental Direct USA, LLC",69fdf090fa0b60fcd50da1ff,"kci894 - Riverside Industrial Center 4 {Riverside Industrial Center Investment, LLC}",evidenceOfInsurance,Evidence of Insurance,6ac20aae-5728-5d57-b364-aeba38527dba,Additional Requirements,3649e9d1-4e09-59bf-8f30-cb33c40cf117,"Certificate Holder must read: c/o Block Real Estate Services, LLC, 4622 Pennsylvania St., Suite 700, Kansas City, MO, 64112",,matchOnce,must be present,,Present,compliant,Block Requirements,,,true,1,,2026-08-16
"Block Real Estate Services, LLC",69fdf78062446148bd8587d2,69fded1d62446148bd84906c,Pennsylvania Tool Sales and Service Inc,69fdf090fa0b60fcd50da1ff,"kci894 - Riverside Industrial Center 4 {Riverside Industrial Center Investment, LLC}",evidenceOfInsurance,Evidence of Insurance,commercialGeneralLiability,Commercial General Liability,evidenceOfInsuranceCommercialGeneralLiabilityCoverageTriggerOccurrence,Coverage Trigger: Occurrence,,matchOnce,must be present,,Present,compliant,Block Requirements,,,false,1,,2026-08-16
"Block Real Estate Services, LLC",69fdf78062446148bd8587d2,69fded1d62446148bd84906c,Pennsylvania Tool Sales and Service Inc,69fdf090fa0b60fcd50da1ff,"kci894 - Riverside Industrial Center 4 {Riverside Industrial Center Investment, LLC}",evidenceOfInsurance,Evidence of Insurance,commercialGeneralLiability,Commercial General Liability,evidenceOfInsuranceCommercialGeneralLiabilityGeneralAggregateLimitAppliesPerLocation,General Aggregate Limit Applies per: Location,,matchOnce,must be present,,Present,compliant,Block Requirements,,,false,1,,2026-08-16
"Block Real Estate Services, LLC",69fdf78062446148bd8587d2,69fded1d62446148bd84906c,Pennsylvania Tool Sales and Service Inc,69fdf090fa0b60fcd50da1ff,"kci894 - Riverside Industrial Center 4 {Riverside Industrial Center Investment, LLC}",evidenceOfInsurance,Evidence of Insurance,commercialGeneralLiability,Commercial General Liability,evidenceOfInsuranceCommercialGeneralLiabilityEachOccurrence,Each Occurrence,,matchOnce,must be greater or equal to,1000000,1000000,compliant,Block Requirements,,,false,1,,2026-08-16
"Block Real Estate Services, LLC",69fdf78062446148bd8587d2,69fded1d62446148bd84906c,Pennsylvania Tool Sales and Service Inc,69fdf090fa0b60fcd50da1ff,"kci894 - Riverside Industrial Center 4 {Riverside Industrial Center Investment, LLC}",evidenceOfInsurance,Evidence of Insurance,commercialGeneralLiability,Commercial General Liability,evidenceOfInsuranceCommercialGeneralLiabilityGeneralAggregate,General Aggregate,,matchOnce,must be greater or equal to,2000000,2000000,compliant,Block Requirements,,,false,1,,2026-08-16
"Block Real Estate Services, LLC",69fdf78062446148bd8587d2,69fded1d62446148bd84906c,Pennsylvania Tool Sales and Service Inc,69fdf090fa0b60fcd50da1ff,"kci894 - Riverside Industrial Center 4 {Riverside Industrial Center Investment, LLC}",evidenceOfInsurance,Evidence of Insurance,commercialGeneralLiability,Commercial General Liability,evidenceOfInsuranceCommercialGeneralLiabilityWaiverOfSubrogationEndorsement,Waiver of Subrogation,"---prompt---
Determine if the insurer has waived their right of subrogation in favor of the certificate holder under the Commercial General Liability policy. Evidence may include: a checked ""Waiver of Subrogation"" box on the certificate, mention in the Description of Operations section stating ""waiver of subrogation applies"", or reference to form CG 24 04. Look for language like ""subrogation is waived"" or ""per written contract"".",matchOnce,must be present,,Present,compliant,Block Requirements,,,false,1,,2026-08-16
"Block Real Estate Services, LLC",69fdf78062446148bd8587d2,69fded1d62446148bd84906c,Pennsylvania Tool Sales and Service Inc,69fdf090fa0b60fcd50da1ff,"kci894 - Riverside Industrial Center 4 {Riverside Industrial Center Investment, LLC}",evidenceOfInsurance,Evidence of Insurance,excessOrUmbrellaLiability,Umbrella/Excess Liability,evidenceOfInsuranceExcessOrUmbrellaLiabilityOccurence,Coverage Trigger: Occurrence,,matchOnce,must be present,,Present,compliant,Block Requirements,,,false,1,,2026-08-16
"Block Real Estate Services, LLC",69fdf78062446148bd8587d2,69fded1d62446148bd84906c,Pennsylvania Tool Sales and Service Inc,69fdf090fa0b60fcd50da1ff,"kci894 - Riverside Industrial Center 4 {Riverside Industrial Center Investment, LLC}",evidenceOfInsurance,Evidence of Insurance,excessOrUmbrellaLiability,Umbrella/Excess Liability,evidenceOfInsuranceExcessOrUmbrellaLiabilityEachOccurrence,Each Occurrence,,matchOnce,must be greater or equal to,1000000,5000000,compliant,Block Requirements,,,false,1,,2026-08-16
"Block Real Estate Services, LLC",69fdf78062446148bd8587d2,69fded1d62446148bd84906c,Pennsylvania Tool Sales and Service Inc,69fdf090fa0b60fcd50da1ff,"kci894 - Riverside Industrial Center 4 {Riverside Industrial Center Investment, LLC}",evidenceOfInsurance,Evidence of Insurance,excessOrUmbrellaLiability,Umbrella/Excess Liability,evidenceOfInsuranceExcessOrUmbrellaLiabilityAggregate,Aggregate,,matchOnce,must be greater or equal to,1000000,5000000,compliant,Block Requirements,,,false,1,,2026-08-16
"Block Real Estate Services, LLC",69fdf78062446148bd8587d2,69fded1d62446148bd84906c,Pennsylvania Tool Sales and Service Inc,69fdf090fa0b60fcd50da1ff,"kci894 - Riverside Industrial Center 4 {Riverside Industrial Center Investment, LLC}",evidenceOfInsurance,Evidence of Insurance,workersCompensation,Workers' Compensation and Employer's Liability,evidenceOfInsuranceWorkersCompensationStatutoryLimits,Statutory Limits,,matchOnce,must be present,,Present,compliant,Block Requirements,,,false,1,,2026-08-16
"Block Real Estate Services, LLC",69fdf78062446148bd8587d2,69fded1d62446148bd84906c,Pennsylvania Tool Sales and Service Inc,69fdf090fa0b60fcd50da1ff,"kci894 - Riverside Industrial Center 4 {Riverside Industrial Center Investment, LLC}",evidenceOfInsurance,Evidence of Insurance,workersCompensation,Workers' Compensation and Employer's Liability,evidenceOfInsuranceWorkersCompensationEmployersLiabilityEachAccident,Employer's Liability Each Accident,,matchOnce,must be greater or equal to,500000,1000000,compliant,Block Requirements,,,false,1,,2026-08-16
"Block Real Estate Services, LLC",69fdf78062446148bd8587d2,69fded1d62446148bd84906c,Pennsylvania Tool Sales and Service Inc,69fdf090fa0b60fcd50da1ff,"kci894 - Riverside Industrial Center 4 {Riverside Industrial Center Investment, LLC}",evidenceOfInsurance,Evidence of Insurance,workersCompensation,Workers' Compensation and Employer's Liability,evidenceOfInsuranceWorkersCompensationEmployersLiabilityDiseaseEachEmployee,Employer's Liability Disease - each employee,,matchOnce,must be greater or equal to,500000,1000000,compliant,Block Requirements,,,false,1,,2026-08-16
"Block Real Estate Services, LLC",69fdf78062446148bd8587d2,69fded1d62446148bd84906c,Pennsylvania Tool Sales and Service Inc,69fdf090fa0b60fcd50da1ff,"kci894 - Riverside Industrial Center 4 {Riverside Industrial Center Investment, LLC}",evidenceOfInsurance,Evidence of Insurance,workersCompensation,Workers' Compensation and Employer's Liability,evidenceOfInsuranceWorkersCompensationEmployersLiabilityDiseasePolicyLimit,Employer's Liability Disease - policy limit,,matchOnce,must be greater or equal to,500000,100000069,compliant,Block Requirements,,,false,1,,2026-08-16
"Block Real Estate Services, LLC",69fdf78062446148bd8587d2,69fded1d62446148bd84906c,Pennsylvania Tool Sales and Service Inc,69fdf090fa0b60fcd50da1ff,"kci894 - Riverside Industrial Center 4 {Riverside Industrial Center Investment, LLC}",evidenceOfInsurance,Evidence of Insurance,workersCompensation,Workers' Compensation and Employer's Liability,evidenceOfInsuranceWorkersCompensationWaiverOfSubrogationEndorsement,Waiver of Subrogation,"---prompt---
Determine if the insurer has waived their right of subrogation in favor of the certificate holder under the Workers' Compensation policy. Evidence may include: a checked ""Waiver of Subrogation"" box on the certificate, mention in the Description of Operations section stating ""waiver of subrogation applies"", or reference to form WC 00 03 13. Look for language like ""subrogation is waived"" or ""per written contract"".",matchOnce,must be present,,Present,compliant,Block Requirements,,,false,1,,2026-08-16
"Block Real Estate Services, LLC",69fdf78062446148bd8587d2,69fded1d62446148bd84906c,Pennsylvania Tool Sales and Service Inc,69fdf090fa0b60fcd50da1ff,"kci894 - Riverside Industrial Center 4 {Riverside Industrial Center Investment, LLC}",evidenceOfInsurance,Evidence of Insurance,6ac20aae-5728-5d57-b364-aeba38527dba,Additional Requirements,4da5b0f1-4c9d-5885-8cf8-5d3cccaed3e0,"Block Real Estate Services, LLC and all others required by contract are named as Additional Insureds","---prompt---
Determine if the Description of Operations or the Additional Remarks Schedule section states the ""Additional Insured as Construction Management, Inc. and all others required by contract"" or reference to blanket additional insured coverage. Look for language like ""certificate holder is additional insured"" or ""per written contract"".",matchOnce,must be present,,Present,compliant,Block Requirements,,,true,1,,2026-08-16
"Block Real Estate Services, LLC",69fdf78062446148bd8587d2,69fded1d62446148bd84906c,Pennsylvania Tool Sales and Service Inc,69fdf090fa0b60fcd50da1ff,"kci894 - Riverside Industrial Center 4 {Riverside Industrial Center Investment, LLC}",evidenceOfInsurance,Evidence of Insurance,6ac20aae-5728-5d57-b364-aeba38527dba,Additional Requirements,e1017741-e47e-5f58-97b8-fbc3043e919f,Umbrella follows form over General Liability,"---prompt---
Determine if the Umbrella/Excess Liability policy follows form to the underlying policies. Evidence may include: language in the Description of Operations section stating the umbrella follows form to underlying coverages or an additional page endorsement stating that it follows form. Follow form means the umbrella policy adopts the same terms, conditions, and exclusions as the underlying policies.",matchOnce,must be present,,Present,compliant,Block Requirements,,,true,1,,2026-08-16
"Block Real Estate Services, LLC",69fdf78062446148bd8587d2,69fded1d62446148bd84906c,Pennsylvania Tool Sales and Service Inc,69fdf090fa0b60fcd50da1ff,"kci894 - Riverside Industrial Center 4 {Riverside Industrial Center Investment, LLC}",evidenceOfInsurance,Evidence of Insurance,6ac20aae-5728-5d57-b364-aeba38527dba,Additional Requirements,2cdd866f-c9a4-576a-afd8-1d045762790c,"The location must be listed as: 601, 613, 619 NW Business Park Lane Riverside MO 64150",,matchOnce,must be present,,Present,compliant,Block Requirements,,,true,1,,2026-08-16
"Block Real Estate Services, LLC",69fdf78062446148bd8587d2,69fded1d62446148bd84906c,Pennsylvania Tool Sales and Service Inc,69fdf090fa0b60fcd50da1ff,"kci894 - Riverside Industrial Center 4 {Riverside Industrial Center Investment, LLC}",evidenceOfInsurance,Evidence of Insurance,6ac20aae-5728-5d57-b364-aeba38527dba,Additional Requirements,3649e9d1-4e09-59bf-8f30-cb33c40cf117,"Certificate Holder must read: c/o Block Real Estate Services, LLC, 4622 Pennsylvania St., Suite 700, Kansas City, MO, 64112",,matchOnce,must be present,,Present,compliant,Block Requirements,,,true,1,,2026-08-16
"Block Real Estate Services, LLC",69fdf7b562446148bd85c44e,69fded1362446148bd848d60,Emerson Ecologics LLC,69fdf1e83b208288e0a85c52,"tic777 - Lenexa Logistics Centre East Building 3 {Lenexa Logistics East 3, LLC}",evidenceOfInsurance,Evidence of Insurance,commercialGeneralLiability,Commercial General Liability,evidenceOfInsuranceCommercialGeneralLiabilityCoverageTriggerOccurrence,Coverage Trigger: Occurrence,,matchOnce,must be present,,Present,compliant,Block Requirements,,,false,1,,2026-08-16
"Block Real Estate Services, LLC",69fdf7b562446148bd85c44e,69fded1362446148bd848d60,Emerson Ecologics LLC,69fdf1e83b208288e0a85c52,"tic777 - Lenexa Logistics Centre East Building 3 {Lenexa Logistics East 3, LLC}",evidenceOfInsurance,Evidence of Insurance,commercialGeneralLiability,Commercial General Liability,evidenceOfInsuranceCommercialGeneralLiabilityGeneralAggregateLimitAppliesPerLocation,General Aggregate Limit Applies per: Location,,matchOnce,must be present,,Present,compliant,Block Requirements,,,false,1,,2026-08-16
"Block Real Estate Services, LLC",69fdf7b562446148bd85c44e,69fded1362446148bd848d60,Emerson Ecologics LLC,69fdf1e83b208288e0a85c52,"tic777 - Lenexa Logistics Centre East Building 3 {Lenexa Logistics East 3, LLC}",evidenceOfInsurance,Evidence of Insurance,commercialGeneralLiability,Commercial General Liability,evidenceOfInsuranceCommercialGeneralLiabilityEachOccurrence,Each Occurrence,,matchOnce,must be greater or equal to,1000000,1000000,compliant,Block Requirements,,,false,1,,2026-08-16
"Block Real Estate Services, LLC",69fdf7b562446148bd85c44e,69fded1362446148bd848d60,Emerson Ecologics LLC,69fdf1e83b208288e0a85c52,"tic777 - Lenexa Logistics Centre East Building 3 {Lenexa Logistics East 3, LLC}",evidenceOfInsurance,Evidence of Insurance,commercialGeneralLiability,Commercial General Liability,evidenceOfInsuranceCommercialGeneralLiabilityGeneralAggregate,General Aggregate,,matchOnce,must be greater or equal to,2000000,2000000,compliant,Block Requirements,,,false,1,,2026-08-16
"Block Real Estate Services, LLC",69fdf7b562446148bd85c44e,69fded1362446148bd848d60,Emerson Ecologics LLC,69fdf1e83b208288e0a85c52,"tic777 - Lenexa Logistics Centre East Building 3 {Lenexa Logistics East 3, LLC}",evidenceOfInsurance,Evidence of Insurance,commercialGeneralLiability,Commercial General Liability,evidenceOfInsuranceCommercialGeneralLiabilityWaiverOfSubrogationEndorsement,Waiver of Subrogation,"---prompt---
Determine if the insurer has waived their right of subrogation in favor of the certificate holder under the Commercial General Liability policy. Evidence may include: a checked ""Waiver of Subrogation"" box on the certificate, mention in the Description of Operations section stating ""waiver of subrogation applies"", or reference to form CG 24 04. Look for language like ""subrogation is waived"" or ""per written contract"".",matchOnce,must be present,,Present,compliant,Block Requirements,,,false,1,,2026-08-16
"Block Real Estate Services, LLC",69fdf7b562446148bd85c44e,69fded1362446148bd848d60,Emerson Ecologics LLC,69fdf1e83b208288e0a85c52,"tic777 - Lenexa Logistics Centre East Building 3 {Lenexa Logistics East 3, LLC}",evidenceOfInsurance,Evidence of Insurance,excessOrUmbrellaLiability,Umbrella/Excess Liability,evidenceOfInsuranceExcessOrUmbrellaLiabilityOccurence,Coverage Trigger: Occurrence,,matchOnce,must be present,,Present,compliant,Block Requirements,,,false,1,,2026-08-16
"Block Real Estate Services, LLC",69fdf7b562446148bd85c44e,69fded1362446148bd848d60,Emerson Ecologics LLC,69fdf1e83b208288e0a85c52,"tic777 - Lenexa Logistics Centre East Building 3 {Lenexa Logistics East 3, LLC}",evidenceOfInsurance,Evidence of Insurance,excessOrUmbrellaLiability,Umbrella/Excess Liability,evidenceOfInsuranceExcessOrUmbrellaLiabilityEachOccurrence,Each Occurrence,,matchOnce,must be greater or equal to,1000000,10000000,compliant,Block Requirements,,,false,1,,2026-08-16
"Block Real Estate Services, LLC",69fdf7b562446148bd85c44e,69fded1362446148bd848d60,Emerson Ecologics LLC,69fdf1e83b208288e0a85c52,"tic777 - Lenexa Logistics Centre East Building 3 {Lenexa Logistics East 3, LLC}",evidenceOfInsurance,Evidence of Insurance,excessOrUmbrellaLiability,Umbrella/Excess Liability,evidenceOfInsuranceExcessOrUmbrellaLiabilityAggregate,Aggregate,,matchOnce,must be greater or equal to,1000000,10000000,compliant,Block Requirements,,,false,1,,2026-08-16
"Block Real Estate Services, LLC",69fdf7b562446148bd85c44e,69fded1362446148bd848d60,Emerson Ecologics LLC,69fdf1e83b208288e0a85c52,"tic777 - Lenexa Logistics Centre East Building 3 {Lenexa Logistics East 3, LLC}",evidenceOfInsurance,Evidence of Insurance,workersCompensation,Workers' Compensation and Employer's Liability,evidenceOfInsuranceWorkersCompensationStatutoryLimits,Statutory Limits,,matchOnce,must be present,,Present,compliant,Block Requirements,,,false,1,,2026-08-16
"Block Real Estate Services, LLC",69fdf7b562446148bd85c44e,69fded1362446148bd848d60,Emerson Ecologics LLC,69fdf1e83b208288e0a85c52,"tic777 - Lenexa Logistics Centre East Building 3 {Lenexa Logistics East 3, LLC}",evidenceOfInsurance,Evidence of Insurance,workersCompensation,Workers' Compensation and Employer's Liability,evidenceOfInsuranceWorkersCompensationEmployersLiabilityEachAccident,Employer's Liability Each Accident,,matchOnce,must be greater or equal to,500000,1000000,compliant,Block Requirements,,,false,1,,2026-08-16
"Block Real Estate Services, LLC",69fdf7b562446148bd85c44e,69fded1362446148bd848d60,Emerson Ecologics LLC,69fdf1e83b208288e0a85c52,"tic777 - Lenexa Logistics Centre East Building 3 {Lenexa Logistics East 3, LLC}",evidenceOfInsurance,Evidence of Insurance,workersCompensation,Workers' Compensation and Employer's Liability,evidenceOfInsuranceWorkersCompensationEmployersLiabilityDiseaseEachEmployee,Employer's Liability Disease - each employee,,matchOnce,must be greater or equal to,500000,1000000,compliant,Block Requirements,,,false,1,,2026-08-16
"Block Real Estate Services, LLC",69fdf7b562446148bd85c44e,69fded1362446148bd848d60,Emerson Ecologics LLC,69fdf1e83b208288e0a85c52,"tic777 - Lenexa Logistics Centre East Building 3 {Lenexa Logistics East 3, LLC}",evidenceOfInsurance,Evidence of Insurance,workersCompensation,Workers' Compensation and Employer's Liability,evidenceOfInsuranceWorkersCompensationEmployersLiabilityDiseasePolicyLimit,Employer's Liability Disease - policy limit,,matchOnce,must be greater or equal to,500000,1000000,compliant,Block Requirements,,,false,1,,2026-08-16
"Block Real Estate Services, LLC",69fdf7b562446148bd85c44e,69fded1362446148bd848d60,Emerson Ecologics LLC,69fdf1e83b208288e0a85c52,"tic777 - Lenexa Logistics Centre East Building 3 {Lenexa Logistics East 3, LLC}",evidenceOfInsurance,Evidence of Insurance,workersCompensation,Workers' Compensation and Employer's Liability,evidenceOfInsuranceWorkersCompensationWaiverOfSubrogationEndorsement,Waiver of Subrogation,"---prompt---
Determine if the insurer has waived their right of subrogation in favor of the certificate holder under the Workers' Compensation policy. Evidence may include: a checked ""Waiver of Subrogation"" box on the certificate, mention in the Description of Operations section stating ""waiver of subrogation applies"", or reference to form WC 00 03 13. Look for language like ""subrogation is waived"" or ""per written contract"".",matchOnce,must be present,,Present,compliant,Block Requirements,,,false,1,,2026-08-16
"Block Real Estate Services, LLC",69fdf7b562446148bd85c44e,69fded1362446148bd848d60,Emerson Ecologics LLC,69fdf1e83b208288e0a85c52,"tic777 - Lenexa Logistics Centre East Building 3 {Lenexa Logistics East 3, LLC}",evidenceOfInsurance,Evidence of Insurance,6ac20aae-5728-5d57-b364-aeba38527dba,Additional Requirements,4da5b0f1-4c9d-5885-8cf8-5d3cccaed3e0,"Block Real Estate Services, LLC and all others required by contract are named as Additional Insureds","---prompt---
Determine if the Description of Operations or the Additional Remarks Schedule section states the ""Additional Insured as Construction Management, Inc. and all others required by contract"" or reference to blanket additional insured coverage. Look for language like ""certificate holder is additional insured"" or ""per written contract"".",matchOnce,must be present,,Present,compliant,Block Requirements,,,true,1,,2026-08-16
"Block Real Estate Services, LLC",69fdf7b562446148bd85c44e,69fded1362446148bd848d60,Emerson Ecologics LLC,69fdf1e83b208288e0a85c52,"tic777 - Lenexa Logistics Centre East Building 3 {Lenexa Logistics East 3, LLC}",evidenceOfInsurance,Evidence of Insurance,6ac20aae-5728-5d57-b364-aeba38527dba,Additional Requirements,e1017741-e47e-5f58-97b8-fbc3043e919f,Umbrella follows form over General Liability,"---prompt---
Determine if the Umbrella/Excess Liability policy follows form to the underlying policies. Evidence may include: language in the Description of Operations section stating the umbrella follows form to underlying coverages or an additional page endorsement stating that it follows form. Follow form means the umbrella policy adopts the same terms, conditions, and exclusions as the underlying policies.",matchOnce,must be present,,Present,compliant,Block Requirements,,,true,1,,2026-08-16
"Block Real Estate Services, LLC",69fdf7b562446148bd85c44e,69fded1362446148bd848d60,Emerson Ecologics LLC,69fdf1e83b208288e0a85c52,"tic777 - Lenexa Logistics Centre East Building 3 {Lenexa Logistics East 3, LLC}",evidenceOfInsurance,Evidence of Insurance,6ac20aae-5728-5d57-b364-aeba38527dba,Additional Requirements,2cdd866f-c9a4-576a-afd8-1d045762790c,The location must be listed as: 16301 W. 116th Street Lenexa KS 66219,,matchOnce,must be present,,Present,compliant,Block Requirements,,,true,1,,2026-08-16
"Block Real Estate Services, LLC",69fdf7b562446148bd85c44e,69fded1362446148bd848d60,Emerson Ecologics LLC,69fdf1e83b208288e0a85c52,"tic777 - Lenexa Logistics Centre East Building 3 {Lenexa Logistics East 3, LLC}",evidenceOfInsurance,Evidence of Insurance,6ac20aae-5728-5d57-b364-aeba38527dba,Additional Requirements,3649e9d1-4e09-59bf-8f30-cb33c40cf117,"Certificate Holder must read: c/o Block Real Estate Services, LLC, 4622 Pennsylvania St., Suite 700, Kansas City, MO, 64112",,matchOnce,must be present,,Present,compliant,Block Requirements,,,true,1,,2026-08-16
"Block Real Estate Services, LLC",69fdf7b562446148bd85c44f,69fded1462446148bd848d7b,Essense of Australia Inc,69fdf1e83b208288e0a85c52,"tic777 - Lenexa Logistics Centre East Building 3 {Lenexa Logistics East 3, LLC}",evidenceOfInsurance,Evidence of Insurance,commercialGeneralLiability,Commercial General Liability,evidenceOfInsuranceCommercialGeneralLiabilityCoverageTriggerOccurrence,Coverage Trigger: Occurrence,,matchOnce,must be present,,,non_compliant,Block Requirements,,,false,0,,2026-08-16
"Block Real Estate Services, LLC",69fdf7b562446148bd85c44f,69fded1462446148bd848d7b,Essense of Australia Inc,69fdf1e83b208288e0a85c52,"tic777 - Lenexa Logistics Centre East Building 3 {Lenexa Logistics East 3, LLC}",evidenceOfInsurance,Evidence of Insurance,commercialGeneralLiability,Commercial General Liability,evidenceOfInsuranceCommercialGeneralLiabilityGeneralAggregateLimitAppliesPerLocation,General Aggregate Limit Applies per: Location,,matchOnce,must be present,,,non_compliant,Block Requirements,,,false,0,,2026-08-16
"Block Real Estate Services, LLC",69fdf7b562446148bd85c44f,69fded1462446148bd848d7b,Essense of Australia Inc,69fdf1e83b208288e0a85c52,"tic777 - Lenexa Logistics Centre East Building 3 {Lenexa Logistics East 3, LLC}",evidenceOfInsurance,Evidence of Insurance,commercialGeneralLiability,Commercial General Liability,evidenceOfInsuranceCommercialGeneralLiabilityEachOccurrence,Each Occurrence,,matchOnce,must be greater or equal to,1000000,,non_compliant,Block Requirements,,,false,0,,2026-08-16
"Block Real Estate Services, LLC",69fdf7b562446148bd85c44f,69fded1462446148bd848d7b,Essense of Australia Inc,69fdf1e83b208288e0a85c52,"tic777 - Lenexa Logistics Centre East Building 3 {Lenexa Logistics East 3, LLC}",evidenceOfInsurance,Evidence of Insurance,commercialGeneralLiability,Commercial General Liability,evidenceOfInsuranceCommercialGeneralLiabilityGeneralAggregate,General Aggregate,,matchOnce,must be greater or equal to,2000000,,non_compliant,Block Requirements,,,false,0,,2026-08-16
"Block Real Estate Services, LLC",69fdf7b562446148bd85c44f,69fded1462446148bd848d7b,Essense of Australia Inc,69fdf1e83b208288e0a85c52,"tic777 - Lenexa Logistics Centre East Building 3 {Lenexa Logistics East 3, LLC}",evidenceOfInsurance,Evidence of Insurance,commercialGeneralLiability,Commercial General Liability,evidenceOfInsuranceCommercialGeneralLiabilityWaiverOfSubrogationEndorsement,Waiver of Subrogation,"---prompt---
Determine if the insurer has waived their right of subrogation in favor of the certificate holder under the Commercial General Liability policy. Evidence may include: a checked ""Waiver of Subrogation"" box on the certificate, mention in the Description of Operations section stating ""waiver of subrogation applies"", or reference to form CG 24 04. Look for language like ""subrogation is waived"" or ""per written contract"".",matchOnce,must be present,,,non_compliant,Block Requirements,,,false,0,,2026-08-16
"Block Real Estate Services, LLC",69fdf7b562446148bd85c44f,69fded1462446148bd848d7b,Essense of Australia Inc,69fdf1e83b208288e0a85c52,"tic777 - Lenexa Logistics Centre East Building 3 {Lenexa Logistics East 3, LLC}",evidenceOfInsurance,Evidence of Insurance,excessOrUmbrellaLiability,Umbrella/Excess Liability,evidenceOfInsuranceExcessOrUmbrellaLiabilityOccurence,Coverage Trigger: Occurrence,,matchOnce,must be present,,,non_compliant,Block Requirements,,,false,0,,2026-08-16
"Block Real Estate Services, LLC",69fdf7b562446148bd85c44f,69fded1462446148bd848d7b,Essense of Australia Inc,69fdf1e83b208288e0a85c52,"tic777 - Lenexa Logistics Centre East Building 3 {Lenexa Logistics East 3, LLC}",evidenceOfInsurance,Evidence of Insurance,excessOrUmbrellaLiability,Umbrella/Excess Liability,evidenceOfInsuranceExcessOrUmbrellaLiabilityEachOccurrence,Each Occurrence,,matchOnce,must be greater or equal to,1000000,,non_compliant,Block Requirements,,,false,0,,2026-08-16
"Block Real Estate Services, LLC",69fdf7b562446148bd85c44f,69fded1462446148bd848d7b,Essense of Australia Inc,69fdf1e83b208288e0a85c52,"tic777 - Lenexa Logistics Centre East Building 3 {Lenexa Logistics East 3, LLC}",evidenceOfInsurance,Evidence of Insurance,excessOrUmbrellaLiability,Umbrella/Excess Liability,evidenceOfInsuranceExcessOrUmbrellaLiabilityAggregate,Aggregate,,matchOnce,must be greater or equal to,1000000,,non_compliant,Block Requirements,,,false,0,,2026-08-16
"Block Real Estate Services, LLC",69fdf7b562446148bd85c44f,69fded1462446148bd848d7b,Essense of Australia Inc,69fdf1e83b208288e0a85c52,"tic777 - Lenexa Logistics Centre East Building 3 {Lenexa Logistics East 3, LLC}",evidenceOfInsurance,Evidence of Insurance,workersCompensation,Workers' Compensation and Employer's Liability,evidenceOfInsuranceWorkersCompensationStatutoryLimits,Statutory Limits,,matchOnce,must be present,,,non_compliant,Block Requirements,,,false,0,,2026-08-16
"Block Real Estate Services, LLC",69fdf7b562446148bd85c44f,69fded1462446148bd848d7b,Essense of Australia Inc,69fdf1e83b208288e0a85c52,"tic777 - Lenexa Logistics Centre East Building 3 {Lenexa Logistics East 3, LLC}",evidenceOfInsurance,Evidence of Insurance,workersCompensation,Workers' Compensation and Employer's Liability,evidenceOfInsuranceWorkersCompensationEmployersLiabilityEachAccident,Employer's Liability Each Accident,,matchOnce,must be greater or equal to,500000,,non_compliant,Block Requirements,,,false,0,,2026-08-16
"Block Real Estate Services, LLC",69fdf7b562446148bd85c44f,69fded1462446148bd848d7b,Essense of Australia Inc,69fdf1e83b208288e0a85c52,"tic777 - Lenexa Logistics Centre East Building 3 {Lenexa Logistics East 3, LLC}",evidenceOfInsurance,Evidence of Insurance,workersCompensation,Workers' Compensation and Employer's Liability,evidenceOfInsuranceWorkersCompensationEmployersLiabilityDiseaseEachEmployee,Employer's Liability Disease - each employee,,matchOnce,must be greater or equal to,500000,,non_compliant,Block Requirements,,,false,0,,2026-08-16
"Block Real Estate Services, LLC",69fdf7b562446148bd85c44f,69fded1462446148bd848d7b,Essense of Australia Inc,69fdf1e83b208288e0a85c52,"tic777 - Lenexa Logistics Centre East Building 3 {Lenexa Logistics East 3, LLC}",evidenceOfInsurance,Evidence of Insurance,workersCompensation,Workers' Compensation and Employer's Liability,evidenceOfInsuranceWorkersCompensationEmployersLiabilityDiseasePolicyLimit,Employer's Liability Disease - policy limit,,matchOnce,must be greater or equal to,500000,,non_compliant,Block Requirements,,,false,0,,2026-08-16
"Block Real Estate Services, LLC",69fdf7b562446148bd85c44f,69fded1462446148bd848d7b,Essense of Australia Inc,69fdf1e83b208288e0a85c52,"tic777 - Lenexa Logistics Centre East Building 3 {Lenexa Logistics East 3, LLC}",evidenceOfInsurance,Evidence of Insurance,workersCompensation,Workers' Compensation and Employer's Liability,evidenceOfInsuranceWorkersCompensationWaiverOfSubrogationEndorsement,Waiver of Subrogation,"---prompt---
Determine if the insurer has waived their right of subrogation in favor of the certificate holder under the Workers' Compensation policy. Evidence may include: a checked ""Waiver of Subrogation"" box on the certificate, mention in the Description of Operations section stating ""waiver of subrogation applies"", or reference to form WC 00 03 13. Look for language like ""subrogation is waived"" or ""per written contract"".",matchOnce,must be present,,,non_compliant,Block Requirements,,,false,0,,2026-08-16
"Block Real Estate Services, LLC",69fdf7b562446148bd85c44f,69fded1462446148bd848d7b,Essense of Australia Inc,69fdf1e83b208288e0a85c52,"tic777 - Lenexa Logistics Centre East Building 3 {Lenexa Logistics East 3, LLC}",evidenceOfInsurance,Evidence of Insurance,6ac20aae-5728-5d57-b364-aeba38527dba,Additional Requirements,4da5b0f1-4c9d-5885-8cf8-5d3cccaed3e0,"Block Real Estate Services, LLC and all others required by contract are named as Additional Insureds","---prompt---
Determine if the Description of Operations or the Additional Remarks Schedule section states the ""Additional Insured as Construction Management, Inc. and all others required by contract"" or reference to blanket additional insured coverage. Look for language like ""certificate holder is additional insured"" or ""per written contract"".",matchOnce,must be present,,,non_compliant,Block Requirements,,,true,0,,2026-08-16
"Block Real Estate Services, LLC",69fdf7b562446148bd85c44f,69fded1462446148bd848d7b,Essense of Australia Inc,69fdf1e83b208288e0a85c52,"tic777 - Lenexa Logistics Centre East Building 3 {Lenexa Logistics East 3, LLC}",evidenceOfInsurance,Evidence of Insurance,6ac20aae-5728-5d57-b364-aeba38527dba,Additional Requirements,e1017741-e47e-5f58-97b8-fbc3043e919f,Umbrella follows form over General Liability,"---prompt---
Determine if the Umbrella/Excess Liability policy follows form to the underlying policies. Evidence may include: language in the Description of Operations section stating the umbrella follows form to underlying coverages or an additional page endorsement stating that it follows form. Follow form means the umbrella policy adopts the same terms, conditions, and exclusions as the underlying policies.",matchOnce,must be present,,,non_compliant,Block Requirements,,,true,0,,2026-08-16
"Block Real Estate Services, LLC",69fdf7b562446148bd85c44f,69fded1462446148bd848d7b,Essense of Australia Inc,69fdf1e83b208288e0a85c52,"tic777 - Lenexa Logistics Centre East Building 3 {Lenexa Logistics East 3, LLC}",evidenceOfInsurance,Evidence of Insurance,6ac20aae-5728-5d57-b364-aeba38527dba,Additional Requirements,2cdd866f-c9a4-576a-afd8-1d045762790c,The location must be listed as: 16421 W. 116th Street Lenexa KS 66219,,matchOnce,must be present,,,non_compliant,Block Requirements,,,true,0,,2026-08-16
"Block Real Estate Services, LLC",69fdf7b562446148bd85c44f,69fded1462446148bd848d7b,Essense of Australia Inc,69fdf1e83b208288e0a85c52,"tic777 - Lenexa Logistics Centre East Building 3 {Lenexa Logistics East 3, LLC}",evidenceOfInsurance,Evidence of Insurance,6ac20aae-5728-5d57-b364-aeba38527dba,Additional Requirements,3649e9d1-4e09-59bf-8f30-cb33c40cf117,"Certificate Holder must read: c/o Block Real Estate Services, LLC, 4622 Pennsylvania St., Suite 700, Kansas City, MO, 64112",,matchOnce,must be present,,,non_compliant,Block Requirements,,,true,0,,2026-08-16
"Block Real Estate Services, LLC",69fdf7b562446148bd85c450,69fded1a62446148bd848f70,"Mavs Volleyball / MAVS, LLC",69fdf1e83b208288e0a85c52,"tic777 - Lenexa Logistics Centre East Building 3 {Lenexa Logistics East 3, LLC}",evidenceOfInsurance,Evidence of Insurance,commercialGeneralLiability,Commercial General Liability,evidenceOfInsuranceCommercialGeneralLiabilityCoverageTriggerOccurrence,Coverage Trigger: Occurrence,,matchOnce,must be present,,,non_compliant,Block Requirements,,,false,0,,2026-08-16
"Block Real Estate Services, LLC",69fdf7b562446148bd85c450,69fded1a62446148bd848f70,"Mavs Volleyball / MAVS, LLC",69fdf1e83b208288e0a85c52,"tic777 - Lenexa Logistics Centre East Building 3 {Lenexa Logistics East 3, LLC}",evidenceOfInsurance,Evidence of Insurance,commercialGeneralLiability,Commercial General Liability,evidenceOfInsuranceCommercialGeneralLiabilityGeneralAggregateLimitAppliesPerLocation,General Aggregate Limit Applies per: Location,,matchOnce,must be present,,,non_compliant,Block Requirements,,,false,0,,2026-08-16
"Block Real Estate Services, LLC",69fdf7b562446148bd85c450,69fded1a62446148bd848f70,"Mavs Volleyball / MAVS, LLC",69fdf1e83b208288e0a85c52,"tic777 - Lenexa Logistics Centre East Building 3 {Lenexa Logistics East 3, LLC}",evidenceOfInsurance,Evidence of Insurance,commercialGeneralLiability,Commercial General Liability,evidenceOfInsuranceCommercialGeneralLiabilityEachOccurrence,Each Occurrence,,matchOnce,must be greater or equal to,1000000,,non_compliant,Block Requirements,,,false,0,,2026-08-16
"Block Real Estate Services, LLC",69fdf7b562446148bd85c450,69fded1a62446148bd848f70,"Mavs Volleyball / MAVS, LLC",69fdf1e83b208288e0a85c52,"tic777 - Lenexa Logistics Centre East Building 3 {Lenexa Logistics East 3, LLC}",evidenceOfInsurance,Evidence of Insurance,commercialGeneralLiability,Commercial General Liability,evidenceOfInsuranceCommercialGeneralLiabilityGeneralAggregate,General Aggregate,,matchOnce,must be greater or equal to,2000000,,non_compliant,Block Requirements,,,false,0,,2026-08-16
"Block Real Estate Services, LLC",69fdf7b562446148bd85c450,69fded1a62446148bd848f70,"Mavs Volleyball / MAVS, LLC",69fdf1e83b208288e0a85c52,"tic777 - Lenexa Logistics Centre East Building 3 {Lenexa Logistics East 3, LLC}",evidenceOfInsurance,Evidence of Insurance,commercialGeneralLiability,Commercial General Liability,evidenceOfInsuranceCommercialGeneralLiabilityWaiverOfSubrogationEndorsement,Waiver of Subrogation,"---prompt---
Determine if the insurer has waived their right of subrogation in favor of the certificate holder under the Commercial General Liability policy. Evidence may include: a checked ""Waiver of Subrogation"" box on the certificate, mention in the Description of Operations section stating ""waiver of subrogation applies"", or reference to form CG 24 04. Look for language like ""subrogation is waived"" or ""per written contract"".",matchOnce,must be present,,,non_compliant,Block Requirements,,,false,0,,2026-08-16
"Block Real Estate Services, LLC",69fdf7b562446148bd85c450,69fded1a62446148bd848f70,"Mavs Volleyball / MAVS, LLC",69fdf1e83b208288e0a85c52,"tic777 - Lenexa Logistics Centre East Building 3 {Lenexa Logistics East 3, LLC}",evidenceOfInsurance,Evidence of Insurance,excessOrUmbrellaLiability,Umbrella/Excess Liability,evidenceOfInsuranceExcessOrUmbrellaLiabilityOccurence,Coverage Trigger: Occurrence,,matchOnce,must be present,,,non_compliant,Block Requirements,,,false,0,,2026-08-16
"Block Real Estate Services, LLC",69fdf7b562446148bd85c450,69fded1a62446148bd848f70,"Mavs Volleyball / MAVS, LLC",69fdf1e83b208288e0a85c52,"tic777 - Lenexa Logistics Centre East Building 3 {Lenexa Logistics East 3, LLC}",evidenceOfInsurance,Evidence of Insurance,excessOrUmbrellaLiability,Umbrella/Excess Liability,evidenceOfInsuranceExcessOrUmbrellaLiabilityEachOccurrence,Each Occurrence,,matchOnce,must be greater or equal to,1000000,,non_compliant,Block Requirements,,,false,0,,2026-08-16
"Block Real Estate Services, LLC",69fdf7b562446148bd85c450,69fded1a62446148bd848f70,"Mavs Volleyball / MAVS, LLC",69fdf1e83b208288e0a85c52,"tic777 - Lenexa Logistics Centre East Building 3 {Lenexa Logistics East 3, LLC}",evidenceOfInsurance,Evidence of Insurance,excessOrUmbrellaLiability,Umbrella/Excess Liability,evidenceOfInsuranceExcessOrUmbrellaLiabilityAggregate,Aggregate,,matchOnce,must be greater or equal to,1000000,,non_compliant,Block Requirements,,,false,0,,2026-08-16
"Block Real Estate Services, LLC",69fdf7b562446148bd85c450,69fded1a62446148bd848f70,"Mavs Volleyball / MAVS, LLC",69fdf1e83b208288e0a85c52,"tic777 - Lenexa Logistics Centre East Building 3 {Lenexa Logistics East 3, LLC}",evidenceOfInsurance,Evidence of Insurance,workersCompensation,Workers' Compensation and Employer's Liability,evidenceOfInsuranceWorkersCompensationStatutoryLimits,Statutory Limits,,matchOnce,must be present,,,non_compliant,Block Requirements,,,false,0,,2026-08-16
"Block Real Estate Services, LLC",69fdf7b562446148bd85c450,69fded1a62446148bd848f70,"Mavs Volleyball / MAVS, LLC",69fdf1e83b208288e0a85c52,"tic777 - Lenexa Logistics Centre East Building 3 {Lenexa Logistics East 3, LLC}",evidenceOfInsurance,Evidence of Insurance,workersCompensation,Workers' Compensation and Employer's Liability,evidenceOfInsuranceWorkersCompensationEmployersLiabilityEachAccident,Employer's Liability Each Accident,,matchOnce,must be greater or equal to,500000,,non_compliant,Block Requirements,,,false,0,,2026-08-16
"Block Real Estate Services, LLC",69fdf7b562446148bd85c450,69fded1a62446148bd848f70,"Mavs Volleyball / MAVS, LLC",69fdf1e83b208288e0a85c52,"tic777 - Lenexa Logistics Centre East Building 3 {Lenexa Logistics East 3, LLC}",evidenceOfInsurance,Evidence of Insurance,workersCompensation,Workers' Compensation and Employer's Liability,evidenceOfInsuranceWorkersCompensationEmployersLiabilityDiseaseEachEmployee,Employer's Liability Disease - each employee,,matchOnce,must be greater or equal to,500000,,non_compliant,Block Requirements,,,false,0,,2026-08-16
"Block Real Estate Services, LLC",69fdf7b562446148bd85c450,69fded1a62446148bd848f70,"Mavs Volleyball / MAVS, LLC",69fdf1e83b208288e0a85c52,"tic777 - Lenexa Logistics Centre East Building 3 {Lenexa Logistics East 3, LLC}",evidenceOfInsurance,Evidence of Insurance,workersCompensation,Workers' Compensation and Employer's Liability,evidenceOfInsuranceWorkersCompensationEmployersLiabilityDiseasePolicyLimit,Employer's Liability Disease - policy limit,,matchOnce,must be greater or equal to,500000,,non_compliant,Block Requirements,,,false,0,,2026-08-16
"Block Real Estate Services, LLC",69fdf7b562446148bd85c450,69fded1a62446148bd848f70,"Mavs Volleyball / MAVS, LLC",69fdf1e83b208288e0a85c52,"tic777 - Lenexa Logistics Centre East Building 3 {Lenexa Logistics East 3, LLC}",evidenceOfInsurance,Evidence of Insurance,workersCompensation,Workers' Compensation and Employer's Liability,evidenceOfInsuranceWorkersCompensationWaiverOfSubrogationEndorsement,Waiver of Subrogation,"---prompt---
Determine if the insurer has waived their right of subrogation in favor of the certificate holder under the Workers' Compensation policy. Evidence may include: a checked ""Waiver of Subrogation"" box on the certificate, mention in the Description of Operations section stating ""waiver of subrogation applies"", or reference to form WC 00 03 13. Look for language like ""subrogation is waived"" or ""per written contract"".",matchOnce,must be present,,,non_compliant,Block Requirements,,,false,0,,2026-08-16
"Block Real Estate Services, LLC",69fdf7b562446148bd85c450,69fded1a62446148bd848f70,"Mavs Volleyball / MAVS, LLC",69fdf1e83b208288e0a85c52,"tic777 - Lenexa Logistics Centre East Building 3 {Lenexa Logistics East 3, LLC}",evidenceOfInsurance,Evidence of Insurance,6ac20aae-5728-5d57-b364-aeba38527dba,Additional Requirements,4da5b0f1-4c9d-5885-8cf8-5d3cccaed3e0,"Block Real Estate Services, LLC and all others required by contract are named as Additional Insureds","---prompt---
Determine if the Description of Operations or the Additional Remarks Schedule section states the ""Additional Insured as Construction Management, Inc. and all others required by contract"" or reference to blanket additional insured coverage. Look for language like ""certificate holder is additional insured"" or ""per written contract"".",matchOnce,must be present,,,non_compliant,Block Requirements,,,true,0,,2026-08-16
"Block Real Estate Services, LLC",69fdf7b562446148bd85c450,69fded1a62446148bd848f70,"Mavs Volleyball / MAVS, LLC",69fdf1e83b208288e0a85c52,"tic777 - Lenexa Logistics Centre East Building 3 {Lenexa Logistics East 3, LLC}",evidenceOfInsurance,Evidence of Insurance,6ac20aae-5728-5d57-b364-aeba38527dba,Additional Requirements,e1017741-e47e-5f58-97b8-fbc3043e919f,Umbrella follows form over General Liability,"---prompt---
Determine if the Umbrella/Excess Liability policy follows form to the underlying policies. Evidence may include: language in the Description of Operations section stating the umbrella follows form to underlying coverages or an additional page endorsement stating that it follows form. Follow form means the umbrella policy adopts the same terms, conditions, and exclusions as the underlying policies.",matchOnce,must be present,,,non_compliant,Block Requirements,,,true,0,,2026-08-16
"Block Real Estate Services, LLC",69fdf7b562446148bd85c450,69fded1a62446148bd848f70,"Mavs Volleyball / MAVS, LLC",69fdf1e83b208288e0a85c52,"tic777 - Lenexa Logistics Centre East Building 3 {Lenexa Logistics East 3, LLC}",evidenceOfInsurance,Evidence of Insurance,6ac20aae-5728-5d57-b364-aeba38527dba,Additional Requirements,2cdd866f-c9a4-576a-afd8-1d045762790c,The location must be listed as: 16501 W. 116th Street Lenexa KS 66219,,matchOnce,must be present,,,non_compliant,Block Requirements,,,true,0,,2026-08-16
"Block Real Estate Services, LLC",69fdf7b562446148bd85c450,69fded1a62446148bd848f70,"Mavs Volleyball / MAVS, LLC",69fdf1e83b208288e0a85c52,"tic777 - Lenexa Logistics Centre East Building 3 {Lenexa Logistics East 3, LLC}",evidenceOfInsurance,Evidence of Insurance,6ac20aae-5728-5d57-b364-aeba38527dba,Additional Requirements,3649e9d1-4e09-59bf-8f30-cb33c40cf117,"Certificate Holder must read: c/o Block Real Estate Services, LLC, 4622 Pennsylvania St., Suite 700, Kansas City, MO, 64112",,matchOnce,must be present,,,non_compliant,Block Requirements,,,true,0,,2026-08-16
"Block Real Estate Services, LLC",69fdf7b562446148bd85c451,69fded1462446148bd848d66,"EnerSys Delaware, Inc",69fdf1eb02bb2c42a87a8cf8,"tic782 - Executive Park Distribution Center #3 {Cal Vent Group, LTD}",evidenceOfInsurance,Evidence of Insurance,commercialGeneralLiability,Commercial General Liability,evidenceOfInsuranceCommercialGeneralLiabilityCoverageTriggerOccurrence,Coverage Trigger: Occurrence,,matchOnce,must be present,,,non_compliant,Block Requirements,,,false,0,,2026-08-16
"Block Real Estate Services, LLC",69fdf7b562446148bd85c451,69fded1462446148bd848d66,"EnerSys Delaware, Inc",69fdf1eb02bb2c42a87a8cf8,"tic782 - Executive Park Distribution Center #3 {Cal Vent Group, LTD}",evidenceOfInsurance,Evidence of Insurance,commercialGeneralLiability,Commercial General Liability,evidenceOfInsuranceCommercialGeneralLiabilityGeneralAggregateLimitAppliesPerLocation,General Aggregate Limit Applies per: Location,,matchOnce,must be present,,,non_compliant,Block Requirements,,,false,0,,2026-08-16
"Block Real Estate Services, LLC",69fdf7b562446148bd85c451,69fded1462446148bd848d66,"EnerSys Delaware, Inc",69fdf1eb02bb2c42a87a8cf8,"tic782 - Executive Park Distribution Center #3 {Cal Vent Group, LTD}",evidenceOfInsurance,Evidence of Insurance,commercialGeneralLiability,Commercial General Liability,evidenceOfInsuranceCommercialGeneralLiabilityEachOccurrence,Each Occurrence,,matchOnce,must be greater or equal to,1000000,,non_compliant,Block Requirements,,,false,0,,2026-08-16
"Block Real Estate Services, LLC",69fdf7b562446148bd85c451,69fded1462446148bd848d66,"EnerSys Delaware, Inc",69fdf1eb02bb2c42a87a8cf8,"tic782 - Executive Park Distribution Center #3 {Cal Vent Group, LTD}",evidenceOfInsurance,Evidence of Insurance,commercialGeneralLiability,Commercial General Liability,evidenceOfInsuranceCommercialGeneralLiabilityGeneralAggregate,General Aggregate,,matchOnce,must be greater or equal to,2000000,,non_compliant,Block Requirements,,,false,0,,2026-08-16
"Block Real Estate Services, LLC",69fdf7b562446148bd85c451,69fded1462446148bd848d66,"EnerSys Delaware, Inc",69fdf1eb02bb2c42a87a8cf8,"tic782 - Executive Park Distribution Center #3 {Cal Vent Group, LTD}",evidenceOfInsurance,Evidence of Insurance,commercialGeneralLiability,Commercial General Liability,evidenceOfInsuranceCommercialGeneralLiabilityWaiverOfSubrogationEndorsement,Waiver of Subrogation,"---prompt---
Determine if the insurer has waived their right of subrogation in favor of the certificate holder under the Commercial General Liability policy. Evidence may include: a checked ""Waiver of Subrogation"" box on the certificate, mention in the Description of Operations section stating ""waiver of subrogation applies"", or reference to form CG 24 04. Look for language like ""subrogation is waived"" or ""per written contract"".",matchOnce,must be present,,,non_compliant,Block Requirements,,,false,0,,2026-08-16
"Block Real Estate Services, LLC",69fdf7b562446148bd85c451,69fded1462446148bd848d66,"EnerSys Delaware, Inc",69fdf1eb02bb2c42a87a8cf8,"tic782 - Executive Park Distribution Center #3 {Cal Vent Group, LTD}",evidenceOfInsurance,Evidence of Insurance,excessOrUmbrellaLiability,Umbrella/Excess Liability,evidenceOfInsuranceExcessOrUmbrellaLiabilityOccurence,Coverage Trigger: Occurrence,,matchOnce,must be present,,,non_compliant,Block Requirements,,,false,0,,2026-08-16
"Block Real Estate Services, LLC",69fdf7b562446148bd85c451,69fded1462446148bd848d66,"EnerSys Delaware, Inc",69fdf1eb02bb2c42a87a8cf8,"tic782 - Executive Park Distribution Center #3 {Cal Vent Group, LTD}",evidenceOfInsurance,Evidence of Insurance,excessOrUmbrellaLiability,Umbrella/Excess Liability,evidenceOfInsuranceExcessOrUmbrellaLiabilityEachOccurrence,Each Occurrence,,matchOnce,must be greater or equal to,1000000,,non_compliant,Block Requirements,,,false,0,,2026-08-16
"Block Real Estate Services, LLC",69fdf7b562446148bd85c451,69fded1462446148bd848d66,"EnerSys Delaware, Inc",69fdf1eb02bb2c42a87a8cf8,"tic782 - Executive Park Distribution Center #3 {Cal Vent Group, LTD}",evidenceOfInsurance,Evidence of Insurance,excessOrUmbrellaLiability,Umbrella/Excess Liability,evidenceOfInsuranceExcessOrUmbrellaLiabilityAggregate,Aggregate,,matchOnce,must be greater or equal to,1000000,,non_compliant,Block Requirements,,,false,0,,2026-08-16
"Block Real Estate Services, LLC",69fdf7b562446148bd85c451,69fded1462446148bd848d66,"EnerSys Delaware, Inc",69fdf1eb02bb2c42a87a8cf8,"tic782 - Executive Park Distribution Center #3 {Cal Vent Group, LTD}",evidenceOfInsurance,Evidence of Insurance,workersCompensation,Workers' Compensation and Employer's Liability,evidenceOfInsuranceWorkersCompensationStatutoryLimits,Statutory Limits,,matchOnce,must be present,,,non_compliant,Block Requirements,,,false,0,,2026-08-16
"Block Real Estate Services, LLC",69fdf7b562446148bd85c451,69fded1462446148bd848d66,"EnerSys Delaware, Inc",69fdf1eb02bb2c42a87a8cf8,"tic782 - Executive Park Distribution Center #3 {Cal Vent Group, LTD}",evidenceOfInsurance,Evidence of Insurance,workersCompensation,Workers' Compensation and Employer's Liability,evidenceOfInsuranceWorkersCompensationEmployersLiabilityEachAccident,Employer's Liability Each Accident,,matchOnce,must be greater or equal to,500000,,non_compliant,Block Requirements,,,false,0,,2026-08-16
"Block Real Estate Services, LLC",69fdf7b562446148bd85c451,69fded1462446148bd848d66,"EnerSys Delaware, Inc",69fdf1eb02bb2c42a87a8cf8,"tic782 - Executive Park Distribution Center #3 {Cal Vent Group, LTD}",evidenceOfInsurance,Evidence of Insurance,workersCompensation,Workers' Compensation and Employer's Liability,evidenceOfInsuranceWorkersCompensationEmployersLiabilityDiseaseEachEmployee,Employer's Liability Disease - each employee,,matchOnce,must be greater or equal to,500000,,non_compliant,Block Requirements,,,false,0,,2026-08-16
"Block Real Estate Services, LLC",69fdf7b562446148bd85c451,69fded1462446148bd848d66,"EnerSys Delaware, Inc",69fdf1eb02bb2c42a87a8cf8,"tic782 - Executive Park Distribution Center #3 {Cal Vent Group, LTD}",evidenceOfInsurance,Evidence of Insurance,workersCompensation,Workers' Compensation and Employer's Liability,evidenceOfInsuranceWorkersCompensationEmployersLiabilityDiseasePolicyLimit,Employer's Liability Disease - policy limit,,matchOnce,must be greater or equal to,500000,,non_compliant,Block Requirements,,,false,0,,2026-08-16
"Block Real Estate Services, LLC",69fdf7b562446148bd85c451,69fded1462446148bd848d66,"EnerSys Delaware, Inc",69fdf1eb02bb2c42a87a8cf8,"tic782 - Executive Park Distribution Center #3 {Cal Vent Group, LTD}",evidenceOfInsurance,Evidence of Insurance,workersCompensation,Workers' Compensation and Employer's Liability,evidenceOfInsuranceWorkersCompensationWaiverOfSubrogationEndorsement,Waiver of Subrogation,"---prompt---
Determine if the insurer has waived their right of subrogation in favor of the certificate holder under the Workers' Compensation policy. Evidence may include: a checked ""Waiver of Subrogation"" box on the certificate, mention in the Description of Operations section stating ""waiver of subrogation applies"", or reference to form WC 00 03 13. Look for language like ""subrogation is waived"" or ""per written contract"".",matchOnce,must be present,,,non_compliant,Block Requirements,,,false,0,,2026-08-16
"Block Real Estate Services, LLC",69fdf7b562446148bd85c451,69fded1462446148bd848d66,"EnerSys Delaware, Inc",69fdf1eb02bb2c42a87a8cf8,"tic782 - Executive Park Distribution Center #3 {Cal Vent Group, LTD}",evidenceOfInsurance,Evidence of Insurance,6ac20aae-5728-5d57-b364-aeba38527dba,Additional Requirements,4da5b0f1-4c9d-5885-8cf8-5d3cccaed3e0,"Block Real Estate Services, LLC and all others required by contract are named as Additional Insureds","---prompt---
Determine if the Description of Operations or the Additional Remarks Schedule section states the ""Additional Insured as Construction Management, Inc. and all others required by contract"" or reference to blanket additional insured coverage. Look for language like ""certificate holder is additional insured"" or ""per written contract"".",matchOnce,must be present,,,non_compliant,Block Requirements,,,true,0,,2026-08-16
"Block Real Estate Services, LLC",69fdf7b562446148bd85c451,69fded1462446148bd848d66,"EnerSys Delaware, Inc",69fdf1eb02bb2c42a87a8cf8,"tic782 - Executive Park Distribution Center #3 {Cal Vent Group, LTD}",evidenceOfInsurance,Evidence of Insurance,6ac20aae-5728-5d57-b364-aeba38527dba,Additional Requirements,e1017741-e47e-5f58-97b8-fbc3043e919f,Umbrella follows form over General Liability,"---prompt---
Determine if the Umbrella/Excess Liability policy follows form to the underlying policies. Evidence may include: language in the Description of Operations section stating the umbrella follows form to underlying coverages or an additional page endorsement stating that it follows form. Follow form means the umbrella policy adopts the same terms, conditions, and exclusions as the underlying policies.",matchOnce,must be present,,,non_compliant,Block Requirements,,,true,0,,2026-08-16
"Block Real Estate Services, LLC",69fdf7b562446148bd85c451,69fded1462446148bd848d66,"EnerSys Delaware, Inc",69fdf1eb02bb2c42a87a8cf8,"tic782 - Executive Park Distribution Center #3 {Cal Vent Group, LTD}",evidenceOfInsurance,Evidence of Insurance,6ac20aae-5728-5d57-b364-aeba38527dba,Additional Requirements,2cdd866f-c9a4-576a-afd8-1d045762790c,The location must be listed as: 1260 N. Corrington Kansas City MO 64120,,matchOnce,must be present,,,non_compliant,Block Requirements,,,true,0,,2026-08-16
"Block Real Estate Services, LLC",69fdf7b562446148bd85c451,69fded1462446148bd848d66,"EnerSys Delaware, Inc",69fdf1eb02bb2c42a87a8cf8,"tic782 - Executive Park Distribution Center #3 {Cal Vent Group, LTD}",evidenceOfInsurance,Evidence of Insurance,6ac20aae-5728-5d57-b364-aeba38527dba,Additional Requirements,3649e9d1-4e09-59bf-8f30-cb33c40cf117,"Certificate Holder must read: c/o Block Real Estate Services, LLC, 4622 Pennsylvania St., Suite 700, Kansas City, MO, 64112",,matchOnce,must be present,,,non_compliant,Block Requirements,,,true,0,,2026-08-16
"Block Real Estate Services, LLC",69fdf7b562446148bd85c452,69fded1562446148bd848dbd,"FleetPride, Inc",69fdf1eb02bb2c42a87a8cf8,"tic782 - Executive Park Distribution Center #3 {Cal Vent Group, LTD}",evidenceOfInsurance,Evidence of Insurance,commercialGeneralLiability,Commercial General Liability,evidenceOfInsuranceCommercialGeneralLiabilityCoverageTriggerOccurrence,Coverage Trigger: Occurrence,,matchOnce,must be present,,Present,compliant,Block Requirements,,,false,1,,2026-08-16
"Block Real Estate Services, LLC",69fdf7b562446148bd85c452,69fded1562446148bd848dbd,"FleetPride, Inc",69fdf1eb02bb2c42a87a8cf8,"tic782 - Executive Park Distribution Center #3 {Cal Vent Group, LTD}",evidenceOfInsurance,Evidence of Insurance,commercialGeneralLiability,Commercial General Liability,evidenceOfInsuranceCommercialGeneralLiabilityGeneralAggregateLimitAppliesPerLocation,General Aggregate Limit Applies per: Location,,matchOnce,must be present,,,non_compliant,Block Requirements,,,false,0,,2026-08-16
"Block Real Estate Services, LLC",69fdf7b562446148bd85c452,69fded1562446148bd848dbd,"FleetPride, Inc",69fdf1eb02bb2c42a87a8cf8,"tic782 - Executive Park Distribution Center #3 {Cal Vent Group, LTD}",evidenceOfInsurance,Evidence of Insurance,commercialGeneralLiability,Commercial General Liability,evidenceOfInsuranceCommercialGeneralLiabilityEachOccurrence,Each Occurrence,,matchOnce,must be greater or equal to,1000000,2000000,compliant,Block Requirements,,,false,1,,2026-08-16
"Block Real Estate Services, LLC",69fdf7b562446148bd85c452,69fded1562446148bd848dbd,"FleetPride, Inc",69fdf1eb02bb2c42a87a8cf8,"tic782 - Executive Park Distribution Center #3 {Cal Vent Group, LTD}",evidenceOfInsurance,Evidence of Insurance,commercialGeneralLiability,Commercial General Liability,evidenceOfInsuranceCommercialGeneralLiabilityGeneralAggregate,General Aggregate,,matchOnce,must be greater or equal to,2000000,4000000,compliant,Block Requirements,,,false,1,,2026-08-16
"Block Real Estate Services, LLC",69fdf7b562446148bd85c452,69fded1562446148bd848dbd,"FleetPride, Inc",69fdf1eb02bb2c42a87a8cf8,"tic782 - Executive Park Distribution Center #3 {Cal Vent Group, LTD}",evidenceOfInsurance,Evidence of Insurance,commercialGeneralLiability,Commercial General Liability,evidenceOfInsuranceCommercialGeneralLiabilityWaiverOfSubrogationEndorsement,Waiver of Subrogation,"---prompt---
Determine if the insurer has waived their right of subrogation in favor of the certificate holder under the Commercial General Liability policy. Evidence may include: a checked ""Waiver of Subrogation"" box on the certificate, mention in the Description of Operations section stating ""waiver of subrogation applies"", or reference to form CG 24 04. Look for language like ""subrogation is waived"" or ""per written contract"".",matchOnce,must be present,,,non_compliant,Block Requirements,,,false,0,,2026-08-16
"Block Real Estate Services, LLC",69fdf7b562446148bd85c452,69fded1562446148bd848dbd,"FleetPride, Inc",69fdf1eb02bb2c42a87a8cf8,"tic782 - Executive Park Distribution Center #3 {Cal Vent Group, LTD}",evidenceOfInsurance,Evidence of Insurance,excessOrUmbrellaLiability,Umbrella/Excess Liability,evidenceOfInsuranceExcessOrUmbrellaLiabilityOccurence,Coverage Trigger: Occurrence,,matchOnce,must be present,,Present,compliant,Block Requirements,,,false,1,,2026-08-16
"Block Real Estate Services, LLC",69fdf7b562446148bd85c452,69fded1562446148bd848dbd,"FleetPride, Inc",69fdf1eb02bb2c42a87a8cf8,"tic782 - Executive Park Distribution Center #3 {Cal Vent Group, LTD}",evidenceOfInsurance,Evidence of Insurance,excessOrUmbrellaLiability,Umbrella/Excess Liability,evidenceOfInsuranceExcessOrUmbrellaLiabilityEachOccurrence,Each Occurrence,,matchOnce,must be greater or equal to,1000000,20000000,compliant,Block Requirements,,,false,1,,2026-08-16
"Block Real Estate Services, LLC",69fdf7b562446148bd85c452,69fded1562446148bd848dbd,"FleetPride, Inc",69fdf1eb02bb2c42a87a8cf8,"tic782 - Executive Park Distribution Center #3 {Cal Vent Group, LTD}",evidenceOfInsurance,Evidence of Insurance,excessOrUmbrellaLiability,Umbrella/Excess Liability,evidenceOfInsuranceExcessOrUmbrellaLiabilityAggregate,Aggregate,,matchOnce,must be greater or equal to,1000000,20000000,compliant,Block Requirements,,,false,1,,2026-08-16
"Block Real Estate Services, LLC",69fdf7b562446148bd85c452,69fded1562446148bd848dbd,"FleetPride, Inc",69fdf1eb02bb2c42a87a8cf8,"tic782 - Executive Park Distribution Center #3 {Cal Vent Group, LTD}",evidenceOfInsurance,Evidence of Insurance,workersCompensation,Workers' Compensation and Employer's Liability,evidenceOfInsuranceWorkersCompensationStatutoryLimits,Statutory Limits,,matchOnce,must be present,,Present,compliant,Block Requirements,,,false,1,,2026-08-16
"Block Real Estate Services, LLC",69fdf7b562446148bd85c452,69fded1562446148bd848dbd,"FleetPride, Inc",69fdf1eb02bb2c42a87a8cf8,"tic782 - Executive Park Distribution Center #3 {Cal Vent Group, LTD}",evidenceOfInsurance,Evidence of Insurance,workersCompensation,Workers' Compensation and Employer's Liability,evidenceOfInsuranceWorkersCompensationEmployersLiabilityEachAccident,Employer's Liability Each Accident,,matchOnce,must be greater or equal to,500000,1000000,compliant,Block Requirements,,,false,1,,2026-08-16
"Block Real Estate Services, LLC",69fdf7b562446148bd85c452,69fded1562446148bd848dbd,"FleetPride, Inc",69fdf1eb02bb2c42a87a8cf8,"tic782 - Executive Park Distribution Center #3 {Cal Vent Group, LTD}",evidenceOfInsurance,Evidence of Insurance,workersCompensation,Workers' Compensation and Employer's Liability,evidenceOfInsuranceWorkersCompensationEmployersLiabilityDiseaseEachEmployee,Employer's Liability Disease - each employee,,matchOnce,must be greater or equal to,500000,1000000,compliant,Block Requirements,,,false,1,,2026-08-16
"Block Real Estate Services, LLC",69fdf7b562446148bd85c452,69fded1562446148bd848dbd,"FleetPride, Inc",69fdf1eb02bb2c42a87a8cf8,"tic782 - Executive Park Distribution Center #3 {Cal Vent Group, LTD}",evidenceOfInsurance,Evidence of Insurance,workersCompensation,Workers' Compensation and Employer's Liability,evidenceOfInsuranceWorkersCompensationEmployersLiabilityDiseasePolicyLimit,Employer's Liability Disease - policy limit,,matchOnce,must be greater or equal to,500000,1000000,compliant,Block Requirements,,,false,1,,2026-08-16
"Block Real Estate Services, LLC",69fdf7b562446148bd85c452,69fded1562446148bd848dbd,"FleetPride, Inc",69fdf1eb02bb2c42a87a8cf8,"tic782 - Executive Park Distribution Center #3 {Cal Vent Group, LTD}",evidenceOfInsurance,Evidence of Insurance,workersCompensation,Workers' Compensation and Employer's Liability,evidenceOfInsuranceWorkersCompensationWaiverOfSubrogationEndorsement,Waiver of Subrogation,"---prompt---
Determine if the insurer has waived their right of subrogation in favor of the certificate holder under the Workers' Compensation policy. Evidence may include: a checked ""Waiver of Subrogation"" box on the certificate, mention in the Description of Operations section stating ""waiver of subrogation applies"", or reference to form WC 00 03 13. Look for language like ""subrogation is waived"" or ""per written contract"".",matchOnce,must be present,,,non_compliant,Block Requirements,,,false,0,,2026-08-16
"Block Real Estate Services, LLC",69fdf7b562446148bd85c452,69fded1562446148bd848dbd,"FleetPride, Inc",69fdf1eb02bb2c42a87a8cf8,"tic782 - Executive Park Distribution Center #3 {Cal Vent Group, LTD}",evidenceOfInsurance,Evidence of Insurance,6ac20aae-5728-5d57-b364-aeba38527dba,Additional Requirements,4da5b0f1-4c9d-5885-8cf8-5d3cccaed3e0,"Block Real Estate Services, LLC and all others required by contract are named as Additional Insureds","---prompt---
Determine if the Description of Operations or the Additional Remarks Schedule section states the ""Additional Insured as Construction Management, Inc. and all others required by contract"" or reference to blanket additional insured coverage. Look for language like ""certificate holder is additional insured"" or ""per written contract"".",matchOnce,must be present,,,non_compliant,Block Requirements,,,true,0,,2026-08-16
"Block Real Estate Services, LLC",69fdf7b562446148bd85c452,69fded1562446148bd848dbd,"FleetPride, Inc",69fdf1eb02bb2c42a87a8cf8,"tic782 - Executive Park Distribution Center #3 {Cal Vent Group, LTD}",evidenceOfInsurance,Evidence of Insurance,6ac20aae-5728-5d57-b364-aeba38527dba,Additional Requirements,e1017741-e47e-5f58-97b8-fbc3043e919f,Umbrella follows form over General Liability,"---prompt---
Determine if the Umbrella/Excess Liability policy follows form to the underlying policies. Evidence may include: language in the Description of Operations section stating the umbrella follows form to underlying coverages or an additional page endorsement stating that it follows form. Follow form means the umbrella policy adopts the same terms, conditions, and exclusions as the underlying policies.",matchOnce,must be present,,,non_compliant,Block Requirements,,,true,0,,2026-08-16
"Block Real Estate Services, LLC",69fdf7b562446148bd85c452,69fded1562446148bd848dbd,"FleetPride, Inc",69fdf1eb02bb2c42a87a8cf8,"tic782 - Executive Park Distribution Center #3 {Cal Vent Group, LTD}",evidenceOfInsurance,Evidence of Insurance,6ac20aae-5728-5d57-b364-aeba38527dba,Additional Requirements,2cdd866f-c9a4-576a-afd8-1d045762790c,The location must be listed as: 1250 N. Corrington Kansas City MO 64120,,matchOnce,must be present,,Present,compliant,Block Requirements,,,true,1,,2026-08-16
"Block Real Estate Services, LLC",69fdf7b562446148bd85c452,69fded1562446148bd848dbd,"FleetPride, Inc",69fdf1eb02bb2c42a87a8cf8,"tic782 - Executive Park Distribution Center #3 {Cal Vent Group, LTD}",evidenceOfInsurance,Evidence of Insurance,6ac20aae-5728-5d57-b364-aeba38527dba,Additional Requirements,3649e9d1-4e09-59bf-8f30-cb33c40cf117,"Certificate Holder must read: c/o Block Real Estate Services, LLC, 4622 Pennsylvania St., Suite 700, Kansas City, MO, 64112",,matchOnce,must be present,,Present,compliant,Block Requirements,,,true,1,,2026-08-16
"Block Real Estate Services, LLC",69fdf79262446148bd859c13,69fded1962446148bd848eec,KC Cocktail Company LLC,69fdf0e502bb2c42a87a3d50,"prg807 - Pine Ridge Building F {PERG BUILDINGS, LLC}",evidenceOfInsurance,Evidence of Insurance,commercialGeneralLiability,Commercial General Liability,evidenceOfInsuranceCommercialGeneralLiabilityCoverageTriggerOccurrence,Coverage Trigger: Occurrence,,matchOnce,must be present,,,non_compliant,Block Requirements,,,false,0,,2026-08-16
"Block Real Estate Services, LLC",69fdf79262446148bd859c13,69fded1962446148bd848eec,KC Cocktail Company LLC,69fdf0e502bb2c42a87a3d50,"prg807 - Pine Ridge Building F {PERG BUILDINGS, LLC}",evidenceOfInsurance,Evidence of Insurance,commercialGeneralLiability,Commercial General Liability,evidenceOfInsuranceCommercialGeneralLiabilityGeneralAggregateLimitAppliesPerLocation,General Aggregate Limit Applies per: Location,,matchOnce,must be present,,,non_compliant,Block Requirements,,,false,0,,2026-08-16
"Block Real Estate Services, LLC",69fdf79262446148bd859c13,69fded1962446148bd848eec,KC Cocktail Company LLC,69fdf0e502bb2c42a87a3d50,"prg807 - Pine Ridge Building F {PERG BUILDINGS, LLC}",evidenceOfInsurance,Evidence of Insurance,commercialGeneralLiability,Commercial General Liability,evidenceOfInsuranceCommercialGeneralLiabilityEachOccurrence,Each Occurrence,,matchOnce,must be greater or equal to,1000000,,non_compliant,Block Requirements,,,false,0,,2026-08-16
"Block Real Estate Services, LLC",69fdf79262446148bd859c13,69fded1962446148bd848eec,KC Cocktail Company LLC,69fdf0e502bb2c42a87a3d50,"prg807 - Pine Ridge Building F {PERG BUILDINGS, LLC}",evidenceOfInsurance,Evidence of Insurance,commercialGeneralLiability,Commercial General Liability,evidenceOfInsuranceCommercialGeneralLiabilityGeneralAggregate,General Aggregate,,matchOnce,must be greater or equal to,2000000,,non_compliant,Block Requirements,,,false,0,,2026-08-16
"Block Real Estate Services, LLC",69fdf79262446148bd859c13,69fded1962446148bd848eec,KC Cocktail Company LLC,69fdf0e502bb2c42a87a3d50,"prg807 - Pine Ridge Building F {PERG BUILDINGS, LLC}",evidenceOfInsurance,Evidence of Insurance,commercialGeneralLiability,Commercial General Liability,evidenceOfInsuranceCommercialGeneralLiabilityWaiverOfSubrogationEndorsement,Waiver of Subrogation,"---prompt---
Determine if the insurer has waived their right of subrogation in favor of the certificate holder under the Commercial General Liability policy. Evidence may include: a checked ""Waiver of Subrogation"" box on the certificate, mention in the Description of Operations section stating ""waiver of subrogation applies"", or reference to form CG 24 04. Look for language like ""subrogation is waived"" or ""per written contract"".",matchOnce,must be present,,,non_compliant,Block Requirements,,,false,0,,2026-08-16
"Block Real Estate Services, LLC",69fdf79262446148bd859c13,69fded1962446148bd848eec,KC Cocktail Company LLC,69fdf0e502bb2c42a87a3d50,"prg807 - Pine Ridge Building F {PERG BUILDINGS, LLC}",evidenceOfInsurance,Evidence of Insurance,excessOrUmbrellaLiability,Umbrella/Excess Liability,evidenceOfInsuranceExcessOrUmbrellaLiabilityOccurence,Coverage Trigger: Occurrence,,matchOnce,must be present,,,non_compliant,Block Requirements,,,false,0,,2026-08-16
"Block Real Estate Services, LLC",69fdf79262446148bd859c13,69fded1962446148bd848eec,KC Cocktail Company LLC,69fdf0e502bb2c42a87a3d50,"prg807 - Pine Ridge Building F {PERG BUILDINGS, LLC}",evidenceOfInsurance,Evidence of Insurance,excessOrUmbrellaLiability,Umbrella/Excess Liability,evidenceOfInsuranceExcessOrUmbrellaLiabilityEachOccurrence,Each Occurrence,,matchOnce,must be greater or equal to,1000000,,non_compliant,Block Requirements,,,false,0,,2026-08-16
"Block Real Estate Services, LLC",69fdf79262446148bd859c13,69fded1962446148bd848eec,KC Cocktail Company LLC,69fdf0e502bb2c42a87a3d50,"prg807 - Pine Ridge Building F {PERG BUILDINGS, LLC}",evidenceOfInsurance,Evidence of Insurance,excessOrUmbrellaLiability,Umbrella/Excess Liability,evidenceOfInsuranceExcessOrUmbrellaLiabilityAggregate,Aggregate,,matchOnce,must be greater or equal to,1000000,,non_compliant,Block Requirements,,,false,0,,2026-08-16
"Block Real Estate Services, LLC",69fdf79262446148bd859c13,69fded1962446148bd848eec,KC Cocktail Company LLC,69fdf0e502bb2c42a87a3d50,"prg807 - Pine Ridge Building F {PERG BUILDINGS, LLC}",evidenceOfInsurance,Evidence of Insurance,workersCompensation,Workers' Compensation and Employer's Liability,evidenceOfInsuranceWorkersCompensationStatutoryLimits,Statutory Limits,,matchOnce,must be present,,,non_compliant,Block Requirements,,,false,0,,2026-08-16
"Block Real Estate Services, LLC",69fdf79262446148bd859c13,69fded1962446148bd848eec,KC Cocktail Company LLC,69fdf0e502bb2c42a87a3d50,"prg807 - Pine Ridge Building F {PERG BUILDINGS, LLC}",evidenceOfInsurance,Evidence of Insurance,workersCompensation,Workers' Compensation and Employer's Liability,evidenceOfInsuranceWorkersCompensationEmployersLiabilityEachAccident,Employer's Liability Each Accident,,matchOnce,must be greater or equal to,500000,,non_compliant,Block Requirements,,,false,0,,2026-08-16
"Block Real Estate Services, LLC",69fdf79262446148bd859c13,69fded1962446148bd848eec,KC Cocktail Company LLC,69fdf0e502bb2c42a87a3d50,"prg807 - Pine Ridge Building F {PERG BUILDINGS, LLC}",evidenceOfInsurance,Evidence of Insurance,workersCompensation,Workers' Compensation and Employer's Liability,evidenceOfInsuranceWorkersCompensationEmployersLiabilityDiseaseEachEmployee,Employer's Liability Disease - each employee,,matchOnce,must be greater or equal to,500000,,non_compliant,Block Requirements,,,false,0,,2026-08-16
"Block Real Estate Services, LLC",69fdf79262446148bd859c13,69fded1962446148bd848eec,KC Cocktail Company LLC,69fdf0e502bb2c42a87a3d50,"prg807 - Pine Ridge Building F {PERG BUILDINGS, LLC}",evidenceOfInsurance,Evidence of Insurance,workersCompensation,Workers' Compensation and Employer's Liability,evidenceOfInsuranceWorkersCompensationEmployersLiabilityDiseasePolicyLimit,Employer's Liability Disease - policy limit,,matchOnce,must be greater or equal to,500000,,non_compliant,Block Requirements,,,false,0,,2026-08-16
"Block Real Estate Services, LLC",69fdf79262446148bd859c13,69fded1962446148bd848eec,KC Cocktail Company LLC,69fdf0e502bb2c42a87a3d50,"prg807 - Pine Ridge Building F {PERG BUILDINGS, LLC}",evidenceOfInsurance,Evidence of Insurance,workersCompensation,Workers' Compensation and Employer's Liability,evidenceOfInsuranceWorkersCompensationWaiverOfSubrogationEndorsement,Waiver of Subrogation,"---prompt---
Determine if the insurer has waived their right of subrogation in favor of the certificate holder under the Workers' Compensation policy. Evidence may include: a checked ""Waiver of Subrogation"" box on the certificate, mention in the Description of Operations section stating ""waiver of subrogation applies"", or reference to form WC 00 03 13. Look for language like ""subrogation is waived"" or ""per written contract"".",matchOnce,must be present,,,non_compliant,Block Requirements,,,false,0,,2026-08-16
"Block Real Estate Services, LLC",69fdf79262446148bd859c13,69fded1962446148bd848eec,KC Cocktail Company LLC,69fdf0e502bb2c42a87a3d50,"prg807 - Pine Ridge Building F {PERG BUILDINGS, LLC}",evidenceOfInsurance,Evidence of Insurance,6ac20aae-5728-5d57-b364-aeba38527dba,Additional Requirements,4da5b0f1-4c9d-5885-8cf8-5d3cccaed3e0,"Block Real Estate Services, LLC and all others required by contract are named as Additional Insureds","---prompt---
Determine if the Description of Operations or the Additional Remarks Schedule section states the ""Additional Insured as Construction Management, Inc. and all others required by contract"" or reference to blanket additional insured coverage. Look for language like ""certificate holder is additional insured"" or ""per written contract"".",matchOnce,must be present,,,non_compliant,Block Requirements,,,true,0,,2026-08-16
"Block Real Estate Services, LLC",69fdf79262446148bd859c13,69fded1962446148bd848eec,KC Cocktail Company LLC,69fdf0e502bb2c42a87a3d50,"prg807 - Pine Ridge Building F {PERG BUILDINGS, LLC}",evidenceOfInsurance,Evidence of Insurance,6ac20aae-5728-5d57-b364-aeba38527dba,Additional Requirements,e1017741-e47e-5f58-97b8-fbc3043e919f,Umbrella follows form over General Liability,"---prompt---
Determine if the Umbrella/Excess Liability policy follows form to the underlying policies. Evidence may include: language in the Description of Operations section stating the umbrella follows form to underlying coverages or an additional page endorsement stating that it follows form. Follow form means the umbrella policy adopts the same terms, conditions, and exclusions as the underlying policies.",matchOnce,must be present,,,non_compliant,Block Requirements,,,true,0,,2026-08-16
"Block Real Estate Services, LLC",69fdf79262446148bd859c13,69fded1962446148bd848eec,KC Cocktail Company LLC,69fdf0e502bb2c42a87a3d50,"prg807 - Pine Ridge Building F {PERG BUILDINGS, LLC}",evidenceOfInsurance,Evidence of Insurance,6ac20aae-5728-5d57-b364-aeba38527dba,Additional Requirements,2cdd866f-c9a4-576a-afd8-1d045762790c,The location must be listed as: 8395 Melrose Drive Lenexa KS 66214,,matchOnce,must be present,,,non_compliant,Block Requirements,,,true,0,,2026-08-16
"Block Real Estate Services, LLC",69fdf79262446148bd859c13,69fded1962446148bd848eec,KC Cocktail Company LLC,69fdf0e502bb2c42a87a3d50,"prg807 - Pine Ridge Building F {PERG BUILDINGS, LLC}",evidenceOfInsurance,Evidence of Insurance,6ac20aae-5728-5d57-b364-aeba38527dba,Additional Requirements,3649e9d1-4e09-59bf-8f30-cb33c40cf117,"Certificate Holder must read: c/o Block Real Estate Services, LLC, 4622 Pennsylvania St., Suite 700, Kansas City, MO, 64112",,matchOnce,must be present,,,non_compliant,Block Requirements,,,true,0,,2026-08-16
"Block Real Estate Services, LLC",69fdf79262446148bd859c11,69fded1462446148bd848d81,Excel Automation Inc.,69fdf0e502bb2c42a87a3d50,"prg807 - Pine Ridge Building F {PERG BUILDINGS, LLC}",evidenceOfInsurance,Evidence of Insurance,commercialGeneralLiability,Commercial General Liability,evidenceOfInsuranceCommercialGeneralLiabilityCoverageTriggerOccurrence,Coverage Trigger: Occurrence,,matchOnce,must be present,,Present,compliant,Block Requirements,,,false,1,,2026-08-16
"Block Real Estate Services, LLC",69fdf79262446148bd859c11,69fded1462446148bd848d81,Excel Automation Inc.,69fdf0e502bb2c42a87a3d50,"prg807 - Pine Ridge Building F {PERG BUILDINGS, LLC}",evidenceOfInsurance,Evidence of Insurance,commercialGeneralLiability,Commercial General Liability,evidenceOfInsuranceCommercialGeneralLiabilityGeneralAggregateLimitAppliesPerLocation,General Aggregate Limit Applies per: Location,,matchOnce,must be present,,,non_compliant,Block Requirements,,,false,0,,2026-08-16
"Block Real Estate Services, LLC",69fdf79262446148bd859c11,69fded1462446148bd848d81,Excel Automation Inc.,69fdf0e502bb2c42a87a3d50,"prg807 - Pine Ridge Building F {PERG BUILDINGS, LLC}",evidenceOfInsurance,Evidence of Insurance,commercialGeneralLiability,Commercial General Liability,evidenceOfInsuranceCommercialGeneralLiabilityEachOccurrence,Each Occurrence,,matchOnce,must be greater or equal to,1000000,1000000,compliant,Block Requirements,,,false,1,,2026-08-16
"Block Real Estate Services, LLC",69fdf79262446148bd859c11,69fded1462446148bd848d81,Excel Automation Inc.,69fdf0e502bb2c42a87a3d50,"prg807 - Pine Ridge Building F {PERG BUILDINGS, LLC}",evidenceOfInsurance,Evidence of Insurance,commercialGeneralLiability,Commercial General Liability,evidenceOfInsuranceCommercialGeneralLiabilityGeneralAggregate,General Aggregate,,matchOnce,must be greater or equal to,2000000,2000000,compliant,Block Requirements,,,false,1,,2026-08-16
"Block Real Estate Services, LLC",69fdf79262446148bd859c11,69fded1462446148bd848d81,Excel Automation Inc.,69fdf0e502bb2c42a87a3d50,"prg807 - Pine Ridge Building F {PERG BUILDINGS, LLC}",evidenceOfInsurance,Evidence of Insurance,commercialGeneralLiability,Commercial General Liability,evidenceOfInsuranceCommercialGeneralLiabilityWaiverOfSubrogationEndorsement,Waiver of Subrogation,"---prompt---
Determine if the insurer has waived their right of subrogation in favor of the certificate holder under the Commercial General Liability policy. Evidence may include: a checked ""Waiver of Subrogation"" box on the certificate, mention in the Description of Operations section stating ""waiver of subrogation applies"", or reference to form CG 24 04. Look for language like ""subrogation is waived"" or ""per written contract"".",matchOnce,must be present,,Present,compliant,Block Requirements,,,false,1,,2026-08-16
"Block Real Estate Services, LLC",69fdf79262446148bd859c11,69fded1462446148bd848d81,Excel Automation Inc.,69fdf0e502bb2c42a87a3d50,"prg807 - Pine Ridge Building F {PERG BUILDINGS, LLC}",evidenceOfInsurance,Evidence of Insurance,excessOrUmbrellaLiability,Umbrella/Excess Liability,evidenceOfInsuranceExcessOrUmbrellaLiabilityOccurence,Coverage Trigger: Occurrence,,matchOnce,must be present,,,non_compliant,Block Requirements,,,false,0,,2026-08-16
"Block Real Estate Services, LLC",69fdf79262446148bd859c11,69fded1462446148bd848d81,Excel Automation Inc.,69fdf0e502bb2c42a87a3d50,"prg807 - Pine Ridge Building F {PERG BUILDINGS, LLC}",evidenceOfInsurance,Evidence of Insurance,excessOrUmbrellaLiability,Umbrella/Excess Liability,evidenceOfInsuranceExcessOrUmbrellaLiabilityEachOccurrence,Each Occurrence,,matchOnce,must be greater or equal to,1000000,,non_compliant,Block Requirements,,,false,0,,2026-08-16
"Block Real Estate Services, LLC",69fdf79262446148bd859c11,69fded1462446148bd848d81,Excel Automation Inc.,69fdf0e502bb2c42a87a3d50,"prg807 - Pine Ridge Building F {PERG BUILDINGS, LLC}",evidenceOfInsurance,Evidence of Insurance,excessOrUmbrellaLiability,Umbrella/Excess Liability,evidenceOfInsuranceExcessOrUmbrellaLiabilityAggregate,Aggregate,,matchOnce,must be greater or equal to,1000000,,non_compliant,Block Requirements,,,false,0,,2026-08-16
"Block Real Estate Services, LLC",69fdf79262446148bd859c11,69fded1462446148bd848d81,Excel Automation Inc.,69fdf0e502bb2c42a87a3d50,"prg807 - Pine Ridge Building F {PERG BUILDINGS, LLC}",evidenceOfInsurance,Evidence of Insurance,workersCompensation,Workers' Compensation and Employer's Liability,evidenceOfInsuranceWorkersCompensationStatutoryLimits,Statutory Limits,,matchOnce,must be present,,Present,compliant,Block Requirements,,,false,1,,2026-08-16
"Block Real Estate Services, LLC",69fdf79262446148bd859c11,69fded1462446148bd848d81,Excel Automation Inc.,69fdf0e502bb2c42a87a3d50,"prg807 - Pine Ridge Building F {PERG BUILDINGS, LLC}",evidenceOfInsurance,Evidence of Insurance,workersCompensation,Workers' Compensation and Employer's Liability,evidenceOfInsuranceWorkersCompensationEmployersLiabilityEachAccident,Employer's Liability Each Accident,,matchOnce,must be greater or equal to,500000,1000000,compliant,Block Requirements,,,false,1,,2026-08-16
"Block Real Estate Services, LLC",69fdf79262446148bd859c11,69fded1462446148bd848d81,Excel Automation Inc.,69fdf0e502bb2c42a87a3d50,"prg807 - Pine Ridge Building F {PERG BUILDINGS, LLC}",evidenceOfInsurance,Evidence of Insurance,workersCompensation,Workers' Compensation and Employer's Liability,evidenceOfInsuranceWorkersCompensationEmployersLiabilityDiseaseEachEmployee,Employer's Liability Disease - each employee,,matchOnce,must be greater or equal to,500000,1000000,compliant,Block Requirements,,,false,1,,2026-08-16
"Block Real Estate Services, LLC",69fdf79262446148bd859c11,69fded1462446148bd848d81,Excel Automation Inc.,69fdf0e502bb2c42a87a3d50,"prg807 - Pine Ridge Building F {PERG BUILDINGS, LLC}",evidenceOfInsurance,Evidence of Insurance,workersCompensation,Workers' Compensation and Employer's Liability,evidenceOfInsuranceWorkersCompensationEmployersLiabilityDiseasePolicyLimit,Employer's Liability Disease - policy limit,,matchOnce,must be greater or equal to,500000,1000000,compliant,Block Requirements,,,false,1,,2026-08-16
"Block Real Estate Services, LLC",69fdf79262446148bd859c11,69fded1462446148bd848d81,Excel Automation Inc.,69fdf0e502bb2c42a87a3d50,"prg807 - Pine Ridge Building F {PERG BUILDINGS, LLC}",evidenceOfInsurance,Evidence of Insurance,workersCompensation,Workers' Compensation and Employer's Liability,evidenceOfInsuranceWorkersCompensationWaiverOfSubrogationEndorsement,Waiver of Subrogation,"---prompt---
Determine if the insurer has waived their right of subrogation in favor of the certificate holder under the Workers' Compensation policy. Evidence may include: a checked ""Waiver of Subrogation"" box on the certificate, mention in the Description of Operations section stating ""waiver of subrogation applies"", or reference to form WC 00 03 13. Look for language like ""subrogation is waived"" or ""per written contract"".",matchOnce,must be present,,Present,compliant,Block Requirements,,,false,1,,2026-08-16
"Block Real Estate Services, LLC",69fdf79262446148bd859c11,69fded1462446148bd848d81,Excel Automation Inc.,69fdf0e502bb2c42a87a3d50,"prg807 - Pine Ridge Building F {PERG BUILDINGS, LLC}",evidenceOfInsurance,Evidence of Insurance,6ac20aae-5728-5d57-b364-aeba38527dba,Additional Requirements,4da5b0f1-4c9d-5885-8cf8-5d3cccaed3e0,"Block Real Estate Services, LLC and all others required by contract are named as Additional Insureds","---prompt---
Determine if the Description of Operations or the Additional Remarks Schedule section states the ""Additional Insured as Construction Management, Inc. and all others required by contract"" or reference to blanket additional insured coverage. Look for language like ""certificate holder is additional insured"" or ""per written contract"".",matchOnce,must be present,,Present,compliant,Block Requirements,,,true,1,,2026-08-16
"Block Real Estate Services, LLC",69fdf79262446148bd859c11,69fded1462446148bd848d81,Excel Automation Inc.,69fdf0e502bb2c42a87a3d50,"prg807 - Pine Ridge Building F {PERG BUILDINGS, LLC}",evidenceOfInsurance,Evidence of Insurance,6ac20aae-5728-5d57-b364-aeba38527dba,Additional Requirements,e1017741-e47e-5f58-97b8-fbc3043e919f,Umbrella follows form over General Liability,"---prompt---
Determine if the Umbrella/Excess Liability policy follows form to the underlying policies. Evidence may include: language in the Description of Operations section stating the umbrella follows form to underlying coverages or an additional page endorsement stating that it follows form. Follow form means the umbrella policy adopts the same terms, conditions, and exclusions as the underlying policies.",matchOnce,must be present,,,non_compliant,Block Requirements,,,true,0,,2026-08-16
"Block Real Estate Services, LLC",69fdf79262446148bd859c11,69fded1462446148bd848d81,Excel Automation Inc.,69fdf0e502bb2c42a87a3d50,"prg807 - Pine Ridge Building F {PERG BUILDINGS, LLC}",evidenceOfInsurance,Evidence of Insurance,6ac20aae-5728-5d57-b364-aeba38527dba,Additional Requirements,2cdd866f-c9a4-576a-afd8-1d045762790c,The location must be listed as: 8393 Melrose Drive Lenexa KS 66214,,matchOnce,must be present,,Present,compliant,Block Requirements,,,true,1,,2026-08-16
"Block Real Estate Services, LLC",69fdf79262446148bd859c11,69fded1462446148bd848d81,Excel Automation Inc.,69fdf0e502bb2c42a87a3d50,"prg807 - Pine Ridge Building F {PERG BUILDINGS, LLC}",evidenceOfInsurance,Evidence of Insurance,6ac20aae-5728-5d57-b364-aeba38527dba,Additional Requirements,3649e9d1-4e09-59bf-8f30-cb33c40cf117,"Certificate Holder must read: c/o Block Real Estate Services, LLC, 4622 Pennsylvania St., Suite 700, Kansas City, MO, 64112",,matchOnce,must be present,,Present,compliant,Block Requirements,,,true,1,,2026-08-16
"Block Real Estate Services, LLC",69fdf79262446148bd859c15,69fded2162446148bd84917a,"Church's Chicken / SNSA, Inc.",69fdf0e502bb2c42a87a3d50,"prg807 - Pine Ridge Building F {PERG BUILDINGS, LLC}",evidenceOfInsurance,Evidence of Insurance,commercialGeneralLiability,Commercial General Liability,evidenceOfInsuranceCommercialGeneralLiabilityCoverageTriggerOccurrence,Coverage Trigger: Occurrence,,matchOnce,must be present,,,non_compliant,Block Requirements,,,false,0,,2026-08-16
"Block Real Estate Services, LLC",69fdf79262446148bd859c15,69fded2162446148bd84917a,"Church's Chicken / SNSA, Inc.",69fdf0e502bb2c42a87a3d50,"prg807 - Pine Ridge Building F {PERG BUILDINGS, LLC}",evidenceOfInsurance,Evidence of Insurance,commercialGeneralLiability,Commercial General Liability,evidenceOfInsuranceCommercialGeneralLiabilityGeneralAggregateLimitAppliesPerLocation,General Aggregate Limit Applies per: Location,,matchOnce,must be present,,,non_compliant,Block Requirements,,,false,0,,2026-08-16
"Block Real Estate Services, LLC",69fdf79262446148bd859c15,69fded2162446148bd84917a,"Church's Chicken / SNSA, Inc.",69fdf0e502bb2c42a87a3d50,"prg807 - Pine Ridge Building F {PERG BUILDINGS, LLC}",evidenceOfInsurance,Evidence of Insurance,commercialGeneralLiability,Commercial General Liability,evidenceOfInsuranceCommercialGeneralLiabilityEachOccurrence,Each Occurrence,,matchOnce,must be greater or equal to,1000000,,non_compliant,Block Requirements,,,false,0,,2026-08-16
"Block Real Estate Services, LLC",69fdf79262446148bd859c15,69fded2162446148bd84917a,"Church's Chicken / SNSA, Inc.",69fdf0e502bb2c42a87a3d50,"prg807 - Pine Ridge Building F {PERG BUILDINGS, LLC}",evidenceOfInsurance,Evidence of Insurance,commercialGeneralLiability,Commercial General Liability,evidenceOfInsuranceCommercialGeneralLiabilityGeneralAggregate,General Aggregate,,matchOnce,must be greater or equal to,2000000,,non_compliant,Block Requirements,,,false,0,,2026-08-16
"Block Real Estate Services, LLC",69fdf79262446148bd859c15,69fded2162446148bd84917a,"Church's Chicken / SNSA, Inc.",69fdf0e502bb2c42a87a3d50,"prg807 - Pine Ridge Building F {PERG BUILDINGS, LLC}",evidenceOfInsurance,Evidence of Insurance,commercialGeneralLiability,Commercial General Liability,evidenceOfInsuranceCommercialGeneralLiabilityWaiverOfSubrogationEndorsement,Waiver of Subrogation,"---prompt---
Determine if the insurer has waived their right of subrogation in favor of the certificate holder under the Commercial General Liability policy. Evidence may include: a checked ""Waiver of Subrogation"" box on the certificate, mention in the Description of Operations section stating ""waiver of subrogation applies"", or reference to form CG 24 04. Look for language like ""subrogation is waived"" or ""per written contract"".",matchOnce,must be present,,,non_compliant,Block Requirements,,,false,0,,2026-08-16
"Block Real Estate Services, LLC",69fdf79262446148bd859c15,69fded2162446148bd84917a,"Church's Chicken / SNSA, Inc.",69fdf0e502bb2c42a87a3d50,"prg807 - Pine Ridge Building F {PERG BUILDINGS, LLC}",evidenceOfInsurance,Evidence of Insurance,excessOrUmbrellaLiability,Umbrella/Excess Liability,evidenceOfInsuranceExcessOrUmbrellaLiabilityOccurence,Coverage Trigger: Occurrence,,matchOnce,must be present,,,non_compliant,Block Requirements,,,false,0,,2026-08-16
"Block Real Estate Services, LLC",69fdf79262446148bd859c15,69fded2162446148bd84917a,"Church's Chicken / SNSA, Inc.",69fdf0e502bb2c42a87a3d50,"prg807 - Pine Ridge Building F {PERG BUILDINGS, LLC}",evidenceOfInsurance,Evidence of Insurance,excessOrUmbrellaLiability,Umbrella/Excess Liability,evidenceOfInsuranceExcessOrUmbrellaLiabilityEachOccurrence,Each Occurrence,,matchOnce,must be greater or equal to,1000000,,non_compliant,Block Requirements,,,false,0,,2026-08-16
"Block Real Estate Services, LLC",69fdf79262446148bd859c15,69fded2162446148bd84917a,"Church's Chicken / SNSA, Inc.",69fdf0e502bb2c42a87a3d50,"prg807 - Pine Ridge Building F {PERG BUILDINGS, LLC}",evidenceOfInsurance,Evidence of Insurance,excessOrUmbrellaLiability,Umbrella/Excess Liability,evidenceOfInsuranceExcessOrUmbrellaLiabilityAggregate,Aggregate,,matchOnce,must be greater or equal to,1000000,,non_compliant,Block Requirements,,,false,0,,2026-08-16
"Block Real Estate Services, LLC",69fdf79262446148bd859c15,69fded2162446148bd84917a,"Church's Chicken / SNSA, Inc.",69fdf0e502bb2c42a87a3d50,"prg807 - Pine Ridge Building F {PERG BUILDINGS, LLC}",evidenceOfInsurance,Evidence of Insurance,workersCompensation,Workers' Compensation and Employer's Liability,evidenceOfInsuranceWorkersCompensationStatutoryLimits,Statutory Limits,,matchOnce,must be present,,Present,compliant,Block Requirements,,,false,1,,2026-08-16
"Block Real Estate Services, LLC",69fdf79262446148bd859c15,69fded2162446148bd84917a,"Church's Chicken / SNSA, Inc.",69fdf0e502bb2c42a87a3d50,"prg807 - Pine Ridge Building F {PERG BUILDINGS, LLC}",evidenceOfInsurance,Evidence of Insurance,workersCompensation,Workers' Compensation and Employer's Liability,evidenceOfInsuranceWorkersCompensationEmployersLiabilityEachAccident,Employer's Liability Each Accident,,matchOnce,must be greater or equal to,500000,1000000,compliant,Block Requirements,,,false,1,,2026-08-16
"Block Real Estate Services, LLC",69fdf79262446148bd859c15,69fded2162446148bd84917a,"Church's Chicken / SNSA, Inc.",69fdf0e502bb2c42a87a3d50,"prg807 - Pine Ridge Building F {PERG BUILDINGS, LLC}",evidenceOfInsurance,Evidence of Insurance,workersCompensation,Workers' Compensation and Employer's Liability,evidenceOfInsuranceWorkersCompensationEmployersLiabilityDiseaseEachEmployee,Employer's Liability Disease - each employee,,matchOnce,must be greater or equal to,500000,1000000,compliant,Block Requirements,,,false,1,,2026-08-16
"Block Real Estate Services, LLC",69fdf79262446148bd859c15,69fded2162446148bd84917a,"Church's Chicken / SNSA, Inc.",69fdf0e502bb2c42a87a3d50,"prg807 - Pine Ridge Building F {PERG BUILDINGS, LLC}",evidenceOfInsurance,Evidence of Insurance,workersCompensation,Workers' Compensation and Employer's Liability,evidenceOfInsuranceWorkersCompensationEmployersLiabilityDiseasePolicyLimit,Employer's Liability Disease - policy limit,,matchOnce,must be greater or equal to,500000,1000000,compliant,Block Requirements,,,false,1,,2026-08-16
"Block Real Estate Services, LLC",69fdf79262446148bd859c15,69fded2162446148bd84917a,"Church's Chicken / SNSA, Inc.",69fdf0e502bb2c42a87a3d50,"prg807 - Pine Ridge Building F {PERG BUILDINGS, LLC}",evidenceOfInsurance,Evidence of Insurance,workersCompensation,Workers' Compensation and Employer's Liability,evidenceOfInsuranceWorkersCompensationWaiverOfSubrogationEndorsement,Waiver of Subrogation,"---prompt---
Determine if the insurer has waived their right of subrogation in favor of the certificate holder under the Workers' Compensation policy. Evidence may include: a checked ""Waiver of Subrogation"" box on the certificate, mention in the Description of Operations section stating ""waiver of subrogation applies"", or reference to form WC 00 03 13. Look for language like ""subrogation is waived"" or ""per written contract"".",matchOnce,must be present,,,non_compliant,Block Requirements,,,false,0,,2026-08-16
"Block Real Estate Services, LLC",69fdf79262446148bd859c15,69fded2162446148bd84917a,"Church's Chicken / SNSA, Inc.",69fdf0e502bb2c42a87a3d50,"prg807 - Pine Ridge Building F {PERG BUILDINGS, LLC}",evidenceOfInsurance,Evidence of Insurance,6ac20aae-5728-5d57-b364-aeba38527dba,Additional Requirements,4da5b0f1-4c9d-5885-8cf8-5d3cccaed3e0,"Block Real Estate Services, LLC and all others required by contract are named as Additional Insureds","---prompt---
Determine if the Description of Operations or the Additional Remarks Schedule section states the ""Additional Insured as Construction Management, Inc. and all others required by contract"" or reference to blanket additional insured coverage. Look for language like ""certificate holder is additional insured"" or ""per written contract"".",matchOnce,must be present,,Present,compliant,Block Requirements,,,true,1,,2026-08-16
"Block Real Estate Services, LLC",69fdf79262446148bd859c15,69fded2162446148bd84917a,"Church's Chicken / SNSA, Inc.",69fdf0e502bb2c42a87a3d50,"prg807 - Pine Ridge Building F {PERG BUILDINGS, LLC}",evidenceOfInsurance,Evidence of Insurance,6ac20aae-5728-5d57-b364-aeba38527dba,Additional Requirements,e1017741-e47e-5f58-97b8-fbc3043e919f,Umbrella follows form over General Liability,"---prompt---
Determine if the Umbrella/Excess Liability policy follows form to the underlying policies. Evidence may include: language in the Description of Operations section stating the umbrella follows form to underlying coverages or an additional page endorsement stating that it follows form. Follow form means the umbrella policy adopts the same terms, conditions, and exclusions as the underlying policies.",matchOnce,must be present,,,non_compliant,Block Requirements,,,true,0,,2026-08-16
"Block Real Estate Services, LLC",69fdf79262446148bd859c15,69fded2162446148bd84917a,"Church's Chicken / SNSA, Inc.",69fdf0e502bb2c42a87a3d50,"prg807 - Pine Ridge Building F {PERG BUILDINGS, LLC}",evidenceOfInsurance,Evidence of Insurance,6ac20aae-5728-5d57-b364-aeba38527dba,Additional Requirements,2cdd866f-c9a4-576a-afd8-1d045762790c,The location must be listed as: 8397 Melrose Drive Lenexa KS 66214,,matchOnce,must be present,,Present,compliant,Block Requirements,,,true,1,,2026-08-16
"Block Real Estate Services, LLC",69fdf79262446148bd859c15,69fded2162446148bd84917a,"Church's Chicken / SNSA, Inc.",69fdf0e502bb2c42a87a3d50,"prg807 - Pine Ridge Building F {PERG BUILDINGS, LLC}",evidenceOfInsurance,Evidence of Insurance,6ac20aae-5728-5d57-b364-aeba38527dba,Additional Requirements,3649e9d1-4e09-59bf-8f30-cb33c40cf117,"Certificate Holder must read: c/o Block Real Estate Services, LLC, 4622 Pennsylvania St., Suite 700, Kansas City, MO, 64112",,matchOnce,must be present,,Present,compliant,Block Requirements,,,true,1,,2026-08-16
"Block Real Estate Services, LLC",69fdf79262446148bd859c10,69fded1462446148bd848d6c,EDT Engineers / Engineering Design & Testing Corporation,69fdf0e502bb2c42a87a3d50,"prg807 - Pine Ridge Building F {PERG BUILDINGS, LLC}",evidenceOfInsurance,Evidence of Insurance,commercialGeneralLiability,Commercial General Liability,evidenceOfInsuranceCommercialGeneralLiabilityCoverageTriggerOccurrence,Coverage Trigger: Occurrence,,matchOnce,must be present,,,non_compliant,Block Requirements,,,false,0,,2026-08-16
"Block Real Estate Services, LLC",69fdf79262446148bd859c10,69fded1462446148bd848d6c,EDT Engineers / Engineering Design & Testing Corporation,69fdf0e502bb2c42a87a3d50,"prg807 - Pine Ridge Building F {PERG BUILDINGS, LLC}",evidenceOfInsurance,Evidence of Insurance,commercialGeneralLiability,Commercial General Liability,evidenceOfInsuranceCommercialGeneralLiabilityGeneralAggregateLimitAppliesPerLocation,General Aggregate Limit Applies per: Location,,matchOnce,must be present,,,non_compliant,Block Requirements,,,false,0,,2026-08-16
"Block Real Estate Services, LLC",69fdf79262446148bd859c10,69fded1462446148bd848d6c,EDT Engineers / Engineering Design & Testing Corporation,69fdf0e502bb2c42a87a3d50,"prg807 - Pine Ridge Building F {PERG BUILDINGS, LLC}",evidenceOfInsurance,Evidence of Insurance,commercialGeneralLiability,Commercial General Liability,evidenceOfInsuranceCommercialGeneralLiabilityEachOccurrence,Each Occurrence,,matchOnce,must be greater or equal to,1000000,,non_compliant,Block Requirements,,,false,0,,2026-08-16
"Block Real Estate Services, LLC",69fdf79262446148bd859c10,69fded1462446148bd848d6c,EDT Engineers / Engineering Design & Testing Corporation,69fdf0e502bb2c42a87a3d50,"prg807 - Pine Ridge Building F {PERG BUILDINGS, LLC}",evidenceOfInsurance,Evidence of Insurance,commercialGeneralLiability,Commercial General Liability,evidenceOfInsuranceCommercialGeneralLiabilityGeneralAggregate,General Aggregate,,matchOnce,must be greater or equal to,2000000,,non_compliant,Block Requirements,,,false,0,,2026-08-16
"Block Real Estate Services, LLC",69fdf79262446148bd859c10,69fded1462446148bd848d6c,EDT Engineers / Engineering Design & Testing Corporation,69fdf0e502bb2c42a87a3d50,"prg807 - Pine Ridge Building F {PERG BUILDINGS, LLC}",evidenceOfInsurance,Evidence of Insurance,commercialGeneralLiability,Commercial General Liability,evidenceOfInsuranceCommercialGeneralLiabilityWaiverOfSubrogationEndorsement,Waiver of Subrogation,"---prompt---
Determine if the insurer has waived their right of subrogation in favor of the certificate holder under the Commercial General Liability policy. Evidence may include: a checked ""Waiver of Subrogation"" box on the certificate, mention in the Description of Operations section stating ""waiver of subrogation applies"", or reference to form CG 24 04. Look for language like ""subrogation is waived"" or ""per written contract"".",matchOnce,must be present,,,non_compliant,Block Requirements,,,false,0,,2026-08-16
"Block Real Estate Services, LLC",69fdf79262446148bd859c10,69fded1462446148bd848d6c,EDT Engineers / Engineering Design & Testing Corporation,69fdf0e502bb2c42a87a3d50,"prg807 - Pine Ridge Building F {PERG BUILDINGS, LLC}",evidenceOfInsurance,Evidence of Insurance,excessOrUmbrellaLiability,Umbrella/Excess Liability,evidenceOfInsuranceExcessOrUmbrellaLiabilityOccurence,Coverage Trigger: Occurrence,,matchOnce,must be present,,,non_compliant,Block Requirements,,,false,0,,2026-08-16
"Block Real Estate Services, LLC",69fdf79262446148bd859c10,69fded1462446148bd848d6c,EDT Engineers / Engineering Design & Testing Corporation,69fdf0e502bb2c42a87a3d50,"prg807 - Pine Ridge Building F {PERG BUILDINGS, LLC}",evidenceOfInsurance,Evidence of Insurance,excessOrUmbrellaLiability,Umbrella/Excess Liability,evidenceOfInsuranceExcessOrUmbrellaLiabilityEachOccurrence,Each Occurrence,,matchOnce,must be greater or equal to,1000000,,non_compliant,Block Requirements,,,false,0,,2026-08-16
"Block Real Estate Services, LLC",69fdf79262446148bd859c10,69fded1462446148bd848d6c,EDT Engineers / Engineering Design & Testing Corporation,69fdf0e502bb2c42a87a3d50,"prg807 - Pine Ridge Building F {PERG BUILDINGS, LLC}",evidenceOfInsurance,Evidence of Insurance,excessOrUmbrellaLiability,Umbrella/Excess Liability,evidenceOfInsuranceExcessOrUmbrellaLiabilityAggregate,Aggregate,,matchOnce,must be greater or equal to,1000000,,non_compliant,Block Requirements,,,false,0,,2026-08-16
"Block Real Estate Services, LLC",69fdf79262446148bd859c10,69fded1462446148bd848d6c,EDT Engineers / Engineering Design & Testing Corporation,69fdf0e502bb2c42a87a3d50,"prg807 - Pine Ridge Building F {PERG BUILDINGS, LLC}",evidenceOfInsurance,Evidence of Insurance,workersCompensation,Workers' Compensation and Employer's Liability,evidenceOfInsuranceWorkersCompensationStatutoryLimits,Statutory Limits,,matchOnce,must be present,,,non_compliant,Block Requirements,,,false,0,,2026-08-16
"Block Real Estate Services, LLC",69fdf79262446148bd859c10,69fded1462446148bd848d6c,EDT Engineers / Engineering Design & Testing Corporation,69fdf0e502bb2c42a87a3d50,"prg807 - Pine Ridge Building F {PERG BUILDINGS, LLC}",evidenceOfInsurance,Evidence of Insurance,workersCompensation,Workers' Compensation and Employer's Liability,evidenceOfInsuranceWorkersCompensationEmployersLiabilityEachAccident,Employer's Liability Each Accident,,matchOnce,must be greater or equal to,500000,,non_compliant,Block Requirements,,,false,0,,2026-08-16
"Block Real Estate Services, LLC",69fdf79262446148bd859c10,69fded1462446148bd848d6c,EDT Engineers / Engineering Design & Testing Corporation,69fdf0e502bb2c42a87a3d50,"prg807 - Pine Ridge Building F {PERG BUILDINGS, LLC}",evidenceOfInsurance,Evidence of Insurance,workersCompensation,Workers' Compensation and Employer's Liability,evidenceOfInsuranceWorkersCompensationEmployersLiabilityDiseaseEachEmployee,Employer's Liability Disease - each employee,,matchOnce,must be greater or equal to,500000,,non_compliant,Block Requirements,,,false,0,,2026-08-16
"Block Real Estate Services, LLC",69fdf79262446148bd859c10,69fded1462446148bd848d6c,EDT Engineers / Engineering Design & Testing Corporation,69fdf0e502bb2c42a87a3d50,"prg807 - Pine Ridge Building F {PERG BUILDINGS, LLC}",evidenceOfInsurance,Evidence of Insurance,workersCompensation,Workers' Compensation and Employer's Liability,evidenceOfInsuranceWorkersCompensationEmployersLiabilityDiseasePolicyLimit,Employer's Liability Disease - policy limit,,matchOnce,must be greater or equal to,500000,,non_compliant,Block Requirements,,,false,0,,2026-08-16
"Block Real Estate Services, LLC",69fdf79262446148bd859c10,69fded1462446148bd848d6c,EDT Engineers / Engineering Design & Testing Corporation,69fdf0e502bb2c42a87a3d50,"prg807 - Pine Ridge Building F {PERG BUILDINGS, LLC}",evidenceOfInsurance,Evidence of Insurance,workersCompensation,Workers' Compensation and Employer's Liability,evidenceOfInsuranceWorkersCompensationWaiverOfSubrogationEndorsement,Waiver of Subrogation,"---prompt---
Determine if the insurer has waived their right of subrogation in favor of the certificate holder under the Workers' Compensation policy. Evidence may include: a checked ""Waiver of Subrogation"" box on the certificate, mention in the Description of Operations section stating ""waiver of subrogation applies"", or reference to form WC 00 03 13. Look for language like ""subrogation is waived"" or ""per written contract"".",matchOnce,must be present,,,non_compliant,Block Requirements,,,false,0,,2026-08-16
"Block Real Estate Services, LLC",69fdf79262446148bd859c10,69fded1462446148bd848d6c,EDT Engineers / Engineering Design & Testing Corporation,69fdf0e502bb2c42a87a3d50,"prg807 - Pine Ridge Building F {PERG BUILDINGS, LLC}",evidenceOfInsurance,Evidence of Insurance,6ac20aae-5728-5d57-b364-aeba38527dba,Additional Requirements,4da5b0f1-4c9d-5885-8cf8-5d3cccaed3e0,"Block Real Estate Services, LLC and all others required by contract are named as Additional Insureds","---prompt---
Determine if the Description of Operations or the Additional Remarks Schedule section states the ""Additional Insured as Construction Management, Inc. and all others required by contract"" or reference to blanket additional insured coverage. Look for language like ""certificate holder is additional insured"" or ""per written contract"".",matchOnce,must be present,,,non_compliant,Block Requirements,,,true,0,,2026-08-16
"Block Real Estate Services, LLC",69fdf79262446148bd859c10,69fded1462446148bd848d6c,EDT Engineers / Engineering Design & Testing Corporation,69fdf0e502bb2c42a87a3d50,"prg807 - Pine Ridge Building F {PERG BUILDINGS, LLC}",evidenceOfInsurance,Evidence of Insurance,6ac20aae-5728-5d57-b364-aeba38527dba,Additional Requirements,e1017741-e47e-5f58-97b8-fbc3043e919f,Umbrella follows form over General Liability,"---prompt---
Determine if the Umbrella/Excess Liability policy follows form to the underlying policies. Evidence may include: language in the Description of Operations section stating the umbrella follows form to underlying coverages or an additional page endorsement stating that it follows form. Follow form means the umbrella policy adopts the same terms, conditions, and exclusions as the underlying policies.",matchOnce,must be present,,,non_compliant,Block Requirements,,,true,0,,2026-08-16
"Block Real Estate Services, LLC",69fdf79262446148bd859c10,69fded1462446148bd848d6c,EDT Engineers / Engineering Design & Testing Corporation,69fdf0e502bb2c42a87a3d50,"prg807 - Pine Ridge Building F {PERG BUILDINGS, LLC}",evidenceOfInsurance,Evidence of Insurance,6ac20aae-5728-5d57-b364-aeba38527dba,Additional Requirements,2cdd866f-c9a4-576a-afd8-1d045762790c,"The location must be listed as: 8403, 8405 Melrose Drive Lenexa KS 66214",,matchOnce,must be present,,,non_compliant,Block Requirements,,,true,0,,2026-08-16
"Block Real Estate Services, LLC",69fdf79262446148bd859c10,69fded1462446148bd848d6c,EDT Engineers / Engineering Design & Testing Corporation,69fdf0e502bb2c42a87a3d50,"prg807 - Pine Ridge Building F {PERG BUILDINGS, LLC}",evidenceOfInsurance,Evidence of Insurance,6ac20aae-5728-5d57-b364-aeba38527dba,Additional Requirements,3649e9d1-4e09-59bf-8f30-cb33c40cf117,"Certificate Holder must read: c/o Block Real Estate Services, LLC, 4622 Pennsylvania St., Suite 700, Kansas City, MO, 64112",,matchOnce,must be present,,,non_compliant,Block Requirements,,,true,0,,2026-08-16
"Block Real Estate Services, LLC",69fdf79262446148bd859c12,69fded1862446148bd848ea4,"Proforma Idology Marketing Group / JES Business Solutions, LLC",69fdf0e502bb2c42a87a3d50,"prg807 - Pine Ridge Building F {PERG BUILDINGS, LLC}",evidenceOfInsurance,Evidence of Insurance,commercialGeneralLiability,Commercial General Liability,evidenceOfInsuranceCommercialGeneralLiabilityCoverageTriggerOccurrence,Coverage Trigger: Occurrence,,matchOnce,must be present,,Present,compliant,Block Requirements,,,false,1,,2026-08-16
"Block Real Estate Services, LLC",69fdf79262446148bd859c12,69fded1862446148bd848ea4,"Proforma Idology Marketing Group / JES Business Solutions, LLC",69fdf0e502bb2c42a87a3d50,"prg807 - Pine Ridge Building F {PERG BUILDINGS, LLC}",evidenceOfInsurance,Evidence of Insurance,commercialGeneralLiability,Commercial General Liability,evidenceOfInsuranceCommercialGeneralLiabilityGeneralAggregateLimitAppliesPerLocation,General Aggregate Limit Applies per: Location,,matchOnce,must be present,,,non_compliant,Block Requirements,,,false,0,,2026-08-16
"Block Real Estate Services, LLC",69fdf79262446148bd859c12,69fded1862446148bd848ea4,"Proforma Idology Marketing Group / JES Business Solutions, LLC",69fdf0e502bb2c42a87a3d50,"prg807 - Pine Ridge Building F {PERG BUILDINGS, LLC}",evidenceOfInsurance,Evidence of Insurance,commercialGeneralLiability,Commercial General Liability,evidenceOfInsuranceCommercialGeneralLiabilityEachOccurrence,Each Occurrence,,matchOnce,must be greater or equal to,1000000,1000000,compliant,Block Requirements,,,false,1,,2026-08-16
"Block Real Estate Services, LLC",69fdf79262446148bd859c12,69fded1862446148bd848ea4,"Proforma Idology Marketing Group / JES Business Solutions, LLC",69fdf0e502bb2c42a87a3d50,"prg807 - Pine Ridge Building F {PERG BUILDINGS, LLC}",evidenceOfInsurance,Evidence of Insurance,commercialGeneralLiability,Commercial General Liability,evidenceOfInsuranceCommercialGeneralLiabilityGeneralAggregate,General Aggregate,,matchOnce,must be greater or equal to,2000000,2000000,compliant,Block Requirements,,,false,1,,2026-08-16
"Block Real Estate Services, LLC",69fdf79262446148bd859c12,69fded1862446148bd848ea4,"Proforma Idology Marketing Group / JES Business Solutions, LLC",69fdf0e502bb2c42a87a3d50,"prg807 - Pine Ridge Building F {PERG BUILDINGS, LLC}",evidenceOfInsurance,Evidence of Insurance,commercialGeneralLiability,Commercial General Liability,evidenceOfInsuranceCommercialGeneralLiabilityWaiverOfSubrogationEndorsement,Waiver of Subrogation,"---prompt---
Determine if the insurer has waived their right of subrogation in favor of the certificate holder under the Commercial General Liability policy. Evidence may include: a checked ""Waiver of Subrogation"" box on the certificate, mention in the Description of Operations section stating ""waiver of subrogation applies"", or reference to form CG 24 04. Look for language like ""subrogation is waived"" or ""per written contract"".",matchOnce,must be present,,Present,compliant,Block Requirements,,,false,1,,2026-08-16
"Block Real Estate Services, LLC",69fdf79262446148bd859c12,69fded1862446148bd848ea4,"Proforma Idology Marketing Group / JES Business Solutions, LLC",69fdf0e502bb2c42a87a3d50,"prg807 - Pine Ridge Building F {PERG BUILDINGS, LLC}",evidenceOfInsurance,Evidence of Insurance,excessOrUmbrellaLiability,Umbrella/Excess Liability,evidenceOfInsuranceExcessOrUmbrellaLiabilityOccurence,Coverage Trigger: Occurrence,,matchOnce,must be present,,Present,compliant,Block Requirements,,,false,1,,2026-08-16
"Block Real Estate Services, LLC",69fdf79262446148bd859c12,69fded1862446148bd848ea4,"Proforma Idology Marketing Group / JES Business Solutions, LLC",69fdf0e502bb2c42a87a3d50,"prg807 - Pine Ridge Building F {PERG BUILDINGS, LLC}",evidenceOfInsurance,Evidence of Insurance,excessOrUmbrellaLiability,Umbrella/Excess Liability,evidenceOfInsuranceExcessOrUmbrellaLiabilityEachOccurrence,Each Occurrence,,matchOnce,must be greater or equal to,1000000,2000000,compliant,Block Requirements,,,false,1,,2026-08-16
"Block Real Estate Services, LLC",69fdf79262446148bd859c12,69fded1862446148bd848ea4,"Proforma Idology Marketing Group / JES Business Solutions, LLC",69fdf0e502bb2c42a87a3d50,"prg807 - Pine Ridge Building F {PERG BUILDINGS, LLC}",evidenceOfInsurance,Evidence of Insurance,excessOrUmbrellaLiability,Umbrella/Excess Liability,evidenceOfInsuranceExcessOrUmbrellaLiabilityAggregate,Aggregate,,matchOnce,must be greater or equal to,1000000,2000000,compliant,Block Requirements,,,false,1,,2026-08-16
"Block Real Estate Services, LLC",69fdf79262446148bd859c12,69fded1862446148bd848ea4,"Proforma Idology Marketing Group / JES Business Solutions, LLC",69fdf0e502bb2c42a87a3d50,"prg807 - Pine Ridge Building F {PERG BUILDINGS, LLC}",evidenceOfInsurance,Evidence of Insurance,workersCompensation,Workers' Compensation and Employer's Liability,evidenceOfInsuranceWorkersCompensationStatutoryLimits,Statutory Limits,,matchOnce,must be present,,Present,compliant,Block Requirements,,,false,1,,2026-08-16
"Block Real Estate Services, LLC",69fdf79262446148bd859c12,69fded1862446148bd848ea4,"Proforma Idology Marketing Group / JES Business Solutions, LLC",69fdf0e502bb2c42a87a3d50,"prg807 - Pine Ridge Building F {PERG BUILDINGS, LLC}",evidenceOfInsurance,Evidence of Insurance,workersCompensation,Workers' Compensation and Employer's Liability,evidenceOfInsuranceWorkersCompensationEmployersLiabilityEachAccident,Employer's Liability Each Accident,,matchOnce,must be greater or equal to,500000,500000,compliant,Block Requirements,,,false,1,,2026-08-16
"Block Real Estate Services, LLC",69fdf79262446148bd859c12,69fded1862446148bd848ea4,"Proforma Idology Marketing Group / JES Business Solutions, LLC",69fdf0e502bb2c42a87a3d50,"prg807 - Pine Ridge Building F {PERG BUILDINGS, LLC}",evidenceOfInsurance,Evidence of Insurance,workersCompensation,Workers' Compensation and Employer's Liability,evidenceOfInsuranceWorkersCompensationEmployersLiabilityDiseaseEachEmployee,Employer's Liability Disease - each employee,,matchOnce,must be greater or equal to,500000,500000,compliant,Block Requirements,,,false,1,,2026-08-16
"Block Real Estate Services, LLC",69fdf79262446148bd859c12,69fded1862446148bd848ea4,"Proforma Idology Marketing Group / JES Business Solutions, LLC",69fdf0e502bb2c42a87a3d50,"prg807 - Pine Ridge Building F {PERG BUILDINGS, LLC}",evidenceOfInsurance,Evidence of Insurance,workersCompensation,Workers' Compensation and Employer's Liability,evidenceOfInsuranceWorkersCompensationEmployersLiabilityDiseasePolicyLimit,Employer's Liability Disease - policy limit,,matchOnce,must be greater or equal to,500000,500000,compliant,Block Requirements,,,false,1,,2026-08-16
"Block Real Estate Services, LLC",69fdf79262446148bd859c12,69fded1862446148bd848ea4,"Proforma Idology Marketing Group / JES Business Solutions, LLC",69fdf0e502bb2c42a87a3d50,"prg807 - Pine Ridge Building F {PERG BUILDINGS, LLC}",evidenceOfInsurance,Evidence of Insurance,workersCompensation,Workers' Compensation and Employer's Liability,evidenceOfInsuranceWorkersCompensationWaiverOfSubrogationEndorsement,Waiver of Subrogation,"---prompt---
Determine if the insurer has waived their right of subrogation in favor of the certificate holder under the Workers' Compensation policy. Evidence may include: a checked ""Waiver of Subrogation"" box on the certificate, mention in the Description of Operations section stating ""waiver of subrogation applies"", or reference to form WC 00 03 13. Look for language like ""subrogation is waived"" or ""per written contract"".",matchOnce,must be present,,,non_compliant,Block Requirements,,,false,0,,2026-08-16
"Block Real Estate Services, LLC",69fdf79262446148bd859c12,69fded1862446148bd848ea4,"Proforma Idology Marketing Group / JES Business Solutions, LLC",69fdf0e502bb2c42a87a3d50,"prg807 - Pine Ridge Building F {PERG BUILDINGS, LLC}",evidenceOfInsurance,Evidence of Insurance,6ac20aae-5728-5d57-b364-aeba38527dba,Additional Requirements,4da5b0f1-4c9d-5885-8cf8-5d3cccaed3e0,"Block Real Estate Services, LLC and all others required by contract are named as Additional Insureds","---prompt---
Determine if the Description of Operations or the Additional Remarks Schedule section states the ""Additional Insured as Construction Management, Inc. and all others required by contract"" or reference to blanket additional insured coverage. Look for language like ""certificate holder is additional insured"" or ""per written contract"".",matchOnce,must be present,,Present,compliant,Block Requirements,,,true,1,,2026-08-16
"Block Real Estate Services, LLC",69fdf79262446148bd859c12,69fded1862446148bd848ea4,"Proforma Idology Marketing Group / JES Business Solutions, LLC",69fdf0e502bb2c42a87a3d50,"prg807 - Pine Ridge Building F {PERG BUILDINGS, LLC}",evidenceOfInsurance,Evidence of Insurance,6ac20aae-5728-5d57-b364-aeba38527dba,Additional Requirements,e1017741-e47e-5f58-97b8-fbc3043e919f,Umbrella follows form over General Liability,"---prompt---
Determine if the Umbrella/Excess Liability policy follows form to the underlying policies. Evidence may include: language in the Description of Operations section stating the umbrella follows form to underlying coverages or an additional page endorsement stating that it follows form. Follow form means the umbrella policy adopts the same terms, conditions, and exclusions as the underlying policies.",matchOnce,must be present,,Present,compliant,Block Requirements,,,true,1,,2026-08-16
"Block Real Estate Services, LLC",69fdf79262446148bd859c12,69fded1862446148bd848ea4,"Proforma Idology Marketing Group / JES Business Solutions, LLC",69fdf0e502bb2c42a87a3d50,"prg807 - Pine Ridge Building F {PERG BUILDINGS, LLC}",evidenceOfInsurance,Evidence of Insurance,6ac20aae-5728-5d57-b364-aeba38527dba,Additional Requirements,2cdd866f-c9a4-576a-afd8-1d045762790c,The location must be listed as: 8399 Melrose Drive Lenexa KS 66214,,matchOnce,must be present,,Present,compliant,Block Requirements,,,true,2,,2026-08-16
"Block Real Estate Services, LLC",69fdf79262446148bd859c12,69fded1862446148bd848ea4,"Proforma Idology Marketing Group / JES Business Solutions, LLC",69fdf0e502bb2c42a87a3d50,"prg807 - Pine Ridge Building F {PERG BUILDINGS, LLC}",evidenceOfInsurance,Evidence of Insurance,6ac20aae-5728-5d57-b364-aeba38527dba,Additional Requirements,3649e9d1-4e09-59bf-8f30-cb33c40cf117,"Certificate Holder must read: c/o Block Real Estate Services, LLC, 4622 Pennsylvania St., Suite 700, Kansas City, MO, 64112",,matchOnce,must be present,,Present,compliant,Block Requirements,,,true,1,,2026-08-16
"Block Real Estate Services, LLC",69fdf79262446148bd859c14,69fded1f62446148bd8490e4,"LynTec, Inc. / RDC, Inc.",69fdf0e502bb2c42a87a3d50,"prg807 - Pine Ridge Building F {PERG BUILDINGS, LLC}",evidenceOfInsurance,Evidence of Insurance,commercialGeneralLiability,Commercial General Liability,evidenceOfInsuranceCommercialGeneralLiabilityCoverageTriggerOccurrence,Coverage Trigger: Occurrence,,matchOnce,must be present,,,non_compliant,Block Requirements,,,false,0,,2026-08-16
"Block Real Estate Services, LLC",69fdf79262446148bd859c14,69fded1f62446148bd8490e4,"LynTec, Inc. / RDC, Inc.",69fdf0e502bb2c42a87a3d50,"prg807 - Pine Ridge Building F {PERG BUILDINGS, LLC}",evidenceOfInsurance,Evidence of Insurance,commercialGeneralLiability,Commercial General Liability,evidenceOfInsuranceCommercialGeneralLiabilityGeneralAggregateLimitAppliesPerLocation,General Aggregate Limit Applies per: Location,,matchOnce,must be present,,,non_compliant,Block Requirements,,,false,0,,2026-08-16
"Block Real Estate Services, LLC",69fdf79262446148bd859c14,69fded1f62446148bd8490e4,"LynTec, Inc. / RDC, Inc.",69fdf0e502bb2c42a87a3d50,"prg807 - Pine Ridge Building F {PERG BUILDINGS, LLC}",evidenceOfInsurance,Evidence of Insurance,commercialGeneralLiability,Commercial General Liability,evidenceOfInsuranceCommercialGeneralLiabilityEachOccurrence,Each Occurrence,,matchOnce,must be greater or equal to,1000000,,non_compliant,Block Requirements,,,false,0,,2026-08-16
"Block Real Estate Services, LLC",69fdf79262446148bd859c14,69fded1f62446148bd8490e4,"LynTec, Inc. / RDC, Inc.",69fdf0e502bb2c42a87a3d50,"prg807 - Pine Ridge Building F {PERG BUILDINGS, LLC}",evidenceOfInsurance,Evidence of Insurance,commercialGeneralLiability,Commercial General Liability,evidenceOfInsuranceCommercialGeneralLiabilityGeneralAggregate,General Aggregate,,matchOnce,must be greater or equal to,2000000,,non_compliant,Block Requirements,,,false,0,,2026-08-16
"Block Real Estate Services, LLC",69fdf79262446148bd859c14,69fded1f62446148bd8490e4,"LynTec, Inc. / RDC, Inc.",69fdf0e502bb2c42a87a3d50,"prg807 - Pine Ridge Building F {PERG BUILDINGS, LLC}",evidenceOfInsurance,Evidence of Insurance,commercialGeneralLiability,Commercial General Liability,evidenceOfInsuranceCommercialGeneralLiabilityWaiverOfSubrogationEndorsement,Waiver of Subrogation,"---prompt---
Determine if the insurer has waived their right of subrogation in favor of the certificate holder under the Commercial General Liability policy. Evidence may include: a checked ""Waiver of Subrogation"" box on the certificate, mention in the Description of Operations section stating ""waiver of subrogation applies"", or reference to form CG 24 04. Look for language like ""subrogation is waived"" or ""per written contract"".",matchOnce,must be present,,,non_compliant,Block Requirements,,,false,0,,2026-08-16
"Block Real Estate Services, LLC",69fdf79262446148bd859c14,69fded1f62446148bd8490e4,"LynTec, Inc. / RDC, Inc.",69fdf0e502bb2c42a87a3d50,"prg807 - Pine Ridge Building F {PERG BUILDINGS, LLC}",evidenceOfInsurance,Evidence of Insurance,excessOrUmbrellaLiability,Umbrella/Excess Liability,evidenceOfInsuranceExcessOrUmbrellaLiabilityOccurence,Coverage Trigger: Occurrence,,matchOnce,must be present,,,non_compliant,Block Requirements,,,false,0,,2026-08-16
"Block Real Estate Services, LLC",69fdf79262446148bd859c14,69fded1f62446148bd8490e4,"LynTec, Inc. / RDC, Inc.",69fdf0e502bb2c42a87a3d50,"prg807 - Pine Ridge Building F {PERG BUILDINGS, LLC}",evidenceOfInsurance,Evidence of Insurance,excessOrUmbrellaLiability,Umbrella/Excess Liability,evidenceOfInsuranceExcessOrUmbrellaLiabilityEachOccurrence,Each Occurrence,,matchOnce,must be greater or equal to,1000000,,non_compliant,Block Requirements,,,false,0,,2026-08-16
"Block Real Estate Services, LLC",69fdf79262446148bd859c14,69fded1f62446148bd8490e4,"LynTec, Inc. / RDC, Inc.",69fdf0e502bb2c42a87a3d50,"prg807 - Pine Ridge Building F {PERG BUILDINGS, LLC}",evidenceOfInsurance,Evidence of Insurance,excessOrUmbrellaLiability,Umbrella/Excess Liability,evidenceOfInsuranceExcessOrUmbrellaLiabilityAggregate,Aggregate,,matchOnce,must be greater or equal to,1000000,,non_compliant,Block Requirements,,,false,0,,2026-08-16
"Block Real Estate Services, LLC",69fdf79262446148bd859c14,69fded1f62446148bd8490e4,"LynTec, Inc. / RDC, Inc.",69fdf0e502bb2c42a87a3d50,"prg807 - Pine Ridge Building F {PERG BUILDINGS, LLC}",evidenceOfInsurance,Evidence of Insurance,workersCompensation,Workers' Compensation and Employer's Liability,evidenceOfInsuranceWorkersCompensationStatutoryLimits,Statutory Limits,,matchOnce,must be present,,,non_compliant,Block Requirements,,,false,0,,2026-08-16
"Block Real Estate Services, LLC",69fdf79262446148bd859c14,69fded1f62446148bd8490e4,"LynTec, Inc. / RDC, Inc.",69fdf0e502bb2c42a87a3d50,"prg807 - Pine Ridge Building F {PERG BUILDINGS, LLC}",evidenceOfInsurance,Evidence of Insurance,workersCompensation,Workers' Compensation and Employer's Liability,evidenceOfInsuranceWorkersCompensationEmployersLiabilityEachAccident,Employer's Liability Each Accident,,matchOnce,must be greater or equal to,500000,,non_compliant,Block Requirements,,,false,0,,2026-08-16
"Block Real Estate Services, LLC",69fdf79262446148bd859c14,69fded1f62446148bd8490e4,"LynTec, Inc. / RDC, Inc.",69fdf0e502bb2c42a87a3d50,"prg807 - Pine Ridge Building F {PERG BUILDINGS, LLC}",evidenceOfInsurance,Evidence of Insurance,workersCompensation,Workers' Compensation and Employer's Liability,evidenceOfInsuranceWorkersCompensationEmployersLiabilityDiseaseEachEmployee,Employer's Liability Disease - each employee,,matchOnce,must be greater or equal to,500000,,non_compliant,Block Requirements,,,false,0,,2026-08-16
"Block Real Estate Services, LLC",69fdf79262446148bd859c14,69fded1f62446148bd8490e4,"LynTec, Inc. / RDC, Inc.",69fdf0e502bb2c42a87a3d50,"prg807 - Pine Ridge Building F {PERG BUILDINGS, LLC}",evidenceOfInsurance,Evidence of Insurance,workersCompensation,Workers' Compensation and Employer's Liability,evidenceOfInsuranceWorkersCompensationEmployersLiabilityDiseasePolicyLimit,Employer's Liability Disease - policy limit,,matchOnce,must be greater or equal to,500000,,non_compliant,Block Requirements,,,false,0,,2026-08-16
"Block Real Estate Services, LLC",69fdf79262446148bd859c14,69fded1f62446148bd8490e4,"LynTec, Inc. / RDC, Inc.",69fdf0e502bb2c42a87a3d50,"prg807 - Pine Ridge Building F {PERG BUILDINGS, LLC}",evidenceOfInsurance,Evidence of Insurance,workersCompensation,Workers' Compensation and Employer's Liability,evidenceOfInsuranceWorkersCompensationWaiverOfSubrogationEndorsement,Waiver of Subrogation,"---prompt---
Determine if the insurer has waived their right of subrogation in favor of the certificate holder under the Workers' Compensation policy. Evidence may include: a checked ""Waiver of Subrogation"" box on the certificate, mention in the Description of Operations section stating ""waiver of subrogation applies"", or reference to form WC 00 03 13. Look for language like ""subrogation is waived"" or ""per written contract"".",matchOnce,must be present,,,non_compliant,Block Requirements,,,false,0,,2026-08-16
"Block Real Estate Services, LLC",69fdf79262446148bd859c14,69fded1f62446148bd8490e4,"LynTec, Inc. / RDC, Inc.",69fdf0e502bb2c42a87a3d50,"prg807 - Pine Ridge Building F {PERG BUILDINGS, LLC}",evidenceOfInsurance,Evidence of Insurance,6ac20aae-5728-5d57-b364-aeba38527dba,Additional Requirements,4da5b0f1-4c9d-5885-8cf8-5d3cccaed3e0,"Block Real Estate Services, LLC and all others required by contract are named as Additional Insureds","---prompt---
Determine if the Description of Operations or the Additional Remarks Schedule section states the ""Additional Insured as Construction Management, Inc. and all others required by contract"" or reference to blanket additional insured coverage. Look for language like ""certificate holder is additional insured"" or ""per written contract"".",matchOnce,must be present,,,non_compliant,Block Requirements,,,true,0,,2026-08-16
"Block Real Estate Services, LLC",69fdf79262446148bd859c14,69fded1f62446148bd8490e4,"LynTec, Inc. / RDC, Inc.",69fdf0e502bb2c42a87a3d50,"prg807 - Pine Ridge Building F {PERG BUILDINGS, LLC}",evidenceOfInsurance,Evidence of Insurance,6ac20aae-5728-5d57-b364-aeba38527dba,Additional Requirements,e1017741-e47e-5f58-97b8-fbc3043e919f,Umbrella follows form over General Liability,"---prompt---
Determine if the Umbrella/Excess Liability policy follows form to the underlying policies. Evidence may include: language in the Description of Operations section stating the umbrella follows form to underlying coverages or an additional page endorsement stating that it follows form. Follow form means the umbrella policy adopts the same terms, conditions, and exclusions as the underlying policies.",matchOnce,must be present,,,non_compliant,Block Requirements,,,true,0,,2026-08-16
"Block Real Estate Services, LLC",69fdf79262446148bd859c14,69fded1f62446148bd8490e4,"LynTec, Inc. / RDC, Inc.",69fdf0e502bb2c42a87a3d50,"prg807 - Pine Ridge Building F {PERG BUILDINGS, LLC}",evidenceOfInsurance,Evidence of Insurance,6ac20aae-5728-5d57-b364-aeba38527dba,Additional Requirements,2cdd866f-c9a4-576a-afd8-1d045762790c,"The location must be listed as: 8381, 8383 Melrose Drive Lenexa KS 66214",,matchOnce,must be present,,,non_compliant,Block Requirements,,,true,0,,2026-08-16
"Block Real Estate Services, LLC",69fdf79262446148bd859c14,69fded1f62446148bd8490e4,"LynTec, Inc. / RDC, Inc.",69fdf0e502bb2c42a87a3d50,"prg807 - Pine Ridge Building F {PERG BUILDINGS, LLC}",evidenceOfInsurance,Evidence of Insurance,6ac20aae-5728-5d57-b364-aeba38527dba,Additional Requirements,3649e9d1-4e09-59bf-8f30-cb33c40cf117,"Certificate Holder must read: c/o Block Real Estate Services, LLC, 4622 Pennsylvania St., Suite 700, Kansas City, MO, 64112",,matchOnce,must be present,,,non_compliant,Block Requirements,,,true,0,,2026-08-16
"Block Real Estate Services, LLC",6a18733ba1ec98c09c966fc6,69fded1f62446148bd8490e4,"LynTec, Inc. / RDC, Inc.",69fdf0e502bb2c42a87a3d50,"prg807 - Pine Ridge Building F {PERG BUILDINGS, LLC}",evidenceOfInsurance,Evidence of Insurance,commercialGeneralLiability,Commercial General Liability,evidenceOfInsuranceCommercialGeneralLiabilityCoverageTriggerOccurrence,Coverage Trigger: Occurrence,,matchOnce,must be present,,,non_compliant,Block Requirements,,,false,0,,2026-08-16
"Block Real Estate Services, LLC",6a18733ba1ec98c09c966fc6,69fded1f62446148bd8490e4,"LynTec, Inc. / RDC, Inc.",69fdf0e502bb2c42a87a3d50,"prg807 - Pine Ridge Building F {PERG BUILDINGS, LLC}",evidenceOfInsurance,Evidence of Insurance,commercialGeneralLiability,Commercial General Liability,evidenceOfInsuranceCommercialGeneralLiabilityGeneralAggregateLimitAppliesPerLocation,General Aggregate Limit Applies per: Location,,matchOnce,must be present,,,non_compliant,Block Requirements,,,false,0,,2026-08-16
"Block Real Estate Services, LLC",6a18733ba1ec98c09c966fc6,69fded1f62446148bd8490e4,"LynTec, Inc. / RDC, Inc.",69fdf0e502bb2c42a87a3d50,"prg807 - Pine Ridge Building F {PERG BUILDINGS, LLC}",evidenceOfInsurance,Evidence of Insurance,commercialGeneralLiability,Commercial General Liability,evidenceOfInsuranceCommercialGeneralLiabilityEachOccurrence,Each Occurrence,,matchOnce,must be greater or equal to,1000000,,non_compliant,Block Requirements,,,false,0,,2026-08-16
"Block Real Estate Services, LLC",6a18733ba1ec98c09c966fc6,69fded1f62446148bd8490e4,"LynTec, Inc. / RDC, Inc.",69fdf0e502bb2c42a87a3d50,"prg807 - Pine Ridge Building F {PERG BUILDINGS, LLC}",evidenceOfInsurance,Evidence of Insurance,commercialGeneralLiability,Commercial General Liability,evidenceOfInsuranceCommercialGeneralLiabilityGeneralAggregate,General Aggregate,,matchOnce,must be greater or equal to,2000000,,non_compliant,Block Requirements,,,false,0,,2026-08-16
"Block Real Estate Services, LLC",6a18733ba1ec98c09c966fc6,69fded1f62446148bd8490e4,"LynTec, Inc. / RDC, Inc.",69fdf0e502bb2c42a87a3d50,"prg807 - Pine Ridge Building F {PERG BUILDINGS, LLC}",evidenceOfInsurance,Evidence of Insurance,commercialGeneralLiability,Commercial General Liability,evidenceOfInsuranceCommercialGeneralLiabilityWaiverOfSubrogationEndorsement,Waiver of Subrogation,"---prompt---
Determine if the insurer has waived their right of subrogation in favor of the certificate holder under the Commercial General Liability policy. Evidence may include: a checked ""Waiver of Subrogation"" box on the certificate, mention in the Description of Operations section stating ""waiver of subrogation applies"", or reference to form CG 24 04. Look for language like ""subrogation is waived"" or ""per written contract"".",matchOnce,must be present,,,non_compliant,Block Requirements,,,false,0,,2026-08-16
"Block Real Estate Services, LLC",6a18733ba1ec98c09c966fc6,69fded1f62446148bd8490e4,"LynTec, Inc. / RDC, Inc.",69fdf0e502bb2c42a87a3d50,"prg807 - Pine Ridge Building F {PERG BUILDINGS, LLC}",evidenceOfInsurance,Evidence of Insurance,excessOrUmbrellaLiability,Umbrella/Excess Liability,evidenceOfInsuranceExcessOrUmbrellaLiabilityOccurence,Coverage Trigger: Occurrence,,matchOnce,must be present,,,non_compliant,Block Requirements,,,false,0,,2026-08-16
"Block Real Estate Services, LLC",6a18733ba1ec98c09c966fc6,69fded1f62446148bd8490e4,"LynTec, Inc. / RDC, Inc.",69fdf0e502bb2c42a87a3d50,"prg807 - Pine Ridge Building F {PERG BUILDINGS, LLC}",evidenceOfInsurance,Evidence of Insurance,excessOrUmbrellaLiability,Umbrella/Excess Liability,evidenceOfInsuranceExcessOrUmbrellaLiabilityEachOccurrence,Each Occurrence,,matchOnce,must be greater or equal to,1000000,,non_compliant,Block Requirements,,,false,0,,2026-08-16
"Block Real Estate Services, LLC",6a18733ba1ec98c09c966fc6,69fded1f62446148bd8490e4,"LynTec, Inc. / RDC, Inc.",69fdf0e502bb2c42a87a3d50,"prg807 - Pine Ridge Building F {PERG BUILDINGS, LLC}",evidenceOfInsurance,Evidence of Insurance,excessOrUmbrellaLiability,Umbrella/Excess Liability,evidenceOfInsuranceExcessOrUmbrellaLiabilityAggregate,Aggregate,,matchOnce,must be greater or equal to,1000000,,non_compliant,Block Requirements,,,false,0,,2026-08-16
"Block Real Estate Services, LLC",6a18733ba1ec98c09c966fc6,69fded1f62446148bd8490e4,"LynTec, Inc. / RDC, Inc.",69fdf0e502bb2c42a87a3d50,"prg807 - Pine Ridge Building F {PERG BUILDINGS, LLC}",evidenceOfInsurance,Evidence of Insurance,workersCompensation,Workers' Compensation and Employer's Liability,evidenceOfInsuranceWorkersCompensationStatutoryLimits,Statutory Limits,,matchOnce,must be present,,,non_compliant,Block Requirements,,,false,0,,2026-08-16
"Block Real Estate Services, LLC",6a18733ba1ec98c09c966fc6,69fded1f62446148bd8490e4,"LynTec, Inc. / RDC, Inc.",69fdf0e502bb2c42a87a3d50,"prg807 - Pine Ridge Building F {PERG BUILDINGS, LLC}",evidenceOfInsurance,Evidence of Insurance,workersCompensation,Workers' Compensation and Employer's Liability,evidenceOfInsuranceWorkersCompensationEmployersLiabilityEachAccident,Employer's Liability Each Accident,,matchOnce,must be greater or equal to,500000,,non_compliant,Block Requirements,,,false,0,,2026-08-16
"Block Real Estate Services, LLC",6a18733ba1ec98c09c966fc6,69fded1f62446148bd8490e4,"LynTec, Inc. / RDC, Inc.",69fdf0e502bb2c42a87a3d50,"prg807 - Pine Ridge Building F {PERG BUILDINGS, LLC}",evidenceOfInsurance,Evidence of Insurance,workersCompensation,Workers' Compensation and Employer's Liability,evidenceOfInsuranceWorkersCompensationEmployersLiabilityDiseaseEachEmployee,Employer's Liability Disease - each employee,,matchOnce,must be greater or equal to,500000,,non_compliant,Block Requirements,,,false,0,,2026-08-16
"Block Real Estate Services, LLC",6a18733ba1ec98c09c966fc6,69fded1f62446148bd8490e4,"LynTec, Inc. / RDC, Inc.",69fdf0e502bb2c42a87a3d50,"prg807 - Pine Ridge Building F {PERG BUILDINGS, LLC}",evidenceOfInsurance,Evidence of Insurance,workersCompensation,Workers' Compensation and Employer's Liability,evidenceOfInsuranceWorkersCompensationEmployersLiabilityDiseasePolicyLimit,Employer's Liability Disease - policy limit,,matchOnce,must be greater or equal to,500000,,non_compliant,Block Requirements,,,false,0,,2026-08-16
"Block Real Estate Services, LLC",6a18733ba1ec98c09c966fc6,69fded1f62446148bd8490e4,"LynTec, Inc. / RDC, Inc.",69fdf0e502bb2c42a87a3d50,"prg807 - Pine Ridge Building F {PERG BUILDINGS, LLC}",evidenceOfInsurance,Evidence of Insurance,workersCompensation,Workers' Compensation and Employer's Liability,evidenceOfInsuranceWorkersCompensationWaiverOfSubrogationEndorsement,Waiver of Subrogation,"---prompt---
Determine if the insurer has waived their right of subrogation in favor of the certificate holder under the Workers' Compensation policy. Evidence may include: a checked ""Waiver of Subrogation"" box on the certificate, mention in the Description of Operations section stating ""waiver of subrogation applies"", or reference to form WC 00 03 13. Look for language like ""subrogation is waived"" or ""per written contract"".",matchOnce,must be present,,,non_compliant,Block Requirements,,,false,0,,2026-08-16
"Block Real Estate Services, LLC",6a18733ba1ec98c09c966fc6,69fded1f62446148bd8490e4,"LynTec, Inc. / RDC, Inc.",69fdf0e502bb2c42a87a3d50,"prg807 - Pine Ridge Building F {PERG BUILDINGS, LLC}",evidenceOfInsurance,Evidence of Insurance,6ac20aae-5728-5d57-b364-aeba38527dba,Additional Requirements,4da5b0f1-4c9d-5885-8cf8-5d3cccaed3e0,"Block Real Estate Services, LLC and all others required by contract are named as Additional Insureds","---prompt---
Determine if the Description of Operations or the Additional Remarks Schedule section states the ""Additional Insured as Construction Management, Inc. and all others required by contract"" or reference to blanket additional insured coverage. Look for language like ""certificate holder is additional insured"" or ""per written contract"".",matchOnce,must be present,,,non_compliant,Block Requirements,,,true,0,,2026-08-16
"Block Real Estate Services, LLC",6a18733ba1ec98c09c966fc6,69fded1f62446148bd8490e4,"LynTec, Inc. / RDC, Inc.",69fdf0e502bb2c42a87a3d50,"prg807 - Pine Ridge Building F {PERG BUILDINGS, LLC}",evidenceOfInsurance,Evidence of Insurance,6ac20aae-5728-5d57-b364-aeba38527dba,Additional Requirements,e1017741-e47e-5f58-97b8-fbc3043e919f,Umbrella follows form over General Liability,"---prompt---
Determine if the Umbrella/Excess Liability policy follows form to the underlying policies. Evidence may include: language in the Description of Operations section stating the umbrella follows form to underlying coverages or an additional page endorsement stating that it follows form. Follow form means the umbrella policy adopts the same terms, conditions, and exclusions as the underlying policies.",matchOnce,must be present,,,non_compliant,Block Requirements,,,true,0,,2026-08-16
"Block Real Estate Services, LLC",6a18733ba1ec98c09c966fc6,69fded1f62446148bd8490e4,"LynTec, Inc. / RDC, Inc.",69fdf0e502bb2c42a87a3d50,"prg807 - Pine Ridge Building F {PERG BUILDINGS, LLC}",evidenceOfInsurance,Evidence of Insurance,6ac20aae-5728-5d57-b364-aeba38527dba,Additional Requirements,2cdd866f-c9a4-576a-afd8-1d045762790c,"The location must be listed as: 8385, 8387, 8389 Melrose Drive Lenexa KS 66214",,matchOnce,must be present,,,non_compliant,Block Requirements,,,true,0,,2026-08-16
"Block Real Estate Services, LLC",6a18733ba1ec98c09c966fc6,69fded1f62446148bd8490e4,"LynTec, Inc. / RDC, Inc.",69fdf0e502bb2c42a87a3d50,"prg807 - Pine Ridge Building F {PERG BUILDINGS, LLC}",evidenceOfInsurance,Evidence of Insurance,6ac20aae-5728-5d57-b364-aeba38527dba,Additional Requirements,3649e9d1-4e09-59bf-8f30-cb33c40cf117,"Certificate Holder must read: c/o Block Real Estate Services, LLC, 4622 Pennsylvania St., Suite 700, Kansas City, MO, 64112",,matchOnce,must be present,,,non_compliant,Block Requirements,,,true,0,,2026-08-16
"Block Real Estate Services, LLC",6a18733ba1ec98c09c966fc7,69fded1f62446148bd8490e4,"LynTec, Inc. / RDC, Inc.",69fdf0e502bb2c42a87a3d50,"prg807 - Pine Ridge Building F {PERG BUILDINGS, LLC}",evidenceOfInsurance,Evidence of Insurance,commercialGeneralLiability,Commercial General Liability,evidenceOfInsuranceCommercialGeneralLiabilityCoverageTriggerOccurrence,Coverage Trigger: Occurrence,,matchOnce,must be present,,,non_compliant,Block Requirements,,,false,0,,2026-08-16
"Block Real Estate Services, LLC",6a18733ba1ec98c09c966fc7,69fded1f62446148bd8490e4,"LynTec, Inc. / RDC, Inc.",69fdf0e502bb2c42a87a3d50,"prg807 - Pine Ridge Building F {PERG BUILDINGS, LLC}",evidenceOfInsurance,Evidence of Insurance,commercialGeneralLiability,Commercial General Liability,evidenceOfInsuranceCommercialGeneralLiabilityGeneralAggregateLimitAppliesPerLocation,General Aggregate Limit Applies per: Location,,matchOnce,must be present,,,non_compliant,Block Requirements,,,false,0,,2026-08-16
"Block Real Estate Services, LLC",6a18733ba1ec98c09c966fc7,69fded1f62446148bd8490e4,"LynTec, Inc. / RDC, Inc.",69fdf0e502bb2c42a87a3d50,"prg807 - Pine Ridge Building F {PERG BUILDINGS, LLC}",evidenceOfInsurance,Evidence of Insurance,commercialGeneralLiability,Commercial General Liability,evidenceOfInsuranceCommercialGeneralLiabilityEachOccurrence,Each Occurrence,,matchOnce,must be greater or equal to,1000000,,non_compliant,Block Requirements,,,false,0,,2026-08-16
"Block Real Estate Services, LLC",6a18733ba1ec98c09c966fc7,69fded1f62446148bd8490e4,"LynTec, Inc. / RDC, Inc.",69fdf0e502bb2c42a87a3d50,"prg807 - Pine Ridge Building F {PERG BUILDINGS, LLC}",evidenceOfInsurance,Evidence of Insurance,commercialGeneralLiability,Commercial General Liability,evidenceOfInsuranceCommercialGeneralLiabilityGeneralAggregate,General Aggregate,,matchOnce,must be greater or equal to,2000000,,non_compliant,Block Requirements,,,false,0,,2026-08-16
"Block Real Estate Services, LLC",6a18733ba1ec98c09c966fc7,69fded1f62446148bd8490e4,"LynTec, Inc. / RDC, Inc.",69fdf0e502bb2c42a87a3d50,"prg807 - Pine Ridge Building F {PERG BUILDINGS, LLC}",evidenceOfInsurance,Evidence of Insurance,commercialGeneralLiability,Commercial General Liability,evidenceOfInsuranceCommercialGeneralLiabilityWaiverOfSubrogationEndorsement,Waiver of Subrogation,"---prompt---
Determine if the insurer has waived their right of subrogation in favor of the certificate holder under the Commercial General Liability policy. Evidence may include: a checked ""Waiver of Subrogation"" box on the certificate, mention in the Description of Operations section stating ""waiver of subrogation applies"", or reference to form CG 24 04. Look for language like ""subrogation is waived"" or ""per written contract"".",matchOnce,must be present,,,non_compliant,Block Requirements,,,false,0,,2026-08-16
"Block Real Estate Services, LLC",6a18733ba1ec98c09c966fc7,69fded1f62446148bd8490e4,"LynTec, Inc. / RDC, Inc.",69fdf0e502bb2c42a87a3d50,"prg807 - Pine Ridge Building F {PERG BUILDINGS, LLC}",evidenceOfInsurance,Evidence of Insurance,excessOrUmbrellaLiability,Umbrella/Excess Liability,evidenceOfInsuranceExcessOrUmbrellaLiabilityOccurence,Coverage Trigger: Occurrence,,matchOnce,must be present,,,non_compliant,Block Requirements,,,false,0,,2026-08-16
"Block Real Estate Services, LLC",6a18733ba1ec98c09c966fc7,69fded1f62446148bd8490e4,"LynTec, Inc. / RDC, Inc.",69fdf0e502bb2c42a87a3d50,"prg807 - Pine Ridge Building F {PERG BUILDINGS, LLC}",evidenceOfInsurance,Evidence of Insurance,excessOrUmbrellaLiability,Umbrella/Excess Liability,evidenceOfInsuranceExcessOrUmbrellaLiabilityEachOccurrence,Each Occurrence,,matchOnce,must be greater or equal to,1000000,,non_compliant,Block Requirements,,,false,0,,2026-08-16
"Block Real Estate Services, LLC",6a18733ba1ec98c09c966fc7,69fded1f62446148bd8490e4,"LynTec, Inc. / RDC, Inc.",69fdf0e502bb2c42a87a3d50,"prg807 - Pine Ridge Building F {PERG BUILDINGS, LLC}",evidenceOfInsurance,Evidence of Insurance,excessOrUmbrellaLiability,Umbrella/Excess Liability,evidenceOfInsuranceExcessOrUmbrellaLiabilityAggregate,Aggregate,,matchOnce,must be greater or equal to,1000000,,non_compliant,Block Requirements,,,false,0,,2026-08-16
"Block Real Estate Services, LLC",6a18733ba1ec98c09c966fc7,69fded1f62446148bd8490e4,"LynTec, Inc. / RDC, Inc.",69fdf0e502bb2c42a87a3d50,"prg807 - Pine Ridge Building F {PERG BUILDINGS, LLC}",evidenceOfInsurance,Evidence of Insurance,workersCompensation,Workers' Compensation and Employer's Liability,evidenceOfInsuranceWorkersCompensationStatutoryLimits,Statutory Limits,,matchOnce,must be present,,,non_compliant,Block Requirements,,,false,0,,2026-08-16
"Block Real Estate Services, LLC",6a18733ba1ec98c09c966fc7,69fded1f62446148bd8490e4,"LynTec, Inc. / RDC, Inc.",69fdf0e502bb2c42a87a3d50,"prg807 - Pine Ridge Building F {PERG BUILDINGS, LLC}",evidenceOfInsurance,Evidence of Insurance,workersCompensation,Workers' Compensation and Employer's Liability,evidenceOfInsuranceWorkersCompensationEmployersLiabilityEachAccident,Employer's Liability Each Accident,,matchOnce,must be greater or equal to,500000,,non_compliant,Block Requirements,,,false,0,,2026-08-16
"Block Real Estate Services, LLC",6a18733ba1ec98c09c966fc7,69fded1f62446148bd8490e4,"LynTec, Inc. / RDC, Inc.",69fdf0e502bb2c42a87a3d50,"prg807 - Pine Ridge Building F {PERG BUILDINGS, LLC}",evidenceOfInsurance,Evidence of Insurance,workersCompensation,Workers' Compensation and Employer's Liability,evidenceOfInsuranceWorkersCompensationEmployersLiabilityDiseaseEachEmployee,Employer's Liability Disease - each employee,,matchOnce,must be greater or equal to,500000,,non_compliant,Block Requirements,,,false,0,,2026-08-16
"Block Real Estate Services, LLC",6a18733ba1ec98c09c966fc7,69fded1f62446148bd8490e4,"LynTec, Inc. / RDC, Inc.",69fdf0e502bb2c42a87a3d50,"prg807 - Pine Ridge Building F {PERG BUILDINGS, LLC}",evidenceOfInsurance,Evidence of Insurance,workersCompensation,Workers' Compensation and Employer's Liability,evidenceOfInsuranceWorkersCompensationEmployersLiabilityDiseasePolicyLimit,Employer's Liability Disease - policy limit,,matchOnce,must be greater or equal to,500000,,non_compliant,Block Requirements,,,false,0,,2026-08-16
"Block Real Estate Services, LLC",6a18733ba1ec98c09c966fc7,69fded1f62446148bd8490e4,"LynTec, Inc. / RDC, Inc.",69fdf0e502bb2c42a87a3d50,"prg807 - Pine Ridge Building F {PERG BUILDINGS, LLC}",evidenceOfInsurance,Evidence of Insurance,workersCompensation,Workers' Compensation and Employer's Liability,evidenceOfInsuranceWorkersCompensationWaiverOfSubrogationEndorsement,Waiver of Subrogation,"---prompt---
Determine if the insurer has waived their right of subrogation in favor of the certificate holder under the Workers' Compensation policy. Evidence may include: a checked ""Waiver of Subrogation"" box on the certificate, mention in the Description of Operations section stating ""waiver of subrogation applies"", or reference to form WC 00 03 13. Look for language like ""subrogation is waived"" or ""per written contract"".",matchOnce,must be present,,,non_compliant,Block Requirements,,,false,0,,2026-08-16
"Block Real Estate Services, LLC",6a18733ba1ec98c09c966fc7,69fded1f62446148bd8490e4,"LynTec, Inc. / RDC, Inc.",69fdf0e502bb2c42a87a3d50,"prg807 - Pine Ridge Building F {PERG BUILDINGS, LLC}",evidenceOfInsurance,Evidence of Insurance,6ac20aae-5728-5d57-b364-aeba38527dba,Additional Requirements,4da5b0f1-4c9d-5885-8cf8-5d3cccaed3e0,"Block Real Estate Services, LLC and all others required by contract are named as Additional Insureds","---prompt---
Determine if the Description of Operations or the Additional Remarks Schedule section states the ""Additional Insured as Construction Management, Inc. and all others required by contract"" or reference to blanket additional insured coverage. Look for language like ""certificate holder is additional insured"" or ""per written contract"".",matchOnce,must be present,,,non_compliant,Block Requirements,,,true,0,,2026-08-16
"Block Real Estate Services, LLC",6a18733ba1ec98c09c966fc7,69fded1f62446148bd8490e4,"LynTec, Inc. / RDC, Inc.",69fdf0e502bb2c42a87a3d50,"prg807 - Pine Ridge Building F {PERG BUILDINGS, LLC}",evidenceOfInsurance,Evidence of Insurance,6ac20aae-5728-5d57-b364-aeba38527dba,Additional Requirements,e1017741-e47e-5f58-97b8-fbc3043e919f,Umbrella follows form over General Liability,"---prompt---
Determine if the Umbrella/Excess Liability policy follows form to the underlying policies. Evidence may include: language in the Description of Operations section stating the umbrella follows form to underlying coverages or an additional page endorsement stating that it follows form. Follow form means the umbrella policy adopts the same terms, conditions, and exclusions as the underlying policies.",matchOnce,must be present,,,non_compliant,Block Requirements,,,true,0,,2026-08-16
"Block Real Estate Services, LLC",6a18733ba1ec98c09c966fc7,69fded1f62446148bd8490e4,"LynTec, Inc. / RDC, Inc.",69fdf0e502bb2c42a87a3d50,"prg807 - Pine Ridge Building F {PERG BUILDINGS, LLC}",evidenceOfInsurance,Evidence of Insurance,6ac20aae-5728-5d57-b364-aeba38527dba,Additional Requirements,2cdd866f-c9a4-576a-afd8-1d045762790c,The location must be listed as: 8391 Melrose Drive Lenexa KS 66214,,matchOnce,must be present,,,non_compliant,Block Requirements,,,true,0,,2026-08-16
"Block Real Estate Services, LLC",6a18733ba1ec98c09c966fc7,69fded1f62446148bd8490e4,"LynTec, Inc. / RDC, Inc.",69fdf0e502bb2c42a87a3d50,"prg807 - Pine Ridge Building F {PERG BUILDINGS, LLC}",evidenceOfInsurance,Evidence of Insurance,6ac20aae-5728-5d57-b364-aeba38527dba,Additional Requirements,3649e9d1-4e09-59bf-8f30-cb33c40cf117,"Certificate Holder must read: c/o Block Real Estate Services, LLC, 4622 Pennsylvania St., Suite 700, Kansas City, MO, 64112",,matchOnce,must be present,,,non_compliant,Block Requirements,,,true,0,,2026-08-16
"Block Real Estate Services, LLC",6a187349a1ec98c09c967028,69fded1f62446148bd8490e4,"LynTec, Inc. / RDC, Inc.",69fdf0e502bb2c42a87a3d50,"prg807 - Pine Ridge Building F {PERG BUILDINGS, LLC}",evidenceOfInsurance,Evidence of Insurance,commercialGeneralLiability,Commercial General Liability,evidenceOfInsuranceCommercialGeneralLiabilityCoverageTriggerOccurrence,Coverage Trigger: Occurrence,,matchOnce,must be present,,,non_compliant,Block Requirements,,,false,0,,2026-08-16
"Block Real Estate Services, LLC",6a187349a1ec98c09c967028,69fded1f62446148bd8490e4,"LynTec, Inc. / RDC, Inc.",69fdf0e502bb2c42a87a3d50,"prg807 - Pine Ridge Building F {PERG BUILDINGS, LLC}",evidenceOfInsurance,Evidence of Insurance,commercialGeneralLiability,Commercial General Liability,evidenceOfInsuranceCommercialGeneralLiabilityGeneralAggregateLimitAppliesPerLocation,General Aggregate Limit Applies per: Location,,matchOnce,must be present,,,non_compliant,Block Requirements,,,false,0,,2026-08-16
"Block Real Estate Services, LLC",6a187349a1ec98c09c967028,69fded1f62446148bd8490e4,"LynTec, Inc. / RDC, Inc.",69fdf0e502bb2c42a87a3d50,"prg807 - Pine Ridge Building F {PERG BUILDINGS, LLC}",evidenceOfInsurance,Evidence of Insurance,commercialGeneralLiability,Commercial General Liability,evidenceOfInsuranceCommercialGeneralLiabilityEachOccurrence,Each Occurrence,,matchOnce,must be greater or equal to,1000000,,non_compliant,Block Requirements,,,false,0,,2026-08-16
"Block Real Estate Services, LLC",6a187349a1ec98c09c967028,69fded1f62446148bd8490e4,"LynTec, Inc. / RDC, Inc.",69fdf0e502bb2c42a87a3d50,"prg807 - Pine Ridge Building F {PERG BUILDINGS, LLC}",evidenceOfInsurance,Evidence of Insurance,commercialGeneralLiability,Commercial General Liability,evidenceOfInsuranceCommercialGeneralLiabilityGeneralAggregate,General Aggregate,,matchOnce,must be greater or equal to,2000000,,non_compliant,Block Requirements,,,false,0,,2026-08-16
"Block Real Estate Services, LLC",6a187349a1ec98c09c967028,69fded1f62446148bd8490e4,"LynTec, Inc. / RDC, Inc.",69fdf0e502bb2c42a87a3d50,"prg807 - Pine Ridge Building F {PERG BUILDINGS, LLC}",evidenceOfInsurance,Evidence of Insurance,commercialGeneralLiability,Commercial General Liability,evidenceOfInsuranceCommercialGeneralLiabilityWaiverOfSubrogationEndorsement,Waiver of Subrogation,"---prompt---
Determine if the insurer has waived their right of subrogation in favor of the certificate holder under the Commercial General Liability policy. Evidence may include: a checked ""Waiver of Subrogation"" box on the certificate, mention in the Description of Operations section stating ""waiver of subrogation applies"", or reference to form CG 24 04. Look for language like ""subrogation is waived"" or ""per written contract"".",matchOnce,must be present,,,non_compliant,Block Requirements,,,false,0,,2026-08-16
"Block Real Estate Services, LLC",6a187349a1ec98c09c967028,69fded1f62446148bd8490e4,"LynTec, Inc. / RDC, Inc.",69fdf0e502bb2c42a87a3d50,"prg807 - Pine Ridge Building F {PERG BUILDINGS, LLC}",evidenceOfInsurance,Evidence of Insurance,excessOrUmbrellaLiability,Umbrella/Excess Liability,evidenceOfInsuranceExcessOrUmbrellaLiabilityOccurence,Coverage Trigger: Occurrence,,matchOnce,must be present,,,non_compliant,Block Requirements,,,false,0,,2026-08-16
"Block Real Estate Services, LLC",6a187349a1ec98c09c967028,69fded1f62446148bd8490e4,"LynTec, Inc. / RDC, Inc.",69fdf0e502bb2c42a87a3d50,"prg807 - Pine Ridge Building F {PERG BUILDINGS, LLC}",evidenceOfInsurance,Evidence of Insurance,excessOrUmbrellaLiability,Umbrella/Excess Liability,evidenceOfInsuranceExcessOrUmbrellaLiabilityEachOccurrence,Each Occurrence,,matchOnce,must be greater or equal to,1000000,,non_compliant,Block Requirements,,,false,0,,2026-08-16
"Block Real Estate Services, LLC",6a187349a1ec98c09c967028,69fded1f62446148bd8490e4,"LynTec, Inc. / RDC, Inc.",69fdf0e502bb2c42a87a3d50,"prg807 - Pine Ridge Building F {PERG BUILDINGS, LLC}",evidenceOfInsurance,Evidence of Insurance,excessOrUmbrellaLiability,Umbrella/Excess Liability,evidenceOfInsuranceExcessOrUmbrellaLiabilityAggregate,Aggregate,,matchOnce,must be greater or equal to,1000000,,non_compliant,Block Requirements,,,false,0,,2026-08-16
"Block Real Estate Services, LLC",6a187349a1ec98c09c967028,69fded1f62446148bd8490e4,"LynTec, Inc. / RDC, Inc.",69fdf0e502bb2c42a87a3d50,"prg807 - Pine Ridge Building F {PERG BUILDINGS, LLC}",evidenceOfInsurance,Evidence of Insurance,workersCompensation,Workers' Compensation and Employer's Liability,evidenceOfInsuranceWorkersCompensationStatutoryLimits,Statutory Limits,,matchOnce,must be present,,,non_compliant,Block Requirements,,,false,0,,2026-08-16
"Block Real Estate Services, LLC",6a187349a1ec98c09c967028,69fded1f62446148bd8490e4,"LynTec, Inc. / RDC, Inc.",69fdf0e502bb2c42a87a3d50,"prg807 - Pine Ridge Building F {PERG BUILDINGS, LLC}",evidenceOfInsurance,Evidence of Insurance,workersCompensation,Workers' Compensation and Employer's Liability,evidenceOfInsuranceWorkersCompensationEmployersLiabilityEachAccident,Employer's Liability Each Accident,,matchOnce,must be greater or equal to,500000,,non_compliant,Block Requirements,,,false,0,,2026-08-16
"Block Real Estate Services, LLC",6a187349a1ec98c09c967028,69fded1f62446148bd8490e4,"LynTec, Inc. / RDC, Inc.",69fdf0e502bb2c42a87a3d50,"prg807 - Pine Ridge Building F {PERG BUILDINGS, LLC}",evidenceOfInsurance,Evidence of Insurance,workersCompensation,Workers' Compensation and Employer's Liability,evidenceOfInsuranceWorkersCompensationEmployersLiabilityDiseaseEachEmployee,Employer's Liability Disease - each employee,,matchOnce,must be greater or equal to,500000,,non_compliant,Block Requirements,,,false,0,,2026-08-16
"Block Real Estate Services, LLC",6a187349a1ec98c09c967028,69fded1f62446148bd8490e4,"LynTec, Inc. / RDC, Inc.",69fdf0e502bb2c42a87a3d50,"prg807 - Pine Ridge Building F {PERG BUILDINGS, LLC}",evidenceOfInsurance,Evidence of Insurance,workersCompensation,Workers' Compensation and Employer's Liability,evidenceOfInsuranceWorkersCompensationEmployersLiabilityDiseasePolicyLimit,Employer's Liability Disease - policy limit,,matchOnce,must be greater or equal to,500000,,non_compliant,Block Requirements,,,false,0,,2026-08-16
"Block Real Estate Services, LLC",6a187349a1ec98c09c967028,69fded1f62446148bd8490e4,"LynTec, Inc. / RDC, Inc.",69fdf0e502bb2c42a87a3d50,"prg807 - Pine Ridge Building F {PERG BUILDINGS, LLC}",evidenceOfInsurance,Evidence of Insurance,workersCompensation,Workers' Compensation and Employer's Liability,evidenceOfInsuranceWorkersCompensationWaiverOfSubrogationEndorsement,Waiver of Subrogation,"---prompt---
Determine if the insurer has waived their right of subrogation in favor of the certificate holder under the Workers' Compensation policy. Evidence may include: a checked ""Waiver of Subrogation"" box on the certificate, mention in the Description of Operations section stating ""waiver of subrogation applies"", or reference to form WC 00 03 13. Look for language like ""subrogation is waived"" or ""per written contract"".",matchOnce,must be present,,,non_compliant,Block Requirements,,,false,0,,2026-08-16
"Block Real Estate Services, LLC",6a187349a1ec98c09c967028,69fded1f62446148bd8490e4,"LynTec, Inc. / RDC, Inc.",69fdf0e502bb2c42a87a3d50,"prg807 - Pine Ridge Building F {PERG BUILDINGS, LLC}",evidenceOfInsurance,Evidence of Insurance,6ac20aae-5728-5d57-b364-aeba38527dba,Additional Requirements,4da5b0f1-4c9d-5885-8cf8-5d3cccaed3e0,"Block Real Estate Services, LLC and all others required by contract are named as Additional Insureds","---prompt---
Determine if the Description of Operations or the Additional Remarks Schedule section states the ""Additional Insured as Construction Management, Inc. and all others required by contract"" or reference to blanket additional insured coverage. Look for language like ""certificate holder is additional insured"" or ""per written contract"".",matchOnce,must be present,,,non_compliant,Block Requirements,,,true,0,,2026-08-16
"Block Real Estate Services, LLC",6a187349a1ec98c09c967028,69fded1f62446148bd8490e4,"LynTec, Inc. / RDC, Inc.",69fdf0e502bb2c42a87a3d50,"prg807 - Pine Ridge Building F {PERG BUILDINGS, LLC}",evidenceOfInsurance,Evidence of Insurance,6ac20aae-5728-5d57-b364-aeba38527dba,Additional Requirements,e1017741-e47e-5f58-97b8-fbc3043e919f,Umbrella follows form over General Liability,"---prompt---
Determine if the Umbrella/Excess Liability policy follows form to the underlying policies. Evidence may include: language in the Description of Operations section stating the umbrella follows form to underlying coverages or an additional page endorsement stating that it follows form. Follow form means the umbrella policy adopts the same terms, conditions, and exclusions as the underlying policies.",matchOnce,must be present,,,non_compliant,Block Requirements,,,true,0,,2026-08-16
"Block Real Estate Services, LLC",6a187349a1ec98c09c967028,69fded1f62446148bd8490e4,"LynTec, Inc. / RDC, Inc.",69fdf0e502bb2c42a87a3d50,"prg807 - Pine Ridge Building F {PERG BUILDINGS, LLC}",evidenceOfInsurance,Evidence of Insurance,6ac20aae-5728-5d57-b364-aeba38527dba,Additional Requirements,2cdd866f-c9a4-576a-afd8-1d045762790c,The location must be listed as: 8401 Melrose Drive Lenexa KS 66214,,matchOnce,must be present,,,non_compliant,Block Requirements,,,true,0,,2026-08-16
"Block Real Estate Services, LLC",6a187349a1ec98c09c967028,69fded1f62446148bd8490e4,"LynTec, Inc. / RDC, Inc.",69fdf0e502bb2c42a87a3d50,"prg807 - Pine Ridge Building F {PERG BUILDINGS, LLC}",evidenceOfInsurance,Evidence of Insurance,6ac20aae-5728-5d57-b364-aeba38527dba,Additional Requirements,3649e9d1-4e09-59bf-8f30-cb33c40cf117,"Certificate Holder must read: c/o Block Real Estate Services, LLC, 4622 Pennsylvania St., Suite 700, Kansas City, MO, 64112",,matchOnce,must be present,,,non_compliant,Block Requirements,,,true,0,,2026-08-16
"Block Real Estate Services, LLC",69fdf78062446148bd8587f9,69fded1462446148bd848d6f,Enterprise Leasing Company of Kansas,69fdf0b50bb484cab513d68a,"nor454 - Northridge - Enterprise, LLC",evidenceOfInsurance,Evidence of Insurance,commercialGeneralLiability,Commercial General Liability,evidenceOfInsuranceCommercialGeneralLiabilityCoverageTriggerOccurrence,Coverage Trigger: Occurrence,,matchOnce,must be present,,,non_compliant,Block Requirements,,,false,0,,2026-08-16
"Block Real Estate Services, LLC",69fdf78062446148bd8587f9,69fded1462446148bd848d6f,Enterprise Leasing Company of Kansas,69fdf0b50bb484cab513d68a,"nor454 - Northridge - Enterprise, LLC",evidenceOfInsurance,Evidence of Insurance,commercialGeneralLiability,Commercial General Liability,evidenceOfInsuranceCommercialGeneralLiabilityGeneralAggregateLimitAppliesPerLocation,General Aggregate Limit Applies per: Location,,matchOnce,must be present,,,non_compliant,Block Requirements,,,false,0,,2026-08-16
"Block Real Estate Services, LLC",69fdf78062446148bd8587f9,69fded1462446148bd848d6f,Enterprise Leasing Company of Kansas,69fdf0b50bb484cab513d68a,"nor454 - Northridge - Enterprise, LLC",evidenceOfInsurance,Evidence of Insurance,commercialGeneralLiability,Commercial General Liability,evidenceOfInsuranceCommercialGeneralLiabilityEachOccurrence,Each Occurrence,,matchOnce,must be greater or equal to,1000000,,non_compliant,Block Requirements,,,false,0,,2026-08-16
"Block Real Estate Services, LLC",69fdf78062446148bd8587f9,69fded1462446148bd848d6f,Enterprise Leasing Company of Kansas,69fdf0b50bb484cab513d68a,"nor454 - Northridge - Enterprise, LLC",evidenceOfInsurance,Evidence of Insurance,commercialGeneralLiability,Commercial General Liability,evidenceOfInsuranceCommercialGeneralLiabilityGeneralAggregate,General Aggregate,,matchOnce,must be greater or equal to,2000000,,non_compliant,Block Requirements,,,false,0,,2026-08-16
"Block Real Estate Services, LLC",69fdf78062446148bd8587f9,69fded1462446148bd848d6f,Enterprise Leasing Company of Kansas,69fdf0b50bb484cab513d68a,"nor454 - Northridge - Enterprise, LLC",evidenceOfInsurance,Evidence of Insurance,commercialGeneralLiability,Commercial General Liability,evidenceOfInsuranceCommercialGeneralLiabilityWaiverOfSubrogationEndorsement,Waiver of Subrogation,"---prompt---
Determine if the insurer has waived their right of subrogation in favor of the certificate holder under the Commercial General Liability policy. Evidence may include: a checked ""Waiver of Subrogation"" box on the certificate, mention in the Description of Operations section stating ""waiver of subrogation applies"", or reference to form CG 24 04. Look for language like ""subrogation is waived"" or ""per written contract"".",matchOnce,must be present,,,non_compliant,Block Requirements,,,false,0,,2026-08-16
"Block Real Estate Services, LLC",69fdf78062446148bd8587f9,69fded1462446148bd848d6f,Enterprise Leasing Company of Kansas,69fdf0b50bb484cab513d68a,"nor454 - Northridge - Enterprise, LLC",evidenceOfInsurance,Evidence of Insurance,excessOrUmbrellaLiability,Umbrella/Excess Liability,evidenceOfInsuranceExcessOrUmbrellaLiabilityOccurence,Coverage Trigger: Occurrence,,matchOnce,must be present,,,non_compliant,Block Requirements,,,false,0,,2026-08-16
"Block Real Estate Services, LLC",69fdf78062446148bd8587f9,69fded1462446148bd848d6f,Enterprise Leasing Company of Kansas,69fdf0b50bb484cab513d68a,"nor454 - Northridge - Enterprise, LLC",evidenceOfInsurance,Evidence of Insurance,excessOrUmbrellaLiability,Umbrella/Excess Liability,evidenceOfInsuranceExcessOrUmbrellaLiabilityEachOccurrence,Each Occurrence,,matchOnce,must be greater or equal to,1000000,,non_compliant,Block Requirements,,,false,0,,2026-08-16
"Block Real Estate Services, LLC",69fdf78062446148bd8587f9,69fded1462446148bd848d6f,Enterprise Leasing Company of Kansas,69fdf0b50bb484cab513d68a,"nor454 - Northridge - Enterprise, LLC",evidenceOfInsurance,Evidence of Insurance,excessOrUmbrellaLiability,Umbrella/Excess Liability,evidenceOfInsuranceExcessOrUmbrellaLiabilityAggregate,Aggregate,,matchOnce,must be greater or equal to,1000000,,non_compliant,Block Requirements,,,false,0,,2026-08-16
"Block Real Estate Services, LLC",69fdf78062446148bd8587f9,69fded1462446148bd848d6f,Enterprise Leasing Company of Kansas,69fdf0b50bb484cab513d68a,"nor454 - Northridge - Enterprise, LLC",evidenceOfInsurance,Evidence of Insurance,workersCompensation,Workers' Compensation and Employer's Liability,evidenceOfInsuranceWorkersCompensationStatutoryLimits,Statutory Limits,,matchOnce,must be present,,,non_compliant,Block Requirements,,,false,0,,2026-08-16
"Block Real Estate Services, LLC",69fdf78062446148bd8587f9,69fded1462446148bd848d6f,Enterprise Leasing Company of Kansas,69fdf0b50bb484cab513d68a,"nor454 - Northridge - Enterprise, LLC",evidenceOfInsurance,Evidence of Insurance,workersCompensation,Workers' Compensation and Employer's Liability,evidenceOfInsuranceWorkersCompensationEmployersLiabilityEachAccident,Employer's Liability Each Accident,,matchOnce,must be greater or equal to,500000,,non_compliant,Block Requirements,,,false,0,,2026-08-16
"Block Real Estate Services, LLC",69fdf78062446148bd8587f9,69fded1462446148bd848d6f,Enterprise Leasing Company of Kansas,69fdf0b50bb484cab513d68a,"nor454 - Northridge - Enterprise, LLC",evidenceOfInsurance,Evidence of Insurance,workersCompensation,Workers' Compensation and Employer's Liability,evidenceOfInsuranceWorkersCompensationEmployersLiabilityDiseaseEachEmployee,Employer's Liability Disease - each employee,,matchOnce,must be greater or equal to,500000,,non_compliant,Block Requirements,,,false,0,,2026-08-16
"Block Real Estate Services, LLC",69fdf78062446148bd8587f9,69fded1462446148bd848d6f,Enterprise Leasing Company of Kansas,69fdf0b50bb484cab513d68a,"nor454 - Northridge - Enterprise, LLC",evidenceOfInsurance,Evidence of Insurance,workersCompensation,Workers' Compensation and Employer's Liability,evidenceOfInsuranceWorkersCompensationEmployersLiabilityDiseasePolicyLimit,Employer's Liability Disease - policy limit,,matchOnce,must be greater or equal to,500000,,non_compliant,Block Requirements,,,false,0,,2026-08-16
"Block Real Estate Services, LLC",69fdf78062446148bd8587f9,69fded1462446148bd848d6f,Enterprise Leasing Company of Kansas,69fdf0b50bb484cab513d68a,"nor454 - Northridge - Enterprise, LLC",evidenceOfInsurance,Evidence of Insurance,workersCompensation,Workers' Compensation and Employer's Liability,evidenceOfInsuranceWorkersCompensationWaiverOfSubrogationEndorsement,Waiver of Subrogation,"---prompt---
Determine if the insurer has waived their right of subrogation in favor of the certificate holder under the Workers' Compensation policy. Evidence may include: a checked ""Waiver of Subrogation"" box on the certificate, mention in the Description of Operations section stating ""waiver of subrogation applies"", or reference to form WC 00 03 13. Look for language like ""subrogation is waived"" or ""per written contract"".",matchOnce,must be present,,,non_compliant,Block Requirements,,,false,0,,2026-08-16
"Block Real Estate Services, LLC",69fdf78062446148bd8587f9,69fded1462446148bd848d6f,Enterprise Leasing Company of Kansas,69fdf0b50bb484cab513d68a,"nor454 - Northridge - Enterprise, LLC",evidenceOfInsurance,Evidence of Insurance,6ac20aae-5728-5d57-b364-aeba38527dba,Additional Requirements,4da5b0f1-4c9d-5885-8cf8-5d3cccaed3e0,"Block Real Estate Services, LLC and all others required by contract are named as Additional Insureds","---prompt---
Determine if the Description of Operations or the Additional Remarks Schedule section states the ""Additional Insured as Construction Management, Inc. and all others required by contract"" or reference to blanket additional insured coverage. Look for language like ""certificate holder is additional insured"" or ""per written contract"".",matchOnce,must be present,,,non_compliant,Block Requirements,,,true,0,,2026-08-16
"Block Real Estate Services, LLC",69fdf78062446148bd8587f9,69fded1462446148bd848d6f,Enterprise Leasing Company of Kansas,69fdf0b50bb484cab513d68a,"nor454 - Northridge - Enterprise, LLC",evidenceOfInsurance,Evidence of Insurance,6ac20aae-5728-5d57-b364-aeba38527dba,Additional Requirements,e1017741-e47e-5f58-97b8-fbc3043e919f,Umbrella follows form over General Liability,"---prompt---
Determine if the Umbrella/Excess Liability policy follows form to the underlying policies. Evidence may include: language in the Description of Operations section stating the umbrella follows form to underlying coverages or an additional page endorsement stating that it follows form. Follow form means the umbrella policy adopts the same terms, conditions, and exclusions as the underlying policies.",matchOnce,must be present,,,non_compliant,Block Requirements,,,true,0,,2026-08-16
"Block Real Estate Services, LLC",69fdf78062446148bd8587f9,69fded1462446148bd848d6f,Enterprise Leasing Company of Kansas,69fdf0b50bb484cab513d68a,"nor454 - Northridge - Enterprise, LLC",evidenceOfInsurance,Evidence of Insurance,6ac20aae-5728-5d57-b364-aeba38527dba,Additional Requirements,2cdd866f-c9a4-576a-afd8-1d045762790c,The location must be listed as: 320 NW 7 Highway Blue Springs MO 64014,,matchOnce,must be present,,,non_compliant,Block Requirements,,,true,0,,2026-08-16
"Block Real Estate Services, LLC",69fdf78062446148bd8587f9,69fded1462446148bd848d6f,Enterprise Leasing Company of Kansas,69fdf0b50bb484cab513d68a,"nor454 - Northridge - Enterprise, LLC",evidenceOfInsurance,Evidence of Insurance,6ac20aae-5728-5d57-b364-aeba38527dba,Additional Requirements,3649e9d1-4e09-59bf-8f30-cb33c40cf117,"Certificate Holder must read: c/o Block Real Estate Services, LLC, 4622 Pennsylvania St., Suite 700, Kansas City, MO, 64112",,matchOnce,must be present,,,non_compliant,Block Requirements,,,true,0,,2026-08-16
"Block Real Estate Services, LLC",69fdf79262446148bd859c5d,69fded1462446148bd848d72,Enterprise Leasing Company of Kansas,69fdf15538cbea6b3a695784,"sfe739 - 1610 Santa Fe, LLC",evidenceOfInsurance,Evidence of Insurance,commercialGeneralLiability,Commercial General Liability,evidenceOfInsuranceCommercialGeneralLiabilityCoverageTriggerOccurrence,Coverage Trigger: Occurrence,,matchOnce,must be present,,,non_compliant,Block Requirements,,,false,0,,2026-08-16
"Block Real Estate Services, LLC",69fdf79262446148bd859c5d,69fded1462446148bd848d72,Enterprise Leasing Company of Kansas,69fdf15538cbea6b3a695784,"sfe739 - 1610 Santa Fe, LLC",evidenceOfInsurance,Evidence of Insurance,commercialGeneralLiability,Commercial General Liability,evidenceOfInsuranceCommercialGeneralLiabilityGeneralAggregateLimitAppliesPerLocation,General Aggregate Limit Applies per: Location,,matchOnce,must be present,,,non_compliant,Block Requirements,,,false,0,,2026-08-16
"Block Real Estate Services, LLC",69fdf79262446148bd859c5d,69fded1462446148bd848d72,Enterprise Leasing Company of Kansas,69fdf15538cbea6b3a695784,"sfe739 - 1610 Santa Fe, LLC",evidenceOfInsurance,Evidence of Insurance,commercialGeneralLiability,Commercial General Liability,evidenceOfInsuranceCommercialGeneralLiabilityEachOccurrence,Each Occurrence,,matchOnce,must be greater or equal to,1000000,,non_compliant,Block Requirements,,,false,0,,2026-08-16
"Block Real Estate Services, LLC",69fdf79262446148bd859c5d,69fded1462446148bd848d72,Enterprise Leasing Company of Kansas,69fdf15538cbea6b3a695784,"sfe739 - 1610 Santa Fe, LLC",evidenceOfInsurance,Evidence of Insurance,commercialGeneralLiability,Commercial General Liability,evidenceOfInsuranceCommercialGeneralLiabilityGeneralAggregate,General Aggregate,,matchOnce,must be greater or equal to,2000000,,non_compliant,Block Requirements,,,false,0,,2026-08-16
"Block Real Estate Services, LLC",69fdf79262446148bd859c5d,69fded1462446148bd848d72,Enterprise Leasing Company of Kansas,69fdf15538cbea6b3a695784,"sfe739 - 1610 Santa Fe, LLC",evidenceOfInsurance,Evidence of Insurance,commercialGeneralLiability,Commercial General Liability,evidenceOfInsuranceCommercialGeneralLiabilityWaiverOfSubrogationEndorsement,Waiver of Subrogation,"---prompt---
Determine if the insurer has waived their right of subrogation in favor of the certificate holder under the Commercial General Liability policy. Evidence may include: a checked ""Waiver of Subrogation"" box on the certificate, mention in the Description of Operations section stating ""waiver of subrogation applies"", or reference to form CG 24 04. Look for language like ""subrogation is waived"" or ""per written contract"".",matchOnce,must be present,,,non_compliant,Block Requirements,,,false,0,,2026-08-16
"Block Real Estate Services, LLC",69fdf79262446148bd859c5d,69fded1462446148bd848d72,Enterprise Leasing Company of Kansas,69fdf15538cbea6b3a695784,"sfe739 - 1610 Santa Fe, LLC",evidenceOfInsurance,Evidence of Insurance,excessOrUmbrellaLiability,Umbrella/Excess Liability,evidenceOfInsuranceExcessOrUmbrellaLiabilityOccurence,Coverage Trigger: Occurrence,,matchOnce,must be present,,,non_compliant,Block Requirements,,,false,0,,2026-08-16
"Block Real Estate Services, LLC",69fdf79262446148bd859c5d,69fded1462446148bd848d72,Enterprise Leasing Company of Kansas,69fdf15538cbea6b3a695784,"sfe739 - 1610 Santa Fe, LLC",evidenceOfInsurance,Evidence of Insurance,excessOrUmbrellaLiability,Umbrella/Excess Liability,evidenceOfInsuranceExcessOrUmbrellaLiabilityEachOccurrence,Each Occurrence,,matchOnce,must be greater or equal to,1000000,,non_compliant,Block Requirements,,,false,0,,2026-08-16
"Block Real Estate Services, LLC",69fdf79262446148bd859c5d,69fded1462446148bd848d72,Enterprise Leasing Company of Kansas,69fdf15538cbea6b3a695784,"sfe739 - 1610 Santa Fe, LLC",evidenceOfInsurance,Evidence of Insurance,excessOrUmbrellaLiability,Umbrella/Excess Liability,evidenceOfInsuranceExcessOrUmbrellaLiabilityAggregate,Aggregate,,matchOnce,must be greater or equal to,1000000,,non_compliant,Block Requirements,,,false,0,,2026-08-16
"Block Real Estate Services, LLC",69fdf79262446148bd859c5d,69fded1462446148bd848d72,Enterprise Leasing Company of Kansas,69fdf15538cbea6b3a695784,"sfe739 - 1610 Santa Fe, LLC",evidenceOfInsurance,Evidence of Insurance,workersCompensation,Workers' Compensation and Employer's Liability,evidenceOfInsuranceWorkersCompensationStatutoryLimits,Statutory Limits,,matchOnce,must be present,,,non_compliant,Block Requirements,,,false,0,,2026-08-16
"Block Real Estate Services, LLC",69fdf79262446148bd859c5d,69fded1462446148bd848d72,Enterprise Leasing Company of Kansas,69fdf15538cbea6b3a695784,"sfe739 - 1610 Santa Fe, LLC",evidenceOfInsurance,Evidence of Insurance,workersCompensation,Workers' Compensation and Employer's Liability,evidenceOfInsuranceWorkersCompensationEmployersLiabilityEachAccident,Employer's Liability Each Accident,,matchOnce,must be greater or equal to,500000,,non_compliant,Block Requirements,,,false,0,,2026-08-16
"Block Real Estate Services, LLC",69fdf79262446148bd859c5d,69fded1462446148bd848d72,Enterprise Leasing Company of Kansas,69fdf15538cbea6b3a695784,"sfe739 - 1610 Santa Fe, LLC",evidenceOfInsurance,Evidence of Insurance,workersCompensation,Workers' Compensation and Employer's Liability,evidenceOfInsuranceWorkersCompensationEmployersLiabilityDiseaseEachEmployee,Employer's Liability Disease - each employee,,matchOnce,must be greater or equal to,500000,,non_compliant,Block Requirements,,,false,0,,2026-08-16
"Block Real Estate Services, LLC",69fdf79262446148bd859c5d,69fded1462446148bd848d72,Enterprise Leasing Company of Kansas,69fdf15538cbea6b3a695784,"sfe739 - 1610 Santa Fe, LLC",evidenceOfInsurance,Evidence of Insurance,workersCompensation,Workers' Compensation and Employer's Liability,evidenceOfInsuranceWorkersCompensationEmployersLiabilityDiseasePolicyLimit,Employer's Liability Disease - policy limit,,matchOnce,must be greater or equal to,500000,,non_compliant,Block Requirements,,,false,0,,2026-08-16
"Block Real Estate Services, LLC",69fdf79262446148bd859c5d,69fded1462446148bd848d72,Enterprise Leasing Company of Kansas,69fdf15538cbea6b3a695784,"sfe739 - 1610 Santa Fe, LLC",evidenceOfInsurance,Evidence of Insurance,workersCompensation,Workers' Compensation and Employer's Liability,evidenceOfInsuranceWorkersCompensationWaiverOfSubrogationEndorsement,Waiver of Subrogation,"---prompt---
Determine if the insurer has waived their right of subrogation in favor of the certificate holder under the Workers' Compensation policy. Evidence may include: a checked ""Waiver of Subrogation"" box on the certificate, mention in the Description of Operations section stating ""waiver of subrogation applies"", or reference to form WC 00 03 13. Look for language like ""subrogation is waived"" or ""per written contract"".",matchOnce,must be present,,,non_compliant,Block Requirements,,,false,0,,2026-08-16
"Block Real Estate Services, LLC",69fdf79262446148bd859c5d,69fded1462446148bd848d72,Enterprise Leasing Company of Kansas,69fdf15538cbea6b3a695784,"sfe739 - 1610 Santa Fe, LLC",evidenceOfInsurance,Evidence of Insurance,6ac20aae-5728-5d57-b364-aeba38527dba,Additional Requirements,4da5b0f1-4c9d-5885-8cf8-5d3cccaed3e0,"Block Real Estate Services, LLC and all others required by contract are named as Additional Insureds","---prompt---
Determine if the Description of Operations or the Additional Remarks Schedule section states the ""Additional Insured as Construction Management, Inc. and all others required by contract"" or reference to blanket additional insured coverage. Look for language like ""certificate holder is additional insured"" or ""per written contract"".",matchOnce,must be present,,,non_compliant,Block Requirements,,,true,0,,2026-08-16
"Block Real Estate Services, LLC",69fdf79262446148bd859c5d,69fded1462446148bd848d72,Enterprise Leasing Company of Kansas,69fdf15538cbea6b3a695784,"sfe739 - 1610 Santa Fe, LLC",evidenceOfInsurance,Evidence of Insurance,6ac20aae-5728-5d57-b364-aeba38527dba,Additional Requirements,e1017741-e47e-5f58-97b8-fbc3043e919f,Umbrella follows form over General Liability,"---prompt---
Determine if the Umbrella/Excess Liability policy follows form to the underlying policies. Evidence may include: language in the Description of Operations section stating the umbrella follows form to underlying coverages or an additional page endorsement stating that it follows form. Follow form means the umbrella policy adopts the same terms, conditions, and exclusions as the underlying policies.",matchOnce,must be present,,,non_compliant,Block Requirements,,,true,0,,2026-08-16
"Block Real Estate Services, LLC",69fdf79262446148bd859c5d,69fded1462446148bd848d72,Enterprise Leasing Company of Kansas,69fdf15538cbea6b3a695784,"sfe739 - 1610 Santa Fe, LLC",evidenceOfInsurance,Evidence of Insurance,6ac20aae-5728-5d57-b364-aeba38527dba,Additional Requirements,2cdd866f-c9a4-576a-afd8-1d045762790c,The location must be listed as: 1610 E. Santa Fe Olathe KS 66061,,matchOnce,must be present,,,non_compliant,Block Requirements,,,true,0,,2026-08-16
"Block Real Estate Services, LLC",69fdf79262446148bd859c5d,69fded1462446148bd848d72,Enterprise Leasing Company of Kansas,69fdf15538cbea6b3a695784,"sfe739 - 1610 Santa Fe, LLC",evidenceOfInsurance,Evidence of Insurance,6ac20aae-5728-5d57-b364-aeba38527dba,Additional Requirements,3649e9d1-4e09-59bf-8f30-cb33c40cf117,"Certificate Holder must read: c/o Block Real Estate Services, LLC, 4622 Pennsylvania St., Suite 700, Kansas City, MO, 64112",,matchOnce,must be present,,,non_compliant,Block Requirements,,,true,0,,2026-08-16
"Block Real Estate Services, LLC",69fdf7c762446148bd85d882,69fded1d62446148bd84903f,"OUTFRONT Media, LLC / Gannett Outdoor Co., Inc.",69fdf22b19e1eeeaeb9add38,wjb111 - WJB Investment Co. (Parking Lot),evidenceOfInsurance,Evidence of Insurance,commercialGeneralLiability,Commercial General Liability,evidenceOfInsuranceCommercialGeneralLiabilityCoverageTriggerOccurrence,Coverage Trigger: Occurrence,,matchOnce,must be present,,,non_compliant,Block Requirements,,,false,0,,2026-08-16
"Block Real Estate Services, LLC",69fdf7c762446148bd85d882,69fded1d62446148bd84903f,"OUTFRONT Media, LLC / Gannett Outdoor Co., Inc.",69fdf22b19e1eeeaeb9add38,wjb111 - WJB Investment Co. (Parking Lot),evidenceOfInsurance,Evidence of Insurance,commercialGeneralLiability,Commercial General Liability,evidenceOfInsuranceCommercialGeneralLiabilityGeneralAggregateLimitAppliesPerLocation,General Aggregate Limit Applies per: Location,,matchOnce,must be present,,,non_compliant,Block Requirements,,,false,0,,2026-08-16
"Block Real Estate Services, LLC",69fdf7c762446148bd85d882,69fded1d62446148bd84903f,"OUTFRONT Media, LLC / Gannett Outdoor Co., Inc.",69fdf22b19e1eeeaeb9add38,wjb111 - WJB Investment Co. (Parking Lot),evidenceOfInsurance,Evidence of Insurance,commercialGeneralLiability,Commercial General Liability,evidenceOfInsuranceCommercialGeneralLiabilityEachOccurrence,Each Occurrence,,matchOnce,must be greater or equal to,1000000,,non_compliant,Block Requirements,,,false,0,,2026-08-16
"Block Real Estate Services, LLC",69fdf7c762446148bd85d882,69fded1d62446148bd84903f,"OUTFRONT Media, LLC / Gannett Outdoor Co., Inc.",69fdf22b19e1eeeaeb9add38,wjb111 - WJB Investment Co. (Parking Lot),evidenceOfInsurance,Evidence of Insurance,commercialGeneralLiability,Commercial General Liability,evidenceOfInsuranceCommercialGeneralLiabilityGeneralAggregate,General Aggregate,,matchOnce,must be greater or equal to,2000000,,non_compliant,Block Requirements,,,false,0,,2026-08-16
"Block Real Estate Services, LLC",69fdf7c762446148bd85d882,69fded1d62446148bd84903f,"OUTFRONT Media, LLC / Gannett Outdoor Co., Inc.",69fdf22b19e1eeeaeb9add38,wjb111 - WJB Investment Co. (Parking Lot),evidenceOfInsurance,Evidence of Insurance,commercialGeneralLiability,Commercial General Liability,evidenceOfInsuranceCommercialGeneralLiabilityWaiverOfSubrogationEndorsement,Waiver of Subrogation,"---prompt---
Determine if the insurer has waived their right of subrogation in favor of the certificate holder under the Commercial General Liability policy. Evidence may include: a checked ""Waiver of Subrogation"" box on the certificate, mention in the Description of Operations section stating ""waiver of subrogation applies"", or reference to form CG 24 04. Look for language like ""subrogation is waived"" or ""per written contract"".",matchOnce,must be present,,,non_compliant,Block Requirements,,,false,0,,2026-08-16
"Block Real Estate Services, LLC",69fdf7c762446148bd85d882,69fded1d62446148bd84903f,"OUTFRONT Media, LLC / Gannett Outdoor Co., Inc.",69fdf22b19e1eeeaeb9add38,wjb111 - WJB Investment Co. (Parking Lot),evidenceOfInsurance,Evidence of Insurance,excessOrUmbrellaLiability,Umbrella/Excess Liability,evidenceOfInsuranceExcessOrUmbrellaLiabilityOccurence,Coverage Trigger: Occurrence,,matchOnce,must be present,,,non_compliant,Block Requirements,,,false,0,,2026-08-16
"Block Real Estate Services, LLC",69fdf7c762446148bd85d882,69fded1d62446148bd84903f,"OUTFRONT Media, LLC / Gannett Outdoor Co., Inc.",69fdf22b19e1eeeaeb9add38,wjb111 - WJB Investment Co. (Parking Lot),evidenceOfInsurance,Evidence of Insurance,excessOrUmbrellaLiability,Umbrella/Excess Liability,evidenceOfInsuranceExcessOrUmbrellaLiabilityEachOccurrence,Each Occurrence,,matchOnce,must be greater or equal to,1000000,,non_compliant,Block Requirements,,,false,0,,2026-08-16
"Block Real Estate Services, LLC",69fdf7c762446148bd85d882,69fded1d62446148bd84903f,"OUTFRONT Media, LLC / Gannett Outdoor Co., Inc.",69fdf22b19e1eeeaeb9add38,wjb111 - WJB Investment Co. (Parking Lot),evidenceOfInsurance,Evidence of Insurance,excessOrUmbrellaLiability,Umbrella/Excess Liability,evidenceOfInsuranceExcessOrUmbrellaLiabilityAggregate,Aggregate,,matchOnce,must be greater or equal to,1000000,,non_compliant,Block Requirements,,,false,0,,2026-08-16
"Block Real Estate Services, LLC",69fdf7c762446148bd85d882,69fded1d62446148bd84903f,"OUTFRONT Media, LLC / Gannett Outdoor Co., Inc.",69fdf22b19e1eeeaeb9add38,wjb111 - WJB Investment Co. (Parking Lot),evidenceOfInsurance,Evidence of Insurance,workersCompensation,Workers' Compensation and Employer's Liability,evidenceOfInsuranceWorkersCompensationStatutoryLimits,Statutory Limits,,matchOnce,must be present,,,non_compliant,Block Requirements,,,false,0,,2026-08-16
"Block Real Estate Services, LLC",69fdf7c762446148bd85d882,69fded1d62446148bd84903f,"OUTFRONT Media, LLC / Gannett Outdoor Co., Inc.",69fdf22b19e1eeeaeb9add38,wjb111 - WJB Investment Co. (Parking Lot),evidenceOfInsurance,Evidence of Insurance,workersCompensation,Workers' Compensation and Employer's Liability,evidenceOfInsuranceWorkersCompensationEmployersLiabilityEachAccident,Employer's Liability Each Accident,,matchOnce,must be greater or equal to,500000,,non_compliant,Block Requirements,,,false,0,,2026-08-16
"Block Real Estate Services, LLC",69fdf7c762446148bd85d882,69fded1d62446148bd84903f,"OUTFRONT Media, LLC / Gannett Outdoor Co., Inc.",69fdf22b19e1eeeaeb9add38,wjb111 - WJB Investment Co. (Parking Lot),evidenceOfInsurance,Evidence of Insurance,workersCompensation,Workers' Compensation and Employer's Liability,evidenceOfInsuranceWorkersCompensationEmployersLiabilityDiseaseEachEmployee,Employer's Liability Disease - each employee,,matchOnce,must be greater or equal to,500000,,non_compliant,Block Requirements,,,false,0,,2026-08-16
"Block Real Estate Services, LLC",69fdf7c762446148bd85d882,69fded1d62446148bd84903f,"OUTFRONT Media, LLC / Gannett Outdoor Co., Inc.",69fdf22b19e1eeeaeb9add38,wjb111 - WJB Investment Co. (Parking Lot),evidenceOfInsurance,Evidence of Insurance,workersCompensation,Workers' Compensation and Employer's Liability,evidenceOfInsuranceWorkersCompensationEmployersLiabilityDiseasePolicyLimit,Employer's Liability Disease - policy limit,,matchOnce,must be greater or equal to,500000,,non_compliant,Block Requirements,,,false,0,,2026-08-16
"Block Real Estate Services, LLC",69fdf7c762446148bd85d882,69fded1d62446148bd84903f,"OUTFRONT Media, LLC / Gannett Outdoor Co., Inc.",69fdf22b19e1eeeaeb9add38,wjb111 - WJB Investment Co. (Parking Lot),evidenceOfInsurance,Evidence of Insurance,workersCompensation,Workers' Compensation and Employer's Liability,evidenceOfInsuranceWorkersCompensationWaiverOfSubrogationEndorsement,Waiver of Subrogation,"---prompt---
Determine if the insurer has waived their right of subrogation in favor of the certificate holder under the Workers' Compensation policy. Evidence may include: a checked ""Waiver of Subrogation"" box on the certificate, mention in the Description of Operations section stating ""waiver of subrogation applies"", or reference to form WC 00 03 13. Look for language like ""subrogation is waived"" or ""per written contract"".",matchOnce,must be present,,,non_compliant,Block Requirements,,,false,0,,2026-08-16
"Block Real Estate Services, LLC",69fdf7c762446148bd85d882,69fded1d62446148bd84903f,"OUTFRONT Media, LLC / Gannett Outdoor Co., Inc.",69fdf22b19e1eeeaeb9add38,wjb111 - WJB Investment Co. (Parking Lot),evidenceOfInsurance,Evidence of Insurance,6ac20aae-5728-5d57-b364-aeba38527dba,Additional Requirements,4da5b0f1-4c9d-5885-8cf8-5d3cccaed3e0,"Block Real Estate Services, LLC and all others required by contract are named as Additional Insureds","---prompt---
Determine if the Description of Operations or the Additional Remarks Schedule section states the ""Additional Insured as Construction Management, Inc. and all others required by contract"" or reference to blanket additional insured coverage. Look for language like ""certificate holder is additional insured"" or ""per written contract"".",matchOnce,must be present,,,non_compliant,Block Requirements,,,true,0,,2026-08-16
"Block Real Estate Services, LLC",69fdf7c762446148bd85d882,69fded1d62446148bd84903f,"OUTFRONT Media, LLC / Gannett Outdoor Co., Inc.",69fdf22b19e1eeeaeb9add38,wjb111 - WJB Investment Co. (Parking Lot),evidenceOfInsurance,Evidence of Insurance,6ac20aae-5728-5d57-b364-aeba38527dba,Additional Requirements,e1017741-e47e-5f58-97b8-fbc3043e919f,Umbrella follows form over General Liability,"---prompt---
Determine if the Umbrella/Excess Liability policy follows form to the underlying policies. Evidence may include: language in the Description of Operations section stating the umbrella follows form to underlying coverages or an additional page endorsement stating that it follows form. Follow form means the umbrella policy adopts the same terms, conditions, and exclusions as the underlying policies.",matchOnce,must be present,,,non_compliant,Block Requirements,,,true,0,,2026-08-16
"Block Real Estate Services, LLC",69fdf7c762446148bd85d882,69fded1d62446148bd84903f,"OUTFRONT Media, LLC / Gannett Outdoor Co., Inc.",69fdf22b19e1eeeaeb9add38,wjb111 - WJB Investment Co. (Parking Lot),evidenceOfInsurance,Evidence of Insurance,6ac20aae-5728-5d57-b364-aeba38527dba,Additional Requirements,2cdd866f-c9a4-576a-afd8-1d045762790c,The location must be listed as: 120 E. 7th Street Park 2 Kansas City MO 64106,,matchOnce,must be present,,,non_compliant,Block Requirements,,,true,0,,2026-08-16
"Block Real Estate Services, LLC",69fdf7c762446148bd85d882,69fded1d62446148bd84903f,"OUTFRONT Media, LLC / Gannett Outdoor Co., Inc.",69fdf22b19e1eeeaeb9add38,wjb111 - WJB Investment Co. (Parking Lot),evidenceOfInsurance,Evidence of Insurance,6ac20aae-5728-5d57-b364-aeba38527dba,Additional Requirements,3649e9d1-4e09-59bf-8f30-cb33c40cf117,"Certificate Holder must read: c/o Block Real Estate Services, LLC, 4622 Pennsylvania St., Suite 700, Kansas City, MO, 64112",,matchOnce,must be present,,,non_compliant,Block Requirements,,,true,0,,2026-08-16
"Block Real Estate Services, LLC",6a1725eabf28cb6a86a39897,69fded2362446148bd849252,UMB Bank N.A.,69fdf22b19e1eeeaeb9add38,wjb111 - WJB Investment Co. (Parking Lot),evidenceOfInsurance,Evidence of Insurance,commercialGeneralLiability,Commercial General Liability,evidenceOfInsuranceCommercialGeneralLiabilityCoverageTriggerOccurrence,Coverage Trigger: Occurrence,,matchOnce,must be present,,,non_compliant,Block Requirements,,,false,0,,2026-08-16
"Block Real Estate Services, LLC",6a1725eabf28cb6a86a39897,69fded2362446148bd849252,UMB Bank N.A.,69fdf22b19e1eeeaeb9add38,wjb111 - WJB Investment Co. (Parking Lot),evidenceOfInsurance,Evidence of Insurance,commercialGeneralLiability,Commercial General Liability,evidenceOfInsuranceCommercialGeneralLiabilityGeneralAggregateLimitAppliesPerLocation,General Aggregate Limit Applies per: Location,,matchOnce,must be present,,,non_compliant,Block Requirements,,,false,0,,2026-08-16
"Block Real Estate Services, LLC",6a1725eabf28cb6a86a39897,69fded2362446148bd849252,UMB Bank N.A.,69fdf22b19e1eeeaeb9add38,wjb111 - WJB Investment Co. (Parking Lot),evidenceOfInsurance,Evidence of Insurance,commercialGeneralLiability,Commercial General Liability,evidenceOfInsuranceCommercialGeneralLiabilityEachOccurrence,Each Occurrence,,matchOnce,must be greater or equal to,1000000,,non_compliant,Block Requirements,,,false,0,,2026-08-16
"Block Real Estate Services, LLC",6a1725eabf28cb6a86a39897,69fded2362446148bd849252,UMB Bank N.A.,69fdf22b19e1eeeaeb9add38,wjb111 - WJB Investment Co. (Parking Lot),evidenceOfInsurance,Evidence of Insurance,commercialGeneralLiability,Commercial General Liability,evidenceOfInsuranceCommercialGeneralLiabilityGeneralAggregate,General Aggregate,,matchOnce,must be greater or equal to,2000000,,non_compliant,Block Requirements,,,false,0,,2026-08-16
"Block Real Estate Services, LLC",6a1725eabf28cb6a86a39897,69fded2362446148bd849252,UMB Bank N.A.,69fdf22b19e1eeeaeb9add38,wjb111 - WJB Investment Co. (Parking Lot),evidenceOfInsurance,Evidence of Insurance,commercialGeneralLiability,Commercial General Liability,evidenceOfInsuranceCommercialGeneralLiabilityWaiverOfSubrogationEndorsement,Waiver of Subrogation,"---prompt---
Determine if the insurer has waived their right of subrogation in favor of the certificate holder under the Commercial General Liability policy. Evidence may include: a checked ""Waiver of Subrogation"" box on the certificate, mention in the Description of Operations section stating ""waiver of subrogation applies"", or reference to form CG 24 04. Look for language like ""subrogation is waived"" or ""per written contract"".",matchOnce,must be present,,,non_compliant,Block Requirements,,,false,0,,2026-08-16
"Block Real Estate Services, LLC",6a1725eabf28cb6a86a39897,69fded2362446148bd849252,UMB Bank N.A.,69fdf22b19e1eeeaeb9add38,wjb111 - WJB Investment Co. (Parking Lot),evidenceOfInsurance,Evidence of Insurance,excessOrUmbrellaLiability,Umbrella/Excess Liability,evidenceOfInsuranceExcessOrUmbrellaLiabilityOccurence,Coverage Trigger: Occurrence,,matchOnce,must be present,,,non_compliant,Block Requirements,,,false,0,,2026-08-16
"Block Real Estate Services, LLC",6a1725eabf28cb6a86a39897,69fded2362446148bd849252,UMB Bank N.A.,69fdf22b19e1eeeaeb9add38,wjb111 - WJB Investment Co. (Parking Lot),evidenceOfInsurance,Evidence of Insurance,excessOrUmbrellaLiability,Umbrella/Excess Liability,evidenceOfInsuranceExcessOrUmbrellaLiabilityEachOccurrence,Each Occurrence,,matchOnce,must be greater or equal to,1000000,,non_compliant,Block Requirements,,,false,0,,2026-08-16
"Block Real Estate Services, LLC",6a1725eabf28cb6a86a39897,69fded2362446148bd849252,UMB Bank N.A.,69fdf22b19e1eeeaeb9add38,wjb111 - WJB Investment Co. (Parking Lot),evidenceOfInsurance,Evidence of Insurance,excessOrUmbrellaLiability,Umbrella/Excess Liability,evidenceOfInsuranceExcessOrUmbrellaLiabilityAggregate,Aggregate,,matchOnce,must be greater or equal to,1000000,,non_compliant,Block Requirements,,,false,0,,2026-08-16
"Block Real Estate Services, LLC",6a1725eabf28cb6a86a39897,69fded2362446148bd849252,UMB Bank N.A.,69fdf22b19e1eeeaeb9add38,wjb111 - WJB Investment Co. (Parking Lot),evidenceOfInsurance,Evidence of Insurance,workersCompensation,Workers' Compensation and Employer's Liability,evidenceOfInsuranceWorkersCompensationStatutoryLimits,Statutory Limits,,matchOnce,must be present,,,non_compliant,Block Requirements,,,false,0,,2026-08-16
"Block Real Estate Services, LLC",6a1725eabf28cb6a86a39897,69fded2362446148bd849252,UMB Bank N.A.,69fdf22b19e1eeeaeb9add38,wjb111 - WJB Investment Co. (Parking Lot),evidenceOfInsurance,Evidence of Insurance,workersCompensation,Workers' Compensation and Employer's Liability,evidenceOfInsuranceWorkersCompensationEmployersLiabilityEachAccident,Employer's Liability Each Accident,,matchOnce,must be greater or equal to,500000,,non_compliant,Block Requirements,,,false,0,,2026-08-16
"Block Real Estate Services, LLC",6a1725eabf28cb6a86a39897,69fded2362446148bd849252,UMB Bank N.A.,69fdf22b19e1eeeaeb9add38,wjb111 - WJB Investment Co. (Parking Lot),evidenceOfInsurance,Evidence of Insurance,workersCompensation,Workers' Compensation and Employer's Liability,evidenceOfInsuranceWorkersCompensationEmployersLiabilityDiseaseEachEmployee,Employer's Liability Disease - each employee,,matchOnce,must be greater or equal to,500000,,non_compliant,Block Requirements,,,false,0,,2026-08-16
"Block Real Estate Services, LLC",6a1725eabf28cb6a86a39897,69fded2362446148bd849252,UMB Bank N.A.,69fdf22b19e1eeeaeb9add38,wjb111 - WJB Investment Co. (Parking Lot),evidenceOfInsurance,Evidence of Insurance,workersCompensation,Workers' Compensation and Employer's Liability,evidenceOfInsuranceWorkersCompensationEmployersLiabilityDiseasePolicyLimit,Employer's Liability Disease - policy limit,,matchOnce,must be greater or equal to,500000,,non_compliant,Block Requirements,,,false,0,,2026-08-16
"Block Real Estate Services, LLC",6a1725eabf28cb6a86a39897,69fded2362446148bd849252,UMB Bank N.A.,69fdf22b19e1eeeaeb9add38,wjb111 - WJB Investment Co. (Parking Lot),evidenceOfInsurance,Evidence of Insurance,workersCompensation,Workers' Compensation and Employer's Liability,evidenceOfInsuranceWorkersCompensationWaiverOfSubrogationEndorsement,Waiver of Subrogation,"---prompt---
Determine if the insurer has waived their right of subrogation in favor of the certificate holder under the Workers' Compensation policy. Evidence may include: a checked ""Waiver of Subrogation"" box on the certificate, mention in the Description of Operations section stating ""waiver of subrogation applies"", or reference to form WC 00 03 13. Look for language like ""subrogation is waived"" or ""per written contract"".",matchOnce,must be present,,,non_compliant,Block Requirements,,,false,0,,2026-08-16
"Block Real Estate Services, LLC",6a1725eabf28cb6a86a39897,69fded2362446148bd849252,UMB Bank N.A.,69fdf22b19e1eeeaeb9add38,wjb111 - WJB Investment Co. (Parking Lot),evidenceOfInsurance,Evidence of Insurance,6ac20aae-5728-5d57-b364-aeba38527dba,Additional Requirements,4da5b0f1-4c9d-5885-8cf8-5d3cccaed3e0,"Block Real Estate Services, LLC and all others required by contract are named as Additional Insureds","---prompt---
Determine if the Description of Operations or the Additional Remarks Schedule section states the ""Additional Insured as Construction Management, Inc. and all others required by contract"" or reference to blanket additional insured coverage. Look for language like ""certificate holder is additional insured"" or ""per written contract"".",matchOnce,must be present,,,non_compliant,Block Requirements,,,true,0,,2026-08-16
"Block Real Estate Services, LLC",6a1725eabf28cb6a86a39897,69fded2362446148bd849252,UMB Bank N.A.,69fdf22b19e1eeeaeb9add38,wjb111 - WJB Investment Co. (Parking Lot),evidenceOfInsurance,Evidence of Insurance,6ac20aae-5728-5d57-b364-aeba38527dba,Additional Requirements,e1017741-e47e-5f58-97b8-fbc3043e919f,Umbrella follows form over General Liability,"---prompt---
Determine if the Umbrella/Excess Liability policy follows form to the underlying policies. Evidence may include: language in the Description of Operations section stating the umbrella follows form to underlying coverages or an additional page endorsement stating that it follows form. Follow form means the umbrella policy adopts the same terms, conditions, and exclusions as the underlying policies.",matchOnce,must be present,,,non_compliant,Block Requirements,,,true,0,,2026-08-16
"Block Real Estate Services, LLC",6a1725eabf28cb6a86a39897,69fded2362446148bd849252,UMB Bank N.A.,69fdf22b19e1eeeaeb9add38,wjb111 - WJB Investment Co. (Parking Lot),evidenceOfInsurance,Evidence of Insurance,6ac20aae-5728-5d57-b364-aeba38527dba,Additional Requirements,2cdd866f-c9a4-576a-afd8-1d045762790c,The location must be listed as: 120 E. 7th Street Park 3 Kansas City MO 64106,,matchOnce,must be present,,,non_compliant,Block Requirements,,,true,0,,2026-08-16
"Block Real Estate Services, LLC",6a1725eabf28cb6a86a39897,69fded2362446148bd849252,UMB Bank N.A.,69fdf22b19e1eeeaeb9add38,wjb111 - WJB Investment Co. (Parking Lot),evidenceOfInsurance,Evidence of Insurance,6ac20aae-5728-5d57-b364-aeba38527dba,Additional Requirements,3649e9d1-4e09-59bf-8f30-cb33c40cf117,"Certificate Holder must read: c/o Block Real Estate Services, LLC, 4622 Pennsylvania St., Suite 700, Kansas City, MO, 64112",,matchOnce,must be present,,,non_compliant,Block Requirements,,,true,0,,2026-08-16
"Block Real Estate Services, LLC",69fdf75c62446148bd855fa9,69fded1462446148bd848d75,Equipmentshare.com Inc,69fdefe60bb484cab513acd9,"bkp362 - Nieman Business Park Building C {BK Properties, LLC}",evidenceOfInsurance,Evidence of Insurance,commercialGeneralLiability,Commercial General Liability,evidenceOfInsuranceCommercialGeneralLiabilityCoverageTriggerOccurrence,Coverage Trigger: Occurrence,,matchOnce,must be present,,,non_compliant,Block Requirements,,,false,0,,2026-08-16
"Block Real Estate Services, LLC",69fdf75c62446148bd855fa9,69fded1462446148bd848d75,Equipmentshare.com Inc,69fdefe60bb484cab513acd9,"bkp362 - Nieman Business Park Building C {BK Properties, LLC}",evidenceOfInsurance,Evidence of Insurance,commercialGeneralLiability,Commercial General Liability,evidenceOfInsuranceCommercialGeneralLiabilityGeneralAggregateLimitAppliesPerLocation,General Aggregate Limit Applies per: Location,,matchOnce,must be present,,,non_compliant,Block Requirements,,,false,0,,2026-08-16
"Block Real Estate Services, LLC",69fdf75c62446148bd855fa9,69fded1462446148bd848d75,Equipmentshare.com Inc,69fdefe60bb484cab513acd9,"bkp362 - Nieman Business Park Building C {BK Properties, LLC}",evidenceOfInsurance,Evidence of Insurance,commercialGeneralLiability,Commercial General Liability,evidenceOfInsuranceCommercialGeneralLiabilityEachOccurrence,Each Occurrence,,matchOnce,must be greater or equal to,1000000,,non_compliant,Block Requirements,,,false,0,,2026-08-16
"Block Real Estate Services, LLC",69fdf75c62446148bd855fa9,69fded1462446148bd848d75,Equipmentshare.com Inc,69fdefe60bb484cab513acd9,"bkp362 - Nieman Business Park Building C {BK Properties, LLC}",evidenceOfInsurance,Evidence of Insurance,commercialGeneralLiability,Commercial General Liability,evidenceOfInsuranceCommercialGeneralLiabilityGeneralAggregate,General Aggregate,,matchOnce,must be greater or equal to,2000000,,non_compliant,Block Requirements,,,false,0,,2026-08-16
"Block Real Estate Services, LLC",69fdf75c62446148bd855fa9,69fded1462446148bd848d75,Equipmentshare.com Inc,69fdefe60bb484cab513acd9,"bkp362 - Nieman Business Park Building C {BK Properties, LLC}",evidenceOfInsurance,Evidence of Insurance,commercialGeneralLiability,Commercial General Liability,evidenceOfInsuranceCommercialGeneralLiabilityWaiverOfSubrogationEndorsement,Waiver of Subrogation,"---prompt---
Determine if the insurer has waived their right of subrogation in favor of the certificate holder under the Commercial General Liability policy. Evidence may include: a checked ""Waiver of Subrogation"" box on the certificate, mention in the Description of Operations section stating ""waiver of subrogation applies"", or reference to form CG 24 04. Look for language like ""subrogation is waived"" or ""per written contract"".",matchOnce,must be present,,,non_compliant,Block Requirements,,,false,0,,2026-08-16
"Block Real Estate Services, LLC",69fdf75c62446148bd855fa9,69fded1462446148bd848d75,Equipmentshare.com Inc,69fdefe60bb484cab513acd9,"bkp362 - Nieman Business Park Building C {BK Properties, LLC}",evidenceOfInsurance,Evidence of Insurance,excessOrUmbrellaLiability,Umbrella/Excess Liability,evidenceOfInsuranceExcessOrUmbrellaLiabilityOccurence,Coverage Trigger: Occurrence,,matchOnce,must be present,,,non_compliant,Block Requirements,,,false,0,,2026-08-16
"Block Real Estate Services, LLC",69fdf75c62446148bd855fa9,69fded1462446148bd848d75,Equipmentshare.com Inc,69fdefe60bb484cab513acd9,"bkp362 - Nieman Business Park Building C {BK Properties, LLC}",evidenceOfInsurance,Evidence of Insurance,excessOrUmbrellaLiability,Umbrella/Excess Liability,evidenceOfInsuranceExcessOrUmbrellaLiabilityEachOccurrence,Each Occurrence,,matchOnce,must be greater or equal to,1000000,,non_compliant,Block Requirements,,,false,0,,2026-08-16
"Block Real Estate Services, LLC",69fdf75c62446148bd855fa9,69fded1462446148bd848d75,Equipmentshare.com Inc,69fdefe60bb484cab513acd9,"bkp362 - Nieman Business Park Building C {BK Properties, LLC}",evidenceOfInsurance,Evidence of Insurance,excessOrUmbrellaLiability,Umbrella/Excess Liability,evidenceOfInsuranceExcessOrUmbrellaLiabilityAggregate,Aggregate,,matchOnce,must be greater or equal to,1000000,,non_compliant,Block Requirements,,,false,0,,2026-08-16
"Block Real Estate Services, LLC",69fdf75c62446148bd855fa9,69fded1462446148bd848d75,Equipmentshare.com Inc,69fdefe60bb484cab513acd9,"bkp362 - Nieman Business Park Building C {BK Properties, LLC}",evidenceOfInsurance,Evidence of Insurance,workersCompensation,Workers' Compensation and Employer's Liability,evidenceOfInsuranceWorkersCompensationStatutoryLimits,Statutory Limits,,matchOnce,must be present,,,non_compliant,Block Requirements,,,false,0,,2026-08-16
"Block Real Estate Services, LLC",69fdf75c62446148bd855fa9,69fded1462446148bd848d75,Equipmentshare.com Inc,69fdefe60bb484cab513acd9,"bkp362 - Nieman Business Park Building C {BK Properties, LLC}",evidenceOfInsurance,Evidence of Insurance,workersCompensation,Workers' Compensation and Employer's Liability,evidenceOfInsuranceWorkersCompensationEmployersLiabilityEachAccident,Employer's Liability Each Accident,,matchOnce,must be greater or equal to,500000,,non_compliant,Block Requirements,,,false,0,,2026-08-16
"Block Real Estate Services, LLC",69fdf75c62446148bd855fa9,69fded1462446148bd848d75,Equipmentshare.com Inc,69fdefe60bb484cab513acd9,"bkp362 - Nieman Business Park Building C {BK Properties, LLC}",evidenceOfInsurance,Evidence of Insurance,workersCompensation,Workers' Compensation and Employer's Liability,evidenceOfInsuranceWorkersCompensationEmployersLiabilityDiseaseEachEmployee,Employer's Liability Disease - each employee,,matchOnce,must be greater or equal to,500000,,non_compliant,Block Requirements,,,false,0,,2026-08-16
"Block Real Estate Services, LLC",69fdf75c62446148bd855fa9,69fded1462446148bd848d75,Equipmentshare.com Inc,69fdefe60bb484cab513acd9,"bkp362 - Nieman Business Park Building C {BK Properties, LLC}",evidenceOfInsurance,Evidence of Insurance,workersCompensation,Workers' Compensation and Employer's Liability,evidenceOfInsuranceWorkersCompensationEmployersLiabilityDiseasePolicyLimit,Employer's Liability Disease - policy limit,,matchOnce,must be greater or equal to,500000,,non_compliant,Block Requirements,,,false,0,,2026-08-16
"Block Real Estate Services, LLC",69fdf75c62446148bd855fa9,69fded1462446148bd848d75,Equipmentshare.com Inc,69fdefe60bb484cab513acd9,"bkp362 - Nieman Business Park Building C {BK Properties, LLC}",evidenceOfInsurance,Evidence of Insurance,workersCompensation,Workers' Compensation and Employer's Liability,evidenceOfInsuranceWorkersCompensationWaiverOfSubrogationEndorsement,Waiver of Subrogation,"---prompt---
Determine if the insurer has waived their right of subrogation in favor of the certificate holder under the Workers' Compensation policy. Evidence may include: a checked ""Waiver of Subrogation"" box on the certificate, mention in the Description of Operations section stating ""waiver of subrogation applies"", or reference to form WC 00 03 13. Look for language like ""subrogation is waived"" or ""per written contract"".",matchOnce,must be present,,,non_compliant,Block Requirements,,,false,0,,2026-08-16
"Block Real Estate Services, LLC",69fdf75c62446148bd855fa9,69fded1462446148bd848d75,Equipmentshare.com Inc,69fdefe60bb484cab513acd9,"bkp362 - Nieman Business Park Building C {BK Properties, LLC}",evidenceOfInsurance,Evidence of Insurance,6ac20aae-5728-5d57-b364-aeba38527dba,Additional Requirements,4da5b0f1-4c9d-5885-8cf8-5d3cccaed3e0,"Block Real Estate Services, LLC and all others required by contract are named as Additional Insureds","---prompt---
Determine if the Description of Operations or the Additional Remarks Schedule section states the ""Additional Insured as Construction Management, Inc. and all others required by contract"" or reference to blanket additional insured coverage. Look for language like ""certificate holder is additional insured"" or ""per written contract"".",matchOnce,must be present,,,non_compliant,Block Requirements,,,true,0,,2026-08-16
"Block Real Estate Services, LLC",69fdf75c62446148bd855fa9,69fded1462446148bd848d75,Equipmentshare.com Inc,69fdefe60bb484cab513acd9,"bkp362 - Nieman Business Park Building C {BK Properties, LLC}",evidenceOfInsurance,Evidence of Insurance,6ac20aae-5728-5d57-b364-aeba38527dba,Additional Requirements,e1017741-e47e-5f58-97b8-fbc3043e919f,Umbrella follows form over General Liability,"---prompt---
Determine if the Umbrella/Excess Liability policy follows form to the underlying policies. Evidence may include: language in the Description of Operations section stating the umbrella follows form to underlying coverages or an additional page endorsement stating that it follows form. Follow form means the umbrella policy adopts the same terms, conditions, and exclusions as the underlying policies.",matchOnce,must be present,,,non_compliant,Block Requirements,,,true,0,,2026-08-16
"Block Real Estate Services, LLC",69fdf75c62446148bd855fa9,69fded1462446148bd848d75,Equipmentshare.com Inc,69fdefe60bb484cab513acd9,"bkp362 - Nieman Business Park Building C {BK Properties, LLC}",evidenceOfInsurance,Evidence of Insurance,6ac20aae-5728-5d57-b364-aeba38527dba,Additional Requirements,2cdd866f-c9a4-576a-afd8-1d045762790c,"The location must be listed as: 10819 W. 78th Street, Shawnee, KS, 66214",,matchOnce,must be present,,,non_compliant,Block Requirements,,,true,0,,2026-08-16
"Block Real Estate Services, LLC",69fdf75c62446148bd855fa9,69fded1462446148bd848d75,Equipmentshare.com Inc,69fdefe60bb484cab513acd9,"bkp362 - Nieman Business Park Building C {BK Properties, LLC}",evidenceOfInsurance,Evidence of Insurance,6ac20aae-5728-5d57-b364-aeba38527dba,Additional Requirements,3649e9d1-4e09-59bf-8f30-cb33c40cf117,"Certificate Holder must read: c/o Block Real Estate Services, LLC, 4622 Pennsylvania St., Suite 700, Kansas City, MO, 64112",,matchOnce,must be present,,,non_compliant,Block Requirements,,,true,0,,2026-08-16
"Block Real Estate Services, LLC",69fdf75c62446148bd855fab,69fded2262446148bd8491d7,"SPI Coatings / Superior Products International II, Inc.",69fdefe60bb484cab513acd9,"bkp362 - Nieman Business Park Building C {BK Properties, LLC}",evidenceOfInsurance,Evidence of Insurance,commercialGeneralLiability,Commercial General Liability,evidenceOfInsuranceCommercialGeneralLiabilityCoverageTriggerOccurrence,Coverage Trigger: Occurrence,,matchOnce,must be present,,Present,compliant,Block Requirements,,,false,1,,2026-08-16
"Block Real Estate Services, LLC",69fdf75c62446148bd855fab,69fded2262446148bd8491d7,"SPI Coatings / Superior Products International II, Inc.",69fdefe60bb484cab513acd9,"bkp362 - Nieman Business Park Building C {BK Properties, LLC}",evidenceOfInsurance,Evidence of Insurance,commercialGeneralLiability,Commercial General Liability,evidenceOfInsuranceCommercialGeneralLiabilityGeneralAggregateLimitAppliesPerLocation,General Aggregate Limit Applies per: Location,,matchOnce,must be present,,,waived,Block Requirements,Per location not a requirement in the lease,,false,0,,2026-08-16
"Block Real Estate Services, LLC",69fdf75c62446148bd855fab,69fded2262446148bd8491d7,"SPI Coatings / Superior Products International II, Inc.",69fdefe60bb484cab513acd9,"bkp362 - Nieman Business Park Building C {BK Properties, LLC}",evidenceOfInsurance,Evidence of Insurance,commercialGeneralLiability,Commercial General Liability,evidenceOfInsuranceCommercialGeneralLiabilityEachOccurrence,Each Occurrence,,matchOnce,must be greater or equal to,1000000,1000000,compliant,Block Requirements,,,false,1,,2026-08-16
"Block Real Estate Services, LLC",69fdf75c62446148bd855fab,69fded2262446148bd8491d7,"SPI Coatings / Superior Products International II, Inc.",69fdefe60bb484cab513acd9,"bkp362 - Nieman Business Park Building C {BK Properties, LLC}",evidenceOfInsurance,Evidence of Insurance,commercialGeneralLiability,Commercial General Liability,evidenceOfInsuranceCommercialGeneralLiabilityGeneralAggregate,General Aggregate,,matchOnce,must be greater or equal to,2000000,2000000,compliant,Block Requirements,,,false,1,,2026-08-16
"Block Real Estate Services, LLC",69fdf75c62446148bd855fab,69fded2262446148bd8491d7,"SPI Coatings / Superior Products International II, Inc.",69fdefe60bb484cab513acd9,"bkp362 - Nieman Business Park Building C {BK Properties, LLC}",evidenceOfInsurance,Evidence of Insurance,commercialGeneralLiability,Commercial General Liability,evidenceOfInsuranceCommercialGeneralLiabilityWaiverOfSubrogationEndorsement,Waiver of Subrogation,"---prompt---
Determine if the insurer has waived their right of subrogation in favor of the certificate holder under the Commercial General Liability policy. Evidence may include: a checked ""Waiver of Subrogation"" box on the certificate, mention in the Description of Operations section stating ""waiver of subrogation applies"", or reference to form CG 24 04. Look for language like ""subrogation is waived"" or ""per written contract"".",matchOnce,must be present,,,non_compliant,Block Requirements,,,false,0,,2026-08-16
"Block Real Estate Services, LLC",69fdf75c62446148bd855fab,69fded2262446148bd8491d7,"SPI Coatings / Superior Products International II, Inc.",69fdefe60bb484cab513acd9,"bkp362 - Nieman Business Park Building C {BK Properties, LLC}",evidenceOfInsurance,Evidence of Insurance,excessOrUmbrellaLiability,Umbrella/Excess Liability,evidenceOfInsuranceExcessOrUmbrellaLiabilityOccurence,Coverage Trigger: Occurrence,,matchOnce,must be present,,,waived,Block Requirements,,,false,0,,2026-08-16
"Block Real Estate Services, LLC",69fdf75c62446148bd855fab,69fded2262446148bd8491d7,"SPI Coatings / Superior Products International II, Inc.",69fdefe60bb484cab513acd9,"bkp362 - Nieman Business Park Building C {BK Properties, LLC}",evidenceOfInsurance,Evidence of Insurance,excessOrUmbrellaLiability,Umbrella/Excess Liability,evidenceOfInsuranceExcessOrUmbrellaLiabilityEachOccurrence,Each Occurrence,,matchOnce,must be greater or equal to,1000000,,waived,Block Requirements,,,false,0,,2026-08-16
"Block Real Estate Services, LLC",69fdf75c62446148bd855fab,69fded2262446148bd8491d7,"SPI Coatings / Superior Products International II, Inc.",69fdefe60bb484cab513acd9,"bkp362 - Nieman Business Park Building C {BK Properties, LLC}",evidenceOfInsurance,Evidence of Insurance,excessOrUmbrellaLiability,Umbrella/Excess Liability,evidenceOfInsuranceExcessOrUmbrellaLiabilityAggregate,Aggregate,,matchOnce,must be greater or equal to,1000000,,waived,Block Requirements,,,false,0,,2026-08-16
"Block Real Estate Services, LLC",69fdf75c62446148bd855fab,69fded2262446148bd8491d7,"SPI Coatings / Superior Products International II, Inc.",69fdefe60bb484cab513acd9,"bkp362 - Nieman Business Park Building C {BK Properties, LLC}",evidenceOfInsurance,Evidence of Insurance,workersCompensation,Workers' Compensation and Employer's Liability,evidenceOfInsuranceWorkersCompensationStatutoryLimits,Statutory Limits,,matchOnce,must be present,,,non_compliant,Block Requirements,,,false,0,,2026-08-16
"Block Real Estate Services, LLC",69fdf75c62446148bd855fab,69fded2262446148bd8491d7,"SPI Coatings / Superior Products International II, Inc.",69fdefe60bb484cab513acd9,"bkp362 - Nieman Business Park Building C {BK Properties, LLC}",evidenceOfInsurance,Evidence of Insurance,workersCompensation,Workers' Compensation and Employer's Liability,evidenceOfInsuranceWorkersCompensationEmployersLiabilityEachAccident,Employer's Liability Each Accident,,matchOnce,must be greater or equal to,500000,,non_compliant,Block Requirements,,,false,0,,2026-08-16
"Block Real Estate Services, LLC",69fdf75c62446148bd855fab,69fded2262446148bd8491d7,"SPI Coatings / Superior Products International II, Inc.",69fdefe60bb484cab513acd9,"bkp362 - Nieman Business Park Building C {BK Properties, LLC}",evidenceOfInsurance,Evidence of Insurance,workersCompensation,Workers' Compensation and Employer's Liability,evidenceOfInsuranceWorkersCompensationEmployersLiabilityDiseaseEachEmployee,Employer's Liability Disease - each employee,,matchOnce,must be greater or equal to,500000,,non_compliant,Block Requirements,,,false,0,,2026-08-16
"Block Real Estate Services, LLC",69fdf75c62446148bd855fab,69fded2262446148bd8491d7,"SPI Coatings / Superior Products International II, Inc.",69fdefe60bb484cab513acd9,"bkp362 - Nieman Business Park Building C {BK Properties, LLC}",evidenceOfInsurance,Evidence of Insurance,workersCompensation,Workers' Compensation and Employer's Liability,evidenceOfInsuranceWorkersCompensationEmployersLiabilityDiseasePolicyLimit,Employer's Liability Disease - policy limit,,matchOnce,must be greater or equal to,500000,,non_compliant,Block Requirements,,,false,0,,2026-08-16
"Block Real Estate Services, LLC",69fdf75c62446148bd855fab,69fded2262446148bd8491d7,"SPI Coatings / Superior Products International II, Inc.",69fdefe60bb484cab513acd9,"bkp362 - Nieman Business Park Building C {BK Properties, LLC}",evidenceOfInsurance,Evidence of Insurance,workersCompensation,Workers' Compensation and Employer's Liability,evidenceOfInsuranceWorkersCompensationWaiverOfSubrogationEndorsement,Waiver of Subrogation,"---prompt---
Determine if the insurer has waived their right of subrogation in favor of the certificate holder under the Workers' Compensation policy. Evidence may include: a checked ""Waiver of Subrogation"" box on the certificate, mention in the Description of Operations section stating ""waiver of subrogation applies"", or reference to form WC 00 03 13. Look for language like ""subrogation is waived"" or ""per written contract"".",matchOnce,must be present,,,non_compliant,Block Requirements,,,false,0,,2026-08-16
"Block Real Estate Services, LLC",69fdf75c62446148bd855fab,69fded2262446148bd8491d7,"SPI Coatings / Superior Products International II, Inc.",69fdefe60bb484cab513acd9,"bkp362 - Nieman Business Park Building C {BK Properties, LLC}",evidenceOfInsurance,Evidence of Insurance,6ac20aae-5728-5d57-b364-aeba38527dba,Additional Requirements,4da5b0f1-4c9d-5885-8cf8-5d3cccaed3e0,"Block Real Estate Services, LLC and all others required by contract are named as Additional Insureds","---prompt---
Determine if the Description of Operations or the Additional Remarks Schedule section states the ""Additional Insured as Construction Management, Inc. and all others required by contract"" or reference to blanket additional insured coverage. Look for language like ""certificate holder is additional insured"" or ""per written contract"".",matchOnce,must be present,,,non_compliant,Block Requirements,,,true,0,,2026-08-16
"Block Real Estate Services, LLC",69fdf75c62446148bd855fab,69fded2262446148bd8491d7,"SPI Coatings / Superior Products International II, Inc.",69fdefe60bb484cab513acd9,"bkp362 - Nieman Business Park Building C {BK Properties, LLC}",evidenceOfInsurance,Evidence of Insurance,6ac20aae-5728-5d57-b364-aeba38527dba,Additional Requirements,e1017741-e47e-5f58-97b8-fbc3043e919f,Umbrella follows form over General Liability,"---prompt---
Determine if the Umbrella/Excess Liability policy follows form to the underlying policies. Evidence may include: language in the Description of Operations section stating the umbrella follows form to underlying coverages or an additional page endorsement stating that it follows form. Follow form means the umbrella policy adopts the same terms, conditions, and exclusions as the underlying policies.",matchOnce,must be present,,,waived,Block Requirements,Umbrella Liability not a requirement in the lease,,true,0,,2026-08-16
"Block Real Estate Services, LLC",69fdf75c62446148bd855fab,69fded2262446148bd8491d7,"SPI Coatings / Superior Products International II, Inc.",69fdefe60bb484cab513acd9,"bkp362 - Nieman Business Park Building C {BK Properties, LLC}",evidenceOfInsurance,Evidence of Insurance,6ac20aae-5728-5d57-b364-aeba38527dba,Additional Requirements,2cdd866f-c9a4-576a-afd8-1d045762790c,"The location must be listed as: 10835 W. 78th Street, Shawnee, KS, 66214",,matchOnce,must be present,,,non_compliant,Block Requirements,,,true,0,,2026-08-16
"Block Real Estate Services, LLC",69fdf75c62446148bd855fab,69fded2262446148bd8491d7,"SPI Coatings / Superior Products International II, Inc.",69fdefe60bb484cab513acd9,"bkp362 - Nieman Business Park Building C {BK Properties, LLC}",evidenceOfInsurance,Evidence of Insurance,6ac20aae-5728-5d57-b364-aeba38527dba,Additional Requirements,3649e9d1-4e09-59bf-8f30-cb33c40cf117,"Certificate Holder must read: c/o Block Real Estate Services, LLC, 4622 Pennsylvania St., Suite 700, Kansas City, MO, 64112",,matchOnce,must be present,,,non_compliant,Block Requirements,,,true,0,,2026-08-16
"Block Real Estate Services, LLC",69fdf75c62446148bd855fac,69fded2462446148bd8492c4,"Advance Auto Store #4362 / Worldpac, Inc.",69fdefe60bb484cab513acd9,"bkp362 - Nieman Business Park Building C {BK Properties, LLC}",evidenceOfInsurance,Evidence of Insurance,commercialGeneralLiability,Commercial General Liability,evidenceOfInsuranceCommercialGeneralLiabilityCoverageTriggerOccurrence,Coverage Trigger: Occurrence,,matchOnce,must be present,,,non_compliant,Block Requirements,,,false,0,,2026-08-16
"Block Real Estate Services, LLC",69fdf75c62446148bd855fac,69fded2462446148bd8492c4,"Advance Auto Store #4362 / Worldpac, Inc.",69fdefe60bb484cab513acd9,"bkp362 - Nieman Business Park Building C {BK Properties, LLC}",evidenceOfInsurance,Evidence of Insurance,commercialGeneralLiability,Commercial General Liability,evidenceOfInsuranceCommercialGeneralLiabilityGeneralAggregateLimitAppliesPerLocation,General Aggregate Limit Applies per: Location,,matchOnce,must be present,,,non_compliant,Block Requirements,,,false,0,,2026-08-16
"Block Real Estate Services, LLC",69fdf75c62446148bd855fac,69fded2462446148bd8492c4,"Advance Auto Store #4362 / Worldpac, Inc.",69fdefe60bb484cab513acd9,"bkp362 - Nieman Business Park Building C {BK Properties, LLC}",evidenceOfInsurance,Evidence of Insurance,commercialGeneralLiability,Commercial General Liability,evidenceOfInsuranceCommercialGeneralLiabilityEachOccurrence,Each Occurrence,,matchOnce,must be greater or equal to,1000000,,non_compliant,Block Requirements,,,false,0,,2026-08-16
"Block Real Estate Services, LLC",69fdf75c62446148bd855fac,69fded2462446148bd8492c4,"Advance Auto Store #4362 / Worldpac, Inc.",69fdefe60bb484cab513acd9,"bkp362 - Nieman Business Park Building C {BK Properties, LLC}",evidenceOfInsurance,Evidence of Insurance,commercialGeneralLiability,Commercial General Liability,evidenceOfInsuranceCommercialGeneralLiabilityGeneralAggregate,General Aggregate,,matchOnce,must be greater or equal to,2000000,,non_compliant,Block Requirements,,,false,0,,2026-08-16
"Block Real Estate Services, LLC",69fdf75c62446148bd855fac,69fded2462446148bd8492c4,"Advance Auto Store #4362 / Worldpac, Inc.",69fdefe60bb484cab513acd9,"bkp362 - Nieman Business Park Building C {BK Properties, LLC}",evidenceOfInsurance,Evidence of Insurance,commercialGeneralLiability,Commercial General Liability,evidenceOfInsuranceCommercialGeneralLiabilityWaiverOfSubrogationEndorsement,Waiver of Subrogation,"---prompt---
Determine if the insurer has waived their right of subrogation in favor of the certificate holder under the Commercial General Liability policy. Evidence may include: a checked ""Waiver of Subrogation"" box on the certificate, mention in the Description of Operations section stating ""waiver of subrogation applies"", or reference to form CG 24 04. Look for language like ""subrogation is waived"" or ""per written contract"".",matchOnce,must be present,,,non_compliant,Block Requirements,,,false,0,,2026-08-16
"Block Real Estate Services, LLC",69fdf75c62446148bd855fac,69fded2462446148bd8492c4,"Advance Auto Store #4362 / Worldpac, Inc.",69fdefe60bb484cab513acd9,"bkp362 - Nieman Business Park Building C {BK Properties, LLC}",evidenceOfInsurance,Evidence of Insurance,excessOrUmbrellaLiability,Umbrella/Excess Liability,evidenceOfInsuranceExcessOrUmbrellaLiabilityOccurence,Coverage Trigger: Occurrence,,matchOnce,must be present,,,non_compliant,Block Requirements,,,false,0,,2026-08-16
"Block Real Estate Services, LLC",69fdf75c62446148bd855fac,69fded2462446148bd8492c4,"Advance Auto Store #4362 / Worldpac, Inc.",69fdefe60bb484cab513acd9,"bkp362 - Nieman Business Park Building C {BK Properties, LLC}",evidenceOfInsurance,Evidence of Insurance,excessOrUmbrellaLiability,Umbrella/Excess Liability,evidenceOfInsuranceExcessOrUmbrellaLiabilityEachOccurrence,Each Occurrence,,matchOnce,must be greater or equal to,1000000,,non_compliant,Block Requirements,,,false,0,,2026-08-16
"Block Real Estate Services, LLC",69fdf75c62446148bd855fac,69fded2462446148bd8492c4,"Advance Auto Store #4362 / Worldpac, Inc.",69fdefe60bb484cab513acd9,"bkp362 - Nieman Business Park Building C {BK Properties, LLC}",evidenceOfInsurance,Evidence of Insurance,excessOrUmbrellaLiability,Umbrella/Excess Liability,evidenceOfInsuranceExcessOrUmbrellaLiabilityAggregate,Aggregate,,matchOnce,must be greater or equal to,1000000,,non_compliant,Block Requirements,,,false,0,,2026-08-16
"Block Real Estate Services, LLC",69fdf75c62446148bd855fac,69fded2462446148bd8492c4,"Advance Auto Store #4362 / Worldpac, Inc.",69fdefe60bb484cab513acd9,"bkp362 - Nieman Business Park Building C {BK Properties, LLC}",evidenceOfInsurance,Evidence of Insurance,workersCompensation,Workers' Compensation and Employer's Liability,evidenceOfInsuranceWorkersCompensationStatutoryLimits,Statutory Limits,,matchOnce,must be present,,,non_compliant,Block Requirements,,,false,0,,2026-08-16
"Block Real Estate Services, LLC",69fdf75c62446148bd855fac,69fded2462446148bd8492c4,"Advance Auto Store #4362 / Worldpac, Inc.",69fdefe60bb484cab513acd9,"bkp362 - Nieman Business Park Building C {BK Properties, LLC}",evidenceOfInsurance,Evidence of Insurance,workersCompensation,Workers' Compensation and Employer's Liability,evidenceOfInsuranceWorkersCompensationEmployersLiabilityEachAccident,Employer's Liability Each Accident,,matchOnce,must be greater or equal to,500000,,non_compliant,Block Requirements,,,false,0,,2026-08-16
"Block Real Estate Services, LLC",69fdf75c62446148bd855fac,69fded2462446148bd8492c4,"Advance Auto Store #4362 / Worldpac, Inc.",69fdefe60bb484cab513acd9,"bkp362 - Nieman Business Park Building C {BK Properties, LLC}",evidenceOfInsurance,Evidence of Insurance,workersCompensation,Workers' Compensation and Employer's Liability,evidenceOfInsuranceWorkersCompensationEmployersLiabilityDiseaseEachEmployee,Employer's Liability Disease - each employee,,matchOnce,must be greater or equal to,500000,,non_compliant,Block Requirements,,,false,0,,2026-08-16
"Block Real Estate Services, LLC",69fdf75c62446148bd855fac,69fded2462446148bd8492c4,"Advance Auto Store #4362 / Worldpac, Inc.",69fdefe60bb484cab513acd9,"bkp362 - Nieman Business Park Building C {BK Properties, LLC}",evidenceOfInsurance,Evidence of Insurance,workersCompensation,Workers' Compensation and Employer's Liability,evidenceOfInsuranceWorkersCompensationEmployersLiabilityDiseasePolicyLimit,Employer's Liability Disease - policy limit,,matchOnce,must be greater or equal to,500000,,non_compliant,Block Requirements,,,false,0,,2026-08-16
"Block Real Estate Services, LLC",69fdf75c62446148bd855fac,69fded2462446148bd8492c4,"Advance Auto Store #4362 / Worldpac, Inc.",69fdefe60bb484cab513acd9,"bkp362 - Nieman Business Park Building C {BK Properties, LLC}",evidenceOfInsurance,Evidence of Insurance,workersCompensation,Workers' Compensation and Employer's Liability,evidenceOfInsuranceWorkersCompensationWaiverOfSubrogationEndorsement,Waiver of Subrogation,"---prompt---
Determine if the insurer has waived their right of subrogation in favor of the certificate holder under the Workers' Compensation policy. Evidence may include: a checked ""Waiver of Subrogation"" box on the certificate, mention in the Description of Operations section stating ""waiver of subrogation applies"", or reference to form WC 00 03 13. Look for language like ""subrogation is waived"" or ""per written contract"".",matchOnce,must be present,,,non_compliant,Block Requirements,,,false,0,,2026-08-16
"Block Real Estate Services, LLC",69fdf75c62446148bd855fac,69fded2462446148bd8492c4,"Advance Auto Store #4362 / Worldpac, Inc.",69fdefe60bb484cab513acd9,"bkp362 - Nieman Business Park Building C {BK Properties, LLC}",evidenceOfInsurance,Evidence of Insurance,6ac20aae-5728-5d57-b364-aeba38527dba,Additional Requirements,4da5b0f1-4c9d-5885-8cf8-5d3cccaed3e0,"Block Real Estate Services, LLC and all others required by contract are named as Additional Insureds","---prompt---
Determine if the Description of Operations or the Additional Remarks Schedule section states the ""Additional Insured as Construction Management, Inc. and all others required by contract"" or reference to blanket additional insured coverage. Look for language like ""certificate holder is additional insured"" or ""per written contract"".",matchOnce,must be present,,,non_compliant,Block Requirements,,,true,0,,2026-08-16
"Block Real Estate Services, LLC",69fdf75c62446148bd855fac,69fded2462446148bd8492c4,"Advance Auto Store #4362 / Worldpac, Inc.",69fdefe60bb484cab513acd9,"bkp362 - Nieman Business Park Building C {BK Properties, LLC}",evidenceOfInsurance,Evidence of Insurance,6ac20aae-5728-5d57-b364-aeba38527dba,Additional Requirements,e1017741-e47e-5f58-97b8-fbc3043e919f,Umbrella follows form over General Liability,"---prompt---
Determine if the Umbrella/Excess Liability policy follows form to the underlying policies. Evidence may include: language in the Description of Operations section stating the umbrella follows form to underlying coverages or an additional page endorsement stating that it follows form. Follow form means the umbrella policy adopts the same terms, conditions, and exclusions as the underlying policies.",matchOnce,must be present,,,non_compliant,Block Requirements,,,true,0,,2026-08-16
"Block Real Estate Services, LLC",69fdf75c62446148bd855fac,69fded2462446148bd8492c4,"Advance Auto Store #4362 / Worldpac, Inc.",69fdefe60bb484cab513acd9,"bkp362 - Nieman Business Park Building C {BK Properties, LLC}",evidenceOfInsurance,Evidence of Insurance,6ac20aae-5728-5d57-b364-aeba38527dba,Additional Requirements,2cdd866f-c9a4-576a-afd8-1d045762790c,"The location must be listed as: 10815 W. 78th Street, Shawnee, KS, 66214",,matchOnce,must be present,,,non_compliant,Block Requirements,,,true,0,,2026-08-16
"Block Real Estate Services, LLC",69fdf75c62446148bd855fac,69fded2462446148bd8492c4,"Advance Auto Store #4362 / Worldpac, Inc.",69fdefe60bb484cab513acd9,"bkp362 - Nieman Business Park Building C {BK Properties, LLC}",evidenceOfInsurance,Evidence of Insurance,6ac20aae-5728-5d57-b364-aeba38527dba,Additional Requirements,3649e9d1-4e09-59bf-8f30-cb33c40cf117,"Certificate Holder must read: c/o Block Real Estate Services, LLC, 4622 Pennsylvania St., Suite 700, Kansas City, MO, 64112",,matchOnce,must be present,,,non_compliant,Block Requirements,,,true,0,,2026-08-16
"Block Real Estate Services, LLC",69fdf75c62446148bd855faa,69fded1b62446148bd848fd3,"Dal Tile / Mohawk Carpet Distribution, Inc.",69fdefe60bb484cab513acd9,"bkp362 - Nieman Business Park Building C {BK Properties, LLC}",evidenceOfInsurance,Evidence of Insurance,commercialGeneralLiability,Commercial General Liability,evidenceOfInsuranceCommercialGeneralLiabilityCoverageTriggerOccurrence,Coverage Trigger: Occurrence,,matchOnce,must be present,,Present,compliant,Block Requirements,,,false,1,,2026-08-16
"Block Real Estate Services, LLC",69fdf75c62446148bd855faa,69fded1b62446148bd848fd3,"Dal Tile / Mohawk Carpet Distribution, Inc.",69fdefe60bb484cab513acd9,"bkp362 - Nieman Business Park Building C {BK Properties, LLC}",evidenceOfInsurance,Evidence of Insurance,commercialGeneralLiability,Commercial General Liability,evidenceOfInsuranceCommercialGeneralLiabilityGeneralAggregateLimitAppliesPerLocation,General Aggregate Limit Applies per: Location,,matchOnce,must be present,,,non_compliant,Block Requirements,,,false,0,,2026-08-16
"Block Real Estate Services, LLC",69fdf75c62446148bd855faa,69fded1b62446148bd848fd3,"Dal Tile / Mohawk Carpet Distribution, Inc.",69fdefe60bb484cab513acd9,"bkp362 - Nieman Business Park Building C {BK Properties, LLC}",evidenceOfInsurance,Evidence of Insurance,commercialGeneralLiability,Commercial General Liability,evidenceOfInsuranceCommercialGeneralLiabilityEachOccurrence,Each Occurrence,,matchOnce,must be greater or equal to,1000000,2000000,compliant,Block Requirements,,,false,1,,2026-08-16
"Block Real Estate Services, LLC",69fdf75c62446148bd855faa,69fded1b62446148bd848fd3,"Dal Tile / Mohawk Carpet Distribution, Inc.",69fdefe60bb484cab513acd9,"bkp362 - Nieman Business Park Building C {BK Properties, LLC}",evidenceOfInsurance,Evidence of Insurance,commercialGeneralLiability,Commercial General Liability,evidenceOfInsuranceCommercialGeneralLiabilityGeneralAggregate,General Aggregate,,matchOnce,must be greater or equal to,2000000,2000000,compliant,Block Requirements,,,false,1,,2026-08-16
"Block Real Estate Services, LLC",69fdf75c62446148bd855faa,69fded1b62446148bd848fd3,"Dal Tile / Mohawk Carpet Distribution, Inc.",69fdefe60bb484cab513acd9,"bkp362 - Nieman Business Park Building C {BK Properties, LLC}",evidenceOfInsurance,Evidence of Insurance,commercialGeneralLiability,Commercial General Liability,evidenceOfInsuranceCommercialGeneralLiabilityWaiverOfSubrogationEndorsement,Waiver of Subrogation,"---prompt---
Determine if the insurer has waived their right of subrogation in favor of the certificate holder under the Commercial General Liability policy. Evidence may include: a checked ""Waiver of Subrogation"" box on the certificate, mention in the Description of Operations section stating ""waiver of subrogation applies"", or reference to form CG 24 04. Look for language like ""subrogation is waived"" or ""per written contract"".",matchOnce,must be present,,Present,compliant,Block Requirements,,,false,1,,2026-08-16
"Block Real Estate Services, LLC",69fdf75c62446148bd855faa,69fded1b62446148bd848fd3,"Dal Tile / Mohawk Carpet Distribution, Inc.",69fdefe60bb484cab513acd9,"bkp362 - Nieman Business Park Building C {BK Properties, LLC}",evidenceOfInsurance,Evidence of Insurance,excessOrUmbrellaLiability,Umbrella/Excess Liability,evidenceOfInsuranceExcessOrUmbrellaLiabilityOccurence,Coverage Trigger: Occurrence,,matchOnce,must be present,,Present,compliant,Block Requirements,,,false,1,,2026-08-16
"Block Real Estate Services, LLC",69fdf75c62446148bd855faa,69fded1b62446148bd848fd3,"Dal Tile / Mohawk Carpet Distribution, Inc.",69fdefe60bb484cab513acd9,"bkp362 - Nieman Business Park Building C {BK Properties, LLC}",evidenceOfInsurance,Evidence of Insurance,excessOrUmbrellaLiability,Umbrella/Excess Liability,evidenceOfInsuranceExcessOrUmbrellaLiabilityEachOccurrence,Each Occurrence,,matchOnce,must be greater or equal to,1000000,5000000,compliant,Block Requirements,,,false,1,,2026-08-16
"Block Real Estate Services, LLC",69fdf75c62446148bd855faa,69fded1b62446148bd848fd3,"Dal Tile / Mohawk Carpet Distribution, Inc.",69fdefe60bb484cab513acd9,"bkp362 - Nieman Business Park Building C {BK Properties, LLC}",evidenceOfInsurance,Evidence of Insurance,excessOrUmbrellaLiability,Umbrella/Excess Liability,evidenceOfInsuranceExcessOrUmbrellaLiabilityAggregate,Aggregate,,matchOnce,must be greater or equal to,1000000,5000000,compliant,Block Requirements,,,false,1,,2026-08-16
"Block Real Estate Services, LLC",69fdf75c62446148bd855faa,69fded1b62446148bd848fd3,"Dal Tile / Mohawk Carpet Distribution, Inc.",69fdefe60bb484cab513acd9,"bkp362 - Nieman Business Park Building C {BK Properties, LLC}",evidenceOfInsurance,Evidence of Insurance,workersCompensation,Workers' Compensation and Employer's Liability,evidenceOfInsuranceWorkersCompensationStatutoryLimits,Statutory Limits,,matchOnce,must be present,,Present,compliant,Block Requirements,,,false,1,,2026-08-16
"Block Real Estate Services, LLC",69fdf75c62446148bd855faa,69fded1b62446148bd848fd3,"Dal Tile / Mohawk Carpet Distribution, Inc.",69fdefe60bb484cab513acd9,"bkp362 - Nieman Business Park Building C {BK Properties, LLC}",evidenceOfInsurance,Evidence of Insurance,workersCompensation,Workers' Compensation and Employer's Liability,evidenceOfInsuranceWorkersCompensationEmployersLiabilityEachAccident,Employer's Liability Each Accident,,matchOnce,must be greater or equal to,500000,1000000,compliant,Block Requirements,,,false,1,,2026-08-16
"Block Real Estate Services, LLC",69fdf75c62446148bd855faa,69fded1b62446148bd848fd3,"Dal Tile / Mohawk Carpet Distribution, Inc.",69fdefe60bb484cab513acd9,"bkp362 - Nieman Business Park Building C {BK Properties, LLC}",evidenceOfInsurance,Evidence of Insurance,workersCompensation,Workers' Compensation and Employer's Liability,evidenceOfInsuranceWorkersCompensationEmployersLiabilityDiseaseEachEmployee,Employer's Liability Disease - each employee,,matchOnce,must be greater or equal to,500000,1000000,compliant,Block Requirements,,,false,1,,2026-08-16
"Block Real Estate Services, LLC",69fdf75c62446148bd855faa,69fded1b62446148bd848fd3,"Dal Tile / Mohawk Carpet Distribution, Inc.",69fdefe60bb484cab513acd9,"bkp362 - Nieman Business Park Building C {BK Properties, LLC}",evidenceOfInsurance,Evidence of Insurance,workersCompensation,Workers' Compensation and Employer's Liability,evidenceOfInsuranceWorkersCompensationEmployersLiabilityDiseasePolicyLimit,Employer's Liability Disease - policy limit,,matchOnce,must be greater or equal to,500000,1000000,compliant,Block Requirements,,,false,1,,2026-08-16
"Block Real Estate Services, LLC",69fdf75c62446148bd855faa,69fded1b62446148bd848fd3,"Dal Tile / Mohawk Carpet Distribution, Inc.",69fdefe60bb484cab513acd9,"bkp362 - Nieman Business Park Building C {BK Properties, LLC}",evidenceOfInsurance,Evidence of Insurance,workersCompensation,Workers' Compensation and Employer's Liability,evidenceOfInsuranceWorkersCompensationWaiverOfSubrogationEndorsement,Waiver of Subrogation,"---prompt---
Determine if the insurer has waived their right of subrogation in favor of the certificate holder under the Workers' Compensation policy. Evidence may include: a checked ""Waiver of Subrogation"" box on the certificate, mention in the Description of Operations section stating ""waiver of subrogation applies"", or reference to form WC 00 03 13. Look for language like ""subrogation is waived"" or ""per written contract"".",matchOnce,must be present,,Present,compliant,Block Requirements,,,false,1,,2026-08-16
"Block Real Estate Services, LLC",69fdf75c62446148bd855faa,69fded1b62446148bd848fd3,"Dal Tile / Mohawk Carpet Distribution, Inc.",69fdefe60bb484cab513acd9,"bkp362 - Nieman Business Park Building C {BK Properties, LLC}",evidenceOfInsurance,Evidence of Insurance,6ac20aae-5728-5d57-b364-aeba38527dba,Additional Requirements,4da5b0f1-4c9d-5885-8cf8-5d3cccaed3e0,"Block Real Estate Services, LLC and all others required by contract are named as Additional Insureds","---prompt---
Determine if the Description of Operations or the Additional Remarks Schedule section states the ""Additional Insured as Construction Management, Inc. and all others required by contract"" or reference to blanket additional insured coverage. Look for language like ""certificate holder is additional insured"" or ""per written contract"".",matchOnce,must be present,,Present,compliant,Block Requirements,,,true,1,,2026-08-16
"Block Real Estate Services, LLC",69fdf75c62446148bd855faa,69fded1b62446148bd848fd3,"Dal Tile / Mohawk Carpet Distribution, Inc.",69fdefe60bb484cab513acd9,"bkp362 - Nieman Business Park Building C {BK Properties, LLC}",evidenceOfInsurance,Evidence of Insurance,6ac20aae-5728-5d57-b364-aeba38527dba,Additional Requirements,e1017741-e47e-5f58-97b8-fbc3043e919f,Umbrella follows form over General Liability,"---prompt---
Determine if the Umbrella/Excess Liability policy follows form to the underlying policies. Evidence may include: language in the Description of Operations section stating the umbrella follows form to underlying coverages or an additional page endorsement stating that it follows form. Follow form means the umbrella policy adopts the same terms, conditions, and exclusions as the underlying policies.",matchOnce,must be present,,,non_compliant,Block Requirements,,,true,0,,2026-08-16
"Block Real Estate Services, LLC",69fdf75c62446148bd855faa,69fded1b62446148bd848fd3,"Dal Tile / Mohawk Carpet Distribution, Inc.",69fdefe60bb484cab513acd9,"bkp362 - Nieman Business Park Building C {BK Properties, LLC}",evidenceOfInsurance,Evidence of Insurance,6ac20aae-5728-5d57-b364-aeba38527dba,Additional Requirements,2cdd866f-c9a4-576a-afd8-1d045762790c,"The location must be listed as: 10831 W. 78th Street, Shawnee, KS, 66214",,matchOnce,must be present,,Present,compliant,Block Requirements,,,true,1,,2026-08-16
"Block Real Estate Services, LLC",69fdf75c62446148bd855faa,69fded1b62446148bd848fd3,"Dal Tile / Mohawk Carpet Distribution, Inc.",69fdefe60bb484cab513acd9,"bkp362 - Nieman Business Park Building C {BK Properties, LLC}",evidenceOfInsurance,Evidence of Insurance,6ac20aae-5728-5d57-b364-aeba38527dba,Additional Requirements,3649e9d1-4e09-59bf-8f30-cb33c40cf117,"Certificate Holder must read: c/o Block Real Estate Services, LLC, 4622 Pennsylvania St., Suite 700, Kansas City, MO, 64112",,matchOnce,must be present,,Present,compliant,Block Requirements,,,true,1,,2026-08-16
"Block Real Estate Services, LLC",69fdf7a362446148bd85b03a,69fded1462446148bd848d8d,Faith Technologies Inc,69fdf176bf1df2fe9692bf76,"tic330 - Faith Technologies, Inc.",evidenceOfInsurance,Evidence of Insurance,commercialGeneralLiability,Commercial General Liability,evidenceOfInsuranceCommercialGeneralLiabilityCoverageTriggerOccurrence,Coverage Trigger: Occurrence,,matchOnce,must be present,,,non_compliant,Block Requirements,,,false,0,,2026-08-16
"Block Real Estate Services, LLC",69fdf7a362446148bd85b03a,69fded1462446148bd848d8d,Faith Technologies Inc,69fdf176bf1df2fe9692bf76,"tic330 - Faith Technologies, Inc.",evidenceOfInsurance,Evidence of Insurance,commercialGeneralLiability,Commercial General Liability,evidenceOfInsuranceCommercialGeneralLiabilityGeneralAggregateLimitAppliesPerLocation,General Aggregate Limit Applies per: Location,,matchOnce,must be present,,,non_compliant,Block Requirements,,,false,0,,2026-08-16
"Block Real Estate Services, LLC",69fdf7a362446148bd85b03a,69fded1462446148bd848d8d,Faith Technologies Inc,69fdf176bf1df2fe9692bf76,"tic330 - Faith Technologies, Inc.",evidenceOfInsurance,Evidence of Insurance,commercialGeneralLiability,Commercial General Liability,evidenceOfInsuranceCommercialGeneralLiabilityEachOccurrence,Each Occurrence,,matchOnce,must be greater or equal to,1000000,,non_compliant,Block Requirements,,,false,0,,2026-08-16
"Block Real Estate Services, LLC",69fdf7a362446148bd85b03a,69fded1462446148bd848d8d,Faith Technologies Inc,69fdf176bf1df2fe9692bf76,"tic330 - Faith Technologies, Inc.",evidenceOfInsurance,Evidence of Insurance,commercialGeneralLiability,Commercial General Liability,evidenceOfInsuranceCommercialGeneralLiabilityGeneralAggregate,General Aggregate,,matchOnce,must be greater or equal to,2000000,,non_compliant,Block Requirements,,,false,0,,2026-08-16
"Block Real Estate Services, LLC",69fdf7a362446148bd85b03a,69fded1462446148bd848d8d,Faith Technologies Inc,69fdf176bf1df2fe9692bf76,"tic330 - Faith Technologies, Inc.",evidenceOfInsurance,Evidence of Insurance,commercialGeneralLiability,Commercial General Liability,evidenceOfInsuranceCommercialGeneralLiabilityWaiverOfSubrogationEndorsement,Waiver of Subrogation,"---prompt---
Determine if the insurer has waived their right of subrogation in favor of the certificate holder under the Commercial General Liability policy. Evidence may include: a checked ""Waiver of Subrogation"" box on the certificate, mention in the Description of Operations section stating ""waiver of subrogation applies"", or reference to form CG 24 04. Look for language like ""subrogation is waived"" or ""per written contract"".",matchOnce,must be present,,,non_compliant,Block Requirements,,,false,0,,2026-08-16
"Block Real Estate Services, LLC",69fdf7a362446148bd85b03a,69fded1462446148bd848d8d,Faith Technologies Inc,69fdf176bf1df2fe9692bf76,"tic330 - Faith Technologies, Inc.",evidenceOfInsurance,Evidence of Insurance,excessOrUmbrellaLiability,Umbrella/Excess Liability,evidenceOfInsuranceExcessOrUmbrellaLiabilityOccurence,Coverage Trigger: Occurrence,,matchOnce,must be present,,,non_compliant,Block Requirements,,,false,0,,2026-08-16
"Block Real Estate Services, LLC",69fdf7a362446148bd85b03a,69fded1462446148bd848d8d,Faith Technologies Inc,69fdf176bf1df2fe9692bf76,"tic330 - Faith Technologies, Inc.",evidenceOfInsurance,Evidence of Insurance,excessOrUmbrellaLiability,Umbrella/Excess Liability,evidenceOfInsuranceExcessOrUmbrellaLiabilityEachOccurrence,Each Occurrence,,matchOnce,must be greater or equal to,1000000,,non_compliant,Block Requirements,,,false,0,,2026-08-16
"Block Real Estate Services, LLC",69fdf7a362446148bd85b03a,69fded1462446148bd848d8d,Faith Technologies Inc,69fdf176bf1df2fe9692bf76,"tic330 - Faith Technologies, Inc.",evidenceOfInsurance,Evidence of Insurance,excessOrUmbrellaLiability,Umbrella/Excess Liability,evidenceOfInsuranceExcessOrUmbrellaLiabilityAggregate,Aggregate,,matchOnce,must be greater or equal to,1000000,,non_compliant,Block Requirements,,,false,0,,2026-08-16
"Block Real Estate Services, LLC",69fdf7a362446148bd85b03a,69fded1462446148bd848d8d,Faith Technologies Inc,69fdf176bf1df2fe9692bf76,"tic330 - Faith Technologies, Inc.",evidenceOfInsurance,Evidence of Insurance,workersCompensation,Workers' Compensation and Employer's Liability,evidenceOfInsuranceWorkersCompensationStatutoryLimits,Statutory Limits,,matchOnce,must be present,,,non_compliant,Block Requirements,,,false,0,,2026-08-16
"Block Real Estate Services, LLC",69fdf7a362446148bd85b03a,69fded1462446148bd848d8d,Faith Technologies Inc,69fdf176bf1df2fe9692bf76,"tic330 - Faith Technologies, Inc.",evidenceOfInsurance,Evidence of Insurance,workersCompensation,Workers' Compensation and Employer's Liability,evidenceOfInsuranceWorkersCompensationEmployersLiabilityEachAccident,Employer's Liability Each Accident,,matchOnce,must be greater or equal to,500000,,non_compliant,Block Requirements,,,false,0,,2026-08-16
"Block Real Estate Services, LLC",69fdf7a362446148bd85b03a,69fded1462446148bd848d8d,Faith Technologies Inc,69fdf176bf1df2fe9692bf76,"tic330 - Faith Technologies, Inc.",evidenceOfInsurance,Evidence of Insurance,workersCompensation,Workers' Compensation and Employer's Liability,evidenceOfInsuranceWorkersCompensationEmployersLiabilityDiseaseEachEmployee,Employer's Liability Disease - each employee,,matchOnce,must be greater or equal to,500000,,non_compliant,Block Requirements,,,false,0,,2026-08-16
"Block Real Estate Services, LLC",69fdf7a362446148bd85b03a,69fded1462446148bd848d8d,Faith Technologies Inc,69fdf176bf1df2fe9692bf76,"tic330 - Faith Technologies, Inc.",evidenceOfInsurance,Evidence of Insurance,workersCompensation,Workers' Compensation and Employer's Liability,evidenceOfInsuranceWorkersCompensationEmployersLiabilityDiseasePolicyLimit,Employer's Liability Disease - policy limit,,matchOnce,must be greater or equal to,500000,,non_compliant,Block Requirements,,,false,0,,2026-08-16
"Block Real Estate Services, LLC",69fdf7a362446148bd85b03a,69fded1462446148bd848d8d,Faith Technologies Inc,69fdf176bf1df2fe9692bf76,"tic330 - Faith Technologies, Inc.",evidenceOfInsurance,Evidence of Insurance,workersCompensation,Workers' Compensation and Employer's Liability,evidenceOfInsuranceWorkersCompensationWaiverOfSubrogationEndorsement,Waiver of Subrogation,"---prompt---
Determine if the insurer has waived their right of subrogation in favor of the certificate holder under the Workers' Compensation policy. Evidence may include: a checked ""Waiver of Subrogation"" box on the certificate, mention in the Description of Operations section stating ""waiver of subrogation applies"", or reference to form WC 00 03 13. Look for language like ""subrogation is waived"" or ""per written contract"".",matchOnce,must be present,,,non_compliant,Block Requirements,,,false,0,,2026-08-16
"Block Real Estate Services, LLC",69fdf7a362446148bd85b03a,69fded1462446148bd848d8d,Faith Technologies Inc,69fdf176bf1df2fe9692bf76,"tic330 - Faith Technologies, Inc.",evidenceOfInsurance,Evidence of Insurance,6ac20aae-5728-5d57-b364-aeba38527dba,Additional Requirements,4da5b0f1-4c9d-5885-8cf8-5d3cccaed3e0,"Block Real Estate Services, LLC and all others required by contract are named as Additional Insureds","---prompt---
Determine if the Description of Operations or the Additional Remarks Schedule section states the ""Additional Insured as Construction Management, Inc. and all others required by contract"" or reference to blanket additional insured coverage. Look for language like ""certificate holder is additional insured"" or ""per written contract"".",matchOnce,must be present,,,non_compliant,Block Requirements,,,true,0,,2026-08-16
"Block Real Estate Services, LLC",69fdf7a362446148bd85b03a,69fded1462446148bd848d8d,Faith Technologies Inc,69fdf176bf1df2fe9692bf76,"tic330 - Faith Technologies, Inc.",evidenceOfInsurance,Evidence of Insurance,6ac20aae-5728-5d57-b364-aeba38527dba,Additional Requirements,e1017741-e47e-5f58-97b8-fbc3043e919f,Umbrella follows form over General Liability,"---prompt---
Determine if the Umbrella/Excess Liability policy follows form to the underlying policies. Evidence may include: language in the Description of Operations section stating the umbrella follows form to underlying coverages or an additional page endorsement stating that it follows form. Follow form means the umbrella policy adopts the same terms, conditions, and exclusions as the underlying policies.",matchOnce,must be present,,,non_compliant,Block Requirements,,,true,0,,2026-08-16
"Block Real Estate Services, LLC",69fdf7a362446148bd85b03a,69fded1462446148bd848d8d,Faith Technologies Inc,69fdf176bf1df2fe9692bf76,"tic330 - Faith Technologies, Inc.",evidenceOfInsurance,Evidence of Insurance,6ac20aae-5728-5d57-b364-aeba38527dba,Additional Requirements,2cdd866f-c9a4-576a-afd8-1d045762790c,The location must be listed as: 21800 W. 167th Street Olathe KS 66062,,matchOnce,must be present,,,non_compliant,Block Requirements,,,true,0,,2026-08-16
"Block Real Estate Services, LLC",69fdf7a362446148bd85b03a,69fded1462446148bd848d8d,Faith Technologies Inc,69fdf176bf1df2fe9692bf76,"tic330 - Faith Technologies, Inc.",evidenceOfInsurance,Evidence of Insurance,6ac20aae-5728-5d57-b364-aeba38527dba,Additional Requirements,3649e9d1-4e09-59bf-8f30-cb33c40cf117,"Certificate Holder must read: c/o Block Real Estate Services, LLC, 4622 Pennsylvania St., Suite 700, Kansas City, MO, 64112",,matchOnce,must be present,,,non_compliant,Block Requirements,,,true,0,,2026-08-16
"Block Real Estate Services, LLC",69fdf7a362446148bd85b028,69fded1462446148bd848d9c,"Daley & Fey, LLP",69fdf16443ffeed6de3b3cbb,"tic220 - Pinnacle Corporate Centre I {Pinnacle Corporate Centre, LLC}",evidenceOfInsurance,Evidence of Insurance,commercialGeneralLiability,Commercial General Liability,evidenceOfInsuranceCommercialGeneralLiabilityCoverageTriggerOccurrence,Coverage Trigger: Occurrence,,matchOnce,must be present,,,non_compliant,Block Requirements,,,false,0,,2026-08-16
"Block Real Estate Services, LLC",69fdf7a362446148bd85b028,69fded1462446148bd848d9c,"Daley & Fey, LLP",69fdf16443ffeed6de3b3cbb,"tic220 - Pinnacle Corporate Centre I {Pinnacle Corporate Centre, LLC}",evidenceOfInsurance,Evidence of Insurance,commercialGeneralLiability,Commercial General Liability,evidenceOfInsuranceCommercialGeneralLiabilityGeneralAggregateLimitAppliesPerLocation,General Aggregate Limit Applies per: Location,,matchOnce,must be present,,,non_compliant,Block Requirements,,,false,0,,2026-08-16
"Block Real Estate Services, LLC",69fdf7a362446148bd85b028,69fded1462446148bd848d9c,"Daley & Fey, LLP",69fdf16443ffeed6de3b3cbb,"tic220 - Pinnacle Corporate Centre I {Pinnacle Corporate Centre, LLC}",evidenceOfInsurance,Evidence of Insurance,commercialGeneralLiability,Commercial General Liability,evidenceOfInsuranceCommercialGeneralLiabilityEachOccurrence,Each Occurrence,,matchOnce,must be greater or equal to,1000000,,non_compliant,Block Requirements,,,false,0,,2026-08-16
"Block Real Estate Services, LLC",69fdf7a362446148bd85b028,69fded1462446148bd848d9c,"Daley & Fey, LLP",69fdf16443ffeed6de3b3cbb,"tic220 - Pinnacle Corporate Centre I {Pinnacle Corporate Centre, LLC}",evidenceOfInsurance,Evidence of Insurance,commercialGeneralLiability,Commercial General Liability,evidenceOfInsuranceCommercialGeneralLiabilityGeneralAggregate,General Aggregate,,matchOnce,must be greater or equal to,2000000,,non_compliant,Block Requirements,,,false,0,,2026-08-16
"Block Real Estate Services, LLC",69fdf7a362446148bd85b028,69fded1462446148bd848d9c,"Daley & Fey, LLP",69fdf16443ffeed6de3b3cbb,"tic220 - Pinnacle Corporate Centre I {Pinnacle Corporate Centre, LLC}",evidenceOfInsurance,Evidence of Insurance,commercialGeneralLiability,Commercial General Liability,evidenceOfInsuranceCommercialGeneralLiabilityWaiverOfSubrogationEndorsement,Waiver of Subrogation,"---prompt---
Determine if the insurer has waived their right of subrogation in favor of the certificate holder under the Commercial General Liability policy. Evidence may include: a checked ""Waiver of Subrogation"" box on the certificate, mention in the Description of Operations section stating ""waiver of subrogation applies"", or reference to form CG 24 04. Look for language like ""subrogation is waived"" or ""per written contract"".",matchOnce,must be present,,,non_compliant,Block Requirements,,,false,0,,2026-08-16
"Block Real Estate Services, LLC",69fdf7a362446148bd85b028,69fded1462446148bd848d9c,"Daley & Fey, LLP",69fdf16443ffeed6de3b3cbb,"tic220 - Pinnacle Corporate Centre I {Pinnacle Corporate Centre, LLC}",evidenceOfInsurance,Evidence of Insurance,excessOrUmbrellaLiability,Umbrella/Excess Liability,evidenceOfInsuranceExcessOrUmbrellaLiabilityOccurence,Coverage Trigger: Occurrence,,matchOnce,must be present,,,non_compliant,Block Requirements,,,false,0,,2026-08-16
"Block Real Estate Services, LLC",69fdf7a362446148bd85b028,69fded1462446148bd848d9c,"Daley & Fey, LLP",69fdf16443ffeed6de3b3cbb,"tic220 - Pinnacle Corporate Centre I {Pinnacle Corporate Centre, LLC}",evidenceOfInsurance,Evidence of Insurance,excessOrUmbrellaLiability,Umbrella/Excess Liability,evidenceOfInsuranceExcessOrUmbrellaLiabilityEachOccurrence,Each Occurrence,,matchOnce,must be greater or equal to,1000000,,non_compliant,Block Requirements,,,false,0,,2026-08-16
"Block Real Estate Services, LLC",69fdf7a362446148bd85b028,69fded1462446148bd848d9c,"Daley & Fey, LLP",69fdf16443ffeed6de3b3cbb,"tic220 - Pinnacle Corporate Centre I {Pinnacle Corporate Centre, LLC}",evidenceOfInsurance,Evidence of Insurance,excessOrUmbrellaLiability,Umbrella/Excess Liability,evidenceOfInsuranceExcessOrUmbrellaLiabilityAggregate,Aggregate,,matchOnce,must be greater or equal to,1000000,,non_compliant,Block Requirements,,,false,0,,2026-08-16
"Block Real Estate Services, LLC",69fdf7a362446148bd85b028,69fded1462446148bd848d9c,"Daley & Fey, LLP",69fdf16443ffeed6de3b3cbb,"tic220 - Pinnacle Corporate Centre I {Pinnacle Corporate Centre, LLC}",evidenceOfInsurance,Evidence of Insurance,workersCompensation,Workers' Compensation and Employer's Liability,evidenceOfInsuranceWorkersCompensationStatutoryLimits,Statutory Limits,,matchOnce,must be present,,Present,compliant,Block Requirements,,,false,1,,2026-08-16
"Block Real Estate Services, LLC",69fdf7a362446148bd85b028,69fded1462446148bd848d9c,"Daley & Fey, LLP",69fdf16443ffeed6de3b3cbb,"tic220 - Pinnacle Corporate Centre I {Pinnacle Corporate Centre, LLC}",evidenceOfInsurance,Evidence of Insurance,workersCompensation,Workers' Compensation and Employer's Liability,evidenceOfInsuranceWorkersCompensationEmployersLiabilityEachAccident,Employer's Liability Each Accident,,matchOnce,must be greater or equal to,500000,1000000,compliant,Block Requirements,,,false,1,,2026-08-16
"Block Real Estate Services, LLC",69fdf7a362446148bd85b028,69fded1462446148bd848d9c,"Daley & Fey, LLP",69fdf16443ffeed6de3b3cbb,"tic220 - Pinnacle Corporate Centre I {Pinnacle Corporate Centre, LLC}",evidenceOfInsurance,Evidence of Insurance,workersCompensation,Workers' Compensation and Employer's Liability,evidenceOfInsuranceWorkersCompensationEmployersLiabilityDiseaseEachEmployee,Employer's Liability Disease - each employee,,matchOnce,must be greater or equal to,500000,1000000,compliant,Block Requirements,,,false,1,,2026-08-16
"Block Real Estate Services, LLC",69fdf7a362446148bd85b028,69fded1462446148bd848d9c,"Daley & Fey, LLP",69fdf16443ffeed6de3b3cbb,"tic220 - Pinnacle Corporate Centre I {Pinnacle Corporate Centre, LLC}",evidenceOfInsurance,Evidence of Insurance,workersCompensation,Workers' Compensation and Employer's Liability,evidenceOfInsuranceWorkersCompensationEmployersLiabilityDiseasePolicyLimit,Employer's Liability Disease - policy limit,,matchOnce,must be greater or equal to,500000,1000000,compliant,Block Requirements,,,false,1,,2026-08-16
"Block Real Estate Services, LLC",69fdf7a362446148bd85b028,69fded1462446148bd848d9c,"Daley & Fey, LLP",69fdf16443ffeed6de3b3cbb,"tic220 - Pinnacle Corporate Centre I {Pinnacle Corporate Centre, LLC}",evidenceOfInsurance,Evidence of Insurance,workersCompensation,Workers' Compensation and Employer's Liability,evidenceOfInsuranceWorkersCompensationWaiverOfSubrogationEndorsement,Waiver of Subrogation,"---prompt---
Determine if the insurer has waived their right of subrogation in favor of the certificate holder under the Workers' Compensation policy. Evidence may include: a checked ""Waiver of Subrogation"" box on the certificate, mention in the Description of Operations section stating ""waiver of subrogation applies"", or reference to form WC 00 03 13. Look for language like ""subrogation is waived"" or ""per written contract"".",matchOnce,must be present,,,non_compliant,Block Requirements,,,false,0,,2026-08-16
"Block Real Estate Services, LLC",69fdf7a362446148bd85b028,69fded1462446148bd848d9c,"Daley & Fey, LLP",69fdf16443ffeed6de3b3cbb,"tic220 - Pinnacle Corporate Centre I {Pinnacle Corporate Centre, LLC}",evidenceOfInsurance,Evidence of Insurance,6ac20aae-5728-5d57-b364-aeba38527dba,Additional Requirements,4da5b0f1-4c9d-5885-8cf8-5d3cccaed3e0,"Block Real Estate Services, LLC and all others required by contract are named as Additional Insureds","---prompt---
Determine if the Description of Operations or the Additional Remarks Schedule section states the ""Additional Insured as Construction Management, Inc. and all others required by contract"" or reference to blanket additional insured coverage. Look for language like ""certificate holder is additional insured"" or ""per written contract"".",matchOnce,must be present,,,non_compliant,Block Requirements,,,true,0,,2026-08-16
"Block Real Estate Services, LLC",69fdf7a362446148bd85b028,69fded1462446148bd848d9c,"Daley & Fey, LLP",69fdf16443ffeed6de3b3cbb,"tic220 - Pinnacle Corporate Centre I {Pinnacle Corporate Centre, LLC}",evidenceOfInsurance,Evidence of Insurance,6ac20aae-5728-5d57-b364-aeba38527dba,Additional Requirements,e1017741-e47e-5f58-97b8-fbc3043e919f,Umbrella follows form over General Liability,"---prompt---
Determine if the Umbrella/Excess Liability policy follows form to the underlying policies. Evidence may include: language in the Description of Operations section stating the umbrella follows form to underlying coverages or an additional page endorsement stating that it follows form. Follow form means the umbrella policy adopts the same terms, conditions, and exclusions as the underlying policies.",matchOnce,must be present,,,non_compliant,Block Requirements,,,true,0,,2026-08-16
"Block Real Estate Services, LLC",69fdf7a362446148bd85b028,69fded1462446148bd848d9c,"Daley & Fey, LLP",69fdf16443ffeed6de3b3cbb,"tic220 - Pinnacle Corporate Centre I {Pinnacle Corporate Centre, LLC}",evidenceOfInsurance,Evidence of Insurance,6ac20aae-5728-5d57-b364-aeba38527dba,Additional Requirements,2cdd866f-c9a4-576a-afd8-1d045762790c,The location must be listed as: 11300 Tomahawk Creek Parkway Suite 155 Leawood KS 66211,,matchOnce,must be present,,,non_compliant,Block Requirements,,,true,0,,2026-08-16
"Block Real Estate Services, LLC",69fdf7a362446148bd85b028,69fded1462446148bd848d9c,"Daley & Fey, LLP",69fdf16443ffeed6de3b3cbb,"tic220 - Pinnacle Corporate Centre I {Pinnacle Corporate Centre, LLC}",evidenceOfInsurance,Evidence of Insurance,6ac20aae-5728-5d57-b364-aeba38527dba,Additional Requirements,3649e9d1-4e09-59bf-8f30-cb33c40cf117,"Certificate Holder must read: c/o Block Real Estate Services, LLC, 4622 Pennsylvania St., Suite 700, Kansas City, MO, 64112",,matchOnce,must be present,,,non_compliant,Block Requirements,,,true,0,,2026-08-16
"Block Real Estate Services, LLC",69fdf7a362446148bd85b029,69fded1562446148bd848dcc,"Freirich & Katz, L.C. and JD Rosen CPA, PA / Freirich & Company, LLC",69fdf16443ffeed6de3b3cbb,"tic220 - Pinnacle Corporate Centre I {Pinnacle Corporate Centre, LLC}",evidenceOfInsurance,Evidence of Insurance,commercialGeneralLiability,Commercial General Liability,evidenceOfInsuranceCommercialGeneralLiabilityCoverageTriggerOccurrence,Coverage Trigger: Occurrence,,matchOnce,must be present,,Present,compliant,Block Requirements,,,false,1,,2026-08-16
"Block Real Estate Services, LLC",69fdf7a362446148bd85b029,69fded1562446148bd848dcc,"Freirich & Katz, L.C. and JD Rosen CPA, PA / Freirich & Company, LLC",69fdf16443ffeed6de3b3cbb,"tic220 - Pinnacle Corporate Centre I {Pinnacle Corporate Centre, LLC}",evidenceOfInsurance,Evidence of Insurance,commercialGeneralLiability,Commercial General Liability,evidenceOfInsuranceCommercialGeneralLiabilityGeneralAggregateLimitAppliesPerLocation,General Aggregate Limit Applies per: Location,,matchOnce,must be present,,Present,compliant,Block Requirements,,,false,1,,2026-08-16
"Block Real Estate Services, LLC",69fdf7a362446148bd85b029,69fded1562446148bd848dcc,"Freirich & Katz, L.C. and JD Rosen CPA, PA / Freirich & Company, LLC",69fdf16443ffeed6de3b3cbb,"tic220 - Pinnacle Corporate Centre I {Pinnacle Corporate Centre, LLC}",evidenceOfInsurance,Evidence of Insurance,commercialGeneralLiability,Commercial General Liability,evidenceOfInsuranceCommercialGeneralLiabilityEachOccurrence,Each Occurrence,,matchOnce,must be greater or equal to,1000000,1000000,compliant,Block Requirements,,,false,1,,2026-08-16
"Block Real Estate Services, LLC",69fdf7a362446148bd85b029,69fded1562446148bd848dcc,"Freirich & Katz, L.C. and JD Rosen CPA, PA / Freirich & Company, LLC",69fdf16443ffeed6de3b3cbb,"tic220 - Pinnacle Corporate Centre I {Pinnacle Corporate Centre, LLC}",evidenceOfInsurance,Evidence of Insurance,commercialGeneralLiability,Commercial General Liability,evidenceOfInsuranceCommercialGeneralLiabilityGeneralAggregate,General Aggregate,,matchOnce,must be greater or equal to,2000000,2000000,compliant,Block Requirements,,,false,1,,2026-08-16
"Block Real Estate Services, LLC",69fdf7a362446148bd85b029,69fded1562446148bd848dcc,"Freirich & Katz, L.C. and JD Rosen CPA, PA / Freirich & Company, LLC",69fdf16443ffeed6de3b3cbb,"tic220 - Pinnacle Corporate Centre I {Pinnacle Corporate Centre, LLC}",evidenceOfInsurance,Evidence of Insurance,commercialGeneralLiability,Commercial General Liability,evidenceOfInsuranceCommercialGeneralLiabilityWaiverOfSubrogationEndorsement,Waiver of Subrogation,"---prompt---
Determine if the insurer has waived their right of subrogation in favor of the certificate holder under the Commercial General Liability policy. Evidence may include: a checked ""Waiver of Subrogation"" box on the certificate, mention in the Description of Operations section stating ""waiver of subrogation applies"", or reference to form CG 24 04. Look for language like ""subrogation is waived"" or ""per written contract"".",matchOnce,must be present,,Present,compliant,Block Requirements,,,false,1,,2026-08-16
"Block Real Estate Services, LLC",69fdf7a362446148bd85b029,69fded1562446148bd848dcc,"Freirich & Katz, L.C. and JD Rosen CPA, PA / Freirich & Company, LLC",69fdf16443ffeed6de3b3cbb,"tic220 - Pinnacle Corporate Centre I {Pinnacle Corporate Centre, LLC}",evidenceOfInsurance,Evidence of Insurance,excessOrUmbrellaLiability,Umbrella/Excess Liability,evidenceOfInsuranceExcessOrUmbrellaLiabilityOccurence,Coverage Trigger: Occurrence,,matchOnce,must be present,,Present,compliant,Block Requirements,,,false,1,,2026-08-16
"Block Real Estate Services, LLC",69fdf7a362446148bd85b029,69fded1562446148bd848dcc,"Freirich & Katz, L.C. and JD Rosen CPA, PA / Freirich & Company, LLC",69fdf16443ffeed6de3b3cbb,"tic220 - Pinnacle Corporate Centre I {Pinnacle Corporate Centre, LLC}",evidenceOfInsurance,Evidence of Insurance,excessOrUmbrellaLiability,Umbrella/Excess Liability,evidenceOfInsuranceExcessOrUmbrellaLiabilityEachOccurrence,Each Occurrence,,matchOnce,must be greater or equal to,1000000,1000000,compliant,Block Requirements,,,false,1,,2026-08-16
"Block Real Estate Services, LLC",69fdf7a362446148bd85b029,69fded1562446148bd848dcc,"Freirich & Katz, L.C. and JD Rosen CPA, PA / Freirich & Company, LLC",69fdf16443ffeed6de3b3cbb,"tic220 - Pinnacle Corporate Centre I {Pinnacle Corporate Centre, LLC}",evidenceOfInsurance,Evidence of Insurance,excessOrUmbrellaLiability,Umbrella/Excess Liability,evidenceOfInsuranceExcessOrUmbrellaLiabilityAggregate,Aggregate,,matchOnce,must be greater or equal to,1000000,1000000,compliant,Block Requirements,,,false,1,,2026-08-16
"Block Real Estate Services, LLC",69fdf7a362446148bd85b029,69fded1562446148bd848dcc,"Freirich & Katz, L.C. and JD Rosen CPA, PA / Freirich & Company, LLC",69fdf16443ffeed6de3b3cbb,"tic220 - Pinnacle Corporate Centre I {Pinnacle Corporate Centre, LLC}",evidenceOfInsurance,Evidence of Insurance,workersCompensation,Workers' Compensation and Employer's Liability,evidenceOfInsuranceWorkersCompensationStatutoryLimits,Statutory Limits,,matchOnce,must be present,,Present,compliant,Block Requirements,,,false,1,,2026-08-16
"Block Real Estate Services, LLC",69fdf7a362446148bd85b029,69fded1562446148bd848dcc,"Freirich & Katz, L.C. and JD Rosen CPA, PA / Freirich & Company, LLC",69fdf16443ffeed6de3b3cbb,"tic220 - Pinnacle Corporate Centre I {Pinnacle Corporate Centre, LLC}",evidenceOfInsurance,Evidence of Insurance,workersCompensation,Workers' Compensation and Employer's Liability,evidenceOfInsuranceWorkersCompensationEmployersLiabilityEachAccident,Employer's Liability Each Accident,,matchOnce,must be greater or equal to,500000,500000,compliant,Block Requirements,,,false,1,,2026-08-16
"Block Real Estate Services, LLC",69fdf7a362446148bd85b029,69fded1562446148bd848dcc,"Freirich & Katz, L.C. and JD Rosen CPA, PA / Freirich & Company, LLC",69fdf16443ffeed6de3b3cbb,"tic220 - Pinnacle Corporate Centre I {Pinnacle Corporate Centre, LLC}",evidenceOfInsurance,Evidence of Insurance,workersCompensation,Workers' Compensation and Employer's Liability,evidenceOfInsuranceWorkersCompensationEmployersLiabilityDiseaseEachEmployee,Employer's Liability Disease - each employee,,matchOnce,must be greater or equal to,500000,500000,compliant,Block Requirements,,,false,1,,2026-08-16
"Block Real Estate Services, LLC",69fdf7a362446148bd85b029,69fded1562446148bd848dcc,"Freirich & Katz, L.C. and JD Rosen CPA, PA / Freirich & Company, LLC",69fdf16443ffeed6de3b3cbb,"tic220 - Pinnacle Corporate Centre I {Pinnacle Corporate Centre, LLC}",evidenceOfInsurance,Evidence of Insurance,workersCompensation,Workers' Compensation and Employer's Liability,evidenceOfInsuranceWorkersCompensationEmployersLiabilityDiseasePolicyLimit,Employer's Liability Disease - policy limit,,matchOnce,must be greater or equal to,500000,500000,compliant,Block Requirements,,,false,1,,2026-08-16
"Block Real Estate Services, LLC",69fdf7a362446148bd85b029,69fded1562446148bd848dcc,"Freirich & Katz, L.C. and JD Rosen CPA, PA / Freirich & Company, LLC",69fdf16443ffeed6de3b3cbb,"tic220 - Pinnacle Corporate Centre I {Pinnacle Corporate Centre, LLC}",evidenceOfInsurance,Evidence of Insurance,workersCompensation,Workers' Compensation and Employer's Liability,evidenceOfInsuranceWorkersCompensationWaiverOfSubrogationEndorsement,Waiver of Subrogation,"---prompt---
Determine if the insurer has waived their right of subrogation in favor of the certificate holder under the Workers' Compensation policy. Evidence may include: a checked ""Waiver of Subrogation"" box on the certificate, mention in the Description of Operations section stating ""waiver of subrogation applies"", or reference to form WC 00 03 13. Look for language like ""subrogation is waived"" or ""per written contract"".",matchOnce,must be present,,,waived,Block Requirements,Waiver of Subrogation not required per lease according to Christa Onderstal,,false,0,,2026-08-16
"Block Real Estate Services, LLC",69fdf7a362446148bd85b029,69fded1562446148bd848dcc,"Freirich & Katz, L.C. and JD Rosen CPA, PA / Freirich & Company, LLC",69fdf16443ffeed6de3b3cbb,"tic220 - Pinnacle Corporate Centre I {Pinnacle Corporate Centre, LLC}",evidenceOfInsurance,Evidence of Insurance,6ac20aae-5728-5d57-b364-aeba38527dba,Additional Requirements,4da5b0f1-4c9d-5885-8cf8-5d3cccaed3e0,"Block Real Estate Services, LLC and all others required by contract are named as Additional Insureds","---prompt---
Determine if the Description of Operations or the Additional Remarks Schedule section states the ""Additional Insured as Construction Management, Inc. and all others required by contract"" or reference to blanket additional insured coverage. Look for language like ""certificate holder is additional insured"" or ""per written contract"".",matchOnce,must be present,,Present,compliant,Block Requirements,,,true,1,,2026-08-16
"Block Real Estate Services, LLC",69fdf7a362446148bd85b029,69fded1562446148bd848dcc,"Freirich & Katz, L.C. and JD Rosen CPA, PA / Freirich & Company, LLC",69fdf16443ffeed6de3b3cbb,"tic220 - Pinnacle Corporate Centre I {Pinnacle Corporate Centre, LLC}",evidenceOfInsurance,Evidence of Insurance,6ac20aae-5728-5d57-b364-aeba38527dba,Additional Requirements,e1017741-e47e-5f58-97b8-fbc3043e919f,Umbrella follows form over General Liability,"---prompt---
Determine if the Umbrella/Excess Liability policy follows form to the underlying policies. Evidence may include: language in the Description of Operations section stating the umbrella follows form to underlying coverages or an additional page endorsement stating that it follows form. Follow form means the umbrella policy adopts the same terms, conditions, and exclusions as the underlying policies.",matchOnce,must be present,,,overridden,Block Requirements,Not a requirement.,,true,0,2026-11-15,2026-08-16
"Block Real Estate Services, LLC",69fdf7a362446148bd85b029,69fded1562446148bd848dcc,"Freirich & Katz, L.C. and JD Rosen CPA, PA / Freirich & Company, LLC",69fdf16443ffeed6de3b3cbb,"tic220 - Pinnacle Corporate Centre I {Pinnacle Corporate Centre, LLC}",evidenceOfInsurance,Evidence of Insurance,6ac20aae-5728-5d57-b364-aeba38527dba,Additional Requirements,2cdd866f-c9a4-576a-afd8-1d045762790c,The location must be listed as: 11300 Tomahawk Creek Parkway Suite 205 Leawood KS 66211,,matchOnce,must be present,,,waived,Block Requirements,Location listed not required per lease according to Christa Onderstal,,true,0,,2026-08-16
"Block Real Estate Services, LLC",69fdf7a362446148bd85b029,69fded1562446148bd848dcc,"Freirich & Katz, L.C. and JD Rosen CPA, PA / Freirich & Company, LLC",69fdf16443ffeed6de3b3cbb,"tic220 - Pinnacle Corporate Centre I {Pinnacle Corporate Centre, LLC}",evidenceOfInsurance,Evidence of Insurance,6ac20aae-5728-5d57-b364-aeba38527dba,Additional Requirements,3649e9d1-4e09-59bf-8f30-cb33c40cf117,"Certificate Holder must read: c/o Block Real Estate Services, LLC, 4622 Pennsylvania St., Suite 700, Kansas City, MO, 64112",,matchOnce,must be present,,Present,compliant,Block Requirements,,,true,1,,2026-08-16
"Block Real Estate Services, LLC",69fdf7a362446148bd85b02b,69fded1c62446148bd848fe8,"Prosperity Partners / NDH Advisors, LLC (fka Mariner Group, LLC & Stratus Group, LLC)",69fdf16443ffeed6de3b3cbb,"tic220 - Pinnacle Corporate Centre I {Pinnacle Corporate Centre, LLC}",evidenceOfInsurance,Evidence of Insurance,commercialGeneralLiability,Commercial General Liability,evidenceOfInsuranceCommercialGeneralLiabilityCoverageTriggerOccurrence,Coverage Trigger: Occurrence,,matchOnce,must be present,,Present,compliant,Block Requirements,,,false,1,,2026-08-16
"Block Real Estate Services, LLC",69fdf7a362446148bd85b02b,69fded1c62446148bd848fe8,"Prosperity Partners / NDH Advisors, LLC (fka Mariner Group, LLC & Stratus Group, LLC)",69fdf16443ffeed6de3b3cbb,"tic220 - Pinnacle Corporate Centre I {Pinnacle Corporate Centre, LLC}",evidenceOfInsurance,Evidence of Insurance,commercialGeneralLiability,Commercial General Liability,evidenceOfInsuranceCommercialGeneralLiabilityGeneralAggregateLimitAppliesPerLocation,General Aggregate Limit Applies per: Location,,matchOnce,must be present,,,non_compliant,Block Requirements,,,false,0,,2026-08-16
"Block Real Estate Services, LLC",69fdf7a362446148bd85b02b,69fded1c62446148bd848fe8,"Prosperity Partners / NDH Advisors, LLC (fka Mariner Group, LLC & Stratus Group, LLC)",69fdf16443ffeed6de3b3cbb,"tic220 - Pinnacle Corporate Centre I {Pinnacle Corporate Centre, LLC}",evidenceOfInsurance,Evidence of Insurance,commercialGeneralLiability,Commercial General Liability,evidenceOfInsuranceCommercialGeneralLiabilityEachOccurrence,Each Occurrence,,matchOnce,must be greater or equal to,1000000,2000000,compliant,Block Requirements,,,false,1,,2026-08-16
"Block Real Estate Services, LLC",69fdf7a362446148bd85b02b,69fded1c62446148bd848fe8,"Prosperity Partners / NDH Advisors, LLC (fka Mariner Group, LLC & Stratus Group, LLC)",69fdf16443ffeed6de3b3cbb,"tic220 - Pinnacle Corporate Centre I {Pinnacle Corporate Centre, LLC}",evidenceOfInsurance,Evidence of Insurance,commercialGeneralLiability,Commercial General Liability,evidenceOfInsuranceCommercialGeneralLiabilityGeneralAggregate,General Aggregate,,matchOnce,must be greater or equal to,2000000,4000000,compliant,Block Requirements,,,false,1,,2026-08-16
"Block Real Estate Services, LLC",69fdf7a362446148bd85b02b,69fded1c62446148bd848fe8,"Prosperity Partners / NDH Advisors, LLC (fka Mariner Group, LLC & Stratus Group, LLC)",69fdf16443ffeed6de3b3cbb,"tic220 - Pinnacle Corporate Centre I {Pinnacle Corporate Centre, LLC}",evidenceOfInsurance,Evidence of Insurance,commercialGeneralLiability,Commercial General Liability,evidenceOfInsuranceCommercialGeneralLiabilityWaiverOfSubrogationEndorsement,Waiver of Subrogation,"---prompt---
Determine if the insurer has waived their right of subrogation in favor of the certificate holder under the Commercial General Liability policy. Evidence may include: a checked ""Waiver of Subrogation"" box on the certificate, mention in the Description of Operations section stating ""waiver of subrogation applies"", or reference to form CG 24 04. Look for language like ""subrogation is waived"" or ""per written contract"".",matchOnce,must be present,,Present,compliant,Block Requirements,,,false,1,,2026-08-16
"Block Real Estate Services, LLC",69fdf7a362446148bd85b02b,69fded1c62446148bd848fe8,"Prosperity Partners / NDH Advisors, LLC (fka Mariner Group, LLC & Stratus Group, LLC)",69fdf16443ffeed6de3b3cbb,"tic220 - Pinnacle Corporate Centre I {Pinnacle Corporate Centre, LLC}",evidenceOfInsurance,Evidence of Insurance,excessOrUmbrellaLiability,Umbrella/Excess Liability,evidenceOfInsuranceExcessOrUmbrellaLiabilityOccurence,Coverage Trigger: Occurrence,,matchOnce,must be present,,Present,compliant,Block Requirements,,,false,1,,2026-08-16
"Block Real Estate Services, LLC",69fdf7a362446148bd85b02b,69fded1c62446148bd848fe8,"Prosperity Partners / NDH Advisors, LLC (fka Mariner Group, LLC & Stratus Group, LLC)",69fdf16443ffeed6de3b3cbb,"tic220 - Pinnacle Corporate Centre I {Pinnacle Corporate Centre, LLC}",evidenceOfInsurance,Evidence of Insurance,excessOrUmbrellaLiability,Umbrella/Excess Liability,evidenceOfInsuranceExcessOrUmbrellaLiabilityEachOccurrence,Each Occurrence,,matchOnce,must be greater or equal to,1000000,1000000,compliant,Block Requirements,,,false,1,,2026-08-16
"Block Real Estate Services, LLC",69fdf7a362446148bd85b02b,69fded1c62446148bd848fe8,"Prosperity Partners / NDH Advisors, LLC (fka Mariner Group, LLC & Stratus Group, LLC)",69fdf16443ffeed6de3b3cbb,"tic220 - Pinnacle Corporate Centre I {Pinnacle Corporate Centre, LLC}",evidenceOfInsurance,Evidence of Insurance,excessOrUmbrellaLiability,Umbrella/Excess Liability,evidenceOfInsuranceExcessOrUmbrellaLiabilityAggregate,Aggregate,,matchOnce,must be greater or equal to,1000000,1000000,compliant,Block Requirements,,,false,1,,2026-08-16
"Block Real Estate Services, LLC",69fdf7a362446148bd85b02b,69fded1c62446148bd848fe8,"Prosperity Partners / NDH Advisors, LLC (fka Mariner Group, LLC & Stratus Group, LLC)",69fdf16443ffeed6de3b3cbb,"tic220 - Pinnacle Corporate Centre I {Pinnacle Corporate Centre, LLC}",evidenceOfInsurance,Evidence of Insurance,workersCompensation,Workers' Compensation and Employer's Liability,evidenceOfInsuranceWorkersCompensationStatutoryLimits,Statutory Limits,,matchOnce,must be present,,,non_compliant,Block Requirements,,,false,0,,2026-08-16
"Block Real Estate Services, LLC",69fdf7a362446148bd85b02b,69fded1c62446148bd848fe8,"Prosperity Partners / NDH Advisors, LLC (fka Mariner Group, LLC & Stratus Group, LLC)",69fdf16443ffeed6de3b3cbb,"tic220 - Pinnacle Corporate Centre I {Pinnacle Corporate Centre, LLC}",evidenceOfInsurance,Evidence of Insurance,workersCompensation,Workers' Compensation and Employer's Liability,evidenceOfInsuranceWorkersCompensationEmployersLiabilityEachAccident,Employer's Liability Each Accident,,matchOnce,must be greater or equal to,500000,,non_compliant,Block Requirements,,,false,0,,2026-08-16
"Block Real Estate Services, LLC",69fdf7a362446148bd85b02b,69fded1c62446148bd848fe8,"Prosperity Partners / NDH Advisors, LLC (fka Mariner Group, LLC & Stratus Group, LLC)",69fdf16443ffeed6de3b3cbb,"tic220 - Pinnacle Corporate Centre I {Pinnacle Corporate Centre, LLC}",evidenceOfInsurance,Evidence of Insurance,workersCompensation,Workers' Compensation and Employer's Liability,evidenceOfInsuranceWorkersCompensationEmployersLiabilityDiseaseEachEmployee,Employer's Liability Disease - each employee,,matchOnce,must be greater or equal to,500000,,non_compliant,Block Requirements,,,false,0,,2026-08-16
"Block Real Estate Services, LLC",69fdf7a362446148bd85b02b,69fded1c62446148bd848fe8,"Prosperity Partners / NDH Advisors, LLC (fka Mariner Group, LLC & Stratus Group, LLC)",69fdf16443ffeed6de3b3cbb,"tic220 - Pinnacle Corporate Centre I {Pinnacle Corporate Centre, LLC}",evidenceOfInsurance,Evidence of Insurance,workersCompensation,Workers' Compensation and Employer's Liability,evidenceOfInsuranceWorkersCompensationEmployersLiabilityDiseasePolicyLimit,Employer's Liability Disease - policy limit,,matchOnce,must be greater or equal to,500000,,non_compliant,Block Requirements,,,false,0,,2026-08-16
"Block Real Estate Services, LLC",69fdf7a362446148bd85b02b,69fded1c62446148bd848fe8,"Prosperity Partners / NDH Advisors, LLC (fka Mariner Group, LLC & Stratus Group, LLC)",69fdf16443ffeed6de3b3cbb,"tic220 - Pinnacle Corporate Centre I {Pinnacle Corporate Centre, LLC}",evidenceOfInsurance,Evidence of Insurance,workersCompensation,Workers' Compensation and Employer's Liability,evidenceOfInsuranceWorkersCompensationWaiverOfSubrogationEndorsement,Waiver of Subrogation,"---prompt---
Determine if the insurer has waived their right of subrogation in favor of the certificate holder under the Workers' Compensation policy. Evidence may include: a checked ""Waiver of Subrogation"" box on the certificate, mention in the Description of Operations section stating ""waiver of subrogation applies"", or reference to form WC 00 03 13. Look for language like ""subrogation is waived"" or ""per written contract"".",matchOnce,must be present,,,non_compliant,Block Requirements,,,false,0,,2026-08-16
"Block Real Estate Services, LLC",69fdf7a362446148bd85b02b,69fded1c62446148bd848fe8,"Prosperity Partners / NDH Advisors, LLC (fka Mariner Group, LLC & Stratus Group, LLC)",69fdf16443ffeed6de3b3cbb,"tic220 - Pinnacle Corporate Centre I {Pinnacle Corporate Centre, LLC}",evidenceOfInsurance,Evidence of Insurance,6ac20aae-5728-5d57-b364-aeba38527dba,Additional Requirements,4da5b0f1-4c9d-5885-8cf8-5d3cccaed3e0,"Block Real Estate Services, LLC and all others required by contract are named as Additional Insureds","---prompt---
Determine if the Description of Operations or the Additional Remarks Schedule section states the ""Additional Insured as Construction Management, Inc. and all others required by contract"" or reference to blanket additional insured coverage. Look for language like ""certificate holder is additional insured"" or ""per written contract"".",matchOnce,must be present,,,non_compliant,Block Requirements,,,true,0,,2026-08-16
"Block Real Estate Services, LLC",69fdf7a362446148bd85b02b,69fded1c62446148bd848fe8,"Prosperity Partners / NDH Advisors, LLC (fka Mariner Group, LLC & Stratus Group, LLC)",69fdf16443ffeed6de3b3cbb,"tic220 - Pinnacle Corporate Centre I {Pinnacle Corporate Centre, LLC}",evidenceOfInsurance,Evidence of Insurance,6ac20aae-5728-5d57-b364-aeba38527dba,Additional Requirements,e1017741-e47e-5f58-97b8-fbc3043e919f,Umbrella follows form over General Liability,"---prompt---
Determine if the Umbrella/Excess Liability policy follows form to the underlying policies. Evidence may include: language in the Description of Operations section stating the umbrella follows form to underlying coverages or an additional page endorsement stating that it follows form. Follow form means the umbrella policy adopts the same terms, conditions, and exclusions as the underlying policies.",matchOnce,must be present,,,non_compliant,Block Requirements,,,true,0,,2026-08-16
"Block Real Estate Services, LLC",69fdf7a362446148bd85b02b,69fded1c62446148bd848fe8,"Prosperity Partners / NDH Advisors, LLC (fka Mariner Group, LLC & Stratus Group, LLC)",69fdf16443ffeed6de3b3cbb,"tic220 - Pinnacle Corporate Centre I {Pinnacle Corporate Centre, LLC}",evidenceOfInsurance,Evidence of Insurance,6ac20aae-5728-5d57-b364-aeba38527dba,Additional Requirements,2cdd866f-c9a4-576a-afd8-1d045762790c,The location must be listed as: 11300 Tomahawk Creek Parkway Suite 310 Leawood KS 66211,,matchOnce,must be present,,,non_compliant,Block Requirements,,,true,0,,2026-08-16
"Block Real Estate Services, LLC",69fdf7a362446148bd85b02b,69fded1c62446148bd848fe8,"Prosperity Partners / NDH Advisors, LLC (fka Mariner Group, LLC & Stratus Group, LLC)",69fdf16443ffeed6de3b3cbb,"tic220 - Pinnacle Corporate Centre I {Pinnacle Corporate Centre, LLC}",evidenceOfInsurance,Evidence of Insurance,6ac20aae-5728-5d57-b364-aeba38527dba,Additional Requirements,3649e9d1-4e09-59bf-8f30-cb33c40cf117,"Certificate Holder must read: c/o Block Real Estate Services, LLC, 4622 Pennsylvania St., Suite 700, Kansas City, MO, 64112",,matchOnce,must be present,,,non_compliant,Block Requirements,,,true,0,,2026-08-16
"Block Real Estate Services, LLC",69fdf7a362446148bd85b02a,69fded1c62446148bd848fe5,Nationwide Life and Benefits Insurance Company / Nationwide (fka Allstate Insurance and National General Management Corp.),69fdf16443ffeed6de3b3cbb,"tic220 - Pinnacle Corporate Centre I {Pinnacle Corporate Centre, LLC}",evidenceOfInsurance,Evidence of Insurance,commercialGeneralLiability,Commercial General Liability,evidenceOfInsuranceCommercialGeneralLiabilityCoverageTriggerOccurrence,Coverage Trigger: Occurrence,,matchOnce,must be present,,,non_compliant,Block Requirements,,,false,0,,2026-08-16
"Block Real Estate Services, LLC",69fdf7a362446148bd85b02a,69fded1c62446148bd848fe5,Nationwide Life and Benefits Insurance Company / Nationwide (fka Allstate Insurance and National General Management Corp.),69fdf16443ffeed6de3b3cbb,"tic220 - Pinnacle Corporate Centre I {Pinnacle Corporate Centre, LLC}",evidenceOfInsurance,Evidence of Insurance,commercialGeneralLiability,Commercial General Liability,evidenceOfInsuranceCommercialGeneralLiabilityGeneralAggregateLimitAppliesPerLocation,General Aggregate Limit Applies per: Location,,matchOnce,must be present,,,non_compliant,Block Requirements,,,false,0,,2026-08-16
"Block Real Estate Services, LLC",69fdf7a362446148bd85b02a,69fded1c62446148bd848fe5,Nationwide Life and Benefits Insurance Company / Nationwide (fka Allstate Insurance and National General Management Corp.),69fdf16443ffeed6de3b3cbb,"tic220 - Pinnacle Corporate Centre I {Pinnacle Corporate Centre, LLC}",evidenceOfInsurance,Evidence of Insurance,commercialGeneralLiability,Commercial General Liability,evidenceOfInsuranceCommercialGeneralLiabilityEachOccurrence,Each Occurrence,,matchOnce,must be greater or equal to,1000000,,non_compliant,Block Requirements,,,false,0,,2026-08-16
"Block Real Estate Services, LLC",69fdf7a362446148bd85b02a,69fded1c62446148bd848fe5,Nationwide Life and Benefits Insurance Company / Nationwide (fka Allstate Insurance and National General Management Corp.),69fdf16443ffeed6de3b3cbb,"tic220 - Pinnacle Corporate Centre I {Pinnacle Corporate Centre, LLC}",evidenceOfInsurance,Evidence of Insurance,commercialGeneralLiability,Commercial General Liability,evidenceOfInsuranceCommercialGeneralLiabilityGeneralAggregate,General Aggregate,,matchOnce,must be greater or equal to,2000000,,non_compliant,Block Requirements,,,false,0,,2026-08-16
"Block Real Estate Services, LLC",69fdf7a362446148bd85b02a,69fded1c62446148bd848fe5,Nationwide Life and Benefits Insurance Company / Nationwide (fka Allstate Insurance and National General Management Corp.),69fdf16443ffeed6de3b3cbb,"tic220 - Pinnacle Corporate Centre I {Pinnacle Corporate Centre, LLC}",evidenceOfInsurance,Evidence of Insurance,commercialGeneralLiability,Commercial General Liability,evidenceOfInsuranceCommercialGeneralLiabilityWaiverOfSubrogationEndorsement,Waiver of Subrogation,"---prompt---
Determine if the insurer has waived their right of subrogation in favor of the certificate holder under the Commercial General Liability policy. Evidence may include: a checked ""Waiver of Subrogation"" box on the certificate, mention in the Description of Operations section stating ""waiver of subrogation applies"", or reference to form CG 24 04. Look for language like ""subrogation is waived"" or ""per written contract"".",matchOnce,must be present,,,non_compliant,Block Requirements,,,false,0,,2026-08-16
"Block Real Estate Services, LLC",69fdf7a362446148bd85b02a,69fded1c62446148bd848fe5,Nationwide Life and Benefits Insurance Company / Nationwide (fka Allstate Insurance and National General Management Corp.),69fdf16443ffeed6de3b3cbb,"tic220 - Pinnacle Corporate Centre I {Pinnacle Corporate Centre, LLC}",evidenceOfInsurance,Evidence of Insurance,excessOrUmbrellaLiability,Umbrella/Excess Liability,evidenceOfInsuranceExcessOrUmbrellaLiabilityOccurence,Coverage Trigger: Occurrence,,matchOnce,must be present,,,non_compliant,Block Requirements,,,false,0,,2026-08-16
"Block Real Estate Services, LLC",69fdf7a362446148bd85b02a,69fded1c62446148bd848fe5,Nationwide Life and Benefits Insurance Company / Nationwide (fka Allstate Insurance and National General Management Corp.),69fdf16443ffeed6de3b3cbb,"tic220 - Pinnacle Corporate Centre I {Pinnacle Corporate Centre, LLC}",evidenceOfInsurance,Evidence of Insurance,excessOrUmbrellaLiability,Umbrella/Excess Liability,evidenceOfInsuranceExcessOrUmbrellaLiabilityEachOccurrence,Each Occurrence,,matchOnce,must be greater or equal to,1000000,,non_compliant,Block Requirements,,,false,0,,2026-08-16
"Block Real Estate Services, LLC",69fdf7a362446148bd85b02a,69fded1c62446148bd848fe5,Nationwide Life and Benefits Insurance Company / Nationwide (fka Allstate Insurance and National General Management Corp.),69fdf16443ffeed6de3b3cbb,"tic220 - Pinnacle Corporate Centre I {Pinnacle Corporate Centre, LLC}",evidenceOfInsurance,Evidence of Insurance,excessOrUmbrellaLiability,Umbrella/Excess Liability,evidenceOfInsuranceExcessOrUmbrellaLiabilityAggregate,Aggregate,,matchOnce,must be greater or equal to,1000000,,non_compliant,Block Requirements,,,false,0,,2026-08-16
"Block Real Estate Services, LLC",69fdf7a362446148bd85b02a,69fded1c62446148bd848fe5,Nationwide Life and Benefits Insurance Company / Nationwide (fka Allstate Insurance and National General Management Corp.),69fdf16443ffeed6de3b3cbb,"tic220 - Pinnacle Corporate Centre I {Pinnacle Corporate Centre, LLC}",evidenceOfInsurance,Evidence of Insurance,workersCompensation,Workers' Compensation and Employer's Liability,evidenceOfInsuranceWorkersCompensationStatutoryLimits,Statutory Limits,,matchOnce,must be present,,,non_compliant,Block Requirements,,,false,0,,2026-08-16
"Block Real Estate Services, LLC",69fdf7a362446148bd85b02a,69fded1c62446148bd848fe5,Nationwide Life and Benefits Insurance Company / Nationwide (fka Allstate Insurance and National General Management Corp.),69fdf16443ffeed6de3b3cbb,"tic220 - Pinnacle Corporate Centre I {Pinnacle Corporate Centre, LLC}",evidenceOfInsurance,Evidence of Insurance,workersCompensation,Workers' Compensation and Employer's Liability,evidenceOfInsuranceWorkersCompensationEmployersLiabilityEachAccident,Employer's Liability Each Accident,,matchOnce,must be greater or equal to,500000,,non_compliant,Block Requirements,,,false,0,,2026-08-16
"Block Real Estate Services, LLC",69fdf7a362446148bd85b02a,69fded1c62446148bd848fe5,Nationwide Life and Benefits Insurance Company / Nationwide (fka Allstate Insurance and National General Management Corp.),69fdf16443ffeed6de3b3cbb,"tic220 - Pinnacle Corporate Centre I {Pinnacle Corporate Centre, LLC}",evidenceOfInsurance,Evidence of Insurance,workersCompensation,Workers' Compensation and Employer's Liability,evidenceOfInsuranceWorkersCompensationEmployersLiabilityDiseaseEachEmployee,Employer's Liability Disease - each employee,,matchOnce,must be greater or equal to,500000,,non_compliant,Block Requirements,,,false,0,,2026-08-16
"Block Real Estate Services, LLC",69fdf7a362446148bd85b02a,69fded1c62446148bd848fe5,Nationwide Life and Benefits Insurance Company / Nationwide (fka Allstate Insurance and National General Management Corp.),69fdf16443ffeed6de3b3cbb,"tic220 - Pinnacle Corporate Centre I {Pinnacle Corporate Centre, LLC}",evidenceOfInsurance,Evidence of Insurance,workersCompensation,Workers' Compensation and Employer's Liability,evidenceOfInsuranceWorkersCompensationEmployersLiabilityDiseasePolicyLimit,Employer's Liability Disease - policy limit,,matchOnce,must be greater or equal to,500000,,non_compliant,Block Requirements,,,false,0,,2026-08-16
"Block Real Estate Services, LLC",69fdf7a362446148bd85b02a,69fded1c62446148bd848fe5,Nationwide Life and Benefits Insurance Company / Nationwide (fka Allstate Insurance and National General Management Corp.),69fdf16443ffeed6de3b3cbb,"tic220 - Pinnacle Corporate Centre I {Pinnacle Corporate Centre, LLC}",evidenceOfInsurance,Evidence of Insurance,workersCompensation,Workers' Compensation and Employer's Liability,evidenceOfInsuranceWorkersCompensationWaiverOfSubrogationEndorsement,Waiver of Subrogation,"---prompt---
Determine if the insurer has waived their right of subrogation in favor of the certificate holder under the Workers' Compensation policy. Evidence may include: a checked ""Waiver of Subrogation"" box on the certificate, mention in the Description of Operations section stating ""waiver of subrogation applies"", or reference to form WC 00 03 13. Look for language like ""subrogation is waived"" or ""per written contract"".",matchOnce,must be present,,,non_compliant,Block Requirements,,,false,0,,2026-08-16
"Block Real Estate Services, LLC",69fdf7a362446148bd85b02a,69fded1c62446148bd848fe5,Nationwide Life and Benefits Insurance Company / Nationwide (fka Allstate Insurance and National General Management Corp.),69fdf16443ffeed6de3b3cbb,"tic220 - Pinnacle Corporate Centre I {Pinnacle Corporate Centre, LLC}",evidenceOfInsurance,Evidence of Insurance,6ac20aae-5728-5d57-b364-aeba38527dba,Additional Requirements,4da5b0f1-4c9d-5885-8cf8-5d3cccaed3e0,"Block Real Estate Services, LLC and all others required by contract are named as Additional Insureds","---prompt---
Determine if the Description of Operations or the Additional Remarks Schedule section states the ""Additional Insured as Construction Management, Inc. and all others required by contract"" or reference to blanket additional insured coverage. Look for language like ""certificate holder is additional insured"" or ""per written contract"".",matchOnce,must be present,,,non_compliant,Block Requirements,,,true,0,,2026-08-16
"Block Real Estate Services, LLC",69fdf7a362446148bd85b02a,69fded1c62446148bd848fe5,Nationwide Life and Benefits Insurance Company / Nationwide (fka Allstate Insurance and National General Management Corp.),69fdf16443ffeed6de3b3cbb,"tic220 - Pinnacle Corporate Centre I {Pinnacle Corporate Centre, LLC}",evidenceOfInsurance,Evidence of Insurance,6ac20aae-5728-5d57-b364-aeba38527dba,Additional Requirements,e1017741-e47e-5f58-97b8-fbc3043e919f,Umbrella follows form over General Liability,"---prompt---
Determine if the Umbrella/Excess Liability policy follows form to the underlying policies. Evidence may include: language in the Description of Operations section stating the umbrella follows form to underlying coverages or an additional page endorsement stating that it follows form. Follow form means the umbrella policy adopts the same terms, conditions, and exclusions as the underlying policies.",matchOnce,must be present,,,non_compliant,Block Requirements,,,true,0,,2026-08-16
"Block Real Estate Services, LLC",69fdf7a362446148bd85b02a,69fded1c62446148bd848fe5,Nationwide Life and Benefits Insurance Company / Nationwide (fka Allstate Insurance and National General Management Corp.),69fdf16443ffeed6de3b3cbb,"tic220 - Pinnacle Corporate Centre I {Pinnacle Corporate Centre, LLC}",evidenceOfInsurance,Evidence of Insurance,6ac20aae-5728-5d57-b364-aeba38527dba,Additional Requirements,2cdd866f-c9a4-576a-afd8-1d045762790c,The location must be listed as: 11300 Tomahawk Creek Parkway Suite 202 Leawood KS 66211,,matchOnce,must be present,,,non_compliant,Block Requirements,,,true,0,,2026-08-16
"Block Real Estate Services, LLC",69fdf7a362446148bd85b02a,69fded1c62446148bd848fe5,Nationwide Life and Benefits Insurance Company / Nationwide (fka Allstate Insurance and National General Management Corp.),69fdf16443ffeed6de3b3cbb,"tic220 - Pinnacle Corporate Centre I {Pinnacle Corporate Centre, LLC}",evidenceOfInsurance,Evidence of Insurance,6ac20aae-5728-5d57-b364-aeba38527dba,Additional Requirements,3649e9d1-4e09-59bf-8f30-cb33c40cf117,"Certificate Holder must read: c/o Block Real Estate Services, LLC, 4622 Pennsylvania St., Suite 700, Kansas City, MO, 64112",,matchOnce,must be present,,,non_compliant,Block Requirements,,,true,0,,2026-08-16
"Block Real Estate Services, LLC",6a185da3a1ec98c09c963e31,6a185d6484a21cbe19a54e57,"Endura Services, LLC",69fdf16443ffeed6de3b3cbb,"tic220 - Pinnacle Corporate Centre I {Pinnacle Corporate Centre, LLC}",evidenceOfInsurance,Evidence of Insurance,commercialGeneralLiability,Commercial General Liability,evidenceOfInsuranceCommercialGeneralLiabilityCoverageTriggerOccurrence,Coverage Trigger: Occurrence,,matchOnce,must be present,,,non_compliant,Block Requirements,,,false,0,,2026-08-16
"Block Real Estate Services, LLC",6a185da3a1ec98c09c963e31,6a185d6484a21cbe19a54e57,"Endura Services, LLC",69fdf16443ffeed6de3b3cbb,"tic220 - Pinnacle Corporate Centre I {Pinnacle Corporate Centre, LLC}",evidenceOfInsurance,Evidence of Insurance,commercialGeneralLiability,Commercial General Liability,evidenceOfInsuranceCommercialGeneralLiabilityGeneralAggregateLimitAppliesPerLocation,General Aggregate Limit Applies per: Location,,matchOnce,must be present,,,non_compliant,Block Requirements,,,false,0,,2026-08-16
"Block Real Estate Services, LLC",6a185da3a1ec98c09c963e31,6a185d6484a21cbe19a54e57,"Endura Services, LLC",69fdf16443ffeed6de3b3cbb,"tic220 - Pinnacle Corporate Centre I {Pinnacle Corporate Centre, LLC}",evidenceOfInsurance,Evidence of Insurance,commercialGeneralLiability,Commercial General Liability,evidenceOfInsuranceCommercialGeneralLiabilityEachOccurrence,Each Occurrence,,matchOnce,must be greater or equal to,1000000,,non_compliant,Block Requirements,,,false,0,,2026-08-16
"Block Real Estate Services, LLC",6a185da3a1ec98c09c963e31,6a185d6484a21cbe19a54e57,"Endura Services, LLC",69fdf16443ffeed6de3b3cbb,"tic220 - Pinnacle Corporate Centre I {Pinnacle Corporate Centre, LLC}",evidenceOfInsurance,Evidence of Insurance,commercialGeneralLiability,Commercial General Liability,evidenceOfInsuranceCommercialGeneralLiabilityGeneralAggregate,General Aggregate,,matchOnce,must be greater or equal to,2000000,,non_compliant,Block Requirements,,,false,0,,2026-08-16
"Block Real Estate Services, LLC",6a185da3a1ec98c09c963e31,6a185d6484a21cbe19a54e57,"Endura Services, LLC",69fdf16443ffeed6de3b3cbb,"tic220 - Pinnacle Corporate Centre I {Pinnacle Corporate Centre, LLC}",evidenceOfInsurance,Evidence of Insurance,commercialGeneralLiability,Commercial General Liability,evidenceOfInsuranceCommercialGeneralLiabilityWaiverOfSubrogationEndorsement,Waiver of Subrogation,"---prompt---
Determine if the insurer has waived their right of subrogation in favor of the certificate holder under the Commercial General Liability policy. Evidence may include: a checked ""Waiver of Subrogation"" box on the certificate, mention in the Description of Operations section stating ""waiver of subrogation applies"", or reference to form CG 24 04. Look for language like ""subrogation is waived"" or ""per written contract"".",matchOnce,must be present,,,non_compliant,Block Requirements,,,false,0,,2026-08-16
"Block Real Estate Services, LLC",6a185da3a1ec98c09c963e31,6a185d6484a21cbe19a54e57,"Endura Services, LLC",69fdf16443ffeed6de3b3cbb,"tic220 - Pinnacle Corporate Centre I {Pinnacle Corporate Centre, LLC}",evidenceOfInsurance,Evidence of Insurance,excessOrUmbrellaLiability,Umbrella/Excess Liability,evidenceOfInsuranceExcessOrUmbrellaLiabilityOccurence,Coverage Trigger: Occurrence,,matchOnce,must be present,,,non_compliant,Block Requirements,,,false,0,,2026-08-16
"Block Real Estate Services, LLC",6a185da3a1ec98c09c963e31,6a185d6484a21cbe19a54e57,"Endura Services, LLC",69fdf16443ffeed6de3b3cbb,"tic220 - Pinnacle Corporate Centre I {Pinnacle Corporate Centre, LLC}",evidenceOfInsurance,Evidence of Insurance,excessOrUmbrellaLiability,Umbrella/Excess Liability,evidenceOfInsuranceExcessOrUmbrellaLiabilityEachOccurrence,Each Occurrence,,matchOnce,must be greater or equal to,1000000,,non_compliant,Block Requirements,,,false,0,,2026-08-16
"Block Real Estate Services, LLC",6a185da3a1ec98c09c963e31,6a185d6484a21cbe19a54e57,"Endura Services, LLC",69fdf16443ffeed6de3b3cbb,"tic220 - Pinnacle Corporate Centre I {Pinnacle Corporate Centre, LLC}",evidenceOfInsurance,Evidence of Insurance,excessOrUmbrellaLiability,Umbrella/Excess Liability,evidenceOfInsuranceExcessOrUmbrellaLiabilityAggregate,Aggregate,,matchOnce,must be greater or equal to,1000000,,non_compliant,Block Requirements,,,false,0,,2026-08-16
"Block Real Estate Services, LLC",6a185da3a1ec98c09c963e31,6a185d6484a21cbe19a54e57,"Endura Services, LLC",69fdf16443ffeed6de3b3cbb,"tic220 - Pinnacle Corporate Centre I {Pinnacle Corporate Centre, LLC}",evidenceOfInsurance,Evidence of Insurance,workersCompensation,Workers' Compensation and Employer's Liability,evidenceOfInsuranceWorkersCompensationStatutoryLimits,Statutory Limits,,matchOnce,must be present,,,non_compliant,Block Requirements,,,false,0,,2026-08-16
"Block Real Estate Services, LLC",6a185da3a1ec98c09c963e31,6a185d6484a21cbe19a54e57,"Endura Services, LLC",69fdf16443ffeed6de3b3cbb,"tic220 - Pinnacle Corporate Centre I {Pinnacle Corporate Centre, LLC}",evidenceOfInsurance,Evidence of Insurance,workersCompensation,Workers' Compensation and Employer's Liability,evidenceOfInsuranceWorkersCompensationEmployersLiabilityEachAccident,Employer's Liability Each Accident,,matchOnce,must be greater or equal to,500000,,non_compliant,Block Requirements,,,false,0,,2026-08-16
"Block Real Estate Services, LLC",6a185da3a1ec98c09c963e31,6a185d6484a21cbe19a54e57,"Endura Services, LLC",69fdf16443ffeed6de3b3cbb,"tic220 - Pinnacle Corporate Centre I {Pinnacle Corporate Centre, LLC}",evidenceOfInsurance,Evidence of Insurance,workersCompensation,Workers' Compensation and Employer's Liability,evidenceOfInsuranceWorkersCompensationEmployersLiabilityDiseaseEachEmployee,Employer's Liability Disease - each employee,,matchOnce,must be greater or equal to,500000,,non_compliant,Block Requirements,,,false,0,,2026-08-16
"Block Real Estate Services, LLC",6a185da3a1ec98c09c963e31,6a185d6484a21cbe19a54e57,"Endura Services, LLC",69fdf16443ffeed6de3b3cbb,"tic220 - Pinnacle Corporate Centre I {Pinnacle Corporate Centre, LLC}",evidenceOfInsurance,Evidence of Insurance,workersCompensation,Workers' Compensation and Employer's Liability,evidenceOfInsuranceWorkersCompensationEmployersLiabilityDiseasePolicyLimit,Employer's Liability Disease - policy limit,,matchOnce,must be greater or equal to,500000,,non_compliant,Block Requirements,,,false,0,,2026-08-16
"Block Real Estate Services, LLC",6a185da3a1ec98c09c963e31,6a185d6484a21cbe19a54e57,"Endura Services, LLC",69fdf16443ffeed6de3b3cbb,"tic220 - Pinnacle Corporate Centre I {Pinnacle Corporate Centre, LLC}",evidenceOfInsurance,Evidence of Insurance,workersCompensation,Workers' Compensation and Employer's Liability,evidenceOfInsuranceWorkersCompensationWaiverOfSubrogationEndorsement,Waiver of Subrogation,"---prompt---
Determine if the insurer has waived their right of subrogation in favor of the certificate holder under the Workers' Compensation policy. Evidence may include: a checked ""Waiver of Subrogation"" box on the certificate, mention in the Description of Operations section stating ""waiver of subrogation applies"", or reference to form WC 00 03 13. Look for language like ""subrogation is waived"" or ""per written contract"".",matchOnce,must be present,,,non_compliant,Block Requirements,,,false,0,,2026-08-16
"Block Real Estate Services, LLC",6a185da3a1ec98c09c963e31,6a185d6484a21cbe19a54e57,"Endura Services, LLC",69fdf16443ffeed6de3b3cbb,"tic220 - Pinnacle Corporate Centre I {Pinnacle Corporate Centre, LLC}",evidenceOfInsurance,Evidence of Insurance,6ac20aae-5728-5d57-b364-aeba38527dba,Additional Requirements,4da5b0f1-4c9d-5885-8cf8-5d3cccaed3e0,"Block Real Estate Services, LLC and all others required by contract are named as Additional Insureds","---prompt---
Determine if the Description of Operations or the Additional Remarks Schedule section states the ""Additional Insured as Construction Management, Inc. and all others required by contract"" or reference to blanket additional insured coverage. Look for language like ""certificate holder is additional insured"" or ""per written contract"".",matchOnce,must be present,,,non_compliant,Block Requirements,,,true,0,,2026-08-16
"Block Real Estate Services, LLC",6a185da3a1ec98c09c963e31,6a185d6484a21cbe19a54e57,"Endura Services, LLC",69fdf16443ffeed6de3b3cbb,"tic220 - Pinnacle Corporate Centre I {Pinnacle Corporate Centre, LLC}",evidenceOfInsurance,Evidence of Insurance,6ac20aae-5728-5d57-b364-aeba38527dba,Additional Requirements,e1017741-e47e-5f58-97b8-fbc3043e919f,Umbrella follows form over General Liability,"---prompt---
Determine if the Umbrella/Excess Liability policy follows form to the underlying policies. Evidence may include: language in the Description of Operations section stating the umbrella follows form to underlying coverages or an additional page endorsement stating that it follows form. Follow form means the umbrella policy adopts the same terms, conditions, and exclusions as the underlying policies.",matchOnce,must be present,,,non_compliant,Block Requirements,,,true,0,,2026-08-16
"Block Real Estate Services, LLC",6a185da3a1ec98c09c963e31,6a185d6484a21cbe19a54e57,"Endura Services, LLC",69fdf16443ffeed6de3b3cbb,"tic220 - Pinnacle Corporate Centre I {Pinnacle Corporate Centre, LLC}",evidenceOfInsurance,Evidence of Insurance,6ac20aae-5728-5d57-b364-aeba38527dba,Additional Requirements,2cdd866f-c9a4-576a-afd8-1d045762790c,The location must be listed as: 11300 Tomahawk Creek Parkway Suite 190 Leawood KS 66211,,matchOnce,must be present,,,non_compliant,Block Requirements,,,true,0,,2026-08-16
"Block Real Estate Services, LLC",6a185da3a1ec98c09c963e31,6a185d6484a21cbe19a54e57,"Endura Services, LLC",69fdf16443ffeed6de3b3cbb,"tic220 - Pinnacle Corporate Centre I {Pinnacle Corporate Centre, LLC}",evidenceOfInsurance,Evidence of Insurance,6ac20aae-5728-5d57-b364-aeba38527dba,Additional Requirements,3649e9d1-4e09-59bf-8f30-cb33c40cf117,"Certificate Holder must read: c/o Block Real Estate Services, LLC, 4622 Pennsylvania St., Suite 700, Kansas City, MO, 64112",,matchOnce,must be present,,,non_compliant,Block Requirements,,,true,0,,2026-08-16
"Block Real Estate Services, LLC",6a185da3a1ec98c09c963e32,6a185d785a886bcac13835bd,"Aperture Credentialing, LLC",69fdf16443ffeed6de3b3cbb,"tic220 - Pinnacle Corporate Centre I {Pinnacle Corporate Centre, LLC}",evidenceOfInsurance,Evidence of Insurance,commercialGeneralLiability,Commercial General Liability,evidenceOfInsuranceCommercialGeneralLiabilityCoverageTriggerOccurrence,Coverage Trigger: Occurrence,,matchOnce,must be present,,,non_compliant,Block Requirements,,,false,0,,2026-08-16
"Block Real Estate Services, LLC",6a185da3a1ec98c09c963e32,6a185d785a886bcac13835bd,"Aperture Credentialing, LLC",69fdf16443ffeed6de3b3cbb,"tic220 - Pinnacle Corporate Centre I {Pinnacle Corporate Centre, LLC}",evidenceOfInsurance,Evidence of Insurance,commercialGeneralLiability,Commercial General Liability,evidenceOfInsuranceCommercialGeneralLiabilityGeneralAggregateLimitAppliesPerLocation,General Aggregate Limit Applies per: Location,,matchOnce,must be present,,,non_compliant,Block Requirements,,,false,0,,2026-08-16
"Block Real Estate Services, LLC",6a185da3a1ec98c09c963e32,6a185d785a886bcac13835bd,"Aperture Credentialing, LLC",69fdf16443ffeed6de3b3cbb,"tic220 - Pinnacle Corporate Centre I {Pinnacle Corporate Centre, LLC}",evidenceOfInsurance,Evidence of Insurance,commercialGeneralLiability,Commercial General Liability,evidenceOfInsuranceCommercialGeneralLiabilityEachOccurrence,Each Occurrence,,matchOnce,must be greater or equal to,1000000,,non_compliant,Block Requirements,,,false,0,,2026-08-16
"Block Real Estate Services, LLC",6a185da3a1ec98c09c963e32,6a185d785a886bcac13835bd,"Aperture Credentialing, LLC",69fdf16443ffeed6de3b3cbb,"tic220 - Pinnacle Corporate Centre I {Pinnacle Corporate Centre, LLC}",evidenceOfInsurance,Evidence of Insurance,commercialGeneralLiability,Commercial General Liability,evidenceOfInsuranceCommercialGeneralLiabilityGeneralAggregate,General Aggregate,,matchOnce,must be greater or equal to,2000000,,non_compliant,Block Requirements,,,false,0,,2026-08-16
"Block Real Estate Services, LLC",6a185da3a1ec98c09c963e32,6a185d785a886bcac13835bd,"Aperture Credentialing, LLC",69fdf16443ffeed6de3b3cbb,"tic220 - Pinnacle Corporate Centre I {Pinnacle Corporate Centre, LLC}",evidenceOfInsurance,Evidence of Insurance,commercialGeneralLiability,Commercial General Liability,evidenceOfInsuranceCommercialGeneralLiabilityWaiverOfSubrogationEndorsement,Waiver of Subrogation,"---prompt---
Determine if the insurer has waived their right of subrogation in favor of the certificate holder under the Commercial General Liability policy. Evidence may include: a checked ""Waiver of Subrogation"" box on the certificate, mention in the Description of Operations section stating ""waiver of subrogation applies"", or reference to form CG 24 04. Look for language like ""subrogation is waived"" or ""per written contract"".",matchOnce,must be present,,,non_compliant,Block Requirements,,,false,0,,2026-08-16
"Block Real Estate Services, LLC",6a185da3a1ec98c09c963e32,6a185d785a886bcac13835bd,"Aperture Credentialing, LLC",69fdf16443ffeed6de3b3cbb,"tic220 - Pinnacle Corporate Centre I {Pinnacle Corporate Centre, LLC}",evidenceOfInsurance,Evidence of Insurance,excessOrUmbrellaLiability,Umbrella/Excess Liability,evidenceOfInsuranceExcessOrUmbrellaLiabilityOccurence,Coverage Trigger: Occurrence,,matchOnce,must be present,,,non_compliant,Block Requirements,,,false,0,,2026-08-16
"Block Real Estate Services, LLC",6a185da3a1ec98c09c963e32,6a185d785a886bcac13835bd,"Aperture Credentialing, LLC",69fdf16443ffeed6de3b3cbb,"tic220 - Pinnacle Corporate Centre I {Pinnacle Corporate Centre, LLC}",evidenceOfInsurance,Evidence of Insurance,excessOrUmbrellaLiability,Umbrella/Excess Liability,evidenceOfInsuranceExcessOrUmbrellaLiabilityEachOccurrence,Each Occurrence,,matchOnce,must be greater or equal to,1000000,,non_compliant,Block Requirements,,,false,0,,2026-08-16
"Block Real Estate Services, LLC",6a185da3a1ec98c09c963e32,6a185d785a886bcac13835bd,"Aperture Credentialing, LLC",69fdf16443ffeed6de3b3cbb,"tic220 - Pinnacle Corporate Centre I {Pinnacle Corporate Centre, LLC}",evidenceOfInsurance,Evidence of Insurance,excessOrUmbrellaLiability,Umbrella/Excess Liability,evidenceOfInsuranceExcessOrUmbrellaLiabilityAggregate,Aggregate,,matchOnce,must be greater or equal to,1000000,,non_compliant,Block Requirements,,,false,0,,2026-08-16
"Block Real Estate Services, LLC",6a185da3a1ec98c09c963e32,6a185d785a886bcac13835bd,"Aperture Credentialing, LLC",69fdf16443ffeed6de3b3cbb,"tic220 - Pinnacle Corporate Centre I {Pinnacle Corporate Centre, LLC}",evidenceOfInsurance,Evidence of Insurance,workersCompensation,Workers' Compensation and Employer's Liability,evidenceOfInsuranceWorkersCompensationStatutoryLimits,Statutory Limits,,matchOnce,must be present,,,non_compliant,Block Requirements,,,false,0,,2026-08-16
"Block Real Estate Services, LLC",6a185da3a1ec98c09c963e32,6a185d785a886bcac13835bd,"Aperture Credentialing, LLC",69fdf16443ffeed6de3b3cbb,"tic220 - Pinnacle Corporate Centre I {Pinnacle Corporate Centre, LLC}",evidenceOfInsurance,Evidence of Insurance,workersCompensation,Workers' Compensation and Employer's Liability,evidenceOfInsuranceWorkersCompensationEmployersLiabilityEachAccident,Employer's Liability Each Accident,,matchOnce,must be greater or equal to,500000,,non_compliant,Block Requirements,,,false,0,,2026-08-16
"Block Real Estate Services, LLC",6a185da3a1ec98c09c963e32,6a185d785a886bcac13835bd,"Aperture Credentialing, LLC",69fdf16443ffeed6de3b3cbb,"tic220 - Pinnacle Corporate Centre I {Pinnacle Corporate Centre, LLC}",evidenceOfInsurance,Evidence of Insurance,workersCompensation,Workers' Compensation and Employer's Liability,evidenceOfInsuranceWorkersCompensationEmployersLiabilityDiseaseEachEmployee,Employer's Liability Disease - each employee,,matchOnce,must be greater or equal to,500000,,non_compliant,Block Requirements,,,false,0,,2026-08-16
"Block Real Estate Services, LLC",6a185da3a1ec98c09c963e32,6a185d785a886bcac13835bd,"Aperture Credentialing, LLC",69fdf16443ffeed6de3b3cbb,"tic220 - Pinnacle Corporate Centre I {Pinnacle Corporate Centre, LLC}",evidenceOfInsurance,Evidence of Insurance,workersCompensation,Workers' Compensation and Employer's Liability,evidenceOfInsuranceWorkersCompensationEmployersLiabilityDiseasePolicyLimit,Employer's Liability Disease - policy limit,,matchOnce,must be greater or equal to,500000,,non_compliant,Block Requirements,,,false,0,,2026-08-16
"Block Real Estate Services, LLC",6a185da3a1ec98c09c963e32,6a185d785a886bcac13835bd,"Aperture Credentialing, LLC",69fdf16443ffeed6de3b3cbb,"tic220 - Pinnacle Corporate Centre I {Pinnacle Corporate Centre, LLC}",evidenceOfInsurance,Evidence of Insurance,workersCompensation,Workers' Compensation and Employer's Liability,evidenceOfInsuranceWorkersCompensationWaiverOfSubrogationEndorsement,Waiver of Subrogation,"---prompt---
Determine if the insurer has waived their right of subrogation in favor of the certificate holder under the Workers' Compensation policy. Evidence may include: a checked ""Waiver of Subrogation"" box on the certificate, mention in the Description of Operations section stating ""waiver of subrogation applies"", or reference to form WC 00 03 13. Look for language like ""subrogation is waived"" or ""per written contract"".",matchOnce,must be present,,,non_compliant,Block Requirements,,,false,0,,2026-08-16
"Block Real Estate Services, LLC",6a185da3a1ec98c09c963e32,6a185d785a886bcac13835bd,"Aperture Credentialing, LLC",69fdf16443ffeed6de3b3cbb,"tic220 - Pinnacle Corporate Centre I {Pinnacle Corporate Centre, LLC}",evidenceOfInsurance,Evidence of Insurance,6ac20aae-5728-5d57-b364-aeba38527dba,Additional Requirements,4da5b0f1-4c9d-5885-8cf8-5d3cccaed3e0,"Block Real Estate Services, LLC and all others required by contract are named as Additional Insureds","---prompt---
Determine if the Description of Operations or the Additional Remarks Schedule section states the ""Additional Insured as Construction Management, Inc. and all others required by contract"" or reference to blanket additional insured coverage. Look for language like ""certificate holder is additional insured"" or ""per written contract"".",matchOnce,must be present,,,non_compliant,Block Requirements,,,true,0,,2026-08-16
"Block Real Estate Services, LLC",6a185da3a1ec98c09c963e32,6a185d785a886bcac13835bd,"Aperture Credentialing, LLC",69fdf16443ffeed6de3b3cbb,"tic220 - Pinnacle Corporate Centre I {Pinnacle Corporate Centre, LLC}",evidenceOfInsurance,Evidence of Insurance,6ac20aae-5728-5d57-b364-aeba38527dba,Additional Requirements,e1017741-e47e-5f58-97b8-fbc3043e919f,Umbrella follows form over General Liability,"---prompt---
Determine if the Umbrella/Excess Liability policy follows form to the underlying policies. Evidence may include: language in the Description of Operations section stating the umbrella follows form to underlying coverages or an additional page endorsement stating that it follows form. Follow form means the umbrella policy adopts the same terms, conditions, and exclusions as the underlying policies.",matchOnce,must be present,,,non_compliant,Block Requirements,,,true,0,,2026-08-16
"Block Real Estate Services, LLC",6a185da3a1ec98c09c963e32,6a185d785a886bcac13835bd,"Aperture Credentialing, LLC",69fdf16443ffeed6de3b3cbb,"tic220 - Pinnacle Corporate Centre I {Pinnacle Corporate Centre, LLC}",evidenceOfInsurance,Evidence of Insurance,6ac20aae-5728-5d57-b364-aeba38527dba,Additional Requirements,2cdd866f-c9a4-576a-afd8-1d045762790c,"The location must be listed as: 11300 Tomahawk Creek Parkway Suites 300, 302, 360 Leawood KS 66211",,matchOnce,must be present,,,non_compliant,Block Requirements,,,true,0,,2026-08-16
"Block Real Estate Services, LLC",6a185da3a1ec98c09c963e32,6a185d785a886bcac13835bd,"Aperture Credentialing, LLC",69fdf16443ffeed6de3b3cbb,"tic220 - Pinnacle Corporate Centre I {Pinnacle Corporate Centre, LLC}",evidenceOfInsurance,Evidence of Insurance,6ac20aae-5728-5d57-b364-aeba38527dba,Additional Requirements,3649e9d1-4e09-59bf-8f30-cb33c40cf117,"Certificate Holder must read: c/o Block Real Estate Services, LLC, 4622 Pennsylvania St., Suite 700, Kansas City, MO, 64112",,matchOnce,must be present,,,non_compliant,Block Requirements,,,true,0,,2026-08-16
"Block Real Estate Services, LLC",6a185da3a1ec98c09c963e33,6a185d8617ab90e8a02d0292,"TW Telecom of Kansas City, LLC (Roof Lease)",69fdf16443ffeed6de3b3cbb,"tic220 - Pinnacle Corporate Centre I {Pinnacle Corporate Centre, LLC}",evidenceOfInsurance,Evidence of Insurance,commercialGeneralLiability,Commercial General Liability,evidenceOfInsuranceCommercialGeneralLiabilityCoverageTriggerOccurrence,Coverage Trigger: Occurrence,,matchOnce,must be present,,,non_compliant,Block Requirements,,,false,0,,2026-08-16
"Block Real Estate Services, LLC",6a185da3a1ec98c09c963e33,6a185d8617ab90e8a02d0292,"TW Telecom of Kansas City, LLC (Roof Lease)",69fdf16443ffeed6de3b3cbb,"tic220 - Pinnacle Corporate Centre I {Pinnacle Corporate Centre, LLC}",evidenceOfInsurance,Evidence of Insurance,commercialGeneralLiability,Commercial General Liability,evidenceOfInsuranceCommercialGeneralLiabilityGeneralAggregateLimitAppliesPerLocation,General Aggregate Limit Applies per: Location,,matchOnce,must be present,,,non_compliant,Block Requirements,,,false,0,,2026-08-16
"Block Real Estate Services, LLC",6a185da3a1ec98c09c963e33,6a185d8617ab90e8a02d0292,"TW Telecom of Kansas City, LLC (Roof Lease)",69fdf16443ffeed6de3b3cbb,"tic220 - Pinnacle Corporate Centre I {Pinnacle Corporate Centre, LLC}",evidenceOfInsurance,Evidence of Insurance,commercialGeneralLiability,Commercial General Liability,evidenceOfInsuranceCommercialGeneralLiabilityEachOccurrence,Each Occurrence,,matchOnce,must be greater or equal to,1000000,,non_compliant,Block Requirements,,,false,0,,2026-08-16
"Block Real Estate Services, LLC",6a185da3a1ec98c09c963e33,6a185d8617ab90e8a02d0292,"TW Telecom of Kansas City, LLC (Roof Lease)",69fdf16443ffeed6de3b3cbb,"tic220 - Pinnacle Corporate Centre I {Pinnacle Corporate Centre, LLC}",evidenceOfInsurance,Evidence of Insurance,commercialGeneralLiability,Commercial General Liability,evidenceOfInsuranceCommercialGeneralLiabilityGeneralAggregate,General Aggregate,,matchOnce,must be greater or equal to,2000000,,non_compliant,Block Requirements,,,false,0,,2026-08-16
"Block Real Estate Services, LLC",6a185da3a1ec98c09c963e33,6a185d8617ab90e8a02d0292,"TW Telecom of Kansas City, LLC (Roof Lease)",69fdf16443ffeed6de3b3cbb,"tic220 - Pinnacle Corporate Centre I {Pinnacle Corporate Centre, LLC}",evidenceOfInsurance,Evidence of Insurance,commercialGeneralLiability,Commercial General Liability,evidenceOfInsuranceCommercialGeneralLiabilityWaiverOfSubrogationEndorsement,Waiver of Subrogation,"---prompt---
Determine if the insurer has waived their right of subrogation in favor of the certificate holder under the Commercial General Liability policy. Evidence may include: a checked ""Waiver of Subrogation"" box on the certificate, mention in the Description of Operations section stating ""waiver of subrogation applies"", or reference to form CG 24 04. Look for language like ""subrogation is waived"" or ""per written contract"".",matchOnce,must be present,,,non_compliant,Block Requirements,,,false,0,,2026-08-16
"Block Real Estate Services, LLC",6a185da3a1ec98c09c963e33,6a185d8617ab90e8a02d0292,"TW Telecom of Kansas City, LLC (Roof Lease)",69fdf16443ffeed6de3b3cbb,"tic220 - Pinnacle Corporate Centre I {Pinnacle Corporate Centre, LLC}",evidenceOfInsurance,Evidence of Insurance,excessOrUmbrellaLiability,Umbrella/Excess Liability,evidenceOfInsuranceExcessOrUmbrellaLiabilityOccurence,Coverage Trigger: Occurrence,,matchOnce,must be present,,,non_compliant,Block Requirements,,,false,0,,2026-08-16
"Block Real Estate Services, LLC",6a185da3a1ec98c09c963e33,6a185d8617ab90e8a02d0292,"TW Telecom of Kansas City, LLC (Roof Lease)",69fdf16443ffeed6de3b3cbb,"tic220 - Pinnacle Corporate Centre I {Pinnacle Corporate Centre, LLC}",evidenceOfInsurance,Evidence of Insurance,excessOrUmbrellaLiability,Umbrella/Excess Liability,evidenceOfInsuranceExcessOrUmbrellaLiabilityEachOccurrence,Each Occurrence,,matchOnce,must be greater or equal to,1000000,,non_compliant,Block Requirements,,,false,0,,2026-08-16
"Block Real Estate Services, LLC",6a185da3a1ec98c09c963e33,6a185d8617ab90e8a02d0292,"TW Telecom of Kansas City, LLC (Roof Lease)",69fdf16443ffeed6de3b3cbb,"tic220 - Pinnacle Corporate Centre I {Pinnacle Corporate Centre, LLC}",evidenceOfInsurance,Evidence of Insurance,excessOrUmbrellaLiability,Umbrella/Excess Liability,evidenceOfInsuranceExcessOrUmbrellaLiabilityAggregate,Aggregate,,matchOnce,must be greater or equal to,1000000,,non_compliant,Block Requirements,,,false,0,,2026-08-16
"Block Real Estate Services, LLC",6a185da3a1ec98c09c963e33,6a185d8617ab90e8a02d0292,"TW Telecom of Kansas City, LLC (Roof Lease)",69fdf16443ffeed6de3b3cbb,"tic220 - Pinnacle Corporate Centre I {Pinnacle Corporate Centre, LLC}",evidenceOfInsurance,Evidence of Insurance,workersCompensation,Workers' Compensation and Employer's Liability,evidenceOfInsuranceWorkersCompensationStatutoryLimits,Statutory Limits,,matchOnce,must be present,,,non_compliant,Block Requirements,,,false,0,,2026-08-16
"Block Real Estate Services, LLC",6a185da3a1ec98c09c963e33,6a185d8617ab90e8a02d0292,"TW Telecom of Kansas City, LLC (Roof Lease)",69fdf16443ffeed6de3b3cbb,"tic220 - Pinnacle Corporate Centre I {Pinnacle Corporate Centre, LLC}",evidenceOfInsurance,Evidence of Insurance,workersCompensation,Workers' Compensation and Employer's Liability,evidenceOfInsuranceWorkersCompensationEmployersLiabilityEachAccident,Employer's Liability Each Accident,,matchOnce,must be greater or equal to,500000,,non_compliant,Block Requirements,,,false,0,,2026-08-16
"Block Real Estate Services, LLC",6a185da3a1ec98c09c963e33,6a185d8617ab90e8a02d0292,"TW Telecom of Kansas City, LLC (Roof Lease)",69fdf16443ffeed6de3b3cbb,"tic220 - Pinnacle Corporate Centre I {Pinnacle Corporate Centre, LLC}",evidenceOfInsurance,Evidence of Insurance,workersCompensation,Workers' Compensation and Employer's Liability,evidenceOfInsuranceWorkersCompensationEmployersLiabilityDiseaseEachEmployee,Employer's Liability Disease - each employee,,matchOnce,must be greater or equal to,500000,,non_compliant,Block Requirements,,,false,0,,2026-08-16
"Block Real Estate Services, LLC",6a185da3a1ec98c09c963e33,6a185d8617ab90e8a02d0292,"TW Telecom of Kansas City, LLC (Roof Lease)",69fdf16443ffeed6de3b3cbb,"tic220 - Pinnacle Corporate Centre I {Pinnacle Corporate Centre, LLC}",evidenceOfInsurance,Evidence of Insurance,workersCompensation,Workers' Compensation and Employer's Liability,evidenceOfInsuranceWorkersCompensationEmployersLiabilityDiseasePolicyLimit,Employer's Liability Disease - policy limit,,matchOnce,must be greater or equal to,500000,,non_compliant,Block Requirements,,,false,0,,2026-08-16
"Block Real Estate Services, LLC",6a185da3a1ec98c09c963e33,6a185d8617ab90e8a02d0292,"TW Telecom of Kansas City, LLC (Roof Lease)",69fdf16443ffeed6de3b3cbb,"tic220 - Pinnacle Corporate Centre I {Pinnacle Corporate Centre, LLC}",evidenceOfInsurance,Evidence of Insurance,workersCompensation,Workers' Compensation and Employer's Liability,evidenceOfInsuranceWorkersCompensationWaiverOfSubrogationEndorsement,Waiver of Subrogation,"---prompt---
Determine if the insurer has waived their right of subrogation in favor of the certificate holder under the Workers' Compensation policy. Evidence may include: a checked ""Waiver of Subrogation"" box on the certificate, mention in the Description of Operations section stating ""waiver of subrogation applies"", or reference to form WC 00 03 13. Look for language like ""subrogation is waived"" or ""per written contract"".",matchOnce,must be present,,,non_compliant,Block Requirements,,,false,0,,2026-08-16
"Block Real Estate Services, LLC",6a185da3a1ec98c09c963e33,6a185d8617ab90e8a02d0292,"TW Telecom of Kansas City, LLC (Roof Lease)",69fdf16443ffeed6de3b3cbb,"tic220 - Pinnacle Corporate Centre I {Pinnacle Corporate Centre, LLC}",evidenceOfInsurance,Evidence of Insurance,6ac20aae-5728-5d57-b364-aeba38527dba,Additional Requirements,4da5b0f1-4c9d-5885-8cf8-5d3cccaed3e0,"Block Real Estate Services, LLC and all others required by contract are named as Additional Insureds","---prompt---
Determine if the Description of Operations or the Additional Remarks Schedule section states the ""Additional Insured as Construction Management, Inc. and all others required by contract"" or reference to blanket additional insured coverage. Look for language like ""certificate holder is additional insured"" or ""per written contract"".",matchOnce,must be present,,,non_compliant,Block Requirements,,,true,0,,2026-08-16
"Block Real Estate Services, LLC",6a185da3a1ec98c09c963e33,6a185d8617ab90e8a02d0292,"TW Telecom of Kansas City, LLC (Roof Lease)",69fdf16443ffeed6de3b3cbb,"tic220 - Pinnacle Corporate Centre I {Pinnacle Corporate Centre, LLC}",evidenceOfInsurance,Evidence of Insurance,6ac20aae-5728-5d57-b364-aeba38527dba,Additional Requirements,e1017741-e47e-5f58-97b8-fbc3043e919f,Umbrella follows form over General Liability,"---prompt---
Determine if the Umbrella/Excess Liability policy follows form to the underlying policies. Evidence may include: language in the Description of Operations section stating the umbrella follows form to underlying coverages or an additional page endorsement stating that it follows form. Follow form means the umbrella policy adopts the same terms, conditions, and exclusions as the underlying policies.",matchOnce,must be present,,,non_compliant,Block Requirements,,,true,0,,2026-08-16
"Block Real Estate Services, LLC",6a185da3a1ec98c09c963e33,6a185d8617ab90e8a02d0292,"TW Telecom of Kansas City, LLC (Roof Lease)",69fdf16443ffeed6de3b3cbb,"tic220 - Pinnacle Corporate Centre I {Pinnacle Corporate Centre, LLC}",evidenceOfInsurance,Evidence of Insurance,6ac20aae-5728-5d57-b364-aeba38527dba,Additional Requirements,2cdd866f-c9a4-576a-afd8-1d045762790c,The location must be listed as: 11300 Tomahawk Creek Parkway Roof Lease Leawood KS 66211,,matchOnce,must be present,,,non_compliant,Block Requirements,,,true,0,,2026-08-16
"Block Real Estate Services, LLC",6a185da3a1ec98c09c963e33,6a185d8617ab90e8a02d0292,"TW Telecom of Kansas City, LLC (Roof Lease)",69fdf16443ffeed6de3b3cbb,"tic220 - Pinnacle Corporate Centre I {Pinnacle Corporate Centre, LLC}",evidenceOfInsurance,Evidence of Insurance,6ac20aae-5728-5d57-b364-aeba38527dba,Additional Requirements,3649e9d1-4e09-59bf-8f30-cb33c40cf117,"Certificate Holder must read: c/o Block Real Estate Services, LLC, 4622 Pennsylvania St., Suite 700, Kansas City, MO, 64112",,matchOnce,must be present,,,non_compliant,Block Requirements,,,true,0,,2026-08-16
"Block Real Estate Services, LLC",6a46aa6469f1b5416f79aece,6a46a9fb881712769bd5956d,"R Hays, LLC",69fdf16443ffeed6de3b3cbb,"tic220 - Pinnacle Corporate Centre I {Pinnacle Corporate Centre, LLC}",evidenceOfInsurance,Evidence of Insurance,commercialGeneralLiability,Commercial General Liability,evidenceOfInsuranceCommercialGeneralLiabilityCoverageTriggerOccurrence,Coverage Trigger: Occurrence,,matchOnce,must be present,,Present,compliant,Block Requirements,,,false,1,,2026-08-16
"Block Real Estate Services, LLC",6a46aa6469f1b5416f79aece,6a46a9fb881712769bd5956d,"R Hays, LLC",69fdf16443ffeed6de3b3cbb,"tic220 - Pinnacle Corporate Centre I {Pinnacle Corporate Centre, LLC}",evidenceOfInsurance,Evidence of Insurance,commercialGeneralLiability,Commercial General Liability,evidenceOfInsuranceCommercialGeneralLiabilityGeneralAggregateLimitAppliesPerLocation,General Aggregate Limit Applies per: Location,,matchOnce,must be present,,Present,compliant,Block Requirements,,,false,1,,2026-08-16
"Block Real Estate Services, LLC",6a46aa6469f1b5416f79aece,6a46a9fb881712769bd5956d,"R Hays, LLC",69fdf16443ffeed6de3b3cbb,"tic220 - Pinnacle Corporate Centre I {Pinnacle Corporate Centre, LLC}",evidenceOfInsurance,Evidence of Insurance,commercialGeneralLiability,Commercial General Liability,evidenceOfInsuranceCommercialGeneralLiabilityEachOccurrence,Each Occurrence,,matchOnce,must be greater or equal to,1000000,1000000,compliant,Block Requirements,,,false,1,,2026-08-16
"Block Real Estate Services, LLC",6a46aa6469f1b5416f79aece,6a46a9fb881712769bd5956d,"R Hays, LLC",69fdf16443ffeed6de3b3cbb,"tic220 - Pinnacle Corporate Centre I {Pinnacle Corporate Centre, LLC}",evidenceOfInsurance,Evidence of Insurance,commercialGeneralLiability,Commercial General Liability,evidenceOfInsuranceCommercialGeneralLiabilityGeneralAggregate,General Aggregate,,matchOnce,must be greater or equal to,2000000,2000000,compliant,Block Requirements,,,false,1,,2026-08-16
"Block Real Estate Services, LLC",6a46aa6469f1b5416f79aece,6a46a9fb881712769bd5956d,"R Hays, LLC",69fdf16443ffeed6de3b3cbb,"tic220 - Pinnacle Corporate Centre I {Pinnacle Corporate Centre, LLC}",evidenceOfInsurance,Evidence of Insurance,commercialGeneralLiability,Commercial General Liability,evidenceOfInsuranceCommercialGeneralLiabilityWaiverOfSubrogationEndorsement,Waiver of Subrogation,"---prompt---
Determine if the insurer has waived their right of subrogation in favor of the certificate holder under the Commercial General Liability policy. Evidence may include: a checked ""Waiver of Subrogation"" box on the certificate, mention in the Description of Operations section stating ""waiver of subrogation applies"", or reference to form CG 24 04. Look for language like ""subrogation is waived"" or ""per written contract"".",matchOnce,must be present,,Present,compliant,Block Requirements,,,false,1,,2026-08-16
"Block Real Estate Services, LLC",6a46aa6469f1b5416f79aece,6a46a9fb881712769bd5956d,"R Hays, LLC",69fdf16443ffeed6de3b3cbb,"tic220 - Pinnacle Corporate Centre I {Pinnacle Corporate Centre, LLC}",evidenceOfInsurance,Evidence of Insurance,excessOrUmbrellaLiability,Umbrella/Excess Liability,evidenceOfInsuranceExcessOrUmbrellaLiabilityOccurence,Coverage Trigger: Occurrence,,matchOnce,must be present,,Present,compliant,Block Requirements,,,false,1,,2026-08-16
"Block Real Estate Services, LLC",6a46aa6469f1b5416f79aece,6a46a9fb881712769bd5956d,"R Hays, LLC",69fdf16443ffeed6de3b3cbb,"tic220 - Pinnacle Corporate Centre I {Pinnacle Corporate Centre, LLC}",evidenceOfInsurance,Evidence of Insurance,excessOrUmbrellaLiability,Umbrella/Excess Liability,evidenceOfInsuranceExcessOrUmbrellaLiabilityEachOccurrence,Each Occurrence,,matchOnce,must be greater or equal to,1000000,10000000,compliant,Block Requirements,,,false,1,,2026-08-16
"Block Real Estate Services, LLC",6a46aa6469f1b5416f79aece,6a46a9fb881712769bd5956d,"R Hays, LLC",69fdf16443ffeed6de3b3cbb,"tic220 - Pinnacle Corporate Centre I {Pinnacle Corporate Centre, LLC}",evidenceOfInsurance,Evidence of Insurance,excessOrUmbrellaLiability,Umbrella/Excess Liability,evidenceOfInsuranceExcessOrUmbrellaLiabilityAggregate,Aggregate,,matchOnce,must be greater or equal to,1000000,10000000,compliant,Block Requirements,,,false,1,,2026-08-16
"Block Real Estate Services, LLC",6a46aa6469f1b5416f79aece,6a46a9fb881712769bd5956d,"R Hays, LLC",69fdf16443ffeed6de3b3cbb,"tic220 - Pinnacle Corporate Centre I {Pinnacle Corporate Centre, LLC}",evidenceOfInsurance,Evidence of Insurance,workersCompensation,Workers' Compensation and Employer's Liability,evidenceOfInsuranceWorkersCompensationStatutoryLimits,Statutory Limits,,matchOnce,must be present,,,non_compliant,Block Requirements,,,false,0,,2026-08-16
"Block Real Estate Services, LLC",6a46aa6469f1b5416f79aece,6a46a9fb881712769bd5956d,"R Hays, LLC",69fdf16443ffeed6de3b3cbb,"tic220 - Pinnacle Corporate Centre I {Pinnacle Corporate Centre, LLC}",evidenceOfInsurance,Evidence of Insurance,workersCompensation,Workers' Compensation and Employer's Liability,evidenceOfInsuranceWorkersCompensationEmployersLiabilityEachAccident,Employer's Liability Each Accident,,matchOnce,must be greater or equal to,500000,,non_compliant,Block Requirements,,,false,0,,2026-08-16
"Block Real Estate Services, LLC",6a46aa6469f1b5416f79aece,6a46a9fb881712769bd5956d,"R Hays, LLC",69fdf16443ffeed6de3b3cbb,"tic220 - Pinnacle Corporate Centre I {Pinnacle Corporate Centre, LLC}",evidenceOfInsurance,Evidence of Insurance,workersCompensation,Workers' Compensation and Employer's Liability,evidenceOfInsuranceWorkersCompensationEmployersLiabilityDiseaseEachEmployee,Employer's Liability Disease - each employee,,matchOnce,must be greater or equal to,500000,,non_compliant,Block Requirements,,,false,0,,2026-08-16
"Block Real Estate Services, LLC",6a46aa6469f1b5416f79aece,6a46a9fb881712769bd5956d,"R Hays, LLC",69fdf16443ffeed6de3b3cbb,"tic220 - Pinnacle Corporate Centre I {Pinnacle Corporate Centre, LLC}",evidenceOfInsurance,Evidence of Insurance,workersCompensation,Workers' Compensation and Employer's Liability,evidenceOfInsuranceWorkersCompensationEmployersLiabilityDiseasePolicyLimit,Employer's Liability Disease - policy limit,,matchOnce,must be greater or equal to,500000,,non_compliant,Block Requirements,,,false,0,,2026-08-16
"Block Real Estate Services, LLC",6a46aa6469f1b5416f79aece,6a46a9fb881712769bd5956d,"R Hays, LLC",69fdf16443ffeed6de3b3cbb,"tic220 - Pinnacle Corporate Centre I {Pinnacle Corporate Centre, LLC}",evidenceOfInsurance,Evidence of Insurance,workersCompensation,Workers' Compensation and Employer's Liability,evidenceOfInsuranceWorkersCompensationWaiverOfSubrogationEndorsement,Waiver of Subrogation,"---prompt---
Determine if the insurer has waived their right of subrogation in favor of the certificate holder under the Workers' Compensation policy. Evidence may include: a checked ""Waiver of Subrogation"" box on the certificate, mention in the Description of Operations section stating ""waiver of subrogation applies"", or reference to form WC 00 03 13. Look for language like ""subrogation is waived"" or ""per written contract"".",matchOnce,must be present,,,non_compliant,Block Requirements,,,false,0,,2026-08-16
"Block Real Estate Services, LLC",6a46aa6469f1b5416f79aece,6a46a9fb881712769bd5956d,"R Hays, LLC",69fdf16443ffeed6de3b3cbb,"tic220 - Pinnacle Corporate Centre I {Pinnacle Corporate Centre, LLC}",evidenceOfInsurance,Evidence of Insurance,6ac20aae-5728-5d57-b364-aeba38527dba,Additional Requirements,4da5b0f1-4c9d-5885-8cf8-5d3cccaed3e0,"Block Real Estate Services, LLC and all others required by contract are named as Additional Insureds","---prompt---
Determine if the Description of Operations or the Additional Remarks Schedule section states the ""Additional Insured as Construction Management, Inc. and all others required by contract"" or reference to blanket additional insured coverage. Look for language like ""certificate holder is additional insured"" or ""per written contract"".",matchOnce,must be present,,,non_compliant,Block Requirements,,,true,0,,2026-08-16
"Block Real Estate Services, LLC",6a46aa6469f1b5416f79aece,6a46a9fb881712769bd5956d,"R Hays, LLC",69fdf16443ffeed6de3b3cbb,"tic220 - Pinnacle Corporate Centre I {Pinnacle Corporate Centre, LLC}",evidenceOfInsurance,Evidence of Insurance,6ac20aae-5728-5d57-b364-aeba38527dba,Additional Requirements,e1017741-e47e-5f58-97b8-fbc3043e919f,Umbrella follows form over General Liability,"---prompt---
Determine if the Umbrella/Excess Liability policy follows form to the underlying policies. Evidence may include: language in the Description of Operations section stating the umbrella follows form to underlying coverages or an additional page endorsement stating that it follows form. Follow form means the umbrella policy adopts the same terms, conditions, and exclusions as the underlying policies.",matchOnce,must be present,,,non_compliant,Block Requirements,,,true,0,,2026-08-16
"Block Real Estate Services, LLC",6a46aa6469f1b5416f79aece,6a46a9fb881712769bd5956d,"R Hays, LLC",69fdf16443ffeed6de3b3cbb,"tic220 - Pinnacle Corporate Centre I {Pinnacle Corporate Centre, LLC}",evidenceOfInsurance,Evidence of Insurance,6ac20aae-5728-5d57-b364-aeba38527dba,Additional Requirements,2cdd866f-c9a4-576a-afd8-1d045762790c,"The location must be listed as: 11300 Tomahawk Creek Parkway, Suite 150, Leawood, KS 66211",,matchOnce,must be present,,,non_compliant,Block Requirements,,,true,0,,2026-08-16
"Block Real Estate Services, LLC",6a46aa6469f1b5416f79aece,6a46a9fb881712769bd5956d,"R Hays, LLC",69fdf16443ffeed6de3b3cbb,"tic220 - Pinnacle Corporate Centre I {Pinnacle Corporate Centre, LLC}",evidenceOfInsurance,Evidence of Insurance,6ac20aae-5728-5d57-b364-aeba38527dba,Additional Requirements,3649e9d1-4e09-59bf-8f30-cb33c40cf117,"Certificate Holder must read: c/o Block Real Estate Services, LLC, 4622 Pennsylvania St., Suite 700, Kansas City, MO, 64112",,matchOnce,must be present,,,non_compliant,Block Requirements,,,true,0,,2026-08-16
"Block Real Estate Services, LLC",6a7c937f3b150d4f42b520f9,6a7c9366ee0b08ce4f040184,Halbrook Wood PC,69fdf16443ffeed6de3b3cbb,"tic220 - Pinnacle Corporate Centre I {Pinnacle Corporate Centre, LLC}",evidenceOfInsurance,Evidence of Insurance,commercialGeneralLiability,Commercial General Liability,evidenceOfInsuranceCommercialGeneralLiabilityCoverageTriggerOccurrence,Coverage Trigger: Occurrence,,matchOnce,must be present,,,non_compliant,Block Requirements,,,false,0,,2026-08-16
"Block Real Estate Services, LLC",6a7c937f3b150d4f42b520f9,6a7c9366ee0b08ce4f040184,Halbrook Wood PC,69fdf16443ffeed6de3b3cbb,"tic220 - Pinnacle Corporate Centre I {Pinnacle Corporate Centre, LLC}",evidenceOfInsurance,Evidence of Insurance,commercialGeneralLiability,Commercial General Liability,evidenceOfInsuranceCommercialGeneralLiabilityGeneralAggregateLimitAppliesPerLocation,General Aggregate Limit Applies per: Location,,matchOnce,must be present,,,waived,Block Requirements,Per location not a requirement in the lease,,false,0,,2026-08-16
"Block Real Estate Services, LLC",6a7c937f3b150d4f42b520f9,6a7c9366ee0b08ce4f040184,Halbrook Wood PC,69fdf16443ffeed6de3b3cbb,"tic220 - Pinnacle Corporate Centre I {Pinnacle Corporate Centre, LLC}",evidenceOfInsurance,Evidence of Insurance,commercialGeneralLiability,Commercial General Liability,evidenceOfInsuranceCommercialGeneralLiabilityEachOccurrence,Each Occurrence,,matchOnce,must be greater or equal to,1000000,,non_compliant,Block Requirements,,,false,0,,2026-08-16
"Block Real Estate Services, LLC",6a7c937f3b150d4f42b520f9,6a7c9366ee0b08ce4f040184,Halbrook Wood PC,69fdf16443ffeed6de3b3cbb,"tic220 - Pinnacle Corporate Centre I {Pinnacle Corporate Centre, LLC}",evidenceOfInsurance,Evidence of Insurance,commercialGeneralLiability,Commercial General Liability,evidenceOfInsuranceCommercialGeneralLiabilityGeneralAggregate,General Aggregate,,matchOnce,must be greater or equal to,2000000,,non_compliant,Block Requirements,,,false,0,,2026-08-16
"Block Real Estate Services, LLC",6a7c937f3b150d4f42b520f9,6a7c9366ee0b08ce4f040184,Halbrook Wood PC,69fdf16443ffeed6de3b3cbb,"tic220 - Pinnacle Corporate Centre I {Pinnacle Corporate Centre, LLC}",evidenceOfInsurance,Evidence of Insurance,commercialGeneralLiability,Commercial General Liability,evidenceOfInsuranceCommercialGeneralLiabilityWaiverOfSubrogationEndorsement,Waiver of Subrogation,"---prompt---
Determine if the insurer has waived their right of subrogation in favor of the certificate holder under the Commercial General Liability policy. Evidence may include: a checked ""Waiver of Subrogation"" box on the certificate, mention in the Description of Operations section stating ""waiver of subrogation applies"", or reference to form CG 24 04. Look for language like ""subrogation is waived"" or ""per written contract"".",matchOnce,must be present,,,non_compliant,Block Requirements,,,false,0,,2026-08-16
"Block Real Estate Services, LLC",6a7c937f3b150d4f42b520f9,6a7c9366ee0b08ce4f040184,Halbrook Wood PC,69fdf16443ffeed6de3b3cbb,"tic220 - Pinnacle Corporate Centre I {Pinnacle Corporate Centre, LLC}",evidenceOfInsurance,Evidence of Insurance,excessOrUmbrellaLiability,Umbrella/Excess Liability,evidenceOfInsuranceExcessOrUmbrellaLiabilityOccurence,Coverage Trigger: Occurrence,,matchOnce,must be present,,,waived,Block Requirements,,,false,0,,2026-08-16
"Block Real Estate Services, LLC",6a7c937f3b150d4f42b520f9,6a7c9366ee0b08ce4f040184,Halbrook Wood PC,69fdf16443ffeed6de3b3cbb,"tic220 - Pinnacle Corporate Centre I {Pinnacle Corporate Centre, LLC}",evidenceOfInsurance,Evidence of Insurance,excessOrUmbrellaLiability,Umbrella/Excess Liability,evidenceOfInsuranceExcessOrUmbrellaLiabilityEachOccurrence,Each Occurrence,,matchOnce,must be greater or equal to,1000000,,waived,Block Requirements,,,false,0,,2026-08-16
"Block Real Estate Services, LLC",6a7c937f3b150d4f42b520f9,6a7c9366ee0b08ce4f040184,Halbrook Wood PC,69fdf16443ffeed6de3b3cbb,"tic220 - Pinnacle Corporate Centre I {Pinnacle Corporate Centre, LLC}",evidenceOfInsurance,Evidence of Insurance,excessOrUmbrellaLiability,Umbrella/Excess Liability,evidenceOfInsuranceExcessOrUmbrellaLiabilityAggregate,Aggregate,,matchOnce,must be greater or equal to,1000000,,waived,Block Requirements,,,false,0,,2026-08-16
"Block Real Estate Services, LLC",6a7c937f3b150d4f42b520f9,6a7c9366ee0b08ce4f040184,Halbrook Wood PC,69fdf16443ffeed6de3b3cbb,"tic220 - Pinnacle Corporate Centre I {Pinnacle Corporate Centre, LLC}",evidenceOfInsurance,Evidence of Insurance,workersCompensation,Workers' Compensation and Employer's Liability,evidenceOfInsuranceWorkersCompensationStatutoryLimits,Statutory Limits,,matchOnce,must be present,,,non_compliant,Block Requirements,,,false,0,,2026-08-16
"Block Real Estate Services, LLC",6a7c937f3b150d4f42b520f9,6a7c9366ee0b08ce4f040184,Halbrook Wood PC,69fdf16443ffeed6de3b3cbb,"tic220 - Pinnacle Corporate Centre I {Pinnacle Corporate Centre, LLC}",evidenceOfInsurance,Evidence of Insurance,workersCompensation,Workers' Compensation and Employer's Liability,evidenceOfInsuranceWorkersCompensationEmployersLiabilityEachAccident,Employer's Liability Each Accident,,matchOnce,must be greater or equal to,500000,,waived,Block Requirements,Work Comp limits not a requirement in the lease,,false,0,,2026-08-16
"Block Real Estate Services, LLC",6a7c937f3b150d4f42b520f9,6a7c9366ee0b08ce4f040184,Halbrook Wood PC,69fdf16443ffeed6de3b3cbb,"tic220 - Pinnacle Corporate Centre I {Pinnacle Corporate Centre, LLC}",evidenceOfInsurance,Evidence of Insurance,workersCompensation,Workers' Compensation and Employer's Liability,evidenceOfInsuranceWorkersCompensationEmployersLiabilityDiseaseEachEmployee,Employer's Liability Disease - each employee,,matchOnce,must be greater or equal to,500000,,waived,Block Requirements,Work Comp limits not a requirement in the lease,,false,0,,2026-08-16
"Block Real Estate Services, LLC",6a7c937f3b150d4f42b520f9,6a7c9366ee0b08ce4f040184,Halbrook Wood PC,69fdf16443ffeed6de3b3cbb,"tic220 - Pinnacle Corporate Centre I {Pinnacle Corporate Centre, LLC}",evidenceOfInsurance,Evidence of Insurance,workersCompensation,Workers' Compensation and Employer's Liability,evidenceOfInsuranceWorkersCompensationEmployersLiabilityDiseasePolicyLimit,Employer's Liability Disease - policy limit,,matchOnce,must be greater or equal to,500000,,waived,Block Requirements,Work Comp limits not a requirement in the lease,,false,0,,2026-08-16
"Block Real Estate Services, LLC",6a7c937f3b150d4f42b520f9,6a7c9366ee0b08ce4f040184,Halbrook Wood PC,69fdf16443ffeed6de3b3cbb,"tic220 - Pinnacle Corporate Centre I {Pinnacle Corporate Centre, LLC}",evidenceOfInsurance,Evidence of Insurance,workersCompensation,Workers' Compensation and Employer's Liability,evidenceOfInsuranceWorkersCompensationWaiverOfSubrogationEndorsement,Waiver of Subrogation,"---prompt---
Determine if the insurer has waived their right of subrogation in favor of the certificate holder under the Workers' Compensation policy. Evidence may include: a checked ""Waiver of Subrogation"" box on the certificate, mention in the Description of Operations section stating ""waiver of subrogation applies"", or reference to form WC 00 03 13. Look for language like ""subrogation is waived"" or ""per written contract"".",matchOnce,must be present,,,non_compliant,Block Requirements,,,false,0,,2026-08-16
"Block Real Estate Services, LLC",6a7c937f3b150d4f42b520f9,6a7c9366ee0b08ce4f040184,Halbrook Wood PC,69fdf16443ffeed6de3b3cbb,"tic220 - Pinnacle Corporate Centre I {Pinnacle Corporate Centre, LLC}",evidenceOfInsurance,Evidence of Insurance,6ac20aae-5728-5d57-b364-aeba38527dba,Additional Requirements,4da5b0f1-4c9d-5885-8cf8-5d3cccaed3e0,"Block Real Estate Services, LLC and all others required by contract are named as Additional Insureds","---prompt---
Determine if the Description of Operations or the Additional Remarks Schedule section states the ""Additional Insured as Construction Management, Inc. and all others required by contract"" or reference to blanket additional insured coverage. Look for language like ""certificate holder is additional insured"" or ""per written contract"".",matchOnce,must be present,,,non_compliant,Block Requirements,,,true,0,,2026-08-16
"Block Real Estate Services, LLC",6a7c937f3b150d4f42b520f9,6a7c9366ee0b08ce4f040184,Halbrook Wood PC,69fdf16443ffeed6de3b3cbb,"tic220 - Pinnacle Corporate Centre I {Pinnacle Corporate Centre, LLC}",evidenceOfInsurance,Evidence of Insurance,6ac20aae-5728-5d57-b364-aeba38527dba,Additional Requirements,e1017741-e47e-5f58-97b8-fbc3043e919f,Umbrella follows form over General Liability,"---prompt---
Determine if the Umbrella/Excess Liability policy follows form to the underlying policies. Evidence may include: language in the Description of Operations section stating the umbrella follows form to underlying coverages or an additional page endorsement stating that it follows form. Follow form means the umbrella policy adopts the same terms, conditions, and exclusions as the underlying policies.",matchOnce,must be present,,,waived,Block Requirements,Umbrella Liability not a requirement in the lease,,true,0,,2026-08-16
"Block Real Estate Services, LLC",6a7c937f3b150d4f42b520f9,6a7c9366ee0b08ce4f040184,Halbrook Wood PC,69fdf16443ffeed6de3b3cbb,"tic220 - Pinnacle Corporate Centre I {Pinnacle Corporate Centre, LLC}",evidenceOfInsurance,Evidence of Insurance,6ac20aae-5728-5d57-b364-aeba38527dba,Additional Requirements,2cdd866f-c9a4-576a-afd8-1d045762790c,The location must be listed as: 11300 Tomahawk Creek Parkway Suite 100 Leawood KS 66211,,matchOnce,must be present,,,non_compliant,Block Requirements,,,true,0,,2026-08-16
"Block Real Estate Services, LLC",6a7c937f3b150d4f42b520f9,6a7c9366ee0b08ce4f040184,Halbrook Wood PC,69fdf16443ffeed6de3b3cbb,"tic220 - Pinnacle Corporate Centre I {Pinnacle Corporate Centre, LLC}",evidenceOfInsurance,Evidence of Insurance,6ac20aae-5728-5d57-b364-aeba38527dba,Additional Requirements,3649e9d1-4e09-59bf-8f30-cb33c40cf117,"Certificate Holder must read: c/o Block Real Estate Services, LLC, 4622 Pennsylvania St., Suite 700, Kansas City, MO, 64112",,matchOnce,must be present,,,non_compliant,Block Requirements,,,true,0,,2026-08-16
"Block Real Estate Services, LLC",6a7de83c91769d9477ed7e70,6a7de8128ae97a448204bb45,LRIco Services LLC,69fdf16443ffeed6de3b3cbb,"tic220 - Pinnacle Corporate Centre I {Pinnacle Corporate Centre, LLC}",evidenceOfInsurance,Evidence of Insurance,commercialGeneralLiability,Commercial General Liability,evidenceOfInsuranceCommercialGeneralLiabilityCoverageTriggerOccurrence,Coverage Trigger: Occurrence,,matchOnce,must be present,,Present,compliant,Block Requirements,,,false,1,,2026-08-16
"Block Real Estate Services, LLC",6a7de83c91769d9477ed7e70,6a7de8128ae97a448204bb45,LRIco Services LLC,69fdf16443ffeed6de3b3cbb,"tic220 - Pinnacle Corporate Centre I {Pinnacle Corporate Centre, LLC}",evidenceOfInsurance,Evidence of Insurance,commercialGeneralLiability,Commercial General Liability,evidenceOfInsuranceCommercialGeneralLiabilityGeneralAggregateLimitAppliesPerLocation,General Aggregate Limit Applies per: Location,,matchOnce,must be present,,Present,waived,Block Requirements,Per location not a requirement in the lease,,false,1,,2026-08-16
"Block Real Estate Services, LLC",6a7de83c91769d9477ed7e70,6a7de8128ae97a448204bb45,LRIco Services LLC,69fdf16443ffeed6de3b3cbb,"tic220 - Pinnacle Corporate Centre I {Pinnacle Corporate Centre, LLC}",evidenceOfInsurance,Evidence of Insurance,commercialGeneralLiability,Commercial General Liability,evidenceOfInsuranceCommercialGeneralLiabilityEachOccurrence,Each Occurrence,,matchOnce,must be greater or equal to,1000000,1000000,compliant,Block Requirements,,,false,1,,2026-08-16
"Block Real Estate Services, LLC",6a7de83c91769d9477ed7e70,6a7de8128ae97a448204bb45,LRIco Services LLC,69fdf16443ffeed6de3b3cbb,"tic220 - Pinnacle Corporate Centre I {Pinnacle Corporate Centre, LLC}",evidenceOfInsurance,Evidence of Insurance,commercialGeneralLiability,Commercial General Liability,evidenceOfInsuranceCommercialGeneralLiabilityGeneralAggregate,General Aggregate,,matchOnce,must be greater or equal to,2000000,2000000,compliant,Block Requirements,,,false,1,,2026-08-16
"Block Real Estate Services, LLC",6a7de83c91769d9477ed7e70,6a7de8128ae97a448204bb45,LRIco Services LLC,69fdf16443ffeed6de3b3cbb,"tic220 - Pinnacle Corporate Centre I {Pinnacle Corporate Centre, LLC}",evidenceOfInsurance,Evidence of Insurance,commercialGeneralLiability,Commercial General Liability,evidenceOfInsuranceCommercialGeneralLiabilityWaiverOfSubrogationEndorsement,Waiver of Subrogation,"---prompt---
Determine if the insurer has waived their right of subrogation in favor of the certificate holder under the Commercial General Liability policy. Evidence may include: a checked ""Waiver of Subrogation"" box on the certificate, mention in the Description of Operations section stating ""waiver of subrogation applies"", or reference to form CG 24 04. Look for language like ""subrogation is waived"" or ""per written contract"".",matchOnce,must be present,,Present,compliant,Block Requirements,,,false,1,,2026-08-16
"Block Real Estate Services, LLC",6a7de83c91769d9477ed7e70,6a7de8128ae97a448204bb45,LRIco Services LLC,69fdf16443ffeed6de3b3cbb,"tic220 - Pinnacle Corporate Centre I {Pinnacle Corporate Centre, LLC}",evidenceOfInsurance,Evidence of Insurance,excessOrUmbrellaLiability,Umbrella/Excess Liability,evidenceOfInsuranceExcessOrUmbrellaLiabilityOccurence,Coverage Trigger: Occurrence,,matchOnce,must be present,,Present,waived,Block Requirements,,,false,1,,2026-08-16
"Block Real Estate Services, LLC",6a7de83c91769d9477ed7e70,6a7de8128ae97a448204bb45,LRIco Services LLC,69fdf16443ffeed6de3b3cbb,"tic220 - Pinnacle Corporate Centre I {Pinnacle Corporate Centre, LLC}",evidenceOfInsurance,Evidence of Insurance,excessOrUmbrellaLiability,Umbrella/Excess Liability,evidenceOfInsuranceExcessOrUmbrellaLiabilityEachOccurrence,Each Occurrence,,matchOnce,must be greater or equal to,1000000,1000000,waived,Block Requirements,,,false,1,,2026-08-16
"Block Real Estate Services, LLC",6a7de83c91769d9477ed7e70,6a7de8128ae97a448204bb45,LRIco Services LLC,69fdf16443ffeed6de3b3cbb,"tic220 - Pinnacle Corporate Centre I {Pinnacle Corporate Centre, LLC}",evidenceOfInsurance,Evidence of Insurance,excessOrUmbrellaLiability,Umbrella/Excess Liability,evidenceOfInsuranceExcessOrUmbrellaLiabilityAggregate,Aggregate,,matchOnce,must be greater or equal to,1000000,1000000,waived,Block Requirements,,,false,1,,2026-08-16
"Block Real Estate Services, LLC",6a7de83c91769d9477ed7e70,6a7de8128ae97a448204bb45,LRIco Services LLC,69fdf16443ffeed6de3b3cbb,"tic220 - Pinnacle Corporate Centre I {Pinnacle Corporate Centre, LLC}",evidenceOfInsurance,Evidence of Insurance,workersCompensation,Workers' Compensation and Employer's Liability,evidenceOfInsuranceWorkersCompensationStatutoryLimits,Statutory Limits,,matchOnce,must be present,,Present,compliant,Block Requirements,,,false,1,,2026-08-16
"Block Real Estate Services, LLC",6a7de83c91769d9477ed7e70,6a7de8128ae97a448204bb45,LRIco Services LLC,69fdf16443ffeed6de3b3cbb,"tic220 - Pinnacle Corporate Centre I {Pinnacle Corporate Centre, LLC}",evidenceOfInsurance,Evidence of Insurance,workersCompensation,Workers' Compensation and Employer's Liability,evidenceOfInsuranceWorkersCompensationEmployersLiabilityEachAccident,Employer's Liability Each Accident,,matchOnce,must be greater or equal to,500000,1000000,waived,Block Requirements,WC limits not a requirement in the lease,,false,1,,2026-08-16
"Block Real Estate Services, LLC",6a7de83c91769d9477ed7e70,6a7de8128ae97a448204bb45,LRIco Services LLC,69fdf16443ffeed6de3b3cbb,"tic220 - Pinnacle Corporate Centre I {Pinnacle Corporate Centre, LLC}",evidenceOfInsurance,Evidence of Insurance,workersCompensation,Workers' Compensation and Employer's Liability,evidenceOfInsuranceWorkersCompensationEmployersLiabilityDiseaseEachEmployee,Employer's Liability Disease - each employee,,matchOnce,must be greater or equal to,500000,1000000,waived,Block Requirements,WC limits not a requirement in the lease,,false,1,,2026-08-16
"Block Real Estate Services, LLC",6a7de83c91769d9477ed7e70,6a7de8128ae97a448204bb45,LRIco Services LLC,69fdf16443ffeed6de3b3cbb,"tic220 - Pinnacle Corporate Centre I {Pinnacle Corporate Centre, LLC}",evidenceOfInsurance,Evidence of Insurance,workersCompensation,Workers' Compensation and Employer's Liability,evidenceOfInsuranceWorkersCompensationEmployersLiabilityDiseasePolicyLimit,Employer's Liability Disease - policy limit,,matchOnce,must be greater or equal to,500000,1000000,waived,Block Requirements,WC limits not a requirement in the lease,,false,1,,2026-08-16
"Block Real Estate Services, LLC",6a7de83c91769d9477ed7e70,6a7de8128ae97a448204bb45,LRIco Services LLC,69fdf16443ffeed6de3b3cbb,"tic220 - Pinnacle Corporate Centre I {Pinnacle Corporate Centre, LLC}",evidenceOfInsurance,Evidence of Insurance,workersCompensation,Workers' Compensation and Employer's Liability,evidenceOfInsuranceWorkersCompensationWaiverOfSubrogationEndorsement,Waiver of Subrogation,"---prompt---
Determine if the insurer has waived their right of subrogation in favor of the certificate holder under the Workers' Compensation policy. Evidence may include: a checked ""Waiver of Subrogation"" box on the certificate, mention in the Description of Operations section stating ""waiver of subrogation applies"", or reference to form WC 00 03 13. Look for language like ""subrogation is waived"" or ""per written contract"".",matchOnce,must be present,,Present,compliant,Block Requirements,,,false,1,,2026-08-16
"Block Real Estate Services, LLC",6a7de83c91769d9477ed7e70,6a7de8128ae97a448204bb45,LRIco Services LLC,69fdf16443ffeed6de3b3cbb,"tic220 - Pinnacle Corporate Centre I {Pinnacle Corporate Centre, LLC}",evidenceOfInsurance,Evidence of Insurance,6ac20aae-5728-5d57-b364-aeba38527dba,Additional Requirements,4da5b0f1-4c9d-5885-8cf8-5d3cccaed3e0,"Block Real Estate Services, LLC and all others required by contract are named as Additional Insureds","---prompt---
Determine if the Description of Operations or the Additional Remarks Schedule section states the ""Additional Insured as Construction Management, Inc. and all others required by contract"" or reference to blanket additional insured coverage. Look for language like ""certificate holder is additional insured"" or ""per written contract"".",matchOnce,must be present,,Present,compliant,Block Requirements,,,true,1,,2026-08-16
"Block Real Estate Services, LLC",6a7de83c91769d9477ed7e70,6a7de8128ae97a448204bb45,LRIco Services LLC,69fdf16443ffeed6de3b3cbb,"tic220 - Pinnacle Corporate Centre I {Pinnacle Corporate Centre, LLC}",evidenceOfInsurance,Evidence of Insurance,6ac20aae-5728-5d57-b364-aeba38527dba,Additional Requirements,e1017741-e47e-5f58-97b8-fbc3043e919f,Umbrella follows form over General Liability,"---prompt---
Determine if the Umbrella/Excess Liability policy follows form to the underlying policies. Evidence may include: language in the Description of Operations section stating the umbrella follows form to underlying coverages or an additional page endorsement stating that it follows form. Follow form means the umbrella policy adopts the same terms, conditions, and exclusions as the underlying policies.",matchOnce,must be present,,,waived,Block Requirements,Umbrella Liability not a requirement in the lease,,true,0,,2026-08-16
"Block Real Estate Services, LLC",6a7de83c91769d9477ed7e70,6a7de8128ae97a448204bb45,LRIco Services LLC,69fdf16443ffeed6de3b3cbb,"tic220 - Pinnacle Corporate Centre I {Pinnacle Corporate Centre, LLC}",evidenceOfInsurance,Evidence of Insurance,6ac20aae-5728-5d57-b364-aeba38527dba,Additional Requirements,2cdd866f-c9a4-576a-afd8-1d045762790c,"The location must be listed as: 11300 Tomahawk Creek Parkway, Suite 155, Leawood KS 66211",,matchOnce,must be present,,Present,compliant,Block Requirements,,,true,1,,2026-08-16
"Block Real Estate Services, LLC",6a7de83c91769d9477ed7e70,6a7de8128ae97a448204bb45,LRIco Services LLC,69fdf16443ffeed6de3b3cbb,"tic220 - Pinnacle Corporate Centre I {Pinnacle Corporate Centre, LLC}",evidenceOfInsurance,Evidence of Insurance,6ac20aae-5728-5d57-b364-aeba38527dba,Additional Requirements,3649e9d1-4e09-59bf-8f30-cb33c40cf117,"Certificate Holder must read: c/o Block Real Estate Services, LLC, 4622 Pennsylvania St., Suite 700, Kansas City, MO, 64112",,matchOnce,must be present,,Present,compliant,Block Requirements,,,true,1,,2026-08-16
"Block Real Estate Services, LLC",69fdf78062446148bd858803,69fded1462446148bd848da2,"Fine Line Graphics, Inc.",69fdf0cf3b208288e0a7f650,"prg801 - Pine Ridge Building A {PERG BUILDINGS, LLC}",evidenceOfInsurance,Evidence of Insurance,commercialGeneralLiability,Commercial General Liability,evidenceOfInsuranceCommercialGeneralLiabilityCoverageTriggerOccurrence,Coverage Trigger: Occurrence,,matchOnce,must be present,,,non_compliant,Block Requirements,,,false,0,,2026-08-16
"Block Real Estate Services, LLC",69fdf78062446148bd858803,69fded1462446148bd848da2,"Fine Line Graphics, Inc.",69fdf0cf3b208288e0a7f650,"prg801 - Pine Ridge Building A {PERG BUILDINGS, LLC}",evidenceOfInsurance,Evidence of Insurance,commercialGeneralLiability,Commercial General Liability,evidenceOfInsuranceCommercialGeneralLiabilityGeneralAggregateLimitAppliesPerLocation,General Aggregate Limit Applies per: Location,,matchOnce,must be present,,,non_compliant,Block Requirements,,,false,0,,2026-08-16
"Block Real Estate Services, LLC",69fdf78062446148bd858803,69fded1462446148bd848da2,"Fine Line Graphics, Inc.",69fdf0cf3b208288e0a7f650,"prg801 - Pine Ridge Building A {PERG BUILDINGS, LLC}",evidenceOfInsurance,Evidence of Insurance,commercialGeneralLiability,Commercial General Liability,evidenceOfInsuranceCommercialGeneralLiabilityEachOccurrence,Each Occurrence,,matchOnce,must be greater or equal to,1000000,,non_compliant,Block Requirements,,,false,0,,2026-08-16
"Block Real Estate Services, LLC",69fdf78062446148bd858803,69fded1462446148bd848da2,"Fine Line Graphics, Inc.",69fdf0cf3b208288e0a7f650,"prg801 - Pine Ridge Building A {PERG BUILDINGS, LLC}",evidenceOfInsurance,Evidence of Insurance,commercialGeneralLiability,Commercial General Liability,evidenceOfInsuranceCommercialGeneralLiabilityGeneralAggregate,General Aggregate,,matchOnce,must be greater or equal to,2000000,,non_compliant,Block Requirements,,,false,0,,2026-08-16
"Block Real Estate Services, LLC",69fdf78062446148bd858803,69fded1462446148bd848da2,"Fine Line Graphics, Inc.",69fdf0cf3b208288e0a7f650,"prg801 - Pine Ridge Building A {PERG BUILDINGS, LLC}",evidenceOfInsurance,Evidence of Insurance,commercialGeneralLiability,Commercial General Liability,evidenceOfInsuranceCommercialGeneralLiabilityWaiverOfSubrogationEndorsement,Waiver of Subrogation,"---prompt---
Determine if the insurer has waived their right of subrogation in favor of the certificate holder under the Commercial General Liability policy. Evidence may include: a checked ""Waiver of Subrogation"" box on the certificate, mention in the Description of Operations section stating ""waiver of subrogation applies"", or reference to form CG 24 04. Look for language like ""subrogation is waived"" or ""per written contract"".",matchOnce,must be present,,,non_compliant,Block Requirements,,,false,0,,2026-08-16
"Block Real Estate Services, LLC",69fdf78062446148bd858803,69fded1462446148bd848da2,"Fine Line Graphics, Inc.",69fdf0cf3b208288e0a7f650,"prg801 - Pine Ridge Building A {PERG BUILDINGS, LLC}",evidenceOfInsurance,Evidence of Insurance,excessOrUmbrellaLiability,Umbrella/Excess Liability,evidenceOfInsuranceExcessOrUmbrellaLiabilityOccurence,Coverage Trigger: Occurrence,,matchOnce,must be present,,,non_compliant,Block Requirements,,,false,0,,2026-08-16
"Block Real Estate Services, LLC",69fdf78062446148bd858803,69fded1462446148bd848da2,"Fine Line Graphics, Inc.",69fdf0cf3b208288e0a7f650,"prg801 - Pine Ridge Building A {PERG BUILDINGS, LLC}",evidenceOfInsurance,Evidence of Insurance,excessOrUmbrellaLiability,Umbrella/Excess Liability,evidenceOfInsuranceExcessOrUmbrellaLiabilityEachOccurrence,Each Occurrence,,matchOnce,must be greater or equal to,1000000,,non_compliant,Block Requirements,,,false,0,,2026-08-16
"Block Real Estate Services, LLC",69fdf78062446148bd858803,69fded1462446148bd848da2,"Fine Line Graphics, Inc.",69fdf0cf3b208288e0a7f650,"prg801 - Pine Ridge Building A {PERG BUILDINGS, LLC}",evidenceOfInsurance,Evidence of Insurance,excessOrUmbrellaLiability,Umbrella/Excess Liability,evidenceOfInsuranceExcessOrUmbrellaLiabilityAggregate,Aggregate,,matchOnce,must be greater or equal to,1000000,,non_compliant,Block Requirements,,,false,0,,2026-08-16
"Block Real Estate Services, LLC",69fdf78062446148bd858803,69fded1462446148bd848da2,"Fine Line Graphics, Inc.",69fdf0cf3b208288e0a7f650,"prg801 - Pine Ridge Building A {PERG BUILDINGS, LLC}",evidenceOfInsurance,Evidence of Insurance,workersCompensation,Workers' Compensation and Employer's Liability,evidenceOfInsuranceWorkersCompensationStatutoryLimits,Statutory Limits,,matchOnce,must be present,,,non_compliant,Block Requirements,,,false,0,,2026-08-16
"Block Real Estate Services, LLC",69fdf78062446148bd858803,69fded1462446148bd848da2,"Fine Line Graphics, Inc.",69fdf0cf3b208288e0a7f650,"prg801 - Pine Ridge Building A {PERG BUILDINGS, LLC}",evidenceOfInsurance,Evidence of Insurance,workersCompensation,Workers' Compensation and Employer's Liability,evidenceOfInsuranceWorkersCompensationEmployersLiabilityEachAccident,Employer's Liability Each Accident,,matchOnce,must be greater or equal to,500000,,non_compliant,Block Requirements,,,false,0,,2026-08-16
"Block Real Estate Services, LLC",69fdf78062446148bd858803,69fded1462446148bd848da2,"Fine Line Graphics, Inc.",69fdf0cf3b208288e0a7f650,"prg801 - Pine Ridge Building A {PERG BUILDINGS, LLC}",evidenceOfInsurance,Evidence of Insurance,workersCompensation,Workers' Compensation and Employer's Liability,evidenceOfInsuranceWorkersCompensationEmployersLiabilityDiseaseEachEmployee,Employer's Liability Disease - each employee,,matchOnce,must be greater or equal to,500000,,non_compliant,Block Requirements,,,false,0,,2026-08-16
"Block Real Estate Services, LLC",69fdf78062446148bd858803,69fded1462446148bd848da2,"Fine Line Graphics, Inc.",69fdf0cf3b208288e0a7f650,"prg801 - Pine Ridge Building A {PERG BUILDINGS, LLC}",evidenceOfInsurance,Evidence of Insurance,workersCompensation,Workers' Compensation and Employer's Liability,evidenceOfInsuranceWorkersCompensationEmployersLiabilityDiseasePolicyLimit,Employer's Liability Disease - policy limit,,matchOnce,must be greater or equal to,500000,,non_compliant,Block Requirements,,,false,0,,2026-08-16
"Block Real Estate Services, LLC",69fdf78062446148bd858803,69fded1462446148bd848da2,"Fine Line Graphics, Inc.",69fdf0cf3b208288e0a7f650,"prg801 - Pine Ridge Building A {PERG BUILDINGS, LLC}",evidenceOfInsurance,Evidence of Insurance,workersCompensation,Workers' Compensation and Employer's Liability,evidenceOfInsuranceWorkersCompensationWaiverOfSubrogationEndorsement,Waiver of Subrogation,"---prompt---
Determine if the insurer has waived their right of subrogation in favor of the certificate holder under the Workers' Compensation policy. Evidence may include: a checked ""Waiver of Subrogation"" box on the certificate, mention in the Description of Operations section stating ""waiver of subrogation applies"", or reference to form WC 00 03 13. Look for language like ""subrogation is waived"" or ""per written contract"".",matchOnce,must be present,,,non_compliant,Block Requirements,,,false,0,,2026-08-16
"Block Real Estate Services, LLC",69fdf78062446148bd858803,69fded1462446148bd848da2,"Fine Line Graphics, Inc.",69fdf0cf3b208288e0a7f650,"prg801 - Pine Ridge Building A {PERG BUILDINGS, LLC}",evidenceOfInsurance,Evidence of Insurance,6ac20aae-5728-5d57-b364-aeba38527dba,Additional Requirements,4da5b0f1-4c9d-5885-8cf8-5d3cccaed3e0,"Block Real Estate Services, LLC and all others required by contract are named as Additional Insureds","---prompt---
Determine if the Description of Operations or the Additional Remarks Schedule section states the ""Additional Insured as Construction Management, Inc. and all others required by contract"" or reference to blanket additional insured coverage. Look for language like ""certificate holder is additional insured"" or ""per written contract"".",matchOnce,must be present,,,non_compliant,Block Requirements,,,true,0,,2026-08-16
"Block Real Estate Services, LLC",69fdf78062446148bd858803,69fded1462446148bd848da2,"Fine Line Graphics, Inc.",69fdf0cf3b208288e0a7f650,"prg801 - Pine Ridge Building A {PERG BUILDINGS, LLC}",evidenceOfInsurance,Evidence of Insurance,6ac20aae-5728-5d57-b364-aeba38527dba,Additional Requirements,e1017741-e47e-5f58-97b8-fbc3043e919f,Umbrella follows form over General Liability,"---prompt---
Determine if the Umbrella/Excess Liability policy follows form to the underlying policies. Evidence may include: language in the Description of Operations section stating the umbrella follows form to underlying coverages or an additional page endorsement stating that it follows form. Follow form means the umbrella policy adopts the same terms, conditions, and exclusions as the underlying policies.",matchOnce,must be present,,,non_compliant,Block Requirements,,,true,0,,2026-08-16
"Block Real Estate Services, LLC",69fdf78062446148bd858803,69fded1462446148bd848da2,"Fine Line Graphics, Inc.",69fdf0cf3b208288e0a7f650,"prg801 - Pine Ridge Building A {PERG BUILDINGS, LLC}",evidenceOfInsurance,Evidence of Insurance,6ac20aae-5728-5d57-b364-aeba38527dba,Additional Requirements,2cdd866f-c9a4-576a-afd8-1d045762790c,"The location must be listed as: 8229, 8231, 8235 Melrose Drive Lenexa KS 66214",,matchOnce,must be present,,,non_compliant,Block Requirements,,,true,0,,2026-08-16
"Block Real Estate Services, LLC",69fdf78062446148bd858803,69fded1462446148bd848da2,"Fine Line Graphics, Inc.",69fdf0cf3b208288e0a7f650,"prg801 - Pine Ridge Building A {PERG BUILDINGS, LLC}",evidenceOfInsurance,Evidence of Insurance,6ac20aae-5728-5d57-b364-aeba38527dba,Additional Requirements,3649e9d1-4e09-59bf-8f30-cb33c40cf117,"Certificate Holder must read: c/o Block Real Estate Services, LLC, 4622 Pennsylvania St., Suite 700, Kansas City, MO, 64112",,matchOnce,must be present,,,non_compliant,Block Requirements,,,true,0,,2026-08-16
"Block Real Estate Services, LLC",69fdf78062446148bd858804,69fded1a62446148bd848f3a,"Lynk, Inc.",69fdf0cf3b208288e0a7f650,"prg801 - Pine Ridge Building A {PERG BUILDINGS, LLC}",evidenceOfInsurance,Evidence of Insurance,commercialGeneralLiability,Commercial General Liability,evidenceOfInsuranceCommercialGeneralLiabilityCoverageTriggerOccurrence,Coverage Trigger: Occurrence,,matchOnce,must be present,,Present,compliant,Block Requirements,,,false,1,,2026-08-16
"Block Real Estate Services, LLC",69fdf78062446148bd858804,69fded1a62446148bd848f3a,"Lynk, Inc.",69fdf0cf3b208288e0a7f650,"prg801 - Pine Ridge Building A {PERG BUILDINGS, LLC}",evidenceOfInsurance,Evidence of Insurance,commercialGeneralLiability,Commercial General Liability,evidenceOfInsuranceCommercialGeneralLiabilityGeneralAggregateLimitAppliesPerLocation,General Aggregate Limit Applies per: Location,,matchOnce,must be present,,Present,compliant,Block Requirements,,,false,1,,2026-08-16
"Block Real Estate Services, LLC",69fdf78062446148bd858804,69fded1a62446148bd848f3a,"Lynk, Inc.",69fdf0cf3b208288e0a7f650,"prg801 - Pine Ridge Building A {PERG BUILDINGS, LLC}",evidenceOfInsurance,Evidence of Insurance,commercialGeneralLiability,Commercial General Liability,evidenceOfInsuranceCommercialGeneralLiabilityEachOccurrence,Each Occurrence,,matchOnce,must be greater or equal to,1000000,1000000,compliant,Block Requirements,,,false,1,,2026-08-16
"Block Real Estate Services, LLC",69fdf78062446148bd858804,69fded1a62446148bd848f3a,"Lynk, Inc.",69fdf0cf3b208288e0a7f650,"prg801 - Pine Ridge Building A {PERG BUILDINGS, LLC}",evidenceOfInsurance,Evidence of Insurance,commercialGeneralLiability,Commercial General Liability,evidenceOfInsuranceCommercialGeneralLiabilityGeneralAggregate,General Aggregate,,matchOnce,must be greater or equal to,2000000,2000000,compliant,Block Requirements,,,false,1,,2026-08-16
"Block Real Estate Services, LLC",69fdf78062446148bd858804,69fded1a62446148bd848f3a,"Lynk, Inc.",69fdf0cf3b208288e0a7f650,"prg801 - Pine Ridge Building A {PERG BUILDINGS, LLC}",evidenceOfInsurance,Evidence of Insurance,commercialGeneralLiability,Commercial General Liability,evidenceOfInsuranceCommercialGeneralLiabilityWaiverOfSubrogationEndorsement,Waiver of Subrogation,"---prompt---
Determine if the insurer has waived their right of subrogation in favor of the certificate holder under the Commercial General Liability policy. Evidence may include: a checked ""Waiver of Subrogation"" box on the certificate, mention in the Description of Operations section stating ""waiver of subrogation applies"", or reference to form CG 24 04. Look for language like ""subrogation is waived"" or ""per written contract"".",matchOnce,must be present,,Present,compliant,Block Requirements,,,false,1,,2026-08-16
"Block Real Estate Services, LLC",69fdf78062446148bd858804,69fded1a62446148bd848f3a,"Lynk, Inc.",69fdf0cf3b208288e0a7f650,"prg801 - Pine Ridge Building A {PERG BUILDINGS, LLC}",evidenceOfInsurance,Evidence of Insurance,excessOrUmbrellaLiability,Umbrella/Excess Liability,evidenceOfInsuranceExcessOrUmbrellaLiabilityOccurence,Coverage Trigger: Occurrence,,matchOnce,must be present,,Present,compliant,Block Requirements,,,false,1,,2026-08-16
"Block Real Estate Services, LLC",69fdf78062446148bd858804,69fded1a62446148bd848f3a,"Lynk, Inc.",69fdf0cf3b208288e0a7f650,"prg801 - Pine Ridge Building A {PERG BUILDINGS, LLC}",evidenceOfInsurance,Evidence of Insurance,excessOrUmbrellaLiability,Umbrella/Excess Liability,evidenceOfInsuranceExcessOrUmbrellaLiabilityEachOccurrence,Each Occurrence,,matchOnce,must be greater or equal to,1000000,5000000,compliant,Block Requirements,,,false,1,,2026-08-16
"Block Real Estate Services, LLC",69fdf78062446148bd858804,69fded1a62446148bd848f3a,"Lynk, Inc.",69fdf0cf3b208288e0a7f650,"prg801 - Pine Ridge Building A {PERG BUILDINGS, LLC}",evidenceOfInsurance,Evidence of Insurance,excessOrUmbrellaLiability,Umbrella/Excess Liability,evidenceOfInsuranceExcessOrUmbrellaLiabilityAggregate,Aggregate,,matchOnce,must be greater or equal to,1000000,5000000,compliant,Block Requirements,,,false,1,,2026-08-16
"Block Real Estate Services, LLC",69fdf78062446148bd858804,69fded1a62446148bd848f3a,"Lynk, Inc.",69fdf0cf3b208288e0a7f650,"prg801 - Pine Ridge Building A {PERG BUILDINGS, LLC}",evidenceOfInsurance,Evidence of Insurance,workersCompensation,Workers' Compensation and Employer's Liability,evidenceOfInsuranceWorkersCompensationStatutoryLimits,Statutory Limits,,matchOnce,must be present,,Present,compliant,Block Requirements,,,false,1,,2026-08-16
"Block Real Estate Services, LLC",69fdf78062446148bd858804,69fded1a62446148bd848f3a,"Lynk, Inc.",69fdf0cf3b208288e0a7f650,"prg801 - Pine Ridge Building A {PERG BUILDINGS, LLC}",evidenceOfInsurance,Evidence of Insurance,workersCompensation,Workers' Compensation and Employer's Liability,evidenceOfInsuranceWorkersCompensationEmployersLiabilityEachAccident,Employer's Liability Each Accident,,matchOnce,must be greater or equal to,500000,500000,compliant,Block Requirements,,,false,1,,2026-08-16
"Block Real Estate Services, LLC",69fdf78062446148bd858804,69fded1a62446148bd848f3a,"Lynk, Inc.",69fdf0cf3b208288e0a7f650,"prg801 - Pine Ridge Building A {PERG BUILDINGS, LLC}",evidenceOfInsurance,Evidence of Insurance,workersCompensation,Workers' Compensation and Employer's Liability,evidenceOfInsuranceWorkersCompensationEmployersLiabilityDiseaseEachEmployee,Employer's Liability Disease - each employee,,matchOnce,must be greater or equal to,500000,500000,compliant,Block Requirements,,,false,1,,2026-08-16
"Block Real Estate Services, LLC",69fdf78062446148bd858804,69fded1a62446148bd848f3a,"Lynk, Inc.",69fdf0cf3b208288e0a7f650,"prg801 - Pine Ridge Building A {PERG BUILDINGS, LLC}",evidenceOfInsurance,Evidence of Insurance,workersCompensation,Workers' Compensation and Employer's Liability,evidenceOfInsuranceWorkersCompensationEmployersLiabilityDiseasePolicyLimit,Employer's Liability Disease - policy limit,,matchOnce,must be greater or equal to,500000,500000,compliant,Block Requirements,,,false,1,,2026-08-16
"Block Real Estate Services, LLC",69fdf78062446148bd858804,69fded1a62446148bd848f3a,"Lynk, Inc.",69fdf0cf3b208288e0a7f650,"prg801 - Pine Ridge Building A {PERG BUILDINGS, LLC}",evidenceOfInsurance,Evidence of Insurance,workersCompensation,Workers' Compensation and Employer's Liability,evidenceOfInsuranceWorkersCompensationWaiverOfSubrogationEndorsement,Waiver of Subrogation,"---prompt---
Determine if the insurer has waived their right of subrogation in favor of the certificate holder under the Workers' Compensation policy. Evidence may include: a checked ""Waiver of Subrogation"" box on the certificate, mention in the Description of Operations section stating ""waiver of subrogation applies"", or reference to form WC 00 03 13. Look for language like ""subrogation is waived"" or ""per written contract"".",matchOnce,must be present,,Present,compliant,Block Requirements,,,false,1,,2026-08-16
"Block Real Estate Services, LLC",69fdf78062446148bd858804,69fded1a62446148bd848f3a,"Lynk, Inc.",69fdf0cf3b208288e0a7f650,"prg801 - Pine Ridge Building A {PERG BUILDINGS, LLC}",evidenceOfInsurance,Evidence of Insurance,6ac20aae-5728-5d57-b364-aeba38527dba,Additional Requirements,4da5b0f1-4c9d-5885-8cf8-5d3cccaed3e0,"Block Real Estate Services, LLC and all others required by contract are named as Additional Insureds","---prompt---
Determine if the Description of Operations or the Additional Remarks Schedule section states the ""Additional Insured as Construction Management, Inc. and all others required by contract"" or reference to blanket additional insured coverage. Look for language like ""certificate holder is additional insured"" or ""per written contract"".",matchOnce,must be present,,Present,compliant,Block Requirements,,,true,1,,2026-08-16
"Block Real Estate Services, LLC",69fdf78062446148bd858804,69fded1a62446148bd848f3a,"Lynk, Inc.",69fdf0cf3b208288e0a7f650,"prg801 - Pine Ridge Building A {PERG BUILDINGS, LLC}",evidenceOfInsurance,Evidence of Insurance,6ac20aae-5728-5d57-b364-aeba38527dba,Additional Requirements,e1017741-e47e-5f58-97b8-fbc3043e919f,Umbrella follows form over General Liability,"---prompt---
Determine if the Umbrella/Excess Liability policy follows form to the underlying policies. Evidence may include: language in the Description of Operations section stating the umbrella follows form to underlying coverages or an additional page endorsement stating that it follows form. Follow form means the umbrella policy adopts the same terms, conditions, and exclusions as the underlying policies.",matchOnce,must be present,,Present,compliant,Block Requirements,,,true,1,,2026-08-16
"Block Real Estate Services, LLC",69fdf78062446148bd858804,69fded1a62446148bd848f3a,"Lynk, Inc.",69fdf0cf3b208288e0a7f650,"prg801 - Pine Ridge Building A {PERG BUILDINGS, LLC}",evidenceOfInsurance,Evidence of Insurance,6ac20aae-5728-5d57-b364-aeba38527dba,Additional Requirements,2cdd866f-c9a4-576a-afd8-1d045762790c,The location must be listed as: 8241 Melrose Drive Lenexa KS 66214,,matchOnce,must be present,,Present,compliant,Block Requirements,,,true,2,,2026-08-16
"Block Real Estate Services, LLC",69fdf78062446148bd858804,69fded1a62446148bd848f3a,"Lynk, Inc.",69fdf0cf3b208288e0a7f650,"prg801 - Pine Ridge Building A {PERG BUILDINGS, LLC}",evidenceOfInsurance,Evidence of Insurance,6ac20aae-5728-5d57-b364-aeba38527dba,Additional Requirements,3649e9d1-4e09-59bf-8f30-cb33c40cf117,"Certificate Holder must read: c/o Block Real Estate Services, LLC, 4622 Pennsylvania St., Suite 700, Kansas City, MO, 64112",,matchOnce,must be present,,Present,compliant,Block Requirements,,,true,1,,2026-08-16
"Block Real Estate Services, LLC",69fdf76e62446148bd8573c8,69fded1562446148bd848db4,First Watch,69fdf01f3b208288e0a7cdb6,"fwr117 - Galleria 115 Firstwatch {Galleria 115, LLC}",evidenceOfInsurance,Evidence of Insurance,commercialGeneralLiability,Commercial General Liability,evidenceOfInsuranceCommercialGeneralLiabilityCoverageTriggerOccurrence,Coverage Trigger: Occurrence,,matchOnce,must be present,,Present,compliant,Block Requirements,,,false,1,,2026-08-16
"Block Real Estate Services, LLC",69fdf76e62446148bd8573c8,69fded1562446148bd848db4,First Watch,69fdf01f3b208288e0a7cdb6,"fwr117 - Galleria 115 Firstwatch {Galleria 115, LLC}",evidenceOfInsurance,Evidence of Insurance,commercialGeneralLiability,Commercial General Liability,evidenceOfInsuranceCommercialGeneralLiabilityGeneralAggregateLimitAppliesPerLocation,General Aggregate Limit Applies per: Location,,matchOnce,must be present,,Present,compliant,Block Requirements,,,false,1,,2026-08-16
"Block Real Estate Services, LLC",69fdf76e62446148bd8573c8,69fded1562446148bd848db4,First Watch,69fdf01f3b208288e0a7cdb6,"fwr117 - Galleria 115 Firstwatch {Galleria 115, LLC}",evidenceOfInsurance,Evidence of Insurance,commercialGeneralLiability,Commercial General Liability,evidenceOfInsuranceCommercialGeneralLiabilityEachOccurrence,Each Occurrence,,matchOnce,must be greater or equal to,1000000,1000000,compliant,Block Requirements,,,false,1,,2026-08-16
"Block Real Estate Services, LLC",69fdf76e62446148bd8573c8,69fded1562446148bd848db4,First Watch,69fdf01f3b208288e0a7cdb6,"fwr117 - Galleria 115 Firstwatch {Galleria 115, LLC}",evidenceOfInsurance,Evidence of Insurance,commercialGeneralLiability,Commercial General Liability,evidenceOfInsuranceCommercialGeneralLiabilityGeneralAggregate,General Aggregate,,matchOnce,must be greater or equal to,2000000,2000000,compliant,Block Requirements,,,false,1,,2026-08-16
"Block Real Estate Services, LLC",69fdf76e62446148bd8573c8,69fded1562446148bd848db4,First Watch,69fdf01f3b208288e0a7cdb6,"fwr117 - Galleria 115 Firstwatch {Galleria 115, LLC}",evidenceOfInsurance,Evidence of Insurance,commercialGeneralLiability,Commercial General Liability,evidenceOfInsuranceCommercialGeneralLiabilityWaiverOfSubrogationEndorsement,Waiver of Subrogation,"---prompt---
Determine if the insurer has waived their right of subrogation in favor of the certificate holder under the Commercial General Liability policy. Evidence may include: a checked ""Waiver of Subrogation"" box on the certificate, mention in the Description of Operations section stating ""waiver of subrogation applies"", or reference to form CG 24 04. Look for language like ""subrogation is waived"" or ""per written contract"".",matchOnce,must be present,,Present,compliant,Block Requirements,,,false,1,,2026-08-16
"Block Real Estate Services, LLC",69fdf76e62446148bd8573c8,69fded1562446148bd848db4,First Watch,69fdf01f3b208288e0a7cdb6,"fwr117 - Galleria 115 Firstwatch {Galleria 115, LLC}",evidenceOfInsurance,Evidence of Insurance,excessOrUmbrellaLiability,Umbrella/Excess Liability,evidenceOfInsuranceExcessOrUmbrellaLiabilityOccurence,Coverage Trigger: Occurrence,,matchOnce,must be present,,Present,compliant,Block Requirements,,,false,1,,2026-08-16
"Block Real Estate Services, LLC",69fdf76e62446148bd8573c8,69fded1562446148bd848db4,First Watch,69fdf01f3b208288e0a7cdb6,"fwr117 - Galleria 115 Firstwatch {Galleria 115, LLC}",evidenceOfInsurance,Evidence of Insurance,excessOrUmbrellaLiability,Umbrella/Excess Liability,evidenceOfInsuranceExcessOrUmbrellaLiabilityEachOccurrence,Each Occurrence,,matchOnce,must be greater or equal to,1000000,10000000,compliant,Block Requirements,,,false,1,,2026-08-16
"Block Real Estate Services, LLC",69fdf76e62446148bd8573c8,69fded1562446148bd848db4,First Watch,69fdf01f3b208288e0a7cdb6,"fwr117 - Galleria 115 Firstwatch {Galleria 115, LLC}",evidenceOfInsurance,Evidence of Insurance,excessOrUmbrellaLiability,Umbrella/Excess Liability,evidenceOfInsuranceExcessOrUmbrellaLiabilityAggregate,Aggregate,,matchOnce,must be greater or equal to,1000000,10000000,compliant,Block Requirements,,,false,1,,2026-08-16
"Block Real Estate Services, LLC",69fdf76e62446148bd8573c8,69fded1562446148bd848db4,First Watch,69fdf01f3b208288e0a7cdb6,"fwr117 - Galleria 115 Firstwatch {Galleria 115, LLC}",evidenceOfInsurance,Evidence of Insurance,workersCompensation,Workers' Compensation and Employer's Liability,evidenceOfInsuranceWorkersCompensationStatutoryLimits,Statutory Limits,,matchOnce,must be present,,Present,compliant,Block Requirements,,,false,1,,2026-08-16
"Block Real Estate Services, LLC",69fdf76e62446148bd8573c8,69fded1562446148bd848db4,First Watch,69fdf01f3b208288e0a7cdb6,"fwr117 - Galleria 115 Firstwatch {Galleria 115, LLC}",evidenceOfInsurance,Evidence of Insurance,workersCompensation,Workers' Compensation and Employer's Liability,evidenceOfInsuranceWorkersCompensationEmployersLiabilityEachAccident,Employer's Liability Each Accident,,matchOnce,must be greater or equal to,500000,1000000,compliant,Block Requirements,,,false,1,,2026-08-16
"Block Real Estate Services, LLC",69fdf76e62446148bd8573c8,69fded1562446148bd848db4,First Watch,69fdf01f3b208288e0a7cdb6,"fwr117 - Galleria 115 Firstwatch {Galleria 115, LLC}",evidenceOfInsurance,Evidence of Insurance,workersCompensation,Workers' Compensation and Employer's Liability,evidenceOfInsuranceWorkersCompensationEmployersLiabilityDiseaseEachEmployee,Employer's Liability Disease - each employee,,matchOnce,must be greater or equal to,500000,1000000,compliant,Block Requirements,,,false,1,,2026-08-16
"Block Real Estate Services, LLC",69fdf76e62446148bd8573c8,69fded1562446148bd848db4,First Watch,69fdf01f3b208288e0a7cdb6,"fwr117 - Galleria 115 Firstwatch {Galleria 115, LLC}",evidenceOfInsurance,Evidence of Insurance,workersCompensation,Workers' Compensation and Employer's Liability,evidenceOfInsuranceWorkersCompensationEmployersLiabilityDiseasePolicyLimit,Employer's Liability Disease - policy limit,,matchOnce,must be greater or equal to,500000,1000000,compliant,Block Requirements,,,false,1,,2026-08-16
"Block Real Estate Services, LLC",69fdf76e62446148bd8573c8,69fded1562446148bd848db4,First Watch,69fdf01f3b208288e0a7cdb6,"fwr117 - Galleria 115 Firstwatch {Galleria 115, LLC}",evidenceOfInsurance,Evidence of Insurance,workersCompensation,Workers' Compensation and Employer's Liability,evidenceOfInsuranceWorkersCompensationWaiverOfSubrogationEndorsement,Waiver of Subrogation,"---prompt---
Determine if the insurer has waived their right of subrogation in favor of the certificate holder under the Workers' Compensation policy. Evidence may include: a checked ""Waiver of Subrogation"" box on the certificate, mention in the Description of Operations section stating ""waiver of subrogation applies"", or reference to form WC 00 03 13. Look for language like ""subrogation is waived"" or ""per written contract"".",matchOnce,must be present,,Present,compliant,Block Requirements,,,false,1,,2026-08-16
"Block Real Estate Services, LLC",69fdf76e62446148bd8573c8,69fded1562446148bd848db4,First Watch,69fdf01f3b208288e0a7cdb6,"fwr117 - Galleria 115 Firstwatch {Galleria 115, LLC}",evidenceOfInsurance,Evidence of Insurance,6ac20aae-5728-5d57-b364-aeba38527dba,Additional Requirements,4da5b0f1-4c9d-5885-8cf8-5d3cccaed3e0,"Block Real Estate Services, LLC and all others required by contract are named as Additional Insureds","---prompt---
Determine if the Description of Operations or the Additional Remarks Schedule section states the ""Additional Insured as Construction Management, Inc. and all others required by contract"" or reference to blanket additional insured coverage. Look for language like ""certificate holder is additional insured"" or ""per written contract"".",matchOnce,must be present,,Present,compliant,Block Requirements,,,true,1,,2026-08-16
"Block Real Estate Services, LLC",69fdf76e62446148bd8573c8,69fded1562446148bd848db4,First Watch,69fdf01f3b208288e0a7cdb6,"fwr117 - Galleria 115 Firstwatch {Galleria 115, LLC}",evidenceOfInsurance,Evidence of Insurance,6ac20aae-5728-5d57-b364-aeba38527dba,Additional Requirements,e1017741-e47e-5f58-97b8-fbc3043e919f,Umbrella follows form over General Liability,"---prompt---
Determine if the Umbrella/Excess Liability policy follows form to the underlying policies. Evidence may include: language in the Description of Operations section stating the umbrella follows form to underlying coverages or an additional page endorsement stating that it follows form. Follow form means the umbrella policy adopts the same terms, conditions, and exclusions as the underlying policies.",matchOnce,must be present,,Present,compliant,Block Requirements,,,true,1,,2026-08-16
"Block Real Estate Services, LLC",69fdf76e62446148bd8573c8,69fded1562446148bd848db4,First Watch,69fdf01f3b208288e0a7cdb6,"fwr117 - Galleria 115 Firstwatch {Galleria 115, LLC}",evidenceOfInsurance,Evidence of Insurance,6ac20aae-5728-5d57-b364-aeba38527dba,Additional Requirements,2cdd866f-c9a4-576a-afd8-1d045762790c,"The location must be listed as: 11410 Nall Avenue, Overland Park, KS, 66211",,matchOnce,must be present,,Present,compliant,Block Requirements,,,true,1,,2026-08-16
"Block Real Estate Services, LLC",69fdf76e62446148bd8573c8,69fded1562446148bd848db4,First Watch,69fdf01f3b208288e0a7cdb6,"fwr117 - Galleria 115 Firstwatch {Galleria 115, LLC}",evidenceOfInsurance,Evidence of Insurance,6ac20aae-5728-5d57-b364-aeba38527dba,Additional Requirements,3649e9d1-4e09-59bf-8f30-cb33c40cf117,"Certificate Holder must read: c/o Block Real Estate Services, LLC, 4622 Pennsylvania St., Suite 700, Kansas City, MO, 64112",,matchOnce,must be present,,Present,compliant,Block Requirements,,,true,1,,2026-08-16
"Block Real Estate Services, LLC",69fdf76e62446148bd8573c9,69fded1d62446148bd84907b,Petfolk Real Estate Holdings LLC,69fdf01f3b208288e0a7cdb6,"fwr117 - Galleria 115 Firstwatch {Galleria 115, LLC}",evidenceOfInsurance,Evidence of Insurance,commercialGeneralLiability,Commercial General Liability,evidenceOfInsuranceCommercialGeneralLiabilityCoverageTriggerOccurrence,Coverage Trigger: Occurrence,,matchOnce,must be present,,,non_compliant,Block Requirements,,,false,0,,2026-08-16
"Block Real Estate Services, LLC",69fdf76e62446148bd8573c9,69fded1d62446148bd84907b,Petfolk Real Estate Holdings LLC,69fdf01f3b208288e0a7cdb6,"fwr117 - Galleria 115 Firstwatch {Galleria 115, LLC}",evidenceOfInsurance,Evidence of Insurance,commercialGeneralLiability,Commercial General Liability,evidenceOfInsuranceCommercialGeneralLiabilityGeneralAggregateLimitAppliesPerLocation,General Aggregate Limit Applies per: Location,,matchOnce,must be present,,,non_compliant,Block Requirements,,,false,0,,2026-08-16
"Block Real Estate Services, LLC",69fdf76e62446148bd8573c9,69fded1d62446148bd84907b,Petfolk Real Estate Holdings LLC,69fdf01f3b208288e0a7cdb6,"fwr117 - Galleria 115 Firstwatch {Galleria 115, LLC}",evidenceOfInsurance,Evidence of Insurance,commercialGeneralLiability,Commercial General Liability,evidenceOfInsuranceCommercialGeneralLiabilityEachOccurrence,Each Occurrence,,matchOnce,must be greater or equal to,1000000,,non_compliant,Block Requirements,,,false,0,,2026-08-16
"Block Real Estate Services, LLC",69fdf76e62446148bd8573c9,69fded1d62446148bd84907b,Petfolk Real Estate Holdings LLC,69fdf01f3b208288e0a7cdb6,"fwr117 - Galleria 115 Firstwatch {Galleria 115, LLC}",evidenceOfInsurance,Evidence of Insurance,commercialGeneralLiability,Commercial General Liability,evidenceOfInsuranceCommercialGeneralLiabilityGeneralAggregate,General Aggregate,,matchOnce,must be greater or equal to,2000000,,non_compliant,Block Requirements,,,false,0,,2026-08-16
"Block Real Estate Services, LLC",69fdf76e62446148bd8573c9,69fded1d62446148bd84907b,Petfolk Real Estate Holdings LLC,69fdf01f3b208288e0a7cdb6,"fwr117 - Galleria 115 Firstwatch {Galleria 115, LLC}",evidenceOfInsurance,Evidence of Insurance,commercialGeneralLiability,Commercial General Liability,evidenceOfInsuranceCommercialGeneralLiabilityWaiverOfSubrogationEndorsement,Waiver of Subrogation,"---prompt---
Determine if the insurer has waived their right of subrogation in favor of the certificate holder under the Commercial General Liability policy. Evidence may include: a checked ""Waiver of Subrogation"" box on the certificate, mention in the Description of Operations section stating ""waiver of subrogation applies"", or reference to form CG 24 04. Look for language like ""subrogation is waived"" or ""per written contract"".",matchOnce,must be present,,,non_compliant,Block Requirements,,,false,0,,2026-08-16
"Block Real Estate Services, LLC",69fdf76e62446148bd8573c9,69fded1d62446148bd84907b,Petfolk Real Estate Holdings LLC,69fdf01f3b208288e0a7cdb6,"fwr117 - Galleria 115 Firstwatch {Galleria 115, LLC}",evidenceOfInsurance,Evidence of Insurance,excessOrUmbrellaLiability,Umbrella/Excess Liability,evidenceOfInsuranceExcessOrUmbrellaLiabilityOccurence,Coverage Trigger: Occurrence,,matchOnce,must be present,,,non_compliant,Block Requirements,,,false,0,,2026-08-16
"Block Real Estate Services, LLC",69fdf76e62446148bd8573c9,69fded1d62446148bd84907b,Petfolk Real Estate Holdings LLC,69fdf01f3b208288e0a7cdb6,"fwr117 - Galleria 115 Firstwatch {Galleria 115, LLC}",evidenceOfInsurance,Evidence of Insurance,excessOrUmbrellaLiability,Umbrella/Excess Liability,evidenceOfInsuranceExcessOrUmbrellaLiabilityEachOccurrence,Each Occurrence,,matchOnce,must be greater or equal to,1000000,,non_compliant,Block Requirements,,,false,0,,2026-08-16
"Block Real Estate Services, LLC",69fdf76e62446148bd8573c9,69fded1d62446148bd84907b,Petfolk Real Estate Holdings LLC,69fdf01f3b208288e0a7cdb6,"fwr117 - Galleria 115 Firstwatch {Galleria 115, LLC}",evidenceOfInsurance,Evidence of Insurance,excessOrUmbrellaLiability,Umbrella/Excess Liability,evidenceOfInsuranceExcessOrUmbrellaLiabilityAggregate,Aggregate,,matchOnce,must be greater or equal to,1000000,,non_compliant,Block Requirements,,,false,0,,2026-08-16
"Block Real Estate Services, LLC",69fdf76e62446148bd8573c9,69fded1d62446148bd84907b,Petfolk Real Estate Holdings LLC,69fdf01f3b208288e0a7cdb6,"fwr117 - Galleria 115 Firstwatch {Galleria 115, LLC}",evidenceOfInsurance,Evidence of Insurance,workersCompensation,Workers' Compensation and Employer's Liability,evidenceOfInsuranceWorkersCompensationStatutoryLimits,Statutory Limits,,matchOnce,must be present,,,non_compliant,Block Requirements,,,false,0,,2026-08-16
"Block Real Estate Services, LLC",69fdf76e62446148bd8573c9,69fded1d62446148bd84907b,Petfolk Real Estate Holdings LLC,69fdf01f3b208288e0a7cdb6,"fwr117 - Galleria 115 Firstwatch {Galleria 115, LLC}",evidenceOfInsurance,Evidence of Insurance,workersCompensation,Workers' Compensation and Employer's Liability,evidenceOfInsuranceWorkersCompensationEmployersLiabilityEachAccident,Employer's Liability Each Accident,,matchOnce,must be greater or equal to,500000,,non_compliant,Block Requirements,,,false,0,,2026-08-16
"Block Real Estate Services, LLC",69fdf76e62446148bd8573c9,69fded1d62446148bd84907b,Petfolk Real Estate Holdings LLC,69fdf01f3b208288e0a7cdb6,"fwr117 - Galleria 115 Firstwatch {Galleria 115, LLC}",evidenceOfInsurance,Evidence of Insurance,workersCompensation,Workers' Compensation and Employer's Liability,evidenceOfInsuranceWorkersCompensationEmployersLiabilityDiseaseEachEmployee,Employer's Liability Disease - each employee,,matchOnce,must be greater or equal to,500000,,non_compliant,Block Requirements,,,false,0,,2026-08-16
"Block Real Estate Services, LLC",69fdf76e62446148bd8573c9,69fded1d62446148bd84907b,Petfolk Real Estate Holdings LLC,69fdf01f3b208288e0a7cdb6,"fwr117 - Galleria 115 Firstwatch {Galleria 115, LLC}",evidenceOfInsurance,Evidence of Insurance,workersCompensation,Workers' Compensation and Employer's Liability,evidenceOfInsuranceWorkersCompensationEmployersLiabilityDiseasePolicyLimit,Employer's Liability Disease - policy limit,,matchOnce,must be greater or equal to,500000,,non_compliant,Block Requirements,,,false,0,,2026-08-16
"Block Real Estate Services, LLC",69fdf76e62446148bd8573c9,69fded1d62446148bd84907b,Petfolk Real Estate Holdings LLC,69fdf01f3b208288e0a7cdb6,"fwr117 - Galleria 115 Firstwatch {Galleria 115, LLC}",evidenceOfInsurance,Evidence of Insurance,workersCompensation,Workers' Compensation and Employer's Liability,evidenceOfInsuranceWorkersCompensationWaiverOfSubrogationEndorsement,Waiver of Subrogation,"---prompt---
Determine if the insurer has waived their right of subrogation in favor of the certificate holder under the Workers' Compensation policy. Evidence may include: a checked ""Waiver of Subrogation"" box on the certificate, mention in the Description of Operations section stating ""waiver of subrogation applies"", or reference to form WC 00 03 13. Look for language like ""subrogation is waived"" or ""per written contract"".",matchOnce,must be present,,,non_compliant,Block Requirements,,,false,0,,2026-08-16
"Block Real Estate Services, LLC",69fdf76e62446148bd8573c9,69fded1d62446148bd84907b,Petfolk Real Estate Holdings LLC,69fdf01f3b208288e0a7cdb6,"fwr117 - Galleria 115 Firstwatch {Galleria 115, LLC}",evidenceOfInsurance,Evidence of Insurance,6ac20aae-5728-5d57-b364-aeba38527dba,Additional Requirements,4da5b0f1-4c9d-5885-8cf8-5d3cccaed3e0,"Block Real Estate Services, LLC and all others required by contract are named as Additional Insureds","---prompt---
Determine if the Description of Operations or the Additional Remarks Schedule section states the ""Additional Insured as Construction Management, Inc. and all others required by contract"" or reference to blanket additional insured coverage. Look for language like ""certificate holder is additional insured"" or ""per written contract"".",matchOnce,must be present,,,non_compliant,Block Requirements,,,true,0,,2026-08-16
"Block Real Estate Services, LLC",69fdf76e62446148bd8573c9,69fded1d62446148bd84907b,Petfolk Real Estate Holdings LLC,69fdf01f3b208288e0a7cdb6,"fwr117 - Galleria 115 Firstwatch {Galleria 115, LLC}",evidenceOfInsurance,Evidence of Insurance,6ac20aae-5728-5d57-b364-aeba38527dba,Additional Requirements,e1017741-e47e-5f58-97b8-fbc3043e919f,Umbrella follows form over General Liability,"---prompt---
Determine if the Umbrella/Excess Liability policy follows form to the underlying policies. Evidence may include: language in the Description of Operations section stating the umbrella follows form to underlying coverages or an additional page endorsement stating that it follows form. Follow form means the umbrella policy adopts the same terms, conditions, and exclusions as the underlying policies.",matchOnce,must be present,,,non_compliant,Block Requirements,,,true,0,,2026-08-16
"Block Real Estate Services, LLC",69fdf76e62446148bd8573c9,69fded1d62446148bd84907b,Petfolk Real Estate Holdings LLC,69fdf01f3b208288e0a7cdb6,"fwr117 - Galleria 115 Firstwatch {Galleria 115, LLC}",evidenceOfInsurance,Evidence of Insurance,6ac20aae-5728-5d57-b364-aeba38527dba,Additional Requirements,2cdd866f-c9a4-576a-afd8-1d045762790c,"The location must be listed as: 11400 Nall Avenue, Overland Park, KS, 66211",,matchOnce,must be present,,,non_compliant,Block Requirements,,,true,0,,2026-08-16
"Block Real Estate Services, LLC",69fdf76e62446148bd8573c9,69fded1d62446148bd84907b,Petfolk Real Estate Holdings LLC,69fdf01f3b208288e0a7cdb6,"fwr117 - Galleria 115 Firstwatch {Galleria 115, LLC}",evidenceOfInsurance,Evidence of Insurance,6ac20aae-5728-5d57-b364-aeba38527dba,Additional Requirements,3649e9d1-4e09-59bf-8f30-cb33c40cf117,"Certificate Holder must read: c/o Block Real Estate Services, LLC, 4622 Pennsylvania St., Suite 700, Kansas City, MO, 64112",,matchOnce,must be present,,,non_compliant,Block Requirements,,,true,0,,2026-08-16
"Block Real Estate Services, LLC",69fdf78062446148bd858809,69fded2462446148bd8492ca,"Galvin's Wholesale / WWMAJ Systems, LLC",69fdf0d2e45e7dcf5c438d24,"prg802 - Pine Ridge Building B {PERG BUILDINGS, LLC}",evidenceOfInsurance,Evidence of Insurance,commercialGeneralLiability,Commercial General Liability,evidenceOfInsuranceCommercialGeneralLiabilityCoverageTriggerOccurrence,Coverage Trigger: Occurrence,,matchOnce,must be present,,,non_compliant,Block Requirements,,,false,0,,2026-08-16
"Block Real Estate Services, LLC",69fdf78062446148bd858809,69fded2462446148bd8492ca,"Galvin's Wholesale / WWMAJ Systems, LLC",69fdf0d2e45e7dcf5c438d24,"prg802 - Pine Ridge Building B {PERG BUILDINGS, LLC}",evidenceOfInsurance,Evidence of Insurance,commercialGeneralLiability,Commercial General Liability,evidenceOfInsuranceCommercialGeneralLiabilityGeneralAggregateLimitAppliesPerLocation,General Aggregate Limit Applies per: Location,,matchOnce,must be present,,,non_compliant,Block Requirements,,,false,0,,2026-08-16
"Block Real Estate Services, LLC",69fdf78062446148bd858809,69fded2462446148bd8492ca,"Galvin's Wholesale / WWMAJ Systems, LLC",69fdf0d2e45e7dcf5c438d24,"prg802 - Pine Ridge Building B {PERG BUILDINGS, LLC}",evidenceOfInsurance,Evidence of Insurance,commercialGeneralLiability,Commercial General Liability,evidenceOfInsuranceCommercialGeneralLiabilityEachOccurrence,Each Occurrence,,matchOnce,must be greater or equal to,1000000,,non_compliant,Block Requirements,,,false,0,,2026-08-16
"Block Real Estate Services, LLC",69fdf78062446148bd858809,69fded2462446148bd8492ca,"Galvin's Wholesale / WWMAJ Systems, LLC",69fdf0d2e45e7dcf5c438d24,"prg802 - Pine Ridge Building B {PERG BUILDINGS, LLC}",evidenceOfInsurance,Evidence of Insurance,commercialGeneralLiability,Commercial General Liability,evidenceOfInsuranceCommercialGeneralLiabilityGeneralAggregate,General Aggregate,,matchOnce,must be greater or equal to,2000000,,non_compliant,Block Requirements,,,false,0,,2026-08-16
"Block Real Estate Services, LLC",69fdf78062446148bd858809,69fded2462446148bd8492ca,"Galvin's Wholesale / WWMAJ Systems, LLC",69fdf0d2e45e7dcf5c438d24,"prg802 - Pine Ridge Building B {PERG BUILDINGS, LLC}",evidenceOfInsurance,Evidence of Insurance,commercialGeneralLiability,Commercial General Liability,evidenceOfInsuranceCommercialGeneralLiabilityWaiverOfSubrogationEndorsement,Waiver of Subrogation,"---prompt---
Determine if the insurer has waived their right of subrogation in favor of the certificate holder under the Commercial General Liability policy. Evidence may include: a checked ""Waiver of Subrogation"" box on the certificate, mention in the Description of Operations section stating ""waiver of subrogation applies"", or reference to form CG 24 04. Look for language like ""subrogation is waived"" or ""per written contract"".",matchOnce,must be present,,,non_compliant,Block Requirements,,,false,0,,2026-08-16
"Block Real Estate Services, LLC",69fdf78062446148bd858809,69fded2462446148bd8492ca,"Galvin's Wholesale / WWMAJ Systems, LLC",69fdf0d2e45e7dcf5c438d24,"prg802 - Pine Ridge Building B {PERG BUILDINGS, LLC}",evidenceOfInsurance,Evidence of Insurance,excessOrUmbrellaLiability,Umbrella/Excess Liability,evidenceOfInsuranceExcessOrUmbrellaLiabilityOccurence,Coverage Trigger: Occurrence,,matchOnce,must be present,,,non_compliant,Block Requirements,,,false,0,,2026-08-16
"Block Real Estate Services, LLC",69fdf78062446148bd858809,69fded2462446148bd8492ca,"Galvin's Wholesale / WWMAJ Systems, LLC",69fdf0d2e45e7dcf5c438d24,"prg802 - Pine Ridge Building B {PERG BUILDINGS, LLC}",evidenceOfInsurance,Evidence of Insurance,excessOrUmbrellaLiability,Umbrella/Excess Liability,evidenceOfInsuranceExcessOrUmbrellaLiabilityEachOccurrence,Each Occurrence,,matchOnce,must be greater or equal to,1000000,,non_compliant,Block Requirements,,,false,0,,2026-08-16
"Block Real Estate Services, LLC",69fdf78062446148bd858809,69fded2462446148bd8492ca,"Galvin's Wholesale / WWMAJ Systems, LLC",69fdf0d2e45e7dcf5c438d24,"prg802 - Pine Ridge Building B {PERG BUILDINGS, LLC}",evidenceOfInsurance,Evidence of Insurance,excessOrUmbrellaLiability,Umbrella/Excess Liability,evidenceOfInsuranceExcessOrUmbrellaLiabilityAggregate,Aggregate,,matchOnce,must be greater or equal to,1000000,,non_compliant,Block Requirements,,,false,0,,2026-08-16
"Block Real Estate Services, LLC",69fdf78062446148bd858809,69fded2462446148bd8492ca,"Galvin's Wholesale / WWMAJ Systems, LLC",69fdf0d2e45e7dcf5c438d24,"prg802 - Pine Ridge Building B {PERG BUILDINGS, LLC}",evidenceOfInsurance,Evidence of Insurance,workersCompensation,Workers' Compensation and Employer's Liability,evidenceOfInsuranceWorkersCompensationStatutoryLimits,Statutory Limits,,matchOnce,must be present,,,non_compliant,Block Requirements,,,false,0,,2026-08-16
"Block Real Estate Services, LLC",69fdf78062446148bd858809,69fded2462446148bd8492ca,"Galvin's Wholesale / WWMAJ Systems, LLC",69fdf0d2e45e7dcf5c438d24,"prg802 - Pine Ridge Building B {PERG BUILDINGS, LLC}",evidenceOfInsurance,Evidence of Insurance,workersCompensation,Workers' Compensation and Employer's Liability,evidenceOfInsuranceWorkersCompensationEmployersLiabilityEachAccident,Employer's Liability Each Accident,,matchOnce,must be greater or equal to,500000,,non_compliant,Block Requirements,,,false,0,,2026-08-16
"Block Real Estate Services, LLC",69fdf78062446148bd858809,69fded2462446148bd8492ca,"Galvin's Wholesale / WWMAJ Systems, LLC",69fdf0d2e45e7dcf5c438d24,"prg802 - Pine Ridge Building B {PERG BUILDINGS, LLC}",evidenceOfInsurance,Evidence of Insurance,workersCompensation,Workers' Compensation and Employer's Liability,evidenceOfInsuranceWorkersCompensationEmployersLiabilityDiseaseEachEmployee,Employer's Liability Disease - each employee,,matchOnce,must be greater or equal to,500000,,non_compliant,Block Requirements,,,false,0,,2026-08-16
"Block Real Estate Services, LLC",69fdf78062446148bd858809,69fded2462446148bd8492ca,"Galvin's Wholesale / WWMAJ Systems, LLC",69fdf0d2e45e7dcf5c438d24,"prg802 - Pine Ridge Building B {PERG BUILDINGS, LLC}",evidenceOfInsurance,Evidence of Insurance,workersCompensation,Workers' Compensation and Employer's Liability,evidenceOfInsuranceWorkersCompensationEmployersLiabilityDiseasePolicyLimit,Employer's Liability Disease - policy limit,,matchOnce,must be greater or equal to,500000,,non_compliant,Block Requirements,,,false,0,,2026-08-16
"Block Real Estate Services, LLC",69fdf78062446148bd858809,69fded2462446148bd8492ca,"Galvin's Wholesale / WWMAJ Systems, LLC",69fdf0d2e45e7dcf5c438d24,"prg802 - Pine Ridge Building B {PERG BUILDINGS, LLC}",evidenceOfInsurance,Evidence of Insurance,workersCompensation,Workers' Compensation and Employer's Liability,evidenceOfInsuranceWorkersCompensationWaiverOfSubrogationEndorsement,Waiver of Subrogation,"---prompt---
Determine if the insurer has waived their right of subrogation in favor of the certificate holder under the Workers' Compensation policy. Evidence may include: a checked ""Waiver of Subrogation"" box on the certificate, mention in the Description of Operations section stating ""waiver of subrogation applies"", or reference to form WC 00 03 13. Look for language like ""subrogation is waived"" or ""per written contract"".",matchOnce,must be present,,,non_compliant,Block Requirements,,,false,0,,2026-08-16
"Block Real Estate Services, LLC",69fdf78062446148bd858809,69fded2462446148bd8492ca,"Galvin's Wholesale / WWMAJ Systems, LLC",69fdf0d2e45e7dcf5c438d24,"prg802 - Pine Ridge Building B {PERG BUILDINGS, LLC}",evidenceOfInsurance,Evidence of Insurance,6ac20aae-5728-5d57-b364-aeba38527dba,Additional Requirements,4da5b0f1-4c9d-5885-8cf8-5d3cccaed3e0,"Block Real Estate Services, LLC and all others required by contract are named as Additional Insureds","---prompt---
Determine if the Description of Operations or the Additional Remarks Schedule section states the ""Additional Insured as Construction Management, Inc. and all others required by contract"" or reference to blanket additional insured coverage. Look for language like ""certificate holder is additional insured"" or ""per written contract"".",matchOnce,must be present,,,non_compliant,Block Requirements,,,true,0,,2026-08-16
"Block Real Estate Services, LLC",69fdf78062446148bd858809,69fded2462446148bd8492ca,"Galvin's Wholesale / WWMAJ Systems, LLC",69fdf0d2e45e7dcf5c438d24,"prg802 - Pine Ridge Building B {PERG BUILDINGS, LLC}",evidenceOfInsurance,Evidence of Insurance,6ac20aae-5728-5d57-b364-aeba38527dba,Additional Requirements,e1017741-e47e-5f58-97b8-fbc3043e919f,Umbrella follows form over General Liability,"---prompt---
Determine if the Umbrella/Excess Liability policy follows form to the underlying policies. Evidence may include: language in the Description of Operations section stating the umbrella follows form to underlying coverages or an additional page endorsement stating that it follows form. Follow form means the umbrella policy adopts the same terms, conditions, and exclusions as the underlying policies.",matchOnce,must be present,,,non_compliant,Block Requirements,,,true,0,,2026-08-16
"Block Real Estate Services, LLC",69fdf78062446148bd858809,69fded2462446148bd8492ca,"Galvin's Wholesale / WWMAJ Systems, LLC",69fdf0d2e45e7dcf5c438d24,"prg802 - Pine Ridge Building B {PERG BUILDINGS, LLC}",evidenceOfInsurance,Evidence of Insurance,6ac20aae-5728-5d57-b364-aeba38527dba,Additional Requirements,2cdd866f-c9a4-576a-afd8-1d045762790c,The location must be listed as: 8253 Melrose Drive Lenexa KS 66214,,matchOnce,must be present,,,non_compliant,Block Requirements,,,true,0,,2026-08-16
"Block Real Estate Services, LLC",69fdf78062446148bd858809,69fded2462446148bd8492ca,"Galvin's Wholesale / WWMAJ Systems, LLC",69fdf0d2e45e7dcf5c438d24,"prg802 - Pine Ridge Building B {PERG BUILDINGS, LLC}",evidenceOfInsurance,Evidence of Insurance,6ac20aae-5728-5d57-b364-aeba38527dba,Additional Requirements,3649e9d1-4e09-59bf-8f30-cb33c40cf117,"Certificate Holder must read: c/o Block Real Estate Services, LLC, 4622 Pennsylvania St., Suite 700, Kansas City, MO, 64112",,matchOnce,must be present,,,non_compliant,Block Requirements,,,true,0,,2026-08-16
"Block Real Estate Services, LLC",69fdf78062446148bd858808,69fded2462446148bd84927f,Var City Maintenance LLC,69fdf0d2e45e7dcf5c438d24,"prg802 - Pine Ridge Building B {PERG BUILDINGS, LLC}",evidenceOfInsurance,Evidence of Insurance,commercialGeneralLiability,Commercial General Liability,evidenceOfInsuranceCommercialGeneralLiabilityCoverageTriggerOccurrence,Coverage Trigger: Occurrence,,matchOnce,must be present,,Present,compliant,Block Requirements,,,false,1,,2026-08-16
"Block Real Estate Services, LLC",69fdf78062446148bd858808,69fded2462446148bd84927f,Var City Maintenance LLC,69fdf0d2e45e7dcf5c438d24,"prg802 - Pine Ridge Building B {PERG BUILDINGS, LLC}",evidenceOfInsurance,Evidence of Insurance,commercialGeneralLiability,Commercial General Liability,evidenceOfInsuranceCommercialGeneralLiabilityGeneralAggregateLimitAppliesPerLocation,General Aggregate Limit Applies per: Location,,matchOnce,must be present,,,non_compliant,Block Requirements,,,false,0,,2026-08-16
"Block Real Estate Services, LLC",69fdf78062446148bd858808,69fded2462446148bd84927f,Var City Maintenance LLC,69fdf0d2e45e7dcf5c438d24,"prg802 - Pine Ridge Building B {PERG BUILDINGS, LLC}",evidenceOfInsurance,Evidence of Insurance,commercialGeneralLiability,Commercial General Liability,evidenceOfInsuranceCommercialGeneralLiabilityEachOccurrence,Each Occurrence,,matchOnce,must be greater or equal to,1000000,1000000,compliant,Block Requirements,,,false,1,,2026-08-16
"Block Real Estate Services, LLC",69fdf78062446148bd858808,69fded2462446148bd84927f,Var City Maintenance LLC,69fdf0d2e45e7dcf5c438d24,"prg802 - Pine Ridge Building B {PERG BUILDINGS, LLC}",evidenceOfInsurance,Evidence of Insurance,commercialGeneralLiability,Commercial General Liability,evidenceOfInsuranceCommercialGeneralLiabilityGeneralAggregate,General Aggregate,,matchOnce,must be greater or equal to,2000000,2000000,compliant,Block Requirements,,,false,1,,2026-08-16
"Block Real Estate Services, LLC",69fdf78062446148bd858808,69fded2462446148bd84927f,Var City Maintenance LLC,69fdf0d2e45e7dcf5c438d24,"prg802 - Pine Ridge Building B {PERG BUILDINGS, LLC}",evidenceOfInsurance,Evidence of Insurance,commercialGeneralLiability,Commercial General Liability,evidenceOfInsuranceCommercialGeneralLiabilityWaiverOfSubrogationEndorsement,Waiver of Subrogation,"---prompt---
Determine if the insurer has waived their right of subrogation in favor of the certificate holder under the Commercial General Liability policy. Evidence may include: a checked ""Waiver of Subrogation"" box on the certificate, mention in the Description of Operations section stating ""waiver of subrogation applies"", or reference to form CG 24 04. Look for language like ""subrogation is waived"" or ""per written contract"".",matchOnce,must be present,,Present,compliant,Block Requirements,,,false,1,,2026-08-16
"Block Real Estate Services, LLC",69fdf78062446148bd858808,69fded2462446148bd84927f,Var City Maintenance LLC,69fdf0d2e45e7dcf5c438d24,"prg802 - Pine Ridge Building B {PERG BUILDINGS, LLC}",evidenceOfInsurance,Evidence of Insurance,excessOrUmbrellaLiability,Umbrella/Excess Liability,evidenceOfInsuranceExcessOrUmbrellaLiabilityOccurence,Coverage Trigger: Occurrence,,matchOnce,must be present,,Present,compliant,Block Requirements,,,false,1,,2026-08-16
"Block Real Estate Services, LLC",69fdf78062446148bd858808,69fded2462446148bd84927f,Var City Maintenance LLC,69fdf0d2e45e7dcf5c438d24,"prg802 - Pine Ridge Building B {PERG BUILDINGS, LLC}",evidenceOfInsurance,Evidence of Insurance,excessOrUmbrellaLiability,Umbrella/Excess Liability,evidenceOfInsuranceExcessOrUmbrellaLiabilityEachOccurrence,Each Occurrence,,matchOnce,must be greater or equal to,1000000,2000000,compliant,Block Requirements,,,false,1,,2026-08-16
"Block Real Estate Services, LLC",69fdf78062446148bd858808,69fded2462446148bd84927f,Var City Maintenance LLC,69fdf0d2e45e7dcf5c438d24,"prg802 - Pine Ridge Building B {PERG BUILDINGS, LLC}",evidenceOfInsurance,Evidence of Insurance,excessOrUmbrellaLiability,Umbrella/Excess Liability,evidenceOfInsuranceExcessOrUmbrellaLiabilityAggregate,Aggregate,,matchOnce,must be greater or equal to,1000000,2000000,compliant,Block Requirements,,,false,1,,2026-08-16
"Block Real Estate Services, LLC",69fdf78062446148bd858808,69fded2462446148bd84927f,Var City Maintenance LLC,69fdf0d2e45e7dcf5c438d24,"prg802 - Pine Ridge Building B {PERG BUILDINGS, LLC}",evidenceOfInsurance,Evidence of Insurance,workersCompensation,Workers' Compensation and Employer's Liability,evidenceOfInsuranceWorkersCompensationStatutoryLimits,Statutory Limits,,matchOnce,must be present,,Present,compliant,Block Requirements,,,false,1,,2026-08-16
"Block Real Estate Services, LLC",69fdf78062446148bd858808,69fded2462446148bd84927f,Var City Maintenance LLC,69fdf0d2e45e7dcf5c438d24,"prg802 - Pine Ridge Building B {PERG BUILDINGS, LLC}",evidenceOfInsurance,Evidence of Insurance,workersCompensation,Workers' Compensation and Employer's Liability,evidenceOfInsuranceWorkersCompensationEmployersLiabilityEachAccident,Employer's Liability Each Accident,,matchOnce,must be greater or equal to,500000,1000000,compliant,Block Requirements,,,false,1,,2026-08-16
"Block Real Estate Services, LLC",69fdf78062446148bd858808,69fded2462446148bd84927f,Var City Maintenance LLC,69fdf0d2e45e7dcf5c438d24,"prg802 - Pine Ridge Building B {PERG BUILDINGS, LLC}",evidenceOfInsurance,Evidence of Insurance,workersCompensation,Workers' Compensation and Employer's Liability,evidenceOfInsuranceWorkersCompensationEmployersLiabilityDiseaseEachEmployee,Employer's Liability Disease - each employee,,matchOnce,must be greater or equal to,500000,1000000,compliant,Block Requirements,,,false,1,,2026-08-16
"Block Real Estate Services, LLC",69fdf78062446148bd858808,69fded2462446148bd84927f,Var City Maintenance LLC,69fdf0d2e45e7dcf5c438d24,"prg802 - Pine Ridge Building B {PERG BUILDINGS, LLC}",evidenceOfInsurance,Evidence of Insurance,workersCompensation,Workers' Compensation and Employer's Liability,evidenceOfInsuranceWorkersCompensationEmployersLiabilityDiseasePolicyLimit,Employer's Liability Disease - policy limit,,matchOnce,must be greater or equal to,500000,1000000,compliant,Block Requirements,,,false,1,,2026-08-16
"Block Real Estate Services, LLC",69fdf78062446148bd858808,69fded2462446148bd84927f,Var City Maintenance LLC,69fdf0d2e45e7dcf5c438d24,"prg802 - Pine Ridge Building B {PERG BUILDINGS, LLC}",evidenceOfInsurance,Evidence of Insurance,workersCompensation,Workers' Compensation and Employer's Liability,evidenceOfInsuranceWorkersCompensationWaiverOfSubrogationEndorsement,Waiver of Subrogation,"---prompt---
Determine if the insurer has waived their right of subrogation in favor of the certificate holder under the Workers' Compensation policy. Evidence may include: a checked ""Waiver of Subrogation"" box on the certificate, mention in the Description of Operations section stating ""waiver of subrogation applies"", or reference to form WC 00 03 13. Look for language like ""subrogation is waived"" or ""per written contract"".",matchOnce,must be present,,Present,compliant,Block Requirements,,,false,1,,2026-08-16
"Block Real Estate Services, LLC",69fdf78062446148bd858808,69fded2462446148bd84927f,Var City Maintenance LLC,69fdf0d2e45e7dcf5c438d24,"prg802 - Pine Ridge Building B {PERG BUILDINGS, LLC}",evidenceOfInsurance,Evidence of Insurance,6ac20aae-5728-5d57-b364-aeba38527dba,Additional Requirements,4da5b0f1-4c9d-5885-8cf8-5d3cccaed3e0,"Block Real Estate Services, LLC and all others required by contract are named as Additional Insureds","---prompt---
Determine if the Description of Operations or the Additional Remarks Schedule section states the ""Additional Insured as Construction Management, Inc. and all others required by contract"" or reference to blanket additional insured coverage. Look for language like ""certificate holder is additional insured"" or ""per written contract"".",matchOnce,must be present,,Present,compliant,Block Requirements,,,true,1,,2026-08-16
"Block Real Estate Services, LLC",69fdf78062446148bd858808,69fded2462446148bd84927f,Var City Maintenance LLC,69fdf0d2e45e7dcf5c438d24,"prg802 - Pine Ridge Building B {PERG BUILDINGS, LLC}",evidenceOfInsurance,Evidence of Insurance,6ac20aae-5728-5d57-b364-aeba38527dba,Additional Requirements,e1017741-e47e-5f58-97b8-fbc3043e919f,Umbrella follows form over General Liability,"---prompt---
Determine if the Umbrella/Excess Liability policy follows form to the underlying policies. Evidence may include: language in the Description of Operations section stating the umbrella follows form to underlying coverages or an additional page endorsement stating that it follows form. Follow form means the umbrella policy adopts the same terms, conditions, and exclusions as the underlying policies.",matchOnce,must be present,,Present,compliant,Block Requirements,,,true,1,,2026-08-16
"Block Real Estate Services, LLC",69fdf78062446148bd858808,69fded2462446148bd84927f,Var City Maintenance LLC,69fdf0d2e45e7dcf5c438d24,"prg802 - Pine Ridge Building B {PERG BUILDINGS, LLC}",evidenceOfInsurance,Evidence of Insurance,6ac20aae-5728-5d57-b364-aeba38527dba,Additional Requirements,2cdd866f-c9a4-576a-afd8-1d045762790c,The location must be listed as: 8255 Melrose Drive Lenexa KS 66214,,matchOnce,must be present,,Present,compliant,Block Requirements,,,true,1,,2026-08-16
"Block Real Estate Services, LLC",69fdf78062446148bd858808,69fded2462446148bd84927f,Var City Maintenance LLC,69fdf0d2e45e7dcf5c438d24,"prg802 - Pine Ridge Building B {PERG BUILDINGS, LLC}",evidenceOfInsurance,Evidence of Insurance,6ac20aae-5728-5d57-b364-aeba38527dba,Additional Requirements,3649e9d1-4e09-59bf-8f30-cb33c40cf117,"Certificate Holder must read: c/o Block Real Estate Services, LLC, 4622 Pennsylvania St., Suite 700, Kansas City, MO, 64112",,matchOnce,must be present,,Present,compliant,Block Requirements,,,true,1,,2026-08-16
"Block Real Estate Services, LLC",69fdf78062446148bd858805,69fded1562446148bd848dba,"Helen Jon / Five Clothes, LLC",69fdf0d2e45e7dcf5c438d24,"prg802 - Pine Ridge Building B {PERG BUILDINGS, LLC}",evidenceOfInsurance,Evidence of Insurance,commercialGeneralLiability,Commercial General Liability,evidenceOfInsuranceCommercialGeneralLiabilityCoverageTriggerOccurrence,Coverage Trigger: Occurrence,,matchOnce,must be present,,Present,compliant,Block Requirements,,,false,3,,2026-08-16
"Block Real Estate Services, LLC",69fdf78062446148bd858805,69fded1562446148bd848dba,"Helen Jon / Five Clothes, LLC",69fdf0d2e45e7dcf5c438d24,"prg802 - Pine Ridge Building B {PERG BUILDINGS, LLC}",evidenceOfInsurance,Evidence of Insurance,commercialGeneralLiability,Commercial General Liability,evidenceOfInsuranceCommercialGeneralLiabilityGeneralAggregateLimitAppliesPerLocation,General Aggregate Limit Applies per: Location,,matchOnce,must be present,,Present,compliant,Block Requirements,,,false,3,,2026-08-16
"Block Real Estate Services, LLC",69fdf78062446148bd858805,69fded1562446148bd848dba,"Helen Jon / Five Clothes, LLC",69fdf0d2e45e7dcf5c438d24,"prg802 - Pine Ridge Building B {PERG BUILDINGS, LLC}",evidenceOfInsurance,Evidence of Insurance,commercialGeneralLiability,Commercial General Liability,evidenceOfInsuranceCommercialGeneralLiabilityEachOccurrence,Each Occurrence,,matchOnce,must be greater or equal to,1000000,2000000,compliant,Block Requirements,,,false,3,,2026-08-16
"Block Real Estate Services, LLC",69fdf78062446148bd858805,69fded1562446148bd848dba,"Helen Jon / Five Clothes, LLC",69fdf0d2e45e7dcf5c438d24,"prg802 - Pine Ridge Building B {PERG BUILDINGS, LLC}",evidenceOfInsurance,Evidence of Insurance,commercialGeneralLiability,Commercial General Liability,evidenceOfInsuranceCommercialGeneralLiabilityGeneralAggregate,General Aggregate,,matchOnce,must be greater or equal to,2000000,4000000,compliant,Block Requirements,,,false,3,,2026-08-16
"Block Real Estate Services, LLC",69fdf78062446148bd858805,69fded1562446148bd848dba,"Helen Jon / Five Clothes, LLC",69fdf0d2e45e7dcf5c438d24,"prg802 - Pine Ridge Building B {PERG BUILDINGS, LLC}",evidenceOfInsurance,Evidence of Insurance,commercialGeneralLiability,Commercial General Liability,evidenceOfInsuranceCommercialGeneralLiabilityWaiverOfSubrogationEndorsement,Waiver of Subrogation,"---prompt---
Determine if the insurer has waived their right of subrogation in favor of the certificate holder under the Commercial General Liability policy. Evidence may include: a checked ""Waiver of Subrogation"" box on the certificate, mention in the Description of Operations section stating ""waiver of subrogation applies"", or reference to form CG 24 04. Look for language like ""subrogation is waived"" or ""per written contract"".",matchOnce,must be present,,Present,compliant,Block Requirements,,,false,2,,2026-08-16
"Block Real Estate Services, LLC",69fdf78062446148bd858805,69fded1562446148bd848dba,"Helen Jon / Five Clothes, LLC",69fdf0d2e45e7dcf5c438d24,"prg802 - Pine Ridge Building B {PERG BUILDINGS, LLC}",evidenceOfInsurance,Evidence of Insurance,excessOrUmbrellaLiability,Umbrella/Excess Liability,evidenceOfInsuranceExcessOrUmbrellaLiabilityOccurence,Coverage Trigger: Occurrence,,matchOnce,must be present,,Present,compliant,Block Requirements,,,false,3,,2026-08-16
"Block Real Estate Services, LLC",69fdf78062446148bd858805,69fded1562446148bd848dba,"Helen Jon / Five Clothes, LLC",69fdf0d2e45e7dcf5c438d24,"prg802 - Pine Ridge Building B {PERG BUILDINGS, LLC}",evidenceOfInsurance,Evidence of Insurance,excessOrUmbrellaLiability,Umbrella/Excess Liability,evidenceOfInsuranceExcessOrUmbrellaLiabilityEachOccurrence,Each Occurrence,,matchOnce,must be greater or equal to,1000000,1000000,compliant,Block Requirements,,,false,3,,2026-08-16
"Block Real Estate Services, LLC",69fdf78062446148bd858805,69fded1562446148bd848dba,"Helen Jon / Five Clothes, LLC",69fdf0d2e45e7dcf5c438d24,"prg802 - Pine Ridge Building B {PERG BUILDINGS, LLC}",evidenceOfInsurance,Evidence of Insurance,excessOrUmbrellaLiability,Umbrella/Excess Liability,evidenceOfInsuranceExcessOrUmbrellaLiabilityAggregate,Aggregate,,matchOnce,must be greater or equal to,1000000,1000000,compliant,Block Requirements,,,false,3,,2026-08-16
"Block Real Estate Services, LLC",69fdf78062446148bd858805,69fded1562446148bd848dba,"Helen Jon / Five Clothes, LLC",69fdf0d2e45e7dcf5c438d24,"prg802 - Pine Ridge Building B {PERG BUILDINGS, LLC}",evidenceOfInsurance,Evidence of Insurance,workersCompensation,Workers' Compensation and Employer's Liability,evidenceOfInsuranceWorkersCompensationStatutoryLimits,Statutory Limits,,matchOnce,must be present,,Present,compliant,Block Requirements,,,false,3,,2026-08-16
"Block Real Estate Services, LLC",69fdf78062446148bd858805,69fded1562446148bd848dba,"Helen Jon / Five Clothes, LLC",69fdf0d2e45e7dcf5c438d24,"prg802 - Pine Ridge Building B {PERG BUILDINGS, LLC}",evidenceOfInsurance,Evidence of Insurance,workersCompensation,Workers' Compensation and Employer's Liability,evidenceOfInsuranceWorkersCompensationEmployersLiabilityEachAccident,Employer's Liability Each Accident,,matchOnce,must be greater or equal to,500000,1000000,compliant,Block Requirements,,,false,3,,2026-08-16
"Block Real Estate Services, LLC",69fdf78062446148bd858805,69fded1562446148bd848dba,"Helen Jon / Five Clothes, LLC",69fdf0d2e45e7dcf5c438d24,"prg802 - Pine Ridge Building B {PERG BUILDINGS, LLC}",evidenceOfInsurance,Evidence of Insurance,workersCompensation,Workers' Compensation and Employer's Liability,evidenceOfInsuranceWorkersCompensationEmployersLiabilityDiseaseEachEmployee,Employer's Liability Disease - each employee,,matchOnce,must be greater or equal to,500000,1000000,compliant,Block Requirements,,,false,3,,2026-08-16
"Block Real Estate Services, LLC",69fdf78062446148bd858805,69fded1562446148bd848dba,"Helen Jon / Five Clothes, LLC",69fdf0d2e45e7dcf5c438d24,"prg802 - Pine Ridge Building B {PERG BUILDINGS, LLC}",evidenceOfInsurance,Evidence of Insurance,workersCompensation,Workers' Compensation and Employer's Liability,evidenceOfInsuranceWorkersCompensationEmployersLiabilityDiseasePolicyLimit,Employer's Liability Disease - policy limit,,matchOnce,must be greater or equal to,500000,1000000,compliant,Block Requirements,,,false,3,,2026-08-16
"Block Real Estate Services, LLC",69fdf78062446148bd858805,69fded1562446148bd848dba,"Helen Jon / Five Clothes, LLC",69fdf0d2e45e7dcf5c438d24,"prg802 - Pine Ridge Building B {PERG BUILDINGS, LLC}",evidenceOfInsurance,Evidence of Insurance,workersCompensation,Workers' Compensation and Employer's Liability,evidenceOfInsuranceWorkersCompensationWaiverOfSubrogationEndorsement,Waiver of Subrogation,"---prompt---
Determine if the insurer has waived their right of subrogation in favor of the certificate holder under the Workers' Compensation policy. Evidence may include: a checked ""Waiver of Subrogation"" box on the certificate, mention in the Description of Operations section stating ""waiver of subrogation applies"", or reference to form WC 00 03 13. Look for language like ""subrogation is waived"" or ""per written contract"".",matchOnce,must be present,,Present,compliant,Block Requirements,,,false,2,,2026-08-16
"Block Real Estate Services, LLC",69fdf78062446148bd858805,69fded1562446148bd848dba,"Helen Jon / Five Clothes, LLC",69fdf0d2e45e7dcf5c438d24,"prg802 - Pine Ridge Building B {PERG BUILDINGS, LLC}",evidenceOfInsurance,Evidence of Insurance,6ac20aae-5728-5d57-b364-aeba38527dba,Additional Requirements,4da5b0f1-4c9d-5885-8cf8-5d3cccaed3e0,"Block Real Estate Services, LLC and all others required by contract are named as Additional Insureds","---prompt---
Determine if the Description of Operations or the Additional Remarks Schedule section states the ""Additional Insured as Construction Management, Inc. and all others required by contract"" or reference to blanket additional insured coverage. Look for language like ""certificate holder is additional insured"" or ""per written contract"".",matchOnce,must be present,,Present,compliant,Block Requirements,,,true,1,,2026-08-16
"Block Real Estate Services, LLC",69fdf78062446148bd858805,69fded1562446148bd848dba,"Helen Jon / Five Clothes, LLC",69fdf0d2e45e7dcf5c438d24,"prg802 - Pine Ridge Building B {PERG BUILDINGS, LLC}",evidenceOfInsurance,Evidence of Insurance,6ac20aae-5728-5d57-b364-aeba38527dba,Additional Requirements,e1017741-e47e-5f58-97b8-fbc3043e919f,Umbrella follows form over General Liability,"---prompt---
Determine if the Umbrella/Excess Liability policy follows form to the underlying policies. Evidence may include: language in the Description of Operations section stating the umbrella follows form to underlying coverages or an additional page endorsement stating that it follows form. Follow form means the umbrella policy adopts the same terms, conditions, and exclusions as the underlying policies.",matchOnce,must be present,,Present,compliant,Block Requirements,,,true,1,,2026-08-16
"Block Real Estate Services, LLC",69fdf78062446148bd858805,69fded1562446148bd848dba,"Helen Jon / Five Clothes, LLC",69fdf0d2e45e7dcf5c438d24,"prg802 - Pine Ridge Building B {PERG BUILDINGS, LLC}",evidenceOfInsurance,Evidence of Insurance,6ac20aae-5728-5d57-b364-aeba38527dba,Additional Requirements,2cdd866f-c9a4-576a-afd8-1d045762790c,The location must be listed as: 8251 Melrose Drive Lenexa KS 66214,,matchOnce,must be present,,Present,compliant,Block Requirements,,,true,1,,2026-08-16
"Block Real Estate Services, LLC",69fdf78062446148bd858805,69fded1562446148bd848dba,"Helen Jon / Five Clothes, LLC",69fdf0d2e45e7dcf5c438d24,"prg802 - Pine Ridge Building B {PERG BUILDINGS, LLC}",evidenceOfInsurance,Evidence of Insurance,6ac20aae-5728-5d57-b364-aeba38527dba,Additional Requirements,3649e9d1-4e09-59bf-8f30-cb33c40cf117,"Certificate Holder must read: c/o Block Real Estate Services, LLC, 4622 Pennsylvania St., Suite 700, Kansas City, MO, 64112",,matchOnce,must be present,,,non_compliant,Block Requirements,,,true,0,,2026-08-16
"Block Real Estate Services, LLC",69fdf78062446148bd858806,69fded1962446148bd848f07,LabCorp / Laboratory Corporation of America Holdings,69fdf0d2e45e7dcf5c438d24,"prg802 - Pine Ridge Building B {PERG BUILDINGS, LLC}",evidenceOfInsurance,Evidence of Insurance,commercialGeneralLiability,Commercial General Liability,evidenceOfInsuranceCommercialGeneralLiabilityCoverageTriggerOccurrence,Coverage Trigger: Occurrence,,matchOnce,must be present,,Present,compliant,Block Requirements,,,false,1,,2026-08-16
"Block Real Estate Services, LLC",69fdf78062446148bd858806,69fded1962446148bd848f07,LabCorp / Laboratory Corporation of America Holdings,69fdf0d2e45e7dcf5c438d24,"prg802 - Pine Ridge Building B {PERG BUILDINGS, LLC}",evidenceOfInsurance,Evidence of Insurance,commercialGeneralLiability,Commercial General Liability,evidenceOfInsuranceCommercialGeneralLiabilityGeneralAggregateLimitAppliesPerLocation,General Aggregate Limit Applies per: Location,,matchOnce,must be present,,,waived,Block Requirements,"GL ""per location"" not a requirement in the lease",,false,0,,2026-08-16
"Block Real Estate Services, LLC",69fdf78062446148bd858806,69fded1962446148bd848f07,LabCorp / Laboratory Corporation of America Holdings,69fdf0d2e45e7dcf5c438d24,"prg802 - Pine Ridge Building B {PERG BUILDINGS, LLC}",evidenceOfInsurance,Evidence of Insurance,commercialGeneralLiability,Commercial General Liability,evidenceOfInsuranceCommercialGeneralLiabilityEachOccurrence,Each Occurrence,,matchOnce,must be greater or equal to,1000000,1000000,compliant,Block Requirements,,,false,1,,2026-08-16
"Block Real Estate Services, LLC",69fdf78062446148bd858806,69fded1962446148bd848f07,LabCorp / Laboratory Corporation of America Holdings,69fdf0d2e45e7dcf5c438d24,"prg802 - Pine Ridge Building B {PERG BUILDINGS, LLC}",evidenceOfInsurance,Evidence of Insurance,commercialGeneralLiability,Commercial General Liability,evidenceOfInsuranceCommercialGeneralLiabilityGeneralAggregate,General Aggregate,,matchOnce,must be greater or equal to,2000000,2000000,compliant,Block Requirements,,,false,1,,2026-08-16
"Block Real Estate Services, LLC",69fdf78062446148bd858806,69fded1962446148bd848f07,LabCorp / Laboratory Corporation of America Holdings,69fdf0d2e45e7dcf5c438d24,"prg802 - Pine Ridge Building B {PERG BUILDINGS, LLC}",evidenceOfInsurance,Evidence of Insurance,commercialGeneralLiability,Commercial General Liability,evidenceOfInsuranceCommercialGeneralLiabilityWaiverOfSubrogationEndorsement,Waiver of Subrogation,"---prompt---
Determine if the insurer has waived their right of subrogation in favor of the certificate holder under the Commercial General Liability policy. Evidence may include: a checked ""Waiver of Subrogation"" box on the certificate, mention in the Description of Operations section stating ""waiver of subrogation applies"", or reference to form CG 24 04. Look for language like ""subrogation is waived"" or ""per written contract"".",matchOnce,must be present,,Present,compliant,Block Requirements,,,false,1,,2026-08-16
"Block Real Estate Services, LLC",69fdf78062446148bd858806,69fded1962446148bd848f07,LabCorp / Laboratory Corporation of America Holdings,69fdf0d2e45e7dcf5c438d24,"prg802 - Pine Ridge Building B {PERG BUILDINGS, LLC}",evidenceOfInsurance,Evidence of Insurance,excessOrUmbrellaLiability,Umbrella/Excess Liability,evidenceOfInsuranceExcessOrUmbrellaLiabilityOccurence,Coverage Trigger: Occurrence,,matchOnce,must be present,,Present,compliant,Block Requirements,,,false,1,,2026-08-16
"Block Real Estate Services, LLC",69fdf78062446148bd858806,69fded1962446148bd848f07,LabCorp / Laboratory Corporation of America Holdings,69fdf0d2e45e7dcf5c438d24,"prg802 - Pine Ridge Building B {PERG BUILDINGS, LLC}",evidenceOfInsurance,Evidence of Insurance,excessOrUmbrellaLiability,Umbrella/Excess Liability,evidenceOfInsuranceExcessOrUmbrellaLiabilityEachOccurrence,Each Occurrence,,matchOnce,must be greater or equal to,1000000,3000000,compliant,Block Requirements,,,false,1,,2026-08-16
"Block Real Estate Services, LLC",69fdf78062446148bd858806,69fded1962446148bd848f07,LabCorp / Laboratory Corporation of America Holdings,69fdf0d2e45e7dcf5c438d24,"prg802 - Pine Ridge Building B {PERG BUILDINGS, LLC}",evidenceOfInsurance,Evidence of Insurance,excessOrUmbrellaLiability,Umbrella/Excess Liability,evidenceOfInsuranceExcessOrUmbrellaLiabilityAggregate,Aggregate,,matchOnce,must be greater or equal to,1000000,3000000,compliant,Block Requirements,,,false,1,,2026-08-16
"Block Real Estate Services, LLC",69fdf78062446148bd858806,69fded1962446148bd848f07,LabCorp / Laboratory Corporation of America Holdings,69fdf0d2e45e7dcf5c438d24,"prg802 - Pine Ridge Building B {PERG BUILDINGS, LLC}",evidenceOfInsurance,Evidence of Insurance,workersCompensation,Workers' Compensation and Employer's Liability,evidenceOfInsuranceWorkersCompensationStatutoryLimits,Statutory Limits,,matchOnce,must be present,,Present,compliant,Block Requirements,,,false,1,,2026-08-16
"Block Real Estate Services, LLC",69fdf78062446148bd858806,69fded1962446148bd848f07,LabCorp / Laboratory Corporation of America Holdings,69fdf0d2e45e7dcf5c438d24,"prg802 - Pine Ridge Building B {PERG BUILDINGS, LLC}",evidenceOfInsurance,Evidence of Insurance,workersCompensation,Workers' Compensation and Employer's Liability,evidenceOfInsuranceWorkersCompensationEmployersLiabilityEachAccident,Employer's Liability Each Accident,,matchOnce,must be greater or equal to,500000,1000000,compliant,Block Requirements,,,false,1,,2026-08-16
"Block Real Estate Services, LLC",69fdf78062446148bd858806,69fded1962446148bd848f07,LabCorp / Laboratory Corporation of America Holdings,69fdf0d2e45e7dcf5c438d24,"prg802 - Pine Ridge Building B {PERG BUILDINGS, LLC}",evidenceOfInsurance,Evidence of Insurance,workersCompensation,Workers' Compensation and Employer's Liability,evidenceOfInsuranceWorkersCompensationEmployersLiabilityDiseaseEachEmployee,Employer's Liability Disease - each employee,,matchOnce,must be greater or equal to,500000,1000000,compliant,Block Requirements,,,false,1,,2026-08-16
"Block Real Estate Services, LLC",69fdf78062446148bd858806,69fded1962446148bd848f07,LabCorp / Laboratory Corporation of America Holdings,69fdf0d2e45e7dcf5c438d24,"prg802 - Pine Ridge Building B {PERG BUILDINGS, LLC}",evidenceOfInsurance,Evidence of Insurance,workersCompensation,Workers' Compensation and Employer's Liability,evidenceOfInsuranceWorkersCompensationEmployersLiabilityDiseasePolicyLimit,Employer's Liability Disease - policy limit,,matchOnce,must be greater or equal to,500000,1000000,compliant,Block Requirements,,,false,1,,2026-08-16
"Block Real Estate Services, LLC",69fdf78062446148bd858806,69fded1962446148bd848f07,LabCorp / Laboratory Corporation of America Holdings,69fdf0d2e45e7dcf5c438d24,"prg802 - Pine Ridge Building B {PERG BUILDINGS, LLC}",evidenceOfInsurance,Evidence of Insurance,workersCompensation,Workers' Compensation and Employer's Liability,evidenceOfInsuranceWorkersCompensationWaiverOfSubrogationEndorsement,Waiver of Subrogation,"---prompt---
Determine if the insurer has waived their right of subrogation in favor of the certificate holder under the Workers' Compensation policy. Evidence may include: a checked ""Waiver of Subrogation"" box on the certificate, mention in the Description of Operations section stating ""waiver of subrogation applies"", or reference to form WC 00 03 13. Look for language like ""subrogation is waived"" or ""per written contract"".",matchOnce,must be present,,Present,compliant,Block Requirements,,,false,1,,2026-08-16
"Block Real Estate Services, LLC",69fdf78062446148bd858806,69fded1962446148bd848f07,LabCorp / Laboratory Corporation of America Holdings,69fdf0d2e45e7dcf5c438d24,"prg802 - Pine Ridge Building B {PERG BUILDINGS, LLC}",evidenceOfInsurance,Evidence of Insurance,6ac20aae-5728-5d57-b364-aeba38527dba,Additional Requirements,4da5b0f1-4c9d-5885-8cf8-5d3cccaed3e0,"Block Real Estate Services, LLC and all others required by contract are named as Additional Insureds","---prompt---
Determine if the Description of Operations or the Additional Remarks Schedule section states the ""Additional Insured as Construction Management, Inc. and all others required by contract"" or reference to blanket additional insured coverage. Look for language like ""certificate holder is additional insured"" or ""per written contract"".",matchOnce,must be present,,Present,compliant,Block Requirements,,,true,1,,2026-08-16
"Block Real Estate Services, LLC",69fdf78062446148bd858806,69fded1962446148bd848f07,LabCorp / Laboratory Corporation of America Holdings,69fdf0d2e45e7dcf5c438d24,"prg802 - Pine Ridge Building B {PERG BUILDINGS, LLC}",evidenceOfInsurance,Evidence of Insurance,6ac20aae-5728-5d57-b364-aeba38527dba,Additional Requirements,e1017741-e47e-5f58-97b8-fbc3043e919f,Umbrella follows form over General Liability,"---prompt---
Determine if the Umbrella/Excess Liability policy follows form to the underlying policies. Evidence may include: language in the Description of Operations section stating the umbrella follows form to underlying coverages or an additional page endorsement stating that it follows form. Follow form means the umbrella policy adopts the same terms, conditions, and exclusions as the underlying policies.",matchOnce,must be present,,Present,compliant,Block Requirements,,,true,1,,2026-08-16
"Block Real Estate Services, LLC",69fdf78062446148bd858806,69fded1962446148bd848f07,LabCorp / Laboratory Corporation of America Holdings,69fdf0d2e45e7dcf5c438d24,"prg802 - Pine Ridge Building B {PERG BUILDINGS, LLC}",evidenceOfInsurance,Evidence of Insurance,6ac20aae-5728-5d57-b364-aeba38527dba,Additional Requirements,2cdd866f-c9a4-576a-afd8-1d045762790c,"The location must be listed as: 8257, 8259 Melrose Drive Lenexa KS 66214",,matchOnce,must be present,,Present,compliant,Block Requirements,,,true,1,,2026-08-16
"Block Real Estate Services, LLC",69fdf78062446148bd858806,69fded1962446148bd848f07,LabCorp / Laboratory Corporation of America Holdings,69fdf0d2e45e7dcf5c438d24,"prg802 - Pine Ridge Building B {PERG BUILDINGS, LLC}",evidenceOfInsurance,Evidence of Insurance,6ac20aae-5728-5d57-b364-aeba38527dba,Additional Requirements,3649e9d1-4e09-59bf-8f30-cb33c40cf117,"Certificate Holder must read: c/o Block Real Estate Services, LLC, 4622 Pennsylvania St., Suite 700, Kansas City, MO, 64112",,matchOnce,must be present,,Present,compliant,Block Requirements,,,true,1,,2026-08-16
"Block Real Estate Services, LLC",69fdf78062446148bd858807,69fded1e62446148bd8490d2,"Q4 Industries, LLC",69fdf0d2e45e7dcf5c438d24,"prg802 - Pine Ridge Building B {PERG BUILDINGS, LLC}",evidenceOfInsurance,Evidence of Insurance,commercialGeneralLiability,Commercial General Liability,evidenceOfInsuranceCommercialGeneralLiabilityCoverageTriggerOccurrence,Coverage Trigger: Occurrence,,matchOnce,must be present,,Present,compliant,Block Requirements,,,false,1,,2026-08-16
"Block Real Estate Services, LLC",69fdf78062446148bd858807,69fded1e62446148bd8490d2,"Q4 Industries, LLC",69fdf0d2e45e7dcf5c438d24,"prg802 - Pine Ridge Building B {PERG BUILDINGS, LLC}",evidenceOfInsurance,Evidence of Insurance,commercialGeneralLiability,Commercial General Liability,evidenceOfInsuranceCommercialGeneralLiabilityGeneralAggregateLimitAppliesPerLocation,General Aggregate Limit Applies per: Location,,matchOnce,must be present,,,non_compliant,Block Requirements,,,false,0,,2026-08-16
"Block Real Estate Services, LLC",69fdf78062446148bd858807,69fded1e62446148bd8490d2,"Q4 Industries, LLC",69fdf0d2e45e7dcf5c438d24,"prg802 - Pine Ridge Building B {PERG BUILDINGS, LLC}",evidenceOfInsurance,Evidence of Insurance,commercialGeneralLiability,Commercial General Liability,evidenceOfInsuranceCommercialGeneralLiabilityEachOccurrence,Each Occurrence,,matchOnce,must be greater or equal to,1000000,1000000,compliant,Block Requirements,,,false,1,,2026-08-16
"Block Real Estate Services, LLC",69fdf78062446148bd858807,69fded1e62446148bd8490d2,"Q4 Industries, LLC",69fdf0d2e45e7dcf5c438d24,"prg802 - Pine Ridge Building B {PERG BUILDINGS, LLC}",evidenceOfInsurance,Evidence of Insurance,commercialGeneralLiability,Commercial General Liability,evidenceOfInsuranceCommercialGeneralLiabilityGeneralAggregate,General Aggregate,,matchOnce,must be greater or equal to,2000000,2000000,compliant,Block Requirements,,,false,1,,2026-08-16
"Block Real Estate Services, LLC",69fdf78062446148bd858807,69fded1e62446148bd8490d2,"Q4 Industries, LLC",69fdf0d2e45e7dcf5c438d24,"prg802 - Pine Ridge Building B {PERG BUILDINGS, LLC}",evidenceOfInsurance,Evidence of Insurance,commercialGeneralLiability,Commercial General Liability,evidenceOfInsuranceCommercialGeneralLiabilityWaiverOfSubrogationEndorsement,Waiver of Subrogation,"---prompt---
Determine if the insurer has waived their right of subrogation in favor of the certificate holder under the Commercial General Liability policy. Evidence may include: a checked ""Waiver of Subrogation"" box on the certificate, mention in the Description of Operations section stating ""waiver of subrogation applies"", or reference to form CG 24 04. Look for language like ""subrogation is waived"" or ""per written contract"".",matchOnce,must be present,,Present,compliant,Block Requirements,,,false,1,,2026-08-16
"Block Real Estate Services, LLC",69fdf78062446148bd858807,69fded1e62446148bd8490d2,"Q4 Industries, LLC",69fdf0d2e45e7dcf5c438d24,"prg802 - Pine Ridge Building B {PERG BUILDINGS, LLC}",evidenceOfInsurance,Evidence of Insurance,excessOrUmbrellaLiability,Umbrella/Excess Liability,evidenceOfInsuranceExcessOrUmbrellaLiabilityOccurence,Coverage Trigger: Occurrence,,matchOnce,must be present,,Present,compliant,Block Requirements,,,false,1,,2026-08-16
"Block Real Estate Services, LLC",69fdf78062446148bd858807,69fded1e62446148bd8490d2,"Q4 Industries, LLC",69fdf0d2e45e7dcf5c438d24,"prg802 - Pine Ridge Building B {PERG BUILDINGS, LLC}",evidenceOfInsurance,Evidence of Insurance,excessOrUmbrellaLiability,Umbrella/Excess Liability,evidenceOfInsuranceExcessOrUmbrellaLiabilityEachOccurrence,Each Occurrence,,matchOnce,must be greater or equal to,1000000,5000000,compliant,Block Requirements,,,false,1,,2026-08-16
"Block Real Estate Services, LLC",69fdf78062446148bd858807,69fded1e62446148bd8490d2,"Q4 Industries, LLC",69fdf0d2e45e7dcf5c438d24,"prg802 - Pine Ridge Building B {PERG BUILDINGS, LLC}",evidenceOfInsurance,Evidence of Insurance,excessOrUmbrellaLiability,Umbrella/Excess Liability,evidenceOfInsuranceExcessOrUmbrellaLiabilityAggregate,Aggregate,,matchOnce,must be greater or equal to,1000000,5000000,compliant,Block Requirements,,,false,1,,2026-08-16
"Block Real Estate Services, LLC",69fdf78062446148bd858807,69fded1e62446148bd8490d2,"Q4 Industries, LLC",69fdf0d2e45e7dcf5c438d24,"prg802 - Pine Ridge Building B {PERG BUILDINGS, LLC}",evidenceOfInsurance,Evidence of Insurance,workersCompensation,Workers' Compensation and Employer's Liability,evidenceOfInsuranceWorkersCompensationStatutoryLimits,Statutory Limits,,matchOnce,must be present,,Present,compliant,Block Requirements,,,false,1,,2026-08-16
"Block Real Estate Services, LLC",69fdf78062446148bd858807,69fded1e62446148bd8490d2,"Q4 Industries, LLC",69fdf0d2e45e7dcf5c438d24,"prg802 - Pine Ridge Building B {PERG BUILDINGS, LLC}",evidenceOfInsurance,Evidence of Insurance,workersCompensation,Workers' Compensation and Employer's Liability,evidenceOfInsuranceWorkersCompensationEmployersLiabilityEachAccident,Employer's Liability Each Accident,,matchOnce,must be greater or equal to,500000,1000000,compliant,Block Requirements,,,false,1,,2026-08-16
"Block Real Estate Services, LLC",69fdf78062446148bd858807,69fded1e62446148bd8490d2,"Q4 Industries, LLC",69fdf0d2e45e7dcf5c438d24,"prg802 - Pine Ridge Building B {PERG BUILDINGS, LLC}",evidenceOfInsurance,Evidence of Insurance,workersCompensation,Workers' Compensation and Employer's Liability,evidenceOfInsuranceWorkersCompensationEmployersLiabilityDiseaseEachEmployee,Employer's Liability Disease - each employee,,matchOnce,must be greater or equal to,500000,1000000,compliant,Block Requirements,,,false,1,,2026-08-16
"Block Real Estate Services, LLC",69fdf78062446148bd858807,69fded1e62446148bd8490d2,"Q4 Industries, LLC",69fdf0d2e45e7dcf5c438d24,"prg802 - Pine Ridge Building B {PERG BUILDINGS, LLC}",evidenceOfInsurance,Evidence of Insurance,workersCompensation,Workers' Compensation and Employer's Liability,evidenceOfInsuranceWorkersCompensationEmployersLiabilityDiseasePolicyLimit,Employer's Liability Disease - policy limit,,matchOnce,must be greater or equal to,500000,1000000,compliant,Block Requirements,,,false,1,,2026-08-16
"Block Real Estate Services, LLC",69fdf78062446148bd858807,69fded1e62446148bd8490d2,"Q4 Industries, LLC",69fdf0d2e45e7dcf5c438d24,"prg802 - Pine Ridge Building B {PERG BUILDINGS, LLC}",evidenceOfInsurance,Evidence of Insurance,workersCompensation,Workers' Compensation and Employer's Liability,evidenceOfInsuranceWorkersCompensationWaiverOfSubrogationEndorsement,Waiver of Subrogation,"---prompt---
Determine if the insurer has waived their right of subrogation in favor of the certificate holder under the Workers' Compensation policy. Evidence may include: a checked ""Waiver of Subrogation"" box on the certificate, mention in the Description of Operations section stating ""waiver of subrogation applies"", or reference to form WC 00 03 13. Look for language like ""subrogation is waived"" or ""per written contract"".",matchOnce,must be present,,Present,compliant,Block Requirements,,,false,1,,2026-08-16
"Block Real Estate Services, LLC",69fdf78062446148bd858807,69fded1e62446148bd8490d2,"Q4 Industries, LLC",69fdf0d2e45e7dcf5c438d24,"prg802 - Pine Ridge Building B {PERG BUILDINGS, LLC}",evidenceOfInsurance,Evidence of Insurance,6ac20aae-5728-5d57-b364-aeba38527dba,Additional Requirements,4da5b0f1-4c9d-5885-8cf8-5d3cccaed3e0,"Block Real Estate Services, LLC and all others required by contract are named as Additional Insureds","---prompt---
Determine if the Description of Operations or the Additional Remarks Schedule section states the ""Additional Insured as Construction Management, Inc. and all others required by contract"" or reference to blanket additional insured coverage. Look for language like ""certificate holder is additional insured"" or ""per written contract"".",matchOnce,must be present,,Present,compliant,Block Requirements,,,true,1,,2026-08-16
"Block Real Estate Services, LLC",69fdf78062446148bd858807,69fded1e62446148bd8490d2,"Q4 Industries, LLC",69fdf0d2e45e7dcf5c438d24,"prg802 - Pine Ridge Building B {PERG BUILDINGS, LLC}",evidenceOfInsurance,Evidence of Insurance,6ac20aae-5728-5d57-b364-aeba38527dba,Additional Requirements,e1017741-e47e-5f58-97b8-fbc3043e919f,Umbrella follows form over General Liability,"---prompt---
Determine if the Umbrella/Excess Liability policy follows form to the underlying policies. Evidence may include: language in the Description of Operations section stating the umbrella follows form to underlying coverages or an additional page endorsement stating that it follows form. Follow form means the umbrella policy adopts the same terms, conditions, and exclusions as the underlying policies.",matchOnce,must be present,,,non_compliant,Block Requirements,,,true,0,,2026-08-16
"Block Real Estate Services, LLC",69fdf78062446148bd858807,69fded1e62446148bd8490d2,"Q4 Industries, LLC",69fdf0d2e45e7dcf5c438d24,"prg802 - Pine Ridge Building B {PERG BUILDINGS, LLC}",evidenceOfInsurance,Evidence of Insurance,6ac20aae-5728-5d57-b364-aeba38527dba,Additional Requirements,2cdd866f-c9a4-576a-afd8-1d045762790c,"The location must be listed as: 8261, 8263 Melrose Drive Lenexa KS 66214",,matchOnce,must be present,,Present,compliant,Block Requirements,,,true,1,,2026-08-16
"Block Real Estate Services, LLC",69fdf78062446148bd858807,69fded1e62446148bd8490d2,"Q4 Industries, LLC",69fdf0d2e45e7dcf5c438d24,"prg802 - Pine Ridge Building B {PERG BUILDINGS, LLC}",evidenceOfInsurance,Evidence of Insurance,6ac20aae-5728-5d57-b364-aeba38527dba,Additional Requirements,3649e9d1-4e09-59bf-8f30-cb33c40cf117,"Certificate Holder must read: c/o Block Real Estate Services, LLC, 4622 Pennsylvania St., Suite 700, Kansas City, MO, 64112",,matchOnce,must be present,,Present,compliant,Block Requirements,,,true,1,,2026-08-16
"Block Real Estate Services, LLC",69fdf78062446148bd85880c,69fded1c62446148bd848fdc,Monte Cook Games LLC,69fdf0d602bb2c42a87a37d2,"prg803 - Pine Ridge Building C {PERG BUILDINGS, LLC}",evidenceOfInsurance,Evidence of Insurance,commercialGeneralLiability,Commercial General Liability,evidenceOfInsuranceCommercialGeneralLiabilityCoverageTriggerOccurrence,Coverage Trigger: Occurrence,,matchOnce,must be present,,,non_compliant,Block Requirements,,,false,0,,2026-08-16
"Block Real Estate Services, LLC",69fdf78062446148bd85880c,69fded1c62446148bd848fdc,Monte Cook Games LLC,69fdf0d602bb2c42a87a37d2,"prg803 - Pine Ridge Building C {PERG BUILDINGS, LLC}",evidenceOfInsurance,Evidence of Insurance,commercialGeneralLiability,Commercial General Liability,evidenceOfInsuranceCommercialGeneralLiabilityGeneralAggregateLimitAppliesPerLocation,General Aggregate Limit Applies per: Location,,matchOnce,must be present,,,non_compliant,Block Requirements,,,false,0,,2026-08-16
"Block Real Estate Services, LLC",69fdf78062446148bd85880c,69fded1c62446148bd848fdc,Monte Cook Games LLC,69fdf0d602bb2c42a87a37d2,"prg803 - Pine Ridge Building C {PERG BUILDINGS, LLC}",evidenceOfInsurance,Evidence of Insurance,commercialGeneralLiability,Commercial General Liability,evidenceOfInsuranceCommercialGeneralLiabilityEachOccurrence,Each Occurrence,,matchOnce,must be greater or equal to,1000000,,non_compliant,Block Requirements,,,false,0,,2026-08-16
"Block Real Estate Services, LLC",69fdf78062446148bd85880c,69fded1c62446148bd848fdc,Monte Cook Games LLC,69fdf0d602bb2c42a87a37d2,"prg803 - Pine Ridge Building C {PERG BUILDINGS, LLC}",evidenceOfInsurance,Evidence of Insurance,commercialGeneralLiability,Commercial General Liability,evidenceOfInsuranceCommercialGeneralLiabilityGeneralAggregate,General Aggregate,,matchOnce,must be greater or equal to,2000000,,non_compliant,Block Requirements,,,false,0,,2026-08-16
"Block Real Estate Services, LLC",69fdf78062446148bd85880c,69fded1c62446148bd848fdc,Monte Cook Games LLC,69fdf0d602bb2c42a87a37d2,"prg803 - Pine Ridge Building C {PERG BUILDINGS, LLC}",evidenceOfInsurance,Evidence of Insurance,commercialGeneralLiability,Commercial General Liability,evidenceOfInsuranceCommercialGeneralLiabilityWaiverOfSubrogationEndorsement,Waiver of Subrogation,"---prompt---
Determine if the insurer has waived their right of subrogation in favor of the certificate holder under the Commercial General Liability policy. Evidence may include: a checked ""Waiver of Subrogation"" box on the certificate, mention in the Description of Operations section stating ""waiver of subrogation applies"", or reference to form CG 24 04. Look for language like ""subrogation is waived"" or ""per written contract"".",matchOnce,must be present,,,non_compliant,Block Requirements,,,false,0,,2026-08-16
"Block Real Estate Services, LLC",69fdf78062446148bd85880c,69fded1c62446148bd848fdc,Monte Cook Games LLC,69fdf0d602bb2c42a87a37d2,"prg803 - Pine Ridge Building C {PERG BUILDINGS, LLC}",evidenceOfInsurance,Evidence of Insurance,excessOrUmbrellaLiability,Umbrella/Excess Liability,evidenceOfInsuranceExcessOrUmbrellaLiabilityOccurence,Coverage Trigger: Occurrence,,matchOnce,must be present,,,non_compliant,Block Requirements,,,false,0,,2026-08-16
"Block Real Estate Services, LLC",69fdf78062446148bd85880c,69fded1c62446148bd848fdc,Monte Cook Games LLC,69fdf0d602bb2c42a87a37d2,"prg803 - Pine Ridge Building C {PERG BUILDINGS, LLC}",evidenceOfInsurance,Evidence of Insurance,excessOrUmbrellaLiability,Umbrella/Excess Liability,evidenceOfInsuranceExcessOrUmbrellaLiabilityEachOccurrence,Each Occurrence,,matchOnce,must be greater or equal to,1000000,,non_compliant,Block Requirements,,,false,0,,2026-08-16
"Block Real Estate Services, LLC",69fdf78062446148bd85880c,69fded1c62446148bd848fdc,Monte Cook Games LLC,69fdf0d602bb2c42a87a37d2,"prg803 - Pine Ridge Building C {PERG BUILDINGS, LLC}",evidenceOfInsurance,Evidence of Insurance,excessOrUmbrellaLiability,Umbrella/Excess Liability,evidenceOfInsuranceExcessOrUmbrellaLiabilityAggregate,Aggregate,,matchOnce,must be greater or equal to,1000000,,non_compliant,Block Requirements,,,false,0,,2026-08-16
"Block Real Estate Services, LLC",69fdf78062446148bd85880c,69fded1c62446148bd848fdc,Monte Cook Games LLC,69fdf0d602bb2c42a87a37d2,"prg803 - Pine Ridge Building C {PERG BUILDINGS, LLC}",evidenceOfInsurance,Evidence of Insurance,workersCompensation,Workers' Compensation and Employer's Liability,evidenceOfInsuranceWorkersCompensationStatutoryLimits,Statutory Limits,,matchOnce,must be present,,,non_compliant,Block Requirements,,,false,0,,2026-08-16
"Block Real Estate Services, LLC",69fdf78062446148bd85880c,69fded1c62446148bd848fdc,Monte Cook Games LLC,69fdf0d602bb2c42a87a37d2,"prg803 - Pine Ridge Building C {PERG BUILDINGS, LLC}",evidenceOfInsurance,Evidence of Insurance,workersCompensation,Workers' Compensation and Employer's Liability,evidenceOfInsuranceWorkersCompensationEmployersLiabilityEachAccident,Employer's Liability Each Accident,,matchOnce,must be greater or equal to,500000,,non_compliant,Block Requirements,,,false,0,,2026-08-16
"Block Real Estate Services, LLC",69fdf78062446148bd85880c,69fded1c62446148bd848fdc,Monte Cook Games LLC,69fdf0d602bb2c42a87a37d2,"prg803 - Pine Ridge Building C {PERG BUILDINGS, LLC}",evidenceOfInsurance,Evidence of Insurance,workersCompensation,Workers' Compensation and Employer's Liability,evidenceOfInsuranceWorkersCompensationEmployersLiabilityDiseaseEachEmployee,Employer's Liability Disease - each employee,,matchOnce,must be greater or equal to,500000,,non_compliant,Block Requirements,,,false,0,,2026-08-16
"Block Real Estate Services, LLC",69fdf78062446148bd85880c,69fded1c62446148bd848fdc,Monte Cook Games LLC,69fdf0d602bb2c42a87a37d2,"prg803 - Pine Ridge Building C {PERG BUILDINGS, LLC}",evidenceOfInsurance,Evidence of Insurance,workersCompensation,Workers' Compensation and Employer's Liability,evidenceOfInsuranceWorkersCompensationEmployersLiabilityDiseasePolicyLimit,Employer's Liability Disease - policy limit,,matchOnce,must be greater or equal to,500000,,non_compliant,Block Requirements,,,false,0,,2026-08-16
"Block Real Estate Services, LLC",69fdf78062446148bd85880c,69fded1c62446148bd848fdc,Monte Cook Games LLC,69fdf0d602bb2c42a87a37d2,"prg803 - Pine Ridge Building C {PERG BUILDINGS, LLC}",evidenceOfInsurance,Evidence of Insurance,workersCompensation,Workers' Compensation and Employer's Liability,evidenceOfInsuranceWorkersCompensationWaiverOfSubrogationEndorsement,Waiver of Subrogation,"---prompt---
Determine if the insurer has waived their right of subrogation in favor of the certificate holder under the Workers' Compensation policy. Evidence may include: a checked ""Waiver of Subrogation"" box on the certificate, mention in the Description of Operations section stating ""waiver of subrogation applies"", or reference to form WC 00 03 13. Look for language like ""subrogation is waived"" or ""per written contract"".",matchOnce,must be present,,,non_compliant,Block Requirements,,,false,0,,2026-08-16
"Block Real Estate Services, LLC",69fdf78062446148bd85880c,69fded1c62446148bd848fdc,Monte Cook Games LLC,69fdf0d602bb2c42a87a37d2,"prg803 - Pine Ridge Building C {PERG BUILDINGS, LLC}",evidenceOfInsurance,Evidence of Insurance,6ac20aae-5728-5d57-b364-aeba38527dba,Additional Requirements,4da5b0f1-4c9d-5885-8cf8-5d3cccaed3e0,"Block Real Estate Services, LLC and all others required by contract are named as Additional Insureds","---prompt---
Determine if the Description of Operations or the Additional Remarks Schedule section states the ""Additional Insured as Construction Management, Inc. and all others required by contract"" or reference to blanket additional insured coverage. Look for language like ""certificate holder is additional insured"" or ""per written contract"".",matchOnce,must be present,,,non_compliant,Block Requirements,,,true,0,,2026-08-16
"Block Real Estate Services, LLC",69fdf78062446148bd85880c,69fded1c62446148bd848fdc,Monte Cook Games LLC,69fdf0d602bb2c42a87a37d2,"prg803 - Pine Ridge Building C {PERG BUILDINGS, LLC}",evidenceOfInsurance,Evidence of Insurance,6ac20aae-5728-5d57-b364-aeba38527dba,Additional Requirements,e1017741-e47e-5f58-97b8-fbc3043e919f,Umbrella follows form over General Liability,"---prompt---
Determine if the Umbrella/Excess Liability policy follows form to the underlying policies. Evidence may include: language in the Description of Operations section stating the umbrella follows form to underlying coverages or an additional page endorsement stating that it follows form. Follow form means the umbrella policy adopts the same terms, conditions, and exclusions as the underlying policies.",matchOnce,must be present,,,non_compliant,Block Requirements,,,true,0,,2026-08-16
"Block Real Estate Services, LLC",69fdf78062446148bd85880c,69fded1c62446148bd848fdc,Monte Cook Games LLC,69fdf0d602bb2c42a87a37d2,"prg803 - Pine Ridge Building C {PERG BUILDINGS, LLC}",evidenceOfInsurance,Evidence of Insurance,6ac20aae-5728-5d57-b364-aeba38527dba,Additional Requirements,2cdd866f-c9a4-576a-afd8-1d045762790c,The location must be listed as: 8283 Melrose Drive Lenexa KS 66214,,matchOnce,must be present,,,non_compliant,Block Requirements,,,true,0,,2026-08-16
"Block Real Estate Services, LLC",69fdf78062446148bd85880c,69fded1c62446148bd848fdc,Monte Cook Games LLC,69fdf0d602bb2c42a87a37d2,"prg803 - Pine Ridge Building C {PERG BUILDINGS, LLC}",evidenceOfInsurance,Evidence of Insurance,6ac20aae-5728-5d57-b364-aeba38527dba,Additional Requirements,3649e9d1-4e09-59bf-8f30-cb33c40cf117,"Certificate Holder must read: c/o Block Real Estate Services, LLC, 4622 Pennsylvania St., Suite 700, Kansas City, MO, 64112",,matchOnce,must be present,,,non_compliant,Block Requirements,,,true,0,,2026-08-16
"Block Real Estate Services, LLC",69fdf78062446148bd85880b,69fded1962446148bd848f01,"KTI / Kruger Technologies, Inc.",69fdf0d602bb2c42a87a37d2,"prg803 - Pine Ridge Building C {PERG BUILDINGS, LLC}",evidenceOfInsurance,Evidence of Insurance,commercialGeneralLiability,Commercial General Liability,evidenceOfInsuranceCommercialGeneralLiabilityCoverageTriggerOccurrence,Coverage Trigger: Occurrence,,matchOnce,must be present,,Present,compliant,Block Requirements,,,false,1,,2026-08-16
"Block Real Estate Services, LLC",69fdf78062446148bd85880b,69fded1962446148bd848f01,"KTI / Kruger Technologies, Inc.",69fdf0d602bb2c42a87a37d2,"prg803 - Pine Ridge Building C {PERG BUILDINGS, LLC}",evidenceOfInsurance,Evidence of Insurance,commercialGeneralLiability,Commercial General Liability,evidenceOfInsuranceCommercialGeneralLiabilityGeneralAggregateLimitAppliesPerLocation,General Aggregate Limit Applies per: Location,,matchOnce,must be present,,,non_compliant,Block Requirements,,,false,0,,2026-08-16
"Block Real Estate Services, LLC",69fdf78062446148bd85880b,69fded1962446148bd848f01,"KTI / Kruger Technologies, Inc.",69fdf0d602bb2c42a87a37d2,"prg803 - Pine Ridge Building C {PERG BUILDINGS, LLC}",evidenceOfInsurance,Evidence of Insurance,commercialGeneralLiability,Commercial General Liability,evidenceOfInsuranceCommercialGeneralLiabilityEachOccurrence,Each Occurrence,,matchOnce,must be greater or equal to,1000000,2000000,compliant,Block Requirements,,,false,1,,2026-08-16
"Block Real Estate Services, LLC",69fdf78062446148bd85880b,69fded1962446148bd848f01,"KTI / Kruger Technologies, Inc.",69fdf0d602bb2c42a87a37d2,"prg803 - Pine Ridge Building C {PERG BUILDINGS, LLC}",evidenceOfInsurance,Evidence of Insurance,commercialGeneralLiability,Commercial General Liability,evidenceOfInsuranceCommercialGeneralLiabilityGeneralAggregate,General Aggregate,,matchOnce,must be greater or equal to,2000000,2000000,compliant,Block Requirements,,,false,1,,2026-08-16
"Block Real Estate Services, LLC",69fdf78062446148bd85880b,69fded1962446148bd848f01,"KTI / Kruger Technologies, Inc.",69fdf0d602bb2c42a87a37d2,"prg803 - Pine Ridge Building C {PERG BUILDINGS, LLC}",evidenceOfInsurance,Evidence of Insurance,commercialGeneralLiability,Commercial General Liability,evidenceOfInsuranceCommercialGeneralLiabilityWaiverOfSubrogationEndorsement,Waiver of Subrogation,"---prompt---
Determine if the insurer has waived their right of subrogation in favor of the certificate holder under the Commercial General Liability policy. Evidence may include: a checked ""Waiver of Subrogation"" box on the certificate, mention in the Description of Operations section stating ""waiver of subrogation applies"", or reference to form CG 24 04. Look for language like ""subrogation is waived"" or ""per written contract"".",matchOnce,must be present,,Present,compliant,Block Requirements,,,false,1,,2026-08-16
"Block Real Estate Services, LLC",69fdf78062446148bd85880b,69fded1962446148bd848f01,"KTI / Kruger Technologies, Inc.",69fdf0d602bb2c42a87a37d2,"prg803 - Pine Ridge Building C {PERG BUILDINGS, LLC}",evidenceOfInsurance,Evidence of Insurance,excessOrUmbrellaLiability,Umbrella/Excess Liability,evidenceOfInsuranceExcessOrUmbrellaLiabilityOccurence,Coverage Trigger: Occurrence,,matchOnce,must be present,,Present,compliant,Block Requirements,,,false,1,,2026-08-16
"Block Real Estate Services, LLC",69fdf78062446148bd85880b,69fded1962446148bd848f01,"KTI / Kruger Technologies, Inc.",69fdf0d602bb2c42a87a37d2,"prg803 - Pine Ridge Building C {PERG BUILDINGS, LLC}",evidenceOfInsurance,Evidence of Insurance,excessOrUmbrellaLiability,Umbrella/Excess Liability,evidenceOfInsuranceExcessOrUmbrellaLiabilityEachOccurrence,Each Occurrence,,matchOnce,must be greater or equal to,1000000,2000000,compliant,Block Requirements,,,false,1,,2026-08-16
"Block Real Estate Services, LLC",69fdf78062446148bd85880b,69fded1962446148bd848f01,"KTI / Kruger Technologies, Inc.",69fdf0d602bb2c42a87a37d2,"prg803 - Pine Ridge Building C {PERG BUILDINGS, LLC}",evidenceOfInsurance,Evidence of Insurance,excessOrUmbrellaLiability,Umbrella/Excess Liability,evidenceOfInsuranceExcessOrUmbrellaLiabilityAggregate,Aggregate,,matchOnce,must be greater or equal to,1000000,2000000,compliant,Block Requirements,,,false,1,,2026-08-16
"Block Real Estate Services, LLC",69fdf78062446148bd85880b,69fded1962446148bd848f01,"KTI / Kruger Technologies, Inc.",69fdf0d602bb2c42a87a37d2,"prg803 - Pine Ridge Building C {PERG BUILDINGS, LLC}",evidenceOfInsurance,Evidence of Insurance,workersCompensation,Workers' Compensation and Employer's Liability,evidenceOfInsuranceWorkersCompensationStatutoryLimits,Statutory Limits,,matchOnce,must be present,,Present,compliant,Block Requirements,,,false,1,,2026-08-16
"Block Real Estate Services, LLC",69fdf78062446148bd85880b,69fded1962446148bd848f01,"KTI / Kruger Technologies, Inc.",69fdf0d602bb2c42a87a37d2,"prg803 - Pine Ridge Building C {PERG BUILDINGS, LLC}",evidenceOfInsurance,Evidence of Insurance,workersCompensation,Workers' Compensation and Employer's Liability,evidenceOfInsuranceWorkersCompensationEmployersLiabilityEachAccident,Employer's Liability Each Accident,,matchOnce,must be greater or equal to,500000,1000000,compliant,Block Requirements,,,false,1,,2026-08-16
"Block Real Estate Services, LLC",69fdf78062446148bd85880b,69fded1962446148bd848f01,"KTI / Kruger Technologies, Inc.",69fdf0d602bb2c42a87a37d2,"prg803 - Pine Ridge Building C {PERG BUILDINGS, LLC}",evidenceOfInsurance,Evidence of Insurance,workersCompensation,Workers' Compensation and Employer's Liability,evidenceOfInsuranceWorkersCompensationEmployersLiabilityDiseaseEachEmployee,Employer's Liability Disease - each employee,,matchOnce,must be greater or equal to,500000,1000000,compliant,Block Requirements,,,false,1,,2026-08-16
"Block Real Estate Services, LLC",69fdf78062446148bd85880b,69fded1962446148bd848f01,"KTI / Kruger Technologies, Inc.",69fdf0d602bb2c42a87a37d2,"prg803 - Pine Ridge Building C {PERG BUILDINGS, LLC}",evidenceOfInsurance,Evidence of Insurance,workersCompensation,Workers' Compensation and Employer's Liability,evidenceOfInsuranceWorkersCompensationEmployersLiabilityDiseasePolicyLimit,Employer's Liability Disease - policy limit,,matchOnce,must be greater or equal to,500000,1000000,compliant,Block Requirements,,,false,1,,2026-08-16
"Block Real Estate Services, LLC",69fdf78062446148bd85880b,69fded1962446148bd848f01,"KTI / Kruger Technologies, Inc.",69fdf0d602bb2c42a87a37d2,"prg803 - Pine Ridge Building C {PERG BUILDINGS, LLC}",evidenceOfInsurance,Evidence of Insurance,workersCompensation,Workers' Compensation and Employer's Liability,evidenceOfInsuranceWorkersCompensationWaiverOfSubrogationEndorsement,Waiver of Subrogation,"---prompt---
Determine if the insurer has waived their right of subrogation in favor of the certificate holder under the Workers' Compensation policy. Evidence may include: a checked ""Waiver of Subrogation"" box on the certificate, mention in the Description of Operations section stating ""waiver of subrogation applies"", or reference to form WC 00 03 13. Look for language like ""subrogation is waived"" or ""per written contract"".",matchOnce,must be present,,,non_compliant,Block Requirements,,,false,0,,2026-08-16
"Block Real Estate Services, LLC",69fdf78062446148bd85880b,69fded1962446148bd848f01,"KTI / Kruger Technologies, Inc.",69fdf0d602bb2c42a87a37d2,"prg803 - Pine Ridge Building C {PERG BUILDINGS, LLC}",evidenceOfInsurance,Evidence of Insurance,6ac20aae-5728-5d57-b364-aeba38527dba,Additional Requirements,4da5b0f1-4c9d-5885-8cf8-5d3cccaed3e0,"Block Real Estate Services, LLC and all others required by contract are named as Additional Insureds","---prompt---
Determine if the Description of Operations or the Additional Remarks Schedule section states the ""Additional Insured as Construction Management, Inc. and all others required by contract"" or reference to blanket additional insured coverage. Look for language like ""certificate holder is additional insured"" or ""per written contract"".",matchOnce,must be present,,,non_compliant,Block Requirements,,,true,0,,2026-08-16
"Block Real Estate Services, LLC",69fdf78062446148bd85880b,69fded1962446148bd848f01,"KTI / Kruger Technologies, Inc.",69fdf0d602bb2c42a87a37d2,"prg803 - Pine Ridge Building C {PERG BUILDINGS, LLC}",evidenceOfInsurance,Evidence of Insurance,6ac20aae-5728-5d57-b364-aeba38527dba,Additional Requirements,e1017741-e47e-5f58-97b8-fbc3043e919f,Umbrella follows form over General Liability,"---prompt---
Determine if the Umbrella/Excess Liability policy follows form to the underlying policies. Evidence may include: language in the Description of Operations section stating the umbrella follows form to underlying coverages or an additional page endorsement stating that it follows form. Follow form means the umbrella policy adopts the same terms, conditions, and exclusions as the underlying policies.",matchOnce,must be present,,,non_compliant,Block Requirements,,,true,0,,2026-08-16
"Block Real Estate Services, LLC",69fdf78062446148bd85880b,69fded1962446148bd848f01,"KTI / Kruger Technologies, Inc.",69fdf0d602bb2c42a87a37d2,"prg803 - Pine Ridge Building C {PERG BUILDINGS, LLC}",evidenceOfInsurance,Evidence of Insurance,6ac20aae-5728-5d57-b364-aeba38527dba,Additional Requirements,2cdd866f-c9a4-576a-afd8-1d045762790c,The location must be listed as: 8271 Melrose Drive Lenexa KS 66214,,matchOnce,must be present,,,non_compliant,Block Requirements,,,true,0,,2026-08-16
"Block Real Estate Services, LLC",69fdf78062446148bd85880b,69fded1962446148bd848f01,"KTI / Kruger Technologies, Inc.",69fdf0d602bb2c42a87a37d2,"prg803 - Pine Ridge Building C {PERG BUILDINGS, LLC}",evidenceOfInsurance,Evidence of Insurance,6ac20aae-5728-5d57-b364-aeba38527dba,Additional Requirements,3649e9d1-4e09-59bf-8f30-cb33c40cf117,"Certificate Holder must read: c/o Block Real Estate Services, LLC, 4622 Pennsylvania St., Suite 700, Kansas City, MO, 64112",,matchOnce,must be present,,,non_compliant,Block Requirements,,,true,0,,2026-08-16
"Block Real Estate Services, LLC",69fdf78062446148bd85880d,69fded1d62446148bd849075,"Pine Ridge Management Office & BMS / PERG Buildings, LLC",69fdf0d602bb2c42a87a37d2,"prg803 - Pine Ridge Building C {PERG BUILDINGS, LLC}",evidenceOfInsurance,Evidence of Insurance,commercialGeneralLiability,Commercial General Liability,evidenceOfInsuranceCommercialGeneralLiabilityCoverageTriggerOccurrence,Coverage Trigger: Occurrence,,matchOnce,must be present,,,non_compliant,Block Requirements,,,false,0,,2026-08-16
"Block Real Estate Services, LLC",69fdf78062446148bd85880d,69fded1d62446148bd849075,"Pine Ridge Management Office & BMS / PERG Buildings, LLC",69fdf0d602bb2c42a87a37d2,"prg803 - Pine Ridge Building C {PERG BUILDINGS, LLC}",evidenceOfInsurance,Evidence of Insurance,commercialGeneralLiability,Commercial General Liability,evidenceOfInsuranceCommercialGeneralLiabilityGeneralAggregateLimitAppliesPerLocation,General Aggregate Limit Applies per: Location,,matchOnce,must be present,,,non_compliant,Block Requirements,,,false,0,,2026-08-16
"Block Real Estate Services, LLC",69fdf78062446148bd85880d,69fded1d62446148bd849075,"Pine Ridge Management Office & BMS / PERG Buildings, LLC",69fdf0d602bb2c42a87a37d2,"prg803 - Pine Ridge Building C {PERG BUILDINGS, LLC}",evidenceOfInsurance,Evidence of Insurance,commercialGeneralLiability,Commercial General Liability,evidenceOfInsuranceCommercialGeneralLiabilityEachOccurrence,Each Occurrence,,matchOnce,must be greater or equal to,1000000,,non_compliant,Block Requirements,,,false,0,,2026-08-16
"Block Real Estate Services, LLC",69fdf78062446148bd85880d,69fded1d62446148bd849075,"Pine Ridge Management Office & BMS / PERG Buildings, LLC",69fdf0d602bb2c42a87a37d2,"prg803 - Pine Ridge Building C {PERG BUILDINGS, LLC}",evidenceOfInsurance,Evidence of Insurance,commercialGeneralLiability,Commercial General Liability,evidenceOfInsuranceCommercialGeneralLiabilityGeneralAggregate,General Aggregate,,matchOnce,must be greater or equal to,2000000,,non_compliant,Block Requirements,,,false,0,,2026-08-16
"Block Real Estate Services, LLC",69fdf78062446148bd85880d,69fded1d62446148bd849075,"Pine Ridge Management Office & BMS / PERG Buildings, LLC",69fdf0d602bb2c42a87a37d2,"prg803 - Pine Ridge Building C {PERG BUILDINGS, LLC}",evidenceOfInsurance,Evidence of Insurance,commercialGeneralLiability,Commercial General Liability,evidenceOfInsuranceCommercialGeneralLiabilityWaiverOfSubrogationEndorsement,Waiver of Subrogation,"---prompt---
Determine if the insurer has waived their right of subrogation in favor of the certificate holder under the Commercial General Liability policy. Evidence may include: a checked ""Waiver of Subrogation"" box on the certificate, mention in the Description of Operations section stating ""waiver of subrogation applies"", or reference to form CG 24 04. Look for language like ""subrogation is waived"" or ""per written contract"".",matchOnce,must be present,,,non_compliant,Block Requirements,,,false,0,,2026-08-16
"Block Real Estate Services, LLC",69fdf78062446148bd85880d,69fded1d62446148bd849075,"Pine Ridge Management Office & BMS / PERG Buildings, LLC",69fdf0d602bb2c42a87a37d2,"prg803 - Pine Ridge Building C {PERG BUILDINGS, LLC}",evidenceOfInsurance,Evidence of Insurance,excessOrUmbrellaLiability,Umbrella/Excess Liability,evidenceOfInsuranceExcessOrUmbrellaLiabilityOccurence,Coverage Trigger: Occurrence,,matchOnce,must be present,,,non_compliant,Block Requirements,,,false,0,,2026-08-16
"Block Real Estate Services, LLC",69fdf78062446148bd85880d,69fded1d62446148bd849075,"Pine Ridge Management Office & BMS / PERG Buildings, LLC",69fdf0d602bb2c42a87a37d2,"prg803 - Pine Ridge Building C {PERG BUILDINGS, LLC}",evidenceOfInsurance,Evidence of Insurance,excessOrUmbrellaLiability,Umbrella/Excess Liability,evidenceOfInsuranceExcessOrUmbrellaLiabilityEachOccurrence,Each Occurrence,,matchOnce,must be greater or equal to,1000000,,non_compliant,Block Requirements,,,false,0,,2026-08-16
"Block Real Estate Services, LLC",69fdf78062446148bd85880d,69fded1d62446148bd849075,"Pine Ridge Management Office & BMS / PERG Buildings, LLC",69fdf0d602bb2c42a87a37d2,"prg803 - Pine Ridge Building C {PERG BUILDINGS, LLC}",evidenceOfInsurance,Evidence of Insurance,excessOrUmbrellaLiability,Umbrella/Excess Liability,evidenceOfInsuranceExcessOrUmbrellaLiabilityAggregate,Aggregate,,matchOnce,must be greater or equal to,1000000,,non_compliant,Block Requirements,,,false,0,,2026-08-16
"Block Real Estate Services, LLC",69fdf78062446148bd85880d,69fded1d62446148bd849075,"Pine Ridge Management Office & BMS / PERG Buildings, LLC",69fdf0d602bb2c42a87a37d2,"prg803 - Pine Ridge Building C {PERG BUILDINGS, LLC}",evidenceOfInsurance,Evidence of Insurance,workersCompensation,Workers' Compensation and Employer's Liability,evidenceOfInsuranceWorkersCompensationStatutoryLimits,Statutory Limits,,matchOnce,must be present,,,non_compliant,Block Requirements,,,false,0,,2026-08-16
"Block Real Estate Services, LLC",69fdf78062446148bd85880d,69fded1d62446148bd849075,"Pine Ridge Management Office & BMS / PERG Buildings, LLC",69fdf0d602bb2c42a87a37d2,"prg803 - Pine Ridge Building C {PERG BUILDINGS, LLC}",evidenceOfInsurance,Evidence of Insurance,workersCompensation,Workers' Compensation and Employer's Liability,evidenceOfInsuranceWorkersCompensationEmployersLiabilityEachAccident,Employer's Liability Each Accident,,matchOnce,must be greater or equal to,500000,,non_compliant,Block Requirements,,,false,0,,2026-08-16
"Block Real Estate Services, LLC",69fdf78062446148bd85880d,69fded1d62446148bd849075,"Pine Ridge Management Office & BMS / PERG Buildings, LLC",69fdf0d602bb2c42a87a37d2,"prg803 - Pine Ridge Building C {PERG BUILDINGS, LLC}",evidenceOfInsurance,Evidence of Insurance,workersCompensation,Workers' Compensation and Employer's Liability,evidenceOfInsuranceWorkersCompensationEmployersLiabilityDiseaseEachEmployee,Employer's Liability Disease - each employee,,matchOnce,must be greater or equal to,500000,,non_compliant,Block Requirements,,,false,0,,2026-08-16
"Block Real Estate Services, LLC",69fdf78062446148bd85880d,69fded1d62446148bd849075,"Pine Ridge Management Office & BMS / PERG Buildings, LLC",69fdf0d602bb2c42a87a37d2,"prg803 - Pine Ridge Building C {PERG BUILDINGS, LLC}",evidenceOfInsurance,Evidence of Insurance,workersCompensation,Workers' Compensation and Employer's Liability,evidenceOfInsuranceWorkersCompensationEmployersLiabilityDiseasePolicyLimit,Employer's Liability Disease - policy limit,,matchOnce,must be greater or equal to,500000,,non_compliant,Block Requirements,,,false,0,,2026-08-16
"Block Real Estate Services, LLC",69fdf78062446148bd85880d,69fded1d62446148bd849075,"Pine Ridge Management Office & BMS / PERG Buildings, LLC",69fdf0d602bb2c42a87a37d2,"prg803 - Pine Ridge Building C {PERG BUILDINGS, LLC}",evidenceOfInsurance,Evidence of Insurance,workersCompensation,Workers' Compensation and Employer's Liability,evidenceOfInsuranceWorkersCompensationWaiverOfSubrogationEndorsement,Waiver of Subrogation,"---prompt---
Determine if the insurer has waived their right of subrogation in favor of the certificate holder under the Workers' Compensation policy. Evidence may include: a checked ""Waiver of Subrogation"" box on the certificate, mention in the Description of Operations section stating ""waiver of subrogation applies"", or reference to form WC 00 03 13. Look for language like ""subrogation is waived"" or ""per written contract"".",matchOnce,must be present,,,non_compliant,Block Requirements,,,false,0,,2026-08-16
"Block Real Estate Services, LLC",69fdf78062446148bd85880d,69fded1d62446148bd849075,"Pine Ridge Management Office & BMS / PERG Buildings, LLC",69fdf0d602bb2c42a87a37d2,"prg803 - Pine Ridge Building C {PERG BUILDINGS, LLC}",evidenceOfInsurance,Evidence of Insurance,6ac20aae-5728-5d57-b364-aeba38527dba,Additional Requirements,4da5b0f1-4c9d-5885-8cf8-5d3cccaed3e0,"Block Real Estate Services, LLC and all others required by contract are named as Additional Insureds","---prompt---
Determine if the Description of Operations or the Additional Remarks Schedule section states the ""Additional Insured as Construction Management, Inc. and all others required by contract"" or reference to blanket additional insured coverage. Look for language like ""certificate holder is additional insured"" or ""per written contract"".",matchOnce,must be present,,,non_compliant,Block Requirements,,,true,0,,2026-08-16
"Block Real Estate Services, LLC",69fdf78062446148bd85880d,69fded1d62446148bd849075,"Pine Ridge Management Office & BMS / PERG Buildings, LLC",69fdf0d602bb2c42a87a37d2,"prg803 - Pine Ridge Building C {PERG BUILDINGS, LLC}",evidenceOfInsurance,Evidence of Insurance,6ac20aae-5728-5d57-b364-aeba38527dba,Additional Requirements,e1017741-e47e-5f58-97b8-fbc3043e919f,Umbrella follows form over General Liability,"---prompt---
Determine if the Umbrella/Excess Liability policy follows form to the underlying policies. Evidence may include: language in the Description of Operations section stating the umbrella follows form to underlying coverages or an additional page endorsement stating that it follows form. Follow form means the umbrella policy adopts the same terms, conditions, and exclusions as the underlying policies.",matchOnce,must be present,,,non_compliant,Block Requirements,,,true,0,,2026-08-16
"Block Real Estate Services, LLC",69fdf78062446148bd85880d,69fded1d62446148bd849075,"Pine Ridge Management Office & BMS / PERG Buildings, LLC",69fdf0d602bb2c42a87a37d2,"prg803 - Pine Ridge Building C {PERG BUILDINGS, LLC}",evidenceOfInsurance,Evidence of Insurance,6ac20aae-5728-5d57-b364-aeba38527dba,Additional Requirements,2cdd866f-c9a4-576a-afd8-1d045762790c,The location must be listed as: 8273 Melrose Drive Lenexa KS 66214,,matchOnce,must be present,,,non_compliant,Block Requirements,,,true,0,,2026-08-16
"Block Real Estate Services, LLC",69fdf78062446148bd85880d,69fded1d62446148bd849075,"Pine Ridge Management Office & BMS / PERG Buildings, LLC",69fdf0d602bb2c42a87a37d2,"prg803 - Pine Ridge Building C {PERG BUILDINGS, LLC}",evidenceOfInsurance,Evidence of Insurance,6ac20aae-5728-5d57-b364-aeba38527dba,Additional Requirements,3649e9d1-4e09-59bf-8f30-cb33c40cf117,"Certificate Holder must read: c/o Block Real Estate Services, LLC, 4622 Pennsylvania St., Suite 700, Kansas City, MO, 64112",,matchOnce,must be present,,,non_compliant,Block Requirements,,,true,0,,2026-08-16
"Block Real Estate Services, LLC",69fdf78062446148bd85880a,69fded1562446148bd848dd2,Friends of the Johnson County Library,69fdf0d602bb2c42a87a37d2,"prg803 - Pine Ridge Building C {PERG BUILDINGS, LLC}",evidenceOfInsurance,Evidence of Insurance,commercialGeneralLiability,Commercial General Liability,evidenceOfInsuranceCommercialGeneralLiabilityCoverageTriggerOccurrence,Coverage Trigger: Occurrence,,matchOnce,must be present,,,non_compliant,Block Requirements,,,false,0,,2026-08-16
"Block Real Estate Services, LLC",69fdf78062446148bd85880a,69fded1562446148bd848dd2,Friends of the Johnson County Library,69fdf0d602bb2c42a87a37d2,"prg803 - Pine Ridge Building C {PERG BUILDINGS, LLC}",evidenceOfInsurance,Evidence of Insurance,commercialGeneralLiability,Commercial General Liability,evidenceOfInsuranceCommercialGeneralLiabilityGeneralAggregateLimitAppliesPerLocation,General Aggregate Limit Applies per: Location,,matchOnce,must be present,,,non_compliant,Block Requirements,,,false,0,,2026-08-16
"Block Real Estate Services, LLC",69fdf78062446148bd85880a,69fded1562446148bd848dd2,Friends of the Johnson County Library,69fdf0d602bb2c42a87a37d2,"prg803 - Pine Ridge Building C {PERG BUILDINGS, LLC}",evidenceOfInsurance,Evidence of Insurance,commercialGeneralLiability,Commercial General Liability,evidenceOfInsuranceCommercialGeneralLiabilityEachOccurrence,Each Occurrence,,matchOnce,must be greater or equal to,1000000,,non_compliant,Block Requirements,,,false,0,,2026-08-16
"Block Real Estate Services, LLC",69fdf78062446148bd85880a,69fded1562446148bd848dd2,Friends of the Johnson County Library,69fdf0d602bb2c42a87a37d2,"prg803 - Pine Ridge Building C {PERG BUILDINGS, LLC}",evidenceOfInsurance,Evidence of Insurance,commercialGeneralLiability,Commercial General Liability,evidenceOfInsuranceCommercialGeneralLiabilityGeneralAggregate,General Aggregate,,matchOnce,must be greater or equal to,2000000,,non_compliant,Block Requirements,,,false,0,,2026-08-16
"Block Real Estate Services, LLC",69fdf78062446148bd85880a,69fded1562446148bd848dd2,Friends of the Johnson County Library,69fdf0d602bb2c42a87a37d2,"prg803 - Pine Ridge Building C {PERG BUILDINGS, LLC}",evidenceOfInsurance,Evidence of Insurance,commercialGeneralLiability,Commercial General Liability,evidenceOfInsuranceCommercialGeneralLiabilityWaiverOfSubrogationEndorsement,Waiver of Subrogation,"---prompt---
Determine if the insurer has waived their right of subrogation in favor of the certificate holder under the Commercial General Liability policy. Evidence may include: a checked ""Waiver of Subrogation"" box on the certificate, mention in the Description of Operations section stating ""waiver of subrogation applies"", or reference to form CG 24 04. Look for language like ""subrogation is waived"" or ""per written contract"".",matchOnce,must be present,,,non_compliant,Block Requirements,,,false,0,,2026-08-16
"Block Real Estate Services, LLC",69fdf78062446148bd85880a,69fded1562446148bd848dd2,Friends of the Johnson County Library,69fdf0d602bb2c42a87a37d2,"prg803 - Pine Ridge Building C {PERG BUILDINGS, LLC}",evidenceOfInsurance,Evidence of Insurance,excessOrUmbrellaLiability,Umbrella/Excess Liability,evidenceOfInsuranceExcessOrUmbrellaLiabilityOccurence,Coverage Trigger: Occurrence,,matchOnce,must be present,,,non_compliant,Block Requirements,,,false,0,,2026-08-16
"Block Real Estate Services, LLC",69fdf78062446148bd85880a,69fded1562446148bd848dd2,Friends of the Johnson County Library,69fdf0d602bb2c42a87a37d2,"prg803 - Pine Ridge Building C {PERG BUILDINGS, LLC}",evidenceOfInsurance,Evidence of Insurance,excessOrUmbrellaLiability,Umbrella/Excess Liability,evidenceOfInsuranceExcessOrUmbrellaLiabilityEachOccurrence,Each Occurrence,,matchOnce,must be greater or equal to,1000000,,non_compliant,Block Requirements,,,false,0,,2026-08-16
"Block Real Estate Services, LLC",69fdf78062446148bd85880a,69fded1562446148bd848dd2,Friends of the Johnson County Library,69fdf0d602bb2c42a87a37d2,"prg803 - Pine Ridge Building C {PERG BUILDINGS, LLC}",evidenceOfInsurance,Evidence of Insurance,excessOrUmbrellaLiability,Umbrella/Excess Liability,evidenceOfInsuranceExcessOrUmbrellaLiabilityAggregate,Aggregate,,matchOnce,must be greater or equal to,1000000,,non_compliant,Block Requirements,,,false,0,,2026-08-16
"Block Real Estate Services, LLC",69fdf78062446148bd85880a,69fded1562446148bd848dd2,Friends of the Johnson County Library,69fdf0d602bb2c42a87a37d2,"prg803 - Pine Ridge Building C {PERG BUILDINGS, LLC}",evidenceOfInsurance,Evidence of Insurance,workersCompensation,Workers' Compensation and Employer's Liability,evidenceOfInsuranceWorkersCompensationStatutoryLimits,Statutory Limits,,matchOnce,must be present,,,non_compliant,Block Requirements,,,false,0,,2026-08-16
"Block Real Estate Services, LLC",69fdf78062446148bd85880a,69fded1562446148bd848dd2,Friends of the Johnson County Library,69fdf0d602bb2c42a87a37d2,"prg803 - Pine Ridge Building C {PERG BUILDINGS, LLC}",evidenceOfInsurance,Evidence of Insurance,workersCompensation,Workers' Compensation and Employer's Liability,evidenceOfInsuranceWorkersCompensationEmployersLiabilityEachAccident,Employer's Liability Each Accident,,matchOnce,must be greater or equal to,500000,,non_compliant,Block Requirements,,,false,0,,2026-08-16
"Block Real Estate Services, LLC",69fdf78062446148bd85880a,69fded1562446148bd848dd2,Friends of the Johnson County Library,69fdf0d602bb2c42a87a37d2,"prg803 - Pine Ridge Building C {PERG BUILDINGS, LLC}",evidenceOfInsurance,Evidence of Insurance,workersCompensation,Workers' Compensation and Employer's Liability,evidenceOfInsuranceWorkersCompensationEmployersLiabilityDiseaseEachEmployee,Employer's Liability Disease - each employee,,matchOnce,must be greater or equal to,500000,,non_compliant,Block Requirements,,,false,0,,2026-08-16
"Block Real Estate Services, LLC",69fdf78062446148bd85880a,69fded1562446148bd848dd2,Friends of the Johnson County Library,69fdf0d602bb2c42a87a37d2,"prg803 - Pine Ridge Building C {PERG BUILDINGS, LLC}",evidenceOfInsurance,Evidence of Insurance,workersCompensation,Workers' Compensation and Employer's Liability,evidenceOfInsuranceWorkersCompensationEmployersLiabilityDiseasePolicyLimit,Employer's Liability Disease - policy limit,,matchOnce,must be greater or equal to,500000,,non_compliant,Block Requirements,,,false,0,,2026-08-16
"Block Real Estate Services, LLC",69fdf78062446148bd85880a,69fded1562446148bd848dd2,Friends of the Johnson County Library,69fdf0d602bb2c42a87a37d2,"prg803 - Pine Ridge Building C {PERG BUILDINGS, LLC}",evidenceOfInsurance,Evidence of Insurance,workersCompensation,Workers' Compensation and Employer's Liability,evidenceOfInsuranceWorkersCompensationWaiverOfSubrogationEndorsement,Waiver of Subrogation,"---prompt---
Determine if the insurer has waived their right of subrogation in favor of the certificate holder under the Workers' Compensation policy. Evidence may include: a checked ""Waiver of Subrogation"" box on the certificate, mention in the Description of Operations section stating ""waiver of subrogation applies"", or reference to form WC 00 03 13. Look for language like ""subrogation is waived"" or ""per written contract"".",matchOnce,must be present,,,non_compliant,Block Requirements,,,false,0,,2026-08-16
"Block Real Estate Services, LLC",69fdf78062446148bd85880a,69fded1562446148bd848dd2,Friends of the Johnson County Library,69fdf0d602bb2c42a87a37d2,"prg803 - Pine Ridge Building C {PERG BUILDINGS, LLC}",evidenceOfInsurance,Evidence of Insurance,6ac20aae-5728-5d57-b364-aeba38527dba,Additional Requirements,4da5b0f1-4c9d-5885-8cf8-5d3cccaed3e0,"Block Real Estate Services, LLC and all others required by contract are named as Additional Insureds","---prompt---
Determine if the Description of Operations or the Additional Remarks Schedule section states the ""Additional Insured as Construction Management, Inc. and all others required by contract"" or reference to blanket additional insured coverage. Look for language like ""certificate holder is additional insured"" or ""per written contract"".",matchOnce,must be present,,,non_compliant,Block Requirements,,,true,0,,2026-08-16
"Block Real Estate Services, LLC",69fdf78062446148bd85880a,69fded1562446148bd848dd2,Friends of the Johnson County Library,69fdf0d602bb2c42a87a37d2,"prg803 - Pine Ridge Building C {PERG BUILDINGS, LLC}",evidenceOfInsurance,Evidence of Insurance,6ac20aae-5728-5d57-b364-aeba38527dba,Additional Requirements,e1017741-e47e-5f58-97b8-fbc3043e919f,Umbrella follows form over General Liability,"---prompt---
Determine if the Umbrella/Excess Liability policy follows form to the underlying policies. Evidence may include: language in the Description of Operations section stating the umbrella follows form to underlying coverages or an additional page endorsement stating that it follows form. Follow form means the umbrella policy adopts the same terms, conditions, and exclusions as the underlying policies.",matchOnce,must be present,,,non_compliant,Block Requirements,,,true,0,,2026-08-16
"Block Real Estate Services, LLC",69fdf78062446148bd85880a,69fded1562446148bd848dd2,Friends of the Johnson County Library,69fdf0d602bb2c42a87a37d2,"prg803 - Pine Ridge Building C {PERG BUILDINGS, LLC}",evidenceOfInsurance,Evidence of Insurance,6ac20aae-5728-5d57-b364-aeba38527dba,Additional Requirements,2cdd866f-c9a4-576a-afd8-1d045762790c,The location must be listed as: 8279 Melrose Drive Lenexa KS 66214,,matchOnce,must be present,,,non_compliant,Block Requirements,,,true,0,,2026-08-16
"Block Real Estate Services, LLC",69fdf78062446148bd85880a,69fded1562446148bd848dd2,Friends of the Johnson County Library,69fdf0d602bb2c42a87a37d2,"prg803 - Pine Ridge Building C {PERG BUILDINGS, LLC}",evidenceOfInsurance,Evidence of Insurance,6ac20aae-5728-5d57-b364-aeba38527dba,Additional Requirements,3649e9d1-4e09-59bf-8f30-cb33c40cf117,"Certificate Holder must read: c/o Block Real Estate Services, LLC, 4622 Pennsylvania St., Suite 700, Kansas City, MO, 64112",,matchOnce,must be present,,,non_compliant,Block Requirements,,,true,0,,2026-08-16
"Block Real Estate Services, LLC",69fdf78062446148bd85880f,69fded2562446148bd8492d6,Zeller & Gmelin,69fdf0d602bb2c42a87a37d2,"prg803 - Pine Ridge Building C {PERG BUILDINGS, LLC}",evidenceOfInsurance,Evidence of Insurance,commercialGeneralLiability,Commercial General Liability,evidenceOfInsuranceCommercialGeneralLiabilityCoverageTriggerOccurrence,Coverage Trigger: Occurrence,,matchOnce,must be present,,,non_compliant,Block Requirements,,,false,0,,2026-08-16
"Block Real Estate Services, LLC",69fdf78062446148bd85880f,69fded2562446148bd8492d6,Zeller & Gmelin,69fdf0d602bb2c42a87a37d2,"prg803 - Pine Ridge Building C {PERG BUILDINGS, LLC}",evidenceOfInsurance,Evidence of Insurance,commercialGeneralLiability,Commercial General Liability,evidenceOfInsuranceCommercialGeneralLiabilityGeneralAggregateLimitAppliesPerLocation,General Aggregate Limit Applies per: Location,,matchOnce,must be present,,,non_compliant,Block Requirements,,,false,0,,2026-08-16
"Block Real Estate Services, LLC",69fdf78062446148bd85880f,69fded2562446148bd8492d6,Zeller & Gmelin,69fdf0d602bb2c42a87a37d2,"prg803 - Pine Ridge Building C {PERG BUILDINGS, LLC}",evidenceOfInsurance,Evidence of Insurance,commercialGeneralLiability,Commercial General Liability,evidenceOfInsuranceCommercialGeneralLiabilityEachOccurrence,Each Occurrence,,matchOnce,must be greater or equal to,1000000,,non_compliant,Block Requirements,,,false,0,,2026-08-16
"Block Real Estate Services, LLC",69fdf78062446148bd85880f,69fded2562446148bd8492d6,Zeller & Gmelin,69fdf0d602bb2c42a87a37d2,"prg803 - Pine Ridge Building C {PERG BUILDINGS, LLC}",evidenceOfInsurance,Evidence of Insurance,commercialGeneralLiability,Commercial General Liability,evidenceOfInsuranceCommercialGeneralLiabilityGeneralAggregate,General Aggregate,,matchOnce,must be greater or equal to,2000000,,non_compliant,Block Requirements,,,false,0,,2026-08-16
"Block Real Estate Services, LLC",69fdf78062446148bd85880f,69fded2562446148bd8492d6,Zeller & Gmelin,69fdf0d602bb2c42a87a37d2,"prg803 - Pine Ridge Building C {PERG BUILDINGS, LLC}",evidenceOfInsurance,Evidence of Insurance,commercialGeneralLiability,Commercial General Liability,evidenceOfInsuranceCommercialGeneralLiabilityWaiverOfSubrogationEndorsement,Waiver of Subrogation,"---prompt---
Determine if the insurer has waived their right of subrogation in favor of the certificate holder under the Commercial General Liability policy. Evidence may include: a checked ""Waiver of Subrogation"" box on the certificate, mention in the Description of Operations section stating ""waiver of subrogation applies"", or reference to form CG 24 04. Look for language like ""subrogation is waived"" or ""per written contract"".",matchOnce,must be present,,,non_compliant,Block Requirements,,,false,0,,2026-08-16
"Block Real Estate Services, LLC",69fdf78062446148bd85880f,69fded2562446148bd8492d6,Zeller & Gmelin,69fdf0d602bb2c42a87a37d2,"prg803 - Pine Ridge Building C {PERG BUILDINGS, LLC}",evidenceOfInsurance,Evidence of Insurance,excessOrUmbrellaLiability,Umbrella/Excess Liability,evidenceOfInsuranceExcessOrUmbrellaLiabilityOccurence,Coverage Trigger: Occurrence,,matchOnce,must be present,,,non_compliant,Block Requirements,,,false,0,,2026-08-16
"Block Real Estate Services, LLC",69fdf78062446148bd85880f,69fded2562446148bd8492d6,Zeller & Gmelin,69fdf0d602bb2c42a87a37d2,"prg803 - Pine Ridge Building C {PERG BUILDINGS, LLC}",evidenceOfInsurance,Evidence of Insurance,excessOrUmbrellaLiability,Umbrella/Excess Liability,evidenceOfInsuranceExcessOrUmbrellaLiabilityEachOccurrence,Each Occurrence,,matchOnce,must be greater or equal to,1000000,,non_compliant,Block Requirements,,,false,0,,2026-08-16
"Block Real Estate Services, LLC",69fdf78062446148bd85880f,69fded2562446148bd8492d6,Zeller & Gmelin,69fdf0d602bb2c42a87a37d2,"prg803 - Pine Ridge Building C {PERG BUILDINGS, LLC}",evidenceOfInsurance,Evidence of Insurance,excessOrUmbrellaLiability,Umbrella/Excess Liability,evidenceOfInsuranceExcessOrUmbrellaLiabilityAggregate,Aggregate,,matchOnce,must be greater or equal to,1000000,,non_compliant,Block Requirements,,,false,0,,2026-08-16
"Block Real Estate Services, LLC",69fdf78062446148bd85880f,69fded2562446148bd8492d6,Zeller & Gmelin,69fdf0d602bb2c42a87a37d2,"prg803 - Pine Ridge Building C {PERG BUILDINGS, LLC}",evidenceOfInsurance,Evidence of Insurance,workersCompensation,Workers' Compensation and Employer's Liability,evidenceOfInsuranceWorkersCompensationStatutoryLimits,Statutory Limits,,matchOnce,must be present,,,non_compliant,Block Requirements,,,false,0,,2026-08-16
"Block Real Estate Services, LLC",69fdf78062446148bd85880f,69fded2562446148bd8492d6,Zeller & Gmelin,69fdf0d602bb2c42a87a37d2,"prg803 - Pine Ridge Building C {PERG BUILDINGS, LLC}",evidenceOfInsurance,Evidence of Insurance,workersCompensation,Workers' Compensation and Employer's Liability,evidenceOfInsuranceWorkersCompensationEmployersLiabilityEachAccident,Employer's Liability Each Accident,,matchOnce,must be greater or equal to,500000,,non_compliant,Block Requirements,,,false,0,,2026-08-16
"Block Real Estate Services, LLC",69fdf78062446148bd85880f,69fded2562446148bd8492d6,Zeller & Gmelin,69fdf0d602bb2c42a87a37d2,"prg803 - Pine Ridge Building C {PERG BUILDINGS, LLC}",evidenceOfInsurance,Evidence of Insurance,workersCompensation,Workers' Compensation and Employer's Liability,evidenceOfInsuranceWorkersCompensationEmployersLiabilityDiseaseEachEmployee,Employer's Liability Disease - each employee,,matchOnce,must be greater or equal to,500000,,non_compliant,Block Requirements,,,false,0,,2026-08-16
"Block Real Estate Services, LLC",69fdf78062446148bd85880f,69fded2562446148bd8492d6,Zeller & Gmelin,69fdf0d602bb2c42a87a37d2,"prg803 - Pine Ridge Building C {PERG BUILDINGS, LLC}",evidenceOfInsurance,Evidence of Insurance,workersCompensation,Workers' Compensation and Employer's Liability,evidenceOfInsuranceWorkersCompensationEmployersLiabilityDiseasePolicyLimit,Employer's Liability Disease - policy limit,,matchOnce,must be greater or equal to,500000,,non_compliant,Block Requirements,,,false,0,,2026-08-16
"Block Real Estate Services, LLC",69fdf78062446148bd85880f,69fded2562446148bd8492d6,Zeller & Gmelin,69fdf0d602bb2c42a87a37d2,"prg803 - Pine Ridge Building C {PERG BUILDINGS, LLC}",evidenceOfInsurance,Evidence of Insurance,workersCompensation,Workers' Compensation and Employer's Liability,evidenceOfInsuranceWorkersCompensationWaiverOfSubrogationEndorsement,Waiver of Subrogation,"---prompt---
Determine if the insurer has waived their right of subrogation in favor of the certificate holder under the Workers' Compensation policy. Evidence may include: a checked ""Waiver of Subrogation"" box on the certificate, mention in the Description of Operations section stating ""waiver of subrogation applies"", or reference to form WC 00 03 13. Look for language like ""subrogation is waived"" or ""per written contract"".",matchOnce,must be present,,,non_compliant,Block Requirements,,,false,0,,2026-08-16
"Block Real Estate Services, LLC",69fdf78062446148bd85880f,69fded2562446148bd8492d6,Zeller & Gmelin,69fdf0d602bb2c42a87a37d2,"prg803 - Pine Ridge Building C {PERG BUILDINGS, LLC}",evidenceOfInsurance,Evidence of Insurance,6ac20aae-5728-5d57-b364-aeba38527dba,Additional Requirements,4da5b0f1-4c9d-5885-8cf8-5d3cccaed3e0,"Block Real Estate Services, LLC and all others required by contract are named as Additional Insureds","---prompt---
Determine if the Description of Operations or the Additional Remarks Schedule section states the ""Additional Insured as Construction Management, Inc. and all others required by contract"" or reference to blanket additional insured coverage. Look for language like ""certificate holder is additional insured"" or ""per written contract"".",matchOnce,must be present,,,non_compliant,Block Requirements,,,true,0,,2026-08-16
"Block Real Estate Services, LLC",69fdf78062446148bd85880f,69fded2562446148bd8492d6,Zeller & Gmelin,69fdf0d602bb2c42a87a37d2,"prg803 - Pine Ridge Building C {PERG BUILDINGS, LLC}",evidenceOfInsurance,Evidence of Insurance,6ac20aae-5728-5d57-b364-aeba38527dba,Additional Requirements,e1017741-e47e-5f58-97b8-fbc3043e919f,Umbrella follows form over General Liability,"---prompt---
Determine if the Umbrella/Excess Liability policy follows form to the underlying policies. Evidence may include: language in the Description of Operations section stating the umbrella follows form to underlying coverages or an additional page endorsement stating that it follows form. Follow form means the umbrella policy adopts the same terms, conditions, and exclusions as the underlying policies.",matchOnce,must be present,,,non_compliant,Block Requirements,,,true,0,,2026-08-16
"Block Real Estate Services, LLC",69fdf78062446148bd85880f,69fded2562446148bd8492d6,Zeller & Gmelin,69fdf0d602bb2c42a87a37d2,"prg803 - Pine Ridge Building C {PERG BUILDINGS, LLC}",evidenceOfInsurance,Evidence of Insurance,6ac20aae-5728-5d57-b364-aeba38527dba,Additional Requirements,2cdd866f-c9a4-576a-afd8-1d045762790c,The location must be listed as: 8277 Melrose Drive Lenexa KS 66214,,matchOnce,must be present,,,non_compliant,Block Requirements,,,true,0,,2026-08-16
"Block Real Estate Services, LLC",69fdf78062446148bd85880f,69fded2562446148bd8492d6,Zeller & Gmelin,69fdf0d602bb2c42a87a37d2,"prg803 - Pine Ridge Building C {PERG BUILDINGS, LLC}",evidenceOfInsurance,Evidence of Insurance,6ac20aae-5728-5d57-b364-aeba38527dba,Additional Requirements,3649e9d1-4e09-59bf-8f30-cb33c40cf117,"Certificate Holder must read: c/o Block Real Estate Services, LLC, 4622 Pennsylvania St., Suite 700, Kansas City, MO, 64112",,matchOnce,must be present,,,non_compliant,Block Requirements,,,true,0,,2026-08-16
"Block Real Estate Services, LLC",69fdf78062446148bd85880e,69fded1e62446148bd8490a5,Power Motion Inc,69fdf0d602bb2c42a87a37d2,"prg803 - Pine Ridge Building C {PERG BUILDINGS, LLC}",evidenceOfInsurance,Evidence of Insurance,commercialGeneralLiability,Commercial General Liability,evidenceOfInsuranceCommercialGeneralLiabilityCoverageTriggerOccurrence,Coverage Trigger: Occurrence,,matchOnce,must be present,,Present,compliant,Block Requirements,,,false,1,,2026-08-16
"Block Real Estate Services, LLC",69fdf78062446148bd85880e,69fded1e62446148bd8490a5,Power Motion Inc,69fdf0d602bb2c42a87a37d2,"prg803 - Pine Ridge Building C {PERG BUILDINGS, LLC}",evidenceOfInsurance,Evidence of Insurance,commercialGeneralLiability,Commercial General Liability,evidenceOfInsuranceCommercialGeneralLiabilityGeneralAggregateLimitAppliesPerLocation,General Aggregate Limit Applies per: Location,,matchOnce,must be present,,,non_compliant,Block Requirements,,,false,0,,2026-08-16
"Block Real Estate Services, LLC",69fdf78062446148bd85880e,69fded1e62446148bd8490a5,Power Motion Inc,69fdf0d602bb2c42a87a37d2,"prg803 - Pine Ridge Building C {PERG BUILDINGS, LLC}",evidenceOfInsurance,Evidence of Insurance,commercialGeneralLiability,Commercial General Liability,evidenceOfInsuranceCommercialGeneralLiabilityEachOccurrence,Each Occurrence,,matchOnce,must be greater or equal to,1000000,1000000,compliant,Block Requirements,,,false,1,,2026-08-16
"Block Real Estate Services, LLC",69fdf78062446148bd85880e,69fded1e62446148bd8490a5,Power Motion Inc,69fdf0d602bb2c42a87a37d2,"prg803 - Pine Ridge Building C {PERG BUILDINGS, LLC}",evidenceOfInsurance,Evidence of Insurance,commercialGeneralLiability,Commercial General Liability,evidenceOfInsuranceCommercialGeneralLiabilityGeneralAggregate,General Aggregate,,matchOnce,must be greater or equal to,2000000,3000000,compliant,Block Requirements,,,false,1,,2026-08-16
"Block Real Estate Services, LLC",69fdf78062446148bd85880e,69fded1e62446148bd8490a5,Power Motion Inc,69fdf0d602bb2c42a87a37d2,"prg803 - Pine Ridge Building C {PERG BUILDINGS, LLC}",evidenceOfInsurance,Evidence of Insurance,commercialGeneralLiability,Commercial General Liability,evidenceOfInsuranceCommercialGeneralLiabilityWaiverOfSubrogationEndorsement,Waiver of Subrogation,"---prompt---
Determine if the insurer has waived their right of subrogation in favor of the certificate holder under the Commercial General Liability policy. Evidence may include: a checked ""Waiver of Subrogation"" box on the certificate, mention in the Description of Operations section stating ""waiver of subrogation applies"", or reference to form CG 24 04. Look for language like ""subrogation is waived"" or ""per written contract"".",matchOnce,must be present,,Present,compliant,Block Requirements,,,false,1,,2026-08-16
"Block Real Estate Services, LLC",69fdf78062446148bd85880e,69fded1e62446148bd8490a5,Power Motion Inc,69fdf0d602bb2c42a87a37d2,"prg803 - Pine Ridge Building C {PERG BUILDINGS, LLC}",evidenceOfInsurance,Evidence of Insurance,excessOrUmbrellaLiability,Umbrella/Excess Liability,evidenceOfInsuranceExcessOrUmbrellaLiabilityOccurence,Coverage Trigger: Occurrence,,matchOnce,must be present,,Present,compliant,Block Requirements,,,false,1,,2026-08-16
"Block Real Estate Services, LLC",69fdf78062446148bd85880e,69fded1e62446148bd8490a5,Power Motion Inc,69fdf0d602bb2c42a87a37d2,"prg803 - Pine Ridge Building C {PERG BUILDINGS, LLC}",evidenceOfInsurance,Evidence of Insurance,excessOrUmbrellaLiability,Umbrella/Excess Liability,evidenceOfInsuranceExcessOrUmbrellaLiabilityEachOccurrence,Each Occurrence,,matchOnce,must be greater or equal to,1000000,,non_compliant,Block Requirements,,,false,0,,2026-08-16
"Block Real Estate Services, LLC",69fdf78062446148bd85880e,69fded1e62446148bd8490a5,Power Motion Inc,69fdf0d602bb2c42a87a37d2,"prg803 - Pine Ridge Building C {PERG BUILDINGS, LLC}",evidenceOfInsurance,Evidence of Insurance,excessOrUmbrellaLiability,Umbrella/Excess Liability,evidenceOfInsuranceExcessOrUmbrellaLiabilityAggregate,Aggregate,,matchOnce,must be greater or equal to,1000000,4000000,compliant,Block Requirements,,,false,1,,2026-08-16
"Block Real Estate Services, LLC",69fdf78062446148bd85880e,69fded1e62446148bd8490a5,Power Motion Inc,69fdf0d602bb2c42a87a37d2,"prg803 - Pine Ridge Building C {PERG BUILDINGS, LLC}",evidenceOfInsurance,Evidence of Insurance,workersCompensation,Workers' Compensation and Employer's Liability,evidenceOfInsuranceWorkersCompensationStatutoryLimits,Statutory Limits,,matchOnce,must be present,,Present,compliant,Block Requirements,,,false,1,,2026-08-16
"Block Real Estate Services, LLC",69fdf78062446148bd85880e,69fded1e62446148bd8490a5,Power Motion Inc,69fdf0d602bb2c42a87a37d2,"prg803 - Pine Ridge Building C {PERG BUILDINGS, LLC}",evidenceOfInsurance,Evidence of Insurance,workersCompensation,Workers' Compensation and Employer's Liability,evidenceOfInsuranceWorkersCompensationEmployersLiabilityEachAccident,Employer's Liability Each Accident,,matchOnce,must be greater or equal to,500000,500000,compliant,Block Requirements,,,false,1,,2026-08-16
"Block Real Estate Services, LLC",69fdf78062446148bd85880e,69fded1e62446148bd8490a5,Power Motion Inc,69fdf0d602bb2c42a87a37d2,"prg803 - Pine Ridge Building C {PERG BUILDINGS, LLC}",evidenceOfInsurance,Evidence of Insurance,workersCompensation,Workers' Compensation and Employer's Liability,evidenceOfInsuranceWorkersCompensationEmployersLiabilityDiseaseEachEmployee,Employer's Liability Disease - each employee,,matchOnce,must be greater or equal to,500000,500000,compliant,Block Requirements,,,false,1,,2026-08-16
"Block Real Estate Services, LLC",69fdf78062446148bd85880e,69fded1e62446148bd8490a5,Power Motion Inc,69fdf0d602bb2c42a87a37d2,"prg803 - Pine Ridge Building C {PERG BUILDINGS, LLC}",evidenceOfInsurance,Evidence of Insurance,workersCompensation,Workers' Compensation and Employer's Liability,evidenceOfInsuranceWorkersCompensationEmployersLiabilityDiseasePolicyLimit,Employer's Liability Disease - policy limit,,matchOnce,must be greater or equal to,500000,500000,compliant,Block Requirements,,,false,1,,2026-08-16
"Block Real Estate Services, LLC",69fdf78062446148bd85880e,69fded1e62446148bd8490a5,Power Motion Inc,69fdf0d602bb2c42a87a37d2,"prg803 - Pine Ridge Building C {PERG BUILDINGS, LLC}",evidenceOfInsurance,Evidence of Insurance,workersCompensation,Workers' Compensation and Employer's Liability,evidenceOfInsuranceWorkersCompensationWaiverOfSubrogationEndorsement,Waiver of Subrogation,"---prompt---
Determine if the insurer has waived their right of subrogation in favor of the certificate holder under the Workers' Compensation policy. Evidence may include: a checked ""Waiver of Subrogation"" box on the certificate, mention in the Description of Operations section stating ""waiver of subrogation applies"", or reference to form WC 00 03 13. Look for language like ""subrogation is waived"" or ""per written contract"".",matchOnce,must be present,,Present,compliant,Block Requirements,,,false,1,,2026-08-16
"Block Real Estate Services, LLC",69fdf78062446148bd85880e,69fded1e62446148bd8490a5,Power Motion Inc,69fdf0d602bb2c42a87a37d2,"prg803 - Pine Ridge Building C {PERG BUILDINGS, LLC}",evidenceOfInsurance,Evidence of Insurance,6ac20aae-5728-5d57-b364-aeba38527dba,Additional Requirements,4da5b0f1-4c9d-5885-8cf8-5d3cccaed3e0,"Block Real Estate Services, LLC and all others required by contract are named as Additional Insureds","---prompt---
Determine if the Description of Operations or the Additional Remarks Schedule section states the ""Additional Insured as Construction Management, Inc. and all others required by contract"" or reference to blanket additional insured coverage. Look for language like ""certificate holder is additional insured"" or ""per written contract"".",matchOnce,must be present,,Present,compliant,Block Requirements,,,true,1,,2026-08-16
"Block Real Estate Services, LLC",69fdf78062446148bd85880e,69fded1e62446148bd8490a5,Power Motion Inc,69fdf0d602bb2c42a87a37d2,"prg803 - Pine Ridge Building C {PERG BUILDINGS, LLC}",evidenceOfInsurance,Evidence of Insurance,6ac20aae-5728-5d57-b364-aeba38527dba,Additional Requirements,e1017741-e47e-5f58-97b8-fbc3043e919f,Umbrella follows form over General Liability,"---prompt---
Determine if the Umbrella/Excess Liability policy follows form to the underlying policies. Evidence may include: language in the Description of Operations section stating the umbrella follows form to underlying coverages or an additional page endorsement stating that it follows form. Follow form means the umbrella policy adopts the same terms, conditions, and exclusions as the underlying policies.",matchOnce,must be present,,Present,compliant,Block Requirements,,,true,1,,2026-08-16
"Block Real Estate Services, LLC",69fdf78062446148bd85880e,69fded1e62446148bd8490a5,Power Motion Inc,69fdf0d602bb2c42a87a37d2,"prg803 - Pine Ridge Building C {PERG BUILDINGS, LLC}",evidenceOfInsurance,Evidence of Insurance,6ac20aae-5728-5d57-b364-aeba38527dba,Additional Requirements,2cdd866f-c9a4-576a-afd8-1d045762790c,The location must be listed as: 8275 Melrose Drive Lenexa KS 66214,,matchOnce,must be present,,Present,compliant,Block Requirements,,,true,2,,2026-08-16
"Block Real Estate Services, LLC",69fdf78062446148bd85880e,69fded1e62446148bd8490a5,Power Motion Inc,69fdf0d602bb2c42a87a37d2,"prg803 - Pine Ridge Building C {PERG BUILDINGS, LLC}",evidenceOfInsurance,Evidence of Insurance,6ac20aae-5728-5d57-b364-aeba38527dba,Additional Requirements,3649e9d1-4e09-59bf-8f30-cb33c40cf117,"Certificate Holder must read: c/o Block Real Estate Services, LLC, 4622 Pennsylvania St., Suite 700, Kansas City, MO, 64112",,matchOnce,must be present,,Present,compliant,Block Requirements,,,true,2,,2026-08-16
"Block Real Estate Services, LLC",6a1877e4dbcac4598a69f1a4,69fded1562446148bd848dd2,Friends of the Johnson County Library,69fdf0d602bb2c42a87a37d2,"prg803 - Pine Ridge Building C {PERG BUILDINGS, LLC}",evidenceOfInsurance,Evidence of Insurance,commercialGeneralLiability,Commercial General Liability,evidenceOfInsuranceCommercialGeneralLiabilityCoverageTriggerOccurrence,Coverage Trigger: Occurrence,,matchOnce,must be present,,,non_compliant,Block Requirements,,,false,0,,2026-08-16
"Block Real Estate Services, LLC",6a1877e4dbcac4598a69f1a4,69fded1562446148bd848dd2,Friends of the Johnson County Library,69fdf0d602bb2c42a87a37d2,"prg803 - Pine Ridge Building C {PERG BUILDINGS, LLC}",evidenceOfInsurance,Evidence of Insurance,commercialGeneralLiability,Commercial General Liability,evidenceOfInsuranceCommercialGeneralLiabilityGeneralAggregateLimitAppliesPerLocation,General Aggregate Limit Applies per: Location,,matchOnce,must be present,,,non_compliant,Block Requirements,,,false,0,,2026-08-16
"Block Real Estate Services, LLC",6a1877e4dbcac4598a69f1a4,69fded1562446148bd848dd2,Friends of the Johnson County Library,69fdf0d602bb2c42a87a37d2,"prg803 - Pine Ridge Building C {PERG BUILDINGS, LLC}",evidenceOfInsurance,Evidence of Insurance,commercialGeneralLiability,Commercial General Liability,evidenceOfInsuranceCommercialGeneralLiabilityEachOccurrence,Each Occurrence,,matchOnce,must be greater or equal to,1000000,,non_compliant,Block Requirements,,,false,0,,2026-08-16
"Block Real Estate Services, LLC",6a1877e4dbcac4598a69f1a4,69fded1562446148bd848dd2,Friends of the Johnson County Library,69fdf0d602bb2c42a87a37d2,"prg803 - Pine Ridge Building C {PERG BUILDINGS, LLC}",evidenceOfInsurance,Evidence of Insurance,commercialGeneralLiability,Commercial General Liability,evidenceOfInsuranceCommercialGeneralLiabilityGeneralAggregate,General Aggregate,,matchOnce,must be greater or equal to,2000000,,non_compliant,Block Requirements,,,false,0,,2026-08-16
"Block Real Estate Services, LLC",6a1877e4dbcac4598a69f1a4,69fded1562446148bd848dd2,Friends of the Johnson County Library,69fdf0d602bb2c42a87a37d2,"prg803 - Pine Ridge Building C {PERG BUILDINGS, LLC}",evidenceOfInsurance,Evidence of Insurance,commercialGeneralLiability,Commercial General Liability,evidenceOfInsuranceCommercialGeneralLiabilityWaiverOfSubrogationEndorsement,Waiver of Subrogation,"---prompt---
Determine if the insurer has waived their right of subrogation in favor of the certificate holder under the Commercial General Liability policy. Evidence may include: a checked ""Waiver of Subrogation"" box on the certificate, mention in the Description of Operations section stating ""waiver of subrogation applies"", or reference to form CG 24 04. Look for language like ""subrogation is waived"" or ""per written contract"".",matchOnce,must be present,,,non_compliant,Block Requirements,,,false,0,,2026-08-16
"Block Real Estate Services, LLC",6a1877e4dbcac4598a69f1a4,69fded1562446148bd848dd2,Friends of the Johnson County Library,69fdf0d602bb2c42a87a37d2,"prg803 - Pine Ridge Building C {PERG BUILDINGS, LLC}",evidenceOfInsurance,Evidence of Insurance,excessOrUmbrellaLiability,Umbrella/Excess Liability,evidenceOfInsuranceExcessOrUmbrellaLiabilityOccurence,Coverage Trigger: Occurrence,,matchOnce,must be present,,,non_compliant,Block Requirements,,,false,0,,2026-08-16
"Block Real Estate Services, LLC",6a1877e4dbcac4598a69f1a4,69fded1562446148bd848dd2,Friends of the Johnson County Library,69fdf0d602bb2c42a87a37d2,"prg803 - Pine Ridge Building C {PERG BUILDINGS, LLC}",evidenceOfInsurance,Evidence of Insurance,excessOrUmbrellaLiability,Umbrella/Excess Liability,evidenceOfInsuranceExcessOrUmbrellaLiabilityEachOccurrence,Each Occurrence,,matchOnce,must be greater or equal to,1000000,,non_compliant,Block Requirements,,,false,0,,2026-08-16
"Block Real Estate Services, LLC",6a1877e4dbcac4598a69f1a4,69fded1562446148bd848dd2,Friends of the Johnson County Library,69fdf0d602bb2c42a87a37d2,"prg803 - Pine Ridge Building C {PERG BUILDINGS, LLC}",evidenceOfInsurance,Evidence of Insurance,excessOrUmbrellaLiability,Umbrella/Excess Liability,evidenceOfInsuranceExcessOrUmbrellaLiabilityAggregate,Aggregate,,matchOnce,must be greater or equal to,1000000,,non_compliant,Block Requirements,,,false,0,,2026-08-16
"Block Real Estate Services, LLC",6a1877e4dbcac4598a69f1a4,69fded1562446148bd848dd2,Friends of the Johnson County Library,69fdf0d602bb2c42a87a37d2,"prg803 - Pine Ridge Building C {PERG BUILDINGS, LLC}",evidenceOfInsurance,Evidence of Insurance,workersCompensation,Workers' Compensation and Employer's Liability,evidenceOfInsuranceWorkersCompensationStatutoryLimits,Statutory Limits,,matchOnce,must be present,,,non_compliant,Block Requirements,,,false,0,,2026-08-16
"Block Real Estate Services, LLC",6a1877e4dbcac4598a69f1a4,69fded1562446148bd848dd2,Friends of the Johnson County Library,69fdf0d602bb2c42a87a37d2,"prg803 - Pine Ridge Building C {PERG BUILDINGS, LLC}",evidenceOfInsurance,Evidence of Insurance,workersCompensation,Workers' Compensation and Employer's Liability,evidenceOfInsuranceWorkersCompensationEmployersLiabilityEachAccident,Employer's Liability Each Accident,,matchOnce,must be greater or equal to,500000,,non_compliant,Block Requirements,,,false,0,,2026-08-16
"Block Real Estate Services, LLC",6a1877e4dbcac4598a69f1a4,69fded1562446148bd848dd2,Friends of the Johnson County Library,69fdf0d602bb2c42a87a37d2,"prg803 - Pine Ridge Building C {PERG BUILDINGS, LLC}",evidenceOfInsurance,Evidence of Insurance,workersCompensation,Workers' Compensation and Employer's Liability,evidenceOfInsuranceWorkersCompensationEmployersLiabilityDiseaseEachEmployee,Employer's Liability Disease - each employee,,matchOnce,must be greater or equal to,500000,,non_compliant,Block Requirements,,,false,0,,2026-08-16
"Block Real Estate Services, LLC",6a1877e4dbcac4598a69f1a4,69fded1562446148bd848dd2,Friends of the Johnson County Library,69fdf0d602bb2c42a87a37d2,"prg803 - Pine Ridge Building C {PERG BUILDINGS, LLC}",evidenceOfInsurance,Evidence of Insurance,workersCompensation,Workers' Compensation and Employer's Liability,evidenceOfInsuranceWorkersCompensationEmployersLiabilityDiseasePolicyLimit,Employer's Liability Disease - policy limit,,matchOnce,must be greater or equal to,500000,,non_compliant,Block Requirements,,,false,0,,2026-08-16
"Block Real Estate Services, LLC",6a1877e4dbcac4598a69f1a4,69fded1562446148bd848dd2,Friends of the Johnson County Library,69fdf0d602bb2c42a87a37d2,"prg803 - Pine Ridge Building C {PERG BUILDINGS, LLC}",evidenceOfInsurance,Evidence of Insurance,workersCompensation,Workers' Compensation and Employer's Liability,evidenceOfInsuranceWorkersCompensationWaiverOfSubrogationEndorsement,Waiver of Subrogation,"---prompt---
Determine if the insurer has waived their right of subrogation in favor of the certificate holder under the Workers' Compensation policy. Evidence may include: a checked ""Waiver of Subrogation"" box on the certificate, mention in the Description of Operations section stating ""waiver of subrogation applies"", or reference to form WC 00 03 13. Look for language like ""subrogation is waived"" or ""per written contract"".",matchOnce,must be present,,,non_compliant,Block Requirements,,,false,0,,2026-08-16
"Block Real Estate Services, LLC",6a1877e4dbcac4598a69f1a4,69fded1562446148bd848dd2,Friends of the Johnson County Library,69fdf0d602bb2c42a87a37d2,"prg803 - Pine Ridge Building C {PERG BUILDINGS, LLC}",evidenceOfInsurance,Evidence of Insurance,6ac20aae-5728-5d57-b364-aeba38527dba,Additional Requirements,4da5b0f1-4c9d-5885-8cf8-5d3cccaed3e0,"Block Real Estate Services, LLC and all others required by contract are named as Additional Insureds","---prompt---
Determine if the Description of Operations or the Additional Remarks Schedule section states the ""Additional Insured as Construction Management, Inc. and all others required by contract"" or reference to blanket additional insured coverage. Look for language like ""certificate holder is additional insured"" or ""per written contract"".",matchOnce,must be present,,,non_compliant,Block Requirements,,,true,0,,2026-08-16
"Block Real Estate Services, LLC",6a1877e4dbcac4598a69f1a4,69fded1562446148bd848dd2,Friends of the Johnson County Library,69fdf0d602bb2c42a87a37d2,"prg803 - Pine Ridge Building C {PERG BUILDINGS, LLC}",evidenceOfInsurance,Evidence of Insurance,6ac20aae-5728-5d57-b364-aeba38527dba,Additional Requirements,e1017741-e47e-5f58-97b8-fbc3043e919f,Umbrella follows form over General Liability,"---prompt---
Determine if the Umbrella/Excess Liability policy follows form to the underlying policies. Evidence may include: language in the Description of Operations section stating the umbrella follows form to underlying coverages or an additional page endorsement stating that it follows form. Follow form means the umbrella policy adopts the same terms, conditions, and exclusions as the underlying policies.",matchOnce,must be present,,,non_compliant,Block Requirements,,,true,0,,2026-08-16
"Block Real Estate Services, LLC",6a1877e4dbcac4598a69f1a4,69fded1562446148bd848dd2,Friends of the Johnson County Library,69fdf0d602bb2c42a87a37d2,"prg803 - Pine Ridge Building C {PERG BUILDINGS, LLC}",evidenceOfInsurance,Evidence of Insurance,6ac20aae-5728-5d57-b364-aeba38527dba,Additional Requirements,2cdd866f-c9a4-576a-afd8-1d045762790c,The location must be listed as: 8281 Melrose Drive Lenexa KS 66214,,matchOnce,must be present,,,non_compliant,Block Requirements,,,true,0,,2026-08-16
"Block Real Estate Services, LLC",6a1877e4dbcac4598a69f1a4,69fded1562446148bd848dd2,Friends of the Johnson County Library,69fdf0d602bb2c42a87a37d2,"prg803 - Pine Ridge Building C {PERG BUILDINGS, LLC}",evidenceOfInsurance,Evidence of Insurance,6ac20aae-5728-5d57-b364-aeba38527dba,Additional Requirements,3649e9d1-4e09-59bf-8f30-cb33c40cf117,"Certificate Holder must read: c/o Block Real Estate Services, LLC, 4622 Pennsylvania St., Suite 700, Kansas City, MO, 64112",,matchOnce,must be present,,,non_compliant,Block Requirements,,,true,0,,2026-08-16
"Block Real Estate Services, LLC",69fdf7b562446148bd85c459,69fded1562446148bd848dd8,"Future Foam, Inc",69fdf1f18e25e7a0d918af0d,"tic784 - Macon-Bedford Distribution Center #1 {Cal Vent Group, LTD}",evidenceOfInsurance,Evidence of Insurance,commercialGeneralLiability,Commercial General Liability,evidenceOfInsuranceCommercialGeneralLiabilityCoverageTriggerOccurrence,Coverage Trigger: Occurrence,,matchOnce,must be present,,Present,compliant,Block Requirements,,,false,1,,2026-08-16
"Block Real Estate Services, LLC",69fdf7b562446148bd85c459,69fded1562446148bd848dd8,"Future Foam, Inc",69fdf1f18e25e7a0d918af0d,"tic784 - Macon-Bedford Distribution Center #1 {Cal Vent Group, LTD}",evidenceOfInsurance,Evidence of Insurance,commercialGeneralLiability,Commercial General Liability,evidenceOfInsuranceCommercialGeneralLiabilityGeneralAggregateLimitAppliesPerLocation,General Aggregate Limit Applies per: Location,,matchOnce,must be present,,,non_compliant,Block Requirements,,,false,0,,2026-08-16
"Block Real Estate Services, LLC",69fdf7b562446148bd85c459,69fded1562446148bd848dd8,"Future Foam, Inc",69fdf1f18e25e7a0d918af0d,"tic784 - Macon-Bedford Distribution Center #1 {Cal Vent Group, LTD}",evidenceOfInsurance,Evidence of Insurance,commercialGeneralLiability,Commercial General Liability,evidenceOfInsuranceCommercialGeneralLiabilityEachOccurrence,Each Occurrence,,matchOnce,must be greater or equal to,1000000,2000000,compliant,Block Requirements,,,false,1,,2026-08-16
"Block Real Estate Services, LLC",69fdf7b562446148bd85c459,69fded1562446148bd848dd8,"Future Foam, Inc",69fdf1f18e25e7a0d918af0d,"tic784 - Macon-Bedford Distribution Center #1 {Cal Vent Group, LTD}",evidenceOfInsurance,Evidence of Insurance,commercialGeneralLiability,Commercial General Liability,evidenceOfInsuranceCommercialGeneralLiabilityGeneralAggregate,General Aggregate,,matchOnce,must be greater or equal to,2000000,2000000,compliant,Block Requirements,,,false,1,,2026-08-16
"Block Real Estate Services, LLC",69fdf7b562446148bd85c459,69fded1562446148bd848dd8,"Future Foam, Inc",69fdf1f18e25e7a0d918af0d,"tic784 - Macon-Bedford Distribution Center #1 {Cal Vent Group, LTD}",evidenceOfInsurance,Evidence of Insurance,commercialGeneralLiability,Commercial General Liability,evidenceOfInsuranceCommercialGeneralLiabilityWaiverOfSubrogationEndorsement,Waiver of Subrogation,"---prompt---
Determine if the insurer has waived their right of subrogation in favor of the certificate holder under the Commercial General Liability policy. Evidence may include: a checked ""Waiver of Subrogation"" box on the certificate, mention in the Description of Operations section stating ""waiver of subrogation applies"", or reference to form CG 24 04. Look for language like ""subrogation is waived"" or ""per written contract"".",matchOnce,must be present,,,non_compliant,Block Requirements,,,false,0,,2026-08-16
"Block Real Estate Services, LLC",69fdf7b562446148bd85c459,69fded1562446148bd848dd8,"Future Foam, Inc",69fdf1f18e25e7a0d918af0d,"tic784 - Macon-Bedford Distribution Center #1 {Cal Vent Group, LTD}",evidenceOfInsurance,Evidence of Insurance,excessOrUmbrellaLiability,Umbrella/Excess Liability,evidenceOfInsuranceExcessOrUmbrellaLiabilityOccurence,Coverage Trigger: Occurrence,,matchOnce,must be present,,,non_compliant,Block Requirements,,,false,0,,2026-08-16
"Block Real Estate Services, LLC",69fdf7b562446148bd85c459,69fded1562446148bd848dd8,"Future Foam, Inc",69fdf1f18e25e7a0d918af0d,"tic784 - Macon-Bedford Distribution Center #1 {Cal Vent Group, LTD}",evidenceOfInsurance,Evidence of Insurance,excessOrUmbrellaLiability,Umbrella/Excess Liability,evidenceOfInsuranceExcessOrUmbrellaLiabilityEachOccurrence,Each Occurrence,,matchOnce,must be greater or equal to,1000000,10000000,compliant,Block Requirements,,,false,1,,2026-08-16
"Block Real Estate Services, LLC",69fdf7b562446148bd85c459,69fded1562446148bd848dd8,"Future Foam, Inc",69fdf1f18e25e7a0d918af0d,"tic784 - Macon-Bedford Distribution Center #1 {Cal Vent Group, LTD}",evidenceOfInsurance,Evidence of Insurance,excessOrUmbrellaLiability,Umbrella/Excess Liability,evidenceOfInsuranceExcessOrUmbrellaLiabilityAggregate,Aggregate,,matchOnce,must be greater or equal to,1000000,10000000,compliant,Block Requirements,,,false,1,,2026-08-16
"Block Real Estate Services, LLC",69fdf7b562446148bd85c459,69fded1562446148bd848dd8,"Future Foam, Inc",69fdf1f18e25e7a0d918af0d,"tic784 - Macon-Bedford Distribution Center #1 {Cal Vent Group, LTD}",evidenceOfInsurance,Evidence of Insurance,workersCompensation,Workers' Compensation and Employer's Liability,evidenceOfInsuranceWorkersCompensationStatutoryLimits,Statutory Limits,,matchOnce,must be present,,Present,compliant,Block Requirements,,,false,1,,2026-08-16
"Block Real Estate Services, LLC",69fdf7b562446148bd85c459,69fded1562446148bd848dd8,"Future Foam, Inc",69fdf1f18e25e7a0d918af0d,"tic784 - Macon-Bedford Distribution Center #1 {Cal Vent Group, LTD}",evidenceOfInsurance,Evidence of Insurance,workersCompensation,Workers' Compensation and Employer's Liability,evidenceOfInsuranceWorkersCompensationEmployersLiabilityEachAccident,Employer's Liability Each Accident,,matchOnce,must be greater or equal to,500000,1000000,compliant,Block Requirements,,,false,1,,2026-08-16
"Block Real Estate Services, LLC",69fdf7b562446148bd85c459,69fded1562446148bd848dd8,"Future Foam, Inc",69fdf1f18e25e7a0d918af0d,"tic784 - Macon-Bedford Distribution Center #1 {Cal Vent Group, LTD}",evidenceOfInsurance,Evidence of Insurance,workersCompensation,Workers' Compensation and Employer's Liability,evidenceOfInsuranceWorkersCompensationEmployersLiabilityDiseaseEachEmployee,Employer's Liability Disease - each employee,,matchOnce,must be greater or equal to,500000,1000000,compliant,Block Requirements,,,false,1,,2026-08-16
"Block Real Estate Services, LLC",69fdf7b562446148bd85c459,69fded1562446148bd848dd8,"Future Foam, Inc",69fdf1f18e25e7a0d918af0d,"tic784 - Macon-Bedford Distribution Center #1 {Cal Vent Group, LTD}",evidenceOfInsurance,Evidence of Insurance,workersCompensation,Workers' Compensation and Employer's Liability,evidenceOfInsuranceWorkersCompensationEmployersLiabilityDiseasePolicyLimit,Employer's Liability Disease - policy limit,,matchOnce,must be greater or equal to,500000,1000000,compliant,Block Requirements,,,false,1,,2026-08-16
"Block Real Estate Services, LLC",69fdf7b562446148bd85c459,69fded1562446148bd848dd8,"Future Foam, Inc",69fdf1f18e25e7a0d918af0d,"tic784 - Macon-Bedford Distribution Center #1 {Cal Vent Group, LTD}",evidenceOfInsurance,Evidence of Insurance,workersCompensation,Workers' Compensation and Employer's Liability,evidenceOfInsuranceWorkersCompensationWaiverOfSubrogationEndorsement,Waiver of Subrogation,"---prompt---
Determine if the insurer has waived their right of subrogation in favor of the certificate holder under the Workers' Compensation policy. Evidence may include: a checked ""Waiver of Subrogation"" box on the certificate, mention in the Description of Operations section stating ""waiver of subrogation applies"", or reference to form WC 00 03 13. Look for language like ""subrogation is waived"" or ""per written contract"".",matchOnce,must be present,,,non_compliant,Block Requirements,,,false,0,,2026-08-16
"Block Real Estate Services, LLC",69fdf7b562446148bd85c459,69fded1562446148bd848dd8,"Future Foam, Inc",69fdf1f18e25e7a0d918af0d,"tic784 - Macon-Bedford Distribution Center #1 {Cal Vent Group, LTD}",evidenceOfInsurance,Evidence of Insurance,6ac20aae-5728-5d57-b364-aeba38527dba,Additional Requirements,4da5b0f1-4c9d-5885-8cf8-5d3cccaed3e0,"Block Real Estate Services, LLC and all others required by contract are named as Additional Insureds","---prompt---
Determine if the Description of Operations or the Additional Remarks Schedule section states the ""Additional Insured as Construction Management, Inc. and all others required by contract"" or reference to blanket additional insured coverage. Look for language like ""certificate holder is additional insured"" or ""per written contract"".",matchOnce,must be present,,,non_compliant,Block Requirements,,,true,0,,2026-08-16
"Block Real Estate Services, LLC",69fdf7b562446148bd85c459,69fded1562446148bd848dd8,"Future Foam, Inc",69fdf1f18e25e7a0d918af0d,"tic784 - Macon-Bedford Distribution Center #1 {Cal Vent Group, LTD}",evidenceOfInsurance,Evidence of Insurance,6ac20aae-5728-5d57-b364-aeba38527dba,Additional Requirements,e1017741-e47e-5f58-97b8-fbc3043e919f,Umbrella follows form over General Liability,"---prompt---
Determine if the Umbrella/Excess Liability policy follows form to the underlying policies. Evidence may include: language in the Description of Operations section stating the umbrella follows form to underlying coverages or an additional page endorsement stating that it follows form. Follow form means the umbrella policy adopts the same terms, conditions, and exclusions as the underlying policies.",matchOnce,must be present,,,non_compliant,Block Requirements,,,true,0,,2026-08-16
"Block Real Estate Services, LLC",69fdf7b562446148bd85c459,69fded1562446148bd848dd8,"Future Foam, Inc",69fdf1f18e25e7a0d918af0d,"tic784 - Macon-Bedford Distribution Center #1 {Cal Vent Group, LTD}",evidenceOfInsurance,Evidence of Insurance,6ac20aae-5728-5d57-b364-aeba38527dba,Additional Requirements,2cdd866f-c9a4-576a-afd8-1d045762790c,"The location must be listed as: 1207, 1219 Macon Street North Kansas City MO 64116",,matchOnce,must be present,,Present,compliant,Block Requirements,,,true,1,,2026-08-16
"Block Real Estate Services, LLC",69fdf7b562446148bd85c459,69fded1562446148bd848dd8,"Future Foam, Inc",69fdf1f18e25e7a0d918af0d,"tic784 - Macon-Bedford Distribution Center #1 {Cal Vent Group, LTD}",evidenceOfInsurance,Evidence of Insurance,6ac20aae-5728-5d57-b364-aeba38527dba,Additional Requirements,3649e9d1-4e09-59bf-8f30-cb33c40cf117,"Certificate Holder must read: c/o Block Real Estate Services, LLC, 4622 Pennsylvania St., Suite 700, Kansas City, MO, 64112",,matchOnce,must be present,,Present,compliant,Block Requirements,,,true,1,,2026-08-16
"Block Real Estate Services, LLC",69fdf7b562446148bd85c45a,69fded1862446148bd848edd,Kansas Granite Mart Inc,69fdf1f18e25e7a0d918af0d,"tic784 - Macon-Bedford Distribution Center #1 {Cal Vent Group, LTD}",evidenceOfInsurance,Evidence of Insurance,commercialGeneralLiability,Commercial General Liability,evidenceOfInsuranceCommercialGeneralLiabilityCoverageTriggerOccurrence,Coverage Trigger: Occurrence,,matchOnce,must be present,,Present,compliant,Block Requirements,,,false,1,,2026-08-16
"Block Real Estate Services, LLC",69fdf7b562446148bd85c45a,69fded1862446148bd848edd,Kansas Granite Mart Inc,69fdf1f18e25e7a0d918af0d,"tic784 - Macon-Bedford Distribution Center #1 {Cal Vent Group, LTD}",evidenceOfInsurance,Evidence of Insurance,commercialGeneralLiability,Commercial General Liability,evidenceOfInsuranceCommercialGeneralLiabilityGeneralAggregateLimitAppliesPerLocation,General Aggregate Limit Applies per: Location,,matchOnce,must be present,,,non_compliant,Block Requirements,,,false,0,,2026-08-16
"Block Real Estate Services, LLC",69fdf7b562446148bd85c45a,69fded1862446148bd848edd,Kansas Granite Mart Inc,69fdf1f18e25e7a0d918af0d,"tic784 - Macon-Bedford Distribution Center #1 {Cal Vent Group, LTD}",evidenceOfInsurance,Evidence of Insurance,commercialGeneralLiability,Commercial General Liability,evidenceOfInsuranceCommercialGeneralLiabilityEachOccurrence,Each Occurrence,,matchOnce,must be greater or equal to,1000000,1000000,compliant,Block Requirements,,,false,1,,2026-08-16
"Block Real Estate Services, LLC",69fdf7b562446148bd85c45a,69fded1862446148bd848edd,Kansas Granite Mart Inc,69fdf1f18e25e7a0d918af0d,"tic784 - Macon-Bedford Distribution Center #1 {Cal Vent Group, LTD}",evidenceOfInsurance,Evidence of Insurance,commercialGeneralLiability,Commercial General Liability,evidenceOfInsuranceCommercialGeneralLiabilityGeneralAggregate,General Aggregate,,matchOnce,must be greater or equal to,2000000,2000000,compliant,Block Requirements,,,false,1,,2026-08-16
"Block Real Estate Services, LLC",69fdf7b562446148bd85c45a,69fded1862446148bd848edd,Kansas Granite Mart Inc,69fdf1f18e25e7a0d918af0d,"tic784 - Macon-Bedford Distribution Center #1 {Cal Vent Group, LTD}",evidenceOfInsurance,Evidence of Insurance,commercialGeneralLiability,Commercial General Liability,evidenceOfInsuranceCommercialGeneralLiabilityWaiverOfSubrogationEndorsement,Waiver of Subrogation,"---prompt---
Determine if the insurer has waived their right of subrogation in favor of the certificate holder under the Commercial General Liability policy. Evidence may include: a checked ""Waiver of Subrogation"" box on the certificate, mention in the Description of Operations section stating ""waiver of subrogation applies"", or reference to form CG 24 04. Look for language like ""subrogation is waived"" or ""per written contract"".",matchOnce,must be present,,Present,compliant,Block Requirements,,,false,1,,2026-08-16
"Block Real Estate Services, LLC",69fdf7b562446148bd85c45a,69fded1862446148bd848edd,Kansas Granite Mart Inc,69fdf1f18e25e7a0d918af0d,"tic784 - Macon-Bedford Distribution Center #1 {Cal Vent Group, LTD}",evidenceOfInsurance,Evidence of Insurance,excessOrUmbrellaLiability,Umbrella/Excess Liability,evidenceOfInsuranceExcessOrUmbrellaLiabilityOccurence,Coverage Trigger: Occurrence,,matchOnce,must be present,,Present,compliant,Block Requirements,,,false,1,,2026-08-16
"Block Real Estate Services, LLC",69fdf7b562446148bd85c45a,69fded1862446148bd848edd,Kansas Granite Mart Inc,69fdf1f18e25e7a0d918af0d,"tic784 - Macon-Bedford Distribution Center #1 {Cal Vent Group, LTD}",evidenceOfInsurance,Evidence of Insurance,excessOrUmbrellaLiability,Umbrella/Excess Liability,evidenceOfInsuranceExcessOrUmbrellaLiabilityEachOccurrence,Each Occurrence,,matchOnce,must be greater or equal to,1000000,5000000,compliant,Block Requirements,,,false,1,,2026-08-16
"Block Real Estate Services, LLC",69fdf7b562446148bd85c45a,69fded1862446148bd848edd,Kansas Granite Mart Inc,69fdf1f18e25e7a0d918af0d,"tic784 - Macon-Bedford Distribution Center #1 {Cal Vent Group, LTD}",evidenceOfInsurance,Evidence of Insurance,excessOrUmbrellaLiability,Umbrella/Excess Liability,evidenceOfInsuranceExcessOrUmbrellaLiabilityAggregate,Aggregate,,matchOnce,must be greater or equal to,1000000,5000000,compliant,Block Requirements,,,false,1,,2026-08-16
"Block Real Estate Services, LLC",69fdf7b562446148bd85c45a,69fded1862446148bd848edd,Kansas Granite Mart Inc,69fdf1f18e25e7a0d918af0d,"tic784 - Macon-Bedford Distribution Center #1 {Cal Vent Group, LTD}",evidenceOfInsurance,Evidence of Insurance,workersCompensation,Workers' Compensation and Employer's Liability,evidenceOfInsuranceWorkersCompensationStatutoryLimits,Statutory Limits,,matchOnce,must be present,,Present,compliant,Block Requirements,,,false,1,,2026-08-16
"Block Real Estate Services, LLC",69fdf7b562446148bd85c45a,69fded1862446148bd848edd,Kansas Granite Mart Inc,69fdf1f18e25e7a0d918af0d,"tic784 - Macon-Bedford Distribution Center #1 {Cal Vent Group, LTD}",evidenceOfInsurance,Evidence of Insurance,workersCompensation,Workers' Compensation and Employer's Liability,evidenceOfInsuranceWorkersCompensationEmployersLiabilityEachAccident,Employer's Liability Each Accident,,matchOnce,must be greater or equal to,500000,1000000,compliant,Block Requirements,,,false,1,,2026-08-16
"Block Real Estate Services, LLC",69fdf7b562446148bd85c45a,69fded1862446148bd848edd,Kansas Granite Mart Inc,69fdf1f18e25e7a0d918af0d,"tic784 - Macon-Bedford Distribution Center #1 {Cal Vent Group, LTD}",evidenceOfInsurance,Evidence of Insurance,workersCompensation,Workers' Compensation and Employer's Liability,evidenceOfInsuranceWorkersCompensationEmployersLiabilityDiseaseEachEmployee,Employer's Liability Disease - each employee,,matchOnce,must be greater or equal to,500000,1000000,compliant,Block Requirements,,,false,1,,2026-08-16
"Block Real Estate Services, LLC",69fdf7b562446148bd85c45a,69fded1862446148bd848edd,Kansas Granite Mart Inc,69fdf1f18e25e7a0d918af0d,"tic784 - Macon-Bedford Distribution Center #1 {Cal Vent Group, LTD}",evidenceOfInsurance,Evidence of Insurance,workersCompensation,Workers' Compensation and Employer's Liability,evidenceOfInsuranceWorkersCompensationEmployersLiabilityDiseasePolicyLimit,Employer's Liability Disease - policy limit,,matchOnce,must be greater or equal to,500000,1000000,compliant,Block Requirements,,,false,1,,2026-08-16
"Block Real Estate Services, LLC",69fdf7b562446148bd85c45a,69fded1862446148bd848edd,Kansas Granite Mart Inc,69fdf1f18e25e7a0d918af0d,"tic784 - Macon-Bedford Distribution Center #1 {Cal Vent Group, LTD}",evidenceOfInsurance,Evidence of Insurance,workersCompensation,Workers' Compensation and Employer's Liability,evidenceOfInsuranceWorkersCompensationWaiverOfSubrogationEndorsement,Waiver of Subrogation,"---prompt---
Determine if the insurer has waived their right of subrogation in favor of the certificate holder under the Workers' Compensation policy. Evidence may include: a checked ""Waiver of Subrogation"" box on the certificate, mention in the Description of Operations section stating ""waiver of subrogation applies"", or reference to form WC 00 03 13. Look for language like ""subrogation is waived"" or ""per written contract"".",matchOnce,must be present,,,non_compliant,Block Requirements,,,false,0,,2026-08-16
"Block Real Estate Services, LLC",69fdf7b562446148bd85c45a,69fded1862446148bd848edd,Kansas Granite Mart Inc,69fdf1f18e25e7a0d918af0d,"tic784 - Macon-Bedford Distribution Center #1 {Cal Vent Group, LTD}",evidenceOfInsurance,Evidence of Insurance,6ac20aae-5728-5d57-b364-aeba38527dba,Additional Requirements,4da5b0f1-4c9d-5885-8cf8-5d3cccaed3e0,"Block Real Estate Services, LLC and all others required by contract are named as Additional Insureds","---prompt---
Determine if the Description of Operations or the Additional Remarks Schedule section states the ""Additional Insured as Construction Management, Inc. and all others required by contract"" or reference to blanket additional insured coverage. Look for language like ""certificate holder is additional insured"" or ""per written contract"".",matchOnce,must be present,,,non_compliant,Block Requirements,,,true,0,,2026-08-16
"Block Real Estate Services, LLC",69fdf7b562446148bd85c45a,69fded1862446148bd848edd,Kansas Granite Mart Inc,69fdf1f18e25e7a0d918af0d,"tic784 - Macon-Bedford Distribution Center #1 {Cal Vent Group, LTD}",evidenceOfInsurance,Evidence of Insurance,6ac20aae-5728-5d57-b364-aeba38527dba,Additional Requirements,e1017741-e47e-5f58-97b8-fbc3043e919f,Umbrella follows form over General Liability,"---prompt---
Determine if the Umbrella/Excess Liability policy follows form to the underlying policies. Evidence may include: language in the Description of Operations section stating the umbrella follows form to underlying coverages or an additional page endorsement stating that it follows form. Follow form means the umbrella policy adopts the same terms, conditions, and exclusions as the underlying policies.",matchOnce,must be present,,,non_compliant,Block Requirements,,,true,0,,2026-08-16
"Block Real Estate Services, LLC",69fdf7b562446148bd85c45a,69fded1862446148bd848edd,Kansas Granite Mart Inc,69fdf1f18e25e7a0d918af0d,"tic784 - Macon-Bedford Distribution Center #1 {Cal Vent Group, LTD}",evidenceOfInsurance,Evidence of Insurance,6ac20aae-5728-5d57-b364-aeba38527dba,Additional Requirements,2cdd866f-c9a4-576a-afd8-1d045762790c,The location must be listed as: 1223 Macon Street North Kansas City MO 64116,,matchOnce,must be present,,Present,compliant,Block Requirements,,,true,1,,2026-08-16
"Block Real Estate Services, LLC",69fdf7b562446148bd85c45a,69fded1862446148bd848edd,Kansas Granite Mart Inc,69fdf1f18e25e7a0d918af0d,"tic784 - Macon-Bedford Distribution Center #1 {Cal Vent Group, LTD}",evidenceOfInsurance,Evidence of Insurance,6ac20aae-5728-5d57-b364-aeba38527dba,Additional Requirements,3649e9d1-4e09-59bf-8f30-cb33c40cf117,"Certificate Holder must read: c/o Block Real Estate Services, LLC, 4622 Pennsylvania St., Suite 700, Kansas City, MO, 64112",,matchOnce,must be present,,Present,compliant,Block Requirements,,,true,1,,2026-08-16
"Block Real Estate Services, LLC",6a1df7e62e0d6adb452ef2a3,69fded1862446148bd848edd,Kansas Granite Mart Inc,69fdf1f18e25e7a0d918af0d,"tic784 - Macon-Bedford Distribution Center #1 {Cal Vent Group, LTD}",evidenceOfInsurance,Evidence of Insurance,commercialGeneralLiability,Commercial General Liability,evidenceOfInsuranceCommercialGeneralLiabilityCoverageTriggerOccurrence,Coverage Trigger: Occurrence,,matchOnce,must be present,,Present,compliant,Block Requirements,,,false,1,,2026-08-16
"Block Real Estate Services, LLC",6a1df7e62e0d6adb452ef2a3,69fded1862446148bd848edd,Kansas Granite Mart Inc,69fdf1f18e25e7a0d918af0d,"tic784 - Macon-Bedford Distribution Center #1 {Cal Vent Group, LTD}",evidenceOfInsurance,Evidence of Insurance,commercialGeneralLiability,Commercial General Liability,evidenceOfInsuranceCommercialGeneralLiabilityGeneralAggregateLimitAppliesPerLocation,General Aggregate Limit Applies per: Location,,matchOnce,must be present,,,non_compliant,Block Requirements,,,false,0,,2026-08-16
"Block Real Estate Services, LLC",6a1df7e62e0d6adb452ef2a3,69fded1862446148bd848edd,Kansas Granite Mart Inc,69fdf1f18e25e7a0d918af0d,"tic784 - Macon-Bedford Distribution Center #1 {Cal Vent Group, LTD}",evidenceOfInsurance,Evidence of Insurance,commercialGeneralLiability,Commercial General Liability,evidenceOfInsuranceCommercialGeneralLiabilityEachOccurrence,Each Occurrence,,matchOnce,must be greater or equal to,1000000,1000000,compliant,Block Requirements,,,false,1,,2026-08-16
"Block Real Estate Services, LLC",6a1df7e62e0d6adb452ef2a3,69fded1862446148bd848edd,Kansas Granite Mart Inc,69fdf1f18e25e7a0d918af0d,"tic784 - Macon-Bedford Distribution Center #1 {Cal Vent Group, LTD}",evidenceOfInsurance,Evidence of Insurance,commercialGeneralLiability,Commercial General Liability,evidenceOfInsuranceCommercialGeneralLiabilityGeneralAggregate,General Aggregate,,matchOnce,must be greater or equal to,2000000,2000000,compliant,Block Requirements,,,false,1,,2026-08-16
"Block Real Estate Services, LLC",6a1df7e62e0d6adb452ef2a3,69fded1862446148bd848edd,Kansas Granite Mart Inc,69fdf1f18e25e7a0d918af0d,"tic784 - Macon-Bedford Distribution Center #1 {Cal Vent Group, LTD}",evidenceOfInsurance,Evidence of Insurance,commercialGeneralLiability,Commercial General Liability,evidenceOfInsuranceCommercialGeneralLiabilityWaiverOfSubrogationEndorsement,Waiver of Subrogation,"---prompt---
Determine if the insurer has waived their right of subrogation in favor of the certificate holder under the Commercial General Liability policy. Evidence may include: a checked ""Waiver of Subrogation"" box on the certificate, mention in the Description of Operations section stating ""waiver of subrogation applies"", or reference to form CG 24 04. Look for language like ""subrogation is waived"" or ""per written contract"".",matchOnce,must be present,,Present,compliant,Block Requirements,,,false,1,,2026-08-16
"Block Real Estate Services, LLC",6a1df7e62e0d6adb452ef2a3,69fded1862446148bd848edd,Kansas Granite Mart Inc,69fdf1f18e25e7a0d918af0d,"tic784 - Macon-Bedford Distribution Center #1 {Cal Vent Group, LTD}",evidenceOfInsurance,Evidence of Insurance,excessOrUmbrellaLiability,Umbrella/Excess Liability,evidenceOfInsuranceExcessOrUmbrellaLiabilityOccurence,Coverage Trigger: Occurrence,,matchOnce,must be present,,Present,compliant,Block Requirements,,,false,1,,2026-08-16
"Block Real Estate Services, LLC",6a1df7e62e0d6adb452ef2a3,69fded1862446148bd848edd,Kansas Granite Mart Inc,69fdf1f18e25e7a0d918af0d,"tic784 - Macon-Bedford Distribution Center #1 {Cal Vent Group, LTD}",evidenceOfInsurance,Evidence of Insurance,excessOrUmbrellaLiability,Umbrella/Excess Liability,evidenceOfInsuranceExcessOrUmbrellaLiabilityEachOccurrence,Each Occurrence,,matchOnce,must be greater or equal to,1000000,5000000,compliant,Block Requirements,,,false,1,,2026-08-16
"Block Real Estate Services, LLC",6a1df7e62e0d6adb452ef2a3,69fded1862446148bd848edd,Kansas Granite Mart Inc,69fdf1f18e25e7a0d918af0d,"tic784 - Macon-Bedford Distribution Center #1 {Cal Vent Group, LTD}",evidenceOfInsurance,Evidence of Insurance,excessOrUmbrellaLiability,Umbrella/Excess Liability,evidenceOfInsuranceExcessOrUmbrellaLiabilityAggregate,Aggregate,,matchOnce,must be greater or equal to,1000000,5000000,compliant,Block Requirements,,,false,1,,2026-08-16
"Block Real Estate Services, LLC",6a1df7e62e0d6adb452ef2a3,69fded1862446148bd848edd,Kansas Granite Mart Inc,69fdf1f18e25e7a0d918af0d,"tic784 - Macon-Bedford Distribution Center #1 {Cal Vent Group, LTD}",evidenceOfInsurance,Evidence of Insurance,workersCompensation,Workers' Compensation and Employer's Liability,evidenceOfInsuranceWorkersCompensationStatutoryLimits,Statutory Limits,,matchOnce,must be present,,Present,compliant,Block Requirements,,,false,1,,2026-08-16
"Block Real Estate Services, LLC",6a1df7e62e0d6adb452ef2a3,69fded1862446148bd848edd,Kansas Granite Mart Inc,69fdf1f18e25e7a0d918af0d,"tic784 - Macon-Bedford Distribution Center #1 {Cal Vent Group, LTD}",evidenceOfInsurance,Evidence of Insurance,workersCompensation,Workers' Compensation and Employer's Liability,evidenceOfInsuranceWorkersCompensationEmployersLiabilityEachAccident,Employer's Liability Each Accident,,matchOnce,must be greater or equal to,500000,1000000,compliant,Block Requirements,,,false,1,,2026-08-16
"Block Real Estate Services, LLC",6a1df7e62e0d6adb452ef2a3,69fded1862446148bd848edd,Kansas Granite Mart Inc,69fdf1f18e25e7a0d918af0d,"tic784 - Macon-Bedford Distribution Center #1 {Cal Vent Group, LTD}",evidenceOfInsurance,Evidence of Insurance,workersCompensation,Workers' Compensation and Employer's Liability,evidenceOfInsuranceWorkersCompensationEmployersLiabilityDiseaseEachEmployee,Employer's Liability Disease - each employee,,matchOnce,must be greater or equal to,500000,1000000,compliant,Block Requirements,,,false,1,,2026-08-16
"Block Real Estate Services, LLC",6a1df7e62e0d6adb452ef2a3,69fded1862446148bd848edd,Kansas Granite Mart Inc,69fdf1f18e25e7a0d918af0d,"tic784 - Macon-Bedford Distribution Center #1 {Cal Vent Group, LTD}",evidenceOfInsurance,Evidence of Insurance,workersCompensation,Workers' Compensation and Employer's Liability,evidenceOfInsuranceWorkersCompensationEmployersLiabilityDiseasePolicyLimit,Employer's Liability Disease - policy limit,,matchOnce,must be greater or equal to,500000,1000000,compliant,Block Requirements,,,false,1,,2026-08-16
"Block Real Estate Services, LLC",6a1df7e62e0d6adb452ef2a3,69fded1862446148bd848edd,Kansas Granite Mart Inc,69fdf1f18e25e7a0d918af0d,"tic784 - Macon-Bedford Distribution Center #1 {Cal Vent Group, LTD}",evidenceOfInsurance,Evidence of Insurance,workersCompensation,Workers' Compensation and Employer's Liability,evidenceOfInsuranceWorkersCompensationWaiverOfSubrogationEndorsement,Waiver of Subrogation,"---prompt---
Determine if the insurer has waived their right of subrogation in favor of the certificate holder under the Workers' Compensation policy. Evidence may include: a checked ""Waiver of Subrogation"" box on the certificate, mention in the Description of Operations section stating ""waiver of subrogation applies"", or reference to form WC 00 03 13. Look for language like ""subrogation is waived"" or ""per written contract"".",matchOnce,must be present,,,non_compliant,Block Requirements,,,false,0,,2026-08-16
"Block Real Estate Services, LLC",6a1df7e62e0d6adb452ef2a3,69fded1862446148bd848edd,Kansas Granite Mart Inc,69fdf1f18e25e7a0d918af0d,"tic784 - Macon-Bedford Distribution Center #1 {Cal Vent Group, LTD}",evidenceOfInsurance,Evidence of Insurance,6ac20aae-5728-5d57-b364-aeba38527dba,Additional Requirements,4da5b0f1-4c9d-5885-8cf8-5d3cccaed3e0,"Block Real Estate Services, LLC and all others required by contract are named as Additional Insureds","---prompt---
Determine if the Description of Operations or the Additional Remarks Schedule section states the ""Additional Insured as Construction Management, Inc. and all others required by contract"" or reference to blanket additional insured coverage. Look for language like ""certificate holder is additional insured"" or ""per written contract"".",matchOnce,must be present,,,non_compliant,Block Requirements,,,true,0,,2026-08-16
"Block Real Estate Services, LLC",6a1df7e62e0d6adb452ef2a3,69fded1862446148bd848edd,Kansas Granite Mart Inc,69fdf1f18e25e7a0d918af0d,"tic784 - Macon-Bedford Distribution Center #1 {Cal Vent Group, LTD}",evidenceOfInsurance,Evidence of Insurance,6ac20aae-5728-5d57-b364-aeba38527dba,Additional Requirements,e1017741-e47e-5f58-97b8-fbc3043e919f,Umbrella follows form over General Liability,"---prompt---
Determine if the Umbrella/Excess Liability policy follows form to the underlying policies. Evidence may include: language in the Description of Operations section stating the umbrella follows form to underlying coverages or an additional page endorsement stating that it follows form. Follow form means the umbrella policy adopts the same terms, conditions, and exclusions as the underlying policies.",matchOnce,must be present,,Present,compliant,Block Requirements,,,true,1,,2026-08-16
"Block Real Estate Services, LLC",6a1df7e62e0d6adb452ef2a3,69fded1862446148bd848edd,Kansas Granite Mart Inc,69fdf1f18e25e7a0d918af0d,"tic784 - Macon-Bedford Distribution Center #1 {Cal Vent Group, LTD}",evidenceOfInsurance,Evidence of Insurance,6ac20aae-5728-5d57-b364-aeba38527dba,Additional Requirements,2cdd866f-c9a4-576a-afd8-1d045762790c,The location must be listed as: 1225 Macon Street North Kansas City MO 64116,,matchOnce,must be present,,,non_compliant,Block Requirements,,,true,0,,2026-08-16
"Block Real Estate Services, LLC",6a1df7e62e0d6adb452ef2a3,69fded1862446148bd848edd,Kansas Granite Mart Inc,69fdf1f18e25e7a0d918af0d,"tic784 - Macon-Bedford Distribution Center #1 {Cal Vent Group, LTD}",evidenceOfInsurance,Evidence of Insurance,6ac20aae-5728-5d57-b364-aeba38527dba,Additional Requirements,3649e9d1-4e09-59bf-8f30-cb33c40cf117,"Certificate Holder must read: c/o Block Real Estate Services, LLC, 4622 Pennsylvania St., Suite 700, Kansas City, MO, 64112",,matchOnce,must be present,,Present,compliant,Block Requirements,,,true,1,,2026-08-16
"Block Real Estate Services, LLC",69fdf7a362446148bd85b027,69fded1e62446148bd8490c9,"Adapt Health / Provider Plus, Inc.",69fdf161e45e7dcf5c43b3dd,"tic022 - Congleton Distribution Center 2 {SM Quivira, LLC}",evidenceOfInsurance,Evidence of Insurance,commercialGeneralLiability,Commercial General Liability,evidenceOfInsuranceCommercialGeneralLiabilityCoverageTriggerOccurrence,Coverage Trigger: Occurrence,,matchOnce,must be present,,Present,compliant,Block Requirements,,,false,1,,2026-08-16
"Block Real Estate Services, LLC",69fdf7a362446148bd85b027,69fded1e62446148bd8490c9,"Adapt Health / Provider Plus, Inc.",69fdf161e45e7dcf5c43b3dd,"tic022 - Congleton Distribution Center 2 {SM Quivira, LLC}",evidenceOfInsurance,Evidence of Insurance,commercialGeneralLiability,Commercial General Liability,evidenceOfInsuranceCommercialGeneralLiabilityGeneralAggregateLimitAppliesPerLocation,General Aggregate Limit Applies per: Location,,matchOnce,must be present,,,non_compliant,Block Requirements,,,false,0,,2026-08-16
"Block Real Estate Services, LLC",69fdf7a362446148bd85b027,69fded1e62446148bd8490c9,"Adapt Health / Provider Plus, Inc.",69fdf161e45e7dcf5c43b3dd,"tic022 - Congleton Distribution Center 2 {SM Quivira, LLC}",evidenceOfInsurance,Evidence of Insurance,commercialGeneralLiability,Commercial General Liability,evidenceOfInsuranceCommercialGeneralLiabilityEachOccurrence,Each Occurrence,,matchOnce,must be greater or equal to,1000000,1000000,compliant,Block Requirements,,,false,1,,2026-08-16
"Block Real Estate Services, LLC",69fdf7a362446148bd85b027,69fded1e62446148bd8490c9,"Adapt Health / Provider Plus, Inc.",69fdf161e45e7dcf5c43b3dd,"tic022 - Congleton Distribution Center 2 {SM Quivira, LLC}",evidenceOfInsurance,Evidence of Insurance,commercialGeneralLiability,Commercial General Liability,evidenceOfInsuranceCommercialGeneralLiabilityGeneralAggregate,General Aggregate,,matchOnce,must be greater or equal to,2000000,3000000,compliant,Block Requirements,,,false,1,,2026-08-16
"Block Real Estate Services, LLC",69fdf7a362446148bd85b027,69fded1e62446148bd8490c9,"Adapt Health / Provider Plus, Inc.",69fdf161e45e7dcf5c43b3dd,"tic022 - Congleton Distribution Center 2 {SM Quivira, LLC}",evidenceOfInsurance,Evidence of Insurance,commercialGeneralLiability,Commercial General Liability,evidenceOfInsuranceCommercialGeneralLiabilityWaiverOfSubrogationEndorsement,Waiver of Subrogation,"---prompt---
Determine if the insurer has waived their right of subrogation in favor of the certificate holder under the Commercial General Liability policy. Evidence may include: a checked ""Waiver of Subrogation"" box on the certificate, mention in the Description of Operations section stating ""waiver of subrogation applies"", or reference to form CG 24 04. Look for language like ""subrogation is waived"" or ""per written contract"".",matchOnce,must be present,,Present,compliant,Block Requirements,,,false,1,,2026-08-16
"Block Real Estate Services, LLC",69fdf7a362446148bd85b027,69fded1e62446148bd8490c9,"Adapt Health / Provider Plus, Inc.",69fdf161e45e7dcf5c43b3dd,"tic022 - Congleton Distribution Center 2 {SM Quivira, LLC}",evidenceOfInsurance,Evidence of Insurance,excessOrUmbrellaLiability,Umbrella/Excess Liability,evidenceOfInsuranceExcessOrUmbrellaLiabilityOccurence,Coverage Trigger: Occurrence,,matchOnce,must be present,,Present,compliant,Block Requirements,,,false,1,,2026-08-16
"Block Real Estate Services, LLC",69fdf7a362446148bd85b027,69fded1e62446148bd8490c9,"Adapt Health / Provider Plus, Inc.",69fdf161e45e7dcf5c43b3dd,"tic022 - Congleton Distribution Center 2 {SM Quivira, LLC}",evidenceOfInsurance,Evidence of Insurance,excessOrUmbrellaLiability,Umbrella/Excess Liability,evidenceOfInsuranceExcessOrUmbrellaLiabilityEachOccurrence,Each Occurrence,,matchOnce,must be greater or equal to,1000000,5000000,compliant,Block Requirements,,,false,1,,2026-08-16
"Block Real Estate Services, LLC",69fdf7a362446148bd85b027,69fded1e62446148bd8490c9,"Adapt Health / Provider Plus, Inc.",69fdf161e45e7dcf5c43b3dd,"tic022 - Congleton Distribution Center 2 {SM Quivira, LLC}",evidenceOfInsurance,Evidence of Insurance,excessOrUmbrellaLiability,Umbrella/Excess Liability,evidenceOfInsuranceExcessOrUmbrellaLiabilityAggregate,Aggregate,,matchOnce,must be greater or equal to,1000000,5000000,compliant,Block Requirements,,,false,1,,2026-08-16
"Block Real Estate Services, LLC",69fdf7a362446148bd85b027,69fded1e62446148bd8490c9,"Adapt Health / Provider Plus, Inc.",69fdf161e45e7dcf5c43b3dd,"tic022 - Congleton Distribution Center 2 {SM Quivira, LLC}",evidenceOfInsurance,Evidence of Insurance,workersCompensation,Workers' Compensation and Employer's Liability,evidenceOfInsuranceWorkersCompensationStatutoryLimits,Statutory Limits,,matchOnce,must be present,,Present,compliant,Block Requirements,,,false,1,,2026-08-16
"Block Real Estate Services, LLC",69fdf7a362446148bd85b027,69fded1e62446148bd8490c9,"Adapt Health / Provider Plus, Inc.",69fdf161e45e7dcf5c43b3dd,"tic022 - Congleton Distribution Center 2 {SM Quivira, LLC}",evidenceOfInsurance,Evidence of Insurance,workersCompensation,Workers' Compensation and Employer's Liability,evidenceOfInsuranceWorkersCompensationEmployersLiabilityEachAccident,Employer's Liability Each Accident,,matchOnce,must be greater or equal to,500000,1000000,compliant,Block Requirements,,,false,1,,2026-08-16
"Block Real Estate Services, LLC",69fdf7a362446148bd85b027,69fded1e62446148bd8490c9,"Adapt Health / Provider Plus, Inc.",69fdf161e45e7dcf5c43b3dd,"tic022 - Congleton Distribution Center 2 {SM Quivira, LLC}",evidenceOfInsurance,Evidence of Insurance,workersCompensation,Workers' Compensation and Employer's Liability,evidenceOfInsuranceWorkersCompensationEmployersLiabilityDiseaseEachEmployee,Employer's Liability Disease - each employee,,matchOnce,must be greater or equal to,500000,1000000,compliant,Block Requirements,,,false,1,,2026-08-16
"Block Real Estate Services, LLC",69fdf7a362446148bd85b027,69fded1e62446148bd8490c9,"Adapt Health / Provider Plus, Inc.",69fdf161e45e7dcf5c43b3dd,"tic022 - Congleton Distribution Center 2 {SM Quivira, LLC}",evidenceOfInsurance,Evidence of Insurance,workersCompensation,Workers' Compensation and Employer's Liability,evidenceOfInsuranceWorkersCompensationEmployersLiabilityDiseasePolicyLimit,Employer's Liability Disease - policy limit,,matchOnce,must be greater or equal to,500000,1000000,compliant,Block Requirements,,,false,1,,2026-08-16
"Block Real Estate Services, LLC",69fdf7a362446148bd85b027,69fded1e62446148bd8490c9,"Adapt Health / Provider Plus, Inc.",69fdf161e45e7dcf5c43b3dd,"tic022 - Congleton Distribution Center 2 {SM Quivira, LLC}",evidenceOfInsurance,Evidence of Insurance,workersCompensation,Workers' Compensation and Employer's Liability,evidenceOfInsuranceWorkersCompensationWaiverOfSubrogationEndorsement,Waiver of Subrogation,"---prompt---
Determine if the insurer has waived their right of subrogation in favor of the certificate holder under the Workers' Compensation policy. Evidence may include: a checked ""Waiver of Subrogation"" box on the certificate, mention in the Description of Operations section stating ""waiver of subrogation applies"", or reference to form WC 00 03 13. Look for language like ""subrogation is waived"" or ""per written contract"".",matchOnce,must be present,,Present,compliant,Block Requirements,,,false,1,,2026-08-16
"Block Real Estate Services, LLC",69fdf7a362446148bd85b027,69fded1e62446148bd8490c9,"Adapt Health / Provider Plus, Inc.",69fdf161e45e7dcf5c43b3dd,"tic022 - Congleton Distribution Center 2 {SM Quivira, LLC}",evidenceOfInsurance,Evidence of Insurance,6ac20aae-5728-5d57-b364-aeba38527dba,Additional Requirements,4da5b0f1-4c9d-5885-8cf8-5d3cccaed3e0,"Block Real Estate Services, LLC and all others required by contract are named as Additional Insureds","---prompt---
Determine if the Description of Operations or the Additional Remarks Schedule section states the ""Additional Insured as Construction Management, Inc. and all others required by contract"" or reference to blanket additional insured coverage. Look for language like ""certificate holder is additional insured"" or ""per written contract"".",matchOnce,must be present,,Present,compliant,Block Requirements,,,true,1,,2026-08-16
"Block Real Estate Services, LLC",69fdf7a362446148bd85b027,69fded1e62446148bd8490c9,"Adapt Health / Provider Plus, Inc.",69fdf161e45e7dcf5c43b3dd,"tic022 - Congleton Distribution Center 2 {SM Quivira, LLC}",evidenceOfInsurance,Evidence of Insurance,6ac20aae-5728-5d57-b364-aeba38527dba,Additional Requirements,e1017741-e47e-5f58-97b8-fbc3043e919f,Umbrella follows form over General Liability,"---prompt---
Determine if the Umbrella/Excess Liability policy follows form to the underlying policies. Evidence may include: language in the Description of Operations section stating the umbrella follows form to underlying coverages or an additional page endorsement stating that it follows form. Follow form means the umbrella policy adopts the same terms, conditions, and exclusions as the underlying policies.",matchOnce,must be present,,Present,compliant,Block Requirements,,,true,1,,2026-08-16
"Block Real Estate Services, LLC",69fdf7a362446148bd85b027,69fded1e62446148bd8490c9,"Adapt Health / Provider Plus, Inc.",69fdf161e45e7dcf5c43b3dd,"tic022 - Congleton Distribution Center 2 {SM Quivira, LLC}",evidenceOfInsurance,Evidence of Insurance,6ac20aae-5728-5d57-b364-aeba38527dba,Additional Requirements,2cdd866f-c9a4-576a-afd8-1d045762790c,"The location must be listed as: 9205, 9207, 9209, 9211 Quivira Road Overland Park KS 66215",,matchOnce,must be present,,Present,compliant,Block Requirements,,,true,1,,2026-08-16
"Block Real Estate Services, LLC",69fdf7a362446148bd85b027,69fded1e62446148bd8490c9,"Adapt Health / Provider Plus, Inc.",69fdf161e45e7dcf5c43b3dd,"tic022 - Congleton Distribution Center 2 {SM Quivira, LLC}",evidenceOfInsurance,Evidence of Insurance,6ac20aae-5728-5d57-b364-aeba38527dba,Additional Requirements,3649e9d1-4e09-59bf-8f30-cb33c40cf117,"Certificate Holder must read: c/o Block Real Estate Services, LLC, 4622 Pennsylvania St., Suite 700, Kansas City, MO, 64112",,matchOnce,must be present,,Present,compliant,Block Requirements,,,true,1,,2026-08-16
"Block Real Estate Services, LLC",69fdf7a362446148bd85b026,69fded1562446148bd848ddb,"Servpro / G&C Restoration, LLC",69fdf161e45e7dcf5c43b3dd,"tic022 - Congleton Distribution Center 2 {SM Quivira, LLC}",evidenceOfInsurance,Evidence of Insurance,commercialGeneralLiability,Commercial General Liability,evidenceOfInsuranceCommercialGeneralLiabilityCoverageTriggerOccurrence,Coverage Trigger: Occurrence,,matchOnce,must be present,,Present,compliant,Block Requirements,,,false,1,,2026-08-16
"Block Real Estate Services, LLC",69fdf7a362446148bd85b026,69fded1562446148bd848ddb,"Servpro / G&C Restoration, LLC",69fdf161e45e7dcf5c43b3dd,"tic022 - Congleton Distribution Center 2 {SM Quivira, LLC}",evidenceOfInsurance,Evidence of Insurance,commercialGeneralLiability,Commercial General Liability,evidenceOfInsuranceCommercialGeneralLiabilityGeneralAggregateLimitAppliesPerLocation,General Aggregate Limit Applies per: Location,,matchOnce,must be present,,Present,compliant,Block Requirements,,,false,1,,2026-08-16
"Block Real Estate Services, LLC",69fdf7a362446148bd85b026,69fded1562446148bd848ddb,"Servpro / G&C Restoration, LLC",69fdf161e45e7dcf5c43b3dd,"tic022 - Congleton Distribution Center 2 {SM Quivira, LLC}",evidenceOfInsurance,Evidence of Insurance,commercialGeneralLiability,Commercial General Liability,evidenceOfInsuranceCommercialGeneralLiabilityEachOccurrence,Each Occurrence,,matchOnce,must be greater or equal to,1000000,3000000,compliant,Block Requirements,,,false,1,,2026-08-16
"Block Real Estate Services, LLC",69fdf7a362446148bd85b026,69fded1562446148bd848ddb,"Servpro / G&C Restoration, LLC",69fdf161e45e7dcf5c43b3dd,"tic022 - Congleton Distribution Center 2 {SM Quivira, LLC}",evidenceOfInsurance,Evidence of Insurance,commercialGeneralLiability,Commercial General Liability,evidenceOfInsuranceCommercialGeneralLiabilityGeneralAggregate,General Aggregate,,matchOnce,must be greater or equal to,2000000,5000000,compliant,Block Requirements,,,false,1,,2026-08-16
"Block Real Estate Services, LLC",69fdf7a362446148bd85b026,69fded1562446148bd848ddb,"Servpro / G&C Restoration, LLC",69fdf161e45e7dcf5c43b3dd,"tic022 - Congleton Distribution Center 2 {SM Quivira, LLC}",evidenceOfInsurance,Evidence of Insurance,commercialGeneralLiability,Commercial General Liability,evidenceOfInsuranceCommercialGeneralLiabilityWaiverOfSubrogationEndorsement,Waiver of Subrogation,"---prompt---
Determine if the insurer has waived their right of subrogation in favor of the certificate holder under the Commercial General Liability policy. Evidence may include: a checked ""Waiver of Subrogation"" box on the certificate, mention in the Description of Operations section stating ""waiver of subrogation applies"", or reference to form CG 24 04. Look for language like ""subrogation is waived"" or ""per written contract"".",matchOnce,must be present,,Present,compliant,Block Requirements,,,false,1,,2026-08-16
"Block Real Estate Services, LLC",69fdf7a362446148bd85b026,69fded1562446148bd848ddb,"Servpro / G&C Restoration, LLC",69fdf161e45e7dcf5c43b3dd,"tic022 - Congleton Distribution Center 2 {SM Quivira, LLC}",evidenceOfInsurance,Evidence of Insurance,excessOrUmbrellaLiability,Umbrella/Excess Liability,evidenceOfInsuranceExcessOrUmbrellaLiabilityOccurence,Coverage Trigger: Occurrence,,matchOnce,must be present,,Present,compliant,Block Requirements,,,false,1,,2026-08-16
"Block Real Estate Services, LLC",69fdf7a362446148bd85b026,69fded1562446148bd848ddb,"Servpro / G&C Restoration, LLC",69fdf161e45e7dcf5c43b3dd,"tic022 - Congleton Distribution Center 2 {SM Quivira, LLC}",evidenceOfInsurance,Evidence of Insurance,excessOrUmbrellaLiability,Umbrella/Excess Liability,evidenceOfInsuranceExcessOrUmbrellaLiabilityEachOccurrence,Each Occurrence,,matchOnce,must be greater or equal to,1000000,4000000,compliant,Block Requirements,,,false,1,,2026-08-16
"Block Real Estate Services, LLC",69fdf7a362446148bd85b026,69fded1562446148bd848ddb,"Servpro / G&C Restoration, LLC",69fdf161e45e7dcf5c43b3dd,"tic022 - Congleton Distribution Center 2 {SM Quivira, LLC}",evidenceOfInsurance,Evidence of Insurance,excessOrUmbrellaLiability,Umbrella/Excess Liability,evidenceOfInsuranceExcessOrUmbrellaLiabilityAggregate,Aggregate,,matchOnce,must be greater or equal to,1000000,4000000,compliant,Block Requirements,,,false,1,,2026-08-16
"Block Real Estate Services, LLC",69fdf7a362446148bd85b026,69fded1562446148bd848ddb,"Servpro / G&C Restoration, LLC",69fdf161e45e7dcf5c43b3dd,"tic022 - Congleton Distribution Center 2 {SM Quivira, LLC}",evidenceOfInsurance,Evidence of Insurance,workersCompensation,Workers' Compensation and Employer's Liability,evidenceOfInsuranceWorkersCompensationStatutoryLimits,Statutory Limits,,matchOnce,must be present,,Present,compliant,Block Requirements,,,false,1,,2026-08-16
"Block Real Estate Services, LLC",69fdf7a362446148bd85b026,69fded1562446148bd848ddb,"Servpro / G&C Restoration, LLC",69fdf161e45e7dcf5c43b3dd,"tic022 - Congleton Distribution Center 2 {SM Quivira, LLC}",evidenceOfInsurance,Evidence of Insurance,workersCompensation,Workers' Compensation and Employer's Liability,evidenceOfInsuranceWorkersCompensationEmployersLiabilityEachAccident,Employer's Liability Each Accident,,matchOnce,must be greater or equal to,500000,1000000,compliant,Block Requirements,,,false,1,,2026-08-16
"Block Real Estate Services, LLC",69fdf7a362446148bd85b026,69fded1562446148bd848ddb,"Servpro / G&C Restoration, LLC",69fdf161e45e7dcf5c43b3dd,"tic022 - Congleton Distribution Center 2 {SM Quivira, LLC}",evidenceOfInsurance,Evidence of Insurance,workersCompensation,Workers' Compensation and Employer's Liability,evidenceOfInsuranceWorkersCompensationEmployersLiabilityDiseaseEachEmployee,Employer's Liability Disease - each employee,,matchOnce,must be greater or equal to,500000,1000000,compliant,Block Requirements,,,false,1,,2026-08-16
"Block Real Estate Services, LLC",69fdf7a362446148bd85b026,69fded1562446148bd848ddb,"Servpro / G&C Restoration, LLC",69fdf161e45e7dcf5c43b3dd,"tic022 - Congleton Distribution Center 2 {SM Quivira, LLC}",evidenceOfInsurance,Evidence of Insurance,workersCompensation,Workers' Compensation and Employer's Liability,evidenceOfInsuranceWorkersCompensationEmployersLiabilityDiseasePolicyLimit,Employer's Liability Disease - policy limit,,matchOnce,must be greater or equal to,500000,1000000,compliant,Block Requirements,,,false,1,,2026-08-16
"Block Real Estate Services, LLC",69fdf7a362446148bd85b026,69fded1562446148bd848ddb,"Servpro / G&C Restoration, LLC",69fdf161e45e7dcf5c43b3dd,"tic022 - Congleton Distribution Center 2 {SM Quivira, LLC}",evidenceOfInsurance,Evidence of Insurance,workersCompensation,Workers' Compensation and Employer's Liability,evidenceOfInsuranceWorkersCompensationWaiverOfSubrogationEndorsement,Waiver of Subrogation,"---prompt---
Determine if the insurer has waived their right of subrogation in favor of the certificate holder under the Workers' Compensation policy. Evidence may include: a checked ""Waiver of Subrogation"" box on the certificate, mention in the Description of Operations section stating ""waiver of subrogation applies"", or reference to form WC 00 03 13. Look for language like ""subrogation is waived"" or ""per written contract"".",matchOnce,must be present,,Present,compliant,Block Requirements,,,false,1,,2026-08-16
"Block Real Estate Services, LLC",69fdf7a362446148bd85b026,69fded1562446148bd848ddb,"Servpro / G&C Restoration, LLC",69fdf161e45e7dcf5c43b3dd,"tic022 - Congleton Distribution Center 2 {SM Quivira, LLC}",evidenceOfInsurance,Evidence of Insurance,6ac20aae-5728-5d57-b364-aeba38527dba,Additional Requirements,4da5b0f1-4c9d-5885-8cf8-5d3cccaed3e0,"Block Real Estate Services, LLC and all others required by contract are named as Additional Insureds","---prompt---
Determine if the Description of Operations or the Additional Remarks Schedule section states the ""Additional Insured as Construction Management, Inc. and all others required by contract"" or reference to blanket additional insured coverage. Look for language like ""certificate holder is additional insured"" or ""per written contract"".",matchOnce,must be present,,Present,compliant,Block Requirements,,,true,2,,2026-08-16
"Block Real Estate Services, LLC",69fdf7a362446148bd85b026,69fded1562446148bd848ddb,"Servpro / G&C Restoration, LLC",69fdf161e45e7dcf5c43b3dd,"tic022 - Congleton Distribution Center 2 {SM Quivira, LLC}",evidenceOfInsurance,Evidence of Insurance,6ac20aae-5728-5d57-b364-aeba38527dba,Additional Requirements,e1017741-e47e-5f58-97b8-fbc3043e919f,Umbrella follows form over General Liability,"---prompt---
Determine if the Umbrella/Excess Liability policy follows form to the underlying policies. Evidence may include: language in the Description of Operations section stating the umbrella follows form to underlying coverages or an additional page endorsement stating that it follows form. Follow form means the umbrella policy adopts the same terms, conditions, and exclusions as the underlying policies.",matchOnce,must be present,,Present,compliant,Block Requirements,,,true,1,,2026-08-16
"Block Real Estate Services, LLC",69fdf7a362446148bd85b026,69fded1562446148bd848ddb,"Servpro / G&C Restoration, LLC",69fdf161e45e7dcf5c43b3dd,"tic022 - Congleton Distribution Center 2 {SM Quivira, LLC}",evidenceOfInsurance,Evidence of Insurance,6ac20aae-5728-5d57-b364-aeba38527dba,Additional Requirements,2cdd866f-c9a4-576a-afd8-1d045762790c,"The location must be listed as: 9201, 9203 Quivira Road Overland Park KS 66215",,matchOnce,must be present,,Present,compliant,Block Requirements,,,true,2,,2026-08-16
"Block Real Estate Services, LLC",69fdf7a362446148bd85b026,69fded1562446148bd848ddb,"Servpro / G&C Restoration, LLC",69fdf161e45e7dcf5c43b3dd,"tic022 - Congleton Distribution Center 2 {SM Quivira, LLC}",evidenceOfInsurance,Evidence of Insurance,6ac20aae-5728-5d57-b364-aeba38527dba,Additional Requirements,3649e9d1-4e09-59bf-8f30-cb33c40cf117,"Certificate Holder must read: c/o Block Real Estate Services, LLC, 4622 Pennsylvania St., Suite 700, Kansas City, MO, 64112",,matchOnce,must be present,,Present,compliant,Block Requirements,,,true,2,,2026-08-16
"Block Real Estate Services, LLC",6a185ea0907a70f1cb15850f,6a185e8d5a886bcac13878a0,NAPA / Genuine Parts Company,69fdf161e45e7dcf5c43b3dd,"tic022 - Congleton Distribution Center 2 {SM Quivira, LLC}",evidenceOfInsurance,Evidence of Insurance,commercialGeneralLiability,Commercial General Liability,evidenceOfInsuranceCommercialGeneralLiabilityCoverageTriggerOccurrence,Coverage Trigger: Occurrence,,matchOnce,must be present,,,non_compliant,Block Requirements,,,false,0,,2026-08-16
"Block Real Estate Services, LLC",6a185ea0907a70f1cb15850f,6a185e8d5a886bcac13878a0,NAPA / Genuine Parts Company,69fdf161e45e7dcf5c43b3dd,"tic022 - Congleton Distribution Center 2 {SM Quivira, LLC}",evidenceOfInsurance,Evidence of Insurance,commercialGeneralLiability,Commercial General Liability,evidenceOfInsuranceCommercialGeneralLiabilityGeneralAggregateLimitAppliesPerLocation,General Aggregate Limit Applies per: Location,,matchOnce,must be present,,,non_compliant,Block Requirements,,,false,0,,2026-08-16
"Block Real Estate Services, LLC",6a185ea0907a70f1cb15850f,6a185e8d5a886bcac13878a0,NAPA / Genuine Parts Company,69fdf161e45e7dcf5c43b3dd,"tic022 - Congleton Distribution Center 2 {SM Quivira, LLC}",evidenceOfInsurance,Evidence of Insurance,commercialGeneralLiability,Commercial General Liability,evidenceOfInsuranceCommercialGeneralLiabilityEachOccurrence,Each Occurrence,,matchOnce,must be greater or equal to,1000000,,non_compliant,Block Requirements,,,false,0,,2026-08-16
"Block Real Estate Services, LLC",6a185ea0907a70f1cb15850f,6a185e8d5a886bcac13878a0,NAPA / Genuine Parts Company,69fdf161e45e7dcf5c43b3dd,"tic022 - Congleton Distribution Center 2 {SM Quivira, LLC}",evidenceOfInsurance,Evidence of Insurance,commercialGeneralLiability,Commercial General Liability,evidenceOfInsuranceCommercialGeneralLiabilityGeneralAggregate,General Aggregate,,matchOnce,must be greater or equal to,2000000,,non_compliant,Block Requirements,,,false,0,,2026-08-16
"Block Real Estate Services, LLC",6a185ea0907a70f1cb15850f,6a185e8d5a886bcac13878a0,NAPA / Genuine Parts Company,69fdf161e45e7dcf5c43b3dd,"tic022 - Congleton Distribution Center 2 {SM Quivira, LLC}",evidenceOfInsurance,Evidence of Insurance,commercialGeneralLiability,Commercial General Liability,evidenceOfInsuranceCommercialGeneralLiabilityWaiverOfSubrogationEndorsement,Waiver of Subrogation,"---prompt---
Determine if the insurer has waived their right of subrogation in favor of the certificate holder under the Commercial General Liability policy. Evidence may include: a checked ""Waiver of Subrogation"" box on the certificate, mention in the Description of Operations section stating ""waiver of subrogation applies"", or reference to form CG 24 04. Look for language like ""subrogation is waived"" or ""per written contract"".",matchOnce,must be present,,,non_compliant,Block Requirements,,,false,0,,2026-08-16
"Block Real Estate Services, LLC",6a185ea0907a70f1cb15850f,6a185e8d5a886bcac13878a0,NAPA / Genuine Parts Company,69fdf161e45e7dcf5c43b3dd,"tic022 - Congleton Distribution Center 2 {SM Quivira, LLC}",evidenceOfInsurance,Evidence of Insurance,excessOrUmbrellaLiability,Umbrella/Excess Liability,evidenceOfInsuranceExcessOrUmbrellaLiabilityOccurence,Coverage Trigger: Occurrence,,matchOnce,must be present,,,non_compliant,Block Requirements,,,false,0,,2026-08-16
"Block Real Estate Services, LLC",6a185ea0907a70f1cb15850f,6a185e8d5a886bcac13878a0,NAPA / Genuine Parts Company,69fdf161e45e7dcf5c43b3dd,"tic022 - Congleton Distribution Center 2 {SM Quivira, LLC}",evidenceOfInsurance,Evidence of Insurance,excessOrUmbrellaLiability,Umbrella/Excess Liability,evidenceOfInsuranceExcessOrUmbrellaLiabilityEachOccurrence,Each Occurrence,,matchOnce,must be greater or equal to,1000000,,non_compliant,Block Requirements,,,false,0,,2026-08-16
"Block Real Estate Services, LLC",6a185ea0907a70f1cb15850f,6a185e8d5a886bcac13878a0,NAPA / Genuine Parts Company,69fdf161e45e7dcf5c43b3dd,"tic022 - Congleton Distribution Center 2 {SM Quivira, LLC}",evidenceOfInsurance,Evidence of Insurance,excessOrUmbrellaLiability,Umbrella/Excess Liability,evidenceOfInsuranceExcessOrUmbrellaLiabilityAggregate,Aggregate,,matchOnce,must be greater or equal to,1000000,,non_compliant,Block Requirements,,,false,0,,2026-08-16
"Block Real Estate Services, LLC",6a185ea0907a70f1cb15850f,6a185e8d5a886bcac13878a0,NAPA / Genuine Parts Company,69fdf161e45e7dcf5c43b3dd,"tic022 - Congleton Distribution Center 2 {SM Quivira, LLC}",evidenceOfInsurance,Evidence of Insurance,workersCompensation,Workers' Compensation and Employer's Liability,evidenceOfInsuranceWorkersCompensationStatutoryLimits,Statutory Limits,,matchOnce,must be present,,,non_compliant,Block Requirements,,,false,0,,2026-08-16
"Block Real Estate Services, LLC",6a185ea0907a70f1cb15850f,6a185e8d5a886bcac13878a0,NAPA / Genuine Parts Company,69fdf161e45e7dcf5c43b3dd,"tic022 - Congleton Distribution Center 2 {SM Quivira, LLC}",evidenceOfInsurance,Evidence of Insurance,workersCompensation,Workers' Compensation and Employer's Liability,evidenceOfInsuranceWorkersCompensationEmployersLiabilityEachAccident,Employer's Liability Each Accident,,matchOnce,must be greater or equal to,500000,,non_compliant,Block Requirements,,,false,0,,2026-08-16
"Block Real Estate Services, LLC",6a185ea0907a70f1cb15850f,6a185e8d5a886bcac13878a0,NAPA / Genuine Parts Company,69fdf161e45e7dcf5c43b3dd,"tic022 - Congleton Distribution Center 2 {SM Quivira, LLC}",evidenceOfInsurance,Evidence of Insurance,workersCompensation,Workers' Compensation and Employer's Liability,evidenceOfInsuranceWorkersCompensationEmployersLiabilityDiseaseEachEmployee,Employer's Liability Disease - each employee,,matchOnce,must be greater or equal to,500000,,non_compliant,Block Requirements,,,false,0,,2026-08-16
"Block Real Estate Services, LLC",6a185ea0907a70f1cb15850f,6a185e8d5a886bcac13878a0,NAPA / Genuine Parts Company,69fdf161e45e7dcf5c43b3dd,"tic022 - Congleton Distribution Center 2 {SM Quivira, LLC}",evidenceOfInsurance,Evidence of Insurance,workersCompensation,Workers' Compensation and Employer's Liability,evidenceOfInsuranceWorkersCompensationEmployersLiabilityDiseasePolicyLimit,Employer's Liability Disease - policy limit,,matchOnce,must be greater or equal to,500000,,non_compliant,Block Requirements,,,false,0,,2026-08-16
"Block Real Estate Services, LLC",6a185ea0907a70f1cb15850f,6a185e8d5a886bcac13878a0,NAPA / Genuine Parts Company,69fdf161e45e7dcf5c43b3dd,"tic022 - Congleton Distribution Center 2 {SM Quivira, LLC}",evidenceOfInsurance,Evidence of Insurance,workersCompensation,Workers' Compensation and Employer's Liability,evidenceOfInsuranceWorkersCompensationWaiverOfSubrogationEndorsement,Waiver of Subrogation,"---prompt---
Determine if the insurer has waived their right of subrogation in favor of the certificate holder under the Workers' Compensation policy. Evidence may include: a checked ""Waiver of Subrogation"" box on the certificate, mention in the Description of Operations section stating ""waiver of subrogation applies"", or reference to form WC 00 03 13. Look for language like ""subrogation is waived"" or ""per written contract"".",matchOnce,must be present,,,non_compliant,Block Requirements,,,false,0,,2026-08-16
"Block Real Estate Services, LLC",6a185ea0907a70f1cb15850f,6a185e8d5a886bcac13878a0,NAPA / Genuine Parts Company,69fdf161e45e7dcf5c43b3dd,"tic022 - Congleton Distribution Center 2 {SM Quivira, LLC}",evidenceOfInsurance,Evidence of Insurance,6ac20aae-5728-5d57-b364-aeba38527dba,Additional Requirements,4da5b0f1-4c9d-5885-8cf8-5d3cccaed3e0,"Block Real Estate Services, LLC and all others required by contract are named as Additional Insureds","---prompt---
Determine if the Description of Operations or the Additional Remarks Schedule section states the ""Additional Insured as Construction Management, Inc. and all others required by contract"" or reference to blanket additional insured coverage. Look for language like ""certificate holder is additional insured"" or ""per written contract"".",matchOnce,must be present,,,non_compliant,Block Requirements,,,true,0,,2026-08-16
"Block Real Estate Services, LLC",6a185ea0907a70f1cb15850f,6a185e8d5a886bcac13878a0,NAPA / Genuine Parts Company,69fdf161e45e7dcf5c43b3dd,"tic022 - Congleton Distribution Center 2 {SM Quivira, LLC}",evidenceOfInsurance,Evidence of Insurance,6ac20aae-5728-5d57-b364-aeba38527dba,Additional Requirements,e1017741-e47e-5f58-97b8-fbc3043e919f,Umbrella follows form over General Liability,"---prompt---
Determine if the Umbrella/Excess Liability policy follows form to the underlying policies. Evidence may include: language in the Description of Operations section stating the umbrella follows form to underlying coverages or an additional page endorsement stating that it follows form. Follow form means the umbrella policy adopts the same terms, conditions, and exclusions as the underlying policies.",matchOnce,must be present,,,non_compliant,Block Requirements,,,true,0,,2026-08-16
"Block Real Estate Services, LLC",6a185ea0907a70f1cb15850f,6a185e8d5a886bcac13878a0,NAPA / Genuine Parts Company,69fdf161e45e7dcf5c43b3dd,"tic022 - Congleton Distribution Center 2 {SM Quivira, LLC}",evidenceOfInsurance,Evidence of Insurance,6ac20aae-5728-5d57-b364-aeba38527dba,Additional Requirements,2cdd866f-c9a4-576a-afd8-1d045762790c,"The location must be listed as: 9213, 9215 Quivira Road Overland Park KS 66215",,matchOnce,must be present,,,non_compliant,Block Requirements,,,true,0,,2026-08-16
"Block Real Estate Services, LLC",6a185ea0907a70f1cb15850f,6a185e8d5a886bcac13878a0,NAPA / Genuine Parts Company,69fdf161e45e7dcf5c43b3dd,"tic022 - Congleton Distribution Center 2 {SM Quivira, LLC}",evidenceOfInsurance,Evidence of Insurance,6ac20aae-5728-5d57-b364-aeba38527dba,Additional Requirements,3649e9d1-4e09-59bf-8f30-cb33c40cf117,"Certificate Holder must read: c/o Block Real Estate Services, LLC, 4622 Pennsylvania St., Suite 700, Kansas City, MO, 64112",,matchOnce,must be present,,,non_compliant,Block Requirements,,,true,0,,2026-08-16
"Block Real Estate Services, LLC",6a185ea0907a70f1cb158510,6a185e8d5a886bcac13878a0,NAPA / Genuine Parts Company,69fdf161e45e7dcf5c43b3dd,"tic022 - Congleton Distribution Center 2 {SM Quivira, LLC}",evidenceOfInsurance,Evidence of Insurance,commercialGeneralLiability,Commercial General Liability,evidenceOfInsuranceCommercialGeneralLiabilityCoverageTriggerOccurrence,Coverage Trigger: Occurrence,,matchOnce,must be present,,,non_compliant,Block Requirements,,,false,0,,2026-08-16
"Block Real Estate Services, LLC",6a185ea0907a70f1cb158510,6a185e8d5a886bcac13878a0,NAPA / Genuine Parts Company,69fdf161e45e7dcf5c43b3dd,"tic022 - Congleton Distribution Center 2 {SM Quivira, LLC}",evidenceOfInsurance,Evidence of Insurance,commercialGeneralLiability,Commercial General Liability,evidenceOfInsuranceCommercialGeneralLiabilityGeneralAggregateLimitAppliesPerLocation,General Aggregate Limit Applies per: Location,,matchOnce,must be present,,,non_compliant,Block Requirements,,,false,0,,2026-08-16
"Block Real Estate Services, LLC",6a185ea0907a70f1cb158510,6a185e8d5a886bcac13878a0,NAPA / Genuine Parts Company,69fdf161e45e7dcf5c43b3dd,"tic022 - Congleton Distribution Center 2 {SM Quivira, LLC}",evidenceOfInsurance,Evidence of Insurance,commercialGeneralLiability,Commercial General Liability,evidenceOfInsuranceCommercialGeneralLiabilityEachOccurrence,Each Occurrence,,matchOnce,must be greater or equal to,1000000,,non_compliant,Block Requirements,,,false,0,,2026-08-16
"Block Real Estate Services, LLC",6a185ea0907a70f1cb158510,6a185e8d5a886bcac13878a0,NAPA / Genuine Parts Company,69fdf161e45e7dcf5c43b3dd,"tic022 - Congleton Distribution Center 2 {SM Quivira, LLC}",evidenceOfInsurance,Evidence of Insurance,commercialGeneralLiability,Commercial General Liability,evidenceOfInsuranceCommercialGeneralLiabilityGeneralAggregate,General Aggregate,,matchOnce,must be greater or equal to,2000000,,non_compliant,Block Requirements,,,false,0,,2026-08-16
"Block Real Estate Services, LLC",6a185ea0907a70f1cb158510,6a185e8d5a886bcac13878a0,NAPA / Genuine Parts Company,69fdf161e45e7dcf5c43b3dd,"tic022 - Congleton Distribution Center 2 {SM Quivira, LLC}",evidenceOfInsurance,Evidence of Insurance,commercialGeneralLiability,Commercial General Liability,evidenceOfInsuranceCommercialGeneralLiabilityWaiverOfSubrogationEndorsement,Waiver of Subrogation,"---prompt---
Determine if the insurer has waived their right of subrogation in favor of the certificate holder under the Commercial General Liability policy. Evidence may include: a checked ""Waiver of Subrogation"" box on the certificate, mention in the Description of Operations section stating ""waiver of subrogation applies"", or reference to form CG 24 04. Look for language like ""subrogation is waived"" or ""per written contract"".",matchOnce,must be present,,,non_compliant,Block Requirements,,,false,0,,2026-08-16
"Block Real Estate Services, LLC",6a185ea0907a70f1cb158510,6a185e8d5a886bcac13878a0,NAPA / Genuine Parts Company,69fdf161e45e7dcf5c43b3dd,"tic022 - Congleton Distribution Center 2 {SM Quivira, LLC}",evidenceOfInsurance,Evidence of Insurance,excessOrUmbrellaLiability,Umbrella/Excess Liability,evidenceOfInsuranceExcessOrUmbrellaLiabilityOccurence,Coverage Trigger: Occurrence,,matchOnce,must be present,,,non_compliant,Block Requirements,,,false,0,,2026-08-16
"Block Real Estate Services, LLC",6a185ea0907a70f1cb158510,6a185e8d5a886bcac13878a0,NAPA / Genuine Parts Company,69fdf161e45e7dcf5c43b3dd,"tic022 - Congleton Distribution Center 2 {SM Quivira, LLC}",evidenceOfInsurance,Evidence of Insurance,excessOrUmbrellaLiability,Umbrella/Excess Liability,evidenceOfInsuranceExcessOrUmbrellaLiabilityEachOccurrence,Each Occurrence,,matchOnce,must be greater or equal to,1000000,,non_compliant,Block Requirements,,,false,0,,2026-08-16
"Block Real Estate Services, LLC",6a185ea0907a70f1cb158510,6a185e8d5a886bcac13878a0,NAPA / Genuine Parts Company,69fdf161e45e7dcf5c43b3dd,"tic022 - Congleton Distribution Center 2 {SM Quivira, LLC}",evidenceOfInsurance,Evidence of Insurance,excessOrUmbrellaLiability,Umbrella/Excess Liability,evidenceOfInsuranceExcessOrUmbrellaLiabilityAggregate,Aggregate,,matchOnce,must be greater or equal to,1000000,,non_compliant,Block Requirements,,,false,0,,2026-08-16
"Block Real Estate Services, LLC",6a185ea0907a70f1cb158510,6a185e8d5a886bcac13878a0,NAPA / Genuine Parts Company,69fdf161e45e7dcf5c43b3dd,"tic022 - Congleton Distribution Center 2 {SM Quivira, LLC}",evidenceOfInsurance,Evidence of Insurance,workersCompensation,Workers' Compensation and Employer's Liability,evidenceOfInsuranceWorkersCompensationStatutoryLimits,Statutory Limits,,matchOnce,must be present,,,non_compliant,Block Requirements,,,false,0,,2026-08-16
"Block Real Estate Services, LLC",6a185ea0907a70f1cb158510,6a185e8d5a886bcac13878a0,NAPA / Genuine Parts Company,69fdf161e45e7dcf5c43b3dd,"tic022 - Congleton Distribution Center 2 {SM Quivira, LLC}",evidenceOfInsurance,Evidence of Insurance,workersCompensation,Workers' Compensation and Employer's Liability,evidenceOfInsuranceWorkersCompensationEmployersLiabilityEachAccident,Employer's Liability Each Accident,,matchOnce,must be greater or equal to,500000,,non_compliant,Block Requirements,,,false,0,,2026-08-16
"Block Real Estate Services, LLC",6a185ea0907a70f1cb158510,6a185e8d5a886bcac13878a0,NAPA / Genuine Parts Company,69fdf161e45e7dcf5c43b3dd,"tic022 - Congleton Distribution Center 2 {SM Quivira, LLC}",evidenceOfInsurance,Evidence of Insurance,workersCompensation,Workers' Compensation and Employer's Liability,evidenceOfInsuranceWorkersCompensationEmployersLiabilityDiseaseEachEmployee,Employer's Liability Disease - each employee,,matchOnce,must be greater or equal to,500000,,non_compliant,Block Requirements,,,false,0,,2026-08-16
"Block Real Estate Services, LLC",6a185ea0907a70f1cb158510,6a185e8d5a886bcac13878a0,NAPA / Genuine Parts Company,69fdf161e45e7dcf5c43b3dd,"tic022 - Congleton Distribution Center 2 {SM Quivira, LLC}",evidenceOfInsurance,Evidence of Insurance,workersCompensation,Workers' Compensation and Employer's Liability,evidenceOfInsuranceWorkersCompensationEmployersLiabilityDiseasePolicyLimit,Employer's Liability Disease - policy limit,,matchOnce,must be greater or equal to,500000,,non_compliant,Block Requirements,,,false,0,,2026-08-16
"Block Real Estate Services, LLC",6a185ea0907a70f1cb158510,6a185e8d5a886bcac13878a0,NAPA / Genuine Parts Company,69fdf161e45e7dcf5c43b3dd,"tic022 - Congleton Distribution Center 2 {SM Quivira, LLC}",evidenceOfInsurance,Evidence of Insurance,workersCompensation,Workers' Compensation and Employer's Liability,evidenceOfInsuranceWorkersCompensationWaiverOfSubrogationEndorsement,Waiver of Subrogation,"---prompt---
Determine if the insurer has waived their right of subrogation in favor of the certificate holder under the Workers' Compensation policy. Evidence may include: a checked ""Waiver of Subrogation"" box on the certificate, mention in the Description of Operations section stating ""waiver of subrogation applies"", or reference to form WC 00 03 13. Look for language like ""subrogation is waived"" or ""per written contract"".",matchOnce,must be present,,,non_compliant,Block Requirements,,,false,0,,2026-08-16
"Block Real Estate Services, LLC",6a185ea0907a70f1cb158510,6a185e8d5a886bcac13878a0,NAPA / Genuine Parts Company,69fdf161e45e7dcf5c43b3dd,"tic022 - Congleton Distribution Center 2 {SM Quivira, LLC}",evidenceOfInsurance,Evidence of Insurance,6ac20aae-5728-5d57-b364-aeba38527dba,Additional Requirements,4da5b0f1-4c9d-5885-8cf8-5d3cccaed3e0,"Block Real Estate Services, LLC and all others required by contract are named as Additional Insureds","---prompt---
Determine if the Description of Operations or the Additional Remarks Schedule section states the ""Additional Insured as Construction Management, Inc. and all others required by contract"" or reference to blanket additional insured coverage. Look for language like ""certificate holder is additional insured"" or ""per written contract"".",matchOnce,must be present,,,non_compliant,Block Requirements,,,true,0,,2026-08-16
"Block Real Estate Services, LLC",6a185ea0907a70f1cb158510,6a185e8d5a886bcac13878a0,NAPA / Genuine Parts Company,69fdf161e45e7dcf5c43b3dd,"tic022 - Congleton Distribution Center 2 {SM Quivira, LLC}",evidenceOfInsurance,Evidence of Insurance,6ac20aae-5728-5d57-b364-aeba38527dba,Additional Requirements,e1017741-e47e-5f58-97b8-fbc3043e919f,Umbrella follows form over General Liability,"---prompt---
Determine if the Umbrella/Excess Liability policy follows form to the underlying policies. Evidence may include: language in the Description of Operations section stating the umbrella follows form to underlying coverages or an additional page endorsement stating that it follows form. Follow form means the umbrella policy adopts the same terms, conditions, and exclusions as the underlying policies.",matchOnce,must be present,,,non_compliant,Block Requirements,,,true,0,,2026-08-16
"Block Real Estate Services, LLC",6a185ea0907a70f1cb158510,6a185e8d5a886bcac13878a0,NAPA / Genuine Parts Company,69fdf161e45e7dcf5c43b3dd,"tic022 - Congleton Distribution Center 2 {SM Quivira, LLC}",evidenceOfInsurance,Evidence of Insurance,6ac20aae-5728-5d57-b364-aeba38527dba,Additional Requirements,2cdd866f-c9a4-576a-afd8-1d045762790c,"The location must be listed as: 9217, 9219 Quivira Road Overland Park KS 66215",,matchOnce,must be present,,,non_compliant,Block Requirements,,,true,0,,2026-08-16
"Block Real Estate Services, LLC",6a185ea0907a70f1cb158510,6a185e8d5a886bcac13878a0,NAPA / Genuine Parts Company,69fdf161e45e7dcf5c43b3dd,"tic022 - Congleton Distribution Center 2 {SM Quivira, LLC}",evidenceOfInsurance,Evidence of Insurance,6ac20aae-5728-5d57-b364-aeba38527dba,Additional Requirements,3649e9d1-4e09-59bf-8f30-cb33c40cf117,"Certificate Holder must read: c/o Block Real Estate Services, LLC, 4622 Pennsylvania St., Suite 700, Kansas City, MO, 64112",,matchOnce,must be present,,,non_compliant,Block Requirements,,,true,0,,2026-08-16
"Block Real Estate Services, LLC",69fdf74a62446148bd854b36,69fded1562446148bd848de4,Vitev / Gabe Hunninghake,69fdef31e45e7dcf5c4328bd,3rd347 - 919 E. 29th Street {Taikan Development Corporation},evidenceOfInsurance,Evidence of Insurance,commercialGeneralLiability,Commercial General Liability,evidenceOfInsuranceCommercialGeneralLiabilityCoverageTriggerOccurrence,Coverage Trigger: Occurrence,,matchOnce,must be present,,,non_compliant,Block Requirements,,,false,0,,2026-08-16
"Block Real Estate Services, LLC",69fdf74a62446148bd854b36,69fded1562446148bd848de4,Vitev / Gabe Hunninghake,69fdef31e45e7dcf5c4328bd,3rd347 - 919 E. 29th Street {Taikan Development Corporation},evidenceOfInsurance,Evidence of Insurance,commercialGeneralLiability,Commercial General Liability,evidenceOfInsuranceCommercialGeneralLiabilityGeneralAggregateLimitAppliesPerLocation,General Aggregate Limit Applies per: Location,,matchOnce,must be present,,,non_compliant,Block Requirements,,,false,0,,2026-08-16
"Block Real Estate Services, LLC",69fdf74a62446148bd854b36,69fded1562446148bd848de4,Vitev / Gabe Hunninghake,69fdef31e45e7dcf5c4328bd,3rd347 - 919 E. 29th Street {Taikan Development Corporation},evidenceOfInsurance,Evidence of Insurance,commercialGeneralLiability,Commercial General Liability,evidenceOfInsuranceCommercialGeneralLiabilityEachOccurrence,Each Occurrence,,matchOnce,must be greater or equal to,1000000,,non_compliant,Block Requirements,,,false,0,,2026-08-16
"Block Real Estate Services, LLC",69fdf74a62446148bd854b36,69fded1562446148bd848de4,Vitev / Gabe Hunninghake,69fdef31e45e7dcf5c4328bd,3rd347 - 919 E. 29th Street {Taikan Development Corporation},evidenceOfInsurance,Evidence of Insurance,commercialGeneralLiability,Commercial General Liability,evidenceOfInsuranceCommercialGeneralLiabilityGeneralAggregate,General Aggregate,,matchOnce,must be greater or equal to,2000000,,non_compliant,Block Requirements,,,false,0,,2026-08-16
"Block Real Estate Services, LLC",69fdf74a62446148bd854b36,69fded1562446148bd848de4,Vitev / Gabe Hunninghake,69fdef31e45e7dcf5c4328bd,3rd347 - 919 E. 29th Street {Taikan Development Corporation},evidenceOfInsurance,Evidence of Insurance,commercialGeneralLiability,Commercial General Liability,evidenceOfInsuranceCommercialGeneralLiabilityWaiverOfSubrogationEndorsement,Waiver of Subrogation,"---prompt---
Determine if the insurer has waived their right of subrogation in favor of the certificate holder under the Commercial General Liability policy. Evidence may include: a checked ""Waiver of Subrogation"" box on the certificate, mention in the Description of Operations section stating ""waiver of subrogation applies"", or reference to form CG 24 04. Look for language like ""subrogation is waived"" or ""per written contract"".",matchOnce,must be present,,,non_compliant,Block Requirements,,,false,0,,2026-08-16
"Block Real Estate Services, LLC",69fdf74a62446148bd854b36,69fded1562446148bd848de4,Vitev / Gabe Hunninghake,69fdef31e45e7dcf5c4328bd,3rd347 - 919 E. 29th Street {Taikan Development Corporation},evidenceOfInsurance,Evidence of Insurance,excessOrUmbrellaLiability,Umbrella/Excess Liability,evidenceOfInsuranceExcessOrUmbrellaLiabilityOccurence,Coverage Trigger: Occurrence,,matchOnce,must be present,,,non_compliant,Block Requirements,,,false,0,,2026-08-16
"Block Real Estate Services, LLC",69fdf74a62446148bd854b36,69fded1562446148bd848de4,Vitev / Gabe Hunninghake,69fdef31e45e7dcf5c4328bd,3rd347 - 919 E. 29th Street {Taikan Development Corporation},evidenceOfInsurance,Evidence of Insurance,excessOrUmbrellaLiability,Umbrella/Excess Liability,evidenceOfInsuranceExcessOrUmbrellaLiabilityEachOccurrence,Each Occurrence,,matchOnce,must be greater or equal to,1000000,,non_compliant,Block Requirements,,,false,0,,2026-08-16
"Block Real Estate Services, LLC",69fdf74a62446148bd854b36,69fded1562446148bd848de4,Vitev / Gabe Hunninghake,69fdef31e45e7dcf5c4328bd,3rd347 - 919 E. 29th Street {Taikan Development Corporation},evidenceOfInsurance,Evidence of Insurance,excessOrUmbrellaLiability,Umbrella/Excess Liability,evidenceOfInsuranceExcessOrUmbrellaLiabilityAggregate,Aggregate,,matchOnce,must be greater or equal to,1000000,,non_compliant,Block Requirements,,,false,0,,2026-08-16
"Block Real Estate Services, LLC",69fdf74a62446148bd854b36,69fded1562446148bd848de4,Vitev / Gabe Hunninghake,69fdef31e45e7dcf5c4328bd,3rd347 - 919 E. 29th Street {Taikan Development Corporation},evidenceOfInsurance,Evidence of Insurance,workersCompensation,Workers' Compensation and Employer's Liability,evidenceOfInsuranceWorkersCompensationStatutoryLimits,Statutory Limits,,matchOnce,must be present,,,non_compliant,Block Requirements,,,false,0,,2026-08-16
"Block Real Estate Services, LLC",69fdf74a62446148bd854b36,69fded1562446148bd848de4,Vitev / Gabe Hunninghake,69fdef31e45e7dcf5c4328bd,3rd347 - 919 E. 29th Street {Taikan Development Corporation},evidenceOfInsurance,Evidence of Insurance,workersCompensation,Workers' Compensation and Employer's Liability,evidenceOfInsuranceWorkersCompensationEmployersLiabilityEachAccident,Employer's Liability Each Accident,,matchOnce,must be greater or equal to,500000,,non_compliant,Block Requirements,,,false,0,,2026-08-16
"Block Real Estate Services, LLC",69fdf74a62446148bd854b36,69fded1562446148bd848de4,Vitev / Gabe Hunninghake,69fdef31e45e7dcf5c4328bd,3rd347 - 919 E. 29th Street {Taikan Development Corporation},evidenceOfInsurance,Evidence of Insurance,workersCompensation,Workers' Compensation and Employer's Liability,evidenceOfInsuranceWorkersCompensationEmployersLiabilityDiseaseEachEmployee,Employer's Liability Disease - each employee,,matchOnce,must be greater or equal to,500000,,non_compliant,Block Requirements,,,false,0,,2026-08-16
"Block Real Estate Services, LLC",69fdf74a62446148bd854b36,69fded1562446148bd848de4,Vitev / Gabe Hunninghake,69fdef31e45e7dcf5c4328bd,3rd347 - 919 E. 29th Street {Taikan Development Corporation},evidenceOfInsurance,Evidence of Insurance,workersCompensation,Workers' Compensation and Employer's Liability,evidenceOfInsuranceWorkersCompensationEmployersLiabilityDiseasePolicyLimit,Employer's Liability Disease - policy limit,,matchOnce,must be greater or equal to,500000,,non_compliant,Block Requirements,,,false,0,,2026-08-16
"Block Real Estate Services, LLC",69fdf74a62446148bd854b36,69fded1562446148bd848de4,Vitev / Gabe Hunninghake,69fdef31e45e7dcf5c4328bd,3rd347 - 919 E. 29th Street {Taikan Development Corporation},evidenceOfInsurance,Evidence of Insurance,workersCompensation,Workers' Compensation and Employer's Liability,evidenceOfInsuranceWorkersCompensationWaiverOfSubrogationEndorsement,Waiver of Subrogation,"---prompt---
Determine if the insurer has waived their right of subrogation in favor of the certificate holder under the Workers' Compensation policy. Evidence may include: a checked ""Waiver of Subrogation"" box on the certificate, mention in the Description of Operations section stating ""waiver of subrogation applies"", or reference to form WC 00 03 13. Look for language like ""subrogation is waived"" or ""per written contract"".",matchOnce,must be present,,,non_compliant,Block Requirements,,,false,0,,2026-08-16
"Block Real Estate Services, LLC",69fdf74a62446148bd854b36,69fded1562446148bd848de4,Vitev / Gabe Hunninghake,69fdef31e45e7dcf5c4328bd,3rd347 - 919 E. 29th Street {Taikan Development Corporation},evidenceOfInsurance,Evidence of Insurance,6ac20aae-5728-5d57-b364-aeba38527dba,Additional Requirements,4da5b0f1-4c9d-5885-8cf8-5d3cccaed3e0,"Block Real Estate Services, LLC and all others required by contract are named as Additional Insureds","---prompt---
Determine if the Description of Operations or the Additional Remarks Schedule section states the ""Additional Insured as Construction Management, Inc. and all others required by contract"" or reference to blanket additional insured coverage. Look for language like ""certificate holder is additional insured"" or ""per written contract"".",matchOnce,must be present,,,non_compliant,Block Requirements,,,true,0,,2026-08-16
"Block Real Estate Services, LLC",69fdf74a62446148bd854b36,69fded1562446148bd848de4,Vitev / Gabe Hunninghake,69fdef31e45e7dcf5c4328bd,3rd347 - 919 E. 29th Street {Taikan Development Corporation},evidenceOfInsurance,Evidence of Insurance,6ac20aae-5728-5d57-b364-aeba38527dba,Additional Requirements,e1017741-e47e-5f58-97b8-fbc3043e919f,Umbrella follows form over General Liability,"---prompt---
Determine if the Umbrella/Excess Liability policy follows form to the underlying policies. Evidence may include: language in the Description of Operations section stating the umbrella follows form to underlying coverages or an additional page endorsement stating that it follows form. Follow form means the umbrella policy adopts the same terms, conditions, and exclusions as the underlying policies.",matchOnce,must be present,,,non_compliant,Block Requirements,,,true,0,,2026-08-16
"Block Real Estate Services, LLC",69fdf74a62446148bd854b36,69fded1562446148bd848de4,Vitev / Gabe Hunninghake,69fdef31e45e7dcf5c4328bd,3rd347 - 919 E. 29th Street {Taikan Development Corporation},evidenceOfInsurance,Evidence of Insurance,6ac20aae-5728-5d57-b364-aeba38527dba,Additional Requirements,2cdd866f-c9a4-576a-afd8-1d045762790c,"The location must be listed as: 919 E. 63rd Street, Suite B, Lawrence, KS, 66046",,matchOnce,must be present,,,non_compliant,Block Requirements,,,true,0,,2026-08-16
"Block Real Estate Services, LLC",69fdf74a62446148bd854b36,69fded1562446148bd848de4,Vitev / Gabe Hunninghake,69fdef31e45e7dcf5c4328bd,3rd347 - 919 E. 29th Street {Taikan Development Corporation},evidenceOfInsurance,Evidence of Insurance,6ac20aae-5728-5d57-b364-aeba38527dba,Additional Requirements,3649e9d1-4e09-59bf-8f30-cb33c40cf117,"Certificate Holder must read: c/o Block Real Estate Services, LLC, 4622 Pennsylvania St., Suite 700, Kansas City, MO, 64112",,matchOnce,must be present,,,non_compliant,Block Requirements,,,true,0,,2026-08-16
"Block Real Estate Services, LLC",6a171349bf28cb6a86a30436,6a072930f523b35823695c72,Taikan Development Corporation,69fdef31e45e7dcf5c4328bd,3rd347 - 919 E. 29th Street {Taikan Development Corporation},evidenceOfInsurance,Evidence of Insurance,commercialGeneralLiability,Commercial General Liability,evidenceOfInsuranceCommercialGeneralLiabilityCoverageTriggerOccurrence,Coverage Trigger: Occurrence,,matchOnce,must be present,,Present,compliant,Block Requirements,,,false,1,,2026-08-16
"Block Real Estate Services, LLC",6a171349bf28cb6a86a30436,6a072930f523b35823695c72,Taikan Development Corporation,69fdef31e45e7dcf5c4328bd,3rd347 - 919 E. 29th Street {Taikan Development Corporation},evidenceOfInsurance,Evidence of Insurance,commercialGeneralLiability,Commercial General Liability,evidenceOfInsuranceCommercialGeneralLiabilityGeneralAggregateLimitAppliesPerLocation,General Aggregate Limit Applies per: Location,,matchOnce,must be present,,,waived,Block Requirements,No lease - Taikan Development Corp owns the building,,false,0,,2026-08-16
"Block Real Estate Services, LLC",6a171349bf28cb6a86a30436,6a072930f523b35823695c72,Taikan Development Corporation,69fdef31e45e7dcf5c4328bd,3rd347 - 919 E. 29th Street {Taikan Development Corporation},evidenceOfInsurance,Evidence of Insurance,commercialGeneralLiability,Commercial General Liability,evidenceOfInsuranceCommercialGeneralLiabilityEachOccurrence,Each Occurrence,,matchOnce,must be greater or equal to,1000000,2000000,compliant,Block Requirements,,,false,1,,2026-08-16
"Block Real Estate Services, LLC",6a171349bf28cb6a86a30436,6a072930f523b35823695c72,Taikan Development Corporation,69fdef31e45e7dcf5c4328bd,3rd347 - 919 E. 29th Street {Taikan Development Corporation},evidenceOfInsurance,Evidence of Insurance,commercialGeneralLiability,Commercial General Liability,evidenceOfInsuranceCommercialGeneralLiabilityGeneralAggregate,General Aggregate,,matchOnce,must be greater or equal to,2000000,4000000,compliant,Block Requirements,,,false,1,,2026-08-16
"Block Real Estate Services, LLC",6a171349bf28cb6a86a30436,6a072930f523b35823695c72,Taikan Development Corporation,69fdef31e45e7dcf5c4328bd,3rd347 - 919 E. 29th Street {Taikan Development Corporation},evidenceOfInsurance,Evidence of Insurance,commercialGeneralLiability,Commercial General Liability,evidenceOfInsuranceCommercialGeneralLiabilityWaiverOfSubrogationEndorsement,Waiver of Subrogation,"---prompt---
Determine if the insurer has waived their right of subrogation in favor of the certificate holder under the Commercial General Liability policy. Evidence may include: a checked ""Waiver of Subrogation"" box on the certificate, mention in the Description of Operations section stating ""waiver of subrogation applies"", or reference to form CG 24 04. Look for language like ""subrogation is waived"" or ""per written contract"".",matchOnce,must be present,,Present,compliant,Block Requirements,,,false,1,,2026-08-16
"Block Real Estate Services, LLC",6a171349bf28cb6a86a30436,6a072930f523b35823695c72,Taikan Development Corporation,69fdef31e45e7dcf5c4328bd,3rd347 - 919 E. 29th Street {Taikan Development Corporation},evidenceOfInsurance,Evidence of Insurance,excessOrUmbrellaLiability,Umbrella/Excess Liability,evidenceOfInsuranceExcessOrUmbrellaLiabilityOccurence,Coverage Trigger: Occurrence,,matchOnce,must be present,,,waived,Block Requirements,,,false,0,,2026-08-16
"Block Real Estate Services, LLC",6a171349bf28cb6a86a30436,6a072930f523b35823695c72,Taikan Development Corporation,69fdef31e45e7dcf5c4328bd,3rd347 - 919 E. 29th Street {Taikan Development Corporation},evidenceOfInsurance,Evidence of Insurance,excessOrUmbrellaLiability,Umbrella/Excess Liability,evidenceOfInsuranceExcessOrUmbrellaLiabilityEachOccurrence,Each Occurrence,,matchOnce,must be greater or equal to,1000000,,waived,Block Requirements,,,false,0,,2026-08-16
"Block Real Estate Services, LLC",6a171349bf28cb6a86a30436,6a072930f523b35823695c72,Taikan Development Corporation,69fdef31e45e7dcf5c4328bd,3rd347 - 919 E. 29th Street {Taikan Development Corporation},evidenceOfInsurance,Evidence of Insurance,excessOrUmbrellaLiability,Umbrella/Excess Liability,evidenceOfInsuranceExcessOrUmbrellaLiabilityAggregate,Aggregate,,matchOnce,must be greater or equal to,1000000,,waived,Block Requirements,,,false,0,,2026-08-16
"Block Real Estate Services, LLC",6a171349bf28cb6a86a30436,6a072930f523b35823695c72,Taikan Development Corporation,69fdef31e45e7dcf5c4328bd,3rd347 - 919 E. 29th Street {Taikan Development Corporation},evidenceOfInsurance,Evidence of Insurance,workersCompensation,Workers' Compensation and Employer's Liability,evidenceOfInsuranceWorkersCompensationStatutoryLimits,Statutory Limits,,matchOnce,must be present,,Present,waived,Block Requirements,,,false,1,,2026-08-16
"Block Real Estate Services, LLC",6a171349bf28cb6a86a30436,6a072930f523b35823695c72,Taikan Development Corporation,69fdef31e45e7dcf5c4328bd,3rd347 - 919 E. 29th Street {Taikan Development Corporation},evidenceOfInsurance,Evidence of Insurance,workersCompensation,Workers' Compensation and Employer's Liability,evidenceOfInsuranceWorkersCompensationEmployersLiabilityEachAccident,Employer's Liability Each Accident,,matchOnce,must be greater or equal to,500000,100000,waived,Block Requirements,,,false,1,,2026-08-16
"Block Real Estate Services, LLC",6a171349bf28cb6a86a30436,6a072930f523b35823695c72,Taikan Development Corporation,69fdef31e45e7dcf5c4328bd,3rd347 - 919 E. 29th Street {Taikan Development Corporation},evidenceOfInsurance,Evidence of Insurance,workersCompensation,Workers' Compensation and Employer's Liability,evidenceOfInsuranceWorkersCompensationEmployersLiabilityDiseaseEachEmployee,Employer's Liability Disease - each employee,,matchOnce,must be greater or equal to,500000,100000,waived,Block Requirements,,,false,1,,2026-08-16
"Block Real Estate Services, LLC",6a171349bf28cb6a86a30436,6a072930f523b35823695c72,Taikan Development Corporation,69fdef31e45e7dcf5c4328bd,3rd347 - 919 E. 29th Street {Taikan Development Corporation},evidenceOfInsurance,Evidence of Insurance,workersCompensation,Workers' Compensation and Employer's Liability,evidenceOfInsuranceWorkersCompensationEmployersLiabilityDiseasePolicyLimit,Employer's Liability Disease - policy limit,,matchOnce,must be greater or equal to,500000,500000,waived,Block Requirements,,,false,1,,2026-08-16
"Block Real Estate Services, LLC",6a171349bf28cb6a86a30436,6a072930f523b35823695c72,Taikan Development Corporation,69fdef31e45e7dcf5c4328bd,3rd347 - 919 E. 29th Street {Taikan Development Corporation},evidenceOfInsurance,Evidence of Insurance,workersCompensation,Workers' Compensation and Employer's Liability,evidenceOfInsuranceWorkersCompensationWaiverOfSubrogationEndorsement,Waiver of Subrogation,"---prompt---
Determine if the insurer has waived their right of subrogation in favor of the certificate holder under the Workers' Compensation policy. Evidence may include: a checked ""Waiver of Subrogation"" box on the certificate, mention in the Description of Operations section stating ""waiver of subrogation applies"", or reference to form WC 00 03 13. Look for language like ""subrogation is waived"" or ""per written contract"".",matchOnce,must be present,,,waived,Block Requirements,,,false,0,,2026-08-16
"Block Real Estate Services, LLC",6a171349bf28cb6a86a30436,6a072930f523b35823695c72,Taikan Development Corporation,69fdef31e45e7dcf5c4328bd,3rd347 - 919 E. 29th Street {Taikan Development Corporation},evidenceOfInsurance,Evidence of Insurance,6ac20aae-5728-5d57-b364-aeba38527dba,Additional Requirements,4da5b0f1-4c9d-5885-8cf8-5d3cccaed3e0,"Block Real Estate Services, LLC and all others required by contract are named as Additional Insureds","---prompt---
Determine if the Description of Operations or the Additional Remarks Schedule section states the ""Additional Insured as Construction Management, Inc. and all others required by contract"" or reference to blanket additional insured coverage. Look for language like ""certificate holder is additional insured"" or ""per written contract"".",matchOnce,must be present,,Present,compliant,Block Requirements,,,true,1,,2026-08-16
"Block Real Estate Services, LLC",6a171349bf28cb6a86a30436,6a072930f523b35823695c72,Taikan Development Corporation,69fdef31e45e7dcf5c4328bd,3rd347 - 919 E. 29th Street {Taikan Development Corporation},evidenceOfInsurance,Evidence of Insurance,6ac20aae-5728-5d57-b364-aeba38527dba,Additional Requirements,e1017741-e47e-5f58-97b8-fbc3043e919f,Umbrella follows form over General Liability,"---prompt---
Determine if the Umbrella/Excess Liability policy follows form to the underlying policies. Evidence may include: language in the Description of Operations section stating the umbrella follows form to underlying coverages or an additional page endorsement stating that it follows form. Follow form means the umbrella policy adopts the same terms, conditions, and exclusions as the underlying policies.",matchOnce,must be present,,,waived,Block Requirements,No lease - Taikan Development Corp owns the building,,true,0,,2026-08-16
"Block Real Estate Services, LLC",6a171349bf28cb6a86a30436,6a072930f523b35823695c72,Taikan Development Corporation,69fdef31e45e7dcf5c4328bd,3rd347 - 919 E. 29th Street {Taikan Development Corporation},evidenceOfInsurance,Evidence of Insurance,6ac20aae-5728-5d57-b364-aeba38527dba,Additional Requirements,2cdd866f-c9a4-576a-afd8-1d045762790c,"The location must be listed as: 919 E. 29th Street, Suite A, Lawrence, KS, 66046",,matchOnce,must be present,,Present,compliant,Block Requirements,,,true,1,,2026-08-16
"Block Real Estate Services, LLC",6a171349bf28cb6a86a30436,6a072930f523b35823695c72,Taikan Development Corporation,69fdef31e45e7dcf5c4328bd,3rd347 - 919 E. 29th Street {Taikan Development Corporation},evidenceOfInsurance,Evidence of Insurance,6ac20aae-5728-5d57-b364-aeba38527dba,Additional Requirements,3649e9d1-4e09-59bf-8f30-cb33c40cf117,"Certificate Holder must read: c/o Block Real Estate Services, LLC, 4622 Pennsylvania St., Suite 700, Kansas City, MO, 64112",,matchOnce,must be present,,Present,compliant,Block Requirements,,,true,1,,2026-08-16
"Block Real Estate Services, LLC",6a1713502c0af08c023b6ecb,6a17132fefde9f2154ac6af4,The Underground Lab / Animal Kingdom Athletics,69fdef31e45e7dcf5c4328bd,3rd347 - 919 E. 29th Street {Taikan Development Corporation},evidenceOfInsurance,Evidence of Insurance,commercialGeneralLiability,Commercial General Liability,evidenceOfInsuranceCommercialGeneralLiabilityCoverageTriggerOccurrence,Coverage Trigger: Occurrence,,matchOnce,must be present,,,non_compliant,Block Requirements,,,false,0,,2026-08-16
"Block Real Estate Services, LLC",6a1713502c0af08c023b6ecb,6a17132fefde9f2154ac6af4,The Underground Lab / Animal Kingdom Athletics,69fdef31e45e7dcf5c4328bd,3rd347 - 919 E. 29th Street {Taikan Development Corporation},evidenceOfInsurance,Evidence of Insurance,commercialGeneralLiability,Commercial General Liability,evidenceOfInsuranceCommercialGeneralLiabilityGeneralAggregateLimitAppliesPerLocation,General Aggregate Limit Applies per: Location,,matchOnce,must be present,,,non_compliant,Block Requirements,,,false,0,,2026-08-16
"Block Real Estate Services, LLC",6a1713502c0af08c023b6ecb,6a17132fefde9f2154ac6af4,The Underground Lab / Animal Kingdom Athletics,69fdef31e45e7dcf5c4328bd,3rd347 - 919 E. 29th Street {Taikan Development Corporation},evidenceOfInsurance,Evidence of Insurance,commercialGeneralLiability,Commercial General Liability,evidenceOfInsuranceCommercialGeneralLiabilityEachOccurrence,Each Occurrence,,matchOnce,must be greater or equal to,1000000,,non_compliant,Block Requirements,,,false,0,,2026-08-16
"Block Real Estate Services, LLC",6a1713502c0af08c023b6ecb,6a17132fefde9f2154ac6af4,The Underground Lab / Animal Kingdom Athletics,69fdef31e45e7dcf5c4328bd,3rd347 - 919 E. 29th Street {Taikan Development Corporation},evidenceOfInsurance,Evidence of Insurance,commercialGeneralLiability,Commercial General Liability,evidenceOfInsuranceCommercialGeneralLiabilityGeneralAggregate,General Aggregate,,matchOnce,must be greater or equal to,2000000,,non_compliant,Block Requirements,,,false,0,,2026-08-16
"Block Real Estate Services, LLC",6a1713502c0af08c023b6ecb,6a17132fefde9f2154ac6af4,The Underground Lab / Animal Kingdom Athletics,69fdef31e45e7dcf5c4328bd,3rd347 - 919 E. 29th Street {Taikan Development Corporation},evidenceOfInsurance,Evidence of Insurance,commercialGeneralLiability,Commercial General Liability,evidenceOfInsuranceCommercialGeneralLiabilityWaiverOfSubrogationEndorsement,Waiver of Subrogation,"---prompt---
Determine if the insurer has waived their right of subrogation in favor of the certificate holder under the Commercial General Liability policy. Evidence may include: a checked ""Waiver of Subrogation"" box on the certificate, mention in the Description of Operations section stating ""waiver of subrogation applies"", or reference to form CG 24 04. Look for language like ""subrogation is waived"" or ""per written contract"".",matchOnce,must be present,,,non_compliant,Block Requirements,,,false,0,,2026-08-16
"Block Real Estate Services, LLC",6a1713502c0af08c023b6ecb,6a17132fefde9f2154ac6af4,The Underground Lab / Animal Kingdom Athletics,69fdef31e45e7dcf5c4328bd,3rd347 - 919 E. 29th Street {Taikan Development Corporation},evidenceOfInsurance,Evidence of Insurance,excessOrUmbrellaLiability,Umbrella/Excess Liability,evidenceOfInsuranceExcessOrUmbrellaLiabilityOccurence,Coverage Trigger: Occurrence,,matchOnce,must be present,,,non_compliant,Block Requirements,,,false,0,,2026-08-16
"Block Real Estate Services, LLC",6a1713502c0af08c023b6ecb,6a17132fefde9f2154ac6af4,The Underground Lab / Animal Kingdom Athletics,69fdef31e45e7dcf5c4328bd,3rd347 - 919 E. 29th Street {Taikan Development Corporation},evidenceOfInsurance,Evidence of Insurance,excessOrUmbrellaLiability,Umbrella/Excess Liability,evidenceOfInsuranceExcessOrUmbrellaLiabilityEachOccurrence,Each Occurrence,,matchOnce,must be greater or equal to,1000000,,non_compliant,Block Requirements,,,false,0,,2026-08-16
"Block Real Estate Services, LLC",6a1713502c0af08c023b6ecb,6a17132fefde9f2154ac6af4,The Underground Lab / Animal Kingdom Athletics,69fdef31e45e7dcf5c4328bd,3rd347 - 919 E. 29th Street {Taikan Development Corporation},evidenceOfInsurance,Evidence of Insurance,excessOrUmbrellaLiability,Umbrella/Excess Liability,evidenceOfInsuranceExcessOrUmbrellaLiabilityAggregate,Aggregate,,matchOnce,must be greater or equal to,1000000,,non_compliant,Block Requirements,,,false,0,,2026-08-16
"Block Real Estate Services, LLC",6a1713502c0af08c023b6ecb,6a17132fefde9f2154ac6af4,The Underground Lab / Animal Kingdom Athletics,69fdef31e45e7dcf5c4328bd,3rd347 - 919 E. 29th Street {Taikan Development Corporation},evidenceOfInsurance,Evidence of Insurance,workersCompensation,Workers' Compensation and Employer's Liability,evidenceOfInsuranceWorkersCompensationStatutoryLimits,Statutory Limits,,matchOnce,must be present,,,non_compliant,Block Requirements,,,false,0,,2026-08-16
"Block Real Estate Services, LLC",6a1713502c0af08c023b6ecb,6a17132fefde9f2154ac6af4,The Underground Lab / Animal Kingdom Athletics,69fdef31e45e7dcf5c4328bd,3rd347 - 919 E. 29th Street {Taikan Development Corporation},evidenceOfInsurance,Evidence of Insurance,workersCompensation,Workers' Compensation and Employer's Liability,evidenceOfInsuranceWorkersCompensationEmployersLiabilityEachAccident,Employer's Liability Each Accident,,matchOnce,must be greater or equal to,500000,,non_compliant,Block Requirements,,,false,0,,2026-08-16
"Block Real Estate Services, LLC",6a1713502c0af08c023b6ecb,6a17132fefde9f2154ac6af4,The Underground Lab / Animal Kingdom Athletics,69fdef31e45e7dcf5c4328bd,3rd347 - 919 E. 29th Street {Taikan Development Corporation},evidenceOfInsurance,Evidence of Insurance,workersCompensation,Workers' Compensation and Employer's Liability,evidenceOfInsuranceWorkersCompensationEmployersLiabilityDiseaseEachEmployee,Employer's Liability Disease - each employee,,matchOnce,must be greater or equal to,500000,,non_compliant,Block Requirements,,,false,0,,2026-08-16
"Block Real Estate Services, LLC",6a1713502c0af08c023b6ecb,6a17132fefde9f2154ac6af4,The Underground Lab / Animal Kingdom Athletics,69fdef31e45e7dcf5c4328bd,3rd347 - 919 E. 29th Street {Taikan Development Corporation},evidenceOfInsurance,Evidence of Insurance,workersCompensation,Workers' Compensation and Employer's Liability,evidenceOfInsuranceWorkersCompensationEmployersLiabilityDiseasePolicyLimit,Employer's Liability Disease - policy limit,,matchOnce,must be greater or equal to,500000,,non_compliant,Block Requirements,,,false,0,,2026-08-16
"Block Real Estate Services, LLC",6a1713502c0af08c023b6ecb,6a17132fefde9f2154ac6af4,The Underground Lab / Animal Kingdom Athletics,69fdef31e45e7dcf5c4328bd,3rd347 - 919 E. 29th Street {Taikan Development Corporation},evidenceOfInsurance,Evidence of Insurance,workersCompensation,Workers' Compensation and Employer's Liability,evidenceOfInsuranceWorkersCompensationWaiverOfSubrogationEndorsement,Waiver of Subrogation,"---prompt---
Determine if the insurer has waived their right of subrogation in favor of the certificate holder under the Workers' Compensation policy. Evidence may include: a checked ""Waiver of Subrogation"" box on the certificate, mention in the Description of Operations section stating ""waiver of subrogation applies"", or reference to form WC 00 03 13. Look for language like ""subrogation is waived"" or ""per written contract"".",matchOnce,must be present,,,non_compliant,Block Requirements,,,false,0,,2026-08-16
"Block Real Estate Services, LLC",6a1713502c0af08c023b6ecb,6a17132fefde9f2154ac6af4,The Underground Lab / Animal Kingdom Athletics,69fdef31e45e7dcf5c4328bd,3rd347 - 919 E. 29th Street {Taikan Development Corporation},evidenceOfInsurance,Evidence of Insurance,6ac20aae-5728-5d57-b364-aeba38527dba,Additional Requirements,4da5b0f1-4c9d-5885-8cf8-5d3cccaed3e0,"Block Real Estate Services, LLC and all others required by contract are named as Additional Insureds","---prompt---
Determine if the Description of Operations or the Additional Remarks Schedule section states the ""Additional Insured as Construction Management, Inc. and all others required by contract"" or reference to blanket additional insured coverage. Look for language like ""certificate holder is additional insured"" or ""per written contract"".",matchOnce,must be present,,,non_compliant,Block Requirements,,,true,0,,2026-08-16
"Block Real Estate Services, LLC",6a1713502c0af08c023b6ecb,6a17132fefde9f2154ac6af4,The Underground Lab / Animal Kingdom Athletics,69fdef31e45e7dcf5c4328bd,3rd347 - 919 E. 29th Street {Taikan Development Corporation},evidenceOfInsurance,Evidence of Insurance,6ac20aae-5728-5d57-b364-aeba38527dba,Additional Requirements,e1017741-e47e-5f58-97b8-fbc3043e919f,Umbrella follows form over General Liability,"---prompt---
Determine if the Umbrella/Excess Liability policy follows form to the underlying policies. Evidence may include: language in the Description of Operations section stating the umbrella follows form to underlying coverages or an additional page endorsement stating that it follows form. Follow form means the umbrella policy adopts the same terms, conditions, and exclusions as the underlying policies.",matchOnce,must be present,,,non_compliant,Block Requirements,,,true,0,,2026-08-16
"Block Real Estate Services, LLC",6a1713502c0af08c023b6ecb,6a17132fefde9f2154ac6af4,The Underground Lab / Animal Kingdom Athletics,69fdef31e45e7dcf5c4328bd,3rd347 - 919 E. 29th Street {Taikan Development Corporation},evidenceOfInsurance,Evidence of Insurance,6ac20aae-5728-5d57-b364-aeba38527dba,Additional Requirements,2cdd866f-c9a4-576a-afd8-1d045762790c,"The location must be listed as: 919 E. 29th Street, Suite C, Suite D, Lawrence, KS, 66046",,matchOnce,must be present,,,non_compliant,Block Requirements,,,true,0,,2026-08-16
"Block Real Estate Services, LLC",6a1713502c0af08c023b6ecb,6a17132fefde9f2154ac6af4,The Underground Lab / Animal Kingdom Athletics,69fdef31e45e7dcf5c4328bd,3rd347 - 919 E. 29th Street {Taikan Development Corporation},evidenceOfInsurance,Evidence of Insurance,6ac20aae-5728-5d57-b364-aeba38527dba,Additional Requirements,3649e9d1-4e09-59bf-8f30-cb33c40cf117,"Certificate Holder must read: c/o Block Real Estate Services, LLC, 4622 Pennsylvania St., Suite 700, Kansas City, MO, 64112",,matchOnce,must be present,,,non_compliant,Block Requirements,,,true,0,,2026-08-16
"Block Real Estate Services, LLC",69fdf78062446148bd858802,69fded1662446148bd848dff,Geotechnology LLC,69fdf0cbe45e7dcf5c438bc3,"pma106 - 5055 Antioch {Pine Meadows Associates, LLC}",evidenceOfInsurance,Evidence of Insurance,commercialGeneralLiability,Commercial General Liability,evidenceOfInsuranceCommercialGeneralLiabilityCoverageTriggerOccurrence,Coverage Trigger: Occurrence,,matchOnce,must be present,,Present,compliant,Block Requirements,,,false,1,,2026-08-16
"Block Real Estate Services, LLC",69fdf78062446148bd858802,69fded1662446148bd848dff,Geotechnology LLC,69fdf0cbe45e7dcf5c438bc3,"pma106 - 5055 Antioch {Pine Meadows Associates, LLC}",evidenceOfInsurance,Evidence of Insurance,commercialGeneralLiability,Commercial General Liability,evidenceOfInsuranceCommercialGeneralLiabilityGeneralAggregateLimitAppliesPerLocation,General Aggregate Limit Applies per: Location,,matchOnce,must be present,,Present,compliant,Block Requirements,,,false,1,,2026-08-16
"Block Real Estate Services, LLC",69fdf78062446148bd858802,69fded1662446148bd848dff,Geotechnology LLC,69fdf0cbe45e7dcf5c438bc3,"pma106 - 5055 Antioch {Pine Meadows Associates, LLC}",evidenceOfInsurance,Evidence of Insurance,commercialGeneralLiability,Commercial General Liability,evidenceOfInsuranceCommercialGeneralLiabilityEachOccurrence,Each Occurrence,,matchOnce,must be greater or equal to,1000000,2000000,compliant,Block Requirements,,,false,1,,2026-08-16
"Block Real Estate Services, LLC",69fdf78062446148bd858802,69fded1662446148bd848dff,Geotechnology LLC,69fdf0cbe45e7dcf5c438bc3,"pma106 - 5055 Antioch {Pine Meadows Associates, LLC}",evidenceOfInsurance,Evidence of Insurance,commercialGeneralLiability,Commercial General Liability,evidenceOfInsuranceCommercialGeneralLiabilityGeneralAggregate,General Aggregate,,matchOnce,must be greater or equal to,2000000,4000000,compliant,Block Requirements,,,false,1,,2026-08-16
"Block Real Estate Services, LLC",69fdf78062446148bd858802,69fded1662446148bd848dff,Geotechnology LLC,69fdf0cbe45e7dcf5c438bc3,"pma106 - 5055 Antioch {Pine Meadows Associates, LLC}",evidenceOfInsurance,Evidence of Insurance,commercialGeneralLiability,Commercial General Liability,evidenceOfInsuranceCommercialGeneralLiabilityWaiverOfSubrogationEndorsement,Waiver of Subrogation,"---prompt---
Determine if the insurer has waived their right of subrogation in favor of the certificate holder under the Commercial General Liability policy. Evidence may include: a checked ""Waiver of Subrogation"" box on the certificate, mention in the Description of Operations section stating ""waiver of subrogation applies"", or reference to form CG 24 04. Look for language like ""subrogation is waived"" or ""per written contract"".",matchOnce,must be present,,Present,compliant,Block Requirements,,,false,1,,2026-08-16
"Block Real Estate Services, LLC",69fdf78062446148bd858802,69fded1662446148bd848dff,Geotechnology LLC,69fdf0cbe45e7dcf5c438bc3,"pma106 - 5055 Antioch {Pine Meadows Associates, LLC}",evidenceOfInsurance,Evidence of Insurance,excessOrUmbrellaLiability,Umbrella/Excess Liability,evidenceOfInsuranceExcessOrUmbrellaLiabilityOccurence,Coverage Trigger: Occurrence,,matchOnce,must be present,,Present,compliant,Block Requirements,,,false,1,,2026-08-16
"Block Real Estate Services, LLC",69fdf78062446148bd858802,69fded1662446148bd848dff,Geotechnology LLC,69fdf0cbe45e7dcf5c438bc3,"pma106 - 5055 Antioch {Pine Meadows Associates, LLC}",evidenceOfInsurance,Evidence of Insurance,excessOrUmbrellaLiability,Umbrella/Excess Liability,evidenceOfInsuranceExcessOrUmbrellaLiabilityEachOccurrence,Each Occurrence,,matchOnce,must be greater or equal to,1000000,8000000,compliant,Block Requirements,,,false,1,,2026-08-16
"Block Real Estate Services, LLC",69fdf78062446148bd858802,69fded1662446148bd848dff,Geotechnology LLC,69fdf0cbe45e7dcf5c438bc3,"pma106 - 5055 Antioch {Pine Meadows Associates, LLC}",evidenceOfInsurance,Evidence of Insurance,excessOrUmbrellaLiability,Umbrella/Excess Liability,evidenceOfInsuranceExcessOrUmbrellaLiabilityAggregate,Aggregate,,matchOnce,must be greater or equal to,1000000,8000000,compliant,Block Requirements,,,false,1,,2026-08-16
"Block Real Estate Services, LLC",69fdf78062446148bd858802,69fded1662446148bd848dff,Geotechnology LLC,69fdf0cbe45e7dcf5c438bc3,"pma106 - 5055 Antioch {Pine Meadows Associates, LLC}",evidenceOfInsurance,Evidence of Insurance,workersCompensation,Workers' Compensation and Employer's Liability,evidenceOfInsuranceWorkersCompensationStatutoryLimits,Statutory Limits,,matchOnce,must be present,,Present,compliant,Block Requirements,,,false,1,,2026-08-16
"Block Real Estate Services, LLC",69fdf78062446148bd858802,69fded1662446148bd848dff,Geotechnology LLC,69fdf0cbe45e7dcf5c438bc3,"pma106 - 5055 Antioch {Pine Meadows Associates, LLC}",evidenceOfInsurance,Evidence of Insurance,workersCompensation,Workers' Compensation and Employer's Liability,evidenceOfInsuranceWorkersCompensationEmployersLiabilityEachAccident,Employer's Liability Each Accident,,matchOnce,must be greater or equal to,500000,1000000,compliant,Block Requirements,,,false,1,,2026-08-16
"Block Real Estate Services, LLC",69fdf78062446148bd858802,69fded1662446148bd848dff,Geotechnology LLC,69fdf0cbe45e7dcf5c438bc3,"pma106 - 5055 Antioch {Pine Meadows Associates, LLC}",evidenceOfInsurance,Evidence of Insurance,workersCompensation,Workers' Compensation and Employer's Liability,evidenceOfInsuranceWorkersCompensationEmployersLiabilityDiseaseEachEmployee,Employer's Liability Disease - each employee,,matchOnce,must be greater or equal to,500000,1000000,compliant,Block Requirements,,,false,1,,2026-08-16
"Block Real Estate Services, LLC",69fdf78062446148bd858802,69fded1662446148bd848dff,Geotechnology LLC,69fdf0cbe45e7dcf5c438bc3,"pma106 - 5055 Antioch {Pine Meadows Associates, LLC}",evidenceOfInsurance,Evidence of Insurance,workersCompensation,Workers' Compensation and Employer's Liability,evidenceOfInsuranceWorkersCompensationEmployersLiabilityDiseasePolicyLimit,Employer's Liability Disease - policy limit,,matchOnce,must be greater or equal to,500000,1000000,compliant,Block Requirements,,,false,1,,2026-08-16
"Block Real Estate Services, LLC",69fdf78062446148bd858802,69fded1662446148bd848dff,Geotechnology LLC,69fdf0cbe45e7dcf5c438bc3,"pma106 - 5055 Antioch {Pine Meadows Associates, LLC}",evidenceOfInsurance,Evidence of Insurance,workersCompensation,Workers' Compensation and Employer's Liability,evidenceOfInsuranceWorkersCompensationWaiverOfSubrogationEndorsement,Waiver of Subrogation,"---prompt---
Determine if the insurer has waived their right of subrogation in favor of the certificate holder under the Workers' Compensation policy. Evidence may include: a checked ""Waiver of Subrogation"" box on the certificate, mention in the Description of Operations section stating ""waiver of subrogation applies"", or reference to form WC 00 03 13. Look for language like ""subrogation is waived"" or ""per written contract"".",matchOnce,must be present,,Present,compliant,Block Requirements,,,false,1,,2026-08-16
"Block Real Estate Services, LLC",69fdf78062446148bd858802,69fded1662446148bd848dff,Geotechnology LLC,69fdf0cbe45e7dcf5c438bc3,"pma106 - 5055 Antioch {Pine Meadows Associates, LLC}",evidenceOfInsurance,Evidence of Insurance,6ac20aae-5728-5d57-b364-aeba38527dba,Additional Requirements,4da5b0f1-4c9d-5885-8cf8-5d3cccaed3e0,"Block Real Estate Services, LLC and all others required by contract are named as Additional Insureds","---prompt---
Determine if the Description of Operations or the Additional Remarks Schedule section states the ""Additional Insured as Construction Management, Inc. and all others required by contract"" or reference to blanket additional insured coverage. Look for language like ""certificate holder is additional insured"" or ""per written contract"".",matchOnce,must be present,,Present,compliant,Block Requirements,,,true,1,,2026-08-16
"Block Real Estate Services, LLC",69fdf78062446148bd858802,69fded1662446148bd848dff,Geotechnology LLC,69fdf0cbe45e7dcf5c438bc3,"pma106 - 5055 Antioch {Pine Meadows Associates, LLC}",evidenceOfInsurance,Evidence of Insurance,6ac20aae-5728-5d57-b364-aeba38527dba,Additional Requirements,e1017741-e47e-5f58-97b8-fbc3043e919f,Umbrella follows form over General Liability,"---prompt---
Determine if the Umbrella/Excess Liability policy follows form to the underlying policies. Evidence may include: language in the Description of Operations section stating the umbrella follows form to underlying coverages or an additional page endorsement stating that it follows form. Follow form means the umbrella policy adopts the same terms, conditions, and exclusions as the underlying policies.",matchOnce,must be present,,Present,compliant,Block Requirements,,,true,1,,2026-08-16
"Block Real Estate Services, LLC",69fdf78062446148bd858802,69fded1662446148bd848dff,Geotechnology LLC,69fdf0cbe45e7dcf5c438bc3,"pma106 - 5055 Antioch {Pine Meadows Associates, LLC}",evidenceOfInsurance,Evidence of Insurance,6ac20aae-5728-5d57-b364-aeba38527dba,Additional Requirements,2cdd866f-c9a4-576a-afd8-1d045762790c,The location must be listed as: 5055 Antioch Road Shawnee KS 66203,,matchOnce,must be present,,Present,compliant,Block Requirements,,,true,1,,2026-08-16
"Block Real Estate Services, LLC",69fdf78062446148bd858802,69fded1662446148bd848dff,Geotechnology LLC,69fdf0cbe45e7dcf5c438bc3,"pma106 - 5055 Antioch {Pine Meadows Associates, LLC}",evidenceOfInsurance,Evidence of Insurance,6ac20aae-5728-5d57-b364-aeba38527dba,Additional Requirements,3649e9d1-4e09-59bf-8f30-cb33c40cf117,"Certificate Holder must read: c/o Block Real Estate Services, LLC, 4622 Pennsylvania St., Suite 700, Kansas City, MO, 64112",,matchOnce,must be present,,Present,compliant,Block Requirements,,,true,1,,2026-08-16
"Block Real Estate Services, LLC",69fdf74a62446148bd854b43,69fded1662446148bd848e11,Google Fiber Inc,69fdef5103a2257cd27d9981,"3rd496 - 908 Broadway {Depot Square Apartments, LLC}",evidenceOfInsurance,Evidence of Insurance,commercialGeneralLiability,Commercial General Liability,evidenceOfInsuranceCommercialGeneralLiabilityCoverageTriggerOccurrence,Coverage Trigger: Occurrence,,matchOnce,must be present,,,non_compliant,Block Requirements,,,false,0,,2026-08-16
"Block Real Estate Services, LLC",69fdf74a62446148bd854b43,69fded1662446148bd848e11,Google Fiber Inc,69fdef5103a2257cd27d9981,"3rd496 - 908 Broadway {Depot Square Apartments, LLC}",evidenceOfInsurance,Evidence of Insurance,commercialGeneralLiability,Commercial General Liability,evidenceOfInsuranceCommercialGeneralLiabilityGeneralAggregateLimitAppliesPerLocation,General Aggregate Limit Applies per: Location,,matchOnce,must be present,,,non_compliant,Block Requirements,,,false,0,,2026-08-16
"Block Real Estate Services, LLC",69fdf74a62446148bd854b43,69fded1662446148bd848e11,Google Fiber Inc,69fdef5103a2257cd27d9981,"3rd496 - 908 Broadway {Depot Square Apartments, LLC}",evidenceOfInsurance,Evidence of Insurance,commercialGeneralLiability,Commercial General Liability,evidenceOfInsuranceCommercialGeneralLiabilityEachOccurrence,Each Occurrence,,matchOnce,must be greater or equal to,1000000,,non_compliant,Block Requirements,,,false,0,,2026-08-16
"Block Real Estate Services, LLC",69fdf74a62446148bd854b43,69fded1662446148bd848e11,Google Fiber Inc,69fdef5103a2257cd27d9981,"3rd496 - 908 Broadway {Depot Square Apartments, LLC}",evidenceOfInsurance,Evidence of Insurance,commercialGeneralLiability,Commercial General Liability,evidenceOfInsuranceCommercialGeneralLiabilityGeneralAggregate,General Aggregate,,matchOnce,must be greater or equal to,2000000,,non_compliant,Block Requirements,,,false,0,,2026-08-16
"Block Real Estate Services, LLC",69fdf74a62446148bd854b43,69fded1662446148bd848e11,Google Fiber Inc,69fdef5103a2257cd27d9981,"3rd496 - 908 Broadway {Depot Square Apartments, LLC}",evidenceOfInsurance,Evidence of Insurance,commercialGeneralLiability,Commercial General Liability,evidenceOfInsuranceCommercialGeneralLiabilityWaiverOfSubrogationEndorsement,Waiver of Subrogation,"---prompt---
Determine if the insurer has waived their right of subrogation in favor of the certificate holder under the Commercial General Liability policy. Evidence may include: a checked ""Waiver of Subrogation"" box on the certificate, mention in the Description of Operations section stating ""waiver of subrogation applies"", or reference to form CG 24 04. Look for language like ""subrogation is waived"" or ""per written contract"".",matchOnce,must be present,,,non_compliant,Block Requirements,,,false,0,,2026-08-16
"Block Real Estate Services, LLC",69fdf74a62446148bd854b43,69fded1662446148bd848e11,Google Fiber Inc,69fdef5103a2257cd27d9981,"3rd496 - 908 Broadway {Depot Square Apartments, LLC}",evidenceOfInsurance,Evidence of Insurance,excessOrUmbrellaLiability,Umbrella/Excess Liability,evidenceOfInsuranceExcessOrUmbrellaLiabilityOccurence,Coverage Trigger: Occurrence,,matchOnce,must be present,,,non_compliant,Block Requirements,,,false,0,,2026-08-16
"Block Real Estate Services, LLC",69fdf74a62446148bd854b43,69fded1662446148bd848e11,Google Fiber Inc,69fdef5103a2257cd27d9981,"3rd496 - 908 Broadway {Depot Square Apartments, LLC}",evidenceOfInsurance,Evidence of Insurance,excessOrUmbrellaLiability,Umbrella/Excess Liability,evidenceOfInsuranceExcessOrUmbrellaLiabilityEachOccurrence,Each Occurrence,,matchOnce,must be greater or equal to,1000000,,non_compliant,Block Requirements,,,false,0,,2026-08-16
"Block Real Estate Services, LLC",69fdf74a62446148bd854b43,69fded1662446148bd848e11,Google Fiber Inc,69fdef5103a2257cd27d9981,"3rd496 - 908 Broadway {Depot Square Apartments, LLC}",evidenceOfInsurance,Evidence of Insurance,excessOrUmbrellaLiability,Umbrella/Excess Liability,evidenceOfInsuranceExcessOrUmbrellaLiabilityAggregate,Aggregate,,matchOnce,must be greater or equal to,1000000,,non_compliant,Block Requirements,,,false,0,,2026-08-16
"Block Real Estate Services, LLC",69fdf74a62446148bd854b43,69fded1662446148bd848e11,Google Fiber Inc,69fdef5103a2257cd27d9981,"3rd496 - 908 Broadway {Depot Square Apartments, LLC}",evidenceOfInsurance,Evidence of Insurance,workersCompensation,Workers' Compensation and Employer's Liability,evidenceOfInsuranceWorkersCompensationStatutoryLimits,Statutory Limits,,matchOnce,must be present,,,non_compliant,Block Requirements,,,false,0,,2026-08-16
"Block Real Estate Services, LLC",69fdf74a62446148bd854b43,69fded1662446148bd848e11,Google Fiber Inc,69fdef5103a2257cd27d9981,"3rd496 - 908 Broadway {Depot Square Apartments, LLC}",evidenceOfInsurance,Evidence of Insurance,workersCompensation,Workers' Compensation and Employer's Liability,evidenceOfInsuranceWorkersCompensationEmployersLiabilityEachAccident,Employer's Liability Each Accident,,matchOnce,must be greater or equal to,500000,,non_compliant,Block Requirements,,,false,0,,2026-08-16
"Block Real Estate Services, LLC",69fdf74a62446148bd854b43,69fded1662446148bd848e11,Google Fiber Inc,69fdef5103a2257cd27d9981,"3rd496 - 908 Broadway {Depot Square Apartments, LLC}",evidenceOfInsurance,Evidence of Insurance,workersCompensation,Workers' Compensation and Employer's Liability,evidenceOfInsuranceWorkersCompensationEmployersLiabilityDiseaseEachEmployee,Employer's Liability Disease - each employee,,matchOnce,must be greater or equal to,500000,,non_compliant,Block Requirements,,,false,0,,2026-08-16
"Block Real Estate Services, LLC",69fdf74a62446148bd854b43,69fded1662446148bd848e11,Google Fiber Inc,69fdef5103a2257cd27d9981,"3rd496 - 908 Broadway {Depot Square Apartments, LLC}",evidenceOfInsurance,Evidence of Insurance,workersCompensation,Workers' Compensation and Employer's Liability,evidenceOfInsuranceWorkersCompensationEmployersLiabilityDiseasePolicyLimit,Employer's Liability Disease - policy limit,,matchOnce,must be greater or equal to,500000,,non_compliant,Block Requirements,,,false,0,,2026-08-16
"Block Real Estate Services, LLC",69fdf74a62446148bd854b43,69fded1662446148bd848e11,Google Fiber Inc,69fdef5103a2257cd27d9981,"3rd496 - 908 Broadway {Depot Square Apartments, LLC}",evidenceOfInsurance,Evidence of Insurance,workersCompensation,Workers' Compensation and Employer's Liability,evidenceOfInsuranceWorkersCompensationWaiverOfSubrogationEndorsement,Waiver of Subrogation,"---prompt---
Determine if the insurer has waived their right of subrogation in favor of the certificate holder under the Workers' Compensation policy. Evidence may include: a checked ""Waiver of Subrogation"" box on the certificate, mention in the Description of Operations section stating ""waiver of subrogation applies"", or reference to form WC 00 03 13. Look for language like ""subrogation is waived"" or ""per written contract"".",matchOnce,must be present,,,non_compliant,Block Requirements,,,false,0,,2026-08-16
"Block Real Estate Services, LLC",69fdf74a62446148bd854b43,69fded1662446148bd848e11,Google Fiber Inc,69fdef5103a2257cd27d9981,"3rd496 - 908 Broadway {Depot Square Apartments, LLC}",evidenceOfInsurance,Evidence of Insurance,6ac20aae-5728-5d57-b364-aeba38527dba,Additional Requirements,4da5b0f1-4c9d-5885-8cf8-5d3cccaed3e0,"Block Real Estate Services, LLC and all others required by contract are named as Additional Insureds","---prompt---
Determine if the Description of Operations or the Additional Remarks Schedule section states the ""Additional Insured as Construction Management, Inc. and all others required by contract"" or reference to blanket additional insured coverage. Look for language like ""certificate holder is additional insured"" or ""per written contract"".",matchOnce,must be present,,,non_compliant,Block Requirements,,,true,0,,2026-08-16
"Block Real Estate Services, LLC",69fdf74a62446148bd854b43,69fded1662446148bd848e11,Google Fiber Inc,69fdef5103a2257cd27d9981,"3rd496 - 908 Broadway {Depot Square Apartments, LLC}",evidenceOfInsurance,Evidence of Insurance,6ac20aae-5728-5d57-b364-aeba38527dba,Additional Requirements,e1017741-e47e-5f58-97b8-fbc3043e919f,Umbrella follows form over General Liability,"---prompt---
Determine if the Umbrella/Excess Liability policy follows form to the underlying policies. Evidence may include: language in the Description of Operations section stating the umbrella follows form to underlying coverages or an additional page endorsement stating that it follows form. Follow form means the umbrella policy adopts the same terms, conditions, and exclusions as the underlying policies.",matchOnce,must be present,,,non_compliant,Block Requirements,,,true,0,,2026-08-16
"Block Real Estate Services, LLC",69fdf74a62446148bd854b43,69fded1662446148bd848e11,Google Fiber Inc,69fdef5103a2257cd27d9981,"3rd496 - 908 Broadway {Depot Square Apartments, LLC}",evidenceOfInsurance,Evidence of Insurance,6ac20aae-5728-5d57-b364-aeba38527dba,Additional Requirements,2cdd866f-c9a4-576a-afd8-1d045762790c,"The location must be listed as: 908 Broadway, Suites 300, 400, 500, 600, basement, Kansas City, MO, 64105",,matchOnce,must be present,,,non_compliant,Block Requirements,,,true,0,,2026-08-16
"Block Real Estate Services, LLC",69fdf74a62446148bd854b43,69fded1662446148bd848e11,Google Fiber Inc,69fdef5103a2257cd27d9981,"3rd496 - 908 Broadway {Depot Square Apartments, LLC}",evidenceOfInsurance,Evidence of Insurance,6ac20aae-5728-5d57-b364-aeba38527dba,Additional Requirements,3649e9d1-4e09-59bf-8f30-cb33c40cf117,"Certificate Holder must read: c/o Block Real Estate Services, LLC, 4622 Pennsylvania St., Suite 700, Kansas City, MO, 64112",,matchOnce,must be present,,,non_compliant,Block Requirements,,,true,0,,2026-08-16
"Block Real Estate Services, LLC",69fdf74a62446148bd854b44,69fded1662446148bd848e1d,Great Rivers Associates,69fdef5103a2257cd27d9981,"3rd496 - 908 Broadway {Depot Square Apartments, LLC}",evidenceOfInsurance,Evidence of Insurance,commercialGeneralLiability,Commercial General Liability,evidenceOfInsuranceCommercialGeneralLiabilityCoverageTriggerOccurrence,Coverage Trigger: Occurrence,,matchOnce,must be present,,Present,compliant,Block Requirements,,,false,1,,2026-08-16
"Block Real Estate Services, LLC",69fdf74a62446148bd854b44,69fded1662446148bd848e1d,Great Rivers Associates,69fdef5103a2257cd27d9981,"3rd496 - 908 Broadway {Depot Square Apartments, LLC}",evidenceOfInsurance,Evidence of Insurance,commercialGeneralLiability,Commercial General Liability,evidenceOfInsuranceCommercialGeneralLiabilityGeneralAggregateLimitAppliesPerLocation,General Aggregate Limit Applies per: Location,,matchOnce,must be present,,Present,compliant,Block Requirements,,,false,1,,2026-08-16
"Block Real Estate Services, LLC",69fdf74a62446148bd854b44,69fded1662446148bd848e1d,Great Rivers Associates,69fdef5103a2257cd27d9981,"3rd496 - 908 Broadway {Depot Square Apartments, LLC}",evidenceOfInsurance,Evidence of Insurance,commercialGeneralLiability,Commercial General Liability,evidenceOfInsuranceCommercialGeneralLiabilityEachOccurrence,Each Occurrence,,matchOnce,must be greater or equal to,1000000,1000000,compliant,Block Requirements,,,false,1,,2026-08-16
"Block Real Estate Services, LLC",69fdf74a62446148bd854b44,69fded1662446148bd848e1d,Great Rivers Associates,69fdef5103a2257cd27d9981,"3rd496 - 908 Broadway {Depot Square Apartments, LLC}",evidenceOfInsurance,Evidence of Insurance,commercialGeneralLiability,Commercial General Liability,evidenceOfInsuranceCommercialGeneralLiabilityGeneralAggregate,General Aggregate,,matchOnce,must be greater or equal to,2000000,2000000,compliant,Block Requirements,,,false,1,,2026-08-16
"Block Real Estate Services, LLC",69fdf74a62446148bd854b44,69fded1662446148bd848e1d,Great Rivers Associates,69fdef5103a2257cd27d9981,"3rd496 - 908 Broadway {Depot Square Apartments, LLC}",evidenceOfInsurance,Evidence of Insurance,commercialGeneralLiability,Commercial General Liability,evidenceOfInsuranceCommercialGeneralLiabilityWaiverOfSubrogationEndorsement,Waiver of Subrogation,"---prompt---
Determine if the insurer has waived their right of subrogation in favor of the certificate holder under the Commercial General Liability policy. Evidence may include: a checked ""Waiver of Subrogation"" box on the certificate, mention in the Description of Operations section stating ""waiver of subrogation applies"", or reference to form CG 24 04. Look for language like ""subrogation is waived"" or ""per written contract"".",matchOnce,must be present,,Present,compliant,Block Requirements,,,false,1,,2026-08-16
"Block Real Estate Services, LLC",69fdf74a62446148bd854b44,69fded1662446148bd848e1d,Great Rivers Associates,69fdef5103a2257cd27d9981,"3rd496 - 908 Broadway {Depot Square Apartments, LLC}",evidenceOfInsurance,Evidence of Insurance,excessOrUmbrellaLiability,Umbrella/Excess Liability,evidenceOfInsuranceExcessOrUmbrellaLiabilityOccurence,Coverage Trigger: Occurrence,,matchOnce,must be present,,Present,compliant,Block Requirements,,,false,1,,2026-08-16
"Block Real Estate Services, LLC",69fdf74a62446148bd854b44,69fded1662446148bd848e1d,Great Rivers Associates,69fdef5103a2257cd27d9981,"3rd496 - 908 Broadway {Depot Square Apartments, LLC}",evidenceOfInsurance,Evidence of Insurance,excessOrUmbrellaLiability,Umbrella/Excess Liability,evidenceOfInsuranceExcessOrUmbrellaLiabilityEachOccurrence,Each Occurrence,,matchOnce,must be greater or equal to,1000000,3000000,compliant,Block Requirements,,,false,1,,2026-08-16
"Block Real Estate Services, LLC",69fdf74a62446148bd854b44,69fded1662446148bd848e1d,Great Rivers Associates,69fdef5103a2257cd27d9981,"3rd496 - 908 Broadway {Depot Square Apartments, LLC}",evidenceOfInsurance,Evidence of Insurance,excessOrUmbrellaLiability,Umbrella/Excess Liability,evidenceOfInsuranceExcessOrUmbrellaLiabilityAggregate,Aggregate,,matchOnce,must be greater or equal to,1000000,3000000,compliant,Block Requirements,,,false,1,,2026-08-16
"Block Real Estate Services, LLC",69fdf74a62446148bd854b44,69fded1662446148bd848e1d,Great Rivers Associates,69fdef5103a2257cd27d9981,"3rd496 - 908 Broadway {Depot Square Apartments, LLC}",evidenceOfInsurance,Evidence of Insurance,workersCompensation,Workers' Compensation and Employer's Liability,evidenceOfInsuranceWorkersCompensationStatutoryLimits,Statutory Limits,,matchOnce,must be present,,Present,compliant,Block Requirements,,,false,1,,2026-08-16
"Block Real Estate Services, LLC",69fdf74a62446148bd854b44,69fded1662446148bd848e1d,Great Rivers Associates,69fdef5103a2257cd27d9981,"3rd496 - 908 Broadway {Depot Square Apartments, LLC}",evidenceOfInsurance,Evidence of Insurance,workersCompensation,Workers' Compensation and Employer's Liability,evidenceOfInsuranceWorkersCompensationEmployersLiabilityEachAccident,Employer's Liability Each Accident,,matchOnce,must be greater or equal to,500000,1000000,compliant,Block Requirements,,,false,1,,2026-08-16
"Block Real Estate Services, LLC",69fdf74a62446148bd854b44,69fded1662446148bd848e1d,Great Rivers Associates,69fdef5103a2257cd27d9981,"3rd496 - 908 Broadway {Depot Square Apartments, LLC}",evidenceOfInsurance,Evidence of Insurance,workersCompensation,Workers' Compensation and Employer's Liability,evidenceOfInsuranceWorkersCompensationEmployersLiabilityDiseaseEachEmployee,Employer's Liability Disease - each employee,,matchOnce,must be greater or equal to,500000,1000000,compliant,Block Requirements,,,false,1,,2026-08-16
"Block Real Estate Services, LLC",69fdf74a62446148bd854b44,69fded1662446148bd848e1d,Great Rivers Associates,69fdef5103a2257cd27d9981,"3rd496 - 908 Broadway {Depot Square Apartments, LLC}",evidenceOfInsurance,Evidence of Insurance,workersCompensation,Workers' Compensation and Employer's Liability,evidenceOfInsuranceWorkersCompensationEmployersLiabilityDiseasePolicyLimit,Employer's Liability Disease - policy limit,,matchOnce,must be greater or equal to,500000,1000000,compliant,Block Requirements,,,false,1,,2026-08-16
"Block Real Estate Services, LLC",69fdf74a62446148bd854b44,69fded1662446148bd848e1d,Great Rivers Associates,69fdef5103a2257cd27d9981,"3rd496 - 908 Broadway {Depot Square Apartments, LLC}",evidenceOfInsurance,Evidence of Insurance,workersCompensation,Workers' Compensation and Employer's Liability,evidenceOfInsuranceWorkersCompensationWaiverOfSubrogationEndorsement,Waiver of Subrogation,"---prompt---
Determine if the insurer has waived their right of subrogation in favor of the certificate holder under the Workers' Compensation policy. Evidence may include: a checked ""Waiver of Subrogation"" box on the certificate, mention in the Description of Operations section stating ""waiver of subrogation applies"", or reference to form WC 00 03 13. Look for language like ""subrogation is waived"" or ""per written contract"".",matchOnce,must be present,,Present,waived,Block Requirements,WoS for WC not available in state of MO,,false,1,,2026-08-16
"Block Real Estate Services, LLC",69fdf74a62446148bd854b44,69fded1662446148bd848e1d,Great Rivers Associates,69fdef5103a2257cd27d9981,"3rd496 - 908 Broadway {Depot Square Apartments, LLC}",evidenceOfInsurance,Evidence of Insurance,6ac20aae-5728-5d57-b364-aeba38527dba,Additional Requirements,4da5b0f1-4c9d-5885-8cf8-5d3cccaed3e0,"Block Real Estate Services, LLC and all others required by contract are named as Additional Insureds","---prompt---
Determine if the Description of Operations or the Additional Remarks Schedule section states the ""Additional Insured as Construction Management, Inc. and all others required by contract"" or reference to blanket additional insured coverage. Look for language like ""certificate holder is additional insured"" or ""per written contract"".",matchOnce,must be present,,Present,compliant,Block Requirements,,,true,1,,2026-08-16
"Block Real Estate Services, LLC",69fdf74a62446148bd854b44,69fded1662446148bd848e1d,Great Rivers Associates,69fdef5103a2257cd27d9981,"3rd496 - 908 Broadway {Depot Square Apartments, LLC}",evidenceOfInsurance,Evidence of Insurance,6ac20aae-5728-5d57-b364-aeba38527dba,Additional Requirements,e1017741-e47e-5f58-97b8-fbc3043e919f,Umbrella follows form over General Liability,"---prompt---
Determine if the Umbrella/Excess Liability policy follows form to the underlying policies. Evidence may include: language in the Description of Operations section stating the umbrella follows form to underlying coverages or an additional page endorsement stating that it follows form. Follow form means the umbrella policy adopts the same terms, conditions, and exclusions as the underlying policies.",matchOnce,must be present,,Present,compliant,Block Requirements,,,true,1,,2026-08-16
"Block Real Estate Services, LLC",69fdf74a62446148bd854b44,69fded1662446148bd848e1d,Great Rivers Associates,69fdef5103a2257cd27d9981,"3rd496 - 908 Broadway {Depot Square Apartments, LLC}",evidenceOfInsurance,Evidence of Insurance,6ac20aae-5728-5d57-b364-aeba38527dba,Additional Requirements,2cdd866f-c9a4-576a-afd8-1d045762790c,"The location must be listed as: 908 Broadway, Suite 100, Kansas City, MO, 64105",,matchOnce,must be present,,Present,compliant,Block Requirements,,,true,1,,2026-08-16
"Block Real Estate Services, LLC",69fdf74a62446148bd854b44,69fded1662446148bd848e1d,Great Rivers Associates,69fdef5103a2257cd27d9981,"3rd496 - 908 Broadway {Depot Square Apartments, LLC}",evidenceOfInsurance,Evidence of Insurance,6ac20aae-5728-5d57-b364-aeba38527dba,Additional Requirements,3649e9d1-4e09-59bf-8f30-cb33c40cf117,"Certificate Holder must read: c/o Block Real Estate Services, LLC, 4622 Pennsylvania St., Suite 700, Kansas City, MO, 64112",,matchOnce,must be present,,Present,compliant,Block Requirements,,,true,1,,2026-08-16
"Block Real Estate Services, LLC",6a173db82c0af08c023db59f,69fded1662446148bd848e1d,Great Rivers Associates,69fdef5103a2257cd27d9981,"3rd496 - 908 Broadway {Depot Square Apartments, LLC}",evidenceOfInsurance,Evidence of Insurance,commercialGeneralLiability,Commercial General Liability,evidenceOfInsuranceCommercialGeneralLiabilityCoverageTriggerOccurrence,Coverage Trigger: Occurrence,,matchOnce,must be present,,Present,compliant,Block Requirements,,,false,1,,2026-08-16
"Block Real Estate Services, LLC",6a173db82c0af08c023db59f,69fded1662446148bd848e1d,Great Rivers Associates,69fdef5103a2257cd27d9981,"3rd496 - 908 Broadway {Depot Square Apartments, LLC}",evidenceOfInsurance,Evidence of Insurance,commercialGeneralLiability,Commercial General Liability,evidenceOfInsuranceCommercialGeneralLiabilityGeneralAggregateLimitAppliesPerLocation,General Aggregate Limit Applies per: Location,,matchOnce,must be present,,Present,compliant,Block Requirements,,,false,1,,2026-08-16
"Block Real Estate Services, LLC",6a173db82c0af08c023db59f,69fded1662446148bd848e1d,Great Rivers Associates,69fdef5103a2257cd27d9981,"3rd496 - 908 Broadway {Depot Square Apartments, LLC}",evidenceOfInsurance,Evidence of Insurance,commercialGeneralLiability,Commercial General Liability,evidenceOfInsuranceCommercialGeneralLiabilityEachOccurrence,Each Occurrence,,matchOnce,must be greater or equal to,1000000,1000000,compliant,Block Requirements,,,false,1,,2026-08-16
"Block Real Estate Services, LLC",6a173db82c0af08c023db59f,69fded1662446148bd848e1d,Great Rivers Associates,69fdef5103a2257cd27d9981,"3rd496 - 908 Broadway {Depot Square Apartments, LLC}",evidenceOfInsurance,Evidence of Insurance,commercialGeneralLiability,Commercial General Liability,evidenceOfInsuranceCommercialGeneralLiabilityGeneralAggregate,General Aggregate,,matchOnce,must be greater or equal to,2000000,2000000,compliant,Block Requirements,,,false,1,,2026-08-16
"Block Real Estate Services, LLC",6a173db82c0af08c023db59f,69fded1662446148bd848e1d,Great Rivers Associates,69fdef5103a2257cd27d9981,"3rd496 - 908 Broadway {Depot Square Apartments, LLC}",evidenceOfInsurance,Evidence of Insurance,commercialGeneralLiability,Commercial General Liability,evidenceOfInsuranceCommercialGeneralLiabilityWaiverOfSubrogationEndorsement,Waiver of Subrogation,"---prompt---
Determine if the insurer has waived their right of subrogation in favor of the certificate holder under the Commercial General Liability policy. Evidence may include: a checked ""Waiver of Subrogation"" box on the certificate, mention in the Description of Operations section stating ""waiver of subrogation applies"", or reference to form CG 24 04. Look for language like ""subrogation is waived"" or ""per written contract"".",matchOnce,must be present,,Present,compliant,Block Requirements,,,false,1,,2026-08-16
"Block Real Estate Services, LLC",6a173db82c0af08c023db59f,69fded1662446148bd848e1d,Great Rivers Associates,69fdef5103a2257cd27d9981,"3rd496 - 908 Broadway {Depot Square Apartments, LLC}",evidenceOfInsurance,Evidence of Insurance,excessOrUmbrellaLiability,Umbrella/Excess Liability,evidenceOfInsuranceExcessOrUmbrellaLiabilityOccurence,Coverage Trigger: Occurrence,,matchOnce,must be present,,Present,compliant,Block Requirements,,,false,1,,2026-08-16
"Block Real Estate Services, LLC",6a173db82c0af08c023db59f,69fded1662446148bd848e1d,Great Rivers Associates,69fdef5103a2257cd27d9981,"3rd496 - 908 Broadway {Depot Square Apartments, LLC}",evidenceOfInsurance,Evidence of Insurance,excessOrUmbrellaLiability,Umbrella/Excess Liability,evidenceOfInsuranceExcessOrUmbrellaLiabilityEachOccurrence,Each Occurrence,,matchOnce,must be greater or equal to,1000000,3000000,compliant,Block Requirements,,,false,1,,2026-08-16
"Block Real Estate Services, LLC",6a173db82c0af08c023db59f,69fded1662446148bd848e1d,Great Rivers Associates,69fdef5103a2257cd27d9981,"3rd496 - 908 Broadway {Depot Square Apartments, LLC}",evidenceOfInsurance,Evidence of Insurance,excessOrUmbrellaLiability,Umbrella/Excess Liability,evidenceOfInsuranceExcessOrUmbrellaLiabilityAggregate,Aggregate,,matchOnce,must be greater or equal to,1000000,3000000,compliant,Block Requirements,,,false,1,,2026-08-16
"Block Real Estate Services, LLC",6a173db82c0af08c023db59f,69fded1662446148bd848e1d,Great Rivers Associates,69fdef5103a2257cd27d9981,"3rd496 - 908 Broadway {Depot Square Apartments, LLC}",evidenceOfInsurance,Evidence of Insurance,workersCompensation,Workers' Compensation and Employer's Liability,evidenceOfInsuranceWorkersCompensationStatutoryLimits,Statutory Limits,,matchOnce,must be present,,Present,compliant,Block Requirements,,,false,1,,2026-08-16
"Block Real Estate Services, LLC",6a173db82c0af08c023db59f,69fded1662446148bd848e1d,Great Rivers Associates,69fdef5103a2257cd27d9981,"3rd496 - 908 Broadway {Depot Square Apartments, LLC}",evidenceOfInsurance,Evidence of Insurance,workersCompensation,Workers' Compensation and Employer's Liability,evidenceOfInsuranceWorkersCompensationEmployersLiabilityEachAccident,Employer's Liability Each Accident,,matchOnce,must be greater or equal to,500000,1000000,compliant,Block Requirements,,,false,1,,2026-08-16
"Block Real Estate Services, LLC",6a173db82c0af08c023db59f,69fded1662446148bd848e1d,Great Rivers Associates,69fdef5103a2257cd27d9981,"3rd496 - 908 Broadway {Depot Square Apartments, LLC}",evidenceOfInsurance,Evidence of Insurance,workersCompensation,Workers' Compensation and Employer's Liability,evidenceOfInsuranceWorkersCompensationEmployersLiabilityDiseaseEachEmployee,Employer's Liability Disease - each employee,,matchOnce,must be greater or equal to,500000,1000000,compliant,Block Requirements,,,false,1,,2026-08-16
"Block Real Estate Services, LLC",6a173db82c0af08c023db59f,69fded1662446148bd848e1d,Great Rivers Associates,69fdef5103a2257cd27d9981,"3rd496 - 908 Broadway {Depot Square Apartments, LLC}",evidenceOfInsurance,Evidence of Insurance,workersCompensation,Workers' Compensation and Employer's Liability,evidenceOfInsuranceWorkersCompensationEmployersLiabilityDiseasePolicyLimit,Employer's Liability Disease - policy limit,,matchOnce,must be greater or equal to,500000,1000000,compliant,Block Requirements,,,false,1,,2026-08-16
"Block Real Estate Services, LLC",6a173db82c0af08c023db59f,69fded1662446148bd848e1d,Great Rivers Associates,69fdef5103a2257cd27d9981,"3rd496 - 908 Broadway {Depot Square Apartments, LLC}",evidenceOfInsurance,Evidence of Insurance,workersCompensation,Workers' Compensation and Employer's Liability,evidenceOfInsuranceWorkersCompensationWaiverOfSubrogationEndorsement,Waiver of Subrogation,"---prompt---
Determine if the insurer has waived their right of subrogation in favor of the certificate holder under the Workers' Compensation policy. Evidence may include: a checked ""Waiver of Subrogation"" box on the certificate, mention in the Description of Operations section stating ""waiver of subrogation applies"", or reference to form WC 00 03 13. Look for language like ""subrogation is waived"" or ""per written contract"".",matchOnce,must be present,,Present,waived,Block Requirements,WoS for WC not available in state of MO,,false,1,,2026-08-16
"Block Real Estate Services, LLC",6a173db82c0af08c023db59f,69fded1662446148bd848e1d,Great Rivers Associates,69fdef5103a2257cd27d9981,"3rd496 - 908 Broadway {Depot Square Apartments, LLC}",evidenceOfInsurance,Evidence of Insurance,6ac20aae-5728-5d57-b364-aeba38527dba,Additional Requirements,4da5b0f1-4c9d-5885-8cf8-5d3cccaed3e0,"Block Real Estate Services, LLC and all others required by contract are named as Additional Insureds","---prompt---
Determine if the Description of Operations or the Additional Remarks Schedule section states the ""Additional Insured as Construction Management, Inc. and all others required by contract"" or reference to blanket additional insured coverage. Look for language like ""certificate holder is additional insured"" or ""per written contract"".",matchOnce,must be present,,Present,compliant,Block Requirements,,,true,1,,2026-08-16
"Block Real Estate Services, LLC",6a173db82c0af08c023db59f,69fded1662446148bd848e1d,Great Rivers Associates,69fdef5103a2257cd27d9981,"3rd496 - 908 Broadway {Depot Square Apartments, LLC}",evidenceOfInsurance,Evidence of Insurance,6ac20aae-5728-5d57-b364-aeba38527dba,Additional Requirements,e1017741-e47e-5f58-97b8-fbc3043e919f,Umbrella follows form over General Liability,"---prompt---
Determine if the Umbrella/Excess Liability policy follows form to the underlying policies. Evidence may include: language in the Description of Operations section stating the umbrella follows form to underlying coverages or an additional page endorsement stating that it follows form. Follow form means the umbrella policy adopts the same terms, conditions, and exclusions as the underlying policies.",matchOnce,must be present,,Present,compliant,Block Requirements,,,true,1,,2026-08-16
"Block Real Estate Services, LLC",6a173db82c0af08c023db59f,69fded1662446148bd848e1d,Great Rivers Associates,69fdef5103a2257cd27d9981,"3rd496 - 908 Broadway {Depot Square Apartments, LLC}",evidenceOfInsurance,Evidence of Insurance,6ac20aae-5728-5d57-b364-aeba38527dba,Additional Requirements,2cdd866f-c9a4-576a-afd8-1d045762790c,"The location must be listed as: 908 Broadway, Suite 200, Kansas City, MO, 64105",,matchOnce,must be present,,Present,compliant,Block Requirements,,,true,1,,2026-08-16
"Block Real Estate Services, LLC",6a173db82c0af08c023db59f,69fded1662446148bd848e1d,Great Rivers Associates,69fdef5103a2257cd27d9981,"3rd496 - 908 Broadway {Depot Square Apartments, LLC}",evidenceOfInsurance,Evidence of Insurance,6ac20aae-5728-5d57-b364-aeba38527dba,Additional Requirements,3649e9d1-4e09-59bf-8f30-cb33c40cf117,"Certificate Holder must read: c/o Block Real Estate Services, LLC, 4622 Pennsylvania St., Suite 700, Kansas City, MO, 64112",,matchOnce,must be present,,Present,compliant,Block Requirements,,,true,1,,2026-08-16
"Block Real Estate Services, LLC",69fdf76e62446148bd8573f6,69fded1662446148bd848e23,"Action Stainless & Alloys / ACT Acquisition, Inc. (sublease from Hello Fresh / Grocery Delivery Logistics, Inc.)",69fdf05e0e86e2f8723db3e7,"kci284 - Platte Valley Industrial Center 4 {Platte Valley Investment, LLC}",evidenceOfInsurance,Evidence of Insurance,commercialGeneralLiability,Commercial General Liability,evidenceOfInsuranceCommercialGeneralLiabilityCoverageTriggerOccurrence,Coverage Trigger: Occurrence,,matchOnce,must be present,,,non_compliant,Block Requirements,,,false,0,,2026-08-16
"Block Real Estate Services, LLC",69fdf76e62446148bd8573f6,69fded1662446148bd848e23,"Action Stainless & Alloys / ACT Acquisition, Inc. (sublease from Hello Fresh / Grocery Delivery Logistics, Inc.)",69fdf05e0e86e2f8723db3e7,"kci284 - Platte Valley Industrial Center 4 {Platte Valley Investment, LLC}",evidenceOfInsurance,Evidence of Insurance,commercialGeneralLiability,Commercial General Liability,evidenceOfInsuranceCommercialGeneralLiabilityGeneralAggregateLimitAppliesPerLocation,General Aggregate Limit Applies per: Location,,matchOnce,must be present,,,non_compliant,Block Requirements,,,false,0,,2026-08-16
"Block Real Estate Services, LLC",69fdf76e62446148bd8573f6,69fded1662446148bd848e23,"Action Stainless & Alloys / ACT Acquisition, Inc. (sublease from Hello Fresh / Grocery Delivery Logistics, Inc.)",69fdf05e0e86e2f8723db3e7,"kci284 - Platte Valley Industrial Center 4 {Platte Valley Investment, LLC}",evidenceOfInsurance,Evidence of Insurance,commercialGeneralLiability,Commercial General Liability,evidenceOfInsuranceCommercialGeneralLiabilityEachOccurrence,Each Occurrence,,matchOnce,must be greater or equal to,1000000,,non_compliant,Block Requirements,,,false,0,,2026-08-16
"Block Real Estate Services, LLC",69fdf76e62446148bd8573f6,69fded1662446148bd848e23,"Action Stainless & Alloys / ACT Acquisition, Inc. (sublease from Hello Fresh / Grocery Delivery Logistics, Inc.)",69fdf05e0e86e2f8723db3e7,"kci284 - Platte Valley Industrial Center 4 {Platte Valley Investment, LLC}",evidenceOfInsurance,Evidence of Insurance,commercialGeneralLiability,Commercial General Liability,evidenceOfInsuranceCommercialGeneralLiabilityGeneralAggregate,General Aggregate,,matchOnce,must be greater or equal to,2000000,,non_compliant,Block Requirements,,,false,0,,2026-08-16
"Block Real Estate Services, LLC",69fdf76e62446148bd8573f6,69fded1662446148bd848e23,"Action Stainless & Alloys / ACT Acquisition, Inc. (sublease from Hello Fresh / Grocery Delivery Logistics, Inc.)",69fdf05e0e86e2f8723db3e7,"kci284 - Platte Valley Industrial Center 4 {Platte Valley Investment, LLC}",evidenceOfInsurance,Evidence of Insurance,commercialGeneralLiability,Commercial General Liability,evidenceOfInsuranceCommercialGeneralLiabilityWaiverOfSubrogationEndorsement,Waiver of Subrogation,"---prompt---
Determine if the insurer has waived their right of subrogation in favor of the certificate holder under the Commercial General Liability policy. Evidence may include: a checked ""Waiver of Subrogation"" box on the certificate, mention in the Description of Operations section stating ""waiver of subrogation applies"", or reference to form CG 24 04. Look for language like ""subrogation is waived"" or ""per written contract"".",matchOnce,must be present,,,non_compliant,Block Requirements,,,false,0,,2026-08-16
"Block Real Estate Services, LLC",69fdf76e62446148bd8573f6,69fded1662446148bd848e23,"Action Stainless & Alloys / ACT Acquisition, Inc. (sublease from Hello Fresh / Grocery Delivery Logistics, Inc.)",69fdf05e0e86e2f8723db3e7,"kci284 - Platte Valley Industrial Center 4 {Platte Valley Investment, LLC}",evidenceOfInsurance,Evidence of Insurance,excessOrUmbrellaLiability,Umbrella/Excess Liability,evidenceOfInsuranceExcessOrUmbrellaLiabilityOccurence,Coverage Trigger: Occurrence,,matchOnce,must be present,,,non_compliant,Block Requirements,,,false,0,,2026-08-16
"Block Real Estate Services, LLC",69fdf76e62446148bd8573f6,69fded1662446148bd848e23,"Action Stainless & Alloys / ACT Acquisition, Inc. (sublease from Hello Fresh / Grocery Delivery Logistics, Inc.)",69fdf05e0e86e2f8723db3e7,"kci284 - Platte Valley Industrial Center 4 {Platte Valley Investment, LLC}",evidenceOfInsurance,Evidence of Insurance,excessOrUmbrellaLiability,Umbrella/Excess Liability,evidenceOfInsuranceExcessOrUmbrellaLiabilityEachOccurrence,Each Occurrence,,matchOnce,must be greater or equal to,1000000,,non_compliant,Block Requirements,,,false,0,,2026-08-16
"Block Real Estate Services, LLC",69fdf76e62446148bd8573f6,69fded1662446148bd848e23,"Action Stainless & Alloys / ACT Acquisition, Inc. (sublease from Hello Fresh / Grocery Delivery Logistics, Inc.)",69fdf05e0e86e2f8723db3e7,"kci284 - Platte Valley Industrial Center 4 {Platte Valley Investment, LLC}",evidenceOfInsurance,Evidence of Insurance,excessOrUmbrellaLiability,Umbrella/Excess Liability,evidenceOfInsuranceExcessOrUmbrellaLiabilityAggregate,Aggregate,,matchOnce,must be greater or equal to,1000000,,non_compliant,Block Requirements,,,false,0,,2026-08-16
"Block Real Estate Services, LLC",69fdf76e62446148bd8573f6,69fded1662446148bd848e23,"Action Stainless & Alloys / ACT Acquisition, Inc. (sublease from Hello Fresh / Grocery Delivery Logistics, Inc.)",69fdf05e0e86e2f8723db3e7,"kci284 - Platte Valley Industrial Center 4 {Platte Valley Investment, LLC}",evidenceOfInsurance,Evidence of Insurance,workersCompensation,Workers' Compensation and Employer's Liability,evidenceOfInsuranceWorkersCompensationStatutoryLimits,Statutory Limits,,matchOnce,must be present,,,non_compliant,Block Requirements,,,false,0,,2026-08-16
"Block Real Estate Services, LLC",69fdf76e62446148bd8573f6,69fded1662446148bd848e23,"Action Stainless & Alloys / ACT Acquisition, Inc. (sublease from Hello Fresh / Grocery Delivery Logistics, Inc.)",69fdf05e0e86e2f8723db3e7,"kci284 - Platte Valley Industrial Center 4 {Platte Valley Investment, LLC}",evidenceOfInsurance,Evidence of Insurance,workersCompensation,Workers' Compensation and Employer's Liability,evidenceOfInsuranceWorkersCompensationEmployersLiabilityEachAccident,Employer's Liability Each Accident,,matchOnce,must be greater or equal to,500000,,non_compliant,Block Requirements,,,false,0,,2026-08-16
"Block Real Estate Services, LLC",69fdf76e62446148bd8573f6,69fded1662446148bd848e23,"Action Stainless & Alloys / ACT Acquisition, Inc. (sublease from Hello Fresh / Grocery Delivery Logistics, Inc.)",69fdf05e0e86e2f8723db3e7,"kci284 - Platte Valley Industrial Center 4 {Platte Valley Investment, LLC}",evidenceOfInsurance,Evidence of Insurance,workersCompensation,Workers' Compensation and Employer's Liability,evidenceOfInsuranceWorkersCompensationEmployersLiabilityDiseaseEachEmployee,Employer's Liability Disease - each employee,,matchOnce,must be greater or equal to,500000,,non_compliant,Block Requirements,,,false,0,,2026-08-16
"Block Real Estate Services, LLC",69fdf76e62446148bd8573f6,69fded1662446148bd848e23,"Action Stainless & Alloys / ACT Acquisition, Inc. (sublease from Hello Fresh / Grocery Delivery Logistics, Inc.)",69fdf05e0e86e2f8723db3e7,"kci284 - Platte Valley Industrial Center 4 {Platte Valley Investment, LLC}",evidenceOfInsurance,Evidence of Insurance,workersCompensation,Workers' Compensation and Employer's Liability,evidenceOfInsuranceWorkersCompensationEmployersLiabilityDiseasePolicyLimit,Employer's Liability Disease - policy limit,,matchOnce,must be greater or equal to,500000,,non_compliant,Block Requirements,,,false,0,,2026-08-16
"Block Real Estate Services, LLC",69fdf76e62446148bd8573f6,69fded1662446148bd848e23,"Action Stainless & Alloys / ACT Acquisition, Inc. (sublease from Hello Fresh / Grocery Delivery Logistics, Inc.)",69fdf05e0e86e2f8723db3e7,"kci284 - Platte Valley Industrial Center 4 {Platte Valley Investment, LLC}",evidenceOfInsurance,Evidence of Insurance,workersCompensation,Workers' Compensation and Employer's Liability,evidenceOfInsuranceWorkersCompensationWaiverOfSubrogationEndorsement,Waiver of Subrogation,"---prompt---
Determine if the insurer has waived their right of subrogation in favor of the certificate holder under the Workers' Compensation policy. Evidence may include: a checked ""Waiver of Subrogation"" box on the certificate, mention in the Description of Operations section stating ""waiver of subrogation applies"", or reference to form WC 00 03 13. Look for language like ""subrogation is waived"" or ""per written contract"".",matchOnce,must be present,,,waived,Block Requirements,WoS for WC not available in the state of MO,,false,0,,2026-08-16
"Block Real Estate Services, LLC",69fdf76e62446148bd8573f6,69fded1662446148bd848e23,"Action Stainless & Alloys / ACT Acquisition, Inc. (sublease from Hello Fresh / Grocery Delivery Logistics, Inc.)",69fdf05e0e86e2f8723db3e7,"kci284 - Platte Valley Industrial Center 4 {Platte Valley Investment, LLC}",evidenceOfInsurance,Evidence of Insurance,6ac20aae-5728-5d57-b364-aeba38527dba,Additional Requirements,4da5b0f1-4c9d-5885-8cf8-5d3cccaed3e0,"Block Real Estate Services, LLC and all others required by contract are named as Additional Insureds","---prompt---
Determine if the Description of Operations or the Additional Remarks Schedule section states the ""Additional Insured as Construction Management, Inc. and all others required by contract"" or reference to blanket additional insured coverage. Look for language like ""certificate holder is additional insured"" or ""per written contract"".",matchOnce,must be present,,,non_compliant,Block Requirements,,,true,0,,2026-08-16
"Block Real Estate Services, LLC",69fdf76e62446148bd8573f6,69fded1662446148bd848e23,"Action Stainless & Alloys / ACT Acquisition, Inc. (sublease from Hello Fresh / Grocery Delivery Logistics, Inc.)",69fdf05e0e86e2f8723db3e7,"kci284 - Platte Valley Industrial Center 4 {Platte Valley Investment, LLC}",evidenceOfInsurance,Evidence of Insurance,6ac20aae-5728-5d57-b364-aeba38527dba,Additional Requirements,e1017741-e47e-5f58-97b8-fbc3043e919f,Umbrella follows form over General Liability,"---prompt---
Determine if the Umbrella/Excess Liability policy follows form to the underlying policies. Evidence may include: language in the Description of Operations section stating the umbrella follows form to underlying coverages or an additional page endorsement stating that it follows form. Follow form means the umbrella policy adopts the same terms, conditions, and exclusions as the underlying policies.",matchOnce,must be present,,,non_compliant,Block Requirements,,,true,0,,2026-08-16
"Block Real Estate Services, LLC",69fdf76e62446148bd8573f6,69fded1662446148bd848e23,"Action Stainless & Alloys / ACT Acquisition, Inc. (sublease from Hello Fresh / Grocery Delivery Logistics, Inc.)",69fdf05e0e86e2f8723db3e7,"kci284 - Platte Valley Industrial Center 4 {Platte Valley Investment, LLC}",evidenceOfInsurance,Evidence of Insurance,6ac20aae-5728-5d57-b364-aeba38527dba,Additional Requirements,2cdd866f-c9a4-576a-afd8-1d045762790c,"The location must be listed as: 915 NW Platte Valley Drive, Riverside, MO, 64150",,matchOnce,must be present,,,non_compliant,Block Requirements,,,true,0,,2026-08-16
"Block Real Estate Services, LLC",69fdf76e62446148bd8573f6,69fded1662446148bd848e23,"Action Stainless & Alloys / ACT Acquisition, Inc. (sublease from Hello Fresh / Grocery Delivery Logistics, Inc.)",69fdf05e0e86e2f8723db3e7,"kci284 - Platte Valley Industrial Center 4 {Platte Valley Investment, LLC}",evidenceOfInsurance,Evidence of Insurance,6ac20aae-5728-5d57-b364-aeba38527dba,Additional Requirements,3649e9d1-4e09-59bf-8f30-cb33c40cf117,"Certificate Holder must read: c/o Block Real Estate Services, LLC, 4622 Pennsylvania St., Suite 700, Kansas City, MO, 64112",,matchOnce,must be present,,,non_compliant,Block Requirements,,,true,0,,2026-08-16
"Block Real Estate Services, LLC",69fdf76e62446148bd8573f7,69fded1d62446148bd84905d,Nitto Denko Automotive / Parkers America,69fdf05e0e86e2f8723db3e7,"kci284 - Platte Valley Industrial Center 4 {Platte Valley Investment, LLC}",evidenceOfInsurance,Evidence of Insurance,commercialGeneralLiability,Commercial General Liability,evidenceOfInsuranceCommercialGeneralLiabilityCoverageTriggerOccurrence,Coverage Trigger: Occurrence,,matchOnce,must be present,,Present,compliant,Block Requirements,,,false,1,,2026-08-16
"Block Real Estate Services, LLC",69fdf76e62446148bd8573f7,69fded1d62446148bd84905d,Nitto Denko Automotive / Parkers America,69fdf05e0e86e2f8723db3e7,"kci284 - Platte Valley Industrial Center 4 {Platte Valley Investment, LLC}",evidenceOfInsurance,Evidence of Insurance,commercialGeneralLiability,Commercial General Liability,evidenceOfInsuranceCommercialGeneralLiabilityGeneralAggregateLimitAppliesPerLocation,General Aggregate Limit Applies per: Location,,matchOnce,must be present,,,non_compliant,Block Requirements,,,false,0,,2026-08-16
"Block Real Estate Services, LLC",69fdf76e62446148bd8573f7,69fded1d62446148bd84905d,Nitto Denko Automotive / Parkers America,69fdf05e0e86e2f8723db3e7,"kci284 - Platte Valley Industrial Center 4 {Platte Valley Investment, LLC}",evidenceOfInsurance,Evidence of Insurance,commercialGeneralLiability,Commercial General Liability,evidenceOfInsuranceCommercialGeneralLiabilityEachOccurrence,Each Occurrence,,matchOnce,must be greater or equal to,1000000,1000000,compliant,Block Requirements,,,false,1,,2026-08-16
"Block Real Estate Services, LLC",69fdf76e62446148bd8573f7,69fded1d62446148bd84905d,Nitto Denko Automotive / Parkers America,69fdf05e0e86e2f8723db3e7,"kci284 - Platte Valley Industrial Center 4 {Platte Valley Investment, LLC}",evidenceOfInsurance,Evidence of Insurance,commercialGeneralLiability,Commercial General Liability,evidenceOfInsuranceCommercialGeneralLiabilityGeneralAggregate,General Aggregate,,matchOnce,must be greater or equal to,2000000,2000000,compliant,Block Requirements,,,false,1,,2026-08-16
"Block Real Estate Services, LLC",69fdf76e62446148bd8573f7,69fded1d62446148bd84905d,Nitto Denko Automotive / Parkers America,69fdf05e0e86e2f8723db3e7,"kci284 - Platte Valley Industrial Center 4 {Platte Valley Investment, LLC}",evidenceOfInsurance,Evidence of Insurance,commercialGeneralLiability,Commercial General Liability,evidenceOfInsuranceCommercialGeneralLiabilityWaiverOfSubrogationEndorsement,Waiver of Subrogation,"---prompt---
Determine if the insurer has waived their right of subrogation in favor of the certificate holder under the Commercial General Liability policy. Evidence may include: a checked ""Waiver of Subrogation"" box on the certificate, mention in the Description of Operations section stating ""waiver of subrogation applies"", or reference to form CG 24 04. Look for language like ""subrogation is waived"" or ""per written contract"".",matchOnce,must be present,,,non_compliant,Block Requirements,,,false,0,,2026-08-16
"Block Real Estate Services, LLC",69fdf76e62446148bd8573f7,69fded1d62446148bd84905d,Nitto Denko Automotive / Parkers America,69fdf05e0e86e2f8723db3e7,"kci284 - Platte Valley Industrial Center 4 {Platte Valley Investment, LLC}",evidenceOfInsurance,Evidence of Insurance,excessOrUmbrellaLiability,Umbrella/Excess Liability,evidenceOfInsuranceExcessOrUmbrellaLiabilityOccurence,Coverage Trigger: Occurrence,,matchOnce,must be present,,Present,compliant,Block Requirements,,,false,1,,2026-08-16
"Block Real Estate Services, LLC",69fdf76e62446148bd8573f7,69fded1d62446148bd84905d,Nitto Denko Automotive / Parkers America,69fdf05e0e86e2f8723db3e7,"kci284 - Platte Valley Industrial Center 4 {Platte Valley Investment, LLC}",evidenceOfInsurance,Evidence of Insurance,excessOrUmbrellaLiability,Umbrella/Excess Liability,evidenceOfInsuranceExcessOrUmbrellaLiabilityEachOccurrence,Each Occurrence,,matchOnce,must be greater or equal to,1000000,5000000,compliant,Block Requirements,,,false,1,,2026-08-16
"Block Real Estate Services, LLC",69fdf76e62446148bd8573f7,69fded1d62446148bd84905d,Nitto Denko Automotive / Parkers America,69fdf05e0e86e2f8723db3e7,"kci284 - Platte Valley Industrial Center 4 {Platte Valley Investment, LLC}",evidenceOfInsurance,Evidence of Insurance,excessOrUmbrellaLiability,Umbrella/Excess Liability,evidenceOfInsuranceExcessOrUmbrellaLiabilityAggregate,Aggregate,,matchOnce,must be greater or equal to,1000000,5000000,compliant,Block Requirements,,,false,1,,2026-08-16
"Block Real Estate Services, LLC",69fdf76e62446148bd8573f7,69fded1d62446148bd84905d,Nitto Denko Automotive / Parkers America,69fdf05e0e86e2f8723db3e7,"kci284 - Platte Valley Industrial Center 4 {Platte Valley Investment, LLC}",evidenceOfInsurance,Evidence of Insurance,workersCompensation,Workers' Compensation and Employer's Liability,evidenceOfInsuranceWorkersCompensationStatutoryLimits,Statutory Limits,,matchOnce,must be present,,,non_compliant,Block Requirements,,,false,0,,2026-08-16
"Block Real Estate Services, LLC",69fdf76e62446148bd8573f7,69fded1d62446148bd84905d,Nitto Denko Automotive / Parkers America,69fdf05e0e86e2f8723db3e7,"kci284 - Platte Valley Industrial Center 4 {Platte Valley Investment, LLC}",evidenceOfInsurance,Evidence of Insurance,workersCompensation,Workers' Compensation and Employer's Liability,evidenceOfInsuranceWorkersCompensationEmployersLiabilityEachAccident,Employer's Liability Each Accident,,matchOnce,must be greater or equal to,500000,,non_compliant,Block Requirements,,,false,0,,2026-08-16
"Block Real Estate Services, LLC",69fdf76e62446148bd8573f7,69fded1d62446148bd84905d,Nitto Denko Automotive / Parkers America,69fdf05e0e86e2f8723db3e7,"kci284 - Platte Valley Industrial Center 4 {Platte Valley Investment, LLC}",evidenceOfInsurance,Evidence of Insurance,workersCompensation,Workers' Compensation and Employer's Liability,evidenceOfInsuranceWorkersCompensationEmployersLiabilityDiseaseEachEmployee,Employer's Liability Disease - each employee,,matchOnce,must be greater or equal to,500000,,non_compliant,Block Requirements,,,false,0,,2026-08-16
"Block Real Estate Services, LLC",69fdf76e62446148bd8573f7,69fded1d62446148bd84905d,Nitto Denko Automotive / Parkers America,69fdf05e0e86e2f8723db3e7,"kci284 - Platte Valley Industrial Center 4 {Platte Valley Investment, LLC}",evidenceOfInsurance,Evidence of Insurance,workersCompensation,Workers' Compensation and Employer's Liability,evidenceOfInsuranceWorkersCompensationEmployersLiabilityDiseasePolicyLimit,Employer's Liability Disease - policy limit,,matchOnce,must be greater or equal to,500000,,non_compliant,Block Requirements,,,false,0,,2026-08-16
"Block Real Estate Services, LLC",69fdf76e62446148bd8573f7,69fded1d62446148bd84905d,Nitto Denko Automotive / Parkers America,69fdf05e0e86e2f8723db3e7,"kci284 - Platte Valley Industrial Center 4 {Platte Valley Investment, LLC}",evidenceOfInsurance,Evidence of Insurance,workersCompensation,Workers' Compensation and Employer's Liability,evidenceOfInsuranceWorkersCompensationWaiverOfSubrogationEndorsement,Waiver of Subrogation,"---prompt---
Determine if the insurer has waived their right of subrogation in favor of the certificate holder under the Workers' Compensation policy. Evidence may include: a checked ""Waiver of Subrogation"" box on the certificate, mention in the Description of Operations section stating ""waiver of subrogation applies"", or reference to form WC 00 03 13. Look for language like ""subrogation is waived"" or ""per written contract"".",matchOnce,must be present,,,non_compliant,Block Requirements,,,false,0,,2026-08-16
"Block Real Estate Services, LLC",69fdf76e62446148bd8573f7,69fded1d62446148bd84905d,Nitto Denko Automotive / Parkers America,69fdf05e0e86e2f8723db3e7,"kci284 - Platte Valley Industrial Center 4 {Platte Valley Investment, LLC}",evidenceOfInsurance,Evidence of Insurance,6ac20aae-5728-5d57-b364-aeba38527dba,Additional Requirements,4da5b0f1-4c9d-5885-8cf8-5d3cccaed3e0,"Block Real Estate Services, LLC and all others required by contract are named as Additional Insureds","---prompt---
Determine if the Description of Operations or the Additional Remarks Schedule section states the ""Additional Insured as Construction Management, Inc. and all others required by contract"" or reference to blanket additional insured coverage. Look for language like ""certificate holder is additional insured"" or ""per written contract"".",matchOnce,must be present,,,non_compliant,Block Requirements,,,true,0,,2026-08-16
"Block Real Estate Services, LLC",69fdf76e62446148bd8573f7,69fded1d62446148bd84905d,Nitto Denko Automotive / Parkers America,69fdf05e0e86e2f8723db3e7,"kci284 - Platte Valley Industrial Center 4 {Platte Valley Investment, LLC}",evidenceOfInsurance,Evidence of Insurance,6ac20aae-5728-5d57-b364-aeba38527dba,Additional Requirements,e1017741-e47e-5f58-97b8-fbc3043e919f,Umbrella follows form over General Liability,"---prompt---
Determine if the Umbrella/Excess Liability policy follows form to the underlying policies. Evidence may include: language in the Description of Operations section stating the umbrella follows form to underlying coverages or an additional page endorsement stating that it follows form. Follow form means the umbrella policy adopts the same terms, conditions, and exclusions as the underlying policies.",matchOnce,must be present,,Present,compliant,Block Requirements,,,true,1,,2026-08-16
"Block Real Estate Services, LLC",69fdf76e62446148bd8573f7,69fded1d62446148bd84905d,Nitto Denko Automotive / Parkers America,69fdf05e0e86e2f8723db3e7,"kci284 - Platte Valley Industrial Center 4 {Platte Valley Investment, LLC}",evidenceOfInsurance,Evidence of Insurance,6ac20aae-5728-5d57-b364-aeba38527dba,Additional Requirements,2cdd866f-c9a4-576a-afd8-1d045762790c,"The location must be listed as: 901 NW Platte Valley Drive, Riverside, MO, 64150",,matchOnce,must be present,,Present,compliant,Block Requirements,,,true,1,,2026-08-16
"Block Real Estate Services, LLC",69fdf76e62446148bd8573f7,69fded1d62446148bd84905d,Nitto Denko Automotive / Parkers America,69fdf05e0e86e2f8723db3e7,"kci284 - Platte Valley Industrial Center 4 {Platte Valley Investment, LLC}",evidenceOfInsurance,Evidence of Insurance,6ac20aae-5728-5d57-b364-aeba38527dba,Additional Requirements,3649e9d1-4e09-59bf-8f30-cb33c40cf117,"Certificate Holder must read: c/o Block Real Estate Services, LLC, 4622 Pennsylvania St., Suite 700, Kansas City, MO, 64112",,matchOnce,must be present,,,non_compliant,Block Requirements,,,true,0,,2026-08-16
"Block Real Estate Services, LLC",69fdf76e62446148bd857407,69fded1d62446148bd84904e,Pack3000 LLC,69fdf06de45e7dcf5c4377cd,"kci290 - Platte Valley Industrial Center 10 {Platte Valley Investment, LLC}",evidenceOfInsurance,Evidence of Insurance,commercialGeneralLiability,Commercial General Liability,evidenceOfInsuranceCommercialGeneralLiabilityCoverageTriggerOccurrence,Coverage Trigger: Occurrence,,matchOnce,must be present,,Present,compliant,Block Requirements,,,false,1,,2026-08-16
"Block Real Estate Services, LLC",69fdf76e62446148bd857407,69fded1d62446148bd84904e,Pack3000 LLC,69fdf06de45e7dcf5c4377cd,"kci290 - Platte Valley Industrial Center 10 {Platte Valley Investment, LLC}",evidenceOfInsurance,Evidence of Insurance,commercialGeneralLiability,Commercial General Liability,evidenceOfInsuranceCommercialGeneralLiabilityGeneralAggregateLimitAppliesPerLocation,General Aggregate Limit Applies per: Location,,matchOnce,must be present,,Present,compliant,Block Requirements,,,false,1,,2026-08-16
"Block Real Estate Services, LLC",69fdf76e62446148bd857407,69fded1d62446148bd84904e,Pack3000 LLC,69fdf06de45e7dcf5c4377cd,"kci290 - Platte Valley Industrial Center 10 {Platte Valley Investment, LLC}",evidenceOfInsurance,Evidence of Insurance,commercialGeneralLiability,Commercial General Liability,evidenceOfInsuranceCommercialGeneralLiabilityEachOccurrence,Each Occurrence,,matchOnce,must be greater or equal to,1000000,1000000,compliant,Block Requirements,,,false,1,,2026-08-16
"Block Real Estate Services, LLC",69fdf76e62446148bd857407,69fded1d62446148bd84904e,Pack3000 LLC,69fdf06de45e7dcf5c4377cd,"kci290 - Platte Valley Industrial Center 10 {Platte Valley Investment, LLC}",evidenceOfInsurance,Evidence of Insurance,commercialGeneralLiability,Commercial General Liability,evidenceOfInsuranceCommercialGeneralLiabilityGeneralAggregate,General Aggregate,,matchOnce,must be greater or equal to,2000000,2000000,compliant,Block Requirements,,,false,1,,2026-08-16
"Block Real Estate Services, LLC",69fdf76e62446148bd857407,69fded1d62446148bd84904e,Pack3000 LLC,69fdf06de45e7dcf5c4377cd,"kci290 - Platte Valley Industrial Center 10 {Platte Valley Investment, LLC}",evidenceOfInsurance,Evidence of Insurance,commercialGeneralLiability,Commercial General Liability,evidenceOfInsuranceCommercialGeneralLiabilityWaiverOfSubrogationEndorsement,Waiver of Subrogation,"---prompt---
Determine if the insurer has waived their right of subrogation in favor of the certificate holder under the Commercial General Liability policy. Evidence may include: a checked ""Waiver of Subrogation"" box on the certificate, mention in the Description of Operations section stating ""waiver of subrogation applies"", or reference to form CG 24 04. Look for language like ""subrogation is waived"" or ""per written contract"".",matchOnce,must be present,,Present,compliant,Block Requirements,,,false,1,,2026-08-16
"Block Real Estate Services, LLC",69fdf76e62446148bd857407,69fded1d62446148bd84904e,Pack3000 LLC,69fdf06de45e7dcf5c4377cd,"kci290 - Platte Valley Industrial Center 10 {Platte Valley Investment, LLC}",evidenceOfInsurance,Evidence of Insurance,excessOrUmbrellaLiability,Umbrella/Excess Liability,evidenceOfInsuranceExcessOrUmbrellaLiabilityOccurence,Coverage Trigger: Occurrence,,matchOnce,must be present,,Present,compliant,Block Requirements,,,false,1,,2026-08-16
"Block Real Estate Services, LLC",69fdf76e62446148bd857407,69fded1d62446148bd84904e,Pack3000 LLC,69fdf06de45e7dcf5c4377cd,"kci290 - Platte Valley Industrial Center 10 {Platte Valley Investment, LLC}",evidenceOfInsurance,Evidence of Insurance,excessOrUmbrellaLiability,Umbrella/Excess Liability,evidenceOfInsuranceExcessOrUmbrellaLiabilityEachOccurrence,Each Occurrence,,matchOnce,must be greater or equal to,1000000,5000000,compliant,Block Requirements,,,false,1,,2026-08-16
"Block Real Estate Services, LLC",69fdf76e62446148bd857407,69fded1d62446148bd84904e,Pack3000 LLC,69fdf06de45e7dcf5c4377cd,"kci290 - Platte Valley Industrial Center 10 {Platte Valley Investment, LLC}",evidenceOfInsurance,Evidence of Insurance,excessOrUmbrellaLiability,Umbrella/Excess Liability,evidenceOfInsuranceExcessOrUmbrellaLiabilityAggregate,Aggregate,,matchOnce,must be greater or equal to,1000000,5000000,compliant,Block Requirements,,,false,1,,2026-08-16
"Block Real Estate Services, LLC",69fdf76e62446148bd857407,69fded1d62446148bd84904e,Pack3000 LLC,69fdf06de45e7dcf5c4377cd,"kci290 - Platte Valley Industrial Center 10 {Platte Valley Investment, LLC}",evidenceOfInsurance,Evidence of Insurance,workersCompensation,Workers' Compensation and Employer's Liability,evidenceOfInsuranceWorkersCompensationStatutoryLimits,Statutory Limits,,matchOnce,must be present,,Present,compliant,Block Requirements,,,false,1,,2026-08-16
"Block Real Estate Services, LLC",69fdf76e62446148bd857407,69fded1d62446148bd84904e,Pack3000 LLC,69fdf06de45e7dcf5c4377cd,"kci290 - Platte Valley Industrial Center 10 {Platte Valley Investment, LLC}",evidenceOfInsurance,Evidence of Insurance,workersCompensation,Workers' Compensation and Employer's Liability,evidenceOfInsuranceWorkersCompensationEmployersLiabilityEachAccident,Employer's Liability Each Accident,,matchOnce,must be greater or equal to,500000,1000000,compliant,Block Requirements,,,false,1,,2026-08-16
"Block Real Estate Services, LLC",69fdf76e62446148bd857407,69fded1d62446148bd84904e,Pack3000 LLC,69fdf06de45e7dcf5c4377cd,"kci290 - Platte Valley Industrial Center 10 {Platte Valley Investment, LLC}",evidenceOfInsurance,Evidence of Insurance,workersCompensation,Workers' Compensation and Employer's Liability,evidenceOfInsuranceWorkersCompensationEmployersLiabilityDiseaseEachEmployee,Employer's Liability Disease - each employee,,matchOnce,must be greater or equal to,500000,1000000,compliant,Block Requirements,,,false,1,,2026-08-16
"Block Real Estate Services, LLC",69fdf76e62446148bd857407,69fded1d62446148bd84904e,Pack3000 LLC,69fdf06de45e7dcf5c4377cd,"kci290 - Platte Valley Industrial Center 10 {Platte Valley Investment, LLC}",evidenceOfInsurance,Evidence of Insurance,workersCompensation,Workers' Compensation and Employer's Liability,evidenceOfInsuranceWorkersCompensationEmployersLiabilityDiseasePolicyLimit,Employer's Liability Disease - policy limit,,matchOnce,must be greater or equal to,500000,1000000,compliant,Block Requirements,,,false,1,,2026-08-16
"Block Real Estate Services, LLC",69fdf76e62446148bd857407,69fded1d62446148bd84904e,Pack3000 LLC,69fdf06de45e7dcf5c4377cd,"kci290 - Platte Valley Industrial Center 10 {Platte Valley Investment, LLC}",evidenceOfInsurance,Evidence of Insurance,workersCompensation,Workers' Compensation and Employer's Liability,evidenceOfInsuranceWorkersCompensationWaiverOfSubrogationEndorsement,Waiver of Subrogation,"---prompt---
Determine if the insurer has waived their right of subrogation in favor of the certificate holder under the Workers' Compensation policy. Evidence may include: a checked ""Waiver of Subrogation"" box on the certificate, mention in the Description of Operations section stating ""waiver of subrogation applies"", or reference to form WC 00 03 13. Look for language like ""subrogation is waived"" or ""per written contract"".",matchOnce,must be present,,Present,compliant,Block Requirements,,,false,1,,2026-08-16
"Block Real Estate Services, LLC",69fdf76e62446148bd857407,69fded1d62446148bd84904e,Pack3000 LLC,69fdf06de45e7dcf5c4377cd,"kci290 - Platte Valley Industrial Center 10 {Platte Valley Investment, LLC}",evidenceOfInsurance,Evidence of Insurance,6ac20aae-5728-5d57-b364-aeba38527dba,Additional Requirements,4da5b0f1-4c9d-5885-8cf8-5d3cccaed3e0,"Block Real Estate Services, LLC and all others required by contract are named as Additional Insureds","---prompt---
Determine if the Description of Operations or the Additional Remarks Schedule section states the ""Additional Insured as Construction Management, Inc. and all others required by contract"" or reference to blanket additional insured coverage. Look for language like ""certificate holder is additional insured"" or ""per written contract"".",matchOnce,must be present,,Present,compliant,Block Requirements,,,true,1,,2026-08-16
"Block Real Estate Services, LLC",69fdf76e62446148bd857407,69fded1d62446148bd84904e,Pack3000 LLC,69fdf06de45e7dcf5c4377cd,"kci290 - Platte Valley Industrial Center 10 {Platte Valley Investment, LLC}",evidenceOfInsurance,Evidence of Insurance,6ac20aae-5728-5d57-b364-aeba38527dba,Additional Requirements,e1017741-e47e-5f58-97b8-fbc3043e919f,Umbrella follows form over General Liability,"---prompt---
Determine if the Umbrella/Excess Liability policy follows form to the underlying policies. Evidence may include: language in the Description of Operations section stating the umbrella follows form to underlying coverages or an additional page endorsement stating that it follows form. Follow form means the umbrella policy adopts the same terms, conditions, and exclusions as the underlying policies.",matchOnce,must be present,,Present,compliant,Block Requirements,,,true,1,,2026-08-16
"Block Real Estate Services, LLC",69fdf76e62446148bd857407,69fded1d62446148bd84904e,Pack3000 LLC,69fdf06de45e7dcf5c4377cd,"kci290 - Platte Valley Industrial Center 10 {Platte Valley Investment, LLC}",evidenceOfInsurance,Evidence of Insurance,6ac20aae-5728-5d57-b364-aeba38527dba,Additional Requirements,2cdd866f-c9a4-576a-afd8-1d045762790c,"The location must be listed as: 460 NW Parkway Drive, Riverside, MO, 64150",,matchOnce,must be present,,Present,compliant,Block Requirements,,,true,1,,2026-08-16
"Block Real Estate Services, LLC",69fdf76e62446148bd857407,69fded1d62446148bd84904e,Pack3000 LLC,69fdf06de45e7dcf5c4377cd,"kci290 - Platte Valley Industrial Center 10 {Platte Valley Investment, LLC}",evidenceOfInsurance,Evidence of Insurance,6ac20aae-5728-5d57-b364-aeba38527dba,Additional Requirements,3649e9d1-4e09-59bf-8f30-cb33c40cf117,"Certificate Holder must read: c/o Block Real Estate Services, LLC, 4622 Pennsylvania St., Suite 700, Kansas City, MO, 64112",,matchOnce,must be present,,Present,compliant,Block Requirements,,,true,1,,2026-08-16
"Block Real Estate Services, LLC",69fdf76e62446148bd857406,69fded1662446148bd848e26,"Gexpro Services / Rexel USA, Inc. (fka GS Operating, LLC )",69fdf06de45e7dcf5c4377cd,"kci290 - Platte Valley Industrial Center 10 {Platte Valley Investment, LLC}",evidenceOfInsurance,Evidence of Insurance,commercialGeneralLiability,Commercial General Liability,evidenceOfInsuranceCommercialGeneralLiabilityCoverageTriggerOccurrence,Coverage Trigger: Occurrence,,matchOnce,must be present,,Present,compliant,Block Requirements,,,false,1,,2026-08-16
"Block Real Estate Services, LLC",69fdf76e62446148bd857406,69fded1662446148bd848e26,"Gexpro Services / Rexel USA, Inc. (fka GS Operating, LLC )",69fdf06de45e7dcf5c4377cd,"kci290 - Platte Valley Industrial Center 10 {Platte Valley Investment, LLC}",evidenceOfInsurance,Evidence of Insurance,commercialGeneralLiability,Commercial General Liability,evidenceOfInsuranceCommercialGeneralLiabilityGeneralAggregateLimitAppliesPerLocation,General Aggregate Limit Applies per: Location,,matchOnce,must be present,,Present,compliant,Block Requirements,,,false,1,,2026-08-16
"Block Real Estate Services, LLC",69fdf76e62446148bd857406,69fded1662446148bd848e26,"Gexpro Services / Rexel USA, Inc. (fka GS Operating, LLC )",69fdf06de45e7dcf5c4377cd,"kci290 - Platte Valley Industrial Center 10 {Platte Valley Investment, LLC}",evidenceOfInsurance,Evidence of Insurance,commercialGeneralLiability,Commercial General Liability,evidenceOfInsuranceCommercialGeneralLiabilityEachOccurrence,Each Occurrence,,matchOnce,must be greater or equal to,1000000,5000000,compliant,Block Requirements,,,false,1,,2026-08-16
"Block Real Estate Services, LLC",69fdf76e62446148bd857406,69fded1662446148bd848e26,"Gexpro Services / Rexel USA, Inc. (fka GS Operating, LLC )",69fdf06de45e7dcf5c4377cd,"kci290 - Platte Valley Industrial Center 10 {Platte Valley Investment, LLC}",evidenceOfInsurance,Evidence of Insurance,commercialGeneralLiability,Commercial General Liability,evidenceOfInsuranceCommercialGeneralLiabilityGeneralAggregate,General Aggregate,,matchOnce,must be greater or equal to,2000000,10000000,compliant,Block Requirements,,,false,1,,2026-08-16
"Block Real Estate Services, LLC",69fdf76e62446148bd857406,69fded1662446148bd848e26,"Gexpro Services / Rexel USA, Inc. (fka GS Operating, LLC )",69fdf06de45e7dcf5c4377cd,"kci290 - Platte Valley Industrial Center 10 {Platte Valley Investment, LLC}",evidenceOfInsurance,Evidence of Insurance,commercialGeneralLiability,Commercial General Liability,evidenceOfInsuranceCommercialGeneralLiabilityWaiverOfSubrogationEndorsement,Waiver of Subrogation,"---prompt---
Determine if the insurer has waived their right of subrogation in favor of the certificate holder under the Commercial General Liability policy. Evidence may include: a checked ""Waiver of Subrogation"" box on the certificate, mention in the Description of Operations section stating ""waiver of subrogation applies"", or reference to form CG 24 04. Look for language like ""subrogation is waived"" or ""per written contract"".",matchOnce,must be present,,Present,compliant,Block Requirements,,,false,1,,2026-08-16
"Block Real Estate Services, LLC",69fdf76e62446148bd857406,69fded1662446148bd848e26,"Gexpro Services / Rexel USA, Inc. (fka GS Operating, LLC )",69fdf06de45e7dcf5c4377cd,"kci290 - Platte Valley Industrial Center 10 {Platte Valley Investment, LLC}",evidenceOfInsurance,Evidence of Insurance,excessOrUmbrellaLiability,Umbrella/Excess Liability,evidenceOfInsuranceExcessOrUmbrellaLiabilityOccurence,Coverage Trigger: Occurrence,,matchOnce,must be present,,Present,compliant,Block Requirements,,,false,2,,2026-08-16
"Block Real Estate Services, LLC",69fdf76e62446148bd857406,69fded1662446148bd848e26,"Gexpro Services / Rexel USA, Inc. (fka GS Operating, LLC )",69fdf06de45e7dcf5c4377cd,"kci290 - Platte Valley Industrial Center 10 {Platte Valley Investment, LLC}",evidenceOfInsurance,Evidence of Insurance,excessOrUmbrellaLiability,Umbrella/Excess Liability,evidenceOfInsuranceExcessOrUmbrellaLiabilityEachOccurrence,Each Occurrence,,matchOnce,must be greater or equal to,1000000,10000000,compliant,Block Requirements,,,false,2,,2026-08-16
"Block Real Estate Services, LLC",69fdf76e62446148bd857406,69fded1662446148bd848e26,"Gexpro Services / Rexel USA, Inc. (fka GS Operating, LLC )",69fdf06de45e7dcf5c4377cd,"kci290 - Platte Valley Industrial Center 10 {Platte Valley Investment, LLC}",evidenceOfInsurance,Evidence of Insurance,excessOrUmbrellaLiability,Umbrella/Excess Liability,evidenceOfInsuranceExcessOrUmbrellaLiabilityAggregate,Aggregate,,matchOnce,must be greater or equal to,1000000,10000000,compliant,Block Requirements,,,false,2,,2026-08-16
"Block Real Estate Services, LLC",69fdf76e62446148bd857406,69fded1662446148bd848e26,"Gexpro Services / Rexel USA, Inc. (fka GS Operating, LLC )",69fdf06de45e7dcf5c4377cd,"kci290 - Platte Valley Industrial Center 10 {Platte Valley Investment, LLC}",evidenceOfInsurance,Evidence of Insurance,workersCompensation,Workers' Compensation and Employer's Liability,evidenceOfInsuranceWorkersCompensationStatutoryLimits,Statutory Limits,,matchOnce,must be present,,Present,compliant,Block Requirements,,,false,1,,2026-08-16
"Block Real Estate Services, LLC",69fdf76e62446148bd857406,69fded1662446148bd848e26,"Gexpro Services / Rexel USA, Inc. (fka GS Operating, LLC )",69fdf06de45e7dcf5c4377cd,"kci290 - Platte Valley Industrial Center 10 {Platte Valley Investment, LLC}",evidenceOfInsurance,Evidence of Insurance,workersCompensation,Workers' Compensation and Employer's Liability,evidenceOfInsuranceWorkersCompensationEmployersLiabilityEachAccident,Employer's Liability Each Accident,,matchOnce,must be greater or equal to,500000,1000000,compliant,Block Requirements,,,false,1,,2026-08-16
"Block Real Estate Services, LLC",69fdf76e62446148bd857406,69fded1662446148bd848e26,"Gexpro Services / Rexel USA, Inc. (fka GS Operating, LLC )",69fdf06de45e7dcf5c4377cd,"kci290 - Platte Valley Industrial Center 10 {Platte Valley Investment, LLC}",evidenceOfInsurance,Evidence of Insurance,workersCompensation,Workers' Compensation and Employer's Liability,evidenceOfInsuranceWorkersCompensationEmployersLiabilityDiseaseEachEmployee,Employer's Liability Disease - each employee,,matchOnce,must be greater or equal to,500000,1000000,compliant,Block Requirements,,,false,1,,2026-08-16
"Block Real Estate Services, LLC",69fdf76e62446148bd857406,69fded1662446148bd848e26,"Gexpro Services / Rexel USA, Inc. (fka GS Operating, LLC )",69fdf06de45e7dcf5c4377cd,"kci290 - Platte Valley Industrial Center 10 {Platte Valley Investment, LLC}",evidenceOfInsurance,Evidence of Insurance,workersCompensation,Workers' Compensation and Employer's Liability,evidenceOfInsuranceWorkersCompensationEmployersLiabilityDiseasePolicyLimit,Employer's Liability Disease - policy limit,,matchOnce,must be greater or equal to,500000,1000000,compliant,Block Requirements,,,false,1,,2026-08-16
"Block Real Estate Services, LLC",69fdf76e62446148bd857406,69fded1662446148bd848e26,"Gexpro Services / Rexel USA, Inc. (fka GS Operating, LLC )",69fdf06de45e7dcf5c4377cd,"kci290 - Platte Valley Industrial Center 10 {Platte Valley Investment, LLC}",evidenceOfInsurance,Evidence of Insurance,workersCompensation,Workers' Compensation and Employer's Liability,evidenceOfInsuranceWorkersCompensationWaiverOfSubrogationEndorsement,Waiver of Subrogation,"---prompt---
Determine if the insurer has waived their right of subrogation in favor of the certificate holder under the Workers' Compensation policy. Evidence may include: a checked ""Waiver of Subrogation"" box on the certificate, mention in the Description of Operations section stating ""waiver of subrogation applies"", or reference to form WC 00 03 13. Look for language like ""subrogation is waived"" or ""per written contract"".",matchOnce,must be present,,Present,compliant,Block Requirements,,,false,1,,2026-08-16
"Block Real Estate Services, LLC",69fdf76e62446148bd857406,69fded1662446148bd848e26,"Gexpro Services / Rexel USA, Inc. (fka GS Operating, LLC )",69fdf06de45e7dcf5c4377cd,"kci290 - Platte Valley Industrial Center 10 {Platte Valley Investment, LLC}",evidenceOfInsurance,Evidence of Insurance,6ac20aae-5728-5d57-b364-aeba38527dba,Additional Requirements,4da5b0f1-4c9d-5885-8cf8-5d3cccaed3e0,"Block Real Estate Services, LLC and all others required by contract are named as Additional Insureds","---prompt---
Determine if the Description of Operations or the Additional Remarks Schedule section states the ""Additional Insured as Construction Management, Inc. and all others required by contract"" or reference to blanket additional insured coverage. Look for language like ""certificate holder is additional insured"" or ""per written contract"".",matchOnce,must be present,,Present,compliant,Block Requirements,,,true,2,,2026-08-16
"Block Real Estate Services, LLC",69fdf76e62446148bd857406,69fded1662446148bd848e26,"Gexpro Services / Rexel USA, Inc. (fka GS Operating, LLC )",69fdf06de45e7dcf5c4377cd,"kci290 - Platte Valley Industrial Center 10 {Platte Valley Investment, LLC}",evidenceOfInsurance,Evidence of Insurance,6ac20aae-5728-5d57-b364-aeba38527dba,Additional Requirements,e1017741-e47e-5f58-97b8-fbc3043e919f,Umbrella follows form over General Liability,"---prompt---
Determine if the Umbrella/Excess Liability policy follows form to the underlying policies. Evidence may include: language in the Description of Operations section stating the umbrella follows form to underlying coverages or an additional page endorsement stating that it follows form. Follow form means the umbrella policy adopts the same terms, conditions, and exclusions as the underlying policies.",matchOnce,must be present,,Present,compliant,Block Requirements,,,true,1,,2026-08-16
"Block Real Estate Services, LLC",69fdf76e62446148bd857406,69fded1662446148bd848e26,"Gexpro Services / Rexel USA, Inc. (fka GS Operating, LLC )",69fdf06de45e7dcf5c4377cd,"kci290 - Platte Valley Industrial Center 10 {Platte Valley Investment, LLC}",evidenceOfInsurance,Evidence of Insurance,6ac20aae-5728-5d57-b364-aeba38527dba,Additional Requirements,2cdd866f-c9a4-576a-afd8-1d045762790c,"The location must be listed as: 400, 420 NW Parkway Drive, Riverside, MO, 64150",,matchOnce,must be present,,Present,compliant,Block Requirements,,,true,2,,2026-08-16
"Block Real Estate Services, LLC",69fdf76e62446148bd857406,69fded1662446148bd848e26,"Gexpro Services / Rexel USA, Inc. (fka GS Operating, LLC )",69fdf06de45e7dcf5c4377cd,"kci290 - Platte Valley Industrial Center 10 {Platte Valley Investment, LLC}",evidenceOfInsurance,Evidence of Insurance,6ac20aae-5728-5d57-b364-aeba38527dba,Additional Requirements,3649e9d1-4e09-59bf-8f30-cb33c40cf117,"Certificate Holder must read: c/o Block Real Estate Services, LLC, 4622 Pennsylvania St., Suite 700, Kansas City, MO, 64112",,matchOnce,must be present,,Present,compliant,Block Requirements,,,true,2,,2026-08-16
"Block Real Estate Services, LLC",69fdf78062446148bd8587af,69fded1e62446148bd8490b7,Pro Concrete Design Inc,69fdf06de45e7dcf5c4377cd,"kci290 - Platte Valley Industrial Center 10 {Platte Valley Investment, LLC}",evidenceOfInsurance,Evidence of Insurance,commercialGeneralLiability,Commercial General Liability,evidenceOfInsuranceCommercialGeneralLiabilityCoverageTriggerOccurrence,Coverage Trigger: Occurrence,,matchOnce,must be present,,Present,compliant,Block Requirements,,,false,1,,2026-08-16
"Block Real Estate Services, LLC",69fdf78062446148bd8587af,69fded1e62446148bd8490b7,Pro Concrete Design Inc,69fdf06de45e7dcf5c4377cd,"kci290 - Platte Valley Industrial Center 10 {Platte Valley Investment, LLC}",evidenceOfInsurance,Evidence of Insurance,commercialGeneralLiability,Commercial General Liability,evidenceOfInsuranceCommercialGeneralLiabilityGeneralAggregateLimitAppliesPerLocation,General Aggregate Limit Applies per: Location,,matchOnce,must be present,,,non_compliant,Block Requirements,,,false,0,,2026-08-16
"Block Real Estate Services, LLC",69fdf78062446148bd8587af,69fded1e62446148bd8490b7,Pro Concrete Design Inc,69fdf06de45e7dcf5c4377cd,"kci290 - Platte Valley Industrial Center 10 {Platte Valley Investment, LLC}",evidenceOfInsurance,Evidence of Insurance,commercialGeneralLiability,Commercial General Liability,evidenceOfInsuranceCommercialGeneralLiabilityEachOccurrence,Each Occurrence,,matchOnce,must be greater or equal to,1000000,1000000,compliant,Block Requirements,,,false,1,,2026-08-16
"Block Real Estate Services, LLC",69fdf78062446148bd8587af,69fded1e62446148bd8490b7,Pro Concrete Design Inc,69fdf06de45e7dcf5c4377cd,"kci290 - Platte Valley Industrial Center 10 {Platte Valley Investment, LLC}",evidenceOfInsurance,Evidence of Insurance,commercialGeneralLiability,Commercial General Liability,evidenceOfInsuranceCommercialGeneralLiabilityGeneralAggregate,General Aggregate,,matchOnce,must be greater or equal to,2000000,2000000,compliant,Block Requirements,,,false,1,,2026-08-16
"Block Real Estate Services, LLC",69fdf78062446148bd8587af,69fded1e62446148bd8490b7,Pro Concrete Design Inc,69fdf06de45e7dcf5c4377cd,"kci290 - Platte Valley Industrial Center 10 {Platte Valley Investment, LLC}",evidenceOfInsurance,Evidence of Insurance,commercialGeneralLiability,Commercial General Liability,evidenceOfInsuranceCommercialGeneralLiabilityWaiverOfSubrogationEndorsement,Waiver of Subrogation,"---prompt---
Determine if the insurer has waived their right of subrogation in favor of the certificate holder under the Commercial General Liability policy. Evidence may include: a checked ""Waiver of Subrogation"" box on the certificate, mention in the Description of Operations section stating ""waiver of subrogation applies"", or reference to form CG 24 04. Look for language like ""subrogation is waived"" or ""per written contract"".",matchOnce,must be present,,Present,compliant,Block Requirements,,,false,1,,2026-08-16
"Block Real Estate Services, LLC",69fdf78062446148bd8587af,69fded1e62446148bd8490b7,Pro Concrete Design Inc,69fdf06de45e7dcf5c4377cd,"kci290 - Platte Valley Industrial Center 10 {Platte Valley Investment, LLC}",evidenceOfInsurance,Evidence of Insurance,excessOrUmbrellaLiability,Umbrella/Excess Liability,evidenceOfInsuranceExcessOrUmbrellaLiabilityOccurence,Coverage Trigger: Occurrence,,matchOnce,must be present,,Present,compliant,Block Requirements,,,false,1,,2026-08-16
"Block Real Estate Services, LLC",69fdf78062446148bd8587af,69fded1e62446148bd8490b7,Pro Concrete Design Inc,69fdf06de45e7dcf5c4377cd,"kci290 - Platte Valley Industrial Center 10 {Platte Valley Investment, LLC}",evidenceOfInsurance,Evidence of Insurance,excessOrUmbrellaLiability,Umbrella/Excess Liability,evidenceOfInsuranceExcessOrUmbrellaLiabilityEachOccurrence,Each Occurrence,,matchOnce,must be greater or equal to,1000000,5000000,compliant,Block Requirements,,,false,1,,2026-08-16
"Block Real Estate Services, LLC",69fdf78062446148bd8587af,69fded1e62446148bd8490b7,Pro Concrete Design Inc,69fdf06de45e7dcf5c4377cd,"kci290 - Platte Valley Industrial Center 10 {Platte Valley Investment, LLC}",evidenceOfInsurance,Evidence of Insurance,excessOrUmbrellaLiability,Umbrella/Excess Liability,evidenceOfInsuranceExcessOrUmbrellaLiabilityAggregate,Aggregate,,matchOnce,must be greater or equal to,1000000,5000000,compliant,Block Requirements,,,false,1,,2026-08-16
"Block Real Estate Services, LLC",69fdf78062446148bd8587af,69fded1e62446148bd8490b7,Pro Concrete Design Inc,69fdf06de45e7dcf5c4377cd,"kci290 - Platte Valley Industrial Center 10 {Platte Valley Investment, LLC}",evidenceOfInsurance,Evidence of Insurance,workersCompensation,Workers' Compensation and Employer's Liability,evidenceOfInsuranceWorkersCompensationStatutoryLimits,Statutory Limits,,matchOnce,must be present,,Present,compliant,Block Requirements,,,false,1,,2026-08-16
"Block Real Estate Services, LLC",69fdf78062446148bd8587af,69fded1e62446148bd8490b7,Pro Concrete Design Inc,69fdf06de45e7dcf5c4377cd,"kci290 - Platte Valley Industrial Center 10 {Platte Valley Investment, LLC}",evidenceOfInsurance,Evidence of Insurance,workersCompensation,Workers' Compensation and Employer's Liability,evidenceOfInsuranceWorkersCompensationEmployersLiabilityEachAccident,Employer's Liability Each Accident,,matchOnce,must be greater or equal to,500000,1000000,compliant,Block Requirements,,,false,1,,2026-08-16
"Block Real Estate Services, LLC",69fdf78062446148bd8587af,69fded1e62446148bd8490b7,Pro Concrete Design Inc,69fdf06de45e7dcf5c4377cd,"kci290 - Platte Valley Industrial Center 10 {Platte Valley Investment, LLC}",evidenceOfInsurance,Evidence of Insurance,workersCompensation,Workers' Compensation and Employer's Liability,evidenceOfInsuranceWorkersCompensationEmployersLiabilityDiseaseEachEmployee,Employer's Liability Disease - each employee,,matchOnce,must be greater or equal to,500000,1000000,compliant,Block Requirements,,,false,1,,2026-08-16
"Block Real Estate Services, LLC",69fdf78062446148bd8587af,69fded1e62446148bd8490b7,Pro Concrete Design Inc,69fdf06de45e7dcf5c4377cd,"kci290 - Platte Valley Industrial Center 10 {Platte Valley Investment, LLC}",evidenceOfInsurance,Evidence of Insurance,workersCompensation,Workers' Compensation and Employer's Liability,evidenceOfInsuranceWorkersCompensationEmployersLiabilityDiseasePolicyLimit,Employer's Liability Disease - policy limit,,matchOnce,must be greater or equal to,500000,1000000,compliant,Block Requirements,,,false,1,,2026-08-16
"Block Real Estate Services, LLC",69fdf78062446148bd8587af,69fded1e62446148bd8490b7,Pro Concrete Design Inc,69fdf06de45e7dcf5c4377cd,"kci290 - Platte Valley Industrial Center 10 {Platte Valley Investment, LLC}",evidenceOfInsurance,Evidence of Insurance,workersCompensation,Workers' Compensation and Employer's Liability,evidenceOfInsuranceWorkersCompensationWaiverOfSubrogationEndorsement,Waiver of Subrogation,"---prompt---
Determine if the insurer has waived their right of subrogation in favor of the certificate holder under the Workers' Compensation policy. Evidence may include: a checked ""Waiver of Subrogation"" box on the certificate, mention in the Description of Operations section stating ""waiver of subrogation applies"", or reference to form WC 00 03 13. Look for language like ""subrogation is waived"" or ""per written contract"".",matchOnce,must be present,,Present,compliant,Block Requirements,,,false,1,,2026-08-16
"Block Real Estate Services, LLC",69fdf78062446148bd8587af,69fded1e62446148bd8490b7,Pro Concrete Design Inc,69fdf06de45e7dcf5c4377cd,"kci290 - Platte Valley Industrial Center 10 {Platte Valley Investment, LLC}",evidenceOfInsurance,Evidence of Insurance,6ac20aae-5728-5d57-b364-aeba38527dba,Additional Requirements,4da5b0f1-4c9d-5885-8cf8-5d3cccaed3e0,"Block Real Estate Services, LLC and all others required by contract are named as Additional Insureds","---prompt---
Determine if the Description of Operations or the Additional Remarks Schedule section states the ""Additional Insured as Construction Management, Inc. and all others required by contract"" or reference to blanket additional insured coverage. Look for language like ""certificate holder is additional insured"" or ""per written contract"".",matchOnce,must be present,,Present,compliant,Block Requirements,,,true,1,,2026-08-16
"Block Real Estate Services, LLC",69fdf78062446148bd8587af,69fded1e62446148bd8490b7,Pro Concrete Design Inc,69fdf06de45e7dcf5c4377cd,"kci290 - Platte Valley Industrial Center 10 {Platte Valley Investment, LLC}",evidenceOfInsurance,Evidence of Insurance,6ac20aae-5728-5d57-b364-aeba38527dba,Additional Requirements,e1017741-e47e-5f58-97b8-fbc3043e919f,Umbrella follows form over General Liability,"---prompt---
Determine if the Umbrella/Excess Liability policy follows form to the underlying policies. Evidence may include: language in the Description of Operations section stating the umbrella follows form to underlying coverages or an additional page endorsement stating that it follows form. Follow form means the umbrella policy adopts the same terms, conditions, and exclusions as the underlying policies.",matchOnce,must be present,,Present,compliant,Block Requirements,,,true,1,,2026-08-16
"Block Real Estate Services, LLC",69fdf78062446148bd8587af,69fded1e62446148bd8490b7,Pro Concrete Design Inc,69fdf06de45e7dcf5c4377cd,"kci290 - Platte Valley Industrial Center 10 {Platte Valley Investment, LLC}",evidenceOfInsurance,Evidence of Insurance,6ac20aae-5728-5d57-b364-aeba38527dba,Additional Requirements,2cdd866f-c9a4-576a-afd8-1d045762790c,"The location must be listed as: 440 NW Parkway Drive, Riverside, MO, 64150",,matchOnce,must be present,,,non_compliant,Block Requirements,,,true,0,,2026-08-16
"Block Real Estate Services, LLC",69fdf78062446148bd8587af,69fded1e62446148bd8490b7,Pro Concrete Design Inc,69fdf06de45e7dcf5c4377cd,"kci290 - Platte Valley Industrial Center 10 {Platte Valley Investment, LLC}",evidenceOfInsurance,Evidence of Insurance,6ac20aae-5728-5d57-b364-aeba38527dba,Additional Requirements,3649e9d1-4e09-59bf-8f30-cb33c40cf117,"Certificate Holder must read: c/o Block Real Estate Services, LLC, 4622 Pennsylvania St., Suite 700, Kansas City, MO, 64112",,matchOnce,must be present,,Present,compliant,Block Requirements,,,true,1,,2026-08-16
"Block Real Estate Services, LLC",69fdf76e62446148bd8573e1,69fded2362446148bd84926d,University of Kansas Hospital Authority,69fdf0473b208288e0a7d535,"kc2702 - Switzer III {Barry 3, LLC}",evidenceOfInsurance,Evidence of Insurance,commercialGeneralLiability,Commercial General Liability,evidenceOfInsuranceCommercialGeneralLiabilityCoverageTriggerOccurrence,Coverage Trigger: Occurrence,,matchOnce,must be present,,,non_compliant,Block Requirements,,,false,0,,2026-08-16
"Block Real Estate Services, LLC",69fdf76e62446148bd8573e1,69fded2362446148bd84926d,University of Kansas Hospital Authority,69fdf0473b208288e0a7d535,"kc2702 - Switzer III {Barry 3, LLC}",evidenceOfInsurance,Evidence of Insurance,commercialGeneralLiability,Commercial General Liability,evidenceOfInsuranceCommercialGeneralLiabilityGeneralAggregateLimitAppliesPerLocation,General Aggregate Limit Applies per: Location,,matchOnce,must be present,,,non_compliant,Block Requirements,,,false,0,,2026-08-16
"Block Real Estate Services, LLC",69fdf76e62446148bd8573e1,69fded2362446148bd84926d,University of Kansas Hospital Authority,69fdf0473b208288e0a7d535,"kc2702 - Switzer III {Barry 3, LLC}",evidenceOfInsurance,Evidence of Insurance,commercialGeneralLiability,Commercial General Liability,evidenceOfInsuranceCommercialGeneralLiabilityEachOccurrence,Each Occurrence,,matchOnce,must be greater or equal to,1000000,,non_compliant,Block Requirements,,,false,0,,2026-08-16
"Block Real Estate Services, LLC",69fdf76e62446148bd8573e1,69fded2362446148bd84926d,University of Kansas Hospital Authority,69fdf0473b208288e0a7d535,"kc2702 - Switzer III {Barry 3, LLC}",evidenceOfInsurance,Evidence of Insurance,commercialGeneralLiability,Commercial General Liability,evidenceOfInsuranceCommercialGeneralLiabilityGeneralAggregate,General Aggregate,,matchOnce,must be greater or equal to,2000000,,non_compliant,Block Requirements,,,false,0,,2026-08-16
"Block Real Estate Services, LLC",69fdf76e62446148bd8573e1,69fded2362446148bd84926d,University of Kansas Hospital Authority,69fdf0473b208288e0a7d535,"kc2702 - Switzer III {Barry 3, LLC}",evidenceOfInsurance,Evidence of Insurance,commercialGeneralLiability,Commercial General Liability,evidenceOfInsuranceCommercialGeneralLiabilityWaiverOfSubrogationEndorsement,Waiver of Subrogation,"---prompt---
Determine if the insurer has waived their right of subrogation in favor of the certificate holder under the Commercial General Liability policy. Evidence may include: a checked ""Waiver of Subrogation"" box on the certificate, mention in the Description of Operations section stating ""waiver of subrogation applies"", or reference to form CG 24 04. Look for language like ""subrogation is waived"" or ""per written contract"".",matchOnce,must be present,,,non_compliant,Block Requirements,,,false,0,,2026-08-16
"Block Real Estate Services, LLC",69fdf76e62446148bd8573e1,69fded2362446148bd84926d,University of Kansas Hospital Authority,69fdf0473b208288e0a7d535,"kc2702 - Switzer III {Barry 3, LLC}",evidenceOfInsurance,Evidence of Insurance,excessOrUmbrellaLiability,Umbrella/Excess Liability,evidenceOfInsuranceExcessOrUmbrellaLiabilityOccurence,Coverage Trigger: Occurrence,,matchOnce,must be present,,,non_compliant,Block Requirements,,,false,0,,2026-08-16
"Block Real Estate Services, LLC",69fdf76e62446148bd8573e1,69fded2362446148bd84926d,University of Kansas Hospital Authority,69fdf0473b208288e0a7d535,"kc2702 - Switzer III {Barry 3, LLC}",evidenceOfInsurance,Evidence of Insurance,excessOrUmbrellaLiability,Umbrella/Excess Liability,evidenceOfInsuranceExcessOrUmbrellaLiabilityEachOccurrence,Each Occurrence,,matchOnce,must be greater or equal to,1000000,,non_compliant,Block Requirements,,,false,0,,2026-08-16
"Block Real Estate Services, LLC",69fdf76e62446148bd8573e1,69fded2362446148bd84926d,University of Kansas Hospital Authority,69fdf0473b208288e0a7d535,"kc2702 - Switzer III {Barry 3, LLC}",evidenceOfInsurance,Evidence of Insurance,excessOrUmbrellaLiability,Umbrella/Excess Liability,evidenceOfInsuranceExcessOrUmbrellaLiabilityAggregate,Aggregate,,matchOnce,must be greater or equal to,1000000,,non_compliant,Block Requirements,,,false,0,,2026-08-16
"Block Real Estate Services, LLC",69fdf76e62446148bd8573e1,69fded2362446148bd84926d,University of Kansas Hospital Authority,69fdf0473b208288e0a7d535,"kc2702 - Switzer III {Barry 3, LLC}",evidenceOfInsurance,Evidence of Insurance,workersCompensation,Workers' Compensation and Employer's Liability,evidenceOfInsuranceWorkersCompensationStatutoryLimits,Statutory Limits,,matchOnce,must be present,,,non_compliant,Block Requirements,,,false,0,,2026-08-16
"Block Real Estate Services, LLC",69fdf76e62446148bd8573e1,69fded2362446148bd84926d,University of Kansas Hospital Authority,69fdf0473b208288e0a7d535,"kc2702 - Switzer III {Barry 3, LLC}",evidenceOfInsurance,Evidence of Insurance,workersCompensation,Workers' Compensation and Employer's Liability,evidenceOfInsuranceWorkersCompensationEmployersLiabilityEachAccident,Employer's Liability Each Accident,,matchOnce,must be greater or equal to,500000,,non_compliant,Block Requirements,,,false,0,,2026-08-16
"Block Real Estate Services, LLC",69fdf76e62446148bd8573e1,69fded2362446148bd84926d,University of Kansas Hospital Authority,69fdf0473b208288e0a7d535,"kc2702 - Switzer III {Barry 3, LLC}",evidenceOfInsurance,Evidence of Insurance,workersCompensation,Workers' Compensation and Employer's Liability,evidenceOfInsuranceWorkersCompensationEmployersLiabilityDiseaseEachEmployee,Employer's Liability Disease - each employee,,matchOnce,must be greater or equal to,500000,,non_compliant,Block Requirements,,,false,0,,2026-08-16
"Block Real Estate Services, LLC",69fdf76e62446148bd8573e1,69fded2362446148bd84926d,University of Kansas Hospital Authority,69fdf0473b208288e0a7d535,"kc2702 - Switzer III {Barry 3, LLC}",evidenceOfInsurance,Evidence of Insurance,workersCompensation,Workers' Compensation and Employer's Liability,evidenceOfInsuranceWorkersCompensationEmployersLiabilityDiseasePolicyLimit,Employer's Liability Disease - policy limit,,matchOnce,must be greater or equal to,500000,,non_compliant,Block Requirements,,,false,0,,2026-08-16
"Block Real Estate Services, LLC",69fdf76e62446148bd8573e1,69fded2362446148bd84926d,University of Kansas Hospital Authority,69fdf0473b208288e0a7d535,"kc2702 - Switzer III {Barry 3, LLC}",evidenceOfInsurance,Evidence of Insurance,workersCompensation,Workers' Compensation and Employer's Liability,evidenceOfInsuranceWorkersCompensationWaiverOfSubrogationEndorsement,Waiver of Subrogation,"---prompt---
Determine if the insurer has waived their right of subrogation in favor of the certificate holder under the Workers' Compensation policy. Evidence may include: a checked ""Waiver of Subrogation"" box on the certificate, mention in the Description of Operations section stating ""waiver of subrogation applies"", or reference to form WC 00 03 13. Look for language like ""subrogation is waived"" or ""per written contract"".",matchOnce,must be present,,,non_compliant,Block Requirements,,,false,0,,2026-08-16
"Block Real Estate Services, LLC",69fdf76e62446148bd8573e1,69fded2362446148bd84926d,University of Kansas Hospital Authority,69fdf0473b208288e0a7d535,"kc2702 - Switzer III {Barry 3, LLC}",evidenceOfInsurance,Evidence of Insurance,6ac20aae-5728-5d57-b364-aeba38527dba,Additional Requirements,4da5b0f1-4c9d-5885-8cf8-5d3cccaed3e0,"Block Real Estate Services, LLC and all others required by contract are named as Additional Insureds","---prompt---
Determine if the Description of Operations or the Additional Remarks Schedule section states the ""Additional Insured as Construction Management, Inc. and all others required by contract"" or reference to blanket additional insured coverage. Look for language like ""certificate holder is additional insured"" or ""per written contract"".",matchOnce,must be present,,,non_compliant,Block Requirements,,,true,0,,2026-08-16
"Block Real Estate Services, LLC",69fdf76e62446148bd8573e1,69fded2362446148bd84926d,University of Kansas Hospital Authority,69fdf0473b208288e0a7d535,"kc2702 - Switzer III {Barry 3, LLC}",evidenceOfInsurance,Evidence of Insurance,6ac20aae-5728-5d57-b364-aeba38527dba,Additional Requirements,e1017741-e47e-5f58-97b8-fbc3043e919f,Umbrella follows form over General Liability,"---prompt---
Determine if the Umbrella/Excess Liability policy follows form to the underlying policies. Evidence may include: language in the Description of Operations section stating the umbrella follows form to underlying coverages or an additional page endorsement stating that it follows form. Follow form means the umbrella policy adopts the same terms, conditions, and exclusions as the underlying policies.",matchOnce,must be present,,,non_compliant,Block Requirements,,,true,0,,2026-08-16
"Block Real Estate Services, LLC",69fdf76e62446148bd8573e1,69fded2362446148bd84926d,University of Kansas Hospital Authority,69fdf0473b208288e0a7d535,"kc2702 - Switzer III {Barry 3, LLC}",evidenceOfInsurance,Evidence of Insurance,6ac20aae-5728-5d57-b364-aeba38527dba,Additional Requirements,2cdd866f-c9a4-576a-afd8-1d045762790c,"The location must be listed as: 10429 W. 79th Street, Shawnee, KS, 66214",,matchOnce,must be present,,,non_compliant,Block Requirements,,,true,0,,2026-08-16
"Block Real Estate Services, LLC",69fdf76e62446148bd8573e1,69fded2362446148bd84926d,University of Kansas Hospital Authority,69fdf0473b208288e0a7d535,"kc2702 - Switzer III {Barry 3, LLC}",evidenceOfInsurance,Evidence of Insurance,6ac20aae-5728-5d57-b364-aeba38527dba,Additional Requirements,3649e9d1-4e09-59bf-8f30-cb33c40cf117,"Certificate Holder must read: c/o Block Real Estate Services, LLC, 4622 Pennsylvania St., Suite 700, Kansas City, MO, 64112",,matchOnce,must be present,,,non_compliant,Block Requirements,,,true,0,,2026-08-16
"Block Real Estate Services, LLC",69fdf76e62446148bd8573e0,69fded1662446148bd848e44,HCA Realty,69fdf0473b208288e0a7d535,"kc2702 - Switzer III {Barry 3, LLC}",evidenceOfInsurance,Evidence of Insurance,commercialGeneralLiability,Commercial General Liability,evidenceOfInsuranceCommercialGeneralLiabilityCoverageTriggerOccurrence,Coverage Trigger: Occurrence,,matchOnce,must be present,,,non_compliant,Block Requirements,,,false,0,,2026-08-16
"Block Real Estate Services, LLC",69fdf76e62446148bd8573e0,69fded1662446148bd848e44,HCA Realty,69fdf0473b208288e0a7d535,"kc2702 - Switzer III {Barry 3, LLC}",evidenceOfInsurance,Evidence of Insurance,commercialGeneralLiability,Commercial General Liability,evidenceOfInsuranceCommercialGeneralLiabilityGeneralAggregateLimitAppliesPerLocation,General Aggregate Limit Applies per: Location,,matchOnce,must be present,,,non_compliant,Block Requirements,,,false,0,,2026-08-16
"Block Real Estate Services, LLC",69fdf76e62446148bd8573e0,69fded1662446148bd848e44,HCA Realty,69fdf0473b208288e0a7d535,"kc2702 - Switzer III {Barry 3, LLC}",evidenceOfInsurance,Evidence of Insurance,commercialGeneralLiability,Commercial General Liability,evidenceOfInsuranceCommercialGeneralLiabilityEachOccurrence,Each Occurrence,,matchOnce,must be greater or equal to,1000000,,non_compliant,Block Requirements,,,false,0,,2026-08-16
"Block Real Estate Services, LLC",69fdf76e62446148bd8573e0,69fded1662446148bd848e44,HCA Realty,69fdf0473b208288e0a7d535,"kc2702 - Switzer III {Barry 3, LLC}",evidenceOfInsurance,Evidence of Insurance,commercialGeneralLiability,Commercial General Liability,evidenceOfInsuranceCommercialGeneralLiabilityGeneralAggregate,General Aggregate,,matchOnce,must be greater or equal to,2000000,,non_compliant,Block Requirements,,,false,0,,2026-08-16
"Block Real Estate Services, LLC",69fdf76e62446148bd8573e0,69fded1662446148bd848e44,HCA Realty,69fdf0473b208288e0a7d535,"kc2702 - Switzer III {Barry 3, LLC}",evidenceOfInsurance,Evidence of Insurance,commercialGeneralLiability,Commercial General Liability,evidenceOfInsuranceCommercialGeneralLiabilityWaiverOfSubrogationEndorsement,Waiver of Subrogation,"---prompt---
Determine if the insurer has waived their right of subrogation in favor of the certificate holder under the Commercial General Liability policy. Evidence may include: a checked ""Waiver of Subrogation"" box on the certificate, mention in the Description of Operations section stating ""waiver of subrogation applies"", or reference to form CG 24 04. Look for language like ""subrogation is waived"" or ""per written contract"".",matchOnce,must be present,,,non_compliant,Block Requirements,,,false,0,,2026-08-16
"Block Real Estate Services, LLC",69fdf76e62446148bd8573e0,69fded1662446148bd848e44,HCA Realty,69fdf0473b208288e0a7d535,"kc2702 - Switzer III {Barry 3, LLC}",evidenceOfInsurance,Evidence of Insurance,excessOrUmbrellaLiability,Umbrella/Excess Liability,evidenceOfInsuranceExcessOrUmbrellaLiabilityOccurence,Coverage Trigger: Occurrence,,matchOnce,must be present,,,non_compliant,Block Requirements,,,false,0,,2026-08-16
"Block Real Estate Services, LLC",69fdf76e62446148bd8573e0,69fded1662446148bd848e44,HCA Realty,69fdf0473b208288e0a7d535,"kc2702 - Switzer III {Barry 3, LLC}",evidenceOfInsurance,Evidence of Insurance,excessOrUmbrellaLiability,Umbrella/Excess Liability,evidenceOfInsuranceExcessOrUmbrellaLiabilityEachOccurrence,Each Occurrence,,matchOnce,must be greater or equal to,1000000,,non_compliant,Block Requirements,,,false,0,,2026-08-16
"Block Real Estate Services, LLC",69fdf76e62446148bd8573e0,69fded1662446148bd848e44,HCA Realty,69fdf0473b208288e0a7d535,"kc2702 - Switzer III {Barry 3, LLC}",evidenceOfInsurance,Evidence of Insurance,excessOrUmbrellaLiability,Umbrella/Excess Liability,evidenceOfInsuranceExcessOrUmbrellaLiabilityAggregate,Aggregate,,matchOnce,must be greater or equal to,1000000,,non_compliant,Block Requirements,,,false,0,,2026-08-16
"Block Real Estate Services, LLC",69fdf76e62446148bd8573e0,69fded1662446148bd848e44,HCA Realty,69fdf0473b208288e0a7d535,"kc2702 - Switzer III {Barry 3, LLC}",evidenceOfInsurance,Evidence of Insurance,workersCompensation,Workers' Compensation and Employer's Liability,evidenceOfInsuranceWorkersCompensationStatutoryLimits,Statutory Limits,,matchOnce,must be present,,,non_compliant,Block Requirements,,,false,0,,2026-08-16
"Block Real Estate Services, LLC",69fdf76e62446148bd8573e0,69fded1662446148bd848e44,HCA Realty,69fdf0473b208288e0a7d535,"kc2702 - Switzer III {Barry 3, LLC}",evidenceOfInsurance,Evidence of Insurance,workersCompensation,Workers' Compensation and Employer's Liability,evidenceOfInsuranceWorkersCompensationEmployersLiabilityEachAccident,Employer's Liability Each Accident,,matchOnce,must be greater or equal to,500000,,non_compliant,Block Requirements,,,false,0,,2026-08-16
"Block Real Estate Services, LLC",69fdf76e62446148bd8573e0,69fded1662446148bd848e44,HCA Realty,69fdf0473b208288e0a7d535,"kc2702 - Switzer III {Barry 3, LLC}",evidenceOfInsurance,Evidence of Insurance,workersCompensation,Workers' Compensation and Employer's Liability,evidenceOfInsuranceWorkersCompensationEmployersLiabilityDiseaseEachEmployee,Employer's Liability Disease - each employee,,matchOnce,must be greater or equal to,500000,,non_compliant,Block Requirements,,,false,0,,2026-08-16
"Block Real Estate Services, LLC",69fdf76e62446148bd8573e0,69fded1662446148bd848e44,HCA Realty,69fdf0473b208288e0a7d535,"kc2702 - Switzer III {Barry 3, LLC}",evidenceOfInsurance,Evidence of Insurance,workersCompensation,Workers' Compensation and Employer's Liability,evidenceOfInsuranceWorkersCompensationEmployersLiabilityDiseasePolicyLimit,Employer's Liability Disease - policy limit,,matchOnce,must be greater or equal to,500000,,non_compliant,Block Requirements,,,false,0,,2026-08-16
"Block Real Estate Services, LLC",69fdf76e62446148bd8573e0,69fded1662446148bd848e44,HCA Realty,69fdf0473b208288e0a7d535,"kc2702 - Switzer III {Barry 3, LLC}",evidenceOfInsurance,Evidence of Insurance,workersCompensation,Workers' Compensation and Employer's Liability,evidenceOfInsuranceWorkersCompensationWaiverOfSubrogationEndorsement,Waiver of Subrogation,"---prompt---
Determine if the insurer has waived their right of subrogation in favor of the certificate holder under the Workers' Compensation policy. Evidence may include: a checked ""Waiver of Subrogation"" box on the certificate, mention in the Description of Operations section stating ""waiver of subrogation applies"", or reference to form WC 00 03 13. Look for language like ""subrogation is waived"" or ""per written contract"".",matchOnce,must be present,,,non_compliant,Block Requirements,,,false,0,,2026-08-16
"Block Real Estate Services, LLC",69fdf76e62446148bd8573e0,69fded1662446148bd848e44,HCA Realty,69fdf0473b208288e0a7d535,"kc2702 - Switzer III {Barry 3, LLC}",evidenceOfInsurance,Evidence of Insurance,6ac20aae-5728-5d57-b364-aeba38527dba,Additional Requirements,4da5b0f1-4c9d-5885-8cf8-5d3cccaed3e0,"Block Real Estate Services, LLC and all others required by contract are named as Additional Insureds","---prompt---
Determine if the Description of Operations or the Additional Remarks Schedule section states the ""Additional Insured as Construction Management, Inc. and all others required by contract"" or reference to blanket additional insured coverage. Look for language like ""certificate holder is additional insured"" or ""per written contract"".",matchOnce,must be present,,,non_compliant,Block Requirements,,,true,0,,2026-08-16
"Block Real Estate Services, LLC",69fdf76e62446148bd8573e0,69fded1662446148bd848e44,HCA Realty,69fdf0473b208288e0a7d535,"kc2702 - Switzer III {Barry 3, LLC}",evidenceOfInsurance,Evidence of Insurance,6ac20aae-5728-5d57-b364-aeba38527dba,Additional Requirements,e1017741-e47e-5f58-97b8-fbc3043e919f,Umbrella follows form over General Liability,"---prompt---
Determine if the Umbrella/Excess Liability policy follows form to the underlying policies. Evidence may include: language in the Description of Operations section stating the umbrella follows form to underlying coverages or an additional page endorsement stating that it follows form. Follow form means the umbrella policy adopts the same terms, conditions, and exclusions as the underlying policies.",matchOnce,must be present,,,non_compliant,Block Requirements,,,true,0,,2026-08-16
"Block Real Estate Services, LLC",69fdf76e62446148bd8573e0,69fded1662446148bd848e44,HCA Realty,69fdf0473b208288e0a7d535,"kc2702 - Switzer III {Barry 3, LLC}",evidenceOfInsurance,Evidence of Insurance,6ac20aae-5728-5d57-b364-aeba38527dba,Additional Requirements,2cdd866f-c9a4-576a-afd8-1d045762790c,"The location must be listed as: 10405 W. 79th Street, Shawnee, KS, 66214",,matchOnce,must be present,,,non_compliant,Block Requirements,,,true,0,,2026-08-16
"Block Real Estate Services, LLC",69fdf76e62446148bd8573e0,69fded1662446148bd848e44,HCA Realty,69fdf0473b208288e0a7d535,"kc2702 - Switzer III {Barry 3, LLC}",evidenceOfInsurance,Evidence of Insurance,6ac20aae-5728-5d57-b364-aeba38527dba,Additional Requirements,3649e9d1-4e09-59bf-8f30-cb33c40cf117,"Certificate Holder must read: c/o Block Real Estate Services, LLC, 4622 Pennsylvania St., Suite 700, Kansas City, MO, 64112",,matchOnce,must be present,,,non_compliant,Block Requirements,,,true,0,,2026-08-16
"Block Real Estate Services, LLC",69fdf75c62446148bd855faf,69fded2462446148bd8492af,"Satellite Engineering / WESCO Distribution, Inc.",69fdefeafa0b60fcd50d7a68,"bkp363 - Nieman Business Park Building D {BK Properties,LLC}",evidenceOfInsurance,Evidence of Insurance,commercialGeneralLiability,Commercial General Liability,evidenceOfInsuranceCommercialGeneralLiabilityCoverageTriggerOccurrence,Coverage Trigger: Occurrence,,matchOnce,must be present,,Present,compliant,Block Requirements,,,false,1,,2026-08-16
"Block Real Estate Services, LLC",69fdf75c62446148bd855faf,69fded2462446148bd8492af,"Satellite Engineering / WESCO Distribution, Inc.",69fdefeafa0b60fcd50d7a68,"bkp363 - Nieman Business Park Building D {BK Properties,LLC}",evidenceOfInsurance,Evidence of Insurance,commercialGeneralLiability,Commercial General Liability,evidenceOfInsuranceCommercialGeneralLiabilityGeneralAggregateLimitAppliesPerLocation,General Aggregate Limit Applies per: Location,,matchOnce,must be present,,,waived,Block Requirements,Per location not a requirement in the lease,,false,0,,2026-08-16
"Block Real Estate Services, LLC",69fdf75c62446148bd855faf,69fded2462446148bd8492af,"Satellite Engineering / WESCO Distribution, Inc.",69fdefeafa0b60fcd50d7a68,"bkp363 - Nieman Business Park Building D {BK Properties,LLC}",evidenceOfInsurance,Evidence of Insurance,commercialGeneralLiability,Commercial General Liability,evidenceOfInsuranceCommercialGeneralLiabilityEachOccurrence,Each Occurrence,,matchOnce,must be greater or equal to,1000000,2000000,compliant,Block Requirements,,,false,1,,2026-08-16
"Block Real Estate Services, LLC",69fdf75c62446148bd855faf,69fded2462446148bd8492af,"Satellite Engineering / WESCO Distribution, Inc.",69fdefeafa0b60fcd50d7a68,"bkp363 - Nieman Business Park Building D {BK Properties,LLC}",evidenceOfInsurance,Evidence of Insurance,commercialGeneralLiability,Commercial General Liability,evidenceOfInsuranceCommercialGeneralLiabilityGeneralAggregate,General Aggregate,,matchOnce,must be greater or equal to,2000000,4000000,compliant,Block Requirements,,,false,1,,2026-08-16
"Block Real Estate Services, LLC",69fdf75c62446148bd855faf,69fded2462446148bd8492af,"Satellite Engineering / WESCO Distribution, Inc.",69fdefeafa0b60fcd50d7a68,"bkp363 - Nieman Business Park Building D {BK Properties,LLC}",evidenceOfInsurance,Evidence of Insurance,commercialGeneralLiability,Commercial General Liability,evidenceOfInsuranceCommercialGeneralLiabilityWaiverOfSubrogationEndorsement,Waiver of Subrogation,"---prompt---
Determine if the insurer has waived their right of subrogation in favor of the certificate holder under the Commercial General Liability policy. Evidence may include: a checked ""Waiver of Subrogation"" box on the certificate, mention in the Description of Operations section stating ""waiver of subrogation applies"", or reference to form CG 24 04. Look for language like ""subrogation is waived"" or ""per written contract"".",matchOnce,must be present,,Present,compliant,Block Requirements,,,false,1,,2026-08-16
"Block Real Estate Services, LLC",69fdf75c62446148bd855faf,69fded2462446148bd8492af,"Satellite Engineering / WESCO Distribution, Inc.",69fdefeafa0b60fcd50d7a68,"bkp363 - Nieman Business Park Building D {BK Properties,LLC}",evidenceOfInsurance,Evidence of Insurance,excessOrUmbrellaLiability,Umbrella/Excess Liability,evidenceOfInsuranceExcessOrUmbrellaLiabilityOccurence,Coverage Trigger: Occurrence,,matchOnce,must be present,,Present,waived,Block Requirements,,,false,1,,2026-08-16
"Block Real Estate Services, LLC",69fdf75c62446148bd855faf,69fded2462446148bd8492af,"Satellite Engineering / WESCO Distribution, Inc.",69fdefeafa0b60fcd50d7a68,"bkp363 - Nieman Business Park Building D {BK Properties,LLC}",evidenceOfInsurance,Evidence of Insurance,excessOrUmbrellaLiability,Umbrella/Excess Liability,evidenceOfInsuranceExcessOrUmbrellaLiabilityEachOccurrence,Each Occurrence,,matchOnce,must be greater or equal to,1000000,5000000,waived,Block Requirements,,,false,1,,2026-08-16
"Block Real Estate Services, LLC",69fdf75c62446148bd855faf,69fded2462446148bd8492af,"Satellite Engineering / WESCO Distribution, Inc.",69fdefeafa0b60fcd50d7a68,"bkp363 - Nieman Business Park Building D {BK Properties,LLC}",evidenceOfInsurance,Evidence of Insurance,excessOrUmbrellaLiability,Umbrella/Excess Liability,evidenceOfInsuranceExcessOrUmbrellaLiabilityAggregate,Aggregate,,matchOnce,must be greater or equal to,1000000,5000000,waived,Block Requirements,,,false,1,,2026-08-16
"Block Real Estate Services, LLC",69fdf75c62446148bd855faf,69fded2462446148bd8492af,"Satellite Engineering / WESCO Distribution, Inc.",69fdefeafa0b60fcd50d7a68,"bkp363 - Nieman Business Park Building D {BK Properties,LLC}",evidenceOfInsurance,Evidence of Insurance,workersCompensation,Workers' Compensation and Employer's Liability,evidenceOfInsuranceWorkersCompensationStatutoryLimits,Statutory Limits,,matchOnce,must be present,,Present,compliant,Block Requirements,,,false,1,,2026-08-16
"Block Real Estate Services, LLC",69fdf75c62446148bd855faf,69fded2462446148bd8492af,"Satellite Engineering / WESCO Distribution, Inc.",69fdefeafa0b60fcd50d7a68,"bkp363 - Nieman Business Park Building D {BK Properties,LLC}",evidenceOfInsurance,Evidence of Insurance,workersCompensation,Workers' Compensation and Employer's Liability,evidenceOfInsuranceWorkersCompensationEmployersLiabilityEachAccident,Employer's Liability Each Accident,,matchOnce,must be greater or equal to,500000,1000000,compliant,Block Requirements,,,false,1,,2026-08-16
"Block Real Estate Services, LLC",69fdf75c62446148bd855faf,69fded2462446148bd8492af,"Satellite Engineering / WESCO Distribution, Inc.",69fdefeafa0b60fcd50d7a68,"bkp363 - Nieman Business Park Building D {BK Properties,LLC}",evidenceOfInsurance,Evidence of Insurance,workersCompensation,Workers' Compensation and Employer's Liability,evidenceOfInsuranceWorkersCompensationEmployersLiabilityDiseaseEachEmployee,Employer's Liability Disease - each employee,,matchOnce,must be greater or equal to,500000,1000000,compliant,Block Requirements,,,false,1,,2026-08-16
"Block Real Estate Services, LLC",69fdf75c62446148bd855faf,69fded2462446148bd8492af,"Satellite Engineering / WESCO Distribution, Inc.",69fdefeafa0b60fcd50d7a68,"bkp363 - Nieman Business Park Building D {BK Properties,LLC}",evidenceOfInsurance,Evidence of Insurance,workersCompensation,Workers' Compensation and Employer's Liability,evidenceOfInsuranceWorkersCompensationEmployersLiabilityDiseasePolicyLimit,Employer's Liability Disease - policy limit,,matchOnce,must be greater or equal to,500000,1000000,compliant,Block Requirements,,,false,1,,2026-08-16
"Block Real Estate Services, LLC",69fdf75c62446148bd855faf,69fded2462446148bd8492af,"Satellite Engineering / WESCO Distribution, Inc.",69fdefeafa0b60fcd50d7a68,"bkp363 - Nieman Business Park Building D {BK Properties,LLC}",evidenceOfInsurance,Evidence of Insurance,workersCompensation,Workers' Compensation and Employer's Liability,evidenceOfInsuranceWorkersCompensationWaiverOfSubrogationEndorsement,Waiver of Subrogation,"---prompt---
Determine if the insurer has waived their right of subrogation in favor of the certificate holder under the Workers' Compensation policy. Evidence may include: a checked ""Waiver of Subrogation"" box on the certificate, mention in the Description of Operations section stating ""waiver of subrogation applies"", or reference to form WC 00 03 13. Look for language like ""subrogation is waived"" or ""per written contract"".",matchOnce,must be present,,Present,compliant,Block Requirements,,,false,1,,2026-08-16
"Block Real Estate Services, LLC",69fdf75c62446148bd855faf,69fded2462446148bd8492af,"Satellite Engineering / WESCO Distribution, Inc.",69fdefeafa0b60fcd50d7a68,"bkp363 - Nieman Business Park Building D {BK Properties,LLC}",evidenceOfInsurance,Evidence of Insurance,6ac20aae-5728-5d57-b364-aeba38527dba,Additional Requirements,4da5b0f1-4c9d-5885-8cf8-5d3cccaed3e0,"Block Real Estate Services, LLC and all others required by contract are named as Additional Insureds","---prompt---
Determine if the Description of Operations or the Additional Remarks Schedule section states the ""Additional Insured as Construction Management, Inc. and all others required by contract"" or reference to blanket additional insured coverage. Look for language like ""certificate holder is additional insured"" or ""per written contract"".",matchOnce,must be present,,Present,compliant,Block Requirements,,,true,1,,2026-08-16
"Block Real Estate Services, LLC",69fdf75c62446148bd855faf,69fded2462446148bd8492af,"Satellite Engineering / WESCO Distribution, Inc.",69fdefeafa0b60fcd50d7a68,"bkp363 - Nieman Business Park Building D {BK Properties,LLC}",evidenceOfInsurance,Evidence of Insurance,6ac20aae-5728-5d57-b364-aeba38527dba,Additional Requirements,e1017741-e47e-5f58-97b8-fbc3043e919f,Umbrella follows form over General Liability,"---prompt---
Determine if the Umbrella/Excess Liability policy follows form to the underlying policies. Evidence may include: language in the Description of Operations section stating the umbrella follows form to underlying coverages or an additional page endorsement stating that it follows form. Follow form means the umbrella policy adopts the same terms, conditions, and exclusions as the underlying policies.",matchOnce,must be present,,Present,waived,Block Requirements,Umbrella not a requirement in the lease,,true,1,,2026-08-16
"Block Real Estate Services, LLC",69fdf75c62446148bd855faf,69fded2462446148bd8492af,"Satellite Engineering / WESCO Distribution, Inc.",69fdefeafa0b60fcd50d7a68,"bkp363 - Nieman Business Park Building D {BK Properties,LLC}",evidenceOfInsurance,Evidence of Insurance,6ac20aae-5728-5d57-b364-aeba38527dba,Additional Requirements,2cdd866f-c9a4-576a-afd8-1d045762790c,"The location must be listed as: 10814 W. 78th Street, Shawnee, KS, 66214",,matchOnce,must be present,,,non_compliant,Block Requirements,,,true,0,,2026-08-16
"Block Real Estate Services, LLC",69fdf75c62446148bd855faf,69fded2462446148bd8492af,"Satellite Engineering / WESCO Distribution, Inc.",69fdefeafa0b60fcd50d7a68,"bkp363 - Nieman Business Park Building D {BK Properties,LLC}",evidenceOfInsurance,Evidence of Insurance,6ac20aae-5728-5d57-b364-aeba38527dba,Additional Requirements,3649e9d1-4e09-59bf-8f30-cb33c40cf117,"Certificate Holder must read: c/o Block Real Estate Services, LLC, 4622 Pennsylvania St., Suite 700, Kansas City, MO, 64112",,matchOnce,must be present,,Present,compliant,Block Requirements,,,true,1,,2026-08-16
"Block Real Estate Services, LLC",69fdf75c62446148bd855fae,69fded1a62446148bd848f6d,Mattress Firm Inc,69fdefeafa0b60fcd50d7a68,"bkp363 - Nieman Business Park Building D {BK Properties,LLC}",evidenceOfInsurance,Evidence of Insurance,commercialGeneralLiability,Commercial General Liability,evidenceOfInsuranceCommercialGeneralLiabilityCoverageTriggerOccurrence,Coverage Trigger: Occurrence,,matchOnce,must be present,,Present,compliant,Block Requirements,,,false,1,,2026-08-16
"Block Real Estate Services, LLC",69fdf75c62446148bd855fae,69fded1a62446148bd848f6d,Mattress Firm Inc,69fdefeafa0b60fcd50d7a68,"bkp363 - Nieman Business Park Building D {BK Properties,LLC}",evidenceOfInsurance,Evidence of Insurance,commercialGeneralLiability,Commercial General Liability,evidenceOfInsuranceCommercialGeneralLiabilityGeneralAggregateLimitAppliesPerLocation,General Aggregate Limit Applies per: Location,,matchOnce,must be present,,Present,compliant,Block Requirements,,,false,1,,2026-08-16
"Block Real Estate Services, LLC",69fdf75c62446148bd855fae,69fded1a62446148bd848f6d,Mattress Firm Inc,69fdefeafa0b60fcd50d7a68,"bkp363 - Nieman Business Park Building D {BK Properties,LLC}",evidenceOfInsurance,Evidence of Insurance,commercialGeneralLiability,Commercial General Liability,evidenceOfInsuranceCommercialGeneralLiabilityEachOccurrence,Each Occurrence,,matchOnce,must be greater or equal to,1000000,2000000,compliant,Block Requirements,,,false,1,,2026-08-16
"Block Real Estate Services, LLC",69fdf75c62446148bd855fae,69fded1a62446148bd848f6d,Mattress Firm Inc,69fdefeafa0b60fcd50d7a68,"bkp363 - Nieman Business Park Building D {BK Properties,LLC}",evidenceOfInsurance,Evidence of Insurance,commercialGeneralLiability,Commercial General Liability,evidenceOfInsuranceCommercialGeneralLiabilityGeneralAggregate,General Aggregate,,matchOnce,must be greater or equal to,2000000,4000000,compliant,Block Requirements,,,false,1,,2026-08-16
"Block Real Estate Services, LLC",69fdf75c62446148bd855fae,69fded1a62446148bd848f6d,Mattress Firm Inc,69fdefeafa0b60fcd50d7a68,"bkp363 - Nieman Business Park Building D {BK Properties,LLC}",evidenceOfInsurance,Evidence of Insurance,commercialGeneralLiability,Commercial General Liability,evidenceOfInsuranceCommercialGeneralLiabilityWaiverOfSubrogationEndorsement,Waiver of Subrogation,"---prompt---
Determine if the insurer has waived their right of subrogation in favor of the certificate holder under the Commercial General Liability policy. Evidence may include: a checked ""Waiver of Subrogation"" box on the certificate, mention in the Description of Operations section stating ""waiver of subrogation applies"", or reference to form CG 24 04. Look for language like ""subrogation is waived"" or ""per written contract"".",matchOnce,must be present,,Present,compliant,Block Requirements,,,false,1,,2026-08-16
"Block Real Estate Services, LLC",69fdf75c62446148bd855fae,69fded1a62446148bd848f6d,Mattress Firm Inc,69fdefeafa0b60fcd50d7a68,"bkp363 - Nieman Business Park Building D {BK Properties,LLC}",evidenceOfInsurance,Evidence of Insurance,excessOrUmbrellaLiability,Umbrella/Excess Liability,evidenceOfInsuranceExcessOrUmbrellaLiabilityOccurence,Coverage Trigger: Occurrence,,matchOnce,must be present,,Present,compliant,Block Requirements,,,false,1,,2026-08-16
"Block Real Estate Services, LLC",69fdf75c62446148bd855fae,69fded1a62446148bd848f6d,Mattress Firm Inc,69fdefeafa0b60fcd50d7a68,"bkp363 - Nieman Business Park Building D {BK Properties,LLC}",evidenceOfInsurance,Evidence of Insurance,excessOrUmbrellaLiability,Umbrella/Excess Liability,evidenceOfInsuranceExcessOrUmbrellaLiabilityEachOccurrence,Each Occurrence,,matchOnce,must be greater or equal to,1000000,15000000,compliant,Block Requirements,,,false,1,,2026-08-16
"Block Real Estate Services, LLC",69fdf75c62446148bd855fae,69fded1a62446148bd848f6d,Mattress Firm Inc,69fdefeafa0b60fcd50d7a68,"bkp363 - Nieman Business Park Building D {BK Properties,LLC}",evidenceOfInsurance,Evidence of Insurance,excessOrUmbrellaLiability,Umbrella/Excess Liability,evidenceOfInsuranceExcessOrUmbrellaLiabilityAggregate,Aggregate,,matchOnce,must be greater or equal to,1000000,15000000,compliant,Block Requirements,,,false,1,,2026-08-16
"Block Real Estate Services, LLC",69fdf75c62446148bd855fae,69fded1a62446148bd848f6d,Mattress Firm Inc,69fdefeafa0b60fcd50d7a68,"bkp363 - Nieman Business Park Building D {BK Properties,LLC}",evidenceOfInsurance,Evidence of Insurance,workersCompensation,Workers' Compensation and Employer's Liability,evidenceOfInsuranceWorkersCompensationStatutoryLimits,Statutory Limits,,matchOnce,must be present,,Present,compliant,Block Requirements,,,false,1,,2026-08-16
"Block Real Estate Services, LLC",69fdf75c62446148bd855fae,69fded1a62446148bd848f6d,Mattress Firm Inc,69fdefeafa0b60fcd50d7a68,"bkp363 - Nieman Business Park Building D {BK Properties,LLC}",evidenceOfInsurance,Evidence of Insurance,workersCompensation,Workers' Compensation and Employer's Liability,evidenceOfInsuranceWorkersCompensationEmployersLiabilityEachAccident,Employer's Liability Each Accident,,matchOnce,must be greater or equal to,500000,1000000,compliant,Block Requirements,,,false,1,,2026-08-16
"Block Real Estate Services, LLC",69fdf75c62446148bd855fae,69fded1a62446148bd848f6d,Mattress Firm Inc,69fdefeafa0b60fcd50d7a68,"bkp363 - Nieman Business Park Building D {BK Properties,LLC}",evidenceOfInsurance,Evidence of Insurance,workersCompensation,Workers' Compensation and Employer's Liability,evidenceOfInsuranceWorkersCompensationEmployersLiabilityDiseaseEachEmployee,Employer's Liability Disease - each employee,,matchOnce,must be greater or equal to,500000,1000000,compliant,Block Requirements,,,false,1,,2026-08-16
"Block Real Estate Services, LLC",69fdf75c62446148bd855fae,69fded1a62446148bd848f6d,Mattress Firm Inc,69fdefeafa0b60fcd50d7a68,"bkp363 - Nieman Business Park Building D {BK Properties,LLC}",evidenceOfInsurance,Evidence of Insurance,workersCompensation,Workers' Compensation and Employer's Liability,evidenceOfInsuranceWorkersCompensationEmployersLiabilityDiseasePolicyLimit,Employer's Liability Disease - policy limit,,matchOnce,must be greater or equal to,500000,1000000,compliant,Block Requirements,,,false,1,,2026-08-16
"Block Real Estate Services, LLC",69fdf75c62446148bd855fae,69fded1a62446148bd848f6d,Mattress Firm Inc,69fdefeafa0b60fcd50d7a68,"bkp363 - Nieman Business Park Building D {BK Properties,LLC}",evidenceOfInsurance,Evidence of Insurance,workersCompensation,Workers' Compensation and Employer's Liability,evidenceOfInsuranceWorkersCompensationWaiverOfSubrogationEndorsement,Waiver of Subrogation,"---prompt---
Determine if the insurer has waived their right of subrogation in favor of the certificate holder under the Workers' Compensation policy. Evidence may include: a checked ""Waiver of Subrogation"" box on the certificate, mention in the Description of Operations section stating ""waiver of subrogation applies"", or reference to form WC 00 03 13. Look for language like ""subrogation is waived"" or ""per written contract"".",matchOnce,must be present,,Present,compliant,Block Requirements,,,false,1,,2026-08-16
"Block Real Estate Services, LLC",69fdf75c62446148bd855fae,69fded1a62446148bd848f6d,Mattress Firm Inc,69fdefeafa0b60fcd50d7a68,"bkp363 - Nieman Business Park Building D {BK Properties,LLC}",evidenceOfInsurance,Evidence of Insurance,6ac20aae-5728-5d57-b364-aeba38527dba,Additional Requirements,4da5b0f1-4c9d-5885-8cf8-5d3cccaed3e0,"Block Real Estate Services, LLC and all others required by contract are named as Additional Insureds","---prompt---
Determine if the Description of Operations or the Additional Remarks Schedule section states the ""Additional Insured as Construction Management, Inc. and all others required by contract"" or reference to blanket additional insured coverage. Look for language like ""certificate holder is additional insured"" or ""per written contract"".",matchOnce,must be present,,Present,compliant,Block Requirements,,,true,1,,2026-08-16
"Block Real Estate Services, LLC",69fdf75c62446148bd855fae,69fded1a62446148bd848f6d,Mattress Firm Inc,69fdefeafa0b60fcd50d7a68,"bkp363 - Nieman Business Park Building D {BK Properties,LLC}",evidenceOfInsurance,Evidence of Insurance,6ac20aae-5728-5d57-b364-aeba38527dba,Additional Requirements,e1017741-e47e-5f58-97b8-fbc3043e919f,Umbrella follows form over General Liability,"---prompt---
Determine if the Umbrella/Excess Liability policy follows form to the underlying policies. Evidence may include: language in the Description of Operations section stating the umbrella follows form to underlying coverages or an additional page endorsement stating that it follows form. Follow form means the umbrella policy adopts the same terms, conditions, and exclusions as the underlying policies.",matchOnce,must be present,,,overridden,Block Requirements,GL $2M/$4M meets Umbrella requirement,,true,0,2027-07-01,2026-08-16
"Block Real Estate Services, LLC",69fdf75c62446148bd855fae,69fded1a62446148bd848f6d,Mattress Firm Inc,69fdefeafa0b60fcd50d7a68,"bkp363 - Nieman Business Park Building D {BK Properties,LLC}",evidenceOfInsurance,Evidence of Insurance,6ac20aae-5728-5d57-b364-aeba38527dba,Additional Requirements,2cdd866f-c9a4-576a-afd8-1d045762790c,"The location must be listed as: 10716 W. 78th Street, Shawnee, KS, 66214",,matchOnce,must be present,,Present,compliant,Block Requirements,,,true,1,,2026-08-16
"Block Real Estate Services, LLC",69fdf75c62446148bd855fae,69fded1a62446148bd848f6d,Mattress Firm Inc,69fdefeafa0b60fcd50d7a68,"bkp363 - Nieman Business Park Building D {BK Properties,LLC}",evidenceOfInsurance,Evidence of Insurance,6ac20aae-5728-5d57-b364-aeba38527dba,Additional Requirements,3649e9d1-4e09-59bf-8f30-cb33c40cf117,"Certificate Holder must read: c/o Block Real Estate Services, LLC, 4622 Pennsylvania St., Suite 700, Kansas City, MO, 64112",,matchOnce,must be present,,Present,compliant,Block Requirements,,,true,1,,2026-08-16
"Block Real Estate Services, LLC",69fdf75c62446148bd855fb0,69fded2562446148bd8492d9,ZSF USA LLC,69fdefeafa0b60fcd50d7a68,"bkp363 - Nieman Business Park Building D {BK Properties,LLC}",evidenceOfInsurance,Evidence of Insurance,commercialGeneralLiability,Commercial General Liability,evidenceOfInsuranceCommercialGeneralLiabilityCoverageTriggerOccurrence,Coverage Trigger: Occurrence,,matchOnce,must be present,,,non_compliant,Block Requirements,,,false,0,,2026-08-16
"Block Real Estate Services, LLC",69fdf75c62446148bd855fb0,69fded2562446148bd8492d9,ZSF USA LLC,69fdefeafa0b60fcd50d7a68,"bkp363 - Nieman Business Park Building D {BK Properties,LLC}",evidenceOfInsurance,Evidence of Insurance,commercialGeneralLiability,Commercial General Liability,evidenceOfInsuranceCommercialGeneralLiabilityGeneralAggregateLimitAppliesPerLocation,General Aggregate Limit Applies per: Location,,matchOnce,must be present,,,non_compliant,Block Requirements,,,false,0,,2026-08-16
"Block Real Estate Services, LLC",69fdf75c62446148bd855fb0,69fded2562446148bd8492d9,ZSF USA LLC,69fdefeafa0b60fcd50d7a68,"bkp363 - Nieman Business Park Building D {BK Properties,LLC}",evidenceOfInsurance,Evidence of Insurance,commercialGeneralLiability,Commercial General Liability,evidenceOfInsuranceCommercialGeneralLiabilityEachOccurrence,Each Occurrence,,matchOnce,must be greater or equal to,1000000,,non_compliant,Block Requirements,,,false,0,,2026-08-16
"Block Real Estate Services, LLC",69fdf75c62446148bd855fb0,69fded2562446148bd8492d9,ZSF USA LLC,69fdefeafa0b60fcd50d7a68,"bkp363 - Nieman Business Park Building D {BK Properties,LLC}",evidenceOfInsurance,Evidence of Insurance,commercialGeneralLiability,Commercial General Liability,evidenceOfInsuranceCommercialGeneralLiabilityGeneralAggregate,General Aggregate,,matchOnce,must be greater or equal to,2000000,,non_compliant,Block Requirements,,,false,0,,2026-08-16
"Block Real Estate Services, LLC",69fdf75c62446148bd855fb0,69fded2562446148bd8492d9,ZSF USA LLC,69fdefeafa0b60fcd50d7a68,"bkp363 - Nieman Business Park Building D {BK Properties,LLC}",evidenceOfInsurance,Evidence of Insurance,commercialGeneralLiability,Commercial General Liability,evidenceOfInsuranceCommercialGeneralLiabilityWaiverOfSubrogationEndorsement,Waiver of Subrogation,"---prompt---
Determine if the insurer has waived their right of subrogation in favor of the certificate holder under the Commercial General Liability policy. Evidence may include: a checked ""Waiver of Subrogation"" box on the certificate, mention in the Description of Operations section stating ""waiver of subrogation applies"", or reference to form CG 24 04. Look for language like ""subrogation is waived"" or ""per written contract"".",matchOnce,must be present,,,non_compliant,Block Requirements,,,false,0,,2026-08-16
"Block Real Estate Services, LLC",69fdf75c62446148bd855fb0,69fded2562446148bd8492d9,ZSF USA LLC,69fdefeafa0b60fcd50d7a68,"bkp363 - Nieman Business Park Building D {BK Properties,LLC}",evidenceOfInsurance,Evidence of Insurance,excessOrUmbrellaLiability,Umbrella/Excess Liability,evidenceOfInsuranceExcessOrUmbrellaLiabilityOccurence,Coverage Trigger: Occurrence,,matchOnce,must be present,,,non_compliant,Block Requirements,,,false,0,,2026-08-16
"Block Real Estate Services, LLC",69fdf75c62446148bd855fb0,69fded2562446148bd8492d9,ZSF USA LLC,69fdefeafa0b60fcd50d7a68,"bkp363 - Nieman Business Park Building D {BK Properties,LLC}",evidenceOfInsurance,Evidence of Insurance,excessOrUmbrellaLiability,Umbrella/Excess Liability,evidenceOfInsuranceExcessOrUmbrellaLiabilityEachOccurrence,Each Occurrence,,matchOnce,must be greater or equal to,1000000,,non_compliant,Block Requirements,,,false,0,,2026-08-16
"Block Real Estate Services, LLC",69fdf75c62446148bd855fb0,69fded2562446148bd8492d9,ZSF USA LLC,69fdefeafa0b60fcd50d7a68,"bkp363 - Nieman Business Park Building D {BK Properties,LLC}",evidenceOfInsurance,Evidence of Insurance,excessOrUmbrellaLiability,Umbrella/Excess Liability,evidenceOfInsuranceExcessOrUmbrellaLiabilityAggregate,Aggregate,,matchOnce,must be greater or equal to,1000000,,non_compliant,Block Requirements,,,false,0,,2026-08-16
"Block Real Estate Services, LLC",69fdf75c62446148bd855fb0,69fded2562446148bd8492d9,ZSF USA LLC,69fdefeafa0b60fcd50d7a68,"bkp363 - Nieman Business Park Building D {BK Properties,LLC}",evidenceOfInsurance,Evidence of Insurance,workersCompensation,Workers' Compensation and Employer's Liability,evidenceOfInsuranceWorkersCompensationStatutoryLimits,Statutory Limits,,matchOnce,must be present,,,non_compliant,Block Requirements,,,false,0,,2026-08-16
"Block Real Estate Services, LLC",69fdf75c62446148bd855fb0,69fded2562446148bd8492d9,ZSF USA LLC,69fdefeafa0b60fcd50d7a68,"bkp363 - Nieman Business Park Building D {BK Properties,LLC}",evidenceOfInsurance,Evidence of Insurance,workersCompensation,Workers' Compensation and Employer's Liability,evidenceOfInsuranceWorkersCompensationEmployersLiabilityEachAccident,Employer's Liability Each Accident,,matchOnce,must be greater or equal to,500000,,non_compliant,Block Requirements,,,false,0,,2026-08-16
"Block Real Estate Services, LLC",69fdf75c62446148bd855fb0,69fded2562446148bd8492d9,ZSF USA LLC,69fdefeafa0b60fcd50d7a68,"bkp363 - Nieman Business Park Building D {BK Properties,LLC}",evidenceOfInsurance,Evidence of Insurance,workersCompensation,Workers' Compensation and Employer's Liability,evidenceOfInsuranceWorkersCompensationEmployersLiabilityDiseaseEachEmployee,Employer's Liability Disease - each employee,,matchOnce,must be greater or equal to,500000,,non_compliant,Block Requirements,,,false,0,,2026-08-16
"Block Real Estate Services, LLC",69fdf75c62446148bd855fb0,69fded2562446148bd8492d9,ZSF USA LLC,69fdefeafa0b60fcd50d7a68,"bkp363 - Nieman Business Park Building D {BK Properties,LLC}",evidenceOfInsurance,Evidence of Insurance,workersCompensation,Workers' Compensation and Employer's Liability,evidenceOfInsuranceWorkersCompensationEmployersLiabilityDiseasePolicyLimit,Employer's Liability Disease - policy limit,,matchOnce,must be greater or equal to,500000,,non_compliant,Block Requirements,,,false,0,,2026-08-16
"Block Real Estate Services, LLC",69fdf75c62446148bd855fb0,69fded2562446148bd8492d9,ZSF USA LLC,69fdefeafa0b60fcd50d7a68,"bkp363 - Nieman Business Park Building D {BK Properties,LLC}",evidenceOfInsurance,Evidence of Insurance,workersCompensation,Workers' Compensation and Employer's Liability,evidenceOfInsuranceWorkersCompensationWaiverOfSubrogationEndorsement,Waiver of Subrogation,"---prompt---
Determine if the insurer has waived their right of subrogation in favor of the certificate holder under the Workers' Compensation policy. Evidence may include: a checked ""Waiver of Subrogation"" box on the certificate, mention in the Description of Operations section stating ""waiver of subrogation applies"", or reference to form WC 00 03 13. Look for language like ""subrogation is waived"" or ""per written contract"".",matchOnce,must be present,,,non_compliant,Block Requirements,,,false,0,,2026-08-16
"Block Real Estate Services, LLC",69fdf75c62446148bd855fb0,69fded2562446148bd8492d9,ZSF USA LLC,69fdefeafa0b60fcd50d7a68,"bkp363 - Nieman Business Park Building D {BK Properties,LLC}",evidenceOfInsurance,Evidence of Insurance,6ac20aae-5728-5d57-b364-aeba38527dba,Additional Requirements,4da5b0f1-4c9d-5885-8cf8-5d3cccaed3e0,"Block Real Estate Services, LLC and all others required by contract are named as Additional Insureds","---prompt---
Determine if the Description of Operations or the Additional Remarks Schedule section states the ""Additional Insured as Construction Management, Inc. and all others required by contract"" or reference to blanket additional insured coverage. Look for language like ""certificate holder is additional insured"" or ""per written contract"".",matchOnce,must be present,,,non_compliant,Block Requirements,,,true,0,,2026-08-16
"Block Real Estate Services, LLC",69fdf75c62446148bd855fb0,69fded2562446148bd8492d9,ZSF USA LLC,69fdefeafa0b60fcd50d7a68,"bkp363 - Nieman Business Park Building D {BK Properties,LLC}",evidenceOfInsurance,Evidence of Insurance,6ac20aae-5728-5d57-b364-aeba38527dba,Additional Requirements,e1017741-e47e-5f58-97b8-fbc3043e919f,Umbrella follows form over General Liability,"---prompt---
Determine if the Umbrella/Excess Liability policy follows form to the underlying policies. Evidence may include: language in the Description of Operations section stating the umbrella follows form to underlying coverages or an additional page endorsement stating that it follows form. Follow form means the umbrella policy adopts the same terms, conditions, and exclusions as the underlying policies.",matchOnce,must be present,,,non_compliant,Block Requirements,,,true,0,,2026-08-16
"Block Real Estate Services, LLC",69fdf75c62446148bd855fb0,69fded2562446148bd8492d9,ZSF USA LLC,69fdefeafa0b60fcd50d7a68,"bkp363 - Nieman Business Park Building D {BK Properties,LLC}",evidenceOfInsurance,Evidence of Insurance,6ac20aae-5728-5d57-b364-aeba38527dba,Additional Requirements,2cdd866f-c9a4-576a-afd8-1d045762790c,"The location must be listed as: 10810 W. 78th Street, Shawnee, KS, 66214",,matchOnce,must be present,,,non_compliant,Block Requirements,,,true,0,,2026-08-16
"Block Real Estate Services, LLC",69fdf75c62446148bd855fb0,69fded2562446148bd8492d9,ZSF USA LLC,69fdefeafa0b60fcd50d7a68,"bkp363 - Nieman Business Park Building D {BK Properties,LLC}",evidenceOfInsurance,Evidence of Insurance,6ac20aae-5728-5d57-b364-aeba38527dba,Additional Requirements,3649e9d1-4e09-59bf-8f30-cb33c40cf117,"Certificate Holder must read: c/o Block Real Estate Services, LLC, 4622 Pennsylvania St., Suite 700, Kansas City, MO, 64112",,matchOnce,must be present,,,non_compliant,Block Requirements,,,true,0,,2026-08-16
"Block Real Estate Services, LLC",6a184fd8a1ec98c09c961944,6a184fbc8bbe0a0890eb6a1d,"Home Depot U.S.A., Inc. (fka Interline Brands, Inc.)",69fdefeafa0b60fcd50d7a68,"bkp363 - Nieman Business Park Building D {BK Properties,LLC}",evidenceOfInsurance,Evidence of Insurance,commercialGeneralLiability,Commercial General Liability,evidenceOfInsuranceCommercialGeneralLiabilityCoverageTriggerOccurrence,Coverage Trigger: Occurrence,,matchOnce,must be present,,Present,compliant,Block Requirements,,,false,1,,2026-08-16
"Block Real Estate Services, LLC",6a184fd8a1ec98c09c961944,6a184fbc8bbe0a0890eb6a1d,"Home Depot U.S.A., Inc. (fka Interline Brands, Inc.)",69fdefeafa0b60fcd50d7a68,"bkp363 - Nieman Business Park Building D {BK Properties,LLC}",evidenceOfInsurance,Evidence of Insurance,commercialGeneralLiability,Commercial General Liability,evidenceOfInsuranceCommercialGeneralLiabilityGeneralAggregateLimitAppliesPerLocation,General Aggregate Limit Applies per: Location,,matchOnce,must be present,,,non_compliant,Block Requirements,,,false,0,,2026-08-16
"Block Real Estate Services, LLC",6a184fd8a1ec98c09c961944,6a184fbc8bbe0a0890eb6a1d,"Home Depot U.S.A., Inc. (fka Interline Brands, Inc.)",69fdefeafa0b60fcd50d7a68,"bkp363 - Nieman Business Park Building D {BK Properties,LLC}",evidenceOfInsurance,Evidence of Insurance,commercialGeneralLiability,Commercial General Liability,evidenceOfInsuranceCommercialGeneralLiabilityEachOccurrence,Each Occurrence,,matchOnce,must be greater or equal to,1000000,1000000,compliant,Block Requirements,,,false,1,,2026-08-16
"Block Real Estate Services, LLC",6a184fd8a1ec98c09c961944,6a184fbc8bbe0a0890eb6a1d,"Home Depot U.S.A., Inc. (fka Interline Brands, Inc.)",69fdefeafa0b60fcd50d7a68,"bkp363 - Nieman Business Park Building D {BK Properties,LLC}",evidenceOfInsurance,Evidence of Insurance,commercialGeneralLiability,Commercial General Liability,evidenceOfInsuranceCommercialGeneralLiabilityGeneralAggregate,General Aggregate,,matchOnce,must be greater or equal to,2000000,2000000,compliant,Block Requirements,,,false,1,,2026-08-16
"Block Real Estate Services, LLC",6a184fd8a1ec98c09c961944,6a184fbc8bbe0a0890eb6a1d,"Home Depot U.S.A., Inc. (fka Interline Brands, Inc.)",69fdefeafa0b60fcd50d7a68,"bkp363 - Nieman Business Park Building D {BK Properties,LLC}",evidenceOfInsurance,Evidence of Insurance,commercialGeneralLiability,Commercial General Liability,evidenceOfInsuranceCommercialGeneralLiabilityWaiverOfSubrogationEndorsement,Waiver of Subrogation,"---prompt---
Determine if the insurer has waived their right of subrogation in favor of the certificate holder under the Commercial General Liability policy. Evidence may include: a checked ""Waiver of Subrogation"" box on the certificate, mention in the Description of Operations section stating ""waiver of subrogation applies"", or reference to form CG 24 04. Look for language like ""subrogation is waived"" or ""per written contract"".",matchOnce,must be present,,,non_compliant,Block Requirements,,,false,0,,2026-08-16
"Block Real Estate Services, LLC",6a184fd8a1ec98c09c961944,6a184fbc8bbe0a0890eb6a1d,"Home Depot U.S.A., Inc. (fka Interline Brands, Inc.)",69fdefeafa0b60fcd50d7a68,"bkp363 - Nieman Business Park Building D {BK Properties,LLC}",evidenceOfInsurance,Evidence of Insurance,excessOrUmbrellaLiability,Umbrella/Excess Liability,evidenceOfInsuranceExcessOrUmbrellaLiabilityOccurence,Coverage Trigger: Occurrence,,matchOnce,must be present,,Present,compliant,Block Requirements,,,false,1,,2026-08-16
"Block Real Estate Services, LLC",6a184fd8a1ec98c09c961944,6a184fbc8bbe0a0890eb6a1d,"Home Depot U.S.A., Inc. (fka Interline Brands, Inc.)",69fdefeafa0b60fcd50d7a68,"bkp363 - Nieman Business Park Building D {BK Properties,LLC}",evidenceOfInsurance,Evidence of Insurance,excessOrUmbrellaLiability,Umbrella/Excess Liability,evidenceOfInsuranceExcessOrUmbrellaLiabilityEachOccurrence,Each Occurrence,,matchOnce,must be greater or equal to,1000000,10000000,compliant,Block Requirements,,,false,1,,2026-08-16
"Block Real Estate Services, LLC",6a184fd8a1ec98c09c961944,6a184fbc8bbe0a0890eb6a1d,"Home Depot U.S.A., Inc. (fka Interline Brands, Inc.)",69fdefeafa0b60fcd50d7a68,"bkp363 - Nieman Business Park Building D {BK Properties,LLC}",evidenceOfInsurance,Evidence of Insurance,excessOrUmbrellaLiability,Umbrella/Excess Liability,evidenceOfInsuranceExcessOrUmbrellaLiabilityAggregate,Aggregate,,matchOnce,must be greater or equal to,1000000,10000000,compliant,Block Requirements,,,false,1,,2026-08-16
"Block Real Estate Services, LLC",6a184fd8a1ec98c09c961944,6a184fbc8bbe0a0890eb6a1d,"Home Depot U.S.A., Inc. (fka Interline Brands, Inc.)",69fdefeafa0b60fcd50d7a68,"bkp363 - Nieman Business Park Building D {BK Properties,LLC}",evidenceOfInsurance,Evidence of Insurance,workersCompensation,Workers' Compensation and Employer's Liability,evidenceOfInsuranceWorkersCompensationStatutoryLimits,Statutory Limits,,matchOnce,must be present,,Present,compliant,Block Requirements,,,false,1,,2026-08-16
"Block Real Estate Services, LLC",6a184fd8a1ec98c09c961944,6a184fbc8bbe0a0890eb6a1d,"Home Depot U.S.A., Inc. (fka Interline Brands, Inc.)",69fdefeafa0b60fcd50d7a68,"bkp363 - Nieman Business Park Building D {BK Properties,LLC}",evidenceOfInsurance,Evidence of Insurance,workersCompensation,Workers' Compensation and Employer's Liability,evidenceOfInsuranceWorkersCompensationEmployersLiabilityEachAccident,Employer's Liability Each Accident,,matchOnce,must be greater or equal to,500000,5000000,compliant,Block Requirements,,,false,1,,2026-08-16
"Block Real Estate Services, LLC",6a184fd8a1ec98c09c961944,6a184fbc8bbe0a0890eb6a1d,"Home Depot U.S.A., Inc. (fka Interline Brands, Inc.)",69fdefeafa0b60fcd50d7a68,"bkp363 - Nieman Business Park Building D {BK Properties,LLC}",evidenceOfInsurance,Evidence of Insurance,workersCompensation,Workers' Compensation and Employer's Liability,evidenceOfInsuranceWorkersCompensationEmployersLiabilityDiseaseEachEmployee,Employer's Liability Disease - each employee,,matchOnce,must be greater or equal to,500000,5000000,compliant,Block Requirements,,,false,1,,2026-08-16
"Block Real Estate Services, LLC",6a184fd8a1ec98c09c961944,6a184fbc8bbe0a0890eb6a1d,"Home Depot U.S.A., Inc. (fka Interline Brands, Inc.)",69fdefeafa0b60fcd50d7a68,"bkp363 - Nieman Business Park Building D {BK Properties,LLC}",evidenceOfInsurance,Evidence of Insurance,workersCompensation,Workers' Compensation and Employer's Liability,evidenceOfInsuranceWorkersCompensationEmployersLiabilityDiseasePolicyLimit,Employer's Liability Disease - policy limit,,matchOnce,must be greater or equal to,500000,5000000,compliant,Block Requirements,,,false,1,,2026-08-16
"Block Real Estate Services, LLC",6a184fd8a1ec98c09c961944,6a184fbc8bbe0a0890eb6a1d,"Home Depot U.S.A., Inc. (fka Interline Brands, Inc.)",69fdefeafa0b60fcd50d7a68,"bkp363 - Nieman Business Park Building D {BK Properties,LLC}",evidenceOfInsurance,Evidence of Insurance,workersCompensation,Workers' Compensation and Employer's Liability,evidenceOfInsuranceWorkersCompensationWaiverOfSubrogationEndorsement,Waiver of Subrogation,"---prompt---
Determine if the insurer has waived their right of subrogation in favor of the certificate holder under the Workers' Compensation policy. Evidence may include: a checked ""Waiver of Subrogation"" box on the certificate, mention in the Description of Operations section stating ""waiver of subrogation applies"", or reference to form WC 00 03 13. Look for language like ""subrogation is waived"" or ""per written contract"".",matchOnce,must be present,,,non_compliant,Block Requirements,,,false,0,,2026-08-16
"Block Real Estate Services, LLC",6a184fd8a1ec98c09c961944,6a184fbc8bbe0a0890eb6a1d,"Home Depot U.S.A., Inc. (fka Interline Brands, Inc.)",69fdefeafa0b60fcd50d7a68,"bkp363 - Nieman Business Park Building D {BK Properties,LLC}",evidenceOfInsurance,Evidence of Insurance,6ac20aae-5728-5d57-b364-aeba38527dba,Additional Requirements,4da5b0f1-4c9d-5885-8cf8-5d3cccaed3e0,"Block Real Estate Services, LLC and all others required by contract are named as Additional Insureds","---prompt---
Determine if the Description of Operations or the Additional Remarks Schedule section states the ""Additional Insured as Construction Management, Inc. and all others required by contract"" or reference to blanket additional insured coverage. Look for language like ""certificate holder is additional insured"" or ""per written contract"".",matchOnce,must be present,,,non_compliant,Block Requirements,,,true,0,,2026-08-16
"Block Real Estate Services, LLC",6a184fd8a1ec98c09c961944,6a184fbc8bbe0a0890eb6a1d,"Home Depot U.S.A., Inc. (fka Interline Brands, Inc.)",69fdefeafa0b60fcd50d7a68,"bkp363 - Nieman Business Park Building D {BK Properties,LLC}",evidenceOfInsurance,Evidence of Insurance,6ac20aae-5728-5d57-b364-aeba38527dba,Additional Requirements,e1017741-e47e-5f58-97b8-fbc3043e919f,Umbrella follows form over General Liability,"---prompt---
Determine if the Umbrella/Excess Liability policy follows form to the underlying policies. Evidence may include: language in the Description of Operations section stating the umbrella follows form to underlying coverages or an additional page endorsement stating that it follows form. Follow form means the umbrella policy adopts the same terms, conditions, and exclusions as the underlying policies.",matchOnce,must be present,,Present,compliant,Block Requirements,,,true,1,,2026-08-16
"Block Real Estate Services, LLC",6a184fd8a1ec98c09c961944,6a184fbc8bbe0a0890eb6a1d,"Home Depot U.S.A., Inc. (fka Interline Brands, Inc.)",69fdefeafa0b60fcd50d7a68,"bkp363 - Nieman Business Park Building D {BK Properties,LLC}",evidenceOfInsurance,Evidence of Insurance,6ac20aae-5728-5d57-b364-aeba38527dba,Additional Requirements,2cdd866f-c9a4-576a-afd8-1d045762790c,"The location must be listed as: 10806 W. 78th Street, Shawnee, KS, 66214",,matchOnce,must be present,,Present,compliant,Block Requirements,,,true,1,,2026-08-16
"Block Real Estate Services, LLC",6a184fd8a1ec98c09c961944,6a184fbc8bbe0a0890eb6a1d,"Home Depot U.S.A., Inc. (fka Interline Brands, Inc.)",69fdefeafa0b60fcd50d7a68,"bkp363 - Nieman Business Park Building D {BK Properties,LLC}",evidenceOfInsurance,Evidence of Insurance,6ac20aae-5728-5d57-b364-aeba38527dba,Additional Requirements,3649e9d1-4e09-59bf-8f30-cb33c40cf117,"Certificate Holder must read: c/o Block Real Estate Services, LLC, 4622 Pennsylvania St., Suite 700, Kansas City, MO, 64112",,matchOnce,must be present,,Present,compliant,Block Requirements,,,true,1,,2026-08-16
"Block Real Estate Services, LLC",69fdf79262446148bd859c1b,69fded1862446148bd848e98,"JACO / JACO General Contractor, Inc.",69fdf0eb0bb484cab513e3dd,"prg811 - Pine Ridge Building K {PERG BUILDINGS, LLC}",evidenceOfInsurance,Evidence of Insurance,commercialGeneralLiability,Commercial General Liability,evidenceOfInsuranceCommercialGeneralLiabilityCoverageTriggerOccurrence,Coverage Trigger: Occurrence,,matchOnce,must be present,,Present,compliant,Block Requirements,,,false,1,,2026-08-16
"Block Real Estate Services, LLC",69fdf79262446148bd859c1b,69fded1862446148bd848e98,"JACO / JACO General Contractor, Inc.",69fdf0eb0bb484cab513e3dd,"prg811 - Pine Ridge Building K {PERG BUILDINGS, LLC}",evidenceOfInsurance,Evidence of Insurance,commercialGeneralLiability,Commercial General Liability,evidenceOfInsuranceCommercialGeneralLiabilityGeneralAggregateLimitAppliesPerLocation,General Aggregate Limit Applies per: Location,,matchOnce,must be present,,Present,compliant,Block Requirements,,,false,1,,2026-08-16
"Block Real Estate Services, LLC",69fdf79262446148bd859c1b,69fded1862446148bd848e98,"JACO / JACO General Contractor, Inc.",69fdf0eb0bb484cab513e3dd,"prg811 - Pine Ridge Building K {PERG BUILDINGS, LLC}",evidenceOfInsurance,Evidence of Insurance,commercialGeneralLiability,Commercial General Liability,evidenceOfInsuranceCommercialGeneralLiabilityEachOccurrence,Each Occurrence,,matchOnce,must be greater or equal to,1000000,1000000,compliant,Block Requirements,,,false,1,,2026-08-16
"Block Real Estate Services, LLC",69fdf79262446148bd859c1b,69fded1862446148bd848e98,"JACO / JACO General Contractor, Inc.",69fdf0eb0bb484cab513e3dd,"prg811 - Pine Ridge Building K {PERG BUILDINGS, LLC}",evidenceOfInsurance,Evidence of Insurance,commercialGeneralLiability,Commercial General Liability,evidenceOfInsuranceCommercialGeneralLiabilityGeneralAggregate,General Aggregate,,matchOnce,must be greater or equal to,2000000,2000000,compliant,Block Requirements,,,false,1,,2026-08-16
"Block Real Estate Services, LLC",69fdf79262446148bd859c1b,69fded1862446148bd848e98,"JACO / JACO General Contractor, Inc.",69fdf0eb0bb484cab513e3dd,"prg811 - Pine Ridge Building K {PERG BUILDINGS, LLC}",evidenceOfInsurance,Evidence of Insurance,commercialGeneralLiability,Commercial General Liability,evidenceOfInsuranceCommercialGeneralLiabilityWaiverOfSubrogationEndorsement,Waiver of Subrogation,"---prompt---
Determine if the insurer has waived their right of subrogation in favor of the certificate holder under the Commercial General Liability policy. Evidence may include: a checked ""Waiver of Subrogation"" box on the certificate, mention in the Description of Operations section stating ""waiver of subrogation applies"", or reference to form CG 24 04. Look for language like ""subrogation is waived"" or ""per written contract"".",matchOnce,must be present,,Present,compliant,Block Requirements,,,false,1,,2026-08-16
"Block Real Estate Services, LLC",69fdf79262446148bd859c1b,69fded1862446148bd848e98,"JACO / JACO General Contractor, Inc.",69fdf0eb0bb484cab513e3dd,"prg811 - Pine Ridge Building K {PERG BUILDINGS, LLC}",evidenceOfInsurance,Evidence of Insurance,excessOrUmbrellaLiability,Umbrella/Excess Liability,evidenceOfInsuranceExcessOrUmbrellaLiabilityOccurence,Coverage Trigger: Occurrence,,matchOnce,must be present,,Present,compliant,Block Requirements,,,false,1,,2026-08-16
"Block Real Estate Services, LLC",69fdf79262446148bd859c1b,69fded1862446148bd848e98,"JACO / JACO General Contractor, Inc.",69fdf0eb0bb484cab513e3dd,"prg811 - Pine Ridge Building K {PERG BUILDINGS, LLC}",evidenceOfInsurance,Evidence of Insurance,excessOrUmbrellaLiability,Umbrella/Excess Liability,evidenceOfInsuranceExcessOrUmbrellaLiabilityEachOccurrence,Each Occurrence,,matchOnce,must be greater or equal to,1000000,15000000,compliant,Block Requirements,,,false,1,,2026-08-16
"Block Real Estate Services, LLC",69fdf79262446148bd859c1b,69fded1862446148bd848e98,"JACO / JACO General Contractor, Inc.",69fdf0eb0bb484cab513e3dd,"prg811 - Pine Ridge Building K {PERG BUILDINGS, LLC}",evidenceOfInsurance,Evidence of Insurance,excessOrUmbrellaLiability,Umbrella/Excess Liability,evidenceOfInsuranceExcessOrUmbrellaLiabilityAggregate,Aggregate,,matchOnce,must be greater or equal to,1000000,15000000,compliant,Block Requirements,,,false,1,,2026-08-16
"Block Real Estate Services, LLC",69fdf79262446148bd859c1b,69fded1862446148bd848e98,"JACO / JACO General Contractor, Inc.",69fdf0eb0bb484cab513e3dd,"prg811 - Pine Ridge Building K {PERG BUILDINGS, LLC}",evidenceOfInsurance,Evidence of Insurance,workersCompensation,Workers' Compensation and Employer's Liability,evidenceOfInsuranceWorkersCompensationStatutoryLimits,Statutory Limits,,matchOnce,must be present,,Present,compliant,Block Requirements,,,false,1,,2026-08-16
"Block Real Estate Services, LLC",69fdf79262446148bd859c1b,69fded1862446148bd848e98,"JACO / JACO General Contractor, Inc.",69fdf0eb0bb484cab513e3dd,"prg811 - Pine Ridge Building K {PERG BUILDINGS, LLC}",evidenceOfInsurance,Evidence of Insurance,workersCompensation,Workers' Compensation and Employer's Liability,evidenceOfInsuranceWorkersCompensationEmployersLiabilityEachAccident,Employer's Liability Each Accident,,matchOnce,must be greater or equal to,500000,1000000,compliant,Block Requirements,,,false,1,,2026-08-16
"Block Real Estate Services, LLC",69fdf79262446148bd859c1b,69fded1862446148bd848e98,"JACO / JACO General Contractor, Inc.",69fdf0eb0bb484cab513e3dd,"prg811 - Pine Ridge Building K {PERG BUILDINGS, LLC}",evidenceOfInsurance,Evidence of Insurance,workersCompensation,Workers' Compensation and Employer's Liability,evidenceOfInsuranceWorkersCompensationEmployersLiabilityDiseaseEachEmployee,Employer's Liability Disease - each employee,,matchOnce,must be greater or equal to,500000,1000000,compliant,Block Requirements,,,false,1,,2026-08-16
"Block Real Estate Services, LLC",69fdf79262446148bd859c1b,69fded1862446148bd848e98,"JACO / JACO General Contractor, Inc.",69fdf0eb0bb484cab513e3dd,"prg811 - Pine Ridge Building K {PERG BUILDINGS, LLC}",evidenceOfInsurance,Evidence of Insurance,workersCompensation,Workers' Compensation and Employer's Liability,evidenceOfInsuranceWorkersCompensationEmployersLiabilityDiseasePolicyLimit,Employer's Liability Disease - policy limit,,matchOnce,must be greater or equal to,500000,1000000,compliant,Block Requirements,,,false,1,,2026-08-16
"Block Real Estate Services, LLC",69fdf79262446148bd859c1b,69fded1862446148bd848e98,"JACO / JACO General Contractor, Inc.",69fdf0eb0bb484cab513e3dd,"prg811 - Pine Ridge Building K {PERG BUILDINGS, LLC}",evidenceOfInsurance,Evidence of Insurance,workersCompensation,Workers' Compensation and Employer's Liability,evidenceOfInsuranceWorkersCompensationWaiverOfSubrogationEndorsement,Waiver of Subrogation,"---prompt---
Determine if the insurer has waived their right of subrogation in favor of the certificate holder under the Workers' Compensation policy. Evidence may include: a checked ""Waiver of Subrogation"" box on the certificate, mention in the Description of Operations section stating ""waiver of subrogation applies"", or reference to form WC 00 03 13. Look for language like ""subrogation is waived"" or ""per written contract"".",matchOnce,must be present,,Present,compliant,Block Requirements,,,false,1,,2026-08-16
"Block Real Estate Services, LLC",69fdf79262446148bd859c1b,69fded1862446148bd848e98,"JACO / JACO General Contractor, Inc.",69fdf0eb0bb484cab513e3dd,"prg811 - Pine Ridge Building K {PERG BUILDINGS, LLC}",evidenceOfInsurance,Evidence of Insurance,6ac20aae-5728-5d57-b364-aeba38527dba,Additional Requirements,4da5b0f1-4c9d-5885-8cf8-5d3cccaed3e0,"Block Real Estate Services, LLC and all others required by contract are named as Additional Insureds","---prompt---
Determine if the Description of Operations or the Additional Remarks Schedule section states the ""Additional Insured as Construction Management, Inc. and all others required by contract"" or reference to blanket additional insured coverage. Look for language like ""certificate holder is additional insured"" or ""per written contract"".",matchOnce,must be present,,Present,compliant,Block Requirements,,,true,1,,2026-08-16
"Block Real Estate Services, LLC",69fdf79262446148bd859c1b,69fded1862446148bd848e98,"JACO / JACO General Contractor, Inc.",69fdf0eb0bb484cab513e3dd,"prg811 - Pine Ridge Building K {PERG BUILDINGS, LLC}",evidenceOfInsurance,Evidence of Insurance,6ac20aae-5728-5d57-b364-aeba38527dba,Additional Requirements,e1017741-e47e-5f58-97b8-fbc3043e919f,Umbrella follows form over General Liability,"---prompt---
Determine if the Umbrella/Excess Liability policy follows form to the underlying policies. Evidence may include: language in the Description of Operations section stating the umbrella follows form to underlying coverages or an additional page endorsement stating that it follows form. Follow form means the umbrella policy adopts the same terms, conditions, and exclusions as the underlying policies.",matchOnce,must be present,,Present,compliant,Block Requirements,,,true,1,,2026-08-16
"Block Real Estate Services, LLC",69fdf79262446148bd859c1b,69fded1862446148bd848e98,"JACO / JACO General Contractor, Inc.",69fdf0eb0bb484cab513e3dd,"prg811 - Pine Ridge Building K {PERG BUILDINGS, LLC}",evidenceOfInsurance,Evidence of Insurance,6ac20aae-5728-5d57-b364-aeba38527dba,Additional Requirements,2cdd866f-c9a4-576a-afd8-1d045762790c,"The location must be listed as: 8424, 8426 Melrose Drive Lenexa KS 66214",,matchOnce,must be present,,,non_compliant,Block Requirements,,,true,0,,2026-08-16
"Block Real Estate Services, LLC",69fdf79262446148bd859c1b,69fded1862446148bd848e98,"JACO / JACO General Contractor, Inc.",69fdf0eb0bb484cab513e3dd,"prg811 - Pine Ridge Building K {PERG BUILDINGS, LLC}",evidenceOfInsurance,Evidence of Insurance,6ac20aae-5728-5d57-b364-aeba38527dba,Additional Requirements,3649e9d1-4e09-59bf-8f30-cb33c40cf117,"Certificate Holder must read: c/o Block Real Estate Services, LLC, 4622 Pennsylvania St., Suite 700, Kansas City, MO, 64112",,matchOnce,must be present,,Present,compliant,Block Requirements,,,true,1,,2026-08-16
"Block Real Estate Services, LLC",69fdf79262446148bd859c1c,69fded1f62446148bd8490f9,Repairs Unlimited LLC,69fdf0eb0bb484cab513e3dd,"prg811 - Pine Ridge Building K {PERG BUILDINGS, LLC}",evidenceOfInsurance,Evidence of Insurance,commercialGeneralLiability,Commercial General Liability,evidenceOfInsuranceCommercialGeneralLiabilityCoverageTriggerOccurrence,Coverage Trigger: Occurrence,,matchOnce,must be present,,,non_compliant,Block Requirements,,,false,0,,2026-08-16
"Block Real Estate Services, LLC",69fdf79262446148bd859c1c,69fded1f62446148bd8490f9,Repairs Unlimited LLC,69fdf0eb0bb484cab513e3dd,"prg811 - Pine Ridge Building K {PERG BUILDINGS, LLC}",evidenceOfInsurance,Evidence of Insurance,commercialGeneralLiability,Commercial General Liability,evidenceOfInsuranceCommercialGeneralLiabilityGeneralAggregateLimitAppliesPerLocation,General Aggregate Limit Applies per: Location,,matchOnce,must be present,,,non_compliant,Block Requirements,,,false,0,,2026-08-16
"Block Real Estate Services, LLC",69fdf79262446148bd859c1c,69fded1f62446148bd8490f9,Repairs Unlimited LLC,69fdf0eb0bb484cab513e3dd,"prg811 - Pine Ridge Building K {PERG BUILDINGS, LLC}",evidenceOfInsurance,Evidence of Insurance,commercialGeneralLiability,Commercial General Liability,evidenceOfInsuranceCommercialGeneralLiabilityEachOccurrence,Each Occurrence,,matchOnce,must be greater or equal to,1000000,,non_compliant,Block Requirements,,,false,0,,2026-08-16
"Block Real Estate Services, LLC",69fdf79262446148bd859c1c,69fded1f62446148bd8490f9,Repairs Unlimited LLC,69fdf0eb0bb484cab513e3dd,"prg811 - Pine Ridge Building K {PERG BUILDINGS, LLC}",evidenceOfInsurance,Evidence of Insurance,commercialGeneralLiability,Commercial General Liability,evidenceOfInsuranceCommercialGeneralLiabilityGeneralAggregate,General Aggregate,,matchOnce,must be greater or equal to,2000000,,non_compliant,Block Requirements,,,false,0,,2026-08-16
"Block Real Estate Services, LLC",69fdf79262446148bd859c1c,69fded1f62446148bd8490f9,Repairs Unlimited LLC,69fdf0eb0bb484cab513e3dd,"prg811 - Pine Ridge Building K {PERG BUILDINGS, LLC}",evidenceOfInsurance,Evidence of Insurance,commercialGeneralLiability,Commercial General Liability,evidenceOfInsuranceCommercialGeneralLiabilityWaiverOfSubrogationEndorsement,Waiver of Subrogation,"---prompt---
Determine if the insurer has waived their right of subrogation in favor of the certificate holder under the Commercial General Liability policy. Evidence may include: a checked ""Waiver of Subrogation"" box on the certificate, mention in the Description of Operations section stating ""waiver of subrogation applies"", or reference to form CG 24 04. Look for language like ""subrogation is waived"" or ""per written contract"".",matchOnce,must be present,,,non_compliant,Block Requirements,,,false,0,,2026-08-16
"Block Real Estate Services, LLC",69fdf79262446148bd859c1c,69fded1f62446148bd8490f9,Repairs Unlimited LLC,69fdf0eb0bb484cab513e3dd,"prg811 - Pine Ridge Building K {PERG BUILDINGS, LLC}",evidenceOfInsurance,Evidence of Insurance,excessOrUmbrellaLiability,Umbrella/Excess Liability,evidenceOfInsuranceExcessOrUmbrellaLiabilityOccurence,Coverage Trigger: Occurrence,,matchOnce,must be present,,,non_compliant,Block Requirements,,,false,0,,2026-08-16
"Block Real Estate Services, LLC",69fdf79262446148bd859c1c,69fded1f62446148bd8490f9,Repairs Unlimited LLC,69fdf0eb0bb484cab513e3dd,"prg811 - Pine Ridge Building K {PERG BUILDINGS, LLC}",evidenceOfInsurance,Evidence of Insurance,excessOrUmbrellaLiability,Umbrella/Excess Liability,evidenceOfInsuranceExcessOrUmbrellaLiabilityEachOccurrence,Each Occurrence,,matchOnce,must be greater or equal to,1000000,,non_compliant,Block Requirements,,,false,0,,2026-08-16
"Block Real Estate Services, LLC",69fdf79262446148bd859c1c,69fded1f62446148bd8490f9,Repairs Unlimited LLC,69fdf0eb0bb484cab513e3dd,"prg811 - Pine Ridge Building K {PERG BUILDINGS, LLC}",evidenceOfInsurance,Evidence of Insurance,excessOrUmbrellaLiability,Umbrella/Excess Liability,evidenceOfInsuranceExcessOrUmbrellaLiabilityAggregate,Aggregate,,matchOnce,must be greater or equal to,1000000,,non_compliant,Block Requirements,,,false,0,,2026-08-16
"Block Real Estate Services, LLC",69fdf79262446148bd859c1c,69fded1f62446148bd8490f9,Repairs Unlimited LLC,69fdf0eb0bb484cab513e3dd,"prg811 - Pine Ridge Building K {PERG BUILDINGS, LLC}",evidenceOfInsurance,Evidence of Insurance,workersCompensation,Workers' Compensation and Employer's Liability,evidenceOfInsuranceWorkersCompensationStatutoryLimits,Statutory Limits,,matchOnce,must be present,,,non_compliant,Block Requirements,,,false,0,,2026-08-16
"Block Real Estate Services, LLC",69fdf79262446148bd859c1c,69fded1f62446148bd8490f9,Repairs Unlimited LLC,69fdf0eb0bb484cab513e3dd,"prg811 - Pine Ridge Building K {PERG BUILDINGS, LLC}",evidenceOfInsurance,Evidence of Insurance,workersCompensation,Workers' Compensation and Employer's Liability,evidenceOfInsuranceWorkersCompensationEmployersLiabilityEachAccident,Employer's Liability Each Accident,,matchOnce,must be greater or equal to,500000,,non_compliant,Block Requirements,,,false,0,,2026-08-16
"Block Real Estate Services, LLC",69fdf79262446148bd859c1c,69fded1f62446148bd8490f9,Repairs Unlimited LLC,69fdf0eb0bb484cab513e3dd,"prg811 - Pine Ridge Building K {PERG BUILDINGS, LLC}",evidenceOfInsurance,Evidence of Insurance,workersCompensation,Workers' Compensation and Employer's Liability,evidenceOfInsuranceWorkersCompensationEmployersLiabilityDiseaseEachEmployee,Employer's Liability Disease - each employee,,matchOnce,must be greater or equal to,500000,,non_compliant,Block Requirements,,,false,0,,2026-08-16
"Block Real Estate Services, LLC",69fdf79262446148bd859c1c,69fded1f62446148bd8490f9,Repairs Unlimited LLC,69fdf0eb0bb484cab513e3dd,"prg811 - Pine Ridge Building K {PERG BUILDINGS, LLC}",evidenceOfInsurance,Evidence of Insurance,workersCompensation,Workers' Compensation and Employer's Liability,evidenceOfInsuranceWorkersCompensationEmployersLiabilityDiseasePolicyLimit,Employer's Liability Disease - policy limit,,matchOnce,must be greater or equal to,500000,,non_compliant,Block Requirements,,,false,0,,2026-08-16
"Block Real Estate Services, LLC",69fdf79262446148bd859c1c,69fded1f62446148bd8490f9,Repairs Unlimited LLC,69fdf0eb0bb484cab513e3dd,"prg811 - Pine Ridge Building K {PERG BUILDINGS, LLC}",evidenceOfInsurance,Evidence of Insurance,workersCompensation,Workers' Compensation and Employer's Liability,evidenceOfInsuranceWorkersCompensationWaiverOfSubrogationEndorsement,Waiver of Subrogation,"---prompt---
Determine if the insurer has waived their right of subrogation in favor of the certificate holder under the Workers' Compensation policy. Evidence may include: a checked ""Waiver of Subrogation"" box on the certificate, mention in the Description of Operations section stating ""waiver of subrogation applies"", or reference to form WC 00 03 13. Look for language like ""subrogation is waived"" or ""per written contract"".",matchOnce,must be present,,,non_compliant,Block Requirements,,,false,0,,2026-08-16
"Block Real Estate Services, LLC",69fdf79262446148bd859c1c,69fded1f62446148bd8490f9,Repairs Unlimited LLC,69fdf0eb0bb484cab513e3dd,"prg811 - Pine Ridge Building K {PERG BUILDINGS, LLC}",evidenceOfInsurance,Evidence of Insurance,6ac20aae-5728-5d57-b364-aeba38527dba,Additional Requirements,4da5b0f1-4c9d-5885-8cf8-5d3cccaed3e0,"Block Real Estate Services, LLC and all others required by contract are named as Additional Insureds","---prompt---
Determine if the Description of Operations or the Additional Remarks Schedule section states the ""Additional Insured as Construction Management, Inc. and all others required by contract"" or reference to blanket additional insured coverage. Look for language like ""certificate holder is additional insured"" or ""per written contract"".",matchOnce,must be present,,,non_compliant,Block Requirements,,,true,0,,2026-08-16
"Block Real Estate Services, LLC",69fdf79262446148bd859c1c,69fded1f62446148bd8490f9,Repairs Unlimited LLC,69fdf0eb0bb484cab513e3dd,"prg811 - Pine Ridge Building K {PERG BUILDINGS, LLC}",evidenceOfInsurance,Evidence of Insurance,6ac20aae-5728-5d57-b364-aeba38527dba,Additional Requirements,e1017741-e47e-5f58-97b8-fbc3043e919f,Umbrella follows form over General Liability,"---prompt---
Determine if the Umbrella/Excess Liability policy follows form to the underlying policies. Evidence may include: language in the Description of Operations section stating the umbrella follows form to underlying coverages or an additional page endorsement stating that it follows form. Follow form means the umbrella policy adopts the same terms, conditions, and exclusions as the underlying policies.",matchOnce,must be present,,,non_compliant,Block Requirements,,,true,0,,2026-08-16
"Block Real Estate Services, LLC",69fdf79262446148bd859c1c,69fded1f62446148bd8490f9,Repairs Unlimited LLC,69fdf0eb0bb484cab513e3dd,"prg811 - Pine Ridge Building K {PERG BUILDINGS, LLC}",evidenceOfInsurance,Evidence of Insurance,6ac20aae-5728-5d57-b364-aeba38527dba,Additional Requirements,2cdd866f-c9a4-576a-afd8-1d045762790c,The location must be listed as: 8416 Melrose Drive Lenexa KS 66214,,matchOnce,must be present,,,non_compliant,Block Requirements,,,true,0,,2026-08-16
"Block Real Estate Services, LLC",69fdf79262446148bd859c1c,69fded1f62446148bd8490f9,Repairs Unlimited LLC,69fdf0eb0bb484cab513e3dd,"prg811 - Pine Ridge Building K {PERG BUILDINGS, LLC}",evidenceOfInsurance,Evidence of Insurance,6ac20aae-5728-5d57-b364-aeba38527dba,Additional Requirements,3649e9d1-4e09-59bf-8f30-cb33c40cf117,"Certificate Holder must read: c/o Block Real Estate Services, LLC, 4622 Pennsylvania St., Suite 700, Kansas City, MO, 64112",,matchOnce,must be present,,,non_compliant,Block Requirements,,,true,0,,2026-08-16
"Block Real Estate Services, LLC",69fdf79262446148bd859c1a,69fded1762446148bd848e53,Henderson Engineers Inc,69fdf0eb0bb484cab513e3dd,"prg811 - Pine Ridge Building K {PERG BUILDINGS, LLC}",evidenceOfInsurance,Evidence of Insurance,commercialGeneralLiability,Commercial General Liability,evidenceOfInsuranceCommercialGeneralLiabilityCoverageTriggerOccurrence,Coverage Trigger: Occurrence,,matchOnce,must be present,,Present,compliant,Block Requirements,,,false,1,,2026-08-16
"Block Real Estate Services, LLC",69fdf79262446148bd859c1a,69fded1762446148bd848e53,Henderson Engineers Inc,69fdf0eb0bb484cab513e3dd,"prg811 - Pine Ridge Building K {PERG BUILDINGS, LLC}",evidenceOfInsurance,Evidence of Insurance,commercialGeneralLiability,Commercial General Liability,evidenceOfInsuranceCommercialGeneralLiabilityGeneralAggregateLimitAppliesPerLocation,General Aggregate Limit Applies per: Location,,matchOnce,must be present,,Present,compliant,Block Requirements,,,false,1,,2026-08-16
"Block Real Estate Services, LLC",69fdf79262446148bd859c1a,69fded1762446148bd848e53,Henderson Engineers Inc,69fdf0eb0bb484cab513e3dd,"prg811 - Pine Ridge Building K {PERG BUILDINGS, LLC}",evidenceOfInsurance,Evidence of Insurance,commercialGeneralLiability,Commercial General Liability,evidenceOfInsuranceCommercialGeneralLiabilityEachOccurrence,Each Occurrence,,matchOnce,must be greater or equal to,1000000,2000000,compliant,Block Requirements,,,false,1,,2026-08-16
"Block Real Estate Services, LLC",69fdf79262446148bd859c1a,69fded1762446148bd848e53,Henderson Engineers Inc,69fdf0eb0bb484cab513e3dd,"prg811 - Pine Ridge Building K {PERG BUILDINGS, LLC}",evidenceOfInsurance,Evidence of Insurance,commercialGeneralLiability,Commercial General Liability,evidenceOfInsuranceCommercialGeneralLiabilityGeneralAggregate,General Aggregate,,matchOnce,must be greater or equal to,2000000,4000000,compliant,Block Requirements,,,false,1,,2026-08-16
"Block Real Estate Services, LLC",69fdf79262446148bd859c1a,69fded1762446148bd848e53,Henderson Engineers Inc,69fdf0eb0bb484cab513e3dd,"prg811 - Pine Ridge Building K {PERG BUILDINGS, LLC}",evidenceOfInsurance,Evidence of Insurance,commercialGeneralLiability,Commercial General Liability,evidenceOfInsuranceCommercialGeneralLiabilityWaiverOfSubrogationEndorsement,Waiver of Subrogation,"---prompt---
Determine if the insurer has waived their right of subrogation in favor of the certificate holder under the Commercial General Liability policy. Evidence may include: a checked ""Waiver of Subrogation"" box on the certificate, mention in the Description of Operations section stating ""waiver of subrogation applies"", or reference to form CG 24 04. Look for language like ""subrogation is waived"" or ""per written contract"".",matchOnce,must be present,,Present,compliant,Block Requirements,,,false,1,,2026-08-16
"Block Real Estate Services, LLC",69fdf79262446148bd859c1a,69fded1762446148bd848e53,Henderson Engineers Inc,69fdf0eb0bb484cab513e3dd,"prg811 - Pine Ridge Building K {PERG BUILDINGS, LLC}",evidenceOfInsurance,Evidence of Insurance,excessOrUmbrellaLiability,Umbrella/Excess Liability,evidenceOfInsuranceExcessOrUmbrellaLiabilityOccurence,Coverage Trigger: Occurrence,,matchOnce,must be present,,Present,compliant,Block Requirements,,,false,1,,2026-08-16
"Block Real Estate Services, LLC",69fdf79262446148bd859c1a,69fded1762446148bd848e53,Henderson Engineers Inc,69fdf0eb0bb484cab513e3dd,"prg811 - Pine Ridge Building K {PERG BUILDINGS, LLC}",evidenceOfInsurance,Evidence of Insurance,excessOrUmbrellaLiability,Umbrella/Excess Liability,evidenceOfInsuranceExcessOrUmbrellaLiabilityEachOccurrence,Each Occurrence,,matchOnce,must be greater or equal to,1000000,3000000,compliant,Block Requirements,,,false,1,,2026-08-16
"Block Real Estate Services, LLC",69fdf79262446148bd859c1a,69fded1762446148bd848e53,Henderson Engineers Inc,69fdf0eb0bb484cab513e3dd,"prg811 - Pine Ridge Building K {PERG BUILDINGS, LLC}",evidenceOfInsurance,Evidence of Insurance,excessOrUmbrellaLiability,Umbrella/Excess Liability,evidenceOfInsuranceExcessOrUmbrellaLiabilityAggregate,Aggregate,,matchOnce,must be greater or equal to,1000000,3000000,compliant,Block Requirements,,,false,1,,2026-08-16
"Block Real Estate Services, LLC",69fdf79262446148bd859c1a,69fded1762446148bd848e53,Henderson Engineers Inc,69fdf0eb0bb484cab513e3dd,"prg811 - Pine Ridge Building K {PERG BUILDINGS, LLC}",evidenceOfInsurance,Evidence of Insurance,workersCompensation,Workers' Compensation and Employer's Liability,evidenceOfInsuranceWorkersCompensationStatutoryLimits,Statutory Limits,,matchOnce,must be present,,Present,compliant,Block Requirements,,,false,1,,2026-08-16
"Block Real Estate Services, LLC",69fdf79262446148bd859c1a,69fded1762446148bd848e53,Henderson Engineers Inc,69fdf0eb0bb484cab513e3dd,"prg811 - Pine Ridge Building K {PERG BUILDINGS, LLC}",evidenceOfInsurance,Evidence of Insurance,workersCompensation,Workers' Compensation and Employer's Liability,evidenceOfInsuranceWorkersCompensationEmployersLiabilityEachAccident,Employer's Liability Each Accident,,matchOnce,must be greater or equal to,500000,1000000,compliant,Block Requirements,,,false,1,,2026-08-16
"Block Real Estate Services, LLC",69fdf79262446148bd859c1a,69fded1762446148bd848e53,Henderson Engineers Inc,69fdf0eb0bb484cab513e3dd,"prg811 - Pine Ridge Building K {PERG BUILDINGS, LLC}",evidenceOfInsurance,Evidence of Insurance,workersCompensation,Workers' Compensation and Employer's Liability,evidenceOfInsuranceWorkersCompensationEmployersLiabilityDiseaseEachEmployee,Employer's Liability Disease - each employee,,matchOnce,must be greater or equal to,500000,1000000,compliant,Block Requirements,,,false,1,,2026-08-16
"Block Real Estate Services, LLC",69fdf79262446148bd859c1a,69fded1762446148bd848e53,Henderson Engineers Inc,69fdf0eb0bb484cab513e3dd,"prg811 - Pine Ridge Building K {PERG BUILDINGS, LLC}",evidenceOfInsurance,Evidence of Insurance,workersCompensation,Workers' Compensation and Employer's Liability,evidenceOfInsuranceWorkersCompensationEmployersLiabilityDiseasePolicyLimit,Employer's Liability Disease - policy limit,,matchOnce,must be greater or equal to,500000,1000000,compliant,Block Requirements,,,false,1,,2026-08-16
"Block Real Estate Services, LLC",69fdf79262446148bd859c1a,69fded1762446148bd848e53,Henderson Engineers Inc,69fdf0eb0bb484cab513e3dd,"prg811 - Pine Ridge Building K {PERG BUILDINGS, LLC}",evidenceOfInsurance,Evidence of Insurance,workersCompensation,Workers' Compensation and Employer's Liability,evidenceOfInsuranceWorkersCompensationWaiverOfSubrogationEndorsement,Waiver of Subrogation,"---prompt---
Determine if the insurer has waived their right of subrogation in favor of the certificate holder under the Workers' Compensation policy. Evidence may include: a checked ""Waiver of Subrogation"" box on the certificate, mention in the Description of Operations section stating ""waiver of subrogation applies"", or reference to form WC 00 03 13. Look for language like ""subrogation is waived"" or ""per written contract"".",matchOnce,must be present,,Present,compliant,Block Requirements,,,false,1,,2026-08-16
"Block Real Estate Services, LLC",69fdf79262446148bd859c1a,69fded1762446148bd848e53,Henderson Engineers Inc,69fdf0eb0bb484cab513e3dd,"prg811 - Pine Ridge Building K {PERG BUILDINGS, LLC}",evidenceOfInsurance,Evidence of Insurance,6ac20aae-5728-5d57-b364-aeba38527dba,Additional Requirements,4da5b0f1-4c9d-5885-8cf8-5d3cccaed3e0,"Block Real Estate Services, LLC and all others required by contract are named as Additional Insureds","---prompt---
Determine if the Description of Operations or the Additional Remarks Schedule section states the ""Additional Insured as Construction Management, Inc. and all others required by contract"" or reference to blanket additional insured coverage. Look for language like ""certificate holder is additional insured"" or ""per written contract"".",matchOnce,must be present,,Present,compliant,Block Requirements,,,true,1,,2026-08-16
"Block Real Estate Services, LLC",69fdf79262446148bd859c1a,69fded1762446148bd848e53,Henderson Engineers Inc,69fdf0eb0bb484cab513e3dd,"prg811 - Pine Ridge Building K {PERG BUILDINGS, LLC}",evidenceOfInsurance,Evidence of Insurance,6ac20aae-5728-5d57-b364-aeba38527dba,Additional Requirements,e1017741-e47e-5f58-97b8-fbc3043e919f,Umbrella follows form over General Liability,"---prompt---
Determine if the Umbrella/Excess Liability policy follows form to the underlying policies. Evidence may include: language in the Description of Operations section stating the umbrella follows form to underlying coverages or an additional page endorsement stating that it follows form. Follow form means the umbrella policy adopts the same terms, conditions, and exclusions as the underlying policies.",matchOnce,must be present,,Present,compliant,Block Requirements,,,true,1,,2026-08-16
"Block Real Estate Services, LLC",69fdf79262446148bd859c1a,69fded1762446148bd848e53,Henderson Engineers Inc,69fdf0eb0bb484cab513e3dd,"prg811 - Pine Ridge Building K {PERG BUILDINGS, LLC}",evidenceOfInsurance,Evidence of Insurance,6ac20aae-5728-5d57-b364-aeba38527dba,Additional Requirements,2cdd866f-c9a4-576a-afd8-1d045762790c,The location must be listed as: 8428 Melrose Drive Lenexa KS 66214,,matchOnce,must be present,,Present,compliant,Block Requirements,,,true,1,,2026-08-16
"Block Real Estate Services, LLC",69fdf79262446148bd859c1a,69fded1762446148bd848e53,Henderson Engineers Inc,69fdf0eb0bb484cab513e3dd,"prg811 - Pine Ridge Building K {PERG BUILDINGS, LLC}",evidenceOfInsurance,Evidence of Insurance,6ac20aae-5728-5d57-b364-aeba38527dba,Additional Requirements,3649e9d1-4e09-59bf-8f30-cb33c40cf117,"Certificate Holder must read: c/o Block Real Estate Services, LLC, 4622 Pennsylvania St., Suite 700, Kansas City, MO, 64112",,matchOnce,must be present,,Present,compliant,Block Requirements,,,true,1,,2026-08-16
"Block Real Estate Services, LLC",69fdf79262446148bd859c1d,69fded1762446148bd848e6b,"Horizon PSI / Horizon Systems, Inc.",69fdf0ef38cbea6b3a692ebb,"prg812 - Pine Ridge Building L {PERG BUILDINGS, LLC}",evidenceOfInsurance,Evidence of Insurance,commercialGeneralLiability,Commercial General Liability,evidenceOfInsuranceCommercialGeneralLiabilityCoverageTriggerOccurrence,Coverage Trigger: Occurrence,,matchOnce,must be present,,Present,compliant,Block Requirements,,,false,1,,2026-08-16
"Block Real Estate Services, LLC",69fdf79262446148bd859c1d,69fded1762446148bd848e6b,"Horizon PSI / Horizon Systems, Inc.",69fdf0ef38cbea6b3a692ebb,"prg812 - Pine Ridge Building L {PERG BUILDINGS, LLC}",evidenceOfInsurance,Evidence of Insurance,commercialGeneralLiability,Commercial General Liability,evidenceOfInsuranceCommercialGeneralLiabilityGeneralAggregateLimitAppliesPerLocation,General Aggregate Limit Applies per: Location,,matchOnce,must be present,,Present,compliant,Block Requirements,,,false,1,,2026-08-16
"Block Real Estate Services, LLC",69fdf79262446148bd859c1d,69fded1762446148bd848e6b,"Horizon PSI / Horizon Systems, Inc.",69fdf0ef38cbea6b3a692ebb,"prg812 - Pine Ridge Building L {PERG BUILDINGS, LLC}",evidenceOfInsurance,Evidence of Insurance,commercialGeneralLiability,Commercial General Liability,evidenceOfInsuranceCommercialGeneralLiabilityEachOccurrence,Each Occurrence,,matchOnce,must be greater or equal to,1000000,1000000,compliant,Block Requirements,,,false,1,,2026-08-16
"Block Real Estate Services, LLC",69fdf79262446148bd859c1d,69fded1762446148bd848e6b,"Horizon PSI / Horizon Systems, Inc.",69fdf0ef38cbea6b3a692ebb,"prg812 - Pine Ridge Building L {PERG BUILDINGS, LLC}",evidenceOfInsurance,Evidence of Insurance,commercialGeneralLiability,Commercial General Liability,evidenceOfInsuranceCommercialGeneralLiabilityGeneralAggregate,General Aggregate,,matchOnce,must be greater or equal to,2000000,2000000,compliant,Block Requirements,,,false,1,,2026-08-16
"Block Real Estate Services, LLC",69fdf79262446148bd859c1d,69fded1762446148bd848e6b,"Horizon PSI / Horizon Systems, Inc.",69fdf0ef38cbea6b3a692ebb,"prg812 - Pine Ridge Building L {PERG BUILDINGS, LLC}",evidenceOfInsurance,Evidence of Insurance,commercialGeneralLiability,Commercial General Liability,evidenceOfInsuranceCommercialGeneralLiabilityWaiverOfSubrogationEndorsement,Waiver of Subrogation,"---prompt---
Determine if the insurer has waived their right of subrogation in favor of the certificate holder under the Commercial General Liability policy. Evidence may include: a checked ""Waiver of Subrogation"" box on the certificate, mention in the Description of Operations section stating ""waiver of subrogation applies"", or reference to form CG 24 04. Look for language like ""subrogation is waived"" or ""per written contract"".",matchOnce,must be present,,Present,compliant,Block Requirements,,,false,1,,2026-08-16
"Block Real Estate Services, LLC",69fdf79262446148bd859c1d,69fded1762446148bd848e6b,"Horizon PSI / Horizon Systems, Inc.",69fdf0ef38cbea6b3a692ebb,"prg812 - Pine Ridge Building L {PERG BUILDINGS, LLC}",evidenceOfInsurance,Evidence of Insurance,excessOrUmbrellaLiability,Umbrella/Excess Liability,evidenceOfInsuranceExcessOrUmbrellaLiabilityOccurence,Coverage Trigger: Occurrence,,matchOnce,must be present,,Present,compliant,Block Requirements,,,false,1,,2026-08-16
"Block Real Estate Services, LLC",69fdf79262446148bd859c1d,69fded1762446148bd848e6b,"Horizon PSI / Horizon Systems, Inc.",69fdf0ef38cbea6b3a692ebb,"prg812 - Pine Ridge Building L {PERG BUILDINGS, LLC}",evidenceOfInsurance,Evidence of Insurance,excessOrUmbrellaLiability,Umbrella/Excess Liability,evidenceOfInsuranceExcessOrUmbrellaLiabilityEachOccurrence,Each Occurrence,,matchOnce,must be greater or equal to,1000000,10000000,compliant,Block Requirements,,,false,1,,2026-08-16
"Block Real Estate Services, LLC",69fdf79262446148bd859c1d,69fded1762446148bd848e6b,"Horizon PSI / Horizon Systems, Inc.",69fdf0ef38cbea6b3a692ebb,"prg812 - Pine Ridge Building L {PERG BUILDINGS, LLC}",evidenceOfInsurance,Evidence of Insurance,excessOrUmbrellaLiability,Umbrella/Excess Liability,evidenceOfInsuranceExcessOrUmbrellaLiabilityAggregate,Aggregate,,matchOnce,must be greater or equal to,1000000,10000000,compliant,Block Requirements,,,false,1,,2026-08-16
"Block Real Estate Services, LLC",69fdf79262446148bd859c1d,69fded1762446148bd848e6b,"Horizon PSI / Horizon Systems, Inc.",69fdf0ef38cbea6b3a692ebb,"prg812 - Pine Ridge Building L {PERG BUILDINGS, LLC}",evidenceOfInsurance,Evidence of Insurance,workersCompensation,Workers' Compensation and Employer's Liability,evidenceOfInsuranceWorkersCompensationStatutoryLimits,Statutory Limits,,matchOnce,must be present,,Present,compliant,Block Requirements,,,false,1,,2026-08-16
"Block Real Estate Services, LLC",69fdf79262446148bd859c1d,69fded1762446148bd848e6b,"Horizon PSI / Horizon Systems, Inc.",69fdf0ef38cbea6b3a692ebb,"prg812 - Pine Ridge Building L {PERG BUILDINGS, LLC}",evidenceOfInsurance,Evidence of Insurance,workersCompensation,Workers' Compensation and Employer's Liability,evidenceOfInsuranceWorkersCompensationEmployersLiabilityEachAccident,Employer's Liability Each Accident,,matchOnce,must be greater or equal to,500000,1000000,compliant,Block Requirements,,,false,1,,2026-08-16
"Block Real Estate Services, LLC",69fdf79262446148bd859c1d,69fded1762446148bd848e6b,"Horizon PSI / Horizon Systems, Inc.",69fdf0ef38cbea6b3a692ebb,"prg812 - Pine Ridge Building L {PERG BUILDINGS, LLC}",evidenceOfInsurance,Evidence of Insurance,workersCompensation,Workers' Compensation and Employer's Liability,evidenceOfInsuranceWorkersCompensationEmployersLiabilityDiseaseEachEmployee,Employer's Liability Disease - each employee,,matchOnce,must be greater or equal to,500000,1000000,compliant,Block Requirements,,,false,1,,2026-08-16
"Block Real Estate Services, LLC",69fdf79262446148bd859c1d,69fded1762446148bd848e6b,"Horizon PSI / Horizon Systems, Inc.",69fdf0ef38cbea6b3a692ebb,"prg812 - Pine Ridge Building L {PERG BUILDINGS, LLC}",evidenceOfInsurance,Evidence of Insurance,workersCompensation,Workers' Compensation and Employer's Liability,evidenceOfInsuranceWorkersCompensationEmployersLiabilityDiseasePolicyLimit,Employer's Liability Disease - policy limit,,matchOnce,must be greater or equal to,500000,1000000,compliant,Block Requirements,,,false,1,,2026-08-16
"Block Real Estate Services, LLC",69fdf79262446148bd859c1d,69fded1762446148bd848e6b,"Horizon PSI / Horizon Systems, Inc.",69fdf0ef38cbea6b3a692ebb,"prg812 - Pine Ridge Building L {PERG BUILDINGS, LLC}",evidenceOfInsurance,Evidence of Insurance,workersCompensation,Workers' Compensation and Employer's Liability,evidenceOfInsuranceWorkersCompensationWaiverOfSubrogationEndorsement,Waiver of Subrogation,"---prompt---
Determine if the insurer has waived their right of subrogation in favor of the certificate holder under the Workers' Compensation policy. Evidence may include: a checked ""Waiver of Subrogation"" box on the certificate, mention in the Description of Operations section stating ""waiver of subrogation applies"", or reference to form WC 00 03 13. Look for language like ""subrogation is waived"" or ""per written contract"".",matchOnce,must be present,,Present,compliant,Block Requirements,,,false,1,,2026-08-16
"Block Real Estate Services, LLC",69fdf79262446148bd859c1d,69fded1762446148bd848e6b,"Horizon PSI / Horizon Systems, Inc.",69fdf0ef38cbea6b3a692ebb,"prg812 - Pine Ridge Building L {PERG BUILDINGS, LLC}",evidenceOfInsurance,Evidence of Insurance,6ac20aae-5728-5d57-b364-aeba38527dba,Additional Requirements,4da5b0f1-4c9d-5885-8cf8-5d3cccaed3e0,"Block Real Estate Services, LLC and all others required by contract are named as Additional Insureds","---prompt---
Determine if the Description of Operations or the Additional Remarks Schedule section states the ""Additional Insured as Construction Management, Inc. and all others required by contract"" or reference to blanket additional insured coverage. Look for language like ""certificate holder is additional insured"" or ""per written contract"".",matchOnce,must be present,,Present,compliant,Block Requirements,,,true,1,,2026-08-16
"Block Real Estate Services, LLC",69fdf79262446148bd859c1d,69fded1762446148bd848e6b,"Horizon PSI / Horizon Systems, Inc.",69fdf0ef38cbea6b3a692ebb,"prg812 - Pine Ridge Building L {PERG BUILDINGS, LLC}",evidenceOfInsurance,Evidence of Insurance,6ac20aae-5728-5d57-b364-aeba38527dba,Additional Requirements,e1017741-e47e-5f58-97b8-fbc3043e919f,Umbrella follows form over General Liability,"---prompt---
Determine if the Umbrella/Excess Liability policy follows form to the underlying policies. Evidence may include: language in the Description of Operations section stating the umbrella follows form to underlying coverages or an additional page endorsement stating that it follows form. Follow form means the umbrella policy adopts the same terms, conditions, and exclusions as the underlying policies.",matchOnce,must be present,,Present,compliant,Block Requirements,,,true,1,,2026-08-16
"Block Real Estate Services, LLC",69fdf79262446148bd859c1d,69fded1762446148bd848e6b,"Horizon PSI / Horizon Systems, Inc.",69fdf0ef38cbea6b3a692ebb,"prg812 - Pine Ridge Building L {PERG BUILDINGS, LLC}",evidenceOfInsurance,Evidence of Insurance,6ac20aae-5728-5d57-b364-aeba38527dba,Additional Requirements,2cdd866f-c9a4-576a-afd8-1d045762790c,The location must be listed as: 8326 Melrose Drive Lenexa KS 66214,,matchOnce,must be present,,Present,compliant,Block Requirements,,,true,1,,2026-08-16
"Block Real Estate Services, LLC",69fdf79262446148bd859c1d,69fded1762446148bd848e6b,"Horizon PSI / Horizon Systems, Inc.",69fdf0ef38cbea6b3a692ebb,"prg812 - Pine Ridge Building L {PERG BUILDINGS, LLC}",evidenceOfInsurance,Evidence of Insurance,6ac20aae-5728-5d57-b364-aeba38527dba,Additional Requirements,3649e9d1-4e09-59bf-8f30-cb33c40cf117,"Certificate Holder must read: c/o Block Real Estate Services, LLC, 4622 Pennsylvania St., Suite 700, Kansas City, MO, 64112",,matchOnce,must be present,,Present,compliant,Block Requirements,,,true,1,,2026-08-16
"Block Real Estate Services, LLC",69fdf79262446148bd859c20,69fded1e62446148bd8490ab,Prairie Engineers PC,69fdf0ef38cbea6b3a692ebb,"prg812 - Pine Ridge Building L {PERG BUILDINGS, LLC}",evidenceOfInsurance,Evidence of Insurance,commercialGeneralLiability,Commercial General Liability,evidenceOfInsuranceCommercialGeneralLiabilityCoverageTriggerOccurrence,Coverage Trigger: Occurrence,,matchOnce,must be present,,Present,compliant,Block Requirements,,,false,1,,2026-08-16
"Block Real Estate Services, LLC",69fdf79262446148bd859c20,69fded1e62446148bd8490ab,Prairie Engineers PC,69fdf0ef38cbea6b3a692ebb,"prg812 - Pine Ridge Building L {PERG BUILDINGS, LLC}",evidenceOfInsurance,Evidence of Insurance,commercialGeneralLiability,Commercial General Liability,evidenceOfInsuranceCommercialGeneralLiabilityGeneralAggregateLimitAppliesPerLocation,General Aggregate Limit Applies per: Location,,matchOnce,must be present,,Present,compliant,Block Requirements,,,false,1,,2026-08-16
"Block Real Estate Services, LLC",69fdf79262446148bd859c20,69fded1e62446148bd8490ab,Prairie Engineers PC,69fdf0ef38cbea6b3a692ebb,"prg812 - Pine Ridge Building L {PERG BUILDINGS, LLC}",evidenceOfInsurance,Evidence of Insurance,commercialGeneralLiability,Commercial General Liability,evidenceOfInsuranceCommercialGeneralLiabilityEachOccurrence,Each Occurrence,,matchOnce,must be greater or equal to,1000000,1000000,compliant,Block Requirements,,,false,1,,2026-08-16
"Block Real Estate Services, LLC",69fdf79262446148bd859c20,69fded1e62446148bd8490ab,Prairie Engineers PC,69fdf0ef38cbea6b3a692ebb,"prg812 - Pine Ridge Building L {PERG BUILDINGS, LLC}",evidenceOfInsurance,Evidence of Insurance,commercialGeneralLiability,Commercial General Liability,evidenceOfInsuranceCommercialGeneralLiabilityGeneralAggregate,General Aggregate,,matchOnce,must be greater or equal to,2000000,2000000,compliant,Block Requirements,,,false,1,,2026-08-16
"Block Real Estate Services, LLC",69fdf79262446148bd859c20,69fded1e62446148bd8490ab,Prairie Engineers PC,69fdf0ef38cbea6b3a692ebb,"prg812 - Pine Ridge Building L {PERG BUILDINGS, LLC}",evidenceOfInsurance,Evidence of Insurance,commercialGeneralLiability,Commercial General Liability,evidenceOfInsuranceCommercialGeneralLiabilityWaiverOfSubrogationEndorsement,Waiver of Subrogation,"---prompt---
Determine if the insurer has waived their right of subrogation in favor of the certificate holder under the Commercial General Liability policy. Evidence may include: a checked ""Waiver of Subrogation"" box on the certificate, mention in the Description of Operations section stating ""waiver of subrogation applies"", or reference to form CG 24 04. Look for language like ""subrogation is waived"" or ""per written contract"".",matchOnce,must be present,,Present,compliant,Block Requirements,,,false,1,,2026-08-16
"Block Real Estate Services, LLC",69fdf79262446148bd859c20,69fded1e62446148bd8490ab,Prairie Engineers PC,69fdf0ef38cbea6b3a692ebb,"prg812 - Pine Ridge Building L {PERG BUILDINGS, LLC}",evidenceOfInsurance,Evidence of Insurance,excessOrUmbrellaLiability,Umbrella/Excess Liability,evidenceOfInsuranceExcessOrUmbrellaLiabilityOccurence,Coverage Trigger: Occurrence,,matchOnce,must be present,,Present,compliant,Block Requirements,,,false,1,,2026-08-16
"Block Real Estate Services, LLC",69fdf79262446148bd859c20,69fded1e62446148bd8490ab,Prairie Engineers PC,69fdf0ef38cbea6b3a692ebb,"prg812 - Pine Ridge Building L {PERG BUILDINGS, LLC}",evidenceOfInsurance,Evidence of Insurance,excessOrUmbrellaLiability,Umbrella/Excess Liability,evidenceOfInsuranceExcessOrUmbrellaLiabilityEachOccurrence,Each Occurrence,,matchOnce,must be greater or equal to,1000000,5000000,compliant,Block Requirements,,,false,1,,2026-08-16
"Block Real Estate Services, LLC",69fdf79262446148bd859c20,69fded1e62446148bd8490ab,Prairie Engineers PC,69fdf0ef38cbea6b3a692ebb,"prg812 - Pine Ridge Building L {PERG BUILDINGS, LLC}",evidenceOfInsurance,Evidence of Insurance,excessOrUmbrellaLiability,Umbrella/Excess Liability,evidenceOfInsuranceExcessOrUmbrellaLiabilityAggregate,Aggregate,,matchOnce,must be greater or equal to,1000000,5000000,compliant,Block Requirements,,,false,1,,2026-08-16
"Block Real Estate Services, LLC",69fdf79262446148bd859c20,69fded1e62446148bd8490ab,Prairie Engineers PC,69fdf0ef38cbea6b3a692ebb,"prg812 - Pine Ridge Building L {PERG BUILDINGS, LLC}",evidenceOfInsurance,Evidence of Insurance,workersCompensation,Workers' Compensation and Employer's Liability,evidenceOfInsuranceWorkersCompensationStatutoryLimits,Statutory Limits,,matchOnce,must be present,,Present,compliant,Block Requirements,,,false,1,,2026-08-16
"Block Real Estate Services, LLC",69fdf79262446148bd859c20,69fded1e62446148bd8490ab,Prairie Engineers PC,69fdf0ef38cbea6b3a692ebb,"prg812 - Pine Ridge Building L {PERG BUILDINGS, LLC}",evidenceOfInsurance,Evidence of Insurance,workersCompensation,Workers' Compensation and Employer's Liability,evidenceOfInsuranceWorkersCompensationEmployersLiabilityEachAccident,Employer's Liability Each Accident,,matchOnce,must be greater or equal to,500000,1000000,compliant,Block Requirements,,,false,1,,2026-08-16
"Block Real Estate Services, LLC",69fdf79262446148bd859c20,69fded1e62446148bd8490ab,Prairie Engineers PC,69fdf0ef38cbea6b3a692ebb,"prg812 - Pine Ridge Building L {PERG BUILDINGS, LLC}",evidenceOfInsurance,Evidence of Insurance,workersCompensation,Workers' Compensation and Employer's Liability,evidenceOfInsuranceWorkersCompensationEmployersLiabilityDiseaseEachEmployee,Employer's Liability Disease - each employee,,matchOnce,must be greater or equal to,500000,1000000,compliant,Block Requirements,,,false,1,,2026-08-16
"Block Real Estate Services, LLC",69fdf79262446148bd859c20,69fded1e62446148bd8490ab,Prairie Engineers PC,69fdf0ef38cbea6b3a692ebb,"prg812 - Pine Ridge Building L {PERG BUILDINGS, LLC}",evidenceOfInsurance,Evidence of Insurance,workersCompensation,Workers' Compensation and Employer's Liability,evidenceOfInsuranceWorkersCompensationEmployersLiabilityDiseasePolicyLimit,Employer's Liability Disease - policy limit,,matchOnce,must be greater or equal to,500000,1000000,compliant,Block Requirements,,,false,1,,2026-08-16
"Block Real Estate Services, LLC",69fdf79262446148bd859c20,69fded1e62446148bd8490ab,Prairie Engineers PC,69fdf0ef38cbea6b3a692ebb,"prg812 - Pine Ridge Building L {PERG BUILDINGS, LLC}",evidenceOfInsurance,Evidence of Insurance,workersCompensation,Workers' Compensation and Employer's Liability,evidenceOfInsuranceWorkersCompensationWaiverOfSubrogationEndorsement,Waiver of Subrogation,"---prompt---
Determine if the insurer has waived their right of subrogation in favor of the certificate holder under the Workers' Compensation policy. Evidence may include: a checked ""Waiver of Subrogation"" box on the certificate, mention in the Description of Operations section stating ""waiver of subrogation applies"", or reference to form WC 00 03 13. Look for language like ""subrogation is waived"" or ""per written contract"".",matchOnce,must be present,,Present,compliant,Block Requirements,,,false,1,,2026-08-16
"Block Real Estate Services, LLC",69fdf79262446148bd859c20,69fded1e62446148bd8490ab,Prairie Engineers PC,69fdf0ef38cbea6b3a692ebb,"prg812 - Pine Ridge Building L {PERG BUILDINGS, LLC}",evidenceOfInsurance,Evidence of Insurance,6ac20aae-5728-5d57-b364-aeba38527dba,Additional Requirements,4da5b0f1-4c9d-5885-8cf8-5d3cccaed3e0,"Block Real Estate Services, LLC and all others required by contract are named as Additional Insureds","---prompt---
Determine if the Description of Operations or the Additional Remarks Schedule section states the ""Additional Insured as Construction Management, Inc. and all others required by contract"" or reference to blanket additional insured coverage. Look for language like ""certificate holder is additional insured"" or ""per written contract"".",matchOnce,must be present,,Present,compliant,Block Requirements,,,true,1,,2026-08-16
"Block Real Estate Services, LLC",69fdf79262446148bd859c20,69fded1e62446148bd8490ab,Prairie Engineers PC,69fdf0ef38cbea6b3a692ebb,"prg812 - Pine Ridge Building L {PERG BUILDINGS, LLC}",evidenceOfInsurance,Evidence of Insurance,6ac20aae-5728-5d57-b364-aeba38527dba,Additional Requirements,e1017741-e47e-5f58-97b8-fbc3043e919f,Umbrella follows form over General Liability,"---prompt---
Determine if the Umbrella/Excess Liability policy follows form to the underlying policies. Evidence may include: language in the Description of Operations section stating the umbrella follows form to underlying coverages or an additional page endorsement stating that it follows form. Follow form means the umbrella policy adopts the same terms, conditions, and exclusions as the underlying policies.",matchOnce,must be present,,Present,compliant,Block Requirements,,,true,1,,2026-08-16
"Block Real Estate Services, LLC",69fdf79262446148bd859c20,69fded1e62446148bd8490ab,Prairie Engineers PC,69fdf0ef38cbea6b3a692ebb,"prg812 - Pine Ridge Building L {PERG BUILDINGS, LLC}",evidenceOfInsurance,Evidence of Insurance,6ac20aae-5728-5d57-b364-aeba38527dba,Additional Requirements,2cdd866f-c9a4-576a-afd8-1d045762790c,The location must be listed as: 8328 Melrose Drive Lenexa KS 66214,,matchOnce,must be present,,Present,compliant,Block Requirements,,,true,1,,2026-08-16
"Block Real Estate Services, LLC",69fdf79262446148bd859c20,69fded1e62446148bd8490ab,Prairie Engineers PC,69fdf0ef38cbea6b3a692ebb,"prg812 - Pine Ridge Building L {PERG BUILDINGS, LLC}",evidenceOfInsurance,Evidence of Insurance,6ac20aae-5728-5d57-b364-aeba38527dba,Additional Requirements,3649e9d1-4e09-59bf-8f30-cb33c40cf117,"Certificate Holder must read: c/o Block Real Estate Services, LLC, 4622 Pennsylvania St., Suite 700, Kansas City, MO, 64112",,matchOnce,must be present,,Present,compliant,Block Requirements,,,true,1,,2026-08-16
"Block Real Estate Services, LLC",69fdf79262446148bd859c1f,69fded1b62446148bd848fc1,"Ingersol Rand / Milton Roy, LLC",69fdf0ef38cbea6b3a692ebb,"prg812 - Pine Ridge Building L {PERG BUILDINGS, LLC}",evidenceOfInsurance,Evidence of Insurance,commercialGeneralLiability,Commercial General Liability,evidenceOfInsuranceCommercialGeneralLiabilityCoverageTriggerOccurrence,Coverage Trigger: Occurrence,,matchOnce,must be present,,Present,compliant,Block Requirements,,,false,1,,2026-08-16
"Block Real Estate Services, LLC",69fdf79262446148bd859c1f,69fded1b62446148bd848fc1,"Ingersol Rand / Milton Roy, LLC",69fdf0ef38cbea6b3a692ebb,"prg812 - Pine Ridge Building L {PERG BUILDINGS, LLC}",evidenceOfInsurance,Evidence of Insurance,commercialGeneralLiability,Commercial General Liability,evidenceOfInsuranceCommercialGeneralLiabilityGeneralAggregateLimitAppliesPerLocation,General Aggregate Limit Applies per: Location,,matchOnce,must be present,,,waived,Block Requirements,Per location not a requirement per the lease,,false,0,,2026-08-16
"Block Real Estate Services, LLC",69fdf79262446148bd859c1f,69fded1b62446148bd848fc1,"Ingersol Rand / Milton Roy, LLC",69fdf0ef38cbea6b3a692ebb,"prg812 - Pine Ridge Building L {PERG BUILDINGS, LLC}",evidenceOfInsurance,Evidence of Insurance,commercialGeneralLiability,Commercial General Liability,evidenceOfInsuranceCommercialGeneralLiabilityEachOccurrence,Each Occurrence,,matchOnce,must be greater or equal to,1000000,5000000,compliant,Block Requirements,,,false,1,,2026-08-16
"Block Real Estate Services, LLC",69fdf79262446148bd859c1f,69fded1b62446148bd848fc1,"Ingersol Rand / Milton Roy, LLC",69fdf0ef38cbea6b3a692ebb,"prg812 - Pine Ridge Building L {PERG BUILDINGS, LLC}",evidenceOfInsurance,Evidence of Insurance,commercialGeneralLiability,Commercial General Liability,evidenceOfInsuranceCommercialGeneralLiabilityGeneralAggregate,General Aggregate,,matchOnce,must be greater or equal to,2000000,5000000,compliant,Block Requirements,,,false,1,,2026-08-16
"Block Real Estate Services, LLC",69fdf79262446148bd859c1f,69fded1b62446148bd848fc1,"Ingersol Rand / Milton Roy, LLC",69fdf0ef38cbea6b3a692ebb,"prg812 - Pine Ridge Building L {PERG BUILDINGS, LLC}",evidenceOfInsurance,Evidence of Insurance,commercialGeneralLiability,Commercial General Liability,evidenceOfInsuranceCommercialGeneralLiabilityWaiverOfSubrogationEndorsement,Waiver of Subrogation,"---prompt---
Determine if the insurer has waived their right of subrogation in favor of the certificate holder under the Commercial General Liability policy. Evidence may include: a checked ""Waiver of Subrogation"" box on the certificate, mention in the Description of Operations section stating ""waiver of subrogation applies"", or reference to form CG 24 04. Look for language like ""subrogation is waived"" or ""per written contract"".",matchOnce,must be present,,,waived,Block Requirements,WoS not a requirement per the lease,,false,0,,2026-08-16
"Block Real Estate Services, LLC",69fdf79262446148bd859c1f,69fded1b62446148bd848fc1,"Ingersol Rand / Milton Roy, LLC",69fdf0ef38cbea6b3a692ebb,"prg812 - Pine Ridge Building L {PERG BUILDINGS, LLC}",evidenceOfInsurance,Evidence of Insurance,excessOrUmbrellaLiability,Umbrella/Excess Liability,evidenceOfInsuranceExcessOrUmbrellaLiabilityOccurence,Coverage Trigger: Occurrence,,matchOnce,must be present,,,waived,Block Requirements,,,false,0,,2026-08-16
"Block Real Estate Services, LLC",69fdf79262446148bd859c1f,69fded1b62446148bd848fc1,"Ingersol Rand / Milton Roy, LLC",69fdf0ef38cbea6b3a692ebb,"prg812 - Pine Ridge Building L {PERG BUILDINGS, LLC}",evidenceOfInsurance,Evidence of Insurance,excessOrUmbrellaLiability,Umbrella/Excess Liability,evidenceOfInsuranceExcessOrUmbrellaLiabilityEachOccurrence,Each Occurrence,,matchOnce,must be greater or equal to,1000000,1000000,waived,Block Requirements,,,false,1,,2026-08-16
"Block Real Estate Services, LLC",69fdf79262446148bd859c1f,69fded1b62446148bd848fc1,"Ingersol Rand / Milton Roy, LLC",69fdf0ef38cbea6b3a692ebb,"prg812 - Pine Ridge Building L {PERG BUILDINGS, LLC}",evidenceOfInsurance,Evidence of Insurance,excessOrUmbrellaLiability,Umbrella/Excess Liability,evidenceOfInsuranceExcessOrUmbrellaLiabilityAggregate,Aggregate,,matchOnce,must be greater or equal to,1000000,1000000,waived,Block Requirements,,,false,1,,2026-08-16
"Block Real Estate Services, LLC",69fdf79262446148bd859c1f,69fded1b62446148bd848fc1,"Ingersol Rand / Milton Roy, LLC",69fdf0ef38cbea6b3a692ebb,"prg812 - Pine Ridge Building L {PERG BUILDINGS, LLC}",evidenceOfInsurance,Evidence of Insurance,workersCompensation,Workers' Compensation and Employer's Liability,evidenceOfInsuranceWorkersCompensationStatutoryLimits,Statutory Limits,,matchOnce,must be present,,Present,waived,Block Requirements,,,false,1,,2026-08-16
"Block Real Estate Services, LLC",69fdf79262446148bd859c1f,69fded1b62446148bd848fc1,"Ingersol Rand / Milton Roy, LLC",69fdf0ef38cbea6b3a692ebb,"prg812 - Pine Ridge Building L {PERG BUILDINGS, LLC}",evidenceOfInsurance,Evidence of Insurance,workersCompensation,Workers' Compensation and Employer's Liability,evidenceOfInsuranceWorkersCompensationEmployersLiabilityEachAccident,Employer's Liability Each Accident,,matchOnce,must be greater or equal to,500000,1000000,waived,Block Requirements,,,false,1,,2026-08-16
"Block Real Estate Services, LLC",69fdf79262446148bd859c1f,69fded1b62446148bd848fc1,"Ingersol Rand / Milton Roy, LLC",69fdf0ef38cbea6b3a692ebb,"prg812 - Pine Ridge Building L {PERG BUILDINGS, LLC}",evidenceOfInsurance,Evidence of Insurance,workersCompensation,Workers' Compensation and Employer's Liability,evidenceOfInsuranceWorkersCompensationEmployersLiabilityDiseaseEachEmployee,Employer's Liability Disease - each employee,,matchOnce,must be greater or equal to,500000,1000000,waived,Block Requirements,,,false,1,,2026-08-16
"Block Real Estate Services, LLC",69fdf79262446148bd859c1f,69fded1b62446148bd848fc1,"Ingersol Rand / Milton Roy, LLC",69fdf0ef38cbea6b3a692ebb,"prg812 - Pine Ridge Building L {PERG BUILDINGS, LLC}",evidenceOfInsurance,Evidence of Insurance,workersCompensation,Workers' Compensation and Employer's Liability,evidenceOfInsuranceWorkersCompensationEmployersLiabilityDiseasePolicyLimit,Employer's Liability Disease - policy limit,,matchOnce,must be greater or equal to,500000,1000000,waived,Block Requirements,,,false,1,,2026-08-16
"Block Real Estate Services, LLC",69fdf79262446148bd859c1f,69fded1b62446148bd848fc1,"Ingersol Rand / Milton Roy, LLC",69fdf0ef38cbea6b3a692ebb,"prg812 - Pine Ridge Building L {PERG BUILDINGS, LLC}",evidenceOfInsurance,Evidence of Insurance,workersCompensation,Workers' Compensation and Employer's Liability,evidenceOfInsuranceWorkersCompensationWaiverOfSubrogationEndorsement,Waiver of Subrogation,"---prompt---
Determine if the insurer has waived their right of subrogation in favor of the certificate holder under the Workers' Compensation policy. Evidence may include: a checked ""Waiver of Subrogation"" box on the certificate, mention in the Description of Operations section stating ""waiver of subrogation applies"", or reference to form WC 00 03 13. Look for language like ""subrogation is waived"" or ""per written contract"".",matchOnce,must be present,,,waived,Block Requirements,,,false,0,,2026-08-16
"Block Real Estate Services, LLC",69fdf79262446148bd859c1f,69fded1b62446148bd848fc1,"Ingersol Rand / Milton Roy, LLC",69fdf0ef38cbea6b3a692ebb,"prg812 - Pine Ridge Building L {PERG BUILDINGS, LLC}",evidenceOfInsurance,Evidence of Insurance,6ac20aae-5728-5d57-b364-aeba38527dba,Additional Requirements,4da5b0f1-4c9d-5885-8cf8-5d3cccaed3e0,"Block Real Estate Services, LLC and all others required by contract are named as Additional Insureds","---prompt---
Determine if the Description of Operations or the Additional Remarks Schedule section states the ""Additional Insured as Construction Management, Inc. and all others required by contract"" or reference to blanket additional insured coverage. Look for language like ""certificate holder is additional insured"" or ""per written contract"".",matchOnce,must be present,,Present,compliant,Block Requirements,,,true,1,,2026-08-16
"Block Real Estate Services, LLC",69fdf79262446148bd859c1f,69fded1b62446148bd848fc1,"Ingersol Rand / Milton Roy, LLC",69fdf0ef38cbea6b3a692ebb,"prg812 - Pine Ridge Building L {PERG BUILDINGS, LLC}",evidenceOfInsurance,Evidence of Insurance,6ac20aae-5728-5d57-b364-aeba38527dba,Additional Requirements,e1017741-e47e-5f58-97b8-fbc3043e919f,Umbrella follows form over General Liability,"---prompt---
Determine if the Umbrella/Excess Liability policy follows form to the underlying policies. Evidence may include: language in the Description of Operations section stating the umbrella follows form to underlying coverages or an additional page endorsement stating that it follows form. Follow form means the umbrella policy adopts the same terms, conditions, and exclusions as the underlying policies.",matchOnce,must be present,,,waived,Block Requirements,Umbrella requirement waived,,true,0,,2026-08-16
"Block Real Estate Services, LLC",69fdf79262446148bd859c1f,69fded1b62446148bd848fc1,"Ingersol Rand / Milton Roy, LLC",69fdf0ef38cbea6b3a692ebb,"prg812 - Pine Ridge Building L {PERG BUILDINGS, LLC}",evidenceOfInsurance,Evidence of Insurance,6ac20aae-5728-5d57-b364-aeba38527dba,Additional Requirements,2cdd866f-c9a4-576a-afd8-1d045762790c,"The location must be listed as: 8340, 8342, 8344 Melrose Drive Lenexa KS 66214",,matchOnce,must be present,,Present,compliant,Block Requirements,,,true,1,,2026-08-16
"Block Real Estate Services, LLC",69fdf79262446148bd859c1f,69fded1b62446148bd848fc1,"Ingersol Rand / Milton Roy, LLC",69fdf0ef38cbea6b3a692ebb,"prg812 - Pine Ridge Building L {PERG BUILDINGS, LLC}",evidenceOfInsurance,Evidence of Insurance,6ac20aae-5728-5d57-b364-aeba38527dba,Additional Requirements,3649e9d1-4e09-59bf-8f30-cb33c40cf117,"Certificate Holder must read: c/o Block Real Estate Services, LLC, 4622 Pennsylvania St., Suite 700, Kansas City, MO, 64112",,matchOnce,must be present,,Present,compliant,Block Requirements,,,true,1,,2026-08-16
"Block Real Estate Services, LLC",69fdf79262446148bd859c1e,69fded1862446148bd848ec8,Central Links Golf / Kansas City Golf Association (fka KCGA),69fdf0ef38cbea6b3a692ebb,"prg812 - Pine Ridge Building L {PERG BUILDINGS, LLC}",evidenceOfInsurance,Evidence of Insurance,commercialGeneralLiability,Commercial General Liability,evidenceOfInsuranceCommercialGeneralLiabilityCoverageTriggerOccurrence,Coverage Trigger: Occurrence,,matchOnce,must be present,,,non_compliant,Block Requirements,,,false,0,,2026-08-16
"Block Real Estate Services, LLC",69fdf79262446148bd859c1e,69fded1862446148bd848ec8,Central Links Golf / Kansas City Golf Association (fka KCGA),69fdf0ef38cbea6b3a692ebb,"prg812 - Pine Ridge Building L {PERG BUILDINGS, LLC}",evidenceOfInsurance,Evidence of Insurance,commercialGeneralLiability,Commercial General Liability,evidenceOfInsuranceCommercialGeneralLiabilityGeneralAggregateLimitAppliesPerLocation,General Aggregate Limit Applies per: Location,,matchOnce,must be present,,,non_compliant,Block Requirements,,,false,0,,2026-08-16
"Block Real Estate Services, LLC",69fdf79262446148bd859c1e,69fded1862446148bd848ec8,Central Links Golf / Kansas City Golf Association (fka KCGA),69fdf0ef38cbea6b3a692ebb,"prg812 - Pine Ridge Building L {PERG BUILDINGS, LLC}",evidenceOfInsurance,Evidence of Insurance,commercialGeneralLiability,Commercial General Liability,evidenceOfInsuranceCommercialGeneralLiabilityEachOccurrence,Each Occurrence,,matchOnce,must be greater or equal to,1000000,,non_compliant,Block Requirements,,,false,0,,2026-08-16
"Block Real Estate Services, LLC",69fdf79262446148bd859c1e,69fded1862446148bd848ec8,Central Links Golf / Kansas City Golf Association (fka KCGA),69fdf0ef38cbea6b3a692ebb,"prg812 - Pine Ridge Building L {PERG BUILDINGS, LLC}",evidenceOfInsurance,Evidence of Insurance,commercialGeneralLiability,Commercial General Liability,evidenceOfInsuranceCommercialGeneralLiabilityGeneralAggregate,General Aggregate,,matchOnce,must be greater or equal to,2000000,,non_compliant,Block Requirements,,,false,0,,2026-08-16
"Block Real Estate Services, LLC",69fdf79262446148bd859c1e,69fded1862446148bd848ec8,Central Links Golf / Kansas City Golf Association (fka KCGA),69fdf0ef38cbea6b3a692ebb,"prg812 - Pine Ridge Building L {PERG BUILDINGS, LLC}",evidenceOfInsurance,Evidence of Insurance,commercialGeneralLiability,Commercial General Liability,evidenceOfInsuranceCommercialGeneralLiabilityWaiverOfSubrogationEndorsement,Waiver of Subrogation,"---prompt---
Determine if the insurer has waived their right of subrogation in favor of the certificate holder under the Commercial General Liability policy. Evidence may include: a checked ""Waiver of Subrogation"" box on the certificate, mention in the Description of Operations section stating ""waiver of subrogation applies"", or reference to form CG 24 04. Look for language like ""subrogation is waived"" or ""per written contract"".",matchOnce,must be present,,,non_compliant,Block Requirements,,,false,0,,2026-08-16
"Block Real Estate Services, LLC",69fdf79262446148bd859c1e,69fded1862446148bd848ec8,Central Links Golf / Kansas City Golf Association (fka KCGA),69fdf0ef38cbea6b3a692ebb,"prg812 - Pine Ridge Building L {PERG BUILDINGS, LLC}",evidenceOfInsurance,Evidence of Insurance,excessOrUmbrellaLiability,Umbrella/Excess Liability,evidenceOfInsuranceExcessOrUmbrellaLiabilityOccurence,Coverage Trigger: Occurrence,,matchOnce,must be present,,,non_compliant,Block Requirements,,,false,0,,2026-08-16
"Block Real Estate Services, LLC",69fdf79262446148bd859c1e,69fded1862446148bd848ec8,Central Links Golf / Kansas City Golf Association (fka KCGA),69fdf0ef38cbea6b3a692ebb,"prg812 - Pine Ridge Building L {PERG BUILDINGS, LLC}",evidenceOfInsurance,Evidence of Insurance,excessOrUmbrellaLiability,Umbrella/Excess Liability,evidenceOfInsuranceExcessOrUmbrellaLiabilityEachOccurrence,Each Occurrence,,matchOnce,must be greater or equal to,1000000,,non_compliant,Block Requirements,,,false,0,,2026-08-16
"Block Real Estate Services, LLC",69fdf79262446148bd859c1e,69fded1862446148bd848ec8,Central Links Golf / Kansas City Golf Association (fka KCGA),69fdf0ef38cbea6b3a692ebb,"prg812 - Pine Ridge Building L {PERG BUILDINGS, LLC}",evidenceOfInsurance,Evidence of Insurance,excessOrUmbrellaLiability,Umbrella/Excess Liability,evidenceOfInsuranceExcessOrUmbrellaLiabilityAggregate,Aggregate,,matchOnce,must be greater or equal to,1000000,,non_compliant,Block Requirements,,,false,0,,2026-08-16
"Block Real Estate Services, LLC",69fdf79262446148bd859c1e,69fded1862446148bd848ec8,Central Links Golf / Kansas City Golf Association (fka KCGA),69fdf0ef38cbea6b3a692ebb,"prg812 - Pine Ridge Building L {PERG BUILDINGS, LLC}",evidenceOfInsurance,Evidence of Insurance,workersCompensation,Workers' Compensation and Employer's Liability,evidenceOfInsuranceWorkersCompensationStatutoryLimits,Statutory Limits,,matchOnce,must be present,,,non_compliant,Block Requirements,,,false,0,,2026-08-16
"Block Real Estate Services, LLC",69fdf79262446148bd859c1e,69fded1862446148bd848ec8,Central Links Golf / Kansas City Golf Association (fka KCGA),69fdf0ef38cbea6b3a692ebb,"prg812 - Pine Ridge Building L {PERG BUILDINGS, LLC}",evidenceOfInsurance,Evidence of Insurance,workersCompensation,Workers' Compensation and Employer's Liability,evidenceOfInsuranceWorkersCompensationEmployersLiabilityEachAccident,Employer's Liability Each Accident,,matchOnce,must be greater or equal to,500000,,non_compliant,Block Requirements,,,false,0,,2026-08-16
"Block Real Estate Services, LLC",69fdf79262446148bd859c1e,69fded1862446148bd848ec8,Central Links Golf / Kansas City Golf Association (fka KCGA),69fdf0ef38cbea6b3a692ebb,"prg812 - Pine Ridge Building L {PERG BUILDINGS, LLC}",evidenceOfInsurance,Evidence of Insurance,workersCompensation,Workers' Compensation and Employer's Liability,evidenceOfInsuranceWorkersCompensationEmployersLiabilityDiseaseEachEmployee,Employer's Liability Disease - each employee,,matchOnce,must be greater or equal to,500000,,non_compliant,Block Requirements,,,false,0,,2026-08-16
"Block Real Estate Services, LLC",69fdf79262446148bd859c1e,69fded1862446148bd848ec8,Central Links Golf / Kansas City Golf Association (fka KCGA),69fdf0ef38cbea6b3a692ebb,"prg812 - Pine Ridge Building L {PERG BUILDINGS, LLC}",evidenceOfInsurance,Evidence of Insurance,workersCompensation,Workers' Compensation and Employer's Liability,evidenceOfInsuranceWorkersCompensationEmployersLiabilityDiseasePolicyLimit,Employer's Liability Disease - policy limit,,matchOnce,must be greater or equal to,500000,,non_compliant,Block Requirements,,,false,0,,2026-08-16
"Block Real Estate Services, LLC",69fdf79262446148bd859c1e,69fded1862446148bd848ec8,Central Links Golf / Kansas City Golf Association (fka KCGA),69fdf0ef38cbea6b3a692ebb,"prg812 - Pine Ridge Building L {PERG BUILDINGS, LLC}",evidenceOfInsurance,Evidence of Insurance,workersCompensation,Workers' Compensation and Employer's Liability,evidenceOfInsuranceWorkersCompensationWaiverOfSubrogationEndorsement,Waiver of Subrogation,"---prompt---
Determine if the insurer has waived their right of subrogation in favor of the certificate holder under the Workers' Compensation policy. Evidence may include: a checked ""Waiver of Subrogation"" box on the certificate, mention in the Description of Operations section stating ""waiver of subrogation applies"", or reference to form WC 00 03 13. Look for language like ""subrogation is waived"" or ""per written contract"".",matchOnce,must be present,,,non_compliant,Block Requirements,,,false,0,,2026-08-16
"Block Real Estate Services, LLC",69fdf79262446148bd859c1e,69fded1862446148bd848ec8,Central Links Golf / Kansas City Golf Association (fka KCGA),69fdf0ef38cbea6b3a692ebb,"prg812 - Pine Ridge Building L {PERG BUILDINGS, LLC}",evidenceOfInsurance,Evidence of Insurance,6ac20aae-5728-5d57-b364-aeba38527dba,Additional Requirements,4da5b0f1-4c9d-5885-8cf8-5d3cccaed3e0,"Block Real Estate Services, LLC and all others required by contract are named as Additional Insureds","---prompt---
Determine if the Description of Operations or the Additional Remarks Schedule section states the ""Additional Insured as Construction Management, Inc. and all others required by contract"" or reference to blanket additional insured coverage. Look for language like ""certificate holder is additional insured"" or ""per written contract"".",matchOnce,must be present,,,non_compliant,Block Requirements,,,true,0,,2026-08-16
"Block Real Estate Services, LLC",69fdf79262446148bd859c1e,69fded1862446148bd848ec8,Central Links Golf / Kansas City Golf Association (fka KCGA),69fdf0ef38cbea6b3a692ebb,"prg812 - Pine Ridge Building L {PERG BUILDINGS, LLC}",evidenceOfInsurance,Evidence of Insurance,6ac20aae-5728-5d57-b364-aeba38527dba,Additional Requirements,e1017741-e47e-5f58-97b8-fbc3043e919f,Umbrella follows form over General Liability,"---prompt---
Determine if the Umbrella/Excess Liability policy follows form to the underlying policies. Evidence may include: language in the Description of Operations section stating the umbrella follows form to underlying coverages or an additional page endorsement stating that it follows form. Follow form means the umbrella policy adopts the same terms, conditions, and exclusions as the underlying policies.",matchOnce,must be present,,,non_compliant,Block Requirements,,,true,0,,2026-08-16
"Block Real Estate Services, LLC",69fdf79262446148bd859c1e,69fded1862446148bd848ec8,Central Links Golf / Kansas City Golf Association (fka KCGA),69fdf0ef38cbea6b3a692ebb,"prg812 - Pine Ridge Building L {PERG BUILDINGS, LLC}",evidenceOfInsurance,Evidence of Insurance,6ac20aae-5728-5d57-b364-aeba38527dba,Additional Requirements,2cdd866f-c9a4-576a-afd8-1d045762790c,The location must be listed as: 8330 Melrose Drive Lenexa KS 66214,,matchOnce,must be present,,,non_compliant,Block Requirements,,,true,0,,2026-08-16
"Block Real Estate Services, LLC",69fdf79262446148bd859c1e,69fded1862446148bd848ec8,Central Links Golf / Kansas City Golf Association (fka KCGA),69fdf0ef38cbea6b3a692ebb,"prg812 - Pine Ridge Building L {PERG BUILDINGS, LLC}",evidenceOfInsurance,Evidence of Insurance,6ac20aae-5728-5d57-b364-aeba38527dba,Additional Requirements,3649e9d1-4e09-59bf-8f30-cb33c40cf117,"Certificate Holder must read: c/o Block Real Estate Services, LLC, 4622 Pennsylvania St., Suite 700, Kansas City, MO, 64112",,matchOnce,must be present,,,non_compliant,Block Requirements,,,true,0,,2026-08-16
"Block Real Estate Services, LLC",69fdf79262446148bd859c21,69fded2162446148bd8491ce,"UDP (Unisource Document Products)/ Datamax / Sumner Group, Inc.",69fdf0ef38cbea6b3a692ebb,"prg812 - Pine Ridge Building L {PERG BUILDINGS, LLC}",evidenceOfInsurance,Evidence of Insurance,commercialGeneralLiability,Commercial General Liability,evidenceOfInsuranceCommercialGeneralLiabilityCoverageTriggerOccurrence,Coverage Trigger: Occurrence,,matchOnce,must be present,,Present,compliant,Block Requirements,,,false,1,,2026-08-16
"Block Real Estate Services, LLC",69fdf79262446148bd859c21,69fded2162446148bd8491ce,"UDP (Unisource Document Products)/ Datamax / Sumner Group, Inc.",69fdf0ef38cbea6b3a692ebb,"prg812 - Pine Ridge Building L {PERG BUILDINGS, LLC}",evidenceOfInsurance,Evidence of Insurance,commercialGeneralLiability,Commercial General Liability,evidenceOfInsuranceCommercialGeneralLiabilityGeneralAggregateLimitAppliesPerLocation,General Aggregate Limit Applies per: Location,,matchOnce,must be present,,Present,compliant,Block Requirements,,,false,1,,2026-08-16
"Block Real Estate Services, LLC",69fdf79262446148bd859c21,69fded2162446148bd8491ce,"UDP (Unisource Document Products)/ Datamax / Sumner Group, Inc.",69fdf0ef38cbea6b3a692ebb,"prg812 - Pine Ridge Building L {PERG BUILDINGS, LLC}",evidenceOfInsurance,Evidence of Insurance,commercialGeneralLiability,Commercial General Liability,evidenceOfInsuranceCommercialGeneralLiabilityEachOccurrence,Each Occurrence,,matchOnce,must be greater or equal to,1000000,1000000,compliant,Block Requirements,,,false,1,,2026-08-16
"Block Real Estate Services, LLC",69fdf79262446148bd859c21,69fded2162446148bd8491ce,"UDP (Unisource Document Products)/ Datamax / Sumner Group, Inc.",69fdf0ef38cbea6b3a692ebb,"prg812 - Pine Ridge Building L {PERG BUILDINGS, LLC}",evidenceOfInsurance,Evidence of Insurance,commercialGeneralLiability,Commercial General Liability,evidenceOfInsuranceCommercialGeneralLiabilityGeneralAggregate,General Aggregate,,matchOnce,must be greater or equal to,2000000,2000000,compliant,Block Requirements,,,false,1,,2026-08-16
"Block Real Estate Services, LLC",69fdf79262446148bd859c21,69fded2162446148bd8491ce,"UDP (Unisource Document Products)/ Datamax / Sumner Group, Inc.",69fdf0ef38cbea6b3a692ebb,"prg812 - Pine Ridge Building L {PERG BUILDINGS, LLC}",evidenceOfInsurance,Evidence of Insurance,commercialGeneralLiability,Commercial General Liability,evidenceOfInsuranceCommercialGeneralLiabilityWaiverOfSubrogationEndorsement,Waiver of Subrogation,"---prompt---
Determine if the insurer has waived their right of subrogation in favor of the certificate holder under the Commercial General Liability policy. Evidence may include: a checked ""Waiver of Subrogation"" box on the certificate, mention in the Description of Operations section stating ""waiver of subrogation applies"", or reference to form CG 24 04. Look for language like ""subrogation is waived"" or ""per written contract"".",matchOnce,must be present,,Present,compliant,Block Requirements,,,false,1,,2026-08-16
"Block Real Estate Services, LLC",69fdf79262446148bd859c21,69fded2162446148bd8491ce,"UDP (Unisource Document Products)/ Datamax / Sumner Group, Inc.",69fdf0ef38cbea6b3a692ebb,"prg812 - Pine Ridge Building L {PERG BUILDINGS, LLC}",evidenceOfInsurance,Evidence of Insurance,excessOrUmbrellaLiability,Umbrella/Excess Liability,evidenceOfInsuranceExcessOrUmbrellaLiabilityOccurence,Coverage Trigger: Occurrence,,matchOnce,must be present,,Present,compliant,Block Requirements,,,false,1,,2026-08-16
"Block Real Estate Services, LLC",69fdf79262446148bd859c21,69fded2162446148bd8491ce,"UDP (Unisource Document Products)/ Datamax / Sumner Group, Inc.",69fdf0ef38cbea6b3a692ebb,"prg812 - Pine Ridge Building L {PERG BUILDINGS, LLC}",evidenceOfInsurance,Evidence of Insurance,excessOrUmbrellaLiability,Umbrella/Excess Liability,evidenceOfInsuranceExcessOrUmbrellaLiabilityEachOccurrence,Each Occurrence,,matchOnce,must be greater or equal to,1000000,10000000,compliant,Block Requirements,,,false,1,,2026-08-16
"Block Real Estate Services, LLC",69fdf79262446148bd859c21,69fded2162446148bd8491ce,"UDP (Unisource Document Products)/ Datamax / Sumner Group, Inc.",69fdf0ef38cbea6b3a692ebb,"prg812 - Pine Ridge Building L {PERG BUILDINGS, LLC}",evidenceOfInsurance,Evidence of Insurance,excessOrUmbrellaLiability,Umbrella/Excess Liability,evidenceOfInsuranceExcessOrUmbrellaLiabilityAggregate,Aggregate,,matchOnce,must be greater or equal to,1000000,10000000,compliant,Block Requirements,,,false,1,,2026-08-16
"Block Real Estate Services, LLC",69fdf79262446148bd859c21,69fded2162446148bd8491ce,"UDP (Unisource Document Products)/ Datamax / Sumner Group, Inc.",69fdf0ef38cbea6b3a692ebb,"prg812 - Pine Ridge Building L {PERG BUILDINGS, LLC}",evidenceOfInsurance,Evidence of Insurance,workersCompensation,Workers' Compensation and Employer's Liability,evidenceOfInsuranceWorkersCompensationStatutoryLimits,Statutory Limits,,matchOnce,must be present,,,non_compliant,Block Requirements,,,false,0,,2026-08-16
"Block Real Estate Services, LLC",69fdf79262446148bd859c21,69fded2162446148bd8491ce,"UDP (Unisource Document Products)/ Datamax / Sumner Group, Inc.",69fdf0ef38cbea6b3a692ebb,"prg812 - Pine Ridge Building L {PERG BUILDINGS, LLC}",evidenceOfInsurance,Evidence of Insurance,workersCompensation,Workers' Compensation and Employer's Liability,evidenceOfInsuranceWorkersCompensationEmployersLiabilityEachAccident,Employer's Liability Each Accident,,matchOnce,must be greater or equal to,500000,1000000,compliant,Block Requirements,,,false,1,,2026-08-16
"Block Real Estate Services, LLC",69fdf79262446148bd859c21,69fded2162446148bd8491ce,"UDP (Unisource Document Products)/ Datamax / Sumner Group, Inc.",69fdf0ef38cbea6b3a692ebb,"prg812 - Pine Ridge Building L {PERG BUILDINGS, LLC}",evidenceOfInsurance,Evidence of Insurance,workersCompensation,Workers' Compensation and Employer's Liability,evidenceOfInsuranceWorkersCompensationEmployersLiabilityDiseaseEachEmployee,Employer's Liability Disease - each employee,,matchOnce,must be greater or equal to,500000,1000000,compliant,Block Requirements,,,false,1,,2026-08-16
"Block Real Estate Services, LLC",69fdf79262446148bd859c21,69fded2162446148bd8491ce,"UDP (Unisource Document Products)/ Datamax / Sumner Group, Inc.",69fdf0ef38cbea6b3a692ebb,"prg812 - Pine Ridge Building L {PERG BUILDINGS, LLC}",evidenceOfInsurance,Evidence of Insurance,workersCompensation,Workers' Compensation and Employer's Liability,evidenceOfInsuranceWorkersCompensationEmployersLiabilityDiseasePolicyLimit,Employer's Liability Disease - policy limit,,matchOnce,must be greater or equal to,500000,1000000,compliant,Block Requirements,,,false,1,,2026-08-16
"Block Real Estate Services, LLC",69fdf79262446148bd859c21,69fded2162446148bd8491ce,"UDP (Unisource Document Products)/ Datamax / Sumner Group, Inc.",69fdf0ef38cbea6b3a692ebb,"prg812 - Pine Ridge Building L {PERG BUILDINGS, LLC}",evidenceOfInsurance,Evidence of Insurance,workersCompensation,Workers' Compensation and Employer's Liability,evidenceOfInsuranceWorkersCompensationWaiverOfSubrogationEndorsement,Waiver of Subrogation,"---prompt---
Determine if the insurer has waived their right of subrogation in favor of the certificate holder under the Workers' Compensation policy. Evidence may include: a checked ""Waiver of Subrogation"" box on the certificate, mention in the Description of Operations section stating ""waiver of subrogation applies"", or reference to form WC 00 03 13. Look for language like ""subrogation is waived"" or ""per written contract"".",matchOnce,must be present,,Present,compliant,Block Requirements,,,false,1,,2026-08-16
"Block Real Estate Services, LLC",69fdf79262446148bd859c21,69fded2162446148bd8491ce,"UDP (Unisource Document Products)/ Datamax / Sumner Group, Inc.",69fdf0ef38cbea6b3a692ebb,"prg812 - Pine Ridge Building L {PERG BUILDINGS, LLC}",evidenceOfInsurance,Evidence of Insurance,6ac20aae-5728-5d57-b364-aeba38527dba,Additional Requirements,4da5b0f1-4c9d-5885-8cf8-5d3cccaed3e0,"Block Real Estate Services, LLC and all others required by contract are named as Additional Insureds","---prompt---
Determine if the Description of Operations or the Additional Remarks Schedule section states the ""Additional Insured as Construction Management, Inc. and all others required by contract"" or reference to blanket additional insured coverage. Look for language like ""certificate holder is additional insured"" or ""per written contract"".",matchOnce,must be present,,Present,compliant,Block Requirements,,,true,1,,2026-08-16
"Block Real Estate Services, LLC",69fdf79262446148bd859c21,69fded2162446148bd8491ce,"UDP (Unisource Document Products)/ Datamax / Sumner Group, Inc.",69fdf0ef38cbea6b3a692ebb,"prg812 - Pine Ridge Building L {PERG BUILDINGS, LLC}",evidenceOfInsurance,Evidence of Insurance,6ac20aae-5728-5d57-b364-aeba38527dba,Additional Requirements,e1017741-e47e-5f58-97b8-fbc3043e919f,Umbrella follows form over General Liability,"---prompt---
Determine if the Umbrella/Excess Liability policy follows form to the underlying policies. Evidence may include: language in the Description of Operations section stating the umbrella follows form to underlying coverages or an additional page endorsement stating that it follows form. Follow form means the umbrella policy adopts the same terms, conditions, and exclusions as the underlying policies.",matchOnce,must be present,,Present,compliant,Block Requirements,,,true,1,,2026-08-16
"Block Real Estate Services, LLC",69fdf79262446148bd859c21,69fded2162446148bd8491ce,"UDP (Unisource Document Products)/ Datamax / Sumner Group, Inc.",69fdf0ef38cbea6b3a692ebb,"prg812 - Pine Ridge Building L {PERG BUILDINGS, LLC}",evidenceOfInsurance,Evidence of Insurance,6ac20aae-5728-5d57-b364-aeba38527dba,Additional Requirements,2cdd866f-c9a4-576a-afd8-1d045762790c,"The location must be listed as: 8336-B, 8338 Melrose Drive Lenexa KS 66214",,matchOnce,must be present,,Present,compliant,Block Requirements,,,true,1,,2026-08-16
"Block Real Estate Services, LLC",69fdf79262446148bd859c21,69fded2162446148bd8491ce,"UDP (Unisource Document Products)/ Datamax / Sumner Group, Inc.",69fdf0ef38cbea6b3a692ebb,"prg812 - Pine Ridge Building L {PERG BUILDINGS, LLC}",evidenceOfInsurance,Evidence of Insurance,6ac20aae-5728-5d57-b364-aeba38527dba,Additional Requirements,3649e9d1-4e09-59bf-8f30-cb33c40cf117,"Certificate Holder must read: c/o Block Real Estate Services, LLC, 4622 Pennsylvania St., Suite 700, Kansas City, MO, 64112",,matchOnce,must be present,,Present,compliant,Block Requirements,,,true,1,,2026-08-16
"Block Real Estate Services, LLC",6a1872246b1e29a28e505591,6a18721753ab917b1e649498,"Critical Facilities Technology, LLC",69fdf0ef38cbea6b3a692ebb,"prg812 - Pine Ridge Building L {PERG BUILDINGS, LLC}",evidenceOfInsurance,Evidence of Insurance,commercialGeneralLiability,Commercial General Liability,evidenceOfInsuranceCommercialGeneralLiabilityCoverageTriggerOccurrence,Coverage Trigger: Occurrence,,matchOnce,must be present,,Present,compliant,Block Requirements,,,false,2,,2026-08-16
"Block Real Estate Services, LLC",6a1872246b1e29a28e505591,6a18721753ab917b1e649498,"Critical Facilities Technology, LLC",69fdf0ef38cbea6b3a692ebb,"prg812 - Pine Ridge Building L {PERG BUILDINGS, LLC}",evidenceOfInsurance,Evidence of Insurance,commercialGeneralLiability,Commercial General Liability,evidenceOfInsuranceCommercialGeneralLiabilityGeneralAggregateLimitAppliesPerLocation,General Aggregate Limit Applies per: Location,,matchOnce,must be present,,,non_compliant,Block Requirements,,,false,0,,2026-08-16
"Block Real Estate Services, LLC",6a1872246b1e29a28e505591,6a18721753ab917b1e649498,"Critical Facilities Technology, LLC",69fdf0ef38cbea6b3a692ebb,"prg812 - Pine Ridge Building L {PERG BUILDINGS, LLC}",evidenceOfInsurance,Evidence of Insurance,commercialGeneralLiability,Commercial General Liability,evidenceOfInsuranceCommercialGeneralLiabilityEachOccurrence,Each Occurrence,,matchOnce,must be greater or equal to,1000000,1000000,compliant,Block Requirements,,,false,2,,2026-08-16
"Block Real Estate Services, LLC",6a1872246b1e29a28e505591,6a18721753ab917b1e649498,"Critical Facilities Technology, LLC",69fdf0ef38cbea6b3a692ebb,"prg812 - Pine Ridge Building L {PERG BUILDINGS, LLC}",evidenceOfInsurance,Evidence of Insurance,commercialGeneralLiability,Commercial General Liability,evidenceOfInsuranceCommercialGeneralLiabilityGeneralAggregate,General Aggregate,,matchOnce,must be greater or equal to,2000000,2000000,compliant,Block Requirements,,,false,2,,2026-08-16
"Block Real Estate Services, LLC",6a1872246b1e29a28e505591,6a18721753ab917b1e649498,"Critical Facilities Technology, LLC",69fdf0ef38cbea6b3a692ebb,"prg812 - Pine Ridge Building L {PERG BUILDINGS, LLC}",evidenceOfInsurance,Evidence of Insurance,commercialGeneralLiability,Commercial General Liability,evidenceOfInsuranceCommercialGeneralLiabilityWaiverOfSubrogationEndorsement,Waiver of Subrogation,"---prompt---
Determine if the insurer has waived their right of subrogation in favor of the certificate holder under the Commercial General Liability policy. Evidence may include: a checked ""Waiver of Subrogation"" box on the certificate, mention in the Description of Operations section stating ""waiver of subrogation applies"", or reference to form CG 24 04. Look for language like ""subrogation is waived"" or ""per written contract"".",matchOnce,must be present,,Present,compliant,Block Requirements,,,false,2,,2026-08-16
"Block Real Estate Services, LLC",6a1872246b1e29a28e505591,6a18721753ab917b1e649498,"Critical Facilities Technology, LLC",69fdf0ef38cbea6b3a692ebb,"prg812 - Pine Ridge Building L {PERG BUILDINGS, LLC}",evidenceOfInsurance,Evidence of Insurance,excessOrUmbrellaLiability,Umbrella/Excess Liability,evidenceOfInsuranceExcessOrUmbrellaLiabilityOccurence,Coverage Trigger: Occurrence,,matchOnce,must be present,,Present,compliant,Block Requirements,,,false,2,,2026-08-16
"Block Real Estate Services, LLC",6a1872246b1e29a28e505591,6a18721753ab917b1e649498,"Critical Facilities Technology, LLC",69fdf0ef38cbea6b3a692ebb,"prg812 - Pine Ridge Building L {PERG BUILDINGS, LLC}",evidenceOfInsurance,Evidence of Insurance,excessOrUmbrellaLiability,Umbrella/Excess Liability,evidenceOfInsuranceExcessOrUmbrellaLiabilityEachOccurrence,Each Occurrence,,matchOnce,must be greater or equal to,1000000,4000000,compliant,Block Requirements,,,false,2,,2026-08-16
"Block Real Estate Services, LLC",6a1872246b1e29a28e505591,6a18721753ab917b1e649498,"Critical Facilities Technology, LLC",69fdf0ef38cbea6b3a692ebb,"prg812 - Pine Ridge Building L {PERG BUILDINGS, LLC}",evidenceOfInsurance,Evidence of Insurance,excessOrUmbrellaLiability,Umbrella/Excess Liability,evidenceOfInsuranceExcessOrUmbrellaLiabilityAggregate,Aggregate,,matchOnce,must be greater or equal to,1000000,4000000,compliant,Block Requirements,,,false,2,,2026-08-16
"Block Real Estate Services, LLC",6a1872246b1e29a28e505591,6a18721753ab917b1e649498,"Critical Facilities Technology, LLC",69fdf0ef38cbea6b3a692ebb,"prg812 - Pine Ridge Building L {PERG BUILDINGS, LLC}",evidenceOfInsurance,Evidence of Insurance,workersCompensation,Workers' Compensation and Employer's Liability,evidenceOfInsuranceWorkersCompensationStatutoryLimits,Statutory Limits,,matchOnce,must be present,,Present,compliant,Block Requirements,,,false,2,,2026-08-16
"Block Real Estate Services, LLC",6a1872246b1e29a28e505591,6a18721753ab917b1e649498,"Critical Facilities Technology, LLC",69fdf0ef38cbea6b3a692ebb,"prg812 - Pine Ridge Building L {PERG BUILDINGS, LLC}",evidenceOfInsurance,Evidence of Insurance,workersCompensation,Workers' Compensation and Employer's Liability,evidenceOfInsuranceWorkersCompensationEmployersLiabilityEachAccident,Employer's Liability Each Accident,,matchOnce,must be greater or equal to,500000,1000000,compliant,Block Requirements,,,false,2,,2026-08-16
"Block Real Estate Services, LLC",6a1872246b1e29a28e505591,6a18721753ab917b1e649498,"Critical Facilities Technology, LLC",69fdf0ef38cbea6b3a692ebb,"prg812 - Pine Ridge Building L {PERG BUILDINGS, LLC}",evidenceOfInsurance,Evidence of Insurance,workersCompensation,Workers' Compensation and Employer's Liability,evidenceOfInsuranceWorkersCompensationEmployersLiabilityDiseaseEachEmployee,Employer's Liability Disease - each employee,,matchOnce,must be greater or equal to,500000,1000000,compliant,Block Requirements,,,false,2,,2026-08-16
"Block Real Estate Services, LLC",6a1872246b1e29a28e505591,6a18721753ab917b1e649498,"Critical Facilities Technology, LLC",69fdf0ef38cbea6b3a692ebb,"prg812 - Pine Ridge Building L {PERG BUILDINGS, LLC}",evidenceOfInsurance,Evidence of Insurance,workersCompensation,Workers' Compensation and Employer's Liability,evidenceOfInsuranceWorkersCompensationEmployersLiabilityDiseasePolicyLimit,Employer's Liability Disease - policy limit,,matchOnce,must be greater or equal to,500000,1000000,compliant,Block Requirements,,,false,2,,2026-08-16
"Block Real Estate Services, LLC",6a1872246b1e29a28e505591,6a18721753ab917b1e649498,"Critical Facilities Technology, LLC",69fdf0ef38cbea6b3a692ebb,"prg812 - Pine Ridge Building L {PERG BUILDINGS, LLC}",evidenceOfInsurance,Evidence of Insurance,workersCompensation,Workers' Compensation and Employer's Liability,evidenceOfInsuranceWorkersCompensationWaiverOfSubrogationEndorsement,Waiver of Subrogation,"---prompt---
Determine if the insurer has waived their right of subrogation in favor of the certificate holder under the Workers' Compensation policy. Evidence may include: a checked ""Waiver of Subrogation"" box on the certificate, mention in the Description of Operations section stating ""waiver of subrogation applies"", or reference to form WC 00 03 13. Look for language like ""subrogation is waived"" or ""per written contract"".",matchOnce,must be present,,Present,compliant,Block Requirements,,,false,1,,2026-08-16
"Block Real Estate Services, LLC",6a1872246b1e29a28e505591,6a18721753ab917b1e649498,"Critical Facilities Technology, LLC",69fdf0ef38cbea6b3a692ebb,"prg812 - Pine Ridge Building L {PERG BUILDINGS, LLC}",evidenceOfInsurance,Evidence of Insurance,6ac20aae-5728-5d57-b364-aeba38527dba,Additional Requirements,4da5b0f1-4c9d-5885-8cf8-5d3cccaed3e0,"Block Real Estate Services, LLC and all others required by contract are named as Additional Insureds","---prompt---
Determine if the Description of Operations or the Additional Remarks Schedule section states the ""Additional Insured as Construction Management, Inc. and all others required by contract"" or reference to blanket additional insured coverage. Look for language like ""certificate holder is additional insured"" or ""per written contract"".",matchOnce,must be present,,Present,compliant,Block Requirements,,,true,1,,2026-08-16
"Block Real Estate Services, LLC",6a1872246b1e29a28e505591,6a18721753ab917b1e649498,"Critical Facilities Technology, LLC",69fdf0ef38cbea6b3a692ebb,"prg812 - Pine Ridge Building L {PERG BUILDINGS, LLC}",evidenceOfInsurance,Evidence of Insurance,6ac20aae-5728-5d57-b364-aeba38527dba,Additional Requirements,e1017741-e47e-5f58-97b8-fbc3043e919f,Umbrella follows form over General Liability,"---prompt---
Determine if the Umbrella/Excess Liability policy follows form to the underlying policies. Evidence may include: language in the Description of Operations section stating the umbrella follows form to underlying coverages or an additional page endorsement stating that it follows form. Follow form means the umbrella policy adopts the same terms, conditions, and exclusions as the underlying policies.",matchOnce,must be present,,Present,compliant,Block Requirements,,,true,1,,2026-08-16
"Block Real Estate Services, LLC",6a1872246b1e29a28e505591,6a18721753ab917b1e649498,"Critical Facilities Technology, LLC",69fdf0ef38cbea6b3a692ebb,"prg812 - Pine Ridge Building L {PERG BUILDINGS, LLC}",evidenceOfInsurance,Evidence of Insurance,6ac20aae-5728-5d57-b364-aeba38527dba,Additional Requirements,2cdd866f-c9a4-576a-afd8-1d045762790c,"The location must be listed as: 8332, 8334, 8336-A Melrose Drive Lenexa KS 66214",,matchOnce,must be present,,,non_compliant,Block Requirements,,,true,0,,2026-08-16
"Block Real Estate Services, LLC",6a1872246b1e29a28e505591,6a18721753ab917b1e649498,"Critical Facilities Technology, LLC",69fdf0ef38cbea6b3a692ebb,"prg812 - Pine Ridge Building L {PERG BUILDINGS, LLC}",evidenceOfInsurance,Evidence of Insurance,6ac20aae-5728-5d57-b364-aeba38527dba,Additional Requirements,3649e9d1-4e09-59bf-8f30-cb33c40cf117,"Certificate Holder must read: c/o Block Real Estate Services, LLC, 4622 Pennsylvania St., Suite 700, Kansas City, MO, 64112",,matchOnce,must be present,,Present,compliant,Block Requirements,,,true,1,,2026-08-16
"Block Real Estate Services, LLC",69fdf79262446148bd859c46,69fded2162446148bd84918c,Southwest Solutions Group Inc,69fdf10de45e7dcf5c439a2b,"prg845 - Pine Ridge Building 25 {PERG BUILDINGS, LLC}",evidenceOfInsurance,Evidence of Insurance,commercialGeneralLiability,Commercial General Liability,evidenceOfInsuranceCommercialGeneralLiabilityCoverageTriggerOccurrence,Coverage Trigger: Occurrence,,matchOnce,must be present,,,non_compliant,Block Requirements,,,false,0,,2026-08-16
"Block Real Estate Services, LLC",69fdf79262446148bd859c46,69fded2162446148bd84918c,Southwest Solutions Group Inc,69fdf10de45e7dcf5c439a2b,"prg845 - Pine Ridge Building 25 {PERG BUILDINGS, LLC}",evidenceOfInsurance,Evidence of Insurance,commercialGeneralLiability,Commercial General Liability,evidenceOfInsuranceCommercialGeneralLiabilityGeneralAggregateLimitAppliesPerLocation,General Aggregate Limit Applies per: Location,,matchOnce,must be present,,,non_compliant,Block Requirements,,,false,0,,2026-08-16
"Block Real Estate Services, LLC",69fdf79262446148bd859c46,69fded2162446148bd84918c,Southwest Solutions Group Inc,69fdf10de45e7dcf5c439a2b,"prg845 - Pine Ridge Building 25 {PERG BUILDINGS, LLC}",evidenceOfInsurance,Evidence of Insurance,commercialGeneralLiability,Commercial General Liability,evidenceOfInsuranceCommercialGeneralLiabilityEachOccurrence,Each Occurrence,,matchOnce,must be greater or equal to,1000000,,non_compliant,Block Requirements,,,false,0,,2026-08-16
"Block Real Estate Services, LLC",69fdf79262446148bd859c46,69fded2162446148bd84918c,Southwest Solutions Group Inc,69fdf10de45e7dcf5c439a2b,"prg845 - Pine Ridge Building 25 {PERG BUILDINGS, LLC}",evidenceOfInsurance,Evidence of Insurance,commercialGeneralLiability,Commercial General Liability,evidenceOfInsuranceCommercialGeneralLiabilityGeneralAggregate,General Aggregate,,matchOnce,must be greater or equal to,2000000,,non_compliant,Block Requirements,,,false,0,,2026-08-16
"Block Real Estate Services, LLC",69fdf79262446148bd859c46,69fded2162446148bd84918c,Southwest Solutions Group Inc,69fdf10de45e7dcf5c439a2b,"prg845 - Pine Ridge Building 25 {PERG BUILDINGS, LLC}",evidenceOfInsurance,Evidence of Insurance,commercialGeneralLiability,Commercial General Liability,evidenceOfInsuranceCommercialGeneralLiabilityWaiverOfSubrogationEndorsement,Waiver of Subrogation,"---prompt---
Determine if the insurer has waived their right of subrogation in favor of the certificate holder under the Commercial General Liability policy. Evidence may include: a checked ""Waiver of Subrogation"" box on the certificate, mention in the Description of Operations section stating ""waiver of subrogation applies"", or reference to form CG 24 04. Look for language like ""subrogation is waived"" or ""per written contract"".",matchOnce,must be present,,,non_compliant,Block Requirements,,,false,0,,2026-08-16
"Block Real Estate Services, LLC",69fdf79262446148bd859c46,69fded2162446148bd84918c,Southwest Solutions Group Inc,69fdf10de45e7dcf5c439a2b,"prg845 - Pine Ridge Building 25 {PERG BUILDINGS, LLC}",evidenceOfInsurance,Evidence of Insurance,excessOrUmbrellaLiability,Umbrella/Excess Liability,evidenceOfInsuranceExcessOrUmbrellaLiabilityOccurence,Coverage Trigger: Occurrence,,matchOnce,must be present,,,non_compliant,Block Requirements,,,false,0,,2026-08-16
"Block Real Estate Services, LLC",69fdf79262446148bd859c46,69fded2162446148bd84918c,Southwest Solutions Group Inc,69fdf10de45e7dcf5c439a2b,"prg845 - Pine Ridge Building 25 {PERG BUILDINGS, LLC}",evidenceOfInsurance,Evidence of Insurance,excessOrUmbrellaLiability,Umbrella/Excess Liability,evidenceOfInsuranceExcessOrUmbrellaLiabilityEachOccurrence,Each Occurrence,,matchOnce,must be greater or equal to,1000000,,non_compliant,Block Requirements,,,false,0,,2026-08-16
"Block Real Estate Services, LLC",69fdf79262446148bd859c46,69fded2162446148bd84918c,Southwest Solutions Group Inc,69fdf10de45e7dcf5c439a2b,"prg845 - Pine Ridge Building 25 {PERG BUILDINGS, LLC}",evidenceOfInsurance,Evidence of Insurance,excessOrUmbrellaLiability,Umbrella/Excess Liability,evidenceOfInsuranceExcessOrUmbrellaLiabilityAggregate,Aggregate,,matchOnce,must be greater or equal to,1000000,,non_compliant,Block Requirements,,,false,0,,2026-08-16
"Block Real Estate Services, LLC",69fdf79262446148bd859c46,69fded2162446148bd84918c,Southwest Solutions Group Inc,69fdf10de45e7dcf5c439a2b,"prg845 - Pine Ridge Building 25 {PERG BUILDINGS, LLC}",evidenceOfInsurance,Evidence of Insurance,workersCompensation,Workers' Compensation and Employer's Liability,evidenceOfInsuranceWorkersCompensationStatutoryLimits,Statutory Limits,,matchOnce,must be present,,,non_compliant,Block Requirements,,,false,0,,2026-08-16
"Block Real Estate Services, LLC",69fdf79262446148bd859c46,69fded2162446148bd84918c,Southwest Solutions Group Inc,69fdf10de45e7dcf5c439a2b,"prg845 - Pine Ridge Building 25 {PERG BUILDINGS, LLC}",evidenceOfInsurance,Evidence of Insurance,workersCompensation,Workers' Compensation and Employer's Liability,evidenceOfInsuranceWorkersCompensationEmployersLiabilityEachAccident,Employer's Liability Each Accident,,matchOnce,must be greater or equal to,500000,,non_compliant,Block Requirements,,,false,0,,2026-08-16
"Block Real Estate Services, LLC",69fdf79262446148bd859c46,69fded2162446148bd84918c,Southwest Solutions Group Inc,69fdf10de45e7dcf5c439a2b,"prg845 - Pine Ridge Building 25 {PERG BUILDINGS, LLC}",evidenceOfInsurance,Evidence of Insurance,workersCompensation,Workers' Compensation and Employer's Liability,evidenceOfInsuranceWorkersCompensationEmployersLiabilityDiseaseEachEmployee,Employer's Liability Disease - each employee,,matchOnce,must be greater or equal to,500000,,non_compliant,Block Requirements,,,false,0,,2026-08-16
"Block Real Estate Services, LLC",69fdf79262446148bd859c46,69fded2162446148bd84918c,Southwest Solutions Group Inc,69fdf10de45e7dcf5c439a2b,"prg845 - Pine Ridge Building 25 {PERG BUILDINGS, LLC}",evidenceOfInsurance,Evidence of Insurance,workersCompensation,Workers' Compensation and Employer's Liability,evidenceOfInsuranceWorkersCompensationEmployersLiabilityDiseasePolicyLimit,Employer's Liability Disease - policy limit,,matchOnce,must be greater or equal to,500000,,non_compliant,Block Requirements,,,false,0,,2026-08-16
"Block Real Estate Services, LLC",69fdf79262446148bd859c46,69fded2162446148bd84918c,Southwest Solutions Group Inc,69fdf10de45e7dcf5c439a2b,"prg845 - Pine Ridge Building 25 {PERG BUILDINGS, LLC}",evidenceOfInsurance,Evidence of Insurance,workersCompensation,Workers' Compensation and Employer's Liability,evidenceOfInsuranceWorkersCompensationWaiverOfSubrogationEndorsement,Waiver of Subrogation,"---prompt---
Determine if the insurer has waived their right of subrogation in favor of the certificate holder under the Workers' Compensation policy. Evidence may include: a checked ""Waiver of Subrogation"" box on the certificate, mention in the Description of Operations section stating ""waiver of subrogation applies"", or reference to form WC 00 03 13. Look for language like ""subrogation is waived"" or ""per written contract"".",matchOnce,must be present,,,non_compliant,Block Requirements,,,false,0,,2026-08-16
"Block Real Estate Services, LLC",69fdf79262446148bd859c46,69fded2162446148bd84918c,Southwest Solutions Group Inc,69fdf10de45e7dcf5c439a2b,"prg845 - Pine Ridge Building 25 {PERG BUILDINGS, LLC}",evidenceOfInsurance,Evidence of Insurance,6ac20aae-5728-5d57-b364-aeba38527dba,Additional Requirements,4da5b0f1-4c9d-5885-8cf8-5d3cccaed3e0,"Block Real Estate Services, LLC and all others required by contract are named as Additional Insureds","---prompt---
Determine if the Description of Operations or the Additional Remarks Schedule section states the ""Additional Insured as Construction Management, Inc. and all others required by contract"" or reference to blanket additional insured coverage. Look for language like ""certificate holder is additional insured"" or ""per written contract"".",matchOnce,must be present,,,non_compliant,Block Requirements,,,true,0,,2026-08-16
"Block Real Estate Services, LLC",69fdf79262446148bd859c46,69fded2162446148bd84918c,Southwest Solutions Group Inc,69fdf10de45e7dcf5c439a2b,"prg845 - Pine Ridge Building 25 {PERG BUILDINGS, LLC}",evidenceOfInsurance,Evidence of Insurance,6ac20aae-5728-5d57-b364-aeba38527dba,Additional Requirements,e1017741-e47e-5f58-97b8-fbc3043e919f,Umbrella follows form over General Liability,"---prompt---
Determine if the Umbrella/Excess Liability policy follows form to the underlying policies. Evidence may include: language in the Description of Operations section stating the umbrella follows form to underlying coverages or an additional page endorsement stating that it follows form. Follow form means the umbrella policy adopts the same terms, conditions, and exclusions as the underlying policies.",matchOnce,must be present,,,non_compliant,Block Requirements,,,true,0,,2026-08-16
"Block Real Estate Services, LLC",69fdf79262446148bd859c46,69fded2162446148bd84918c,Southwest Solutions Group Inc,69fdf10de45e7dcf5c439a2b,"prg845 - Pine Ridge Building 25 {PERG BUILDINGS, LLC}",evidenceOfInsurance,Evidence of Insurance,6ac20aae-5728-5d57-b364-aeba38527dba,Additional Requirements,2cdd866f-c9a4-576a-afd8-1d045762790c,The location must be listed as: 8049 Bond Street Lenexa KS 66214,,matchOnce,must be present,,,non_compliant,Block Requirements,,,true,0,,2026-08-16
"Block Real Estate Services, LLC",69fdf79262446148bd859c46,69fded2162446148bd84918c,Southwest Solutions Group Inc,69fdf10de45e7dcf5c439a2b,"prg845 - Pine Ridge Building 25 {PERG BUILDINGS, LLC}",evidenceOfInsurance,Evidence of Insurance,6ac20aae-5728-5d57-b364-aeba38527dba,Additional Requirements,3649e9d1-4e09-59bf-8f30-cb33c40cf117,"Certificate Holder must read: c/o Block Real Estate Services, LLC, 4622 Pennsylvania St., Suite 700, Kansas City, MO, 64112",,matchOnce,must be present,,,non_compliant,Block Requirements,,,true,0,,2026-08-16
"Block Real Estate Services, LLC",69fdf79262446148bd859c45,69fded1f62446148bd849105,Rockwell Automation,69fdf10de45e7dcf5c439a2b,"prg845 - Pine Ridge Building 25 {PERG BUILDINGS, LLC}",evidenceOfInsurance,Evidence of Insurance,commercialGeneralLiability,Commercial General Liability,evidenceOfInsuranceCommercialGeneralLiabilityCoverageTriggerOccurrence,Coverage Trigger: Occurrence,,matchOnce,must be present,,Present,compliant,Block Requirements,,,false,1,,2026-08-16
"Block Real Estate Services, LLC",69fdf79262446148bd859c45,69fded1f62446148bd849105,Rockwell Automation,69fdf10de45e7dcf5c439a2b,"prg845 - Pine Ridge Building 25 {PERG BUILDINGS, LLC}",evidenceOfInsurance,Evidence of Insurance,commercialGeneralLiability,Commercial General Liability,evidenceOfInsuranceCommercialGeneralLiabilityGeneralAggregateLimitAppliesPerLocation,General Aggregate Limit Applies per: Location,,matchOnce,must be present,,,non_compliant,Block Requirements,,,false,0,,2026-08-16
"Block Real Estate Services, LLC",69fdf79262446148bd859c45,69fded1f62446148bd849105,Rockwell Automation,69fdf10de45e7dcf5c439a2b,"prg845 - Pine Ridge Building 25 {PERG BUILDINGS, LLC}",evidenceOfInsurance,Evidence of Insurance,commercialGeneralLiability,Commercial General Liability,evidenceOfInsuranceCommercialGeneralLiabilityEachOccurrence,Each Occurrence,,matchOnce,must be greater or equal to,1000000,4000000,compliant,Block Requirements,,,false,1,,2026-08-16
"Block Real Estate Services, LLC",69fdf79262446148bd859c45,69fded1f62446148bd849105,Rockwell Automation,69fdf10de45e7dcf5c439a2b,"prg845 - Pine Ridge Building 25 {PERG BUILDINGS, LLC}",evidenceOfInsurance,Evidence of Insurance,commercialGeneralLiability,Commercial General Liability,evidenceOfInsuranceCommercialGeneralLiabilityGeneralAggregate,General Aggregate,,matchOnce,must be greater or equal to,2000000,4000000,compliant,Block Requirements,,,false,1,,2026-08-16
"Block Real Estate Services, LLC",69fdf79262446148bd859c45,69fded1f62446148bd849105,Rockwell Automation,69fdf10de45e7dcf5c439a2b,"prg845 - Pine Ridge Building 25 {PERG BUILDINGS, LLC}",evidenceOfInsurance,Evidence of Insurance,commercialGeneralLiability,Commercial General Liability,evidenceOfInsuranceCommercialGeneralLiabilityWaiverOfSubrogationEndorsement,Waiver of Subrogation,"---prompt---
Determine if the insurer has waived their right of subrogation in favor of the certificate holder under the Commercial General Liability policy. Evidence may include: a checked ""Waiver of Subrogation"" box on the certificate, mention in the Description of Operations section stating ""waiver of subrogation applies"", or reference to form CG 24 04. Look for language like ""subrogation is waived"" or ""per written contract"".",matchOnce,must be present,,Present,compliant,Block Requirements,,,false,1,,2026-08-16
"Block Real Estate Services, LLC",69fdf79262446148bd859c45,69fded1f62446148bd849105,Rockwell Automation,69fdf10de45e7dcf5c439a2b,"prg845 - Pine Ridge Building 25 {PERG BUILDINGS, LLC}",evidenceOfInsurance,Evidence of Insurance,excessOrUmbrellaLiability,Umbrella/Excess Liability,evidenceOfInsuranceExcessOrUmbrellaLiabilityOccurence,Coverage Trigger: Occurrence,,matchOnce,must be present,,Present,compliant,Block Requirements,,,false,1,,2026-08-16
"Block Real Estate Services, LLC",69fdf79262446148bd859c45,69fded1f62446148bd849105,Rockwell Automation,69fdf10de45e7dcf5c439a2b,"prg845 - Pine Ridge Building 25 {PERG BUILDINGS, LLC}",evidenceOfInsurance,Evidence of Insurance,excessOrUmbrellaLiability,Umbrella/Excess Liability,evidenceOfInsuranceExcessOrUmbrellaLiabilityEachOccurrence,Each Occurrence,,matchOnce,must be greater or equal to,1000000,5000000,compliant,Block Requirements,,,false,1,,2026-08-16
"Block Real Estate Services, LLC",69fdf79262446148bd859c45,69fded1f62446148bd849105,Rockwell Automation,69fdf10de45e7dcf5c439a2b,"prg845 - Pine Ridge Building 25 {PERG BUILDINGS, LLC}",evidenceOfInsurance,Evidence of Insurance,excessOrUmbrellaLiability,Umbrella/Excess Liability,evidenceOfInsuranceExcessOrUmbrellaLiabilityAggregate,Aggregate,,matchOnce,must be greater or equal to,1000000,5000000,compliant,Block Requirements,,,false,1,,2026-08-16
"Block Real Estate Services, LLC",69fdf79262446148bd859c45,69fded1f62446148bd849105,Rockwell Automation,69fdf10de45e7dcf5c439a2b,"prg845 - Pine Ridge Building 25 {PERG BUILDINGS, LLC}",evidenceOfInsurance,Evidence of Insurance,workersCompensation,Workers' Compensation and Employer's Liability,evidenceOfInsuranceWorkersCompensationStatutoryLimits,Statutory Limits,,matchOnce,must be present,,Present,compliant,Block Requirements,,,false,1,,2026-08-16
"Block Real Estate Services, LLC",69fdf79262446148bd859c45,69fded1f62446148bd849105,Rockwell Automation,69fdf10de45e7dcf5c439a2b,"prg845 - Pine Ridge Building 25 {PERG BUILDINGS, LLC}",evidenceOfInsurance,Evidence of Insurance,workersCompensation,Workers' Compensation and Employer's Liability,evidenceOfInsuranceWorkersCompensationEmployersLiabilityEachAccident,Employer's Liability Each Accident,,matchOnce,must be greater or equal to,500000,1000000,compliant,Block Requirements,,,false,1,,2026-08-16
"Block Real Estate Services, LLC",69fdf79262446148bd859c45,69fded1f62446148bd849105,Rockwell Automation,69fdf10de45e7dcf5c439a2b,"prg845 - Pine Ridge Building 25 {PERG BUILDINGS, LLC}",evidenceOfInsurance,Evidence of Insurance,workersCompensation,Workers' Compensation and Employer's Liability,evidenceOfInsuranceWorkersCompensationEmployersLiabilityDiseaseEachEmployee,Employer's Liability Disease - each employee,,matchOnce,must be greater or equal to,500000,1000000,compliant,Block Requirements,,,false,1,,2026-08-16
"Block Real Estate Services, LLC",69fdf79262446148bd859c45,69fded1f62446148bd849105,Rockwell Automation,69fdf10de45e7dcf5c439a2b,"prg845 - Pine Ridge Building 25 {PERG BUILDINGS, LLC}",evidenceOfInsurance,Evidence of Insurance,workersCompensation,Workers' Compensation and Employer's Liability,evidenceOfInsuranceWorkersCompensationEmployersLiabilityDiseasePolicyLimit,Employer's Liability Disease - policy limit,,matchOnce,must be greater or equal to,500000,1000000,compliant,Block Requirements,,,false,1,,2026-08-16
"Block Real Estate Services, LLC",69fdf79262446148bd859c45,69fded1f62446148bd849105,Rockwell Automation,69fdf10de45e7dcf5c439a2b,"prg845 - Pine Ridge Building 25 {PERG BUILDINGS, LLC}",evidenceOfInsurance,Evidence of Insurance,workersCompensation,Workers' Compensation and Employer's Liability,evidenceOfInsuranceWorkersCompensationWaiverOfSubrogationEndorsement,Waiver of Subrogation,"---prompt---
Determine if the insurer has waived their right of subrogation in favor of the certificate holder under the Workers' Compensation policy. Evidence may include: a checked ""Waiver of Subrogation"" box on the certificate, mention in the Description of Operations section stating ""waiver of subrogation applies"", or reference to form WC 00 03 13. Look for language like ""subrogation is waived"" or ""per written contract"".",matchOnce,must be present,,Present,compliant,Block Requirements,,,false,1,,2026-08-16
"Block Real Estate Services, LLC",69fdf79262446148bd859c45,69fded1f62446148bd849105,Rockwell Automation,69fdf10de45e7dcf5c439a2b,"prg845 - Pine Ridge Building 25 {PERG BUILDINGS, LLC}",evidenceOfInsurance,Evidence of Insurance,6ac20aae-5728-5d57-b364-aeba38527dba,Additional Requirements,4da5b0f1-4c9d-5885-8cf8-5d3cccaed3e0,"Block Real Estate Services, LLC and all others required by contract are named as Additional Insureds","---prompt---
Determine if the Description of Operations or the Additional Remarks Schedule section states the ""Additional Insured as Construction Management, Inc. and all others required by contract"" or reference to blanket additional insured coverage. Look for language like ""certificate holder is additional insured"" or ""per written contract"".",matchOnce,must be present,,Present,compliant,Block Requirements,,,true,1,,2026-08-16
"Block Real Estate Services, LLC",69fdf79262446148bd859c45,69fded1f62446148bd849105,Rockwell Automation,69fdf10de45e7dcf5c439a2b,"prg845 - Pine Ridge Building 25 {PERG BUILDINGS, LLC}",evidenceOfInsurance,Evidence of Insurance,6ac20aae-5728-5d57-b364-aeba38527dba,Additional Requirements,e1017741-e47e-5f58-97b8-fbc3043e919f,Umbrella follows form over General Liability,"---prompt---
Determine if the Umbrella/Excess Liability policy follows form to the underlying policies. Evidence may include: language in the Description of Operations section stating the umbrella follows form to underlying coverages or an additional page endorsement stating that it follows form. Follow form means the umbrella policy adopts the same terms, conditions, and exclusions as the underlying policies.",matchOnce,must be present,,,non_compliant,Block Requirements,,,true,0,,2026-08-16
"Block Real Estate Services, LLC",69fdf79262446148bd859c45,69fded1f62446148bd849105,Rockwell Automation,69fdf10de45e7dcf5c439a2b,"prg845 - Pine Ridge Building 25 {PERG BUILDINGS, LLC}",evidenceOfInsurance,Evidence of Insurance,6ac20aae-5728-5d57-b364-aeba38527dba,Additional Requirements,2cdd866f-c9a4-576a-afd8-1d045762790c,The location must be listed as: 8047 Bond Street Lenexa KS 66214,,matchOnce,must be present,,Present,compliant,Block Requirements,,,true,1,,2026-08-16
"Block Real Estate Services, LLC",69fdf79262446148bd859c45,69fded1f62446148bd849105,Rockwell Automation,69fdf10de45e7dcf5c439a2b,"prg845 - Pine Ridge Building 25 {PERG BUILDINGS, LLC}",evidenceOfInsurance,Evidence of Insurance,6ac20aae-5728-5d57-b364-aeba38527dba,Additional Requirements,3649e9d1-4e09-59bf-8f30-cb33c40cf117,"Certificate Holder must read: c/o Block Real Estate Services, LLC, 4622 Pennsylvania St., Suite 700, Kansas City, MO, 64112",,matchOnce,must be present,,Present,compliant,Block Requirements,,,true,1,,2026-08-16
"Block Real Estate Services, LLC",69fdf79262446148bd859c43,69fded1c62446148bd848fee,"Creche Innovations / Neonatal Product Group, Inc.",69fdf10de45e7dcf5c439a2b,"prg845 - Pine Ridge Building 25 {PERG BUILDINGS, LLC}",evidenceOfInsurance,Evidence of Insurance,commercialGeneralLiability,Commercial General Liability,evidenceOfInsuranceCommercialGeneralLiabilityCoverageTriggerOccurrence,Coverage Trigger: Occurrence,,matchOnce,must be present,,,non_compliant,Block Requirements,,,false,0,,2026-08-16
"Block Real Estate Services, LLC",69fdf79262446148bd859c43,69fded1c62446148bd848fee,"Creche Innovations / Neonatal Product Group, Inc.",69fdf10de45e7dcf5c439a2b,"prg845 - Pine Ridge Building 25 {PERG BUILDINGS, LLC}",evidenceOfInsurance,Evidence of Insurance,commercialGeneralLiability,Commercial General Liability,evidenceOfInsuranceCommercialGeneralLiabilityGeneralAggregateLimitAppliesPerLocation,General Aggregate Limit Applies per: Location,,matchOnce,must be present,,,non_compliant,Block Requirements,,,false,0,,2026-08-16
"Block Real Estate Services, LLC",69fdf79262446148bd859c43,69fded1c62446148bd848fee,"Creche Innovations / Neonatal Product Group, Inc.",69fdf10de45e7dcf5c439a2b,"prg845 - Pine Ridge Building 25 {PERG BUILDINGS, LLC}",evidenceOfInsurance,Evidence of Insurance,commercialGeneralLiability,Commercial General Liability,evidenceOfInsuranceCommercialGeneralLiabilityEachOccurrence,Each Occurrence,,matchOnce,must be greater or equal to,1000000,,non_compliant,Block Requirements,,,false,0,,2026-08-16
"Block Real Estate Services, LLC",69fdf79262446148bd859c43,69fded1c62446148bd848fee,"Creche Innovations / Neonatal Product Group, Inc.",69fdf10de45e7dcf5c439a2b,"prg845 - Pine Ridge Building 25 {PERG BUILDINGS, LLC}",evidenceOfInsurance,Evidence of Insurance,commercialGeneralLiability,Commercial General Liability,evidenceOfInsuranceCommercialGeneralLiabilityGeneralAggregate,General Aggregate,,matchOnce,must be greater or equal to,2000000,,non_compliant,Block Requirements,,,false,0,,2026-08-16
"Block Real Estate Services, LLC",69fdf79262446148bd859c43,69fded1c62446148bd848fee,"Creche Innovations / Neonatal Product Group, Inc.",69fdf10de45e7dcf5c439a2b,"prg845 - Pine Ridge Building 25 {PERG BUILDINGS, LLC}",evidenceOfInsurance,Evidence of Insurance,commercialGeneralLiability,Commercial General Liability,evidenceOfInsuranceCommercialGeneralLiabilityWaiverOfSubrogationEndorsement,Waiver of Subrogation,"---prompt---
Determine if the insurer has waived their right of subrogation in favor of the certificate holder under the Commercial General Liability policy. Evidence may include: a checked ""Waiver of Subrogation"" box on the certificate, mention in the Description of Operations section stating ""waiver of subrogation applies"", or reference to form CG 24 04. Look for language like ""subrogation is waived"" or ""per written contract"".",matchOnce,must be present,,,non_compliant,Block Requirements,,,false,0,,2026-08-16
"Block Real Estate Services, LLC",69fdf79262446148bd859c43,69fded1c62446148bd848fee,"Creche Innovations / Neonatal Product Group, Inc.",69fdf10de45e7dcf5c439a2b,"prg845 - Pine Ridge Building 25 {PERG BUILDINGS, LLC}",evidenceOfInsurance,Evidence of Insurance,excessOrUmbrellaLiability,Umbrella/Excess Liability,evidenceOfInsuranceExcessOrUmbrellaLiabilityOccurence,Coverage Trigger: Occurrence,,matchOnce,must be present,,,non_compliant,Block Requirements,,,false,0,,2026-08-16
"Block Real Estate Services, LLC",69fdf79262446148bd859c43,69fded1c62446148bd848fee,"Creche Innovations / Neonatal Product Group, Inc.",69fdf10de45e7dcf5c439a2b,"prg845 - Pine Ridge Building 25 {PERG BUILDINGS, LLC}",evidenceOfInsurance,Evidence of Insurance,excessOrUmbrellaLiability,Umbrella/Excess Liability,evidenceOfInsuranceExcessOrUmbrellaLiabilityEachOccurrence,Each Occurrence,,matchOnce,must be greater or equal to,1000000,,non_compliant,Block Requirements,,,false,0,,2026-08-16
"Block Real Estate Services, LLC",69fdf79262446148bd859c43,69fded1c62446148bd848fee,"Creche Innovations / Neonatal Product Group, Inc.",69fdf10de45e7dcf5c439a2b,"prg845 - Pine Ridge Building 25 {PERG BUILDINGS, LLC}",evidenceOfInsurance,Evidence of Insurance,excessOrUmbrellaLiability,Umbrella/Excess Liability,evidenceOfInsuranceExcessOrUmbrellaLiabilityAggregate,Aggregate,,matchOnce,must be greater or equal to,1000000,,non_compliant,Block Requirements,,,false,0,,2026-08-16
"Block Real Estate Services, LLC",69fdf79262446148bd859c43,69fded1c62446148bd848fee,"Creche Innovations / Neonatal Product Group, Inc.",69fdf10de45e7dcf5c439a2b,"prg845 - Pine Ridge Building 25 {PERG BUILDINGS, LLC}",evidenceOfInsurance,Evidence of Insurance,workersCompensation,Workers' Compensation and Employer's Liability,evidenceOfInsuranceWorkersCompensationStatutoryLimits,Statutory Limits,,matchOnce,must be present,,,non_compliant,Block Requirements,,,false,0,,2026-08-16
"Block Real Estate Services, LLC",69fdf79262446148bd859c43,69fded1c62446148bd848fee,"Creche Innovations / Neonatal Product Group, Inc.",69fdf10de45e7dcf5c439a2b,"prg845 - Pine Ridge Building 25 {PERG BUILDINGS, LLC}",evidenceOfInsurance,Evidence of Insurance,workersCompensation,Workers' Compensation and Employer's Liability,evidenceOfInsuranceWorkersCompensationEmployersLiabilityEachAccident,Employer's Liability Each Accident,,matchOnce,must be greater or equal to,500000,,non_compliant,Block Requirements,,,false,0,,2026-08-16
"Block Real Estate Services, LLC",69fdf79262446148bd859c43,69fded1c62446148bd848fee,"Creche Innovations / Neonatal Product Group, Inc.",69fdf10de45e7dcf5c439a2b,"prg845 - Pine Ridge Building 25 {PERG BUILDINGS, LLC}",evidenceOfInsurance,Evidence of Insurance,workersCompensation,Workers' Compensation and Employer's Liability,evidenceOfInsuranceWorkersCompensationEmployersLiabilityDiseaseEachEmployee,Employer's Liability Disease - each employee,,matchOnce,must be greater or equal to,500000,,non_compliant,Block Requirements,,,false,0,,2026-08-16
"Block Real Estate Services, LLC",69fdf79262446148bd859c43,69fded1c62446148bd848fee,"Creche Innovations / Neonatal Product Group, Inc.",69fdf10de45e7dcf5c439a2b,"prg845 - Pine Ridge Building 25 {PERG BUILDINGS, LLC}",evidenceOfInsurance,Evidence of Insurance,workersCompensation,Workers' Compensation and Employer's Liability,evidenceOfInsuranceWorkersCompensationEmployersLiabilityDiseasePolicyLimit,Employer's Liability Disease - policy limit,,matchOnce,must be greater or equal to,500000,,non_compliant,Block Requirements,,,false,0,,2026-08-16
"Block Real Estate Services, LLC",69fdf79262446148bd859c43,69fded1c62446148bd848fee,"Creche Innovations / Neonatal Product Group, Inc.",69fdf10de45e7dcf5c439a2b,"prg845 - Pine Ridge Building 25 {PERG BUILDINGS, LLC}",evidenceOfInsurance,Evidence of Insurance,workersCompensation,Workers' Compensation and Employer's Liability,evidenceOfInsuranceWorkersCompensationWaiverOfSubrogationEndorsement,Waiver of Subrogation,"---prompt---
Determine if the insurer has waived their right of subrogation in favor of the certificate holder under the Workers' Compensation policy. Evidence may include: a checked ""Waiver of Subrogation"" box on the certificate, mention in the Description of Operations section stating ""waiver of subrogation applies"", or reference to form WC 00 03 13. Look for language like ""subrogation is waived"" or ""per written contract"".",matchOnce,must be present,,,non_compliant,Block Requirements,,,false,0,,2026-08-16
"Block Real Estate Services, LLC",69fdf79262446148bd859c43,69fded1c62446148bd848fee,"Creche Innovations / Neonatal Product Group, Inc.",69fdf10de45e7dcf5c439a2b,"prg845 - Pine Ridge Building 25 {PERG BUILDINGS, LLC}",evidenceOfInsurance,Evidence of Insurance,6ac20aae-5728-5d57-b364-aeba38527dba,Additional Requirements,4da5b0f1-4c9d-5885-8cf8-5d3cccaed3e0,"Block Real Estate Services, LLC and all others required by contract are named as Additional Insureds","---prompt---
Determine if the Description of Operations or the Additional Remarks Schedule section states the ""Additional Insured as Construction Management, Inc. and all others required by contract"" or reference to blanket additional insured coverage. Look for language like ""certificate holder is additional insured"" or ""per written contract"".",matchOnce,must be present,,,non_compliant,Block Requirements,,,true,0,,2026-08-16
"Block Real Estate Services, LLC",69fdf79262446148bd859c43,69fded1c62446148bd848fee,"Creche Innovations / Neonatal Product Group, Inc.",69fdf10de45e7dcf5c439a2b,"prg845 - Pine Ridge Building 25 {PERG BUILDINGS, LLC}",evidenceOfInsurance,Evidence of Insurance,6ac20aae-5728-5d57-b364-aeba38527dba,Additional Requirements,e1017741-e47e-5f58-97b8-fbc3043e919f,Umbrella follows form over General Liability,"---prompt---
Determine if the Umbrella/Excess Liability policy follows form to the underlying policies. Evidence may include: language in the Description of Operations section stating the umbrella follows form to underlying coverages or an additional page endorsement stating that it follows form. Follow form means the umbrella policy adopts the same terms, conditions, and exclusions as the underlying policies.",matchOnce,must be present,,,non_compliant,Block Requirements,,,true,0,,2026-08-16
"Block Real Estate Services, LLC",69fdf79262446148bd859c43,69fded1c62446148bd848fee,"Creche Innovations / Neonatal Product Group, Inc.",69fdf10de45e7dcf5c439a2b,"prg845 - Pine Ridge Building 25 {PERG BUILDINGS, LLC}",evidenceOfInsurance,Evidence of Insurance,6ac20aae-5728-5d57-b364-aeba38527dba,Additional Requirements,2cdd866f-c9a4-576a-afd8-1d045762790c,The location must be listed as: 8045 Bond Street Lenexa KS 66214,,matchOnce,must be present,,,non_compliant,Block Requirements,,,true,0,,2026-08-16
"Block Real Estate Services, LLC",69fdf79262446148bd859c43,69fded1c62446148bd848fee,"Creche Innovations / Neonatal Product Group, Inc.",69fdf10de45e7dcf5c439a2b,"prg845 - Pine Ridge Building 25 {PERG BUILDINGS, LLC}",evidenceOfInsurance,Evidence of Insurance,6ac20aae-5728-5d57-b364-aeba38527dba,Additional Requirements,3649e9d1-4e09-59bf-8f30-cb33c40cf117,"Certificate Holder must read: c/o Block Real Estate Services, LLC, 4622 Pennsylvania St., Suite 700, Kansas City, MO, 64112",,matchOnce,must be present,,,non_compliant,Block Requirements,,,true,0,,2026-08-16
"Block Real Estate Services, LLC",69fdf79262446148bd859c47,69fded2262446148bd8491fe,The American National Red Cross,69fdf10de45e7dcf5c439a2b,"prg845 - Pine Ridge Building 25 {PERG BUILDINGS, LLC}",evidenceOfInsurance,Evidence of Insurance,commercialGeneralLiability,Commercial General Liability,evidenceOfInsuranceCommercialGeneralLiabilityCoverageTriggerOccurrence,Coverage Trigger: Occurrence,,matchOnce,must be present,,,non_compliant,Block Requirements,,,false,0,,2026-08-16
"Block Real Estate Services, LLC",69fdf79262446148bd859c47,69fded2262446148bd8491fe,The American National Red Cross,69fdf10de45e7dcf5c439a2b,"prg845 - Pine Ridge Building 25 {PERG BUILDINGS, LLC}",evidenceOfInsurance,Evidence of Insurance,commercialGeneralLiability,Commercial General Liability,evidenceOfInsuranceCommercialGeneralLiabilityGeneralAggregateLimitAppliesPerLocation,General Aggregate Limit Applies per: Location,,matchOnce,must be present,,,non_compliant,Block Requirements,,,false,0,,2026-08-16
"Block Real Estate Services, LLC",69fdf79262446148bd859c47,69fded2262446148bd8491fe,The American National Red Cross,69fdf10de45e7dcf5c439a2b,"prg845 - Pine Ridge Building 25 {PERG BUILDINGS, LLC}",evidenceOfInsurance,Evidence of Insurance,commercialGeneralLiability,Commercial General Liability,evidenceOfInsuranceCommercialGeneralLiabilityEachOccurrence,Each Occurrence,,matchOnce,must be greater or equal to,1000000,,non_compliant,Block Requirements,,,false,0,,2026-08-16
"Block Real Estate Services, LLC",69fdf79262446148bd859c47,69fded2262446148bd8491fe,The American National Red Cross,69fdf10de45e7dcf5c439a2b,"prg845 - Pine Ridge Building 25 {PERG BUILDINGS, LLC}",evidenceOfInsurance,Evidence of Insurance,commercialGeneralLiability,Commercial General Liability,evidenceOfInsuranceCommercialGeneralLiabilityGeneralAggregate,General Aggregate,,matchOnce,must be greater or equal to,2000000,,non_compliant,Block Requirements,,,false,0,,2026-08-16
"Block Real Estate Services, LLC",69fdf79262446148bd859c47,69fded2262446148bd8491fe,The American National Red Cross,69fdf10de45e7dcf5c439a2b,"prg845 - Pine Ridge Building 25 {PERG BUILDINGS, LLC}",evidenceOfInsurance,Evidence of Insurance,commercialGeneralLiability,Commercial General Liability,evidenceOfInsuranceCommercialGeneralLiabilityWaiverOfSubrogationEndorsement,Waiver of Subrogation,"---prompt---
Determine if the insurer has waived their right of subrogation in favor of the certificate holder under the Commercial General Liability policy. Evidence may include: a checked ""Waiver of Subrogation"" box on the certificate, mention in the Description of Operations section stating ""waiver of subrogation applies"", or reference to form CG 24 04. Look for language like ""subrogation is waived"" or ""per written contract"".",matchOnce,must be present,,,non_compliant,Block Requirements,,,false,0,,2026-08-16
"Block Real Estate Services, LLC",69fdf79262446148bd859c47,69fded2262446148bd8491fe,The American National Red Cross,69fdf10de45e7dcf5c439a2b,"prg845 - Pine Ridge Building 25 {PERG BUILDINGS, LLC}",evidenceOfInsurance,Evidence of Insurance,excessOrUmbrellaLiability,Umbrella/Excess Liability,evidenceOfInsuranceExcessOrUmbrellaLiabilityOccurence,Coverage Trigger: Occurrence,,matchOnce,must be present,,,non_compliant,Block Requirements,,,false,0,,2026-08-16
"Block Real Estate Services, LLC",69fdf79262446148bd859c47,69fded2262446148bd8491fe,The American National Red Cross,69fdf10de45e7dcf5c439a2b,"prg845 - Pine Ridge Building 25 {PERG BUILDINGS, LLC}",evidenceOfInsurance,Evidence of Insurance,excessOrUmbrellaLiability,Umbrella/Excess Liability,evidenceOfInsuranceExcessOrUmbrellaLiabilityEachOccurrence,Each Occurrence,,matchOnce,must be greater or equal to,1000000,,non_compliant,Block Requirements,,,false,0,,2026-08-16
"Block Real Estate Services, LLC",69fdf79262446148bd859c47,69fded2262446148bd8491fe,The American National Red Cross,69fdf10de45e7dcf5c439a2b,"prg845 - Pine Ridge Building 25 {PERG BUILDINGS, LLC}",evidenceOfInsurance,Evidence of Insurance,excessOrUmbrellaLiability,Umbrella/Excess Liability,evidenceOfInsuranceExcessOrUmbrellaLiabilityAggregate,Aggregate,,matchOnce,must be greater or equal to,1000000,,non_compliant,Block Requirements,,,false,0,,2026-08-16
"Block Real Estate Services, LLC",69fdf79262446148bd859c47,69fded2262446148bd8491fe,The American National Red Cross,69fdf10de45e7dcf5c439a2b,"prg845 - Pine Ridge Building 25 {PERG BUILDINGS, LLC}",evidenceOfInsurance,Evidence of Insurance,workersCompensation,Workers' Compensation and Employer's Liability,evidenceOfInsuranceWorkersCompensationStatutoryLimits,Statutory Limits,,matchOnce,must be present,,,non_compliant,Block Requirements,,,false,0,,2026-08-16
"Block Real Estate Services, LLC",69fdf79262446148bd859c47,69fded2262446148bd8491fe,The American National Red Cross,69fdf10de45e7dcf5c439a2b,"prg845 - Pine Ridge Building 25 {PERG BUILDINGS, LLC}",evidenceOfInsurance,Evidence of Insurance,workersCompensation,Workers' Compensation and Employer's Liability,evidenceOfInsuranceWorkersCompensationEmployersLiabilityEachAccident,Employer's Liability Each Accident,,matchOnce,must be greater or equal to,500000,,non_compliant,Block Requirements,,,false,0,,2026-08-16
"Block Real Estate Services, LLC",69fdf79262446148bd859c47,69fded2262446148bd8491fe,The American National Red Cross,69fdf10de45e7dcf5c439a2b,"prg845 - Pine Ridge Building 25 {PERG BUILDINGS, LLC}",evidenceOfInsurance,Evidence of Insurance,workersCompensation,Workers' Compensation and Employer's Liability,evidenceOfInsuranceWorkersCompensationEmployersLiabilityDiseaseEachEmployee,Employer's Liability Disease - each employee,,matchOnce,must be greater or equal to,500000,,non_compliant,Block Requirements,,,false,0,,2026-08-16
"Block Real Estate Services, LLC",69fdf79262446148bd859c47,69fded2262446148bd8491fe,The American National Red Cross,69fdf10de45e7dcf5c439a2b,"prg845 - Pine Ridge Building 25 {PERG BUILDINGS, LLC}",evidenceOfInsurance,Evidence of Insurance,workersCompensation,Workers' Compensation and Employer's Liability,evidenceOfInsuranceWorkersCompensationEmployersLiabilityDiseasePolicyLimit,Employer's Liability Disease - policy limit,,matchOnce,must be greater or equal to,500000,,non_compliant,Block Requirements,,,false,0,,2026-08-16
"Block Real Estate Services, LLC",69fdf79262446148bd859c47,69fded2262446148bd8491fe,The American National Red Cross,69fdf10de45e7dcf5c439a2b,"prg845 - Pine Ridge Building 25 {PERG BUILDINGS, LLC}",evidenceOfInsurance,Evidence of Insurance,workersCompensation,Workers' Compensation and Employer's Liability,evidenceOfInsuranceWorkersCompensationWaiverOfSubrogationEndorsement,Waiver of Subrogation,"---prompt---
Determine if the insurer has waived their right of subrogation in favor of the certificate holder under the Workers' Compensation policy. Evidence may include: a checked ""Waiver of Subrogation"" box on the certificate, mention in the Description of Operations section stating ""waiver of subrogation applies"", or reference to form WC 00 03 13. Look for language like ""subrogation is waived"" or ""per written contract"".",matchOnce,must be present,,,non_compliant,Block Requirements,,,false,0,,2026-08-16
"Block Real Estate Services, LLC",69fdf79262446148bd859c47,69fded2262446148bd8491fe,The American National Red Cross,69fdf10de45e7dcf5c439a2b,"prg845 - Pine Ridge Building 25 {PERG BUILDINGS, LLC}",evidenceOfInsurance,Evidence of Insurance,6ac20aae-5728-5d57-b364-aeba38527dba,Additional Requirements,4da5b0f1-4c9d-5885-8cf8-5d3cccaed3e0,"Block Real Estate Services, LLC and all others required by contract are named as Additional Insureds","---prompt---
Determine if the Description of Operations or the Additional Remarks Schedule section states the ""Additional Insured as Construction Management, Inc. and all others required by contract"" or reference to blanket additional insured coverage. Look for language like ""certificate holder is additional insured"" or ""per written contract"".",matchOnce,must be present,,,non_compliant,Block Requirements,,,true,0,,2026-08-16
"Block Real Estate Services, LLC",69fdf79262446148bd859c47,69fded2262446148bd8491fe,The American National Red Cross,69fdf10de45e7dcf5c439a2b,"prg845 - Pine Ridge Building 25 {PERG BUILDINGS, LLC}",evidenceOfInsurance,Evidence of Insurance,6ac20aae-5728-5d57-b364-aeba38527dba,Additional Requirements,e1017741-e47e-5f58-97b8-fbc3043e919f,Umbrella follows form over General Liability,"---prompt---
Determine if the Umbrella/Excess Liability policy follows form to the underlying policies. Evidence may include: language in the Description of Operations section stating the umbrella follows form to underlying coverages or an additional page endorsement stating that it follows form. Follow form means the umbrella policy adopts the same terms, conditions, and exclusions as the underlying policies.",matchOnce,must be present,,,non_compliant,Block Requirements,,,true,0,,2026-08-16
"Block Real Estate Services, LLC",69fdf79262446148bd859c47,69fded2262446148bd8491fe,The American National Red Cross,69fdf10de45e7dcf5c439a2b,"prg845 - Pine Ridge Building 25 {PERG BUILDINGS, LLC}",evidenceOfInsurance,Evidence of Insurance,6ac20aae-5728-5d57-b364-aeba38527dba,Additional Requirements,2cdd866f-c9a4-576a-afd8-1d045762790c,The location must be listed as: 8053 Bond Street Lenexa KS 66214,,matchOnce,must be present,,,non_compliant,Block Requirements,,,true,0,,2026-08-16
"Block Real Estate Services, LLC",69fdf79262446148bd859c47,69fded2262446148bd8491fe,The American National Red Cross,69fdf10de45e7dcf5c439a2b,"prg845 - Pine Ridge Building 25 {PERG BUILDINGS, LLC}",evidenceOfInsurance,Evidence of Insurance,6ac20aae-5728-5d57-b364-aeba38527dba,Additional Requirements,3649e9d1-4e09-59bf-8f30-cb33c40cf117,"Certificate Holder must read: c/o Block Real Estate Services, LLC, 4622 Pennsylvania St., Suite 700, Kansas City, MO, 64112",,matchOnce,must be present,,,non_compliant,Block Requirements,,,true,0,,2026-08-16
"Block Real Estate Services, LLC",69fdf79262446148bd859c42,69fded1762446148bd848e71,Hughes Machinery Company,69fdf10de45e7dcf5c439a2b,"prg845 - Pine Ridge Building 25 {PERG BUILDINGS, LLC}",evidenceOfInsurance,Evidence of Insurance,commercialGeneralLiability,Commercial General Liability,evidenceOfInsuranceCommercialGeneralLiabilityCoverageTriggerOccurrence,Coverage Trigger: Occurrence,,matchOnce,must be present,,Present,compliant,Block Requirements,,,false,1,,2026-08-16
"Block Real Estate Services, LLC",69fdf79262446148bd859c42,69fded1762446148bd848e71,Hughes Machinery Company,69fdf10de45e7dcf5c439a2b,"prg845 - Pine Ridge Building 25 {PERG BUILDINGS, LLC}",evidenceOfInsurance,Evidence of Insurance,commercialGeneralLiability,Commercial General Liability,evidenceOfInsuranceCommercialGeneralLiabilityGeneralAggregateLimitAppliesPerLocation,General Aggregate Limit Applies per: Location,,matchOnce,must be present,,,non_compliant,Block Requirements,,,false,0,,2026-08-16
"Block Real Estate Services, LLC",69fdf79262446148bd859c42,69fded1762446148bd848e71,Hughes Machinery Company,69fdf10de45e7dcf5c439a2b,"prg845 - Pine Ridge Building 25 {PERG BUILDINGS, LLC}",evidenceOfInsurance,Evidence of Insurance,commercialGeneralLiability,Commercial General Liability,evidenceOfInsuranceCommercialGeneralLiabilityEachOccurrence,Each Occurrence,,matchOnce,must be greater or equal to,1000000,2000000,compliant,Block Requirements,,,false,1,,2026-08-16
"Block Real Estate Services, LLC",69fdf79262446148bd859c42,69fded1762446148bd848e71,Hughes Machinery Company,69fdf10de45e7dcf5c439a2b,"prg845 - Pine Ridge Building 25 {PERG BUILDINGS, LLC}",evidenceOfInsurance,Evidence of Insurance,commercialGeneralLiability,Commercial General Liability,evidenceOfInsuranceCommercialGeneralLiabilityGeneralAggregate,General Aggregate,,matchOnce,must be greater or equal to,2000000,10000000,compliant,Block Requirements,,,false,1,,2026-08-16
"Block Real Estate Services, LLC",69fdf79262446148bd859c42,69fded1762446148bd848e71,Hughes Machinery Company,69fdf10de45e7dcf5c439a2b,"prg845 - Pine Ridge Building 25 {PERG BUILDINGS, LLC}",evidenceOfInsurance,Evidence of Insurance,commercialGeneralLiability,Commercial General Liability,evidenceOfInsuranceCommercialGeneralLiabilityWaiverOfSubrogationEndorsement,Waiver of Subrogation,"---prompt---
Determine if the insurer has waived their right of subrogation in favor of the certificate holder under the Commercial General Liability policy. Evidence may include: a checked ""Waiver of Subrogation"" box on the certificate, mention in the Description of Operations section stating ""waiver of subrogation applies"", or reference to form CG 24 04. Look for language like ""subrogation is waived"" or ""per written contract"".",matchOnce,must be present,,Present,compliant,Block Requirements,,,false,1,,2026-08-16
"Block Real Estate Services, LLC",69fdf79262446148bd859c42,69fded1762446148bd848e71,Hughes Machinery Company,69fdf10de45e7dcf5c439a2b,"prg845 - Pine Ridge Building 25 {PERG BUILDINGS, LLC}",evidenceOfInsurance,Evidence of Insurance,excessOrUmbrellaLiability,Umbrella/Excess Liability,evidenceOfInsuranceExcessOrUmbrellaLiabilityOccurence,Coverage Trigger: Occurrence,,matchOnce,must be present,,Present,compliant,Block Requirements,,,false,1,,2026-08-16
"Block Real Estate Services, LLC",69fdf79262446148bd859c42,69fded1762446148bd848e71,Hughes Machinery Company,69fdf10de45e7dcf5c439a2b,"prg845 - Pine Ridge Building 25 {PERG BUILDINGS, LLC}",evidenceOfInsurance,Evidence of Insurance,excessOrUmbrellaLiability,Umbrella/Excess Liability,evidenceOfInsuranceExcessOrUmbrellaLiabilityEachOccurrence,Each Occurrence,,matchOnce,must be greater or equal to,1000000,1000000,compliant,Block Requirements,,,false,1,,2026-08-16
"Block Real Estate Services, LLC",69fdf79262446148bd859c42,69fded1762446148bd848e71,Hughes Machinery Company,69fdf10de45e7dcf5c439a2b,"prg845 - Pine Ridge Building 25 {PERG BUILDINGS, LLC}",evidenceOfInsurance,Evidence of Insurance,excessOrUmbrellaLiability,Umbrella/Excess Liability,evidenceOfInsuranceExcessOrUmbrellaLiabilityAggregate,Aggregate,,matchOnce,must be greater or equal to,1000000,1000000,compliant,Block Requirements,,,false,1,,2026-08-16
"Block Real Estate Services, LLC",69fdf79262446148bd859c42,69fded1762446148bd848e71,Hughes Machinery Company,69fdf10de45e7dcf5c439a2b,"prg845 - Pine Ridge Building 25 {PERG BUILDINGS, LLC}",evidenceOfInsurance,Evidence of Insurance,workersCompensation,Workers' Compensation and Employer's Liability,evidenceOfInsuranceWorkersCompensationStatutoryLimits,Statutory Limits,,matchOnce,must be present,,Present,compliant,Block Requirements,,,false,1,,2026-08-16
"Block Real Estate Services, LLC",69fdf79262446148bd859c42,69fded1762446148bd848e71,Hughes Machinery Company,69fdf10de45e7dcf5c439a2b,"prg845 - Pine Ridge Building 25 {PERG BUILDINGS, LLC}",evidenceOfInsurance,Evidence of Insurance,workersCompensation,Workers' Compensation and Employer's Liability,evidenceOfInsuranceWorkersCompensationEmployersLiabilityEachAccident,Employer's Liability Each Accident,,matchOnce,must be greater or equal to,500000,2000000,compliant,Block Requirements,,,false,1,,2026-08-16
"Block Real Estate Services, LLC",69fdf79262446148bd859c42,69fded1762446148bd848e71,Hughes Machinery Company,69fdf10de45e7dcf5c439a2b,"prg845 - Pine Ridge Building 25 {PERG BUILDINGS, LLC}",evidenceOfInsurance,Evidence of Insurance,workersCompensation,Workers' Compensation and Employer's Liability,evidenceOfInsuranceWorkersCompensationEmployersLiabilityDiseaseEachEmployee,Employer's Liability Disease - each employee,,matchOnce,must be greater or equal to,500000,2000000,compliant,Block Requirements,,,false,1,,2026-08-16
"Block Real Estate Services, LLC",69fdf79262446148bd859c42,69fded1762446148bd848e71,Hughes Machinery Company,69fdf10de45e7dcf5c439a2b,"prg845 - Pine Ridge Building 25 {PERG BUILDINGS, LLC}",evidenceOfInsurance,Evidence of Insurance,workersCompensation,Workers' Compensation and Employer's Liability,evidenceOfInsuranceWorkersCompensationEmployersLiabilityDiseasePolicyLimit,Employer's Liability Disease - policy limit,,matchOnce,must be greater or equal to,500000,2000000,compliant,Block Requirements,,,false,1,,2026-08-16
"Block Real Estate Services, LLC",69fdf79262446148bd859c42,69fded1762446148bd848e71,Hughes Machinery Company,69fdf10de45e7dcf5c439a2b,"prg845 - Pine Ridge Building 25 {PERG BUILDINGS, LLC}",evidenceOfInsurance,Evidence of Insurance,workersCompensation,Workers' Compensation and Employer's Liability,evidenceOfInsuranceWorkersCompensationWaiverOfSubrogationEndorsement,Waiver of Subrogation,"---prompt---
Determine if the insurer has waived their right of subrogation in favor of the certificate holder under the Workers' Compensation policy. Evidence may include: a checked ""Waiver of Subrogation"" box on the certificate, mention in the Description of Operations section stating ""waiver of subrogation applies"", or reference to form WC 00 03 13. Look for language like ""subrogation is waived"" or ""per written contract"".",matchOnce,must be present,,Present,compliant,Block Requirements,,,false,1,,2026-08-16
"Block Real Estate Services, LLC",69fdf79262446148bd859c42,69fded1762446148bd848e71,Hughes Machinery Company,69fdf10de45e7dcf5c439a2b,"prg845 - Pine Ridge Building 25 {PERG BUILDINGS, LLC}",evidenceOfInsurance,Evidence of Insurance,6ac20aae-5728-5d57-b364-aeba38527dba,Additional Requirements,4da5b0f1-4c9d-5885-8cf8-5d3cccaed3e0,"Block Real Estate Services, LLC and all others required by contract are named as Additional Insureds","---prompt---
Determine if the Description of Operations or the Additional Remarks Schedule section states the ""Additional Insured as Construction Management, Inc. and all others required by contract"" or reference to blanket additional insured coverage. Look for language like ""certificate holder is additional insured"" or ""per written contract"".",matchOnce,must be present,,Present,compliant,Block Requirements,,,true,1,,2026-08-16
"Block Real Estate Services, LLC",69fdf79262446148bd859c42,69fded1762446148bd848e71,Hughes Machinery Company,69fdf10de45e7dcf5c439a2b,"prg845 - Pine Ridge Building 25 {PERG BUILDINGS, LLC}",evidenceOfInsurance,Evidence of Insurance,6ac20aae-5728-5d57-b364-aeba38527dba,Additional Requirements,e1017741-e47e-5f58-97b8-fbc3043e919f,Umbrella follows form over General Liability,"---prompt---
Determine if the Umbrella/Excess Liability policy follows form to the underlying policies. Evidence may include: language in the Description of Operations section stating the umbrella follows form to underlying coverages or an additional page endorsement stating that it follows form. Follow form means the umbrella policy adopts the same terms, conditions, and exclusions as the underlying policies.",matchOnce,must be present,,,non_compliant,Block Requirements,,,true,0,,2026-08-16
"Block Real Estate Services, LLC",69fdf79262446148bd859c42,69fded1762446148bd848e71,Hughes Machinery Company,69fdf10de45e7dcf5c439a2b,"prg845 - Pine Ridge Building 25 {PERG BUILDINGS, LLC}",evidenceOfInsurance,Evidence of Insurance,6ac20aae-5728-5d57-b364-aeba38527dba,Additional Requirements,2cdd866f-c9a4-576a-afd8-1d045762790c,"The location must be listed as: 8055, 8057 Bond Street Lenexa KS 66214",,matchOnce,must be present,,,non_compliant,Block Requirements,,,true,0,,2026-08-16
"Block Real Estate Services, LLC",69fdf79262446148bd859c42,69fded1762446148bd848e71,Hughes Machinery Company,69fdf10de45e7dcf5c439a2b,"prg845 - Pine Ridge Building 25 {PERG BUILDINGS, LLC}",evidenceOfInsurance,Evidence of Insurance,6ac20aae-5728-5d57-b364-aeba38527dba,Additional Requirements,3649e9d1-4e09-59bf-8f30-cb33c40cf117,"Certificate Holder must read: c/o Block Real Estate Services, LLC, 4622 Pennsylvania St., Suite 700, Kansas City, MO, 64112",,matchOnce,must be present,,Present,compliant,Block Requirements,,,true,1,,2026-08-16
"Block Real Estate Services, LLC",69fdf79262446148bd859c44,69fded1d62446148bd849078,"PERG Buildings, LLC",69fdf10de45e7dcf5c439a2b,"prg845 - Pine Ridge Building 25 {PERG BUILDINGS, LLC}",evidenceOfInsurance,Evidence of Insurance,commercialGeneralLiability,Commercial General Liability,evidenceOfInsuranceCommercialGeneralLiabilityCoverageTriggerOccurrence,Coverage Trigger: Occurrence,,matchOnce,must be present,,,non_compliant,Block Requirements,,,false,0,,2026-08-16
"Block Real Estate Services, LLC",69fdf79262446148bd859c44,69fded1d62446148bd849078,"PERG Buildings, LLC",69fdf10de45e7dcf5c439a2b,"prg845 - Pine Ridge Building 25 {PERG BUILDINGS, LLC}",evidenceOfInsurance,Evidence of Insurance,commercialGeneralLiability,Commercial General Liability,evidenceOfInsuranceCommercialGeneralLiabilityGeneralAggregateLimitAppliesPerLocation,General Aggregate Limit Applies per: Location,,matchOnce,must be present,,,non_compliant,Block Requirements,,,false,0,,2026-08-16
"Block Real Estate Services, LLC",69fdf79262446148bd859c44,69fded1d62446148bd849078,"PERG Buildings, LLC",69fdf10de45e7dcf5c439a2b,"prg845 - Pine Ridge Building 25 {PERG BUILDINGS, LLC}",evidenceOfInsurance,Evidence of Insurance,commercialGeneralLiability,Commercial General Liability,evidenceOfInsuranceCommercialGeneralLiabilityEachOccurrence,Each Occurrence,,matchOnce,must be greater or equal to,1000000,,non_compliant,Block Requirements,,,false,0,,2026-08-16
"Block Real Estate Services, LLC",69fdf79262446148bd859c44,69fded1d62446148bd849078,"PERG Buildings, LLC",69fdf10de45e7dcf5c439a2b,"prg845 - Pine Ridge Building 25 {PERG BUILDINGS, LLC}",evidenceOfInsurance,Evidence of Insurance,commercialGeneralLiability,Commercial General Liability,evidenceOfInsuranceCommercialGeneralLiabilityGeneralAggregate,General Aggregate,,matchOnce,must be greater or equal to,2000000,,non_compliant,Block Requirements,,,false,0,,2026-08-16
"Block Real Estate Services, LLC",69fdf79262446148bd859c44,69fded1d62446148bd849078,"PERG Buildings, LLC",69fdf10de45e7dcf5c439a2b,"prg845 - Pine Ridge Building 25 {PERG BUILDINGS, LLC}",evidenceOfInsurance,Evidence of Insurance,commercialGeneralLiability,Commercial General Liability,evidenceOfInsuranceCommercialGeneralLiabilityWaiverOfSubrogationEndorsement,Waiver of Subrogation,"---prompt---
Determine if the insurer has waived their right of subrogation in favor of the certificate holder under the Commercial General Liability policy. Evidence may include: a checked ""Waiver of Subrogation"" box on the certificate, mention in the Description of Operations section stating ""waiver of subrogation applies"", or reference to form CG 24 04. Look for language like ""subrogation is waived"" or ""per written contract"".",matchOnce,must be present,,,non_compliant,Block Requirements,,,false,0,,2026-08-16
"Block Real Estate Services, LLC",69fdf79262446148bd859c44,69fded1d62446148bd849078,"PERG Buildings, LLC",69fdf10de45e7dcf5c439a2b,"prg845 - Pine Ridge Building 25 {PERG BUILDINGS, LLC}",evidenceOfInsurance,Evidence of Insurance,excessOrUmbrellaLiability,Umbrella/Excess Liability,evidenceOfInsuranceExcessOrUmbrellaLiabilityOccurence,Coverage Trigger: Occurrence,,matchOnce,must be present,,,non_compliant,Block Requirements,,,false,0,,2026-08-16
"Block Real Estate Services, LLC",69fdf79262446148bd859c44,69fded1d62446148bd849078,"PERG Buildings, LLC",69fdf10de45e7dcf5c439a2b,"prg845 - Pine Ridge Building 25 {PERG BUILDINGS, LLC}",evidenceOfInsurance,Evidence of Insurance,excessOrUmbrellaLiability,Umbrella/Excess Liability,evidenceOfInsuranceExcessOrUmbrellaLiabilityEachOccurrence,Each Occurrence,,matchOnce,must be greater or equal to,1000000,,non_compliant,Block Requirements,,,false,0,,2026-08-16
"Block Real Estate Services, LLC",69fdf79262446148bd859c44,69fded1d62446148bd849078,"PERG Buildings, LLC",69fdf10de45e7dcf5c439a2b,"prg845 - Pine Ridge Building 25 {PERG BUILDINGS, LLC}",evidenceOfInsurance,Evidence of Insurance,excessOrUmbrellaLiability,Umbrella/Excess Liability,evidenceOfInsuranceExcessOrUmbrellaLiabilityAggregate,Aggregate,,matchOnce,must be greater or equal to,1000000,,non_compliant,Block Requirements,,,false,0,,2026-08-16
"Block Real Estate Services, LLC",69fdf79262446148bd859c44,69fded1d62446148bd849078,"PERG Buildings, LLC",69fdf10de45e7dcf5c439a2b,"prg845 - Pine Ridge Building 25 {PERG BUILDINGS, LLC}",evidenceOfInsurance,Evidence of Insurance,workersCompensation,Workers' Compensation and Employer's Liability,evidenceOfInsuranceWorkersCompensationStatutoryLimits,Statutory Limits,,matchOnce,must be present,,,non_compliant,Block Requirements,,,false,0,,2026-08-16
"Block Real Estate Services, LLC",69fdf79262446148bd859c44,69fded1d62446148bd849078,"PERG Buildings, LLC",69fdf10de45e7dcf5c439a2b,"prg845 - Pine Ridge Building 25 {PERG BUILDINGS, LLC}",evidenceOfInsurance,Evidence of Insurance,workersCompensation,Workers' Compensation and Employer's Liability,evidenceOfInsuranceWorkersCompensationEmployersLiabilityEachAccident,Employer's Liability Each Accident,,matchOnce,must be greater or equal to,500000,,non_compliant,Block Requirements,,,false,0,,2026-08-16
"Block Real Estate Services, LLC",69fdf79262446148bd859c44,69fded1d62446148bd849078,"PERG Buildings, LLC",69fdf10de45e7dcf5c439a2b,"prg845 - Pine Ridge Building 25 {PERG BUILDINGS, LLC}",evidenceOfInsurance,Evidence of Insurance,workersCompensation,Workers' Compensation and Employer's Liability,evidenceOfInsuranceWorkersCompensationEmployersLiabilityDiseaseEachEmployee,Employer's Liability Disease - each employee,,matchOnce,must be greater or equal to,500000,,non_compliant,Block Requirements,,,false,0,,2026-08-16
"Block Real Estate Services, LLC",69fdf79262446148bd859c44,69fded1d62446148bd849078,"PERG Buildings, LLC",69fdf10de45e7dcf5c439a2b,"prg845 - Pine Ridge Building 25 {PERG BUILDINGS, LLC}",evidenceOfInsurance,Evidence of Insurance,workersCompensation,Workers' Compensation and Employer's Liability,evidenceOfInsuranceWorkersCompensationEmployersLiabilityDiseasePolicyLimit,Employer's Liability Disease - policy limit,,matchOnce,must be greater or equal to,500000,,non_compliant,Block Requirements,,,false,0,,2026-08-16
"Block Real Estate Services, LLC",69fdf79262446148bd859c44,69fded1d62446148bd849078,"PERG Buildings, LLC",69fdf10de45e7dcf5c439a2b,"prg845 - Pine Ridge Building 25 {PERG BUILDINGS, LLC}",evidenceOfInsurance,Evidence of Insurance,workersCompensation,Workers' Compensation and Employer's Liability,evidenceOfInsuranceWorkersCompensationWaiverOfSubrogationEndorsement,Waiver of Subrogation,"---prompt---
Determine if the insurer has waived their right of subrogation in favor of the certificate holder under the Workers' Compensation policy. Evidence may include: a checked ""Waiver of Subrogation"" box on the certificate, mention in the Description of Operations section stating ""waiver of subrogation applies"", or reference to form WC 00 03 13. Look for language like ""subrogation is waived"" or ""per written contract"".",matchOnce,must be present,,,non_compliant,Block Requirements,,,false,0,,2026-08-16
"Block Real Estate Services, LLC",69fdf79262446148bd859c44,69fded1d62446148bd849078,"PERG Buildings, LLC",69fdf10de45e7dcf5c439a2b,"prg845 - Pine Ridge Building 25 {PERG BUILDINGS, LLC}",evidenceOfInsurance,Evidence of Insurance,6ac20aae-5728-5d57-b364-aeba38527dba,Additional Requirements,4da5b0f1-4c9d-5885-8cf8-5d3cccaed3e0,"Block Real Estate Services, LLC and all others required by contract are named as Additional Insureds","---prompt---
Determine if the Description of Operations or the Additional Remarks Schedule section states the ""Additional Insured as Construction Management, Inc. and all others required by contract"" or reference to blanket additional insured coverage. Look for language like ""certificate holder is additional insured"" or ""per written contract"".",matchOnce,must be present,,,non_compliant,Block Requirements,,,true,0,,2026-08-16
"Block Real Estate Services, LLC",69fdf79262446148bd859c44,69fded1d62446148bd849078,"PERG Buildings, LLC",69fdf10de45e7dcf5c439a2b,"prg845 - Pine Ridge Building 25 {PERG BUILDINGS, LLC}",evidenceOfInsurance,Evidence of Insurance,6ac20aae-5728-5d57-b364-aeba38527dba,Additional Requirements,e1017741-e47e-5f58-97b8-fbc3043e919f,Umbrella follows form over General Liability,"---prompt---
Determine if the Umbrella/Excess Liability policy follows form to the underlying policies. Evidence may include: language in the Description of Operations section stating the umbrella follows form to underlying coverages or an additional page endorsement stating that it follows form. Follow form means the umbrella policy adopts the same terms, conditions, and exclusions as the underlying policies.",matchOnce,must be present,,,non_compliant,Block Requirements,,,true,0,,2026-08-16
"Block Real Estate Services, LLC",69fdf79262446148bd859c44,69fded1d62446148bd849078,"PERG Buildings, LLC",69fdf10de45e7dcf5c439a2b,"prg845 - Pine Ridge Building 25 {PERG BUILDINGS, LLC}",evidenceOfInsurance,Evidence of Insurance,6ac20aae-5728-5d57-b364-aeba38527dba,Additional Requirements,2cdd866f-c9a4-576a-afd8-1d045762790c,The location must be listed as: 8051 Bond Street Lenexa KS 66214,,matchOnce,must be present,,,non_compliant,Block Requirements,,,true,0,,2026-08-16
"Block Real Estate Services, LLC",69fdf79262446148bd859c44,69fded1d62446148bd849078,"PERG Buildings, LLC",69fdf10de45e7dcf5c439a2b,"prg845 - Pine Ridge Building 25 {PERG BUILDINGS, LLC}",evidenceOfInsurance,Evidence of Insurance,6ac20aae-5728-5d57-b364-aeba38527dba,Additional Requirements,3649e9d1-4e09-59bf-8f30-cb33c40cf117,"Certificate Holder must read: c/o Block Real Estate Services, LLC, 4622 Pennsylvania St., Suite 700, Kansas City, MO, 64112",,matchOnce,must be present,,,non_compliant,Block Requirements,,,true,0,,2026-08-16
"Block Real Estate Services, LLC",69fdf7a362446148bd85b03f,69fded2362446148bd849228,Tool Source Warehouse Inc,69fdf17dbf1df2fe9692c120,"tic467 - Lenexa Logistics Centre South Building 7 {Lenexa Logistics 7, LLC}",evidenceOfInsurance,Evidence of Insurance,commercialGeneralLiability,Commercial General Liability,evidenceOfInsuranceCommercialGeneralLiabilityCoverageTriggerOccurrence,Coverage Trigger: Occurrence,,matchOnce,must be present,,,non_compliant,Block Requirements,,,false,0,,2026-08-16
"Block Real Estate Services, LLC",69fdf7a362446148bd85b03f,69fded2362446148bd849228,Tool Source Warehouse Inc,69fdf17dbf1df2fe9692c120,"tic467 - Lenexa Logistics Centre South Building 7 {Lenexa Logistics 7, LLC}",evidenceOfInsurance,Evidence of Insurance,commercialGeneralLiability,Commercial General Liability,evidenceOfInsuranceCommercialGeneralLiabilityGeneralAggregateLimitAppliesPerLocation,General Aggregate Limit Applies per: Location,,matchOnce,must be present,,,non_compliant,Block Requirements,,,false,0,,2026-08-16
"Block Real Estate Services, LLC",69fdf7a362446148bd85b03f,69fded2362446148bd849228,Tool Source Warehouse Inc,69fdf17dbf1df2fe9692c120,"tic467 - Lenexa Logistics Centre South Building 7 {Lenexa Logistics 7, LLC}",evidenceOfInsurance,Evidence of Insurance,commercialGeneralLiability,Commercial General Liability,evidenceOfInsuranceCommercialGeneralLiabilityEachOccurrence,Each Occurrence,,matchOnce,must be greater or equal to,1000000,,non_compliant,Block Requirements,,,false,0,,2026-08-16
"Block Real Estate Services, LLC",69fdf7a362446148bd85b03f,69fded2362446148bd849228,Tool Source Warehouse Inc,69fdf17dbf1df2fe9692c120,"tic467 - Lenexa Logistics Centre South Building 7 {Lenexa Logistics 7, LLC}",evidenceOfInsurance,Evidence of Insurance,commercialGeneralLiability,Commercial General Liability,evidenceOfInsuranceCommercialGeneralLiabilityGeneralAggregate,General Aggregate,,matchOnce,must be greater or equal to,2000000,,non_compliant,Block Requirements,,,false,0,,2026-08-16
"Block Real Estate Services, LLC",69fdf7a362446148bd85b03f,69fded2362446148bd849228,Tool Source Warehouse Inc,69fdf17dbf1df2fe9692c120,"tic467 - Lenexa Logistics Centre South Building 7 {Lenexa Logistics 7, LLC}",evidenceOfInsurance,Evidence of Insurance,commercialGeneralLiability,Commercial General Liability,evidenceOfInsuranceCommercialGeneralLiabilityWaiverOfSubrogationEndorsement,Waiver of Subrogation,"---prompt---
Determine if the insurer has waived their right of subrogation in favor of the certificate holder under the Commercial General Liability policy. Evidence may include: a checked ""Waiver of Subrogation"" box on the certificate, mention in the Description of Operations section stating ""waiver of subrogation applies"", or reference to form CG 24 04. Look for language like ""subrogation is waived"" or ""per written contract"".",matchOnce,must be present,,,non_compliant,Block Requirements,,,false,0,,2026-08-16
"Block Real Estate Services, LLC",69fdf7a362446148bd85b03f,69fded2362446148bd849228,Tool Source Warehouse Inc,69fdf17dbf1df2fe9692c120,"tic467 - Lenexa Logistics Centre South Building 7 {Lenexa Logistics 7, LLC}",evidenceOfInsurance,Evidence of Insurance,excessOrUmbrellaLiability,Umbrella/Excess Liability,evidenceOfInsuranceExcessOrUmbrellaLiabilityOccurence,Coverage Trigger: Occurrence,,matchOnce,must be present,,,non_compliant,Block Requirements,,,false,0,,2026-08-16
"Block Real Estate Services, LLC",69fdf7a362446148bd85b03f,69fded2362446148bd849228,Tool Source Warehouse Inc,69fdf17dbf1df2fe9692c120,"tic467 - Lenexa Logistics Centre South Building 7 {Lenexa Logistics 7, LLC}",evidenceOfInsurance,Evidence of Insurance,excessOrUmbrellaLiability,Umbrella/Excess Liability,evidenceOfInsuranceExcessOrUmbrellaLiabilityEachOccurrence,Each Occurrence,,matchOnce,must be greater or equal to,1000000,,non_compliant,Block Requirements,,,false,0,,2026-08-16
"Block Real Estate Services, LLC",69fdf7a362446148bd85b03f,69fded2362446148bd849228,Tool Source Warehouse Inc,69fdf17dbf1df2fe9692c120,"tic467 - Lenexa Logistics Centre South Building 7 {Lenexa Logistics 7, LLC}",evidenceOfInsurance,Evidence of Insurance,excessOrUmbrellaLiability,Umbrella/Excess Liability,evidenceOfInsuranceExcessOrUmbrellaLiabilityAggregate,Aggregate,,matchOnce,must be greater or equal to,1000000,,non_compliant,Block Requirements,,,false,0,,2026-08-16
"Block Real Estate Services, LLC",69fdf7a362446148bd85b03f,69fded2362446148bd849228,Tool Source Warehouse Inc,69fdf17dbf1df2fe9692c120,"tic467 - Lenexa Logistics Centre South Building 7 {Lenexa Logistics 7, LLC}",evidenceOfInsurance,Evidence of Insurance,workersCompensation,Workers' Compensation and Employer's Liability,evidenceOfInsuranceWorkersCompensationStatutoryLimits,Statutory Limits,,matchOnce,must be present,,,non_compliant,Block Requirements,,,false,0,,2026-08-16
"Block Real Estate Services, LLC",69fdf7a362446148bd85b03f,69fded2362446148bd849228,Tool Source Warehouse Inc,69fdf17dbf1df2fe9692c120,"tic467 - Lenexa Logistics Centre South Building 7 {Lenexa Logistics 7, LLC}",evidenceOfInsurance,Evidence of Insurance,workersCompensation,Workers' Compensation and Employer's Liability,evidenceOfInsuranceWorkersCompensationEmployersLiabilityEachAccident,Employer's Liability Each Accident,,matchOnce,must be greater or equal to,500000,,non_compliant,Block Requirements,,,false,0,,2026-08-16
"Block Real Estate Services, LLC",69fdf7a362446148bd85b03f,69fded2362446148bd849228,Tool Source Warehouse Inc,69fdf17dbf1df2fe9692c120,"tic467 - Lenexa Logistics Centre South Building 7 {Lenexa Logistics 7, LLC}",evidenceOfInsurance,Evidence of Insurance,workersCompensation,Workers' Compensation and Employer's Liability,evidenceOfInsuranceWorkersCompensationEmployersLiabilityDiseaseEachEmployee,Employer's Liability Disease - each employee,,matchOnce,must be greater or equal to,500000,,non_compliant,Block Requirements,,,false,0,,2026-08-16
"Block Real Estate Services, LLC",69fdf7a362446148bd85b03f,69fded2362446148bd849228,Tool Source Warehouse Inc,69fdf17dbf1df2fe9692c120,"tic467 - Lenexa Logistics Centre South Building 7 {Lenexa Logistics 7, LLC}",evidenceOfInsurance,Evidence of Insurance,workersCompensation,Workers' Compensation and Employer's Liability,evidenceOfInsuranceWorkersCompensationEmployersLiabilityDiseasePolicyLimit,Employer's Liability Disease - policy limit,,matchOnce,must be greater or equal to,500000,,non_compliant,Block Requirements,,,false,0,,2026-08-16
"Block Real Estate Services, LLC",69fdf7a362446148bd85b03f,69fded2362446148bd849228,Tool Source Warehouse Inc,69fdf17dbf1df2fe9692c120,"tic467 - Lenexa Logistics Centre South Building 7 {Lenexa Logistics 7, LLC}",evidenceOfInsurance,Evidence of Insurance,workersCompensation,Workers' Compensation and Employer's Liability,evidenceOfInsuranceWorkersCompensationWaiverOfSubrogationEndorsement,Waiver of Subrogation,"---prompt---
Determine if the insurer has waived their right of subrogation in favor of the certificate holder under the Workers' Compensation policy. Evidence may include: a checked ""Waiver of Subrogation"" box on the certificate, mention in the Description of Operations section stating ""waiver of subrogation applies"", or reference to form WC 00 03 13. Look for language like ""subrogation is waived"" or ""per written contract"".",matchOnce,must be present,,,non_compliant,Block Requirements,,,false,0,,2026-08-16
"Block Real Estate Services, LLC",69fdf7a362446148bd85b03f,69fded2362446148bd849228,Tool Source Warehouse Inc,69fdf17dbf1df2fe9692c120,"tic467 - Lenexa Logistics Centre South Building 7 {Lenexa Logistics 7, LLC}",evidenceOfInsurance,Evidence of Insurance,6ac20aae-5728-5d57-b364-aeba38527dba,Additional Requirements,4da5b0f1-4c9d-5885-8cf8-5d3cccaed3e0,"Block Real Estate Services, LLC and all others required by contract are named as Additional Insureds","---prompt---
Determine if the Description of Operations or the Additional Remarks Schedule section states the ""Additional Insured as Construction Management, Inc. and all others required by contract"" or reference to blanket additional insured coverage. Look for language like ""certificate holder is additional insured"" or ""per written contract"".",matchOnce,must be present,,,non_compliant,Block Requirements,,,true,0,,2026-08-16
"Block Real Estate Services, LLC",69fdf7a362446148bd85b03f,69fded2362446148bd849228,Tool Source Warehouse Inc,69fdf17dbf1df2fe9692c120,"tic467 - Lenexa Logistics Centre South Building 7 {Lenexa Logistics 7, LLC}",evidenceOfInsurance,Evidence of Insurance,6ac20aae-5728-5d57-b364-aeba38527dba,Additional Requirements,e1017741-e47e-5f58-97b8-fbc3043e919f,Umbrella follows form over General Liability,"---prompt---
Determine if the Umbrella/Excess Liability policy follows form to the underlying policies. Evidence may include: language in the Description of Operations section stating the umbrella follows form to underlying coverages or an additional page endorsement stating that it follows form. Follow form means the umbrella policy adopts the same terms, conditions, and exclusions as the underlying policies.",matchOnce,must be present,,,non_compliant,Block Requirements,,,true,0,,2026-08-16
"Block Real Estate Services, LLC",69fdf7a362446148bd85b03f,69fded2362446148bd849228,Tool Source Warehouse Inc,69fdf17dbf1df2fe9692c120,"tic467 - Lenexa Logistics Centre South Building 7 {Lenexa Logistics 7, LLC}",evidenceOfInsurance,Evidence of Insurance,6ac20aae-5728-5d57-b364-aeba38527dba,Additional Requirements,2cdd866f-c9a4-576a-afd8-1d045762790c,The location must be listed as: 11230 Britton Street Lenexa KS 66219,,matchOnce,must be present,,,non_compliant,Block Requirements,,,true,0,,2026-08-16
"Block Real Estate Services, LLC",69fdf7a362446148bd85b03f,69fded2362446148bd849228,Tool Source Warehouse Inc,69fdf17dbf1df2fe9692c120,"tic467 - Lenexa Logistics Centre South Building 7 {Lenexa Logistics 7, LLC}",evidenceOfInsurance,Evidence of Insurance,6ac20aae-5728-5d57-b364-aeba38527dba,Additional Requirements,3649e9d1-4e09-59bf-8f30-cb33c40cf117,"Certificate Holder must read: c/o Block Real Estate Services, LLC, 4622 Pennsylvania St., Suite 700, Kansas City, MO, 64112",,matchOnce,must be present,,,non_compliant,Block Requirements,,,true,0,,2026-08-16
"Block Real Estate Services, LLC",69fdf7a362446148bd85b03d,69fded1762446148bd848e74,Husqvarna Construction Products North America Inc,69fdf17dbf1df2fe9692c120,"tic467 - Lenexa Logistics Centre South Building 7 {Lenexa Logistics 7, LLC}",evidenceOfInsurance,Evidence of Insurance,commercialGeneralLiability,Commercial General Liability,evidenceOfInsuranceCommercialGeneralLiabilityCoverageTriggerOccurrence,Coverage Trigger: Occurrence,,matchOnce,must be present,,Present,compliant,Block Requirements,,,false,1,,2026-08-16
"Block Real Estate Services, LLC",69fdf7a362446148bd85b03d,69fded1762446148bd848e74,Husqvarna Construction Products North America Inc,69fdf17dbf1df2fe9692c120,"tic467 - Lenexa Logistics Centre South Building 7 {Lenexa Logistics 7, LLC}",evidenceOfInsurance,Evidence of Insurance,commercialGeneralLiability,Commercial General Liability,evidenceOfInsuranceCommercialGeneralLiabilityGeneralAggregateLimitAppliesPerLocation,General Aggregate Limit Applies per: Location,,matchOnce,must be present,,,non_compliant,Block Requirements,,,false,0,,2026-08-16
"Block Real Estate Services, LLC",69fdf7a362446148bd85b03d,69fded1762446148bd848e74,Husqvarna Construction Products North America Inc,69fdf17dbf1df2fe9692c120,"tic467 - Lenexa Logistics Centre South Building 7 {Lenexa Logistics 7, LLC}",evidenceOfInsurance,Evidence of Insurance,commercialGeneralLiability,Commercial General Liability,evidenceOfInsuranceCommercialGeneralLiabilityEachOccurrence,Each Occurrence,,matchOnce,must be greater or equal to,1000000,2000000,compliant,Block Requirements,,,false,1,,2026-08-16
"Block Real Estate Services, LLC",69fdf7a362446148bd85b03d,69fded1762446148bd848e74,Husqvarna Construction Products North America Inc,69fdf17dbf1df2fe9692c120,"tic467 - Lenexa Logistics Centre South Building 7 {Lenexa Logistics 7, LLC}",evidenceOfInsurance,Evidence of Insurance,commercialGeneralLiability,Commercial General Liability,evidenceOfInsuranceCommercialGeneralLiabilityGeneralAggregate,General Aggregate,,matchOnce,must be greater or equal to,2000000,2000000,compliant,Block Requirements,,,false,1,,2026-08-16
"Block Real Estate Services, LLC",69fdf7a362446148bd85b03d,69fded1762446148bd848e74,Husqvarna Construction Products North America Inc,69fdf17dbf1df2fe9692c120,"tic467 - Lenexa Logistics Centre South Building 7 {Lenexa Logistics 7, LLC}",evidenceOfInsurance,Evidence of Insurance,commercialGeneralLiability,Commercial General Liability,evidenceOfInsuranceCommercialGeneralLiabilityWaiverOfSubrogationEndorsement,Waiver of Subrogation,"---prompt---
Determine if the insurer has waived their right of subrogation in favor of the certificate holder under the Commercial General Liability policy. Evidence may include: a checked ""Waiver of Subrogation"" box on the certificate, mention in the Description of Operations section stating ""waiver of subrogation applies"", or reference to form CG 24 04. Look for language like ""subrogation is waived"" or ""per written contract"".",matchOnce,must be present,,Present,compliant,Block Requirements,,,false,1,,2026-08-16
"Block Real Estate Services, LLC",69fdf7a362446148bd85b03d,69fded1762446148bd848e74,Husqvarna Construction Products North America Inc,69fdf17dbf1df2fe9692c120,"tic467 - Lenexa Logistics Centre South Building 7 {Lenexa Logistics 7, LLC}",evidenceOfInsurance,Evidence of Insurance,excessOrUmbrellaLiability,Umbrella/Excess Liability,evidenceOfInsuranceExcessOrUmbrellaLiabilityOccurence,Coverage Trigger: Occurrence,,matchOnce,must be present,,Present,compliant,Block Requirements,,,false,1,,2026-08-16
"Block Real Estate Services, LLC",69fdf7a362446148bd85b03d,69fded1762446148bd848e74,Husqvarna Construction Products North America Inc,69fdf17dbf1df2fe9692c120,"tic467 - Lenexa Logistics Centre South Building 7 {Lenexa Logistics 7, LLC}",evidenceOfInsurance,Evidence of Insurance,excessOrUmbrellaLiability,Umbrella/Excess Liability,evidenceOfInsuranceExcessOrUmbrellaLiabilityEachOccurrence,Each Occurrence,,matchOnce,must be greater or equal to,1000000,3000000,compliant,Block Requirements,,,false,1,,2026-08-16
"Block Real Estate Services, LLC",69fdf7a362446148bd85b03d,69fded1762446148bd848e74,Husqvarna Construction Products North America Inc,69fdf17dbf1df2fe9692c120,"tic467 - Lenexa Logistics Centre South Building 7 {Lenexa Logistics 7, LLC}",evidenceOfInsurance,Evidence of Insurance,excessOrUmbrellaLiability,Umbrella/Excess Liability,evidenceOfInsuranceExcessOrUmbrellaLiabilityAggregate,Aggregate,,matchOnce,must be greater or equal to,1000000,3000000,compliant,Block Requirements,,,false,1,,2026-08-16
"Block Real Estate Services, LLC",69fdf7a362446148bd85b03d,69fded1762446148bd848e74,Husqvarna Construction Products North America Inc,69fdf17dbf1df2fe9692c120,"tic467 - Lenexa Logistics Centre South Building 7 {Lenexa Logistics 7, LLC}",evidenceOfInsurance,Evidence of Insurance,workersCompensation,Workers' Compensation and Employer's Liability,evidenceOfInsuranceWorkersCompensationStatutoryLimits,Statutory Limits,,matchOnce,must be present,,Present,compliant,Block Requirements,,,false,1,,2026-08-16
"Block Real Estate Services, LLC",69fdf7a362446148bd85b03d,69fded1762446148bd848e74,Husqvarna Construction Products North America Inc,69fdf17dbf1df2fe9692c120,"tic467 - Lenexa Logistics Centre South Building 7 {Lenexa Logistics 7, LLC}",evidenceOfInsurance,Evidence of Insurance,workersCompensation,Workers' Compensation and Employer's Liability,evidenceOfInsuranceWorkersCompensationEmployersLiabilityEachAccident,Employer's Liability Each Accident,,matchOnce,must be greater or equal to,500000,1000000,compliant,Block Requirements,,,false,1,,2026-08-16
"Block Real Estate Services, LLC",69fdf7a362446148bd85b03d,69fded1762446148bd848e74,Husqvarna Construction Products North America Inc,69fdf17dbf1df2fe9692c120,"tic467 - Lenexa Logistics Centre South Building 7 {Lenexa Logistics 7, LLC}",evidenceOfInsurance,Evidence of Insurance,workersCompensation,Workers' Compensation and Employer's Liability,evidenceOfInsuranceWorkersCompensationEmployersLiabilityDiseaseEachEmployee,Employer's Liability Disease - each employee,,matchOnce,must be greater or equal to,500000,1000000,compliant,Block Requirements,,,false,1,,2026-08-16
"Block Real Estate Services, LLC",69fdf7a362446148bd85b03d,69fded1762446148bd848e74,Husqvarna Construction Products North America Inc,69fdf17dbf1df2fe9692c120,"tic467 - Lenexa Logistics Centre South Building 7 {Lenexa Logistics 7, LLC}",evidenceOfInsurance,Evidence of Insurance,workersCompensation,Workers' Compensation and Employer's Liability,evidenceOfInsuranceWorkersCompensationEmployersLiabilityDiseasePolicyLimit,Employer's Liability Disease - policy limit,,matchOnce,must be greater or equal to,500000,1000000,compliant,Block Requirements,,,false,1,,2026-08-16
"Block Real Estate Services, LLC",69fdf7a362446148bd85b03d,69fded1762446148bd848e74,Husqvarna Construction Products North America Inc,69fdf17dbf1df2fe9692c120,"tic467 - Lenexa Logistics Centre South Building 7 {Lenexa Logistics 7, LLC}",evidenceOfInsurance,Evidence of Insurance,workersCompensation,Workers' Compensation and Employer's Liability,evidenceOfInsuranceWorkersCompensationWaiverOfSubrogationEndorsement,Waiver of Subrogation,"---prompt---
Determine if the insurer has waived their right of subrogation in favor of the certificate holder under the Workers' Compensation policy. Evidence may include: a checked ""Waiver of Subrogation"" box on the certificate, mention in the Description of Operations section stating ""waiver of subrogation applies"", or reference to form WC 00 03 13. Look for language like ""subrogation is waived"" or ""per written contract"".",matchOnce,must be present,,Present,compliant,Block Requirements,,,false,1,,2026-08-16
"Block Real Estate Services, LLC",69fdf7a362446148bd85b03d,69fded1762446148bd848e74,Husqvarna Construction Products North America Inc,69fdf17dbf1df2fe9692c120,"tic467 - Lenexa Logistics Centre South Building 7 {Lenexa Logistics 7, LLC}",evidenceOfInsurance,Evidence of Insurance,6ac20aae-5728-5d57-b364-aeba38527dba,Additional Requirements,4da5b0f1-4c9d-5885-8cf8-5d3cccaed3e0,"Block Real Estate Services, LLC and all others required by contract are named as Additional Insureds","---prompt---
Determine if the Description of Operations or the Additional Remarks Schedule section states the ""Additional Insured as Construction Management, Inc. and all others required by contract"" or reference to blanket additional insured coverage. Look for language like ""certificate holder is additional insured"" or ""per written contract"".",matchOnce,must be present,,,non_compliant,Block Requirements,,,true,0,,2026-08-16
"Block Real Estate Services, LLC",69fdf7a362446148bd85b03d,69fded1762446148bd848e74,Husqvarna Construction Products North America Inc,69fdf17dbf1df2fe9692c120,"tic467 - Lenexa Logistics Centre South Building 7 {Lenexa Logistics 7, LLC}",evidenceOfInsurance,Evidence of Insurance,6ac20aae-5728-5d57-b364-aeba38527dba,Additional Requirements,e1017741-e47e-5f58-97b8-fbc3043e919f,Umbrella follows form over General Liability,"---prompt---
Determine if the Umbrella/Excess Liability policy follows form to the underlying policies. Evidence may include: language in the Description of Operations section stating the umbrella follows form to underlying coverages or an additional page endorsement stating that it follows form. Follow form means the umbrella policy adopts the same terms, conditions, and exclusions as the underlying policies.",matchOnce,must be present,,,non_compliant,Block Requirements,,,true,0,,2026-08-16
"Block Real Estate Services, LLC",69fdf7a362446148bd85b03d,69fded1762446148bd848e74,Husqvarna Construction Products North America Inc,69fdf17dbf1df2fe9692c120,"tic467 - Lenexa Logistics Centre South Building 7 {Lenexa Logistics 7, LLC}",evidenceOfInsurance,Evidence of Insurance,6ac20aae-5728-5d57-b364-aeba38527dba,Additional Requirements,2cdd866f-c9a4-576a-afd8-1d045762790c,"The location must be listed as: 11200, 11220 Britton Street Lenexa KS 66219",,matchOnce,must be present,,Present,compliant,Block Requirements,,,true,1,,2026-08-16
"Block Real Estate Services, LLC",69fdf7a362446148bd85b03d,69fded1762446148bd848e74,Husqvarna Construction Products North America Inc,69fdf17dbf1df2fe9692c120,"tic467 - Lenexa Logistics Centre South Building 7 {Lenexa Logistics 7, LLC}",evidenceOfInsurance,Evidence of Insurance,6ac20aae-5728-5d57-b364-aeba38527dba,Additional Requirements,3649e9d1-4e09-59bf-8f30-cb33c40cf117,"Certificate Holder must read: c/o Block Real Estate Services, LLC, 4622 Pennsylvania St., Suite 700, Kansas City, MO, 64112",,matchOnce,must be present,,Present,compliant,Block Requirements,,,true,1,,2026-08-16
"Block Real Estate Services, LLC",69fdf7a362446148bd85b03e,69fded2262446148bd849225,"T-Mobile USA, Inc. (fka Sprint CMC / Sprint United Management Company)",69fdf17dbf1df2fe9692c120,"tic467 - Lenexa Logistics Centre South Building 7 {Lenexa Logistics 7, LLC}",evidenceOfInsurance,Evidence of Insurance,commercialGeneralLiability,Commercial General Liability,evidenceOfInsuranceCommercialGeneralLiabilityCoverageTriggerOccurrence,Coverage Trigger: Occurrence,,matchOnce,must be present,,Present,compliant,Block Requirements,,,false,1,,2026-08-16
"Block Real Estate Services, LLC",69fdf7a362446148bd85b03e,69fded2262446148bd849225,"T-Mobile USA, Inc. (fka Sprint CMC / Sprint United Management Company)",69fdf17dbf1df2fe9692c120,"tic467 - Lenexa Logistics Centre South Building 7 {Lenexa Logistics 7, LLC}",evidenceOfInsurance,Evidence of Insurance,commercialGeneralLiability,Commercial General Liability,evidenceOfInsuranceCommercialGeneralLiabilityGeneralAggregateLimitAppliesPerLocation,General Aggregate Limit Applies per: Location,,matchOnce,must be present,,Present,compliant,Block Requirements,,,false,1,,2026-08-16
"Block Real Estate Services, LLC",69fdf7a362446148bd85b03e,69fded2262446148bd849225,"T-Mobile USA, Inc. (fka Sprint CMC / Sprint United Management Company)",69fdf17dbf1df2fe9692c120,"tic467 - Lenexa Logistics Centre South Building 7 {Lenexa Logistics 7, LLC}",evidenceOfInsurance,Evidence of Insurance,commercialGeneralLiability,Commercial General Liability,evidenceOfInsuranceCommercialGeneralLiabilityEachOccurrence,Each Occurrence,,matchOnce,must be greater or equal to,1000000,10000000,compliant,Block Requirements,,,false,1,,2026-08-16
"Block Real Estate Services, LLC",69fdf7a362446148bd85b03e,69fded2262446148bd849225,"T-Mobile USA, Inc. (fka Sprint CMC / Sprint United Management Company)",69fdf17dbf1df2fe9692c120,"tic467 - Lenexa Logistics Centre South Building 7 {Lenexa Logistics 7, LLC}",evidenceOfInsurance,Evidence of Insurance,commercialGeneralLiability,Commercial General Liability,evidenceOfInsuranceCommercialGeneralLiabilityGeneralAggregate,General Aggregate,,matchOnce,must be greater or equal to,2000000,20000000,compliant,Block Requirements,,,false,1,,2026-08-16
"Block Real Estate Services, LLC",69fdf7a362446148bd85b03e,69fded2262446148bd849225,"T-Mobile USA, Inc. (fka Sprint CMC / Sprint United Management Company)",69fdf17dbf1df2fe9692c120,"tic467 - Lenexa Logistics Centre South Building 7 {Lenexa Logistics 7, LLC}",evidenceOfInsurance,Evidence of Insurance,commercialGeneralLiability,Commercial General Liability,evidenceOfInsuranceCommercialGeneralLiabilityWaiverOfSubrogationEndorsement,Waiver of Subrogation,"---prompt---
Determine if the insurer has waived their right of subrogation in favor of the certificate holder under the Commercial General Liability policy. Evidence may include: a checked ""Waiver of Subrogation"" box on the certificate, mention in the Description of Operations section stating ""waiver of subrogation applies"", or reference to form CG 24 04. Look for language like ""subrogation is waived"" or ""per written contract"".",matchOnce,must be present,,Present,compliant,Block Requirements,,,false,1,,2026-08-16
"Block Real Estate Services, LLC",69fdf7a362446148bd85b03e,69fded2262446148bd849225,"T-Mobile USA, Inc. (fka Sprint CMC / Sprint United Management Company)",69fdf17dbf1df2fe9692c120,"tic467 - Lenexa Logistics Centre South Building 7 {Lenexa Logistics 7, LLC}",evidenceOfInsurance,Evidence of Insurance,excessOrUmbrellaLiability,Umbrella/Excess Liability,evidenceOfInsuranceExcessOrUmbrellaLiabilityOccurence,Coverage Trigger: Occurrence,,matchOnce,must be present,,Present,compliant,Block Requirements,,,false,1,,2026-08-16
"Block Real Estate Services, LLC",69fdf7a362446148bd85b03e,69fded2262446148bd849225,"T-Mobile USA, Inc. (fka Sprint CMC / Sprint United Management Company)",69fdf17dbf1df2fe9692c120,"tic467 - Lenexa Logistics Centre South Building 7 {Lenexa Logistics 7, LLC}",evidenceOfInsurance,Evidence of Insurance,excessOrUmbrellaLiability,Umbrella/Excess Liability,evidenceOfInsuranceExcessOrUmbrellaLiabilityEachOccurrence,Each Occurrence,,matchOnce,must be greater or equal to,1000000,5000000,compliant,Block Requirements,,,false,1,,2026-08-16
"Block Real Estate Services, LLC",69fdf7a362446148bd85b03e,69fded2262446148bd849225,"T-Mobile USA, Inc. (fka Sprint CMC / Sprint United Management Company)",69fdf17dbf1df2fe9692c120,"tic467 - Lenexa Logistics Centre South Building 7 {Lenexa Logistics 7, LLC}",evidenceOfInsurance,Evidence of Insurance,excessOrUmbrellaLiability,Umbrella/Excess Liability,evidenceOfInsuranceExcessOrUmbrellaLiabilityAggregate,Aggregate,,matchOnce,must be greater or equal to,1000000,5000000,compliant,Block Requirements,,,false,1,,2026-08-16
"Block Real Estate Services, LLC",69fdf7a362446148bd85b03e,69fded2262446148bd849225,"T-Mobile USA, Inc. (fka Sprint CMC / Sprint United Management Company)",69fdf17dbf1df2fe9692c120,"tic467 - Lenexa Logistics Centre South Building 7 {Lenexa Logistics 7, LLC}",evidenceOfInsurance,Evidence of Insurance,workersCompensation,Workers' Compensation and Employer's Liability,evidenceOfInsuranceWorkersCompensationStatutoryLimits,Statutory Limits,,matchOnce,must be present,,Present,compliant,Block Requirements,,,false,1,,2026-08-16
"Block Real Estate Services, LLC",69fdf7a362446148bd85b03e,69fded2262446148bd849225,"T-Mobile USA, Inc. (fka Sprint CMC / Sprint United Management Company)",69fdf17dbf1df2fe9692c120,"tic467 - Lenexa Logistics Centre South Building 7 {Lenexa Logistics 7, LLC}",evidenceOfInsurance,Evidence of Insurance,workersCompensation,Workers' Compensation and Employer's Liability,evidenceOfInsuranceWorkersCompensationEmployersLiabilityEachAccident,Employer's Liability Each Accident,,matchOnce,must be greater or equal to,500000,2000000,compliant,Block Requirements,,,false,1,,2026-08-16
"Block Real Estate Services, LLC",69fdf7a362446148bd85b03e,69fded2262446148bd849225,"T-Mobile USA, Inc. (fka Sprint CMC / Sprint United Management Company)",69fdf17dbf1df2fe9692c120,"tic467 - Lenexa Logistics Centre South Building 7 {Lenexa Logistics 7, LLC}",evidenceOfInsurance,Evidence of Insurance,workersCompensation,Workers' Compensation and Employer's Liability,evidenceOfInsuranceWorkersCompensationEmployersLiabilityDiseaseEachEmployee,Employer's Liability Disease - each employee,,matchOnce,must be greater or equal to,500000,2000000,compliant,Block Requirements,,,false,1,,2026-08-16
"Block Real Estate Services, LLC",69fdf7a362446148bd85b03e,69fded2262446148bd849225,"T-Mobile USA, Inc. (fka Sprint CMC / Sprint United Management Company)",69fdf17dbf1df2fe9692c120,"tic467 - Lenexa Logistics Centre South Building 7 {Lenexa Logistics 7, LLC}",evidenceOfInsurance,Evidence of Insurance,workersCompensation,Workers' Compensation and Employer's Liability,evidenceOfInsuranceWorkersCompensationEmployersLiabilityDiseasePolicyLimit,Employer's Liability Disease - policy limit,,matchOnce,must be greater or equal to,500000,2000000,compliant,Block Requirements,,,false,1,,2026-08-16
"Block Real Estate Services, LLC",69fdf7a362446148bd85b03e,69fded2262446148bd849225,"T-Mobile USA, Inc. (fka Sprint CMC / Sprint United Management Company)",69fdf17dbf1df2fe9692c120,"tic467 - Lenexa Logistics Centre South Building 7 {Lenexa Logistics 7, LLC}",evidenceOfInsurance,Evidence of Insurance,workersCompensation,Workers' Compensation and Employer's Liability,evidenceOfInsuranceWorkersCompensationWaiverOfSubrogationEndorsement,Waiver of Subrogation,"---prompt---
Determine if the insurer has waived their right of subrogation in favor of the certificate holder under the Workers' Compensation policy. Evidence may include: a checked ""Waiver of Subrogation"" box on the certificate, mention in the Description of Operations section stating ""waiver of subrogation applies"", or reference to form WC 00 03 13. Look for language like ""subrogation is waived"" or ""per written contract"".",matchOnce,must be present,,,non_compliant,Block Requirements,,,false,0,,2026-08-16
"Block Real Estate Services, LLC",69fdf7a362446148bd85b03e,69fded2262446148bd849225,"T-Mobile USA, Inc. (fka Sprint CMC / Sprint United Management Company)",69fdf17dbf1df2fe9692c120,"tic467 - Lenexa Logistics Centre South Building 7 {Lenexa Logistics 7, LLC}",evidenceOfInsurance,Evidence of Insurance,6ac20aae-5728-5d57-b364-aeba38527dba,Additional Requirements,4da5b0f1-4c9d-5885-8cf8-5d3cccaed3e0,"Block Real Estate Services, LLC and all others required by contract are named as Additional Insureds","---prompt---
Determine if the Description of Operations or the Additional Remarks Schedule section states the ""Additional Insured as Construction Management, Inc. and all others required by contract"" or reference to blanket additional insured coverage. Look for language like ""certificate holder is additional insured"" or ""per written contract"".",matchOnce,must be present,,Present,compliant,Block Requirements,,,true,1,,2026-08-16
"Block Real Estate Services, LLC",69fdf7a362446148bd85b03e,69fded2262446148bd849225,"T-Mobile USA, Inc. (fka Sprint CMC / Sprint United Management Company)",69fdf17dbf1df2fe9692c120,"tic467 - Lenexa Logistics Centre South Building 7 {Lenexa Logistics 7, LLC}",evidenceOfInsurance,Evidence of Insurance,6ac20aae-5728-5d57-b364-aeba38527dba,Additional Requirements,e1017741-e47e-5f58-97b8-fbc3043e919f,Umbrella follows form over General Liability,"---prompt---
Determine if the Umbrella/Excess Liability policy follows form to the underlying policies. Evidence may include: language in the Description of Operations section stating the umbrella follows form to underlying coverages or an additional page endorsement stating that it follows form. Follow form means the umbrella policy adopts the same terms, conditions, and exclusions as the underlying policies.",matchOnce,must be present,,,non_compliant,Block Requirements,,,true,0,,2026-08-16
"Block Real Estate Services, LLC",69fdf7a362446148bd85b03e,69fded2262446148bd849225,"T-Mobile USA, Inc. (fka Sprint CMC / Sprint United Management Company)",69fdf17dbf1df2fe9692c120,"tic467 - Lenexa Logistics Centre South Building 7 {Lenexa Logistics 7, LLC}",evidenceOfInsurance,Evidence of Insurance,6ac20aae-5728-5d57-b364-aeba38527dba,Additional Requirements,2cdd866f-c9a4-576a-afd8-1d045762790c,"The location must be listed as: 11240, 11250 Britton Street Lenexa KS 66219",,matchOnce,must be present,,Present,compliant,Block Requirements,,,true,1,,2026-08-16
"Block Real Estate Services, LLC",69fdf7a362446148bd85b03e,69fded2262446148bd849225,"T-Mobile USA, Inc. (fka Sprint CMC / Sprint United Management Company)",69fdf17dbf1df2fe9692c120,"tic467 - Lenexa Logistics Centre South Building 7 {Lenexa Logistics 7, LLC}",evidenceOfInsurance,Evidence of Insurance,6ac20aae-5728-5d57-b364-aeba38527dba,Additional Requirements,3649e9d1-4e09-59bf-8f30-cb33c40cf117,"Certificate Holder must read: c/o Block Real Estate Services, LLC, 4622 Pennsylvania St., Suite 700, Kansas City, MO, 64112",,matchOnce,must be present,,Present,compliant,Block Requirements,,,true,1,,2026-08-16
"Block Real Estate Services, LLC",69fdf76e62446148bd8573f3,69fded1962446148bd848f2e,Link Media Omaha LLC,69fdf0590bb484cab513c4cc,"kci283 - Platte Valley Industrial Center 3 {Platte Valley Investment, LLC}",evidenceOfInsurance,Evidence of Insurance,commercialGeneralLiability,Commercial General Liability,evidenceOfInsuranceCommercialGeneralLiabilityCoverageTriggerOccurrence,Coverage Trigger: Occurrence,,matchOnce,must be present,,Present,compliant,Block Requirements,,,false,1,,2026-08-16
"Block Real Estate Services, LLC",69fdf76e62446148bd8573f3,69fded1962446148bd848f2e,Link Media Omaha LLC,69fdf0590bb484cab513c4cc,"kci283 - Platte Valley Industrial Center 3 {Platte Valley Investment, LLC}",evidenceOfInsurance,Evidence of Insurance,commercialGeneralLiability,Commercial General Liability,evidenceOfInsuranceCommercialGeneralLiabilityGeneralAggregateLimitAppliesPerLocation,General Aggregate Limit Applies per: Location,,matchOnce,must be present,,,non_compliant,Block Requirements,,,false,0,,2026-08-16
"Block Real Estate Services, LLC",69fdf76e62446148bd8573f3,69fded1962446148bd848f2e,Link Media Omaha LLC,69fdf0590bb484cab513c4cc,"kci283 - Platte Valley Industrial Center 3 {Platte Valley Investment, LLC}",evidenceOfInsurance,Evidence of Insurance,commercialGeneralLiability,Commercial General Liability,evidenceOfInsuranceCommercialGeneralLiabilityEachOccurrence,Each Occurrence,,matchOnce,must be greater or equal to,1000000,1000000,compliant,Block Requirements,,,false,1,,2026-08-16
"Block Real Estate Services, LLC",69fdf76e62446148bd8573f3,69fded1962446148bd848f2e,Link Media Omaha LLC,69fdf0590bb484cab513c4cc,"kci283 - Platte Valley Industrial Center 3 {Platte Valley Investment, LLC}",evidenceOfInsurance,Evidence of Insurance,commercialGeneralLiability,Commercial General Liability,evidenceOfInsuranceCommercialGeneralLiabilityGeneralAggregate,General Aggregate,,matchOnce,must be greater or equal to,2000000,2000000,compliant,Block Requirements,,,false,1,,2026-08-16
"Block Real Estate Services, LLC",69fdf76e62446148bd8573f3,69fded1962446148bd848f2e,Link Media Omaha LLC,69fdf0590bb484cab513c4cc,"kci283 - Platte Valley Industrial Center 3 {Platte Valley Investment, LLC}",evidenceOfInsurance,Evidence of Insurance,commercialGeneralLiability,Commercial General Liability,evidenceOfInsuranceCommercialGeneralLiabilityWaiverOfSubrogationEndorsement,Waiver of Subrogation,"---prompt---
Determine if the insurer has waived their right of subrogation in favor of the certificate holder under the Commercial General Liability policy. Evidence may include: a checked ""Waiver of Subrogation"" box on the certificate, mention in the Description of Operations section stating ""waiver of subrogation applies"", or reference to form CG 24 04. Look for language like ""subrogation is waived"" or ""per written contract"".",matchOnce,must be present,,,non_compliant,Block Requirements,,,false,0,,2026-08-16
"Block Real Estate Services, LLC",69fdf76e62446148bd8573f3,69fded1962446148bd848f2e,Link Media Omaha LLC,69fdf0590bb484cab513c4cc,"kci283 - Platte Valley Industrial Center 3 {Platte Valley Investment, LLC}",evidenceOfInsurance,Evidence of Insurance,excessOrUmbrellaLiability,Umbrella/Excess Liability,evidenceOfInsuranceExcessOrUmbrellaLiabilityOccurence,Coverage Trigger: Occurrence,,matchOnce,must be present,,Present,compliant,Block Requirements,,,false,1,,2026-08-16
"Block Real Estate Services, LLC",69fdf76e62446148bd8573f3,69fded1962446148bd848f2e,Link Media Omaha LLC,69fdf0590bb484cab513c4cc,"kci283 - Platte Valley Industrial Center 3 {Platte Valley Investment, LLC}",evidenceOfInsurance,Evidence of Insurance,excessOrUmbrellaLiability,Umbrella/Excess Liability,evidenceOfInsuranceExcessOrUmbrellaLiabilityEachOccurrence,Each Occurrence,,matchOnce,must be greater or equal to,1000000,10000000,compliant,Block Requirements,,,false,1,,2026-08-16
"Block Real Estate Services, LLC",69fdf76e62446148bd8573f3,69fded1962446148bd848f2e,Link Media Omaha LLC,69fdf0590bb484cab513c4cc,"kci283 - Platte Valley Industrial Center 3 {Platte Valley Investment, LLC}",evidenceOfInsurance,Evidence of Insurance,excessOrUmbrellaLiability,Umbrella/Excess Liability,evidenceOfInsuranceExcessOrUmbrellaLiabilityAggregate,Aggregate,,matchOnce,must be greater or equal to,1000000,10000000,compliant,Block Requirements,,,false,1,,2026-08-16
"Block Real Estate Services, LLC",69fdf76e62446148bd8573f3,69fded1962446148bd848f2e,Link Media Omaha LLC,69fdf0590bb484cab513c4cc,"kci283 - Platte Valley Industrial Center 3 {Platte Valley Investment, LLC}",evidenceOfInsurance,Evidence of Insurance,workersCompensation,Workers' Compensation and Employer's Liability,evidenceOfInsuranceWorkersCompensationStatutoryLimits,Statutory Limits,,matchOnce,must be present,,Present,compliant,Block Requirements,,,false,1,,2026-08-16
"Block Real Estate Services, LLC",69fdf76e62446148bd8573f3,69fded1962446148bd848f2e,Link Media Omaha LLC,69fdf0590bb484cab513c4cc,"kci283 - Platte Valley Industrial Center 3 {Platte Valley Investment, LLC}",evidenceOfInsurance,Evidence of Insurance,workersCompensation,Workers' Compensation and Employer's Liability,evidenceOfInsuranceWorkersCompensationEmployersLiabilityEachAccident,Employer's Liability Each Accident,,matchOnce,must be greater or equal to,500000,1000000,compliant,Block Requirements,,,false,1,,2026-08-16
"Block Real Estate Services, LLC",69fdf76e62446148bd8573f3,69fded1962446148bd848f2e,Link Media Omaha LLC,69fdf0590bb484cab513c4cc,"kci283 - Platte Valley Industrial Center 3 {Platte Valley Investment, LLC}",evidenceOfInsurance,Evidence of Insurance,workersCompensation,Workers' Compensation and Employer's Liability,evidenceOfInsuranceWorkersCompensationEmployersLiabilityDiseaseEachEmployee,Employer's Liability Disease - each employee,,matchOnce,must be greater or equal to,500000,1000000,compliant,Block Requirements,,,false,1,,2026-08-16
"Block Real Estate Services, LLC",69fdf76e62446148bd8573f3,69fded1962446148bd848f2e,Link Media Omaha LLC,69fdf0590bb484cab513c4cc,"kci283 - Platte Valley Industrial Center 3 {Platte Valley Investment, LLC}",evidenceOfInsurance,Evidence of Insurance,workersCompensation,Workers' Compensation and Employer's Liability,evidenceOfInsuranceWorkersCompensationEmployersLiabilityDiseasePolicyLimit,Employer's Liability Disease - policy limit,,matchOnce,must be greater or equal to,500000,1000000,compliant,Block Requirements,,,false,1,,2026-08-16
"Block Real Estate Services, LLC",69fdf76e62446148bd8573f3,69fded1962446148bd848f2e,Link Media Omaha LLC,69fdf0590bb484cab513c4cc,"kci283 - Platte Valley Industrial Center 3 {Platte Valley Investment, LLC}",evidenceOfInsurance,Evidence of Insurance,workersCompensation,Workers' Compensation and Employer's Liability,evidenceOfInsuranceWorkersCompensationWaiverOfSubrogationEndorsement,Waiver of Subrogation,"---prompt---
Determine if the insurer has waived their right of subrogation in favor of the certificate holder under the Workers' Compensation policy. Evidence may include: a checked ""Waiver of Subrogation"" box on the certificate, mention in the Description of Operations section stating ""waiver of subrogation applies"", or reference to form WC 00 03 13. Look for language like ""subrogation is waived"" or ""per written contract"".",matchOnce,must be present,,,non_compliant,Block Requirements,,,false,0,,2026-08-16
"Block Real Estate Services, LLC",69fdf76e62446148bd8573f3,69fded1962446148bd848f2e,Link Media Omaha LLC,69fdf0590bb484cab513c4cc,"kci283 - Platte Valley Industrial Center 3 {Platte Valley Investment, LLC}",evidenceOfInsurance,Evidence of Insurance,6ac20aae-5728-5d57-b364-aeba38527dba,Additional Requirements,4da5b0f1-4c9d-5885-8cf8-5d3cccaed3e0,"Block Real Estate Services, LLC and all others required by contract are named as Additional Insureds","---prompt---
Determine if the Description of Operations or the Additional Remarks Schedule section states the ""Additional Insured as Construction Management, Inc. and all others required by contract"" or reference to blanket additional insured coverage. Look for language like ""certificate holder is additional insured"" or ""per written contract"".",matchOnce,must be present,,Present,compliant,Block Requirements,,,true,1,,2026-08-16
"Block Real Estate Services, LLC",69fdf76e62446148bd8573f3,69fded1962446148bd848f2e,Link Media Omaha LLC,69fdf0590bb484cab513c4cc,"kci283 - Platte Valley Industrial Center 3 {Platte Valley Investment, LLC}",evidenceOfInsurance,Evidence of Insurance,6ac20aae-5728-5d57-b364-aeba38527dba,Additional Requirements,e1017741-e47e-5f58-97b8-fbc3043e919f,Umbrella follows form over General Liability,"---prompt---
Determine if the Umbrella/Excess Liability policy follows form to the underlying policies. Evidence may include: language in the Description of Operations section stating the umbrella follows form to underlying coverages or an additional page endorsement stating that it follows form. Follow form means the umbrella policy adopts the same terms, conditions, and exclusions as the underlying policies.",matchOnce,must be present,,,non_compliant,Block Requirements,,,true,0,,2026-08-16
"Block Real Estate Services, LLC",69fdf76e62446148bd8573f3,69fded1962446148bd848f2e,Link Media Omaha LLC,69fdf0590bb484cab513c4cc,"kci283 - Platte Valley Industrial Center 3 {Platte Valley Investment, LLC}",evidenceOfInsurance,Evidence of Insurance,6ac20aae-5728-5d57-b364-aeba38527dba,Additional Requirements,2cdd866f-c9a4-576a-afd8-1d045762790c,"The location must be listed as: 614 NW Platte Valley Drive, Riverside, MO, 64150",,matchOnce,must be present,,,non_compliant,Block Requirements,,,true,0,,2026-08-16
"Block Real Estate Services, LLC",69fdf76e62446148bd8573f3,69fded1962446148bd848f2e,Link Media Omaha LLC,69fdf0590bb484cab513c4cc,"kci283 - Platte Valley Industrial Center 3 {Platte Valley Investment, LLC}",evidenceOfInsurance,Evidence of Insurance,6ac20aae-5728-5d57-b364-aeba38527dba,Additional Requirements,3649e9d1-4e09-59bf-8f30-cb33c40cf117,"Certificate Holder must read: c/o Block Real Estate Services, LLC, 4622 Pennsylvania St., Suite 700, Kansas City, MO, 64112",,matchOnce,must be present,,Present,compliant,Block Requirements,,,true,1,,2026-08-16
"Block Real Estate Services, LLC",69fdf76e62446148bd8573f2,69fded1962446148bd848f25,Lightning Logistics,69fdf0590bb484cab513c4cc,"kci283 - Platte Valley Industrial Center 3 {Platte Valley Investment, LLC}",evidenceOfInsurance,Evidence of Insurance,commercialGeneralLiability,Commercial General Liability,evidenceOfInsuranceCommercialGeneralLiabilityCoverageTriggerOccurrence,Coverage Trigger: Occurrence,,matchOnce,must be present,,,non_compliant,Block Requirements,,,false,0,,2026-08-16
"Block Real Estate Services, LLC",69fdf76e62446148bd8573f2,69fded1962446148bd848f25,Lightning Logistics,69fdf0590bb484cab513c4cc,"kci283 - Platte Valley Industrial Center 3 {Platte Valley Investment, LLC}",evidenceOfInsurance,Evidence of Insurance,commercialGeneralLiability,Commercial General Liability,evidenceOfInsuranceCommercialGeneralLiabilityGeneralAggregateLimitAppliesPerLocation,General Aggregate Limit Applies per: Location,,matchOnce,must be present,,,non_compliant,Block Requirements,,,false,0,,2026-08-16
"Block Real Estate Services, LLC",69fdf76e62446148bd8573f2,69fded1962446148bd848f25,Lightning Logistics,69fdf0590bb484cab513c4cc,"kci283 - Platte Valley Industrial Center 3 {Platte Valley Investment, LLC}",evidenceOfInsurance,Evidence of Insurance,commercialGeneralLiability,Commercial General Liability,evidenceOfInsuranceCommercialGeneralLiabilityEachOccurrence,Each Occurrence,,matchOnce,must be greater or equal to,1000000,,non_compliant,Block Requirements,,,false,0,,2026-08-16
"Block Real Estate Services, LLC",69fdf76e62446148bd8573f2,69fded1962446148bd848f25,Lightning Logistics,69fdf0590bb484cab513c4cc,"kci283 - Platte Valley Industrial Center 3 {Platte Valley Investment, LLC}",evidenceOfInsurance,Evidence of Insurance,commercialGeneralLiability,Commercial General Liability,evidenceOfInsuranceCommercialGeneralLiabilityGeneralAggregate,General Aggregate,,matchOnce,must be greater or equal to,2000000,,non_compliant,Block Requirements,,,false,0,,2026-08-16
"Block Real Estate Services, LLC",69fdf76e62446148bd8573f2,69fded1962446148bd848f25,Lightning Logistics,69fdf0590bb484cab513c4cc,"kci283 - Platte Valley Industrial Center 3 {Platte Valley Investment, LLC}",evidenceOfInsurance,Evidence of Insurance,commercialGeneralLiability,Commercial General Liability,evidenceOfInsuranceCommercialGeneralLiabilityWaiverOfSubrogationEndorsement,Waiver of Subrogation,"---prompt---
Determine if the insurer has waived their right of subrogation in favor of the certificate holder under the Commercial General Liability policy. Evidence may include: a checked ""Waiver of Subrogation"" box on the certificate, mention in the Description of Operations section stating ""waiver of subrogation applies"", or reference to form CG 24 04. Look for language like ""subrogation is waived"" or ""per written contract"".",matchOnce,must be present,,,non_compliant,Block Requirements,,,false,0,,2026-08-16
"Block Real Estate Services, LLC",69fdf76e62446148bd8573f2,69fded1962446148bd848f25,Lightning Logistics,69fdf0590bb484cab513c4cc,"kci283 - Platte Valley Industrial Center 3 {Platte Valley Investment, LLC}",evidenceOfInsurance,Evidence of Insurance,excessOrUmbrellaLiability,Umbrella/Excess Liability,evidenceOfInsuranceExcessOrUmbrellaLiabilityOccurence,Coverage Trigger: Occurrence,,matchOnce,must be present,,,non_compliant,Block Requirements,,,false,0,,2026-08-16
"Block Real Estate Services, LLC",69fdf76e62446148bd8573f2,69fded1962446148bd848f25,Lightning Logistics,69fdf0590bb484cab513c4cc,"kci283 - Platte Valley Industrial Center 3 {Platte Valley Investment, LLC}",evidenceOfInsurance,Evidence of Insurance,excessOrUmbrellaLiability,Umbrella/Excess Liability,evidenceOfInsuranceExcessOrUmbrellaLiabilityEachOccurrence,Each Occurrence,,matchOnce,must be greater or equal to,1000000,,non_compliant,Block Requirements,,,false,0,,2026-08-16
"Block Real Estate Services, LLC",69fdf76e62446148bd8573f2,69fded1962446148bd848f25,Lightning Logistics,69fdf0590bb484cab513c4cc,"kci283 - Platte Valley Industrial Center 3 {Platte Valley Investment, LLC}",evidenceOfInsurance,Evidence of Insurance,excessOrUmbrellaLiability,Umbrella/Excess Liability,evidenceOfInsuranceExcessOrUmbrellaLiabilityAggregate,Aggregate,,matchOnce,must be greater or equal to,1000000,,non_compliant,Block Requirements,,,false,0,,2026-08-16
"Block Real Estate Services, LLC",69fdf76e62446148bd8573f2,69fded1962446148bd848f25,Lightning Logistics,69fdf0590bb484cab513c4cc,"kci283 - Platte Valley Industrial Center 3 {Platte Valley Investment, LLC}",evidenceOfInsurance,Evidence of Insurance,workersCompensation,Workers' Compensation and Employer's Liability,evidenceOfInsuranceWorkersCompensationStatutoryLimits,Statutory Limits,,matchOnce,must be present,,,non_compliant,Block Requirements,,,false,0,,2026-08-16
"Block Real Estate Services, LLC",69fdf76e62446148bd8573f2,69fded1962446148bd848f25,Lightning Logistics,69fdf0590bb484cab513c4cc,"kci283 - Platte Valley Industrial Center 3 {Platte Valley Investment, LLC}",evidenceOfInsurance,Evidence of Insurance,workersCompensation,Workers' Compensation and Employer's Liability,evidenceOfInsuranceWorkersCompensationEmployersLiabilityEachAccident,Employer's Liability Each Accident,,matchOnce,must be greater or equal to,500000,,non_compliant,Block Requirements,,,false,0,,2026-08-16
"Block Real Estate Services, LLC",69fdf76e62446148bd8573f2,69fded1962446148bd848f25,Lightning Logistics,69fdf0590bb484cab513c4cc,"kci283 - Platte Valley Industrial Center 3 {Platte Valley Investment, LLC}",evidenceOfInsurance,Evidence of Insurance,workersCompensation,Workers' Compensation and Employer's Liability,evidenceOfInsuranceWorkersCompensationEmployersLiabilityDiseaseEachEmployee,Employer's Liability Disease - each employee,,matchOnce,must be greater or equal to,500000,,non_compliant,Block Requirements,,,false,0,,2026-08-16
"Block Real Estate Services, LLC",69fdf76e62446148bd8573f2,69fded1962446148bd848f25,Lightning Logistics,69fdf0590bb484cab513c4cc,"kci283 - Platte Valley Industrial Center 3 {Platte Valley Investment, LLC}",evidenceOfInsurance,Evidence of Insurance,workersCompensation,Workers' Compensation and Employer's Liability,evidenceOfInsuranceWorkersCompensationEmployersLiabilityDiseasePolicyLimit,Employer's Liability Disease - policy limit,,matchOnce,must be greater or equal to,500000,,non_compliant,Block Requirements,,,false,0,,2026-08-16
"Block Real Estate Services, LLC",69fdf76e62446148bd8573f2,69fded1962446148bd848f25,Lightning Logistics,69fdf0590bb484cab513c4cc,"kci283 - Platte Valley Industrial Center 3 {Platte Valley Investment, LLC}",evidenceOfInsurance,Evidence of Insurance,workersCompensation,Workers' Compensation and Employer's Liability,evidenceOfInsuranceWorkersCompensationWaiverOfSubrogationEndorsement,Waiver of Subrogation,"---prompt---
Determine if the insurer has waived their right of subrogation in favor of the certificate holder under the Workers' Compensation policy. Evidence may include: a checked ""Waiver of Subrogation"" box on the certificate, mention in the Description of Operations section stating ""waiver of subrogation applies"", or reference to form WC 00 03 13. Look for language like ""subrogation is waived"" or ""per written contract"".",matchOnce,must be present,,,non_compliant,Block Requirements,,,false,0,,2026-08-16
"Block Real Estate Services, LLC",69fdf76e62446148bd8573f2,69fded1962446148bd848f25,Lightning Logistics,69fdf0590bb484cab513c4cc,"kci283 - Platte Valley Industrial Center 3 {Platte Valley Investment, LLC}",evidenceOfInsurance,Evidence of Insurance,6ac20aae-5728-5d57-b364-aeba38527dba,Additional Requirements,4da5b0f1-4c9d-5885-8cf8-5d3cccaed3e0,"Block Real Estate Services, LLC and all others required by contract are named as Additional Insureds","---prompt---
Determine if the Description of Operations or the Additional Remarks Schedule section states the ""Additional Insured as Construction Management, Inc. and all others required by contract"" or reference to blanket additional insured coverage. Look for language like ""certificate holder is additional insured"" or ""per written contract"".",matchOnce,must be present,,,non_compliant,Block Requirements,,,true,0,,2026-08-16
"Block Real Estate Services, LLC",69fdf76e62446148bd8573f2,69fded1962446148bd848f25,Lightning Logistics,69fdf0590bb484cab513c4cc,"kci283 - Platte Valley Industrial Center 3 {Platte Valley Investment, LLC}",evidenceOfInsurance,Evidence of Insurance,6ac20aae-5728-5d57-b364-aeba38527dba,Additional Requirements,e1017741-e47e-5f58-97b8-fbc3043e919f,Umbrella follows form over General Liability,"---prompt---
Determine if the Umbrella/Excess Liability policy follows form to the underlying policies. Evidence may include: language in the Description of Operations section stating the umbrella follows form to underlying coverages or an additional page endorsement stating that it follows form. Follow form means the umbrella policy adopts the same terms, conditions, and exclusions as the underlying policies.",matchOnce,must be present,,,non_compliant,Block Requirements,,,true,0,,2026-08-16
"Block Real Estate Services, LLC",69fdf76e62446148bd8573f2,69fded1962446148bd848f25,Lightning Logistics,69fdf0590bb484cab513c4cc,"kci283 - Platte Valley Industrial Center 3 {Platte Valley Investment, LLC}",evidenceOfInsurance,Evidence of Insurance,6ac20aae-5728-5d57-b364-aeba38527dba,Additional Requirements,2cdd866f-c9a4-576a-afd8-1d045762790c,"The location must be listed as: 608 NW Platte Valley Drive, Riverside, MO, 64150",,matchOnce,must be present,,,non_compliant,Block Requirements,,,true,0,,2026-08-16
"Block Real Estate Services, LLC",69fdf76e62446148bd8573f2,69fded1962446148bd848f25,Lightning Logistics,69fdf0590bb484cab513c4cc,"kci283 - Platte Valley Industrial Center 3 {Platte Valley Investment, LLC}",evidenceOfInsurance,Evidence of Insurance,6ac20aae-5728-5d57-b364-aeba38527dba,Additional Requirements,3649e9d1-4e09-59bf-8f30-cb33c40cf117,"Certificate Holder must read: c/o Block Real Estate Services, LLC, 4622 Pennsylvania St., Suite 700, Kansas City, MO, 64112",,matchOnce,must be present,,,non_compliant,Block Requirements,,,true,0,,2026-08-16
"Block Real Estate Services, LLC",69fdf76e62446148bd8573f1,69fded1762446148bd848e77,Hyalogic LLC,69fdf0590bb484cab513c4cc,"kci283 - Platte Valley Industrial Center 3 {Platte Valley Investment, LLC}",evidenceOfInsurance,Evidence of Insurance,commercialGeneralLiability,Commercial General Liability,evidenceOfInsuranceCommercialGeneralLiabilityCoverageTriggerOccurrence,Coverage Trigger: Occurrence,,matchOnce,must be present,,Present,compliant,Block Requirements,,,false,3,,2026-08-16
"Block Real Estate Services, LLC",69fdf76e62446148bd8573f1,69fded1762446148bd848e77,Hyalogic LLC,69fdf0590bb484cab513c4cc,"kci283 - Platte Valley Industrial Center 3 {Platte Valley Investment, LLC}",evidenceOfInsurance,Evidence of Insurance,commercialGeneralLiability,Commercial General Liability,evidenceOfInsuranceCommercialGeneralLiabilityGeneralAggregateLimitAppliesPerLocation,General Aggregate Limit Applies per: Location,,matchOnce,must be present,,Present,compliant,Block Requirements,,,false,1,,2026-08-16
"Block Real Estate Services, LLC",69fdf76e62446148bd8573f1,69fded1762446148bd848e77,Hyalogic LLC,69fdf0590bb484cab513c4cc,"kci283 - Platte Valley Industrial Center 3 {Platte Valley Investment, LLC}",evidenceOfInsurance,Evidence of Insurance,commercialGeneralLiability,Commercial General Liability,evidenceOfInsuranceCommercialGeneralLiabilityEachOccurrence,Each Occurrence,,matchOnce,must be greater or equal to,1000000,7000000,compliant,Block Requirements,,,false,4,,2026-08-16
"Block Real Estate Services, LLC",69fdf76e62446148bd8573f1,69fded1762446148bd848e77,Hyalogic LLC,69fdf0590bb484cab513c4cc,"kci283 - Platte Valley Industrial Center 3 {Platte Valley Investment, LLC}",evidenceOfInsurance,Evidence of Insurance,commercialGeneralLiability,Commercial General Liability,evidenceOfInsuranceCommercialGeneralLiabilityGeneralAggregate,General Aggregate,,matchOnce,must be greater or equal to,2000000,7000000,compliant,Block Requirements,,,false,4,,2026-08-16
"Block Real Estate Services, LLC",69fdf76e62446148bd8573f1,69fded1762446148bd848e77,Hyalogic LLC,69fdf0590bb484cab513c4cc,"kci283 - Platte Valley Industrial Center 3 {Platte Valley Investment, LLC}",evidenceOfInsurance,Evidence of Insurance,commercialGeneralLiability,Commercial General Liability,evidenceOfInsuranceCommercialGeneralLiabilityWaiverOfSubrogationEndorsement,Waiver of Subrogation,"---prompt---
Determine if the insurer has waived their right of subrogation in favor of the certificate holder under the Commercial General Liability policy. Evidence may include: a checked ""Waiver of Subrogation"" box on the certificate, mention in the Description of Operations section stating ""waiver of subrogation applies"", or reference to form CG 24 04. Look for language like ""subrogation is waived"" or ""per written contract"".",matchOnce,must be present,,Present,compliant,Block Requirements,,,false,4,,2026-08-16
"Block Real Estate Services, LLC",69fdf76e62446148bd8573f1,69fded1762446148bd848e77,Hyalogic LLC,69fdf0590bb484cab513c4cc,"kci283 - Platte Valley Industrial Center 3 {Platte Valley Investment, LLC}",evidenceOfInsurance,Evidence of Insurance,excessOrUmbrellaLiability,Umbrella/Excess Liability,evidenceOfInsuranceExcessOrUmbrellaLiabilityOccurence,Coverage Trigger: Occurrence,,matchOnce,must be present,,,overridden,Block Requirements,,,false,0,,2026-08-16
"Block Real Estate Services, LLC",69fdf76e62446148bd8573f1,69fded1762446148bd848e77,Hyalogic LLC,69fdf0590bb484cab513c4cc,"kci283 - Platte Valley Industrial Center 3 {Platte Valley Investment, LLC}",evidenceOfInsurance,Evidence of Insurance,excessOrUmbrellaLiability,Umbrella/Excess Liability,evidenceOfInsuranceExcessOrUmbrellaLiabilityEachOccurrence,Each Occurrence,,matchOnce,must be greater or equal to,1000000,,overridden,Block Requirements,,,false,0,,2026-08-16
"Block Real Estate Services, LLC",69fdf76e62446148bd8573f1,69fded1762446148bd848e77,Hyalogic LLC,69fdf0590bb484cab513c4cc,"kci283 - Platte Valley Industrial Center 3 {Platte Valley Investment, LLC}",evidenceOfInsurance,Evidence of Insurance,excessOrUmbrellaLiability,Umbrella/Excess Liability,evidenceOfInsuranceExcessOrUmbrellaLiabilityAggregate,Aggregate,,matchOnce,must be greater or equal to,1000000,,overridden,Block Requirements,,,false,0,,2026-08-16
"Block Real Estate Services, LLC",69fdf76e62446148bd8573f1,69fded1762446148bd848e77,Hyalogic LLC,69fdf0590bb484cab513c4cc,"kci283 - Platte Valley Industrial Center 3 {Platte Valley Investment, LLC}",evidenceOfInsurance,Evidence of Insurance,workersCompensation,Workers' Compensation and Employer's Liability,evidenceOfInsuranceWorkersCompensationStatutoryLimits,Statutory Limits,,matchOnce,must be present,,Present,compliant,Block Requirements,,,false,4,,2026-08-16
"Block Real Estate Services, LLC",69fdf76e62446148bd8573f1,69fded1762446148bd848e77,Hyalogic LLC,69fdf0590bb484cab513c4cc,"kci283 - Platte Valley Industrial Center 3 {Platte Valley Investment, LLC}",evidenceOfInsurance,Evidence of Insurance,workersCompensation,Workers' Compensation and Employer's Liability,evidenceOfInsuranceWorkersCompensationEmployersLiabilityEachAccident,Employer's Liability Each Accident,,matchOnce,must be greater or equal to,500000,1000000,compliant,Block Requirements,,,false,4,,2026-08-16
"Block Real Estate Services, LLC",69fdf76e62446148bd8573f1,69fded1762446148bd848e77,Hyalogic LLC,69fdf0590bb484cab513c4cc,"kci283 - Platte Valley Industrial Center 3 {Platte Valley Investment, LLC}",evidenceOfInsurance,Evidence of Insurance,workersCompensation,Workers' Compensation and Employer's Liability,evidenceOfInsuranceWorkersCompensationEmployersLiabilityDiseaseEachEmployee,Employer's Liability Disease - each employee,,matchOnce,must be greater or equal to,500000,1000000,compliant,Block Requirements,,,false,4,,2026-08-16
"Block Real Estate Services, LLC",69fdf76e62446148bd8573f1,69fded1762446148bd848e77,Hyalogic LLC,69fdf0590bb484cab513c4cc,"kci283 - Platte Valley Industrial Center 3 {Platte Valley Investment, LLC}",evidenceOfInsurance,Evidence of Insurance,workersCompensation,Workers' Compensation and Employer's Liability,evidenceOfInsuranceWorkersCompensationEmployersLiabilityDiseasePolicyLimit,Employer's Liability Disease - policy limit,,matchOnce,must be greater or equal to,500000,1000000,compliant,Block Requirements,,,false,4,,2026-08-16
"Block Real Estate Services, LLC",69fdf76e62446148bd8573f1,69fded1762446148bd848e77,Hyalogic LLC,69fdf0590bb484cab513c4cc,"kci283 - Platte Valley Industrial Center 3 {Platte Valley Investment, LLC}",evidenceOfInsurance,Evidence of Insurance,workersCompensation,Workers' Compensation and Employer's Liability,evidenceOfInsuranceWorkersCompensationWaiverOfSubrogationEndorsement,Waiver of Subrogation,"---prompt---
Determine if the insurer has waived their right of subrogation in favor of the certificate holder under the Workers' Compensation policy. Evidence may include: a checked ""Waiver of Subrogation"" box on the certificate, mention in the Description of Operations section stating ""waiver of subrogation applies"", or reference to form WC 00 03 13. Look for language like ""subrogation is waived"" or ""per written contract"".",matchOnce,must be present,,,waived,Block Requirements,WoS for WC not available in state of MO,,false,0,,2026-08-16
"Block Real Estate Services, LLC",69fdf76e62446148bd8573f1,69fded1762446148bd848e77,Hyalogic LLC,69fdf0590bb484cab513c4cc,"kci283 - Platte Valley Industrial Center 3 {Platte Valley Investment, LLC}",evidenceOfInsurance,Evidence of Insurance,6ac20aae-5728-5d57-b364-aeba38527dba,Additional Requirements,4da5b0f1-4c9d-5885-8cf8-5d3cccaed3e0,"Block Real Estate Services, LLC and all others required by contract are named as Additional Insureds","---prompt---
Determine if the Description of Operations or the Additional Remarks Schedule section states the ""Additional Insured as Construction Management, Inc. and all others required by contract"" or reference to blanket additional insured coverage. Look for language like ""certificate holder is additional insured"" or ""per written contract"".",matchOnce,must be present,,Present,compliant,Block Requirements,,,true,2,,2026-08-16
"Block Real Estate Services, LLC",69fdf76e62446148bd8573f1,69fded1762446148bd848e77,Hyalogic LLC,69fdf0590bb484cab513c4cc,"kci283 - Platte Valley Industrial Center 3 {Platte Valley Investment, LLC}",evidenceOfInsurance,Evidence of Insurance,6ac20aae-5728-5d57-b364-aeba38527dba,Additional Requirements,e1017741-e47e-5f58-97b8-fbc3043e919f,Umbrella follows form over General Liability,"---prompt---
Determine if the Umbrella/Excess Liability policy follows form to the underlying policies. Evidence may include: language in the Description of Operations section stating the umbrella follows form to underlying coverages or an additional page endorsement stating that it follows form. Follow form means the umbrella policy adopts the same terms, conditions, and exclusions as the underlying policies.",matchOnce,must be present,,,overridden,Block Requirements,Umbrella requirement waived,,true,0,2027-05-19,2026-08-16
"Block Real Estate Services, LLC",69fdf76e62446148bd8573f1,69fded1762446148bd848e77,Hyalogic LLC,69fdf0590bb484cab513c4cc,"kci283 - Platte Valley Industrial Center 3 {Platte Valley Investment, LLC}",evidenceOfInsurance,Evidence of Insurance,6ac20aae-5728-5d57-b364-aeba38527dba,Additional Requirements,2cdd866f-c9a4-576a-afd8-1d045762790c,"The location must be listed as: 604, 610 NW Platte Valley Drive, Riverside, MO, 64150",,matchOnce,must be present,,Present,compliant,Block Requirements,,,true,2,,2026-08-16
"Block Real Estate Services, LLC",69fdf76e62446148bd8573f1,69fded1762446148bd848e77,Hyalogic LLC,69fdf0590bb484cab513c4cc,"kci283 - Platte Valley Industrial Center 3 {Platte Valley Investment, LLC}",evidenceOfInsurance,Evidence of Insurance,6ac20aae-5728-5d57-b364-aeba38527dba,Additional Requirements,3649e9d1-4e09-59bf-8f30-cb33c40cf117,"Certificate Holder must read: c/o Block Real Estate Services, LLC, 4622 Pennsylvania St., Suite 700, Kansas City, MO, 64112",,matchOnce,must be present,,Present,compliant,Block Requirements,,,true,2,,2026-08-16
"Block Real Estate Services, LLC",69fdf76e62446148bd8573f4,69fded1d62446148bd84906f,Penske Truck Leasing Co LP,69fdf0590bb484cab513c4cc,"kci283 - Platte Valley Industrial Center 3 {Platte Valley Investment, LLC}",evidenceOfInsurance,Evidence of Insurance,commercialGeneralLiability,Commercial General Liability,evidenceOfInsuranceCommercialGeneralLiabilityCoverageTriggerOccurrence,Coverage Trigger: Occurrence,,matchOnce,must be present,,Present,compliant,Block Requirements,,,false,1,,2026-08-16
"Block Real Estate Services, LLC",69fdf76e62446148bd8573f4,69fded1d62446148bd84906f,Penske Truck Leasing Co LP,69fdf0590bb484cab513c4cc,"kci283 - Platte Valley Industrial Center 3 {Platte Valley Investment, LLC}",evidenceOfInsurance,Evidence of Insurance,commercialGeneralLiability,Commercial General Liability,evidenceOfInsuranceCommercialGeneralLiabilityGeneralAggregateLimitAppliesPerLocation,General Aggregate Limit Applies per: Location,,matchOnce,must be present,,,waived,Block Requirements,Per location not a requirement in the lease,,false,0,,2026-08-16
"Block Real Estate Services, LLC",69fdf76e62446148bd8573f4,69fded1d62446148bd84906f,Penske Truck Leasing Co LP,69fdf0590bb484cab513c4cc,"kci283 - Platte Valley Industrial Center 3 {Platte Valley Investment, LLC}",evidenceOfInsurance,Evidence of Insurance,commercialGeneralLiability,Commercial General Liability,evidenceOfInsuranceCommercialGeneralLiabilityEachOccurrence,Each Occurrence,,matchOnce,must be greater or equal to,1000000,1000000,compliant,Block Requirements,,,false,1,,2026-08-16
"Block Real Estate Services, LLC",69fdf76e62446148bd8573f4,69fded1d62446148bd84906f,Penske Truck Leasing Co LP,69fdf0590bb484cab513c4cc,"kci283 - Platte Valley Industrial Center 3 {Platte Valley Investment, LLC}",evidenceOfInsurance,Evidence of Insurance,commercialGeneralLiability,Commercial General Liability,evidenceOfInsuranceCommercialGeneralLiabilityGeneralAggregate,General Aggregate,,matchOnce,must be greater or equal to,2000000,2000000,compliant,Block Requirements,,,false,1,,2026-08-16
"Block Real Estate Services, LLC",69fdf76e62446148bd8573f4,69fded1d62446148bd84906f,Penske Truck Leasing Co LP,69fdf0590bb484cab513c4cc,"kci283 - Platte Valley Industrial Center 3 {Platte Valley Investment, LLC}",evidenceOfInsurance,Evidence of Insurance,commercialGeneralLiability,Commercial General Liability,evidenceOfInsuranceCommercialGeneralLiabilityWaiverOfSubrogationEndorsement,Waiver of Subrogation,"---prompt---
Determine if the insurer has waived their right of subrogation in favor of the certificate holder under the Commercial General Liability policy. Evidence may include: a checked ""Waiver of Subrogation"" box on the certificate, mention in the Description of Operations section stating ""waiver of subrogation applies"", or reference to form CG 24 04. Look for language like ""subrogation is waived"" or ""per written contract"".",matchOnce,must be present,,Present,compliant,Block Requirements,,,false,1,,2026-08-16
"Block Real Estate Services, LLC",69fdf76e62446148bd8573f4,69fded1d62446148bd84906f,Penske Truck Leasing Co LP,69fdf0590bb484cab513c4cc,"kci283 - Platte Valley Industrial Center 3 {Platte Valley Investment, LLC}",evidenceOfInsurance,Evidence of Insurance,excessOrUmbrellaLiability,Umbrella/Excess Liability,evidenceOfInsuranceExcessOrUmbrellaLiabilityOccurence,Coverage Trigger: Occurrence,,matchOnce,must be present,,Present,compliant,Block Requirements,,,false,1,,2026-08-16
"Block Real Estate Services, LLC",69fdf76e62446148bd8573f4,69fded1d62446148bd84906f,Penske Truck Leasing Co LP,69fdf0590bb484cab513c4cc,"kci283 - Platte Valley Industrial Center 3 {Platte Valley Investment, LLC}",evidenceOfInsurance,Evidence of Insurance,excessOrUmbrellaLiability,Umbrella/Excess Liability,evidenceOfInsuranceExcessOrUmbrellaLiabilityEachOccurrence,Each Occurrence,,matchOnce,must be greater or equal to,1000000,4000000,compliant,Block Requirements,,,false,1,,2026-08-16
"Block Real Estate Services, LLC",69fdf76e62446148bd8573f4,69fded1d62446148bd84906f,Penske Truck Leasing Co LP,69fdf0590bb484cab513c4cc,"kci283 - Platte Valley Industrial Center 3 {Platte Valley Investment, LLC}",evidenceOfInsurance,Evidence of Insurance,excessOrUmbrellaLiability,Umbrella/Excess Liability,evidenceOfInsuranceExcessOrUmbrellaLiabilityAggregate,Aggregate,,matchOnce,must be greater or equal to,1000000,4000000,compliant,Block Requirements,,,false,1,,2026-08-16
"Block Real Estate Services, LLC",69fdf76e62446148bd8573f4,69fded1d62446148bd84906f,Penske Truck Leasing Co LP,69fdf0590bb484cab513c4cc,"kci283 - Platte Valley Industrial Center 3 {Platte Valley Investment, LLC}",evidenceOfInsurance,Evidence of Insurance,workersCompensation,Workers' Compensation and Employer's Liability,evidenceOfInsuranceWorkersCompensationStatutoryLimits,Statutory Limits,,matchOnce,must be present,,Present,compliant,Block Requirements,,,false,1,,2026-08-16
"Block Real Estate Services, LLC",69fdf76e62446148bd8573f4,69fded1d62446148bd84906f,Penske Truck Leasing Co LP,69fdf0590bb484cab513c4cc,"kci283 - Platte Valley Industrial Center 3 {Platte Valley Investment, LLC}",evidenceOfInsurance,Evidence of Insurance,workersCompensation,Workers' Compensation and Employer's Liability,evidenceOfInsuranceWorkersCompensationEmployersLiabilityEachAccident,Employer's Liability Each Accident,,matchOnce,must be greater or equal to,500000,1000000,compliant,Block Requirements,,,false,1,,2026-08-16
"Block Real Estate Services, LLC",69fdf76e62446148bd8573f4,69fded1d62446148bd84906f,Penske Truck Leasing Co LP,69fdf0590bb484cab513c4cc,"kci283 - Platte Valley Industrial Center 3 {Platte Valley Investment, LLC}",evidenceOfInsurance,Evidence of Insurance,workersCompensation,Workers' Compensation and Employer's Liability,evidenceOfInsuranceWorkersCompensationEmployersLiabilityDiseaseEachEmployee,Employer's Liability Disease - each employee,,matchOnce,must be greater or equal to,500000,1000000,compliant,Block Requirements,,,false,1,,2026-08-16
"Block Real Estate Services, LLC",69fdf76e62446148bd8573f4,69fded1d62446148bd84906f,Penske Truck Leasing Co LP,69fdf0590bb484cab513c4cc,"kci283 - Platte Valley Industrial Center 3 {Platte Valley Investment, LLC}",evidenceOfInsurance,Evidence of Insurance,workersCompensation,Workers' Compensation and Employer's Liability,evidenceOfInsuranceWorkersCompensationEmployersLiabilityDiseasePolicyLimit,Employer's Liability Disease - policy limit,,matchOnce,must be greater or equal to,500000,1000000,compliant,Block Requirements,,,false,1,,2026-08-16
"Block Real Estate Services, LLC",69fdf76e62446148bd8573f4,69fded1d62446148bd84906f,Penske Truck Leasing Co LP,69fdf0590bb484cab513c4cc,"kci283 - Platte Valley Industrial Center 3 {Platte Valley Investment, LLC}",evidenceOfInsurance,Evidence of Insurance,workersCompensation,Workers' Compensation and Employer's Liability,evidenceOfInsuranceWorkersCompensationWaiverOfSubrogationEndorsement,Waiver of Subrogation,"---prompt---
Determine if the insurer has waived their right of subrogation in favor of the certificate holder under the Workers' Compensation policy. Evidence may include: a checked ""Waiver of Subrogation"" box on the certificate, mention in the Description of Operations section stating ""waiver of subrogation applies"", or reference to form WC 00 03 13. Look for language like ""subrogation is waived"" or ""per written contract"".",matchOnce,must be present,,Present,compliant,Block Requirements,,,false,1,,2026-08-16
"Block Real Estate Services, LLC",69fdf76e62446148bd8573f4,69fded1d62446148bd84906f,Penske Truck Leasing Co LP,69fdf0590bb484cab513c4cc,"kci283 - Platte Valley Industrial Center 3 {Platte Valley Investment, LLC}",evidenceOfInsurance,Evidence of Insurance,6ac20aae-5728-5d57-b364-aeba38527dba,Additional Requirements,4da5b0f1-4c9d-5885-8cf8-5d3cccaed3e0,"Block Real Estate Services, LLC and all others required by contract are named as Additional Insureds","---prompt---
Determine if the Description of Operations or the Additional Remarks Schedule section states the ""Additional Insured as Construction Management, Inc. and all others required by contract"" or reference to blanket additional insured coverage. Look for language like ""certificate holder is additional insured"" or ""per written contract"".",matchOnce,must be present,,Present,compliant,Block Requirements,,,true,1,,2026-08-16
"Block Real Estate Services, LLC",69fdf76e62446148bd8573f4,69fded1d62446148bd84906f,Penske Truck Leasing Co LP,69fdf0590bb484cab513c4cc,"kci283 - Platte Valley Industrial Center 3 {Platte Valley Investment, LLC}",evidenceOfInsurance,Evidence of Insurance,6ac20aae-5728-5d57-b364-aeba38527dba,Additional Requirements,e1017741-e47e-5f58-97b8-fbc3043e919f,Umbrella follows form over General Liability,"---prompt---
Determine if the Umbrella/Excess Liability policy follows form to the underlying policies. Evidence may include: language in the Description of Operations section stating the umbrella follows form to underlying coverages or an additional page endorsement stating that it follows form. Follow form means the umbrella policy adopts the same terms, conditions, and exclusions as the underlying policies.",matchOnce,must be present,,Present,compliant,Block Requirements,,,true,1,,2026-08-16
"Block Real Estate Services, LLC",69fdf76e62446148bd8573f4,69fded1d62446148bd84906f,Penske Truck Leasing Co LP,69fdf0590bb484cab513c4cc,"kci283 - Platte Valley Industrial Center 3 {Platte Valley Investment, LLC}",evidenceOfInsurance,Evidence of Insurance,6ac20aae-5728-5d57-b364-aeba38527dba,Additional Requirements,2cdd866f-c9a4-576a-afd8-1d045762790c,"The location must be listed as: 602 NW Platte Valley Drive, Riverside, MO, 64150",,matchOnce,must be present,,Present,compliant,Block Requirements,,,true,1,,2026-08-16
"Block Real Estate Services, LLC",69fdf76e62446148bd8573f4,69fded1d62446148bd84906f,Penske Truck Leasing Co LP,69fdf0590bb484cab513c4cc,"kci283 - Platte Valley Industrial Center 3 {Platte Valley Investment, LLC}",evidenceOfInsurance,Evidence of Insurance,6ac20aae-5728-5d57-b364-aeba38527dba,Additional Requirements,3649e9d1-4e09-59bf-8f30-cb33c40cf117,"Certificate Holder must read: c/o Block Real Estate Services, LLC, 4622 Pennsylvania St., Suite 700, Kansas City, MO, 64112",,matchOnce,must be present,,Present,compliant,Block Requirements,,,true,1,,2026-08-16
"Block Real Estate Services, LLC",69fdf76e62446148bd8573f5,69fded1f62446148bd849102,"IVXPRESS, Inc. (fka Riverside Pharmacy Associates)",69fdf0590bb484cab513c4cc,"kci283 - Platte Valley Industrial Center 3 {Platte Valley Investment, LLC}",evidenceOfInsurance,Evidence of Insurance,commercialGeneralLiability,Commercial General Liability,evidenceOfInsuranceCommercialGeneralLiabilityCoverageTriggerOccurrence,Coverage Trigger: Occurrence,,matchOnce,must be present,,,non_compliant,Block Requirements,,,false,0,,2026-08-16
"Block Real Estate Services, LLC",69fdf76e62446148bd8573f5,69fded1f62446148bd849102,"IVXPRESS, Inc. (fka Riverside Pharmacy Associates)",69fdf0590bb484cab513c4cc,"kci283 - Platte Valley Industrial Center 3 {Platte Valley Investment, LLC}",evidenceOfInsurance,Evidence of Insurance,commercialGeneralLiability,Commercial General Liability,evidenceOfInsuranceCommercialGeneralLiabilityGeneralAggregateLimitAppliesPerLocation,General Aggregate Limit Applies per: Location,,matchOnce,must be present,,,non_compliant,Block Requirements,,,false,0,,2026-08-16
"Block Real Estate Services, LLC",69fdf76e62446148bd8573f5,69fded1f62446148bd849102,"IVXPRESS, Inc. (fka Riverside Pharmacy Associates)",69fdf0590bb484cab513c4cc,"kci283 - Platte Valley Industrial Center 3 {Platte Valley Investment, LLC}",evidenceOfInsurance,Evidence of Insurance,commercialGeneralLiability,Commercial General Liability,evidenceOfInsuranceCommercialGeneralLiabilityEachOccurrence,Each Occurrence,,matchOnce,must be greater or equal to,1000000,,non_compliant,Block Requirements,,,false,0,,2026-08-16
"Block Real Estate Services, LLC",69fdf76e62446148bd8573f5,69fded1f62446148bd849102,"IVXPRESS, Inc. (fka Riverside Pharmacy Associates)",69fdf0590bb484cab513c4cc,"kci283 - Platte Valley Industrial Center 3 {Platte Valley Investment, LLC}",evidenceOfInsurance,Evidence of Insurance,commercialGeneralLiability,Commercial General Liability,evidenceOfInsuranceCommercialGeneralLiabilityGeneralAggregate,General Aggregate,,matchOnce,must be greater or equal to,2000000,,non_compliant,Block Requirements,,,false,0,,2026-08-16
"Block Real Estate Services, LLC",69fdf76e62446148bd8573f5,69fded1f62446148bd849102,"IVXPRESS, Inc. (fka Riverside Pharmacy Associates)",69fdf0590bb484cab513c4cc,"kci283 - Platte Valley Industrial Center 3 {Platte Valley Investment, LLC}",evidenceOfInsurance,Evidence of Insurance,commercialGeneralLiability,Commercial General Liability,evidenceOfInsuranceCommercialGeneralLiabilityWaiverOfSubrogationEndorsement,Waiver of Subrogation,"---prompt---
Determine if the insurer has waived their right of subrogation in favor of the certificate holder under the Commercial General Liability policy. Evidence may include: a checked ""Waiver of Subrogation"" box on the certificate, mention in the Description of Operations section stating ""waiver of subrogation applies"", or reference to form CG 24 04. Look for language like ""subrogation is waived"" or ""per written contract"".",matchOnce,must be present,,,non_compliant,Block Requirements,,,false,0,,2026-08-16
"Block Real Estate Services, LLC",69fdf76e62446148bd8573f5,69fded1f62446148bd849102,"IVXPRESS, Inc. (fka Riverside Pharmacy Associates)",69fdf0590bb484cab513c4cc,"kci283 - Platte Valley Industrial Center 3 {Platte Valley Investment, LLC}",evidenceOfInsurance,Evidence of Insurance,excessOrUmbrellaLiability,Umbrella/Excess Liability,evidenceOfInsuranceExcessOrUmbrellaLiabilityOccurence,Coverage Trigger: Occurrence,,matchOnce,must be present,,,non_compliant,Block Requirements,,,false,0,,2026-08-16
"Block Real Estate Services, LLC",69fdf76e62446148bd8573f5,69fded1f62446148bd849102,"IVXPRESS, Inc. (fka Riverside Pharmacy Associates)",69fdf0590bb484cab513c4cc,"kci283 - Platte Valley Industrial Center 3 {Platte Valley Investment, LLC}",evidenceOfInsurance,Evidence of Insurance,excessOrUmbrellaLiability,Umbrella/Excess Liability,evidenceOfInsuranceExcessOrUmbrellaLiabilityEachOccurrence,Each Occurrence,,matchOnce,must be greater or equal to,1000000,,non_compliant,Block Requirements,,,false,0,,2026-08-16
"Block Real Estate Services, LLC",69fdf76e62446148bd8573f5,69fded1f62446148bd849102,"IVXPRESS, Inc. (fka Riverside Pharmacy Associates)",69fdf0590bb484cab513c4cc,"kci283 - Platte Valley Industrial Center 3 {Platte Valley Investment, LLC}",evidenceOfInsurance,Evidence of Insurance,excessOrUmbrellaLiability,Umbrella/Excess Liability,evidenceOfInsuranceExcessOrUmbrellaLiabilityAggregate,Aggregate,,matchOnce,must be greater or equal to,1000000,,non_compliant,Block Requirements,,,false,0,,2026-08-16
"Block Real Estate Services, LLC",69fdf76e62446148bd8573f5,69fded1f62446148bd849102,"IVXPRESS, Inc. (fka Riverside Pharmacy Associates)",69fdf0590bb484cab513c4cc,"kci283 - Platte Valley Industrial Center 3 {Platte Valley Investment, LLC}",evidenceOfInsurance,Evidence of Insurance,workersCompensation,Workers' Compensation and Employer's Liability,evidenceOfInsuranceWorkersCompensationStatutoryLimits,Statutory Limits,,matchOnce,must be present,,,non_compliant,Block Requirements,,,false,0,,2026-08-16
"Block Real Estate Services, LLC",69fdf76e62446148bd8573f5,69fded1f62446148bd849102,"IVXPRESS, Inc. (fka Riverside Pharmacy Associates)",69fdf0590bb484cab513c4cc,"kci283 - Platte Valley Industrial Center 3 {Platte Valley Investment, LLC}",evidenceOfInsurance,Evidence of Insurance,workersCompensation,Workers' Compensation and Employer's Liability,evidenceOfInsuranceWorkersCompensationEmployersLiabilityEachAccident,Employer's Liability Each Accident,,matchOnce,must be greater or equal to,500000,,non_compliant,Block Requirements,,,false,0,,2026-08-16
"Block Real Estate Services, LLC",69fdf76e62446148bd8573f5,69fded1f62446148bd849102,"IVXPRESS, Inc. (fka Riverside Pharmacy Associates)",69fdf0590bb484cab513c4cc,"kci283 - Platte Valley Industrial Center 3 {Platte Valley Investment, LLC}",evidenceOfInsurance,Evidence of Insurance,workersCompensation,Workers' Compensation and Employer's Liability,evidenceOfInsuranceWorkersCompensationEmployersLiabilityDiseaseEachEmployee,Employer's Liability Disease - each employee,,matchOnce,must be greater or equal to,500000,,non_compliant,Block Requirements,,,false,0,,2026-08-16
"Block Real Estate Services, LLC",69fdf76e62446148bd8573f5,69fded1f62446148bd849102,"IVXPRESS, Inc. (fka Riverside Pharmacy Associates)",69fdf0590bb484cab513c4cc,"kci283 - Platte Valley Industrial Center 3 {Platte Valley Investment, LLC}",evidenceOfInsurance,Evidence of Insurance,workersCompensation,Workers' Compensation and Employer's Liability,evidenceOfInsuranceWorkersCompensationEmployersLiabilityDiseasePolicyLimit,Employer's Liability Disease - policy limit,,matchOnce,must be greater or equal to,500000,,non_compliant,Block Requirements,,,false,0,,2026-08-16
"Block Real Estate Services, LLC",69fdf76e62446148bd8573f5,69fded1f62446148bd849102,"IVXPRESS, Inc. (fka Riverside Pharmacy Associates)",69fdf0590bb484cab513c4cc,"kci283 - Platte Valley Industrial Center 3 {Platte Valley Investment, LLC}",evidenceOfInsurance,Evidence of Insurance,workersCompensation,Workers' Compensation and Employer's Liability,evidenceOfInsuranceWorkersCompensationWaiverOfSubrogationEndorsement,Waiver of Subrogation,"---prompt---
Determine if the insurer has waived their right of subrogation in favor of the certificate holder under the Workers' Compensation policy. Evidence may include: a checked ""Waiver of Subrogation"" box on the certificate, mention in the Description of Operations section stating ""waiver of subrogation applies"", or reference to form WC 00 03 13. Look for language like ""subrogation is waived"" or ""per written contract"".",matchOnce,must be present,,,non_compliant,Block Requirements,,,false,0,,2026-08-16
"Block Real Estate Services, LLC",69fdf76e62446148bd8573f5,69fded1f62446148bd849102,"IVXPRESS, Inc. (fka Riverside Pharmacy Associates)",69fdf0590bb484cab513c4cc,"kci283 - Platte Valley Industrial Center 3 {Platte Valley Investment, LLC}",evidenceOfInsurance,Evidence of Insurance,6ac20aae-5728-5d57-b364-aeba38527dba,Additional Requirements,4da5b0f1-4c9d-5885-8cf8-5d3cccaed3e0,"Block Real Estate Services, LLC and all others required by contract are named as Additional Insureds","---prompt---
Determine if the Description of Operations or the Additional Remarks Schedule section states the ""Additional Insured as Construction Management, Inc. and all others required by contract"" or reference to blanket additional insured coverage. Look for language like ""certificate holder is additional insured"" or ""per written contract"".",matchOnce,must be present,,,non_compliant,Block Requirements,,,true,0,,2026-08-16
"Block Real Estate Services, LLC",69fdf76e62446148bd8573f5,69fded1f62446148bd849102,"IVXPRESS, Inc. (fka Riverside Pharmacy Associates)",69fdf0590bb484cab513c4cc,"kci283 - Platte Valley Industrial Center 3 {Platte Valley Investment, LLC}",evidenceOfInsurance,Evidence of Insurance,6ac20aae-5728-5d57-b364-aeba38527dba,Additional Requirements,e1017741-e47e-5f58-97b8-fbc3043e919f,Umbrella follows form over General Liability,"---prompt---
Determine if the Umbrella/Excess Liability policy follows form to the underlying policies. Evidence may include: language in the Description of Operations section stating the umbrella follows form to underlying coverages or an additional page endorsement stating that it follows form. Follow form means the umbrella policy adopts the same terms, conditions, and exclusions as the underlying policies.",matchOnce,must be present,,,non_compliant,Block Requirements,,,true,0,,2026-08-16
"Block Real Estate Services, LLC",69fdf76e62446148bd8573f5,69fded1f62446148bd849102,"IVXPRESS, Inc. (fka Riverside Pharmacy Associates)",69fdf0590bb484cab513c4cc,"kci283 - Platte Valley Industrial Center 3 {Platte Valley Investment, LLC}",evidenceOfInsurance,Evidence of Insurance,6ac20aae-5728-5d57-b364-aeba38527dba,Additional Requirements,2cdd866f-c9a4-576a-afd8-1d045762790c,"The location must be listed as: 616, 618 NW Platte Valley Drive, Riverside, MO, 64150",,matchOnce,must be present,,,non_compliant,Block Requirements,,,true,0,,2026-08-16
"Block Real Estate Services, LLC",69fdf76e62446148bd8573f5,69fded1f62446148bd849102,"IVXPRESS, Inc. (fka Riverside Pharmacy Associates)",69fdf0590bb484cab513c4cc,"kci283 - Platte Valley Industrial Center 3 {Platte Valley Investment, LLC}",evidenceOfInsurance,Evidence of Insurance,6ac20aae-5728-5d57-b364-aeba38527dba,Additional Requirements,3649e9d1-4e09-59bf-8f30-cb33c40cf117,"Certificate Holder must read: c/o Block Real Estate Services, LLC, 4622 Pennsylvania St., Suite 700, Kansas City, MO, 64112",,matchOnce,must be present,,,non_compliant,Block Requirements,,,true,0,,2026-08-16
"Block Real Estate Services, LLC",6a1869e9dbcac4598a69c0dc,6a1869cab517ae25a87d2e2e,"Metro Elevator Kansas City, Inc.",69fdf0590bb484cab513c4cc,"kci283 - Platte Valley Industrial Center 3 {Platte Valley Investment, LLC}",evidenceOfInsurance,Evidence of Insurance,commercialGeneralLiability,Commercial General Liability,evidenceOfInsuranceCommercialGeneralLiabilityCoverageTriggerOccurrence,Coverage Trigger: Occurrence,,matchOnce,must be present,,,non_compliant,Block Requirements,,,false,0,,2026-08-16
"Block Real Estate Services, LLC",6a1869e9dbcac4598a69c0dc,6a1869cab517ae25a87d2e2e,"Metro Elevator Kansas City, Inc.",69fdf0590bb484cab513c4cc,"kci283 - Platte Valley Industrial Center 3 {Platte Valley Investment, LLC}",evidenceOfInsurance,Evidence of Insurance,commercialGeneralLiability,Commercial General Liability,evidenceOfInsuranceCommercialGeneralLiabilityGeneralAggregateLimitAppliesPerLocation,General Aggregate Limit Applies per: Location,,matchOnce,must be present,,,non_compliant,Block Requirements,,,false,0,,2026-08-16
"Block Real Estate Services, LLC",6a1869e9dbcac4598a69c0dc,6a1869cab517ae25a87d2e2e,"Metro Elevator Kansas City, Inc.",69fdf0590bb484cab513c4cc,"kci283 - Platte Valley Industrial Center 3 {Platte Valley Investment, LLC}",evidenceOfInsurance,Evidence of Insurance,commercialGeneralLiability,Commercial General Liability,evidenceOfInsuranceCommercialGeneralLiabilityEachOccurrence,Each Occurrence,,matchOnce,must be greater or equal to,1000000,,non_compliant,Block Requirements,,,false,0,,2026-08-16
"Block Real Estate Services, LLC",6a1869e9dbcac4598a69c0dc,6a1869cab517ae25a87d2e2e,"Metro Elevator Kansas City, Inc.",69fdf0590bb484cab513c4cc,"kci283 - Platte Valley Industrial Center 3 {Platte Valley Investment, LLC}",evidenceOfInsurance,Evidence of Insurance,commercialGeneralLiability,Commercial General Liability,evidenceOfInsuranceCommercialGeneralLiabilityGeneralAggregate,General Aggregate,,matchOnce,must be greater or equal to,2000000,,non_compliant,Block Requirements,,,false,0,,2026-08-16
"Block Real Estate Services, LLC",6a1869e9dbcac4598a69c0dc,6a1869cab517ae25a87d2e2e,"Metro Elevator Kansas City, Inc.",69fdf0590bb484cab513c4cc,"kci283 - Platte Valley Industrial Center 3 {Platte Valley Investment, LLC}",evidenceOfInsurance,Evidence of Insurance,commercialGeneralLiability,Commercial General Liability,evidenceOfInsuranceCommercialGeneralLiabilityWaiverOfSubrogationEndorsement,Waiver of Subrogation,"---prompt---
Determine if the insurer has waived their right of subrogation in favor of the certificate holder under the Commercial General Liability policy. Evidence may include: a checked ""Waiver of Subrogation"" box on the certificate, mention in the Description of Operations section stating ""waiver of subrogation applies"", or reference to form CG 24 04. Look for language like ""subrogation is waived"" or ""per written contract"".",matchOnce,must be present,,,non_compliant,Block Requirements,,,false,0,,2026-08-16
"Block Real Estate Services, LLC",6a1869e9dbcac4598a69c0dc,6a1869cab517ae25a87d2e2e,"Metro Elevator Kansas City, Inc.",69fdf0590bb484cab513c4cc,"kci283 - Platte Valley Industrial Center 3 {Platte Valley Investment, LLC}",evidenceOfInsurance,Evidence of Insurance,excessOrUmbrellaLiability,Umbrella/Excess Liability,evidenceOfInsuranceExcessOrUmbrellaLiabilityOccurence,Coverage Trigger: Occurrence,,matchOnce,must be present,,,non_compliant,Block Requirements,,,false,0,,2026-08-16
"Block Real Estate Services, LLC",6a1869e9dbcac4598a69c0dc,6a1869cab517ae25a87d2e2e,"Metro Elevator Kansas City, Inc.",69fdf0590bb484cab513c4cc,"kci283 - Platte Valley Industrial Center 3 {Platte Valley Investment, LLC}",evidenceOfInsurance,Evidence of Insurance,excessOrUmbrellaLiability,Umbrella/Excess Liability,evidenceOfInsuranceExcessOrUmbrellaLiabilityEachOccurrence,Each Occurrence,,matchOnce,must be greater or equal to,1000000,,non_compliant,Block Requirements,,,false,0,,2026-08-16
"Block Real Estate Services, LLC",6a1869e9dbcac4598a69c0dc,6a1869cab517ae25a87d2e2e,"Metro Elevator Kansas City, Inc.",69fdf0590bb484cab513c4cc,"kci283 - Platte Valley Industrial Center 3 {Platte Valley Investment, LLC}",evidenceOfInsurance,Evidence of Insurance,excessOrUmbrellaLiability,Umbrella/Excess Liability,evidenceOfInsuranceExcessOrUmbrellaLiabilityAggregate,Aggregate,,matchOnce,must be greater or equal to,1000000,,non_compliant,Block Requirements,,,false,0,,2026-08-16
"Block Real Estate Services, LLC",6a1869e9dbcac4598a69c0dc,6a1869cab517ae25a87d2e2e,"Metro Elevator Kansas City, Inc.",69fdf0590bb484cab513c4cc,"kci283 - Platte Valley Industrial Center 3 {Platte Valley Investment, LLC}",evidenceOfInsurance,Evidence of Insurance,workersCompensation,Workers' Compensation and Employer's Liability,evidenceOfInsuranceWorkersCompensationStatutoryLimits,Statutory Limits,,matchOnce,must be present,,,non_compliant,Block Requirements,,,false,0,,2026-08-16
"Block Real Estate Services, LLC",6a1869e9dbcac4598a69c0dc,6a1869cab517ae25a87d2e2e,"Metro Elevator Kansas City, Inc.",69fdf0590bb484cab513c4cc,"kci283 - Platte Valley Industrial Center 3 {Platte Valley Investment, LLC}",evidenceOfInsurance,Evidence of Insurance,workersCompensation,Workers' Compensation and Employer's Liability,evidenceOfInsuranceWorkersCompensationEmployersLiabilityEachAccident,Employer's Liability Each Accident,,matchOnce,must be greater or equal to,500000,,non_compliant,Block Requirements,,,false,0,,2026-08-16
"Block Real Estate Services, LLC",6a1869e9dbcac4598a69c0dc,6a1869cab517ae25a87d2e2e,"Metro Elevator Kansas City, Inc.",69fdf0590bb484cab513c4cc,"kci283 - Platte Valley Industrial Center 3 {Platte Valley Investment, LLC}",evidenceOfInsurance,Evidence of Insurance,workersCompensation,Workers' Compensation and Employer's Liability,evidenceOfInsuranceWorkersCompensationEmployersLiabilityDiseaseEachEmployee,Employer's Liability Disease - each employee,,matchOnce,must be greater or equal to,500000,,non_compliant,Block Requirements,,,false,0,,2026-08-16
"Block Real Estate Services, LLC",6a1869e9dbcac4598a69c0dc,6a1869cab517ae25a87d2e2e,"Metro Elevator Kansas City, Inc.",69fdf0590bb484cab513c4cc,"kci283 - Platte Valley Industrial Center 3 {Platte Valley Investment, LLC}",evidenceOfInsurance,Evidence of Insurance,workersCompensation,Workers' Compensation and Employer's Liability,evidenceOfInsuranceWorkersCompensationEmployersLiabilityDiseasePolicyLimit,Employer's Liability Disease - policy limit,,matchOnce,must be greater or equal to,500000,,non_compliant,Block Requirements,,,false,0,,2026-08-16
"Block Real Estate Services, LLC",6a1869e9dbcac4598a69c0dc,6a1869cab517ae25a87d2e2e,"Metro Elevator Kansas City, Inc.",69fdf0590bb484cab513c4cc,"kci283 - Platte Valley Industrial Center 3 {Platte Valley Investment, LLC}",evidenceOfInsurance,Evidence of Insurance,workersCompensation,Workers' Compensation and Employer's Liability,evidenceOfInsuranceWorkersCompensationWaiverOfSubrogationEndorsement,Waiver of Subrogation,"---prompt---
Determine if the insurer has waived their right of subrogation in favor of the certificate holder under the Workers' Compensation policy. Evidence may include: a checked ""Waiver of Subrogation"" box on the certificate, mention in the Description of Operations section stating ""waiver of subrogation applies"", or reference to form WC 00 03 13. Look for language like ""subrogation is waived"" or ""per written contract"".",matchOnce,must be present,,,non_compliant,Block Requirements,,,false,0,,2026-08-16
"Block Real Estate Services, LLC",6a1869e9dbcac4598a69c0dc,6a1869cab517ae25a87d2e2e,"Metro Elevator Kansas City, Inc.",69fdf0590bb484cab513c4cc,"kci283 - Platte Valley Industrial Center 3 {Platte Valley Investment, LLC}",evidenceOfInsurance,Evidence of Insurance,6ac20aae-5728-5d57-b364-aeba38527dba,Additional Requirements,4da5b0f1-4c9d-5885-8cf8-5d3cccaed3e0,"Block Real Estate Services, LLC and all others required by contract are named as Additional Insureds","---prompt---
Determine if the Description of Operations or the Additional Remarks Schedule section states the ""Additional Insured as Construction Management, Inc. and all others required by contract"" or reference to blanket additional insured coverage. Look for language like ""certificate holder is additional insured"" or ""per written contract"".",matchOnce,must be present,,,non_compliant,Block Requirements,,,true,0,,2026-08-16
"Block Real Estate Services, LLC",6a1869e9dbcac4598a69c0dc,6a1869cab517ae25a87d2e2e,"Metro Elevator Kansas City, Inc.",69fdf0590bb484cab513c4cc,"kci283 - Platte Valley Industrial Center 3 {Platte Valley Investment, LLC}",evidenceOfInsurance,Evidence of Insurance,6ac20aae-5728-5d57-b364-aeba38527dba,Additional Requirements,e1017741-e47e-5f58-97b8-fbc3043e919f,Umbrella follows form over General Liability,"---prompt---
Determine if the Umbrella/Excess Liability policy follows form to the underlying policies. Evidence may include: language in the Description of Operations section stating the umbrella follows form to underlying coverages or an additional page endorsement stating that it follows form. Follow form means the umbrella policy adopts the same terms, conditions, and exclusions as the underlying policies.",matchOnce,must be present,,,non_compliant,Block Requirements,,,true,0,,2026-08-16
"Block Real Estate Services, LLC",6a1869e9dbcac4598a69c0dc,6a1869cab517ae25a87d2e2e,"Metro Elevator Kansas City, Inc.",69fdf0590bb484cab513c4cc,"kci283 - Platte Valley Industrial Center 3 {Platte Valley Investment, LLC}",evidenceOfInsurance,Evidence of Insurance,6ac20aae-5728-5d57-b364-aeba38527dba,Additional Requirements,2cdd866f-c9a4-576a-afd8-1d045762790c,"The location must be listed as: 626, 628, 636 NW Platte Valley Drive, Riverside, MO, 64150",,matchOnce,must be present,,,non_compliant,Block Requirements,,,true,0,,2026-08-16
"Block Real Estate Services, LLC",6a1869e9dbcac4598a69c0dc,6a1869cab517ae25a87d2e2e,"Metro Elevator Kansas City, Inc.",69fdf0590bb484cab513c4cc,"kci283 - Platte Valley Industrial Center 3 {Platte Valley Investment, LLC}",evidenceOfInsurance,Evidence of Insurance,6ac20aae-5728-5d57-b364-aeba38527dba,Additional Requirements,3649e9d1-4e09-59bf-8f30-cb33c40cf117,"Certificate Holder must read: c/o Block Real Estate Services, LLC, 4622 Pennsylvania St., Suite 700, Kansas City, MO, 64112",,matchOnce,must be present,,,non_compliant,Block Requirements,,,true,0,,2026-08-16
"Block Real Estate Services, LLC",69fdf75c62446148bd855f73,69fded1762446148bd848e89,Inspire Therapy LLC,69fdef8bfa0b60fcd50d6056,"3rd868 - Pine Ridge Building H {H60 Properties, LLC}",evidenceOfInsurance,Evidence of Insurance,commercialGeneralLiability,Commercial General Liability,evidenceOfInsuranceCommercialGeneralLiabilityCoverageTriggerOccurrence,Coverage Trigger: Occurrence,,matchOnce,must be present,,Present,compliant,Block Requirements,,,false,1,,2026-08-16
"Block Real Estate Services, LLC",69fdf75c62446148bd855f73,69fded1762446148bd848e89,Inspire Therapy LLC,69fdef8bfa0b60fcd50d6056,"3rd868 - Pine Ridge Building H {H60 Properties, LLC}",evidenceOfInsurance,Evidence of Insurance,commercialGeneralLiability,Commercial General Liability,evidenceOfInsuranceCommercialGeneralLiabilityGeneralAggregateLimitAppliesPerLocation,General Aggregate Limit Applies per: Location,,matchOnce,must be present,,,non_compliant,Block Requirements,,,false,0,,2026-08-16
"Block Real Estate Services, LLC",69fdf75c62446148bd855f73,69fded1762446148bd848e89,Inspire Therapy LLC,69fdef8bfa0b60fcd50d6056,"3rd868 - Pine Ridge Building H {H60 Properties, LLC}",evidenceOfInsurance,Evidence of Insurance,commercialGeneralLiability,Commercial General Liability,evidenceOfInsuranceCommercialGeneralLiabilityEachOccurrence,Each Occurrence,,matchOnce,must be greater or equal to,1000000,1000000,compliant,Block Requirements,,,false,1,,2026-08-16
"Block Real Estate Services, LLC",69fdf75c62446148bd855f73,69fded1762446148bd848e89,Inspire Therapy LLC,69fdef8bfa0b60fcd50d6056,"3rd868 - Pine Ridge Building H {H60 Properties, LLC}",evidenceOfInsurance,Evidence of Insurance,commercialGeneralLiability,Commercial General Liability,evidenceOfInsuranceCommercialGeneralLiabilityGeneralAggregate,General Aggregate,,matchOnce,must be greater or equal to,2000000,3000000,compliant,Block Requirements,,,false,1,,2026-08-16
"Block Real Estate Services, LLC",69fdf75c62446148bd855f73,69fded1762446148bd848e89,Inspire Therapy LLC,69fdef8bfa0b60fcd50d6056,"3rd868 - Pine Ridge Building H {H60 Properties, LLC}",evidenceOfInsurance,Evidence of Insurance,commercialGeneralLiability,Commercial General Liability,evidenceOfInsuranceCommercialGeneralLiabilityWaiverOfSubrogationEndorsement,Waiver of Subrogation,"---prompt---
Determine if the insurer has waived their right of subrogation in favor of the certificate holder under the Commercial General Liability policy. Evidence may include: a checked ""Waiver of Subrogation"" box on the certificate, mention in the Description of Operations section stating ""waiver of subrogation applies"", or reference to form CG 24 04. Look for language like ""subrogation is waived"" or ""per written contract"".",matchOnce,must be present,,,non_compliant,Block Requirements,,,false,0,,2026-08-16
"Block Real Estate Services, LLC",69fdf75c62446148bd855f73,69fded1762446148bd848e89,Inspire Therapy LLC,69fdef8bfa0b60fcd50d6056,"3rd868 - Pine Ridge Building H {H60 Properties, LLC}",evidenceOfInsurance,Evidence of Insurance,excessOrUmbrellaLiability,Umbrella/Excess Liability,evidenceOfInsuranceExcessOrUmbrellaLiabilityOccurence,Coverage Trigger: Occurrence,,matchOnce,must be present,,,non_compliant,Block Requirements,,,false,0,,2026-08-16
"Block Real Estate Services, LLC",69fdf75c62446148bd855f73,69fded1762446148bd848e89,Inspire Therapy LLC,69fdef8bfa0b60fcd50d6056,"3rd868 - Pine Ridge Building H {H60 Properties, LLC}",evidenceOfInsurance,Evidence of Insurance,excessOrUmbrellaLiability,Umbrella/Excess Liability,evidenceOfInsuranceExcessOrUmbrellaLiabilityEachOccurrence,Each Occurrence,,matchOnce,must be greater or equal to,1000000,,non_compliant,Block Requirements,,,false,0,,2026-08-16
"Block Real Estate Services, LLC",69fdf75c62446148bd855f73,69fded1762446148bd848e89,Inspire Therapy LLC,69fdef8bfa0b60fcd50d6056,"3rd868 - Pine Ridge Building H {H60 Properties, LLC}",evidenceOfInsurance,Evidence of Insurance,excessOrUmbrellaLiability,Umbrella/Excess Liability,evidenceOfInsuranceExcessOrUmbrellaLiabilityAggregate,Aggregate,,matchOnce,must be greater or equal to,1000000,,non_compliant,Block Requirements,,,false,0,,2026-08-16
"Block Real Estate Services, LLC",69fdf75c62446148bd855f73,69fded1762446148bd848e89,Inspire Therapy LLC,69fdef8bfa0b60fcd50d6056,"3rd868 - Pine Ridge Building H {H60 Properties, LLC}",evidenceOfInsurance,Evidence of Insurance,workersCompensation,Workers' Compensation and Employer's Liability,evidenceOfInsuranceWorkersCompensationStatutoryLimits,Statutory Limits,,matchOnce,must be present,,,non_compliant,Block Requirements,,,false,0,,2026-08-16
"Block Real Estate Services, LLC",69fdf75c62446148bd855f73,69fded1762446148bd848e89,Inspire Therapy LLC,69fdef8bfa0b60fcd50d6056,"3rd868 - Pine Ridge Building H {H60 Properties, LLC}",evidenceOfInsurance,Evidence of Insurance,workersCompensation,Workers' Compensation and Employer's Liability,evidenceOfInsuranceWorkersCompensationEmployersLiabilityEachAccident,Employer's Liability Each Accident,,matchOnce,must be greater or equal to,500000,1000000,compliant,Block Requirements,,,false,1,,2026-08-16
"Block Real Estate Services, LLC",69fdf75c62446148bd855f73,69fded1762446148bd848e89,Inspire Therapy LLC,69fdef8bfa0b60fcd50d6056,"3rd868 - Pine Ridge Building H {H60 Properties, LLC}",evidenceOfInsurance,Evidence of Insurance,workersCompensation,Workers' Compensation and Employer's Liability,evidenceOfInsuranceWorkersCompensationEmployersLiabilityDiseaseEachEmployee,Employer's Liability Disease - each employee,,matchOnce,must be greater or equal to,500000,1000000,compliant,Block Requirements,,,false,1,,2026-08-16
"Block Real Estate Services, LLC",69fdf75c62446148bd855f73,69fded1762446148bd848e89,Inspire Therapy LLC,69fdef8bfa0b60fcd50d6056,"3rd868 - Pine Ridge Building H {H60 Properties, LLC}",evidenceOfInsurance,Evidence of Insurance,workersCompensation,Workers' Compensation and Employer's Liability,evidenceOfInsuranceWorkersCompensationEmployersLiabilityDiseasePolicyLimit,Employer's Liability Disease - policy limit,,matchOnce,must be greater or equal to,500000,1000000,compliant,Block Requirements,,,false,1,,2026-08-16
"Block Real Estate Services, LLC",69fdf75c62446148bd855f73,69fded1762446148bd848e89,Inspire Therapy LLC,69fdef8bfa0b60fcd50d6056,"3rd868 - Pine Ridge Building H {H60 Properties, LLC}",evidenceOfInsurance,Evidence of Insurance,workersCompensation,Workers' Compensation and Employer's Liability,evidenceOfInsuranceWorkersCompensationWaiverOfSubrogationEndorsement,Waiver of Subrogation,"---prompt---
Determine if the insurer has waived their right of subrogation in favor of the certificate holder under the Workers' Compensation policy. Evidence may include: a checked ""Waiver of Subrogation"" box on the certificate, mention in the Description of Operations section stating ""waiver of subrogation applies"", or reference to form WC 00 03 13. Look for language like ""subrogation is waived"" or ""per written contract"".",matchOnce,must be present,,,non_compliant,Block Requirements,,,false,0,,2026-08-16
"Block Real Estate Services, LLC",69fdf75c62446148bd855f73,69fded1762446148bd848e89,Inspire Therapy LLC,69fdef8bfa0b60fcd50d6056,"3rd868 - Pine Ridge Building H {H60 Properties, LLC}",evidenceOfInsurance,Evidence of Insurance,6ac20aae-5728-5d57-b364-aeba38527dba,Additional Requirements,4da5b0f1-4c9d-5885-8cf8-5d3cccaed3e0,"Block Real Estate Services, LLC and all others required by contract are named as Additional Insureds","---prompt---
Determine if the Description of Operations or the Additional Remarks Schedule section states the ""Additional Insured as Construction Management, Inc. and all others required by contract"" or reference to blanket additional insured coverage. Look for language like ""certificate holder is additional insured"" or ""per written contract"".",matchOnce,must be present,,,non_compliant,Block Requirements,,,true,0,,2026-08-16
"Block Real Estate Services, LLC",69fdf75c62446148bd855f73,69fded1762446148bd848e89,Inspire Therapy LLC,69fdef8bfa0b60fcd50d6056,"3rd868 - Pine Ridge Building H {H60 Properties, LLC}",evidenceOfInsurance,Evidence of Insurance,6ac20aae-5728-5d57-b364-aeba38527dba,Additional Requirements,e1017741-e47e-5f58-97b8-fbc3043e919f,Umbrella follows form over General Liability,"---prompt---
Determine if the Umbrella/Excess Liability policy follows form to the underlying policies. Evidence may include: language in the Description of Operations section stating the umbrella follows form to underlying coverages or an additional page endorsement stating that it follows form. Follow form means the umbrella policy adopts the same terms, conditions, and exclusions as the underlying policies.",matchOnce,must be present,,,non_compliant,Block Requirements,,,true,0,,2026-08-16
"Block Real Estate Services, LLC",69fdf75c62446148bd855f73,69fded1762446148bd848e89,Inspire Therapy LLC,69fdef8bfa0b60fcd50d6056,"3rd868 - Pine Ridge Building H {H60 Properties, LLC}",evidenceOfInsurance,Evidence of Insurance,6ac20aae-5728-5d57-b364-aeba38527dba,Additional Requirements,2cdd866f-c9a4-576a-afd8-1d045762790c,"The location must be listed as: 10327, 10329, 10331, 10333 W. 84th Terrace, Lenexa, KS, 66214",,matchOnce,must be present,,Present,compliant,Block Requirements,,,true,1,,2026-08-16
"Block Real Estate Services, LLC",69fdf75c62446148bd855f73,69fded1762446148bd848e89,Inspire Therapy LLC,69fdef8bfa0b60fcd50d6056,"3rd868 - Pine Ridge Building H {H60 Properties, LLC}",evidenceOfInsurance,Evidence of Insurance,6ac20aae-5728-5d57-b364-aeba38527dba,Additional Requirements,3649e9d1-4e09-59bf-8f30-cb33c40cf117,"Certificate Holder must read: c/o Block Real Estate Services, LLC, 4622 Pennsylvania St., Suite 700, Kansas City, MO, 64112",,matchOnce,must be present,,Present,compliant,Block Requirements,,,true,1,,2026-08-16
"Block Real Estate Services, LLC",69fdf75c62446148bd855f74,69fded1a62446148bd848f46,"Magvia Percussion, LLC / WFLIII Drums",69fdef8bfa0b60fcd50d6056,"3rd868 - Pine Ridge Building H {H60 Properties, LLC}",evidenceOfInsurance,Evidence of Insurance,commercialGeneralLiability,Commercial General Liability,evidenceOfInsuranceCommercialGeneralLiabilityCoverageTriggerOccurrence,Coverage Trigger: Occurrence,,matchOnce,must be present,,,non_compliant,Block Requirements,,,false,0,,2026-08-16
"Block Real Estate Services, LLC",69fdf75c62446148bd855f74,69fded1a62446148bd848f46,"Magvia Percussion, LLC / WFLIII Drums",69fdef8bfa0b60fcd50d6056,"3rd868 - Pine Ridge Building H {H60 Properties, LLC}",evidenceOfInsurance,Evidence of Insurance,commercialGeneralLiability,Commercial General Liability,evidenceOfInsuranceCommercialGeneralLiabilityGeneralAggregateLimitAppliesPerLocation,General Aggregate Limit Applies per: Location,,matchOnce,must be present,,,non_compliant,Block Requirements,,,false,0,,2026-08-16
"Block Real Estate Services, LLC",69fdf75c62446148bd855f74,69fded1a62446148bd848f46,"Magvia Percussion, LLC / WFLIII Drums",69fdef8bfa0b60fcd50d6056,"3rd868 - Pine Ridge Building H {H60 Properties, LLC}",evidenceOfInsurance,Evidence of Insurance,commercialGeneralLiability,Commercial General Liability,evidenceOfInsuranceCommercialGeneralLiabilityEachOccurrence,Each Occurrence,,matchOnce,must be greater or equal to,1000000,,non_compliant,Block Requirements,,,false,0,,2026-08-16
"Block Real Estate Services, LLC",69fdf75c62446148bd855f74,69fded1a62446148bd848f46,"Magvia Percussion, LLC / WFLIII Drums",69fdef8bfa0b60fcd50d6056,"3rd868 - Pine Ridge Building H {H60 Properties, LLC}",evidenceOfInsurance,Evidence of Insurance,commercialGeneralLiability,Commercial General Liability,evidenceOfInsuranceCommercialGeneralLiabilityGeneralAggregate,General Aggregate,,matchOnce,must be greater or equal to,2000000,,non_compliant,Block Requirements,,,false,0,,2026-08-16
"Block Real Estate Services, LLC",69fdf75c62446148bd855f74,69fded1a62446148bd848f46,"Magvia Percussion, LLC / WFLIII Drums",69fdef8bfa0b60fcd50d6056,"3rd868 - Pine Ridge Building H {H60 Properties, LLC}",evidenceOfInsurance,Evidence of Insurance,commercialGeneralLiability,Commercial General Liability,evidenceOfInsuranceCommercialGeneralLiabilityWaiverOfSubrogationEndorsement,Waiver of Subrogation,"---prompt---
Determine if the insurer has waived their right of subrogation in favor of the certificate holder under the Commercial General Liability policy. Evidence may include: a checked ""Waiver of Subrogation"" box on the certificate, mention in the Description of Operations section stating ""waiver of subrogation applies"", or reference to form CG 24 04. Look for language like ""subrogation is waived"" or ""per written contract"".",matchOnce,must be present,,,non_compliant,Block Requirements,,,false,0,,2026-08-16
"Block Real Estate Services, LLC",69fdf75c62446148bd855f74,69fded1a62446148bd848f46,"Magvia Percussion, LLC / WFLIII Drums",69fdef8bfa0b60fcd50d6056,"3rd868 - Pine Ridge Building H {H60 Properties, LLC}",evidenceOfInsurance,Evidence of Insurance,excessOrUmbrellaLiability,Umbrella/Excess Liability,evidenceOfInsuranceExcessOrUmbrellaLiabilityOccurence,Coverage Trigger: Occurrence,,matchOnce,must be present,,,non_compliant,Block Requirements,,,false,0,,2026-08-16
"Block Real Estate Services, LLC",69fdf75c62446148bd855f74,69fded1a62446148bd848f46,"Magvia Percussion, LLC / WFLIII Drums",69fdef8bfa0b60fcd50d6056,"3rd868 - Pine Ridge Building H {H60 Properties, LLC}",evidenceOfInsurance,Evidence of Insurance,excessOrUmbrellaLiability,Umbrella/Excess Liability,evidenceOfInsuranceExcessOrUmbrellaLiabilityEachOccurrence,Each Occurrence,,matchOnce,must be greater or equal to,1000000,,non_compliant,Block Requirements,,,false,0,,2026-08-16
"Block Real Estate Services, LLC",69fdf75c62446148bd855f74,69fded1a62446148bd848f46,"Magvia Percussion, LLC / WFLIII Drums",69fdef8bfa0b60fcd50d6056,"3rd868 - Pine Ridge Building H {H60 Properties, LLC}",evidenceOfInsurance,Evidence of Insurance,excessOrUmbrellaLiability,Umbrella/Excess Liability,evidenceOfInsuranceExcessOrUmbrellaLiabilityAggregate,Aggregate,,matchOnce,must be greater or equal to,1000000,,non_compliant,Block Requirements,,,false,0,,2026-08-16
"Block Real Estate Services, LLC",69fdf75c62446148bd855f74,69fded1a62446148bd848f46,"Magvia Percussion, LLC / WFLIII Drums",69fdef8bfa0b60fcd50d6056,"3rd868 - Pine Ridge Building H {H60 Properties, LLC}",evidenceOfInsurance,Evidence of Insurance,workersCompensation,Workers' Compensation and Employer's Liability,evidenceOfInsuranceWorkersCompensationStatutoryLimits,Statutory Limits,,matchOnce,must be present,,,non_compliant,Block Requirements,,,false,0,,2026-08-16
"Block Real Estate Services, LLC",69fdf75c62446148bd855f74,69fded1a62446148bd848f46,"Magvia Percussion, LLC / WFLIII Drums",69fdef8bfa0b60fcd50d6056,"3rd868 - Pine Ridge Building H {H60 Properties, LLC}",evidenceOfInsurance,Evidence of Insurance,workersCompensation,Workers' Compensation and Employer's Liability,evidenceOfInsuranceWorkersCompensationEmployersLiabilityEachAccident,Employer's Liability Each Accident,,matchOnce,must be greater or equal to,500000,,non_compliant,Block Requirements,,,false,0,,2026-08-16
"Block Real Estate Services, LLC",69fdf75c62446148bd855f74,69fded1a62446148bd848f46,"Magvia Percussion, LLC / WFLIII Drums",69fdef8bfa0b60fcd50d6056,"3rd868 - Pine Ridge Building H {H60 Properties, LLC}",evidenceOfInsurance,Evidence of Insurance,workersCompensation,Workers' Compensation and Employer's Liability,evidenceOfInsuranceWorkersCompensationEmployersLiabilityDiseaseEachEmployee,Employer's Liability Disease - each employee,,matchOnce,must be greater or equal to,500000,,non_compliant,Block Requirements,,,false,0,,2026-08-16
"Block Real Estate Services, LLC",69fdf75c62446148bd855f74,69fded1a62446148bd848f46,"Magvia Percussion, LLC / WFLIII Drums",69fdef8bfa0b60fcd50d6056,"3rd868 - Pine Ridge Building H {H60 Properties, LLC}",evidenceOfInsurance,Evidence of Insurance,workersCompensation,Workers' Compensation and Employer's Liability,evidenceOfInsuranceWorkersCompensationEmployersLiabilityDiseasePolicyLimit,Employer's Liability Disease - policy limit,,matchOnce,must be greater or equal to,500000,,non_compliant,Block Requirements,,,false,0,,2026-08-16
"Block Real Estate Services, LLC",69fdf75c62446148bd855f74,69fded1a62446148bd848f46,"Magvia Percussion, LLC / WFLIII Drums",69fdef8bfa0b60fcd50d6056,"3rd868 - Pine Ridge Building H {H60 Properties, LLC}",evidenceOfInsurance,Evidence of Insurance,workersCompensation,Workers' Compensation and Employer's Liability,evidenceOfInsuranceWorkersCompensationWaiverOfSubrogationEndorsement,Waiver of Subrogation,"---prompt---
Determine if the insurer has waived their right of subrogation in favor of the certificate holder under the Workers' Compensation policy. Evidence may include: a checked ""Waiver of Subrogation"" box on the certificate, mention in the Description of Operations section stating ""waiver of subrogation applies"", or reference to form WC 00 03 13. Look for language like ""subrogation is waived"" or ""per written contract"".",matchOnce,must be present,,,non_compliant,Block Requirements,,,false,0,,2026-08-16
"Block Real Estate Services, LLC",69fdf75c62446148bd855f74,69fded1a62446148bd848f46,"Magvia Percussion, LLC / WFLIII Drums",69fdef8bfa0b60fcd50d6056,"3rd868 - Pine Ridge Building H {H60 Properties, LLC}",evidenceOfInsurance,Evidence of Insurance,6ac20aae-5728-5d57-b364-aeba38527dba,Additional Requirements,4da5b0f1-4c9d-5885-8cf8-5d3cccaed3e0,"Block Real Estate Services, LLC and all others required by contract are named as Additional Insureds","---prompt---
Determine if the Description of Operations or the Additional Remarks Schedule section states the ""Additional Insured as Construction Management, Inc. and all others required by contract"" or reference to blanket additional insured coverage. Look for language like ""certificate holder is additional insured"" or ""per written contract"".",matchOnce,must be present,,,non_compliant,Block Requirements,,,true,0,,2026-08-16
"Block Real Estate Services, LLC",69fdf75c62446148bd855f74,69fded1a62446148bd848f46,"Magvia Percussion, LLC / WFLIII Drums",69fdef8bfa0b60fcd50d6056,"3rd868 - Pine Ridge Building H {H60 Properties, LLC}",evidenceOfInsurance,Evidence of Insurance,6ac20aae-5728-5d57-b364-aeba38527dba,Additional Requirements,e1017741-e47e-5f58-97b8-fbc3043e919f,Umbrella follows form over General Liability,"---prompt---
Determine if the Umbrella/Excess Liability policy follows form to the underlying policies. Evidence may include: language in the Description of Operations section stating the umbrella follows form to underlying coverages or an additional page endorsement stating that it follows form. Follow form means the umbrella policy adopts the same terms, conditions, and exclusions as the underlying policies.",matchOnce,must be present,,,non_compliant,Block Requirements,,,true,0,,2026-08-16
"Block Real Estate Services, LLC",69fdf75c62446148bd855f74,69fded1a62446148bd848f46,"Magvia Percussion, LLC / WFLIII Drums",69fdef8bfa0b60fcd50d6056,"3rd868 - Pine Ridge Building H {H60 Properties, LLC}",evidenceOfInsurance,Evidence of Insurance,6ac20aae-5728-5d57-b364-aeba38527dba,Additional Requirements,2cdd866f-c9a4-576a-afd8-1d045762790c,"The location must be listed as: 10323, 10325 W. 84th Terrace, Lenexa, KS, 66214",,matchOnce,must be present,,,non_compliant,Block Requirements,,,true,0,,2026-08-16
"Block Real Estate Services, LLC",69fdf75c62446148bd855f74,69fded1a62446148bd848f46,"Magvia Percussion, LLC / WFLIII Drums",69fdef8bfa0b60fcd50d6056,"3rd868 - Pine Ridge Building H {H60 Properties, LLC}",evidenceOfInsurance,Evidence of Insurance,6ac20aae-5728-5d57-b364-aeba38527dba,Additional Requirements,3649e9d1-4e09-59bf-8f30-cb33c40cf117,"Certificate Holder must read: c/o Block Real Estate Services, LLC, 4622 Pennsylvania St., Suite 700, Kansas City, MO, 64112",,matchOnce,must be present,,,non_compliant,Block Requirements,,,true,0,,2026-08-16
"Block Real Estate Services, LLC",69fdf74a62446148bd854b42,69fded1862446148bd848ea7,"Jetalum Windows & Doors / JetAlum, LLC",69fdef4d3b208288e0a7a2ed,"3rd488 - 19th Street Properties, LLC {19th Street Properties, LLC} (fka Grove Street Properties, LLC - Hoodenpyle)",evidenceOfInsurance,Evidence of Insurance,commercialGeneralLiability,Commercial General Liability,evidenceOfInsuranceCommercialGeneralLiabilityCoverageTriggerOccurrence,Coverage Trigger: Occurrence,,matchOnce,must be present,,Present,compliant,Block Requirements,,,false,1,,2026-08-16
"Block Real Estate Services, LLC",69fdf74a62446148bd854b42,69fded1862446148bd848ea7,"Jetalum Windows & Doors / JetAlum, LLC",69fdef4d3b208288e0a7a2ed,"3rd488 - 19th Street Properties, LLC {19th Street Properties, LLC} (fka Grove Street Properties, LLC - Hoodenpyle)",evidenceOfInsurance,Evidence of Insurance,commercialGeneralLiability,Commercial General Liability,evidenceOfInsuranceCommercialGeneralLiabilityGeneralAggregateLimitAppliesPerLocation,General Aggregate Limit Applies per: Location,,matchOnce,must be present,,,non_compliant,Block Requirements,,,false,0,,2026-08-16
"Block Real Estate Services, LLC",69fdf74a62446148bd854b42,69fded1862446148bd848ea7,"Jetalum Windows & Doors / JetAlum, LLC",69fdef4d3b208288e0a7a2ed,"3rd488 - 19th Street Properties, LLC {19th Street Properties, LLC} (fka Grove Street Properties, LLC - Hoodenpyle)",evidenceOfInsurance,Evidence of Insurance,commercialGeneralLiability,Commercial General Liability,evidenceOfInsuranceCommercialGeneralLiabilityEachOccurrence,Each Occurrence,,matchOnce,must be greater or equal to,1000000,1000000,compliant,Block Requirements,,,false,1,,2026-08-16
"Block Real Estate Services, LLC",69fdf74a62446148bd854b42,69fded1862446148bd848ea7,"Jetalum Windows & Doors / JetAlum, LLC",69fdef4d3b208288e0a7a2ed,"3rd488 - 19th Street Properties, LLC {19th Street Properties, LLC} (fka Grove Street Properties, LLC - Hoodenpyle)",evidenceOfInsurance,Evidence of Insurance,commercialGeneralLiability,Commercial General Liability,evidenceOfInsuranceCommercialGeneralLiabilityGeneralAggregate,General Aggregate,,matchOnce,must be greater or equal to,2000000,2000000,compliant,Block Requirements,,,false,1,,2026-08-16
"Block Real Estate Services, LLC",69fdf74a62446148bd854b42,69fded1862446148bd848ea7,"Jetalum Windows & Doors / JetAlum, LLC",69fdef4d3b208288e0a7a2ed,"3rd488 - 19th Street Properties, LLC {19th Street Properties, LLC} (fka Grove Street Properties, LLC - Hoodenpyle)",evidenceOfInsurance,Evidence of Insurance,commercialGeneralLiability,Commercial General Liability,evidenceOfInsuranceCommercialGeneralLiabilityWaiverOfSubrogationEndorsement,Waiver of Subrogation,"---prompt---
Determine if the insurer has waived their right of subrogation in favor of the certificate holder under the Commercial General Liability policy. Evidence may include: a checked ""Waiver of Subrogation"" box on the certificate, mention in the Description of Operations section stating ""waiver of subrogation applies"", or reference to form CG 24 04. Look for language like ""subrogation is waived"" or ""per written contract"".",matchOnce,must be present,,,non_compliant,Block Requirements,,,false,0,,2026-08-16
"Block Real Estate Services, LLC",69fdf74a62446148bd854b42,69fded1862446148bd848ea7,"Jetalum Windows & Doors / JetAlum, LLC",69fdef4d3b208288e0a7a2ed,"3rd488 - 19th Street Properties, LLC {19th Street Properties, LLC} (fka Grove Street Properties, LLC - Hoodenpyle)",evidenceOfInsurance,Evidence of Insurance,excessOrUmbrellaLiability,Umbrella/Excess Liability,evidenceOfInsuranceExcessOrUmbrellaLiabilityOccurence,Coverage Trigger: Occurrence,,matchOnce,must be present,,Present,compliant,Block Requirements,,,false,1,,2026-08-16
"Block Real Estate Services, LLC",69fdf74a62446148bd854b42,69fded1862446148bd848ea7,"Jetalum Windows & Doors / JetAlum, LLC",69fdef4d3b208288e0a7a2ed,"3rd488 - 19th Street Properties, LLC {19th Street Properties, LLC} (fka Grove Street Properties, LLC - Hoodenpyle)",evidenceOfInsurance,Evidence of Insurance,excessOrUmbrellaLiability,Umbrella/Excess Liability,evidenceOfInsuranceExcessOrUmbrellaLiabilityEachOccurrence,Each Occurrence,,matchOnce,must be greater or equal to,1000000,1000000,compliant,Block Requirements,,,false,1,,2026-08-16
"Block Real Estate Services, LLC",69fdf74a62446148bd854b42,69fded1862446148bd848ea7,"Jetalum Windows & Doors / JetAlum, LLC",69fdef4d3b208288e0a7a2ed,"3rd488 - 19th Street Properties, LLC {19th Street Properties, LLC} (fka Grove Street Properties, LLC - Hoodenpyle)",evidenceOfInsurance,Evidence of Insurance,excessOrUmbrellaLiability,Umbrella/Excess Liability,evidenceOfInsuranceExcessOrUmbrellaLiabilityAggregate,Aggregate,,matchOnce,must be greater or equal to,1000000,1000000,compliant,Block Requirements,,,false,1,,2026-08-16
"Block Real Estate Services, LLC",69fdf74a62446148bd854b42,69fded1862446148bd848ea7,"Jetalum Windows & Doors / JetAlum, LLC",69fdef4d3b208288e0a7a2ed,"3rd488 - 19th Street Properties, LLC {19th Street Properties, LLC} (fka Grove Street Properties, LLC - Hoodenpyle)",evidenceOfInsurance,Evidence of Insurance,workersCompensation,Workers' Compensation and Employer's Liability,evidenceOfInsuranceWorkersCompensationStatutoryLimits,Statutory Limits,,matchOnce,must be present,,Present,compliant,Block Requirements,,,false,1,,2026-08-16
"Block Real Estate Services, LLC",69fdf74a62446148bd854b42,69fded1862446148bd848ea7,"Jetalum Windows & Doors / JetAlum, LLC",69fdef4d3b208288e0a7a2ed,"3rd488 - 19th Street Properties, LLC {19th Street Properties, LLC} (fka Grove Street Properties, LLC - Hoodenpyle)",evidenceOfInsurance,Evidence of Insurance,workersCompensation,Workers' Compensation and Employer's Liability,evidenceOfInsuranceWorkersCompensationEmployersLiabilityEachAccident,Employer's Liability Each Accident,,matchOnce,must be greater or equal to,500000,1000000,compliant,Block Requirements,,,false,1,,2026-08-16
"Block Real Estate Services, LLC",69fdf74a62446148bd854b42,69fded1862446148bd848ea7,"Jetalum Windows & Doors / JetAlum, LLC",69fdef4d3b208288e0a7a2ed,"3rd488 - 19th Street Properties, LLC {19th Street Properties, LLC} (fka Grove Street Properties, LLC - Hoodenpyle)",evidenceOfInsurance,Evidence of Insurance,workersCompensation,Workers' Compensation and Employer's Liability,evidenceOfInsuranceWorkersCompensationEmployersLiabilityDiseaseEachEmployee,Employer's Liability Disease - each employee,,matchOnce,must be greater or equal to,500000,1000000,compliant,Block Requirements,,,false,1,,2026-08-16
"Block Real Estate Services, LLC",69fdf74a62446148bd854b42,69fded1862446148bd848ea7,"Jetalum Windows & Doors / JetAlum, LLC",69fdef4d3b208288e0a7a2ed,"3rd488 - 19th Street Properties, LLC {19th Street Properties, LLC} (fka Grove Street Properties, LLC - Hoodenpyle)",evidenceOfInsurance,Evidence of Insurance,workersCompensation,Workers' Compensation and Employer's Liability,evidenceOfInsuranceWorkersCompensationEmployersLiabilityDiseasePolicyLimit,Employer's Liability Disease - policy limit,,matchOnce,must be greater or equal to,500000,1000000,compliant,Block Requirements,,,false,1,,2026-08-16
"Block Real Estate Services, LLC",69fdf74a62446148bd854b42,69fded1862446148bd848ea7,"Jetalum Windows & Doors / JetAlum, LLC",69fdef4d3b208288e0a7a2ed,"3rd488 - 19th Street Properties, LLC {19th Street Properties, LLC} (fka Grove Street Properties, LLC - Hoodenpyle)",evidenceOfInsurance,Evidence of Insurance,workersCompensation,Workers' Compensation and Employer's Liability,evidenceOfInsuranceWorkersCompensationWaiverOfSubrogationEndorsement,Waiver of Subrogation,"---prompt---
Determine if the insurer has waived their right of subrogation in favor of the certificate holder under the Workers' Compensation policy. Evidence may include: a checked ""Waiver of Subrogation"" box on the certificate, mention in the Description of Operations section stating ""waiver of subrogation applies"", or reference to form WC 00 03 13. Look for language like ""subrogation is waived"" or ""per written contract"".",matchOnce,must be present,,,waived,Block Requirements,WoS for Work Comp not available in the state of MO,,false,0,,2026-08-16
"Block Real Estate Services, LLC",69fdf74a62446148bd854b42,69fded1862446148bd848ea7,"Jetalum Windows & Doors / JetAlum, LLC",69fdef4d3b208288e0a7a2ed,"3rd488 - 19th Street Properties, LLC {19th Street Properties, LLC} (fka Grove Street Properties, LLC - Hoodenpyle)",evidenceOfInsurance,Evidence of Insurance,6ac20aae-5728-5d57-b364-aeba38527dba,Additional Requirements,4da5b0f1-4c9d-5885-8cf8-5d3cccaed3e0,"Block Real Estate Services, LLC and all others required by contract are named as Additional Insureds","---prompt---
Determine if the Description of Operations or the Additional Remarks Schedule section states the ""Additional Insured as Construction Management, Inc. and all others required by contract"" or reference to blanket additional insured coverage. Look for language like ""certificate holder is additional insured"" or ""per written contract"".",matchOnce,must be present,,Present,compliant,Block Requirements,,,true,1,,2026-08-16
"Block Real Estate Services, LLC",69fdf74a62446148bd854b42,69fded1862446148bd848ea7,"Jetalum Windows & Doors / JetAlum, LLC",69fdef4d3b208288e0a7a2ed,"3rd488 - 19th Street Properties, LLC {19th Street Properties, LLC} (fka Grove Street Properties, LLC - Hoodenpyle)",evidenceOfInsurance,Evidence of Insurance,6ac20aae-5728-5d57-b364-aeba38527dba,Additional Requirements,e1017741-e47e-5f58-97b8-fbc3043e919f,Umbrella follows form over General Liability,"---prompt---
Determine if the Umbrella/Excess Liability policy follows form to the underlying policies. Evidence may include: language in the Description of Operations section stating the umbrella follows form to underlying coverages or an additional page endorsement stating that it follows form. Follow form means the umbrella policy adopts the same terms, conditions, and exclusions as the underlying policies.",matchOnce,must be present,,Present,compliant,Block Requirements,,,true,1,,2026-08-16
"Block Real Estate Services, LLC",69fdf74a62446148bd854b42,69fded1862446148bd848ea7,"Jetalum Windows & Doors / JetAlum, LLC",69fdef4d3b208288e0a7a2ed,"3rd488 - 19th Street Properties, LLC {19th Street Properties, LLC} (fka Grove Street Properties, LLC - Hoodenpyle)",evidenceOfInsurance,Evidence of Insurance,6ac20aae-5728-5d57-b364-aeba38527dba,Additional Requirements,2cdd866f-c9a4-576a-afd8-1d045762790c,"The location must be listed as: 1414 E. 19th Street, Kansas City, MO, 64108",,matchOnce,must be present,,Present,compliant,Block Requirements,,,true,1,,2026-08-16
"Block Real Estate Services, LLC",69fdf74a62446148bd854b42,69fded1862446148bd848ea7,"Jetalum Windows & Doors / JetAlum, LLC",69fdef4d3b208288e0a7a2ed,"3rd488 - 19th Street Properties, LLC {19th Street Properties, LLC} (fka Grove Street Properties, LLC - Hoodenpyle)",evidenceOfInsurance,Evidence of Insurance,6ac20aae-5728-5d57-b364-aeba38527dba,Additional Requirements,3649e9d1-4e09-59bf-8f30-cb33c40cf117,"Certificate Holder must read: c/o Block Real Estate Services, LLC, 4622 Pennsylvania St., Suite 700, Kansas City, MO, 64112",,matchOnce,must be present,,Present,compliant,Block Requirements,,,true,1,,2026-08-16
"Block Real Estate Services, LLC",69fdf76e62446148bd8573f0,69fded2462446148bd8492b2,West Shore Home LLC,69fdf05638cbea6b3a68f4ea,"kci282 - Platte Valley Industrial Center 2 {Platte Valley Investment, LLC}",evidenceOfInsurance,Evidence of Insurance,commercialGeneralLiability,Commercial General Liability,evidenceOfInsuranceCommercialGeneralLiabilityCoverageTriggerOccurrence,Coverage Trigger: Occurrence,,matchOnce,must be present,,,non_compliant,Block Requirements,,,false,0,,2026-08-16
"Block Real Estate Services, LLC",69fdf76e62446148bd8573f0,69fded2462446148bd8492b2,West Shore Home LLC,69fdf05638cbea6b3a68f4ea,"kci282 - Platte Valley Industrial Center 2 {Platte Valley Investment, LLC}",evidenceOfInsurance,Evidence of Insurance,commercialGeneralLiability,Commercial General Liability,evidenceOfInsuranceCommercialGeneralLiabilityGeneralAggregateLimitAppliesPerLocation,General Aggregate Limit Applies per: Location,,matchOnce,must be present,,,non_compliant,Block Requirements,,,false,0,,2026-08-16
"Block Real Estate Services, LLC",69fdf76e62446148bd8573f0,69fded2462446148bd8492b2,West Shore Home LLC,69fdf05638cbea6b3a68f4ea,"kci282 - Platte Valley Industrial Center 2 {Platte Valley Investment, LLC}",evidenceOfInsurance,Evidence of Insurance,commercialGeneralLiability,Commercial General Liability,evidenceOfInsuranceCommercialGeneralLiabilityEachOccurrence,Each Occurrence,,matchOnce,must be greater or equal to,1000000,,non_compliant,Block Requirements,,,false,0,,2026-08-16
"Block Real Estate Services, LLC",69fdf76e62446148bd8573f0,69fded2462446148bd8492b2,West Shore Home LLC,69fdf05638cbea6b3a68f4ea,"kci282 - Platte Valley Industrial Center 2 {Platte Valley Investment, LLC}",evidenceOfInsurance,Evidence of Insurance,commercialGeneralLiability,Commercial General Liability,evidenceOfInsuranceCommercialGeneralLiabilityGeneralAggregate,General Aggregate,,matchOnce,must be greater or equal to,2000000,,non_compliant,Block Requirements,,,false,0,,2026-08-16
"Block Real Estate Services, LLC",69fdf76e62446148bd8573f0,69fded2462446148bd8492b2,West Shore Home LLC,69fdf05638cbea6b3a68f4ea,"kci282 - Platte Valley Industrial Center 2 {Platte Valley Investment, LLC}",evidenceOfInsurance,Evidence of Insurance,commercialGeneralLiability,Commercial General Liability,evidenceOfInsuranceCommercialGeneralLiabilityWaiverOfSubrogationEndorsement,Waiver of Subrogation,"---prompt---
Determine if the insurer has waived their right of subrogation in favor of the certificate holder under the Commercial General Liability policy. Evidence may include: a checked ""Waiver of Subrogation"" box on the certificate, mention in the Description of Operations section stating ""waiver of subrogation applies"", or reference to form CG 24 04. Look for language like ""subrogation is waived"" or ""per written contract"".",matchOnce,must be present,,,non_compliant,Block Requirements,,,false,0,,2026-08-16
"Block Real Estate Services, LLC",69fdf76e62446148bd8573f0,69fded2462446148bd8492b2,West Shore Home LLC,69fdf05638cbea6b3a68f4ea,"kci282 - Platte Valley Industrial Center 2 {Platte Valley Investment, LLC}",evidenceOfInsurance,Evidence of Insurance,excessOrUmbrellaLiability,Umbrella/Excess Liability,evidenceOfInsuranceExcessOrUmbrellaLiabilityOccurence,Coverage Trigger: Occurrence,,matchOnce,must be present,,,non_compliant,Block Requirements,,,false,0,,2026-08-16
"Block Real Estate Services, LLC",69fdf76e62446148bd8573f0,69fded2462446148bd8492b2,West Shore Home LLC,69fdf05638cbea6b3a68f4ea,"kci282 - Platte Valley Industrial Center 2 {Platte Valley Investment, LLC}",evidenceOfInsurance,Evidence of Insurance,excessOrUmbrellaLiability,Umbrella/Excess Liability,evidenceOfInsuranceExcessOrUmbrellaLiabilityEachOccurrence,Each Occurrence,,matchOnce,must be greater or equal to,1000000,,non_compliant,Block Requirements,,,false,0,,2026-08-16
"Block Real Estate Services, LLC",69fdf76e62446148bd8573f0,69fded2462446148bd8492b2,West Shore Home LLC,69fdf05638cbea6b3a68f4ea,"kci282 - Platte Valley Industrial Center 2 {Platte Valley Investment, LLC}",evidenceOfInsurance,Evidence of Insurance,excessOrUmbrellaLiability,Umbrella/Excess Liability,evidenceOfInsuranceExcessOrUmbrellaLiabilityAggregate,Aggregate,,matchOnce,must be greater or equal to,1000000,,non_compliant,Block Requirements,,,false,0,,2026-08-16
"Block Real Estate Services, LLC",69fdf76e62446148bd8573f0,69fded2462446148bd8492b2,West Shore Home LLC,69fdf05638cbea6b3a68f4ea,"kci282 - Platte Valley Industrial Center 2 {Platte Valley Investment, LLC}",evidenceOfInsurance,Evidence of Insurance,workersCompensation,Workers' Compensation and Employer's Liability,evidenceOfInsuranceWorkersCompensationStatutoryLimits,Statutory Limits,,matchOnce,must be present,,,non_compliant,Block Requirements,,,false,0,,2026-08-16
"Block Real Estate Services, LLC",69fdf76e62446148bd8573f0,69fded2462446148bd8492b2,West Shore Home LLC,69fdf05638cbea6b3a68f4ea,"kci282 - Platte Valley Industrial Center 2 {Platte Valley Investment, LLC}",evidenceOfInsurance,Evidence of Insurance,workersCompensation,Workers' Compensation and Employer's Liability,evidenceOfInsuranceWorkersCompensationEmployersLiabilityEachAccident,Employer's Liability Each Accident,,matchOnce,must be greater or equal to,500000,,non_compliant,Block Requirements,,,false,0,,2026-08-16
"Block Real Estate Services, LLC",69fdf76e62446148bd8573f0,69fded2462446148bd8492b2,West Shore Home LLC,69fdf05638cbea6b3a68f4ea,"kci282 - Platte Valley Industrial Center 2 {Platte Valley Investment, LLC}",evidenceOfInsurance,Evidence of Insurance,workersCompensation,Workers' Compensation and Employer's Liability,evidenceOfInsuranceWorkersCompensationEmployersLiabilityDiseaseEachEmployee,Employer's Liability Disease - each employee,,matchOnce,must be greater or equal to,500000,,non_compliant,Block Requirements,,,false,0,,2026-08-16
"Block Real Estate Services, LLC",69fdf76e62446148bd8573f0,69fded2462446148bd8492b2,West Shore Home LLC,69fdf05638cbea6b3a68f4ea,"kci282 - Platte Valley Industrial Center 2 {Platte Valley Investment, LLC}",evidenceOfInsurance,Evidence of Insurance,workersCompensation,Workers' Compensation and Employer's Liability,evidenceOfInsuranceWorkersCompensationEmployersLiabilityDiseasePolicyLimit,Employer's Liability Disease - policy limit,,matchOnce,must be greater or equal to,500000,,non_compliant,Block Requirements,,,false,0,,2026-08-16
"Block Real Estate Services, LLC",69fdf76e62446148bd8573f0,69fded2462446148bd8492b2,West Shore Home LLC,69fdf05638cbea6b3a68f4ea,"kci282 - Platte Valley Industrial Center 2 {Platte Valley Investment, LLC}",evidenceOfInsurance,Evidence of Insurance,workersCompensation,Workers' Compensation and Employer's Liability,evidenceOfInsuranceWorkersCompensationWaiverOfSubrogationEndorsement,Waiver of Subrogation,"---prompt---
Determine if the insurer has waived their right of subrogation in favor of the certificate holder under the Workers' Compensation policy. Evidence may include: a checked ""Waiver of Subrogation"" box on the certificate, mention in the Description of Operations section stating ""waiver of subrogation applies"", or reference to form WC 00 03 13. Look for language like ""subrogation is waived"" or ""per written contract"".",matchOnce,must be present,,,non_compliant,Block Requirements,,,false,0,,2026-08-16
"Block Real Estate Services, LLC",69fdf76e62446148bd8573f0,69fded2462446148bd8492b2,West Shore Home LLC,69fdf05638cbea6b3a68f4ea,"kci282 - Platte Valley Industrial Center 2 {Platte Valley Investment, LLC}",evidenceOfInsurance,Evidence of Insurance,6ac20aae-5728-5d57-b364-aeba38527dba,Additional Requirements,4da5b0f1-4c9d-5885-8cf8-5d3cccaed3e0,"Block Real Estate Services, LLC and all others required by contract are named as Additional Insureds","---prompt---
Determine if the Description of Operations or the Additional Remarks Schedule section states the ""Additional Insured as Construction Management, Inc. and all others required by contract"" or reference to blanket additional insured coverage. Look for language like ""certificate holder is additional insured"" or ""per written contract"".",matchOnce,must be present,,,non_compliant,Block Requirements,,,true,0,,2026-08-16
"Block Real Estate Services, LLC",69fdf76e62446148bd8573f0,69fded2462446148bd8492b2,West Shore Home LLC,69fdf05638cbea6b3a68f4ea,"kci282 - Platte Valley Industrial Center 2 {Platte Valley Investment, LLC}",evidenceOfInsurance,Evidence of Insurance,6ac20aae-5728-5d57-b364-aeba38527dba,Additional Requirements,e1017741-e47e-5f58-97b8-fbc3043e919f,Umbrella follows form over General Liability,"---prompt---
Determine if the Umbrella/Excess Liability policy follows form to the underlying policies. Evidence may include: language in the Description of Operations section stating the umbrella follows form to underlying coverages or an additional page endorsement stating that it follows form. Follow form means the umbrella policy adopts the same terms, conditions, and exclusions as the underlying policies.",matchOnce,must be present,,,non_compliant,Block Requirements,,,true,0,,2026-08-16
"Block Real Estate Services, LLC",69fdf76e62446148bd8573f0,69fded2462446148bd8492b2,West Shore Home LLC,69fdf05638cbea6b3a68f4ea,"kci282 - Platte Valley Industrial Center 2 {Platte Valley Investment, LLC}",evidenceOfInsurance,Evidence of Insurance,6ac20aae-5728-5d57-b364-aeba38527dba,Additional Requirements,2cdd866f-c9a4-576a-afd8-1d045762790c,"The location must be listed as: 444 Platte Valley Drive, Riverside, MO, 64150",,matchOnce,must be present,,,non_compliant,Block Requirements,,,true,0,,2026-08-16
"Block Real Estate Services, LLC",69fdf76e62446148bd8573f0,69fded2462446148bd8492b2,West Shore Home LLC,69fdf05638cbea6b3a68f4ea,"kci282 - Platte Valley Industrial Center 2 {Platte Valley Investment, LLC}",evidenceOfInsurance,Evidence of Insurance,6ac20aae-5728-5d57-b364-aeba38527dba,Additional Requirements,3649e9d1-4e09-59bf-8f30-cb33c40cf117,"Certificate Holder must read: c/o Block Real Estate Services, LLC, 4622 Pennsylvania St., Suite 700, Kansas City, MO, 64112",,matchOnce,must be present,,,non_compliant,Block Requirements,,,true,0,,2026-08-16
"Block Real Estate Services, LLC",69fdf76e62446148bd8573ef,69fded1862446148bd848eb3,Johnson Granite Supply Inc,69fdf05638cbea6b3a68f4ea,"kci282 - Platte Valley Industrial Center 2 {Platte Valley Investment, LLC}",evidenceOfInsurance,Evidence of Insurance,commercialGeneralLiability,Commercial General Liability,evidenceOfInsuranceCommercialGeneralLiabilityCoverageTriggerOccurrence,Coverage Trigger: Occurrence,,matchOnce,must be present,,Present,compliant,Block Requirements,,,false,1,,2026-08-16
"Block Real Estate Services, LLC",69fdf76e62446148bd8573ef,69fded1862446148bd848eb3,Johnson Granite Supply Inc,69fdf05638cbea6b3a68f4ea,"kci282 - Platte Valley Industrial Center 2 {Platte Valley Investment, LLC}",evidenceOfInsurance,Evidence of Insurance,commercialGeneralLiability,Commercial General Liability,evidenceOfInsuranceCommercialGeneralLiabilityGeneralAggregateLimitAppliesPerLocation,General Aggregate Limit Applies per: Location,,matchOnce,must be present,,Present,compliant,Block Requirements,,,false,1,,2026-08-16
"Block Real Estate Services, LLC",69fdf76e62446148bd8573ef,69fded1862446148bd848eb3,Johnson Granite Supply Inc,69fdf05638cbea6b3a68f4ea,"kci282 - Platte Valley Industrial Center 2 {Platte Valley Investment, LLC}",evidenceOfInsurance,Evidence of Insurance,commercialGeneralLiability,Commercial General Liability,evidenceOfInsuranceCommercialGeneralLiabilityEachOccurrence,Each Occurrence,,matchOnce,must be greater or equal to,1000000,1000000,compliant,Block Requirements,,,false,1,,2026-08-16
"Block Real Estate Services, LLC",69fdf76e62446148bd8573ef,69fded1862446148bd848eb3,Johnson Granite Supply Inc,69fdf05638cbea6b3a68f4ea,"kci282 - Platte Valley Industrial Center 2 {Platte Valley Investment, LLC}",evidenceOfInsurance,Evidence of Insurance,commercialGeneralLiability,Commercial General Liability,evidenceOfInsuranceCommercialGeneralLiabilityGeneralAggregate,General Aggregate,,matchOnce,must be greater or equal to,2000000,2000000,compliant,Block Requirements,,,false,1,,2026-08-16
"Block Real Estate Services, LLC",69fdf76e62446148bd8573ef,69fded1862446148bd848eb3,Johnson Granite Supply Inc,69fdf05638cbea6b3a68f4ea,"kci282 - Platte Valley Industrial Center 2 {Platte Valley Investment, LLC}",evidenceOfInsurance,Evidence of Insurance,commercialGeneralLiability,Commercial General Liability,evidenceOfInsuranceCommercialGeneralLiabilityWaiverOfSubrogationEndorsement,Waiver of Subrogation,"---prompt---
Determine if the insurer has waived their right of subrogation in favor of the certificate holder under the Commercial General Liability policy. Evidence may include: a checked ""Waiver of Subrogation"" box on the certificate, mention in the Description of Operations section stating ""waiver of subrogation applies"", or reference to form CG 24 04. Look for language like ""subrogation is waived"" or ""per written contract"".",matchOnce,must be present,,Present,compliant,Block Requirements,,,false,1,,2026-08-16
"Block Real Estate Services, LLC",69fdf76e62446148bd8573ef,69fded1862446148bd848eb3,Johnson Granite Supply Inc,69fdf05638cbea6b3a68f4ea,"kci282 - Platte Valley Industrial Center 2 {Platte Valley Investment, LLC}",evidenceOfInsurance,Evidence of Insurance,excessOrUmbrellaLiability,Umbrella/Excess Liability,evidenceOfInsuranceExcessOrUmbrellaLiabilityOccurence,Coverage Trigger: Occurrence,,matchOnce,must be present,,Present,compliant,Block Requirements,,,false,1,,2026-08-16
"Block Real Estate Services, LLC",69fdf76e62446148bd8573ef,69fded1862446148bd848eb3,Johnson Granite Supply Inc,69fdf05638cbea6b3a68f4ea,"kci282 - Platte Valley Industrial Center 2 {Platte Valley Investment, LLC}",evidenceOfInsurance,Evidence of Insurance,excessOrUmbrellaLiability,Umbrella/Excess Liability,evidenceOfInsuranceExcessOrUmbrellaLiabilityEachOccurrence,Each Occurrence,,matchOnce,must be greater or equal to,1000000,2000000,compliant,Block Requirements,,,false,1,,2026-08-16
"Block Real Estate Services, LLC",69fdf76e62446148bd8573ef,69fded1862446148bd848eb3,Johnson Granite Supply Inc,69fdf05638cbea6b3a68f4ea,"kci282 - Platte Valley Industrial Center 2 {Platte Valley Investment, LLC}",evidenceOfInsurance,Evidence of Insurance,excessOrUmbrellaLiability,Umbrella/Excess Liability,evidenceOfInsuranceExcessOrUmbrellaLiabilityAggregate,Aggregate,,matchOnce,must be greater or equal to,1000000,2000000,compliant,Block Requirements,,,false,1,,2026-08-16
"Block Real Estate Services, LLC",69fdf76e62446148bd8573ef,69fded1862446148bd848eb3,Johnson Granite Supply Inc,69fdf05638cbea6b3a68f4ea,"kci282 - Platte Valley Industrial Center 2 {Platte Valley Investment, LLC}",evidenceOfInsurance,Evidence of Insurance,workersCompensation,Workers' Compensation and Employer's Liability,evidenceOfInsuranceWorkersCompensationStatutoryLimits,Statutory Limits,,matchOnce,must be present,,Present,compliant,Block Requirements,,,false,1,,2026-08-16
"Block Real Estate Services, LLC",69fdf76e62446148bd8573ef,69fded1862446148bd848eb3,Johnson Granite Supply Inc,69fdf05638cbea6b3a68f4ea,"kci282 - Platte Valley Industrial Center 2 {Platte Valley Investment, LLC}",evidenceOfInsurance,Evidence of Insurance,workersCompensation,Workers' Compensation and Employer's Liability,evidenceOfInsuranceWorkersCompensationEmployersLiabilityEachAccident,Employer's Liability Each Accident,,matchOnce,must be greater or equal to,500000,1000000,compliant,Block Requirements,,,false,1,,2026-08-16
"Block Real Estate Services, LLC",69fdf76e62446148bd8573ef,69fded1862446148bd848eb3,Johnson Granite Supply Inc,69fdf05638cbea6b3a68f4ea,"kci282 - Platte Valley Industrial Center 2 {Platte Valley Investment, LLC}",evidenceOfInsurance,Evidence of Insurance,workersCompensation,Workers' Compensation and Employer's Liability,evidenceOfInsuranceWorkersCompensationEmployersLiabilityDiseaseEachEmployee,Employer's Liability Disease - each employee,,matchOnce,must be greater or equal to,500000,1000000,compliant,Block Requirements,,,false,1,,2026-08-16
"Block Real Estate Services, LLC",69fdf76e62446148bd8573ef,69fded1862446148bd848eb3,Johnson Granite Supply Inc,69fdf05638cbea6b3a68f4ea,"kci282 - Platte Valley Industrial Center 2 {Platte Valley Investment, LLC}",evidenceOfInsurance,Evidence of Insurance,workersCompensation,Workers' Compensation and Employer's Liability,evidenceOfInsuranceWorkersCompensationEmployersLiabilityDiseasePolicyLimit,Employer's Liability Disease - policy limit,,matchOnce,must be greater or equal to,500000,1000000,compliant,Block Requirements,,,false,1,,2026-08-16
"Block Real Estate Services, LLC",69fdf76e62446148bd8573ef,69fded1862446148bd848eb3,Johnson Granite Supply Inc,69fdf05638cbea6b3a68f4ea,"kci282 - Platte Valley Industrial Center 2 {Platte Valley Investment, LLC}",evidenceOfInsurance,Evidence of Insurance,workersCompensation,Workers' Compensation and Employer's Liability,evidenceOfInsuranceWorkersCompensationWaiverOfSubrogationEndorsement,Waiver of Subrogation,"---prompt---
Determine if the insurer has waived their right of subrogation in favor of the certificate holder under the Workers' Compensation policy. Evidence may include: a checked ""Waiver of Subrogation"" box on the certificate, mention in the Description of Operations section stating ""waiver of subrogation applies"", or reference to form WC 00 03 13. Look for language like ""subrogation is waived"" or ""per written contract"".",matchOnce,must be present,,Present,compliant,Block Requirements,,,false,1,,2026-08-16
"Block Real Estate Services, LLC",69fdf76e62446148bd8573ef,69fded1862446148bd848eb3,Johnson Granite Supply Inc,69fdf05638cbea6b3a68f4ea,"kci282 - Platte Valley Industrial Center 2 {Platte Valley Investment, LLC}",evidenceOfInsurance,Evidence of Insurance,6ac20aae-5728-5d57-b364-aeba38527dba,Additional Requirements,4da5b0f1-4c9d-5885-8cf8-5d3cccaed3e0,"Block Real Estate Services, LLC and all others required by contract are named as Additional Insureds","---prompt---
Determine if the Description of Operations or the Additional Remarks Schedule section states the ""Additional Insured as Construction Management, Inc. and all others required by contract"" or reference to blanket additional insured coverage. Look for language like ""certificate holder is additional insured"" or ""per written contract"".",matchOnce,must be present,,Present,compliant,Block Requirements,,,true,1,,2026-08-16
"Block Real Estate Services, LLC",69fdf76e62446148bd8573ef,69fded1862446148bd848eb3,Johnson Granite Supply Inc,69fdf05638cbea6b3a68f4ea,"kci282 - Platte Valley Industrial Center 2 {Platte Valley Investment, LLC}",evidenceOfInsurance,Evidence of Insurance,6ac20aae-5728-5d57-b364-aeba38527dba,Additional Requirements,e1017741-e47e-5f58-97b8-fbc3043e919f,Umbrella follows form over General Liability,"---prompt---
Determine if the Umbrella/Excess Liability policy follows form to the underlying policies. Evidence may include: language in the Description of Operations section stating the umbrella follows form to underlying coverages or an additional page endorsement stating that it follows form. Follow form means the umbrella policy adopts the same terms, conditions, and exclusions as the underlying policies.",matchOnce,must be present,,Present,compliant,Block Requirements,,,true,1,,2026-08-16
"Block Real Estate Services, LLC",69fdf76e62446148bd8573ef,69fded1862446148bd848eb3,Johnson Granite Supply Inc,69fdf05638cbea6b3a68f4ea,"kci282 - Platte Valley Industrial Center 2 {Platte Valley Investment, LLC}",evidenceOfInsurance,Evidence of Insurance,6ac20aae-5728-5d57-b364-aeba38527dba,Additional Requirements,2cdd866f-c9a4-576a-afd8-1d045762790c,"The location must be listed as: 400, 424 NW Platte Valley Drive, Riverside, MO, 64150",,matchOnce,must be present,,Present,compliant,Block Requirements,,,true,1,,2026-08-16
"Block Real Estate Services, LLC",69fdf76e62446148bd8573ef,69fded1862446148bd848eb3,Johnson Granite Supply Inc,69fdf05638cbea6b3a68f4ea,"kci282 - Platte Valley Industrial Center 2 {Platte Valley Investment, LLC}",evidenceOfInsurance,Evidence of Insurance,6ac20aae-5728-5d57-b364-aeba38527dba,Additional Requirements,3649e9d1-4e09-59bf-8f30-cb33c40cf117,"Certificate Holder must read: c/o Block Real Estate Services, LLC, 4622 Pennsylvania St., Suite 700, Kansas City, MO, 64112",,matchOnce,must be present,,Present,compliant,Block Requirements,,,true,1,,2026-08-16
"Block Real Estate Services, LLC",69fdf76e62446148bd8573ab,69fded2162446148bd849198,"Sports Rehab and Physical Therapy Associates, Inc. (sublease from Kansas City Bone & Joint)",69fdf00503a2257cd27dd397,"cm1756 - Corporate Medical Plaza I {CMP Building I, LLC}",evidenceOfInsurance,Evidence of Insurance,commercialGeneralLiability,Commercial General Liability,evidenceOfInsuranceCommercialGeneralLiabilityCoverageTriggerOccurrence,Coverage Trigger: Occurrence,,matchOnce,must be present,,Present,compliant,Block Requirements,,,false,1,,2026-08-16
"Block Real Estate Services, LLC",69fdf76e62446148bd8573ab,69fded2162446148bd849198,"Sports Rehab and Physical Therapy Associates, Inc. (sublease from Kansas City Bone & Joint)",69fdf00503a2257cd27dd397,"cm1756 - Corporate Medical Plaza I {CMP Building I, LLC}",evidenceOfInsurance,Evidence of Insurance,commercialGeneralLiability,Commercial General Liability,evidenceOfInsuranceCommercialGeneralLiabilityGeneralAggregateLimitAppliesPerLocation,General Aggregate Limit Applies per: Location,,matchOnce,must be present,,Present,compliant,Block Requirements,,,false,1,,2026-08-16
"Block Real Estate Services, LLC",69fdf76e62446148bd8573ab,69fded2162446148bd849198,"Sports Rehab and Physical Therapy Associates, Inc. (sublease from Kansas City Bone & Joint)",69fdf00503a2257cd27dd397,"cm1756 - Corporate Medical Plaza I {CMP Building I, LLC}",evidenceOfInsurance,Evidence of Insurance,commercialGeneralLiability,Commercial General Liability,evidenceOfInsuranceCommercialGeneralLiabilityEachOccurrence,Each Occurrence,,matchOnce,must be greater or equal to,1000000,2000000,compliant,Block Requirements,,,false,1,,2026-08-16
"Block Real Estate Services, LLC",69fdf76e62446148bd8573ab,69fded2162446148bd849198,"Sports Rehab and Physical Therapy Associates, Inc. (sublease from Kansas City Bone & Joint)",69fdf00503a2257cd27dd397,"cm1756 - Corporate Medical Plaza I {CMP Building I, LLC}",evidenceOfInsurance,Evidence of Insurance,commercialGeneralLiability,Commercial General Liability,evidenceOfInsuranceCommercialGeneralLiabilityGeneralAggregate,General Aggregate,,matchOnce,must be greater or equal to,2000000,4000000,compliant,Block Requirements,,,false,1,,2026-08-16
"Block Real Estate Services, LLC",69fdf76e62446148bd8573ab,69fded2162446148bd849198,"Sports Rehab and Physical Therapy Associates, Inc. (sublease from Kansas City Bone & Joint)",69fdf00503a2257cd27dd397,"cm1756 - Corporate Medical Plaza I {CMP Building I, LLC}",evidenceOfInsurance,Evidence of Insurance,commercialGeneralLiability,Commercial General Liability,evidenceOfInsuranceCommercialGeneralLiabilityWaiverOfSubrogationEndorsement,Waiver of Subrogation,"---prompt---
Determine if the insurer has waived their right of subrogation in favor of the certificate holder under the Commercial General Liability policy. Evidence may include: a checked ""Waiver of Subrogation"" box on the certificate, mention in the Description of Operations section stating ""waiver of subrogation applies"", or reference to form CG 24 04. Look for language like ""subrogation is waived"" or ""per written contract"".",matchOnce,must be present,,Present,compliant,Block Requirements,,,false,1,,2026-08-16
"Block Real Estate Services, LLC",69fdf76e62446148bd8573ab,69fded2162446148bd849198,"Sports Rehab and Physical Therapy Associates, Inc. (sublease from Kansas City Bone & Joint)",69fdf00503a2257cd27dd397,"cm1756 - Corporate Medical Plaza I {CMP Building I, LLC}",evidenceOfInsurance,Evidence of Insurance,excessOrUmbrellaLiability,Umbrella/Excess Liability,evidenceOfInsuranceExcessOrUmbrellaLiabilityOccurence,Coverage Trigger: Occurrence,,matchOnce,must be present,,,overridden,Block Requirements,,,false,0,,2026-08-16
"Block Real Estate Services, LLC",69fdf76e62446148bd8573ab,69fded2162446148bd849198,"Sports Rehab and Physical Therapy Associates, Inc. (sublease from Kansas City Bone & Joint)",69fdf00503a2257cd27dd397,"cm1756 - Corporate Medical Plaza I {CMP Building I, LLC}",evidenceOfInsurance,Evidence of Insurance,excessOrUmbrellaLiability,Umbrella/Excess Liability,evidenceOfInsuranceExcessOrUmbrellaLiabilityEachOccurrence,Each Occurrence,,matchOnce,must be greater or equal to,1000000,,overridden,Block Requirements,,,false,0,,2026-08-16
"Block Real Estate Services, LLC",69fdf76e62446148bd8573ab,69fded2162446148bd849198,"Sports Rehab and Physical Therapy Associates, Inc. (sublease from Kansas City Bone & Joint)",69fdf00503a2257cd27dd397,"cm1756 - Corporate Medical Plaza I {CMP Building I, LLC}",evidenceOfInsurance,Evidence of Insurance,excessOrUmbrellaLiability,Umbrella/Excess Liability,evidenceOfInsuranceExcessOrUmbrellaLiabilityAggregate,Aggregate,,matchOnce,must be greater or equal to,1000000,,overridden,Block Requirements,,,false,0,,2026-08-16
"Block Real Estate Services, LLC",69fdf76e62446148bd8573ab,69fded2162446148bd849198,"Sports Rehab and Physical Therapy Associates, Inc. (sublease from Kansas City Bone & Joint)",69fdf00503a2257cd27dd397,"cm1756 - Corporate Medical Plaza I {CMP Building I, LLC}",evidenceOfInsurance,Evidence of Insurance,workersCompensation,Workers' Compensation and Employer's Liability,evidenceOfInsuranceWorkersCompensationStatutoryLimits,Statutory Limits,,matchOnce,must be present,,Present,compliant,Block Requirements,,,false,1,,2026-08-16
"Block Real Estate Services, LLC",69fdf76e62446148bd8573ab,69fded2162446148bd849198,"Sports Rehab and Physical Therapy Associates, Inc. (sublease from Kansas City Bone & Joint)",69fdf00503a2257cd27dd397,"cm1756 - Corporate Medical Plaza I {CMP Building I, LLC}",evidenceOfInsurance,Evidence of Insurance,workersCompensation,Workers' Compensation and Employer's Liability,evidenceOfInsuranceWorkersCompensationEmployersLiabilityEachAccident,Employer's Liability Each Accident,,matchOnce,must be greater or equal to,500000,500000,compliant,Block Requirements,,,false,1,,2026-08-16
"Block Real Estate Services, LLC",69fdf76e62446148bd8573ab,69fded2162446148bd849198,"Sports Rehab and Physical Therapy Associates, Inc. (sublease from Kansas City Bone & Joint)",69fdf00503a2257cd27dd397,"cm1756 - Corporate Medical Plaza I {CMP Building I, LLC}",evidenceOfInsurance,Evidence of Insurance,workersCompensation,Workers' Compensation and Employer's Liability,evidenceOfInsuranceWorkersCompensationEmployersLiabilityDiseaseEachEmployee,Employer's Liability Disease - each employee,,matchOnce,must be greater or equal to,500000,500000,compliant,Block Requirements,,,false,1,,2026-08-16
"Block Real Estate Services, LLC",69fdf76e62446148bd8573ab,69fded2162446148bd849198,"Sports Rehab and Physical Therapy Associates, Inc. (sublease from Kansas City Bone & Joint)",69fdf00503a2257cd27dd397,"cm1756 - Corporate Medical Plaza I {CMP Building I, LLC}",evidenceOfInsurance,Evidence of Insurance,workersCompensation,Workers' Compensation and Employer's Liability,evidenceOfInsuranceWorkersCompensationEmployersLiabilityDiseasePolicyLimit,Employer's Liability Disease - policy limit,,matchOnce,must be greater or equal to,500000,500000,compliant,Block Requirements,,,false,1,,2026-08-16
"Block Real Estate Services, LLC",69fdf76e62446148bd8573ab,69fded2162446148bd849198,"Sports Rehab and Physical Therapy Associates, Inc. (sublease from Kansas City Bone & Joint)",69fdf00503a2257cd27dd397,"cm1756 - Corporate Medical Plaza I {CMP Building I, LLC}",evidenceOfInsurance,Evidence of Insurance,workersCompensation,Workers' Compensation and Employer's Liability,evidenceOfInsuranceWorkersCompensationWaiverOfSubrogationEndorsement,Waiver of Subrogation,"---prompt---
Determine if the insurer has waived their right of subrogation in favor of the certificate holder under the Workers' Compensation policy. Evidence may include: a checked ""Waiver of Subrogation"" box on the certificate, mention in the Description of Operations section stating ""waiver of subrogation applies"", or reference to form WC 00 03 13. Look for language like ""subrogation is waived"" or ""per written contract"".",matchOnce,must be present,,Present,compliant,Block Requirements,,,false,1,,2026-08-16
"Block Real Estate Services, LLC",69fdf76e62446148bd8573ab,69fded2162446148bd849198,"Sports Rehab and Physical Therapy Associates, Inc. (sublease from Kansas City Bone & Joint)",69fdf00503a2257cd27dd397,"cm1756 - Corporate Medical Plaza I {CMP Building I, LLC}",evidenceOfInsurance,Evidence of Insurance,6ac20aae-5728-5d57-b364-aeba38527dba,Additional Requirements,4da5b0f1-4c9d-5885-8cf8-5d3cccaed3e0,"Block Real Estate Services, LLC and all others required by contract are named as Additional Insureds","---prompt---
Determine if the Description of Operations or the Additional Remarks Schedule section states the ""Additional Insured as Construction Management, Inc. and all others required by contract"" or reference to blanket additional insured coverage. Look for language like ""certificate holder is additional insured"" or ""per written contract"".",matchOnce,must be present,,Present,compliant,Block Requirements,,,true,1,,2026-08-16
"Block Real Estate Services, LLC",69fdf76e62446148bd8573ab,69fded2162446148bd849198,"Sports Rehab and Physical Therapy Associates, Inc. (sublease from Kansas City Bone & Joint)",69fdf00503a2257cd27dd397,"cm1756 - Corporate Medical Plaza I {CMP Building I, LLC}",evidenceOfInsurance,Evidence of Insurance,6ac20aae-5728-5d57-b364-aeba38527dba,Additional Requirements,e1017741-e47e-5f58-97b8-fbc3043e919f,Umbrella follows form over General Liability,"---prompt---
Determine if the Umbrella/Excess Liability policy follows form to the underlying policies. Evidence may include: language in the Description of Operations section stating the umbrella follows form to underlying coverages or an additional page endorsement stating that it follows form. Follow form means the umbrella policy adopts the same terms, conditions, and exclusions as the underlying policies.",matchOnce,must be present,,,overridden,Block Requirements,Umbrella requirement waived,,true,0,2027-01-15,2026-08-16
"Block Real Estate Services, LLC",69fdf76e62446148bd8573ab,69fded2162446148bd849198,"Sports Rehab and Physical Therapy Associates, Inc. (sublease from Kansas City Bone & Joint)",69fdf00503a2257cd27dd397,"cm1756 - Corporate Medical Plaza I {CMP Building I, LLC}",evidenceOfInsurance,Evidence of Insurance,6ac20aae-5728-5d57-b364-aeba38527dba,Additional Requirements,2cdd866f-c9a4-576a-afd8-1d045762790c,"The location must be listed as: 10701 Nall Avenue, Suite 130, Overland Park, KS, 66211",,matchOnce,must be present,,Present,compliant,Block Requirements,,,true,1,,2026-08-16
"Block Real Estate Services, LLC",69fdf76e62446148bd8573ab,69fded2162446148bd849198,"Sports Rehab and Physical Therapy Associates, Inc. (sublease from Kansas City Bone & Joint)",69fdf00503a2257cd27dd397,"cm1756 - Corporate Medical Plaza I {CMP Building I, LLC}",evidenceOfInsurance,Evidence of Insurance,6ac20aae-5728-5d57-b364-aeba38527dba,Additional Requirements,3649e9d1-4e09-59bf-8f30-cb33c40cf117,"Certificate Holder must read: c/o Block Real Estate Services, LLC, 4622 Pennsylvania St., Suite 700, Kansas City, MO, 64112",,matchOnce,must be present,,Present,compliant,Block Requirements,,,true,1,,2026-08-16
"Block Real Estate Services, LLC",69fdf76e62446148bd8573a9,69fded1862446148bd848ec5,Kansas City Bone & Joint Clinic,69fdf00503a2257cd27dd397,"cm1756 - Corporate Medical Plaza I {CMP Building I, LLC}",evidenceOfInsurance,Evidence of Insurance,commercialGeneralLiability,Commercial General Liability,evidenceOfInsuranceCommercialGeneralLiabilityCoverageTriggerOccurrence,Coverage Trigger: Occurrence,,matchOnce,must be present,,Present,compliant,Block Requirements,,,false,1,,2026-08-16
"Block Real Estate Services, LLC",69fdf76e62446148bd8573a9,69fded1862446148bd848ec5,Kansas City Bone & Joint Clinic,69fdf00503a2257cd27dd397,"cm1756 - Corporate Medical Plaza I {CMP Building I, LLC}",evidenceOfInsurance,Evidence of Insurance,commercialGeneralLiability,Commercial General Liability,evidenceOfInsuranceCommercialGeneralLiabilityGeneralAggregateLimitAppliesPerLocation,General Aggregate Limit Applies per: Location,,matchOnce,must be present,,,non_compliant,Block Requirements,,,false,0,,2026-08-16
"Block Real Estate Services, LLC",69fdf76e62446148bd8573a9,69fded1862446148bd848ec5,Kansas City Bone & Joint Clinic,69fdf00503a2257cd27dd397,"cm1756 - Corporate Medical Plaza I {CMP Building I, LLC}",evidenceOfInsurance,Evidence of Insurance,commercialGeneralLiability,Commercial General Liability,evidenceOfInsuranceCommercialGeneralLiabilityEachOccurrence,Each Occurrence,,matchOnce,must be greater or equal to,1000000,1000000,compliant,Block Requirements,,,false,1,,2026-08-16
"Block Real Estate Services, LLC",69fdf76e62446148bd8573a9,69fded1862446148bd848ec5,Kansas City Bone & Joint Clinic,69fdf00503a2257cd27dd397,"cm1756 - Corporate Medical Plaza I {CMP Building I, LLC}",evidenceOfInsurance,Evidence of Insurance,commercialGeneralLiability,Commercial General Liability,evidenceOfInsuranceCommercialGeneralLiabilityGeneralAggregate,General Aggregate,,matchOnce,must be greater or equal to,2000000,2000000,compliant,Block Requirements,,,false,1,,2026-08-16
"Block Real Estate Services, LLC",69fdf76e62446148bd8573a9,69fded1862446148bd848ec5,Kansas City Bone & Joint Clinic,69fdf00503a2257cd27dd397,"cm1756 - Corporate Medical Plaza I {CMP Building I, LLC}",evidenceOfInsurance,Evidence of Insurance,commercialGeneralLiability,Commercial General Liability,evidenceOfInsuranceCommercialGeneralLiabilityWaiverOfSubrogationEndorsement,Waiver of Subrogation,"---prompt---
Determine if the insurer has waived their right of subrogation in favor of the certificate holder under the Commercial General Liability policy. Evidence may include: a checked ""Waiver of Subrogation"" box on the certificate, mention in the Description of Operations section stating ""waiver of subrogation applies"", or reference to form CG 24 04. Look for language like ""subrogation is waived"" or ""per written contract"".",matchOnce,must be present,,Present,compliant,Block Requirements,,,false,1,,2026-08-16
"Block Real Estate Services, LLC",69fdf76e62446148bd8573a9,69fded1862446148bd848ec5,Kansas City Bone & Joint Clinic,69fdf00503a2257cd27dd397,"cm1756 - Corporate Medical Plaza I {CMP Building I, LLC}",evidenceOfInsurance,Evidence of Insurance,excessOrUmbrellaLiability,Umbrella/Excess Liability,evidenceOfInsuranceExcessOrUmbrellaLiabilityOccurence,Coverage Trigger: Occurrence,,matchOnce,must be present,,Present,compliant,Block Requirements,,,false,1,,2026-08-16
"Block Real Estate Services, LLC",69fdf76e62446148bd8573a9,69fded1862446148bd848ec5,Kansas City Bone & Joint Clinic,69fdf00503a2257cd27dd397,"cm1756 - Corporate Medical Plaza I {CMP Building I, LLC}",evidenceOfInsurance,Evidence of Insurance,excessOrUmbrellaLiability,Umbrella/Excess Liability,evidenceOfInsuranceExcessOrUmbrellaLiabilityEachOccurrence,Each Occurrence,,matchOnce,must be greater or equal to,1000000,5000000,compliant,Block Requirements,,,false,1,,2026-08-16
"Block Real Estate Services, LLC",69fdf76e62446148bd8573a9,69fded1862446148bd848ec5,Kansas City Bone & Joint Clinic,69fdf00503a2257cd27dd397,"cm1756 - Corporate Medical Plaza I {CMP Building I, LLC}",evidenceOfInsurance,Evidence of Insurance,excessOrUmbrellaLiability,Umbrella/Excess Liability,evidenceOfInsuranceExcessOrUmbrellaLiabilityAggregate,Aggregate,,matchOnce,must be greater or equal to,1000000,5000000,compliant,Block Requirements,,,false,1,,2026-08-16
"Block Real Estate Services, LLC",69fdf76e62446148bd8573a9,69fded1862446148bd848ec5,Kansas City Bone & Joint Clinic,69fdf00503a2257cd27dd397,"cm1756 - Corporate Medical Plaza I {CMP Building I, LLC}",evidenceOfInsurance,Evidence of Insurance,workersCompensation,Workers' Compensation and Employer's Liability,evidenceOfInsuranceWorkersCompensationStatutoryLimits,Statutory Limits,,matchOnce,must be present,,,non_compliant,Block Requirements,,,false,0,,2026-08-16
"Block Real Estate Services, LLC",69fdf76e62446148bd8573a9,69fded1862446148bd848ec5,Kansas City Bone & Joint Clinic,69fdf00503a2257cd27dd397,"cm1756 - Corporate Medical Plaza I {CMP Building I, LLC}",evidenceOfInsurance,Evidence of Insurance,workersCompensation,Workers' Compensation and Employer's Liability,evidenceOfInsuranceWorkersCompensationEmployersLiabilityEachAccident,Employer's Liability Each Accident,,matchOnce,must be greater or equal to,500000,,non_compliant,Block Requirements,,,false,0,,2026-08-16
"Block Real Estate Services, LLC",69fdf76e62446148bd8573a9,69fded1862446148bd848ec5,Kansas City Bone & Joint Clinic,69fdf00503a2257cd27dd397,"cm1756 - Corporate Medical Plaza I {CMP Building I, LLC}",evidenceOfInsurance,Evidence of Insurance,workersCompensation,Workers' Compensation and Employer's Liability,evidenceOfInsuranceWorkersCompensationEmployersLiabilityDiseaseEachEmployee,Employer's Liability Disease - each employee,,matchOnce,must be greater or equal to,500000,,non_compliant,Block Requirements,,,false,0,,2026-08-16
"Block Real Estate Services, LLC",69fdf76e62446148bd8573a9,69fded1862446148bd848ec5,Kansas City Bone & Joint Clinic,69fdf00503a2257cd27dd397,"cm1756 - Corporate Medical Plaza I {CMP Building I, LLC}",evidenceOfInsurance,Evidence of Insurance,workersCompensation,Workers' Compensation and Employer's Liability,evidenceOfInsuranceWorkersCompensationEmployersLiabilityDiseasePolicyLimit,Employer's Liability Disease - policy limit,,matchOnce,must be greater or equal to,500000,,non_compliant,Block Requirements,,,false,0,,2026-08-16
"Block Real Estate Services, LLC",69fdf76e62446148bd8573a9,69fded1862446148bd848ec5,Kansas City Bone & Joint Clinic,69fdf00503a2257cd27dd397,"cm1756 - Corporate Medical Plaza I {CMP Building I, LLC}",evidenceOfInsurance,Evidence of Insurance,workersCompensation,Workers' Compensation and Employer's Liability,evidenceOfInsuranceWorkersCompensationWaiverOfSubrogationEndorsement,Waiver of Subrogation,"---prompt---
Determine if the insurer has waived their right of subrogation in favor of the certificate holder under the Workers' Compensation policy. Evidence may include: a checked ""Waiver of Subrogation"" box on the certificate, mention in the Description of Operations section stating ""waiver of subrogation applies"", or reference to form WC 00 03 13. Look for language like ""subrogation is waived"" or ""per written contract"".",matchOnce,must be present,,,non_compliant,Block Requirements,,,false,0,,2026-08-16
"Block Real Estate Services, LLC",69fdf76e62446148bd8573a9,69fded1862446148bd848ec5,Kansas City Bone & Joint Clinic,69fdf00503a2257cd27dd397,"cm1756 - Corporate Medical Plaza I {CMP Building I, LLC}",evidenceOfInsurance,Evidence of Insurance,6ac20aae-5728-5d57-b364-aeba38527dba,Additional Requirements,4da5b0f1-4c9d-5885-8cf8-5d3cccaed3e0,"Block Real Estate Services, LLC and all others required by contract are named as Additional Insureds","---prompt---
Determine if the Description of Operations or the Additional Remarks Schedule section states the ""Additional Insured as Construction Management, Inc. and all others required by contract"" or reference to blanket additional insured coverage. Look for language like ""certificate holder is additional insured"" or ""per written contract"".",matchOnce,must be present,,,non_compliant,Block Requirements,,,true,0,,2026-08-16
"Block Real Estate Services, LLC",69fdf76e62446148bd8573a9,69fded1862446148bd848ec5,Kansas City Bone & Joint Clinic,69fdf00503a2257cd27dd397,"cm1756 - Corporate Medical Plaza I {CMP Building I, LLC}",evidenceOfInsurance,Evidence of Insurance,6ac20aae-5728-5d57-b364-aeba38527dba,Additional Requirements,e1017741-e47e-5f58-97b8-fbc3043e919f,Umbrella follows form over General Liability,"---prompt---
Determine if the Umbrella/Excess Liability policy follows form to the underlying policies. Evidence may include: language in the Description of Operations section stating the umbrella follows form to underlying coverages or an additional page endorsement stating that it follows form. Follow form means the umbrella policy adopts the same terms, conditions, and exclusions as the underlying policies.",matchOnce,must be present,,,non_compliant,Block Requirements,,,true,0,,2026-08-16
"Block Real Estate Services, LLC",69fdf76e62446148bd8573a9,69fded1862446148bd848ec5,Kansas City Bone & Joint Clinic,69fdf00503a2257cd27dd397,"cm1756 - Corporate Medical Plaza I {CMP Building I, LLC}",evidenceOfInsurance,Evidence of Insurance,6ac20aae-5728-5d57-b364-aeba38527dba,Additional Requirements,2cdd866f-c9a4-576a-afd8-1d045762790c,"The location must be listed as: 10701 Nall Avenue, Suite 200, Overland Park, KS, 66211",,matchOnce,must be present,,,non_compliant,Block Requirements,,,true,0,,2026-08-16
"Block Real Estate Services, LLC",69fdf76e62446148bd8573a9,69fded1862446148bd848ec5,Kansas City Bone & Joint Clinic,69fdf00503a2257cd27dd397,"cm1756 - Corporate Medical Plaza I {CMP Building I, LLC}",evidenceOfInsurance,Evidence of Insurance,6ac20aae-5728-5d57-b364-aeba38527dba,Additional Requirements,3649e9d1-4e09-59bf-8f30-cb33c40cf117,"Certificate Holder must read: c/o Block Real Estate Services, LLC, 4622 Pennsylvania St., Suite 700, Kansas City, MO, 64112",,matchOnce,must be present,,,non_compliant,Block Requirements,,,true,0,,2026-08-16
"Block Real Estate Services, LLC",69fdf76e62446148bd8573aa,69fded1862446148bd848ece,Kansas City Urology Care,69fdf00503a2257cd27dd397,"cm1756 - Corporate Medical Plaza I {CMP Building I, LLC}",evidenceOfInsurance,Evidence of Insurance,commercialGeneralLiability,Commercial General Liability,evidenceOfInsuranceCommercialGeneralLiabilityCoverageTriggerOccurrence,Coverage Trigger: Occurrence,,matchOnce,must be present,,Present,compliant,Block Requirements,,,false,2,,2026-08-16
"Block Real Estate Services, LLC",69fdf76e62446148bd8573aa,69fded1862446148bd848ece,Kansas City Urology Care,69fdf00503a2257cd27dd397,"cm1756 - Corporate Medical Plaza I {CMP Building I, LLC}",evidenceOfInsurance,Evidence of Insurance,commercialGeneralLiability,Commercial General Liability,evidenceOfInsuranceCommercialGeneralLiabilityGeneralAggregateLimitAppliesPerLocation,General Aggregate Limit Applies per: Location,,matchOnce,must be present,,,waived,Block Requirements,"Waived ""Per Location"" CGL requirement per client approval (Brittney Ringhouse - 26-06-18). CGL Per Policy limits acceptable for this tenant on permanent basis.",,false,0,,2026-08-16
"Block Real Estate Services, LLC",69fdf76e62446148bd8573aa,69fded1862446148bd848ece,Kansas City Urology Care,69fdf00503a2257cd27dd397,"cm1756 - Corporate Medical Plaza I {CMP Building I, LLC}",evidenceOfInsurance,Evidence of Insurance,commercialGeneralLiability,Commercial General Liability,evidenceOfInsuranceCommercialGeneralLiabilityEachOccurrence,Each Occurrence,,matchOnce,must be greater or equal to,1000000,1000000,compliant,Block Requirements,,,false,2,,2026-08-16
"Block Real Estate Services, LLC",69fdf76e62446148bd8573aa,69fded1862446148bd848ece,Kansas City Urology Care,69fdf00503a2257cd27dd397,"cm1756 - Corporate Medical Plaza I {CMP Building I, LLC}",evidenceOfInsurance,Evidence of Insurance,commercialGeneralLiability,Commercial General Liability,evidenceOfInsuranceCommercialGeneralLiabilityGeneralAggregate,General Aggregate,,matchOnce,must be greater or equal to,2000000,2000000,compliant,Block Requirements,,,false,2,,2026-08-16
"Block Real Estate Services, LLC",69fdf76e62446148bd8573aa,69fded1862446148bd848ece,Kansas City Urology Care,69fdf00503a2257cd27dd397,"cm1756 - Corporate Medical Plaza I {CMP Building I, LLC}",evidenceOfInsurance,Evidence of Insurance,commercialGeneralLiability,Commercial General Liability,evidenceOfInsuranceCommercialGeneralLiabilityWaiverOfSubrogationEndorsement,Waiver of Subrogation,"---prompt---
Determine if the insurer has waived their right of subrogation in favor of the certificate holder under the Commercial General Liability policy. Evidence may include: a checked ""Waiver of Subrogation"" box on the certificate, mention in the Description of Operations section stating ""waiver of subrogation applies"", or reference to form CG 24 04. Look for language like ""subrogation is waived"" or ""per written contract"".",matchOnce,must be present,,Present,compliant,Block Requirements,,,false,2,,2026-08-16
"Block Real Estate Services, LLC",69fdf76e62446148bd8573aa,69fded1862446148bd848ece,Kansas City Urology Care,69fdf00503a2257cd27dd397,"cm1756 - Corporate Medical Plaza I {CMP Building I, LLC}",evidenceOfInsurance,Evidence of Insurance,excessOrUmbrellaLiability,Umbrella/Excess Liability,evidenceOfInsuranceExcessOrUmbrellaLiabilityOccurence,Coverage Trigger: Occurrence,,matchOnce,must be present,,Present,compliant,Block Requirements,,,false,2,,2026-08-16
"Block Real Estate Services, LLC",69fdf76e62446148bd8573aa,69fded1862446148bd848ece,Kansas City Urology Care,69fdf00503a2257cd27dd397,"cm1756 - Corporate Medical Plaza I {CMP Building I, LLC}",evidenceOfInsurance,Evidence of Insurance,excessOrUmbrellaLiability,Umbrella/Excess Liability,evidenceOfInsuranceExcessOrUmbrellaLiabilityEachOccurrence,Each Occurrence,,matchOnce,must be greater or equal to,1000000,2000000,compliant,Block Requirements,,,false,2,,2026-08-16
"Block Real Estate Services, LLC",69fdf76e62446148bd8573aa,69fded1862446148bd848ece,Kansas City Urology Care,69fdf00503a2257cd27dd397,"cm1756 - Corporate Medical Plaza I {CMP Building I, LLC}",evidenceOfInsurance,Evidence of Insurance,excessOrUmbrellaLiability,Umbrella/Excess Liability,evidenceOfInsuranceExcessOrUmbrellaLiabilityAggregate,Aggregate,,matchOnce,must be greater or equal to,1000000,2000000,compliant,Block Requirements,,,false,2,,2026-08-16
"Block Real Estate Services, LLC",69fdf76e62446148bd8573aa,69fded1862446148bd848ece,Kansas City Urology Care,69fdf00503a2257cd27dd397,"cm1756 - Corporate Medical Plaza I {CMP Building I, LLC}",evidenceOfInsurance,Evidence of Insurance,workersCompensation,Workers' Compensation and Employer's Liability,evidenceOfInsuranceWorkersCompensationStatutoryLimits,Statutory Limits,,matchOnce,must be present,,Present,compliant,Block Requirements,,,false,2,,2026-08-16
"Block Real Estate Services, LLC",69fdf76e62446148bd8573aa,69fded1862446148bd848ece,Kansas City Urology Care,69fdf00503a2257cd27dd397,"cm1756 - Corporate Medical Plaza I {CMP Building I, LLC}",evidenceOfInsurance,Evidence of Insurance,workersCompensation,Workers' Compensation and Employer's Liability,evidenceOfInsuranceWorkersCompensationEmployersLiabilityEachAccident,Employer's Liability Each Accident,,matchOnce,must be greater or equal to,500000,500000,compliant,Block Requirements,,,false,2,,2026-08-16
"Block Real Estate Services, LLC",69fdf76e62446148bd8573aa,69fded1862446148bd848ece,Kansas City Urology Care,69fdf00503a2257cd27dd397,"cm1756 - Corporate Medical Plaza I {CMP Building I, LLC}",evidenceOfInsurance,Evidence of Insurance,workersCompensation,Workers' Compensation and Employer's Liability,evidenceOfInsuranceWorkersCompensationEmployersLiabilityDiseaseEachEmployee,Employer's Liability Disease - each employee,,matchOnce,must be greater or equal to,500000,500000,compliant,Block Requirements,,,false,2,,2026-08-16
"Block Real Estate Services, LLC",69fdf76e62446148bd8573aa,69fded1862446148bd848ece,Kansas City Urology Care,69fdf00503a2257cd27dd397,"cm1756 - Corporate Medical Plaza I {CMP Building I, LLC}",evidenceOfInsurance,Evidence of Insurance,workersCompensation,Workers' Compensation and Employer's Liability,evidenceOfInsuranceWorkersCompensationEmployersLiabilityDiseasePolicyLimit,Employer's Liability Disease - policy limit,,matchOnce,must be greater or equal to,500000,500000,compliant,Block Requirements,,,false,2,,2026-08-16
"Block Real Estate Services, LLC",69fdf76e62446148bd8573aa,69fded1862446148bd848ece,Kansas City Urology Care,69fdf00503a2257cd27dd397,"cm1756 - Corporate Medical Plaza I {CMP Building I, LLC}",evidenceOfInsurance,Evidence of Insurance,workersCompensation,Workers' Compensation and Employer's Liability,evidenceOfInsuranceWorkersCompensationWaiverOfSubrogationEndorsement,Waiver of Subrogation,"---prompt---
Determine if the insurer has waived their right of subrogation in favor of the certificate holder under the Workers' Compensation policy. Evidence may include: a checked ""Waiver of Subrogation"" box on the certificate, mention in the Description of Operations section stating ""waiver of subrogation applies"", or reference to form WC 00 03 13. Look for language like ""subrogation is waived"" or ""per written contract"".",matchOnce,must be present,,Present,compliant,Block Requirements,,,false,2,,2026-08-16
"Block Real Estate Services, LLC",69fdf76e62446148bd8573aa,69fded1862446148bd848ece,Kansas City Urology Care,69fdf00503a2257cd27dd397,"cm1756 - Corporate Medical Plaza I {CMP Building I, LLC}",evidenceOfInsurance,Evidence of Insurance,6ac20aae-5728-5d57-b364-aeba38527dba,Additional Requirements,4da5b0f1-4c9d-5885-8cf8-5d3cccaed3e0,"Block Real Estate Services, LLC and all others required by contract are named as Additional Insureds","---prompt---
Determine if the Description of Operations or the Additional Remarks Schedule section states the ""Additional Insured as Construction Management, Inc. and all others required by contract"" or reference to blanket additional insured coverage. Look for language like ""certificate holder is additional insured"" or ""per written contract"".",matchOnce,must be present,,Present,compliant,Block Requirements,,,true,2,,2026-08-16
"Block Real Estate Services, LLC",69fdf76e62446148bd8573aa,69fded1862446148bd848ece,Kansas City Urology Care,69fdf00503a2257cd27dd397,"cm1756 - Corporate Medical Plaza I {CMP Building I, LLC}",evidenceOfInsurance,Evidence of Insurance,6ac20aae-5728-5d57-b364-aeba38527dba,Additional Requirements,e1017741-e47e-5f58-97b8-fbc3043e919f,Umbrella follows form over General Liability,"---prompt---
Determine if the Umbrella/Excess Liability policy follows form to the underlying policies. Evidence may include: language in the Description of Operations section stating the umbrella follows form to underlying coverages or an additional page endorsement stating that it follows form. Follow form means the umbrella policy adopts the same terms, conditions, and exclusions as the underlying policies.",matchOnce,must be present,,Present,compliant,Block Requirements,,,true,2,,2026-08-16
"Block Real Estate Services, LLC",69fdf76e62446148bd8573aa,69fded1862446148bd848ece,Kansas City Urology Care,69fdf00503a2257cd27dd397,"cm1756 - Corporate Medical Plaza I {CMP Building I, LLC}",evidenceOfInsurance,Evidence of Insurance,6ac20aae-5728-5d57-b364-aeba38527dba,Additional Requirements,2cdd866f-c9a4-576a-afd8-1d045762790c,"The location must be listed as: 10701 Nall Avenue, Suite 100, 110, Overland Park, KS, 66211",,matchOnce,must be present,,Present,compliant,Block Requirements,,,true,2,,2026-08-16
"Block Real Estate Services, LLC",69fdf76e62446148bd8573aa,69fded1862446148bd848ece,Kansas City Urology Care,69fdf00503a2257cd27dd397,"cm1756 - Corporate Medical Plaza I {CMP Building I, LLC}",evidenceOfInsurance,Evidence of Insurance,6ac20aae-5728-5d57-b364-aeba38527dba,Additional Requirements,3649e9d1-4e09-59bf-8f30-cb33c40cf117,"Certificate Holder must read: c/o Block Real Estate Services, LLC, 4622 Pennsylvania St., Suite 700, Kansas City, MO, 64112",,matchOnce,must be present,,Present,compliant,Block Requirements,,,true,2,,2026-08-16
"Block Real Estate Services, LLC",6a18558fa1ec98c09c961d98,6a1855835a886bcac1362a47,"Sheldon Fleishman, DPM, PA",69fdf00503a2257cd27dd397,"cm1756 - Corporate Medical Plaza I {CMP Building I, LLC}",evidenceOfInsurance,Evidence of Insurance,commercialGeneralLiability,Commercial General Liability,evidenceOfInsuranceCommercialGeneralLiabilityCoverageTriggerOccurrence,Coverage Trigger: Occurrence,,matchOnce,must be present,,,non_compliant,Block Requirements,,,false,0,,2026-08-16
"Block Real Estate Services, LLC",6a18558fa1ec98c09c961d98,6a1855835a886bcac1362a47,"Sheldon Fleishman, DPM, PA",69fdf00503a2257cd27dd397,"cm1756 - Corporate Medical Plaza I {CMP Building I, LLC}",evidenceOfInsurance,Evidence of Insurance,commercialGeneralLiability,Commercial General Liability,evidenceOfInsuranceCommercialGeneralLiabilityGeneralAggregateLimitAppliesPerLocation,General Aggregate Limit Applies per: Location,,matchOnce,must be present,,,non_compliant,Block Requirements,,,false,0,,2026-08-16
"Block Real Estate Services, LLC",6a18558fa1ec98c09c961d98,6a1855835a886bcac1362a47,"Sheldon Fleishman, DPM, PA",69fdf00503a2257cd27dd397,"cm1756 - Corporate Medical Plaza I {CMP Building I, LLC}",evidenceOfInsurance,Evidence of Insurance,commercialGeneralLiability,Commercial General Liability,evidenceOfInsuranceCommercialGeneralLiabilityEachOccurrence,Each Occurrence,,matchOnce,must be greater or equal to,1000000,,non_compliant,Block Requirements,,,false,0,,2026-08-16
"Block Real Estate Services, LLC",6a18558fa1ec98c09c961d98,6a1855835a886bcac1362a47,"Sheldon Fleishman, DPM, PA",69fdf00503a2257cd27dd397,"cm1756 - Corporate Medical Plaza I {CMP Building I, LLC}",evidenceOfInsurance,Evidence of Insurance,commercialGeneralLiability,Commercial General Liability,evidenceOfInsuranceCommercialGeneralLiabilityGeneralAggregate,General Aggregate,,matchOnce,must be greater or equal to,2000000,,non_compliant,Block Requirements,,,false,0,,2026-08-16
"Block Real Estate Services, LLC",6a18558fa1ec98c09c961d98,6a1855835a886bcac1362a47,"Sheldon Fleishman, DPM, PA",69fdf00503a2257cd27dd397,"cm1756 - Corporate Medical Plaza I {CMP Building I, LLC}",evidenceOfInsurance,Evidence of Insurance,commercialGeneralLiability,Commercial General Liability,evidenceOfInsuranceCommercialGeneralLiabilityWaiverOfSubrogationEndorsement,Waiver of Subrogation,"---prompt---
Determine if the insurer has waived their right of subrogation in favor of the certificate holder under the Commercial General Liability policy. Evidence may include: a checked ""Waiver of Subrogation"" box on the certificate, mention in the Description of Operations section stating ""waiver of subrogation applies"", or reference to form CG 24 04. Look for language like ""subrogation is waived"" or ""per written contract"".",matchOnce,must be present,,,non_compliant,Block Requirements,,,false,0,,2026-08-16
"Block Real Estate Services, LLC",6a18558fa1ec98c09c961d98,6a1855835a886bcac1362a47,"Sheldon Fleishman, DPM, PA",69fdf00503a2257cd27dd397,"cm1756 - Corporate Medical Plaza I {CMP Building I, LLC}",evidenceOfInsurance,Evidence of Insurance,excessOrUmbrellaLiability,Umbrella/Excess Liability,evidenceOfInsuranceExcessOrUmbrellaLiabilityOccurence,Coverage Trigger: Occurrence,,matchOnce,must be present,,,non_compliant,Block Requirements,,,false,0,,2026-08-16
"Block Real Estate Services, LLC",6a18558fa1ec98c09c961d98,6a1855835a886bcac1362a47,"Sheldon Fleishman, DPM, PA",69fdf00503a2257cd27dd397,"cm1756 - Corporate Medical Plaza I {CMP Building I, LLC}",evidenceOfInsurance,Evidence of Insurance,excessOrUmbrellaLiability,Umbrella/Excess Liability,evidenceOfInsuranceExcessOrUmbrellaLiabilityEachOccurrence,Each Occurrence,,matchOnce,must be greater or equal to,1000000,,non_compliant,Block Requirements,,,false,0,,2026-08-16
"Block Real Estate Services, LLC",6a18558fa1ec98c09c961d98,6a1855835a886bcac1362a47,"Sheldon Fleishman, DPM, PA",69fdf00503a2257cd27dd397,"cm1756 - Corporate Medical Plaza I {CMP Building I, LLC}",evidenceOfInsurance,Evidence of Insurance,excessOrUmbrellaLiability,Umbrella/Excess Liability,evidenceOfInsuranceExcessOrUmbrellaLiabilityAggregate,Aggregate,,matchOnce,must be greater or equal to,1000000,,non_compliant,Block Requirements,,,false,0,,2026-08-16
"Block Real Estate Services, LLC",6a18558fa1ec98c09c961d98,6a1855835a886bcac1362a47,"Sheldon Fleishman, DPM, PA",69fdf00503a2257cd27dd397,"cm1756 - Corporate Medical Plaza I {CMP Building I, LLC}",evidenceOfInsurance,Evidence of Insurance,workersCompensation,Workers' Compensation and Employer's Liability,evidenceOfInsuranceWorkersCompensationStatutoryLimits,Statutory Limits,,matchOnce,must be present,,,non_compliant,Block Requirements,,,false,0,,2026-08-16
"Block Real Estate Services, LLC",6a18558fa1ec98c09c961d98,6a1855835a886bcac1362a47,"Sheldon Fleishman, DPM, PA",69fdf00503a2257cd27dd397,"cm1756 - Corporate Medical Plaza I {CMP Building I, LLC}",evidenceOfInsurance,Evidence of Insurance,workersCompensation,Workers' Compensation and Employer's Liability,evidenceOfInsuranceWorkersCompensationEmployersLiabilityEachAccident,Employer's Liability Each Accident,,matchOnce,must be greater or equal to,500000,,non_compliant,Block Requirements,,,false,0,,2026-08-16
"Block Real Estate Services, LLC",6a18558fa1ec98c09c961d98,6a1855835a886bcac1362a47,"Sheldon Fleishman, DPM, PA",69fdf00503a2257cd27dd397,"cm1756 - Corporate Medical Plaza I {CMP Building I, LLC}",evidenceOfInsurance,Evidence of Insurance,workersCompensation,Workers' Compensation and Employer's Liability,evidenceOfInsuranceWorkersCompensationEmployersLiabilityDiseaseEachEmployee,Employer's Liability Disease - each employee,,matchOnce,must be greater or equal to,500000,,non_compliant,Block Requirements,,,false,0,,2026-08-16
"Block Real Estate Services, LLC",6a18558fa1ec98c09c961d98,6a1855835a886bcac1362a47,"Sheldon Fleishman, DPM, PA",69fdf00503a2257cd27dd397,"cm1756 - Corporate Medical Plaza I {CMP Building I, LLC}",evidenceOfInsurance,Evidence of Insurance,workersCompensation,Workers' Compensation and Employer's Liability,evidenceOfInsuranceWorkersCompensationEmployersLiabilityDiseasePolicyLimit,Employer's Liability Disease - policy limit,,matchOnce,must be greater or equal to,500000,,non_compliant,Block Requirements,,,false,0,,2026-08-16
"Block Real Estate Services, LLC",6a18558fa1ec98c09c961d98,6a1855835a886bcac1362a47,"Sheldon Fleishman, DPM, PA",69fdf00503a2257cd27dd397,"cm1756 - Corporate Medical Plaza I {CMP Building I, LLC}",evidenceOfInsurance,Evidence of Insurance,workersCompensation,Workers' Compensation and Employer's Liability,evidenceOfInsuranceWorkersCompensationWaiverOfSubrogationEndorsement,Waiver of Subrogation,"---prompt---
Determine if the insurer has waived their right of subrogation in favor of the certificate holder under the Workers' Compensation policy. Evidence may include: a checked ""Waiver of Subrogation"" box on the certificate, mention in the Description of Operations section stating ""waiver of subrogation applies"", or reference to form WC 00 03 13. Look for language like ""subrogation is waived"" or ""per written contract"".",matchOnce,must be present,,,non_compliant,Block Requirements,,,false,0,,2026-08-16
"Block Real Estate Services, LLC",6a18558fa1ec98c09c961d98,6a1855835a886bcac1362a47,"Sheldon Fleishman, DPM, PA",69fdf00503a2257cd27dd397,"cm1756 - Corporate Medical Plaza I {CMP Building I, LLC}",evidenceOfInsurance,Evidence of Insurance,6ac20aae-5728-5d57-b364-aeba38527dba,Additional Requirements,4da5b0f1-4c9d-5885-8cf8-5d3cccaed3e0,"Block Real Estate Services, LLC and all others required by contract are named as Additional Insureds","---prompt---
Determine if the Description of Operations or the Additional Remarks Schedule section states the ""Additional Insured as Construction Management, Inc. and all others required by contract"" or reference to blanket additional insured coverage. Look for language like ""certificate holder is additional insured"" or ""per written contract"".",matchOnce,must be present,,,non_compliant,Block Requirements,,,true,0,,2026-08-16
"Block Real Estate Services, LLC",6a18558fa1ec98c09c961d98,6a1855835a886bcac1362a47,"Sheldon Fleishman, DPM, PA",69fdf00503a2257cd27dd397,"cm1756 - Corporate Medical Plaza I {CMP Building I, LLC}",evidenceOfInsurance,Evidence of Insurance,6ac20aae-5728-5d57-b364-aeba38527dba,Additional Requirements,e1017741-e47e-5f58-97b8-fbc3043e919f,Umbrella follows form over General Liability,"---prompt---
Determine if the Umbrella/Excess Liability policy follows form to the underlying policies. Evidence may include: language in the Description of Operations section stating the umbrella follows form to underlying coverages or an additional page endorsement stating that it follows form. Follow form means the umbrella policy adopts the same terms, conditions, and exclusions as the underlying policies.",matchOnce,must be present,,,non_compliant,Block Requirements,,,true,0,,2026-08-16
"Block Real Estate Services, LLC",6a18558fa1ec98c09c961d98,6a1855835a886bcac1362a47,"Sheldon Fleishman, DPM, PA",69fdf00503a2257cd27dd397,"cm1756 - Corporate Medical Plaza I {CMP Building I, LLC}",evidenceOfInsurance,Evidence of Insurance,6ac20aae-5728-5d57-b364-aeba38527dba,Additional Requirements,2cdd866f-c9a4-576a-afd8-1d045762790c,"The location must be listed as: 10701 Nall Avenue, Suite 120, Overland Park, KS, 66211",,matchOnce,must be present,,,non_compliant,Block Requirements,,,true,0,,2026-08-16
"Block Real Estate Services, LLC",6a18558fa1ec98c09c961d98,6a1855835a886bcac1362a47,"Sheldon Fleishman, DPM, PA",69fdf00503a2257cd27dd397,"cm1756 - Corporate Medical Plaza I {CMP Building I, LLC}",evidenceOfInsurance,Evidence of Insurance,6ac20aae-5728-5d57-b364-aeba38527dba,Additional Requirements,3649e9d1-4e09-59bf-8f30-cb33c40cf117,"Certificate Holder must read: c/o Block Real Estate Services, LLC, 4622 Pennsylvania St., Suite 700, Kansas City, MO, 64112",,matchOnce,must be present,,,non_compliant,Block Requirements,,,true,0,,2026-08-16
"Block Real Estate Services, LLC",69fdf74a62446148bd854b28,69fded1862446148bd848ed1,"Kansas City Urology Care, PA",69fdef1a3b208288e0a799c2,"3rd237 - Interstate Business Park Building 4 {2025 Wilshire Werbo, LLC}",evidenceOfInsurance,Evidence of Insurance,commercialGeneralLiability,Commercial General Liability,evidenceOfInsuranceCommercialGeneralLiabilityCoverageTriggerOccurrence,Coverage Trigger: Occurrence,,matchOnce,must be present,,Present,compliant,Block Requirements,,,false,2,,2026-08-16
"Block Real Estate Services, LLC",69fdf74a62446148bd854b28,69fded1862446148bd848ed1,"Kansas City Urology Care, PA",69fdef1a3b208288e0a799c2,"3rd237 - Interstate Business Park Building 4 {2025 Wilshire Werbo, LLC}",evidenceOfInsurance,Evidence of Insurance,commercialGeneralLiability,Commercial General Liability,evidenceOfInsuranceCommercialGeneralLiabilityGeneralAggregateLimitAppliesPerLocation,General Aggregate Limit Applies per: Location,,matchOnce,must be present,,,waived,Block Requirements,"Waived ""Per Location"" CGL requirement per client approval (Brittney Ringhouse - 26-06-18). CGL Per Policy limits acceptable for this tenant on permanent basis.",,false,0,,2026-08-16
"Block Real Estate Services, LLC",69fdf74a62446148bd854b28,69fded1862446148bd848ed1,"Kansas City Urology Care, PA",69fdef1a3b208288e0a799c2,"3rd237 - Interstate Business Park Building 4 {2025 Wilshire Werbo, LLC}",evidenceOfInsurance,Evidence of Insurance,commercialGeneralLiability,Commercial General Liability,evidenceOfInsuranceCommercialGeneralLiabilityEachOccurrence,Each Occurrence,,matchOnce,must be greater or equal to,1000000,1000000,compliant,Block Requirements,,,false,2,,2026-08-16
"Block Real Estate Services, LLC",69fdf74a62446148bd854b28,69fded1862446148bd848ed1,"Kansas City Urology Care, PA",69fdef1a3b208288e0a799c2,"3rd237 - Interstate Business Park Building 4 {2025 Wilshire Werbo, LLC}",evidenceOfInsurance,Evidence of Insurance,commercialGeneralLiability,Commercial General Liability,evidenceOfInsuranceCommercialGeneralLiabilityGeneralAggregate,General Aggregate,,matchOnce,must be greater or equal to,2000000,2000000,compliant,Block Requirements,,,false,2,,2026-08-16
"Block Real Estate Services, LLC",69fdf74a62446148bd854b28,69fded1862446148bd848ed1,"Kansas City Urology Care, PA",69fdef1a3b208288e0a799c2,"3rd237 - Interstate Business Park Building 4 {2025 Wilshire Werbo, LLC}",evidenceOfInsurance,Evidence of Insurance,commercialGeneralLiability,Commercial General Liability,evidenceOfInsuranceCommercialGeneralLiabilityWaiverOfSubrogationEndorsement,Waiver of Subrogation,"---prompt---
Determine if the insurer has waived their right of subrogation in favor of the certificate holder under the Commercial General Liability policy. Evidence may include: a checked ""Waiver of Subrogation"" box on the certificate, mention in the Description of Operations section stating ""waiver of subrogation applies"", or reference to form CG 24 04. Look for language like ""subrogation is waived"" or ""per written contract"".",matchOnce,must be present,,Present,compliant,Block Requirements,,,false,2,,2026-08-16
"Block Real Estate Services, LLC",69fdf74a62446148bd854b28,69fded1862446148bd848ed1,"Kansas City Urology Care, PA",69fdef1a3b208288e0a799c2,"3rd237 - Interstate Business Park Building 4 {2025 Wilshire Werbo, LLC}",evidenceOfInsurance,Evidence of Insurance,excessOrUmbrellaLiability,Umbrella/Excess Liability,evidenceOfInsuranceExcessOrUmbrellaLiabilityOccurence,Coverage Trigger: Occurrence,,matchOnce,must be present,,Present,compliant,Block Requirements,,,false,2,,2026-08-16
"Block Real Estate Services, LLC",69fdf74a62446148bd854b28,69fded1862446148bd848ed1,"Kansas City Urology Care, PA",69fdef1a3b208288e0a799c2,"3rd237 - Interstate Business Park Building 4 {2025 Wilshire Werbo, LLC}",evidenceOfInsurance,Evidence of Insurance,excessOrUmbrellaLiability,Umbrella/Excess Liability,evidenceOfInsuranceExcessOrUmbrellaLiabilityEachOccurrence,Each Occurrence,,matchOnce,must be greater or equal to,1000000,2000000,compliant,Block Requirements,,,false,2,,2026-08-16
"Block Real Estate Services, LLC",69fdf74a62446148bd854b28,69fded1862446148bd848ed1,"Kansas City Urology Care, PA",69fdef1a3b208288e0a799c2,"3rd237 - Interstate Business Park Building 4 {2025 Wilshire Werbo, LLC}",evidenceOfInsurance,Evidence of Insurance,excessOrUmbrellaLiability,Umbrella/Excess Liability,evidenceOfInsuranceExcessOrUmbrellaLiabilityAggregate,Aggregate,,matchOnce,must be greater or equal to,1000000,2000000,compliant,Block Requirements,,,false,2,,2026-08-16
"Block Real Estate Services, LLC",69fdf74a62446148bd854b28,69fded1862446148bd848ed1,"Kansas City Urology Care, PA",69fdef1a3b208288e0a799c2,"3rd237 - Interstate Business Park Building 4 {2025 Wilshire Werbo, LLC}",evidenceOfInsurance,Evidence of Insurance,workersCompensation,Workers' Compensation and Employer's Liability,evidenceOfInsuranceWorkersCompensationStatutoryLimits,Statutory Limits,,matchOnce,must be present,,Present,compliant,Block Requirements,,,false,2,,2026-08-16
"Block Real Estate Services, LLC",69fdf74a62446148bd854b28,69fded1862446148bd848ed1,"Kansas City Urology Care, PA",69fdef1a3b208288e0a799c2,"3rd237 - Interstate Business Park Building 4 {2025 Wilshire Werbo, LLC}",evidenceOfInsurance,Evidence of Insurance,workersCompensation,Workers' Compensation and Employer's Liability,evidenceOfInsuranceWorkersCompensationEmployersLiabilityEachAccident,Employer's Liability Each Accident,,matchOnce,must be greater or equal to,500000,500000,compliant,Block Requirements,,,false,2,,2026-08-16
"Block Real Estate Services, LLC",69fdf74a62446148bd854b28,69fded1862446148bd848ed1,"Kansas City Urology Care, PA",69fdef1a3b208288e0a799c2,"3rd237 - Interstate Business Park Building 4 {2025 Wilshire Werbo, LLC}",evidenceOfInsurance,Evidence of Insurance,workersCompensation,Workers' Compensation and Employer's Liability,evidenceOfInsuranceWorkersCompensationEmployersLiabilityDiseaseEachEmployee,Employer's Liability Disease - each employee,,matchOnce,must be greater or equal to,500000,500000,compliant,Block Requirements,,,false,2,,2026-08-16
"Block Real Estate Services, LLC",69fdf74a62446148bd854b28,69fded1862446148bd848ed1,"Kansas City Urology Care, PA",69fdef1a3b208288e0a799c2,"3rd237 - Interstate Business Park Building 4 {2025 Wilshire Werbo, LLC}",evidenceOfInsurance,Evidence of Insurance,workersCompensation,Workers' Compensation and Employer's Liability,evidenceOfInsuranceWorkersCompensationEmployersLiabilityDiseasePolicyLimit,Employer's Liability Disease - policy limit,,matchOnce,must be greater or equal to,500000,500000,compliant,Block Requirements,,,false,2,,2026-08-16
"Block Real Estate Services, LLC",69fdf74a62446148bd854b28,69fded1862446148bd848ed1,"Kansas City Urology Care, PA",69fdef1a3b208288e0a799c2,"3rd237 - Interstate Business Park Building 4 {2025 Wilshire Werbo, LLC}",evidenceOfInsurance,Evidence of Insurance,workersCompensation,Workers' Compensation and Employer's Liability,evidenceOfInsuranceWorkersCompensationWaiverOfSubrogationEndorsement,Waiver of Subrogation,"---prompt---
Determine if the insurer has waived their right of subrogation in favor of the certificate holder under the Workers' Compensation policy. Evidence may include: a checked ""Waiver of Subrogation"" box on the certificate, mention in the Description of Operations section stating ""waiver of subrogation applies"", or reference to form WC 00 03 13. Look for language like ""subrogation is waived"" or ""per written contract"".",matchOnce,must be present,,Present,compliant,Block Requirements,,,false,2,,2026-08-16
"Block Real Estate Services, LLC",69fdf74a62446148bd854b28,69fded1862446148bd848ed1,"Kansas City Urology Care, PA",69fdef1a3b208288e0a799c2,"3rd237 - Interstate Business Park Building 4 {2025 Wilshire Werbo, LLC}",evidenceOfInsurance,Evidence of Insurance,6ac20aae-5728-5d57-b364-aeba38527dba,Additional Requirements,4da5b0f1-4c9d-5885-8cf8-5d3cccaed3e0,"Block Real Estate Services, LLC and all others required by contract are named as Additional Insureds","---prompt---
Determine if the Description of Operations or the Additional Remarks Schedule section states the ""Additional Insured as Construction Management, Inc. and all others required by contract"" or reference to blanket additional insured coverage. Look for language like ""certificate holder is additional insured"" or ""per written contract"".",matchOnce,must be present,,Present,compliant,Block Requirements,,,true,2,,2026-08-16
"Block Real Estate Services, LLC",69fdf74a62446148bd854b28,69fded1862446148bd848ed1,"Kansas City Urology Care, PA",69fdef1a3b208288e0a799c2,"3rd237 - Interstate Business Park Building 4 {2025 Wilshire Werbo, LLC}",evidenceOfInsurance,Evidence of Insurance,6ac20aae-5728-5d57-b364-aeba38527dba,Additional Requirements,e1017741-e47e-5f58-97b8-fbc3043e919f,Umbrella follows form over General Liability,"---prompt---
Determine if the Umbrella/Excess Liability policy follows form to the underlying policies. Evidence may include: language in the Description of Operations section stating the umbrella follows form to underlying coverages or an additional page endorsement stating that it follows form. Follow form means the umbrella policy adopts the same terms, conditions, and exclusions as the underlying policies.",matchOnce,must be present,,Present,compliant,Block Requirements,,,true,2,,2026-08-16
"Block Real Estate Services, LLC",69fdf74a62446148bd854b28,69fded1862446148bd848ed1,"Kansas City Urology Care, PA",69fdef1a3b208288e0a799c2,"3rd237 - Interstate Business Park Building 4 {2025 Wilshire Werbo, LLC}",evidenceOfInsurance,Evidence of Insurance,6ac20aae-5728-5d57-b364-aeba38527dba,Additional Requirements,2cdd866f-c9a4-576a-afd8-1d045762790c,"The location must be listed as: 8551 Bluejacket Street, Lenexa, KS, 66214",,matchOnce,must be present,,Present,compliant,Block Requirements,,,true,2,,2026-08-16
"Block Real Estate Services, LLC",69fdf74a62446148bd854b28,69fded1862446148bd848ed1,"Kansas City Urology Care, PA",69fdef1a3b208288e0a799c2,"3rd237 - Interstate Business Park Building 4 {2025 Wilshire Werbo, LLC}",evidenceOfInsurance,Evidence of Insurance,6ac20aae-5728-5d57-b364-aeba38527dba,Additional Requirements,3649e9d1-4e09-59bf-8f30-cb33c40cf117,"Certificate Holder must read: c/o Block Real Estate Services, LLC, 4622 Pennsylvania St., Suite 700, Kansas City, MO, 64112",,matchOnce,must be present,,Present,compliant,Block Requirements,,,true,2,,2026-08-16
"Block Real Estate Services, LLC",69fdf74a62446148bd854b29,69fded1962446148bd848f31,"Workforce Partnership / Local Workforce Investment Area, III (Vacating 5/31/26)",69fdef1a3b208288e0a799c2,"3rd237 - Interstate Business Park Building 4 {2025 Wilshire Werbo, LLC}",evidenceOfInsurance,Evidence of Insurance,commercialGeneralLiability,Commercial General Liability,evidenceOfInsuranceCommercialGeneralLiabilityCoverageTriggerOccurrence,Coverage Trigger: Occurrence,,matchOnce,must be present,,,non_compliant,Block Requirements,,,false,0,,2026-08-16
"Block Real Estate Services, LLC",69fdf74a62446148bd854b29,69fded1962446148bd848f31,"Workforce Partnership / Local Workforce Investment Area, III (Vacating 5/31/26)",69fdef1a3b208288e0a799c2,"3rd237 - Interstate Business Park Building 4 {2025 Wilshire Werbo, LLC}",evidenceOfInsurance,Evidence of Insurance,commercialGeneralLiability,Commercial General Liability,evidenceOfInsuranceCommercialGeneralLiabilityGeneralAggregateLimitAppliesPerLocation,General Aggregate Limit Applies per: Location,,matchOnce,must be present,,,non_compliant,Block Requirements,,,false,0,,2026-08-16
"Block Real Estate Services, LLC",69fdf74a62446148bd854b29,69fded1962446148bd848f31,"Workforce Partnership / Local Workforce Investment Area, III (Vacating 5/31/26)",69fdef1a3b208288e0a799c2,"3rd237 - Interstate Business Park Building 4 {2025 Wilshire Werbo, LLC}",evidenceOfInsurance,Evidence of Insurance,commercialGeneralLiability,Commercial General Liability,evidenceOfInsuranceCommercialGeneralLiabilityEachOccurrence,Each Occurrence,,matchOnce,must be greater or equal to,1000000,,non_compliant,Block Requirements,,,false,0,,2026-08-16
"Block Real Estate Services, LLC",69fdf74a62446148bd854b29,69fded1962446148bd848f31,"Workforce Partnership / Local Workforce Investment Area, III (Vacating 5/31/26)",69fdef1a3b208288e0a799c2,"3rd237 - Interstate Business Park Building 4 {2025 Wilshire Werbo, LLC}",evidenceOfInsurance,Evidence of Insurance,commercialGeneralLiability,Commercial General Liability,evidenceOfInsuranceCommercialGeneralLiabilityGeneralAggregate,General Aggregate,,matchOnce,must be greater or equal to,2000000,,non_compliant,Block Requirements,,,false,0,,2026-08-16
"Block Real Estate Services, LLC",69fdf74a62446148bd854b29,69fded1962446148bd848f31,"Workforce Partnership / Local Workforce Investment Area, III (Vacating 5/31/26)",69fdef1a3b208288e0a799c2,"3rd237 - Interstate Business Park Building 4 {2025 Wilshire Werbo, LLC}",evidenceOfInsurance,Evidence of Insurance,commercialGeneralLiability,Commercial General Liability,evidenceOfInsuranceCommercialGeneralLiabilityWaiverOfSubrogationEndorsement,Waiver of Subrogation,"---prompt---
Determine if the insurer has waived their right of subrogation in favor of the certificate holder under the Commercial General Liability policy. Evidence may include: a checked ""Waiver of Subrogation"" box on the certificate, mention in the Description of Operations section stating ""waiver of subrogation applies"", or reference to form CG 24 04. Look for language like ""subrogation is waived"" or ""per written contract"".",matchOnce,must be present,,,non_compliant,Block Requirements,,,false,0,,2026-08-16
"Block Real Estate Services, LLC",69fdf74a62446148bd854b29,69fded1962446148bd848f31,"Workforce Partnership / Local Workforce Investment Area, III (Vacating 5/31/26)",69fdef1a3b208288e0a799c2,"3rd237 - Interstate Business Park Building 4 {2025 Wilshire Werbo, LLC}",evidenceOfInsurance,Evidence of Insurance,excessOrUmbrellaLiability,Umbrella/Excess Liability,evidenceOfInsuranceExcessOrUmbrellaLiabilityOccurence,Coverage Trigger: Occurrence,,matchOnce,must be present,,,non_compliant,Block Requirements,,,false,0,,2026-08-16
"Block Real Estate Services, LLC",69fdf74a62446148bd854b29,69fded1962446148bd848f31,"Workforce Partnership / Local Workforce Investment Area, III (Vacating 5/31/26)",69fdef1a3b208288e0a799c2,"3rd237 - Interstate Business Park Building 4 {2025 Wilshire Werbo, LLC}",evidenceOfInsurance,Evidence of Insurance,excessOrUmbrellaLiability,Umbrella/Excess Liability,evidenceOfInsuranceExcessOrUmbrellaLiabilityEachOccurrence,Each Occurrence,,matchOnce,must be greater or equal to,1000000,,non_compliant,Block Requirements,,,false,0,,2026-08-16
"Block Real Estate Services, LLC",69fdf74a62446148bd854b29,69fded1962446148bd848f31,"Workforce Partnership / Local Workforce Investment Area, III (Vacating 5/31/26)",69fdef1a3b208288e0a799c2,"3rd237 - Interstate Business Park Building 4 {2025 Wilshire Werbo, LLC}",evidenceOfInsurance,Evidence of Insurance,excessOrUmbrellaLiability,Umbrella/Excess Liability,evidenceOfInsuranceExcessOrUmbrellaLiabilityAggregate,Aggregate,,matchOnce,must be greater or equal to,1000000,,non_compliant,Block Requirements,,,false,0,,2026-08-16
"Block Real Estate Services, LLC",69fdf74a62446148bd854b29,69fded1962446148bd848f31,"Workforce Partnership / Local Workforce Investment Area, III (Vacating 5/31/26)",69fdef1a3b208288e0a799c2,"3rd237 - Interstate Business Park Building 4 {2025 Wilshire Werbo, LLC}",evidenceOfInsurance,Evidence of Insurance,workersCompensation,Workers' Compensation and Employer's Liability,evidenceOfInsuranceWorkersCompensationStatutoryLimits,Statutory Limits,,matchOnce,must be present,,,non_compliant,Block Requirements,,,false,0,,2026-08-16
"Block Real Estate Services, LLC",69fdf74a62446148bd854b29,69fded1962446148bd848f31,"Workforce Partnership / Local Workforce Investment Area, III (Vacating 5/31/26)",69fdef1a3b208288e0a799c2,"3rd237 - Interstate Business Park Building 4 {2025 Wilshire Werbo, LLC}",evidenceOfInsurance,Evidence of Insurance,workersCompensation,Workers' Compensation and Employer's Liability,evidenceOfInsuranceWorkersCompensationEmployersLiabilityEachAccident,Employer's Liability Each Accident,,matchOnce,must be greater or equal to,500000,,non_compliant,Block Requirements,,,false,0,,2026-08-16
"Block Real Estate Services, LLC",69fdf74a62446148bd854b29,69fded1962446148bd848f31,"Workforce Partnership / Local Workforce Investment Area, III (Vacating 5/31/26)",69fdef1a3b208288e0a799c2,"3rd237 - Interstate Business Park Building 4 {2025 Wilshire Werbo, LLC}",evidenceOfInsurance,Evidence of Insurance,workersCompensation,Workers' Compensation and Employer's Liability,evidenceOfInsuranceWorkersCompensationEmployersLiabilityDiseaseEachEmployee,Employer's Liability Disease - each employee,,matchOnce,must be greater or equal to,500000,,non_compliant,Block Requirements,,,false,0,,2026-08-16
"Block Real Estate Services, LLC",69fdf74a62446148bd854b29,69fded1962446148bd848f31,"Workforce Partnership / Local Workforce Investment Area, III (Vacating 5/31/26)",69fdef1a3b208288e0a799c2,"3rd237 - Interstate Business Park Building 4 {2025 Wilshire Werbo, LLC}",evidenceOfInsurance,Evidence of Insurance,workersCompensation,Workers' Compensation and Employer's Liability,evidenceOfInsuranceWorkersCompensationEmployersLiabilityDiseasePolicyLimit,Employer's Liability Disease - policy limit,,matchOnce,must be greater or equal to,500000,,non_compliant,Block Requirements,,,false,0,,2026-08-16
"Block Real Estate Services, LLC",69fdf74a62446148bd854b29,69fded1962446148bd848f31,"Workforce Partnership / Local Workforce Investment Area, III (Vacating 5/31/26)",69fdef1a3b208288e0a799c2,"3rd237 - Interstate Business Park Building 4 {2025 Wilshire Werbo, LLC}",evidenceOfInsurance,Evidence of Insurance,workersCompensation,Workers' Compensation and Employer's Liability,evidenceOfInsuranceWorkersCompensationWaiverOfSubrogationEndorsement,Waiver of Subrogation,"---prompt---
Determine if the insurer has waived their right of subrogation in favor of the certificate holder under the Workers' Compensation policy. Evidence may include: a checked ""Waiver of Subrogation"" box on the certificate, mention in the Description of Operations section stating ""waiver of subrogation applies"", or reference to form WC 00 03 13. Look for language like ""subrogation is waived"" or ""per written contract"".",matchOnce,must be present,,,non_compliant,Block Requirements,,,false,0,,2026-08-16
"Block Real Estate Services, LLC",69fdf74a62446148bd854b29,69fded1962446148bd848f31,"Workforce Partnership / Local Workforce Investment Area, III (Vacating 5/31/26)",69fdef1a3b208288e0a799c2,"3rd237 - Interstate Business Park Building 4 {2025 Wilshire Werbo, LLC}",evidenceOfInsurance,Evidence of Insurance,6ac20aae-5728-5d57-b364-aeba38527dba,Additional Requirements,4da5b0f1-4c9d-5885-8cf8-5d3cccaed3e0,"Block Real Estate Services, LLC and all others required by contract are named as Additional Insureds","---prompt---
Determine if the Description of Operations or the Additional Remarks Schedule section states the ""Additional Insured as Construction Management, Inc. and all others required by contract"" or reference to blanket additional insured coverage. Look for language like ""certificate holder is additional insured"" or ""per written contract"".",matchOnce,must be present,,,non_compliant,Block Requirements,,,true,0,,2026-08-16
"Block Real Estate Services, LLC",69fdf74a62446148bd854b29,69fded1962446148bd848f31,"Workforce Partnership / Local Workforce Investment Area, III (Vacating 5/31/26)",69fdef1a3b208288e0a799c2,"3rd237 - Interstate Business Park Building 4 {2025 Wilshire Werbo, LLC}",evidenceOfInsurance,Evidence of Insurance,6ac20aae-5728-5d57-b364-aeba38527dba,Additional Requirements,e1017741-e47e-5f58-97b8-fbc3043e919f,Umbrella follows form over General Liability,"---prompt---
Determine if the Umbrella/Excess Liability policy follows form to the underlying policies. Evidence may include: language in the Description of Operations section stating the umbrella follows form to underlying coverages or an additional page endorsement stating that it follows form. Follow form means the umbrella policy adopts the same terms, conditions, and exclusions as the underlying policies.",matchOnce,must be present,,,non_compliant,Block Requirements,,,true,0,,2026-08-16
"Block Real Estate Services, LLC",69fdf74a62446148bd854b29,69fded1962446148bd848f31,"Workforce Partnership / Local Workforce Investment Area, III (Vacating 5/31/26)",69fdef1a3b208288e0a799c2,"3rd237 - Interstate Business Park Building 4 {2025 Wilshire Werbo, LLC}",evidenceOfInsurance,Evidence of Insurance,6ac20aae-5728-5d57-b364-aeba38527dba,Additional Requirements,2cdd866f-c9a4-576a-afd8-1d045762790c,"The location must be listed as: 8535 Bluejacket Street, Lenexa, KS, 66214",,matchOnce,must be present,,,non_compliant,Block Requirements,,,true,0,,2026-08-16
"Block Real Estate Services, LLC",69fdf74a62446148bd854b29,69fded1962446148bd848f31,"Workforce Partnership / Local Workforce Investment Area, III (Vacating 5/31/26)",69fdef1a3b208288e0a799c2,"3rd237 - Interstate Business Park Building 4 {2025 Wilshire Werbo, LLC}",evidenceOfInsurance,Evidence of Insurance,6ac20aae-5728-5d57-b364-aeba38527dba,Additional Requirements,3649e9d1-4e09-59bf-8f30-cb33c40cf117,"Certificate Holder must read: c/o Block Real Estate Services, LLC, 4622 Pennsylvania St., Suite 700, Kansas City, MO, 64112",,matchOnce,must be present,,,non_compliant,Block Requirements,,,true,0,,2026-08-16
"Block Real Estate Services, LLC",69fdf74a62446148bd854b2a,69fded2462446148bd849294,Vitas Healthcare Corporation Midwest,69fdef1a3b208288e0a799c2,"3rd237 - Interstate Business Park Building 4 {2025 Wilshire Werbo, LLC}",evidenceOfInsurance,Evidence of Insurance,commercialGeneralLiability,Commercial General Liability,evidenceOfInsuranceCommercialGeneralLiabilityCoverageTriggerOccurrence,Coverage Trigger: Occurrence,,matchOnce,must be present,,Present,compliant,Block Requirements,,,false,1,,2026-08-16
"Block Real Estate Services, LLC",69fdf74a62446148bd854b2a,69fded2462446148bd849294,Vitas Healthcare Corporation Midwest,69fdef1a3b208288e0a799c2,"3rd237 - Interstate Business Park Building 4 {2025 Wilshire Werbo, LLC}",evidenceOfInsurance,Evidence of Insurance,commercialGeneralLiability,Commercial General Liability,evidenceOfInsuranceCommercialGeneralLiabilityGeneralAggregateLimitAppliesPerLocation,General Aggregate Limit Applies per: Location,,matchOnce,must be present,,Present,compliant,Block Requirements,,,false,1,,2026-08-16
"Block Real Estate Services, LLC",69fdf74a62446148bd854b2a,69fded2462446148bd849294,Vitas Healthcare Corporation Midwest,69fdef1a3b208288e0a799c2,"3rd237 - Interstate Business Park Building 4 {2025 Wilshire Werbo, LLC}",evidenceOfInsurance,Evidence of Insurance,commercialGeneralLiability,Commercial General Liability,evidenceOfInsuranceCommercialGeneralLiabilityEachOccurrence,Each Occurrence,,matchOnce,must be greater or equal to,1000000,1000000,compliant,Block Requirements,,,false,1,,2026-08-16
"Block Real Estate Services, LLC",69fdf74a62446148bd854b2a,69fded2462446148bd849294,Vitas Healthcare Corporation Midwest,69fdef1a3b208288e0a799c2,"3rd237 - Interstate Business Park Building 4 {2025 Wilshire Werbo, LLC}",evidenceOfInsurance,Evidence of Insurance,commercialGeneralLiability,Commercial General Liability,evidenceOfInsuranceCommercialGeneralLiabilityGeneralAggregate,General Aggregate,,matchOnce,must be greater or equal to,2000000,3000000,compliant,Block Requirements,,,false,1,,2026-08-16
"Block Real Estate Services, LLC",69fdf74a62446148bd854b2a,69fded2462446148bd849294,Vitas Healthcare Corporation Midwest,69fdef1a3b208288e0a799c2,"3rd237 - Interstate Business Park Building 4 {2025 Wilshire Werbo, LLC}",evidenceOfInsurance,Evidence of Insurance,commercialGeneralLiability,Commercial General Liability,evidenceOfInsuranceCommercialGeneralLiabilityWaiverOfSubrogationEndorsement,Waiver of Subrogation,"---prompt---
Determine if the insurer has waived their right of subrogation in favor of the certificate holder under the Commercial General Liability policy. Evidence may include: a checked ""Waiver of Subrogation"" box on the certificate, mention in the Description of Operations section stating ""waiver of subrogation applies"", or reference to form CG 24 04. Look for language like ""subrogation is waived"" or ""per written contract"".",matchOnce,must be present,,,non_compliant,Block Requirements,,,false,0,,2026-08-16
"Block Real Estate Services, LLC",69fdf74a62446148bd854b2a,69fded2462446148bd849294,Vitas Healthcare Corporation Midwest,69fdef1a3b208288e0a799c2,"3rd237 - Interstate Business Park Building 4 {2025 Wilshire Werbo, LLC}",evidenceOfInsurance,Evidence of Insurance,excessOrUmbrellaLiability,Umbrella/Excess Liability,evidenceOfInsuranceExcessOrUmbrellaLiabilityOccurence,Coverage Trigger: Occurrence,,matchOnce,must be present,,,non_compliant,Block Requirements,,,false,0,,2026-08-16
"Block Real Estate Services, LLC",69fdf74a62446148bd854b2a,69fded2462446148bd849294,Vitas Healthcare Corporation Midwest,69fdef1a3b208288e0a799c2,"3rd237 - Interstate Business Park Building 4 {2025 Wilshire Werbo, LLC}",evidenceOfInsurance,Evidence of Insurance,excessOrUmbrellaLiability,Umbrella/Excess Liability,evidenceOfInsuranceExcessOrUmbrellaLiabilityEachOccurrence,Each Occurrence,,matchOnce,must be greater or equal to,1000000,5000000,compliant,Block Requirements,,,false,1,,2026-08-16
"Block Real Estate Services, LLC",69fdf74a62446148bd854b2a,69fded2462446148bd849294,Vitas Healthcare Corporation Midwest,69fdef1a3b208288e0a799c2,"3rd237 - Interstate Business Park Building 4 {2025 Wilshire Werbo, LLC}",evidenceOfInsurance,Evidence of Insurance,excessOrUmbrellaLiability,Umbrella/Excess Liability,evidenceOfInsuranceExcessOrUmbrellaLiabilityAggregate,Aggregate,,matchOnce,must be greater or equal to,1000000,5000000,compliant,Block Requirements,,,false,1,,2026-08-16
"Block Real Estate Services, LLC",69fdf74a62446148bd854b2a,69fded2462446148bd849294,Vitas Healthcare Corporation Midwest,69fdef1a3b208288e0a799c2,"3rd237 - Interstate Business Park Building 4 {2025 Wilshire Werbo, LLC}",evidenceOfInsurance,Evidence of Insurance,workersCompensation,Workers' Compensation and Employer's Liability,evidenceOfInsuranceWorkersCompensationStatutoryLimits,Statutory Limits,,matchOnce,must be present,,Present,compliant,Block Requirements,,,false,1,,2026-08-16
"Block Real Estate Services, LLC",69fdf74a62446148bd854b2a,69fded2462446148bd849294,Vitas Healthcare Corporation Midwest,69fdef1a3b208288e0a799c2,"3rd237 - Interstate Business Park Building 4 {2025 Wilshire Werbo, LLC}",evidenceOfInsurance,Evidence of Insurance,workersCompensation,Workers' Compensation and Employer's Liability,evidenceOfInsuranceWorkersCompensationEmployersLiabilityEachAccident,Employer's Liability Each Accident,,matchOnce,must be greater or equal to,500000,1000000,compliant,Block Requirements,,,false,1,,2026-08-16
"Block Real Estate Services, LLC",69fdf74a62446148bd854b2a,69fded2462446148bd849294,Vitas Healthcare Corporation Midwest,69fdef1a3b208288e0a799c2,"3rd237 - Interstate Business Park Building 4 {2025 Wilshire Werbo, LLC}",evidenceOfInsurance,Evidence of Insurance,workersCompensation,Workers' Compensation and Employer's Liability,evidenceOfInsuranceWorkersCompensationEmployersLiabilityDiseaseEachEmployee,Employer's Liability Disease - each employee,,matchOnce,must be greater or equal to,500000,1000000,compliant,Block Requirements,,,false,1,,2026-08-16
"Block Real Estate Services, LLC",69fdf74a62446148bd854b2a,69fded2462446148bd849294,Vitas Healthcare Corporation Midwest,69fdef1a3b208288e0a799c2,"3rd237 - Interstate Business Park Building 4 {2025 Wilshire Werbo, LLC}",evidenceOfInsurance,Evidence of Insurance,workersCompensation,Workers' Compensation and Employer's Liability,evidenceOfInsuranceWorkersCompensationEmployersLiabilityDiseasePolicyLimit,Employer's Liability Disease - policy limit,,matchOnce,must be greater or equal to,500000,1000000,compliant,Block Requirements,,,false,1,,2026-08-16
"Block Real Estate Services, LLC",69fdf74a62446148bd854b2a,69fded2462446148bd849294,Vitas Healthcare Corporation Midwest,69fdef1a3b208288e0a799c2,"3rd237 - Interstate Business Park Building 4 {2025 Wilshire Werbo, LLC}",evidenceOfInsurance,Evidence of Insurance,workersCompensation,Workers' Compensation and Employer's Liability,evidenceOfInsuranceWorkersCompensationWaiverOfSubrogationEndorsement,Waiver of Subrogation,"---prompt---
Determine if the insurer has waived their right of subrogation in favor of the certificate holder under the Workers' Compensation policy. Evidence may include: a checked ""Waiver of Subrogation"" box on the certificate, mention in the Description of Operations section stating ""waiver of subrogation applies"", or reference to form WC 00 03 13. Look for language like ""subrogation is waived"" or ""per written contract"".",matchOnce,must be present,,,non_compliant,Block Requirements,,,false,0,,2026-08-16
"Block Real Estate Services, LLC",69fdf74a62446148bd854b2a,69fded2462446148bd849294,Vitas Healthcare Corporation Midwest,69fdef1a3b208288e0a799c2,"3rd237 - Interstate Business Park Building 4 {2025 Wilshire Werbo, LLC}",evidenceOfInsurance,Evidence of Insurance,6ac20aae-5728-5d57-b364-aeba38527dba,Additional Requirements,4da5b0f1-4c9d-5885-8cf8-5d3cccaed3e0,"Block Real Estate Services, LLC and all others required by contract are named as Additional Insureds","---prompt---
Determine if the Description of Operations or the Additional Remarks Schedule section states the ""Additional Insured as Construction Management, Inc. and all others required by contract"" or reference to blanket additional insured coverage. Look for language like ""certificate holder is additional insured"" or ""per written contract"".",matchOnce,must be present,,,non_compliant,Block Requirements,,,true,0,,2026-08-16
"Block Real Estate Services, LLC",69fdf74a62446148bd854b2a,69fded2462446148bd849294,Vitas Healthcare Corporation Midwest,69fdef1a3b208288e0a799c2,"3rd237 - Interstate Business Park Building 4 {2025 Wilshire Werbo, LLC}",evidenceOfInsurance,Evidence of Insurance,6ac20aae-5728-5d57-b364-aeba38527dba,Additional Requirements,e1017741-e47e-5f58-97b8-fbc3043e919f,Umbrella follows form over General Liability,"---prompt---
Determine if the Umbrella/Excess Liability policy follows form to the underlying policies. Evidence may include: language in the Description of Operations section stating the umbrella follows form to underlying coverages or an additional page endorsement stating that it follows form. Follow form means the umbrella policy adopts the same terms, conditions, and exclusions as the underlying policies.",matchOnce,must be present,,,non_compliant,Block Requirements,,,true,0,,2026-08-16
"Block Real Estate Services, LLC",69fdf74a62446148bd854b2a,69fded2462446148bd849294,Vitas Healthcare Corporation Midwest,69fdef1a3b208288e0a799c2,"3rd237 - Interstate Business Park Building 4 {2025 Wilshire Werbo, LLC}",evidenceOfInsurance,Evidence of Insurance,6ac20aae-5728-5d57-b364-aeba38527dba,Additional Requirements,2cdd866f-c9a4-576a-afd8-1d045762790c,"The location must be listed as: 8527 Bluejacket Street, Lenexa, KS, 66214",,matchOnce,must be present,,,non_compliant,Block Requirements,,,true,0,,2026-08-16
"Block Real Estate Services, LLC",69fdf74a62446148bd854b2a,69fded2462446148bd849294,Vitas Healthcare Corporation Midwest,69fdef1a3b208288e0a799c2,"3rd237 - Interstate Business Park Building 4 {2025 Wilshire Werbo, LLC}",evidenceOfInsurance,Evidence of Insurance,6ac20aae-5728-5d57-b364-aeba38527dba,Additional Requirements,3649e9d1-4e09-59bf-8f30-cb33c40cf117,"Certificate Holder must read: c/o Block Real Estate Services, LLC, 4622 Pennsylvania St., Suite 700, Kansas City, MO, 64112",,matchOnce,must be present,,,non_compliant,Block Requirements,,,true,0,,2026-08-16
"Block Real Estate Services, LLC",69fdf7b562446148bd85c435,69fded1862446148bd848ed7,"Kansas Gas Co / ONE Gas, Inc",69fdf1bad3bfa5e4945e3941,"tic723 - 3737 Investors, LLC",evidenceOfInsurance,Evidence of Insurance,commercialGeneralLiability,Commercial General Liability,evidenceOfInsuranceCommercialGeneralLiabilityCoverageTriggerOccurrence,Coverage Trigger: Occurrence,,matchOnce,must be present,,Present,compliant,Block Requirements,,,false,1,,2026-08-16
"Block Real Estate Services, LLC",69fdf7b562446148bd85c435,69fded1862446148bd848ed7,"Kansas Gas Co / ONE Gas, Inc",69fdf1bad3bfa5e4945e3941,"tic723 - 3737 Investors, LLC",evidenceOfInsurance,Evidence of Insurance,commercialGeneralLiability,Commercial General Liability,evidenceOfInsuranceCommercialGeneralLiabilityGeneralAggregateLimitAppliesPerLocation,General Aggregate Limit Applies per: Location,,matchOnce,must be present,,,waived,Block Requirements,Per location waived approved by Eric Mann,,false,0,,2026-08-16
"Block Real Estate Services, LLC",69fdf7b562446148bd85c435,69fded1862446148bd848ed7,"Kansas Gas Co / ONE Gas, Inc",69fdf1bad3bfa5e4945e3941,"tic723 - 3737 Investors, LLC",evidenceOfInsurance,Evidence of Insurance,commercialGeneralLiability,Commercial General Liability,evidenceOfInsuranceCommercialGeneralLiabilityEachOccurrence,Each Occurrence,,matchOnce,must be greater or equal to,1000000,5000000,compliant,Block Requirements,,,false,1,,2026-08-16
"Block Real Estate Services, LLC",69fdf7b562446148bd85c435,69fded1862446148bd848ed7,"Kansas Gas Co / ONE Gas, Inc",69fdf1bad3bfa5e4945e3941,"tic723 - 3737 Investors, LLC",evidenceOfInsurance,Evidence of Insurance,commercialGeneralLiability,Commercial General Liability,evidenceOfInsuranceCommercialGeneralLiabilityGeneralAggregate,General Aggregate,,matchOnce,must be greater or equal to,2000000,10000000,compliant,Block Requirements,,,false,1,,2026-08-16
"Block Real Estate Services, LLC",69fdf7b562446148bd85c435,69fded1862446148bd848ed7,"Kansas Gas Co / ONE Gas, Inc",69fdf1bad3bfa5e4945e3941,"tic723 - 3737 Investors, LLC",evidenceOfInsurance,Evidence of Insurance,commercialGeneralLiability,Commercial General Liability,evidenceOfInsuranceCommercialGeneralLiabilityWaiverOfSubrogationEndorsement,Waiver of Subrogation,"---prompt---
Determine if the insurer has waived their right of subrogation in favor of the certificate holder under the Commercial General Liability policy. Evidence may include: a checked ""Waiver of Subrogation"" box on the certificate, mention in the Description of Operations section stating ""waiver of subrogation applies"", or reference to form CG 24 04. Look for language like ""subrogation is waived"" or ""per written contract"".",matchOnce,must be present,,Present,compliant,Block Requirements,,,false,1,,2026-08-16
"Block Real Estate Services, LLC",69fdf7b562446148bd85c435,69fded1862446148bd848ed7,"Kansas Gas Co / ONE Gas, Inc",69fdf1bad3bfa5e4945e3941,"tic723 - 3737 Investors, LLC",evidenceOfInsurance,Evidence of Insurance,excessOrUmbrellaLiability,Umbrella/Excess Liability,evidenceOfInsuranceExcessOrUmbrellaLiabilityOccurence,Coverage Trigger: Occurrence,,matchOnce,must be present,,,overridden,Block Requirements,,,false,0,,2026-08-16
"Block Real Estate Services, LLC",69fdf7b562446148bd85c435,69fded1862446148bd848ed7,"Kansas Gas Co / ONE Gas, Inc",69fdf1bad3bfa5e4945e3941,"tic723 - 3737 Investors, LLC",evidenceOfInsurance,Evidence of Insurance,excessOrUmbrellaLiability,Umbrella/Excess Liability,evidenceOfInsuranceExcessOrUmbrellaLiabilityEachOccurrence,Each Occurrence,,matchOnce,must be greater or equal to,1000000,,overridden,Block Requirements,,,false,0,,2026-08-16
"Block Real Estate Services, LLC",69fdf7b562446148bd85c435,69fded1862446148bd848ed7,"Kansas Gas Co / ONE Gas, Inc",69fdf1bad3bfa5e4945e3941,"tic723 - 3737 Investors, LLC",evidenceOfInsurance,Evidence of Insurance,excessOrUmbrellaLiability,Umbrella/Excess Liability,evidenceOfInsuranceExcessOrUmbrellaLiabilityAggregate,Aggregate,,matchOnce,must be greater or equal to,1000000,,overridden,Block Requirements,,,false,0,,2026-08-16
"Block Real Estate Services, LLC",69fdf7b562446148bd85c435,69fded1862446148bd848ed7,"Kansas Gas Co / ONE Gas, Inc",69fdf1bad3bfa5e4945e3941,"tic723 - 3737 Investors, LLC",evidenceOfInsurance,Evidence of Insurance,workersCompensation,Workers' Compensation and Employer's Liability,evidenceOfInsuranceWorkersCompensationStatutoryLimits,Statutory Limits,,matchOnce,must be present,,Present,compliant,Block Requirements,,,false,1,,2026-08-16
"Block Real Estate Services, LLC",69fdf7b562446148bd85c435,69fded1862446148bd848ed7,"Kansas Gas Co / ONE Gas, Inc",69fdf1bad3bfa5e4945e3941,"tic723 - 3737 Investors, LLC",evidenceOfInsurance,Evidence of Insurance,workersCompensation,Workers' Compensation and Employer's Liability,evidenceOfInsuranceWorkersCompensationEmployersLiabilityEachAccident,Employer's Liability Each Accident,,matchOnce,must be greater or equal to,500000,2000000,compliant,Block Requirements,,,false,1,,2026-08-16
"Block Real Estate Services, LLC",69fdf7b562446148bd85c435,69fded1862446148bd848ed7,"Kansas Gas Co / ONE Gas, Inc",69fdf1bad3bfa5e4945e3941,"tic723 - 3737 Investors, LLC",evidenceOfInsurance,Evidence of Insurance,workersCompensation,Workers' Compensation and Employer's Liability,evidenceOfInsuranceWorkersCompensationEmployersLiabilityDiseaseEachEmployee,Employer's Liability Disease - each employee,,matchOnce,must be greater or equal to,500000,2000000,compliant,Block Requirements,,,false,1,,2026-08-16
"Block Real Estate Services, LLC",69fdf7b562446148bd85c435,69fded1862446148bd848ed7,"Kansas Gas Co / ONE Gas, Inc",69fdf1bad3bfa5e4945e3941,"tic723 - 3737 Investors, LLC",evidenceOfInsurance,Evidence of Insurance,workersCompensation,Workers' Compensation and Employer's Liability,evidenceOfInsuranceWorkersCompensationEmployersLiabilityDiseasePolicyLimit,Employer's Liability Disease - policy limit,,matchOnce,must be greater or equal to,500000,2000000,compliant,Block Requirements,,,false,1,,2026-08-16
"Block Real Estate Services, LLC",69fdf7b562446148bd85c435,69fded1862446148bd848ed7,"Kansas Gas Co / ONE Gas, Inc",69fdf1bad3bfa5e4945e3941,"tic723 - 3737 Investors, LLC",evidenceOfInsurance,Evidence of Insurance,workersCompensation,Workers' Compensation and Employer's Liability,evidenceOfInsuranceWorkersCompensationWaiverOfSubrogationEndorsement,Waiver of Subrogation,"---prompt---
Determine if the insurer has waived their right of subrogation in favor of the certificate holder under the Workers' Compensation policy. Evidence may include: a checked ""Waiver of Subrogation"" box on the certificate, mention in the Description of Operations section stating ""waiver of subrogation applies"", or reference to form WC 00 03 13. Look for language like ""subrogation is waived"" or ""per written contract"".",matchOnce,must be present,,Present,compliant,Block Requirements,,,false,1,,2026-08-16
"Block Real Estate Services, LLC",69fdf7b562446148bd85c435,69fded1862446148bd848ed7,"Kansas Gas Co / ONE Gas, Inc",69fdf1bad3bfa5e4945e3941,"tic723 - 3737 Investors, LLC",evidenceOfInsurance,Evidence of Insurance,6ac20aae-5728-5d57-b364-aeba38527dba,Additional Requirements,4da5b0f1-4c9d-5885-8cf8-5d3cccaed3e0,"Block Real Estate Services, LLC and all others required by contract are named as Additional Insureds","---prompt---
Determine if the Description of Operations or the Additional Remarks Schedule section states the ""Additional Insured as Construction Management, Inc. and all others required by contract"" or reference to blanket additional insured coverage. Look for language like ""certificate holder is additional insured"" or ""per written contract"".",matchOnce,must be present,,Present,compliant,Block Requirements,,,true,1,,2026-08-16
"Block Real Estate Services, LLC",69fdf7b562446148bd85c435,69fded1862446148bd848ed7,"Kansas Gas Co / ONE Gas, Inc",69fdf1bad3bfa5e4945e3941,"tic723 - 3737 Investors, LLC",evidenceOfInsurance,Evidence of Insurance,6ac20aae-5728-5d57-b364-aeba38527dba,Additional Requirements,e1017741-e47e-5f58-97b8-fbc3043e919f,Umbrella follows form over General Liability,"---prompt---
Determine if the Umbrella/Excess Liability policy follows form to the underlying policies. Evidence may include: language in the Description of Operations section stating the umbrella follows form to underlying coverages or an additional page endorsement stating that it follows form. Follow form means the umbrella policy adopts the same terms, conditions, and exclusions as the underlying policies.",matchOnce,must be present,,,overridden,Block Requirements,Umbrella requirement waived,,true,0,2026-11-01,2026-08-16
"Block Real Estate Services, LLC",69fdf7b562446148bd85c435,69fded1862446148bd848ed7,"Kansas Gas Co / ONE Gas, Inc",69fdf1bad3bfa5e4945e3941,"tic723 - 3737 Investors, LLC",evidenceOfInsurance,Evidence of Insurance,6ac20aae-5728-5d57-b364-aeba38527dba,Additional Requirements,2cdd866f-c9a4-576a-afd8-1d045762790c,The location must be listed as: 3737 N. Broadway Wichita KS 67213,,matchOnce,must be present,,Present,compliant,Block Requirements,,,true,1,,2026-08-16
"Block Real Estate Services, LLC",69fdf7b562446148bd85c435,69fded1862446148bd848ed7,"Kansas Gas Co / ONE Gas, Inc",69fdf1bad3bfa5e4945e3941,"tic723 - 3737 Investors, LLC",evidenceOfInsurance,Evidence of Insurance,6ac20aae-5728-5d57-b364-aeba38527dba,Additional Requirements,3649e9d1-4e09-59bf-8f30-cb33c40cf117,"Certificate Holder must read: c/o Block Real Estate Services, LLC, 4622 Pennsylvania St., Suite 700, Kansas City, MO, 64112",,matchOnce,must be present,,Present,compliant,Block Requirements,,,true,1,,2026-08-16
"Block Real Estate Services, LLC",69fdf78062446148bd8587b6,69fded2462446148bd8492bb,Woodbridge Corporation,69fdf07502bb2c42a87a2174,"kci862 - Riverside Distribution Center 2 {Riverside Distribution Center Investment, LLC}",evidenceOfInsurance,Evidence of Insurance,commercialGeneralLiability,Commercial General Liability,evidenceOfInsuranceCommercialGeneralLiabilityCoverageTriggerOccurrence,Coverage Trigger: Occurrence,,matchOnce,must be present,,,non_compliant,Block Requirements,,,false,0,,2026-08-16
"Block Real Estate Services, LLC",69fdf78062446148bd8587b6,69fded2462446148bd8492bb,Woodbridge Corporation,69fdf07502bb2c42a87a2174,"kci862 - Riverside Distribution Center 2 {Riverside Distribution Center Investment, LLC}",evidenceOfInsurance,Evidence of Insurance,commercialGeneralLiability,Commercial General Liability,evidenceOfInsuranceCommercialGeneralLiabilityGeneralAggregateLimitAppliesPerLocation,General Aggregate Limit Applies per: Location,,matchOnce,must be present,,,non_compliant,Block Requirements,,,false,0,,2026-08-16
"Block Real Estate Services, LLC",69fdf78062446148bd8587b6,69fded2462446148bd8492bb,Woodbridge Corporation,69fdf07502bb2c42a87a2174,"kci862 - Riverside Distribution Center 2 {Riverside Distribution Center Investment, LLC}",evidenceOfInsurance,Evidence of Insurance,commercialGeneralLiability,Commercial General Liability,evidenceOfInsuranceCommercialGeneralLiabilityEachOccurrence,Each Occurrence,,matchOnce,must be greater or equal to,1000000,,non_compliant,Block Requirements,,,false,0,,2026-08-16
"Block Real Estate Services, LLC",69fdf78062446148bd8587b6,69fded2462446148bd8492bb,Woodbridge Corporation,69fdf07502bb2c42a87a2174,"kci862 - Riverside Distribution Center 2 {Riverside Distribution Center Investment, LLC}",evidenceOfInsurance,Evidence of Insurance,commercialGeneralLiability,Commercial General Liability,evidenceOfInsuranceCommercialGeneralLiabilityGeneralAggregate,General Aggregate,,matchOnce,must be greater or equal to,2000000,,non_compliant,Block Requirements,,,false,0,,2026-08-16
"Block Real Estate Services, LLC",69fdf78062446148bd8587b6,69fded2462446148bd8492bb,Woodbridge Corporation,69fdf07502bb2c42a87a2174,"kci862 - Riverside Distribution Center 2 {Riverside Distribution Center Investment, LLC}",evidenceOfInsurance,Evidence of Insurance,commercialGeneralLiability,Commercial General Liability,evidenceOfInsuranceCommercialGeneralLiabilityWaiverOfSubrogationEndorsement,Waiver of Subrogation,"---prompt---
Determine if the insurer has waived their right of subrogation in favor of the certificate holder under the Commercial General Liability policy. Evidence may include: a checked ""Waiver of Subrogation"" box on the certificate, mention in the Description of Operations section stating ""waiver of subrogation applies"", or reference to form CG 24 04. Look for language like ""subrogation is waived"" or ""per written contract"".",matchOnce,must be present,,,non_compliant,Block Requirements,,,false,0,,2026-08-16
"Block Real Estate Services, LLC",69fdf78062446148bd8587b6,69fded2462446148bd8492bb,Woodbridge Corporation,69fdf07502bb2c42a87a2174,"kci862 - Riverside Distribution Center 2 {Riverside Distribution Center Investment, LLC}",evidenceOfInsurance,Evidence of Insurance,excessOrUmbrellaLiability,Umbrella/Excess Liability,evidenceOfInsuranceExcessOrUmbrellaLiabilityOccurence,Coverage Trigger: Occurrence,,matchOnce,must be present,,,non_compliant,Block Requirements,,,false,0,,2026-08-16
"Block Real Estate Services, LLC",69fdf78062446148bd8587b6,69fded2462446148bd8492bb,Woodbridge Corporation,69fdf07502bb2c42a87a2174,"kci862 - Riverside Distribution Center 2 {Riverside Distribution Center Investment, LLC}",evidenceOfInsurance,Evidence of Insurance,excessOrUmbrellaLiability,Umbrella/Excess Liability,evidenceOfInsuranceExcessOrUmbrellaLiabilityEachOccurrence,Each Occurrence,,matchOnce,must be greater or equal to,1000000,,non_compliant,Block Requirements,,,false,0,,2026-08-16
"Block Real Estate Services, LLC",69fdf78062446148bd8587b6,69fded2462446148bd8492bb,Woodbridge Corporation,69fdf07502bb2c42a87a2174,"kci862 - Riverside Distribution Center 2 {Riverside Distribution Center Investment, LLC}",evidenceOfInsurance,Evidence of Insurance,excessOrUmbrellaLiability,Umbrella/Excess Liability,evidenceOfInsuranceExcessOrUmbrellaLiabilityAggregate,Aggregate,,matchOnce,must be greater or equal to,1000000,,non_compliant,Block Requirements,,,false,0,,2026-08-16
"Block Real Estate Services, LLC",69fdf78062446148bd8587b6,69fded2462446148bd8492bb,Woodbridge Corporation,69fdf07502bb2c42a87a2174,"kci862 - Riverside Distribution Center 2 {Riverside Distribution Center Investment, LLC}",evidenceOfInsurance,Evidence of Insurance,workersCompensation,Workers' Compensation and Employer's Liability,evidenceOfInsuranceWorkersCompensationStatutoryLimits,Statutory Limits,,matchOnce,must be present,,,non_compliant,Block Requirements,,,false,0,,2026-08-16
"Block Real Estate Services, LLC",69fdf78062446148bd8587b6,69fded2462446148bd8492bb,Woodbridge Corporation,69fdf07502bb2c42a87a2174,"kci862 - Riverside Distribution Center 2 {Riverside Distribution Center Investment, LLC}",evidenceOfInsurance,Evidence of Insurance,workersCompensation,Workers' Compensation and Employer's Liability,evidenceOfInsuranceWorkersCompensationEmployersLiabilityEachAccident,Employer's Liability Each Accident,,matchOnce,must be greater or equal to,500000,,non_compliant,Block Requirements,,,false,0,,2026-08-16
"Block Real Estate Services, LLC",69fdf78062446148bd8587b6,69fded2462446148bd8492bb,Woodbridge Corporation,69fdf07502bb2c42a87a2174,"kci862 - Riverside Distribution Center 2 {Riverside Distribution Center Investment, LLC}",evidenceOfInsurance,Evidence of Insurance,workersCompensation,Workers' Compensation and Employer's Liability,evidenceOfInsuranceWorkersCompensationEmployersLiabilityDiseaseEachEmployee,Employer's Liability Disease - each employee,,matchOnce,must be greater or equal to,500000,,non_compliant,Block Requirements,,,false,0,,2026-08-16
"Block Real Estate Services, LLC",69fdf78062446148bd8587b6,69fded2462446148bd8492bb,Woodbridge Corporation,69fdf07502bb2c42a87a2174,"kci862 - Riverside Distribution Center 2 {Riverside Distribution Center Investment, LLC}",evidenceOfInsurance,Evidence of Insurance,workersCompensation,Workers' Compensation and Employer's Liability,evidenceOfInsuranceWorkersCompensationEmployersLiabilityDiseasePolicyLimit,Employer's Liability Disease - policy limit,,matchOnce,must be greater or equal to,500000,,non_compliant,Block Requirements,,,false,0,,2026-08-16
"Block Real Estate Services, LLC",69fdf78062446148bd8587b6,69fded2462446148bd8492bb,Woodbridge Corporation,69fdf07502bb2c42a87a2174,"kci862 - Riverside Distribution Center 2 {Riverside Distribution Center Investment, LLC}",evidenceOfInsurance,Evidence of Insurance,workersCompensation,Workers' Compensation and Employer's Liability,evidenceOfInsuranceWorkersCompensationWaiverOfSubrogationEndorsement,Waiver of Subrogation,"---prompt---
Determine if the insurer has waived their right of subrogation in favor of the certificate holder under the Workers' Compensation policy. Evidence may include: a checked ""Waiver of Subrogation"" box on the certificate, mention in the Description of Operations section stating ""waiver of subrogation applies"", or reference to form WC 00 03 13. Look for language like ""subrogation is waived"" or ""per written contract"".",matchOnce,must be present,,,non_compliant,Block Requirements,,,false,0,,2026-08-16
"Block Real Estate Services, LLC",69fdf78062446148bd8587b6,69fded2462446148bd8492bb,Woodbridge Corporation,69fdf07502bb2c42a87a2174,"kci862 - Riverside Distribution Center 2 {Riverside Distribution Center Investment, LLC}",evidenceOfInsurance,Evidence of Insurance,6ac20aae-5728-5d57-b364-aeba38527dba,Additional Requirements,4da5b0f1-4c9d-5885-8cf8-5d3cccaed3e0,"Block Real Estate Services, LLC and all others required by contract are named as Additional Insureds","---prompt---
Determine if the Description of Operations or the Additional Remarks Schedule section states the ""Additional Insured as Construction Management, Inc. and all others required by contract"" or reference to blanket additional insured coverage. Look for language like ""certificate holder is additional insured"" or ""per written contract"".",matchOnce,must be present,,,non_compliant,Block Requirements,,,true,0,,2026-08-16
"Block Real Estate Services, LLC",69fdf78062446148bd8587b6,69fded2462446148bd8492bb,Woodbridge Corporation,69fdf07502bb2c42a87a2174,"kci862 - Riverside Distribution Center 2 {Riverside Distribution Center Investment, LLC}",evidenceOfInsurance,Evidence of Insurance,6ac20aae-5728-5d57-b364-aeba38527dba,Additional Requirements,e1017741-e47e-5f58-97b8-fbc3043e919f,Umbrella follows form over General Liability,"---prompt---
Determine if the Umbrella/Excess Liability policy follows form to the underlying policies. Evidence may include: language in the Description of Operations section stating the umbrella follows form to underlying coverages or an additional page endorsement stating that it follows form. Follow form means the umbrella policy adopts the same terms, conditions, and exclusions as the underlying policies.",matchOnce,must be present,,,non_compliant,Block Requirements,,,true,0,,2026-08-16
"Block Real Estate Services, LLC",69fdf78062446148bd8587b6,69fded2462446148bd8492bb,Woodbridge Corporation,69fdf07502bb2c42a87a2174,"kci862 - Riverside Distribution Center 2 {Riverside Distribution Center Investment, LLC}",evidenceOfInsurance,Evidence of Insurance,6ac20aae-5728-5d57-b364-aeba38527dba,Additional Requirements,2cdd866f-c9a4-576a-afd8-1d045762790c,"The location must be listed as: 4116 NW Riverside Street, Riverside, MO, 64150",,matchOnce,must be present,,,non_compliant,Block Requirements,,,true,0,,2026-08-16
"Block Real Estate Services, LLC",69fdf78062446148bd8587b6,69fded2462446148bd8492bb,Woodbridge Corporation,69fdf07502bb2c42a87a2174,"kci862 - Riverside Distribution Center 2 {Riverside Distribution Center Investment, LLC}",evidenceOfInsurance,Evidence of Insurance,6ac20aae-5728-5d57-b364-aeba38527dba,Additional Requirements,3649e9d1-4e09-59bf-8f30-cb33c40cf117,"Certificate Holder must read: c/o Block Real Estate Services, LLC, 4622 Pennsylvania St., Suite 700, Kansas City, MO, 64112",,matchOnce,must be present,,,non_compliant,Block Requirements,,,true,0,,2026-08-16
"Block Real Estate Services, LLC",69fdf78062446148bd8587b5,69fded1f62446148bd8490e7,Reeves-Wiedeman Co,69fdf07502bb2c42a87a2174,"kci862 - Riverside Distribution Center 2 {Riverside Distribution Center Investment, LLC}",evidenceOfInsurance,Evidence of Insurance,commercialGeneralLiability,Commercial General Liability,evidenceOfInsuranceCommercialGeneralLiabilityCoverageTriggerOccurrence,Coverage Trigger: Occurrence,,matchOnce,must be present,,Present,compliant,Block Requirements,,,false,1,,2026-08-16
"Block Real Estate Services, LLC",69fdf78062446148bd8587b5,69fded1f62446148bd8490e7,Reeves-Wiedeman Co,69fdf07502bb2c42a87a2174,"kci862 - Riverside Distribution Center 2 {Riverside Distribution Center Investment, LLC}",evidenceOfInsurance,Evidence of Insurance,commercialGeneralLiability,Commercial General Liability,evidenceOfInsuranceCommercialGeneralLiabilityGeneralAggregateLimitAppliesPerLocation,General Aggregate Limit Applies per: Location,,matchOnce,must be present,,Present,compliant,Block Requirements,,,false,1,,2026-08-16
"Block Real Estate Services, LLC",69fdf78062446148bd8587b5,69fded1f62446148bd8490e7,Reeves-Wiedeman Co,69fdf07502bb2c42a87a2174,"kci862 - Riverside Distribution Center 2 {Riverside Distribution Center Investment, LLC}",evidenceOfInsurance,Evidence of Insurance,commercialGeneralLiability,Commercial General Liability,evidenceOfInsuranceCommercialGeneralLiabilityEachOccurrence,Each Occurrence,,matchOnce,must be greater or equal to,1000000,1000000,compliant,Block Requirements,,,false,1,,2026-08-16
"Block Real Estate Services, LLC",69fdf78062446148bd8587b5,69fded1f62446148bd8490e7,Reeves-Wiedeman Co,69fdf07502bb2c42a87a2174,"kci862 - Riverside Distribution Center 2 {Riverside Distribution Center Investment, LLC}",evidenceOfInsurance,Evidence of Insurance,commercialGeneralLiability,Commercial General Liability,evidenceOfInsuranceCommercialGeneralLiabilityGeneralAggregate,General Aggregate,,matchOnce,must be greater or equal to,2000000,2000000,compliant,Block Requirements,,,false,1,,2026-08-16
"Block Real Estate Services, LLC",69fdf78062446148bd8587b5,69fded1f62446148bd8490e7,Reeves-Wiedeman Co,69fdf07502bb2c42a87a2174,"kci862 - Riverside Distribution Center 2 {Riverside Distribution Center Investment, LLC}",evidenceOfInsurance,Evidence of Insurance,commercialGeneralLiability,Commercial General Liability,evidenceOfInsuranceCommercialGeneralLiabilityWaiverOfSubrogationEndorsement,Waiver of Subrogation,"---prompt---
Determine if the insurer has waived their right of subrogation in favor of the certificate holder under the Commercial General Liability policy. Evidence may include: a checked ""Waiver of Subrogation"" box on the certificate, mention in the Description of Operations section stating ""waiver of subrogation applies"", or reference to form CG 24 04. Look for language like ""subrogation is waived"" or ""per written contract"".",matchOnce,must be present,,Present,compliant,Block Requirements,,,false,1,,2026-08-16
"Block Real Estate Services, LLC",69fdf78062446148bd8587b5,69fded1f62446148bd8490e7,Reeves-Wiedeman Co,69fdf07502bb2c42a87a2174,"kci862 - Riverside Distribution Center 2 {Riverside Distribution Center Investment, LLC}",evidenceOfInsurance,Evidence of Insurance,excessOrUmbrellaLiability,Umbrella/Excess Liability,evidenceOfInsuranceExcessOrUmbrellaLiabilityOccurence,Coverage Trigger: Occurrence,,matchOnce,must be present,,Present,compliant,Block Requirements,,,false,1,,2026-08-16
"Block Real Estate Services, LLC",69fdf78062446148bd8587b5,69fded1f62446148bd8490e7,Reeves-Wiedeman Co,69fdf07502bb2c42a87a2174,"kci862 - Riverside Distribution Center 2 {Riverside Distribution Center Investment, LLC}",evidenceOfInsurance,Evidence of Insurance,excessOrUmbrellaLiability,Umbrella/Excess Liability,evidenceOfInsuranceExcessOrUmbrellaLiabilityEachOccurrence,Each Occurrence,,matchOnce,must be greater or equal to,1000000,5000000,compliant,Block Requirements,,,false,1,,2026-08-16
"Block Real Estate Services, LLC",69fdf78062446148bd8587b5,69fded1f62446148bd8490e7,Reeves-Wiedeman Co,69fdf07502bb2c42a87a2174,"kci862 - Riverside Distribution Center 2 {Riverside Distribution Center Investment, LLC}",evidenceOfInsurance,Evidence of Insurance,excessOrUmbrellaLiability,Umbrella/Excess Liability,evidenceOfInsuranceExcessOrUmbrellaLiabilityAggregate,Aggregate,,matchOnce,must be greater or equal to,1000000,5000000,compliant,Block Requirements,,,false,1,,2026-08-16
"Block Real Estate Services, LLC",69fdf78062446148bd8587b5,69fded1f62446148bd8490e7,Reeves-Wiedeman Co,69fdf07502bb2c42a87a2174,"kci862 - Riverside Distribution Center 2 {Riverside Distribution Center Investment, LLC}",evidenceOfInsurance,Evidence of Insurance,workersCompensation,Workers' Compensation and Employer's Liability,evidenceOfInsuranceWorkersCompensationStatutoryLimits,Statutory Limits,,matchOnce,must be present,,Present,compliant,Block Requirements,,,false,1,,2026-08-16
"Block Real Estate Services, LLC",69fdf78062446148bd8587b5,69fded1f62446148bd8490e7,Reeves-Wiedeman Co,69fdf07502bb2c42a87a2174,"kci862 - Riverside Distribution Center 2 {Riverside Distribution Center Investment, LLC}",evidenceOfInsurance,Evidence of Insurance,workersCompensation,Workers' Compensation and Employer's Liability,evidenceOfInsuranceWorkersCompensationEmployersLiabilityEachAccident,Employer's Liability Each Accident,,matchOnce,must be greater or equal to,500000,500000,compliant,Block Requirements,,,false,1,,2026-08-16
"Block Real Estate Services, LLC",69fdf78062446148bd8587b5,69fded1f62446148bd8490e7,Reeves-Wiedeman Co,69fdf07502bb2c42a87a2174,"kci862 - Riverside Distribution Center 2 {Riverside Distribution Center Investment, LLC}",evidenceOfInsurance,Evidence of Insurance,workersCompensation,Workers' Compensation and Employer's Liability,evidenceOfInsuranceWorkersCompensationEmployersLiabilityDiseaseEachEmployee,Employer's Liability Disease - each employee,,matchOnce,must be greater or equal to,500000,500000,compliant,Block Requirements,,,false,1,,2026-08-16
"Block Real Estate Services, LLC",69fdf78062446148bd8587b5,69fded1f62446148bd8490e7,Reeves-Wiedeman Co,69fdf07502bb2c42a87a2174,"kci862 - Riverside Distribution Center 2 {Riverside Distribution Center Investment, LLC}",evidenceOfInsurance,Evidence of Insurance,workersCompensation,Workers' Compensation and Employer's Liability,evidenceOfInsuranceWorkersCompensationEmployersLiabilityDiseasePolicyLimit,Employer's Liability Disease - policy limit,,matchOnce,must be greater or equal to,500000,500000,compliant,Block Requirements,,,false,1,,2026-08-16
"Block Real Estate Services, LLC",69fdf78062446148bd8587b5,69fded1f62446148bd8490e7,Reeves-Wiedeman Co,69fdf07502bb2c42a87a2174,"kci862 - Riverside Distribution Center 2 {Riverside Distribution Center Investment, LLC}",evidenceOfInsurance,Evidence of Insurance,workersCompensation,Workers' Compensation and Employer's Liability,evidenceOfInsuranceWorkersCompensationWaiverOfSubrogationEndorsement,Waiver of Subrogation,"---prompt---
Determine if the insurer has waived their right of subrogation in favor of the certificate holder under the Workers' Compensation policy. Evidence may include: a checked ""Waiver of Subrogation"" box on the certificate, mention in the Description of Operations section stating ""waiver of subrogation applies"", or reference to form WC 00 03 13. Look for language like ""subrogation is waived"" or ""per written contract"".",matchOnce,must be present,,,non_compliant,Block Requirements,,,false,0,,2026-08-16
"Block Real Estate Services, LLC",69fdf78062446148bd8587b5,69fded1f62446148bd8490e7,Reeves-Wiedeman Co,69fdf07502bb2c42a87a2174,"kci862 - Riverside Distribution Center 2 {Riverside Distribution Center Investment, LLC}",evidenceOfInsurance,Evidence of Insurance,6ac20aae-5728-5d57-b364-aeba38527dba,Additional Requirements,4da5b0f1-4c9d-5885-8cf8-5d3cccaed3e0,"Block Real Estate Services, LLC and all others required by contract are named as Additional Insureds","---prompt---
Determine if the Description of Operations or the Additional Remarks Schedule section states the ""Additional Insured as Construction Management, Inc. and all others required by contract"" or reference to blanket additional insured coverage. Look for language like ""certificate holder is additional insured"" or ""per written contract"".",matchOnce,must be present,,,non_compliant,Block Requirements,,,true,0,,2026-08-16
"Block Real Estate Services, LLC",69fdf78062446148bd8587b5,69fded1f62446148bd8490e7,Reeves-Wiedeman Co,69fdf07502bb2c42a87a2174,"kci862 - Riverside Distribution Center 2 {Riverside Distribution Center Investment, LLC}",evidenceOfInsurance,Evidence of Insurance,6ac20aae-5728-5d57-b364-aeba38527dba,Additional Requirements,e1017741-e47e-5f58-97b8-fbc3043e919f,Umbrella follows form over General Liability,"---prompt---
Determine if the Umbrella/Excess Liability policy follows form to the underlying policies. Evidence may include: language in the Description of Operations section stating the umbrella follows form to underlying coverages or an additional page endorsement stating that it follows form. Follow form means the umbrella policy adopts the same terms, conditions, and exclusions as the underlying policies.",matchOnce,must be present,,,non_compliant,Block Requirements,,,true,0,,2026-08-16
"Block Real Estate Services, LLC",69fdf78062446148bd8587b5,69fded1f62446148bd8490e7,Reeves-Wiedeman Co,69fdf07502bb2c42a87a2174,"kci862 - Riverside Distribution Center 2 {Riverside Distribution Center Investment, LLC}",evidenceOfInsurance,Evidence of Insurance,6ac20aae-5728-5d57-b364-aeba38527dba,Additional Requirements,2cdd866f-c9a4-576a-afd8-1d045762790c,"The location must be listed as: 4120 NW Riverside Street, Riverside, MO, 64150",,matchOnce,must be present,,,non_compliant,Block Requirements,,,true,0,,2026-08-16
"Block Real Estate Services, LLC",69fdf78062446148bd8587b5,69fded1f62446148bd8490e7,Reeves-Wiedeman Co,69fdf07502bb2c42a87a2174,"kci862 - Riverside Distribution Center 2 {Riverside Distribution Center Investment, LLC}",evidenceOfInsurance,Evidence of Insurance,6ac20aae-5728-5d57-b364-aeba38527dba,Additional Requirements,3649e9d1-4e09-59bf-8f30-cb33c40cf117,"Certificate Holder must read: c/o Block Real Estate Services, LLC, 4622 Pennsylvania St., Suite 700, Kansas City, MO, 64112",,matchOnce,must be present,,,non_compliant,Block Requirements,,,true,0,,2026-08-16
"Block Real Estate Services, LLC",69fdf78062446148bd8587b4,69fded1e62446148bd8490bd,Promex Limited,69fdf07502bb2c42a87a2174,"kci862 - Riverside Distribution Center 2 {Riverside Distribution Center Investment, LLC}",evidenceOfInsurance,Evidence of Insurance,commercialGeneralLiability,Commercial General Liability,evidenceOfInsuranceCommercialGeneralLiabilityCoverageTriggerOccurrence,Coverage Trigger: Occurrence,,matchOnce,must be present,,,non_compliant,Block Requirements,,,false,0,,2026-08-16
"Block Real Estate Services, LLC",69fdf78062446148bd8587b4,69fded1e62446148bd8490bd,Promex Limited,69fdf07502bb2c42a87a2174,"kci862 - Riverside Distribution Center 2 {Riverside Distribution Center Investment, LLC}",evidenceOfInsurance,Evidence of Insurance,commercialGeneralLiability,Commercial General Liability,evidenceOfInsuranceCommercialGeneralLiabilityGeneralAggregateLimitAppliesPerLocation,General Aggregate Limit Applies per: Location,,matchOnce,must be present,,,non_compliant,Block Requirements,,,false,0,,2026-08-16
"Block Real Estate Services, LLC",69fdf78062446148bd8587b4,69fded1e62446148bd8490bd,Promex Limited,69fdf07502bb2c42a87a2174,"kci862 - Riverside Distribution Center 2 {Riverside Distribution Center Investment, LLC}",evidenceOfInsurance,Evidence of Insurance,commercialGeneralLiability,Commercial General Liability,evidenceOfInsuranceCommercialGeneralLiabilityEachOccurrence,Each Occurrence,,matchOnce,must be greater or equal to,1000000,,non_compliant,Block Requirements,,,false,0,,2026-08-16
"Block Real Estate Services, LLC",69fdf78062446148bd8587b4,69fded1e62446148bd8490bd,Promex Limited,69fdf07502bb2c42a87a2174,"kci862 - Riverside Distribution Center 2 {Riverside Distribution Center Investment, LLC}",evidenceOfInsurance,Evidence of Insurance,commercialGeneralLiability,Commercial General Liability,evidenceOfInsuranceCommercialGeneralLiabilityGeneralAggregate,General Aggregate,,matchOnce,must be greater or equal to,2000000,,non_compliant,Block Requirements,,,false,0,,2026-08-16
"Block Real Estate Services, LLC",69fdf78062446148bd8587b4,69fded1e62446148bd8490bd,Promex Limited,69fdf07502bb2c42a87a2174,"kci862 - Riverside Distribution Center 2 {Riverside Distribution Center Investment, LLC}",evidenceOfInsurance,Evidence of Insurance,commercialGeneralLiability,Commercial General Liability,evidenceOfInsuranceCommercialGeneralLiabilityWaiverOfSubrogationEndorsement,Waiver of Subrogation,"---prompt---
Determine if the insurer has waived their right of subrogation in favor of the certificate holder under the Commercial General Liability policy. Evidence may include: a checked ""Waiver of Subrogation"" box on the certificate, mention in the Description of Operations section stating ""waiver of subrogation applies"", or reference to form CG 24 04. Look for language like ""subrogation is waived"" or ""per written contract"".",matchOnce,must be present,,,non_compliant,Block Requirements,,,false,0,,2026-08-16
"Block Real Estate Services, LLC",69fdf78062446148bd8587b4,69fded1e62446148bd8490bd,Promex Limited,69fdf07502bb2c42a87a2174,"kci862 - Riverside Distribution Center 2 {Riverside Distribution Center Investment, LLC}",evidenceOfInsurance,Evidence of Insurance,excessOrUmbrellaLiability,Umbrella/Excess Liability,evidenceOfInsuranceExcessOrUmbrellaLiabilityOccurence,Coverage Trigger: Occurrence,,matchOnce,must be present,,,non_compliant,Block Requirements,,,false,0,,2026-08-16
"Block Real Estate Services, LLC",69fdf78062446148bd8587b4,69fded1e62446148bd8490bd,Promex Limited,69fdf07502bb2c42a87a2174,"kci862 - Riverside Distribution Center 2 {Riverside Distribution Center Investment, LLC}",evidenceOfInsurance,Evidence of Insurance,excessOrUmbrellaLiability,Umbrella/Excess Liability,evidenceOfInsuranceExcessOrUmbrellaLiabilityEachOccurrence,Each Occurrence,,matchOnce,must be greater or equal to,1000000,,non_compliant,Block Requirements,,,false,0,,2026-08-16
"Block Real Estate Services, LLC",69fdf78062446148bd8587b4,69fded1e62446148bd8490bd,Promex Limited,69fdf07502bb2c42a87a2174,"kci862 - Riverside Distribution Center 2 {Riverside Distribution Center Investment, LLC}",evidenceOfInsurance,Evidence of Insurance,excessOrUmbrellaLiability,Umbrella/Excess Liability,evidenceOfInsuranceExcessOrUmbrellaLiabilityAggregate,Aggregate,,matchOnce,must be greater or equal to,1000000,,non_compliant,Block Requirements,,,false,0,,2026-08-16
"Block Real Estate Services, LLC",69fdf78062446148bd8587b4,69fded1e62446148bd8490bd,Promex Limited,69fdf07502bb2c42a87a2174,"kci862 - Riverside Distribution Center 2 {Riverside Distribution Center Investment, LLC}",evidenceOfInsurance,Evidence of Insurance,workersCompensation,Workers' Compensation and Employer's Liability,evidenceOfInsuranceWorkersCompensationStatutoryLimits,Statutory Limits,,matchOnce,must be present,,,non_compliant,Block Requirements,,,false,0,,2026-08-16
"Block Real Estate Services, LLC",69fdf78062446148bd8587b4,69fded1e62446148bd8490bd,Promex Limited,69fdf07502bb2c42a87a2174,"kci862 - Riverside Distribution Center 2 {Riverside Distribution Center Investment, LLC}",evidenceOfInsurance,Evidence of Insurance,workersCompensation,Workers' Compensation and Employer's Liability,evidenceOfInsuranceWorkersCompensationEmployersLiabilityEachAccident,Employer's Liability Each Accident,,matchOnce,must be greater or equal to,500000,,non_compliant,Block Requirements,,,false,0,,2026-08-16
"Block Real Estate Services, LLC",69fdf78062446148bd8587b4,69fded1e62446148bd8490bd,Promex Limited,69fdf07502bb2c42a87a2174,"kci862 - Riverside Distribution Center 2 {Riverside Distribution Center Investment, LLC}",evidenceOfInsurance,Evidence of Insurance,workersCompensation,Workers' Compensation and Employer's Liability,evidenceOfInsuranceWorkersCompensationEmployersLiabilityDiseaseEachEmployee,Employer's Liability Disease - each employee,,matchOnce,must be greater or equal to,500000,,non_compliant,Block Requirements,,,false,0,,2026-08-16
"Block Real Estate Services, LLC",69fdf78062446148bd8587b4,69fded1e62446148bd8490bd,Promex Limited,69fdf07502bb2c42a87a2174,"kci862 - Riverside Distribution Center 2 {Riverside Distribution Center Investment, LLC}",evidenceOfInsurance,Evidence of Insurance,workersCompensation,Workers' Compensation and Employer's Liability,evidenceOfInsuranceWorkersCompensationEmployersLiabilityDiseasePolicyLimit,Employer's Liability Disease - policy limit,,matchOnce,must be greater or equal to,500000,,non_compliant,Block Requirements,,,false,0,,2026-08-16
"Block Real Estate Services, LLC",69fdf78062446148bd8587b4,69fded1e62446148bd8490bd,Promex Limited,69fdf07502bb2c42a87a2174,"kci862 - Riverside Distribution Center 2 {Riverside Distribution Center Investment, LLC}",evidenceOfInsurance,Evidence of Insurance,workersCompensation,Workers' Compensation and Employer's Liability,evidenceOfInsuranceWorkersCompensationWaiverOfSubrogationEndorsement,Waiver of Subrogation,"---prompt---
Determine if the insurer has waived their right of subrogation in favor of the certificate holder under the Workers' Compensation policy. Evidence may include: a checked ""Waiver of Subrogation"" box on the certificate, mention in the Description of Operations section stating ""waiver of subrogation applies"", or reference to form WC 00 03 13. Look for language like ""subrogation is waived"" or ""per written contract"".",matchOnce,must be present,,,non_compliant,Block Requirements,,,false,0,,2026-08-16
"Block Real Estate Services, LLC",69fdf78062446148bd8587b4,69fded1e62446148bd8490bd,Promex Limited,69fdf07502bb2c42a87a2174,"kci862 - Riverside Distribution Center 2 {Riverside Distribution Center Investment, LLC}",evidenceOfInsurance,Evidence of Insurance,6ac20aae-5728-5d57-b364-aeba38527dba,Additional Requirements,4da5b0f1-4c9d-5885-8cf8-5d3cccaed3e0,"Block Real Estate Services, LLC and all others required by contract are named as Additional Insureds","---prompt---
Determine if the Description of Operations or the Additional Remarks Schedule section states the ""Additional Insured as Construction Management, Inc. and all others required by contract"" or reference to blanket additional insured coverage. Look for language like ""certificate holder is additional insured"" or ""per written contract"".",matchOnce,must be present,,,non_compliant,Block Requirements,,,true,0,,2026-08-16
"Block Real Estate Services, LLC",69fdf78062446148bd8587b4,69fded1e62446148bd8490bd,Promex Limited,69fdf07502bb2c42a87a2174,"kci862 - Riverside Distribution Center 2 {Riverside Distribution Center Investment, LLC}",evidenceOfInsurance,Evidence of Insurance,6ac20aae-5728-5d57-b364-aeba38527dba,Additional Requirements,e1017741-e47e-5f58-97b8-fbc3043e919f,Umbrella follows form over General Liability,"---prompt---
Determine if the Umbrella/Excess Liability policy follows form to the underlying policies. Evidence may include: language in the Description of Operations section stating the umbrella follows form to underlying coverages or an additional page endorsement stating that it follows form. Follow form means the umbrella policy adopts the same terms, conditions, and exclusions as the underlying policies.",matchOnce,must be present,,,non_compliant,Block Requirements,,,true,0,,2026-08-16
"Block Real Estate Services, LLC",69fdf78062446148bd8587b4,69fded1e62446148bd8490bd,Promex Limited,69fdf07502bb2c42a87a2174,"kci862 - Riverside Distribution Center 2 {Riverside Distribution Center Investment, LLC}",evidenceOfInsurance,Evidence of Insurance,6ac20aae-5728-5d57-b364-aeba38527dba,Additional Requirements,2cdd866f-c9a4-576a-afd8-1d045762790c,"The location must be listed as: 4118 NW Riverside Street, Riverside, MO, 64150",,matchOnce,must be present,,,non_compliant,Block Requirements,,,true,0,,2026-08-16
"Block Real Estate Services, LLC",69fdf78062446148bd8587b4,69fded1e62446148bd8490bd,Promex Limited,69fdf07502bb2c42a87a2174,"kci862 - Riverside Distribution Center 2 {Riverside Distribution Center Investment, LLC}",evidenceOfInsurance,Evidence of Insurance,6ac20aae-5728-5d57-b364-aeba38527dba,Additional Requirements,3649e9d1-4e09-59bf-8f30-cb33c40cf117,"Certificate Holder must read: c/o Block Real Estate Services, LLC, 4622 Pennsylvania St., Suite 700, Kansas City, MO, 64112",,matchOnce,must be present,,,non_compliant,Block Requirements,,,true,0,,2026-08-16
"Block Real Estate Services, LLC",69fdf78062446148bd8587b3,69fded1e62446148bd84908a,Phoenix Fastpitch LLC,69fdf07502bb2c42a87a2174,"kci862 - Riverside Distribution Center 2 {Riverside Distribution Center Investment, LLC}",evidenceOfInsurance,Evidence of Insurance,commercialGeneralLiability,Commercial General Liability,evidenceOfInsuranceCommercialGeneralLiabilityCoverageTriggerOccurrence,Coverage Trigger: Occurrence,,matchOnce,must be present,,,non_compliant,Block Requirements,,,false,0,,2026-08-16
"Block Real Estate Services, LLC",69fdf78062446148bd8587b3,69fded1e62446148bd84908a,Phoenix Fastpitch LLC,69fdf07502bb2c42a87a2174,"kci862 - Riverside Distribution Center 2 {Riverside Distribution Center Investment, LLC}",evidenceOfInsurance,Evidence of Insurance,commercialGeneralLiability,Commercial General Liability,evidenceOfInsuranceCommercialGeneralLiabilityGeneralAggregateLimitAppliesPerLocation,General Aggregate Limit Applies per: Location,,matchOnce,must be present,,,non_compliant,Block Requirements,,,false,0,,2026-08-16
"Block Real Estate Services, LLC",69fdf78062446148bd8587b3,69fded1e62446148bd84908a,Phoenix Fastpitch LLC,69fdf07502bb2c42a87a2174,"kci862 - Riverside Distribution Center 2 {Riverside Distribution Center Investment, LLC}",evidenceOfInsurance,Evidence of Insurance,commercialGeneralLiability,Commercial General Liability,evidenceOfInsuranceCommercialGeneralLiabilityEachOccurrence,Each Occurrence,,matchOnce,must be greater or equal to,1000000,,non_compliant,Block Requirements,,,false,0,,2026-08-16
"Block Real Estate Services, LLC",69fdf78062446148bd8587b3,69fded1e62446148bd84908a,Phoenix Fastpitch LLC,69fdf07502bb2c42a87a2174,"kci862 - Riverside Distribution Center 2 {Riverside Distribution Center Investment, LLC}",evidenceOfInsurance,Evidence of Insurance,commercialGeneralLiability,Commercial General Liability,evidenceOfInsuranceCommercialGeneralLiabilityGeneralAggregate,General Aggregate,,matchOnce,must be greater or equal to,2000000,,non_compliant,Block Requirements,,,false,0,,2026-08-16
"Block Real Estate Services, LLC",69fdf78062446148bd8587b3,69fded1e62446148bd84908a,Phoenix Fastpitch LLC,69fdf07502bb2c42a87a2174,"kci862 - Riverside Distribution Center 2 {Riverside Distribution Center Investment, LLC}",evidenceOfInsurance,Evidence of Insurance,commercialGeneralLiability,Commercial General Liability,evidenceOfInsuranceCommercialGeneralLiabilityWaiverOfSubrogationEndorsement,Waiver of Subrogation,"---prompt---
Determine if the insurer has waived their right of subrogation in favor of the certificate holder under the Commercial General Liability policy. Evidence may include: a checked ""Waiver of Subrogation"" box on the certificate, mention in the Description of Operations section stating ""waiver of subrogation applies"", or reference to form CG 24 04. Look for language like ""subrogation is waived"" or ""per written contract"".",matchOnce,must be present,,,non_compliant,Block Requirements,,,false,0,,2026-08-16
"Block Real Estate Services, LLC",69fdf78062446148bd8587b3,69fded1e62446148bd84908a,Phoenix Fastpitch LLC,69fdf07502bb2c42a87a2174,"kci862 - Riverside Distribution Center 2 {Riverside Distribution Center Investment, LLC}",evidenceOfInsurance,Evidence of Insurance,excessOrUmbrellaLiability,Umbrella/Excess Liability,evidenceOfInsuranceExcessOrUmbrellaLiabilityOccurence,Coverage Trigger: Occurrence,,matchOnce,must be present,,,non_compliant,Block Requirements,,,false,0,,2026-08-16
"Block Real Estate Services, LLC",69fdf78062446148bd8587b3,69fded1e62446148bd84908a,Phoenix Fastpitch LLC,69fdf07502bb2c42a87a2174,"kci862 - Riverside Distribution Center 2 {Riverside Distribution Center Investment, LLC}",evidenceOfInsurance,Evidence of Insurance,excessOrUmbrellaLiability,Umbrella/Excess Liability,evidenceOfInsuranceExcessOrUmbrellaLiabilityEachOccurrence,Each Occurrence,,matchOnce,must be greater or equal to,1000000,,non_compliant,Block Requirements,,,false,0,,2026-08-16
"Block Real Estate Services, LLC",69fdf78062446148bd8587b3,69fded1e62446148bd84908a,Phoenix Fastpitch LLC,69fdf07502bb2c42a87a2174,"kci862 - Riverside Distribution Center 2 {Riverside Distribution Center Investment, LLC}",evidenceOfInsurance,Evidence of Insurance,excessOrUmbrellaLiability,Umbrella/Excess Liability,evidenceOfInsuranceExcessOrUmbrellaLiabilityAggregate,Aggregate,,matchOnce,must be greater or equal to,1000000,,non_compliant,Block Requirements,,,false,0,,2026-08-16
"Block Real Estate Services, LLC",69fdf78062446148bd8587b3,69fded1e62446148bd84908a,Phoenix Fastpitch LLC,69fdf07502bb2c42a87a2174,"kci862 - Riverside Distribution Center 2 {Riverside Distribution Center Investment, LLC}",evidenceOfInsurance,Evidence of Insurance,workersCompensation,Workers' Compensation and Employer's Liability,evidenceOfInsuranceWorkersCompensationStatutoryLimits,Statutory Limits,,matchOnce,must be present,,,non_compliant,Block Requirements,,,false,0,,2026-08-16
"Block Real Estate Services, LLC",69fdf78062446148bd8587b3,69fded1e62446148bd84908a,Phoenix Fastpitch LLC,69fdf07502bb2c42a87a2174,"kci862 - Riverside Distribution Center 2 {Riverside Distribution Center Investment, LLC}",evidenceOfInsurance,Evidence of Insurance,workersCompensation,Workers' Compensation and Employer's Liability,evidenceOfInsuranceWorkersCompensationEmployersLiabilityEachAccident,Employer's Liability Each Accident,,matchOnce,must be greater or equal to,500000,,non_compliant,Block Requirements,,,false,0,,2026-08-16
"Block Real Estate Services, LLC",69fdf78062446148bd8587b3,69fded1e62446148bd84908a,Phoenix Fastpitch LLC,69fdf07502bb2c42a87a2174,"kci862 - Riverside Distribution Center 2 {Riverside Distribution Center Investment, LLC}",evidenceOfInsurance,Evidence of Insurance,workersCompensation,Workers' Compensation and Employer's Liability,evidenceOfInsuranceWorkersCompensationEmployersLiabilityDiseaseEachEmployee,Employer's Liability Disease - each employee,,matchOnce,must be greater or equal to,500000,,non_compliant,Block Requirements,,,false,0,,2026-08-16
"Block Real Estate Services, LLC",69fdf78062446148bd8587b3,69fded1e62446148bd84908a,Phoenix Fastpitch LLC,69fdf07502bb2c42a87a2174,"kci862 - Riverside Distribution Center 2 {Riverside Distribution Center Investment, LLC}",evidenceOfInsurance,Evidence of Insurance,workersCompensation,Workers' Compensation and Employer's Liability,evidenceOfInsuranceWorkersCompensationEmployersLiabilityDiseasePolicyLimit,Employer's Liability Disease - policy limit,,matchOnce,must be greater or equal to,500000,,non_compliant,Block Requirements,,,false,0,,2026-08-16
"Block Real Estate Services, LLC",69fdf78062446148bd8587b3,69fded1e62446148bd84908a,Phoenix Fastpitch LLC,69fdf07502bb2c42a87a2174,"kci862 - Riverside Distribution Center 2 {Riverside Distribution Center Investment, LLC}",evidenceOfInsurance,Evidence of Insurance,workersCompensation,Workers' Compensation and Employer's Liability,evidenceOfInsuranceWorkersCompensationWaiverOfSubrogationEndorsement,Waiver of Subrogation,"---prompt---
Determine if the insurer has waived their right of subrogation in favor of the certificate holder under the Workers' Compensation policy. Evidence may include: a checked ""Waiver of Subrogation"" box on the certificate, mention in the Description of Operations section stating ""waiver of subrogation applies"", or reference to form WC 00 03 13. Look for language like ""subrogation is waived"" or ""per written contract"".",matchOnce,must be present,,,non_compliant,Block Requirements,,,false,0,,2026-08-16
"Block Real Estate Services, LLC",69fdf78062446148bd8587b3,69fded1e62446148bd84908a,Phoenix Fastpitch LLC,69fdf07502bb2c42a87a2174,"kci862 - Riverside Distribution Center 2 {Riverside Distribution Center Investment, LLC}",evidenceOfInsurance,Evidence of Insurance,6ac20aae-5728-5d57-b364-aeba38527dba,Additional Requirements,4da5b0f1-4c9d-5885-8cf8-5d3cccaed3e0,"Block Real Estate Services, LLC and all others required by contract are named as Additional Insureds","---prompt---
Determine if the Description of Operations or the Additional Remarks Schedule section states the ""Additional Insured as Construction Management, Inc. and all others required by contract"" or reference to blanket additional insured coverage. Look for language like ""certificate holder is additional insured"" or ""per written contract"".",matchOnce,must be present,,,non_compliant,Block Requirements,,,true,0,,2026-08-16
"Block Real Estate Services, LLC",69fdf78062446148bd8587b3,69fded1e62446148bd84908a,Phoenix Fastpitch LLC,69fdf07502bb2c42a87a2174,"kci862 - Riverside Distribution Center 2 {Riverside Distribution Center Investment, LLC}",evidenceOfInsurance,Evidence of Insurance,6ac20aae-5728-5d57-b364-aeba38527dba,Additional Requirements,e1017741-e47e-5f58-97b8-fbc3043e919f,Umbrella follows form over General Liability,"---prompt---
Determine if the Umbrella/Excess Liability policy follows form to the underlying policies. Evidence may include: language in the Description of Operations section stating the umbrella follows form to underlying coverages or an additional page endorsement stating that it follows form. Follow form means the umbrella policy adopts the same terms, conditions, and exclusions as the underlying policies.",matchOnce,must be present,,,non_compliant,Block Requirements,,,true,0,,2026-08-16
"Block Real Estate Services, LLC",69fdf78062446148bd8587b3,69fded1e62446148bd84908a,Phoenix Fastpitch LLC,69fdf07502bb2c42a87a2174,"kci862 - Riverside Distribution Center 2 {Riverside Distribution Center Investment, LLC}",evidenceOfInsurance,Evidence of Insurance,6ac20aae-5728-5d57-b364-aeba38527dba,Additional Requirements,2cdd866f-c9a4-576a-afd8-1d045762790c,"The location must be listed as: 4112 NW Riverside Street, Riverside, MO, 64150",,matchOnce,must be present,,,non_compliant,Block Requirements,,,true,0,,2026-08-16
"Block Real Estate Services, LLC",69fdf78062446148bd8587b3,69fded1e62446148bd84908a,Phoenix Fastpitch LLC,69fdf07502bb2c42a87a2174,"kci862 - Riverside Distribution Center 2 {Riverside Distribution Center Investment, LLC}",evidenceOfInsurance,Evidence of Insurance,6ac20aae-5728-5d57-b364-aeba38527dba,Additional Requirements,3649e9d1-4e09-59bf-8f30-cb33c40cf117,"Certificate Holder must read: c/o Block Real Estate Services, LLC, 4622 Pennsylvania St., Suite 700, Kansas City, MO, 64112",,matchOnce,must be present,,,non_compliant,Block Requirements,,,true,0,,2026-08-16
"Block Real Estate Services, LLC",69fdf78062446148bd8587b2,69fded1962446148bd848f0a,Landers Visions LLC,69fdf07502bb2c42a87a2174,"kci862 - Riverside Distribution Center 2 {Riverside Distribution Center Investment, LLC}",evidenceOfInsurance,Evidence of Insurance,commercialGeneralLiability,Commercial General Liability,evidenceOfInsuranceCommercialGeneralLiabilityCoverageTriggerOccurrence,Coverage Trigger: Occurrence,,matchOnce,must be present,,,non_compliant,Block Requirements,,,false,0,,2026-08-16
"Block Real Estate Services, LLC",69fdf78062446148bd8587b2,69fded1962446148bd848f0a,Landers Visions LLC,69fdf07502bb2c42a87a2174,"kci862 - Riverside Distribution Center 2 {Riverside Distribution Center Investment, LLC}",evidenceOfInsurance,Evidence of Insurance,commercialGeneralLiability,Commercial General Liability,evidenceOfInsuranceCommercialGeneralLiabilityGeneralAggregateLimitAppliesPerLocation,General Aggregate Limit Applies per: Location,,matchOnce,must be present,,,non_compliant,Block Requirements,,,false,0,,2026-08-16
"Block Real Estate Services, LLC",69fdf78062446148bd8587b2,69fded1962446148bd848f0a,Landers Visions LLC,69fdf07502bb2c42a87a2174,"kci862 - Riverside Distribution Center 2 {Riverside Distribution Center Investment, LLC}",evidenceOfInsurance,Evidence of Insurance,commercialGeneralLiability,Commercial General Liability,evidenceOfInsuranceCommercialGeneralLiabilityEachOccurrence,Each Occurrence,,matchOnce,must be greater or equal to,1000000,,non_compliant,Block Requirements,,,false,0,,2026-08-16
"Block Real Estate Services, LLC",69fdf78062446148bd8587b2,69fded1962446148bd848f0a,Landers Visions LLC,69fdf07502bb2c42a87a2174,"kci862 - Riverside Distribution Center 2 {Riverside Distribution Center Investment, LLC}",evidenceOfInsurance,Evidence of Insurance,commercialGeneralLiability,Commercial General Liability,evidenceOfInsuranceCommercialGeneralLiabilityGeneralAggregate,General Aggregate,,matchOnce,must be greater or equal to,2000000,,non_compliant,Block Requirements,,,false,0,,2026-08-16
"Block Real Estate Services, LLC",69fdf78062446148bd8587b2,69fded1962446148bd848f0a,Landers Visions LLC,69fdf07502bb2c42a87a2174,"kci862 - Riverside Distribution Center 2 {Riverside Distribution Center Investment, LLC}",evidenceOfInsurance,Evidence of Insurance,commercialGeneralLiability,Commercial General Liability,evidenceOfInsuranceCommercialGeneralLiabilityWaiverOfSubrogationEndorsement,Waiver of Subrogation,"---prompt---
Determine if the insurer has waived their right of subrogation in favor of the certificate holder under the Commercial General Liability policy. Evidence may include: a checked ""Waiver of Subrogation"" box on the certificate, mention in the Description of Operations section stating ""waiver of subrogation applies"", or reference to form CG 24 04. Look for language like ""subrogation is waived"" or ""per written contract"".",matchOnce,must be present,,,non_compliant,Block Requirements,,,false,0,,2026-08-16
"Block Real Estate Services, LLC",69fdf78062446148bd8587b2,69fded1962446148bd848f0a,Landers Visions LLC,69fdf07502bb2c42a87a2174,"kci862 - Riverside Distribution Center 2 {Riverside Distribution Center Investment, LLC}",evidenceOfInsurance,Evidence of Insurance,excessOrUmbrellaLiability,Umbrella/Excess Liability,evidenceOfInsuranceExcessOrUmbrellaLiabilityOccurence,Coverage Trigger: Occurrence,,matchOnce,must be present,,,non_compliant,Block Requirements,,,false,0,,2026-08-16
"Block Real Estate Services, LLC",69fdf78062446148bd8587b2,69fded1962446148bd848f0a,Landers Visions LLC,69fdf07502bb2c42a87a2174,"kci862 - Riverside Distribution Center 2 {Riverside Distribution Center Investment, LLC}",evidenceOfInsurance,Evidence of Insurance,excessOrUmbrellaLiability,Umbrella/Excess Liability,evidenceOfInsuranceExcessOrUmbrellaLiabilityEachOccurrence,Each Occurrence,,matchOnce,must be greater or equal to,1000000,,non_compliant,Block Requirements,,,false,0,,2026-08-16
"Block Real Estate Services, LLC",69fdf78062446148bd8587b2,69fded1962446148bd848f0a,Landers Visions LLC,69fdf07502bb2c42a87a2174,"kci862 - Riverside Distribution Center 2 {Riverside Distribution Center Investment, LLC}",evidenceOfInsurance,Evidence of Insurance,excessOrUmbrellaLiability,Umbrella/Excess Liability,evidenceOfInsuranceExcessOrUmbrellaLiabilityAggregate,Aggregate,,matchOnce,must be greater or equal to,1000000,,non_compliant,Block Requirements,,,false,0,,2026-08-16
"Block Real Estate Services, LLC",69fdf78062446148bd8587b2,69fded1962446148bd848f0a,Landers Visions LLC,69fdf07502bb2c42a87a2174,"kci862 - Riverside Distribution Center 2 {Riverside Distribution Center Investment, LLC}",evidenceOfInsurance,Evidence of Insurance,workersCompensation,Workers' Compensation and Employer's Liability,evidenceOfInsuranceWorkersCompensationStatutoryLimits,Statutory Limits,,matchOnce,must be present,,,non_compliant,Block Requirements,,,false,0,,2026-08-16
"Block Real Estate Services, LLC",69fdf78062446148bd8587b2,69fded1962446148bd848f0a,Landers Visions LLC,69fdf07502bb2c42a87a2174,"kci862 - Riverside Distribution Center 2 {Riverside Distribution Center Investment, LLC}",evidenceOfInsurance,Evidence of Insurance,workersCompensation,Workers' Compensation and Employer's Liability,evidenceOfInsuranceWorkersCompensationEmployersLiabilityEachAccident,Employer's Liability Each Accident,,matchOnce,must be greater or equal to,500000,,non_compliant,Block Requirements,,,false,0,,2026-08-16
"Block Real Estate Services, LLC",69fdf78062446148bd8587b2,69fded1962446148bd848f0a,Landers Visions LLC,69fdf07502bb2c42a87a2174,"kci862 - Riverside Distribution Center 2 {Riverside Distribution Center Investment, LLC}",evidenceOfInsurance,Evidence of Insurance,workersCompensation,Workers' Compensation and Employer's Liability,evidenceOfInsuranceWorkersCompensationEmployersLiabilityDiseaseEachEmployee,Employer's Liability Disease - each employee,,matchOnce,must be greater or equal to,500000,,non_compliant,Block Requirements,,,false,0,,2026-08-16
"Block Real Estate Services, LLC",69fdf78062446148bd8587b2,69fded1962446148bd848f0a,Landers Visions LLC,69fdf07502bb2c42a87a2174,"kci862 - Riverside Distribution Center 2 {Riverside Distribution Center Investment, LLC}",evidenceOfInsurance,Evidence of Insurance,workersCompensation,Workers' Compensation and Employer's Liability,evidenceOfInsuranceWorkersCompensationEmployersLiabilityDiseasePolicyLimit,Employer's Liability Disease - policy limit,,matchOnce,must be greater or equal to,500000,,non_compliant,Block Requirements,,,false,0,,2026-08-16
"Block Real Estate Services, LLC",69fdf78062446148bd8587b2,69fded1962446148bd848f0a,Landers Visions LLC,69fdf07502bb2c42a87a2174,"kci862 - Riverside Distribution Center 2 {Riverside Distribution Center Investment, LLC}",evidenceOfInsurance,Evidence of Insurance,workersCompensation,Workers' Compensation and Employer's Liability,evidenceOfInsuranceWorkersCompensationWaiverOfSubrogationEndorsement,Waiver of Subrogation,"---prompt---
Determine if the insurer has waived their right of subrogation in favor of the certificate holder under the Workers' Compensation policy. Evidence may include: a checked ""Waiver of Subrogation"" box on the certificate, mention in the Description of Operations section stating ""waiver of subrogation applies"", or reference to form WC 00 03 13. Look for language like ""subrogation is waived"" or ""per written contract"".",matchOnce,must be present,,,non_compliant,Block Requirements,,,false,0,,2026-08-16
"Block Real Estate Services, LLC",69fdf78062446148bd8587b2,69fded1962446148bd848f0a,Landers Visions LLC,69fdf07502bb2c42a87a2174,"kci862 - Riverside Distribution Center 2 {Riverside Distribution Center Investment, LLC}",evidenceOfInsurance,Evidence of Insurance,6ac20aae-5728-5d57-b364-aeba38527dba,Additional Requirements,4da5b0f1-4c9d-5885-8cf8-5d3cccaed3e0,"Block Real Estate Services, LLC and all others required by contract are named as Additional Insureds","---prompt---
Determine if the Description of Operations or the Additional Remarks Schedule section states the ""Additional Insured as Construction Management, Inc. and all others required by contract"" or reference to blanket additional insured coverage. Look for language like ""certificate holder is additional insured"" or ""per written contract"".",matchOnce,must be present,,,non_compliant,Block Requirements,,,true,0,,2026-08-16
"Block Real Estate Services, LLC",69fdf78062446148bd8587b2,69fded1962446148bd848f0a,Landers Visions LLC,69fdf07502bb2c42a87a2174,"kci862 - Riverside Distribution Center 2 {Riverside Distribution Center Investment, LLC}",evidenceOfInsurance,Evidence of Insurance,6ac20aae-5728-5d57-b364-aeba38527dba,Additional Requirements,e1017741-e47e-5f58-97b8-fbc3043e919f,Umbrella follows form over General Liability,"---prompt---
Determine if the Umbrella/Excess Liability policy follows form to the underlying policies. Evidence may include: language in the Description of Operations section stating the umbrella follows form to underlying coverages or an additional page endorsement stating that it follows form. Follow form means the umbrella policy adopts the same terms, conditions, and exclusions as the underlying policies.",matchOnce,must be present,,,non_compliant,Block Requirements,,,true,0,,2026-08-16
"Block Real Estate Services, LLC",69fdf78062446148bd8587b2,69fded1962446148bd848f0a,Landers Visions LLC,69fdf07502bb2c42a87a2174,"kci862 - Riverside Distribution Center 2 {Riverside Distribution Center Investment, LLC}",evidenceOfInsurance,Evidence of Insurance,6ac20aae-5728-5d57-b364-aeba38527dba,Additional Requirements,2cdd866f-c9a4-576a-afd8-1d045762790c,"The location must be listed as: 4114 NW Riverside Street, Riverside, MO, 64150",,matchOnce,must be present,,,non_compliant,Block Requirements,,,true,0,,2026-08-16
"Block Real Estate Services, LLC",69fdf78062446148bd8587b2,69fded1962446148bd848f0a,Landers Visions LLC,69fdf07502bb2c42a87a2174,"kci862 - Riverside Distribution Center 2 {Riverside Distribution Center Investment, LLC}",evidenceOfInsurance,Evidence of Insurance,6ac20aae-5728-5d57-b364-aeba38527dba,Additional Requirements,3649e9d1-4e09-59bf-8f30-cb33c40cf117,"Certificate Holder must read: c/o Block Real Estate Services, LLC, 4622 Pennsylvania St., Suite 700, Kansas City, MO, 64112",,matchOnce,must be present,,,non_compliant,Block Requirements,,,true,0,,2026-08-16
"Block Real Estate Services, LLC",69fdf76e62446148bd8573fc,69fded1a62446148bd848f37,"Mobile Air And Power / Resolute Industrial, LLC (sublease from Loomis Armored Services)",69fdf064e45e7dcf5c4375c2,"kci287 - Platte Valley Industrial Center 7 {Platte Valley Investment, LLC}",evidenceOfInsurance,Evidence of Insurance,commercialGeneralLiability,Commercial General Liability,evidenceOfInsuranceCommercialGeneralLiabilityCoverageTriggerOccurrence,Coverage Trigger: Occurrence,,matchOnce,must be present,,,non_compliant,Block Requirements,,,false,0,,2026-08-16
"Block Real Estate Services, LLC",69fdf76e62446148bd8573fc,69fded1a62446148bd848f37,"Mobile Air And Power / Resolute Industrial, LLC (sublease from Loomis Armored Services)",69fdf064e45e7dcf5c4375c2,"kci287 - Platte Valley Industrial Center 7 {Platte Valley Investment, LLC}",evidenceOfInsurance,Evidence of Insurance,commercialGeneralLiability,Commercial General Liability,evidenceOfInsuranceCommercialGeneralLiabilityGeneralAggregateLimitAppliesPerLocation,General Aggregate Limit Applies per: Location,,matchOnce,must be present,,,non_compliant,Block Requirements,,,false,0,,2026-08-16
"Block Real Estate Services, LLC",69fdf76e62446148bd8573fc,69fded1a62446148bd848f37,"Mobile Air And Power / Resolute Industrial, LLC (sublease from Loomis Armored Services)",69fdf064e45e7dcf5c4375c2,"kci287 - Platte Valley Industrial Center 7 {Platte Valley Investment, LLC}",evidenceOfInsurance,Evidence of Insurance,commercialGeneralLiability,Commercial General Liability,evidenceOfInsuranceCommercialGeneralLiabilityEachOccurrence,Each Occurrence,,matchOnce,must be greater or equal to,1000000,,non_compliant,Block Requirements,,,false,0,,2026-08-16
"Block Real Estate Services, LLC",69fdf76e62446148bd8573fc,69fded1a62446148bd848f37,"Mobile Air And Power / Resolute Industrial, LLC (sublease from Loomis Armored Services)",69fdf064e45e7dcf5c4375c2,"kci287 - Platte Valley Industrial Center 7 {Platte Valley Investment, LLC}",evidenceOfInsurance,Evidence of Insurance,commercialGeneralLiability,Commercial General Liability,evidenceOfInsuranceCommercialGeneralLiabilityGeneralAggregate,General Aggregate,,matchOnce,must be greater or equal to,2000000,,non_compliant,Block Requirements,,,false,0,,2026-08-16
"Block Real Estate Services, LLC",69fdf76e62446148bd8573fc,69fded1a62446148bd848f37,"Mobile Air And Power / Resolute Industrial, LLC (sublease from Loomis Armored Services)",69fdf064e45e7dcf5c4375c2,"kci287 - Platte Valley Industrial Center 7 {Platte Valley Investment, LLC}",evidenceOfInsurance,Evidence of Insurance,commercialGeneralLiability,Commercial General Liability,evidenceOfInsuranceCommercialGeneralLiabilityWaiverOfSubrogationEndorsement,Waiver of Subrogation,"---prompt---
Determine if the insurer has waived their right of subrogation in favor of the certificate holder under the Commercial General Liability policy. Evidence may include: a checked ""Waiver of Subrogation"" box on the certificate, mention in the Description of Operations section stating ""waiver of subrogation applies"", or reference to form CG 24 04. Look for language like ""subrogation is waived"" or ""per written contract"".",matchOnce,must be present,,,non_compliant,Block Requirements,,,false,0,,2026-08-16
"Block Real Estate Services, LLC",69fdf76e62446148bd8573fc,69fded1a62446148bd848f37,"Mobile Air And Power / Resolute Industrial, LLC (sublease from Loomis Armored Services)",69fdf064e45e7dcf5c4375c2,"kci287 - Platte Valley Industrial Center 7 {Platte Valley Investment, LLC}",evidenceOfInsurance,Evidence of Insurance,excessOrUmbrellaLiability,Umbrella/Excess Liability,evidenceOfInsuranceExcessOrUmbrellaLiabilityOccurence,Coverage Trigger: Occurrence,,matchOnce,must be present,,,non_compliant,Block Requirements,,,false,0,,2026-08-16
"Block Real Estate Services, LLC",69fdf76e62446148bd8573fc,69fded1a62446148bd848f37,"Mobile Air And Power / Resolute Industrial, LLC (sublease from Loomis Armored Services)",69fdf064e45e7dcf5c4375c2,"kci287 - Platte Valley Industrial Center 7 {Platte Valley Investment, LLC}",evidenceOfInsurance,Evidence of Insurance,excessOrUmbrellaLiability,Umbrella/Excess Liability,evidenceOfInsuranceExcessOrUmbrellaLiabilityEachOccurrence,Each Occurrence,,matchOnce,must be greater or equal to,1000000,,non_compliant,Block Requirements,,,false,0,,2026-08-16
"Block Real Estate Services, LLC",69fdf76e62446148bd8573fc,69fded1a62446148bd848f37,"Mobile Air And Power / Resolute Industrial, LLC (sublease from Loomis Armored Services)",69fdf064e45e7dcf5c4375c2,"kci287 - Platte Valley Industrial Center 7 {Platte Valley Investment, LLC}",evidenceOfInsurance,Evidence of Insurance,excessOrUmbrellaLiability,Umbrella/Excess Liability,evidenceOfInsuranceExcessOrUmbrellaLiabilityAggregate,Aggregate,,matchOnce,must be greater or equal to,1000000,,non_compliant,Block Requirements,,,false,0,,2026-08-16
"Block Real Estate Services, LLC",69fdf76e62446148bd8573fc,69fded1a62446148bd848f37,"Mobile Air And Power / Resolute Industrial, LLC (sublease from Loomis Armored Services)",69fdf064e45e7dcf5c4375c2,"kci287 - Platte Valley Industrial Center 7 {Platte Valley Investment, LLC}",evidenceOfInsurance,Evidence of Insurance,workersCompensation,Workers' Compensation and Employer's Liability,evidenceOfInsuranceWorkersCompensationStatutoryLimits,Statutory Limits,,matchOnce,must be present,,,non_compliant,Block Requirements,,,false,0,,2026-08-16
"Block Real Estate Services, LLC",69fdf76e62446148bd8573fc,69fded1a62446148bd848f37,"Mobile Air And Power / Resolute Industrial, LLC (sublease from Loomis Armored Services)",69fdf064e45e7dcf5c4375c2,"kci287 - Platte Valley Industrial Center 7 {Platte Valley Investment, LLC}",evidenceOfInsurance,Evidence of Insurance,workersCompensation,Workers' Compensation and Employer's Liability,evidenceOfInsuranceWorkersCompensationEmployersLiabilityEachAccident,Employer's Liability Each Accident,,matchOnce,must be greater or equal to,500000,,non_compliant,Block Requirements,,,false,0,,2026-08-16
"Block Real Estate Services, LLC",69fdf76e62446148bd8573fc,69fded1a62446148bd848f37,"Mobile Air And Power / Resolute Industrial, LLC (sublease from Loomis Armored Services)",69fdf064e45e7dcf5c4375c2,"kci287 - Platte Valley Industrial Center 7 {Platte Valley Investment, LLC}",evidenceOfInsurance,Evidence of Insurance,workersCompensation,Workers' Compensation and Employer's Liability,evidenceOfInsuranceWorkersCompensationEmployersLiabilityDiseaseEachEmployee,Employer's Liability Disease - each employee,,matchOnce,must be greater or equal to,500000,,non_compliant,Block Requirements,,,false,0,,2026-08-16
"Block Real Estate Services, LLC",69fdf76e62446148bd8573fc,69fded1a62446148bd848f37,"Mobile Air And Power / Resolute Industrial, LLC (sublease from Loomis Armored Services)",69fdf064e45e7dcf5c4375c2,"kci287 - Platte Valley Industrial Center 7 {Platte Valley Investment, LLC}",evidenceOfInsurance,Evidence of Insurance,workersCompensation,Workers' Compensation and Employer's Liability,evidenceOfInsuranceWorkersCompensationEmployersLiabilityDiseasePolicyLimit,Employer's Liability Disease - policy limit,,matchOnce,must be greater or equal to,500000,,non_compliant,Block Requirements,,,false,0,,2026-08-16
"Block Real Estate Services, LLC",69fdf76e62446148bd8573fc,69fded1a62446148bd848f37,"Mobile Air And Power / Resolute Industrial, LLC (sublease from Loomis Armored Services)",69fdf064e45e7dcf5c4375c2,"kci287 - Platte Valley Industrial Center 7 {Platte Valley Investment, LLC}",evidenceOfInsurance,Evidence of Insurance,workersCompensation,Workers' Compensation and Employer's Liability,evidenceOfInsuranceWorkersCompensationWaiverOfSubrogationEndorsement,Waiver of Subrogation,"---prompt---
Determine if the insurer has waived their right of subrogation in favor of the certificate holder under the Workers' Compensation policy. Evidence may include: a checked ""Waiver of Subrogation"" box on the certificate, mention in the Description of Operations section stating ""waiver of subrogation applies"", or reference to form WC 00 03 13. Look for language like ""subrogation is waived"" or ""per written contract"".",matchOnce,must be present,,,non_compliant,Block Requirements,,,false,0,,2026-08-16
"Block Real Estate Services, LLC",69fdf76e62446148bd8573fc,69fded1a62446148bd848f37,"Mobile Air And Power / Resolute Industrial, LLC (sublease from Loomis Armored Services)",69fdf064e45e7dcf5c4375c2,"kci287 - Platte Valley Industrial Center 7 {Platte Valley Investment, LLC}",evidenceOfInsurance,Evidence of Insurance,6ac20aae-5728-5d57-b364-aeba38527dba,Additional Requirements,4da5b0f1-4c9d-5885-8cf8-5d3cccaed3e0,"Block Real Estate Services, LLC and all others required by contract are named as Additional Insureds","---prompt---
Determine if the Description of Operations or the Additional Remarks Schedule section states the ""Additional Insured as Construction Management, Inc. and all others required by contract"" or reference to blanket additional insured coverage. Look for language like ""certificate holder is additional insured"" or ""per written contract"".",matchOnce,must be present,,,non_compliant,Block Requirements,,,true,0,,2026-08-16
"Block Real Estate Services, LLC",69fdf76e62446148bd8573fc,69fded1a62446148bd848f37,"Mobile Air And Power / Resolute Industrial, LLC (sublease from Loomis Armored Services)",69fdf064e45e7dcf5c4375c2,"kci287 - Platte Valley Industrial Center 7 {Platte Valley Investment, LLC}",evidenceOfInsurance,Evidence of Insurance,6ac20aae-5728-5d57-b364-aeba38527dba,Additional Requirements,e1017741-e47e-5f58-97b8-fbc3043e919f,Umbrella follows form over General Liability,"---prompt---
Determine if the Umbrella/Excess Liability policy follows form to the underlying policies. Evidence may include: language in the Description of Operations section stating the umbrella follows form to underlying coverages or an additional page endorsement stating that it follows form. Follow form means the umbrella policy adopts the same terms, conditions, and exclusions as the underlying policies.",matchOnce,must be present,,,non_compliant,Block Requirements,,,true,0,,2026-08-16
"Block Real Estate Services, LLC",69fdf76e62446148bd8573fc,69fded1a62446148bd848f37,"Mobile Air And Power / Resolute Industrial, LLC (sublease from Loomis Armored Services)",69fdf064e45e7dcf5c4375c2,"kci287 - Platte Valley Industrial Center 7 {Platte Valley Investment, LLC}",evidenceOfInsurance,Evidence of Insurance,6ac20aae-5728-5d57-b364-aeba38527dba,Additional Requirements,2cdd866f-c9a4-576a-afd8-1d045762790c,"The location must be listed as: 300 NW Parkway Drive, Riverside, MO, 64150",,matchOnce,must be present,,,non_compliant,Block Requirements,,,true,0,,2026-08-16
"Block Real Estate Services, LLC",69fdf76e62446148bd8573fc,69fded1a62446148bd848f37,"Mobile Air And Power / Resolute Industrial, LLC (sublease from Loomis Armored Services)",69fdf064e45e7dcf5c4375c2,"kci287 - Platte Valley Industrial Center 7 {Platte Valley Investment, LLC}",evidenceOfInsurance,Evidence of Insurance,6ac20aae-5728-5d57-b364-aeba38527dba,Additional Requirements,3649e9d1-4e09-59bf-8f30-cb33c40cf117,"Certificate Holder must read: c/o Block Real Estate Services, LLC, 4622 Pennsylvania St., Suite 700, Kansas City, MO, 64112",,matchOnce,must be present,,,non_compliant,Block Requirements,,,true,0,,2026-08-16
"Block Real Estate Services, LLC",69fdf76e62446148bd8573de,69fded1a62446148bd848f52,Manna Pro Products LLC,69fdf03f03a2257cd27de04f,"kc2700 - Switzer I {Barry 1, LLC}",evidenceOfInsurance,Evidence of Insurance,commercialGeneralLiability,Commercial General Liability,evidenceOfInsuranceCommercialGeneralLiabilityCoverageTriggerOccurrence,Coverage Trigger: Occurrence,,matchOnce,must be present,,,non_compliant,Block Requirements,,,false,0,,2026-08-16
"Block Real Estate Services, LLC",69fdf76e62446148bd8573de,69fded1a62446148bd848f52,Manna Pro Products LLC,69fdf03f03a2257cd27de04f,"kc2700 - Switzer I {Barry 1, LLC}",evidenceOfInsurance,Evidence of Insurance,commercialGeneralLiability,Commercial General Liability,evidenceOfInsuranceCommercialGeneralLiabilityGeneralAggregateLimitAppliesPerLocation,General Aggregate Limit Applies per: Location,,matchOnce,must be present,,,non_compliant,Block Requirements,,,false,0,,2026-08-16
"Block Real Estate Services, LLC",69fdf76e62446148bd8573de,69fded1a62446148bd848f52,Manna Pro Products LLC,69fdf03f03a2257cd27de04f,"kc2700 - Switzer I {Barry 1, LLC}",evidenceOfInsurance,Evidence of Insurance,commercialGeneralLiability,Commercial General Liability,evidenceOfInsuranceCommercialGeneralLiabilityEachOccurrence,Each Occurrence,,matchOnce,must be greater or equal to,1000000,,non_compliant,Block Requirements,,,false,0,,2026-08-16
"Block Real Estate Services, LLC",69fdf76e62446148bd8573de,69fded1a62446148bd848f52,Manna Pro Products LLC,69fdf03f03a2257cd27de04f,"kc2700 - Switzer I {Barry 1, LLC}",evidenceOfInsurance,Evidence of Insurance,commercialGeneralLiability,Commercial General Liability,evidenceOfInsuranceCommercialGeneralLiabilityGeneralAggregate,General Aggregate,,matchOnce,must be greater or equal to,2000000,,non_compliant,Block Requirements,,,false,0,,2026-08-16
"Block Real Estate Services, LLC",69fdf76e62446148bd8573de,69fded1a62446148bd848f52,Manna Pro Products LLC,69fdf03f03a2257cd27de04f,"kc2700 - Switzer I {Barry 1, LLC}",evidenceOfInsurance,Evidence of Insurance,commercialGeneralLiability,Commercial General Liability,evidenceOfInsuranceCommercialGeneralLiabilityWaiverOfSubrogationEndorsement,Waiver of Subrogation,"---prompt---
Determine if the insurer has waived their right of subrogation in favor of the certificate holder under the Commercial General Liability policy. Evidence may include: a checked ""Waiver of Subrogation"" box on the certificate, mention in the Description of Operations section stating ""waiver of subrogation applies"", or reference to form CG 24 04. Look for language like ""subrogation is waived"" or ""per written contract"".",matchOnce,must be present,,,non_compliant,Block Requirements,,,false,0,,2026-08-16
"Block Real Estate Services, LLC",69fdf76e62446148bd8573de,69fded1a62446148bd848f52,Manna Pro Products LLC,69fdf03f03a2257cd27de04f,"kc2700 - Switzer I {Barry 1, LLC}",evidenceOfInsurance,Evidence of Insurance,excessOrUmbrellaLiability,Umbrella/Excess Liability,evidenceOfInsuranceExcessOrUmbrellaLiabilityOccurence,Coverage Trigger: Occurrence,,matchOnce,must be present,,,non_compliant,Block Requirements,,,false,0,,2026-08-16
"Block Real Estate Services, LLC",69fdf76e62446148bd8573de,69fded1a62446148bd848f52,Manna Pro Products LLC,69fdf03f03a2257cd27de04f,"kc2700 - Switzer I {Barry 1, LLC}",evidenceOfInsurance,Evidence of Insurance,excessOrUmbrellaLiability,Umbrella/Excess Liability,evidenceOfInsuranceExcessOrUmbrellaLiabilityEachOccurrence,Each Occurrence,,matchOnce,must be greater or equal to,1000000,,non_compliant,Block Requirements,,,false,0,,2026-08-16
"Block Real Estate Services, LLC",69fdf76e62446148bd8573de,69fded1a62446148bd848f52,Manna Pro Products LLC,69fdf03f03a2257cd27de04f,"kc2700 - Switzer I {Barry 1, LLC}",evidenceOfInsurance,Evidence of Insurance,excessOrUmbrellaLiability,Umbrella/Excess Liability,evidenceOfInsuranceExcessOrUmbrellaLiabilityAggregate,Aggregate,,matchOnce,must be greater or equal to,1000000,,non_compliant,Block Requirements,,,false,0,,2026-08-16
"Block Real Estate Services, LLC",69fdf76e62446148bd8573de,69fded1a62446148bd848f52,Manna Pro Products LLC,69fdf03f03a2257cd27de04f,"kc2700 - Switzer I {Barry 1, LLC}",evidenceOfInsurance,Evidence of Insurance,workersCompensation,Workers' Compensation and Employer's Liability,evidenceOfInsuranceWorkersCompensationStatutoryLimits,Statutory Limits,,matchOnce,must be present,,,non_compliant,Block Requirements,,,false,0,,2026-08-16
"Block Real Estate Services, LLC",69fdf76e62446148bd8573de,69fded1a62446148bd848f52,Manna Pro Products LLC,69fdf03f03a2257cd27de04f,"kc2700 - Switzer I {Barry 1, LLC}",evidenceOfInsurance,Evidence of Insurance,workersCompensation,Workers' Compensation and Employer's Liability,evidenceOfInsuranceWorkersCompensationEmployersLiabilityEachAccident,Employer's Liability Each Accident,,matchOnce,must be greater or equal to,500000,,non_compliant,Block Requirements,,,false,0,,2026-08-16
"Block Real Estate Services, LLC",69fdf76e62446148bd8573de,69fded1a62446148bd848f52,Manna Pro Products LLC,69fdf03f03a2257cd27de04f,"kc2700 - Switzer I {Barry 1, LLC}",evidenceOfInsurance,Evidence of Insurance,workersCompensation,Workers' Compensation and Employer's Liability,evidenceOfInsuranceWorkersCompensationEmployersLiabilityDiseaseEachEmployee,Employer's Liability Disease - each employee,,matchOnce,must be greater or equal to,500000,,non_compliant,Block Requirements,,,false,0,,2026-08-16
"Block Real Estate Services, LLC",69fdf76e62446148bd8573de,69fded1a62446148bd848f52,Manna Pro Products LLC,69fdf03f03a2257cd27de04f,"kc2700 - Switzer I {Barry 1, LLC}",evidenceOfInsurance,Evidence of Insurance,workersCompensation,Workers' Compensation and Employer's Liability,evidenceOfInsuranceWorkersCompensationEmployersLiabilityDiseasePolicyLimit,Employer's Liability Disease - policy limit,,matchOnce,must be greater or equal to,500000,,non_compliant,Block Requirements,,,false,0,,2026-08-16
"Block Real Estate Services, LLC",69fdf76e62446148bd8573de,69fded1a62446148bd848f52,Manna Pro Products LLC,69fdf03f03a2257cd27de04f,"kc2700 - Switzer I {Barry 1, LLC}",evidenceOfInsurance,Evidence of Insurance,workersCompensation,Workers' Compensation and Employer's Liability,evidenceOfInsuranceWorkersCompensationWaiverOfSubrogationEndorsement,Waiver of Subrogation,"---prompt---
Determine if the insurer has waived their right of subrogation in favor of the certificate holder under the Workers' Compensation policy. Evidence may include: a checked ""Waiver of Subrogation"" box on the certificate, mention in the Description of Operations section stating ""waiver of subrogation applies"", or reference to form WC 00 03 13. Look for language like ""subrogation is waived"" or ""per written contract"".",matchOnce,must be present,,,non_compliant,Block Requirements,,,false,0,,2026-08-16
"Block Real Estate Services, LLC",69fdf76e62446148bd8573de,69fded1a62446148bd848f52,Manna Pro Products LLC,69fdf03f03a2257cd27de04f,"kc2700 - Switzer I {Barry 1, LLC}",evidenceOfInsurance,Evidence of Insurance,6ac20aae-5728-5d57-b364-aeba38527dba,Additional Requirements,4da5b0f1-4c9d-5885-8cf8-5d3cccaed3e0,"Block Real Estate Services, LLC and all others required by contract are named as Additional Insureds","---prompt---
Determine if the Description of Operations or the Additional Remarks Schedule section states the ""Additional Insured as Construction Management, Inc. and all others required by contract"" or reference to blanket additional insured coverage. Look for language like ""certificate holder is additional insured"" or ""per written contract"".",matchOnce,must be present,,,non_compliant,Block Requirements,,,true,0,,2026-08-16
"Block Real Estate Services, LLC",69fdf76e62446148bd8573de,69fded1a62446148bd848f52,Manna Pro Products LLC,69fdf03f03a2257cd27de04f,"kc2700 - Switzer I {Barry 1, LLC}",evidenceOfInsurance,Evidence of Insurance,6ac20aae-5728-5d57-b364-aeba38527dba,Additional Requirements,e1017741-e47e-5f58-97b8-fbc3043e919f,Umbrella follows form over General Liability,"---prompt---
Determine if the Umbrella/Excess Liability policy follows form to the underlying policies. Evidence may include: language in the Description of Operations section stating the umbrella follows form to underlying coverages or an additional page endorsement stating that it follows form. Follow form means the umbrella policy adopts the same terms, conditions, and exclusions as the underlying policies.",matchOnce,must be present,,,non_compliant,Block Requirements,,,true,0,,2026-08-16
"Block Real Estate Services, LLC",69fdf76e62446148bd8573de,69fded1a62446148bd848f52,Manna Pro Products LLC,69fdf03f03a2257cd27de04f,"kc2700 - Switzer I {Barry 1, LLC}",evidenceOfInsurance,Evidence of Insurance,6ac20aae-5728-5d57-b364-aeba38527dba,Additional Requirements,2cdd866f-c9a4-576a-afd8-1d045762790c,"The location must be listed as: 10504 W. 79th Street, Shawnee, KS, 66214",,matchOnce,must be present,,,non_compliant,Block Requirements,,,true,0,,2026-08-16
"Block Real Estate Services, LLC",69fdf76e62446148bd8573de,69fded1a62446148bd848f52,Manna Pro Products LLC,69fdf03f03a2257cd27de04f,"kc2700 - Switzer I {Barry 1, LLC}",evidenceOfInsurance,Evidence of Insurance,6ac20aae-5728-5d57-b364-aeba38527dba,Additional Requirements,3649e9d1-4e09-59bf-8f30-cb33c40cf117,"Certificate Holder must read: c/o Block Real Estate Services, LLC, 4622 Pennsylvania St., Suite 700, Kansas City, MO, 64112",,matchOnce,must be present,,,non_compliant,Block Requirements,,,true,0,,2026-08-16
"Block Real Estate Services, LLC",69fdf74a62446148bd854b2c,69fded1a62446148bd848f55,"Bistro / Marcie, Inc.",69fdef283b208288e0a79ba9,"3rd299 - Delaire KC, LLC - Westport Building - 301 Westport Road (Retail, 1st Floor)",evidenceOfInsurance,Evidence of Insurance,commercialGeneralLiability,Commercial General Liability,evidenceOfInsuranceCommercialGeneralLiabilityCoverageTriggerOccurrence,Coverage Trigger: Occurrence,,matchOnce,must be present,,Present,compliant,Block Requirements,,,false,1,,2026-08-16
"Block Real Estate Services, LLC",69fdf74a62446148bd854b2c,69fded1a62446148bd848f55,"Bistro / Marcie, Inc.",69fdef283b208288e0a79ba9,"3rd299 - Delaire KC, LLC - Westport Building - 301 Westport Road (Retail, 1st Floor)",evidenceOfInsurance,Evidence of Insurance,commercialGeneralLiability,Commercial General Liability,evidenceOfInsuranceCommercialGeneralLiabilityGeneralAggregateLimitAppliesPerLocation,General Aggregate Limit Applies per: Location,,matchOnce,must be present,,,waived,Block Requirements,Per location not a requirement in the lease,,false,0,,2026-08-16
"Block Real Estate Services, LLC",69fdf74a62446148bd854b2c,69fded1a62446148bd848f55,"Bistro / Marcie, Inc.",69fdef283b208288e0a79ba9,"3rd299 - Delaire KC, LLC - Westport Building - 301 Westport Road (Retail, 1st Floor)",evidenceOfInsurance,Evidence of Insurance,commercialGeneralLiability,Commercial General Liability,evidenceOfInsuranceCommercialGeneralLiabilityEachOccurrence,Each Occurrence,,matchOnce,must be greater or equal to,1000000,1000000,compliant,Block Requirements,,,false,1,,2026-08-16
"Block Real Estate Services, LLC",69fdf74a62446148bd854b2c,69fded1a62446148bd848f55,"Bistro / Marcie, Inc.",69fdef283b208288e0a79ba9,"3rd299 - Delaire KC, LLC - Westport Building - 301 Westport Road (Retail, 1st Floor)",evidenceOfInsurance,Evidence of Insurance,commercialGeneralLiability,Commercial General Liability,evidenceOfInsuranceCommercialGeneralLiabilityGeneralAggregate,General Aggregate,,matchOnce,must be greater or equal to,2000000,2000000,compliant,Block Requirements,,,false,1,,2026-08-16
"Block Real Estate Services, LLC",69fdf74a62446148bd854b2c,69fded1a62446148bd848f55,"Bistro / Marcie, Inc.",69fdef283b208288e0a79ba9,"3rd299 - Delaire KC, LLC - Westport Building - 301 Westport Road (Retail, 1st Floor)",evidenceOfInsurance,Evidence of Insurance,commercialGeneralLiability,Commercial General Liability,evidenceOfInsuranceCommercialGeneralLiabilityWaiverOfSubrogationEndorsement,Waiver of Subrogation,"---prompt---
Determine if the insurer has waived their right of subrogation in favor of the certificate holder under the Commercial General Liability policy. Evidence may include: a checked ""Waiver of Subrogation"" box on the certificate, mention in the Description of Operations section stating ""waiver of subrogation applies"", or reference to form CG 24 04. Look for language like ""subrogation is waived"" or ""per written contract"".",matchOnce,must be present,,Present,compliant,Block Requirements,,,false,1,,2026-08-16
"Block Real Estate Services, LLC",69fdf74a62446148bd854b2c,69fded1a62446148bd848f55,"Bistro / Marcie, Inc.",69fdef283b208288e0a79ba9,"3rd299 - Delaire KC, LLC - Westport Building - 301 Westport Road (Retail, 1st Floor)",evidenceOfInsurance,Evidence of Insurance,excessOrUmbrellaLiability,Umbrella/Excess Liability,evidenceOfInsuranceExcessOrUmbrellaLiabilityOccurence,Coverage Trigger: Occurrence,,matchOnce,must be present,,,waived,Block Requirements,,,false,0,,2026-08-16
"Block Real Estate Services, LLC",69fdf74a62446148bd854b2c,69fded1a62446148bd848f55,"Bistro / Marcie, Inc.",69fdef283b208288e0a79ba9,"3rd299 - Delaire KC, LLC - Westport Building - 301 Westport Road (Retail, 1st Floor)",evidenceOfInsurance,Evidence of Insurance,excessOrUmbrellaLiability,Umbrella/Excess Liability,evidenceOfInsuranceExcessOrUmbrellaLiabilityEachOccurrence,Each Occurrence,,matchOnce,must be greater or equal to,1000000,,waived,Block Requirements,,,false,0,,2026-08-16
"Block Real Estate Services, LLC",69fdf74a62446148bd854b2c,69fded1a62446148bd848f55,"Bistro / Marcie, Inc.",69fdef283b208288e0a79ba9,"3rd299 - Delaire KC, LLC - Westport Building - 301 Westport Road (Retail, 1st Floor)",evidenceOfInsurance,Evidence of Insurance,excessOrUmbrellaLiability,Umbrella/Excess Liability,evidenceOfInsuranceExcessOrUmbrellaLiabilityAggregate,Aggregate,,matchOnce,must be greater or equal to,1000000,,waived,Block Requirements,,,false,0,,2026-08-16
"Block Real Estate Services, LLC",69fdf74a62446148bd854b2c,69fded1a62446148bd848f55,"Bistro / Marcie, Inc.",69fdef283b208288e0a79ba9,"3rd299 - Delaire KC, LLC - Westport Building - 301 Westport Road (Retail, 1st Floor)",evidenceOfInsurance,Evidence of Insurance,workersCompensation,Workers' Compensation and Employer's Liability,evidenceOfInsuranceWorkersCompensationStatutoryLimits,Statutory Limits,,matchOnce,must be present,,,waived,Block Requirements,,,false,0,,2026-08-16
"Block Real Estate Services, LLC",69fdf74a62446148bd854b2c,69fded1a62446148bd848f55,"Bistro / Marcie, Inc.",69fdef283b208288e0a79ba9,"3rd299 - Delaire KC, LLC - Westport Building - 301 Westport Road (Retail, 1st Floor)",evidenceOfInsurance,Evidence of Insurance,workersCompensation,Workers' Compensation and Employer's Liability,evidenceOfInsuranceWorkersCompensationEmployersLiabilityEachAccident,Employer's Liability Each Accident,,matchOnce,must be greater or equal to,500000,,waived,Block Requirements,,,false,0,,2026-08-16
"Block Real Estate Services, LLC",69fdf74a62446148bd854b2c,69fded1a62446148bd848f55,"Bistro / Marcie, Inc.",69fdef283b208288e0a79ba9,"3rd299 - Delaire KC, LLC - Westport Building - 301 Westport Road (Retail, 1st Floor)",evidenceOfInsurance,Evidence of Insurance,workersCompensation,Workers' Compensation and Employer's Liability,evidenceOfInsuranceWorkersCompensationEmployersLiabilityDiseaseEachEmployee,Employer's Liability Disease - each employee,,matchOnce,must be greater or equal to,500000,,waived,Block Requirements,,,false,0,,2026-08-16
"Block Real Estate Services, LLC",69fdf74a62446148bd854b2c,69fded1a62446148bd848f55,"Bistro / Marcie, Inc.",69fdef283b208288e0a79ba9,"3rd299 - Delaire KC, LLC - Westport Building - 301 Westport Road (Retail, 1st Floor)",evidenceOfInsurance,Evidence of Insurance,workersCompensation,Workers' Compensation and Employer's Liability,evidenceOfInsuranceWorkersCompensationEmployersLiabilityDiseasePolicyLimit,Employer's Liability Disease - policy limit,,matchOnce,must be greater or equal to,500000,,waived,Block Requirements,,,false,0,,2026-08-16
"Block Real Estate Services, LLC",69fdf74a62446148bd854b2c,69fded1a62446148bd848f55,"Bistro / Marcie, Inc.",69fdef283b208288e0a79ba9,"3rd299 - Delaire KC, LLC - Westport Building - 301 Westport Road (Retail, 1st Floor)",evidenceOfInsurance,Evidence of Insurance,workersCompensation,Workers' Compensation and Employer's Liability,evidenceOfInsuranceWorkersCompensationWaiverOfSubrogationEndorsement,Waiver of Subrogation,"---prompt---
Determine if the insurer has waived their right of subrogation in favor of the certificate holder under the Workers' Compensation policy. Evidence may include: a checked ""Waiver of Subrogation"" box on the certificate, mention in the Description of Operations section stating ""waiver of subrogation applies"", or reference to form WC 00 03 13. Look for language like ""subrogation is waived"" or ""per written contract"".",matchOnce,must be present,,,waived,Block Requirements,,,false,0,,2026-08-16
"Block Real Estate Services, LLC",69fdf74a62446148bd854b2c,69fded1a62446148bd848f55,"Bistro / Marcie, Inc.",69fdef283b208288e0a79ba9,"3rd299 - Delaire KC, LLC - Westport Building - 301 Westport Road (Retail, 1st Floor)",evidenceOfInsurance,Evidence of Insurance,6ac20aae-5728-5d57-b364-aeba38527dba,Additional Requirements,4da5b0f1-4c9d-5885-8cf8-5d3cccaed3e0,"Block Real Estate Services, LLC and all others required by contract are named as Additional Insureds","---prompt---
Determine if the Description of Operations or the Additional Remarks Schedule section states the ""Additional Insured as Construction Management, Inc. and all others required by contract"" or reference to blanket additional insured coverage. Look for language like ""certificate holder is additional insured"" or ""per written contract"".",matchOnce,must be present,,,non_compliant,Block Requirements,,,true,0,,2026-08-16
"Block Real Estate Services, LLC",69fdf74a62446148bd854b2c,69fded1a62446148bd848f55,"Bistro / Marcie, Inc.",69fdef283b208288e0a79ba9,"3rd299 - Delaire KC, LLC - Westport Building - 301 Westport Road (Retail, 1st Floor)",evidenceOfInsurance,Evidence of Insurance,6ac20aae-5728-5d57-b364-aeba38527dba,Additional Requirements,e1017741-e47e-5f58-97b8-fbc3043e919f,Umbrella follows form over General Liability,"---prompt---
Determine if the Umbrella/Excess Liability policy follows form to the underlying policies. Evidence may include: language in the Description of Operations section stating the umbrella follows form to underlying coverages or an additional page endorsement stating that it follows form. Follow form means the umbrella policy adopts the same terms, conditions, and exclusions as the underlying policies.",matchOnce,must be present,,,waived,Block Requirements,Umbrella not a requirement in the lease,,true,0,,2026-08-16
"Block Real Estate Services, LLC",69fdf74a62446148bd854b2c,69fded1a62446148bd848f55,"Bistro / Marcie, Inc.",69fdef283b208288e0a79ba9,"3rd299 - Delaire KC, LLC - Westport Building - 301 Westport Road (Retail, 1st Floor)",evidenceOfInsurance,Evidence of Insurance,6ac20aae-5728-5d57-b364-aeba38527dba,Additional Requirements,2cdd866f-c9a4-576a-afd8-1d045762790c,"The location must be listed as: 301 & 303 Westport Road, Kansas City, MO, 64111",,matchOnce,must be present,,,non_compliant,Block Requirements,,,true,0,,2026-08-16
"Block Real Estate Services, LLC",69fdf74a62446148bd854b2c,69fded1a62446148bd848f55,"Bistro / Marcie, Inc.",69fdef283b208288e0a79ba9,"3rd299 - Delaire KC, LLC - Westport Building - 301 Westport Road (Retail, 1st Floor)",evidenceOfInsurance,Evidence of Insurance,6ac20aae-5728-5d57-b364-aeba38527dba,Additional Requirements,3649e9d1-4e09-59bf-8f30-cb33c40cf117,"Certificate Holder must read: c/o Block Real Estate Services, LLC, 4622 Pennsylvania St., Suite 700, Kansas City, MO, 64112",,matchOnce,must be present,,,non_compliant,Block Requirements,,,true,0,,2026-08-16
"Block Real Estate Services, LLC",69fdf7a362446148bd85b039,69fded2462446148bd8492bb,Woodbridge Corporation,69fdf1733b208288e0a83fdc,"tic285 - Platte Valley Industrial Center 5 {WCG Riverside, LLC}",evidenceOfInsurance,Evidence of Insurance,commercialGeneralLiability,Commercial General Liability,evidenceOfInsuranceCommercialGeneralLiabilityCoverageTriggerOccurrence,Coverage Trigger: Occurrence,,matchOnce,must be present,,,non_compliant,Block Requirements,,,false,0,,2026-08-16
"Block Real Estate Services, LLC",69fdf7a362446148bd85b039,69fded2462446148bd8492bb,Woodbridge Corporation,69fdf1733b208288e0a83fdc,"tic285 - Platte Valley Industrial Center 5 {WCG Riverside, LLC}",evidenceOfInsurance,Evidence of Insurance,commercialGeneralLiability,Commercial General Liability,evidenceOfInsuranceCommercialGeneralLiabilityGeneralAggregateLimitAppliesPerLocation,General Aggregate Limit Applies per: Location,,matchOnce,must be present,,,non_compliant,Block Requirements,,,false,0,,2026-08-16
"Block Real Estate Services, LLC",69fdf7a362446148bd85b039,69fded2462446148bd8492bb,Woodbridge Corporation,69fdf1733b208288e0a83fdc,"tic285 - Platte Valley Industrial Center 5 {WCG Riverside, LLC}",evidenceOfInsurance,Evidence of Insurance,commercialGeneralLiability,Commercial General Liability,evidenceOfInsuranceCommercialGeneralLiabilityEachOccurrence,Each Occurrence,,matchOnce,must be greater or equal to,1000000,,non_compliant,Block Requirements,,,false,0,,2026-08-16
"Block Real Estate Services, LLC",69fdf7a362446148bd85b039,69fded2462446148bd8492bb,Woodbridge Corporation,69fdf1733b208288e0a83fdc,"tic285 - Platte Valley Industrial Center 5 {WCG Riverside, LLC}",evidenceOfInsurance,Evidence of Insurance,commercialGeneralLiability,Commercial General Liability,evidenceOfInsuranceCommercialGeneralLiabilityGeneralAggregate,General Aggregate,,matchOnce,must be greater or equal to,2000000,,non_compliant,Block Requirements,,,false,0,,2026-08-16
"Block Real Estate Services, LLC",69fdf7a362446148bd85b039,69fded2462446148bd8492bb,Woodbridge Corporation,69fdf1733b208288e0a83fdc,"tic285 - Platte Valley Industrial Center 5 {WCG Riverside, LLC}",evidenceOfInsurance,Evidence of Insurance,commercialGeneralLiability,Commercial General Liability,evidenceOfInsuranceCommercialGeneralLiabilityWaiverOfSubrogationEndorsement,Waiver of Subrogation,"---prompt---
Determine if the insurer has waived their right of subrogation in favor of the certificate holder under the Commercial General Liability policy. Evidence may include: a checked ""Waiver of Subrogation"" box on the certificate, mention in the Description of Operations section stating ""waiver of subrogation applies"", or reference to form CG 24 04. Look for language like ""subrogation is waived"" or ""per written contract"".",matchOnce,must be present,,,non_compliant,Block Requirements,,,false,0,,2026-08-16
"Block Real Estate Services, LLC",69fdf7a362446148bd85b039,69fded2462446148bd8492bb,Woodbridge Corporation,69fdf1733b208288e0a83fdc,"tic285 - Platte Valley Industrial Center 5 {WCG Riverside, LLC}",evidenceOfInsurance,Evidence of Insurance,excessOrUmbrellaLiability,Umbrella/Excess Liability,evidenceOfInsuranceExcessOrUmbrellaLiabilityOccurence,Coverage Trigger: Occurrence,,matchOnce,must be present,,,non_compliant,Block Requirements,,,false,0,,2026-08-16
"Block Real Estate Services, LLC",69fdf7a362446148bd85b039,69fded2462446148bd8492bb,Woodbridge Corporation,69fdf1733b208288e0a83fdc,"tic285 - Platte Valley Industrial Center 5 {WCG Riverside, LLC}",evidenceOfInsurance,Evidence of Insurance,excessOrUmbrellaLiability,Umbrella/Excess Liability,evidenceOfInsuranceExcessOrUmbrellaLiabilityEachOccurrence,Each Occurrence,,matchOnce,must be greater or equal to,1000000,,non_compliant,Block Requirements,,,false,0,,2026-08-16
"Block Real Estate Services, LLC",69fdf7a362446148bd85b039,69fded2462446148bd8492bb,Woodbridge Corporation,69fdf1733b208288e0a83fdc,"tic285 - Platte Valley Industrial Center 5 {WCG Riverside, LLC}",evidenceOfInsurance,Evidence of Insurance,excessOrUmbrellaLiability,Umbrella/Excess Liability,evidenceOfInsuranceExcessOrUmbrellaLiabilityAggregate,Aggregate,,matchOnce,must be greater or equal to,1000000,,non_compliant,Block Requirements,,,false,0,,2026-08-16
"Block Real Estate Services, LLC",69fdf7a362446148bd85b039,69fded2462446148bd8492bb,Woodbridge Corporation,69fdf1733b208288e0a83fdc,"tic285 - Platte Valley Industrial Center 5 {WCG Riverside, LLC}",evidenceOfInsurance,Evidence of Insurance,workersCompensation,Workers' Compensation and Employer's Liability,evidenceOfInsuranceWorkersCompensationStatutoryLimits,Statutory Limits,,matchOnce,must be present,,,non_compliant,Block Requirements,,,false,0,,2026-08-16
"Block Real Estate Services, LLC",69fdf7a362446148bd85b039,69fded2462446148bd8492bb,Woodbridge Corporation,69fdf1733b208288e0a83fdc,"tic285 - Platte Valley Industrial Center 5 {WCG Riverside, LLC}",evidenceOfInsurance,Evidence of Insurance,workersCompensation,Workers' Compensation and Employer's Liability,evidenceOfInsuranceWorkersCompensationEmployersLiabilityEachAccident,Employer's Liability Each Accident,,matchOnce,must be greater or equal to,500000,,non_compliant,Block Requirements,,,false,0,,2026-08-16
"Block Real Estate Services, LLC",69fdf7a362446148bd85b039,69fded2462446148bd8492bb,Woodbridge Corporation,69fdf1733b208288e0a83fdc,"tic285 - Platte Valley Industrial Center 5 {WCG Riverside, LLC}",evidenceOfInsurance,Evidence of Insurance,workersCompensation,Workers' Compensation and Employer's Liability,evidenceOfInsuranceWorkersCompensationEmployersLiabilityDiseaseEachEmployee,Employer's Liability Disease - each employee,,matchOnce,must be greater or equal to,500000,,non_compliant,Block Requirements,,,false,0,,2026-08-16
"Block Real Estate Services, LLC",69fdf7a362446148bd85b039,69fded2462446148bd8492bb,Woodbridge Corporation,69fdf1733b208288e0a83fdc,"tic285 - Platte Valley Industrial Center 5 {WCG Riverside, LLC}",evidenceOfInsurance,Evidence of Insurance,workersCompensation,Workers' Compensation and Employer's Liability,evidenceOfInsuranceWorkersCompensationEmployersLiabilityDiseasePolicyLimit,Employer's Liability Disease - policy limit,,matchOnce,must be greater or equal to,500000,,non_compliant,Block Requirements,,,false,0,,2026-08-16
"Block Real Estate Services, LLC",69fdf7a362446148bd85b039,69fded2462446148bd8492bb,Woodbridge Corporation,69fdf1733b208288e0a83fdc,"tic285 - Platte Valley Industrial Center 5 {WCG Riverside, LLC}",evidenceOfInsurance,Evidence of Insurance,workersCompensation,Workers' Compensation and Employer's Liability,evidenceOfInsuranceWorkersCompensationWaiverOfSubrogationEndorsement,Waiver of Subrogation,"---prompt---
Determine if the insurer has waived their right of subrogation in favor of the certificate holder under the Workers' Compensation policy. Evidence may include: a checked ""Waiver of Subrogation"" box on the certificate, mention in the Description of Operations section stating ""waiver of subrogation applies"", or reference to form WC 00 03 13. Look for language like ""subrogation is waived"" or ""per written contract"".",matchOnce,must be present,,,non_compliant,Block Requirements,,,false,0,,2026-08-16
"Block Real Estate Services, LLC",69fdf7a362446148bd85b039,69fded2462446148bd8492bb,Woodbridge Corporation,69fdf1733b208288e0a83fdc,"tic285 - Platte Valley Industrial Center 5 {WCG Riverside, LLC}",evidenceOfInsurance,Evidence of Insurance,6ac20aae-5728-5d57-b364-aeba38527dba,Additional Requirements,4da5b0f1-4c9d-5885-8cf8-5d3cccaed3e0,"Block Real Estate Services, LLC and all others required by contract are named as Additional Insureds","---prompt---
Determine if the Description of Operations or the Additional Remarks Schedule section states the ""Additional Insured as Construction Management, Inc. and all others required by contract"" or reference to blanket additional insured coverage. Look for language like ""certificate holder is additional insured"" or ""per written contract"".",matchOnce,must be present,,,non_compliant,Block Requirements,,,true,0,,2026-08-16
"Block Real Estate Services, LLC",69fdf7a362446148bd85b039,69fded2462446148bd8492bb,Woodbridge Corporation,69fdf1733b208288e0a83fdc,"tic285 - Platte Valley Industrial Center 5 {WCG Riverside, LLC}",evidenceOfInsurance,Evidence of Insurance,6ac20aae-5728-5d57-b364-aeba38527dba,Additional Requirements,e1017741-e47e-5f58-97b8-fbc3043e919f,Umbrella follows form over General Liability,"---prompt---
Determine if the Umbrella/Excess Liability policy follows form to the underlying policies. Evidence may include: language in the Description of Operations section stating the umbrella follows form to underlying coverages or an additional page endorsement stating that it follows form. Follow form means the umbrella policy adopts the same terms, conditions, and exclusions as the underlying policies.",matchOnce,must be present,,,non_compliant,Block Requirements,,,true,0,,2026-08-16
"Block Real Estate Services, LLC",69fdf7a362446148bd85b039,69fded2462446148bd8492bb,Woodbridge Corporation,69fdf1733b208288e0a83fdc,"tic285 - Platte Valley Industrial Center 5 {WCG Riverside, LLC}",evidenceOfInsurance,Evidence of Insurance,6ac20aae-5728-5d57-b364-aeba38527dba,Additional Requirements,2cdd866f-c9a4-576a-afd8-1d045762790c,The location must be listed as: 555 NW Platte Valley Drive Riverside MO 64150,,matchOnce,must be present,,,non_compliant,Block Requirements,,,true,0,,2026-08-16
"Block Real Estate Services, LLC",69fdf7a362446148bd85b039,69fded2462446148bd8492bb,Woodbridge Corporation,69fdf1733b208288e0a83fdc,"tic285 - Platte Valley Industrial Center 5 {WCG Riverside, LLC}",evidenceOfInsurance,Evidence of Insurance,6ac20aae-5728-5d57-b364-aeba38527dba,Additional Requirements,3649e9d1-4e09-59bf-8f30-cb33c40cf117,"Certificate Holder must read: c/o Block Real Estate Services, LLC, 4622 Pennsylvania St., Suite 700, Kansas City, MO, 64112",,matchOnce,must be present,,,non_compliant,Block Requirements,,,true,0,,2026-08-16
"Block Real Estate Services, LLC",69fdf7a362446148bd85b038,69fded1a62446148bd848f58,Marcon Marketing Concepts Inc,69fdf1733b208288e0a83fdc,"tic285 - Platte Valley Industrial Center 5 {WCG Riverside, LLC}",evidenceOfInsurance,Evidence of Insurance,commercialGeneralLiability,Commercial General Liability,evidenceOfInsuranceCommercialGeneralLiabilityCoverageTriggerOccurrence,Coverage Trigger: Occurrence,,matchOnce,must be present,,Present,compliant,Block Requirements,,,false,1,,2026-08-16
"Block Real Estate Services, LLC",69fdf7a362446148bd85b038,69fded1a62446148bd848f58,Marcon Marketing Concepts Inc,69fdf1733b208288e0a83fdc,"tic285 - Platte Valley Industrial Center 5 {WCG Riverside, LLC}",evidenceOfInsurance,Evidence of Insurance,commercialGeneralLiability,Commercial General Liability,evidenceOfInsuranceCommercialGeneralLiabilityGeneralAggregateLimitAppliesPerLocation,General Aggregate Limit Applies per: Location,,matchOnce,must be present,,Present,compliant,Block Requirements,,,false,1,,2026-08-16
"Block Real Estate Services, LLC",69fdf7a362446148bd85b038,69fded1a62446148bd848f58,Marcon Marketing Concepts Inc,69fdf1733b208288e0a83fdc,"tic285 - Platte Valley Industrial Center 5 {WCG Riverside, LLC}",evidenceOfInsurance,Evidence of Insurance,commercialGeneralLiability,Commercial General Liability,evidenceOfInsuranceCommercialGeneralLiabilityEachOccurrence,Each Occurrence,,matchOnce,must be greater or equal to,1000000,1000000,compliant,Block Requirements,,,false,1,,2026-08-16
"Block Real Estate Services, LLC",69fdf7a362446148bd85b038,69fded1a62446148bd848f58,Marcon Marketing Concepts Inc,69fdf1733b208288e0a83fdc,"tic285 - Platte Valley Industrial Center 5 {WCG Riverside, LLC}",evidenceOfInsurance,Evidence of Insurance,commercialGeneralLiability,Commercial General Liability,evidenceOfInsuranceCommercialGeneralLiabilityGeneralAggregate,General Aggregate,,matchOnce,must be greater or equal to,2000000,2000000,compliant,Block Requirements,,,false,1,,2026-08-16
"Block Real Estate Services, LLC",69fdf7a362446148bd85b038,69fded1a62446148bd848f58,Marcon Marketing Concepts Inc,69fdf1733b208288e0a83fdc,"tic285 - Platte Valley Industrial Center 5 {WCG Riverside, LLC}",evidenceOfInsurance,Evidence of Insurance,commercialGeneralLiability,Commercial General Liability,evidenceOfInsuranceCommercialGeneralLiabilityWaiverOfSubrogationEndorsement,Waiver of Subrogation,"---prompt---
Determine if the insurer has waived their right of subrogation in favor of the certificate holder under the Commercial General Liability policy. Evidence may include: a checked ""Waiver of Subrogation"" box on the certificate, mention in the Description of Operations section stating ""waiver of subrogation applies"", or reference to form CG 24 04. Look for language like ""subrogation is waived"" or ""per written contract"".",matchOnce,must be present,,Present,compliant,Block Requirements,,,false,1,,2026-08-16
"Block Real Estate Services, LLC",69fdf7a362446148bd85b038,69fded1a62446148bd848f58,Marcon Marketing Concepts Inc,69fdf1733b208288e0a83fdc,"tic285 - Platte Valley Industrial Center 5 {WCG Riverside, LLC}",evidenceOfInsurance,Evidence of Insurance,excessOrUmbrellaLiability,Umbrella/Excess Liability,evidenceOfInsuranceExcessOrUmbrellaLiabilityOccurence,Coverage Trigger: Occurrence,,matchOnce,must be present,,Present,compliant,Block Requirements,,,false,1,,2026-08-16
"Block Real Estate Services, LLC",69fdf7a362446148bd85b038,69fded1a62446148bd848f58,Marcon Marketing Concepts Inc,69fdf1733b208288e0a83fdc,"tic285 - Platte Valley Industrial Center 5 {WCG Riverside, LLC}",evidenceOfInsurance,Evidence of Insurance,excessOrUmbrellaLiability,Umbrella/Excess Liability,evidenceOfInsuranceExcessOrUmbrellaLiabilityEachOccurrence,Each Occurrence,,matchOnce,must be greater or equal to,1000000,5000000,compliant,Block Requirements,,,false,1,,2026-08-16
"Block Real Estate Services, LLC",69fdf7a362446148bd85b038,69fded1a62446148bd848f58,Marcon Marketing Concepts Inc,69fdf1733b208288e0a83fdc,"tic285 - Platte Valley Industrial Center 5 {WCG Riverside, LLC}",evidenceOfInsurance,Evidence of Insurance,excessOrUmbrellaLiability,Umbrella/Excess Liability,evidenceOfInsuranceExcessOrUmbrellaLiabilityAggregate,Aggregate,,matchOnce,must be greater or equal to,1000000,5000000,compliant,Block Requirements,,,false,1,,2026-08-16
"Block Real Estate Services, LLC",69fdf7a362446148bd85b038,69fded1a62446148bd848f58,Marcon Marketing Concepts Inc,69fdf1733b208288e0a83fdc,"tic285 - Platte Valley Industrial Center 5 {WCG Riverside, LLC}",evidenceOfInsurance,Evidence of Insurance,workersCompensation,Workers' Compensation and Employer's Liability,evidenceOfInsuranceWorkersCompensationStatutoryLimits,Statutory Limits,,matchOnce,must be present,,Present,compliant,Block Requirements,,,false,1,,2026-08-16
"Block Real Estate Services, LLC",69fdf7a362446148bd85b038,69fded1a62446148bd848f58,Marcon Marketing Concepts Inc,69fdf1733b208288e0a83fdc,"tic285 - Platte Valley Industrial Center 5 {WCG Riverside, LLC}",evidenceOfInsurance,Evidence of Insurance,workersCompensation,Workers' Compensation and Employer's Liability,evidenceOfInsuranceWorkersCompensationEmployersLiabilityEachAccident,Employer's Liability Each Accident,,matchOnce,must be greater or equal to,500000,500000,compliant,Block Requirements,,,false,1,,2026-08-16
"Block Real Estate Services, LLC",69fdf7a362446148bd85b038,69fded1a62446148bd848f58,Marcon Marketing Concepts Inc,69fdf1733b208288e0a83fdc,"tic285 - Platte Valley Industrial Center 5 {WCG Riverside, LLC}",evidenceOfInsurance,Evidence of Insurance,workersCompensation,Workers' Compensation and Employer's Liability,evidenceOfInsuranceWorkersCompensationEmployersLiabilityDiseaseEachEmployee,Employer's Liability Disease - each employee,,matchOnce,must be greater or equal to,500000,500000,compliant,Block Requirements,,,false,1,,2026-08-16
"Block Real Estate Services, LLC",69fdf7a362446148bd85b038,69fded1a62446148bd848f58,Marcon Marketing Concepts Inc,69fdf1733b208288e0a83fdc,"tic285 - Platte Valley Industrial Center 5 {WCG Riverside, LLC}",evidenceOfInsurance,Evidence of Insurance,workersCompensation,Workers' Compensation and Employer's Liability,evidenceOfInsuranceWorkersCompensationEmployersLiabilityDiseasePolicyLimit,Employer's Liability Disease - policy limit,,matchOnce,must be greater or equal to,500000,500000,compliant,Block Requirements,,,false,1,,2026-08-16
"Block Real Estate Services, LLC",69fdf7a362446148bd85b038,69fded1a62446148bd848f58,Marcon Marketing Concepts Inc,69fdf1733b208288e0a83fdc,"tic285 - Platte Valley Industrial Center 5 {WCG Riverside, LLC}",evidenceOfInsurance,Evidence of Insurance,workersCompensation,Workers' Compensation and Employer's Liability,evidenceOfInsuranceWorkersCompensationWaiverOfSubrogationEndorsement,Waiver of Subrogation,"---prompt---
Determine if the insurer has waived their right of subrogation in favor of the certificate holder under the Workers' Compensation policy. Evidence may include: a checked ""Waiver of Subrogation"" box on the certificate, mention in the Description of Operations section stating ""waiver of subrogation applies"", or reference to form WC 00 03 13. Look for language like ""subrogation is waived"" or ""per written contract"".",matchOnce,must be present,,Present,compliant,Block Requirements,,,false,1,,2026-08-16
"Block Real Estate Services, LLC",69fdf7a362446148bd85b038,69fded1a62446148bd848f58,Marcon Marketing Concepts Inc,69fdf1733b208288e0a83fdc,"tic285 - Platte Valley Industrial Center 5 {WCG Riverside, LLC}",evidenceOfInsurance,Evidence of Insurance,6ac20aae-5728-5d57-b364-aeba38527dba,Additional Requirements,4da5b0f1-4c9d-5885-8cf8-5d3cccaed3e0,"Block Real Estate Services, LLC and all others required by contract are named as Additional Insureds","---prompt---
Determine if the Description of Operations or the Additional Remarks Schedule section states the ""Additional Insured as Construction Management, Inc. and all others required by contract"" or reference to blanket additional insured coverage. Look for language like ""certificate holder is additional insured"" or ""per written contract"".",matchOnce,must be present,,Present,compliant,Block Requirements,,,true,1,,2026-08-16
"Block Real Estate Services, LLC",69fdf7a362446148bd85b038,69fded1a62446148bd848f58,Marcon Marketing Concepts Inc,69fdf1733b208288e0a83fdc,"tic285 - Platte Valley Industrial Center 5 {WCG Riverside, LLC}",evidenceOfInsurance,Evidence of Insurance,6ac20aae-5728-5d57-b364-aeba38527dba,Additional Requirements,e1017741-e47e-5f58-97b8-fbc3043e919f,Umbrella follows form over General Liability,"---prompt---
Determine if the Umbrella/Excess Liability policy follows form to the underlying policies. Evidence may include: language in the Description of Operations section stating the umbrella follows form to underlying coverages or an additional page endorsement stating that it follows form. Follow form means the umbrella policy adopts the same terms, conditions, and exclusions as the underlying policies.",matchOnce,must be present,,Present,compliant,Block Requirements,,,true,1,,2026-08-16
"Block Real Estate Services, LLC",69fdf7a362446148bd85b038,69fded1a62446148bd848f58,Marcon Marketing Concepts Inc,69fdf1733b208288e0a83fdc,"tic285 - Platte Valley Industrial Center 5 {WCG Riverside, LLC}",evidenceOfInsurance,Evidence of Insurance,6ac20aae-5728-5d57-b364-aeba38527dba,Additional Requirements,2cdd866f-c9a4-576a-afd8-1d045762790c,The location must be listed as: 500 NW Platte Valley Drive Riverside MO 64150,,matchOnce,must be present,,Present,compliant,Block Requirements,,,true,1,,2026-08-16
"Block Real Estate Services, LLC",69fdf7a362446148bd85b038,69fded1a62446148bd848f58,Marcon Marketing Concepts Inc,69fdf1733b208288e0a83fdc,"tic285 - Platte Valley Industrial Center 5 {WCG Riverside, LLC}",evidenceOfInsurance,Evidence of Insurance,6ac20aae-5728-5d57-b364-aeba38527dba,Additional Requirements,3649e9d1-4e09-59bf-8f30-cb33c40cf117,"Certificate Holder must read: c/o Block Real Estate Services, LLC, 4622 Pennsylvania St., Suite 700, Kansas City, MO, 64112",,matchOnce,must be present,,Present,compliant,Block Requirements,,,true,1,,2026-08-16
"Block Real Estate Services, LLC",69fdf7b562446148bd85c479,69fded1a62446148bd848f5b,"Marel, USA",69fdf1ffd3bfa5e4945e61a5,"tic828 - Pine Ridge Building 28 {PERG BUILDINGS, LLC}",evidenceOfInsurance,Evidence of Insurance,commercialGeneralLiability,Commercial General Liability,evidenceOfInsuranceCommercialGeneralLiabilityCoverageTriggerOccurrence,Coverage Trigger: Occurrence,,matchOnce,must be present,,,non_compliant,Block Requirements,,,false,0,,2026-08-16
"Block Real Estate Services, LLC",69fdf7b562446148bd85c479,69fded1a62446148bd848f5b,"Marel, USA",69fdf1ffd3bfa5e4945e61a5,"tic828 - Pine Ridge Building 28 {PERG BUILDINGS, LLC}",evidenceOfInsurance,Evidence of Insurance,commercialGeneralLiability,Commercial General Liability,evidenceOfInsuranceCommercialGeneralLiabilityGeneralAggregateLimitAppliesPerLocation,General Aggregate Limit Applies per: Location,,matchOnce,must be present,,,non_compliant,Block Requirements,,,false,0,,2026-08-16
"Block Real Estate Services, LLC",69fdf7b562446148bd85c479,69fded1a62446148bd848f5b,"Marel, USA",69fdf1ffd3bfa5e4945e61a5,"tic828 - Pine Ridge Building 28 {PERG BUILDINGS, LLC}",evidenceOfInsurance,Evidence of Insurance,commercialGeneralLiability,Commercial General Liability,evidenceOfInsuranceCommercialGeneralLiabilityEachOccurrence,Each Occurrence,,matchOnce,must be greater or equal to,1000000,,non_compliant,Block Requirements,,,false,0,,2026-08-16
"Block Real Estate Services, LLC",69fdf7b562446148bd85c479,69fded1a62446148bd848f5b,"Marel, USA",69fdf1ffd3bfa5e4945e61a5,"tic828 - Pine Ridge Building 28 {PERG BUILDINGS, LLC}",evidenceOfInsurance,Evidence of Insurance,commercialGeneralLiability,Commercial General Liability,evidenceOfInsuranceCommercialGeneralLiabilityGeneralAggregate,General Aggregate,,matchOnce,must be greater or equal to,2000000,,non_compliant,Block Requirements,,,false,0,,2026-08-16
"Block Real Estate Services, LLC",69fdf7b562446148bd85c479,69fded1a62446148bd848f5b,"Marel, USA",69fdf1ffd3bfa5e4945e61a5,"tic828 - Pine Ridge Building 28 {PERG BUILDINGS, LLC}",evidenceOfInsurance,Evidence of Insurance,commercialGeneralLiability,Commercial General Liability,evidenceOfInsuranceCommercialGeneralLiabilityWaiverOfSubrogationEndorsement,Waiver of Subrogation,"---prompt---
Determine if the insurer has waived their right of subrogation in favor of the certificate holder under the Commercial General Liability policy. Evidence may include: a checked ""Waiver of Subrogation"" box on the certificate, mention in the Description of Operations section stating ""waiver of subrogation applies"", or reference to form CG 24 04. Look for language like ""subrogation is waived"" or ""per written contract"".",matchOnce,must be present,,,non_compliant,Block Requirements,,,false,0,,2026-08-16
"Block Real Estate Services, LLC",69fdf7b562446148bd85c479,69fded1a62446148bd848f5b,"Marel, USA",69fdf1ffd3bfa5e4945e61a5,"tic828 - Pine Ridge Building 28 {PERG BUILDINGS, LLC}",evidenceOfInsurance,Evidence of Insurance,excessOrUmbrellaLiability,Umbrella/Excess Liability,evidenceOfInsuranceExcessOrUmbrellaLiabilityOccurence,Coverage Trigger: Occurrence,,matchOnce,must be present,,,non_compliant,Block Requirements,,,false,0,,2026-08-16
"Block Real Estate Services, LLC",69fdf7b562446148bd85c479,69fded1a62446148bd848f5b,"Marel, USA",69fdf1ffd3bfa5e4945e61a5,"tic828 - Pine Ridge Building 28 {PERG BUILDINGS, LLC}",evidenceOfInsurance,Evidence of Insurance,excessOrUmbrellaLiability,Umbrella/Excess Liability,evidenceOfInsuranceExcessOrUmbrellaLiabilityEachOccurrence,Each Occurrence,,matchOnce,must be greater or equal to,1000000,,non_compliant,Block Requirements,,,false,0,,2026-08-16
"Block Real Estate Services, LLC",69fdf7b562446148bd85c479,69fded1a62446148bd848f5b,"Marel, USA",69fdf1ffd3bfa5e4945e61a5,"tic828 - Pine Ridge Building 28 {PERG BUILDINGS, LLC}",evidenceOfInsurance,Evidence of Insurance,excessOrUmbrellaLiability,Umbrella/Excess Liability,evidenceOfInsuranceExcessOrUmbrellaLiabilityAggregate,Aggregate,,matchOnce,must be greater or equal to,1000000,,non_compliant,Block Requirements,,,false,0,,2026-08-16
"Block Real Estate Services, LLC",69fdf7b562446148bd85c479,69fded1a62446148bd848f5b,"Marel, USA",69fdf1ffd3bfa5e4945e61a5,"tic828 - Pine Ridge Building 28 {PERG BUILDINGS, LLC}",evidenceOfInsurance,Evidence of Insurance,workersCompensation,Workers' Compensation and Employer's Liability,evidenceOfInsuranceWorkersCompensationStatutoryLimits,Statutory Limits,,matchOnce,must be present,,,non_compliant,Block Requirements,,,false,0,,2026-08-16
"Block Real Estate Services, LLC",69fdf7b562446148bd85c479,69fded1a62446148bd848f5b,"Marel, USA",69fdf1ffd3bfa5e4945e61a5,"tic828 - Pine Ridge Building 28 {PERG BUILDINGS, LLC}",evidenceOfInsurance,Evidence of Insurance,workersCompensation,Workers' Compensation and Employer's Liability,evidenceOfInsuranceWorkersCompensationEmployersLiabilityEachAccident,Employer's Liability Each Accident,,matchOnce,must be greater or equal to,500000,,non_compliant,Block Requirements,,,false,0,,2026-08-16
"Block Real Estate Services, LLC",69fdf7b562446148bd85c479,69fded1a62446148bd848f5b,"Marel, USA",69fdf1ffd3bfa5e4945e61a5,"tic828 - Pine Ridge Building 28 {PERG BUILDINGS, LLC}",evidenceOfInsurance,Evidence of Insurance,workersCompensation,Workers' Compensation and Employer's Liability,evidenceOfInsuranceWorkersCompensationEmployersLiabilityDiseaseEachEmployee,Employer's Liability Disease - each employee,,matchOnce,must be greater or equal to,500000,,non_compliant,Block Requirements,,,false,0,,2026-08-16
"Block Real Estate Services, LLC",69fdf7b562446148bd85c479,69fded1a62446148bd848f5b,"Marel, USA",69fdf1ffd3bfa5e4945e61a5,"tic828 - Pine Ridge Building 28 {PERG BUILDINGS, LLC}",evidenceOfInsurance,Evidence of Insurance,workersCompensation,Workers' Compensation and Employer's Liability,evidenceOfInsuranceWorkersCompensationEmployersLiabilityDiseasePolicyLimit,Employer's Liability Disease - policy limit,,matchOnce,must be greater or equal to,500000,,non_compliant,Block Requirements,,,false,0,,2026-08-16
"Block Real Estate Services, LLC",69fdf7b562446148bd85c479,69fded1a62446148bd848f5b,"Marel, USA",69fdf1ffd3bfa5e4945e61a5,"tic828 - Pine Ridge Building 28 {PERG BUILDINGS, LLC}",evidenceOfInsurance,Evidence of Insurance,workersCompensation,Workers' Compensation and Employer's Liability,evidenceOfInsuranceWorkersCompensationWaiverOfSubrogationEndorsement,Waiver of Subrogation,"---prompt---
Determine if the insurer has waived their right of subrogation in favor of the certificate holder under the Workers' Compensation policy. Evidence may include: a checked ""Waiver of Subrogation"" box on the certificate, mention in the Description of Operations section stating ""waiver of subrogation applies"", or reference to form WC 00 03 13. Look for language like ""subrogation is waived"" or ""per written contract"".",matchOnce,must be present,,,non_compliant,Block Requirements,,,false,0,,2026-08-16
"Block Real Estate Services, LLC",69fdf7b562446148bd85c479,69fded1a62446148bd848f5b,"Marel, USA",69fdf1ffd3bfa5e4945e61a5,"tic828 - Pine Ridge Building 28 {PERG BUILDINGS, LLC}",evidenceOfInsurance,Evidence of Insurance,6ac20aae-5728-5d57-b364-aeba38527dba,Additional Requirements,4da5b0f1-4c9d-5885-8cf8-5d3cccaed3e0,"Block Real Estate Services, LLC and all others required by contract are named as Additional Insureds","---prompt---
Determine if the Description of Operations or the Additional Remarks Schedule section states the ""Additional Insured as Construction Management, Inc. and all others required by contract"" or reference to blanket additional insured coverage. Look for language like ""certificate holder is additional insured"" or ""per written contract"".",matchOnce,must be present,,,non_compliant,Block Requirements,,,true,0,,2026-08-16
"Block Real Estate Services, LLC",69fdf7b562446148bd85c479,69fded1a62446148bd848f5b,"Marel, USA",69fdf1ffd3bfa5e4945e61a5,"tic828 - Pine Ridge Building 28 {PERG BUILDINGS, LLC}",evidenceOfInsurance,Evidence of Insurance,6ac20aae-5728-5d57-b364-aeba38527dba,Additional Requirements,e1017741-e47e-5f58-97b8-fbc3043e919f,Umbrella follows form over General Liability,"---prompt---
Determine if the Umbrella/Excess Liability policy follows form to the underlying policies. Evidence may include: language in the Description of Operations section stating the umbrella follows form to underlying coverages or an additional page endorsement stating that it follows form. Follow form means the umbrella policy adopts the same terms, conditions, and exclusions as the underlying policies.",matchOnce,must be present,,,non_compliant,Block Requirements,,,true,0,,2026-08-16
"Block Real Estate Services, LLC",69fdf7b562446148bd85c479,69fded1a62446148bd848f5b,"Marel, USA",69fdf1ffd3bfa5e4945e61a5,"tic828 - Pine Ridge Building 28 {PERG BUILDINGS, LLC}",evidenceOfInsurance,Evidence of Insurance,6ac20aae-5728-5d57-b364-aeba38527dba,Additional Requirements,2cdd866f-c9a4-576a-afd8-1d045762790c,The location must be listed as: 8105 - 8145 Flint Street Lenexa KS 66214,,matchOnce,must be present,,,non_compliant,Block Requirements,,,true,0,,2026-08-16
"Block Real Estate Services, LLC",69fdf7b562446148bd85c479,69fded1a62446148bd848f5b,"Marel, USA",69fdf1ffd3bfa5e4945e61a5,"tic828 - Pine Ridge Building 28 {PERG BUILDINGS, LLC}",evidenceOfInsurance,Evidence of Insurance,6ac20aae-5728-5d57-b364-aeba38527dba,Additional Requirements,3649e9d1-4e09-59bf-8f30-cb33c40cf117,"Certificate Holder must read: c/o Block Real Estate Services, LLC, 4622 Pennsylvania St., Suite 700, Kansas City, MO, 64112",,matchOnce,must be present,,,non_compliant,Block Requirements,,,true,0,,2026-08-16
"Block Real Estate Services, LLC",69fdf7b562446148bd85c47a,69fded1a62446148bd848f61,"Blue Endo / Market-tiers, Inc.",69fdf1ffd3bfa5e4945e61a5,"tic828 - Pine Ridge Building 28 {PERG BUILDINGS, LLC}",evidenceOfInsurance,Evidence of Insurance,commercialGeneralLiability,Commercial General Liability,evidenceOfInsuranceCommercialGeneralLiabilityCoverageTriggerOccurrence,Coverage Trigger: Occurrence,,matchOnce,must be present,,Present,compliant,Block Requirements,,,false,1,,2026-08-16
"Block Real Estate Services, LLC",69fdf7b562446148bd85c47a,69fded1a62446148bd848f61,"Blue Endo / Market-tiers, Inc.",69fdf1ffd3bfa5e4945e61a5,"tic828 - Pine Ridge Building 28 {PERG BUILDINGS, LLC}",evidenceOfInsurance,Evidence of Insurance,commercialGeneralLiability,Commercial General Liability,evidenceOfInsuranceCommercialGeneralLiabilityGeneralAggregateLimitAppliesPerLocation,General Aggregate Limit Applies per: Location,,matchOnce,must be present,,Present,compliant,Block Requirements,,,false,1,,2026-08-16
"Block Real Estate Services, LLC",69fdf7b562446148bd85c47a,69fded1a62446148bd848f61,"Blue Endo / Market-tiers, Inc.",69fdf1ffd3bfa5e4945e61a5,"tic828 - Pine Ridge Building 28 {PERG BUILDINGS, LLC}",evidenceOfInsurance,Evidence of Insurance,commercialGeneralLiability,Commercial General Liability,evidenceOfInsuranceCommercialGeneralLiabilityEachOccurrence,Each Occurrence,,matchOnce,must be greater or equal to,1000000,1000000,compliant,Block Requirements,,,false,1,,2026-08-16
"Block Real Estate Services, LLC",69fdf7b562446148bd85c47a,69fded1a62446148bd848f61,"Blue Endo / Market-tiers, Inc.",69fdf1ffd3bfa5e4945e61a5,"tic828 - Pine Ridge Building 28 {PERG BUILDINGS, LLC}",evidenceOfInsurance,Evidence of Insurance,commercialGeneralLiability,Commercial General Liability,evidenceOfInsuranceCommercialGeneralLiabilityGeneralAggregate,General Aggregate,,matchOnce,must be greater or equal to,2000000,2000000,compliant,Block Requirements,,,false,1,,2026-08-16
"Block Real Estate Services, LLC",69fdf7b562446148bd85c47a,69fded1a62446148bd848f61,"Blue Endo / Market-tiers, Inc.",69fdf1ffd3bfa5e4945e61a5,"tic828 - Pine Ridge Building 28 {PERG BUILDINGS, LLC}",evidenceOfInsurance,Evidence of Insurance,commercialGeneralLiability,Commercial General Liability,evidenceOfInsuranceCommercialGeneralLiabilityWaiverOfSubrogationEndorsement,Waiver of Subrogation,"---prompt---
Determine if the insurer has waived their right of subrogation in favor of the certificate holder under the Commercial General Liability policy. Evidence may include: a checked ""Waiver of Subrogation"" box on the certificate, mention in the Description of Operations section stating ""waiver of subrogation applies"", or reference to form CG 24 04. Look for language like ""subrogation is waived"" or ""per written contract"".",matchOnce,must be present,,Present,compliant,Block Requirements,,,false,1,,2026-08-16
"Block Real Estate Services, LLC",69fdf7b562446148bd85c47a,69fded1a62446148bd848f61,"Blue Endo / Market-tiers, Inc.",69fdf1ffd3bfa5e4945e61a5,"tic828 - Pine Ridge Building 28 {PERG BUILDINGS, LLC}",evidenceOfInsurance,Evidence of Insurance,excessOrUmbrellaLiability,Umbrella/Excess Liability,evidenceOfInsuranceExcessOrUmbrellaLiabilityOccurence,Coverage Trigger: Occurrence,,matchOnce,must be present,,Present,compliant,Block Requirements,,,false,1,,2026-08-16
"Block Real Estate Services, LLC",69fdf7b562446148bd85c47a,69fded1a62446148bd848f61,"Blue Endo / Market-tiers, Inc.",69fdf1ffd3bfa5e4945e61a5,"tic828 - Pine Ridge Building 28 {PERG BUILDINGS, LLC}",evidenceOfInsurance,Evidence of Insurance,excessOrUmbrellaLiability,Umbrella/Excess Liability,evidenceOfInsuranceExcessOrUmbrellaLiabilityEachOccurrence,Each Occurrence,,matchOnce,must be greater or equal to,1000000,10000000,compliant,Block Requirements,,,false,1,,2026-08-16
"Block Real Estate Services, LLC",69fdf7b562446148bd85c47a,69fded1a62446148bd848f61,"Blue Endo / Market-tiers, Inc.",69fdf1ffd3bfa5e4945e61a5,"tic828 - Pine Ridge Building 28 {PERG BUILDINGS, LLC}",evidenceOfInsurance,Evidence of Insurance,excessOrUmbrellaLiability,Umbrella/Excess Liability,evidenceOfInsuranceExcessOrUmbrellaLiabilityAggregate,Aggregate,,matchOnce,must be greater or equal to,1000000,10000000,compliant,Block Requirements,,,false,1,,2026-08-16
"Block Real Estate Services, LLC",69fdf7b562446148bd85c47a,69fded1a62446148bd848f61,"Blue Endo / Market-tiers, Inc.",69fdf1ffd3bfa5e4945e61a5,"tic828 - Pine Ridge Building 28 {PERG BUILDINGS, LLC}",evidenceOfInsurance,Evidence of Insurance,workersCompensation,Workers' Compensation and Employer's Liability,evidenceOfInsuranceWorkersCompensationStatutoryLimits,Statutory Limits,,matchOnce,must be present,,Present,compliant,Block Requirements,,,false,1,,2026-08-16
"Block Real Estate Services, LLC",69fdf7b562446148bd85c47a,69fded1a62446148bd848f61,"Blue Endo / Market-tiers, Inc.",69fdf1ffd3bfa5e4945e61a5,"tic828 - Pine Ridge Building 28 {PERG BUILDINGS, LLC}",evidenceOfInsurance,Evidence of Insurance,workersCompensation,Workers' Compensation and Employer's Liability,evidenceOfInsuranceWorkersCompensationEmployersLiabilityEachAccident,Employer's Liability Each Accident,,matchOnce,must be greater or equal to,500000,1000000,compliant,Block Requirements,,,false,1,,2026-08-16
"Block Real Estate Services, LLC",69fdf7b562446148bd85c47a,69fded1a62446148bd848f61,"Blue Endo / Market-tiers, Inc.",69fdf1ffd3bfa5e4945e61a5,"tic828 - Pine Ridge Building 28 {PERG BUILDINGS, LLC}",evidenceOfInsurance,Evidence of Insurance,workersCompensation,Workers' Compensation and Employer's Liability,evidenceOfInsuranceWorkersCompensationEmployersLiabilityDiseaseEachEmployee,Employer's Liability Disease - each employee,,matchOnce,must be greater or equal to,500000,1000000,compliant,Block Requirements,,,false,1,,2026-08-16
"Block Real Estate Services, LLC",69fdf7b562446148bd85c47a,69fded1a62446148bd848f61,"Blue Endo / Market-tiers, Inc.",69fdf1ffd3bfa5e4945e61a5,"tic828 - Pine Ridge Building 28 {PERG BUILDINGS, LLC}",evidenceOfInsurance,Evidence of Insurance,workersCompensation,Workers' Compensation and Employer's Liability,evidenceOfInsuranceWorkersCompensationEmployersLiabilityDiseasePolicyLimit,Employer's Liability Disease - policy limit,,matchOnce,must be greater or equal to,500000,1000000,compliant,Block Requirements,,,false,1,,2026-08-16
"Block Real Estate Services, LLC",69fdf7b562446148bd85c47a,69fded1a62446148bd848f61,"Blue Endo / Market-tiers, Inc.",69fdf1ffd3bfa5e4945e61a5,"tic828 - Pine Ridge Building 28 {PERG BUILDINGS, LLC}",evidenceOfInsurance,Evidence of Insurance,workersCompensation,Workers' Compensation and Employer's Liability,evidenceOfInsuranceWorkersCompensationWaiverOfSubrogationEndorsement,Waiver of Subrogation,"---prompt---
Determine if the insurer has waived their right of subrogation in favor of the certificate holder under the Workers' Compensation policy. Evidence may include: a checked ""Waiver of Subrogation"" box on the certificate, mention in the Description of Operations section stating ""waiver of subrogation applies"", or reference to form WC 00 03 13. Look for language like ""subrogation is waived"" or ""per written contract"".",matchOnce,must be present,,Present,compliant,Block Requirements,,,false,1,,2026-08-16
"Block Real Estate Services, LLC",69fdf7b562446148bd85c47a,69fded1a62446148bd848f61,"Blue Endo / Market-tiers, Inc.",69fdf1ffd3bfa5e4945e61a5,"tic828 - Pine Ridge Building 28 {PERG BUILDINGS, LLC}",evidenceOfInsurance,Evidence of Insurance,6ac20aae-5728-5d57-b364-aeba38527dba,Additional Requirements,4da5b0f1-4c9d-5885-8cf8-5d3cccaed3e0,"Block Real Estate Services, LLC and all others required by contract are named as Additional Insureds","---prompt---
Determine if the Description of Operations or the Additional Remarks Schedule section states the ""Additional Insured as Construction Management, Inc. and all others required by contract"" or reference to blanket additional insured coverage. Look for language like ""certificate holder is additional insured"" or ""per written contract"".",matchOnce,must be present,,Present,compliant,Block Requirements,,,true,1,,2026-08-16
"Block Real Estate Services, LLC",69fdf7b562446148bd85c47a,69fded1a62446148bd848f61,"Blue Endo / Market-tiers, Inc.",69fdf1ffd3bfa5e4945e61a5,"tic828 - Pine Ridge Building 28 {PERG BUILDINGS, LLC}",evidenceOfInsurance,Evidence of Insurance,6ac20aae-5728-5d57-b364-aeba38527dba,Additional Requirements,e1017741-e47e-5f58-97b8-fbc3043e919f,Umbrella follows form over General Liability,"---prompt---
Determine if the Umbrella/Excess Liability policy follows form to the underlying policies. Evidence may include: language in the Description of Operations section stating the umbrella follows form to underlying coverages or an additional page endorsement stating that it follows form. Follow form means the umbrella policy adopts the same terms, conditions, and exclusions as the underlying policies.",matchOnce,must be present,,Present,compliant,Block Requirements,,,true,1,,2026-08-16
"Block Real Estate Services, LLC",69fdf7b562446148bd85c47a,69fded1a62446148bd848f61,"Blue Endo / Market-tiers, Inc.",69fdf1ffd3bfa5e4945e61a5,"tic828 - Pine Ridge Building 28 {PERG BUILDINGS, LLC}",evidenceOfInsurance,Evidence of Insurance,6ac20aae-5728-5d57-b364-aeba38527dba,Additional Requirements,2cdd866f-c9a4-576a-afd8-1d045762790c,The location must be listed as: 8097 Flint Street Lenexa KS 66214,,matchOnce,must be present,,Present,compliant,Block Requirements,,,true,2,,2026-08-16
"Block Real Estate Services, LLC",69fdf7b562446148bd85c47a,69fded1a62446148bd848f61,"Blue Endo / Market-tiers, Inc.",69fdf1ffd3bfa5e4945e61a5,"tic828 - Pine Ridge Building 28 {PERG BUILDINGS, LLC}",evidenceOfInsurance,Evidence of Insurance,6ac20aae-5728-5d57-b364-aeba38527dba,Additional Requirements,3649e9d1-4e09-59bf-8f30-cb33c40cf117,"Certificate Holder must read: c/o Block Real Estate Services, LLC, 4622 Pennsylvania St., Suite 700, Kansas City, MO, 64112",,matchOnce,must be present,,Present,compliant,Block Requirements,,,true,1,,2026-08-16
"Block Real Estate Services, LLC",69fdf7a362446148bd85b02d,69fded1a62446148bd848f64,Martinrea Riverside LLC,69fdf16bd3bfa5e4945e27f9,tic242 - Martinrea Building {HIDGS Associates LLC},evidenceOfInsurance,Evidence of Insurance,commercialGeneralLiability,Commercial General Liability,evidenceOfInsuranceCommercialGeneralLiabilityCoverageTriggerOccurrence,Coverage Trigger: Occurrence,,matchOnce,must be present,,Present,compliant,Block Requirements,,,false,2,,2026-08-16
"Block Real Estate Services, LLC",69fdf7a362446148bd85b02d,69fded1a62446148bd848f64,Martinrea Riverside LLC,69fdf16bd3bfa5e4945e27f9,tic242 - Martinrea Building {HIDGS Associates LLC},evidenceOfInsurance,Evidence of Insurance,commercialGeneralLiability,Commercial General Liability,evidenceOfInsuranceCommercialGeneralLiabilityGeneralAggregateLimitAppliesPerLocation,General Aggregate Limit Applies per: Location,,matchOnce,must be present,,,non_compliant,Block Requirements,,,false,0,,2026-08-16
"Block Real Estate Services, LLC",69fdf7a362446148bd85b02d,69fded1a62446148bd848f64,Martinrea Riverside LLC,69fdf16bd3bfa5e4945e27f9,tic242 - Martinrea Building {HIDGS Associates LLC},evidenceOfInsurance,Evidence of Insurance,commercialGeneralLiability,Commercial General Liability,evidenceOfInsuranceCommercialGeneralLiabilityEachOccurrence,Each Occurrence,,matchOnce,must be greater or equal to,1000000,1000000,compliant,Block Requirements,,,false,2,,2026-08-16
"Block Real Estate Services, LLC",69fdf7a362446148bd85b02d,69fded1a62446148bd848f64,Martinrea Riverside LLC,69fdf16bd3bfa5e4945e27f9,tic242 - Martinrea Building {HIDGS Associates LLC},evidenceOfInsurance,Evidence of Insurance,commercialGeneralLiability,Commercial General Liability,evidenceOfInsuranceCommercialGeneralLiabilityGeneralAggregate,General Aggregate,,matchOnce,must be greater or equal to,2000000,1000000,non_compliant,Block Requirements,,,false,2,,2026-08-16
"Block Real Estate Services, LLC",69fdf7a362446148bd85b02d,69fded1a62446148bd848f64,Martinrea Riverside LLC,69fdf16bd3bfa5e4945e27f9,tic242 - Martinrea Building {HIDGS Associates LLC},evidenceOfInsurance,Evidence of Insurance,commercialGeneralLiability,Commercial General Liability,evidenceOfInsuranceCommercialGeneralLiabilityWaiverOfSubrogationEndorsement,Waiver of Subrogation,"---prompt---
Determine if the insurer has waived their right of subrogation in favor of the certificate holder under the Commercial General Liability policy. Evidence may include: a checked ""Waiver of Subrogation"" box on the certificate, mention in the Description of Operations section stating ""waiver of subrogation applies"", or reference to form CG 24 04. Look for language like ""subrogation is waived"" or ""per written contract"".",matchOnce,must be present,,Present,compliant,Block Requirements,,,false,2,,2026-08-16
"Block Real Estate Services, LLC",69fdf7a362446148bd85b02d,69fded1a62446148bd848f64,Martinrea Riverside LLC,69fdf16bd3bfa5e4945e27f9,tic242 - Martinrea Building {HIDGS Associates LLC},evidenceOfInsurance,Evidence of Insurance,excessOrUmbrellaLiability,Umbrella/Excess Liability,evidenceOfInsuranceExcessOrUmbrellaLiabilityOccurence,Coverage Trigger: Occurrence,,matchOnce,must be present,,,non_compliant,Block Requirements,,,false,0,,2026-08-16
"Block Real Estate Services, LLC",69fdf7a362446148bd85b02d,69fded1a62446148bd848f64,Martinrea Riverside LLC,69fdf16bd3bfa5e4945e27f9,tic242 - Martinrea Building {HIDGS Associates LLC},evidenceOfInsurance,Evidence of Insurance,excessOrUmbrellaLiability,Umbrella/Excess Liability,evidenceOfInsuranceExcessOrUmbrellaLiabilityEachOccurrence,Each Occurrence,,matchOnce,must be greater or equal to,1000000,,non_compliant,Block Requirements,,,false,0,,2026-08-16
"Block Real Estate Services, LLC",69fdf7a362446148bd85b02d,69fded1a62446148bd848f64,Martinrea Riverside LLC,69fdf16bd3bfa5e4945e27f9,tic242 - Martinrea Building {HIDGS Associates LLC},evidenceOfInsurance,Evidence of Insurance,excessOrUmbrellaLiability,Umbrella/Excess Liability,evidenceOfInsuranceExcessOrUmbrellaLiabilityAggregate,Aggregate,,matchOnce,must be greater or equal to,1000000,,non_compliant,Block Requirements,,,false,0,,2026-08-16
"Block Real Estate Services, LLC",69fdf7a362446148bd85b02d,69fded1a62446148bd848f64,Martinrea Riverside LLC,69fdf16bd3bfa5e4945e27f9,tic242 - Martinrea Building {HIDGS Associates LLC},evidenceOfInsurance,Evidence of Insurance,workersCompensation,Workers' Compensation and Employer's Liability,evidenceOfInsuranceWorkersCompensationStatutoryLimits,Statutory Limits,,matchOnce,must be present,,Present,compliant,Block Requirements,,,false,2,,2026-08-16
"Block Real Estate Services, LLC",69fdf7a362446148bd85b02d,69fded1a62446148bd848f64,Martinrea Riverside LLC,69fdf16bd3bfa5e4945e27f9,tic242 - Martinrea Building {HIDGS Associates LLC},evidenceOfInsurance,Evidence of Insurance,workersCompensation,Workers' Compensation and Employer's Liability,evidenceOfInsuranceWorkersCompensationEmployersLiabilityEachAccident,Employer's Liability Each Accident,,matchOnce,must be greater or equal to,500000,1000000,compliant,Block Requirements,,,false,2,,2026-08-16
"Block Real Estate Services, LLC",69fdf7a362446148bd85b02d,69fded1a62446148bd848f64,Martinrea Riverside LLC,69fdf16bd3bfa5e4945e27f9,tic242 - Martinrea Building {HIDGS Associates LLC},evidenceOfInsurance,Evidence of Insurance,workersCompensation,Workers' Compensation and Employer's Liability,evidenceOfInsuranceWorkersCompensationEmployersLiabilityDiseaseEachEmployee,Employer's Liability Disease - each employee,,matchOnce,must be greater or equal to,500000,1000000,compliant,Block Requirements,,,false,2,,2026-08-16
"Block Real Estate Services, LLC",69fdf7a362446148bd85b02d,69fded1a62446148bd848f64,Martinrea Riverside LLC,69fdf16bd3bfa5e4945e27f9,tic242 - Martinrea Building {HIDGS Associates LLC},evidenceOfInsurance,Evidence of Insurance,workersCompensation,Workers' Compensation and Employer's Liability,evidenceOfInsuranceWorkersCompensationEmployersLiabilityDiseasePolicyLimit,Employer's Liability Disease - policy limit,,matchOnce,must be greater or equal to,500000,1000000,compliant,Block Requirements,,,false,2,,2026-08-16
"Block Real Estate Services, LLC",69fdf7a362446148bd85b02d,69fded1a62446148bd848f64,Martinrea Riverside LLC,69fdf16bd3bfa5e4945e27f9,tic242 - Martinrea Building {HIDGS Associates LLC},evidenceOfInsurance,Evidence of Insurance,workersCompensation,Workers' Compensation and Employer's Liability,evidenceOfInsuranceWorkersCompensationWaiverOfSubrogationEndorsement,Waiver of Subrogation,"---prompt---
Determine if the insurer has waived their right of subrogation in favor of the certificate holder under the Workers' Compensation policy. Evidence may include: a checked ""Waiver of Subrogation"" box on the certificate, mention in the Description of Operations section stating ""waiver of subrogation applies"", or reference to form WC 00 03 13. Look for language like ""subrogation is waived"" or ""per written contract"".",matchOnce,must be present,,Present,compliant,Block Requirements,,,false,2,,2026-08-16
"Block Real Estate Services, LLC",69fdf7a362446148bd85b02d,69fded1a62446148bd848f64,Martinrea Riverside LLC,69fdf16bd3bfa5e4945e27f9,tic242 - Martinrea Building {HIDGS Associates LLC},evidenceOfInsurance,Evidence of Insurance,6ac20aae-5728-5d57-b364-aeba38527dba,Additional Requirements,4da5b0f1-4c9d-5885-8cf8-5d3cccaed3e0,"Block Real Estate Services, LLC and all others required by contract are named as Additional Insureds","---prompt---
Determine if the Description of Operations or the Additional Remarks Schedule section states the ""Additional Insured as Construction Management, Inc. and all others required by contract"" or reference to blanket additional insured coverage. Look for language like ""certificate holder is additional insured"" or ""per written contract"".",matchOnce,must be present,,,non_compliant,Block Requirements,,,true,0,,2026-08-16
"Block Real Estate Services, LLC",69fdf7a362446148bd85b02d,69fded1a62446148bd848f64,Martinrea Riverside LLC,69fdf16bd3bfa5e4945e27f9,tic242 - Martinrea Building {HIDGS Associates LLC},evidenceOfInsurance,Evidence of Insurance,6ac20aae-5728-5d57-b364-aeba38527dba,Additional Requirements,e1017741-e47e-5f58-97b8-fbc3043e919f,Umbrella follows form over General Liability,"---prompt---
Determine if the Umbrella/Excess Liability policy follows form to the underlying policies. Evidence may include: language in the Description of Operations section stating the umbrella follows form to underlying coverages or an additional page endorsement stating that it follows form. Follow form means the umbrella policy adopts the same terms, conditions, and exclusions as the underlying policies.",matchOnce,must be present,,,non_compliant,Block Requirements,,,true,0,,2026-08-16
"Block Real Estate Services, LLC",69fdf7a362446148bd85b02d,69fded1a62446148bd848f64,Martinrea Riverside LLC,69fdf16bd3bfa5e4945e27f9,tic242 - Martinrea Building {HIDGS Associates LLC},evidenceOfInsurance,Evidence of Insurance,6ac20aae-5728-5d57-b364-aeba38527dba,Additional Requirements,2cdd866f-c9a4-576a-afd8-1d045762790c,The location must be listed as: 5233 NW 41st Street Riverside MO 64150,,matchOnce,must be present,,,non_compliant,Block Requirements,,,true,0,,2026-08-16
"Block Real Estate Services, LLC",69fdf7a362446148bd85b02d,69fded1a62446148bd848f64,Martinrea Riverside LLC,69fdf16bd3bfa5e4945e27f9,tic242 - Martinrea Building {HIDGS Associates LLC},evidenceOfInsurance,Evidence of Insurance,6ac20aae-5728-5d57-b364-aeba38527dba,Additional Requirements,3649e9d1-4e09-59bf-8f30-cb33c40cf117,"Certificate Holder must read: c/o Block Real Estate Services, LLC, 4622 Pennsylvania St., Suite 700, Kansas City, MO, 64112",,matchOnce,must be present,,,non_compliant,Block Requirements,,,true,0,,2026-08-16
"Block Real Estate Services, LLC",69fdf78062446148bd8587d3,69fded1b62446148bd848fac,"Midland Steel Erection, LLC",69fdf09302bb2c42a87a27e2,"kci895 - Riverside Industrial Center 5 {Riverside Industrial Center Investment, LLC}",evidenceOfInsurance,Evidence of Insurance,commercialGeneralLiability,Commercial General Liability,evidenceOfInsuranceCommercialGeneralLiabilityCoverageTriggerOccurrence,Coverage Trigger: Occurrence,,matchOnce,must be present,,Present,compliant,Block Requirements,,,false,2,,2026-08-16
"Block Real Estate Services, LLC",69fdf78062446148bd8587d3,69fded1b62446148bd848fac,"Midland Steel Erection, LLC",69fdf09302bb2c42a87a27e2,"kci895 - Riverside Industrial Center 5 {Riverside Industrial Center Investment, LLC}",evidenceOfInsurance,Evidence of Insurance,commercialGeneralLiability,Commercial General Liability,evidenceOfInsuranceCommercialGeneralLiabilityGeneralAggregateLimitAppliesPerLocation,General Aggregate Limit Applies per: Location,,matchOnce,must be present,,,non_compliant,Block Requirements,,,false,0,,2026-08-16
"Block Real Estate Services, LLC",69fdf78062446148bd8587d3,69fded1b62446148bd848fac,"Midland Steel Erection, LLC",69fdf09302bb2c42a87a27e2,"kci895 - Riverside Industrial Center 5 {Riverside Industrial Center Investment, LLC}",evidenceOfInsurance,Evidence of Insurance,commercialGeneralLiability,Commercial General Liability,evidenceOfInsuranceCommercialGeneralLiabilityEachOccurrence,Each Occurrence,,matchOnce,must be greater or equal to,1000000,1000000,compliant,Block Requirements,,,false,2,,2026-08-16
"Block Real Estate Services, LLC",69fdf78062446148bd8587d3,69fded1b62446148bd848fac,"Midland Steel Erection, LLC",69fdf09302bb2c42a87a27e2,"kci895 - Riverside Industrial Center 5 {Riverside Industrial Center Investment, LLC}",evidenceOfInsurance,Evidence of Insurance,commercialGeneralLiability,Commercial General Liability,evidenceOfInsuranceCommercialGeneralLiabilityGeneralAggregate,General Aggregate,,matchOnce,must be greater or equal to,2000000,2000000,compliant,Block Requirements,,,false,2,,2026-08-16
"Block Real Estate Services, LLC",69fdf78062446148bd8587d3,69fded1b62446148bd848fac,"Midland Steel Erection, LLC",69fdf09302bb2c42a87a27e2,"kci895 - Riverside Industrial Center 5 {Riverside Industrial Center Investment, LLC}",evidenceOfInsurance,Evidence of Insurance,commercialGeneralLiability,Commercial General Liability,evidenceOfInsuranceCommercialGeneralLiabilityWaiverOfSubrogationEndorsement,Waiver of Subrogation,"---prompt---
Determine if the insurer has waived their right of subrogation in favor of the certificate holder under the Commercial General Liability policy. Evidence may include: a checked ""Waiver of Subrogation"" box on the certificate, mention in the Description of Operations section stating ""waiver of subrogation applies"", or reference to form CG 24 04. Look for language like ""subrogation is waived"" or ""per written contract"".",matchOnce,must be present,,Present,compliant,Block Requirements,,,false,2,,2026-08-16
"Block Real Estate Services, LLC",69fdf78062446148bd8587d3,69fded1b62446148bd848fac,"Midland Steel Erection, LLC",69fdf09302bb2c42a87a27e2,"kci895 - Riverside Industrial Center 5 {Riverside Industrial Center Investment, LLC}",evidenceOfInsurance,Evidence of Insurance,excessOrUmbrellaLiability,Umbrella/Excess Liability,evidenceOfInsuranceExcessOrUmbrellaLiabilityOccurence,Coverage Trigger: Occurrence,,matchOnce,must be present,,Present,compliant,Block Requirements,,,false,2,,2026-08-16
"Block Real Estate Services, LLC",69fdf78062446148bd8587d3,69fded1b62446148bd848fac,"Midland Steel Erection, LLC",69fdf09302bb2c42a87a27e2,"kci895 - Riverside Industrial Center 5 {Riverside Industrial Center Investment, LLC}",evidenceOfInsurance,Evidence of Insurance,excessOrUmbrellaLiability,Umbrella/Excess Liability,evidenceOfInsuranceExcessOrUmbrellaLiabilityEachOccurrence,Each Occurrence,,matchOnce,must be greater or equal to,1000000,10000000,compliant,Block Requirements,,,false,2,,2026-08-16
"Block Real Estate Services, LLC",69fdf78062446148bd8587d3,69fded1b62446148bd848fac,"Midland Steel Erection, LLC",69fdf09302bb2c42a87a27e2,"kci895 - Riverside Industrial Center 5 {Riverside Industrial Center Investment, LLC}",evidenceOfInsurance,Evidence of Insurance,excessOrUmbrellaLiability,Umbrella/Excess Liability,evidenceOfInsuranceExcessOrUmbrellaLiabilityAggregate,Aggregate,,matchOnce,must be greater or equal to,1000000,10000000,compliant,Block Requirements,,,false,2,,2026-08-16
"Block Real Estate Services, LLC",69fdf78062446148bd8587d3,69fded1b62446148bd848fac,"Midland Steel Erection, LLC",69fdf09302bb2c42a87a27e2,"kci895 - Riverside Industrial Center 5 {Riverside Industrial Center Investment, LLC}",evidenceOfInsurance,Evidence of Insurance,workersCompensation,Workers' Compensation and Employer's Liability,evidenceOfInsuranceWorkersCompensationStatutoryLimits,Statutory Limits,,matchOnce,must be present,,Present,compliant,Block Requirements,,,false,2,,2026-08-16
"Block Real Estate Services, LLC",69fdf78062446148bd8587d3,69fded1b62446148bd848fac,"Midland Steel Erection, LLC",69fdf09302bb2c42a87a27e2,"kci895 - Riverside Industrial Center 5 {Riverside Industrial Center Investment, LLC}",evidenceOfInsurance,Evidence of Insurance,workersCompensation,Workers' Compensation and Employer's Liability,evidenceOfInsuranceWorkersCompensationEmployersLiabilityEachAccident,Employer's Liability Each Accident,,matchOnce,must be greater or equal to,500000,1000000,compliant,Block Requirements,,,false,2,,2026-08-16
"Block Real Estate Services, LLC",69fdf78062446148bd8587d3,69fded1b62446148bd848fac,"Midland Steel Erection, LLC",69fdf09302bb2c42a87a27e2,"kci895 - Riverside Industrial Center 5 {Riverside Industrial Center Investment, LLC}",evidenceOfInsurance,Evidence of Insurance,workersCompensation,Workers' Compensation and Employer's Liability,evidenceOfInsuranceWorkersCompensationEmployersLiabilityDiseaseEachEmployee,Employer's Liability Disease - each employee,,matchOnce,must be greater or equal to,500000,1000000,compliant,Block Requirements,,,false,2,,2026-08-16
"Block Real Estate Services, LLC",69fdf78062446148bd8587d3,69fded1b62446148bd848fac,"Midland Steel Erection, LLC",69fdf09302bb2c42a87a27e2,"kci895 - Riverside Industrial Center 5 {Riverside Industrial Center Investment, LLC}",evidenceOfInsurance,Evidence of Insurance,workersCompensation,Workers' Compensation and Employer's Liability,evidenceOfInsuranceWorkersCompensationEmployersLiabilityDiseasePolicyLimit,Employer's Liability Disease - policy limit,,matchOnce,must be greater or equal to,500000,1000000,compliant,Block Requirements,,,false,2,,2026-08-16
"Block Real Estate Services, LLC",69fdf78062446148bd8587d3,69fded1b62446148bd848fac,"Midland Steel Erection, LLC",69fdf09302bb2c42a87a27e2,"kci895 - Riverside Industrial Center 5 {Riverside Industrial Center Investment, LLC}",evidenceOfInsurance,Evidence of Insurance,workersCompensation,Workers' Compensation and Employer's Liability,evidenceOfInsuranceWorkersCompensationWaiverOfSubrogationEndorsement,Waiver of Subrogation,"---prompt---
Determine if the insurer has waived their right of subrogation in favor of the certificate holder under the Workers' Compensation policy. Evidence may include: a checked ""Waiver of Subrogation"" box on the certificate, mention in the Description of Operations section stating ""waiver of subrogation applies"", or reference to form WC 00 03 13. Look for language like ""subrogation is waived"" or ""per written contract"".",matchOnce,must be present,,,overridden,Block Requirements,Not allowed in MO,,false,0,,2026-08-16
"Block Real Estate Services, LLC",69fdf78062446148bd8587d3,69fded1b62446148bd848fac,"Midland Steel Erection, LLC",69fdf09302bb2c42a87a27e2,"kci895 - Riverside Industrial Center 5 {Riverside Industrial Center Investment, LLC}",evidenceOfInsurance,Evidence of Insurance,6ac20aae-5728-5d57-b364-aeba38527dba,Additional Requirements,4da5b0f1-4c9d-5885-8cf8-5d3cccaed3e0,"Block Real Estate Services, LLC and all others required by contract are named as Additional Insureds","---prompt---
Determine if the Description of Operations or the Additional Remarks Schedule section states the ""Additional Insured as Construction Management, Inc. and all others required by contract"" or reference to blanket additional insured coverage. Look for language like ""certificate holder is additional insured"" or ""per written contract"".",matchOnce,must be present,,Present,compliant,Block Requirements,,,true,2,,2026-08-16
"Block Real Estate Services, LLC",69fdf78062446148bd8587d3,69fded1b62446148bd848fac,"Midland Steel Erection, LLC",69fdf09302bb2c42a87a27e2,"kci895 - Riverside Industrial Center 5 {Riverside Industrial Center Investment, LLC}",evidenceOfInsurance,Evidence of Insurance,6ac20aae-5728-5d57-b364-aeba38527dba,Additional Requirements,e1017741-e47e-5f58-97b8-fbc3043e919f,Umbrella follows form over General Liability,"---prompt---
Determine if the Umbrella/Excess Liability policy follows form to the underlying policies. Evidence may include: language in the Description of Operations section stating the umbrella follows form to underlying coverages or an additional page endorsement stating that it follows form. Follow form means the umbrella policy adopts the same terms, conditions, and exclusions as the underlying policies.",matchOnce,must be present,,Present,compliant,Block Requirements,,,true,2,,2026-08-16
"Block Real Estate Services, LLC",69fdf78062446148bd8587d3,69fded1b62446148bd848fac,"Midland Steel Erection, LLC",69fdf09302bb2c42a87a27e2,"kci895 - Riverside Industrial Center 5 {Riverside Industrial Center Investment, LLC}",evidenceOfInsurance,Evidence of Insurance,6ac20aae-5728-5d57-b364-aeba38527dba,Additional Requirements,2cdd866f-c9a4-576a-afd8-1d045762790c,The location must be listed as: 500 NW Business Park Lane Riverside MO 64150,,matchOnce,must be present,,Present,compliant,Block Requirements,,,true,2,,2026-08-16
"Block Real Estate Services, LLC",69fdf78062446148bd8587d3,69fded1b62446148bd848fac,"Midland Steel Erection, LLC",69fdf09302bb2c42a87a27e2,"kci895 - Riverside Industrial Center 5 {Riverside Industrial Center Investment, LLC}",evidenceOfInsurance,Evidence of Insurance,6ac20aae-5728-5d57-b364-aeba38527dba,Additional Requirements,3649e9d1-4e09-59bf-8f30-cb33c40cf117,"Certificate Holder must read: c/o Block Real Estate Services, LLC, 4622 Pennsylvania St., Suite 700, Kansas City, MO, 64112",,matchOnce,must be present,,Present,compliant,Block Requirements,,,true,2,,2026-08-16
"Block Real Estate Services, LLC",6a18669ca1ec98c09c964f19,6a1866145a886bcac13a5c35,Bariatric & Metabolic Classroom / HCA-MMC-Menorah Medical Center,69fdf13dbf1df2fe96929ddf,"rmc764 - Roe Medical Centre I {RMC Associates, LLC}",evidenceOfInsurance,Evidence of Insurance,commercialGeneralLiability,Commercial General Liability,evidenceOfInsuranceCommercialGeneralLiabilityCoverageTriggerOccurrence,Coverage Trigger: Occurrence,,matchOnce,must be present,,,non_compliant,Block Requirements,,,false,0,,2026-08-16
"Block Real Estate Services, LLC",6a18669ca1ec98c09c964f19,6a1866145a886bcac13a5c35,Bariatric & Metabolic Classroom / HCA-MMC-Menorah Medical Center,69fdf13dbf1df2fe96929ddf,"rmc764 - Roe Medical Centre I {RMC Associates, LLC}",evidenceOfInsurance,Evidence of Insurance,commercialGeneralLiability,Commercial General Liability,evidenceOfInsuranceCommercialGeneralLiabilityGeneralAggregateLimitAppliesPerLocation,General Aggregate Limit Applies per: Location,,matchOnce,must be present,,,non_compliant,Block Requirements,,,false,0,,2026-08-16
"Block Real Estate Services, LLC",6a18669ca1ec98c09c964f19,6a1866145a886bcac13a5c35,Bariatric & Metabolic Classroom / HCA-MMC-Menorah Medical Center,69fdf13dbf1df2fe96929ddf,"rmc764 - Roe Medical Centre I {RMC Associates, LLC}",evidenceOfInsurance,Evidence of Insurance,commercialGeneralLiability,Commercial General Liability,evidenceOfInsuranceCommercialGeneralLiabilityEachOccurrence,Each Occurrence,,matchOnce,must be greater or equal to,1000000,,non_compliant,Block Requirements,,,false,0,,2026-08-16
"Block Real Estate Services, LLC",6a18669ca1ec98c09c964f19,6a1866145a886bcac13a5c35,Bariatric & Metabolic Classroom / HCA-MMC-Menorah Medical Center,69fdf13dbf1df2fe96929ddf,"rmc764 - Roe Medical Centre I {RMC Associates, LLC}",evidenceOfInsurance,Evidence of Insurance,commercialGeneralLiability,Commercial General Liability,evidenceOfInsuranceCommercialGeneralLiabilityGeneralAggregate,General Aggregate,,matchOnce,must be greater or equal to,2000000,,non_compliant,Block Requirements,,,false,0,,2026-08-16
"Block Real Estate Services, LLC",6a18669ca1ec98c09c964f19,6a1866145a886bcac13a5c35,Bariatric & Metabolic Classroom / HCA-MMC-Menorah Medical Center,69fdf13dbf1df2fe96929ddf,"rmc764 - Roe Medical Centre I {RMC Associates, LLC}",evidenceOfInsurance,Evidence of Insurance,commercialGeneralLiability,Commercial General Liability,evidenceOfInsuranceCommercialGeneralLiabilityWaiverOfSubrogationEndorsement,Waiver of Subrogation,"---prompt---
Determine if the insurer has waived their right of subrogation in favor of the certificate holder under the Commercial General Liability policy. Evidence may include: a checked ""Waiver of Subrogation"" box on the certificate, mention in the Description of Operations section stating ""waiver of subrogation applies"", or reference to form CG 24 04. Look for language like ""subrogation is waived"" or ""per written contract"".",matchOnce,must be present,,,non_compliant,Block Requirements,,,false,0,,2026-08-16
"Block Real Estate Services, LLC",6a18669ca1ec98c09c964f19,6a1866145a886bcac13a5c35,Bariatric & Metabolic Classroom / HCA-MMC-Menorah Medical Center,69fdf13dbf1df2fe96929ddf,"rmc764 - Roe Medical Centre I {RMC Associates, LLC}",evidenceOfInsurance,Evidence of Insurance,excessOrUmbrellaLiability,Umbrella/Excess Liability,evidenceOfInsuranceExcessOrUmbrellaLiabilityOccurence,Coverage Trigger: Occurrence,,matchOnce,must be present,,,non_compliant,Block Requirements,,,false,0,,2026-08-16
"Block Real Estate Services, LLC",6a18669ca1ec98c09c964f19,6a1866145a886bcac13a5c35,Bariatric & Metabolic Classroom / HCA-MMC-Menorah Medical Center,69fdf13dbf1df2fe96929ddf,"rmc764 - Roe Medical Centre I {RMC Associates, LLC}",evidenceOfInsurance,Evidence of Insurance,excessOrUmbrellaLiability,Umbrella/Excess Liability,evidenceOfInsuranceExcessOrUmbrellaLiabilityEachOccurrence,Each Occurrence,,matchOnce,must be greater or equal to,1000000,,non_compliant,Block Requirements,,,false,0,,2026-08-16
"Block Real Estate Services, LLC",6a18669ca1ec98c09c964f19,6a1866145a886bcac13a5c35,Bariatric & Metabolic Classroom / HCA-MMC-Menorah Medical Center,69fdf13dbf1df2fe96929ddf,"rmc764 - Roe Medical Centre I {RMC Associates, LLC}",evidenceOfInsurance,Evidence of Insurance,excessOrUmbrellaLiability,Umbrella/Excess Liability,evidenceOfInsuranceExcessOrUmbrellaLiabilityAggregate,Aggregate,,matchOnce,must be greater or equal to,1000000,,non_compliant,Block Requirements,,,false,0,,2026-08-16
"Block Real Estate Services, LLC",6a18669ca1ec98c09c964f19,6a1866145a886bcac13a5c35,Bariatric & Metabolic Classroom / HCA-MMC-Menorah Medical Center,69fdf13dbf1df2fe96929ddf,"rmc764 - Roe Medical Centre I {RMC Associates, LLC}",evidenceOfInsurance,Evidence of Insurance,workersCompensation,Workers' Compensation and Employer's Liability,evidenceOfInsuranceWorkersCompensationStatutoryLimits,Statutory Limits,,matchOnce,must be present,,,non_compliant,Block Requirements,,,false,0,,2026-08-16
"Block Real Estate Services, LLC",6a18669ca1ec98c09c964f19,6a1866145a886bcac13a5c35,Bariatric & Metabolic Classroom / HCA-MMC-Menorah Medical Center,69fdf13dbf1df2fe96929ddf,"rmc764 - Roe Medical Centre I {RMC Associates, LLC}",evidenceOfInsurance,Evidence of Insurance,workersCompensation,Workers' Compensation and Employer's Liability,evidenceOfInsuranceWorkersCompensationEmployersLiabilityEachAccident,Employer's Liability Each Accident,,matchOnce,must be greater or equal to,500000,,non_compliant,Block Requirements,,,false,0,,2026-08-16
"Block Real Estate Services, LLC",6a18669ca1ec98c09c964f19,6a1866145a886bcac13a5c35,Bariatric & Metabolic Classroom / HCA-MMC-Menorah Medical Center,69fdf13dbf1df2fe96929ddf,"rmc764 - Roe Medical Centre I {RMC Associates, LLC}",evidenceOfInsurance,Evidence of Insurance,workersCompensation,Workers' Compensation and Employer's Liability,evidenceOfInsuranceWorkersCompensationEmployersLiabilityDiseaseEachEmployee,Employer's Liability Disease - each employee,,matchOnce,must be greater or equal to,500000,,non_compliant,Block Requirements,,,false,0,,2026-08-16
"Block Real Estate Services, LLC",6a18669ca1ec98c09c964f19,6a1866145a886bcac13a5c35,Bariatric & Metabolic Classroom / HCA-MMC-Menorah Medical Center,69fdf13dbf1df2fe96929ddf,"rmc764 - Roe Medical Centre I {RMC Associates, LLC}",evidenceOfInsurance,Evidence of Insurance,workersCompensation,Workers' Compensation and Employer's Liability,evidenceOfInsuranceWorkersCompensationEmployersLiabilityDiseasePolicyLimit,Employer's Liability Disease - policy limit,,matchOnce,must be greater or equal to,500000,,non_compliant,Block Requirements,,,false,0,,2026-08-16
"Block Real Estate Services, LLC",6a18669ca1ec98c09c964f19,6a1866145a886bcac13a5c35,Bariatric & Metabolic Classroom / HCA-MMC-Menorah Medical Center,69fdf13dbf1df2fe96929ddf,"rmc764 - Roe Medical Centre I {RMC Associates, LLC}",evidenceOfInsurance,Evidence of Insurance,workersCompensation,Workers' Compensation and Employer's Liability,evidenceOfInsuranceWorkersCompensationWaiverOfSubrogationEndorsement,Waiver of Subrogation,"---prompt---
Determine if the insurer has waived their right of subrogation in favor of the certificate holder under the Workers' Compensation policy. Evidence may include: a checked ""Waiver of Subrogation"" box on the certificate, mention in the Description of Operations section stating ""waiver of subrogation applies"", or reference to form WC 00 03 13. Look for language like ""subrogation is waived"" or ""per written contract"".",matchOnce,must be present,,,non_compliant,Block Requirements,,,false,0,,2026-08-16
"Block Real Estate Services, LLC",6a18669ca1ec98c09c964f19,6a1866145a886bcac13a5c35,Bariatric & Metabolic Classroom / HCA-MMC-Menorah Medical Center,69fdf13dbf1df2fe96929ddf,"rmc764 - Roe Medical Centre I {RMC Associates, LLC}",evidenceOfInsurance,Evidence of Insurance,6ac20aae-5728-5d57-b364-aeba38527dba,Additional Requirements,4da5b0f1-4c9d-5885-8cf8-5d3cccaed3e0,"Block Real Estate Services, LLC and all others required by contract are named as Additional Insureds","---prompt---
Determine if the Description of Operations or the Additional Remarks Schedule section states the ""Additional Insured as Construction Management, Inc. and all others required by contract"" or reference to blanket additional insured coverage. Look for language like ""certificate holder is additional insured"" or ""per written contract"".",matchOnce,must be present,,,non_compliant,Block Requirements,,,true,0,,2026-08-16
"Block Real Estate Services, LLC",6a18669ca1ec98c09c964f19,6a1866145a886bcac13a5c35,Bariatric & Metabolic Classroom / HCA-MMC-Menorah Medical Center,69fdf13dbf1df2fe96929ddf,"rmc764 - Roe Medical Centre I {RMC Associates, LLC}",evidenceOfInsurance,Evidence of Insurance,6ac20aae-5728-5d57-b364-aeba38527dba,Additional Requirements,e1017741-e47e-5f58-97b8-fbc3043e919f,Umbrella follows form over General Liability,"---prompt---
Determine if the Umbrella/Excess Liability policy follows form to the underlying policies. Evidence may include: language in the Description of Operations section stating the umbrella follows form to underlying coverages or an additional page endorsement stating that it follows form. Follow form means the umbrella policy adopts the same terms, conditions, and exclusions as the underlying policies.",matchOnce,must be present,,,non_compliant,Block Requirements,,,true,0,,2026-08-16
"Block Real Estate Services, LLC",6a18669ca1ec98c09c964f19,6a1866145a886bcac13a5c35,Bariatric & Metabolic Classroom / HCA-MMC-Menorah Medical Center,69fdf13dbf1df2fe96929ddf,"rmc764 - Roe Medical Centre I {RMC Associates, LLC}",evidenceOfInsurance,Evidence of Insurance,6ac20aae-5728-5d57-b364-aeba38527dba,Additional Requirements,2cdd866f-c9a4-576a-afd8-1d045762790c,The location must be listed as: 5100 W. 110th Street Suite 100 Overland Park KS 66211,,matchOnce,must be present,,,non_compliant,Block Requirements,,,true,0,,2026-08-16
"Block Real Estate Services, LLC",6a18669ca1ec98c09c964f19,6a1866145a886bcac13a5c35,Bariatric & Metabolic Classroom / HCA-MMC-Menorah Medical Center,69fdf13dbf1df2fe96929ddf,"rmc764 - Roe Medical Centre I {RMC Associates, LLC}",evidenceOfInsurance,Evidence of Insurance,6ac20aae-5728-5d57-b364-aeba38527dba,Additional Requirements,3649e9d1-4e09-59bf-8f30-cb33c40cf117,"Certificate Holder must read: c/o Block Real Estate Services, LLC, 4622 Pennsylvania St., Suite 700, Kansas City, MO, 64112",,matchOnce,must be present,,,non_compliant,Block Requirements,,,true,0,,2026-08-16
"Block Real Estate Services, LLC",6a18669ca1ec98c09c964f1a,6a1866145a886bcac13a5c35,Bariatric & Metabolic Classroom / HCA-MMC-Menorah Medical Center,69fdf13dbf1df2fe96929ddf,"rmc764 - Roe Medical Centre I {RMC Associates, LLC}",evidenceOfInsurance,Evidence of Insurance,commercialGeneralLiability,Commercial General Liability,evidenceOfInsuranceCommercialGeneralLiabilityCoverageTriggerOccurrence,Coverage Trigger: Occurrence,,matchOnce,must be present,,,non_compliant,Block Requirements,,,false,0,,2026-08-16
"Block Real Estate Services, LLC",6a18669ca1ec98c09c964f1a,6a1866145a886bcac13a5c35,Bariatric & Metabolic Classroom / HCA-MMC-Menorah Medical Center,69fdf13dbf1df2fe96929ddf,"rmc764 - Roe Medical Centre I {RMC Associates, LLC}",evidenceOfInsurance,Evidence of Insurance,commercialGeneralLiability,Commercial General Liability,evidenceOfInsuranceCommercialGeneralLiabilityGeneralAggregateLimitAppliesPerLocation,General Aggregate Limit Applies per: Location,,matchOnce,must be present,,,non_compliant,Block Requirements,,,false,0,,2026-08-16
"Block Real Estate Services, LLC",6a18669ca1ec98c09c964f1a,6a1866145a886bcac13a5c35,Bariatric & Metabolic Classroom / HCA-MMC-Menorah Medical Center,69fdf13dbf1df2fe96929ddf,"rmc764 - Roe Medical Centre I {RMC Associates, LLC}",evidenceOfInsurance,Evidence of Insurance,commercialGeneralLiability,Commercial General Liability,evidenceOfInsuranceCommercialGeneralLiabilityEachOccurrence,Each Occurrence,,matchOnce,must be greater or equal to,1000000,,non_compliant,Block Requirements,,,false,0,,2026-08-16
"Block Real Estate Services, LLC",6a18669ca1ec98c09c964f1a,6a1866145a886bcac13a5c35,Bariatric & Metabolic Classroom / HCA-MMC-Menorah Medical Center,69fdf13dbf1df2fe96929ddf,"rmc764 - Roe Medical Centre I {RMC Associates, LLC}",evidenceOfInsurance,Evidence of Insurance,commercialGeneralLiability,Commercial General Liability,evidenceOfInsuranceCommercialGeneralLiabilityGeneralAggregate,General Aggregate,,matchOnce,must be greater or equal to,2000000,,non_compliant,Block Requirements,,,false,0,,2026-08-16
"Block Real Estate Services, LLC",6a18669ca1ec98c09c964f1a,6a1866145a886bcac13a5c35,Bariatric & Metabolic Classroom / HCA-MMC-Menorah Medical Center,69fdf13dbf1df2fe96929ddf,"rmc764 - Roe Medical Centre I {RMC Associates, LLC}",evidenceOfInsurance,Evidence of Insurance,commercialGeneralLiability,Commercial General Liability,evidenceOfInsuranceCommercialGeneralLiabilityWaiverOfSubrogationEndorsement,Waiver of Subrogation,"---prompt---
Determine if the insurer has waived their right of subrogation in favor of the certificate holder under the Commercial General Liability policy. Evidence may include: a checked ""Waiver of Subrogation"" box on the certificate, mention in the Description of Operations section stating ""waiver of subrogation applies"", or reference to form CG 24 04. Look for language like ""subrogation is waived"" or ""per written contract"".",matchOnce,must be present,,,non_compliant,Block Requirements,,,false,0,,2026-08-16
"Block Real Estate Services, LLC",6a18669ca1ec98c09c964f1a,6a1866145a886bcac13a5c35,Bariatric & Metabolic Classroom / HCA-MMC-Menorah Medical Center,69fdf13dbf1df2fe96929ddf,"rmc764 - Roe Medical Centre I {RMC Associates, LLC}",evidenceOfInsurance,Evidence of Insurance,excessOrUmbrellaLiability,Umbrella/Excess Liability,evidenceOfInsuranceExcessOrUmbrellaLiabilityOccurence,Coverage Trigger: Occurrence,,matchOnce,must be present,,,non_compliant,Block Requirements,,,false,0,,2026-08-16
"Block Real Estate Services, LLC",6a18669ca1ec98c09c964f1a,6a1866145a886bcac13a5c35,Bariatric & Metabolic Classroom / HCA-MMC-Menorah Medical Center,69fdf13dbf1df2fe96929ddf,"rmc764 - Roe Medical Centre I {RMC Associates, LLC}",evidenceOfInsurance,Evidence of Insurance,excessOrUmbrellaLiability,Umbrella/Excess Liability,evidenceOfInsuranceExcessOrUmbrellaLiabilityEachOccurrence,Each Occurrence,,matchOnce,must be greater or equal to,1000000,,non_compliant,Block Requirements,,,false,0,,2026-08-16
"Block Real Estate Services, LLC",6a18669ca1ec98c09c964f1a,6a1866145a886bcac13a5c35,Bariatric & Metabolic Classroom / HCA-MMC-Menorah Medical Center,69fdf13dbf1df2fe96929ddf,"rmc764 - Roe Medical Centre I {RMC Associates, LLC}",evidenceOfInsurance,Evidence of Insurance,excessOrUmbrellaLiability,Umbrella/Excess Liability,evidenceOfInsuranceExcessOrUmbrellaLiabilityAggregate,Aggregate,,matchOnce,must be greater or equal to,1000000,,non_compliant,Block Requirements,,,false,0,,2026-08-16
"Block Real Estate Services, LLC",6a18669ca1ec98c09c964f1a,6a1866145a886bcac13a5c35,Bariatric & Metabolic Classroom / HCA-MMC-Menorah Medical Center,69fdf13dbf1df2fe96929ddf,"rmc764 - Roe Medical Centre I {RMC Associates, LLC}",evidenceOfInsurance,Evidence of Insurance,workersCompensation,Workers' Compensation and Employer's Liability,evidenceOfInsuranceWorkersCompensationStatutoryLimits,Statutory Limits,,matchOnce,must be present,,,non_compliant,Block Requirements,,,false,0,,2026-08-16
"Block Real Estate Services, LLC",6a18669ca1ec98c09c964f1a,6a1866145a886bcac13a5c35,Bariatric & Metabolic Classroom / HCA-MMC-Menorah Medical Center,69fdf13dbf1df2fe96929ddf,"rmc764 - Roe Medical Centre I {RMC Associates, LLC}",evidenceOfInsurance,Evidence of Insurance,workersCompensation,Workers' Compensation and Employer's Liability,evidenceOfInsuranceWorkersCompensationEmployersLiabilityEachAccident,Employer's Liability Each Accident,,matchOnce,must be greater or equal to,500000,,non_compliant,Block Requirements,,,false,0,,2026-08-16
"Block Real Estate Services, LLC",6a18669ca1ec98c09c964f1a,6a1866145a886bcac13a5c35,Bariatric & Metabolic Classroom / HCA-MMC-Menorah Medical Center,69fdf13dbf1df2fe96929ddf,"rmc764 - Roe Medical Centre I {RMC Associates, LLC}",evidenceOfInsurance,Evidence of Insurance,workersCompensation,Workers' Compensation and Employer's Liability,evidenceOfInsuranceWorkersCompensationEmployersLiabilityDiseaseEachEmployee,Employer's Liability Disease - each employee,,matchOnce,must be greater or equal to,500000,,non_compliant,Block Requirements,,,false,0,,2026-08-16
"Block Real Estate Services, LLC",6a18669ca1ec98c09c964f1a,6a1866145a886bcac13a5c35,Bariatric & Metabolic Classroom / HCA-MMC-Menorah Medical Center,69fdf13dbf1df2fe96929ddf,"rmc764 - Roe Medical Centre I {RMC Associates, LLC}",evidenceOfInsurance,Evidence of Insurance,workersCompensation,Workers' Compensation and Employer's Liability,evidenceOfInsuranceWorkersCompensationEmployersLiabilityDiseasePolicyLimit,Employer's Liability Disease - policy limit,,matchOnce,must be greater or equal to,500000,,non_compliant,Block Requirements,,,false,0,,2026-08-16
"Block Real Estate Services, LLC",6a18669ca1ec98c09c964f1a,6a1866145a886bcac13a5c35,Bariatric & Metabolic Classroom / HCA-MMC-Menorah Medical Center,69fdf13dbf1df2fe96929ddf,"rmc764 - Roe Medical Centre I {RMC Associates, LLC}",evidenceOfInsurance,Evidence of Insurance,workersCompensation,Workers' Compensation and Employer's Liability,evidenceOfInsuranceWorkersCompensationWaiverOfSubrogationEndorsement,Waiver of Subrogation,"---prompt---
Determine if the insurer has waived their right of subrogation in favor of the certificate holder under the Workers' Compensation policy. Evidence may include: a checked ""Waiver of Subrogation"" box on the certificate, mention in the Description of Operations section stating ""waiver of subrogation applies"", or reference to form WC 00 03 13. Look for language like ""subrogation is waived"" or ""per written contract"".",matchOnce,must be present,,,non_compliant,Block Requirements,,,false,0,,2026-08-16
"Block Real Estate Services, LLC",6a18669ca1ec98c09c964f1a,6a1866145a886bcac13a5c35,Bariatric & Metabolic Classroom / HCA-MMC-Menorah Medical Center,69fdf13dbf1df2fe96929ddf,"rmc764 - Roe Medical Centre I {RMC Associates, LLC}",evidenceOfInsurance,Evidence of Insurance,6ac20aae-5728-5d57-b364-aeba38527dba,Additional Requirements,4da5b0f1-4c9d-5885-8cf8-5d3cccaed3e0,"Block Real Estate Services, LLC and all others required by contract are named as Additional Insureds","---prompt---
Determine if the Description of Operations or the Additional Remarks Schedule section states the ""Additional Insured as Construction Management, Inc. and all others required by contract"" or reference to blanket additional insured coverage. Look for language like ""certificate holder is additional insured"" or ""per written contract"".",matchOnce,must be present,,,non_compliant,Block Requirements,,,true,0,,2026-08-16
"Block Real Estate Services, LLC",6a18669ca1ec98c09c964f1a,6a1866145a886bcac13a5c35,Bariatric & Metabolic Classroom / HCA-MMC-Menorah Medical Center,69fdf13dbf1df2fe96929ddf,"rmc764 - Roe Medical Centre I {RMC Associates, LLC}",evidenceOfInsurance,Evidence of Insurance,6ac20aae-5728-5d57-b364-aeba38527dba,Additional Requirements,e1017741-e47e-5f58-97b8-fbc3043e919f,Umbrella follows form over General Liability,"---prompt---
Determine if the Umbrella/Excess Liability policy follows form to the underlying policies. Evidence may include: language in the Description of Operations section stating the umbrella follows form to underlying coverages or an additional page endorsement stating that it follows form. Follow form means the umbrella policy adopts the same terms, conditions, and exclusions as the underlying policies.",matchOnce,must be present,,,non_compliant,Block Requirements,,,true,0,,2026-08-16
"Block Real Estate Services, LLC",6a18669ca1ec98c09c964f1a,6a1866145a886bcac13a5c35,Bariatric & Metabolic Classroom / HCA-MMC-Menorah Medical Center,69fdf13dbf1df2fe96929ddf,"rmc764 - Roe Medical Centre I {RMC Associates, LLC}",evidenceOfInsurance,Evidence of Insurance,6ac20aae-5728-5d57-b364-aeba38527dba,Additional Requirements,2cdd866f-c9a4-576a-afd8-1d045762790c,The location must be listed as: 5100 W. 110th Street Suite 110 Overland Park KS 66211,,matchOnce,must be present,,,non_compliant,Block Requirements,,,true,0,,2026-08-16
"Block Real Estate Services, LLC",6a18669ca1ec98c09c964f1a,6a1866145a886bcac13a5c35,Bariatric & Metabolic Classroom / HCA-MMC-Menorah Medical Center,69fdf13dbf1df2fe96929ddf,"rmc764 - Roe Medical Centre I {RMC Associates, LLC}",evidenceOfInsurance,Evidence of Insurance,6ac20aae-5728-5d57-b364-aeba38527dba,Additional Requirements,3649e9d1-4e09-59bf-8f30-cb33c40cf117,"Certificate Holder must read: c/o Block Real Estate Services, LLC, 4622 Pennsylvania St., Suite 700, Kansas City, MO, 64112",,matchOnce,must be present,,,non_compliant,Block Requirements,,,true,0,,2026-08-16
"Block Real Estate Services, LLC",6a18669ca1ec98c09c964f1b,6a18661fa4bcce858bf426d7,Premier Gastroenterology of Kansas City (fka KC Gastroenterology & Hepatology / HCA-MMC-Menorah Medical Center),69fdf13dbf1df2fe96929ddf,"rmc764 - Roe Medical Centre I {RMC Associates, LLC}",evidenceOfInsurance,Evidence of Insurance,commercialGeneralLiability,Commercial General Liability,evidenceOfInsuranceCommercialGeneralLiabilityCoverageTriggerOccurrence,Coverage Trigger: Occurrence,,matchOnce,must be present,,Present,compliant,Block Requirements,,,false,1,,2026-08-16
"Block Real Estate Services, LLC",6a18669ca1ec98c09c964f1b,6a18661fa4bcce858bf426d7,Premier Gastroenterology of Kansas City (fka KC Gastroenterology & Hepatology / HCA-MMC-Menorah Medical Center),69fdf13dbf1df2fe96929ddf,"rmc764 - Roe Medical Centre I {RMC Associates, LLC}",evidenceOfInsurance,Evidence of Insurance,commercialGeneralLiability,Commercial General Liability,evidenceOfInsuranceCommercialGeneralLiabilityGeneralAggregateLimitAppliesPerLocation,General Aggregate Limit Applies per: Location,,matchOnce,must be present,,,waived,Block Requirements,Per Location not a requirement in the lease,,false,0,,2026-08-16
"Block Real Estate Services, LLC",6a18669ca1ec98c09c964f1b,6a18661fa4bcce858bf426d7,Premier Gastroenterology of Kansas City (fka KC Gastroenterology & Hepatology / HCA-MMC-Menorah Medical Center),69fdf13dbf1df2fe96929ddf,"rmc764 - Roe Medical Centre I {RMC Associates, LLC}",evidenceOfInsurance,Evidence of Insurance,commercialGeneralLiability,Commercial General Liability,evidenceOfInsuranceCommercialGeneralLiabilityEachOccurrence,Each Occurrence,,matchOnce,must be greater or equal to,1000000,1000000,compliant,Block Requirements,,,false,1,,2026-08-16
"Block Real Estate Services, LLC",6a18669ca1ec98c09c964f1b,6a18661fa4bcce858bf426d7,Premier Gastroenterology of Kansas City (fka KC Gastroenterology & Hepatology / HCA-MMC-Menorah Medical Center),69fdf13dbf1df2fe96929ddf,"rmc764 - Roe Medical Centre I {RMC Associates, LLC}",evidenceOfInsurance,Evidence of Insurance,commercialGeneralLiability,Commercial General Liability,evidenceOfInsuranceCommercialGeneralLiabilityGeneralAggregate,General Aggregate,,matchOnce,must be greater or equal to,2000000,2000000,compliant,Block Requirements,,,false,1,,2026-08-16
"Block Real Estate Services, LLC",6a18669ca1ec98c09c964f1b,6a18661fa4bcce858bf426d7,Premier Gastroenterology of Kansas City (fka KC Gastroenterology & Hepatology / HCA-MMC-Menorah Medical Center),69fdf13dbf1df2fe96929ddf,"rmc764 - Roe Medical Centre I {RMC Associates, LLC}",evidenceOfInsurance,Evidence of Insurance,commercialGeneralLiability,Commercial General Liability,evidenceOfInsuranceCommercialGeneralLiabilityWaiverOfSubrogationEndorsement,Waiver of Subrogation,"---prompt---
Determine if the insurer has waived their right of subrogation in favor of the certificate holder under the Commercial General Liability policy. Evidence may include: a checked ""Waiver of Subrogation"" box on the certificate, mention in the Description of Operations section stating ""waiver of subrogation applies"", or reference to form CG 24 04. Look for language like ""subrogation is waived"" or ""per written contract"".",matchOnce,must be present,,Present,compliant,Block Requirements,,,false,1,,2026-08-16
"Block Real Estate Services, LLC",6a18669ca1ec98c09c964f1b,6a18661fa4bcce858bf426d7,Premier Gastroenterology of Kansas City (fka KC Gastroenterology & Hepatology / HCA-MMC-Menorah Medical Center),69fdf13dbf1df2fe96929ddf,"rmc764 - Roe Medical Centre I {RMC Associates, LLC}",evidenceOfInsurance,Evidence of Insurance,excessOrUmbrellaLiability,Umbrella/Excess Liability,evidenceOfInsuranceExcessOrUmbrellaLiabilityOccurence,Coverage Trigger: Occurrence,,matchOnce,must be present,,,waived,Block Requirements,,,false,0,,2026-08-16
"Block Real Estate Services, LLC",6a18669ca1ec98c09c964f1b,6a18661fa4bcce858bf426d7,Premier Gastroenterology of Kansas City (fka KC Gastroenterology & Hepatology / HCA-MMC-Menorah Medical Center),69fdf13dbf1df2fe96929ddf,"rmc764 - Roe Medical Centre I {RMC Associates, LLC}",evidenceOfInsurance,Evidence of Insurance,excessOrUmbrellaLiability,Umbrella/Excess Liability,evidenceOfInsuranceExcessOrUmbrellaLiabilityEachOccurrence,Each Occurrence,,matchOnce,must be greater or equal to,1000000,,waived,Block Requirements,,,false,0,,2026-08-16
"Block Real Estate Services, LLC",6a18669ca1ec98c09c964f1b,6a18661fa4bcce858bf426d7,Premier Gastroenterology of Kansas City (fka KC Gastroenterology & Hepatology / HCA-MMC-Menorah Medical Center),69fdf13dbf1df2fe96929ddf,"rmc764 - Roe Medical Centre I {RMC Associates, LLC}",evidenceOfInsurance,Evidence of Insurance,excessOrUmbrellaLiability,Umbrella/Excess Liability,evidenceOfInsuranceExcessOrUmbrellaLiabilityAggregate,Aggregate,,matchOnce,must be greater or equal to,1000000,,waived,Block Requirements,,,false,0,,2026-08-16
"Block Real Estate Services, LLC",6a18669ca1ec98c09c964f1b,6a18661fa4bcce858bf426d7,Premier Gastroenterology of Kansas City (fka KC Gastroenterology & Hepatology / HCA-MMC-Menorah Medical Center),69fdf13dbf1df2fe96929ddf,"rmc764 - Roe Medical Centre I {RMC Associates, LLC}",evidenceOfInsurance,Evidence of Insurance,workersCompensation,Workers' Compensation and Employer's Liability,evidenceOfInsuranceWorkersCompensationStatutoryLimits,Statutory Limits,,matchOnce,must be present,,,waived,Block Requirements,,,false,0,,2026-08-16
"Block Real Estate Services, LLC",6a18669ca1ec98c09c964f1b,6a18661fa4bcce858bf426d7,Premier Gastroenterology of Kansas City (fka KC Gastroenterology & Hepatology / HCA-MMC-Menorah Medical Center),69fdf13dbf1df2fe96929ddf,"rmc764 - Roe Medical Centre I {RMC Associates, LLC}",evidenceOfInsurance,Evidence of Insurance,workersCompensation,Workers' Compensation and Employer's Liability,evidenceOfInsuranceWorkersCompensationEmployersLiabilityEachAccident,Employer's Liability Each Accident,,matchOnce,must be greater or equal to,500000,,waived,Block Requirements,,,false,0,,2026-08-16
"Block Real Estate Services, LLC",6a18669ca1ec98c09c964f1b,6a18661fa4bcce858bf426d7,Premier Gastroenterology of Kansas City (fka KC Gastroenterology & Hepatology / HCA-MMC-Menorah Medical Center),69fdf13dbf1df2fe96929ddf,"rmc764 - Roe Medical Centre I {RMC Associates, LLC}",evidenceOfInsurance,Evidence of Insurance,workersCompensation,Workers' Compensation and Employer's Liability,evidenceOfInsuranceWorkersCompensationEmployersLiabilityDiseaseEachEmployee,Employer's Liability Disease - each employee,,matchOnce,must be greater or equal to,500000,,waived,Block Requirements,,,false,0,,2026-08-16
"Block Real Estate Services, LLC",6a18669ca1ec98c09c964f1b,6a18661fa4bcce858bf426d7,Premier Gastroenterology of Kansas City (fka KC Gastroenterology & Hepatology / HCA-MMC-Menorah Medical Center),69fdf13dbf1df2fe96929ddf,"rmc764 - Roe Medical Centre I {RMC Associates, LLC}",evidenceOfInsurance,Evidence of Insurance,workersCompensation,Workers' Compensation and Employer's Liability,evidenceOfInsuranceWorkersCompensationEmployersLiabilityDiseasePolicyLimit,Employer's Liability Disease - policy limit,,matchOnce,must be greater or equal to,500000,,waived,Block Requirements,,,false,0,,2026-08-16
"Block Real Estate Services, LLC",6a18669ca1ec98c09c964f1b,6a18661fa4bcce858bf426d7,Premier Gastroenterology of Kansas City (fka KC Gastroenterology & Hepatology / HCA-MMC-Menorah Medical Center),69fdf13dbf1df2fe96929ddf,"rmc764 - Roe Medical Centre I {RMC Associates, LLC}",evidenceOfInsurance,Evidence of Insurance,workersCompensation,Workers' Compensation and Employer's Liability,evidenceOfInsuranceWorkersCompensationWaiverOfSubrogationEndorsement,Waiver of Subrogation,"---prompt---
Determine if the insurer has waived their right of subrogation in favor of the certificate holder under the Workers' Compensation policy. Evidence may include: a checked ""Waiver of Subrogation"" box on the certificate, mention in the Description of Operations section stating ""waiver of subrogation applies"", or reference to form WC 00 03 13. Look for language like ""subrogation is waived"" or ""per written contract"".",matchOnce,must be present,,,waived,Block Requirements,,,false,0,,2026-08-16
"Block Real Estate Services, LLC",6a18669ca1ec98c09c964f1b,6a18661fa4bcce858bf426d7,Premier Gastroenterology of Kansas City (fka KC Gastroenterology & Hepatology / HCA-MMC-Menorah Medical Center),69fdf13dbf1df2fe96929ddf,"rmc764 - Roe Medical Centre I {RMC Associates, LLC}",evidenceOfInsurance,Evidence of Insurance,6ac20aae-5728-5d57-b364-aeba38527dba,Additional Requirements,4da5b0f1-4c9d-5885-8cf8-5d3cccaed3e0,"Block Real Estate Services, LLC and all others required by contract are named as Additional Insureds","---prompt---
Determine if the Description of Operations or the Additional Remarks Schedule section states the ""Additional Insured as Construction Management, Inc. and all others required by contract"" or reference to blanket additional insured coverage. Look for language like ""certificate holder is additional insured"" or ""per written contract"".",matchOnce,must be present,,Present,compliant,Block Requirements,,,true,1,,2026-08-16
"Block Real Estate Services, LLC",6a18669ca1ec98c09c964f1b,6a18661fa4bcce858bf426d7,Premier Gastroenterology of Kansas City (fka KC Gastroenterology & Hepatology / HCA-MMC-Menorah Medical Center),69fdf13dbf1df2fe96929ddf,"rmc764 - Roe Medical Centre I {RMC Associates, LLC}",evidenceOfInsurance,Evidence of Insurance,6ac20aae-5728-5d57-b364-aeba38527dba,Additional Requirements,e1017741-e47e-5f58-97b8-fbc3043e919f,Umbrella follows form over General Liability,"---prompt---
Determine if the Umbrella/Excess Liability policy follows form to the underlying policies. Evidence may include: language in the Description of Operations section stating the umbrella follows form to underlying coverages or an additional page endorsement stating that it follows form. Follow form means the umbrella policy adopts the same terms, conditions, and exclusions as the underlying policies.",matchOnce,must be present,,,waived,Block Requirements,Umbrella Liability not a requirement in the lease,,true,0,,2026-08-16
"Block Real Estate Services, LLC",6a18669ca1ec98c09c964f1b,6a18661fa4bcce858bf426d7,Premier Gastroenterology of Kansas City (fka KC Gastroenterology & Hepatology / HCA-MMC-Menorah Medical Center),69fdf13dbf1df2fe96929ddf,"rmc764 - Roe Medical Centre I {RMC Associates, LLC}",evidenceOfInsurance,Evidence of Insurance,6ac20aae-5728-5d57-b364-aeba38527dba,Additional Requirements,2cdd866f-c9a4-576a-afd8-1d045762790c,The location must be listed as: 5100 W. 110th Street Suite 120 Overland Park KS 66211,,matchOnce,must be present,,Present,compliant,Block Requirements,,,true,1,,2026-08-16
"Block Real Estate Services, LLC",6a18669ca1ec98c09c964f1b,6a18661fa4bcce858bf426d7,Premier Gastroenterology of Kansas City (fka KC Gastroenterology & Hepatology / HCA-MMC-Menorah Medical Center),69fdf13dbf1df2fe96929ddf,"rmc764 - Roe Medical Centre I {RMC Associates, LLC}",evidenceOfInsurance,Evidence of Insurance,6ac20aae-5728-5d57-b364-aeba38527dba,Additional Requirements,3649e9d1-4e09-59bf-8f30-cb33c40cf117,"Certificate Holder must read: c/o Block Real Estate Services, LLC, 4622 Pennsylvania St., Suite 700, Kansas City, MO, 64112",,matchOnce,must be present,,Present,compliant,Block Requirements,,,true,1,,2026-08-16
"Block Real Estate Services, LLC",6a18669ca1ec98c09c964f1c,6a18663d462ef1e78ea4b046,HCA-OPRMC,69fdf13dbf1df2fe96929ddf,"rmc764 - Roe Medical Centre I {RMC Associates, LLC}",evidenceOfInsurance,Evidence of Insurance,commercialGeneralLiability,Commercial General Liability,evidenceOfInsuranceCommercialGeneralLiabilityCoverageTriggerOccurrence,Coverage Trigger: Occurrence,,matchOnce,must be present,,Present,compliant,Block Requirements,,,false,1,,2026-08-16
"Block Real Estate Services, LLC",6a18669ca1ec98c09c964f1c,6a18663d462ef1e78ea4b046,HCA-OPRMC,69fdf13dbf1df2fe96929ddf,"rmc764 - Roe Medical Centre I {RMC Associates, LLC}",evidenceOfInsurance,Evidence of Insurance,commercialGeneralLiability,Commercial General Liability,evidenceOfInsuranceCommercialGeneralLiabilityGeneralAggregateLimitAppliesPerLocation,General Aggregate Limit Applies per: Location,,matchOnce,must be present,,,non_compliant,Block Requirements,,,false,0,,2026-08-16
"Block Real Estate Services, LLC",6a18669ca1ec98c09c964f1c,6a18663d462ef1e78ea4b046,HCA-OPRMC,69fdf13dbf1df2fe96929ddf,"rmc764 - Roe Medical Centre I {RMC Associates, LLC}",evidenceOfInsurance,Evidence of Insurance,commercialGeneralLiability,Commercial General Liability,evidenceOfInsuranceCommercialGeneralLiabilityEachOccurrence,Each Occurrence,,matchOnce,must be greater or equal to,1000000,1000000,compliant,Block Requirements,,,false,1,,2026-08-16
"Block Real Estate Services, LLC",6a18669ca1ec98c09c964f1c,6a18663d462ef1e78ea4b046,HCA-OPRMC,69fdf13dbf1df2fe96929ddf,"rmc764 - Roe Medical Centre I {RMC Associates, LLC}",evidenceOfInsurance,Evidence of Insurance,commercialGeneralLiability,Commercial General Liability,evidenceOfInsuranceCommercialGeneralLiabilityGeneralAggregate,General Aggregate,,matchOnce,must be greater or equal to,2000000,2000000,compliant,Block Requirements,,,false,1,,2026-08-16
"Block Real Estate Services, LLC",6a18669ca1ec98c09c964f1c,6a18663d462ef1e78ea4b046,HCA-OPRMC,69fdf13dbf1df2fe96929ddf,"rmc764 - Roe Medical Centre I {RMC Associates, LLC}",evidenceOfInsurance,Evidence of Insurance,commercialGeneralLiability,Commercial General Liability,evidenceOfInsuranceCommercialGeneralLiabilityWaiverOfSubrogationEndorsement,Waiver of Subrogation,"---prompt---
Determine if the insurer has waived their right of subrogation in favor of the certificate holder under the Commercial General Liability policy. Evidence may include: a checked ""Waiver of Subrogation"" box on the certificate, mention in the Description of Operations section stating ""waiver of subrogation applies"", or reference to form CG 24 04. Look for language like ""subrogation is waived"" or ""per written contract"".",matchOnce,must be present,,Present,compliant,Block Requirements,,,false,1,,2026-08-16
"Block Real Estate Services, LLC",6a18669ca1ec98c09c964f1c,6a18663d462ef1e78ea4b046,HCA-OPRMC,69fdf13dbf1df2fe96929ddf,"rmc764 - Roe Medical Centre I {RMC Associates, LLC}",evidenceOfInsurance,Evidence of Insurance,excessOrUmbrellaLiability,Umbrella/Excess Liability,evidenceOfInsuranceExcessOrUmbrellaLiabilityOccurence,Coverage Trigger: Occurrence,,matchOnce,must be present,,,non_compliant,Block Requirements,,,false,0,,2026-08-16
"Block Real Estate Services, LLC",6a18669ca1ec98c09c964f1c,6a18663d462ef1e78ea4b046,HCA-OPRMC,69fdf13dbf1df2fe96929ddf,"rmc764 - Roe Medical Centre I {RMC Associates, LLC}",evidenceOfInsurance,Evidence of Insurance,excessOrUmbrellaLiability,Umbrella/Excess Liability,evidenceOfInsuranceExcessOrUmbrellaLiabilityEachOccurrence,Each Occurrence,,matchOnce,must be greater or equal to,1000000,,non_compliant,Block Requirements,,,false,0,,2026-08-16
"Block Real Estate Services, LLC",6a18669ca1ec98c09c964f1c,6a18663d462ef1e78ea4b046,HCA-OPRMC,69fdf13dbf1df2fe96929ddf,"rmc764 - Roe Medical Centre I {RMC Associates, LLC}",evidenceOfInsurance,Evidence of Insurance,excessOrUmbrellaLiability,Umbrella/Excess Liability,evidenceOfInsuranceExcessOrUmbrellaLiabilityAggregate,Aggregate,,matchOnce,must be greater or equal to,1000000,,non_compliant,Block Requirements,,,false,0,,2026-08-16
"Block Real Estate Services, LLC",6a18669ca1ec98c09c964f1c,6a18663d462ef1e78ea4b046,HCA-OPRMC,69fdf13dbf1df2fe96929ddf,"rmc764 - Roe Medical Centre I {RMC Associates, LLC}",evidenceOfInsurance,Evidence of Insurance,workersCompensation,Workers' Compensation and Employer's Liability,evidenceOfInsuranceWorkersCompensationStatutoryLimits,Statutory Limits,,matchOnce,must be present,,,non_compliant,Block Requirements,,,false,0,,2026-08-16
"Block Real Estate Services, LLC",6a18669ca1ec98c09c964f1c,6a18663d462ef1e78ea4b046,HCA-OPRMC,69fdf13dbf1df2fe96929ddf,"rmc764 - Roe Medical Centre I {RMC Associates, LLC}",evidenceOfInsurance,Evidence of Insurance,workersCompensation,Workers' Compensation and Employer's Liability,evidenceOfInsuranceWorkersCompensationEmployersLiabilityEachAccident,Employer's Liability Each Accident,,matchOnce,must be greater or equal to,500000,,non_compliant,Block Requirements,,,false,0,,2026-08-16
"Block Real Estate Services, LLC",6a18669ca1ec98c09c964f1c,6a18663d462ef1e78ea4b046,HCA-OPRMC,69fdf13dbf1df2fe96929ddf,"rmc764 - Roe Medical Centre I {RMC Associates, LLC}",evidenceOfInsurance,Evidence of Insurance,workersCompensation,Workers' Compensation and Employer's Liability,evidenceOfInsuranceWorkersCompensationEmployersLiabilityDiseaseEachEmployee,Employer's Liability Disease - each employee,,matchOnce,must be greater or equal to,500000,,non_compliant,Block Requirements,,,false,0,,2026-08-16
"Block Real Estate Services, LLC",6a18669ca1ec98c09c964f1c,6a18663d462ef1e78ea4b046,HCA-OPRMC,69fdf13dbf1df2fe96929ddf,"rmc764 - Roe Medical Centre I {RMC Associates, LLC}",evidenceOfInsurance,Evidence of Insurance,workersCompensation,Workers' Compensation and Employer's Liability,evidenceOfInsuranceWorkersCompensationEmployersLiabilityDiseasePolicyLimit,Employer's Liability Disease - policy limit,,matchOnce,must be greater or equal to,500000,,non_compliant,Block Requirements,,,false,0,,2026-08-16
"Block Real Estate Services, LLC",6a18669ca1ec98c09c964f1c,6a18663d462ef1e78ea4b046,HCA-OPRMC,69fdf13dbf1df2fe96929ddf,"rmc764 - Roe Medical Centre I {RMC Associates, LLC}",evidenceOfInsurance,Evidence of Insurance,workersCompensation,Workers' Compensation and Employer's Liability,evidenceOfInsuranceWorkersCompensationWaiverOfSubrogationEndorsement,Waiver of Subrogation,"---prompt---
Determine if the insurer has waived their right of subrogation in favor of the certificate holder under the Workers' Compensation policy. Evidence may include: a checked ""Waiver of Subrogation"" box on the certificate, mention in the Description of Operations section stating ""waiver of subrogation applies"", or reference to form WC 00 03 13. Look for language like ""subrogation is waived"" or ""per written contract"".",matchOnce,must be present,,,non_compliant,Block Requirements,,,false,0,,2026-08-16
"Block Real Estate Services, LLC",6a18669ca1ec98c09c964f1c,6a18663d462ef1e78ea4b046,HCA-OPRMC,69fdf13dbf1df2fe96929ddf,"rmc764 - Roe Medical Centre I {RMC Associates, LLC}",evidenceOfInsurance,Evidence of Insurance,6ac20aae-5728-5d57-b364-aeba38527dba,Additional Requirements,4da5b0f1-4c9d-5885-8cf8-5d3cccaed3e0,"Block Real Estate Services, LLC and all others required by contract are named as Additional Insureds","---prompt---
Determine if the Description of Operations or the Additional Remarks Schedule section states the ""Additional Insured as Construction Management, Inc. and all others required by contract"" or reference to blanket additional insured coverage. Look for language like ""certificate holder is additional insured"" or ""per written contract"".",matchOnce,must be present,,,non_compliant,Block Requirements,,,true,0,,2026-08-16
"Block Real Estate Services, LLC",6a18669ca1ec98c09c964f1c,6a18663d462ef1e78ea4b046,HCA-OPRMC,69fdf13dbf1df2fe96929ddf,"rmc764 - Roe Medical Centre I {RMC Associates, LLC}",evidenceOfInsurance,Evidence of Insurance,6ac20aae-5728-5d57-b364-aeba38527dba,Additional Requirements,e1017741-e47e-5f58-97b8-fbc3043e919f,Umbrella follows form over General Liability,"---prompt---
Determine if the Umbrella/Excess Liability policy follows form to the underlying policies. Evidence may include: language in the Description of Operations section stating the umbrella follows form to underlying coverages or an additional page endorsement stating that it follows form. Follow form means the umbrella policy adopts the same terms, conditions, and exclusions as the underlying policies.",matchOnce,must be present,,,non_compliant,Block Requirements,,,true,0,,2026-08-16
"Block Real Estate Services, LLC",6a18669ca1ec98c09c964f1c,6a18663d462ef1e78ea4b046,HCA-OPRMC,69fdf13dbf1df2fe96929ddf,"rmc764 - Roe Medical Centre I {RMC Associates, LLC}",evidenceOfInsurance,Evidence of Insurance,6ac20aae-5728-5d57-b364-aeba38527dba,Additional Requirements,2cdd866f-c9a4-576a-afd8-1d045762790c,The location must be listed as: 5100 W. 110th Street Suite 200(A) Overland Park KS 66211,,matchOnce,must be present,,,non_compliant,Block Requirements,,,true,0,,2026-08-16
"Block Real Estate Services, LLC",6a18669ca1ec98c09c964f1c,6a18663d462ef1e78ea4b046,HCA-OPRMC,69fdf13dbf1df2fe96929ddf,"rmc764 - Roe Medical Centre I {RMC Associates, LLC}",evidenceOfInsurance,Evidence of Insurance,6ac20aae-5728-5d57-b364-aeba38527dba,Additional Requirements,3649e9d1-4e09-59bf-8f30-cb33c40cf117,"Certificate Holder must read: c/o Block Real Estate Services, LLC, 4622 Pennsylvania St., Suite 700, Kansas City, MO, 64112",,matchOnce,must be present,,,non_compliant,Block Requirements,,,true,0,,2026-08-16
"Block Real Estate Services, LLC",6a18669ca1ec98c09c964f1d,6a18663117ab90e8a02f12a9,Midwest Heart & Vascular and KCHRI (Kansas City Heart Rhythm Institute),69fdf13dbf1df2fe96929ddf,"rmc764 - Roe Medical Centre I {RMC Associates, LLC}",evidenceOfInsurance,Evidence of Insurance,commercialGeneralLiability,Commercial General Liability,evidenceOfInsuranceCommercialGeneralLiabilityCoverageTriggerOccurrence,Coverage Trigger: Occurrence,,matchOnce,must be present,,,non_compliant,Block Requirements,,,false,0,,2026-08-16
"Block Real Estate Services, LLC",6a18669ca1ec98c09c964f1d,6a18663117ab90e8a02f12a9,Midwest Heart & Vascular and KCHRI (Kansas City Heart Rhythm Institute),69fdf13dbf1df2fe96929ddf,"rmc764 - Roe Medical Centre I {RMC Associates, LLC}",evidenceOfInsurance,Evidence of Insurance,commercialGeneralLiability,Commercial General Liability,evidenceOfInsuranceCommercialGeneralLiabilityGeneralAggregateLimitAppliesPerLocation,General Aggregate Limit Applies per: Location,,matchOnce,must be present,,,non_compliant,Block Requirements,,,false,0,,2026-08-16
"Block Real Estate Services, LLC",6a18669ca1ec98c09c964f1d,6a18663117ab90e8a02f12a9,Midwest Heart & Vascular and KCHRI (Kansas City Heart Rhythm Institute),69fdf13dbf1df2fe96929ddf,"rmc764 - Roe Medical Centre I {RMC Associates, LLC}",evidenceOfInsurance,Evidence of Insurance,commercialGeneralLiability,Commercial General Liability,evidenceOfInsuranceCommercialGeneralLiabilityEachOccurrence,Each Occurrence,,matchOnce,must be greater or equal to,1000000,,non_compliant,Block Requirements,,,false,0,,2026-08-16
"Block Real Estate Services, LLC",6a18669ca1ec98c09c964f1d,6a18663117ab90e8a02f12a9,Midwest Heart & Vascular and KCHRI (Kansas City Heart Rhythm Institute),69fdf13dbf1df2fe96929ddf,"rmc764 - Roe Medical Centre I {RMC Associates, LLC}",evidenceOfInsurance,Evidence of Insurance,commercialGeneralLiability,Commercial General Liability,evidenceOfInsuranceCommercialGeneralLiabilityGeneralAggregate,General Aggregate,,matchOnce,must be greater or equal to,2000000,,non_compliant,Block Requirements,,,false,0,,2026-08-16
"Block Real Estate Services, LLC",6a18669ca1ec98c09c964f1d,6a18663117ab90e8a02f12a9,Midwest Heart & Vascular and KCHRI (Kansas City Heart Rhythm Institute),69fdf13dbf1df2fe96929ddf,"rmc764 - Roe Medical Centre I {RMC Associates, LLC}",evidenceOfInsurance,Evidence of Insurance,commercialGeneralLiability,Commercial General Liability,evidenceOfInsuranceCommercialGeneralLiabilityWaiverOfSubrogationEndorsement,Waiver of Subrogation,"---prompt---
Determine if the insurer has waived their right of subrogation in favor of the certificate holder under the Commercial General Liability policy. Evidence may include: a checked ""Waiver of Subrogation"" box on the certificate, mention in the Description of Operations section stating ""waiver of subrogation applies"", or reference to form CG 24 04. Look for language like ""subrogation is waived"" or ""per written contract"".",matchOnce,must be present,,,non_compliant,Block Requirements,,,false,0,,2026-08-16
"Block Real Estate Services, LLC",6a18669ca1ec98c09c964f1d,6a18663117ab90e8a02f12a9,Midwest Heart & Vascular and KCHRI (Kansas City Heart Rhythm Institute),69fdf13dbf1df2fe96929ddf,"rmc764 - Roe Medical Centre I {RMC Associates, LLC}",evidenceOfInsurance,Evidence of Insurance,excessOrUmbrellaLiability,Umbrella/Excess Liability,evidenceOfInsuranceExcessOrUmbrellaLiabilityOccurence,Coverage Trigger: Occurrence,,matchOnce,must be present,,,non_compliant,Block Requirements,,,false,0,,2026-08-16
"Block Real Estate Services, LLC",6a18669ca1ec98c09c964f1d,6a18663117ab90e8a02f12a9,Midwest Heart & Vascular and KCHRI (Kansas City Heart Rhythm Institute),69fdf13dbf1df2fe96929ddf,"rmc764 - Roe Medical Centre I {RMC Associates, LLC}",evidenceOfInsurance,Evidence of Insurance,excessOrUmbrellaLiability,Umbrella/Excess Liability,evidenceOfInsuranceExcessOrUmbrellaLiabilityEachOccurrence,Each Occurrence,,matchOnce,must be greater or equal to,1000000,,non_compliant,Block Requirements,,,false,0,,2026-08-16
"Block Real Estate Services, LLC",6a18669ca1ec98c09c964f1d,6a18663117ab90e8a02f12a9,Midwest Heart & Vascular and KCHRI (Kansas City Heart Rhythm Institute),69fdf13dbf1df2fe96929ddf,"rmc764 - Roe Medical Centre I {RMC Associates, LLC}",evidenceOfInsurance,Evidence of Insurance,excessOrUmbrellaLiability,Umbrella/Excess Liability,evidenceOfInsuranceExcessOrUmbrellaLiabilityAggregate,Aggregate,,matchOnce,must be greater or equal to,1000000,,non_compliant,Block Requirements,,,false,0,,2026-08-16
"Block Real Estate Services, LLC",6a18669ca1ec98c09c964f1d,6a18663117ab90e8a02f12a9,Midwest Heart & Vascular and KCHRI (Kansas City Heart Rhythm Institute),69fdf13dbf1df2fe96929ddf,"rmc764 - Roe Medical Centre I {RMC Associates, LLC}",evidenceOfInsurance,Evidence of Insurance,workersCompensation,Workers' Compensation and Employer's Liability,evidenceOfInsuranceWorkersCompensationStatutoryLimits,Statutory Limits,,matchOnce,must be present,,,non_compliant,Block Requirements,,,false,0,,2026-08-16
"Block Real Estate Services, LLC",6a18669ca1ec98c09c964f1d,6a18663117ab90e8a02f12a9,Midwest Heart & Vascular and KCHRI (Kansas City Heart Rhythm Institute),69fdf13dbf1df2fe96929ddf,"rmc764 - Roe Medical Centre I {RMC Associates, LLC}",evidenceOfInsurance,Evidence of Insurance,workersCompensation,Workers' Compensation and Employer's Liability,evidenceOfInsuranceWorkersCompensationEmployersLiabilityEachAccident,Employer's Liability Each Accident,,matchOnce,must be greater or equal to,500000,,non_compliant,Block Requirements,,,false,0,,2026-08-16
"Block Real Estate Services, LLC",6a18669ca1ec98c09c964f1d,6a18663117ab90e8a02f12a9,Midwest Heart & Vascular and KCHRI (Kansas City Heart Rhythm Institute),69fdf13dbf1df2fe96929ddf,"rmc764 - Roe Medical Centre I {RMC Associates, LLC}",evidenceOfInsurance,Evidence of Insurance,workersCompensation,Workers' Compensation and Employer's Liability,evidenceOfInsuranceWorkersCompensationEmployersLiabilityDiseaseEachEmployee,Employer's Liability Disease - each employee,,matchOnce,must be greater or equal to,500000,,non_compliant,Block Requirements,,,false,0,,2026-08-16
"Block Real Estate Services, LLC",6a18669ca1ec98c09c964f1d,6a18663117ab90e8a02f12a9,Midwest Heart & Vascular and KCHRI (Kansas City Heart Rhythm Institute),69fdf13dbf1df2fe96929ddf,"rmc764 - Roe Medical Centre I {RMC Associates, LLC}",evidenceOfInsurance,Evidence of Insurance,workersCompensation,Workers' Compensation and Employer's Liability,evidenceOfInsuranceWorkersCompensationEmployersLiabilityDiseasePolicyLimit,Employer's Liability Disease - policy limit,,matchOnce,must be greater or equal to,500000,,non_compliant,Block Requirements,,,false,0,,2026-08-16
"Block Real Estate Services, LLC",6a18669ca1ec98c09c964f1d,6a18663117ab90e8a02f12a9,Midwest Heart & Vascular and KCHRI (Kansas City Heart Rhythm Institute),69fdf13dbf1df2fe96929ddf,"rmc764 - Roe Medical Centre I {RMC Associates, LLC}",evidenceOfInsurance,Evidence of Insurance,workersCompensation,Workers' Compensation and Employer's Liability,evidenceOfInsuranceWorkersCompensationWaiverOfSubrogationEndorsement,Waiver of Subrogation,"---prompt---
Determine if the insurer has waived their right of subrogation in favor of the certificate holder under the Workers' Compensation policy. Evidence may include: a checked ""Waiver of Subrogation"" box on the certificate, mention in the Description of Operations section stating ""waiver of subrogation applies"", or reference to form WC 00 03 13. Look for language like ""subrogation is waived"" or ""per written contract"".",matchOnce,must be present,,,non_compliant,Block Requirements,,,false,0,,2026-08-16
"Block Real Estate Services, LLC",6a18669ca1ec98c09c964f1d,6a18663117ab90e8a02f12a9,Midwest Heart & Vascular and KCHRI (Kansas City Heart Rhythm Institute),69fdf13dbf1df2fe96929ddf,"rmc764 - Roe Medical Centre I {RMC Associates, LLC}",evidenceOfInsurance,Evidence of Insurance,6ac20aae-5728-5d57-b364-aeba38527dba,Additional Requirements,4da5b0f1-4c9d-5885-8cf8-5d3cccaed3e0,"Block Real Estate Services, LLC and all others required by contract are named as Additional Insureds","---prompt---
Determine if the Description of Operations or the Additional Remarks Schedule section states the ""Additional Insured as Construction Management, Inc. and all others required by contract"" or reference to blanket additional insured coverage. Look for language like ""certificate holder is additional insured"" or ""per written contract"".",matchOnce,must be present,,,non_compliant,Block Requirements,,,true,0,,2026-08-16
"Block Real Estate Services, LLC",6a18669ca1ec98c09c964f1d,6a18663117ab90e8a02f12a9,Midwest Heart & Vascular and KCHRI (Kansas City Heart Rhythm Institute),69fdf13dbf1df2fe96929ddf,"rmc764 - Roe Medical Centre I {RMC Associates, LLC}",evidenceOfInsurance,Evidence of Insurance,6ac20aae-5728-5d57-b364-aeba38527dba,Additional Requirements,e1017741-e47e-5f58-97b8-fbc3043e919f,Umbrella follows form over General Liability,"---prompt---
Determine if the Umbrella/Excess Liability policy follows form to the underlying policies. Evidence may include: language in the Description of Operations section stating the umbrella follows form to underlying coverages or an additional page endorsement stating that it follows form. Follow form means the umbrella policy adopts the same terms, conditions, and exclusions as the underlying policies.",matchOnce,must be present,,,non_compliant,Block Requirements,,,true,0,,2026-08-16
"Block Real Estate Services, LLC",6a18669ca1ec98c09c964f1d,6a18663117ab90e8a02f12a9,Midwest Heart & Vascular and KCHRI (Kansas City Heart Rhythm Institute),69fdf13dbf1df2fe96929ddf,"rmc764 - Roe Medical Centre I {RMC Associates, LLC}",evidenceOfInsurance,Evidence of Insurance,6ac20aae-5728-5d57-b364-aeba38527dba,Additional Requirements,2cdd866f-c9a4-576a-afd8-1d045762790c,The location must be listed as: 5100 W. 110th Street Suite 200(B) Overland Park KS 66211,,matchOnce,must be present,,,non_compliant,Block Requirements,,,true,0,,2026-08-16
"Block Real Estate Services, LLC",6a18669ca1ec98c09c964f1d,6a18663117ab90e8a02f12a9,Midwest Heart & Vascular and KCHRI (Kansas City Heart Rhythm Institute),69fdf13dbf1df2fe96929ddf,"rmc764 - Roe Medical Centre I {RMC Associates, LLC}",evidenceOfInsurance,Evidence of Insurance,6ac20aae-5728-5d57-b364-aeba38527dba,Additional Requirements,3649e9d1-4e09-59bf-8f30-cb33c40cf117,"Certificate Holder must read: c/o Block Real Estate Services, LLC, 4622 Pennsylvania St., Suite 700, Kansas City, MO, 64112",,matchOnce,must be present,,,non_compliant,Block Requirements,,,true,0,,2026-08-16
"Block Real Estate Services, LLC",6a18669ca1ec98c09c964f1e,6a18663117ab90e8a02f12a9,Midwest Heart & Vascular and KCHRI (Kansas City Heart Rhythm Institute),69fdf13dbf1df2fe96929ddf,"rmc764 - Roe Medical Centre I {RMC Associates, LLC}",evidenceOfInsurance,Evidence of Insurance,commercialGeneralLiability,Commercial General Liability,evidenceOfInsuranceCommercialGeneralLiabilityCoverageTriggerOccurrence,Coverage Trigger: Occurrence,,matchOnce,must be present,,,non_compliant,Block Requirements,,,false,0,,2026-08-16
"Block Real Estate Services, LLC",6a18669ca1ec98c09c964f1e,6a18663117ab90e8a02f12a9,Midwest Heart & Vascular and KCHRI (Kansas City Heart Rhythm Institute),69fdf13dbf1df2fe96929ddf,"rmc764 - Roe Medical Centre I {RMC Associates, LLC}",evidenceOfInsurance,Evidence of Insurance,commercialGeneralLiability,Commercial General Liability,evidenceOfInsuranceCommercialGeneralLiabilityGeneralAggregateLimitAppliesPerLocation,General Aggregate Limit Applies per: Location,,matchOnce,must be present,,,non_compliant,Block Requirements,,,false,0,,2026-08-16
"Block Real Estate Services, LLC",6a18669ca1ec98c09c964f1e,6a18663117ab90e8a02f12a9,Midwest Heart & Vascular and KCHRI (Kansas City Heart Rhythm Institute),69fdf13dbf1df2fe96929ddf,"rmc764 - Roe Medical Centre I {RMC Associates, LLC}",evidenceOfInsurance,Evidence of Insurance,commercialGeneralLiability,Commercial General Liability,evidenceOfInsuranceCommercialGeneralLiabilityEachOccurrence,Each Occurrence,,matchOnce,must be greater or equal to,1000000,,non_compliant,Block Requirements,,,false,0,,2026-08-16
"Block Real Estate Services, LLC",6a18669ca1ec98c09c964f1e,6a18663117ab90e8a02f12a9,Midwest Heart & Vascular and KCHRI (Kansas City Heart Rhythm Institute),69fdf13dbf1df2fe96929ddf,"rmc764 - Roe Medical Centre I {RMC Associates, LLC}",evidenceOfInsurance,Evidence of Insurance,commercialGeneralLiability,Commercial General Liability,evidenceOfInsuranceCommercialGeneralLiabilityGeneralAggregate,General Aggregate,,matchOnce,must be greater or equal to,2000000,,non_compliant,Block Requirements,,,false,0,,2026-08-16
"Block Real Estate Services, LLC",6a18669ca1ec98c09c964f1e,6a18663117ab90e8a02f12a9,Midwest Heart & Vascular and KCHRI (Kansas City Heart Rhythm Institute),69fdf13dbf1df2fe96929ddf,"rmc764 - Roe Medical Centre I {RMC Associates, LLC}",evidenceOfInsurance,Evidence of Insurance,commercialGeneralLiability,Commercial General Liability,evidenceOfInsuranceCommercialGeneralLiabilityWaiverOfSubrogationEndorsement,Waiver of Subrogation,"---prompt---
Determine if the insurer has waived their right of subrogation in favor of the certificate holder under the Commercial General Liability policy. Evidence may include: a checked ""Waiver of Subrogation"" box on the certificate, mention in the Description of Operations section stating ""waiver of subrogation applies"", or reference to form CG 24 04. Look for language like ""subrogation is waived"" or ""per written contract"".",matchOnce,must be present,,,non_compliant,Block Requirements,,,false,0,,2026-08-16
"Block Real Estate Services, LLC",6a18669ca1ec98c09c964f1e,6a18663117ab90e8a02f12a9,Midwest Heart & Vascular and KCHRI (Kansas City Heart Rhythm Institute),69fdf13dbf1df2fe96929ddf,"rmc764 - Roe Medical Centre I {RMC Associates, LLC}",evidenceOfInsurance,Evidence of Insurance,excessOrUmbrellaLiability,Umbrella/Excess Liability,evidenceOfInsuranceExcessOrUmbrellaLiabilityOccurence,Coverage Trigger: Occurrence,,matchOnce,must be present,,,non_compliant,Block Requirements,,,false,0,,2026-08-16
"Block Real Estate Services, LLC",6a18669ca1ec98c09c964f1e,6a18663117ab90e8a02f12a9,Midwest Heart & Vascular and KCHRI (Kansas City Heart Rhythm Institute),69fdf13dbf1df2fe96929ddf,"rmc764 - Roe Medical Centre I {RMC Associates, LLC}",evidenceOfInsurance,Evidence of Insurance,excessOrUmbrellaLiability,Umbrella/Excess Liability,evidenceOfInsuranceExcessOrUmbrellaLiabilityEachOccurrence,Each Occurrence,,matchOnce,must be greater or equal to,1000000,,non_compliant,Block Requirements,,,false,0,,2026-08-16
"Block Real Estate Services, LLC",6a18669ca1ec98c09c964f1e,6a18663117ab90e8a02f12a9,Midwest Heart & Vascular and KCHRI (Kansas City Heart Rhythm Institute),69fdf13dbf1df2fe96929ddf,"rmc764 - Roe Medical Centre I {RMC Associates, LLC}",evidenceOfInsurance,Evidence of Insurance,excessOrUmbrellaLiability,Umbrella/Excess Liability,evidenceOfInsuranceExcessOrUmbrellaLiabilityAggregate,Aggregate,,matchOnce,must be greater or equal to,1000000,,non_compliant,Block Requirements,,,false,0,,2026-08-16
"Block Real Estate Services, LLC",6a18669ca1ec98c09c964f1e,6a18663117ab90e8a02f12a9,Midwest Heart & Vascular and KCHRI (Kansas City Heart Rhythm Institute),69fdf13dbf1df2fe96929ddf,"rmc764 - Roe Medical Centre I {RMC Associates, LLC}",evidenceOfInsurance,Evidence of Insurance,workersCompensation,Workers' Compensation and Employer's Liability,evidenceOfInsuranceWorkersCompensationStatutoryLimits,Statutory Limits,,matchOnce,must be present,,,non_compliant,Block Requirements,,,false,0,,2026-08-16
"Block Real Estate Services, LLC",6a18669ca1ec98c09c964f1e,6a18663117ab90e8a02f12a9,Midwest Heart & Vascular and KCHRI (Kansas City Heart Rhythm Institute),69fdf13dbf1df2fe96929ddf,"rmc764 - Roe Medical Centre I {RMC Associates, LLC}",evidenceOfInsurance,Evidence of Insurance,workersCompensation,Workers' Compensation and Employer's Liability,evidenceOfInsuranceWorkersCompensationEmployersLiabilityEachAccident,Employer's Liability Each Accident,,matchOnce,must be greater or equal to,500000,,non_compliant,Block Requirements,,,false,0,,2026-08-16
"Block Real Estate Services, LLC",6a18669ca1ec98c09c964f1e,6a18663117ab90e8a02f12a9,Midwest Heart & Vascular and KCHRI (Kansas City Heart Rhythm Institute),69fdf13dbf1df2fe96929ddf,"rmc764 - Roe Medical Centre I {RMC Associates, LLC}",evidenceOfInsurance,Evidence of Insurance,workersCompensation,Workers' Compensation and Employer's Liability,evidenceOfInsuranceWorkersCompensationEmployersLiabilityDiseaseEachEmployee,Employer's Liability Disease - each employee,,matchOnce,must be greater or equal to,500000,,non_compliant,Block Requirements,,,false,0,,2026-08-16
"Block Real Estate Services, LLC",6a18669ca1ec98c09c964f1e,6a18663117ab90e8a02f12a9,Midwest Heart & Vascular and KCHRI (Kansas City Heart Rhythm Institute),69fdf13dbf1df2fe96929ddf,"rmc764 - Roe Medical Centre I {RMC Associates, LLC}",evidenceOfInsurance,Evidence of Insurance,workersCompensation,Workers' Compensation and Employer's Liability,evidenceOfInsuranceWorkersCompensationEmployersLiabilityDiseasePolicyLimit,Employer's Liability Disease - policy limit,,matchOnce,must be greater or equal to,500000,,non_compliant,Block Requirements,,,false,0,,2026-08-16
"Block Real Estate Services, LLC",6a18669ca1ec98c09c964f1e,6a18663117ab90e8a02f12a9,Midwest Heart & Vascular and KCHRI (Kansas City Heart Rhythm Institute),69fdf13dbf1df2fe96929ddf,"rmc764 - Roe Medical Centre I {RMC Associates, LLC}",evidenceOfInsurance,Evidence of Insurance,workersCompensation,Workers' Compensation and Employer's Liability,evidenceOfInsuranceWorkersCompensationWaiverOfSubrogationEndorsement,Waiver of Subrogation,"---prompt---
Determine if the insurer has waived their right of subrogation in favor of the certificate holder under the Workers' Compensation policy. Evidence may include: a checked ""Waiver of Subrogation"" box on the certificate, mention in the Description of Operations section stating ""waiver of subrogation applies"", or reference to form WC 00 03 13. Look for language like ""subrogation is waived"" or ""per written contract"".",matchOnce,must be present,,,non_compliant,Block Requirements,,,false,0,,2026-08-16
"Block Real Estate Services, LLC",6a18669ca1ec98c09c964f1e,6a18663117ab90e8a02f12a9,Midwest Heart & Vascular and KCHRI (Kansas City Heart Rhythm Institute),69fdf13dbf1df2fe96929ddf,"rmc764 - Roe Medical Centre I {RMC Associates, LLC}",evidenceOfInsurance,Evidence of Insurance,6ac20aae-5728-5d57-b364-aeba38527dba,Additional Requirements,4da5b0f1-4c9d-5885-8cf8-5d3cccaed3e0,"Block Real Estate Services, LLC and all others required by contract are named as Additional Insureds","---prompt---
Determine if the Description of Operations or the Additional Remarks Schedule section states the ""Additional Insured as Construction Management, Inc. and all others required by contract"" or reference to blanket additional insured coverage. Look for language like ""certificate holder is additional insured"" or ""per written contract"".",matchOnce,must be present,,,non_compliant,Block Requirements,,,true,0,,2026-08-16
"Block Real Estate Services, LLC",6a18669ca1ec98c09c964f1e,6a18663117ab90e8a02f12a9,Midwest Heart & Vascular and KCHRI (Kansas City Heart Rhythm Institute),69fdf13dbf1df2fe96929ddf,"rmc764 - Roe Medical Centre I {RMC Associates, LLC}",evidenceOfInsurance,Evidence of Insurance,6ac20aae-5728-5d57-b364-aeba38527dba,Additional Requirements,e1017741-e47e-5f58-97b8-fbc3043e919f,Umbrella follows form over General Liability,"---prompt---
Determine if the Umbrella/Excess Liability policy follows form to the underlying policies. Evidence may include: language in the Description of Operations section stating the umbrella follows form to underlying coverages or an additional page endorsement stating that it follows form. Follow form means the umbrella policy adopts the same terms, conditions, and exclusions as the underlying policies.",matchOnce,must be present,,,non_compliant,Block Requirements,,,true,0,,2026-08-16
"Block Real Estate Services, LLC",6a18669ca1ec98c09c964f1e,6a18663117ab90e8a02f12a9,Midwest Heart & Vascular and KCHRI (Kansas City Heart Rhythm Institute),69fdf13dbf1df2fe96929ddf,"rmc764 - Roe Medical Centre I {RMC Associates, LLC}",evidenceOfInsurance,Evidence of Insurance,6ac20aae-5728-5d57-b364-aeba38527dba,Additional Requirements,2cdd866f-c9a4-576a-afd8-1d045762790c,The location must be listed as: 5100 W. 110th Street Suite 140 Overland Park KS 66211,,matchOnce,must be present,,,non_compliant,Block Requirements,,,true,0,,2026-08-16
"Block Real Estate Services, LLC",6a18669ca1ec98c09c964f1e,6a18663117ab90e8a02f12a9,Midwest Heart & Vascular and KCHRI (Kansas City Heart Rhythm Institute),69fdf13dbf1df2fe96929ddf,"rmc764 - Roe Medical Centre I {RMC Associates, LLC}",evidenceOfInsurance,Evidence of Insurance,6ac20aae-5728-5d57-b364-aeba38527dba,Additional Requirements,3649e9d1-4e09-59bf-8f30-cb33c40cf117,"Certificate Holder must read: c/o Block Real Estate Services, LLC, 4622 Pennsylvania St., Suite 700, Kansas City, MO, 64112",,matchOnce,must be present,,,non_compliant,Block Requirements,,,true,0,,2026-08-16
"Block Real Estate Services, LLC",6a18669ca1ec98c09c964f1f,6a186650b517ae25a87c5643,Kansas City Vascular & General Surgery Group / HCA Midwest Health,69fdf13dbf1df2fe96929ddf,"rmc764 - Roe Medical Centre I {RMC Associates, LLC}",evidenceOfInsurance,Evidence of Insurance,commercialGeneralLiability,Commercial General Liability,evidenceOfInsuranceCommercialGeneralLiabilityCoverageTriggerOccurrence,Coverage Trigger: Occurrence,,matchOnce,must be present,,Present,compliant,Block Requirements,,,false,1,,2026-08-16
"Block Real Estate Services, LLC",6a18669ca1ec98c09c964f1f,6a186650b517ae25a87c5643,Kansas City Vascular & General Surgery Group / HCA Midwest Health,69fdf13dbf1df2fe96929ddf,"rmc764 - Roe Medical Centre I {RMC Associates, LLC}",evidenceOfInsurance,Evidence of Insurance,commercialGeneralLiability,Commercial General Liability,evidenceOfInsuranceCommercialGeneralLiabilityGeneralAggregateLimitAppliesPerLocation,General Aggregate Limit Applies per: Location,,matchOnce,must be present,,,waived,Block Requirements,Per Location not a requirement in the lease,,false,0,,2026-08-16
"Block Real Estate Services, LLC",6a18669ca1ec98c09c964f1f,6a186650b517ae25a87c5643,Kansas City Vascular & General Surgery Group / HCA Midwest Health,69fdf13dbf1df2fe96929ddf,"rmc764 - Roe Medical Centre I {RMC Associates, LLC}",evidenceOfInsurance,Evidence of Insurance,commercialGeneralLiability,Commercial General Liability,evidenceOfInsuranceCommercialGeneralLiabilityEachOccurrence,Each Occurrence,,matchOnce,must be greater or equal to,1000000,1000000,compliant,Block Requirements,,,false,1,,2026-08-16
"Block Real Estate Services, LLC",6a18669ca1ec98c09c964f1f,6a186650b517ae25a87c5643,Kansas City Vascular & General Surgery Group / HCA Midwest Health,69fdf13dbf1df2fe96929ddf,"rmc764 - Roe Medical Centre I {RMC Associates, LLC}",evidenceOfInsurance,Evidence of Insurance,commercialGeneralLiability,Commercial General Liability,evidenceOfInsuranceCommercialGeneralLiabilityGeneralAggregate,General Aggregate,,matchOnce,must be greater or equal to,2000000,2000000,compliant,Block Requirements,,,false,1,,2026-08-16
"Block Real Estate Services, LLC",6a18669ca1ec98c09c964f1f,6a186650b517ae25a87c5643,Kansas City Vascular & General Surgery Group / HCA Midwest Health,69fdf13dbf1df2fe96929ddf,"rmc764 - Roe Medical Centre I {RMC Associates, LLC}",evidenceOfInsurance,Evidence of Insurance,commercialGeneralLiability,Commercial General Liability,evidenceOfInsuranceCommercialGeneralLiabilityWaiverOfSubrogationEndorsement,Waiver of Subrogation,"---prompt---
Determine if the insurer has waived their right of subrogation in favor of the certificate holder under the Commercial General Liability policy. Evidence may include: a checked ""Waiver of Subrogation"" box on the certificate, mention in the Description of Operations section stating ""waiver of subrogation applies"", or reference to form CG 24 04. Look for language like ""subrogation is waived"" or ""per written contract"".",matchOnce,must be present,,Present,compliant,Block Requirements,,,false,1,,2026-08-16
"Block Real Estate Services, LLC",6a18669ca1ec98c09c964f1f,6a186650b517ae25a87c5643,Kansas City Vascular & General Surgery Group / HCA Midwest Health,69fdf13dbf1df2fe96929ddf,"rmc764 - Roe Medical Centre I {RMC Associates, LLC}",evidenceOfInsurance,Evidence of Insurance,excessOrUmbrellaLiability,Umbrella/Excess Liability,evidenceOfInsuranceExcessOrUmbrellaLiabilityOccurence,Coverage Trigger: Occurrence,,matchOnce,must be present,,,waived,Block Requirements,,,false,0,,2026-08-16
"Block Real Estate Services, LLC",6a18669ca1ec98c09c964f1f,6a186650b517ae25a87c5643,Kansas City Vascular & General Surgery Group / HCA Midwest Health,69fdf13dbf1df2fe96929ddf,"rmc764 - Roe Medical Centre I {RMC Associates, LLC}",evidenceOfInsurance,Evidence of Insurance,excessOrUmbrellaLiability,Umbrella/Excess Liability,evidenceOfInsuranceExcessOrUmbrellaLiabilityEachOccurrence,Each Occurrence,,matchOnce,must be greater or equal to,1000000,,waived,Block Requirements,,,false,0,,2026-08-16
"Block Real Estate Services, LLC",6a18669ca1ec98c09c964f1f,6a186650b517ae25a87c5643,Kansas City Vascular & General Surgery Group / HCA Midwest Health,69fdf13dbf1df2fe96929ddf,"rmc764 - Roe Medical Centre I {RMC Associates, LLC}",evidenceOfInsurance,Evidence of Insurance,excessOrUmbrellaLiability,Umbrella/Excess Liability,evidenceOfInsuranceExcessOrUmbrellaLiabilityAggregate,Aggregate,,matchOnce,must be greater or equal to,1000000,,waived,Block Requirements,,,false,0,,2026-08-16
"Block Real Estate Services, LLC",6a18669ca1ec98c09c964f1f,6a186650b517ae25a87c5643,Kansas City Vascular & General Surgery Group / HCA Midwest Health,69fdf13dbf1df2fe96929ddf,"rmc764 - Roe Medical Centre I {RMC Associates, LLC}",evidenceOfInsurance,Evidence of Insurance,workersCompensation,Workers' Compensation and Employer's Liability,evidenceOfInsuranceWorkersCompensationStatutoryLimits,Statutory Limits,,matchOnce,must be present,,,waived,Block Requirements,,,false,0,,2026-08-16
"Block Real Estate Services, LLC",6a18669ca1ec98c09c964f1f,6a186650b517ae25a87c5643,Kansas City Vascular & General Surgery Group / HCA Midwest Health,69fdf13dbf1df2fe96929ddf,"rmc764 - Roe Medical Centre I {RMC Associates, LLC}",evidenceOfInsurance,Evidence of Insurance,workersCompensation,Workers' Compensation and Employer's Liability,evidenceOfInsuranceWorkersCompensationEmployersLiabilityEachAccident,Employer's Liability Each Accident,,matchOnce,must be greater or equal to,500000,,waived,Block Requirements,,,false,0,,2026-08-16
"Block Real Estate Services, LLC",6a18669ca1ec98c09c964f1f,6a186650b517ae25a87c5643,Kansas City Vascular & General Surgery Group / HCA Midwest Health,69fdf13dbf1df2fe96929ddf,"rmc764 - Roe Medical Centre I {RMC Associates, LLC}",evidenceOfInsurance,Evidence of Insurance,workersCompensation,Workers' Compensation and Employer's Liability,evidenceOfInsuranceWorkersCompensationEmployersLiabilityDiseaseEachEmployee,Employer's Liability Disease - each employee,,matchOnce,must be greater or equal to,500000,,waived,Block Requirements,,,false,0,,2026-08-16
"Block Real Estate Services, LLC",6a18669ca1ec98c09c964f1f,6a186650b517ae25a87c5643,Kansas City Vascular & General Surgery Group / HCA Midwest Health,69fdf13dbf1df2fe96929ddf,"rmc764 - Roe Medical Centre I {RMC Associates, LLC}",evidenceOfInsurance,Evidence of Insurance,workersCompensation,Workers' Compensation and Employer's Liability,evidenceOfInsuranceWorkersCompensationEmployersLiabilityDiseasePolicyLimit,Employer's Liability Disease - policy limit,,matchOnce,must be greater or equal to,500000,,waived,Block Requirements,,,false,0,,2026-08-16
"Block Real Estate Services, LLC",6a18669ca1ec98c09c964f1f,6a186650b517ae25a87c5643,Kansas City Vascular & General Surgery Group / HCA Midwest Health,69fdf13dbf1df2fe96929ddf,"rmc764 - Roe Medical Centre I {RMC Associates, LLC}",evidenceOfInsurance,Evidence of Insurance,workersCompensation,Workers' Compensation and Employer's Liability,evidenceOfInsuranceWorkersCompensationWaiverOfSubrogationEndorsement,Waiver of Subrogation,"---prompt---
Determine if the insurer has waived their right of subrogation in favor of the certificate holder under the Workers' Compensation policy. Evidence may include: a checked ""Waiver of Subrogation"" box on the certificate, mention in the Description of Operations section stating ""waiver of subrogation applies"", or reference to form WC 00 03 13. Look for language like ""subrogation is waived"" or ""per written contract"".",matchOnce,must be present,,,waived,Block Requirements,,,false,0,,2026-08-16
"Block Real Estate Services, LLC",6a18669ca1ec98c09c964f1f,6a186650b517ae25a87c5643,Kansas City Vascular & General Surgery Group / HCA Midwest Health,69fdf13dbf1df2fe96929ddf,"rmc764 - Roe Medical Centre I {RMC Associates, LLC}",evidenceOfInsurance,Evidence of Insurance,6ac20aae-5728-5d57-b364-aeba38527dba,Additional Requirements,4da5b0f1-4c9d-5885-8cf8-5d3cccaed3e0,"Block Real Estate Services, LLC and all others required by contract are named as Additional Insureds","---prompt---
Determine if the Description of Operations or the Additional Remarks Schedule section states the ""Additional Insured as Construction Management, Inc. and all others required by contract"" or reference to blanket additional insured coverage. Look for language like ""certificate holder is additional insured"" or ""per written contract"".",matchOnce,must be present,,Present,compliant,Block Requirements,,,true,1,,2026-08-16
"Block Real Estate Services, LLC",6a18669ca1ec98c09c964f1f,6a186650b517ae25a87c5643,Kansas City Vascular & General Surgery Group / HCA Midwest Health,69fdf13dbf1df2fe96929ddf,"rmc764 - Roe Medical Centre I {RMC Associates, LLC}",evidenceOfInsurance,Evidence of Insurance,6ac20aae-5728-5d57-b364-aeba38527dba,Additional Requirements,e1017741-e47e-5f58-97b8-fbc3043e919f,Umbrella follows form over General Liability,"---prompt---
Determine if the Umbrella/Excess Liability policy follows form to the underlying policies. Evidence may include: language in the Description of Operations section stating the umbrella follows form to underlying coverages or an additional page endorsement stating that it follows form. Follow form means the umbrella policy adopts the same terms, conditions, and exclusions as the underlying policies.",matchOnce,must be present,,,waived,Block Requirements,Umbrella Liability not a requirement in the lease,,true,0,,2026-08-16
"Block Real Estate Services, LLC",6a18669ca1ec98c09c964f1f,6a186650b517ae25a87c5643,Kansas City Vascular & General Surgery Group / HCA Midwest Health,69fdf13dbf1df2fe96929ddf,"rmc764 - Roe Medical Centre I {RMC Associates, LLC}",evidenceOfInsurance,Evidence of Insurance,6ac20aae-5728-5d57-b364-aeba38527dba,Additional Requirements,2cdd866f-c9a4-576a-afd8-1d045762790c,The location must be listed as: 5100 W. 110th Street Suite 300 Overland Park KS 66211,,matchOnce,must be present,,Present,compliant,Block Requirements,,,true,1,,2026-08-16
"Block Real Estate Services, LLC",6a18669ca1ec98c09c964f1f,6a186650b517ae25a87c5643,Kansas City Vascular & General Surgery Group / HCA Midwest Health,69fdf13dbf1df2fe96929ddf,"rmc764 - Roe Medical Centre I {RMC Associates, LLC}",evidenceOfInsurance,Evidence of Insurance,6ac20aae-5728-5d57-b364-aeba38527dba,Additional Requirements,3649e9d1-4e09-59bf-8f30-cb33c40cf117,"Certificate Holder must read: c/o Block Real Estate Services, LLC, 4622 Pennsylvania St., Suite 700, Kansas City, MO, 64112",,matchOnce,must be present,,Present,compliant,Block Requirements,,,true,1,,2026-08-16
"Block Real Estate Services, LLC",69fdf7a362446148bd85b045,69fded1c62446148bd848fdf,"Munch's Supply O'Connor LLC / O'Connor Company, Inc.",69fdf1878e25e7a0d91882aa,"tic548 - Renner Warehouse {RGD Associates, LLC}",evidenceOfInsurance,Evidence of Insurance,commercialGeneralLiability,Commercial General Liability,evidenceOfInsuranceCommercialGeneralLiabilityCoverageTriggerOccurrence,Coverage Trigger: Occurrence,,matchOnce,must be present,,Present,compliant,Block Requirements,,,false,1,,2026-08-16
"Block Real Estate Services, LLC",69fdf7a362446148bd85b045,69fded1c62446148bd848fdf,"Munch's Supply O'Connor LLC / O'Connor Company, Inc.",69fdf1878e25e7a0d91882aa,"tic548 - Renner Warehouse {RGD Associates, LLC}",evidenceOfInsurance,Evidence of Insurance,commercialGeneralLiability,Commercial General Liability,evidenceOfInsuranceCommercialGeneralLiabilityGeneralAggregateLimitAppliesPerLocation,General Aggregate Limit Applies per: Location,,matchOnce,must be present,,,non_compliant,Block Requirements,,,false,0,,2026-08-16
"Block Real Estate Services, LLC",69fdf7a362446148bd85b045,69fded1c62446148bd848fdf,"Munch's Supply O'Connor LLC / O'Connor Company, Inc.",69fdf1878e25e7a0d91882aa,"tic548 - Renner Warehouse {RGD Associates, LLC}",evidenceOfInsurance,Evidence of Insurance,commercialGeneralLiability,Commercial General Liability,evidenceOfInsuranceCommercialGeneralLiabilityEachOccurrence,Each Occurrence,,matchOnce,must be greater or equal to,1000000,1000000,compliant,Block Requirements,,,false,1,,2026-08-16
"Block Real Estate Services, LLC",69fdf7a362446148bd85b045,69fded1c62446148bd848fdf,"Munch's Supply O'Connor LLC / O'Connor Company, Inc.",69fdf1878e25e7a0d91882aa,"tic548 - Renner Warehouse {RGD Associates, LLC}",evidenceOfInsurance,Evidence of Insurance,commercialGeneralLiability,Commercial General Liability,evidenceOfInsuranceCommercialGeneralLiabilityGeneralAggregate,General Aggregate,,matchOnce,must be greater or equal to,2000000,2000000,compliant,Block Requirements,,,false,1,,2026-08-16
"Block Real Estate Services, LLC",69fdf7a362446148bd85b045,69fded1c62446148bd848fdf,"Munch's Supply O'Connor LLC / O'Connor Company, Inc.",69fdf1878e25e7a0d91882aa,"tic548 - Renner Warehouse {RGD Associates, LLC}",evidenceOfInsurance,Evidence of Insurance,commercialGeneralLiability,Commercial General Liability,evidenceOfInsuranceCommercialGeneralLiabilityWaiverOfSubrogationEndorsement,Waiver of Subrogation,"---prompt---
Determine if the insurer has waived their right of subrogation in favor of the certificate holder under the Commercial General Liability policy. Evidence may include: a checked ""Waiver of Subrogation"" box on the certificate, mention in the Description of Operations section stating ""waiver of subrogation applies"", or reference to form CG 24 04. Look for language like ""subrogation is waived"" or ""per written contract"".",matchOnce,must be present,,Present,compliant,Block Requirements,,,false,1,,2026-08-16
"Block Real Estate Services, LLC",69fdf7a362446148bd85b045,69fded1c62446148bd848fdf,"Munch's Supply O'Connor LLC / O'Connor Company, Inc.",69fdf1878e25e7a0d91882aa,"tic548 - Renner Warehouse {RGD Associates, LLC}",evidenceOfInsurance,Evidence of Insurance,excessOrUmbrellaLiability,Umbrella/Excess Liability,evidenceOfInsuranceExcessOrUmbrellaLiabilityOccurence,Coverage Trigger: Occurrence,,matchOnce,must be present,,Present,compliant,Block Requirements,,,false,1,,2026-08-16
"Block Real Estate Services, LLC",69fdf7a362446148bd85b045,69fded1c62446148bd848fdf,"Munch's Supply O'Connor LLC / O'Connor Company, Inc.",69fdf1878e25e7a0d91882aa,"tic548 - Renner Warehouse {RGD Associates, LLC}",evidenceOfInsurance,Evidence of Insurance,excessOrUmbrellaLiability,Umbrella/Excess Liability,evidenceOfInsuranceExcessOrUmbrellaLiabilityEachOccurrence,Each Occurrence,,matchOnce,must be greater or equal to,1000000,10000000,compliant,Block Requirements,,,false,1,,2026-08-16
"Block Real Estate Services, LLC",69fdf7a362446148bd85b045,69fded1c62446148bd848fdf,"Munch's Supply O'Connor LLC / O'Connor Company, Inc.",69fdf1878e25e7a0d91882aa,"tic548 - Renner Warehouse {RGD Associates, LLC}",evidenceOfInsurance,Evidence of Insurance,excessOrUmbrellaLiability,Umbrella/Excess Liability,evidenceOfInsuranceExcessOrUmbrellaLiabilityAggregate,Aggregate,,matchOnce,must be greater or equal to,1000000,10000000,compliant,Block Requirements,,,false,1,,2026-08-16
"Block Real Estate Services, LLC",69fdf7a362446148bd85b045,69fded1c62446148bd848fdf,"Munch's Supply O'Connor LLC / O'Connor Company, Inc.",69fdf1878e25e7a0d91882aa,"tic548 - Renner Warehouse {RGD Associates, LLC}",evidenceOfInsurance,Evidence of Insurance,workersCompensation,Workers' Compensation and Employer's Liability,evidenceOfInsuranceWorkersCompensationStatutoryLimits,Statutory Limits,,matchOnce,must be present,,Present,compliant,Block Requirements,,,false,1,,2026-08-16
"Block Real Estate Services, LLC",69fdf7a362446148bd85b045,69fded1c62446148bd848fdf,"Munch's Supply O'Connor LLC / O'Connor Company, Inc.",69fdf1878e25e7a0d91882aa,"tic548 - Renner Warehouse {RGD Associates, LLC}",evidenceOfInsurance,Evidence of Insurance,workersCompensation,Workers' Compensation and Employer's Liability,evidenceOfInsuranceWorkersCompensationEmployersLiabilityEachAccident,Employer's Liability Each Accident,,matchOnce,must be greater or equal to,500000,1000000,compliant,Block Requirements,,,false,1,,2026-08-16
"Block Real Estate Services, LLC",69fdf7a362446148bd85b045,69fded1c62446148bd848fdf,"Munch's Supply O'Connor LLC / O'Connor Company, Inc.",69fdf1878e25e7a0d91882aa,"tic548 - Renner Warehouse {RGD Associates, LLC}",evidenceOfInsurance,Evidence of Insurance,workersCompensation,Workers' Compensation and Employer's Liability,evidenceOfInsuranceWorkersCompensationEmployersLiabilityDiseaseEachEmployee,Employer's Liability Disease - each employee,,matchOnce,must be greater or equal to,500000,1000000,compliant,Block Requirements,,,false,1,,2026-08-16
"Block Real Estate Services, LLC",69fdf7a362446148bd85b045,69fded1c62446148bd848fdf,"Munch's Supply O'Connor LLC / O'Connor Company, Inc.",69fdf1878e25e7a0d91882aa,"tic548 - Renner Warehouse {RGD Associates, LLC}",evidenceOfInsurance,Evidence of Insurance,workersCompensation,Workers' Compensation and Employer's Liability,evidenceOfInsuranceWorkersCompensationEmployersLiabilityDiseasePolicyLimit,Employer's Liability Disease - policy limit,,matchOnce,must be greater or equal to,500000,1000000,compliant,Block Requirements,,,false,1,,2026-08-16
"Block Real Estate Services, LLC",69fdf7a362446148bd85b045,69fded1c62446148bd848fdf,"Munch's Supply O'Connor LLC / O'Connor Company, Inc.",69fdf1878e25e7a0d91882aa,"tic548 - Renner Warehouse {RGD Associates, LLC}",evidenceOfInsurance,Evidence of Insurance,workersCompensation,Workers' Compensation and Employer's Liability,evidenceOfInsuranceWorkersCompensationWaiverOfSubrogationEndorsement,Waiver of Subrogation,"---prompt---
Determine if the insurer has waived their right of subrogation in favor of the certificate holder under the Workers' Compensation policy. Evidence may include: a checked ""Waiver of Subrogation"" box on the certificate, mention in the Description of Operations section stating ""waiver of subrogation applies"", or reference to form WC 00 03 13. Look for language like ""subrogation is waived"" or ""per written contract"".",matchOnce,must be present,,Present,compliant,Block Requirements,,,false,1,,2026-08-16
"Block Real Estate Services, LLC",69fdf7a362446148bd85b045,69fded1c62446148bd848fdf,"Munch's Supply O'Connor LLC / O'Connor Company, Inc.",69fdf1878e25e7a0d91882aa,"tic548 - Renner Warehouse {RGD Associates, LLC}",evidenceOfInsurance,Evidence of Insurance,6ac20aae-5728-5d57-b364-aeba38527dba,Additional Requirements,4da5b0f1-4c9d-5885-8cf8-5d3cccaed3e0,"Block Real Estate Services, LLC and all others required by contract are named as Additional Insureds","---prompt---
Determine if the Description of Operations or the Additional Remarks Schedule section states the ""Additional Insured as Construction Management, Inc. and all others required by contract"" or reference to blanket additional insured coverage. Look for language like ""certificate holder is additional insured"" or ""per written contract"".",matchOnce,must be present,,Present,compliant,Block Requirements,,,true,1,,2026-08-16
"Block Real Estate Services, LLC",69fdf7a362446148bd85b045,69fded1c62446148bd848fdf,"Munch's Supply O'Connor LLC / O'Connor Company, Inc.",69fdf1878e25e7a0d91882aa,"tic548 - Renner Warehouse {RGD Associates, LLC}",evidenceOfInsurance,Evidence of Insurance,6ac20aae-5728-5d57-b364-aeba38527dba,Additional Requirements,e1017741-e47e-5f58-97b8-fbc3043e919f,Umbrella follows form over General Liability,"---prompt---
Determine if the Umbrella/Excess Liability policy follows form to the underlying policies. Evidence may include: language in the Description of Operations section stating the umbrella follows form to underlying coverages or an additional page endorsement stating that it follows form. Follow form means the umbrella policy adopts the same terms, conditions, and exclusions as the underlying policies.",matchOnce,must be present,,Present,compliant,Block Requirements,,,true,1,,2026-08-16
"Block Real Estate Services, LLC",69fdf7a362446148bd85b045,69fded1c62446148bd848fdf,"Munch's Supply O'Connor LLC / O'Connor Company, Inc.",69fdf1878e25e7a0d91882aa,"tic548 - Renner Warehouse {RGD Associates, LLC}",evidenceOfInsurance,Evidence of Insurance,6ac20aae-5728-5d57-b364-aeba38527dba,Additional Requirements,2cdd866f-c9a4-576a-afd8-1d045762790c,The location must be listed as: 16910 W. 116th Street Lenexa KS 66219,,matchOnce,must be present,,Present,compliant,Block Requirements,,,true,1,,2026-08-16
"Block Real Estate Services, LLC",69fdf7a362446148bd85b045,69fded1c62446148bd848fdf,"Munch's Supply O'Connor LLC / O'Connor Company, Inc.",69fdf1878e25e7a0d91882aa,"tic548 - Renner Warehouse {RGD Associates, LLC}",evidenceOfInsurance,Evidence of Insurance,6ac20aae-5728-5d57-b364-aeba38527dba,Additional Requirements,3649e9d1-4e09-59bf-8f30-cb33c40cf117,"Certificate Holder must read: c/o Block Real Estate Services, LLC, 4622 Pennsylvania St., Suite 700, Kansas City, MO, 64112",,matchOnce,must be present,,,non_compliant,Block Requirements,,,true,0,,2026-08-16
"Block Real Estate Services, LLC",69fdf76e62446148bd8573c7,69fded1c62446148bd848ff1,Nestle Purina PetCare Co.,69fdf01c02bb2c42a87a0f07,"dav189 - Davenport Investors, LLC",evidenceOfInsurance,Evidence of Insurance,commercialGeneralLiability,Commercial General Liability,evidenceOfInsuranceCommercialGeneralLiabilityCoverageTriggerOccurrence,Coverage Trigger: Occurrence,,matchOnce,must be present,,Present,compliant,Block Requirements,,,false,2,,2026-08-16
"Block Real Estate Services, LLC",69fdf76e62446148bd8573c7,69fded1c62446148bd848ff1,Nestle Purina PetCare Co.,69fdf01c02bb2c42a87a0f07,"dav189 - Davenport Investors, LLC",evidenceOfInsurance,Evidence of Insurance,commercialGeneralLiability,Commercial General Liability,evidenceOfInsuranceCommercialGeneralLiabilityGeneralAggregateLimitAppliesPerLocation,General Aggregate Limit Applies per: Location,,matchOnce,must be present,,,waived,Block Requirements,Per location not a requirement in the lease,,false,0,,2026-08-16
"Block Real Estate Services, LLC",69fdf76e62446148bd8573c7,69fded1c62446148bd848ff1,Nestle Purina PetCare Co.,69fdf01c02bb2c42a87a0f07,"dav189 - Davenport Investors, LLC",evidenceOfInsurance,Evidence of Insurance,commercialGeneralLiability,Commercial General Liability,evidenceOfInsuranceCommercialGeneralLiabilityEachOccurrence,Each Occurrence,,matchOnce,must be greater or equal to,1000000,2000000,compliant,Block Requirements,,,false,2,,2026-08-16
"Block Real Estate Services, LLC",69fdf76e62446148bd8573c7,69fded1c62446148bd848ff1,Nestle Purina PetCare Co.,69fdf01c02bb2c42a87a0f07,"dav189 - Davenport Investors, LLC",evidenceOfInsurance,Evidence of Insurance,commercialGeneralLiability,Commercial General Liability,evidenceOfInsuranceCommercialGeneralLiabilityGeneralAggregate,General Aggregate,,matchOnce,must be greater or equal to,2000000,20000000,compliant,Block Requirements,,,false,2,,2026-08-16
"Block Real Estate Services, LLC",69fdf76e62446148bd8573c7,69fded1c62446148bd848ff1,Nestle Purina PetCare Co.,69fdf01c02bb2c42a87a0f07,"dav189 - Davenport Investors, LLC",evidenceOfInsurance,Evidence of Insurance,commercialGeneralLiability,Commercial General Liability,evidenceOfInsuranceCommercialGeneralLiabilityWaiverOfSubrogationEndorsement,Waiver of Subrogation,"---prompt---
Determine if the insurer has waived their right of subrogation in favor of the certificate holder under the Commercial General Liability policy. Evidence may include: a checked ""Waiver of Subrogation"" box on the certificate, mention in the Description of Operations section stating ""waiver of subrogation applies"", or reference to form CG 24 04. Look for language like ""subrogation is waived"" or ""per written contract"".",matchOnce,must be present,,Present,compliant,Block Requirements,,,false,1,,2026-08-16
"Block Real Estate Services, LLC",69fdf76e62446148bd8573c7,69fded1c62446148bd848ff1,Nestle Purina PetCare Co.,69fdf01c02bb2c42a87a0f07,"dav189 - Davenport Investors, LLC",evidenceOfInsurance,Evidence of Insurance,excessOrUmbrellaLiability,Umbrella/Excess Liability,evidenceOfInsuranceExcessOrUmbrellaLiabilityOccurence,Coverage Trigger: Occurrence,,matchOnce,must be present,,,waived,Block Requirements,,,false,0,,2026-08-16
"Block Real Estate Services, LLC",69fdf76e62446148bd8573c7,69fded1c62446148bd848ff1,Nestle Purina PetCare Co.,69fdf01c02bb2c42a87a0f07,"dav189 - Davenport Investors, LLC",evidenceOfInsurance,Evidence of Insurance,excessOrUmbrellaLiability,Umbrella/Excess Liability,evidenceOfInsuranceExcessOrUmbrellaLiabilityEachOccurrence,Each Occurrence,,matchOnce,must be greater or equal to,1000000,,waived,Block Requirements,,,false,0,,2026-08-16
"Block Real Estate Services, LLC",69fdf76e62446148bd8573c7,69fded1c62446148bd848ff1,Nestle Purina PetCare Co.,69fdf01c02bb2c42a87a0f07,"dav189 - Davenport Investors, LLC",evidenceOfInsurance,Evidence of Insurance,excessOrUmbrellaLiability,Umbrella/Excess Liability,evidenceOfInsuranceExcessOrUmbrellaLiabilityAggregate,Aggregate,,matchOnce,must be greater or equal to,1000000,,waived,Block Requirements,,,false,0,,2026-08-16
"Block Real Estate Services, LLC",69fdf76e62446148bd8573c7,69fded1c62446148bd848ff1,Nestle Purina PetCare Co.,69fdf01c02bb2c42a87a0f07,"dav189 - Davenport Investors, LLC",evidenceOfInsurance,Evidence of Insurance,workersCompensation,Workers' Compensation and Employer's Liability,evidenceOfInsuranceWorkersCompensationStatutoryLimits,Statutory Limits,,matchOnce,must be present,,Present,compliant,Block Requirements,,,false,2,,2026-08-16
"Block Real Estate Services, LLC",69fdf76e62446148bd8573c7,69fded1c62446148bd848ff1,Nestle Purina PetCare Co.,69fdf01c02bb2c42a87a0f07,"dav189 - Davenport Investors, LLC",evidenceOfInsurance,Evidence of Insurance,workersCompensation,Workers' Compensation and Employer's Liability,evidenceOfInsuranceWorkersCompensationEmployersLiabilityEachAccident,Employer's Liability Each Accident,,matchOnce,must be greater or equal to,500000,5000000,waived,Block Requirements,WC limits not a requirement in the lease,,false,2,,2026-08-16
"Block Real Estate Services, LLC",69fdf76e62446148bd8573c7,69fded1c62446148bd848ff1,Nestle Purina PetCare Co.,69fdf01c02bb2c42a87a0f07,"dav189 - Davenport Investors, LLC",evidenceOfInsurance,Evidence of Insurance,workersCompensation,Workers' Compensation and Employer's Liability,evidenceOfInsuranceWorkersCompensationEmployersLiabilityDiseaseEachEmployee,Employer's Liability Disease - each employee,,matchOnce,must be greater or equal to,500000,5000000,waived,Block Requirements,WC limits not a requirement in the lease,,false,2,,2026-08-16
"Block Real Estate Services, LLC",69fdf76e62446148bd8573c7,69fded1c62446148bd848ff1,Nestle Purina PetCare Co.,69fdf01c02bb2c42a87a0f07,"dav189 - Davenport Investors, LLC",evidenceOfInsurance,Evidence of Insurance,workersCompensation,Workers' Compensation and Employer's Liability,evidenceOfInsuranceWorkersCompensationEmployersLiabilityDiseasePolicyLimit,Employer's Liability Disease - policy limit,,matchOnce,must be greater or equal to,500000,5000000,waived,Block Requirements,WC limits not a requirement in the lease,,false,2,,2026-08-16
"Block Real Estate Services, LLC",69fdf76e62446148bd8573c7,69fded1c62446148bd848ff1,Nestle Purina PetCare Co.,69fdf01c02bb2c42a87a0f07,"dav189 - Davenport Investors, LLC",evidenceOfInsurance,Evidence of Insurance,workersCompensation,Workers' Compensation and Employer's Liability,evidenceOfInsuranceWorkersCompensationWaiverOfSubrogationEndorsement,Waiver of Subrogation,"---prompt---
Determine if the insurer has waived their right of subrogation in favor of the certificate holder under the Workers' Compensation policy. Evidence may include: a checked ""Waiver of Subrogation"" box on the certificate, mention in the Description of Operations section stating ""waiver of subrogation applies"", or reference to form WC 00 03 13. Look for language like ""subrogation is waived"" or ""per written contract"".",matchOnce,must be present,,Present,compliant,Block Requirements,,,false,2,,2026-08-16
"Block Real Estate Services, LLC",69fdf76e62446148bd8573c7,69fded1c62446148bd848ff1,Nestle Purina PetCare Co.,69fdf01c02bb2c42a87a0f07,"dav189 - Davenport Investors, LLC",evidenceOfInsurance,Evidence of Insurance,6ac20aae-5728-5d57-b364-aeba38527dba,Additional Requirements,4da5b0f1-4c9d-5885-8cf8-5d3cccaed3e0,"Block Real Estate Services, LLC and all others required by contract are named as Additional Insureds","---prompt---
Determine if the Description of Operations or the Additional Remarks Schedule section states the ""Additional Insured as Construction Management, Inc. and all others required by contract"" or reference to blanket additional insured coverage. Look for language like ""certificate holder is additional insured"" or ""per written contract"".",matchOnce,must be present,,Present,compliant,Block Requirements,,,true,1,,2026-08-16
"Block Real Estate Services, LLC",69fdf76e62446148bd8573c7,69fded1c62446148bd848ff1,Nestle Purina PetCare Co.,69fdf01c02bb2c42a87a0f07,"dav189 - Davenport Investors, LLC",evidenceOfInsurance,Evidence of Insurance,6ac20aae-5728-5d57-b364-aeba38527dba,Additional Requirements,e1017741-e47e-5f58-97b8-fbc3043e919f,Umbrella follows form over General Liability,"---prompt---
Determine if the Umbrella/Excess Liability policy follows form to the underlying policies. Evidence may include: language in the Description of Operations section stating the umbrella follows form to underlying coverages or an additional page endorsement stating that it follows form. Follow form means the umbrella policy adopts the same terms, conditions, and exclusions as the underlying policies.",matchOnce,must be present,,,waived,Block Requirements,Umbrella Liability not a requirement in the lease,,true,0,,2026-08-16
"Block Real Estate Services, LLC",69fdf76e62446148bd8573c7,69fded1c62446148bd848ff1,Nestle Purina PetCare Co.,69fdf01c02bb2c42a87a0f07,"dav189 - Davenport Investors, LLC",evidenceOfInsurance,Evidence of Insurance,6ac20aae-5728-5d57-b364-aeba38527dba,Additional Requirements,2cdd866f-c9a4-576a-afd8-1d045762790c,"The location must be listed as: 4611, 4711 Kimmel Drive, Davenport, IA, 52806",,matchOnce,must be present,,Present,compliant,Block Requirements,,,true,1,,2026-08-16
"Block Real Estate Services, LLC",69fdf76e62446148bd8573c7,69fded1c62446148bd848ff1,Nestle Purina PetCare Co.,69fdf01c02bb2c42a87a0f07,"dav189 - Davenport Investors, LLC",evidenceOfInsurance,Evidence of Insurance,6ac20aae-5728-5d57-b364-aeba38527dba,Additional Requirements,3649e9d1-4e09-59bf-8f30-cb33c40cf117,"Certificate Holder must read: c/o Block Real Estate Services, LLC, 4622 Pennsylvania St., Suite 700, Kansas City, MO, 64112",,matchOnce,must be present,,,non_compliant,Block Requirements,,,true,0,,2026-08-16
"Block Real Estate Services, LLC",69fdf79262446148bd859c2a,69fded2262446148bd849207,"Rogers Labs (fka P&C Next) / The Compatibility Center, LLC",69fdf0f63b208288e0a8013d,"prg835 - Pine Ridge Building 5 {PERG BUILDINGS, LLC}",evidenceOfInsurance,Evidence of Insurance,commercialGeneralLiability,Commercial General Liability,evidenceOfInsuranceCommercialGeneralLiabilityCoverageTriggerOccurrence,Coverage Trigger: Occurrence,,matchOnce,must be present,,Present,compliant,Block Requirements,,,false,1,,2026-08-16
"Block Real Estate Services, LLC",69fdf79262446148bd859c2a,69fded2262446148bd849207,"Rogers Labs (fka P&C Next) / The Compatibility Center, LLC",69fdf0f63b208288e0a8013d,"prg835 - Pine Ridge Building 5 {PERG BUILDINGS, LLC}",evidenceOfInsurance,Evidence of Insurance,commercialGeneralLiability,Commercial General Liability,evidenceOfInsuranceCommercialGeneralLiabilityGeneralAggregateLimitAppliesPerLocation,General Aggregate Limit Applies per: Location,,matchOnce,must be present,,Present,compliant,Block Requirements,,,false,1,,2026-08-16
"Block Real Estate Services, LLC",69fdf79262446148bd859c2a,69fded2262446148bd849207,"Rogers Labs (fka P&C Next) / The Compatibility Center, LLC",69fdf0f63b208288e0a8013d,"prg835 - Pine Ridge Building 5 {PERG BUILDINGS, LLC}",evidenceOfInsurance,Evidence of Insurance,commercialGeneralLiability,Commercial General Liability,evidenceOfInsuranceCommercialGeneralLiabilityEachOccurrence,Each Occurrence,,matchOnce,must be greater or equal to,1000000,1000000,compliant,Block Requirements,,,false,1,,2026-08-16
"Block Real Estate Services, LLC",69fdf79262446148bd859c2a,69fded2262446148bd849207,"Rogers Labs (fka P&C Next) / The Compatibility Center, LLC",69fdf0f63b208288e0a8013d,"prg835 - Pine Ridge Building 5 {PERG BUILDINGS, LLC}",evidenceOfInsurance,Evidence of Insurance,commercialGeneralLiability,Commercial General Liability,evidenceOfInsuranceCommercialGeneralLiabilityGeneralAggregate,General Aggregate,,matchOnce,must be greater or equal to,2000000,2000000,compliant,Block Requirements,,,false,1,,2026-08-16
"Block Real Estate Services, LLC",69fdf79262446148bd859c2a,69fded2262446148bd849207,"Rogers Labs (fka P&C Next) / The Compatibility Center, LLC",69fdf0f63b208288e0a8013d,"prg835 - Pine Ridge Building 5 {PERG BUILDINGS, LLC}",evidenceOfInsurance,Evidence of Insurance,commercialGeneralLiability,Commercial General Liability,evidenceOfInsuranceCommercialGeneralLiabilityWaiverOfSubrogationEndorsement,Waiver of Subrogation,"---prompt---
Determine if the insurer has waived their right of subrogation in favor of the certificate holder under the Commercial General Liability policy. Evidence may include: a checked ""Waiver of Subrogation"" box on the certificate, mention in the Description of Operations section stating ""waiver of subrogation applies"", or reference to form CG 24 04. Look for language like ""subrogation is waived"" or ""per written contract"".",matchOnce,must be present,,Present,compliant,Block Requirements,,,false,1,,2026-08-16
"Block Real Estate Services, LLC",69fdf79262446148bd859c2a,69fded2262446148bd849207,"Rogers Labs (fka P&C Next) / The Compatibility Center, LLC",69fdf0f63b208288e0a8013d,"prg835 - Pine Ridge Building 5 {PERG BUILDINGS, LLC}",evidenceOfInsurance,Evidence of Insurance,excessOrUmbrellaLiability,Umbrella/Excess Liability,evidenceOfInsuranceExcessOrUmbrellaLiabilityOccurence,Coverage Trigger: Occurrence,,matchOnce,must be present,,,non_compliant,Block Requirements,,,false,0,,2026-08-16
"Block Real Estate Services, LLC",69fdf79262446148bd859c2a,69fded2262446148bd849207,"Rogers Labs (fka P&C Next) / The Compatibility Center, LLC",69fdf0f63b208288e0a8013d,"prg835 - Pine Ridge Building 5 {PERG BUILDINGS, LLC}",evidenceOfInsurance,Evidence of Insurance,excessOrUmbrellaLiability,Umbrella/Excess Liability,evidenceOfInsuranceExcessOrUmbrellaLiabilityEachOccurrence,Each Occurrence,,matchOnce,must be greater or equal to,1000000,,non_compliant,Block Requirements,,,false,0,,2026-08-16
"Block Real Estate Services, LLC",69fdf79262446148bd859c2a,69fded2262446148bd849207,"Rogers Labs (fka P&C Next) / The Compatibility Center, LLC",69fdf0f63b208288e0a8013d,"prg835 - Pine Ridge Building 5 {PERG BUILDINGS, LLC}",evidenceOfInsurance,Evidence of Insurance,excessOrUmbrellaLiability,Umbrella/Excess Liability,evidenceOfInsuranceExcessOrUmbrellaLiabilityAggregate,Aggregate,,matchOnce,must be greater or equal to,1000000,,non_compliant,Block Requirements,,,false,0,,2026-08-16
"Block Real Estate Services, LLC",69fdf79262446148bd859c2a,69fded2262446148bd849207,"Rogers Labs (fka P&C Next) / The Compatibility Center, LLC",69fdf0f63b208288e0a8013d,"prg835 - Pine Ridge Building 5 {PERG BUILDINGS, LLC}",evidenceOfInsurance,Evidence of Insurance,workersCompensation,Workers' Compensation and Employer's Liability,evidenceOfInsuranceWorkersCompensationStatutoryLimits,Statutory Limits,,matchOnce,must be present,,Present,compliant,Block Requirements,,,false,1,,2026-08-16
"Block Real Estate Services, LLC",69fdf79262446148bd859c2a,69fded2262446148bd849207,"Rogers Labs (fka P&C Next) / The Compatibility Center, LLC",69fdf0f63b208288e0a8013d,"prg835 - Pine Ridge Building 5 {PERG BUILDINGS, LLC}",evidenceOfInsurance,Evidence of Insurance,workersCompensation,Workers' Compensation and Employer's Liability,evidenceOfInsuranceWorkersCompensationEmployersLiabilityEachAccident,Employer's Liability Each Accident,,matchOnce,must be greater or equal to,500000,100000,non_compliant,Block Requirements,,,false,1,,2026-08-16
"Block Real Estate Services, LLC",69fdf79262446148bd859c2a,69fded2262446148bd849207,"Rogers Labs (fka P&C Next) / The Compatibility Center, LLC",69fdf0f63b208288e0a8013d,"prg835 - Pine Ridge Building 5 {PERG BUILDINGS, LLC}",evidenceOfInsurance,Evidence of Insurance,workersCompensation,Workers' Compensation and Employer's Liability,evidenceOfInsuranceWorkersCompensationEmployersLiabilityDiseaseEachEmployee,Employer's Liability Disease - each employee,,matchOnce,must be greater or equal to,500000,100000,non_compliant,Block Requirements,,,false,1,,2026-08-16
"Block Real Estate Services, LLC",69fdf79262446148bd859c2a,69fded2262446148bd849207,"Rogers Labs (fka P&C Next) / The Compatibility Center, LLC",69fdf0f63b208288e0a8013d,"prg835 - Pine Ridge Building 5 {PERG BUILDINGS, LLC}",evidenceOfInsurance,Evidence of Insurance,workersCompensation,Workers' Compensation and Employer's Liability,evidenceOfInsuranceWorkersCompensationEmployersLiabilityDiseasePolicyLimit,Employer's Liability Disease - policy limit,,matchOnce,must be greater or equal to,500000,500000,compliant,Block Requirements,,,false,1,,2026-08-16
"Block Real Estate Services, LLC",69fdf79262446148bd859c2a,69fded2262446148bd849207,"Rogers Labs (fka P&C Next) / The Compatibility Center, LLC",69fdf0f63b208288e0a8013d,"prg835 - Pine Ridge Building 5 {PERG BUILDINGS, LLC}",evidenceOfInsurance,Evidence of Insurance,workersCompensation,Workers' Compensation and Employer's Liability,evidenceOfInsuranceWorkersCompensationWaiverOfSubrogationEndorsement,Waiver of Subrogation,"---prompt---
Determine if the insurer has waived their right of subrogation in favor of the certificate holder under the Workers' Compensation policy. Evidence may include: a checked ""Waiver of Subrogation"" box on the certificate, mention in the Description of Operations section stating ""waiver of subrogation applies"", or reference to form WC 00 03 13. Look for language like ""subrogation is waived"" or ""per written contract"".",matchOnce,must be present,,Present,compliant,Block Requirements,,,false,1,,2026-08-16
"Block Real Estate Services, LLC",69fdf79262446148bd859c2a,69fded2262446148bd849207,"Rogers Labs (fka P&C Next) / The Compatibility Center, LLC",69fdf0f63b208288e0a8013d,"prg835 - Pine Ridge Building 5 {PERG BUILDINGS, LLC}",evidenceOfInsurance,Evidence of Insurance,6ac20aae-5728-5d57-b364-aeba38527dba,Additional Requirements,4da5b0f1-4c9d-5885-8cf8-5d3cccaed3e0,"Block Real Estate Services, LLC and all others required by contract are named as Additional Insureds","---prompt---
Determine if the Description of Operations or the Additional Remarks Schedule section states the ""Additional Insured as Construction Management, Inc. and all others required by contract"" or reference to blanket additional insured coverage. Look for language like ""certificate holder is additional insured"" or ""per written contract"".",matchOnce,must be present,,Present,compliant,Block Requirements,,,true,1,,2026-08-16
"Block Real Estate Services, LLC",69fdf79262446148bd859c2a,69fded2262446148bd849207,"Rogers Labs (fka P&C Next) / The Compatibility Center, LLC",69fdf0f63b208288e0a8013d,"prg835 - Pine Ridge Building 5 {PERG BUILDINGS, LLC}",evidenceOfInsurance,Evidence of Insurance,6ac20aae-5728-5d57-b364-aeba38527dba,Additional Requirements,e1017741-e47e-5f58-97b8-fbc3043e919f,Umbrella follows form over General Liability,"---prompt---
Determine if the Umbrella/Excess Liability policy follows form to the underlying policies. Evidence may include: language in the Description of Operations section stating the umbrella follows form to underlying coverages or an additional page endorsement stating that it follows form. Follow form means the umbrella policy adopts the same terms, conditions, and exclusions as the underlying policies.",matchOnce,must be present,,Present,compliant,Block Requirements,,,true,1,,2026-08-16
"Block Real Estate Services, LLC",69fdf79262446148bd859c2a,69fded2262446148bd849207,"Rogers Labs (fka P&C Next) / The Compatibility Center, LLC",69fdf0f63b208288e0a8013d,"prg835 - Pine Ridge Building 5 {PERG BUILDINGS, LLC}",evidenceOfInsurance,Evidence of Insurance,6ac20aae-5728-5d57-b364-aeba38527dba,Additional Requirements,2cdd866f-c9a4-576a-afd8-1d045762790c,The location must be listed as: 7915 Nieman Road Lenexa KS 66214,,matchOnce,must be present,,Present,compliant,Block Requirements,,,true,1,,2026-08-16
"Block Real Estate Services, LLC",69fdf79262446148bd859c2a,69fded2262446148bd849207,"Rogers Labs (fka P&C Next) / The Compatibility Center, LLC",69fdf0f63b208288e0a8013d,"prg835 - Pine Ridge Building 5 {PERG BUILDINGS, LLC}",evidenceOfInsurance,Evidence of Insurance,6ac20aae-5728-5d57-b364-aeba38527dba,Additional Requirements,3649e9d1-4e09-59bf-8f30-cb33c40cf117,"Certificate Holder must read: c/o Block Real Estate Services, LLC, 4622 Pennsylvania St., Suite 700, Kansas City, MO, 64112",,matchOnce,must be present,,Present,compliant,Block Requirements,,,true,1,,2026-08-16
"Block Real Estate Services, LLC",69fdf79262446148bd859c28,69fded1c62446148bd848ff4,Netsmart Technologies Inc,69fdf0f63b208288e0a8013d,"prg835 - Pine Ridge Building 5 {PERG BUILDINGS, LLC}",evidenceOfInsurance,Evidence of Insurance,commercialGeneralLiability,Commercial General Liability,evidenceOfInsuranceCommercialGeneralLiabilityCoverageTriggerOccurrence,Coverage Trigger: Occurrence,,matchOnce,must be present,,Present,compliant,Block Requirements,,,false,2,,2026-08-16
"Block Real Estate Services, LLC",69fdf79262446148bd859c28,69fded1c62446148bd848ff4,Netsmart Technologies Inc,69fdf0f63b208288e0a8013d,"prg835 - Pine Ridge Building 5 {PERG BUILDINGS, LLC}",evidenceOfInsurance,Evidence of Insurance,commercialGeneralLiability,Commercial General Liability,evidenceOfInsuranceCommercialGeneralLiabilityGeneralAggregateLimitAppliesPerLocation,General Aggregate Limit Applies per: Location,,matchOnce,must be present,,Present,compliant,Block Requirements,,,false,2,,2026-08-16
"Block Real Estate Services, LLC",69fdf79262446148bd859c28,69fded1c62446148bd848ff4,Netsmart Technologies Inc,69fdf0f63b208288e0a8013d,"prg835 - Pine Ridge Building 5 {PERG BUILDINGS, LLC}",evidenceOfInsurance,Evidence of Insurance,commercialGeneralLiability,Commercial General Liability,evidenceOfInsuranceCommercialGeneralLiabilityEachOccurrence,Each Occurrence,,matchOnce,must be greater or equal to,1000000,1000000,compliant,Block Requirements,,,false,2,,2026-08-16
"Block Real Estate Services, LLC",69fdf79262446148bd859c28,69fded1c62446148bd848ff4,Netsmart Technologies Inc,69fdf0f63b208288e0a8013d,"prg835 - Pine Ridge Building 5 {PERG BUILDINGS, LLC}",evidenceOfInsurance,Evidence of Insurance,commercialGeneralLiability,Commercial General Liability,evidenceOfInsuranceCommercialGeneralLiabilityGeneralAggregate,General Aggregate,,matchOnce,must be greater or equal to,2000000,2000000,compliant,Block Requirements,,,false,2,,2026-08-16
"Block Real Estate Services, LLC",69fdf79262446148bd859c28,69fded1c62446148bd848ff4,Netsmart Technologies Inc,69fdf0f63b208288e0a8013d,"prg835 - Pine Ridge Building 5 {PERG BUILDINGS, LLC}",evidenceOfInsurance,Evidence of Insurance,commercialGeneralLiability,Commercial General Liability,evidenceOfInsuranceCommercialGeneralLiabilityWaiverOfSubrogationEndorsement,Waiver of Subrogation,"---prompt---
Determine if the insurer has waived their right of subrogation in favor of the certificate holder under the Commercial General Liability policy. Evidence may include: a checked ""Waiver of Subrogation"" box on the certificate, mention in the Description of Operations section stating ""waiver of subrogation applies"", or reference to form CG 24 04. Look for language like ""subrogation is waived"" or ""per written contract"".",matchOnce,must be present,,Present,compliant,Block Requirements,,,false,2,,2026-08-16
"Block Real Estate Services, LLC",69fdf79262446148bd859c28,69fded1c62446148bd848ff4,Netsmart Technologies Inc,69fdf0f63b208288e0a8013d,"prg835 - Pine Ridge Building 5 {PERG BUILDINGS, LLC}",evidenceOfInsurance,Evidence of Insurance,excessOrUmbrellaLiability,Umbrella/Excess Liability,evidenceOfInsuranceExcessOrUmbrellaLiabilityOccurence,Coverage Trigger: Occurrence,,matchOnce,must be present,,Present,compliant,Block Requirements,,,false,2,,2026-08-16
"Block Real Estate Services, LLC",69fdf79262446148bd859c28,69fded1c62446148bd848ff4,Netsmart Technologies Inc,69fdf0f63b208288e0a8013d,"prg835 - Pine Ridge Building 5 {PERG BUILDINGS, LLC}",evidenceOfInsurance,Evidence of Insurance,excessOrUmbrellaLiability,Umbrella/Excess Liability,evidenceOfInsuranceExcessOrUmbrellaLiabilityEachOccurrence,Each Occurrence,,matchOnce,must be greater or equal to,1000000,10000000,compliant,Block Requirements,,,false,2,,2026-08-16
"Block Real Estate Services, LLC",69fdf79262446148bd859c28,69fded1c62446148bd848ff4,Netsmart Technologies Inc,69fdf0f63b208288e0a8013d,"prg835 - Pine Ridge Building 5 {PERG BUILDINGS, LLC}",evidenceOfInsurance,Evidence of Insurance,excessOrUmbrellaLiability,Umbrella/Excess Liability,evidenceOfInsuranceExcessOrUmbrellaLiabilityAggregate,Aggregate,,matchOnce,must be greater or equal to,1000000,10000000,compliant,Block Requirements,,,false,2,,2026-08-16
"Block Real Estate Services, LLC",69fdf79262446148bd859c28,69fded1c62446148bd848ff4,Netsmart Technologies Inc,69fdf0f63b208288e0a8013d,"prg835 - Pine Ridge Building 5 {PERG BUILDINGS, LLC}",evidenceOfInsurance,Evidence of Insurance,workersCompensation,Workers' Compensation and Employer's Liability,evidenceOfInsuranceWorkersCompensationStatutoryLimits,Statutory Limits,,matchOnce,must be present,,Present,compliant,Block Requirements,,,false,2,,2026-08-16
"Block Real Estate Services, LLC",69fdf79262446148bd859c28,69fded1c62446148bd848ff4,Netsmart Technologies Inc,69fdf0f63b208288e0a8013d,"prg835 - Pine Ridge Building 5 {PERG BUILDINGS, LLC}",evidenceOfInsurance,Evidence of Insurance,workersCompensation,Workers' Compensation and Employer's Liability,evidenceOfInsuranceWorkersCompensationEmployersLiabilityEachAccident,Employer's Liability Each Accident,,matchOnce,must be greater or equal to,500000,1000000,compliant,Block Requirements,,,false,2,,2026-08-16
"Block Real Estate Services, LLC",69fdf79262446148bd859c28,69fded1c62446148bd848ff4,Netsmart Technologies Inc,69fdf0f63b208288e0a8013d,"prg835 - Pine Ridge Building 5 {PERG BUILDINGS, LLC}",evidenceOfInsurance,Evidence of Insurance,workersCompensation,Workers' Compensation and Employer's Liability,evidenceOfInsuranceWorkersCompensationEmployersLiabilityDiseaseEachEmployee,Employer's Liability Disease - each employee,,matchOnce,must be greater or equal to,500000,1000000,compliant,Block Requirements,,,false,2,,2026-08-16
"Block Real Estate Services, LLC",69fdf79262446148bd859c28,69fded1c62446148bd848ff4,Netsmart Technologies Inc,69fdf0f63b208288e0a8013d,"prg835 - Pine Ridge Building 5 {PERG BUILDINGS, LLC}",evidenceOfInsurance,Evidence of Insurance,workersCompensation,Workers' Compensation and Employer's Liability,evidenceOfInsuranceWorkersCompensationEmployersLiabilityDiseasePolicyLimit,Employer's Liability Disease - policy limit,,matchOnce,must be greater or equal to,500000,1000000,compliant,Block Requirements,,,false,2,,2026-08-16
"Block Real Estate Services, LLC",69fdf79262446148bd859c28,69fded1c62446148bd848ff4,Netsmart Technologies Inc,69fdf0f63b208288e0a8013d,"prg835 - Pine Ridge Building 5 {PERG BUILDINGS, LLC}",evidenceOfInsurance,Evidence of Insurance,workersCompensation,Workers' Compensation and Employer's Liability,evidenceOfInsuranceWorkersCompensationWaiverOfSubrogationEndorsement,Waiver of Subrogation,"---prompt---
Determine if the insurer has waived their right of subrogation in favor of the certificate holder under the Workers' Compensation policy. Evidence may include: a checked ""Waiver of Subrogation"" box on the certificate, mention in the Description of Operations section stating ""waiver of subrogation applies"", or reference to form WC 00 03 13. Look for language like ""subrogation is waived"" or ""per written contract"".",matchOnce,must be present,,Present,compliant,Block Requirements,,,false,2,,2026-08-16
"Block Real Estate Services, LLC",69fdf79262446148bd859c28,69fded1c62446148bd848ff4,Netsmart Technologies Inc,69fdf0f63b208288e0a8013d,"prg835 - Pine Ridge Building 5 {PERG BUILDINGS, LLC}",evidenceOfInsurance,Evidence of Insurance,6ac20aae-5728-5d57-b364-aeba38527dba,Additional Requirements,4da5b0f1-4c9d-5885-8cf8-5d3cccaed3e0,"Block Real Estate Services, LLC and all others required by contract are named as Additional Insureds","---prompt---
Determine if the Description of Operations or the Additional Remarks Schedule section states the ""Additional Insured as Construction Management, Inc. and all others required by contract"" or reference to blanket additional insured coverage. Look for language like ""certificate holder is additional insured"" or ""per written contract"".",matchOnce,must be present,,Present,compliant,Block Requirements,,,true,2,,2026-08-16
"Block Real Estate Services, LLC",69fdf79262446148bd859c28,69fded1c62446148bd848ff4,Netsmart Technologies Inc,69fdf0f63b208288e0a8013d,"prg835 - Pine Ridge Building 5 {PERG BUILDINGS, LLC}",evidenceOfInsurance,Evidence of Insurance,6ac20aae-5728-5d57-b364-aeba38527dba,Additional Requirements,e1017741-e47e-5f58-97b8-fbc3043e919f,Umbrella follows form over General Liability,"---prompt---
Determine if the Umbrella/Excess Liability policy follows form to the underlying policies. Evidence may include: language in the Description of Operations section stating the umbrella follows form to underlying coverages or an additional page endorsement stating that it follows form. Follow form means the umbrella policy adopts the same terms, conditions, and exclusions as the underlying policies.",matchOnce,must be present,,Present,compliant,Block Requirements,,,true,2,,2026-08-16
"Block Real Estate Services, LLC",69fdf79262446148bd859c28,69fded1c62446148bd848ff4,Netsmart Technologies Inc,69fdf0f63b208288e0a8013d,"prg835 - Pine Ridge Building 5 {PERG BUILDINGS, LLC}",evidenceOfInsurance,Evidence of Insurance,6ac20aae-5728-5d57-b364-aeba38527dba,Additional Requirements,2cdd866f-c9a4-576a-afd8-1d045762790c,"The location must be listed as: 7929, 7935 Nieman Road Lenexa KS 66214",,matchOnce,must be present,,Present,compliant,Block Requirements,,,true,1,,2026-08-16
"Block Real Estate Services, LLC",69fdf79262446148bd859c28,69fded1c62446148bd848ff4,Netsmart Technologies Inc,69fdf0f63b208288e0a8013d,"prg835 - Pine Ridge Building 5 {PERG BUILDINGS, LLC}",evidenceOfInsurance,Evidence of Insurance,6ac20aae-5728-5d57-b364-aeba38527dba,Additional Requirements,3649e9d1-4e09-59bf-8f30-cb33c40cf117,"Certificate Holder must read: c/o Block Real Estate Services, LLC, 4622 Pennsylvania St., Suite 700, Kansas City, MO, 64112",,matchOnce,must be present,,Present,compliant,Block Requirements,,,true,2,,2026-08-16
"Block Real Estate Services, LLC",69fdf79262446148bd859c29,69fded2262446148bd8491d4,"Sunflower Food Company / Sunflower Hills, Inc.",69fdf0f63b208288e0a8013d,"prg835 - Pine Ridge Building 5 {PERG BUILDINGS, LLC}",evidenceOfInsurance,Evidence of Insurance,commercialGeneralLiability,Commercial General Liability,evidenceOfInsuranceCommercialGeneralLiabilityCoverageTriggerOccurrence,Coverage Trigger: Occurrence,,matchOnce,must be present,,Present,compliant,Block Requirements,,,false,1,,2026-08-16
"Block Real Estate Services, LLC",69fdf79262446148bd859c29,69fded2262446148bd8491d4,"Sunflower Food Company / Sunflower Hills, Inc.",69fdf0f63b208288e0a8013d,"prg835 - Pine Ridge Building 5 {PERG BUILDINGS, LLC}",evidenceOfInsurance,Evidence of Insurance,commercialGeneralLiability,Commercial General Liability,evidenceOfInsuranceCommercialGeneralLiabilityGeneralAggregateLimitAppliesPerLocation,General Aggregate Limit Applies per: Location,,matchOnce,must be present,,,non_compliant,Block Requirements,,,false,0,,2026-08-16
"Block Real Estate Services, LLC",69fdf79262446148bd859c29,69fded2262446148bd8491d4,"Sunflower Food Company / Sunflower Hills, Inc.",69fdf0f63b208288e0a8013d,"prg835 - Pine Ridge Building 5 {PERG BUILDINGS, LLC}",evidenceOfInsurance,Evidence of Insurance,commercialGeneralLiability,Commercial General Liability,evidenceOfInsuranceCommercialGeneralLiabilityEachOccurrence,Each Occurrence,,matchOnce,must be greater or equal to,1000000,1000000,compliant,Block Requirements,,,false,1,,2026-08-16
"Block Real Estate Services, LLC",69fdf79262446148bd859c29,69fded2262446148bd8491d4,"Sunflower Food Company / Sunflower Hills, Inc.",69fdf0f63b208288e0a8013d,"prg835 - Pine Ridge Building 5 {PERG BUILDINGS, LLC}",evidenceOfInsurance,Evidence of Insurance,commercialGeneralLiability,Commercial General Liability,evidenceOfInsuranceCommercialGeneralLiabilityGeneralAggregate,General Aggregate,,matchOnce,must be greater or equal to,2000000,2000000,compliant,Block Requirements,,,false,1,,2026-08-16
"Block Real Estate Services, LLC",69fdf79262446148bd859c29,69fded2262446148bd8491d4,"Sunflower Food Company / Sunflower Hills, Inc.",69fdf0f63b208288e0a8013d,"prg835 - Pine Ridge Building 5 {PERG BUILDINGS, LLC}",evidenceOfInsurance,Evidence of Insurance,commercialGeneralLiability,Commercial General Liability,evidenceOfInsuranceCommercialGeneralLiabilityWaiverOfSubrogationEndorsement,Waiver of Subrogation,"---prompt---
Determine if the insurer has waived their right of subrogation in favor of the certificate holder under the Commercial General Liability policy. Evidence may include: a checked ""Waiver of Subrogation"" box on the certificate, mention in the Description of Operations section stating ""waiver of subrogation applies"", or reference to form CG 24 04. Look for language like ""subrogation is waived"" or ""per written contract"".",matchOnce,must be present,,Present,compliant,Block Requirements,,,false,1,,2026-08-16
"Block Real Estate Services, LLC",69fdf79262446148bd859c29,69fded2262446148bd8491d4,"Sunflower Food Company / Sunflower Hills, Inc.",69fdf0f63b208288e0a8013d,"prg835 - Pine Ridge Building 5 {PERG BUILDINGS, LLC}",evidenceOfInsurance,Evidence of Insurance,excessOrUmbrellaLiability,Umbrella/Excess Liability,evidenceOfInsuranceExcessOrUmbrellaLiabilityOccurence,Coverage Trigger: Occurrence,,matchOnce,must be present,,Present,compliant,Block Requirements,,,false,1,,2026-08-16
"Block Real Estate Services, LLC",69fdf79262446148bd859c29,69fded2262446148bd8491d4,"Sunflower Food Company / Sunflower Hills, Inc.",69fdf0f63b208288e0a8013d,"prg835 - Pine Ridge Building 5 {PERG BUILDINGS, LLC}",evidenceOfInsurance,Evidence of Insurance,excessOrUmbrellaLiability,Umbrella/Excess Liability,evidenceOfInsuranceExcessOrUmbrellaLiabilityEachOccurrence,Each Occurrence,,matchOnce,must be greater or equal to,1000000,5000000,compliant,Block Requirements,,,false,1,,2026-08-16
"Block Real Estate Services, LLC",69fdf79262446148bd859c29,69fded2262446148bd8491d4,"Sunflower Food Company / Sunflower Hills, Inc.",69fdf0f63b208288e0a8013d,"prg835 - Pine Ridge Building 5 {PERG BUILDINGS, LLC}",evidenceOfInsurance,Evidence of Insurance,excessOrUmbrellaLiability,Umbrella/Excess Liability,evidenceOfInsuranceExcessOrUmbrellaLiabilityAggregate,Aggregate,,matchOnce,must be greater or equal to,1000000,5000000,compliant,Block Requirements,,,false,1,,2026-08-16
"Block Real Estate Services, LLC",69fdf79262446148bd859c29,69fded2262446148bd8491d4,"Sunflower Food Company / Sunflower Hills, Inc.",69fdf0f63b208288e0a8013d,"prg835 - Pine Ridge Building 5 {PERG BUILDINGS, LLC}",evidenceOfInsurance,Evidence of Insurance,workersCompensation,Workers' Compensation and Employer's Liability,evidenceOfInsuranceWorkersCompensationStatutoryLimits,Statutory Limits,,matchOnce,must be present,,Present,compliant,Block Requirements,,,false,1,,2026-08-16
"Block Real Estate Services, LLC",69fdf79262446148bd859c29,69fded2262446148bd8491d4,"Sunflower Food Company / Sunflower Hills, Inc.",69fdf0f63b208288e0a8013d,"prg835 - Pine Ridge Building 5 {PERG BUILDINGS, LLC}",evidenceOfInsurance,Evidence of Insurance,workersCompensation,Workers' Compensation and Employer's Liability,evidenceOfInsuranceWorkersCompensationEmployersLiabilityEachAccident,Employer's Liability Each Accident,,matchOnce,must be greater or equal to,500000,1000000,compliant,Block Requirements,,,false,1,,2026-08-16
"Block Real Estate Services, LLC",69fdf79262446148bd859c29,69fded2262446148bd8491d4,"Sunflower Food Company / Sunflower Hills, Inc.",69fdf0f63b208288e0a8013d,"prg835 - Pine Ridge Building 5 {PERG BUILDINGS, LLC}",evidenceOfInsurance,Evidence of Insurance,workersCompensation,Workers' Compensation and Employer's Liability,evidenceOfInsuranceWorkersCompensationEmployersLiabilityDiseaseEachEmployee,Employer's Liability Disease - each employee,,matchOnce,must be greater or equal to,500000,1000000,compliant,Block Requirements,,,false,1,,2026-08-16
"Block Real Estate Services, LLC",69fdf79262446148bd859c29,69fded2262446148bd8491d4,"Sunflower Food Company / Sunflower Hills, Inc.",69fdf0f63b208288e0a8013d,"prg835 - Pine Ridge Building 5 {PERG BUILDINGS, LLC}",evidenceOfInsurance,Evidence of Insurance,workersCompensation,Workers' Compensation and Employer's Liability,evidenceOfInsuranceWorkersCompensationEmployersLiabilityDiseasePolicyLimit,Employer's Liability Disease - policy limit,,matchOnce,must be greater or equal to,500000,1000000,compliant,Block Requirements,,,false,1,,2026-08-16
"Block Real Estate Services, LLC",69fdf79262446148bd859c29,69fded2262446148bd8491d4,"Sunflower Food Company / Sunflower Hills, Inc.",69fdf0f63b208288e0a8013d,"prg835 - Pine Ridge Building 5 {PERG BUILDINGS, LLC}",evidenceOfInsurance,Evidence of Insurance,workersCompensation,Workers' Compensation and Employer's Liability,evidenceOfInsuranceWorkersCompensationWaiverOfSubrogationEndorsement,Waiver of Subrogation,"---prompt---
Determine if the insurer has waived their right of subrogation in favor of the certificate holder under the Workers' Compensation policy. Evidence may include: a checked ""Waiver of Subrogation"" box on the certificate, mention in the Description of Operations section stating ""waiver of subrogation applies"", or reference to form WC 00 03 13. Look for language like ""subrogation is waived"" or ""per written contract"".",matchOnce,must be present,,,non_compliant,Block Requirements,,,false,0,,2026-08-16
"Block Real Estate Services, LLC",69fdf79262446148bd859c29,69fded2262446148bd8491d4,"Sunflower Food Company / Sunflower Hills, Inc.",69fdf0f63b208288e0a8013d,"prg835 - Pine Ridge Building 5 {PERG BUILDINGS, LLC}",evidenceOfInsurance,Evidence of Insurance,6ac20aae-5728-5d57-b364-aeba38527dba,Additional Requirements,4da5b0f1-4c9d-5885-8cf8-5d3cccaed3e0,"Block Real Estate Services, LLC and all others required by contract are named as Additional Insureds","---prompt---
Determine if the Description of Operations or the Additional Remarks Schedule section states the ""Additional Insured as Construction Management, Inc. and all others required by contract"" or reference to blanket additional insured coverage. Look for language like ""certificate holder is additional insured"" or ""per written contract"".",matchOnce,must be present,,Present,compliant,Block Requirements,,,true,1,,2026-08-16
"Block Real Estate Services, LLC",69fdf79262446148bd859c29,69fded2262446148bd8491d4,"Sunflower Food Company / Sunflower Hills, Inc.",69fdf0f63b208288e0a8013d,"prg835 - Pine Ridge Building 5 {PERG BUILDINGS, LLC}",evidenceOfInsurance,Evidence of Insurance,6ac20aae-5728-5d57-b364-aeba38527dba,Additional Requirements,e1017741-e47e-5f58-97b8-fbc3043e919f,Umbrella follows form over General Liability,"---prompt---
Determine if the Umbrella/Excess Liability policy follows form to the underlying policies. Evidence may include: language in the Description of Operations section stating the umbrella follows form to underlying coverages or an additional page endorsement stating that it follows form. Follow form means the umbrella policy adopts the same terms, conditions, and exclusions as the underlying policies.",matchOnce,must be present,,Present,compliant,Block Requirements,,,true,1,,2026-08-16
"Block Real Estate Services, LLC",69fdf79262446148bd859c29,69fded2262446148bd8491d4,"Sunflower Food Company / Sunflower Hills, Inc.",69fdf0f63b208288e0a8013d,"prg835 - Pine Ridge Building 5 {PERG BUILDINGS, LLC}",evidenceOfInsurance,Evidence of Insurance,6ac20aae-5728-5d57-b364-aeba38527dba,Additional Requirements,2cdd866f-c9a4-576a-afd8-1d045762790c,The location must be listed as: 7921 Nieman Road Lenexa KS 66214,,matchOnce,must be present,,Present,compliant,Block Requirements,,,true,1,,2026-08-16
"Block Real Estate Services, LLC",69fdf79262446148bd859c29,69fded2262446148bd8491d4,"Sunflower Food Company / Sunflower Hills, Inc.",69fdf0f63b208288e0a8013d,"prg835 - Pine Ridge Building 5 {PERG BUILDINGS, LLC}",evidenceOfInsurance,Evidence of Insurance,6ac20aae-5728-5d57-b364-aeba38527dba,Additional Requirements,3649e9d1-4e09-59bf-8f30-cb33c40cf117,"Certificate Holder must read: c/o Block Real Estate Services, LLC, 4622 Pennsylvania St., Suite 700, Kansas City, MO, 64112",,matchOnce,must be present,,Present,compliant,Block Requirements,,,true,1,,2026-08-16
"Block Real Estate Services, LLC",6a18701f9d2d4171bf8c548b,69fded1c62446148bd848ff4,Netsmart Technologies Inc,69fdf0f63b208288e0a8013d,"prg835 - Pine Ridge Building 5 {PERG BUILDINGS, LLC}",evidenceOfInsurance,Evidence of Insurance,commercialGeneralLiability,Commercial General Liability,evidenceOfInsuranceCommercialGeneralLiabilityCoverageTriggerOccurrence,Coverage Trigger: Occurrence,,matchOnce,must be present,,Present,compliant,Block Requirements,,,false,2,,2026-08-16
"Block Real Estate Services, LLC",6a18701f9d2d4171bf8c548b,69fded1c62446148bd848ff4,Netsmart Technologies Inc,69fdf0f63b208288e0a8013d,"prg835 - Pine Ridge Building 5 {PERG BUILDINGS, LLC}",evidenceOfInsurance,Evidence of Insurance,commercialGeneralLiability,Commercial General Liability,evidenceOfInsuranceCommercialGeneralLiabilityGeneralAggregateLimitAppliesPerLocation,General Aggregate Limit Applies per: Location,,matchOnce,must be present,,Present,compliant,Block Requirements,,,false,2,,2026-08-16
"Block Real Estate Services, LLC",6a18701f9d2d4171bf8c548b,69fded1c62446148bd848ff4,Netsmart Technologies Inc,69fdf0f63b208288e0a8013d,"prg835 - Pine Ridge Building 5 {PERG BUILDINGS, LLC}",evidenceOfInsurance,Evidence of Insurance,commercialGeneralLiability,Commercial General Liability,evidenceOfInsuranceCommercialGeneralLiabilityEachOccurrence,Each Occurrence,,matchOnce,must be greater or equal to,1000000,1000000,compliant,Block Requirements,,,false,2,,2026-08-16
"Block Real Estate Services, LLC",6a18701f9d2d4171bf8c548b,69fded1c62446148bd848ff4,Netsmart Technologies Inc,69fdf0f63b208288e0a8013d,"prg835 - Pine Ridge Building 5 {PERG BUILDINGS, LLC}",evidenceOfInsurance,Evidence of Insurance,commercialGeneralLiability,Commercial General Liability,evidenceOfInsuranceCommercialGeneralLiabilityGeneralAggregate,General Aggregate,,matchOnce,must be greater or equal to,2000000,2000000,compliant,Block Requirements,,,false,2,,2026-08-16
"Block Real Estate Services, LLC",6a18701f9d2d4171bf8c548b,69fded1c62446148bd848ff4,Netsmart Technologies Inc,69fdf0f63b208288e0a8013d,"prg835 - Pine Ridge Building 5 {PERG BUILDINGS, LLC}",evidenceOfInsurance,Evidence of Insurance,commercialGeneralLiability,Commercial General Liability,evidenceOfInsuranceCommercialGeneralLiabilityWaiverOfSubrogationEndorsement,Waiver of Subrogation,"---prompt---
Determine if the insurer has waived their right of subrogation in favor of the certificate holder under the Commercial General Liability policy. Evidence may include: a checked ""Waiver of Subrogation"" box on the certificate, mention in the Description of Operations section stating ""waiver of subrogation applies"", or reference to form CG 24 04. Look for language like ""subrogation is waived"" or ""per written contract"".",matchOnce,must be present,,Present,compliant,Block Requirements,,,false,2,,2026-08-16
"Block Real Estate Services, LLC",6a18701f9d2d4171bf8c548b,69fded1c62446148bd848ff4,Netsmart Technologies Inc,69fdf0f63b208288e0a8013d,"prg835 - Pine Ridge Building 5 {PERG BUILDINGS, LLC}",evidenceOfInsurance,Evidence of Insurance,excessOrUmbrellaLiability,Umbrella/Excess Liability,evidenceOfInsuranceExcessOrUmbrellaLiabilityOccurence,Coverage Trigger: Occurrence,,matchOnce,must be present,,Present,compliant,Block Requirements,,,false,2,,2026-08-16
"Block Real Estate Services, LLC",6a18701f9d2d4171bf8c548b,69fded1c62446148bd848ff4,Netsmart Technologies Inc,69fdf0f63b208288e0a8013d,"prg835 - Pine Ridge Building 5 {PERG BUILDINGS, LLC}",evidenceOfInsurance,Evidence of Insurance,excessOrUmbrellaLiability,Umbrella/Excess Liability,evidenceOfInsuranceExcessOrUmbrellaLiabilityEachOccurrence,Each Occurrence,,matchOnce,must be greater or equal to,1000000,10000000,compliant,Block Requirements,,,false,2,,2026-08-16
"Block Real Estate Services, LLC",6a18701f9d2d4171bf8c548b,69fded1c62446148bd848ff4,Netsmart Technologies Inc,69fdf0f63b208288e0a8013d,"prg835 - Pine Ridge Building 5 {PERG BUILDINGS, LLC}",evidenceOfInsurance,Evidence of Insurance,excessOrUmbrellaLiability,Umbrella/Excess Liability,evidenceOfInsuranceExcessOrUmbrellaLiabilityAggregate,Aggregate,,matchOnce,must be greater or equal to,1000000,10000000,compliant,Block Requirements,,,false,2,,2026-08-16
"Block Real Estate Services, LLC",6a18701f9d2d4171bf8c548b,69fded1c62446148bd848ff4,Netsmart Technologies Inc,69fdf0f63b208288e0a8013d,"prg835 - Pine Ridge Building 5 {PERG BUILDINGS, LLC}",evidenceOfInsurance,Evidence of Insurance,workersCompensation,Workers' Compensation and Employer's Liability,evidenceOfInsuranceWorkersCompensationStatutoryLimits,Statutory Limits,,matchOnce,must be present,,Present,compliant,Block Requirements,,,false,2,,2026-08-16
"Block Real Estate Services, LLC",6a18701f9d2d4171bf8c548b,69fded1c62446148bd848ff4,Netsmart Technologies Inc,69fdf0f63b208288e0a8013d,"prg835 - Pine Ridge Building 5 {PERG BUILDINGS, LLC}",evidenceOfInsurance,Evidence of Insurance,workersCompensation,Workers' Compensation and Employer's Liability,evidenceOfInsuranceWorkersCompensationEmployersLiabilityEachAccident,Employer's Liability Each Accident,,matchOnce,must be greater or equal to,500000,1000000,compliant,Block Requirements,,,false,2,,2026-08-16
"Block Real Estate Services, LLC",6a18701f9d2d4171bf8c548b,69fded1c62446148bd848ff4,Netsmart Technologies Inc,69fdf0f63b208288e0a8013d,"prg835 - Pine Ridge Building 5 {PERG BUILDINGS, LLC}",evidenceOfInsurance,Evidence of Insurance,workersCompensation,Workers' Compensation and Employer's Liability,evidenceOfInsuranceWorkersCompensationEmployersLiabilityDiseaseEachEmployee,Employer's Liability Disease - each employee,,matchOnce,must be greater or equal to,500000,1000000,compliant,Block Requirements,,,false,2,,2026-08-16
"Block Real Estate Services, LLC",6a18701f9d2d4171bf8c548b,69fded1c62446148bd848ff4,Netsmart Technologies Inc,69fdf0f63b208288e0a8013d,"prg835 - Pine Ridge Building 5 {PERG BUILDINGS, LLC}",evidenceOfInsurance,Evidence of Insurance,workersCompensation,Workers' Compensation and Employer's Liability,evidenceOfInsuranceWorkersCompensationEmployersLiabilityDiseasePolicyLimit,Employer's Liability Disease - policy limit,,matchOnce,must be greater or equal to,500000,1000000,compliant,Block Requirements,,,false,2,,2026-08-16
"Block Real Estate Services, LLC",6a18701f9d2d4171bf8c548b,69fded1c62446148bd848ff4,Netsmart Technologies Inc,69fdf0f63b208288e0a8013d,"prg835 - Pine Ridge Building 5 {PERG BUILDINGS, LLC}",evidenceOfInsurance,Evidence of Insurance,workersCompensation,Workers' Compensation and Employer's Liability,evidenceOfInsuranceWorkersCompensationWaiverOfSubrogationEndorsement,Waiver of Subrogation,"---prompt---
Determine if the insurer has waived their right of subrogation in favor of the certificate holder under the Workers' Compensation policy. Evidence may include: a checked ""Waiver of Subrogation"" box on the certificate, mention in the Description of Operations section stating ""waiver of subrogation applies"", or reference to form WC 00 03 13. Look for language like ""subrogation is waived"" or ""per written contract"".",matchOnce,must be present,,Present,compliant,Block Requirements,,,false,2,,2026-08-16
"Block Real Estate Services, LLC",6a18701f9d2d4171bf8c548b,69fded1c62446148bd848ff4,Netsmart Technologies Inc,69fdf0f63b208288e0a8013d,"prg835 - Pine Ridge Building 5 {PERG BUILDINGS, LLC}",evidenceOfInsurance,Evidence of Insurance,6ac20aae-5728-5d57-b364-aeba38527dba,Additional Requirements,4da5b0f1-4c9d-5885-8cf8-5d3cccaed3e0,"Block Real Estate Services, LLC and all others required by contract are named as Additional Insureds","---prompt---
Determine if the Description of Operations or the Additional Remarks Schedule section states the ""Additional Insured as Construction Management, Inc. and all others required by contract"" or reference to blanket additional insured coverage. Look for language like ""certificate holder is additional insured"" or ""per written contract"".",matchOnce,must be present,,Present,compliant,Block Requirements,,,true,2,,2026-08-16
"Block Real Estate Services, LLC",6a18701f9d2d4171bf8c548b,69fded1c62446148bd848ff4,Netsmart Technologies Inc,69fdf0f63b208288e0a8013d,"prg835 - Pine Ridge Building 5 {PERG BUILDINGS, LLC}",evidenceOfInsurance,Evidence of Insurance,6ac20aae-5728-5d57-b364-aeba38527dba,Additional Requirements,e1017741-e47e-5f58-97b8-fbc3043e919f,Umbrella follows form over General Liability,"---prompt---
Determine if the Umbrella/Excess Liability policy follows form to the underlying policies. Evidence may include: language in the Description of Operations section stating the umbrella follows form to underlying coverages or an additional page endorsement stating that it follows form. Follow form means the umbrella policy adopts the same terms, conditions, and exclusions as the underlying policies.",matchOnce,must be present,,Present,compliant,Block Requirements,,,true,2,,2026-08-16
"Block Real Estate Services, LLC",6a18701f9d2d4171bf8c548b,69fded1c62446148bd848ff4,Netsmart Technologies Inc,69fdf0f63b208288e0a8013d,"prg835 - Pine Ridge Building 5 {PERG BUILDINGS, LLC}",evidenceOfInsurance,Evidence of Insurance,6ac20aae-5728-5d57-b364-aeba38527dba,Additional Requirements,2cdd866f-c9a4-576a-afd8-1d045762790c,The location must be listed as: 7923 Nieman Road Lenexa KS 66214,,matchOnce,must be present,,Present,compliant,Block Requirements,,,true,1,,2026-08-16
"Block Real Estate Services, LLC",6a18701f9d2d4171bf8c548b,69fded1c62446148bd848ff4,Netsmart Technologies Inc,69fdf0f63b208288e0a8013d,"prg835 - Pine Ridge Building 5 {PERG BUILDINGS, LLC}",evidenceOfInsurance,Evidence of Insurance,6ac20aae-5728-5d57-b364-aeba38527dba,Additional Requirements,3649e9d1-4e09-59bf-8f30-cb33c40cf117,"Certificate Holder must read: c/o Block Real Estate Services, LLC, 4622 Pennsylvania St., Suite 700, Kansas City, MO, 64112",,matchOnce,must be present,,Present,compliant,Block Requirements,,,true,2,,2026-08-16
"Block Real Estate Services, LLC",69fdf76e62446148bd8573ce,69fded2462446148bd8492cd,Xpress Stop 2 LLC / World of Spirits,69fdf02903a2257cd27dddc3,"gd2426 - Guaranty Development - Two-Parvin Road {Guaranty Development Group Two, LLC}",evidenceOfInsurance,Evidence of Insurance,commercialGeneralLiability,Commercial General Liability,evidenceOfInsuranceCommercialGeneralLiabilityCoverageTriggerOccurrence,Coverage Trigger: Occurrence,,matchOnce,must be present,,,non_compliant,Block Requirements,,,false,0,,2026-08-16
"Block Real Estate Services, LLC",69fdf76e62446148bd8573ce,69fded2462446148bd8492cd,Xpress Stop 2 LLC / World of Spirits,69fdf02903a2257cd27dddc3,"gd2426 - Guaranty Development - Two-Parvin Road {Guaranty Development Group Two, LLC}",evidenceOfInsurance,Evidence of Insurance,commercialGeneralLiability,Commercial General Liability,evidenceOfInsuranceCommercialGeneralLiabilityGeneralAggregateLimitAppliesPerLocation,General Aggregate Limit Applies per: Location,,matchOnce,must be present,,,waived,Block Requirements,Per location not a requirement in the lease,,false,0,,2026-08-16
"Block Real Estate Services, LLC",69fdf76e62446148bd8573ce,69fded2462446148bd8492cd,Xpress Stop 2 LLC / World of Spirits,69fdf02903a2257cd27dddc3,"gd2426 - Guaranty Development - Two-Parvin Road {Guaranty Development Group Two, LLC}",evidenceOfInsurance,Evidence of Insurance,commercialGeneralLiability,Commercial General Liability,evidenceOfInsuranceCommercialGeneralLiabilityEachOccurrence,Each Occurrence,,matchOnce,must be greater or equal to,1000000,1000000,compliant,Block Requirements,,,false,1,,2026-08-16
"Block Real Estate Services, LLC",69fdf76e62446148bd8573ce,69fded2462446148bd8492cd,Xpress Stop 2 LLC / World of Spirits,69fdf02903a2257cd27dddc3,"gd2426 - Guaranty Development - Two-Parvin Road {Guaranty Development Group Two, LLC}",evidenceOfInsurance,Evidence of Insurance,commercialGeneralLiability,Commercial General Liability,evidenceOfInsuranceCommercialGeneralLiabilityGeneralAggregate,General Aggregate,,matchOnce,must be greater or equal to,2000000,2000000,compliant,Block Requirements,,,false,1,,2026-08-16
"Block Real Estate Services, LLC",69fdf76e62446148bd8573ce,69fded2462446148bd8492cd,Xpress Stop 2 LLC / World of Spirits,69fdf02903a2257cd27dddc3,"gd2426 - Guaranty Development - Two-Parvin Road {Guaranty Development Group Two, LLC}",evidenceOfInsurance,Evidence of Insurance,commercialGeneralLiability,Commercial General Liability,evidenceOfInsuranceCommercialGeneralLiabilityWaiverOfSubrogationEndorsement,Waiver of Subrogation,"---prompt---
Determine if the insurer has waived their right of subrogation in favor of the certificate holder under the Commercial General Liability policy. Evidence may include: a checked ""Waiver of Subrogation"" box on the certificate, mention in the Description of Operations section stating ""waiver of subrogation applies"", or reference to form CG 24 04. Look for language like ""subrogation is waived"" or ""per written contract"".",matchOnce,must be present,,Present,compliant,Block Requirements,,,false,1,,2026-08-16
"Block Real Estate Services, LLC",69fdf76e62446148bd8573ce,69fded2462446148bd8492cd,Xpress Stop 2 LLC / World of Spirits,69fdf02903a2257cd27dddc3,"gd2426 - Guaranty Development - Two-Parvin Road {Guaranty Development Group Two, LLC}",evidenceOfInsurance,Evidence of Insurance,excessOrUmbrellaLiability,Umbrella/Excess Liability,evidenceOfInsuranceExcessOrUmbrellaLiabilityOccurence,Coverage Trigger: Occurrence,,matchOnce,must be present,,,waived,Block Requirements,,,false,0,,2026-08-16
"Block Real Estate Services, LLC",69fdf76e62446148bd8573ce,69fded2462446148bd8492cd,Xpress Stop 2 LLC / World of Spirits,69fdf02903a2257cd27dddc3,"gd2426 - Guaranty Development - Two-Parvin Road {Guaranty Development Group Two, LLC}",evidenceOfInsurance,Evidence of Insurance,excessOrUmbrellaLiability,Umbrella/Excess Liability,evidenceOfInsuranceExcessOrUmbrellaLiabilityEachOccurrence,Each Occurrence,,matchOnce,must be greater or equal to,1000000,,waived,Block Requirements,,,false,0,,2026-08-16
"Block Real Estate Services, LLC",69fdf76e62446148bd8573ce,69fded2462446148bd8492cd,Xpress Stop 2 LLC / World of Spirits,69fdf02903a2257cd27dddc3,"gd2426 - Guaranty Development - Two-Parvin Road {Guaranty Development Group Two, LLC}",evidenceOfInsurance,Evidence of Insurance,excessOrUmbrellaLiability,Umbrella/Excess Liability,evidenceOfInsuranceExcessOrUmbrellaLiabilityAggregate,Aggregate,,matchOnce,must be greater or equal to,1000000,,waived,Block Requirements,,,false,0,,2026-08-16
"Block Real Estate Services, LLC",69fdf76e62446148bd8573ce,69fded2462446148bd8492cd,Xpress Stop 2 LLC / World of Spirits,69fdf02903a2257cd27dddc3,"gd2426 - Guaranty Development - Two-Parvin Road {Guaranty Development Group Two, LLC}",evidenceOfInsurance,Evidence of Insurance,workersCompensation,Workers' Compensation and Employer's Liability,evidenceOfInsuranceWorkersCompensationStatutoryLimits,Statutory Limits,,matchOnce,must be present,,,non_compliant,Block Requirements,,,false,0,,2026-08-16
"Block Real Estate Services, LLC",69fdf76e62446148bd8573ce,69fded2462446148bd8492cd,Xpress Stop 2 LLC / World of Spirits,69fdf02903a2257cd27dddc3,"gd2426 - Guaranty Development - Two-Parvin Road {Guaranty Development Group Two, LLC}",evidenceOfInsurance,Evidence of Insurance,workersCompensation,Workers' Compensation and Employer's Liability,evidenceOfInsuranceWorkersCompensationEmployersLiabilityEachAccident,Employer's Liability Each Accident,,matchOnce,must be greater or equal to,500000,,non_compliant,Block Requirements,,,false,0,,2026-08-16
"Block Real Estate Services, LLC",69fdf76e62446148bd8573ce,69fded2462446148bd8492cd,Xpress Stop 2 LLC / World of Spirits,69fdf02903a2257cd27dddc3,"gd2426 - Guaranty Development - Two-Parvin Road {Guaranty Development Group Two, LLC}",evidenceOfInsurance,Evidence of Insurance,workersCompensation,Workers' Compensation and Employer's Liability,evidenceOfInsuranceWorkersCompensationEmployersLiabilityDiseaseEachEmployee,Employer's Liability Disease - each employee,,matchOnce,must be greater or equal to,500000,,non_compliant,Block Requirements,,,false,0,,2026-08-16
"Block Real Estate Services, LLC",69fdf76e62446148bd8573ce,69fded2462446148bd8492cd,Xpress Stop 2 LLC / World of Spirits,69fdf02903a2257cd27dddc3,"gd2426 - Guaranty Development - Two-Parvin Road {Guaranty Development Group Two, LLC}",evidenceOfInsurance,Evidence of Insurance,workersCompensation,Workers' Compensation and Employer's Liability,evidenceOfInsuranceWorkersCompensationEmployersLiabilityDiseasePolicyLimit,Employer's Liability Disease - policy limit,,matchOnce,must be greater or equal to,500000,,non_compliant,Block Requirements,,,false,0,,2026-08-16
"Block Real Estate Services, LLC",69fdf76e62446148bd8573ce,69fded2462446148bd8492cd,Xpress Stop 2 LLC / World of Spirits,69fdf02903a2257cd27dddc3,"gd2426 - Guaranty Development - Two-Parvin Road {Guaranty Development Group Two, LLC}",evidenceOfInsurance,Evidence of Insurance,workersCompensation,Workers' Compensation and Employer's Liability,evidenceOfInsuranceWorkersCompensationWaiverOfSubrogationEndorsement,Waiver of Subrogation,"---prompt---
Determine if the insurer has waived their right of subrogation in favor of the certificate holder under the Workers' Compensation policy. Evidence may include: a checked ""Waiver of Subrogation"" box on the certificate, mention in the Description of Operations section stating ""waiver of subrogation applies"", or reference to form WC 00 03 13. Look for language like ""subrogation is waived"" or ""per written contract"".",matchOnce,must be present,,,non_compliant,Block Requirements,,,false,0,,2026-08-16
"Block Real Estate Services, LLC",69fdf76e62446148bd8573ce,69fded2462446148bd8492cd,Xpress Stop 2 LLC / World of Spirits,69fdf02903a2257cd27dddc3,"gd2426 - Guaranty Development - Two-Parvin Road {Guaranty Development Group Two, LLC}",evidenceOfInsurance,Evidence of Insurance,6ac20aae-5728-5d57-b364-aeba38527dba,Additional Requirements,4da5b0f1-4c9d-5885-8cf8-5d3cccaed3e0,"Block Real Estate Services, LLC and all others required by contract are named as Additional Insureds","---prompt---
Determine if the Description of Operations or the Additional Remarks Schedule section states the ""Additional Insured as Construction Management, Inc. and all others required by contract"" or reference to blanket additional insured coverage. Look for language like ""certificate holder is additional insured"" or ""per written contract"".",matchOnce,must be present,,,non_compliant,Block Requirements,,,true,0,,2026-08-16
"Block Real Estate Services, LLC",69fdf76e62446148bd8573ce,69fded2462446148bd8492cd,Xpress Stop 2 LLC / World of Spirits,69fdf02903a2257cd27dddc3,"gd2426 - Guaranty Development - Two-Parvin Road {Guaranty Development Group Two, LLC}",evidenceOfInsurance,Evidence of Insurance,6ac20aae-5728-5d57-b364-aeba38527dba,Additional Requirements,e1017741-e47e-5f58-97b8-fbc3043e919f,Umbrella follows form over General Liability,"---prompt---
Determine if the Umbrella/Excess Liability policy follows form to the underlying policies. Evidence may include: language in the Description of Operations section stating the umbrella follows form to underlying coverages or an additional page endorsement stating that it follows form. Follow form means the umbrella policy adopts the same terms, conditions, and exclusions as the underlying policies.",matchOnce,must be present,,,waived,Block Requirements,Umbrella Liability not a requirement in the lease,,true,0,,2026-08-16
"Block Real Estate Services, LLC",69fdf76e62446148bd8573ce,69fded2462446148bd8492cd,Xpress Stop 2 LLC / World of Spirits,69fdf02903a2257cd27dddc3,"gd2426 - Guaranty Development - Two-Parvin Road {Guaranty Development Group Two, LLC}",evidenceOfInsurance,Evidence of Insurance,6ac20aae-5728-5d57-b364-aeba38527dba,Additional Requirements,2cdd866f-c9a4-576a-afd8-1d045762790c,"The location must be listed as: 1804 NE Parvin Road, Kansas City, MO, 64116",,matchOnce,must be present,,Present,compliant,Block Requirements,,,true,1,,2026-08-16
"Block Real Estate Services, LLC",69fdf76e62446148bd8573ce,69fded2462446148bd8492cd,Xpress Stop 2 LLC / World of Spirits,69fdf02903a2257cd27dddc3,"gd2426 - Guaranty Development - Two-Parvin Road {Guaranty Development Group Two, LLC}",evidenceOfInsurance,Evidence of Insurance,6ac20aae-5728-5d57-b364-aeba38527dba,Additional Requirements,3649e9d1-4e09-59bf-8f30-cb33c40cf117,"Certificate Holder must read: c/o Block Real Estate Services, LLC, 4622 Pennsylvania St., Suite 700, Kansas City, MO, 64112",,matchOnce,must be present,,Present,compliant,Block Requirements,,,true,1,,2026-08-16
"Block Real Estate Services, LLC",69fdf76e62446148bd8573cc,69fded1d62446148bd849063,"The Laundry Hut, LLC / Parvin Laundry, LLC",69fdf02903a2257cd27dddc3,"gd2426 - Guaranty Development - Two-Parvin Road {Guaranty Development Group Two, LLC}",evidenceOfInsurance,Evidence of Insurance,commercialGeneralLiability,Commercial General Liability,evidenceOfInsuranceCommercialGeneralLiabilityCoverageTriggerOccurrence,Coverage Trigger: Occurrence,,matchOnce,must be present,,,non_compliant,Block Requirements,,,false,0,,2026-08-16
"Block Real Estate Services, LLC",69fdf76e62446148bd8573cc,69fded1d62446148bd849063,"The Laundry Hut, LLC / Parvin Laundry, LLC",69fdf02903a2257cd27dddc3,"gd2426 - Guaranty Development - Two-Parvin Road {Guaranty Development Group Two, LLC}",evidenceOfInsurance,Evidence of Insurance,commercialGeneralLiability,Commercial General Liability,evidenceOfInsuranceCommercialGeneralLiabilityGeneralAggregateLimitAppliesPerLocation,General Aggregate Limit Applies per: Location,,matchOnce,must be present,,,non_compliant,Block Requirements,,,false,0,,2026-08-16
"Block Real Estate Services, LLC",69fdf76e62446148bd8573cc,69fded1d62446148bd849063,"The Laundry Hut, LLC / Parvin Laundry, LLC",69fdf02903a2257cd27dddc3,"gd2426 - Guaranty Development - Two-Parvin Road {Guaranty Development Group Two, LLC}",evidenceOfInsurance,Evidence of Insurance,commercialGeneralLiability,Commercial General Liability,evidenceOfInsuranceCommercialGeneralLiabilityEachOccurrence,Each Occurrence,,matchOnce,must be greater or equal to,1000000,,non_compliant,Block Requirements,,,false,0,,2026-08-16
"Block Real Estate Services, LLC",69fdf76e62446148bd8573cc,69fded1d62446148bd849063,"The Laundry Hut, LLC / Parvin Laundry, LLC",69fdf02903a2257cd27dddc3,"gd2426 - Guaranty Development - Two-Parvin Road {Guaranty Development Group Two, LLC}",evidenceOfInsurance,Evidence of Insurance,commercialGeneralLiability,Commercial General Liability,evidenceOfInsuranceCommercialGeneralLiabilityGeneralAggregate,General Aggregate,,matchOnce,must be greater or equal to,2000000,,non_compliant,Block Requirements,,,false,0,,2026-08-16
"Block Real Estate Services, LLC",69fdf76e62446148bd8573cc,69fded1d62446148bd849063,"The Laundry Hut, LLC / Parvin Laundry, LLC",69fdf02903a2257cd27dddc3,"gd2426 - Guaranty Development - Two-Parvin Road {Guaranty Development Group Two, LLC}",evidenceOfInsurance,Evidence of Insurance,commercialGeneralLiability,Commercial General Liability,evidenceOfInsuranceCommercialGeneralLiabilityWaiverOfSubrogationEndorsement,Waiver of Subrogation,"---prompt---
Determine if the insurer has waived their right of subrogation in favor of the certificate holder under the Commercial General Liability policy. Evidence may include: a checked ""Waiver of Subrogation"" box on the certificate, mention in the Description of Operations section stating ""waiver of subrogation applies"", or reference to form CG 24 04. Look for language like ""subrogation is waived"" or ""per written contract"".",matchOnce,must be present,,,non_compliant,Block Requirements,,,false,0,,2026-08-16
"Block Real Estate Services, LLC",69fdf76e62446148bd8573cc,69fded1d62446148bd849063,"The Laundry Hut, LLC / Parvin Laundry, LLC",69fdf02903a2257cd27dddc3,"gd2426 - Guaranty Development - Two-Parvin Road {Guaranty Development Group Two, LLC}",evidenceOfInsurance,Evidence of Insurance,excessOrUmbrellaLiability,Umbrella/Excess Liability,evidenceOfInsuranceExcessOrUmbrellaLiabilityOccurence,Coverage Trigger: Occurrence,,matchOnce,must be present,,,non_compliant,Block Requirements,,,false,0,,2026-08-16
"Block Real Estate Services, LLC",69fdf76e62446148bd8573cc,69fded1d62446148bd849063,"The Laundry Hut, LLC / Parvin Laundry, LLC",69fdf02903a2257cd27dddc3,"gd2426 - Guaranty Development - Two-Parvin Road {Guaranty Development Group Two, LLC}",evidenceOfInsurance,Evidence of Insurance,excessOrUmbrellaLiability,Umbrella/Excess Liability,evidenceOfInsuranceExcessOrUmbrellaLiabilityEachOccurrence,Each Occurrence,,matchOnce,must be greater or equal to,1000000,,non_compliant,Block Requirements,,,false,0,,2026-08-16
"Block Real Estate Services, LLC",69fdf76e62446148bd8573cc,69fded1d62446148bd849063,"The Laundry Hut, LLC / Parvin Laundry, LLC",69fdf02903a2257cd27dddc3,"gd2426 - Guaranty Development - Two-Parvin Road {Guaranty Development Group Two, LLC}",evidenceOfInsurance,Evidence of Insurance,excessOrUmbrellaLiability,Umbrella/Excess Liability,evidenceOfInsuranceExcessOrUmbrellaLiabilityAggregate,Aggregate,,matchOnce,must be greater or equal to,1000000,,non_compliant,Block Requirements,,,false,0,,2026-08-16
"Block Real Estate Services, LLC",69fdf76e62446148bd8573cc,69fded1d62446148bd849063,"The Laundry Hut, LLC / Parvin Laundry, LLC",69fdf02903a2257cd27dddc3,"gd2426 - Guaranty Development - Two-Parvin Road {Guaranty Development Group Two, LLC}",evidenceOfInsurance,Evidence of Insurance,workersCompensation,Workers' Compensation and Employer's Liability,evidenceOfInsuranceWorkersCompensationStatutoryLimits,Statutory Limits,,matchOnce,must be present,,,non_compliant,Block Requirements,,,false,0,,2026-08-16
"Block Real Estate Services, LLC",69fdf76e62446148bd8573cc,69fded1d62446148bd849063,"The Laundry Hut, LLC / Parvin Laundry, LLC",69fdf02903a2257cd27dddc3,"gd2426 - Guaranty Development - Two-Parvin Road {Guaranty Development Group Two, LLC}",evidenceOfInsurance,Evidence of Insurance,workersCompensation,Workers' Compensation and Employer's Liability,evidenceOfInsuranceWorkersCompensationEmployersLiabilityEachAccident,Employer's Liability Each Accident,,matchOnce,must be greater or equal to,500000,,non_compliant,Block Requirements,,,false,0,,2026-08-16
"Block Real Estate Services, LLC",69fdf76e62446148bd8573cc,69fded1d62446148bd849063,"The Laundry Hut, LLC / Parvin Laundry, LLC",69fdf02903a2257cd27dddc3,"gd2426 - Guaranty Development - Two-Parvin Road {Guaranty Development Group Two, LLC}",evidenceOfInsurance,Evidence of Insurance,workersCompensation,Workers' Compensation and Employer's Liability,evidenceOfInsuranceWorkersCompensationEmployersLiabilityDiseaseEachEmployee,Employer's Liability Disease - each employee,,matchOnce,must be greater or equal to,500000,,non_compliant,Block Requirements,,,false,0,,2026-08-16
"Block Real Estate Services, LLC",69fdf76e62446148bd8573cc,69fded1d62446148bd849063,"The Laundry Hut, LLC / Parvin Laundry, LLC",69fdf02903a2257cd27dddc3,"gd2426 - Guaranty Development - Two-Parvin Road {Guaranty Development Group Two, LLC}",evidenceOfInsurance,Evidence of Insurance,workersCompensation,Workers' Compensation and Employer's Liability,evidenceOfInsuranceWorkersCompensationEmployersLiabilityDiseasePolicyLimit,Employer's Liability Disease - policy limit,,matchOnce,must be greater or equal to,500000,,non_compliant,Block Requirements,,,false,0,,2026-08-16
"Block Real Estate Services, LLC",69fdf76e62446148bd8573cc,69fded1d62446148bd849063,"The Laundry Hut, LLC / Parvin Laundry, LLC",69fdf02903a2257cd27dddc3,"gd2426 - Guaranty Development - Two-Parvin Road {Guaranty Development Group Two, LLC}",evidenceOfInsurance,Evidence of Insurance,workersCompensation,Workers' Compensation and Employer's Liability,evidenceOfInsuranceWorkersCompensationWaiverOfSubrogationEndorsement,Waiver of Subrogation,"---prompt---
Determine if the insurer has waived their right of subrogation in favor of the certificate holder under the Workers' Compensation policy. Evidence may include: a checked ""Waiver of Subrogation"" box on the certificate, mention in the Description of Operations section stating ""waiver of subrogation applies"", or reference to form WC 00 03 13. Look for language like ""subrogation is waived"" or ""per written contract"".",matchOnce,must be present,,,non_compliant,Block Requirements,,,false,0,,2026-08-16
"Block Real Estate Services, LLC",69fdf76e62446148bd8573cc,69fded1d62446148bd849063,"The Laundry Hut, LLC / Parvin Laundry, LLC",69fdf02903a2257cd27dddc3,"gd2426 - Guaranty Development - Two-Parvin Road {Guaranty Development Group Two, LLC}",evidenceOfInsurance,Evidence of Insurance,6ac20aae-5728-5d57-b364-aeba38527dba,Additional Requirements,4da5b0f1-4c9d-5885-8cf8-5d3cccaed3e0,"Block Real Estate Services, LLC and all others required by contract are named as Additional Insureds","---prompt---
Determine if the Description of Operations or the Additional Remarks Schedule section states the ""Additional Insured as Construction Management, Inc. and all others required by contract"" or reference to blanket additional insured coverage. Look for language like ""certificate holder is additional insured"" or ""per written contract"".",matchOnce,must be present,,,non_compliant,Block Requirements,,,true,0,,2026-08-16
"Block Real Estate Services, LLC",69fdf76e62446148bd8573cc,69fded1d62446148bd849063,"The Laundry Hut, LLC / Parvin Laundry, LLC",69fdf02903a2257cd27dddc3,"gd2426 - Guaranty Development - Two-Parvin Road {Guaranty Development Group Two, LLC}",evidenceOfInsurance,Evidence of Insurance,6ac20aae-5728-5d57-b364-aeba38527dba,Additional Requirements,e1017741-e47e-5f58-97b8-fbc3043e919f,Umbrella follows form over General Liability,"---prompt---
Determine if the Umbrella/Excess Liability policy follows form to the underlying policies. Evidence may include: language in the Description of Operations section stating the umbrella follows form to underlying coverages or an additional page endorsement stating that it follows form. Follow form means the umbrella policy adopts the same terms, conditions, and exclusions as the underlying policies.",matchOnce,must be present,,,non_compliant,Block Requirements,,,true,0,,2026-08-16
"Block Real Estate Services, LLC",69fdf76e62446148bd8573cc,69fded1d62446148bd849063,"The Laundry Hut, LLC / Parvin Laundry, LLC",69fdf02903a2257cd27dddc3,"gd2426 - Guaranty Development - Two-Parvin Road {Guaranty Development Group Two, LLC}",evidenceOfInsurance,Evidence of Insurance,6ac20aae-5728-5d57-b364-aeba38527dba,Additional Requirements,2cdd866f-c9a4-576a-afd8-1d045762790c,"The location must be listed as: 1800 NE Parvin Road, Kansas City, MO, 64116",,matchOnce,must be present,,,non_compliant,Block Requirements,,,true,0,,2026-08-16
"Block Real Estate Services, LLC",69fdf76e62446148bd8573cc,69fded1d62446148bd849063,"The Laundry Hut, LLC / Parvin Laundry, LLC",69fdf02903a2257cd27dddc3,"gd2426 - Guaranty Development - Two-Parvin Road {Guaranty Development Group Two, LLC}",evidenceOfInsurance,Evidence of Insurance,6ac20aae-5728-5d57-b364-aeba38527dba,Additional Requirements,3649e9d1-4e09-59bf-8f30-cb33c40cf117,"Certificate Holder must read: c/o Block Real Estate Services, LLC, 4622 Pennsylvania St., Suite 700, Kansas City, MO, 64112",,matchOnce,must be present,,,non_compliant,Block Requirements,,,true,0,,2026-08-16
"Block Real Estate Services, LLC",69fdf76e62446148bd8573cb,69fded1d62446148bd849033,O'Reilly Automotive,69fdf02903a2257cd27dddc3,"gd2426 - Guaranty Development - Two-Parvin Road {Guaranty Development Group Two, LLC}",evidenceOfInsurance,Evidence of Insurance,commercialGeneralLiability,Commercial General Liability,evidenceOfInsuranceCommercialGeneralLiabilityCoverageTriggerOccurrence,Coverage Trigger: Occurrence,,matchOnce,must be present,,,non_compliant,Block Requirements,,,false,0,,2026-08-16
"Block Real Estate Services, LLC",69fdf76e62446148bd8573cb,69fded1d62446148bd849033,O'Reilly Automotive,69fdf02903a2257cd27dddc3,"gd2426 - Guaranty Development - Two-Parvin Road {Guaranty Development Group Two, LLC}",evidenceOfInsurance,Evidence of Insurance,commercialGeneralLiability,Commercial General Liability,evidenceOfInsuranceCommercialGeneralLiabilityGeneralAggregateLimitAppliesPerLocation,General Aggregate Limit Applies per: Location,,matchOnce,must be present,,,non_compliant,Block Requirements,,,false,0,,2026-08-16
"Block Real Estate Services, LLC",69fdf76e62446148bd8573cb,69fded1d62446148bd849033,O'Reilly Automotive,69fdf02903a2257cd27dddc3,"gd2426 - Guaranty Development - Two-Parvin Road {Guaranty Development Group Two, LLC}",evidenceOfInsurance,Evidence of Insurance,commercialGeneralLiability,Commercial General Liability,evidenceOfInsuranceCommercialGeneralLiabilityEachOccurrence,Each Occurrence,,matchOnce,must be greater or equal to,1000000,,non_compliant,Block Requirements,,,false,0,,2026-08-16
"Block Real Estate Services, LLC",69fdf76e62446148bd8573cb,69fded1d62446148bd849033,O'Reilly Automotive,69fdf02903a2257cd27dddc3,"gd2426 - Guaranty Development - Two-Parvin Road {Guaranty Development Group Two, LLC}",evidenceOfInsurance,Evidence of Insurance,commercialGeneralLiability,Commercial General Liability,evidenceOfInsuranceCommercialGeneralLiabilityGeneralAggregate,General Aggregate,,matchOnce,must be greater or equal to,2000000,,non_compliant,Block Requirements,,,false,0,,2026-08-16
"Block Real Estate Services, LLC",69fdf76e62446148bd8573cb,69fded1d62446148bd849033,O'Reilly Automotive,69fdf02903a2257cd27dddc3,"gd2426 - Guaranty Development - Two-Parvin Road {Guaranty Development Group Two, LLC}",evidenceOfInsurance,Evidence of Insurance,commercialGeneralLiability,Commercial General Liability,evidenceOfInsuranceCommercialGeneralLiabilityWaiverOfSubrogationEndorsement,Waiver of Subrogation,"---prompt---
Determine if the insurer has waived their right of subrogation in favor of the certificate holder under the Commercial General Liability policy. Evidence may include: a checked ""Waiver of Subrogation"" box on the certificate, mention in the Description of Operations section stating ""waiver of subrogation applies"", or reference to form CG 24 04. Look for language like ""subrogation is waived"" or ""per written contract"".",matchOnce,must be present,,,non_compliant,Block Requirements,,,false,0,,2026-08-16
"Block Real Estate Services, LLC",69fdf76e62446148bd8573cb,69fded1d62446148bd849033,O'Reilly Automotive,69fdf02903a2257cd27dddc3,"gd2426 - Guaranty Development - Two-Parvin Road {Guaranty Development Group Two, LLC}",evidenceOfInsurance,Evidence of Insurance,excessOrUmbrellaLiability,Umbrella/Excess Liability,evidenceOfInsuranceExcessOrUmbrellaLiabilityOccurence,Coverage Trigger: Occurrence,,matchOnce,must be present,,,non_compliant,Block Requirements,,,false,0,,2026-08-16
"Block Real Estate Services, LLC",69fdf76e62446148bd8573cb,69fded1d62446148bd849033,O'Reilly Automotive,69fdf02903a2257cd27dddc3,"gd2426 - Guaranty Development - Two-Parvin Road {Guaranty Development Group Two, LLC}",evidenceOfInsurance,Evidence of Insurance,excessOrUmbrellaLiability,Umbrella/Excess Liability,evidenceOfInsuranceExcessOrUmbrellaLiabilityEachOccurrence,Each Occurrence,,matchOnce,must be greater or equal to,1000000,,non_compliant,Block Requirements,,,false,0,,2026-08-16
"Block Real Estate Services, LLC",69fdf76e62446148bd8573cb,69fded1d62446148bd849033,O'Reilly Automotive,69fdf02903a2257cd27dddc3,"gd2426 - Guaranty Development - Two-Parvin Road {Guaranty Development Group Two, LLC}",evidenceOfInsurance,Evidence of Insurance,excessOrUmbrellaLiability,Umbrella/Excess Liability,evidenceOfInsuranceExcessOrUmbrellaLiabilityAggregate,Aggregate,,matchOnce,must be greater or equal to,1000000,,non_compliant,Block Requirements,,,false,0,,2026-08-16
"Block Real Estate Services, LLC",69fdf76e62446148bd8573cb,69fded1d62446148bd849033,O'Reilly Automotive,69fdf02903a2257cd27dddc3,"gd2426 - Guaranty Development - Two-Parvin Road {Guaranty Development Group Two, LLC}",evidenceOfInsurance,Evidence of Insurance,workersCompensation,Workers' Compensation and Employer's Liability,evidenceOfInsuranceWorkersCompensationStatutoryLimits,Statutory Limits,,matchOnce,must be present,,,non_compliant,Block Requirements,,,false,0,,2026-08-16
"Block Real Estate Services, LLC",69fdf76e62446148bd8573cb,69fded1d62446148bd849033,O'Reilly Automotive,69fdf02903a2257cd27dddc3,"gd2426 - Guaranty Development - Two-Parvin Road {Guaranty Development Group Two, LLC}",evidenceOfInsurance,Evidence of Insurance,workersCompensation,Workers' Compensation and Employer's Liability,evidenceOfInsuranceWorkersCompensationEmployersLiabilityEachAccident,Employer's Liability Each Accident,,matchOnce,must be greater or equal to,500000,,non_compliant,Block Requirements,,,false,0,,2026-08-16
"Block Real Estate Services, LLC",69fdf76e62446148bd8573cb,69fded1d62446148bd849033,O'Reilly Automotive,69fdf02903a2257cd27dddc3,"gd2426 - Guaranty Development - Two-Parvin Road {Guaranty Development Group Two, LLC}",evidenceOfInsurance,Evidence of Insurance,workersCompensation,Workers' Compensation and Employer's Liability,evidenceOfInsuranceWorkersCompensationEmployersLiabilityDiseaseEachEmployee,Employer's Liability Disease - each employee,,matchOnce,must be greater or equal to,500000,,non_compliant,Block Requirements,,,false,0,,2026-08-16
"Block Real Estate Services, LLC",69fdf76e62446148bd8573cb,69fded1d62446148bd849033,O'Reilly Automotive,69fdf02903a2257cd27dddc3,"gd2426 - Guaranty Development - Two-Parvin Road {Guaranty Development Group Two, LLC}",evidenceOfInsurance,Evidence of Insurance,workersCompensation,Workers' Compensation and Employer's Liability,evidenceOfInsuranceWorkersCompensationEmployersLiabilityDiseasePolicyLimit,Employer's Liability Disease - policy limit,,matchOnce,must be greater or equal to,500000,,non_compliant,Block Requirements,,,false,0,,2026-08-16
"Block Real Estate Services, LLC",69fdf76e62446148bd8573cb,69fded1d62446148bd849033,O'Reilly Automotive,69fdf02903a2257cd27dddc3,"gd2426 - Guaranty Development - Two-Parvin Road {Guaranty Development Group Two, LLC}",evidenceOfInsurance,Evidence of Insurance,workersCompensation,Workers' Compensation and Employer's Liability,evidenceOfInsuranceWorkersCompensationWaiverOfSubrogationEndorsement,Waiver of Subrogation,"---prompt---
Determine if the insurer has waived their right of subrogation in favor of the certificate holder under the Workers' Compensation policy. Evidence may include: a checked ""Waiver of Subrogation"" box on the certificate, mention in the Description of Operations section stating ""waiver of subrogation applies"", or reference to form WC 00 03 13. Look for language like ""subrogation is waived"" or ""per written contract"".",matchOnce,must be present,,,non_compliant,Block Requirements,,,false,0,,2026-08-16
"Block Real Estate Services, LLC",69fdf76e62446148bd8573cb,69fded1d62446148bd849033,O'Reilly Automotive,69fdf02903a2257cd27dddc3,"gd2426 - Guaranty Development - Two-Parvin Road {Guaranty Development Group Two, LLC}",evidenceOfInsurance,Evidence of Insurance,6ac20aae-5728-5d57-b364-aeba38527dba,Additional Requirements,4da5b0f1-4c9d-5885-8cf8-5d3cccaed3e0,"Block Real Estate Services, LLC and all others required by contract are named as Additional Insureds","---prompt---
Determine if the Description of Operations or the Additional Remarks Schedule section states the ""Additional Insured as Construction Management, Inc. and all others required by contract"" or reference to blanket additional insured coverage. Look for language like ""certificate holder is additional insured"" or ""per written contract"".",matchOnce,must be present,,,non_compliant,Block Requirements,,,true,0,,2026-08-16
"Block Real Estate Services, LLC",69fdf76e62446148bd8573cb,69fded1d62446148bd849033,O'Reilly Automotive,69fdf02903a2257cd27dddc3,"gd2426 - Guaranty Development - Two-Parvin Road {Guaranty Development Group Two, LLC}",evidenceOfInsurance,Evidence of Insurance,6ac20aae-5728-5d57-b364-aeba38527dba,Additional Requirements,e1017741-e47e-5f58-97b8-fbc3043e919f,Umbrella follows form over General Liability,"---prompt---
Determine if the Umbrella/Excess Liability policy follows form to the underlying policies. Evidence may include: language in the Description of Operations section stating the umbrella follows form to underlying coverages or an additional page endorsement stating that it follows form. Follow form means the umbrella policy adopts the same terms, conditions, and exclusions as the underlying policies.",matchOnce,must be present,,,non_compliant,Block Requirements,,,true,0,,2026-08-16
"Block Real Estate Services, LLC",69fdf76e62446148bd8573cb,69fded1d62446148bd849033,O'Reilly Automotive,69fdf02903a2257cd27dddc3,"gd2426 - Guaranty Development - Two-Parvin Road {Guaranty Development Group Two, LLC}",evidenceOfInsurance,Evidence of Insurance,6ac20aae-5728-5d57-b364-aeba38527dba,Additional Requirements,2cdd866f-c9a4-576a-afd8-1d045762790c,"The location must be listed as: 1724 NE Parvin Road, Kansas City, MO, 64116",,matchOnce,must be present,,,non_compliant,Block Requirements,,,true,0,,2026-08-16
"Block Real Estate Services, LLC",69fdf76e62446148bd8573cb,69fded1d62446148bd849033,O'Reilly Automotive,69fdf02903a2257cd27dddc3,"gd2426 - Guaranty Development - Two-Parvin Road {Guaranty Development Group Two, LLC}",evidenceOfInsurance,Evidence of Insurance,6ac20aae-5728-5d57-b364-aeba38527dba,Additional Requirements,3649e9d1-4e09-59bf-8f30-cb33c40cf117,"Certificate Holder must read: c/o Block Real Estate Services, LLC, 4622 Pennsylvania St., Suite 700, Kansas City, MO, 64112",,matchOnce,must be present,,,non_compliant,Block Requirements,,,true,0,,2026-08-16
"Block Real Estate Services, LLC",69fdf76e62446148bd8573cd,69fded2162446148bd8491c8,"Subway Real Estate, LLC",69fdf02903a2257cd27dddc3,"gd2426 - Guaranty Development - Two-Parvin Road {Guaranty Development Group Two, LLC}",evidenceOfInsurance,Evidence of Insurance,commercialGeneralLiability,Commercial General Liability,evidenceOfInsuranceCommercialGeneralLiabilityCoverageTriggerOccurrence,Coverage Trigger: Occurrence,,matchOnce,must be present,,,non_compliant,Block Requirements,,,false,0,,2026-08-16
"Block Real Estate Services, LLC",69fdf76e62446148bd8573cd,69fded2162446148bd8491c8,"Subway Real Estate, LLC",69fdf02903a2257cd27dddc3,"gd2426 - Guaranty Development - Two-Parvin Road {Guaranty Development Group Two, LLC}",evidenceOfInsurance,Evidence of Insurance,commercialGeneralLiability,Commercial General Liability,evidenceOfInsuranceCommercialGeneralLiabilityGeneralAggregateLimitAppliesPerLocation,General Aggregate Limit Applies per: Location,,matchOnce,must be present,,,non_compliant,Block Requirements,,,false,0,,2026-08-16
"Block Real Estate Services, LLC",69fdf76e62446148bd8573cd,69fded2162446148bd8491c8,"Subway Real Estate, LLC",69fdf02903a2257cd27dddc3,"gd2426 - Guaranty Development - Two-Parvin Road {Guaranty Development Group Two, LLC}",evidenceOfInsurance,Evidence of Insurance,commercialGeneralLiability,Commercial General Liability,evidenceOfInsuranceCommercialGeneralLiabilityEachOccurrence,Each Occurrence,,matchOnce,must be greater or equal to,1000000,,non_compliant,Block Requirements,,,false,0,,2026-08-16
"Block Real Estate Services, LLC",69fdf76e62446148bd8573cd,69fded2162446148bd8491c8,"Subway Real Estate, LLC",69fdf02903a2257cd27dddc3,"gd2426 - Guaranty Development - Two-Parvin Road {Guaranty Development Group Two, LLC}",evidenceOfInsurance,Evidence of Insurance,commercialGeneralLiability,Commercial General Liability,evidenceOfInsuranceCommercialGeneralLiabilityGeneralAggregate,General Aggregate,,matchOnce,must be greater or equal to,2000000,,non_compliant,Block Requirements,,,false,0,,2026-08-16
"Block Real Estate Services, LLC",69fdf76e62446148bd8573cd,69fded2162446148bd8491c8,"Subway Real Estate, LLC",69fdf02903a2257cd27dddc3,"gd2426 - Guaranty Development - Two-Parvin Road {Guaranty Development Group Two, LLC}",evidenceOfInsurance,Evidence of Insurance,commercialGeneralLiability,Commercial General Liability,evidenceOfInsuranceCommercialGeneralLiabilityWaiverOfSubrogationEndorsement,Waiver of Subrogation,"---prompt---
Determine if the insurer has waived their right of subrogation in favor of the certificate holder under the Commercial General Liability policy. Evidence may include: a checked ""Waiver of Subrogation"" box on the certificate, mention in the Description of Operations section stating ""waiver of subrogation applies"", or reference to form CG 24 04. Look for language like ""subrogation is waived"" or ""per written contract"".",matchOnce,must be present,,,non_compliant,Block Requirements,,,false,0,,2026-08-16
"Block Real Estate Services, LLC",69fdf76e62446148bd8573cd,69fded2162446148bd8491c8,"Subway Real Estate, LLC",69fdf02903a2257cd27dddc3,"gd2426 - Guaranty Development - Two-Parvin Road {Guaranty Development Group Two, LLC}",evidenceOfInsurance,Evidence of Insurance,excessOrUmbrellaLiability,Umbrella/Excess Liability,evidenceOfInsuranceExcessOrUmbrellaLiabilityOccurence,Coverage Trigger: Occurrence,,matchOnce,must be present,,,non_compliant,Block Requirements,,,false,0,,2026-08-16
"Block Real Estate Services, LLC",69fdf76e62446148bd8573cd,69fded2162446148bd8491c8,"Subway Real Estate, LLC",69fdf02903a2257cd27dddc3,"gd2426 - Guaranty Development - Two-Parvin Road {Guaranty Development Group Two, LLC}",evidenceOfInsurance,Evidence of Insurance,excessOrUmbrellaLiability,Umbrella/Excess Liability,evidenceOfInsuranceExcessOrUmbrellaLiabilityEachOccurrence,Each Occurrence,,matchOnce,must be greater or equal to,1000000,,non_compliant,Block Requirements,,,false,0,,2026-08-16
"Block Real Estate Services, LLC",69fdf76e62446148bd8573cd,69fded2162446148bd8491c8,"Subway Real Estate, LLC",69fdf02903a2257cd27dddc3,"gd2426 - Guaranty Development - Two-Parvin Road {Guaranty Development Group Two, LLC}",evidenceOfInsurance,Evidence of Insurance,excessOrUmbrellaLiability,Umbrella/Excess Liability,evidenceOfInsuranceExcessOrUmbrellaLiabilityAggregate,Aggregate,,matchOnce,must be greater or equal to,1000000,,non_compliant,Block Requirements,,,false,0,,2026-08-16
"Block Real Estate Services, LLC",69fdf76e62446148bd8573cd,69fded2162446148bd8491c8,"Subway Real Estate, LLC",69fdf02903a2257cd27dddc3,"gd2426 - Guaranty Development - Two-Parvin Road {Guaranty Development Group Two, LLC}",evidenceOfInsurance,Evidence of Insurance,workersCompensation,Workers' Compensation and Employer's Liability,evidenceOfInsuranceWorkersCompensationStatutoryLimits,Statutory Limits,,matchOnce,must be present,,,non_compliant,Block Requirements,,,false,0,,2026-08-16
"Block Real Estate Services, LLC",69fdf76e62446148bd8573cd,69fded2162446148bd8491c8,"Subway Real Estate, LLC",69fdf02903a2257cd27dddc3,"gd2426 - Guaranty Development - Two-Parvin Road {Guaranty Development Group Two, LLC}",evidenceOfInsurance,Evidence of Insurance,workersCompensation,Workers' Compensation and Employer's Liability,evidenceOfInsuranceWorkersCompensationEmployersLiabilityEachAccident,Employer's Liability Each Accident,,matchOnce,must be greater or equal to,500000,,non_compliant,Block Requirements,,,false,0,,2026-08-16
"Block Real Estate Services, LLC",69fdf76e62446148bd8573cd,69fded2162446148bd8491c8,"Subway Real Estate, LLC",69fdf02903a2257cd27dddc3,"gd2426 - Guaranty Development - Two-Parvin Road {Guaranty Development Group Two, LLC}",evidenceOfInsurance,Evidence of Insurance,workersCompensation,Workers' Compensation and Employer's Liability,evidenceOfInsuranceWorkersCompensationEmployersLiabilityDiseaseEachEmployee,Employer's Liability Disease - each employee,,matchOnce,must be greater or equal to,500000,,non_compliant,Block Requirements,,,false,0,,2026-08-16
"Block Real Estate Services, LLC",69fdf76e62446148bd8573cd,69fded2162446148bd8491c8,"Subway Real Estate, LLC",69fdf02903a2257cd27dddc3,"gd2426 - Guaranty Development - Two-Parvin Road {Guaranty Development Group Two, LLC}",evidenceOfInsurance,Evidence of Insurance,workersCompensation,Workers' Compensation and Employer's Liability,evidenceOfInsuranceWorkersCompensationEmployersLiabilityDiseasePolicyLimit,Employer's Liability Disease - policy limit,,matchOnce,must be greater or equal to,500000,,non_compliant,Block Requirements,,,false,0,,2026-08-16
"Block Real Estate Services, LLC",69fdf76e62446148bd8573cd,69fded2162446148bd8491c8,"Subway Real Estate, LLC",69fdf02903a2257cd27dddc3,"gd2426 - Guaranty Development - Two-Parvin Road {Guaranty Development Group Two, LLC}",evidenceOfInsurance,Evidence of Insurance,workersCompensation,Workers' Compensation and Employer's Liability,evidenceOfInsuranceWorkersCompensationWaiverOfSubrogationEndorsement,Waiver of Subrogation,"---prompt---
Determine if the insurer has waived their right of subrogation in favor of the certificate holder under the Workers' Compensation policy. Evidence may include: a checked ""Waiver of Subrogation"" box on the certificate, mention in the Description of Operations section stating ""waiver of subrogation applies"", or reference to form WC 00 03 13. Look for language like ""subrogation is waived"" or ""per written contract"".",matchOnce,must be present,,,non_compliant,Block Requirements,,,false,0,,2026-08-16
"Block Real Estate Services, LLC",69fdf76e62446148bd8573cd,69fded2162446148bd8491c8,"Subway Real Estate, LLC",69fdf02903a2257cd27dddc3,"gd2426 - Guaranty Development - Two-Parvin Road {Guaranty Development Group Two, LLC}",evidenceOfInsurance,Evidence of Insurance,6ac20aae-5728-5d57-b364-aeba38527dba,Additional Requirements,4da5b0f1-4c9d-5885-8cf8-5d3cccaed3e0,"Block Real Estate Services, LLC and all others required by contract are named as Additional Insureds","---prompt---
Determine if the Description of Operations or the Additional Remarks Schedule section states the ""Additional Insured as Construction Management, Inc. and all others required by contract"" or reference to blanket additional insured coverage. Look for language like ""certificate holder is additional insured"" or ""per written contract"".",matchOnce,must be present,,,non_compliant,Block Requirements,,,true,0,,2026-08-16
"Block Real Estate Services, LLC",69fdf76e62446148bd8573cd,69fded2162446148bd8491c8,"Subway Real Estate, LLC",69fdf02903a2257cd27dddc3,"gd2426 - Guaranty Development - Two-Parvin Road {Guaranty Development Group Two, LLC}",evidenceOfInsurance,Evidence of Insurance,6ac20aae-5728-5d57-b364-aeba38527dba,Additional Requirements,e1017741-e47e-5f58-97b8-fbc3043e919f,Umbrella follows form over General Liability,"---prompt---
Determine if the Umbrella/Excess Liability policy follows form to the underlying policies. Evidence may include: language in the Description of Operations section stating the umbrella follows form to underlying coverages or an additional page endorsement stating that it follows form. Follow form means the umbrella policy adopts the same terms, conditions, and exclusions as the underlying policies.",matchOnce,must be present,,,non_compliant,Block Requirements,,,true,0,,2026-08-16
"Block Real Estate Services, LLC",69fdf76e62446148bd8573cd,69fded2162446148bd8491c8,"Subway Real Estate, LLC",69fdf02903a2257cd27dddc3,"gd2426 - Guaranty Development - Two-Parvin Road {Guaranty Development Group Two, LLC}",evidenceOfInsurance,Evidence of Insurance,6ac20aae-5728-5d57-b364-aeba38527dba,Additional Requirements,2cdd866f-c9a4-576a-afd8-1d045762790c,"The location must be listed as: 1802 NE Parvin Road, Kansas City, MO, 64116",,matchOnce,must be present,,,non_compliant,Block Requirements,,,true,0,,2026-08-16
"Block Real Estate Services, LLC",69fdf76e62446148bd8573cd,69fded2162446148bd8491c8,"Subway Real Estate, LLC",69fdf02903a2257cd27dddc3,"gd2426 - Guaranty Development - Two-Parvin Road {Guaranty Development Group Two, LLC}",evidenceOfInsurance,Evidence of Insurance,6ac20aae-5728-5d57-b364-aeba38527dba,Additional Requirements,3649e9d1-4e09-59bf-8f30-cb33c40cf117,"Certificate Holder must read: c/o Block Real Estate Services, LLC, 4622 Pennsylvania St., Suite 700, Kansas City, MO, 64112",,matchOnce,must be present,,,non_compliant,Block Requirements,,,true,0,,2026-08-16
"Block Real Estate Services, LLC",69fdf78062446148bd8587f8,69fded1d62446148bd849039,Orscheln Farm & Home LLC,69fdf0b038cbea6b3a691f37,"nor453 - Northridge - Clarinda {Northridge-Clarinda, LLC}",evidenceOfInsurance,Evidence of Insurance,commercialGeneralLiability,Commercial General Liability,evidenceOfInsuranceCommercialGeneralLiabilityCoverageTriggerOccurrence,Coverage Trigger: Occurrence,,matchOnce,must be present,,Present,compliant,Block Requirements,,,false,1,,2026-08-16
"Block Real Estate Services, LLC",69fdf78062446148bd8587f8,69fded1d62446148bd849039,Orscheln Farm & Home LLC,69fdf0b038cbea6b3a691f37,"nor453 - Northridge - Clarinda {Northridge-Clarinda, LLC}",evidenceOfInsurance,Evidence of Insurance,commercialGeneralLiability,Commercial General Liability,evidenceOfInsuranceCommercialGeneralLiabilityGeneralAggregateLimitAppliesPerLocation,General Aggregate Limit Applies per: Location,,matchOnce,must be present,,Present,compliant,Block Requirements,,,false,1,,2026-08-16
"Block Real Estate Services, LLC",69fdf78062446148bd8587f8,69fded1d62446148bd849039,Orscheln Farm & Home LLC,69fdf0b038cbea6b3a691f37,"nor453 - Northridge - Clarinda {Northridge-Clarinda, LLC}",evidenceOfInsurance,Evidence of Insurance,commercialGeneralLiability,Commercial General Liability,evidenceOfInsuranceCommercialGeneralLiabilityEachOccurrence,Each Occurrence,,matchOnce,must be greater or equal to,1000000,1000000,compliant,Block Requirements,,,false,1,,2026-08-16
"Block Real Estate Services, LLC",69fdf78062446148bd8587f8,69fded1d62446148bd849039,Orscheln Farm & Home LLC,69fdf0b038cbea6b3a691f37,"nor453 - Northridge - Clarinda {Northridge-Clarinda, LLC}",evidenceOfInsurance,Evidence of Insurance,commercialGeneralLiability,Commercial General Liability,evidenceOfInsuranceCommercialGeneralLiabilityGeneralAggregate,General Aggregate,,matchOnce,must be greater or equal to,2000000,10000000,compliant,Block Requirements,,,false,1,,2026-08-16
"Block Real Estate Services, LLC",69fdf78062446148bd8587f8,69fded1d62446148bd849039,Orscheln Farm & Home LLC,69fdf0b038cbea6b3a691f37,"nor453 - Northridge - Clarinda {Northridge-Clarinda, LLC}",evidenceOfInsurance,Evidence of Insurance,commercialGeneralLiability,Commercial General Liability,evidenceOfInsuranceCommercialGeneralLiabilityWaiverOfSubrogationEndorsement,Waiver of Subrogation,"---prompt---
Determine if the insurer has waived their right of subrogation in favor of the certificate holder under the Commercial General Liability policy. Evidence may include: a checked ""Waiver of Subrogation"" box on the certificate, mention in the Description of Operations section stating ""waiver of subrogation applies"", or reference to form CG 24 04. Look for language like ""subrogation is waived"" or ""per written contract"".",matchOnce,must be present,,Present,compliant,Block Requirements,,,false,1,,2026-08-16
"Block Real Estate Services, LLC",69fdf78062446148bd8587f8,69fded1d62446148bd849039,Orscheln Farm & Home LLC,69fdf0b038cbea6b3a691f37,"nor453 - Northridge - Clarinda {Northridge-Clarinda, LLC}",evidenceOfInsurance,Evidence of Insurance,excessOrUmbrellaLiability,Umbrella/Excess Liability,evidenceOfInsuranceExcessOrUmbrellaLiabilityOccurence,Coverage Trigger: Occurrence,,matchOnce,must be present,,Present,compliant,Block Requirements,,,false,1,,2026-08-16
"Block Real Estate Services, LLC",69fdf78062446148bd8587f8,69fded1d62446148bd849039,Orscheln Farm & Home LLC,69fdf0b038cbea6b3a691f37,"nor453 - Northridge - Clarinda {Northridge-Clarinda, LLC}",evidenceOfInsurance,Evidence of Insurance,excessOrUmbrellaLiability,Umbrella/Excess Liability,evidenceOfInsuranceExcessOrUmbrellaLiabilityEachOccurrence,Each Occurrence,,matchOnce,must be greater or equal to,1000000,10000000,compliant,Block Requirements,,,false,1,,2026-08-16
"Block Real Estate Services, LLC",69fdf78062446148bd8587f8,69fded1d62446148bd849039,Orscheln Farm & Home LLC,69fdf0b038cbea6b3a691f37,"nor453 - Northridge - Clarinda {Northridge-Clarinda, LLC}",evidenceOfInsurance,Evidence of Insurance,excessOrUmbrellaLiability,Umbrella/Excess Liability,evidenceOfInsuranceExcessOrUmbrellaLiabilityAggregate,Aggregate,,matchOnce,must be greater or equal to,1000000,10000000,compliant,Block Requirements,,,false,1,,2026-08-16
"Block Real Estate Services, LLC",69fdf78062446148bd8587f8,69fded1d62446148bd849039,Orscheln Farm & Home LLC,69fdf0b038cbea6b3a691f37,"nor453 - Northridge - Clarinda {Northridge-Clarinda, LLC}",evidenceOfInsurance,Evidence of Insurance,workersCompensation,Workers' Compensation and Employer's Liability,evidenceOfInsuranceWorkersCompensationStatutoryLimits,Statutory Limits,,matchOnce,must be present,,Present,compliant,Block Requirements,,,false,1,,2026-08-16
"Block Real Estate Services, LLC",69fdf78062446148bd8587f8,69fded1d62446148bd849039,Orscheln Farm & Home LLC,69fdf0b038cbea6b3a691f37,"nor453 - Northridge - Clarinda {Northridge-Clarinda, LLC}",evidenceOfInsurance,Evidence of Insurance,workersCompensation,Workers' Compensation and Employer's Liability,evidenceOfInsuranceWorkersCompensationEmployersLiabilityEachAccident,Employer's Liability Each Accident,,matchOnce,must be greater or equal to,500000,1000000,compliant,Block Requirements,,,false,1,,2026-08-16
"Block Real Estate Services, LLC",69fdf78062446148bd8587f8,69fded1d62446148bd849039,Orscheln Farm & Home LLC,69fdf0b038cbea6b3a691f37,"nor453 - Northridge - Clarinda {Northridge-Clarinda, LLC}",evidenceOfInsurance,Evidence of Insurance,workersCompensation,Workers' Compensation and Employer's Liability,evidenceOfInsuranceWorkersCompensationEmployersLiabilityDiseaseEachEmployee,Employer's Liability Disease - each employee,,matchOnce,must be greater or equal to,500000,1000000,compliant,Block Requirements,,,false,1,,2026-08-16
"Block Real Estate Services, LLC",69fdf78062446148bd8587f8,69fded1d62446148bd849039,Orscheln Farm & Home LLC,69fdf0b038cbea6b3a691f37,"nor453 - Northridge - Clarinda {Northridge-Clarinda, LLC}",evidenceOfInsurance,Evidence of Insurance,workersCompensation,Workers' Compensation and Employer's Liability,evidenceOfInsuranceWorkersCompensationEmployersLiabilityDiseasePolicyLimit,Employer's Liability Disease - policy limit,,matchOnce,must be greater or equal to,500000,1000000,compliant,Block Requirements,,,false,1,,2026-08-16
"Block Real Estate Services, LLC",69fdf78062446148bd8587f8,69fded1d62446148bd849039,Orscheln Farm & Home LLC,69fdf0b038cbea6b3a691f37,"nor453 - Northridge - Clarinda {Northridge-Clarinda, LLC}",evidenceOfInsurance,Evidence of Insurance,workersCompensation,Workers' Compensation and Employer's Liability,evidenceOfInsuranceWorkersCompensationWaiverOfSubrogationEndorsement,Waiver of Subrogation,"---prompt---
Determine if the insurer has waived their right of subrogation in favor of the certificate holder under the Workers' Compensation policy. Evidence may include: a checked ""Waiver of Subrogation"" box on the certificate, mention in the Description of Operations section stating ""waiver of subrogation applies"", or reference to form WC 00 03 13. Look for language like ""subrogation is waived"" or ""per written contract"".",matchOnce,must be present,,Present,compliant,Block Requirements,,,false,1,,2026-08-16
"Block Real Estate Services, LLC",69fdf78062446148bd8587f8,69fded1d62446148bd849039,Orscheln Farm & Home LLC,69fdf0b038cbea6b3a691f37,"nor453 - Northridge - Clarinda {Northridge-Clarinda, LLC}",evidenceOfInsurance,Evidence of Insurance,6ac20aae-5728-5d57-b364-aeba38527dba,Additional Requirements,4da5b0f1-4c9d-5885-8cf8-5d3cccaed3e0,"Block Real Estate Services, LLC and all others required by contract are named as Additional Insureds","---prompt---
Determine if the Description of Operations or the Additional Remarks Schedule section states the ""Additional Insured as Construction Management, Inc. and all others required by contract"" or reference to blanket additional insured coverage. Look for language like ""certificate holder is additional insured"" or ""per written contract"".",matchOnce,must be present,,Present,compliant,Block Requirements,,,true,1,,2026-08-16
"Block Real Estate Services, LLC",69fdf78062446148bd8587f8,69fded1d62446148bd849039,Orscheln Farm & Home LLC,69fdf0b038cbea6b3a691f37,"nor453 - Northridge - Clarinda {Northridge-Clarinda, LLC}",evidenceOfInsurance,Evidence of Insurance,6ac20aae-5728-5d57-b364-aeba38527dba,Additional Requirements,e1017741-e47e-5f58-97b8-fbc3043e919f,Umbrella follows form over General Liability,"---prompt---
Determine if the Umbrella/Excess Liability policy follows form to the underlying policies. Evidence may include: language in the Description of Operations section stating the umbrella follows form to underlying coverages or an additional page endorsement stating that it follows form. Follow form means the umbrella policy adopts the same terms, conditions, and exclusions as the underlying policies.",matchOnce,must be present,,Present,compliant,Block Requirements,,,true,1,,2026-08-16
"Block Real Estate Services, LLC",69fdf78062446148bd8587f8,69fded1d62446148bd849039,Orscheln Farm & Home LLC,69fdf0b038cbea6b3a691f37,"nor453 - Northridge - Clarinda {Northridge-Clarinda, LLC}",evidenceOfInsurance,Evidence of Insurance,6ac20aae-5728-5d57-b364-aeba38527dba,Additional Requirements,2cdd866f-c9a4-576a-afd8-1d045762790c,The location must be listed as: 100 S. Essie Davison Drive Clarinda IA 51632,,matchOnce,must be present,,Present,compliant,Block Requirements,,,true,1,,2026-08-16
"Block Real Estate Services, LLC",69fdf78062446148bd8587f8,69fded1d62446148bd849039,Orscheln Farm & Home LLC,69fdf0b038cbea6b3a691f37,"nor453 - Northridge - Clarinda {Northridge-Clarinda, LLC}",evidenceOfInsurance,Evidence of Insurance,6ac20aae-5728-5d57-b364-aeba38527dba,Additional Requirements,3649e9d1-4e09-59bf-8f30-cb33c40cf117,"Certificate Holder must read: c/o Block Real Estate Services, LLC, 4622 Pennsylvania St., Suite 700, Kansas City, MO, 64112",,matchOnce,must be present,,Present,compliant,Block Requirements,,,true,1,,2026-08-16
"Block Real Estate Services, LLC",69fdf7a362446148bd85b04e,69fded1d62446148bd84903c,Orscheln Farm and Home LLC,69fdf18e38cbea6b3a6967e6,"tic645 - Orscheln Farm & Home {Wellington OFH, LLC}",evidenceOfInsurance,Evidence of Insurance,commercialGeneralLiability,Commercial General Liability,evidenceOfInsuranceCommercialGeneralLiabilityCoverageTriggerOccurrence,Coverage Trigger: Occurrence,,matchOnce,must be present,,,non_compliant,Block Requirements,,,false,0,,2026-08-16
"Block Real Estate Services, LLC",69fdf7a362446148bd85b04e,69fded1d62446148bd84903c,Orscheln Farm and Home LLC,69fdf18e38cbea6b3a6967e6,"tic645 - Orscheln Farm & Home {Wellington OFH, LLC}",evidenceOfInsurance,Evidence of Insurance,commercialGeneralLiability,Commercial General Liability,evidenceOfInsuranceCommercialGeneralLiabilityGeneralAggregateLimitAppliesPerLocation,General Aggregate Limit Applies per: Location,,matchOnce,must be present,,,non_compliant,Block Requirements,,,false,0,,2026-08-16
"Block Real Estate Services, LLC",69fdf7a362446148bd85b04e,69fded1d62446148bd84903c,Orscheln Farm and Home LLC,69fdf18e38cbea6b3a6967e6,"tic645 - Orscheln Farm & Home {Wellington OFH, LLC}",evidenceOfInsurance,Evidence of Insurance,commercialGeneralLiability,Commercial General Liability,evidenceOfInsuranceCommercialGeneralLiabilityEachOccurrence,Each Occurrence,,matchOnce,must be greater or equal to,1000000,,non_compliant,Block Requirements,,,false,0,,2026-08-16
"Block Real Estate Services, LLC",69fdf7a362446148bd85b04e,69fded1d62446148bd84903c,Orscheln Farm and Home LLC,69fdf18e38cbea6b3a6967e6,"tic645 - Orscheln Farm & Home {Wellington OFH, LLC}",evidenceOfInsurance,Evidence of Insurance,commercialGeneralLiability,Commercial General Liability,evidenceOfInsuranceCommercialGeneralLiabilityGeneralAggregate,General Aggregate,,matchOnce,must be greater or equal to,2000000,,non_compliant,Block Requirements,,,false,0,,2026-08-16
"Block Real Estate Services, LLC",69fdf7a362446148bd85b04e,69fded1d62446148bd84903c,Orscheln Farm and Home LLC,69fdf18e38cbea6b3a6967e6,"tic645 - Orscheln Farm & Home {Wellington OFH, LLC}",evidenceOfInsurance,Evidence of Insurance,commercialGeneralLiability,Commercial General Liability,evidenceOfInsuranceCommercialGeneralLiabilityWaiverOfSubrogationEndorsement,Waiver of Subrogation,"---prompt---
Determine if the insurer has waived their right of subrogation in favor of the certificate holder under the Commercial General Liability policy. Evidence may include: a checked ""Waiver of Subrogation"" box on the certificate, mention in the Description of Operations section stating ""waiver of subrogation applies"", or reference to form CG 24 04. Look for language like ""subrogation is waived"" or ""per written contract"".",matchOnce,must be present,,,non_compliant,Block Requirements,,,false,0,,2026-08-16
"Block Real Estate Services, LLC",69fdf7a362446148bd85b04e,69fded1d62446148bd84903c,Orscheln Farm and Home LLC,69fdf18e38cbea6b3a6967e6,"tic645 - Orscheln Farm & Home {Wellington OFH, LLC}",evidenceOfInsurance,Evidence of Insurance,excessOrUmbrellaLiability,Umbrella/Excess Liability,evidenceOfInsuranceExcessOrUmbrellaLiabilityOccurence,Coverage Trigger: Occurrence,,matchOnce,must be present,,,non_compliant,Block Requirements,,,false,0,,2026-08-16
"Block Real Estate Services, LLC",69fdf7a362446148bd85b04e,69fded1d62446148bd84903c,Orscheln Farm and Home LLC,69fdf18e38cbea6b3a6967e6,"tic645 - Orscheln Farm & Home {Wellington OFH, LLC}",evidenceOfInsurance,Evidence of Insurance,excessOrUmbrellaLiability,Umbrella/Excess Liability,evidenceOfInsuranceExcessOrUmbrellaLiabilityEachOccurrence,Each Occurrence,,matchOnce,must be greater or equal to,1000000,,non_compliant,Block Requirements,,,false,0,,2026-08-16
"Block Real Estate Services, LLC",69fdf7a362446148bd85b04e,69fded1d62446148bd84903c,Orscheln Farm and Home LLC,69fdf18e38cbea6b3a6967e6,"tic645 - Orscheln Farm & Home {Wellington OFH, LLC}",evidenceOfInsurance,Evidence of Insurance,excessOrUmbrellaLiability,Umbrella/Excess Liability,evidenceOfInsuranceExcessOrUmbrellaLiabilityAggregate,Aggregate,,matchOnce,must be greater or equal to,1000000,,non_compliant,Block Requirements,,,false,0,,2026-08-16
"Block Real Estate Services, LLC",69fdf7a362446148bd85b04e,69fded1d62446148bd84903c,Orscheln Farm and Home LLC,69fdf18e38cbea6b3a6967e6,"tic645 - Orscheln Farm & Home {Wellington OFH, LLC}",evidenceOfInsurance,Evidence of Insurance,workersCompensation,Workers' Compensation and Employer's Liability,evidenceOfInsuranceWorkersCompensationStatutoryLimits,Statutory Limits,,matchOnce,must be present,,,non_compliant,Block Requirements,,,false,0,,2026-08-16
"Block Real Estate Services, LLC",69fdf7a362446148bd85b04e,69fded1d62446148bd84903c,Orscheln Farm and Home LLC,69fdf18e38cbea6b3a6967e6,"tic645 - Orscheln Farm & Home {Wellington OFH, LLC}",evidenceOfInsurance,Evidence of Insurance,workersCompensation,Workers' Compensation and Employer's Liability,evidenceOfInsuranceWorkersCompensationEmployersLiabilityEachAccident,Employer's Liability Each Accident,,matchOnce,must be greater or equal to,500000,,non_compliant,Block Requirements,,,false,0,,2026-08-16
"Block Real Estate Services, LLC",69fdf7a362446148bd85b04e,69fded1d62446148bd84903c,Orscheln Farm and Home LLC,69fdf18e38cbea6b3a6967e6,"tic645 - Orscheln Farm & Home {Wellington OFH, LLC}",evidenceOfInsurance,Evidence of Insurance,workersCompensation,Workers' Compensation and Employer's Liability,evidenceOfInsuranceWorkersCompensationEmployersLiabilityDiseaseEachEmployee,Employer's Liability Disease - each employee,,matchOnce,must be greater or equal to,500000,,non_compliant,Block Requirements,,,false,0,,2026-08-16
"Block Real Estate Services, LLC",69fdf7a362446148bd85b04e,69fded1d62446148bd84903c,Orscheln Farm and Home LLC,69fdf18e38cbea6b3a6967e6,"tic645 - Orscheln Farm & Home {Wellington OFH, LLC}",evidenceOfInsurance,Evidence of Insurance,workersCompensation,Workers' Compensation and Employer's Liability,evidenceOfInsuranceWorkersCompensationEmployersLiabilityDiseasePolicyLimit,Employer's Liability Disease - policy limit,,matchOnce,must be greater or equal to,500000,,non_compliant,Block Requirements,,,false,0,,2026-08-16
"Block Real Estate Services, LLC",69fdf7a362446148bd85b04e,69fded1d62446148bd84903c,Orscheln Farm and Home LLC,69fdf18e38cbea6b3a6967e6,"tic645 - Orscheln Farm & Home {Wellington OFH, LLC}",evidenceOfInsurance,Evidence of Insurance,workersCompensation,Workers' Compensation and Employer's Liability,evidenceOfInsuranceWorkersCompensationWaiverOfSubrogationEndorsement,Waiver of Subrogation,"---prompt---
Determine if the insurer has waived their right of subrogation in favor of the certificate holder under the Workers' Compensation policy. Evidence may include: a checked ""Waiver of Subrogation"" box on the certificate, mention in the Description of Operations section stating ""waiver of subrogation applies"", or reference to form WC 00 03 13. Look for language like ""subrogation is waived"" or ""per written contract"".",matchOnce,must be present,,,non_compliant,Block Requirements,,,false,0,,2026-08-16
"Block Real Estate Services, LLC",69fdf7a362446148bd85b04e,69fded1d62446148bd84903c,Orscheln Farm and Home LLC,69fdf18e38cbea6b3a6967e6,"tic645 - Orscheln Farm & Home {Wellington OFH, LLC}",evidenceOfInsurance,Evidence of Insurance,6ac20aae-5728-5d57-b364-aeba38527dba,Additional Requirements,4da5b0f1-4c9d-5885-8cf8-5d3cccaed3e0,"Block Real Estate Services, LLC and all others required by contract are named as Additional Insureds","---prompt---
Determine if the Description of Operations or the Additional Remarks Schedule section states the ""Additional Insured as Construction Management, Inc. and all others required by contract"" or reference to blanket additional insured coverage. Look for language like ""certificate holder is additional insured"" or ""per written contract"".",matchOnce,must be present,,,non_compliant,Block Requirements,,,true,0,,2026-08-16
"Block Real Estate Services, LLC",69fdf7a362446148bd85b04e,69fded1d62446148bd84903c,Orscheln Farm and Home LLC,69fdf18e38cbea6b3a6967e6,"tic645 - Orscheln Farm & Home {Wellington OFH, LLC}",evidenceOfInsurance,Evidence of Insurance,6ac20aae-5728-5d57-b364-aeba38527dba,Additional Requirements,e1017741-e47e-5f58-97b8-fbc3043e919f,Umbrella follows form over General Liability,"---prompt---
Determine if the Umbrella/Excess Liability policy follows form to the underlying policies. Evidence may include: language in the Description of Operations section stating the umbrella follows form to underlying coverages or an additional page endorsement stating that it follows form. Follow form means the umbrella policy adopts the same terms, conditions, and exclusions as the underlying policies.",matchOnce,must be present,,,non_compliant,Block Requirements,,,true,0,,2026-08-16
"Block Real Estate Services, LLC",69fdf7a362446148bd85b04e,69fded1d62446148bd84903c,Orscheln Farm and Home LLC,69fdf18e38cbea6b3a6967e6,"tic645 - Orscheln Farm & Home {Wellington OFH, LLC}",evidenceOfInsurance,Evidence of Insurance,6ac20aae-5728-5d57-b364-aeba38527dba,Additional Requirements,2cdd866f-c9a4-576a-afd8-1d045762790c,The location must be listed as:,,matchOnce,must be present,,,non_compliant,Block Requirements,,,true,0,,2026-08-16
"Block Real Estate Services, LLC",69fdf7a362446148bd85b04e,69fded1d62446148bd84903c,Orscheln Farm and Home LLC,69fdf18e38cbea6b3a6967e6,"tic645 - Orscheln Farm & Home {Wellington OFH, LLC}",evidenceOfInsurance,Evidence of Insurance,6ac20aae-5728-5d57-b364-aeba38527dba,Additional Requirements,3649e9d1-4e09-59bf-8f30-cb33c40cf117,"Certificate Holder must read: c/o Block Real Estate Services, LLC, 4622 Pennsylvania St., Suite 700, Kansas City, MO, 64112",,matchOnce,must be present,,,non_compliant,Block Requirements,,,true,0,,2026-08-16
"Block Real Estate Services, LLC",69fdf7a362446148bd85b06f,69fded1d62446148bd849048,"P1 Group / P1 Service, LLC",69fdf1aa3b208288e0a84cde,"tic683 - College Crossing H {College Crossing EFGH, LLC}",evidenceOfInsurance,Evidence of Insurance,commercialGeneralLiability,Commercial General Liability,evidenceOfInsuranceCommercialGeneralLiabilityCoverageTriggerOccurrence,Coverage Trigger: Occurrence,,matchOnce,must be present,,Present,compliant,Block Requirements,,,false,1,,2026-08-16
"Block Real Estate Services, LLC",69fdf7a362446148bd85b06f,69fded1d62446148bd849048,"P1 Group / P1 Service, LLC",69fdf1aa3b208288e0a84cde,"tic683 - College Crossing H {College Crossing EFGH, LLC}",evidenceOfInsurance,Evidence of Insurance,commercialGeneralLiability,Commercial General Liability,evidenceOfInsuranceCommercialGeneralLiabilityGeneralAggregateLimitAppliesPerLocation,General Aggregate Limit Applies per: Location,,matchOnce,must be present,,,non_compliant,Block Requirements,,,false,0,,2026-08-16
"Block Real Estate Services, LLC",69fdf7a362446148bd85b06f,69fded1d62446148bd849048,"P1 Group / P1 Service, LLC",69fdf1aa3b208288e0a84cde,"tic683 - College Crossing H {College Crossing EFGH, LLC}",evidenceOfInsurance,Evidence of Insurance,commercialGeneralLiability,Commercial General Liability,evidenceOfInsuranceCommercialGeneralLiabilityEachOccurrence,Each Occurrence,,matchOnce,must be greater or equal to,1000000,1000000,compliant,Block Requirements,,,false,1,,2026-08-16
"Block Real Estate Services, LLC",69fdf7a362446148bd85b06f,69fded1d62446148bd849048,"P1 Group / P1 Service, LLC",69fdf1aa3b208288e0a84cde,"tic683 - College Crossing H {College Crossing EFGH, LLC}",evidenceOfInsurance,Evidence of Insurance,commercialGeneralLiability,Commercial General Liability,evidenceOfInsuranceCommercialGeneralLiabilityGeneralAggregate,General Aggregate,,matchOnce,must be greater or equal to,2000000,2000000,compliant,Block Requirements,,,false,1,,2026-08-16
"Block Real Estate Services, LLC",69fdf7a362446148bd85b06f,69fded1d62446148bd849048,"P1 Group / P1 Service, LLC",69fdf1aa3b208288e0a84cde,"tic683 - College Crossing H {College Crossing EFGH, LLC}",evidenceOfInsurance,Evidence of Insurance,commercialGeneralLiability,Commercial General Liability,evidenceOfInsuranceCommercialGeneralLiabilityWaiverOfSubrogationEndorsement,Waiver of Subrogation,"---prompt---
Determine if the insurer has waived their right of subrogation in favor of the certificate holder under the Commercial General Liability policy. Evidence may include: a checked ""Waiver of Subrogation"" box on the certificate, mention in the Description of Operations section stating ""waiver of subrogation applies"", or reference to form CG 24 04. Look for language like ""subrogation is waived"" or ""per written contract"".",matchOnce,must be present,,Present,compliant,Block Requirements,,,false,1,,2026-08-16
"Block Real Estate Services, LLC",69fdf7a362446148bd85b06f,69fded1d62446148bd849048,"P1 Group / P1 Service, LLC",69fdf1aa3b208288e0a84cde,"tic683 - College Crossing H {College Crossing EFGH, LLC}",evidenceOfInsurance,Evidence of Insurance,excessOrUmbrellaLiability,Umbrella/Excess Liability,evidenceOfInsuranceExcessOrUmbrellaLiabilityOccurence,Coverage Trigger: Occurrence,,matchOnce,must be present,,Present,compliant,Block Requirements,,,false,1,,2026-08-16
"Block Real Estate Services, LLC",69fdf7a362446148bd85b06f,69fded1d62446148bd849048,"P1 Group / P1 Service, LLC",69fdf1aa3b208288e0a84cde,"tic683 - College Crossing H {College Crossing EFGH, LLC}",evidenceOfInsurance,Evidence of Insurance,excessOrUmbrellaLiability,Umbrella/Excess Liability,evidenceOfInsuranceExcessOrUmbrellaLiabilityEachOccurrence,Each Occurrence,,matchOnce,must be greater or equal to,1000000,5000000,compliant,Block Requirements,,,false,1,,2026-08-16
"Block Real Estate Services, LLC",69fdf7a362446148bd85b06f,69fded1d62446148bd849048,"P1 Group / P1 Service, LLC",69fdf1aa3b208288e0a84cde,"tic683 - College Crossing H {College Crossing EFGH, LLC}",evidenceOfInsurance,Evidence of Insurance,excessOrUmbrellaLiability,Umbrella/Excess Liability,evidenceOfInsuranceExcessOrUmbrellaLiabilityAggregate,Aggregate,,matchOnce,must be greater or equal to,1000000,5000000,compliant,Block Requirements,,,false,1,,2026-08-16
"Block Real Estate Services, LLC",69fdf7a362446148bd85b06f,69fded1d62446148bd849048,"P1 Group / P1 Service, LLC",69fdf1aa3b208288e0a84cde,"tic683 - College Crossing H {College Crossing EFGH, LLC}",evidenceOfInsurance,Evidence of Insurance,workersCompensation,Workers' Compensation and Employer's Liability,evidenceOfInsuranceWorkersCompensationStatutoryLimits,Statutory Limits,,matchOnce,must be present,,Present,compliant,Block Requirements,,,false,1,,2026-08-16
"Block Real Estate Services, LLC",69fdf7a362446148bd85b06f,69fded1d62446148bd849048,"P1 Group / P1 Service, LLC",69fdf1aa3b208288e0a84cde,"tic683 - College Crossing H {College Crossing EFGH, LLC}",evidenceOfInsurance,Evidence of Insurance,workersCompensation,Workers' Compensation and Employer's Liability,evidenceOfInsuranceWorkersCompensationEmployersLiabilityEachAccident,Employer's Liability Each Accident,,matchOnce,must be greater or equal to,500000,1000000,compliant,Block Requirements,,,false,1,,2026-08-16
"Block Real Estate Services, LLC",69fdf7a362446148bd85b06f,69fded1d62446148bd849048,"P1 Group / P1 Service, LLC",69fdf1aa3b208288e0a84cde,"tic683 - College Crossing H {College Crossing EFGH, LLC}",evidenceOfInsurance,Evidence of Insurance,workersCompensation,Workers' Compensation and Employer's Liability,evidenceOfInsuranceWorkersCompensationEmployersLiabilityDiseaseEachEmployee,Employer's Liability Disease - each employee,,matchOnce,must be greater or equal to,500000,1000000,compliant,Block Requirements,,,false,1,,2026-08-16
"Block Real Estate Services, LLC",69fdf7a362446148bd85b06f,69fded1d62446148bd849048,"P1 Group / P1 Service, LLC",69fdf1aa3b208288e0a84cde,"tic683 - College Crossing H {College Crossing EFGH, LLC}",evidenceOfInsurance,Evidence of Insurance,workersCompensation,Workers' Compensation and Employer's Liability,evidenceOfInsuranceWorkersCompensationEmployersLiabilityDiseasePolicyLimit,Employer's Liability Disease - policy limit,,matchOnce,must be greater or equal to,500000,1000000,compliant,Block Requirements,,,false,1,,2026-08-16
"Block Real Estate Services, LLC",69fdf7a362446148bd85b06f,69fded1d62446148bd849048,"P1 Group / P1 Service, LLC",69fdf1aa3b208288e0a84cde,"tic683 - College Crossing H {College Crossing EFGH, LLC}",evidenceOfInsurance,Evidence of Insurance,workersCompensation,Workers' Compensation and Employer's Liability,evidenceOfInsuranceWorkersCompensationWaiverOfSubrogationEndorsement,Waiver of Subrogation,"---prompt---
Determine if the insurer has waived their right of subrogation in favor of the certificate holder under the Workers' Compensation policy. Evidence may include: a checked ""Waiver of Subrogation"" box on the certificate, mention in the Description of Operations section stating ""waiver of subrogation applies"", or reference to form WC 00 03 13. Look for language like ""subrogation is waived"" or ""per written contract"".",matchOnce,must be present,,Present,compliant,Block Requirements,,,false,1,,2026-08-16
"Block Real Estate Services, LLC",69fdf7a362446148bd85b06f,69fded1d62446148bd849048,"P1 Group / P1 Service, LLC",69fdf1aa3b208288e0a84cde,"tic683 - College Crossing H {College Crossing EFGH, LLC}",evidenceOfInsurance,Evidence of Insurance,6ac20aae-5728-5d57-b364-aeba38527dba,Additional Requirements,4da5b0f1-4c9d-5885-8cf8-5d3cccaed3e0,"Block Real Estate Services, LLC and all others required by contract are named as Additional Insureds","---prompt---
Determine if the Description of Operations or the Additional Remarks Schedule section states the ""Additional Insured as Construction Management, Inc. and all others required by contract"" or reference to blanket additional insured coverage. Look for language like ""certificate holder is additional insured"" or ""per written contract"".",matchOnce,must be present,,,non_compliant,Block Requirements,,,true,0,,2026-08-16
"Block Real Estate Services, LLC",69fdf7a362446148bd85b06f,69fded1d62446148bd849048,"P1 Group / P1 Service, LLC",69fdf1aa3b208288e0a84cde,"tic683 - College Crossing H {College Crossing EFGH, LLC}",evidenceOfInsurance,Evidence of Insurance,6ac20aae-5728-5d57-b364-aeba38527dba,Additional Requirements,e1017741-e47e-5f58-97b8-fbc3043e919f,Umbrella follows form over General Liability,"---prompt---
Determine if the Umbrella/Excess Liability policy follows form to the underlying policies. Evidence may include: language in the Description of Operations section stating the umbrella follows form to underlying coverages or an additional page endorsement stating that it follows form. Follow form means the umbrella policy adopts the same terms, conditions, and exclusions as the underlying policies.",matchOnce,must be present,,,non_compliant,Block Requirements,,,true,0,,2026-08-16
"Block Real Estate Services, LLC",69fdf7a362446148bd85b06f,69fded1d62446148bd849048,"P1 Group / P1 Service, LLC",69fdf1aa3b208288e0a84cde,"tic683 - College Crossing H {College Crossing EFGH, LLC}",evidenceOfInsurance,Evidence of Insurance,6ac20aae-5728-5d57-b364-aeba38527dba,Additional Requirements,2cdd866f-c9a4-576a-afd8-1d045762790c,The location must be listed as: 11086 Strang Line Road Lenexa KS 66215,,matchOnce,must be present,,,non_compliant,Block Requirements,,,true,0,,2026-08-16
"Block Real Estate Services, LLC",69fdf7a362446148bd85b06f,69fded1d62446148bd849048,"P1 Group / P1 Service, LLC",69fdf1aa3b208288e0a84cde,"tic683 - College Crossing H {College Crossing EFGH, LLC}",evidenceOfInsurance,Evidence of Insurance,6ac20aae-5728-5d57-b364-aeba38527dba,Additional Requirements,3649e9d1-4e09-59bf-8f30-cb33c40cf117,"Certificate Holder must read: c/o Block Real Estate Services, LLC, 4622 Pennsylvania St., Suite 700, Kansas City, MO, 64112",,matchOnce,must be present,,,non_compliant,Block Requirements,,,true,0,,2026-08-16
"Block Real Estate Services, LLC",69fdf78062446148bd8587bf,69fded1f62446148bd84910e,Rottler Pest & Lawn Solutions / Rottler Pest Control Company,69fdf0870e86e2f8723dbdc2,"kci891 - Riverside Industrial Center 1 {Riverside Industrial Center Investment, LLC}",evidenceOfInsurance,Evidence of Insurance,commercialGeneralLiability,Commercial General Liability,evidenceOfInsuranceCommercialGeneralLiabilityCoverageTriggerOccurrence,Coverage Trigger: Occurrence,,matchOnce,must be present,,,non_compliant,Block Requirements,,,false,0,,2026-08-16
"Block Real Estate Services, LLC",69fdf78062446148bd8587bf,69fded1f62446148bd84910e,Rottler Pest & Lawn Solutions / Rottler Pest Control Company,69fdf0870e86e2f8723dbdc2,"kci891 - Riverside Industrial Center 1 {Riverside Industrial Center Investment, LLC}",evidenceOfInsurance,Evidence of Insurance,commercialGeneralLiability,Commercial General Liability,evidenceOfInsuranceCommercialGeneralLiabilityGeneralAggregateLimitAppliesPerLocation,General Aggregate Limit Applies per: Location,,matchOnce,must be present,,,non_compliant,Block Requirements,,,false,0,,2026-08-16
"Block Real Estate Services, LLC",69fdf78062446148bd8587bf,69fded1f62446148bd84910e,Rottler Pest & Lawn Solutions / Rottler Pest Control Company,69fdf0870e86e2f8723dbdc2,"kci891 - Riverside Industrial Center 1 {Riverside Industrial Center Investment, LLC}",evidenceOfInsurance,Evidence of Insurance,commercialGeneralLiability,Commercial General Liability,evidenceOfInsuranceCommercialGeneralLiabilityEachOccurrence,Each Occurrence,,matchOnce,must be greater or equal to,1000000,,non_compliant,Block Requirements,,,false,0,,2026-08-16
"Block Real Estate Services, LLC",69fdf78062446148bd8587bf,69fded1f62446148bd84910e,Rottler Pest & Lawn Solutions / Rottler Pest Control Company,69fdf0870e86e2f8723dbdc2,"kci891 - Riverside Industrial Center 1 {Riverside Industrial Center Investment, LLC}",evidenceOfInsurance,Evidence of Insurance,commercialGeneralLiability,Commercial General Liability,evidenceOfInsuranceCommercialGeneralLiabilityGeneralAggregate,General Aggregate,,matchOnce,must be greater or equal to,2000000,,non_compliant,Block Requirements,,,false,0,,2026-08-16
"Block Real Estate Services, LLC",69fdf78062446148bd8587bf,69fded1f62446148bd84910e,Rottler Pest & Lawn Solutions / Rottler Pest Control Company,69fdf0870e86e2f8723dbdc2,"kci891 - Riverside Industrial Center 1 {Riverside Industrial Center Investment, LLC}",evidenceOfInsurance,Evidence of Insurance,commercialGeneralLiability,Commercial General Liability,evidenceOfInsuranceCommercialGeneralLiabilityWaiverOfSubrogationEndorsement,Waiver of Subrogation,"---prompt---
Determine if the insurer has waived their right of subrogation in favor of the certificate holder under the Commercial General Liability policy. Evidence may include: a checked ""Waiver of Subrogation"" box on the certificate, mention in the Description of Operations section stating ""waiver of subrogation applies"", or reference to form CG 24 04. Look for language like ""subrogation is waived"" or ""per written contract"".",matchOnce,must be present,,,non_compliant,Block Requirements,,,false,0,,2026-08-16
"Block Real Estate Services, LLC",69fdf78062446148bd8587bf,69fded1f62446148bd84910e,Rottler Pest & Lawn Solutions / Rottler Pest Control Company,69fdf0870e86e2f8723dbdc2,"kci891 - Riverside Industrial Center 1 {Riverside Industrial Center Investment, LLC}",evidenceOfInsurance,Evidence of Insurance,excessOrUmbrellaLiability,Umbrella/Excess Liability,evidenceOfInsuranceExcessOrUmbrellaLiabilityOccurence,Coverage Trigger: Occurrence,,matchOnce,must be present,,,non_compliant,Block Requirements,,,false,0,,2026-08-16
"Block Real Estate Services, LLC",69fdf78062446148bd8587bf,69fded1f62446148bd84910e,Rottler Pest & Lawn Solutions / Rottler Pest Control Company,69fdf0870e86e2f8723dbdc2,"kci891 - Riverside Industrial Center 1 {Riverside Industrial Center Investment, LLC}",evidenceOfInsurance,Evidence of Insurance,excessOrUmbrellaLiability,Umbrella/Excess Liability,evidenceOfInsuranceExcessOrUmbrellaLiabilityEachOccurrence,Each Occurrence,,matchOnce,must be greater or equal to,1000000,,non_compliant,Block Requirements,,,false,0,,2026-08-16
"Block Real Estate Services, LLC",69fdf78062446148bd8587bf,69fded1f62446148bd84910e,Rottler Pest & Lawn Solutions / Rottler Pest Control Company,69fdf0870e86e2f8723dbdc2,"kci891 - Riverside Industrial Center 1 {Riverside Industrial Center Investment, LLC}",evidenceOfInsurance,Evidence of Insurance,excessOrUmbrellaLiability,Umbrella/Excess Liability,evidenceOfInsuranceExcessOrUmbrellaLiabilityAggregate,Aggregate,,matchOnce,must be greater or equal to,1000000,,non_compliant,Block Requirements,,,false,0,,2026-08-16
"Block Real Estate Services, LLC",69fdf78062446148bd8587bf,69fded1f62446148bd84910e,Rottler Pest & Lawn Solutions / Rottler Pest Control Company,69fdf0870e86e2f8723dbdc2,"kci891 - Riverside Industrial Center 1 {Riverside Industrial Center Investment, LLC}",evidenceOfInsurance,Evidence of Insurance,workersCompensation,Workers' Compensation and Employer's Liability,evidenceOfInsuranceWorkersCompensationStatutoryLimits,Statutory Limits,,matchOnce,must be present,,,non_compliant,Block Requirements,,,false,0,,2026-08-16
"Block Real Estate Services, LLC",69fdf78062446148bd8587bf,69fded1f62446148bd84910e,Rottler Pest & Lawn Solutions / Rottler Pest Control Company,69fdf0870e86e2f8723dbdc2,"kci891 - Riverside Industrial Center 1 {Riverside Industrial Center Investment, LLC}",evidenceOfInsurance,Evidence of Insurance,workersCompensation,Workers' Compensation and Employer's Liability,evidenceOfInsuranceWorkersCompensationEmployersLiabilityEachAccident,Employer's Liability Each Accident,,matchOnce,must be greater or equal to,500000,,non_compliant,Block Requirements,,,false,0,,2026-08-16
"Block Real Estate Services, LLC",69fdf78062446148bd8587bf,69fded1f62446148bd84910e,Rottler Pest & Lawn Solutions / Rottler Pest Control Company,69fdf0870e86e2f8723dbdc2,"kci891 - Riverside Industrial Center 1 {Riverside Industrial Center Investment, LLC}",evidenceOfInsurance,Evidence of Insurance,workersCompensation,Workers' Compensation and Employer's Liability,evidenceOfInsuranceWorkersCompensationEmployersLiabilityDiseaseEachEmployee,Employer's Liability Disease - each employee,,matchOnce,must be greater or equal to,500000,,non_compliant,Block Requirements,,,false,0,,2026-08-16
"Block Real Estate Services, LLC",69fdf78062446148bd8587bf,69fded1f62446148bd84910e,Rottler Pest & Lawn Solutions / Rottler Pest Control Company,69fdf0870e86e2f8723dbdc2,"kci891 - Riverside Industrial Center 1 {Riverside Industrial Center Investment, LLC}",evidenceOfInsurance,Evidence of Insurance,workersCompensation,Workers' Compensation and Employer's Liability,evidenceOfInsuranceWorkersCompensationEmployersLiabilityDiseasePolicyLimit,Employer's Liability Disease - policy limit,,matchOnce,must be greater or equal to,500000,,non_compliant,Block Requirements,,,false,0,,2026-08-16
"Block Real Estate Services, LLC",69fdf78062446148bd8587bf,69fded1f62446148bd84910e,Rottler Pest & Lawn Solutions / Rottler Pest Control Company,69fdf0870e86e2f8723dbdc2,"kci891 - Riverside Industrial Center 1 {Riverside Industrial Center Investment, LLC}",evidenceOfInsurance,Evidence of Insurance,workersCompensation,Workers' Compensation and Employer's Liability,evidenceOfInsuranceWorkersCompensationWaiverOfSubrogationEndorsement,Waiver of Subrogation,"---prompt---
Determine if the insurer has waived their right of subrogation in favor of the certificate holder under the Workers' Compensation policy. Evidence may include: a checked ""Waiver of Subrogation"" box on the certificate, mention in the Description of Operations section stating ""waiver of subrogation applies"", or reference to form WC 00 03 13. Look for language like ""subrogation is waived"" or ""per written contract"".",matchOnce,must be present,,,non_compliant,Block Requirements,,,false,0,,2026-08-16
"Block Real Estate Services, LLC",69fdf78062446148bd8587bf,69fded1f62446148bd84910e,Rottler Pest & Lawn Solutions / Rottler Pest Control Company,69fdf0870e86e2f8723dbdc2,"kci891 - Riverside Industrial Center 1 {Riverside Industrial Center Investment, LLC}",evidenceOfInsurance,Evidence of Insurance,6ac20aae-5728-5d57-b364-aeba38527dba,Additional Requirements,4da5b0f1-4c9d-5885-8cf8-5d3cccaed3e0,"Block Real Estate Services, LLC and all others required by contract are named as Additional Insureds","---prompt---
Determine if the Description of Operations or the Additional Remarks Schedule section states the ""Additional Insured as Construction Management, Inc. and all others required by contract"" or reference to blanket additional insured coverage. Look for language like ""certificate holder is additional insured"" or ""per written contract"".",matchOnce,must be present,,,non_compliant,Block Requirements,,,true,0,,2026-08-16
"Block Real Estate Services, LLC",69fdf78062446148bd8587bf,69fded1f62446148bd84910e,Rottler Pest & Lawn Solutions / Rottler Pest Control Company,69fdf0870e86e2f8723dbdc2,"kci891 - Riverside Industrial Center 1 {Riverside Industrial Center Investment, LLC}",evidenceOfInsurance,Evidence of Insurance,6ac20aae-5728-5d57-b364-aeba38527dba,Additional Requirements,e1017741-e47e-5f58-97b8-fbc3043e919f,Umbrella follows form over General Liability,"---prompt---
Determine if the Umbrella/Excess Liability policy follows form to the underlying policies. Evidence may include: language in the Description of Operations section stating the umbrella follows form to underlying coverages or an additional page endorsement stating that it follows form. Follow form means the umbrella policy adopts the same terms, conditions, and exclusions as the underlying policies.",matchOnce,must be present,,,non_compliant,Block Requirements,,,true,0,,2026-08-16
"Block Real Estate Services, LLC",69fdf78062446148bd8587bf,69fded1f62446148bd84910e,Rottler Pest & Lawn Solutions / Rottler Pest Control Company,69fdf0870e86e2f8723dbdc2,"kci891 - Riverside Industrial Center 1 {Riverside Industrial Center Investment, LLC}",evidenceOfInsurance,Evidence of Insurance,6ac20aae-5728-5d57-b364-aeba38527dba,Additional Requirements,2cdd866f-c9a4-576a-afd8-1d045762790c,"The location must be listed as: 200 NW Business Park Lane, Riverside, MO, 64150",,matchOnce,must be present,,,non_compliant,Block Requirements,,,true,0,,2026-08-16
"Block Real Estate Services, LLC",69fdf78062446148bd8587bf,69fded1f62446148bd84910e,Rottler Pest & Lawn Solutions / Rottler Pest Control Company,69fdf0870e86e2f8723dbdc2,"kci891 - Riverside Industrial Center 1 {Riverside Industrial Center Investment, LLC}",evidenceOfInsurance,Evidence of Insurance,6ac20aae-5728-5d57-b364-aeba38527dba,Additional Requirements,3649e9d1-4e09-59bf-8f30-cb33c40cf117,"Certificate Holder must read: c/o Block Real Estate Services, LLC, 4622 Pennsylvania St., Suite 700, Kansas City, MO, 64112",,matchOnce,must be present,,,non_compliant,Block Requirements,,,true,0,,2026-08-16
"Block Real Estate Services, LLC",69fdf78062446148bd8587be,69fded1d62446148bd84905a,Park Hill Alano Club,69fdf0870e86e2f8723dbdc2,"kci891 - Riverside Industrial Center 1 {Riverside Industrial Center Investment, LLC}",evidenceOfInsurance,Evidence of Insurance,commercialGeneralLiability,Commercial General Liability,evidenceOfInsuranceCommercialGeneralLiabilityCoverageTriggerOccurrence,Coverage Trigger: Occurrence,,matchOnce,must be present,,Present,compliant,Block Requirements,,,false,1,,2026-08-16
"Block Real Estate Services, LLC",69fdf78062446148bd8587be,69fded1d62446148bd84905a,Park Hill Alano Club,69fdf0870e86e2f8723dbdc2,"kci891 - Riverside Industrial Center 1 {Riverside Industrial Center Investment, LLC}",evidenceOfInsurance,Evidence of Insurance,commercialGeneralLiability,Commercial General Liability,evidenceOfInsuranceCommercialGeneralLiabilityGeneralAggregateLimitAppliesPerLocation,General Aggregate Limit Applies per: Location,,matchOnce,must be present,,Present,compliant,Block Requirements,,,false,1,,2026-08-16
"Block Real Estate Services, LLC",69fdf78062446148bd8587be,69fded1d62446148bd84905a,Park Hill Alano Club,69fdf0870e86e2f8723dbdc2,"kci891 - Riverside Industrial Center 1 {Riverside Industrial Center Investment, LLC}",evidenceOfInsurance,Evidence of Insurance,commercialGeneralLiability,Commercial General Liability,evidenceOfInsuranceCommercialGeneralLiabilityEachOccurrence,Each Occurrence,,matchOnce,must be greater or equal to,1000000,1000000,compliant,Block Requirements,,,false,1,,2026-08-16
"Block Real Estate Services, LLC",69fdf78062446148bd8587be,69fded1d62446148bd84905a,Park Hill Alano Club,69fdf0870e86e2f8723dbdc2,"kci891 - Riverside Industrial Center 1 {Riverside Industrial Center Investment, LLC}",evidenceOfInsurance,Evidence of Insurance,commercialGeneralLiability,Commercial General Liability,evidenceOfInsuranceCommercialGeneralLiabilityGeneralAggregate,General Aggregate,,matchOnce,must be greater or equal to,2000000,2000000,compliant,Block Requirements,,,false,1,,2026-08-16
"Block Real Estate Services, LLC",69fdf78062446148bd8587be,69fded1d62446148bd84905a,Park Hill Alano Club,69fdf0870e86e2f8723dbdc2,"kci891 - Riverside Industrial Center 1 {Riverside Industrial Center Investment, LLC}",evidenceOfInsurance,Evidence of Insurance,commercialGeneralLiability,Commercial General Liability,evidenceOfInsuranceCommercialGeneralLiabilityWaiverOfSubrogationEndorsement,Waiver of Subrogation,"---prompt---
Determine if the insurer has waived their right of subrogation in favor of the certificate holder under the Commercial General Liability policy. Evidence may include: a checked ""Waiver of Subrogation"" box on the certificate, mention in the Description of Operations section stating ""waiver of subrogation applies"", or reference to form CG 24 04. Look for language like ""subrogation is waived"" or ""per written contract"".",matchOnce,must be present,,Present,compliant,Block Requirements,,,false,1,,2026-08-16
"Block Real Estate Services, LLC",69fdf78062446148bd8587be,69fded1d62446148bd84905a,Park Hill Alano Club,69fdf0870e86e2f8723dbdc2,"kci891 - Riverside Industrial Center 1 {Riverside Industrial Center Investment, LLC}",evidenceOfInsurance,Evidence of Insurance,excessOrUmbrellaLiability,Umbrella/Excess Liability,evidenceOfInsuranceExcessOrUmbrellaLiabilityOccurence,Coverage Trigger: Occurrence,,matchOnce,must be present,,Present,compliant,Block Requirements,,,false,1,,2026-08-16
"Block Real Estate Services, LLC",69fdf78062446148bd8587be,69fded1d62446148bd84905a,Park Hill Alano Club,69fdf0870e86e2f8723dbdc2,"kci891 - Riverside Industrial Center 1 {Riverside Industrial Center Investment, LLC}",evidenceOfInsurance,Evidence of Insurance,excessOrUmbrellaLiability,Umbrella/Excess Liability,evidenceOfInsuranceExcessOrUmbrellaLiabilityEachOccurrence,Each Occurrence,,matchOnce,must be greater or equal to,1000000,1000000,compliant,Block Requirements,,,false,1,,2026-08-16
"Block Real Estate Services, LLC",69fdf78062446148bd8587be,69fded1d62446148bd84905a,Park Hill Alano Club,69fdf0870e86e2f8723dbdc2,"kci891 - Riverside Industrial Center 1 {Riverside Industrial Center Investment, LLC}",evidenceOfInsurance,Evidence of Insurance,excessOrUmbrellaLiability,Umbrella/Excess Liability,evidenceOfInsuranceExcessOrUmbrellaLiabilityAggregate,Aggregate,,matchOnce,must be greater or equal to,1000000,1000000,compliant,Block Requirements,,,false,1,,2026-08-16
"Block Real Estate Services, LLC",69fdf78062446148bd8587be,69fded1d62446148bd84905a,Park Hill Alano Club,69fdf0870e86e2f8723dbdc2,"kci891 - Riverside Industrial Center 1 {Riverside Industrial Center Investment, LLC}",evidenceOfInsurance,Evidence of Insurance,workersCompensation,Workers' Compensation and Employer's Liability,evidenceOfInsuranceWorkersCompensationStatutoryLimits,Statutory Limits,,matchOnce,must be present,,,waived,Block Requirements,,,false,0,,2026-08-16
"Block Real Estate Services, LLC",69fdf78062446148bd8587be,69fded1d62446148bd84905a,Park Hill Alano Club,69fdf0870e86e2f8723dbdc2,"kci891 - Riverside Industrial Center 1 {Riverside Industrial Center Investment, LLC}",evidenceOfInsurance,Evidence of Insurance,workersCompensation,Workers' Compensation and Employer's Liability,evidenceOfInsuranceWorkersCompensationEmployersLiabilityEachAccident,Employer's Liability Each Accident,,matchOnce,must be greater or equal to,500000,,waived,Block Requirements,,,false,0,,2026-08-16
"Block Real Estate Services, LLC",69fdf78062446148bd8587be,69fded1d62446148bd84905a,Park Hill Alano Club,69fdf0870e86e2f8723dbdc2,"kci891 - Riverside Industrial Center 1 {Riverside Industrial Center Investment, LLC}",evidenceOfInsurance,Evidence of Insurance,workersCompensation,Workers' Compensation and Employer's Liability,evidenceOfInsuranceWorkersCompensationEmployersLiabilityDiseaseEachEmployee,Employer's Liability Disease - each employee,,matchOnce,must be greater or equal to,500000,,waived,Block Requirements,,,false,0,,2026-08-16
"Block Real Estate Services, LLC",69fdf78062446148bd8587be,69fded1d62446148bd84905a,Park Hill Alano Club,69fdf0870e86e2f8723dbdc2,"kci891 - Riverside Industrial Center 1 {Riverside Industrial Center Investment, LLC}",evidenceOfInsurance,Evidence of Insurance,workersCompensation,Workers' Compensation and Employer's Liability,evidenceOfInsuranceWorkersCompensationEmployersLiabilityDiseasePolicyLimit,Employer's Liability Disease - policy limit,,matchOnce,must be greater or equal to,500000,,waived,Block Requirements,,,false,0,,2026-08-16
"Block Real Estate Services, LLC",69fdf78062446148bd8587be,69fded1d62446148bd84905a,Park Hill Alano Club,69fdf0870e86e2f8723dbdc2,"kci891 - Riverside Industrial Center 1 {Riverside Industrial Center Investment, LLC}",evidenceOfInsurance,Evidence of Insurance,workersCompensation,Workers' Compensation and Employer's Liability,evidenceOfInsuranceWorkersCompensationWaiverOfSubrogationEndorsement,Waiver of Subrogation,"---prompt---
Determine if the insurer has waived their right of subrogation in favor of the certificate holder under the Workers' Compensation policy. Evidence may include: a checked ""Waiver of Subrogation"" box on the certificate, mention in the Description of Operations section stating ""waiver of subrogation applies"", or reference to form WC 00 03 13. Look for language like ""subrogation is waived"" or ""per written contract"".",matchOnce,must be present,,,waived,Block Requirements,,,false,0,,2026-08-16
"Block Real Estate Services, LLC",69fdf78062446148bd8587be,69fded1d62446148bd84905a,Park Hill Alano Club,69fdf0870e86e2f8723dbdc2,"kci891 - Riverside Industrial Center 1 {Riverside Industrial Center Investment, LLC}",evidenceOfInsurance,Evidence of Insurance,6ac20aae-5728-5d57-b364-aeba38527dba,Additional Requirements,4da5b0f1-4c9d-5885-8cf8-5d3cccaed3e0,"Block Real Estate Services, LLC and all others required by contract are named as Additional Insureds","---prompt---
Determine if the Description of Operations or the Additional Remarks Schedule section states the ""Additional Insured as Construction Management, Inc. and all others required by contract"" or reference to blanket additional insured coverage. Look for language like ""certificate holder is additional insured"" or ""per written contract"".",matchOnce,must be present,,Present,compliant,Block Requirements,,,true,1,,2026-08-16
"Block Real Estate Services, LLC",69fdf78062446148bd8587be,69fded1d62446148bd84905a,Park Hill Alano Club,69fdf0870e86e2f8723dbdc2,"kci891 - Riverside Industrial Center 1 {Riverside Industrial Center Investment, LLC}",evidenceOfInsurance,Evidence of Insurance,6ac20aae-5728-5d57-b364-aeba38527dba,Additional Requirements,e1017741-e47e-5f58-97b8-fbc3043e919f,Umbrella follows form over General Liability,"---prompt---
Determine if the Umbrella/Excess Liability policy follows form to the underlying policies. Evidence may include: language in the Description of Operations section stating the umbrella follows form to underlying coverages or an additional page endorsement stating that it follows form. Follow form means the umbrella policy adopts the same terms, conditions, and exclusions as the underlying policies.",matchOnce,must be present,,Present,compliant,Block Requirements,,,true,1,,2026-08-16
"Block Real Estate Services, LLC",69fdf78062446148bd8587be,69fded1d62446148bd84905a,Park Hill Alano Club,69fdf0870e86e2f8723dbdc2,"kci891 - Riverside Industrial Center 1 {Riverside Industrial Center Investment, LLC}",evidenceOfInsurance,Evidence of Insurance,6ac20aae-5728-5d57-b364-aeba38527dba,Additional Requirements,2cdd866f-c9a4-576a-afd8-1d045762790c,"The location must be listed as: 216 NW Business Park Lane, Riverside, MO, 64150",,matchOnce,must be present,,Present,compliant,Block Requirements,,,true,1,,2026-08-16
"Block Real Estate Services, LLC",69fdf78062446148bd8587be,69fded1d62446148bd84905a,Park Hill Alano Club,69fdf0870e86e2f8723dbdc2,"kci891 - Riverside Industrial Center 1 {Riverside Industrial Center Investment, LLC}",evidenceOfInsurance,Evidence of Insurance,6ac20aae-5728-5d57-b364-aeba38527dba,Additional Requirements,3649e9d1-4e09-59bf-8f30-cb33c40cf117,"Certificate Holder must read: c/o Block Real Estate Services, LLC, 4622 Pennsylvania St., Suite 700, Kansas City, MO, 64112",,matchOnce,must be present,,Present,compliant,Block Requirements,,,true,1,,2026-08-16
"Block Real Estate Services, LLC",69fdf78062446148bd8587c0,69fded2362446148bd849237,Transtar Industries LLC,69fdf0870e86e2f8723dbdc2,"kci891 - Riverside Industrial Center 1 {Riverside Industrial Center Investment, LLC}",evidenceOfInsurance,Evidence of Insurance,commercialGeneralLiability,Commercial General Liability,evidenceOfInsuranceCommercialGeneralLiabilityCoverageTriggerOccurrence,Coverage Trigger: Occurrence,,matchOnce,must be present,,,non_compliant,Block Requirements,,,false,0,,2026-08-16
"Block Real Estate Services, LLC",69fdf78062446148bd8587c0,69fded2362446148bd849237,Transtar Industries LLC,69fdf0870e86e2f8723dbdc2,"kci891 - Riverside Industrial Center 1 {Riverside Industrial Center Investment, LLC}",evidenceOfInsurance,Evidence of Insurance,commercialGeneralLiability,Commercial General Liability,evidenceOfInsuranceCommercialGeneralLiabilityGeneralAggregateLimitAppliesPerLocation,General Aggregate Limit Applies per: Location,,matchOnce,must be present,,,non_compliant,Block Requirements,,,false,0,,2026-08-16
"Block Real Estate Services, LLC",69fdf78062446148bd8587c0,69fded2362446148bd849237,Transtar Industries LLC,69fdf0870e86e2f8723dbdc2,"kci891 - Riverside Industrial Center 1 {Riverside Industrial Center Investment, LLC}",evidenceOfInsurance,Evidence of Insurance,commercialGeneralLiability,Commercial General Liability,evidenceOfInsuranceCommercialGeneralLiabilityEachOccurrence,Each Occurrence,,matchOnce,must be greater or equal to,1000000,,non_compliant,Block Requirements,,,false,0,,2026-08-16
"Block Real Estate Services, LLC",69fdf78062446148bd8587c0,69fded2362446148bd849237,Transtar Industries LLC,69fdf0870e86e2f8723dbdc2,"kci891 - Riverside Industrial Center 1 {Riverside Industrial Center Investment, LLC}",evidenceOfInsurance,Evidence of Insurance,commercialGeneralLiability,Commercial General Liability,evidenceOfInsuranceCommercialGeneralLiabilityGeneralAggregate,General Aggregate,,matchOnce,must be greater or equal to,2000000,,non_compliant,Block Requirements,,,false,0,,2026-08-16
"Block Real Estate Services, LLC",69fdf78062446148bd8587c0,69fded2362446148bd849237,Transtar Industries LLC,69fdf0870e86e2f8723dbdc2,"kci891 - Riverside Industrial Center 1 {Riverside Industrial Center Investment, LLC}",evidenceOfInsurance,Evidence of Insurance,commercialGeneralLiability,Commercial General Liability,evidenceOfInsuranceCommercialGeneralLiabilityWaiverOfSubrogationEndorsement,Waiver of Subrogation,"---prompt---
Determine if the insurer has waived their right of subrogation in favor of the certificate holder under the Commercial General Liability policy. Evidence may include: a checked ""Waiver of Subrogation"" box on the certificate, mention in the Description of Operations section stating ""waiver of subrogation applies"", or reference to form CG 24 04. Look for language like ""subrogation is waived"" or ""per written contract"".",matchOnce,must be present,,,non_compliant,Block Requirements,,,false,0,,2026-08-16
"Block Real Estate Services, LLC",69fdf78062446148bd8587c0,69fded2362446148bd849237,Transtar Industries LLC,69fdf0870e86e2f8723dbdc2,"kci891 - Riverside Industrial Center 1 {Riverside Industrial Center Investment, LLC}",evidenceOfInsurance,Evidence of Insurance,excessOrUmbrellaLiability,Umbrella/Excess Liability,evidenceOfInsuranceExcessOrUmbrellaLiabilityOccurence,Coverage Trigger: Occurrence,,matchOnce,must be present,,,non_compliant,Block Requirements,,,false,0,,2026-08-16
"Block Real Estate Services, LLC",69fdf78062446148bd8587c0,69fded2362446148bd849237,Transtar Industries LLC,69fdf0870e86e2f8723dbdc2,"kci891 - Riverside Industrial Center 1 {Riverside Industrial Center Investment, LLC}",evidenceOfInsurance,Evidence of Insurance,excessOrUmbrellaLiability,Umbrella/Excess Liability,evidenceOfInsuranceExcessOrUmbrellaLiabilityEachOccurrence,Each Occurrence,,matchOnce,must be greater or equal to,1000000,,non_compliant,Block Requirements,,,false,0,,2026-08-16
"Block Real Estate Services, LLC",69fdf78062446148bd8587c0,69fded2362446148bd849237,Transtar Industries LLC,69fdf0870e86e2f8723dbdc2,"kci891 - Riverside Industrial Center 1 {Riverside Industrial Center Investment, LLC}",evidenceOfInsurance,Evidence of Insurance,excessOrUmbrellaLiability,Umbrella/Excess Liability,evidenceOfInsuranceExcessOrUmbrellaLiabilityAggregate,Aggregate,,matchOnce,must be greater or equal to,1000000,,non_compliant,Block Requirements,,,false,0,,2026-08-16
"Block Real Estate Services, LLC",69fdf78062446148bd8587c0,69fded2362446148bd849237,Transtar Industries LLC,69fdf0870e86e2f8723dbdc2,"kci891 - Riverside Industrial Center 1 {Riverside Industrial Center Investment, LLC}",evidenceOfInsurance,Evidence of Insurance,workersCompensation,Workers' Compensation and Employer's Liability,evidenceOfInsuranceWorkersCompensationStatutoryLimits,Statutory Limits,,matchOnce,must be present,,,non_compliant,Block Requirements,,,false,0,,2026-08-16
"Block Real Estate Services, LLC",69fdf78062446148bd8587c0,69fded2362446148bd849237,Transtar Industries LLC,69fdf0870e86e2f8723dbdc2,"kci891 - Riverside Industrial Center 1 {Riverside Industrial Center Investment, LLC}",evidenceOfInsurance,Evidence of Insurance,workersCompensation,Workers' Compensation and Employer's Liability,evidenceOfInsuranceWorkersCompensationEmployersLiabilityEachAccident,Employer's Liability Each Accident,,matchOnce,must be greater or equal to,500000,,non_compliant,Block Requirements,,,false,0,,2026-08-16
"Block Real Estate Services, LLC",69fdf78062446148bd8587c0,69fded2362446148bd849237,Transtar Industries LLC,69fdf0870e86e2f8723dbdc2,"kci891 - Riverside Industrial Center 1 {Riverside Industrial Center Investment, LLC}",evidenceOfInsurance,Evidence of Insurance,workersCompensation,Workers' Compensation and Employer's Liability,evidenceOfInsuranceWorkersCompensationEmployersLiabilityDiseaseEachEmployee,Employer's Liability Disease - each employee,,matchOnce,must be greater or equal to,500000,,non_compliant,Block Requirements,,,false,0,,2026-08-16
"Block Real Estate Services, LLC",69fdf78062446148bd8587c0,69fded2362446148bd849237,Transtar Industries LLC,69fdf0870e86e2f8723dbdc2,"kci891 - Riverside Industrial Center 1 {Riverside Industrial Center Investment, LLC}",evidenceOfInsurance,Evidence of Insurance,workersCompensation,Workers' Compensation and Employer's Liability,evidenceOfInsuranceWorkersCompensationEmployersLiabilityDiseasePolicyLimit,Employer's Liability Disease - policy limit,,matchOnce,must be greater or equal to,500000,,non_compliant,Block Requirements,,,false,0,,2026-08-16
"Block Real Estate Services, LLC",69fdf78062446148bd8587c0,69fded2362446148bd849237,Transtar Industries LLC,69fdf0870e86e2f8723dbdc2,"kci891 - Riverside Industrial Center 1 {Riverside Industrial Center Investment, LLC}",evidenceOfInsurance,Evidence of Insurance,workersCompensation,Workers' Compensation and Employer's Liability,evidenceOfInsuranceWorkersCompensationWaiverOfSubrogationEndorsement,Waiver of Subrogation,"---prompt---
Determine if the insurer has waived their right of subrogation in favor of the certificate holder under the Workers' Compensation policy. Evidence may include: a checked ""Waiver of Subrogation"" box on the certificate, mention in the Description of Operations section stating ""waiver of subrogation applies"", or reference to form WC 00 03 13. Look for language like ""subrogation is waived"" or ""per written contract"".",matchOnce,must be present,,,non_compliant,Block Requirements,,,false,0,,2026-08-16
"Block Real Estate Services, LLC",69fdf78062446148bd8587c0,69fded2362446148bd849237,Transtar Industries LLC,69fdf0870e86e2f8723dbdc2,"kci891 - Riverside Industrial Center 1 {Riverside Industrial Center Investment, LLC}",evidenceOfInsurance,Evidence of Insurance,6ac20aae-5728-5d57-b364-aeba38527dba,Additional Requirements,4da5b0f1-4c9d-5885-8cf8-5d3cccaed3e0,"Block Real Estate Services, LLC and all others required by contract are named as Additional Insureds","---prompt---
Determine if the Description of Operations or the Additional Remarks Schedule section states the ""Additional Insured as Construction Management, Inc. and all others required by contract"" or reference to blanket additional insured coverage. Look for language like ""certificate holder is additional insured"" or ""per written contract"".",matchOnce,must be present,,,non_compliant,Block Requirements,,,true,0,,2026-08-16
"Block Real Estate Services, LLC",69fdf78062446148bd8587c0,69fded2362446148bd849237,Transtar Industries LLC,69fdf0870e86e2f8723dbdc2,"kci891 - Riverside Industrial Center 1 {Riverside Industrial Center Investment, LLC}",evidenceOfInsurance,Evidence of Insurance,6ac20aae-5728-5d57-b364-aeba38527dba,Additional Requirements,e1017741-e47e-5f58-97b8-fbc3043e919f,Umbrella follows form over General Liability,"---prompt---
Determine if the Umbrella/Excess Liability policy follows form to the underlying policies. Evidence may include: language in the Description of Operations section stating the umbrella follows form to underlying coverages or an additional page endorsement stating that it follows form. Follow form means the umbrella policy adopts the same terms, conditions, and exclusions as the underlying policies.",matchOnce,must be present,,,non_compliant,Block Requirements,,,true,0,,2026-08-16
"Block Real Estate Services, LLC",69fdf78062446148bd8587c0,69fded2362446148bd849237,Transtar Industries LLC,69fdf0870e86e2f8723dbdc2,"kci891 - Riverside Industrial Center 1 {Riverside Industrial Center Investment, LLC}",evidenceOfInsurance,Evidence of Insurance,6ac20aae-5728-5d57-b364-aeba38527dba,Additional Requirements,2cdd866f-c9a4-576a-afd8-1d045762790c,"The location must be listed as: 208 NW Business Park Lane, Riverside, MO, 64150",,matchOnce,must be present,,,non_compliant,Block Requirements,,,true,0,,2026-08-16
"Block Real Estate Services, LLC",69fdf78062446148bd8587c0,69fded2362446148bd849237,Transtar Industries LLC,69fdf0870e86e2f8723dbdc2,"kci891 - Riverside Industrial Center 1 {Riverside Industrial Center Investment, LLC}",evidenceOfInsurance,Evidence of Insurance,6ac20aae-5728-5d57-b364-aeba38527dba,Additional Requirements,3649e9d1-4e09-59bf-8f30-cb33c40cf117,"Certificate Holder must read: c/o Block Real Estate Services, LLC, 4622 Pennsylvania St., Suite 700, Kansas City, MO, 64112",,matchOnce,must be present,,,non_compliant,Block Requirements,,,true,0,,2026-08-16
"Block Real Estate Services, LLC",6a18726e9d2d4171bf8c5ac6,6a187263e701796d85de7c91,"LVT Trucking, Inc.",69fdf0870e86e2f8723dbdc2,"kci891 - Riverside Industrial Center 1 {Riverside Industrial Center Investment, LLC}",evidenceOfInsurance,Evidence of Insurance,commercialGeneralLiability,Commercial General Liability,evidenceOfInsuranceCommercialGeneralLiabilityCoverageTriggerOccurrence,Coverage Trigger: Occurrence,,matchOnce,must be present,,Present,compliant,Block Requirements,,,false,1,,2026-08-16
"Block Real Estate Services, LLC",6a18726e9d2d4171bf8c5ac6,6a187263e701796d85de7c91,"LVT Trucking, Inc.",69fdf0870e86e2f8723dbdc2,"kci891 - Riverside Industrial Center 1 {Riverside Industrial Center Investment, LLC}",evidenceOfInsurance,Evidence of Insurance,commercialGeneralLiability,Commercial General Liability,evidenceOfInsuranceCommercialGeneralLiabilityGeneralAggregateLimitAppliesPerLocation,General Aggregate Limit Applies per: Location,,matchOnce,must be present,,,non_compliant,Block Requirements,,,false,0,,2026-08-16
"Block Real Estate Services, LLC",6a18726e9d2d4171bf8c5ac6,6a187263e701796d85de7c91,"LVT Trucking, Inc.",69fdf0870e86e2f8723dbdc2,"kci891 - Riverside Industrial Center 1 {Riverside Industrial Center Investment, LLC}",evidenceOfInsurance,Evidence of Insurance,commercialGeneralLiability,Commercial General Liability,evidenceOfInsuranceCommercialGeneralLiabilityEachOccurrence,Each Occurrence,,matchOnce,must be greater or equal to,1000000,1000000,compliant,Block Requirements,,,false,1,,2026-08-16
"Block Real Estate Services, LLC",6a18726e9d2d4171bf8c5ac6,6a187263e701796d85de7c91,"LVT Trucking, Inc.",69fdf0870e86e2f8723dbdc2,"kci891 - Riverside Industrial Center 1 {Riverside Industrial Center Investment, LLC}",evidenceOfInsurance,Evidence of Insurance,commercialGeneralLiability,Commercial General Liability,evidenceOfInsuranceCommercialGeneralLiabilityGeneralAggregate,General Aggregate,,matchOnce,must be greater or equal to,2000000,2000000,compliant,Block Requirements,,,false,1,,2026-08-16
"Block Real Estate Services, LLC",6a18726e9d2d4171bf8c5ac6,6a187263e701796d85de7c91,"LVT Trucking, Inc.",69fdf0870e86e2f8723dbdc2,"kci891 - Riverside Industrial Center 1 {Riverside Industrial Center Investment, LLC}",evidenceOfInsurance,Evidence of Insurance,commercialGeneralLiability,Commercial General Liability,evidenceOfInsuranceCommercialGeneralLiabilityWaiverOfSubrogationEndorsement,Waiver of Subrogation,"---prompt---
Determine if the insurer has waived their right of subrogation in favor of the certificate holder under the Commercial General Liability policy. Evidence may include: a checked ""Waiver of Subrogation"" box on the certificate, mention in the Description of Operations section stating ""waiver of subrogation applies"", or reference to form CG 24 04. Look for language like ""subrogation is waived"" or ""per written contract"".",matchOnce,must be present,,,non_compliant,Block Requirements,,,false,0,,2026-08-16
"Block Real Estate Services, LLC",6a18726e9d2d4171bf8c5ac6,6a187263e701796d85de7c91,"LVT Trucking, Inc.",69fdf0870e86e2f8723dbdc2,"kci891 - Riverside Industrial Center 1 {Riverside Industrial Center Investment, LLC}",evidenceOfInsurance,Evidence of Insurance,excessOrUmbrellaLiability,Umbrella/Excess Liability,evidenceOfInsuranceExcessOrUmbrellaLiabilityOccurence,Coverage Trigger: Occurrence,,matchOnce,must be present,,,non_compliant,Block Requirements,,,false,0,,2026-08-16
"Block Real Estate Services, LLC",6a18726e9d2d4171bf8c5ac6,6a187263e701796d85de7c91,"LVT Trucking, Inc.",69fdf0870e86e2f8723dbdc2,"kci891 - Riverside Industrial Center 1 {Riverside Industrial Center Investment, LLC}",evidenceOfInsurance,Evidence of Insurance,excessOrUmbrellaLiability,Umbrella/Excess Liability,evidenceOfInsuranceExcessOrUmbrellaLiabilityEachOccurrence,Each Occurrence,,matchOnce,must be greater or equal to,1000000,,non_compliant,Block Requirements,,,false,0,,2026-08-16
"Block Real Estate Services, LLC",6a18726e9d2d4171bf8c5ac6,6a187263e701796d85de7c91,"LVT Trucking, Inc.",69fdf0870e86e2f8723dbdc2,"kci891 - Riverside Industrial Center 1 {Riverside Industrial Center Investment, LLC}",evidenceOfInsurance,Evidence of Insurance,excessOrUmbrellaLiability,Umbrella/Excess Liability,evidenceOfInsuranceExcessOrUmbrellaLiabilityAggregate,Aggregate,,matchOnce,must be greater or equal to,1000000,,non_compliant,Block Requirements,,,false,0,,2026-08-16
"Block Real Estate Services, LLC",6a18726e9d2d4171bf8c5ac6,6a187263e701796d85de7c91,"LVT Trucking, Inc.",69fdf0870e86e2f8723dbdc2,"kci891 - Riverside Industrial Center 1 {Riverside Industrial Center Investment, LLC}",evidenceOfInsurance,Evidence of Insurance,workersCompensation,Workers' Compensation and Employer's Liability,evidenceOfInsuranceWorkersCompensationStatutoryLimits,Statutory Limits,,matchOnce,must be present,,,non_compliant,Block Requirements,,,false,0,,2026-08-16
"Block Real Estate Services, LLC",6a18726e9d2d4171bf8c5ac6,6a187263e701796d85de7c91,"LVT Trucking, Inc.",69fdf0870e86e2f8723dbdc2,"kci891 - Riverside Industrial Center 1 {Riverside Industrial Center Investment, LLC}",evidenceOfInsurance,Evidence of Insurance,workersCompensation,Workers' Compensation and Employer's Liability,evidenceOfInsuranceWorkersCompensationEmployersLiabilityEachAccident,Employer's Liability Each Accident,,matchOnce,must be greater or equal to,500000,,non_compliant,Block Requirements,,,false,0,,2026-08-16
"Block Real Estate Services, LLC",6a18726e9d2d4171bf8c5ac6,6a187263e701796d85de7c91,"LVT Trucking, Inc.",69fdf0870e86e2f8723dbdc2,"kci891 - Riverside Industrial Center 1 {Riverside Industrial Center Investment, LLC}",evidenceOfInsurance,Evidence of Insurance,workersCompensation,Workers' Compensation and Employer's Liability,evidenceOfInsuranceWorkersCompensationEmployersLiabilityDiseaseEachEmployee,Employer's Liability Disease - each employee,,matchOnce,must be greater or equal to,500000,,non_compliant,Block Requirements,,,false,0,,2026-08-16
"Block Real Estate Services, LLC",6a18726e9d2d4171bf8c5ac6,6a187263e701796d85de7c91,"LVT Trucking, Inc.",69fdf0870e86e2f8723dbdc2,"kci891 - Riverside Industrial Center 1 {Riverside Industrial Center Investment, LLC}",evidenceOfInsurance,Evidence of Insurance,workersCompensation,Workers' Compensation and Employer's Liability,evidenceOfInsuranceWorkersCompensationEmployersLiabilityDiseasePolicyLimit,Employer's Liability Disease - policy limit,,matchOnce,must be greater or equal to,500000,,non_compliant,Block Requirements,,,false,0,,2026-08-16
"Block Real Estate Services, LLC",6a18726e9d2d4171bf8c5ac6,6a187263e701796d85de7c91,"LVT Trucking, Inc.",69fdf0870e86e2f8723dbdc2,"kci891 - Riverside Industrial Center 1 {Riverside Industrial Center Investment, LLC}",evidenceOfInsurance,Evidence of Insurance,workersCompensation,Workers' Compensation and Employer's Liability,evidenceOfInsuranceWorkersCompensationWaiverOfSubrogationEndorsement,Waiver of Subrogation,"---prompt---
Determine if the insurer has waived their right of subrogation in favor of the certificate holder under the Workers' Compensation policy. Evidence may include: a checked ""Waiver of Subrogation"" box on the certificate, mention in the Description of Operations section stating ""waiver of subrogation applies"", or reference to form WC 00 03 13. Look for language like ""subrogation is waived"" or ""per written contract"".",matchOnce,must be present,,,non_compliant,Block Requirements,,,false,0,,2026-08-16
"Block Real Estate Services, LLC",6a18726e9d2d4171bf8c5ac6,6a187263e701796d85de7c91,"LVT Trucking, Inc.",69fdf0870e86e2f8723dbdc2,"kci891 - Riverside Industrial Center 1 {Riverside Industrial Center Investment, LLC}",evidenceOfInsurance,Evidence of Insurance,6ac20aae-5728-5d57-b364-aeba38527dba,Additional Requirements,4da5b0f1-4c9d-5885-8cf8-5d3cccaed3e0,"Block Real Estate Services, LLC and all others required by contract are named as Additional Insureds","---prompt---
Determine if the Description of Operations or the Additional Remarks Schedule section states the ""Additional Insured as Construction Management, Inc. and all others required by contract"" or reference to blanket additional insured coverage. Look for language like ""certificate holder is additional insured"" or ""per written contract"".",matchOnce,must be present,,,non_compliant,Block Requirements,,,true,0,,2026-08-16
"Block Real Estate Services, LLC",6a18726e9d2d4171bf8c5ac6,6a187263e701796d85de7c91,"LVT Trucking, Inc.",69fdf0870e86e2f8723dbdc2,"kci891 - Riverside Industrial Center 1 {Riverside Industrial Center Investment, LLC}",evidenceOfInsurance,Evidence of Insurance,6ac20aae-5728-5d57-b364-aeba38527dba,Additional Requirements,e1017741-e47e-5f58-97b8-fbc3043e919f,Umbrella follows form over General Liability,"---prompt---
Determine if the Umbrella/Excess Liability policy follows form to the underlying policies. Evidence may include: language in the Description of Operations section stating the umbrella follows form to underlying coverages or an additional page endorsement stating that it follows form. Follow form means the umbrella policy adopts the same terms, conditions, and exclusions as the underlying policies.",matchOnce,must be present,,,non_compliant,Block Requirements,,,true,0,,2026-08-16
"Block Real Estate Services, LLC",6a18726e9d2d4171bf8c5ac6,6a187263e701796d85de7c91,"LVT Trucking, Inc.",69fdf0870e86e2f8723dbdc2,"kci891 - Riverside Industrial Center 1 {Riverside Industrial Center Investment, LLC}",evidenceOfInsurance,Evidence of Insurance,6ac20aae-5728-5d57-b364-aeba38527dba,Additional Requirements,2cdd866f-c9a4-576a-afd8-1d045762790c,"The location must be listed as: 224 NW Business Park Lane, Riverside, MO, 64150",,matchOnce,must be present,,,non_compliant,Block Requirements,,,true,0,,2026-08-16
"Block Real Estate Services, LLC",6a18726e9d2d4171bf8c5ac6,6a187263e701796d85de7c91,"LVT Trucking, Inc.",69fdf0870e86e2f8723dbdc2,"kci891 - Riverside Industrial Center 1 {Riverside Industrial Center Investment, LLC}",evidenceOfInsurance,Evidence of Insurance,6ac20aae-5728-5d57-b364-aeba38527dba,Additional Requirements,3649e9d1-4e09-59bf-8f30-cb33c40cf117,"Certificate Holder must read: c/o Block Real Estate Services, LLC, 4622 Pennsylvania St., Suite 700, Kansas City, MO, 64112",,matchOnce,must be present,,,non_compliant,Block Requirements,,,true,0,,2026-08-16
"Block Real Estate Services, LLC",69fdf7b562446148bd85c47e,69fded2162446148bd8491ce,"UDP (Unisource Document Products)/ Datamax / Sumner Group, Inc.",69fdf20a02bb2c42a87a98b0,"tic847 - Pine Ridge Building 27 {PERG BUILDINGS, LLC}",evidenceOfInsurance,Evidence of Insurance,commercialGeneralLiability,Commercial General Liability,evidenceOfInsuranceCommercialGeneralLiabilityCoverageTriggerOccurrence,Coverage Trigger: Occurrence,,matchOnce,must be present,,Present,compliant,Block Requirements,,,false,2,,2026-08-16
"Block Real Estate Services, LLC",69fdf7b562446148bd85c47e,69fded2162446148bd8491ce,"UDP (Unisource Document Products)/ Datamax / Sumner Group, Inc.",69fdf20a02bb2c42a87a98b0,"tic847 - Pine Ridge Building 27 {PERG BUILDINGS, LLC}",evidenceOfInsurance,Evidence of Insurance,commercialGeneralLiability,Commercial General Liability,evidenceOfInsuranceCommercialGeneralLiabilityGeneralAggregateLimitAppliesPerLocation,General Aggregate Limit Applies per: Location,,matchOnce,must be present,,Present,compliant,Block Requirements,,,false,2,,2026-08-16
"Block Real Estate Services, LLC",69fdf7b562446148bd85c47e,69fded2162446148bd8491ce,"UDP (Unisource Document Products)/ Datamax / Sumner Group, Inc.",69fdf20a02bb2c42a87a98b0,"tic847 - Pine Ridge Building 27 {PERG BUILDINGS, LLC}",evidenceOfInsurance,Evidence of Insurance,commercialGeneralLiability,Commercial General Liability,evidenceOfInsuranceCommercialGeneralLiabilityEachOccurrence,Each Occurrence,,matchOnce,must be greater or equal to,1000000,1000000,compliant,Block Requirements,,,false,2,,2026-08-16
"Block Real Estate Services, LLC",69fdf7b562446148bd85c47e,69fded2162446148bd8491ce,"UDP (Unisource Document Products)/ Datamax / Sumner Group, Inc.",69fdf20a02bb2c42a87a98b0,"tic847 - Pine Ridge Building 27 {PERG BUILDINGS, LLC}",evidenceOfInsurance,Evidence of Insurance,commercialGeneralLiability,Commercial General Liability,evidenceOfInsuranceCommercialGeneralLiabilityGeneralAggregate,General Aggregate,,matchOnce,must be greater or equal to,2000000,2000000,compliant,Block Requirements,,,false,2,,2026-08-16
"Block Real Estate Services, LLC",69fdf7b562446148bd85c47e,69fded2162446148bd8491ce,"UDP (Unisource Document Products)/ Datamax / Sumner Group, Inc.",69fdf20a02bb2c42a87a98b0,"tic847 - Pine Ridge Building 27 {PERG BUILDINGS, LLC}",evidenceOfInsurance,Evidence of Insurance,commercialGeneralLiability,Commercial General Liability,evidenceOfInsuranceCommercialGeneralLiabilityWaiverOfSubrogationEndorsement,Waiver of Subrogation,"---prompt---
Determine if the insurer has waived their right of subrogation in favor of the certificate holder under the Commercial General Liability policy. Evidence may include: a checked ""Waiver of Subrogation"" box on the certificate, mention in the Description of Operations section stating ""waiver of subrogation applies"", or reference to form CG 24 04. Look for language like ""subrogation is waived"" or ""per written contract"".",matchOnce,must be present,,Present,compliant,Block Requirements,,,false,2,,2026-08-16
"Block Real Estate Services, LLC",69fdf7b562446148bd85c47e,69fded2162446148bd8491ce,"UDP (Unisource Document Products)/ Datamax / Sumner Group, Inc.",69fdf20a02bb2c42a87a98b0,"tic847 - Pine Ridge Building 27 {PERG BUILDINGS, LLC}",evidenceOfInsurance,Evidence of Insurance,excessOrUmbrellaLiability,Umbrella/Excess Liability,evidenceOfInsuranceExcessOrUmbrellaLiabilityOccurence,Coverage Trigger: Occurrence,,matchOnce,must be present,,Present,compliant,Block Requirements,,,false,2,,2026-08-16
"Block Real Estate Services, LLC",69fdf7b562446148bd85c47e,69fded2162446148bd8491ce,"UDP (Unisource Document Products)/ Datamax / Sumner Group, Inc.",69fdf20a02bb2c42a87a98b0,"tic847 - Pine Ridge Building 27 {PERG BUILDINGS, LLC}",evidenceOfInsurance,Evidence of Insurance,excessOrUmbrellaLiability,Umbrella/Excess Liability,evidenceOfInsuranceExcessOrUmbrellaLiabilityEachOccurrence,Each Occurrence,,matchOnce,must be greater or equal to,1000000,10000000,compliant,Block Requirements,,,false,2,,2026-08-16
"Block Real Estate Services, LLC",69fdf7b562446148bd85c47e,69fded2162446148bd8491ce,"UDP (Unisource Document Products)/ Datamax / Sumner Group, Inc.",69fdf20a02bb2c42a87a98b0,"tic847 - Pine Ridge Building 27 {PERG BUILDINGS, LLC}",evidenceOfInsurance,Evidence of Insurance,excessOrUmbrellaLiability,Umbrella/Excess Liability,evidenceOfInsuranceExcessOrUmbrellaLiabilityAggregate,Aggregate,,matchOnce,must be greater or equal to,1000000,10000000,compliant,Block Requirements,,,false,2,,2026-08-16
"Block Real Estate Services, LLC",69fdf7b562446148bd85c47e,69fded2162446148bd8491ce,"UDP (Unisource Document Products)/ Datamax / Sumner Group, Inc.",69fdf20a02bb2c42a87a98b0,"tic847 - Pine Ridge Building 27 {PERG BUILDINGS, LLC}",evidenceOfInsurance,Evidence of Insurance,workersCompensation,Workers' Compensation and Employer's Liability,evidenceOfInsuranceWorkersCompensationStatutoryLimits,Statutory Limits,,matchOnce,must be present,,Present,compliant,Block Requirements,,,false,2,,2026-08-16
"Block Real Estate Services, LLC",69fdf7b562446148bd85c47e,69fded2162446148bd8491ce,"UDP (Unisource Document Products)/ Datamax / Sumner Group, Inc.",69fdf20a02bb2c42a87a98b0,"tic847 - Pine Ridge Building 27 {PERG BUILDINGS, LLC}",evidenceOfInsurance,Evidence of Insurance,workersCompensation,Workers' Compensation and Employer's Liability,evidenceOfInsuranceWorkersCompensationEmployersLiabilityEachAccident,Employer's Liability Each Accident,,matchOnce,must be greater or equal to,500000,1000000,compliant,Block Requirements,,,false,2,,2026-08-16
"Block Real Estate Services, LLC",69fdf7b562446148bd85c47e,69fded2162446148bd8491ce,"UDP (Unisource Document Products)/ Datamax / Sumner Group, Inc.",69fdf20a02bb2c42a87a98b0,"tic847 - Pine Ridge Building 27 {PERG BUILDINGS, LLC}",evidenceOfInsurance,Evidence of Insurance,workersCompensation,Workers' Compensation and Employer's Liability,evidenceOfInsuranceWorkersCompensationEmployersLiabilityDiseaseEachEmployee,Employer's Liability Disease - each employee,,matchOnce,must be greater or equal to,500000,1000000,compliant,Block Requirements,,,false,2,,2026-08-16
"Block Real Estate Services, LLC",69fdf7b562446148bd85c47e,69fded2162446148bd8491ce,"UDP (Unisource Document Products)/ Datamax / Sumner Group, Inc.",69fdf20a02bb2c42a87a98b0,"tic847 - Pine Ridge Building 27 {PERG BUILDINGS, LLC}",evidenceOfInsurance,Evidence of Insurance,workersCompensation,Workers' Compensation and Employer's Liability,evidenceOfInsuranceWorkersCompensationEmployersLiabilityDiseasePolicyLimit,Employer's Liability Disease - policy limit,,matchOnce,must be greater or equal to,500000,1000000,compliant,Block Requirements,,,false,2,,2026-08-16
"Block Real Estate Services, LLC",69fdf7b562446148bd85c47e,69fded2162446148bd8491ce,"UDP (Unisource Document Products)/ Datamax / Sumner Group, Inc.",69fdf20a02bb2c42a87a98b0,"tic847 - Pine Ridge Building 27 {PERG BUILDINGS, LLC}",evidenceOfInsurance,Evidence of Insurance,workersCompensation,Workers' Compensation and Employer's Liability,evidenceOfInsuranceWorkersCompensationWaiverOfSubrogationEndorsement,Waiver of Subrogation,"---prompt---
Determine if the insurer has waived their right of subrogation in favor of the certificate holder under the Workers' Compensation policy. Evidence may include: a checked ""Waiver of Subrogation"" box on the certificate, mention in the Description of Operations section stating ""waiver of subrogation applies"", or reference to form WC 00 03 13. Look for language like ""subrogation is waived"" or ""per written contract"".",matchOnce,must be present,,Present,compliant,Block Requirements,,,false,2,,2026-08-16
"Block Real Estate Services, LLC",69fdf7b562446148bd85c47e,69fded2162446148bd8491ce,"UDP (Unisource Document Products)/ Datamax / Sumner Group, Inc.",69fdf20a02bb2c42a87a98b0,"tic847 - Pine Ridge Building 27 {PERG BUILDINGS, LLC}",evidenceOfInsurance,Evidence of Insurance,6ac20aae-5728-5d57-b364-aeba38527dba,Additional Requirements,4da5b0f1-4c9d-5885-8cf8-5d3cccaed3e0,"Block Real Estate Services, LLC and all others required by contract are named as Additional Insureds","---prompt---
Determine if the Description of Operations or the Additional Remarks Schedule section states the ""Additional Insured as Construction Management, Inc. and all others required by contract"" or reference to blanket additional insured coverage. Look for language like ""certificate holder is additional insured"" or ""per written contract"".",matchOnce,must be present,,Present,compliant,Block Requirements,,,true,2,,2026-08-16
"Block Real Estate Services, LLC",69fdf7b562446148bd85c47e,69fded2162446148bd8491ce,"UDP (Unisource Document Products)/ Datamax / Sumner Group, Inc.",69fdf20a02bb2c42a87a98b0,"tic847 - Pine Ridge Building 27 {PERG BUILDINGS, LLC}",evidenceOfInsurance,Evidence of Insurance,6ac20aae-5728-5d57-b364-aeba38527dba,Additional Requirements,e1017741-e47e-5f58-97b8-fbc3043e919f,Umbrella follows form over General Liability,"---prompt---
Determine if the Umbrella/Excess Liability policy follows form to the underlying policies. Evidence may include: language in the Description of Operations section stating the umbrella follows form to underlying coverages or an additional page endorsement stating that it follows form. Follow form means the umbrella policy adopts the same terms, conditions, and exclusions as the underlying policies.",matchOnce,must be present,,Present,compliant,Block Requirements,,,true,2,,2026-08-16
"Block Real Estate Services, LLC",69fdf7b562446148bd85c47e,69fded2162446148bd8491ce,"UDP (Unisource Document Products)/ Datamax / Sumner Group, Inc.",69fdf20a02bb2c42a87a98b0,"tic847 - Pine Ridge Building 27 {PERG BUILDINGS, LLC}",evidenceOfInsurance,Evidence of Insurance,6ac20aae-5728-5d57-b364-aeba38527dba,Additional Requirements,2cdd866f-c9a4-576a-afd8-1d045762790c,The location must be listed as: 8052 - 8058 Flint Street Lenexa KS 66214,,matchOnce,must be present,,Present,compliant,Block Requirements,,,true,1,,2026-08-16
"Block Real Estate Services, LLC",69fdf7b562446148bd85c47e,69fded2162446148bd8491ce,"UDP (Unisource Document Products)/ Datamax / Sumner Group, Inc.",69fdf20a02bb2c42a87a98b0,"tic847 - Pine Ridge Building 27 {PERG BUILDINGS, LLC}",evidenceOfInsurance,Evidence of Insurance,6ac20aae-5728-5d57-b364-aeba38527dba,Additional Requirements,3649e9d1-4e09-59bf-8f30-cb33c40cf117,"Certificate Holder must read: c/o Block Real Estate Services, LLC, 4622 Pennsylvania St., Suite 700, Kansas City, MO, 64112",,matchOnce,must be present,,Present,compliant,Block Requirements,,,true,2,,2026-08-16
"Block Real Estate Services, LLC",69fdf7b562446148bd85c47d,69fded1e62446148bd84908d,"Servpro / Piat, Inc.",69fdf20a02bb2c42a87a98b0,"tic847 - Pine Ridge Building 27 {PERG BUILDINGS, LLC}",evidenceOfInsurance,Evidence of Insurance,commercialGeneralLiability,Commercial General Liability,evidenceOfInsuranceCommercialGeneralLiabilityCoverageTriggerOccurrence,Coverage Trigger: Occurrence,,matchOnce,must be present,,Present,compliant,Block Requirements,,,false,1,,2026-08-16
"Block Real Estate Services, LLC",69fdf7b562446148bd85c47d,69fded1e62446148bd84908d,"Servpro / Piat, Inc.",69fdf20a02bb2c42a87a98b0,"tic847 - Pine Ridge Building 27 {PERG BUILDINGS, LLC}",evidenceOfInsurance,Evidence of Insurance,commercialGeneralLiability,Commercial General Liability,evidenceOfInsuranceCommercialGeneralLiabilityGeneralAggregateLimitAppliesPerLocation,General Aggregate Limit Applies per: Location,,matchOnce,must be present,,Present,compliant,Block Requirements,,,false,1,,2026-08-16
"Block Real Estate Services, LLC",69fdf7b562446148bd85c47d,69fded1e62446148bd84908d,"Servpro / Piat, Inc.",69fdf20a02bb2c42a87a98b0,"tic847 - Pine Ridge Building 27 {PERG BUILDINGS, LLC}",evidenceOfInsurance,Evidence of Insurance,commercialGeneralLiability,Commercial General Liability,evidenceOfInsuranceCommercialGeneralLiabilityEachOccurrence,Each Occurrence,,matchOnce,must be greater or equal to,1000000,3000000,compliant,Block Requirements,,,false,1,,2026-08-16
"Block Real Estate Services, LLC",69fdf7b562446148bd85c47d,69fded1e62446148bd84908d,"Servpro / Piat, Inc.",69fdf20a02bb2c42a87a98b0,"tic847 - Pine Ridge Building 27 {PERG BUILDINGS, LLC}",evidenceOfInsurance,Evidence of Insurance,commercialGeneralLiability,Commercial General Liability,evidenceOfInsuranceCommercialGeneralLiabilityGeneralAggregate,General Aggregate,,matchOnce,must be greater or equal to,2000000,5000000,compliant,Block Requirements,,,false,1,,2026-08-16
"Block Real Estate Services, LLC",69fdf7b562446148bd85c47d,69fded1e62446148bd84908d,"Servpro / Piat, Inc.",69fdf20a02bb2c42a87a98b0,"tic847 - Pine Ridge Building 27 {PERG BUILDINGS, LLC}",evidenceOfInsurance,Evidence of Insurance,commercialGeneralLiability,Commercial General Liability,evidenceOfInsuranceCommercialGeneralLiabilityWaiverOfSubrogationEndorsement,Waiver of Subrogation,"---prompt---
Determine if the insurer has waived their right of subrogation in favor of the certificate holder under the Commercial General Liability policy. Evidence may include: a checked ""Waiver of Subrogation"" box on the certificate, mention in the Description of Operations section stating ""waiver of subrogation applies"", or reference to form CG 24 04. Look for language like ""subrogation is waived"" or ""per written contract"".",matchOnce,must be present,,Present,compliant,Block Requirements,,,false,1,,2026-08-16
"Block Real Estate Services, LLC",69fdf7b562446148bd85c47d,69fded1e62446148bd84908d,"Servpro / Piat, Inc.",69fdf20a02bb2c42a87a98b0,"tic847 - Pine Ridge Building 27 {PERG BUILDINGS, LLC}",evidenceOfInsurance,Evidence of Insurance,excessOrUmbrellaLiability,Umbrella/Excess Liability,evidenceOfInsuranceExcessOrUmbrellaLiabilityOccurence,Coverage Trigger: Occurrence,,matchOnce,must be present,,Present,compliant,Block Requirements,,,false,1,,2026-08-16
"Block Real Estate Services, LLC",69fdf7b562446148bd85c47d,69fded1e62446148bd84908d,"Servpro / Piat, Inc.",69fdf20a02bb2c42a87a98b0,"tic847 - Pine Ridge Building 27 {PERG BUILDINGS, LLC}",evidenceOfInsurance,Evidence of Insurance,excessOrUmbrellaLiability,Umbrella/Excess Liability,evidenceOfInsuranceExcessOrUmbrellaLiabilityEachOccurrence,Each Occurrence,,matchOnce,must be greater or equal to,1000000,5000000,compliant,Block Requirements,,,false,1,,2026-08-16
"Block Real Estate Services, LLC",69fdf7b562446148bd85c47d,69fded1e62446148bd84908d,"Servpro / Piat, Inc.",69fdf20a02bb2c42a87a98b0,"tic847 - Pine Ridge Building 27 {PERG BUILDINGS, LLC}",evidenceOfInsurance,Evidence of Insurance,excessOrUmbrellaLiability,Umbrella/Excess Liability,evidenceOfInsuranceExcessOrUmbrellaLiabilityAggregate,Aggregate,,matchOnce,must be greater or equal to,1000000,5000000,compliant,Block Requirements,,,false,1,,2026-08-16
"Block Real Estate Services, LLC",69fdf7b562446148bd85c47d,69fded1e62446148bd84908d,"Servpro / Piat, Inc.",69fdf20a02bb2c42a87a98b0,"tic847 - Pine Ridge Building 27 {PERG BUILDINGS, LLC}",evidenceOfInsurance,Evidence of Insurance,workersCompensation,Workers' Compensation and Employer's Liability,evidenceOfInsuranceWorkersCompensationStatutoryLimits,Statutory Limits,,matchOnce,must be present,,Present,compliant,Block Requirements,,,false,1,,2026-08-16
"Block Real Estate Services, LLC",69fdf7b562446148bd85c47d,69fded1e62446148bd84908d,"Servpro / Piat, Inc.",69fdf20a02bb2c42a87a98b0,"tic847 - Pine Ridge Building 27 {PERG BUILDINGS, LLC}",evidenceOfInsurance,Evidence of Insurance,workersCompensation,Workers' Compensation and Employer's Liability,evidenceOfInsuranceWorkersCompensationEmployersLiabilityEachAccident,Employer's Liability Each Accident,,matchOnce,must be greater or equal to,500000,1000000,compliant,Block Requirements,,,false,1,,2026-08-16
"Block Real Estate Services, LLC",69fdf7b562446148bd85c47d,69fded1e62446148bd84908d,"Servpro / Piat, Inc.",69fdf20a02bb2c42a87a98b0,"tic847 - Pine Ridge Building 27 {PERG BUILDINGS, LLC}",evidenceOfInsurance,Evidence of Insurance,workersCompensation,Workers' Compensation and Employer's Liability,evidenceOfInsuranceWorkersCompensationEmployersLiabilityDiseaseEachEmployee,Employer's Liability Disease - each employee,,matchOnce,must be greater or equal to,500000,1000000,compliant,Block Requirements,,,false,1,,2026-08-16
"Block Real Estate Services, LLC",69fdf7b562446148bd85c47d,69fded1e62446148bd84908d,"Servpro / Piat, Inc.",69fdf20a02bb2c42a87a98b0,"tic847 - Pine Ridge Building 27 {PERG BUILDINGS, LLC}",evidenceOfInsurance,Evidence of Insurance,workersCompensation,Workers' Compensation and Employer's Liability,evidenceOfInsuranceWorkersCompensationEmployersLiabilityDiseasePolicyLimit,Employer's Liability Disease - policy limit,,matchOnce,must be greater or equal to,500000,1000000,compliant,Block Requirements,,,false,1,,2026-08-16
"Block Real Estate Services, LLC",69fdf7b562446148bd85c47d,69fded1e62446148bd84908d,"Servpro / Piat, Inc.",69fdf20a02bb2c42a87a98b0,"tic847 - Pine Ridge Building 27 {PERG BUILDINGS, LLC}",evidenceOfInsurance,Evidence of Insurance,workersCompensation,Workers' Compensation and Employer's Liability,evidenceOfInsuranceWorkersCompensationWaiverOfSubrogationEndorsement,Waiver of Subrogation,"---prompt---
Determine if the insurer has waived their right of subrogation in favor of the certificate holder under the Workers' Compensation policy. Evidence may include: a checked ""Waiver of Subrogation"" box on the certificate, mention in the Description of Operations section stating ""waiver of subrogation applies"", or reference to form WC 00 03 13. Look for language like ""subrogation is waived"" or ""per written contract"".",matchOnce,must be present,,Present,compliant,Block Requirements,,,false,1,,2026-08-16
"Block Real Estate Services, LLC",69fdf7b562446148bd85c47d,69fded1e62446148bd84908d,"Servpro / Piat, Inc.",69fdf20a02bb2c42a87a98b0,"tic847 - Pine Ridge Building 27 {PERG BUILDINGS, LLC}",evidenceOfInsurance,Evidence of Insurance,6ac20aae-5728-5d57-b364-aeba38527dba,Additional Requirements,4da5b0f1-4c9d-5885-8cf8-5d3cccaed3e0,"Block Real Estate Services, LLC and all others required by contract are named as Additional Insureds","---prompt---
Determine if the Description of Operations or the Additional Remarks Schedule section states the ""Additional Insured as Construction Management, Inc. and all others required by contract"" or reference to blanket additional insured coverage. Look for language like ""certificate holder is additional insured"" or ""per written contract"".",matchOnce,must be present,,Present,compliant,Block Requirements,,,true,1,,2026-08-16
"Block Real Estate Services, LLC",69fdf7b562446148bd85c47d,69fded1e62446148bd84908d,"Servpro / Piat, Inc.",69fdf20a02bb2c42a87a98b0,"tic847 - Pine Ridge Building 27 {PERG BUILDINGS, LLC}",evidenceOfInsurance,Evidence of Insurance,6ac20aae-5728-5d57-b364-aeba38527dba,Additional Requirements,e1017741-e47e-5f58-97b8-fbc3043e919f,Umbrella follows form over General Liability,"---prompt---
Determine if the Umbrella/Excess Liability policy follows form to the underlying policies. Evidence may include: language in the Description of Operations section stating the umbrella follows form to underlying coverages or an additional page endorsement stating that it follows form. Follow form means the umbrella policy adopts the same terms, conditions, and exclusions as the underlying policies.",matchOnce,must be present,,Present,compliant,Block Requirements,,,true,1,,2026-08-16
"Block Real Estate Services, LLC",69fdf7b562446148bd85c47d,69fded1e62446148bd84908d,"Servpro / Piat, Inc.",69fdf20a02bb2c42a87a98b0,"tic847 - Pine Ridge Building 27 {PERG BUILDINGS, LLC}",evidenceOfInsurance,Evidence of Insurance,6ac20aae-5728-5d57-b364-aeba38527dba,Additional Requirements,2cdd866f-c9a4-576a-afd8-1d045762790c,The location must be listed as: 8066 Flint Street Lenexa KS 66214,,matchOnce,must be present,,Present,compliant,Block Requirements,,,true,1,,2026-08-16
"Block Real Estate Services, LLC",69fdf7b562446148bd85c47d,69fded1e62446148bd84908d,"Servpro / Piat, Inc.",69fdf20a02bb2c42a87a98b0,"tic847 - Pine Ridge Building 27 {PERG BUILDINGS, LLC}",evidenceOfInsurance,Evidence of Insurance,6ac20aae-5728-5d57-b364-aeba38527dba,Additional Requirements,3649e9d1-4e09-59bf-8f30-cb33c40cf117,"Certificate Holder must read: c/o Block Real Estate Services, LLC, 4622 Pennsylvania St., Suite 700, Kansas City, MO, 64112",,matchOnce,must be present,,Present,compliant,Block Requirements,,,true,1,,2026-08-16
"Block Real Estate Services, LLC",6a1dfbe732dcd24336deafad,69fded2162446148bd8491ce,"UDP (Unisource Document Products)/ Datamax / Sumner Group, Inc.",69fdf20a02bb2c42a87a98b0,"tic847 - Pine Ridge Building 27 {PERG BUILDINGS, LLC}",evidenceOfInsurance,Evidence of Insurance,commercialGeneralLiability,Commercial General Liability,evidenceOfInsuranceCommercialGeneralLiabilityCoverageTriggerOccurrence,Coverage Trigger: Occurrence,,matchOnce,must be present,,Present,compliant,Block Requirements,,,false,2,,2026-08-16
"Block Real Estate Services, LLC",6a1dfbe732dcd24336deafad,69fded2162446148bd8491ce,"UDP (Unisource Document Products)/ Datamax / Sumner Group, Inc.",69fdf20a02bb2c42a87a98b0,"tic847 - Pine Ridge Building 27 {PERG BUILDINGS, LLC}",evidenceOfInsurance,Evidence of Insurance,commercialGeneralLiability,Commercial General Liability,evidenceOfInsuranceCommercialGeneralLiabilityGeneralAggregateLimitAppliesPerLocation,General Aggregate Limit Applies per: Location,,matchOnce,must be present,,Present,compliant,Block Requirements,,,false,2,,2026-08-16
"Block Real Estate Services, LLC",6a1dfbe732dcd24336deafad,69fded2162446148bd8491ce,"UDP (Unisource Document Products)/ Datamax / Sumner Group, Inc.",69fdf20a02bb2c42a87a98b0,"tic847 - Pine Ridge Building 27 {PERG BUILDINGS, LLC}",evidenceOfInsurance,Evidence of Insurance,commercialGeneralLiability,Commercial General Liability,evidenceOfInsuranceCommercialGeneralLiabilityEachOccurrence,Each Occurrence,,matchOnce,must be greater or equal to,1000000,1000000,compliant,Block Requirements,,,false,2,,2026-08-16
"Block Real Estate Services, LLC",6a1dfbe732dcd24336deafad,69fded2162446148bd8491ce,"UDP (Unisource Document Products)/ Datamax / Sumner Group, Inc.",69fdf20a02bb2c42a87a98b0,"tic847 - Pine Ridge Building 27 {PERG BUILDINGS, LLC}",evidenceOfInsurance,Evidence of Insurance,commercialGeneralLiability,Commercial General Liability,evidenceOfInsuranceCommercialGeneralLiabilityGeneralAggregate,General Aggregate,,matchOnce,must be greater or equal to,2000000,2000000,compliant,Block Requirements,,,false,2,,2026-08-16
"Block Real Estate Services, LLC",6a1dfbe732dcd24336deafad,69fded2162446148bd8491ce,"UDP (Unisource Document Products)/ Datamax / Sumner Group, Inc.",69fdf20a02bb2c42a87a98b0,"tic847 - Pine Ridge Building 27 {PERG BUILDINGS, LLC}",evidenceOfInsurance,Evidence of Insurance,commercialGeneralLiability,Commercial General Liability,evidenceOfInsuranceCommercialGeneralLiabilityWaiverOfSubrogationEndorsement,Waiver of Subrogation,"---prompt---
Determine if the insurer has waived their right of subrogation in favor of the certificate holder under the Commercial General Liability policy. Evidence may include: a checked ""Waiver of Subrogation"" box on the certificate, mention in the Description of Operations section stating ""waiver of subrogation applies"", or reference to form CG 24 04. Look for language like ""subrogation is waived"" or ""per written contract"".",matchOnce,must be present,,Present,compliant,Block Requirements,,,false,2,,2026-08-16
"Block Real Estate Services, LLC",6a1dfbe732dcd24336deafad,69fded2162446148bd8491ce,"UDP (Unisource Document Products)/ Datamax / Sumner Group, Inc.",69fdf20a02bb2c42a87a98b0,"tic847 - Pine Ridge Building 27 {PERG BUILDINGS, LLC}",evidenceOfInsurance,Evidence of Insurance,excessOrUmbrellaLiability,Umbrella/Excess Liability,evidenceOfInsuranceExcessOrUmbrellaLiabilityOccurence,Coverage Trigger: Occurrence,,matchOnce,must be present,,Present,compliant,Block Requirements,,,false,2,,2026-08-16
"Block Real Estate Services, LLC",6a1dfbe732dcd24336deafad,69fded2162446148bd8491ce,"UDP (Unisource Document Products)/ Datamax / Sumner Group, Inc.",69fdf20a02bb2c42a87a98b0,"tic847 - Pine Ridge Building 27 {PERG BUILDINGS, LLC}",evidenceOfInsurance,Evidence of Insurance,excessOrUmbrellaLiability,Umbrella/Excess Liability,evidenceOfInsuranceExcessOrUmbrellaLiabilityEachOccurrence,Each Occurrence,,matchOnce,must be greater or equal to,1000000,10000000,compliant,Block Requirements,,,false,2,,2026-08-16
"Block Real Estate Services, LLC",6a1dfbe732dcd24336deafad,69fded2162446148bd8491ce,"UDP (Unisource Document Products)/ Datamax / Sumner Group, Inc.",69fdf20a02bb2c42a87a98b0,"tic847 - Pine Ridge Building 27 {PERG BUILDINGS, LLC}",evidenceOfInsurance,Evidence of Insurance,excessOrUmbrellaLiability,Umbrella/Excess Liability,evidenceOfInsuranceExcessOrUmbrellaLiabilityAggregate,Aggregate,,matchOnce,must be greater or equal to,1000000,10000000,compliant,Block Requirements,,,false,2,,2026-08-16
"Block Real Estate Services, LLC",6a1dfbe732dcd24336deafad,69fded2162446148bd8491ce,"UDP (Unisource Document Products)/ Datamax / Sumner Group, Inc.",69fdf20a02bb2c42a87a98b0,"tic847 - Pine Ridge Building 27 {PERG BUILDINGS, LLC}",evidenceOfInsurance,Evidence of Insurance,workersCompensation,Workers' Compensation and Employer's Liability,evidenceOfInsuranceWorkersCompensationStatutoryLimits,Statutory Limits,,matchOnce,must be present,,Present,compliant,Block Requirements,,,false,2,,2026-08-16
"Block Real Estate Services, LLC",6a1dfbe732dcd24336deafad,69fded2162446148bd8491ce,"UDP (Unisource Document Products)/ Datamax / Sumner Group, Inc.",69fdf20a02bb2c42a87a98b0,"tic847 - Pine Ridge Building 27 {PERG BUILDINGS, LLC}",evidenceOfInsurance,Evidence of Insurance,workersCompensation,Workers' Compensation and Employer's Liability,evidenceOfInsuranceWorkersCompensationEmployersLiabilityEachAccident,Employer's Liability Each Accident,,matchOnce,must be greater or equal to,500000,1000000,compliant,Block Requirements,,,false,2,,2026-08-16
"Block Real Estate Services, LLC",6a1dfbe732dcd24336deafad,69fded2162446148bd8491ce,"UDP (Unisource Document Products)/ Datamax / Sumner Group, Inc.",69fdf20a02bb2c42a87a98b0,"tic847 - Pine Ridge Building 27 {PERG BUILDINGS, LLC}",evidenceOfInsurance,Evidence of Insurance,workersCompensation,Workers' Compensation and Employer's Liability,evidenceOfInsuranceWorkersCompensationEmployersLiabilityDiseaseEachEmployee,Employer's Liability Disease - each employee,,matchOnce,must be greater or equal to,500000,1000000,compliant,Block Requirements,,,false,2,,2026-08-16
"Block Real Estate Services, LLC",6a1dfbe732dcd24336deafad,69fded2162446148bd8491ce,"UDP (Unisource Document Products)/ Datamax / Sumner Group, Inc.",69fdf20a02bb2c42a87a98b0,"tic847 - Pine Ridge Building 27 {PERG BUILDINGS, LLC}",evidenceOfInsurance,Evidence of Insurance,workersCompensation,Workers' Compensation and Employer's Liability,evidenceOfInsuranceWorkersCompensationEmployersLiabilityDiseasePolicyLimit,Employer's Liability Disease - policy limit,,matchOnce,must be greater or equal to,500000,1000000,compliant,Block Requirements,,,false,2,,2026-08-16
"Block Real Estate Services, LLC",6a1dfbe732dcd24336deafad,69fded2162446148bd8491ce,"UDP (Unisource Document Products)/ Datamax / Sumner Group, Inc.",69fdf20a02bb2c42a87a98b0,"tic847 - Pine Ridge Building 27 {PERG BUILDINGS, LLC}",evidenceOfInsurance,Evidence of Insurance,workersCompensation,Workers' Compensation and Employer's Liability,evidenceOfInsuranceWorkersCompensationWaiverOfSubrogationEndorsement,Waiver of Subrogation,"---prompt---
Determine if the insurer has waived their right of subrogation in favor of the certificate holder under the Workers' Compensation policy. Evidence may include: a checked ""Waiver of Subrogation"" box on the certificate, mention in the Description of Operations section stating ""waiver of subrogation applies"", or reference to form WC 00 03 13. Look for language like ""subrogation is waived"" or ""per written contract"".",matchOnce,must be present,,Present,compliant,Block Requirements,,,false,2,,2026-08-16
"Block Real Estate Services, LLC",6a1dfbe732dcd24336deafad,69fded2162446148bd8491ce,"UDP (Unisource Document Products)/ Datamax / Sumner Group, Inc.",69fdf20a02bb2c42a87a98b0,"tic847 - Pine Ridge Building 27 {PERG BUILDINGS, LLC}",evidenceOfInsurance,Evidence of Insurance,6ac20aae-5728-5d57-b364-aeba38527dba,Additional Requirements,4da5b0f1-4c9d-5885-8cf8-5d3cccaed3e0,"Block Real Estate Services, LLC and all others required by contract are named as Additional Insureds","---prompt---
Determine if the Description of Operations or the Additional Remarks Schedule section states the ""Additional Insured as Construction Management, Inc. and all others required by contract"" or reference to blanket additional insured coverage. Look for language like ""certificate holder is additional insured"" or ""per written contract"".",matchOnce,must be present,,Present,compliant,Block Requirements,,,true,2,,2026-08-16
"Block Real Estate Services, LLC",6a1dfbe732dcd24336deafad,69fded2162446148bd8491ce,"UDP (Unisource Document Products)/ Datamax / Sumner Group, Inc.",69fdf20a02bb2c42a87a98b0,"tic847 - Pine Ridge Building 27 {PERG BUILDINGS, LLC}",evidenceOfInsurance,Evidence of Insurance,6ac20aae-5728-5d57-b364-aeba38527dba,Additional Requirements,e1017741-e47e-5f58-97b8-fbc3043e919f,Umbrella follows form over General Liability,"---prompt---
Determine if the Umbrella/Excess Liability policy follows form to the underlying policies. Evidence may include: language in the Description of Operations section stating the umbrella follows form to underlying coverages or an additional page endorsement stating that it follows form. Follow form means the umbrella policy adopts the same terms, conditions, and exclusions as the underlying policies.",matchOnce,must be present,,Present,compliant,Block Requirements,,,true,2,,2026-08-16
"Block Real Estate Services, LLC",6a1dfbe732dcd24336deafad,69fded2162446148bd8491ce,"UDP (Unisource Document Products)/ Datamax / Sumner Group, Inc.",69fdf20a02bb2c42a87a98b0,"tic847 - Pine Ridge Building 27 {PERG BUILDINGS, LLC}",evidenceOfInsurance,Evidence of Insurance,6ac20aae-5728-5d57-b364-aeba38527dba,Additional Requirements,2cdd866f-c9a4-576a-afd8-1d045762790c,The location must be listed as: 8062 Flint Street Lenexa KS 66214,,matchOnce,must be present,,Present,compliant,Block Requirements,,,true,1,,2026-08-16
"Block Real Estate Services, LLC",6a1dfbe732dcd24336deafad,69fded2162446148bd8491ce,"UDP (Unisource Document Products)/ Datamax / Sumner Group, Inc.",69fdf20a02bb2c42a87a98b0,"tic847 - Pine Ridge Building 27 {PERG BUILDINGS, LLC}",evidenceOfInsurance,Evidence of Insurance,6ac20aae-5728-5d57-b364-aeba38527dba,Additional Requirements,3649e9d1-4e09-59bf-8f30-cb33c40cf117,"Certificate Holder must read: c/o Block Real Estate Services, LLC, 4622 Pennsylvania St., Suite 700, Kansas City, MO, 64112",,matchOnce,must be present,,Present,compliant,Block Requirements,,,true,2,,2026-08-16
"Block Real Estate Services, LLC",69fdf75c62446148bd855fa8,69fded1e62446148bd8490b1,"Prime Source Building Products, Inc.",69fdefc60bb484cab513a701,"bf4306 - Prime Source Associates, LLC",evidenceOfInsurance,Evidence of Insurance,commercialGeneralLiability,Commercial General Liability,evidenceOfInsuranceCommercialGeneralLiabilityCoverageTriggerOccurrence,Coverage Trigger: Occurrence,,matchOnce,must be present,,Present,compliant,Block Requirements,,,false,1,,2026-08-16
"Block Real Estate Services, LLC",69fdf75c62446148bd855fa8,69fded1e62446148bd8490b1,"Prime Source Building Products, Inc.",69fdefc60bb484cab513a701,"bf4306 - Prime Source Associates, LLC",evidenceOfInsurance,Evidence of Insurance,commercialGeneralLiability,Commercial General Liability,evidenceOfInsuranceCommercialGeneralLiabilityGeneralAggregateLimitAppliesPerLocation,General Aggregate Limit Applies per: Location,,matchOnce,must be present,,Present,compliant,Block Requirements,,,false,1,,2026-08-16
"Block Real Estate Services, LLC",69fdf75c62446148bd855fa8,69fded1e62446148bd8490b1,"Prime Source Building Products, Inc.",69fdefc60bb484cab513a701,"bf4306 - Prime Source Associates, LLC",evidenceOfInsurance,Evidence of Insurance,commercialGeneralLiability,Commercial General Liability,evidenceOfInsuranceCommercialGeneralLiabilityEachOccurrence,Each Occurrence,,matchOnce,must be greater or equal to,1000000,2000000,compliant,Block Requirements,,,false,1,,2026-08-16
"Block Real Estate Services, LLC",69fdf75c62446148bd855fa8,69fded1e62446148bd8490b1,"Prime Source Building Products, Inc.",69fdefc60bb484cab513a701,"bf4306 - Prime Source Associates, LLC",evidenceOfInsurance,Evidence of Insurance,commercialGeneralLiability,Commercial General Liability,evidenceOfInsuranceCommercialGeneralLiabilityGeneralAggregate,General Aggregate,,matchOnce,must be greater or equal to,2000000,4000000,compliant,Block Requirements,,,false,1,,2026-08-16
"Block Real Estate Services, LLC",69fdf75c62446148bd855fa8,69fded1e62446148bd8490b1,"Prime Source Building Products, Inc.",69fdefc60bb484cab513a701,"bf4306 - Prime Source Associates, LLC",evidenceOfInsurance,Evidence of Insurance,commercialGeneralLiability,Commercial General Liability,evidenceOfInsuranceCommercialGeneralLiabilityWaiverOfSubrogationEndorsement,Waiver of Subrogation,"---prompt---
Determine if the insurer has waived their right of subrogation in favor of the certificate holder under the Commercial General Liability policy. Evidence may include: a checked ""Waiver of Subrogation"" box on the certificate, mention in the Description of Operations section stating ""waiver of subrogation applies"", or reference to form CG 24 04. Look for language like ""subrogation is waived"" or ""per written contract"".",matchOnce,must be present,,Present,compliant,Block Requirements,,,false,1,,2026-08-16
"Block Real Estate Services, LLC",69fdf75c62446148bd855fa8,69fded1e62446148bd8490b1,"Prime Source Building Products, Inc.",69fdefc60bb484cab513a701,"bf4306 - Prime Source Associates, LLC",evidenceOfInsurance,Evidence of Insurance,excessOrUmbrellaLiability,Umbrella/Excess Liability,evidenceOfInsuranceExcessOrUmbrellaLiabilityOccurence,Coverage Trigger: Occurrence,,matchOnce,must be present,,Present,compliant,Block Requirements,,,false,1,,2026-08-16
"Block Real Estate Services, LLC",69fdf75c62446148bd855fa8,69fded1e62446148bd8490b1,"Prime Source Building Products, Inc.",69fdefc60bb484cab513a701,"bf4306 - Prime Source Associates, LLC",evidenceOfInsurance,Evidence of Insurance,excessOrUmbrellaLiability,Umbrella/Excess Liability,evidenceOfInsuranceExcessOrUmbrellaLiabilityEachOccurrence,Each Occurrence,,matchOnce,must be greater or equal to,1000000,5000000,compliant,Block Requirements,,,false,1,,2026-08-16
"Block Real Estate Services, LLC",69fdf75c62446148bd855fa8,69fded1e62446148bd8490b1,"Prime Source Building Products, Inc.",69fdefc60bb484cab513a701,"bf4306 - Prime Source Associates, LLC",evidenceOfInsurance,Evidence of Insurance,excessOrUmbrellaLiability,Umbrella/Excess Liability,evidenceOfInsuranceExcessOrUmbrellaLiabilityAggregate,Aggregate,,matchOnce,must be greater or equal to,1000000,5000000,compliant,Block Requirements,,,false,1,,2026-08-16
"Block Real Estate Services, LLC",69fdf75c62446148bd855fa8,69fded1e62446148bd8490b1,"Prime Source Building Products, Inc.",69fdefc60bb484cab513a701,"bf4306 - Prime Source Associates, LLC",evidenceOfInsurance,Evidence of Insurance,workersCompensation,Workers' Compensation and Employer's Liability,evidenceOfInsuranceWorkersCompensationStatutoryLimits,Statutory Limits,,matchOnce,must be present,,Present,compliant,Block Requirements,,,false,1,,2026-08-16
"Block Real Estate Services, LLC",69fdf75c62446148bd855fa8,69fded1e62446148bd8490b1,"Prime Source Building Products, Inc.",69fdefc60bb484cab513a701,"bf4306 - Prime Source Associates, LLC",evidenceOfInsurance,Evidence of Insurance,workersCompensation,Workers' Compensation and Employer's Liability,evidenceOfInsuranceWorkersCompensationEmployersLiabilityEachAccident,Employer's Liability Each Accident,,matchOnce,must be greater or equal to,500000,1000000,compliant,Block Requirements,,,false,1,,2026-08-16
"Block Real Estate Services, LLC",69fdf75c62446148bd855fa8,69fded1e62446148bd8490b1,"Prime Source Building Products, Inc.",69fdefc60bb484cab513a701,"bf4306 - Prime Source Associates, LLC",evidenceOfInsurance,Evidence of Insurance,workersCompensation,Workers' Compensation and Employer's Liability,evidenceOfInsuranceWorkersCompensationEmployersLiabilityDiseaseEachEmployee,Employer's Liability Disease - each employee,,matchOnce,must be greater or equal to,500000,1000000,compliant,Block Requirements,,,false,1,,2026-08-16
"Block Real Estate Services, LLC",69fdf75c62446148bd855fa8,69fded1e62446148bd8490b1,"Prime Source Building Products, Inc.",69fdefc60bb484cab513a701,"bf4306 - Prime Source Associates, LLC",evidenceOfInsurance,Evidence of Insurance,workersCompensation,Workers' Compensation and Employer's Liability,evidenceOfInsuranceWorkersCompensationEmployersLiabilityDiseasePolicyLimit,Employer's Liability Disease - policy limit,,matchOnce,must be greater or equal to,500000,1000000,compliant,Block Requirements,,,false,1,,2026-08-16
"Block Real Estate Services, LLC",69fdf75c62446148bd855fa8,69fded1e62446148bd8490b1,"Prime Source Building Products, Inc.",69fdefc60bb484cab513a701,"bf4306 - Prime Source Associates, LLC",evidenceOfInsurance,Evidence of Insurance,workersCompensation,Workers' Compensation and Employer's Liability,evidenceOfInsuranceWorkersCompensationWaiverOfSubrogationEndorsement,Waiver of Subrogation,"---prompt---
Determine if the insurer has waived their right of subrogation in favor of the certificate holder under the Workers' Compensation policy. Evidence may include: a checked ""Waiver of Subrogation"" box on the certificate, mention in the Description of Operations section stating ""waiver of subrogation applies"", or reference to form WC 00 03 13. Look for language like ""subrogation is waived"" or ""per written contract"".",matchOnce,must be present,,Present,compliant,Block Requirements,,,false,1,,2026-08-16
"Block Real Estate Services, LLC",69fdf75c62446148bd855fa8,69fded1e62446148bd8490b1,"Prime Source Building Products, Inc.",69fdefc60bb484cab513a701,"bf4306 - Prime Source Associates, LLC",evidenceOfInsurance,Evidence of Insurance,6ac20aae-5728-5d57-b364-aeba38527dba,Additional Requirements,4da5b0f1-4c9d-5885-8cf8-5d3cccaed3e0,"Block Real Estate Services, LLC and all others required by contract are named as Additional Insureds","---prompt---
Determine if the Description of Operations or the Additional Remarks Schedule section states the ""Additional Insured as Construction Management, Inc. and all others required by contract"" or reference to blanket additional insured coverage. Look for language like ""certificate holder is additional insured"" or ""per written contract"".",matchOnce,must be present,,Present,compliant,Block Requirements,,,true,1,,2026-08-16
"Block Real Estate Services, LLC",69fdf75c62446148bd855fa8,69fded1e62446148bd8490b1,"Prime Source Building Products, Inc.",69fdefc60bb484cab513a701,"bf4306 - Prime Source Associates, LLC",evidenceOfInsurance,Evidence of Insurance,6ac20aae-5728-5d57-b364-aeba38527dba,Additional Requirements,e1017741-e47e-5f58-97b8-fbc3043e919f,Umbrella follows form over General Liability,"---prompt---
Determine if the Umbrella/Excess Liability policy follows form to the underlying policies. Evidence may include: language in the Description of Operations section stating the umbrella follows form to underlying coverages or an additional page endorsement stating that it follows form. Follow form means the umbrella policy adopts the same terms, conditions, and exclusions as the underlying policies.",matchOnce,must be present,,Present,compliant,Block Requirements,,,true,1,,2026-08-16
"Block Real Estate Services, LLC",69fdf75c62446148bd855fa8,69fded1e62446148bd8490b1,"Prime Source Building Products, Inc.",69fdefc60bb484cab513a701,"bf4306 - Prime Source Associates, LLC",evidenceOfInsurance,Evidence of Insurance,6ac20aae-5728-5d57-b364-aeba38527dba,Additional Requirements,2cdd866f-c9a4-576a-afd8-1d045762790c,"The location must be listed as: 6101 NE Parretta Drive, Kansas City, MO, 64120",,matchOnce,must be present,,Present,compliant,Block Requirements,,,true,1,,2026-08-16
"Block Real Estate Services, LLC",69fdf75c62446148bd855fa8,69fded1e62446148bd8490b1,"Prime Source Building Products, Inc.",69fdefc60bb484cab513a701,"bf4306 - Prime Source Associates, LLC",evidenceOfInsurance,Evidence of Insurance,6ac20aae-5728-5d57-b364-aeba38527dba,Additional Requirements,3649e9d1-4e09-59bf-8f30-cb33c40cf117,"Certificate Holder must read: c/o Block Real Estate Services, LLC, 4622 Pennsylvania St., Suite 700, Kansas City, MO, 64112",,matchOnce,must be present,,Present,compliant,Block Requirements,,,true,1,,2026-08-16
"Block Real Estate Services, LLC",69fdf7a362446148bd85b03c,69fded2362446148bd849246,Turn5 Inc,69fdf179d3bfa5e4945e2ba8,"tic441 - Lenexa Logistics Centre North Building 1 {BLNW ASSOCIATES, LLC}",evidenceOfInsurance,Evidence of Insurance,commercialGeneralLiability,Commercial General Liability,evidenceOfInsuranceCommercialGeneralLiabilityCoverageTriggerOccurrence,Coverage Trigger: Occurrence,,matchOnce,must be present,,,non_compliant,Block Requirements,,,false,0,,2026-08-16
"Block Real Estate Services, LLC",69fdf7a362446148bd85b03c,69fded2362446148bd849246,Turn5 Inc,69fdf179d3bfa5e4945e2ba8,"tic441 - Lenexa Logistics Centre North Building 1 {BLNW ASSOCIATES, LLC}",evidenceOfInsurance,Evidence of Insurance,commercialGeneralLiability,Commercial General Liability,evidenceOfInsuranceCommercialGeneralLiabilityGeneralAggregateLimitAppliesPerLocation,General Aggregate Limit Applies per: Location,,matchOnce,must be present,,,non_compliant,Block Requirements,,,false,0,,2026-08-16
"Block Real Estate Services, LLC",69fdf7a362446148bd85b03c,69fded2362446148bd849246,Turn5 Inc,69fdf179d3bfa5e4945e2ba8,"tic441 - Lenexa Logistics Centre North Building 1 {BLNW ASSOCIATES, LLC}",evidenceOfInsurance,Evidence of Insurance,commercialGeneralLiability,Commercial General Liability,evidenceOfInsuranceCommercialGeneralLiabilityEachOccurrence,Each Occurrence,,matchOnce,must be greater or equal to,1000000,,non_compliant,Block Requirements,,,false,0,,2026-08-16
"Block Real Estate Services, LLC",69fdf7a362446148bd85b03c,69fded2362446148bd849246,Turn5 Inc,69fdf179d3bfa5e4945e2ba8,"tic441 - Lenexa Logistics Centre North Building 1 {BLNW ASSOCIATES, LLC}",evidenceOfInsurance,Evidence of Insurance,commercialGeneralLiability,Commercial General Liability,evidenceOfInsuranceCommercialGeneralLiabilityGeneralAggregate,General Aggregate,,matchOnce,must be greater or equal to,2000000,,non_compliant,Block Requirements,,,false,0,,2026-08-16
"Block Real Estate Services, LLC",69fdf7a362446148bd85b03c,69fded2362446148bd849246,Turn5 Inc,69fdf179d3bfa5e4945e2ba8,"tic441 - Lenexa Logistics Centre North Building 1 {BLNW ASSOCIATES, LLC}",evidenceOfInsurance,Evidence of Insurance,commercialGeneralLiability,Commercial General Liability,evidenceOfInsuranceCommercialGeneralLiabilityWaiverOfSubrogationEndorsement,Waiver of Subrogation,"---prompt---
Determine if the insurer has waived their right of subrogation in favor of the certificate holder under the Commercial General Liability policy. Evidence may include: a checked ""Waiver of Subrogation"" box on the certificate, mention in the Description of Operations section stating ""waiver of subrogation applies"", or reference to form CG 24 04. Look for language like ""subrogation is waived"" or ""per written contract"".",matchOnce,must be present,,,non_compliant,Block Requirements,,,false,0,,2026-08-16
"Block Real Estate Services, LLC",69fdf7a362446148bd85b03c,69fded2362446148bd849246,Turn5 Inc,69fdf179d3bfa5e4945e2ba8,"tic441 - Lenexa Logistics Centre North Building 1 {BLNW ASSOCIATES, LLC}",evidenceOfInsurance,Evidence of Insurance,excessOrUmbrellaLiability,Umbrella/Excess Liability,evidenceOfInsuranceExcessOrUmbrellaLiabilityOccurence,Coverage Trigger: Occurrence,,matchOnce,must be present,,,non_compliant,Block Requirements,,,false,0,,2026-08-16
"Block Real Estate Services, LLC",69fdf7a362446148bd85b03c,69fded2362446148bd849246,Turn5 Inc,69fdf179d3bfa5e4945e2ba8,"tic441 - Lenexa Logistics Centre North Building 1 {BLNW ASSOCIATES, LLC}",evidenceOfInsurance,Evidence of Insurance,excessOrUmbrellaLiability,Umbrella/Excess Liability,evidenceOfInsuranceExcessOrUmbrellaLiabilityEachOccurrence,Each Occurrence,,matchOnce,must be greater or equal to,1000000,,non_compliant,Block Requirements,,,false,0,,2026-08-16
"Block Real Estate Services, LLC",69fdf7a362446148bd85b03c,69fded2362446148bd849246,Turn5 Inc,69fdf179d3bfa5e4945e2ba8,"tic441 - Lenexa Logistics Centre North Building 1 {BLNW ASSOCIATES, LLC}",evidenceOfInsurance,Evidence of Insurance,excessOrUmbrellaLiability,Umbrella/Excess Liability,evidenceOfInsuranceExcessOrUmbrellaLiabilityAggregate,Aggregate,,matchOnce,must be greater or equal to,1000000,,non_compliant,Block Requirements,,,false,0,,2026-08-16
"Block Real Estate Services, LLC",69fdf7a362446148bd85b03c,69fded2362446148bd849246,Turn5 Inc,69fdf179d3bfa5e4945e2ba8,"tic441 - Lenexa Logistics Centre North Building 1 {BLNW ASSOCIATES, LLC}",evidenceOfInsurance,Evidence of Insurance,workersCompensation,Workers' Compensation and Employer's Liability,evidenceOfInsuranceWorkersCompensationStatutoryLimits,Statutory Limits,,matchOnce,must be present,,,non_compliant,Block Requirements,,,false,0,,2026-08-16
"Block Real Estate Services, LLC",69fdf7a362446148bd85b03c,69fded2362446148bd849246,Turn5 Inc,69fdf179d3bfa5e4945e2ba8,"tic441 - Lenexa Logistics Centre North Building 1 {BLNW ASSOCIATES, LLC}",evidenceOfInsurance,Evidence of Insurance,workersCompensation,Workers' Compensation and Employer's Liability,evidenceOfInsuranceWorkersCompensationEmployersLiabilityEachAccident,Employer's Liability Each Accident,,matchOnce,must be greater or equal to,500000,,non_compliant,Block Requirements,,,false,0,,2026-08-16
"Block Real Estate Services, LLC",69fdf7a362446148bd85b03c,69fded2362446148bd849246,Turn5 Inc,69fdf179d3bfa5e4945e2ba8,"tic441 - Lenexa Logistics Centre North Building 1 {BLNW ASSOCIATES, LLC}",evidenceOfInsurance,Evidence of Insurance,workersCompensation,Workers' Compensation and Employer's Liability,evidenceOfInsuranceWorkersCompensationEmployersLiabilityDiseaseEachEmployee,Employer's Liability Disease - each employee,,matchOnce,must be greater or equal to,500000,,non_compliant,Block Requirements,,,false,0,,2026-08-16
"Block Real Estate Services, LLC",69fdf7a362446148bd85b03c,69fded2362446148bd849246,Turn5 Inc,69fdf179d3bfa5e4945e2ba8,"tic441 - Lenexa Logistics Centre North Building 1 {BLNW ASSOCIATES, LLC}",evidenceOfInsurance,Evidence of Insurance,workersCompensation,Workers' Compensation and Employer's Liability,evidenceOfInsuranceWorkersCompensationEmployersLiabilityDiseasePolicyLimit,Employer's Liability Disease - policy limit,,matchOnce,must be greater or equal to,500000,,non_compliant,Block Requirements,,,false,0,,2026-08-16
"Block Real Estate Services, LLC",69fdf7a362446148bd85b03c,69fded2362446148bd849246,Turn5 Inc,69fdf179d3bfa5e4945e2ba8,"tic441 - Lenexa Logistics Centre North Building 1 {BLNW ASSOCIATES, LLC}",evidenceOfInsurance,Evidence of Insurance,workersCompensation,Workers' Compensation and Employer's Liability,evidenceOfInsuranceWorkersCompensationWaiverOfSubrogationEndorsement,Waiver of Subrogation,"---prompt---
Determine if the insurer has waived their right of subrogation in favor of the certificate holder under the Workers' Compensation policy. Evidence may include: a checked ""Waiver of Subrogation"" box on the certificate, mention in the Description of Operations section stating ""waiver of subrogation applies"", or reference to form WC 00 03 13. Look for language like ""subrogation is waived"" or ""per written contract"".",matchOnce,must be present,,,non_compliant,Block Requirements,,,false,0,,2026-08-16
"Block Real Estate Services, LLC",69fdf7a362446148bd85b03c,69fded2362446148bd849246,Turn5 Inc,69fdf179d3bfa5e4945e2ba8,"tic441 - Lenexa Logistics Centre North Building 1 {BLNW ASSOCIATES, LLC}",evidenceOfInsurance,Evidence of Insurance,6ac20aae-5728-5d57-b364-aeba38527dba,Additional Requirements,4da5b0f1-4c9d-5885-8cf8-5d3cccaed3e0,"Block Real Estate Services, LLC and all others required by contract are named as Additional Insureds","---prompt---
Determine if the Description of Operations or the Additional Remarks Schedule section states the ""Additional Insured as Construction Management, Inc. and all others required by contract"" or reference to blanket additional insured coverage. Look for language like ""certificate holder is additional insured"" or ""per written contract"".",matchOnce,must be present,,,non_compliant,Block Requirements,,,true,0,,2026-08-16
"Block Real Estate Services, LLC",69fdf7a362446148bd85b03c,69fded2362446148bd849246,Turn5 Inc,69fdf179d3bfa5e4945e2ba8,"tic441 - Lenexa Logistics Centre North Building 1 {BLNW ASSOCIATES, LLC}",evidenceOfInsurance,Evidence of Insurance,6ac20aae-5728-5d57-b364-aeba38527dba,Additional Requirements,e1017741-e47e-5f58-97b8-fbc3043e919f,Umbrella follows form over General Liability,"---prompt---
Determine if the Umbrella/Excess Liability policy follows form to the underlying policies. Evidence may include: language in the Description of Operations section stating the umbrella follows form to underlying coverages or an additional page endorsement stating that it follows form. Follow form means the umbrella policy adopts the same terms, conditions, and exclusions as the underlying policies.",matchOnce,must be present,,,non_compliant,Block Requirements,,,true,0,,2026-08-16
"Block Real Estate Services, LLC",69fdf7a362446148bd85b03c,69fded2362446148bd849246,Turn5 Inc,69fdf179d3bfa5e4945e2ba8,"tic441 - Lenexa Logistics Centre North Building 1 {BLNW ASSOCIATES, LLC}",evidenceOfInsurance,Evidence of Insurance,6ac20aae-5728-5d57-b364-aeba38527dba,Additional Requirements,2cdd866f-c9a4-576a-afd8-1d045762790c,"The location must be listed as: 17700, 17720 College Blvd Lenexa KS 66219",,matchOnce,must be present,,,non_compliant,Block Requirements,,,true,0,,2026-08-16
"Block Real Estate Services, LLC",69fdf7a362446148bd85b03c,69fded2362446148bd849246,Turn5 Inc,69fdf179d3bfa5e4945e2ba8,"tic441 - Lenexa Logistics Centre North Building 1 {BLNW ASSOCIATES, LLC}",evidenceOfInsurance,Evidence of Insurance,6ac20aae-5728-5d57-b364-aeba38527dba,Additional Requirements,3649e9d1-4e09-59bf-8f30-cb33c40cf117,"Certificate Holder must read: c/o Block Real Estate Services, LLC, 4622 Pennsylvania St., Suite 700, Kansas City, MO, 64112",,matchOnce,must be present,,,non_compliant,Block Requirements,,,true,0,,2026-08-16
"Block Real Estate Services, LLC",69fdf7a362446148bd85b03b,69fded1e62446148bd8490c0,"Sportsman's Cap / Promotional Headwear International, Inc.",69fdf179d3bfa5e4945e2ba8,"tic441 - Lenexa Logistics Centre North Building 1 {BLNW ASSOCIATES, LLC}",evidenceOfInsurance,Evidence of Insurance,commercialGeneralLiability,Commercial General Liability,evidenceOfInsuranceCommercialGeneralLiabilityCoverageTriggerOccurrence,Coverage Trigger: Occurrence,,matchOnce,must be present,,,non_compliant,Block Requirements,,,false,0,,2026-08-16
"Block Real Estate Services, LLC",69fdf7a362446148bd85b03b,69fded1e62446148bd8490c0,"Sportsman's Cap / Promotional Headwear International, Inc.",69fdf179d3bfa5e4945e2ba8,"tic441 - Lenexa Logistics Centre North Building 1 {BLNW ASSOCIATES, LLC}",evidenceOfInsurance,Evidence of Insurance,commercialGeneralLiability,Commercial General Liability,evidenceOfInsuranceCommercialGeneralLiabilityGeneralAggregateLimitAppliesPerLocation,General Aggregate Limit Applies per: Location,,matchOnce,must be present,,,non_compliant,Block Requirements,,,false,0,,2026-08-16
"Block Real Estate Services, LLC",69fdf7a362446148bd85b03b,69fded1e62446148bd8490c0,"Sportsman's Cap / Promotional Headwear International, Inc.",69fdf179d3bfa5e4945e2ba8,"tic441 - Lenexa Logistics Centre North Building 1 {BLNW ASSOCIATES, LLC}",evidenceOfInsurance,Evidence of Insurance,commercialGeneralLiability,Commercial General Liability,evidenceOfInsuranceCommercialGeneralLiabilityEachOccurrence,Each Occurrence,,matchOnce,must be greater or equal to,1000000,,non_compliant,Block Requirements,,,false,0,,2026-08-16
"Block Real Estate Services, LLC",69fdf7a362446148bd85b03b,69fded1e62446148bd8490c0,"Sportsman's Cap / Promotional Headwear International, Inc.",69fdf179d3bfa5e4945e2ba8,"tic441 - Lenexa Logistics Centre North Building 1 {BLNW ASSOCIATES, LLC}",evidenceOfInsurance,Evidence of Insurance,commercialGeneralLiability,Commercial General Liability,evidenceOfInsuranceCommercialGeneralLiabilityGeneralAggregate,General Aggregate,,matchOnce,must be greater or equal to,2000000,,non_compliant,Block Requirements,,,false,0,,2026-08-16
"Block Real Estate Services, LLC",69fdf7a362446148bd85b03b,69fded1e62446148bd8490c0,"Sportsman's Cap / Promotional Headwear International, Inc.",69fdf179d3bfa5e4945e2ba8,"tic441 - Lenexa Logistics Centre North Building 1 {BLNW ASSOCIATES, LLC}",evidenceOfInsurance,Evidence of Insurance,commercialGeneralLiability,Commercial General Liability,evidenceOfInsuranceCommercialGeneralLiabilityWaiverOfSubrogationEndorsement,Waiver of Subrogation,"---prompt---
Determine if the insurer has waived their right of subrogation in favor of the certificate holder under the Commercial General Liability policy. Evidence may include: a checked ""Waiver of Subrogation"" box on the certificate, mention in the Description of Operations section stating ""waiver of subrogation applies"", or reference to form CG 24 04. Look for language like ""subrogation is waived"" or ""per written contract"".",matchOnce,must be present,,,non_compliant,Block Requirements,,,false,0,,2026-08-16
"Block Real Estate Services, LLC",69fdf7a362446148bd85b03b,69fded1e62446148bd8490c0,"Sportsman's Cap / Promotional Headwear International, Inc.",69fdf179d3bfa5e4945e2ba8,"tic441 - Lenexa Logistics Centre North Building 1 {BLNW ASSOCIATES, LLC}",evidenceOfInsurance,Evidence of Insurance,excessOrUmbrellaLiability,Umbrella/Excess Liability,evidenceOfInsuranceExcessOrUmbrellaLiabilityOccurence,Coverage Trigger: Occurrence,,matchOnce,must be present,,,non_compliant,Block Requirements,,,false,0,,2026-08-16
"Block Real Estate Services, LLC",69fdf7a362446148bd85b03b,69fded1e62446148bd8490c0,"Sportsman's Cap / Promotional Headwear International, Inc.",69fdf179d3bfa5e4945e2ba8,"tic441 - Lenexa Logistics Centre North Building 1 {BLNW ASSOCIATES, LLC}",evidenceOfInsurance,Evidence of Insurance,excessOrUmbrellaLiability,Umbrella/Excess Liability,evidenceOfInsuranceExcessOrUmbrellaLiabilityEachOccurrence,Each Occurrence,,matchOnce,must be greater or equal to,1000000,,non_compliant,Block Requirements,,,false,0,,2026-08-16
"Block Real Estate Services, LLC",69fdf7a362446148bd85b03b,69fded1e62446148bd8490c0,"Sportsman's Cap / Promotional Headwear International, Inc.",69fdf179d3bfa5e4945e2ba8,"tic441 - Lenexa Logistics Centre North Building 1 {BLNW ASSOCIATES, LLC}",evidenceOfInsurance,Evidence of Insurance,excessOrUmbrellaLiability,Umbrella/Excess Liability,evidenceOfInsuranceExcessOrUmbrellaLiabilityAggregate,Aggregate,,matchOnce,must be greater or equal to,1000000,,non_compliant,Block Requirements,,,false,0,,2026-08-16
"Block Real Estate Services, LLC",69fdf7a362446148bd85b03b,69fded1e62446148bd8490c0,"Sportsman's Cap / Promotional Headwear International, Inc.",69fdf179d3bfa5e4945e2ba8,"tic441 - Lenexa Logistics Centre North Building 1 {BLNW ASSOCIATES, LLC}",evidenceOfInsurance,Evidence of Insurance,workersCompensation,Workers' Compensation and Employer's Liability,evidenceOfInsuranceWorkersCompensationStatutoryLimits,Statutory Limits,,matchOnce,must be present,,,non_compliant,Block Requirements,,,false,0,,2026-08-16
"Block Real Estate Services, LLC",69fdf7a362446148bd85b03b,69fded1e62446148bd8490c0,"Sportsman's Cap / Promotional Headwear International, Inc.",69fdf179d3bfa5e4945e2ba8,"tic441 - Lenexa Logistics Centre North Building 1 {BLNW ASSOCIATES, LLC}",evidenceOfInsurance,Evidence of Insurance,workersCompensation,Workers' Compensation and Employer's Liability,evidenceOfInsuranceWorkersCompensationEmployersLiabilityEachAccident,Employer's Liability Each Accident,,matchOnce,must be greater or equal to,500000,,non_compliant,Block Requirements,,,false,0,,2026-08-16
"Block Real Estate Services, LLC",69fdf7a362446148bd85b03b,69fded1e62446148bd8490c0,"Sportsman's Cap / Promotional Headwear International, Inc.",69fdf179d3bfa5e4945e2ba8,"tic441 - Lenexa Logistics Centre North Building 1 {BLNW ASSOCIATES, LLC}",evidenceOfInsurance,Evidence of Insurance,workersCompensation,Workers' Compensation and Employer's Liability,evidenceOfInsuranceWorkersCompensationEmployersLiabilityDiseaseEachEmployee,Employer's Liability Disease - each employee,,matchOnce,must be greater or equal to,500000,,non_compliant,Block Requirements,,,false,0,,2026-08-16
"Block Real Estate Services, LLC",69fdf7a362446148bd85b03b,69fded1e62446148bd8490c0,"Sportsman's Cap / Promotional Headwear International, Inc.",69fdf179d3bfa5e4945e2ba8,"tic441 - Lenexa Logistics Centre North Building 1 {BLNW ASSOCIATES, LLC}",evidenceOfInsurance,Evidence of Insurance,workersCompensation,Workers' Compensation and Employer's Liability,evidenceOfInsuranceWorkersCompensationEmployersLiabilityDiseasePolicyLimit,Employer's Liability Disease - policy limit,,matchOnce,must be greater or equal to,500000,,non_compliant,Block Requirements,,,false,0,,2026-08-16
"Block Real Estate Services, LLC",69fdf7a362446148bd85b03b,69fded1e62446148bd8490c0,"Sportsman's Cap / Promotional Headwear International, Inc.",69fdf179d3bfa5e4945e2ba8,"tic441 - Lenexa Logistics Centre North Building 1 {BLNW ASSOCIATES, LLC}",evidenceOfInsurance,Evidence of Insurance,workersCompensation,Workers' Compensation and Employer's Liability,evidenceOfInsuranceWorkersCompensationWaiverOfSubrogationEndorsement,Waiver of Subrogation,"---prompt---
Determine if the insurer has waived their right of subrogation in favor of the certificate holder under the Workers' Compensation policy. Evidence may include: a checked ""Waiver of Subrogation"" box on the certificate, mention in the Description of Operations section stating ""waiver of subrogation applies"", or reference to form WC 00 03 13. Look for language like ""subrogation is waived"" or ""per written contract"".",matchOnce,must be present,,,non_compliant,Block Requirements,,,false,0,,2026-08-16
"Block Real Estate Services, LLC",69fdf7a362446148bd85b03b,69fded1e62446148bd8490c0,"Sportsman's Cap / Promotional Headwear International, Inc.",69fdf179d3bfa5e4945e2ba8,"tic441 - Lenexa Logistics Centre North Building 1 {BLNW ASSOCIATES, LLC}",evidenceOfInsurance,Evidence of Insurance,6ac20aae-5728-5d57-b364-aeba38527dba,Additional Requirements,4da5b0f1-4c9d-5885-8cf8-5d3cccaed3e0,"Block Real Estate Services, LLC and all others required by contract are named as Additional Insureds","---prompt---
Determine if the Description of Operations or the Additional Remarks Schedule section states the ""Additional Insured as Construction Management, Inc. and all others required by contract"" or reference to blanket additional insured coverage. Look for language like ""certificate holder is additional insured"" or ""per written contract"".",matchOnce,must be present,,,non_compliant,Block Requirements,,,true,0,,2026-08-16
"Block Real Estate Services, LLC",69fdf7a362446148bd85b03b,69fded1e62446148bd8490c0,"Sportsman's Cap / Promotional Headwear International, Inc.",69fdf179d3bfa5e4945e2ba8,"tic441 - Lenexa Logistics Centre North Building 1 {BLNW ASSOCIATES, LLC}",evidenceOfInsurance,Evidence of Insurance,6ac20aae-5728-5d57-b364-aeba38527dba,Additional Requirements,e1017741-e47e-5f58-97b8-fbc3043e919f,Umbrella follows form over General Liability,"---prompt---
Determine if the Umbrella/Excess Liability policy follows form to the underlying policies. Evidence may include: language in the Description of Operations section stating the umbrella follows form to underlying coverages or an additional page endorsement stating that it follows form. Follow form means the umbrella policy adopts the same terms, conditions, and exclusions as the underlying policies.",matchOnce,must be present,,,non_compliant,Block Requirements,,,true,0,,2026-08-16
"Block Real Estate Services, LLC",69fdf7a362446148bd85b03b,69fded1e62446148bd8490c0,"Sportsman's Cap / Promotional Headwear International, Inc.",69fdf179d3bfa5e4945e2ba8,"tic441 - Lenexa Logistics Centre North Building 1 {BLNW ASSOCIATES, LLC}",evidenceOfInsurance,Evidence of Insurance,6ac20aae-5728-5d57-b364-aeba38527dba,Additional Requirements,2cdd866f-c9a4-576a-afd8-1d045762790c,The location must be listed as: 17740 College Blvd Lenexa KS 66219,,matchOnce,must be present,,,non_compliant,Block Requirements,,,true,0,,2026-08-16
"Block Real Estate Services, LLC",69fdf7a362446148bd85b03b,69fded1e62446148bd8490c0,"Sportsman's Cap / Promotional Headwear International, Inc.",69fdf179d3bfa5e4945e2ba8,"tic441 - Lenexa Logistics Centre North Building 1 {BLNW ASSOCIATES, LLC}",evidenceOfInsurance,Evidence of Insurance,6ac20aae-5728-5d57-b364-aeba38527dba,Additional Requirements,3649e9d1-4e09-59bf-8f30-cb33c40cf117,"Certificate Holder must read: c/o Block Real Estate Services, LLC, 4622 Pennsylvania St., Suite 700, Kansas City, MO, 64112",,matchOnce,must be present,,,non_compliant,Block Requirements,,,true,0,,2026-08-16
"Block Real Estate Services, LLC",6a185a1edbcac4598a6974c8,69fded2362446148bd849246,Turn5 Inc,69fdf179d3bfa5e4945e2ba8,"tic441 - Lenexa Logistics Centre North Building 1 {BLNW ASSOCIATES, LLC}",evidenceOfInsurance,Evidence of Insurance,commercialGeneralLiability,Commercial General Liability,evidenceOfInsuranceCommercialGeneralLiabilityCoverageTriggerOccurrence,Coverage Trigger: Occurrence,,matchOnce,must be present,,,non_compliant,Block Requirements,,,false,0,,2026-08-16
"Block Real Estate Services, LLC",6a185a1edbcac4598a6974c8,69fded2362446148bd849246,Turn5 Inc,69fdf179d3bfa5e4945e2ba8,"tic441 - Lenexa Logistics Centre North Building 1 {BLNW ASSOCIATES, LLC}",evidenceOfInsurance,Evidence of Insurance,commercialGeneralLiability,Commercial General Liability,evidenceOfInsuranceCommercialGeneralLiabilityGeneralAggregateLimitAppliesPerLocation,General Aggregate Limit Applies per: Location,,matchOnce,must be present,,,non_compliant,Block Requirements,,,false,0,,2026-08-16
"Block Real Estate Services, LLC",6a185a1edbcac4598a6974c8,69fded2362446148bd849246,Turn5 Inc,69fdf179d3bfa5e4945e2ba8,"tic441 - Lenexa Logistics Centre North Building 1 {BLNW ASSOCIATES, LLC}",evidenceOfInsurance,Evidence of Insurance,commercialGeneralLiability,Commercial General Liability,evidenceOfInsuranceCommercialGeneralLiabilityEachOccurrence,Each Occurrence,,matchOnce,must be greater or equal to,1000000,,non_compliant,Block Requirements,,,false,0,,2026-08-16
"Block Real Estate Services, LLC",6a185a1edbcac4598a6974c8,69fded2362446148bd849246,Turn5 Inc,69fdf179d3bfa5e4945e2ba8,"tic441 - Lenexa Logistics Centre North Building 1 {BLNW ASSOCIATES, LLC}",evidenceOfInsurance,Evidence of Insurance,commercialGeneralLiability,Commercial General Liability,evidenceOfInsuranceCommercialGeneralLiabilityGeneralAggregate,General Aggregate,,matchOnce,must be greater or equal to,2000000,,non_compliant,Block Requirements,,,false,0,,2026-08-16
"Block Real Estate Services, LLC",6a185a1edbcac4598a6974c8,69fded2362446148bd849246,Turn5 Inc,69fdf179d3bfa5e4945e2ba8,"tic441 - Lenexa Logistics Centre North Building 1 {BLNW ASSOCIATES, LLC}",evidenceOfInsurance,Evidence of Insurance,commercialGeneralLiability,Commercial General Liability,evidenceOfInsuranceCommercialGeneralLiabilityWaiverOfSubrogationEndorsement,Waiver of Subrogation,"---prompt---
Determine if the insurer has waived their right of subrogation in favor of the certificate holder under the Commercial General Liability policy. Evidence may include: a checked ""Waiver of Subrogation"" box on the certificate, mention in the Description of Operations section stating ""waiver of subrogation applies"", or reference to form CG 24 04. Look for language like ""subrogation is waived"" or ""per written contract"".",matchOnce,must be present,,,non_compliant,Block Requirements,,,false,0,,2026-08-16
"Block Real Estate Services, LLC",6a185a1edbcac4598a6974c8,69fded2362446148bd849246,Turn5 Inc,69fdf179d3bfa5e4945e2ba8,"tic441 - Lenexa Logistics Centre North Building 1 {BLNW ASSOCIATES, LLC}",evidenceOfInsurance,Evidence of Insurance,excessOrUmbrellaLiability,Umbrella/Excess Liability,evidenceOfInsuranceExcessOrUmbrellaLiabilityOccurence,Coverage Trigger: Occurrence,,matchOnce,must be present,,,non_compliant,Block Requirements,,,false,0,,2026-08-16
"Block Real Estate Services, LLC",6a185a1edbcac4598a6974c8,69fded2362446148bd849246,Turn5 Inc,69fdf179d3bfa5e4945e2ba8,"tic441 - Lenexa Logistics Centre North Building 1 {BLNW ASSOCIATES, LLC}",evidenceOfInsurance,Evidence of Insurance,excessOrUmbrellaLiability,Umbrella/Excess Liability,evidenceOfInsuranceExcessOrUmbrellaLiabilityEachOccurrence,Each Occurrence,,matchOnce,must be greater or equal to,1000000,,non_compliant,Block Requirements,,,false,0,,2026-08-16
"Block Real Estate Services, LLC",6a185a1edbcac4598a6974c8,69fded2362446148bd849246,Turn5 Inc,69fdf179d3bfa5e4945e2ba8,"tic441 - Lenexa Logistics Centre North Building 1 {BLNW ASSOCIATES, LLC}",evidenceOfInsurance,Evidence of Insurance,excessOrUmbrellaLiability,Umbrella/Excess Liability,evidenceOfInsuranceExcessOrUmbrellaLiabilityAggregate,Aggregate,,matchOnce,must be greater or equal to,1000000,,non_compliant,Block Requirements,,,false,0,,2026-08-16
"Block Real Estate Services, LLC",6a185a1edbcac4598a6974c8,69fded2362446148bd849246,Turn5 Inc,69fdf179d3bfa5e4945e2ba8,"tic441 - Lenexa Logistics Centre North Building 1 {BLNW ASSOCIATES, LLC}",evidenceOfInsurance,Evidence of Insurance,workersCompensation,Workers' Compensation and Employer's Liability,evidenceOfInsuranceWorkersCompensationStatutoryLimits,Statutory Limits,,matchOnce,must be present,,,non_compliant,Block Requirements,,,false,0,,2026-08-16
"Block Real Estate Services, LLC",6a185a1edbcac4598a6974c8,69fded2362446148bd849246,Turn5 Inc,69fdf179d3bfa5e4945e2ba8,"tic441 - Lenexa Logistics Centre North Building 1 {BLNW ASSOCIATES, LLC}",evidenceOfInsurance,Evidence of Insurance,workersCompensation,Workers' Compensation and Employer's Liability,evidenceOfInsuranceWorkersCompensationEmployersLiabilityEachAccident,Employer's Liability Each Accident,,matchOnce,must be greater or equal to,500000,,non_compliant,Block Requirements,,,false,0,,2026-08-16
"Block Real Estate Services, LLC",6a185a1edbcac4598a6974c8,69fded2362446148bd849246,Turn5 Inc,69fdf179d3bfa5e4945e2ba8,"tic441 - Lenexa Logistics Centre North Building 1 {BLNW ASSOCIATES, LLC}",evidenceOfInsurance,Evidence of Insurance,workersCompensation,Workers' Compensation and Employer's Liability,evidenceOfInsuranceWorkersCompensationEmployersLiabilityDiseaseEachEmployee,Employer's Liability Disease - each employee,,matchOnce,must be greater or equal to,500000,,non_compliant,Block Requirements,,,false,0,,2026-08-16
"Block Real Estate Services, LLC",6a185a1edbcac4598a6974c8,69fded2362446148bd849246,Turn5 Inc,69fdf179d3bfa5e4945e2ba8,"tic441 - Lenexa Logistics Centre North Building 1 {BLNW ASSOCIATES, LLC}",evidenceOfInsurance,Evidence of Insurance,workersCompensation,Workers' Compensation and Employer's Liability,evidenceOfInsuranceWorkersCompensationEmployersLiabilityDiseasePolicyLimit,Employer's Liability Disease - policy limit,,matchOnce,must be greater or equal to,500000,,non_compliant,Block Requirements,,,false,0,,2026-08-16
"Block Real Estate Services, LLC",6a185a1edbcac4598a6974c8,69fded2362446148bd849246,Turn5 Inc,69fdf179d3bfa5e4945e2ba8,"tic441 - Lenexa Logistics Centre North Building 1 {BLNW ASSOCIATES, LLC}",evidenceOfInsurance,Evidence of Insurance,workersCompensation,Workers' Compensation and Employer's Liability,evidenceOfInsuranceWorkersCompensationWaiverOfSubrogationEndorsement,Waiver of Subrogation,"---prompt---
Determine if the insurer has waived their right of subrogation in favor of the certificate holder under the Workers' Compensation policy. Evidence may include: a checked ""Waiver of Subrogation"" box on the certificate, mention in the Description of Operations section stating ""waiver of subrogation applies"", or reference to form WC 00 03 13. Look for language like ""subrogation is waived"" or ""per written contract"".",matchOnce,must be present,,,non_compliant,Block Requirements,,,false,0,,2026-08-16
"Block Real Estate Services, LLC",6a185a1edbcac4598a6974c8,69fded2362446148bd849246,Turn5 Inc,69fdf179d3bfa5e4945e2ba8,"tic441 - Lenexa Logistics Centre North Building 1 {BLNW ASSOCIATES, LLC}",evidenceOfInsurance,Evidence of Insurance,6ac20aae-5728-5d57-b364-aeba38527dba,Additional Requirements,4da5b0f1-4c9d-5885-8cf8-5d3cccaed3e0,"Block Real Estate Services, LLC and all others required by contract are named as Additional Insureds","---prompt---
Determine if the Description of Operations or the Additional Remarks Schedule section states the ""Additional Insured as Construction Management, Inc. and all others required by contract"" or reference to blanket additional insured coverage. Look for language like ""certificate holder is additional insured"" or ""per written contract"".",matchOnce,must be present,,,non_compliant,Block Requirements,,,true,0,,2026-08-16
"Block Real Estate Services, LLC",6a185a1edbcac4598a6974c8,69fded2362446148bd849246,Turn5 Inc,69fdf179d3bfa5e4945e2ba8,"tic441 - Lenexa Logistics Centre North Building 1 {BLNW ASSOCIATES, LLC}",evidenceOfInsurance,Evidence of Insurance,6ac20aae-5728-5d57-b364-aeba38527dba,Additional Requirements,e1017741-e47e-5f58-97b8-fbc3043e919f,Umbrella follows form over General Liability,"---prompt---
Determine if the Umbrella/Excess Liability policy follows form to the underlying policies. Evidence may include: language in the Description of Operations section stating the umbrella follows form to underlying coverages or an additional page endorsement stating that it follows form. Follow form means the umbrella policy adopts the same terms, conditions, and exclusions as the underlying policies.",matchOnce,must be present,,,non_compliant,Block Requirements,,,true,0,,2026-08-16
"Block Real Estate Services, LLC",6a185a1edbcac4598a6974c8,69fded2362446148bd849246,Turn5 Inc,69fdf179d3bfa5e4945e2ba8,"tic441 - Lenexa Logistics Centre North Building 1 {BLNW ASSOCIATES, LLC}",evidenceOfInsurance,Evidence of Insurance,6ac20aae-5728-5d57-b364-aeba38527dba,Additional Requirements,2cdd866f-c9a4-576a-afd8-1d045762790c,The location must be listed as: 17790 College Blvd Lenexa KS 66219,,matchOnce,must be present,,,non_compliant,Block Requirements,,,true,0,,2026-08-16
"Block Real Estate Services, LLC",6a185a1edbcac4598a6974c8,69fded2362446148bd849246,Turn5 Inc,69fdf179d3bfa5e4945e2ba8,"tic441 - Lenexa Logistics Centre North Building 1 {BLNW ASSOCIATES, LLC}",evidenceOfInsurance,Evidence of Insurance,6ac20aae-5728-5d57-b364-aeba38527dba,Additional Requirements,3649e9d1-4e09-59bf-8f30-cb33c40cf117,"Certificate Holder must read: c/o Block Real Estate Services, LLC, 4622 Pennsylvania St., Suite 700, Kansas City, MO, 64112",,matchOnce,must be present,,,non_compliant,Block Requirements,,,true,0,,2026-08-16
"Block Real Estate Services, LLC",69fdf7a362446148bd85b044,69fded1e62446148bd8490c3,Propak Logistics Inc,69fdf18402bb2c42a87a7242,"tic541 - 5101 Speaker Road {540 Westport Associates, LLC}",evidenceOfInsurance,Evidence of Insurance,commercialGeneralLiability,Commercial General Liability,evidenceOfInsuranceCommercialGeneralLiabilityCoverageTriggerOccurrence,Coverage Trigger: Occurrence,,matchOnce,must be present,,,non_compliant,Block Requirements,,,false,0,,2026-08-16
"Block Real Estate Services, LLC",69fdf7a362446148bd85b044,69fded1e62446148bd8490c3,Propak Logistics Inc,69fdf18402bb2c42a87a7242,"tic541 - 5101 Speaker Road {540 Westport Associates, LLC}",evidenceOfInsurance,Evidence of Insurance,commercialGeneralLiability,Commercial General Liability,evidenceOfInsuranceCommercialGeneralLiabilityGeneralAggregateLimitAppliesPerLocation,General Aggregate Limit Applies per: Location,,matchOnce,must be present,,,non_compliant,Block Requirements,,,false,0,,2026-08-16
"Block Real Estate Services, LLC",69fdf7a362446148bd85b044,69fded1e62446148bd8490c3,Propak Logistics Inc,69fdf18402bb2c42a87a7242,"tic541 - 5101 Speaker Road {540 Westport Associates, LLC}",evidenceOfInsurance,Evidence of Insurance,commercialGeneralLiability,Commercial General Liability,evidenceOfInsuranceCommercialGeneralLiabilityEachOccurrence,Each Occurrence,,matchOnce,must be greater or equal to,1000000,,non_compliant,Block Requirements,,,false,0,,2026-08-16
"Block Real Estate Services, LLC",69fdf7a362446148bd85b044,69fded1e62446148bd8490c3,Propak Logistics Inc,69fdf18402bb2c42a87a7242,"tic541 - 5101 Speaker Road {540 Westport Associates, LLC}",evidenceOfInsurance,Evidence of Insurance,commercialGeneralLiability,Commercial General Liability,evidenceOfInsuranceCommercialGeneralLiabilityGeneralAggregate,General Aggregate,,matchOnce,must be greater or equal to,2000000,,non_compliant,Block Requirements,,,false,0,,2026-08-16
"Block Real Estate Services, LLC",69fdf7a362446148bd85b044,69fded1e62446148bd8490c3,Propak Logistics Inc,69fdf18402bb2c42a87a7242,"tic541 - 5101 Speaker Road {540 Westport Associates, LLC}",evidenceOfInsurance,Evidence of Insurance,commercialGeneralLiability,Commercial General Liability,evidenceOfInsuranceCommercialGeneralLiabilityWaiverOfSubrogationEndorsement,Waiver of Subrogation,"---prompt---
Determine if the insurer has waived their right of subrogation in favor of the certificate holder under the Commercial General Liability policy. Evidence may include: a checked ""Waiver of Subrogation"" box on the certificate, mention in the Description of Operations section stating ""waiver of subrogation applies"", or reference to form CG 24 04. Look for language like ""subrogation is waived"" or ""per written contract"".",matchOnce,must be present,,,non_compliant,Block Requirements,,,false,0,,2026-08-16
"Block Real Estate Services, LLC",69fdf7a362446148bd85b044,69fded1e62446148bd8490c3,Propak Logistics Inc,69fdf18402bb2c42a87a7242,"tic541 - 5101 Speaker Road {540 Westport Associates, LLC}",evidenceOfInsurance,Evidence of Insurance,excessOrUmbrellaLiability,Umbrella/Excess Liability,evidenceOfInsuranceExcessOrUmbrellaLiabilityOccurence,Coverage Trigger: Occurrence,,matchOnce,must be present,,,non_compliant,Block Requirements,,,false,0,,2026-08-16
"Block Real Estate Services, LLC",69fdf7a362446148bd85b044,69fded1e62446148bd8490c3,Propak Logistics Inc,69fdf18402bb2c42a87a7242,"tic541 - 5101 Speaker Road {540 Westport Associates, LLC}",evidenceOfInsurance,Evidence of Insurance,excessOrUmbrellaLiability,Umbrella/Excess Liability,evidenceOfInsuranceExcessOrUmbrellaLiabilityEachOccurrence,Each Occurrence,,matchOnce,must be greater or equal to,1000000,,non_compliant,Block Requirements,,,false,0,,2026-08-16
"Block Real Estate Services, LLC",69fdf7a362446148bd85b044,69fded1e62446148bd8490c3,Propak Logistics Inc,69fdf18402bb2c42a87a7242,"tic541 - 5101 Speaker Road {540 Westport Associates, LLC}",evidenceOfInsurance,Evidence of Insurance,excessOrUmbrellaLiability,Umbrella/Excess Liability,evidenceOfInsuranceExcessOrUmbrellaLiabilityAggregate,Aggregate,,matchOnce,must be greater or equal to,1000000,,non_compliant,Block Requirements,,,false,0,,2026-08-16
"Block Real Estate Services, LLC",69fdf7a362446148bd85b044,69fded1e62446148bd8490c3,Propak Logistics Inc,69fdf18402bb2c42a87a7242,"tic541 - 5101 Speaker Road {540 Westport Associates, LLC}",evidenceOfInsurance,Evidence of Insurance,workersCompensation,Workers' Compensation and Employer's Liability,evidenceOfInsuranceWorkersCompensationStatutoryLimits,Statutory Limits,,matchOnce,must be present,,,non_compliant,Block Requirements,,,false,0,,2026-08-16
"Block Real Estate Services, LLC",69fdf7a362446148bd85b044,69fded1e62446148bd8490c3,Propak Logistics Inc,69fdf18402bb2c42a87a7242,"tic541 - 5101 Speaker Road {540 Westport Associates, LLC}",evidenceOfInsurance,Evidence of Insurance,workersCompensation,Workers' Compensation and Employer's Liability,evidenceOfInsuranceWorkersCompensationEmployersLiabilityEachAccident,Employer's Liability Each Accident,,matchOnce,must be greater or equal to,500000,,non_compliant,Block Requirements,,,false,0,,2026-08-16
"Block Real Estate Services, LLC",69fdf7a362446148bd85b044,69fded1e62446148bd8490c3,Propak Logistics Inc,69fdf18402bb2c42a87a7242,"tic541 - 5101 Speaker Road {540 Westport Associates, LLC}",evidenceOfInsurance,Evidence of Insurance,workersCompensation,Workers' Compensation and Employer's Liability,evidenceOfInsuranceWorkersCompensationEmployersLiabilityDiseaseEachEmployee,Employer's Liability Disease - each employee,,matchOnce,must be greater or equal to,500000,,non_compliant,Block Requirements,,,false,0,,2026-08-16
"Block Real Estate Services, LLC",69fdf7a362446148bd85b044,69fded1e62446148bd8490c3,Propak Logistics Inc,69fdf18402bb2c42a87a7242,"tic541 - 5101 Speaker Road {540 Westport Associates, LLC}",evidenceOfInsurance,Evidence of Insurance,workersCompensation,Workers' Compensation and Employer's Liability,evidenceOfInsuranceWorkersCompensationEmployersLiabilityDiseasePolicyLimit,Employer's Liability Disease - policy limit,,matchOnce,must be greater or equal to,500000,,non_compliant,Block Requirements,,,false,0,,2026-08-16
"Block Real Estate Services, LLC",69fdf7a362446148bd85b044,69fded1e62446148bd8490c3,Propak Logistics Inc,69fdf18402bb2c42a87a7242,"tic541 - 5101 Speaker Road {540 Westport Associates, LLC}",evidenceOfInsurance,Evidence of Insurance,workersCompensation,Workers' Compensation and Employer's Liability,evidenceOfInsuranceWorkersCompensationWaiverOfSubrogationEndorsement,Waiver of Subrogation,"---prompt---
Determine if the insurer has waived their right of subrogation in favor of the certificate holder under the Workers' Compensation policy. Evidence may include: a checked ""Waiver of Subrogation"" box on the certificate, mention in the Description of Operations section stating ""waiver of subrogation applies"", or reference to form WC 00 03 13. Look for language like ""subrogation is waived"" or ""per written contract"".",matchOnce,must be present,,,non_compliant,Block Requirements,,,false,0,,2026-08-16
"Block Real Estate Services, LLC",69fdf7a362446148bd85b044,69fded1e62446148bd8490c3,Propak Logistics Inc,69fdf18402bb2c42a87a7242,"tic541 - 5101 Speaker Road {540 Westport Associates, LLC}",evidenceOfInsurance,Evidence of Insurance,6ac20aae-5728-5d57-b364-aeba38527dba,Additional Requirements,4da5b0f1-4c9d-5885-8cf8-5d3cccaed3e0,"Block Real Estate Services, LLC and all others required by contract are named as Additional Insureds","---prompt---
Determine if the Description of Operations or the Additional Remarks Schedule section states the ""Additional Insured as Construction Management, Inc. and all others required by contract"" or reference to blanket additional insured coverage. Look for language like ""certificate holder is additional insured"" or ""per written contract"".",matchOnce,must be present,,,non_compliant,Block Requirements,,,true,0,,2026-08-16
"Block Real Estate Services, LLC",69fdf7a362446148bd85b044,69fded1e62446148bd8490c3,Propak Logistics Inc,69fdf18402bb2c42a87a7242,"tic541 - 5101 Speaker Road {540 Westport Associates, LLC}",evidenceOfInsurance,Evidence of Insurance,6ac20aae-5728-5d57-b364-aeba38527dba,Additional Requirements,e1017741-e47e-5f58-97b8-fbc3043e919f,Umbrella follows form over General Liability,"---prompt---
Determine if the Umbrella/Excess Liability policy follows form to the underlying policies. Evidence may include: language in the Description of Operations section stating the umbrella follows form to underlying coverages or an additional page endorsement stating that it follows form. Follow form means the umbrella policy adopts the same terms, conditions, and exclusions as the underlying policies.",matchOnce,must be present,,,non_compliant,Block Requirements,,,true,0,,2026-08-16
"Block Real Estate Services, LLC",69fdf7a362446148bd85b044,69fded1e62446148bd8490c3,Propak Logistics Inc,69fdf18402bb2c42a87a7242,"tic541 - 5101 Speaker Road {540 Westport Associates, LLC}",evidenceOfInsurance,Evidence of Insurance,6ac20aae-5728-5d57-b364-aeba38527dba,Additional Requirements,2cdd866f-c9a4-576a-afd8-1d045762790c,The location must be listed as: 5203 Speaker Road Kansas City KS 66106,,matchOnce,must be present,,,non_compliant,Block Requirements,,,true,0,,2026-08-16
"Block Real Estate Services, LLC",69fdf7a362446148bd85b044,69fded1e62446148bd8490c3,Propak Logistics Inc,69fdf18402bb2c42a87a7242,"tic541 - 5101 Speaker Road {540 Westport Associates, LLC}",evidenceOfInsurance,Evidence of Insurance,6ac20aae-5728-5d57-b364-aeba38527dba,Additional Requirements,3649e9d1-4e09-59bf-8f30-cb33c40cf117,"Certificate Holder must read: c/o Block Real Estate Services, LLC, 4622 Pennsylvania St., Suite 700, Kansas City, MO, 64112",,matchOnce,must be present,,,non_compliant,Block Requirements,,,true,0,,2026-08-16
"Block Real Estate Services, LLC",69fdf76e62446148bd8573d0,69fded2162446148bd84919e,"Midwest Roofing / SRS Distribution, Inc.",69fdf02c0bb484cab513b6a0,"glo511 - Glo-Rae - Armourdale - North (S. 7th St. Trafficway) {Glo-Rae Investment Company, LLC}",evidenceOfInsurance,Evidence of Insurance,commercialGeneralLiability,Commercial General Liability,evidenceOfInsuranceCommercialGeneralLiabilityCoverageTriggerOccurrence,Coverage Trigger: Occurrence,,matchOnce,must be present,,,non_compliant,Block Requirements,,,false,0,,2026-08-16
"Block Real Estate Services, LLC",69fdf76e62446148bd8573d0,69fded2162446148bd84919e,"Midwest Roofing / SRS Distribution, Inc.",69fdf02c0bb484cab513b6a0,"glo511 - Glo-Rae - Armourdale - North (S. 7th St. Trafficway) {Glo-Rae Investment Company, LLC}",evidenceOfInsurance,Evidence of Insurance,commercialGeneralLiability,Commercial General Liability,evidenceOfInsuranceCommercialGeneralLiabilityGeneralAggregateLimitAppliesPerLocation,General Aggregate Limit Applies per: Location,,matchOnce,must be present,,,non_compliant,Block Requirements,,,false,0,,2026-08-16
"Block Real Estate Services, LLC",69fdf76e62446148bd8573d0,69fded2162446148bd84919e,"Midwest Roofing / SRS Distribution, Inc.",69fdf02c0bb484cab513b6a0,"glo511 - Glo-Rae - Armourdale - North (S. 7th St. Trafficway) {Glo-Rae Investment Company, LLC}",evidenceOfInsurance,Evidence of Insurance,commercialGeneralLiability,Commercial General Liability,evidenceOfInsuranceCommercialGeneralLiabilityEachOccurrence,Each Occurrence,,matchOnce,must be greater or equal to,1000000,,non_compliant,Block Requirements,,,false,0,,2026-08-16
"Block Real Estate Services, LLC",69fdf76e62446148bd8573d0,69fded2162446148bd84919e,"Midwest Roofing / SRS Distribution, Inc.",69fdf02c0bb484cab513b6a0,"glo511 - Glo-Rae - Armourdale - North (S. 7th St. Trafficway) {Glo-Rae Investment Company, LLC}",evidenceOfInsurance,Evidence of Insurance,commercialGeneralLiability,Commercial General Liability,evidenceOfInsuranceCommercialGeneralLiabilityGeneralAggregate,General Aggregate,,matchOnce,must be greater or equal to,2000000,,non_compliant,Block Requirements,,,false,0,,2026-08-16
"Block Real Estate Services, LLC",69fdf76e62446148bd8573d0,69fded2162446148bd84919e,"Midwest Roofing / SRS Distribution, Inc.",69fdf02c0bb484cab513b6a0,"glo511 - Glo-Rae - Armourdale - North (S. 7th St. Trafficway) {Glo-Rae Investment Company, LLC}",evidenceOfInsurance,Evidence of Insurance,commercialGeneralLiability,Commercial General Liability,evidenceOfInsuranceCommercialGeneralLiabilityWaiverOfSubrogationEndorsement,Waiver of Subrogation,"---prompt---
Determine if the insurer has waived their right of subrogation in favor of the certificate holder under the Commercial General Liability policy. Evidence may include: a checked ""Waiver of Subrogation"" box on the certificate, mention in the Description of Operations section stating ""waiver of subrogation applies"", or reference to form CG 24 04. Look for language like ""subrogation is waived"" or ""per written contract"".",matchOnce,must be present,,,non_compliant,Block Requirements,,,false,0,,2026-08-16
"Block Real Estate Services, LLC",69fdf76e62446148bd8573d0,69fded2162446148bd84919e,"Midwest Roofing / SRS Distribution, Inc.",69fdf02c0bb484cab513b6a0,"glo511 - Glo-Rae - Armourdale - North (S. 7th St. Trafficway) {Glo-Rae Investment Company, LLC}",evidenceOfInsurance,Evidence of Insurance,excessOrUmbrellaLiability,Umbrella/Excess Liability,evidenceOfInsuranceExcessOrUmbrellaLiabilityOccurence,Coverage Trigger: Occurrence,,matchOnce,must be present,,,non_compliant,Block Requirements,,,false,0,,2026-08-16
"Block Real Estate Services, LLC",69fdf76e62446148bd8573d0,69fded2162446148bd84919e,"Midwest Roofing / SRS Distribution, Inc.",69fdf02c0bb484cab513b6a0,"glo511 - Glo-Rae - Armourdale - North (S. 7th St. Trafficway) {Glo-Rae Investment Company, LLC}",evidenceOfInsurance,Evidence of Insurance,excessOrUmbrellaLiability,Umbrella/Excess Liability,evidenceOfInsuranceExcessOrUmbrellaLiabilityEachOccurrence,Each Occurrence,,matchOnce,must be greater or equal to,1000000,,non_compliant,Block Requirements,,,false,0,,2026-08-16
"Block Real Estate Services, LLC",69fdf76e62446148bd8573d0,69fded2162446148bd84919e,"Midwest Roofing / SRS Distribution, Inc.",69fdf02c0bb484cab513b6a0,"glo511 - Glo-Rae - Armourdale - North (S. 7th St. Trafficway) {Glo-Rae Investment Company, LLC}",evidenceOfInsurance,Evidence of Insurance,excessOrUmbrellaLiability,Umbrella/Excess Liability,evidenceOfInsuranceExcessOrUmbrellaLiabilityAggregate,Aggregate,,matchOnce,must be greater or equal to,1000000,,non_compliant,Block Requirements,,,false,0,,2026-08-16
"Block Real Estate Services, LLC",69fdf76e62446148bd8573d0,69fded2162446148bd84919e,"Midwest Roofing / SRS Distribution, Inc.",69fdf02c0bb484cab513b6a0,"glo511 - Glo-Rae - Armourdale - North (S. 7th St. Trafficway) {Glo-Rae Investment Company, LLC}",evidenceOfInsurance,Evidence of Insurance,workersCompensation,Workers' Compensation and Employer's Liability,evidenceOfInsuranceWorkersCompensationStatutoryLimits,Statutory Limits,,matchOnce,must be present,,,non_compliant,Block Requirements,,,false,0,,2026-08-16
"Block Real Estate Services, LLC",69fdf76e62446148bd8573d0,69fded2162446148bd84919e,"Midwest Roofing / SRS Distribution, Inc.",69fdf02c0bb484cab513b6a0,"glo511 - Glo-Rae - Armourdale - North (S. 7th St. Trafficway) {Glo-Rae Investment Company, LLC}",evidenceOfInsurance,Evidence of Insurance,workersCompensation,Workers' Compensation and Employer's Liability,evidenceOfInsuranceWorkersCompensationEmployersLiabilityEachAccident,Employer's Liability Each Accident,,matchOnce,must be greater or equal to,500000,,non_compliant,Block Requirements,,,false,0,,2026-08-16
"Block Real Estate Services, LLC",69fdf76e62446148bd8573d0,69fded2162446148bd84919e,"Midwest Roofing / SRS Distribution, Inc.",69fdf02c0bb484cab513b6a0,"glo511 - Glo-Rae - Armourdale - North (S. 7th St. Trafficway) {Glo-Rae Investment Company, LLC}",evidenceOfInsurance,Evidence of Insurance,workersCompensation,Workers' Compensation and Employer's Liability,evidenceOfInsuranceWorkersCompensationEmployersLiabilityDiseaseEachEmployee,Employer's Liability Disease - each employee,,matchOnce,must be greater or equal to,500000,,non_compliant,Block Requirements,,,false,0,,2026-08-16
"Block Real Estate Services, LLC",69fdf76e62446148bd8573d0,69fded2162446148bd84919e,"Midwest Roofing / SRS Distribution, Inc.",69fdf02c0bb484cab513b6a0,"glo511 - Glo-Rae - Armourdale - North (S. 7th St. Trafficway) {Glo-Rae Investment Company, LLC}",evidenceOfInsurance,Evidence of Insurance,workersCompensation,Workers' Compensation and Employer's Liability,evidenceOfInsuranceWorkersCompensationEmployersLiabilityDiseasePolicyLimit,Employer's Liability Disease - policy limit,,matchOnce,must be greater or equal to,500000,,non_compliant,Block Requirements,,,false,0,,2026-08-16
"Block Real Estate Services, LLC",69fdf76e62446148bd8573d0,69fded2162446148bd84919e,"Midwest Roofing / SRS Distribution, Inc.",69fdf02c0bb484cab513b6a0,"glo511 - Glo-Rae - Armourdale - North (S. 7th St. Trafficway) {Glo-Rae Investment Company, LLC}",evidenceOfInsurance,Evidence of Insurance,workersCompensation,Workers' Compensation and Employer's Liability,evidenceOfInsuranceWorkersCompensationWaiverOfSubrogationEndorsement,Waiver of Subrogation,"---prompt---
Determine if the insurer has waived their right of subrogation in favor of the certificate holder under the Workers' Compensation policy. Evidence may include: a checked ""Waiver of Subrogation"" box on the certificate, mention in the Description of Operations section stating ""waiver of subrogation applies"", or reference to form WC 00 03 13. Look for language like ""subrogation is waived"" or ""per written contract"".",matchOnce,must be present,,,non_compliant,Block Requirements,,,false,0,,2026-08-16
"Block Real Estate Services, LLC",69fdf76e62446148bd8573d0,69fded2162446148bd84919e,"Midwest Roofing / SRS Distribution, Inc.",69fdf02c0bb484cab513b6a0,"glo511 - Glo-Rae - Armourdale - North (S. 7th St. Trafficway) {Glo-Rae Investment Company, LLC}",evidenceOfInsurance,Evidence of Insurance,6ac20aae-5728-5d57-b364-aeba38527dba,Additional Requirements,4da5b0f1-4c9d-5885-8cf8-5d3cccaed3e0,"Block Real Estate Services, LLC and all others required by contract are named as Additional Insureds","---prompt---
Determine if the Description of Operations or the Additional Remarks Schedule section states the ""Additional Insured as Construction Management, Inc. and all others required by contract"" or reference to blanket additional insured coverage. Look for language like ""certificate holder is additional insured"" or ""per written contract"".",matchOnce,must be present,,,non_compliant,Block Requirements,,,true,0,,2026-08-16
"Block Real Estate Services, LLC",69fdf76e62446148bd8573d0,69fded2162446148bd84919e,"Midwest Roofing / SRS Distribution, Inc.",69fdf02c0bb484cab513b6a0,"glo511 - Glo-Rae - Armourdale - North (S. 7th St. Trafficway) {Glo-Rae Investment Company, LLC}",evidenceOfInsurance,Evidence of Insurance,6ac20aae-5728-5d57-b364-aeba38527dba,Additional Requirements,e1017741-e47e-5f58-97b8-fbc3043e919f,Umbrella follows form over General Liability,"---prompt---
Determine if the Umbrella/Excess Liability policy follows form to the underlying policies. Evidence may include: language in the Description of Operations section stating the umbrella follows form to underlying coverages or an additional page endorsement stating that it follows form. Follow form means the umbrella policy adopts the same terms, conditions, and exclusions as the underlying policies.",matchOnce,must be present,,,non_compliant,Block Requirements,,,true,0,,2026-08-16
"Block Real Estate Services, LLC",69fdf76e62446148bd8573d0,69fded2162446148bd84919e,"Midwest Roofing / SRS Distribution, Inc.",69fdf02c0bb484cab513b6a0,"glo511 - Glo-Rae - Armourdale - North (S. 7th St. Trafficway) {Glo-Rae Investment Company, LLC}",evidenceOfInsurance,Evidence of Insurance,6ac20aae-5728-5d57-b364-aeba38527dba,Additional Requirements,2cdd866f-c9a4-576a-afd8-1d045762790c,"The location must be listed as: 801, 803 S. 7th Street Trafficway, Kansas City, KS, 66105",,matchOnce,must be present,,,non_compliant,Block Requirements,,,true,0,,2026-08-16
"Block Real Estate Services, LLC",69fdf76e62446148bd8573d0,69fded2162446148bd84919e,"Midwest Roofing / SRS Distribution, Inc.",69fdf02c0bb484cab513b6a0,"glo511 - Glo-Rae - Armourdale - North (S. 7th St. Trafficway) {Glo-Rae Investment Company, LLC}",evidenceOfInsurance,Evidence of Insurance,6ac20aae-5728-5d57-b364-aeba38527dba,Additional Requirements,3649e9d1-4e09-59bf-8f30-cb33c40cf117,"Certificate Holder must read: c/o Block Real Estate Services, LLC, 4622 Pennsylvania St., Suite 700, Kansas City, MO, 64112",,matchOnce,must be present,,,non_compliant,Block Requirements,,,true,0,,2026-08-16
"Block Real Estate Services, LLC",69fdf76e62446148bd8573cf,69fded1f62446148bd8490ea,"Regal Staffing, LLC",69fdf02c0bb484cab513b6a0,"glo511 - Glo-Rae - Armourdale - North (S. 7th St. Trafficway) {Glo-Rae Investment Company, LLC}",evidenceOfInsurance,Evidence of Insurance,commercialGeneralLiability,Commercial General Liability,evidenceOfInsuranceCommercialGeneralLiabilityCoverageTriggerOccurrence,Coverage Trigger: Occurrence,,matchOnce,must be present,,Present,compliant,Block Requirements,,,false,1,,2026-08-16
"Block Real Estate Services, LLC",69fdf76e62446148bd8573cf,69fded1f62446148bd8490ea,"Regal Staffing, LLC",69fdf02c0bb484cab513b6a0,"glo511 - Glo-Rae - Armourdale - North (S. 7th St. Trafficway) {Glo-Rae Investment Company, LLC}",evidenceOfInsurance,Evidence of Insurance,commercialGeneralLiability,Commercial General Liability,evidenceOfInsuranceCommercialGeneralLiabilityGeneralAggregateLimitAppliesPerLocation,General Aggregate Limit Applies per: Location,,matchOnce,must be present,,,waived,Block Requirements,Per location not a requirement in the lease,,false,0,,2026-08-16
"Block Real Estate Services, LLC",69fdf76e62446148bd8573cf,69fded1f62446148bd8490ea,"Regal Staffing, LLC",69fdf02c0bb484cab513b6a0,"glo511 - Glo-Rae - Armourdale - North (S. 7th St. Trafficway) {Glo-Rae Investment Company, LLC}",evidenceOfInsurance,Evidence of Insurance,commercialGeneralLiability,Commercial General Liability,evidenceOfInsuranceCommercialGeneralLiabilityEachOccurrence,Each Occurrence,,matchOnce,must be greater or equal to,1000000,1000000,compliant,Block Requirements,,,false,1,,2026-08-16
"Block Real Estate Services, LLC",69fdf76e62446148bd8573cf,69fded1f62446148bd8490ea,"Regal Staffing, LLC",69fdf02c0bb484cab513b6a0,"glo511 - Glo-Rae - Armourdale - North (S. 7th St. Trafficway) {Glo-Rae Investment Company, LLC}",evidenceOfInsurance,Evidence of Insurance,commercialGeneralLiability,Commercial General Liability,evidenceOfInsuranceCommercialGeneralLiabilityGeneralAggregate,General Aggregate,,matchOnce,must be greater or equal to,2000000,2000000,compliant,Block Requirements,,,false,1,,2026-08-16
"Block Real Estate Services, LLC",69fdf76e62446148bd8573cf,69fded1f62446148bd8490ea,"Regal Staffing, LLC",69fdf02c0bb484cab513b6a0,"glo511 - Glo-Rae - Armourdale - North (S. 7th St. Trafficway) {Glo-Rae Investment Company, LLC}",evidenceOfInsurance,Evidence of Insurance,commercialGeneralLiability,Commercial General Liability,evidenceOfInsuranceCommercialGeneralLiabilityWaiverOfSubrogationEndorsement,Waiver of Subrogation,"---prompt---
Determine if the insurer has waived their right of subrogation in favor of the certificate holder under the Commercial General Liability policy. Evidence may include: a checked ""Waiver of Subrogation"" box on the certificate, mention in the Description of Operations section stating ""waiver of subrogation applies"", or reference to form CG 24 04. Look for language like ""subrogation is waived"" or ""per written contract"".",matchOnce,must be present,,Present,compliant,Block Requirements,,,false,1,,2026-08-16
"Block Real Estate Services, LLC",69fdf76e62446148bd8573cf,69fded1f62446148bd8490ea,"Regal Staffing, LLC",69fdf02c0bb484cab513b6a0,"glo511 - Glo-Rae - Armourdale - North (S. 7th St. Trafficway) {Glo-Rae Investment Company, LLC}",evidenceOfInsurance,Evidence of Insurance,excessOrUmbrellaLiability,Umbrella/Excess Liability,evidenceOfInsuranceExcessOrUmbrellaLiabilityOccurence,Coverage Trigger: Occurrence,,matchOnce,must be present,,,waived,Block Requirements,,,false,0,,2026-08-16
"Block Real Estate Services, LLC",69fdf76e62446148bd8573cf,69fded1f62446148bd8490ea,"Regal Staffing, LLC",69fdf02c0bb484cab513b6a0,"glo511 - Glo-Rae - Armourdale - North (S. 7th St. Trafficway) {Glo-Rae Investment Company, LLC}",evidenceOfInsurance,Evidence of Insurance,excessOrUmbrellaLiability,Umbrella/Excess Liability,evidenceOfInsuranceExcessOrUmbrellaLiabilityEachOccurrence,Each Occurrence,,matchOnce,must be greater or equal to,1000000,5000000,waived,Block Requirements,,,false,1,,2026-08-16
"Block Real Estate Services, LLC",69fdf76e62446148bd8573cf,69fded1f62446148bd8490ea,"Regal Staffing, LLC",69fdf02c0bb484cab513b6a0,"glo511 - Glo-Rae - Armourdale - North (S. 7th St. Trafficway) {Glo-Rae Investment Company, LLC}",evidenceOfInsurance,Evidence of Insurance,excessOrUmbrellaLiability,Umbrella/Excess Liability,evidenceOfInsuranceExcessOrUmbrellaLiabilityAggregate,Aggregate,,matchOnce,must be greater or equal to,1000000,5000000,waived,Block Requirements,,,false,1,,2026-08-16
"Block Real Estate Services, LLC",69fdf76e62446148bd8573cf,69fded1f62446148bd8490ea,"Regal Staffing, LLC",69fdf02c0bb484cab513b6a0,"glo511 - Glo-Rae - Armourdale - North (S. 7th St. Trafficway) {Glo-Rae Investment Company, LLC}",evidenceOfInsurance,Evidence of Insurance,workersCompensation,Workers' Compensation and Employer's Liability,evidenceOfInsuranceWorkersCompensationStatutoryLimits,Statutory Limits,,matchOnce,must be present,,Present,waived,Block Requirements,,,false,1,,2026-08-16
"Block Real Estate Services, LLC",69fdf76e62446148bd8573cf,69fded1f62446148bd8490ea,"Regal Staffing, LLC",69fdf02c0bb484cab513b6a0,"glo511 - Glo-Rae - Armourdale - North (S. 7th St. Trafficway) {Glo-Rae Investment Company, LLC}",evidenceOfInsurance,Evidence of Insurance,workersCompensation,Workers' Compensation and Employer's Liability,evidenceOfInsuranceWorkersCompensationEmployersLiabilityEachAccident,Employer's Liability Each Accident,,matchOnce,must be greater or equal to,500000,1000000,waived,Block Requirements,,,false,1,,2026-08-16
"Block Real Estate Services, LLC",69fdf76e62446148bd8573cf,69fded1f62446148bd8490ea,"Regal Staffing, LLC",69fdf02c0bb484cab513b6a0,"glo511 - Glo-Rae - Armourdale - North (S. 7th St. Trafficway) {Glo-Rae Investment Company, LLC}",evidenceOfInsurance,Evidence of Insurance,workersCompensation,Workers' Compensation and Employer's Liability,evidenceOfInsuranceWorkersCompensationEmployersLiabilityDiseaseEachEmployee,Employer's Liability Disease - each employee,,matchOnce,must be greater or equal to,500000,1000000,waived,Block Requirements,,,false,1,,2026-08-16
"Block Real Estate Services, LLC",69fdf76e62446148bd8573cf,69fded1f62446148bd8490ea,"Regal Staffing, LLC",69fdf02c0bb484cab513b6a0,"glo511 - Glo-Rae - Armourdale - North (S. 7th St. Trafficway) {Glo-Rae Investment Company, LLC}",evidenceOfInsurance,Evidence of Insurance,workersCompensation,Workers' Compensation and Employer's Liability,evidenceOfInsuranceWorkersCompensationEmployersLiabilityDiseasePolicyLimit,Employer's Liability Disease - policy limit,,matchOnce,must be greater or equal to,500000,1000000,waived,Block Requirements,,,false,1,,2026-08-16
"Block Real Estate Services, LLC",69fdf76e62446148bd8573cf,69fded1f62446148bd8490ea,"Regal Staffing, LLC",69fdf02c0bb484cab513b6a0,"glo511 - Glo-Rae - Armourdale - North (S. 7th St. Trafficway) {Glo-Rae Investment Company, LLC}",evidenceOfInsurance,Evidence of Insurance,workersCompensation,Workers' Compensation and Employer's Liability,evidenceOfInsuranceWorkersCompensationWaiverOfSubrogationEndorsement,Waiver of Subrogation,"---prompt---
Determine if the insurer has waived their right of subrogation in favor of the certificate holder under the Workers' Compensation policy. Evidence may include: a checked ""Waiver of Subrogation"" box on the certificate, mention in the Description of Operations section stating ""waiver of subrogation applies"", or reference to form WC 00 03 13. Look for language like ""subrogation is waived"" or ""per written contract"".",matchOnce,must be present,,Present,waived,Block Requirements,,,false,1,,2026-08-16
"Block Real Estate Services, LLC",69fdf76e62446148bd8573cf,69fded1f62446148bd8490ea,"Regal Staffing, LLC",69fdf02c0bb484cab513b6a0,"glo511 - Glo-Rae - Armourdale - North (S. 7th St. Trafficway) {Glo-Rae Investment Company, LLC}",evidenceOfInsurance,Evidence of Insurance,6ac20aae-5728-5d57-b364-aeba38527dba,Additional Requirements,4da5b0f1-4c9d-5885-8cf8-5d3cccaed3e0,"Block Real Estate Services, LLC and all others required by contract are named as Additional Insureds","---prompt---
Determine if the Description of Operations or the Additional Remarks Schedule section states the ""Additional Insured as Construction Management, Inc. and all others required by contract"" or reference to blanket additional insured coverage. Look for language like ""certificate holder is additional insured"" or ""per written contract"".",matchOnce,must be present,,Present,compliant,Block Requirements,,,true,1,,2026-08-16
"Block Real Estate Services, LLC",69fdf76e62446148bd8573cf,69fded1f62446148bd8490ea,"Regal Staffing, LLC",69fdf02c0bb484cab513b6a0,"glo511 - Glo-Rae - Armourdale - North (S. 7th St. Trafficway) {Glo-Rae Investment Company, LLC}",evidenceOfInsurance,Evidence of Insurance,6ac20aae-5728-5d57-b364-aeba38527dba,Additional Requirements,e1017741-e47e-5f58-97b8-fbc3043e919f,Umbrella follows form over General Liability,"---prompt---
Determine if the Umbrella/Excess Liability policy follows form to the underlying policies. Evidence may include: language in the Description of Operations section stating the umbrella follows form to underlying coverages or an additional page endorsement stating that it follows form. Follow form means the umbrella policy adopts the same terms, conditions, and exclusions as the underlying policies.",matchOnce,must be present,,Present,waived,Block Requirements,Umbrella Liability not a requirement in the lease,,true,1,,2026-08-16
"Block Real Estate Services, LLC",69fdf76e62446148bd8573cf,69fded1f62446148bd8490ea,"Regal Staffing, LLC",69fdf02c0bb484cab513b6a0,"glo511 - Glo-Rae - Armourdale - North (S. 7th St. Trafficway) {Glo-Rae Investment Company, LLC}",evidenceOfInsurance,Evidence of Insurance,6ac20aae-5728-5d57-b364-aeba38527dba,Additional Requirements,2cdd866f-c9a4-576a-afd8-1d045762790c,"The location must be listed as: 807, 809 & 811 S. 7th Street Trafficway, Kansas City, KS, 66105",,matchOnce,must be present,,Present,compliant,Block Requirements,,,true,1,,2026-08-16
"Block Real Estate Services, LLC",69fdf76e62446148bd8573cf,69fded1f62446148bd8490ea,"Regal Staffing, LLC",69fdf02c0bb484cab513b6a0,"glo511 - Glo-Rae - Armourdale - North (S. 7th St. Trafficway) {Glo-Rae Investment Company, LLC}",evidenceOfInsurance,Evidence of Insurance,6ac20aae-5728-5d57-b364-aeba38527dba,Additional Requirements,3649e9d1-4e09-59bf-8f30-cb33c40cf117,"Certificate Holder must read: c/o Block Real Estate Services, LLC, 4622 Pennsylvania St., Suite 700, Kansas City, MO, 64112",,matchOnce,must be present,,Present,compliant,Block Requirements,,,true,1,,2026-08-16
"Block Real Estate Services, LLC",69fdf78062446148bd8587b7,69fded1f62446148bd8490f6,"Ambius / Rentokil North America, Inc. (fka JC Ehrlich Company)",69fdf07f0e86e2f8723dbc32,"kci863 - Riverside Distribution Center 3 {Riverside Distribution Center Investment, LLC}",evidenceOfInsurance,Evidence of Insurance,commercialGeneralLiability,Commercial General Liability,evidenceOfInsuranceCommercialGeneralLiabilityCoverageTriggerOccurrence,Coverage Trigger: Occurrence,,matchOnce,must be present,,Present,compliant,Block Requirements,,,false,1,,2026-08-16
"Block Real Estate Services, LLC",69fdf78062446148bd8587b7,69fded1f62446148bd8490f6,"Ambius / Rentokil North America, Inc. (fka JC Ehrlich Company)",69fdf07f0e86e2f8723dbc32,"kci863 - Riverside Distribution Center 3 {Riverside Distribution Center Investment, LLC}",evidenceOfInsurance,Evidence of Insurance,commercialGeneralLiability,Commercial General Liability,evidenceOfInsuranceCommercialGeneralLiabilityGeneralAggregateLimitAppliesPerLocation,General Aggregate Limit Applies per: Location,,matchOnce,must be present,,Present,compliant,Block Requirements,,,false,1,,2026-08-16
"Block Real Estate Services, LLC",69fdf78062446148bd8587b7,69fded1f62446148bd8490f6,"Ambius / Rentokil North America, Inc. (fka JC Ehrlich Company)",69fdf07f0e86e2f8723dbc32,"kci863 - Riverside Distribution Center 3 {Riverside Distribution Center Investment, LLC}",evidenceOfInsurance,Evidence of Insurance,commercialGeneralLiability,Commercial General Liability,evidenceOfInsuranceCommercialGeneralLiabilityEachOccurrence,Each Occurrence,,matchOnce,must be greater or equal to,1000000,5000000,compliant,Block Requirements,,,false,1,,2026-08-16
"Block Real Estate Services, LLC",69fdf78062446148bd8587b7,69fded1f62446148bd8490f6,"Ambius / Rentokil North America, Inc. (fka JC Ehrlich Company)",69fdf07f0e86e2f8723dbc32,"kci863 - Riverside Distribution Center 3 {Riverside Distribution Center Investment, LLC}",evidenceOfInsurance,Evidence of Insurance,commercialGeneralLiability,Commercial General Liability,evidenceOfInsuranceCommercialGeneralLiabilityGeneralAggregate,General Aggregate,,matchOnce,must be greater or equal to,2000000,5000000,compliant,Block Requirements,,,false,1,,2026-08-16
"Block Real Estate Services, LLC",69fdf78062446148bd8587b7,69fded1f62446148bd8490f6,"Ambius / Rentokil North America, Inc. (fka JC Ehrlich Company)",69fdf07f0e86e2f8723dbc32,"kci863 - Riverside Distribution Center 3 {Riverside Distribution Center Investment, LLC}",evidenceOfInsurance,Evidence of Insurance,commercialGeneralLiability,Commercial General Liability,evidenceOfInsuranceCommercialGeneralLiabilityWaiverOfSubrogationEndorsement,Waiver of Subrogation,"---prompt---
Determine if the insurer has waived their right of subrogation in favor of the certificate holder under the Commercial General Liability policy. Evidence may include: a checked ""Waiver of Subrogation"" box on the certificate, mention in the Description of Operations section stating ""waiver of subrogation applies"", or reference to form CG 24 04. Look for language like ""subrogation is waived"" or ""per written contract"".",matchOnce,must be present,,Present,compliant,Block Requirements,,,false,1,,2026-08-16
"Block Real Estate Services, LLC",69fdf78062446148bd8587b7,69fded1f62446148bd8490f6,"Ambius / Rentokil North America, Inc. (fka JC Ehrlich Company)",69fdf07f0e86e2f8723dbc32,"kci863 - Riverside Distribution Center 3 {Riverside Distribution Center Investment, LLC}",evidenceOfInsurance,Evidence of Insurance,excessOrUmbrellaLiability,Umbrella/Excess Liability,evidenceOfInsuranceExcessOrUmbrellaLiabilityOccurence,Coverage Trigger: Occurrence,,matchOnce,must be present,,Present,compliant,Block Requirements,,,false,1,,2026-08-16
"Block Real Estate Services, LLC",69fdf78062446148bd8587b7,69fded1f62446148bd8490f6,"Ambius / Rentokil North America, Inc. (fka JC Ehrlich Company)",69fdf07f0e86e2f8723dbc32,"kci863 - Riverside Distribution Center 3 {Riverside Distribution Center Investment, LLC}",evidenceOfInsurance,Evidence of Insurance,excessOrUmbrellaLiability,Umbrella/Excess Liability,evidenceOfInsuranceExcessOrUmbrellaLiabilityEachOccurrence,Each Occurrence,,matchOnce,must be greater or equal to,1000000,5000000,compliant,Block Requirements,,,false,1,,2026-08-16
"Block Real Estate Services, LLC",69fdf78062446148bd8587b7,69fded1f62446148bd8490f6,"Ambius / Rentokil North America, Inc. (fka JC Ehrlich Company)",69fdf07f0e86e2f8723dbc32,"kci863 - Riverside Distribution Center 3 {Riverside Distribution Center Investment, LLC}",evidenceOfInsurance,Evidence of Insurance,excessOrUmbrellaLiability,Umbrella/Excess Liability,evidenceOfInsuranceExcessOrUmbrellaLiabilityAggregate,Aggregate,,matchOnce,must be greater or equal to,1000000,5000000,compliant,Block Requirements,,,false,1,,2026-08-16
"Block Real Estate Services, LLC",69fdf78062446148bd8587b7,69fded1f62446148bd8490f6,"Ambius / Rentokil North America, Inc. (fka JC Ehrlich Company)",69fdf07f0e86e2f8723dbc32,"kci863 - Riverside Distribution Center 3 {Riverside Distribution Center Investment, LLC}",evidenceOfInsurance,Evidence of Insurance,workersCompensation,Workers' Compensation and Employer's Liability,evidenceOfInsuranceWorkersCompensationStatutoryLimits,Statutory Limits,,matchOnce,must be present,,Present,compliant,Block Requirements,,,false,1,,2026-08-16
"Block Real Estate Services, LLC",69fdf78062446148bd8587b7,69fded1f62446148bd8490f6,"Ambius / Rentokil North America, Inc. (fka JC Ehrlich Company)",69fdf07f0e86e2f8723dbc32,"kci863 - Riverside Distribution Center 3 {Riverside Distribution Center Investment, LLC}",evidenceOfInsurance,Evidence of Insurance,workersCompensation,Workers' Compensation and Employer's Liability,evidenceOfInsuranceWorkersCompensationEmployersLiabilityEachAccident,Employer's Liability Each Accident,,matchOnce,must be greater or equal to,500000,2000000,compliant,Block Requirements,,,false,1,,2026-08-16
"Block Real Estate Services, LLC",69fdf78062446148bd8587b7,69fded1f62446148bd8490f6,"Ambius / Rentokil North America, Inc. (fka JC Ehrlich Company)",69fdf07f0e86e2f8723dbc32,"kci863 - Riverside Distribution Center 3 {Riverside Distribution Center Investment, LLC}",evidenceOfInsurance,Evidence of Insurance,workersCompensation,Workers' Compensation and Employer's Liability,evidenceOfInsuranceWorkersCompensationEmployersLiabilityDiseaseEachEmployee,Employer's Liability Disease - each employee,,matchOnce,must be greater or equal to,500000,2000000,compliant,Block Requirements,,,false,1,,2026-08-16
"Block Real Estate Services, LLC",69fdf78062446148bd8587b7,69fded1f62446148bd8490f6,"Ambius / Rentokil North America, Inc. (fka JC Ehrlich Company)",69fdf07f0e86e2f8723dbc32,"kci863 - Riverside Distribution Center 3 {Riverside Distribution Center Investment, LLC}",evidenceOfInsurance,Evidence of Insurance,workersCompensation,Workers' Compensation and Employer's Liability,evidenceOfInsuranceWorkersCompensationEmployersLiabilityDiseasePolicyLimit,Employer's Liability Disease - policy limit,,matchOnce,must be greater or equal to,500000,2000000,compliant,Block Requirements,,,false,1,,2026-08-16
"Block Real Estate Services, LLC",69fdf78062446148bd8587b7,69fded1f62446148bd8490f6,"Ambius / Rentokil North America, Inc. (fka JC Ehrlich Company)",69fdf07f0e86e2f8723dbc32,"kci863 - Riverside Distribution Center 3 {Riverside Distribution Center Investment, LLC}",evidenceOfInsurance,Evidence of Insurance,workersCompensation,Workers' Compensation and Employer's Liability,evidenceOfInsuranceWorkersCompensationWaiverOfSubrogationEndorsement,Waiver of Subrogation,"---prompt---
Determine if the insurer has waived their right of subrogation in favor of the certificate holder under the Workers' Compensation policy. Evidence may include: a checked ""Waiver of Subrogation"" box on the certificate, mention in the Description of Operations section stating ""waiver of subrogation applies"", or reference to form WC 00 03 13. Look for language like ""subrogation is waived"" or ""per written contract"".",matchOnce,must be present,,Present,compliant,Block Requirements,,,false,1,,2026-08-16
"Block Real Estate Services, LLC",69fdf78062446148bd8587b7,69fded1f62446148bd8490f6,"Ambius / Rentokil North America, Inc. (fka JC Ehrlich Company)",69fdf07f0e86e2f8723dbc32,"kci863 - Riverside Distribution Center 3 {Riverside Distribution Center Investment, LLC}",evidenceOfInsurance,Evidence of Insurance,6ac20aae-5728-5d57-b364-aeba38527dba,Additional Requirements,4da5b0f1-4c9d-5885-8cf8-5d3cccaed3e0,"Block Real Estate Services, LLC and all others required by contract are named as Additional Insureds","---prompt---
Determine if the Description of Operations or the Additional Remarks Schedule section states the ""Additional Insured as Construction Management, Inc. and all others required by contract"" or reference to blanket additional insured coverage. Look for language like ""certificate holder is additional insured"" or ""per written contract"".",matchOnce,must be present,,Present,compliant,Block Requirements,,,true,1,,2026-08-16
"Block Real Estate Services, LLC",69fdf78062446148bd8587b7,69fded1f62446148bd8490f6,"Ambius / Rentokil North America, Inc. (fka JC Ehrlich Company)",69fdf07f0e86e2f8723dbc32,"kci863 - Riverside Distribution Center 3 {Riverside Distribution Center Investment, LLC}",evidenceOfInsurance,Evidence of Insurance,6ac20aae-5728-5d57-b364-aeba38527dba,Additional Requirements,e1017741-e47e-5f58-97b8-fbc3043e919f,Umbrella follows form over General Liability,"---prompt---
Determine if the Umbrella/Excess Liability policy follows form to the underlying policies. Evidence may include: language in the Description of Operations section stating the umbrella follows form to underlying coverages or an additional page endorsement stating that it follows form. Follow form means the umbrella policy adopts the same terms, conditions, and exclusions as the underlying policies.",matchOnce,must be present,,Present,compliant,Block Requirements,,,true,1,,2026-08-16
"Block Real Estate Services, LLC",69fdf78062446148bd8587b7,69fded1f62446148bd8490f6,"Ambius / Rentokil North America, Inc. (fka JC Ehrlich Company)",69fdf07f0e86e2f8723dbc32,"kci863 - Riverside Distribution Center 3 {Riverside Distribution Center Investment, LLC}",evidenceOfInsurance,Evidence of Insurance,6ac20aae-5728-5d57-b364-aeba38527dba,Additional Requirements,2cdd866f-c9a4-576a-afd8-1d045762790c,The location must be listed as: 4102 W. Riverside Street Riverside MO 64150,,matchOnce,must be present,,Present,compliant,Block Requirements,,,true,1,,2026-08-16
"Block Real Estate Services, LLC",69fdf78062446148bd8587b7,69fded1f62446148bd8490f6,"Ambius / Rentokil North America, Inc. (fka JC Ehrlich Company)",69fdf07f0e86e2f8723dbc32,"kci863 - Riverside Distribution Center 3 {Riverside Distribution Center Investment, LLC}",evidenceOfInsurance,Evidence of Insurance,6ac20aae-5728-5d57-b364-aeba38527dba,Additional Requirements,3649e9d1-4e09-59bf-8f30-cb33c40cf117,"Certificate Holder must read: c/o Block Real Estate Services, LLC, 4622 Pennsylvania St., Suite 700, Kansas City, MO, 64112",,matchOnce,must be present,,Present,compliant,Block Requirements,,,true,1,,2026-08-16
"Block Real Estate Services, LLC",69fdf74a62446148bd854b09,69fded1f62446148bd849111,"Taco Bell / Royal City Bell, LLC",69fdef9de45e7dcf5c434532,"587118 - 5871 Investment Associates {SKFH Industrial 1 - 6001 Premier, LLC}",evidenceOfInsurance,Evidence of Insurance,commercialGeneralLiability,Commercial General Liability,evidenceOfInsuranceCommercialGeneralLiabilityCoverageTriggerOccurrence,Coverage Trigger: Occurrence,,matchOnce,must be present,,Present,compliant,Block Requirements,,,false,2,,2026-08-16
"Block Real Estate Services, LLC",69fdf74a62446148bd854b09,69fded1f62446148bd849111,"Taco Bell / Royal City Bell, LLC",69fdef9de45e7dcf5c434532,"587118 - 5871 Investment Associates {SKFH Industrial 1 - 6001 Premier, LLC}",evidenceOfInsurance,Evidence of Insurance,commercialGeneralLiability,Commercial General Liability,evidenceOfInsuranceCommercialGeneralLiabilityGeneralAggregateLimitAppliesPerLocation,General Aggregate Limit Applies per: Location,,matchOnce,must be present,,Present,compliant,Block Requirements,,,false,2,,2026-08-16
"Block Real Estate Services, LLC",69fdf74a62446148bd854b09,69fded1f62446148bd849111,"Taco Bell / Royal City Bell, LLC",69fdef9de45e7dcf5c434532,"587118 - 5871 Investment Associates {SKFH Industrial 1 - 6001 Premier, LLC}",evidenceOfInsurance,Evidence of Insurance,commercialGeneralLiability,Commercial General Liability,evidenceOfInsuranceCommercialGeneralLiabilityEachOccurrence,Each Occurrence,,matchOnce,must be greater or equal to,1000000,2000000,compliant,Block Requirements,,,false,2,,2026-08-16
"Block Real Estate Services, LLC",69fdf74a62446148bd854b09,69fded1f62446148bd849111,"Taco Bell / Royal City Bell, LLC",69fdef9de45e7dcf5c434532,"587118 - 5871 Investment Associates {SKFH Industrial 1 - 6001 Premier, LLC}",evidenceOfInsurance,Evidence of Insurance,commercialGeneralLiability,Commercial General Liability,evidenceOfInsuranceCommercialGeneralLiabilityGeneralAggregate,General Aggregate,,matchOnce,must be greater or equal to,2000000,4000000,compliant,Block Requirements,,,false,2,,2026-08-16
"Block Real Estate Services, LLC",69fdf74a62446148bd854b09,69fded1f62446148bd849111,"Taco Bell / Royal City Bell, LLC",69fdef9de45e7dcf5c434532,"587118 - 5871 Investment Associates {SKFH Industrial 1 - 6001 Premier, LLC}",evidenceOfInsurance,Evidence of Insurance,commercialGeneralLiability,Commercial General Liability,evidenceOfInsuranceCommercialGeneralLiabilityWaiverOfSubrogationEndorsement,Waiver of Subrogation,"---prompt---
Determine if the insurer has waived their right of subrogation in favor of the certificate holder under the Commercial General Liability policy. Evidence may include: a checked ""Waiver of Subrogation"" box on the certificate, mention in the Description of Operations section stating ""waiver of subrogation applies"", or reference to form CG 24 04. Look for language like ""subrogation is waived"" or ""per written contract"".",matchOnce,must be present,,Present,compliant,Block Requirements,,,false,2,,2026-08-16
"Block Real Estate Services, LLC",69fdf74a62446148bd854b09,69fded1f62446148bd849111,"Taco Bell / Royal City Bell, LLC",69fdef9de45e7dcf5c434532,"587118 - 5871 Investment Associates {SKFH Industrial 1 - 6001 Premier, LLC}",evidenceOfInsurance,Evidence of Insurance,excessOrUmbrellaLiability,Umbrella/Excess Liability,evidenceOfInsuranceExcessOrUmbrellaLiabilityOccurence,Coverage Trigger: Occurrence,,matchOnce,must be present,,Present,compliant,Block Requirements,,,false,2,,2026-08-16
"Block Real Estate Services, LLC",69fdf74a62446148bd854b09,69fded1f62446148bd849111,"Taco Bell / Royal City Bell, LLC",69fdef9de45e7dcf5c434532,"587118 - 5871 Investment Associates {SKFH Industrial 1 - 6001 Premier, LLC}",evidenceOfInsurance,Evidence of Insurance,excessOrUmbrellaLiability,Umbrella/Excess Liability,evidenceOfInsuranceExcessOrUmbrellaLiabilityEachOccurrence,Each Occurrence,,matchOnce,must be greater or equal to,1000000,2000000,compliant,Block Requirements,,,false,2,,2026-08-16
"Block Real Estate Services, LLC",69fdf74a62446148bd854b09,69fded1f62446148bd849111,"Taco Bell / Royal City Bell, LLC",69fdef9de45e7dcf5c434532,"587118 - 5871 Investment Associates {SKFH Industrial 1 - 6001 Premier, LLC}",evidenceOfInsurance,Evidence of Insurance,excessOrUmbrellaLiability,Umbrella/Excess Liability,evidenceOfInsuranceExcessOrUmbrellaLiabilityAggregate,Aggregate,,matchOnce,must be greater or equal to,1000000,2000000,compliant,Block Requirements,,,false,2,,2026-08-16
"Block Real Estate Services, LLC",69fdf74a62446148bd854b09,69fded1f62446148bd849111,"Taco Bell / Royal City Bell, LLC",69fdef9de45e7dcf5c434532,"587118 - 5871 Investment Associates {SKFH Industrial 1 - 6001 Premier, LLC}",evidenceOfInsurance,Evidence of Insurance,workersCompensation,Workers' Compensation and Employer's Liability,evidenceOfInsuranceWorkersCompensationStatutoryLimits,Statutory Limits,,matchOnce,must be present,,Present,compliant,Block Requirements,,,false,2,,2026-08-16
"Block Real Estate Services, LLC",69fdf74a62446148bd854b09,69fded1f62446148bd849111,"Taco Bell / Royal City Bell, LLC",69fdef9de45e7dcf5c434532,"587118 - 5871 Investment Associates {SKFH Industrial 1 - 6001 Premier, LLC}",evidenceOfInsurance,Evidence of Insurance,workersCompensation,Workers' Compensation and Employer's Liability,evidenceOfInsuranceWorkersCompensationEmployersLiabilityEachAccident,Employer's Liability Each Accident,,matchOnce,must be greater or equal to,500000,1000000,compliant,Block Requirements,,,false,2,,2026-08-16
"Block Real Estate Services, LLC",69fdf74a62446148bd854b09,69fded1f62446148bd849111,"Taco Bell / Royal City Bell, LLC",69fdef9de45e7dcf5c434532,"587118 - 5871 Investment Associates {SKFH Industrial 1 - 6001 Premier, LLC}",evidenceOfInsurance,Evidence of Insurance,workersCompensation,Workers' Compensation and Employer's Liability,evidenceOfInsuranceWorkersCompensationEmployersLiabilityDiseaseEachEmployee,Employer's Liability Disease - each employee,,matchOnce,must be greater or equal to,500000,1000000,compliant,Block Requirements,,,false,2,,2026-08-16
"Block Real Estate Services, LLC",69fdf74a62446148bd854b09,69fded1f62446148bd849111,"Taco Bell / Royal City Bell, LLC",69fdef9de45e7dcf5c434532,"587118 - 5871 Investment Associates {SKFH Industrial 1 - 6001 Premier, LLC}",evidenceOfInsurance,Evidence of Insurance,workersCompensation,Workers' Compensation and Employer's Liability,evidenceOfInsuranceWorkersCompensationEmployersLiabilityDiseasePolicyLimit,Employer's Liability Disease - policy limit,,matchOnce,must be greater or equal to,500000,1000000,compliant,Block Requirements,,,false,2,,2026-08-16
"Block Real Estate Services, LLC",69fdf74a62446148bd854b09,69fded1f62446148bd849111,"Taco Bell / Royal City Bell, LLC",69fdef9de45e7dcf5c434532,"587118 - 5871 Investment Associates {SKFH Industrial 1 - 6001 Premier, LLC}",evidenceOfInsurance,Evidence of Insurance,workersCompensation,Workers' Compensation and Employer's Liability,evidenceOfInsuranceWorkersCompensationWaiverOfSubrogationEndorsement,Waiver of Subrogation,"---prompt---
Determine if the insurer has waived their right of subrogation in favor of the certificate holder under the Workers' Compensation policy. Evidence may include: a checked ""Waiver of Subrogation"" box on the certificate, mention in the Description of Operations section stating ""waiver of subrogation applies"", or reference to form WC 00 03 13. Look for language like ""subrogation is waived"" or ""per written contract"".",matchOnce,must be present,,Present,waived,Block Requirements,WoS for WC not available in the state of MO,,false,1,,2026-08-16
"Block Real Estate Services, LLC",69fdf74a62446148bd854b09,69fded1f62446148bd849111,"Taco Bell / Royal City Bell, LLC",69fdef9de45e7dcf5c434532,"587118 - 5871 Investment Associates {SKFH Industrial 1 - 6001 Premier, LLC}",evidenceOfInsurance,Evidence of Insurance,6ac20aae-5728-5d57-b364-aeba38527dba,Additional Requirements,4da5b0f1-4c9d-5885-8cf8-5d3cccaed3e0,"Block Real Estate Services, LLC and all others required by contract are named as Additional Insureds","---prompt---
Determine if the Description of Operations or the Additional Remarks Schedule section states the ""Additional Insured as Construction Management, Inc. and all others required by contract"" or reference to blanket additional insured coverage. Look for language like ""certificate holder is additional insured"" or ""per written contract"".",matchOnce,must be present,,Present,compliant,Block Requirements,,,true,1,,2026-08-16
"Block Real Estate Services, LLC",69fdf74a62446148bd854b09,69fded1f62446148bd849111,"Taco Bell / Royal City Bell, LLC",69fdef9de45e7dcf5c434532,"587118 - 5871 Investment Associates {SKFH Industrial 1 - 6001 Premier, LLC}",evidenceOfInsurance,Evidence of Insurance,6ac20aae-5728-5d57-b364-aeba38527dba,Additional Requirements,e1017741-e47e-5f58-97b8-fbc3043e919f,Umbrella follows form over General Liability,"---prompt---
Determine if the Umbrella/Excess Liability policy follows form to the underlying policies. Evidence may include: language in the Description of Operations section stating the umbrella follows form to underlying coverages or an additional page endorsement stating that it follows form. Follow form means the umbrella policy adopts the same terms, conditions, and exclusions as the underlying policies.",matchOnce,must be present,,,non_compliant,Block Requirements,,,true,0,,2026-08-16
"Block Real Estate Services, LLC",69fdf74a62446148bd854b09,69fded1f62446148bd849111,"Taco Bell / Royal City Bell, LLC",69fdef9de45e7dcf5c434532,"587118 - 5871 Investment Associates {SKFH Industrial 1 - 6001 Premier, LLC}",evidenceOfInsurance,Evidence of Insurance,6ac20aae-5728-5d57-b364-aeba38527dba,Additional Requirements,2cdd866f-c9a4-576a-afd8-1d045762790c,"The location must be listed as: 7901 E. 171st Street, Belton, MO, 64012",,matchOnce,must be present,,Present,compliant,Block Requirements,,,true,1,,2026-08-16
"Block Real Estate Services, LLC",69fdf74a62446148bd854b09,69fded1f62446148bd849111,"Taco Bell / Royal City Bell, LLC",69fdef9de45e7dcf5c434532,"587118 - 5871 Investment Associates {SKFH Industrial 1 - 6001 Premier, LLC}",evidenceOfInsurance,Evidence of Insurance,6ac20aae-5728-5d57-b364-aeba38527dba,Additional Requirements,3649e9d1-4e09-59bf-8f30-cb33c40cf117,"Certificate Holder must read: c/o Block Real Estate Services, LLC, 4622 Pennsylvania St., Suite 700, Kansas City, MO, 64112",,matchOnce,must be present,,Present,compliant,Block Requirements,,,true,1,,2026-08-16
"Block Real Estate Services, LLC",69fdf78062446148bd858800,69fded2262446148bd849216,The Waldinger Corporation,69fdf0c43b208288e0a7f2ab,"pas774 - Paseo Industrial - 1201 Saline {Paseo Industrial, LLC}",evidenceOfInsurance,Evidence of Insurance,commercialGeneralLiability,Commercial General Liability,evidenceOfInsuranceCommercialGeneralLiabilityCoverageTriggerOccurrence,Coverage Trigger: Occurrence,,matchOnce,must be present,,,non_compliant,Block Requirements,,,false,0,,2026-08-16
"Block Real Estate Services, LLC",69fdf78062446148bd858800,69fded2262446148bd849216,The Waldinger Corporation,69fdf0c43b208288e0a7f2ab,"pas774 - Paseo Industrial - 1201 Saline {Paseo Industrial, LLC}",evidenceOfInsurance,Evidence of Insurance,commercialGeneralLiability,Commercial General Liability,evidenceOfInsuranceCommercialGeneralLiabilityGeneralAggregateLimitAppliesPerLocation,General Aggregate Limit Applies per: Location,,matchOnce,must be present,,,non_compliant,Block Requirements,,,false,0,,2026-08-16
"Block Real Estate Services, LLC",69fdf78062446148bd858800,69fded2262446148bd849216,The Waldinger Corporation,69fdf0c43b208288e0a7f2ab,"pas774 - Paseo Industrial - 1201 Saline {Paseo Industrial, LLC}",evidenceOfInsurance,Evidence of Insurance,commercialGeneralLiability,Commercial General Liability,evidenceOfInsuranceCommercialGeneralLiabilityEachOccurrence,Each Occurrence,,matchOnce,must be greater or equal to,1000000,,non_compliant,Block Requirements,,,false,0,,2026-08-16
"Block Real Estate Services, LLC",69fdf78062446148bd858800,69fded2262446148bd849216,The Waldinger Corporation,69fdf0c43b208288e0a7f2ab,"pas774 - Paseo Industrial - 1201 Saline {Paseo Industrial, LLC}",evidenceOfInsurance,Evidence of Insurance,commercialGeneralLiability,Commercial General Liability,evidenceOfInsuranceCommercialGeneralLiabilityGeneralAggregate,General Aggregate,,matchOnce,must be greater or equal to,2000000,,non_compliant,Block Requirements,,,false,0,,2026-08-16
"Block Real Estate Services, LLC",69fdf78062446148bd858800,69fded2262446148bd849216,The Waldinger Corporation,69fdf0c43b208288e0a7f2ab,"pas774 - Paseo Industrial - 1201 Saline {Paseo Industrial, LLC}",evidenceOfInsurance,Evidence of Insurance,commercialGeneralLiability,Commercial General Liability,evidenceOfInsuranceCommercialGeneralLiabilityWaiverOfSubrogationEndorsement,Waiver of Subrogation,"---prompt---
Determine if the insurer has waived their right of subrogation in favor of the certificate holder under the Commercial General Liability policy. Evidence may include: a checked ""Waiver of Subrogation"" box on the certificate, mention in the Description of Operations section stating ""waiver of subrogation applies"", or reference to form CG 24 04. Look for language like ""subrogation is waived"" or ""per written contract"".",matchOnce,must be present,,,non_compliant,Block Requirements,,,false,0,,2026-08-16
"Block Real Estate Services, LLC",69fdf78062446148bd858800,69fded2262446148bd849216,The Waldinger Corporation,69fdf0c43b208288e0a7f2ab,"pas774 - Paseo Industrial - 1201 Saline {Paseo Industrial, LLC}",evidenceOfInsurance,Evidence of Insurance,excessOrUmbrellaLiability,Umbrella/Excess Liability,evidenceOfInsuranceExcessOrUmbrellaLiabilityOccurence,Coverage Trigger: Occurrence,,matchOnce,must be present,,,non_compliant,Block Requirements,,,false,0,,2026-08-16
"Block Real Estate Services, LLC",69fdf78062446148bd858800,69fded2262446148bd849216,The Waldinger Corporation,69fdf0c43b208288e0a7f2ab,"pas774 - Paseo Industrial - 1201 Saline {Paseo Industrial, LLC}",evidenceOfInsurance,Evidence of Insurance,excessOrUmbrellaLiability,Umbrella/Excess Liability,evidenceOfInsuranceExcessOrUmbrellaLiabilityEachOccurrence,Each Occurrence,,matchOnce,must be greater or equal to,1000000,,non_compliant,Block Requirements,,,false,0,,2026-08-16
"Block Real Estate Services, LLC",69fdf78062446148bd858800,69fded2262446148bd849216,The Waldinger Corporation,69fdf0c43b208288e0a7f2ab,"pas774 - Paseo Industrial - 1201 Saline {Paseo Industrial, LLC}",evidenceOfInsurance,Evidence of Insurance,excessOrUmbrellaLiability,Umbrella/Excess Liability,evidenceOfInsuranceExcessOrUmbrellaLiabilityAggregate,Aggregate,,matchOnce,must be greater or equal to,1000000,,non_compliant,Block Requirements,,,false,0,,2026-08-16
"Block Real Estate Services, LLC",69fdf78062446148bd858800,69fded2262446148bd849216,The Waldinger Corporation,69fdf0c43b208288e0a7f2ab,"pas774 - Paseo Industrial - 1201 Saline {Paseo Industrial, LLC}",evidenceOfInsurance,Evidence of Insurance,workersCompensation,Workers' Compensation and Employer's Liability,evidenceOfInsuranceWorkersCompensationStatutoryLimits,Statutory Limits,,matchOnce,must be present,,,non_compliant,Block Requirements,,,false,0,,2026-08-16
"Block Real Estate Services, LLC",69fdf78062446148bd858800,69fded2262446148bd849216,The Waldinger Corporation,69fdf0c43b208288e0a7f2ab,"pas774 - Paseo Industrial - 1201 Saline {Paseo Industrial, LLC}",evidenceOfInsurance,Evidence of Insurance,workersCompensation,Workers' Compensation and Employer's Liability,evidenceOfInsuranceWorkersCompensationEmployersLiabilityEachAccident,Employer's Liability Each Accident,,matchOnce,must be greater or equal to,500000,,non_compliant,Block Requirements,,,false,0,,2026-08-16
"Block Real Estate Services, LLC",69fdf78062446148bd858800,69fded2262446148bd849216,The Waldinger Corporation,69fdf0c43b208288e0a7f2ab,"pas774 - Paseo Industrial - 1201 Saline {Paseo Industrial, LLC}",evidenceOfInsurance,Evidence of Insurance,workersCompensation,Workers' Compensation and Employer's Liability,evidenceOfInsuranceWorkersCompensationEmployersLiabilityDiseaseEachEmployee,Employer's Liability Disease - each employee,,matchOnce,must be greater or equal to,500000,,non_compliant,Block Requirements,,,false,0,,2026-08-16
"Block Real Estate Services, LLC",69fdf78062446148bd858800,69fded2262446148bd849216,The Waldinger Corporation,69fdf0c43b208288e0a7f2ab,"pas774 - Paseo Industrial - 1201 Saline {Paseo Industrial, LLC}",evidenceOfInsurance,Evidence of Insurance,workersCompensation,Workers' Compensation and Employer's Liability,evidenceOfInsuranceWorkersCompensationEmployersLiabilityDiseasePolicyLimit,Employer's Liability Disease - policy limit,,matchOnce,must be greater or equal to,500000,,non_compliant,Block Requirements,,,false,0,,2026-08-16
"Block Real Estate Services, LLC",69fdf78062446148bd858800,69fded2262446148bd849216,The Waldinger Corporation,69fdf0c43b208288e0a7f2ab,"pas774 - Paseo Industrial - 1201 Saline {Paseo Industrial, LLC}",evidenceOfInsurance,Evidence of Insurance,workersCompensation,Workers' Compensation and Employer's Liability,evidenceOfInsuranceWorkersCompensationWaiverOfSubrogationEndorsement,Waiver of Subrogation,"---prompt---
Determine if the insurer has waived their right of subrogation in favor of the certificate holder under the Workers' Compensation policy. Evidence may include: a checked ""Waiver of Subrogation"" box on the certificate, mention in the Description of Operations section stating ""waiver of subrogation applies"", or reference to form WC 00 03 13. Look for language like ""subrogation is waived"" or ""per written contract"".",matchOnce,must be present,,,non_compliant,Block Requirements,,,false,0,,2026-08-16
"Block Real Estate Services, LLC",69fdf78062446148bd858800,69fded2262446148bd849216,The Waldinger Corporation,69fdf0c43b208288e0a7f2ab,"pas774 - Paseo Industrial - 1201 Saline {Paseo Industrial, LLC}",evidenceOfInsurance,Evidence of Insurance,6ac20aae-5728-5d57-b364-aeba38527dba,Additional Requirements,4da5b0f1-4c9d-5885-8cf8-5d3cccaed3e0,"Block Real Estate Services, LLC and all others required by contract are named as Additional Insureds","---prompt---
Determine if the Description of Operations or the Additional Remarks Schedule section states the ""Additional Insured as Construction Management, Inc. and all others required by contract"" or reference to blanket additional insured coverage. Look for language like ""certificate holder is additional insured"" or ""per written contract"".",matchOnce,must be present,,,non_compliant,Block Requirements,,,true,0,,2026-08-16
"Block Real Estate Services, LLC",69fdf78062446148bd858800,69fded2262446148bd849216,The Waldinger Corporation,69fdf0c43b208288e0a7f2ab,"pas774 - Paseo Industrial - 1201 Saline {Paseo Industrial, LLC}",evidenceOfInsurance,Evidence of Insurance,6ac20aae-5728-5d57-b364-aeba38527dba,Additional Requirements,e1017741-e47e-5f58-97b8-fbc3043e919f,Umbrella follows form over General Liability,"---prompt---
Determine if the Umbrella/Excess Liability policy follows form to the underlying policies. Evidence may include: language in the Description of Operations section stating the umbrella follows form to underlying coverages or an additional page endorsement stating that it follows form. Follow form means the umbrella policy adopts the same terms, conditions, and exclusions as the underlying policies.",matchOnce,must be present,,,non_compliant,Block Requirements,,,true,0,,2026-08-16
"Block Real Estate Services, LLC",69fdf78062446148bd858800,69fded2262446148bd849216,The Waldinger Corporation,69fdf0c43b208288e0a7f2ab,"pas774 - Paseo Industrial - 1201 Saline {Paseo Industrial, LLC}",evidenceOfInsurance,Evidence of Insurance,6ac20aae-5728-5d57-b364-aeba38527dba,Additional Requirements,2cdd866f-c9a4-576a-afd8-1d045762790c,"The location must be listed as: 1800 Levee Road, Suite 100 North Kansas City MO 64116",,matchOnce,must be present,,,non_compliant,Block Requirements,,,true,0,,2026-08-16
"Block Real Estate Services, LLC",69fdf78062446148bd858800,69fded2262446148bd849216,The Waldinger Corporation,69fdf0c43b208288e0a7f2ab,"pas774 - Paseo Industrial - 1201 Saline {Paseo Industrial, LLC}",evidenceOfInsurance,Evidence of Insurance,6ac20aae-5728-5d57-b364-aeba38527dba,Additional Requirements,3649e9d1-4e09-59bf-8f30-cb33c40cf117,"Certificate Holder must read: c/o Block Real Estate Services, LLC, 4622 Pennsylvania St., Suite 700, Kansas City, MO, 64112",,matchOnce,must be present,,,non_compliant,Block Requirements,,,true,0,,2026-08-16
"Block Real Estate Services, LLC",69fdf78062446148bd8587ff,69fded2262446148bd8491d1,Sunbelt Rentals Inc,69fdf0c43b208288e0a7f2ab,"pas774 - Paseo Industrial - 1201 Saline {Paseo Industrial, LLC}",evidenceOfInsurance,Evidence of Insurance,commercialGeneralLiability,Commercial General Liability,evidenceOfInsuranceCommercialGeneralLiabilityCoverageTriggerOccurrence,Coverage Trigger: Occurrence,,matchOnce,must be present,,,non_compliant,Block Requirements,,,false,0,,2026-08-16
"Block Real Estate Services, LLC",69fdf78062446148bd8587ff,69fded2262446148bd8491d1,Sunbelt Rentals Inc,69fdf0c43b208288e0a7f2ab,"pas774 - Paseo Industrial - 1201 Saline {Paseo Industrial, LLC}",evidenceOfInsurance,Evidence of Insurance,commercialGeneralLiability,Commercial General Liability,evidenceOfInsuranceCommercialGeneralLiabilityGeneralAggregateLimitAppliesPerLocation,General Aggregate Limit Applies per: Location,,matchOnce,must be present,,,non_compliant,Block Requirements,,,false,0,,2026-08-16
"Block Real Estate Services, LLC",69fdf78062446148bd8587ff,69fded2262446148bd8491d1,Sunbelt Rentals Inc,69fdf0c43b208288e0a7f2ab,"pas774 - Paseo Industrial - 1201 Saline {Paseo Industrial, LLC}",evidenceOfInsurance,Evidence of Insurance,commercialGeneralLiability,Commercial General Liability,evidenceOfInsuranceCommercialGeneralLiabilityEachOccurrence,Each Occurrence,,matchOnce,must be greater or equal to,1000000,,non_compliant,Block Requirements,,,false,0,,2026-08-16
"Block Real Estate Services, LLC",69fdf78062446148bd8587ff,69fded2262446148bd8491d1,Sunbelt Rentals Inc,69fdf0c43b208288e0a7f2ab,"pas774 - Paseo Industrial - 1201 Saline {Paseo Industrial, LLC}",evidenceOfInsurance,Evidence of Insurance,commercialGeneralLiability,Commercial General Liability,evidenceOfInsuranceCommercialGeneralLiabilityGeneralAggregate,General Aggregate,,matchOnce,must be greater or equal to,2000000,,non_compliant,Block Requirements,,,false,0,,2026-08-16
"Block Real Estate Services, LLC",69fdf78062446148bd8587ff,69fded2262446148bd8491d1,Sunbelt Rentals Inc,69fdf0c43b208288e0a7f2ab,"pas774 - Paseo Industrial - 1201 Saline {Paseo Industrial, LLC}",evidenceOfInsurance,Evidence of Insurance,commercialGeneralLiability,Commercial General Liability,evidenceOfInsuranceCommercialGeneralLiabilityWaiverOfSubrogationEndorsement,Waiver of Subrogation,"---prompt---
Determine if the insurer has waived their right of subrogation in favor of the certificate holder under the Commercial General Liability policy. Evidence may include: a checked ""Waiver of Subrogation"" box on the certificate, mention in the Description of Operations section stating ""waiver of subrogation applies"", or reference to form CG 24 04. Look for language like ""subrogation is waived"" or ""per written contract"".",matchOnce,must be present,,,non_compliant,Block Requirements,,,false,0,,2026-08-16
"Block Real Estate Services, LLC",69fdf78062446148bd8587ff,69fded2262446148bd8491d1,Sunbelt Rentals Inc,69fdf0c43b208288e0a7f2ab,"pas774 - Paseo Industrial - 1201 Saline {Paseo Industrial, LLC}",evidenceOfInsurance,Evidence of Insurance,excessOrUmbrellaLiability,Umbrella/Excess Liability,evidenceOfInsuranceExcessOrUmbrellaLiabilityOccurence,Coverage Trigger: Occurrence,,matchOnce,must be present,,,non_compliant,Block Requirements,,,false,0,,2026-08-16
"Block Real Estate Services, LLC",69fdf78062446148bd8587ff,69fded2262446148bd8491d1,Sunbelt Rentals Inc,69fdf0c43b208288e0a7f2ab,"pas774 - Paseo Industrial - 1201 Saline {Paseo Industrial, LLC}",evidenceOfInsurance,Evidence of Insurance,excessOrUmbrellaLiability,Umbrella/Excess Liability,evidenceOfInsuranceExcessOrUmbrellaLiabilityEachOccurrence,Each Occurrence,,matchOnce,must be greater or equal to,1000000,,non_compliant,Block Requirements,,,false,0,,2026-08-16
"Block Real Estate Services, LLC",69fdf78062446148bd8587ff,69fded2262446148bd8491d1,Sunbelt Rentals Inc,69fdf0c43b208288e0a7f2ab,"pas774 - Paseo Industrial - 1201 Saline {Paseo Industrial, LLC}",evidenceOfInsurance,Evidence of Insurance,excessOrUmbrellaLiability,Umbrella/Excess Liability,evidenceOfInsuranceExcessOrUmbrellaLiabilityAggregate,Aggregate,,matchOnce,must be greater or equal to,1000000,,non_compliant,Block Requirements,,,false,0,,2026-08-16
"Block Real Estate Services, LLC",69fdf78062446148bd8587ff,69fded2262446148bd8491d1,Sunbelt Rentals Inc,69fdf0c43b208288e0a7f2ab,"pas774 - Paseo Industrial - 1201 Saline {Paseo Industrial, LLC}",evidenceOfInsurance,Evidence of Insurance,workersCompensation,Workers' Compensation and Employer's Liability,evidenceOfInsuranceWorkersCompensationStatutoryLimits,Statutory Limits,,matchOnce,must be present,,,non_compliant,Block Requirements,,,false,0,,2026-08-16
"Block Real Estate Services, LLC",69fdf78062446148bd8587ff,69fded2262446148bd8491d1,Sunbelt Rentals Inc,69fdf0c43b208288e0a7f2ab,"pas774 - Paseo Industrial - 1201 Saline {Paseo Industrial, LLC}",evidenceOfInsurance,Evidence of Insurance,workersCompensation,Workers' Compensation and Employer's Liability,evidenceOfInsuranceWorkersCompensationEmployersLiabilityEachAccident,Employer's Liability Each Accident,,matchOnce,must be greater or equal to,500000,,non_compliant,Block Requirements,,,false,0,,2026-08-16
"Block Real Estate Services, LLC",69fdf78062446148bd8587ff,69fded2262446148bd8491d1,Sunbelt Rentals Inc,69fdf0c43b208288e0a7f2ab,"pas774 - Paseo Industrial - 1201 Saline {Paseo Industrial, LLC}",evidenceOfInsurance,Evidence of Insurance,workersCompensation,Workers' Compensation and Employer's Liability,evidenceOfInsuranceWorkersCompensationEmployersLiabilityDiseaseEachEmployee,Employer's Liability Disease - each employee,,matchOnce,must be greater or equal to,500000,,non_compliant,Block Requirements,,,false,0,,2026-08-16
"Block Real Estate Services, LLC",69fdf78062446148bd8587ff,69fded2262446148bd8491d1,Sunbelt Rentals Inc,69fdf0c43b208288e0a7f2ab,"pas774 - Paseo Industrial - 1201 Saline {Paseo Industrial, LLC}",evidenceOfInsurance,Evidence of Insurance,workersCompensation,Workers' Compensation and Employer's Liability,evidenceOfInsuranceWorkersCompensationEmployersLiabilityDiseasePolicyLimit,Employer's Liability Disease - policy limit,,matchOnce,must be greater or equal to,500000,,non_compliant,Block Requirements,,,false,0,,2026-08-16
"Block Real Estate Services, LLC",69fdf78062446148bd8587ff,69fded2262446148bd8491d1,Sunbelt Rentals Inc,69fdf0c43b208288e0a7f2ab,"pas774 - Paseo Industrial - 1201 Saline {Paseo Industrial, LLC}",evidenceOfInsurance,Evidence of Insurance,workersCompensation,Workers' Compensation and Employer's Liability,evidenceOfInsuranceWorkersCompensationWaiverOfSubrogationEndorsement,Waiver of Subrogation,"---prompt---
Determine if the insurer has waived their right of subrogation in favor of the certificate holder under the Workers' Compensation policy. Evidence may include: a checked ""Waiver of Subrogation"" box on the certificate, mention in the Description of Operations section stating ""waiver of subrogation applies"", or reference to form WC 00 03 13. Look for language like ""subrogation is waived"" or ""per written contract"".",matchOnce,must be present,,,non_compliant,Block Requirements,,,false,0,,2026-08-16
"Block Real Estate Services, LLC",69fdf78062446148bd8587ff,69fded2262446148bd8491d1,Sunbelt Rentals Inc,69fdf0c43b208288e0a7f2ab,"pas774 - Paseo Industrial - 1201 Saline {Paseo Industrial, LLC}",evidenceOfInsurance,Evidence of Insurance,6ac20aae-5728-5d57-b364-aeba38527dba,Additional Requirements,4da5b0f1-4c9d-5885-8cf8-5d3cccaed3e0,"Block Real Estate Services, LLC and all others required by contract are named as Additional Insureds","---prompt---
Determine if the Description of Operations or the Additional Remarks Schedule section states the ""Additional Insured as Construction Management, Inc. and all others required by contract"" or reference to blanket additional insured coverage. Look for language like ""certificate holder is additional insured"" or ""per written contract"".",matchOnce,must be present,,,non_compliant,Block Requirements,,,true,0,,2026-08-16
"Block Real Estate Services, LLC",69fdf78062446148bd8587ff,69fded2262446148bd8491d1,Sunbelt Rentals Inc,69fdf0c43b208288e0a7f2ab,"pas774 - Paseo Industrial - 1201 Saline {Paseo Industrial, LLC}",evidenceOfInsurance,Evidence of Insurance,6ac20aae-5728-5d57-b364-aeba38527dba,Additional Requirements,e1017741-e47e-5f58-97b8-fbc3043e919f,Umbrella follows form over General Liability,"---prompt---
Determine if the Umbrella/Excess Liability policy follows form to the underlying policies. Evidence may include: language in the Description of Operations section stating the umbrella follows form to underlying coverages or an additional page endorsement stating that it follows form. Follow form means the umbrella policy adopts the same terms, conditions, and exclusions as the underlying policies.",matchOnce,must be present,,,non_compliant,Block Requirements,,,true,0,,2026-08-16
"Block Real Estate Services, LLC",69fdf78062446148bd8587ff,69fded2262446148bd8491d1,Sunbelt Rentals Inc,69fdf0c43b208288e0a7f2ab,"pas774 - Paseo Industrial - 1201 Saline {Paseo Industrial, LLC}",evidenceOfInsurance,Evidence of Insurance,6ac20aae-5728-5d57-b364-aeba38527dba,Additional Requirements,2cdd866f-c9a4-576a-afd8-1d045762790c,The location must be listed as: 1153 Saline Street North Kansas City MO 64116,,matchOnce,must be present,,,non_compliant,Block Requirements,,,true,0,,2026-08-16
"Block Real Estate Services, LLC",69fdf78062446148bd8587ff,69fded2262446148bd8491d1,Sunbelt Rentals Inc,69fdf0c43b208288e0a7f2ab,"pas774 - Paseo Industrial - 1201 Saline {Paseo Industrial, LLC}",evidenceOfInsurance,Evidence of Insurance,6ac20aae-5728-5d57-b364-aeba38527dba,Additional Requirements,3649e9d1-4e09-59bf-8f30-cb33c40cf117,"Certificate Holder must read: c/o Block Real Estate Services, LLC, 4622 Pennsylvania St., Suite 700, Kansas City, MO, 64112",,matchOnce,must be present,,,non_compliant,Block Requirements,,,true,0,,2026-08-16
"Block Real Estate Services, LLC",6a187b47b7214c0791824859,6a187b32d2723fbba9a51c41,"Re-View Windows, Inc. (fka Architectural Specialties, Inc. )",69fdf0c43b208288e0a7f2ab,"pas774 - Paseo Industrial - 1201 Saline {Paseo Industrial, LLC}",evidenceOfInsurance,Evidence of Insurance,commercialGeneralLiability,Commercial General Liability,evidenceOfInsuranceCommercialGeneralLiabilityCoverageTriggerOccurrence,Coverage Trigger: Occurrence,,matchOnce,must be present,,,non_compliant,Block Requirements,,,false,0,,2026-08-16
"Block Real Estate Services, LLC",6a187b47b7214c0791824859,6a187b32d2723fbba9a51c41,"Re-View Windows, Inc. (fka Architectural Specialties, Inc. )",69fdf0c43b208288e0a7f2ab,"pas774 - Paseo Industrial - 1201 Saline {Paseo Industrial, LLC}",evidenceOfInsurance,Evidence of Insurance,commercialGeneralLiability,Commercial General Liability,evidenceOfInsuranceCommercialGeneralLiabilityGeneralAggregateLimitAppliesPerLocation,General Aggregate Limit Applies per: Location,,matchOnce,must be present,,,non_compliant,Block Requirements,,,false,0,,2026-08-16
"Block Real Estate Services, LLC",6a187b47b7214c0791824859,6a187b32d2723fbba9a51c41,"Re-View Windows, Inc. (fka Architectural Specialties, Inc. )",69fdf0c43b208288e0a7f2ab,"pas774 - Paseo Industrial - 1201 Saline {Paseo Industrial, LLC}",evidenceOfInsurance,Evidence of Insurance,commercialGeneralLiability,Commercial General Liability,evidenceOfInsuranceCommercialGeneralLiabilityEachOccurrence,Each Occurrence,,matchOnce,must be greater or equal to,1000000,,non_compliant,Block Requirements,,,false,0,,2026-08-16
"Block Real Estate Services, LLC",6a187b47b7214c0791824859,6a187b32d2723fbba9a51c41,"Re-View Windows, Inc. (fka Architectural Specialties, Inc. )",69fdf0c43b208288e0a7f2ab,"pas774 - Paseo Industrial - 1201 Saline {Paseo Industrial, LLC}",evidenceOfInsurance,Evidence of Insurance,commercialGeneralLiability,Commercial General Liability,evidenceOfInsuranceCommercialGeneralLiabilityGeneralAggregate,General Aggregate,,matchOnce,must be greater or equal to,2000000,,non_compliant,Block Requirements,,,false,0,,2026-08-16
"Block Real Estate Services, LLC",6a187b47b7214c0791824859,6a187b32d2723fbba9a51c41,"Re-View Windows, Inc. (fka Architectural Specialties, Inc. )",69fdf0c43b208288e0a7f2ab,"pas774 - Paseo Industrial - 1201 Saline {Paseo Industrial, LLC}",evidenceOfInsurance,Evidence of Insurance,commercialGeneralLiability,Commercial General Liability,evidenceOfInsuranceCommercialGeneralLiabilityWaiverOfSubrogationEndorsement,Waiver of Subrogation,"---prompt---
Determine if the insurer has waived their right of subrogation in favor of the certificate holder under the Commercial General Liability policy. Evidence may include: a checked ""Waiver of Subrogation"" box on the certificate, mention in the Description of Operations section stating ""waiver of subrogation applies"", or reference to form CG 24 04. Look for language like ""subrogation is waived"" or ""per written contract"".",matchOnce,must be present,,,non_compliant,Block Requirements,,,false,0,,2026-08-16
"Block Real Estate Services, LLC",6a187b47b7214c0791824859,6a187b32d2723fbba9a51c41,"Re-View Windows, Inc. (fka Architectural Specialties, Inc. )",69fdf0c43b208288e0a7f2ab,"pas774 - Paseo Industrial - 1201 Saline {Paseo Industrial, LLC}",evidenceOfInsurance,Evidence of Insurance,excessOrUmbrellaLiability,Umbrella/Excess Liability,evidenceOfInsuranceExcessOrUmbrellaLiabilityOccurence,Coverage Trigger: Occurrence,,matchOnce,must be present,,,non_compliant,Block Requirements,,,false,0,,2026-08-16
"Block Real Estate Services, LLC",6a187b47b7214c0791824859,6a187b32d2723fbba9a51c41,"Re-View Windows, Inc. (fka Architectural Specialties, Inc. )",69fdf0c43b208288e0a7f2ab,"pas774 - Paseo Industrial - 1201 Saline {Paseo Industrial, LLC}",evidenceOfInsurance,Evidence of Insurance,excessOrUmbrellaLiability,Umbrella/Excess Liability,evidenceOfInsuranceExcessOrUmbrellaLiabilityEachOccurrence,Each Occurrence,,matchOnce,must be greater or equal to,1000000,,non_compliant,Block Requirements,,,false,0,,2026-08-16
"Block Real Estate Services, LLC",6a187b47b7214c0791824859,6a187b32d2723fbba9a51c41,"Re-View Windows, Inc. (fka Architectural Specialties, Inc. )",69fdf0c43b208288e0a7f2ab,"pas774 - Paseo Industrial - 1201 Saline {Paseo Industrial, LLC}",evidenceOfInsurance,Evidence of Insurance,excessOrUmbrellaLiability,Umbrella/Excess Liability,evidenceOfInsuranceExcessOrUmbrellaLiabilityAggregate,Aggregate,,matchOnce,must be greater or equal to,1000000,,non_compliant,Block Requirements,,,false,0,,2026-08-16
"Block Real Estate Services, LLC",6a187b47b7214c0791824859,6a187b32d2723fbba9a51c41,"Re-View Windows, Inc. (fka Architectural Specialties, Inc. )",69fdf0c43b208288e0a7f2ab,"pas774 - Paseo Industrial - 1201 Saline {Paseo Industrial, LLC}",evidenceOfInsurance,Evidence of Insurance,workersCompensation,Workers' Compensation and Employer's Liability,evidenceOfInsuranceWorkersCompensationStatutoryLimits,Statutory Limits,,matchOnce,must be present,,,non_compliant,Block Requirements,,,false,0,,2026-08-16
"Block Real Estate Services, LLC",6a187b47b7214c0791824859,6a187b32d2723fbba9a51c41,"Re-View Windows, Inc. (fka Architectural Specialties, Inc. )",69fdf0c43b208288e0a7f2ab,"pas774 - Paseo Industrial - 1201 Saline {Paseo Industrial, LLC}",evidenceOfInsurance,Evidence of Insurance,workersCompensation,Workers' Compensation and Employer's Liability,evidenceOfInsuranceWorkersCompensationEmployersLiabilityEachAccident,Employer's Liability Each Accident,,matchOnce,must be greater or equal to,500000,,non_compliant,Block Requirements,,,false,0,,2026-08-16
"Block Real Estate Services, LLC",6a187b47b7214c0791824859,6a187b32d2723fbba9a51c41,"Re-View Windows, Inc. (fka Architectural Specialties, Inc. )",69fdf0c43b208288e0a7f2ab,"pas774 - Paseo Industrial - 1201 Saline {Paseo Industrial, LLC}",evidenceOfInsurance,Evidence of Insurance,workersCompensation,Workers' Compensation and Employer's Liability,evidenceOfInsuranceWorkersCompensationEmployersLiabilityDiseaseEachEmployee,Employer's Liability Disease - each employee,,matchOnce,must be greater or equal to,500000,,non_compliant,Block Requirements,,,false,0,,2026-08-16
"Block Real Estate Services, LLC",6a187b47b7214c0791824859,6a187b32d2723fbba9a51c41,"Re-View Windows, Inc. (fka Architectural Specialties, Inc. )",69fdf0c43b208288e0a7f2ab,"pas774 - Paseo Industrial - 1201 Saline {Paseo Industrial, LLC}",evidenceOfInsurance,Evidence of Insurance,workersCompensation,Workers' Compensation and Employer's Liability,evidenceOfInsuranceWorkersCompensationEmployersLiabilityDiseasePolicyLimit,Employer's Liability Disease - policy limit,,matchOnce,must be greater or equal to,500000,,non_compliant,Block Requirements,,,false,0,,2026-08-16
"Block Real Estate Services, LLC",6a187b47b7214c0791824859,6a187b32d2723fbba9a51c41,"Re-View Windows, Inc. (fka Architectural Specialties, Inc. )",69fdf0c43b208288e0a7f2ab,"pas774 - Paseo Industrial - 1201 Saline {Paseo Industrial, LLC}",evidenceOfInsurance,Evidence of Insurance,workersCompensation,Workers' Compensation and Employer's Liability,evidenceOfInsuranceWorkersCompensationWaiverOfSubrogationEndorsement,Waiver of Subrogation,"---prompt---
Determine if the insurer has waived their right of subrogation in favor of the certificate holder under the Workers' Compensation policy. Evidence may include: a checked ""Waiver of Subrogation"" box on the certificate, mention in the Description of Operations section stating ""waiver of subrogation applies"", or reference to form WC 00 03 13. Look for language like ""subrogation is waived"" or ""per written contract"".",matchOnce,must be present,,,non_compliant,Block Requirements,,,false,0,,2026-08-16
"Block Real Estate Services, LLC",6a187b47b7214c0791824859,6a187b32d2723fbba9a51c41,"Re-View Windows, Inc. (fka Architectural Specialties, Inc. )",69fdf0c43b208288e0a7f2ab,"pas774 - Paseo Industrial - 1201 Saline {Paseo Industrial, LLC}",evidenceOfInsurance,Evidence of Insurance,6ac20aae-5728-5d57-b364-aeba38527dba,Additional Requirements,4da5b0f1-4c9d-5885-8cf8-5d3cccaed3e0,"Block Real Estate Services, LLC and all others required by contract are named as Additional Insureds","---prompt---
Determine if the Description of Operations or the Additional Remarks Schedule section states the ""Additional Insured as Construction Management, Inc. and all others required by contract"" or reference to blanket additional insured coverage. Look for language like ""certificate holder is additional insured"" or ""per written contract"".",matchOnce,must be present,,,non_compliant,Block Requirements,,,true,0,,2026-08-16
"Block Real Estate Services, LLC",6a187b47b7214c0791824859,6a187b32d2723fbba9a51c41,"Re-View Windows, Inc. (fka Architectural Specialties, Inc. )",69fdf0c43b208288e0a7f2ab,"pas774 - Paseo Industrial - 1201 Saline {Paseo Industrial, LLC}",evidenceOfInsurance,Evidence of Insurance,6ac20aae-5728-5d57-b364-aeba38527dba,Additional Requirements,e1017741-e47e-5f58-97b8-fbc3043e919f,Umbrella follows form over General Liability,"---prompt---
Determine if the Umbrella/Excess Liability policy follows form to the underlying policies. Evidence may include: language in the Description of Operations section stating the umbrella follows form to underlying coverages or an additional page endorsement stating that it follows form. Follow form means the umbrella policy adopts the same terms, conditions, and exclusions as the underlying policies.",matchOnce,must be present,,,non_compliant,Block Requirements,,,true,0,,2026-08-16
"Block Real Estate Services, LLC",6a187b47b7214c0791824859,6a187b32d2723fbba9a51c41,"Re-View Windows, Inc. (fka Architectural Specialties, Inc. )",69fdf0c43b208288e0a7f2ab,"pas774 - Paseo Industrial - 1201 Saline {Paseo Industrial, LLC}",evidenceOfInsurance,Evidence of Insurance,6ac20aae-5728-5d57-b364-aeba38527dba,Additional Requirements,2cdd866f-c9a4-576a-afd8-1d045762790c,The location must be listed as: 1235 Saline Street North Kansas City MO 64116,,matchOnce,must be present,,,non_compliant,Block Requirements,,,true,0,,2026-08-16
"Block Real Estate Services, LLC",6a187b47b7214c0791824859,6a187b32d2723fbba9a51c41,"Re-View Windows, Inc. (fka Architectural Specialties, Inc. )",69fdf0c43b208288e0a7f2ab,"pas774 - Paseo Industrial - 1201 Saline {Paseo Industrial, LLC}",evidenceOfInsurance,Evidence of Insurance,6ac20aae-5728-5d57-b364-aeba38527dba,Additional Requirements,3649e9d1-4e09-59bf-8f30-cb33c40cf117,"Certificate Holder must read: c/o Block Real Estate Services, LLC, 4622 Pennsylvania St., Suite 700, Kansas City, MO, 64112",,matchOnce,must be present,,,non_compliant,Block Requirements,,,true,0,,2026-08-16
"Block Real Estate Services, LLC",6a187b47b7214c079182485a,6a187b32d2723fbba9a51c41,"Re-View Windows, Inc. (fka Architectural Specialties, Inc. )",69fdf0c43b208288e0a7f2ab,"pas774 - Paseo Industrial - 1201 Saline {Paseo Industrial, LLC}",evidenceOfInsurance,Evidence of Insurance,commercialGeneralLiability,Commercial General Liability,evidenceOfInsuranceCommercialGeneralLiabilityCoverageTriggerOccurrence,Coverage Trigger: Occurrence,,matchOnce,must be present,,,non_compliant,Block Requirements,,,false,0,,2026-08-16
"Block Real Estate Services, LLC",6a187b47b7214c079182485a,6a187b32d2723fbba9a51c41,"Re-View Windows, Inc. (fka Architectural Specialties, Inc. )",69fdf0c43b208288e0a7f2ab,"pas774 - Paseo Industrial - 1201 Saline {Paseo Industrial, LLC}",evidenceOfInsurance,Evidence of Insurance,commercialGeneralLiability,Commercial General Liability,evidenceOfInsuranceCommercialGeneralLiabilityGeneralAggregateLimitAppliesPerLocation,General Aggregate Limit Applies per: Location,,matchOnce,must be present,,,non_compliant,Block Requirements,,,false,0,,2026-08-16
"Block Real Estate Services, LLC",6a187b47b7214c079182485a,6a187b32d2723fbba9a51c41,"Re-View Windows, Inc. (fka Architectural Specialties, Inc. )",69fdf0c43b208288e0a7f2ab,"pas774 - Paseo Industrial - 1201 Saline {Paseo Industrial, LLC}",evidenceOfInsurance,Evidence of Insurance,commercialGeneralLiability,Commercial General Liability,evidenceOfInsuranceCommercialGeneralLiabilityEachOccurrence,Each Occurrence,,matchOnce,must be greater or equal to,1000000,,non_compliant,Block Requirements,,,false,0,,2026-08-16
"Block Real Estate Services, LLC",6a187b47b7214c079182485a,6a187b32d2723fbba9a51c41,"Re-View Windows, Inc. (fka Architectural Specialties, Inc. )",69fdf0c43b208288e0a7f2ab,"pas774 - Paseo Industrial - 1201 Saline {Paseo Industrial, LLC}",evidenceOfInsurance,Evidence of Insurance,commercialGeneralLiability,Commercial General Liability,evidenceOfInsuranceCommercialGeneralLiabilityGeneralAggregate,General Aggregate,,matchOnce,must be greater or equal to,2000000,,non_compliant,Block Requirements,,,false,0,,2026-08-16
"Block Real Estate Services, LLC",6a187b47b7214c079182485a,6a187b32d2723fbba9a51c41,"Re-View Windows, Inc. (fka Architectural Specialties, Inc. )",69fdf0c43b208288e0a7f2ab,"pas774 - Paseo Industrial - 1201 Saline {Paseo Industrial, LLC}",evidenceOfInsurance,Evidence of Insurance,commercialGeneralLiability,Commercial General Liability,evidenceOfInsuranceCommercialGeneralLiabilityWaiverOfSubrogationEndorsement,Waiver of Subrogation,"---prompt---
Determine if the insurer has waived their right of subrogation in favor of the certificate holder under the Commercial General Liability policy. Evidence may include: a checked ""Waiver of Subrogation"" box on the certificate, mention in the Description of Operations section stating ""waiver of subrogation applies"", or reference to form CG 24 04. Look for language like ""subrogation is waived"" or ""per written contract"".",matchOnce,must be present,,,non_compliant,Block Requirements,,,false,0,,2026-08-16
"Block Real Estate Services, LLC",6a187b47b7214c079182485a,6a187b32d2723fbba9a51c41,"Re-View Windows, Inc. (fka Architectural Specialties, Inc. )",69fdf0c43b208288e0a7f2ab,"pas774 - Paseo Industrial - 1201 Saline {Paseo Industrial, LLC}",evidenceOfInsurance,Evidence of Insurance,excessOrUmbrellaLiability,Umbrella/Excess Liability,evidenceOfInsuranceExcessOrUmbrellaLiabilityOccurence,Coverage Trigger: Occurrence,,matchOnce,must be present,,,non_compliant,Block Requirements,,,false,0,,2026-08-16
"Block Real Estate Services, LLC",6a187b47b7214c079182485a,6a187b32d2723fbba9a51c41,"Re-View Windows, Inc. (fka Architectural Specialties, Inc. )",69fdf0c43b208288e0a7f2ab,"pas774 - Paseo Industrial - 1201 Saline {Paseo Industrial, LLC}",evidenceOfInsurance,Evidence of Insurance,excessOrUmbrellaLiability,Umbrella/Excess Liability,evidenceOfInsuranceExcessOrUmbrellaLiabilityEachOccurrence,Each Occurrence,,matchOnce,must be greater or equal to,1000000,,non_compliant,Block Requirements,,,false,0,,2026-08-16
"Block Real Estate Services, LLC",6a187b47b7214c079182485a,6a187b32d2723fbba9a51c41,"Re-View Windows, Inc. (fka Architectural Specialties, Inc. )",69fdf0c43b208288e0a7f2ab,"pas774 - Paseo Industrial - 1201 Saline {Paseo Industrial, LLC}",evidenceOfInsurance,Evidence of Insurance,excessOrUmbrellaLiability,Umbrella/Excess Liability,evidenceOfInsuranceExcessOrUmbrellaLiabilityAggregate,Aggregate,,matchOnce,must be greater or equal to,1000000,,non_compliant,Block Requirements,,,false,0,,2026-08-16
"Block Real Estate Services, LLC",6a187b47b7214c079182485a,6a187b32d2723fbba9a51c41,"Re-View Windows, Inc. (fka Architectural Specialties, Inc. )",69fdf0c43b208288e0a7f2ab,"pas774 - Paseo Industrial - 1201 Saline {Paseo Industrial, LLC}",evidenceOfInsurance,Evidence of Insurance,workersCompensation,Workers' Compensation and Employer's Liability,evidenceOfInsuranceWorkersCompensationStatutoryLimits,Statutory Limits,,matchOnce,must be present,,,non_compliant,Block Requirements,,,false,0,,2026-08-16
"Block Real Estate Services, LLC",6a187b47b7214c079182485a,6a187b32d2723fbba9a51c41,"Re-View Windows, Inc. (fka Architectural Specialties, Inc. )",69fdf0c43b208288e0a7f2ab,"pas774 - Paseo Industrial - 1201 Saline {Paseo Industrial, LLC}",evidenceOfInsurance,Evidence of Insurance,workersCompensation,Workers' Compensation and Employer's Liability,evidenceOfInsuranceWorkersCompensationEmployersLiabilityEachAccident,Employer's Liability Each Accident,,matchOnce,must be greater or equal to,500000,,non_compliant,Block Requirements,,,false,0,,2026-08-16
"Block Real Estate Services, LLC",6a187b47b7214c079182485a,6a187b32d2723fbba9a51c41,"Re-View Windows, Inc. (fka Architectural Specialties, Inc. )",69fdf0c43b208288e0a7f2ab,"pas774 - Paseo Industrial - 1201 Saline {Paseo Industrial, LLC}",evidenceOfInsurance,Evidence of Insurance,workersCompensation,Workers' Compensation and Employer's Liability,evidenceOfInsuranceWorkersCompensationEmployersLiabilityDiseaseEachEmployee,Employer's Liability Disease - each employee,,matchOnce,must be greater or equal to,500000,,non_compliant,Block Requirements,,,false,0,,2026-08-16
"Block Real Estate Services, LLC",6a187b47b7214c079182485a,6a187b32d2723fbba9a51c41,"Re-View Windows, Inc. (fka Architectural Specialties, Inc. )",69fdf0c43b208288e0a7f2ab,"pas774 - Paseo Industrial - 1201 Saline {Paseo Industrial, LLC}",evidenceOfInsurance,Evidence of Insurance,workersCompensation,Workers' Compensation and Employer's Liability,evidenceOfInsuranceWorkersCompensationEmployersLiabilityDiseasePolicyLimit,Employer's Liability Disease - policy limit,,matchOnce,must be greater or equal to,500000,,non_compliant,Block Requirements,,,false,0,,2026-08-16
"Block Real Estate Services, LLC",6a187b47b7214c079182485a,6a187b32d2723fbba9a51c41,"Re-View Windows, Inc. (fka Architectural Specialties, Inc. )",69fdf0c43b208288e0a7f2ab,"pas774 - Paseo Industrial - 1201 Saline {Paseo Industrial, LLC}",evidenceOfInsurance,Evidence of Insurance,workersCompensation,Workers' Compensation and Employer's Liability,evidenceOfInsuranceWorkersCompensationWaiverOfSubrogationEndorsement,Waiver of Subrogation,"---prompt---
Determine if the insurer has waived their right of subrogation in favor of the certificate holder under the Workers' Compensation policy. Evidence may include: a checked ""Waiver of Subrogation"" box on the certificate, mention in the Description of Operations section stating ""waiver of subrogation applies"", or reference to form WC 00 03 13. Look for language like ""subrogation is waived"" or ""per written contract"".",matchOnce,must be present,,,non_compliant,Block Requirements,,,false,0,,2026-08-16
"Block Real Estate Services, LLC",6a187b47b7214c079182485a,6a187b32d2723fbba9a51c41,"Re-View Windows, Inc. (fka Architectural Specialties, Inc. )",69fdf0c43b208288e0a7f2ab,"pas774 - Paseo Industrial - 1201 Saline {Paseo Industrial, LLC}",evidenceOfInsurance,Evidence of Insurance,6ac20aae-5728-5d57-b364-aeba38527dba,Additional Requirements,4da5b0f1-4c9d-5885-8cf8-5d3cccaed3e0,"Block Real Estate Services, LLC and all others required by contract are named as Additional Insureds","---prompt---
Determine if the Description of Operations or the Additional Remarks Schedule section states the ""Additional Insured as Construction Management, Inc. and all others required by contract"" or reference to blanket additional insured coverage. Look for language like ""certificate holder is additional insured"" or ""per written contract"".",matchOnce,must be present,,,non_compliant,Block Requirements,,,true,0,,2026-08-16
"Block Real Estate Services, LLC",6a187b47b7214c079182485a,6a187b32d2723fbba9a51c41,"Re-View Windows, Inc. (fka Architectural Specialties, Inc. )",69fdf0c43b208288e0a7f2ab,"pas774 - Paseo Industrial - 1201 Saline {Paseo Industrial, LLC}",evidenceOfInsurance,Evidence of Insurance,6ac20aae-5728-5d57-b364-aeba38527dba,Additional Requirements,e1017741-e47e-5f58-97b8-fbc3043e919f,Umbrella follows form over General Liability,"---prompt---
Determine if the Umbrella/Excess Liability policy follows form to the underlying policies. Evidence may include: language in the Description of Operations section stating the umbrella follows form to underlying coverages or an additional page endorsement stating that it follows form. Follow form means the umbrella policy adopts the same terms, conditions, and exclusions as the underlying policies.",matchOnce,must be present,,,non_compliant,Block Requirements,,,true,0,,2026-08-16
"Block Real Estate Services, LLC",6a187b47b7214c079182485a,6a187b32d2723fbba9a51c41,"Re-View Windows, Inc. (fka Architectural Specialties, Inc. )",69fdf0c43b208288e0a7f2ab,"pas774 - Paseo Industrial - 1201 Saline {Paseo Industrial, LLC}",evidenceOfInsurance,Evidence of Insurance,6ac20aae-5728-5d57-b364-aeba38527dba,Additional Requirements,2cdd866f-c9a4-576a-afd8-1d045762790c,The location must be listed as: 1201 Saline Street North Kansas City MO 64116,,matchOnce,must be present,,,non_compliant,Block Requirements,,,true,0,,2026-08-16
"Block Real Estate Services, LLC",6a187b47b7214c079182485a,6a187b32d2723fbba9a51c41,"Re-View Windows, Inc. (fka Architectural Specialties, Inc. )",69fdf0c43b208288e0a7f2ab,"pas774 - Paseo Industrial - 1201 Saline {Paseo Industrial, LLC}",evidenceOfInsurance,Evidence of Insurance,6ac20aae-5728-5d57-b364-aeba38527dba,Additional Requirements,3649e9d1-4e09-59bf-8f30-cb33c40cf117,"Certificate Holder must read: c/o Block Real Estate Services, LLC, 4622 Pennsylvania St., Suite 700, Kansas City, MO, 64112",,matchOnce,must be present,,,non_compliant,Block Requirements,,,true,0,,2026-08-16
"Block Real Estate Services, LLC",6a187b91a1ec98c09c9682a3,6a187b72462ef1e78ea98fda,"Heper USA, Inc.",69fdf0c43b208288e0a7f2ab,"pas774 - Paseo Industrial - 1201 Saline {Paseo Industrial, LLC}",evidenceOfInsurance,Evidence of Insurance,commercialGeneralLiability,Commercial General Liability,evidenceOfInsuranceCommercialGeneralLiabilityCoverageTriggerOccurrence,Coverage Trigger: Occurrence,,matchOnce,must be present,,Present,compliant,Block Requirements,,,false,1,,2026-08-16
"Block Real Estate Services, LLC",6a187b91a1ec98c09c9682a3,6a187b72462ef1e78ea98fda,"Heper USA, Inc.",69fdf0c43b208288e0a7f2ab,"pas774 - Paseo Industrial - 1201 Saline {Paseo Industrial, LLC}",evidenceOfInsurance,Evidence of Insurance,commercialGeneralLiability,Commercial General Liability,evidenceOfInsuranceCommercialGeneralLiabilityGeneralAggregateLimitAppliesPerLocation,General Aggregate Limit Applies per: Location,,matchOnce,must be present,,,non_compliant,Block Requirements,,,false,0,,2026-08-16
"Block Real Estate Services, LLC",6a187b91a1ec98c09c9682a3,6a187b72462ef1e78ea98fda,"Heper USA, Inc.",69fdf0c43b208288e0a7f2ab,"pas774 - Paseo Industrial - 1201 Saline {Paseo Industrial, LLC}",evidenceOfInsurance,Evidence of Insurance,commercialGeneralLiability,Commercial General Liability,evidenceOfInsuranceCommercialGeneralLiabilityEachOccurrence,Each Occurrence,,matchOnce,must be greater or equal to,1000000,1000000,compliant,Block Requirements,,,false,1,,2026-08-16
"Block Real Estate Services, LLC",6a187b91a1ec98c09c9682a3,6a187b72462ef1e78ea98fda,"Heper USA, Inc.",69fdf0c43b208288e0a7f2ab,"pas774 - Paseo Industrial - 1201 Saline {Paseo Industrial, LLC}",evidenceOfInsurance,Evidence of Insurance,commercialGeneralLiability,Commercial General Liability,evidenceOfInsuranceCommercialGeneralLiabilityGeneralAggregate,General Aggregate,,matchOnce,must be greater or equal to,2000000,2000000,compliant,Block Requirements,,,false,1,,2026-08-16
"Block Real Estate Services, LLC",6a187b91a1ec98c09c9682a3,6a187b72462ef1e78ea98fda,"Heper USA, Inc.",69fdf0c43b208288e0a7f2ab,"pas774 - Paseo Industrial - 1201 Saline {Paseo Industrial, LLC}",evidenceOfInsurance,Evidence of Insurance,commercialGeneralLiability,Commercial General Liability,evidenceOfInsuranceCommercialGeneralLiabilityWaiverOfSubrogationEndorsement,Waiver of Subrogation,"---prompt---
Determine if the insurer has waived their right of subrogation in favor of the certificate holder under the Commercial General Liability policy. Evidence may include: a checked ""Waiver of Subrogation"" box on the certificate, mention in the Description of Operations section stating ""waiver of subrogation applies"", or reference to form CG 24 04. Look for language like ""subrogation is waived"" or ""per written contract"".",matchOnce,must be present,,,non_compliant,Block Requirements,,,false,0,,2026-08-16
"Block Real Estate Services, LLC",6a187b91a1ec98c09c9682a3,6a187b72462ef1e78ea98fda,"Heper USA, Inc.",69fdf0c43b208288e0a7f2ab,"pas774 - Paseo Industrial - 1201 Saline {Paseo Industrial, LLC}",evidenceOfInsurance,Evidence of Insurance,excessOrUmbrellaLiability,Umbrella/Excess Liability,evidenceOfInsuranceExcessOrUmbrellaLiabilityOccurence,Coverage Trigger: Occurrence,,matchOnce,must be present,,Present,compliant,Block Requirements,,,false,1,,2026-08-16
"Block Real Estate Services, LLC",6a187b91a1ec98c09c9682a3,6a187b72462ef1e78ea98fda,"Heper USA, Inc.",69fdf0c43b208288e0a7f2ab,"pas774 - Paseo Industrial - 1201 Saline {Paseo Industrial, LLC}",evidenceOfInsurance,Evidence of Insurance,excessOrUmbrellaLiability,Umbrella/Excess Liability,evidenceOfInsuranceExcessOrUmbrellaLiabilityEachOccurrence,Each Occurrence,,matchOnce,must be greater or equal to,1000000,2000000,compliant,Block Requirements,,,false,1,,2026-08-16
"Block Real Estate Services, LLC",6a187b91a1ec98c09c9682a3,6a187b72462ef1e78ea98fda,"Heper USA, Inc.",69fdf0c43b208288e0a7f2ab,"pas774 - Paseo Industrial - 1201 Saline {Paseo Industrial, LLC}",evidenceOfInsurance,Evidence of Insurance,excessOrUmbrellaLiability,Umbrella/Excess Liability,evidenceOfInsuranceExcessOrUmbrellaLiabilityAggregate,Aggregate,,matchOnce,must be greater or equal to,1000000,2000000,compliant,Block Requirements,,,false,1,,2026-08-16
"Block Real Estate Services, LLC",6a187b91a1ec98c09c9682a3,6a187b72462ef1e78ea98fda,"Heper USA, Inc.",69fdf0c43b208288e0a7f2ab,"pas774 - Paseo Industrial - 1201 Saline {Paseo Industrial, LLC}",evidenceOfInsurance,Evidence of Insurance,workersCompensation,Workers' Compensation and Employer's Liability,evidenceOfInsuranceWorkersCompensationStatutoryLimits,Statutory Limits,,matchOnce,must be present,,Present,compliant,Block Requirements,,,false,1,,2026-08-16
"Block Real Estate Services, LLC",6a187b91a1ec98c09c9682a3,6a187b72462ef1e78ea98fda,"Heper USA, Inc.",69fdf0c43b208288e0a7f2ab,"pas774 - Paseo Industrial - 1201 Saline {Paseo Industrial, LLC}",evidenceOfInsurance,Evidence of Insurance,workersCompensation,Workers' Compensation and Employer's Liability,evidenceOfInsuranceWorkersCompensationEmployersLiabilityEachAccident,Employer's Liability Each Accident,,matchOnce,must be greater or equal to,500000,1000000,compliant,Block Requirements,,,false,1,,2026-08-16
"Block Real Estate Services, LLC",6a187b91a1ec98c09c9682a3,6a187b72462ef1e78ea98fda,"Heper USA, Inc.",69fdf0c43b208288e0a7f2ab,"pas774 - Paseo Industrial - 1201 Saline {Paseo Industrial, LLC}",evidenceOfInsurance,Evidence of Insurance,workersCompensation,Workers' Compensation and Employer's Liability,evidenceOfInsuranceWorkersCompensationEmployersLiabilityDiseaseEachEmployee,Employer's Liability Disease - each employee,,matchOnce,must be greater or equal to,500000,1000000,compliant,Block Requirements,,,false,1,,2026-08-16
"Block Real Estate Services, LLC",6a187b91a1ec98c09c9682a3,6a187b72462ef1e78ea98fda,"Heper USA, Inc.",69fdf0c43b208288e0a7f2ab,"pas774 - Paseo Industrial - 1201 Saline {Paseo Industrial, LLC}",evidenceOfInsurance,Evidence of Insurance,workersCompensation,Workers' Compensation and Employer's Liability,evidenceOfInsuranceWorkersCompensationEmployersLiabilityDiseasePolicyLimit,Employer's Liability Disease - policy limit,,matchOnce,must be greater or equal to,500000,1000000,compliant,Block Requirements,,,false,1,,2026-08-16
"Block Real Estate Services, LLC",6a187b91a1ec98c09c9682a3,6a187b72462ef1e78ea98fda,"Heper USA, Inc.",69fdf0c43b208288e0a7f2ab,"pas774 - Paseo Industrial - 1201 Saline {Paseo Industrial, LLC}",evidenceOfInsurance,Evidence of Insurance,workersCompensation,Workers' Compensation and Employer's Liability,evidenceOfInsuranceWorkersCompensationWaiverOfSubrogationEndorsement,Waiver of Subrogation,"---prompt---
Determine if the insurer has waived their right of subrogation in favor of the certificate holder under the Workers' Compensation policy. Evidence may include: a checked ""Waiver of Subrogation"" box on the certificate, mention in the Description of Operations section stating ""waiver of subrogation applies"", or reference to form WC 00 03 13. Look for language like ""subrogation is waived"" or ""per written contract"".",matchOnce,must be present,,,overridden,Block Requirements,Not Allowed in MO,,false,0,,2026-08-16
"Block Real Estate Services, LLC",6a187b91a1ec98c09c9682a3,6a187b72462ef1e78ea98fda,"Heper USA, Inc.",69fdf0c43b208288e0a7f2ab,"pas774 - Paseo Industrial - 1201 Saline {Paseo Industrial, LLC}",evidenceOfInsurance,Evidence of Insurance,6ac20aae-5728-5d57-b364-aeba38527dba,Additional Requirements,4da5b0f1-4c9d-5885-8cf8-5d3cccaed3e0,"Block Real Estate Services, LLC and all others required by contract are named as Additional Insureds","---prompt---
Determine if the Description of Operations or the Additional Remarks Schedule section states the ""Additional Insured as Construction Management, Inc. and all others required by contract"" or reference to blanket additional insured coverage. Look for language like ""certificate holder is additional insured"" or ""per written contract"".",matchOnce,must be present,,Present,compliant,Block Requirements,,,true,1,,2026-08-16
"Block Real Estate Services, LLC",6a187b91a1ec98c09c9682a3,6a187b72462ef1e78ea98fda,"Heper USA, Inc.",69fdf0c43b208288e0a7f2ab,"pas774 - Paseo Industrial - 1201 Saline {Paseo Industrial, LLC}",evidenceOfInsurance,Evidence of Insurance,6ac20aae-5728-5d57-b364-aeba38527dba,Additional Requirements,e1017741-e47e-5f58-97b8-fbc3043e919f,Umbrella follows form over General Liability,"---prompt---
Determine if the Umbrella/Excess Liability policy follows form to the underlying policies. Evidence may include: language in the Description of Operations section stating the umbrella follows form to underlying coverages or an additional page endorsement stating that it follows form. Follow form means the umbrella policy adopts the same terms, conditions, and exclusions as the underlying policies.",matchOnce,must be present,,Present,compliant,Block Requirements,,,true,1,,2026-08-16
"Block Real Estate Services, LLC",6a187b91a1ec98c09c9682a3,6a187b72462ef1e78ea98fda,"Heper USA, Inc.",69fdf0c43b208288e0a7f2ab,"pas774 - Paseo Industrial - 1201 Saline {Paseo Industrial, LLC}",evidenceOfInsurance,Evidence of Insurance,6ac20aae-5728-5d57-b364-aeba38527dba,Additional Requirements,2cdd866f-c9a4-576a-afd8-1d045762790c,"The location must be listed as: 1133, 1135, 1137 Saline Street North Kansas City MO 64116",,matchOnce,must be present,,Present,compliant,Block Requirements,,,true,1,,2026-08-16
"Block Real Estate Services, LLC",6a187b91a1ec98c09c9682a3,6a187b72462ef1e78ea98fda,"Heper USA, Inc.",69fdf0c43b208288e0a7f2ab,"pas774 - Paseo Industrial - 1201 Saline {Paseo Industrial, LLC}",evidenceOfInsurance,Evidence of Insurance,6ac20aae-5728-5d57-b364-aeba38527dba,Additional Requirements,3649e9d1-4e09-59bf-8f30-cb33c40cf117,"Certificate Holder must read: c/o Block Real Estate Services, LLC, 4622 Pennsylvania St., Suite 700, Kansas City, MO, 64112",,matchOnce,must be present,,Present,compliant,Block Requirements,,,true,1,,2026-08-16
"Block Real Estate Services, LLC",69fdf74a62446148bd854b39,69fded2062446148bd849135,Savanah Hunt,69fdef3a02bb2c42a879db44,3rd349 - 13440 Roe Avenue {Taikan Development Corporation},evidenceOfInsurance,Evidence of Insurance,commercialGeneralLiability,Commercial General Liability,evidenceOfInsuranceCommercialGeneralLiabilityCoverageTriggerOccurrence,Coverage Trigger: Occurrence,,matchOnce,must be present,,,non_compliant,Block Requirements,,,false,0,,2026-08-16
"Block Real Estate Services, LLC",69fdf74a62446148bd854b39,69fded2062446148bd849135,Savanah Hunt,69fdef3a02bb2c42a879db44,3rd349 - 13440 Roe Avenue {Taikan Development Corporation},evidenceOfInsurance,Evidence of Insurance,commercialGeneralLiability,Commercial General Liability,evidenceOfInsuranceCommercialGeneralLiabilityGeneralAggregateLimitAppliesPerLocation,General Aggregate Limit Applies per: Location,,matchOnce,must be present,,,non_compliant,Block Requirements,,,false,0,,2026-08-16
"Block Real Estate Services, LLC",69fdf74a62446148bd854b39,69fded2062446148bd849135,Savanah Hunt,69fdef3a02bb2c42a879db44,3rd349 - 13440 Roe Avenue {Taikan Development Corporation},evidenceOfInsurance,Evidence of Insurance,commercialGeneralLiability,Commercial General Liability,evidenceOfInsuranceCommercialGeneralLiabilityEachOccurrence,Each Occurrence,,matchOnce,must be greater or equal to,1000000,,non_compliant,Block Requirements,,,false,0,,2026-08-16
"Block Real Estate Services, LLC",69fdf74a62446148bd854b39,69fded2062446148bd849135,Savanah Hunt,69fdef3a02bb2c42a879db44,3rd349 - 13440 Roe Avenue {Taikan Development Corporation},evidenceOfInsurance,Evidence of Insurance,commercialGeneralLiability,Commercial General Liability,evidenceOfInsuranceCommercialGeneralLiabilityGeneralAggregate,General Aggregate,,matchOnce,must be greater or equal to,2000000,,non_compliant,Block Requirements,,,false,0,,2026-08-16
"Block Real Estate Services, LLC",69fdf74a62446148bd854b39,69fded2062446148bd849135,Savanah Hunt,69fdef3a02bb2c42a879db44,3rd349 - 13440 Roe Avenue {Taikan Development Corporation},evidenceOfInsurance,Evidence of Insurance,commercialGeneralLiability,Commercial General Liability,evidenceOfInsuranceCommercialGeneralLiabilityWaiverOfSubrogationEndorsement,Waiver of Subrogation,"---prompt---
Determine if the insurer has waived their right of subrogation in favor of the certificate holder under the Commercial General Liability policy. Evidence may include: a checked ""Waiver of Subrogation"" box on the certificate, mention in the Description of Operations section stating ""waiver of subrogation applies"", or reference to form CG 24 04. Look for language like ""subrogation is waived"" or ""per written contract"".",matchOnce,must be present,,,non_compliant,Block Requirements,,,false,0,,2026-08-16
"Block Real Estate Services, LLC",69fdf74a62446148bd854b39,69fded2062446148bd849135,Savanah Hunt,69fdef3a02bb2c42a879db44,3rd349 - 13440 Roe Avenue {Taikan Development Corporation},evidenceOfInsurance,Evidence of Insurance,excessOrUmbrellaLiability,Umbrella/Excess Liability,evidenceOfInsuranceExcessOrUmbrellaLiabilityOccurence,Coverage Trigger: Occurrence,,matchOnce,must be present,,,non_compliant,Block Requirements,,,false,0,,2026-08-16
"Block Real Estate Services, LLC",69fdf74a62446148bd854b39,69fded2062446148bd849135,Savanah Hunt,69fdef3a02bb2c42a879db44,3rd349 - 13440 Roe Avenue {Taikan Development Corporation},evidenceOfInsurance,Evidence of Insurance,excessOrUmbrellaLiability,Umbrella/Excess Liability,evidenceOfInsuranceExcessOrUmbrellaLiabilityEachOccurrence,Each Occurrence,,matchOnce,must be greater or equal to,1000000,,non_compliant,Block Requirements,,,false,0,,2026-08-16
"Block Real Estate Services, LLC",69fdf74a62446148bd854b39,69fded2062446148bd849135,Savanah Hunt,69fdef3a02bb2c42a879db44,3rd349 - 13440 Roe Avenue {Taikan Development Corporation},evidenceOfInsurance,Evidence of Insurance,excessOrUmbrellaLiability,Umbrella/Excess Liability,evidenceOfInsuranceExcessOrUmbrellaLiabilityAggregate,Aggregate,,matchOnce,must be greater or equal to,1000000,,non_compliant,Block Requirements,,,false,0,,2026-08-16
"Block Real Estate Services, LLC",69fdf74a62446148bd854b39,69fded2062446148bd849135,Savanah Hunt,69fdef3a02bb2c42a879db44,3rd349 - 13440 Roe Avenue {Taikan Development Corporation},evidenceOfInsurance,Evidence of Insurance,workersCompensation,Workers' Compensation and Employer's Liability,evidenceOfInsuranceWorkersCompensationStatutoryLimits,Statutory Limits,,matchOnce,must be present,,,non_compliant,Block Requirements,,,false,0,,2026-08-16
"Block Real Estate Services, LLC",69fdf74a62446148bd854b39,69fded2062446148bd849135,Savanah Hunt,69fdef3a02bb2c42a879db44,3rd349 - 13440 Roe Avenue {Taikan Development Corporation},evidenceOfInsurance,Evidence of Insurance,workersCompensation,Workers' Compensation and Employer's Liability,evidenceOfInsuranceWorkersCompensationEmployersLiabilityEachAccident,Employer's Liability Each Accident,,matchOnce,must be greater or equal to,500000,,non_compliant,Block Requirements,,,false,0,,2026-08-16
"Block Real Estate Services, LLC",69fdf74a62446148bd854b39,69fded2062446148bd849135,Savanah Hunt,69fdef3a02bb2c42a879db44,3rd349 - 13440 Roe Avenue {Taikan Development Corporation},evidenceOfInsurance,Evidence of Insurance,workersCompensation,Workers' Compensation and Employer's Liability,evidenceOfInsuranceWorkersCompensationEmployersLiabilityDiseaseEachEmployee,Employer's Liability Disease - each employee,,matchOnce,must be greater or equal to,500000,,non_compliant,Block Requirements,,,false,0,,2026-08-16
"Block Real Estate Services, LLC",69fdf74a62446148bd854b39,69fded2062446148bd849135,Savanah Hunt,69fdef3a02bb2c42a879db44,3rd349 - 13440 Roe Avenue {Taikan Development Corporation},evidenceOfInsurance,Evidence of Insurance,workersCompensation,Workers' Compensation and Employer's Liability,evidenceOfInsuranceWorkersCompensationEmployersLiabilityDiseasePolicyLimit,Employer's Liability Disease - policy limit,,matchOnce,must be greater or equal to,500000,,non_compliant,Block Requirements,,,false,0,,2026-08-16
"Block Real Estate Services, LLC",69fdf74a62446148bd854b39,69fded2062446148bd849135,Savanah Hunt,69fdef3a02bb2c42a879db44,3rd349 - 13440 Roe Avenue {Taikan Development Corporation},evidenceOfInsurance,Evidence of Insurance,workersCompensation,Workers' Compensation and Employer's Liability,evidenceOfInsuranceWorkersCompensationWaiverOfSubrogationEndorsement,Waiver of Subrogation,"---prompt---
Determine if the insurer has waived their right of subrogation in favor of the certificate holder under the Workers' Compensation policy. Evidence may include: a checked ""Waiver of Subrogation"" box on the certificate, mention in the Description of Operations section stating ""waiver of subrogation applies"", or reference to form WC 00 03 13. Look for language like ""subrogation is waived"" or ""per written contract"".",matchOnce,must be present,,,non_compliant,Block Requirements,,,false,0,,2026-08-16
"Block Real Estate Services, LLC",69fdf74a62446148bd854b39,69fded2062446148bd849135,Savanah Hunt,69fdef3a02bb2c42a879db44,3rd349 - 13440 Roe Avenue {Taikan Development Corporation},evidenceOfInsurance,Evidence of Insurance,6ac20aae-5728-5d57-b364-aeba38527dba,Additional Requirements,4da5b0f1-4c9d-5885-8cf8-5d3cccaed3e0,"Block Real Estate Services, LLC and all others required by contract are named as Additional Insureds","---prompt---
Determine if the Description of Operations or the Additional Remarks Schedule section states the ""Additional Insured as Construction Management, Inc. and all others required by contract"" or reference to blanket additional insured coverage. Look for language like ""certificate holder is additional insured"" or ""per written contract"".",matchOnce,must be present,,,non_compliant,Block Requirements,,,true,0,,2026-08-16
"Block Real Estate Services, LLC",69fdf74a62446148bd854b39,69fded2062446148bd849135,Savanah Hunt,69fdef3a02bb2c42a879db44,3rd349 - 13440 Roe Avenue {Taikan Development Corporation},evidenceOfInsurance,Evidence of Insurance,6ac20aae-5728-5d57-b364-aeba38527dba,Additional Requirements,e1017741-e47e-5f58-97b8-fbc3043e919f,Umbrella follows form over General Liability,"---prompt---
Determine if the Umbrella/Excess Liability policy follows form to the underlying policies. Evidence may include: language in the Description of Operations section stating the umbrella follows form to underlying coverages or an additional page endorsement stating that it follows form. Follow form means the umbrella policy adopts the same terms, conditions, and exclusions as the underlying policies.",matchOnce,must be present,,,non_compliant,Block Requirements,,,true,0,,2026-08-16
"Block Real Estate Services, LLC",69fdf74a62446148bd854b39,69fded2062446148bd849135,Savanah Hunt,69fdef3a02bb2c42a879db44,3rd349 - 13440 Roe Avenue {Taikan Development Corporation},evidenceOfInsurance,Evidence of Insurance,6ac20aae-5728-5d57-b364-aeba38527dba,Additional Requirements,2cdd866f-c9a4-576a-afd8-1d045762790c,"The location must be listed as: 13440 Roe Avenue, Leawood, KS, 66209",,matchOnce,must be present,,,non_compliant,Block Requirements,,,true,0,,2026-08-16
"Block Real Estate Services, LLC",69fdf74a62446148bd854b39,69fded2062446148bd849135,Savanah Hunt,69fdef3a02bb2c42a879db44,3rd349 - 13440 Roe Avenue {Taikan Development Corporation},evidenceOfInsurance,Evidence of Insurance,6ac20aae-5728-5d57-b364-aeba38527dba,Additional Requirements,3649e9d1-4e09-59bf-8f30-cb33c40cf117,"Certificate Holder must read: c/o Block Real Estate Services, LLC, 4622 Pennsylvania St., Suite 700, Kansas City, MO, 64112",,matchOnce,must be present,,,non_compliant,Block Requirements,,,true,0,,2026-08-16
"Block Real Estate Services, LLC",69fdf75c62446148bd855f6c,69fded2062446148bd849171,Skechers Outlet,69fdef780bb484cab5138997,"3rd743 - ECW, LLC (Skechers Building)",evidenceOfInsurance,Evidence of Insurance,commercialGeneralLiability,Commercial General Liability,evidenceOfInsuranceCommercialGeneralLiabilityCoverageTriggerOccurrence,Coverage Trigger: Occurrence,,matchOnce,must be present,,Present,compliant,Block Requirements,,,false,1,,2026-08-16
"Block Real Estate Services, LLC",69fdf75c62446148bd855f6c,69fded2062446148bd849171,Skechers Outlet,69fdef780bb484cab5138997,"3rd743 - ECW, LLC (Skechers Building)",evidenceOfInsurance,Evidence of Insurance,commercialGeneralLiability,Commercial General Liability,evidenceOfInsuranceCommercialGeneralLiabilityGeneralAggregateLimitAppliesPerLocation,General Aggregate Limit Applies per: Location,,matchOnce,must be present,,Present,compliant,Block Requirements,,,false,1,,2026-08-16
"Block Real Estate Services, LLC",69fdf75c62446148bd855f6c,69fded2062446148bd849171,Skechers Outlet,69fdef780bb484cab5138997,"3rd743 - ECW, LLC (Skechers Building)",evidenceOfInsurance,Evidence of Insurance,commercialGeneralLiability,Commercial General Liability,evidenceOfInsuranceCommercialGeneralLiabilityEachOccurrence,Each Occurrence,,matchOnce,must be greater or equal to,1000000,1000000,compliant,Block Requirements,,,false,1,,2026-08-16
"Block Real Estate Services, LLC",69fdf75c62446148bd855f6c,69fded2062446148bd849171,Skechers Outlet,69fdef780bb484cab5138997,"3rd743 - ECW, LLC (Skechers Building)",evidenceOfInsurance,Evidence of Insurance,commercialGeneralLiability,Commercial General Liability,evidenceOfInsuranceCommercialGeneralLiabilityGeneralAggregate,General Aggregate,,matchOnce,must be greater or equal to,2000000,2000000,compliant,Block Requirements,,,false,1,,2026-08-16
"Block Real Estate Services, LLC",69fdf75c62446148bd855f6c,69fded2062446148bd849171,Skechers Outlet,69fdef780bb484cab5138997,"3rd743 - ECW, LLC (Skechers Building)",evidenceOfInsurance,Evidence of Insurance,commercialGeneralLiability,Commercial General Liability,evidenceOfInsuranceCommercialGeneralLiabilityWaiverOfSubrogationEndorsement,Waiver of Subrogation,"---prompt---
Determine if the insurer has waived their right of subrogation in favor of the certificate holder under the Commercial General Liability policy. Evidence may include: a checked ""Waiver of Subrogation"" box on the certificate, mention in the Description of Operations section stating ""waiver of subrogation applies"", or reference to form CG 24 04. Look for language like ""subrogation is waived"" or ""per written contract"".",matchOnce,must be present,,Present,compliant,Block Requirements,,,false,1,,2026-08-16
"Block Real Estate Services, LLC",69fdf75c62446148bd855f6c,69fded2062446148bd849171,Skechers Outlet,69fdef780bb484cab5138997,"3rd743 - ECW, LLC (Skechers Building)",evidenceOfInsurance,Evidence of Insurance,excessOrUmbrellaLiability,Umbrella/Excess Liability,evidenceOfInsuranceExcessOrUmbrellaLiabilityOccurence,Coverage Trigger: Occurrence,,matchOnce,must be present,,Present,compliant,Block Requirements,,,false,1,,2026-08-16
"Block Real Estate Services, LLC",69fdf75c62446148bd855f6c,69fded2062446148bd849171,Skechers Outlet,69fdef780bb484cab5138997,"3rd743 - ECW, LLC (Skechers Building)",evidenceOfInsurance,Evidence of Insurance,excessOrUmbrellaLiability,Umbrella/Excess Liability,evidenceOfInsuranceExcessOrUmbrellaLiabilityEachOccurrence,Each Occurrence,,matchOnce,must be greater or equal to,1000000,5000000,compliant,Block Requirements,,,false,1,,2026-08-16
"Block Real Estate Services, LLC",69fdf75c62446148bd855f6c,69fded2062446148bd849171,Skechers Outlet,69fdef780bb484cab5138997,"3rd743 - ECW, LLC (Skechers Building)",evidenceOfInsurance,Evidence of Insurance,excessOrUmbrellaLiability,Umbrella/Excess Liability,evidenceOfInsuranceExcessOrUmbrellaLiabilityAggregate,Aggregate,,matchOnce,must be greater or equal to,1000000,5000000,compliant,Block Requirements,,,false,1,,2026-08-16
"Block Real Estate Services, LLC",69fdf75c62446148bd855f6c,69fded2062446148bd849171,Skechers Outlet,69fdef780bb484cab5138997,"3rd743 - ECW, LLC (Skechers Building)",evidenceOfInsurance,Evidence of Insurance,workersCompensation,Workers' Compensation and Employer's Liability,evidenceOfInsuranceWorkersCompensationStatutoryLimits,Statutory Limits,,matchOnce,must be present,,Present,compliant,Block Requirements,,,false,1,,2026-08-16
"Block Real Estate Services, LLC",69fdf75c62446148bd855f6c,69fded2062446148bd849171,Skechers Outlet,69fdef780bb484cab5138997,"3rd743 - ECW, LLC (Skechers Building)",evidenceOfInsurance,Evidence of Insurance,workersCompensation,Workers' Compensation and Employer's Liability,evidenceOfInsuranceWorkersCompensationEmployersLiabilityEachAccident,Employer's Liability Each Accident,,matchOnce,must be greater or equal to,500000,1000000,compliant,Block Requirements,,,false,1,,2026-08-16
"Block Real Estate Services, LLC",69fdf75c62446148bd855f6c,69fded2062446148bd849171,Skechers Outlet,69fdef780bb484cab5138997,"3rd743 - ECW, LLC (Skechers Building)",evidenceOfInsurance,Evidence of Insurance,workersCompensation,Workers' Compensation and Employer's Liability,evidenceOfInsuranceWorkersCompensationEmployersLiabilityDiseaseEachEmployee,Employer's Liability Disease - each employee,,matchOnce,must be greater or equal to,500000,1000000,compliant,Block Requirements,,,false,1,,2026-08-16
"Block Real Estate Services, LLC",69fdf75c62446148bd855f6c,69fded2062446148bd849171,Skechers Outlet,69fdef780bb484cab5138997,"3rd743 - ECW, LLC (Skechers Building)",evidenceOfInsurance,Evidence of Insurance,workersCompensation,Workers' Compensation and Employer's Liability,evidenceOfInsuranceWorkersCompensationEmployersLiabilityDiseasePolicyLimit,Employer's Liability Disease - policy limit,,matchOnce,must be greater or equal to,500000,1000000,compliant,Block Requirements,,,false,1,,2026-08-16
"Block Real Estate Services, LLC",69fdf75c62446148bd855f6c,69fded2062446148bd849171,Skechers Outlet,69fdef780bb484cab5138997,"3rd743 - ECW, LLC (Skechers Building)",evidenceOfInsurance,Evidence of Insurance,workersCompensation,Workers' Compensation and Employer's Liability,evidenceOfInsuranceWorkersCompensationWaiverOfSubrogationEndorsement,Waiver of Subrogation,"---prompt---
Determine if the insurer has waived their right of subrogation in favor of the certificate holder under the Workers' Compensation policy. Evidence may include: a checked ""Waiver of Subrogation"" box on the certificate, mention in the Description of Operations section stating ""waiver of subrogation applies"", or reference to form WC 00 03 13. Look for language like ""subrogation is waived"" or ""per written contract"".",matchOnce,must be present,,Present,compliant,Block Requirements,,,false,1,,2026-08-16
"Block Real Estate Services, LLC",69fdf75c62446148bd855f6c,69fded2062446148bd849171,Skechers Outlet,69fdef780bb484cab5138997,"3rd743 - ECW, LLC (Skechers Building)",evidenceOfInsurance,Evidence of Insurance,6ac20aae-5728-5d57-b364-aeba38527dba,Additional Requirements,4da5b0f1-4c9d-5885-8cf8-5d3cccaed3e0,"Block Real Estate Services, LLC and all others required by contract are named as Additional Insureds","---prompt---
Determine if the Description of Operations or the Additional Remarks Schedule section states the ""Additional Insured as Construction Management, Inc. and all others required by contract"" or reference to blanket additional insured coverage. Look for language like ""certificate holder is additional insured"" or ""per written contract"".",matchOnce,must be present,,Present,compliant,Block Requirements,,,true,1,,2026-08-16
"Block Real Estate Services, LLC",69fdf75c62446148bd855f6c,69fded2062446148bd849171,Skechers Outlet,69fdef780bb484cab5138997,"3rd743 - ECW, LLC (Skechers Building)",evidenceOfInsurance,Evidence of Insurance,6ac20aae-5728-5d57-b364-aeba38527dba,Additional Requirements,e1017741-e47e-5f58-97b8-fbc3043e919f,Umbrella follows form over General Liability,"---prompt---
Determine if the Umbrella/Excess Liability policy follows form to the underlying policies. Evidence may include: language in the Description of Operations section stating the umbrella follows form to underlying coverages or an additional page endorsement stating that it follows form. Follow form means the umbrella policy adopts the same terms, conditions, and exclusions as the underlying policies.",matchOnce,must be present,,Present,compliant,Block Requirements,,,true,1,,2026-08-16
"Block Real Estate Services, LLC",69fdf75c62446148bd855f6c,69fded2062446148bd849171,Skechers Outlet,69fdef780bb484cab5138997,"3rd743 - ECW, LLC (Skechers Building)",evidenceOfInsurance,Evidence of Insurance,6ac20aae-5728-5d57-b364-aeba38527dba,Additional Requirements,2cdd866f-c9a4-576a-afd8-1d045762790c,"The location must be listed as: 6740 W. 119th Street, Leawood, KS, 66209",,matchOnce,must be present,,Present,compliant,Block Requirements,,,true,1,,2026-08-16
"Block Real Estate Services, LLC",69fdf75c62446148bd855f6c,69fded2062446148bd849171,Skechers Outlet,69fdef780bb484cab5138997,"3rd743 - ECW, LLC (Skechers Building)",evidenceOfInsurance,Evidence of Insurance,6ac20aae-5728-5d57-b364-aeba38527dba,Additional Requirements,3649e9d1-4e09-59bf-8f30-cb33c40cf117,"Certificate Holder must read: c/o Block Real Estate Services, LLC, 4622 Pennsylvania St., Suite 700, Kansas City, MO, 64112",,matchOnce,must be present,,Present,compliant,Block Requirements,,,true,1,,2026-08-16
"Block Real Estate Services, LLC",6a18647fdbcac4598a69b1a7,6a18646fe701796d85db75b6,To the Hoop Bar & Grill,69fdf1523b208288e0a82fde,s79050 - S-79 Investment Company,evidenceOfInsurance,Evidence of Insurance,commercialGeneralLiability,Commercial General Liability,evidenceOfInsuranceCommercialGeneralLiabilityCoverageTriggerOccurrence,Coverage Trigger: Occurrence,,matchOnce,must be present,,,non_compliant,Block Requirements,,,false,0,,2026-08-16
"Block Real Estate Services, LLC",6a18647fdbcac4598a69b1a7,6a18646fe701796d85db75b6,To the Hoop Bar & Grill,69fdf1523b208288e0a82fde,s79050 - S-79 Investment Company,evidenceOfInsurance,Evidence of Insurance,commercialGeneralLiability,Commercial General Liability,evidenceOfInsuranceCommercialGeneralLiabilityGeneralAggregateLimitAppliesPerLocation,General Aggregate Limit Applies per: Location,,matchOnce,must be present,,,non_compliant,Block Requirements,,,false,0,,2026-08-16
"Block Real Estate Services, LLC",6a18647fdbcac4598a69b1a7,6a18646fe701796d85db75b6,To the Hoop Bar & Grill,69fdf1523b208288e0a82fde,s79050 - S-79 Investment Company,evidenceOfInsurance,Evidence of Insurance,commercialGeneralLiability,Commercial General Liability,evidenceOfInsuranceCommercialGeneralLiabilityEachOccurrence,Each Occurrence,,matchOnce,must be greater or equal to,1000000,,non_compliant,Block Requirements,,,false,0,,2026-08-16
"Block Real Estate Services, LLC",6a18647fdbcac4598a69b1a7,6a18646fe701796d85db75b6,To the Hoop Bar & Grill,69fdf1523b208288e0a82fde,s79050 - S-79 Investment Company,evidenceOfInsurance,Evidence of Insurance,commercialGeneralLiability,Commercial General Liability,evidenceOfInsuranceCommercialGeneralLiabilityGeneralAggregate,General Aggregate,,matchOnce,must be greater or equal to,2000000,,non_compliant,Block Requirements,,,false,0,,2026-08-16
"Block Real Estate Services, LLC",6a18647fdbcac4598a69b1a7,6a18646fe701796d85db75b6,To the Hoop Bar & Grill,69fdf1523b208288e0a82fde,s79050 - S-79 Investment Company,evidenceOfInsurance,Evidence of Insurance,commercialGeneralLiability,Commercial General Liability,evidenceOfInsuranceCommercialGeneralLiabilityWaiverOfSubrogationEndorsement,Waiver of Subrogation,"---prompt---
Determine if the insurer has waived their right of subrogation in favor of the certificate holder under the Commercial General Liability policy. Evidence may include: a checked ""Waiver of Subrogation"" box on the certificate, mention in the Description of Operations section stating ""waiver of subrogation applies"", or reference to form CG 24 04. Look for language like ""subrogation is waived"" or ""per written contract"".",matchOnce,must be present,,,non_compliant,Block Requirements,,,false,0,,2026-08-16
"Block Real Estate Services, LLC",6a18647fdbcac4598a69b1a7,6a18646fe701796d85db75b6,To the Hoop Bar & Grill,69fdf1523b208288e0a82fde,s79050 - S-79 Investment Company,evidenceOfInsurance,Evidence of Insurance,excessOrUmbrellaLiability,Umbrella/Excess Liability,evidenceOfInsuranceExcessOrUmbrellaLiabilityOccurence,Coverage Trigger: Occurrence,,matchOnce,must be present,,,non_compliant,Block Requirements,,,false,0,,2026-08-16
"Block Real Estate Services, LLC",6a18647fdbcac4598a69b1a7,6a18646fe701796d85db75b6,To the Hoop Bar & Grill,69fdf1523b208288e0a82fde,s79050 - S-79 Investment Company,evidenceOfInsurance,Evidence of Insurance,excessOrUmbrellaLiability,Umbrella/Excess Liability,evidenceOfInsuranceExcessOrUmbrellaLiabilityEachOccurrence,Each Occurrence,,matchOnce,must be greater or equal to,1000000,,non_compliant,Block Requirements,,,false,0,,2026-08-16
"Block Real Estate Services, LLC",6a18647fdbcac4598a69b1a7,6a18646fe701796d85db75b6,To the Hoop Bar & Grill,69fdf1523b208288e0a82fde,s79050 - S-79 Investment Company,evidenceOfInsurance,Evidence of Insurance,excessOrUmbrellaLiability,Umbrella/Excess Liability,evidenceOfInsuranceExcessOrUmbrellaLiabilityAggregate,Aggregate,,matchOnce,must be greater or equal to,1000000,,non_compliant,Block Requirements,,,false,0,,2026-08-16
"Block Real Estate Services, LLC",6a18647fdbcac4598a69b1a7,6a18646fe701796d85db75b6,To the Hoop Bar & Grill,69fdf1523b208288e0a82fde,s79050 - S-79 Investment Company,evidenceOfInsurance,Evidence of Insurance,workersCompensation,Workers' Compensation and Employer's Liability,evidenceOfInsuranceWorkersCompensationStatutoryLimits,Statutory Limits,,matchOnce,must be present,,,non_compliant,Block Requirements,,,false,0,,2026-08-16
"Block Real Estate Services, LLC",6a18647fdbcac4598a69b1a7,6a18646fe701796d85db75b6,To the Hoop Bar & Grill,69fdf1523b208288e0a82fde,s79050 - S-79 Investment Company,evidenceOfInsurance,Evidence of Insurance,workersCompensation,Workers' Compensation and Employer's Liability,evidenceOfInsuranceWorkersCompensationEmployersLiabilityEachAccident,Employer's Liability Each Accident,,matchOnce,must be greater or equal to,500000,,non_compliant,Block Requirements,,,false,0,,2026-08-16
"Block Real Estate Services, LLC",6a18647fdbcac4598a69b1a7,6a18646fe701796d85db75b6,To the Hoop Bar & Grill,69fdf1523b208288e0a82fde,s79050 - S-79 Investment Company,evidenceOfInsurance,Evidence of Insurance,workersCompensation,Workers' Compensation and Employer's Liability,evidenceOfInsuranceWorkersCompensationEmployersLiabilityDiseaseEachEmployee,Employer's Liability Disease - each employee,,matchOnce,must be greater or equal to,500000,,non_compliant,Block Requirements,,,false,0,,2026-08-16
"Block Real Estate Services, LLC",6a18647fdbcac4598a69b1a7,6a18646fe701796d85db75b6,To the Hoop Bar & Grill,69fdf1523b208288e0a82fde,s79050 - S-79 Investment Company,evidenceOfInsurance,Evidence of Insurance,workersCompensation,Workers' Compensation and Employer's Liability,evidenceOfInsuranceWorkersCompensationEmployersLiabilityDiseasePolicyLimit,Employer's Liability Disease - policy limit,,matchOnce,must be greater or equal to,500000,,non_compliant,Block Requirements,,,false,0,,2026-08-16
"Block Real Estate Services, LLC",6a18647fdbcac4598a69b1a7,6a18646fe701796d85db75b6,To the Hoop Bar & Grill,69fdf1523b208288e0a82fde,s79050 - S-79 Investment Company,evidenceOfInsurance,Evidence of Insurance,workersCompensation,Workers' Compensation and Employer's Liability,evidenceOfInsuranceWorkersCompensationWaiverOfSubrogationEndorsement,Waiver of Subrogation,"---prompt---
Determine if the insurer has waived their right of subrogation in favor of the certificate holder under the Workers' Compensation policy. Evidence may include: a checked ""Waiver of Subrogation"" box on the certificate, mention in the Description of Operations section stating ""waiver of subrogation applies"", or reference to form WC 00 03 13. Look for language like ""subrogation is waived"" or ""per written contract"".",matchOnce,must be present,,,non_compliant,Block Requirements,,,false,0,,2026-08-16
"Block Real Estate Services, LLC",6a18647fdbcac4598a69b1a7,6a18646fe701796d85db75b6,To the Hoop Bar & Grill,69fdf1523b208288e0a82fde,s79050 - S-79 Investment Company,evidenceOfInsurance,Evidence of Insurance,6ac20aae-5728-5d57-b364-aeba38527dba,Additional Requirements,4da5b0f1-4c9d-5885-8cf8-5d3cccaed3e0,"Block Real Estate Services, LLC and all others required by contract are named as Additional Insureds","---prompt---
Determine if the Description of Operations or the Additional Remarks Schedule section states the ""Additional Insured as Construction Management, Inc. and all others required by contract"" or reference to blanket additional insured coverage. Look for language like ""certificate holder is additional insured"" or ""per written contract"".",matchOnce,must be present,,,non_compliant,Block Requirements,,,true,0,,2026-08-16
"Block Real Estate Services, LLC",6a18647fdbcac4598a69b1a7,6a18646fe701796d85db75b6,To the Hoop Bar & Grill,69fdf1523b208288e0a82fde,s79050 - S-79 Investment Company,evidenceOfInsurance,Evidence of Insurance,6ac20aae-5728-5d57-b364-aeba38527dba,Additional Requirements,e1017741-e47e-5f58-97b8-fbc3043e919f,Umbrella follows form over General Liability,"---prompt---
Determine if the Umbrella/Excess Liability policy follows form to the underlying policies. Evidence may include: language in the Description of Operations section stating the umbrella follows form to underlying coverages or an additional page endorsement stating that it follows form. Follow form means the umbrella policy adopts the same terms, conditions, and exclusions as the underlying policies.",matchOnce,must be present,,,non_compliant,Block Requirements,,,true,0,,2026-08-16
"Block Real Estate Services, LLC",6a18647fdbcac4598a69b1a7,6a18646fe701796d85db75b6,To the Hoop Bar & Grill,69fdf1523b208288e0a82fde,s79050 - S-79 Investment Company,evidenceOfInsurance,Evidence of Insurance,6ac20aae-5728-5d57-b364-aeba38527dba,Additional Requirements,2cdd866f-c9a4-576a-afd8-1d045762790c,The location must be listed as: 7912 State Avenue Kansas City KS 66112,,matchOnce,must be present,,,non_compliant,Block Requirements,,,true,0,,2026-08-16
"Block Real Estate Services, LLC",6a18647fdbcac4598a69b1a7,6a18646fe701796d85db75b6,To the Hoop Bar & Grill,69fdf1523b208288e0a82fde,s79050 - S-79 Investment Company,evidenceOfInsurance,Evidence of Insurance,6ac20aae-5728-5d57-b364-aeba38527dba,Additional Requirements,3649e9d1-4e09-59bf-8f30-cb33c40cf117,"Certificate Holder must read: c/o Block Real Estate Services, LLC, 4622 Pennsylvania St., Suite 700, Kansas City, MO, 64112",,matchOnce,must be present,,,non_compliant,Block Requirements,,,true,0,,2026-08-16
"Block Real Estate Services, LLC",69fdf7b562446148bd85c48e,69fded2162446148bd8491a7,"Staples, Inc.",69fdf21b8e25e7a0d918bf24,tic949 - Staples Building {Orchard Cambridge Investors LLC} (fka Corporate Express [BIF III - CEB Executive Park]),evidenceOfInsurance,Evidence of Insurance,commercialGeneralLiability,Commercial General Liability,evidenceOfInsuranceCommercialGeneralLiabilityCoverageTriggerOccurrence,Coverage Trigger: Occurrence,,matchOnce,must be present,,Present,compliant,Block Requirements,,,false,1,,2026-08-16
"Block Real Estate Services, LLC",69fdf7b562446148bd85c48e,69fded2162446148bd8491a7,"Staples, Inc.",69fdf21b8e25e7a0d918bf24,tic949 - Staples Building {Orchard Cambridge Investors LLC} (fka Corporate Express [BIF III - CEB Executive Park]),evidenceOfInsurance,Evidence of Insurance,commercialGeneralLiability,Commercial General Liability,evidenceOfInsuranceCommercialGeneralLiabilityGeneralAggregateLimitAppliesPerLocation,General Aggregate Limit Applies per: Location,,matchOnce,must be present,,,waived,Block Requirements,Per location not a requirement in the lease,,false,0,,2026-08-16
"Block Real Estate Services, LLC",69fdf7b562446148bd85c48e,69fded2162446148bd8491a7,"Staples, Inc.",69fdf21b8e25e7a0d918bf24,tic949 - Staples Building {Orchard Cambridge Investors LLC} (fka Corporate Express [BIF III - CEB Executive Park]),evidenceOfInsurance,Evidence of Insurance,commercialGeneralLiability,Commercial General Liability,evidenceOfInsuranceCommercialGeneralLiabilityEachOccurrence,Each Occurrence,,matchOnce,must be greater or equal to,1000000,1250000,compliant,Block Requirements,,,false,1,,2026-08-16
"Block Real Estate Services, LLC",69fdf7b562446148bd85c48e,69fded2162446148bd8491a7,"Staples, Inc.",69fdf21b8e25e7a0d918bf24,tic949 - Staples Building {Orchard Cambridge Investors LLC} (fka Corporate Express [BIF III - CEB Executive Park]),evidenceOfInsurance,Evidence of Insurance,commercialGeneralLiability,Commercial General Liability,evidenceOfInsuranceCommercialGeneralLiabilityGeneralAggregate,General Aggregate,,matchOnce,must be greater or equal to,2000000,20000000,compliant,Block Requirements,,,false,1,,2026-08-16
"Block Real Estate Services, LLC",69fdf7b562446148bd85c48e,69fded2162446148bd8491a7,"Staples, Inc.",69fdf21b8e25e7a0d918bf24,tic949 - Staples Building {Orchard Cambridge Investors LLC} (fka Corporate Express [BIF III - CEB Executive Park]),evidenceOfInsurance,Evidence of Insurance,commercialGeneralLiability,Commercial General Liability,evidenceOfInsuranceCommercialGeneralLiabilityWaiverOfSubrogationEndorsement,Waiver of Subrogation,"---prompt---
Determine if the insurer has waived their right of subrogation in favor of the certificate holder under the Commercial General Liability policy. Evidence may include: a checked ""Waiver of Subrogation"" box on the certificate, mention in the Description of Operations section stating ""waiver of subrogation applies"", or reference to form CG 24 04. Look for language like ""subrogation is waived"" or ""per written contract"".",matchOnce,must be present,,Present,compliant,Block Requirements,,,false,1,,2026-08-16
"Block Real Estate Services, LLC",69fdf7b562446148bd85c48e,69fded2162446148bd8491a7,"Staples, Inc.",69fdf21b8e25e7a0d918bf24,tic949 - Staples Building {Orchard Cambridge Investors LLC} (fka Corporate Express [BIF III - CEB Executive Park]),evidenceOfInsurance,Evidence of Insurance,excessOrUmbrellaLiability,Umbrella/Excess Liability,evidenceOfInsuranceExcessOrUmbrellaLiabilityOccurence,Coverage Trigger: Occurrence,,matchOnce,must be present,,Present,waived,Block Requirements,,,false,1,,2026-08-16
"Block Real Estate Services, LLC",69fdf7b562446148bd85c48e,69fded2162446148bd8491a7,"Staples, Inc.",69fdf21b8e25e7a0d918bf24,tic949 - Staples Building {Orchard Cambridge Investors LLC} (fka Corporate Express [BIF III - CEB Executive Park]),evidenceOfInsurance,Evidence of Insurance,excessOrUmbrellaLiability,Umbrella/Excess Liability,evidenceOfInsuranceExcessOrUmbrellaLiabilityEachOccurrence,Each Occurrence,,matchOnce,must be greater or equal to,1000000,10000000,waived,Block Requirements,,,false,1,,2026-08-16
"Block Real Estate Services, LLC",69fdf7b562446148bd85c48e,69fded2162446148bd8491a7,"Staples, Inc.",69fdf21b8e25e7a0d918bf24,tic949 - Staples Building {Orchard Cambridge Investors LLC} (fka Corporate Express [BIF III - CEB Executive Park]),evidenceOfInsurance,Evidence of Insurance,excessOrUmbrellaLiability,Umbrella/Excess Liability,evidenceOfInsuranceExcessOrUmbrellaLiabilityAggregate,Aggregate,,matchOnce,must be greater or equal to,1000000,10000000,waived,Block Requirements,,,false,1,,2026-08-16
"Block Real Estate Services, LLC",69fdf7b562446148bd85c48e,69fded2162446148bd8491a7,"Staples, Inc.",69fdf21b8e25e7a0d918bf24,tic949 - Staples Building {Orchard Cambridge Investors LLC} (fka Corporate Express [BIF III - CEB Executive Park]),evidenceOfInsurance,Evidence of Insurance,workersCompensation,Workers' Compensation and Employer's Liability,evidenceOfInsuranceWorkersCompensationStatutoryLimits,Statutory Limits,,matchOnce,must be present,,Present,compliant,Block Requirements,,,false,1,,2026-08-16
"Block Real Estate Services, LLC",69fdf7b562446148bd85c48e,69fded2162446148bd8491a7,"Staples, Inc.",69fdf21b8e25e7a0d918bf24,tic949 - Staples Building {Orchard Cambridge Investors LLC} (fka Corporate Express [BIF III - CEB Executive Park]),evidenceOfInsurance,Evidence of Insurance,workersCompensation,Workers' Compensation and Employer's Liability,evidenceOfInsuranceWorkersCompensationEmployersLiabilityEachAccident,Employer's Liability Each Accident,,matchOnce,must be greater or equal to,500000,1000000,compliant,Block Requirements,,,false,1,,2026-08-16
"Block Real Estate Services, LLC",69fdf7b562446148bd85c48e,69fded2162446148bd8491a7,"Staples, Inc.",69fdf21b8e25e7a0d918bf24,tic949 - Staples Building {Orchard Cambridge Investors LLC} (fka Corporate Express [BIF III - CEB Executive Park]),evidenceOfInsurance,Evidence of Insurance,workersCompensation,Workers' Compensation and Employer's Liability,evidenceOfInsuranceWorkersCompensationEmployersLiabilityDiseaseEachEmployee,Employer's Liability Disease - each employee,,matchOnce,must be greater or equal to,500000,1000000,compliant,Block Requirements,,,false,1,,2026-08-16
"Block Real Estate Services, LLC",69fdf7b562446148bd85c48e,69fded2162446148bd8491a7,"Staples, Inc.",69fdf21b8e25e7a0d918bf24,tic949 - Staples Building {Orchard Cambridge Investors LLC} (fka Corporate Express [BIF III - CEB Executive Park]),evidenceOfInsurance,Evidence of Insurance,workersCompensation,Workers' Compensation and Employer's Liability,evidenceOfInsuranceWorkersCompensationEmployersLiabilityDiseasePolicyLimit,Employer's Liability Disease - policy limit,,matchOnce,must be greater or equal to,500000,1000000,compliant,Block Requirements,,,false,1,,2026-08-16
"Block Real Estate Services, LLC",69fdf7b562446148bd85c48e,69fded2162446148bd8491a7,"Staples, Inc.",69fdf21b8e25e7a0d918bf24,tic949 - Staples Building {Orchard Cambridge Investors LLC} (fka Corporate Express [BIF III - CEB Executive Park]),evidenceOfInsurance,Evidence of Insurance,workersCompensation,Workers' Compensation and Employer's Liability,evidenceOfInsuranceWorkersCompensationWaiverOfSubrogationEndorsement,Waiver of Subrogation,"---prompt---
Determine if the insurer has waived their right of subrogation in favor of the certificate holder under the Workers' Compensation policy. Evidence may include: a checked ""Waiver of Subrogation"" box on the certificate, mention in the Description of Operations section stating ""waiver of subrogation applies"", or reference to form WC 00 03 13. Look for language like ""subrogation is waived"" or ""per written contract"".",matchOnce,must be present,,Present,compliant,Block Requirements,,,false,1,,2026-08-16
"Block Real Estate Services, LLC",69fdf7b562446148bd85c48e,69fded2162446148bd8491a7,"Staples, Inc.",69fdf21b8e25e7a0d918bf24,tic949 - Staples Building {Orchard Cambridge Investors LLC} (fka Corporate Express [BIF III - CEB Executive Park]),evidenceOfInsurance,Evidence of Insurance,6ac20aae-5728-5d57-b364-aeba38527dba,Additional Requirements,4da5b0f1-4c9d-5885-8cf8-5d3cccaed3e0,"Block Real Estate Services, LLC and all others required by contract are named as Additional Insureds","---prompt---
Determine if the Description of Operations or the Additional Remarks Schedule section states the ""Additional Insured as Construction Management, Inc. and all others required by contract"" or reference to blanket additional insured coverage. Look for language like ""certificate holder is additional insured"" or ""per written contract"".",matchOnce,must be present,,Present,compliant,Block Requirements,,,true,1,,2026-08-16
"Block Real Estate Services, LLC",69fdf7b562446148bd85c48e,69fded2162446148bd8491a7,"Staples, Inc.",69fdf21b8e25e7a0d918bf24,tic949 - Staples Building {Orchard Cambridge Investors LLC} (fka Corporate Express [BIF III - CEB Executive Park]),evidenceOfInsurance,Evidence of Insurance,6ac20aae-5728-5d57-b364-aeba38527dba,Additional Requirements,e1017741-e47e-5f58-97b8-fbc3043e919f,Umbrella follows form over General Liability,"---prompt---
Determine if the Umbrella/Excess Liability policy follows form to the underlying policies. Evidence may include: language in the Description of Operations section stating the umbrella follows form to underlying coverages or an additional page endorsement stating that it follows form. Follow form means the umbrella policy adopts the same terms, conditions, and exclusions as the underlying policies.",matchOnce,must be present,,,waived,Block Requirements,Umbrella not a requirement in the lease,,true,0,,2026-08-16
"Block Real Estate Services, LLC",69fdf7b562446148bd85c48e,69fded2162446148bd8491a7,"Staples, Inc.",69fdf21b8e25e7a0d918bf24,tic949 - Staples Building {Orchard Cambridge Investors LLC} (fka Corporate Express [BIF III - CEB Executive Park]),evidenceOfInsurance,Evidence of Insurance,6ac20aae-5728-5d57-b364-aeba38527dba,Additional Requirements,2cdd866f-c9a4-576a-afd8-1d045762790c,The location must be listed as: 1400 N. Cambridge Avenue Kansas City MO 64120,,matchOnce,must be present,,Present,compliant,Block Requirements,,,true,1,,2026-08-16
"Block Real Estate Services, LLC",69fdf7b562446148bd85c48e,69fded2162446148bd8491a7,"Staples, Inc.",69fdf21b8e25e7a0d918bf24,tic949 - Staples Building {Orchard Cambridge Investors LLC} (fka Corporate Express [BIF III - CEB Executive Park]),evidenceOfInsurance,Evidence of Insurance,6ac20aae-5728-5d57-b364-aeba38527dba,Additional Requirements,3649e9d1-4e09-59bf-8f30-cb33c40cf117,"Certificate Holder must read: c/o Block Real Estate Services, LLC, 4622 Pennsylvania St., Suite 700, Kansas City, MO, 64112",,matchOnce,must be present,,Present,compliant,Block Requirements,,,true,1,,2026-08-16
"Block Real Estate Services, LLC",69fdf79262446148bd859c5e,69fded2162446148bd8491b3,Starbucks Corporation,69fdf1587f8ab8a84b289613,"str117 - Starbucks {Galleria 115 Investors, LLC}",evidenceOfInsurance,Evidence of Insurance,commercialGeneralLiability,Commercial General Liability,evidenceOfInsuranceCommercialGeneralLiabilityCoverageTriggerOccurrence,Coverage Trigger: Occurrence,,matchOnce,must be present,,Present,compliant,Block Requirements,,,false,1,,2026-08-16
"Block Real Estate Services, LLC",69fdf79262446148bd859c5e,69fded2162446148bd8491b3,Starbucks Corporation,69fdf1587f8ab8a84b289613,"str117 - Starbucks {Galleria 115 Investors, LLC}",evidenceOfInsurance,Evidence of Insurance,commercialGeneralLiability,Commercial General Liability,evidenceOfInsuranceCommercialGeneralLiabilityGeneralAggregateLimitAppliesPerLocation,General Aggregate Limit Applies per: Location,,matchOnce,must be present,,,waived,Block Requirements,Per location not a requirement in the lease,,false,0,,2026-08-16
"Block Real Estate Services, LLC",69fdf79262446148bd859c5e,69fded2162446148bd8491b3,Starbucks Corporation,69fdf1587f8ab8a84b289613,"str117 - Starbucks {Galleria 115 Investors, LLC}",evidenceOfInsurance,Evidence of Insurance,commercialGeneralLiability,Commercial General Liability,evidenceOfInsuranceCommercialGeneralLiabilityEachOccurrence,Each Occurrence,,matchOnce,must be greater or equal to,1000000,1000000,compliant,Block Requirements,,,false,1,,2026-08-16
"Block Real Estate Services, LLC",69fdf79262446148bd859c5e,69fded2162446148bd8491b3,Starbucks Corporation,69fdf1587f8ab8a84b289613,"str117 - Starbucks {Galleria 115 Investors, LLC}",evidenceOfInsurance,Evidence of Insurance,commercialGeneralLiability,Commercial General Liability,evidenceOfInsuranceCommercialGeneralLiabilityGeneralAggregate,General Aggregate,,matchOnce,must be greater or equal to,2000000,5000000,compliant,Block Requirements,,,false,1,,2026-08-16
"Block Real Estate Services, LLC",69fdf79262446148bd859c5e,69fded2162446148bd8491b3,Starbucks Corporation,69fdf1587f8ab8a84b289613,"str117 - Starbucks {Galleria 115 Investors, LLC}",evidenceOfInsurance,Evidence of Insurance,commercialGeneralLiability,Commercial General Liability,evidenceOfInsuranceCommercialGeneralLiabilityWaiverOfSubrogationEndorsement,Waiver of Subrogation,"---prompt---
Determine if the insurer has waived their right of subrogation in favor of the certificate holder under the Commercial General Liability policy. Evidence may include: a checked ""Waiver of Subrogation"" box on the certificate, mention in the Description of Operations section stating ""waiver of subrogation applies"", or reference to form CG 24 04. Look for language like ""subrogation is waived"" or ""per written contract"".",matchOnce,must be present,,Present,compliant,Block Requirements,,,false,1,,2026-08-16
"Block Real Estate Services, LLC",69fdf79262446148bd859c5e,69fded2162446148bd8491b3,Starbucks Corporation,69fdf1587f8ab8a84b289613,"str117 - Starbucks {Galleria 115 Investors, LLC}",evidenceOfInsurance,Evidence of Insurance,excessOrUmbrellaLiability,Umbrella/Excess Liability,evidenceOfInsuranceExcessOrUmbrellaLiabilityOccurence,Coverage Trigger: Occurrence,,matchOnce,must be present,,,waived,Block Requirements,,,false,0,,2026-08-16
"Block Real Estate Services, LLC",69fdf79262446148bd859c5e,69fded2162446148bd8491b3,Starbucks Corporation,69fdf1587f8ab8a84b289613,"str117 - Starbucks {Galleria 115 Investors, LLC}",evidenceOfInsurance,Evidence of Insurance,excessOrUmbrellaLiability,Umbrella/Excess Liability,evidenceOfInsuranceExcessOrUmbrellaLiabilityEachOccurrence,Each Occurrence,,matchOnce,must be greater or equal to,1000000,,waived,Block Requirements,,,false,0,,2026-08-16
"Block Real Estate Services, LLC",69fdf79262446148bd859c5e,69fded2162446148bd8491b3,Starbucks Corporation,69fdf1587f8ab8a84b289613,"str117 - Starbucks {Galleria 115 Investors, LLC}",evidenceOfInsurance,Evidence of Insurance,excessOrUmbrellaLiability,Umbrella/Excess Liability,evidenceOfInsuranceExcessOrUmbrellaLiabilityAggregate,Aggregate,,matchOnce,must be greater or equal to,1000000,,waived,Block Requirements,,,false,0,,2026-08-16
"Block Real Estate Services, LLC",69fdf79262446148bd859c5e,69fded2162446148bd8491b3,Starbucks Corporation,69fdf1587f8ab8a84b289613,"str117 - Starbucks {Galleria 115 Investors, LLC}",evidenceOfInsurance,Evidence of Insurance,workersCompensation,Workers' Compensation and Employer's Liability,evidenceOfInsuranceWorkersCompensationStatutoryLimits,Statutory Limits,,matchOnce,must be present,,,waived,Block Requirements,,,false,0,,2026-08-16
"Block Real Estate Services, LLC",69fdf79262446148bd859c5e,69fded2162446148bd8491b3,Starbucks Corporation,69fdf1587f8ab8a84b289613,"str117 - Starbucks {Galleria 115 Investors, LLC}",evidenceOfInsurance,Evidence of Insurance,workersCompensation,Workers' Compensation and Employer's Liability,evidenceOfInsuranceWorkersCompensationEmployersLiabilityEachAccident,Employer's Liability Each Accident,,matchOnce,must be greater or equal to,500000,,waived,Block Requirements,,,false,0,,2026-08-16
"Block Real Estate Services, LLC",69fdf79262446148bd859c5e,69fded2162446148bd8491b3,Starbucks Corporation,69fdf1587f8ab8a84b289613,"str117 - Starbucks {Galleria 115 Investors, LLC}",evidenceOfInsurance,Evidence of Insurance,workersCompensation,Workers' Compensation and Employer's Liability,evidenceOfInsuranceWorkersCompensationEmployersLiabilityDiseaseEachEmployee,Employer's Liability Disease - each employee,,matchOnce,must be greater or equal to,500000,,waived,Block Requirements,,,false,0,,2026-08-16
"Block Real Estate Services, LLC",69fdf79262446148bd859c5e,69fded2162446148bd8491b3,Starbucks Corporation,69fdf1587f8ab8a84b289613,"str117 - Starbucks {Galleria 115 Investors, LLC}",evidenceOfInsurance,Evidence of Insurance,workersCompensation,Workers' Compensation and Employer's Liability,evidenceOfInsuranceWorkersCompensationEmployersLiabilityDiseasePolicyLimit,Employer's Liability Disease - policy limit,,matchOnce,must be greater or equal to,500000,,waived,Block Requirements,,,false,0,,2026-08-16
"Block Real Estate Services, LLC",69fdf79262446148bd859c5e,69fded2162446148bd8491b3,Starbucks Corporation,69fdf1587f8ab8a84b289613,"str117 - Starbucks {Galleria 115 Investors, LLC}",evidenceOfInsurance,Evidence of Insurance,workersCompensation,Workers' Compensation and Employer's Liability,evidenceOfInsuranceWorkersCompensationWaiverOfSubrogationEndorsement,Waiver of Subrogation,"---prompt---
Determine if the insurer has waived their right of subrogation in favor of the certificate holder under the Workers' Compensation policy. Evidence may include: a checked ""Waiver of Subrogation"" box on the certificate, mention in the Description of Operations section stating ""waiver of subrogation applies"", or reference to form WC 00 03 13. Look for language like ""subrogation is waived"" or ""per written contract"".",matchOnce,must be present,,,waived,Block Requirements,,,false,0,,2026-08-16
"Block Real Estate Services, LLC",69fdf79262446148bd859c5e,69fded2162446148bd8491b3,Starbucks Corporation,69fdf1587f8ab8a84b289613,"str117 - Starbucks {Galleria 115 Investors, LLC}",evidenceOfInsurance,Evidence of Insurance,6ac20aae-5728-5d57-b364-aeba38527dba,Additional Requirements,4da5b0f1-4c9d-5885-8cf8-5d3cccaed3e0,"Block Real Estate Services, LLC and all others required by contract are named as Additional Insureds","---prompt---
Determine if the Description of Operations or the Additional Remarks Schedule section states the ""Additional Insured as Construction Management, Inc. and all others required by contract"" or reference to blanket additional insured coverage. Look for language like ""certificate holder is additional insured"" or ""per written contract"".",matchOnce,must be present,,,waived,Block Requirements,MOI accepted by Ellen Ochampaugh,,true,0,,2026-08-16
"Block Real Estate Services, LLC",69fdf79262446148bd859c5e,69fded2162446148bd8491b3,Starbucks Corporation,69fdf1587f8ab8a84b289613,"str117 - Starbucks {Galleria 115 Investors, LLC}",evidenceOfInsurance,Evidence of Insurance,6ac20aae-5728-5d57-b364-aeba38527dba,Additional Requirements,e1017741-e47e-5f58-97b8-fbc3043e919f,Umbrella follows form over General Liability,"---prompt---
Determine if the Umbrella/Excess Liability policy follows form to the underlying policies. Evidence may include: language in the Description of Operations section stating the umbrella follows form to underlying coverages or an additional page endorsement stating that it follows form. Follow form means the umbrella policy adopts the same terms, conditions, and exclusions as the underlying policies.",matchOnce,must be present,,,waived,Block Requirements,Umbrella not a requirement in the lease,,true,0,,2026-08-16
"Block Real Estate Services, LLC",69fdf79262446148bd859c5e,69fded2162446148bd8491b3,Starbucks Corporation,69fdf1587f8ab8a84b289613,"str117 - Starbucks {Galleria 115 Investors, LLC}",evidenceOfInsurance,Evidence of Insurance,6ac20aae-5728-5d57-b364-aeba38527dba,Additional Requirements,2cdd866f-c9a4-576a-afd8-1d045762790c,The location must be listed as: 11350 Nall Avenue Overland Park KS 66206,,matchOnce,must be present,,,waived,Block Requirements,MOI accepted by Ellen Ochampaugh,,true,0,,2026-08-16
"Block Real Estate Services, LLC",69fdf79262446148bd859c5e,69fded2162446148bd8491b3,Starbucks Corporation,69fdf1587f8ab8a84b289613,"str117 - Starbucks {Galleria 115 Investors, LLC}",evidenceOfInsurance,Evidence of Insurance,6ac20aae-5728-5d57-b364-aeba38527dba,Additional Requirements,3649e9d1-4e09-59bf-8f30-cb33c40cf117,"Certificate Holder must read: c/o Block Real Estate Services, LLC, 4622 Pennsylvania St., Suite 700, Kansas City, MO, 64112",,matchOnce,must be present,,,waived,Block Requirements,MOI accepted by Ellen Ochampaugh,,true,0,,2026-08-16
"Block Real Estate Services, LLC",69fdf76e62446148bd8573df,69fded2262446148bd8491e9,Temp-Con,69fdf04202bb2c42a87a15aa,"kc2701 - Switzer II {Barry 2, LLC}",evidenceOfInsurance,Evidence of Insurance,commercialGeneralLiability,Commercial General Liability,evidenceOfInsuranceCommercialGeneralLiabilityCoverageTriggerOccurrence,Coverage Trigger: Occurrence,,matchOnce,must be present,,Present,compliant,Block Requirements,,,false,1,,2026-08-16
"Block Real Estate Services, LLC",69fdf76e62446148bd8573df,69fded2262446148bd8491e9,Temp-Con,69fdf04202bb2c42a87a15aa,"kc2701 - Switzer II {Barry 2, LLC}",evidenceOfInsurance,Evidence of Insurance,commercialGeneralLiability,Commercial General Liability,evidenceOfInsuranceCommercialGeneralLiabilityGeneralAggregateLimitAppliesPerLocation,General Aggregate Limit Applies per: Location,,matchOnce,must be present,,Present,compliant,Block Requirements,,,false,1,,2026-08-16
"Block Real Estate Services, LLC",69fdf76e62446148bd8573df,69fded2262446148bd8491e9,Temp-Con,69fdf04202bb2c42a87a15aa,"kc2701 - Switzer II {Barry 2, LLC}",evidenceOfInsurance,Evidence of Insurance,commercialGeneralLiability,Commercial General Liability,evidenceOfInsuranceCommercialGeneralLiabilityEachOccurrence,Each Occurrence,,matchOnce,must be greater or equal to,1000000,1000000,compliant,Block Requirements,,,false,1,,2026-08-16
"Block Real Estate Services, LLC",69fdf76e62446148bd8573df,69fded2262446148bd8491e9,Temp-Con,69fdf04202bb2c42a87a15aa,"kc2701 - Switzer II {Barry 2, LLC}",evidenceOfInsurance,Evidence of Insurance,commercialGeneralLiability,Commercial General Liability,evidenceOfInsuranceCommercialGeneralLiabilityGeneralAggregate,General Aggregate,,matchOnce,must be greater or equal to,2000000,2000000,compliant,Block Requirements,,,false,1,,2026-08-16
"Block Real Estate Services, LLC",69fdf76e62446148bd8573df,69fded2262446148bd8491e9,Temp-Con,69fdf04202bb2c42a87a15aa,"kc2701 - Switzer II {Barry 2, LLC}",evidenceOfInsurance,Evidence of Insurance,commercialGeneralLiability,Commercial General Liability,evidenceOfInsuranceCommercialGeneralLiabilityWaiverOfSubrogationEndorsement,Waiver of Subrogation,"---prompt---
Determine if the insurer has waived their right of subrogation in favor of the certificate holder under the Commercial General Liability policy. Evidence may include: a checked ""Waiver of Subrogation"" box on the certificate, mention in the Description of Operations section stating ""waiver of subrogation applies"", or reference to form CG 24 04. Look for language like ""subrogation is waived"" or ""per written contract"".",matchOnce,must be present,,Present,compliant,Block Requirements,,,false,1,,2026-08-16
"Block Real Estate Services, LLC",69fdf76e62446148bd8573df,69fded2262446148bd8491e9,Temp-Con,69fdf04202bb2c42a87a15aa,"kc2701 - Switzer II {Barry 2, LLC}",evidenceOfInsurance,Evidence of Insurance,excessOrUmbrellaLiability,Umbrella/Excess Liability,evidenceOfInsuranceExcessOrUmbrellaLiabilityOccurence,Coverage Trigger: Occurrence,,matchOnce,must be present,,Present,compliant,Block Requirements,,,false,1,,2026-08-16
"Block Real Estate Services, LLC",69fdf76e62446148bd8573df,69fded2262446148bd8491e9,Temp-Con,69fdf04202bb2c42a87a15aa,"kc2701 - Switzer II {Barry 2, LLC}",evidenceOfInsurance,Evidence of Insurance,excessOrUmbrellaLiability,Umbrella/Excess Liability,evidenceOfInsuranceExcessOrUmbrellaLiabilityEachOccurrence,Each Occurrence,,matchOnce,must be greater or equal to,1000000,10000000,compliant,Block Requirements,,,false,1,,2026-08-16
"Block Real Estate Services, LLC",69fdf76e62446148bd8573df,69fded2262446148bd8491e9,Temp-Con,69fdf04202bb2c42a87a15aa,"kc2701 - Switzer II {Barry 2, LLC}",evidenceOfInsurance,Evidence of Insurance,excessOrUmbrellaLiability,Umbrella/Excess Liability,evidenceOfInsuranceExcessOrUmbrellaLiabilityAggregate,Aggregate,,matchOnce,must be greater or equal to,1000000,10000000,compliant,Block Requirements,,,false,1,,2026-08-16
"Block Real Estate Services, LLC",69fdf76e62446148bd8573df,69fded2262446148bd8491e9,Temp-Con,69fdf04202bb2c42a87a15aa,"kc2701 - Switzer II {Barry 2, LLC}",evidenceOfInsurance,Evidence of Insurance,workersCompensation,Workers' Compensation and Employer's Liability,evidenceOfInsuranceWorkersCompensationStatutoryLimits,Statutory Limits,,matchOnce,must be present,,Present,compliant,Block Requirements,,,false,1,,2026-08-16
"Block Real Estate Services, LLC",69fdf76e62446148bd8573df,69fded2262446148bd8491e9,Temp-Con,69fdf04202bb2c42a87a15aa,"kc2701 - Switzer II {Barry 2, LLC}",evidenceOfInsurance,Evidence of Insurance,workersCompensation,Workers' Compensation and Employer's Liability,evidenceOfInsuranceWorkersCompensationEmployersLiabilityEachAccident,Employer's Liability Each Accident,,matchOnce,must be greater or equal to,500000,1000000,compliant,Block Requirements,,,false,1,,2026-08-16
"Block Real Estate Services, LLC",69fdf76e62446148bd8573df,69fded2262446148bd8491e9,Temp-Con,69fdf04202bb2c42a87a15aa,"kc2701 - Switzer II {Barry 2, LLC}",evidenceOfInsurance,Evidence of Insurance,workersCompensation,Workers' Compensation and Employer's Liability,evidenceOfInsuranceWorkersCompensationEmployersLiabilityDiseaseEachEmployee,Employer's Liability Disease - each employee,,matchOnce,must be greater or equal to,500000,1000000,compliant,Block Requirements,,,false,1,,2026-08-16
"Block Real Estate Services, LLC",69fdf76e62446148bd8573df,69fded2262446148bd8491e9,Temp-Con,69fdf04202bb2c42a87a15aa,"kc2701 - Switzer II {Barry 2, LLC}",evidenceOfInsurance,Evidence of Insurance,workersCompensation,Workers' Compensation and Employer's Liability,evidenceOfInsuranceWorkersCompensationEmployersLiabilityDiseasePolicyLimit,Employer's Liability Disease - policy limit,,matchOnce,must be greater or equal to,500000,1000000,compliant,Block Requirements,,,false,1,,2026-08-16
"Block Real Estate Services, LLC",69fdf76e62446148bd8573df,69fded2262446148bd8491e9,Temp-Con,69fdf04202bb2c42a87a15aa,"kc2701 - Switzer II {Barry 2, LLC}",evidenceOfInsurance,Evidence of Insurance,workersCompensation,Workers' Compensation and Employer's Liability,evidenceOfInsuranceWorkersCompensationWaiverOfSubrogationEndorsement,Waiver of Subrogation,"---prompt---
Determine if the insurer has waived their right of subrogation in favor of the certificate holder under the Workers' Compensation policy. Evidence may include: a checked ""Waiver of Subrogation"" box on the certificate, mention in the Description of Operations section stating ""waiver of subrogation applies"", or reference to form WC 00 03 13. Look for language like ""subrogation is waived"" or ""per written contract"".",matchOnce,must be present,,Present,compliant,Block Requirements,,,false,1,,2026-08-16
"Block Real Estate Services, LLC",69fdf76e62446148bd8573df,69fded2262446148bd8491e9,Temp-Con,69fdf04202bb2c42a87a15aa,"kc2701 - Switzer II {Barry 2, LLC}",evidenceOfInsurance,Evidence of Insurance,6ac20aae-5728-5d57-b364-aeba38527dba,Additional Requirements,4da5b0f1-4c9d-5885-8cf8-5d3cccaed3e0,"Block Real Estate Services, LLC and all others required by contract are named as Additional Insureds","---prompt---
Determine if the Description of Operations or the Additional Remarks Schedule section states the ""Additional Insured as Construction Management, Inc. and all others required by contract"" or reference to blanket additional insured coverage. Look for language like ""certificate holder is additional insured"" or ""per written contract"".",matchOnce,must be present,,Present,compliant,Block Requirements,,,true,1,,2026-08-16
"Block Real Estate Services, LLC",69fdf76e62446148bd8573df,69fded2262446148bd8491e9,Temp-Con,69fdf04202bb2c42a87a15aa,"kc2701 - Switzer II {Barry 2, LLC}",evidenceOfInsurance,Evidence of Insurance,6ac20aae-5728-5d57-b364-aeba38527dba,Additional Requirements,e1017741-e47e-5f58-97b8-fbc3043e919f,Umbrella follows form over General Liability,"---prompt---
Determine if the Umbrella/Excess Liability policy follows form to the underlying policies. Evidence may include: language in the Description of Operations section stating the umbrella follows form to underlying coverages or an additional page endorsement stating that it follows form. Follow form means the umbrella policy adopts the same terms, conditions, and exclusions as the underlying policies.",matchOnce,must be present,,Present,compliant,Block Requirements,,,true,1,,2026-08-16
"Block Real Estate Services, LLC",69fdf76e62446148bd8573df,69fded2262446148bd8491e9,Temp-Con,69fdf04202bb2c42a87a15aa,"kc2701 - Switzer II {Barry 2, LLC}",evidenceOfInsurance,Evidence of Insurance,6ac20aae-5728-5d57-b364-aeba38527dba,Additional Requirements,2cdd866f-c9a4-576a-afd8-1d045762790c,"The location must be listed as: 10601 W. 79th Street, Shawnee, KS, 66214",,matchOnce,must be present,,Present,compliant,Block Requirements,,,true,1,,2026-08-16
"Block Real Estate Services, LLC",69fdf76e62446148bd8573df,69fded2262446148bd8491e9,Temp-Con,69fdf04202bb2c42a87a15aa,"kc2701 - Switzer II {Barry 2, LLC}",evidenceOfInsurance,Evidence of Insurance,6ac20aae-5728-5d57-b364-aeba38527dba,Additional Requirements,3649e9d1-4e09-59bf-8f30-cb33c40cf117,"Certificate Holder must read: c/o Block Real Estate Services, LLC, 4622 Pennsylvania St., Suite 700, Kansas City, MO, 64112",,matchOnce,must be present,,Present,compliant,Block Requirements,,,true,1,,2026-08-16
"Block Real Estate Services, LLC",69fdf76e62446148bd8573bd,69fded2262446148bd8491f2,"NetSmart Technologies, Inc (sublease from TEVA Pharmaceutical USA, Inc.)",69fdf01138cbea6b3a68e74b,"cna251 - Nall Corporate Centre I {CN Associates, LLC}",evidenceOfInsurance,Evidence of Insurance,commercialGeneralLiability,Commercial General Liability,evidenceOfInsuranceCommercialGeneralLiabilityCoverageTriggerOccurrence,Coverage Trigger: Occurrence,,matchOnce,must be present,,,non_compliant,Block Requirements,,,false,0,,2026-08-16
"Block Real Estate Services, LLC",69fdf76e62446148bd8573bd,69fded2262446148bd8491f2,"NetSmart Technologies, Inc (sublease from TEVA Pharmaceutical USA, Inc.)",69fdf01138cbea6b3a68e74b,"cna251 - Nall Corporate Centre I {CN Associates, LLC}",evidenceOfInsurance,Evidence of Insurance,commercialGeneralLiability,Commercial General Liability,evidenceOfInsuranceCommercialGeneralLiabilityGeneralAggregateLimitAppliesPerLocation,General Aggregate Limit Applies per: Location,,matchOnce,must be present,,,non_compliant,Block Requirements,,,false,0,,2026-08-16
"Block Real Estate Services, LLC",69fdf76e62446148bd8573bd,69fded2262446148bd8491f2,"NetSmart Technologies, Inc (sublease from TEVA Pharmaceutical USA, Inc.)",69fdf01138cbea6b3a68e74b,"cna251 - Nall Corporate Centre I {CN Associates, LLC}",evidenceOfInsurance,Evidence of Insurance,commercialGeneralLiability,Commercial General Liability,evidenceOfInsuranceCommercialGeneralLiabilityEachOccurrence,Each Occurrence,,matchOnce,must be greater or equal to,1000000,,non_compliant,Block Requirements,,,false,0,,2026-08-16
"Block Real Estate Services, LLC",69fdf76e62446148bd8573bd,69fded2262446148bd8491f2,"NetSmart Technologies, Inc (sublease from TEVA Pharmaceutical USA, Inc.)",69fdf01138cbea6b3a68e74b,"cna251 - Nall Corporate Centre I {CN Associates, LLC}",evidenceOfInsurance,Evidence of Insurance,commercialGeneralLiability,Commercial General Liability,evidenceOfInsuranceCommercialGeneralLiabilityGeneralAggregate,General Aggregate,,matchOnce,must be greater or equal to,2000000,,non_compliant,Block Requirements,,,false,0,,2026-08-16
"Block Real Estate Services, LLC",69fdf76e62446148bd8573bd,69fded2262446148bd8491f2,"NetSmart Technologies, Inc (sublease from TEVA Pharmaceutical USA, Inc.)",69fdf01138cbea6b3a68e74b,"cna251 - Nall Corporate Centre I {CN Associates, LLC}",evidenceOfInsurance,Evidence of Insurance,commercialGeneralLiability,Commercial General Liability,evidenceOfInsuranceCommercialGeneralLiabilityWaiverOfSubrogationEndorsement,Waiver of Subrogation,"---prompt---
Determine if the insurer has waived their right of subrogation in favor of the certificate holder under the Commercial General Liability policy. Evidence may include: a checked ""Waiver of Subrogation"" box on the certificate, mention in the Description of Operations section stating ""waiver of subrogation applies"", or reference to form CG 24 04. Look for language like ""subrogation is waived"" or ""per written contract"".",matchOnce,must be present,,,non_compliant,Block Requirements,,,false,0,,2026-08-16
"Block Real Estate Services, LLC",69fdf76e62446148bd8573bd,69fded2262446148bd8491f2,"NetSmart Technologies, Inc (sublease from TEVA Pharmaceutical USA, Inc.)",69fdf01138cbea6b3a68e74b,"cna251 - Nall Corporate Centre I {CN Associates, LLC}",evidenceOfInsurance,Evidence of Insurance,excessOrUmbrellaLiability,Umbrella/Excess Liability,evidenceOfInsuranceExcessOrUmbrellaLiabilityOccurence,Coverage Trigger: Occurrence,,matchOnce,must be present,,,non_compliant,Block Requirements,,,false,0,,2026-08-16
"Block Real Estate Services, LLC",69fdf76e62446148bd8573bd,69fded2262446148bd8491f2,"NetSmart Technologies, Inc (sublease from TEVA Pharmaceutical USA, Inc.)",69fdf01138cbea6b3a68e74b,"cna251 - Nall Corporate Centre I {CN Associates, LLC}",evidenceOfInsurance,Evidence of Insurance,excessOrUmbrellaLiability,Umbrella/Excess Liability,evidenceOfInsuranceExcessOrUmbrellaLiabilityEachOccurrence,Each Occurrence,,matchOnce,must be greater or equal to,1000000,,non_compliant,Block Requirements,,,false,0,,2026-08-16
"Block Real Estate Services, LLC",69fdf76e62446148bd8573bd,69fded2262446148bd8491f2,"NetSmart Technologies, Inc (sublease from TEVA Pharmaceutical USA, Inc.)",69fdf01138cbea6b3a68e74b,"cna251 - Nall Corporate Centre I {CN Associates, LLC}",evidenceOfInsurance,Evidence of Insurance,excessOrUmbrellaLiability,Umbrella/Excess Liability,evidenceOfInsuranceExcessOrUmbrellaLiabilityAggregate,Aggregate,,matchOnce,must be greater or equal to,1000000,,non_compliant,Block Requirements,,,false,0,,2026-08-16
"Block Real Estate Services, LLC",69fdf76e62446148bd8573bd,69fded2262446148bd8491f2,"NetSmart Technologies, Inc (sublease from TEVA Pharmaceutical USA, Inc.)",69fdf01138cbea6b3a68e74b,"cna251 - Nall Corporate Centre I {CN Associates, LLC}",evidenceOfInsurance,Evidence of Insurance,workersCompensation,Workers' Compensation and Employer's Liability,evidenceOfInsuranceWorkersCompensationStatutoryLimits,Statutory Limits,,matchOnce,must be present,,,non_compliant,Block Requirements,,,false,0,,2026-08-16
"Block Real Estate Services, LLC",69fdf76e62446148bd8573bd,69fded2262446148bd8491f2,"NetSmart Technologies, Inc (sublease from TEVA Pharmaceutical USA, Inc.)",69fdf01138cbea6b3a68e74b,"cna251 - Nall Corporate Centre I {CN Associates, LLC}",evidenceOfInsurance,Evidence of Insurance,workersCompensation,Workers' Compensation and Employer's Liability,evidenceOfInsuranceWorkersCompensationEmployersLiabilityEachAccident,Employer's Liability Each Accident,,matchOnce,must be greater or equal to,500000,,non_compliant,Block Requirements,,,false,0,,2026-08-16
"Block Real Estate Services, LLC",69fdf76e62446148bd8573bd,69fded2262446148bd8491f2,"NetSmart Technologies, Inc (sublease from TEVA Pharmaceutical USA, Inc.)",69fdf01138cbea6b3a68e74b,"cna251 - Nall Corporate Centre I {CN Associates, LLC}",evidenceOfInsurance,Evidence of Insurance,workersCompensation,Workers' Compensation and Employer's Liability,evidenceOfInsuranceWorkersCompensationEmployersLiabilityDiseaseEachEmployee,Employer's Liability Disease - each employee,,matchOnce,must be greater or equal to,500000,,non_compliant,Block Requirements,,,false,0,,2026-08-16
"Block Real Estate Services, LLC",69fdf76e62446148bd8573bd,69fded2262446148bd8491f2,"NetSmart Technologies, Inc (sublease from TEVA Pharmaceutical USA, Inc.)",69fdf01138cbea6b3a68e74b,"cna251 - Nall Corporate Centre I {CN Associates, LLC}",evidenceOfInsurance,Evidence of Insurance,workersCompensation,Workers' Compensation and Employer's Liability,evidenceOfInsuranceWorkersCompensationEmployersLiabilityDiseasePolicyLimit,Employer's Liability Disease - policy limit,,matchOnce,must be greater or equal to,500000,,non_compliant,Block Requirements,,,false,0,,2026-08-16
"Block Real Estate Services, LLC",69fdf76e62446148bd8573bd,69fded2262446148bd8491f2,"NetSmart Technologies, Inc (sublease from TEVA Pharmaceutical USA, Inc.)",69fdf01138cbea6b3a68e74b,"cna251 - Nall Corporate Centre I {CN Associates, LLC}",evidenceOfInsurance,Evidence of Insurance,workersCompensation,Workers' Compensation and Employer's Liability,evidenceOfInsuranceWorkersCompensationWaiverOfSubrogationEndorsement,Waiver of Subrogation,"---prompt---
Determine if the insurer has waived their right of subrogation in favor of the certificate holder under the Workers' Compensation policy. Evidence may include: a checked ""Waiver of Subrogation"" box on the certificate, mention in the Description of Operations section stating ""waiver of subrogation applies"", or reference to form WC 00 03 13. Look for language like ""subrogation is waived"" or ""per written contract"".",matchOnce,must be present,,,non_compliant,Block Requirements,,,false,0,,2026-08-16
"Block Real Estate Services, LLC",69fdf76e62446148bd8573bd,69fded2262446148bd8491f2,"NetSmart Technologies, Inc (sublease from TEVA Pharmaceutical USA, Inc.)",69fdf01138cbea6b3a68e74b,"cna251 - Nall Corporate Centre I {CN Associates, LLC}",evidenceOfInsurance,Evidence of Insurance,6ac20aae-5728-5d57-b364-aeba38527dba,Additional Requirements,4da5b0f1-4c9d-5885-8cf8-5d3cccaed3e0,"Block Real Estate Services, LLC and all others required by contract are named as Additional Insureds","---prompt---
Determine if the Description of Operations or the Additional Remarks Schedule section states the ""Additional Insured as Construction Management, Inc. and all others required by contract"" or reference to blanket additional insured coverage. Look for language like ""certificate holder is additional insured"" or ""per written contract"".",matchOnce,must be present,,,non_compliant,Block Requirements,,,true,0,,2026-08-16
"Block Real Estate Services, LLC",69fdf76e62446148bd8573bd,69fded2262446148bd8491f2,"NetSmart Technologies, Inc (sublease from TEVA Pharmaceutical USA, Inc.)",69fdf01138cbea6b3a68e74b,"cna251 - Nall Corporate Centre I {CN Associates, LLC}",evidenceOfInsurance,Evidence of Insurance,6ac20aae-5728-5d57-b364-aeba38527dba,Additional Requirements,e1017741-e47e-5f58-97b8-fbc3043e919f,Umbrella follows form over General Liability,"---prompt---
Determine if the Umbrella/Excess Liability policy follows form to the underlying policies. Evidence may include: language in the Description of Operations section stating the umbrella follows form to underlying coverages or an additional page endorsement stating that it follows form. Follow form means the umbrella policy adopts the same terms, conditions, and exclusions as the underlying policies.",matchOnce,must be present,,,non_compliant,Block Requirements,,,true,0,,2026-08-16
"Block Real Estate Services, LLC",69fdf76e62446148bd8573bd,69fded2262446148bd8491f2,"NetSmart Technologies, Inc (sublease from TEVA Pharmaceutical USA, Inc.)",69fdf01138cbea6b3a68e74b,"cna251 - Nall Corporate Centre I {CN Associates, LLC}",evidenceOfInsurance,Evidence of Insurance,6ac20aae-5728-5d57-b364-aeba38527dba,Additional Requirements,2cdd866f-c9a4-576a-afd8-1d045762790c,"The location must be listed as: 11100 Nall Avenue, Suites 100, 200, 300, 400, 500, Overland Park, KS, 66211",,matchOnce,must be present,,,non_compliant,Block Requirements,,,true,0,,2026-08-16
"Block Real Estate Services, LLC",69fdf76e62446148bd8573bd,69fded2262446148bd8491f2,"NetSmart Technologies, Inc (sublease from TEVA Pharmaceutical USA, Inc.)",69fdf01138cbea6b3a68e74b,"cna251 - Nall Corporate Centre I {CN Associates, LLC}",evidenceOfInsurance,Evidence of Insurance,6ac20aae-5728-5d57-b364-aeba38527dba,Additional Requirements,3649e9d1-4e09-59bf-8f30-cb33c40cf117,"Certificate Holder must read: c/o Block Real Estate Services, LLC, 4622 Pennsylvania St., Suite 700, Kansas City, MO, 64112",,matchOnce,must be present,,,non_compliant,Block Requirements,,,true,0,,2026-08-16
"Block Real Estate Services, LLC",69fdf74a62446148bd854b2b,69fded2262446148bd8491f5,"Assist RX (sublease from TEVA Pharmaceutical USA, Inc.)",69fdef2438cbea6b3a68ae39,"3rd250 - 4500 W 107, LLC - (TEVA Pharmacy - tev250 for CAM)",evidenceOfInsurance,Evidence of Insurance,commercialGeneralLiability,Commercial General Liability,evidenceOfInsuranceCommercialGeneralLiabilityCoverageTriggerOccurrence,Coverage Trigger: Occurrence,,matchOnce,must be present,,,non_compliant,Block Requirements,,,false,0,,2026-08-16
"Block Real Estate Services, LLC",69fdf74a62446148bd854b2b,69fded2262446148bd8491f5,"Assist RX (sublease from TEVA Pharmaceutical USA, Inc.)",69fdef2438cbea6b3a68ae39,"3rd250 - 4500 W 107, LLC - (TEVA Pharmacy - tev250 for CAM)",evidenceOfInsurance,Evidence of Insurance,commercialGeneralLiability,Commercial General Liability,evidenceOfInsuranceCommercialGeneralLiabilityGeneralAggregateLimitAppliesPerLocation,General Aggregate Limit Applies per: Location,,matchOnce,must be present,,,non_compliant,Block Requirements,,,false,0,,2026-08-16
"Block Real Estate Services, LLC",69fdf74a62446148bd854b2b,69fded2262446148bd8491f5,"Assist RX (sublease from TEVA Pharmaceutical USA, Inc.)",69fdef2438cbea6b3a68ae39,"3rd250 - 4500 W 107, LLC - (TEVA Pharmacy - tev250 for CAM)",evidenceOfInsurance,Evidence of Insurance,commercialGeneralLiability,Commercial General Liability,evidenceOfInsuranceCommercialGeneralLiabilityEachOccurrence,Each Occurrence,,matchOnce,must be greater or equal to,1000000,,non_compliant,Block Requirements,,,false,0,,2026-08-16
"Block Real Estate Services, LLC",69fdf74a62446148bd854b2b,69fded2262446148bd8491f5,"Assist RX (sublease from TEVA Pharmaceutical USA, Inc.)",69fdef2438cbea6b3a68ae39,"3rd250 - 4500 W 107, LLC - (TEVA Pharmacy - tev250 for CAM)",evidenceOfInsurance,Evidence of Insurance,commercialGeneralLiability,Commercial General Liability,evidenceOfInsuranceCommercialGeneralLiabilityGeneralAggregate,General Aggregate,,matchOnce,must be greater or equal to,2000000,,non_compliant,Block Requirements,,,false,0,,2026-08-16
"Block Real Estate Services, LLC",69fdf74a62446148bd854b2b,69fded2262446148bd8491f5,"Assist RX (sublease from TEVA Pharmaceutical USA, Inc.)",69fdef2438cbea6b3a68ae39,"3rd250 - 4500 W 107, LLC - (TEVA Pharmacy - tev250 for CAM)",evidenceOfInsurance,Evidence of Insurance,commercialGeneralLiability,Commercial General Liability,evidenceOfInsuranceCommercialGeneralLiabilityWaiverOfSubrogationEndorsement,Waiver of Subrogation,"---prompt---
Determine if the insurer has waived their right of subrogation in favor of the certificate holder under the Commercial General Liability policy. Evidence may include: a checked ""Waiver of Subrogation"" box on the certificate, mention in the Description of Operations section stating ""waiver of subrogation applies"", or reference to form CG 24 04. Look for language like ""subrogation is waived"" or ""per written contract"".",matchOnce,must be present,,,non_compliant,Block Requirements,,,false,0,,2026-08-16
"Block Real Estate Services, LLC",69fdf74a62446148bd854b2b,69fded2262446148bd8491f5,"Assist RX (sublease from TEVA Pharmaceutical USA, Inc.)",69fdef2438cbea6b3a68ae39,"3rd250 - 4500 W 107, LLC - (TEVA Pharmacy - tev250 for CAM)",evidenceOfInsurance,Evidence of Insurance,excessOrUmbrellaLiability,Umbrella/Excess Liability,evidenceOfInsuranceExcessOrUmbrellaLiabilityOccurence,Coverage Trigger: Occurrence,,matchOnce,must be present,,,non_compliant,Block Requirements,,,false,0,,2026-08-16
"Block Real Estate Services, LLC",69fdf74a62446148bd854b2b,69fded2262446148bd8491f5,"Assist RX (sublease from TEVA Pharmaceutical USA, Inc.)",69fdef2438cbea6b3a68ae39,"3rd250 - 4500 W 107, LLC - (TEVA Pharmacy - tev250 for CAM)",evidenceOfInsurance,Evidence of Insurance,excessOrUmbrellaLiability,Umbrella/Excess Liability,evidenceOfInsuranceExcessOrUmbrellaLiabilityEachOccurrence,Each Occurrence,,matchOnce,must be greater or equal to,1000000,,non_compliant,Block Requirements,,,false,0,,2026-08-16
"Block Real Estate Services, LLC",69fdf74a62446148bd854b2b,69fded2262446148bd8491f5,"Assist RX (sublease from TEVA Pharmaceutical USA, Inc.)",69fdef2438cbea6b3a68ae39,"3rd250 - 4500 W 107, LLC - (TEVA Pharmacy - tev250 for CAM)",evidenceOfInsurance,Evidence of Insurance,excessOrUmbrellaLiability,Umbrella/Excess Liability,evidenceOfInsuranceExcessOrUmbrellaLiabilityAggregate,Aggregate,,matchOnce,must be greater or equal to,1000000,,non_compliant,Block Requirements,,,false,0,,2026-08-16
"Block Real Estate Services, LLC",69fdf74a62446148bd854b2b,69fded2262446148bd8491f5,"Assist RX (sublease from TEVA Pharmaceutical USA, Inc.)",69fdef2438cbea6b3a68ae39,"3rd250 - 4500 W 107, LLC - (TEVA Pharmacy - tev250 for CAM)",evidenceOfInsurance,Evidence of Insurance,workersCompensation,Workers' Compensation and Employer's Liability,evidenceOfInsuranceWorkersCompensationStatutoryLimits,Statutory Limits,,matchOnce,must be present,,,non_compliant,Block Requirements,,,false,0,,2026-08-16
"Block Real Estate Services, LLC",69fdf74a62446148bd854b2b,69fded2262446148bd8491f5,"Assist RX (sublease from TEVA Pharmaceutical USA, Inc.)",69fdef2438cbea6b3a68ae39,"3rd250 - 4500 W 107, LLC - (TEVA Pharmacy - tev250 for CAM)",evidenceOfInsurance,Evidence of Insurance,workersCompensation,Workers' Compensation and Employer's Liability,evidenceOfInsuranceWorkersCompensationEmployersLiabilityEachAccident,Employer's Liability Each Accident,,matchOnce,must be greater or equal to,500000,,non_compliant,Block Requirements,,,false,0,,2026-08-16
"Block Real Estate Services, LLC",69fdf74a62446148bd854b2b,69fded2262446148bd8491f5,"Assist RX (sublease from TEVA Pharmaceutical USA, Inc.)",69fdef2438cbea6b3a68ae39,"3rd250 - 4500 W 107, LLC - (TEVA Pharmacy - tev250 for CAM)",evidenceOfInsurance,Evidence of Insurance,workersCompensation,Workers' Compensation and Employer's Liability,evidenceOfInsuranceWorkersCompensationEmployersLiabilityDiseaseEachEmployee,Employer's Liability Disease - each employee,,matchOnce,must be greater or equal to,500000,,non_compliant,Block Requirements,,,false,0,,2026-08-16
"Block Real Estate Services, LLC",69fdf74a62446148bd854b2b,69fded2262446148bd8491f5,"Assist RX (sublease from TEVA Pharmaceutical USA, Inc.)",69fdef2438cbea6b3a68ae39,"3rd250 - 4500 W 107, LLC - (TEVA Pharmacy - tev250 for CAM)",evidenceOfInsurance,Evidence of Insurance,workersCompensation,Workers' Compensation and Employer's Liability,evidenceOfInsuranceWorkersCompensationEmployersLiabilityDiseasePolicyLimit,Employer's Liability Disease - policy limit,,matchOnce,must be greater or equal to,500000,,non_compliant,Block Requirements,,,false,0,,2026-08-16
"Block Real Estate Services, LLC",69fdf74a62446148bd854b2b,69fded2262446148bd8491f5,"Assist RX (sublease from TEVA Pharmaceutical USA, Inc.)",69fdef2438cbea6b3a68ae39,"3rd250 - 4500 W 107, LLC - (TEVA Pharmacy - tev250 for CAM)",evidenceOfInsurance,Evidence of Insurance,workersCompensation,Workers' Compensation and Employer's Liability,evidenceOfInsuranceWorkersCompensationWaiverOfSubrogationEndorsement,Waiver of Subrogation,"---prompt---
Determine if the insurer has waived their right of subrogation in favor of the certificate holder under the Workers' Compensation policy. Evidence may include: a checked ""Waiver of Subrogation"" box on the certificate, mention in the Description of Operations section stating ""waiver of subrogation applies"", or reference to form WC 00 03 13. Look for language like ""subrogation is waived"" or ""per written contract"".",matchOnce,must be present,,,non_compliant,Block Requirements,,,false,0,,2026-08-16
"Block Real Estate Services, LLC",69fdf74a62446148bd854b2b,69fded2262446148bd8491f5,"Assist RX (sublease from TEVA Pharmaceutical USA, Inc.)",69fdef2438cbea6b3a68ae39,"3rd250 - 4500 W 107, LLC - (TEVA Pharmacy - tev250 for CAM)",evidenceOfInsurance,Evidence of Insurance,6ac20aae-5728-5d57-b364-aeba38527dba,Additional Requirements,4da5b0f1-4c9d-5885-8cf8-5d3cccaed3e0,"Block Real Estate Services, LLC and all others required by contract are named as Additional Insureds","---prompt---
Determine if the Description of Operations or the Additional Remarks Schedule section states the ""Additional Insured as Construction Management, Inc. and all others required by contract"" or reference to blanket additional insured coverage. Look for language like ""certificate holder is additional insured"" or ""per written contract"".",matchOnce,must be present,,,non_compliant,Block Requirements,,,true,0,,2026-08-16
"Block Real Estate Services, LLC",69fdf74a62446148bd854b2b,69fded2262446148bd8491f5,"Assist RX (sublease from TEVA Pharmaceutical USA, Inc.)",69fdef2438cbea6b3a68ae39,"3rd250 - 4500 W 107, LLC - (TEVA Pharmacy - tev250 for CAM)",evidenceOfInsurance,Evidence of Insurance,6ac20aae-5728-5d57-b364-aeba38527dba,Additional Requirements,e1017741-e47e-5f58-97b8-fbc3043e919f,Umbrella follows form over General Liability,"---prompt---
Determine if the Umbrella/Excess Liability policy follows form to the underlying policies. Evidence may include: language in the Description of Operations section stating the umbrella follows form to underlying coverages or an additional page endorsement stating that it follows form. Follow form means the umbrella policy adopts the same terms, conditions, and exclusions as the underlying policies.",matchOnce,must be present,,,non_compliant,Block Requirements,,,true,0,,2026-08-16
"Block Real Estate Services, LLC",69fdf74a62446148bd854b2b,69fded2262446148bd8491f5,"Assist RX (sublease from TEVA Pharmaceutical USA, Inc.)",69fdef2438cbea6b3a68ae39,"3rd250 - 4500 W 107, LLC - (TEVA Pharmacy - tev250 for CAM)",evidenceOfInsurance,Evidence of Insurance,6ac20aae-5728-5d57-b364-aeba38527dba,Additional Requirements,2cdd866f-c9a4-576a-afd8-1d045762790c,"The location must be listed as: 4500 W. 107th Street, Floor 1 and 2, Overland Park, KS, 66207",,matchOnce,must be present,,,non_compliant,Block Requirements,,,true,0,,2026-08-16
"Block Real Estate Services, LLC",69fdf74a62446148bd854b2b,69fded2262446148bd8491f5,"Assist RX (sublease from TEVA Pharmaceutical USA, Inc.)",69fdef2438cbea6b3a68ae39,"3rd250 - 4500 W 107, LLC - (TEVA Pharmacy - tev250 for CAM)",evidenceOfInsurance,Evidence of Insurance,6ac20aae-5728-5d57-b364-aeba38527dba,Additional Requirements,3649e9d1-4e09-59bf-8f30-cb33c40cf117,"Certificate Holder must read: c/o Block Real Estate Services, LLC, 4622 Pennsylvania St., Suite 700, Kansas City, MO, 64112",,matchOnce,must be present,,,non_compliant,Block Requirements,,,true,0,,2026-08-16
"Block Real Estate Services, LLC",69fdf78062446148bd858801,69fded2362446148bd849267,"Planet Fitness / United PF JLM, LLC",69fdf0c802bb2c42a87a35a2,"pla047 - 4700 Summer Investors, LLC / Planet Fitness",evidenceOfInsurance,Evidence of Insurance,commercialGeneralLiability,Commercial General Liability,evidenceOfInsuranceCommercialGeneralLiabilityCoverageTriggerOccurrence,Coverage Trigger: Occurrence,,matchOnce,must be present,,,non_compliant,Block Requirements,,,false,0,,2026-08-16
"Block Real Estate Services, LLC",69fdf78062446148bd858801,69fded2362446148bd849267,"Planet Fitness / United PF JLM, LLC",69fdf0c802bb2c42a87a35a2,"pla047 - 4700 Summer Investors, LLC / Planet Fitness",evidenceOfInsurance,Evidence of Insurance,commercialGeneralLiability,Commercial General Liability,evidenceOfInsuranceCommercialGeneralLiabilityGeneralAggregateLimitAppliesPerLocation,General Aggregate Limit Applies per: Location,,matchOnce,must be present,,,non_compliant,Block Requirements,,,false,0,,2026-08-16
"Block Real Estate Services, LLC",69fdf78062446148bd858801,69fded2362446148bd849267,"Planet Fitness / United PF JLM, LLC",69fdf0c802bb2c42a87a35a2,"pla047 - 4700 Summer Investors, LLC / Planet Fitness",evidenceOfInsurance,Evidence of Insurance,commercialGeneralLiability,Commercial General Liability,evidenceOfInsuranceCommercialGeneralLiabilityEachOccurrence,Each Occurrence,,matchOnce,must be greater or equal to,1000000,,non_compliant,Block Requirements,,,false,0,,2026-08-16
"Block Real Estate Services, LLC",69fdf78062446148bd858801,69fded2362446148bd849267,"Planet Fitness / United PF JLM, LLC",69fdf0c802bb2c42a87a35a2,"pla047 - 4700 Summer Investors, LLC / Planet Fitness",evidenceOfInsurance,Evidence of Insurance,commercialGeneralLiability,Commercial General Liability,evidenceOfInsuranceCommercialGeneralLiabilityGeneralAggregate,General Aggregate,,matchOnce,must be greater or equal to,2000000,,non_compliant,Block Requirements,,,false,0,,2026-08-16
"Block Real Estate Services, LLC",69fdf78062446148bd858801,69fded2362446148bd849267,"Planet Fitness / United PF JLM, LLC",69fdf0c802bb2c42a87a35a2,"pla047 - 4700 Summer Investors, LLC / Planet Fitness",evidenceOfInsurance,Evidence of Insurance,commercialGeneralLiability,Commercial General Liability,evidenceOfInsuranceCommercialGeneralLiabilityWaiverOfSubrogationEndorsement,Waiver of Subrogation,"---prompt---
Determine if the insurer has waived their right of subrogation in favor of the certificate holder under the Commercial General Liability policy. Evidence may include: a checked ""Waiver of Subrogation"" box on the certificate, mention in the Description of Operations section stating ""waiver of subrogation applies"", or reference to form CG 24 04. Look for language like ""subrogation is waived"" or ""per written contract"".",matchOnce,must be present,,,non_compliant,Block Requirements,,,false,0,,2026-08-16
"Block Real Estate Services, LLC",69fdf78062446148bd858801,69fded2362446148bd849267,"Planet Fitness / United PF JLM, LLC",69fdf0c802bb2c42a87a35a2,"pla047 - 4700 Summer Investors, LLC / Planet Fitness",evidenceOfInsurance,Evidence of Insurance,excessOrUmbrellaLiability,Umbrella/Excess Liability,evidenceOfInsuranceExcessOrUmbrellaLiabilityOccurence,Coverage Trigger: Occurrence,,matchOnce,must be present,,,non_compliant,Block Requirements,,,false,0,,2026-08-16
"Block Real Estate Services, LLC",69fdf78062446148bd858801,69fded2362446148bd849267,"Planet Fitness / United PF JLM, LLC",69fdf0c802bb2c42a87a35a2,"pla047 - 4700 Summer Investors, LLC / Planet Fitness",evidenceOfInsurance,Evidence of Insurance,excessOrUmbrellaLiability,Umbrella/Excess Liability,evidenceOfInsuranceExcessOrUmbrellaLiabilityEachOccurrence,Each Occurrence,,matchOnce,must be greater or equal to,1000000,,non_compliant,Block Requirements,,,false,0,,2026-08-16
"Block Real Estate Services, LLC",69fdf78062446148bd858801,69fded2362446148bd849267,"Planet Fitness / United PF JLM, LLC",69fdf0c802bb2c42a87a35a2,"pla047 - 4700 Summer Investors, LLC / Planet Fitness",evidenceOfInsurance,Evidence of Insurance,excessOrUmbrellaLiability,Umbrella/Excess Liability,evidenceOfInsuranceExcessOrUmbrellaLiabilityAggregate,Aggregate,,matchOnce,must be greater or equal to,1000000,,non_compliant,Block Requirements,,,false,0,,2026-08-16
"Block Real Estate Services, LLC",69fdf78062446148bd858801,69fded2362446148bd849267,"Planet Fitness / United PF JLM, LLC",69fdf0c802bb2c42a87a35a2,"pla047 - 4700 Summer Investors, LLC / Planet Fitness",evidenceOfInsurance,Evidence of Insurance,workersCompensation,Workers' Compensation and Employer's Liability,evidenceOfInsuranceWorkersCompensationStatutoryLimits,Statutory Limits,,matchOnce,must be present,,,non_compliant,Block Requirements,,,false,0,,2026-08-16
"Block Real Estate Services, LLC",69fdf78062446148bd858801,69fded2362446148bd849267,"Planet Fitness / United PF JLM, LLC",69fdf0c802bb2c42a87a35a2,"pla047 - 4700 Summer Investors, LLC / Planet Fitness",evidenceOfInsurance,Evidence of Insurance,workersCompensation,Workers' Compensation and Employer's Liability,evidenceOfInsuranceWorkersCompensationEmployersLiabilityEachAccident,Employer's Liability Each Accident,,matchOnce,must be greater or equal to,500000,,non_compliant,Block Requirements,,,false,0,,2026-08-16
"Block Real Estate Services, LLC",69fdf78062446148bd858801,69fded2362446148bd849267,"Planet Fitness / United PF JLM, LLC",69fdf0c802bb2c42a87a35a2,"pla047 - 4700 Summer Investors, LLC / Planet Fitness",evidenceOfInsurance,Evidence of Insurance,workersCompensation,Workers' Compensation and Employer's Liability,evidenceOfInsuranceWorkersCompensationEmployersLiabilityDiseaseEachEmployee,Employer's Liability Disease - each employee,,matchOnce,must be greater or equal to,500000,,non_compliant,Block Requirements,,,false,0,,2026-08-16
"Block Real Estate Services, LLC",69fdf78062446148bd858801,69fded2362446148bd849267,"Planet Fitness / United PF JLM, LLC",69fdf0c802bb2c42a87a35a2,"pla047 - 4700 Summer Investors, LLC / Planet Fitness",evidenceOfInsurance,Evidence of Insurance,workersCompensation,Workers' Compensation and Employer's Liability,evidenceOfInsuranceWorkersCompensationEmployersLiabilityDiseasePolicyLimit,Employer's Liability Disease - policy limit,,matchOnce,must be greater or equal to,500000,,non_compliant,Block Requirements,,,false,0,,2026-08-16
"Block Real Estate Services, LLC",69fdf78062446148bd858801,69fded2362446148bd849267,"Planet Fitness / United PF JLM, LLC",69fdf0c802bb2c42a87a35a2,"pla047 - 4700 Summer Investors, LLC / Planet Fitness",evidenceOfInsurance,Evidence of Insurance,workersCompensation,Workers' Compensation and Employer's Liability,evidenceOfInsuranceWorkersCompensationWaiverOfSubrogationEndorsement,Waiver of Subrogation,"---prompt---
Determine if the insurer has waived their right of subrogation in favor of the certificate holder under the Workers' Compensation policy. Evidence may include: a checked ""Waiver of Subrogation"" box on the certificate, mention in the Description of Operations section stating ""waiver of subrogation applies"", or reference to form WC 00 03 13. Look for language like ""subrogation is waived"" or ""per written contract"".",matchOnce,must be present,,,non_compliant,Block Requirements,,,false,0,,2026-08-16
"Block Real Estate Services, LLC",69fdf78062446148bd858801,69fded2362446148bd849267,"Planet Fitness / United PF JLM, LLC",69fdf0c802bb2c42a87a35a2,"pla047 - 4700 Summer Investors, LLC / Planet Fitness",evidenceOfInsurance,Evidence of Insurance,6ac20aae-5728-5d57-b364-aeba38527dba,Additional Requirements,4da5b0f1-4c9d-5885-8cf8-5d3cccaed3e0,"Block Real Estate Services, LLC and all others required by contract are named as Additional Insureds","---prompt---
Determine if the Description of Operations or the Additional Remarks Schedule section states the ""Additional Insured as Construction Management, Inc. and all others required by contract"" or reference to blanket additional insured coverage. Look for language like ""certificate holder is additional insured"" or ""per written contract"".",matchOnce,must be present,,,non_compliant,Block Requirements,,,true,0,,2026-08-16
"Block Real Estate Services, LLC",69fdf78062446148bd858801,69fded2362446148bd849267,"Planet Fitness / United PF JLM, LLC",69fdf0c802bb2c42a87a35a2,"pla047 - 4700 Summer Investors, LLC / Planet Fitness",evidenceOfInsurance,Evidence of Insurance,6ac20aae-5728-5d57-b364-aeba38527dba,Additional Requirements,e1017741-e47e-5f58-97b8-fbc3043e919f,Umbrella follows form over General Liability,"---prompt---
Determine if the Umbrella/Excess Liability policy follows form to the underlying policies. Evidence may include: language in the Description of Operations section stating the umbrella follows form to underlying coverages or an additional page endorsement stating that it follows form. Follow form means the umbrella policy adopts the same terms, conditions, and exclusions as the underlying policies.",matchOnce,must be present,,,non_compliant,Block Requirements,,,true,0,,2026-08-16
"Block Real Estate Services, LLC",69fdf78062446148bd858801,69fded2362446148bd849267,"Planet Fitness / United PF JLM, LLC",69fdf0c802bb2c42a87a35a2,"pla047 - 4700 Summer Investors, LLC / Planet Fitness",evidenceOfInsurance,Evidence of Insurance,6ac20aae-5728-5d57-b364-aeba38527dba,Additional Requirements,2cdd866f-c9a4-576a-afd8-1d045762790c,The location must be listed as: 4700 Summer Avenue Memphis TN 38122,,matchOnce,must be present,,,non_compliant,Block Requirements,,,true,0,,2026-08-16
"Block Real Estate Services, LLC",69fdf78062446148bd858801,69fded2362446148bd849267,"Planet Fitness / United PF JLM, LLC",69fdf0c802bb2c42a87a35a2,"pla047 - 4700 Summer Investors, LLC / Planet Fitness",evidenceOfInsurance,Evidence of Insurance,6ac20aae-5728-5d57-b364-aeba38527dba,Additional Requirements,3649e9d1-4e09-59bf-8f30-cb33c40cf117,"Certificate Holder must read: c/o Block Real Estate Services, LLC, 4622 Pennsylvania St., Suite 700, Kansas City, MO, 64112",,matchOnce,must be present,,,non_compliant,Block Requirements,,,true,0,,2026-08-16
"Block Real Estate Services, LLC",69fdf76e62446148bd8573c6,69fded2462446148bd8492ac,WellSky Corporation,69fdf01803a2257cd27dd982,"cp3269 - CityPlace Corporate Centre III {Cityplace Corporate Centre III Investors, LLC}",evidenceOfInsurance,Evidence of Insurance,commercialGeneralLiability,Commercial General Liability,evidenceOfInsuranceCommercialGeneralLiabilityCoverageTriggerOccurrence,Coverage Trigger: Occurrence,,matchOnce,must be present,,,non_compliant,Block Requirements,,,false,0,,2026-08-16
"Block Real Estate Services, LLC",69fdf76e62446148bd8573c6,69fded2462446148bd8492ac,WellSky Corporation,69fdf01803a2257cd27dd982,"cp3269 - CityPlace Corporate Centre III {Cityplace Corporate Centre III Investors, LLC}",evidenceOfInsurance,Evidence of Insurance,commercialGeneralLiability,Commercial General Liability,evidenceOfInsuranceCommercialGeneralLiabilityGeneralAggregateLimitAppliesPerLocation,General Aggregate Limit Applies per: Location,,matchOnce,must be present,,,non_compliant,Block Requirements,,,false,0,,2026-08-16
"Block Real Estate Services, LLC",69fdf76e62446148bd8573c6,69fded2462446148bd8492ac,WellSky Corporation,69fdf01803a2257cd27dd982,"cp3269 - CityPlace Corporate Centre III {Cityplace Corporate Centre III Investors, LLC}",evidenceOfInsurance,Evidence of Insurance,commercialGeneralLiability,Commercial General Liability,evidenceOfInsuranceCommercialGeneralLiabilityEachOccurrence,Each Occurrence,,matchOnce,must be greater or equal to,1000000,,non_compliant,Block Requirements,,,false,0,,2026-08-16
"Block Real Estate Services, LLC",69fdf76e62446148bd8573c6,69fded2462446148bd8492ac,WellSky Corporation,69fdf01803a2257cd27dd982,"cp3269 - CityPlace Corporate Centre III {Cityplace Corporate Centre III Investors, LLC}",evidenceOfInsurance,Evidence of Insurance,commercialGeneralLiability,Commercial General Liability,evidenceOfInsuranceCommercialGeneralLiabilityGeneralAggregate,General Aggregate,,matchOnce,must be greater or equal to,2000000,,non_compliant,Block Requirements,,,false,0,,2026-08-16
"Block Real Estate Services, LLC",69fdf76e62446148bd8573c6,69fded2462446148bd8492ac,WellSky Corporation,69fdf01803a2257cd27dd982,"cp3269 - CityPlace Corporate Centre III {Cityplace Corporate Centre III Investors, LLC}",evidenceOfInsurance,Evidence of Insurance,commercialGeneralLiability,Commercial General Liability,evidenceOfInsuranceCommercialGeneralLiabilityWaiverOfSubrogationEndorsement,Waiver of Subrogation,"---prompt---
Determine if the insurer has waived their right of subrogation in favor of the certificate holder under the Commercial General Liability policy. Evidence may include: a checked ""Waiver of Subrogation"" box on the certificate, mention in the Description of Operations section stating ""waiver of subrogation applies"", or reference to form CG 24 04. Look for language like ""subrogation is waived"" or ""per written contract"".",matchOnce,must be present,,,non_compliant,Block Requirements,,,false,0,,2026-08-16
"Block Real Estate Services, LLC",69fdf76e62446148bd8573c6,69fded2462446148bd8492ac,WellSky Corporation,69fdf01803a2257cd27dd982,"cp3269 - CityPlace Corporate Centre III {Cityplace Corporate Centre III Investors, LLC}",evidenceOfInsurance,Evidence of Insurance,excessOrUmbrellaLiability,Umbrella/Excess Liability,evidenceOfInsuranceExcessOrUmbrellaLiabilityOccurence,Coverage Trigger: Occurrence,,matchOnce,must be present,,,non_compliant,Block Requirements,,,false,0,,2026-08-16
"Block Real Estate Services, LLC",69fdf76e62446148bd8573c6,69fded2462446148bd8492ac,WellSky Corporation,69fdf01803a2257cd27dd982,"cp3269 - CityPlace Corporate Centre III {Cityplace Corporate Centre III Investors, LLC}",evidenceOfInsurance,Evidence of Insurance,excessOrUmbrellaLiability,Umbrella/Excess Liability,evidenceOfInsuranceExcessOrUmbrellaLiabilityEachOccurrence,Each Occurrence,,matchOnce,must be greater or equal to,1000000,,non_compliant,Block Requirements,,,false,0,,2026-08-16
"Block Real Estate Services, LLC",69fdf76e62446148bd8573c6,69fded2462446148bd8492ac,WellSky Corporation,69fdf01803a2257cd27dd982,"cp3269 - CityPlace Corporate Centre III {Cityplace Corporate Centre III Investors, LLC}",evidenceOfInsurance,Evidence of Insurance,excessOrUmbrellaLiability,Umbrella/Excess Liability,evidenceOfInsuranceExcessOrUmbrellaLiabilityAggregate,Aggregate,,matchOnce,must be greater or equal to,1000000,,non_compliant,Block Requirements,,,false,0,,2026-08-16
"Block Real Estate Services, LLC",69fdf76e62446148bd8573c6,69fded2462446148bd8492ac,WellSky Corporation,69fdf01803a2257cd27dd982,"cp3269 - CityPlace Corporate Centre III {Cityplace Corporate Centre III Investors, LLC}",evidenceOfInsurance,Evidence of Insurance,workersCompensation,Workers' Compensation and Employer's Liability,evidenceOfInsuranceWorkersCompensationStatutoryLimits,Statutory Limits,,matchOnce,must be present,,,non_compliant,Block Requirements,,,false,0,,2026-08-16
"Block Real Estate Services, LLC",69fdf76e62446148bd8573c6,69fded2462446148bd8492ac,WellSky Corporation,69fdf01803a2257cd27dd982,"cp3269 - CityPlace Corporate Centre III {Cityplace Corporate Centre III Investors, LLC}",evidenceOfInsurance,Evidence of Insurance,workersCompensation,Workers' Compensation and Employer's Liability,evidenceOfInsuranceWorkersCompensationEmployersLiabilityEachAccident,Employer's Liability Each Accident,,matchOnce,must be greater or equal to,500000,,non_compliant,Block Requirements,,,false,0,,2026-08-16
"Block Real Estate Services, LLC",69fdf76e62446148bd8573c6,69fded2462446148bd8492ac,WellSky Corporation,69fdf01803a2257cd27dd982,"cp3269 - CityPlace Corporate Centre III {Cityplace Corporate Centre III Investors, LLC}",evidenceOfInsurance,Evidence of Insurance,workersCompensation,Workers' Compensation and Employer's Liability,evidenceOfInsuranceWorkersCompensationEmployersLiabilityDiseaseEachEmployee,Employer's Liability Disease - each employee,,matchOnce,must be greater or equal to,500000,,non_compliant,Block Requirements,,,false,0,,2026-08-16
"Block Real Estate Services, LLC",69fdf76e62446148bd8573c6,69fded2462446148bd8492ac,WellSky Corporation,69fdf01803a2257cd27dd982,"cp3269 - CityPlace Corporate Centre III {Cityplace Corporate Centre III Investors, LLC}",evidenceOfInsurance,Evidence of Insurance,workersCompensation,Workers' Compensation and Employer's Liability,evidenceOfInsuranceWorkersCompensationEmployersLiabilityDiseasePolicyLimit,Employer's Liability Disease - policy limit,,matchOnce,must be greater or equal to,500000,,non_compliant,Block Requirements,,,false,0,,2026-08-16
"Block Real Estate Services, LLC",69fdf76e62446148bd8573c6,69fded2462446148bd8492ac,WellSky Corporation,69fdf01803a2257cd27dd982,"cp3269 - CityPlace Corporate Centre III {Cityplace Corporate Centre III Investors, LLC}",evidenceOfInsurance,Evidence of Insurance,workersCompensation,Workers' Compensation and Employer's Liability,evidenceOfInsuranceWorkersCompensationWaiverOfSubrogationEndorsement,Waiver of Subrogation,"---prompt---
Determine if the insurer has waived their right of subrogation in favor of the certificate holder under the Workers' Compensation policy. Evidence may include: a checked ""Waiver of Subrogation"" box on the certificate, mention in the Description of Operations section stating ""waiver of subrogation applies"", or reference to form WC 00 03 13. Look for language like ""subrogation is waived"" or ""per written contract"".",matchOnce,must be present,,,non_compliant,Block Requirements,,,false,0,,2026-08-16
"Block Real Estate Services, LLC",69fdf76e62446148bd8573c6,69fded2462446148bd8492ac,WellSky Corporation,69fdf01803a2257cd27dd982,"cp3269 - CityPlace Corporate Centre III {Cityplace Corporate Centre III Investors, LLC}",evidenceOfInsurance,Evidence of Insurance,6ac20aae-5728-5d57-b364-aeba38527dba,Additional Requirements,4da5b0f1-4c9d-5885-8cf8-5d3cccaed3e0,"Block Real Estate Services, LLC and all others required by contract are named as Additional Insureds","---prompt---
Determine if the Description of Operations or the Additional Remarks Schedule section states the ""Additional Insured as Construction Management, Inc. and all others required by contract"" or reference to blanket additional insured coverage. Look for language like ""certificate holder is additional insured"" or ""per written contract"".",matchOnce,must be present,,,non_compliant,Block Requirements,,,true,0,,2026-08-16
"Block Real Estate Services, LLC",69fdf76e62446148bd8573c6,69fded2462446148bd8492ac,WellSky Corporation,69fdf01803a2257cd27dd982,"cp3269 - CityPlace Corporate Centre III {Cityplace Corporate Centre III Investors, LLC}",evidenceOfInsurance,Evidence of Insurance,6ac20aae-5728-5d57-b364-aeba38527dba,Additional Requirements,e1017741-e47e-5f58-97b8-fbc3043e919f,Umbrella follows form over General Liability,"---prompt---
Determine if the Umbrella/Excess Liability policy follows form to the underlying policies. Evidence may include: language in the Description of Operations section stating the umbrella follows form to underlying coverages or an additional page endorsement stating that it follows form. Follow form means the umbrella policy adopts the same terms, conditions, and exclusions as the underlying policies.",matchOnce,must be present,,,non_compliant,Block Requirements,,,true,0,,2026-08-16
"Block Real Estate Services, LLC",69fdf76e62446148bd8573c6,69fded2462446148bd8492ac,WellSky Corporation,69fdf01803a2257cd27dd982,"cp3269 - CityPlace Corporate Centre III {Cityplace Corporate Centre III Investors, LLC}",evidenceOfInsurance,Evidence of Insurance,6ac20aae-5728-5d57-b364-aeba38527dba,Additional Requirements,2cdd866f-c9a4-576a-afd8-1d045762790c,"The location must be listed as: 11300 Switzer Road, Suites 100, 200, 300, 400, Overland Park, KS, 66210",,matchOnce,must be present,,,non_compliant,Block Requirements,,,true,0,,2026-08-16
"Block Real Estate Services, LLC",69fdf76e62446148bd8573c6,69fded2462446148bd8492ac,WellSky Corporation,69fdf01803a2257cd27dd982,"cp3269 - CityPlace Corporate Centre III {Cityplace Corporate Centre III Investors, LLC}",evidenceOfInsurance,Evidence of Insurance,6ac20aae-5728-5d57-b364-aeba38527dba,Additional Requirements,3649e9d1-4e09-59bf-8f30-cb33c40cf117,"Certificate Holder must read: c/o Block Real Estate Services, LLC, 4622 Pennsylvania St., Suite 700, Kansas City, MO, 64112",,matchOnce,must be present,,,non_compliant,Block Requirements,,,true,0,,2026-08-16
"Block Real Estate Services, LLC",6a1705bf2c0af08c023ad892,69fded1a62446148bd848f85,"McShane & Brady, LLC",6a170535da8b4807522414f6,"3rd299 - Delaire KC, LLC - Westport Building - 4006 Central (Office, 2nd floor)",evidenceOfInsurance,Evidence of Insurance,commercialGeneralLiability,Commercial General Liability,evidenceOfInsuranceCommercialGeneralLiabilityCoverageTriggerOccurrence,Coverage Trigger: Occurrence,,matchOnce,must be present,,,non_compliant,Block Requirements,,,false,0,,2026-08-16
"Block Real Estate Services, LLC",6a1705bf2c0af08c023ad892,69fded1a62446148bd848f85,"McShane & Brady, LLC",6a170535da8b4807522414f6,"3rd299 - Delaire KC, LLC - Westport Building - 4006 Central (Office, 2nd floor)",evidenceOfInsurance,Evidence of Insurance,commercialGeneralLiability,Commercial General Liability,evidenceOfInsuranceCommercialGeneralLiabilityGeneralAggregateLimitAppliesPerLocation,General Aggregate Limit Applies per: Location,,matchOnce,must be present,,,non_compliant,Block Requirements,,,false,0,,2026-08-16
"Block Real Estate Services, LLC",6a1705bf2c0af08c023ad892,69fded1a62446148bd848f85,"McShane & Brady, LLC",6a170535da8b4807522414f6,"3rd299 - Delaire KC, LLC - Westport Building - 4006 Central (Office, 2nd floor)",evidenceOfInsurance,Evidence of Insurance,commercialGeneralLiability,Commercial General Liability,evidenceOfInsuranceCommercialGeneralLiabilityEachOccurrence,Each Occurrence,,matchOnce,must be greater or equal to,1000000,,non_compliant,Block Requirements,,,false,0,,2026-08-16
"Block Real Estate Services, LLC",6a1705bf2c0af08c023ad892,69fded1a62446148bd848f85,"McShane & Brady, LLC",6a170535da8b4807522414f6,"3rd299 - Delaire KC, LLC - Westport Building - 4006 Central (Office, 2nd floor)",evidenceOfInsurance,Evidence of Insurance,commercialGeneralLiability,Commercial General Liability,evidenceOfInsuranceCommercialGeneralLiabilityGeneralAggregate,General Aggregate,,matchOnce,must be greater or equal to,2000000,,non_compliant,Block Requirements,,,false,0,,2026-08-16
"Block Real Estate Services, LLC",6a1705bf2c0af08c023ad892,69fded1a62446148bd848f85,"McShane & Brady, LLC",6a170535da8b4807522414f6,"3rd299 - Delaire KC, LLC - Westport Building - 4006 Central (Office, 2nd floor)",evidenceOfInsurance,Evidence of Insurance,commercialGeneralLiability,Commercial General Liability,evidenceOfInsuranceCommercialGeneralLiabilityWaiverOfSubrogationEndorsement,Waiver of Subrogation,"---prompt---
Determine if the insurer has waived their right of subrogation in favor of the certificate holder under the Commercial General Liability policy. Evidence may include: a checked ""Waiver of Subrogation"" box on the certificate, mention in the Description of Operations section stating ""waiver of subrogation applies"", or reference to form CG 24 04. Look for language like ""subrogation is waived"" or ""per written contract"".",matchOnce,must be present,,,non_compliant,Block Requirements,,,false,0,,2026-08-16
"Block Real Estate Services, LLC",6a1705bf2c0af08c023ad892,69fded1a62446148bd848f85,"McShane & Brady, LLC",6a170535da8b4807522414f6,"3rd299 - Delaire KC, LLC - Westport Building - 4006 Central (Office, 2nd floor)",evidenceOfInsurance,Evidence of Insurance,excessOrUmbrellaLiability,Umbrella/Excess Liability,evidenceOfInsuranceExcessOrUmbrellaLiabilityOccurence,Coverage Trigger: Occurrence,,matchOnce,must be present,,,non_compliant,Block Requirements,,,false,0,,2026-08-16
"Block Real Estate Services, LLC",6a1705bf2c0af08c023ad892,69fded1a62446148bd848f85,"McShane & Brady, LLC",6a170535da8b4807522414f6,"3rd299 - Delaire KC, LLC - Westport Building - 4006 Central (Office, 2nd floor)",evidenceOfInsurance,Evidence of Insurance,excessOrUmbrellaLiability,Umbrella/Excess Liability,evidenceOfInsuranceExcessOrUmbrellaLiabilityEachOccurrence,Each Occurrence,,matchOnce,must be greater or equal to,1000000,,non_compliant,Block Requirements,,,false,0,,2026-08-16
"Block Real Estate Services, LLC",6a1705bf2c0af08c023ad892,69fded1a62446148bd848f85,"McShane & Brady, LLC",6a170535da8b4807522414f6,"3rd299 - Delaire KC, LLC - Westport Building - 4006 Central (Office, 2nd floor)",evidenceOfInsurance,Evidence of Insurance,excessOrUmbrellaLiability,Umbrella/Excess Liability,evidenceOfInsuranceExcessOrUmbrellaLiabilityAggregate,Aggregate,,matchOnce,must be greater or equal to,1000000,,non_compliant,Block Requirements,,,false,0,,2026-08-16
"Block Real Estate Services, LLC",6a1705bf2c0af08c023ad892,69fded1a62446148bd848f85,"McShane & Brady, LLC",6a170535da8b4807522414f6,"3rd299 - Delaire KC, LLC - Westport Building - 4006 Central (Office, 2nd floor)",evidenceOfInsurance,Evidence of Insurance,workersCompensation,Workers' Compensation and Employer's Liability,evidenceOfInsuranceWorkersCompensationStatutoryLimits,Statutory Limits,,matchOnce,must be present,,,non_compliant,Block Requirements,,,false,0,,2026-08-16
"Block Real Estate Services, LLC",6a1705bf2c0af08c023ad892,69fded1a62446148bd848f85,"McShane & Brady, LLC",6a170535da8b4807522414f6,"3rd299 - Delaire KC, LLC - Westport Building - 4006 Central (Office, 2nd floor)",evidenceOfInsurance,Evidence of Insurance,workersCompensation,Workers' Compensation and Employer's Liability,evidenceOfInsuranceWorkersCompensationEmployersLiabilityEachAccident,Employer's Liability Each Accident,,matchOnce,must be greater or equal to,500000,,non_compliant,Block Requirements,,,false,0,,2026-08-16
"Block Real Estate Services, LLC",6a1705bf2c0af08c023ad892,69fded1a62446148bd848f85,"McShane & Brady, LLC",6a170535da8b4807522414f6,"3rd299 - Delaire KC, LLC - Westport Building - 4006 Central (Office, 2nd floor)",evidenceOfInsurance,Evidence of Insurance,workersCompensation,Workers' Compensation and Employer's Liability,evidenceOfInsuranceWorkersCompensationEmployersLiabilityDiseaseEachEmployee,Employer's Liability Disease - each employee,,matchOnce,must be greater or equal to,500000,,non_compliant,Block Requirements,,,false,0,,2026-08-16
"Block Real Estate Services, LLC",6a1705bf2c0af08c023ad892,69fded1a62446148bd848f85,"McShane & Brady, LLC",6a170535da8b4807522414f6,"3rd299 - Delaire KC, LLC - Westport Building - 4006 Central (Office, 2nd floor)",evidenceOfInsurance,Evidence of Insurance,workersCompensation,Workers' Compensation and Employer's Liability,evidenceOfInsuranceWorkersCompensationEmployersLiabilityDiseasePolicyLimit,Employer's Liability Disease - policy limit,,matchOnce,must be greater or equal to,500000,,non_compliant,Block Requirements,,,false,0,,2026-08-16
"Block Real Estate Services, LLC",6a1705bf2c0af08c023ad892,69fded1a62446148bd848f85,"McShane & Brady, LLC",6a170535da8b4807522414f6,"3rd299 - Delaire KC, LLC - Westport Building - 4006 Central (Office, 2nd floor)",evidenceOfInsurance,Evidence of Insurance,workersCompensation,Workers' Compensation and Employer's Liability,evidenceOfInsuranceWorkersCompensationWaiverOfSubrogationEndorsement,Waiver of Subrogation,"---prompt---
Determine if the insurer has waived their right of subrogation in favor of the certificate holder under the Workers' Compensation policy. Evidence may include: a checked ""Waiver of Subrogation"" box on the certificate, mention in the Description of Operations section stating ""waiver of subrogation applies"", or reference to form WC 00 03 13. Look for language like ""subrogation is waived"" or ""per written contract"".",matchOnce,must be present,,,non_compliant,Block Requirements,,,false,0,,2026-08-16
"Block Real Estate Services, LLC",6a1705bf2c0af08c023ad892,69fded1a62446148bd848f85,"McShane & Brady, LLC",6a170535da8b4807522414f6,"3rd299 - Delaire KC, LLC - Westport Building - 4006 Central (Office, 2nd floor)",evidenceOfInsurance,Evidence of Insurance,6ac20aae-5728-5d57-b364-aeba38527dba,Additional Requirements,4da5b0f1-4c9d-5885-8cf8-5d3cccaed3e0,"Block Real Estate Services, LLC and all others required by contract are named as Additional Insureds","---prompt---
Determine if the Description of Operations or the Additional Remarks Schedule section states the ""Additional Insured as Construction Management, Inc. and all others required by contract"" or reference to blanket additional insured coverage. Look for language like ""certificate holder is additional insured"" or ""per written contract"".",matchOnce,must be present,,,non_compliant,Block Requirements,,,true,0,,2026-08-16
"Block Real Estate Services, LLC",6a1705bf2c0af08c023ad892,69fded1a62446148bd848f85,"McShane & Brady, LLC",6a170535da8b4807522414f6,"3rd299 - Delaire KC, LLC - Westport Building - 4006 Central (Office, 2nd floor)",evidenceOfInsurance,Evidence of Insurance,6ac20aae-5728-5d57-b364-aeba38527dba,Additional Requirements,e1017741-e47e-5f58-97b8-fbc3043e919f,Umbrella follows form over General Liability,"---prompt---
Determine if the Umbrella/Excess Liability policy follows form to the underlying policies. Evidence may include: language in the Description of Operations section stating the umbrella follows form to underlying coverages or an additional page endorsement stating that it follows form. Follow form means the umbrella policy adopts the same terms, conditions, and exclusions as the underlying policies.",matchOnce,must be present,,,non_compliant,Block Requirements,,,true,0,,2026-08-16
"Block Real Estate Services, LLC",6a1705bf2c0af08c023ad892,69fded1a62446148bd848f85,"McShane & Brady, LLC",6a170535da8b4807522414f6,"3rd299 - Delaire KC, LLC - Westport Building - 4006 Central (Office, 2nd floor)",evidenceOfInsurance,Evidence of Insurance,6ac20aae-5728-5d57-b364-aeba38527dba,Additional Requirements,2cdd866f-c9a4-576a-afd8-1d045762790c,"The location must be listed as: 4006 Central, Kansas City, MO, 64111","---prompt---
Determine if the Description of Operations or the Additional Remarks Schedule section states the location indicated in value field",matchOnce,must be present,,,non_compliant,Block Requirements,,,true,0,,2026-08-16
"Block Real Estate Services, LLC",6a1705bf2c0af08c023ad892,69fded1a62446148bd848f85,"McShane & Brady, LLC",6a170535da8b4807522414f6,"3rd299 - Delaire KC, LLC - Westport Building - 4006 Central (Office, 2nd floor)",evidenceOfInsurance,Evidence of Insurance,6ac20aae-5728-5d57-b364-aeba38527dba,Additional Requirements,3649e9d1-4e09-59bf-8f30-cb33c40cf117,"Certificate Holder must read: c/o Block Real Estate Services, LLC, 4622 Pennsylvania St., Suite 700, Kansas City, MO, 64112",,matchOnce,must be present,,,non_compliant,Block Requirements,,,true,0,,2026-08-16
"Block Real Estate Services, LLC",6a184bc2dbcac4598a689397,69fded0d62446148bd848b65,Amsted Rail Company Inc,6a184b7d5a886bcac133ba92,"tic765 - College Crossing D {College Crossing CD, LLC}",evidenceOfInsurance,Evidence of Insurance,commercialGeneralLiability,Commercial General Liability,evidenceOfInsuranceCommercialGeneralLiabilityCoverageTriggerOccurrence,Coverage Trigger: Occurrence,,matchOnce,must be present,,Present,compliant,Block Requirements,,,false,1,,2026-08-16
"Block Real Estate Services, LLC",6a184bc2dbcac4598a689397,69fded0d62446148bd848b65,Amsted Rail Company Inc,6a184b7d5a886bcac133ba92,"tic765 - College Crossing D {College Crossing CD, LLC}",evidenceOfInsurance,Evidence of Insurance,commercialGeneralLiability,Commercial General Liability,evidenceOfInsuranceCommercialGeneralLiabilityGeneralAggregateLimitAppliesPerLocation,General Aggregate Limit Applies per: Location,,matchOnce,must be present,,,waived,Block Requirements,Per location not a requirement in the lease,,false,0,,2026-08-16
"Block Real Estate Services, LLC",6a184bc2dbcac4598a689397,69fded0d62446148bd848b65,Amsted Rail Company Inc,6a184b7d5a886bcac133ba92,"tic765 - College Crossing D {College Crossing CD, LLC}",evidenceOfInsurance,Evidence of Insurance,commercialGeneralLiability,Commercial General Liability,evidenceOfInsuranceCommercialGeneralLiabilityEachOccurrence,Each Occurrence,,matchOnce,must be greater or equal to,1000000,250000,non_compliant,Block Requirements,,,false,1,,2026-08-16
"Block Real Estate Services, LLC",6a184bc2dbcac4598a689397,69fded0d62446148bd848b65,Amsted Rail Company Inc,6a184b7d5a886bcac133ba92,"tic765 - College Crossing D {College Crossing CD, LLC}",evidenceOfInsurance,Evidence of Insurance,commercialGeneralLiability,Commercial General Liability,evidenceOfInsuranceCommercialGeneralLiabilityGeneralAggregate,General Aggregate,,matchOnce,must be greater or equal to,2000000,6000000,compliant,Block Requirements,,,false,1,,2026-08-16
"Block Real Estate Services, LLC",6a184bc2dbcac4598a689397,69fded0d62446148bd848b65,Amsted Rail Company Inc,6a184b7d5a886bcac133ba92,"tic765 - College Crossing D {College Crossing CD, LLC}",evidenceOfInsurance,Evidence of Insurance,commercialGeneralLiability,Commercial General Liability,evidenceOfInsuranceCommercialGeneralLiabilityWaiverOfSubrogationEndorsement,Waiver of Subrogation,"---prompt---
Determine if the insurer has waived their right of subrogation in favor of the certificate holder under the Commercial General Liability policy. Evidence may include: a checked ""Waiver of Subrogation"" box on the certificate, mention in the Description of Operations section stating ""waiver of subrogation applies"", or reference to form CG 24 04. Look for language like ""subrogation is waived"" or ""per written contract"".",matchOnce,must be present,,Present,compliant,Block Requirements,,,false,1,,2026-08-16
"Block Real Estate Services, LLC",6a184bc2dbcac4598a689397,69fded0d62446148bd848b65,Amsted Rail Company Inc,6a184b7d5a886bcac133ba92,"tic765 - College Crossing D {College Crossing CD, LLC}",evidenceOfInsurance,Evidence of Insurance,excessOrUmbrellaLiability,Umbrella/Excess Liability,evidenceOfInsuranceExcessOrUmbrellaLiabilityOccurence,Coverage Trigger: Occurrence,,matchOnce,must be present,,Present,compliant,Block Requirements,,,false,1,,2026-08-16
"Block Real Estate Services, LLC",6a184bc2dbcac4598a689397,69fded0d62446148bd848b65,Amsted Rail Company Inc,6a184b7d5a886bcac133ba92,"tic765 - College Crossing D {College Crossing CD, LLC}",evidenceOfInsurance,Evidence of Insurance,excessOrUmbrellaLiability,Umbrella/Excess Liability,evidenceOfInsuranceExcessOrUmbrellaLiabilityEachOccurrence,Each Occurrence,,matchOnce,must be greater or equal to,1000000,5000000,compliant,Block Requirements,,,false,1,,2026-08-16
"Block Real Estate Services, LLC",6a184bc2dbcac4598a689397,69fded0d62446148bd848b65,Amsted Rail Company Inc,6a184b7d5a886bcac133ba92,"tic765 - College Crossing D {College Crossing CD, LLC}",evidenceOfInsurance,Evidence of Insurance,excessOrUmbrellaLiability,Umbrella/Excess Liability,evidenceOfInsuranceExcessOrUmbrellaLiabilityAggregate,Aggregate,,matchOnce,must be greater or equal to,1000000,5000000,compliant,Block Requirements,,,false,1,,2026-08-16
"Block Real Estate Services, LLC",6a184bc2dbcac4598a689397,69fded0d62446148bd848b65,Amsted Rail Company Inc,6a184b7d5a886bcac133ba92,"tic765 - College Crossing D {College Crossing CD, LLC}",evidenceOfInsurance,Evidence of Insurance,workersCompensation,Workers' Compensation and Employer's Liability,evidenceOfInsuranceWorkersCompensationStatutoryLimits,Statutory Limits,,matchOnce,must be present,,Present,compliant,Block Requirements,,,false,1,,2026-08-16
"Block Real Estate Services, LLC",6a184bc2dbcac4598a689397,69fded0d62446148bd848b65,Amsted Rail Company Inc,6a184b7d5a886bcac133ba92,"tic765 - College Crossing D {College Crossing CD, LLC}",evidenceOfInsurance,Evidence of Insurance,workersCompensation,Workers' Compensation and Employer's Liability,evidenceOfInsuranceWorkersCompensationEmployersLiabilityEachAccident,Employer's Liability Each Accident,,matchOnce,must be greater or equal to,500000,1000000,compliant,Block Requirements,,,false,1,,2026-08-16
"Block Real Estate Services, LLC",6a184bc2dbcac4598a689397,69fded0d62446148bd848b65,Amsted Rail Company Inc,6a184b7d5a886bcac133ba92,"tic765 - College Crossing D {College Crossing CD, LLC}",evidenceOfInsurance,Evidence of Insurance,workersCompensation,Workers' Compensation and Employer's Liability,evidenceOfInsuranceWorkersCompensationEmployersLiabilityDiseaseEachEmployee,Employer's Liability Disease - each employee,,matchOnce,must be greater or equal to,500000,1000000,compliant,Block Requirements,,,false,1,,2026-08-16
"Block Real Estate Services, LLC",6a184bc2dbcac4598a689397,69fded0d62446148bd848b65,Amsted Rail Company Inc,6a184b7d5a886bcac133ba92,"tic765 - College Crossing D {College Crossing CD, LLC}",evidenceOfInsurance,Evidence of Insurance,workersCompensation,Workers' Compensation and Employer's Liability,evidenceOfInsuranceWorkersCompensationEmployersLiabilityDiseasePolicyLimit,Employer's Liability Disease - policy limit,,matchOnce,must be greater or equal to,500000,1000000,compliant,Block Requirements,,,false,1,,2026-08-16
"Block Real Estate Services, LLC",6a184bc2dbcac4598a689397,69fded0d62446148bd848b65,Amsted Rail Company Inc,6a184b7d5a886bcac133ba92,"tic765 - College Crossing D {College Crossing CD, LLC}",evidenceOfInsurance,Evidence of Insurance,workersCompensation,Workers' Compensation and Employer's Liability,evidenceOfInsuranceWorkersCompensationWaiverOfSubrogationEndorsement,Waiver of Subrogation,"---prompt---
Determine if the insurer has waived their right of subrogation in favor of the certificate holder under the Workers' Compensation policy. Evidence may include: a checked ""Waiver of Subrogation"" box on the certificate, mention in the Description of Operations section stating ""waiver of subrogation applies"", or reference to form WC 00 03 13. Look for language like ""subrogation is waived"" or ""per written contract"".",matchOnce,must be present,,Present,compliant,Block Requirements,,,false,1,,2026-08-16
"Block Real Estate Services, LLC",6a184bc2dbcac4598a689397,69fded0d62446148bd848b65,Amsted Rail Company Inc,6a184b7d5a886bcac133ba92,"tic765 - College Crossing D {College Crossing CD, LLC}",evidenceOfInsurance,Evidence of Insurance,6ac20aae-5728-5d57-b364-aeba38527dba,Additional Requirements,4da5b0f1-4c9d-5885-8cf8-5d3cccaed3e0,"Block Real Estate Services, LLC and all others required by contract are named as Additional Insureds","---prompt---
Determine if the Description of Operations or the Additional Remarks Schedule section states the ""Additional Insured as Construction Management, Inc. and all others required by contract"" or reference to blanket additional insured coverage. Look for language like ""certificate holder is additional insured"" or ""per written contract"".",matchOnce,must be present,,Present,compliant,Block Requirements,,,true,1,,2026-08-16
"Block Real Estate Services, LLC",6a184bc2dbcac4598a689397,69fded0d62446148bd848b65,Amsted Rail Company Inc,6a184b7d5a886bcac133ba92,"tic765 - College Crossing D {College Crossing CD, LLC}",evidenceOfInsurance,Evidence of Insurance,6ac20aae-5728-5d57-b364-aeba38527dba,Additional Requirements,e1017741-e47e-5f58-97b8-fbc3043e919f,Umbrella follows form over General Liability,"---prompt---
Determine if the Umbrella/Excess Liability policy follows form to the underlying policies. Evidence may include: language in the Description of Operations section stating the umbrella follows form to underlying coverages or an additional page endorsement stating that it follows form. Follow form means the umbrella policy adopts the same terms, conditions, and exclusions as the underlying policies.",matchOnce,must be present,,,non_compliant,Block Requirements,,,true,0,,2026-08-16
"Block Real Estate Services, LLC",6a184bc2dbcac4598a689397,69fded0d62446148bd848b65,Amsted Rail Company Inc,6a184b7d5a886bcac133ba92,"tic765 - College Crossing D {College Crossing CD, LLC}",evidenceOfInsurance,Evidence of Insurance,6ac20aae-5728-5d57-b364-aeba38527dba,Additional Requirements,2cdd866f-c9a4-576a-afd8-1d045762790c,"The location must be listed as: 10902, 10904 Strang Line Road Lenexa KS 66215","---prompt---
Determine if the Description of Operations or the Additional Remarks Schedule section states the location indicated in value field",matchOnce,must be present,,Present,compliant,Block Requirements,,,true,1,,2026-08-16
"Block Real Estate Services, LLC",6a184bc2dbcac4598a689397,69fded0d62446148bd848b65,Amsted Rail Company Inc,6a184b7d5a886bcac133ba92,"tic765 - College Crossing D {College Crossing CD, LLC}",evidenceOfInsurance,Evidence of Insurance,6ac20aae-5728-5d57-b364-aeba38527dba,Additional Requirements,3649e9d1-4e09-59bf-8f30-cb33c40cf117,"Certificate Holder must read: c/o Block Real Estate Services, LLC, 4622 Pennsylvania St., Suite 700, Kansas City, MO, 64112",,matchOnce,must be present,,Present,compliant,Block Requirements,,,true,1,,2026-08-16
"Block Real Estate Services, LLC",6a184bc2dbcac4598a689398,69fded1f62446148bd8490fc,Reserve Applied Management of Kansas City LLC,6a184b7d5a886bcac133ba92,"tic765 - College Crossing D {College Crossing CD, LLC}",evidenceOfInsurance,Evidence of Insurance,commercialGeneralLiability,Commercial General Liability,evidenceOfInsuranceCommercialGeneralLiabilityCoverageTriggerOccurrence,Coverage Trigger: Occurrence,,matchOnce,must be present,,,non_compliant,Block Requirements,,,false,0,,2026-08-16
"Block Real Estate Services, LLC",6a184bc2dbcac4598a689398,69fded1f62446148bd8490fc,Reserve Applied Management of Kansas City LLC,6a184b7d5a886bcac133ba92,"tic765 - College Crossing D {College Crossing CD, LLC}",evidenceOfInsurance,Evidence of Insurance,commercialGeneralLiability,Commercial General Liability,evidenceOfInsuranceCommercialGeneralLiabilityGeneralAggregateLimitAppliesPerLocation,General Aggregate Limit Applies per: Location,,matchOnce,must be present,,,non_compliant,Block Requirements,,,false,0,,2026-08-16
"Block Real Estate Services, LLC",6a184bc2dbcac4598a689398,69fded1f62446148bd8490fc,Reserve Applied Management of Kansas City LLC,6a184b7d5a886bcac133ba92,"tic765 - College Crossing D {College Crossing CD, LLC}",evidenceOfInsurance,Evidence of Insurance,commercialGeneralLiability,Commercial General Liability,evidenceOfInsuranceCommercialGeneralLiabilityEachOccurrence,Each Occurrence,,matchOnce,must be greater or equal to,1000000,,non_compliant,Block Requirements,,,false,0,,2026-08-16
"Block Real Estate Services, LLC",6a184bc2dbcac4598a689398,69fded1f62446148bd8490fc,Reserve Applied Management of Kansas City LLC,6a184b7d5a886bcac133ba92,"tic765 - College Crossing D {College Crossing CD, LLC}",evidenceOfInsurance,Evidence of Insurance,commercialGeneralLiability,Commercial General Liability,evidenceOfInsuranceCommercialGeneralLiabilityGeneralAggregate,General Aggregate,,matchOnce,must be greater or equal to,2000000,,non_compliant,Block Requirements,,,false,0,,2026-08-16
"Block Real Estate Services, LLC",6a184bc2dbcac4598a689398,69fded1f62446148bd8490fc,Reserve Applied Management of Kansas City LLC,6a184b7d5a886bcac133ba92,"tic765 - College Crossing D {College Crossing CD, LLC}",evidenceOfInsurance,Evidence of Insurance,commercialGeneralLiability,Commercial General Liability,evidenceOfInsuranceCommercialGeneralLiabilityWaiverOfSubrogationEndorsement,Waiver of Subrogation,"---prompt---
Determine if the insurer has waived their right of subrogation in favor of the certificate holder under the Commercial General Liability policy. Evidence may include: a checked ""Waiver of Subrogation"" box on the certificate, mention in the Description of Operations section stating ""waiver of subrogation applies"", or reference to form CG 24 04. Look for language like ""subrogation is waived"" or ""per written contract"".",matchOnce,must be present,,,non_compliant,Block Requirements,,,false,0,,2026-08-16
"Block Real Estate Services, LLC",6a184bc2dbcac4598a689398,69fded1f62446148bd8490fc,Reserve Applied Management of Kansas City LLC,6a184b7d5a886bcac133ba92,"tic765 - College Crossing D {College Crossing CD, LLC}",evidenceOfInsurance,Evidence of Insurance,excessOrUmbrellaLiability,Umbrella/Excess Liability,evidenceOfInsuranceExcessOrUmbrellaLiabilityOccurence,Coverage Trigger: Occurrence,,matchOnce,must be present,,,non_compliant,Block Requirements,,,false,0,,2026-08-16
"Block Real Estate Services, LLC",6a184bc2dbcac4598a689398,69fded1f62446148bd8490fc,Reserve Applied Management of Kansas City LLC,6a184b7d5a886bcac133ba92,"tic765 - College Crossing D {College Crossing CD, LLC}",evidenceOfInsurance,Evidence of Insurance,excessOrUmbrellaLiability,Umbrella/Excess Liability,evidenceOfInsuranceExcessOrUmbrellaLiabilityEachOccurrence,Each Occurrence,,matchOnce,must be greater or equal to,1000000,,non_compliant,Block Requirements,,,false,0,,2026-08-16
"Block Real Estate Services, LLC",6a184bc2dbcac4598a689398,69fded1f62446148bd8490fc,Reserve Applied Management of Kansas City LLC,6a184b7d5a886bcac133ba92,"tic765 - College Crossing D {College Crossing CD, LLC}",evidenceOfInsurance,Evidence of Insurance,excessOrUmbrellaLiability,Umbrella/Excess Liability,evidenceOfInsuranceExcessOrUmbrellaLiabilityAggregate,Aggregate,,matchOnce,must be greater or equal to,1000000,,non_compliant,Block Requirements,,,false,0,,2026-08-16
"Block Real Estate Services, LLC",6a184bc2dbcac4598a689398,69fded1f62446148bd8490fc,Reserve Applied Management of Kansas City LLC,6a184b7d5a886bcac133ba92,"tic765 - College Crossing D {College Crossing CD, LLC}",evidenceOfInsurance,Evidence of Insurance,workersCompensation,Workers' Compensation and Employer's Liability,evidenceOfInsuranceWorkersCompensationStatutoryLimits,Statutory Limits,,matchOnce,must be present,,,non_compliant,Block Requirements,,,false,0,,2026-08-16
"Block Real Estate Services, LLC",6a184bc2dbcac4598a689398,69fded1f62446148bd8490fc,Reserve Applied Management of Kansas City LLC,6a184b7d5a886bcac133ba92,"tic765 - College Crossing D {College Crossing CD, LLC}",evidenceOfInsurance,Evidence of Insurance,workersCompensation,Workers' Compensation and Employer's Liability,evidenceOfInsuranceWorkersCompensationEmployersLiabilityEachAccident,Employer's Liability Each Accident,,matchOnce,must be greater or equal to,500000,,non_compliant,Block Requirements,,,false,0,,2026-08-16
"Block Real Estate Services, LLC",6a184bc2dbcac4598a689398,69fded1f62446148bd8490fc,Reserve Applied Management of Kansas City LLC,6a184b7d5a886bcac133ba92,"tic765 - College Crossing D {College Crossing CD, LLC}",evidenceOfInsurance,Evidence of Insurance,workersCompensation,Workers' Compensation and Employer's Liability,evidenceOfInsuranceWorkersCompensationEmployersLiabilityDiseaseEachEmployee,Employer's Liability Disease - each employee,,matchOnce,must be greater or equal to,500000,,non_compliant,Block Requirements,,,false,0,,2026-08-16
"Block Real Estate Services, LLC",6a184bc2dbcac4598a689398,69fded1f62446148bd8490fc,Reserve Applied Management of Kansas City LLC,6a184b7d5a886bcac133ba92,"tic765 - College Crossing D {College Crossing CD, LLC}",evidenceOfInsurance,Evidence of Insurance,workersCompensation,Workers' Compensation and Employer's Liability,evidenceOfInsuranceWorkersCompensationEmployersLiabilityDiseasePolicyLimit,Employer's Liability Disease - policy limit,,matchOnce,must be greater or equal to,500000,,non_compliant,Block Requirements,,,false,0,,2026-08-16
"Block Real Estate Services, LLC",6a184bc2dbcac4598a689398,69fded1f62446148bd8490fc,Reserve Applied Management of Kansas City LLC,6a184b7d5a886bcac133ba92,"tic765 - College Crossing D {College Crossing CD, LLC}",evidenceOfInsurance,Evidence of Insurance,workersCompensation,Workers' Compensation and Employer's Liability,evidenceOfInsuranceWorkersCompensationWaiverOfSubrogationEndorsement,Waiver of Subrogation,"---prompt---
Determine if the insurer has waived their right of subrogation in favor of the certificate holder under the Workers' Compensation policy. Evidence may include: a checked ""Waiver of Subrogation"" box on the certificate, mention in the Description of Operations section stating ""waiver of subrogation applies"", or reference to form WC 00 03 13. Look for language like ""subrogation is waived"" or ""per written contract"".",matchOnce,must be present,,,non_compliant,Block Requirements,,,false,0,,2026-08-16
"Block Real Estate Services, LLC",6a184bc2dbcac4598a689398,69fded1f62446148bd8490fc,Reserve Applied Management of Kansas City LLC,6a184b7d5a886bcac133ba92,"tic765 - College Crossing D {College Crossing CD, LLC}",evidenceOfInsurance,Evidence of Insurance,6ac20aae-5728-5d57-b364-aeba38527dba,Additional Requirements,4da5b0f1-4c9d-5885-8cf8-5d3cccaed3e0,"Block Real Estate Services, LLC and all others required by contract are named as Additional Insureds","---prompt---
Determine if the Description of Operations or the Additional Remarks Schedule section states the ""Additional Insured as Construction Management, Inc. and all others required by contract"" or reference to blanket additional insured coverage. Look for language like ""certificate holder is additional insured"" or ""per written contract"".",matchOnce,must be present,,,non_compliant,Block Requirements,,,true,0,,2026-08-16
"Block Real Estate Services, LLC",6a184bc2dbcac4598a689398,69fded1f62446148bd8490fc,Reserve Applied Management of Kansas City LLC,6a184b7d5a886bcac133ba92,"tic765 - College Crossing D {College Crossing CD, LLC}",evidenceOfInsurance,Evidence of Insurance,6ac20aae-5728-5d57-b364-aeba38527dba,Additional Requirements,e1017741-e47e-5f58-97b8-fbc3043e919f,Umbrella follows form over General Liability,"---prompt---
Determine if the Umbrella/Excess Liability policy follows form to the underlying policies. Evidence may include: language in the Description of Operations section stating the umbrella follows form to underlying coverages or an additional page endorsement stating that it follows form. Follow form means the umbrella policy adopts the same terms, conditions, and exclusions as the underlying policies.",matchOnce,must be present,,,non_compliant,Block Requirements,,,true,0,,2026-08-16
"Block Real Estate Services, LLC",6a184bc2dbcac4598a689398,69fded1f62446148bd8490fc,Reserve Applied Management of Kansas City LLC,6a184b7d5a886bcac133ba92,"tic765 - College Crossing D {College Crossing CD, LLC}",evidenceOfInsurance,Evidence of Insurance,6ac20aae-5728-5d57-b364-aeba38527dba,Additional Requirements,2cdd866f-c9a4-576a-afd8-1d045762790c,The location must be listed as: 10908 Strang Line Road Lenexa KS 66215,"---prompt---
Determine if the Description of Operations or the Additional Remarks Schedule section states the location indicated in value field",matchOnce,must be present,,,non_compliant,Block Requirements,,,true,0,,2026-08-16
"Block Real Estate Services, LLC",6a184bc2dbcac4598a689398,69fded1f62446148bd8490fc,Reserve Applied Management of Kansas City LLC,6a184b7d5a886bcac133ba92,"tic765 - College Crossing D {College Crossing CD, LLC}",evidenceOfInsurance,Evidence of Insurance,6ac20aae-5728-5d57-b364-aeba38527dba,Additional Requirements,3649e9d1-4e09-59bf-8f30-cb33c40cf117,"Certificate Holder must read: c/o Block Real Estate Services, LLC, 4622 Pennsylvania St., Suite 700, Kansas City, MO, 64112",,matchOnce,must be present,,,non_compliant,Block Requirements,,,true,0,,2026-08-16
"Block Real Estate Services, LLC",6a184bc2dbcac4598a689399,69fded2462446148bd849297,Vortex Industries LLC,6a184b7d5a886bcac133ba92,"tic765 - College Crossing D {College Crossing CD, LLC}",evidenceOfInsurance,Evidence of Insurance,commercialGeneralLiability,Commercial General Liability,evidenceOfInsuranceCommercialGeneralLiabilityCoverageTriggerOccurrence,Coverage Trigger: Occurrence,,matchOnce,must be present,,Present,compliant,Block Requirements,,,false,1,,2026-08-16
"Block Real Estate Services, LLC",6a184bc2dbcac4598a689399,69fded2462446148bd849297,Vortex Industries LLC,6a184b7d5a886bcac133ba92,"tic765 - College Crossing D {College Crossing CD, LLC}",evidenceOfInsurance,Evidence of Insurance,commercialGeneralLiability,Commercial General Liability,evidenceOfInsuranceCommercialGeneralLiabilityGeneralAggregateLimitAppliesPerLocation,General Aggregate Limit Applies per: Location,,matchOnce,must be present,,,non_compliant,Block Requirements,,,false,0,,2026-08-16
"Block Real Estate Services, LLC",6a184bc2dbcac4598a689399,69fded2462446148bd849297,Vortex Industries LLC,6a184b7d5a886bcac133ba92,"tic765 - College Crossing D {College Crossing CD, LLC}",evidenceOfInsurance,Evidence of Insurance,commercialGeneralLiability,Commercial General Liability,evidenceOfInsuranceCommercialGeneralLiabilityEachOccurrence,Each Occurrence,,matchOnce,must be greater or equal to,1000000,2000000,compliant,Block Requirements,,,false,1,,2026-08-16
"Block Real Estate Services, LLC",6a184bc2dbcac4598a689399,69fded2462446148bd849297,Vortex Industries LLC,6a184b7d5a886bcac133ba92,"tic765 - College Crossing D {College Crossing CD, LLC}",evidenceOfInsurance,Evidence of Insurance,commercialGeneralLiability,Commercial General Liability,evidenceOfInsuranceCommercialGeneralLiabilityGeneralAggregate,General Aggregate,,matchOnce,must be greater or equal to,2000000,4000000,compliant,Block Requirements,,,false,1,,2026-08-16
"Block Real Estate Services, LLC",6a184bc2dbcac4598a689399,69fded2462446148bd849297,Vortex Industries LLC,6a184b7d5a886bcac133ba92,"tic765 - College Crossing D {College Crossing CD, LLC}",evidenceOfInsurance,Evidence of Insurance,commercialGeneralLiability,Commercial General Liability,evidenceOfInsuranceCommercialGeneralLiabilityWaiverOfSubrogationEndorsement,Waiver of Subrogation,"---prompt---
Determine if the insurer has waived their right of subrogation in favor of the certificate holder under the Commercial General Liability policy. Evidence may include: a checked ""Waiver of Subrogation"" box on the certificate, mention in the Description of Operations section stating ""waiver of subrogation applies"", or reference to form CG 24 04. Look for language like ""subrogation is waived"" or ""per written contract"".",matchOnce,must be present,,Present,compliant,Block Requirements,,,false,1,,2026-08-16
"Block Real Estate Services, LLC",6a184bc2dbcac4598a689399,69fded2462446148bd849297,Vortex Industries LLC,6a184b7d5a886bcac133ba92,"tic765 - College Crossing D {College Crossing CD, LLC}",evidenceOfInsurance,Evidence of Insurance,excessOrUmbrellaLiability,Umbrella/Excess Liability,evidenceOfInsuranceExcessOrUmbrellaLiabilityOccurence,Coverage Trigger: Occurrence,,matchOnce,must be present,,Present,compliant,Block Requirements,,,false,1,,2026-08-16
"Block Real Estate Services, LLC",6a184bc2dbcac4598a689399,69fded2462446148bd849297,Vortex Industries LLC,6a184b7d5a886bcac133ba92,"tic765 - College Crossing D {College Crossing CD, LLC}",evidenceOfInsurance,Evidence of Insurance,excessOrUmbrellaLiability,Umbrella/Excess Liability,evidenceOfInsuranceExcessOrUmbrellaLiabilityEachOccurrence,Each Occurrence,,matchOnce,must be greater or equal to,1000000,5000000,compliant,Block Requirements,,,false,1,,2026-08-16
"Block Real Estate Services, LLC",6a184bc2dbcac4598a689399,69fded2462446148bd849297,Vortex Industries LLC,6a184b7d5a886bcac133ba92,"tic765 - College Crossing D {College Crossing CD, LLC}",evidenceOfInsurance,Evidence of Insurance,excessOrUmbrellaLiability,Umbrella/Excess Liability,evidenceOfInsuranceExcessOrUmbrellaLiabilityAggregate,Aggregate,,matchOnce,must be greater or equal to,1000000,5000000,compliant,Block Requirements,,,false,1,,2026-08-16
"Block Real Estate Services, LLC",6a184bc2dbcac4598a689399,69fded2462446148bd849297,Vortex Industries LLC,6a184b7d5a886bcac133ba92,"tic765 - College Crossing D {College Crossing CD, LLC}",evidenceOfInsurance,Evidence of Insurance,workersCompensation,Workers' Compensation and Employer's Liability,evidenceOfInsuranceWorkersCompensationStatutoryLimits,Statutory Limits,,matchOnce,must be present,,Present,compliant,Block Requirements,,,false,1,,2026-08-16
"Block Real Estate Services, LLC",6a184bc2dbcac4598a689399,69fded2462446148bd849297,Vortex Industries LLC,6a184b7d5a886bcac133ba92,"tic765 - College Crossing D {College Crossing CD, LLC}",evidenceOfInsurance,Evidence of Insurance,workersCompensation,Workers' Compensation and Employer's Liability,evidenceOfInsuranceWorkersCompensationEmployersLiabilityEachAccident,Employer's Liability Each Accident,,matchOnce,must be greater or equal to,500000,1000000,compliant,Block Requirements,,,false,1,,2026-08-16
"Block Real Estate Services, LLC",6a184bc2dbcac4598a689399,69fded2462446148bd849297,Vortex Industries LLC,6a184b7d5a886bcac133ba92,"tic765 - College Crossing D {College Crossing CD, LLC}",evidenceOfInsurance,Evidence of Insurance,workersCompensation,Workers' Compensation and Employer's Liability,evidenceOfInsuranceWorkersCompensationEmployersLiabilityDiseaseEachEmployee,Employer's Liability Disease - each employee,,matchOnce,must be greater or equal to,500000,1000000,compliant,Block Requirements,,,false,1,,2026-08-16
"Block Real Estate Services, LLC",6a184bc2dbcac4598a689399,69fded2462446148bd849297,Vortex Industries LLC,6a184b7d5a886bcac133ba92,"tic765 - College Crossing D {College Crossing CD, LLC}",evidenceOfInsurance,Evidence of Insurance,workersCompensation,Workers' Compensation and Employer's Liability,evidenceOfInsuranceWorkersCompensationEmployersLiabilityDiseasePolicyLimit,Employer's Liability Disease - policy limit,,matchOnce,must be greater or equal to,500000,1000000,compliant,Block Requirements,,,false,1,,2026-08-16
"Block Real Estate Services, LLC",6a184bc2dbcac4598a689399,69fded2462446148bd849297,Vortex Industries LLC,6a184b7d5a886bcac133ba92,"tic765 - College Crossing D {College Crossing CD, LLC}",evidenceOfInsurance,Evidence of Insurance,workersCompensation,Workers' Compensation and Employer's Liability,evidenceOfInsuranceWorkersCompensationWaiverOfSubrogationEndorsement,Waiver of Subrogation,"---prompt---
Determine if the insurer has waived their right of subrogation in favor of the certificate holder under the Workers' Compensation policy. Evidence may include: a checked ""Waiver of Subrogation"" box on the certificate, mention in the Description of Operations section stating ""waiver of subrogation applies"", or reference to form WC 00 03 13. Look for language like ""subrogation is waived"" or ""per written contract"".",matchOnce,must be present,,Present,compliant,Block Requirements,,,false,1,,2026-08-16
"Block Real Estate Services, LLC",6a184bc2dbcac4598a689399,69fded2462446148bd849297,Vortex Industries LLC,6a184b7d5a886bcac133ba92,"tic765 - College Crossing D {College Crossing CD, LLC}",evidenceOfInsurance,Evidence of Insurance,6ac20aae-5728-5d57-b364-aeba38527dba,Additional Requirements,4da5b0f1-4c9d-5885-8cf8-5d3cccaed3e0,"Block Real Estate Services, LLC and all others required by contract are named as Additional Insureds","---prompt---
Determine if the Description of Operations or the Additional Remarks Schedule section states the ""Additional Insured as Construction Management, Inc. and all others required by contract"" or reference to blanket additional insured coverage. Look for language like ""certificate holder is additional insured"" or ""per written contract"".",matchOnce,must be present,,Present,compliant,Block Requirements,,,true,1,,2026-08-16
"Block Real Estate Services, LLC",6a184bc2dbcac4598a689399,69fded2462446148bd849297,Vortex Industries LLC,6a184b7d5a886bcac133ba92,"tic765 - College Crossing D {College Crossing CD, LLC}",evidenceOfInsurance,Evidence of Insurance,6ac20aae-5728-5d57-b364-aeba38527dba,Additional Requirements,e1017741-e47e-5f58-97b8-fbc3043e919f,Umbrella follows form over General Liability,"---prompt---
Determine if the Umbrella/Excess Liability policy follows form to the underlying policies. Evidence may include: language in the Description of Operations section stating the umbrella follows form to underlying coverages or an additional page endorsement stating that it follows form. Follow form means the umbrella policy adopts the same terms, conditions, and exclusions as the underlying policies.",matchOnce,must be present,,Present,compliant,Block Requirements,,,true,1,,2026-08-16
"Block Real Estate Services, LLC",6a184bc2dbcac4598a689399,69fded2462446148bd849297,Vortex Industries LLC,6a184b7d5a886bcac133ba92,"tic765 - College Crossing D {College Crossing CD, LLC}",evidenceOfInsurance,Evidence of Insurance,6ac20aae-5728-5d57-b364-aeba38527dba,Additional Requirements,2cdd866f-c9a4-576a-afd8-1d045762790c,The location must be listed as: 10912 Strang Line Road Lenexa KS 66215,"---prompt---
Determine if the Description of Operations or the Additional Remarks Schedule section states the location indicated in value field",matchOnce,must be present,,,non_compliant,Block Requirements,,,true,0,,2026-08-16
"Block Real Estate Services, LLC",6a184bc2dbcac4598a689399,69fded2462446148bd849297,Vortex Industries LLC,6a184b7d5a886bcac133ba92,"tic765 - College Crossing D {College Crossing CD, LLC}",evidenceOfInsurance,Evidence of Insurance,6ac20aae-5728-5d57-b364-aeba38527dba,Additional Requirements,3649e9d1-4e09-59bf-8f30-cb33c40cf117,"Certificate Holder must read: c/o Block Real Estate Services, LLC, 4622 Pennsylvania St., Suite 700, Kansas City, MO, 64112",,matchOnce,must be present,,Present,compliant,Block Requirements,,,true,1,,2026-08-16
"Block Real Estate Services, LLC",6a184bc2dbcac4598a68939a,69fded0e62446148bd848b7d,"APLOS, Inc.",6a184b7d5a886bcac133ba92,"tic765 - College Crossing D {College Crossing CD, LLC}",evidenceOfInsurance,Evidence of Insurance,commercialGeneralLiability,Commercial General Liability,evidenceOfInsuranceCommercialGeneralLiabilityCoverageTriggerOccurrence,Coverage Trigger: Occurrence,,matchOnce,must be present,,,non_compliant,Block Requirements,,,false,0,,2026-08-16
"Block Real Estate Services, LLC",6a184bc2dbcac4598a68939a,69fded0e62446148bd848b7d,"APLOS, Inc.",6a184b7d5a886bcac133ba92,"tic765 - College Crossing D {College Crossing CD, LLC}",evidenceOfInsurance,Evidence of Insurance,commercialGeneralLiability,Commercial General Liability,evidenceOfInsuranceCommercialGeneralLiabilityGeneralAggregateLimitAppliesPerLocation,General Aggregate Limit Applies per: Location,,matchOnce,must be present,,,non_compliant,Block Requirements,,,false,0,,2026-08-16
"Block Real Estate Services, LLC",6a184bc2dbcac4598a68939a,69fded0e62446148bd848b7d,"APLOS, Inc.",6a184b7d5a886bcac133ba92,"tic765 - College Crossing D {College Crossing CD, LLC}",evidenceOfInsurance,Evidence of Insurance,commercialGeneralLiability,Commercial General Liability,evidenceOfInsuranceCommercialGeneralLiabilityEachOccurrence,Each Occurrence,,matchOnce,must be greater or equal to,1000000,5000000,compliant,Block Requirements,,,false,2,,2026-08-16
"Block Real Estate Services, LLC",6a184bc2dbcac4598a68939a,69fded0e62446148bd848b7d,"APLOS, Inc.",6a184b7d5a886bcac133ba92,"tic765 - College Crossing D {College Crossing CD, LLC}",evidenceOfInsurance,Evidence of Insurance,commercialGeneralLiability,Commercial General Liability,evidenceOfInsuranceCommercialGeneralLiabilityGeneralAggregate,General Aggregate,,matchOnce,must be greater or equal to,2000000,5000000,compliant,Block Requirements,,,false,2,,2026-08-16
"Block Real Estate Services, LLC",6a184bc2dbcac4598a68939a,69fded0e62446148bd848b7d,"APLOS, Inc.",6a184b7d5a886bcac133ba92,"tic765 - College Crossing D {College Crossing CD, LLC}",evidenceOfInsurance,Evidence of Insurance,commercialGeneralLiability,Commercial General Liability,evidenceOfInsuranceCommercialGeneralLiabilityWaiverOfSubrogationEndorsement,Waiver of Subrogation,"---prompt---
Determine if the insurer has waived their right of subrogation in favor of the certificate holder under the Commercial General Liability policy. Evidence may include: a checked ""Waiver of Subrogation"" box on the certificate, mention in the Description of Operations section stating ""waiver of subrogation applies"", or reference to form CG 24 04. Look for language like ""subrogation is waived"" or ""per written contract"".",matchOnce,must be present,,,non_compliant,Block Requirements,,,false,0,,2026-08-16
"Block Real Estate Services, LLC",6a184bc2dbcac4598a68939a,69fded0e62446148bd848b7d,"APLOS, Inc.",6a184b7d5a886bcac133ba92,"tic765 - College Crossing D {College Crossing CD, LLC}",evidenceOfInsurance,Evidence of Insurance,excessOrUmbrellaLiability,Umbrella/Excess Liability,evidenceOfInsuranceExcessOrUmbrellaLiabilityOccurence,Coverage Trigger: Occurrence,,matchOnce,must be present,,,overridden,Block Requirements,,,false,0,,2026-08-16
"Block Real Estate Services, LLC",6a184bc2dbcac4598a68939a,69fded0e62446148bd848b7d,"APLOS, Inc.",6a184b7d5a886bcac133ba92,"tic765 - College Crossing D {College Crossing CD, LLC}",evidenceOfInsurance,Evidence of Insurance,excessOrUmbrellaLiability,Umbrella/Excess Liability,evidenceOfInsuranceExcessOrUmbrellaLiabilityEachOccurrence,Each Occurrence,,matchOnce,must be greater or equal to,1000000,,overridden,Block Requirements,,,false,0,,2026-08-16
"Block Real Estate Services, LLC",6a184bc2dbcac4598a68939a,69fded0e62446148bd848b7d,"APLOS, Inc.",6a184b7d5a886bcac133ba92,"tic765 - College Crossing D {College Crossing CD, LLC}",evidenceOfInsurance,Evidence of Insurance,excessOrUmbrellaLiability,Umbrella/Excess Liability,evidenceOfInsuranceExcessOrUmbrellaLiabilityAggregate,Aggregate,,matchOnce,must be greater or equal to,1000000,,overridden,Block Requirements,,,false,0,,2026-08-16
"Block Real Estate Services, LLC",6a184bc2dbcac4598a68939a,69fded0e62446148bd848b7d,"APLOS, Inc.",6a184b7d5a886bcac133ba92,"tic765 - College Crossing D {College Crossing CD, LLC}",evidenceOfInsurance,Evidence of Insurance,workersCompensation,Workers' Compensation and Employer's Liability,evidenceOfInsuranceWorkersCompensationStatutoryLimits,Statutory Limits,,matchOnce,must be present,,Present,compliant,Block Requirements,,,false,1,,2026-08-16
"Block Real Estate Services, LLC",6a184bc2dbcac4598a68939a,69fded0e62446148bd848b7d,"APLOS, Inc.",6a184b7d5a886bcac133ba92,"tic765 - College Crossing D {College Crossing CD, LLC}",evidenceOfInsurance,Evidence of Insurance,workersCompensation,Workers' Compensation and Employer's Liability,evidenceOfInsuranceWorkersCompensationEmployersLiabilityEachAccident,Employer's Liability Each Accident,,matchOnce,must be greater or equal to,500000,1000000,compliant,Block Requirements,,,false,1,,2026-08-16
"Block Real Estate Services, LLC",6a184bc2dbcac4598a68939a,69fded0e62446148bd848b7d,"APLOS, Inc.",6a184b7d5a886bcac133ba92,"tic765 - College Crossing D {College Crossing CD, LLC}",evidenceOfInsurance,Evidence of Insurance,workersCompensation,Workers' Compensation and Employer's Liability,evidenceOfInsuranceWorkersCompensationEmployersLiabilityDiseaseEachEmployee,Employer's Liability Disease - each employee,,matchOnce,must be greater or equal to,500000,1000000,compliant,Block Requirements,,,false,1,,2026-08-16
"Block Real Estate Services, LLC",6a184bc2dbcac4598a68939a,69fded0e62446148bd848b7d,"APLOS, Inc.",6a184b7d5a886bcac133ba92,"tic765 - College Crossing D {College Crossing CD, LLC}",evidenceOfInsurance,Evidence of Insurance,workersCompensation,Workers' Compensation and Employer's Liability,evidenceOfInsuranceWorkersCompensationEmployersLiabilityDiseasePolicyLimit,Employer's Liability Disease - policy limit,,matchOnce,must be greater or equal to,500000,1000000,compliant,Block Requirements,,,false,1,,2026-08-16
"Block Real Estate Services, LLC",6a184bc2dbcac4598a68939a,69fded0e62446148bd848b7d,"APLOS, Inc.",6a184b7d5a886bcac133ba92,"tic765 - College Crossing D {College Crossing CD, LLC}",evidenceOfInsurance,Evidence of Insurance,workersCompensation,Workers' Compensation and Employer's Liability,evidenceOfInsuranceWorkersCompensationWaiverOfSubrogationEndorsement,Waiver of Subrogation,"---prompt---
Determine if the insurer has waived their right of subrogation in favor of the certificate holder under the Workers' Compensation policy. Evidence may include: a checked ""Waiver of Subrogation"" box on the certificate, mention in the Description of Operations section stating ""waiver of subrogation applies"", or reference to form WC 00 03 13. Look for language like ""subrogation is waived"" or ""per written contract"".",matchOnce,must be present,,Present,compliant,Block Requirements,,,false,1,,2026-08-16
"Block Real Estate Services, LLC",6a184bc2dbcac4598a68939a,69fded0e62446148bd848b7d,"APLOS, Inc.",6a184b7d5a886bcac133ba92,"tic765 - College Crossing D {College Crossing CD, LLC}",evidenceOfInsurance,Evidence of Insurance,6ac20aae-5728-5d57-b364-aeba38527dba,Additional Requirements,4da5b0f1-4c9d-5885-8cf8-5d3cccaed3e0,"Block Real Estate Services, LLC and all others required by contract are named as Additional Insureds","---prompt---
Determine if the Description of Operations or the Additional Remarks Schedule section states the ""Additional Insured as Construction Management, Inc. and all others required by contract"" or reference to blanket additional insured coverage. Look for language like ""certificate holder is additional insured"" or ""per written contract"".",matchOnce,must be present,,Present,compliant,Block Requirements,,,true,1,,2026-08-16
"Block Real Estate Services, LLC",6a184bc2dbcac4598a68939a,69fded0e62446148bd848b7d,"APLOS, Inc.",6a184b7d5a886bcac133ba92,"tic765 - College Crossing D {College Crossing CD, LLC}",evidenceOfInsurance,Evidence of Insurance,6ac20aae-5728-5d57-b364-aeba38527dba,Additional Requirements,e1017741-e47e-5f58-97b8-fbc3043e919f,Umbrella follows form over General Liability,"---prompt---
Determine if the Umbrella/Excess Liability policy follows form to the underlying policies. Evidence may include: language in the Description of Operations section stating the umbrella follows form to underlying coverages or an additional page endorsement stating that it follows form. Follow form means the umbrella policy adopts the same terms, conditions, and exclusions as the underlying policies.",matchOnce,must be present,,,overridden,Block Requirements,GL $3M/$3M meets Umbrella requirement,,true,0,2027-07-17,2026-08-16
"Block Real Estate Services, LLC",6a184bc2dbcac4598a68939a,69fded0e62446148bd848b7d,"APLOS, Inc.",6a184b7d5a886bcac133ba92,"tic765 - College Crossing D {College Crossing CD, LLC}",evidenceOfInsurance,Evidence of Insurance,6ac20aae-5728-5d57-b364-aeba38527dba,Additional Requirements,2cdd866f-c9a4-576a-afd8-1d045762790c,The location must be listed as: 10914 Strang Line Road Lenexa KS 66215,"---prompt---
Determine if the Description of Operations or the Additional Remarks Schedule section states the location indicated in value field",matchOnce,must be present,,Present,compliant,Block Requirements,,,true,2,,2026-08-16
"Block Real Estate Services, LLC",6a184bc2dbcac4598a68939a,69fded0e62446148bd848b7d,"APLOS, Inc.",6a184b7d5a886bcac133ba92,"tic765 - College Crossing D {College Crossing CD, LLC}",evidenceOfInsurance,Evidence of Insurance,6ac20aae-5728-5d57-b364-aeba38527dba,Additional Requirements,3649e9d1-4e09-59bf-8f30-cb33c40cf117,"Certificate Holder must read: c/o Block Real Estate Services, LLC, 4622 Pennsylvania St., Suite 700, Kansas City, MO, 64112",,matchOnce,must be present,,Present,compliant,Block Requirements,,,true,1,,2026-08-16
"Block Real Estate Services, LLC",6a184bc2dbcac4598a68939b,69fded1962446148bd848f19,Legacy Restaurant Group LLC,6a184b7d5a886bcac133ba92,"tic765 - College Crossing D {College Crossing CD, LLC}",evidenceOfInsurance,Evidence of Insurance,commercialGeneralLiability,Commercial General Liability,evidenceOfInsuranceCommercialGeneralLiabilityCoverageTriggerOccurrence,Coverage Trigger: Occurrence,,matchOnce,must be present,,Present,compliant,Block Requirements,,,false,1,,2026-08-16
"Block Real Estate Services, LLC",6a184bc2dbcac4598a68939b,69fded1962446148bd848f19,Legacy Restaurant Group LLC,6a184b7d5a886bcac133ba92,"tic765 - College Crossing D {College Crossing CD, LLC}",evidenceOfInsurance,Evidence of Insurance,commercialGeneralLiability,Commercial General Liability,evidenceOfInsuranceCommercialGeneralLiabilityGeneralAggregateLimitAppliesPerLocation,General Aggregate Limit Applies per: Location,,matchOnce,must be present,,Present,compliant,Block Requirements,,,false,1,,2026-08-16
"Block Real Estate Services, LLC",6a184bc2dbcac4598a68939b,69fded1962446148bd848f19,Legacy Restaurant Group LLC,6a184b7d5a886bcac133ba92,"tic765 - College Crossing D {College Crossing CD, LLC}",evidenceOfInsurance,Evidence of Insurance,commercialGeneralLiability,Commercial General Liability,evidenceOfInsuranceCommercialGeneralLiabilityEachOccurrence,Each Occurrence,,matchOnce,must be greater or equal to,1000000,2000000,compliant,Block Requirements,,,false,1,,2026-08-16
"Block Real Estate Services, LLC",6a184bc2dbcac4598a68939b,69fded1962446148bd848f19,Legacy Restaurant Group LLC,6a184b7d5a886bcac133ba92,"tic765 - College Crossing D {College Crossing CD, LLC}",evidenceOfInsurance,Evidence of Insurance,commercialGeneralLiability,Commercial General Liability,evidenceOfInsuranceCommercialGeneralLiabilityGeneralAggregate,General Aggregate,,matchOnce,must be greater or equal to,2000000,2000000,compliant,Block Requirements,,,false,1,,2026-08-16
"Block Real Estate Services, LLC",6a184bc2dbcac4598a68939b,69fded1962446148bd848f19,Legacy Restaurant Group LLC,6a184b7d5a886bcac133ba92,"tic765 - College Crossing D {College Crossing CD, LLC}",evidenceOfInsurance,Evidence of Insurance,commercialGeneralLiability,Commercial General Liability,evidenceOfInsuranceCommercialGeneralLiabilityWaiverOfSubrogationEndorsement,Waiver of Subrogation,"---prompt---
Determine if the insurer has waived their right of subrogation in favor of the certificate holder under the Commercial General Liability policy. Evidence may include: a checked ""Waiver of Subrogation"" box on the certificate, mention in the Description of Operations section stating ""waiver of subrogation applies"", or reference to form CG 24 04. Look for language like ""subrogation is waived"" or ""per written contract"".",matchOnce,must be present,,Present,compliant,Block Requirements,,,false,1,,2026-08-16
"Block Real Estate Services, LLC",6a184bc2dbcac4598a68939b,69fded1962446148bd848f19,Legacy Restaurant Group LLC,6a184b7d5a886bcac133ba92,"tic765 - College Crossing D {College Crossing CD, LLC}",evidenceOfInsurance,Evidence of Insurance,excessOrUmbrellaLiability,Umbrella/Excess Liability,evidenceOfInsuranceExcessOrUmbrellaLiabilityOccurence,Coverage Trigger: Occurrence,,matchOnce,must be present,,Present,compliant,Block Requirements,,,false,1,,2026-08-16
"Block Real Estate Services, LLC",6a184bc2dbcac4598a68939b,69fded1962446148bd848f19,Legacy Restaurant Group LLC,6a184b7d5a886bcac133ba92,"tic765 - College Crossing D {College Crossing CD, LLC}",evidenceOfInsurance,Evidence of Insurance,excessOrUmbrellaLiability,Umbrella/Excess Liability,evidenceOfInsuranceExcessOrUmbrellaLiabilityEachOccurrence,Each Occurrence,,matchOnce,must be greater or equal to,1000000,5000000,compliant,Block Requirements,,,false,1,,2026-08-16
"Block Real Estate Services, LLC",6a184bc2dbcac4598a68939b,69fded1962446148bd848f19,Legacy Restaurant Group LLC,6a184b7d5a886bcac133ba92,"tic765 - College Crossing D {College Crossing CD, LLC}",evidenceOfInsurance,Evidence of Insurance,excessOrUmbrellaLiability,Umbrella/Excess Liability,evidenceOfInsuranceExcessOrUmbrellaLiabilityAggregate,Aggregate,,matchOnce,must be greater or equal to,1000000,5000000,compliant,Block Requirements,,,false,1,,2026-08-16
"Block Real Estate Services, LLC",6a184bc2dbcac4598a68939b,69fded1962446148bd848f19,Legacy Restaurant Group LLC,6a184b7d5a886bcac133ba92,"tic765 - College Crossing D {College Crossing CD, LLC}",evidenceOfInsurance,Evidence of Insurance,workersCompensation,Workers' Compensation and Employer's Liability,evidenceOfInsuranceWorkersCompensationStatutoryLimits,Statutory Limits,,matchOnce,must be present,,Present,compliant,Block Requirements,,,false,1,,2026-08-16
"Block Real Estate Services, LLC",6a184bc2dbcac4598a68939b,69fded1962446148bd848f19,Legacy Restaurant Group LLC,6a184b7d5a886bcac133ba92,"tic765 - College Crossing D {College Crossing CD, LLC}",evidenceOfInsurance,Evidence of Insurance,workersCompensation,Workers' Compensation and Employer's Liability,evidenceOfInsuranceWorkersCompensationEmployersLiabilityEachAccident,Employer's Liability Each Accident,,matchOnce,must be greater or equal to,500000,2000000,compliant,Block Requirements,,,false,1,,2026-08-16
"Block Real Estate Services, LLC",6a184bc2dbcac4598a68939b,69fded1962446148bd848f19,Legacy Restaurant Group LLC,6a184b7d5a886bcac133ba92,"tic765 - College Crossing D {College Crossing CD, LLC}",evidenceOfInsurance,Evidence of Insurance,workersCompensation,Workers' Compensation and Employer's Liability,evidenceOfInsuranceWorkersCompensationEmployersLiabilityDiseaseEachEmployee,Employer's Liability Disease - each employee,,matchOnce,must be greater or equal to,500000,2000000,compliant,Block Requirements,,,false,1,,2026-08-16
"Block Real Estate Services, LLC",6a184bc2dbcac4598a68939b,69fded1962446148bd848f19,Legacy Restaurant Group LLC,6a184b7d5a886bcac133ba92,"tic765 - College Crossing D {College Crossing CD, LLC}",evidenceOfInsurance,Evidence of Insurance,workersCompensation,Workers' Compensation and Employer's Liability,evidenceOfInsuranceWorkersCompensationEmployersLiabilityDiseasePolicyLimit,Employer's Liability Disease - policy limit,,matchOnce,must be greater or equal to,500000,2000000,compliant,Block Requirements,,,false,1,,2026-08-16
"Block Real Estate Services, LLC",6a184bc2dbcac4598a68939b,69fded1962446148bd848f19,Legacy Restaurant Group LLC,6a184b7d5a886bcac133ba92,"tic765 - College Crossing D {College Crossing CD, LLC}",evidenceOfInsurance,Evidence of Insurance,workersCompensation,Workers' Compensation and Employer's Liability,evidenceOfInsuranceWorkersCompensationWaiverOfSubrogationEndorsement,Waiver of Subrogation,"---prompt---
Determine if the insurer has waived their right of subrogation in favor of the certificate holder under the Workers' Compensation policy. Evidence may include: a checked ""Waiver of Subrogation"" box on the certificate, mention in the Description of Operations section stating ""waiver of subrogation applies"", or reference to form WC 00 03 13. Look for language like ""subrogation is waived"" or ""per written contract"".",matchOnce,must be present,,Present,compliant,Block Requirements,,,false,1,,2026-08-16
"Block Real Estate Services, LLC",6a184bc2dbcac4598a68939b,69fded1962446148bd848f19,Legacy Restaurant Group LLC,6a184b7d5a886bcac133ba92,"tic765 - College Crossing D {College Crossing CD, LLC}",evidenceOfInsurance,Evidence of Insurance,6ac20aae-5728-5d57-b364-aeba38527dba,Additional Requirements,4da5b0f1-4c9d-5885-8cf8-5d3cccaed3e0,"Block Real Estate Services, LLC and all others required by contract are named as Additional Insureds","---prompt---
Determine if the Description of Operations or the Additional Remarks Schedule section states the ""Additional Insured as Construction Management, Inc. and all others required by contract"" or reference to blanket additional insured coverage. Look for language like ""certificate holder is additional insured"" or ""per written contract"".",matchOnce,must be present,,Present,compliant,Block Requirements,,,true,1,,2026-08-16
"Block Real Estate Services, LLC",6a184bc2dbcac4598a68939b,69fded1962446148bd848f19,Legacy Restaurant Group LLC,6a184b7d5a886bcac133ba92,"tic765 - College Crossing D {College Crossing CD, LLC}",evidenceOfInsurance,Evidence of Insurance,6ac20aae-5728-5d57-b364-aeba38527dba,Additional Requirements,e1017741-e47e-5f58-97b8-fbc3043e919f,Umbrella follows form over General Liability,"---prompt---
Determine if the Umbrella/Excess Liability policy follows form to the underlying policies. Evidence may include: language in the Description of Operations section stating the umbrella follows form to underlying coverages or an additional page endorsement stating that it follows form. Follow form means the umbrella policy adopts the same terms, conditions, and exclusions as the underlying policies.",matchOnce,must be present,,Present,compliant,Block Requirements,,,true,1,,2026-08-16
"Block Real Estate Services, LLC",6a184bc2dbcac4598a68939b,69fded1962446148bd848f19,Legacy Restaurant Group LLC,6a184b7d5a886bcac133ba92,"tic765 - College Crossing D {College Crossing CD, LLC}",evidenceOfInsurance,Evidence of Insurance,6ac20aae-5728-5d57-b364-aeba38527dba,Additional Requirements,2cdd866f-c9a4-576a-afd8-1d045762790c,The location must be listed as: 10916 Strang Line Road Lenexa KS 66215,"---prompt---
Determine if the Description of Operations or the Additional Remarks Schedule section states the location indicated in value field",matchOnce,must be present,,Present,compliant,Block Requirements,,,true,1,,2026-08-16
"Block Real Estate Services, LLC",6a184bc2dbcac4598a68939b,69fded1962446148bd848f19,Legacy Restaurant Group LLC,6a184b7d5a886bcac133ba92,"tic765 - College Crossing D {College Crossing CD, LLC}",evidenceOfInsurance,Evidence of Insurance,6ac20aae-5728-5d57-b364-aeba38527dba,Additional Requirements,3649e9d1-4e09-59bf-8f30-cb33c40cf117,"Certificate Holder must read: c/o Block Real Estate Services, LLC, 4622 Pennsylvania St., Suite 700, Kansas City, MO, 64112",,matchOnce,must be present,,Present,compliant,Block Requirements,,,true,1,,2026-08-16
"Block Real Estate Services, LLC",6a18571c6b1e29a28e503ff1,69fded1662446148bd848e2f,"VIALS / Gunn & Richards, Inc.",6a1856e4462ef1e78ea0ee09,"tic630 - College Crossing J {COLLEGE IJ, LLC}",evidenceOfInsurance,Evidence of Insurance,commercialGeneralLiability,Commercial General Liability,evidenceOfInsuranceCommercialGeneralLiabilityCoverageTriggerOccurrence,Coverage Trigger: Occurrence,,matchOnce,must be present,,Present,compliant,Block Requirements,,,false,1,,2026-08-16
"Block Real Estate Services, LLC",6a18571c6b1e29a28e503ff1,69fded1662446148bd848e2f,"VIALS / Gunn & Richards, Inc.",6a1856e4462ef1e78ea0ee09,"tic630 - College Crossing J {COLLEGE IJ, LLC}",evidenceOfInsurance,Evidence of Insurance,commercialGeneralLiability,Commercial General Liability,evidenceOfInsuranceCommercialGeneralLiabilityGeneralAggregateLimitAppliesPerLocation,General Aggregate Limit Applies per: Location,,matchOnce,must be present,,Present,compliant,Block Requirements,,,false,1,,2026-08-16
"Block Real Estate Services, LLC",6a18571c6b1e29a28e503ff1,69fded1662446148bd848e2f,"VIALS / Gunn & Richards, Inc.",6a1856e4462ef1e78ea0ee09,"tic630 - College Crossing J {COLLEGE IJ, LLC}",evidenceOfInsurance,Evidence of Insurance,commercialGeneralLiability,Commercial General Liability,evidenceOfInsuranceCommercialGeneralLiabilityEachOccurrence,Each Occurrence,,matchOnce,must be greater or equal to,1000000,1000000,compliant,Block Requirements,,,false,1,,2026-08-16
"Block Real Estate Services, LLC",6a18571c6b1e29a28e503ff1,69fded1662446148bd848e2f,"VIALS / Gunn & Richards, Inc.",6a1856e4462ef1e78ea0ee09,"tic630 - College Crossing J {COLLEGE IJ, LLC}",evidenceOfInsurance,Evidence of Insurance,commercialGeneralLiability,Commercial General Liability,evidenceOfInsuranceCommercialGeneralLiabilityGeneralAggregate,General Aggregate,,matchOnce,must be greater or equal to,2000000,2000000,compliant,Block Requirements,,,false,1,,2026-08-16
"Block Real Estate Services, LLC",6a18571c6b1e29a28e503ff1,69fded1662446148bd848e2f,"VIALS / Gunn & Richards, Inc.",6a1856e4462ef1e78ea0ee09,"tic630 - College Crossing J {COLLEGE IJ, LLC}",evidenceOfInsurance,Evidence of Insurance,commercialGeneralLiability,Commercial General Liability,evidenceOfInsuranceCommercialGeneralLiabilityWaiverOfSubrogationEndorsement,Waiver of Subrogation,"---prompt---
Determine if the insurer has waived their right of subrogation in favor of the certificate holder under the Commercial General Liability policy. Evidence may include: a checked ""Waiver of Subrogation"" box on the certificate, mention in the Description of Operations section stating ""waiver of subrogation applies"", or reference to form CG 24 04. Look for language like ""subrogation is waived"" or ""per written contract"".",matchOnce,must be present,,Present,compliant,Block Requirements,,,false,1,,2026-08-16
"Block Real Estate Services, LLC",6a18571c6b1e29a28e503ff1,69fded1662446148bd848e2f,"VIALS / Gunn & Richards, Inc.",6a1856e4462ef1e78ea0ee09,"tic630 - College Crossing J {COLLEGE IJ, LLC}",evidenceOfInsurance,Evidence of Insurance,excessOrUmbrellaLiability,Umbrella/Excess Liability,evidenceOfInsuranceExcessOrUmbrellaLiabilityOccurence,Coverage Trigger: Occurrence,,matchOnce,must be present,,Present,compliant,Block Requirements,,,false,1,,2026-08-16
"Block Real Estate Services, LLC",6a18571c6b1e29a28e503ff1,69fded1662446148bd848e2f,"VIALS / Gunn & Richards, Inc.",6a1856e4462ef1e78ea0ee09,"tic630 - College Crossing J {COLLEGE IJ, LLC}",evidenceOfInsurance,Evidence of Insurance,excessOrUmbrellaLiability,Umbrella/Excess Liability,evidenceOfInsuranceExcessOrUmbrellaLiabilityEachOccurrence,Each Occurrence,,matchOnce,must be greater or equal to,1000000,1000000,compliant,Block Requirements,,,false,1,,2026-08-16
"Block Real Estate Services, LLC",6a18571c6b1e29a28e503ff1,69fded1662446148bd848e2f,"VIALS / Gunn & Richards, Inc.",6a1856e4462ef1e78ea0ee09,"tic630 - College Crossing J {COLLEGE IJ, LLC}",evidenceOfInsurance,Evidence of Insurance,excessOrUmbrellaLiability,Umbrella/Excess Liability,evidenceOfInsuranceExcessOrUmbrellaLiabilityAggregate,Aggregate,,matchOnce,must be greater or equal to,1000000,1000000,compliant,Block Requirements,,,false,1,,2026-08-16
"Block Real Estate Services, LLC",6a18571c6b1e29a28e503ff1,69fded1662446148bd848e2f,"VIALS / Gunn & Richards, Inc.",6a1856e4462ef1e78ea0ee09,"tic630 - College Crossing J {COLLEGE IJ, LLC}",evidenceOfInsurance,Evidence of Insurance,workersCompensation,Workers' Compensation and Employer's Liability,evidenceOfInsuranceWorkersCompensationStatutoryLimits,Statutory Limits,,matchOnce,must be present,,Present,compliant,Block Requirements,,,false,1,,2026-08-16
"Block Real Estate Services, LLC",6a18571c6b1e29a28e503ff1,69fded1662446148bd848e2f,"VIALS / Gunn & Richards, Inc.",6a1856e4462ef1e78ea0ee09,"tic630 - College Crossing J {COLLEGE IJ, LLC}",evidenceOfInsurance,Evidence of Insurance,workersCompensation,Workers' Compensation and Employer's Liability,evidenceOfInsuranceWorkersCompensationEmployersLiabilityEachAccident,Employer's Liability Each Accident,,matchOnce,must be greater or equal to,500000,500000,compliant,Block Requirements,,,false,1,,2026-08-16
"Block Real Estate Services, LLC",6a18571c6b1e29a28e503ff1,69fded1662446148bd848e2f,"VIALS / Gunn & Richards, Inc.",6a1856e4462ef1e78ea0ee09,"tic630 - College Crossing J {COLLEGE IJ, LLC}",evidenceOfInsurance,Evidence of Insurance,workersCompensation,Workers' Compensation and Employer's Liability,evidenceOfInsuranceWorkersCompensationEmployersLiabilityDiseaseEachEmployee,Employer's Liability Disease - each employee,,matchOnce,must be greater or equal to,500000,500000,compliant,Block Requirements,,,false,1,,2026-08-16
"Block Real Estate Services, LLC",6a18571c6b1e29a28e503ff1,69fded1662446148bd848e2f,"VIALS / Gunn & Richards, Inc.",6a1856e4462ef1e78ea0ee09,"tic630 - College Crossing J {COLLEGE IJ, LLC}",evidenceOfInsurance,Evidence of Insurance,workersCompensation,Workers' Compensation and Employer's Liability,evidenceOfInsuranceWorkersCompensationEmployersLiabilityDiseasePolicyLimit,Employer's Liability Disease - policy limit,,matchOnce,must be greater or equal to,500000,500000,compliant,Block Requirements,,,false,1,,2026-08-16
"Block Real Estate Services, LLC",6a18571c6b1e29a28e503ff1,69fded1662446148bd848e2f,"VIALS / Gunn & Richards, Inc.",6a1856e4462ef1e78ea0ee09,"tic630 - College Crossing J {COLLEGE IJ, LLC}",evidenceOfInsurance,Evidence of Insurance,workersCompensation,Workers' Compensation and Employer's Liability,evidenceOfInsuranceWorkersCompensationWaiverOfSubrogationEndorsement,Waiver of Subrogation,"---prompt---
Determine if the insurer has waived their right of subrogation in favor of the certificate holder under the Workers' Compensation policy. Evidence may include: a checked ""Waiver of Subrogation"" box on the certificate, mention in the Description of Operations section stating ""waiver of subrogation applies"", or reference to form WC 00 03 13. Look for language like ""subrogation is waived"" or ""per written contract"".",matchOnce,must be present,,Present,compliant,Block Requirements,,,false,1,,2026-08-16
"Block Real Estate Services, LLC",6a18571c6b1e29a28e503ff1,69fded1662446148bd848e2f,"VIALS / Gunn & Richards, Inc.",6a1856e4462ef1e78ea0ee09,"tic630 - College Crossing J {COLLEGE IJ, LLC}",evidenceOfInsurance,Evidence of Insurance,6ac20aae-5728-5d57-b364-aeba38527dba,Additional Requirements,4da5b0f1-4c9d-5885-8cf8-5d3cccaed3e0,"Block Real Estate Services, LLC and all others required by contract are named as Additional Insureds","---prompt---
Determine if the Description of Operations or the Additional Remarks Schedule section states the ""Additional Insured as Construction Management, Inc. and all others required by contract"" or reference to blanket additional insured coverage. Look for language like ""certificate holder is additional insured"" or ""per written contract"".",matchOnce,must be present,,Present,compliant,Block Requirements,,,true,1,,2026-08-16
"Block Real Estate Services, LLC",6a18571c6b1e29a28e503ff1,69fded1662446148bd848e2f,"VIALS / Gunn & Richards, Inc.",6a1856e4462ef1e78ea0ee09,"tic630 - College Crossing J {COLLEGE IJ, LLC}",evidenceOfInsurance,Evidence of Insurance,6ac20aae-5728-5d57-b364-aeba38527dba,Additional Requirements,e1017741-e47e-5f58-97b8-fbc3043e919f,Umbrella follows form over General Liability,"---prompt---
Determine if the Umbrella/Excess Liability policy follows form to the underlying policies. Evidence may include: language in the Description of Operations section stating the umbrella follows form to underlying coverages or an additional page endorsement stating that it follows form. Follow form means the umbrella policy adopts the same terms, conditions, and exclusions as the underlying policies.",matchOnce,must be present,,Present,compliant,Block Requirements,,,true,1,,2026-08-16
"Block Real Estate Services, LLC",6a18571c6b1e29a28e503ff1,69fded1662446148bd848e2f,"VIALS / Gunn & Richards, Inc.",6a1856e4462ef1e78ea0ee09,"tic630 - College Crossing J {COLLEGE IJ, LLC}",evidenceOfInsurance,Evidence of Insurance,6ac20aae-5728-5d57-b364-aeba38527dba,Additional Requirements,2cdd866f-c9a4-576a-afd8-1d045762790c,The location must be listed as: 10800 Strang Line Road Lenexa KS 66215,"---prompt---
Determine if the Description of Operations or the Additional Remarks Schedule section states the location indicated in value field",matchOnce,must be present,,Present,compliant,Block Requirements,,,true,1,,2026-08-16
"Block Real Estate Services, LLC",6a18571c6b1e29a28e503ff1,69fded1662446148bd848e2f,"VIALS / Gunn & Richards, Inc.",6a1856e4462ef1e78ea0ee09,"tic630 - College Crossing J {COLLEGE IJ, LLC}",evidenceOfInsurance,Evidence of Insurance,6ac20aae-5728-5d57-b364-aeba38527dba,Additional Requirements,3649e9d1-4e09-59bf-8f30-cb33c40cf117,"Certificate Holder must read: c/o Block Real Estate Services, LLC, 4622 Pennsylvania St., Suite 700, Kansas City, MO, 64112",,matchOnce,must be present,,Present,compliant,Block Requirements,,,true,1,,2026-08-16
"Block Real Estate Services, LLC",6a18571c6b1e29a28e503ff2,69fded2462446148bd8492a6,Wayfair LLC,6a1856e4462ef1e78ea0ee09,"tic630 - College Crossing J {COLLEGE IJ, LLC}",evidenceOfInsurance,Evidence of Insurance,commercialGeneralLiability,Commercial General Liability,evidenceOfInsuranceCommercialGeneralLiabilityCoverageTriggerOccurrence,Coverage Trigger: Occurrence,,matchOnce,must be present,,Present,compliant,Block Requirements,,,false,1,,2026-08-16
"Block Real Estate Services, LLC",6a18571c6b1e29a28e503ff2,69fded2462446148bd8492a6,Wayfair LLC,6a1856e4462ef1e78ea0ee09,"tic630 - College Crossing J {COLLEGE IJ, LLC}",evidenceOfInsurance,Evidence of Insurance,commercialGeneralLiability,Commercial General Liability,evidenceOfInsuranceCommercialGeneralLiabilityGeneralAggregateLimitAppliesPerLocation,General Aggregate Limit Applies per: Location,,matchOnce,must be present,,Present,compliant,Block Requirements,,,false,1,,2026-08-16
"Block Real Estate Services, LLC",6a18571c6b1e29a28e503ff2,69fded2462446148bd8492a6,Wayfair LLC,6a1856e4462ef1e78ea0ee09,"tic630 - College Crossing J {COLLEGE IJ, LLC}",evidenceOfInsurance,Evidence of Insurance,commercialGeneralLiability,Commercial General Liability,evidenceOfInsuranceCommercialGeneralLiabilityEachOccurrence,Each Occurrence,,matchOnce,must be greater or equal to,1000000,2000000,compliant,Block Requirements,,,false,1,,2026-08-16
"Block Real Estate Services, LLC",6a18571c6b1e29a28e503ff2,69fded2462446148bd8492a6,Wayfair LLC,6a1856e4462ef1e78ea0ee09,"tic630 - College Crossing J {COLLEGE IJ, LLC}",evidenceOfInsurance,Evidence of Insurance,commercialGeneralLiability,Commercial General Liability,evidenceOfInsuranceCommercialGeneralLiabilityGeneralAggregate,General Aggregate,,matchOnce,must be greater or equal to,2000000,25000000,compliant,Block Requirements,,,false,1,,2026-08-16
"Block Real Estate Services, LLC",6a18571c6b1e29a28e503ff2,69fded2462446148bd8492a6,Wayfair LLC,6a1856e4462ef1e78ea0ee09,"tic630 - College Crossing J {COLLEGE IJ, LLC}",evidenceOfInsurance,Evidence of Insurance,commercialGeneralLiability,Commercial General Liability,evidenceOfInsuranceCommercialGeneralLiabilityWaiverOfSubrogationEndorsement,Waiver of Subrogation,"---prompt---
Determine if the insurer has waived their right of subrogation in favor of the certificate holder under the Commercial General Liability policy. Evidence may include: a checked ""Waiver of Subrogation"" box on the certificate, mention in the Description of Operations section stating ""waiver of subrogation applies"", or reference to form CG 24 04. Look for language like ""subrogation is waived"" or ""per written contract"".",matchOnce,must be present,,Present,compliant,Block Requirements,,,false,1,,2026-08-16
"Block Real Estate Services, LLC",6a18571c6b1e29a28e503ff2,69fded2462446148bd8492a6,Wayfair LLC,6a1856e4462ef1e78ea0ee09,"tic630 - College Crossing J {COLLEGE IJ, LLC}",evidenceOfInsurance,Evidence of Insurance,excessOrUmbrellaLiability,Umbrella/Excess Liability,evidenceOfInsuranceExcessOrUmbrellaLiabilityOccurence,Coverage Trigger: Occurrence,,matchOnce,must be present,,Present,compliant,Block Requirements,,,false,1,,2026-08-16
"Block Real Estate Services, LLC",6a18571c6b1e29a28e503ff2,69fded2462446148bd8492a6,Wayfair LLC,6a1856e4462ef1e78ea0ee09,"tic630 - College Crossing J {COLLEGE IJ, LLC}",evidenceOfInsurance,Evidence of Insurance,excessOrUmbrellaLiability,Umbrella/Excess Liability,evidenceOfInsuranceExcessOrUmbrellaLiabilityEachOccurrence,Each Occurrence,,matchOnce,must be greater or equal to,1000000,10000000,compliant,Block Requirements,,,false,1,,2026-08-16
"Block Real Estate Services, LLC",6a18571c6b1e29a28e503ff2,69fded2462446148bd8492a6,Wayfair LLC,6a1856e4462ef1e78ea0ee09,"tic630 - College Crossing J {COLLEGE IJ, LLC}",evidenceOfInsurance,Evidence of Insurance,excessOrUmbrellaLiability,Umbrella/Excess Liability,evidenceOfInsuranceExcessOrUmbrellaLiabilityAggregate,Aggregate,,matchOnce,must be greater or equal to,1000000,10000000,compliant,Block Requirements,,,false,1,,2026-08-16
"Block Real Estate Services, LLC",6a18571c6b1e29a28e503ff2,69fded2462446148bd8492a6,Wayfair LLC,6a1856e4462ef1e78ea0ee09,"tic630 - College Crossing J {COLLEGE IJ, LLC}",evidenceOfInsurance,Evidence of Insurance,workersCompensation,Workers' Compensation and Employer's Liability,evidenceOfInsuranceWorkersCompensationStatutoryLimits,Statutory Limits,,matchOnce,must be present,,Present,compliant,Block Requirements,,,false,1,,2026-08-16
"Block Real Estate Services, LLC",6a18571c6b1e29a28e503ff2,69fded2462446148bd8492a6,Wayfair LLC,6a1856e4462ef1e78ea0ee09,"tic630 - College Crossing J {COLLEGE IJ, LLC}",evidenceOfInsurance,Evidence of Insurance,workersCompensation,Workers' Compensation and Employer's Liability,evidenceOfInsuranceWorkersCompensationEmployersLiabilityEachAccident,Employer's Liability Each Accident,,matchOnce,must be greater or equal to,500000,1000000,compliant,Block Requirements,,,false,1,,2026-08-16
"Block Real Estate Services, LLC",6a18571c6b1e29a28e503ff2,69fded2462446148bd8492a6,Wayfair LLC,6a1856e4462ef1e78ea0ee09,"tic630 - College Crossing J {COLLEGE IJ, LLC}",evidenceOfInsurance,Evidence of Insurance,workersCompensation,Workers' Compensation and Employer's Liability,evidenceOfInsuranceWorkersCompensationEmployersLiabilityDiseaseEachEmployee,Employer's Liability Disease - each employee,,matchOnce,must be greater or equal to,500000,1000000,compliant,Block Requirements,,,false,1,,2026-08-16
"Block Real Estate Services, LLC",6a18571c6b1e29a28e503ff2,69fded2462446148bd8492a6,Wayfair LLC,6a1856e4462ef1e78ea0ee09,"tic630 - College Crossing J {COLLEGE IJ, LLC}",evidenceOfInsurance,Evidence of Insurance,workersCompensation,Workers' Compensation and Employer's Liability,evidenceOfInsuranceWorkersCompensationEmployersLiabilityDiseasePolicyLimit,Employer's Liability Disease - policy limit,,matchOnce,must be greater or equal to,500000,1000000,compliant,Block Requirements,,,false,1,,2026-08-16
"Block Real Estate Services, LLC",6a18571c6b1e29a28e503ff2,69fded2462446148bd8492a6,Wayfair LLC,6a1856e4462ef1e78ea0ee09,"tic630 - College Crossing J {COLLEGE IJ, LLC}",evidenceOfInsurance,Evidence of Insurance,workersCompensation,Workers' Compensation and Employer's Liability,evidenceOfInsuranceWorkersCompensationWaiverOfSubrogationEndorsement,Waiver of Subrogation,"---prompt---
Determine if the insurer has waived their right of subrogation in favor of the certificate holder under the Workers' Compensation policy. Evidence may include: a checked ""Waiver of Subrogation"" box on the certificate, mention in the Description of Operations section stating ""waiver of subrogation applies"", or reference to form WC 00 03 13. Look for language like ""subrogation is waived"" or ""per written contract"".",matchOnce,must be present,,Present,compliant,Block Requirements,,,false,1,,2026-08-16
"Block Real Estate Services, LLC",6a18571c6b1e29a28e503ff2,69fded2462446148bd8492a6,Wayfair LLC,6a1856e4462ef1e78ea0ee09,"tic630 - College Crossing J {COLLEGE IJ, LLC}",evidenceOfInsurance,Evidence of Insurance,6ac20aae-5728-5d57-b364-aeba38527dba,Additional Requirements,4da5b0f1-4c9d-5885-8cf8-5d3cccaed3e0,"Block Real Estate Services, LLC and all others required by contract are named as Additional Insureds","---prompt---
Determine if the Description of Operations or the Additional Remarks Schedule section states the ""Additional Insured as Construction Management, Inc. and all others required by contract"" or reference to blanket additional insured coverage. Look for language like ""certificate holder is additional insured"" or ""per written contract"".",matchOnce,must be present,,Present,compliant,Block Requirements,,,true,1,,2026-08-16
"Block Real Estate Services, LLC",6a18571c6b1e29a28e503ff2,69fded2462446148bd8492a6,Wayfair LLC,6a1856e4462ef1e78ea0ee09,"tic630 - College Crossing J {COLLEGE IJ, LLC}",evidenceOfInsurance,Evidence of Insurance,6ac20aae-5728-5d57-b364-aeba38527dba,Additional Requirements,e1017741-e47e-5f58-97b8-fbc3043e919f,Umbrella follows form over General Liability,"---prompt---
Determine if the Umbrella/Excess Liability policy follows form to the underlying policies. Evidence may include: language in the Description of Operations section stating the umbrella follows form to underlying coverages or an additional page endorsement stating that it follows form. Follow form means the umbrella policy adopts the same terms, conditions, and exclusions as the underlying policies.",matchOnce,must be present,,,waived,Block Requirements,"GL exceeds Umb requirements, so Umb does not need to follow form",,true,0,2026-12-31,2026-08-16
"Block Real Estate Services, LLC",6a18571c6b1e29a28e503ff2,69fded2462446148bd8492a6,Wayfair LLC,6a1856e4462ef1e78ea0ee09,"tic630 - College Crossing J {COLLEGE IJ, LLC}",evidenceOfInsurance,Evidence of Insurance,6ac20aae-5728-5d57-b364-aeba38527dba,Additional Requirements,2cdd866f-c9a4-576a-afd8-1d045762790c,"The location must be listed as: 10804, 10808 Strang Line Road Lenexa KS 66215","---prompt---
Determine if the Description of Operations or the Additional Remarks Schedule section states the location indicated in value field",matchOnce,must be present,,Present,compliant,Block Requirements,,,true,1,,2026-08-16
"Block Real Estate Services, LLC",6a18571c6b1e29a28e503ff2,69fded2462446148bd8492a6,Wayfair LLC,6a1856e4462ef1e78ea0ee09,"tic630 - College Crossing J {COLLEGE IJ, LLC}",evidenceOfInsurance,Evidence of Insurance,6ac20aae-5728-5d57-b364-aeba38527dba,Additional Requirements,3649e9d1-4e09-59bf-8f30-cb33c40cf117,"Certificate Holder must read: c/o Block Real Estate Services, LLC, 4622 Pennsylvania St., Suite 700, Kansas City, MO, 64112",,matchOnce,must be present,,Present,compliant,Block Requirements,,,true,1,,2026-08-16
"Block Real Estate Services, LLC",6a18571c6b1e29a28e503ff3,69fded1962446148bd848f22,Life Assist Inc,6a1856e4462ef1e78ea0ee09,"tic630 - College Crossing J {COLLEGE IJ, LLC}",evidenceOfInsurance,Evidence of Insurance,commercialGeneralLiability,Commercial General Liability,evidenceOfInsuranceCommercialGeneralLiabilityCoverageTriggerOccurrence,Coverage Trigger: Occurrence,,matchOnce,must be present,,Present,compliant,Block Requirements,,,false,1,,2026-08-16
"Block Real Estate Services, LLC",6a18571c6b1e29a28e503ff3,69fded1962446148bd848f22,Life Assist Inc,6a1856e4462ef1e78ea0ee09,"tic630 - College Crossing J {COLLEGE IJ, LLC}",evidenceOfInsurance,Evidence of Insurance,commercialGeneralLiability,Commercial General Liability,evidenceOfInsuranceCommercialGeneralLiabilityGeneralAggregateLimitAppliesPerLocation,General Aggregate Limit Applies per: Location,,matchOnce,must be present,,Present,compliant,Block Requirements,,,false,1,,2026-08-16
"Block Real Estate Services, LLC",6a18571c6b1e29a28e503ff3,69fded1962446148bd848f22,Life Assist Inc,6a1856e4462ef1e78ea0ee09,"tic630 - College Crossing J {COLLEGE IJ, LLC}",evidenceOfInsurance,Evidence of Insurance,commercialGeneralLiability,Commercial General Liability,evidenceOfInsuranceCommercialGeneralLiabilityEachOccurrence,Each Occurrence,,matchOnce,must be greater or equal to,1000000,1000000,compliant,Block Requirements,,,false,1,,2026-08-16
"Block Real Estate Services, LLC",6a18571c6b1e29a28e503ff3,69fded1962446148bd848f22,Life Assist Inc,6a1856e4462ef1e78ea0ee09,"tic630 - College Crossing J {COLLEGE IJ, LLC}",evidenceOfInsurance,Evidence of Insurance,commercialGeneralLiability,Commercial General Liability,evidenceOfInsuranceCommercialGeneralLiabilityGeneralAggregate,General Aggregate,,matchOnce,must be greater or equal to,2000000,2000000,compliant,Block Requirements,,,false,1,,2026-08-16
"Block Real Estate Services, LLC",6a18571c6b1e29a28e503ff3,69fded1962446148bd848f22,Life Assist Inc,6a1856e4462ef1e78ea0ee09,"tic630 - College Crossing J {COLLEGE IJ, LLC}",evidenceOfInsurance,Evidence of Insurance,commercialGeneralLiability,Commercial General Liability,evidenceOfInsuranceCommercialGeneralLiabilityWaiverOfSubrogationEndorsement,Waiver of Subrogation,"---prompt---
Determine if the insurer has waived their right of subrogation in favor of the certificate holder under the Commercial General Liability policy. Evidence may include: a checked ""Waiver of Subrogation"" box on the certificate, mention in the Description of Operations section stating ""waiver of subrogation applies"", or reference to form CG 24 04. Look for language like ""subrogation is waived"" or ""per written contract"".",matchOnce,must be present,,Present,compliant,Block Requirements,,,false,1,,2026-08-16
"Block Real Estate Services, LLC",6a18571c6b1e29a28e503ff3,69fded1962446148bd848f22,Life Assist Inc,6a1856e4462ef1e78ea0ee09,"tic630 - College Crossing J {COLLEGE IJ, LLC}",evidenceOfInsurance,Evidence of Insurance,excessOrUmbrellaLiability,Umbrella/Excess Liability,evidenceOfInsuranceExcessOrUmbrellaLiabilityOccurence,Coverage Trigger: Occurrence,,matchOnce,must be present,,Present,compliant,Block Requirements,,,false,1,,2026-08-16
"Block Real Estate Services, LLC",6a18571c6b1e29a28e503ff3,69fded1962446148bd848f22,Life Assist Inc,6a1856e4462ef1e78ea0ee09,"tic630 - College Crossing J {COLLEGE IJ, LLC}",evidenceOfInsurance,Evidence of Insurance,excessOrUmbrellaLiability,Umbrella/Excess Liability,evidenceOfInsuranceExcessOrUmbrellaLiabilityEachOccurrence,Each Occurrence,,matchOnce,must be greater or equal to,1000000,4000000,compliant,Block Requirements,,,false,1,,2026-08-16
"Block Real Estate Services, LLC",6a18571c6b1e29a28e503ff3,69fded1962446148bd848f22,Life Assist Inc,6a1856e4462ef1e78ea0ee09,"tic630 - College Crossing J {COLLEGE IJ, LLC}",evidenceOfInsurance,Evidence of Insurance,excessOrUmbrellaLiability,Umbrella/Excess Liability,evidenceOfInsuranceExcessOrUmbrellaLiabilityAggregate,Aggregate,,matchOnce,must be greater or equal to,1000000,4000000,compliant,Block Requirements,,,false,1,,2026-08-16
"Block Real Estate Services, LLC",6a18571c6b1e29a28e503ff3,69fded1962446148bd848f22,Life Assist Inc,6a1856e4462ef1e78ea0ee09,"tic630 - College Crossing J {COLLEGE IJ, LLC}",evidenceOfInsurance,Evidence of Insurance,workersCompensation,Workers' Compensation and Employer's Liability,evidenceOfInsuranceWorkersCompensationStatutoryLimits,Statutory Limits,,matchOnce,must be present,,Present,compliant,Block Requirements,,,false,1,,2026-08-16
"Block Real Estate Services, LLC",6a18571c6b1e29a28e503ff3,69fded1962446148bd848f22,Life Assist Inc,6a1856e4462ef1e78ea0ee09,"tic630 - College Crossing J {COLLEGE IJ, LLC}",evidenceOfInsurance,Evidence of Insurance,workersCompensation,Workers' Compensation and Employer's Liability,evidenceOfInsuranceWorkersCompensationEmployersLiabilityEachAccident,Employer's Liability Each Accident,,matchOnce,must be greater or equal to,500000,1000000,compliant,Block Requirements,,,false,1,,2026-08-16
"Block Real Estate Services, LLC",6a18571c6b1e29a28e503ff3,69fded1962446148bd848f22,Life Assist Inc,6a1856e4462ef1e78ea0ee09,"tic630 - College Crossing J {COLLEGE IJ, LLC}",evidenceOfInsurance,Evidence of Insurance,workersCompensation,Workers' Compensation and Employer's Liability,evidenceOfInsuranceWorkersCompensationEmployersLiabilityDiseaseEachEmployee,Employer's Liability Disease - each employee,,matchOnce,must be greater or equal to,500000,1000000,compliant,Block Requirements,,,false,1,,2026-08-16
"Block Real Estate Services, LLC",6a18571c6b1e29a28e503ff3,69fded1962446148bd848f22,Life Assist Inc,6a1856e4462ef1e78ea0ee09,"tic630 - College Crossing J {COLLEGE IJ, LLC}",evidenceOfInsurance,Evidence of Insurance,workersCompensation,Workers' Compensation and Employer's Liability,evidenceOfInsuranceWorkersCompensationEmployersLiabilityDiseasePolicyLimit,Employer's Liability Disease - policy limit,,matchOnce,must be greater or equal to,500000,1000000,compliant,Block Requirements,,,false,1,,2026-08-16
"Block Real Estate Services, LLC",6a18571c6b1e29a28e503ff3,69fded1962446148bd848f22,Life Assist Inc,6a1856e4462ef1e78ea0ee09,"tic630 - College Crossing J {COLLEGE IJ, LLC}",evidenceOfInsurance,Evidence of Insurance,workersCompensation,Workers' Compensation and Employer's Liability,evidenceOfInsuranceWorkersCompensationWaiverOfSubrogationEndorsement,Waiver of Subrogation,"---prompt---
Determine if the insurer has waived their right of subrogation in favor of the certificate holder under the Workers' Compensation policy. Evidence may include: a checked ""Waiver of Subrogation"" box on the certificate, mention in the Description of Operations section stating ""waiver of subrogation applies"", or reference to form WC 00 03 13. Look for language like ""subrogation is waived"" or ""per written contract"".",matchOnce,must be present,,Present,compliant,Block Requirements,,,false,1,,2026-08-16
"Block Real Estate Services, LLC",6a18571c6b1e29a28e503ff3,69fded1962446148bd848f22,Life Assist Inc,6a1856e4462ef1e78ea0ee09,"tic630 - College Crossing J {COLLEGE IJ, LLC}",evidenceOfInsurance,Evidence of Insurance,6ac20aae-5728-5d57-b364-aeba38527dba,Additional Requirements,4da5b0f1-4c9d-5885-8cf8-5d3cccaed3e0,"Block Real Estate Services, LLC and all others required by contract are named as Additional Insureds","---prompt---
Determine if the Description of Operations or the Additional Remarks Schedule section states the ""Additional Insured as Construction Management, Inc. and all others required by contract"" or reference to blanket additional insured coverage. Look for language like ""certificate holder is additional insured"" or ""per written contract"".",matchOnce,must be present,,Present,compliant,Block Requirements,,,true,1,,2026-08-16
"Block Real Estate Services, LLC",6a18571c6b1e29a28e503ff3,69fded1962446148bd848f22,Life Assist Inc,6a1856e4462ef1e78ea0ee09,"tic630 - College Crossing J {COLLEGE IJ, LLC}",evidenceOfInsurance,Evidence of Insurance,6ac20aae-5728-5d57-b364-aeba38527dba,Additional Requirements,e1017741-e47e-5f58-97b8-fbc3043e919f,Umbrella follows form over General Liability,"---prompt---
Determine if the Umbrella/Excess Liability policy follows form to the underlying policies. Evidence may include: language in the Description of Operations section stating the umbrella follows form to underlying coverages or an additional page endorsement stating that it follows form. Follow form means the umbrella policy adopts the same terms, conditions, and exclusions as the underlying policies.",matchOnce,must be present,,Present,compliant,Block Requirements,,,true,1,,2026-08-16
"Block Real Estate Services, LLC",6a18571c6b1e29a28e503ff3,69fded1962446148bd848f22,Life Assist Inc,6a1856e4462ef1e78ea0ee09,"tic630 - College Crossing J {COLLEGE IJ, LLC}",evidenceOfInsurance,Evidence of Insurance,6ac20aae-5728-5d57-b364-aeba38527dba,Additional Requirements,2cdd866f-c9a4-576a-afd8-1d045762790c,The location must be listed as: 10816 Strang Line Road Lenexa KS 66215,"---prompt---
Determine if the Description of Operations or the Additional Remarks Schedule section states the location indicated in value field",matchOnce,must be present,,Present,compliant,Block Requirements,,,true,1,,2026-08-16
"Block Real Estate Services, LLC",6a18571c6b1e29a28e503ff3,69fded1962446148bd848f22,Life Assist Inc,6a1856e4462ef1e78ea0ee09,"tic630 - College Crossing J {COLLEGE IJ, LLC}",evidenceOfInsurance,Evidence of Insurance,6ac20aae-5728-5d57-b364-aeba38527dba,Additional Requirements,3649e9d1-4e09-59bf-8f30-cb33c40cf117,"Certificate Holder must read: c/o Block Real Estate Services, LLC, 4622 Pennsylvania St., Suite 700, Kansas City, MO, 64112",,matchOnce,must be present,,Present,compliant,Block Requirements,,,true,1,,2026-08-16
"Block Real Estate Services, LLC",6a18571c6b1e29a28e503ff4,69fded1462446148bd848d93,Fastenal Company,6a1856e4462ef1e78ea0ee09,"tic630 - College Crossing J {COLLEGE IJ, LLC}",evidenceOfInsurance,Evidence of Insurance,commercialGeneralLiability,Commercial General Liability,evidenceOfInsuranceCommercialGeneralLiabilityCoverageTriggerOccurrence,Coverage Trigger: Occurrence,,matchOnce,must be present,,,non_compliant,Block Requirements,,,false,0,,2026-08-16
"Block Real Estate Services, LLC",6a18571c6b1e29a28e503ff4,69fded1462446148bd848d93,Fastenal Company,6a1856e4462ef1e78ea0ee09,"tic630 - College Crossing J {COLLEGE IJ, LLC}",evidenceOfInsurance,Evidence of Insurance,commercialGeneralLiability,Commercial General Liability,evidenceOfInsuranceCommercialGeneralLiabilityGeneralAggregateLimitAppliesPerLocation,General Aggregate Limit Applies per: Location,,matchOnce,must be present,,,non_compliant,Block Requirements,,,false,0,,2026-08-16
"Block Real Estate Services, LLC",6a18571c6b1e29a28e503ff4,69fded1462446148bd848d93,Fastenal Company,6a1856e4462ef1e78ea0ee09,"tic630 - College Crossing J {COLLEGE IJ, LLC}",evidenceOfInsurance,Evidence of Insurance,commercialGeneralLiability,Commercial General Liability,evidenceOfInsuranceCommercialGeneralLiabilityEachOccurrence,Each Occurrence,,matchOnce,must be greater or equal to,1000000,,non_compliant,Block Requirements,,,false,0,,2026-08-16
"Block Real Estate Services, LLC",6a18571c6b1e29a28e503ff4,69fded1462446148bd848d93,Fastenal Company,6a1856e4462ef1e78ea0ee09,"tic630 - College Crossing J {COLLEGE IJ, LLC}",evidenceOfInsurance,Evidence of Insurance,commercialGeneralLiability,Commercial General Liability,evidenceOfInsuranceCommercialGeneralLiabilityGeneralAggregate,General Aggregate,,matchOnce,must be greater or equal to,2000000,,non_compliant,Block Requirements,,,false,0,,2026-08-16
"Block Real Estate Services, LLC",6a18571c6b1e29a28e503ff4,69fded1462446148bd848d93,Fastenal Company,6a1856e4462ef1e78ea0ee09,"tic630 - College Crossing J {COLLEGE IJ, LLC}",evidenceOfInsurance,Evidence of Insurance,commercialGeneralLiability,Commercial General Liability,evidenceOfInsuranceCommercialGeneralLiabilityWaiverOfSubrogationEndorsement,Waiver of Subrogation,"---prompt---
Determine if the insurer has waived their right of subrogation in favor of the certificate holder under the Commercial General Liability policy. Evidence may include: a checked ""Waiver of Subrogation"" box on the certificate, mention in the Description of Operations section stating ""waiver of subrogation applies"", or reference to form CG 24 04. Look for language like ""subrogation is waived"" or ""per written contract"".",matchOnce,must be present,,,non_compliant,Block Requirements,,,false,0,,2026-08-16
"Block Real Estate Services, LLC",6a18571c6b1e29a28e503ff4,69fded1462446148bd848d93,Fastenal Company,6a1856e4462ef1e78ea0ee09,"tic630 - College Crossing J {COLLEGE IJ, LLC}",evidenceOfInsurance,Evidence of Insurance,excessOrUmbrellaLiability,Umbrella/Excess Liability,evidenceOfInsuranceExcessOrUmbrellaLiabilityOccurence,Coverage Trigger: Occurrence,,matchOnce,must be present,,,non_compliant,Block Requirements,,,false,0,,2026-08-16
"Block Real Estate Services, LLC",6a18571c6b1e29a28e503ff4,69fded1462446148bd848d93,Fastenal Company,6a1856e4462ef1e78ea0ee09,"tic630 - College Crossing J {COLLEGE IJ, LLC}",evidenceOfInsurance,Evidence of Insurance,excessOrUmbrellaLiability,Umbrella/Excess Liability,evidenceOfInsuranceExcessOrUmbrellaLiabilityEachOccurrence,Each Occurrence,,matchOnce,must be greater or equal to,1000000,,non_compliant,Block Requirements,,,false,0,,2026-08-16
"Block Real Estate Services, LLC",6a18571c6b1e29a28e503ff4,69fded1462446148bd848d93,Fastenal Company,6a1856e4462ef1e78ea0ee09,"tic630 - College Crossing J {COLLEGE IJ, LLC}",evidenceOfInsurance,Evidence of Insurance,excessOrUmbrellaLiability,Umbrella/Excess Liability,evidenceOfInsuranceExcessOrUmbrellaLiabilityAggregate,Aggregate,,matchOnce,must be greater or equal to,1000000,,non_compliant,Block Requirements,,,false,0,,2026-08-16
"Block Real Estate Services, LLC",6a18571c6b1e29a28e503ff4,69fded1462446148bd848d93,Fastenal Company,6a1856e4462ef1e78ea0ee09,"tic630 - College Crossing J {COLLEGE IJ, LLC}",evidenceOfInsurance,Evidence of Insurance,workersCompensation,Workers' Compensation and Employer's Liability,evidenceOfInsuranceWorkersCompensationStatutoryLimits,Statutory Limits,,matchOnce,must be present,,,non_compliant,Block Requirements,,,false,0,,2026-08-16
"Block Real Estate Services, LLC",6a18571c6b1e29a28e503ff4,69fded1462446148bd848d93,Fastenal Company,6a1856e4462ef1e78ea0ee09,"tic630 - College Crossing J {COLLEGE IJ, LLC}",evidenceOfInsurance,Evidence of Insurance,workersCompensation,Workers' Compensation and Employer's Liability,evidenceOfInsuranceWorkersCompensationEmployersLiabilityEachAccident,Employer's Liability Each Accident,,matchOnce,must be greater or equal to,500000,,non_compliant,Block Requirements,,,false,0,,2026-08-16
"Block Real Estate Services, LLC",6a18571c6b1e29a28e503ff4,69fded1462446148bd848d93,Fastenal Company,6a1856e4462ef1e78ea0ee09,"tic630 - College Crossing J {COLLEGE IJ, LLC}",evidenceOfInsurance,Evidence of Insurance,workersCompensation,Workers' Compensation and Employer's Liability,evidenceOfInsuranceWorkersCompensationEmployersLiabilityDiseaseEachEmployee,Employer's Liability Disease - each employee,,matchOnce,must be greater or equal to,500000,,non_compliant,Block Requirements,,,false,0,,2026-08-16
"Block Real Estate Services, LLC",6a18571c6b1e29a28e503ff4,69fded1462446148bd848d93,Fastenal Company,6a1856e4462ef1e78ea0ee09,"tic630 - College Crossing J {COLLEGE IJ, LLC}",evidenceOfInsurance,Evidence of Insurance,workersCompensation,Workers' Compensation and Employer's Liability,evidenceOfInsuranceWorkersCompensationEmployersLiabilityDiseasePolicyLimit,Employer's Liability Disease - policy limit,,matchOnce,must be greater or equal to,500000,,non_compliant,Block Requirements,,,false,0,,2026-08-16
"Block Real Estate Services, LLC",6a18571c6b1e29a28e503ff4,69fded1462446148bd848d93,Fastenal Company,6a1856e4462ef1e78ea0ee09,"tic630 - College Crossing J {COLLEGE IJ, LLC}",evidenceOfInsurance,Evidence of Insurance,workersCompensation,Workers' Compensation and Employer's Liability,evidenceOfInsuranceWorkersCompensationWaiverOfSubrogationEndorsement,Waiver of Subrogation,"---prompt---
Determine if the insurer has waived their right of subrogation in favor of the certificate holder under the Workers' Compensation policy. Evidence may include: a checked ""Waiver of Subrogation"" box on the certificate, mention in the Description of Operations section stating ""waiver of subrogation applies"", or reference to form WC 00 03 13. Look for language like ""subrogation is waived"" or ""per written contract"".",matchOnce,must be present,,,non_compliant,Block Requirements,,,false,0,,2026-08-16
"Block Real Estate Services, LLC",6a18571c6b1e29a28e503ff4,69fded1462446148bd848d93,Fastenal Company,6a1856e4462ef1e78ea0ee09,"tic630 - College Crossing J {COLLEGE IJ, LLC}",evidenceOfInsurance,Evidence of Insurance,6ac20aae-5728-5d57-b364-aeba38527dba,Additional Requirements,4da5b0f1-4c9d-5885-8cf8-5d3cccaed3e0,"Block Real Estate Services, LLC and all others required by contract are named as Additional Insureds","---prompt---
Determine if the Description of Operations or the Additional Remarks Schedule section states the ""Additional Insured as Construction Management, Inc. and all others required by contract"" or reference to blanket additional insured coverage. Look for language like ""certificate holder is additional insured"" or ""per written contract"".",matchOnce,must be present,,,non_compliant,Block Requirements,,,true,0,,2026-08-16
"Block Real Estate Services, LLC",6a18571c6b1e29a28e503ff4,69fded1462446148bd848d93,Fastenal Company,6a1856e4462ef1e78ea0ee09,"tic630 - College Crossing J {COLLEGE IJ, LLC}",evidenceOfInsurance,Evidence of Insurance,6ac20aae-5728-5d57-b364-aeba38527dba,Additional Requirements,e1017741-e47e-5f58-97b8-fbc3043e919f,Umbrella follows form over General Liability,"---prompt---
Determine if the Umbrella/Excess Liability policy follows form to the underlying policies. Evidence may include: language in the Description of Operations section stating the umbrella follows form to underlying coverages or an additional page endorsement stating that it follows form. Follow form means the umbrella policy adopts the same terms, conditions, and exclusions as the underlying policies.",matchOnce,must be present,,,non_compliant,Block Requirements,,,true,0,,2026-08-16
"Block Real Estate Services, LLC",6a18571c6b1e29a28e503ff4,69fded1462446148bd848d93,Fastenal Company,6a1856e4462ef1e78ea0ee09,"tic630 - College Crossing J {COLLEGE IJ, LLC}",evidenceOfInsurance,Evidence of Insurance,6ac20aae-5728-5d57-b364-aeba38527dba,Additional Requirements,2cdd866f-c9a4-576a-afd8-1d045762790c,The location must be listed as: 10820 Strang Line Road Lenexa KS 66215,"---prompt---
Determine if the Description of Operations or the Additional Remarks Schedule section states the location indicated in value field",matchOnce,must be present,,,non_compliant,Block Requirements,,,true,0,,2026-08-16
"Block Real Estate Services, LLC",6a18571c6b1e29a28e503ff4,69fded1462446148bd848d93,Fastenal Company,6a1856e4462ef1e78ea0ee09,"tic630 - College Crossing J {COLLEGE IJ, LLC}",evidenceOfInsurance,Evidence of Insurance,6ac20aae-5728-5d57-b364-aeba38527dba,Additional Requirements,3649e9d1-4e09-59bf-8f30-cb33c40cf117,"Certificate Holder must read: c/o Block Real Estate Services, LLC, 4622 Pennsylvania St., Suite 700, Kansas City, MO, 64112",,matchOnce,must be present,,,non_compliant,Block Requirements,,,true,0,,2026-08-16
"Block Real Estate Services, LLC",6a18571c6b1e29a28e503ff5,69fded1d62446148bd849081,"ICON / PRA Health Sciences / Pharmaceutical Research Associates, Inc.",6a1856e4462ef1e78ea0ee09,"tic630 - College Crossing J {COLLEGE IJ, LLC}",evidenceOfInsurance,Evidence of Insurance,commercialGeneralLiability,Commercial General Liability,evidenceOfInsuranceCommercialGeneralLiabilityCoverageTriggerOccurrence,Coverage Trigger: Occurrence,,matchOnce,must be present,,,non_compliant,Block Requirements,,,false,0,,2026-08-16
"Block Real Estate Services, LLC",6a18571c6b1e29a28e503ff5,69fded1d62446148bd849081,"ICON / PRA Health Sciences / Pharmaceutical Research Associates, Inc.",6a1856e4462ef1e78ea0ee09,"tic630 - College Crossing J {COLLEGE IJ, LLC}",evidenceOfInsurance,Evidence of Insurance,commercialGeneralLiability,Commercial General Liability,evidenceOfInsuranceCommercialGeneralLiabilityGeneralAggregateLimitAppliesPerLocation,General Aggregate Limit Applies per: Location,,matchOnce,must be present,,,non_compliant,Block Requirements,,,false,0,,2026-08-16
"Block Real Estate Services, LLC",6a18571c6b1e29a28e503ff5,69fded1d62446148bd849081,"ICON / PRA Health Sciences / Pharmaceutical Research Associates, Inc.",6a1856e4462ef1e78ea0ee09,"tic630 - College Crossing J {COLLEGE IJ, LLC}",evidenceOfInsurance,Evidence of Insurance,commercialGeneralLiability,Commercial General Liability,evidenceOfInsuranceCommercialGeneralLiabilityEachOccurrence,Each Occurrence,,matchOnce,must be greater or equal to,1000000,,non_compliant,Block Requirements,,,false,0,,2026-08-16
"Block Real Estate Services, LLC",6a18571c6b1e29a28e503ff5,69fded1d62446148bd849081,"ICON / PRA Health Sciences / Pharmaceutical Research Associates, Inc.",6a1856e4462ef1e78ea0ee09,"tic630 - College Crossing J {COLLEGE IJ, LLC}",evidenceOfInsurance,Evidence of Insurance,commercialGeneralLiability,Commercial General Liability,evidenceOfInsuranceCommercialGeneralLiabilityGeneralAggregate,General Aggregate,,matchOnce,must be greater or equal to,2000000,,non_compliant,Block Requirements,,,false,0,,2026-08-16
"Block Real Estate Services, LLC",6a18571c6b1e29a28e503ff5,69fded1d62446148bd849081,"ICON / PRA Health Sciences / Pharmaceutical Research Associates, Inc.",6a1856e4462ef1e78ea0ee09,"tic630 - College Crossing J {COLLEGE IJ, LLC}",evidenceOfInsurance,Evidence of Insurance,commercialGeneralLiability,Commercial General Liability,evidenceOfInsuranceCommercialGeneralLiabilityWaiverOfSubrogationEndorsement,Waiver of Subrogation,"---prompt---
Determine if the insurer has waived their right of subrogation in favor of the certificate holder under the Commercial General Liability policy. Evidence may include: a checked ""Waiver of Subrogation"" box on the certificate, mention in the Description of Operations section stating ""waiver of subrogation applies"", or reference to form CG 24 04. Look for language like ""subrogation is waived"" or ""per written contract"".",matchOnce,must be present,,,non_compliant,Block Requirements,,,false,0,,2026-08-16
"Block Real Estate Services, LLC",6a18571c6b1e29a28e503ff5,69fded1d62446148bd849081,"ICON / PRA Health Sciences / Pharmaceutical Research Associates, Inc.",6a1856e4462ef1e78ea0ee09,"tic630 - College Crossing J {COLLEGE IJ, LLC}",evidenceOfInsurance,Evidence of Insurance,excessOrUmbrellaLiability,Umbrella/Excess Liability,evidenceOfInsuranceExcessOrUmbrellaLiabilityOccurence,Coverage Trigger: Occurrence,,matchOnce,must be present,,,non_compliant,Block Requirements,,,false,0,,2026-08-16
"Block Real Estate Services, LLC",6a18571c6b1e29a28e503ff5,69fded1d62446148bd849081,"ICON / PRA Health Sciences / Pharmaceutical Research Associates, Inc.",6a1856e4462ef1e78ea0ee09,"tic630 - College Crossing J {COLLEGE IJ, LLC}",evidenceOfInsurance,Evidence of Insurance,excessOrUmbrellaLiability,Umbrella/Excess Liability,evidenceOfInsuranceExcessOrUmbrellaLiabilityEachOccurrence,Each Occurrence,,matchOnce,must be greater or equal to,1000000,,non_compliant,Block Requirements,,,false,0,,2026-08-16
"Block Real Estate Services, LLC",6a18571c6b1e29a28e503ff5,69fded1d62446148bd849081,"ICON / PRA Health Sciences / Pharmaceutical Research Associates, Inc.",6a1856e4462ef1e78ea0ee09,"tic630 - College Crossing J {COLLEGE IJ, LLC}",evidenceOfInsurance,Evidence of Insurance,excessOrUmbrellaLiability,Umbrella/Excess Liability,evidenceOfInsuranceExcessOrUmbrellaLiabilityAggregate,Aggregate,,matchOnce,must be greater or equal to,1000000,,non_compliant,Block Requirements,,,false,0,,2026-08-16
"Block Real Estate Services, LLC",6a18571c6b1e29a28e503ff5,69fded1d62446148bd849081,"ICON / PRA Health Sciences / Pharmaceutical Research Associates, Inc.",6a1856e4462ef1e78ea0ee09,"tic630 - College Crossing J {COLLEGE IJ, LLC}",evidenceOfInsurance,Evidence of Insurance,workersCompensation,Workers' Compensation and Employer's Liability,evidenceOfInsuranceWorkersCompensationStatutoryLimits,Statutory Limits,,matchOnce,must be present,,,non_compliant,Block Requirements,,,false,0,,2026-08-16
"Block Real Estate Services, LLC",6a18571c6b1e29a28e503ff5,69fded1d62446148bd849081,"ICON / PRA Health Sciences / Pharmaceutical Research Associates, Inc.",6a1856e4462ef1e78ea0ee09,"tic630 - College Crossing J {COLLEGE IJ, LLC}",evidenceOfInsurance,Evidence of Insurance,workersCompensation,Workers' Compensation and Employer's Liability,evidenceOfInsuranceWorkersCompensationEmployersLiabilityEachAccident,Employer's Liability Each Accident,,matchOnce,must be greater or equal to,500000,,non_compliant,Block Requirements,,,false,0,,2026-08-16
"Block Real Estate Services, LLC",6a18571c6b1e29a28e503ff5,69fded1d62446148bd849081,"ICON / PRA Health Sciences / Pharmaceutical Research Associates, Inc.",6a1856e4462ef1e78ea0ee09,"tic630 - College Crossing J {COLLEGE IJ, LLC}",evidenceOfInsurance,Evidence of Insurance,workersCompensation,Workers' Compensation and Employer's Liability,evidenceOfInsuranceWorkersCompensationEmployersLiabilityDiseaseEachEmployee,Employer's Liability Disease - each employee,,matchOnce,must be greater or equal to,500000,,non_compliant,Block Requirements,,,false,0,,2026-08-16
"Block Real Estate Services, LLC",6a18571c6b1e29a28e503ff5,69fded1d62446148bd849081,"ICON / PRA Health Sciences / Pharmaceutical Research Associates, Inc.",6a1856e4462ef1e78ea0ee09,"tic630 - College Crossing J {COLLEGE IJ, LLC}",evidenceOfInsurance,Evidence of Insurance,workersCompensation,Workers' Compensation and Employer's Liability,evidenceOfInsuranceWorkersCompensationEmployersLiabilityDiseasePolicyLimit,Employer's Liability Disease - policy limit,,matchOnce,must be greater or equal to,500000,,non_compliant,Block Requirements,,,false,0,,2026-08-16
"Block Real Estate Services, LLC",6a18571c6b1e29a28e503ff5,69fded1d62446148bd849081,"ICON / PRA Health Sciences / Pharmaceutical Research Associates, Inc.",6a1856e4462ef1e78ea0ee09,"tic630 - College Crossing J {COLLEGE IJ, LLC}",evidenceOfInsurance,Evidence of Insurance,workersCompensation,Workers' Compensation and Employer's Liability,evidenceOfInsuranceWorkersCompensationWaiverOfSubrogationEndorsement,Waiver of Subrogation,"---prompt---
Determine if the insurer has waived their right of subrogation in favor of the certificate holder under the Workers' Compensation policy. Evidence may include: a checked ""Waiver of Subrogation"" box on the certificate, mention in the Description of Operations section stating ""waiver of subrogation applies"", or reference to form WC 00 03 13. Look for language like ""subrogation is waived"" or ""per written contract"".",matchOnce,must be present,,,non_compliant,Block Requirements,,,false,0,,2026-08-16
"Block Real Estate Services, LLC",6a18571c6b1e29a28e503ff5,69fded1d62446148bd849081,"ICON / PRA Health Sciences / Pharmaceutical Research Associates, Inc.",6a1856e4462ef1e78ea0ee09,"tic630 - College Crossing J {COLLEGE IJ, LLC}",evidenceOfInsurance,Evidence of Insurance,6ac20aae-5728-5d57-b364-aeba38527dba,Additional Requirements,4da5b0f1-4c9d-5885-8cf8-5d3cccaed3e0,"Block Real Estate Services, LLC and all others required by contract are named as Additional Insureds","---prompt---
Determine if the Description of Operations or the Additional Remarks Schedule section states the ""Additional Insured as Construction Management, Inc. and all others required by contract"" or reference to blanket additional insured coverage. Look for language like ""certificate holder is additional insured"" or ""per written contract"".",matchOnce,must be present,,,non_compliant,Block Requirements,,,true,0,,2026-08-16
"Block Real Estate Services, LLC",6a18571c6b1e29a28e503ff5,69fded1d62446148bd849081,"ICON / PRA Health Sciences / Pharmaceutical Research Associates, Inc.",6a1856e4462ef1e78ea0ee09,"tic630 - College Crossing J {COLLEGE IJ, LLC}",evidenceOfInsurance,Evidence of Insurance,6ac20aae-5728-5d57-b364-aeba38527dba,Additional Requirements,e1017741-e47e-5f58-97b8-fbc3043e919f,Umbrella follows form over General Liability,"---prompt---
Determine if the Umbrella/Excess Liability policy follows form to the underlying policies. Evidence may include: language in the Description of Operations section stating the umbrella follows form to underlying coverages or an additional page endorsement stating that it follows form. Follow form means the umbrella policy adopts the same terms, conditions, and exclusions as the underlying policies.",matchOnce,must be present,,,non_compliant,Block Requirements,,,true,0,,2026-08-16
"Block Real Estate Services, LLC",6a18571c6b1e29a28e503ff5,69fded1d62446148bd849081,"ICON / PRA Health Sciences / Pharmaceutical Research Associates, Inc.",6a1856e4462ef1e78ea0ee09,"tic630 - College Crossing J {COLLEGE IJ, LLC}",evidenceOfInsurance,Evidence of Insurance,6ac20aae-5728-5d57-b364-aeba38527dba,Additional Requirements,2cdd866f-c9a4-576a-afd8-1d045762790c,The location must be listed as: 10836 Strang Line Road Lenexa KS 66215,"---prompt---
Determine if the Description of Operations or the Additional Remarks Schedule section states the location indicated in value field",matchOnce,must be present,,,non_compliant,Block Requirements,,,true,0,,2026-08-16
"Block Real Estate Services, LLC",6a18571c6b1e29a28e503ff5,69fded1d62446148bd849081,"ICON / PRA Health Sciences / Pharmaceutical Research Associates, Inc.",6a1856e4462ef1e78ea0ee09,"tic630 - College Crossing J {COLLEGE IJ, LLC}",evidenceOfInsurance,Evidence of Insurance,6ac20aae-5728-5d57-b364-aeba38527dba,Additional Requirements,3649e9d1-4e09-59bf-8f30-cb33c40cf117,"Certificate Holder must read: c/o Block Real Estate Services, LLC, 4622 Pennsylvania St., Suite 700, Kansas City, MO, 64112",,matchOnce,must be present,,,non_compliant,Block Requirements,,,true,0,,2026-08-16
"Block Real Estate Services, LLC",6a185ce7dbcac4598a697a31,69fded0e62446148bd848b8f,Arrowhead Forensics,6a185c29462ef1e78ea21779,col720 - College Crossing - Building 2 (Building B) {COLLEGE CROSSING ASSOCIATES. LLC},evidenceOfInsurance,Evidence of Insurance,commercialGeneralLiability,Commercial General Liability,evidenceOfInsuranceCommercialGeneralLiabilityCoverageTriggerOccurrence,Coverage Trigger: Occurrence,,matchOnce,must be present,,,non_compliant,Block Requirements,,,false,0,,2026-08-16
"Block Real Estate Services, LLC",6a185ce7dbcac4598a697a31,69fded0e62446148bd848b8f,Arrowhead Forensics,6a185c29462ef1e78ea21779,col720 - College Crossing - Building 2 (Building B) {COLLEGE CROSSING ASSOCIATES. LLC},evidenceOfInsurance,Evidence of Insurance,commercialGeneralLiability,Commercial General Liability,evidenceOfInsuranceCommercialGeneralLiabilityGeneralAggregateLimitAppliesPerLocation,General Aggregate Limit Applies per: Location,,matchOnce,must be present,,,non_compliant,Block Requirements,,,false,0,,2026-08-16
"Block Real Estate Services, LLC",6a185ce7dbcac4598a697a31,69fded0e62446148bd848b8f,Arrowhead Forensics,6a185c29462ef1e78ea21779,col720 - College Crossing - Building 2 (Building B) {COLLEGE CROSSING ASSOCIATES. LLC},evidenceOfInsurance,Evidence of Insurance,commercialGeneralLiability,Commercial General Liability,evidenceOfInsuranceCommercialGeneralLiabilityEachOccurrence,Each Occurrence,,matchOnce,must be greater or equal to,1000000,,non_compliant,Block Requirements,,,false,0,,2026-08-16
"Block Real Estate Services, LLC",6a185ce7dbcac4598a697a31,69fded0e62446148bd848b8f,Arrowhead Forensics,6a185c29462ef1e78ea21779,col720 - College Crossing - Building 2 (Building B) {COLLEGE CROSSING ASSOCIATES. LLC},evidenceOfInsurance,Evidence of Insurance,commercialGeneralLiability,Commercial General Liability,evidenceOfInsuranceCommercialGeneralLiabilityGeneralAggregate,General Aggregate,,matchOnce,must be greater or equal to,2000000,,non_compliant,Block Requirements,,,false,0,,2026-08-16
"Block Real Estate Services, LLC",6a185ce7dbcac4598a697a31,69fded0e62446148bd848b8f,Arrowhead Forensics,6a185c29462ef1e78ea21779,col720 - College Crossing - Building 2 (Building B) {COLLEGE CROSSING ASSOCIATES. LLC},evidenceOfInsurance,Evidence of Insurance,commercialGeneralLiability,Commercial General Liability,evidenceOfInsuranceCommercialGeneralLiabilityWaiverOfSubrogationEndorsement,Waiver of Subrogation,"---prompt---
Determine if the insurer has waived their right of subrogation in favor of the certificate holder under the Commercial General Liability policy. Evidence may include: a checked ""Waiver of Subrogation"" box on the certificate, mention in the Description of Operations section stating ""waiver of subrogation applies"", or reference to form CG 24 04. Look for language like ""subrogation is waived"" or ""per written contract"".",matchOnce,must be present,,,non_compliant,Block Requirements,,,false,0,,2026-08-16
"Block Real Estate Services, LLC",6a185ce7dbcac4598a697a31,69fded0e62446148bd848b8f,Arrowhead Forensics,6a185c29462ef1e78ea21779,col720 - College Crossing - Building 2 (Building B) {COLLEGE CROSSING ASSOCIATES. LLC},evidenceOfInsurance,Evidence of Insurance,excessOrUmbrellaLiability,Umbrella/Excess Liability,evidenceOfInsuranceExcessOrUmbrellaLiabilityOccurence,Coverage Trigger: Occurrence,,matchOnce,must be present,,,non_compliant,Block Requirements,,,false,0,,2026-08-16
"Block Real Estate Services, LLC",6a185ce7dbcac4598a697a31,69fded0e62446148bd848b8f,Arrowhead Forensics,6a185c29462ef1e78ea21779,col720 - College Crossing - Building 2 (Building B) {COLLEGE CROSSING ASSOCIATES. LLC},evidenceOfInsurance,Evidence of Insurance,excessOrUmbrellaLiability,Umbrella/Excess Liability,evidenceOfInsuranceExcessOrUmbrellaLiabilityEachOccurrence,Each Occurrence,,matchOnce,must be greater or equal to,1000000,,non_compliant,Block Requirements,,,false,0,,2026-08-16
"Block Real Estate Services, LLC",6a185ce7dbcac4598a697a31,69fded0e62446148bd848b8f,Arrowhead Forensics,6a185c29462ef1e78ea21779,col720 - College Crossing - Building 2 (Building B) {COLLEGE CROSSING ASSOCIATES. LLC},evidenceOfInsurance,Evidence of Insurance,excessOrUmbrellaLiability,Umbrella/Excess Liability,evidenceOfInsuranceExcessOrUmbrellaLiabilityAggregate,Aggregate,,matchOnce,must be greater or equal to,1000000,,non_compliant,Block Requirements,,,false,0,,2026-08-16
"Block Real Estate Services, LLC",6a185ce7dbcac4598a697a31,69fded0e62446148bd848b8f,Arrowhead Forensics,6a185c29462ef1e78ea21779,col720 - College Crossing - Building 2 (Building B) {COLLEGE CROSSING ASSOCIATES. LLC},evidenceOfInsurance,Evidence of Insurance,workersCompensation,Workers' Compensation and Employer's Liability,evidenceOfInsuranceWorkersCompensationStatutoryLimits,Statutory Limits,,matchOnce,must be present,,,non_compliant,Block Requirements,,,false,0,,2026-08-16
"Block Real Estate Services, LLC",6a185ce7dbcac4598a697a31,69fded0e62446148bd848b8f,Arrowhead Forensics,6a185c29462ef1e78ea21779,col720 - College Crossing - Building 2 (Building B) {COLLEGE CROSSING ASSOCIATES. LLC},evidenceOfInsurance,Evidence of Insurance,workersCompensation,Workers' Compensation and Employer's Liability,evidenceOfInsuranceWorkersCompensationEmployersLiabilityEachAccident,Employer's Liability Each Accident,,matchOnce,must be greater or equal to,500000,,non_compliant,Block Requirements,,,false,0,,2026-08-16
"Block Real Estate Services, LLC",6a185ce7dbcac4598a697a31,69fded0e62446148bd848b8f,Arrowhead Forensics,6a185c29462ef1e78ea21779,col720 - College Crossing - Building 2 (Building B) {COLLEGE CROSSING ASSOCIATES. LLC},evidenceOfInsurance,Evidence of Insurance,workersCompensation,Workers' Compensation and Employer's Liability,evidenceOfInsuranceWorkersCompensationEmployersLiabilityDiseaseEachEmployee,Employer's Liability Disease - each employee,,matchOnce,must be greater or equal to,500000,,non_compliant,Block Requirements,,,false,0,,2026-08-16
"Block Real Estate Services, LLC",6a185ce7dbcac4598a697a31,69fded0e62446148bd848b8f,Arrowhead Forensics,6a185c29462ef1e78ea21779,col720 - College Crossing - Building 2 (Building B) {COLLEGE CROSSING ASSOCIATES. LLC},evidenceOfInsurance,Evidence of Insurance,workersCompensation,Workers' Compensation and Employer's Liability,evidenceOfInsuranceWorkersCompensationEmployersLiabilityDiseasePolicyLimit,Employer's Liability Disease - policy limit,,matchOnce,must be greater or equal to,500000,,non_compliant,Block Requirements,,,false,0,,2026-08-16
"Block Real Estate Services, LLC",6a185ce7dbcac4598a697a31,69fded0e62446148bd848b8f,Arrowhead Forensics,6a185c29462ef1e78ea21779,col720 - College Crossing - Building 2 (Building B) {COLLEGE CROSSING ASSOCIATES. LLC},evidenceOfInsurance,Evidence of Insurance,workersCompensation,Workers' Compensation and Employer's Liability,evidenceOfInsuranceWorkersCompensationWaiverOfSubrogationEndorsement,Waiver of Subrogation,"---prompt---
Determine if the insurer has waived their right of subrogation in favor of the certificate holder under the Workers' Compensation policy. Evidence may include: a checked ""Waiver of Subrogation"" box on the certificate, mention in the Description of Operations section stating ""waiver of subrogation applies"", or reference to form WC 00 03 13. Look for language like ""subrogation is waived"" or ""per written contract"".",matchOnce,must be present,,,non_compliant,Block Requirements,,,false,0,,2026-08-16
"Block Real Estate Services, LLC",6a185ce7dbcac4598a697a31,69fded0e62446148bd848b8f,Arrowhead Forensics,6a185c29462ef1e78ea21779,col720 - College Crossing - Building 2 (Building B) {COLLEGE CROSSING ASSOCIATES. LLC},evidenceOfInsurance,Evidence of Insurance,6ac20aae-5728-5d57-b364-aeba38527dba,Additional Requirements,4da5b0f1-4c9d-5885-8cf8-5d3cccaed3e0,"Block Real Estate Services, LLC and all others required by contract are named as Additional Insureds","---prompt---
Determine if the Description of Operations or the Additional Remarks Schedule section states the ""Additional Insured as Construction Management, Inc. and all others required by contract"" or reference to blanket additional insured coverage. Look for language like ""certificate holder is additional insured"" or ""per written contract"".",matchOnce,must be present,,,non_compliant,Block Requirements,,,true,0,,2026-08-16
"Block Real Estate Services, LLC",6a185ce7dbcac4598a697a31,69fded0e62446148bd848b8f,Arrowhead Forensics,6a185c29462ef1e78ea21779,col720 - College Crossing - Building 2 (Building B) {COLLEGE CROSSING ASSOCIATES. LLC},evidenceOfInsurance,Evidence of Insurance,6ac20aae-5728-5d57-b364-aeba38527dba,Additional Requirements,e1017741-e47e-5f58-97b8-fbc3043e919f,Umbrella follows form over General Liability,"---prompt---
Determine if the Umbrella/Excess Liability policy follows form to the underlying policies. Evidence may include: language in the Description of Operations section stating the umbrella follows form to underlying coverages or an additional page endorsement stating that it follows form. Follow form means the umbrella policy adopts the same terms, conditions, and exclusions as the underlying policies.",matchOnce,must be present,,,non_compliant,Block Requirements,,,true,0,,2026-08-16
"Block Real Estate Services, LLC",6a185ce7dbcac4598a697a31,69fded0e62446148bd848b8f,Arrowhead Forensics,6a185c29462ef1e78ea21779,col720 - College Crossing - Building 2 (Building B) {COLLEGE CROSSING ASSOCIATES. LLC},evidenceOfInsurance,Evidence of Insurance,6ac20aae-5728-5d57-b364-aeba38527dba,Additional Requirements,2cdd866f-c9a4-576a-afd8-1d045762790c,"The location must be listed as: 11000, 11004, 11006 Strang Line Road, Lenexa, KS, 66215","---prompt---
Determine if the Description of Operations or the Additional Remarks Schedule section states the location indicated in value field",matchOnce,must be present,,,non_compliant,Block Requirements,,,true,0,,2026-08-16
"Block Real Estate Services, LLC",6a185ce7dbcac4598a697a31,69fded0e62446148bd848b8f,Arrowhead Forensics,6a185c29462ef1e78ea21779,col720 - College Crossing - Building 2 (Building B) {COLLEGE CROSSING ASSOCIATES. LLC},evidenceOfInsurance,Evidence of Insurance,6ac20aae-5728-5d57-b364-aeba38527dba,Additional Requirements,3649e9d1-4e09-59bf-8f30-cb33c40cf117,"Certificate Holder must read: c/o Block Real Estate Services, LLC, 4622 Pennsylvania St., Suite 700, Kansas City, MO, 64112",,matchOnce,must be present,,,non_compliant,Block Requirements,,,true,0,,2026-08-16
"Block Real Estate Services, LLC",6a185ce7dbcac4598a697a32,69fded1062446148bd848c3a,BWI Companies Inc,6a185c29462ef1e78ea21779,col720 - College Crossing - Building 2 (Building B) {COLLEGE CROSSING ASSOCIATES. LLC},evidenceOfInsurance,Evidence of Insurance,commercialGeneralLiability,Commercial General Liability,evidenceOfInsuranceCommercialGeneralLiabilityCoverageTriggerOccurrence,Coverage Trigger: Occurrence,,matchOnce,must be present,,Present,compliant,Block Requirements,,,false,2,,2026-08-16
"Block Real Estate Services, LLC",6a185ce7dbcac4598a697a32,69fded1062446148bd848c3a,BWI Companies Inc,6a185c29462ef1e78ea21779,col720 - College Crossing - Building 2 (Building B) {COLLEGE CROSSING ASSOCIATES. LLC},evidenceOfInsurance,Evidence of Insurance,commercialGeneralLiability,Commercial General Liability,evidenceOfInsuranceCommercialGeneralLiabilityGeneralAggregateLimitAppliesPerLocation,General Aggregate Limit Applies per: Location,,matchOnce,must be present,,Present,compliant,Block Requirements,,,false,1,,2026-08-16
"Block Real Estate Services, LLC",6a185ce7dbcac4598a697a32,69fded1062446148bd848c3a,BWI Companies Inc,6a185c29462ef1e78ea21779,col720 - College Crossing - Building 2 (Building B) {COLLEGE CROSSING ASSOCIATES. LLC},evidenceOfInsurance,Evidence of Insurance,commercialGeneralLiability,Commercial General Liability,evidenceOfInsuranceCommercialGeneralLiabilityEachOccurrence,Each Occurrence,,matchOnce,must be greater or equal to,1000000,1000000,compliant,Block Requirements,,,false,2,,2026-08-16
"Block Real Estate Services, LLC",6a185ce7dbcac4598a697a32,69fded1062446148bd848c3a,BWI Companies Inc,6a185c29462ef1e78ea21779,col720 - College Crossing - Building 2 (Building B) {COLLEGE CROSSING ASSOCIATES. LLC},evidenceOfInsurance,Evidence of Insurance,commercialGeneralLiability,Commercial General Liability,evidenceOfInsuranceCommercialGeneralLiabilityGeneralAggregate,General Aggregate,,matchOnce,must be greater or equal to,2000000,5000000,compliant,Block Requirements,,,false,2,,2026-08-16
"Block Real Estate Services, LLC",6a185ce7dbcac4598a697a32,69fded1062446148bd848c3a,BWI Companies Inc,6a185c29462ef1e78ea21779,col720 - College Crossing - Building 2 (Building B) {COLLEGE CROSSING ASSOCIATES. LLC},evidenceOfInsurance,Evidence of Insurance,commercialGeneralLiability,Commercial General Liability,evidenceOfInsuranceCommercialGeneralLiabilityWaiverOfSubrogationEndorsement,Waiver of Subrogation,"---prompt---
Determine if the insurer has waived their right of subrogation in favor of the certificate holder under the Commercial General Liability policy. Evidence may include: a checked ""Waiver of Subrogation"" box on the certificate, mention in the Description of Operations section stating ""waiver of subrogation applies"", or reference to form CG 24 04. Look for language like ""subrogation is waived"" or ""per written contract"".",matchOnce,must be present,,Present,compliant,Block Requirements,,,false,2,,2026-08-16
"Block Real Estate Services, LLC",6a185ce7dbcac4598a697a32,69fded1062446148bd848c3a,BWI Companies Inc,6a185c29462ef1e78ea21779,col720 - College Crossing - Building 2 (Building B) {COLLEGE CROSSING ASSOCIATES. LLC},evidenceOfInsurance,Evidence of Insurance,excessOrUmbrellaLiability,Umbrella/Excess Liability,evidenceOfInsuranceExcessOrUmbrellaLiabilityOccurence,Coverage Trigger: Occurrence,,matchOnce,must be present,,Present,compliant,Block Requirements,,,false,1,,2026-08-16
"Block Real Estate Services, LLC",6a185ce7dbcac4598a697a32,69fded1062446148bd848c3a,BWI Companies Inc,6a185c29462ef1e78ea21779,col720 - College Crossing - Building 2 (Building B) {COLLEGE CROSSING ASSOCIATES. LLC},evidenceOfInsurance,Evidence of Insurance,excessOrUmbrellaLiability,Umbrella/Excess Liability,evidenceOfInsuranceExcessOrUmbrellaLiabilityEachOccurrence,Each Occurrence,,matchOnce,must be greater or equal to,1000000,2000000,compliant,Block Requirements,,,false,2,,2026-08-16
"Block Real Estate Services, LLC",6a185ce7dbcac4598a697a32,69fded1062446148bd848c3a,BWI Companies Inc,6a185c29462ef1e78ea21779,col720 - College Crossing - Building 2 (Building B) {COLLEGE CROSSING ASSOCIATES. LLC},evidenceOfInsurance,Evidence of Insurance,excessOrUmbrellaLiability,Umbrella/Excess Liability,evidenceOfInsuranceExcessOrUmbrellaLiabilityAggregate,Aggregate,,matchOnce,must be greater or equal to,1000000,5000000,compliant,Block Requirements,,,false,2,,2026-08-16
"Block Real Estate Services, LLC",6a185ce7dbcac4598a697a32,69fded1062446148bd848c3a,BWI Companies Inc,6a185c29462ef1e78ea21779,col720 - College Crossing - Building 2 (Building B) {COLLEGE CROSSING ASSOCIATES. LLC},evidenceOfInsurance,Evidence of Insurance,workersCompensation,Workers' Compensation and Employer's Liability,evidenceOfInsuranceWorkersCompensationStatutoryLimits,Statutory Limits,,matchOnce,must be present,,Present,compliant,Block Requirements,,,false,2,,2026-08-16
"Block Real Estate Services, LLC",6a185ce7dbcac4598a697a32,69fded1062446148bd848c3a,BWI Companies Inc,6a185c29462ef1e78ea21779,col720 - College Crossing - Building 2 (Building B) {COLLEGE CROSSING ASSOCIATES. LLC},evidenceOfInsurance,Evidence of Insurance,workersCompensation,Workers' Compensation and Employer's Liability,evidenceOfInsuranceWorkersCompensationEmployersLiabilityEachAccident,Employer's Liability Each Accident,,matchOnce,must be greater or equal to,500000,1000000,compliant,Block Requirements,,,false,2,,2026-08-16
"Block Real Estate Services, LLC",6a185ce7dbcac4598a697a32,69fded1062446148bd848c3a,BWI Companies Inc,6a185c29462ef1e78ea21779,col720 - College Crossing - Building 2 (Building B) {COLLEGE CROSSING ASSOCIATES. LLC},evidenceOfInsurance,Evidence of Insurance,workersCompensation,Workers' Compensation and Employer's Liability,evidenceOfInsuranceWorkersCompensationEmployersLiabilityDiseaseEachEmployee,Employer's Liability Disease - each employee,,matchOnce,must be greater or equal to,500000,1000000,compliant,Block Requirements,,,false,2,,2026-08-16
"Block Real Estate Services, LLC",6a185ce7dbcac4598a697a32,69fded1062446148bd848c3a,BWI Companies Inc,6a185c29462ef1e78ea21779,col720 - College Crossing - Building 2 (Building B) {COLLEGE CROSSING ASSOCIATES. LLC},evidenceOfInsurance,Evidence of Insurance,workersCompensation,Workers' Compensation and Employer's Liability,evidenceOfInsuranceWorkersCompensationEmployersLiabilityDiseasePolicyLimit,Employer's Liability Disease - policy limit,,matchOnce,must be greater or equal to,500000,1000000,compliant,Block Requirements,,,false,2,,2026-08-16
"Block Real Estate Services, LLC",6a185ce7dbcac4598a697a32,69fded1062446148bd848c3a,BWI Companies Inc,6a185c29462ef1e78ea21779,col720 - College Crossing - Building 2 (Building B) {COLLEGE CROSSING ASSOCIATES. LLC},evidenceOfInsurance,Evidence of Insurance,workersCompensation,Workers' Compensation and Employer's Liability,evidenceOfInsuranceWorkersCompensationWaiverOfSubrogationEndorsement,Waiver of Subrogation,"---prompt---
Determine if the insurer has waived their right of subrogation in favor of the certificate holder under the Workers' Compensation policy. Evidence may include: a checked ""Waiver of Subrogation"" box on the certificate, mention in the Description of Operations section stating ""waiver of subrogation applies"", or reference to form WC 00 03 13. Look for language like ""subrogation is waived"" or ""per written contract"".",matchOnce,must be present,,Present,compliant,Block Requirements,,,false,2,,2026-08-16
"Block Real Estate Services, LLC",6a185ce7dbcac4598a697a32,69fded1062446148bd848c3a,BWI Companies Inc,6a185c29462ef1e78ea21779,col720 - College Crossing - Building 2 (Building B) {COLLEGE CROSSING ASSOCIATES. LLC},evidenceOfInsurance,Evidence of Insurance,6ac20aae-5728-5d57-b364-aeba38527dba,Additional Requirements,4da5b0f1-4c9d-5885-8cf8-5d3cccaed3e0,"Block Real Estate Services, LLC and all others required by contract are named as Additional Insureds","---prompt---
Determine if the Description of Operations or the Additional Remarks Schedule section states the ""Additional Insured as Construction Management, Inc. and all others required by contract"" or reference to blanket additional insured coverage. Look for language like ""certificate holder is additional insured"" or ""per written contract"".",matchOnce,must be present,,Present,compliant,Block Requirements,,,true,1,,2026-08-16
"Block Real Estate Services, LLC",6a185ce7dbcac4598a697a32,69fded1062446148bd848c3a,BWI Companies Inc,6a185c29462ef1e78ea21779,col720 - College Crossing - Building 2 (Building B) {COLLEGE CROSSING ASSOCIATES. LLC},evidenceOfInsurance,Evidence of Insurance,6ac20aae-5728-5d57-b364-aeba38527dba,Additional Requirements,e1017741-e47e-5f58-97b8-fbc3043e919f,Umbrella follows form over General Liability,"---prompt---
Determine if the Umbrella/Excess Liability policy follows form to the underlying policies. Evidence may include: language in the Description of Operations section stating the umbrella follows form to underlying coverages or an additional page endorsement stating that it follows form. Follow form means the umbrella policy adopts the same terms, conditions, and exclusions as the underlying policies.",matchOnce,must be present,,Present,compliant,Block Requirements,,,true,1,,2026-08-16
"Block Real Estate Services, LLC",6a185ce7dbcac4598a697a32,69fded1062446148bd848c3a,BWI Companies Inc,6a185c29462ef1e78ea21779,col720 - College Crossing - Building 2 (Building B) {COLLEGE CROSSING ASSOCIATES. LLC},evidenceOfInsurance,Evidence of Insurance,6ac20aae-5728-5d57-b364-aeba38527dba,Additional Requirements,2cdd866f-c9a4-576a-afd8-1d045762790c,"The location must be listed as: 11010 Strang Line Road, Lenexa, KS, 66215","---prompt---
Determine if the Description of Operations or the Additional Remarks Schedule section states the location indicated in value field",matchOnce,must be present,,Present,compliant,Block Requirements,,,true,2,,2026-08-16
"Block Real Estate Services, LLC",6a185ce7dbcac4598a697a32,69fded1062446148bd848c3a,BWI Companies Inc,6a185c29462ef1e78ea21779,col720 - College Crossing - Building 2 (Building B) {COLLEGE CROSSING ASSOCIATES. LLC},evidenceOfInsurance,Evidence of Insurance,6ac20aae-5728-5d57-b364-aeba38527dba,Additional Requirements,3649e9d1-4e09-59bf-8f30-cb33c40cf117,"Certificate Holder must read: c/o Block Real Estate Services, LLC, 4622 Pennsylvania St., Suite 700, Kansas City, MO, 64112",,matchOnce,must be present,,Present,compliant,Block Requirements,,,true,2,,2026-08-16
"Block Real Estate Services, LLC",6a185ce7dbcac4598a697a33,69fded1662446148bd848e35,H M Cragg Co,6a185c29462ef1e78ea21779,col720 - College Crossing - Building 2 (Building B) {COLLEGE CROSSING ASSOCIATES. LLC},evidenceOfInsurance,Evidence of Insurance,commercialGeneralLiability,Commercial General Liability,evidenceOfInsuranceCommercialGeneralLiabilityCoverageTriggerOccurrence,Coverage Trigger: Occurrence,,matchOnce,must be present,,Present,compliant,Block Requirements,,,false,1,,2026-08-16
"Block Real Estate Services, LLC",6a185ce7dbcac4598a697a33,69fded1662446148bd848e35,H M Cragg Co,6a185c29462ef1e78ea21779,col720 - College Crossing - Building 2 (Building B) {COLLEGE CROSSING ASSOCIATES. LLC},evidenceOfInsurance,Evidence of Insurance,commercialGeneralLiability,Commercial General Liability,evidenceOfInsuranceCommercialGeneralLiabilityGeneralAggregateLimitAppliesPerLocation,General Aggregate Limit Applies per: Location,,matchOnce,must be present,,Present,compliant,Block Requirements,,,false,1,,2026-08-16
"Block Real Estate Services, LLC",6a185ce7dbcac4598a697a33,69fded1662446148bd848e35,H M Cragg Co,6a185c29462ef1e78ea21779,col720 - College Crossing - Building 2 (Building B) {COLLEGE CROSSING ASSOCIATES. LLC},evidenceOfInsurance,Evidence of Insurance,commercialGeneralLiability,Commercial General Liability,evidenceOfInsuranceCommercialGeneralLiabilityEachOccurrence,Each Occurrence,,matchOnce,must be greater or equal to,1000000,1000000,compliant,Block Requirements,,,false,1,,2026-08-16
"Block Real Estate Services, LLC",6a185ce7dbcac4598a697a33,69fded1662446148bd848e35,H M Cragg Co,6a185c29462ef1e78ea21779,col720 - College Crossing - Building 2 (Building B) {COLLEGE CROSSING ASSOCIATES. LLC},evidenceOfInsurance,Evidence of Insurance,commercialGeneralLiability,Commercial General Liability,evidenceOfInsuranceCommercialGeneralLiabilityGeneralAggregate,General Aggregate,,matchOnce,must be greater or equal to,2000000,2000000,compliant,Block Requirements,,,false,1,,2026-08-16
"Block Real Estate Services, LLC",6a185ce7dbcac4598a697a33,69fded1662446148bd848e35,H M Cragg Co,6a185c29462ef1e78ea21779,col720 - College Crossing - Building 2 (Building B) {COLLEGE CROSSING ASSOCIATES. LLC},evidenceOfInsurance,Evidence of Insurance,commercialGeneralLiability,Commercial General Liability,evidenceOfInsuranceCommercialGeneralLiabilityWaiverOfSubrogationEndorsement,Waiver of Subrogation,"---prompt---
Determine if the insurer has waived their right of subrogation in favor of the certificate holder under the Commercial General Liability policy. Evidence may include: a checked ""Waiver of Subrogation"" box on the certificate, mention in the Description of Operations section stating ""waiver of subrogation applies"", or reference to form CG 24 04. Look for language like ""subrogation is waived"" or ""per written contract"".",matchOnce,must be present,,Present,compliant,Block Requirements,,,false,1,,2026-08-16
"Block Real Estate Services, LLC",6a185ce7dbcac4598a697a33,69fded1662446148bd848e35,H M Cragg Co,6a185c29462ef1e78ea21779,col720 - College Crossing - Building 2 (Building B) {COLLEGE CROSSING ASSOCIATES. LLC},evidenceOfInsurance,Evidence of Insurance,excessOrUmbrellaLiability,Umbrella/Excess Liability,evidenceOfInsuranceExcessOrUmbrellaLiabilityOccurence,Coverage Trigger: Occurrence,,matchOnce,must be present,,Present,compliant,Block Requirements,,,false,1,,2026-08-16
"Block Real Estate Services, LLC",6a185ce7dbcac4598a697a33,69fded1662446148bd848e35,H M Cragg Co,6a185c29462ef1e78ea21779,col720 - College Crossing - Building 2 (Building B) {COLLEGE CROSSING ASSOCIATES. LLC},evidenceOfInsurance,Evidence of Insurance,excessOrUmbrellaLiability,Umbrella/Excess Liability,evidenceOfInsuranceExcessOrUmbrellaLiabilityEachOccurrence,Each Occurrence,,matchOnce,must be greater or equal to,1000000,10000000,compliant,Block Requirements,,,false,1,,2026-08-16
"Block Real Estate Services, LLC",6a185ce7dbcac4598a697a33,69fded1662446148bd848e35,H M Cragg Co,6a185c29462ef1e78ea21779,col720 - College Crossing - Building 2 (Building B) {COLLEGE CROSSING ASSOCIATES. LLC},evidenceOfInsurance,Evidence of Insurance,excessOrUmbrellaLiability,Umbrella/Excess Liability,evidenceOfInsuranceExcessOrUmbrellaLiabilityAggregate,Aggregate,,matchOnce,must be greater or equal to,1000000,10000000,compliant,Block Requirements,,,false,1,,2026-08-16
"Block Real Estate Services, LLC",6a185ce7dbcac4598a697a33,69fded1662446148bd848e35,H M Cragg Co,6a185c29462ef1e78ea21779,col720 - College Crossing - Building 2 (Building B) {COLLEGE CROSSING ASSOCIATES. LLC},evidenceOfInsurance,Evidence of Insurance,workersCompensation,Workers' Compensation and Employer's Liability,evidenceOfInsuranceWorkersCompensationStatutoryLimits,Statutory Limits,,matchOnce,must be present,,Present,compliant,Block Requirements,,,false,1,,2026-08-16
"Block Real Estate Services, LLC",6a185ce7dbcac4598a697a33,69fded1662446148bd848e35,H M Cragg Co,6a185c29462ef1e78ea21779,col720 - College Crossing - Building 2 (Building B) {COLLEGE CROSSING ASSOCIATES. LLC},evidenceOfInsurance,Evidence of Insurance,workersCompensation,Workers' Compensation and Employer's Liability,evidenceOfInsuranceWorkersCompensationEmployersLiabilityEachAccident,Employer's Liability Each Accident,,matchOnce,must be greater or equal to,500000,1000000,compliant,Block Requirements,,,false,1,,2026-08-16
"Block Real Estate Services, LLC",6a185ce7dbcac4598a697a33,69fded1662446148bd848e35,H M Cragg Co,6a185c29462ef1e78ea21779,col720 - College Crossing - Building 2 (Building B) {COLLEGE CROSSING ASSOCIATES. LLC},evidenceOfInsurance,Evidence of Insurance,workersCompensation,Workers' Compensation and Employer's Liability,evidenceOfInsuranceWorkersCompensationEmployersLiabilityDiseaseEachEmployee,Employer's Liability Disease - each employee,,matchOnce,must be greater or equal to,500000,1000000,compliant,Block Requirements,,,false,1,,2026-08-16
"Block Real Estate Services, LLC",6a185ce7dbcac4598a697a33,69fded1662446148bd848e35,H M Cragg Co,6a185c29462ef1e78ea21779,col720 - College Crossing - Building 2 (Building B) {COLLEGE CROSSING ASSOCIATES. LLC},evidenceOfInsurance,Evidence of Insurance,workersCompensation,Workers' Compensation and Employer's Liability,evidenceOfInsuranceWorkersCompensationEmployersLiabilityDiseasePolicyLimit,Employer's Liability Disease - policy limit,,matchOnce,must be greater or equal to,500000,1000000,compliant,Block Requirements,,,false,1,,2026-08-16
"Block Real Estate Services, LLC",6a185ce7dbcac4598a697a33,69fded1662446148bd848e35,H M Cragg Co,6a185c29462ef1e78ea21779,col720 - College Crossing - Building 2 (Building B) {COLLEGE CROSSING ASSOCIATES. LLC},evidenceOfInsurance,Evidence of Insurance,workersCompensation,Workers' Compensation and Employer's Liability,evidenceOfInsuranceWorkersCompensationWaiverOfSubrogationEndorsement,Waiver of Subrogation,"---prompt---
Determine if the insurer has waived their right of subrogation in favor of the certificate holder under the Workers' Compensation policy. Evidence may include: a checked ""Waiver of Subrogation"" box on the certificate, mention in the Description of Operations section stating ""waiver of subrogation applies"", or reference to form WC 00 03 13. Look for language like ""subrogation is waived"" or ""per written contract"".",matchOnce,must be present,,,non_compliant,Block Requirements,,,false,0,,2026-08-16
"Block Real Estate Services, LLC",6a185ce7dbcac4598a697a33,69fded1662446148bd848e35,H M Cragg Co,6a185c29462ef1e78ea21779,col720 - College Crossing - Building 2 (Building B) {COLLEGE CROSSING ASSOCIATES. LLC},evidenceOfInsurance,Evidence of Insurance,6ac20aae-5728-5d57-b364-aeba38527dba,Additional Requirements,4da5b0f1-4c9d-5885-8cf8-5d3cccaed3e0,"Block Real Estate Services, LLC and all others required by contract are named as Additional Insureds","---prompt---
Determine if the Description of Operations or the Additional Remarks Schedule section states the ""Additional Insured as Construction Management, Inc. and all others required by contract"" or reference to blanket additional insured coverage. Look for language like ""certificate holder is additional insured"" or ""per written contract"".",matchOnce,must be present,,Present,compliant,Block Requirements,,,true,1,,2026-08-16
"Block Real Estate Services, LLC",6a185ce7dbcac4598a697a33,69fded1662446148bd848e35,H M Cragg Co,6a185c29462ef1e78ea21779,col720 - College Crossing - Building 2 (Building B) {COLLEGE CROSSING ASSOCIATES. LLC},evidenceOfInsurance,Evidence of Insurance,6ac20aae-5728-5d57-b364-aeba38527dba,Additional Requirements,e1017741-e47e-5f58-97b8-fbc3043e919f,Umbrella follows form over General Liability,"---prompt---
Determine if the Umbrella/Excess Liability policy follows form to the underlying policies. Evidence may include: language in the Description of Operations section stating the umbrella follows form to underlying coverages or an additional page endorsement stating that it follows form. Follow form means the umbrella policy adopts the same terms, conditions, and exclusions as the underlying policies.",matchOnce,must be present,,,non_compliant,Block Requirements,,,true,0,,2026-08-16
"Block Real Estate Services, LLC",6a185ce7dbcac4598a697a33,69fded1662446148bd848e35,H M Cragg Co,6a185c29462ef1e78ea21779,col720 - College Crossing - Building 2 (Building B) {COLLEGE CROSSING ASSOCIATES. LLC},evidenceOfInsurance,Evidence of Insurance,6ac20aae-5728-5d57-b364-aeba38527dba,Additional Requirements,2cdd866f-c9a4-576a-afd8-1d045762790c,"The location must be listed as: 11016, 11018 Strang Line Road, Lenexa, KS, 66215","---prompt---
Determine if the Description of Operations or the Additional Remarks Schedule section states the location indicated in value field",matchOnce,must be present,,Present,compliant,Block Requirements,,,true,1,,2026-08-16
"Block Real Estate Services, LLC",6a185ce7dbcac4598a697a33,69fded1662446148bd848e35,H M Cragg Co,6a185c29462ef1e78ea21779,col720 - College Crossing - Building 2 (Building B) {COLLEGE CROSSING ASSOCIATES. LLC},evidenceOfInsurance,Evidence of Insurance,6ac20aae-5728-5d57-b364-aeba38527dba,Additional Requirements,3649e9d1-4e09-59bf-8f30-cb33c40cf117,"Certificate Holder must read: c/o Block Real Estate Services, LLC, 4622 Pennsylvania St., Suite 700, Kansas City, MO, 64112",,matchOnce,must be present,,Present,compliant,Block Requirements,,,true,1,,2026-08-16
"Block Real Estate Services, LLC",6a185ce7dbcac4598a697a34,69fded0e62446148bd848bb0,AVI-SPL LLC,6a185c29462ef1e78ea21779,col720 - College Crossing - Building 2 (Building B) {COLLEGE CROSSING ASSOCIATES. LLC},evidenceOfInsurance,Evidence of Insurance,commercialGeneralLiability,Commercial General Liability,evidenceOfInsuranceCommercialGeneralLiabilityCoverageTriggerOccurrence,Coverage Trigger: Occurrence,,matchOnce,must be present,,Present,compliant,Block Requirements,,,false,1,,2026-08-16
"Block Real Estate Services, LLC",6a185ce7dbcac4598a697a34,69fded0e62446148bd848bb0,AVI-SPL LLC,6a185c29462ef1e78ea21779,col720 - College Crossing - Building 2 (Building B) {COLLEGE CROSSING ASSOCIATES. LLC},evidenceOfInsurance,Evidence of Insurance,commercialGeneralLiability,Commercial General Liability,evidenceOfInsuranceCommercialGeneralLiabilityGeneralAggregateLimitAppliesPerLocation,General Aggregate Limit Applies per: Location,,matchOnce,must be present,,Present,compliant,Block Requirements,,,false,1,,2026-08-16
"Block Real Estate Services, LLC",6a185ce7dbcac4598a697a34,69fded0e62446148bd848bb0,AVI-SPL LLC,6a185c29462ef1e78ea21779,col720 - College Crossing - Building 2 (Building B) {COLLEGE CROSSING ASSOCIATES. LLC},evidenceOfInsurance,Evidence of Insurance,commercialGeneralLiability,Commercial General Liability,evidenceOfInsuranceCommercialGeneralLiabilityEachOccurrence,Each Occurrence,,matchOnce,must be greater or equal to,1000000,1000000,compliant,Block Requirements,,,false,1,,2026-08-16
"Block Real Estate Services, LLC",6a185ce7dbcac4598a697a34,69fded0e62446148bd848bb0,AVI-SPL LLC,6a185c29462ef1e78ea21779,col720 - College Crossing - Building 2 (Building B) {COLLEGE CROSSING ASSOCIATES. LLC},evidenceOfInsurance,Evidence of Insurance,commercialGeneralLiability,Commercial General Liability,evidenceOfInsuranceCommercialGeneralLiabilityGeneralAggregate,General Aggregate,,matchOnce,must be greater or equal to,2000000,3000000,compliant,Block Requirements,,,false,1,,2026-08-16
"Block Real Estate Services, LLC",6a185ce7dbcac4598a697a34,69fded0e62446148bd848bb0,AVI-SPL LLC,6a185c29462ef1e78ea21779,col720 - College Crossing - Building 2 (Building B) {COLLEGE CROSSING ASSOCIATES. LLC},evidenceOfInsurance,Evidence of Insurance,commercialGeneralLiability,Commercial General Liability,evidenceOfInsuranceCommercialGeneralLiabilityWaiverOfSubrogationEndorsement,Waiver of Subrogation,"---prompt---
Determine if the insurer has waived their right of subrogation in favor of the certificate holder under the Commercial General Liability policy. Evidence may include: a checked ""Waiver of Subrogation"" box on the certificate, mention in the Description of Operations section stating ""waiver of subrogation applies"", or reference to form CG 24 04. Look for language like ""subrogation is waived"" or ""per written contract"".",matchOnce,must be present,,Present,compliant,Block Requirements,,,false,1,,2026-08-16
"Block Real Estate Services, LLC",6a185ce7dbcac4598a697a34,69fded0e62446148bd848bb0,AVI-SPL LLC,6a185c29462ef1e78ea21779,col720 - College Crossing - Building 2 (Building B) {COLLEGE CROSSING ASSOCIATES. LLC},evidenceOfInsurance,Evidence of Insurance,excessOrUmbrellaLiability,Umbrella/Excess Liability,evidenceOfInsuranceExcessOrUmbrellaLiabilityOccurence,Coverage Trigger: Occurrence,,matchOnce,must be present,,Present,compliant,Block Requirements,,,false,1,,2026-08-16
"Block Real Estate Services, LLC",6a185ce7dbcac4598a697a34,69fded0e62446148bd848bb0,AVI-SPL LLC,6a185c29462ef1e78ea21779,col720 - College Crossing - Building 2 (Building B) {COLLEGE CROSSING ASSOCIATES. LLC},evidenceOfInsurance,Evidence of Insurance,excessOrUmbrellaLiability,Umbrella/Excess Liability,evidenceOfInsuranceExcessOrUmbrellaLiabilityEachOccurrence,Each Occurrence,,matchOnce,must be greater or equal to,1000000,5000000,compliant,Block Requirements,,,false,1,,2026-08-16
"Block Real Estate Services, LLC",6a185ce7dbcac4598a697a34,69fded0e62446148bd848bb0,AVI-SPL LLC,6a185c29462ef1e78ea21779,col720 - College Crossing - Building 2 (Building B) {COLLEGE CROSSING ASSOCIATES. LLC},evidenceOfInsurance,Evidence of Insurance,excessOrUmbrellaLiability,Umbrella/Excess Liability,evidenceOfInsuranceExcessOrUmbrellaLiabilityAggregate,Aggregate,,matchOnce,must be greater or equal to,1000000,5000000,compliant,Block Requirements,,,false,1,,2026-08-16
"Block Real Estate Services, LLC",6a185ce7dbcac4598a697a34,69fded0e62446148bd848bb0,AVI-SPL LLC,6a185c29462ef1e78ea21779,col720 - College Crossing - Building 2 (Building B) {COLLEGE CROSSING ASSOCIATES. LLC},evidenceOfInsurance,Evidence of Insurance,workersCompensation,Workers' Compensation and Employer's Liability,evidenceOfInsuranceWorkersCompensationStatutoryLimits,Statutory Limits,,matchOnce,must be present,,Present,compliant,Block Requirements,,,false,1,,2026-08-16
"Block Real Estate Services, LLC",6a185ce7dbcac4598a697a34,69fded0e62446148bd848bb0,AVI-SPL LLC,6a185c29462ef1e78ea21779,col720 - College Crossing - Building 2 (Building B) {COLLEGE CROSSING ASSOCIATES. LLC},evidenceOfInsurance,Evidence of Insurance,workersCompensation,Workers' Compensation and Employer's Liability,evidenceOfInsuranceWorkersCompensationEmployersLiabilityEachAccident,Employer's Liability Each Accident,,matchOnce,must be greater or equal to,500000,1000000,compliant,Block Requirements,,,false,1,,2026-08-16
"Block Real Estate Services, LLC",6a185ce7dbcac4598a697a34,69fded0e62446148bd848bb0,AVI-SPL LLC,6a185c29462ef1e78ea21779,col720 - College Crossing - Building 2 (Building B) {COLLEGE CROSSING ASSOCIATES. LLC},evidenceOfInsurance,Evidence of Insurance,workersCompensation,Workers' Compensation and Employer's Liability,evidenceOfInsuranceWorkersCompensationEmployersLiabilityDiseaseEachEmployee,Employer's Liability Disease - each employee,,matchOnce,must be greater or equal to,500000,1000000,compliant,Block Requirements,,,false,1,,2026-08-16
"Block Real Estate Services, LLC",6a185ce7dbcac4598a697a34,69fded0e62446148bd848bb0,AVI-SPL LLC,6a185c29462ef1e78ea21779,col720 - College Crossing - Building 2 (Building B) {COLLEGE CROSSING ASSOCIATES. LLC},evidenceOfInsurance,Evidence of Insurance,workersCompensation,Workers' Compensation and Employer's Liability,evidenceOfInsuranceWorkersCompensationEmployersLiabilityDiseasePolicyLimit,Employer's Liability Disease - policy limit,,matchOnce,must be greater or equal to,500000,1000000,compliant,Block Requirements,,,false,1,,2026-08-16
"Block Real Estate Services, LLC",6a185ce7dbcac4598a697a34,69fded0e62446148bd848bb0,AVI-SPL LLC,6a185c29462ef1e78ea21779,col720 - College Crossing - Building 2 (Building B) {COLLEGE CROSSING ASSOCIATES. LLC},evidenceOfInsurance,Evidence of Insurance,workersCompensation,Workers' Compensation and Employer's Liability,evidenceOfInsuranceWorkersCompensationWaiverOfSubrogationEndorsement,Waiver of Subrogation,"---prompt---
Determine if the insurer has waived their right of subrogation in favor of the certificate holder under the Workers' Compensation policy. Evidence may include: a checked ""Waiver of Subrogation"" box on the certificate, mention in the Description of Operations section stating ""waiver of subrogation applies"", or reference to form WC 00 03 13. Look for language like ""subrogation is waived"" or ""per written contract"".",matchOnce,must be present,,,non_compliant,Block Requirements,,,false,0,,2026-08-16
"Block Real Estate Services, LLC",6a185ce7dbcac4598a697a34,69fded0e62446148bd848bb0,AVI-SPL LLC,6a185c29462ef1e78ea21779,col720 - College Crossing - Building 2 (Building B) {COLLEGE CROSSING ASSOCIATES. LLC},evidenceOfInsurance,Evidence of Insurance,6ac20aae-5728-5d57-b364-aeba38527dba,Additional Requirements,4da5b0f1-4c9d-5885-8cf8-5d3cccaed3e0,"Block Real Estate Services, LLC and all others required by contract are named as Additional Insureds","---prompt---
Determine if the Description of Operations or the Additional Remarks Schedule section states the ""Additional Insured as Construction Management, Inc. and all others required by contract"" or reference to blanket additional insured coverage. Look for language like ""certificate holder is additional insured"" or ""per written contract"".",matchOnce,must be present,,Present,compliant,Block Requirements,,,true,1,,2026-08-16
"Block Real Estate Services, LLC",6a185ce7dbcac4598a697a34,69fded0e62446148bd848bb0,AVI-SPL LLC,6a185c29462ef1e78ea21779,col720 - College Crossing - Building 2 (Building B) {COLLEGE CROSSING ASSOCIATES. LLC},evidenceOfInsurance,Evidence of Insurance,6ac20aae-5728-5d57-b364-aeba38527dba,Additional Requirements,e1017741-e47e-5f58-97b8-fbc3043e919f,Umbrella follows form over General Liability,"---prompt---
Determine if the Umbrella/Excess Liability policy follows form to the underlying policies. Evidence may include: language in the Description of Operations section stating the umbrella follows form to underlying coverages or an additional page endorsement stating that it follows form. Follow form means the umbrella policy adopts the same terms, conditions, and exclusions as the underlying policies.",matchOnce,must be present,,Present,compliant,Block Requirements,,,true,1,,2026-08-16
"Block Real Estate Services, LLC",6a185ce7dbcac4598a697a34,69fded0e62446148bd848bb0,AVI-SPL LLC,6a185c29462ef1e78ea21779,col720 - College Crossing - Building 2 (Building B) {COLLEGE CROSSING ASSOCIATES. LLC},evidenceOfInsurance,Evidence of Insurance,6ac20aae-5728-5d57-b364-aeba38527dba,Additional Requirements,2cdd866f-c9a4-576a-afd8-1d045762790c,"The location must be listed as: 11028 Strang Line Road, Lenexa, KS, 66215","---prompt---
Determine if the Description of Operations or the Additional Remarks Schedule section states the location indicated in value field",matchOnce,must be present,,,non_compliant,Block Requirements,,,true,0,,2026-08-16
"Block Real Estate Services, LLC",6a185ce7dbcac4598a697a34,69fded0e62446148bd848bb0,AVI-SPL LLC,6a185c29462ef1e78ea21779,col720 - College Crossing - Building 2 (Building B) {COLLEGE CROSSING ASSOCIATES. LLC},evidenceOfInsurance,Evidence of Insurance,6ac20aae-5728-5d57-b364-aeba38527dba,Additional Requirements,3649e9d1-4e09-59bf-8f30-cb33c40cf117,"Certificate Holder must read: c/o Block Real Estate Services, LLC, 4622 Pennsylvania St., Suite 700, Kansas City, MO, 64112",,matchOnce,must be present,,Present,compliant,Block Requirements,,,true,1,,2026-08-16
"Block Real Estate Services, LLC",6a185ce7dbcac4598a697a35,69fded1e62446148bd849093,Pivot International Inc,6a185c29462ef1e78ea21779,col720 - College Crossing - Building 2 (Building B) {COLLEGE CROSSING ASSOCIATES. LLC},evidenceOfInsurance,Evidence of Insurance,commercialGeneralLiability,Commercial General Liability,evidenceOfInsuranceCommercialGeneralLiabilityCoverageTriggerOccurrence,Coverage Trigger: Occurrence,,matchOnce,must be present,,Present,compliant,Block Requirements,,,false,2,,2026-08-16
"Block Real Estate Services, LLC",6a185ce7dbcac4598a697a35,69fded1e62446148bd849093,Pivot International Inc,6a185c29462ef1e78ea21779,col720 - College Crossing - Building 2 (Building B) {COLLEGE CROSSING ASSOCIATES. LLC},evidenceOfInsurance,Evidence of Insurance,commercialGeneralLiability,Commercial General Liability,evidenceOfInsuranceCommercialGeneralLiabilityGeneralAggregateLimitAppliesPerLocation,General Aggregate Limit Applies per: Location,,matchOnce,must be present,,,non_compliant,Block Requirements,,,false,0,,2026-08-16
"Block Real Estate Services, LLC",6a185ce7dbcac4598a697a35,69fded1e62446148bd849093,Pivot International Inc,6a185c29462ef1e78ea21779,col720 - College Crossing - Building 2 (Building B) {COLLEGE CROSSING ASSOCIATES. LLC},evidenceOfInsurance,Evidence of Insurance,commercialGeneralLiability,Commercial General Liability,evidenceOfInsuranceCommercialGeneralLiabilityEachOccurrence,Each Occurrence,,matchOnce,must be greater or equal to,1000000,1000000,compliant,Block Requirements,,,false,2,,2026-08-16
"Block Real Estate Services, LLC",6a185ce7dbcac4598a697a35,69fded1e62446148bd849093,Pivot International Inc,6a185c29462ef1e78ea21779,col720 - College Crossing - Building 2 (Building B) {COLLEGE CROSSING ASSOCIATES. LLC},evidenceOfInsurance,Evidence of Insurance,commercialGeneralLiability,Commercial General Liability,evidenceOfInsuranceCommercialGeneralLiabilityGeneralAggregate,General Aggregate,,matchOnce,must be greater or equal to,2000000,2000000,compliant,Block Requirements,,,false,2,,2026-08-16
"Block Real Estate Services, LLC",6a185ce7dbcac4598a697a35,69fded1e62446148bd849093,Pivot International Inc,6a185c29462ef1e78ea21779,col720 - College Crossing - Building 2 (Building B) {COLLEGE CROSSING ASSOCIATES. LLC},evidenceOfInsurance,Evidence of Insurance,commercialGeneralLiability,Commercial General Liability,evidenceOfInsuranceCommercialGeneralLiabilityWaiverOfSubrogationEndorsement,Waiver of Subrogation,"---prompt---
Determine if the insurer has waived their right of subrogation in favor of the certificate holder under the Commercial General Liability policy. Evidence may include: a checked ""Waiver of Subrogation"" box on the certificate, mention in the Description of Operations section stating ""waiver of subrogation applies"", or reference to form CG 24 04. Look for language like ""subrogation is waived"" or ""per written contract"".",matchOnce,must be present,,Present,compliant,Block Requirements,,,false,1,,2026-08-16
"Block Real Estate Services, LLC",6a185ce7dbcac4598a697a35,69fded1e62446148bd849093,Pivot International Inc,6a185c29462ef1e78ea21779,col720 - College Crossing - Building 2 (Building B) {COLLEGE CROSSING ASSOCIATES. LLC},evidenceOfInsurance,Evidence of Insurance,excessOrUmbrellaLiability,Umbrella/Excess Liability,evidenceOfInsuranceExcessOrUmbrellaLiabilityOccurence,Coverage Trigger: Occurrence,,matchOnce,must be present,,Present,compliant,Block Requirements,,,false,2,,2026-08-16
"Block Real Estate Services, LLC",6a185ce7dbcac4598a697a35,69fded1e62446148bd849093,Pivot International Inc,6a185c29462ef1e78ea21779,col720 - College Crossing - Building 2 (Building B) {COLLEGE CROSSING ASSOCIATES. LLC},evidenceOfInsurance,Evidence of Insurance,excessOrUmbrellaLiability,Umbrella/Excess Liability,evidenceOfInsuranceExcessOrUmbrellaLiabilityEachOccurrence,Each Occurrence,,matchOnce,must be greater or equal to,1000000,15000000,compliant,Block Requirements,,,false,2,,2026-08-16
"Block Real Estate Services, LLC",6a185ce7dbcac4598a697a35,69fded1e62446148bd849093,Pivot International Inc,6a185c29462ef1e78ea21779,col720 - College Crossing - Building 2 (Building B) {COLLEGE CROSSING ASSOCIATES. LLC},evidenceOfInsurance,Evidence of Insurance,excessOrUmbrellaLiability,Umbrella/Excess Liability,evidenceOfInsuranceExcessOrUmbrellaLiabilityAggregate,Aggregate,,matchOnce,must be greater or equal to,1000000,15000000,compliant,Block Requirements,,,false,2,,2026-08-16
"Block Real Estate Services, LLC",6a185ce7dbcac4598a697a35,69fded1e62446148bd849093,Pivot International Inc,6a185c29462ef1e78ea21779,col720 - College Crossing - Building 2 (Building B) {COLLEGE CROSSING ASSOCIATES. LLC},evidenceOfInsurance,Evidence of Insurance,workersCompensation,Workers' Compensation and Employer's Liability,evidenceOfInsuranceWorkersCompensationStatutoryLimits,Statutory Limits,,matchOnce,must be present,,Present,compliant,Block Requirements,,,false,2,,2026-08-16
"Block Real Estate Services, LLC",6a185ce7dbcac4598a697a35,69fded1e62446148bd849093,Pivot International Inc,6a185c29462ef1e78ea21779,col720 - College Crossing - Building 2 (Building B) {COLLEGE CROSSING ASSOCIATES. LLC},evidenceOfInsurance,Evidence of Insurance,workersCompensation,Workers' Compensation and Employer's Liability,evidenceOfInsuranceWorkersCompensationEmployersLiabilityEachAccident,Employer's Liability Each Accident,,matchOnce,must be greater or equal to,500000,1000000,compliant,Block Requirements,,,false,2,,2026-08-16
"Block Real Estate Services, LLC",6a185ce7dbcac4598a697a35,69fded1e62446148bd849093,Pivot International Inc,6a185c29462ef1e78ea21779,col720 - College Crossing - Building 2 (Building B) {COLLEGE CROSSING ASSOCIATES. LLC},evidenceOfInsurance,Evidence of Insurance,workersCompensation,Workers' Compensation and Employer's Liability,evidenceOfInsuranceWorkersCompensationEmployersLiabilityDiseaseEachEmployee,Employer's Liability Disease - each employee,,matchOnce,must be greater or equal to,500000,1000000,compliant,Block Requirements,,,false,2,,2026-08-16
"Block Real Estate Services, LLC",6a185ce7dbcac4598a697a35,69fded1e62446148bd849093,Pivot International Inc,6a185c29462ef1e78ea21779,col720 - College Crossing - Building 2 (Building B) {COLLEGE CROSSING ASSOCIATES. LLC},evidenceOfInsurance,Evidence of Insurance,workersCompensation,Workers' Compensation and Employer's Liability,evidenceOfInsuranceWorkersCompensationEmployersLiabilityDiseasePolicyLimit,Employer's Liability Disease - policy limit,,matchOnce,must be greater or equal to,500000,1000000,compliant,Block Requirements,,,false,2,,2026-08-16
"Block Real Estate Services, LLC",6a185ce7dbcac4598a697a35,69fded1e62446148bd849093,Pivot International Inc,6a185c29462ef1e78ea21779,col720 - College Crossing - Building 2 (Building B) {COLLEGE CROSSING ASSOCIATES. LLC},evidenceOfInsurance,Evidence of Insurance,workersCompensation,Workers' Compensation and Employer's Liability,evidenceOfInsuranceWorkersCompensationWaiverOfSubrogationEndorsement,Waiver of Subrogation,"---prompt---
Determine if the insurer has waived their right of subrogation in favor of the certificate holder under the Workers' Compensation policy. Evidence may include: a checked ""Waiver of Subrogation"" box on the certificate, mention in the Description of Operations section stating ""waiver of subrogation applies"", or reference to form WC 00 03 13. Look for language like ""subrogation is waived"" or ""per written contract"".",matchOnce,must be present,,Present,compliant,Block Requirements,,,false,2,,2026-08-16
"Block Real Estate Services, LLC",6a185ce7dbcac4598a697a35,69fded1e62446148bd849093,Pivot International Inc,6a185c29462ef1e78ea21779,col720 - College Crossing - Building 2 (Building B) {COLLEGE CROSSING ASSOCIATES. LLC},evidenceOfInsurance,Evidence of Insurance,6ac20aae-5728-5d57-b364-aeba38527dba,Additional Requirements,4da5b0f1-4c9d-5885-8cf8-5d3cccaed3e0,"Block Real Estate Services, LLC and all others required by contract are named as Additional Insureds","---prompt---
Determine if the Description of Operations or the Additional Remarks Schedule section states the ""Additional Insured as Construction Management, Inc. and all others required by contract"" or reference to blanket additional insured coverage. Look for language like ""certificate holder is additional insured"" or ""per written contract"".",matchOnce,must be present,,Present,compliant,Block Requirements,,,true,1,,2026-08-16
"Block Real Estate Services, LLC",6a185ce7dbcac4598a697a35,69fded1e62446148bd849093,Pivot International Inc,6a185c29462ef1e78ea21779,col720 - College Crossing - Building 2 (Building B) {COLLEGE CROSSING ASSOCIATES. LLC},evidenceOfInsurance,Evidence of Insurance,6ac20aae-5728-5d57-b364-aeba38527dba,Additional Requirements,e1017741-e47e-5f58-97b8-fbc3043e919f,Umbrella follows form over General Liability,"---prompt---
Determine if the Umbrella/Excess Liability policy follows form to the underlying policies. Evidence may include: language in the Description of Operations section stating the umbrella follows form to underlying coverages or an additional page endorsement stating that it follows form. Follow form means the umbrella policy adopts the same terms, conditions, and exclusions as the underlying policies.",matchOnce,must be present,,Present,compliant,Block Requirements,,,true,2,,2026-08-16
"Block Real Estate Services, LLC",6a185ce7dbcac4598a697a35,69fded1e62446148bd849093,Pivot International Inc,6a185c29462ef1e78ea21779,col720 - College Crossing - Building 2 (Building B) {COLLEGE CROSSING ASSOCIATES. LLC},evidenceOfInsurance,Evidence of Insurance,6ac20aae-5728-5d57-b364-aeba38527dba,Additional Requirements,2cdd866f-c9a4-576a-afd8-1d045762790c,"The location must be listed as: 11030 Strang Line Road, Lenexa, KS, 66215","---prompt---
Determine if the Description of Operations or the Additional Remarks Schedule section states the location indicated in value field",matchOnce,must be present,,Present,compliant,Block Requirements,,,true,2,,2026-08-16
"Block Real Estate Services, LLC",6a185ce7dbcac4598a697a35,69fded1e62446148bd849093,Pivot International Inc,6a185c29462ef1e78ea21779,col720 - College Crossing - Building 2 (Building B) {COLLEGE CROSSING ASSOCIATES. LLC},evidenceOfInsurance,Evidence of Insurance,6ac20aae-5728-5d57-b364-aeba38527dba,Additional Requirements,3649e9d1-4e09-59bf-8f30-cb33c40cf117,"Certificate Holder must read: c/o Block Real Estate Services, LLC, 4622 Pennsylvania St., Suite 700, Kansas City, MO, 64112",,matchOnce,must be present,,Present,compliant,Block Requirements,,,true,1,,2026-08-16
"Block Real Estate Services, LLC",6a186237907a70f1cb158b8d,6a185e8d5a886bcac13878a0,NAPA / Genuine Parts Company,69fdf026e45e7dcf5c436036,"gd1411 - Guaranty Development - 11820 Blue Ridge {Guaranty Development Group, LLC}",evidenceOfInsurance,Evidence of Insurance,commercialGeneralLiability,Commercial General Liability,evidenceOfInsuranceCommercialGeneralLiabilityCoverageTriggerOccurrence,Coverage Trigger: Occurrence,,matchOnce,must be present,,,non_compliant,Block Requirements,,,false,0,,2026-08-16
"Block Real Estate Services, LLC",6a186237907a70f1cb158b8d,6a185e8d5a886bcac13878a0,NAPA / Genuine Parts Company,69fdf026e45e7dcf5c436036,"gd1411 - Guaranty Development - 11820 Blue Ridge {Guaranty Development Group, LLC}",evidenceOfInsurance,Evidence of Insurance,commercialGeneralLiability,Commercial General Liability,evidenceOfInsuranceCommercialGeneralLiabilityGeneralAggregateLimitAppliesPerLocation,General Aggregate Limit Applies per: Location,,matchOnce,must be present,,,non_compliant,Block Requirements,,,false,0,,2026-08-16
"Block Real Estate Services, LLC",6a186237907a70f1cb158b8d,6a185e8d5a886bcac13878a0,NAPA / Genuine Parts Company,69fdf026e45e7dcf5c436036,"gd1411 - Guaranty Development - 11820 Blue Ridge {Guaranty Development Group, LLC}",evidenceOfInsurance,Evidence of Insurance,commercialGeneralLiability,Commercial General Liability,evidenceOfInsuranceCommercialGeneralLiabilityEachOccurrence,Each Occurrence,,matchOnce,must be greater or equal to,1000000,,non_compliant,Block Requirements,,,false,0,,2026-08-16
"Block Real Estate Services, LLC",6a186237907a70f1cb158b8d,6a185e8d5a886bcac13878a0,NAPA / Genuine Parts Company,69fdf026e45e7dcf5c436036,"gd1411 - Guaranty Development - 11820 Blue Ridge {Guaranty Development Group, LLC}",evidenceOfInsurance,Evidence of Insurance,commercialGeneralLiability,Commercial General Liability,evidenceOfInsuranceCommercialGeneralLiabilityGeneralAggregate,General Aggregate,,matchOnce,must be greater or equal to,2000000,,non_compliant,Block Requirements,,,false,0,,2026-08-16
"Block Real Estate Services, LLC",6a186237907a70f1cb158b8d,6a185e8d5a886bcac13878a0,NAPA / Genuine Parts Company,69fdf026e45e7dcf5c436036,"gd1411 - Guaranty Development - 11820 Blue Ridge {Guaranty Development Group, LLC}",evidenceOfInsurance,Evidence of Insurance,commercialGeneralLiability,Commercial General Liability,evidenceOfInsuranceCommercialGeneralLiabilityWaiverOfSubrogationEndorsement,Waiver of Subrogation,"---prompt---
Determine if the insurer has waived their right of subrogation in favor of the certificate holder under the Commercial General Liability policy. Evidence may include: a checked ""Waiver of Subrogation"" box on the certificate, mention in the Description of Operations section stating ""waiver of subrogation applies"", or reference to form CG 24 04. Look for language like ""subrogation is waived"" or ""per written contract"".",matchOnce,must be present,,,non_compliant,Block Requirements,,,false,0,,2026-08-16
"Block Real Estate Services, LLC",6a186237907a70f1cb158b8d,6a185e8d5a886bcac13878a0,NAPA / Genuine Parts Company,69fdf026e45e7dcf5c436036,"gd1411 - Guaranty Development - 11820 Blue Ridge {Guaranty Development Group, LLC}",evidenceOfInsurance,Evidence of Insurance,excessOrUmbrellaLiability,Umbrella/Excess Liability,evidenceOfInsuranceExcessOrUmbrellaLiabilityOccurence,Coverage Trigger: Occurrence,,matchOnce,must be present,,,non_compliant,Block Requirements,,,false,0,,2026-08-16
"Block Real Estate Services, LLC",6a186237907a70f1cb158b8d,6a185e8d5a886bcac13878a0,NAPA / Genuine Parts Company,69fdf026e45e7dcf5c436036,"gd1411 - Guaranty Development - 11820 Blue Ridge {Guaranty Development Group, LLC}",evidenceOfInsurance,Evidence of Insurance,excessOrUmbrellaLiability,Umbrella/Excess Liability,evidenceOfInsuranceExcessOrUmbrellaLiabilityEachOccurrence,Each Occurrence,,matchOnce,must be greater or equal to,1000000,,non_compliant,Block Requirements,,,false,0,,2026-08-16
"Block Real Estate Services, LLC",6a186237907a70f1cb158b8d,6a185e8d5a886bcac13878a0,NAPA / Genuine Parts Company,69fdf026e45e7dcf5c436036,"gd1411 - Guaranty Development - 11820 Blue Ridge {Guaranty Development Group, LLC}",evidenceOfInsurance,Evidence of Insurance,excessOrUmbrellaLiability,Umbrella/Excess Liability,evidenceOfInsuranceExcessOrUmbrellaLiabilityAggregate,Aggregate,,matchOnce,must be greater or equal to,1000000,,non_compliant,Block Requirements,,,false,0,,2026-08-16
"Block Real Estate Services, LLC",6a186237907a70f1cb158b8d,6a185e8d5a886bcac13878a0,NAPA / Genuine Parts Company,69fdf026e45e7dcf5c436036,"gd1411 - Guaranty Development - 11820 Blue Ridge {Guaranty Development Group, LLC}",evidenceOfInsurance,Evidence of Insurance,workersCompensation,Workers' Compensation and Employer's Liability,evidenceOfInsuranceWorkersCompensationStatutoryLimits,Statutory Limits,,matchOnce,must be present,,,non_compliant,Block Requirements,,,false,0,,2026-08-16
"Block Real Estate Services, LLC",6a186237907a70f1cb158b8d,6a185e8d5a886bcac13878a0,NAPA / Genuine Parts Company,69fdf026e45e7dcf5c436036,"gd1411 - Guaranty Development - 11820 Blue Ridge {Guaranty Development Group, LLC}",evidenceOfInsurance,Evidence of Insurance,workersCompensation,Workers' Compensation and Employer's Liability,evidenceOfInsuranceWorkersCompensationEmployersLiabilityEachAccident,Employer's Liability Each Accident,,matchOnce,must be greater or equal to,500000,,non_compliant,Block Requirements,,,false,0,,2026-08-16
"Block Real Estate Services, LLC",6a186237907a70f1cb158b8d,6a185e8d5a886bcac13878a0,NAPA / Genuine Parts Company,69fdf026e45e7dcf5c436036,"gd1411 - Guaranty Development - 11820 Blue Ridge {Guaranty Development Group, LLC}",evidenceOfInsurance,Evidence of Insurance,workersCompensation,Workers' Compensation and Employer's Liability,evidenceOfInsuranceWorkersCompensationEmployersLiabilityDiseaseEachEmployee,Employer's Liability Disease - each employee,,matchOnce,must be greater or equal to,500000,,non_compliant,Block Requirements,,,false,0,,2026-08-16
"Block Real Estate Services, LLC",6a186237907a70f1cb158b8d,6a185e8d5a886bcac13878a0,NAPA / Genuine Parts Company,69fdf026e45e7dcf5c436036,"gd1411 - Guaranty Development - 11820 Blue Ridge {Guaranty Development Group, LLC}",evidenceOfInsurance,Evidence of Insurance,workersCompensation,Workers' Compensation and Employer's Liability,evidenceOfInsuranceWorkersCompensationEmployersLiabilityDiseasePolicyLimit,Employer's Liability Disease - policy limit,,matchOnce,must be greater or equal to,500000,,non_compliant,Block Requirements,,,false,0,,2026-08-16
"Block Real Estate Services, LLC",6a186237907a70f1cb158b8d,6a185e8d5a886bcac13878a0,NAPA / Genuine Parts Company,69fdf026e45e7dcf5c436036,"gd1411 - Guaranty Development - 11820 Blue Ridge {Guaranty Development Group, LLC}",evidenceOfInsurance,Evidence of Insurance,workersCompensation,Workers' Compensation and Employer's Liability,evidenceOfInsuranceWorkersCompensationWaiverOfSubrogationEndorsement,Waiver of Subrogation,"---prompt---
Determine if the insurer has waived their right of subrogation in favor of the certificate holder under the Workers' Compensation policy. Evidence may include: a checked ""Waiver of Subrogation"" box on the certificate, mention in the Description of Operations section stating ""waiver of subrogation applies"", or reference to form WC 00 03 13. Look for language like ""subrogation is waived"" or ""per written contract"".",matchOnce,must be present,,,non_compliant,Block Requirements,,,false,0,,2026-08-16
"Block Real Estate Services, LLC",6a186237907a70f1cb158b8d,6a185e8d5a886bcac13878a0,NAPA / Genuine Parts Company,69fdf026e45e7dcf5c436036,"gd1411 - Guaranty Development - 11820 Blue Ridge {Guaranty Development Group, LLC}",evidenceOfInsurance,Evidence of Insurance,6ac20aae-5728-5d57-b364-aeba38527dba,Additional Requirements,4da5b0f1-4c9d-5885-8cf8-5d3cccaed3e0,"Block Real Estate Services, LLC and all others required by contract are named as Additional Insureds","---prompt---
Determine if the Description of Operations or the Additional Remarks Schedule section states the ""Additional Insured as Construction Management, Inc. and all others required by contract"" or reference to blanket additional insured coverage. Look for language like ""certificate holder is additional insured"" or ""per written contract"".",matchOnce,must be present,,,non_compliant,Block Requirements,,,true,0,,2026-08-16
"Block Real Estate Services, LLC",6a186237907a70f1cb158b8d,6a185e8d5a886bcac13878a0,NAPA / Genuine Parts Company,69fdf026e45e7dcf5c436036,"gd1411 - Guaranty Development - 11820 Blue Ridge {Guaranty Development Group, LLC}",evidenceOfInsurance,Evidence of Insurance,6ac20aae-5728-5d57-b364-aeba38527dba,Additional Requirements,e1017741-e47e-5f58-97b8-fbc3043e919f,Umbrella follows form over General Liability,"---prompt---
Determine if the Umbrella/Excess Liability policy follows form to the underlying policies. Evidence may include: language in the Description of Operations section stating the umbrella follows form to underlying coverages or an additional page endorsement stating that it follows form. Follow form means the umbrella policy adopts the same terms, conditions, and exclusions as the underlying policies.",matchOnce,must be present,,,non_compliant,Block Requirements,,,true,0,,2026-08-16
"Block Real Estate Services, LLC",6a186237907a70f1cb158b8d,6a185e8d5a886bcac13878a0,NAPA / Genuine Parts Company,69fdf026e45e7dcf5c436036,"gd1411 - Guaranty Development - 11820 Blue Ridge {Guaranty Development Group, LLC}",evidenceOfInsurance,Evidence of Insurance,6ac20aae-5728-5d57-b364-aeba38527dba,Additional Requirements,2cdd866f-c9a4-576a-afd8-1d045762790c,"The location must be listed as: 11820 Blue Ridge Boulevard, Kansas City, MO, 64134","---prompt---
Determine if the Description of Operations or the Additional Remarks Schedule section states the location indicated in value field",matchOnce,must be present,,,non_compliant,Block Requirements,,,true,0,,2026-08-16
"Block Real Estate Services, LLC",6a186237907a70f1cb158b8d,6a185e8d5a886bcac13878a0,NAPA / Genuine Parts Company,69fdf026e45e7dcf5c436036,"gd1411 - Guaranty Development - 11820 Blue Ridge {Guaranty Development Group, LLC}",evidenceOfInsurance,Evidence of Insurance,6ac20aae-5728-5d57-b364-aeba38527dba,Additional Requirements,3649e9d1-4e09-59bf-8f30-cb33c40cf117,"Certificate Holder must read: c/o Block Real Estate Services, LLC, 4622 Pennsylvania St., Suite 700, Kansas City, MO, 64112",,matchOnce,must be present,,,non_compliant,Block Requirements,,,true,0,,2026-08-16
"Block Real Estate Services, LLC",6a186a3ddbcac4598a69c2b5,6a186a26b517ae25a87d3e04,Old Navy,6a186a07df4174601583f130,"prm793 - Prom Motor Hotel, Inc. - 12065 Metcalf",evidenceOfInsurance,Evidence of Insurance,commercialGeneralLiability,Commercial General Liability,evidenceOfInsuranceCommercialGeneralLiabilityCoverageTriggerOccurrence,Coverage Trigger: Occurrence,,matchOnce,must be present,,,non_compliant,Block Requirements,,,false,0,,2026-08-16
"Block Real Estate Services, LLC",6a186a3ddbcac4598a69c2b5,6a186a26b517ae25a87d3e04,Old Navy,6a186a07df4174601583f130,"prm793 - Prom Motor Hotel, Inc. - 12065 Metcalf",evidenceOfInsurance,Evidence of Insurance,commercialGeneralLiability,Commercial General Liability,evidenceOfInsuranceCommercialGeneralLiabilityGeneralAggregateLimitAppliesPerLocation,General Aggregate Limit Applies per: Location,,matchOnce,must be present,,,non_compliant,Block Requirements,,,false,0,,2026-08-16
"Block Real Estate Services, LLC",6a186a3ddbcac4598a69c2b5,6a186a26b517ae25a87d3e04,Old Navy,6a186a07df4174601583f130,"prm793 - Prom Motor Hotel, Inc. - 12065 Metcalf",evidenceOfInsurance,Evidence of Insurance,commercialGeneralLiability,Commercial General Liability,evidenceOfInsuranceCommercialGeneralLiabilityEachOccurrence,Each Occurrence,,matchOnce,must be greater or equal to,1000000,,non_compliant,Block Requirements,,,false,0,,2026-08-16
"Block Real Estate Services, LLC",6a186a3ddbcac4598a69c2b5,6a186a26b517ae25a87d3e04,Old Navy,6a186a07df4174601583f130,"prm793 - Prom Motor Hotel, Inc. - 12065 Metcalf",evidenceOfInsurance,Evidence of Insurance,commercialGeneralLiability,Commercial General Liability,evidenceOfInsuranceCommercialGeneralLiabilityGeneralAggregate,General Aggregate,,matchOnce,must be greater or equal to,2000000,,non_compliant,Block Requirements,,,false,0,,2026-08-16
"Block Real Estate Services, LLC",6a186a3ddbcac4598a69c2b5,6a186a26b517ae25a87d3e04,Old Navy,6a186a07df4174601583f130,"prm793 - Prom Motor Hotel, Inc. - 12065 Metcalf",evidenceOfInsurance,Evidence of Insurance,commercialGeneralLiability,Commercial General Liability,evidenceOfInsuranceCommercialGeneralLiabilityWaiverOfSubrogationEndorsement,Waiver of Subrogation,"---prompt---
Determine if the insurer has waived their right of subrogation in favor of the certificate holder under the Commercial General Liability policy. Evidence may include: a checked ""Waiver of Subrogation"" box on the certificate, mention in the Description of Operations section stating ""waiver of subrogation applies"", or reference to form CG 24 04. Look for language like ""subrogation is waived"" or ""per written contract"".",matchOnce,must be present,,,non_compliant,Block Requirements,,,false,0,,2026-08-16
"Block Real Estate Services, LLC",6a186a3ddbcac4598a69c2b5,6a186a26b517ae25a87d3e04,Old Navy,6a186a07df4174601583f130,"prm793 - Prom Motor Hotel, Inc. - 12065 Metcalf",evidenceOfInsurance,Evidence of Insurance,excessOrUmbrellaLiability,Umbrella/Excess Liability,evidenceOfInsuranceExcessOrUmbrellaLiabilityOccurence,Coverage Trigger: Occurrence,,matchOnce,must be present,,,non_compliant,Block Requirements,,,false,0,,2026-08-16
"Block Real Estate Services, LLC",6a186a3ddbcac4598a69c2b5,6a186a26b517ae25a87d3e04,Old Navy,6a186a07df4174601583f130,"prm793 - Prom Motor Hotel, Inc. - 12065 Metcalf",evidenceOfInsurance,Evidence of Insurance,excessOrUmbrellaLiability,Umbrella/Excess Liability,evidenceOfInsuranceExcessOrUmbrellaLiabilityEachOccurrence,Each Occurrence,,matchOnce,must be greater or equal to,1000000,,non_compliant,Block Requirements,,,false,0,,2026-08-16
"Block Real Estate Services, LLC",6a186a3ddbcac4598a69c2b5,6a186a26b517ae25a87d3e04,Old Navy,6a186a07df4174601583f130,"prm793 - Prom Motor Hotel, Inc. - 12065 Metcalf",evidenceOfInsurance,Evidence of Insurance,excessOrUmbrellaLiability,Umbrella/Excess Liability,evidenceOfInsuranceExcessOrUmbrellaLiabilityAggregate,Aggregate,,matchOnce,must be greater or equal to,1000000,,non_compliant,Block Requirements,,,false,0,,2026-08-16
"Block Real Estate Services, LLC",6a186a3ddbcac4598a69c2b5,6a186a26b517ae25a87d3e04,Old Navy,6a186a07df4174601583f130,"prm793 - Prom Motor Hotel, Inc. - 12065 Metcalf",evidenceOfInsurance,Evidence of Insurance,workersCompensation,Workers' Compensation and Employer's Liability,evidenceOfInsuranceWorkersCompensationStatutoryLimits,Statutory Limits,,matchOnce,must be present,,,non_compliant,Block Requirements,,,false,0,,2026-08-16
"Block Real Estate Services, LLC",6a186a3ddbcac4598a69c2b5,6a186a26b517ae25a87d3e04,Old Navy,6a186a07df4174601583f130,"prm793 - Prom Motor Hotel, Inc. - 12065 Metcalf",evidenceOfInsurance,Evidence of Insurance,workersCompensation,Workers' Compensation and Employer's Liability,evidenceOfInsuranceWorkersCompensationEmployersLiabilityEachAccident,Employer's Liability Each Accident,,matchOnce,must be greater or equal to,500000,,non_compliant,Block Requirements,,,false,0,,2026-08-16
"Block Real Estate Services, LLC",6a186a3ddbcac4598a69c2b5,6a186a26b517ae25a87d3e04,Old Navy,6a186a07df4174601583f130,"prm793 - Prom Motor Hotel, Inc. - 12065 Metcalf",evidenceOfInsurance,Evidence of Insurance,workersCompensation,Workers' Compensation and Employer's Liability,evidenceOfInsuranceWorkersCompensationEmployersLiabilityDiseaseEachEmployee,Employer's Liability Disease - each employee,,matchOnce,must be greater or equal to,500000,,non_compliant,Block Requirements,,,false,0,,2026-08-16
"Block Real Estate Services, LLC",6a186a3ddbcac4598a69c2b5,6a186a26b517ae25a87d3e04,Old Navy,6a186a07df4174601583f130,"prm793 - Prom Motor Hotel, Inc. - 12065 Metcalf",evidenceOfInsurance,Evidence of Insurance,workersCompensation,Workers' Compensation and Employer's Liability,evidenceOfInsuranceWorkersCompensationEmployersLiabilityDiseasePolicyLimit,Employer's Liability Disease - policy limit,,matchOnce,must be greater or equal to,500000,,non_compliant,Block Requirements,,,false,0,,2026-08-16
"Block Real Estate Services, LLC",6a186a3ddbcac4598a69c2b5,6a186a26b517ae25a87d3e04,Old Navy,6a186a07df4174601583f130,"prm793 - Prom Motor Hotel, Inc. - 12065 Metcalf",evidenceOfInsurance,Evidence of Insurance,workersCompensation,Workers' Compensation and Employer's Liability,evidenceOfInsuranceWorkersCompensationWaiverOfSubrogationEndorsement,Waiver of Subrogation,"---prompt---
Determine if the insurer has waived their right of subrogation in favor of the certificate holder under the Workers' Compensation policy. Evidence may include: a checked ""Waiver of Subrogation"" box on the certificate, mention in the Description of Operations section stating ""waiver of subrogation applies"", or reference to form WC 00 03 13. Look for language like ""subrogation is waived"" or ""per written contract"".",matchOnce,must be present,,,non_compliant,Block Requirements,,,false,0,,2026-08-16
"Block Real Estate Services, LLC",6a186a3ddbcac4598a69c2b5,6a186a26b517ae25a87d3e04,Old Navy,6a186a07df4174601583f130,"prm793 - Prom Motor Hotel, Inc. - 12065 Metcalf",evidenceOfInsurance,Evidence of Insurance,6ac20aae-5728-5d57-b364-aeba38527dba,Additional Requirements,4da5b0f1-4c9d-5885-8cf8-5d3cccaed3e0,"Block Real Estate Services, LLC and all others required by contract are named as Additional Insureds","---prompt---
Determine if the Description of Operations or the Additional Remarks Schedule section states the ""Additional Insured as Construction Management, Inc. and all others required by contract"" or reference to blanket additional insured coverage. Look for language like ""certificate holder is additional insured"" or ""per written contract"".",matchOnce,must be present,,,non_compliant,Block Requirements,,,true,0,,2026-08-16
"Block Real Estate Services, LLC",6a186a3ddbcac4598a69c2b5,6a186a26b517ae25a87d3e04,Old Navy,6a186a07df4174601583f130,"prm793 - Prom Motor Hotel, Inc. - 12065 Metcalf",evidenceOfInsurance,Evidence of Insurance,6ac20aae-5728-5d57-b364-aeba38527dba,Additional Requirements,e1017741-e47e-5f58-97b8-fbc3043e919f,Umbrella follows form over General Liability,"---prompt---
Determine if the Umbrella/Excess Liability policy follows form to the underlying policies. Evidence may include: language in the Description of Operations section stating the umbrella follows form to underlying coverages or an additional page endorsement stating that it follows form. Follow form means the umbrella policy adopts the same terms, conditions, and exclusions as the underlying policies.",matchOnce,must be present,,,non_compliant,Block Requirements,,,true,0,,2026-08-16
"Block Real Estate Services, LLC",6a186a3ddbcac4598a69c2b5,6a186a26b517ae25a87d3e04,Old Navy,6a186a07df4174601583f130,"prm793 - Prom Motor Hotel, Inc. - 12065 Metcalf",evidenceOfInsurance,Evidence of Insurance,6ac20aae-5728-5d57-b364-aeba38527dba,Additional Requirements,2cdd866f-c9a4-576a-afd8-1d045762790c,The location must be listed as: 12065 Metcalf Avenue Overland Park KS 66213,"---prompt---
Determine if the Description of Operations or the Additional Remarks Schedule section states the location indicated in value field",matchOnce,must be present,,,non_compliant,Block Requirements,,,true,0,,2026-08-16
"Block Real Estate Services, LLC",6a186a3ddbcac4598a69c2b5,6a186a26b517ae25a87d3e04,Old Navy,6a186a07df4174601583f130,"prm793 - Prom Motor Hotel, Inc. - 12065 Metcalf",evidenceOfInsurance,Evidence of Insurance,6ac20aae-5728-5d57-b364-aeba38527dba,Additional Requirements,3649e9d1-4e09-59bf-8f30-cb33c40cf117,"Certificate Holder must read: c/o Block Real Estate Services, LLC, 4622 Pennsylvania St., Suite 700, Kansas City, MO, 64112",,matchOnce,must be present,,,non_compliant,Block Requirements,,,true,0,,2026-08-16
"Block Real Estate Services, LLC",6a46aa6469f1b5416f79aebe,6a46a9fa881712769bd59526,"Catholic Charities of Northeast Kansas, Inc.",6a186a07df4174601583f130,"prm793 - Prom Motor Hotel, Inc. - 12065 Metcalf",evidenceOfInsurance,Evidence of Insurance,commercialGeneralLiability,Commercial General Liability,evidenceOfInsuranceCommercialGeneralLiabilityCoverageTriggerOccurrence,Coverage Trigger: Occurrence,,matchOnce,must be present,,,non_compliant,Block Requirements,,,false,0,,2026-08-16
"Block Real Estate Services, LLC",6a46aa6469f1b5416f79aebe,6a46a9fa881712769bd59526,"Catholic Charities of Northeast Kansas, Inc.",6a186a07df4174601583f130,"prm793 - Prom Motor Hotel, Inc. - 12065 Metcalf",evidenceOfInsurance,Evidence of Insurance,commercialGeneralLiability,Commercial General Liability,evidenceOfInsuranceCommercialGeneralLiabilityGeneralAggregateLimitAppliesPerLocation,General Aggregate Limit Applies per: Location,,matchOnce,must be present,,,non_compliant,Block Requirements,,,false,0,,2026-08-16
"Block Real Estate Services, LLC",6a46aa6469f1b5416f79aebe,6a46a9fa881712769bd59526,"Catholic Charities of Northeast Kansas, Inc.",6a186a07df4174601583f130,"prm793 - Prom Motor Hotel, Inc. - 12065 Metcalf",evidenceOfInsurance,Evidence of Insurance,commercialGeneralLiability,Commercial General Liability,evidenceOfInsuranceCommercialGeneralLiabilityEachOccurrence,Each Occurrence,,matchOnce,must be greater or equal to,1000000,,non_compliant,Block Requirements,,,false,0,,2026-08-16
"Block Real Estate Services, LLC",6a46aa6469f1b5416f79aebe,6a46a9fa881712769bd59526,"Catholic Charities of Northeast Kansas, Inc.",6a186a07df4174601583f130,"prm793 - Prom Motor Hotel, Inc. - 12065 Metcalf",evidenceOfInsurance,Evidence of Insurance,commercialGeneralLiability,Commercial General Liability,evidenceOfInsuranceCommercialGeneralLiabilityGeneralAggregate,General Aggregate,,matchOnce,must be greater or equal to,2000000,,non_compliant,Block Requirements,,,false,0,,2026-08-16
"Block Real Estate Services, LLC",6a46aa6469f1b5416f79aebe,6a46a9fa881712769bd59526,"Catholic Charities of Northeast Kansas, Inc.",6a186a07df4174601583f130,"prm793 - Prom Motor Hotel, Inc. - 12065 Metcalf",evidenceOfInsurance,Evidence of Insurance,commercialGeneralLiability,Commercial General Liability,evidenceOfInsuranceCommercialGeneralLiabilityWaiverOfSubrogationEndorsement,Waiver of Subrogation,"---prompt---
Determine if the insurer has waived their right of subrogation in favor of the certificate holder under the Commercial General Liability policy. Evidence may include: a checked ""Waiver of Subrogation"" box on the certificate, mention in the Description of Operations section stating ""waiver of subrogation applies"", or reference to form CG 24 04. Look for language like ""subrogation is waived"" or ""per written contract"".",matchOnce,must be present,,,non_compliant,Block Requirements,,,false,0,,2026-08-16
"Block Real Estate Services, LLC",6a46aa6469f1b5416f79aebe,6a46a9fa881712769bd59526,"Catholic Charities of Northeast Kansas, Inc.",6a186a07df4174601583f130,"prm793 - Prom Motor Hotel, Inc. - 12065 Metcalf",evidenceOfInsurance,Evidence of Insurance,excessOrUmbrellaLiability,Umbrella/Excess Liability,evidenceOfInsuranceExcessOrUmbrellaLiabilityOccurence,Coverage Trigger: Occurrence,,matchOnce,must be present,,,non_compliant,Block Requirements,,,false,0,,2026-08-16
"Block Real Estate Services, LLC",6a46aa6469f1b5416f79aebe,6a46a9fa881712769bd59526,"Catholic Charities of Northeast Kansas, Inc.",6a186a07df4174601583f130,"prm793 - Prom Motor Hotel, Inc. - 12065 Metcalf",evidenceOfInsurance,Evidence of Insurance,excessOrUmbrellaLiability,Umbrella/Excess Liability,evidenceOfInsuranceExcessOrUmbrellaLiabilityEachOccurrence,Each Occurrence,,matchOnce,must be greater or equal to,1000000,,non_compliant,Block Requirements,,,false,0,,2026-08-16
"Block Real Estate Services, LLC",6a46aa6469f1b5416f79aebe,6a46a9fa881712769bd59526,"Catholic Charities of Northeast Kansas, Inc.",6a186a07df4174601583f130,"prm793 - Prom Motor Hotel, Inc. - 12065 Metcalf",evidenceOfInsurance,Evidence of Insurance,excessOrUmbrellaLiability,Umbrella/Excess Liability,evidenceOfInsuranceExcessOrUmbrellaLiabilityAggregate,Aggregate,,matchOnce,must be greater or equal to,1000000,,non_compliant,Block Requirements,,,false,0,,2026-08-16
"Block Real Estate Services, LLC",6a46aa6469f1b5416f79aebe,6a46a9fa881712769bd59526,"Catholic Charities of Northeast Kansas, Inc.",6a186a07df4174601583f130,"prm793 - Prom Motor Hotel, Inc. - 12065 Metcalf",evidenceOfInsurance,Evidence of Insurance,workersCompensation,Workers' Compensation and Employer's Liability,evidenceOfInsuranceWorkersCompensationStatutoryLimits,Statutory Limits,,matchOnce,must be present,,,non_compliant,Block Requirements,,,false,0,,2026-08-16
"Block Real Estate Services, LLC",6a46aa6469f1b5416f79aebe,6a46a9fa881712769bd59526,"Catholic Charities of Northeast Kansas, Inc.",6a186a07df4174601583f130,"prm793 - Prom Motor Hotel, Inc. - 12065 Metcalf",evidenceOfInsurance,Evidence of Insurance,workersCompensation,Workers' Compensation and Employer's Liability,evidenceOfInsuranceWorkersCompensationEmployersLiabilityEachAccident,Employer's Liability Each Accident,,matchOnce,must be greater or equal to,500000,,non_compliant,Block Requirements,,,false,0,,2026-08-16
"Block Real Estate Services, LLC",6a46aa6469f1b5416f79aebe,6a46a9fa881712769bd59526,"Catholic Charities of Northeast Kansas, Inc.",6a186a07df4174601583f130,"prm793 - Prom Motor Hotel, Inc. - 12065 Metcalf",evidenceOfInsurance,Evidence of Insurance,workersCompensation,Workers' Compensation and Employer's Liability,evidenceOfInsuranceWorkersCompensationEmployersLiabilityDiseaseEachEmployee,Employer's Liability Disease - each employee,,matchOnce,must be greater or equal to,500000,,non_compliant,Block Requirements,,,false,0,,2026-08-16
"Block Real Estate Services, LLC",6a46aa6469f1b5416f79aebe,6a46a9fa881712769bd59526,"Catholic Charities of Northeast Kansas, Inc.",6a186a07df4174601583f130,"prm793 - Prom Motor Hotel, Inc. - 12065 Metcalf",evidenceOfInsurance,Evidence of Insurance,workersCompensation,Workers' Compensation and Employer's Liability,evidenceOfInsuranceWorkersCompensationEmployersLiabilityDiseasePolicyLimit,Employer's Liability Disease - policy limit,,matchOnce,must be greater or equal to,500000,,non_compliant,Block Requirements,,,false,0,,2026-08-16
"Block Real Estate Services, LLC",6a46aa6469f1b5416f79aebe,6a46a9fa881712769bd59526,"Catholic Charities of Northeast Kansas, Inc.",6a186a07df4174601583f130,"prm793 - Prom Motor Hotel, Inc. - 12065 Metcalf",evidenceOfInsurance,Evidence of Insurance,workersCompensation,Workers' Compensation and Employer's Liability,evidenceOfInsuranceWorkersCompensationWaiverOfSubrogationEndorsement,Waiver of Subrogation,"---prompt---
Determine if the insurer has waived their right of subrogation in favor of the certificate holder under the Workers' Compensation policy. Evidence may include: a checked ""Waiver of Subrogation"" box on the certificate, mention in the Description of Operations section stating ""waiver of subrogation applies"", or reference to form WC 00 03 13. Look for language like ""subrogation is waived"" or ""per written contract"".",matchOnce,must be present,,,non_compliant,Block Requirements,,,false,0,,2026-08-16
"Block Real Estate Services, LLC",6a46aa6469f1b5416f79aebe,6a46a9fa881712769bd59526,"Catholic Charities of Northeast Kansas, Inc.",6a186a07df4174601583f130,"prm793 - Prom Motor Hotel, Inc. - 12065 Metcalf",evidenceOfInsurance,Evidence of Insurance,6ac20aae-5728-5d57-b364-aeba38527dba,Additional Requirements,4da5b0f1-4c9d-5885-8cf8-5d3cccaed3e0,"Block Real Estate Services, LLC and all others required by contract are named as Additional Insureds","---prompt---
Determine if the Description of Operations or the Additional Remarks Schedule section states the ""Additional Insured as Construction Management, Inc. and all others required by contract"" or reference to blanket additional insured coverage. Look for language like ""certificate holder is additional insured"" or ""per written contract"".",matchOnce,must be present,,,non_compliant,Block Requirements,,,true,0,,2026-08-16
"Block Real Estate Services, LLC",6a46aa6469f1b5416f79aebe,6a46a9fa881712769bd59526,"Catholic Charities of Northeast Kansas, Inc.",6a186a07df4174601583f130,"prm793 - Prom Motor Hotel, Inc. - 12065 Metcalf",evidenceOfInsurance,Evidence of Insurance,6ac20aae-5728-5d57-b364-aeba38527dba,Additional Requirements,e1017741-e47e-5f58-97b8-fbc3043e919f,Umbrella follows form over General Liability,"---prompt---
Determine if the Umbrella/Excess Liability policy follows form to the underlying policies. Evidence may include: language in the Description of Operations section stating the umbrella follows form to underlying coverages or an additional page endorsement stating that it follows form. Follow form means the umbrella policy adopts the same terms, conditions, and exclusions as the underlying policies.",matchOnce,must be present,,,non_compliant,Block Requirements,,,true,0,,2026-08-16
"Block Real Estate Services, LLC",6a46aa6469f1b5416f79aebe,6a46a9fa881712769bd59526,"Catholic Charities of Northeast Kansas, Inc.",6a186a07df4174601583f130,"prm793 - Prom Motor Hotel, Inc. - 12065 Metcalf",evidenceOfInsurance,Evidence of Insurance,6ac20aae-5728-5d57-b364-aeba38527dba,Additional Requirements,2cdd866f-c9a4-576a-afd8-1d045762790c,"The location must be listed as: 12065 Metcalf Avenue, Overland Park, KS 66213","---prompt---
Determine if the Description of Operations or the Additional Remarks Schedule section states the location indicated in value field",matchOnce,must be present,,,non_compliant,Block Requirements,,,true,0,,2026-08-16
"Block Real Estate Services, LLC",6a46aa6469f1b5416f79aebe,6a46a9fa881712769bd59526,"Catholic Charities of Northeast Kansas, Inc.",6a186a07df4174601583f130,"prm793 - Prom Motor Hotel, Inc. - 12065 Metcalf",evidenceOfInsurance,Evidence of Insurance,6ac20aae-5728-5d57-b364-aeba38527dba,Additional Requirements,3649e9d1-4e09-59bf-8f30-cb33c40cf117,"Certificate Holder must read: c/o Block Real Estate Services, LLC, 4622 Pennsylvania St., Suite 700, Kansas City, MO, 64112",,matchOnce,must be present,,,non_compliant,Block Requirements,,,true,0,,2026-08-16
"Block Real Estate Services, LLC",6a186adea1ec98c09c965971,69fded0e62446148bd848ba7,"Athletico Physical Therapy / Athletico Management, LLC",6a186a846b3214c65fe80b42,"prm791 - Prom Motor Hotel, Inc. - 210 N 7 Highway",evidenceOfInsurance,Evidence of Insurance,commercialGeneralLiability,Commercial General Liability,evidenceOfInsuranceCommercialGeneralLiabilityCoverageTriggerOccurrence,Coverage Trigger: Occurrence,,matchOnce,must be present,,,non_compliant,Block Requirements,,,false,0,,2026-08-16
"Block Real Estate Services, LLC",6a186adea1ec98c09c965971,69fded0e62446148bd848ba7,"Athletico Physical Therapy / Athletico Management, LLC",6a186a846b3214c65fe80b42,"prm791 - Prom Motor Hotel, Inc. - 210 N 7 Highway",evidenceOfInsurance,Evidence of Insurance,commercialGeneralLiability,Commercial General Liability,evidenceOfInsuranceCommercialGeneralLiabilityGeneralAggregateLimitAppliesPerLocation,General Aggregate Limit Applies per: Location,,matchOnce,must be present,,,non_compliant,Block Requirements,,,false,0,,2026-08-16
"Block Real Estate Services, LLC",6a186adea1ec98c09c965971,69fded0e62446148bd848ba7,"Athletico Physical Therapy / Athletico Management, LLC",6a186a846b3214c65fe80b42,"prm791 - Prom Motor Hotel, Inc. - 210 N 7 Highway",evidenceOfInsurance,Evidence of Insurance,commercialGeneralLiability,Commercial General Liability,evidenceOfInsuranceCommercialGeneralLiabilityEachOccurrence,Each Occurrence,,matchOnce,must be greater or equal to,1000000,,non_compliant,Block Requirements,,,false,0,,2026-08-16
"Block Real Estate Services, LLC",6a186adea1ec98c09c965971,69fded0e62446148bd848ba7,"Athletico Physical Therapy / Athletico Management, LLC",6a186a846b3214c65fe80b42,"prm791 - Prom Motor Hotel, Inc. - 210 N 7 Highway",evidenceOfInsurance,Evidence of Insurance,commercialGeneralLiability,Commercial General Liability,evidenceOfInsuranceCommercialGeneralLiabilityGeneralAggregate,General Aggregate,,matchOnce,must be greater or equal to,2000000,,non_compliant,Block Requirements,,,false,0,,2026-08-16
"Block Real Estate Services, LLC",6a186adea1ec98c09c965971,69fded0e62446148bd848ba7,"Athletico Physical Therapy / Athletico Management, LLC",6a186a846b3214c65fe80b42,"prm791 - Prom Motor Hotel, Inc. - 210 N 7 Highway",evidenceOfInsurance,Evidence of Insurance,commercialGeneralLiability,Commercial General Liability,evidenceOfInsuranceCommercialGeneralLiabilityWaiverOfSubrogationEndorsement,Waiver of Subrogation,"---prompt---
Determine if the insurer has waived their right of subrogation in favor of the certificate holder under the Commercial General Liability policy. Evidence may include: a checked ""Waiver of Subrogation"" box on the certificate, mention in the Description of Operations section stating ""waiver of subrogation applies"", or reference to form CG 24 04. Look for language like ""subrogation is waived"" or ""per written contract"".",matchOnce,must be present,,,non_compliant,Block Requirements,,,false,0,,2026-08-16
"Block Real Estate Services, LLC",6a186adea1ec98c09c965971,69fded0e62446148bd848ba7,"Athletico Physical Therapy / Athletico Management, LLC",6a186a846b3214c65fe80b42,"prm791 - Prom Motor Hotel, Inc. - 210 N 7 Highway",evidenceOfInsurance,Evidence of Insurance,excessOrUmbrellaLiability,Umbrella/Excess Liability,evidenceOfInsuranceExcessOrUmbrellaLiabilityOccurence,Coverage Trigger: Occurrence,,matchOnce,must be present,,,non_compliant,Block Requirements,,,false,0,,2026-08-16
"Block Real Estate Services, LLC",6a186adea1ec98c09c965971,69fded0e62446148bd848ba7,"Athletico Physical Therapy / Athletico Management, LLC",6a186a846b3214c65fe80b42,"prm791 - Prom Motor Hotel, Inc. - 210 N 7 Highway",evidenceOfInsurance,Evidence of Insurance,excessOrUmbrellaLiability,Umbrella/Excess Liability,evidenceOfInsuranceExcessOrUmbrellaLiabilityEachOccurrence,Each Occurrence,,matchOnce,must be greater or equal to,1000000,,non_compliant,Block Requirements,,,false,0,,2026-08-16
"Block Real Estate Services, LLC",6a186adea1ec98c09c965971,69fded0e62446148bd848ba7,"Athletico Physical Therapy / Athletico Management, LLC",6a186a846b3214c65fe80b42,"prm791 - Prom Motor Hotel, Inc. - 210 N 7 Highway",evidenceOfInsurance,Evidence of Insurance,excessOrUmbrellaLiability,Umbrella/Excess Liability,evidenceOfInsuranceExcessOrUmbrellaLiabilityAggregate,Aggregate,,matchOnce,must be greater or equal to,1000000,,non_compliant,Block Requirements,,,false,0,,2026-08-16
"Block Real Estate Services, LLC",6a186adea1ec98c09c965971,69fded0e62446148bd848ba7,"Athletico Physical Therapy / Athletico Management, LLC",6a186a846b3214c65fe80b42,"prm791 - Prom Motor Hotel, Inc. - 210 N 7 Highway",evidenceOfInsurance,Evidence of Insurance,workersCompensation,Workers' Compensation and Employer's Liability,evidenceOfInsuranceWorkersCompensationStatutoryLimits,Statutory Limits,,matchOnce,must be present,,,non_compliant,Block Requirements,,,false,0,,2026-08-16
"Block Real Estate Services, LLC",6a186adea1ec98c09c965971,69fded0e62446148bd848ba7,"Athletico Physical Therapy / Athletico Management, LLC",6a186a846b3214c65fe80b42,"prm791 - Prom Motor Hotel, Inc. - 210 N 7 Highway",evidenceOfInsurance,Evidence of Insurance,workersCompensation,Workers' Compensation and Employer's Liability,evidenceOfInsuranceWorkersCompensationEmployersLiabilityEachAccident,Employer's Liability Each Accident,,matchOnce,must be greater or equal to,500000,,non_compliant,Block Requirements,,,false,0,,2026-08-16
"Block Real Estate Services, LLC",6a186adea1ec98c09c965971,69fded0e62446148bd848ba7,"Athletico Physical Therapy / Athletico Management, LLC",6a186a846b3214c65fe80b42,"prm791 - Prom Motor Hotel, Inc. - 210 N 7 Highway",evidenceOfInsurance,Evidence of Insurance,workersCompensation,Workers' Compensation and Employer's Liability,evidenceOfInsuranceWorkersCompensationEmployersLiabilityDiseaseEachEmployee,Employer's Liability Disease - each employee,,matchOnce,must be greater or equal to,500000,,non_compliant,Block Requirements,,,false,0,,2026-08-16
"Block Real Estate Services, LLC",6a186adea1ec98c09c965971,69fded0e62446148bd848ba7,"Athletico Physical Therapy / Athletico Management, LLC",6a186a846b3214c65fe80b42,"prm791 - Prom Motor Hotel, Inc. - 210 N 7 Highway",evidenceOfInsurance,Evidence of Insurance,workersCompensation,Workers' Compensation and Employer's Liability,evidenceOfInsuranceWorkersCompensationEmployersLiabilityDiseasePolicyLimit,Employer's Liability Disease - policy limit,,matchOnce,must be greater or equal to,500000,,non_compliant,Block Requirements,,,false,0,,2026-08-16
"Block Real Estate Services, LLC",6a186adea1ec98c09c965971,69fded0e62446148bd848ba7,"Athletico Physical Therapy / Athletico Management, LLC",6a186a846b3214c65fe80b42,"prm791 - Prom Motor Hotel, Inc. - 210 N 7 Highway",evidenceOfInsurance,Evidence of Insurance,workersCompensation,Workers' Compensation and Employer's Liability,evidenceOfInsuranceWorkersCompensationWaiverOfSubrogationEndorsement,Waiver of Subrogation,"---prompt---
Determine if the insurer has waived their right of subrogation in favor of the certificate holder under the Workers' Compensation policy. Evidence may include: a checked ""Waiver of Subrogation"" box on the certificate, mention in the Description of Operations section stating ""waiver of subrogation applies"", or reference to form WC 00 03 13. Look for language like ""subrogation is waived"" or ""per written contract"".",matchOnce,must be present,,,non_compliant,Block Requirements,,,false,0,,2026-08-16
"Block Real Estate Services, LLC",6a186adea1ec98c09c965971,69fded0e62446148bd848ba7,"Athletico Physical Therapy / Athletico Management, LLC",6a186a846b3214c65fe80b42,"prm791 - Prom Motor Hotel, Inc. - 210 N 7 Highway",evidenceOfInsurance,Evidence of Insurance,6ac20aae-5728-5d57-b364-aeba38527dba,Additional Requirements,4da5b0f1-4c9d-5885-8cf8-5d3cccaed3e0,"Block Real Estate Services, LLC and all others required by contract are named as Additional Insureds","---prompt---
Determine if the Description of Operations or the Additional Remarks Schedule section states the ""Additional Insured as Construction Management, Inc. and all others required by contract"" or reference to blanket additional insured coverage. Look for language like ""certificate holder is additional insured"" or ""per written contract"".",matchOnce,must be present,,,non_compliant,Block Requirements,,,true,0,,2026-08-16
"Block Real Estate Services, LLC",6a186adea1ec98c09c965971,69fded0e62446148bd848ba7,"Athletico Physical Therapy / Athletico Management, LLC",6a186a846b3214c65fe80b42,"prm791 - Prom Motor Hotel, Inc. - 210 N 7 Highway",evidenceOfInsurance,Evidence of Insurance,6ac20aae-5728-5d57-b364-aeba38527dba,Additional Requirements,e1017741-e47e-5f58-97b8-fbc3043e919f,Umbrella follows form over General Liability,"---prompt---
Determine if the Umbrella/Excess Liability policy follows form to the underlying policies. Evidence may include: language in the Description of Operations section stating the umbrella follows form to underlying coverages or an additional page endorsement stating that it follows form. Follow form means the umbrella policy adopts the same terms, conditions, and exclusions as the underlying policies.",matchOnce,must be present,,,non_compliant,Block Requirements,,,true,0,,2026-08-16
"Block Real Estate Services, LLC",6a186adea1ec98c09c965971,69fded0e62446148bd848ba7,"Athletico Physical Therapy / Athletico Management, LLC",6a186a846b3214c65fe80b42,"prm791 - Prom Motor Hotel, Inc. - 210 N 7 Highway",evidenceOfInsurance,Evidence of Insurance,6ac20aae-5728-5d57-b364-aeba38527dba,Additional Requirements,2cdd866f-c9a4-576a-afd8-1d045762790c,The location must be listed as: 210 N. 7 Highway Blue Springs MO 64014,"---prompt---
Determine if the Description of Operations or the Additional Remarks Schedule section states the location indicated in value field",matchOnce,must be present,,,non_compliant,Block Requirements,,,true,0,,2026-08-16
"Block Real Estate Services, LLC",6a186adea1ec98c09c965971,69fded0e62446148bd848ba7,"Athletico Physical Therapy / Athletico Management, LLC",6a186a846b3214c65fe80b42,"prm791 - Prom Motor Hotel, Inc. - 210 N 7 Highway",evidenceOfInsurance,Evidence of Insurance,6ac20aae-5728-5d57-b364-aeba38527dba,Additional Requirements,3649e9d1-4e09-59bf-8f30-cb33c40cf117,"Certificate Holder must read: c/o Block Real Estate Services, LLC, 4622 Pennsylvania St., Suite 700, Kansas City, MO, 64112",,matchOnce,must be present,,,non_compliant,Block Requirements,,,true,0,,2026-08-16
"Block Real Estate Services, LLC",6a187072a1ec98c09c96640a,69fded1262446148bd848cc1,"Covisian CTX, LLC (fka RGMI Consultant / Centrinex, LLC)",6a18705a9ef1cffe57c1dcd0,"prg840 - Pine Ridge Building 9 {PERG BUILDINGS, LLC}",evidenceOfInsurance,Evidence of Insurance,commercialGeneralLiability,Commercial General Liability,evidenceOfInsuranceCommercialGeneralLiabilityCoverageTriggerOccurrence,Coverage Trigger: Occurrence,,matchOnce,must be present,,Present,compliant,Block Requirements,,,false,1,,2026-08-16
"Block Real Estate Services, LLC",6a187072a1ec98c09c96640a,69fded1262446148bd848cc1,"Covisian CTX, LLC (fka RGMI Consultant / Centrinex, LLC)",6a18705a9ef1cffe57c1dcd0,"prg840 - Pine Ridge Building 9 {PERG BUILDINGS, LLC}",evidenceOfInsurance,Evidence of Insurance,commercialGeneralLiability,Commercial General Liability,evidenceOfInsuranceCommercialGeneralLiabilityGeneralAggregateLimitAppliesPerLocation,General Aggregate Limit Applies per: Location,,matchOnce,must be present,,,waived,Block Requirements,Per location not a requirement in the lease,,false,0,,2026-08-16
"Block Real Estate Services, LLC",6a187072a1ec98c09c96640a,69fded1262446148bd848cc1,"Covisian CTX, LLC (fka RGMI Consultant / Centrinex, LLC)",6a18705a9ef1cffe57c1dcd0,"prg840 - Pine Ridge Building 9 {PERG BUILDINGS, LLC}",evidenceOfInsurance,Evidence of Insurance,commercialGeneralLiability,Commercial General Liability,evidenceOfInsuranceCommercialGeneralLiabilityEachOccurrence,Each Occurrence,,matchOnce,must be greater or equal to,1000000,2000000,compliant,Block Requirements,,,false,1,,2026-08-16
"Block Real Estate Services, LLC",6a187072a1ec98c09c96640a,69fded1262446148bd848cc1,"Covisian CTX, LLC (fka RGMI Consultant / Centrinex, LLC)",6a18705a9ef1cffe57c1dcd0,"prg840 - Pine Ridge Building 9 {PERG BUILDINGS, LLC}",evidenceOfInsurance,Evidence of Insurance,commercialGeneralLiability,Commercial General Liability,evidenceOfInsuranceCommercialGeneralLiabilityGeneralAggregate,General Aggregate,,matchOnce,must be greater or equal to,2000000,4000000,compliant,Block Requirements,,,false,1,,2026-08-16
"Block Real Estate Services, LLC",6a187072a1ec98c09c96640a,69fded1262446148bd848cc1,"Covisian CTX, LLC (fka RGMI Consultant / Centrinex, LLC)",6a18705a9ef1cffe57c1dcd0,"prg840 - Pine Ridge Building 9 {PERG BUILDINGS, LLC}",evidenceOfInsurance,Evidence of Insurance,commercialGeneralLiability,Commercial General Liability,evidenceOfInsuranceCommercialGeneralLiabilityWaiverOfSubrogationEndorsement,Waiver of Subrogation,"---prompt---
Determine if the insurer has waived their right of subrogation in favor of the certificate holder under the Commercial General Liability policy. Evidence may include: a checked ""Waiver of Subrogation"" box on the certificate, mention in the Description of Operations section stating ""waiver of subrogation applies"", or reference to form CG 24 04. Look for language like ""subrogation is waived"" or ""per written contract"".",matchOnce,must be present,,Present,compliant,Block Requirements,,,false,1,,2026-08-16
"Block Real Estate Services, LLC",6a187072a1ec98c09c96640a,69fded1262446148bd848cc1,"Covisian CTX, LLC (fka RGMI Consultant / Centrinex, LLC)",6a18705a9ef1cffe57c1dcd0,"prg840 - Pine Ridge Building 9 {PERG BUILDINGS, LLC}",evidenceOfInsurance,Evidence of Insurance,excessOrUmbrellaLiability,Umbrella/Excess Liability,evidenceOfInsuranceExcessOrUmbrellaLiabilityOccurence,Coverage Trigger: Occurrence,,matchOnce,must be present,,Present,waived,Block Requirements,,,false,1,,2026-08-16
"Block Real Estate Services, LLC",6a187072a1ec98c09c96640a,69fded1262446148bd848cc1,"Covisian CTX, LLC (fka RGMI Consultant / Centrinex, LLC)",6a18705a9ef1cffe57c1dcd0,"prg840 - Pine Ridge Building 9 {PERG BUILDINGS, LLC}",evidenceOfInsurance,Evidence of Insurance,excessOrUmbrellaLiability,Umbrella/Excess Liability,evidenceOfInsuranceExcessOrUmbrellaLiabilityEachOccurrence,Each Occurrence,,matchOnce,must be greater or equal to,1000000,3000000,waived,Block Requirements,,,false,1,,2026-08-16
"Block Real Estate Services, LLC",6a187072a1ec98c09c96640a,69fded1262446148bd848cc1,"Covisian CTX, LLC (fka RGMI Consultant / Centrinex, LLC)",6a18705a9ef1cffe57c1dcd0,"prg840 - Pine Ridge Building 9 {PERG BUILDINGS, LLC}",evidenceOfInsurance,Evidence of Insurance,excessOrUmbrellaLiability,Umbrella/Excess Liability,evidenceOfInsuranceExcessOrUmbrellaLiabilityAggregate,Aggregate,,matchOnce,must be greater or equal to,1000000,3000000,waived,Block Requirements,,,false,1,,2026-08-16
"Block Real Estate Services, LLC",6a187072a1ec98c09c96640a,69fded1262446148bd848cc1,"Covisian CTX, LLC (fka RGMI Consultant / Centrinex, LLC)",6a18705a9ef1cffe57c1dcd0,"prg840 - Pine Ridge Building 9 {PERG BUILDINGS, LLC}",evidenceOfInsurance,Evidence of Insurance,workersCompensation,Workers' Compensation and Employer's Liability,evidenceOfInsuranceWorkersCompensationStatutoryLimits,Statutory Limits,,matchOnce,must be present,,Present,compliant,Block Requirements,,,false,1,,2026-08-16
"Block Real Estate Services, LLC",6a187072a1ec98c09c96640a,69fded1262446148bd848cc1,"Covisian CTX, LLC (fka RGMI Consultant / Centrinex, LLC)",6a18705a9ef1cffe57c1dcd0,"prg840 - Pine Ridge Building 9 {PERG BUILDINGS, LLC}",evidenceOfInsurance,Evidence of Insurance,workersCompensation,Workers' Compensation and Employer's Liability,evidenceOfInsuranceWorkersCompensationEmployersLiabilityEachAccident,Employer's Liability Each Accident,,matchOnce,must be greater or equal to,500000,1000000,compliant,Block Requirements,,,false,1,,2026-08-16
"Block Real Estate Services, LLC",6a187072a1ec98c09c96640a,69fded1262446148bd848cc1,"Covisian CTX, LLC (fka RGMI Consultant / Centrinex, LLC)",6a18705a9ef1cffe57c1dcd0,"prg840 - Pine Ridge Building 9 {PERG BUILDINGS, LLC}",evidenceOfInsurance,Evidence of Insurance,workersCompensation,Workers' Compensation and Employer's Liability,evidenceOfInsuranceWorkersCompensationEmployersLiabilityDiseaseEachEmployee,Employer's Liability Disease - each employee,,matchOnce,must be greater or equal to,500000,1000000,compliant,Block Requirements,,,false,1,,2026-08-16
"Block Real Estate Services, LLC",6a187072a1ec98c09c96640a,69fded1262446148bd848cc1,"Covisian CTX, LLC (fka RGMI Consultant / Centrinex, LLC)",6a18705a9ef1cffe57c1dcd0,"prg840 - Pine Ridge Building 9 {PERG BUILDINGS, LLC}",evidenceOfInsurance,Evidence of Insurance,workersCompensation,Workers' Compensation and Employer's Liability,evidenceOfInsuranceWorkersCompensationEmployersLiabilityDiseasePolicyLimit,Employer's Liability Disease - policy limit,,matchOnce,must be greater or equal to,500000,1000000,compliant,Block Requirements,,,false,1,,2026-08-16
"Block Real Estate Services, LLC",6a187072a1ec98c09c96640a,69fded1262446148bd848cc1,"Covisian CTX, LLC (fka RGMI Consultant / Centrinex, LLC)",6a18705a9ef1cffe57c1dcd0,"prg840 - Pine Ridge Building 9 {PERG BUILDINGS, LLC}",evidenceOfInsurance,Evidence of Insurance,workersCompensation,Workers' Compensation and Employer's Liability,evidenceOfInsuranceWorkersCompensationWaiverOfSubrogationEndorsement,Waiver of Subrogation,"---prompt---
Determine if the insurer has waived their right of subrogation in favor of the certificate holder under the Workers' Compensation policy. Evidence may include: a checked ""Waiver of Subrogation"" box on the certificate, mention in the Description of Operations section stating ""waiver of subrogation applies"", or reference to form WC 00 03 13. Look for language like ""subrogation is waived"" or ""per written contract"".",matchOnce,must be present,,Present,compliant,Block Requirements,,,false,1,,2026-08-16
"Block Real Estate Services, LLC",6a187072a1ec98c09c96640a,69fded1262446148bd848cc1,"Covisian CTX, LLC (fka RGMI Consultant / Centrinex, LLC)",6a18705a9ef1cffe57c1dcd0,"prg840 - Pine Ridge Building 9 {PERG BUILDINGS, LLC}",evidenceOfInsurance,Evidence of Insurance,6ac20aae-5728-5d57-b364-aeba38527dba,Additional Requirements,4da5b0f1-4c9d-5885-8cf8-5d3cccaed3e0,"Block Real Estate Services, LLC and all others required by contract are named as Additional Insureds","---prompt---
Determine if the Description of Operations or the Additional Remarks Schedule section states the ""Additional Insured as Construction Management, Inc. and all others required by contract"" or reference to blanket additional insured coverage. Look for language like ""certificate holder is additional insured"" or ""per written contract"".",matchOnce,must be present,,Present,compliant,Block Requirements,,,true,1,,2026-08-16
"Block Real Estate Services, LLC",6a187072a1ec98c09c96640a,69fded1262446148bd848cc1,"Covisian CTX, LLC (fka RGMI Consultant / Centrinex, LLC)",6a18705a9ef1cffe57c1dcd0,"prg840 - Pine Ridge Building 9 {PERG BUILDINGS, LLC}",evidenceOfInsurance,Evidence of Insurance,6ac20aae-5728-5d57-b364-aeba38527dba,Additional Requirements,e1017741-e47e-5f58-97b8-fbc3043e919f,Umbrella follows form over General Liability,"---prompt---
Determine if the Umbrella/Excess Liability policy follows form to the underlying policies. Evidence may include: language in the Description of Operations section stating the umbrella follows form to underlying coverages or an additional page endorsement stating that it follows form. Follow form means the umbrella policy adopts the same terms, conditions, and exclusions as the underlying policies.",matchOnce,must be present,,Present,waived,Block Requirements,Umbrella Liability not a requirement in the lease,,true,1,,2026-08-16
"Block Real Estate Services, LLC",6a187072a1ec98c09c96640a,69fded1262446148bd848cc1,"Covisian CTX, LLC (fka RGMI Consultant / Centrinex, LLC)",6a18705a9ef1cffe57c1dcd0,"prg840 - Pine Ridge Building 9 {PERG BUILDINGS, LLC}",evidenceOfInsurance,Evidence of Insurance,6ac20aae-5728-5d57-b364-aeba38527dba,Additional Requirements,2cdd866f-c9a4-576a-afd8-1d045762790c,The location must be listed as: 11711 W. 79th Street Lenexa KS 66214,"---prompt---
Determine if the Description of Operations or the Additional Remarks Schedule section states the location indicated in value field",matchOnce,must be present,,Present,compliant,Block Requirements,,,true,1,,2026-08-16
"Block Real Estate Services, LLC",6a187072a1ec98c09c96640a,69fded1262446148bd848cc1,"Covisian CTX, LLC (fka RGMI Consultant / Centrinex, LLC)",6a18705a9ef1cffe57c1dcd0,"prg840 - Pine Ridge Building 9 {PERG BUILDINGS, LLC}",evidenceOfInsurance,Evidence of Insurance,6ac20aae-5728-5d57-b364-aeba38527dba,Additional Requirements,3649e9d1-4e09-59bf-8f30-cb33c40cf117,"Certificate Holder must read: c/o Block Real Estate Services, LLC, 4622 Pennsylvania St., Suite 700, Kansas City, MO, 64112",,matchOnce,must be present,,Present,compliant,Block Requirements,,,true,1,,2026-08-16
"Block Real Estate Services, LLC",6a1dccda1a79de57329823a5,69fded2162446148bd8491b6,Creative Nails / Steven Lam & Bang Nguyen,6a1dcc9da0ed8c51ab1b2a64,"3rd046 - Lee's Summit Mike Enterprise {Lee's Summit Mike Enterprise, LLC} (fka Lee's Summit Max)",evidenceOfInsurance,Evidence of Insurance,commercialGeneralLiability,Commercial General Liability,evidenceOfInsuranceCommercialGeneralLiabilityCoverageTriggerOccurrence,Coverage Trigger: Occurrence,,matchOnce,must be present,,,non_compliant,Block Requirements,,,false,0,,2026-08-16
"Block Real Estate Services, LLC",6a1dccda1a79de57329823a5,69fded2162446148bd8491b6,Creative Nails / Steven Lam & Bang Nguyen,6a1dcc9da0ed8c51ab1b2a64,"3rd046 - Lee's Summit Mike Enterprise {Lee's Summit Mike Enterprise, LLC} (fka Lee's Summit Max)",evidenceOfInsurance,Evidence of Insurance,commercialGeneralLiability,Commercial General Liability,evidenceOfInsuranceCommercialGeneralLiabilityGeneralAggregateLimitAppliesPerLocation,General Aggregate Limit Applies per: Location,,matchOnce,must be present,,,non_compliant,Block Requirements,,,false,0,,2026-08-16
"Block Real Estate Services, LLC",6a1dccda1a79de57329823a5,69fded2162446148bd8491b6,Creative Nails / Steven Lam & Bang Nguyen,6a1dcc9da0ed8c51ab1b2a64,"3rd046 - Lee's Summit Mike Enterprise {Lee's Summit Mike Enterprise, LLC} (fka Lee's Summit Max)",evidenceOfInsurance,Evidence of Insurance,commercialGeneralLiability,Commercial General Liability,evidenceOfInsuranceCommercialGeneralLiabilityEachOccurrence,Each Occurrence,,matchOnce,must be greater or equal to,1000000,,non_compliant,Block Requirements,,,false,0,,2026-08-16
"Block Real Estate Services, LLC",6a1dccda1a79de57329823a5,69fded2162446148bd8491b6,Creative Nails / Steven Lam & Bang Nguyen,6a1dcc9da0ed8c51ab1b2a64,"3rd046 - Lee's Summit Mike Enterprise {Lee's Summit Mike Enterprise, LLC} (fka Lee's Summit Max)",evidenceOfInsurance,Evidence of Insurance,commercialGeneralLiability,Commercial General Liability,evidenceOfInsuranceCommercialGeneralLiabilityGeneralAggregate,General Aggregate,,matchOnce,must be greater or equal to,2000000,,non_compliant,Block Requirements,,,false,0,,2026-08-16
"Block Real Estate Services, LLC",6a1dccda1a79de57329823a5,69fded2162446148bd8491b6,Creative Nails / Steven Lam & Bang Nguyen,6a1dcc9da0ed8c51ab1b2a64,"3rd046 - Lee's Summit Mike Enterprise {Lee's Summit Mike Enterprise, LLC} (fka Lee's Summit Max)",evidenceOfInsurance,Evidence of Insurance,commercialGeneralLiability,Commercial General Liability,evidenceOfInsuranceCommercialGeneralLiabilityWaiverOfSubrogationEndorsement,Waiver of Subrogation,"---prompt---
Determine if the insurer has waived their right of subrogation in favor of the certificate holder under the Commercial General Liability policy. Evidence may include: a checked ""Waiver of Subrogation"" box on the certificate, mention in the Description of Operations section stating ""waiver of subrogation applies"", or reference to form CG 24 04. Look for language like ""subrogation is waived"" or ""per written contract"".",matchOnce,must be present,,,non_compliant,Block Requirements,,,false,0,,2026-08-16
"Block Real Estate Services, LLC",6a1dccda1a79de57329823a5,69fded2162446148bd8491b6,Creative Nails / Steven Lam & Bang Nguyen,6a1dcc9da0ed8c51ab1b2a64,"3rd046 - Lee's Summit Mike Enterprise {Lee's Summit Mike Enterprise, LLC} (fka Lee's Summit Max)",evidenceOfInsurance,Evidence of Insurance,excessOrUmbrellaLiability,Umbrella/Excess Liability,evidenceOfInsuranceExcessOrUmbrellaLiabilityOccurence,Coverage Trigger: Occurrence,,matchOnce,must be present,,,non_compliant,Block Requirements,,,false,0,,2026-08-16
"Block Real Estate Services, LLC",6a1dccda1a79de57329823a5,69fded2162446148bd8491b6,Creative Nails / Steven Lam & Bang Nguyen,6a1dcc9da0ed8c51ab1b2a64,"3rd046 - Lee's Summit Mike Enterprise {Lee's Summit Mike Enterprise, LLC} (fka Lee's Summit Max)",evidenceOfInsurance,Evidence of Insurance,excessOrUmbrellaLiability,Umbrella/Excess Liability,evidenceOfInsuranceExcessOrUmbrellaLiabilityEachOccurrence,Each Occurrence,,matchOnce,must be greater or equal to,1000000,,non_compliant,Block Requirements,,,false,0,,2026-08-16
"Block Real Estate Services, LLC",6a1dccda1a79de57329823a5,69fded2162446148bd8491b6,Creative Nails / Steven Lam & Bang Nguyen,6a1dcc9da0ed8c51ab1b2a64,"3rd046 - Lee's Summit Mike Enterprise {Lee's Summit Mike Enterprise, LLC} (fka Lee's Summit Max)",evidenceOfInsurance,Evidence of Insurance,excessOrUmbrellaLiability,Umbrella/Excess Liability,evidenceOfInsuranceExcessOrUmbrellaLiabilityAggregate,Aggregate,,matchOnce,must be greater or equal to,1000000,,non_compliant,Block Requirements,,,false,0,,2026-08-16
"Block Real Estate Services, LLC",6a1dccda1a79de57329823a5,69fded2162446148bd8491b6,Creative Nails / Steven Lam & Bang Nguyen,6a1dcc9da0ed8c51ab1b2a64,"3rd046 - Lee's Summit Mike Enterprise {Lee's Summit Mike Enterprise, LLC} (fka Lee's Summit Max)",evidenceOfInsurance,Evidence of Insurance,workersCompensation,Workers' Compensation and Employer's Liability,evidenceOfInsuranceWorkersCompensationStatutoryLimits,Statutory Limits,,matchOnce,must be present,,,non_compliant,Block Requirements,,,false,0,,2026-08-16
"Block Real Estate Services, LLC",6a1dccda1a79de57329823a5,69fded2162446148bd8491b6,Creative Nails / Steven Lam & Bang Nguyen,6a1dcc9da0ed8c51ab1b2a64,"3rd046 - Lee's Summit Mike Enterprise {Lee's Summit Mike Enterprise, LLC} (fka Lee's Summit Max)",evidenceOfInsurance,Evidence of Insurance,workersCompensation,Workers' Compensation and Employer's Liability,evidenceOfInsuranceWorkersCompensationEmployersLiabilityEachAccident,Employer's Liability Each Accident,,matchOnce,must be greater or equal to,500000,,non_compliant,Block Requirements,,,false,0,,2026-08-16
"Block Real Estate Services, LLC",6a1dccda1a79de57329823a5,69fded2162446148bd8491b6,Creative Nails / Steven Lam & Bang Nguyen,6a1dcc9da0ed8c51ab1b2a64,"3rd046 - Lee's Summit Mike Enterprise {Lee's Summit Mike Enterprise, LLC} (fka Lee's Summit Max)",evidenceOfInsurance,Evidence of Insurance,workersCompensation,Workers' Compensation and Employer's Liability,evidenceOfInsuranceWorkersCompensationEmployersLiabilityDiseaseEachEmployee,Employer's Liability Disease - each employee,,matchOnce,must be greater or equal to,500000,,non_compliant,Block Requirements,,,false,0,,2026-08-16
"Block Real Estate Services, LLC",6a1dccda1a79de57329823a5,69fded2162446148bd8491b6,Creative Nails / Steven Lam & Bang Nguyen,6a1dcc9da0ed8c51ab1b2a64,"3rd046 - Lee's Summit Mike Enterprise {Lee's Summit Mike Enterprise, LLC} (fka Lee's Summit Max)",evidenceOfInsurance,Evidence of Insurance,workersCompensation,Workers' Compensation and Employer's Liability,evidenceOfInsuranceWorkersCompensationEmployersLiabilityDiseasePolicyLimit,Employer's Liability Disease - policy limit,,matchOnce,must be greater or equal to,500000,,non_compliant,Block Requirements,,,false,0,,2026-08-16
"Block Real Estate Services, LLC",6a1dccda1a79de57329823a5,69fded2162446148bd8491b6,Creative Nails / Steven Lam & Bang Nguyen,6a1dcc9da0ed8c51ab1b2a64,"3rd046 - Lee's Summit Mike Enterprise {Lee's Summit Mike Enterprise, LLC} (fka Lee's Summit Max)",evidenceOfInsurance,Evidence of Insurance,workersCompensation,Workers' Compensation and Employer's Liability,evidenceOfInsuranceWorkersCompensationWaiverOfSubrogationEndorsement,Waiver of Subrogation,"---prompt---
Determine if the insurer has waived their right of subrogation in favor of the certificate holder under the Workers' Compensation policy. Evidence may include: a checked ""Waiver of Subrogation"" box on the certificate, mention in the Description of Operations section stating ""waiver of subrogation applies"", or reference to form WC 00 03 13. Look for language like ""subrogation is waived"" or ""per written contract"".",matchOnce,must be present,,,non_compliant,Block Requirements,,,false,0,,2026-08-16
"Block Real Estate Services, LLC",6a1dccda1a79de57329823a5,69fded2162446148bd8491b6,Creative Nails / Steven Lam & Bang Nguyen,6a1dcc9da0ed8c51ab1b2a64,"3rd046 - Lee's Summit Mike Enterprise {Lee's Summit Mike Enterprise, LLC} (fka Lee's Summit Max)",evidenceOfInsurance,Evidence of Insurance,6ac20aae-5728-5d57-b364-aeba38527dba,Additional Requirements,4da5b0f1-4c9d-5885-8cf8-5d3cccaed3e0,"Block Real Estate Services, LLC and all others required by contract are named as Additional Insureds","---prompt---
Determine if the Description of Operations or the Additional Remarks Schedule section states the ""Additional Insured as Construction Management, Inc. and all others required by contract"" or reference to blanket additional insured coverage. Look for language like ""certificate holder is additional insured"" or ""per written contract"".",matchOnce,must be present,,,non_compliant,Block Requirements,,,true,0,,2026-08-16
"Block Real Estate Services, LLC",6a1dccda1a79de57329823a5,69fded2162446148bd8491b6,Creative Nails / Steven Lam & Bang Nguyen,6a1dcc9da0ed8c51ab1b2a64,"3rd046 - Lee's Summit Mike Enterprise {Lee's Summit Mike Enterprise, LLC} (fka Lee's Summit Max)",evidenceOfInsurance,Evidence of Insurance,6ac20aae-5728-5d57-b364-aeba38527dba,Additional Requirements,e1017741-e47e-5f58-97b8-fbc3043e919f,Umbrella follows form over General Liability,"---prompt---
Determine if the Umbrella/Excess Liability policy follows form to the underlying policies. Evidence may include: language in the Description of Operations section stating the umbrella follows form to underlying coverages or an additional page endorsement stating that it follows form. Follow form means the umbrella policy adopts the same terms, conditions, and exclusions as the underlying policies.",matchOnce,must be present,,,non_compliant,Block Requirements,,,true,0,,2026-08-16
"Block Real Estate Services, LLC",6a1dccda1a79de57329823a5,69fded2162446148bd8491b6,Creative Nails / Steven Lam & Bang Nguyen,6a1dcc9da0ed8c51ab1b2a64,"3rd046 - Lee's Summit Mike Enterprise {Lee's Summit Mike Enterprise, LLC} (fka Lee's Summit Max)",evidenceOfInsurance,Evidence of Insurance,6ac20aae-5728-5d57-b364-aeba38527dba,Additional Requirements,2cdd866f-c9a4-576a-afd8-1d045762790c,The location must be listed as: 740 NE M-291 Highway Lee's Summit MO 64068,"---prompt---
Determine if the Description of Operations or the Additional Remarks Schedule section states the location indicated in value field",matchOnce,must be present,,,non_compliant,Block Requirements,,,true,0,,2026-08-16
"Block Real Estate Services, LLC",6a1dccda1a79de57329823a5,69fded2162446148bd8491b6,Creative Nails / Steven Lam & Bang Nguyen,6a1dcc9da0ed8c51ab1b2a64,"3rd046 - Lee's Summit Mike Enterprise {Lee's Summit Mike Enterprise, LLC} (fka Lee's Summit Max)",evidenceOfInsurance,Evidence of Insurance,6ac20aae-5728-5d57-b364-aeba38527dba,Additional Requirements,3649e9d1-4e09-59bf-8f30-cb33c40cf117,"Certificate Holder must read: c/o Block Real Estate Services, LLC, 4622 Pennsylvania St., Suite 700, Kansas City, MO, 64112",,matchOnce,must be present,,,non_compliant,Block Requirements,,,true,0,,2026-08-16
"Block Real Estate Services, LLC",6a1dccda1a79de57329823a6,69fded2162446148bd8491b6,Creative Nails / Steven Lam & Bang Nguyen,6a1dcc9da0ed8c51ab1b2a64,"3rd046 - Lee's Summit Mike Enterprise {Lee's Summit Mike Enterprise, LLC} (fka Lee's Summit Max)",evidenceOfInsurance,Evidence of Insurance,commercialGeneralLiability,Commercial General Liability,evidenceOfInsuranceCommercialGeneralLiabilityCoverageTriggerOccurrence,Coverage Trigger: Occurrence,,matchOnce,must be present,,,non_compliant,Block Requirements,,,false,0,,2026-08-16
"Block Real Estate Services, LLC",6a1dccda1a79de57329823a6,69fded2162446148bd8491b6,Creative Nails / Steven Lam & Bang Nguyen,6a1dcc9da0ed8c51ab1b2a64,"3rd046 - Lee's Summit Mike Enterprise {Lee's Summit Mike Enterprise, LLC} (fka Lee's Summit Max)",evidenceOfInsurance,Evidence of Insurance,commercialGeneralLiability,Commercial General Liability,evidenceOfInsuranceCommercialGeneralLiabilityGeneralAggregateLimitAppliesPerLocation,General Aggregate Limit Applies per: Location,,matchOnce,must be present,,,non_compliant,Block Requirements,,,false,0,,2026-08-16
"Block Real Estate Services, LLC",6a1dccda1a79de57329823a6,69fded2162446148bd8491b6,Creative Nails / Steven Lam & Bang Nguyen,6a1dcc9da0ed8c51ab1b2a64,"3rd046 - Lee's Summit Mike Enterprise {Lee's Summit Mike Enterprise, LLC} (fka Lee's Summit Max)",evidenceOfInsurance,Evidence of Insurance,commercialGeneralLiability,Commercial General Liability,evidenceOfInsuranceCommercialGeneralLiabilityEachOccurrence,Each Occurrence,,matchOnce,must be greater or equal to,1000000,,non_compliant,Block Requirements,,,false,0,,2026-08-16
"Block Real Estate Services, LLC",6a1dccda1a79de57329823a6,69fded2162446148bd8491b6,Creative Nails / Steven Lam & Bang Nguyen,6a1dcc9da0ed8c51ab1b2a64,"3rd046 - Lee's Summit Mike Enterprise {Lee's Summit Mike Enterprise, LLC} (fka Lee's Summit Max)",evidenceOfInsurance,Evidence of Insurance,commercialGeneralLiability,Commercial General Liability,evidenceOfInsuranceCommercialGeneralLiabilityGeneralAggregate,General Aggregate,,matchOnce,must be greater or equal to,2000000,,non_compliant,Block Requirements,,,false,0,,2026-08-16
"Block Real Estate Services, LLC",6a1dccda1a79de57329823a6,69fded2162446148bd8491b6,Creative Nails / Steven Lam & Bang Nguyen,6a1dcc9da0ed8c51ab1b2a64,"3rd046 - Lee's Summit Mike Enterprise {Lee's Summit Mike Enterprise, LLC} (fka Lee's Summit Max)",evidenceOfInsurance,Evidence of Insurance,commercialGeneralLiability,Commercial General Liability,evidenceOfInsuranceCommercialGeneralLiabilityWaiverOfSubrogationEndorsement,Waiver of Subrogation,"---prompt---
Determine if the insurer has waived their right of subrogation in favor of the certificate holder under the Commercial General Liability policy. Evidence may include: a checked ""Waiver of Subrogation"" box on the certificate, mention in the Description of Operations section stating ""waiver of subrogation applies"", or reference to form CG 24 04. Look for language like ""subrogation is waived"" or ""per written contract"".",matchOnce,must be present,,,non_compliant,Block Requirements,,,false,0,,2026-08-16
"Block Real Estate Services, LLC",6a1dccda1a79de57329823a6,69fded2162446148bd8491b6,Creative Nails / Steven Lam & Bang Nguyen,6a1dcc9da0ed8c51ab1b2a64,"3rd046 - Lee's Summit Mike Enterprise {Lee's Summit Mike Enterprise, LLC} (fka Lee's Summit Max)",evidenceOfInsurance,Evidence of Insurance,excessOrUmbrellaLiability,Umbrella/Excess Liability,evidenceOfInsuranceExcessOrUmbrellaLiabilityOccurence,Coverage Trigger: Occurrence,,matchOnce,must be present,,,non_compliant,Block Requirements,,,false,0,,2026-08-16
"Block Real Estate Services, LLC",6a1dccda1a79de57329823a6,69fded2162446148bd8491b6,Creative Nails / Steven Lam & Bang Nguyen,6a1dcc9da0ed8c51ab1b2a64,"3rd046 - Lee's Summit Mike Enterprise {Lee's Summit Mike Enterprise, LLC} (fka Lee's Summit Max)",evidenceOfInsurance,Evidence of Insurance,excessOrUmbrellaLiability,Umbrella/Excess Liability,evidenceOfInsuranceExcessOrUmbrellaLiabilityEachOccurrence,Each Occurrence,,matchOnce,must be greater or equal to,1000000,,non_compliant,Block Requirements,,,false,0,,2026-08-16
"Block Real Estate Services, LLC",6a1dccda1a79de57329823a6,69fded2162446148bd8491b6,Creative Nails / Steven Lam & Bang Nguyen,6a1dcc9da0ed8c51ab1b2a64,"3rd046 - Lee's Summit Mike Enterprise {Lee's Summit Mike Enterprise, LLC} (fka Lee's Summit Max)",evidenceOfInsurance,Evidence of Insurance,excessOrUmbrellaLiability,Umbrella/Excess Liability,evidenceOfInsuranceExcessOrUmbrellaLiabilityAggregate,Aggregate,,matchOnce,must be greater or equal to,1000000,,non_compliant,Block Requirements,,,false,0,,2026-08-16
"Block Real Estate Services, LLC",6a1dccda1a79de57329823a6,69fded2162446148bd8491b6,Creative Nails / Steven Lam & Bang Nguyen,6a1dcc9da0ed8c51ab1b2a64,"3rd046 - Lee's Summit Mike Enterprise {Lee's Summit Mike Enterprise, LLC} (fka Lee's Summit Max)",evidenceOfInsurance,Evidence of Insurance,workersCompensation,Workers' Compensation and Employer's Liability,evidenceOfInsuranceWorkersCompensationStatutoryLimits,Statutory Limits,,matchOnce,must be present,,,non_compliant,Block Requirements,,,false,0,,2026-08-16
"Block Real Estate Services, LLC",6a1dccda1a79de57329823a6,69fded2162446148bd8491b6,Creative Nails / Steven Lam & Bang Nguyen,6a1dcc9da0ed8c51ab1b2a64,"3rd046 - Lee's Summit Mike Enterprise {Lee's Summit Mike Enterprise, LLC} (fka Lee's Summit Max)",evidenceOfInsurance,Evidence of Insurance,workersCompensation,Workers' Compensation and Employer's Liability,evidenceOfInsuranceWorkersCompensationEmployersLiabilityEachAccident,Employer's Liability Each Accident,,matchOnce,must be greater or equal to,500000,,non_compliant,Block Requirements,,,false,0,,2026-08-16
"Block Real Estate Services, LLC",6a1dccda1a79de57329823a6,69fded2162446148bd8491b6,Creative Nails / Steven Lam & Bang Nguyen,6a1dcc9da0ed8c51ab1b2a64,"3rd046 - Lee's Summit Mike Enterprise {Lee's Summit Mike Enterprise, LLC} (fka Lee's Summit Max)",evidenceOfInsurance,Evidence of Insurance,workersCompensation,Workers' Compensation and Employer's Liability,evidenceOfInsuranceWorkersCompensationEmployersLiabilityDiseaseEachEmployee,Employer's Liability Disease - each employee,,matchOnce,must be greater or equal to,500000,,non_compliant,Block Requirements,,,false,0,,2026-08-16
"Block Real Estate Services, LLC",6a1dccda1a79de57329823a6,69fded2162446148bd8491b6,Creative Nails / Steven Lam & Bang Nguyen,6a1dcc9da0ed8c51ab1b2a64,"3rd046 - Lee's Summit Mike Enterprise {Lee's Summit Mike Enterprise, LLC} (fka Lee's Summit Max)",evidenceOfInsurance,Evidence of Insurance,workersCompensation,Workers' Compensation and Employer's Liability,evidenceOfInsuranceWorkersCompensationEmployersLiabilityDiseasePolicyLimit,Employer's Liability Disease - policy limit,,matchOnce,must be greater or equal to,500000,,non_compliant,Block Requirements,,,false,0,,2026-08-16
"Block Real Estate Services, LLC",6a1dccda1a79de57329823a6,69fded2162446148bd8491b6,Creative Nails / Steven Lam & Bang Nguyen,6a1dcc9da0ed8c51ab1b2a64,"3rd046 - Lee's Summit Mike Enterprise {Lee's Summit Mike Enterprise, LLC} (fka Lee's Summit Max)",evidenceOfInsurance,Evidence of Insurance,workersCompensation,Workers' Compensation and Employer's Liability,evidenceOfInsuranceWorkersCompensationWaiverOfSubrogationEndorsement,Waiver of Subrogation,"---prompt---
Determine if the insurer has waived their right of subrogation in favor of the certificate holder under the Workers' Compensation policy. Evidence may include: a checked ""Waiver of Subrogation"" box on the certificate, mention in the Description of Operations section stating ""waiver of subrogation applies"", or reference to form WC 00 03 13. Look for language like ""subrogation is waived"" or ""per written contract"".",matchOnce,must be present,,,non_compliant,Block Requirements,,,false,0,,2026-08-16
"Block Real Estate Services, LLC",6a1dccda1a79de57329823a6,69fded2162446148bd8491b6,Creative Nails / Steven Lam & Bang Nguyen,6a1dcc9da0ed8c51ab1b2a64,"3rd046 - Lee's Summit Mike Enterprise {Lee's Summit Mike Enterprise, LLC} (fka Lee's Summit Max)",evidenceOfInsurance,Evidence of Insurance,6ac20aae-5728-5d57-b364-aeba38527dba,Additional Requirements,4da5b0f1-4c9d-5885-8cf8-5d3cccaed3e0,"Block Real Estate Services, LLC and all others required by contract are named as Additional Insureds","---prompt---
Determine if the Description of Operations or the Additional Remarks Schedule section states the ""Additional Insured as Construction Management, Inc. and all others required by contract"" or reference to blanket additional insured coverage. Look for language like ""certificate holder is additional insured"" or ""per written contract"".",matchOnce,must be present,,,non_compliant,Block Requirements,,,true,0,,2026-08-16
"Block Real Estate Services, LLC",6a1dccda1a79de57329823a6,69fded2162446148bd8491b6,Creative Nails / Steven Lam & Bang Nguyen,6a1dcc9da0ed8c51ab1b2a64,"3rd046 - Lee's Summit Mike Enterprise {Lee's Summit Mike Enterprise, LLC} (fka Lee's Summit Max)",evidenceOfInsurance,Evidence of Insurance,6ac20aae-5728-5d57-b364-aeba38527dba,Additional Requirements,e1017741-e47e-5f58-97b8-fbc3043e919f,Umbrella follows form over General Liability,"---prompt---
Determine if the Umbrella/Excess Liability policy follows form to the underlying policies. Evidence may include: language in the Description of Operations section stating the umbrella follows form to underlying coverages or an additional page endorsement stating that it follows form. Follow form means the umbrella policy adopts the same terms, conditions, and exclusions as the underlying policies.",matchOnce,must be present,,,non_compliant,Block Requirements,,,true,0,,2026-08-16
"Block Real Estate Services, LLC",6a1dccda1a79de57329823a6,69fded2162446148bd8491b6,Creative Nails / Steven Lam & Bang Nguyen,6a1dcc9da0ed8c51ab1b2a64,"3rd046 - Lee's Summit Mike Enterprise {Lee's Summit Mike Enterprise, LLC} (fka Lee's Summit Max)",evidenceOfInsurance,Evidence of Insurance,6ac20aae-5728-5d57-b364-aeba38527dba,Additional Requirements,2cdd866f-c9a4-576a-afd8-1d045762790c,The location must be listed as: 750 NE M-291 Highway Lee's Summit MO 64068,"---prompt---
Determine if the Description of Operations or the Additional Remarks Schedule section states the location indicated in value field",matchOnce,must be present,,,non_compliant,Block Requirements,,,true,0,,2026-08-16
"Block Real Estate Services, LLC",6a1dccda1a79de57329823a6,69fded2162446148bd8491b6,Creative Nails / Steven Lam & Bang Nguyen,6a1dcc9da0ed8c51ab1b2a64,"3rd046 - Lee's Summit Mike Enterprise {Lee's Summit Mike Enterprise, LLC} (fka Lee's Summit Max)",evidenceOfInsurance,Evidence of Insurance,6ac20aae-5728-5d57-b364-aeba38527dba,Additional Requirements,3649e9d1-4e09-59bf-8f30-cb33c40cf117,"Certificate Holder must read: c/o Block Real Estate Services, LLC, 4622 Pennsylvania St., Suite 700, Kansas City, MO, 64112",,matchOnce,must be present,,,non_compliant,Block Requirements,,,true,0,,2026-08-16
"Block Real Estate Services, LLC",6a1dcd0c1669f2b2ce7559f2,6a1dccbb23b401dcff773de7,TitleMax Title Loans / Title Max of Missouri,6a1dcc9da0ed8c51ab1b2a64,"3rd046 - Lee's Summit Mike Enterprise {Lee's Summit Mike Enterprise, LLC} (fka Lee's Summit Max)",evidenceOfInsurance,Evidence of Insurance,commercialGeneralLiability,Commercial General Liability,evidenceOfInsuranceCommercialGeneralLiabilityCoverageTriggerOccurrence,Coverage Trigger: Occurrence,,matchOnce,must be present,,Present,compliant,Block Requirements,,,false,1,,2026-08-16
"Block Real Estate Services, LLC",6a1dcd0c1669f2b2ce7559f2,6a1dccbb23b401dcff773de7,TitleMax Title Loans / Title Max of Missouri,6a1dcc9da0ed8c51ab1b2a64,"3rd046 - Lee's Summit Mike Enterprise {Lee's Summit Mike Enterprise, LLC} (fka Lee's Summit Max)",evidenceOfInsurance,Evidence of Insurance,commercialGeneralLiability,Commercial General Liability,evidenceOfInsuranceCommercialGeneralLiabilityGeneralAggregateLimitAppliesPerLocation,General Aggregate Limit Applies per: Location,,matchOnce,must be present,,Present,compliant,Block Requirements,,,false,1,,2026-08-16
"Block Real Estate Services, LLC",6a1dcd0c1669f2b2ce7559f2,6a1dccbb23b401dcff773de7,TitleMax Title Loans / Title Max of Missouri,6a1dcc9da0ed8c51ab1b2a64,"3rd046 - Lee's Summit Mike Enterprise {Lee's Summit Mike Enterprise, LLC} (fka Lee's Summit Max)",evidenceOfInsurance,Evidence of Insurance,commercialGeneralLiability,Commercial General Liability,evidenceOfInsuranceCommercialGeneralLiabilityEachOccurrence,Each Occurrence,,matchOnce,must be greater or equal to,1000000,1000000,compliant,Block Requirements,,,false,1,,2026-08-16
"Block Real Estate Services, LLC",6a1dcd0c1669f2b2ce7559f2,6a1dccbb23b401dcff773de7,TitleMax Title Loans / Title Max of Missouri,6a1dcc9da0ed8c51ab1b2a64,"3rd046 - Lee's Summit Mike Enterprise {Lee's Summit Mike Enterprise, LLC} (fka Lee's Summit Max)",evidenceOfInsurance,Evidence of Insurance,commercialGeneralLiability,Commercial General Liability,evidenceOfInsuranceCommercialGeneralLiabilityGeneralAggregate,General Aggregate,,matchOnce,must be greater or equal to,2000000,2000000,compliant,Block Requirements,,,false,1,,2026-08-16
"Block Real Estate Services, LLC",6a1dcd0c1669f2b2ce7559f2,6a1dccbb23b401dcff773de7,TitleMax Title Loans / Title Max of Missouri,6a1dcc9da0ed8c51ab1b2a64,"3rd046 - Lee's Summit Mike Enterprise {Lee's Summit Mike Enterprise, LLC} (fka Lee's Summit Max)",evidenceOfInsurance,Evidence of Insurance,commercialGeneralLiability,Commercial General Liability,evidenceOfInsuranceCommercialGeneralLiabilityWaiverOfSubrogationEndorsement,Waiver of Subrogation,"---prompt---
Determine if the insurer has waived their right of subrogation in favor of the certificate holder under the Commercial General Liability policy. Evidence may include: a checked ""Waiver of Subrogation"" box on the certificate, mention in the Description of Operations section stating ""waiver of subrogation applies"", or reference to form CG 24 04. Look for language like ""subrogation is waived"" or ""per written contract"".",matchOnce,must be present,,Present,compliant,Block Requirements,,,false,1,,2026-08-16
"Block Real Estate Services, LLC",6a1dcd0c1669f2b2ce7559f2,6a1dccbb23b401dcff773de7,TitleMax Title Loans / Title Max of Missouri,6a1dcc9da0ed8c51ab1b2a64,"3rd046 - Lee's Summit Mike Enterprise {Lee's Summit Mike Enterprise, LLC} (fka Lee's Summit Max)",evidenceOfInsurance,Evidence of Insurance,excessOrUmbrellaLiability,Umbrella/Excess Liability,evidenceOfInsuranceExcessOrUmbrellaLiabilityOccurence,Coverage Trigger: Occurrence,,matchOnce,must be present,,Present,compliant,Block Requirements,,,false,1,,2026-08-16
"Block Real Estate Services, LLC",6a1dcd0c1669f2b2ce7559f2,6a1dccbb23b401dcff773de7,TitleMax Title Loans / Title Max of Missouri,6a1dcc9da0ed8c51ab1b2a64,"3rd046 - Lee's Summit Mike Enterprise {Lee's Summit Mike Enterprise, LLC} (fka Lee's Summit Max)",evidenceOfInsurance,Evidence of Insurance,excessOrUmbrellaLiability,Umbrella/Excess Liability,evidenceOfInsuranceExcessOrUmbrellaLiabilityEachOccurrence,Each Occurrence,,matchOnce,must be greater or equal to,1000000,10000000,compliant,Block Requirements,,,false,1,,2026-08-16
"Block Real Estate Services, LLC",6a1dcd0c1669f2b2ce7559f2,6a1dccbb23b401dcff773de7,TitleMax Title Loans / Title Max of Missouri,6a1dcc9da0ed8c51ab1b2a64,"3rd046 - Lee's Summit Mike Enterprise {Lee's Summit Mike Enterprise, LLC} (fka Lee's Summit Max)",evidenceOfInsurance,Evidence of Insurance,excessOrUmbrellaLiability,Umbrella/Excess Liability,evidenceOfInsuranceExcessOrUmbrellaLiabilityAggregate,Aggregate,,matchOnce,must be greater or equal to,1000000,10000000,compliant,Block Requirements,,,false,1,,2026-08-16
"Block Real Estate Services, LLC",6a1dcd0c1669f2b2ce7559f2,6a1dccbb23b401dcff773de7,TitleMax Title Loans / Title Max of Missouri,6a1dcc9da0ed8c51ab1b2a64,"3rd046 - Lee's Summit Mike Enterprise {Lee's Summit Mike Enterprise, LLC} (fka Lee's Summit Max)",evidenceOfInsurance,Evidence of Insurance,workersCompensation,Workers' Compensation and Employer's Liability,evidenceOfInsuranceWorkersCompensationStatutoryLimits,Statutory Limits,,matchOnce,must be present,,Present,compliant,Block Requirements,,,false,1,,2026-08-16
"Block Real Estate Services, LLC",6a1dcd0c1669f2b2ce7559f2,6a1dccbb23b401dcff773de7,TitleMax Title Loans / Title Max of Missouri,6a1dcc9da0ed8c51ab1b2a64,"3rd046 - Lee's Summit Mike Enterprise {Lee's Summit Mike Enterprise, LLC} (fka Lee's Summit Max)",evidenceOfInsurance,Evidence of Insurance,workersCompensation,Workers' Compensation and Employer's Liability,evidenceOfInsuranceWorkersCompensationEmployersLiabilityEachAccident,Employer's Liability Each Accident,,matchOnce,must be greater or equal to,500000,1000000,compliant,Block Requirements,,,false,1,,2026-08-16
"Block Real Estate Services, LLC",6a1dcd0c1669f2b2ce7559f2,6a1dccbb23b401dcff773de7,TitleMax Title Loans / Title Max of Missouri,6a1dcc9da0ed8c51ab1b2a64,"3rd046 - Lee's Summit Mike Enterprise {Lee's Summit Mike Enterprise, LLC} (fka Lee's Summit Max)",evidenceOfInsurance,Evidence of Insurance,workersCompensation,Workers' Compensation and Employer's Liability,evidenceOfInsuranceWorkersCompensationEmployersLiabilityDiseaseEachEmployee,Employer's Liability Disease - each employee,,matchOnce,must be greater or equal to,500000,1000000,compliant,Block Requirements,,,false,1,,2026-08-16
"Block Real Estate Services, LLC",6a1dcd0c1669f2b2ce7559f2,6a1dccbb23b401dcff773de7,TitleMax Title Loans / Title Max of Missouri,6a1dcc9da0ed8c51ab1b2a64,"3rd046 - Lee's Summit Mike Enterprise {Lee's Summit Mike Enterprise, LLC} (fka Lee's Summit Max)",evidenceOfInsurance,Evidence of Insurance,workersCompensation,Workers' Compensation and Employer's Liability,evidenceOfInsuranceWorkersCompensationEmployersLiabilityDiseasePolicyLimit,Employer's Liability Disease - policy limit,,matchOnce,must be greater or equal to,500000,1000000,compliant,Block Requirements,,,false,1,,2026-08-16
"Block Real Estate Services, LLC",6a1dcd0c1669f2b2ce7559f2,6a1dccbb23b401dcff773de7,TitleMax Title Loans / Title Max of Missouri,6a1dcc9da0ed8c51ab1b2a64,"3rd046 - Lee's Summit Mike Enterprise {Lee's Summit Mike Enterprise, LLC} (fka Lee's Summit Max)",evidenceOfInsurance,Evidence of Insurance,workersCompensation,Workers' Compensation and Employer's Liability,evidenceOfInsuranceWorkersCompensationWaiverOfSubrogationEndorsement,Waiver of Subrogation,"---prompt---
Determine if the insurer has waived their right of subrogation in favor of the certificate holder under the Workers' Compensation policy. Evidence may include: a checked ""Waiver of Subrogation"" box on the certificate, mention in the Description of Operations section stating ""waiver of subrogation applies"", or reference to form WC 00 03 13. Look for language like ""subrogation is waived"" or ""per written contract"".",matchOnce,must be present,,Present,compliant,Block Requirements,,,false,1,,2026-08-16
"Block Real Estate Services, LLC",6a1dcd0c1669f2b2ce7559f2,6a1dccbb23b401dcff773de7,TitleMax Title Loans / Title Max of Missouri,6a1dcc9da0ed8c51ab1b2a64,"3rd046 - Lee's Summit Mike Enterprise {Lee's Summit Mike Enterprise, LLC} (fka Lee's Summit Max)",evidenceOfInsurance,Evidence of Insurance,6ac20aae-5728-5d57-b364-aeba38527dba,Additional Requirements,4da5b0f1-4c9d-5885-8cf8-5d3cccaed3e0,"Block Real Estate Services, LLC and all others required by contract are named as Additional Insureds","---prompt---
Determine if the Description of Operations or the Additional Remarks Schedule section states the ""Additional Insured as Construction Management, Inc. and all others required by contract"" or reference to blanket additional insured coverage. Look for language like ""certificate holder is additional insured"" or ""per written contract"".",matchOnce,must be present,,Present,compliant,Block Requirements,,,true,1,,2026-08-16
"Block Real Estate Services, LLC",6a1dcd0c1669f2b2ce7559f2,6a1dccbb23b401dcff773de7,TitleMax Title Loans / Title Max of Missouri,6a1dcc9da0ed8c51ab1b2a64,"3rd046 - Lee's Summit Mike Enterprise {Lee's Summit Mike Enterprise, LLC} (fka Lee's Summit Max)",evidenceOfInsurance,Evidence of Insurance,6ac20aae-5728-5d57-b364-aeba38527dba,Additional Requirements,e1017741-e47e-5f58-97b8-fbc3043e919f,Umbrella follows form over General Liability,"---prompt---
Determine if the Umbrella/Excess Liability policy follows form to the underlying policies. Evidence may include: language in the Description of Operations section stating the umbrella follows form to underlying coverages or an additional page endorsement stating that it follows form. Follow form means the umbrella policy adopts the same terms, conditions, and exclusions as the underlying policies.",matchOnce,must be present,,Present,compliant,Block Requirements,,,true,1,,2026-08-16
"Block Real Estate Services, LLC",6a1dcd0c1669f2b2ce7559f2,6a1dccbb23b401dcff773de7,TitleMax Title Loans / Title Max of Missouri,6a1dcc9da0ed8c51ab1b2a64,"3rd046 - Lee's Summit Mike Enterprise {Lee's Summit Mike Enterprise, LLC} (fka Lee's Summit Max)",evidenceOfInsurance,Evidence of Insurance,6ac20aae-5728-5d57-b364-aeba38527dba,Additional Requirements,2cdd866f-c9a4-576a-afd8-1d045762790c,The location must be listed as: 760 NE M-291 Highway Lee's Summit MO 64068,"---prompt---
Determine if the Description of Operations or the Additional Remarks Schedule section states the location indicated in value field",matchOnce,must be present,,Present,compliant,Block Requirements,,,true,1,,2026-08-16
"Block Real Estate Services, LLC",6a1dcd0c1669f2b2ce7559f2,6a1dccbb23b401dcff773de7,TitleMax Title Loans / Title Max of Missouri,6a1dcc9da0ed8c51ab1b2a64,"3rd046 - Lee's Summit Mike Enterprise {Lee's Summit Mike Enterprise, LLC} (fka Lee's Summit Max)",evidenceOfInsurance,Evidence of Insurance,6ac20aae-5728-5d57-b364-aeba38527dba,Additional Requirements,3649e9d1-4e09-59bf-8f30-cb33c40cf117,"Certificate Holder must read: c/o Block Real Estate Services, LLC, 4622 Pennsylvania St., Suite 700, Kansas City, MO, 64112",,matchOnce,must be present,,Present,compliant,Block Requirements,,,true,1,,2026-08-16
"Block Real Estate Services, LLC",6a1dcecf8fc0016beeb9bad6,6a1dceb25e529bb0fc8a0f0a,"Integrated Opening Solutions, LLC",6a1dce5d2575f4fed44439f8,"len462 - Lenexa Logistics Centre South Building 6 {Lenexa Logistics South 6, LLC}",evidenceOfInsurance,Evidence of Insurance,commercialGeneralLiability,Commercial General Liability,evidenceOfInsuranceCommercialGeneralLiabilityCoverageTriggerOccurrence,Coverage Trigger: Occurrence,,matchOnce,must be present,,Present,compliant,Block Requirements,,,false,1,,2026-08-16
"Block Real Estate Services, LLC",6a1dcecf8fc0016beeb9bad6,6a1dceb25e529bb0fc8a0f0a,"Integrated Opening Solutions, LLC",6a1dce5d2575f4fed44439f8,"len462 - Lenexa Logistics Centre South Building 6 {Lenexa Logistics South 6, LLC}",evidenceOfInsurance,Evidence of Insurance,commercialGeneralLiability,Commercial General Liability,evidenceOfInsuranceCommercialGeneralLiabilityGeneralAggregateLimitAppliesPerLocation,General Aggregate Limit Applies per: Location,,matchOnce,must be present,,,non_compliant,Block Requirements,,,false,0,,2026-08-16
"Block Real Estate Services, LLC",6a1dcecf8fc0016beeb9bad6,6a1dceb25e529bb0fc8a0f0a,"Integrated Opening Solutions, LLC",6a1dce5d2575f4fed44439f8,"len462 - Lenexa Logistics Centre South Building 6 {Lenexa Logistics South 6, LLC}",evidenceOfInsurance,Evidence of Insurance,commercialGeneralLiability,Commercial General Liability,evidenceOfInsuranceCommercialGeneralLiabilityEachOccurrence,Each Occurrence,,matchOnce,must be greater or equal to,1000000,1000000,compliant,Block Requirements,,,false,1,,2026-08-16
"Block Real Estate Services, LLC",6a1dcecf8fc0016beeb9bad6,6a1dceb25e529bb0fc8a0f0a,"Integrated Opening Solutions, LLC",6a1dce5d2575f4fed44439f8,"len462 - Lenexa Logistics Centre South Building 6 {Lenexa Logistics South 6, LLC}",evidenceOfInsurance,Evidence of Insurance,commercialGeneralLiability,Commercial General Liability,evidenceOfInsuranceCommercialGeneralLiabilityGeneralAggregate,General Aggregate,,matchOnce,must be greater or equal to,2000000,2000000,compliant,Block Requirements,,,false,1,,2026-08-16
"Block Real Estate Services, LLC",6a1dcecf8fc0016beeb9bad6,6a1dceb25e529bb0fc8a0f0a,"Integrated Opening Solutions, LLC",6a1dce5d2575f4fed44439f8,"len462 - Lenexa Logistics Centre South Building 6 {Lenexa Logistics South 6, LLC}",evidenceOfInsurance,Evidence of Insurance,commercialGeneralLiability,Commercial General Liability,evidenceOfInsuranceCommercialGeneralLiabilityWaiverOfSubrogationEndorsement,Waiver of Subrogation,"---prompt---
Determine if the insurer has waived their right of subrogation in favor of the certificate holder under the Commercial General Liability policy. Evidence may include: a checked ""Waiver of Subrogation"" box on the certificate, mention in the Description of Operations section stating ""waiver of subrogation applies"", or reference to form CG 24 04. Look for language like ""subrogation is waived"" or ""per written contract"".",matchOnce,must be present,,Present,compliant,Block Requirements,,,false,1,,2026-08-16
"Block Real Estate Services, LLC",6a1dcecf8fc0016beeb9bad6,6a1dceb25e529bb0fc8a0f0a,"Integrated Opening Solutions, LLC",6a1dce5d2575f4fed44439f8,"len462 - Lenexa Logistics Centre South Building 6 {Lenexa Logistics South 6, LLC}",evidenceOfInsurance,Evidence of Insurance,excessOrUmbrellaLiability,Umbrella/Excess Liability,evidenceOfInsuranceExcessOrUmbrellaLiabilityOccurence,Coverage Trigger: Occurrence,,matchOnce,must be present,,Present,compliant,Block Requirements,,,false,1,,2026-08-16
"Block Real Estate Services, LLC",6a1dcecf8fc0016beeb9bad6,6a1dceb25e529bb0fc8a0f0a,"Integrated Opening Solutions, LLC",6a1dce5d2575f4fed44439f8,"len462 - Lenexa Logistics Centre South Building 6 {Lenexa Logistics South 6, LLC}",evidenceOfInsurance,Evidence of Insurance,excessOrUmbrellaLiability,Umbrella/Excess Liability,evidenceOfInsuranceExcessOrUmbrellaLiabilityEachOccurrence,Each Occurrence,,matchOnce,must be greater or equal to,1000000,10000000,compliant,Block Requirements,,,false,1,,2026-08-16
"Block Real Estate Services, LLC",6a1dcecf8fc0016beeb9bad6,6a1dceb25e529bb0fc8a0f0a,"Integrated Opening Solutions, LLC",6a1dce5d2575f4fed44439f8,"len462 - Lenexa Logistics Centre South Building 6 {Lenexa Logistics South 6, LLC}",evidenceOfInsurance,Evidence of Insurance,excessOrUmbrellaLiability,Umbrella/Excess Liability,evidenceOfInsuranceExcessOrUmbrellaLiabilityAggregate,Aggregate,,matchOnce,must be greater or equal to,1000000,10000000,compliant,Block Requirements,,,false,1,,2026-08-16
"Block Real Estate Services, LLC",6a1dcecf8fc0016beeb9bad6,6a1dceb25e529bb0fc8a0f0a,"Integrated Opening Solutions, LLC",6a1dce5d2575f4fed44439f8,"len462 - Lenexa Logistics Centre South Building 6 {Lenexa Logistics South 6, LLC}",evidenceOfInsurance,Evidence of Insurance,workersCompensation,Workers' Compensation and Employer's Liability,evidenceOfInsuranceWorkersCompensationStatutoryLimits,Statutory Limits,,matchOnce,must be present,,Present,compliant,Block Requirements,,,false,1,,2026-08-16
"Block Real Estate Services, LLC",6a1dcecf8fc0016beeb9bad6,6a1dceb25e529bb0fc8a0f0a,"Integrated Opening Solutions, LLC",6a1dce5d2575f4fed44439f8,"len462 - Lenexa Logistics Centre South Building 6 {Lenexa Logistics South 6, LLC}",evidenceOfInsurance,Evidence of Insurance,workersCompensation,Workers' Compensation and Employer's Liability,evidenceOfInsuranceWorkersCompensationEmployersLiabilityEachAccident,Employer's Liability Each Accident,,matchOnce,must be greater or equal to,500000,1000000,compliant,Block Requirements,,,false,1,,2026-08-16
"Block Real Estate Services, LLC",6a1dcecf8fc0016beeb9bad6,6a1dceb25e529bb0fc8a0f0a,"Integrated Opening Solutions, LLC",6a1dce5d2575f4fed44439f8,"len462 - Lenexa Logistics Centre South Building 6 {Lenexa Logistics South 6, LLC}",evidenceOfInsurance,Evidence of Insurance,workersCompensation,Workers' Compensation and Employer's Liability,evidenceOfInsuranceWorkersCompensationEmployersLiabilityDiseaseEachEmployee,Employer's Liability Disease - each employee,,matchOnce,must be greater or equal to,500000,1000000,compliant,Block Requirements,,,false,1,,2026-08-16
"Block Real Estate Services, LLC",6a1dcecf8fc0016beeb9bad6,6a1dceb25e529bb0fc8a0f0a,"Integrated Opening Solutions, LLC",6a1dce5d2575f4fed44439f8,"len462 - Lenexa Logistics Centre South Building 6 {Lenexa Logistics South 6, LLC}",evidenceOfInsurance,Evidence of Insurance,workersCompensation,Workers' Compensation and Employer's Liability,evidenceOfInsuranceWorkersCompensationEmployersLiabilityDiseasePolicyLimit,Employer's Liability Disease - policy limit,,matchOnce,must be greater or equal to,500000,1000000,compliant,Block Requirements,,,false,1,,2026-08-16
"Block Real Estate Services, LLC",6a1dcecf8fc0016beeb9bad6,6a1dceb25e529bb0fc8a0f0a,"Integrated Opening Solutions, LLC",6a1dce5d2575f4fed44439f8,"len462 - Lenexa Logistics Centre South Building 6 {Lenexa Logistics South 6, LLC}",evidenceOfInsurance,Evidence of Insurance,workersCompensation,Workers' Compensation and Employer's Liability,evidenceOfInsuranceWorkersCompensationWaiverOfSubrogationEndorsement,Waiver of Subrogation,"---prompt---
Determine if the insurer has waived their right of subrogation in favor of the certificate holder under the Workers' Compensation policy. Evidence may include: a checked ""Waiver of Subrogation"" box on the certificate, mention in the Description of Operations section stating ""waiver of subrogation applies"", or reference to form WC 00 03 13. Look for language like ""subrogation is waived"" or ""per written contract"".",matchOnce,must be present,,Present,compliant,Block Requirements,,,false,1,,2026-08-16
"Block Real Estate Services, LLC",6a1dcecf8fc0016beeb9bad6,6a1dceb25e529bb0fc8a0f0a,"Integrated Opening Solutions, LLC",6a1dce5d2575f4fed44439f8,"len462 - Lenexa Logistics Centre South Building 6 {Lenexa Logistics South 6, LLC}",evidenceOfInsurance,Evidence of Insurance,6ac20aae-5728-5d57-b364-aeba38527dba,Additional Requirements,4da5b0f1-4c9d-5885-8cf8-5d3cccaed3e0,"Block Real Estate Services, LLC and all others required by contract are named as Additional Insureds","---prompt---
Determine if the Description of Operations or the Additional Remarks Schedule section states the ""Additional Insured as Construction Management, Inc. and all others required by contract"" or reference to blanket additional insured coverage. Look for language like ""certificate holder is additional insured"" or ""per written contract"".",matchOnce,must be present,,,non_compliant,Block Requirements,,,true,0,,2026-08-16
"Block Real Estate Services, LLC",6a1dcecf8fc0016beeb9bad6,6a1dceb25e529bb0fc8a0f0a,"Integrated Opening Solutions, LLC",6a1dce5d2575f4fed44439f8,"len462 - Lenexa Logistics Centre South Building 6 {Lenexa Logistics South 6, LLC}",evidenceOfInsurance,Evidence of Insurance,6ac20aae-5728-5d57-b364-aeba38527dba,Additional Requirements,e1017741-e47e-5f58-97b8-fbc3043e919f,Umbrella follows form over General Liability,"---prompt---
Determine if the Umbrella/Excess Liability policy follows form to the underlying policies. Evidence may include: language in the Description of Operations section stating the umbrella follows form to underlying coverages or an additional page endorsement stating that it follows form. Follow form means the umbrella policy adopts the same terms, conditions, and exclusions as the underlying policies.",matchOnce,must be present,,,non_compliant,Block Requirements,,,true,0,,2026-08-16
"Block Real Estate Services, LLC",6a1dcecf8fc0016beeb9bad6,6a1dceb25e529bb0fc8a0f0a,"Integrated Opening Solutions, LLC",6a1dce5d2575f4fed44439f8,"len462 - Lenexa Logistics Centre South Building 6 {Lenexa Logistics South 6, LLC}",evidenceOfInsurance,Evidence of Insurance,6ac20aae-5728-5d57-b364-aeba38527dba,Additional Requirements,2cdd866f-c9a4-576a-afd8-1d045762790c,The location must be listed as: 11290-11320 Britton Street Lenexa KS 66219,"---prompt---
Determine if the Description of Operations or the Additional Remarks Schedule section states the location indicated in value field",matchOnce,must be present,,,non_compliant,Block Requirements,,,true,0,,2026-08-16
"Block Real Estate Services, LLC",6a1dcecf8fc0016beeb9bad6,6a1dceb25e529bb0fc8a0f0a,"Integrated Opening Solutions, LLC",6a1dce5d2575f4fed44439f8,"len462 - Lenexa Logistics Centre South Building 6 {Lenexa Logistics South 6, LLC}",evidenceOfInsurance,Evidence of Insurance,6ac20aae-5728-5d57-b364-aeba38527dba,Additional Requirements,3649e9d1-4e09-59bf-8f30-cb33c40cf117,"Certificate Holder must read: c/o Block Real Estate Services, LLC, 4622 Pennsylvania St., Suite 700, Kansas City, MO, 64112",,matchOnce,must be present,,,non_compliant,Block Requirements,,,true,0,,2026-08-16
"Block Real Estate Services, LLC",6a1dcecf8fc0016beeb9bad5,6a1dcea405955276b691e1da,Regal Distributing Co.,6a1dce5d2575f4fed44439f8,"len462 - Lenexa Logistics Centre South Building 6 {Lenexa Logistics South 6, LLC}",evidenceOfInsurance,Evidence of Insurance,commercialGeneralLiability,Commercial General Liability,evidenceOfInsuranceCommercialGeneralLiabilityCoverageTriggerOccurrence,Coverage Trigger: Occurrence,,matchOnce,must be present,,Present,compliant,Block Requirements,,,false,3,,2026-08-16
"Block Real Estate Services, LLC",6a1dcecf8fc0016beeb9bad5,6a1dcea405955276b691e1da,Regal Distributing Co.,6a1dce5d2575f4fed44439f8,"len462 - Lenexa Logistics Centre South Building 6 {Lenexa Logistics South 6, LLC}",evidenceOfInsurance,Evidence of Insurance,commercialGeneralLiability,Commercial General Liability,evidenceOfInsuranceCommercialGeneralLiabilityGeneralAggregateLimitAppliesPerLocation,General Aggregate Limit Applies per: Location,,matchOnce,must be present,,,non_compliant,Block Requirements,,,false,0,,2026-08-16
"Block Real Estate Services, LLC",6a1dcecf8fc0016beeb9bad5,6a1dcea405955276b691e1da,Regal Distributing Co.,6a1dce5d2575f4fed44439f8,"len462 - Lenexa Logistics Centre South Building 6 {Lenexa Logistics South 6, LLC}",evidenceOfInsurance,Evidence of Insurance,commercialGeneralLiability,Commercial General Liability,evidenceOfInsuranceCommercialGeneralLiabilityEachOccurrence,Each Occurrence,,matchOnce,must be greater or equal to,1000000,1000000,compliant,Block Requirements,,,false,3,,2026-08-16
"Block Real Estate Services, LLC",6a1dcecf8fc0016beeb9bad5,6a1dcea405955276b691e1da,Regal Distributing Co.,6a1dce5d2575f4fed44439f8,"len462 - Lenexa Logistics Centre South Building 6 {Lenexa Logistics South 6, LLC}",evidenceOfInsurance,Evidence of Insurance,commercialGeneralLiability,Commercial General Liability,evidenceOfInsuranceCommercialGeneralLiabilityGeneralAggregate,General Aggregate,,matchOnce,must be greater or equal to,2000000,2000000,compliant,Block Requirements,,,false,3,,2026-08-16
"Block Real Estate Services, LLC",6a1dcecf8fc0016beeb9bad5,6a1dcea405955276b691e1da,Regal Distributing Co.,6a1dce5d2575f4fed44439f8,"len462 - Lenexa Logistics Centre South Building 6 {Lenexa Logistics South 6, LLC}",evidenceOfInsurance,Evidence of Insurance,commercialGeneralLiability,Commercial General Liability,evidenceOfInsuranceCommercialGeneralLiabilityWaiverOfSubrogationEndorsement,Waiver of Subrogation,"---prompt---
Determine if the insurer has waived their right of subrogation in favor of the certificate holder under the Commercial General Liability policy. Evidence may include: a checked ""Waiver of Subrogation"" box on the certificate, mention in the Description of Operations section stating ""waiver of subrogation applies"", or reference to form CG 24 04. Look for language like ""subrogation is waived"" or ""per written contract"".",matchOnce,must be present,,Present,compliant,Block Requirements,,,false,3,,2026-08-16
"Block Real Estate Services, LLC",6a1dcecf8fc0016beeb9bad5,6a1dcea405955276b691e1da,Regal Distributing Co.,6a1dce5d2575f4fed44439f8,"len462 - Lenexa Logistics Centre South Building 6 {Lenexa Logistics South 6, LLC}",evidenceOfInsurance,Evidence of Insurance,excessOrUmbrellaLiability,Umbrella/Excess Liability,evidenceOfInsuranceExcessOrUmbrellaLiabilityOccurence,Coverage Trigger: Occurrence,,matchOnce,must be present,,Present,compliant,Block Requirements,,,false,3,,2026-08-16
"Block Real Estate Services, LLC",6a1dcecf8fc0016beeb9bad5,6a1dcea405955276b691e1da,Regal Distributing Co.,6a1dce5d2575f4fed44439f8,"len462 - Lenexa Logistics Centre South Building 6 {Lenexa Logistics South 6, LLC}",evidenceOfInsurance,Evidence of Insurance,excessOrUmbrellaLiability,Umbrella/Excess Liability,evidenceOfInsuranceExcessOrUmbrellaLiabilityEachOccurrence,Each Occurrence,,matchOnce,must be greater or equal to,1000000,10000000,compliant,Block Requirements,,,false,3,,2026-08-16
"Block Real Estate Services, LLC",6a1dcecf8fc0016beeb9bad5,6a1dcea405955276b691e1da,Regal Distributing Co.,6a1dce5d2575f4fed44439f8,"len462 - Lenexa Logistics Centre South Building 6 {Lenexa Logistics South 6, LLC}",evidenceOfInsurance,Evidence of Insurance,excessOrUmbrellaLiability,Umbrella/Excess Liability,evidenceOfInsuranceExcessOrUmbrellaLiabilityAggregate,Aggregate,,matchOnce,must be greater or equal to,1000000,10000000,compliant,Block Requirements,,,false,3,,2026-08-16
"Block Real Estate Services, LLC",6a1dcecf8fc0016beeb9bad5,6a1dcea405955276b691e1da,Regal Distributing Co.,6a1dce5d2575f4fed44439f8,"len462 - Lenexa Logistics Centre South Building 6 {Lenexa Logistics South 6, LLC}",evidenceOfInsurance,Evidence of Insurance,workersCompensation,Workers' Compensation and Employer's Liability,evidenceOfInsuranceWorkersCompensationStatutoryLimits,Statutory Limits,,matchOnce,must be present,,Present,compliant,Block Requirements,,,false,3,,2026-08-16
"Block Real Estate Services, LLC",6a1dcecf8fc0016beeb9bad5,6a1dcea405955276b691e1da,Regal Distributing Co.,6a1dce5d2575f4fed44439f8,"len462 - Lenexa Logistics Centre South Building 6 {Lenexa Logistics South 6, LLC}",evidenceOfInsurance,Evidence of Insurance,workersCompensation,Workers' Compensation and Employer's Liability,evidenceOfInsuranceWorkersCompensationEmployersLiabilityEachAccident,Employer's Liability Each Accident,,matchOnce,must be greater or equal to,500000,1000000,compliant,Block Requirements,,,false,3,,2026-08-16
"Block Real Estate Services, LLC",6a1dcecf8fc0016beeb9bad5,6a1dcea405955276b691e1da,Regal Distributing Co.,6a1dce5d2575f4fed44439f8,"len462 - Lenexa Logistics Centre South Building 6 {Lenexa Logistics South 6, LLC}",evidenceOfInsurance,Evidence of Insurance,workersCompensation,Workers' Compensation and Employer's Liability,evidenceOfInsuranceWorkersCompensationEmployersLiabilityDiseaseEachEmployee,Employer's Liability Disease - each employee,,matchOnce,must be greater or equal to,500000,1000000,compliant,Block Requirements,,,false,3,,2026-08-16
"Block Real Estate Services, LLC",6a1dcecf8fc0016beeb9bad5,6a1dcea405955276b691e1da,Regal Distributing Co.,6a1dce5d2575f4fed44439f8,"len462 - Lenexa Logistics Centre South Building 6 {Lenexa Logistics South 6, LLC}",evidenceOfInsurance,Evidence of Insurance,workersCompensation,Workers' Compensation and Employer's Liability,evidenceOfInsuranceWorkersCompensationEmployersLiabilityDiseasePolicyLimit,Employer's Liability Disease - policy limit,,matchOnce,must be greater or equal to,500000,1000000,compliant,Block Requirements,,,false,3,,2026-08-16
"Block Real Estate Services, LLC",6a1dcecf8fc0016beeb9bad5,6a1dcea405955276b691e1da,Regal Distributing Co.,6a1dce5d2575f4fed44439f8,"len462 - Lenexa Logistics Centre South Building 6 {Lenexa Logistics South 6, LLC}",evidenceOfInsurance,Evidence of Insurance,workersCompensation,Workers' Compensation and Employer's Liability,evidenceOfInsuranceWorkersCompensationWaiverOfSubrogationEndorsement,Waiver of Subrogation,"---prompt---
Determine if the insurer has waived their right of subrogation in favor of the certificate holder under the Workers' Compensation policy. Evidence may include: a checked ""Waiver of Subrogation"" box on the certificate, mention in the Description of Operations section stating ""waiver of subrogation applies"", or reference to form WC 00 03 13. Look for language like ""subrogation is waived"" or ""per written contract"".",matchOnce,must be present,,Present,compliant,Block Requirements,,,false,3,,2026-08-16
"Block Real Estate Services, LLC",6a1dcecf8fc0016beeb9bad5,6a1dcea405955276b691e1da,Regal Distributing Co.,6a1dce5d2575f4fed44439f8,"len462 - Lenexa Logistics Centre South Building 6 {Lenexa Logistics South 6, LLC}",evidenceOfInsurance,Evidence of Insurance,6ac20aae-5728-5d57-b364-aeba38527dba,Additional Requirements,4da5b0f1-4c9d-5885-8cf8-5d3cccaed3e0,"Block Real Estate Services, LLC and all others required by contract are named as Additional Insureds","---prompt---
Determine if the Description of Operations or the Additional Remarks Schedule section states the ""Additional Insured as Construction Management, Inc. and all others required by contract"" or reference to blanket additional insured coverage. Look for language like ""certificate holder is additional insured"" or ""per written contract"".",matchOnce,must be present,,Present,compliant,Block Requirements,,,true,1,,2026-08-16
"Block Real Estate Services, LLC",6a1dcecf8fc0016beeb9bad5,6a1dcea405955276b691e1da,Regal Distributing Co.,6a1dce5d2575f4fed44439f8,"len462 - Lenexa Logistics Centre South Building 6 {Lenexa Logistics South 6, LLC}",evidenceOfInsurance,Evidence of Insurance,6ac20aae-5728-5d57-b364-aeba38527dba,Additional Requirements,e1017741-e47e-5f58-97b8-fbc3043e919f,Umbrella follows form over General Liability,"---prompt---
Determine if the Umbrella/Excess Liability policy follows form to the underlying policies. Evidence may include: language in the Description of Operations section stating the umbrella follows form to underlying coverages or an additional page endorsement stating that it follows form. Follow form means the umbrella policy adopts the same terms, conditions, and exclusions as the underlying policies.",matchOnce,must be present,,,non_compliant,Block Requirements,,,true,0,,2026-08-16
"Block Real Estate Services, LLC",6a1dcecf8fc0016beeb9bad5,6a1dcea405955276b691e1da,Regal Distributing Co.,6a1dce5d2575f4fed44439f8,"len462 - Lenexa Logistics Centre South Building 6 {Lenexa Logistics South 6, LLC}",evidenceOfInsurance,Evidence of Insurance,6ac20aae-5728-5d57-b364-aeba38527dba,Additional Requirements,2cdd866f-c9a4-576a-afd8-1d045762790c,The location must be listed as: 11280-11300 Britton Street Lenexa KS 66219,"---prompt---
Determine if the Description of Operations or the Additional Remarks Schedule section states the location indicated in value field",matchOnce,must be present,,,non_compliant,Block Requirements,,,true,0,,2026-08-16
"Block Real Estate Services, LLC",6a1dcecf8fc0016beeb9bad5,6a1dcea405955276b691e1da,Regal Distributing Co.,6a1dce5d2575f4fed44439f8,"len462 - Lenexa Logistics Centre South Building 6 {Lenexa Logistics South 6, LLC}",evidenceOfInsurance,Evidence of Insurance,6ac20aae-5728-5d57-b364-aeba38527dba,Additional Requirements,3649e9d1-4e09-59bf-8f30-cb33c40cf117,"Certificate Holder must read: c/o Block Real Estate Services, LLC, 4622 Pennsylvania St., Suite 700, Kansas City, MO, 64112",,matchOnce,must be present,,Present,compliant,Block Requirements,,,true,1,,2026-08-16
"Block Real Estate Services, LLC",6a1dd951e9bf4a6afd4fa9b0,6a1dd8f38805769e5068fd19,"Living Spaces Furniture, LLC",6a1dd8c35e529bb0fc8c5087,tic447 - Lenexa Logistics Centre East Building 2,evidenceOfInsurance,Evidence of Insurance,commercialGeneralLiability,Commercial General Liability,evidenceOfInsuranceCommercialGeneralLiabilityCoverageTriggerOccurrence,Coverage Trigger: Occurrence,,matchOnce,must be present,,,non_compliant,Block Requirements,,,false,0,,2026-08-16
"Block Real Estate Services, LLC",6a1dd951e9bf4a6afd4fa9b0,6a1dd8f38805769e5068fd19,"Living Spaces Furniture, LLC",6a1dd8c35e529bb0fc8c5087,tic447 - Lenexa Logistics Centre East Building 2,evidenceOfInsurance,Evidence of Insurance,commercialGeneralLiability,Commercial General Liability,evidenceOfInsuranceCommercialGeneralLiabilityGeneralAggregateLimitAppliesPerLocation,General Aggregate Limit Applies per: Location,,matchOnce,must be present,,,non_compliant,Block Requirements,,,false,0,,2026-08-16
"Block Real Estate Services, LLC",6a1dd951e9bf4a6afd4fa9b0,6a1dd8f38805769e5068fd19,"Living Spaces Furniture, LLC",6a1dd8c35e529bb0fc8c5087,tic447 - Lenexa Logistics Centre East Building 2,evidenceOfInsurance,Evidence of Insurance,commercialGeneralLiability,Commercial General Liability,evidenceOfInsuranceCommercialGeneralLiabilityEachOccurrence,Each Occurrence,,matchOnce,must be greater or equal to,1000000,,non_compliant,Block Requirements,,,false,0,,2026-08-16
"Block Real Estate Services, LLC",6a1dd951e9bf4a6afd4fa9b0,6a1dd8f38805769e5068fd19,"Living Spaces Furniture, LLC",6a1dd8c35e529bb0fc8c5087,tic447 - Lenexa Logistics Centre East Building 2,evidenceOfInsurance,Evidence of Insurance,commercialGeneralLiability,Commercial General Liability,evidenceOfInsuranceCommercialGeneralLiabilityGeneralAggregate,General Aggregate,,matchOnce,must be greater or equal to,2000000,,non_compliant,Block Requirements,,,false,0,,2026-08-16
"Block Real Estate Services, LLC",6a1dd951e9bf4a6afd4fa9b0,6a1dd8f38805769e5068fd19,"Living Spaces Furniture, LLC",6a1dd8c35e529bb0fc8c5087,tic447 - Lenexa Logistics Centre East Building 2,evidenceOfInsurance,Evidence of Insurance,commercialGeneralLiability,Commercial General Liability,evidenceOfInsuranceCommercialGeneralLiabilityWaiverOfSubrogationEndorsement,Waiver of Subrogation,"---prompt---
Determine if the insurer has waived their right of subrogation in favor of the certificate holder under the Commercial General Liability policy. Evidence may include: a checked ""Waiver of Subrogation"" box on the certificate, mention in the Description of Operations section stating ""waiver of subrogation applies"", or reference to form CG 24 04. Look for language like ""subrogation is waived"" or ""per written contract"".",matchOnce,must be present,,,non_compliant,Block Requirements,,,false,0,,2026-08-16
"Block Real Estate Services, LLC",6a1dd951e9bf4a6afd4fa9b0,6a1dd8f38805769e5068fd19,"Living Spaces Furniture, LLC",6a1dd8c35e529bb0fc8c5087,tic447 - Lenexa Logistics Centre East Building 2,evidenceOfInsurance,Evidence of Insurance,excessOrUmbrellaLiability,Umbrella/Excess Liability,evidenceOfInsuranceExcessOrUmbrellaLiabilityOccurence,Coverage Trigger: Occurrence,,matchOnce,must be present,,,non_compliant,Block Requirements,,,false,0,,2026-08-16
"Block Real Estate Services, LLC",6a1dd951e9bf4a6afd4fa9b0,6a1dd8f38805769e5068fd19,"Living Spaces Furniture, LLC",6a1dd8c35e529bb0fc8c5087,tic447 - Lenexa Logistics Centre East Building 2,evidenceOfInsurance,Evidence of Insurance,excessOrUmbrellaLiability,Umbrella/Excess Liability,evidenceOfInsuranceExcessOrUmbrellaLiabilityEachOccurrence,Each Occurrence,,matchOnce,must be greater or equal to,1000000,,non_compliant,Block Requirements,,,false,0,,2026-08-16
"Block Real Estate Services, LLC",6a1dd951e9bf4a6afd4fa9b0,6a1dd8f38805769e5068fd19,"Living Spaces Furniture, LLC",6a1dd8c35e529bb0fc8c5087,tic447 - Lenexa Logistics Centre East Building 2,evidenceOfInsurance,Evidence of Insurance,excessOrUmbrellaLiability,Umbrella/Excess Liability,evidenceOfInsuranceExcessOrUmbrellaLiabilityAggregate,Aggregate,,matchOnce,must be greater or equal to,1000000,,non_compliant,Block Requirements,,,false,0,,2026-08-16
"Block Real Estate Services, LLC",6a1dd951e9bf4a6afd4fa9b0,6a1dd8f38805769e5068fd19,"Living Spaces Furniture, LLC",6a1dd8c35e529bb0fc8c5087,tic447 - Lenexa Logistics Centre East Building 2,evidenceOfInsurance,Evidence of Insurance,workersCompensation,Workers' Compensation and Employer's Liability,evidenceOfInsuranceWorkersCompensationStatutoryLimits,Statutory Limits,,matchOnce,must be present,,,non_compliant,Block Requirements,,,false,0,,2026-08-16
"Block Real Estate Services, LLC",6a1dd951e9bf4a6afd4fa9b0,6a1dd8f38805769e5068fd19,"Living Spaces Furniture, LLC",6a1dd8c35e529bb0fc8c5087,tic447 - Lenexa Logistics Centre East Building 2,evidenceOfInsurance,Evidence of Insurance,workersCompensation,Workers' Compensation and Employer's Liability,evidenceOfInsuranceWorkersCompensationEmployersLiabilityEachAccident,Employer's Liability Each Accident,,matchOnce,must be greater or equal to,500000,,non_compliant,Block Requirements,,,false,0,,2026-08-16
"Block Real Estate Services, LLC",6a1dd951e9bf4a6afd4fa9b0,6a1dd8f38805769e5068fd19,"Living Spaces Furniture, LLC",6a1dd8c35e529bb0fc8c5087,tic447 - Lenexa Logistics Centre East Building 2,evidenceOfInsurance,Evidence of Insurance,workersCompensation,Workers' Compensation and Employer's Liability,evidenceOfInsuranceWorkersCompensationEmployersLiabilityDiseaseEachEmployee,Employer's Liability Disease - each employee,,matchOnce,must be greater or equal to,500000,,non_compliant,Block Requirements,,,false,0,,2026-08-16
"Block Real Estate Services, LLC",6a1dd951e9bf4a6afd4fa9b0,6a1dd8f38805769e5068fd19,"Living Spaces Furniture, LLC",6a1dd8c35e529bb0fc8c5087,tic447 - Lenexa Logistics Centre East Building 2,evidenceOfInsurance,Evidence of Insurance,workersCompensation,Workers' Compensation and Employer's Liability,evidenceOfInsuranceWorkersCompensationEmployersLiabilityDiseasePolicyLimit,Employer's Liability Disease - policy limit,,matchOnce,must be greater or equal to,500000,,non_compliant,Block Requirements,,,false,0,,2026-08-16
"Block Real Estate Services, LLC",6a1dd951e9bf4a6afd4fa9b0,6a1dd8f38805769e5068fd19,"Living Spaces Furniture, LLC",6a1dd8c35e529bb0fc8c5087,tic447 - Lenexa Logistics Centre East Building 2,evidenceOfInsurance,Evidence of Insurance,workersCompensation,Workers' Compensation and Employer's Liability,evidenceOfInsuranceWorkersCompensationWaiverOfSubrogationEndorsement,Waiver of Subrogation,"---prompt---
Determine if the insurer has waived their right of subrogation in favor of the certificate holder under the Workers' Compensation policy. Evidence may include: a checked ""Waiver of Subrogation"" box on the certificate, mention in the Description of Operations section stating ""waiver of subrogation applies"", or reference to form WC 00 03 13. Look for language like ""subrogation is waived"" or ""per written contract"".",matchOnce,must be present,,,non_compliant,Block Requirements,,,false,0,,2026-08-16
"Block Real Estate Services, LLC",6a1dd951e9bf4a6afd4fa9b0,6a1dd8f38805769e5068fd19,"Living Spaces Furniture, LLC",6a1dd8c35e529bb0fc8c5087,tic447 - Lenexa Logistics Centre East Building 2,evidenceOfInsurance,Evidence of Insurance,6ac20aae-5728-5d57-b364-aeba38527dba,Additional Requirements,4da5b0f1-4c9d-5885-8cf8-5d3cccaed3e0,"Block Real Estate Services, LLC and all others required by contract are named as Additional Insureds","---prompt---
Determine if the Description of Operations or the Additional Remarks Schedule section states the ""Additional Insured as Construction Management, Inc. and all others required by contract"" or reference to blanket additional insured coverage. Look for language like ""certificate holder is additional insured"" or ""per written contract"".",matchOnce,must be present,,,non_compliant,Block Requirements,,,true,0,,2026-08-16
"Block Real Estate Services, LLC",6a1dd951e9bf4a6afd4fa9b0,6a1dd8f38805769e5068fd19,"Living Spaces Furniture, LLC",6a1dd8c35e529bb0fc8c5087,tic447 - Lenexa Logistics Centre East Building 2,evidenceOfInsurance,Evidence of Insurance,6ac20aae-5728-5d57-b364-aeba38527dba,Additional Requirements,e1017741-e47e-5f58-97b8-fbc3043e919f,Umbrella follows form over General Liability,"---prompt---
Determine if the Umbrella/Excess Liability policy follows form to the underlying policies. Evidence may include: language in the Description of Operations section stating the umbrella follows form to underlying coverages or an additional page endorsement stating that it follows form. Follow form means the umbrella policy adopts the same terms, conditions, and exclusions as the underlying policies.",matchOnce,must be present,,,non_compliant,Block Requirements,,,true,0,,2026-08-16
"Block Real Estate Services, LLC",6a1dd951e9bf4a6afd4fa9b0,6a1dd8f38805769e5068fd19,"Living Spaces Furniture, LLC",6a1dd8c35e529bb0fc8c5087,tic447 - Lenexa Logistics Centre East Building 2,evidenceOfInsurance,Evidence of Insurance,6ac20aae-5728-5d57-b364-aeba38527dba,Additional Requirements,2cdd866f-c9a4-576a-afd8-1d045762790c,The location must be listed as: 16500 W. 116th Street Lenexa KS 66219,"---prompt---
Determine if the Description of Operations or the Additional Remarks Schedule section states the location indicated in value field",matchOnce,must be present,,,non_compliant,Block Requirements,,,true,0,,2026-08-16
"Block Real Estate Services, LLC",6a1dd951e9bf4a6afd4fa9b0,6a1dd8f38805769e5068fd19,"Living Spaces Furniture, LLC",6a1dd8c35e529bb0fc8c5087,tic447 - Lenexa Logistics Centre East Building 2,evidenceOfInsurance,Evidence of Insurance,6ac20aae-5728-5d57-b364-aeba38527dba,Additional Requirements,3649e9d1-4e09-59bf-8f30-cb33c40cf117,"Certificate Holder must read: c/o Block Real Estate Services, LLC, 4622 Pennsylvania St., Suite 700, Kansas City, MO, 64112",,matchOnce,must be present,,,non_compliant,Block Requirements,,,true,0,,2026-08-16
"Block Real Estate Services, LLC",6a1dd951e9bf4a6afd4fa9b2,6a1dd90798a3fac93a1b2583,"ASMI Stone and Tile, LLC",6a1dd8c35e529bb0fc8c5087,tic447 - Lenexa Logistics Centre East Building 2,evidenceOfInsurance,Evidence of Insurance,commercialGeneralLiability,Commercial General Liability,evidenceOfInsuranceCommercialGeneralLiabilityCoverageTriggerOccurrence,Coverage Trigger: Occurrence,,matchOnce,must be present,,Present,compliant,Block Requirements,,,false,1,,2026-08-16
"Block Real Estate Services, LLC",6a1dd951e9bf4a6afd4fa9b2,6a1dd90798a3fac93a1b2583,"ASMI Stone and Tile, LLC",6a1dd8c35e529bb0fc8c5087,tic447 - Lenexa Logistics Centre East Building 2,evidenceOfInsurance,Evidence of Insurance,commercialGeneralLiability,Commercial General Liability,evidenceOfInsuranceCommercialGeneralLiabilityGeneralAggregateLimitAppliesPerLocation,General Aggregate Limit Applies per: Location,,matchOnce,must be present,,,non_compliant,Block Requirements,,,false,0,,2026-08-16
"Block Real Estate Services, LLC",6a1dd951e9bf4a6afd4fa9b2,6a1dd90798a3fac93a1b2583,"ASMI Stone and Tile, LLC",6a1dd8c35e529bb0fc8c5087,tic447 - Lenexa Logistics Centre East Building 2,evidenceOfInsurance,Evidence of Insurance,commercialGeneralLiability,Commercial General Liability,evidenceOfInsuranceCommercialGeneralLiabilityEachOccurrence,Each Occurrence,,matchOnce,must be greater or equal to,1000000,1000000,compliant,Block Requirements,,,false,1,,2026-08-16
"Block Real Estate Services, LLC",6a1dd951e9bf4a6afd4fa9b2,6a1dd90798a3fac93a1b2583,"ASMI Stone and Tile, LLC",6a1dd8c35e529bb0fc8c5087,tic447 - Lenexa Logistics Centre East Building 2,evidenceOfInsurance,Evidence of Insurance,commercialGeneralLiability,Commercial General Liability,evidenceOfInsuranceCommercialGeneralLiabilityGeneralAggregate,General Aggregate,,matchOnce,must be greater or equal to,2000000,2000000,compliant,Block Requirements,,,false,1,,2026-08-16
"Block Real Estate Services, LLC",6a1dd951e9bf4a6afd4fa9b2,6a1dd90798a3fac93a1b2583,"ASMI Stone and Tile, LLC",6a1dd8c35e529bb0fc8c5087,tic447 - Lenexa Logistics Centre East Building 2,evidenceOfInsurance,Evidence of Insurance,commercialGeneralLiability,Commercial General Liability,evidenceOfInsuranceCommercialGeneralLiabilityWaiverOfSubrogationEndorsement,Waiver of Subrogation,"---prompt---
Determine if the insurer has waived their right of subrogation in favor of the certificate holder under the Commercial General Liability policy. Evidence may include: a checked ""Waiver of Subrogation"" box on the certificate, mention in the Description of Operations section stating ""waiver of subrogation applies"", or reference to form CG 24 04. Look for language like ""subrogation is waived"" or ""per written contract"".",matchOnce,must be present,,Present,compliant,Block Requirements,,,false,1,,2026-08-16
"Block Real Estate Services, LLC",6a1dd951e9bf4a6afd4fa9b2,6a1dd90798a3fac93a1b2583,"ASMI Stone and Tile, LLC",6a1dd8c35e529bb0fc8c5087,tic447 - Lenexa Logistics Centre East Building 2,evidenceOfInsurance,Evidence of Insurance,excessOrUmbrellaLiability,Umbrella/Excess Liability,evidenceOfInsuranceExcessOrUmbrellaLiabilityOccurence,Coverage Trigger: Occurrence,,matchOnce,must be present,,Present,compliant,Block Requirements,,,false,1,,2026-08-16
"Block Real Estate Services, LLC",6a1dd951e9bf4a6afd4fa9b2,6a1dd90798a3fac93a1b2583,"ASMI Stone and Tile, LLC",6a1dd8c35e529bb0fc8c5087,tic447 - Lenexa Logistics Centre East Building 2,evidenceOfInsurance,Evidence of Insurance,excessOrUmbrellaLiability,Umbrella/Excess Liability,evidenceOfInsuranceExcessOrUmbrellaLiabilityEachOccurrence,Each Occurrence,,matchOnce,must be greater or equal to,1000000,2000000,compliant,Block Requirements,,,false,1,,2026-08-16
"Block Real Estate Services, LLC",6a1dd951e9bf4a6afd4fa9b2,6a1dd90798a3fac93a1b2583,"ASMI Stone and Tile, LLC",6a1dd8c35e529bb0fc8c5087,tic447 - Lenexa Logistics Centre East Building 2,evidenceOfInsurance,Evidence of Insurance,excessOrUmbrellaLiability,Umbrella/Excess Liability,evidenceOfInsuranceExcessOrUmbrellaLiabilityAggregate,Aggregate,,matchOnce,must be greater or equal to,1000000,2000000,compliant,Block Requirements,,,false,1,,2026-08-16
"Block Real Estate Services, LLC",6a1dd951e9bf4a6afd4fa9b2,6a1dd90798a3fac93a1b2583,"ASMI Stone and Tile, LLC",6a1dd8c35e529bb0fc8c5087,tic447 - Lenexa Logistics Centre East Building 2,evidenceOfInsurance,Evidence of Insurance,workersCompensation,Workers' Compensation and Employer's Liability,evidenceOfInsuranceWorkersCompensationStatutoryLimits,Statutory Limits,,matchOnce,must be present,,,non_compliant,Block Requirements,,,false,0,,2026-08-16
"Block Real Estate Services, LLC",6a1dd951e9bf4a6afd4fa9b2,6a1dd90798a3fac93a1b2583,"ASMI Stone and Tile, LLC",6a1dd8c35e529bb0fc8c5087,tic447 - Lenexa Logistics Centre East Building 2,evidenceOfInsurance,Evidence of Insurance,workersCompensation,Workers' Compensation and Employer's Liability,evidenceOfInsuranceWorkersCompensationEmployersLiabilityEachAccident,Employer's Liability Each Accident,,matchOnce,must be greater or equal to,500000,,non_compliant,Block Requirements,,,false,0,,2026-08-16
"Block Real Estate Services, LLC",6a1dd951e9bf4a6afd4fa9b2,6a1dd90798a3fac93a1b2583,"ASMI Stone and Tile, LLC",6a1dd8c35e529bb0fc8c5087,tic447 - Lenexa Logistics Centre East Building 2,evidenceOfInsurance,Evidence of Insurance,workersCompensation,Workers' Compensation and Employer's Liability,evidenceOfInsuranceWorkersCompensationEmployersLiabilityDiseaseEachEmployee,Employer's Liability Disease - each employee,,matchOnce,must be greater or equal to,500000,,non_compliant,Block Requirements,,,false,0,,2026-08-16
"Block Real Estate Services, LLC",6a1dd951e9bf4a6afd4fa9b2,6a1dd90798a3fac93a1b2583,"ASMI Stone and Tile, LLC",6a1dd8c35e529bb0fc8c5087,tic447 - Lenexa Logistics Centre East Building 2,evidenceOfInsurance,Evidence of Insurance,workersCompensation,Workers' Compensation and Employer's Liability,evidenceOfInsuranceWorkersCompensationEmployersLiabilityDiseasePolicyLimit,Employer's Liability Disease - policy limit,,matchOnce,must be greater or equal to,500000,,non_compliant,Block Requirements,,,false,0,,2026-08-16
"Block Real Estate Services, LLC",6a1dd951e9bf4a6afd4fa9b2,6a1dd90798a3fac93a1b2583,"ASMI Stone and Tile, LLC",6a1dd8c35e529bb0fc8c5087,tic447 - Lenexa Logistics Centre East Building 2,evidenceOfInsurance,Evidence of Insurance,workersCompensation,Workers' Compensation and Employer's Liability,evidenceOfInsuranceWorkersCompensationWaiverOfSubrogationEndorsement,Waiver of Subrogation,"---prompt---
Determine if the insurer has waived their right of subrogation in favor of the certificate holder under the Workers' Compensation policy. Evidence may include: a checked ""Waiver of Subrogation"" box on the certificate, mention in the Description of Operations section stating ""waiver of subrogation applies"", or reference to form WC 00 03 13. Look for language like ""subrogation is waived"" or ""per written contract"".",matchOnce,must be present,,,non_compliant,Block Requirements,,,false,0,,2026-08-16
"Block Real Estate Services, LLC",6a1dd951e9bf4a6afd4fa9b2,6a1dd90798a3fac93a1b2583,"ASMI Stone and Tile, LLC",6a1dd8c35e529bb0fc8c5087,tic447 - Lenexa Logistics Centre East Building 2,evidenceOfInsurance,Evidence of Insurance,6ac20aae-5728-5d57-b364-aeba38527dba,Additional Requirements,4da5b0f1-4c9d-5885-8cf8-5d3cccaed3e0,"Block Real Estate Services, LLC and all others required by contract are named as Additional Insureds","---prompt---
Determine if the Description of Operations or the Additional Remarks Schedule section states the ""Additional Insured as Construction Management, Inc. and all others required by contract"" or reference to blanket additional insured coverage. Look for language like ""certificate holder is additional insured"" or ""per written contract"".",matchOnce,must be present,,,non_compliant,Block Requirements,,,true,0,,2026-08-16
"Block Real Estate Services, LLC",6a1dd951e9bf4a6afd4fa9b2,6a1dd90798a3fac93a1b2583,"ASMI Stone and Tile, LLC",6a1dd8c35e529bb0fc8c5087,tic447 - Lenexa Logistics Centre East Building 2,evidenceOfInsurance,Evidence of Insurance,6ac20aae-5728-5d57-b364-aeba38527dba,Additional Requirements,e1017741-e47e-5f58-97b8-fbc3043e919f,Umbrella follows form over General Liability,"---prompt---
Determine if the Umbrella/Excess Liability policy follows form to the underlying policies. Evidence may include: language in the Description of Operations section stating the umbrella follows form to underlying coverages or an additional page endorsement stating that it follows form. Follow form means the umbrella policy adopts the same terms, conditions, and exclusions as the underlying policies.",matchOnce,must be present,,,non_compliant,Block Requirements,,,true,0,,2026-08-16
"Block Real Estate Services, LLC",6a1dd951e9bf4a6afd4fa9b2,6a1dd90798a3fac93a1b2583,"ASMI Stone and Tile, LLC",6a1dd8c35e529bb0fc8c5087,tic447 - Lenexa Logistics Centre East Building 2,evidenceOfInsurance,Evidence of Insurance,6ac20aae-5728-5d57-b364-aeba38527dba,Additional Requirements,2cdd866f-c9a4-576a-afd8-1d045762790c,The location must be listed as: 16650 W. 116th Street Lenexa KS 66219,"---prompt---
Determine if the Description of Operations or the Additional Remarks Schedule section states the location indicated in value field",matchOnce,must be present,,,non_compliant,Block Requirements,,,true,0,,2026-08-16
"Block Real Estate Services, LLC",6a1dd951e9bf4a6afd4fa9b2,6a1dd90798a3fac93a1b2583,"ASMI Stone and Tile, LLC",6a1dd8c35e529bb0fc8c5087,tic447 - Lenexa Logistics Centre East Building 2,evidenceOfInsurance,Evidence of Insurance,6ac20aae-5728-5d57-b364-aeba38527dba,Additional Requirements,3649e9d1-4e09-59bf-8f30-cb33c40cf117,"Certificate Holder must read: c/o Block Real Estate Services, LLC, 4622 Pennsylvania St., Suite 700, Kansas City, MO, 64112",,matchOnce,must be present,,,non_compliant,Block Requirements,,,true,0,,2026-08-16
"Block Real Estate Services, LLC",6a1dd951e9bf4a6afd4fa9b4,6a1dd91da0ed8c51ab1e0010,"Golden Star, Inc.",6a1dd8c35e529bb0fc8c5087,tic447 - Lenexa Logistics Centre East Building 2,evidenceOfInsurance,Evidence of Insurance,commercialGeneralLiability,Commercial General Liability,evidenceOfInsuranceCommercialGeneralLiabilityCoverageTriggerOccurrence,Coverage Trigger: Occurrence,,matchOnce,must be present,,,non_compliant,Block Requirements,,,false,0,,2026-08-16
"Block Real Estate Services, LLC",6a1dd951e9bf4a6afd4fa9b4,6a1dd91da0ed8c51ab1e0010,"Golden Star, Inc.",6a1dd8c35e529bb0fc8c5087,tic447 - Lenexa Logistics Centre East Building 2,evidenceOfInsurance,Evidence of Insurance,commercialGeneralLiability,Commercial General Liability,evidenceOfInsuranceCommercialGeneralLiabilityGeneralAggregateLimitAppliesPerLocation,General Aggregate Limit Applies per: Location,,matchOnce,must be present,,,non_compliant,Block Requirements,,,false,0,,2026-08-16
"Block Real Estate Services, LLC",6a1dd951e9bf4a6afd4fa9b4,6a1dd91da0ed8c51ab1e0010,"Golden Star, Inc.",6a1dd8c35e529bb0fc8c5087,tic447 - Lenexa Logistics Centre East Building 2,evidenceOfInsurance,Evidence of Insurance,commercialGeneralLiability,Commercial General Liability,evidenceOfInsuranceCommercialGeneralLiabilityEachOccurrence,Each Occurrence,,matchOnce,must be greater or equal to,1000000,,non_compliant,Block Requirements,,,false,0,,2026-08-16
"Block Real Estate Services, LLC",6a1dd951e9bf4a6afd4fa9b4,6a1dd91da0ed8c51ab1e0010,"Golden Star, Inc.",6a1dd8c35e529bb0fc8c5087,tic447 - Lenexa Logistics Centre East Building 2,evidenceOfInsurance,Evidence of Insurance,commercialGeneralLiability,Commercial General Liability,evidenceOfInsuranceCommercialGeneralLiabilityGeneralAggregate,General Aggregate,,matchOnce,must be greater or equal to,2000000,,non_compliant,Block Requirements,,,false,0,,2026-08-16
"Block Real Estate Services, LLC",6a1dd951e9bf4a6afd4fa9b4,6a1dd91da0ed8c51ab1e0010,"Golden Star, Inc.",6a1dd8c35e529bb0fc8c5087,tic447 - Lenexa Logistics Centre East Building 2,evidenceOfInsurance,Evidence of Insurance,commercialGeneralLiability,Commercial General Liability,evidenceOfInsuranceCommercialGeneralLiabilityWaiverOfSubrogationEndorsement,Waiver of Subrogation,"---prompt---
Determine if the insurer has waived their right of subrogation in favor of the certificate holder under the Commercial General Liability policy. Evidence may include: a checked ""Waiver of Subrogation"" box on the certificate, mention in the Description of Operations section stating ""waiver of subrogation applies"", or reference to form CG 24 04. Look for language like ""subrogation is waived"" or ""per written contract"".",matchOnce,must be present,,,non_compliant,Block Requirements,,,false,0,,2026-08-16
"Block Real Estate Services, LLC",6a1dd951e9bf4a6afd4fa9b4,6a1dd91da0ed8c51ab1e0010,"Golden Star, Inc.",6a1dd8c35e529bb0fc8c5087,tic447 - Lenexa Logistics Centre East Building 2,evidenceOfInsurance,Evidence of Insurance,excessOrUmbrellaLiability,Umbrella/Excess Liability,evidenceOfInsuranceExcessOrUmbrellaLiabilityOccurence,Coverage Trigger: Occurrence,,matchOnce,must be present,,,non_compliant,Block Requirements,,,false,0,,2026-08-16
"Block Real Estate Services, LLC",6a1dd951e9bf4a6afd4fa9b4,6a1dd91da0ed8c51ab1e0010,"Golden Star, Inc.",6a1dd8c35e529bb0fc8c5087,tic447 - Lenexa Logistics Centre East Building 2,evidenceOfInsurance,Evidence of Insurance,excessOrUmbrellaLiability,Umbrella/Excess Liability,evidenceOfInsuranceExcessOrUmbrellaLiabilityEachOccurrence,Each Occurrence,,matchOnce,must be greater or equal to,1000000,,non_compliant,Block Requirements,,,false,0,,2026-08-16
"Block Real Estate Services, LLC",6a1dd951e9bf4a6afd4fa9b4,6a1dd91da0ed8c51ab1e0010,"Golden Star, Inc.",6a1dd8c35e529bb0fc8c5087,tic447 - Lenexa Logistics Centre East Building 2,evidenceOfInsurance,Evidence of Insurance,excessOrUmbrellaLiability,Umbrella/Excess Liability,evidenceOfInsuranceExcessOrUmbrellaLiabilityAggregate,Aggregate,,matchOnce,must be greater or equal to,1000000,,non_compliant,Block Requirements,,,false,0,,2026-08-16
"Block Real Estate Services, LLC",6a1dd951e9bf4a6afd4fa9b4,6a1dd91da0ed8c51ab1e0010,"Golden Star, Inc.",6a1dd8c35e529bb0fc8c5087,tic447 - Lenexa Logistics Centre East Building 2,evidenceOfInsurance,Evidence of Insurance,workersCompensation,Workers' Compensation and Employer's Liability,evidenceOfInsuranceWorkersCompensationStatutoryLimits,Statutory Limits,,matchOnce,must be present,,,non_compliant,Block Requirements,,,false,0,,2026-08-16
"Block Real Estate Services, LLC",6a1dd951e9bf4a6afd4fa9b4,6a1dd91da0ed8c51ab1e0010,"Golden Star, Inc.",6a1dd8c35e529bb0fc8c5087,tic447 - Lenexa Logistics Centre East Building 2,evidenceOfInsurance,Evidence of Insurance,workersCompensation,Workers' Compensation and Employer's Liability,evidenceOfInsuranceWorkersCompensationEmployersLiabilityEachAccident,Employer's Liability Each Accident,,matchOnce,must be greater or equal to,500000,,non_compliant,Block Requirements,,,false,0,,2026-08-16
"Block Real Estate Services, LLC",6a1dd951e9bf4a6afd4fa9b4,6a1dd91da0ed8c51ab1e0010,"Golden Star, Inc.",6a1dd8c35e529bb0fc8c5087,tic447 - Lenexa Logistics Centre East Building 2,evidenceOfInsurance,Evidence of Insurance,workersCompensation,Workers' Compensation and Employer's Liability,evidenceOfInsuranceWorkersCompensationEmployersLiabilityDiseaseEachEmployee,Employer's Liability Disease - each employee,,matchOnce,must be greater or equal to,500000,,non_compliant,Block Requirements,,,false,0,,2026-08-16
"Block Real Estate Services, LLC",6a1dd951e9bf4a6afd4fa9b4,6a1dd91da0ed8c51ab1e0010,"Golden Star, Inc.",6a1dd8c35e529bb0fc8c5087,tic447 - Lenexa Logistics Centre East Building 2,evidenceOfInsurance,Evidence of Insurance,workersCompensation,Workers' Compensation and Employer's Liability,evidenceOfInsuranceWorkersCompensationEmployersLiabilityDiseasePolicyLimit,Employer's Liability Disease - policy limit,,matchOnce,must be greater or equal to,500000,,non_compliant,Block Requirements,,,false,0,,2026-08-16
"Block Real Estate Services, LLC",6a1dd951e9bf4a6afd4fa9b4,6a1dd91da0ed8c51ab1e0010,"Golden Star, Inc.",6a1dd8c35e529bb0fc8c5087,tic447 - Lenexa Logistics Centre East Building 2,evidenceOfInsurance,Evidence of Insurance,workersCompensation,Workers' Compensation and Employer's Liability,evidenceOfInsuranceWorkersCompensationWaiverOfSubrogationEndorsement,Waiver of Subrogation,"---prompt---
Determine if the insurer has waived their right of subrogation in favor of the certificate holder under the Workers' Compensation policy. Evidence may include: a checked ""Waiver of Subrogation"" box on the certificate, mention in the Description of Operations section stating ""waiver of subrogation applies"", or reference to form WC 00 03 13. Look for language like ""subrogation is waived"" or ""per written contract"".",matchOnce,must be present,,,non_compliant,Block Requirements,,,false,0,,2026-08-16
"Block Real Estate Services, LLC",6a1dd951e9bf4a6afd4fa9b4,6a1dd91da0ed8c51ab1e0010,"Golden Star, Inc.",6a1dd8c35e529bb0fc8c5087,tic447 - Lenexa Logistics Centre East Building 2,evidenceOfInsurance,Evidence of Insurance,6ac20aae-5728-5d57-b364-aeba38527dba,Additional Requirements,4da5b0f1-4c9d-5885-8cf8-5d3cccaed3e0,"Block Real Estate Services, LLC and all others required by contract are named as Additional Insureds","---prompt---
Determine if the Description of Operations or the Additional Remarks Schedule section states the ""Additional Insured as Construction Management, Inc. and all others required by contract"" or reference to blanket additional insured coverage. Look for language like ""certificate holder is additional insured"" or ""per written contract"".",matchOnce,must be present,,,non_compliant,Block Requirements,,,true,0,,2026-08-16
"Block Real Estate Services, LLC",6a1dd951e9bf4a6afd4fa9b4,6a1dd91da0ed8c51ab1e0010,"Golden Star, Inc.",6a1dd8c35e529bb0fc8c5087,tic447 - Lenexa Logistics Centre East Building 2,evidenceOfInsurance,Evidence of Insurance,6ac20aae-5728-5d57-b364-aeba38527dba,Additional Requirements,e1017741-e47e-5f58-97b8-fbc3043e919f,Umbrella follows form over General Liability,"---prompt---
Determine if the Umbrella/Excess Liability policy follows form to the underlying policies. Evidence may include: language in the Description of Operations section stating the umbrella follows form to underlying coverages or an additional page endorsement stating that it follows form. Follow form means the umbrella policy adopts the same terms, conditions, and exclusions as the underlying policies.",matchOnce,must be present,,,non_compliant,Block Requirements,,,true,0,,2026-08-16
"Block Real Estate Services, LLC",6a1dd951e9bf4a6afd4fa9b4,6a1dd91da0ed8c51ab1e0010,"Golden Star, Inc.",6a1dd8c35e529bb0fc8c5087,tic447 - Lenexa Logistics Centre East Building 2,evidenceOfInsurance,Evidence of Insurance,6ac20aae-5728-5d57-b364-aeba38527dba,Additional Requirements,2cdd866f-c9a4-576a-afd8-1d045762790c,The location must be listed as: 16690 W. 116th Street Lenexa KS 66219,"---prompt---
Determine if the Description of Operations or the Additional Remarks Schedule section states the location indicated in value field",matchOnce,must be present,,,non_compliant,Block Requirements,,,true,0,,2026-08-16
"Block Real Estate Services, LLC",6a1dd951e9bf4a6afd4fa9b4,6a1dd91da0ed8c51ab1e0010,"Golden Star, Inc.",6a1dd8c35e529bb0fc8c5087,tic447 - Lenexa Logistics Centre East Building 2,evidenceOfInsurance,Evidence of Insurance,6ac20aae-5728-5d57-b364-aeba38527dba,Additional Requirements,3649e9d1-4e09-59bf-8f30-cb33c40cf117,"Certificate Holder must read: c/o Block Real Estate Services, LLC, 4622 Pennsylvania St., Suite 700, Kansas City, MO, 64112",,matchOnce,must be present,,,non_compliant,Block Requirements,,,true,0,,2026-08-16
"Block Real Estate Services, LLC",6a1dd951e9bf4a6afd4fa9b3,6a1dd913a0ed8c51ab1dfbe5,"Hercules Industries, Inc. (fka National Sales Company)",6a1dd8c35e529bb0fc8c5087,tic447 - Lenexa Logistics Centre East Building 2,evidenceOfInsurance,Evidence of Insurance,commercialGeneralLiability,Commercial General Liability,evidenceOfInsuranceCommercialGeneralLiabilityCoverageTriggerOccurrence,Coverage Trigger: Occurrence,,matchOnce,must be present,,Present,compliant,Block Requirements,,,false,1,,2026-08-16
"Block Real Estate Services, LLC",6a1dd951e9bf4a6afd4fa9b3,6a1dd913a0ed8c51ab1dfbe5,"Hercules Industries, Inc. (fka National Sales Company)",6a1dd8c35e529bb0fc8c5087,tic447 - Lenexa Logistics Centre East Building 2,evidenceOfInsurance,Evidence of Insurance,commercialGeneralLiability,Commercial General Liability,evidenceOfInsuranceCommercialGeneralLiabilityGeneralAggregateLimitAppliesPerLocation,General Aggregate Limit Applies per: Location,,matchOnce,must be present,,,non_compliant,Block Requirements,,,false,0,,2026-08-16
"Block Real Estate Services, LLC",6a1dd951e9bf4a6afd4fa9b3,6a1dd913a0ed8c51ab1dfbe5,"Hercules Industries, Inc. (fka National Sales Company)",6a1dd8c35e529bb0fc8c5087,tic447 - Lenexa Logistics Centre East Building 2,evidenceOfInsurance,Evidence of Insurance,commercialGeneralLiability,Commercial General Liability,evidenceOfInsuranceCommercialGeneralLiabilityEachOccurrence,Each Occurrence,,matchOnce,must be greater or equal to,1000000,1000000,compliant,Block Requirements,,,false,1,,2026-08-16
"Block Real Estate Services, LLC",6a1dd951e9bf4a6afd4fa9b3,6a1dd913a0ed8c51ab1dfbe5,"Hercules Industries, Inc. (fka National Sales Company)",6a1dd8c35e529bb0fc8c5087,tic447 - Lenexa Logistics Centre East Building 2,evidenceOfInsurance,Evidence of Insurance,commercialGeneralLiability,Commercial General Liability,evidenceOfInsuranceCommercialGeneralLiabilityGeneralAggregate,General Aggregate,,matchOnce,must be greater or equal to,2000000,3000000,compliant,Block Requirements,,,false,1,,2026-08-16
"Block Real Estate Services, LLC",6a1dd951e9bf4a6afd4fa9b3,6a1dd913a0ed8c51ab1dfbe5,"Hercules Industries, Inc. (fka National Sales Company)",6a1dd8c35e529bb0fc8c5087,tic447 - Lenexa Logistics Centre East Building 2,evidenceOfInsurance,Evidence of Insurance,commercialGeneralLiability,Commercial General Liability,evidenceOfInsuranceCommercialGeneralLiabilityWaiverOfSubrogationEndorsement,Waiver of Subrogation,"---prompt---
Determine if the insurer has waived their right of subrogation in favor of the certificate holder under the Commercial General Liability policy. Evidence may include: a checked ""Waiver of Subrogation"" box on the certificate, mention in the Description of Operations section stating ""waiver of subrogation applies"", or reference to form CG 24 04. Look for language like ""subrogation is waived"" or ""per written contract"".",matchOnce,must be present,,Present,compliant,Block Requirements,,,false,1,,2026-08-16
"Block Real Estate Services, LLC",6a1dd951e9bf4a6afd4fa9b3,6a1dd913a0ed8c51ab1dfbe5,"Hercules Industries, Inc. (fka National Sales Company)",6a1dd8c35e529bb0fc8c5087,tic447 - Lenexa Logistics Centre East Building 2,evidenceOfInsurance,Evidence of Insurance,excessOrUmbrellaLiability,Umbrella/Excess Liability,evidenceOfInsuranceExcessOrUmbrellaLiabilityOccurence,Coverage Trigger: Occurrence,,matchOnce,must be present,,Present,compliant,Block Requirements,,,false,1,,2026-08-16
"Block Real Estate Services, LLC",6a1dd951e9bf4a6afd4fa9b3,6a1dd913a0ed8c51ab1dfbe5,"Hercules Industries, Inc. (fka National Sales Company)",6a1dd8c35e529bb0fc8c5087,tic447 - Lenexa Logistics Centre East Building 2,evidenceOfInsurance,Evidence of Insurance,excessOrUmbrellaLiability,Umbrella/Excess Liability,evidenceOfInsuranceExcessOrUmbrellaLiabilityEachOccurrence,Each Occurrence,,matchOnce,must be greater or equal to,1000000,4000000,compliant,Block Requirements,,,false,1,,2026-08-16
"Block Real Estate Services, LLC",6a1dd951e9bf4a6afd4fa9b3,6a1dd913a0ed8c51ab1dfbe5,"Hercules Industries, Inc. (fka National Sales Company)",6a1dd8c35e529bb0fc8c5087,tic447 - Lenexa Logistics Centre East Building 2,evidenceOfInsurance,Evidence of Insurance,excessOrUmbrellaLiability,Umbrella/Excess Liability,evidenceOfInsuranceExcessOrUmbrellaLiabilityAggregate,Aggregate,,matchOnce,must be greater or equal to,1000000,4000000,compliant,Block Requirements,,,false,1,,2026-08-16
"Block Real Estate Services, LLC",6a1dd951e9bf4a6afd4fa9b3,6a1dd913a0ed8c51ab1dfbe5,"Hercules Industries, Inc. (fka National Sales Company)",6a1dd8c35e529bb0fc8c5087,tic447 - Lenexa Logistics Centre East Building 2,evidenceOfInsurance,Evidence of Insurance,workersCompensation,Workers' Compensation and Employer's Liability,evidenceOfInsuranceWorkersCompensationStatutoryLimits,Statutory Limits,,matchOnce,must be present,,Present,compliant,Block Requirements,,,false,1,,2026-08-16
"Block Real Estate Services, LLC",6a1dd951e9bf4a6afd4fa9b3,6a1dd913a0ed8c51ab1dfbe5,"Hercules Industries, Inc. (fka National Sales Company)",6a1dd8c35e529bb0fc8c5087,tic447 - Lenexa Logistics Centre East Building 2,evidenceOfInsurance,Evidence of Insurance,workersCompensation,Workers' Compensation and Employer's Liability,evidenceOfInsuranceWorkersCompensationEmployersLiabilityEachAccident,Employer's Liability Each Accident,,matchOnce,must be greater or equal to,500000,1000000,compliant,Block Requirements,,,false,1,,2026-08-16
"Block Real Estate Services, LLC",6a1dd951e9bf4a6afd4fa9b3,6a1dd913a0ed8c51ab1dfbe5,"Hercules Industries, Inc. (fka National Sales Company)",6a1dd8c35e529bb0fc8c5087,tic447 - Lenexa Logistics Centre East Building 2,evidenceOfInsurance,Evidence of Insurance,workersCompensation,Workers' Compensation and Employer's Liability,evidenceOfInsuranceWorkersCompensationEmployersLiabilityDiseaseEachEmployee,Employer's Liability Disease - each employee,,matchOnce,must be greater or equal to,500000,1000000,compliant,Block Requirements,,,false,1,,2026-08-16
"Block Real Estate Services, LLC",6a1dd951e9bf4a6afd4fa9b3,6a1dd913a0ed8c51ab1dfbe5,"Hercules Industries, Inc. (fka National Sales Company)",6a1dd8c35e529bb0fc8c5087,tic447 - Lenexa Logistics Centre East Building 2,evidenceOfInsurance,Evidence of Insurance,workersCompensation,Workers' Compensation and Employer's Liability,evidenceOfInsuranceWorkersCompensationEmployersLiabilityDiseasePolicyLimit,Employer's Liability Disease - policy limit,,matchOnce,must be greater or equal to,500000,1000000,compliant,Block Requirements,,,false,1,,2026-08-16
"Block Real Estate Services, LLC",6a1dd951e9bf4a6afd4fa9b3,6a1dd913a0ed8c51ab1dfbe5,"Hercules Industries, Inc. (fka National Sales Company)",6a1dd8c35e529bb0fc8c5087,tic447 - Lenexa Logistics Centre East Building 2,evidenceOfInsurance,Evidence of Insurance,workersCompensation,Workers' Compensation and Employer's Liability,evidenceOfInsuranceWorkersCompensationWaiverOfSubrogationEndorsement,Waiver of Subrogation,"---prompt---
Determine if the insurer has waived their right of subrogation in favor of the certificate holder under the Workers' Compensation policy. Evidence may include: a checked ""Waiver of Subrogation"" box on the certificate, mention in the Description of Operations section stating ""waiver of subrogation applies"", or reference to form WC 00 03 13. Look for language like ""subrogation is waived"" or ""per written contract"".",matchOnce,must be present,,Present,compliant,Block Requirements,,,false,1,,2026-08-16
"Block Real Estate Services, LLC",6a1dd951e9bf4a6afd4fa9b3,6a1dd913a0ed8c51ab1dfbe5,"Hercules Industries, Inc. (fka National Sales Company)",6a1dd8c35e529bb0fc8c5087,tic447 - Lenexa Logistics Centre East Building 2,evidenceOfInsurance,Evidence of Insurance,6ac20aae-5728-5d57-b364-aeba38527dba,Additional Requirements,4da5b0f1-4c9d-5885-8cf8-5d3cccaed3e0,"Block Real Estate Services, LLC and all others required by contract are named as Additional Insureds","---prompt---
Determine if the Description of Operations or the Additional Remarks Schedule section states the ""Additional Insured as Construction Management, Inc. and all others required by contract"" or reference to blanket additional insured coverage. Look for language like ""certificate holder is additional insured"" or ""per written contract"".",matchOnce,must be present,,Present,compliant,Block Requirements,,,true,1,,2026-08-16
"Block Real Estate Services, LLC",6a1dd951e9bf4a6afd4fa9b3,6a1dd913a0ed8c51ab1dfbe5,"Hercules Industries, Inc. (fka National Sales Company)",6a1dd8c35e529bb0fc8c5087,tic447 - Lenexa Logistics Centre East Building 2,evidenceOfInsurance,Evidence of Insurance,6ac20aae-5728-5d57-b364-aeba38527dba,Additional Requirements,e1017741-e47e-5f58-97b8-fbc3043e919f,Umbrella follows form over General Liability,"---prompt---
Determine if the Umbrella/Excess Liability policy follows form to the underlying policies. Evidence may include: language in the Description of Operations section stating the umbrella follows form to underlying coverages or an additional page endorsement stating that it follows form. Follow form means the umbrella policy adopts the same terms, conditions, and exclusions as the underlying policies.",matchOnce,must be present,,Present,compliant,Block Requirements,,,true,1,,2026-08-16
"Block Real Estate Services, LLC",6a1dd951e9bf4a6afd4fa9b3,6a1dd913a0ed8c51ab1dfbe5,"Hercules Industries, Inc. (fka National Sales Company)",6a1dd8c35e529bb0fc8c5087,tic447 - Lenexa Logistics Centre East Building 2,evidenceOfInsurance,Evidence of Insurance,6ac20aae-5728-5d57-b364-aeba38527dba,Additional Requirements,2cdd866f-c9a4-576a-afd8-1d045762790c,The location must be listed as: 16680 W. 116th Street Lenexa KS 66219,"---prompt---
Determine if the Description of Operations or the Additional Remarks Schedule section states the location indicated in value field",matchOnce,must be present,,,non_compliant,Block Requirements,,,true,0,,2026-08-16
"Block Real Estate Services, LLC",6a1dd951e9bf4a6afd4fa9b3,6a1dd913a0ed8c51ab1dfbe5,"Hercules Industries, Inc. (fka National Sales Company)",6a1dd8c35e529bb0fc8c5087,tic447 - Lenexa Logistics Centre East Building 2,evidenceOfInsurance,Evidence of Insurance,6ac20aae-5728-5d57-b364-aeba38527dba,Additional Requirements,3649e9d1-4e09-59bf-8f30-cb33c40cf117,"Certificate Holder must read: c/o Block Real Estate Services, LLC, 4622 Pennsylvania St., Suite 700, Kansas City, MO, 64112",,matchOnce,must be present,,Present,compliant,Block Requirements,,,true,1,,2026-08-16
"Block Real Estate Services, LLC",6a1dd951e9bf4a6afd4fa9b1,6a1dd8fdfec65127865d9614,"Jaeckle Wholesale, Inc.",6a1dd8c35e529bb0fc8c5087,tic447 - Lenexa Logistics Centre East Building 2,evidenceOfInsurance,Evidence of Insurance,commercialGeneralLiability,Commercial General Liability,evidenceOfInsuranceCommercialGeneralLiabilityCoverageTriggerOccurrence,Coverage Trigger: Occurrence,,matchOnce,must be present,,,non_compliant,Block Requirements,,,false,0,,2026-08-16
"Block Real Estate Services, LLC",6a1dd951e9bf4a6afd4fa9b1,6a1dd8fdfec65127865d9614,"Jaeckle Wholesale, Inc.",6a1dd8c35e529bb0fc8c5087,tic447 - Lenexa Logistics Centre East Building 2,evidenceOfInsurance,Evidence of Insurance,commercialGeneralLiability,Commercial General Liability,evidenceOfInsuranceCommercialGeneralLiabilityGeneralAggregateLimitAppliesPerLocation,General Aggregate Limit Applies per: Location,,matchOnce,must be present,,,non_compliant,Block Requirements,,,false,0,,2026-08-16
"Block Real Estate Services, LLC",6a1dd951e9bf4a6afd4fa9b1,6a1dd8fdfec65127865d9614,"Jaeckle Wholesale, Inc.",6a1dd8c35e529bb0fc8c5087,tic447 - Lenexa Logistics Centre East Building 2,evidenceOfInsurance,Evidence of Insurance,commercialGeneralLiability,Commercial General Liability,evidenceOfInsuranceCommercialGeneralLiabilityEachOccurrence,Each Occurrence,,matchOnce,must be greater or equal to,1000000,,non_compliant,Block Requirements,,,false,0,,2026-08-16
"Block Real Estate Services, LLC",6a1dd951e9bf4a6afd4fa9b1,6a1dd8fdfec65127865d9614,"Jaeckle Wholesale, Inc.",6a1dd8c35e529bb0fc8c5087,tic447 - Lenexa Logistics Centre East Building 2,evidenceOfInsurance,Evidence of Insurance,commercialGeneralLiability,Commercial General Liability,evidenceOfInsuranceCommercialGeneralLiabilityGeneralAggregate,General Aggregate,,matchOnce,must be greater or equal to,2000000,,non_compliant,Block Requirements,,,false,0,,2026-08-16
"Block Real Estate Services, LLC",6a1dd951e9bf4a6afd4fa9b1,6a1dd8fdfec65127865d9614,"Jaeckle Wholesale, Inc.",6a1dd8c35e529bb0fc8c5087,tic447 - Lenexa Logistics Centre East Building 2,evidenceOfInsurance,Evidence of Insurance,commercialGeneralLiability,Commercial General Liability,evidenceOfInsuranceCommercialGeneralLiabilityWaiverOfSubrogationEndorsement,Waiver of Subrogation,"---prompt---
Determine if the insurer has waived their right of subrogation in favor of the certificate holder under the Commercial General Liability policy. Evidence may include: a checked ""Waiver of Subrogation"" box on the certificate, mention in the Description of Operations section stating ""waiver of subrogation applies"", or reference to form CG 24 04. Look for language like ""subrogation is waived"" or ""per written contract"".",matchOnce,must be present,,,non_compliant,Block Requirements,,,false,0,,2026-08-16
"Block Real Estate Services, LLC",6a1dd951e9bf4a6afd4fa9b1,6a1dd8fdfec65127865d9614,"Jaeckle Wholesale, Inc.",6a1dd8c35e529bb0fc8c5087,tic447 - Lenexa Logistics Centre East Building 2,evidenceOfInsurance,Evidence of Insurance,excessOrUmbrellaLiability,Umbrella/Excess Liability,evidenceOfInsuranceExcessOrUmbrellaLiabilityOccurence,Coverage Trigger: Occurrence,,matchOnce,must be present,,,non_compliant,Block Requirements,,,false,0,,2026-08-16
"Block Real Estate Services, LLC",6a1dd951e9bf4a6afd4fa9b1,6a1dd8fdfec65127865d9614,"Jaeckle Wholesale, Inc.",6a1dd8c35e529bb0fc8c5087,tic447 - Lenexa Logistics Centre East Building 2,evidenceOfInsurance,Evidence of Insurance,excessOrUmbrellaLiability,Umbrella/Excess Liability,evidenceOfInsuranceExcessOrUmbrellaLiabilityEachOccurrence,Each Occurrence,,matchOnce,must be greater or equal to,1000000,,non_compliant,Block Requirements,,,false,0,,2026-08-16
"Block Real Estate Services, LLC",6a1dd951e9bf4a6afd4fa9b1,6a1dd8fdfec65127865d9614,"Jaeckle Wholesale, Inc.",6a1dd8c35e529bb0fc8c5087,tic447 - Lenexa Logistics Centre East Building 2,evidenceOfInsurance,Evidence of Insurance,excessOrUmbrellaLiability,Umbrella/Excess Liability,evidenceOfInsuranceExcessOrUmbrellaLiabilityAggregate,Aggregate,,matchOnce,must be greater or equal to,1000000,,non_compliant,Block Requirements,,,false,0,,2026-08-16
"Block Real Estate Services, LLC",6a1dd951e9bf4a6afd4fa9b1,6a1dd8fdfec65127865d9614,"Jaeckle Wholesale, Inc.",6a1dd8c35e529bb0fc8c5087,tic447 - Lenexa Logistics Centre East Building 2,evidenceOfInsurance,Evidence of Insurance,workersCompensation,Workers' Compensation and Employer's Liability,evidenceOfInsuranceWorkersCompensationStatutoryLimits,Statutory Limits,,matchOnce,must be present,,,non_compliant,Block Requirements,,,false,0,,2026-08-16
"Block Real Estate Services, LLC",6a1dd951e9bf4a6afd4fa9b1,6a1dd8fdfec65127865d9614,"Jaeckle Wholesale, Inc.",6a1dd8c35e529bb0fc8c5087,tic447 - Lenexa Logistics Centre East Building 2,evidenceOfInsurance,Evidence of Insurance,workersCompensation,Workers' Compensation and Employer's Liability,evidenceOfInsuranceWorkersCompensationEmployersLiabilityEachAccident,Employer's Liability Each Accident,,matchOnce,must be greater or equal to,500000,,non_compliant,Block Requirements,,,false,0,,2026-08-16
"Block Real Estate Services, LLC",6a1dd951e9bf4a6afd4fa9b1,6a1dd8fdfec65127865d9614,"Jaeckle Wholesale, Inc.",6a1dd8c35e529bb0fc8c5087,tic447 - Lenexa Logistics Centre East Building 2,evidenceOfInsurance,Evidence of Insurance,workersCompensation,Workers' Compensation and Employer's Liability,evidenceOfInsuranceWorkersCompensationEmployersLiabilityDiseaseEachEmployee,Employer's Liability Disease - each employee,,matchOnce,must be greater or equal to,500000,,non_compliant,Block Requirements,,,false,0,,2026-08-16
"Block Real Estate Services, LLC",6a1dd951e9bf4a6afd4fa9b1,6a1dd8fdfec65127865d9614,"Jaeckle Wholesale, Inc.",6a1dd8c35e529bb0fc8c5087,tic447 - Lenexa Logistics Centre East Building 2,evidenceOfInsurance,Evidence of Insurance,workersCompensation,Workers' Compensation and Employer's Liability,evidenceOfInsuranceWorkersCompensationEmployersLiabilityDiseasePolicyLimit,Employer's Liability Disease - policy limit,,matchOnce,must be greater or equal to,500000,,non_compliant,Block Requirements,,,false,0,,2026-08-16
"Block Real Estate Services, LLC",6a1dd951e9bf4a6afd4fa9b1,6a1dd8fdfec65127865d9614,"Jaeckle Wholesale, Inc.",6a1dd8c35e529bb0fc8c5087,tic447 - Lenexa Logistics Centre East Building 2,evidenceOfInsurance,Evidence of Insurance,workersCompensation,Workers' Compensation and Employer's Liability,evidenceOfInsuranceWorkersCompensationWaiverOfSubrogationEndorsement,Waiver of Subrogation,"---prompt---
Determine if the insurer has waived their right of subrogation in favor of the certificate holder under the Workers' Compensation policy. Evidence may include: a checked ""Waiver of Subrogation"" box on the certificate, mention in the Description of Operations section stating ""waiver of subrogation applies"", or reference to form WC 00 03 13. Look for language like ""subrogation is waived"" or ""per written contract"".",matchOnce,must be present,,,non_compliant,Block Requirements,,,false,0,,2026-08-16
"Block Real Estate Services, LLC",6a1dd951e9bf4a6afd4fa9b1,6a1dd8fdfec65127865d9614,"Jaeckle Wholesale, Inc.",6a1dd8c35e529bb0fc8c5087,tic447 - Lenexa Logistics Centre East Building 2,evidenceOfInsurance,Evidence of Insurance,6ac20aae-5728-5d57-b364-aeba38527dba,Additional Requirements,4da5b0f1-4c9d-5885-8cf8-5d3cccaed3e0,"Block Real Estate Services, LLC and all others required by contract are named as Additional Insureds","---prompt---
Determine if the Description of Operations or the Additional Remarks Schedule section states the ""Additional Insured as Construction Management, Inc. and all others required by contract"" or reference to blanket additional insured coverage. Look for language like ""certificate holder is additional insured"" or ""per written contract"".",matchOnce,must be present,,,non_compliant,Block Requirements,,,true,0,,2026-08-16
"Block Real Estate Services, LLC",6a1dd951e9bf4a6afd4fa9b1,6a1dd8fdfec65127865d9614,"Jaeckle Wholesale, Inc.",6a1dd8c35e529bb0fc8c5087,tic447 - Lenexa Logistics Centre East Building 2,evidenceOfInsurance,Evidence of Insurance,6ac20aae-5728-5d57-b364-aeba38527dba,Additional Requirements,e1017741-e47e-5f58-97b8-fbc3043e919f,Umbrella follows form over General Liability,"---prompt---
Determine if the Umbrella/Excess Liability policy follows form to the underlying policies. Evidence may include: language in the Description of Operations section stating the umbrella follows form to underlying coverages or an additional page endorsement stating that it follows form. Follow form means the umbrella policy adopts the same terms, conditions, and exclusions as the underlying policies.",matchOnce,must be present,,,non_compliant,Block Requirements,,,true,0,,2026-08-16
"Block Real Estate Services, LLC",6a1dd951e9bf4a6afd4fa9b1,6a1dd8fdfec65127865d9614,"Jaeckle Wholesale, Inc.",6a1dd8c35e529bb0fc8c5087,tic447 - Lenexa Logistics Centre East Building 2,evidenceOfInsurance,Evidence of Insurance,6ac20aae-5728-5d57-b364-aeba38527dba,Additional Requirements,2cdd866f-c9a4-576a-afd8-1d045762790c,The location must be listed as: 16540 W. 116th Street Lenexa KS 66219,"---prompt---
Determine if the Description of Operations or the Additional Remarks Schedule section states the location indicated in value field",matchOnce,must be present,,,non_compliant,Block Requirements,,,true,0,,2026-08-16
"Block Real Estate Services, LLC",6a1dd951e9bf4a6afd4fa9b1,6a1dd8fdfec65127865d9614,"Jaeckle Wholesale, Inc.",6a1dd8c35e529bb0fc8c5087,tic447 - Lenexa Logistics Centre East Building 2,evidenceOfInsurance,Evidence of Insurance,6ac20aae-5728-5d57-b364-aeba38527dba,Additional Requirements,3649e9d1-4e09-59bf-8f30-cb33c40cf117,"Certificate Holder must read: c/o Block Real Estate Services, LLC, 4622 Pennsylvania St., Suite 700, Kansas City, MO, 64112",,matchOnce,must be present,,,non_compliant,Block Requirements,,,true,0,,2026-08-16
"Block Real Estate Services, LLC",6a1de04d1a79de573299271d,6a1de0142575f4fed4484ab8,"Gentry Dental / James D Gentry, Dmd",6a1ddfb923b401dcff7b5911,"3rd307 - Parkway 134, LLC",evidenceOfInsurance,Evidence of Insurance,commercialGeneralLiability,Commercial General Liability,evidenceOfInsuranceCommercialGeneralLiabilityCoverageTriggerOccurrence,Coverage Trigger: Occurrence,,matchOnce,must be present,,Present,compliant,Block Requirements,,,false,1,,2026-08-16
"Block Real Estate Services, LLC",6a1de04d1a79de573299271d,6a1de0142575f4fed4484ab8,"Gentry Dental / James D Gentry, Dmd",6a1ddfb923b401dcff7b5911,"3rd307 - Parkway 134, LLC",evidenceOfInsurance,Evidence of Insurance,commercialGeneralLiability,Commercial General Liability,evidenceOfInsuranceCommercialGeneralLiabilityGeneralAggregateLimitAppliesPerLocation,General Aggregate Limit Applies per: Location,,matchOnce,must be present,,,waived,Block Requirements,Per location not a requirement in the lease,,false,0,,2026-08-16
"Block Real Estate Services, LLC",6a1de04d1a79de573299271d,6a1de0142575f4fed4484ab8,"Gentry Dental / James D Gentry, Dmd",6a1ddfb923b401dcff7b5911,"3rd307 - Parkway 134, LLC",evidenceOfInsurance,Evidence of Insurance,commercialGeneralLiability,Commercial General Liability,evidenceOfInsuranceCommercialGeneralLiabilityEachOccurrence,Each Occurrence,,matchOnce,must be greater or equal to,1000000,1000000,compliant,Block Requirements,,,false,1,,2026-08-16
"Block Real Estate Services, LLC",6a1de04d1a79de573299271d,6a1de0142575f4fed4484ab8,"Gentry Dental / James D Gentry, Dmd",6a1ddfb923b401dcff7b5911,"3rd307 - Parkway 134, LLC",evidenceOfInsurance,Evidence of Insurance,commercialGeneralLiability,Commercial General Liability,evidenceOfInsuranceCommercialGeneralLiabilityGeneralAggregate,General Aggregate,,matchOnce,must be greater or equal to,2000000,2000000,compliant,Block Requirements,,,false,1,,2026-08-16
"Block Real Estate Services, LLC",6a1de04d1a79de573299271d,6a1de0142575f4fed4484ab8,"Gentry Dental / James D Gentry, Dmd",6a1ddfb923b401dcff7b5911,"3rd307 - Parkway 134, LLC",evidenceOfInsurance,Evidence of Insurance,commercialGeneralLiability,Commercial General Liability,evidenceOfInsuranceCommercialGeneralLiabilityWaiverOfSubrogationEndorsement,Waiver of Subrogation,"---prompt---
Determine if the insurer has waived their right of subrogation in favor of the certificate holder under the Commercial General Liability policy. Evidence may include: a checked ""Waiver of Subrogation"" box on the certificate, mention in the Description of Operations section stating ""waiver of subrogation applies"", or reference to form CG 24 04. Look for language like ""subrogation is waived"" or ""per written contract"".",matchOnce,must be present,,,non_compliant,Block Requirements,,,false,0,,2026-08-16
"Block Real Estate Services, LLC",6a1de04d1a79de573299271d,6a1de0142575f4fed4484ab8,"Gentry Dental / James D Gentry, Dmd",6a1ddfb923b401dcff7b5911,"3rd307 - Parkway 134, LLC",evidenceOfInsurance,Evidence of Insurance,excessOrUmbrellaLiability,Umbrella/Excess Liability,evidenceOfInsuranceExcessOrUmbrellaLiabilityOccurence,Coverage Trigger: Occurrence,,matchOnce,must be present,,,waived,Block Requirements,,,false,0,,2026-08-16
"Block Real Estate Services, LLC",6a1de04d1a79de573299271d,6a1de0142575f4fed4484ab8,"Gentry Dental / James D Gentry, Dmd",6a1ddfb923b401dcff7b5911,"3rd307 - Parkway 134, LLC",evidenceOfInsurance,Evidence of Insurance,excessOrUmbrellaLiability,Umbrella/Excess Liability,evidenceOfInsuranceExcessOrUmbrellaLiabilityEachOccurrence,Each Occurrence,,matchOnce,must be greater or equal to,1000000,,waived,Block Requirements,,,false,0,,2026-08-16
"Block Real Estate Services, LLC",6a1de04d1a79de573299271d,6a1de0142575f4fed4484ab8,"Gentry Dental / James D Gentry, Dmd",6a1ddfb923b401dcff7b5911,"3rd307 - Parkway 134, LLC",evidenceOfInsurance,Evidence of Insurance,excessOrUmbrellaLiability,Umbrella/Excess Liability,evidenceOfInsuranceExcessOrUmbrellaLiabilityAggregate,Aggregate,,matchOnce,must be greater or equal to,1000000,,waived,Block Requirements,,,false,0,,2026-08-16
"Block Real Estate Services, LLC",6a1de04d1a79de573299271d,6a1de0142575f4fed4484ab8,"Gentry Dental / James D Gentry, Dmd",6a1ddfb923b401dcff7b5911,"3rd307 - Parkway 134, LLC",evidenceOfInsurance,Evidence of Insurance,workersCompensation,Workers' Compensation and Employer's Liability,evidenceOfInsuranceWorkersCompensationStatutoryLimits,Statutory Limits,,matchOnce,must be present,,,waived,Block Requirements,,,false,0,,2026-08-16
"Block Real Estate Services, LLC",6a1de04d1a79de573299271d,6a1de0142575f4fed4484ab8,"Gentry Dental / James D Gentry, Dmd",6a1ddfb923b401dcff7b5911,"3rd307 - Parkway 134, LLC",evidenceOfInsurance,Evidence of Insurance,workersCompensation,Workers' Compensation and Employer's Liability,evidenceOfInsuranceWorkersCompensationEmployersLiabilityEachAccident,Employer's Liability Each Accident,,matchOnce,must be greater or equal to,500000,,waived,Block Requirements,,,false,0,,2026-08-16
"Block Real Estate Services, LLC",6a1de04d1a79de573299271d,6a1de0142575f4fed4484ab8,"Gentry Dental / James D Gentry, Dmd",6a1ddfb923b401dcff7b5911,"3rd307 - Parkway 134, LLC",evidenceOfInsurance,Evidence of Insurance,workersCompensation,Workers' Compensation and Employer's Liability,evidenceOfInsuranceWorkersCompensationEmployersLiabilityDiseaseEachEmployee,Employer's Liability Disease - each employee,,matchOnce,must be greater or equal to,500000,,waived,Block Requirements,,,false,0,,2026-08-16
"Block Real Estate Services, LLC",6a1de04d1a79de573299271d,6a1de0142575f4fed4484ab8,"Gentry Dental / James D Gentry, Dmd",6a1ddfb923b401dcff7b5911,"3rd307 - Parkway 134, LLC",evidenceOfInsurance,Evidence of Insurance,workersCompensation,Workers' Compensation and Employer's Liability,evidenceOfInsuranceWorkersCompensationEmployersLiabilityDiseasePolicyLimit,Employer's Liability Disease - policy limit,,matchOnce,must be greater or equal to,500000,,waived,Block Requirements,,,false,0,,2026-08-16
"Block Real Estate Services, LLC",6a1de04d1a79de573299271d,6a1de0142575f4fed4484ab8,"Gentry Dental / James D Gentry, Dmd",6a1ddfb923b401dcff7b5911,"3rd307 - Parkway 134, LLC",evidenceOfInsurance,Evidence of Insurance,workersCompensation,Workers' Compensation and Employer's Liability,evidenceOfInsuranceWorkersCompensationWaiverOfSubrogationEndorsement,Waiver of Subrogation,"---prompt---
Determine if the insurer has waived their right of subrogation in favor of the certificate holder under the Workers' Compensation policy. Evidence may include: a checked ""Waiver of Subrogation"" box on the certificate, mention in the Description of Operations section stating ""waiver of subrogation applies"", or reference to form WC 00 03 13. Look for language like ""subrogation is waived"" or ""per written contract"".",matchOnce,must be present,,,waived,Block Requirements,,,false,0,,2026-08-16
"Block Real Estate Services, LLC",6a1de04d1a79de573299271d,6a1de0142575f4fed4484ab8,"Gentry Dental / James D Gentry, Dmd",6a1ddfb923b401dcff7b5911,"3rd307 - Parkway 134, LLC",evidenceOfInsurance,Evidence of Insurance,6ac20aae-5728-5d57-b364-aeba38527dba,Additional Requirements,4da5b0f1-4c9d-5885-8cf8-5d3cccaed3e0,"Block Real Estate Services, LLC and all others required by contract are named as Additional Insureds","---prompt---
Determine if the Description of Operations or the Additional Remarks Schedule section states the ""Additional Insured as Construction Management, Inc. and all others required by contract"" or reference to blanket additional insured coverage. Look for language like ""certificate holder is additional insured"" or ""per written contract"".",matchOnce,must be present,,Present,compliant,Block Requirements,,,true,1,,2026-08-16
"Block Real Estate Services, LLC",6a1de04d1a79de573299271d,6a1de0142575f4fed4484ab8,"Gentry Dental / James D Gentry, Dmd",6a1ddfb923b401dcff7b5911,"3rd307 - Parkway 134, LLC",evidenceOfInsurance,Evidence of Insurance,6ac20aae-5728-5d57-b364-aeba38527dba,Additional Requirements,e1017741-e47e-5f58-97b8-fbc3043e919f,Umbrella follows form over General Liability,"---prompt---
Determine if the Umbrella/Excess Liability policy follows form to the underlying policies. Evidence may include: language in the Description of Operations section stating the umbrella follows form to underlying coverages or an additional page endorsement stating that it follows form. Follow form means the umbrella policy adopts the same terms, conditions, and exclusions as the underlying policies.",matchOnce,must be present,,,waived,Block Requirements,Umbrella Liability not a requirement in the lease,,true,0,,2026-08-16
"Block Real Estate Services, LLC",6a1de04d1a79de573299271d,6a1de0142575f4fed4484ab8,"Gentry Dental / James D Gentry, Dmd",6a1ddfb923b401dcff7b5911,"3rd307 - Parkway 134, LLC",evidenceOfInsurance,Evidence of Insurance,6ac20aae-5728-5d57-b364-aeba38527dba,Additional Requirements,2cdd866f-c9a4-576a-afd8-1d045762790c,The location must be listed as: 4861 W 134th Street Suite A Leawood KS 66209,"---prompt---
Determine if the Description of Operations or the Additional Remarks Schedule section states the location indicated in value field",matchOnce,must be present,,,non_compliant,Block Requirements,,,true,0,,2026-08-16
"Block Real Estate Services, LLC",6a1de04d1a79de573299271d,6a1de0142575f4fed4484ab8,"Gentry Dental / James D Gentry, Dmd",6a1ddfb923b401dcff7b5911,"3rd307 - Parkway 134, LLC",evidenceOfInsurance,Evidence of Insurance,6ac20aae-5728-5d57-b364-aeba38527dba,Additional Requirements,3649e9d1-4e09-59bf-8f30-cb33c40cf117,"Certificate Holder must read: c/o Block Real Estate Services, LLC, 4622 Pennsylvania St., Suite 700, Kansas City, MO, 64112",,matchOnce,must be present,,Present,compliant,Block Requirements,,,true,1,,2026-08-16
"Block Real Estate Services, LLC",6a1de04d1a79de573299271a,6a1ddfeea0ed8c51ab1fa0c7,Jeff Thomson Orthodontics,6a1ddfb923b401dcff7b5911,"3rd307 - Parkway 134, LLC",evidenceOfInsurance,Evidence of Insurance,commercialGeneralLiability,Commercial General Liability,evidenceOfInsuranceCommercialGeneralLiabilityCoverageTriggerOccurrence,Coverage Trigger: Occurrence,,matchOnce,must be present,,Present,compliant,Block Requirements,,,false,1,,2026-08-16
"Block Real Estate Services, LLC",6a1de04d1a79de573299271a,6a1ddfeea0ed8c51ab1fa0c7,Jeff Thomson Orthodontics,6a1ddfb923b401dcff7b5911,"3rd307 - Parkway 134, LLC",evidenceOfInsurance,Evidence of Insurance,commercialGeneralLiability,Commercial General Liability,evidenceOfInsuranceCommercialGeneralLiabilityGeneralAggregateLimitAppliesPerLocation,General Aggregate Limit Applies per: Location,,matchOnce,must be present,,,waived,Block Requirements,Per location not a requirement in the lease,,false,0,,2026-08-16
"Block Real Estate Services, LLC",6a1de04d1a79de573299271a,6a1ddfeea0ed8c51ab1fa0c7,Jeff Thomson Orthodontics,6a1ddfb923b401dcff7b5911,"3rd307 - Parkway 134, LLC",evidenceOfInsurance,Evidence of Insurance,commercialGeneralLiability,Commercial General Liability,evidenceOfInsuranceCommercialGeneralLiabilityEachOccurrence,Each Occurrence,,matchOnce,must be greater or equal to,1000000,1000000,compliant,Block Requirements,,,false,1,,2026-08-16
"Block Real Estate Services, LLC",6a1de04d1a79de573299271a,6a1ddfeea0ed8c51ab1fa0c7,Jeff Thomson Orthodontics,6a1ddfb923b401dcff7b5911,"3rd307 - Parkway 134, LLC",evidenceOfInsurance,Evidence of Insurance,commercialGeneralLiability,Commercial General Liability,evidenceOfInsuranceCommercialGeneralLiabilityGeneralAggregate,General Aggregate,,matchOnce,must be greater or equal to,2000000,3000000,compliant,Block Requirements,,,false,1,,2026-08-16
"Block Real Estate Services, LLC",6a1de04d1a79de573299271a,6a1ddfeea0ed8c51ab1fa0c7,Jeff Thomson Orthodontics,6a1ddfb923b401dcff7b5911,"3rd307 - Parkway 134, LLC",evidenceOfInsurance,Evidence of Insurance,commercialGeneralLiability,Commercial General Liability,evidenceOfInsuranceCommercialGeneralLiabilityWaiverOfSubrogationEndorsement,Waiver of Subrogation,"---prompt---
Determine if the insurer has waived their right of subrogation in favor of the certificate holder under the Commercial General Liability policy. Evidence may include: a checked ""Waiver of Subrogation"" box on the certificate, mention in the Description of Operations section stating ""waiver of subrogation applies"", or reference to form CG 24 04. Look for language like ""subrogation is waived"" or ""per written contract"".",matchOnce,must be present,,Present,compliant,Block Requirements,,,false,1,,2026-08-16
"Block Real Estate Services, LLC",6a1de04d1a79de573299271a,6a1ddfeea0ed8c51ab1fa0c7,Jeff Thomson Orthodontics,6a1ddfb923b401dcff7b5911,"3rd307 - Parkway 134, LLC",evidenceOfInsurance,Evidence of Insurance,excessOrUmbrellaLiability,Umbrella/Excess Liability,evidenceOfInsuranceExcessOrUmbrellaLiabilityOccurence,Coverage Trigger: Occurrence,,matchOnce,must be present,,Present,waived,Block Requirements,,,false,1,,2026-08-16
"Block Real Estate Services, LLC",6a1de04d1a79de573299271a,6a1ddfeea0ed8c51ab1fa0c7,Jeff Thomson Orthodontics,6a1ddfb923b401dcff7b5911,"3rd307 - Parkway 134, LLC",evidenceOfInsurance,Evidence of Insurance,excessOrUmbrellaLiability,Umbrella/Excess Liability,evidenceOfInsuranceExcessOrUmbrellaLiabilityEachOccurrence,Each Occurrence,,matchOnce,must be greater or equal to,1000000,8000000,waived,Block Requirements,,,false,1,,2026-08-16
"Block Real Estate Services, LLC",6a1de04d1a79de573299271a,6a1ddfeea0ed8c51ab1fa0c7,Jeff Thomson Orthodontics,6a1ddfb923b401dcff7b5911,"3rd307 - Parkway 134, LLC",evidenceOfInsurance,Evidence of Insurance,excessOrUmbrellaLiability,Umbrella/Excess Liability,evidenceOfInsuranceExcessOrUmbrellaLiabilityAggregate,Aggregate,,matchOnce,must be greater or equal to,1000000,8000000,waived,Block Requirements,,,false,1,,2026-08-16
"Block Real Estate Services, LLC",6a1de04d1a79de573299271a,6a1ddfeea0ed8c51ab1fa0c7,Jeff Thomson Orthodontics,6a1ddfb923b401dcff7b5911,"3rd307 - Parkway 134, LLC",evidenceOfInsurance,Evidence of Insurance,workersCompensation,Workers' Compensation and Employer's Liability,evidenceOfInsuranceWorkersCompensationStatutoryLimits,Statutory Limits,,matchOnce,must be present,,,waived,Block Requirements,,,false,0,,2026-08-16
"Block Real Estate Services, LLC",6a1de04d1a79de573299271a,6a1ddfeea0ed8c51ab1fa0c7,Jeff Thomson Orthodontics,6a1ddfb923b401dcff7b5911,"3rd307 - Parkway 134, LLC",evidenceOfInsurance,Evidence of Insurance,workersCompensation,Workers' Compensation and Employer's Liability,evidenceOfInsuranceWorkersCompensationEmployersLiabilityEachAccident,Employer's Liability Each Accident,,matchOnce,must be greater or equal to,500000,,waived,Block Requirements,,,false,0,,2026-08-16
"Block Real Estate Services, LLC",6a1de04d1a79de573299271a,6a1ddfeea0ed8c51ab1fa0c7,Jeff Thomson Orthodontics,6a1ddfb923b401dcff7b5911,"3rd307 - Parkway 134, LLC",evidenceOfInsurance,Evidence of Insurance,workersCompensation,Workers' Compensation and Employer's Liability,evidenceOfInsuranceWorkersCompensationEmployersLiabilityDiseaseEachEmployee,Employer's Liability Disease - each employee,,matchOnce,must be greater or equal to,500000,,waived,Block Requirements,,,false,0,,2026-08-16
"Block Real Estate Services, LLC",6a1de04d1a79de573299271a,6a1ddfeea0ed8c51ab1fa0c7,Jeff Thomson Orthodontics,6a1ddfb923b401dcff7b5911,"3rd307 - Parkway 134, LLC",evidenceOfInsurance,Evidence of Insurance,workersCompensation,Workers' Compensation and Employer's Liability,evidenceOfInsuranceWorkersCompensationEmployersLiabilityDiseasePolicyLimit,Employer's Liability Disease - policy limit,,matchOnce,must be greater or equal to,500000,,waived,Block Requirements,,,false,0,,2026-08-16
"Block Real Estate Services, LLC",6a1de04d1a79de573299271a,6a1ddfeea0ed8c51ab1fa0c7,Jeff Thomson Orthodontics,6a1ddfb923b401dcff7b5911,"3rd307 - Parkway 134, LLC",evidenceOfInsurance,Evidence of Insurance,workersCompensation,Workers' Compensation and Employer's Liability,evidenceOfInsuranceWorkersCompensationWaiverOfSubrogationEndorsement,Waiver of Subrogation,"---prompt---
Determine if the insurer has waived their right of subrogation in favor of the certificate holder under the Workers' Compensation policy. Evidence may include: a checked ""Waiver of Subrogation"" box on the certificate, mention in the Description of Operations section stating ""waiver of subrogation applies"", or reference to form WC 00 03 13. Look for language like ""subrogation is waived"" or ""per written contract"".",matchOnce,must be present,,,waived,Block Requirements,,,false,0,,2026-08-16
"Block Real Estate Services, LLC",6a1de04d1a79de573299271a,6a1ddfeea0ed8c51ab1fa0c7,Jeff Thomson Orthodontics,6a1ddfb923b401dcff7b5911,"3rd307 - Parkway 134, LLC",evidenceOfInsurance,Evidence of Insurance,6ac20aae-5728-5d57-b364-aeba38527dba,Additional Requirements,4da5b0f1-4c9d-5885-8cf8-5d3cccaed3e0,"Block Real Estate Services, LLC and all others required by contract are named as Additional Insureds","---prompt---
Determine if the Description of Operations or the Additional Remarks Schedule section states the ""Additional Insured as Construction Management, Inc. and all others required by contract"" or reference to blanket additional insured coverage. Look for language like ""certificate holder is additional insured"" or ""per written contract"".",matchOnce,must be present,,Present,compliant,Block Requirements,,,true,1,,2026-08-16
"Block Real Estate Services, LLC",6a1de04d1a79de573299271a,6a1ddfeea0ed8c51ab1fa0c7,Jeff Thomson Orthodontics,6a1ddfb923b401dcff7b5911,"3rd307 - Parkway 134, LLC",evidenceOfInsurance,Evidence of Insurance,6ac20aae-5728-5d57-b364-aeba38527dba,Additional Requirements,e1017741-e47e-5f58-97b8-fbc3043e919f,Umbrella follows form over General Liability,"---prompt---
Determine if the Umbrella/Excess Liability policy follows form to the underlying policies. Evidence may include: language in the Description of Operations section stating the umbrella follows form to underlying coverages or an additional page endorsement stating that it follows form. Follow form means the umbrella policy adopts the same terms, conditions, and exclusions as the underlying policies.",matchOnce,must be present,,Present,waived,Block Requirements,Umbrella Liability not a requirement in the lease,,true,1,,2026-08-16
"Block Real Estate Services, LLC",6a1de04d1a79de573299271a,6a1ddfeea0ed8c51ab1fa0c7,Jeff Thomson Orthodontics,6a1ddfb923b401dcff7b5911,"3rd307 - Parkway 134, LLC",evidenceOfInsurance,Evidence of Insurance,6ac20aae-5728-5d57-b364-aeba38527dba,Additional Requirements,2cdd866f-c9a4-576a-afd8-1d045762790c,The location must be listed as: 4851 W 134th Street Suite A Leawood KS 66209,"---prompt---
Determine if the Description of Operations or the Additional Remarks Schedule section states the location indicated in value field",matchOnce,must be present,,Present,compliant,Block Requirements,,,true,1,,2026-08-16
"Block Real Estate Services, LLC",6a1de04d1a79de573299271a,6a1ddfeea0ed8c51ab1fa0c7,Jeff Thomson Orthodontics,6a1ddfb923b401dcff7b5911,"3rd307 - Parkway 134, LLC",evidenceOfInsurance,Evidence of Insurance,6ac20aae-5728-5d57-b364-aeba38527dba,Additional Requirements,3649e9d1-4e09-59bf-8f30-cb33c40cf117,"Certificate Holder must read: c/o Block Real Estate Services, LLC, 4622 Pennsylvania St., Suite 700, Kansas City, MO, 64112",,matchOnce,must be present,,Present,compliant,Block Requirements,,,true,1,,2026-08-16
"Block Real Estate Services, LLC",6a1de04d1a79de573299271c,6a1de0072575f4fed44847a8,Home Cleaning Center of America,6a1ddfb923b401dcff7b5911,"3rd307 - Parkway 134, LLC",evidenceOfInsurance,Evidence of Insurance,commercialGeneralLiability,Commercial General Liability,evidenceOfInsuranceCommercialGeneralLiabilityCoverageTriggerOccurrence,Coverage Trigger: Occurrence,,matchOnce,must be present,,Present,compliant,Block Requirements,,,false,1,,2026-08-16
"Block Real Estate Services, LLC",6a1de04d1a79de573299271c,6a1de0072575f4fed44847a8,Home Cleaning Center of America,6a1ddfb923b401dcff7b5911,"3rd307 - Parkway 134, LLC",evidenceOfInsurance,Evidence of Insurance,commercialGeneralLiability,Commercial General Liability,evidenceOfInsuranceCommercialGeneralLiabilityGeneralAggregateLimitAppliesPerLocation,General Aggregate Limit Applies per: Location,,matchOnce,must be present,,Present,waived,Block Requirements,Per location not a requirement in the lease,,false,1,,2026-08-16
"Block Real Estate Services, LLC",6a1de04d1a79de573299271c,6a1de0072575f4fed44847a8,Home Cleaning Center of America,6a1ddfb923b401dcff7b5911,"3rd307 - Parkway 134, LLC",evidenceOfInsurance,Evidence of Insurance,commercialGeneralLiability,Commercial General Liability,evidenceOfInsuranceCommercialGeneralLiabilityEachOccurrence,Each Occurrence,,matchOnce,must be greater or equal to,1000000,1000000,compliant,Block Requirements,,,false,1,,2026-08-16
"Block Real Estate Services, LLC",6a1de04d1a79de573299271c,6a1de0072575f4fed44847a8,Home Cleaning Center of America,6a1ddfb923b401dcff7b5911,"3rd307 - Parkway 134, LLC",evidenceOfInsurance,Evidence of Insurance,commercialGeneralLiability,Commercial General Liability,evidenceOfInsuranceCommercialGeneralLiabilityGeneralAggregate,General Aggregate,,matchOnce,must be greater or equal to,2000000,2000000,compliant,Block Requirements,,,false,1,,2026-08-16
"Block Real Estate Services, LLC",6a1de04d1a79de573299271c,6a1de0072575f4fed44847a8,Home Cleaning Center of America,6a1ddfb923b401dcff7b5911,"3rd307 - Parkway 134, LLC",evidenceOfInsurance,Evidence of Insurance,commercialGeneralLiability,Commercial General Liability,evidenceOfInsuranceCommercialGeneralLiabilityWaiverOfSubrogationEndorsement,Waiver of Subrogation,"---prompt---
Determine if the insurer has waived their right of subrogation in favor of the certificate holder under the Commercial General Liability policy. Evidence may include: a checked ""Waiver of Subrogation"" box on the certificate, mention in the Description of Operations section stating ""waiver of subrogation applies"", or reference to form CG 24 04. Look for language like ""subrogation is waived"" or ""per written contract"".",matchOnce,must be present,,Present,compliant,Block Requirements,,,false,1,,2026-08-16
"Block Real Estate Services, LLC",6a1de04d1a79de573299271c,6a1de0072575f4fed44847a8,Home Cleaning Center of America,6a1ddfb923b401dcff7b5911,"3rd307 - Parkway 134, LLC",evidenceOfInsurance,Evidence of Insurance,excessOrUmbrellaLiability,Umbrella/Excess Liability,evidenceOfInsuranceExcessOrUmbrellaLiabilityOccurence,Coverage Trigger: Occurrence,,matchOnce,must be present,,Present,waived,Block Requirements,,,false,1,,2026-08-16
"Block Real Estate Services, LLC",6a1de04d1a79de573299271c,6a1de0072575f4fed44847a8,Home Cleaning Center of America,6a1ddfb923b401dcff7b5911,"3rd307 - Parkway 134, LLC",evidenceOfInsurance,Evidence of Insurance,excessOrUmbrellaLiability,Umbrella/Excess Liability,evidenceOfInsuranceExcessOrUmbrellaLiabilityEachOccurrence,Each Occurrence,,matchOnce,must be greater or equal to,1000000,2000000,waived,Block Requirements,,,false,1,,2026-08-16
"Block Real Estate Services, LLC",6a1de04d1a79de573299271c,6a1de0072575f4fed44847a8,Home Cleaning Center of America,6a1ddfb923b401dcff7b5911,"3rd307 - Parkway 134, LLC",evidenceOfInsurance,Evidence of Insurance,excessOrUmbrellaLiability,Umbrella/Excess Liability,evidenceOfInsuranceExcessOrUmbrellaLiabilityAggregate,Aggregate,,matchOnce,must be greater or equal to,1000000,2000000,waived,Block Requirements,,,false,1,,2026-08-16
"Block Real Estate Services, LLC",6a1de04d1a79de573299271c,6a1de0072575f4fed44847a8,Home Cleaning Center of America,6a1ddfb923b401dcff7b5911,"3rd307 - Parkway 134, LLC",evidenceOfInsurance,Evidence of Insurance,workersCompensation,Workers' Compensation and Employer's Liability,evidenceOfInsuranceWorkersCompensationStatutoryLimits,Statutory Limits,,matchOnce,must be present,,,waived,Block Requirements,,,false,0,,2026-08-16
"Block Real Estate Services, LLC",6a1de04d1a79de573299271c,6a1de0072575f4fed44847a8,Home Cleaning Center of America,6a1ddfb923b401dcff7b5911,"3rd307 - Parkway 134, LLC",evidenceOfInsurance,Evidence of Insurance,workersCompensation,Workers' Compensation and Employer's Liability,evidenceOfInsuranceWorkersCompensationEmployersLiabilityEachAccident,Employer's Liability Each Accident,,matchOnce,must be greater or equal to,500000,,waived,Block Requirements,,,false,0,,2026-08-16
"Block Real Estate Services, LLC",6a1de04d1a79de573299271c,6a1de0072575f4fed44847a8,Home Cleaning Center of America,6a1ddfb923b401dcff7b5911,"3rd307 - Parkway 134, LLC",evidenceOfInsurance,Evidence of Insurance,workersCompensation,Workers' Compensation and Employer's Liability,evidenceOfInsuranceWorkersCompensationEmployersLiabilityDiseaseEachEmployee,Employer's Liability Disease - each employee,,matchOnce,must be greater or equal to,500000,,waived,Block Requirements,,,false,0,,2026-08-16
"Block Real Estate Services, LLC",6a1de04d1a79de573299271c,6a1de0072575f4fed44847a8,Home Cleaning Center of America,6a1ddfb923b401dcff7b5911,"3rd307 - Parkway 134, LLC",evidenceOfInsurance,Evidence of Insurance,workersCompensation,Workers' Compensation and Employer's Liability,evidenceOfInsuranceWorkersCompensationEmployersLiabilityDiseasePolicyLimit,Employer's Liability Disease - policy limit,,matchOnce,must be greater or equal to,500000,,waived,Block Requirements,,,false,0,,2026-08-16
"Block Real Estate Services, LLC",6a1de04d1a79de573299271c,6a1de0072575f4fed44847a8,Home Cleaning Center of America,6a1ddfb923b401dcff7b5911,"3rd307 - Parkway 134, LLC",evidenceOfInsurance,Evidence of Insurance,workersCompensation,Workers' Compensation and Employer's Liability,evidenceOfInsuranceWorkersCompensationWaiverOfSubrogationEndorsement,Waiver of Subrogation,"---prompt---
Determine if the insurer has waived their right of subrogation in favor of the certificate holder under the Workers' Compensation policy. Evidence may include: a checked ""Waiver of Subrogation"" box on the certificate, mention in the Description of Operations section stating ""waiver of subrogation applies"", or reference to form WC 00 03 13. Look for language like ""subrogation is waived"" or ""per written contract"".",matchOnce,must be present,,,waived,Block Requirements,,,false,0,,2026-08-16
"Block Real Estate Services, LLC",6a1de04d1a79de573299271c,6a1de0072575f4fed44847a8,Home Cleaning Center of America,6a1ddfb923b401dcff7b5911,"3rd307 - Parkway 134, LLC",evidenceOfInsurance,Evidence of Insurance,6ac20aae-5728-5d57-b364-aeba38527dba,Additional Requirements,4da5b0f1-4c9d-5885-8cf8-5d3cccaed3e0,"Block Real Estate Services, LLC and all others required by contract are named as Additional Insureds","---prompt---
Determine if the Description of Operations or the Additional Remarks Schedule section states the ""Additional Insured as Construction Management, Inc. and all others required by contract"" or reference to blanket additional insured coverage. Look for language like ""certificate holder is additional insured"" or ""per written contract"".",matchOnce,must be present,,Present,compliant,Block Requirements,,,true,1,,2026-08-16
"Block Real Estate Services, LLC",6a1de04d1a79de573299271c,6a1de0072575f4fed44847a8,Home Cleaning Center of America,6a1ddfb923b401dcff7b5911,"3rd307 - Parkway 134, LLC",evidenceOfInsurance,Evidence of Insurance,6ac20aae-5728-5d57-b364-aeba38527dba,Additional Requirements,e1017741-e47e-5f58-97b8-fbc3043e919f,Umbrella follows form over General Liability,"---prompt---
Determine if the Umbrella/Excess Liability policy follows form to the underlying policies. Evidence may include: language in the Description of Operations section stating the umbrella follows form to underlying coverages or an additional page endorsement stating that it follows form. Follow form means the umbrella policy adopts the same terms, conditions, and exclusions as the underlying policies.",matchOnce,must be present,,Present,waived,Block Requirements,Umbrella Liability not a requirement in the lease,,true,1,,2026-08-16
"Block Real Estate Services, LLC",6a1de04d1a79de573299271c,6a1de0072575f4fed44847a8,Home Cleaning Center of America,6a1ddfb923b401dcff7b5911,"3rd307 - Parkway 134, LLC",evidenceOfInsurance,Evidence of Insurance,6ac20aae-5728-5d57-b364-aeba38527dba,Additional Requirements,2cdd866f-c9a4-576a-afd8-1d045762790c,The location must be listed as: 4851 W 134th Street Suite D Leawood KS 66209,"---prompt---
Determine if the Description of Operations or the Additional Remarks Schedule section states the location indicated in value field",matchOnce,must be present,,Present,compliant,Block Requirements,,,true,1,,2026-08-16
"Block Real Estate Services, LLC",6a1de04d1a79de573299271c,6a1de0072575f4fed44847a8,Home Cleaning Center of America,6a1ddfb923b401dcff7b5911,"3rd307 - Parkway 134, LLC",evidenceOfInsurance,Evidence of Insurance,6ac20aae-5728-5d57-b364-aeba38527dba,Additional Requirements,3649e9d1-4e09-59bf-8f30-cb33c40cf117,"Certificate Holder must read: c/o Block Real Estate Services, LLC, 4622 Pennsylvania St., Suite 700, Kansas City, MO, 64112",,matchOnce,must be present,,Present,compliant,Block Requirements,,,true,1,,2026-08-16
"Block Real Estate Services, LLC",6a1de04d1a79de573299271b,6a1ddffd98a3fac93a1cc908,"DPTRE, LLC (fka Fleming Advisors, LLC)",6a1ddfb923b401dcff7b5911,"3rd307 - Parkway 134, LLC",evidenceOfInsurance,Evidence of Insurance,commercialGeneralLiability,Commercial General Liability,evidenceOfInsuranceCommercialGeneralLiabilityCoverageTriggerOccurrence,Coverage Trigger: Occurrence,,matchOnce,must be present,,,non_compliant,Block Requirements,,,false,0,,2026-08-16
"Block Real Estate Services, LLC",6a1de04d1a79de573299271b,6a1ddffd98a3fac93a1cc908,"DPTRE, LLC (fka Fleming Advisors, LLC)",6a1ddfb923b401dcff7b5911,"3rd307 - Parkway 134, LLC",evidenceOfInsurance,Evidence of Insurance,commercialGeneralLiability,Commercial General Liability,evidenceOfInsuranceCommercialGeneralLiabilityGeneralAggregateLimitAppliesPerLocation,General Aggregate Limit Applies per: Location,,matchOnce,must be present,,,waived,Block Requirements,Per location not a requirement in the lease,,false,0,,2026-08-16
"Block Real Estate Services, LLC",6a1de04d1a79de573299271b,6a1ddffd98a3fac93a1cc908,"DPTRE, LLC (fka Fleming Advisors, LLC)",6a1ddfb923b401dcff7b5911,"3rd307 - Parkway 134, LLC",evidenceOfInsurance,Evidence of Insurance,commercialGeneralLiability,Commercial General Liability,evidenceOfInsuranceCommercialGeneralLiabilityEachOccurrence,Each Occurrence,,matchOnce,must be greater or equal to,1000000,,non_compliant,Block Requirements,,,false,0,,2026-08-16
"Block Real Estate Services, LLC",6a1de04d1a79de573299271b,6a1ddffd98a3fac93a1cc908,"DPTRE, LLC (fka Fleming Advisors, LLC)",6a1ddfb923b401dcff7b5911,"3rd307 - Parkway 134, LLC",evidenceOfInsurance,Evidence of Insurance,commercialGeneralLiability,Commercial General Liability,evidenceOfInsuranceCommercialGeneralLiabilityGeneralAggregate,General Aggregate,,matchOnce,must be greater or equal to,2000000,,non_compliant,Block Requirements,,,false,0,,2026-08-16
"Block Real Estate Services, LLC",6a1de04d1a79de573299271b,6a1ddffd98a3fac93a1cc908,"DPTRE, LLC (fka Fleming Advisors, LLC)",6a1ddfb923b401dcff7b5911,"3rd307 - Parkway 134, LLC",evidenceOfInsurance,Evidence of Insurance,commercialGeneralLiability,Commercial General Liability,evidenceOfInsuranceCommercialGeneralLiabilityWaiverOfSubrogationEndorsement,Waiver of Subrogation,"---prompt---
Determine if the insurer has waived their right of subrogation in favor of the certificate holder under the Commercial General Liability policy. Evidence may include: a checked ""Waiver of Subrogation"" box on the certificate, mention in the Description of Operations section stating ""waiver of subrogation applies"", or reference to form CG 24 04. Look for language like ""subrogation is waived"" or ""per written contract"".",matchOnce,must be present,,,non_compliant,Block Requirements,,,false,0,,2026-08-16
"Block Real Estate Services, LLC",6a1de04d1a79de573299271b,6a1ddffd98a3fac93a1cc908,"DPTRE, LLC (fka Fleming Advisors, LLC)",6a1ddfb923b401dcff7b5911,"3rd307 - Parkway 134, LLC",evidenceOfInsurance,Evidence of Insurance,excessOrUmbrellaLiability,Umbrella/Excess Liability,evidenceOfInsuranceExcessOrUmbrellaLiabilityOccurence,Coverage Trigger: Occurrence,,matchOnce,must be present,,,waived,Block Requirements,,,false,0,,2026-08-16
"Block Real Estate Services, LLC",6a1de04d1a79de573299271b,6a1ddffd98a3fac93a1cc908,"DPTRE, LLC (fka Fleming Advisors, LLC)",6a1ddfb923b401dcff7b5911,"3rd307 - Parkway 134, LLC",evidenceOfInsurance,Evidence of Insurance,excessOrUmbrellaLiability,Umbrella/Excess Liability,evidenceOfInsuranceExcessOrUmbrellaLiabilityEachOccurrence,Each Occurrence,,matchOnce,must be greater or equal to,1000000,,waived,Block Requirements,,,false,0,,2026-08-16
"Block Real Estate Services, LLC",6a1de04d1a79de573299271b,6a1ddffd98a3fac93a1cc908,"DPTRE, LLC (fka Fleming Advisors, LLC)",6a1ddfb923b401dcff7b5911,"3rd307 - Parkway 134, LLC",evidenceOfInsurance,Evidence of Insurance,excessOrUmbrellaLiability,Umbrella/Excess Liability,evidenceOfInsuranceExcessOrUmbrellaLiabilityAggregate,Aggregate,,matchOnce,must be greater or equal to,1000000,,waived,Block Requirements,,,false,0,,2026-08-16
"Block Real Estate Services, LLC",6a1de04d1a79de573299271b,6a1ddffd98a3fac93a1cc908,"DPTRE, LLC (fka Fleming Advisors, LLC)",6a1ddfb923b401dcff7b5911,"3rd307 - Parkway 134, LLC",evidenceOfInsurance,Evidence of Insurance,workersCompensation,Workers' Compensation and Employer's Liability,evidenceOfInsuranceWorkersCompensationStatutoryLimits,Statutory Limits,,matchOnce,must be present,,,waived,Block Requirements,,,false,0,,2026-08-16
"Block Real Estate Services, LLC",6a1de04d1a79de573299271b,6a1ddffd98a3fac93a1cc908,"DPTRE, LLC (fka Fleming Advisors, LLC)",6a1ddfb923b401dcff7b5911,"3rd307 - Parkway 134, LLC",evidenceOfInsurance,Evidence of Insurance,workersCompensation,Workers' Compensation and Employer's Liability,evidenceOfInsuranceWorkersCompensationEmployersLiabilityEachAccident,Employer's Liability Each Accident,,matchOnce,must be greater or equal to,500000,,waived,Block Requirements,,,false,0,,2026-08-16
"Block Real Estate Services, LLC",6a1de04d1a79de573299271b,6a1ddffd98a3fac93a1cc908,"DPTRE, LLC (fka Fleming Advisors, LLC)",6a1ddfb923b401dcff7b5911,"3rd307 - Parkway 134, LLC",evidenceOfInsurance,Evidence of Insurance,workersCompensation,Workers' Compensation and Employer's Liability,evidenceOfInsuranceWorkersCompensationEmployersLiabilityDiseaseEachEmployee,Employer's Liability Disease - each employee,,matchOnce,must be greater or equal to,500000,,waived,Block Requirements,,,false,0,,2026-08-16
"Block Real Estate Services, LLC",6a1de04d1a79de573299271b,6a1ddffd98a3fac93a1cc908,"DPTRE, LLC (fka Fleming Advisors, LLC)",6a1ddfb923b401dcff7b5911,"3rd307 - Parkway 134, LLC",evidenceOfInsurance,Evidence of Insurance,workersCompensation,Workers' Compensation and Employer's Liability,evidenceOfInsuranceWorkersCompensationEmployersLiabilityDiseasePolicyLimit,Employer's Liability Disease - policy limit,,matchOnce,must be greater or equal to,500000,,waived,Block Requirements,,,false,0,,2026-08-16
"Block Real Estate Services, LLC",6a1de04d1a79de573299271b,6a1ddffd98a3fac93a1cc908,"DPTRE, LLC (fka Fleming Advisors, LLC)",6a1ddfb923b401dcff7b5911,"3rd307 - Parkway 134, LLC",evidenceOfInsurance,Evidence of Insurance,workersCompensation,Workers' Compensation and Employer's Liability,evidenceOfInsuranceWorkersCompensationWaiverOfSubrogationEndorsement,Waiver of Subrogation,"---prompt---
Determine if the insurer has waived their right of subrogation in favor of the certificate holder under the Workers' Compensation policy. Evidence may include: a checked ""Waiver of Subrogation"" box on the certificate, mention in the Description of Operations section stating ""waiver of subrogation applies"", or reference to form WC 00 03 13. Look for language like ""subrogation is waived"" or ""per written contract"".",matchOnce,must be present,,,waived,Block Requirements,,,false,0,,2026-08-16
"Block Real Estate Services, LLC",6a1de04d1a79de573299271b,6a1ddffd98a3fac93a1cc908,"DPTRE, LLC (fka Fleming Advisors, LLC)",6a1ddfb923b401dcff7b5911,"3rd307 - Parkway 134, LLC",evidenceOfInsurance,Evidence of Insurance,6ac20aae-5728-5d57-b364-aeba38527dba,Additional Requirements,4da5b0f1-4c9d-5885-8cf8-5d3cccaed3e0,"Block Real Estate Services, LLC and all others required by contract are named as Additional Insureds","---prompt---
Determine if the Description of Operations or the Additional Remarks Schedule section states the ""Additional Insured as Construction Management, Inc. and all others required by contract"" or reference to blanket additional insured coverage. Look for language like ""certificate holder is additional insured"" or ""per written contract"".",matchOnce,must be present,,,non_compliant,Block Requirements,,,true,0,,2026-08-16
"Block Real Estate Services, LLC",6a1de04d1a79de573299271b,6a1ddffd98a3fac93a1cc908,"DPTRE, LLC (fka Fleming Advisors, LLC)",6a1ddfb923b401dcff7b5911,"3rd307 - Parkway 134, LLC",evidenceOfInsurance,Evidence of Insurance,6ac20aae-5728-5d57-b364-aeba38527dba,Additional Requirements,e1017741-e47e-5f58-97b8-fbc3043e919f,Umbrella follows form over General Liability,"---prompt---
Determine if the Umbrella/Excess Liability policy follows form to the underlying policies. Evidence may include: language in the Description of Operations section stating the umbrella follows form to underlying coverages or an additional page endorsement stating that it follows form. Follow form means the umbrella policy adopts the same terms, conditions, and exclusions as the underlying policies.",matchOnce,must be present,,,waived,Block Requirements,Umbrella Liability not a requirement in the lease,,true,0,,2026-08-16
"Block Real Estate Services, LLC",6a1de04d1a79de573299271b,6a1ddffd98a3fac93a1cc908,"DPTRE, LLC (fka Fleming Advisors, LLC)",6a1ddfb923b401dcff7b5911,"3rd307 - Parkway 134, LLC",evidenceOfInsurance,Evidence of Insurance,6ac20aae-5728-5d57-b364-aeba38527dba,Additional Requirements,2cdd866f-c9a4-576a-afd8-1d045762790c,The location must be listed as: 4851 W 134th Street Suite C Leawood KS 66209,"---prompt---
Determine if the Description of Operations or the Additional Remarks Schedule section states the location indicated in value field",matchOnce,must be present,,,non_compliant,Block Requirements,,,true,0,,2026-08-16
"Block Real Estate Services, LLC",6a1de04d1a79de573299271b,6a1ddffd98a3fac93a1cc908,"DPTRE, LLC (fka Fleming Advisors, LLC)",6a1ddfb923b401dcff7b5911,"3rd307 - Parkway 134, LLC",evidenceOfInsurance,Evidence of Insurance,6ac20aae-5728-5d57-b364-aeba38527dba,Additional Requirements,3649e9d1-4e09-59bf-8f30-cb33c40cf117,"Certificate Holder must read: c/o Block Real Estate Services, LLC, 4622 Pennsylvania St., Suite 700, Kansas City, MO, 64112",,matchOnce,must be present,,,non_compliant,Block Requirements,,,true,0,,2026-08-16
"Block Real Estate Services, LLC",6a1de04d1a79de573299271e,6a1de01f98a3fac93a1cd31d,Leawood Cosmetic and Family Dentistry,6a1ddfb923b401dcff7b5911,"3rd307 - Parkway 134, LLC",evidenceOfInsurance,Evidence of Insurance,commercialGeneralLiability,Commercial General Liability,evidenceOfInsuranceCommercialGeneralLiabilityCoverageTriggerOccurrence,Coverage Trigger: Occurrence,,matchOnce,must be present,,Present,compliant,Block Requirements,,,false,2,,2026-08-16
"Block Real Estate Services, LLC",6a1de04d1a79de573299271e,6a1de01f98a3fac93a1cd31d,Leawood Cosmetic and Family Dentistry,6a1ddfb923b401dcff7b5911,"3rd307 - Parkway 134, LLC",evidenceOfInsurance,Evidence of Insurance,commercialGeneralLiability,Commercial General Liability,evidenceOfInsuranceCommercialGeneralLiabilityGeneralAggregateLimitAppliesPerLocation,General Aggregate Limit Applies per: Location,,matchOnce,must be present,,Present,waived,Block Requirements,Per location not a requirement in the lease,,false,2,,2026-08-16
"Block Real Estate Services, LLC",6a1de04d1a79de573299271e,6a1de01f98a3fac93a1cd31d,Leawood Cosmetic and Family Dentistry,6a1ddfb923b401dcff7b5911,"3rd307 - Parkway 134, LLC",evidenceOfInsurance,Evidence of Insurance,commercialGeneralLiability,Commercial General Liability,evidenceOfInsuranceCommercialGeneralLiabilityEachOccurrence,Each Occurrence,,matchOnce,must be greater or equal to,1000000,1000000,compliant,Block Requirements,,,false,2,,2026-08-16
"Block Real Estate Services, LLC",6a1de04d1a79de573299271e,6a1de01f98a3fac93a1cd31d,Leawood Cosmetic and Family Dentistry,6a1ddfb923b401dcff7b5911,"3rd307 - Parkway 134, LLC",evidenceOfInsurance,Evidence of Insurance,commercialGeneralLiability,Commercial General Liability,evidenceOfInsuranceCommercialGeneralLiabilityGeneralAggregate,General Aggregate,,matchOnce,must be greater or equal to,2000000,2000000,compliant,Block Requirements,,,false,2,,2026-08-16
"Block Real Estate Services, LLC",6a1de04d1a79de573299271e,6a1de01f98a3fac93a1cd31d,Leawood Cosmetic and Family Dentistry,6a1ddfb923b401dcff7b5911,"3rd307 - Parkway 134, LLC",evidenceOfInsurance,Evidence of Insurance,commercialGeneralLiability,Commercial General Liability,evidenceOfInsuranceCommercialGeneralLiabilityWaiverOfSubrogationEndorsement,Waiver of Subrogation,"---prompt---
Determine if the insurer has waived their right of subrogation in favor of the certificate holder under the Commercial General Liability policy. Evidence may include: a checked ""Waiver of Subrogation"" box on the certificate, mention in the Description of Operations section stating ""waiver of subrogation applies"", or reference to form CG 24 04. Look for language like ""subrogation is waived"" or ""per written contract"".",matchOnce,must be present,,Present,compliant,Block Requirements,,,false,2,,2026-08-16
"Block Real Estate Services, LLC",6a1de04d1a79de573299271e,6a1de01f98a3fac93a1cd31d,Leawood Cosmetic and Family Dentistry,6a1ddfb923b401dcff7b5911,"3rd307 - Parkway 134, LLC",evidenceOfInsurance,Evidence of Insurance,excessOrUmbrellaLiability,Umbrella/Excess Liability,evidenceOfInsuranceExcessOrUmbrellaLiabilityOccurence,Coverage Trigger: Occurrence,,matchOnce,must be present,,Present,waived,Block Requirements,,,false,2,,2026-08-16
"Block Real Estate Services, LLC",6a1de04d1a79de573299271e,6a1de01f98a3fac93a1cd31d,Leawood Cosmetic and Family Dentistry,6a1ddfb923b401dcff7b5911,"3rd307 - Parkway 134, LLC",evidenceOfInsurance,Evidence of Insurance,excessOrUmbrellaLiability,Umbrella/Excess Liability,evidenceOfInsuranceExcessOrUmbrellaLiabilityEachOccurrence,Each Occurrence,,matchOnce,must be greater or equal to,1000000,2000000,waived,Block Requirements,,,false,2,,2026-08-16
"Block Real Estate Services, LLC",6a1de04d1a79de573299271e,6a1de01f98a3fac93a1cd31d,Leawood Cosmetic and Family Dentistry,6a1ddfb923b401dcff7b5911,"3rd307 - Parkway 134, LLC",evidenceOfInsurance,Evidence of Insurance,excessOrUmbrellaLiability,Umbrella/Excess Liability,evidenceOfInsuranceExcessOrUmbrellaLiabilityAggregate,Aggregate,,matchOnce,must be greater or equal to,1000000,2000000,waived,Block Requirements,,,false,2,,2026-08-16
"Block Real Estate Services, LLC",6a1de04d1a79de573299271e,6a1de01f98a3fac93a1cd31d,Leawood Cosmetic and Family Dentistry,6a1ddfb923b401dcff7b5911,"3rd307 - Parkway 134, LLC",evidenceOfInsurance,Evidence of Insurance,workersCompensation,Workers' Compensation and Employer's Liability,evidenceOfInsuranceWorkersCompensationStatutoryLimits,Statutory Limits,,matchOnce,must be present,,Present,waived,Block Requirements,,,false,2,,2026-08-16
"Block Real Estate Services, LLC",6a1de04d1a79de573299271e,6a1de01f98a3fac93a1cd31d,Leawood Cosmetic and Family Dentistry,6a1ddfb923b401dcff7b5911,"3rd307 - Parkway 134, LLC",evidenceOfInsurance,Evidence of Insurance,workersCompensation,Workers' Compensation and Employer's Liability,evidenceOfInsuranceWorkersCompensationEmployersLiabilityEachAccident,Employer's Liability Each Accident,,matchOnce,must be greater or equal to,500000,1000000,waived,Block Requirements,,,false,2,,2026-08-16
"Block Real Estate Services, LLC",6a1de04d1a79de573299271e,6a1de01f98a3fac93a1cd31d,Leawood Cosmetic and Family Dentistry,6a1ddfb923b401dcff7b5911,"3rd307 - Parkway 134, LLC",evidenceOfInsurance,Evidence of Insurance,workersCompensation,Workers' Compensation and Employer's Liability,evidenceOfInsuranceWorkersCompensationEmployersLiabilityDiseaseEachEmployee,Employer's Liability Disease - each employee,,matchOnce,must be greater or equal to,500000,1000000,waived,Block Requirements,,,false,2,,2026-08-16
"Block Real Estate Services, LLC",6a1de04d1a79de573299271e,6a1de01f98a3fac93a1cd31d,Leawood Cosmetic and Family Dentistry,6a1ddfb923b401dcff7b5911,"3rd307 - Parkway 134, LLC",evidenceOfInsurance,Evidence of Insurance,workersCompensation,Workers' Compensation and Employer's Liability,evidenceOfInsuranceWorkersCompensationEmployersLiabilityDiseasePolicyLimit,Employer's Liability Disease - policy limit,,matchOnce,must be greater or equal to,500000,1000000,waived,Block Requirements,,,false,2,,2026-08-16
"Block Real Estate Services, LLC",6a1de04d1a79de573299271e,6a1de01f98a3fac93a1cd31d,Leawood Cosmetic and Family Dentistry,6a1ddfb923b401dcff7b5911,"3rd307 - Parkway 134, LLC",evidenceOfInsurance,Evidence of Insurance,workersCompensation,Workers' Compensation and Employer's Liability,evidenceOfInsuranceWorkersCompensationWaiverOfSubrogationEndorsement,Waiver of Subrogation,"---prompt---
Determine if the insurer has waived their right of subrogation in favor of the certificate holder under the Workers' Compensation policy. Evidence may include: a checked ""Waiver of Subrogation"" box on the certificate, mention in the Description of Operations section stating ""waiver of subrogation applies"", or reference to form WC 00 03 13. Look for language like ""subrogation is waived"" or ""per written contract"".",matchOnce,must be present,,Present,waived,Block Requirements,,,false,1,,2026-08-16
"Block Real Estate Services, LLC",6a1de04d1a79de573299271e,6a1de01f98a3fac93a1cd31d,Leawood Cosmetic and Family Dentistry,6a1ddfb923b401dcff7b5911,"3rd307 - Parkway 134, LLC",evidenceOfInsurance,Evidence of Insurance,6ac20aae-5728-5d57-b364-aeba38527dba,Additional Requirements,4da5b0f1-4c9d-5885-8cf8-5d3cccaed3e0,"Block Real Estate Services, LLC and all others required by contract are named as Additional Insureds","---prompt---
Determine if the Description of Operations or the Additional Remarks Schedule section states the ""Additional Insured as Construction Management, Inc. and all others required by contract"" or reference to blanket additional insured coverage. Look for language like ""certificate holder is additional insured"" or ""per written contract"".",matchOnce,must be present,,Present,compliant,Block Requirements,,,true,1,,2026-08-16
"Block Real Estate Services, LLC",6a1de04d1a79de573299271e,6a1de01f98a3fac93a1cd31d,Leawood Cosmetic and Family Dentistry,6a1ddfb923b401dcff7b5911,"3rd307 - Parkway 134, LLC",evidenceOfInsurance,Evidence of Insurance,6ac20aae-5728-5d57-b364-aeba38527dba,Additional Requirements,e1017741-e47e-5f58-97b8-fbc3043e919f,Umbrella follows form over General Liability,"---prompt---
Determine if the Umbrella/Excess Liability policy follows form to the underlying policies. Evidence may include: language in the Description of Operations section stating the umbrella follows form to underlying coverages or an additional page endorsement stating that it follows form. Follow form means the umbrella policy adopts the same terms, conditions, and exclusions as the underlying policies.",matchOnce,must be present,,Present,waived,Block Requirements,Umbrella Liability not a requirement in the lease,,true,1,,2026-08-16
"Block Real Estate Services, LLC",6a1de04d1a79de573299271e,6a1de01f98a3fac93a1cd31d,Leawood Cosmetic and Family Dentistry,6a1ddfb923b401dcff7b5911,"3rd307 - Parkway 134, LLC",evidenceOfInsurance,Evidence of Insurance,6ac20aae-5728-5d57-b364-aeba38527dba,Additional Requirements,2cdd866f-c9a4-576a-afd8-1d045762790c,The location must be listed as: 4861 W 134th Street Suite C Leawood KS 66209,"---prompt---
Determine if the Description of Operations or the Additional Remarks Schedule section states the location indicated in value field",matchOnce,must be present,,Present,compliant,Block Requirements,,,true,1,,2026-08-16
"Block Real Estate Services, LLC",6a1de04d1a79de573299271e,6a1de01f98a3fac93a1cd31d,Leawood Cosmetic and Family Dentistry,6a1ddfb923b401dcff7b5911,"3rd307 - Parkway 134, LLC",evidenceOfInsurance,Evidence of Insurance,6ac20aae-5728-5d57-b364-aeba38527dba,Additional Requirements,3649e9d1-4e09-59bf-8f30-cb33c40cf117,"Certificate Holder must read: c/o Block Real Estate Services, LLC, 4622 Pennsylvania St., Suite 700, Kansas City, MO, 64112",,matchOnce,must be present,,Present,compliant,Block Requirements,,,true,1,,2026-08-16
"Block Real Estate Services, LLC",6a1de3b568f8b1cfc37b2dae,6a1de39a3dca02afc00b3666,St. Luke's Hospital,6a1de36e23b401dcff7c77d4,3rd323 - Rule Realty Corporation - 3323 Roanoake Road,evidenceOfInsurance,Evidence of Insurance,commercialGeneralLiability,Commercial General Liability,evidenceOfInsuranceCommercialGeneralLiabilityCoverageTriggerOccurrence,Coverage Trigger: Occurrence,,matchOnce,must be present,,,non_compliant,Block Requirements,,,false,0,,2026-08-16
"Block Real Estate Services, LLC",6a1de3b568f8b1cfc37b2dae,6a1de39a3dca02afc00b3666,St. Luke's Hospital,6a1de36e23b401dcff7c77d4,3rd323 - Rule Realty Corporation - 3323 Roanoake Road,evidenceOfInsurance,Evidence of Insurance,commercialGeneralLiability,Commercial General Liability,evidenceOfInsuranceCommercialGeneralLiabilityGeneralAggregateLimitAppliesPerLocation,General Aggregate Limit Applies per: Location,,matchOnce,must be present,,,non_compliant,Block Requirements,,,false,0,,2026-08-16
"Block Real Estate Services, LLC",6a1de3b568f8b1cfc37b2dae,6a1de39a3dca02afc00b3666,St. Luke's Hospital,6a1de36e23b401dcff7c77d4,3rd323 - Rule Realty Corporation - 3323 Roanoake Road,evidenceOfInsurance,Evidence of Insurance,commercialGeneralLiability,Commercial General Liability,evidenceOfInsuranceCommercialGeneralLiabilityEachOccurrence,Each Occurrence,,matchOnce,must be greater or equal to,1000000,,non_compliant,Block Requirements,,,false,0,,2026-08-16
"Block Real Estate Services, LLC",6a1de3b568f8b1cfc37b2dae,6a1de39a3dca02afc00b3666,St. Luke's Hospital,6a1de36e23b401dcff7c77d4,3rd323 - Rule Realty Corporation - 3323 Roanoake Road,evidenceOfInsurance,Evidence of Insurance,commercialGeneralLiability,Commercial General Liability,evidenceOfInsuranceCommercialGeneralLiabilityGeneralAggregate,General Aggregate,,matchOnce,must be greater or equal to,2000000,,non_compliant,Block Requirements,,,false,0,,2026-08-16
"Block Real Estate Services, LLC",6a1de3b568f8b1cfc37b2dae,6a1de39a3dca02afc00b3666,St. Luke's Hospital,6a1de36e23b401dcff7c77d4,3rd323 - Rule Realty Corporation - 3323 Roanoake Road,evidenceOfInsurance,Evidence of Insurance,commercialGeneralLiability,Commercial General Liability,evidenceOfInsuranceCommercialGeneralLiabilityWaiverOfSubrogationEndorsement,Waiver of Subrogation,"---prompt---
Determine if the insurer has waived their right of subrogation in favor of the certificate holder under the Commercial General Liability policy. Evidence may include: a checked ""Waiver of Subrogation"" box on the certificate, mention in the Description of Operations section stating ""waiver of subrogation applies"", or reference to form CG 24 04. Look for language like ""subrogation is waived"" or ""per written contract"".",matchOnce,must be present,,,non_compliant,Block Requirements,,,false,0,,2026-08-16
"Block Real Estate Services, LLC",6a1de3b568f8b1cfc37b2dae,6a1de39a3dca02afc00b3666,St. Luke's Hospital,6a1de36e23b401dcff7c77d4,3rd323 - Rule Realty Corporation - 3323 Roanoake Road,evidenceOfInsurance,Evidence of Insurance,excessOrUmbrellaLiability,Umbrella/Excess Liability,evidenceOfInsuranceExcessOrUmbrellaLiabilityOccurence,Coverage Trigger: Occurrence,,matchOnce,must be present,,,non_compliant,Block Requirements,,,false,0,,2026-08-16
"Block Real Estate Services, LLC",6a1de3b568f8b1cfc37b2dae,6a1de39a3dca02afc00b3666,St. Luke's Hospital,6a1de36e23b401dcff7c77d4,3rd323 - Rule Realty Corporation - 3323 Roanoake Road,evidenceOfInsurance,Evidence of Insurance,excessOrUmbrellaLiability,Umbrella/Excess Liability,evidenceOfInsuranceExcessOrUmbrellaLiabilityEachOccurrence,Each Occurrence,,matchOnce,must be greater or equal to,1000000,,non_compliant,Block Requirements,,,false,0,,2026-08-16
"Block Real Estate Services, LLC",6a1de3b568f8b1cfc37b2dae,6a1de39a3dca02afc00b3666,St. Luke's Hospital,6a1de36e23b401dcff7c77d4,3rd323 - Rule Realty Corporation - 3323 Roanoake Road,evidenceOfInsurance,Evidence of Insurance,excessOrUmbrellaLiability,Umbrella/Excess Liability,evidenceOfInsuranceExcessOrUmbrellaLiabilityAggregate,Aggregate,,matchOnce,must be greater or equal to,1000000,,non_compliant,Block Requirements,,,false,0,,2026-08-16
"Block Real Estate Services, LLC",6a1de3b568f8b1cfc37b2dae,6a1de39a3dca02afc00b3666,St. Luke's Hospital,6a1de36e23b401dcff7c77d4,3rd323 - Rule Realty Corporation - 3323 Roanoake Road,evidenceOfInsurance,Evidence of Insurance,workersCompensation,Workers' Compensation and Employer's Liability,evidenceOfInsuranceWorkersCompensationStatutoryLimits,Statutory Limits,,matchOnce,must be present,,,non_compliant,Block Requirements,,,false,0,,2026-08-16
"Block Real Estate Services, LLC",6a1de3b568f8b1cfc37b2dae,6a1de39a3dca02afc00b3666,St. Luke's Hospital,6a1de36e23b401dcff7c77d4,3rd323 - Rule Realty Corporation - 3323 Roanoake Road,evidenceOfInsurance,Evidence of Insurance,workersCompensation,Workers' Compensation and Employer's Liability,evidenceOfInsuranceWorkersCompensationEmployersLiabilityEachAccident,Employer's Liability Each Accident,,matchOnce,must be greater or equal to,500000,,non_compliant,Block Requirements,,,false,0,,2026-08-16
"Block Real Estate Services, LLC",6a1de3b568f8b1cfc37b2dae,6a1de39a3dca02afc00b3666,St. Luke's Hospital,6a1de36e23b401dcff7c77d4,3rd323 - Rule Realty Corporation - 3323 Roanoake Road,evidenceOfInsurance,Evidence of Insurance,workersCompensation,Workers' Compensation and Employer's Liability,evidenceOfInsuranceWorkersCompensationEmployersLiabilityDiseaseEachEmployee,Employer's Liability Disease - each employee,,matchOnce,must be greater or equal to,500000,,non_compliant,Block Requirements,,,false,0,,2026-08-16
"Block Real Estate Services, LLC",6a1de3b568f8b1cfc37b2dae,6a1de39a3dca02afc00b3666,St. Luke's Hospital,6a1de36e23b401dcff7c77d4,3rd323 - Rule Realty Corporation - 3323 Roanoake Road,evidenceOfInsurance,Evidence of Insurance,workersCompensation,Workers' Compensation and Employer's Liability,evidenceOfInsuranceWorkersCompensationEmployersLiabilityDiseasePolicyLimit,Employer's Liability Disease - policy limit,,matchOnce,must be greater or equal to,500000,,non_compliant,Block Requirements,,,false,0,,2026-08-16
"Block Real Estate Services, LLC",6a1de3b568f8b1cfc37b2dae,6a1de39a3dca02afc00b3666,St. Luke's Hospital,6a1de36e23b401dcff7c77d4,3rd323 - Rule Realty Corporation - 3323 Roanoake Road,evidenceOfInsurance,Evidence of Insurance,workersCompensation,Workers' Compensation and Employer's Liability,evidenceOfInsuranceWorkersCompensationWaiverOfSubrogationEndorsement,Waiver of Subrogation,"---prompt---
Determine if the insurer has waived their right of subrogation in favor of the certificate holder under the Workers' Compensation policy. Evidence may include: a checked ""Waiver of Subrogation"" box on the certificate, mention in the Description of Operations section stating ""waiver of subrogation applies"", or reference to form WC 00 03 13. Look for language like ""subrogation is waived"" or ""per written contract"".",matchOnce,must be present,,,non_compliant,Block Requirements,,,false,0,,2026-08-16
"Block Real Estate Services, LLC",6a1de3b568f8b1cfc37b2dae,6a1de39a3dca02afc00b3666,St. Luke's Hospital,6a1de36e23b401dcff7c77d4,3rd323 - Rule Realty Corporation - 3323 Roanoake Road,evidenceOfInsurance,Evidence of Insurance,6ac20aae-5728-5d57-b364-aeba38527dba,Additional Requirements,4da5b0f1-4c9d-5885-8cf8-5d3cccaed3e0,"Block Real Estate Services, LLC and all others required by contract are named as Additional Insureds","---prompt---
Determine if the Description of Operations or the Additional Remarks Schedule section states the ""Additional Insured as Construction Management, Inc. and all others required by contract"" or reference to blanket additional insured coverage. Look for language like ""certificate holder is additional insured"" or ""per written contract"".",matchOnce,must be present,,,non_compliant,Block Requirements,,,true,0,,2026-08-16
"Block Real Estate Services, LLC",6a1de3b568f8b1cfc37b2dae,6a1de39a3dca02afc00b3666,St. Luke's Hospital,6a1de36e23b401dcff7c77d4,3rd323 - Rule Realty Corporation - 3323 Roanoake Road,evidenceOfInsurance,Evidence of Insurance,6ac20aae-5728-5d57-b364-aeba38527dba,Additional Requirements,e1017741-e47e-5f58-97b8-fbc3043e919f,Umbrella follows form over General Liability,"---prompt---
Determine if the Umbrella/Excess Liability policy follows form to the underlying policies. Evidence may include: language in the Description of Operations section stating the umbrella follows form to underlying coverages or an additional page endorsement stating that it follows form. Follow form means the umbrella policy adopts the same terms, conditions, and exclusions as the underlying policies.",matchOnce,must be present,,,non_compliant,Block Requirements,,,true,0,,2026-08-16
"Block Real Estate Services, LLC",6a1de3b568f8b1cfc37b2dae,6a1de39a3dca02afc00b3666,St. Luke's Hospital,6a1de36e23b401dcff7c77d4,3rd323 - Rule Realty Corporation - 3323 Roanoake Road,evidenceOfInsurance,Evidence of Insurance,6ac20aae-5728-5d57-b364-aeba38527dba,Additional Requirements,2cdd866f-c9a4-576a-afd8-1d045762790c,The location must be listed as: 3323 Roanoke Road Kansas City MO 64111,"---prompt---
Determine if the Description of Operations or the Additional Remarks Schedule section states the location indicated in value field",matchOnce,must be present,,,non_compliant,Block Requirements,,,true,0,,2026-08-16
"Block Real Estate Services, LLC",6a1de3b568f8b1cfc37b2dae,6a1de39a3dca02afc00b3666,St. Luke's Hospital,6a1de36e23b401dcff7c77d4,3rd323 - Rule Realty Corporation - 3323 Roanoake Road,evidenceOfInsurance,Evidence of Insurance,6ac20aae-5728-5d57-b364-aeba38527dba,Additional Requirements,3649e9d1-4e09-59bf-8f30-cb33c40cf117,"Certificate Holder must read: c/o Block Real Estate Services, LLC, 4622 Pennsylvania St., Suite 700, Kansas City, MO, 64112",,matchOnce,must be present,,,non_compliant,Block Requirements,,,true,0,,2026-08-16
"Block Real Estate Services, LLC",6a1dec41ea09be982360230a,69fded2462446148bd8492ac,WellSky Corporation,6a1dec04a0ed8c51ab231482,"tic261 - CityPlace Corporate Centre IV {Cityplace Corporate Centre IV Investors, LLC}",evidenceOfInsurance,Evidence of Insurance,commercialGeneralLiability,Commercial General Liability,evidenceOfInsuranceCommercialGeneralLiabilityCoverageTriggerOccurrence,Coverage Trigger: Occurrence,,matchOnce,must be present,,,non_compliant,Block Requirements,,,false,0,,2026-08-16
"Block Real Estate Services, LLC",6a1dec41ea09be982360230a,69fded2462446148bd8492ac,WellSky Corporation,6a1dec04a0ed8c51ab231482,"tic261 - CityPlace Corporate Centre IV {Cityplace Corporate Centre IV Investors, LLC}",evidenceOfInsurance,Evidence of Insurance,commercialGeneralLiability,Commercial General Liability,evidenceOfInsuranceCommercialGeneralLiabilityGeneralAggregateLimitAppliesPerLocation,General Aggregate Limit Applies per: Location,,matchOnce,must be present,,,non_compliant,Block Requirements,,,false,0,,2026-08-16
"Block Real Estate Services, LLC",6a1dec41ea09be982360230a,69fded2462446148bd8492ac,WellSky Corporation,6a1dec04a0ed8c51ab231482,"tic261 - CityPlace Corporate Centre IV {Cityplace Corporate Centre IV Investors, LLC}",evidenceOfInsurance,Evidence of Insurance,commercialGeneralLiability,Commercial General Liability,evidenceOfInsuranceCommercialGeneralLiabilityEachOccurrence,Each Occurrence,,matchOnce,must be greater or equal to,1000000,,non_compliant,Block Requirements,,,false,0,,2026-08-16
"Block Real Estate Services, LLC",6a1dec41ea09be982360230a,69fded2462446148bd8492ac,WellSky Corporation,6a1dec04a0ed8c51ab231482,"tic261 - CityPlace Corporate Centre IV {Cityplace Corporate Centre IV Investors, LLC}",evidenceOfInsurance,Evidence of Insurance,commercialGeneralLiability,Commercial General Liability,evidenceOfInsuranceCommercialGeneralLiabilityGeneralAggregate,General Aggregate,,matchOnce,must be greater or equal to,2000000,,non_compliant,Block Requirements,,,false,0,,2026-08-16
"Block Real Estate Services, LLC",6a1dec41ea09be982360230a,69fded2462446148bd8492ac,WellSky Corporation,6a1dec04a0ed8c51ab231482,"tic261 - CityPlace Corporate Centre IV {Cityplace Corporate Centre IV Investors, LLC}",evidenceOfInsurance,Evidence of Insurance,commercialGeneralLiability,Commercial General Liability,evidenceOfInsuranceCommercialGeneralLiabilityWaiverOfSubrogationEndorsement,Waiver of Subrogation,"---prompt---
Determine if the insurer has waived their right of subrogation in favor of the certificate holder under the Commercial General Liability policy. Evidence may include: a checked ""Waiver of Subrogation"" box on the certificate, mention in the Description of Operations section stating ""waiver of subrogation applies"", or reference to form CG 24 04. Look for language like ""subrogation is waived"" or ""per written contract"".",matchOnce,must be present,,,non_compliant,Block Requirements,,,false,0,,2026-08-16
"Block Real Estate Services, LLC",6a1dec41ea09be982360230a,69fded2462446148bd8492ac,WellSky Corporation,6a1dec04a0ed8c51ab231482,"tic261 - CityPlace Corporate Centre IV {Cityplace Corporate Centre IV Investors, LLC}",evidenceOfInsurance,Evidence of Insurance,excessOrUmbrellaLiability,Umbrella/Excess Liability,evidenceOfInsuranceExcessOrUmbrellaLiabilityOccurence,Coverage Trigger: Occurrence,,matchOnce,must be present,,,non_compliant,Block Requirements,,,false,0,,2026-08-16
"Block Real Estate Services, LLC",6a1dec41ea09be982360230a,69fded2462446148bd8492ac,WellSky Corporation,6a1dec04a0ed8c51ab231482,"tic261 - CityPlace Corporate Centre IV {Cityplace Corporate Centre IV Investors, LLC}",evidenceOfInsurance,Evidence of Insurance,excessOrUmbrellaLiability,Umbrella/Excess Liability,evidenceOfInsuranceExcessOrUmbrellaLiabilityEachOccurrence,Each Occurrence,,matchOnce,must be greater or equal to,1000000,,non_compliant,Block Requirements,,,false,0,,2026-08-16
"Block Real Estate Services, LLC",6a1dec41ea09be982360230a,69fded2462446148bd8492ac,WellSky Corporation,6a1dec04a0ed8c51ab231482,"tic261 - CityPlace Corporate Centre IV {Cityplace Corporate Centre IV Investors, LLC}",evidenceOfInsurance,Evidence of Insurance,excessOrUmbrellaLiability,Umbrella/Excess Liability,evidenceOfInsuranceExcessOrUmbrellaLiabilityAggregate,Aggregate,,matchOnce,must be greater or equal to,1000000,,non_compliant,Block Requirements,,,false,0,,2026-08-16
"Block Real Estate Services, LLC",6a1dec41ea09be982360230a,69fded2462446148bd8492ac,WellSky Corporation,6a1dec04a0ed8c51ab231482,"tic261 - CityPlace Corporate Centre IV {Cityplace Corporate Centre IV Investors, LLC}",evidenceOfInsurance,Evidence of Insurance,workersCompensation,Workers' Compensation and Employer's Liability,evidenceOfInsuranceWorkersCompensationStatutoryLimits,Statutory Limits,,matchOnce,must be present,,,non_compliant,Block Requirements,,,false,0,,2026-08-16
"Block Real Estate Services, LLC",6a1dec41ea09be982360230a,69fded2462446148bd8492ac,WellSky Corporation,6a1dec04a0ed8c51ab231482,"tic261 - CityPlace Corporate Centre IV {Cityplace Corporate Centre IV Investors, LLC}",evidenceOfInsurance,Evidence of Insurance,workersCompensation,Workers' Compensation and Employer's Liability,evidenceOfInsuranceWorkersCompensationEmployersLiabilityEachAccident,Employer's Liability Each Accident,,matchOnce,must be greater or equal to,500000,,non_compliant,Block Requirements,,,false,0,,2026-08-16
"Block Real Estate Services, LLC",6a1dec41ea09be982360230a,69fded2462446148bd8492ac,WellSky Corporation,6a1dec04a0ed8c51ab231482,"tic261 - CityPlace Corporate Centre IV {Cityplace Corporate Centre IV Investors, LLC}",evidenceOfInsurance,Evidence of Insurance,workersCompensation,Workers' Compensation and Employer's Liability,evidenceOfInsuranceWorkersCompensationEmployersLiabilityDiseaseEachEmployee,Employer's Liability Disease - each employee,,matchOnce,must be greater or equal to,500000,,non_compliant,Block Requirements,,,false,0,,2026-08-16
"Block Real Estate Services, LLC",6a1dec41ea09be982360230a,69fded2462446148bd8492ac,WellSky Corporation,6a1dec04a0ed8c51ab231482,"tic261 - CityPlace Corporate Centre IV {Cityplace Corporate Centre IV Investors, LLC}",evidenceOfInsurance,Evidence of Insurance,workersCompensation,Workers' Compensation and Employer's Liability,evidenceOfInsuranceWorkersCompensationEmployersLiabilityDiseasePolicyLimit,Employer's Liability Disease - policy limit,,matchOnce,must be greater or equal to,500000,,non_compliant,Block Requirements,,,false,0,,2026-08-16
"Block Real Estate Services, LLC",6a1dec41ea09be982360230a,69fded2462446148bd8492ac,WellSky Corporation,6a1dec04a0ed8c51ab231482,"tic261 - CityPlace Corporate Centre IV {Cityplace Corporate Centre IV Investors, LLC}",evidenceOfInsurance,Evidence of Insurance,workersCompensation,Workers' Compensation and Employer's Liability,evidenceOfInsuranceWorkersCompensationWaiverOfSubrogationEndorsement,Waiver of Subrogation,"---prompt---
Determine if the insurer has waived their right of subrogation in favor of the certificate holder under the Workers' Compensation policy. Evidence may include: a checked ""Waiver of Subrogation"" box on the certificate, mention in the Description of Operations section stating ""waiver of subrogation applies"", or reference to form WC 00 03 13. Look for language like ""subrogation is waived"" or ""per written contract"".",matchOnce,must be present,,,non_compliant,Block Requirements,,,false,0,,2026-08-16
"Block Real Estate Services, LLC",6a1dec41ea09be982360230a,69fded2462446148bd8492ac,WellSky Corporation,6a1dec04a0ed8c51ab231482,"tic261 - CityPlace Corporate Centre IV {Cityplace Corporate Centre IV Investors, LLC}",evidenceOfInsurance,Evidence of Insurance,6ac20aae-5728-5d57-b364-aeba38527dba,Additional Requirements,4da5b0f1-4c9d-5885-8cf8-5d3cccaed3e0,"Block Real Estate Services, LLC and all others required by contract are named as Additional Insureds","---prompt---
Determine if the Description of Operations or the Additional Remarks Schedule section states the ""Additional Insured as Construction Management, Inc. and all others required by contract"" or reference to blanket additional insured coverage. Look for language like ""certificate holder is additional insured"" or ""per written contract"".",matchOnce,must be present,,,non_compliant,Block Requirements,,,true,0,,2026-08-16
"Block Real Estate Services, LLC",6a1dec41ea09be982360230a,69fded2462446148bd8492ac,WellSky Corporation,6a1dec04a0ed8c51ab231482,"tic261 - CityPlace Corporate Centre IV {Cityplace Corporate Centre IV Investors, LLC}",evidenceOfInsurance,Evidence of Insurance,6ac20aae-5728-5d57-b364-aeba38527dba,Additional Requirements,e1017741-e47e-5f58-97b8-fbc3043e919f,Umbrella follows form over General Liability,"---prompt---
Determine if the Umbrella/Excess Liability policy follows form to the underlying policies. Evidence may include: language in the Description of Operations section stating the umbrella follows form to underlying coverages or an additional page endorsement stating that it follows form. Follow form means the umbrella policy adopts the same terms, conditions, and exclusions as the underlying policies.",matchOnce,must be present,,,non_compliant,Block Requirements,,,true,0,,2026-08-16
"Block Real Estate Services, LLC",6a1dec41ea09be982360230a,69fded2462446148bd8492ac,WellSky Corporation,6a1dec04a0ed8c51ab231482,"tic261 - CityPlace Corporate Centre IV {Cityplace Corporate Centre IV Investors, LLC}",evidenceOfInsurance,Evidence of Insurance,6ac20aae-5728-5d57-b364-aeba38527dba,Additional Requirements,2cdd866f-c9a4-576a-afd8-1d045762790c,"The location must be listed as: 11350 Switzer Road Suites 400, 500, 600 Overland Park KS 66210","---prompt---
Determine if the Description of Operations or the Additional Remarks Schedule section states the location indicated in value field",matchOnce,must be present,,,non_compliant,Block Requirements,,,true,0,,2026-08-16
"Block Real Estate Services, LLC",6a1dec41ea09be982360230a,69fded2462446148bd8492ac,WellSky Corporation,6a1dec04a0ed8c51ab231482,"tic261 - CityPlace Corporate Centre IV {Cityplace Corporate Centre IV Investors, LLC}",evidenceOfInsurance,Evidence of Insurance,6ac20aae-5728-5d57-b364-aeba38527dba,Additional Requirements,3649e9d1-4e09-59bf-8f30-cb33c40cf117,"Certificate Holder must read: c/o Block Real Estate Services, LLC, 4622 Pennsylvania St., Suite 700, Kansas City, MO, 64112",,matchOnce,must be present,,,non_compliant,Block Requirements,,,true,0,,2026-08-16
"Block Real Estate Services, LLC",6a1deca9ea09be9823602359,6a1dec8ab9a647219f2d816b,"The Andersons, Inc.",6a1dec04a0ed8c51ab231482,"tic261 - CityPlace Corporate Centre IV {Cityplace Corporate Centre IV Investors, LLC}",evidenceOfInsurance,Evidence of Insurance,commercialGeneralLiability,Commercial General Liability,evidenceOfInsuranceCommercialGeneralLiabilityCoverageTriggerOccurrence,Coverage Trigger: Occurrence,,matchOnce,must be present,,,non_compliant,Block Requirements,,,false,0,,2026-08-16
"Block Real Estate Services, LLC",6a1deca9ea09be9823602359,6a1dec8ab9a647219f2d816b,"The Andersons, Inc.",6a1dec04a0ed8c51ab231482,"tic261 - CityPlace Corporate Centre IV {Cityplace Corporate Centre IV Investors, LLC}",evidenceOfInsurance,Evidence of Insurance,commercialGeneralLiability,Commercial General Liability,evidenceOfInsuranceCommercialGeneralLiabilityGeneralAggregateLimitAppliesPerLocation,General Aggregate Limit Applies per: Location,,matchOnce,must be present,,,non_compliant,Block Requirements,,,false,0,,2026-08-16
"Block Real Estate Services, LLC",6a1deca9ea09be9823602359,6a1dec8ab9a647219f2d816b,"The Andersons, Inc.",6a1dec04a0ed8c51ab231482,"tic261 - CityPlace Corporate Centre IV {Cityplace Corporate Centre IV Investors, LLC}",evidenceOfInsurance,Evidence of Insurance,commercialGeneralLiability,Commercial General Liability,evidenceOfInsuranceCommercialGeneralLiabilityEachOccurrence,Each Occurrence,,matchOnce,must be greater or equal to,1000000,,non_compliant,Block Requirements,,,false,0,,2026-08-16
"Block Real Estate Services, LLC",6a1deca9ea09be9823602359,6a1dec8ab9a647219f2d816b,"The Andersons, Inc.",6a1dec04a0ed8c51ab231482,"tic261 - CityPlace Corporate Centre IV {Cityplace Corporate Centre IV Investors, LLC}",evidenceOfInsurance,Evidence of Insurance,commercialGeneralLiability,Commercial General Liability,evidenceOfInsuranceCommercialGeneralLiabilityGeneralAggregate,General Aggregate,,matchOnce,must be greater or equal to,2000000,,non_compliant,Block Requirements,,,false,0,,2026-08-16
"Block Real Estate Services, LLC",6a1deca9ea09be9823602359,6a1dec8ab9a647219f2d816b,"The Andersons, Inc.",6a1dec04a0ed8c51ab231482,"tic261 - CityPlace Corporate Centre IV {Cityplace Corporate Centre IV Investors, LLC}",evidenceOfInsurance,Evidence of Insurance,commercialGeneralLiability,Commercial General Liability,evidenceOfInsuranceCommercialGeneralLiabilityWaiverOfSubrogationEndorsement,Waiver of Subrogation,"---prompt---
Determine if the insurer has waived their right of subrogation in favor of the certificate holder under the Commercial General Liability policy. Evidence may include: a checked ""Waiver of Subrogation"" box on the certificate, mention in the Description of Operations section stating ""waiver of subrogation applies"", or reference to form CG 24 04. Look for language like ""subrogation is waived"" or ""per written contract"".",matchOnce,must be present,,,non_compliant,Block Requirements,,,false,0,,2026-08-16
"Block Real Estate Services, LLC",6a1deca9ea09be9823602359,6a1dec8ab9a647219f2d816b,"The Andersons, Inc.",6a1dec04a0ed8c51ab231482,"tic261 - CityPlace Corporate Centre IV {Cityplace Corporate Centre IV Investors, LLC}",evidenceOfInsurance,Evidence of Insurance,excessOrUmbrellaLiability,Umbrella/Excess Liability,evidenceOfInsuranceExcessOrUmbrellaLiabilityOccurence,Coverage Trigger: Occurrence,,matchOnce,must be present,,,non_compliant,Block Requirements,,,false,0,,2026-08-16
"Block Real Estate Services, LLC",6a1deca9ea09be9823602359,6a1dec8ab9a647219f2d816b,"The Andersons, Inc.",6a1dec04a0ed8c51ab231482,"tic261 - CityPlace Corporate Centre IV {Cityplace Corporate Centre IV Investors, LLC}",evidenceOfInsurance,Evidence of Insurance,excessOrUmbrellaLiability,Umbrella/Excess Liability,evidenceOfInsuranceExcessOrUmbrellaLiabilityEachOccurrence,Each Occurrence,,matchOnce,must be greater or equal to,1000000,,non_compliant,Block Requirements,,,false,0,,2026-08-16
"Block Real Estate Services, LLC",6a1deca9ea09be9823602359,6a1dec8ab9a647219f2d816b,"The Andersons, Inc.",6a1dec04a0ed8c51ab231482,"tic261 - CityPlace Corporate Centre IV {Cityplace Corporate Centre IV Investors, LLC}",evidenceOfInsurance,Evidence of Insurance,excessOrUmbrellaLiability,Umbrella/Excess Liability,evidenceOfInsuranceExcessOrUmbrellaLiabilityAggregate,Aggregate,,matchOnce,must be greater or equal to,1000000,,non_compliant,Block Requirements,,,false,0,,2026-08-16
"Block Real Estate Services, LLC",6a1deca9ea09be9823602359,6a1dec8ab9a647219f2d816b,"The Andersons, Inc.",6a1dec04a0ed8c51ab231482,"tic261 - CityPlace Corporate Centre IV {Cityplace Corporate Centre IV Investors, LLC}",evidenceOfInsurance,Evidence of Insurance,workersCompensation,Workers' Compensation and Employer's Liability,evidenceOfInsuranceWorkersCompensationStatutoryLimits,Statutory Limits,,matchOnce,must be present,,,non_compliant,Block Requirements,,,false,0,,2026-08-16
"Block Real Estate Services, LLC",6a1deca9ea09be9823602359,6a1dec8ab9a647219f2d816b,"The Andersons, Inc.",6a1dec04a0ed8c51ab231482,"tic261 - CityPlace Corporate Centre IV {Cityplace Corporate Centre IV Investors, LLC}",evidenceOfInsurance,Evidence of Insurance,workersCompensation,Workers' Compensation and Employer's Liability,evidenceOfInsuranceWorkersCompensationEmployersLiabilityEachAccident,Employer's Liability Each Accident,,matchOnce,must be greater or equal to,500000,,non_compliant,Block Requirements,,,false,0,,2026-08-16
"Block Real Estate Services, LLC",6a1deca9ea09be9823602359,6a1dec8ab9a647219f2d816b,"The Andersons, Inc.",6a1dec04a0ed8c51ab231482,"tic261 - CityPlace Corporate Centre IV {Cityplace Corporate Centre IV Investors, LLC}",evidenceOfInsurance,Evidence of Insurance,workersCompensation,Workers' Compensation and Employer's Liability,evidenceOfInsuranceWorkersCompensationEmployersLiabilityDiseaseEachEmployee,Employer's Liability Disease - each employee,,matchOnce,must be greater or equal to,500000,,non_compliant,Block Requirements,,,false,0,,2026-08-16
"Block Real Estate Services, LLC",6a1deca9ea09be9823602359,6a1dec8ab9a647219f2d816b,"The Andersons, Inc.",6a1dec04a0ed8c51ab231482,"tic261 - CityPlace Corporate Centre IV {Cityplace Corporate Centre IV Investors, LLC}",evidenceOfInsurance,Evidence of Insurance,workersCompensation,Workers' Compensation and Employer's Liability,evidenceOfInsuranceWorkersCompensationEmployersLiabilityDiseasePolicyLimit,Employer's Liability Disease - policy limit,,matchOnce,must be greater or equal to,500000,,non_compliant,Block Requirements,,,false,0,,2026-08-16
"Block Real Estate Services, LLC",6a1deca9ea09be9823602359,6a1dec8ab9a647219f2d816b,"The Andersons, Inc.",6a1dec04a0ed8c51ab231482,"tic261 - CityPlace Corporate Centre IV {Cityplace Corporate Centre IV Investors, LLC}",evidenceOfInsurance,Evidence of Insurance,workersCompensation,Workers' Compensation and Employer's Liability,evidenceOfInsuranceWorkersCompensationWaiverOfSubrogationEndorsement,Waiver of Subrogation,"---prompt---
Determine if the insurer has waived their right of subrogation in favor of the certificate holder under the Workers' Compensation policy. Evidence may include: a checked ""Waiver of Subrogation"" box on the certificate, mention in the Description of Operations section stating ""waiver of subrogation applies"", or reference to form WC 00 03 13. Look for language like ""subrogation is waived"" or ""per written contract"".",matchOnce,must be present,,,non_compliant,Block Requirements,,,false,0,,2026-08-16
"Block Real Estate Services, LLC",6a1deca9ea09be9823602359,6a1dec8ab9a647219f2d816b,"The Andersons, Inc.",6a1dec04a0ed8c51ab231482,"tic261 - CityPlace Corporate Centre IV {Cityplace Corporate Centre IV Investors, LLC}",evidenceOfInsurance,Evidence of Insurance,6ac20aae-5728-5d57-b364-aeba38527dba,Additional Requirements,4da5b0f1-4c9d-5885-8cf8-5d3cccaed3e0,"Block Real Estate Services, LLC and all others required by contract are named as Additional Insureds","---prompt---
Determine if the Description of Operations or the Additional Remarks Schedule section states the ""Additional Insured as Construction Management, Inc. and all others required by contract"" or reference to blanket additional insured coverage. Look for language like ""certificate holder is additional insured"" or ""per written contract"".",matchOnce,must be present,,,non_compliant,Block Requirements,,,true,0,,2026-08-16
"Block Real Estate Services, LLC",6a1deca9ea09be9823602359,6a1dec8ab9a647219f2d816b,"The Andersons, Inc.",6a1dec04a0ed8c51ab231482,"tic261 - CityPlace Corporate Centre IV {Cityplace Corporate Centre IV Investors, LLC}",evidenceOfInsurance,Evidence of Insurance,6ac20aae-5728-5d57-b364-aeba38527dba,Additional Requirements,e1017741-e47e-5f58-97b8-fbc3043e919f,Umbrella follows form over General Liability,"---prompt---
Determine if the Umbrella/Excess Liability policy follows form to the underlying policies. Evidence may include: language in the Description of Operations section stating the umbrella follows form to underlying coverages or an additional page endorsement stating that it follows form. Follow form means the umbrella policy adopts the same terms, conditions, and exclusions as the underlying policies.",matchOnce,must be present,,,non_compliant,Block Requirements,,,true,0,,2026-08-16
"Block Real Estate Services, LLC",6a1deca9ea09be9823602359,6a1dec8ab9a647219f2d816b,"The Andersons, Inc.",6a1dec04a0ed8c51ab231482,"tic261 - CityPlace Corporate Centre IV {Cityplace Corporate Centre IV Investors, LLC}",evidenceOfInsurance,Evidence of Insurance,6ac20aae-5728-5d57-b364-aeba38527dba,Additional Requirements,2cdd866f-c9a4-576a-afd8-1d045762790c,The location must be listed as: 11350 Switzer Road Suite 300 Overland Park KS 66210,"---prompt---
Determine if the Description of Operations or the Additional Remarks Schedule section states the location indicated in value field",matchOnce,must be present,,,non_compliant,Block Requirements,,,true,0,,2026-08-16
"Block Real Estate Services, LLC",6a1deca9ea09be9823602359,6a1dec8ab9a647219f2d816b,"The Andersons, Inc.",6a1dec04a0ed8c51ab231482,"tic261 - CityPlace Corporate Centre IV {Cityplace Corporate Centre IV Investors, LLC}",evidenceOfInsurance,Evidence of Insurance,6ac20aae-5728-5d57-b364-aeba38527dba,Additional Requirements,3649e9d1-4e09-59bf-8f30-cb33c40cf117,"Certificate Holder must read: c/o Block Real Estate Services, LLC, 4622 Pennsylvania St., Suite 700, Kansas City, MO, 64112",,matchOnce,must be present,,,non_compliant,Block Requirements,,,true,0,,2026-08-16
"Block Real Estate Services, LLC",6a1deca9ea09be9823602357,6a1dec22a0ed8c51ab231e08,"IMA Financial Group, Inc.",6a1dec04a0ed8c51ab231482,"tic261 - CityPlace Corporate Centre IV {Cityplace Corporate Centre IV Investors, LLC}",evidenceOfInsurance,Evidence of Insurance,commercialGeneralLiability,Commercial General Liability,evidenceOfInsuranceCommercialGeneralLiabilityCoverageTriggerOccurrence,Coverage Trigger: Occurrence,,matchOnce,must be present,,,non_compliant,Block Requirements,,,false,0,,2026-08-16
"Block Real Estate Services, LLC",6a1deca9ea09be9823602357,6a1dec22a0ed8c51ab231e08,"IMA Financial Group, Inc.",6a1dec04a0ed8c51ab231482,"tic261 - CityPlace Corporate Centre IV {Cityplace Corporate Centre IV Investors, LLC}",evidenceOfInsurance,Evidence of Insurance,commercialGeneralLiability,Commercial General Liability,evidenceOfInsuranceCommercialGeneralLiabilityGeneralAggregateLimitAppliesPerLocation,General Aggregate Limit Applies per: Location,,matchOnce,must be present,,,non_compliant,Block Requirements,,,false,0,,2026-08-16
"Block Real Estate Services, LLC",6a1deca9ea09be9823602357,6a1dec22a0ed8c51ab231e08,"IMA Financial Group, Inc.",6a1dec04a0ed8c51ab231482,"tic261 - CityPlace Corporate Centre IV {Cityplace Corporate Centre IV Investors, LLC}",evidenceOfInsurance,Evidence of Insurance,commercialGeneralLiability,Commercial General Liability,evidenceOfInsuranceCommercialGeneralLiabilityEachOccurrence,Each Occurrence,,matchOnce,must be greater or equal to,1000000,,non_compliant,Block Requirements,,,false,0,,2026-08-16
"Block Real Estate Services, LLC",6a1deca9ea09be9823602357,6a1dec22a0ed8c51ab231e08,"IMA Financial Group, Inc.",6a1dec04a0ed8c51ab231482,"tic261 - CityPlace Corporate Centre IV {Cityplace Corporate Centre IV Investors, LLC}",evidenceOfInsurance,Evidence of Insurance,commercialGeneralLiability,Commercial General Liability,evidenceOfInsuranceCommercialGeneralLiabilityGeneralAggregate,General Aggregate,,matchOnce,must be greater or equal to,2000000,,non_compliant,Block Requirements,,,false,0,,2026-08-16
"Block Real Estate Services, LLC",6a1deca9ea09be9823602357,6a1dec22a0ed8c51ab231e08,"IMA Financial Group, Inc.",6a1dec04a0ed8c51ab231482,"tic261 - CityPlace Corporate Centre IV {Cityplace Corporate Centre IV Investors, LLC}",evidenceOfInsurance,Evidence of Insurance,commercialGeneralLiability,Commercial General Liability,evidenceOfInsuranceCommercialGeneralLiabilityWaiverOfSubrogationEndorsement,Waiver of Subrogation,"---prompt---
Determine if the insurer has waived their right of subrogation in favor of the certificate holder under the Commercial General Liability policy. Evidence may include: a checked ""Waiver of Subrogation"" box on the certificate, mention in the Description of Operations section stating ""waiver of subrogation applies"", or reference to form CG 24 04. Look for language like ""subrogation is waived"" or ""per written contract"".",matchOnce,must be present,,,non_compliant,Block Requirements,,,false,0,,2026-08-16
"Block Real Estate Services, LLC",6a1deca9ea09be9823602357,6a1dec22a0ed8c51ab231e08,"IMA Financial Group, Inc.",6a1dec04a0ed8c51ab231482,"tic261 - CityPlace Corporate Centre IV {Cityplace Corporate Centre IV Investors, LLC}",evidenceOfInsurance,Evidence of Insurance,excessOrUmbrellaLiability,Umbrella/Excess Liability,evidenceOfInsuranceExcessOrUmbrellaLiabilityOccurence,Coverage Trigger: Occurrence,,matchOnce,must be present,,,non_compliant,Block Requirements,,,false,0,,2026-08-16
"Block Real Estate Services, LLC",6a1deca9ea09be9823602357,6a1dec22a0ed8c51ab231e08,"IMA Financial Group, Inc.",6a1dec04a0ed8c51ab231482,"tic261 - CityPlace Corporate Centre IV {Cityplace Corporate Centre IV Investors, LLC}",evidenceOfInsurance,Evidence of Insurance,excessOrUmbrellaLiability,Umbrella/Excess Liability,evidenceOfInsuranceExcessOrUmbrellaLiabilityEachOccurrence,Each Occurrence,,matchOnce,must be greater or equal to,1000000,,non_compliant,Block Requirements,,,false,0,,2026-08-16
"Block Real Estate Services, LLC",6a1deca9ea09be9823602357,6a1dec22a0ed8c51ab231e08,"IMA Financial Group, Inc.",6a1dec04a0ed8c51ab231482,"tic261 - CityPlace Corporate Centre IV {Cityplace Corporate Centre IV Investors, LLC}",evidenceOfInsurance,Evidence of Insurance,excessOrUmbrellaLiability,Umbrella/Excess Liability,evidenceOfInsuranceExcessOrUmbrellaLiabilityAggregate,Aggregate,,matchOnce,must be greater or equal to,1000000,,non_compliant,Block Requirements,,,false,0,,2026-08-16
"Block Real Estate Services, LLC",6a1deca9ea09be9823602357,6a1dec22a0ed8c51ab231e08,"IMA Financial Group, Inc.",6a1dec04a0ed8c51ab231482,"tic261 - CityPlace Corporate Centre IV {Cityplace Corporate Centre IV Investors, LLC}",evidenceOfInsurance,Evidence of Insurance,workersCompensation,Workers' Compensation and Employer's Liability,evidenceOfInsuranceWorkersCompensationStatutoryLimits,Statutory Limits,,matchOnce,must be present,,,non_compliant,Block Requirements,,,false,0,,2026-08-16
"Block Real Estate Services, LLC",6a1deca9ea09be9823602357,6a1dec22a0ed8c51ab231e08,"IMA Financial Group, Inc.",6a1dec04a0ed8c51ab231482,"tic261 - CityPlace Corporate Centre IV {Cityplace Corporate Centre IV Investors, LLC}",evidenceOfInsurance,Evidence of Insurance,workersCompensation,Workers' Compensation and Employer's Liability,evidenceOfInsuranceWorkersCompensationEmployersLiabilityEachAccident,Employer's Liability Each Accident,,matchOnce,must be greater or equal to,500000,,non_compliant,Block Requirements,,,false,0,,2026-08-16
"Block Real Estate Services, LLC",6a1deca9ea09be9823602357,6a1dec22a0ed8c51ab231e08,"IMA Financial Group, Inc.",6a1dec04a0ed8c51ab231482,"tic261 - CityPlace Corporate Centre IV {Cityplace Corporate Centre IV Investors, LLC}",evidenceOfInsurance,Evidence of Insurance,workersCompensation,Workers' Compensation and Employer's Liability,evidenceOfInsuranceWorkersCompensationEmployersLiabilityDiseaseEachEmployee,Employer's Liability Disease - each employee,,matchOnce,must be greater or equal to,500000,,non_compliant,Block Requirements,,,false,0,,2026-08-16
"Block Real Estate Services, LLC",6a1deca9ea09be9823602357,6a1dec22a0ed8c51ab231e08,"IMA Financial Group, Inc.",6a1dec04a0ed8c51ab231482,"tic261 - CityPlace Corporate Centre IV {Cityplace Corporate Centre IV Investors, LLC}",evidenceOfInsurance,Evidence of Insurance,workersCompensation,Workers' Compensation and Employer's Liability,evidenceOfInsuranceWorkersCompensationEmployersLiabilityDiseasePolicyLimit,Employer's Liability Disease - policy limit,,matchOnce,must be greater or equal to,500000,,non_compliant,Block Requirements,,,false,0,,2026-08-16
"Block Real Estate Services, LLC",6a1deca9ea09be9823602357,6a1dec22a0ed8c51ab231e08,"IMA Financial Group, Inc.",6a1dec04a0ed8c51ab231482,"tic261 - CityPlace Corporate Centre IV {Cityplace Corporate Centre IV Investors, LLC}",evidenceOfInsurance,Evidence of Insurance,workersCompensation,Workers' Compensation and Employer's Liability,evidenceOfInsuranceWorkersCompensationWaiverOfSubrogationEndorsement,Waiver of Subrogation,"---prompt---
Determine if the insurer has waived their right of subrogation in favor of the certificate holder under the Workers' Compensation policy. Evidence may include: a checked ""Waiver of Subrogation"" box on the certificate, mention in the Description of Operations section stating ""waiver of subrogation applies"", or reference to form WC 00 03 13. Look for language like ""subrogation is waived"" or ""per written contract"".",matchOnce,must be present,,,non_compliant,Block Requirements,,,false,0,,2026-08-16
"Block Real Estate Services, LLC",6a1deca9ea09be9823602357,6a1dec22a0ed8c51ab231e08,"IMA Financial Group, Inc.",6a1dec04a0ed8c51ab231482,"tic261 - CityPlace Corporate Centre IV {Cityplace Corporate Centre IV Investors, LLC}",evidenceOfInsurance,Evidence of Insurance,6ac20aae-5728-5d57-b364-aeba38527dba,Additional Requirements,4da5b0f1-4c9d-5885-8cf8-5d3cccaed3e0,"Block Real Estate Services, LLC and all others required by contract are named as Additional Insureds","---prompt---
Determine if the Description of Operations or the Additional Remarks Schedule section states the ""Additional Insured as Construction Management, Inc. and all others required by contract"" or reference to blanket additional insured coverage. Look for language like ""certificate holder is additional insured"" or ""per written contract"".",matchOnce,must be present,,,non_compliant,Block Requirements,,,true,0,,2026-08-16
"Block Real Estate Services, LLC",6a1deca9ea09be9823602357,6a1dec22a0ed8c51ab231e08,"IMA Financial Group, Inc.",6a1dec04a0ed8c51ab231482,"tic261 - CityPlace Corporate Centre IV {Cityplace Corporate Centre IV Investors, LLC}",evidenceOfInsurance,Evidence of Insurance,6ac20aae-5728-5d57-b364-aeba38527dba,Additional Requirements,e1017741-e47e-5f58-97b8-fbc3043e919f,Umbrella follows form over General Liability,"---prompt---
Determine if the Umbrella/Excess Liability policy follows form to the underlying policies. Evidence may include: language in the Description of Operations section stating the umbrella follows form to underlying coverages or an additional page endorsement stating that it follows form. Follow form means the umbrella policy adopts the same terms, conditions, and exclusions as the underlying policies.",matchOnce,must be present,,,non_compliant,Block Requirements,,,true,0,,2026-08-16
"Block Real Estate Services, LLC",6a1deca9ea09be9823602357,6a1dec22a0ed8c51ab231e08,"IMA Financial Group, Inc.",6a1dec04a0ed8c51ab231482,"tic261 - CityPlace Corporate Centre IV {Cityplace Corporate Centre IV Investors, LLC}",evidenceOfInsurance,Evidence of Insurance,6ac20aae-5728-5d57-b364-aeba38527dba,Additional Requirements,2cdd866f-c9a4-576a-afd8-1d045762790c,"The location must be listed as: 11350 Switzer Road Suites 100, 200 Overland Park KS 66210","---prompt---
Determine if the Description of Operations or the Additional Remarks Schedule section states the location indicated in value field",matchOnce,must be present,,,non_compliant,Block Requirements,,,true,0,,2026-08-16
"Block Real Estate Services, LLC",6a1deca9ea09be9823602357,6a1dec22a0ed8c51ab231e08,"IMA Financial Group, Inc.",6a1dec04a0ed8c51ab231482,"tic261 - CityPlace Corporate Centre IV {Cityplace Corporate Centre IV Investors, LLC}",evidenceOfInsurance,Evidence of Insurance,6ac20aae-5728-5d57-b364-aeba38527dba,Additional Requirements,3649e9d1-4e09-59bf-8f30-cb33c40cf117,"Certificate Holder must read: c/o Block Real Estate Services, LLC, 4622 Pennsylvania St., Suite 700, Kansas City, MO, 64112",,matchOnce,must be present,,,non_compliant,Block Requirements,,,true,0,,2026-08-16
"Block Real Estate Services, LLC",6a1deca9ea09be9823602358,6a1dec74a79f4c38d50cc8b0,Property Tax Advisory Group - PTAG,6a1dec04a0ed8c51ab231482,"tic261 - CityPlace Corporate Centre IV {Cityplace Corporate Centre IV Investors, LLC}",evidenceOfInsurance,Evidence of Insurance,commercialGeneralLiability,Commercial General Liability,evidenceOfInsuranceCommercialGeneralLiabilityCoverageTriggerOccurrence,Coverage Trigger: Occurrence,,matchOnce,must be present,,Present,compliant,Block Requirements,,,false,1,,2026-08-16
"Block Real Estate Services, LLC",6a1deca9ea09be9823602358,6a1dec74a79f4c38d50cc8b0,Property Tax Advisory Group - PTAG,6a1dec04a0ed8c51ab231482,"tic261 - CityPlace Corporate Centre IV {Cityplace Corporate Centre IV Investors, LLC}",evidenceOfInsurance,Evidence of Insurance,commercialGeneralLiability,Commercial General Liability,evidenceOfInsuranceCommercialGeneralLiabilityGeneralAggregateLimitAppliesPerLocation,General Aggregate Limit Applies per: Location,,matchOnce,must be present,,,non_compliant,Block Requirements,,,false,0,,2026-08-16
"Block Real Estate Services, LLC",6a1deca9ea09be9823602358,6a1dec74a79f4c38d50cc8b0,Property Tax Advisory Group - PTAG,6a1dec04a0ed8c51ab231482,"tic261 - CityPlace Corporate Centre IV {Cityplace Corporate Centre IV Investors, LLC}",evidenceOfInsurance,Evidence of Insurance,commercialGeneralLiability,Commercial General Liability,evidenceOfInsuranceCommercialGeneralLiabilityEachOccurrence,Each Occurrence,,matchOnce,must be greater or equal to,1000000,1000000,compliant,Block Requirements,,,false,1,,2026-08-16
"Block Real Estate Services, LLC",6a1deca9ea09be9823602358,6a1dec74a79f4c38d50cc8b0,Property Tax Advisory Group - PTAG,6a1dec04a0ed8c51ab231482,"tic261 - CityPlace Corporate Centre IV {Cityplace Corporate Centre IV Investors, LLC}",evidenceOfInsurance,Evidence of Insurance,commercialGeneralLiability,Commercial General Liability,evidenceOfInsuranceCommercialGeneralLiabilityGeneralAggregate,General Aggregate,,matchOnce,must be greater or equal to,2000000,2000000,compliant,Block Requirements,,,false,1,,2026-08-16
"Block Real Estate Services, LLC",6a1deca9ea09be9823602358,6a1dec74a79f4c38d50cc8b0,Property Tax Advisory Group - PTAG,6a1dec04a0ed8c51ab231482,"tic261 - CityPlace Corporate Centre IV {Cityplace Corporate Centre IV Investors, LLC}",evidenceOfInsurance,Evidence of Insurance,commercialGeneralLiability,Commercial General Liability,evidenceOfInsuranceCommercialGeneralLiabilityWaiverOfSubrogationEndorsement,Waiver of Subrogation,"---prompt---
Determine if the insurer has waived their right of subrogation in favor of the certificate holder under the Commercial General Liability policy. Evidence may include: a checked ""Waiver of Subrogation"" box on the certificate, mention in the Description of Operations section stating ""waiver of subrogation applies"", or reference to form CG 24 04. Look for language like ""subrogation is waived"" or ""per written contract"".",matchOnce,must be present,,Present,compliant,Block Requirements,,,false,1,,2026-08-16
"Block Real Estate Services, LLC",6a1deca9ea09be9823602358,6a1dec74a79f4c38d50cc8b0,Property Tax Advisory Group - PTAG,6a1dec04a0ed8c51ab231482,"tic261 - CityPlace Corporate Centre IV {Cityplace Corporate Centre IV Investors, LLC}",evidenceOfInsurance,Evidence of Insurance,excessOrUmbrellaLiability,Umbrella/Excess Liability,evidenceOfInsuranceExcessOrUmbrellaLiabilityOccurence,Coverage Trigger: Occurrence,,matchOnce,must be present,,,non_compliant,Block Requirements,,,false,0,,2026-08-16
"Block Real Estate Services, LLC",6a1deca9ea09be9823602358,6a1dec74a79f4c38d50cc8b0,Property Tax Advisory Group - PTAG,6a1dec04a0ed8c51ab231482,"tic261 - CityPlace Corporate Centre IV {Cityplace Corporate Centre IV Investors, LLC}",evidenceOfInsurance,Evidence of Insurance,excessOrUmbrellaLiability,Umbrella/Excess Liability,evidenceOfInsuranceExcessOrUmbrellaLiabilityEachOccurrence,Each Occurrence,,matchOnce,must be greater or equal to,1000000,3000000,compliant,Block Requirements,,,false,1,,2026-08-16
"Block Real Estate Services, LLC",6a1deca9ea09be9823602358,6a1dec74a79f4c38d50cc8b0,Property Tax Advisory Group - PTAG,6a1dec04a0ed8c51ab231482,"tic261 - CityPlace Corporate Centre IV {Cityplace Corporate Centre IV Investors, LLC}",evidenceOfInsurance,Evidence of Insurance,excessOrUmbrellaLiability,Umbrella/Excess Liability,evidenceOfInsuranceExcessOrUmbrellaLiabilityAggregate,Aggregate,,matchOnce,must be greater or equal to,1000000,3000000,compliant,Block Requirements,,,false,1,,2026-08-16
"Block Real Estate Services, LLC",6a1deca9ea09be9823602358,6a1dec74a79f4c38d50cc8b0,Property Tax Advisory Group - PTAG,6a1dec04a0ed8c51ab231482,"tic261 - CityPlace Corporate Centre IV {Cityplace Corporate Centre IV Investors, LLC}",evidenceOfInsurance,Evidence of Insurance,workersCompensation,Workers' Compensation and Employer's Liability,evidenceOfInsuranceWorkersCompensationStatutoryLimits,Statutory Limits,,matchOnce,must be present,,Present,compliant,Block Requirements,,,false,1,,2026-08-16
"Block Real Estate Services, LLC",6a1deca9ea09be9823602358,6a1dec74a79f4c38d50cc8b0,Property Tax Advisory Group - PTAG,6a1dec04a0ed8c51ab231482,"tic261 - CityPlace Corporate Centre IV {Cityplace Corporate Centre IV Investors, LLC}",evidenceOfInsurance,Evidence of Insurance,workersCompensation,Workers' Compensation and Employer's Liability,evidenceOfInsuranceWorkersCompensationEmployersLiabilityEachAccident,Employer's Liability Each Accident,,matchOnce,must be greater or equal to,500000,1000000,compliant,Block Requirements,,,false,1,,2026-08-16
"Block Real Estate Services, LLC",6a1deca9ea09be9823602358,6a1dec74a79f4c38d50cc8b0,Property Tax Advisory Group - PTAG,6a1dec04a0ed8c51ab231482,"tic261 - CityPlace Corporate Centre IV {Cityplace Corporate Centre IV Investors, LLC}",evidenceOfInsurance,Evidence of Insurance,workersCompensation,Workers' Compensation and Employer's Liability,evidenceOfInsuranceWorkersCompensationEmployersLiabilityDiseaseEachEmployee,Employer's Liability Disease - each employee,,matchOnce,must be greater or equal to,500000,1000000,compliant,Block Requirements,,,false,1,,2026-08-16
"Block Real Estate Services, LLC",6a1deca9ea09be9823602358,6a1dec74a79f4c38d50cc8b0,Property Tax Advisory Group - PTAG,6a1dec04a0ed8c51ab231482,"tic261 - CityPlace Corporate Centre IV {Cityplace Corporate Centre IV Investors, LLC}",evidenceOfInsurance,Evidence of Insurance,workersCompensation,Workers' Compensation and Employer's Liability,evidenceOfInsuranceWorkersCompensationEmployersLiabilityDiseasePolicyLimit,Employer's Liability Disease - policy limit,,matchOnce,must be greater or equal to,500000,1000000,compliant,Block Requirements,,,false,1,,2026-08-16
"Block Real Estate Services, LLC",6a1deca9ea09be9823602358,6a1dec74a79f4c38d50cc8b0,Property Tax Advisory Group - PTAG,6a1dec04a0ed8c51ab231482,"tic261 - CityPlace Corporate Centre IV {Cityplace Corporate Centre IV Investors, LLC}",evidenceOfInsurance,Evidence of Insurance,workersCompensation,Workers' Compensation and Employer's Liability,evidenceOfInsuranceWorkersCompensationWaiverOfSubrogationEndorsement,Waiver of Subrogation,"---prompt---
Determine if the insurer has waived their right of subrogation in favor of the certificate holder under the Workers' Compensation policy. Evidence may include: a checked ""Waiver of Subrogation"" box on the certificate, mention in the Description of Operations section stating ""waiver of subrogation applies"", or reference to form WC 00 03 13. Look for language like ""subrogation is waived"" or ""per written contract"".",matchOnce,must be present,,Present,compliant,Block Requirements,,,false,1,,2026-08-16
"Block Real Estate Services, LLC",6a1deca9ea09be9823602358,6a1dec74a79f4c38d50cc8b0,Property Tax Advisory Group - PTAG,6a1dec04a0ed8c51ab231482,"tic261 - CityPlace Corporate Centre IV {Cityplace Corporate Centre IV Investors, LLC}",evidenceOfInsurance,Evidence of Insurance,6ac20aae-5728-5d57-b364-aeba38527dba,Additional Requirements,4da5b0f1-4c9d-5885-8cf8-5d3cccaed3e0,"Block Real Estate Services, LLC and all others required by contract are named as Additional Insureds","---prompt---
Determine if the Description of Operations or the Additional Remarks Schedule section states the ""Additional Insured as Construction Management, Inc. and all others required by contract"" or reference to blanket additional insured coverage. Look for language like ""certificate holder is additional insured"" or ""per written contract"".",matchOnce,must be present,,,non_compliant,Block Requirements,,,true,0,,2026-08-16
"Block Real Estate Services, LLC",6a1deca9ea09be9823602358,6a1dec74a79f4c38d50cc8b0,Property Tax Advisory Group - PTAG,6a1dec04a0ed8c51ab231482,"tic261 - CityPlace Corporate Centre IV {Cityplace Corporate Centre IV Investors, LLC}",evidenceOfInsurance,Evidence of Insurance,6ac20aae-5728-5d57-b364-aeba38527dba,Additional Requirements,e1017741-e47e-5f58-97b8-fbc3043e919f,Umbrella follows form over General Liability,"---prompt---
Determine if the Umbrella/Excess Liability policy follows form to the underlying policies. Evidence may include: language in the Description of Operations section stating the umbrella follows form to underlying coverages or an additional page endorsement stating that it follows form. Follow form means the umbrella policy adopts the same terms, conditions, and exclusions as the underlying policies.",matchOnce,must be present,,,non_compliant,Block Requirements,,,true,0,,2026-08-16
"Block Real Estate Services, LLC",6a1deca9ea09be9823602358,6a1dec74a79f4c38d50cc8b0,Property Tax Advisory Group - PTAG,6a1dec04a0ed8c51ab231482,"tic261 - CityPlace Corporate Centre IV {Cityplace Corporate Centre IV Investors, LLC}",evidenceOfInsurance,Evidence of Insurance,6ac20aae-5728-5d57-b364-aeba38527dba,Additional Requirements,2cdd866f-c9a4-576a-afd8-1d045762790c,The location must be listed as: 11350 Switzer Road Suite 120 Overland Park KS 66210,"---prompt---
Determine if the Description of Operations or the Additional Remarks Schedule section states the location indicated in value field",matchOnce,must be present,,,non_compliant,Block Requirements,,,true,0,,2026-08-16
"Block Real Estate Services, LLC",6a1deca9ea09be9823602358,6a1dec74a79f4c38d50cc8b0,Property Tax Advisory Group - PTAG,6a1dec04a0ed8c51ab231482,"tic261 - CityPlace Corporate Centre IV {Cityplace Corporate Centre IV Investors, LLC}",evidenceOfInsurance,Evidence of Insurance,6ac20aae-5728-5d57-b364-aeba38527dba,Additional Requirements,3649e9d1-4e09-59bf-8f30-cb33c40cf117,"Certificate Holder must read: c/o Block Real Estate Services, LLC, 4622 Pennsylvania St., Suite 700, Kansas City, MO, 64112",,matchOnce,must be present,,,non_compliant,Block Requirements,,,true,0,,2026-08-16
"Block Real Estate Services, LLC",6a1df28368f8b1cfc37c4776,6a1df24c23b401dcff806fc2,"Viking Power / Shoppa's Material Handling, LTD",6a1df214a0ed8c51ab247a16,"tic824 - Great Plains Commerce Center Building A {GPCC Investors, LLC}",evidenceOfInsurance,Evidence of Insurance,commercialGeneralLiability,Commercial General Liability,evidenceOfInsuranceCommercialGeneralLiabilityCoverageTriggerOccurrence,Coverage Trigger: Occurrence,,matchOnce,must be present,,,non_compliant,Block Requirements,,,false,0,,2026-08-16
"Block Real Estate Services, LLC",6a1df28368f8b1cfc37c4776,6a1df24c23b401dcff806fc2,"Viking Power / Shoppa's Material Handling, LTD",6a1df214a0ed8c51ab247a16,"tic824 - Great Plains Commerce Center Building A {GPCC Investors, LLC}",evidenceOfInsurance,Evidence of Insurance,commercialGeneralLiability,Commercial General Liability,evidenceOfInsuranceCommercialGeneralLiabilityGeneralAggregateLimitAppliesPerLocation,General Aggregate Limit Applies per: Location,,matchOnce,must be present,,,non_compliant,Block Requirements,,,false,0,,2026-08-16
"Block Real Estate Services, LLC",6a1df28368f8b1cfc37c4776,6a1df24c23b401dcff806fc2,"Viking Power / Shoppa's Material Handling, LTD",6a1df214a0ed8c51ab247a16,"tic824 - Great Plains Commerce Center Building A {GPCC Investors, LLC}",evidenceOfInsurance,Evidence of Insurance,commercialGeneralLiability,Commercial General Liability,evidenceOfInsuranceCommercialGeneralLiabilityEachOccurrence,Each Occurrence,,matchOnce,must be greater or equal to,1000000,,non_compliant,Block Requirements,,,false,0,,2026-08-16
"Block Real Estate Services, LLC",6a1df28368f8b1cfc37c4776,6a1df24c23b401dcff806fc2,"Viking Power / Shoppa's Material Handling, LTD",6a1df214a0ed8c51ab247a16,"tic824 - Great Plains Commerce Center Building A {GPCC Investors, LLC}",evidenceOfInsurance,Evidence of Insurance,commercialGeneralLiability,Commercial General Liability,evidenceOfInsuranceCommercialGeneralLiabilityGeneralAggregate,General Aggregate,,matchOnce,must be greater or equal to,2000000,,non_compliant,Block Requirements,,,false,0,,2026-08-16
"Block Real Estate Services, LLC",6a1df28368f8b1cfc37c4776,6a1df24c23b401dcff806fc2,"Viking Power / Shoppa's Material Handling, LTD",6a1df214a0ed8c51ab247a16,"tic824 - Great Plains Commerce Center Building A {GPCC Investors, LLC}",evidenceOfInsurance,Evidence of Insurance,commercialGeneralLiability,Commercial General Liability,evidenceOfInsuranceCommercialGeneralLiabilityWaiverOfSubrogationEndorsement,Waiver of Subrogation,"---prompt---
Determine if the insurer has waived their right of subrogation in favor of the certificate holder under the Commercial General Liability policy. Evidence may include: a checked ""Waiver of Subrogation"" box on the certificate, mention in the Description of Operations section stating ""waiver of subrogation applies"", or reference to form CG 24 04. Look for language like ""subrogation is waived"" or ""per written contract"".",matchOnce,must be present,,,non_compliant,Block Requirements,,,false,0,,2026-08-16
"Block Real Estate Services, LLC",6a1df28368f8b1cfc37c4776,6a1df24c23b401dcff806fc2,"Viking Power / Shoppa's Material Handling, LTD",6a1df214a0ed8c51ab247a16,"tic824 - Great Plains Commerce Center Building A {GPCC Investors, LLC}",evidenceOfInsurance,Evidence of Insurance,excessOrUmbrellaLiability,Umbrella/Excess Liability,evidenceOfInsuranceExcessOrUmbrellaLiabilityOccurence,Coverage Trigger: Occurrence,,matchOnce,must be present,,,non_compliant,Block Requirements,,,false,0,,2026-08-16
"Block Real Estate Services, LLC",6a1df28368f8b1cfc37c4776,6a1df24c23b401dcff806fc2,"Viking Power / Shoppa's Material Handling, LTD",6a1df214a0ed8c51ab247a16,"tic824 - Great Plains Commerce Center Building A {GPCC Investors, LLC}",evidenceOfInsurance,Evidence of Insurance,excessOrUmbrellaLiability,Umbrella/Excess Liability,evidenceOfInsuranceExcessOrUmbrellaLiabilityEachOccurrence,Each Occurrence,,matchOnce,must be greater or equal to,1000000,,non_compliant,Block Requirements,,,false,0,,2026-08-16
"Block Real Estate Services, LLC",6a1df28368f8b1cfc37c4776,6a1df24c23b401dcff806fc2,"Viking Power / Shoppa's Material Handling, LTD",6a1df214a0ed8c51ab247a16,"tic824 - Great Plains Commerce Center Building A {GPCC Investors, LLC}",evidenceOfInsurance,Evidence of Insurance,excessOrUmbrellaLiability,Umbrella/Excess Liability,evidenceOfInsuranceExcessOrUmbrellaLiabilityAggregate,Aggregate,,matchOnce,must be greater or equal to,1000000,,non_compliant,Block Requirements,,,false,0,,2026-08-16
"Block Real Estate Services, LLC",6a1df28368f8b1cfc37c4776,6a1df24c23b401dcff806fc2,"Viking Power / Shoppa's Material Handling, LTD",6a1df214a0ed8c51ab247a16,"tic824 - Great Plains Commerce Center Building A {GPCC Investors, LLC}",evidenceOfInsurance,Evidence of Insurance,workersCompensation,Workers' Compensation and Employer's Liability,evidenceOfInsuranceWorkersCompensationStatutoryLimits,Statutory Limits,,matchOnce,must be present,,,non_compliant,Block Requirements,,,false,0,,2026-08-16
"Block Real Estate Services, LLC",6a1df28368f8b1cfc37c4776,6a1df24c23b401dcff806fc2,"Viking Power / Shoppa's Material Handling, LTD",6a1df214a0ed8c51ab247a16,"tic824 - Great Plains Commerce Center Building A {GPCC Investors, LLC}",evidenceOfInsurance,Evidence of Insurance,workersCompensation,Workers' Compensation and Employer's Liability,evidenceOfInsuranceWorkersCompensationEmployersLiabilityEachAccident,Employer's Liability Each Accident,,matchOnce,must be greater or equal to,500000,,non_compliant,Block Requirements,,,false,0,,2026-08-16
"Block Real Estate Services, LLC",6a1df28368f8b1cfc37c4776,6a1df24c23b401dcff806fc2,"Viking Power / Shoppa's Material Handling, LTD",6a1df214a0ed8c51ab247a16,"tic824 - Great Plains Commerce Center Building A {GPCC Investors, LLC}",evidenceOfInsurance,Evidence of Insurance,workersCompensation,Workers' Compensation and Employer's Liability,evidenceOfInsuranceWorkersCompensationEmployersLiabilityDiseaseEachEmployee,Employer's Liability Disease - each employee,,matchOnce,must be greater or equal to,500000,,non_compliant,Block Requirements,,,false,0,,2026-08-16
"Block Real Estate Services, LLC",6a1df28368f8b1cfc37c4776,6a1df24c23b401dcff806fc2,"Viking Power / Shoppa's Material Handling, LTD",6a1df214a0ed8c51ab247a16,"tic824 - Great Plains Commerce Center Building A {GPCC Investors, LLC}",evidenceOfInsurance,Evidence of Insurance,workersCompensation,Workers' Compensation and Employer's Liability,evidenceOfInsuranceWorkersCompensationEmployersLiabilityDiseasePolicyLimit,Employer's Liability Disease - policy limit,,matchOnce,must be greater or equal to,500000,,non_compliant,Block Requirements,,,false,0,,2026-08-16
"Block Real Estate Services, LLC",6a1df28368f8b1cfc37c4776,6a1df24c23b401dcff806fc2,"Viking Power / Shoppa's Material Handling, LTD",6a1df214a0ed8c51ab247a16,"tic824 - Great Plains Commerce Center Building A {GPCC Investors, LLC}",evidenceOfInsurance,Evidence of Insurance,workersCompensation,Workers' Compensation and Employer's Liability,evidenceOfInsuranceWorkersCompensationWaiverOfSubrogationEndorsement,Waiver of Subrogation,"---prompt---
Determine if the insurer has waived their right of subrogation in favor of the certificate holder under the Workers' Compensation policy. Evidence may include: a checked ""Waiver of Subrogation"" box on the certificate, mention in the Description of Operations section stating ""waiver of subrogation applies"", or reference to form WC 00 03 13. Look for language like ""subrogation is waived"" or ""per written contract"".",matchOnce,must be present,,,non_compliant,Block Requirements,,,false,0,,2026-08-16
"Block Real Estate Services, LLC",6a1df28368f8b1cfc37c4776,6a1df24c23b401dcff806fc2,"Viking Power / Shoppa's Material Handling, LTD",6a1df214a0ed8c51ab247a16,"tic824 - Great Plains Commerce Center Building A {GPCC Investors, LLC}",evidenceOfInsurance,Evidence of Insurance,6ac20aae-5728-5d57-b364-aeba38527dba,Additional Requirements,4da5b0f1-4c9d-5885-8cf8-5d3cccaed3e0,"Block Real Estate Services, LLC and all others required by contract are named as Additional Insureds","---prompt---
Determine if the Description of Operations or the Additional Remarks Schedule section states the ""Additional Insured as Construction Management, Inc. and all others required by contract"" or reference to blanket additional insured coverage. Look for language like ""certificate holder is additional insured"" or ""per written contract"".",matchOnce,must be present,,,non_compliant,Block Requirements,,,true,0,,2026-08-16
"Block Real Estate Services, LLC",6a1df28368f8b1cfc37c4776,6a1df24c23b401dcff806fc2,"Viking Power / Shoppa's Material Handling, LTD",6a1df214a0ed8c51ab247a16,"tic824 - Great Plains Commerce Center Building A {GPCC Investors, LLC}",evidenceOfInsurance,Evidence of Insurance,6ac20aae-5728-5d57-b364-aeba38527dba,Additional Requirements,e1017741-e47e-5f58-97b8-fbc3043e919f,Umbrella follows form over General Liability,"---prompt---
Determine if the Umbrella/Excess Liability policy follows form to the underlying policies. Evidence may include: language in the Description of Operations section stating the umbrella follows form to underlying coverages or an additional page endorsement stating that it follows form. Follow form means the umbrella policy adopts the same terms, conditions, and exclusions as the underlying policies.",matchOnce,must be present,,,non_compliant,Block Requirements,,,true,0,,2026-08-16
"Block Real Estate Services, LLC",6a1df28368f8b1cfc37c4776,6a1df24c23b401dcff806fc2,"Viking Power / Shoppa's Material Handling, LTD",6a1df214a0ed8c51ab247a16,"tic824 - Great Plains Commerce Center Building A {GPCC Investors, LLC}",evidenceOfInsurance,Evidence of Insurance,6ac20aae-5728-5d57-b364-aeba38527dba,Additional Requirements,2cdd866f-c9a4-576a-afd8-1d045762790c,The location must be listed as: 21100 W. 159th Street Suite 100 Olathe KS 66062,"---prompt---
Determine if the Description of Operations or the Additional Remarks Schedule section states the location indicated in value field",matchOnce,must be present,,,non_compliant,Block Requirements,,,true,0,,2026-08-16
"Block Real Estate Services, LLC",6a1df28368f8b1cfc37c4776,6a1df24c23b401dcff806fc2,"Viking Power / Shoppa's Material Handling, LTD",6a1df214a0ed8c51ab247a16,"tic824 - Great Plains Commerce Center Building A {GPCC Investors, LLC}",evidenceOfInsurance,Evidence of Insurance,6ac20aae-5728-5d57-b364-aeba38527dba,Additional Requirements,3649e9d1-4e09-59bf-8f30-cb33c40cf117,"Certificate Holder must read: c/o Block Real Estate Services, LLC, 4622 Pennsylvania St., Suite 700, Kansas City, MO, 64112",,matchOnce,must be present,,,non_compliant,Block Requirements,,,true,0,,2026-08-16
"Block Real Estate Services, LLC",6a1df28368f8b1cfc37c4777,6a1df25998a3fac93a21a0b8,"Indra Air Traffic, Inc. / Indra Sistemas, SA",6a1df214a0ed8c51ab247a16,"tic824 - Great Plains Commerce Center Building A {GPCC Investors, LLC}",evidenceOfInsurance,Evidence of Insurance,commercialGeneralLiability,Commercial General Liability,evidenceOfInsuranceCommercialGeneralLiabilityCoverageTriggerOccurrence,Coverage Trigger: Occurrence,,matchOnce,must be present,,,non_compliant,Block Requirements,,,false,0,,2026-08-16
"Block Real Estate Services, LLC",6a1df28368f8b1cfc37c4777,6a1df25998a3fac93a21a0b8,"Indra Air Traffic, Inc. / Indra Sistemas, SA",6a1df214a0ed8c51ab247a16,"tic824 - Great Plains Commerce Center Building A {GPCC Investors, LLC}",evidenceOfInsurance,Evidence of Insurance,commercialGeneralLiability,Commercial General Liability,evidenceOfInsuranceCommercialGeneralLiabilityGeneralAggregateLimitAppliesPerLocation,General Aggregate Limit Applies per: Location,,matchOnce,must be present,,,non_compliant,Block Requirements,,,false,0,,2026-08-16
"Block Real Estate Services, LLC",6a1df28368f8b1cfc37c4777,6a1df25998a3fac93a21a0b8,"Indra Air Traffic, Inc. / Indra Sistemas, SA",6a1df214a0ed8c51ab247a16,"tic824 - Great Plains Commerce Center Building A {GPCC Investors, LLC}",evidenceOfInsurance,Evidence of Insurance,commercialGeneralLiability,Commercial General Liability,evidenceOfInsuranceCommercialGeneralLiabilityEachOccurrence,Each Occurrence,,matchOnce,must be greater or equal to,1000000,,non_compliant,Block Requirements,,,false,0,,2026-08-16
"Block Real Estate Services, LLC",6a1df28368f8b1cfc37c4777,6a1df25998a3fac93a21a0b8,"Indra Air Traffic, Inc. / Indra Sistemas, SA",6a1df214a0ed8c51ab247a16,"tic824 - Great Plains Commerce Center Building A {GPCC Investors, LLC}",evidenceOfInsurance,Evidence of Insurance,commercialGeneralLiability,Commercial General Liability,evidenceOfInsuranceCommercialGeneralLiabilityGeneralAggregate,General Aggregate,,matchOnce,must be greater or equal to,2000000,,non_compliant,Block Requirements,,,false,0,,2026-08-16
"Block Real Estate Services, LLC",6a1df28368f8b1cfc37c4777,6a1df25998a3fac93a21a0b8,"Indra Air Traffic, Inc. / Indra Sistemas, SA",6a1df214a0ed8c51ab247a16,"tic824 - Great Plains Commerce Center Building A {GPCC Investors, LLC}",evidenceOfInsurance,Evidence of Insurance,commercialGeneralLiability,Commercial General Liability,evidenceOfInsuranceCommercialGeneralLiabilityWaiverOfSubrogationEndorsement,Waiver of Subrogation,"---prompt---
Determine if the insurer has waived their right of subrogation in favor of the certificate holder under the Commercial General Liability policy. Evidence may include: a checked ""Waiver of Subrogation"" box on the certificate, mention in the Description of Operations section stating ""waiver of subrogation applies"", or reference to form CG 24 04. Look for language like ""subrogation is waived"" or ""per written contract"".",matchOnce,must be present,,,non_compliant,Block Requirements,,,false,0,,2026-08-16
"Block Real Estate Services, LLC",6a1df28368f8b1cfc37c4777,6a1df25998a3fac93a21a0b8,"Indra Air Traffic, Inc. / Indra Sistemas, SA",6a1df214a0ed8c51ab247a16,"tic824 - Great Plains Commerce Center Building A {GPCC Investors, LLC}",evidenceOfInsurance,Evidence of Insurance,excessOrUmbrellaLiability,Umbrella/Excess Liability,evidenceOfInsuranceExcessOrUmbrellaLiabilityOccurence,Coverage Trigger: Occurrence,,matchOnce,must be present,,,non_compliant,Block Requirements,,,false,0,,2026-08-16
"Block Real Estate Services, LLC",6a1df28368f8b1cfc37c4777,6a1df25998a3fac93a21a0b8,"Indra Air Traffic, Inc. / Indra Sistemas, SA",6a1df214a0ed8c51ab247a16,"tic824 - Great Plains Commerce Center Building A {GPCC Investors, LLC}",evidenceOfInsurance,Evidence of Insurance,excessOrUmbrellaLiability,Umbrella/Excess Liability,evidenceOfInsuranceExcessOrUmbrellaLiabilityEachOccurrence,Each Occurrence,,matchOnce,must be greater or equal to,1000000,,non_compliant,Block Requirements,,,false,0,,2026-08-16
"Block Real Estate Services, LLC",6a1df28368f8b1cfc37c4777,6a1df25998a3fac93a21a0b8,"Indra Air Traffic, Inc. / Indra Sistemas, SA",6a1df214a0ed8c51ab247a16,"tic824 - Great Plains Commerce Center Building A {GPCC Investors, LLC}",evidenceOfInsurance,Evidence of Insurance,excessOrUmbrellaLiability,Umbrella/Excess Liability,evidenceOfInsuranceExcessOrUmbrellaLiabilityAggregate,Aggregate,,matchOnce,must be greater or equal to,1000000,,non_compliant,Block Requirements,,,false,0,,2026-08-16
"Block Real Estate Services, LLC",6a1df28368f8b1cfc37c4777,6a1df25998a3fac93a21a0b8,"Indra Air Traffic, Inc. / Indra Sistemas, SA",6a1df214a0ed8c51ab247a16,"tic824 - Great Plains Commerce Center Building A {GPCC Investors, LLC}",evidenceOfInsurance,Evidence of Insurance,workersCompensation,Workers' Compensation and Employer's Liability,evidenceOfInsuranceWorkersCompensationStatutoryLimits,Statutory Limits,,matchOnce,must be present,,,non_compliant,Block Requirements,,,false,0,,2026-08-16
"Block Real Estate Services, LLC",6a1df28368f8b1cfc37c4777,6a1df25998a3fac93a21a0b8,"Indra Air Traffic, Inc. / Indra Sistemas, SA",6a1df214a0ed8c51ab247a16,"tic824 - Great Plains Commerce Center Building A {GPCC Investors, LLC}",evidenceOfInsurance,Evidence of Insurance,workersCompensation,Workers' Compensation and Employer's Liability,evidenceOfInsuranceWorkersCompensationEmployersLiabilityEachAccident,Employer's Liability Each Accident,,matchOnce,must be greater or equal to,500000,,non_compliant,Block Requirements,,,false,0,,2026-08-16
"Block Real Estate Services, LLC",6a1df28368f8b1cfc37c4777,6a1df25998a3fac93a21a0b8,"Indra Air Traffic, Inc. / Indra Sistemas, SA",6a1df214a0ed8c51ab247a16,"tic824 - Great Plains Commerce Center Building A {GPCC Investors, LLC}",evidenceOfInsurance,Evidence of Insurance,workersCompensation,Workers' Compensation and Employer's Liability,evidenceOfInsuranceWorkersCompensationEmployersLiabilityDiseaseEachEmployee,Employer's Liability Disease - each employee,,matchOnce,must be greater or equal to,500000,,non_compliant,Block Requirements,,,false,0,,2026-08-16
"Block Real Estate Services, LLC",6a1df28368f8b1cfc37c4777,6a1df25998a3fac93a21a0b8,"Indra Air Traffic, Inc. / Indra Sistemas, SA",6a1df214a0ed8c51ab247a16,"tic824 - Great Plains Commerce Center Building A {GPCC Investors, LLC}",evidenceOfInsurance,Evidence of Insurance,workersCompensation,Workers' Compensation and Employer's Liability,evidenceOfInsuranceWorkersCompensationEmployersLiabilityDiseasePolicyLimit,Employer's Liability Disease - policy limit,,matchOnce,must be greater or equal to,500000,,non_compliant,Block Requirements,,,false,0,,2026-08-16
"Block Real Estate Services, LLC",6a1df28368f8b1cfc37c4777,6a1df25998a3fac93a21a0b8,"Indra Air Traffic, Inc. / Indra Sistemas, SA",6a1df214a0ed8c51ab247a16,"tic824 - Great Plains Commerce Center Building A {GPCC Investors, LLC}",evidenceOfInsurance,Evidence of Insurance,workersCompensation,Workers' Compensation and Employer's Liability,evidenceOfInsuranceWorkersCompensationWaiverOfSubrogationEndorsement,Waiver of Subrogation,"---prompt---
Determine if the insurer has waived their right of subrogation in favor of the certificate holder under the Workers' Compensation policy. Evidence may include: a checked ""Waiver of Subrogation"" box on the certificate, mention in the Description of Operations section stating ""waiver of subrogation applies"", or reference to form WC 00 03 13. Look for language like ""subrogation is waived"" or ""per written contract"".",matchOnce,must be present,,,non_compliant,Block Requirements,,,false,0,,2026-08-16
"Block Real Estate Services, LLC",6a1df28368f8b1cfc37c4777,6a1df25998a3fac93a21a0b8,"Indra Air Traffic, Inc. / Indra Sistemas, SA",6a1df214a0ed8c51ab247a16,"tic824 - Great Plains Commerce Center Building A {GPCC Investors, LLC}",evidenceOfInsurance,Evidence of Insurance,6ac20aae-5728-5d57-b364-aeba38527dba,Additional Requirements,4da5b0f1-4c9d-5885-8cf8-5d3cccaed3e0,"Block Real Estate Services, LLC and all others required by contract are named as Additional Insureds","---prompt---
Determine if the Description of Operations or the Additional Remarks Schedule section states the ""Additional Insured as Construction Management, Inc. and all others required by contract"" or reference to blanket additional insured coverage. Look for language like ""certificate holder is additional insured"" or ""per written contract"".",matchOnce,must be present,,,non_compliant,Block Requirements,,,true,0,,2026-08-16
"Block Real Estate Services, LLC",6a1df28368f8b1cfc37c4777,6a1df25998a3fac93a21a0b8,"Indra Air Traffic, Inc. / Indra Sistemas, SA",6a1df214a0ed8c51ab247a16,"tic824 - Great Plains Commerce Center Building A {GPCC Investors, LLC}",evidenceOfInsurance,Evidence of Insurance,6ac20aae-5728-5d57-b364-aeba38527dba,Additional Requirements,e1017741-e47e-5f58-97b8-fbc3043e919f,Umbrella follows form over General Liability,"---prompt---
Determine if the Umbrella/Excess Liability policy follows form to the underlying policies. Evidence may include: language in the Description of Operations section stating the umbrella follows form to underlying coverages or an additional page endorsement stating that it follows form. Follow form means the umbrella policy adopts the same terms, conditions, and exclusions as the underlying policies.",matchOnce,must be present,,,non_compliant,Block Requirements,,,true,0,,2026-08-16
"Block Real Estate Services, LLC",6a1df28368f8b1cfc37c4777,6a1df25998a3fac93a21a0b8,"Indra Air Traffic, Inc. / Indra Sistemas, SA",6a1df214a0ed8c51ab247a16,"tic824 - Great Plains Commerce Center Building A {GPCC Investors, LLC}",evidenceOfInsurance,Evidence of Insurance,6ac20aae-5728-5d57-b364-aeba38527dba,Additional Requirements,2cdd866f-c9a4-576a-afd8-1d045762790c,The location must be listed as: 21100 W. 159th Street Suite 200 Olathe KS 66062,"---prompt---
Determine if the Description of Operations or the Additional Remarks Schedule section states the location indicated in value field",matchOnce,must be present,,,non_compliant,Block Requirements,,,true,0,,2026-08-16
"Block Real Estate Services, LLC",6a1df28368f8b1cfc37c4777,6a1df25998a3fac93a21a0b8,"Indra Air Traffic, Inc. / Indra Sistemas, SA",6a1df214a0ed8c51ab247a16,"tic824 - Great Plains Commerce Center Building A {GPCC Investors, LLC}",evidenceOfInsurance,Evidence of Insurance,6ac20aae-5728-5d57-b364-aeba38527dba,Additional Requirements,3649e9d1-4e09-59bf-8f30-cb33c40cf117,"Certificate Holder must read: c/o Block Real Estate Services, LLC, 4622 Pennsylvania St., Suite 700, Kansas City, MO, 64112",,matchOnce,must be present,,,non_compliant,Block Requirements,,,true,0,,2026-08-16
"Block Real Estate Services, LLC",6a1df2d42e0d6adb452ee1b5,69fded1462446148bd848d8d,Faith Technologies Inc,6a1df2cb65d51d7aa572c1c4,"tic825 - Great Plains Commerce Center Building C {GPCC Investors, LLC}",evidenceOfInsurance,Evidence of Insurance,commercialGeneralLiability,Commercial General Liability,evidenceOfInsuranceCommercialGeneralLiabilityCoverageTriggerOccurrence,Coverage Trigger: Occurrence,,matchOnce,must be present,,Present,compliant,Block Requirements,,,false,1,,2026-08-16
"Block Real Estate Services, LLC",6a1df2d42e0d6adb452ee1b5,69fded1462446148bd848d8d,Faith Technologies Inc,6a1df2cb65d51d7aa572c1c4,"tic825 - Great Plains Commerce Center Building C {GPCC Investors, LLC}",evidenceOfInsurance,Evidence of Insurance,commercialGeneralLiability,Commercial General Liability,evidenceOfInsuranceCommercialGeneralLiabilityGeneralAggregateLimitAppliesPerLocation,General Aggregate Limit Applies per: Location,,matchOnce,must be present,,,non_compliant,Block Requirements,,,false,0,,2026-08-16
"Block Real Estate Services, LLC",6a1df2d42e0d6adb452ee1b5,69fded1462446148bd848d8d,Faith Technologies Inc,6a1df2cb65d51d7aa572c1c4,"tic825 - Great Plains Commerce Center Building C {GPCC Investors, LLC}",evidenceOfInsurance,Evidence of Insurance,commercialGeneralLiability,Commercial General Liability,evidenceOfInsuranceCommercialGeneralLiabilityEachOccurrence,Each Occurrence,,matchOnce,must be greater or equal to,1000000,2000000,compliant,Block Requirements,,,false,1,,2026-08-16
"Block Real Estate Services, LLC",6a1df2d42e0d6adb452ee1b5,69fded1462446148bd848d8d,Faith Technologies Inc,6a1df2cb65d51d7aa572c1c4,"tic825 - Great Plains Commerce Center Building C {GPCC Investors, LLC}",evidenceOfInsurance,Evidence of Insurance,commercialGeneralLiability,Commercial General Liability,evidenceOfInsuranceCommercialGeneralLiabilityGeneralAggregate,General Aggregate,,matchOnce,must be greater or equal to,2000000,4000000,compliant,Block Requirements,,,false,1,,2026-08-16
"Block Real Estate Services, LLC",6a1df2d42e0d6adb452ee1b5,69fded1462446148bd848d8d,Faith Technologies Inc,6a1df2cb65d51d7aa572c1c4,"tic825 - Great Plains Commerce Center Building C {GPCC Investors, LLC}",evidenceOfInsurance,Evidence of Insurance,commercialGeneralLiability,Commercial General Liability,evidenceOfInsuranceCommercialGeneralLiabilityWaiverOfSubrogationEndorsement,Waiver of Subrogation,"---prompt---
Determine if the insurer has waived their right of subrogation in favor of the certificate holder under the Commercial General Liability policy. Evidence may include: a checked ""Waiver of Subrogation"" box on the certificate, mention in the Description of Operations section stating ""waiver of subrogation applies"", or reference to form CG 24 04. Look for language like ""subrogation is waived"" or ""per written contract"".",matchOnce,must be present,,Present,compliant,Block Requirements,,,false,1,,2026-08-16
"Block Real Estate Services, LLC",6a1df2d42e0d6adb452ee1b5,69fded1462446148bd848d8d,Faith Technologies Inc,6a1df2cb65d51d7aa572c1c4,"tic825 - Great Plains Commerce Center Building C {GPCC Investors, LLC}",evidenceOfInsurance,Evidence of Insurance,excessOrUmbrellaLiability,Umbrella/Excess Liability,evidenceOfInsuranceExcessOrUmbrellaLiabilityOccurence,Coverage Trigger: Occurrence,,matchOnce,must be present,,Present,compliant,Block Requirements,,,false,1,,2026-08-16
"Block Real Estate Services, LLC",6a1df2d42e0d6adb452ee1b5,69fded1462446148bd848d8d,Faith Technologies Inc,6a1df2cb65d51d7aa572c1c4,"tic825 - Great Plains Commerce Center Building C {GPCC Investors, LLC}",evidenceOfInsurance,Evidence of Insurance,excessOrUmbrellaLiability,Umbrella/Excess Liability,evidenceOfInsuranceExcessOrUmbrellaLiabilityEachOccurrence,Each Occurrence,,matchOnce,must be greater or equal to,1000000,5000000,compliant,Block Requirements,,,false,1,,2026-08-16
"Block Real Estate Services, LLC",6a1df2d42e0d6adb452ee1b5,69fded1462446148bd848d8d,Faith Technologies Inc,6a1df2cb65d51d7aa572c1c4,"tic825 - Great Plains Commerce Center Building C {GPCC Investors, LLC}",evidenceOfInsurance,Evidence of Insurance,excessOrUmbrellaLiability,Umbrella/Excess Liability,evidenceOfInsuranceExcessOrUmbrellaLiabilityAggregate,Aggregate,,matchOnce,must be greater or equal to,1000000,5000000,compliant,Block Requirements,,,false,1,,2026-08-16
"Block Real Estate Services, LLC",6a1df2d42e0d6adb452ee1b5,69fded1462446148bd848d8d,Faith Technologies Inc,6a1df2cb65d51d7aa572c1c4,"tic825 - Great Plains Commerce Center Building C {GPCC Investors, LLC}",evidenceOfInsurance,Evidence of Insurance,workersCompensation,Workers' Compensation and Employer's Liability,evidenceOfInsuranceWorkersCompensationStatutoryLimits,Statutory Limits,,matchOnce,must be present,,Present,compliant,Block Requirements,,,false,1,,2026-08-16
"Block Real Estate Services, LLC",6a1df2d42e0d6adb452ee1b5,69fded1462446148bd848d8d,Faith Technologies Inc,6a1df2cb65d51d7aa572c1c4,"tic825 - Great Plains Commerce Center Building C {GPCC Investors, LLC}",evidenceOfInsurance,Evidence of Insurance,workersCompensation,Workers' Compensation and Employer's Liability,evidenceOfInsuranceWorkersCompensationEmployersLiabilityEachAccident,Employer's Liability Each Accident,,matchOnce,must be greater or equal to,500000,1000000,compliant,Block Requirements,,,false,1,,2026-08-16
"Block Real Estate Services, LLC",6a1df2d42e0d6adb452ee1b5,69fded1462446148bd848d8d,Faith Technologies Inc,6a1df2cb65d51d7aa572c1c4,"tic825 - Great Plains Commerce Center Building C {GPCC Investors, LLC}",evidenceOfInsurance,Evidence of Insurance,workersCompensation,Workers' Compensation and Employer's Liability,evidenceOfInsuranceWorkersCompensationEmployersLiabilityDiseaseEachEmployee,Employer's Liability Disease - each employee,,matchOnce,must be greater or equal to,500000,1000000,compliant,Block Requirements,,,false,1,,2026-08-16
"Block Real Estate Services, LLC",6a1df2d42e0d6adb452ee1b5,69fded1462446148bd848d8d,Faith Technologies Inc,6a1df2cb65d51d7aa572c1c4,"tic825 - Great Plains Commerce Center Building C {GPCC Investors, LLC}",evidenceOfInsurance,Evidence of Insurance,workersCompensation,Workers' Compensation and Employer's Liability,evidenceOfInsuranceWorkersCompensationEmployersLiabilityDiseasePolicyLimit,Employer's Liability Disease - policy limit,,matchOnce,must be greater or equal to,500000,1000000,compliant,Block Requirements,,,false,1,,2026-08-16
"Block Real Estate Services, LLC",6a1df2d42e0d6adb452ee1b5,69fded1462446148bd848d8d,Faith Technologies Inc,6a1df2cb65d51d7aa572c1c4,"tic825 - Great Plains Commerce Center Building C {GPCC Investors, LLC}",evidenceOfInsurance,Evidence of Insurance,workersCompensation,Workers' Compensation and Employer's Liability,evidenceOfInsuranceWorkersCompensationWaiverOfSubrogationEndorsement,Waiver of Subrogation,"---prompt---
Determine if the insurer has waived their right of subrogation in favor of the certificate holder under the Workers' Compensation policy. Evidence may include: a checked ""Waiver of Subrogation"" box on the certificate, mention in the Description of Operations section stating ""waiver of subrogation applies"", or reference to form WC 00 03 13. Look for language like ""subrogation is waived"" or ""per written contract"".",matchOnce,must be present,,Present,compliant,Block Requirements,,,false,1,,2026-08-16
"Block Real Estate Services, LLC",6a1df2d42e0d6adb452ee1b5,69fded1462446148bd848d8d,Faith Technologies Inc,6a1df2cb65d51d7aa572c1c4,"tic825 - Great Plains Commerce Center Building C {GPCC Investors, LLC}",evidenceOfInsurance,Evidence of Insurance,6ac20aae-5728-5d57-b364-aeba38527dba,Additional Requirements,4da5b0f1-4c9d-5885-8cf8-5d3cccaed3e0,"Block Real Estate Services, LLC and all others required by contract are named as Additional Insureds","---prompt---
Determine if the Description of Operations or the Additional Remarks Schedule section states the ""Additional Insured as Construction Management, Inc. and all others required by contract"" or reference to blanket additional insured coverage. Look for language like ""certificate holder is additional insured"" or ""per written contract"".",matchOnce,must be present,,Present,compliant,Block Requirements,,,true,1,,2026-08-16
"Block Real Estate Services, LLC",6a1df2d42e0d6adb452ee1b5,69fded1462446148bd848d8d,Faith Technologies Inc,6a1df2cb65d51d7aa572c1c4,"tic825 - Great Plains Commerce Center Building C {GPCC Investors, LLC}",evidenceOfInsurance,Evidence of Insurance,6ac20aae-5728-5d57-b364-aeba38527dba,Additional Requirements,e1017741-e47e-5f58-97b8-fbc3043e919f,Umbrella follows form over General Liability,"---prompt---
Determine if the Umbrella/Excess Liability policy follows form to the underlying policies. Evidence may include: language in the Description of Operations section stating the umbrella follows form to underlying coverages or an additional page endorsement stating that it follows form. Follow form means the umbrella policy adopts the same terms, conditions, and exclusions as the underlying policies.",matchOnce,must be present,,,non_compliant,Block Requirements,,,true,0,,2026-08-16
"Block Real Estate Services, LLC",6a1df2d42e0d6adb452ee1b5,69fded1462446148bd848d8d,Faith Technologies Inc,6a1df2cb65d51d7aa572c1c4,"tic825 - Great Plains Commerce Center Building C {GPCC Investors, LLC}",evidenceOfInsurance,Evidence of Insurance,6ac20aae-5728-5d57-b364-aeba38527dba,Additional Requirements,2cdd866f-c9a4-576a-afd8-1d045762790c,The location must be listed as: 15770 S. Theden Street Olathe KS 66061,"---prompt---
Determine if the Description of Operations or the Additional Remarks Schedule section states the location indicated in value field",matchOnce,must be present,,Present,compliant,Block Requirements,,,true,1,,2026-08-16
"Block Real Estate Services, LLC",6a1df2d42e0d6adb452ee1b5,69fded1462446148bd848d8d,Faith Technologies Inc,6a1df2cb65d51d7aa572c1c4,"tic825 - Great Plains Commerce Center Building C {GPCC Investors, LLC}",evidenceOfInsurance,Evidence of Insurance,6ac20aae-5728-5d57-b364-aeba38527dba,Additional Requirements,3649e9d1-4e09-59bf-8f30-cb33c40cf117,"Certificate Holder must read: c/o Block Real Estate Services, LLC, 4622 Pennsylvania St., Suite 700, Kansas City, MO, 64112",,matchOnce,must be present,,Present,compliant,Block Requirements,,,true,1,,2026-08-16
"Block Real Estate Services, LLC",6a1df49c26c222d4b96cfefa,6a1df4662575f4fed44df021,KC Smoke Shop,6a1df41623b401dcff80cc8b,"3rd9322 - Heatherview Retail Strip Center {Eversun Property, Inc.}",evidenceOfInsurance,Evidence of Insurance,commercialGeneralLiability,Commercial General Liability,evidenceOfInsuranceCommercialGeneralLiabilityCoverageTriggerOccurrence,Coverage Trigger: Occurrence,,matchOnce,must be present,,,non_compliant,Block Requirements,,,false,0,,2026-08-16
"Block Real Estate Services, LLC",6a1df49c26c222d4b96cfefa,6a1df4662575f4fed44df021,KC Smoke Shop,6a1df41623b401dcff80cc8b,"3rd9322 - Heatherview Retail Strip Center {Eversun Property, Inc.}",evidenceOfInsurance,Evidence of Insurance,commercialGeneralLiability,Commercial General Liability,evidenceOfInsuranceCommercialGeneralLiabilityGeneralAggregateLimitAppliesPerLocation,General Aggregate Limit Applies per: Location,,matchOnce,must be present,,,non_compliant,Block Requirements,,,false,0,,2026-08-16
"Block Real Estate Services, LLC",6a1df49c26c222d4b96cfefa,6a1df4662575f4fed44df021,KC Smoke Shop,6a1df41623b401dcff80cc8b,"3rd9322 - Heatherview Retail Strip Center {Eversun Property, Inc.}",evidenceOfInsurance,Evidence of Insurance,commercialGeneralLiability,Commercial General Liability,evidenceOfInsuranceCommercialGeneralLiabilityEachOccurrence,Each Occurrence,,matchOnce,must be greater or equal to,1000000,,non_compliant,Block Requirements,,,false,0,,2026-08-16
"Block Real Estate Services, LLC",6a1df49c26c222d4b96cfefa,6a1df4662575f4fed44df021,KC Smoke Shop,6a1df41623b401dcff80cc8b,"3rd9322 - Heatherview Retail Strip Center {Eversun Property, Inc.}",evidenceOfInsurance,Evidence of Insurance,commercialGeneralLiability,Commercial General Liability,evidenceOfInsuranceCommercialGeneralLiabilityGeneralAggregate,General Aggregate,,matchOnce,must be greater or equal to,2000000,,non_compliant,Block Requirements,,,false,0,,2026-08-16
"Block Real Estate Services, LLC",6a1df49c26c222d4b96cfefa,6a1df4662575f4fed44df021,KC Smoke Shop,6a1df41623b401dcff80cc8b,"3rd9322 - Heatherview Retail Strip Center {Eversun Property, Inc.}",evidenceOfInsurance,Evidence of Insurance,commercialGeneralLiability,Commercial General Liability,evidenceOfInsuranceCommercialGeneralLiabilityWaiverOfSubrogationEndorsement,Waiver of Subrogation,"---prompt---
Determine if the insurer has waived their right of subrogation in favor of the certificate holder under the Commercial General Liability policy. Evidence may include: a checked ""Waiver of Subrogation"" box on the certificate, mention in the Description of Operations section stating ""waiver of subrogation applies"", or reference to form CG 24 04. Look for language like ""subrogation is waived"" or ""per written contract"".",matchOnce,must be present,,,non_compliant,Block Requirements,,,false,0,,2026-08-16
"Block Real Estate Services, LLC",6a1df49c26c222d4b96cfefa,6a1df4662575f4fed44df021,KC Smoke Shop,6a1df41623b401dcff80cc8b,"3rd9322 - Heatherview Retail Strip Center {Eversun Property, Inc.}",evidenceOfInsurance,Evidence of Insurance,excessOrUmbrellaLiability,Umbrella/Excess Liability,evidenceOfInsuranceExcessOrUmbrellaLiabilityOccurence,Coverage Trigger: Occurrence,,matchOnce,must be present,,,non_compliant,Block Requirements,,,false,0,,2026-08-16
"Block Real Estate Services, LLC",6a1df49c26c222d4b96cfefa,6a1df4662575f4fed44df021,KC Smoke Shop,6a1df41623b401dcff80cc8b,"3rd9322 - Heatherview Retail Strip Center {Eversun Property, Inc.}",evidenceOfInsurance,Evidence of Insurance,excessOrUmbrellaLiability,Umbrella/Excess Liability,evidenceOfInsuranceExcessOrUmbrellaLiabilityEachOccurrence,Each Occurrence,,matchOnce,must be greater or equal to,1000000,,non_compliant,Block Requirements,,,false,0,,2026-08-16
"Block Real Estate Services, LLC",6a1df49c26c222d4b96cfefa,6a1df4662575f4fed44df021,KC Smoke Shop,6a1df41623b401dcff80cc8b,"3rd9322 - Heatherview Retail Strip Center {Eversun Property, Inc.}",evidenceOfInsurance,Evidence of Insurance,excessOrUmbrellaLiability,Umbrella/Excess Liability,evidenceOfInsuranceExcessOrUmbrellaLiabilityAggregate,Aggregate,,matchOnce,must be greater or equal to,1000000,,non_compliant,Block Requirements,,,false,0,,2026-08-16
"Block Real Estate Services, LLC",6a1df49c26c222d4b96cfefa,6a1df4662575f4fed44df021,KC Smoke Shop,6a1df41623b401dcff80cc8b,"3rd9322 - Heatherview Retail Strip Center {Eversun Property, Inc.}",evidenceOfInsurance,Evidence of Insurance,workersCompensation,Workers' Compensation and Employer's Liability,evidenceOfInsuranceWorkersCompensationStatutoryLimits,Statutory Limits,,matchOnce,must be present,,,non_compliant,Block Requirements,,,false,0,,2026-08-16
"Block Real Estate Services, LLC",6a1df49c26c222d4b96cfefa,6a1df4662575f4fed44df021,KC Smoke Shop,6a1df41623b401dcff80cc8b,"3rd9322 - Heatherview Retail Strip Center {Eversun Property, Inc.}",evidenceOfInsurance,Evidence of Insurance,workersCompensation,Workers' Compensation and Employer's Liability,evidenceOfInsuranceWorkersCompensationEmployersLiabilityEachAccident,Employer's Liability Each Accident,,matchOnce,must be greater or equal to,500000,,non_compliant,Block Requirements,,,false,0,,2026-08-16
"Block Real Estate Services, LLC",6a1df49c26c222d4b96cfefa,6a1df4662575f4fed44df021,KC Smoke Shop,6a1df41623b401dcff80cc8b,"3rd9322 - Heatherview Retail Strip Center {Eversun Property, Inc.}",evidenceOfInsurance,Evidence of Insurance,workersCompensation,Workers' Compensation and Employer's Liability,evidenceOfInsuranceWorkersCompensationEmployersLiabilityDiseaseEachEmployee,Employer's Liability Disease - each employee,,matchOnce,must be greater or equal to,500000,,non_compliant,Block Requirements,,,false,0,,2026-08-16
"Block Real Estate Services, LLC",6a1df49c26c222d4b96cfefa,6a1df4662575f4fed44df021,KC Smoke Shop,6a1df41623b401dcff80cc8b,"3rd9322 - Heatherview Retail Strip Center {Eversun Property, Inc.}",evidenceOfInsurance,Evidence of Insurance,workersCompensation,Workers' Compensation and Employer's Liability,evidenceOfInsuranceWorkersCompensationEmployersLiabilityDiseasePolicyLimit,Employer's Liability Disease - policy limit,,matchOnce,must be greater or equal to,500000,,non_compliant,Block Requirements,,,false,0,,2026-08-16
"Block Real Estate Services, LLC",6a1df49c26c222d4b96cfefa,6a1df4662575f4fed44df021,KC Smoke Shop,6a1df41623b401dcff80cc8b,"3rd9322 - Heatherview Retail Strip Center {Eversun Property, Inc.}",evidenceOfInsurance,Evidence of Insurance,workersCompensation,Workers' Compensation and Employer's Liability,evidenceOfInsuranceWorkersCompensationWaiverOfSubrogationEndorsement,Waiver of Subrogation,"---prompt---
Determine if the insurer has waived their right of subrogation in favor of the certificate holder under the Workers' Compensation policy. Evidence may include: a checked ""Waiver of Subrogation"" box on the certificate, mention in the Description of Operations section stating ""waiver of subrogation applies"", or reference to form WC 00 03 13. Look for language like ""subrogation is waived"" or ""per written contract"".",matchOnce,must be present,,,non_compliant,Block Requirements,,,false,0,,2026-08-16
"Block Real Estate Services, LLC",6a1df49c26c222d4b96cfefa,6a1df4662575f4fed44df021,KC Smoke Shop,6a1df41623b401dcff80cc8b,"3rd9322 - Heatherview Retail Strip Center {Eversun Property, Inc.}",evidenceOfInsurance,Evidence of Insurance,6ac20aae-5728-5d57-b364-aeba38527dba,Additional Requirements,4da5b0f1-4c9d-5885-8cf8-5d3cccaed3e0,"Block Real Estate Services, LLC and all others required by contract are named as Additional Insureds","---prompt---
Determine if the Description of Operations or the Additional Remarks Schedule section states the ""Additional Insured as Construction Management, Inc. and all others required by contract"" or reference to blanket additional insured coverage. Look for language like ""certificate holder is additional insured"" or ""per written contract"".",matchOnce,must be present,,,non_compliant,Block Requirements,,,true,0,,2026-08-16
"Block Real Estate Services, LLC",6a1df49c26c222d4b96cfefa,6a1df4662575f4fed44df021,KC Smoke Shop,6a1df41623b401dcff80cc8b,"3rd9322 - Heatherview Retail Strip Center {Eversun Property, Inc.}",evidenceOfInsurance,Evidence of Insurance,6ac20aae-5728-5d57-b364-aeba38527dba,Additional Requirements,e1017741-e47e-5f58-97b8-fbc3043e919f,Umbrella follows form over General Liability,"---prompt---
Determine if the Umbrella/Excess Liability policy follows form to the underlying policies. Evidence may include: language in the Description of Operations section stating the umbrella follows form to underlying coverages or an additional page endorsement stating that it follows form. Follow form means the umbrella policy adopts the same terms, conditions, and exclusions as the underlying policies.",matchOnce,must be present,,,non_compliant,Block Requirements,,,true,0,,2026-08-16
"Block Real Estate Services, LLC",6a1df49c26c222d4b96cfefa,6a1df4662575f4fed44df021,KC Smoke Shop,6a1df41623b401dcff80cc8b,"3rd9322 - Heatherview Retail Strip Center {Eversun Property, Inc.}",evidenceOfInsurance,Evidence of Insurance,6ac20aae-5728-5d57-b364-aeba38527dba,Additional Requirements,2cdd866f-c9a4-576a-afd8-1d045762790c,The location must be listed as: 9332 North Oak Trafficway Kansas City MO 64155,"---prompt---
Determine if the Description of Operations or the Additional Remarks Schedule section states the location indicated in value field",matchOnce,must be present,,,non_compliant,Block Requirements,,,true,0,,2026-08-16
"Block Real Estate Services, LLC",6a1df49c26c222d4b96cfefa,6a1df4662575f4fed44df021,KC Smoke Shop,6a1df41623b401dcff80cc8b,"3rd9322 - Heatherview Retail Strip Center {Eversun Property, Inc.}",evidenceOfInsurance,Evidence of Insurance,6ac20aae-5728-5d57-b364-aeba38527dba,Additional Requirements,3649e9d1-4e09-59bf-8f30-cb33c40cf117,"Certificate Holder must read: c/o Block Real Estate Services, LLC, 4622 Pennsylvania St., Suite 700, Kansas City, MO, 64112",,matchOnce,must be present,,,non_compliant,Block Requirements,,,true,0,,2026-08-16
"Block Real Estate Services, LLC",6a1df49c26c222d4b96cfef8,6a1df44f98a3fac93a2216bd,Dominos Pizza,6a1df41623b401dcff80cc8b,"3rd9322 - Heatherview Retail Strip Center {Eversun Property, Inc.}",evidenceOfInsurance,Evidence of Insurance,commercialGeneralLiability,Commercial General Liability,evidenceOfInsuranceCommercialGeneralLiabilityCoverageTriggerOccurrence,Coverage Trigger: Occurrence,,matchOnce,must be present,,,non_compliant,Block Requirements,,,false,0,,2026-08-16
"Block Real Estate Services, LLC",6a1df49c26c222d4b96cfef8,6a1df44f98a3fac93a2216bd,Dominos Pizza,6a1df41623b401dcff80cc8b,"3rd9322 - Heatherview Retail Strip Center {Eversun Property, Inc.}",evidenceOfInsurance,Evidence of Insurance,commercialGeneralLiability,Commercial General Liability,evidenceOfInsuranceCommercialGeneralLiabilityGeneralAggregateLimitAppliesPerLocation,General Aggregate Limit Applies per: Location,,matchOnce,must be present,,,non_compliant,Block Requirements,,,false,0,,2026-08-16
"Block Real Estate Services, LLC",6a1df49c26c222d4b96cfef8,6a1df44f98a3fac93a2216bd,Dominos Pizza,6a1df41623b401dcff80cc8b,"3rd9322 - Heatherview Retail Strip Center {Eversun Property, Inc.}",evidenceOfInsurance,Evidence of Insurance,commercialGeneralLiability,Commercial General Liability,evidenceOfInsuranceCommercialGeneralLiabilityEachOccurrence,Each Occurrence,,matchOnce,must be greater or equal to,1000000,,non_compliant,Block Requirements,,,false,0,,2026-08-16
"Block Real Estate Services, LLC",6a1df49c26c222d4b96cfef8,6a1df44f98a3fac93a2216bd,Dominos Pizza,6a1df41623b401dcff80cc8b,"3rd9322 - Heatherview Retail Strip Center {Eversun Property, Inc.}",evidenceOfInsurance,Evidence of Insurance,commercialGeneralLiability,Commercial General Liability,evidenceOfInsuranceCommercialGeneralLiabilityGeneralAggregate,General Aggregate,,matchOnce,must be greater or equal to,2000000,,non_compliant,Block Requirements,,,false,0,,2026-08-16
"Block Real Estate Services, LLC",6a1df49c26c222d4b96cfef8,6a1df44f98a3fac93a2216bd,Dominos Pizza,6a1df41623b401dcff80cc8b,"3rd9322 - Heatherview Retail Strip Center {Eversun Property, Inc.}",evidenceOfInsurance,Evidence of Insurance,commercialGeneralLiability,Commercial General Liability,evidenceOfInsuranceCommercialGeneralLiabilityWaiverOfSubrogationEndorsement,Waiver of Subrogation,"---prompt---
Determine if the insurer has waived their right of subrogation in favor of the certificate holder under the Commercial General Liability policy. Evidence may include: a checked ""Waiver of Subrogation"" box on the certificate, mention in the Description of Operations section stating ""waiver of subrogation applies"", or reference to form CG 24 04. Look for language like ""subrogation is waived"" or ""per written contract"".",matchOnce,must be present,,,non_compliant,Block Requirements,,,false,0,,2026-08-16
"Block Real Estate Services, LLC",6a1df49c26c222d4b96cfef8,6a1df44f98a3fac93a2216bd,Dominos Pizza,6a1df41623b401dcff80cc8b,"3rd9322 - Heatherview Retail Strip Center {Eversun Property, Inc.}",evidenceOfInsurance,Evidence of Insurance,excessOrUmbrellaLiability,Umbrella/Excess Liability,evidenceOfInsuranceExcessOrUmbrellaLiabilityOccurence,Coverage Trigger: Occurrence,,matchOnce,must be present,,,non_compliant,Block Requirements,,,false,0,,2026-08-16
"Block Real Estate Services, LLC",6a1df49c26c222d4b96cfef8,6a1df44f98a3fac93a2216bd,Dominos Pizza,6a1df41623b401dcff80cc8b,"3rd9322 - Heatherview Retail Strip Center {Eversun Property, Inc.}",evidenceOfInsurance,Evidence of Insurance,excessOrUmbrellaLiability,Umbrella/Excess Liability,evidenceOfInsuranceExcessOrUmbrellaLiabilityEachOccurrence,Each Occurrence,,matchOnce,must be greater or equal to,1000000,,non_compliant,Block Requirements,,,false,0,,2026-08-16
"Block Real Estate Services, LLC",6a1df49c26c222d4b96cfef8,6a1df44f98a3fac93a2216bd,Dominos Pizza,6a1df41623b401dcff80cc8b,"3rd9322 - Heatherview Retail Strip Center {Eversun Property, Inc.}",evidenceOfInsurance,Evidence of Insurance,excessOrUmbrellaLiability,Umbrella/Excess Liability,evidenceOfInsuranceExcessOrUmbrellaLiabilityAggregate,Aggregate,,matchOnce,must be greater or equal to,1000000,,non_compliant,Block Requirements,,,false,0,,2026-08-16
"Block Real Estate Services, LLC",6a1df49c26c222d4b96cfef8,6a1df44f98a3fac93a2216bd,Dominos Pizza,6a1df41623b401dcff80cc8b,"3rd9322 - Heatherview Retail Strip Center {Eversun Property, Inc.}",evidenceOfInsurance,Evidence of Insurance,workersCompensation,Workers' Compensation and Employer's Liability,evidenceOfInsuranceWorkersCompensationStatutoryLimits,Statutory Limits,,matchOnce,must be present,,,non_compliant,Block Requirements,,,false,0,,2026-08-16
"Block Real Estate Services, LLC",6a1df49c26c222d4b96cfef8,6a1df44f98a3fac93a2216bd,Dominos Pizza,6a1df41623b401dcff80cc8b,"3rd9322 - Heatherview Retail Strip Center {Eversun Property, Inc.}",evidenceOfInsurance,Evidence of Insurance,workersCompensation,Workers' Compensation and Employer's Liability,evidenceOfInsuranceWorkersCompensationEmployersLiabilityEachAccident,Employer's Liability Each Accident,,matchOnce,must be greater or equal to,500000,,non_compliant,Block Requirements,,,false,0,,2026-08-16
"Block Real Estate Services, LLC",6a1df49c26c222d4b96cfef8,6a1df44f98a3fac93a2216bd,Dominos Pizza,6a1df41623b401dcff80cc8b,"3rd9322 - Heatherview Retail Strip Center {Eversun Property, Inc.}",evidenceOfInsurance,Evidence of Insurance,workersCompensation,Workers' Compensation and Employer's Liability,evidenceOfInsuranceWorkersCompensationEmployersLiabilityDiseaseEachEmployee,Employer's Liability Disease - each employee,,matchOnce,must be greater or equal to,500000,,non_compliant,Block Requirements,,,false,0,,2026-08-16
"Block Real Estate Services, LLC",6a1df49c26c222d4b96cfef8,6a1df44f98a3fac93a2216bd,Dominos Pizza,6a1df41623b401dcff80cc8b,"3rd9322 - Heatherview Retail Strip Center {Eversun Property, Inc.}",evidenceOfInsurance,Evidence of Insurance,workersCompensation,Workers' Compensation and Employer's Liability,evidenceOfInsuranceWorkersCompensationEmployersLiabilityDiseasePolicyLimit,Employer's Liability Disease - policy limit,,matchOnce,must be greater or equal to,500000,,non_compliant,Block Requirements,,,false,0,,2026-08-16
"Block Real Estate Services, LLC",6a1df49c26c222d4b96cfef8,6a1df44f98a3fac93a2216bd,Dominos Pizza,6a1df41623b401dcff80cc8b,"3rd9322 - Heatherview Retail Strip Center {Eversun Property, Inc.}",evidenceOfInsurance,Evidence of Insurance,workersCompensation,Workers' Compensation and Employer's Liability,evidenceOfInsuranceWorkersCompensationWaiverOfSubrogationEndorsement,Waiver of Subrogation,"---prompt---
Determine if the insurer has waived their right of subrogation in favor of the certificate holder under the Workers' Compensation policy. Evidence may include: a checked ""Waiver of Subrogation"" box on the certificate, mention in the Description of Operations section stating ""waiver of subrogation applies"", or reference to form WC 00 03 13. Look for language like ""subrogation is waived"" or ""per written contract"".",matchOnce,must be present,,,non_compliant,Block Requirements,,,false,0,,2026-08-16
"Block Real Estate Services, LLC",6a1df49c26c222d4b96cfef8,6a1df44f98a3fac93a2216bd,Dominos Pizza,6a1df41623b401dcff80cc8b,"3rd9322 - Heatherview Retail Strip Center {Eversun Property, Inc.}",evidenceOfInsurance,Evidence of Insurance,6ac20aae-5728-5d57-b364-aeba38527dba,Additional Requirements,4da5b0f1-4c9d-5885-8cf8-5d3cccaed3e0,"Block Real Estate Services, LLC and all others required by contract are named as Additional Insureds","---prompt---
Determine if the Description of Operations or the Additional Remarks Schedule section states the ""Additional Insured as Construction Management, Inc. and all others required by contract"" or reference to blanket additional insured coverage. Look for language like ""certificate holder is additional insured"" or ""per written contract"".",matchOnce,must be present,,,non_compliant,Block Requirements,,,true,0,,2026-08-16
"Block Real Estate Services, LLC",6a1df49c26c222d4b96cfef8,6a1df44f98a3fac93a2216bd,Dominos Pizza,6a1df41623b401dcff80cc8b,"3rd9322 - Heatherview Retail Strip Center {Eversun Property, Inc.}",evidenceOfInsurance,Evidence of Insurance,6ac20aae-5728-5d57-b364-aeba38527dba,Additional Requirements,e1017741-e47e-5f58-97b8-fbc3043e919f,Umbrella follows form over General Liability,"---prompt---
Determine if the Umbrella/Excess Liability policy follows form to the underlying policies. Evidence may include: language in the Description of Operations section stating the umbrella follows form to underlying coverages or an additional page endorsement stating that it follows form. Follow form means the umbrella policy adopts the same terms, conditions, and exclusions as the underlying policies.",matchOnce,must be present,,,non_compliant,Block Requirements,,,true,0,,2026-08-16
"Block Real Estate Services, LLC",6a1df49c26c222d4b96cfef8,6a1df44f98a3fac93a2216bd,Dominos Pizza,6a1df41623b401dcff80cc8b,"3rd9322 - Heatherview Retail Strip Center {Eversun Property, Inc.}",evidenceOfInsurance,Evidence of Insurance,6ac20aae-5728-5d57-b364-aeba38527dba,Additional Requirements,2cdd866f-c9a4-576a-afd8-1d045762790c,The location must be listed as: 9324 North Oak Trafficway Kansas City MO 64155,"---prompt---
Determine if the Description of Operations or the Additional Remarks Schedule section states the location indicated in value field",matchOnce,must be present,,,non_compliant,Block Requirements,,,true,0,,2026-08-16
"Block Real Estate Services, LLC",6a1df49c26c222d4b96cfef8,6a1df44f98a3fac93a2216bd,Dominos Pizza,6a1df41623b401dcff80cc8b,"3rd9322 - Heatherview Retail Strip Center {Eversun Property, Inc.}",evidenceOfInsurance,Evidence of Insurance,6ac20aae-5728-5d57-b364-aeba38527dba,Additional Requirements,3649e9d1-4e09-59bf-8f30-cb33c40cf117,"Certificate Holder must read: c/o Block Real Estate Services, LLC, 4622 Pennsylvania St., Suite 700, Kansas City, MO, 64112",,matchOnce,must be present,,,non_compliant,Block Requirements,,,true,0,,2026-08-16
"Block Real Estate Services, LLC",6a1df49c26c222d4b96cfef7,6a1df440fec6512786651841,Red Wok Chinese,6a1df41623b401dcff80cc8b,"3rd9322 - Heatherview Retail Strip Center {Eversun Property, Inc.}",evidenceOfInsurance,Evidence of Insurance,commercialGeneralLiability,Commercial General Liability,evidenceOfInsuranceCommercialGeneralLiabilityCoverageTriggerOccurrence,Coverage Trigger: Occurrence,,matchOnce,must be present,,,non_compliant,Block Requirements,,,false,0,,2026-08-16
"Block Real Estate Services, LLC",6a1df49c26c222d4b96cfef7,6a1df440fec6512786651841,Red Wok Chinese,6a1df41623b401dcff80cc8b,"3rd9322 - Heatherview Retail Strip Center {Eversun Property, Inc.}",evidenceOfInsurance,Evidence of Insurance,commercialGeneralLiability,Commercial General Liability,evidenceOfInsuranceCommercialGeneralLiabilityGeneralAggregateLimitAppliesPerLocation,General Aggregate Limit Applies per: Location,,matchOnce,must be present,,,non_compliant,Block Requirements,,,false,0,,2026-08-16
"Block Real Estate Services, LLC",6a1df49c26c222d4b96cfef7,6a1df440fec6512786651841,Red Wok Chinese,6a1df41623b401dcff80cc8b,"3rd9322 - Heatherview Retail Strip Center {Eversun Property, Inc.}",evidenceOfInsurance,Evidence of Insurance,commercialGeneralLiability,Commercial General Liability,evidenceOfInsuranceCommercialGeneralLiabilityEachOccurrence,Each Occurrence,,matchOnce,must be greater or equal to,1000000,,non_compliant,Block Requirements,,,false,0,,2026-08-16
"Block Real Estate Services, LLC",6a1df49c26c222d4b96cfef7,6a1df440fec6512786651841,Red Wok Chinese,6a1df41623b401dcff80cc8b,"3rd9322 - Heatherview Retail Strip Center {Eversun Property, Inc.}",evidenceOfInsurance,Evidence of Insurance,commercialGeneralLiability,Commercial General Liability,evidenceOfInsuranceCommercialGeneralLiabilityGeneralAggregate,General Aggregate,,matchOnce,must be greater or equal to,2000000,,non_compliant,Block Requirements,,,false,0,,2026-08-16
"Block Real Estate Services, LLC",6a1df49c26c222d4b96cfef7,6a1df440fec6512786651841,Red Wok Chinese,6a1df41623b401dcff80cc8b,"3rd9322 - Heatherview Retail Strip Center {Eversun Property, Inc.}",evidenceOfInsurance,Evidence of Insurance,commercialGeneralLiability,Commercial General Liability,evidenceOfInsuranceCommercialGeneralLiabilityWaiverOfSubrogationEndorsement,Waiver of Subrogation,"---prompt---
Determine if the insurer has waived their right of subrogation in favor of the certificate holder under the Commercial General Liability policy. Evidence may include: a checked ""Waiver of Subrogation"" box on the certificate, mention in the Description of Operations section stating ""waiver of subrogation applies"", or reference to form CG 24 04. Look for language like ""subrogation is waived"" or ""per written contract"".",matchOnce,must be present,,,non_compliant,Block Requirements,,,false,0,,2026-08-16
"Block Real Estate Services, LLC",6a1df49c26c222d4b96cfef7,6a1df440fec6512786651841,Red Wok Chinese,6a1df41623b401dcff80cc8b,"3rd9322 - Heatherview Retail Strip Center {Eversun Property, Inc.}",evidenceOfInsurance,Evidence of Insurance,excessOrUmbrellaLiability,Umbrella/Excess Liability,evidenceOfInsuranceExcessOrUmbrellaLiabilityOccurence,Coverage Trigger: Occurrence,,matchOnce,must be present,,,non_compliant,Block Requirements,,,false,0,,2026-08-16
"Block Real Estate Services, LLC",6a1df49c26c222d4b96cfef7,6a1df440fec6512786651841,Red Wok Chinese,6a1df41623b401dcff80cc8b,"3rd9322 - Heatherview Retail Strip Center {Eversun Property, Inc.}",evidenceOfInsurance,Evidence of Insurance,excessOrUmbrellaLiability,Umbrella/Excess Liability,evidenceOfInsuranceExcessOrUmbrellaLiabilityEachOccurrence,Each Occurrence,,matchOnce,must be greater or equal to,1000000,,non_compliant,Block Requirements,,,false,0,,2026-08-16
"Block Real Estate Services, LLC",6a1df49c26c222d4b96cfef7,6a1df440fec6512786651841,Red Wok Chinese,6a1df41623b401dcff80cc8b,"3rd9322 - Heatherview Retail Strip Center {Eversun Property, Inc.}",evidenceOfInsurance,Evidence of Insurance,excessOrUmbrellaLiability,Umbrella/Excess Liability,evidenceOfInsuranceExcessOrUmbrellaLiabilityAggregate,Aggregate,,matchOnce,must be greater or equal to,1000000,,non_compliant,Block Requirements,,,false,0,,2026-08-16
"Block Real Estate Services, LLC",6a1df49c26c222d4b96cfef7,6a1df440fec6512786651841,Red Wok Chinese,6a1df41623b401dcff80cc8b,"3rd9322 - Heatherview Retail Strip Center {Eversun Property, Inc.}",evidenceOfInsurance,Evidence of Insurance,workersCompensation,Workers' Compensation and Employer's Liability,evidenceOfInsuranceWorkersCompensationStatutoryLimits,Statutory Limits,,matchOnce,must be present,,,non_compliant,Block Requirements,,,false,0,,2026-08-16
"Block Real Estate Services, LLC",6a1df49c26c222d4b96cfef7,6a1df440fec6512786651841,Red Wok Chinese,6a1df41623b401dcff80cc8b,"3rd9322 - Heatherview Retail Strip Center {Eversun Property, Inc.}",evidenceOfInsurance,Evidence of Insurance,workersCompensation,Workers' Compensation and Employer's Liability,evidenceOfInsuranceWorkersCompensationEmployersLiabilityEachAccident,Employer's Liability Each Accident,,matchOnce,must be greater or equal to,500000,,non_compliant,Block Requirements,,,false,0,,2026-08-16
"Block Real Estate Services, LLC",6a1df49c26c222d4b96cfef7,6a1df440fec6512786651841,Red Wok Chinese,6a1df41623b401dcff80cc8b,"3rd9322 - Heatherview Retail Strip Center {Eversun Property, Inc.}",evidenceOfInsurance,Evidence of Insurance,workersCompensation,Workers' Compensation and Employer's Liability,evidenceOfInsuranceWorkersCompensationEmployersLiabilityDiseaseEachEmployee,Employer's Liability Disease - each employee,,matchOnce,must be greater or equal to,500000,,non_compliant,Block Requirements,,,false,0,,2026-08-16
"Block Real Estate Services, LLC",6a1df49c26c222d4b96cfef7,6a1df440fec6512786651841,Red Wok Chinese,6a1df41623b401dcff80cc8b,"3rd9322 - Heatherview Retail Strip Center {Eversun Property, Inc.}",evidenceOfInsurance,Evidence of Insurance,workersCompensation,Workers' Compensation and Employer's Liability,evidenceOfInsuranceWorkersCompensationEmployersLiabilityDiseasePolicyLimit,Employer's Liability Disease - policy limit,,matchOnce,must be greater or equal to,500000,,non_compliant,Block Requirements,,,false,0,,2026-08-16
"Block Real Estate Services, LLC",6a1df49c26c222d4b96cfef7,6a1df440fec6512786651841,Red Wok Chinese,6a1df41623b401dcff80cc8b,"3rd9322 - Heatherview Retail Strip Center {Eversun Property, Inc.}",evidenceOfInsurance,Evidence of Insurance,workersCompensation,Workers' Compensation and Employer's Liability,evidenceOfInsuranceWorkersCompensationWaiverOfSubrogationEndorsement,Waiver of Subrogation,"---prompt---
Determine if the insurer has waived their right of subrogation in favor of the certificate holder under the Workers' Compensation policy. Evidence may include: a checked ""Waiver of Subrogation"" box on the certificate, mention in the Description of Operations section stating ""waiver of subrogation applies"", or reference to form WC 00 03 13. Look for language like ""subrogation is waived"" or ""per written contract"".",matchOnce,must be present,,,non_compliant,Block Requirements,,,false,0,,2026-08-16
"Block Real Estate Services, LLC",6a1df49c26c222d4b96cfef7,6a1df440fec6512786651841,Red Wok Chinese,6a1df41623b401dcff80cc8b,"3rd9322 - Heatherview Retail Strip Center {Eversun Property, Inc.}",evidenceOfInsurance,Evidence of Insurance,6ac20aae-5728-5d57-b364-aeba38527dba,Additional Requirements,4da5b0f1-4c9d-5885-8cf8-5d3cccaed3e0,"Block Real Estate Services, LLC and all others required by contract are named as Additional Insureds","---prompt---
Determine if the Description of Operations or the Additional Remarks Schedule section states the ""Additional Insured as Construction Management, Inc. and all others required by contract"" or reference to blanket additional insured coverage. Look for language like ""certificate holder is additional insured"" or ""per written contract"".",matchOnce,must be present,,,non_compliant,Block Requirements,,,true,0,,2026-08-16
"Block Real Estate Services, LLC",6a1df49c26c222d4b96cfef7,6a1df440fec6512786651841,Red Wok Chinese,6a1df41623b401dcff80cc8b,"3rd9322 - Heatherview Retail Strip Center {Eversun Property, Inc.}",evidenceOfInsurance,Evidence of Insurance,6ac20aae-5728-5d57-b364-aeba38527dba,Additional Requirements,e1017741-e47e-5f58-97b8-fbc3043e919f,Umbrella follows form over General Liability,"---prompt---
Determine if the Umbrella/Excess Liability policy follows form to the underlying policies. Evidence may include: language in the Description of Operations section stating the umbrella follows form to underlying coverages or an additional page endorsement stating that it follows form. Follow form means the umbrella policy adopts the same terms, conditions, and exclusions as the underlying policies.",matchOnce,must be present,,,non_compliant,Block Requirements,,,true,0,,2026-08-16
"Block Real Estate Services, LLC",6a1df49c26c222d4b96cfef7,6a1df440fec6512786651841,Red Wok Chinese,6a1df41623b401dcff80cc8b,"3rd9322 - Heatherview Retail Strip Center {Eversun Property, Inc.}",evidenceOfInsurance,Evidence of Insurance,6ac20aae-5728-5d57-b364-aeba38527dba,Additional Requirements,2cdd866f-c9a4-576a-afd8-1d045762790c,The location must be listed as: 9322 North Oak Trafficway Kansas City MO 64155,"---prompt---
Determine if the Description of Operations or the Additional Remarks Schedule section states the location indicated in value field",matchOnce,must be present,,,non_compliant,Block Requirements,,,true,0,,2026-08-16
"Block Real Estate Services, LLC",6a1df49c26c222d4b96cfef7,6a1df440fec6512786651841,Red Wok Chinese,6a1df41623b401dcff80cc8b,"3rd9322 - Heatherview Retail Strip Center {Eversun Property, Inc.}",evidenceOfInsurance,Evidence of Insurance,6ac20aae-5728-5d57-b364-aeba38527dba,Additional Requirements,3649e9d1-4e09-59bf-8f30-cb33c40cf117,"Certificate Holder must read: c/o Block Real Estate Services, LLC, 4622 Pennsylvania St., Suite 700, Kansas City, MO, 64112",,matchOnce,must be present,,,non_compliant,Block Requirements,,,true,0,,2026-08-16
"Block Real Estate Services, LLC",6a1df49c26c222d4b96cfefb,6a1df472b9a647219f2f2916,Jeweler's Bench,6a1df41623b401dcff80cc8b,"3rd9322 - Heatherview Retail Strip Center {Eversun Property, Inc.}",evidenceOfInsurance,Evidence of Insurance,commercialGeneralLiability,Commercial General Liability,evidenceOfInsuranceCommercialGeneralLiabilityCoverageTriggerOccurrence,Coverage Trigger: Occurrence,,matchOnce,must be present,,,non_compliant,Block Requirements,,,false,0,,2026-08-16
"Block Real Estate Services, LLC",6a1df49c26c222d4b96cfefb,6a1df472b9a647219f2f2916,Jeweler's Bench,6a1df41623b401dcff80cc8b,"3rd9322 - Heatherview Retail Strip Center {Eversun Property, Inc.}",evidenceOfInsurance,Evidence of Insurance,commercialGeneralLiability,Commercial General Liability,evidenceOfInsuranceCommercialGeneralLiabilityGeneralAggregateLimitAppliesPerLocation,General Aggregate Limit Applies per: Location,,matchOnce,must be present,,,non_compliant,Block Requirements,,,false,0,,2026-08-16
"Block Real Estate Services, LLC",6a1df49c26c222d4b96cfefb,6a1df472b9a647219f2f2916,Jeweler's Bench,6a1df41623b401dcff80cc8b,"3rd9322 - Heatherview Retail Strip Center {Eversun Property, Inc.}",evidenceOfInsurance,Evidence of Insurance,commercialGeneralLiability,Commercial General Liability,evidenceOfInsuranceCommercialGeneralLiabilityEachOccurrence,Each Occurrence,,matchOnce,must be greater or equal to,1000000,,non_compliant,Block Requirements,,,false,0,,2026-08-16
"Block Real Estate Services, LLC",6a1df49c26c222d4b96cfefb,6a1df472b9a647219f2f2916,Jeweler's Bench,6a1df41623b401dcff80cc8b,"3rd9322 - Heatherview Retail Strip Center {Eversun Property, Inc.}",evidenceOfInsurance,Evidence of Insurance,commercialGeneralLiability,Commercial General Liability,evidenceOfInsuranceCommercialGeneralLiabilityGeneralAggregate,General Aggregate,,matchOnce,must be greater or equal to,2000000,,non_compliant,Block Requirements,,,false,0,,2026-08-16
"Block Real Estate Services, LLC",6a1df49c26c222d4b96cfefb,6a1df472b9a647219f2f2916,Jeweler's Bench,6a1df41623b401dcff80cc8b,"3rd9322 - Heatherview Retail Strip Center {Eversun Property, Inc.}",evidenceOfInsurance,Evidence of Insurance,commercialGeneralLiability,Commercial General Liability,evidenceOfInsuranceCommercialGeneralLiabilityWaiverOfSubrogationEndorsement,Waiver of Subrogation,"---prompt---
Determine if the insurer has waived their right of subrogation in favor of the certificate holder under the Commercial General Liability policy. Evidence may include: a checked ""Waiver of Subrogation"" box on the certificate, mention in the Description of Operations section stating ""waiver of subrogation applies"", or reference to form CG 24 04. Look for language like ""subrogation is waived"" or ""per written contract"".",matchOnce,must be present,,,non_compliant,Block Requirements,,,false,0,,2026-08-16
"Block Real Estate Services, LLC",6a1df49c26c222d4b96cfefb,6a1df472b9a647219f2f2916,Jeweler's Bench,6a1df41623b401dcff80cc8b,"3rd9322 - Heatherview Retail Strip Center {Eversun Property, Inc.}",evidenceOfInsurance,Evidence of Insurance,excessOrUmbrellaLiability,Umbrella/Excess Liability,evidenceOfInsuranceExcessOrUmbrellaLiabilityOccurence,Coverage Trigger: Occurrence,,matchOnce,must be present,,,non_compliant,Block Requirements,,,false,0,,2026-08-16
"Block Real Estate Services, LLC",6a1df49c26c222d4b96cfefb,6a1df472b9a647219f2f2916,Jeweler's Bench,6a1df41623b401dcff80cc8b,"3rd9322 - Heatherview Retail Strip Center {Eversun Property, Inc.}",evidenceOfInsurance,Evidence of Insurance,excessOrUmbrellaLiability,Umbrella/Excess Liability,evidenceOfInsuranceExcessOrUmbrellaLiabilityEachOccurrence,Each Occurrence,,matchOnce,must be greater or equal to,1000000,,non_compliant,Block Requirements,,,false,0,,2026-08-16
"Block Real Estate Services, LLC",6a1df49c26c222d4b96cfefb,6a1df472b9a647219f2f2916,Jeweler's Bench,6a1df41623b401dcff80cc8b,"3rd9322 - Heatherview Retail Strip Center {Eversun Property, Inc.}",evidenceOfInsurance,Evidence of Insurance,excessOrUmbrellaLiability,Umbrella/Excess Liability,evidenceOfInsuranceExcessOrUmbrellaLiabilityAggregate,Aggregate,,matchOnce,must be greater or equal to,1000000,,non_compliant,Block Requirements,,,false,0,,2026-08-16
"Block Real Estate Services, LLC",6a1df49c26c222d4b96cfefb,6a1df472b9a647219f2f2916,Jeweler's Bench,6a1df41623b401dcff80cc8b,"3rd9322 - Heatherview Retail Strip Center {Eversun Property, Inc.}",evidenceOfInsurance,Evidence of Insurance,workersCompensation,Workers' Compensation and Employer's Liability,evidenceOfInsuranceWorkersCompensationStatutoryLimits,Statutory Limits,,matchOnce,must be present,,,non_compliant,Block Requirements,,,false,0,,2026-08-16
"Block Real Estate Services, LLC",6a1df49c26c222d4b96cfefb,6a1df472b9a647219f2f2916,Jeweler's Bench,6a1df41623b401dcff80cc8b,"3rd9322 - Heatherview Retail Strip Center {Eversun Property, Inc.}",evidenceOfInsurance,Evidence of Insurance,workersCompensation,Workers' Compensation and Employer's Liability,evidenceOfInsuranceWorkersCompensationEmployersLiabilityEachAccident,Employer's Liability Each Accident,,matchOnce,must be greater or equal to,500000,,non_compliant,Block Requirements,,,false,0,,2026-08-16
"Block Real Estate Services, LLC",6a1df49c26c222d4b96cfefb,6a1df472b9a647219f2f2916,Jeweler's Bench,6a1df41623b401dcff80cc8b,"3rd9322 - Heatherview Retail Strip Center {Eversun Property, Inc.}",evidenceOfInsurance,Evidence of Insurance,workersCompensation,Workers' Compensation and Employer's Liability,evidenceOfInsuranceWorkersCompensationEmployersLiabilityDiseaseEachEmployee,Employer's Liability Disease - each employee,,matchOnce,must be greater or equal to,500000,,non_compliant,Block Requirements,,,false,0,,2026-08-16
"Block Real Estate Services, LLC",6a1df49c26c222d4b96cfefb,6a1df472b9a647219f2f2916,Jeweler's Bench,6a1df41623b401dcff80cc8b,"3rd9322 - Heatherview Retail Strip Center {Eversun Property, Inc.}",evidenceOfInsurance,Evidence of Insurance,workersCompensation,Workers' Compensation and Employer's Liability,evidenceOfInsuranceWorkersCompensationEmployersLiabilityDiseasePolicyLimit,Employer's Liability Disease - policy limit,,matchOnce,must be greater or equal to,500000,,non_compliant,Block Requirements,,,false,0,,2026-08-16
"Block Real Estate Services, LLC",6a1df49c26c222d4b96cfefb,6a1df472b9a647219f2f2916,Jeweler's Bench,6a1df41623b401dcff80cc8b,"3rd9322 - Heatherview Retail Strip Center {Eversun Property, Inc.}",evidenceOfInsurance,Evidence of Insurance,workersCompensation,Workers' Compensation and Employer's Liability,evidenceOfInsuranceWorkersCompensationWaiverOfSubrogationEndorsement,Waiver of Subrogation,"---prompt---
Determine if the insurer has waived their right of subrogation in favor of the certificate holder under the Workers' Compensation policy. Evidence may include: a checked ""Waiver of Subrogation"" box on the certificate, mention in the Description of Operations section stating ""waiver of subrogation applies"", or reference to form WC 00 03 13. Look for language like ""subrogation is waived"" or ""per written contract"".",matchOnce,must be present,,,non_compliant,Block Requirements,,,false,0,,2026-08-16
"Block Real Estate Services, LLC",6a1df49c26c222d4b96cfefb,6a1df472b9a647219f2f2916,Jeweler's Bench,6a1df41623b401dcff80cc8b,"3rd9322 - Heatherview Retail Strip Center {Eversun Property, Inc.}",evidenceOfInsurance,Evidence of Insurance,6ac20aae-5728-5d57-b364-aeba38527dba,Additional Requirements,4da5b0f1-4c9d-5885-8cf8-5d3cccaed3e0,"Block Real Estate Services, LLC and all others required by contract are named as Additional Insureds","---prompt---
Determine if the Description of Operations or the Additional Remarks Schedule section states the ""Additional Insured as Construction Management, Inc. and all others required by contract"" or reference to blanket additional insured coverage. Look for language like ""certificate holder is additional insured"" or ""per written contract"".",matchOnce,must be present,,,non_compliant,Block Requirements,,,true,0,,2026-08-16
"Block Real Estate Services, LLC",6a1df49c26c222d4b96cfefb,6a1df472b9a647219f2f2916,Jeweler's Bench,6a1df41623b401dcff80cc8b,"3rd9322 - Heatherview Retail Strip Center {Eversun Property, Inc.}",evidenceOfInsurance,Evidence of Insurance,6ac20aae-5728-5d57-b364-aeba38527dba,Additional Requirements,e1017741-e47e-5f58-97b8-fbc3043e919f,Umbrella follows form over General Liability,"---prompt---
Determine if the Umbrella/Excess Liability policy follows form to the underlying policies. Evidence may include: language in the Description of Operations section stating the umbrella follows form to underlying coverages or an additional page endorsement stating that it follows form. Follow form means the umbrella policy adopts the same terms, conditions, and exclusions as the underlying policies.",matchOnce,must be present,,,non_compliant,Block Requirements,,,true,0,,2026-08-16
"Block Real Estate Services, LLC",6a1df49c26c222d4b96cfefb,6a1df472b9a647219f2f2916,Jeweler's Bench,6a1df41623b401dcff80cc8b,"3rd9322 - Heatherview Retail Strip Center {Eversun Property, Inc.}",evidenceOfInsurance,Evidence of Insurance,6ac20aae-5728-5d57-b364-aeba38527dba,Additional Requirements,2cdd866f-c9a4-576a-afd8-1d045762790c,The location must be listed as: 9334 North Oak Trafficway Kansas City MO 64155,"---prompt---
Determine if the Description of Operations or the Additional Remarks Schedule section states the location indicated in value field",matchOnce,must be present,,,non_compliant,Block Requirements,,,true,0,,2026-08-16
"Block Real Estate Services, LLC",6a1df49c26c222d4b96cfefb,6a1df472b9a647219f2f2916,Jeweler's Bench,6a1df41623b401dcff80cc8b,"3rd9322 - Heatherview Retail Strip Center {Eversun Property, Inc.}",evidenceOfInsurance,Evidence of Insurance,6ac20aae-5728-5d57-b364-aeba38527dba,Additional Requirements,3649e9d1-4e09-59bf-8f30-cb33c40cf117,"Certificate Holder must read: c/o Block Real Estate Services, LLC, 4622 Pennsylvania St., Suite 700, Kansas City, MO, 64112",,matchOnce,must be present,,,non_compliant,Block Requirements,,,true,0,,2026-08-16
"Block Real Estate Services, LLC",6a1df49c26c222d4b96cfef9,6a1df45b23b401dcff80d7c4,Salon 152,6a1df41623b401dcff80cc8b,"3rd9322 - Heatherview Retail Strip Center {Eversun Property, Inc.}",evidenceOfInsurance,Evidence of Insurance,commercialGeneralLiability,Commercial General Liability,evidenceOfInsuranceCommercialGeneralLiabilityCoverageTriggerOccurrence,Coverage Trigger: Occurrence,,matchOnce,must be present,,,non_compliant,Block Requirements,,,false,0,,2026-08-16
"Block Real Estate Services, LLC",6a1df49c26c222d4b96cfef9,6a1df45b23b401dcff80d7c4,Salon 152,6a1df41623b401dcff80cc8b,"3rd9322 - Heatherview Retail Strip Center {Eversun Property, Inc.}",evidenceOfInsurance,Evidence of Insurance,commercialGeneralLiability,Commercial General Liability,evidenceOfInsuranceCommercialGeneralLiabilityGeneralAggregateLimitAppliesPerLocation,General Aggregate Limit Applies per: Location,,matchOnce,must be present,,,non_compliant,Block Requirements,,,false,0,,2026-08-16
"Block Real Estate Services, LLC",6a1df49c26c222d4b96cfef9,6a1df45b23b401dcff80d7c4,Salon 152,6a1df41623b401dcff80cc8b,"3rd9322 - Heatherview Retail Strip Center {Eversun Property, Inc.}",evidenceOfInsurance,Evidence of Insurance,commercialGeneralLiability,Commercial General Liability,evidenceOfInsuranceCommercialGeneralLiabilityEachOccurrence,Each Occurrence,,matchOnce,must be greater or equal to,1000000,,non_compliant,Block Requirements,,,false,0,,2026-08-16
"Block Real Estate Services, LLC",6a1df49c26c222d4b96cfef9,6a1df45b23b401dcff80d7c4,Salon 152,6a1df41623b401dcff80cc8b,"3rd9322 - Heatherview Retail Strip Center {Eversun Property, Inc.}",evidenceOfInsurance,Evidence of Insurance,commercialGeneralLiability,Commercial General Liability,evidenceOfInsuranceCommercialGeneralLiabilityGeneralAggregate,General Aggregate,,matchOnce,must be greater or equal to,2000000,,non_compliant,Block Requirements,,,false,0,,2026-08-16
"Block Real Estate Services, LLC",6a1df49c26c222d4b96cfef9,6a1df45b23b401dcff80d7c4,Salon 152,6a1df41623b401dcff80cc8b,"3rd9322 - Heatherview Retail Strip Center {Eversun Property, Inc.}",evidenceOfInsurance,Evidence of Insurance,commercialGeneralLiability,Commercial General Liability,evidenceOfInsuranceCommercialGeneralLiabilityWaiverOfSubrogationEndorsement,Waiver of Subrogation,"---prompt---
Determine if the insurer has waived their right of subrogation in favor of the certificate holder under the Commercial General Liability policy. Evidence may include: a checked ""Waiver of Subrogation"" box on the certificate, mention in the Description of Operations section stating ""waiver of subrogation applies"", or reference to form CG 24 04. Look for language like ""subrogation is waived"" or ""per written contract"".",matchOnce,must be present,,,non_compliant,Block Requirements,,,false,0,,2026-08-16
"Block Real Estate Services, LLC",6a1df49c26c222d4b96cfef9,6a1df45b23b401dcff80d7c4,Salon 152,6a1df41623b401dcff80cc8b,"3rd9322 - Heatherview Retail Strip Center {Eversun Property, Inc.}",evidenceOfInsurance,Evidence of Insurance,excessOrUmbrellaLiability,Umbrella/Excess Liability,evidenceOfInsuranceExcessOrUmbrellaLiabilityOccurence,Coverage Trigger: Occurrence,,matchOnce,must be present,,,non_compliant,Block Requirements,,,false,0,,2026-08-16
"Block Real Estate Services, LLC",6a1df49c26c222d4b96cfef9,6a1df45b23b401dcff80d7c4,Salon 152,6a1df41623b401dcff80cc8b,"3rd9322 - Heatherview Retail Strip Center {Eversun Property, Inc.}",evidenceOfInsurance,Evidence of Insurance,excessOrUmbrellaLiability,Umbrella/Excess Liability,evidenceOfInsuranceExcessOrUmbrellaLiabilityEachOccurrence,Each Occurrence,,matchOnce,must be greater or equal to,1000000,,non_compliant,Block Requirements,,,false,0,,2026-08-16
"Block Real Estate Services, LLC",6a1df49c26c222d4b96cfef9,6a1df45b23b401dcff80d7c4,Salon 152,6a1df41623b401dcff80cc8b,"3rd9322 - Heatherview Retail Strip Center {Eversun Property, Inc.}",evidenceOfInsurance,Evidence of Insurance,excessOrUmbrellaLiability,Umbrella/Excess Liability,evidenceOfInsuranceExcessOrUmbrellaLiabilityAggregate,Aggregate,,matchOnce,must be greater or equal to,1000000,,non_compliant,Block Requirements,,,false,0,,2026-08-16
"Block Real Estate Services, LLC",6a1df49c26c222d4b96cfef9,6a1df45b23b401dcff80d7c4,Salon 152,6a1df41623b401dcff80cc8b,"3rd9322 - Heatherview Retail Strip Center {Eversun Property, Inc.}",evidenceOfInsurance,Evidence of Insurance,workersCompensation,Workers' Compensation and Employer's Liability,evidenceOfInsuranceWorkersCompensationStatutoryLimits,Statutory Limits,,matchOnce,must be present,,,non_compliant,Block Requirements,,,false,0,,2026-08-16
"Block Real Estate Services, LLC",6a1df49c26c222d4b96cfef9,6a1df45b23b401dcff80d7c4,Salon 152,6a1df41623b401dcff80cc8b,"3rd9322 - Heatherview Retail Strip Center {Eversun Property, Inc.}",evidenceOfInsurance,Evidence of Insurance,workersCompensation,Workers' Compensation and Employer's Liability,evidenceOfInsuranceWorkersCompensationEmployersLiabilityEachAccident,Employer's Liability Each Accident,,matchOnce,must be greater or equal to,500000,,non_compliant,Block Requirements,,,false,0,,2026-08-16
"Block Real Estate Services, LLC",6a1df49c26c222d4b96cfef9,6a1df45b23b401dcff80d7c4,Salon 152,6a1df41623b401dcff80cc8b,"3rd9322 - Heatherview Retail Strip Center {Eversun Property, Inc.}",evidenceOfInsurance,Evidence of Insurance,workersCompensation,Workers' Compensation and Employer's Liability,evidenceOfInsuranceWorkersCompensationEmployersLiabilityDiseaseEachEmployee,Employer's Liability Disease - each employee,,matchOnce,must be greater or equal to,500000,,non_compliant,Block Requirements,,,false,0,,2026-08-16
"Block Real Estate Services, LLC",6a1df49c26c222d4b96cfef9,6a1df45b23b401dcff80d7c4,Salon 152,6a1df41623b401dcff80cc8b,"3rd9322 - Heatherview Retail Strip Center {Eversun Property, Inc.}",evidenceOfInsurance,Evidence of Insurance,workersCompensation,Workers' Compensation and Employer's Liability,evidenceOfInsuranceWorkersCompensationEmployersLiabilityDiseasePolicyLimit,Employer's Liability Disease - policy limit,,matchOnce,must be greater or equal to,500000,,non_compliant,Block Requirements,,,false,0,,2026-08-16
"Block Real Estate Services, LLC",6a1df49c26c222d4b96cfef9,6a1df45b23b401dcff80d7c4,Salon 152,6a1df41623b401dcff80cc8b,"3rd9322 - Heatherview Retail Strip Center {Eversun Property, Inc.}",evidenceOfInsurance,Evidence of Insurance,workersCompensation,Workers' Compensation and Employer's Liability,evidenceOfInsuranceWorkersCompensationWaiverOfSubrogationEndorsement,Waiver of Subrogation,"---prompt---
Determine if the insurer has waived their right of subrogation in favor of the certificate holder under the Workers' Compensation policy. Evidence may include: a checked ""Waiver of Subrogation"" box on the certificate, mention in the Description of Operations section stating ""waiver of subrogation applies"", or reference to form WC 00 03 13. Look for language like ""subrogation is waived"" or ""per written contract"".",matchOnce,must be present,,,non_compliant,Block Requirements,,,false,0,,2026-08-16
"Block Real Estate Services, LLC",6a1df49c26c222d4b96cfef9,6a1df45b23b401dcff80d7c4,Salon 152,6a1df41623b401dcff80cc8b,"3rd9322 - Heatherview Retail Strip Center {Eversun Property, Inc.}",evidenceOfInsurance,Evidence of Insurance,6ac20aae-5728-5d57-b364-aeba38527dba,Additional Requirements,4da5b0f1-4c9d-5885-8cf8-5d3cccaed3e0,"Block Real Estate Services, LLC and all others required by contract are named as Additional Insureds","---prompt---
Determine if the Description of Operations or the Additional Remarks Schedule section states the ""Additional Insured as Construction Management, Inc. and all others required by contract"" or reference to blanket additional insured coverage. Look for language like ""certificate holder is additional insured"" or ""per written contract"".",matchOnce,must be present,,,non_compliant,Block Requirements,,,true,0,,2026-08-16
"Block Real Estate Services, LLC",6a1df49c26c222d4b96cfef9,6a1df45b23b401dcff80d7c4,Salon 152,6a1df41623b401dcff80cc8b,"3rd9322 - Heatherview Retail Strip Center {Eversun Property, Inc.}",evidenceOfInsurance,Evidence of Insurance,6ac20aae-5728-5d57-b364-aeba38527dba,Additional Requirements,e1017741-e47e-5f58-97b8-fbc3043e919f,Umbrella follows form over General Liability,"---prompt---
Determine if the Umbrella/Excess Liability policy follows form to the underlying policies. Evidence may include: language in the Description of Operations section stating the umbrella follows form to underlying coverages or an additional page endorsement stating that it follows form. Follow form means the umbrella policy adopts the same terms, conditions, and exclusions as the underlying policies.",matchOnce,must be present,,,non_compliant,Block Requirements,,,true,0,,2026-08-16
"Block Real Estate Services, LLC",6a1df49c26c222d4b96cfef9,6a1df45b23b401dcff80d7c4,Salon 152,6a1df41623b401dcff80cc8b,"3rd9322 - Heatherview Retail Strip Center {Eversun Property, Inc.}",evidenceOfInsurance,Evidence of Insurance,6ac20aae-5728-5d57-b364-aeba38527dba,Additional Requirements,2cdd866f-c9a4-576a-afd8-1d045762790c,The location must be listed as: 9328 North Oak Trafficway Kansas City MO 64155,"---prompt---
Determine if the Description of Operations or the Additional Remarks Schedule section states the location indicated in value field",matchOnce,must be present,,,non_compliant,Block Requirements,,,true,0,,2026-08-16
"Block Real Estate Services, LLC",6a1df49c26c222d4b96cfef9,6a1df45b23b401dcff80d7c4,Salon 152,6a1df41623b401dcff80cc8b,"3rd9322 - Heatherview Retail Strip Center {Eversun Property, Inc.}",evidenceOfInsurance,Evidence of Insurance,6ac20aae-5728-5d57-b364-aeba38527dba,Additional Requirements,3649e9d1-4e09-59bf-8f30-cb33c40cf117,"Certificate Holder must read: c/o Block Real Estate Services, LLC, 4622 Pennsylvania St., Suite 700, Kansas City, MO, 64112",,matchOnce,must be present,,,non_compliant,Block Requirements,,,true,0,,2026-08-16
"Block Real Estate Services, LLC",6a1df85a32dcd24336dea846,6a1df835fec651278665b987,"CBS Outdoor, Inc.",6a1df8210a51a0db79c129cd,"3rd487 - Max Swade {MJR, LLC}",evidenceOfInsurance,Evidence of Insurance,commercialGeneralLiability,Commercial General Liability,evidenceOfInsuranceCommercialGeneralLiabilityCoverageTriggerOccurrence,Coverage Trigger: Occurrence,,matchOnce,must be present,,,non_compliant,Block Requirements,,,false,0,,2026-08-16
"Block Real Estate Services, LLC",6a1df85a32dcd24336dea846,6a1df835fec651278665b987,"CBS Outdoor, Inc.",6a1df8210a51a0db79c129cd,"3rd487 - Max Swade {MJR, LLC}",evidenceOfInsurance,Evidence of Insurance,commercialGeneralLiability,Commercial General Liability,evidenceOfInsuranceCommercialGeneralLiabilityGeneralAggregateLimitAppliesPerLocation,General Aggregate Limit Applies per: Location,,matchOnce,must be present,,,non_compliant,Block Requirements,,,false,0,,2026-08-16
"Block Real Estate Services, LLC",6a1df85a32dcd24336dea846,6a1df835fec651278665b987,"CBS Outdoor, Inc.",6a1df8210a51a0db79c129cd,"3rd487 - Max Swade {MJR, LLC}",evidenceOfInsurance,Evidence of Insurance,commercialGeneralLiability,Commercial General Liability,evidenceOfInsuranceCommercialGeneralLiabilityEachOccurrence,Each Occurrence,,matchOnce,must be greater or equal to,1000000,,non_compliant,Block Requirements,,,false,0,,2026-08-16
"Block Real Estate Services, LLC",6a1df85a32dcd24336dea846,6a1df835fec651278665b987,"CBS Outdoor, Inc.",6a1df8210a51a0db79c129cd,"3rd487 - Max Swade {MJR, LLC}",evidenceOfInsurance,Evidence of Insurance,commercialGeneralLiability,Commercial General Liability,evidenceOfInsuranceCommercialGeneralLiabilityGeneralAggregate,General Aggregate,,matchOnce,must be greater or equal to,2000000,,non_compliant,Block Requirements,,,false,0,,2026-08-16
"Block Real Estate Services, LLC",6a1df85a32dcd24336dea846,6a1df835fec651278665b987,"CBS Outdoor, Inc.",6a1df8210a51a0db79c129cd,"3rd487 - Max Swade {MJR, LLC}",evidenceOfInsurance,Evidence of Insurance,commercialGeneralLiability,Commercial General Liability,evidenceOfInsuranceCommercialGeneralLiabilityWaiverOfSubrogationEndorsement,Waiver of Subrogation,"---prompt---
Determine if the insurer has waived their right of subrogation in favor of the certificate holder under the Commercial General Liability policy. Evidence may include: a checked ""Waiver of Subrogation"" box on the certificate, mention in the Description of Operations section stating ""waiver of subrogation applies"", or reference to form CG 24 04. Look for language like ""subrogation is waived"" or ""per written contract"".",matchOnce,must be present,,,non_compliant,Block Requirements,,,false,0,,2026-08-16
"Block Real Estate Services, LLC",6a1df85a32dcd24336dea846,6a1df835fec651278665b987,"CBS Outdoor, Inc.",6a1df8210a51a0db79c129cd,"3rd487 - Max Swade {MJR, LLC}",evidenceOfInsurance,Evidence of Insurance,excessOrUmbrellaLiability,Umbrella/Excess Liability,evidenceOfInsuranceExcessOrUmbrellaLiabilityOccurence,Coverage Trigger: Occurrence,,matchOnce,must be present,,,non_compliant,Block Requirements,,,false,0,,2026-08-16
"Block Real Estate Services, LLC",6a1df85a32dcd24336dea846,6a1df835fec651278665b987,"CBS Outdoor, Inc.",6a1df8210a51a0db79c129cd,"3rd487 - Max Swade {MJR, LLC}",evidenceOfInsurance,Evidence of Insurance,excessOrUmbrellaLiability,Umbrella/Excess Liability,evidenceOfInsuranceExcessOrUmbrellaLiabilityEachOccurrence,Each Occurrence,,matchOnce,must be greater or equal to,1000000,,non_compliant,Block Requirements,,,false,0,,2026-08-16
"Block Real Estate Services, LLC",6a1df85a32dcd24336dea846,6a1df835fec651278665b987,"CBS Outdoor, Inc.",6a1df8210a51a0db79c129cd,"3rd487 - Max Swade {MJR, LLC}",evidenceOfInsurance,Evidence of Insurance,excessOrUmbrellaLiability,Umbrella/Excess Liability,evidenceOfInsuranceExcessOrUmbrellaLiabilityAggregate,Aggregate,,matchOnce,must be greater or equal to,1000000,,non_compliant,Block Requirements,,,false,0,,2026-08-16
"Block Real Estate Services, LLC",6a1df85a32dcd24336dea846,6a1df835fec651278665b987,"CBS Outdoor, Inc.",6a1df8210a51a0db79c129cd,"3rd487 - Max Swade {MJR, LLC}",evidenceOfInsurance,Evidence of Insurance,workersCompensation,Workers' Compensation and Employer's Liability,evidenceOfInsuranceWorkersCompensationStatutoryLimits,Statutory Limits,,matchOnce,must be present,,,non_compliant,Block Requirements,,,false,0,,2026-08-16
"Block Real Estate Services, LLC",6a1df85a32dcd24336dea846,6a1df835fec651278665b987,"CBS Outdoor, Inc.",6a1df8210a51a0db79c129cd,"3rd487 - Max Swade {MJR, LLC}",evidenceOfInsurance,Evidence of Insurance,workersCompensation,Workers' Compensation and Employer's Liability,evidenceOfInsuranceWorkersCompensationEmployersLiabilityEachAccident,Employer's Liability Each Accident,,matchOnce,must be greater or equal to,500000,,non_compliant,Block Requirements,,,false,0,,2026-08-16
"Block Real Estate Services, LLC",6a1df85a32dcd24336dea846,6a1df835fec651278665b987,"CBS Outdoor, Inc.",6a1df8210a51a0db79c129cd,"3rd487 - Max Swade {MJR, LLC}",evidenceOfInsurance,Evidence of Insurance,workersCompensation,Workers' Compensation and Employer's Liability,evidenceOfInsuranceWorkersCompensationEmployersLiabilityDiseaseEachEmployee,Employer's Liability Disease - each employee,,matchOnce,must be greater or equal to,500000,,non_compliant,Block Requirements,,,false,0,,2026-08-16
"Block Real Estate Services, LLC",6a1df85a32dcd24336dea846,6a1df835fec651278665b987,"CBS Outdoor, Inc.",6a1df8210a51a0db79c129cd,"3rd487 - Max Swade {MJR, LLC}",evidenceOfInsurance,Evidence of Insurance,workersCompensation,Workers' Compensation and Employer's Liability,evidenceOfInsuranceWorkersCompensationEmployersLiabilityDiseasePolicyLimit,Employer's Liability Disease - policy limit,,matchOnce,must be greater or equal to,500000,,non_compliant,Block Requirements,,,false,0,,2026-08-16
"Block Real Estate Services, LLC",6a1df85a32dcd24336dea846,6a1df835fec651278665b987,"CBS Outdoor, Inc.",6a1df8210a51a0db79c129cd,"3rd487 - Max Swade {MJR, LLC}",evidenceOfInsurance,Evidence of Insurance,workersCompensation,Workers' Compensation and Employer's Liability,evidenceOfInsuranceWorkersCompensationWaiverOfSubrogationEndorsement,Waiver of Subrogation,"---prompt---
Determine if the insurer has waived their right of subrogation in favor of the certificate holder under the Workers' Compensation policy. Evidence may include: a checked ""Waiver of Subrogation"" box on the certificate, mention in the Description of Operations section stating ""waiver of subrogation applies"", or reference to form WC 00 03 13. Look for language like ""subrogation is waived"" or ""per written contract"".",matchOnce,must be present,,,non_compliant,Block Requirements,,,false,0,,2026-08-16
"Block Real Estate Services, LLC",6a1df85a32dcd24336dea846,6a1df835fec651278665b987,"CBS Outdoor, Inc.",6a1df8210a51a0db79c129cd,"3rd487 - Max Swade {MJR, LLC}",evidenceOfInsurance,Evidence of Insurance,6ac20aae-5728-5d57-b364-aeba38527dba,Additional Requirements,4da5b0f1-4c9d-5885-8cf8-5d3cccaed3e0,"Block Real Estate Services, LLC and all others required by contract are named as Additional Insureds","---prompt---
Determine if the Description of Operations or the Additional Remarks Schedule section states the ""Additional Insured as Construction Management, Inc. and all others required by contract"" or reference to blanket additional insured coverage. Look for language like ""certificate holder is additional insured"" or ""per written contract"".",matchOnce,must be present,,,non_compliant,Block Requirements,,,true,0,,2026-08-16
"Block Real Estate Services, LLC",6a1df85a32dcd24336dea846,6a1df835fec651278665b987,"CBS Outdoor, Inc.",6a1df8210a51a0db79c129cd,"3rd487 - Max Swade {MJR, LLC}",evidenceOfInsurance,Evidence of Insurance,6ac20aae-5728-5d57-b364-aeba38527dba,Additional Requirements,e1017741-e47e-5f58-97b8-fbc3043e919f,Umbrella follows form over General Liability,"---prompt---
Determine if the Umbrella/Excess Liability policy follows form to the underlying policies. Evidence may include: language in the Description of Operations section stating the umbrella follows form to underlying coverages or an additional page endorsement stating that it follows form. Follow form means the umbrella policy adopts the same terms, conditions, and exclusions as the underlying policies.",matchOnce,must be present,,,non_compliant,Block Requirements,,,true,0,,2026-08-16
"Block Real Estate Services, LLC",6a1df85a32dcd24336dea846,6a1df835fec651278665b987,"CBS Outdoor, Inc.",6a1df8210a51a0db79c129cd,"3rd487 - Max Swade {MJR, LLC}",evidenceOfInsurance,Evidence of Insurance,6ac20aae-5728-5d57-b364-aeba38527dba,Additional Requirements,2cdd866f-c9a4-576a-afd8-1d045762790c,"The location must be listed as: 7829 Wornall Rd, Unit 1 Kansas City MO 64114","---prompt---
Determine if the Description of Operations or the Additional Remarks Schedule section states the location indicated in value field",matchOnce,must be present,,,non_compliant,Block Requirements,,,true,0,,2026-08-16
"Block Real Estate Services, LLC",6a1df85a32dcd24336dea846,6a1df835fec651278665b987,"CBS Outdoor, Inc.",6a1df8210a51a0db79c129cd,"3rd487 - Max Swade {MJR, LLC}",evidenceOfInsurance,Evidence of Insurance,6ac20aae-5728-5d57-b364-aeba38527dba,Additional Requirements,3649e9d1-4e09-59bf-8f30-cb33c40cf117,"Certificate Holder must read: c/o Block Real Estate Services, LLC, 4622 Pennsylvania St., Suite 700, Kansas City, MO, 64112",,matchOnce,must be present,,,non_compliant,Block Requirements,,,true,0,,2026-08-16
"Block Real Estate Services, LLC",6a1df85a32dcd24336dea847,6a1df84165d51d7aa5739d4e,Sandra L. Outlaw,6a1df8210a51a0db79c129cd,"3rd487 - Max Swade {MJR, LLC}",evidenceOfInsurance,Evidence of Insurance,commercialGeneralLiability,Commercial General Liability,evidenceOfInsuranceCommercialGeneralLiabilityCoverageTriggerOccurrence,Coverage Trigger: Occurrence,,matchOnce,must be present,,,non_compliant,Block Requirements,,,false,0,,2026-08-16
"Block Real Estate Services, LLC",6a1df85a32dcd24336dea847,6a1df84165d51d7aa5739d4e,Sandra L. Outlaw,6a1df8210a51a0db79c129cd,"3rd487 - Max Swade {MJR, LLC}",evidenceOfInsurance,Evidence of Insurance,commercialGeneralLiability,Commercial General Liability,evidenceOfInsuranceCommercialGeneralLiabilityGeneralAggregateLimitAppliesPerLocation,General Aggregate Limit Applies per: Location,,matchOnce,must be present,,,non_compliant,Block Requirements,,,false,0,,2026-08-16
"Block Real Estate Services, LLC",6a1df85a32dcd24336dea847,6a1df84165d51d7aa5739d4e,Sandra L. Outlaw,6a1df8210a51a0db79c129cd,"3rd487 - Max Swade {MJR, LLC}",evidenceOfInsurance,Evidence of Insurance,commercialGeneralLiability,Commercial General Liability,evidenceOfInsuranceCommercialGeneralLiabilityEachOccurrence,Each Occurrence,,matchOnce,must be greater or equal to,1000000,,non_compliant,Block Requirements,,,false,0,,2026-08-16
"Block Real Estate Services, LLC",6a1df85a32dcd24336dea847,6a1df84165d51d7aa5739d4e,Sandra L. Outlaw,6a1df8210a51a0db79c129cd,"3rd487 - Max Swade {MJR, LLC}",evidenceOfInsurance,Evidence of Insurance,commercialGeneralLiability,Commercial General Liability,evidenceOfInsuranceCommercialGeneralLiabilityGeneralAggregate,General Aggregate,,matchOnce,must be greater or equal to,2000000,,non_compliant,Block Requirements,,,false,0,,2026-08-16
"Block Real Estate Services, LLC",6a1df85a32dcd24336dea847,6a1df84165d51d7aa5739d4e,Sandra L. Outlaw,6a1df8210a51a0db79c129cd,"3rd487 - Max Swade {MJR, LLC}",evidenceOfInsurance,Evidence of Insurance,commercialGeneralLiability,Commercial General Liability,evidenceOfInsuranceCommercialGeneralLiabilityWaiverOfSubrogationEndorsement,Waiver of Subrogation,"---prompt---
Determine if the insurer has waived their right of subrogation in favor of the certificate holder under the Commercial General Liability policy. Evidence may include: a checked ""Waiver of Subrogation"" box on the certificate, mention in the Description of Operations section stating ""waiver of subrogation applies"", or reference to form CG 24 04. Look for language like ""subrogation is waived"" or ""per written contract"".",matchOnce,must be present,,,non_compliant,Block Requirements,,,false,0,,2026-08-16
"Block Real Estate Services, LLC",6a1df85a32dcd24336dea847,6a1df84165d51d7aa5739d4e,Sandra L. Outlaw,6a1df8210a51a0db79c129cd,"3rd487 - Max Swade {MJR, LLC}",evidenceOfInsurance,Evidence of Insurance,excessOrUmbrellaLiability,Umbrella/Excess Liability,evidenceOfInsuranceExcessOrUmbrellaLiabilityOccurence,Coverage Trigger: Occurrence,,matchOnce,must be present,,,non_compliant,Block Requirements,,,false,0,,2026-08-16
"Block Real Estate Services, LLC",6a1df85a32dcd24336dea847,6a1df84165d51d7aa5739d4e,Sandra L. Outlaw,6a1df8210a51a0db79c129cd,"3rd487 - Max Swade {MJR, LLC}",evidenceOfInsurance,Evidence of Insurance,excessOrUmbrellaLiability,Umbrella/Excess Liability,evidenceOfInsuranceExcessOrUmbrellaLiabilityEachOccurrence,Each Occurrence,,matchOnce,must be greater or equal to,1000000,,non_compliant,Block Requirements,,,false,0,,2026-08-16
"Block Real Estate Services, LLC",6a1df85a32dcd24336dea847,6a1df84165d51d7aa5739d4e,Sandra L. Outlaw,6a1df8210a51a0db79c129cd,"3rd487 - Max Swade {MJR, LLC}",evidenceOfInsurance,Evidence of Insurance,excessOrUmbrellaLiability,Umbrella/Excess Liability,evidenceOfInsuranceExcessOrUmbrellaLiabilityAggregate,Aggregate,,matchOnce,must be greater or equal to,1000000,,non_compliant,Block Requirements,,,false,0,,2026-08-16
"Block Real Estate Services, LLC",6a1df85a32dcd24336dea847,6a1df84165d51d7aa5739d4e,Sandra L. Outlaw,6a1df8210a51a0db79c129cd,"3rd487 - Max Swade {MJR, LLC}",evidenceOfInsurance,Evidence of Insurance,workersCompensation,Workers' Compensation and Employer's Liability,evidenceOfInsuranceWorkersCompensationStatutoryLimits,Statutory Limits,,matchOnce,must be present,,,non_compliant,Block Requirements,,,false,0,,2026-08-16
"Block Real Estate Services, LLC",6a1df85a32dcd24336dea847,6a1df84165d51d7aa5739d4e,Sandra L. Outlaw,6a1df8210a51a0db79c129cd,"3rd487 - Max Swade {MJR, LLC}",evidenceOfInsurance,Evidence of Insurance,workersCompensation,Workers' Compensation and Employer's Liability,evidenceOfInsuranceWorkersCompensationEmployersLiabilityEachAccident,Employer's Liability Each Accident,,matchOnce,must be greater or equal to,500000,,non_compliant,Block Requirements,,,false,0,,2026-08-16
"Block Real Estate Services, LLC",6a1df85a32dcd24336dea847,6a1df84165d51d7aa5739d4e,Sandra L. Outlaw,6a1df8210a51a0db79c129cd,"3rd487 - Max Swade {MJR, LLC}",evidenceOfInsurance,Evidence of Insurance,workersCompensation,Workers' Compensation and Employer's Liability,evidenceOfInsuranceWorkersCompensationEmployersLiabilityDiseaseEachEmployee,Employer's Liability Disease - each employee,,matchOnce,must be greater or equal to,500000,,non_compliant,Block Requirements,,,false,0,,2026-08-16
"Block Real Estate Services, LLC",6a1df85a32dcd24336dea847,6a1df84165d51d7aa5739d4e,Sandra L. Outlaw,6a1df8210a51a0db79c129cd,"3rd487 - Max Swade {MJR, LLC}",evidenceOfInsurance,Evidence of Insurance,workersCompensation,Workers' Compensation and Employer's Liability,evidenceOfInsuranceWorkersCompensationEmployersLiabilityDiseasePolicyLimit,Employer's Liability Disease - policy limit,,matchOnce,must be greater or equal to,500000,,non_compliant,Block Requirements,,,false,0,,2026-08-16
"Block Real Estate Services, LLC",6a1df85a32dcd24336dea847,6a1df84165d51d7aa5739d4e,Sandra L. Outlaw,6a1df8210a51a0db79c129cd,"3rd487 - Max Swade {MJR, LLC}",evidenceOfInsurance,Evidence of Insurance,workersCompensation,Workers' Compensation and Employer's Liability,evidenceOfInsuranceWorkersCompensationWaiverOfSubrogationEndorsement,Waiver of Subrogation,"---prompt---
Determine if the insurer has waived their right of subrogation in favor of the certificate holder under the Workers' Compensation policy. Evidence may include: a checked ""Waiver of Subrogation"" box on the certificate, mention in the Description of Operations section stating ""waiver of subrogation applies"", or reference to form WC 00 03 13. Look for language like ""subrogation is waived"" or ""per written contract"".",matchOnce,must be present,,,non_compliant,Block Requirements,,,false,0,,2026-08-16
"Block Real Estate Services, LLC",6a1df85a32dcd24336dea847,6a1df84165d51d7aa5739d4e,Sandra L. Outlaw,6a1df8210a51a0db79c129cd,"3rd487 - Max Swade {MJR, LLC}",evidenceOfInsurance,Evidence of Insurance,6ac20aae-5728-5d57-b364-aeba38527dba,Additional Requirements,4da5b0f1-4c9d-5885-8cf8-5d3cccaed3e0,"Block Real Estate Services, LLC and all others required by contract are named as Additional Insureds","---prompt---
Determine if the Description of Operations or the Additional Remarks Schedule section states the ""Additional Insured as Construction Management, Inc. and all others required by contract"" or reference to blanket additional insured coverage. Look for language like ""certificate holder is additional insured"" or ""per written contract"".",matchOnce,must be present,,,non_compliant,Block Requirements,,,true,0,,2026-08-16
"Block Real Estate Services, LLC",6a1df85a32dcd24336dea847,6a1df84165d51d7aa5739d4e,Sandra L. Outlaw,6a1df8210a51a0db79c129cd,"3rd487 - Max Swade {MJR, LLC}",evidenceOfInsurance,Evidence of Insurance,6ac20aae-5728-5d57-b364-aeba38527dba,Additional Requirements,e1017741-e47e-5f58-97b8-fbc3043e919f,Umbrella follows form over General Liability,"---prompt---
Determine if the Umbrella/Excess Liability policy follows form to the underlying policies. Evidence may include: language in the Description of Operations section stating the umbrella follows form to underlying coverages or an additional page endorsement stating that it follows form. Follow form means the umbrella policy adopts the same terms, conditions, and exclusions as the underlying policies.",matchOnce,must be present,,,non_compliant,Block Requirements,,,true,0,,2026-08-16
"Block Real Estate Services, LLC",6a1df85a32dcd24336dea847,6a1df84165d51d7aa5739d4e,Sandra L. Outlaw,6a1df8210a51a0db79c129cd,"3rd487 - Max Swade {MJR, LLC}",evidenceOfInsurance,Evidence of Insurance,6ac20aae-5728-5d57-b364-aeba38527dba,Additional Requirements,2cdd866f-c9a4-576a-afd8-1d045762790c,"The location must be listed as: 7833 Wornall Rd, Unit 100 Kansas City MO 64114","---prompt---
Determine if the Description of Operations or the Additional Remarks Schedule section states the location indicated in value field",matchOnce,must be present,,,non_compliant,Block Requirements,,,true,0,,2026-08-16
"Block Real Estate Services, LLC",6a1df85a32dcd24336dea847,6a1df84165d51d7aa5739d4e,Sandra L. Outlaw,6a1df8210a51a0db79c129cd,"3rd487 - Max Swade {MJR, LLC}",evidenceOfInsurance,Evidence of Insurance,6ac20aae-5728-5d57-b364-aeba38527dba,Additional Requirements,3649e9d1-4e09-59bf-8f30-cb33c40cf117,"Certificate Holder must read: c/o Block Real Estate Services, LLC, 4622 Pennsylvania St., Suite 700, Kansas City, MO, 64112",,matchOnce,must be present,,,non_compliant,Block Requirements,,,true,0,,2026-08-16
"Block Real Estate Services, LLC",6a1dfcfa68f8b1cfc37c617b,6a1dfcd80a51a0db79c1dfba,JRJ Partners - Condo Owners (Clancey Design Distributor),6a1dfca5a0ed8c51ab26246c,"con828 - Pine Ridge Building 28 {Building 28 of Pine Ridge West Condominium Association, Inc.}",evidenceOfInsurance,Evidence of Insurance,commercialGeneralLiability,Commercial General Liability,evidenceOfInsuranceCommercialGeneralLiabilityCoverageTriggerOccurrence,Coverage Trigger: Occurrence,,matchOnce,must be present,,Present,compliant,Block Requirements,,,false,1,,2026-08-16
"Block Real Estate Services, LLC",6a1dfcfa68f8b1cfc37c617b,6a1dfcd80a51a0db79c1dfba,JRJ Partners - Condo Owners (Clancey Design Distributor),6a1dfca5a0ed8c51ab26246c,"con828 - Pine Ridge Building 28 {Building 28 of Pine Ridge West Condominium Association, Inc.}",evidenceOfInsurance,Evidence of Insurance,commercialGeneralLiability,Commercial General Liability,evidenceOfInsuranceCommercialGeneralLiabilityGeneralAggregateLimitAppliesPerLocation,General Aggregate Limit Applies per: Location,,matchOnce,must be present,,Present,compliant,Block Requirements,,,false,1,,2026-08-16
"Block Real Estate Services, LLC",6a1dfcfa68f8b1cfc37c617b,6a1dfcd80a51a0db79c1dfba,JRJ Partners - Condo Owners (Clancey Design Distributor),6a1dfca5a0ed8c51ab26246c,"con828 - Pine Ridge Building 28 {Building 28 of Pine Ridge West Condominium Association, Inc.}",evidenceOfInsurance,Evidence of Insurance,commercialGeneralLiability,Commercial General Liability,evidenceOfInsuranceCommercialGeneralLiabilityEachOccurrence,Each Occurrence,,matchOnce,must be greater or equal to,1000000,1000000,compliant,Block Requirements,,,false,1,,2026-08-16
"Block Real Estate Services, LLC",6a1dfcfa68f8b1cfc37c617b,6a1dfcd80a51a0db79c1dfba,JRJ Partners - Condo Owners (Clancey Design Distributor),6a1dfca5a0ed8c51ab26246c,"con828 - Pine Ridge Building 28 {Building 28 of Pine Ridge West Condominium Association, Inc.}",evidenceOfInsurance,Evidence of Insurance,commercialGeneralLiability,Commercial General Liability,evidenceOfInsuranceCommercialGeneralLiabilityGeneralAggregate,General Aggregate,,matchOnce,must be greater or equal to,2000000,2000000,compliant,Block Requirements,,,false,1,,2026-08-16
"Block Real Estate Services, LLC",6a1dfcfa68f8b1cfc37c617b,6a1dfcd80a51a0db79c1dfba,JRJ Partners - Condo Owners (Clancey Design Distributor),6a1dfca5a0ed8c51ab26246c,"con828 - Pine Ridge Building 28 {Building 28 of Pine Ridge West Condominium Association, Inc.}",evidenceOfInsurance,Evidence of Insurance,commercialGeneralLiability,Commercial General Liability,evidenceOfInsuranceCommercialGeneralLiabilityWaiverOfSubrogationEndorsement,Waiver of Subrogation,"---prompt---
Determine if the insurer has waived their right of subrogation in favor of the certificate holder under the Commercial General Liability policy. Evidence may include: a checked ""Waiver of Subrogation"" box on the certificate, mention in the Description of Operations section stating ""waiver of subrogation applies"", or reference to form CG 24 04. Look for language like ""subrogation is waived"" or ""per written contract"".",matchOnce,must be present,,Present,compliant,Block Requirements,,,false,1,,2026-08-16
"Block Real Estate Services, LLC",6a1dfcfa68f8b1cfc37c617b,6a1dfcd80a51a0db79c1dfba,JRJ Partners - Condo Owners (Clancey Design Distributor),6a1dfca5a0ed8c51ab26246c,"con828 - Pine Ridge Building 28 {Building 28 of Pine Ridge West Condominium Association, Inc.}",evidenceOfInsurance,Evidence of Insurance,excessOrUmbrellaLiability,Umbrella/Excess Liability,evidenceOfInsuranceExcessOrUmbrellaLiabilityOccurence,Coverage Trigger: Occurrence,,matchOnce,must be present,,Present,compliant,Block Requirements,,,false,1,,2026-08-16
"Block Real Estate Services, LLC",6a1dfcfa68f8b1cfc37c617b,6a1dfcd80a51a0db79c1dfba,JRJ Partners - Condo Owners (Clancey Design Distributor),6a1dfca5a0ed8c51ab26246c,"con828 - Pine Ridge Building 28 {Building 28 of Pine Ridge West Condominium Association, Inc.}",evidenceOfInsurance,Evidence of Insurance,excessOrUmbrellaLiability,Umbrella/Excess Liability,evidenceOfInsuranceExcessOrUmbrellaLiabilityEachOccurrence,Each Occurrence,,matchOnce,must be greater or equal to,1000000,5000000,compliant,Block Requirements,,,false,1,,2026-08-16
"Block Real Estate Services, LLC",6a1dfcfa68f8b1cfc37c617b,6a1dfcd80a51a0db79c1dfba,JRJ Partners - Condo Owners (Clancey Design Distributor),6a1dfca5a0ed8c51ab26246c,"con828 - Pine Ridge Building 28 {Building 28 of Pine Ridge West Condominium Association, Inc.}",evidenceOfInsurance,Evidence of Insurance,excessOrUmbrellaLiability,Umbrella/Excess Liability,evidenceOfInsuranceExcessOrUmbrellaLiabilityAggregate,Aggregate,,matchOnce,must be greater or equal to,1000000,5000000,compliant,Block Requirements,,,false,1,,2026-08-16
"Block Real Estate Services, LLC",6a1dfcfa68f8b1cfc37c617b,6a1dfcd80a51a0db79c1dfba,JRJ Partners - Condo Owners (Clancey Design Distributor),6a1dfca5a0ed8c51ab26246c,"con828 - Pine Ridge Building 28 {Building 28 of Pine Ridge West Condominium Association, Inc.}",evidenceOfInsurance,Evidence of Insurance,workersCompensation,Workers' Compensation and Employer's Liability,evidenceOfInsuranceWorkersCompensationStatutoryLimits,Statutory Limits,,matchOnce,must be present,,Present,compliant,Block Requirements,,,false,1,,2026-08-16
"Block Real Estate Services, LLC",6a1dfcfa68f8b1cfc37c617b,6a1dfcd80a51a0db79c1dfba,JRJ Partners - Condo Owners (Clancey Design Distributor),6a1dfca5a0ed8c51ab26246c,"con828 - Pine Ridge Building 28 {Building 28 of Pine Ridge West Condominium Association, Inc.}",evidenceOfInsurance,Evidence of Insurance,workersCompensation,Workers' Compensation and Employer's Liability,evidenceOfInsuranceWorkersCompensationEmployersLiabilityEachAccident,Employer's Liability Each Accident,,matchOnce,must be greater or equal to,500000,1000000,compliant,Block Requirements,,,false,1,,2026-08-16
"Block Real Estate Services, LLC",6a1dfcfa68f8b1cfc37c617b,6a1dfcd80a51a0db79c1dfba,JRJ Partners - Condo Owners (Clancey Design Distributor),6a1dfca5a0ed8c51ab26246c,"con828 - Pine Ridge Building 28 {Building 28 of Pine Ridge West Condominium Association, Inc.}",evidenceOfInsurance,Evidence of Insurance,workersCompensation,Workers' Compensation and Employer's Liability,evidenceOfInsuranceWorkersCompensationEmployersLiabilityDiseaseEachEmployee,Employer's Liability Disease - each employee,,matchOnce,must be greater or equal to,500000,1000000,compliant,Block Requirements,,,false,1,,2026-08-16
"Block Real Estate Services, LLC",6a1dfcfa68f8b1cfc37c617b,6a1dfcd80a51a0db79c1dfba,JRJ Partners - Condo Owners (Clancey Design Distributor),6a1dfca5a0ed8c51ab26246c,"con828 - Pine Ridge Building 28 {Building 28 of Pine Ridge West Condominium Association, Inc.}",evidenceOfInsurance,Evidence of Insurance,workersCompensation,Workers' Compensation and Employer's Liability,evidenceOfInsuranceWorkersCompensationEmployersLiabilityDiseasePolicyLimit,Employer's Liability Disease - policy limit,,matchOnce,must be greater or equal to,500000,1000000,compliant,Block Requirements,,,false,1,,2026-08-16
"Block Real Estate Services, LLC",6a1dfcfa68f8b1cfc37c617b,6a1dfcd80a51a0db79c1dfba,JRJ Partners - Condo Owners (Clancey Design Distributor),6a1dfca5a0ed8c51ab26246c,"con828 - Pine Ridge Building 28 {Building 28 of Pine Ridge West Condominium Association, Inc.}",evidenceOfInsurance,Evidence of Insurance,workersCompensation,Workers' Compensation and Employer's Liability,evidenceOfInsuranceWorkersCompensationWaiverOfSubrogationEndorsement,Waiver of Subrogation,"---prompt---
Determine if the insurer has waived their right of subrogation in favor of the certificate holder under the Workers' Compensation policy. Evidence may include: a checked ""Waiver of Subrogation"" box on the certificate, mention in the Description of Operations section stating ""waiver of subrogation applies"", or reference to form WC 00 03 13. Look for language like ""subrogation is waived"" or ""per written contract"".",matchOnce,must be present,,Present,compliant,Block Requirements,,,false,1,,2026-08-16
"Block Real Estate Services, LLC",6a1dfcfa68f8b1cfc37c617b,6a1dfcd80a51a0db79c1dfba,JRJ Partners - Condo Owners (Clancey Design Distributor),6a1dfca5a0ed8c51ab26246c,"con828 - Pine Ridge Building 28 {Building 28 of Pine Ridge West Condominium Association, Inc.}",evidenceOfInsurance,Evidence of Insurance,6ac20aae-5728-5d57-b364-aeba38527dba,Additional Requirements,4da5b0f1-4c9d-5885-8cf8-5d3cccaed3e0,"Block Real Estate Services, LLC and all others required by contract are named as Additional Insureds","---prompt---
Determine if the Description of Operations or the Additional Remarks Schedule section states the ""Additional Insured as Construction Management, Inc. and all others required by contract"" or reference to blanket additional insured coverage. Look for language like ""certificate holder is additional insured"" or ""per written contract"".",matchOnce,must be present,,Present,compliant,Block Requirements,,,true,1,,2026-08-16
"Block Real Estate Services, LLC",6a1dfcfa68f8b1cfc37c617b,6a1dfcd80a51a0db79c1dfba,JRJ Partners - Condo Owners (Clancey Design Distributor),6a1dfca5a0ed8c51ab26246c,"con828 - Pine Ridge Building 28 {Building 28 of Pine Ridge West Condominium Association, Inc.}",evidenceOfInsurance,Evidence of Insurance,6ac20aae-5728-5d57-b364-aeba38527dba,Additional Requirements,e1017741-e47e-5f58-97b8-fbc3043e919f,Umbrella follows form over General Liability,"---prompt---
Determine if the Umbrella/Excess Liability policy follows form to the underlying policies. Evidence may include: language in the Description of Operations section stating the umbrella follows form to underlying coverages or an additional page endorsement stating that it follows form. Follow form means the umbrella policy adopts the same terms, conditions, and exclusions as the underlying policies.",matchOnce,must be present,,Present,compliant,Block Requirements,,,true,1,,2026-08-16
"Block Real Estate Services, LLC",6a1dfcfa68f8b1cfc37c617b,6a1dfcd80a51a0db79c1dfba,JRJ Partners - Condo Owners (Clancey Design Distributor),6a1dfca5a0ed8c51ab26246c,"con828 - Pine Ridge Building 28 {Building 28 of Pine Ridge West Condominium Association, Inc.}",evidenceOfInsurance,Evidence of Insurance,6ac20aae-5728-5d57-b364-aeba38527dba,Additional Requirements,2cdd866f-c9a4-576a-afd8-1d045762790c,The location must be listed as: 8081 Flint Street Lenexa KS 66214,"---prompt---
Determine if the Description of Operations or the Additional Remarks Schedule section states the location indicated in value field",matchOnce,must be present,,Present,compliant,Block Requirements,,,true,1,,2026-08-16
"Block Real Estate Services, LLC",6a1dfcfa68f8b1cfc37c617b,6a1dfcd80a51a0db79c1dfba,JRJ Partners - Condo Owners (Clancey Design Distributor),6a1dfca5a0ed8c51ab26246c,"con828 - Pine Ridge Building 28 {Building 28 of Pine Ridge West Condominium Association, Inc.}",evidenceOfInsurance,Evidence of Insurance,6ac20aae-5728-5d57-b364-aeba38527dba,Additional Requirements,3649e9d1-4e09-59bf-8f30-cb33c40cf117,"Certificate Holder must read: c/o Block Real Estate Services, LLC, 4622 Pennsylvania St., Suite 700, Kansas City, MO, 64112",,matchOnce,must be present,,Present,compliant,Block Requirements,,,true,1,,2026-08-16
"Block Real Estate Services, LLC",6a1dfcfa68f8b1cfc37c617c,6a1dfce4a0ed8c51ab262c0b,Building 28 TIC,6a1dfca5a0ed8c51ab26246c,"con828 - Pine Ridge Building 28 {Building 28 of Pine Ridge West Condominium Association, Inc.}",evidenceOfInsurance,Evidence of Insurance,commercialGeneralLiability,Commercial General Liability,evidenceOfInsuranceCommercialGeneralLiabilityCoverageTriggerOccurrence,Coverage Trigger: Occurrence,,matchOnce,must be present,,,non_compliant,Block Requirements,,,false,0,,2026-08-16
"Block Real Estate Services, LLC",6a1dfcfa68f8b1cfc37c617c,6a1dfce4a0ed8c51ab262c0b,Building 28 TIC,6a1dfca5a0ed8c51ab26246c,"con828 - Pine Ridge Building 28 {Building 28 of Pine Ridge West Condominium Association, Inc.}",evidenceOfInsurance,Evidence of Insurance,commercialGeneralLiability,Commercial General Liability,evidenceOfInsuranceCommercialGeneralLiabilityGeneralAggregateLimitAppliesPerLocation,General Aggregate Limit Applies per: Location,,matchOnce,must be present,,,non_compliant,Block Requirements,,,false,0,,2026-08-16
"Block Real Estate Services, LLC",6a1dfcfa68f8b1cfc37c617c,6a1dfce4a0ed8c51ab262c0b,Building 28 TIC,6a1dfca5a0ed8c51ab26246c,"con828 - Pine Ridge Building 28 {Building 28 of Pine Ridge West Condominium Association, Inc.}",evidenceOfInsurance,Evidence of Insurance,commercialGeneralLiability,Commercial General Liability,evidenceOfInsuranceCommercialGeneralLiabilityEachOccurrence,Each Occurrence,,matchOnce,must be greater or equal to,1000000,,non_compliant,Block Requirements,,,false,0,,2026-08-16
"Block Real Estate Services, LLC",6a1dfcfa68f8b1cfc37c617c,6a1dfce4a0ed8c51ab262c0b,Building 28 TIC,6a1dfca5a0ed8c51ab26246c,"con828 - Pine Ridge Building 28 {Building 28 of Pine Ridge West Condominium Association, Inc.}",evidenceOfInsurance,Evidence of Insurance,commercialGeneralLiability,Commercial General Liability,evidenceOfInsuranceCommercialGeneralLiabilityGeneralAggregate,General Aggregate,,matchOnce,must be greater or equal to,2000000,,non_compliant,Block Requirements,,,false,0,,2026-08-16
"Block Real Estate Services, LLC",6a1dfcfa68f8b1cfc37c617c,6a1dfce4a0ed8c51ab262c0b,Building 28 TIC,6a1dfca5a0ed8c51ab26246c,"con828 - Pine Ridge Building 28 {Building 28 of Pine Ridge West Condominium Association, Inc.}",evidenceOfInsurance,Evidence of Insurance,commercialGeneralLiability,Commercial General Liability,evidenceOfInsuranceCommercialGeneralLiabilityWaiverOfSubrogationEndorsement,Waiver of Subrogation,"---prompt---
Determine if the insurer has waived their right of subrogation in favor of the certificate holder under the Commercial General Liability policy. Evidence may include: a checked ""Waiver of Subrogation"" box on the certificate, mention in the Description of Operations section stating ""waiver of subrogation applies"", or reference to form CG 24 04. Look for language like ""subrogation is waived"" or ""per written contract"".",matchOnce,must be present,,,non_compliant,Block Requirements,,,false,0,,2026-08-16
"Block Real Estate Services, LLC",6a1dfcfa68f8b1cfc37c617c,6a1dfce4a0ed8c51ab262c0b,Building 28 TIC,6a1dfca5a0ed8c51ab26246c,"con828 - Pine Ridge Building 28 {Building 28 of Pine Ridge West Condominium Association, Inc.}",evidenceOfInsurance,Evidence of Insurance,excessOrUmbrellaLiability,Umbrella/Excess Liability,evidenceOfInsuranceExcessOrUmbrellaLiabilityOccurence,Coverage Trigger: Occurrence,,matchOnce,must be present,,,non_compliant,Block Requirements,,,false,0,,2026-08-16
"Block Real Estate Services, LLC",6a1dfcfa68f8b1cfc37c617c,6a1dfce4a0ed8c51ab262c0b,Building 28 TIC,6a1dfca5a0ed8c51ab26246c,"con828 - Pine Ridge Building 28 {Building 28 of Pine Ridge West Condominium Association, Inc.}",evidenceOfInsurance,Evidence of Insurance,excessOrUmbrellaLiability,Umbrella/Excess Liability,evidenceOfInsuranceExcessOrUmbrellaLiabilityEachOccurrence,Each Occurrence,,matchOnce,must be greater or equal to,1000000,,non_compliant,Block Requirements,,,false,0,,2026-08-16
"Block Real Estate Services, LLC",6a1dfcfa68f8b1cfc37c617c,6a1dfce4a0ed8c51ab262c0b,Building 28 TIC,6a1dfca5a0ed8c51ab26246c,"con828 - Pine Ridge Building 28 {Building 28 of Pine Ridge West Condominium Association, Inc.}",evidenceOfInsurance,Evidence of Insurance,excessOrUmbrellaLiability,Umbrella/Excess Liability,evidenceOfInsuranceExcessOrUmbrellaLiabilityAggregate,Aggregate,,matchOnce,must be greater or equal to,1000000,,non_compliant,Block Requirements,,,false,0,,2026-08-16
"Block Real Estate Services, LLC",6a1dfcfa68f8b1cfc37c617c,6a1dfce4a0ed8c51ab262c0b,Building 28 TIC,6a1dfca5a0ed8c51ab26246c,"con828 - Pine Ridge Building 28 {Building 28 of Pine Ridge West Condominium Association, Inc.}",evidenceOfInsurance,Evidence of Insurance,workersCompensation,Workers' Compensation and Employer's Liability,evidenceOfInsuranceWorkersCompensationStatutoryLimits,Statutory Limits,,matchOnce,must be present,,,non_compliant,Block Requirements,,,false,0,,2026-08-16
"Block Real Estate Services, LLC",6a1dfcfa68f8b1cfc37c617c,6a1dfce4a0ed8c51ab262c0b,Building 28 TIC,6a1dfca5a0ed8c51ab26246c,"con828 - Pine Ridge Building 28 {Building 28 of Pine Ridge West Condominium Association, Inc.}",evidenceOfInsurance,Evidence of Insurance,workersCompensation,Workers' Compensation and Employer's Liability,evidenceOfInsuranceWorkersCompensationEmployersLiabilityEachAccident,Employer's Liability Each Accident,,matchOnce,must be greater or equal to,500000,,non_compliant,Block Requirements,,,false,0,,2026-08-16
"Block Real Estate Services, LLC",6a1dfcfa68f8b1cfc37c617c,6a1dfce4a0ed8c51ab262c0b,Building 28 TIC,6a1dfca5a0ed8c51ab26246c,"con828 - Pine Ridge Building 28 {Building 28 of Pine Ridge West Condominium Association, Inc.}",evidenceOfInsurance,Evidence of Insurance,workersCompensation,Workers' Compensation and Employer's Liability,evidenceOfInsuranceWorkersCompensationEmployersLiabilityDiseaseEachEmployee,Employer's Liability Disease - each employee,,matchOnce,must be greater or equal to,500000,,non_compliant,Block Requirements,,,false,0,,2026-08-16
"Block Real Estate Services, LLC",6a1dfcfa68f8b1cfc37c617c,6a1dfce4a0ed8c51ab262c0b,Building 28 TIC,6a1dfca5a0ed8c51ab26246c,"con828 - Pine Ridge Building 28 {Building 28 of Pine Ridge West Condominium Association, Inc.}",evidenceOfInsurance,Evidence of Insurance,workersCompensation,Workers' Compensation and Employer's Liability,evidenceOfInsuranceWorkersCompensationEmployersLiabilityDiseasePolicyLimit,Employer's Liability Disease - policy limit,,matchOnce,must be greater or equal to,500000,,non_compliant,Block Requirements,,,false,0,,2026-08-16
"Block Real Estate Services, LLC",6a1dfcfa68f8b1cfc37c617c,6a1dfce4a0ed8c51ab262c0b,Building 28 TIC,6a1dfca5a0ed8c51ab26246c,"con828 - Pine Ridge Building 28 {Building 28 of Pine Ridge West Condominium Association, Inc.}",evidenceOfInsurance,Evidence of Insurance,workersCompensation,Workers' Compensation and Employer's Liability,evidenceOfInsuranceWorkersCompensationWaiverOfSubrogationEndorsement,Waiver of Subrogation,"---prompt---
Determine if the insurer has waived their right of subrogation in favor of the certificate holder under the Workers' Compensation policy. Evidence may include: a checked ""Waiver of Subrogation"" box on the certificate, mention in the Description of Operations section stating ""waiver of subrogation applies"", or reference to form WC 00 03 13. Look for language like ""subrogation is waived"" or ""per written contract"".",matchOnce,must be present,,,non_compliant,Block Requirements,,,false,0,,2026-08-16
"Block Real Estate Services, LLC",6a1dfcfa68f8b1cfc37c617c,6a1dfce4a0ed8c51ab262c0b,Building 28 TIC,6a1dfca5a0ed8c51ab26246c,"con828 - Pine Ridge Building 28 {Building 28 of Pine Ridge West Condominium Association, Inc.}",evidenceOfInsurance,Evidence of Insurance,6ac20aae-5728-5d57-b364-aeba38527dba,Additional Requirements,4da5b0f1-4c9d-5885-8cf8-5d3cccaed3e0,"Block Real Estate Services, LLC and all others required by contract are named as Additional Insureds","---prompt---
Determine if the Description of Operations or the Additional Remarks Schedule section states the ""Additional Insured as Construction Management, Inc. and all others required by contract"" or reference to blanket additional insured coverage. Look for language like ""certificate holder is additional insured"" or ""per written contract"".",matchOnce,must be present,,,non_compliant,Block Requirements,,,true,0,,2026-08-16
"Block Real Estate Services, LLC",6a1dfcfa68f8b1cfc37c617c,6a1dfce4a0ed8c51ab262c0b,Building 28 TIC,6a1dfca5a0ed8c51ab26246c,"con828 - Pine Ridge Building 28 {Building 28 of Pine Ridge West Condominium Association, Inc.}",evidenceOfInsurance,Evidence of Insurance,6ac20aae-5728-5d57-b364-aeba38527dba,Additional Requirements,e1017741-e47e-5f58-97b8-fbc3043e919f,Umbrella follows form over General Liability,"---prompt---
Determine if the Umbrella/Excess Liability policy follows form to the underlying policies. Evidence may include: language in the Description of Operations section stating the umbrella follows form to underlying coverages or an additional page endorsement stating that it follows form. Follow form means the umbrella policy adopts the same terms, conditions, and exclusions as the underlying policies.",matchOnce,must be present,,,non_compliant,Block Requirements,,,true,0,,2026-08-16
"Block Real Estate Services, LLC",6a1dfcfa68f8b1cfc37c617c,6a1dfce4a0ed8c51ab262c0b,Building 28 TIC,6a1dfca5a0ed8c51ab26246c,"con828 - Pine Ridge Building 28 {Building 28 of Pine Ridge West Condominium Association, Inc.}",evidenceOfInsurance,Evidence of Insurance,6ac20aae-5728-5d57-b364-aeba38527dba,Additional Requirements,2cdd866f-c9a4-576a-afd8-1d045762790c,The location must be listed as: 8082 Flint Street Lenexa KS 66214,"---prompt---
Determine if the Description of Operations or the Additional Remarks Schedule section states the location indicated in value field",matchOnce,must be present,,,non_compliant,Block Requirements,,,true,0,,2026-08-16
"Block Real Estate Services, LLC",6a1dfcfa68f8b1cfc37c617c,6a1dfce4a0ed8c51ab262c0b,Building 28 TIC,6a1dfca5a0ed8c51ab26246c,"con828 - Pine Ridge Building 28 {Building 28 of Pine Ridge West Condominium Association, Inc.}",evidenceOfInsurance,Evidence of Insurance,6ac20aae-5728-5d57-b364-aeba38527dba,Additional Requirements,3649e9d1-4e09-59bf-8f30-cb33c40cf117,"Certificate Holder must read: c/o Block Real Estate Services, LLC, 4622 Pennsylvania St., Suite 700, Kansas City, MO, 64112",,matchOnce,must be present,,,non_compliant,Block Requirements,,,true,0,,2026-08-16
"Block Real Estate Services, LLC",6a1ee9dfea09be98236201fb,6a1ee9ca9e67678941bccbb6,"Olathe Health Physicians, Inc.",6a1ee9a423b401dcff8fb689,"rvw871 - Ridgeview Associates, LLC",evidenceOfInsurance,Evidence of Insurance,commercialGeneralLiability,Commercial General Liability,evidenceOfInsuranceCommercialGeneralLiabilityCoverageTriggerOccurrence,Coverage Trigger: Occurrence,,matchOnce,must be present,,,non_compliant,Block Requirements,,,false,0,,2026-08-16
"Block Real Estate Services, LLC",6a1ee9dfea09be98236201fb,6a1ee9ca9e67678941bccbb6,"Olathe Health Physicians, Inc.",6a1ee9a423b401dcff8fb689,"rvw871 - Ridgeview Associates, LLC",evidenceOfInsurance,Evidence of Insurance,commercialGeneralLiability,Commercial General Liability,evidenceOfInsuranceCommercialGeneralLiabilityGeneralAggregateLimitAppliesPerLocation,General Aggregate Limit Applies per: Location,,matchOnce,must be present,,,non_compliant,Block Requirements,,,false,0,,2026-08-16
"Block Real Estate Services, LLC",6a1ee9dfea09be98236201fb,6a1ee9ca9e67678941bccbb6,"Olathe Health Physicians, Inc.",6a1ee9a423b401dcff8fb689,"rvw871 - Ridgeview Associates, LLC",evidenceOfInsurance,Evidence of Insurance,commercialGeneralLiability,Commercial General Liability,evidenceOfInsuranceCommercialGeneralLiabilityEachOccurrence,Each Occurrence,,matchOnce,must be greater or equal to,1000000,,non_compliant,Block Requirements,,,false,0,,2026-08-16
"Block Real Estate Services, LLC",6a1ee9dfea09be98236201fb,6a1ee9ca9e67678941bccbb6,"Olathe Health Physicians, Inc.",6a1ee9a423b401dcff8fb689,"rvw871 - Ridgeview Associates, LLC",evidenceOfInsurance,Evidence of Insurance,commercialGeneralLiability,Commercial General Liability,evidenceOfInsuranceCommercialGeneralLiabilityGeneralAggregate,General Aggregate,,matchOnce,must be greater or equal to,2000000,,non_compliant,Block Requirements,,,false,0,,2026-08-16
"Block Real Estate Services, LLC",6a1ee9dfea09be98236201fb,6a1ee9ca9e67678941bccbb6,"Olathe Health Physicians, Inc.",6a1ee9a423b401dcff8fb689,"rvw871 - Ridgeview Associates, LLC",evidenceOfInsurance,Evidence of Insurance,commercialGeneralLiability,Commercial General Liability,evidenceOfInsuranceCommercialGeneralLiabilityWaiverOfSubrogationEndorsement,Waiver of Subrogation,"---prompt---
Determine if the insurer has waived their right of subrogation in favor of the certificate holder under the Commercial General Liability policy. Evidence may include: a checked ""Waiver of Subrogation"" box on the certificate, mention in the Description of Operations section stating ""waiver of subrogation applies"", or reference to form CG 24 04. Look for language like ""subrogation is waived"" or ""per written contract"".",matchOnce,must be present,,,non_compliant,Block Requirements,,,false,0,,2026-08-16
"Block Real Estate Services, LLC",6a1ee9dfea09be98236201fb,6a1ee9ca9e67678941bccbb6,"Olathe Health Physicians, Inc.",6a1ee9a423b401dcff8fb689,"rvw871 - Ridgeview Associates, LLC",evidenceOfInsurance,Evidence of Insurance,excessOrUmbrellaLiability,Umbrella/Excess Liability,evidenceOfInsuranceExcessOrUmbrellaLiabilityOccurence,Coverage Trigger: Occurrence,,matchOnce,must be present,,,non_compliant,Block Requirements,,,false,0,,2026-08-16
"Block Real Estate Services, LLC",6a1ee9dfea09be98236201fb,6a1ee9ca9e67678941bccbb6,"Olathe Health Physicians, Inc.",6a1ee9a423b401dcff8fb689,"rvw871 - Ridgeview Associates, LLC",evidenceOfInsurance,Evidence of Insurance,excessOrUmbrellaLiability,Umbrella/Excess Liability,evidenceOfInsuranceExcessOrUmbrellaLiabilityEachOccurrence,Each Occurrence,,matchOnce,must be greater or equal to,1000000,,non_compliant,Block Requirements,,,false,0,,2026-08-16
"Block Real Estate Services, LLC",6a1ee9dfea09be98236201fb,6a1ee9ca9e67678941bccbb6,"Olathe Health Physicians, Inc.",6a1ee9a423b401dcff8fb689,"rvw871 - Ridgeview Associates, LLC",evidenceOfInsurance,Evidence of Insurance,excessOrUmbrellaLiability,Umbrella/Excess Liability,evidenceOfInsuranceExcessOrUmbrellaLiabilityAggregate,Aggregate,,matchOnce,must be greater or equal to,1000000,,non_compliant,Block Requirements,,,false,0,,2026-08-16
"Block Real Estate Services, LLC",6a1ee9dfea09be98236201fb,6a1ee9ca9e67678941bccbb6,"Olathe Health Physicians, Inc.",6a1ee9a423b401dcff8fb689,"rvw871 - Ridgeview Associates, LLC",evidenceOfInsurance,Evidence of Insurance,workersCompensation,Workers' Compensation and Employer's Liability,evidenceOfInsuranceWorkersCompensationStatutoryLimits,Statutory Limits,,matchOnce,must be present,,,non_compliant,Block Requirements,,,false,0,,2026-08-16
"Block Real Estate Services, LLC",6a1ee9dfea09be98236201fb,6a1ee9ca9e67678941bccbb6,"Olathe Health Physicians, Inc.",6a1ee9a423b401dcff8fb689,"rvw871 - Ridgeview Associates, LLC",evidenceOfInsurance,Evidence of Insurance,workersCompensation,Workers' Compensation and Employer's Liability,evidenceOfInsuranceWorkersCompensationEmployersLiabilityEachAccident,Employer's Liability Each Accident,,matchOnce,must be greater or equal to,500000,,non_compliant,Block Requirements,,,false,0,,2026-08-16
"Block Real Estate Services, LLC",6a1ee9dfea09be98236201fb,6a1ee9ca9e67678941bccbb6,"Olathe Health Physicians, Inc.",6a1ee9a423b401dcff8fb689,"rvw871 - Ridgeview Associates, LLC",evidenceOfInsurance,Evidence of Insurance,workersCompensation,Workers' Compensation and Employer's Liability,evidenceOfInsuranceWorkersCompensationEmployersLiabilityDiseaseEachEmployee,Employer's Liability Disease - each employee,,matchOnce,must be greater or equal to,500000,,non_compliant,Block Requirements,,,false,0,,2026-08-16
"Block Real Estate Services, LLC",6a1ee9dfea09be98236201fb,6a1ee9ca9e67678941bccbb6,"Olathe Health Physicians, Inc.",6a1ee9a423b401dcff8fb689,"rvw871 - Ridgeview Associates, LLC",evidenceOfInsurance,Evidence of Insurance,workersCompensation,Workers' Compensation and Employer's Liability,evidenceOfInsuranceWorkersCompensationEmployersLiabilityDiseasePolicyLimit,Employer's Liability Disease - policy limit,,matchOnce,must be greater or equal to,500000,,non_compliant,Block Requirements,,,false,0,,2026-08-16
"Block Real Estate Services, LLC",6a1ee9dfea09be98236201fb,6a1ee9ca9e67678941bccbb6,"Olathe Health Physicians, Inc.",6a1ee9a423b401dcff8fb689,"rvw871 - Ridgeview Associates, LLC",evidenceOfInsurance,Evidence of Insurance,workersCompensation,Workers' Compensation and Employer's Liability,evidenceOfInsuranceWorkersCompensationWaiverOfSubrogationEndorsement,Waiver of Subrogation,"---prompt---
Determine if the insurer has waived their right of subrogation in favor of the certificate holder under the Workers' Compensation policy. Evidence may include: a checked ""Waiver of Subrogation"" box on the certificate, mention in the Description of Operations section stating ""waiver of subrogation applies"", or reference to form WC 00 03 13. Look for language like ""subrogation is waived"" or ""per written contract"".",matchOnce,must be present,,,non_compliant,Block Requirements,,,false,0,,2026-08-16
"Block Real Estate Services, LLC",6a1ee9dfea09be98236201fb,6a1ee9ca9e67678941bccbb6,"Olathe Health Physicians, Inc.",6a1ee9a423b401dcff8fb689,"rvw871 - Ridgeview Associates, LLC",evidenceOfInsurance,Evidence of Insurance,6ac20aae-5728-5d57-b364-aeba38527dba,Additional Requirements,4da5b0f1-4c9d-5885-8cf8-5d3cccaed3e0,"Block Real Estate Services, LLC and all others required by contract are named as Additional Insureds","---prompt---
Determine if the Description of Operations or the Additional Remarks Schedule section states the ""Additional Insured as Construction Management, Inc. and all others required by contract"" or reference to blanket additional insured coverage. Look for language like ""certificate holder is additional insured"" or ""per written contract"".",matchOnce,must be present,,,non_compliant,Block Requirements,,,true,0,,2026-08-16
"Block Real Estate Services, LLC",6a1ee9dfea09be98236201fb,6a1ee9ca9e67678941bccbb6,"Olathe Health Physicians, Inc.",6a1ee9a423b401dcff8fb689,"rvw871 - Ridgeview Associates, LLC",evidenceOfInsurance,Evidence of Insurance,6ac20aae-5728-5d57-b364-aeba38527dba,Additional Requirements,e1017741-e47e-5f58-97b8-fbc3043e919f,Umbrella follows form over General Liability,"---prompt---
Determine if the Umbrella/Excess Liability policy follows form to the underlying policies. Evidence may include: language in the Description of Operations section stating the umbrella follows form to underlying coverages or an additional page endorsement stating that it follows form. Follow form means the umbrella policy adopts the same terms, conditions, and exclusions as the underlying policies.",matchOnce,must be present,,,non_compliant,Block Requirements,,,true,0,,2026-08-16
"Block Real Estate Services, LLC",6a1ee9dfea09be98236201fb,6a1ee9ca9e67678941bccbb6,"Olathe Health Physicians, Inc.",6a1ee9a423b401dcff8fb689,"rvw871 - Ridgeview Associates, LLC",evidenceOfInsurance,Evidence of Insurance,6ac20aae-5728-5d57-b364-aeba38527dba,Additional Requirements,2cdd866f-c9a4-576a-afd8-1d045762790c,The location must be listed as: 18208 W. 119th Street Olathe KS 66069,"---prompt---
Determine if the Description of Operations or the Additional Remarks Schedule section states the location indicated in value field",matchOnce,must be present,,,non_compliant,Block Requirements,,,true,0,,2026-08-16
"Block Real Estate Services, LLC",6a1ee9dfea09be98236201fb,6a1ee9ca9e67678941bccbb6,"Olathe Health Physicians, Inc.",6a1ee9a423b401dcff8fb689,"rvw871 - Ridgeview Associates, LLC",evidenceOfInsurance,Evidence of Insurance,6ac20aae-5728-5d57-b364-aeba38527dba,Additional Requirements,3649e9d1-4e09-59bf-8f30-cb33c40cf117,"Certificate Holder must read: c/o Block Real Estate Services, LLC, 4622 Pennsylvania St., Suite 700, Kansas City, MO, 64112",,matchOnce,must be present,,,non_compliant,Block Requirements,,,true,0,,2026-08-16
"Block Real Estate Services, LLC",6a1ee9dfea09be98236201fa,6a1ee9c0aa8b4d40c45d9cb4,"Ridgeview Eye Care, LLC",6a1ee9a423b401dcff8fb689,"rvw871 - Ridgeview Associates, LLC",evidenceOfInsurance,Evidence of Insurance,commercialGeneralLiability,Commercial General Liability,evidenceOfInsuranceCommercialGeneralLiabilityCoverageTriggerOccurrence,Coverage Trigger: Occurrence,,matchOnce,must be present,,,non_compliant,Block Requirements,,,false,0,,2026-08-16
"Block Real Estate Services, LLC",6a1ee9dfea09be98236201fa,6a1ee9c0aa8b4d40c45d9cb4,"Ridgeview Eye Care, LLC",6a1ee9a423b401dcff8fb689,"rvw871 - Ridgeview Associates, LLC",evidenceOfInsurance,Evidence of Insurance,commercialGeneralLiability,Commercial General Liability,evidenceOfInsuranceCommercialGeneralLiabilityGeneralAggregateLimitAppliesPerLocation,General Aggregate Limit Applies per: Location,,matchOnce,must be present,,,non_compliant,Block Requirements,,,false,0,,2026-08-16
"Block Real Estate Services, LLC",6a1ee9dfea09be98236201fa,6a1ee9c0aa8b4d40c45d9cb4,"Ridgeview Eye Care, LLC",6a1ee9a423b401dcff8fb689,"rvw871 - Ridgeview Associates, LLC",evidenceOfInsurance,Evidence of Insurance,commercialGeneralLiability,Commercial General Liability,evidenceOfInsuranceCommercialGeneralLiabilityEachOccurrence,Each Occurrence,,matchOnce,must be greater or equal to,1000000,,non_compliant,Block Requirements,,,false,0,,2026-08-16
"Block Real Estate Services, LLC",6a1ee9dfea09be98236201fa,6a1ee9c0aa8b4d40c45d9cb4,"Ridgeview Eye Care, LLC",6a1ee9a423b401dcff8fb689,"rvw871 - Ridgeview Associates, LLC",evidenceOfInsurance,Evidence of Insurance,commercialGeneralLiability,Commercial General Liability,evidenceOfInsuranceCommercialGeneralLiabilityGeneralAggregate,General Aggregate,,matchOnce,must be greater or equal to,2000000,,non_compliant,Block Requirements,,,false,0,,2026-08-16
"Block Real Estate Services, LLC",6a1ee9dfea09be98236201fa,6a1ee9c0aa8b4d40c45d9cb4,"Ridgeview Eye Care, LLC",6a1ee9a423b401dcff8fb689,"rvw871 - Ridgeview Associates, LLC",evidenceOfInsurance,Evidence of Insurance,commercialGeneralLiability,Commercial General Liability,evidenceOfInsuranceCommercialGeneralLiabilityWaiverOfSubrogationEndorsement,Waiver of Subrogation,"---prompt---
Determine if the insurer has waived their right of subrogation in favor of the certificate holder under the Commercial General Liability policy. Evidence may include: a checked ""Waiver of Subrogation"" box on the certificate, mention in the Description of Operations section stating ""waiver of subrogation applies"", or reference to form CG 24 04. Look for language like ""subrogation is waived"" or ""per written contract"".",matchOnce,must be present,,,non_compliant,Block Requirements,,,false,0,,2026-08-16
"Block Real Estate Services, LLC",6a1ee9dfea09be98236201fa,6a1ee9c0aa8b4d40c45d9cb4,"Ridgeview Eye Care, LLC",6a1ee9a423b401dcff8fb689,"rvw871 - Ridgeview Associates, LLC",evidenceOfInsurance,Evidence of Insurance,excessOrUmbrellaLiability,Umbrella/Excess Liability,evidenceOfInsuranceExcessOrUmbrellaLiabilityOccurence,Coverage Trigger: Occurrence,,matchOnce,must be present,,,non_compliant,Block Requirements,,,false,0,,2026-08-16
"Block Real Estate Services, LLC",6a1ee9dfea09be98236201fa,6a1ee9c0aa8b4d40c45d9cb4,"Ridgeview Eye Care, LLC",6a1ee9a423b401dcff8fb689,"rvw871 - Ridgeview Associates, LLC",evidenceOfInsurance,Evidence of Insurance,excessOrUmbrellaLiability,Umbrella/Excess Liability,evidenceOfInsuranceExcessOrUmbrellaLiabilityEachOccurrence,Each Occurrence,,matchOnce,must be greater or equal to,1000000,,non_compliant,Block Requirements,,,false,0,,2026-08-16
"Block Real Estate Services, LLC",6a1ee9dfea09be98236201fa,6a1ee9c0aa8b4d40c45d9cb4,"Ridgeview Eye Care, LLC",6a1ee9a423b401dcff8fb689,"rvw871 - Ridgeview Associates, LLC",evidenceOfInsurance,Evidence of Insurance,excessOrUmbrellaLiability,Umbrella/Excess Liability,evidenceOfInsuranceExcessOrUmbrellaLiabilityAggregate,Aggregate,,matchOnce,must be greater or equal to,1000000,,non_compliant,Block Requirements,,,false,0,,2026-08-16
"Block Real Estate Services, LLC",6a1ee9dfea09be98236201fa,6a1ee9c0aa8b4d40c45d9cb4,"Ridgeview Eye Care, LLC",6a1ee9a423b401dcff8fb689,"rvw871 - Ridgeview Associates, LLC",evidenceOfInsurance,Evidence of Insurance,workersCompensation,Workers' Compensation and Employer's Liability,evidenceOfInsuranceWorkersCompensationStatutoryLimits,Statutory Limits,,matchOnce,must be present,,,non_compliant,Block Requirements,,,false,0,,2026-08-16
"Block Real Estate Services, LLC",6a1ee9dfea09be98236201fa,6a1ee9c0aa8b4d40c45d9cb4,"Ridgeview Eye Care, LLC",6a1ee9a423b401dcff8fb689,"rvw871 - Ridgeview Associates, LLC",evidenceOfInsurance,Evidence of Insurance,workersCompensation,Workers' Compensation and Employer's Liability,evidenceOfInsuranceWorkersCompensationEmployersLiabilityEachAccident,Employer's Liability Each Accident,,matchOnce,must be greater or equal to,500000,,non_compliant,Block Requirements,,,false,0,,2026-08-16
"Block Real Estate Services, LLC",6a1ee9dfea09be98236201fa,6a1ee9c0aa8b4d40c45d9cb4,"Ridgeview Eye Care, LLC",6a1ee9a423b401dcff8fb689,"rvw871 - Ridgeview Associates, LLC",evidenceOfInsurance,Evidence of Insurance,workersCompensation,Workers' Compensation and Employer's Liability,evidenceOfInsuranceWorkersCompensationEmployersLiabilityDiseaseEachEmployee,Employer's Liability Disease - each employee,,matchOnce,must be greater or equal to,500000,,non_compliant,Block Requirements,,,false,0,,2026-08-16
"Block Real Estate Services, LLC",6a1ee9dfea09be98236201fa,6a1ee9c0aa8b4d40c45d9cb4,"Ridgeview Eye Care, LLC",6a1ee9a423b401dcff8fb689,"rvw871 - Ridgeview Associates, LLC",evidenceOfInsurance,Evidence of Insurance,workersCompensation,Workers' Compensation and Employer's Liability,evidenceOfInsuranceWorkersCompensationEmployersLiabilityDiseasePolicyLimit,Employer's Liability Disease - policy limit,,matchOnce,must be greater or equal to,500000,,non_compliant,Block Requirements,,,false,0,,2026-08-16
"Block Real Estate Services, LLC",6a1ee9dfea09be98236201fa,6a1ee9c0aa8b4d40c45d9cb4,"Ridgeview Eye Care, LLC",6a1ee9a423b401dcff8fb689,"rvw871 - Ridgeview Associates, LLC",evidenceOfInsurance,Evidence of Insurance,workersCompensation,Workers' Compensation and Employer's Liability,evidenceOfInsuranceWorkersCompensationWaiverOfSubrogationEndorsement,Waiver of Subrogation,"---prompt---
Determine if the insurer has waived their right of subrogation in favor of the certificate holder under the Workers' Compensation policy. Evidence may include: a checked ""Waiver of Subrogation"" box on the certificate, mention in the Description of Operations section stating ""waiver of subrogation applies"", or reference to form WC 00 03 13. Look for language like ""subrogation is waived"" or ""per written contract"".",matchOnce,must be present,,,non_compliant,Block Requirements,,,false,0,,2026-08-16
"Block Real Estate Services, LLC",6a1ee9dfea09be98236201fa,6a1ee9c0aa8b4d40c45d9cb4,"Ridgeview Eye Care, LLC",6a1ee9a423b401dcff8fb689,"rvw871 - Ridgeview Associates, LLC",evidenceOfInsurance,Evidence of Insurance,6ac20aae-5728-5d57-b364-aeba38527dba,Additional Requirements,4da5b0f1-4c9d-5885-8cf8-5d3cccaed3e0,"Block Real Estate Services, LLC and all others required by contract are named as Additional Insureds","---prompt---
Determine if the Description of Operations or the Additional Remarks Schedule section states the ""Additional Insured as Construction Management, Inc. and all others required by contract"" or reference to blanket additional insured coverage. Look for language like ""certificate holder is additional insured"" or ""per written contract"".",matchOnce,must be present,,,non_compliant,Block Requirements,,,true,0,,2026-08-16
"Block Real Estate Services, LLC",6a1ee9dfea09be98236201fa,6a1ee9c0aa8b4d40c45d9cb4,"Ridgeview Eye Care, LLC",6a1ee9a423b401dcff8fb689,"rvw871 - Ridgeview Associates, LLC",evidenceOfInsurance,Evidence of Insurance,6ac20aae-5728-5d57-b364-aeba38527dba,Additional Requirements,e1017741-e47e-5f58-97b8-fbc3043e919f,Umbrella follows form over General Liability,"---prompt---
Determine if the Umbrella/Excess Liability policy follows form to the underlying policies. Evidence may include: language in the Description of Operations section stating the umbrella follows form to underlying coverages or an additional page endorsement stating that it follows form. Follow form means the umbrella policy adopts the same terms, conditions, and exclusions as the underlying policies.",matchOnce,must be present,,,non_compliant,Block Requirements,,,true,0,,2026-08-16
"Block Real Estate Services, LLC",6a1ee9dfea09be98236201fa,6a1ee9c0aa8b4d40c45d9cb4,"Ridgeview Eye Care, LLC",6a1ee9a423b401dcff8fb689,"rvw871 - Ridgeview Associates, LLC",evidenceOfInsurance,Evidence of Insurance,6ac20aae-5728-5d57-b364-aeba38527dba,Additional Requirements,2cdd866f-c9a4-576a-afd8-1d045762790c,The location must be listed as: 18208 W. 119th Street Olathe KS 66069,"---prompt---
Determine if the Description of Operations or the Additional Remarks Schedule section states the location indicated in value field",matchOnce,must be present,,,non_compliant,Block Requirements,,,true,0,,2026-08-16
"Block Real Estate Services, LLC",6a1ee9dfea09be98236201fa,6a1ee9c0aa8b4d40c45d9cb4,"Ridgeview Eye Care, LLC",6a1ee9a423b401dcff8fb689,"rvw871 - Ridgeview Associates, LLC",evidenceOfInsurance,Evidence of Insurance,6ac20aae-5728-5d57-b364-aeba38527dba,Additional Requirements,3649e9d1-4e09-59bf-8f30-cb33c40cf117,"Certificate Holder must read: c/o Block Real Estate Services, LLC, 4622 Pennsylvania St., Suite 700, Kansas City, MO, 64112",,matchOnce,must be present,,,non_compliant,Block Requirements,,,true,0,,2026-08-16
"Block Real Estate Services, LLC",6a1eed06e9a399632bd43ad3,6a1eecf750bfd60555852c16,"ERGO Midwest, Inc.",6a1eecc680c8f1ceee9d6510,3rd621 - Rule Realty Corporation - 3621 Noland Court,evidenceOfInsurance,Evidence of Insurance,commercialGeneralLiability,Commercial General Liability,evidenceOfInsuranceCommercialGeneralLiabilityCoverageTriggerOccurrence,Coverage Trigger: Occurrence,,matchOnce,must be present,,,non_compliant,Block Requirements,,,false,0,,2026-08-16
"Block Real Estate Services, LLC",6a1eed06e9a399632bd43ad3,6a1eecf750bfd60555852c16,"ERGO Midwest, Inc.",6a1eecc680c8f1ceee9d6510,3rd621 - Rule Realty Corporation - 3621 Noland Court,evidenceOfInsurance,Evidence of Insurance,commercialGeneralLiability,Commercial General Liability,evidenceOfInsuranceCommercialGeneralLiabilityGeneralAggregateLimitAppliesPerLocation,General Aggregate Limit Applies per: Location,,matchOnce,must be present,,,non_compliant,Block Requirements,,,false,0,,2026-08-16
"Block Real Estate Services, LLC",6a1eed06e9a399632bd43ad3,6a1eecf750bfd60555852c16,"ERGO Midwest, Inc.",6a1eecc680c8f1ceee9d6510,3rd621 - Rule Realty Corporation - 3621 Noland Court,evidenceOfInsurance,Evidence of Insurance,commercialGeneralLiability,Commercial General Liability,evidenceOfInsuranceCommercialGeneralLiabilityEachOccurrence,Each Occurrence,,matchOnce,must be greater or equal to,1000000,,non_compliant,Block Requirements,,,false,0,,2026-08-16
"Block Real Estate Services, LLC",6a1eed06e9a399632bd43ad3,6a1eecf750bfd60555852c16,"ERGO Midwest, Inc.",6a1eecc680c8f1ceee9d6510,3rd621 - Rule Realty Corporation - 3621 Noland Court,evidenceOfInsurance,Evidence of Insurance,commercialGeneralLiability,Commercial General Liability,evidenceOfInsuranceCommercialGeneralLiabilityGeneralAggregate,General Aggregate,,matchOnce,must be greater or equal to,2000000,,non_compliant,Block Requirements,,,false,0,,2026-08-16
"Block Real Estate Services, LLC",6a1eed06e9a399632bd43ad3,6a1eecf750bfd60555852c16,"ERGO Midwest, Inc.",6a1eecc680c8f1ceee9d6510,3rd621 - Rule Realty Corporation - 3621 Noland Court,evidenceOfInsurance,Evidence of Insurance,commercialGeneralLiability,Commercial General Liability,evidenceOfInsuranceCommercialGeneralLiabilityWaiverOfSubrogationEndorsement,Waiver of Subrogation,"---prompt---
Determine if the insurer has waived their right of subrogation in favor of the certificate holder under the Commercial General Liability policy. Evidence may include: a checked ""Waiver of Subrogation"" box on the certificate, mention in the Description of Operations section stating ""waiver of subrogation applies"", or reference to form CG 24 04. Look for language like ""subrogation is waived"" or ""per written contract"".",matchOnce,must be present,,,non_compliant,Block Requirements,,,false,0,,2026-08-16
"Block Real Estate Services, LLC",6a1eed06e9a399632bd43ad3,6a1eecf750bfd60555852c16,"ERGO Midwest, Inc.",6a1eecc680c8f1ceee9d6510,3rd621 - Rule Realty Corporation - 3621 Noland Court,evidenceOfInsurance,Evidence of Insurance,excessOrUmbrellaLiability,Umbrella/Excess Liability,evidenceOfInsuranceExcessOrUmbrellaLiabilityOccurence,Coverage Trigger: Occurrence,,matchOnce,must be present,,,non_compliant,Block Requirements,,,false,0,,2026-08-16
"Block Real Estate Services, LLC",6a1eed06e9a399632bd43ad3,6a1eecf750bfd60555852c16,"ERGO Midwest, Inc.",6a1eecc680c8f1ceee9d6510,3rd621 - Rule Realty Corporation - 3621 Noland Court,evidenceOfInsurance,Evidence of Insurance,excessOrUmbrellaLiability,Umbrella/Excess Liability,evidenceOfInsuranceExcessOrUmbrellaLiabilityEachOccurrence,Each Occurrence,,matchOnce,must be greater or equal to,1000000,,non_compliant,Block Requirements,,,false,0,,2026-08-16
"Block Real Estate Services, LLC",6a1eed06e9a399632bd43ad3,6a1eecf750bfd60555852c16,"ERGO Midwest, Inc.",6a1eecc680c8f1ceee9d6510,3rd621 - Rule Realty Corporation - 3621 Noland Court,evidenceOfInsurance,Evidence of Insurance,excessOrUmbrellaLiability,Umbrella/Excess Liability,evidenceOfInsuranceExcessOrUmbrellaLiabilityAggregate,Aggregate,,matchOnce,must be greater or equal to,1000000,,non_compliant,Block Requirements,,,false,0,,2026-08-16
"Block Real Estate Services, LLC",6a1eed06e9a399632bd43ad3,6a1eecf750bfd60555852c16,"ERGO Midwest, Inc.",6a1eecc680c8f1ceee9d6510,3rd621 - Rule Realty Corporation - 3621 Noland Court,evidenceOfInsurance,Evidence of Insurance,workersCompensation,Workers' Compensation and Employer's Liability,evidenceOfInsuranceWorkersCompensationStatutoryLimits,Statutory Limits,,matchOnce,must be present,,,non_compliant,Block Requirements,,,false,0,,2026-08-16
"Block Real Estate Services, LLC",6a1eed06e9a399632bd43ad3,6a1eecf750bfd60555852c16,"ERGO Midwest, Inc.",6a1eecc680c8f1ceee9d6510,3rd621 - Rule Realty Corporation - 3621 Noland Court,evidenceOfInsurance,Evidence of Insurance,workersCompensation,Workers' Compensation and Employer's Liability,evidenceOfInsuranceWorkersCompensationEmployersLiabilityEachAccident,Employer's Liability Each Accident,,matchOnce,must be greater or equal to,500000,,non_compliant,Block Requirements,,,false,0,,2026-08-16
"Block Real Estate Services, LLC",6a1eed06e9a399632bd43ad3,6a1eecf750bfd60555852c16,"ERGO Midwest, Inc.",6a1eecc680c8f1ceee9d6510,3rd621 - Rule Realty Corporation - 3621 Noland Court,evidenceOfInsurance,Evidence of Insurance,workersCompensation,Workers' Compensation and Employer's Liability,evidenceOfInsuranceWorkersCompensationEmployersLiabilityDiseaseEachEmployee,Employer's Liability Disease - each employee,,matchOnce,must be greater or equal to,500000,,non_compliant,Block Requirements,,,false,0,,2026-08-16
"Block Real Estate Services, LLC",6a1eed06e9a399632bd43ad3,6a1eecf750bfd60555852c16,"ERGO Midwest, Inc.",6a1eecc680c8f1ceee9d6510,3rd621 - Rule Realty Corporation - 3621 Noland Court,evidenceOfInsurance,Evidence of Insurance,workersCompensation,Workers' Compensation and Employer's Liability,evidenceOfInsuranceWorkersCompensationEmployersLiabilityDiseasePolicyLimit,Employer's Liability Disease - policy limit,,matchOnce,must be greater or equal to,500000,,non_compliant,Block Requirements,,,false,0,,2026-08-16
"Block Real Estate Services, LLC",6a1eed06e9a399632bd43ad3,6a1eecf750bfd60555852c16,"ERGO Midwest, Inc.",6a1eecc680c8f1ceee9d6510,3rd621 - Rule Realty Corporation - 3621 Noland Court,evidenceOfInsurance,Evidence of Insurance,workersCompensation,Workers' Compensation and Employer's Liability,evidenceOfInsuranceWorkersCompensationWaiverOfSubrogationEndorsement,Waiver of Subrogation,"---prompt---
Determine if the insurer has waived their right of subrogation in favor of the certificate holder under the Workers' Compensation policy. Evidence may include: a checked ""Waiver of Subrogation"" box on the certificate, mention in the Description of Operations section stating ""waiver of subrogation applies"", or reference to form WC 00 03 13. Look for language like ""subrogation is waived"" or ""per written contract"".",matchOnce,must be present,,,non_compliant,Block Requirements,,,false,0,,2026-08-16
"Block Real Estate Services, LLC",6a1eed06e9a399632bd43ad3,6a1eecf750bfd60555852c16,"ERGO Midwest, Inc.",6a1eecc680c8f1ceee9d6510,3rd621 - Rule Realty Corporation - 3621 Noland Court,evidenceOfInsurance,Evidence of Insurance,6ac20aae-5728-5d57-b364-aeba38527dba,Additional Requirements,4da5b0f1-4c9d-5885-8cf8-5d3cccaed3e0,"Block Real Estate Services, LLC and all others required by contract are named as Additional Insureds","---prompt---
Determine if the Description of Operations or the Additional Remarks Schedule section states the ""Additional Insured as Construction Management, Inc. and all others required by contract"" or reference to blanket additional insured coverage. Look for language like ""certificate holder is additional insured"" or ""per written contract"".",matchOnce,must be present,,,non_compliant,Block Requirements,,,true,0,,2026-08-16
"Block Real Estate Services, LLC",6a1eed06e9a399632bd43ad3,6a1eecf750bfd60555852c16,"ERGO Midwest, Inc.",6a1eecc680c8f1ceee9d6510,3rd621 - Rule Realty Corporation - 3621 Noland Court,evidenceOfInsurance,Evidence of Insurance,6ac20aae-5728-5d57-b364-aeba38527dba,Additional Requirements,e1017741-e47e-5f58-97b8-fbc3043e919f,Umbrella follows form over General Liability,"---prompt---
Determine if the Umbrella/Excess Liability policy follows form to the underlying policies. Evidence may include: language in the Description of Operations section stating the umbrella follows form to underlying coverages or an additional page endorsement stating that it follows form. Follow form means the umbrella policy adopts the same terms, conditions, and exclusions as the underlying policies.",matchOnce,must be present,,,non_compliant,Block Requirements,,,true,0,,2026-08-16
"Block Real Estate Services, LLC",6a1eed06e9a399632bd43ad3,6a1eecf750bfd60555852c16,"ERGO Midwest, Inc.",6a1eecc680c8f1ceee9d6510,3rd621 - Rule Realty Corporation - 3621 Noland Court,evidenceOfInsurance,Evidence of Insurance,6ac20aae-5728-5d57-b364-aeba38527dba,Additional Requirements,2cdd866f-c9a4-576a-afd8-1d045762790c,The location must be listed as: 3621 Noland Court Independence MO 64055,"---prompt---
Determine if the Description of Operations or the Additional Remarks Schedule section states the location indicated in value field",matchOnce,must be present,,,non_compliant,Block Requirements,,,true,0,,2026-08-16
"Block Real Estate Services, LLC",6a1eed06e9a399632bd43ad3,6a1eecf750bfd60555852c16,"ERGO Midwest, Inc.",6a1eecc680c8f1ceee9d6510,3rd621 - Rule Realty Corporation - 3621 Noland Court,evidenceOfInsurance,Evidence of Insurance,6ac20aae-5728-5d57-b364-aeba38527dba,Additional Requirements,3649e9d1-4e09-59bf-8f30-cb33c40cf117,"Certificate Holder must read: c/o Block Real Estate Services, LLC, 4622 Pennsylvania St., Suite 700, Kansas City, MO, 64112",,matchOnce,must be present,,,non_compliant,Block Requirements,,,true,0,,2026-08-16
"Block Real Estate Services, LLC",69fdf78062446148bd8587fb,69fded2062446148bd849156,"Echo Electric / Springfield Electric Supply Company, LLC (fka Shaw Supply Company)",69fdf0b9bf1df2fe9692782f,"pas771 - Paseo Industrial - 1307 Vernon {Paseo Industrial, LLC}",evidenceOfInsurance,Evidence of Insurance,commercialGeneralLiability,Commercial General Liability,evidenceOfInsuranceCommercialGeneralLiabilityCoverageTriggerOccurrence,Coverage Trigger: Occurrence,,matchOnce,must be present,,Present,compliant,Block Requirements,,,false,1,,2026-08-16
"Block Real Estate Services, LLC",69fdf78062446148bd8587fb,69fded2062446148bd849156,"Echo Electric / Springfield Electric Supply Company, LLC (fka Shaw Supply Company)",69fdf0b9bf1df2fe9692782f,"pas771 - Paseo Industrial - 1307 Vernon {Paseo Industrial, LLC}",evidenceOfInsurance,Evidence of Insurance,commercialGeneralLiability,Commercial General Liability,evidenceOfInsuranceCommercialGeneralLiabilityGeneralAggregateLimitAppliesPerLocation,General Aggregate Limit Applies per: Location,,matchOnce,must be present,,Present,compliant,Block Requirements,,,false,1,,2026-08-16
"Block Real Estate Services, LLC",69fdf78062446148bd8587fb,69fded2062446148bd849156,"Echo Electric / Springfield Electric Supply Company, LLC (fka Shaw Supply Company)",69fdf0b9bf1df2fe9692782f,"pas771 - Paseo Industrial - 1307 Vernon {Paseo Industrial, LLC}",evidenceOfInsurance,Evidence of Insurance,commercialGeneralLiability,Commercial General Liability,evidenceOfInsuranceCommercialGeneralLiabilityEachOccurrence,Each Occurrence,,matchOnce,must be greater or equal to,2000000,2000000,compliant,Block Requirements,,,false,1,,2026-08-16
"Block Real Estate Services, LLC",69fdf78062446148bd8587fb,69fded2062446148bd849156,"Echo Electric / Springfield Electric Supply Company, LLC (fka Shaw Supply Company)",69fdf0b9bf1df2fe9692782f,"pas771 - Paseo Industrial - 1307 Vernon {Paseo Industrial, LLC}",evidenceOfInsurance,Evidence of Insurance,commercialGeneralLiability,Commercial General Liability,evidenceOfInsuranceCommercialGeneralLiabilityGeneralAggregate,General Aggregate,,matchOnce,must be greater or equal to,2000000,10000000,compliant,Block Requirements,,,false,1,,2026-08-16
"Block Real Estate Services, LLC",69fdf78062446148bd8587fb,69fded2062446148bd849156,"Echo Electric / Springfield Electric Supply Company, LLC (fka Shaw Supply Company)",69fdf0b9bf1df2fe9692782f,"pas771 - Paseo Industrial - 1307 Vernon {Paseo Industrial, LLC}",evidenceOfInsurance,Evidence of Insurance,commercialGeneralLiability,Commercial General Liability,evidenceOfInsuranceCommercialGeneralLiabilityWaiverOfSubrogationEndorsement,Waiver of Subrogation,"---prompt---
Determine if the insurer has waived their right of subrogation in favor of the certificate holder under the Commercial General Liability policy. Evidence may include: a checked ""Waiver of Subrogation"" box on the certificate, mention in the Description of Operations section stating ""waiver of subrogation applies"", or reference to form CG 24 04. Look for language like ""subrogation is waived"" or ""per written contract"".",matchOnce,must be present,,Present,compliant,Block Requirements,,,false,1,,2026-08-16
"Block Real Estate Services, LLC",69fdf78062446148bd8587fb,69fded2062446148bd849156,"Echo Electric / Springfield Electric Supply Company, LLC (fka Shaw Supply Company)",69fdf0b9bf1df2fe9692782f,"pas771 - Paseo Industrial - 1307 Vernon {Paseo Industrial, LLC}",evidenceOfInsurance,Evidence of Insurance,excessOrUmbrellaLiability,Umbrella/Excess Liability,evidenceOfInsuranceExcessOrUmbrellaLiabilityOccurence,Coverage Trigger: Occurrence,,matchOnce,must be present,,Present,compliant,Block Requirements,,,false,1,,2026-08-16
"Block Real Estate Services, LLC",69fdf78062446148bd8587fb,69fded2062446148bd849156,"Echo Electric / Springfield Electric Supply Company, LLC (fka Shaw Supply Company)",69fdf0b9bf1df2fe9692782f,"pas771 - Paseo Industrial - 1307 Vernon {Paseo Industrial, LLC}",evidenceOfInsurance,Evidence of Insurance,excessOrUmbrellaLiability,Umbrella/Excess Liability,evidenceOfInsuranceExcessOrUmbrellaLiabilityEachOccurrence,Each Occurrence,,matchOnce,must be greater or equal to,2000000,2000000,compliant,Block Requirements,,,false,1,,2026-08-16
"Block Real Estate Services, LLC",69fdf78062446148bd8587fb,69fded2062446148bd849156,"Echo Electric / Springfield Electric Supply Company, LLC (fka Shaw Supply Company)",69fdf0b9bf1df2fe9692782f,"pas771 - Paseo Industrial - 1307 Vernon {Paseo Industrial, LLC}",evidenceOfInsurance,Evidence of Insurance,excessOrUmbrellaLiability,Umbrella/Excess Liability,evidenceOfInsuranceExcessOrUmbrellaLiabilityAggregate,Aggregate,,matchOnce,must be greater or equal to,2000000,2000000,compliant,Block Requirements,,,false,1,,2026-08-16
"Block Real Estate Services, LLC",69fdf78062446148bd8587fb,69fded2062446148bd849156,"Echo Electric / Springfield Electric Supply Company, LLC (fka Shaw Supply Company)",69fdf0b9bf1df2fe9692782f,"pas771 - Paseo Industrial - 1307 Vernon {Paseo Industrial, LLC}",evidenceOfInsurance,Evidence of Insurance,workersCompensation,Workers' Compensation and Employer's Liability,evidenceOfInsuranceWorkersCompensationStatutoryLimits,Statutory Limits,,matchOnce,must be present,,Present,compliant,Block Requirements,,,false,1,,2026-08-16
"Block Real Estate Services, LLC",69fdf78062446148bd8587fb,69fded2062446148bd849156,"Echo Electric / Springfield Electric Supply Company, LLC (fka Shaw Supply Company)",69fdf0b9bf1df2fe9692782f,"pas771 - Paseo Industrial - 1307 Vernon {Paseo Industrial, LLC}",evidenceOfInsurance,Evidence of Insurance,workersCompensation,Workers' Compensation and Employer's Liability,evidenceOfInsuranceWorkersCompensationEmployersLiabilityEachAccident,Employer's Liability Each Accident,,matchOnce,must be greater or equal to,500000,1000000,compliant,Block Requirements,,,false,1,,2026-08-16
"Block Real Estate Services, LLC",69fdf78062446148bd8587fb,69fded2062446148bd849156,"Echo Electric / Springfield Electric Supply Company, LLC (fka Shaw Supply Company)",69fdf0b9bf1df2fe9692782f,"pas771 - Paseo Industrial - 1307 Vernon {Paseo Industrial, LLC}",evidenceOfInsurance,Evidence of Insurance,workersCompensation,Workers' Compensation and Employer's Liability,evidenceOfInsuranceWorkersCompensationEmployersLiabilityDiseaseEachEmployee,Employer's Liability Disease - each employee,,matchOnce,must be greater or equal to,500000,1000000,compliant,Block Requirements,,,false,1,,2026-08-16
"Block Real Estate Services, LLC",69fdf78062446148bd8587fb,69fded2062446148bd849156,"Echo Electric / Springfield Electric Supply Company, LLC (fka Shaw Supply Company)",69fdf0b9bf1df2fe9692782f,"pas771 - Paseo Industrial - 1307 Vernon {Paseo Industrial, LLC}",evidenceOfInsurance,Evidence of Insurance,workersCompensation,Workers' Compensation and Employer's Liability,evidenceOfInsuranceWorkersCompensationEmployersLiabilityDiseasePolicyLimit,Employer's Liability Disease - policy limit,,matchOnce,must be greater or equal to,500000,1000000,compliant,Block Requirements,,,false,1,,2026-08-16
"Block Real Estate Services, LLC",69fdf78062446148bd8587fb,69fded2062446148bd849156,"Echo Electric / Springfield Electric Supply Company, LLC (fka Shaw Supply Company)",69fdf0b9bf1df2fe9692782f,"pas771 - Paseo Industrial - 1307 Vernon {Paseo Industrial, LLC}",evidenceOfInsurance,Evidence of Insurance,workersCompensation,Workers' Compensation and Employer's Liability,evidenceOfInsuranceWorkersCompensationWaiverOfSubrogationEndorsement,Waiver of Subrogation,"---prompt---
Determine if the insurer has waived their right of subrogation in favor of the certificate holder under the Workers' Compensation policy. Evidence may include: a checked ""Waiver of Subrogation"" box on the certificate, mention in the Description of Operations section stating ""waiver of subrogation applies"", or reference to form WC 00 03 13. Look for language like ""subrogation is waived"" or ""per written contract"".",matchOnce,must be present,,Present,compliant,Block Requirements,,,false,1,,2026-08-16
"Block Real Estate Services, LLC",69fdf78062446148bd8587fb,69fded2062446148bd849156,"Echo Electric / Springfield Electric Supply Company, LLC (fka Shaw Supply Company)",69fdf0b9bf1df2fe9692782f,"pas771 - Paseo Industrial - 1307 Vernon {Paseo Industrial, LLC}",evidenceOfInsurance,Evidence of Insurance,6ac20aae-5728-5d57-b364-aeba38527dba,Additional Requirements,4da5b0f1-4c9d-5885-8cf8-5d3cccaed3e0,"Block Real Estate Services, LLC and all others required by contract are named as Additional Insureds","---prompt---
Determine if the Description of Operations or the Additional Remarks Schedule section states the ""Additional Insured as Construction Management, Inc. and all others required by contract"" or reference to blanket additional insured coverage. Look for language like ""certificate holder is additional insured"" or ""per written contract"".",matchOnce,must be present,,Present,compliant,Block Requirements,,,true,1,,2026-08-16
"Block Real Estate Services, LLC",69fdf78062446148bd8587fb,69fded2062446148bd849156,"Echo Electric / Springfield Electric Supply Company, LLC (fka Shaw Supply Company)",69fdf0b9bf1df2fe9692782f,"pas771 - Paseo Industrial - 1307 Vernon {Paseo Industrial, LLC}",evidenceOfInsurance,Evidence of Insurance,6ac20aae-5728-5d57-b364-aeba38527dba,Additional Requirements,e1017741-e47e-5f58-97b8-fbc3043e919f,Umbrella follows form over General Liability,"---prompt---
Determine if the Umbrella/Excess Liability policy follows form to the underlying policies. Evidence may include: language in the Description of Operations section stating the umbrella follows form to underlying coverages or an additional page endorsement stating that it follows form. Follow form means the umbrella policy adopts the same terms, conditions, and exclusions as the underlying policies.",matchOnce,must be present,,Present,compliant,Block Requirements,,,true,1,,2026-08-16
"Block Real Estate Services, LLC",69fdf78062446148bd8587fb,69fded2062446148bd849156,"Echo Electric / Springfield Electric Supply Company, LLC (fka Shaw Supply Company)",69fdf0b9bf1df2fe9692782f,"pas771 - Paseo Industrial - 1307 Vernon {Paseo Industrial, LLC}",evidenceOfInsurance,Evidence of Insurance,6ac20aae-5728-5d57-b364-aeba38527dba,Additional Requirements,2cdd866f-c9a4-576a-afd8-1d045762790c,The location must be listed as: 1307-1311 Vernon Street North Kansas City MO 64116,,matchOnce,must be present,,Present,compliant,Block Requirements,,,true,1,,2026-08-16
"Block Real Estate Services, LLC",69fdf78062446148bd8587fb,69fded2062446148bd849156,"Echo Electric / Springfield Electric Supply Company, LLC (fka Shaw Supply Company)",69fdf0b9bf1df2fe9692782f,"pas771 - Paseo Industrial - 1307 Vernon {Paseo Industrial, LLC}",evidenceOfInsurance,Evidence of Insurance,6ac20aae-5728-5d57-b364-aeba38527dba,Additional Requirements,3649e9d1-4e09-59bf-8f30-cb33c40cf117,"Certificate Holder must read: c/o Block Real Estate Services, LLC, 4622 Pennsylvania St., Suite 700, Kansas City, MO, 64112",,matchOnce,must be present,,Present,compliant,Block Requirements,,,true,1,,2026-08-16
"Block Real Estate Services, LLC",6a551639b6e092bfc2eee299,69fded2362446148bd849276,Unum Life Insurance Company of America & Colonial Life Insurance,69fdf19c8e25e7a0d918870f,"tic665 - Pinnacle Corporate Centre V {Pinnacle V Associates, LLC}",d61ceadb-db00-51cc-a7a2-c1f65558bd22,Contract,13eec448-4e9a-5f89-b177-a46743b50aac,Lease,2ebb3aab-d411-5f02-b5f2-22adb07ee850,Lease,,matchOnce,must be present,,Present,compliant,Lease,,,true,2,,2026-08-16
"Block Real Estate Services, LLC",6a7a2eccd44800fbc01af379,6a7100a9132501a25c9e41ac,"The Reynolds Law Firm, LLC",69fdf19c8e25e7a0d918870f,"tic665 - Pinnacle Corporate Centre V {Pinnacle V Associates, LLC}",d61ceadb-db00-51cc-a7a2-c1f65558bd22,Contract,13eec448-4e9a-5f89-b177-a46743b50aac,Lease,2ebb3aab-d411-5f02-b5f2-22adb07ee850,Lease,,matchOnce,must be present,,Present,compliant,Lease,,,true,1,,2026-08-16
"Block Real Estate Services, LLC",6a551e168be02123fdc503e9,69fded0f62446148bd848c19,"Kitchen and Bath by Briggs / Briggs, Inc.",69fdf1a402bb2c42a87a79ca,"tic681 - College Crossing F {College Crossing EFGH, LLC}",d61ceadb-db00-51cc-a7a2-c1f65558bd22,Contract,13eec448-4e9a-5f89-b177-a46743b50aac,Lease,2ebb3aab-d411-5f02-b5f2-22adb07ee850,Lease,,matchOnce,must be present,,Present,compliant,Lease,,,true,1,,2026-08-16
"Block Real Estate Services, LLC",6a55204c703d35ff501abafc,69fded2462446148bd8492c1,World Acceptance Corporation / World Finance,69fdf5c2e84e20262bb42483,"3rd979 - Belton Towne Center {Belton MO Properties, LLC}",d61ceadb-db00-51cc-a7a2-c1f65558bd22,Contract,13eec448-4e9a-5f89-b177-a46743b50aac,Lease,2ebb3aab-d411-5f02-b5f2-22adb07ee850,Lease,,matchOnce,must be present,,Present,compliant,Lease,,,true,1,,2026-08-16
"Block Real Estate Services, LLC",6a70f30bae7a40ab3f0381d6,69fded1362446148bd848d24,Dollar Tree #03352,69fdf5c2e84e20262bb42483,"3rd979 - Belton Towne Center {Belton MO Properties, LLC}",d61ceadb-db00-51cc-a7a2-c1f65558bd22,Contract,13eec448-4e9a-5f89-b177-a46743b50aac,Lease,2ebb3aab-d411-5f02-b5f2-22adb07ee850,Lease,,matchOnce,must be present,,Present,compliant,Lease,,,true,1,,2026-08-16
"Block Real Estate Services, LLC",6a552076b6e092bfc2f19fc3,69fded2262446148bd84920d,Argosy Casino & Hotel / The Missouri Gaming Company,69fdefb2fa0b60fcd50d6be7,"bf3944 - Riverside Business Center 3 {Block Income Fund III, LP}",d61ceadb-db00-51cc-a7a2-c1f65558bd22,Contract,13eec448-4e9a-5f89-b177-a46743b50aac,Lease,2ebb3aab-d411-5f02-b5f2-22adb07ee850,Lease,,matchOnce,must be present,,Present,compliant,Lease,,,true,1,,2026-08-16
"Block Real Estate Services, LLC",6a71efa391042af52de57e64,69fded1e62446148bd84909f,Polaris Pharmacy Services of Missouri,69fdefb2fa0b60fcd50d6be7,"bf3944 - Riverside Business Center 3 {Block Income Fund III, LP}",d61ceadb-db00-51cc-a7a2-c1f65558bd22,Contract,13eec448-4e9a-5f89-b177-a46743b50aac,Lease,2ebb3aab-d411-5f02-b5f2-22adb07ee850,Lease,,matchOnce,must be present,,Present,compliant,Lease,,,true,1,,2026-08-16
"Block Real Estate Services, LLC",6a75d4b5b6655a384196a905,69fded0f62446148bd848bd7,BDM Inc,69fdefb2fa0b60fcd50d6be7,"bf3944 - Riverside Business Center 3 {Block Income Fund III, LP}",d61ceadb-db00-51cc-a7a2-c1f65558bd22,Contract,13eec448-4e9a-5f89-b177-a46743b50aac,Lease,2ebb3aab-d411-5f02-b5f2-22adb07ee850,Lease,,matchOnce,must be present,,Present,compliant,Lease,,,true,1,,2026-08-16
"Block Real Estate Services, LLC",6a5520b8b6e092bfc2f19fd5,69fded2062446148bd849168,Siemens Corporation,69fdf05002bb2c42a87a1859,"kc2704 - Westbrook IV {Brian 4, LLC}",d61ceadb-db00-51cc-a7a2-c1f65558bd22,Contract,13eec448-4e9a-5f89-b177-a46743b50aac,Lease,2ebb3aab-d411-5f02-b5f2-22adb07ee850,Lease,,matchOnce,must be present,,Present,compliant,Lease,,,true,1,,2026-08-16
"Block Real Estate Services, LLC",6a5520e2703d35ff501abc36,69fded0e62446148bd848b86,ARC Physical Therapy Plus,69fdf0ad0bb484cab513d40c,"ncd054 - North Cass Shopping Center {North Cass Development, LLC}",d61ceadb-db00-51cc-a7a2-c1f65558bd22,Contract,13eec448-4e9a-5f89-b177-a46743b50aac,Lease,2ebb3aab-d411-5f02-b5f2-22adb07ee850,Lease,,matchOnce,must be present,,Present,compliant,Lease,,,true,1,,2026-08-16
"Block Real Estate Services, LLC",6a552a4e8be02123fdca2606,69fded1062446148bd848c28,Builder Direct LLC,69fdf0dc02bb2c42a87a39b3,"prg805 - Pine Ridge Building E-1 {PERG BUILDINGS, LLC}",d61ceadb-db00-51cc-a7a2-c1f65558bd22,Contract,13eec448-4e9a-5f89-b177-a46743b50aac,Lease,2ebb3aab-d411-5f02-b5f2-22adb07ee850,Lease,,matchOnce,must be present,,Present,compliant,Lease,,,true,1,,2026-08-16
"Block Real Estate Services, LLC",6a58005c2293ab9141a68221,69fded1f62446148bd8490d8,R & R Communications Inc,69fdf0dc02bb2c42a87a39b3,"prg805 - Pine Ridge Building E-1 {PERG BUILDINGS, LLC}",d61ceadb-db00-51cc-a7a2-c1f65558bd22,Contract,13eec448-4e9a-5f89-b177-a46743b50aac,Lease,2ebb3aab-d411-5f02-b5f2-22adb07ee850,Lease,,matchOnce,must be present,,Present,compliant,Lease,,,true,1,,2026-08-16
"Block Real Estate Services, LLC",6a55319e273e5de293a01e92,69fded1362446148bd848d27,Dollar Tree #4044,69fdf1fc3b208288e0a86ed1,"tic827 - Westchester Square Shopping Centre {Westchester 87 Investors, LLC}",d61ceadb-db00-51cc-a7a2-c1f65558bd22,Contract,13eec448-4e9a-5f89-b177-a46743b50aac,Lease,2ebb3aab-d411-5f02-b5f2-22adb07ee850,Lease,,matchOnce,must be present,,Present,compliant,Lease,,,true,1,,2026-08-16
"Block Real Estate Services, LLC",6a5532d2703d35ff501e1215,69fded1462446148bd848d99,FedEx/Kinko's,69fdf1fc3b208288e0a86ed1,"tic827 - Westchester Square Shopping Centre {Westchester 87 Investors, LLC}",d61ceadb-db00-51cc-a7a2-c1f65558bd22,Contract,13eec448-4e9a-5f89-b177-a46743b50aac,Lease,2ebb3aab-d411-5f02-b5f2-22adb07ee850,Lease,,matchOnce,must be present,,Present,compliant,Lease,,,true,1,,2026-08-16
"Block Real Estate Services, LLC",6a5a3e548e3406c6c19d9c2c,69fded2162446148bd8491ad,Starbucks #2436,69fdf1fc3b208288e0a86ed1,"tic827 - Westchester Square Shopping Centre {Westchester 87 Investors, LLC}",d61ceadb-db00-51cc-a7a2-c1f65558bd22,Contract,13eec448-4e9a-5f89-b177-a46743b50aac,Lease,2ebb3aab-d411-5f02-b5f2-22adb07ee850,Lease,,matchOnce,must be present,,Present,compliant,Lease,,,true,1,,2026-08-16
"Block Real Estate Services, LLC",6a5fc91961f57d420f7f2871,69fded2062446148bd84912c,Salon Ji,69fdf1fc3b208288e0a86ed1,"tic827 - Westchester Square Shopping Centre {Westchester 87 Investors, LLC}",d61ceadb-db00-51cc-a7a2-c1f65558bd22,Contract,13eec448-4e9a-5f89-b177-a46743b50aac,Lease,2ebb3aab-d411-5f02-b5f2-22adb07ee850,Lease,,matchOnce,must be present,,Present,compliant,Lease,,,true,1,,2026-08-16
"Block Real Estate Services, LLC",6a70f70d58a909130c5d5ba8,69fded2262446148bd8491ec,Tesla Inc,69fdf1fc3b208288e0a86ed1,"tic827 - Westchester Square Shopping Centre {Westchester 87 Investors, LLC}",d61ceadb-db00-51cc-a7a2-c1f65558bd22,Contract,13eec448-4e9a-5f89-b177-a46743b50aac,Lease,2ebb3aab-d411-5f02-b5f2-22adb07ee850,Lease,,matchOnce,must be present,,Present,compliant,Lease,,,true,2,,2026-08-16
"Block Real Estate Services, LLC",6a7204374666fab1ae66f466,6a71fe9c1df1817c9d72a945,"Thrift World, Inc.",69fdf1fc3b208288e0a86ed1,"tic827 - Westchester Square Shopping Centre {Westchester 87 Investors, LLC}",d61ceadb-db00-51cc-a7a2-c1f65558bd22,Contract,13eec448-4e9a-5f89-b177-a46743b50aac,Lease,2ebb3aab-d411-5f02-b5f2-22adb07ee850,Lease,,matchOnce,must be present,,Present,compliant,Lease,,,true,1,,2026-08-16
"Block Real Estate Services, LLC",6a7b67c202103e708c9019d7,6a17544d68ca7e9989502900,Spurgeon Chiropractic / Dr. Ryan Spurgeon Healing Neck & Joints,69fdf1fc3b208288e0a86ed1,"tic827 - Westchester Square Shopping Centre {Westchester 87 Investors, LLC}",d61ceadb-db00-51cc-a7a2-c1f65558bd22,Contract,13eec448-4e9a-5f89-b177-a46743b50aac,Lease,2ebb3aab-d411-5f02-b5f2-22adb07ee850,Lease,,matchOnce,must be present,,Present,compliant,Lease,,,true,1,,2026-08-16
"Block Real Estate Services, LLC",6a553b08273e5de293a0a616,69fded2062446148bd849156,"Echo Electric / Springfield Electric Supply Company, LLC (fka Shaw Supply Company)",69fdf0b9bf1df2fe9692782f,"pas771 - Paseo Industrial - 1307 Vernon {Paseo Industrial, LLC}",d61ceadb-db00-51cc-a7a2-c1f65558bd22,Contract,13eec448-4e9a-5f89-b177-a46743b50aac,Lease,2ebb3aab-d411-5f02-b5f2-22adb07ee850,Lease,,matchOnce,must be present,,Present,compliant,Lease,,,true,1,,2026-08-16
"Block Real Estate Services, LLC",69fdf7b562446148bd85c48a,69fded1362446148bd848d3f,Eaton Electric / Eaton Corporation,69fdf21802bb2c42a87aa766,"tic921 - Millennium Business Park {Millennium Lenexa, LLC}",evidenceOfInsurance,Evidence of Insurance,commercialGeneralLiability,Commercial General Liability,evidenceOfInsuranceCommercialGeneralLiabilityCoverageTriggerOccurrence,Coverage Trigger: Occurrence,,matchOnce,must be present,,Present,compliant,Block Requirements,,,false,1,,2026-08-16
"Block Real Estate Services, LLC",69fdf7b562446148bd85c48a,69fded1362446148bd848d3f,Eaton Electric / Eaton Corporation,69fdf21802bb2c42a87aa766,"tic921 - Millennium Business Park {Millennium Lenexa, LLC}",evidenceOfInsurance,Evidence of Insurance,commercialGeneralLiability,Commercial General Liability,evidenceOfInsuranceCommercialGeneralLiabilityGeneralAggregateLimitAppliesPerLocation,General Aggregate Limit Applies per: Location,,matchOnce,must be present,,,waived,Block Requirements,Per location not a requirement in the lease,,false,0,,2026-08-16
"Block Real Estate Services, LLC",69fdf7b562446148bd85c48a,69fded1362446148bd848d3f,Eaton Electric / Eaton Corporation,69fdf21802bb2c42a87aa766,"tic921 - Millennium Business Park {Millennium Lenexa, LLC}",evidenceOfInsurance,Evidence of Insurance,commercialGeneralLiability,Commercial General Liability,evidenceOfInsuranceCommercialGeneralLiabilityEachOccurrence,Each Occurrence,,matchOnce,must be greater or equal to,1500000,10000000,compliant,Block Requirements,,,false,1,,2026-08-16
"Block Real Estate Services, LLC",69fdf7b562446148bd85c48a,69fded1362446148bd848d3f,Eaton Electric / Eaton Corporation,69fdf21802bb2c42a87aa766,"tic921 - Millennium Business Park {Millennium Lenexa, LLC}",evidenceOfInsurance,Evidence of Insurance,commercialGeneralLiability,Commercial General Liability,evidenceOfInsuranceCommercialGeneralLiabilityGeneralAggregate,General Aggregate,,matchOnce,must be greater or equal to,1500000,10000000,compliant,Block Requirements,,,false,1,,2026-08-16
"Block Real Estate Services, LLC",69fdf7b562446148bd85c48a,69fded1362446148bd848d3f,Eaton Electric / Eaton Corporation,69fdf21802bb2c42a87aa766,"tic921 - Millennium Business Park {Millennium Lenexa, LLC}",evidenceOfInsurance,Evidence of Insurance,commercialGeneralLiability,Commercial General Liability,evidenceOfInsuranceCommercialGeneralLiabilityWaiverOfSubrogationEndorsement,Waiver of Subrogation,"---prompt---
Determine if the insurer has waived their right of subrogation in favor of the certificate holder under the Commercial General Liability policy. Evidence may include: a checked ""Waiver of Subrogation"" box on the certificate, mention in the Description of Operations section stating ""waiver of subrogation applies"", or reference to form CG 24 04. Look for language like ""subrogation is waived"" or ""per written contract"".",matchOnce,must be present,,,non_compliant,Block Requirements,,,false,0,,2026-08-16
"Block Real Estate Services, LLC",69fdf7b562446148bd85c48a,69fded1362446148bd848d3f,Eaton Electric / Eaton Corporation,69fdf21802bb2c42a87aa766,"tic921 - Millennium Business Park {Millennium Lenexa, LLC}",evidenceOfInsurance,Evidence of Insurance,excessOrUmbrellaLiability,Umbrella/Excess Liability,evidenceOfInsuranceExcessOrUmbrellaLiabilityOccurence,Coverage Trigger: Occurrence,,matchOnce,must be present,,,waived,Block Requirements,,,false,0,,2026-08-16
"Block Real Estate Services, LLC",69fdf7b562446148bd85c48a,69fded1362446148bd848d3f,Eaton Electric / Eaton Corporation,69fdf21802bb2c42a87aa766,"tic921 - Millennium Business Park {Millennium Lenexa, LLC}",evidenceOfInsurance,Evidence of Insurance,excessOrUmbrellaLiability,Umbrella/Excess Liability,evidenceOfInsuranceExcessOrUmbrellaLiabilityEachOccurrence,Each Occurrence,,matchOnce,must be greater or equal to,1000000,,waived,Block Requirements,,,false,0,,2026-08-16
"Block Real Estate Services, LLC",69fdf7b562446148bd85c48a,69fded1362446148bd848d3f,Eaton Electric / Eaton Corporation,69fdf21802bb2c42a87aa766,"tic921 - Millennium Business Park {Millennium Lenexa, LLC}",evidenceOfInsurance,Evidence of Insurance,excessOrUmbrellaLiability,Umbrella/Excess Liability,evidenceOfInsuranceExcessOrUmbrellaLiabilityAggregate,Aggregate,,matchOnce,must be greater or equal to,1000000,,waived,Block Requirements,,,false,0,,2026-08-16
"Block Real Estate Services, LLC",69fdf7b562446148bd85c48a,69fded1362446148bd848d3f,Eaton Electric / Eaton Corporation,69fdf21802bb2c42a87aa766,"tic921 - Millennium Business Park {Millennium Lenexa, LLC}",evidenceOfInsurance,Evidence of Insurance,workersCompensation,Workers' Compensation and Employer's Liability,evidenceOfInsuranceWorkersCompensationStatutoryLimits,Statutory Limits,,matchOnce,must be present,,,waived,Block Requirements,,,false,0,,2026-08-16
"Block Real Estate Services, LLC",69fdf7b562446148bd85c48a,69fded1362446148bd848d3f,Eaton Electric / Eaton Corporation,69fdf21802bb2c42a87aa766,"tic921 - Millennium Business Park {Millennium Lenexa, LLC}",evidenceOfInsurance,Evidence of Insurance,workersCompensation,Workers' Compensation and Employer's Liability,evidenceOfInsuranceWorkersCompensationEmployersLiabilityEachAccident,Employer's Liability Each Accident,,matchOnce,must be greater or equal to,500000,,waived,Block Requirements,,,false,0,,2026-08-16
"Block Real Estate Services, LLC",69fdf7b562446148bd85c48a,69fded1362446148bd848d3f,Eaton Electric / Eaton Corporation,69fdf21802bb2c42a87aa766,"tic921 - Millennium Business Park {Millennium Lenexa, LLC}",evidenceOfInsurance,Evidence of Insurance,workersCompensation,Workers' Compensation and Employer's Liability,evidenceOfInsuranceWorkersCompensationEmployersLiabilityDiseaseEachEmployee,Employer's Liability Disease - each employee,,matchOnce,must be greater or equal to,500000,,waived,Block Requirements,,,false,0,,2026-08-16
"Block Real Estate Services, LLC",69fdf7b562446148bd85c48a,69fded1362446148bd848d3f,Eaton Electric / Eaton Corporation,69fdf21802bb2c42a87aa766,"tic921 - Millennium Business Park {Millennium Lenexa, LLC}",evidenceOfInsurance,Evidence of Insurance,workersCompensation,Workers' Compensation and Employer's Liability,evidenceOfInsuranceWorkersCompensationEmployersLiabilityDiseasePolicyLimit,Employer's Liability Disease - policy limit,,matchOnce,must be greater or equal to,500000,,waived,Block Requirements,,,false,0,,2026-08-16
"Block Real Estate Services, LLC",69fdf7b562446148bd85c48a,69fded1362446148bd848d3f,Eaton Electric / Eaton Corporation,69fdf21802bb2c42a87aa766,"tic921 - Millennium Business Park {Millennium Lenexa, LLC}",evidenceOfInsurance,Evidence of Insurance,workersCompensation,Workers' Compensation and Employer's Liability,evidenceOfInsuranceWorkersCompensationWaiverOfSubrogationEndorsement,Waiver of Subrogation,"---prompt---
Determine if the insurer has waived their right of subrogation in favor of the certificate holder under the Workers' Compensation policy. Evidence may include: a checked ""Waiver of Subrogation"" box on the certificate, mention in the Description of Operations section stating ""waiver of subrogation applies"", or reference to form WC 00 03 13. Look for language like ""subrogation is waived"" or ""per written contract"".",matchOnce,must be present,,,waived,Block Requirements,,,false,0,,2026-08-16
"Block Real Estate Services, LLC",69fdf7b562446148bd85c48a,69fded1362446148bd848d3f,Eaton Electric / Eaton Corporation,69fdf21802bb2c42a87aa766,"tic921 - Millennium Business Park {Millennium Lenexa, LLC}",evidenceOfInsurance,Evidence of Insurance,6ac20aae-5728-5d57-b364-aeba38527dba,Additional Requirements,4da5b0f1-4c9d-5885-8cf8-5d3cccaed3e0,"Block Real Estate Services, LLC and all others required by contract are named as Additional Insureds","---prompt---
Determine if the Description of Operations or the Additional Remarks Schedule section states the ""Additional Insured as Construction Management, Inc. and all others required by contract"" or reference to blanket additional insured coverage. Look for language like ""certificate holder is additional insured"" or ""per written contract"".",matchOnce,must be present,,Present,compliant,Block Requirements,,,true,1,,2026-08-16
"Block Real Estate Services, LLC",69fdf7b562446148bd85c48a,69fded1362446148bd848d3f,Eaton Electric / Eaton Corporation,69fdf21802bb2c42a87aa766,"tic921 - Millennium Business Park {Millennium Lenexa, LLC}",evidenceOfInsurance,Evidence of Insurance,6ac20aae-5728-5d57-b364-aeba38527dba,Additional Requirements,e1017741-e47e-5f58-97b8-fbc3043e919f,Umbrella follows form over General Liability,"---prompt---
Determine if the Umbrella/Excess Liability policy follows form to the underlying policies. Evidence may include: language in the Description of Operations section stating the umbrella follows form to underlying coverages or an additional page endorsement stating that it follows form. Follow form means the umbrella policy adopts the same terms, conditions, and exclusions as the underlying policies.",matchOnce,must be present,,,waived,Block Requirements,Umbrella not a requirement in the lease,,true,0,,2026-08-16
"Block Real Estate Services, LLC",69fdf7b562446148bd85c48a,69fded1362446148bd848d3f,Eaton Electric / Eaton Corporation,69fdf21802bb2c42a87aa766,"tic921 - Millennium Business Park {Millennium Lenexa, LLC}",evidenceOfInsurance,Evidence of Insurance,6ac20aae-5728-5d57-b364-aeba38527dba,Additional Requirements,2cdd866f-c9a4-576a-afd8-1d045762790c,The location must be listed as: 11305 Strang Line Road Lenexa KS 66215,,matchOnce,must be present,,Present,compliant,Block Requirements,,,true,1,,2026-08-16
"Block Real Estate Services, LLC",69fdf7b562446148bd85c48a,69fded1362446148bd848d3f,Eaton Electric / Eaton Corporation,69fdf21802bb2c42a87aa766,"tic921 - Millennium Business Park {Millennium Lenexa, LLC}",evidenceOfInsurance,Evidence of Insurance,6ac20aae-5728-5d57-b364-aeba38527dba,Additional Requirements,3649e9d1-4e09-59bf-8f30-cb33c40cf117,"Certificate Holder must read: c/o Block Real Estate Services, LLC, 4622 Pennsylvania St., Suite 700, Kansas City, MO, 64112",,matchOnce,must be present,,,non_compliant,Block Requirements,,,true,0,,2026-08-16
"Block Real Estate Services, LLC",6a55571bf48193eaeb5536d1,69fded1162446148bd848cbe,"Costco-Innovel Properties, LLC (fka Sears Logistics Service, Inc.)",69fdf07103a2257cd27deaeb,"kci291 - Platte Valley Industrial Center 11 {Platte Valley Investment, LLC}",d61ceadb-db00-51cc-a7a2-c1f65558bd22,Contract,13eec448-4e9a-5f89-b177-a46743b50aac,Lease,2ebb3aab-d411-5f02-b5f2-22adb07ee850,Lease,,matchOnce,must be present,,Present,compliant,Lease,,,true,2,,2026-08-16
"Block Real Estate Services, LLC",6a563f43a7d0ab16eb3d7d56,69fded2462446148bd8492af,"Satellite Engineering / WESCO Distribution, Inc.",69fdefeafa0b60fcd50d7a68,"bkp363 - Nieman Business Park Building D {BK Properties,LLC}",d61ceadb-db00-51cc-a7a2-c1f65558bd22,Contract,13eec448-4e9a-5f89-b177-a46743b50aac,Lease,2ebb3aab-d411-5f02-b5f2-22adb07ee850,Lease,,matchOnce,must be present,,Present,compliant,Lease,,,true,1,,2026-08-16
"Block Real Estate Services, LLC",6a5691ae149bb4d338a6c972,69fded0d62446148bd848b6b,Anixter Inc,69fdf12c38cbea6b3a6944ae,"rl2877 - Riverside Logistics Centre II {Riverside Logistics Centre II Investors, LLC}",d61ceadb-db00-51cc-a7a2-c1f65558bd22,Contract,13eec448-4e9a-5f89-b177-a46743b50aac,Lease,2ebb3aab-d411-5f02-b5f2-22adb07ee850,Lease,,matchOnce,must be present,,Present,compliant,Lease,,,true,1,,2026-08-16
"Block Real Estate Services, LLC",6a57a2a92293ab9141a4ba20,69fded1362446148bd848d3f,Eaton Electric / Eaton Corporation,69fdf21802bb2c42a87aa766,"tic921 - Millennium Business Park {Millennium Lenexa, LLC}",d61ceadb-db00-51cc-a7a2-c1f65558bd22,Contract,13eec448-4e9a-5f89-b177-a46743b50aac,Lease,2ebb3aab-d411-5f02-b5f2-22adb07ee850,Lease,,matchOnce,must be present,,Present,compliant,Lease,,,true,1,,2026-08-16
"Block Real Estate Services, LLC",6a57aaebd0553a301da08050,69fded0c62446148bd848b0e,A.N.D. Design Studio LLC,69fdef6abf1df2fe969214c6,"3rd657 - Sni-A-Bar Plaza {KCG Investment Properties, LLC}",d61ceadb-db00-51cc-a7a2-c1f65558bd22,Contract,13eec448-4e9a-5f89-b177-a46743b50aac,Lease,2ebb3aab-d411-5f02-b5f2-22adb07ee850,Lease,,matchOnce,must be present,,Present,compliant,Lease,,,true,1,,2026-08-16
"Block Real Estate Services, LLC",6a68c630656a2f110df5f07b,69fded0e62446148bd848bbf,Baking With A Bass / Kayla Bass,69fdef6abf1df2fe969214c6,"3rd657 - Sni-A-Bar Plaza {KCG Investment Properties, LLC}",d61ceadb-db00-51cc-a7a2-c1f65558bd22,Contract,13eec448-4e9a-5f89-b177-a46743b50aac,Lease,2ebb3aab-d411-5f02-b5f2-22adb07ee850,Lease,,matchOnce,must be present,,Present,compliant,Lease,,,true,1,,2026-08-16
"Block Real Estate Services, LLC",6a6a6886a3178312c76de4ec,69fded1b62446148bd848f9a,"510 Counseling Group / Melissa Winston, LLC",69fdef6abf1df2fe969214c6,"3rd657 - Sni-A-Bar Plaza {KCG Investment Properties, LLC}",d61ceadb-db00-51cc-a7a2-c1f65558bd22,Contract,13eec448-4e9a-5f89-b177-a46743b50aac,Lease,2ebb3aab-d411-5f02-b5f2-22adb07ee850,Lease,,matchOnce,must be present,,Present,compliant,Lease,,,true,1,,2026-08-16
"Block Real Estate Services, LLC",6a737730bc714d2a8f474d3b,69fded1b62446148bd848fb2,Midwest Dance Center / Priscilla Lea Young,69fdef6abf1df2fe969214c6,"3rd657 - Sni-A-Bar Plaza {KCG Investment Properties, LLC}",d61ceadb-db00-51cc-a7a2-c1f65558bd22,Contract,13eec448-4e9a-5f89-b177-a46743b50aac,Lease,2ebb3aab-d411-5f02-b5f2-22adb07ee850,Lease,,matchOnce,must be present,,Present,compliant,Lease,,,true,1,,2026-08-16
"Block Real Estate Services, LLC",6a57b3a021dc624ee43cacbe,69fded2162446148bd8491b0,Starbucks Corporation #9654,69fdef5c3b208288e0a7a5df,"3rd543 - Downey Family Holdings, LLC",d61ceadb-db00-51cc-a7a2-c1f65558bd22,Contract,13eec448-4e9a-5f89-b177-a46743b50aac,Lease,2ebb3aab-d411-5f02-b5f2-22adb07ee850,Lease,,matchOnce,must be present,,Present,compliant,Lease,,,true,1,,2026-08-16
"Block Real Estate Services, LLC",6a57bc3d77713070045001fd,69fded1962446148bd848ee9,"KC Classic Auto, LLC",69fdf1f57f8ab8a84b28cc1a,"tic785 - Terrace & Lackman Distribution Center #1 {Cal Vent Group, LTD}",d61ceadb-db00-51cc-a7a2-c1f65558bd22,Contract,13eec448-4e9a-5f89-b177-a46743b50aac,Lease,2ebb3aab-d411-5f02-b5f2-22adb07ee850,Lease,,matchOnce,must be present,,Present,compliant,Lease,,,true,2,,2026-08-16
"Block Real Estate Services, LLC",6a58ddcd441170831a0fd74a,69fded2162446148bd8491b3,Starbucks Corporation,69fdef8fbf1df2fe9692198a,"3rd959 - Bell 39 Properties, LLC",d61ceadb-db00-51cc-a7a2-c1f65558bd22,Contract,13eec448-4e9a-5f89-b177-a46743b50aac,Lease,2ebb3aab-d411-5f02-b5f2-22adb07ee850,Lease,,matchOnce,must be present,,Present,compliant,Lease,,,true,1,,2026-08-16
"Block Real Estate Services, LLC",6a58de2265ff6b30c5f31017,69fded2162446148bd8491b3,Starbucks Corporation,69fdf1587f8ab8a84b289613,"str117 - Starbucks {Galleria 115 Investors, LLC}",d61ceadb-db00-51cc-a7a2-c1f65558bd22,Contract,13eec448-4e9a-5f89-b177-a46743b50aac,Lease,2ebb3aab-d411-5f02-b5f2-22adb07ee850,Lease,,matchOnce,must be present,,Present,compliant,Lease,,,true,1,,2026-08-16
"Block Real Estate Services, LLC",6a58de4fc60d240843670d3a,69fded2162446148bd8491b3,Starbucks Corporation,69fdf15bd3bfa5e4945e2255,"sum015 - Summit Springs Shopping Center {Summit Springs Development, LLC}",d61ceadb-db00-51cc-a7a2-c1f65558bd22,Contract,13eec448-4e9a-5f89-b177-a46743b50aac,Lease,2ebb3aab-d411-5f02-b5f2-22adb07ee850,Lease,,matchOnce,must be present,,Present,compliant,Lease,,,true,1,,2026-08-16
"Block Real Estate Services, LLC",6a67a18cb448754353001786,69fded1262446148bd848cfa,B-Envied Salon / David M & Lisa Walla,69fdf15bd3bfa5e4945e2255,"sum015 - Summit Springs Shopping Center {Summit Springs Development, LLC}",d61ceadb-db00-51cc-a7a2-c1f65558bd22,Contract,13eec448-4e9a-5f89-b177-a46743b50aac,Lease,2ebb3aab-d411-5f02-b5f2-22adb07ee850,Lease,,matchOnce,must be present,,Present,compliant,Lease,,,true,1,,2026-08-16
"Block Real Estate Services, LLC",6a5a456575de1805da4a57b1,69fded1f62446148bd849108,"Rosen's, Inc.",69fdef5502bb2c42a879dfe7,"3rd497 - The Fountain Office Building {Fountain Building-Missouri, LLC}",d61ceadb-db00-51cc-a7a2-c1f65558bd22,Contract,13eec448-4e9a-5f89-b177-a46743b50aac,Lease,2ebb3aab-d411-5f02-b5f2-22adb07ee850,Lease,,matchOnce,must be present,,Present,compliant,Lease,,,true,1,,2026-08-16
"Block Real Estate Services, LLC",6a6ba7437c8364ee3ee6776f,69fded0e62446148bd848bc2,Bank of America,69fdef5502bb2c42a879dfe7,"3rd497 - The Fountain Office Building {Fountain Building-Missouri, LLC}",d61ceadb-db00-51cc-a7a2-c1f65558bd22,Contract,13eec448-4e9a-5f89-b177-a46743b50aac,Lease,2ebb3aab-d411-5f02-b5f2-22adb07ee850,Lease,,matchOnce,must be present,,Present,compliant,Lease,,,true,2,,2026-08-16
"Block Real Estate Services, LLC",6a17545c03c4ee99f106d41a,6a17544d68ca7e9989502900,Spurgeon Chiropractic / Dr. Ryan Spurgeon Healing Neck & Joints,69fdf1fc3b208288e0a86ed1,"tic827 - Westchester Square Shopping Centre {Westchester 87 Investors, LLC}",evidenceOfInsurance,Evidence of Insurance,commercialGeneralLiability,Commercial General Liability,evidenceOfInsuranceCommercialGeneralLiabilityCoverageTriggerOccurrence,Coverage Trigger: Occurrence,,matchOnce,must be present,,Present,compliant,Block Requirements,,,false,1,,2026-08-16
"Block Real Estate Services, LLC",6a17545c03c4ee99f106d41a,6a17544d68ca7e9989502900,Spurgeon Chiropractic / Dr. Ryan Spurgeon Healing Neck & Joints,69fdf1fc3b208288e0a86ed1,"tic827 - Westchester Square Shopping Centre {Westchester 87 Investors, LLC}",evidenceOfInsurance,Evidence of Insurance,commercialGeneralLiability,Commercial General Liability,evidenceOfInsuranceCommercialGeneralLiabilityGeneralAggregateLimitAppliesPerLocation,General Aggregate Limit Applies per: Location,,matchOnce,must be present,,Present,waived,Block Requirements,Per location not a requirement in the lease,,false,1,,2026-08-16
"Block Real Estate Services, LLC",6a17545c03c4ee99f106d41a,6a17544d68ca7e9989502900,Spurgeon Chiropractic / Dr. Ryan Spurgeon Healing Neck & Joints,69fdf1fc3b208288e0a86ed1,"tic827 - Westchester Square Shopping Centre {Westchester 87 Investors, LLC}",evidenceOfInsurance,Evidence of Insurance,commercialGeneralLiability,Commercial General Liability,evidenceOfInsuranceCommercialGeneralLiabilityEachOccurrence,Each Occurrence,,matchOnce,must be greater or equal to,1000000,1000000,compliant,Block Requirements,,,false,1,,2026-08-16
"Block Real Estate Services, LLC",6a17545c03c4ee99f106d41a,6a17544d68ca7e9989502900,Spurgeon Chiropractic / Dr. Ryan Spurgeon Healing Neck & Joints,69fdf1fc3b208288e0a86ed1,"tic827 - Westchester Square Shopping Centre {Westchester 87 Investors, LLC}",evidenceOfInsurance,Evidence of Insurance,commercialGeneralLiability,Commercial General Liability,evidenceOfInsuranceCommercialGeneralLiabilityGeneralAggregate,General Aggregate,,matchOnce,must be greater or equal to,2000000,2000000,compliant,Block Requirements,,,false,1,,2026-08-16
"Block Real Estate Services, LLC",6a17545c03c4ee99f106d41a,6a17544d68ca7e9989502900,Spurgeon Chiropractic / Dr. Ryan Spurgeon Healing Neck & Joints,69fdf1fc3b208288e0a86ed1,"tic827 - Westchester Square Shopping Centre {Westchester 87 Investors, LLC}",evidenceOfInsurance,Evidence of Insurance,commercialGeneralLiability,Commercial General Liability,evidenceOfInsuranceCommercialGeneralLiabilityWaiverOfSubrogationEndorsement,Waiver of Subrogation,"---prompt---
Determine if the insurer has waived their right of subrogation in favor of the certificate holder under the Commercial General Liability policy. Evidence may include: a checked ""Waiver of Subrogation"" box on the certificate, mention in the Description of Operations section stating ""waiver of subrogation applies"", or reference to form CG 24 04. Look for language like ""subrogation is waived"" or ""per written contract"".",matchOnce,must be present,,Present,compliant,Block Requirements,,,false,2,,2026-08-16
"Block Real Estate Services, LLC",6a17545c03c4ee99f106d41a,6a17544d68ca7e9989502900,Spurgeon Chiropractic / Dr. Ryan Spurgeon Healing Neck & Joints,69fdf1fc3b208288e0a86ed1,"tic827 - Westchester Square Shopping Centre {Westchester 87 Investors, LLC}",evidenceOfInsurance,Evidence of Insurance,excessOrUmbrellaLiability,Umbrella/Excess Liability,evidenceOfInsuranceExcessOrUmbrellaLiabilityOccurence,Coverage Trigger: Occurrence,,matchOnce,must be present,,,waived,Block Requirements,,,false,0,,2026-08-16
"Block Real Estate Services, LLC",6a17545c03c4ee99f106d41a,6a17544d68ca7e9989502900,Spurgeon Chiropractic / Dr. Ryan Spurgeon Healing Neck & Joints,69fdf1fc3b208288e0a86ed1,"tic827 - Westchester Square Shopping Centre {Westchester 87 Investors, LLC}",evidenceOfInsurance,Evidence of Insurance,excessOrUmbrellaLiability,Umbrella/Excess Liability,evidenceOfInsuranceExcessOrUmbrellaLiabilityEachOccurrence,Each Occurrence,,matchOnce,must be greater or equal to,1000000,,waived,Block Requirements,,,false,0,,2026-08-16
"Block Real Estate Services, LLC",6a17545c03c4ee99f106d41a,6a17544d68ca7e9989502900,Spurgeon Chiropractic / Dr. Ryan Spurgeon Healing Neck & Joints,69fdf1fc3b208288e0a86ed1,"tic827 - Westchester Square Shopping Centre {Westchester 87 Investors, LLC}",evidenceOfInsurance,Evidence of Insurance,excessOrUmbrellaLiability,Umbrella/Excess Liability,evidenceOfInsuranceExcessOrUmbrellaLiabilityAggregate,Aggregate,,matchOnce,must be greater or equal to,1000000,,waived,Block Requirements,,,false,0,,2026-08-16
"Block Real Estate Services, LLC",6a17545c03c4ee99f106d41a,6a17544d68ca7e9989502900,Spurgeon Chiropractic / Dr. Ryan Spurgeon Healing Neck & Joints,69fdf1fc3b208288e0a86ed1,"tic827 - Westchester Square Shopping Centre {Westchester 87 Investors, LLC}",evidenceOfInsurance,Evidence of Insurance,workersCompensation,Workers' Compensation and Employer's Liability,evidenceOfInsuranceWorkersCompensationStatutoryLimits,Statutory Limits,,matchOnce,must be present,,,non_compliant,Block Requirements,,,false,0,,2026-08-16
"Block Real Estate Services, LLC",6a17545c03c4ee99f106d41a,6a17544d68ca7e9989502900,Spurgeon Chiropractic / Dr. Ryan Spurgeon Healing Neck & Joints,69fdf1fc3b208288e0a86ed1,"tic827 - Westchester Square Shopping Centre {Westchester 87 Investors, LLC}",evidenceOfInsurance,Evidence of Insurance,workersCompensation,Workers' Compensation and Employer's Liability,evidenceOfInsuranceWorkersCompensationWaiverOfSubrogationEndorsement,Waiver of Subrogation,"---prompt---
Determine if the insurer has waived their right of subrogation in favor of the certificate holder under the Workers' Compensation policy. Evidence may include: a checked ""Waiver of Subrogation"" box on the certificate, mention in the Description of Operations section stating ""waiver of subrogation applies"", or reference to form WC 00 03 13. Look for language like ""subrogation is waived"" or ""per written contract"".",matchOnce,must be present,,,non_compliant,Block Requirements,,,false,0,,2026-08-16
"Block Real Estate Services, LLC",6a17545c03c4ee99f106d41a,6a17544d68ca7e9989502900,Spurgeon Chiropractic / Dr. Ryan Spurgeon Healing Neck & Joints,69fdf1fc3b208288e0a86ed1,"tic827 - Westchester Square Shopping Centre {Westchester 87 Investors, LLC}",evidenceOfInsurance,Evidence of Insurance,6ac20aae-5728-5d57-b364-aeba38527dba,Additional Requirements,4da5b0f1-4c9d-5885-8cf8-5d3cccaed3e0,"Block Real Estate Services, LLC and all others required by contract are named as Additional Insureds","---prompt---
Determine if the Description of Operations or the Additional Remarks Schedule section states the ""Additional Insured as Construction Management, Inc. and all others required by contract"" or reference to blanket additional insured coverage. Look for language like ""certificate holder is additional insured"" or ""per written contract"".",matchOnce,must be present,,Present,compliant,Block Requirements,,,true,2,,2026-08-16
"Block Real Estate Services, LLC",6a17545c03c4ee99f106d41a,6a17544d68ca7e9989502900,Spurgeon Chiropractic / Dr. Ryan Spurgeon Healing Neck & Joints,69fdf1fc3b208288e0a86ed1,"tic827 - Westchester Square Shopping Centre {Westchester 87 Investors, LLC}",evidenceOfInsurance,Evidence of Insurance,6ac20aae-5728-5d57-b364-aeba38527dba,Additional Requirements,e1017741-e47e-5f58-97b8-fbc3043e919f,Umbrella follows form over General Liability,"---prompt---
Determine if the Umbrella/Excess Liability policy follows form to the underlying policies. Evidence may include: language in the Description of Operations section stating the umbrella follows form to underlying coverages or an additional page endorsement stating that it follows form. Follow form means the umbrella policy adopts the same terms, conditions, and exclusions as the underlying policies.",matchOnce,must be present,,,waived,Block Requirements,Umbrella not a requirement in the lease,,true,0,,2026-08-16
"Block Real Estate Services, LLC",6a17545c03c4ee99f106d41a,6a17544d68ca7e9989502900,Spurgeon Chiropractic / Dr. Ryan Spurgeon Healing Neck & Joints,69fdf1fc3b208288e0a86ed1,"tic827 - Westchester Square Shopping Centre {Westchester 87 Investors, LLC}",evidenceOfInsurance,Evidence of Insurance,6ac20aae-5728-5d57-b364-aeba38527dba,Additional Requirements,2cdd866f-c9a4-576a-afd8-1d045762790c,The location must be listed as: 8643 Hauser Court Suite 240 Lenexa KS 66215,,matchOnce,must be present,,Present,compliant,Block Requirements,,,true,1,,2026-08-16
"Block Real Estate Services, LLC",6a17545c03c4ee99f106d41a,6a17544d68ca7e9989502900,Spurgeon Chiropractic / Dr. Ryan Spurgeon Healing Neck & Joints,69fdf1fc3b208288e0a86ed1,"tic827 - Westchester Square Shopping Centre {Westchester 87 Investors, LLC}",evidenceOfInsurance,Evidence of Insurance,6ac20aae-5728-5d57-b364-aeba38527dba,Additional Requirements,3649e9d1-4e09-59bf-8f30-cb33c40cf117,"Certificate Holder must read: c/o Block Real Estate Services, LLC, 4622 Pennsylvania St., Suite 700, Kansas City, MO, 64112",,matchOnce,must be present,,Present,compliant,Block Requirements,,,true,1,,2026-08-16
"Block Real Estate Services, LLC",6a60f6c5e9ff85c688a7607f,69fded1762446148bd848e83,"Xerox / Image Quest, Inc.",69fdf0023b208288e0a7c731,"cck640 - College Crossing K {College K, LLC }",d61ceadb-db00-51cc-a7a2-c1f65558bd22,Contract,13eec448-4e9a-5f89-b177-a46743b50aac,Lease,2ebb3aab-d411-5f02-b5f2-22adb07ee850,Lease,,matchOnce,must be present,,Present,compliant,Lease,,,true,1,,2026-08-16
"Block Real Estate Services, LLC",6a610a675ada016ab92dcf64,69fded1162446148bd848cb8,CorVel Healthcare Corporation,69fdeff702bb2c42a87a062f,"ccc268 - CityPlace Corporate Centre I {Cityplace Corporate Centre I Investors, LLC}",d61ceadb-db00-51cc-a7a2-c1f65558bd22,Contract,13eec448-4e9a-5f89-b177-a46743b50aac,Lease,2ebb3aab-d411-5f02-b5f2-22adb07ee850,Lease,,matchOnce,must be present,,Present,compliant,Lease,,,true,2,,2026-08-16
"Block Real Estate Services, LLC",6a7a2069c99789f30821c538,69fded1262446148bd848cf4,Data Systems International/ Nextworld / Cloud Inventory,69fdeff702bb2c42a87a062f,"ccc268 - CityPlace Corporate Centre I {Cityplace Corporate Centre I Investors, LLC}",d61ceadb-db00-51cc-a7a2-c1f65558bd22,Contract,13eec448-4e9a-5f89-b177-a46743b50aac,Lease,2ebb3aab-d411-5f02-b5f2-22adb07ee850,Lease,,matchOnce,must be present,,Present,compliant,Lease,,,true,1,,2026-08-16
"Block Real Estate Services, LLC",6a6222df3f85c3e9d4709c57,69fded1362446148bd848d42,EcoShield Pest Solutions,69fdf1b002bb2c42a87a7dd3,"wes705 - Westbrook I {Westbrook I-II KC Partners, LLC}",d61ceadb-db00-51cc-a7a2-c1f65558bd22,Contract,13eec448-4e9a-5f89-b177-a46743b50aac,Lease,2ebb3aab-d411-5f02-b5f2-22adb07ee850,Lease,,matchOnce,must be present,,Present,compliant,Lease,,,true,1,,2026-08-16
"Block Real Estate Services, LLC",6a62265e3f85c3e9d470a38b,69fded2162446148bd8491a7,"Staples, Inc.",69fdf21b8e25e7a0d918bf24,tic949 - Staples Building {Orchard Cambridge Investors LLC} (fka Corporate Express [BIF III - CEB Executive Park]),d61ceadb-db00-51cc-a7a2-c1f65558bd22,Contract,13eec448-4e9a-5f89-b177-a46743b50aac,Lease,2ebb3aab-d411-5f02-b5f2-22adb07ee850,Lease,,matchOnce,must be present,,Present,compliant,Lease,,,true,1,,2026-08-16
"Block Real Estate Services, LLC",6a6228793f85c3e9d470a4cc,69fded1362446148bd848d2a,Dollar Tree #8462,69fdef94fa0b60fcd50d6424,"3rd989 - Hillcrest Plaza {Dunbarton SC, LLC}",d61ceadb-db00-51cc-a7a2-c1f65558bd22,Contract,13eec448-4e9a-5f89-b177-a46743b50aac,Lease,2ebb3aab-d411-5f02-b5f2-22adb07ee850,Lease,,matchOnce,must be present,,Present,compliant,Lease,,,true,1,,2026-08-16
"Block Real Estate Services, LLC",6a6229ad768d7edaa63793de,69fded1362446148bd848d36,DaVita Dialysis / DVA Renal Healthcare,69fdf08d0bb484cab513cc63,"kci893 - Riverside Industrial Center 3 {Riverside Industrial Center Investment, LLC}",d61ceadb-db00-51cc-a7a2-c1f65558bd22,Contract,13eec448-4e9a-5f89-b177-a46743b50aac,Lease,2ebb3aab-d411-5f02-b5f2-22adb07ee850,Lease,,matchOnce,must be present,,Present,compliant,Lease,,,true,2,,2026-08-16
"Block Real Estate Services, LLC",6a67b521d64ed7c6d18c6931,69fded1462446148bd848da5,Fireplace & Bar-B-Q Center Inc,69fdf08d0bb484cab513cc63,"kci893 - Riverside Industrial Center 3 {Riverside Industrial Center Investment, LLC}",d61ceadb-db00-51cc-a7a2-c1f65558bd22,Contract,13eec448-4e9a-5f89-b177-a46743b50aac,Lease,2ebb3aab-d411-5f02-b5f2-22adb07ee850,Lease,,matchOnce,must be present,,Present,compliant,Lease,,,true,1,,2026-08-16
"Block Real Estate Services, LLC",6a6ba4a3d355ebb6fc605e3c,69fded2062446148bd849162,"Show Me State Vital Care / Show Me State Infusion Pharmacy, LLC",69fdf08d0bb484cab513cc63,"kci893 - Riverside Industrial Center 3 {Riverside Industrial Center Investment, LLC}",d61ceadb-db00-51cc-a7a2-c1f65558bd22,Contract,13eec448-4e9a-5f89-b177-a46743b50aac,Lease,2ebb3aab-d411-5f02-b5f2-22adb07ee850,Lease,,matchOnce,must be present,,Present,compliant,Lease,,,true,1,,2026-08-16
"Block Real Estate Services, LLC",6a738e3381cc3f8ff17fad60,69fded1262446148bd848cd0,Crossroads Courier Inc,69fdf08d0bb484cab513cc63,"kci893 - Riverside Industrial Center 3 {Riverside Industrial Center Investment, LLC}",d61ceadb-db00-51cc-a7a2-c1f65558bd22,Contract,13eec448-4e9a-5f89-b177-a46743b50aac,Lease,2ebb3aab-d411-5f02-b5f2-22adb07ee850,Lease,,matchOnce,must be present,,Present,compliant,Lease,,,true,2,,2026-08-16
"Block Real Estate Services, LLC",6a625b9d1f772123bff30613,6a171003ee5ef0b8dcf522cf,"Pop! Vintage Furniture & Accessories, LLC",69fdef2cbf1df2fe96920b3f,"3rd312 - Westport Land & Management I, LLC",d61ceadb-db00-51cc-a7a2-c1f65558bd22,Contract,13eec448-4e9a-5f89-b177-a46743b50aac,Lease,2ebb3aab-d411-5f02-b5f2-22adb07ee850,Lease,,matchOnce,must be present,,Present,compliant,Lease,,,true,1,,2026-08-16
"Block Real Estate Services, LLC",6a737de2c86ece84f6db1801,6a17103e4ee870c0f8575639,"WGN & Associates, LLC",69fdef2cbf1df2fe96920b3f,"3rd312 - Westport Land & Management I, LLC",d61ceadb-db00-51cc-a7a2-c1f65558bd22,Contract,13eec448-4e9a-5f89-b177-a46743b50aac,Lease,2ebb3aab-d411-5f02-b5f2-22adb07ee850,Lease,,matchOnce,must be present,,Present,compliant,Lease,,,true,1,,2026-08-16
"Block Real Estate Services, LLC",6a67a219d64ed7c6d18a88d9,69fded2462446148bd84927f,Var City Maintenance LLC,69fdf0d2e45e7dcf5c438d24,"prg802 - Pine Ridge Building B {PERG BUILDINGS, LLC}",d61ceadb-db00-51cc-a7a2-c1f65558bd22,Contract,13eec448-4e9a-5f89-b177-a46743b50aac,Lease,2ebb3aab-d411-5f02-b5f2-22adb07ee850,Lease,,matchOnce,must be present,,Present,compliant,Lease,,,true,1,,2026-08-16
"Block Real Estate Services, LLC",6a67a536ebdebaf449f2ba93,69fded0d62446148bd848b77,"Apex Products, LLC",69fdf0e0e45e7dcf5c43916b,"prg806 - Pine Ridge Building E-2 {PERG BUILDINGS, LLC}",d61ceadb-db00-51cc-a7a2-c1f65558bd22,Contract,13eec448-4e9a-5f89-b177-a46743b50aac,Lease,2ebb3aab-d411-5f02-b5f2-22adb07ee850,Lease,,matchOnce,must be present,,Present,compliant,Lease,,,true,1,,2026-08-16
"Block Real Estate Services, LLC",6a67ae65890ee2d03bc1e8d4,69fded0c62446148bd848b23,"ADI (Ademco Distribution, Inc.) / Honeywell International, Inc.",69fdf10643ffeed6de3b1f8e,"prg841 - Pine Ridge Building 19 {PERG BUILDINGS, LLC}",d61ceadb-db00-51cc-a7a2-c1f65558bd22,Contract,13eec448-4e9a-5f89-b177-a46743b50aac,Lease,2ebb3aab-d411-5f02-b5f2-22adb07ee850,Lease,,matchOnce,must be present,,Present,compliant,Lease,,,true,1,,2026-08-16
"Block Real Estate Services, LLC",6a67bf07ebdebaf449f4af06,69fded1262446148bd848d0c,Dermatology Consultants,69fdf00902bb2c42a87a0a88,"cm2757 - Corporate Medical Plaza II {CMP Building II, LLC}",d61ceadb-db00-51cc-a7a2-c1f65558bd22,Contract,13eec448-4e9a-5f89-b177-a46743b50aac,Lease,2ebb3aab-d411-5f02-b5f2-22adb07ee850,Lease,,matchOnce,must be present,,Present,compliant,Lease,,,true,2,,2026-08-16
"Block Real Estate Services, LLC",6a7b6c6acc1f9788e1d34083,69fded1062446148bd848c40,"APEX / KC Orthopedic Institute (fka Carondelet Orthopedic Surgeons, PA)",69fdf00902bb2c42a87a0a88,"cm2757 - Corporate Medical Plaza II {CMP Building II, LLC}",d61ceadb-db00-51cc-a7a2-c1f65558bd22,Contract,13eec448-4e9a-5f89-b177-a46743b50aac,Lease,2ebb3aab-d411-5f02-b5f2-22adb07ee850,Lease,,matchOnce,must be present,,Present,compliant,Lease,,,true,1,,2026-08-16
"Block Real Estate Services, LLC",6a67c074890ee2d03bc283fa,69fded0c62446148bd848af9,"1&1 Internet / IONOS, Inc.",69fdf1e402bb2c42a87a8a64,"tic765 - College Crossing C {College Crossing CD, LLC}",d61ceadb-db00-51cc-a7a2-c1f65558bd22,Contract,13eec448-4e9a-5f89-b177-a46743b50aac,Lease,2ebb3aab-d411-5f02-b5f2-22adb07ee850,Lease,,matchOnce,must be present,,Present,compliant,Lease,,,true,1,,2026-08-16
"Block Real Estate Services, LLC",6a67c0b1890ee2d03bc2939b,69fded2262446148bd8491e3,Tech Electronics of Kansas,69fdf1e402bb2c42a87a8a64,"tic765 - College Crossing C {College Crossing CD, LLC}",d61ceadb-db00-51cc-a7a2-c1f65558bd22,Contract,13eec448-4e9a-5f89-b177-a46743b50aac,Lease,2ebb3aab-d411-5f02-b5f2-22adb07ee850,Lease,,matchOnce,must be present,,Present,compliant,Lease,,,true,1,,2026-08-16
"Block Real Estate Services, LLC",6a6a5c33a3178312c76dd296,69fded1262446148bd848cc1,"Covisian CTX, LLC (fka RGMI Consultant / Centrinex, LLC)",6a18705a9ef1cffe57c1dcd0,"prg840 - Pine Ridge Building 9 {PERG BUILDINGS, LLC}",d61ceadb-db00-51cc-a7a2-c1f65558bd22,Contract,13eec448-4e9a-5f89-b177-a46743b50aac,Lease,2ebb3aab-d411-5f02-b5f2-22adb07ee850,Lease,,matchOnce,must be present,,Present,compliant,Lease,,,true,1,,2026-08-16
"Block Real Estate Services, LLC",6a6b5f5a0765aec04862de2b,69fded0e62446148bd848baa,Auction Merchandise of KC,69fdf061bf1df2fe969263d0,"kci286 - Platte Valley Industrial Center 6 {Platte Valley Investment, LLC}",d61ceadb-db00-51cc-a7a2-c1f65558bd22,Contract,13eec448-4e9a-5f89-b177-a46743b50aac,Lease,2ebb3aab-d411-5f02-b5f2-22adb07ee850,Lease,,matchOnce,must be present,,Present,compliant,Lease,,,true,2,,2026-08-16
"Block Real Estate Services, LLC",6a70f522ae7a40ab3f0389f9,69fded1f62446148bd8490ea,"Regal Staffing, LLC",69fdf02c0bb484cab513b6a0,"glo511 - Glo-Rae - Armourdale - North (S. 7th St. Trafficway) {Glo-Rae Investment Company, LLC}",d61ceadb-db00-51cc-a7a2-c1f65558bd22,Contract,13eec448-4e9a-5f89-b177-a46743b50aac,Lease,2ebb3aab-d411-5f02-b5f2-22adb07ee850,Lease,,matchOnce,must be present,,Present,compliant,Lease,,,true,1,,2026-08-16
"Block Real Estate Services, LLC",6a70f87c5a5e2b73757c5673,69fded1d62446148bd849030,"Walgreens / Option Care Enterprises, Inc.",69fdf10038cbea6b3a6932b8,"prg838 - Pine Ridge Building 12 {PERG BUILDINGS, LLC}",d61ceadb-db00-51cc-a7a2-c1f65558bd22,Contract,13eec448-4e9a-5f89-b177-a46743b50aac,Lease,2ebb3aab-d411-5f02-b5f2-22adb07ee850,Lease,,matchOnce,must be present,,Present,compliant,Lease,,,true,1,,2026-08-16
"Block Real Estate Services, LLC",6a70fdbe5a5e2b73757cdf9f,6a70fd6dfbd38db02fd82322,"Decker Integrated Orthotics and Prosthetics, LLC",69fdf0e8e45e7dcf5c43943f,"prg808 - Pine Ridge Building G {PERG BUILDINGS, LLC}",d61ceadb-db00-51cc-a7a2-c1f65558bd22,Contract,13eec448-4e9a-5f89-b177-a46743b50aac,Lease,2ebb3aab-d411-5f02-b5f2-22adb07ee850,Lease,,matchOnce,must be present,,Present,compliant,Lease,,,true,1,,2026-08-16
"Block Real Estate Services, LLC",6a71ed224666fab1ae65798a,69fded2262446148bd849207,"Rogers Labs (fka P&C Next) / The Compatibility Center, LLC",69fdf0f63b208288e0a8013d,"prg835 - Pine Ridge Building 5 {PERG BUILDINGS, LLC}",d61ceadb-db00-51cc-a7a2-c1f65558bd22,Contract,13eec448-4e9a-5f89-b177-a46743b50aac,Lease,2ebb3aab-d411-5f02-b5f2-22adb07ee850,Lease,,matchOnce,must be present,,Present,compliant,Lease,,,true,1,,2026-08-16
"Block Real Estate Services, LLC",6a71eef391042af52de57dde,69fded2362446148bd84922e,Torgeson Electric Company,69fdf0533b208288e0a7d827,"kci281 - Platte Valley Industrial Center 1 {Platte Valley Investment, LLC}",d61ceadb-db00-51cc-a7a2-c1f65558bd22,Contract,13eec448-4e9a-5f89-b177-a46743b50aac,Lease,2ebb3aab-d411-5f02-b5f2-22adb07ee850,Lease,,matchOnce,must be present,,Present,compliant,Lease,,,true,2,,2026-08-16
"Block Real Estate Services, LLC",6a72447b44216ed76c2d386a,6a1e004c23b401dcff82ac21,BRES Management Office,69fdf0533b208288e0a7d827,"kci281 - Platte Valley Industrial Center 1 {Platte Valley Investment, LLC}",d61ceadb-db00-51cc-a7a2-c1f65558bd22,Contract,13eec448-4e9a-5f89-b177-a46743b50aac,Lease,2ebb3aab-d411-5f02-b5f2-22adb07ee850,Lease,,matchOnce,must be present,,Present,compliant,Lease,,,true,1,,2026-08-16
"Block Real Estate Services, LLC",6a71f58d91042af52de5b067,6a1ddfeea0ed8c51ab1fa0c7,Jeff Thomson Orthodontics,6a1ddfb923b401dcff7b5911,"3rd307 - Parkway 134, LLC",d61ceadb-db00-51cc-a7a2-c1f65558bd22,Contract,13eec448-4e9a-5f89-b177-a46743b50aac,Lease,2ebb3aab-d411-5f02-b5f2-22adb07ee850,Lease,,matchOnce,must be present,,Present,compliant,Lease,,,true,1,,2026-08-16
"Block Real Estate Services, LLC",6a71f5d591042af52de5b0fd,6a1de0072575f4fed44847a8,Home Cleaning Center of America,6a1ddfb923b401dcff7b5911,"3rd307 - Parkway 134, LLC",d61ceadb-db00-51cc-a7a2-c1f65558bd22,Contract,13eec448-4e9a-5f89-b177-a46743b50aac,Lease,2ebb3aab-d411-5f02-b5f2-22adb07ee850,Lease,,matchOnce,must be present,,Present,compliant,Lease,,,true,1,,2026-08-16
"Block Real Estate Services, LLC",6a71f5ef44216ed76c2b294a,6a1de0142575f4fed4484ab8,"Gentry Dental / James D Gentry, Dmd",6a1ddfb923b401dcff7b5911,"3rd307 - Parkway 134, LLC",d61ceadb-db00-51cc-a7a2-c1f65558bd22,Contract,13eec448-4e9a-5f89-b177-a46743b50aac,Lease,2ebb3aab-d411-5f02-b5f2-22adb07ee850,Lease,,matchOnce,must be present,,Present,compliant,Lease,,,true,1,,2026-08-16
"Block Real Estate Services, LLC",6a71f60991042af52de5b1e8,6a1de01f98a3fac93a1cd31d,Leawood Cosmetic and Family Dentistry,6a1ddfb923b401dcff7b5911,"3rd307 - Parkway 134, LLC",d61ceadb-db00-51cc-a7a2-c1f65558bd22,Contract,13eec448-4e9a-5f89-b177-a46743b50aac,Lease,2ebb3aab-d411-5f02-b5f2-22adb07ee850,Lease,,matchOnce,must be present,,Present,compliant,Lease,,,true,1,,2026-08-16
"Block Real Estate Services, LLC",6a71f629df09cae4913f0758,6a1ddffd98a3fac93a1cc908,"DPTRE, LLC (fka Fleming Advisors, LLC)",6a1ddfb923b401dcff7b5911,"3rd307 - Parkway 134, LLC",d61ceadb-db00-51cc-a7a2-c1f65558bd22,Contract,13eec448-4e9a-5f89-b177-a46743b50aac,Lease,2ebb3aab-d411-5f02-b5f2-22adb07ee850,Lease,,matchOnce,must be present,,Present,compliant,Lease,,,true,1,,2026-08-16
"Block Real Estate Services, LLC",6a71fb23df09cae4913f0aa0,6a71fb111df1817c9d71e47a,Wholesale Electric Supply Co.,6a71fac6e572ffeb053234f4,lne432 - Lenexa Logistics Centre North Building 6,evidenceOfInsurance,Evidence of Insurance,commercialGeneralLiability,Commercial General Liability,evidenceOfInsuranceCommercialGeneralLiabilityCoverageTriggerOccurrence,Coverage Trigger: Occurrence,,matchOnce,must be present,,,non_compliant,Block Requirements,,,false,0,,2026-08-16
"Block Real Estate Services, LLC",6a71fb23df09cae4913f0aa0,6a71fb111df1817c9d71e47a,Wholesale Electric Supply Co.,6a71fac6e572ffeb053234f4,lne432 - Lenexa Logistics Centre North Building 6,evidenceOfInsurance,Evidence of Insurance,commercialGeneralLiability,Commercial General Liability,evidenceOfInsuranceCommercialGeneralLiabilityGeneralAggregateLimitAppliesPerLocation,General Aggregate Limit Applies per: Location,,matchOnce,must be present,,,non_compliant,Block Requirements,,,false,0,,2026-08-16
"Block Real Estate Services, LLC",6a71fb23df09cae4913f0aa0,6a71fb111df1817c9d71e47a,Wholesale Electric Supply Co.,6a71fac6e572ffeb053234f4,lne432 - Lenexa Logistics Centre North Building 6,evidenceOfInsurance,Evidence of Insurance,commercialGeneralLiability,Commercial General Liability,evidenceOfInsuranceCommercialGeneralLiabilityEachOccurrence,Each Occurrence,,matchOnce,must be greater or equal to,1000000,,non_compliant,Block Requirements,,,false,0,,2026-08-16
"Block Real Estate Services, LLC",6a71fb23df09cae4913f0aa0,6a71fb111df1817c9d71e47a,Wholesale Electric Supply Co.,6a71fac6e572ffeb053234f4,lne432 - Lenexa Logistics Centre North Building 6,evidenceOfInsurance,Evidence of Insurance,commercialGeneralLiability,Commercial General Liability,evidenceOfInsuranceCommercialGeneralLiabilityGeneralAggregate,General Aggregate,,matchOnce,must be greater or equal to,2000000,,non_compliant,Block Requirements,,,false,0,,2026-08-16
"Block Real Estate Services, LLC",6a71fb23df09cae4913f0aa0,6a71fb111df1817c9d71e47a,Wholesale Electric Supply Co.,6a71fac6e572ffeb053234f4,lne432 - Lenexa Logistics Centre North Building 6,evidenceOfInsurance,Evidence of Insurance,commercialGeneralLiability,Commercial General Liability,evidenceOfInsuranceCommercialGeneralLiabilityWaiverOfSubrogationEndorsement,Waiver of Subrogation,"---prompt---
Determine if the insurer has waived their right of subrogation in favor of the certificate holder under the Commercial General Liability policy. Evidence may include: a checked ""Waiver of Subrogation"" box on the certificate, mention in the Description of Operations section stating ""waiver of subrogation applies"", or reference to form CG 24 04. Look for language like ""subrogation is waived"" or ""per written contract"".",matchOnce,must be present,,,non_compliant,Block Requirements,,,false,0,,2026-08-16
"Block Real Estate Services, LLC",6a71fb23df09cae4913f0aa0,6a71fb111df1817c9d71e47a,Wholesale Electric Supply Co.,6a71fac6e572ffeb053234f4,lne432 - Lenexa Logistics Centre North Building 6,evidenceOfInsurance,Evidence of Insurance,excessOrUmbrellaLiability,Umbrella/Excess Liability,evidenceOfInsuranceExcessOrUmbrellaLiabilityOccurence,Coverage Trigger: Occurrence,,matchOnce,must be present,,,non_compliant,Block Requirements,,,false,0,,2026-08-16
"Block Real Estate Services, LLC",6a71fb23df09cae4913f0aa0,6a71fb111df1817c9d71e47a,Wholesale Electric Supply Co.,6a71fac6e572ffeb053234f4,lne432 - Lenexa Logistics Centre North Building 6,evidenceOfInsurance,Evidence of Insurance,excessOrUmbrellaLiability,Umbrella/Excess Liability,evidenceOfInsuranceExcessOrUmbrellaLiabilityEachOccurrence,Each Occurrence,,matchOnce,must be greater or equal to,1000000,,non_compliant,Block Requirements,,,false,0,,2026-08-16
"Block Real Estate Services, LLC",6a71fb23df09cae4913f0aa0,6a71fb111df1817c9d71e47a,Wholesale Electric Supply Co.,6a71fac6e572ffeb053234f4,lne432 - Lenexa Logistics Centre North Building 6,evidenceOfInsurance,Evidence of Insurance,excessOrUmbrellaLiability,Umbrella/Excess Liability,evidenceOfInsuranceExcessOrUmbrellaLiabilityAggregate,Aggregate,,matchOnce,must be greater or equal to,1000000,,non_compliant,Block Requirements,,,false,0,,2026-08-16
"Block Real Estate Services, LLC",6a71fb23df09cae4913f0aa0,6a71fb111df1817c9d71e47a,Wholesale Electric Supply Co.,6a71fac6e572ffeb053234f4,lne432 - Lenexa Logistics Centre North Building 6,evidenceOfInsurance,Evidence of Insurance,workersCompensation,Workers' Compensation and Employer's Liability,evidenceOfInsuranceWorkersCompensationStatutoryLimits,Statutory Limits,,matchOnce,must be present,,,non_compliant,Block Requirements,,,false,0,,2026-08-16
"Block Real Estate Services, LLC",6a71fb23df09cae4913f0aa0,6a71fb111df1817c9d71e47a,Wholesale Electric Supply Co.,6a71fac6e572ffeb053234f4,lne432 - Lenexa Logistics Centre North Building 6,evidenceOfInsurance,Evidence of Insurance,workersCompensation,Workers' Compensation and Employer's Liability,evidenceOfInsuranceWorkersCompensationEmployersLiabilityEachAccident,Employer's Liability Each Accident,,matchOnce,must be greater or equal to,500000,,non_compliant,Block Requirements,,,false,0,,2026-08-16
"Block Real Estate Services, LLC",6a71fb23df09cae4913f0aa0,6a71fb111df1817c9d71e47a,Wholesale Electric Supply Co.,6a71fac6e572ffeb053234f4,lne432 - Lenexa Logistics Centre North Building 6,evidenceOfInsurance,Evidence of Insurance,workersCompensation,Workers' Compensation and Employer's Liability,evidenceOfInsuranceWorkersCompensationEmployersLiabilityDiseaseEachEmployee,Employer's Liability Disease - each employee,,matchOnce,must be greater or equal to,500000,,non_compliant,Block Requirements,,,false,0,,2026-08-16
"Block Real Estate Services, LLC",6a71fb23df09cae4913f0aa0,6a71fb111df1817c9d71e47a,Wholesale Electric Supply Co.,6a71fac6e572ffeb053234f4,lne432 - Lenexa Logistics Centre North Building 6,evidenceOfInsurance,Evidence of Insurance,workersCompensation,Workers' Compensation and Employer's Liability,evidenceOfInsuranceWorkersCompensationEmployersLiabilityDiseasePolicyLimit,Employer's Liability Disease - policy limit,,matchOnce,must be greater or equal to,500000,,non_compliant,Block Requirements,,,false,0,,2026-08-16
"Block Real Estate Services, LLC",6a71fb23df09cae4913f0aa0,6a71fb111df1817c9d71e47a,Wholesale Electric Supply Co.,6a71fac6e572ffeb053234f4,lne432 - Lenexa Logistics Centre North Building 6,evidenceOfInsurance,Evidence of Insurance,workersCompensation,Workers' Compensation and Employer's Liability,evidenceOfInsuranceWorkersCompensationWaiverOfSubrogationEndorsement,Waiver of Subrogation,"---prompt---
Determine if the insurer has waived their right of subrogation in favor of the certificate holder under the Workers' Compensation policy. Evidence may include: a checked ""Waiver of Subrogation"" box on the certificate, mention in the Description of Operations section stating ""waiver of subrogation applies"", or reference to form WC 00 03 13. Look for language like ""subrogation is waived"" or ""per written contract"".",matchOnce,must be present,,,non_compliant,Block Requirements,,,false,0,,2026-08-16
"Block Real Estate Services, LLC",6a71fb23df09cae4913f0aa0,6a71fb111df1817c9d71e47a,Wholesale Electric Supply Co.,6a71fac6e572ffeb053234f4,lne432 - Lenexa Logistics Centre North Building 6,evidenceOfInsurance,Evidence of Insurance,6ac20aae-5728-5d57-b364-aeba38527dba,Additional Requirements,4da5b0f1-4c9d-5885-8cf8-5d3cccaed3e0,"Block Real Estate Services, LLC and all others required by contract are named as Additional Insureds","---prompt---
Determine if the Description of Operations or the Additional Remarks Schedule section states the ""Additional Insured as Construction Management, Inc. and all others required by contract"" or reference to blanket additional insured coverage. Look for language like ""certificate holder is additional insured"" or ""per written contract"".",matchOnce,must be present,,,non_compliant,Block Requirements,,,true,0,,2026-08-16
"Block Real Estate Services, LLC",6a71fb23df09cae4913f0aa0,6a71fb111df1817c9d71e47a,Wholesale Electric Supply Co.,6a71fac6e572ffeb053234f4,lne432 - Lenexa Logistics Centre North Building 6,evidenceOfInsurance,Evidence of Insurance,6ac20aae-5728-5d57-b364-aeba38527dba,Additional Requirements,e1017741-e47e-5f58-97b8-fbc3043e919f,Umbrella follows form over General Liability,"---prompt---
Determine if the Umbrella/Excess Liability policy follows form to the underlying policies. Evidence may include: language in the Description of Operations section stating the umbrella follows form to underlying coverages or an additional page endorsement stating that it follows form. Follow form means the umbrella policy adopts the same terms, conditions, and exclusions as the underlying policies.",matchOnce,must be present,,,non_compliant,Block Requirements,,,true,0,,2026-08-16
"Block Real Estate Services, LLC",6a71fb23df09cae4913f0aa0,6a71fb111df1817c9d71e47a,Wholesale Electric Supply Co.,6a71fac6e572ffeb053234f4,lne432 - Lenexa Logistics Centre North Building 6,evidenceOfInsurance,Evidence of Insurance,6ac20aae-5728-5d57-b364-aeba38527dba,Additional Requirements,2cdd866f-c9a4-576a-afd8-1d045762790c,"The location must be listed as: 17410, 17440 College Boulevard, Lenexa KS 66219","---prompt---
Determine if the Description of Operations or the Additional Remarks Schedule section states the location indicated in value field",matchOnce,must be present,,,non_compliant,Block Requirements,,,true,0,,2026-08-16
"Block Real Estate Services, LLC",6a71fb23df09cae4913f0aa0,6a71fb111df1817c9d71e47a,Wholesale Electric Supply Co.,6a71fac6e572ffeb053234f4,lne432 - Lenexa Logistics Centre North Building 6,evidenceOfInsurance,Evidence of Insurance,6ac20aae-5728-5d57-b364-aeba38527dba,Additional Requirements,3649e9d1-4e09-59bf-8f30-cb33c40cf117,"Certificate Holder must read: c/o Block Real Estate Services, LLC, 4622 Pennsylvania St., Suite 700, Kansas City, MO, 64112",,matchOnce,must be present,,,non_compliant,Block Requirements,,,true,0,,2026-08-16
"Block Real Estate Services, LLC",6a71fb5d91042af52de607d0,6a71fb4d1df1817c9d71edf9,"L&C Cabinetry KCI, LLC",6a71fac6e572ffeb053234f4,lne432 - Lenexa Logistics Centre North Building 6,evidenceOfInsurance,Evidence of Insurance,commercialGeneralLiability,Commercial General Liability,evidenceOfInsuranceCommercialGeneralLiabilityCoverageTriggerOccurrence,Coverage Trigger: Occurrence,,matchOnce,must be present,,,non_compliant,Block Requirements,,,false,0,,2026-08-16
"Block Real Estate Services, LLC",6a71fb5d91042af52de607d0,6a71fb4d1df1817c9d71edf9,"L&C Cabinetry KCI, LLC",6a71fac6e572ffeb053234f4,lne432 - Lenexa Logistics Centre North Building 6,evidenceOfInsurance,Evidence of Insurance,commercialGeneralLiability,Commercial General Liability,evidenceOfInsuranceCommercialGeneralLiabilityGeneralAggregateLimitAppliesPerLocation,General Aggregate Limit Applies per: Location,,matchOnce,must be present,,,non_compliant,Block Requirements,,,false,0,,2026-08-16
"Block Real Estate Services, LLC",6a71fb5d91042af52de607d0,6a71fb4d1df1817c9d71edf9,"L&C Cabinetry KCI, LLC",6a71fac6e572ffeb053234f4,lne432 - Lenexa Logistics Centre North Building 6,evidenceOfInsurance,Evidence of Insurance,commercialGeneralLiability,Commercial General Liability,evidenceOfInsuranceCommercialGeneralLiabilityEachOccurrence,Each Occurrence,,matchOnce,must be greater or equal to,1000000,,non_compliant,Block Requirements,,,false,0,,2026-08-16
"Block Real Estate Services, LLC",6a71fb5d91042af52de607d0,6a71fb4d1df1817c9d71edf9,"L&C Cabinetry KCI, LLC",6a71fac6e572ffeb053234f4,lne432 - Lenexa Logistics Centre North Building 6,evidenceOfInsurance,Evidence of Insurance,commercialGeneralLiability,Commercial General Liability,evidenceOfInsuranceCommercialGeneralLiabilityGeneralAggregate,General Aggregate,,matchOnce,must be greater or equal to,2000000,,non_compliant,Block Requirements,,,false,0,,2026-08-16
"Block Real Estate Services, LLC",6a71fb5d91042af52de607d0,6a71fb4d1df1817c9d71edf9,"L&C Cabinetry KCI, LLC",6a71fac6e572ffeb053234f4,lne432 - Lenexa Logistics Centre North Building 6,evidenceOfInsurance,Evidence of Insurance,commercialGeneralLiability,Commercial General Liability,evidenceOfInsuranceCommercialGeneralLiabilityWaiverOfSubrogationEndorsement,Waiver of Subrogation,"---prompt---
Determine if the insurer has waived their right of subrogation in favor of the certificate holder under the Commercial General Liability policy. Evidence may include: a checked ""Waiver of Subrogation"" box on the certificate, mention in the Description of Operations section stating ""waiver of subrogation applies"", or reference to form CG 24 04. Look for language like ""subrogation is waived"" or ""per written contract"".",matchOnce,must be present,,,non_compliant,Block Requirements,,,false,0,,2026-08-16
"Block Real Estate Services, LLC",6a71fb5d91042af52de607d0,6a71fb4d1df1817c9d71edf9,"L&C Cabinetry KCI, LLC",6a71fac6e572ffeb053234f4,lne432 - Lenexa Logistics Centre North Building 6,evidenceOfInsurance,Evidence of Insurance,excessOrUmbrellaLiability,Umbrella/Excess Liability,evidenceOfInsuranceExcessOrUmbrellaLiabilityOccurence,Coverage Trigger: Occurrence,,matchOnce,must be present,,,non_compliant,Block Requirements,,,false,0,,2026-08-16
"Block Real Estate Services, LLC",6a71fb5d91042af52de607d0,6a71fb4d1df1817c9d71edf9,"L&C Cabinetry KCI, LLC",6a71fac6e572ffeb053234f4,lne432 - Lenexa Logistics Centre North Building 6,evidenceOfInsurance,Evidence of Insurance,excessOrUmbrellaLiability,Umbrella/Excess Liability,evidenceOfInsuranceExcessOrUmbrellaLiabilityEachOccurrence,Each Occurrence,,matchOnce,must be greater or equal to,1000000,,non_compliant,Block Requirements,,,false,0,,2026-08-16
"Block Real Estate Services, LLC",6a71fb5d91042af52de607d0,6a71fb4d1df1817c9d71edf9,"L&C Cabinetry KCI, LLC",6a71fac6e572ffeb053234f4,lne432 - Lenexa Logistics Centre North Building 6,evidenceOfInsurance,Evidence of Insurance,excessOrUmbrellaLiability,Umbrella/Excess Liability,evidenceOfInsuranceExcessOrUmbrellaLiabilityAggregate,Aggregate,,matchOnce,must be greater or equal to,1000000,,non_compliant,Block Requirements,,,false,0,,2026-08-16
"Block Real Estate Services, LLC",6a71fb5d91042af52de607d0,6a71fb4d1df1817c9d71edf9,"L&C Cabinetry KCI, LLC",6a71fac6e572ffeb053234f4,lne432 - Lenexa Logistics Centre North Building 6,evidenceOfInsurance,Evidence of Insurance,workersCompensation,Workers' Compensation and Employer's Liability,evidenceOfInsuranceWorkersCompensationStatutoryLimits,Statutory Limits,,matchOnce,must be present,,,non_compliant,Block Requirements,,,false,0,,2026-08-16
"Block Real Estate Services, LLC",6a71fb5d91042af52de607d0,6a71fb4d1df1817c9d71edf9,"L&C Cabinetry KCI, LLC",6a71fac6e572ffeb053234f4,lne432 - Lenexa Logistics Centre North Building 6,evidenceOfInsurance,Evidence of Insurance,workersCompensation,Workers' Compensation and Employer's Liability,evidenceOfInsuranceWorkersCompensationEmployersLiabilityEachAccident,Employer's Liability Each Accident,,matchOnce,must be greater or equal to,500000,,non_compliant,Block Requirements,,,false,0,,2026-08-16
"Block Real Estate Services, LLC",6a71fb5d91042af52de607d0,6a71fb4d1df1817c9d71edf9,"L&C Cabinetry KCI, LLC",6a71fac6e572ffeb053234f4,lne432 - Lenexa Logistics Centre North Building 6,evidenceOfInsurance,Evidence of Insurance,workersCompensation,Workers' Compensation and Employer's Liability,evidenceOfInsuranceWorkersCompensationEmployersLiabilityDiseaseEachEmployee,Employer's Liability Disease - each employee,,matchOnce,must be greater or equal to,500000,,non_compliant,Block Requirements,,,false,0,,2026-08-16
"Block Real Estate Services, LLC",6a71fb5d91042af52de607d0,6a71fb4d1df1817c9d71edf9,"L&C Cabinetry KCI, LLC",6a71fac6e572ffeb053234f4,lne432 - Lenexa Logistics Centre North Building 6,evidenceOfInsurance,Evidence of Insurance,workersCompensation,Workers' Compensation and Employer's Liability,evidenceOfInsuranceWorkersCompensationEmployersLiabilityDiseasePolicyLimit,Employer's Liability Disease - policy limit,,matchOnce,must be greater or equal to,500000,,non_compliant,Block Requirements,,,false,0,,2026-08-16
"Block Real Estate Services, LLC",6a71fb5d91042af52de607d0,6a71fb4d1df1817c9d71edf9,"L&C Cabinetry KCI, LLC",6a71fac6e572ffeb053234f4,lne432 - Lenexa Logistics Centre North Building 6,evidenceOfInsurance,Evidence of Insurance,workersCompensation,Workers' Compensation and Employer's Liability,evidenceOfInsuranceWorkersCompensationWaiverOfSubrogationEndorsement,Waiver of Subrogation,"---prompt---
Determine if the insurer has waived their right of subrogation in favor of the certificate holder under the Workers' Compensation policy. Evidence may include: a checked ""Waiver of Subrogation"" box on the certificate, mention in the Description of Operations section stating ""waiver of subrogation applies"", or reference to form WC 00 03 13. Look for language like ""subrogation is waived"" or ""per written contract"".",matchOnce,must be present,,,non_compliant,Block Requirements,,,false,0,,2026-08-16
"Block Real Estate Services, LLC",6a71fb5d91042af52de607d0,6a71fb4d1df1817c9d71edf9,"L&C Cabinetry KCI, LLC",6a71fac6e572ffeb053234f4,lne432 - Lenexa Logistics Centre North Building 6,evidenceOfInsurance,Evidence of Insurance,6ac20aae-5728-5d57-b364-aeba38527dba,Additional Requirements,4da5b0f1-4c9d-5885-8cf8-5d3cccaed3e0,"Block Real Estate Services, LLC and all others required by contract are named as Additional Insureds","---prompt---
Determine if the Description of Operations or the Additional Remarks Schedule section states the ""Additional Insured as Construction Management, Inc. and all others required by contract"" or reference to blanket additional insured coverage. Look for language like ""certificate holder is additional insured"" or ""per written contract"".",matchOnce,must be present,,,non_compliant,Block Requirements,,,true,0,,2026-08-16
"Block Real Estate Services, LLC",6a71fb5d91042af52de607d0,6a71fb4d1df1817c9d71edf9,"L&C Cabinetry KCI, LLC",6a71fac6e572ffeb053234f4,lne432 - Lenexa Logistics Centre North Building 6,evidenceOfInsurance,Evidence of Insurance,6ac20aae-5728-5d57-b364-aeba38527dba,Additional Requirements,e1017741-e47e-5f58-97b8-fbc3043e919f,Umbrella follows form over General Liability,"---prompt---
Determine if the Umbrella/Excess Liability policy follows form to the underlying policies. Evidence may include: language in the Description of Operations section stating the umbrella follows form to underlying coverages or an additional page endorsement stating that it follows form. Follow form means the umbrella policy adopts the same terms, conditions, and exclusions as the underlying policies.",matchOnce,must be present,,,non_compliant,Block Requirements,,,true,0,,2026-08-16
"Block Real Estate Services, LLC",6a71fb5d91042af52de607d0,6a71fb4d1df1817c9d71edf9,"L&C Cabinetry KCI, LLC",6a71fac6e572ffeb053234f4,lne432 - Lenexa Logistics Centre North Building 6,evidenceOfInsurance,Evidence of Insurance,6ac20aae-5728-5d57-b364-aeba38527dba,Additional Requirements,2cdd866f-c9a4-576a-afd8-1d045762790c,"The location must be listed as: 17200, 17230 College Boulevard, Lenexa KS 66219","---prompt---
Determine if the Description of Operations or the Additional Remarks Schedule section states the location indicated in value field",matchOnce,must be present,,,non_compliant,Block Requirements,,,true,0,,2026-08-16
"Block Real Estate Services, LLC",6a71fb5d91042af52de607d0,6a71fb4d1df1817c9d71edf9,"L&C Cabinetry KCI, LLC",6a71fac6e572ffeb053234f4,lne432 - Lenexa Logistics Centre North Building 6,evidenceOfInsurance,Evidence of Insurance,6ac20aae-5728-5d57-b364-aeba38527dba,Additional Requirements,3649e9d1-4e09-59bf-8f30-cb33c40cf117,"Certificate Holder must read: c/o Block Real Estate Services, LLC, 4622 Pennsylvania St., Suite 700, Kansas City, MO, 64112",,matchOnce,must be present,,,non_compliant,Block Requirements,,,true,0,,2026-08-16
"Block Real Estate Services, LLC",6a72069991042af52de628f2,6a72067ea7b0558ab72338fb,Lure Creative,69fdef860bb484cab5138c69,"3rd867 - Four Pine Ridge Plaza {SSR Capital, LLC}",d61ceadb-db00-51cc-a7a2-c1f65558bd22,Contract,13eec448-4e9a-5f89-b177-a46743b50aac,Lease,2ebb3aab-d411-5f02-b5f2-22adb07ee850,Lease,,matchOnce,must be present,,Present,compliant,Lease,,,true,1,,2026-08-16
"Block Real Estate Services, LLC",6a72070b91042af52de6293e,69fded2062446148bd84916b,Siemens Energy Inc,69fdf0f202bb2c42a87a3f39,"prg815 - One Pine Ridge Plaza {PERG BUILDINGS, LLC}",d61ceadb-db00-51cc-a7a2-c1f65558bd22,Contract,13eec448-4e9a-5f89-b177-a46743b50aac,Lease,2ebb3aab-d411-5f02-b5f2-22adb07ee850,Lease,,matchOnce,must be present,,Present,compliant,Lease,,,true,1,,2026-08-16
"Block Real Estate Services, LLC",6a725af6df09cae49140f11f,69fded2262446148bd8491d7,"SPI Coatings / Superior Products International II, Inc.",69fdefe60bb484cab513acd9,"bkp362 - Nieman Business Park Building C {BK Properties, LLC}",d61ceadb-db00-51cc-a7a2-c1f65558bd22,Contract,13eec448-4e9a-5f89-b177-a46743b50aac,Lease,2ebb3aab-d411-5f02-b5f2-22adb07ee850,Lease,,matchOnce,must be present,,Present,compliant,Lease,,,true,1,,2026-08-16
"Block Real Estate Services, LLC",6a73780dbc714d2a8f474e0d,6a186650b517ae25a87c5643,Kansas City Vascular & General Surgery Group / HCA Midwest Health,69fdf13dbf1df2fe96929ddf,"rmc764 - Roe Medical Centre I {RMC Associates, LLC}",d61ceadb-db00-51cc-a7a2-c1f65558bd22,Contract,13eec448-4e9a-5f89-b177-a46743b50aac,Lease,2ebb3aab-d411-5f02-b5f2-22adb07ee850,Lease,,matchOnce,must be present,,Present,compliant,Lease,,,true,1,,2026-08-16
"Block Real Estate Services, LLC",6a737918bc714d2a8f474fb1,6a18661fa4bcce858bf426d7,Premier Gastroenterology of Kansas City (fka KC Gastroenterology & Hepatology / HCA-MMC-Menorah Medical Center),69fdf13dbf1df2fe96929ddf,"rmc764 - Roe Medical Centre I {RMC Associates, LLC}",d61ceadb-db00-51cc-a7a2-c1f65558bd22,Contract,13eec448-4e9a-5f89-b177-a46743b50aac,Lease,2ebb3aab-d411-5f02-b5f2-22adb07ee850,Lease,,matchOnce,must be present,,Present,compliant,Lease,,,true,1,,2026-08-16
"Block Real Estate Services, LLC",6a74e9f3a4e594d93d415670,6a1dd90798a3fac93a1b2583,"ASMI Stone and Tile, LLC",6a1dd8c35e529bb0fc8c5087,tic447 - Lenexa Logistics Centre East Building 2,d61ceadb-db00-51cc-a7a2-c1f65558bd22,Contract,13eec448-4e9a-5f89-b177-a46743b50aac,Lease,2ebb3aab-d411-5f02-b5f2-22adb07ee850,Lease,,matchOnce,must be present,,Present,compliant,Lease,,,true,1,,2026-08-16
"Block Real Estate Services, LLC",6a74eb0da4e594d93d4156fb,69fded2062446148bd84915c,Sherwin Williams-SW 07526,69fdf0a60bb484cab513d2da,"mil708 - Mill Street Station {Mill Street Station, LLC}",d61ceadb-db00-51cc-a7a2-c1f65558bd22,Contract,13eec448-4e9a-5f89-b177-a46743b50aac,Lease,2ebb3aab-d411-5f02-b5f2-22adb07ee850,Lease,,matchOnce,must be present,,Present,compliant,Lease,,,true,1,,2026-08-16
"Block Real Estate Services, LLC",6a7c902e8719206a530f7a51,69fded1e62446148bd8490cc,"Psychology Office Management, Inc.",69fdf1fad3bfa5e4945e603a,"tic752 - Plaza Corporate Centre {Prom Motor Hotel, Inc.}",d61ceadb-db00-51cc-a7a2-c1f65558bd22,Contract,13eec448-4e9a-5f89-b177-a46743b50aac,Lease,2ebb3aab-d411-5f02-b5f2-22adb07ee850,Lease,,matchOnce,must be present,,Present,compliant,Lease,,,true,1,,2026-08-16
"Block Real Estate Services, LLC",6a7c937f3b150d4f42b520fa,6a7c9366ee0b08ce4f040184,Halbrook Wood PC,69fdf16443ffeed6de3b3cbb,"tic220 - Pinnacle Corporate Centre I {Pinnacle Corporate Centre, LLC}",d61ceadb-db00-51cc-a7a2-c1f65558bd22,Contract,13eec448-4e9a-5f89-b177-a46743b50aac,Lease,2ebb3aab-d411-5f02-b5f2-22adb07ee850,Lease,,matchOnce,must be present,,Present,compliant,Lease,,,true,1,,2026-08-16
"Block Real Estate Services, LLC",6a7de83c91769d9477ed7e71,6a7de8128ae97a448204bb45,LRIco Services LLC,69fdf16443ffeed6de3b3cbb,"tic220 - Pinnacle Corporate Centre I {Pinnacle Corporate Centre, LLC}",d61ceadb-db00-51cc-a7a2-c1f65558bd22,Contract,13eec448-4e9a-5f89-b177-a46743b50aac,Lease,2ebb3aab-d411-5f02-b5f2-22adb07ee850,Lease,,matchOnce,must be present,,Present,compliant,Lease,,,true,1,,2026-08-16
"Block Real Estate Services, LLC",6a7ccb9253619feb18ce42ff,6a7ccb7c72f903848e0cb0d8,Robin's Gluten Free Bakery,69fdef653b208288e0a7a89f,"3rd654 - Devonshire Village Shops {Devonshire Shops, LLC}",d61ceadb-db00-51cc-a7a2-c1f65558bd22,Contract,13eec448-4e9a-5f89-b177-a46743b50aac,Lease,2ebb3aab-d411-5f02-b5f2-22adb07ee850,Lease,,matchOnce,must be present,,Present,compliant,Lease,,,true,1,,2026-08-16
"Block Real Estate Services, LLC",6a7dc8e4f76ea368ee884cef,69fded1c62446148bd848ff1,Nestle Purina PetCare Co.,69fdf01c02bb2c42a87a0f07,"dav189 - Davenport Investors, LLC",d61ceadb-db00-51cc-a7a2-c1f65558bd22,Contract,13eec448-4e9a-5f89-b177-a46743b50aac,Lease,2ebb3aab-d411-5f02-b5f2-22adb07ee850,Lease,,matchOnce,must be present,,Present,compliant,Lease,,,true,1,,2026-08-16
"Block Real Estate Services, LLC",6a7e182954522d49153a0357,69fded1d62446148bd84906f,Penske Truck Leasing Co LP,69fdf0590bb484cab513c4cc,"kci283 - Platte Valley Industrial Center 3 {Platte Valley Investment, LLC}",d61ceadb-db00-51cc-a7a2-c1f65558bd22,Contract,13eec448-4e9a-5f89-b177-a46743b50aac,Lease,2ebb3aab-d411-5f02-b5f2-22adb07ee850,Lease,,matchOnce,must be present,,Present,compliant,Lease,,,true,2,,2026-08-16
QTS Data Centers,6a19a46bda1723a45255b20d,69f0f3c4beb6279e947be0d0,"AP Gulf States, Inc.",69f10c28beb6279e947be4cd,"FTW1DC2 - QTS Fort Worth I DC2, LLC",evidenceOfInsurance,Evidence of Insurance,commercialGeneralLiability,Commercial General Liability,evidenceOfInsuranceCommercialGeneralLiabilityAMBestRating,AM Best Rating,,matchOnce,must be greater or equal to,140,150,compliant,Standard 5,,,false,2,,2026-08-16
QTS Data Centers,6a19a46bda1723a45255b20d,69f0f3c4beb6279e947be0d0,"AP Gulf States, Inc.",69f10c28beb6279e947be4cd,"FTW1DC2 - QTS Fort Worth I DC2, LLC",evidenceOfInsurance,Evidence of Insurance,commercialGeneralLiability,Commercial General Liability,evidenceOfInsuranceCommercialGeneralLiabilityAMBestFinancialStrength,AM Best Financial Strength,,matchOnce,must be greater or equal to,100,150,compliant,Standard 5,,,false,2,,2026-08-16
QTS Data Centers,6a19a46bda1723a45255b20d,69f0f3c4beb6279e947be0d0,"AP Gulf States, Inc.",69f10c28beb6279e947be4cd,"FTW1DC2 - QTS Fort Worth I DC2, LLC",evidenceOfInsurance,Evidence of Insurance,commercialGeneralLiability,Commercial General Liability,evidenceOfInsuranceCommercialGeneralLiabilityCoverageTriggerOccurrence,Coverage Trigger: Occurrence,,matchOnce,must be present,,Present,compliant,Standard 5,,,false,2,,2026-08-16
QTS Data Centers,6a19a46bda1723a45255b20d,69f0f3c4beb6279e947be0d0,"AP Gulf States, Inc.",69f10c28beb6279e947be4cd,"FTW1DC2 - QTS Fort Worth I DC2, LLC",evidenceOfInsurance,Evidence of Insurance,commercialGeneralLiability,Commercial General Liability,evidenceOfInsuranceCommercialGeneralLiabilityGeneralAggregateLimitAppliesPerProject,General Aggregate Limit Applies per: Project,,matchOnce,must be present,,Present,compliant,Standard 5,,,false,2,,2026-08-16
QTS Data Centers,6a19a46bda1723a45255b20d,69f0f3c4beb6279e947be0d0,"AP Gulf States, Inc.",69f10c28beb6279e947be4cd,"FTW1DC2 - QTS Fort Worth I DC2, LLC",evidenceOfInsurance,Evidence of Insurance,commercialGeneralLiability,Commercial General Liability,evidenceOfInsuranceCommercialGeneralLiabilityEachOccurrence,Each Occurrence,,matchOnce,must be greater or equal to,2000000,2000000,compliant,Standard 5,,,false,2,,2026-08-16
QTS Data Centers,6a19a46bda1723a45255b20d,69f0f3c4beb6279e947be0d0,"AP Gulf States, Inc.",69f10c28beb6279e947be4cd,"FTW1DC2 - QTS Fort Worth I DC2, LLC",evidenceOfInsurance,Evidence of Insurance,commercialGeneralLiability,Commercial General Liability,evidenceOfInsuranceCommercialGeneralLiabilityGeneralAggregate,General Aggregate,,matchOnce,must be greater or equal to,5000000,4000000,non_compliant,Standard 5,,<p>Please identify that Umbrella follows form to verify the Umbrella's excess limits coverage can make up the difference.</p>,false,2,,2026-08-16
QTS Data Centers,6a19a46bda1723a45255b20d,69f0f3c4beb6279e947be0d0,"AP Gulf States, Inc.",69f10c28beb6279e947be4cd,"FTW1DC2 - QTS Fort Worth I DC2, LLC",evidenceOfInsurance,Evidence of Insurance,commercialGeneralLiability,Commercial General Liability,evidenceOfInsuranceCommercialGeneralLiabilityProducsCompletedOperationsAggregate,Products/Completed Operations Aggregate,,matchOnce,must be greater or equal to,5000000,4000000,non_compliant,Standard 5,,,false,2,,2026-08-16
QTS Data Centers,6a19a46bda1723a45255b20d,69f0f3c4beb6279e947be0d0,"AP Gulf States, Inc.",69f10c28beb6279e947be4cd,"FTW1DC2 - QTS Fort Worth I DC2, LLC",evidenceOfInsurance,Evidence of Insurance,commercialGeneralLiability,Commercial General Liability,evidenceOfInsuranceCommercialGeneralLiabilityAdditionalInsuredEndorsementOngoingOps,Additional Insured - Ongoing Operations,"---prompt---
Verify that additional insured coverage specifically includes ongoing operations. Look in the Description of Operations section for language like ""additional insured for ongoing operations"", ""CG 20 10"", ""CG 20 37"", or ""operations performed by or on behalf of the named insured"". The coverage should explicitly reference ongoing work, not just completed operations.",matchOnce,must be present,,Present,compliant,Standard 5,,,false,2,,2026-08-16
QTS Data Centers,6a19a46bda1723a45255b20d,69f0f3c4beb6279e947be0d0,"AP Gulf States, Inc.",69f10c28beb6279e947be4cd,"FTW1DC2 - QTS Fort Worth I DC2, LLC",evidenceOfInsurance,Evidence of Insurance,commercialGeneralLiability,Commercial General Liability,evidenceOfInsuranceCommercialGeneralLiabilityAdditionalInsuredEndorsementCompletedOps,Additional Insured - Completed Operations,"---prompt---
Verify that additional insured coverage specifically includes completed operations. Look in the Description of Operations section for language like ""additional insured for completed operations"", ""CG 20 37"", ""products-completed operations"", or similar. This coverage protects the certificate holder for claims arising after work is finished.",matchOnce,must be present,,Present,compliant,Standard 5,,,false,2,,2026-08-16
QTS Data Centers,6a19a46bda1723a45255b20d,69f0f3c4beb6279e947be0d0,"AP Gulf States, Inc.",69f10c28beb6279e947be4cd,"FTW1DC2 - QTS Fort Worth I DC2, LLC",evidenceOfInsurance,Evidence of Insurance,commercialGeneralLiability,Commercial General Liability,evidenceOfInsuranceCommercialGeneralLiabilityWaiverOfSubrogationEndorsement,Waiver of Subrogation,"---prompt---
Determine if the insurer has waived their right of subrogation in favor of the certificate holder under the Commercial General Liability policy. Evidence may include: a checked ""Waiver of Subrogation"" box on the certificate, mention in the Description of Operations section stating ""waiver of subrogation applies"", or reference to form CG 24 04. Look for language like ""subrogation is waived"" or ""per written contract"".",matchOnce,must be present,,Present,compliant,Standard 5,,,false,2,,2026-08-16
QTS Data Centers,6a19a46bda1723a45255b20d,69f0f3c4beb6279e947be0d0,"AP Gulf States, Inc.",69f10c28beb6279e947be4cd,"FTW1DC2 - QTS Fort Worth I DC2, LLC",evidenceOfInsurance,Evidence of Insurance,commercialGeneralLiability,Commercial General Liability,evidenceOfInsuranceCommercialGeneralLiabilityPrimaryAndNonContributoryEndorsement,Primary and Non-Contributory,"---prompt---
Determine if the Commercial General Liability policy provides primary and non-contributory coverage for the certificate holder. Evidence may include: a checked ""Primary"" box on the certificate, mention in the Description of Operations section stating ""primary and non-contributory"", or reference to endorsement CG 20 01. Look for language indicating this policy will pay first before other applicable insurance and will not seek contribution.",matchOnce,must be present,,Present,compliant,Standard 5,,,false,2,,2026-08-16
QTS Data Centers,6a19a46bda1723a45255b20d,69f0f3c4beb6279e947be0d0,"AP Gulf States, Inc.",69f10c28beb6279e947be4cd,"FTW1DC2 - QTS Fort Worth I DC2, LLC",evidenceOfInsurance,Evidence of Insurance,commercialGeneralLiability,Commercial General Liability,9c28ed56-e307-5cf9-88e9-0ada1f283104,Physical 30 Days Notice of Cancellation - 10 Days Notice for Non Payment Endorsement must be present,,matchOnce,must be present,,Present,compliant,Standard 5,,,true,1,,2026-08-16
QTS Data Centers,6a19a46bda1723a45255b20d,69f0f3c4beb6279e947be0d0,"AP Gulf States, Inc.",69f10c28beb6279e947be4cd,"FTW1DC2 - QTS Fort Worth I DC2, LLC",evidenceOfInsurance,Evidence of Insurance,automobileLiability,Automobile Liability,evidenceOfInsuranceAutomobileLiabilityCombinedSingleLimitEachAccident,Combined Single Limit (each accident),,matchOnce,must be greater or equal to,1000000,2000000,compliant,Standard 5,,,false,2,,2026-08-16
QTS Data Centers,6a19a46bda1723a45255b20d,69f0f3c4beb6279e947be0d0,"AP Gulf States, Inc.",69f10c28beb6279e947be4cd,"FTW1DC2 - QTS Fort Worth I DC2, LLC",evidenceOfInsurance,Evidence of Insurance,automobileLiability,Automobile Liability,evidenceOfInsuranceAutomobileLiabilityCoverageAppliesToOwnedAutosOnly,Coverage Applies To: Owned Autos Only,,matchOnce,must be present,,Present,compliant,Standard 5,,,false,2,,2026-08-16
QTS Data Centers,6a19a46bda1723a45255b20d,69f0f3c4beb6279e947be0d0,"AP Gulf States, Inc.",69f10c28beb6279e947be4cd,"FTW1DC2 - QTS Fort Worth I DC2, LLC",evidenceOfInsurance,Evidence of Insurance,automobileLiability,Automobile Liability,evidenceOfInsuranceAutomobileLiabilityCoverageAppliesToNonOwnedAutosOnly,Coverage Applies To: Non-Owned Autos Only,,matchOnce,must be present,,Present,compliant,Standard 5,,,false,2,,2026-08-16
QTS Data Centers,6a19a46bda1723a45255b20d,69f0f3c4beb6279e947be0d0,"AP Gulf States, Inc.",69f10c28beb6279e947be4cd,"FTW1DC2 - QTS Fort Worth I DC2, LLC",evidenceOfInsurance,Evidence of Insurance,automobileLiability,Automobile Liability,evidenceOfInsuranceAutomobileLiabilityCoverageAppliesToHiredAutosOnly,Coverage Applies To: Hired Autos Only,,matchOnce,must be present,,Present,compliant,Standard 5,,,false,2,,2026-08-16
QTS Data Centers,6a19a46bda1723a45255b20d,69f0f3c4beb6279e947be0d0,"AP Gulf States, Inc.",69f10c28beb6279e947be4cd,"FTW1DC2 - QTS Fort Worth I DC2, LLC",evidenceOfInsurance,Evidence of Insurance,automobileLiability,Automobile Liability,evidenceOfInsuranceAutomobileLiabilityAdditionalInsuredEndorsement,Additional Insured,"---prompt---
Determine if the certificate holder is covered as an additional insured under the Automobile Liability policy. Evidence may include: a checked ""Additional Insured"" box on the certificate for the auto section, mention in the Description of Operations section, or reference to blanket additional insured coverage. Look for form number CA 20 48 or language like ""certificate holder is additional insured"" or ""per written contract"".",matchOnce,must be present,,Present,compliant,Standard 5,,,false,2,,2026-08-16
QTS Data Centers,6a19a46bda1723a45255b20d,69f0f3c4beb6279e947be0d0,"AP Gulf States, Inc.",69f10c28beb6279e947be4cd,"FTW1DC2 - QTS Fort Worth I DC2, LLC",evidenceOfInsurance,Evidence of Insurance,automobileLiability,Automobile Liability,evidenceOfInsuranceAutomobileLiabilityWaiverOfSubrogationEndorsement,Waiver of Subrogation,"---prompt---
Determine if the insurer has waived their right of subrogation in favor of the certificate holder under the Automobile Liability policy. Evidence may include: a checked ""Waiver of Subrogation"" box on the certificate, mention in the Description of Operations section stating ""waiver of subrogation applies"", or reference to form CA 04 44. Look for language like ""subrogation is waived"" or ""per written contract"".",matchOnce,must be present,,Present,compliant,Standard 5,,,false,2,,2026-08-16
QTS Data Centers,6a19a46bda1723a45255b20d,69f0f3c4beb6279e947be0d0,"AP Gulf States, Inc.",69f10c28beb6279e947be4cd,"FTW1DC2 - QTS Fort Worth I DC2, LLC",evidenceOfInsurance,Evidence of Insurance,automobileLiability,Automobile Liability,evidenceOfInsuranceAutomobileLiabilityPrimaryAndNonContributoryEndorsement,Primary and Non-Contributory,"---prompt---
Determine if the Automobile Liability policy provides primary and non-contributory coverage for the certificate holder. Evidence may include: a checked ""Primary"" box on the certificate, mention in the Description of Operations section stating ""primary and non-contributory"". Look for language indicating this policy will pay first before other applicable insurance and will not seek contribution.",matchOnce,must be present,,Present,compliant,Standard 5,,,false,2,,2026-08-16
QTS Data Centers,6a19a46bda1723a45255b20d,69f0f3c4beb6279e947be0d0,"AP Gulf States, Inc.",69f10c28beb6279e947be4cd,"FTW1DC2 - QTS Fort Worth I DC2, LLC",evidenceOfInsurance,Evidence of Insurance,automobileLiability,Automobile Liability,0e6f6daa-effc-5c25-af03-4f7e657ae801,Physical MCS-90 Endorsement must be present,,matchOnce,must be present,,Present,compliant,Standard 5,,,true,2,,2026-08-16
QTS Data Centers,6a19a46bda1723a45255b20d,69f0f3c4beb6279e947be0d0,"AP Gulf States, Inc.",69f10c28beb6279e947be4cd,"FTW1DC2 - QTS Fort Worth I DC2, LLC",evidenceOfInsurance,Evidence of Insurance,excessOrUmbrellaLiability,Umbrella/Excess Liability,evidenceOfInsuranceExcessOrUmbrellaLiabilityOccurence,Coverage Trigger: Occurrence,,matchOnce,must be present,,Present,compliant,Standard 5,,,false,2,,2026-08-16
QTS Data Centers,6a19a46bda1723a45255b20d,69f0f3c4beb6279e947be0d0,"AP Gulf States, Inc.",69f10c28beb6279e947be4cd,"FTW1DC2 - QTS Fort Worth I DC2, LLC",evidenceOfInsurance,Evidence of Insurance,excessOrUmbrellaLiability,Umbrella/Excess Liability,evidenceOfInsuranceExcessOrUmbrellaLiabilityEachOccurrence,Each Occurrence,,matchOnce,must be greater or equal to,25000000,25000000,compliant,Standard 5,,,false,2,,2026-08-16
QTS Data Centers,6a19a46bda1723a45255b20d,69f0f3c4beb6279e947be0d0,"AP Gulf States, Inc.",69f10c28beb6279e947be4cd,"FTW1DC2 - QTS Fort Worth I DC2, LLC",evidenceOfInsurance,Evidence of Insurance,excessOrUmbrellaLiability,Umbrella/Excess Liability,evidenceOfInsuranceExcessOrUmbrellaLiabilityAdditionalInsuredEndorsement,Additional Insured,"---prompt---
Determine if the certificate holder is covered as an additional insured under the Umbrella/Excess Liability policy. Evidence may include: a checked ""Additional Insured"" box on the certificate for the umbrella section, mention in the Description of Operations section, reference to ""follow form"" status (which would extend underlying additional insured status), or explicit language naming the certificate holder as additional insured on the umbrella.",matchOnce,must be present,,Present,compliant,Standard 5,,,false,2,,2026-08-16
QTS Data Centers,6a19a46bda1723a45255b20d,69f0f3c4beb6279e947be0d0,"AP Gulf States, Inc.",69f10c28beb6279e947be4cd,"FTW1DC2 - QTS Fort Worth I DC2, LLC",evidenceOfInsurance,Evidence of Insurance,excessOrUmbrellaLiability,Umbrella/Excess Liability,evidenceOfInsuranceExcessOrUmbrellaLiabilityWaiverOfSubrogationEndorsement,Waiver of Subrogation,"---prompt---
Determine if the insurer has waived their right of subrogation in favor of the certificate holder under the Umbrella/Excess Liability policy. Evidence may include: a checked ""Waiver of Subrogation"" box on the certificate, mention in the Description of Operations section stating ""waiver of subrogation applies"", or reference to ""follow form"" status (which would extend underlying waiver). Look for language like ""subrogation is waived"" or ""per written contract"".",matchOnce,must be present,,Present,compliant,Standard 5,,,false,2,,2026-08-16
QTS Data Centers,6a19a46bda1723a45255b20d,69f0f3c4beb6279e947be0d0,"AP Gulf States, Inc.",69f10c28beb6279e947be4cd,"FTW1DC2 - QTS Fort Worth I DC2, LLC",evidenceOfInsurance,Evidence of Insurance,excessOrUmbrellaLiability,Umbrella/Excess Liability,evidenceOfInsuranceExcessOrUmbrellaLiabilityPrimaryAndNonContributoryEndorsement,Primary and Non-Contributory,"---prompt---
Determine if the Umbrella/Excess Liability policy provides primary and non-contributory coverage for the certificate holder. Evidence may include: a checked ""Primary"" box on the certificate, mention in the Description of Operations section stating ""primary and non-contributory"", or reference to ""follow form"" status (which would extend underlying primary status). Look for language indicating this policy will pay first before other applicable insurance and will not seek contribution.",matchOnce,must be present,,Present,compliant,Standard 5,,,false,2,,2026-08-16
QTS Data Centers,6a19a46bda1723a45255b20d,69f0f3c4beb6279e947be0d0,"AP Gulf States, Inc.",69f10c28beb6279e947be4cd,"FTW1DC2 - QTS Fort Worth I DC2, LLC",evidenceOfInsurance,Evidence of Insurance,workersCompensation,Workers' Compensation and Employer's Liability,evidenceOfInsuranceWorkersCompensationStatutoryLimits,Statutory Limits,,matchOnce,must be present,,Present,compliant,Standard 5,,,false,2,,2026-08-16
QTS Data Centers,6a19a46bda1723a45255b20d,69f0f3c4beb6279e947be0d0,"AP Gulf States, Inc.",69f10c28beb6279e947be4cd,"FTW1DC2 - QTS Fort Worth I DC2, LLC",evidenceOfInsurance,Evidence of Insurance,workersCompensation,Workers' Compensation and Employer's Liability,evidenceOfInsuranceWorkersCompensationEmployersLiabilityDiseaseEachEmployee,Employer's Liability Disease - each employee,,matchOnce,must be greater or equal to,500000,1000000,compliant,Standard 5,,,false,2,,2026-08-16
QTS Data Centers,6a19a46bda1723a45255b20d,69f0f3c4beb6279e947be0d0,"AP Gulf States, Inc.",69f10c28beb6279e947be4cd,"FTW1DC2 - QTS Fort Worth I DC2, LLC",evidenceOfInsurance,Evidence of Insurance,workersCompensation,Workers' Compensation and Employer's Liability,evidenceOfInsuranceWorkersCompensationEmployersLiabilityDiseasePolicyLimit,Employer's Liability Disease - policy limit,,matchOnce,must be greater or equal to,500000,1000000,compliant,Standard 5,,,false,2,,2026-08-16
QTS Data Centers,6a19a46bda1723a45255b20d,69f0f3c4beb6279e947be0d0,"AP Gulf States, Inc.",69f10c28beb6279e947be4cd,"FTW1DC2 - QTS Fort Worth I DC2, LLC",evidenceOfInsurance,Evidence of Insurance,workersCompensation,Workers' Compensation and Employer's Liability,evidenceOfInsuranceWorkersCompensationEmployersLiabilityEachAccident,Employer's Liability Each Accident,,matchOnce,must be greater or equal to,500000,1000000,compliant,Standard 5,,,false,2,,2026-08-16
QTS Data Centers,6a19a46bda1723a45255b20d,69f0f3c4beb6279e947be0d0,"AP Gulf States, Inc.",69f10c28beb6279e947be4cd,"FTW1DC2 - QTS Fort Worth I DC2, LLC",evidenceOfInsurance,Evidence of Insurance,workersCompensation,Workers' Compensation and Employer's Liability,evidenceOfInsuranceWorkersCompensationWaiverOfSubrogationEndorsement,Waiver of Subrogation,"---prompt---
Determine if the insurer has waived their right of subrogation in favor of the certificate holder under the Workers' Compensation policy. Evidence may include: a checked ""Waiver of Subrogation"" box on the certificate, mention in the Description of Operations section stating ""waiver of subrogation applies"", or reference to form WC 00 03 13. Look for language like ""subrogation is waived"" or ""per written contract"".",matchOnce,must be present,,Present,compliant,Standard 5,,,false,2,,2026-08-16
QTS Data Centers,6a19a46bda1723a45255b20d,69f0f3c4beb6279e947be0d0,"AP Gulf States, Inc.",69f10c28beb6279e947be4cd,"FTW1DC2 - QTS Fort Worth I DC2, LLC",evidenceOfInsurance,Evidence of Insurance,professional,Professional Liability,evidenceOfInsuranceProfessionalLimitsEachClaim,Each Claim,,matchOnce,must be greater or equal to,4000000,4000000,compliant,Standard 5,,,false,2,,2026-08-16
QTS Data Centers,6a19a46bda1723a45255b20d,69f0f3c4beb6279e947be0d0,"AP Gulf States, Inc.",69f10c28beb6279e947be4cd,"FTW1DC2 - QTS Fort Worth I DC2, LLC",evidenceOfInsurance,Evidence of Insurance,professional,Professional Liability,d672162b-0115-567e-ac40-48cb8d46cdc0,"Professional Liability Coverage Deductible must be less than or equal to $250,000",,matchOnce,must be present,,Present,compliant,Standard 5,,,true,1,,2026-08-16
QTS Data Centers,6a19a46bda1723a45255b20d,69f0f3c4beb6279e947be0d0,"AP Gulf States, Inc.",69f10c28beb6279e947be4cd,"FTW1DC2 - QTS Fort Worth I DC2, LLC",evidenceOfInsurance,Evidence of Insurance,6ac20aae-5728-5d57-b364-aeba38527dba,Additional Requirements,655cb50e-155d-5f8c-af5e-e7386263aa58,"Certificate Holder must read as: ""Quality Technology Services, LLC, 
Attention: Procurement Department
300 Satellite Blvd NW, Suwanee, GA 30024.""",,matchOnce,must be present,,Present,compliant,Standard 5,,,true,2,,2026-08-16
QTS Data Centers,6a19a46bda1723a45255b20d,69f0f3c4beb6279e947be0d0,"AP Gulf States, Inc.",69f10c28beb6279e947be4cd,"FTW1DC2 - QTS Fort Worth I DC2, LLC",evidenceOfInsurance,Evidence of Insurance,6ac20aae-5728-5d57-b364-aeba38527dba,Additional Requirements,25da7a11-b805-5d7d-8deb-65519e743757,"Description of Operations must read: Quality Tech, LP, and its officers, directors, employees, parents, subsidiaries, affiliates, and related companies, successors, and permitted assigns",,matchOnce,must be present,,Present,compliant,Standard 5,,,true,2,,2026-08-16
QTS Data Centers,6a19a46bda1723a45255b20d,69f0f3c4beb6279e947be0d0,"AP Gulf States, Inc.",69f10c28beb6279e947be4cd,"FTW1DC2 - QTS Fort Worth I DC2, LLC",evidenceOfInsurance,Evidence of Insurance,6ac20aae-5728-5d57-b364-aeba38527dba,Additional Requirements,03d7ddc3-a527-5f18-bdf6-355eb23cd9de,30-Day Notice of Cancellation must be present,,matchOnce,must be present,,Present,compliant,Standard 5,,,true,1,,2026-08-16
QTS Data Centers,6a19a46bda1723a45255b20d,69f0f3c4beb6279e947be0d0,"AP Gulf States, Inc.",69f10c28beb6279e947be4cd,"FTW1DC2 - QTS Fort Worth I DC2, LLC",evidenceOfInsurance,Evidence of Insurance,6ac20aae-5728-5d57-b364-aeba38527dba,Additional Requirements,8d7b12d5-c6dc-5efe-8cbd-acd9adedde5b,"Description of Operations must read: FTW1-DC2 Core, Shell & Office, located at 14100 Park Vista Blvd, Fort Worth, TX 76177",,matchOnce,must be present,,,non_compliant,Standard 5,,"<p>""FWT1 DC2"" is listed. Please revise to read ""FTW1DC2.</p>",true,0,,2026-08-16
QTS Data Centers,6a19a46bda1723a45255b20d,69f0f3c4beb6279e947be0d0,"AP Gulf States, Inc.",69f10c28beb6279e947be4cd,"FTW1DC2 - QTS Fort Worth I DC2, LLC",evidenceOfInsurance,Evidence of Insurance,6ac20aae-5728-5d57-b364-aeba38527dba,Additional Requirements,24a2347c-ab39-5dea-a6af-ad750440dde1,"Description of Operations must read: Commercial General Liability shall not include the following endorsements/exclusions or equivalent:

1. CG 2149 or CG 2155 o CG 2198 (Absolute Pollution Exclusion)
2. CG 2294 or CG 2295 (Damage to Work Performed by Contractors Exclusion)
3. CG 2139 (Contractual Limitation Endorsement)
4. CG 2196 (Silica or Silica Dust Exclusion), unless otherwise covered under an applicable pollution policy.
5. CG 2142 (Explosion, Collapse or Underground Exclusion)",,matchOnce,must be present,,Present,compliant,Standard 5,,,true,1,,2026-08-16
QTS Data Centers,6a19a46bda1723a45255b20d,69f0f3c4beb6279e947be0d0,"AP Gulf States, Inc.",69f10c28beb6279e947be4cd,"FTW1DC2 - QTS Fort Worth I DC2, LLC",evidenceOfInsurance,Evidence of Insurance,6ac20aae-5728-5d57-b364-aeba38527dba,Additional Requirements,71685e25-c6d0-5692-aaaf-30f59a2f9a83,"Description of Operations must read: Workers Compensation shall include ""all states"" coverage",,matchOnce,must be present,,Present,compliant,Standard 5,,,true,2,,2026-08-16
QTS Data Centers,6a15b733bd30da3db41030e4,69f0f3c4beb6279e947be0e9,"Gray Construction, Inc.",69f10c28beb6279e947be4d0,"NAL2DC1 - QTS New Albany II DC1, LLC",evidenceOfInsurance,Evidence of Insurance,commercialGeneralLiability,Commercial General Liability,evidenceOfInsuranceCommercialGeneralLiabilityAMBestRating,AM Best Rating,,matchOnce,must be greater or equal to,140,,non_compliant,Standard 6,,,false,0,,2026-08-16
QTS Data Centers,6a15b733bd30da3db41030e4,69f0f3c4beb6279e947be0e9,"Gray Construction, Inc.",69f10c28beb6279e947be4d0,"NAL2DC1 - QTS New Albany II DC1, LLC",evidenceOfInsurance,Evidence of Insurance,commercialGeneralLiability,Commercial General Liability,evidenceOfInsuranceCommercialGeneralLiabilityAMBestFinancialStrength,AM Best Financial Strength,,matchOnce,must be greater or equal to,100,,non_compliant,Standard 6,,,false,0,,2026-08-16
QTS Data Centers,6a15b733bd30da3db41030e4,69f0f3c4beb6279e947be0e9,"Gray Construction, Inc.",69f10c28beb6279e947be4d0,"NAL2DC1 - QTS New Albany II DC1, LLC",evidenceOfInsurance,Evidence of Insurance,commercialGeneralLiability,Commercial General Liability,evidenceOfInsuranceCommercialGeneralLiabilityCoverageTriggerOccurrence,Coverage Trigger: Occurrence,,matchOnce,must be present,,,non_compliant,Standard 6,,,false,0,,2026-08-16
QTS Data Centers,6a15b733bd30da3db41030e4,69f0f3c4beb6279e947be0e9,"Gray Construction, Inc.",69f10c28beb6279e947be4d0,"NAL2DC1 - QTS New Albany II DC1, LLC",evidenceOfInsurance,Evidence of Insurance,commercialGeneralLiability,Commercial General Liability,evidenceOfInsuranceCommercialGeneralLiabilityGeneralAggregateLimitAppliesPerProject,General Aggregate Limit Applies per: Project,,matchOnce,must be present,,,non_compliant,Standard 6,,,false,0,,2026-08-16
QTS Data Centers,6a15b733bd30da3db41030e4,69f0f3c4beb6279e947be0e9,"Gray Construction, Inc.",69f10c28beb6279e947be4d0,"NAL2DC1 - QTS New Albany II DC1, LLC",evidenceOfInsurance,Evidence of Insurance,commercialGeneralLiability,Commercial General Liability,evidenceOfInsuranceCommercialGeneralLiabilityEachOccurrence,Each Occurrence,,matchOnce,must be greater or equal to,2000000,,non_compliant,Standard 6,,,false,0,,2026-08-16
QTS Data Centers,6a15b733bd30da3db41030e4,69f0f3c4beb6279e947be0e9,"Gray Construction, Inc.",69f10c28beb6279e947be4d0,"NAL2DC1 - QTS New Albany II DC1, LLC",evidenceOfInsurance,Evidence of Insurance,commercialGeneralLiability,Commercial General Liability,evidenceOfInsuranceCommercialGeneralLiabilityGeneralAggregate,General Aggregate,,matchOnce,must be greater or equal to,5000000,,non_compliant,Standard 6,,,false,0,,2026-08-16
QTS Data Centers,6a15b733bd30da3db41030e4,69f0f3c4beb6279e947be0e9,"Gray Construction, Inc.",69f10c28beb6279e947be4d0,"NAL2DC1 - QTS New Albany II DC1, LLC",evidenceOfInsurance,Evidence of Insurance,commercialGeneralLiability,Commercial General Liability,evidenceOfInsuranceCommercialGeneralLiabilityProducsCompletedOperationsAggregate,Products/Completed Operations Aggregate,,matchOnce,must be greater or equal to,5000000,,non_compliant,Standard 6,,,false,0,,2026-08-16
QTS Data Centers,6a15b733bd30da3db41030e4,69f0f3c4beb6279e947be0e9,"Gray Construction, Inc.",69f10c28beb6279e947be4d0,"NAL2DC1 - QTS New Albany II DC1, LLC",evidenceOfInsurance,Evidence of Insurance,commercialGeneralLiability,Commercial General Liability,evidenceOfInsuranceCommercialGeneralLiabilityAdditionalInsuredEndorsementOngoingOps,Additional Insured - Ongoing Operations,"---prompt---
Verify that additional insured coverage specifically includes ongoing operations. Look in the Description of Operations section for language like ""additional insured for ongoing operations"", ""CG 20 10"", ""CG 20 37"", or ""operations performed by or on behalf of the named insured"". The coverage should explicitly reference ongoing work, not just completed operations.",matchOnce,must be present,,,non_compliant,Standard 6,,,false,0,,2026-08-16
QTS Data Centers,6a15b733bd30da3db41030e4,69f0f3c4beb6279e947be0e9,"Gray Construction, Inc.",69f10c28beb6279e947be4d0,"NAL2DC1 - QTS New Albany II DC1, LLC",evidenceOfInsurance,Evidence of Insurance,commercialGeneralLiability,Commercial General Liability,evidenceOfInsuranceCommercialGeneralLiabilityAdditionalInsuredEndorsementCompletedOps,Additional Insured - Completed Operations,"---prompt---
Verify that additional insured coverage specifically includes completed operations. Look in the Description of Operations section for language like ""additional insured for completed operations"", ""CG 20 37"", ""products-completed operations"", or similar. This coverage protects the certificate holder for claims arising after work is finished.",matchOnce,must be present,,,non_compliant,Standard 6,,,false,0,,2026-08-16
QTS Data Centers,6a15b733bd30da3db41030e4,69f0f3c4beb6279e947be0e9,"Gray Construction, Inc.",69f10c28beb6279e947be4d0,"NAL2DC1 - QTS New Albany II DC1, LLC",evidenceOfInsurance,Evidence of Insurance,commercialGeneralLiability,Commercial General Liability,evidenceOfInsuranceCommercialGeneralLiabilityWaiverOfSubrogationEndorsement,Waiver of Subrogation,"---prompt---
Determine if the insurer has waived their right of subrogation in favor of the certificate holder under the Commercial General Liability policy. Evidence may include: a checked ""Waiver of Subrogation"" box on the certificate, mention in the Description of Operations section stating ""waiver of subrogation applies"", or reference to form CG 24 04. Look for language like ""subrogation is waived"" or ""per written contract"".",matchOnce,must be present,,,non_compliant,Standard 6,,,false,0,,2026-08-16
QTS Data Centers,6a15b733bd30da3db41030e4,69f0f3c4beb6279e947be0e9,"Gray Construction, Inc.",69f10c28beb6279e947be4d0,"NAL2DC1 - QTS New Albany II DC1, LLC",evidenceOfInsurance,Evidence of Insurance,commercialGeneralLiability,Commercial General Liability,evidenceOfInsuranceCommercialGeneralLiabilityPrimaryAndNonContributoryEndorsement,Primary and Non-Contributory,"---prompt---
Determine if the Commercial General Liability policy provides primary and non-contributory coverage for the certificate holder. Evidence may include: a checked ""Primary"" box on the certificate, mention in the Description of Operations section stating ""primary and non-contributory"", or reference to endorsement CG 20 01. Look for language indicating this policy will pay first before other applicable insurance and will not seek contribution.",matchOnce,must be present,,,non_compliant,Standard 6,,,false,0,,2026-08-16
QTS Data Centers,6a15b733bd30da3db41030e4,69f0f3c4beb6279e947be0e9,"Gray Construction, Inc.",69f10c28beb6279e947be4d0,"NAL2DC1 - QTS New Albany II DC1, LLC",evidenceOfInsurance,Evidence of Insurance,commercialGeneralLiability,Commercial General Liability,9c28ed56-e307-5cf9-88e9-0ada1f283104,Physical 30 Days Notice of Cancellation - 10 Days Notice for Non Payment Endorsement must be present,,matchOnce,must be present,,,non_compliant,Standard 6,,,true,0,,2026-08-16
QTS Data Centers,6a15b733bd30da3db41030e4,69f0f3c4beb6279e947be0e9,"Gray Construction, Inc.",69f10c28beb6279e947be4d0,"NAL2DC1 - QTS New Albany II DC1, LLC",evidenceOfInsurance,Evidence of Insurance,automobileLiability,Automobile Liability,evidenceOfInsuranceAutomobileLiabilityCombinedSingleLimitEachAccident,Combined Single Limit (each accident),,matchOnce,must be greater or equal to,1000000,,non_compliant,Standard 6,,,false,0,,2026-08-16
QTS Data Centers,6a15b733bd30da3db41030e4,69f0f3c4beb6279e947be0e9,"Gray Construction, Inc.",69f10c28beb6279e947be4d0,"NAL2DC1 - QTS New Albany II DC1, LLC",evidenceOfInsurance,Evidence of Insurance,automobileLiability,Automobile Liability,evidenceOfInsuranceAutomobileLiabilityCoverageAppliesToOwnedAutosOnly,Coverage Applies To: Owned Autos Only,,matchOnce,must be present,,,non_compliant,Standard 6,,,false,0,,2026-08-16
QTS Data Centers,6a15b733bd30da3db41030e4,69f0f3c4beb6279e947be0e9,"Gray Construction, Inc.",69f10c28beb6279e947be4d0,"NAL2DC1 - QTS New Albany II DC1, LLC",evidenceOfInsurance,Evidence of Insurance,automobileLiability,Automobile Liability,evidenceOfInsuranceAutomobileLiabilityCoverageAppliesToNonOwnedAutosOnly,Coverage Applies To: Non-Owned Autos Only,,matchOnce,must be present,,,non_compliant,Standard 6,,,false,0,,2026-08-16
QTS Data Centers,6a15b733bd30da3db41030e4,69f0f3c4beb6279e947be0e9,"Gray Construction, Inc.",69f10c28beb6279e947be4d0,"NAL2DC1 - QTS New Albany II DC1, LLC",evidenceOfInsurance,Evidence of Insurance,automobileLiability,Automobile Liability,evidenceOfInsuranceAutomobileLiabilityCoverageAppliesToHiredAutosOnly,Coverage Applies To: Hired Autos Only,,matchOnce,must be present,,,non_compliant,Standard 6,,,false,0,,2026-08-16
QTS Data Centers,6a15b733bd30da3db41030e4,69f0f3c4beb6279e947be0e9,"Gray Construction, Inc.",69f10c28beb6279e947be4d0,"NAL2DC1 - QTS New Albany II DC1, LLC",evidenceOfInsurance,Evidence of Insurance,automobileLiability,Automobile Liability,evidenceOfInsuranceAutomobileLiabilityAdditionalInsuredEndorsement,Additional Insured,"---prompt---
Determine if the certificate holder is covered as an additional insured under the Automobile Liability policy. Evidence may include: a checked ""Additional Insured"" box on the certificate for the auto section, mention in the Description of Operations section, or reference to blanket additional insured coverage. Look for form number CA 20 48 or language like ""certificate holder is additional insured"" or ""per written contract"".",matchOnce,must be present,,,non_compliant,Standard 6,,,false,0,,2026-08-16
QTS Data Centers,6a15b733bd30da3db41030e4,69f0f3c4beb6279e947be0e9,"Gray Construction, Inc.",69f10c28beb6279e947be4d0,"NAL2DC1 - QTS New Albany II DC1, LLC",evidenceOfInsurance,Evidence of Insurance,automobileLiability,Automobile Liability,evidenceOfInsuranceAutomobileLiabilityWaiverOfSubrogationEndorsement,Waiver of Subrogation,"---prompt---
Determine if the insurer has waived their right of subrogation in favor of the certificate holder under the Automobile Liability policy. Evidence may include: a checked ""Waiver of Subrogation"" box on the certificate, mention in the Description of Operations section stating ""waiver of subrogation applies"", or reference to form CA 04 44. Look for language like ""subrogation is waived"" or ""per written contract"".",matchOnce,must be present,,,non_compliant,Standard 6,,,false,0,,2026-08-16
QTS Data Centers,6a15b733bd30da3db41030e4,69f0f3c4beb6279e947be0e9,"Gray Construction, Inc.",69f10c28beb6279e947be4d0,"NAL2DC1 - QTS New Albany II DC1, LLC",evidenceOfInsurance,Evidence of Insurance,automobileLiability,Automobile Liability,evidenceOfInsuranceAutomobileLiabilityPrimaryAndNonContributoryEndorsement,Primary and Non-Contributory,"---prompt---
Determine if the Automobile Liability policy provides primary and non-contributory coverage for the certificate holder. Evidence may include: a checked ""Primary"" box on the certificate, mention in the Description of Operations section stating ""primary and non-contributory"". Look for language indicating this policy will pay first before other applicable insurance and will not seek contribution.",matchOnce,must be present,,,non_compliant,Standard 6,,,false,0,,2026-08-16
QTS Data Centers,6a15b733bd30da3db41030e4,69f0f3c4beb6279e947be0e9,"Gray Construction, Inc.",69f10c28beb6279e947be4d0,"NAL2DC1 - QTS New Albany II DC1, LLC",evidenceOfInsurance,Evidence of Insurance,automobileLiability,Automobile Liability,0e6f6daa-effc-5c25-af03-4f7e657ae801,Physical MCS-90 Endorsement must be present,,matchOnce,must be present,,,non_compliant,Standard 6,,,true,0,,2026-08-16
QTS Data Centers,6a15b733bd30da3db41030e4,69f0f3c4beb6279e947be0e9,"Gray Construction, Inc.",69f10c28beb6279e947be4d0,"NAL2DC1 - QTS New Albany II DC1, LLC",evidenceOfInsurance,Evidence of Insurance,excessOrUmbrellaLiability,Umbrella/Excess Liability,evidenceOfInsuranceExcessOrUmbrellaLiabilityOccurence,Coverage Trigger: Occurrence,,matchOnce,must be present,,,non_compliant,Standard 6,,,false,0,,2026-08-16
QTS Data Centers,6a15b733bd30da3db41030e4,69f0f3c4beb6279e947be0e9,"Gray Construction, Inc.",69f10c28beb6279e947be4d0,"NAL2DC1 - QTS New Albany II DC1, LLC",evidenceOfInsurance,Evidence of Insurance,excessOrUmbrellaLiability,Umbrella/Excess Liability,evidenceOfInsuranceExcessOrUmbrellaLiabilityEachOccurrence,Each Occurrence,,matchOnce,must be greater or equal to,25000000,,non_compliant,Standard 6,,,false,0,,2026-08-16
QTS Data Centers,6a15b733bd30da3db41030e4,69f0f3c4beb6279e947be0e9,"Gray Construction, Inc.",69f10c28beb6279e947be4d0,"NAL2DC1 - QTS New Albany II DC1, LLC",evidenceOfInsurance,Evidence of Insurance,excessOrUmbrellaLiability,Umbrella/Excess Liability,evidenceOfInsuranceExcessOrUmbrellaLiabilityAdditionalInsuredEndorsement,Additional Insured,"---prompt---
Determine if the certificate holder is covered as an additional insured under the Umbrella/Excess Liability policy. Evidence may include: a checked ""Additional Insured"" box on the certificate for the umbrella section, mention in the Description of Operations section, reference to ""follow form"" status (which would extend underlying additional insured status), or explicit language naming the certificate holder as additional insured on the umbrella.",matchOnce,must be present,,,non_compliant,Standard 6,,,false,0,,2026-08-16
QTS Data Centers,6a15b733bd30da3db41030e4,69f0f3c4beb6279e947be0e9,"Gray Construction, Inc.",69f10c28beb6279e947be4d0,"NAL2DC1 - QTS New Albany II DC1, LLC",evidenceOfInsurance,Evidence of Insurance,excessOrUmbrellaLiability,Umbrella/Excess Liability,evidenceOfInsuranceExcessOrUmbrellaLiabilityWaiverOfSubrogationEndorsement,Waiver of Subrogation,"---prompt---
Determine if the insurer has waived their right of subrogation in favor of the certificate holder under the Umbrella/Excess Liability policy. Evidence may include: a checked ""Waiver of Subrogation"" box on the certificate, mention in the Description of Operations section stating ""waiver of subrogation applies"", or reference to ""follow form"" status (which would extend underlying waiver). Look for language like ""subrogation is waived"" or ""per written contract"".",matchOnce,must be present,,,non_compliant,Standard 6,,,false,0,,2026-08-16
QTS Data Centers,6a15b733bd30da3db41030e4,69f0f3c4beb6279e947be0e9,"Gray Construction, Inc.",69f10c28beb6279e947be4d0,"NAL2DC1 - QTS New Albany II DC1, LLC",evidenceOfInsurance,Evidence of Insurance,excessOrUmbrellaLiability,Umbrella/Excess Liability,evidenceOfInsuranceExcessOrUmbrellaLiabilityPrimaryAndNonContributoryEndorsement,Primary and Non-Contributory,"---prompt---
Determine if the Umbrella/Excess Liability policy provides primary and non-contributory coverage for the certificate holder. Evidence may include: a checked ""Primary"" box on the certificate, mention in the Description of Operations section stating ""primary and non-contributory"", or reference to ""follow form"" status (which would extend underlying primary status). Look for language indicating this policy will pay first before other applicable insurance and will not seek contribution.",matchOnce,must be present,,,non_compliant,Standard 6,,,false,0,,2026-08-16
QTS Data Centers,6a15b733bd30da3db41030e4,69f0f3c4beb6279e947be0e9,"Gray Construction, Inc.",69f10c28beb6279e947be4d0,"NAL2DC1 - QTS New Albany II DC1, LLC",evidenceOfInsurance,Evidence of Insurance,workersCompensation,Workers' Compensation and Employer's Liability,evidenceOfInsuranceWorkersCompensationStatutoryLimits,Statutory Limits,,matchOnce,must be present,,,non_compliant,Standard 6,,,false,0,,2026-08-16
QTS Data Centers,6a15b733bd30da3db41030e4,69f0f3c4beb6279e947be0e9,"Gray Construction, Inc.",69f10c28beb6279e947be4d0,"NAL2DC1 - QTS New Albany II DC1, LLC",evidenceOfInsurance,Evidence of Insurance,workersCompensation,Workers' Compensation and Employer's Liability,evidenceOfInsuranceWorkersCompensationEmployersLiabilityDiseaseEachEmployee,Employer's Liability Disease - each employee,,matchOnce,must be greater or equal to,500000,,non_compliant,Standard 6,,,false,0,,2026-08-16
QTS Data Centers,6a15b733bd30da3db41030e4,69f0f3c4beb6279e947be0e9,"Gray Construction, Inc.",69f10c28beb6279e947be4d0,"NAL2DC1 - QTS New Albany II DC1, LLC",evidenceOfInsurance,Evidence of Insurance,workersCompensation,Workers' Compensation and Employer's Liability,evidenceOfInsuranceWorkersCompensationEmployersLiabilityDiseasePolicyLimit,Employer's Liability Disease - policy limit,,matchOnce,must be greater or equal to,500000,,non_compliant,Standard 6,,,false,0,,2026-08-16
QTS Data Centers,6a15b733bd30da3db41030e4,69f0f3c4beb6279e947be0e9,"Gray Construction, Inc.",69f10c28beb6279e947be4d0,"NAL2DC1 - QTS New Albany II DC1, LLC",evidenceOfInsurance,Evidence of Insurance,workersCompensation,Workers' Compensation and Employer's Liability,evidenceOfInsuranceWorkersCompensationEmployersLiabilityEachAccident,Employer's Liability Each Accident,,matchOnce,must be greater or equal to,500000,,non_compliant,Standard 6,,,false,0,,2026-08-16
QTS Data Centers,6a15b733bd30da3db41030e4,69f0f3c4beb6279e947be0e9,"Gray Construction, Inc.",69f10c28beb6279e947be4d0,"NAL2DC1 - QTS New Albany II DC1, LLC",evidenceOfInsurance,Evidence of Insurance,workersCompensation,Workers' Compensation and Employer's Liability,evidenceOfInsuranceWorkersCompensationWaiverOfSubrogationEndorsement,Waiver of Subrogation,"---prompt---
Determine if the insurer has waived their right of subrogation in favor of the certificate holder under the Workers' Compensation policy. Evidence may include: a checked ""Waiver of Subrogation"" box on the certificate, mention in the Description of Operations section stating ""waiver of subrogation applies"", or reference to form WC 00 03 13. Look for language like ""subrogation is waived"" or ""per written contract"".",matchOnce,must be present,,,non_compliant,Standard 6,,,false,0,,2026-08-16
QTS Data Centers,6a15b733bd30da3db41030e4,69f0f3c4beb6279e947be0e9,"Gray Construction, Inc.",69f10c28beb6279e947be4d0,"NAL2DC1 - QTS New Albany II DC1, LLC",evidenceOfInsurance,Evidence of Insurance,professional,Professional Liability,evidenceOfInsuranceProfessionalLimitsEachClaim,Each Claim,,matchOnce,must be greater or equal to,2000000,,non_compliant,Standard 6,,,false,0,,2026-08-16
QTS Data Centers,6a15b733bd30da3db41030e4,69f0f3c4beb6279e947be0e9,"Gray Construction, Inc.",69f10c28beb6279e947be4d0,"NAL2DC1 - QTS New Albany II DC1, LLC",evidenceOfInsurance,Evidence of Insurance,professional,Professional Liability,d672162b-0115-567e-ac40-48cb8d46cdc0,"Professional Liability Coverage Deductible must be less than or equal to $100,000",,matchOnce,must be present,,,non_compliant,Standard 6,,,true,0,,2026-08-16
QTS Data Centers,6a15b733bd30da3db41030e4,69f0f3c4beb6279e947be0e9,"Gray Construction, Inc.",69f10c28beb6279e947be4d0,"NAL2DC1 - QTS New Albany II DC1, LLC",evidenceOfInsurance,Evidence of Insurance,6ac20aae-5728-5d57-b364-aeba38527dba,Additional Requirements,655cb50e-155d-5f8c-af5e-e7386263aa58,"Certificate Holder must read as: ""Quality Technology Services, LLC, 
Attention: Procurement Department
300 Satellite Blvd NW, Suwanee, GA 30024.""",,matchOnce,must be present,,,non_compliant,Standard 6,,,true,0,,2026-08-16
QTS Data Centers,6a15b733bd30da3db41030e4,69f0f3c4beb6279e947be0e9,"Gray Construction, Inc.",69f10c28beb6279e947be4d0,"NAL2DC1 - QTS New Albany II DC1, LLC",evidenceOfInsurance,Evidence of Insurance,6ac20aae-5728-5d57-b364-aeba38527dba,Additional Requirements,25da7a11-b805-5d7d-8deb-65519e743757,"Description of Operations must read: Quality Tech, LP, and its officers, directors, employees, parents, subsidiaries, affiliates, and related companies, successors, and permitted assigns",,matchOnce,must be present,,,non_compliant,Standard 6,,,true,0,,2026-08-16
QTS Data Centers,6a15b733bd30da3db41030e4,69f0f3c4beb6279e947be0e9,"Gray Construction, Inc.",69f10c28beb6279e947be4d0,"NAL2DC1 - QTS New Albany II DC1, LLC",evidenceOfInsurance,Evidence of Insurance,6ac20aae-5728-5d57-b364-aeba38527dba,Additional Requirements,03d7ddc3-a527-5f18-bdf6-355eb23cd9de,30-Day Notice of Cancellation must be present,,matchOnce,must be present,,,non_compliant,Standard 6,,,true,0,,2026-08-16
QTS Data Centers,6a15b733bd30da3db41030e4,69f0f3c4beb6279e947be0e9,"Gray Construction, Inc.",69f10c28beb6279e947be4d0,"NAL2DC1 - QTS New Albany II DC1, LLC",evidenceOfInsurance,Evidence of Insurance,6ac20aae-5728-5d57-b364-aeba38527dba,Additional Requirements,8d7b12d5-c6dc-5efe-8cbd-acd9adedde5b,"Description of Operations must read: NAL2-DC1 - Date Halls, located at 785 Beech Road SW, New Albany, OH 43054",,matchOnce,must be present,,,non_compliant,Standard 6,,,true,0,,2026-08-16
QTS Data Centers,6a15b733bd30da3db41030e4,69f0f3c4beb6279e947be0e9,"Gray Construction, Inc.",69f10c28beb6279e947be4d0,"NAL2DC1 - QTS New Albany II DC1, LLC",evidenceOfInsurance,Evidence of Insurance,6ac20aae-5728-5d57-b364-aeba38527dba,Additional Requirements,24a2347c-ab39-5dea-a6af-ad750440dde1,"Description of Operations must read: Commercial General Liability shall not include the following endorsements/exclusions or equivalent:

1. CG 2149 or CG 2155 o CG 2198 (Absolute Pollution Exclusion)
2. CG 2294 or CG 2295 (Damage to Work Performed by Contractors Exclusion)
3. CG 2139 (Contractual Limitation Endorsement)
4. CG 2196 (Silica or Silica Dust Exclusion), unless otherwise covered under an applicable pollution policy.
5. CG 2142 (Explosion, Collapse or Underground Exclusion)",,matchOnce,must be present,,,non_compliant,Standard 6,,,true,0,,2026-08-16
QTS Data Centers,6a15b733bd30da3db41030e4,69f0f3c4beb6279e947be0e9,"Gray Construction, Inc.",69f10c28beb6279e947be4d0,"NAL2DC1 - QTS New Albany II DC1, LLC",evidenceOfInsurance,Evidence of Insurance,6ac20aae-5728-5d57-b364-aeba38527dba,Additional Requirements,71685e25-c6d0-5692-aaaf-30f59a2f9a83,"Description of Operations must read: Workers Compensation shall include ""all states"" coverage",,matchOnce,must be present,,,non_compliant,Standard 6,,,true,0,,2026-08-16
QTS Data Centers,6a15b733bd30da3db41030e5,69f0f3c4beb6279e947be0e9,"Gray Construction, Inc.",69f10c28beb6279e947be4d1,"NAL2DC2 - QTS New Albany II DC2, LLC",evidenceOfInsurance,Evidence of Insurance,commercialGeneralLiability,Commercial General Liability,evidenceOfInsuranceCommercialGeneralLiabilityAMBestRating,AM Best Rating,,matchOnce,must be greater or equal to,140,150,compliant,Standard 6,,,false,1,,2026-08-16
QTS Data Centers,6a15b733bd30da3db41030e5,69f0f3c4beb6279e947be0e9,"Gray Construction, Inc.",69f10c28beb6279e947be4d1,"NAL2DC2 - QTS New Albany II DC2, LLC",evidenceOfInsurance,Evidence of Insurance,commercialGeneralLiability,Commercial General Liability,evidenceOfInsuranceCommercialGeneralLiabilityAMBestFinancialStrength,AM Best Financial Strength,,matchOnce,must be greater or equal to,100,150,compliant,Standard 6,,,false,1,,2026-08-16
QTS Data Centers,6a15b733bd30da3db41030e5,69f0f3c4beb6279e947be0e9,"Gray Construction, Inc.",69f10c28beb6279e947be4d1,"NAL2DC2 - QTS New Albany II DC2, LLC",evidenceOfInsurance,Evidence of Insurance,commercialGeneralLiability,Commercial General Liability,evidenceOfInsuranceCommercialGeneralLiabilityCoverageTriggerOccurrence,Coverage Trigger: Occurrence,,matchOnce,must be present,,Present,compliant,Standard 6,,,false,1,,2026-08-16
QTS Data Centers,6a15b733bd30da3db41030e5,69f0f3c4beb6279e947be0e9,"Gray Construction, Inc.",69f10c28beb6279e947be4d1,"NAL2DC2 - QTS New Albany II DC2, LLC",evidenceOfInsurance,Evidence of Insurance,commercialGeneralLiability,Commercial General Liability,evidenceOfInsuranceCommercialGeneralLiabilityGeneralAggregateLimitAppliesPerProject,General Aggregate Limit Applies per: Project,,matchOnce,must be present,,Present,compliant,Standard 6,,,false,1,,2026-08-16
QTS Data Centers,6a15b733bd30da3db41030e5,69f0f3c4beb6279e947be0e9,"Gray Construction, Inc.",69f10c28beb6279e947be4d1,"NAL2DC2 - QTS New Albany II DC2, LLC",evidenceOfInsurance,Evidence of Insurance,commercialGeneralLiability,Commercial General Liability,evidenceOfInsuranceCommercialGeneralLiabilityEachOccurrence,Each Occurrence,,matchOnce,must be greater or equal to,2000000,2000000,compliant,Standard 6,,,false,1,,2026-08-16
QTS Data Centers,6a15b733bd30da3db41030e5,69f0f3c4beb6279e947be0e9,"Gray Construction, Inc.",69f10c28beb6279e947be4d1,"NAL2DC2 - QTS New Albany II DC2, LLC",evidenceOfInsurance,Evidence of Insurance,commercialGeneralLiability,Commercial General Liability,evidenceOfInsuranceCommercialGeneralLiabilityGeneralAggregate,General Aggregate,,matchOnce,must be greater or equal to,5000000,4000000,overridden,Standard 6,Excess Liability > $20M requested amount & follows form - covers difference on GL aggregate/comp ops,,false,1,2026-10-01,2026-08-16
QTS Data Centers,6a15b733bd30da3db41030e5,69f0f3c4beb6279e947be0e9,"Gray Construction, Inc.",69f10c28beb6279e947be4d1,"NAL2DC2 - QTS New Albany II DC2, LLC",evidenceOfInsurance,Evidence of Insurance,commercialGeneralLiability,Commercial General Liability,evidenceOfInsuranceCommercialGeneralLiabilityProducsCompletedOperationsAggregate,Products/Completed Operations Aggregate,,matchOnce,must be greater or equal to,5000000,4000000,overridden,Standard 6,Excess Liability > $20M requested amount & follows form - covers difference on GL aggregate/comp ops,,false,1,2026-10-01,2026-08-16
QTS Data Centers,6a15b733bd30da3db41030e5,69f0f3c4beb6279e947be0e9,"Gray Construction, Inc.",69f10c28beb6279e947be4d1,"NAL2DC2 - QTS New Albany II DC2, LLC",evidenceOfInsurance,Evidence of Insurance,commercialGeneralLiability,Commercial General Liability,evidenceOfInsuranceCommercialGeneralLiabilityAdditionalInsuredEndorsementOngoingOps,Additional Insured - Ongoing Operations,"---prompt---
Verify that additional insured coverage specifically includes ongoing operations. Look in the Description of Operations section for language like ""additional insured for ongoing operations"", ""CG 20 10"", ""CG 20 37"", or ""operations performed by or on behalf of the named insured"". The coverage should explicitly reference ongoing work, not just completed operations.",matchOnce,must be present,,Present,compliant,Standard 6,,,false,1,,2026-08-16
QTS Data Centers,6a15b733bd30da3db41030e5,69f0f3c4beb6279e947be0e9,"Gray Construction, Inc.",69f10c28beb6279e947be4d1,"NAL2DC2 - QTS New Albany II DC2, LLC",evidenceOfInsurance,Evidence of Insurance,commercialGeneralLiability,Commercial General Liability,evidenceOfInsuranceCommercialGeneralLiabilityAdditionalInsuredEndorsementCompletedOps,Additional Insured - Completed Operations,"---prompt---
Verify that additional insured coverage specifically includes completed operations. Look in the Description of Operations section for language like ""additional insured for completed operations"", ""CG 20 37"", ""products-completed operations"", or similar. This coverage protects the certificate holder for claims arising after work is finished.",matchOnce,must be present,,Present,compliant,Standard 6,,,false,1,,2026-08-16
QTS Data Centers,6a15b733bd30da3db41030e5,69f0f3c4beb6279e947be0e9,"Gray Construction, Inc.",69f10c28beb6279e947be4d1,"NAL2DC2 - QTS New Albany II DC2, LLC",evidenceOfInsurance,Evidence of Insurance,commercialGeneralLiability,Commercial General Liability,evidenceOfInsuranceCommercialGeneralLiabilityWaiverOfSubrogationEndorsement,Waiver of Subrogation,"---prompt---
Determine if the insurer has waived their right of subrogation in favor of the certificate holder under the Commercial General Liability policy. Evidence may include: a checked ""Waiver of Subrogation"" box on the certificate, mention in the Description of Operations section stating ""waiver of subrogation applies"", or reference to form CG 24 04. Look for language like ""subrogation is waived"" or ""per written contract"".",matchOnce,must be present,,Present,compliant,Standard 6,,,false,1,,2026-08-16
QTS Data Centers,6a15b733bd30da3db41030e5,69f0f3c4beb6279e947be0e9,"Gray Construction, Inc.",69f10c28beb6279e947be4d1,"NAL2DC2 - QTS New Albany II DC2, LLC",evidenceOfInsurance,Evidence of Insurance,commercialGeneralLiability,Commercial General Liability,evidenceOfInsuranceCommercialGeneralLiabilityPrimaryAndNonContributoryEndorsement,Primary and Non-Contributory,"---prompt---
Determine if the Commercial General Liability policy provides primary and non-contributory coverage for the certificate holder. Evidence may include: a checked ""Primary"" box on the certificate, mention in the Description of Operations section stating ""primary and non-contributory"", or reference to endorsement CG 20 01. Look for language indicating this policy will pay first before other applicable insurance and will not seek contribution.",matchOnce,must be present,,Present,compliant,Standard 6,,,false,1,,2026-08-16
QTS Data Centers,6a15b733bd30da3db41030e5,69f0f3c4beb6279e947be0e9,"Gray Construction, Inc.",69f10c28beb6279e947be4d1,"NAL2DC2 - QTS New Albany II DC2, LLC",evidenceOfInsurance,Evidence of Insurance,commercialGeneralLiability,Commercial General Liability,9c28ed56-e307-5cf9-88e9-0ada1f283104,Physical 30 Days Notice of Cancellation - 10 Days Notice for Non Payment Endorsement must be present,,matchOnce,must be present,,,non_compliant,Standard 6,,,true,0,,2026-08-16
QTS Data Centers,6a15b733bd30da3db41030e5,69f0f3c4beb6279e947be0e9,"Gray Construction, Inc.",69f10c28beb6279e947be4d1,"NAL2DC2 - QTS New Albany II DC2, LLC",evidenceOfInsurance,Evidence of Insurance,automobileLiability,Automobile Liability,evidenceOfInsuranceAutomobileLiabilityCombinedSingleLimitEachAccident,Combined Single Limit (each accident),,matchOnce,must be greater or equal to,1000000,2000000,compliant,Standard 6,,,false,1,,2026-08-16
QTS Data Centers,6a15b733bd30da3db41030e5,69f0f3c4beb6279e947be0e9,"Gray Construction, Inc.",69f10c28beb6279e947be4d1,"NAL2DC2 - QTS New Albany II DC2, LLC",evidenceOfInsurance,Evidence of Insurance,automobileLiability,Automobile Liability,evidenceOfInsuranceAutomobileLiabilityCoverageAppliesToOwnedAutosOnly,Coverage Applies To: Owned Autos Only,,matchOnce,must be present,,Present,compliant,Standard 6,,,false,1,,2026-08-16
QTS Data Centers,6a15b733bd30da3db41030e5,69f0f3c4beb6279e947be0e9,"Gray Construction, Inc.",69f10c28beb6279e947be4d1,"NAL2DC2 - QTS New Albany II DC2, LLC",evidenceOfInsurance,Evidence of Insurance,automobileLiability,Automobile Liability,evidenceOfInsuranceAutomobileLiabilityCoverageAppliesToNonOwnedAutosOnly,Coverage Applies To: Non-Owned Autos Only,,matchOnce,must be present,,Present,compliant,Standard 6,,,false,1,,2026-08-16
QTS Data Centers,6a15b733bd30da3db41030e5,69f0f3c4beb6279e947be0e9,"Gray Construction, Inc.",69f10c28beb6279e947be4d1,"NAL2DC2 - QTS New Albany II DC2, LLC",evidenceOfInsurance,Evidence of Insurance,automobileLiability,Automobile Liability,evidenceOfInsuranceAutomobileLiabilityCoverageAppliesToHiredAutosOnly,Coverage Applies To: Hired Autos Only,,matchOnce,must be present,,Present,compliant,Standard 6,,,false,1,,2026-08-16
QTS Data Centers,6a15b733bd30da3db41030e5,69f0f3c4beb6279e947be0e9,"Gray Construction, Inc.",69f10c28beb6279e947be4d1,"NAL2DC2 - QTS New Albany II DC2, LLC",evidenceOfInsurance,Evidence of Insurance,automobileLiability,Automobile Liability,evidenceOfInsuranceAutomobileLiabilityAdditionalInsuredEndorsement,Additional Insured,"---prompt---
Determine if the certificate holder is covered as an additional insured under the Automobile Liability policy. Evidence may include: a checked ""Additional Insured"" box on the certificate for the auto section, mention in the Description of Operations section, or reference to blanket additional insured coverage. Look for form number CA 20 48 or language like ""certificate holder is additional insured"" or ""per written contract"".",matchOnce,must be present,,Present,compliant,Standard 6,,,false,1,,2026-08-16
QTS Data Centers,6a15b733bd30da3db41030e5,69f0f3c4beb6279e947be0e9,"Gray Construction, Inc.",69f10c28beb6279e947be4d1,"NAL2DC2 - QTS New Albany II DC2, LLC",evidenceOfInsurance,Evidence of Insurance,automobileLiability,Automobile Liability,evidenceOfInsuranceAutomobileLiabilityWaiverOfSubrogationEndorsement,Waiver of Subrogation,"---prompt---
Determine if the insurer has waived their right of subrogation in favor of the certificate holder under the Automobile Liability policy. Evidence may include: a checked ""Waiver of Subrogation"" box on the certificate, mention in the Description of Operations section stating ""waiver of subrogation applies"", or reference to form CA 04 44. Look for language like ""subrogation is waived"" or ""per written contract"".",matchOnce,must be present,,Present,compliant,Standard 6,,,false,1,,2026-08-16
QTS Data Centers,6a15b733bd30da3db41030e5,69f0f3c4beb6279e947be0e9,"Gray Construction, Inc.",69f10c28beb6279e947be4d1,"NAL2DC2 - QTS New Albany II DC2, LLC",evidenceOfInsurance,Evidence of Insurance,automobileLiability,Automobile Liability,evidenceOfInsuranceAutomobileLiabilityPrimaryAndNonContributoryEndorsement,Primary and Non-Contributory,"---prompt---
Determine if the Automobile Liability policy provides primary and non-contributory coverage for the certificate holder. Evidence may include: a checked ""Primary"" box on the certificate, mention in the Description of Operations section stating ""primary and non-contributory"". Look for language indicating this policy will pay first before other applicable insurance and will not seek contribution.",matchOnce,must be present,,Present,compliant,Standard 6,,,false,1,,2026-08-16
QTS Data Centers,6a15b733bd30da3db41030e5,69f0f3c4beb6279e947be0e9,"Gray Construction, Inc.",69f10c28beb6279e947be4d1,"NAL2DC2 - QTS New Albany II DC2, LLC",evidenceOfInsurance,Evidence of Insurance,automobileLiability,Automobile Liability,0e6f6daa-effc-5c25-af03-4f7e657ae801,Physical MCS-90 Endorsement must be present,,matchOnce,must be present,,,non_compliant,Standard 6,,,true,0,,2026-08-16
QTS Data Centers,6a15b733bd30da3db41030e5,69f0f3c4beb6279e947be0e9,"Gray Construction, Inc.",69f10c28beb6279e947be4d1,"NAL2DC2 - QTS New Albany II DC2, LLC",evidenceOfInsurance,Evidence of Insurance,excessOrUmbrellaLiability,Umbrella/Excess Liability,evidenceOfInsuranceExcessOrUmbrellaLiabilityOccurence,Coverage Trigger: Occurrence,,matchOnce,must be present,,,non_compliant,Standard 6,,,false,0,,2026-08-16
QTS Data Centers,6a15b733bd30da3db41030e5,69f0f3c4beb6279e947be0e9,"Gray Construction, Inc.",69f10c28beb6279e947be4d1,"NAL2DC2 - QTS New Albany II DC2, LLC",evidenceOfInsurance,Evidence of Insurance,excessOrUmbrellaLiability,Umbrella/Excess Liability,evidenceOfInsuranceExcessOrUmbrellaLiabilityEachOccurrence,Each Occurrence,,matchOnce,must be greater or equal to,25000000,40000000,compliant,Standard 6,,,false,1,,2026-08-16
QTS Data Centers,6a15b733bd30da3db41030e5,69f0f3c4beb6279e947be0e9,"Gray Construction, Inc.",69f10c28beb6279e947be4d1,"NAL2DC2 - QTS New Albany II DC2, LLC",evidenceOfInsurance,Evidence of Insurance,excessOrUmbrellaLiability,Umbrella/Excess Liability,evidenceOfInsuranceExcessOrUmbrellaLiabilityAdditionalInsuredEndorsement,Additional Insured,"---prompt---
Determine if the certificate holder is covered as an additional insured under the Umbrella/Excess Liability policy. Evidence may include: a checked ""Additional Insured"" box on the certificate for the umbrella section, mention in the Description of Operations section, reference to ""follow form"" status (which would extend underlying additional insured status), or explicit language naming the certificate holder as additional insured on the umbrella.",matchOnce,must be present,,,non_compliant,Standard 6,,,false,0,,2026-08-16
QTS Data Centers,6a15b733bd30da3db41030e5,69f0f3c4beb6279e947be0e9,"Gray Construction, Inc.",69f10c28beb6279e947be4d1,"NAL2DC2 - QTS New Albany II DC2, LLC",evidenceOfInsurance,Evidence of Insurance,excessOrUmbrellaLiability,Umbrella/Excess Liability,evidenceOfInsuranceExcessOrUmbrellaLiabilityWaiverOfSubrogationEndorsement,Waiver of Subrogation,"---prompt---
Determine if the insurer has waived their right of subrogation in favor of the certificate holder under the Umbrella/Excess Liability policy. Evidence may include: a checked ""Waiver of Subrogation"" box on the certificate, mention in the Description of Operations section stating ""waiver of subrogation applies"", or reference to ""follow form"" status (which would extend underlying waiver). Look for language like ""subrogation is waived"" or ""per written contract"".",matchOnce,must be present,,,non_compliant,Standard 6,,,false,0,,2026-08-16
QTS Data Centers,6a15b733bd30da3db41030e5,69f0f3c4beb6279e947be0e9,"Gray Construction, Inc.",69f10c28beb6279e947be4d1,"NAL2DC2 - QTS New Albany II DC2, LLC",evidenceOfInsurance,Evidence of Insurance,excessOrUmbrellaLiability,Umbrella/Excess Liability,evidenceOfInsuranceExcessOrUmbrellaLiabilityPrimaryAndNonContributoryEndorsement,Primary and Non-Contributory,"---prompt---
Determine if the Umbrella/Excess Liability policy provides primary and non-contributory coverage for the certificate holder. Evidence may include: a checked ""Primary"" box on the certificate, mention in the Description of Operations section stating ""primary and non-contributory"", or reference to ""follow form"" status (which would extend underlying primary status). Look for language indicating this policy will pay first before other applicable insurance and will not seek contribution.",matchOnce,must be present,,Present,compliant,Standard 6,,,false,1,,2026-08-16
QTS Data Centers,6a15b733bd30da3db41030e5,69f0f3c4beb6279e947be0e9,"Gray Construction, Inc.",69f10c28beb6279e947be4d1,"NAL2DC2 - QTS New Albany II DC2, LLC",evidenceOfInsurance,Evidence of Insurance,workersCompensation,Workers' Compensation and Employer's Liability,evidenceOfInsuranceWorkersCompensationStatutoryLimits,Statutory Limits,,matchOnce,must be present,,Present,compliant,Standard 6,,,false,1,,2026-08-16
QTS Data Centers,6a15b733bd30da3db41030e5,69f0f3c4beb6279e947be0e9,"Gray Construction, Inc.",69f10c28beb6279e947be4d1,"NAL2DC2 - QTS New Albany II DC2, LLC",evidenceOfInsurance,Evidence of Insurance,workersCompensation,Workers' Compensation and Employer's Liability,evidenceOfInsuranceWorkersCompensationEmployersLiabilityDiseaseEachEmployee,Employer's Liability Disease - each employee,,matchOnce,must be greater or equal to,500000,1000000,compliant,Standard 6,,,false,1,,2026-08-16
QTS Data Centers,6a15b733bd30da3db41030e5,69f0f3c4beb6279e947be0e9,"Gray Construction, Inc.",69f10c28beb6279e947be4d1,"NAL2DC2 - QTS New Albany II DC2, LLC",evidenceOfInsurance,Evidence of Insurance,workersCompensation,Workers' Compensation and Employer's Liability,evidenceOfInsuranceWorkersCompensationEmployersLiabilityDiseasePolicyLimit,Employer's Liability Disease - policy limit,,matchOnce,must be greater or equal to,500000,1000000,compliant,Standard 6,,,false,1,,2026-08-16
QTS Data Centers,6a15b733bd30da3db41030e5,69f0f3c4beb6279e947be0e9,"Gray Construction, Inc.",69f10c28beb6279e947be4d1,"NAL2DC2 - QTS New Albany II DC2, LLC",evidenceOfInsurance,Evidence of Insurance,workersCompensation,Workers' Compensation and Employer's Liability,evidenceOfInsuranceWorkersCompensationEmployersLiabilityEachAccident,Employer's Liability Each Accident,,matchOnce,must be greater or equal to,500000,1000000,compliant,Standard 6,,,false,1,,2026-08-16
QTS Data Centers,6a15b733bd30da3db41030e5,69f0f3c4beb6279e947be0e9,"Gray Construction, Inc.",69f10c28beb6279e947be4d1,"NAL2DC2 - QTS New Albany II DC2, LLC",evidenceOfInsurance,Evidence of Insurance,workersCompensation,Workers' Compensation and Employer's Liability,evidenceOfInsuranceWorkersCompensationWaiverOfSubrogationEndorsement,Waiver of Subrogation,"---prompt---
Determine if the insurer has waived their right of subrogation in favor of the certificate holder under the Workers' Compensation policy. Evidence may include: a checked ""Waiver of Subrogation"" box on the certificate, mention in the Description of Operations section stating ""waiver of subrogation applies"", or reference to form WC 00 03 13. Look for language like ""subrogation is waived"" or ""per written contract"".",matchOnce,must be present,,,non_compliant,Standard 6,,,false,0,,2026-08-16
QTS Data Centers,6a15b733bd30da3db41030e5,69f0f3c4beb6279e947be0e9,"Gray Construction, Inc.",69f10c28beb6279e947be4d1,"NAL2DC2 - QTS New Albany II DC2, LLC",evidenceOfInsurance,Evidence of Insurance,professional,Professional Liability,evidenceOfInsuranceProfessionalLimitsEachClaim,Each Claim,,matchOnce,must be greater or equal to,2000000,,non_compliant,Standard 6,,,false,0,,2026-08-16
QTS Data Centers,6a15b733bd30da3db41030e5,69f0f3c4beb6279e947be0e9,"Gray Construction, Inc.",69f10c28beb6279e947be4d1,"NAL2DC2 - QTS New Albany II DC2, LLC",evidenceOfInsurance,Evidence of Insurance,professional,Professional Liability,d672162b-0115-567e-ac40-48cb8d46cdc0,"Professional Liability Coverage Deductible must be less than or equal to $100,000",,matchOnce,must be present,,,non_compliant,Standard 6,,,true,0,,2026-08-16
QTS Data Centers,6a15b733bd30da3db41030e5,69f0f3c4beb6279e947be0e9,"Gray Construction, Inc.",69f10c28beb6279e947be4d1,"NAL2DC2 - QTS New Albany II DC2, LLC",evidenceOfInsurance,Evidence of Insurance,6ac20aae-5728-5d57-b364-aeba38527dba,Additional Requirements,655cb50e-155d-5f8c-af5e-e7386263aa58,"Certificate Holder must read as: ""Quality Technology Services, LLC, 
Attention: Procurement Department
300 Satellite Blvd NW, Suwanee, GA 30024.""",,matchOnce,must be present,,,non_compliant,Standard 6,,,true,0,,2026-08-16
QTS Data Centers,6a15b733bd30da3db41030e5,69f0f3c4beb6279e947be0e9,"Gray Construction, Inc.",69f10c28beb6279e947be4d1,"NAL2DC2 - QTS New Albany II DC2, LLC",evidenceOfInsurance,Evidence of Insurance,6ac20aae-5728-5d57-b364-aeba38527dba,Additional Requirements,25da7a11-b805-5d7d-8deb-65519e743757,"Description of Operations must read: Quality Tech, LP, and its officers, directors, employees, parents, subsidiaries, affiliates, and related companies, successors, and permitted assigns",,matchOnce,must be present,,,non_compliant,Standard 6,,,true,0,,2026-08-16
QTS Data Centers,6a15b733bd30da3db41030e5,69f0f3c4beb6279e947be0e9,"Gray Construction, Inc.",69f10c28beb6279e947be4d1,"NAL2DC2 - QTS New Albany II DC2, LLC",evidenceOfInsurance,Evidence of Insurance,6ac20aae-5728-5d57-b364-aeba38527dba,Additional Requirements,03d7ddc3-a527-5f18-bdf6-355eb23cd9de,30-Day Notice of Cancellation must be present,,matchOnce,must be present,,Present,compliant,Standard 6,,,true,1,,2026-08-16
QTS Data Centers,6a15b733bd30da3db41030e5,69f0f3c4beb6279e947be0e9,"Gray Construction, Inc.",69f10c28beb6279e947be4d1,"NAL2DC2 - QTS New Albany II DC2, LLC",evidenceOfInsurance,Evidence of Insurance,6ac20aae-5728-5d57-b364-aeba38527dba,Additional Requirements,8d7b12d5-c6dc-5efe-8cbd-acd9adedde5b,"Description of Operations must read: NAL2-DC2 - Site, Core, Shell & Office, located at 675 Beech Road SW, New Albany, OH 43054",,matchOnce,must be present,,,non_compliant,Standard 6,,,true,0,,2026-08-16
QTS Data Centers,6a15b733bd30da3db41030e5,69f0f3c4beb6279e947be0e9,"Gray Construction, Inc.",69f10c28beb6279e947be4d1,"NAL2DC2 - QTS New Albany II DC2, LLC",evidenceOfInsurance,Evidence of Insurance,6ac20aae-5728-5d57-b364-aeba38527dba,Additional Requirements,24a2347c-ab39-5dea-a6af-ad750440dde1,"Description of Operations must read: Commercial General Liability shall not include the following endorsements/exclusions or equivalent:

1. CG 2149 or CG 2155 o CG 2198 (Absolute Pollution Exclusion)
2. CG 2294 or CG 2295 (Damage to Work Performed by Contractors Exclusion)
3. CG 2139 (Contractual Limitation Endorsement)
4. CG 2196 (Silica or Silica Dust Exclusion), unless otherwise covered under an applicable pollution policy.
5. CG 2142 (Explosion, Collapse or Underground Exclusion)",,matchOnce,must be present,,,non_compliant,Standard 6,,,true,0,,2026-08-16
QTS Data Centers,6a15b733bd30da3db41030e5,69f0f3c4beb6279e947be0e9,"Gray Construction, Inc.",69f10c28beb6279e947be4d1,"NAL2DC2 - QTS New Albany II DC2, LLC",evidenceOfInsurance,Evidence of Insurance,6ac20aae-5728-5d57-b364-aeba38527dba,Additional Requirements,71685e25-c6d0-5692-aaaf-30f59a2f9a83,"Description of Operations must read: Workers Compensation shall include ""all states"" coverage",,matchOnce,must be present,,,non_compliant,Standard 6,,,true,0,,2026-08-16
QTS Data Centers,6a15b733bd30da3db41030ca,69f0f3c5beb6279e947be107,"Structure Tone, LLC",69f10c28beb6279e947be4c9,"DFW1DC4 - QTS Irving DC4, LLC",evidenceOfInsurance,Evidence of Insurance,commercialGeneralLiability,Commercial General Liability,evidenceOfInsuranceCommercialGeneralLiabilityAMBestRating,AM Best Rating,,matchOnce,must be greater or equal to,140,150,compliant,Standard 10 - UMB 25M,,,false,1,,2026-08-16
QTS Data Centers,6a15b733bd30da3db41030ca,69f0f3c5beb6279e947be107,"Structure Tone, LLC",69f10c28beb6279e947be4c9,"DFW1DC4 - QTS Irving DC4, LLC",evidenceOfInsurance,Evidence of Insurance,commercialGeneralLiability,Commercial General Liability,evidenceOfInsuranceCommercialGeneralLiabilityAMBestFinancialStrength,AM Best Financial Strength,,matchOnce,must be greater or equal to,100,150,compliant,Standard 10 - UMB 25M,,,false,1,,2026-08-16
QTS Data Centers,6a15b733bd30da3db41030ca,69f0f3c5beb6279e947be107,"Structure Tone, LLC",69f10c28beb6279e947be4c9,"DFW1DC4 - QTS Irving DC4, LLC",evidenceOfInsurance,Evidence of Insurance,commercialGeneralLiability,Commercial General Liability,evidenceOfInsuranceCommercialGeneralLiabilityCoverageTriggerOccurrence,Coverage Trigger: Occurrence,,matchOnce,must be present,,Present,compliant,Standard 10 - UMB 25M,,,false,1,,2026-08-16
QTS Data Centers,6a15b733bd30da3db41030ca,69f0f3c5beb6279e947be107,"Structure Tone, LLC",69f10c28beb6279e947be4c9,"DFW1DC4 - QTS Irving DC4, LLC",evidenceOfInsurance,Evidence of Insurance,commercialGeneralLiability,Commercial General Liability,evidenceOfInsuranceCommercialGeneralLiabilityGeneralAggregateLimitAppliesPerProject,General Aggregate Limit Applies per: Project,,matchOnce,must be present,,Present,compliant,Standard 10 - UMB 25M,,,false,1,,2026-08-16
QTS Data Centers,6a15b733bd30da3db41030ca,69f0f3c5beb6279e947be107,"Structure Tone, LLC",69f10c28beb6279e947be4c9,"DFW1DC4 - QTS Irving DC4, LLC",evidenceOfInsurance,Evidence of Insurance,commercialGeneralLiability,Commercial General Liability,evidenceOfInsuranceCommercialGeneralLiabilityEachOccurrence,Each Occurrence,,matchOnce,must be greater or equal to,2000000,5000000,compliant,Standard 10 - UMB 25M,,,false,1,,2026-08-16
QTS Data Centers,6a15b733bd30da3db41030ca,69f0f3c5beb6279e947be107,"Structure Tone, LLC",69f10c28beb6279e947be4c9,"DFW1DC4 - QTS Irving DC4, LLC",evidenceOfInsurance,Evidence of Insurance,commercialGeneralLiability,Commercial General Liability,evidenceOfInsuranceCommercialGeneralLiabilityGeneralAggregate,General Aggregate,,matchOnce,must be greater or equal to,5000000,10000000,compliant,Standard 10 - UMB 25M,,,false,1,,2026-08-16
QTS Data Centers,6a15b733bd30da3db41030ca,69f0f3c5beb6279e947be107,"Structure Tone, LLC",69f10c28beb6279e947be4c9,"DFW1DC4 - QTS Irving DC4, LLC",evidenceOfInsurance,Evidence of Insurance,commercialGeneralLiability,Commercial General Liability,evidenceOfInsuranceCommercialGeneralLiabilityProducsCompletedOperationsAggregate,Products/Completed Operations Aggregate,,matchOnce,must be greater or equal to,5000000,10000000,compliant,Standard 10 - UMB 25M,,,false,1,,2026-08-16
QTS Data Centers,6a15b733bd30da3db41030ca,69f0f3c5beb6279e947be107,"Structure Tone, LLC",69f10c28beb6279e947be4c9,"DFW1DC4 - QTS Irving DC4, LLC",evidenceOfInsurance,Evidence of Insurance,commercialGeneralLiability,Commercial General Liability,evidenceOfInsuranceCommercialGeneralLiabilityAdditionalInsuredEndorsementOngoingOps,Additional Insured - Ongoing Operations,"---prompt---
Verify that additional insured coverage specifically includes ongoing operations. Look in the Description of Operations section for language like ""additional insured for ongoing operations"", ""CG 20 10"", ""CG 20 37"", or ""operations performed by or on behalf of the named insured"". The coverage should explicitly reference ongoing work, not just completed operations.",matchOnce,must be present,,Present,compliant,Standard 10 - UMB 25M,,,false,1,,2026-08-16
QTS Data Centers,6a15b733bd30da3db41030ca,69f0f3c5beb6279e947be107,"Structure Tone, LLC",69f10c28beb6279e947be4c9,"DFW1DC4 - QTS Irving DC4, LLC",evidenceOfInsurance,Evidence of Insurance,commercialGeneralLiability,Commercial General Liability,evidenceOfInsuranceCommercialGeneralLiabilityAdditionalInsuredEndorsementCompletedOps,Additional Insured - Completed Operations,"---prompt---
Verify that additional insured coverage specifically includes completed operations. Look in the Description of Operations section for language like ""additional insured for completed operations"", ""CG 20 37"", ""products-completed operations"", or similar. This coverage protects the certificate holder for claims arising after work is finished.",matchOnce,must be present,,Present,compliant,Standard 10 - UMB 25M,,,false,1,,2026-08-16
QTS Data Centers,6a15b733bd30da3db41030ca,69f0f3c5beb6279e947be107,"Structure Tone, LLC",69f10c28beb6279e947be4c9,"DFW1DC4 - QTS Irving DC4, LLC",evidenceOfInsurance,Evidence of Insurance,commercialGeneralLiability,Commercial General Liability,evidenceOfInsuranceCommercialGeneralLiabilityWaiverOfSubrogationEndorsement,Waiver of Subrogation,"---prompt---
Determine if the insurer has waived their right of subrogation in favor of the certificate holder under the Commercial General Liability policy. Evidence may include: a checked ""Waiver of Subrogation"" box on the certificate, mention in the Description of Operations section stating ""waiver of subrogation applies"", or reference to form CG 24 04. Look for language like ""subrogation is waived"" or ""per written contract"".",matchOnce,must be present,,Present,compliant,Standard 10 - UMB 25M,,,false,1,,2026-08-16
QTS Data Centers,6a15b733bd30da3db41030ca,69f0f3c5beb6279e947be107,"Structure Tone, LLC",69f10c28beb6279e947be4c9,"DFW1DC4 - QTS Irving DC4, LLC",evidenceOfInsurance,Evidence of Insurance,commercialGeneralLiability,Commercial General Liability,evidenceOfInsuranceCommercialGeneralLiabilityPrimaryAndNonContributoryEndorsement,Primary and Non-Contributory,"---prompt---
Determine if the Commercial General Liability policy provides primary and non-contributory coverage for the certificate holder. Evidence may include: a checked ""Primary"" box on the certificate, mention in the Description of Operations section stating ""primary and non-contributory"", or reference to endorsement CG 20 01. Look for language indicating this policy will pay first before other applicable insurance and will not seek contribution.",matchOnce,must be present,,Present,compliant,Standard 10 - UMB 25M,,,false,1,,2026-08-16
QTS Data Centers,6a15b733bd30da3db41030ca,69f0f3c5beb6279e947be107,"Structure Tone, LLC",69f10c28beb6279e947be4c9,"DFW1DC4 - QTS Irving DC4, LLC",evidenceOfInsurance,Evidence of Insurance,commercialGeneralLiability,Commercial General Liability,9c28ed56-e307-5cf9-88e9-0ada1f283104,Physical 30 Days Notice of Cancellation - 10 Days Notice for Non Payment Endorsement must be present,,matchOnce,must be present,,Present,compliant,Standard 10 - UMB 25M,,,true,1,,2026-08-16
QTS Data Centers,6a15b733bd30da3db41030ca,69f0f3c5beb6279e947be107,"Structure Tone, LLC",69f10c28beb6279e947be4c9,"DFW1DC4 - QTS Irving DC4, LLC",evidenceOfInsurance,Evidence of Insurance,automobileLiability,Automobile Liability,evidenceOfInsuranceAutomobileLiabilityCombinedSingleLimitEachAccident,Combined Single Limit (each accident),,matchOnce,must be greater or equal to,1000000,2000000,compliant,Standard 10 - UMB 25M,,,false,1,,2026-08-16
QTS Data Centers,6a15b733bd30da3db41030ca,69f0f3c5beb6279e947be107,"Structure Tone, LLC",69f10c28beb6279e947be4c9,"DFW1DC4 - QTS Irving DC4, LLC",evidenceOfInsurance,Evidence of Insurance,automobileLiability,Automobile Liability,evidenceOfInsuranceAutomobileLiabilityCoverageAppliesToOwnedAutosOnly,Coverage Applies To: Owned Autos Only,,matchOnce,must be present,,Present,compliant,Standard 10 - UMB 25M,,,false,1,,2026-08-16
QTS Data Centers,6a15b733bd30da3db41030ca,69f0f3c5beb6279e947be107,"Structure Tone, LLC",69f10c28beb6279e947be4c9,"DFW1DC4 - QTS Irving DC4, LLC",evidenceOfInsurance,Evidence of Insurance,automobileLiability,Automobile Liability,evidenceOfInsuranceAutomobileLiabilityCoverageAppliesToNonOwnedAutosOnly,Coverage Applies To: Non-Owned Autos Only,,matchOnce,must be present,,Present,compliant,Standard 10 - UMB 25M,,,false,1,,2026-08-16
QTS Data Centers,6a15b733bd30da3db41030ca,69f0f3c5beb6279e947be107,"Structure Tone, LLC",69f10c28beb6279e947be4c9,"DFW1DC4 - QTS Irving DC4, LLC",evidenceOfInsurance,Evidence of Insurance,automobileLiability,Automobile Liability,evidenceOfInsuranceAutomobileLiabilityCoverageAppliesToHiredAutosOnly,Coverage Applies To: Hired Autos Only,,matchOnce,must be present,,Present,compliant,Standard 10 - UMB 25M,,,false,1,,2026-08-16
QTS Data Centers,6a15b733bd30da3db41030ca,69f0f3c5beb6279e947be107,"Structure Tone, LLC",69f10c28beb6279e947be4c9,"DFW1DC4 - QTS Irving DC4, LLC",evidenceOfInsurance,Evidence of Insurance,automobileLiability,Automobile Liability,evidenceOfInsuranceAutomobileLiabilityAdditionalInsuredEndorsement,Additional Insured,"---prompt---
Determine if the certificate holder is covered as an additional insured under the Automobile Liability policy. Evidence may include: a checked ""Additional Insured"" box on the certificate for the auto section, mention in the Description of Operations section, or reference to blanket additional insured coverage. Look for form number CA 20 48 or language like ""certificate holder is additional insured"" or ""per written contract"".",matchOnce,must be present,,Present,compliant,Standard 10 - UMB 25M,,,false,1,,2026-08-16
QTS Data Centers,6a15b733bd30da3db41030ca,69f0f3c5beb6279e947be107,"Structure Tone, LLC",69f10c28beb6279e947be4c9,"DFW1DC4 - QTS Irving DC4, LLC",evidenceOfInsurance,Evidence of Insurance,automobileLiability,Automobile Liability,evidenceOfInsuranceAutomobileLiabilityWaiverOfSubrogationEndorsement,Waiver of Subrogation,"---prompt---
Determine if the insurer has waived their right of subrogation in favor of the certificate holder under the Automobile Liability policy. Evidence may include: a checked ""Waiver of Subrogation"" box on the certificate, mention in the Description of Operations section stating ""waiver of subrogation applies"", or reference to form CA 04 44. Look for language like ""subrogation is waived"" or ""per written contract"".",matchOnce,must be present,,Present,compliant,Standard 10 - UMB 25M,,,false,1,,2026-08-16
QTS Data Centers,6a15b733bd30da3db41030ca,69f0f3c5beb6279e947be107,"Structure Tone, LLC",69f10c28beb6279e947be4c9,"DFW1DC4 - QTS Irving DC4, LLC",evidenceOfInsurance,Evidence of Insurance,automobileLiability,Automobile Liability,evidenceOfInsuranceAutomobileLiabilityPrimaryAndNonContributoryEndorsement,Primary and Non-Contributory,"---prompt---
Determine if the Automobile Liability policy provides primary and non-contributory coverage for the certificate holder. Evidence may include: a checked ""Primary"" box on the certificate, mention in the Description of Operations section stating ""primary and non-contributory"". Look for language indicating this policy will pay first before other applicable insurance and will not seek contribution.",matchOnce,must be present,,Present,compliant,Standard 10 - UMB 25M,,,false,1,,2026-08-16
QTS Data Centers,6a15b733bd30da3db41030ca,69f0f3c5beb6279e947be107,"Structure Tone, LLC",69f10c28beb6279e947be4c9,"DFW1DC4 - QTS Irving DC4, LLC",evidenceOfInsurance,Evidence of Insurance,automobileLiability,Automobile Liability,0e6f6daa-effc-5c25-af03-4f7e657ae801,Physical MCS-90 Endorsement must be present,,matchOnce,must be present,,,waived,Standard 10 - UMB 25M,Per client (Mary Sparling) - exception granted for MCS-90 endorsement as Structure Tone does not haul. Exception applies to all projects. 2026-08-14 (LM),,true,0,,2026-08-16
QTS Data Centers,6a15b733bd30da3db41030ca,69f0f3c5beb6279e947be107,"Structure Tone, LLC",69f10c28beb6279e947be4c9,"DFW1DC4 - QTS Irving DC4, LLC",evidenceOfInsurance,Evidence of Insurance,excessOrUmbrellaLiability,Umbrella/Excess Liability,evidenceOfInsuranceExcessOrUmbrellaLiabilityOccurence,Coverage Trigger: Occurrence,,matchOnce,must be present,,Present,compliant,Standard 10 - UMB 25M,,,false,1,,2026-08-16
QTS Data Centers,6a15b733bd30da3db41030ca,69f0f3c5beb6279e947be107,"Structure Tone, LLC",69f10c28beb6279e947be4c9,"DFW1DC4 - QTS Irving DC4, LLC",evidenceOfInsurance,Evidence of Insurance,excessOrUmbrellaLiability,Umbrella/Excess Liability,evidenceOfInsuranceExcessOrUmbrellaLiabilityEachOccurrence,Each Occurrence,,matchOnce,must be greater or equal to,25000000,25000000,compliant,Standard 10 - UMB 25M,,,false,1,,2026-08-16
QTS Data Centers,6a15b733bd30da3db41030ca,69f0f3c5beb6279e947be107,"Structure Tone, LLC",69f10c28beb6279e947be4c9,"DFW1DC4 - QTS Irving DC4, LLC",evidenceOfInsurance,Evidence of Insurance,excessOrUmbrellaLiability,Umbrella/Excess Liability,evidenceOfInsuranceExcessOrUmbrellaLiabilityAdditionalInsuredEndorsement,Additional Insured,"---prompt---
Determine if the certificate holder is covered as an additional insured under the Umbrella/Excess Liability policy. Evidence may include: a checked ""Additional Insured"" box on the certificate for the umbrella section, mention in the Description of Operations section, reference to ""follow form"" status (which would extend underlying additional insured status), or explicit language naming the certificate holder as additional insured on the umbrella.",matchOnce,must be present,,Present,compliant,Standard 10 - UMB 25M,,,false,1,,2026-08-16
QTS Data Centers,6a15b733bd30da3db41030ca,69f0f3c5beb6279e947be107,"Structure Tone, LLC",69f10c28beb6279e947be4c9,"DFW1DC4 - QTS Irving DC4, LLC",evidenceOfInsurance,Evidence of Insurance,excessOrUmbrellaLiability,Umbrella/Excess Liability,evidenceOfInsuranceExcessOrUmbrellaLiabilityWaiverOfSubrogationEndorsement,Waiver of Subrogation,"---prompt---
Determine if the insurer has waived their right of subrogation in favor of the certificate holder under the Umbrella/Excess Liability policy. Evidence may include: a checked ""Waiver of Subrogation"" box on the certificate, mention in the Description of Operations section stating ""waiver of subrogation applies"", or reference to ""follow form"" status (which would extend underlying waiver). Look for language like ""subrogation is waived"" or ""per written contract"".",matchOnce,must be present,,Present,compliant,Standard 10 - UMB 25M,,,false,1,,2026-08-16
QTS Data Centers,6a15b733bd30da3db41030ca,69f0f3c5beb6279e947be107,"Structure Tone, LLC",69f10c28beb6279e947be4c9,"DFW1DC4 - QTS Irving DC4, LLC",evidenceOfInsurance,Evidence of Insurance,excessOrUmbrellaLiability,Umbrella/Excess Liability,evidenceOfInsuranceExcessOrUmbrellaLiabilityPrimaryAndNonContributoryEndorsement,Primary and Non-Contributory,"---prompt---
Determine if the Umbrella/Excess Liability policy provides primary and non-contributory coverage for the certificate holder. Evidence may include: a checked ""Primary"" box on the certificate, mention in the Description of Operations section stating ""primary and non-contributory"", or reference to ""follow form"" status (which would extend underlying primary status). Look for language indicating this policy will pay first before other applicable insurance and will not seek contribution.",matchOnce,must be present,,Present,compliant,Standard 10 - UMB 25M,,,false,1,,2026-08-16
QTS Data Centers,6a15b733bd30da3db41030ca,69f0f3c5beb6279e947be107,"Structure Tone, LLC",69f10c28beb6279e947be4c9,"DFW1DC4 - QTS Irving DC4, LLC",evidenceOfInsurance,Evidence of Insurance,workersCompensation,Workers' Compensation and Employer's Liability,evidenceOfInsuranceWorkersCompensationStatutoryLimits,Statutory Limits,,matchOnce,must be present,,Present,compliant,Standard 10 - UMB 25M,,,false,1,,2026-08-16
QTS Data Centers,6a15b733bd30da3db41030ca,69f0f3c5beb6279e947be107,"Structure Tone, LLC",69f10c28beb6279e947be4c9,"DFW1DC4 - QTS Irving DC4, LLC",evidenceOfInsurance,Evidence of Insurance,workersCompensation,Workers' Compensation and Employer's Liability,evidenceOfInsuranceWorkersCompensationEmployersLiabilityDiseaseEachEmployee,Employer's Liability Disease - each employee,,matchOnce,must be greater or equal to,500000,2000000,compliant,Standard 10 - UMB 25M,,,false,1,,2026-08-16
QTS Data Centers,6a15b733bd30da3db41030ca,69f0f3c5beb6279e947be107,"Structure Tone, LLC",69f10c28beb6279e947be4c9,"DFW1DC4 - QTS Irving DC4, LLC",evidenceOfInsurance,Evidence of Insurance,workersCompensation,Workers' Compensation and Employer's Liability,evidenceOfInsuranceWorkersCompensationEmployersLiabilityDiseasePolicyLimit,Employer's Liability Disease - policy limit,,matchOnce,must be greater or equal to,500000,2000000,compliant,Standard 10 - UMB 25M,,,false,1,,2026-08-16
QTS Data Centers,6a15b733bd30da3db41030ca,69f0f3c5beb6279e947be107,"Structure Tone, LLC",69f10c28beb6279e947be4c9,"DFW1DC4 - QTS Irving DC4, LLC",evidenceOfInsurance,Evidence of Insurance,workersCompensation,Workers' Compensation and Employer's Liability,evidenceOfInsuranceWorkersCompensationEmployersLiabilityEachAccident,Employer's Liability Each Accident,,matchOnce,must be greater or equal to,500000,2000000,compliant,Standard 10 - UMB 25M,,,false,1,,2026-08-16
QTS Data Centers,6a15b733bd30da3db41030ca,69f0f3c5beb6279e947be107,"Structure Tone, LLC",69f10c28beb6279e947be4c9,"DFW1DC4 - QTS Irving DC4, LLC",evidenceOfInsurance,Evidence of Insurance,workersCompensation,Workers' Compensation and Employer's Liability,evidenceOfInsuranceWorkersCompensationWaiverOfSubrogationEndorsement,Waiver of Subrogation,"---prompt---
Determine if the insurer has waived their right of subrogation in favor of the certificate holder under the Workers' Compensation policy. Evidence may include: a checked ""Waiver of Subrogation"" box on the certificate, mention in the Description of Operations section stating ""waiver of subrogation applies"", or reference to form WC 00 03 13. Look for language like ""subrogation is waived"" or ""per written contract"".",matchOnce,must be present,,Present,compliant,Standard 10 - UMB 25M,,,false,1,,2026-08-16
QTS Data Centers,6a15b733bd30da3db41030ca,69f0f3c5beb6279e947be107,"Structure Tone, LLC",69f10c28beb6279e947be4c9,"DFW1DC4 - QTS Irving DC4, LLC",evidenceOfInsurance,Evidence of Insurance,professional,Professional Liability,evidenceOfInsuranceProfessionalLimitsEachClaim,Each Claim,,matchOnce,must be greater or equal to,2000000,,non_compliant,Standard 10 - UMB 25M,,,false,0,,2026-08-16
QTS Data Centers,6a15b733bd30da3db41030ca,69f0f3c5beb6279e947be107,"Structure Tone, LLC",69f10c28beb6279e947be4c9,"DFW1DC4 - QTS Irving DC4, LLC",evidenceOfInsurance,Evidence of Insurance,professional,Professional Liability,d672162b-0115-567e-ac40-48cb8d46cdc0,"Professional Liability Coverage Deductible must be less than or equal to $100,000",,matchOnce,must be present,,,waived,Standard 10 - UMB 25M,Per client (Mary Sparling) - exception granted for Professional Liab $100k deductible max. $1M deductible is acceptable per $10M Professional Liability limit. 2026-08-14 (LM),,true,0,,2026-08-16
QTS Data Centers,6a15b733bd30da3db41030ca,69f0f3c5beb6279e947be107,"Structure Tone, LLC",69f10c28beb6279e947be4c9,"DFW1DC4 - QTS Irving DC4, LLC",evidenceOfInsurance,Evidence of Insurance,6ac20aae-5728-5d57-b364-aeba38527dba,Additional Requirements,655cb50e-155d-5f8c-af5e-e7386263aa58,"Certificate Holder must read as: ""Quality Technology Services, LLC, 
Attention: Procurement Department
300 Satellite Blvd NW, Suwanee, GA 30024.""",,matchOnce,must be present,,,non_compliant,Standard 10 - UMB 25M,,,true,0,,2026-08-16
QTS Data Centers,6a15b733bd30da3db41030ca,69f0f3c5beb6279e947be107,"Structure Tone, LLC",69f10c28beb6279e947be4c9,"DFW1DC4 - QTS Irving DC4, LLC",evidenceOfInsurance,Evidence of Insurance,6ac20aae-5728-5d57-b364-aeba38527dba,Additional Requirements,25da7a11-b805-5d7d-8deb-65519e743757,"Description of Operations must read: Quality Tech, LP, and its officers, directors, employees, parents, subsidiaries, affiliates, and related companies, successors, and permitted assigns",,matchOnce,must be present,,,non_compliant,Standard 10 - UMB 25M,,,true,0,,2026-08-16
QTS Data Centers,6a15b733bd30da3db41030ca,69f0f3c5beb6279e947be107,"Structure Tone, LLC",69f10c28beb6279e947be4c9,"DFW1DC4 - QTS Irving DC4, LLC",evidenceOfInsurance,Evidence of Insurance,6ac20aae-5728-5d57-b364-aeba38527dba,Additional Requirements,03d7ddc3-a527-5f18-bdf6-355eb23cd9de,30-Day Notice of Cancellation must be present,,matchOnce,must be present,,Present,compliant,Standard 10 - UMB 25M,,,true,1,,2026-08-16
QTS Data Centers,6a15b733bd30da3db41030ca,69f0f3c5beb6279e947be107,"Structure Tone, LLC",69f10c28beb6279e947be4c9,"DFW1DC4 - QTS Irving DC4, LLC",evidenceOfInsurance,Evidence of Insurance,6ac20aae-5728-5d57-b364-aeba38527dba,Additional Requirements,8d7b12d5-c6dc-5efe-8cbd-acd9adedde5b,"Description of Operations must read: DFW1-DC4 Core, Shell & Office, located at 6311 Long Horn Drive, Irving, TX 75063",,matchOnce,must be present,,,non_compliant,Standard 10 - UMB 25M,,,true,0,,2026-08-16
QTS Data Centers,6a15b733bd30da3db41030ca,69f0f3c5beb6279e947be107,"Structure Tone, LLC",69f10c28beb6279e947be4c9,"DFW1DC4 - QTS Irving DC4, LLC",evidenceOfInsurance,Evidence of Insurance,6ac20aae-5728-5d57-b364-aeba38527dba,Additional Requirements,24a2347c-ab39-5dea-a6af-ad750440dde1,"Description of Operations must read: Commercial General Liability shall not include the following endorsements/exclusions or equivalent:

1. CG 2149 or CG 2155 o CG 2198 (Absolute Pollution Exclusion)
2. CG 2294 or CG 2295 (Damage to Work Performed by Contractors Exclusion)
3. CG 2139 (Contractual Limitation Endorsement)
4. CG 2196 (Silica or Silica Dust Exclusion), unless otherwise covered under an applicable pollution policy.
5. CG 2142 (Explosion, Collapse or Underground Exclusion)",,matchOnce,must be present,,,non_compliant,Standard 10 - UMB 25M,,,true,0,,2026-08-16
QTS Data Centers,6a15b733bd30da3db41030ca,69f0f3c5beb6279e947be107,"Structure Tone, LLC",69f10c28beb6279e947be4c9,"DFW1DC4 - QTS Irving DC4, LLC",evidenceOfInsurance,Evidence of Insurance,6ac20aae-5728-5d57-b364-aeba38527dba,Additional Requirements,71685e25-c6d0-5692-aaaf-30f59a2f9a83,"Description of Operations must read: Workers Compensation shall include ""all states"" coverage",,matchOnce,must be present,,,non_compliant,Standard 10 - UMB 25M,,,true,0,,2026-08-16
QTS Data Centers,6a15b733bd30da3db41030cb,69f0f3c5beb6279e947be111,Whitting-Turner Contracting Company,69f10c28beb6279e947be4ce,"MAN1DC6 - QTS Manassas I DC6, LLC",evidenceOfInsurance,Evidence of Insurance,commercialGeneralLiability,Commercial General Liability,evidenceOfInsuranceCommercialGeneralLiabilityAMBestRating,AM Best Rating,,matchOnce,must be greater or equal to,140,,non_compliant,Standard 10 - UMB 25M,,,false,0,,2026-08-16
QTS Data Centers,6a15b733bd30da3db41030cb,69f0f3c5beb6279e947be111,Whitting-Turner Contracting Company,69f10c28beb6279e947be4ce,"MAN1DC6 - QTS Manassas I DC6, LLC",evidenceOfInsurance,Evidence of Insurance,commercialGeneralLiability,Commercial General Liability,evidenceOfInsuranceCommercialGeneralLiabilityAMBestFinancialStrength,AM Best Financial Strength,,matchOnce,must be greater or equal to,100,,non_compliant,Standard 10 - UMB 25M,,,false,0,,2026-08-16
QTS Data Centers,6a15b733bd30da3db41030cb,69f0f3c5beb6279e947be111,Whitting-Turner Contracting Company,69f10c28beb6279e947be4ce,"MAN1DC6 - QTS Manassas I DC6, LLC",evidenceOfInsurance,Evidence of Insurance,commercialGeneralLiability,Commercial General Liability,evidenceOfInsuranceCommercialGeneralLiabilityCoverageTriggerOccurrence,Coverage Trigger: Occurrence,,matchOnce,must be present,,,non_compliant,Standard 10 - UMB 25M,,,false,0,,2026-08-16
QTS Data Centers,6a15b733bd30da3db41030cb,69f0f3c5beb6279e947be111,Whitting-Turner Contracting Company,69f10c28beb6279e947be4ce,"MAN1DC6 - QTS Manassas I DC6, LLC",evidenceOfInsurance,Evidence of Insurance,commercialGeneralLiability,Commercial General Liability,evidenceOfInsuranceCommercialGeneralLiabilityGeneralAggregateLimitAppliesPerProject,General Aggregate Limit Applies per: Project,,matchOnce,must be present,,,non_compliant,Standard 10 - UMB 25M,,,false,0,,2026-08-16
QTS Data Centers,6a15b733bd30da3db41030cb,69f0f3c5beb6279e947be111,Whitting-Turner Contracting Company,69f10c28beb6279e947be4ce,"MAN1DC6 - QTS Manassas I DC6, LLC",evidenceOfInsurance,Evidence of Insurance,commercialGeneralLiability,Commercial General Liability,evidenceOfInsuranceCommercialGeneralLiabilityEachOccurrence,Each Occurrence,,matchOnce,must be greater or equal to,2000000,,non_compliant,Standard 10 - UMB 25M,,,false,0,,2026-08-16
QTS Data Centers,6a15b733bd30da3db41030cb,69f0f3c5beb6279e947be111,Whitting-Turner Contracting Company,69f10c28beb6279e947be4ce,"MAN1DC6 - QTS Manassas I DC6, LLC",evidenceOfInsurance,Evidence of Insurance,commercialGeneralLiability,Commercial General Liability,evidenceOfInsuranceCommercialGeneralLiabilityGeneralAggregate,General Aggregate,,matchOnce,must be greater or equal to,5000000,,non_compliant,Standard 10 - UMB 25M,,,false,0,,2026-08-16
QTS Data Centers,6a15b733bd30da3db41030cb,69f0f3c5beb6279e947be111,Whitting-Turner Contracting Company,69f10c28beb6279e947be4ce,"MAN1DC6 - QTS Manassas I DC6, LLC",evidenceOfInsurance,Evidence of Insurance,commercialGeneralLiability,Commercial General Liability,evidenceOfInsuranceCommercialGeneralLiabilityProducsCompletedOperationsAggregate,Products/Completed Operations Aggregate,,matchOnce,must be greater or equal to,5000000,,non_compliant,Standard 10 - UMB 25M,,,false,0,,2026-08-16
QTS Data Centers,6a15b733bd30da3db41030cb,69f0f3c5beb6279e947be111,Whitting-Turner Contracting Company,69f10c28beb6279e947be4ce,"MAN1DC6 - QTS Manassas I DC6, LLC",evidenceOfInsurance,Evidence of Insurance,commercialGeneralLiability,Commercial General Liability,evidenceOfInsuranceCommercialGeneralLiabilityAdditionalInsuredEndorsementOngoingOps,Additional Insured - Ongoing Operations,"---prompt---
Verify that additional insured coverage specifically includes ongoing operations. Look in the Description of Operations section for language like ""additional insured for ongoing operations"", ""CG 20 10"", ""CG 20 37"", or ""operations performed by or on behalf of the named insured"". The coverage should explicitly reference ongoing work, not just completed operations.",matchOnce,must be present,,,non_compliant,Standard 10 - UMB 25M,,,false,0,,2026-08-16
QTS Data Centers,6a15b733bd30da3db41030cb,69f0f3c5beb6279e947be111,Whitting-Turner Contracting Company,69f10c28beb6279e947be4ce,"MAN1DC6 - QTS Manassas I DC6, LLC",evidenceOfInsurance,Evidence of Insurance,commercialGeneralLiability,Commercial General Liability,evidenceOfInsuranceCommercialGeneralLiabilityAdditionalInsuredEndorsementCompletedOps,Additional Insured - Completed Operations,"---prompt---
Verify that additional insured coverage specifically includes completed operations. Look in the Description of Operations section for language like ""additional insured for completed operations"", ""CG 20 37"", ""products-completed operations"", or similar. This coverage protects the certificate holder for claims arising after work is finished.",matchOnce,must be present,,,non_compliant,Standard 10 - UMB 25M,,,false,0,,2026-08-16
QTS Data Centers,6a15b733bd30da3db41030cb,69f0f3c5beb6279e947be111,Whitting-Turner Contracting Company,69f10c28beb6279e947be4ce,"MAN1DC6 - QTS Manassas I DC6, LLC",evidenceOfInsurance,Evidence of Insurance,commercialGeneralLiability,Commercial General Liability,evidenceOfInsuranceCommercialGeneralLiabilityWaiverOfSubrogationEndorsement,Waiver of Subrogation,"---prompt---
Determine if the insurer has waived their right of subrogation in favor of the certificate holder under the Commercial General Liability policy. Evidence may include: a checked ""Waiver of Subrogation"" box on the certificate, mention in the Description of Operations section stating ""waiver of subrogation applies"", or reference to form CG 24 04. Look for language like ""subrogation is waived"" or ""per written contract"".",matchOnce,must be present,,,non_compliant,Standard 10 - UMB 25M,,,false,0,,2026-08-16
QTS Data Centers,6a15b733bd30da3db41030cb,69f0f3c5beb6279e947be111,Whitting-Turner Contracting Company,69f10c28beb6279e947be4ce,"MAN1DC6 - QTS Manassas I DC6, LLC",evidenceOfInsurance,Evidence of Insurance,commercialGeneralLiability,Commercial General Liability,evidenceOfInsuranceCommercialGeneralLiabilityPrimaryAndNonContributoryEndorsement,Primary and Non-Contributory,"---prompt---
Determine if the Commercial General Liability policy provides primary and non-contributory coverage for the certificate holder. Evidence may include: a checked ""Primary"" box on the certificate, mention in the Description of Operations section stating ""primary and non-contributory"", or reference to endorsement CG 20 01. Look for language indicating this policy will pay first before other applicable insurance and will not seek contribution.",matchOnce,must be present,,,non_compliant,Standard 10 - UMB 25M,,,false,0,,2026-08-16
QTS Data Centers,6a15b733bd30da3db41030cb,69f0f3c5beb6279e947be111,Whitting-Turner Contracting Company,69f10c28beb6279e947be4ce,"MAN1DC6 - QTS Manassas I DC6, LLC",evidenceOfInsurance,Evidence of Insurance,commercialGeneralLiability,Commercial General Liability,9c28ed56-e307-5cf9-88e9-0ada1f283104,Physical 30 Days Notice of Cancellation - 10 Days Notice for Non Payment Endorsement must be present,,matchOnce,must be present,,,non_compliant,Standard 10 - UMB 25M,,,true,0,,2026-08-16
QTS Data Centers,6a15b733bd30da3db41030cb,69f0f3c5beb6279e947be111,Whitting-Turner Contracting Company,69f10c28beb6279e947be4ce,"MAN1DC6 - QTS Manassas I DC6, LLC",evidenceOfInsurance,Evidence of Insurance,automobileLiability,Automobile Liability,evidenceOfInsuranceAutomobileLiabilityCombinedSingleLimitEachAccident,Combined Single Limit (each accident),,matchOnce,must be greater or equal to,1000000,,non_compliant,Standard 10 - UMB 25M,,,false,0,,2026-08-16
QTS Data Centers,6a15b733bd30da3db41030cb,69f0f3c5beb6279e947be111,Whitting-Turner Contracting Company,69f10c28beb6279e947be4ce,"MAN1DC6 - QTS Manassas I DC6, LLC",evidenceOfInsurance,Evidence of Insurance,automobileLiability,Automobile Liability,evidenceOfInsuranceAutomobileLiabilityCoverageAppliesToOwnedAutosOnly,Coverage Applies To: Owned Autos Only,,matchOnce,must be present,,,non_compliant,Standard 10 - UMB 25M,,,false,0,,2026-08-16
QTS Data Centers,6a15b733bd30da3db41030cb,69f0f3c5beb6279e947be111,Whitting-Turner Contracting Company,69f10c28beb6279e947be4ce,"MAN1DC6 - QTS Manassas I DC6, LLC",evidenceOfInsurance,Evidence of Insurance,automobileLiability,Automobile Liability,evidenceOfInsuranceAutomobileLiabilityCoverageAppliesToNonOwnedAutosOnly,Coverage Applies To: Non-Owned Autos Only,,matchOnce,must be present,,,non_compliant,Standard 10 - UMB 25M,,,false,0,,2026-08-16
QTS Data Centers,6a15b733bd30da3db41030cb,69f0f3c5beb6279e947be111,Whitting-Turner Contracting Company,69f10c28beb6279e947be4ce,"MAN1DC6 - QTS Manassas I DC6, LLC",evidenceOfInsurance,Evidence of Insurance,automobileLiability,Automobile Liability,evidenceOfInsuranceAutomobileLiabilityCoverageAppliesToHiredAutosOnly,Coverage Applies To: Hired Autos Only,,matchOnce,must be present,,,non_compliant,Standard 10 - UMB 25M,,,false,0,,2026-08-16
QTS Data Centers,6a15b733bd30da3db41030cb,69f0f3c5beb6279e947be111,Whitting-Turner Contracting Company,69f10c28beb6279e947be4ce,"MAN1DC6 - QTS Manassas I DC6, LLC",evidenceOfInsurance,Evidence of Insurance,automobileLiability,Automobile Liability,evidenceOfInsuranceAutomobileLiabilityAdditionalInsuredEndorsement,Additional Insured,"---prompt---
Determine if the certificate holder is covered as an additional insured under the Automobile Liability policy. Evidence may include: a checked ""Additional Insured"" box on the certificate for the auto section, mention in the Description of Operations section, or reference to blanket additional insured coverage. Look for form number CA 20 48 or language like ""certificate holder is additional insured"" or ""per written contract"".",matchOnce,must be present,,,non_compliant,Standard 10 - UMB 25M,,,false,0,,2026-08-16
QTS Data Centers,6a15b733bd30da3db41030cb,69f0f3c5beb6279e947be111,Whitting-Turner Contracting Company,69f10c28beb6279e947be4ce,"MAN1DC6 - QTS Manassas I DC6, LLC",evidenceOfInsurance,Evidence of Insurance,automobileLiability,Automobile Liability,evidenceOfInsuranceAutomobileLiabilityWaiverOfSubrogationEndorsement,Waiver of Subrogation,"---prompt---
Determine if the insurer has waived their right of subrogation in favor of the certificate holder under the Automobile Liability policy. Evidence may include: a checked ""Waiver of Subrogation"" box on the certificate, mention in the Description of Operations section stating ""waiver of subrogation applies"", or reference to form CA 04 44. Look for language like ""subrogation is waived"" or ""per written contract"".",matchOnce,must be present,,,non_compliant,Standard 10 - UMB 25M,,,false,0,,2026-08-16
QTS Data Centers,6a15b733bd30da3db41030cb,69f0f3c5beb6279e947be111,Whitting-Turner Contracting Company,69f10c28beb6279e947be4ce,"MAN1DC6 - QTS Manassas I DC6, LLC",evidenceOfInsurance,Evidence of Insurance,automobileLiability,Automobile Liability,evidenceOfInsuranceAutomobileLiabilityPrimaryAndNonContributoryEndorsement,Primary and Non-Contributory,"---prompt---
Determine if the Automobile Liability policy provides primary and non-contributory coverage for the certificate holder. Evidence may include: a checked ""Primary"" box on the certificate, mention in the Description of Operations section stating ""primary and non-contributory"". Look for language indicating this policy will pay first before other applicable insurance and will not seek contribution.",matchOnce,must be present,,,non_compliant,Standard 10 - UMB 25M,,,false,0,,2026-08-16
QTS Data Centers,6a15b733bd30da3db41030cb,69f0f3c5beb6279e947be111,Whitting-Turner Contracting Company,69f10c28beb6279e947be4ce,"MAN1DC6 - QTS Manassas I DC6, LLC",evidenceOfInsurance,Evidence of Insurance,automobileLiability,Automobile Liability,0e6f6daa-effc-5c25-af03-4f7e657ae801,Physical MCS-90 Endorsement must be present,,matchOnce,must be present,,,non_compliant,Standard 10 - UMB 25M,,,true,0,,2026-08-16
QTS Data Centers,6a15b733bd30da3db41030cb,69f0f3c5beb6279e947be111,Whitting-Turner Contracting Company,69f10c28beb6279e947be4ce,"MAN1DC6 - QTS Manassas I DC6, LLC",evidenceOfInsurance,Evidence of Insurance,excessOrUmbrellaLiability,Umbrella/Excess Liability,evidenceOfInsuranceExcessOrUmbrellaLiabilityOccurence,Coverage Trigger: Occurrence,,matchOnce,must be present,,,non_compliant,Standard 10 - UMB 25M,,,false,0,,2026-08-16
QTS Data Centers,6a15b733bd30da3db41030cb,69f0f3c5beb6279e947be111,Whitting-Turner Contracting Company,69f10c28beb6279e947be4ce,"MAN1DC6 - QTS Manassas I DC6, LLC",evidenceOfInsurance,Evidence of Insurance,excessOrUmbrellaLiability,Umbrella/Excess Liability,evidenceOfInsuranceExcessOrUmbrellaLiabilityEachOccurrence,Each Occurrence,,matchOnce,must be greater or equal to,25000000,,non_compliant,Standard 10 - UMB 25M,,,false,0,,2026-08-16
QTS Data Centers,6a15b733bd30da3db41030cb,69f0f3c5beb6279e947be111,Whitting-Turner Contracting Company,69f10c28beb6279e947be4ce,"MAN1DC6 - QTS Manassas I DC6, LLC",evidenceOfInsurance,Evidence of Insurance,excessOrUmbrellaLiability,Umbrella/Excess Liability,evidenceOfInsuranceExcessOrUmbrellaLiabilityAdditionalInsuredEndorsement,Additional Insured,"---prompt---
Determine if the certificate holder is covered as an additional insured under the Umbrella/Excess Liability policy. Evidence may include: a checked ""Additional Insured"" box on the certificate for the umbrella section, mention in the Description of Operations section, reference to ""follow form"" status (which would extend underlying additional insured status), or explicit language naming the certificate holder as additional insured on the umbrella.",matchOnce,must be present,,,non_compliant,Standard 10 - UMB 25M,,,false,0,,2026-08-16
QTS Data Centers,6a15b733bd30da3db41030cb,69f0f3c5beb6279e947be111,Whitting-Turner Contracting Company,69f10c28beb6279e947be4ce,"MAN1DC6 - QTS Manassas I DC6, LLC",evidenceOfInsurance,Evidence of Insurance,excessOrUmbrellaLiability,Umbrella/Excess Liability,evidenceOfInsuranceExcessOrUmbrellaLiabilityWaiverOfSubrogationEndorsement,Waiver of Subrogation,"---prompt---
Determine if the insurer has waived their right of subrogation in favor of the certificate holder under the Umbrella/Excess Liability policy. Evidence may include: a checked ""Waiver of Subrogation"" box on the certificate, mention in the Description of Operations section stating ""waiver of subrogation applies"", or reference to ""follow form"" status (which would extend underlying waiver). Look for language like ""subrogation is waived"" or ""per written contract"".",matchOnce,must be present,,,non_compliant,Standard 10 - UMB 25M,,,false,0,,2026-08-16
QTS Data Centers,6a15b733bd30da3db41030cb,69f0f3c5beb6279e947be111,Whitting-Turner Contracting Company,69f10c28beb6279e947be4ce,"MAN1DC6 - QTS Manassas I DC6, LLC",evidenceOfInsurance,Evidence of Insurance,excessOrUmbrellaLiability,Umbrella/Excess Liability,evidenceOfInsuranceExcessOrUmbrellaLiabilityPrimaryAndNonContributoryEndorsement,Primary and Non-Contributory,"---prompt---
Determine if the Umbrella/Excess Liability policy provides primary and non-contributory coverage for the certificate holder. Evidence may include: a checked ""Primary"" box on the certificate, mention in the Description of Operations section stating ""primary and non-contributory"", or reference to ""follow form"" status (which would extend underlying primary status). Look for language indicating this policy will pay first before other applicable insurance and will not seek contribution.",matchOnce,must be present,,,non_compliant,Standard 10 - UMB 25M,,,false,0,,2026-08-16
QTS Data Centers,6a15b733bd30da3db41030cb,69f0f3c5beb6279e947be111,Whitting-Turner Contracting Company,69f10c28beb6279e947be4ce,"MAN1DC6 - QTS Manassas I DC6, LLC",evidenceOfInsurance,Evidence of Insurance,workersCompensation,Workers' Compensation and Employer's Liability,evidenceOfInsuranceWorkersCompensationStatutoryLimits,Statutory Limits,,matchOnce,must be present,,,non_compliant,Standard 10 - UMB 25M,,,false,0,,2026-08-16
QTS Data Centers,6a15b733bd30da3db41030cb,69f0f3c5beb6279e947be111,Whitting-Turner Contracting Company,69f10c28beb6279e947be4ce,"MAN1DC6 - QTS Manassas I DC6, LLC",evidenceOfInsurance,Evidence of Insurance,workersCompensation,Workers' Compensation and Employer's Liability,evidenceOfInsuranceWorkersCompensationEmployersLiabilityDiseaseEachEmployee,Employer's Liability Disease - each employee,,matchOnce,must be greater or equal to,500000,,non_compliant,Standard 10 - UMB 25M,,,false,0,,2026-08-16
QTS Data Centers,6a15b733bd30da3db41030cb,69f0f3c5beb6279e947be111,Whitting-Turner Contracting Company,69f10c28beb6279e947be4ce,"MAN1DC6 - QTS Manassas I DC6, LLC",evidenceOfInsurance,Evidence of Insurance,workersCompensation,Workers' Compensation and Employer's Liability,evidenceOfInsuranceWorkersCompensationEmployersLiabilityDiseasePolicyLimit,Employer's Liability Disease - policy limit,,matchOnce,must be greater or equal to,500000,,non_compliant,Standard 10 - UMB 25M,,,false,0,,2026-08-16
QTS Data Centers,6a15b733bd30da3db41030cb,69f0f3c5beb6279e947be111,Whitting-Turner Contracting Company,69f10c28beb6279e947be4ce,"MAN1DC6 - QTS Manassas I DC6, LLC",evidenceOfInsurance,Evidence of Insurance,workersCompensation,Workers' Compensation and Employer's Liability,evidenceOfInsuranceWorkersCompensationEmployersLiabilityEachAccident,Employer's Liability Each Accident,,matchOnce,must be greater or equal to,500000,,non_compliant,Standard 10 - UMB 25M,,,false,0,,2026-08-16
QTS Data Centers,6a15b733bd30da3db41030cb,69f0f3c5beb6279e947be111,Whitting-Turner Contracting Company,69f10c28beb6279e947be4ce,"MAN1DC6 - QTS Manassas I DC6, LLC",evidenceOfInsurance,Evidence of Insurance,workersCompensation,Workers' Compensation and Employer's Liability,evidenceOfInsuranceWorkersCompensationWaiverOfSubrogationEndorsement,Waiver of Subrogation,"---prompt---
Determine if the insurer has waived their right of subrogation in favor of the certificate holder under the Workers' Compensation policy. Evidence may include: a checked ""Waiver of Subrogation"" box on the certificate, mention in the Description of Operations section stating ""waiver of subrogation applies"", or reference to form WC 00 03 13. Look for language like ""subrogation is waived"" or ""per written contract"".",matchOnce,must be present,,,non_compliant,Standard 10 - UMB 25M,,,false,0,,2026-08-16
QTS Data Centers,6a15b733bd30da3db41030cb,69f0f3c5beb6279e947be111,Whitting-Turner Contracting Company,69f10c28beb6279e947be4ce,"MAN1DC6 - QTS Manassas I DC6, LLC",evidenceOfInsurance,Evidence of Insurance,professional,Professional Liability,evidenceOfInsuranceProfessionalLimitsEachClaim,Each Claim,,matchOnce,must be greater or equal to,2000000,,non_compliant,Standard 10 - UMB 25M,,,false,0,,2026-08-16
QTS Data Centers,6a15b733bd30da3db41030cb,69f0f3c5beb6279e947be111,Whitting-Turner Contracting Company,69f10c28beb6279e947be4ce,"MAN1DC6 - QTS Manassas I DC6, LLC",evidenceOfInsurance,Evidence of Insurance,professional,Professional Liability,d672162b-0115-567e-ac40-48cb8d46cdc0,"Professional Liability Coverage Deductible must be less than or equal to $100,000",,matchOnce,must be present,,,non_compliant,Standard 10 - UMB 25M,,,true,0,,2026-08-16
QTS Data Centers,6a15b733bd30da3db41030cb,69f0f3c5beb6279e947be111,Whitting-Turner Contracting Company,69f10c28beb6279e947be4ce,"MAN1DC6 - QTS Manassas I DC6, LLC",evidenceOfInsurance,Evidence of Insurance,6ac20aae-5728-5d57-b364-aeba38527dba,Additional Requirements,655cb50e-155d-5f8c-af5e-e7386263aa58,"Certificate Holder must read as: ""Quality Technology Services, LLC, 
Attention: Procurement Department
300 Satellite Blvd NW, Suwanee, GA 30024.""",,matchOnce,must be present,,,non_compliant,Standard 10 - UMB 25M,,,true,0,,2026-08-16
QTS Data Centers,6a15b733bd30da3db41030cb,69f0f3c5beb6279e947be111,Whitting-Turner Contracting Company,69f10c28beb6279e947be4ce,"MAN1DC6 - QTS Manassas I DC6, LLC",evidenceOfInsurance,Evidence of Insurance,6ac20aae-5728-5d57-b364-aeba38527dba,Additional Requirements,25da7a11-b805-5d7d-8deb-65519e743757,"Description of Operations must read: Quality Tech, LP, and its officers, directors, employees, parents, subsidiaries, affiliates, and related companies, successors, and permitted assigns",,matchOnce,must be present,,,non_compliant,Standard 10 - UMB 25M,,,true,0,,2026-08-16
QTS Data Centers,6a15b733bd30da3db41030cb,69f0f3c5beb6279e947be111,Whitting-Turner Contracting Company,69f10c28beb6279e947be4ce,"MAN1DC6 - QTS Manassas I DC6, LLC",evidenceOfInsurance,Evidence of Insurance,6ac20aae-5728-5d57-b364-aeba38527dba,Additional Requirements,03d7ddc3-a527-5f18-bdf6-355eb23cd9de,30-Day Notice of Cancellation must be present,,matchOnce,must be present,,,non_compliant,Standard 10 - UMB 25M,,,true,0,,2026-08-16
QTS Data Centers,6a15b733bd30da3db41030cb,69f0f3c5beb6279e947be111,Whitting-Turner Contracting Company,69f10c28beb6279e947be4ce,"MAN1DC6 - QTS Manassas I DC6, LLC",evidenceOfInsurance,Evidence of Insurance,6ac20aae-5728-5d57-b364-aeba38527dba,Additional Requirements,8d7b12d5-c6dc-5efe-8cbd-acd9adedde5b,"Description of Operations must read: MAN1-DC6, located at 9540 Godwin Drive, Manassass, VA 20110",,matchOnce,must be present,,,non_compliant,Standard 10 - UMB 25M,,,true,0,,2026-08-16
QTS Data Centers,6a15b733bd30da3db41030cb,69f0f3c5beb6279e947be111,Whitting-Turner Contracting Company,69f10c28beb6279e947be4ce,"MAN1DC6 - QTS Manassas I DC6, LLC",evidenceOfInsurance,Evidence of Insurance,6ac20aae-5728-5d57-b364-aeba38527dba,Additional Requirements,24a2347c-ab39-5dea-a6af-ad750440dde1,"Description of Operations must read: Commercial General Liability shall not include the following endorsements/exclusions or equivalent:

1. CG 2149 or CG 2155 o CG 2198 (Absolute Pollution Exclusion)
2. CG 2294 or CG 2295 (Damage to Work Performed by Contractors Exclusion)
3. CG 2139 (Contractual Limitation Endorsement)
4. CG 2196 (Silica or Silica Dust Exclusion), unless otherwise covered under an applicable pollution policy.
5. CG 2142 (Explosion, Collapse or Underground Exclusion)",,matchOnce,must be present,,,non_compliant,Standard 10 - UMB 25M,,,true,0,,2026-08-16
QTS Data Centers,6a15b733bd30da3db41030cb,69f0f3c5beb6279e947be111,Whitting-Turner Contracting Company,69f10c28beb6279e947be4ce,"MAN1DC6 - QTS Manassas I DC6, LLC",evidenceOfInsurance,Evidence of Insurance,6ac20aae-5728-5d57-b364-aeba38527dba,Additional Requirements,71685e25-c6d0-5692-aaaf-30f59a2f9a83,"Description of Operations must read: Workers Compensation shall include ""all states"" coverage",,matchOnce,must be present,,,non_compliant,Standard 10 - UMB 25M,,,true,0,,2026-08-16
QTS Data Centers,6a15b733bd30da3db41030cc,69f0f3c5beb6279e947be111,Whitting-Turner Contracting Company,69f10c28beb6279e947be4cf,"NAL1DC2 - QTS New Albany I DC2, LLC",evidenceOfInsurance,Evidence of Insurance,commercialGeneralLiability,Commercial General Liability,evidenceOfInsuranceCommercialGeneralLiabilityAMBestRating,AM Best Rating,,matchOnce,must be greater or equal to,140,160,compliant,Standard 10 - UMB 25M,,,false,1,,2026-08-16
QTS Data Centers,6a15b733bd30da3db41030cc,69f0f3c5beb6279e947be111,Whitting-Turner Contracting Company,69f10c28beb6279e947be4cf,"NAL1DC2 - QTS New Albany I DC2, LLC",evidenceOfInsurance,Evidence of Insurance,commercialGeneralLiability,Commercial General Liability,evidenceOfInsuranceCommercialGeneralLiabilityAMBestFinancialStrength,AM Best Financial Strength,,matchOnce,must be greater or equal to,100,150,compliant,Standard 10 - UMB 25M,,,false,1,,2026-08-16
QTS Data Centers,6a15b733bd30da3db41030cc,69f0f3c5beb6279e947be111,Whitting-Turner Contracting Company,69f10c28beb6279e947be4cf,"NAL1DC2 - QTS New Albany I DC2, LLC",evidenceOfInsurance,Evidence of Insurance,commercialGeneralLiability,Commercial General Liability,evidenceOfInsuranceCommercialGeneralLiabilityCoverageTriggerOccurrence,Coverage Trigger: Occurrence,,matchOnce,must be present,,Present,compliant,Standard 10 - UMB 25M,,,false,1,,2026-08-16
QTS Data Centers,6a15b733bd30da3db41030cc,69f0f3c5beb6279e947be111,Whitting-Turner Contracting Company,69f10c28beb6279e947be4cf,"NAL1DC2 - QTS New Albany I DC2, LLC",evidenceOfInsurance,Evidence of Insurance,commercialGeneralLiability,Commercial General Liability,evidenceOfInsuranceCommercialGeneralLiabilityGeneralAggregateLimitAppliesPerProject,General Aggregate Limit Applies per: Project,,matchOnce,must be present,,Present,compliant,Standard 10 - UMB 25M,,,false,1,,2026-08-16
QTS Data Centers,6a15b733bd30da3db41030cc,69f0f3c5beb6279e947be111,Whitting-Turner Contracting Company,69f10c28beb6279e947be4cf,"NAL1DC2 - QTS New Albany I DC2, LLC",evidenceOfInsurance,Evidence of Insurance,commercialGeneralLiability,Commercial General Liability,evidenceOfInsuranceCommercialGeneralLiabilityEachOccurrence,Each Occurrence,,matchOnce,must be greater or equal to,2000000,2000000,compliant,Standard 10 - UMB 25M,,,false,1,,2026-08-16
QTS Data Centers,6a15b733bd30da3db41030cc,69f0f3c5beb6279e947be111,Whitting-Turner Contracting Company,69f10c28beb6279e947be4cf,"NAL1DC2 - QTS New Albany I DC2, LLC",evidenceOfInsurance,Evidence of Insurance,commercialGeneralLiability,Commercial General Liability,evidenceOfInsuranceCommercialGeneralLiabilityGeneralAggregate,General Aggregate,,matchOnce,must be greater or equal to,5000000,25000000,compliant,Standard 10 - UMB 25M,,,false,1,,2026-08-16
QTS Data Centers,6a15b733bd30da3db41030cc,69f0f3c5beb6279e947be111,Whitting-Turner Contracting Company,69f10c28beb6279e947be4cf,"NAL1DC2 - QTS New Albany I DC2, LLC",evidenceOfInsurance,Evidence of Insurance,commercialGeneralLiability,Commercial General Liability,evidenceOfInsuranceCommercialGeneralLiabilityProducsCompletedOperationsAggregate,Products/Completed Operations Aggregate,,matchOnce,must be greater or equal to,5000000,25000000,compliant,Standard 10 - UMB 25M,,,false,1,,2026-08-16
QTS Data Centers,6a15b733bd30da3db41030cc,69f0f3c5beb6279e947be111,Whitting-Turner Contracting Company,69f10c28beb6279e947be4cf,"NAL1DC2 - QTS New Albany I DC2, LLC",evidenceOfInsurance,Evidence of Insurance,commercialGeneralLiability,Commercial General Liability,evidenceOfInsuranceCommercialGeneralLiabilityAdditionalInsuredEndorsementOngoingOps,Additional Insured - Ongoing Operations,"---prompt---
Verify that additional insured coverage specifically includes ongoing operations. Look in the Description of Operations section for language like ""additional insured for ongoing operations"", ""CG 20 10"", ""CG 20 37"", or ""operations performed by or on behalf of the named insured"". The coverage should explicitly reference ongoing work, not just completed operations.",matchOnce,must be present,,Present,compliant,Standard 10 - UMB 25M,,,false,1,,2026-08-16
QTS Data Centers,6a15b733bd30da3db41030cc,69f0f3c5beb6279e947be111,Whitting-Turner Contracting Company,69f10c28beb6279e947be4cf,"NAL1DC2 - QTS New Albany I DC2, LLC",evidenceOfInsurance,Evidence of Insurance,commercialGeneralLiability,Commercial General Liability,evidenceOfInsuranceCommercialGeneralLiabilityAdditionalInsuredEndorsementCompletedOps,Additional Insured - Completed Operations,"---prompt---
Verify that additional insured coverage specifically includes completed operations. Look in the Description of Operations section for language like ""additional insured for completed operations"", ""CG 20 37"", ""products-completed operations"", or similar. This coverage protects the certificate holder for claims arising after work is finished.",matchOnce,must be present,,Present,compliant,Standard 10 - UMB 25M,,,false,1,,2026-08-16
QTS Data Centers,6a15b733bd30da3db41030cc,69f0f3c5beb6279e947be111,Whitting-Turner Contracting Company,69f10c28beb6279e947be4cf,"NAL1DC2 - QTS New Albany I DC2, LLC",evidenceOfInsurance,Evidence of Insurance,commercialGeneralLiability,Commercial General Liability,evidenceOfInsuranceCommercialGeneralLiabilityWaiverOfSubrogationEndorsement,Waiver of Subrogation,"---prompt---
Determine if the insurer has waived their right of subrogation in favor of the certificate holder under the Commercial General Liability policy. Evidence may include: a checked ""Waiver of Subrogation"" box on the certificate, mention in the Description of Operations section stating ""waiver of subrogation applies"", or reference to form CG 24 04. Look for language like ""subrogation is waived"" or ""per written contract"".",matchOnce,must be present,,Present,compliant,Standard 10 - UMB 25M,,,false,1,,2026-08-16
QTS Data Centers,6a15b733bd30da3db41030cc,69f0f3c5beb6279e947be111,Whitting-Turner Contracting Company,69f10c28beb6279e947be4cf,"NAL1DC2 - QTS New Albany I DC2, LLC",evidenceOfInsurance,Evidence of Insurance,commercialGeneralLiability,Commercial General Liability,evidenceOfInsuranceCommercialGeneralLiabilityPrimaryAndNonContributoryEndorsement,Primary and Non-Contributory,"---prompt---
Determine if the Commercial General Liability policy provides primary and non-contributory coverage for the certificate holder. Evidence may include: a checked ""Primary"" box on the certificate, mention in the Description of Operations section stating ""primary and non-contributory"", or reference to endorsement CG 20 01. Look for language indicating this policy will pay first before other applicable insurance and will not seek contribution.",matchOnce,must be present,,Present,compliant,Standard 10 - UMB 25M,,,false,1,,2026-08-16
QTS Data Centers,6a15b733bd30da3db41030cc,69f0f3c5beb6279e947be111,Whitting-Turner Contracting Company,69f10c28beb6279e947be4cf,"NAL1DC2 - QTS New Albany I DC2, LLC",evidenceOfInsurance,Evidence of Insurance,commercialGeneralLiability,Commercial General Liability,9c28ed56-e307-5cf9-88e9-0ada1f283104,Physical 30 Days Notice of Cancellation - 10 Days Notice for Non Payment Endorsement must be present,,matchOnce,must be present,,,non_compliant,Standard 10 - UMB 25M,,,true,0,,2026-08-16
QTS Data Centers,6a15b733bd30da3db41030cc,69f0f3c5beb6279e947be111,Whitting-Turner Contracting Company,69f10c28beb6279e947be4cf,"NAL1DC2 - QTS New Albany I DC2, LLC",evidenceOfInsurance,Evidence of Insurance,automobileLiability,Automobile Liability,evidenceOfInsuranceAutomobileLiabilityCombinedSingleLimitEachAccident,Combined Single Limit (each accident),,matchOnce,must be greater or equal to,1000000,2000000,compliant,Standard 10 - UMB 25M,,,false,1,,2026-08-16
QTS Data Centers,6a15b733bd30da3db41030cc,69f0f3c5beb6279e947be111,Whitting-Turner Contracting Company,69f10c28beb6279e947be4cf,"NAL1DC2 - QTS New Albany I DC2, LLC",evidenceOfInsurance,Evidence of Insurance,automobileLiability,Automobile Liability,evidenceOfInsuranceAutomobileLiabilityCoverageAppliesToOwnedAutosOnly,Coverage Applies To: Owned Autos Only,,matchOnce,must be present,,Present,compliant,Standard 10 - UMB 25M,,,false,1,,2026-08-16
QTS Data Centers,6a15b733bd30da3db41030cc,69f0f3c5beb6279e947be111,Whitting-Turner Contracting Company,69f10c28beb6279e947be4cf,"NAL1DC2 - QTS New Albany I DC2, LLC",evidenceOfInsurance,Evidence of Insurance,automobileLiability,Automobile Liability,evidenceOfInsuranceAutomobileLiabilityCoverageAppliesToNonOwnedAutosOnly,Coverage Applies To: Non-Owned Autos Only,,matchOnce,must be present,,Present,compliant,Standard 10 - UMB 25M,,,false,1,,2026-08-16
QTS Data Centers,6a15b733bd30da3db41030cc,69f0f3c5beb6279e947be111,Whitting-Turner Contracting Company,69f10c28beb6279e947be4cf,"NAL1DC2 - QTS New Albany I DC2, LLC",evidenceOfInsurance,Evidence of Insurance,automobileLiability,Automobile Liability,evidenceOfInsuranceAutomobileLiabilityCoverageAppliesToHiredAutosOnly,Coverage Applies To: Hired Autos Only,,matchOnce,must be present,,Present,compliant,Standard 10 - UMB 25M,,,false,1,,2026-08-16
QTS Data Centers,6a15b733bd30da3db41030cc,69f0f3c5beb6279e947be111,Whitting-Turner Contracting Company,69f10c28beb6279e947be4cf,"NAL1DC2 - QTS New Albany I DC2, LLC",evidenceOfInsurance,Evidence of Insurance,automobileLiability,Automobile Liability,evidenceOfInsuranceAutomobileLiabilityAdditionalInsuredEndorsement,Additional Insured,"---prompt---
Determine if the certificate holder is covered as an additional insured under the Automobile Liability policy. Evidence may include: a checked ""Additional Insured"" box on the certificate for the auto section, mention in the Description of Operations section, or reference to blanket additional insured coverage. Look for form number CA 20 48 or language like ""certificate holder is additional insured"" or ""per written contract"".",matchOnce,must be present,,Present,compliant,Standard 10 - UMB 25M,,,false,1,,2026-08-16
QTS Data Centers,6a15b733bd30da3db41030cc,69f0f3c5beb6279e947be111,Whitting-Turner Contracting Company,69f10c28beb6279e947be4cf,"NAL1DC2 - QTS New Albany I DC2, LLC",evidenceOfInsurance,Evidence of Insurance,automobileLiability,Automobile Liability,evidenceOfInsuranceAutomobileLiabilityWaiverOfSubrogationEndorsement,Waiver of Subrogation,"---prompt---
Determine if the insurer has waived their right of subrogation in favor of the certificate holder under the Automobile Liability policy. Evidence may include: a checked ""Waiver of Subrogation"" box on the certificate, mention in the Description of Operations section stating ""waiver of subrogation applies"", or reference to form CA 04 44. Look for language like ""subrogation is waived"" or ""per written contract"".",matchOnce,must be present,,Present,compliant,Standard 10 - UMB 25M,,,false,1,,2026-08-16
QTS Data Centers,6a15b733bd30da3db41030cc,69f0f3c5beb6279e947be111,Whitting-Turner Contracting Company,69f10c28beb6279e947be4cf,"NAL1DC2 - QTS New Albany I DC2, LLC",evidenceOfInsurance,Evidence of Insurance,automobileLiability,Automobile Liability,evidenceOfInsuranceAutomobileLiabilityPrimaryAndNonContributoryEndorsement,Primary and Non-Contributory,"---prompt---
Determine if the Automobile Liability policy provides primary and non-contributory coverage for the certificate holder. Evidence may include: a checked ""Primary"" box on the certificate, mention in the Description of Operations section stating ""primary and non-contributory"". Look for language indicating this policy will pay first before other applicable insurance and will not seek contribution.",matchOnce,must be present,,,non_compliant,Standard 10 - UMB 25M,,,false,0,,2026-08-16
QTS Data Centers,6a15b733bd30da3db41030cc,69f0f3c5beb6279e947be111,Whitting-Turner Contracting Company,69f10c28beb6279e947be4cf,"NAL1DC2 - QTS New Albany I DC2, LLC",evidenceOfInsurance,Evidence of Insurance,automobileLiability,Automobile Liability,0e6f6daa-effc-5c25-af03-4f7e657ae801,Physical MCS-90 Endorsement must be present,,matchOnce,must be present,,,non_compliant,Standard 10 - UMB 25M,,,true,0,,2026-08-16
QTS Data Centers,6a15b733bd30da3db41030cc,69f0f3c5beb6279e947be111,Whitting-Turner Contracting Company,69f10c28beb6279e947be4cf,"NAL1DC2 - QTS New Albany I DC2, LLC",evidenceOfInsurance,Evidence of Insurance,excessOrUmbrellaLiability,Umbrella/Excess Liability,evidenceOfInsuranceExcessOrUmbrellaLiabilityOccurence,Coverage Trigger: Occurrence,,matchOnce,must be present,,Present,compliant,Standard 10 - UMB 25M,,,false,1,,2026-08-16
QTS Data Centers,6a15b733bd30da3db41030cc,69f0f3c5beb6279e947be111,Whitting-Turner Contracting Company,69f10c28beb6279e947be4cf,"NAL1DC2 - QTS New Albany I DC2, LLC",evidenceOfInsurance,Evidence of Insurance,excessOrUmbrellaLiability,Umbrella/Excess Liability,evidenceOfInsuranceExcessOrUmbrellaLiabilityEachOccurrence,Each Occurrence,,matchOnce,must be greater or equal to,25000000,125000000,compliant,Standard 10 - UMB 25M,,,false,1,,2026-08-16
QTS Data Centers,6a15b733bd30da3db41030cc,69f0f3c5beb6279e947be111,Whitting-Turner Contracting Company,69f10c28beb6279e947be4cf,"NAL1DC2 - QTS New Albany I DC2, LLC",evidenceOfInsurance,Evidence of Insurance,excessOrUmbrellaLiability,Umbrella/Excess Liability,evidenceOfInsuranceExcessOrUmbrellaLiabilityAdditionalInsuredEndorsement,Additional Insured,"---prompt---
Determine if the certificate holder is covered as an additional insured under the Umbrella/Excess Liability policy. Evidence may include: a checked ""Additional Insured"" box on the certificate for the umbrella section, mention in the Description of Operations section, reference to ""follow form"" status (which would extend underlying additional insured status), or explicit language naming the certificate holder as additional insured on the umbrella.",matchOnce,must be present,,Present,compliant,Standard 10 - UMB 25M,,,false,1,,2026-08-16
QTS Data Centers,6a15b733bd30da3db41030cc,69f0f3c5beb6279e947be111,Whitting-Turner Contracting Company,69f10c28beb6279e947be4cf,"NAL1DC2 - QTS New Albany I DC2, LLC",evidenceOfInsurance,Evidence of Insurance,excessOrUmbrellaLiability,Umbrella/Excess Liability,evidenceOfInsuranceExcessOrUmbrellaLiabilityWaiverOfSubrogationEndorsement,Waiver of Subrogation,"---prompt---
Determine if the insurer has waived their right of subrogation in favor of the certificate holder under the Umbrella/Excess Liability policy. Evidence may include: a checked ""Waiver of Subrogation"" box on the certificate, mention in the Description of Operations section stating ""waiver of subrogation applies"", or reference to ""follow form"" status (which would extend underlying waiver). Look for language like ""subrogation is waived"" or ""per written contract"".",matchOnce,must be present,,Present,compliant,Standard 10 - UMB 25M,,,false,1,,2026-08-16
QTS Data Centers,6a15b733bd30da3db41030cc,69f0f3c5beb6279e947be111,Whitting-Turner Contracting Company,69f10c28beb6279e947be4cf,"NAL1DC2 - QTS New Albany I DC2, LLC",evidenceOfInsurance,Evidence of Insurance,excessOrUmbrellaLiability,Umbrella/Excess Liability,evidenceOfInsuranceExcessOrUmbrellaLiabilityPrimaryAndNonContributoryEndorsement,Primary and Non-Contributory,"---prompt---
Determine if the Umbrella/Excess Liability policy provides primary and non-contributory coverage for the certificate holder. Evidence may include: a checked ""Primary"" box on the certificate, mention in the Description of Operations section stating ""primary and non-contributory"", or reference to ""follow form"" status (which would extend underlying primary status). Look for language indicating this policy will pay first before other applicable insurance and will not seek contribution.",matchOnce,must be present,,Present,compliant,Standard 10 - UMB 25M,,,false,1,,2026-08-16
QTS Data Centers,6a15b733bd30da3db41030cc,69f0f3c5beb6279e947be111,Whitting-Turner Contracting Company,69f10c28beb6279e947be4cf,"NAL1DC2 - QTS New Albany I DC2, LLC",evidenceOfInsurance,Evidence of Insurance,workersCompensation,Workers' Compensation and Employer's Liability,evidenceOfInsuranceWorkersCompensationStatutoryLimits,Statutory Limits,,matchOnce,must be present,,Present,compliant,Standard 10 - UMB 25M,,,false,1,,2026-08-16
QTS Data Centers,6a15b733bd30da3db41030cc,69f0f3c5beb6279e947be111,Whitting-Turner Contracting Company,69f10c28beb6279e947be4cf,"NAL1DC2 - QTS New Albany I DC2, LLC",evidenceOfInsurance,Evidence of Insurance,workersCompensation,Workers' Compensation and Employer's Liability,evidenceOfInsuranceWorkersCompensationEmployersLiabilityDiseaseEachEmployee,Employer's Liability Disease - each employee,,matchOnce,must be greater or equal to,500000,1000000,compliant,Standard 10 - UMB 25M,,,false,1,,2026-08-16
QTS Data Centers,6a15b733bd30da3db41030cc,69f0f3c5beb6279e947be111,Whitting-Turner Contracting Company,69f10c28beb6279e947be4cf,"NAL1DC2 - QTS New Albany I DC2, LLC",evidenceOfInsurance,Evidence of Insurance,workersCompensation,Workers' Compensation and Employer's Liability,evidenceOfInsuranceWorkersCompensationEmployersLiabilityDiseasePolicyLimit,Employer's Liability Disease - policy limit,,matchOnce,must be greater or equal to,500000,1000000,compliant,Standard 10 - UMB 25M,,,false,1,,2026-08-16
QTS Data Centers,6a15b733bd30da3db41030cc,69f0f3c5beb6279e947be111,Whitting-Turner Contracting Company,69f10c28beb6279e947be4cf,"NAL1DC2 - QTS New Albany I DC2, LLC",evidenceOfInsurance,Evidence of Insurance,workersCompensation,Workers' Compensation and Employer's Liability,evidenceOfInsuranceWorkersCompensationEmployersLiabilityEachAccident,Employer's Liability Each Accident,,matchOnce,must be greater or equal to,500000,1000000,compliant,Standard 10 - UMB 25M,,,false,1,,2026-08-16
QTS Data Centers,6a15b733bd30da3db41030cc,69f0f3c5beb6279e947be111,Whitting-Turner Contracting Company,69f10c28beb6279e947be4cf,"NAL1DC2 - QTS New Albany I DC2, LLC",evidenceOfInsurance,Evidence of Insurance,workersCompensation,Workers' Compensation and Employer's Liability,evidenceOfInsuranceWorkersCompensationWaiverOfSubrogationEndorsement,Waiver of Subrogation,"---prompt---
Determine if the insurer has waived their right of subrogation in favor of the certificate holder under the Workers' Compensation policy. Evidence may include: a checked ""Waiver of Subrogation"" box on the certificate, mention in the Description of Operations section stating ""waiver of subrogation applies"", or reference to form WC 00 03 13. Look for language like ""subrogation is waived"" or ""per written contract"".",matchOnce,must be present,,Present,compliant,Standard 10 - UMB 25M,,,false,1,,2026-08-16
QTS Data Centers,6a15b733bd30da3db41030cc,69f0f3c5beb6279e947be111,Whitting-Turner Contracting Company,69f10c28beb6279e947be4cf,"NAL1DC2 - QTS New Albany I DC2, LLC",evidenceOfInsurance,Evidence of Insurance,professional,Professional Liability,evidenceOfInsuranceProfessionalLimitsEachClaim,Each Claim,,matchOnce,must be greater or equal to,2000000,,non_compliant,Standard 10 - UMB 25M,,,false,0,,2026-08-16
QTS Data Centers,6a15b733bd30da3db41030cc,69f0f3c5beb6279e947be111,Whitting-Turner Contracting Company,69f10c28beb6279e947be4cf,"NAL1DC2 - QTS New Albany I DC2, LLC",evidenceOfInsurance,Evidence of Insurance,professional,Professional Liability,d672162b-0115-567e-ac40-48cb8d46cdc0,"Professional Liability Coverage Deductible must be less than or equal to $100,000",,matchOnce,must be present,,,non_compliant,Standard 10 - UMB 25M,,,true,0,,2026-08-16
QTS Data Centers,6a15b733bd30da3db41030cc,69f0f3c5beb6279e947be111,Whitting-Turner Contracting Company,69f10c28beb6279e947be4cf,"NAL1DC2 - QTS New Albany I DC2, LLC",evidenceOfInsurance,Evidence of Insurance,6ac20aae-5728-5d57-b364-aeba38527dba,Additional Requirements,655cb50e-155d-5f8c-af5e-e7386263aa58,"Certificate Holder must read as: ""Quality Technology Services, LLC, 
Attention: Procurement Department
300 Satellite Blvd NW, Suwanee, GA 30024.""",,matchOnce,must be present,,,non_compliant,Standard 10 - UMB 25M,,,true,0,,2026-08-16
QTS Data Centers,6a15b733bd30da3db41030cc,69f0f3c5beb6279e947be111,Whitting-Turner Contracting Company,69f10c28beb6279e947be4cf,"NAL1DC2 - QTS New Albany I DC2, LLC",evidenceOfInsurance,Evidence of Insurance,6ac20aae-5728-5d57-b364-aeba38527dba,Additional Requirements,25da7a11-b805-5d7d-8deb-65519e743757,"Description of Operations must read: Quality Tech, LP, and its officers, directors, employees, parents, subsidiaries, affiliates, and related companies, successors, and permitted assigns",,matchOnce,must be present,,,non_compliant,Standard 10 - UMB 25M,,,true,0,,2026-08-16
QTS Data Centers,6a15b733bd30da3db41030cc,69f0f3c5beb6279e947be111,Whitting-Turner Contracting Company,69f10c28beb6279e947be4cf,"NAL1DC2 - QTS New Albany I DC2, LLC",evidenceOfInsurance,Evidence of Insurance,6ac20aae-5728-5d57-b364-aeba38527dba,Additional Requirements,03d7ddc3-a527-5f18-bdf6-355eb23cd9de,30-Day Notice of Cancellation must be present,,matchOnce,must be present,,,non_compliant,Standard 10 - UMB 25M,,,true,0,,2026-08-16
QTS Data Centers,6a15b733bd30da3db41030cc,69f0f3c5beb6279e947be111,Whitting-Turner Contracting Company,69f10c28beb6279e947be4cf,"NAL1DC2 - QTS New Albany I DC2, LLC",evidenceOfInsurance,Evidence of Insurance,6ac20aae-5728-5d57-b364-aeba38527dba,Additional Requirements,8d7b12d5-c6dc-5efe-8cbd-acd9adedde5b,"Description of Operations must read: NAL1-DC2 66MW Core, Shell & Office, located at 1225 Beech Rd. SW, New Albany, OH 43054",,matchOnce,must be present,,Present,compliant,Standard 10 - UMB 25M,,,true,1,,2026-08-16
QTS Data Centers,6a15b733bd30da3db41030cc,69f0f3c5beb6279e947be111,Whitting-Turner Contracting Company,69f10c28beb6279e947be4cf,"NAL1DC2 - QTS New Albany I DC2, LLC",evidenceOfInsurance,Evidence of Insurance,6ac20aae-5728-5d57-b364-aeba38527dba,Additional Requirements,24a2347c-ab39-5dea-a6af-ad750440dde1,"Description of Operations must read: Commercial General Liability shall not include the following endorsements/exclusions or equivalent:

1. CG 2149 or CG 2155 o CG 2198 (Absolute Pollution Exclusion)
2. CG 2294 or CG 2295 (Damage to Work Performed by Contractors Exclusion)
3. CG 2139 (Contractual Limitation Endorsement)
4. CG 2196 (Silica or Silica Dust Exclusion), unless otherwise covered under an applicable pollution policy.
5. CG 2142 (Explosion, Collapse or Underground Exclusion)",,matchOnce,must be present,,,non_compliant,Standard 10 - UMB 25M,,,true,0,,2026-08-16
QTS Data Centers,6a15b733bd30da3db41030cc,69f0f3c5beb6279e947be111,Whitting-Turner Contracting Company,69f10c28beb6279e947be4cf,"NAL1DC2 - QTS New Albany I DC2, LLC",evidenceOfInsurance,Evidence of Insurance,6ac20aae-5728-5d57-b364-aeba38527dba,Additional Requirements,71685e25-c6d0-5692-aaaf-30f59a2f9a83,"Description of Operations must read: Workers Compensation shall include ""all states"" coverage",,matchOnce,must be present,,,non_compliant,Standard 10 - UMB 25M,,,true,0,,2026-08-16
QTS Data Centers,6a7ca768f08d6e4a3cf1fc6d,69f0f3c5beb6279e947be107,"Structure Tone, LLC",69f10c28beb6279e947be4c9,"DFW1DC4 - QTS Irving DC4, LLC",evidenceOfInsurance,Evidence of Insurance,commercialGeneralLiability,Commercial General Liability,evidenceOfInsuranceCommercialGeneralLiabilityAMBestRating,AM Best Rating,,matchOnce,must be greater or equal to,140,150,compliant,Standard 12,,,false,1,,2026-08-16
QTS Data Centers,6a7ca768f08d6e4a3cf1fc6d,69f0f3c5beb6279e947be107,"Structure Tone, LLC",69f10c28beb6279e947be4c9,"DFW1DC4 - QTS Irving DC4, LLC",evidenceOfInsurance,Evidence of Insurance,commercialGeneralLiability,Commercial General Liability,evidenceOfInsuranceCommercialGeneralLiabilityAMBestFinancialStrength,AM Best Financial Strength,,matchOnce,must be greater or equal to,100,150,compliant,Standard 12,,,false,1,,2026-08-16
QTS Data Centers,6a7ca768f08d6e4a3cf1fc6d,69f0f3c5beb6279e947be107,"Structure Tone, LLC",69f10c28beb6279e947be4c9,"DFW1DC4 - QTS Irving DC4, LLC",evidenceOfInsurance,Evidence of Insurance,commercialGeneralLiability,Commercial General Liability,evidenceOfInsuranceCommercialGeneralLiabilityCoverageTriggerOccurrence,Coverage Trigger: Occurrence,,matchOnce,must be present,,Present,compliant,Standard 12,,,false,1,,2026-08-16
QTS Data Centers,6a7ca768f08d6e4a3cf1fc6d,69f0f3c5beb6279e947be107,"Structure Tone, LLC",69f10c28beb6279e947be4c9,"DFW1DC4 - QTS Irving DC4, LLC",evidenceOfInsurance,Evidence of Insurance,commercialGeneralLiability,Commercial General Liability,evidenceOfInsuranceCommercialGeneralLiabilityGeneralAggregateLimitAppliesPerProject,General Aggregate Limit Applies per: Project,,matchOnce,must be present,,Present,compliant,Standard 12,,,false,1,,2026-08-16
QTS Data Centers,6a7ca768f08d6e4a3cf1fc6d,69f0f3c5beb6279e947be107,"Structure Tone, LLC",69f10c28beb6279e947be4c9,"DFW1DC4 - QTS Irving DC4, LLC",evidenceOfInsurance,Evidence of Insurance,commercialGeneralLiability,Commercial General Liability,evidenceOfInsuranceCommercialGeneralLiabilityEachOccurrence,Each Occurrence,,matchOnce,must be greater or equal to,2000000,5000000,compliant,Standard 12,,,false,1,,2026-08-16
QTS Data Centers,6a7ca768f08d6e4a3cf1fc6d,69f0f3c5beb6279e947be107,"Structure Tone, LLC",69f10c28beb6279e947be4c9,"DFW1DC4 - QTS Irving DC4, LLC",evidenceOfInsurance,Evidence of Insurance,commercialGeneralLiability,Commercial General Liability,evidenceOfInsuranceCommercialGeneralLiabilityGeneralAggregate,General Aggregate,,matchOnce,must be greater or equal to,5000000,10000000,compliant,Standard 12,,,false,1,,2026-08-16
QTS Data Centers,6a7ca768f08d6e4a3cf1fc6d,69f0f3c5beb6279e947be107,"Structure Tone, LLC",69f10c28beb6279e947be4c9,"DFW1DC4 - QTS Irving DC4, LLC",evidenceOfInsurance,Evidence of Insurance,commercialGeneralLiability,Commercial General Liability,evidenceOfInsuranceCommercialGeneralLiabilityProducsCompletedOperationsAggregate,Products/Completed Operations Aggregate,,matchOnce,must be greater or equal to,5000000,10000000,compliant,Standard 12,,,false,1,,2026-08-16
QTS Data Centers,6a7ca768f08d6e4a3cf1fc6d,69f0f3c5beb6279e947be107,"Structure Tone, LLC",69f10c28beb6279e947be4c9,"DFW1DC4 - QTS Irving DC4, LLC",evidenceOfInsurance,Evidence of Insurance,commercialGeneralLiability,Commercial General Liability,evidenceOfInsuranceCommercialGeneralLiabilityAdditionalInsuredEndorsementOngoingOps,Additional Insured - Ongoing Operations,"---prompt---
Verify that additional insured coverage specifically includes ongoing operations. Look in the Description of Operations section for language like ""additional insured for ongoing operations"", ""CG 20 10"", ""CG 20 37"", or ""operations performed by or on behalf of the named insured"". The coverage should explicitly reference ongoing work, not just completed operations.",matchOnce,must be present,,Present,compliant,Standard 12,,,false,1,,2026-08-16
QTS Data Centers,6a7ca768f08d6e4a3cf1fc6d,69f0f3c5beb6279e947be107,"Structure Tone, LLC",69f10c28beb6279e947be4c9,"DFW1DC4 - QTS Irving DC4, LLC",evidenceOfInsurance,Evidence of Insurance,commercialGeneralLiability,Commercial General Liability,evidenceOfInsuranceCommercialGeneralLiabilityAdditionalInsuredEndorsementCompletedOps,Additional Insured - Completed Operations,"---prompt---
Verify that additional insured coverage specifically includes completed operations. Look in the Description of Operations section for language like ""additional insured for completed operations"", ""CG 20 37"", ""products-completed operations"", or similar. This coverage protects the certificate holder for claims arising after work is finished.",matchOnce,must be present,,Present,compliant,Standard 12,,,false,1,,2026-08-16
QTS Data Centers,6a7ca768f08d6e4a3cf1fc6d,69f0f3c5beb6279e947be107,"Structure Tone, LLC",69f10c28beb6279e947be4c9,"DFW1DC4 - QTS Irving DC4, LLC",evidenceOfInsurance,Evidence of Insurance,commercialGeneralLiability,Commercial General Liability,evidenceOfInsuranceCommercialGeneralLiabilityWaiverOfSubrogationEndorsement,Waiver of Subrogation,"---prompt---
Determine if the insurer has waived their right of subrogation in favor of the certificate holder under the Commercial General Liability policy. Evidence may include: a checked ""Waiver of Subrogation"" box on the certificate, mention in the Description of Operations section stating ""waiver of subrogation applies"", or reference to form CG 24 04. Look for language like ""subrogation is waived"" or ""per written contract"".",matchOnce,must be present,,Present,compliant,Standard 12,,,false,1,,2026-08-16
QTS Data Centers,6a7ca768f08d6e4a3cf1fc6d,69f0f3c5beb6279e947be107,"Structure Tone, LLC",69f10c28beb6279e947be4c9,"DFW1DC4 - QTS Irving DC4, LLC",evidenceOfInsurance,Evidence of Insurance,commercialGeneralLiability,Commercial General Liability,evidenceOfInsuranceCommercialGeneralLiabilityPrimaryAndNonContributoryEndorsement,Primary and Non-Contributory,"---prompt---
Determine if the Commercial General Liability policy provides primary and non-contributory coverage for the certificate holder. Evidence may include: a checked ""Primary"" box on the certificate, mention in the Description of Operations section stating ""primary and non-contributory"", or reference to endorsement CG 20 01. Look for language indicating this policy will pay first before other applicable insurance and will not seek contribution.",matchOnce,must be present,,Present,compliant,Standard 12,,,false,1,,2026-08-16
QTS Data Centers,6a7ca768f08d6e4a3cf1fc6d,69f0f3c5beb6279e947be107,"Structure Tone, LLC",69f10c28beb6279e947be4c9,"DFW1DC4 - QTS Irving DC4, LLC",evidenceOfInsurance,Evidence of Insurance,commercialGeneralLiability,Commercial General Liability,9c28ed56-e307-5cf9-88e9-0ada1f283104,Physical 30 Days Notice of Cancellation - 10 Days Notice for Non Payment Endorsement must be present,,matchOnce,must be present,,Present,compliant,Standard 12,,,true,1,,2026-08-16
QTS Data Centers,6a7ca768f08d6e4a3cf1fc6d,69f0f3c5beb6279e947be107,"Structure Tone, LLC",69f10c28beb6279e947be4c9,"DFW1DC4 - QTS Irving DC4, LLC",evidenceOfInsurance,Evidence of Insurance,automobileLiability,Automobile Liability,evidenceOfInsuranceAutomobileLiabilityCombinedSingleLimitEachAccident,Combined Single Limit (each accident),,matchOnce,must be greater or equal to,1000000,2000000,compliant,Standard 12,,,false,1,,2026-08-16
QTS Data Centers,6a7ca768f08d6e4a3cf1fc6d,69f0f3c5beb6279e947be107,"Structure Tone, LLC",69f10c28beb6279e947be4c9,"DFW1DC4 - QTS Irving DC4, LLC",evidenceOfInsurance,Evidence of Insurance,automobileLiability,Automobile Liability,evidenceOfInsuranceAutomobileLiabilityCoverageAppliesToOwnedAutosOnly,Coverage Applies To: Owned Autos Only,,matchOnce,must be present,,Present,compliant,Standard 12,,,false,1,,2026-08-16
QTS Data Centers,6a7ca768f08d6e4a3cf1fc6d,69f0f3c5beb6279e947be107,"Structure Tone, LLC",69f10c28beb6279e947be4c9,"DFW1DC4 - QTS Irving DC4, LLC",evidenceOfInsurance,Evidence of Insurance,automobileLiability,Automobile Liability,evidenceOfInsuranceAutomobileLiabilityCoverageAppliesToNonOwnedAutosOnly,Coverage Applies To: Non-Owned Autos Only,,matchOnce,must be present,,Present,compliant,Standard 12,,,false,1,,2026-08-16
QTS Data Centers,6a7ca768f08d6e4a3cf1fc6d,69f0f3c5beb6279e947be107,"Structure Tone, LLC",69f10c28beb6279e947be4c9,"DFW1DC4 - QTS Irving DC4, LLC",evidenceOfInsurance,Evidence of Insurance,automobileLiability,Automobile Liability,evidenceOfInsuranceAutomobileLiabilityCoverageAppliesToHiredAutosOnly,Coverage Applies To: Hired Autos Only,,matchOnce,must be present,,Present,compliant,Standard 12,,,false,1,,2026-08-16
QTS Data Centers,6a7ca768f08d6e4a3cf1fc6d,69f0f3c5beb6279e947be107,"Structure Tone, LLC",69f10c28beb6279e947be4c9,"DFW1DC4 - QTS Irving DC4, LLC",evidenceOfInsurance,Evidence of Insurance,automobileLiability,Automobile Liability,evidenceOfInsuranceAutomobileLiabilityAdditionalInsuredEndorsement,Additional Insured,"---prompt---
Determine if the certificate holder is covered as an additional insured under the Automobile Liability policy. Evidence may include: a checked ""Additional Insured"" box on the certificate for the auto section, mention in the Description of Operations section, or reference to blanket additional insured coverage. Look for form number CA 20 48 or language like ""certificate holder is additional insured"" or ""per written contract"".",matchOnce,must be present,,Present,compliant,Standard 12,,,false,1,,2026-08-16
QTS Data Centers,6a7ca768f08d6e4a3cf1fc6d,69f0f3c5beb6279e947be107,"Structure Tone, LLC",69f10c28beb6279e947be4c9,"DFW1DC4 - QTS Irving DC4, LLC",evidenceOfInsurance,Evidence of Insurance,automobileLiability,Automobile Liability,evidenceOfInsuranceAutomobileLiabilityWaiverOfSubrogationEndorsement,Waiver of Subrogation,"---prompt---
Determine if the insurer has waived their right of subrogation in favor of the certificate holder under the Automobile Liability policy. Evidence may include: a checked ""Waiver of Subrogation"" box on the certificate, mention in the Description of Operations section stating ""waiver of subrogation applies"", or reference to form CA 04 44. Look for language like ""subrogation is waived"" or ""per written contract"".",matchOnce,must be present,,Present,compliant,Standard 12,,,false,1,,2026-08-16
QTS Data Centers,6a7ca768f08d6e4a3cf1fc6d,69f0f3c5beb6279e947be107,"Structure Tone, LLC",69f10c28beb6279e947be4c9,"DFW1DC4 - QTS Irving DC4, LLC",evidenceOfInsurance,Evidence of Insurance,automobileLiability,Automobile Liability,evidenceOfInsuranceAutomobileLiabilityPrimaryAndNonContributoryEndorsement,Primary and Non-Contributory,"---prompt---
Determine if the Automobile Liability policy provides primary and non-contributory coverage for the certificate holder. Evidence may include: a checked ""Primary"" box on the certificate, mention in the Description of Operations section stating ""primary and non-contributory"". Look for language indicating this policy will pay first before other applicable insurance and will not seek contribution.",matchOnce,must be present,,Present,compliant,Standard 12,,,false,1,,2026-08-16
QTS Data Centers,6a7ca768f08d6e4a3cf1fc6d,69f0f3c5beb6279e947be107,"Structure Tone, LLC",69f10c28beb6279e947be4c9,"DFW1DC4 - QTS Irving DC4, LLC",evidenceOfInsurance,Evidence of Insurance,automobileLiability,Automobile Liability,0e6f6daa-effc-5c25-af03-4f7e657ae801,Physical MCS-90 Endorsement must be present,,matchOnce,must be present,,,waived,Standard 12,Per client (Mary Sparling) - exception granted for MCS-90 endorsement as Structure Tone does not haul. Exception applies to all projects. 2026-08-14 (LM),,true,0,,2026-08-16
QTS Data Centers,6a7ca768f08d6e4a3cf1fc6d,69f0f3c5beb6279e947be107,"Structure Tone, LLC",69f10c28beb6279e947be4c9,"DFW1DC4 - QTS Irving DC4, LLC",evidenceOfInsurance,Evidence of Insurance,excessOrUmbrellaLiability,Umbrella/Excess Liability,evidenceOfInsuranceExcessOrUmbrellaLiabilityOccurence,Coverage Trigger: Occurrence,,matchOnce,must be present,,Present,compliant,Standard 12,,,false,1,,2026-08-16
QTS Data Centers,6a7ca768f08d6e4a3cf1fc6d,69f0f3c5beb6279e947be107,"Structure Tone, LLC",69f10c28beb6279e947be4c9,"DFW1DC4 - QTS Irving DC4, LLC",evidenceOfInsurance,Evidence of Insurance,excessOrUmbrellaLiability,Umbrella/Excess Liability,evidenceOfInsuranceExcessOrUmbrellaLiabilityEachOccurrence,Each Occurrence,,matchOnce,must be greater or equal to,75000000,25000000,non_compliant,Standard 12,,,false,1,,2026-08-16
QTS Data Centers,6a7ca768f08d6e4a3cf1fc6d,69f0f3c5beb6279e947be107,"Structure Tone, LLC",69f10c28beb6279e947be4c9,"DFW1DC4 - QTS Irving DC4, LLC",evidenceOfInsurance,Evidence of Insurance,excessOrUmbrellaLiability,Umbrella/Excess Liability,evidenceOfInsuranceExcessOrUmbrellaLiabilityAdditionalInsuredEndorsement,Additional Insured,"---prompt---
Determine if the certificate holder is covered as an additional insured under the Umbrella/Excess Liability policy. Evidence may include: a checked ""Additional Insured"" box on the certificate for the umbrella section, mention in the Description of Operations section, reference to ""follow form"" status (which would extend underlying additional insured status), or explicit language naming the certificate holder as additional insured on the umbrella.",matchOnce,must be present,,Present,compliant,Standard 12,,,false,1,,2026-08-16
QTS Data Centers,6a7ca768f08d6e4a3cf1fc6d,69f0f3c5beb6279e947be107,"Structure Tone, LLC",69f10c28beb6279e947be4c9,"DFW1DC4 - QTS Irving DC4, LLC",evidenceOfInsurance,Evidence of Insurance,excessOrUmbrellaLiability,Umbrella/Excess Liability,evidenceOfInsuranceExcessOrUmbrellaLiabilityWaiverOfSubrogationEndorsement,Waiver of Subrogation,"---prompt---
Determine if the insurer has waived their right of subrogation in favor of the certificate holder under the Umbrella/Excess Liability policy. Evidence may include: a checked ""Waiver of Subrogation"" box on the certificate, mention in the Description of Operations section stating ""waiver of subrogation applies"", or reference to ""follow form"" status (which would extend underlying waiver). Look for language like ""subrogation is waived"" or ""per written contract"".",matchOnce,must be present,,Present,compliant,Standard 12,,,false,1,,2026-08-16
QTS Data Centers,6a7ca768f08d6e4a3cf1fc6d,69f0f3c5beb6279e947be107,"Structure Tone, LLC",69f10c28beb6279e947be4c9,"DFW1DC4 - QTS Irving DC4, LLC",evidenceOfInsurance,Evidence of Insurance,excessOrUmbrellaLiability,Umbrella/Excess Liability,evidenceOfInsuranceExcessOrUmbrellaLiabilityPrimaryAndNonContributoryEndorsement,Primary and Non-Contributory,"---prompt---
Determine if the Umbrella/Excess Liability policy provides primary and non-contributory coverage for the certificate holder. Evidence may include: a checked ""Primary"" box on the certificate, mention in the Description of Operations section stating ""primary and non-contributory"", or reference to ""follow form"" status (which would extend underlying primary status). Look for language indicating this policy will pay first before other applicable insurance and will not seek contribution.",matchOnce,must be present,,Present,compliant,Standard 12,,,false,1,,2026-08-16
QTS Data Centers,6a7ca768f08d6e4a3cf1fc6d,69f0f3c5beb6279e947be107,"Structure Tone, LLC",69f10c28beb6279e947be4c9,"DFW1DC4 - QTS Irving DC4, LLC",evidenceOfInsurance,Evidence of Insurance,workersCompensation,Workers' Compensation and Employer's Liability,evidenceOfInsuranceWorkersCompensationStatutoryLimits,Statutory Limits,,matchOnce,must be present,,Present,compliant,Standard 12,,,false,1,,2026-08-16
QTS Data Centers,6a7ca768f08d6e4a3cf1fc6d,69f0f3c5beb6279e947be107,"Structure Tone, LLC",69f10c28beb6279e947be4c9,"DFW1DC4 - QTS Irving DC4, LLC",evidenceOfInsurance,Evidence of Insurance,workersCompensation,Workers' Compensation and Employer's Liability,evidenceOfInsuranceWorkersCompensationEmployersLiabilityDiseaseEachEmployee,Employer's Liability Disease - each employee,,matchOnce,must be greater or equal to,500000,2000000,compliant,Standard 12,,,false,1,,2026-08-16
QTS Data Centers,6a7ca768f08d6e4a3cf1fc6d,69f0f3c5beb6279e947be107,"Structure Tone, LLC",69f10c28beb6279e947be4c9,"DFW1DC4 - QTS Irving DC4, LLC",evidenceOfInsurance,Evidence of Insurance,workersCompensation,Workers' Compensation and Employer's Liability,evidenceOfInsuranceWorkersCompensationEmployersLiabilityDiseasePolicyLimit,Employer's Liability Disease - policy limit,,matchOnce,must be greater or equal to,500000,2000000,compliant,Standard 12,,,false,1,,2026-08-16
QTS Data Centers,6a7ca768f08d6e4a3cf1fc6d,69f0f3c5beb6279e947be107,"Structure Tone, LLC",69f10c28beb6279e947be4c9,"DFW1DC4 - QTS Irving DC4, LLC",evidenceOfInsurance,Evidence of Insurance,workersCompensation,Workers' Compensation and Employer's Liability,evidenceOfInsuranceWorkersCompensationEmployersLiabilityEachAccident,Employer's Liability Each Accident,,matchOnce,must be greater or equal to,500000,2000000,compliant,Standard 12,,,false,1,,2026-08-16
QTS Data Centers,6a7ca768f08d6e4a3cf1fc6d,69f0f3c5beb6279e947be107,"Structure Tone, LLC",69f10c28beb6279e947be4c9,"DFW1DC4 - QTS Irving DC4, LLC",evidenceOfInsurance,Evidence of Insurance,workersCompensation,Workers' Compensation and Employer's Liability,evidenceOfInsuranceWorkersCompensationWaiverOfSubrogationEndorsement,Waiver of Subrogation,"---prompt---
Determine if the insurer has waived their right of subrogation in favor of the certificate holder under the Workers' Compensation policy. Evidence may include: a checked ""Waiver of Subrogation"" box on the certificate, mention in the Description of Operations section stating ""waiver of subrogation applies"", or reference to form WC 00 03 13. Look for language like ""subrogation is waived"" or ""per written contract"".",matchOnce,must be present,,Present,compliant,Standard 12,,,false,1,,2026-08-16
QTS Data Centers,6a7ca768f08d6e4a3cf1fc6d,69f0f3c5beb6279e947be107,"Structure Tone, LLC",69f10c28beb6279e947be4c9,"DFW1DC4 - QTS Irving DC4, LLC",evidenceOfInsurance,Evidence of Insurance,professional,Professional Liability,evidenceOfInsuranceProfessionalLimitsEachClaim,Each Claim,,matchOnce,must be greater or equal to,2000000,,non_compliant,Standard 12,,,false,0,,2026-08-16
QTS Data Centers,6a7ca768f08d6e4a3cf1fc6d,69f0f3c5beb6279e947be107,"Structure Tone, LLC",69f10c28beb6279e947be4c9,"DFW1DC4 - QTS Irving DC4, LLC",evidenceOfInsurance,Evidence of Insurance,professional,Professional Liability,d672162b-0115-567e-ac40-48cb8d46cdc0,"Professional Liability Coverage Deductible must be less than or equal to $100,000",,matchOnce,must be present,,,waived,Standard 12,Per client (Mary Sparling) - exception granted for Professional Liab $100k deductible max. $1M deductible is acceptable per $10M Professional Liability limit. 2026-08-14 (LM),,true,0,,2026-08-16
QTS Data Centers,6a7ca768f08d6e4a3cf1fc6d,69f0f3c5beb6279e947be107,"Structure Tone, LLC",69f10c28beb6279e947be4c9,"DFW1DC4 - QTS Irving DC4, LLC",evidenceOfInsurance,Evidence of Insurance,6ac20aae-5728-5d57-b364-aeba38527dba,Additional Requirements,655cb50e-155d-5f8c-af5e-e7386263aa58,"Certificate Holder must read as: ""Quality Technology Services, LLC, 
Attention: Procurement Department
300 Satellite Blvd NW, Suwanee, GA 30024.""",,matchOnce,must be present,,,non_compliant,Standard 12,,,true,0,,2026-08-16
QTS Data Centers,6a7ca768f08d6e4a3cf1fc6d,69f0f3c5beb6279e947be107,"Structure Tone, LLC",69f10c28beb6279e947be4c9,"DFW1DC4 - QTS Irving DC4, LLC",evidenceOfInsurance,Evidence of Insurance,6ac20aae-5728-5d57-b364-aeba38527dba,Additional Requirements,25da7a11-b805-5d7d-8deb-65519e743757,"Description of Operations must read: Quality Tech, LP, and its officers, directors, employees, parents, subsidiaries, affiliates, and related companies, successors, and permitted assigns",,matchOnce,must be present,,,non_compliant,Standard 12,,,true,0,,2026-08-16
QTS Data Centers,6a7ca768f08d6e4a3cf1fc6d,69f0f3c5beb6279e947be107,"Structure Tone, LLC",69f10c28beb6279e947be4c9,"DFW1DC4 - QTS Irving DC4, LLC",evidenceOfInsurance,Evidence of Insurance,6ac20aae-5728-5d57-b364-aeba38527dba,Additional Requirements,03d7ddc3-a527-5f18-bdf6-355eb23cd9de,30-Day Notice of Cancellation must be present,,matchOnce,must be present,,Present,compliant,Standard 12,,,true,1,,2026-08-16
QTS Data Centers,6a7ca768f08d6e4a3cf1fc6d,69f0f3c5beb6279e947be107,"Structure Tone, LLC",69f10c28beb6279e947be4c9,"DFW1DC4 - QTS Irving DC4, LLC",evidenceOfInsurance,Evidence of Insurance,6ac20aae-5728-5d57-b364-aeba38527dba,Additional Requirements,8d7b12d5-c6dc-5efe-8cbd-acd9adedde5b,"Description of Operations must read: DFW1-DC4 Core, Shell & Office, located at 6311 Long Horn Drive, Irving, TX 75063",,matchOnce,must be present,,,non_compliant,Standard 12,,,true,0,,2026-08-16
QTS Data Centers,6a7ca768f08d6e4a3cf1fc6d,69f0f3c5beb6279e947be107,"Structure Tone, LLC",69f10c28beb6279e947be4c9,"DFW1DC4 - QTS Irving DC4, LLC",evidenceOfInsurance,Evidence of Insurance,6ac20aae-5728-5d57-b364-aeba38527dba,Additional Requirements,24a2347c-ab39-5dea-a6af-ad750440dde1,"Description of Operations must read: Commercial General Liability shall not include the following endorsements/exclusions or equivalent:

1. CG 2149 or CG 2155 o CG 2198 (Absolute Pollution Exclusion)
2. CG 2294 or CG 2295 (Damage to Work Performed by Contractors Exclusion)
3. CG 2139 (Contractual Limitation Endorsement)
4. CG 2196 (Silica or Silica Dust Exclusion), unless otherwise covered under an applicable pollution policy.
5. CG 2142 (Explosion, Collapse or Underground Exclusion)",,matchOnce,must be present,,,non_compliant,Standard 12,,,true,0,,2026-08-16
QTS Data Centers,6a7ca768f08d6e4a3cf1fc6d,69f0f3c5beb6279e947be107,"Structure Tone, LLC",69f10c28beb6279e947be4c9,"DFW1DC4 - QTS Irving DC4, LLC",evidenceOfInsurance,Evidence of Insurance,6ac20aae-5728-5d57-b364-aeba38527dba,Additional Requirements,71685e25-c6d0-5692-aaaf-30f59a2f9a83,"Description of Operations must read: Workers Compensation shall include ""all states"" coverage",,matchOnce,must be present,,,non_compliant,Standard 12,,,true,0,,2026-08-16
QTS Data Centers,6a15b733bd30da3db41030e2,69f0f3c4beb6279e947be0da,"Clayco, Inc.",69f10c28beb6279e947be4e1,"PHX2DC4 - QTS Phoenix II DC4, LLC",evidenceOfInsurance,Evidence of Insurance,commercialGeneralLiability,Commercial General Liability,evidenceOfInsuranceCommercialGeneralLiabilityAMBestRating,AM Best Rating,,matchOnce,must be greater or equal to,140,150,compliant,Standard 4,,,false,2,,2026-08-16
QTS Data Centers,6a15b733bd30da3db41030e2,69f0f3c4beb6279e947be0da,"Clayco, Inc.",69f10c28beb6279e947be4e1,"PHX2DC4 - QTS Phoenix II DC4, LLC",evidenceOfInsurance,Evidence of Insurance,commercialGeneralLiability,Commercial General Liability,evidenceOfInsuranceCommercialGeneralLiabilityAMBestFinancialStrength,AM Best Financial Strength,,matchOnce,must be greater or equal to,100,150,compliant,Standard 4,,,false,2,,2026-08-16
QTS Data Centers,6a15b733bd30da3db41030e2,69f0f3c4beb6279e947be0da,"Clayco, Inc.",69f10c28beb6279e947be4e1,"PHX2DC4 - QTS Phoenix II DC4, LLC",evidenceOfInsurance,Evidence of Insurance,commercialGeneralLiability,Commercial General Liability,evidenceOfInsuranceCommercialGeneralLiabilityCoverageTriggerOccurrence,Coverage Trigger: Occurrence,,matchOnce,must be present,,Present,compliant,Standard 4,,,false,2,,2026-08-16
QTS Data Centers,6a15b733bd30da3db41030e2,69f0f3c4beb6279e947be0da,"Clayco, Inc.",69f10c28beb6279e947be4e1,"PHX2DC4 - QTS Phoenix II DC4, LLC",evidenceOfInsurance,Evidence of Insurance,commercialGeneralLiability,Commercial General Liability,evidenceOfInsuranceCommercialGeneralLiabilityGeneralAggregateLimitAppliesPerProject,General Aggregate Limit Applies per: Project,,matchOnce,must be present,,Present,compliant,Standard 4,,,false,2,,2026-08-16
QTS Data Centers,6a15b733bd30da3db41030e2,69f0f3c4beb6279e947be0da,"Clayco, Inc.",69f10c28beb6279e947be4e1,"PHX2DC4 - QTS Phoenix II DC4, LLC",evidenceOfInsurance,Evidence of Insurance,commercialGeneralLiability,Commercial General Liability,evidenceOfInsuranceCommercialGeneralLiabilityEachOccurrence,Each Occurrence,,matchOnce,must be greater or equal to,2000000,5000000,compliant,Standard 4,,,false,2,,2026-08-16
QTS Data Centers,6a15b733bd30da3db41030e2,69f0f3c4beb6279e947be0da,"Clayco, Inc.",69f10c28beb6279e947be4e1,"PHX2DC4 - QTS Phoenix II DC4, LLC",evidenceOfInsurance,Evidence of Insurance,commercialGeneralLiability,Commercial General Liability,evidenceOfInsuranceCommercialGeneralLiabilityGeneralAggregate,General Aggregate,,matchOnce,must be greater or equal to,5000000,10000000,compliant,Standard 4,,,false,2,,2026-08-16
QTS Data Centers,6a15b733bd30da3db41030e2,69f0f3c4beb6279e947be0da,"Clayco, Inc.",69f10c28beb6279e947be4e1,"PHX2DC4 - QTS Phoenix II DC4, LLC",evidenceOfInsurance,Evidence of Insurance,commercialGeneralLiability,Commercial General Liability,evidenceOfInsuranceCommercialGeneralLiabilityProducsCompletedOperationsAggregate,Products/Completed Operations Aggregate,,matchOnce,must be greater or equal to,5000000,10000000,compliant,Standard 4,,,false,2,,2026-08-16
QTS Data Centers,6a15b733bd30da3db41030e2,69f0f3c4beb6279e947be0da,"Clayco, Inc.",69f10c28beb6279e947be4e1,"PHX2DC4 - QTS Phoenix II DC4, LLC",evidenceOfInsurance,Evidence of Insurance,commercialGeneralLiability,Commercial General Liability,evidenceOfInsuranceCommercialGeneralLiabilityAdditionalInsuredEndorsementOngoingOps,Additional Insured - Ongoing Operations,"---prompt---
Verify that additional insured coverage specifically includes ongoing operations. Look in the Description of Operations section for language like ""additional insured for ongoing operations"", ""CG 20 10"", ""CG 20 37"", or ""operations performed by or on behalf of the named insured"". The coverage should explicitly reference ongoing work, not just completed operations.",matchOnce,must be present,,Present,compliant,Standard 4,,,false,2,,2026-08-16
QTS Data Centers,6a15b733bd30da3db41030e2,69f0f3c4beb6279e947be0da,"Clayco, Inc.",69f10c28beb6279e947be4e1,"PHX2DC4 - QTS Phoenix II DC4, LLC",evidenceOfInsurance,Evidence of Insurance,commercialGeneralLiability,Commercial General Liability,evidenceOfInsuranceCommercialGeneralLiabilityAdditionalInsuredEndorsementCompletedOps,Additional Insured - Completed Operations,"---prompt---
Verify that additional insured coverage specifically includes completed operations. Look in the Description of Operations section for language like ""additional insured for completed operations"", ""CG 20 37"", ""products-completed operations"", or similar. This coverage protects the certificate holder for claims arising after work is finished.",matchOnce,must be present,,Present,compliant,Standard 4,,,false,2,,2026-08-16
QTS Data Centers,6a15b733bd30da3db41030e2,69f0f3c4beb6279e947be0da,"Clayco, Inc.",69f10c28beb6279e947be4e1,"PHX2DC4 - QTS Phoenix II DC4, LLC",evidenceOfInsurance,Evidence of Insurance,commercialGeneralLiability,Commercial General Liability,evidenceOfInsuranceCommercialGeneralLiabilityWaiverOfSubrogationEndorsement,Waiver of Subrogation,"---prompt---
Determine if the insurer has waived their right of subrogation in favor of the certificate holder under the Commercial General Liability policy. Evidence may include: a checked ""Waiver of Subrogation"" box on the certificate, mention in the Description of Operations section stating ""waiver of subrogation applies"", or reference to form CG 24 04. Look for language like ""subrogation is waived"" or ""per written contract"".",matchOnce,must be present,,Present,compliant,Standard 4,,,false,2,,2026-08-16
QTS Data Centers,6a15b733bd30da3db41030e2,69f0f3c4beb6279e947be0da,"Clayco, Inc.",69f10c28beb6279e947be4e1,"PHX2DC4 - QTS Phoenix II DC4, LLC",evidenceOfInsurance,Evidence of Insurance,commercialGeneralLiability,Commercial General Liability,evidenceOfInsuranceCommercialGeneralLiabilityPrimaryAndNonContributoryEndorsement,Primary and Non-Contributory,"---prompt---
Determine if the Commercial General Liability policy provides primary and non-contributory coverage for the certificate holder. Evidence may include: a checked ""Primary"" box on the certificate, mention in the Description of Operations section stating ""primary and non-contributory"", or reference to endorsement CG 20 01. Look for language indicating this policy will pay first before other applicable insurance and will not seek contribution.",matchOnce,must be present,,Present,compliant,Standard 4,,,false,2,,2026-08-16
QTS Data Centers,6a15b733bd30da3db41030e2,69f0f3c4beb6279e947be0da,"Clayco, Inc.",69f10c28beb6279e947be4e1,"PHX2DC4 - QTS Phoenix II DC4, LLC",evidenceOfInsurance,Evidence of Insurance,commercialGeneralLiability,Commercial General Liability,9c28ed56-e307-5cf9-88e9-0ada1f283104,Physical 30 Days Notice of Cancellation - 10 Days Notice for Non Payment Endorsement must be present,,matchOnce,must be present,,Present,compliant,Standard 4,,,true,1,,2026-08-16
QTS Data Centers,6a15b733bd30da3db41030e2,69f0f3c4beb6279e947be0da,"Clayco, Inc.",69f10c28beb6279e947be4e1,"PHX2DC4 - QTS Phoenix II DC4, LLC",evidenceOfInsurance,Evidence of Insurance,automobileLiability,Automobile Liability,evidenceOfInsuranceAutomobileLiabilityCombinedSingleLimitEachAccident,Combined Single Limit (each accident),,matchOnce,must be greater or equal to,1000000,2000000,compliant,Standard 4,,,false,2,,2026-08-16
QTS Data Centers,6a15b733bd30da3db41030e2,69f0f3c4beb6279e947be0da,"Clayco, Inc.",69f10c28beb6279e947be4e1,"PHX2DC4 - QTS Phoenix II DC4, LLC",evidenceOfInsurance,Evidence of Insurance,automobileLiability,Automobile Liability,evidenceOfInsuranceAutomobileLiabilityCoverageAppliesToOwnedAutosOnly,Coverage Applies To: Owned Autos Only,,matchOnce,must be present,,Present,compliant,Standard 4,,,false,2,,2026-08-16
QTS Data Centers,6a15b733bd30da3db41030e2,69f0f3c4beb6279e947be0da,"Clayco, Inc.",69f10c28beb6279e947be4e1,"PHX2DC4 - QTS Phoenix II DC4, LLC",evidenceOfInsurance,Evidence of Insurance,automobileLiability,Automobile Liability,evidenceOfInsuranceAutomobileLiabilityCoverageAppliesToNonOwnedAutosOnly,Coverage Applies To: Non-Owned Autos Only,,matchOnce,must be present,,Present,compliant,Standard 4,,,false,2,,2026-08-16
QTS Data Centers,6a15b733bd30da3db41030e2,69f0f3c4beb6279e947be0da,"Clayco, Inc.",69f10c28beb6279e947be4e1,"PHX2DC4 - QTS Phoenix II DC4, LLC",evidenceOfInsurance,Evidence of Insurance,automobileLiability,Automobile Liability,evidenceOfInsuranceAutomobileLiabilityCoverageAppliesToHiredAutosOnly,Coverage Applies To: Hired Autos Only,,matchOnce,must be present,,Present,compliant,Standard 4,,,false,2,,2026-08-16
QTS Data Centers,6a15b733bd30da3db41030e2,69f0f3c4beb6279e947be0da,"Clayco, Inc.",69f10c28beb6279e947be4e1,"PHX2DC4 - QTS Phoenix II DC4, LLC",evidenceOfInsurance,Evidence of Insurance,automobileLiability,Automobile Liability,evidenceOfInsuranceAutomobileLiabilityAdditionalInsuredEndorsement,Additional Insured,"---prompt---
Determine if the certificate holder is covered as an additional insured under the Automobile Liability policy. Evidence may include: a checked ""Additional Insured"" box on the certificate for the auto section, mention in the Description of Operations section, or reference to blanket additional insured coverage. Look for form number CA 20 48 or language like ""certificate holder is additional insured"" or ""per written contract"".",matchOnce,must be present,,Present,compliant,Standard 4,,,false,2,,2026-08-16
QTS Data Centers,6a15b733bd30da3db41030e2,69f0f3c4beb6279e947be0da,"Clayco, Inc.",69f10c28beb6279e947be4e1,"PHX2DC4 - QTS Phoenix II DC4, LLC",evidenceOfInsurance,Evidence of Insurance,automobileLiability,Automobile Liability,evidenceOfInsuranceAutomobileLiabilityWaiverOfSubrogationEndorsement,Waiver of Subrogation,"---prompt---
Determine if the insurer has waived their right of subrogation in favor of the certificate holder under the Automobile Liability policy. Evidence may include: a checked ""Waiver of Subrogation"" box on the certificate, mention in the Description of Operations section stating ""waiver of subrogation applies"", or reference to form CA 04 44. Look for language like ""subrogation is waived"" or ""per written contract"".",matchOnce,must be present,,Present,compliant,Standard 4,,,false,2,,2026-08-16
QTS Data Centers,6a15b733bd30da3db41030e2,69f0f3c4beb6279e947be0da,"Clayco, Inc.",69f10c28beb6279e947be4e1,"PHX2DC4 - QTS Phoenix II DC4, LLC",evidenceOfInsurance,Evidence of Insurance,automobileLiability,Automobile Liability,evidenceOfInsuranceAutomobileLiabilityPrimaryAndNonContributoryEndorsement,Primary and Non-Contributory,"---prompt---
Determine if the Automobile Liability policy provides primary and non-contributory coverage for the certificate holder. Evidence may include: a checked ""Primary"" box on the certificate, mention in the Description of Operations section stating ""primary and non-contributory"". Look for language indicating this policy will pay first before other applicable insurance and will not seek contribution.",matchOnce,must be present,,Present,compliant,Standard 4,,,false,2,,2026-08-16
QTS Data Centers,6a15b733bd30da3db41030e2,69f0f3c4beb6279e947be0da,"Clayco, Inc.",69f10c28beb6279e947be4e1,"PHX2DC4 - QTS Phoenix II DC4, LLC",evidenceOfInsurance,Evidence of Insurance,automobileLiability,Automobile Liability,0e6f6daa-effc-5c25-af03-4f7e657ae801,Physical MCS-90 Endorsement must be present,,matchOnce,must be present,,Present,compliant,Standard 4,,,true,1,,2026-08-16
QTS Data Centers,6a15b733bd30da3db41030e2,69f0f3c4beb6279e947be0da,"Clayco, Inc.",69f10c28beb6279e947be4e1,"PHX2DC4 - QTS Phoenix II DC4, LLC",evidenceOfInsurance,Evidence of Insurance,excessOrUmbrellaLiability,Umbrella/Excess Liability,evidenceOfInsuranceExcessOrUmbrellaLiabilityOccurence,Coverage Trigger: Occurrence,,matchOnce,must be present,,Present,compliant,Standard 4,,,false,2,,2026-08-16
QTS Data Centers,6a15b733bd30da3db41030e2,69f0f3c4beb6279e947be0da,"Clayco, Inc.",69f10c28beb6279e947be4e1,"PHX2DC4 - QTS Phoenix II DC4, LLC",evidenceOfInsurance,Evidence of Insurance,excessOrUmbrellaLiability,Umbrella/Excess Liability,evidenceOfInsuranceExcessOrUmbrellaLiabilityEachOccurrence,Each Occurrence,,matchOnce,must be greater or equal to,5000000,15000000,compliant,Standard 4,,,false,2,,2026-08-16
QTS Data Centers,6a15b733bd30da3db41030e2,69f0f3c4beb6279e947be0da,"Clayco, Inc.",69f10c28beb6279e947be4e1,"PHX2DC4 - QTS Phoenix II DC4, LLC",evidenceOfInsurance,Evidence of Insurance,excessOrUmbrellaLiability,Umbrella/Excess Liability,evidenceOfInsuranceExcessOrUmbrellaLiabilityAdditionalInsuredEndorsement,Additional Insured,"---prompt---
Determine if the certificate holder is covered as an additional insured under the Umbrella/Excess Liability policy. Evidence may include: a checked ""Additional Insured"" box on the certificate for the umbrella section, mention in the Description of Operations section, reference to ""follow form"" status (which would extend underlying additional insured status), or explicit language naming the certificate holder as additional insured on the umbrella.",matchOnce,must be present,,Present,compliant,Standard 4,,,false,2,,2026-08-16
QTS Data Centers,6a15b733bd30da3db41030e2,69f0f3c4beb6279e947be0da,"Clayco, Inc.",69f10c28beb6279e947be4e1,"PHX2DC4 - QTS Phoenix II DC4, LLC",evidenceOfInsurance,Evidence of Insurance,excessOrUmbrellaLiability,Umbrella/Excess Liability,evidenceOfInsuranceExcessOrUmbrellaLiabilityWaiverOfSubrogationEndorsement,Waiver of Subrogation,"---prompt---
Determine if the insurer has waived their right of subrogation in favor of the certificate holder under the Umbrella/Excess Liability policy. Evidence may include: a checked ""Waiver of Subrogation"" box on the certificate, mention in the Description of Operations section stating ""waiver of subrogation applies"", or reference to ""follow form"" status (which would extend underlying waiver). Look for language like ""subrogation is waived"" or ""per written contract"".",matchOnce,must be present,,Present,compliant,Standard 4,,,false,2,,2026-08-16
QTS Data Centers,6a15b733bd30da3db41030e2,69f0f3c4beb6279e947be0da,"Clayco, Inc.",69f10c28beb6279e947be4e1,"PHX2DC4 - QTS Phoenix II DC4, LLC",evidenceOfInsurance,Evidence of Insurance,excessOrUmbrellaLiability,Umbrella/Excess Liability,evidenceOfInsuranceExcessOrUmbrellaLiabilityPrimaryAndNonContributoryEndorsement,Primary and Non-Contributory,"---prompt---
Determine if the Umbrella/Excess Liability policy provides primary and non-contributory coverage for the certificate holder. Evidence may include: a checked ""Primary"" box on the certificate, mention in the Description of Operations section stating ""primary and non-contributory"", or reference to ""follow form"" status (which would extend underlying primary status). Look for language indicating this policy will pay first before other applicable insurance and will not seek contribution.",matchOnce,must be present,,Present,compliant,Standard 4,,,false,2,,2026-08-16
QTS Data Centers,6a15b733bd30da3db41030e2,69f0f3c4beb6279e947be0da,"Clayco, Inc.",69f10c28beb6279e947be4e1,"PHX2DC4 - QTS Phoenix II DC4, LLC",evidenceOfInsurance,Evidence of Insurance,workersCompensation,Workers' Compensation and Employer's Liability,evidenceOfInsuranceWorkersCompensationStatutoryLimits,Statutory Limits,,matchOnce,must be present,,Present,compliant,Standard 4,,,false,2,,2026-08-16
QTS Data Centers,6a15b733bd30da3db41030e2,69f0f3c4beb6279e947be0da,"Clayco, Inc.",69f10c28beb6279e947be4e1,"PHX2DC4 - QTS Phoenix II DC4, LLC",evidenceOfInsurance,Evidence of Insurance,workersCompensation,Workers' Compensation and Employer's Liability,evidenceOfInsuranceWorkersCompensationEmployersLiabilityDiseaseEachEmployee,Employer's Liability Disease - each employee,,matchOnce,must be greater or equal to,500000,1000000,compliant,Standard 4,,,false,2,,2026-08-16
QTS Data Centers,6a15b733bd30da3db41030e2,69f0f3c4beb6279e947be0da,"Clayco, Inc.",69f10c28beb6279e947be4e1,"PHX2DC4 - QTS Phoenix II DC4, LLC",evidenceOfInsurance,Evidence of Insurance,workersCompensation,Workers' Compensation and Employer's Liability,evidenceOfInsuranceWorkersCompensationEmployersLiabilityDiseasePolicyLimit,Employer's Liability Disease - policy limit,,matchOnce,must be greater or equal to,500000,1000000,compliant,Standard 4,,,false,2,,2026-08-16
QTS Data Centers,6a15b733bd30da3db41030e2,69f0f3c4beb6279e947be0da,"Clayco, Inc.",69f10c28beb6279e947be4e1,"PHX2DC4 - QTS Phoenix II DC4, LLC",evidenceOfInsurance,Evidence of Insurance,workersCompensation,Workers' Compensation and Employer's Liability,evidenceOfInsuranceWorkersCompensationEmployersLiabilityEachAccident,Employer's Liability Each Accident,,matchOnce,must be greater or equal to,500000,1000000,compliant,Standard 4,,,false,2,,2026-08-16
QTS Data Centers,6a15b733bd30da3db41030e2,69f0f3c4beb6279e947be0da,"Clayco, Inc.",69f10c28beb6279e947be4e1,"PHX2DC4 - QTS Phoenix II DC4, LLC",evidenceOfInsurance,Evidence of Insurance,workersCompensation,Workers' Compensation and Employer's Liability,evidenceOfInsuranceWorkersCompensationWaiverOfSubrogationEndorsement,Waiver of Subrogation,"---prompt---
Determine if the insurer has waived their right of subrogation in favor of the certificate holder under the Workers' Compensation policy. Evidence may include: a checked ""Waiver of Subrogation"" box on the certificate, mention in the Description of Operations section stating ""waiver of subrogation applies"", or reference to form WC 00 03 13. Look for language like ""subrogation is waived"" or ""per written contract"".",matchOnce,must be present,,Present,compliant,Standard 4,,,false,2,,2026-08-16
QTS Data Centers,6a15b733bd30da3db41030e2,69f0f3c4beb6279e947be0da,"Clayco, Inc.",69f10c28beb6279e947be4e1,"PHX2DC4 - QTS Phoenix II DC4, LLC",evidenceOfInsurance,Evidence of Insurance,professional,Professional Liability,evidenceOfInsuranceProfessionalLimitsEachClaim,Each Claim,,matchOnce,must be greater or equal to,2000000,5000000,compliant,Standard 4,,,false,1,,2026-08-16
QTS Data Centers,6a15b733bd30da3db41030e2,69f0f3c4beb6279e947be0da,"Clayco, Inc.",69f10c28beb6279e947be4e1,"PHX2DC4 - QTS Phoenix II DC4, LLC",evidenceOfInsurance,Evidence of Insurance,professional,Professional Liability,d672162b-0115-567e-ac40-48cb8d46cdc0,"Professional Liability Coverage Deductible must be less than or equal to $100,000",,matchOnce,must be present,,Present,compliant,Standard 4,,,true,1,,2026-08-16
QTS Data Centers,6a15b733bd30da3db41030e2,69f0f3c4beb6279e947be0da,"Clayco, Inc.",69f10c28beb6279e947be4e1,"PHX2DC4 - QTS Phoenix II DC4, LLC",evidenceOfInsurance,Evidence of Insurance,6ac20aae-5728-5d57-b364-aeba38527dba,Additional Requirements,655cb50e-155d-5f8c-af5e-e7386263aa58,"Certificate Holder must read as: ""Quality Technology Services, LLC, 
Attention: Procurement Department
300 Satellite Blvd NW, Suwanee, GA 30024.""",,matchOnce,must be present,,Present,compliant,Standard 4,,,true,2,,2026-08-16
QTS Data Centers,6a15b733bd30da3db41030e2,69f0f3c4beb6279e947be0da,"Clayco, Inc.",69f10c28beb6279e947be4e1,"PHX2DC4 - QTS Phoenix II DC4, LLC",evidenceOfInsurance,Evidence of Insurance,6ac20aae-5728-5d57-b364-aeba38527dba,Additional Requirements,25da7a11-b805-5d7d-8deb-65519e743757,"Description of Operations must read: Quality Tech, LP, and its officers, directors, employees, parents, subsidiaries, affiliates, and related companies, successors, and permitted assigns",,matchOnce,must be present,,Present,compliant,Standard 4,,,true,2,,2026-08-16
QTS Data Centers,6a15b733bd30da3db41030e2,69f0f3c4beb6279e947be0da,"Clayco, Inc.",69f10c28beb6279e947be4e1,"PHX2DC4 - QTS Phoenix II DC4, LLC",evidenceOfInsurance,Evidence of Insurance,6ac20aae-5728-5d57-b364-aeba38527dba,Additional Requirements,03d7ddc3-a527-5f18-bdf6-355eb23cd9de,30-Day Notice of Cancellation must be present,,matchOnce,must be present,,Present,compliant,Standard 4,,,true,2,,2026-08-16
QTS Data Centers,6a15b733bd30da3db41030e2,69f0f3c4beb6279e947be0da,"Clayco, Inc.",69f10c28beb6279e947be4e1,"PHX2DC4 - QTS Phoenix II DC4, LLC",evidenceOfInsurance,Evidence of Insurance,6ac20aae-5728-5d57-b364-aeba38527dba,Additional Requirements,8d7b12d5-c6dc-5efe-8cbd-acd9adedde5b,"Description of Operations must read: PHX2DC4 (36 MW), located at 1450 N 40th Street, Phoenix, AZ 85008",,matchOnce,must be present,,Present,compliant,Standard 4,,,true,1,,2026-08-16
QTS Data Centers,6a15b733bd30da3db41030e2,69f0f3c4beb6279e947be0da,"Clayco, Inc.",69f10c28beb6279e947be4e1,"PHX2DC4 - QTS Phoenix II DC4, LLC",evidenceOfInsurance,Evidence of Insurance,6ac20aae-5728-5d57-b364-aeba38527dba,Additional Requirements,24a2347c-ab39-5dea-a6af-ad750440dde1,"Description of Operations must read: Commercial General Liability shall not include the following endorsements/exclusions or equivalent:

1. CG 2149 or CG 2155 o CG 2198 (Absolute Pollution Exclusion)
2. CG 2294 or CG 2295 (Damage to Work Performed by Contractors Exclusion)
3. CG 2139 (Contractual Limitation Endorsement)
4. CG 2196 (Silica or Silica Dust Exclusion), unless otherwise covered under an applicable pollution policy.
5. CG 2142 (Explosion, Collapse or Underground Exclusion)",,matchOnce,must be present,,Present,compliant,Standard 4,,,true,2,,2026-08-16
QTS Data Centers,6a15b733bd30da3db41030e2,69f0f3c4beb6279e947be0da,"Clayco, Inc.",69f10c28beb6279e947be4e1,"PHX2DC4 - QTS Phoenix II DC4, LLC",evidenceOfInsurance,Evidence of Insurance,6ac20aae-5728-5d57-b364-aeba38527dba,Additional Requirements,71685e25-c6d0-5692-aaaf-30f59a2f9a83,"Description of Operations must read: Workers Compensation shall include ""all states"" coverage",,matchOnce,must be present,,Present,compliant,Standard 4,,,true,2,,2026-08-16
QTS Data Centers,6a15b733bd30da3db41030e9,69f0f3c5beb6279e947be0ee,"HITT Contracting, Inc.",69f10c28beb6279e947be4ec,"MAN1DC5 - QTS Manassas DC-5, LLC",evidenceOfInsurance,Evidence of Insurance,commercialGeneralLiability,Commercial General Liability,evidenceOfInsuranceCommercialGeneralLiabilityAMBestRating,AM Best Rating,,matchOnce,must be greater or equal to,140,,non_compliant,Standard 7,,,false,0,,2026-08-16
QTS Data Centers,6a15b733bd30da3db41030e9,69f0f3c5beb6279e947be0ee,"HITT Contracting, Inc.",69f10c28beb6279e947be4ec,"MAN1DC5 - QTS Manassas DC-5, LLC",evidenceOfInsurance,Evidence of Insurance,commercialGeneralLiability,Commercial General Liability,evidenceOfInsuranceCommercialGeneralLiabilityAMBestFinancialStrength,AM Best Financial Strength,,matchOnce,must be greater or equal to,100,,non_compliant,Standard 7,,,false,0,,2026-08-16
QTS Data Centers,6a15b733bd30da3db41030e9,69f0f3c5beb6279e947be0ee,"HITT Contracting, Inc.",69f10c28beb6279e947be4ec,"MAN1DC5 - QTS Manassas DC-5, LLC",evidenceOfInsurance,Evidence of Insurance,commercialGeneralLiability,Commercial General Liability,evidenceOfInsuranceCommercialGeneralLiabilityCoverageTriggerOccurrence,Coverage Trigger: Occurrence,,matchOnce,must be present,,,non_compliant,Standard 7,,,false,0,,2026-08-16
QTS Data Centers,6a15b733bd30da3db41030e9,69f0f3c5beb6279e947be0ee,"HITT Contracting, Inc.",69f10c28beb6279e947be4ec,"MAN1DC5 - QTS Manassas DC-5, LLC",evidenceOfInsurance,Evidence of Insurance,commercialGeneralLiability,Commercial General Liability,evidenceOfInsuranceCommercialGeneralLiabilityGeneralAggregateLimitAppliesPerProject,General Aggregate Limit Applies per: Project,,matchOnce,must be present,,,non_compliant,Standard 7,,,false,0,,2026-08-16
QTS Data Centers,6a15b733bd30da3db41030e9,69f0f3c5beb6279e947be0ee,"HITT Contracting, Inc.",69f10c28beb6279e947be4ec,"MAN1DC5 - QTS Manassas DC-5, LLC",evidenceOfInsurance,Evidence of Insurance,commercialGeneralLiability,Commercial General Liability,evidenceOfInsuranceCommercialGeneralLiabilityEachOccurrence,Each Occurrence,,matchOnce,must be greater or equal to,2000000,,non_compliant,Standard 7,,,false,0,,2026-08-16
QTS Data Centers,6a15b733bd30da3db41030e9,69f0f3c5beb6279e947be0ee,"HITT Contracting, Inc.",69f10c28beb6279e947be4ec,"MAN1DC5 - QTS Manassas DC-5, LLC",evidenceOfInsurance,Evidence of Insurance,commercialGeneralLiability,Commercial General Liability,evidenceOfInsuranceCommercialGeneralLiabilityGeneralAggregate,General Aggregate,,matchOnce,must be greater or equal to,5000000,,non_compliant,Standard 7,,,false,0,,2026-08-16
QTS Data Centers,6a15b733bd30da3db41030e9,69f0f3c5beb6279e947be0ee,"HITT Contracting, Inc.",69f10c28beb6279e947be4ec,"MAN1DC5 - QTS Manassas DC-5, LLC",evidenceOfInsurance,Evidence of Insurance,commercialGeneralLiability,Commercial General Liability,evidenceOfInsuranceCommercialGeneralLiabilityProducsCompletedOperationsAggregate,Products/Completed Operations Aggregate,,matchOnce,must be greater or equal to,5000000,,non_compliant,Standard 7,,,false,0,,2026-08-16
QTS Data Centers,6a15b733bd30da3db41030e9,69f0f3c5beb6279e947be0ee,"HITT Contracting, Inc.",69f10c28beb6279e947be4ec,"MAN1DC5 - QTS Manassas DC-5, LLC",evidenceOfInsurance,Evidence of Insurance,commercialGeneralLiability,Commercial General Liability,evidenceOfInsuranceCommercialGeneralLiabilityAdditionalInsuredEndorsementOngoingOps,Additional Insured - Ongoing Operations,"---prompt---
Verify that additional insured coverage specifically includes ongoing operations. Look in the Description of Operations section for language like ""additional insured for ongoing operations"", ""CG 20 10"", ""CG 20 37"", or ""operations performed by or on behalf of the named insured"". The coverage should explicitly reference ongoing work, not just completed operations.",matchOnce,must be present,,,non_compliant,Standard 7,,,false,0,,2026-08-16
QTS Data Centers,6a15b733bd30da3db41030e9,69f0f3c5beb6279e947be0ee,"HITT Contracting, Inc.",69f10c28beb6279e947be4ec,"MAN1DC5 - QTS Manassas DC-5, LLC",evidenceOfInsurance,Evidence of Insurance,commercialGeneralLiability,Commercial General Liability,evidenceOfInsuranceCommercialGeneralLiabilityAdditionalInsuredEndorsementCompletedOps,Additional Insured - Completed Operations,"---prompt---
Verify that additional insured coverage specifically includes completed operations. Look in the Description of Operations section for language like ""additional insured for completed operations"", ""CG 20 37"", ""products-completed operations"", or similar. This coverage protects the certificate holder for claims arising after work is finished.",matchOnce,must be present,,,non_compliant,Standard 7,,,false,0,,2026-08-16
QTS Data Centers,6a15b733bd30da3db41030e9,69f0f3c5beb6279e947be0ee,"HITT Contracting, Inc.",69f10c28beb6279e947be4ec,"MAN1DC5 - QTS Manassas DC-5, LLC",evidenceOfInsurance,Evidence of Insurance,commercialGeneralLiability,Commercial General Liability,evidenceOfInsuranceCommercialGeneralLiabilityWaiverOfSubrogationEndorsement,Waiver of Subrogation,"---prompt---
Determine if the insurer has waived their right of subrogation in favor of the certificate holder under the Commercial General Liability policy. Evidence may include: a checked ""Waiver of Subrogation"" box on the certificate, mention in the Description of Operations section stating ""waiver of subrogation applies"", or reference to form CG 24 04. Look for language like ""subrogation is waived"" or ""per written contract"".",matchOnce,must be present,,,non_compliant,Standard 7,,,false,0,,2026-08-16
QTS Data Centers,6a15b733bd30da3db41030e9,69f0f3c5beb6279e947be0ee,"HITT Contracting, Inc.",69f10c28beb6279e947be4ec,"MAN1DC5 - QTS Manassas DC-5, LLC",evidenceOfInsurance,Evidence of Insurance,commercialGeneralLiability,Commercial General Liability,evidenceOfInsuranceCommercialGeneralLiabilityPrimaryAndNonContributoryEndorsement,Primary and Non-Contributory,"---prompt---
Determine if the Commercial General Liability policy provides primary and non-contributory coverage for the certificate holder. Evidence may include: a checked ""Primary"" box on the certificate, mention in the Description of Operations section stating ""primary and non-contributory"", or reference to endorsement CG 20 01. Look for language indicating this policy will pay first before other applicable insurance and will not seek contribution.",matchOnce,must be present,,,non_compliant,Standard 7,,,false,0,,2026-08-16
QTS Data Centers,6a15b733bd30da3db41030e9,69f0f3c5beb6279e947be0ee,"HITT Contracting, Inc.",69f10c28beb6279e947be4ec,"MAN1DC5 - QTS Manassas DC-5, LLC",evidenceOfInsurance,Evidence of Insurance,commercialGeneralLiability,Commercial General Liability,9c28ed56-e307-5cf9-88e9-0ada1f283104,Physical 30 Days Notice of Cancellation - 10 Days Notice for Non Payment Endorsement must be present,,matchOnce,must be present,,,non_compliant,Standard 7,,,true,0,,2026-08-16
QTS Data Centers,6a15b733bd30da3db41030e9,69f0f3c5beb6279e947be0ee,"HITT Contracting, Inc.",69f10c28beb6279e947be4ec,"MAN1DC5 - QTS Manassas DC-5, LLC",evidenceOfInsurance,Evidence of Insurance,automobileLiability,Automobile Liability,evidenceOfInsuranceAutomobileLiabilityCombinedSingleLimitEachAccident,Combined Single Limit (each accident),,matchOnce,must be greater or equal to,1000000,,non_compliant,Standard 7,,,false,0,,2026-08-16
QTS Data Centers,6a15b733bd30da3db41030e9,69f0f3c5beb6279e947be0ee,"HITT Contracting, Inc.",69f10c28beb6279e947be4ec,"MAN1DC5 - QTS Manassas DC-5, LLC",evidenceOfInsurance,Evidence of Insurance,automobileLiability,Automobile Liability,evidenceOfInsuranceAutomobileLiabilityCoverageAppliesToOwnedAutosOnly,Coverage Applies To: Owned Autos Only,,matchOnce,must be present,,,non_compliant,Standard 7,,,false,0,,2026-08-16
QTS Data Centers,6a15b733bd30da3db41030e9,69f0f3c5beb6279e947be0ee,"HITT Contracting, Inc.",69f10c28beb6279e947be4ec,"MAN1DC5 - QTS Manassas DC-5, LLC",evidenceOfInsurance,Evidence of Insurance,automobileLiability,Automobile Liability,evidenceOfInsuranceAutomobileLiabilityCoverageAppliesToNonOwnedAutosOnly,Coverage Applies To: Non-Owned Autos Only,,matchOnce,must be present,,,non_compliant,Standard 7,,,false,0,,2026-08-16
QTS Data Centers,6a15b733bd30da3db41030e9,69f0f3c5beb6279e947be0ee,"HITT Contracting, Inc.",69f10c28beb6279e947be4ec,"MAN1DC5 - QTS Manassas DC-5, LLC",evidenceOfInsurance,Evidence of Insurance,automobileLiability,Automobile Liability,evidenceOfInsuranceAutomobileLiabilityCoverageAppliesToHiredAutosOnly,Coverage Applies To: Hired Autos Only,,matchOnce,must be present,,,non_compliant,Standard 7,,,false,0,,2026-08-16
QTS Data Centers,6a15b733bd30da3db41030e9,69f0f3c5beb6279e947be0ee,"HITT Contracting, Inc.",69f10c28beb6279e947be4ec,"MAN1DC5 - QTS Manassas DC-5, LLC",evidenceOfInsurance,Evidence of Insurance,automobileLiability,Automobile Liability,evidenceOfInsuranceAutomobileLiabilityAdditionalInsuredEndorsement,Additional Insured,"---prompt---
Determine if the certificate holder is covered as an additional insured under the Automobile Liability policy. Evidence may include: a checked ""Additional Insured"" box on the certificate for the auto section, mention in the Description of Operations section, or reference to blanket additional insured coverage. Look for form number CA 20 48 or language like ""certificate holder is additional insured"" or ""per written contract"".",matchOnce,must be present,,,non_compliant,Standard 7,,,false,0,,2026-08-16
QTS Data Centers,6a15b733bd30da3db41030e9,69f0f3c5beb6279e947be0ee,"HITT Contracting, Inc.",69f10c28beb6279e947be4ec,"MAN1DC5 - QTS Manassas DC-5, LLC",evidenceOfInsurance,Evidence of Insurance,automobileLiability,Automobile Liability,evidenceOfInsuranceAutomobileLiabilityWaiverOfSubrogationEndorsement,Waiver of Subrogation,"---prompt---
Determine if the insurer has waived their right of subrogation in favor of the certificate holder under the Automobile Liability policy. Evidence may include: a checked ""Waiver of Subrogation"" box on the certificate, mention in the Description of Operations section stating ""waiver of subrogation applies"", or reference to form CA 04 44. Look for language like ""subrogation is waived"" or ""per written contract"".",matchOnce,must be present,,,non_compliant,Standard 7,,,false,0,,2026-08-16
QTS Data Centers,6a15b733bd30da3db41030e9,69f0f3c5beb6279e947be0ee,"HITT Contracting, Inc.",69f10c28beb6279e947be4ec,"MAN1DC5 - QTS Manassas DC-5, LLC",evidenceOfInsurance,Evidence of Insurance,automobileLiability,Automobile Liability,evidenceOfInsuranceAutomobileLiabilityPrimaryAndNonContributoryEndorsement,Primary and Non-Contributory,"---prompt---
Determine if the Automobile Liability policy provides primary and non-contributory coverage for the certificate holder. Evidence may include: a checked ""Primary"" box on the certificate, mention in the Description of Operations section stating ""primary and non-contributory"". Look for language indicating this policy will pay first before other applicable insurance and will not seek contribution.",matchOnce,must be present,,,non_compliant,Standard 7,,,false,0,,2026-08-16
QTS Data Centers,6a15b733bd30da3db41030e9,69f0f3c5beb6279e947be0ee,"HITT Contracting, Inc.",69f10c28beb6279e947be4ec,"MAN1DC5 - QTS Manassas DC-5, LLC",evidenceOfInsurance,Evidence of Insurance,automobileLiability,Automobile Liability,0e6f6daa-effc-5c25-af03-4f7e657ae801,Physical MCS-90 Endorsement must be present,,matchOnce,must be present,,,non_compliant,Standard 7,,,true,0,,2026-08-16
QTS Data Centers,6a15b733bd30da3db41030e9,69f0f3c5beb6279e947be0ee,"HITT Contracting, Inc.",69f10c28beb6279e947be4ec,"MAN1DC5 - QTS Manassas DC-5, LLC",evidenceOfInsurance,Evidence of Insurance,excessOrUmbrellaLiability,Umbrella/Excess Liability,evidenceOfInsuranceExcessOrUmbrellaLiabilityOccurence,Coverage Trigger: Occurrence,,matchOnce,must be present,,,non_compliant,Standard 7,,,false,0,,2026-08-16
QTS Data Centers,6a15b733bd30da3db41030e9,69f0f3c5beb6279e947be0ee,"HITT Contracting, Inc.",69f10c28beb6279e947be4ec,"MAN1DC5 - QTS Manassas DC-5, LLC",evidenceOfInsurance,Evidence of Insurance,excessOrUmbrellaLiability,Umbrella/Excess Liability,evidenceOfInsuranceExcessOrUmbrellaLiabilityEachOccurrence,Each Occurrence,,matchOnce,must be greater or equal to,25000000,,non_compliant,Standard 7,,,false,0,,2026-08-16
QTS Data Centers,6a15b733bd30da3db41030e9,69f0f3c5beb6279e947be0ee,"HITT Contracting, Inc.",69f10c28beb6279e947be4ec,"MAN1DC5 - QTS Manassas DC-5, LLC",evidenceOfInsurance,Evidence of Insurance,excessOrUmbrellaLiability,Umbrella/Excess Liability,evidenceOfInsuranceExcessOrUmbrellaLiabilityAdditionalInsuredEndorsement,Additional Insured,"---prompt---
Determine if the certificate holder is covered as an additional insured under the Umbrella/Excess Liability policy. Evidence may include: a checked ""Additional Insured"" box on the certificate for the umbrella section, mention in the Description of Operations section, reference to ""follow form"" status (which would extend underlying additional insured status), or explicit language naming the certificate holder as additional insured on the umbrella.",matchOnce,must be present,,,non_compliant,Standard 7,,,false,0,,2026-08-16
QTS Data Centers,6a15b733bd30da3db41030e9,69f0f3c5beb6279e947be0ee,"HITT Contracting, Inc.",69f10c28beb6279e947be4ec,"MAN1DC5 - QTS Manassas DC-5, LLC",evidenceOfInsurance,Evidence of Insurance,excessOrUmbrellaLiability,Umbrella/Excess Liability,evidenceOfInsuranceExcessOrUmbrellaLiabilityWaiverOfSubrogationEndorsement,Waiver of Subrogation,"---prompt---
Determine if the insurer has waived their right of subrogation in favor of the certificate holder under the Umbrella/Excess Liability policy. Evidence may include: a checked ""Waiver of Subrogation"" box on the certificate, mention in the Description of Operations section stating ""waiver of subrogation applies"", or reference to ""follow form"" status (which would extend underlying waiver). Look for language like ""subrogation is waived"" or ""per written contract"".",matchOnce,must be present,,,non_compliant,Standard 7,,,false,0,,2026-08-16
QTS Data Centers,6a15b733bd30da3db41030e9,69f0f3c5beb6279e947be0ee,"HITT Contracting, Inc.",69f10c28beb6279e947be4ec,"MAN1DC5 - QTS Manassas DC-5, LLC",evidenceOfInsurance,Evidence of Insurance,excessOrUmbrellaLiability,Umbrella/Excess Liability,evidenceOfInsuranceExcessOrUmbrellaLiabilityPrimaryAndNonContributoryEndorsement,Primary and Non-Contributory,"---prompt---
Determine if the Umbrella/Excess Liability policy provides primary and non-contributory coverage for the certificate holder. Evidence may include: a checked ""Primary"" box on the certificate, mention in the Description of Operations section stating ""primary and non-contributory"", or reference to ""follow form"" status (which would extend underlying primary status). Look for language indicating this policy will pay first before other applicable insurance and will not seek contribution.",matchOnce,must be present,,,non_compliant,Standard 7,,,false,0,,2026-08-16
QTS Data Centers,6a15b733bd30da3db41030e9,69f0f3c5beb6279e947be0ee,"HITT Contracting, Inc.",69f10c28beb6279e947be4ec,"MAN1DC5 - QTS Manassas DC-5, LLC",evidenceOfInsurance,Evidence of Insurance,workersCompensation,Workers' Compensation and Employer's Liability,evidenceOfInsuranceWorkersCompensationStatutoryLimits,Statutory Limits,,matchOnce,must be present,,,non_compliant,Standard 7,,,false,0,,2026-08-16
QTS Data Centers,6a15b733bd30da3db41030e9,69f0f3c5beb6279e947be0ee,"HITT Contracting, Inc.",69f10c28beb6279e947be4ec,"MAN1DC5 - QTS Manassas DC-5, LLC",evidenceOfInsurance,Evidence of Insurance,workersCompensation,Workers' Compensation and Employer's Liability,evidenceOfInsuranceWorkersCompensationEmployersLiabilityDiseaseEachEmployee,Employer's Liability Disease - each employee,,matchOnce,must be greater or equal to,1000000,,non_compliant,Standard 7,,,false,0,,2026-08-16
QTS Data Centers,6a15b733bd30da3db41030e9,69f0f3c5beb6279e947be0ee,"HITT Contracting, Inc.",69f10c28beb6279e947be4ec,"MAN1DC5 - QTS Manassas DC-5, LLC",evidenceOfInsurance,Evidence of Insurance,workersCompensation,Workers' Compensation and Employer's Liability,evidenceOfInsuranceWorkersCompensationEmployersLiabilityDiseasePolicyLimit,Employer's Liability Disease - policy limit,,matchOnce,must be greater or equal to,1000000,,non_compliant,Standard 7,,,false,0,,2026-08-16
QTS Data Centers,6a15b733bd30da3db41030e9,69f0f3c5beb6279e947be0ee,"HITT Contracting, Inc.",69f10c28beb6279e947be4ec,"MAN1DC5 - QTS Manassas DC-5, LLC",evidenceOfInsurance,Evidence of Insurance,workersCompensation,Workers' Compensation and Employer's Liability,evidenceOfInsuranceWorkersCompensationEmployersLiabilityEachAccident,Employer's Liability Each Accident,,matchOnce,must be greater or equal to,1000000,,non_compliant,Standard 7,,,false,0,,2026-08-16
QTS Data Centers,6a15b733bd30da3db41030e9,69f0f3c5beb6279e947be0ee,"HITT Contracting, Inc.",69f10c28beb6279e947be4ec,"MAN1DC5 - QTS Manassas DC-5, LLC",evidenceOfInsurance,Evidence of Insurance,workersCompensation,Workers' Compensation and Employer's Liability,evidenceOfInsuranceWorkersCompensationWaiverOfSubrogationEndorsement,Waiver of Subrogation,"---prompt---
Determine if the insurer has waived their right of subrogation in favor of the certificate holder under the Workers' Compensation policy. Evidence may include: a checked ""Waiver of Subrogation"" box on the certificate, mention in the Description of Operations section stating ""waiver of subrogation applies"", or reference to form WC 00 03 13. Look for language like ""subrogation is waived"" or ""per written contract"".",matchOnce,must be present,,,non_compliant,Standard 7,,,false,0,,2026-08-16
QTS Data Centers,6a15b733bd30da3db41030e9,69f0f3c5beb6279e947be0ee,"HITT Contracting, Inc.",69f10c28beb6279e947be4ec,"MAN1DC5 - QTS Manassas DC-5, LLC",evidenceOfInsurance,Evidence of Insurance,6ac20aae-5728-5d57-b364-aeba38527dba,Additional Requirements,655cb50e-155d-5f8c-af5e-e7386263aa58,"Certificate Holder must read as: ""Quality Technology Services, LLC, 
Attention: Procurement Department
300 Satellite Blvd NW, Suwanee, GA 30024.""",,matchOnce,must be present,,,non_compliant,Standard 7,,,true,0,,2026-08-16
QTS Data Centers,6a15b733bd30da3db41030e9,69f0f3c5beb6279e947be0ee,"HITT Contracting, Inc.",69f10c28beb6279e947be4ec,"MAN1DC5 - QTS Manassas DC-5, LLC",evidenceOfInsurance,Evidence of Insurance,6ac20aae-5728-5d57-b364-aeba38527dba,Additional Requirements,25da7a11-b805-5d7d-8deb-65519e743757,"Description of Operations must read: Quality Tech, LP, and its officers, directors, employees, parents, subsidiaries, affiliates, and related companies, successors, and permitted assigns",,matchOnce,must be present,,,non_compliant,Standard 7,,,true,0,,2026-08-16
QTS Data Centers,6a15b733bd30da3db41030e9,69f0f3c5beb6279e947be0ee,"HITT Contracting, Inc.",69f10c28beb6279e947be4ec,"MAN1DC5 - QTS Manassas DC-5, LLC",evidenceOfInsurance,Evidence of Insurance,6ac20aae-5728-5d57-b364-aeba38527dba,Additional Requirements,03d7ddc3-a527-5f18-bdf6-355eb23cd9de,30-Day Notice of Cancellation must be present,,matchOnce,must be present,,,non_compliant,Standard 7,,,true,0,,2026-08-16
QTS Data Centers,6a15b733bd30da3db41030e9,69f0f3c5beb6279e947be0ee,"HITT Contracting, Inc.",69f10c28beb6279e947be4ec,"MAN1DC5 - QTS Manassas DC-5, LLC",evidenceOfInsurance,Evidence of Insurance,6ac20aae-5728-5d57-b364-aeba38527dba,Additional Requirements,8d7b12d5-c6dc-5efe-8cbd-acd9adedde5b,"Description of Operations must read: MAN1-DC5 DH1200, located at 9301 Freedom Center Blvd., Manassas, VA 20100",,matchOnce,must be present,,,non_compliant,Standard 7,,,true,0,,2026-08-16
QTS Data Centers,6a15b733bd30da3db41030e9,69f0f3c5beb6279e947be0ee,"HITT Contracting, Inc.",69f10c28beb6279e947be4ec,"MAN1DC5 - QTS Manassas DC-5, LLC",evidenceOfInsurance,Evidence of Insurance,6ac20aae-5728-5d57-b364-aeba38527dba,Additional Requirements,24a2347c-ab39-5dea-a6af-ad750440dde1,"Description of Operations must read: Commercial General Liability shall not include the following endorsements/exclusions or equivalent:

1. CG 2149 or CG 2155 o CG 2198 (Absolute Pollution Exclusion)
2. CG 2294 or CG 2295 (Damage to Work Performed by Contractors Exclusion)
3. CG 2139 (Contractual Limitation Endorsement)
4. CG 2196 (Silica or Silica Dust Exclusion), unless otherwise covered under an applicable pollution policy.
5. CG 2142 (Explosion, Collapse or Underground Exclusion)",,matchOnce,must be present,,,non_compliant,Standard 7,,,true,0,,2026-08-16
QTS Data Centers,6a15b733bd30da3db41030e9,69f0f3c5beb6279e947be0ee,"HITT Contracting, Inc.",69f10c28beb6279e947be4ec,"MAN1DC5 - QTS Manassas DC-5, LLC",evidenceOfInsurance,Evidence of Insurance,6ac20aae-5728-5d57-b364-aeba38527dba,Additional Requirements,71685e25-c6d0-5692-aaaf-30f59a2f9a83,"Description of Operations must read: Workers Compensation shall include ""all states"" coverage",,matchOnce,must be present,,,non_compliant,Standard 7,,,true,0,,2026-08-16
QTS Data Centers,6a19a4b579aa4cf3109cc629,69f0f3c5beb6279e947be0ee,"HITT Contracting, Inc.",69f10c28beb6279e947be4da,"RIC2DC6 - QTS Richmond II DC6, LLC",evidenceOfInsurance,Evidence of Insurance,commercialGeneralLiability,Commercial General Liability,evidenceOfInsuranceCommercialGeneralLiabilityAMBestRating,AM Best Rating,,matchOnce,must be greater or equal to,140,140,compliant,Standard 7,,,false,1,,2026-08-16
QTS Data Centers,6a19a4b579aa4cf3109cc629,69f0f3c5beb6279e947be0ee,"HITT Contracting, Inc.",69f10c28beb6279e947be4da,"RIC2DC6 - QTS Richmond II DC6, LLC",evidenceOfInsurance,Evidence of Insurance,commercialGeneralLiability,Commercial General Liability,evidenceOfInsuranceCommercialGeneralLiabilityAMBestFinancialStrength,AM Best Financial Strength,,matchOnce,must be greater or equal to,100,150,compliant,Standard 7,,,false,1,,2026-08-16
QTS Data Centers,6a19a4b579aa4cf3109cc629,69f0f3c5beb6279e947be0ee,"HITT Contracting, Inc.",69f10c28beb6279e947be4da,"RIC2DC6 - QTS Richmond II DC6, LLC",evidenceOfInsurance,Evidence of Insurance,commercialGeneralLiability,Commercial General Liability,evidenceOfInsuranceCommercialGeneralLiabilityCoverageTriggerOccurrence,Coverage Trigger: Occurrence,,matchOnce,must be present,,Present,compliant,Standard 7,,,false,1,,2026-08-16
QTS Data Centers,6a19a4b579aa4cf3109cc629,69f0f3c5beb6279e947be0ee,"HITT Contracting, Inc.",69f10c28beb6279e947be4da,"RIC2DC6 - QTS Richmond II DC6, LLC",evidenceOfInsurance,Evidence of Insurance,commercialGeneralLiability,Commercial General Liability,evidenceOfInsuranceCommercialGeneralLiabilityGeneralAggregateLimitAppliesPerProject,General Aggregate Limit Applies per: Project,,matchOnce,must be present,,Present,compliant,Standard 7,,,false,1,,2026-08-16
QTS Data Centers,6a19a4b579aa4cf3109cc629,69f0f3c5beb6279e947be0ee,"HITT Contracting, Inc.",69f10c28beb6279e947be4da,"RIC2DC6 - QTS Richmond II DC6, LLC",evidenceOfInsurance,Evidence of Insurance,commercialGeneralLiability,Commercial General Liability,evidenceOfInsuranceCommercialGeneralLiabilityEachOccurrence,Each Occurrence,,matchOnce,must be greater or equal to,2000000,2000000,compliant,Standard 7,,,false,1,,2026-08-16
QTS Data Centers,6a19a4b579aa4cf3109cc629,69f0f3c5beb6279e947be0ee,"HITT Contracting, Inc.",69f10c28beb6279e947be4da,"RIC2DC6 - QTS Richmond II DC6, LLC",evidenceOfInsurance,Evidence of Insurance,commercialGeneralLiability,Commercial General Liability,evidenceOfInsuranceCommercialGeneralLiabilityGeneralAggregate,General Aggregate,,matchOnce,must be greater or equal to,5000000,4000000,non_compliant,Standard 7,,,false,1,,2026-08-16
QTS Data Centers,6a19a4b579aa4cf3109cc629,69f0f3c5beb6279e947be0ee,"HITT Contracting, Inc.",69f10c28beb6279e947be4da,"RIC2DC6 - QTS Richmond II DC6, LLC",evidenceOfInsurance,Evidence of Insurance,commercialGeneralLiability,Commercial General Liability,evidenceOfInsuranceCommercialGeneralLiabilityProducsCompletedOperationsAggregate,Products/Completed Operations Aggregate,,matchOnce,must be greater or equal to,5000000,4000000,non_compliant,Standard 7,,,false,1,,2026-08-16
QTS Data Centers,6a19a4b579aa4cf3109cc629,69f0f3c5beb6279e947be0ee,"HITT Contracting, Inc.",69f10c28beb6279e947be4da,"RIC2DC6 - QTS Richmond II DC6, LLC",evidenceOfInsurance,Evidence of Insurance,commercialGeneralLiability,Commercial General Liability,evidenceOfInsuranceCommercialGeneralLiabilityAdditionalInsuredEndorsementOngoingOps,Additional Insured - Ongoing Operations,"---prompt---
Verify that additional insured coverage specifically includes ongoing operations. Look in the Description of Operations section for language like ""additional insured for ongoing operations"", ""CG 20 10"", ""CG 20 37"", or ""operations performed by or on behalf of the named insured"". The coverage should explicitly reference ongoing work, not just completed operations.",matchOnce,must be present,,Present,compliant,Standard 7,,,false,1,,2026-08-16
QTS Data Centers,6a19a4b579aa4cf3109cc629,69f0f3c5beb6279e947be0ee,"HITT Contracting, Inc.",69f10c28beb6279e947be4da,"RIC2DC6 - QTS Richmond II DC6, LLC",evidenceOfInsurance,Evidence of Insurance,commercialGeneralLiability,Commercial General Liability,evidenceOfInsuranceCommercialGeneralLiabilityAdditionalInsuredEndorsementCompletedOps,Additional Insured - Completed Operations,"---prompt---
Verify that additional insured coverage specifically includes completed operations. Look in the Description of Operations section for language like ""additional insured for completed operations"", ""CG 20 37"", ""products-completed operations"", or similar. This coverage protects the certificate holder for claims arising after work is finished.",matchOnce,must be present,,Present,compliant,Standard 7,,,false,1,,2026-08-16
QTS Data Centers,6a19a4b579aa4cf3109cc629,69f0f3c5beb6279e947be0ee,"HITT Contracting, Inc.",69f10c28beb6279e947be4da,"RIC2DC6 - QTS Richmond II DC6, LLC",evidenceOfInsurance,Evidence of Insurance,commercialGeneralLiability,Commercial General Liability,evidenceOfInsuranceCommercialGeneralLiabilityWaiverOfSubrogationEndorsement,Waiver of Subrogation,"---prompt---
Determine if the insurer has waived their right of subrogation in favor of the certificate holder under the Commercial General Liability policy. Evidence may include: a checked ""Waiver of Subrogation"" box on the certificate, mention in the Description of Operations section stating ""waiver of subrogation applies"", or reference to form CG 24 04. Look for language like ""subrogation is waived"" or ""per written contract"".",matchOnce,must be present,,Present,compliant,Standard 7,,,false,1,,2026-08-16
QTS Data Centers,6a19a4b579aa4cf3109cc629,69f0f3c5beb6279e947be0ee,"HITT Contracting, Inc.",69f10c28beb6279e947be4da,"RIC2DC6 - QTS Richmond II DC6, LLC",evidenceOfInsurance,Evidence of Insurance,commercialGeneralLiability,Commercial General Liability,evidenceOfInsuranceCommercialGeneralLiabilityPrimaryAndNonContributoryEndorsement,Primary and Non-Contributory,"---prompt---
Determine if the Commercial General Liability policy provides primary and non-contributory coverage for the certificate holder. Evidence may include: a checked ""Primary"" box on the certificate, mention in the Description of Operations section stating ""primary and non-contributory"", or reference to endorsement CG 20 01. Look for language indicating this policy will pay first before other applicable insurance and will not seek contribution.",matchOnce,must be present,,Present,compliant,Standard 7,,,false,1,,2026-08-16
QTS Data Centers,6a19a4b579aa4cf3109cc629,69f0f3c5beb6279e947be0ee,"HITT Contracting, Inc.",69f10c28beb6279e947be4da,"RIC2DC6 - QTS Richmond II DC6, LLC",evidenceOfInsurance,Evidence of Insurance,commercialGeneralLiability,Commercial General Liability,9c28ed56-e307-5cf9-88e9-0ada1f283104,Physical 30 Days Notice of Cancellation - 10 Days Notice for Non Payment Endorsement must be present,,matchOnce,must be present,,,non_compliant,Standard 7,,,true,0,,2026-08-16
QTS Data Centers,6a19a4b579aa4cf3109cc629,69f0f3c5beb6279e947be0ee,"HITT Contracting, Inc.",69f10c28beb6279e947be4da,"RIC2DC6 - QTS Richmond II DC6, LLC",evidenceOfInsurance,Evidence of Insurance,automobileLiability,Automobile Liability,evidenceOfInsuranceAutomobileLiabilityCombinedSingleLimitEachAccident,Combined Single Limit (each accident),,matchOnce,must be greater or equal to,1000000,2000000,compliant,Standard 7,,,false,1,,2026-08-16
QTS Data Centers,6a19a4b579aa4cf3109cc629,69f0f3c5beb6279e947be0ee,"HITT Contracting, Inc.",69f10c28beb6279e947be4da,"RIC2DC6 - QTS Richmond II DC6, LLC",evidenceOfInsurance,Evidence of Insurance,automobileLiability,Automobile Liability,evidenceOfInsuranceAutomobileLiabilityCoverageAppliesToOwnedAutosOnly,Coverage Applies To: Owned Autos Only,,matchOnce,must be present,,Present,compliant,Standard 7,,,false,1,,2026-08-16
QTS Data Centers,6a19a4b579aa4cf3109cc629,69f0f3c5beb6279e947be0ee,"HITT Contracting, Inc.",69f10c28beb6279e947be4da,"RIC2DC6 - QTS Richmond II DC6, LLC",evidenceOfInsurance,Evidence of Insurance,automobileLiability,Automobile Liability,evidenceOfInsuranceAutomobileLiabilityCoverageAppliesToNonOwnedAutosOnly,Coverage Applies To: Non-Owned Autos Only,,matchOnce,must be present,,Present,compliant,Standard 7,,,false,1,,2026-08-16
QTS Data Centers,6a19a4b579aa4cf3109cc629,69f0f3c5beb6279e947be0ee,"HITT Contracting, Inc.",69f10c28beb6279e947be4da,"RIC2DC6 - QTS Richmond II DC6, LLC",evidenceOfInsurance,Evidence of Insurance,automobileLiability,Automobile Liability,evidenceOfInsuranceAutomobileLiabilityCoverageAppliesToHiredAutosOnly,Coverage Applies To: Hired Autos Only,,matchOnce,must be present,,Present,compliant,Standard 7,,,false,1,,2026-08-16
QTS Data Centers,6a19a4b579aa4cf3109cc629,69f0f3c5beb6279e947be0ee,"HITT Contracting, Inc.",69f10c28beb6279e947be4da,"RIC2DC6 - QTS Richmond II DC6, LLC",evidenceOfInsurance,Evidence of Insurance,automobileLiability,Automobile Liability,evidenceOfInsuranceAutomobileLiabilityAdditionalInsuredEndorsement,Additional Insured,"---prompt---
Determine if the certificate holder is covered as an additional insured under the Automobile Liability policy. Evidence may include: a checked ""Additional Insured"" box on the certificate for the auto section, mention in the Description of Operations section, or reference to blanket additional insured coverage. Look for form number CA 20 48 or language like ""certificate holder is additional insured"" or ""per written contract"".",matchOnce,must be present,,Present,compliant,Standard 7,,,false,1,,2026-08-16
QTS Data Centers,6a19a4b579aa4cf3109cc629,69f0f3c5beb6279e947be0ee,"HITT Contracting, Inc.",69f10c28beb6279e947be4da,"RIC2DC6 - QTS Richmond II DC6, LLC",evidenceOfInsurance,Evidence of Insurance,automobileLiability,Automobile Liability,evidenceOfInsuranceAutomobileLiabilityWaiverOfSubrogationEndorsement,Waiver of Subrogation,"---prompt---
Determine if the insurer has waived their right of subrogation in favor of the certificate holder under the Automobile Liability policy. Evidence may include: a checked ""Waiver of Subrogation"" box on the certificate, mention in the Description of Operations section stating ""waiver of subrogation applies"", or reference to form CA 04 44. Look for language like ""subrogation is waived"" or ""per written contract"".",matchOnce,must be present,,Present,compliant,Standard 7,,,false,1,,2026-08-16
QTS Data Centers,6a19a4b579aa4cf3109cc629,69f0f3c5beb6279e947be0ee,"HITT Contracting, Inc.",69f10c28beb6279e947be4da,"RIC2DC6 - QTS Richmond II DC6, LLC",evidenceOfInsurance,Evidence of Insurance,automobileLiability,Automobile Liability,evidenceOfInsuranceAutomobileLiabilityPrimaryAndNonContributoryEndorsement,Primary and Non-Contributory,"---prompt---
Determine if the Automobile Liability policy provides primary and non-contributory coverage for the certificate holder. Evidence may include: a checked ""Primary"" box on the certificate, mention in the Description of Operations section stating ""primary and non-contributory"". Look for language indicating this policy will pay first before other applicable insurance and will not seek contribution.",matchOnce,must be present,,Present,compliant,Standard 7,,,false,1,,2026-08-16
QTS Data Centers,6a19a4b579aa4cf3109cc629,69f0f3c5beb6279e947be0ee,"HITT Contracting, Inc.",69f10c28beb6279e947be4da,"RIC2DC6 - QTS Richmond II DC6, LLC",evidenceOfInsurance,Evidence of Insurance,automobileLiability,Automobile Liability,0e6f6daa-effc-5c25-af03-4f7e657ae801,Physical MCS-90 Endorsement must be present,,matchOnce,must be present,,,non_compliant,Standard 7,,,true,0,,2026-08-16
QTS Data Centers,6a19a4b579aa4cf3109cc629,69f0f3c5beb6279e947be0ee,"HITT Contracting, Inc.",69f10c28beb6279e947be4da,"RIC2DC6 - QTS Richmond II DC6, LLC",evidenceOfInsurance,Evidence of Insurance,excessOrUmbrellaLiability,Umbrella/Excess Liability,evidenceOfInsuranceExcessOrUmbrellaLiabilityOccurence,Coverage Trigger: Occurrence,,matchOnce,must be present,,Present,compliant,Standard 7,,,false,1,,2026-08-16
QTS Data Centers,6a19a4b579aa4cf3109cc629,69f0f3c5beb6279e947be0ee,"HITT Contracting, Inc.",69f10c28beb6279e947be4da,"RIC2DC6 - QTS Richmond II DC6, LLC",evidenceOfInsurance,Evidence of Insurance,excessOrUmbrellaLiability,Umbrella/Excess Liability,evidenceOfInsuranceExcessOrUmbrellaLiabilityEachOccurrence,Each Occurrence,,matchOnce,must be greater or equal to,25000000,10000000,non_compliant,Standard 7,,,false,1,,2026-08-16
QTS Data Centers,6a19a4b579aa4cf3109cc629,69f0f3c5beb6279e947be0ee,"HITT Contracting, Inc.",69f10c28beb6279e947be4da,"RIC2DC6 - QTS Richmond II DC6, LLC",evidenceOfInsurance,Evidence of Insurance,excessOrUmbrellaLiability,Umbrella/Excess Liability,evidenceOfInsuranceExcessOrUmbrellaLiabilityAdditionalInsuredEndorsement,Additional Insured,"---prompt---
Determine if the certificate holder is covered as an additional insured under the Umbrella/Excess Liability policy. Evidence may include: a checked ""Additional Insured"" box on the certificate for the umbrella section, mention in the Description of Operations section, reference to ""follow form"" status (which would extend underlying additional insured status), or explicit language naming the certificate holder as additional insured on the umbrella.",matchOnce,must be present,,Present,compliant,Standard 7,,,false,1,,2026-08-16
QTS Data Centers,6a19a4b579aa4cf3109cc629,69f0f3c5beb6279e947be0ee,"HITT Contracting, Inc.",69f10c28beb6279e947be4da,"RIC2DC6 - QTS Richmond II DC6, LLC",evidenceOfInsurance,Evidence of Insurance,excessOrUmbrellaLiability,Umbrella/Excess Liability,evidenceOfInsuranceExcessOrUmbrellaLiabilityWaiverOfSubrogationEndorsement,Waiver of Subrogation,"---prompt---
Determine if the insurer has waived their right of subrogation in favor of the certificate holder under the Umbrella/Excess Liability policy. Evidence may include: a checked ""Waiver of Subrogation"" box on the certificate, mention in the Description of Operations section stating ""waiver of subrogation applies"", or reference to ""follow form"" status (which would extend underlying waiver). Look for language like ""subrogation is waived"" or ""per written contract"".",matchOnce,must be present,,Present,compliant,Standard 7,,,false,1,,2026-08-16
QTS Data Centers,6a19a4b579aa4cf3109cc629,69f0f3c5beb6279e947be0ee,"HITT Contracting, Inc.",69f10c28beb6279e947be4da,"RIC2DC6 - QTS Richmond II DC6, LLC",evidenceOfInsurance,Evidence of Insurance,excessOrUmbrellaLiability,Umbrella/Excess Liability,evidenceOfInsuranceExcessOrUmbrellaLiabilityPrimaryAndNonContributoryEndorsement,Primary and Non-Contributory,"---prompt---
Determine if the Umbrella/Excess Liability policy provides primary and non-contributory coverage for the certificate holder. Evidence may include: a checked ""Primary"" box on the certificate, mention in the Description of Operations section stating ""primary and non-contributory"", or reference to ""follow form"" status (which would extend underlying primary status). Look for language indicating this policy will pay first before other applicable insurance and will not seek contribution.",matchOnce,must be present,,Present,compliant,Standard 7,,,false,1,,2026-08-16
QTS Data Centers,6a19a4b579aa4cf3109cc629,69f0f3c5beb6279e947be0ee,"HITT Contracting, Inc.",69f10c28beb6279e947be4da,"RIC2DC6 - QTS Richmond II DC6, LLC",evidenceOfInsurance,Evidence of Insurance,workersCompensation,Workers' Compensation and Employer's Liability,evidenceOfInsuranceWorkersCompensationStatutoryLimits,Statutory Limits,,matchOnce,must be present,,Present,compliant,Standard 7,,,false,1,,2026-08-16
QTS Data Centers,6a19a4b579aa4cf3109cc629,69f0f3c5beb6279e947be0ee,"HITT Contracting, Inc.",69f10c28beb6279e947be4da,"RIC2DC6 - QTS Richmond II DC6, LLC",evidenceOfInsurance,Evidence of Insurance,workersCompensation,Workers' Compensation and Employer's Liability,evidenceOfInsuranceWorkersCompensationEmployersLiabilityDiseaseEachEmployee,Employer's Liability Disease - each employee,,matchOnce,must be greater or equal to,1000000,1000000,compliant,Standard 7,,,false,1,,2026-08-16
QTS Data Centers,6a19a4b579aa4cf3109cc629,69f0f3c5beb6279e947be0ee,"HITT Contracting, Inc.",69f10c28beb6279e947be4da,"RIC2DC6 - QTS Richmond II DC6, LLC",evidenceOfInsurance,Evidence of Insurance,workersCompensation,Workers' Compensation and Employer's Liability,evidenceOfInsuranceWorkersCompensationEmployersLiabilityDiseasePolicyLimit,Employer's Liability Disease - policy limit,,matchOnce,must be greater or equal to,1000000,1000000,compliant,Standard 7,,,false,1,,2026-08-16
QTS Data Centers,6a19a4b579aa4cf3109cc629,69f0f3c5beb6279e947be0ee,"HITT Contracting, Inc.",69f10c28beb6279e947be4da,"RIC2DC6 - QTS Richmond II DC6, LLC",evidenceOfInsurance,Evidence of Insurance,workersCompensation,Workers' Compensation and Employer's Liability,evidenceOfInsuranceWorkersCompensationEmployersLiabilityEachAccident,Employer's Liability Each Accident,,matchOnce,must be greater or equal to,1000000,1000000,compliant,Standard 7,,,false,1,,2026-08-16
QTS Data Centers,6a19a4b579aa4cf3109cc629,69f0f3c5beb6279e947be0ee,"HITT Contracting, Inc.",69f10c28beb6279e947be4da,"RIC2DC6 - QTS Richmond II DC6, LLC",evidenceOfInsurance,Evidence of Insurance,workersCompensation,Workers' Compensation and Employer's Liability,evidenceOfInsuranceWorkersCompensationWaiverOfSubrogationEndorsement,Waiver of Subrogation,"---prompt---
Determine if the insurer has waived their right of subrogation in favor of the certificate holder under the Workers' Compensation policy. Evidence may include: a checked ""Waiver of Subrogation"" box on the certificate, mention in the Description of Operations section stating ""waiver of subrogation applies"", or reference to form WC 00 03 13. Look for language like ""subrogation is waived"" or ""per written contract"".",matchOnce,must be present,,Present,compliant,Standard 7,,,false,1,,2026-08-16
QTS Data Centers,6a19a4b579aa4cf3109cc629,69f0f3c5beb6279e947be0ee,"HITT Contracting, Inc.",69f10c28beb6279e947be4da,"RIC2DC6 - QTS Richmond II DC6, LLC",evidenceOfInsurance,Evidence of Insurance,6ac20aae-5728-5d57-b364-aeba38527dba,Additional Requirements,655cb50e-155d-5f8c-af5e-e7386263aa58,"Certificate Holder must read as: ""Quality Technology Services, LLC, 
Attention: Procurement Department
300 Satellite Blvd NW, Suwanee, GA 30024.""",,matchOnce,must be present,,Present,compliant,Standard 7,,,true,1,,2026-08-16
QTS Data Centers,6a19a4b579aa4cf3109cc629,69f0f3c5beb6279e947be0ee,"HITT Contracting, Inc.",69f10c28beb6279e947be4da,"RIC2DC6 - QTS Richmond II DC6, LLC",evidenceOfInsurance,Evidence of Insurance,6ac20aae-5728-5d57-b364-aeba38527dba,Additional Requirements,25da7a11-b805-5d7d-8deb-65519e743757,"Description of Operations must read: Quality Tech, LP, and its officers, directors, employees, parents, subsidiaries, affiliates, and related companies, successors, and permitted assigns",,matchOnce,must be present,,Present,compliant,Standard 7,,,true,1,,2026-08-16
QTS Data Centers,6a19a4b579aa4cf3109cc629,69f0f3c5beb6279e947be0ee,"HITT Contracting, Inc.",69f10c28beb6279e947be4da,"RIC2DC6 - QTS Richmond II DC6, LLC",evidenceOfInsurance,Evidence of Insurance,6ac20aae-5728-5d57-b364-aeba38527dba,Additional Requirements,03d7ddc3-a527-5f18-bdf6-355eb23cd9de,30-Day Notice of Cancellation must be present,,matchOnce,must be present,,Present,compliant,Standard 7,,,true,1,,2026-08-16
QTS Data Centers,6a19a4b579aa4cf3109cc629,69f0f3c5beb6279e947be0ee,"HITT Contracting, Inc.",69f10c28beb6279e947be4da,"RIC2DC6 - QTS Richmond II DC6, LLC",evidenceOfInsurance,Evidence of Insurance,6ac20aae-5728-5d57-b364-aeba38527dba,Additional Requirements,8d7b12d5-c6dc-5efe-8cbd-acd9adedde5b,"Description of Operations must read: RIC2-DC6, located at 6070 Technology Blvd, Sandston, VA 23150",,matchOnce,must be present,,,non_compliant,Standard 7,,,true,0,,2026-08-16
QTS Data Centers,6a19a4b579aa4cf3109cc629,69f0f3c5beb6279e947be0ee,"HITT Contracting, Inc.",69f10c28beb6279e947be4da,"RIC2DC6 - QTS Richmond II DC6, LLC",evidenceOfInsurance,Evidence of Insurance,6ac20aae-5728-5d57-b364-aeba38527dba,Additional Requirements,24a2347c-ab39-5dea-a6af-ad750440dde1,"Description of Operations must read: Commercial General Liability shall not include the following endorsements/exclusions or equivalent:

1. CG 2149 or CG 2155 o CG 2198 (Absolute Pollution Exclusion)
2. CG 2294 or CG 2295 (Damage to Work Performed by Contractors Exclusion)
3. CG 2139 (Contractual Limitation Endorsement)
4. CG 2196 (Silica or Silica Dust Exclusion), unless otherwise covered under an applicable pollution policy.
5. CG 2142 (Explosion, Collapse or Underground Exclusion)",,matchOnce,must be present,,,non_compliant,Standard 7,,,true,0,,2026-08-16
QTS Data Centers,6a19a4b579aa4cf3109cc629,69f0f3c5beb6279e947be0ee,"HITT Contracting, Inc.",69f10c28beb6279e947be4da,"RIC2DC6 - QTS Richmond II DC6, LLC",evidenceOfInsurance,Evidence of Insurance,6ac20aae-5728-5d57-b364-aeba38527dba,Additional Requirements,71685e25-c6d0-5692-aaaf-30f59a2f9a83,"Description of Operations must read: Workers Compensation shall include ""all states"" coverage",,matchOnce,must be present,,,non_compliant,Standard 7,,,true,0,,2026-08-16
QTS Data Centers,6a15b733bd30da3db41030ec,69f0f3c5beb6279e947be0ee,"HITT Contracting, Inc.",69f10c28beb6279e947be4dc,"RIC3DC3 - QTS Richmond III DC3, LLC",evidenceOfInsurance,Evidence of Insurance,commercialGeneralLiability,Commercial General Liability,evidenceOfInsuranceCommercialGeneralLiabilityAMBestRating,AM Best Rating,,matchOnce,must be greater or equal to,140,140,compliant,Standard 7,,,false,1,,2026-08-16
QTS Data Centers,6a15b733bd30da3db41030ec,69f0f3c5beb6279e947be0ee,"HITT Contracting, Inc.",69f10c28beb6279e947be4dc,"RIC3DC3 - QTS Richmond III DC3, LLC",evidenceOfInsurance,Evidence of Insurance,commercialGeneralLiability,Commercial General Liability,evidenceOfInsuranceCommercialGeneralLiabilityAMBestFinancialStrength,AM Best Financial Strength,,matchOnce,must be greater or equal to,100,150,compliant,Standard 7,,,false,1,,2026-08-16
QTS Data Centers,6a15b733bd30da3db41030ec,69f0f3c5beb6279e947be0ee,"HITT Contracting, Inc.",69f10c28beb6279e947be4dc,"RIC3DC3 - QTS Richmond III DC3, LLC",evidenceOfInsurance,Evidence of Insurance,commercialGeneralLiability,Commercial General Liability,evidenceOfInsuranceCommercialGeneralLiabilityCoverageTriggerOccurrence,Coverage Trigger: Occurrence,,matchOnce,must be present,,Present,compliant,Standard 7,,,false,1,,2026-08-16
QTS Data Centers,6a15b733bd30da3db41030ec,69f0f3c5beb6279e947be0ee,"HITT Contracting, Inc.",69f10c28beb6279e947be4dc,"RIC3DC3 - QTS Richmond III DC3, LLC",evidenceOfInsurance,Evidence of Insurance,commercialGeneralLiability,Commercial General Liability,evidenceOfInsuranceCommercialGeneralLiabilityGeneralAggregateLimitAppliesPerProject,General Aggregate Limit Applies per: Project,,matchOnce,must be present,,Present,compliant,Standard 7,,,false,1,,2026-08-16
QTS Data Centers,6a15b733bd30da3db41030ec,69f0f3c5beb6279e947be0ee,"HITT Contracting, Inc.",69f10c28beb6279e947be4dc,"RIC3DC3 - QTS Richmond III DC3, LLC",evidenceOfInsurance,Evidence of Insurance,commercialGeneralLiability,Commercial General Liability,evidenceOfInsuranceCommercialGeneralLiabilityEachOccurrence,Each Occurrence,,matchOnce,must be greater or equal to,2000000,2000000,compliant,Standard 7,,,false,1,,2026-08-16
QTS Data Centers,6a15b733bd30da3db41030ec,69f0f3c5beb6279e947be0ee,"HITT Contracting, Inc.",69f10c28beb6279e947be4dc,"RIC3DC3 - QTS Richmond III DC3, LLC",evidenceOfInsurance,Evidence of Insurance,commercialGeneralLiability,Commercial General Liability,evidenceOfInsuranceCommercialGeneralLiabilityGeneralAggregate,General Aggregate,,matchOnce,must be greater or equal to,5000000,4000000,non_compliant,Standard 7,,,false,1,,2026-08-16
QTS Data Centers,6a15b733bd30da3db41030ec,69f0f3c5beb6279e947be0ee,"HITT Contracting, Inc.",69f10c28beb6279e947be4dc,"RIC3DC3 - QTS Richmond III DC3, LLC",evidenceOfInsurance,Evidence of Insurance,commercialGeneralLiability,Commercial General Liability,evidenceOfInsuranceCommercialGeneralLiabilityProducsCompletedOperationsAggregate,Products/Completed Operations Aggregate,,matchOnce,must be greater or equal to,5000000,4000000,non_compliant,Standard 7,,,false,1,,2026-08-16
QTS Data Centers,6a15b733bd30da3db41030ec,69f0f3c5beb6279e947be0ee,"HITT Contracting, Inc.",69f10c28beb6279e947be4dc,"RIC3DC3 - QTS Richmond III DC3, LLC",evidenceOfInsurance,Evidence of Insurance,commercialGeneralLiability,Commercial General Liability,evidenceOfInsuranceCommercialGeneralLiabilityAdditionalInsuredEndorsementOngoingOps,Additional Insured - Ongoing Operations,"---prompt---
Verify that additional insured coverage specifically includes ongoing operations. Look in the Description of Operations section for language like ""additional insured for ongoing operations"", ""CG 20 10"", ""CG 20 37"", or ""operations performed by or on behalf of the named insured"". The coverage should explicitly reference ongoing work, not just completed operations.",matchOnce,must be present,,Present,compliant,Standard 7,,,false,1,,2026-08-16
QTS Data Centers,6a15b733bd30da3db41030ec,69f0f3c5beb6279e947be0ee,"HITT Contracting, Inc.",69f10c28beb6279e947be4dc,"RIC3DC3 - QTS Richmond III DC3, LLC",evidenceOfInsurance,Evidence of Insurance,commercialGeneralLiability,Commercial General Liability,evidenceOfInsuranceCommercialGeneralLiabilityAdditionalInsuredEndorsementCompletedOps,Additional Insured - Completed Operations,"---prompt---
Verify that additional insured coverage specifically includes completed operations. Look in the Description of Operations section for language like ""additional insured for completed operations"", ""CG 20 37"", ""products-completed operations"", or similar. This coverage protects the certificate holder for claims arising after work is finished.",matchOnce,must be present,,Present,compliant,Standard 7,,,false,1,,2026-08-16
QTS Data Centers,6a15b733bd30da3db41030ec,69f0f3c5beb6279e947be0ee,"HITT Contracting, Inc.",69f10c28beb6279e947be4dc,"RIC3DC3 - QTS Richmond III DC3, LLC",evidenceOfInsurance,Evidence of Insurance,commercialGeneralLiability,Commercial General Liability,evidenceOfInsuranceCommercialGeneralLiabilityWaiverOfSubrogationEndorsement,Waiver of Subrogation,"---prompt---
Determine if the insurer has waived their right of subrogation in favor of the certificate holder under the Commercial General Liability policy. Evidence may include: a checked ""Waiver of Subrogation"" box on the certificate, mention in the Description of Operations section stating ""waiver of subrogation applies"", or reference to form CG 24 04. Look for language like ""subrogation is waived"" or ""per written contract"".",matchOnce,must be present,,Present,compliant,Standard 7,,,false,1,,2026-08-16
QTS Data Centers,6a15b733bd30da3db41030ec,69f0f3c5beb6279e947be0ee,"HITT Contracting, Inc.",69f10c28beb6279e947be4dc,"RIC3DC3 - QTS Richmond III DC3, LLC",evidenceOfInsurance,Evidence of Insurance,commercialGeneralLiability,Commercial General Liability,evidenceOfInsuranceCommercialGeneralLiabilityPrimaryAndNonContributoryEndorsement,Primary and Non-Contributory,"---prompt---
Determine if the Commercial General Liability policy provides primary and non-contributory coverage for the certificate holder. Evidence may include: a checked ""Primary"" box on the certificate, mention in the Description of Operations section stating ""primary and non-contributory"", or reference to endorsement CG 20 01. Look for language indicating this policy will pay first before other applicable insurance and will not seek contribution.",matchOnce,must be present,,Present,compliant,Standard 7,,,false,1,,2026-08-16
QTS Data Centers,6a15b733bd30da3db41030ec,69f0f3c5beb6279e947be0ee,"HITT Contracting, Inc.",69f10c28beb6279e947be4dc,"RIC3DC3 - QTS Richmond III DC3, LLC",evidenceOfInsurance,Evidence of Insurance,commercialGeneralLiability,Commercial General Liability,9c28ed56-e307-5cf9-88e9-0ada1f283104,Physical 30 Days Notice of Cancellation - 10 Days Notice for Non Payment Endorsement must be present,,matchOnce,must be present,,,non_compliant,Standard 7,,,true,0,,2026-08-16
QTS Data Centers,6a15b733bd30da3db41030ec,69f0f3c5beb6279e947be0ee,"HITT Contracting, Inc.",69f10c28beb6279e947be4dc,"RIC3DC3 - QTS Richmond III DC3, LLC",evidenceOfInsurance,Evidence of Insurance,automobileLiability,Automobile Liability,evidenceOfInsuranceAutomobileLiabilityCombinedSingleLimitEachAccident,Combined Single Limit (each accident),,matchOnce,must be greater or equal to,1000000,2000000,compliant,Standard 7,,,false,1,,2026-08-16
QTS Data Centers,6a15b733bd30da3db41030ec,69f0f3c5beb6279e947be0ee,"HITT Contracting, Inc.",69f10c28beb6279e947be4dc,"RIC3DC3 - QTS Richmond III DC3, LLC",evidenceOfInsurance,Evidence of Insurance,automobileLiability,Automobile Liability,evidenceOfInsuranceAutomobileLiabilityCoverageAppliesToOwnedAutosOnly,Coverage Applies To: Owned Autos Only,,matchOnce,must be present,,Present,compliant,Standard 7,,,false,1,,2026-08-16
QTS Data Centers,6a15b733bd30da3db41030ec,69f0f3c5beb6279e947be0ee,"HITT Contracting, Inc.",69f10c28beb6279e947be4dc,"RIC3DC3 - QTS Richmond III DC3, LLC",evidenceOfInsurance,Evidence of Insurance,automobileLiability,Automobile Liability,evidenceOfInsuranceAutomobileLiabilityCoverageAppliesToNonOwnedAutosOnly,Coverage Applies To: Non-Owned Autos Only,,matchOnce,must be present,,Present,compliant,Standard 7,,,false,1,,2026-08-16
QTS Data Centers,6a15b733bd30da3db41030ec,69f0f3c5beb6279e947be0ee,"HITT Contracting, Inc.",69f10c28beb6279e947be4dc,"RIC3DC3 - QTS Richmond III DC3, LLC",evidenceOfInsurance,Evidence of Insurance,automobileLiability,Automobile Liability,evidenceOfInsuranceAutomobileLiabilityCoverageAppliesToHiredAutosOnly,Coverage Applies To: Hired Autos Only,,matchOnce,must be present,,Present,compliant,Standard 7,,,false,1,,2026-08-16
QTS Data Centers,6a15b733bd30da3db41030ec,69f0f3c5beb6279e947be0ee,"HITT Contracting, Inc.",69f10c28beb6279e947be4dc,"RIC3DC3 - QTS Richmond III DC3, LLC",evidenceOfInsurance,Evidence of Insurance,automobileLiability,Automobile Liability,evidenceOfInsuranceAutomobileLiabilityAdditionalInsuredEndorsement,Additional Insured,"---prompt---
Determine if the certificate holder is covered as an additional insured under the Automobile Liability policy. Evidence may include: a checked ""Additional Insured"" box on the certificate for the auto section, mention in the Description of Operations section, or reference to blanket additional insured coverage. Look for form number CA 20 48 or language like ""certificate holder is additional insured"" or ""per written contract"".",matchOnce,must be present,,Present,compliant,Standard 7,,,false,1,,2026-08-16
QTS Data Centers,6a15b733bd30da3db41030ec,69f0f3c5beb6279e947be0ee,"HITT Contracting, Inc.",69f10c28beb6279e947be4dc,"RIC3DC3 - QTS Richmond III DC3, LLC",evidenceOfInsurance,Evidence of Insurance,automobileLiability,Automobile Liability,evidenceOfInsuranceAutomobileLiabilityWaiverOfSubrogationEndorsement,Waiver of Subrogation,"---prompt---
Determine if the insurer has waived their right of subrogation in favor of the certificate holder under the Automobile Liability policy. Evidence may include: a checked ""Waiver of Subrogation"" box on the certificate, mention in the Description of Operations section stating ""waiver of subrogation applies"", or reference to form CA 04 44. Look for language like ""subrogation is waived"" or ""per written contract"".",matchOnce,must be present,,Present,compliant,Standard 7,,,false,1,,2026-08-16
QTS Data Centers,6a15b733bd30da3db41030ec,69f0f3c5beb6279e947be0ee,"HITT Contracting, Inc.",69f10c28beb6279e947be4dc,"RIC3DC3 - QTS Richmond III DC3, LLC",evidenceOfInsurance,Evidence of Insurance,automobileLiability,Automobile Liability,evidenceOfInsuranceAutomobileLiabilityPrimaryAndNonContributoryEndorsement,Primary and Non-Contributory,"---prompt---
Determine if the Automobile Liability policy provides primary and non-contributory coverage for the certificate holder. Evidence may include: a checked ""Primary"" box on the certificate, mention in the Description of Operations section stating ""primary and non-contributory"". Look for language indicating this policy will pay first before other applicable insurance and will not seek contribution.",matchOnce,must be present,,Present,compliant,Standard 7,,,false,1,,2026-08-16
QTS Data Centers,6a15b733bd30da3db41030ec,69f0f3c5beb6279e947be0ee,"HITT Contracting, Inc.",69f10c28beb6279e947be4dc,"RIC3DC3 - QTS Richmond III DC3, LLC",evidenceOfInsurance,Evidence of Insurance,automobileLiability,Automobile Liability,0e6f6daa-effc-5c25-af03-4f7e657ae801,Physical MCS-90 Endorsement must be present,,matchOnce,must be present,,,non_compliant,Standard 7,,,true,0,,2026-08-16
QTS Data Centers,6a15b733bd30da3db41030ec,69f0f3c5beb6279e947be0ee,"HITT Contracting, Inc.",69f10c28beb6279e947be4dc,"RIC3DC3 - QTS Richmond III DC3, LLC",evidenceOfInsurance,Evidence of Insurance,excessOrUmbrellaLiability,Umbrella/Excess Liability,evidenceOfInsuranceExcessOrUmbrellaLiabilityOccurence,Coverage Trigger: Occurrence,,matchOnce,must be present,,Present,compliant,Standard 7,,,false,1,,2026-08-16
QTS Data Centers,6a15b733bd30da3db41030ec,69f0f3c5beb6279e947be0ee,"HITT Contracting, Inc.",69f10c28beb6279e947be4dc,"RIC3DC3 - QTS Richmond III DC3, LLC",evidenceOfInsurance,Evidence of Insurance,excessOrUmbrellaLiability,Umbrella/Excess Liability,evidenceOfInsuranceExcessOrUmbrellaLiabilityEachOccurrence,Each Occurrence,,matchOnce,must be greater or equal to,25000000,25000000,compliant,Standard 7,,,false,1,,2026-08-16
QTS Data Centers,6a15b733bd30da3db41030ec,69f0f3c5beb6279e947be0ee,"HITT Contracting, Inc.",69f10c28beb6279e947be4dc,"RIC3DC3 - QTS Richmond III DC3, LLC",evidenceOfInsurance,Evidence of Insurance,excessOrUmbrellaLiability,Umbrella/Excess Liability,evidenceOfInsuranceExcessOrUmbrellaLiabilityAdditionalInsuredEndorsement,Additional Insured,"---prompt---
Determine if the certificate holder is covered as an additional insured under the Umbrella/Excess Liability policy. Evidence may include: a checked ""Additional Insured"" box on the certificate for the umbrella section, mention in the Description of Operations section, reference to ""follow form"" status (which would extend underlying additional insured status), or explicit language naming the certificate holder as additional insured on the umbrella.",matchOnce,must be present,,Present,compliant,Standard 7,,,false,1,,2026-08-16
QTS Data Centers,6a15b733bd30da3db41030ec,69f0f3c5beb6279e947be0ee,"HITT Contracting, Inc.",69f10c28beb6279e947be4dc,"RIC3DC3 - QTS Richmond III DC3, LLC",evidenceOfInsurance,Evidence of Insurance,excessOrUmbrellaLiability,Umbrella/Excess Liability,evidenceOfInsuranceExcessOrUmbrellaLiabilityWaiverOfSubrogationEndorsement,Waiver of Subrogation,"---prompt---
Determine if the insurer has waived their right of subrogation in favor of the certificate holder under the Umbrella/Excess Liability policy. Evidence may include: a checked ""Waiver of Subrogation"" box on the certificate, mention in the Description of Operations section stating ""waiver of subrogation applies"", or reference to ""follow form"" status (which would extend underlying waiver). Look for language like ""subrogation is waived"" or ""per written contract"".",matchOnce,must be present,,Present,compliant,Standard 7,,,false,1,,2026-08-16
QTS Data Centers,6a15b733bd30da3db41030ec,69f0f3c5beb6279e947be0ee,"HITT Contracting, Inc.",69f10c28beb6279e947be4dc,"RIC3DC3 - QTS Richmond III DC3, LLC",evidenceOfInsurance,Evidence of Insurance,excessOrUmbrellaLiability,Umbrella/Excess Liability,evidenceOfInsuranceExcessOrUmbrellaLiabilityPrimaryAndNonContributoryEndorsement,Primary and Non-Contributory,"---prompt---
Determine if the Umbrella/Excess Liability policy provides primary and non-contributory coverage for the certificate holder. Evidence may include: a checked ""Primary"" box on the certificate, mention in the Description of Operations section stating ""primary and non-contributory"", or reference to ""follow form"" status (which would extend underlying primary status). Look for language indicating this policy will pay first before other applicable insurance and will not seek contribution.",matchOnce,must be present,,Present,compliant,Standard 7,,,false,1,,2026-08-16
QTS Data Centers,6a15b733bd30da3db41030ec,69f0f3c5beb6279e947be0ee,"HITT Contracting, Inc.",69f10c28beb6279e947be4dc,"RIC3DC3 - QTS Richmond III DC3, LLC",evidenceOfInsurance,Evidence of Insurance,workersCompensation,Workers' Compensation and Employer's Liability,evidenceOfInsuranceWorkersCompensationStatutoryLimits,Statutory Limits,,matchOnce,must be present,,Present,compliant,Standard 7,,,false,1,,2026-08-16
QTS Data Centers,6a15b733bd30da3db41030ec,69f0f3c5beb6279e947be0ee,"HITT Contracting, Inc.",69f10c28beb6279e947be4dc,"RIC3DC3 - QTS Richmond III DC3, LLC",evidenceOfInsurance,Evidence of Insurance,workersCompensation,Workers' Compensation and Employer's Liability,evidenceOfInsuranceWorkersCompensationEmployersLiabilityDiseaseEachEmployee,Employer's Liability Disease - each employee,,matchOnce,must be greater or equal to,1000000,1000000,compliant,Standard 7,,,false,1,,2026-08-16
QTS Data Centers,6a15b733bd30da3db41030ec,69f0f3c5beb6279e947be0ee,"HITT Contracting, Inc.",69f10c28beb6279e947be4dc,"RIC3DC3 - QTS Richmond III DC3, LLC",evidenceOfInsurance,Evidence of Insurance,workersCompensation,Workers' Compensation and Employer's Liability,evidenceOfInsuranceWorkersCompensationEmployersLiabilityDiseasePolicyLimit,Employer's Liability Disease - policy limit,,matchOnce,must be greater or equal to,1000000,1000000,compliant,Standard 7,,,false,1,,2026-08-16
QTS Data Centers,6a15b733bd30da3db41030ec,69f0f3c5beb6279e947be0ee,"HITT Contracting, Inc.",69f10c28beb6279e947be4dc,"RIC3DC3 - QTS Richmond III DC3, LLC",evidenceOfInsurance,Evidence of Insurance,workersCompensation,Workers' Compensation and Employer's Liability,evidenceOfInsuranceWorkersCompensationEmployersLiabilityEachAccident,Employer's Liability Each Accident,,matchOnce,must be greater or equal to,1000000,1000000,compliant,Standard 7,,,false,1,,2026-08-16
QTS Data Centers,6a15b733bd30da3db41030ec,69f0f3c5beb6279e947be0ee,"HITT Contracting, Inc.",69f10c28beb6279e947be4dc,"RIC3DC3 - QTS Richmond III DC3, LLC",evidenceOfInsurance,Evidence of Insurance,workersCompensation,Workers' Compensation and Employer's Liability,evidenceOfInsuranceWorkersCompensationWaiverOfSubrogationEndorsement,Waiver of Subrogation,"---prompt---
Determine if the insurer has waived their right of subrogation in favor of the certificate holder under the Workers' Compensation policy. Evidence may include: a checked ""Waiver of Subrogation"" box on the certificate, mention in the Description of Operations section stating ""waiver of subrogation applies"", or reference to form WC 00 03 13. Look for language like ""subrogation is waived"" or ""per written contract"".",matchOnce,must be present,,Present,compliant,Standard 7,,,false,1,,2026-08-16
QTS Data Centers,6a15b733bd30da3db41030ec,69f0f3c5beb6279e947be0ee,"HITT Contracting, Inc.",69f10c28beb6279e947be4dc,"RIC3DC3 - QTS Richmond III DC3, LLC",evidenceOfInsurance,Evidence of Insurance,6ac20aae-5728-5d57-b364-aeba38527dba,Additional Requirements,655cb50e-155d-5f8c-af5e-e7386263aa58,"Certificate Holder must read as: ""Quality Technology Services, LLC, 
Attention: Procurement Department
300 Satellite Blvd NW, Suwanee, GA 30024.""",,matchOnce,must be present,,Present,compliant,Standard 7,,,true,1,,2026-08-16
QTS Data Centers,6a15b733bd30da3db41030ec,69f0f3c5beb6279e947be0ee,"HITT Contracting, Inc.",69f10c28beb6279e947be4dc,"RIC3DC3 - QTS Richmond III DC3, LLC",evidenceOfInsurance,Evidence of Insurance,6ac20aae-5728-5d57-b364-aeba38527dba,Additional Requirements,25da7a11-b805-5d7d-8deb-65519e743757,"Description of Operations must read: Quality Tech, LP, and its officers, directors, employees, parents, subsidiaries, affiliates, and related companies, successors, and permitted assigns",,matchOnce,must be present,,Present,compliant,Standard 7,,,true,1,,2026-08-16
QTS Data Centers,6a15b733bd30da3db41030ec,69f0f3c5beb6279e947be0ee,"HITT Contracting, Inc.",69f10c28beb6279e947be4dc,"RIC3DC3 - QTS Richmond III DC3, LLC",evidenceOfInsurance,Evidence of Insurance,6ac20aae-5728-5d57-b364-aeba38527dba,Additional Requirements,03d7ddc3-a527-5f18-bdf6-355eb23cd9de,30-Day Notice of Cancellation must be present,,matchOnce,must be present,,Present,compliant,Standard 7,,,true,1,,2026-08-16
QTS Data Centers,6a15b733bd30da3db41030ec,69f0f3c5beb6279e947be0ee,"HITT Contracting, Inc.",69f10c28beb6279e947be4dc,"RIC3DC3 - QTS Richmond III DC3, LLC",evidenceOfInsurance,Evidence of Insurance,6ac20aae-5728-5d57-b364-aeba38527dba,Additional Requirements,8d7b12d5-c6dc-5efe-8cbd-acd9adedde5b,"Description of Operations must read: RIC3-DC3 - Core, Shell, Office and Critical, located at 3535 Portugee Road, Sandston, VA 23150",,matchOnce,must be present,,,non_compliant,Standard 7,,,true,0,,2026-08-16
QTS Data Centers,6a15b733bd30da3db41030ec,69f0f3c5beb6279e947be0ee,"HITT Contracting, Inc.",69f10c28beb6279e947be4dc,"RIC3DC3 - QTS Richmond III DC3, LLC",evidenceOfInsurance,Evidence of Insurance,6ac20aae-5728-5d57-b364-aeba38527dba,Additional Requirements,24a2347c-ab39-5dea-a6af-ad750440dde1,"Description of Operations must read: Commercial General Liability shall not include the following endorsements/exclusions or equivalent:

1. CG 2149 or CG 2155 o CG 2198 (Absolute Pollution Exclusion)
2. CG 2294 or CG 2295 (Damage to Work Performed by Contractors Exclusion)
3. CG 2139 (Contractual Limitation Endorsement)
4. CG 2196 (Silica or Silica Dust Exclusion), unless otherwise covered under an applicable pollution policy.
5. CG 2142 (Explosion, Collapse or Underground Exclusion)",,matchOnce,must be present,,,non_compliant,Standard 7,,,true,0,,2026-08-16
QTS Data Centers,6a15b733bd30da3db41030ec,69f0f3c5beb6279e947be0ee,"HITT Contracting, Inc.",69f10c28beb6279e947be4dc,"RIC3DC3 - QTS Richmond III DC3, LLC",evidenceOfInsurance,Evidence of Insurance,6ac20aae-5728-5d57-b364-aeba38527dba,Additional Requirements,71685e25-c6d0-5692-aaaf-30f59a2f9a83,"Description of Operations must read: Workers Compensation shall include ""all states"" coverage",,matchOnce,must be present,,,non_compliant,Standard 7,,,true,0,,2026-08-16
QTS Data Centers,6a15b733bd30da3db41030e6,69f0f3c5beb6279e947be0ee,"HITT Contracting, Inc.",69f10c28beb6279e947be4e3,"ASH1DC2 - QTS Investment Properties Ashburn, LLC",evidenceOfInsurance,Evidence of Insurance,commercialGeneralLiability,Commercial General Liability,evidenceOfInsuranceCommercialGeneralLiabilityAMBestRating,AM Best Rating,,matchOnce,must be greater or equal to,140,140,compliant,Standard 7,,,false,1,,2026-08-16
QTS Data Centers,6a15b733bd30da3db41030e6,69f0f3c5beb6279e947be0ee,"HITT Contracting, Inc.",69f10c28beb6279e947be4e3,"ASH1DC2 - QTS Investment Properties Ashburn, LLC",evidenceOfInsurance,Evidence of Insurance,commercialGeneralLiability,Commercial General Liability,evidenceOfInsuranceCommercialGeneralLiabilityAMBestFinancialStrength,AM Best Financial Strength,,matchOnce,must be greater or equal to,100,150,compliant,Standard 7,,,false,1,,2026-08-16
QTS Data Centers,6a15b733bd30da3db41030e6,69f0f3c5beb6279e947be0ee,"HITT Contracting, Inc.",69f10c28beb6279e947be4e3,"ASH1DC2 - QTS Investment Properties Ashburn, LLC",evidenceOfInsurance,Evidence of Insurance,commercialGeneralLiability,Commercial General Liability,evidenceOfInsuranceCommercialGeneralLiabilityCoverageTriggerOccurrence,Coverage Trigger: Occurrence,,matchOnce,must be present,,Present,compliant,Standard 7,,,false,1,,2026-08-16
QTS Data Centers,6a15b733bd30da3db41030e6,69f0f3c5beb6279e947be0ee,"HITT Contracting, Inc.",69f10c28beb6279e947be4e3,"ASH1DC2 - QTS Investment Properties Ashburn, LLC",evidenceOfInsurance,Evidence of Insurance,commercialGeneralLiability,Commercial General Liability,evidenceOfInsuranceCommercialGeneralLiabilityGeneralAggregateLimitAppliesPerProject,General Aggregate Limit Applies per: Project,,matchOnce,must be present,,Present,compliant,Standard 7,,,false,1,,2026-08-16
QTS Data Centers,6a15b733bd30da3db41030e6,69f0f3c5beb6279e947be0ee,"HITT Contracting, Inc.",69f10c28beb6279e947be4e3,"ASH1DC2 - QTS Investment Properties Ashburn, LLC",evidenceOfInsurance,Evidence of Insurance,commercialGeneralLiability,Commercial General Liability,evidenceOfInsuranceCommercialGeneralLiabilityEachOccurrence,Each Occurrence,,matchOnce,must be greater or equal to,2000000,2000000,compliant,Standard 7,,,false,1,,2026-08-16
QTS Data Centers,6a15b733bd30da3db41030e6,69f0f3c5beb6279e947be0ee,"HITT Contracting, Inc.",69f10c28beb6279e947be4e3,"ASH1DC2 - QTS Investment Properties Ashburn, LLC",evidenceOfInsurance,Evidence of Insurance,commercialGeneralLiability,Commercial General Liability,evidenceOfInsuranceCommercialGeneralLiabilityGeneralAggregate,General Aggregate,,matchOnce,must be greater or equal to,5000000,4000000,non_compliant,Standard 7,,,false,1,,2026-08-16
QTS Data Centers,6a15b733bd30da3db41030e6,69f0f3c5beb6279e947be0ee,"HITT Contracting, Inc.",69f10c28beb6279e947be4e3,"ASH1DC2 - QTS Investment Properties Ashburn, LLC",evidenceOfInsurance,Evidence of Insurance,commercialGeneralLiability,Commercial General Liability,evidenceOfInsuranceCommercialGeneralLiabilityProducsCompletedOperationsAggregate,Products/Completed Operations Aggregate,,matchOnce,must be greater or equal to,5000000,4000000,non_compliant,Standard 7,,,false,1,,2026-08-16
QTS Data Centers,6a15b733bd30da3db41030e6,69f0f3c5beb6279e947be0ee,"HITT Contracting, Inc.",69f10c28beb6279e947be4e3,"ASH1DC2 - QTS Investment Properties Ashburn, LLC",evidenceOfInsurance,Evidence of Insurance,commercialGeneralLiability,Commercial General Liability,evidenceOfInsuranceCommercialGeneralLiabilityAdditionalInsuredEndorsementOngoingOps,Additional Insured - Ongoing Operations,"---prompt---
Verify that additional insured coverage specifically includes ongoing operations. Look in the Description of Operations section for language like ""additional insured for ongoing operations"", ""CG 20 10"", ""CG 20 37"", or ""operations performed by or on behalf of the named insured"". The coverage should explicitly reference ongoing work, not just completed operations.",matchOnce,must be present,,Present,compliant,Standard 7,,,false,1,,2026-08-16
QTS Data Centers,6a15b733bd30da3db41030e6,69f0f3c5beb6279e947be0ee,"HITT Contracting, Inc.",69f10c28beb6279e947be4e3,"ASH1DC2 - QTS Investment Properties Ashburn, LLC",evidenceOfInsurance,Evidence of Insurance,commercialGeneralLiability,Commercial General Liability,evidenceOfInsuranceCommercialGeneralLiabilityAdditionalInsuredEndorsementCompletedOps,Additional Insured - Completed Operations,"---prompt---
Verify that additional insured coverage specifically includes completed operations. Look in the Description of Operations section for language like ""additional insured for completed operations"", ""CG 20 37"", ""products-completed operations"", or similar. This coverage protects the certificate holder for claims arising after work is finished.",matchOnce,must be present,,Present,compliant,Standard 7,,,false,1,,2026-08-16
QTS Data Centers,6a15b733bd30da3db41030e6,69f0f3c5beb6279e947be0ee,"HITT Contracting, Inc.",69f10c28beb6279e947be4e3,"ASH1DC2 - QTS Investment Properties Ashburn, LLC",evidenceOfInsurance,Evidence of Insurance,commercialGeneralLiability,Commercial General Liability,evidenceOfInsuranceCommercialGeneralLiabilityWaiverOfSubrogationEndorsement,Waiver of Subrogation,"---prompt---
Determine if the insurer has waived their right of subrogation in favor of the certificate holder under the Commercial General Liability policy. Evidence may include: a checked ""Waiver of Subrogation"" box on the certificate, mention in the Description of Operations section stating ""waiver of subrogation applies"", or reference to form CG 24 04. Look for language like ""subrogation is waived"" or ""per written contract"".",matchOnce,must be present,,Present,compliant,Standard 7,,,false,1,,2026-08-16
QTS Data Centers,6a15b733bd30da3db41030e6,69f0f3c5beb6279e947be0ee,"HITT Contracting, Inc.",69f10c28beb6279e947be4e3,"ASH1DC2 - QTS Investment Properties Ashburn, LLC",evidenceOfInsurance,Evidence of Insurance,commercialGeneralLiability,Commercial General Liability,evidenceOfInsuranceCommercialGeneralLiabilityPrimaryAndNonContributoryEndorsement,Primary and Non-Contributory,"---prompt---
Determine if the Commercial General Liability policy provides primary and non-contributory coverage for the certificate holder. Evidence may include: a checked ""Primary"" box on the certificate, mention in the Description of Operations section stating ""primary and non-contributory"", or reference to endorsement CG 20 01. Look for language indicating this policy will pay first before other applicable insurance and will not seek contribution.",matchOnce,must be present,,Present,compliant,Standard 7,,,false,1,,2026-08-16
QTS Data Centers,6a15b733bd30da3db41030e6,69f0f3c5beb6279e947be0ee,"HITT Contracting, Inc.",69f10c28beb6279e947be4e3,"ASH1DC2 - QTS Investment Properties Ashburn, LLC",evidenceOfInsurance,Evidence of Insurance,commercialGeneralLiability,Commercial General Liability,9c28ed56-e307-5cf9-88e9-0ada1f283104,Physical 30 Days Notice of Cancellation - 10 Days Notice for Non Payment Endorsement must be present,,matchOnce,must be present,,,non_compliant,Standard 7,,,true,0,,2026-08-16
QTS Data Centers,6a15b733bd30da3db41030e6,69f0f3c5beb6279e947be0ee,"HITT Contracting, Inc.",69f10c28beb6279e947be4e3,"ASH1DC2 - QTS Investment Properties Ashburn, LLC",evidenceOfInsurance,Evidence of Insurance,automobileLiability,Automobile Liability,evidenceOfInsuranceAutomobileLiabilityCombinedSingleLimitEachAccident,Combined Single Limit (each accident),,matchOnce,must be greater or equal to,1000000,2000000,compliant,Standard 7,,,false,1,,2026-08-16
QTS Data Centers,6a15b733bd30da3db41030e6,69f0f3c5beb6279e947be0ee,"HITT Contracting, Inc.",69f10c28beb6279e947be4e3,"ASH1DC2 - QTS Investment Properties Ashburn, LLC",evidenceOfInsurance,Evidence of Insurance,automobileLiability,Automobile Liability,evidenceOfInsuranceAutomobileLiabilityCoverageAppliesToOwnedAutosOnly,Coverage Applies To: Owned Autos Only,,matchOnce,must be present,,Present,compliant,Standard 7,,,false,1,,2026-08-16
QTS Data Centers,6a15b733bd30da3db41030e6,69f0f3c5beb6279e947be0ee,"HITT Contracting, Inc.",69f10c28beb6279e947be4e3,"ASH1DC2 - QTS Investment Properties Ashburn, LLC",evidenceOfInsurance,Evidence of Insurance,automobileLiability,Automobile Liability,evidenceOfInsuranceAutomobileLiabilityCoverageAppliesToNonOwnedAutosOnly,Coverage Applies To: Non-Owned Autos Only,,matchOnce,must be present,,Present,compliant,Standard 7,,,false,1,,2026-08-16
QTS Data Centers,6a15b733bd30da3db41030e6,69f0f3c5beb6279e947be0ee,"HITT Contracting, Inc.",69f10c28beb6279e947be4e3,"ASH1DC2 - QTS Investment Properties Ashburn, LLC",evidenceOfInsurance,Evidence of Insurance,automobileLiability,Automobile Liability,evidenceOfInsuranceAutomobileLiabilityCoverageAppliesToHiredAutosOnly,Coverage Applies To: Hired Autos Only,,matchOnce,must be present,,Present,compliant,Standard 7,,,false,1,,2026-08-16
QTS Data Centers,6a15b733bd30da3db41030e6,69f0f3c5beb6279e947be0ee,"HITT Contracting, Inc.",69f10c28beb6279e947be4e3,"ASH1DC2 - QTS Investment Properties Ashburn, LLC",evidenceOfInsurance,Evidence of Insurance,automobileLiability,Automobile Liability,evidenceOfInsuranceAutomobileLiabilityAdditionalInsuredEndorsement,Additional Insured,"---prompt---
Determine if the certificate holder is covered as an additional insured under the Automobile Liability policy. Evidence may include: a checked ""Additional Insured"" box on the certificate for the auto section, mention in the Description of Operations section, or reference to blanket additional insured coverage. Look for form number CA 20 48 or language like ""certificate holder is additional insured"" or ""per written contract"".",matchOnce,must be present,,Present,compliant,Standard 7,,,false,1,,2026-08-16
QTS Data Centers,6a15b733bd30da3db41030e6,69f0f3c5beb6279e947be0ee,"HITT Contracting, Inc.",69f10c28beb6279e947be4e3,"ASH1DC2 - QTS Investment Properties Ashburn, LLC",evidenceOfInsurance,Evidence of Insurance,automobileLiability,Automobile Liability,evidenceOfInsuranceAutomobileLiabilityWaiverOfSubrogationEndorsement,Waiver of Subrogation,"---prompt---
Determine if the insurer has waived their right of subrogation in favor of the certificate holder under the Automobile Liability policy. Evidence may include: a checked ""Waiver of Subrogation"" box on the certificate, mention in the Description of Operations section stating ""waiver of subrogation applies"", or reference to form CA 04 44. Look for language like ""subrogation is waived"" or ""per written contract"".",matchOnce,must be present,,Present,compliant,Standard 7,,,false,1,,2026-08-16
QTS Data Centers,6a15b733bd30da3db41030e6,69f0f3c5beb6279e947be0ee,"HITT Contracting, Inc.",69f10c28beb6279e947be4e3,"ASH1DC2 - QTS Investment Properties Ashburn, LLC",evidenceOfInsurance,Evidence of Insurance,automobileLiability,Automobile Liability,evidenceOfInsuranceAutomobileLiabilityPrimaryAndNonContributoryEndorsement,Primary and Non-Contributory,"---prompt---
Determine if the Automobile Liability policy provides primary and non-contributory coverage for the certificate holder. Evidence may include: a checked ""Primary"" box on the certificate, mention in the Description of Operations section stating ""primary and non-contributory"". Look for language indicating this policy will pay first before other applicable insurance and will not seek contribution.",matchOnce,must be present,,Present,compliant,Standard 7,,,false,1,,2026-08-16
QTS Data Centers,6a15b733bd30da3db41030e6,69f0f3c5beb6279e947be0ee,"HITT Contracting, Inc.",69f10c28beb6279e947be4e3,"ASH1DC2 - QTS Investment Properties Ashburn, LLC",evidenceOfInsurance,Evidence of Insurance,automobileLiability,Automobile Liability,0e6f6daa-effc-5c25-af03-4f7e657ae801,Physical MCS-90 Endorsement must be present,,matchOnce,must be present,,,non_compliant,Standard 7,,,true,0,,2026-08-16
QTS Data Centers,6a15b733bd30da3db41030e6,69f0f3c5beb6279e947be0ee,"HITT Contracting, Inc.",69f10c28beb6279e947be4e3,"ASH1DC2 - QTS Investment Properties Ashburn, LLC",evidenceOfInsurance,Evidence of Insurance,excessOrUmbrellaLiability,Umbrella/Excess Liability,evidenceOfInsuranceExcessOrUmbrellaLiabilityOccurence,Coverage Trigger: Occurrence,,matchOnce,must be present,,Present,compliant,Standard 7,,,false,1,,2026-08-16
QTS Data Centers,6a15b733bd30da3db41030e6,69f0f3c5beb6279e947be0ee,"HITT Contracting, Inc.",69f10c28beb6279e947be4e3,"ASH1DC2 - QTS Investment Properties Ashburn, LLC",evidenceOfInsurance,Evidence of Insurance,excessOrUmbrellaLiability,Umbrella/Excess Liability,evidenceOfInsuranceExcessOrUmbrellaLiabilityEachOccurrence,Each Occurrence,,matchOnce,must be greater or equal to,25000000,25000000,compliant,Standard 7,,,false,1,,2026-08-16
QTS Data Centers,6a15b733bd30da3db41030e6,69f0f3c5beb6279e947be0ee,"HITT Contracting, Inc.",69f10c28beb6279e947be4e3,"ASH1DC2 - QTS Investment Properties Ashburn, LLC",evidenceOfInsurance,Evidence of Insurance,excessOrUmbrellaLiability,Umbrella/Excess Liability,evidenceOfInsuranceExcessOrUmbrellaLiabilityAdditionalInsuredEndorsement,Additional Insured,"---prompt---
Determine if the certificate holder is covered as an additional insured under the Umbrella/Excess Liability policy. Evidence may include: a checked ""Additional Insured"" box on the certificate for the umbrella section, mention in the Description of Operations section, reference to ""follow form"" status (which would extend underlying additional insured status), or explicit language naming the certificate holder as additional insured on the umbrella.",matchOnce,must be present,,Present,compliant,Standard 7,,,false,1,,2026-08-16
QTS Data Centers,6a15b733bd30da3db41030e6,69f0f3c5beb6279e947be0ee,"HITT Contracting, Inc.",69f10c28beb6279e947be4e3,"ASH1DC2 - QTS Investment Properties Ashburn, LLC",evidenceOfInsurance,Evidence of Insurance,excessOrUmbrellaLiability,Umbrella/Excess Liability,evidenceOfInsuranceExcessOrUmbrellaLiabilityWaiverOfSubrogationEndorsement,Waiver of Subrogation,"---prompt---
Determine if the insurer has waived their right of subrogation in favor of the certificate holder under the Umbrella/Excess Liability policy. Evidence may include: a checked ""Waiver of Subrogation"" box on the certificate, mention in the Description of Operations section stating ""waiver of subrogation applies"", or reference to ""follow form"" status (which would extend underlying waiver). Look for language like ""subrogation is waived"" or ""per written contract"".",matchOnce,must be present,,Present,compliant,Standard 7,,,false,1,,2026-08-16
QTS Data Centers,6a15b733bd30da3db41030e6,69f0f3c5beb6279e947be0ee,"HITT Contracting, Inc.",69f10c28beb6279e947be4e3,"ASH1DC2 - QTS Investment Properties Ashburn, LLC",evidenceOfInsurance,Evidence of Insurance,excessOrUmbrellaLiability,Umbrella/Excess Liability,evidenceOfInsuranceExcessOrUmbrellaLiabilityPrimaryAndNonContributoryEndorsement,Primary and Non-Contributory,"---prompt---
Determine if the Umbrella/Excess Liability policy provides primary and non-contributory coverage for the certificate holder. Evidence may include: a checked ""Primary"" box on the certificate, mention in the Description of Operations section stating ""primary and non-contributory"", or reference to ""follow form"" status (which would extend underlying primary status). Look for language indicating this policy will pay first before other applicable insurance and will not seek contribution.",matchOnce,must be present,,Present,compliant,Standard 7,,,false,1,,2026-08-16
QTS Data Centers,6a15b733bd30da3db41030e6,69f0f3c5beb6279e947be0ee,"HITT Contracting, Inc.",69f10c28beb6279e947be4e3,"ASH1DC2 - QTS Investment Properties Ashburn, LLC",evidenceOfInsurance,Evidence of Insurance,workersCompensation,Workers' Compensation and Employer's Liability,evidenceOfInsuranceWorkersCompensationStatutoryLimits,Statutory Limits,,matchOnce,must be present,,Present,compliant,Standard 7,,,false,1,,2026-08-16
QTS Data Centers,6a15b733bd30da3db41030e6,69f0f3c5beb6279e947be0ee,"HITT Contracting, Inc.",69f10c28beb6279e947be4e3,"ASH1DC2 - QTS Investment Properties Ashburn, LLC",evidenceOfInsurance,Evidence of Insurance,workersCompensation,Workers' Compensation and Employer's Liability,evidenceOfInsuranceWorkersCompensationEmployersLiabilityDiseaseEachEmployee,Employer's Liability Disease - each employee,,matchOnce,must be greater or equal to,1000000,1000000,compliant,Standard 7,,,false,1,,2026-08-16
QTS Data Centers,6a15b733bd30da3db41030e6,69f0f3c5beb6279e947be0ee,"HITT Contracting, Inc.",69f10c28beb6279e947be4e3,"ASH1DC2 - QTS Investment Properties Ashburn, LLC",evidenceOfInsurance,Evidence of Insurance,workersCompensation,Workers' Compensation and Employer's Liability,evidenceOfInsuranceWorkersCompensationEmployersLiabilityDiseasePolicyLimit,Employer's Liability Disease - policy limit,,matchOnce,must be greater or equal to,1000000,1000000,compliant,Standard 7,,,false,1,,2026-08-16
QTS Data Centers,6a15b733bd30da3db41030e6,69f0f3c5beb6279e947be0ee,"HITT Contracting, Inc.",69f10c28beb6279e947be4e3,"ASH1DC2 - QTS Investment Properties Ashburn, LLC",evidenceOfInsurance,Evidence of Insurance,workersCompensation,Workers' Compensation and Employer's Liability,evidenceOfInsuranceWorkersCompensationEmployersLiabilityEachAccident,Employer's Liability Each Accident,,matchOnce,must be greater or equal to,1000000,1000000,compliant,Standard 7,,,false,1,,2026-08-16
QTS Data Centers,6a15b733bd30da3db41030e6,69f0f3c5beb6279e947be0ee,"HITT Contracting, Inc.",69f10c28beb6279e947be4e3,"ASH1DC2 - QTS Investment Properties Ashburn, LLC",evidenceOfInsurance,Evidence of Insurance,workersCompensation,Workers' Compensation and Employer's Liability,evidenceOfInsuranceWorkersCompensationWaiverOfSubrogationEndorsement,Waiver of Subrogation,"---prompt---
Determine if the insurer has waived their right of subrogation in favor of the certificate holder under the Workers' Compensation policy. Evidence may include: a checked ""Waiver of Subrogation"" box on the certificate, mention in the Description of Operations section stating ""waiver of subrogation applies"", or reference to form WC 00 03 13. Look for language like ""subrogation is waived"" or ""per written contract"".",matchOnce,must be present,,Present,compliant,Standard 7,,,false,1,,2026-08-16
QTS Data Centers,6a15b733bd30da3db41030e6,69f0f3c5beb6279e947be0ee,"HITT Contracting, Inc.",69f10c28beb6279e947be4e3,"ASH1DC2 - QTS Investment Properties Ashburn, LLC",evidenceOfInsurance,Evidence of Insurance,6ac20aae-5728-5d57-b364-aeba38527dba,Additional Requirements,655cb50e-155d-5f8c-af5e-e7386263aa58,"Certificate Holder must read as: ""Quality Technology Services, LLC, 
Attention: Procurement Department
300 Satellite Blvd NW, Suwanee, GA 30024.""",,matchOnce,must be present,,Present,compliant,Standard 7,,,true,1,,2026-08-16
QTS Data Centers,6a15b733bd30da3db41030e6,69f0f3c5beb6279e947be0ee,"HITT Contracting, Inc.",69f10c28beb6279e947be4e3,"ASH1DC2 - QTS Investment Properties Ashburn, LLC",evidenceOfInsurance,Evidence of Insurance,6ac20aae-5728-5d57-b364-aeba38527dba,Additional Requirements,25da7a11-b805-5d7d-8deb-65519e743757,"Description of Operations must read: Quality Tech, LP, and its officers, directors, employees, parents, subsidiaries, affiliates, and related companies, successors, and permitted assigns",,matchOnce,must be present,,Present,compliant,Standard 7,,,true,1,,2026-08-16
QTS Data Centers,6a15b733bd30da3db41030e6,69f0f3c5beb6279e947be0ee,"HITT Contracting, Inc.",69f10c28beb6279e947be4e3,"ASH1DC2 - QTS Investment Properties Ashburn, LLC",evidenceOfInsurance,Evidence of Insurance,6ac20aae-5728-5d57-b364-aeba38527dba,Additional Requirements,03d7ddc3-a527-5f18-bdf6-355eb23cd9de,30-Day Notice of Cancellation must be present,,matchOnce,must be present,,Present,compliant,Standard 7,,,true,1,,2026-08-16
QTS Data Centers,6a15b733bd30da3db41030e6,69f0f3c5beb6279e947be0ee,"HITT Contracting, Inc.",69f10c28beb6279e947be4e3,"ASH1DC2 - QTS Investment Properties Ashburn, LLC",evidenceOfInsurance,Evidence of Insurance,6ac20aae-5728-5d57-b364-aeba38527dba,Additional Requirements,8d7b12d5-c6dc-5efe-8cbd-acd9adedde5b,"Description of Operations must read: ASH1-DC2, located at 22280 Randolph Drive, Ashburn, VA 20166",,matchOnce,must be present,,,non_compliant,Standard 7,,,true,0,,2026-08-16
QTS Data Centers,6a15b733bd30da3db41030e6,69f0f3c5beb6279e947be0ee,"HITT Contracting, Inc.",69f10c28beb6279e947be4e3,"ASH1DC2 - QTS Investment Properties Ashburn, LLC",evidenceOfInsurance,Evidence of Insurance,6ac20aae-5728-5d57-b364-aeba38527dba,Additional Requirements,24a2347c-ab39-5dea-a6af-ad750440dde1,"Description of Operations must read: Commercial General Liability shall not include the following endorsements/exclusions or equivalent:

1. CG 2149 or CG 2155 o CG 2198 (Absolute Pollution Exclusion)
2. CG 2294 or CG 2295 (Damage to Work Performed by Contractors Exclusion)
3. CG 2139 (Contractual Limitation Endorsement)
4. CG 2196 (Silica or Silica Dust Exclusion), unless otherwise covered under an applicable pollution policy.
5. CG 2142 (Explosion, Collapse or Underground Exclusion)",,matchOnce,must be present,,,non_compliant,Standard 7,,,true,0,,2026-08-16
QTS Data Centers,6a15b733bd30da3db41030e6,69f0f3c5beb6279e947be0ee,"HITT Contracting, Inc.",69f10c28beb6279e947be4e3,"ASH1DC2 - QTS Investment Properties Ashburn, LLC",evidenceOfInsurance,Evidence of Insurance,6ac20aae-5728-5d57-b364-aeba38527dba,Additional Requirements,71685e25-c6d0-5692-aaaf-30f59a2f9a83,"Description of Operations must read: Workers Compensation shall include ""all states"" coverage",,matchOnce,must be present,,,non_compliant,Standard 7,,,true,0,,2026-08-16
QTS Data Centers,6a15b733bd30da3db41030e8,69f0f3c5beb6279e947be0ee,"HITT Contracting, Inc.",69f10c28beb6279e947be4d3,"ATL2DC2 - QTS Fayetteville I DC1-2, LLC",evidenceOfInsurance,Evidence of Insurance,commercialGeneralLiability,Commercial General Liability,evidenceOfInsuranceCommercialGeneralLiabilityAMBestRating,AM Best Rating,,matchOnce,must be greater or equal to,140,140,compliant,Standard 7,,,false,1,,2026-08-16
QTS Data Centers,6a15b733bd30da3db41030e8,69f0f3c5beb6279e947be0ee,"HITT Contracting, Inc.",69f10c28beb6279e947be4d3,"ATL2DC2 - QTS Fayetteville I DC1-2, LLC",evidenceOfInsurance,Evidence of Insurance,commercialGeneralLiability,Commercial General Liability,evidenceOfInsuranceCommercialGeneralLiabilityAMBestFinancialStrength,AM Best Financial Strength,,matchOnce,must be greater or equal to,100,150,compliant,Standard 7,,,false,1,,2026-08-16
QTS Data Centers,6a15b733bd30da3db41030e8,69f0f3c5beb6279e947be0ee,"HITT Contracting, Inc.",69f10c28beb6279e947be4d3,"ATL2DC2 - QTS Fayetteville I DC1-2, LLC",evidenceOfInsurance,Evidence of Insurance,commercialGeneralLiability,Commercial General Liability,evidenceOfInsuranceCommercialGeneralLiabilityCoverageTriggerOccurrence,Coverage Trigger: Occurrence,,matchOnce,must be present,,Present,compliant,Standard 7,,,false,1,,2026-08-16
QTS Data Centers,6a15b733bd30da3db41030e8,69f0f3c5beb6279e947be0ee,"HITT Contracting, Inc.",69f10c28beb6279e947be4d3,"ATL2DC2 - QTS Fayetteville I DC1-2, LLC",evidenceOfInsurance,Evidence of Insurance,commercialGeneralLiability,Commercial General Liability,evidenceOfInsuranceCommercialGeneralLiabilityGeneralAggregateLimitAppliesPerProject,General Aggregate Limit Applies per: Project,,matchOnce,must be present,,Present,compliant,Standard 7,,,false,1,,2026-08-16
QTS Data Centers,6a15b733bd30da3db41030e8,69f0f3c5beb6279e947be0ee,"HITT Contracting, Inc.",69f10c28beb6279e947be4d3,"ATL2DC2 - QTS Fayetteville I DC1-2, LLC",evidenceOfInsurance,Evidence of Insurance,commercialGeneralLiability,Commercial General Liability,evidenceOfInsuranceCommercialGeneralLiabilityEachOccurrence,Each Occurrence,,matchOnce,must be greater or equal to,2000000,2000000,compliant,Standard 7,,,false,1,,2026-08-16
QTS Data Centers,6a15b733bd30da3db41030e8,69f0f3c5beb6279e947be0ee,"HITT Contracting, Inc.",69f10c28beb6279e947be4d3,"ATL2DC2 - QTS Fayetteville I DC1-2, LLC",evidenceOfInsurance,Evidence of Insurance,commercialGeneralLiability,Commercial General Liability,evidenceOfInsuranceCommercialGeneralLiabilityGeneralAggregate,General Aggregate,,matchOnce,must be greater or equal to,5000000,4000000,non_compliant,Standard 7,,,false,1,,2026-08-16
QTS Data Centers,6a15b733bd30da3db41030e8,69f0f3c5beb6279e947be0ee,"HITT Contracting, Inc.",69f10c28beb6279e947be4d3,"ATL2DC2 - QTS Fayetteville I DC1-2, LLC",evidenceOfInsurance,Evidence of Insurance,commercialGeneralLiability,Commercial General Liability,evidenceOfInsuranceCommercialGeneralLiabilityProducsCompletedOperationsAggregate,Products/Completed Operations Aggregate,,matchOnce,must be greater or equal to,5000000,4000000,non_compliant,Standard 7,,,false,1,,2026-08-16
QTS Data Centers,6a15b733bd30da3db41030e8,69f0f3c5beb6279e947be0ee,"HITT Contracting, Inc.",69f10c28beb6279e947be4d3,"ATL2DC2 - QTS Fayetteville I DC1-2, LLC",evidenceOfInsurance,Evidence of Insurance,commercialGeneralLiability,Commercial General Liability,evidenceOfInsuranceCommercialGeneralLiabilityAdditionalInsuredEndorsementOngoingOps,Additional Insured - Ongoing Operations,"---prompt---
Verify that additional insured coverage specifically includes ongoing operations. Look in the Description of Operations section for language like ""additional insured for ongoing operations"", ""CG 20 10"", ""CG 20 37"", or ""operations performed by or on behalf of the named insured"". The coverage should explicitly reference ongoing work, not just completed operations.",matchOnce,must be present,,Present,compliant,Standard 7,,,false,1,,2026-08-16
QTS Data Centers,6a15b733bd30da3db41030e8,69f0f3c5beb6279e947be0ee,"HITT Contracting, Inc.",69f10c28beb6279e947be4d3,"ATL2DC2 - QTS Fayetteville I DC1-2, LLC",evidenceOfInsurance,Evidence of Insurance,commercialGeneralLiability,Commercial General Liability,evidenceOfInsuranceCommercialGeneralLiabilityAdditionalInsuredEndorsementCompletedOps,Additional Insured - Completed Operations,"---prompt---
Verify that additional insured coverage specifically includes completed operations. Look in the Description of Operations section for language like ""additional insured for completed operations"", ""CG 20 37"", ""products-completed operations"", or similar. This coverage protects the certificate holder for claims arising after work is finished.",matchOnce,must be present,,Present,compliant,Standard 7,,,false,1,,2026-08-16
QTS Data Centers,6a15b733bd30da3db41030e8,69f0f3c5beb6279e947be0ee,"HITT Contracting, Inc.",69f10c28beb6279e947be4d3,"ATL2DC2 - QTS Fayetteville I DC1-2, LLC",evidenceOfInsurance,Evidence of Insurance,commercialGeneralLiability,Commercial General Liability,evidenceOfInsuranceCommercialGeneralLiabilityWaiverOfSubrogationEndorsement,Waiver of Subrogation,"---prompt---
Determine if the insurer has waived their right of subrogation in favor of the certificate holder under the Commercial General Liability policy. Evidence may include: a checked ""Waiver of Subrogation"" box on the certificate, mention in the Description of Operations section stating ""waiver of subrogation applies"", or reference to form CG 24 04. Look for language like ""subrogation is waived"" or ""per written contract"".",matchOnce,must be present,,Present,compliant,Standard 7,,,false,1,,2026-08-16
QTS Data Centers,6a15b733bd30da3db41030e8,69f0f3c5beb6279e947be0ee,"HITT Contracting, Inc.",69f10c28beb6279e947be4d3,"ATL2DC2 - QTS Fayetteville I DC1-2, LLC",evidenceOfInsurance,Evidence of Insurance,commercialGeneralLiability,Commercial General Liability,evidenceOfInsuranceCommercialGeneralLiabilityPrimaryAndNonContributoryEndorsement,Primary and Non-Contributory,"---prompt---
Determine if the Commercial General Liability policy provides primary and non-contributory coverage for the certificate holder. Evidence may include: a checked ""Primary"" box on the certificate, mention in the Description of Operations section stating ""primary and non-contributory"", or reference to endorsement CG 20 01. Look for language indicating this policy will pay first before other applicable insurance and will not seek contribution.",matchOnce,must be present,,Present,compliant,Standard 7,,,false,1,,2026-08-16
QTS Data Centers,6a15b733bd30da3db41030e8,69f0f3c5beb6279e947be0ee,"HITT Contracting, Inc.",69f10c28beb6279e947be4d3,"ATL2DC2 - QTS Fayetteville I DC1-2, LLC",evidenceOfInsurance,Evidence of Insurance,commercialGeneralLiability,Commercial General Liability,9c28ed56-e307-5cf9-88e9-0ada1f283104,Physical 30 Days Notice of Cancellation - 10 Days Notice for Non Payment Endorsement must be present,,matchOnce,must be present,,Present,compliant,Standard 7,,,true,1,,2026-08-16
QTS Data Centers,6a15b733bd30da3db41030e8,69f0f3c5beb6279e947be0ee,"HITT Contracting, Inc.",69f10c28beb6279e947be4d3,"ATL2DC2 - QTS Fayetteville I DC1-2, LLC",evidenceOfInsurance,Evidence of Insurance,automobileLiability,Automobile Liability,evidenceOfInsuranceAutomobileLiabilityCombinedSingleLimitEachAccident,Combined Single Limit (each accident),,matchOnce,must be greater or equal to,1000000,2000000,compliant,Standard 7,,,false,1,,2026-08-16
QTS Data Centers,6a15b733bd30da3db41030e8,69f0f3c5beb6279e947be0ee,"HITT Contracting, Inc.",69f10c28beb6279e947be4d3,"ATL2DC2 - QTS Fayetteville I DC1-2, LLC",evidenceOfInsurance,Evidence of Insurance,automobileLiability,Automobile Liability,evidenceOfInsuranceAutomobileLiabilityCoverageAppliesToOwnedAutosOnly,Coverage Applies To: Owned Autos Only,,matchOnce,must be present,,Present,compliant,Standard 7,,,false,1,,2026-08-16
QTS Data Centers,6a15b733bd30da3db41030e8,69f0f3c5beb6279e947be0ee,"HITT Contracting, Inc.",69f10c28beb6279e947be4d3,"ATL2DC2 - QTS Fayetteville I DC1-2, LLC",evidenceOfInsurance,Evidence of Insurance,automobileLiability,Automobile Liability,evidenceOfInsuranceAutomobileLiabilityCoverageAppliesToNonOwnedAutosOnly,Coverage Applies To: Non-Owned Autos Only,,matchOnce,must be present,,Present,compliant,Standard 7,,,false,1,,2026-08-16
QTS Data Centers,6a15b733bd30da3db41030e8,69f0f3c5beb6279e947be0ee,"HITT Contracting, Inc.",69f10c28beb6279e947be4d3,"ATL2DC2 - QTS Fayetteville I DC1-2, LLC",evidenceOfInsurance,Evidence of Insurance,automobileLiability,Automobile Liability,evidenceOfInsuranceAutomobileLiabilityCoverageAppliesToHiredAutosOnly,Coverage Applies To: Hired Autos Only,,matchOnce,must be present,,Present,compliant,Standard 7,,,false,1,,2026-08-16
QTS Data Centers,6a15b733bd30da3db41030e8,69f0f3c5beb6279e947be0ee,"HITT Contracting, Inc.",69f10c28beb6279e947be4d3,"ATL2DC2 - QTS Fayetteville I DC1-2, LLC",evidenceOfInsurance,Evidence of Insurance,automobileLiability,Automobile Liability,evidenceOfInsuranceAutomobileLiabilityAdditionalInsuredEndorsement,Additional Insured,"---prompt---
Determine if the certificate holder is covered as an additional insured under the Automobile Liability policy. Evidence may include: a checked ""Additional Insured"" box on the certificate for the auto section, mention in the Description of Operations section, or reference to blanket additional insured coverage. Look for form number CA 20 48 or language like ""certificate holder is additional insured"" or ""per written contract"".",matchOnce,must be present,,Present,compliant,Standard 7,,,false,1,,2026-08-16
QTS Data Centers,6a15b733bd30da3db41030e8,69f0f3c5beb6279e947be0ee,"HITT Contracting, Inc.",69f10c28beb6279e947be4d3,"ATL2DC2 - QTS Fayetteville I DC1-2, LLC",evidenceOfInsurance,Evidence of Insurance,automobileLiability,Automobile Liability,evidenceOfInsuranceAutomobileLiabilityWaiverOfSubrogationEndorsement,Waiver of Subrogation,"---prompt---
Determine if the insurer has waived their right of subrogation in favor of the certificate holder under the Automobile Liability policy. Evidence may include: a checked ""Waiver of Subrogation"" box on the certificate, mention in the Description of Operations section stating ""waiver of subrogation applies"", or reference to form CA 04 44. Look for language like ""subrogation is waived"" or ""per written contract"".",matchOnce,must be present,,Present,compliant,Standard 7,,,false,1,,2026-08-16
QTS Data Centers,6a15b733bd30da3db41030e8,69f0f3c5beb6279e947be0ee,"HITT Contracting, Inc.",69f10c28beb6279e947be4d3,"ATL2DC2 - QTS Fayetteville I DC1-2, LLC",evidenceOfInsurance,Evidence of Insurance,automobileLiability,Automobile Liability,evidenceOfInsuranceAutomobileLiabilityPrimaryAndNonContributoryEndorsement,Primary and Non-Contributory,"---prompt---
Determine if the Automobile Liability policy provides primary and non-contributory coverage for the certificate holder. Evidence may include: a checked ""Primary"" box on the certificate, mention in the Description of Operations section stating ""primary and non-contributory"". Look for language indicating this policy will pay first before other applicable insurance and will not seek contribution.",matchOnce,must be present,,Present,compliant,Standard 7,,,false,1,,2026-08-16
QTS Data Centers,6a15b733bd30da3db41030e8,69f0f3c5beb6279e947be0ee,"HITT Contracting, Inc.",69f10c28beb6279e947be4d3,"ATL2DC2 - QTS Fayetteville I DC1-2, LLC",evidenceOfInsurance,Evidence of Insurance,automobileLiability,Automobile Liability,0e6f6daa-effc-5c25-af03-4f7e657ae801,Physical MCS-90 Endorsement must be present,,matchOnce,must be present,,,non_compliant,Standard 7,,,true,0,,2026-08-16
QTS Data Centers,6a15b733bd30da3db41030e8,69f0f3c5beb6279e947be0ee,"HITT Contracting, Inc.",69f10c28beb6279e947be4d3,"ATL2DC2 - QTS Fayetteville I DC1-2, LLC",evidenceOfInsurance,Evidence of Insurance,excessOrUmbrellaLiability,Umbrella/Excess Liability,evidenceOfInsuranceExcessOrUmbrellaLiabilityOccurence,Coverage Trigger: Occurrence,,matchOnce,must be present,,Present,compliant,Standard 7,,,false,1,,2026-08-16
QTS Data Centers,6a15b733bd30da3db41030e8,69f0f3c5beb6279e947be0ee,"HITT Contracting, Inc.",69f10c28beb6279e947be4d3,"ATL2DC2 - QTS Fayetteville I DC1-2, LLC",evidenceOfInsurance,Evidence of Insurance,excessOrUmbrellaLiability,Umbrella/Excess Liability,evidenceOfInsuranceExcessOrUmbrellaLiabilityEachOccurrence,Each Occurrence,,matchOnce,must be greater or equal to,25000000,25000000,compliant,Standard 7,,,false,1,,2026-08-16
QTS Data Centers,6a15b733bd30da3db41030e8,69f0f3c5beb6279e947be0ee,"HITT Contracting, Inc.",69f10c28beb6279e947be4d3,"ATL2DC2 - QTS Fayetteville I DC1-2, LLC",evidenceOfInsurance,Evidence of Insurance,excessOrUmbrellaLiability,Umbrella/Excess Liability,evidenceOfInsuranceExcessOrUmbrellaLiabilityAdditionalInsuredEndorsement,Additional Insured,"---prompt---
Determine if the certificate holder is covered as an additional insured under the Umbrella/Excess Liability policy. Evidence may include: a checked ""Additional Insured"" box on the certificate for the umbrella section, mention in the Description of Operations section, reference to ""follow form"" status (which would extend underlying additional insured status), or explicit language naming the certificate holder as additional insured on the umbrella.",matchOnce,must be present,,Present,compliant,Standard 7,,,false,1,,2026-08-16
QTS Data Centers,6a15b733bd30da3db41030e8,69f0f3c5beb6279e947be0ee,"HITT Contracting, Inc.",69f10c28beb6279e947be4d3,"ATL2DC2 - QTS Fayetteville I DC1-2, LLC",evidenceOfInsurance,Evidence of Insurance,excessOrUmbrellaLiability,Umbrella/Excess Liability,evidenceOfInsuranceExcessOrUmbrellaLiabilityWaiverOfSubrogationEndorsement,Waiver of Subrogation,"---prompt---
Determine if the insurer has waived their right of subrogation in favor of the certificate holder under the Umbrella/Excess Liability policy. Evidence may include: a checked ""Waiver of Subrogation"" box on the certificate, mention in the Description of Operations section stating ""waiver of subrogation applies"", or reference to ""follow form"" status (which would extend underlying waiver). Look for language like ""subrogation is waived"" or ""per written contract"".",matchOnce,must be present,,Present,compliant,Standard 7,,,false,1,,2026-08-16
QTS Data Centers,6a15b733bd30da3db41030e8,69f0f3c5beb6279e947be0ee,"HITT Contracting, Inc.",69f10c28beb6279e947be4d3,"ATL2DC2 - QTS Fayetteville I DC1-2, LLC",evidenceOfInsurance,Evidence of Insurance,excessOrUmbrellaLiability,Umbrella/Excess Liability,evidenceOfInsuranceExcessOrUmbrellaLiabilityPrimaryAndNonContributoryEndorsement,Primary and Non-Contributory,"---prompt---
Determine if the Umbrella/Excess Liability policy provides primary and non-contributory coverage for the certificate holder. Evidence may include: a checked ""Primary"" box on the certificate, mention in the Description of Operations section stating ""primary and non-contributory"", or reference to ""follow form"" status (which would extend underlying primary status). Look for language indicating this policy will pay first before other applicable insurance and will not seek contribution.",matchOnce,must be present,,Present,compliant,Standard 7,,,false,1,,2026-08-16
QTS Data Centers,6a15b733bd30da3db41030e8,69f0f3c5beb6279e947be0ee,"HITT Contracting, Inc.",69f10c28beb6279e947be4d3,"ATL2DC2 - QTS Fayetteville I DC1-2, LLC",evidenceOfInsurance,Evidence of Insurance,workersCompensation,Workers' Compensation and Employer's Liability,evidenceOfInsuranceWorkersCompensationStatutoryLimits,Statutory Limits,,matchOnce,must be present,,Present,compliant,Standard 7,,,false,1,,2026-08-16
QTS Data Centers,6a15b733bd30da3db41030e8,69f0f3c5beb6279e947be0ee,"HITT Contracting, Inc.",69f10c28beb6279e947be4d3,"ATL2DC2 - QTS Fayetteville I DC1-2, LLC",evidenceOfInsurance,Evidence of Insurance,workersCompensation,Workers' Compensation and Employer's Liability,evidenceOfInsuranceWorkersCompensationEmployersLiabilityDiseaseEachEmployee,Employer's Liability Disease - each employee,,matchOnce,must be greater or equal to,1000000,1000000,compliant,Standard 7,,,false,1,,2026-08-16
QTS Data Centers,6a15b733bd30da3db41030e8,69f0f3c5beb6279e947be0ee,"HITT Contracting, Inc.",69f10c28beb6279e947be4d3,"ATL2DC2 - QTS Fayetteville I DC1-2, LLC",evidenceOfInsurance,Evidence of Insurance,workersCompensation,Workers' Compensation and Employer's Liability,evidenceOfInsuranceWorkersCompensationEmployersLiabilityDiseasePolicyLimit,Employer's Liability Disease - policy limit,,matchOnce,must be greater or equal to,1000000,1000000,compliant,Standard 7,,,false,1,,2026-08-16
QTS Data Centers,6a15b733bd30da3db41030e8,69f0f3c5beb6279e947be0ee,"HITT Contracting, Inc.",69f10c28beb6279e947be4d3,"ATL2DC2 - QTS Fayetteville I DC1-2, LLC",evidenceOfInsurance,Evidence of Insurance,workersCompensation,Workers' Compensation and Employer's Liability,evidenceOfInsuranceWorkersCompensationEmployersLiabilityEachAccident,Employer's Liability Each Accident,,matchOnce,must be greater or equal to,1000000,1000000,compliant,Standard 7,,,false,1,,2026-08-16
QTS Data Centers,6a15b733bd30da3db41030e8,69f0f3c5beb6279e947be0ee,"HITT Contracting, Inc.",69f10c28beb6279e947be4d3,"ATL2DC2 - QTS Fayetteville I DC1-2, LLC",evidenceOfInsurance,Evidence of Insurance,workersCompensation,Workers' Compensation and Employer's Liability,evidenceOfInsuranceWorkersCompensationWaiverOfSubrogationEndorsement,Waiver of Subrogation,"---prompt---
Determine if the insurer has waived their right of subrogation in favor of the certificate holder under the Workers' Compensation policy. Evidence may include: a checked ""Waiver of Subrogation"" box on the certificate, mention in the Description of Operations section stating ""waiver of subrogation applies"", or reference to form WC 00 03 13. Look for language like ""subrogation is waived"" or ""per written contract"".",matchOnce,must be present,,Present,compliant,Standard 7,,,false,1,,2026-08-16
QTS Data Centers,6a15b733bd30da3db41030e8,69f0f3c5beb6279e947be0ee,"HITT Contracting, Inc.",69f10c28beb6279e947be4d3,"ATL2DC2 - QTS Fayetteville I DC1-2, LLC",evidenceOfInsurance,Evidence of Insurance,6ac20aae-5728-5d57-b364-aeba38527dba,Additional Requirements,655cb50e-155d-5f8c-af5e-e7386263aa58,"Certificate Holder must read as: ""Quality Technology Services, LLC, 
Attention: Procurement Department
300 Satellite Blvd NW, Suwanee, GA 30024.""",,matchOnce,must be present,,Present,compliant,Standard 7,,,true,1,,2026-08-16
QTS Data Centers,6a15b733bd30da3db41030e8,69f0f3c5beb6279e947be0ee,"HITT Contracting, Inc.",69f10c28beb6279e947be4d3,"ATL2DC2 - QTS Fayetteville I DC1-2, LLC",evidenceOfInsurance,Evidence of Insurance,6ac20aae-5728-5d57-b364-aeba38527dba,Additional Requirements,25da7a11-b805-5d7d-8deb-65519e743757,"Description of Operations must read: Quality Tech, LP, and its officers, directors, employees, parents, subsidiaries, affiliates, and related companies, successors, and permitted assigns",,matchOnce,must be present,,Present,compliant,Standard 7,,,true,1,,2026-08-16
QTS Data Centers,6a15b733bd30da3db41030e8,69f0f3c5beb6279e947be0ee,"HITT Contracting, Inc.",69f10c28beb6279e947be4d3,"ATL2DC2 - QTS Fayetteville I DC1-2, LLC",evidenceOfInsurance,Evidence of Insurance,6ac20aae-5728-5d57-b364-aeba38527dba,Additional Requirements,03d7ddc3-a527-5f18-bdf6-355eb23cd9de,30-Day Notice of Cancellation must be present,,matchOnce,must be present,,Present,compliant,Standard 7,,,true,1,,2026-08-16
QTS Data Centers,6a15b733bd30da3db41030e8,69f0f3c5beb6279e947be0ee,"HITT Contracting, Inc.",69f10c28beb6279e947be4d3,"ATL2DC2 - QTS Fayetteville I DC1-2, LLC",evidenceOfInsurance,Evidence of Insurance,6ac20aae-5728-5d57-b364-aeba38527dba,Additional Requirements,8d7b12d5-c6dc-5efe-8cbd-acd9adedde5b,Description of Operations must read: ATL2 Osgood,,matchOnce,must be present,,,non_compliant,Standard 7,,,true,0,,2026-08-16
QTS Data Centers,6a15b733bd30da3db41030e8,69f0f3c5beb6279e947be0ee,"HITT Contracting, Inc.",69f10c28beb6279e947be4d3,"ATL2DC2 - QTS Fayetteville I DC1-2, LLC",evidenceOfInsurance,Evidence of Insurance,6ac20aae-5728-5d57-b364-aeba38527dba,Additional Requirements,24a2347c-ab39-5dea-a6af-ad750440dde1,"Description of Operations must read: Commercial General Liability shall not include the following endorsements/exclusions or equivalent:

1. CG 2149 or CG 2155 o CG 2198 (Absolute Pollution Exclusion)
2. CG 2294 or CG 2295 (Damage to Work Performed by Contractors Exclusion)
3. CG 2139 (Contractual Limitation Endorsement)
4. CG 2196 (Silica or Silica Dust Exclusion), unless otherwise covered under an applicable pollution policy.
5. CG 2142 (Explosion, Collapse or Underground Exclusion)",,matchOnce,must be present,,,non_compliant,Standard 7,,,true,0,,2026-08-16
QTS Data Centers,6a15b733bd30da3db41030e8,69f0f3c5beb6279e947be0ee,"HITT Contracting, Inc.",69f10c28beb6279e947be4d3,"ATL2DC2 - QTS Fayetteville I DC1-2, LLC",evidenceOfInsurance,Evidence of Insurance,6ac20aae-5728-5d57-b364-aeba38527dba,Additional Requirements,71685e25-c6d0-5692-aaaf-30f59a2f9a83,"Description of Operations must read: Workers Compensation shall include ""all states"" coverage",,matchOnce,must be present,,,non_compliant,Standard 7,,,true,0,,2026-08-16
QTS Data Centers,6a15b733bd30da3db41030eb,69f0f3c5beb6279e947be0ee,"HITT Contracting, Inc.",69f10c28beb6279e947be4db,"RIC3DC2 - QTS Richmond III DC2, LLC",evidenceOfInsurance,Evidence of Insurance,commercialGeneralLiability,Commercial General Liability,evidenceOfInsuranceCommercialGeneralLiabilityAMBestRating,AM Best Rating,,matchOnce,must be greater or equal to,140,140,compliant,Standard 7,,,false,1,,2026-08-16
QTS Data Centers,6a15b733bd30da3db41030eb,69f0f3c5beb6279e947be0ee,"HITT Contracting, Inc.",69f10c28beb6279e947be4db,"RIC3DC2 - QTS Richmond III DC2, LLC",evidenceOfInsurance,Evidence of Insurance,commercialGeneralLiability,Commercial General Liability,evidenceOfInsuranceCommercialGeneralLiabilityAMBestFinancialStrength,AM Best Financial Strength,,matchOnce,must be greater or equal to,100,150,compliant,Standard 7,,,false,1,,2026-08-16
QTS Data Centers,6a15b733bd30da3db41030eb,69f0f3c5beb6279e947be0ee,"HITT Contracting, Inc.",69f10c28beb6279e947be4db,"RIC3DC2 - QTS Richmond III DC2, LLC",evidenceOfInsurance,Evidence of Insurance,commercialGeneralLiability,Commercial General Liability,evidenceOfInsuranceCommercialGeneralLiabilityCoverageTriggerOccurrence,Coverage Trigger: Occurrence,,matchOnce,must be present,,Present,compliant,Standard 7,,,false,1,,2026-08-16
QTS Data Centers,6a15b733bd30da3db41030eb,69f0f3c5beb6279e947be0ee,"HITT Contracting, Inc.",69f10c28beb6279e947be4db,"RIC3DC2 - QTS Richmond III DC2, LLC",evidenceOfInsurance,Evidence of Insurance,commercialGeneralLiability,Commercial General Liability,evidenceOfInsuranceCommercialGeneralLiabilityGeneralAggregateLimitAppliesPerProject,General Aggregate Limit Applies per: Project,,matchOnce,must be present,,Present,compliant,Standard 7,,,false,1,,2026-08-16
QTS Data Centers,6a15b733bd30da3db41030eb,69f0f3c5beb6279e947be0ee,"HITT Contracting, Inc.",69f10c28beb6279e947be4db,"RIC3DC2 - QTS Richmond III DC2, LLC",evidenceOfInsurance,Evidence of Insurance,commercialGeneralLiability,Commercial General Liability,evidenceOfInsuranceCommercialGeneralLiabilityEachOccurrence,Each Occurrence,,matchOnce,must be greater or equal to,2000000,2000000,compliant,Standard 7,,,false,1,,2026-08-16
QTS Data Centers,6a15b733bd30da3db41030eb,69f0f3c5beb6279e947be0ee,"HITT Contracting, Inc.",69f10c28beb6279e947be4db,"RIC3DC2 - QTS Richmond III DC2, LLC",evidenceOfInsurance,Evidence of Insurance,commercialGeneralLiability,Commercial General Liability,evidenceOfInsuranceCommercialGeneralLiabilityGeneralAggregate,General Aggregate,,matchOnce,must be greater or equal to,5000000,4000000,non_compliant,Standard 7,,,false,1,,2026-08-16
QTS Data Centers,6a15b733bd30da3db41030eb,69f0f3c5beb6279e947be0ee,"HITT Contracting, Inc.",69f10c28beb6279e947be4db,"RIC3DC2 - QTS Richmond III DC2, LLC",evidenceOfInsurance,Evidence of Insurance,commercialGeneralLiability,Commercial General Liability,evidenceOfInsuranceCommercialGeneralLiabilityProducsCompletedOperationsAggregate,Products/Completed Operations Aggregate,,matchOnce,must be greater or equal to,5000000,4000000,non_compliant,Standard 7,,,false,1,,2026-08-16
QTS Data Centers,6a15b733bd30da3db41030eb,69f0f3c5beb6279e947be0ee,"HITT Contracting, Inc.",69f10c28beb6279e947be4db,"RIC3DC2 - QTS Richmond III DC2, LLC",evidenceOfInsurance,Evidence of Insurance,commercialGeneralLiability,Commercial General Liability,evidenceOfInsuranceCommercialGeneralLiabilityAdditionalInsuredEndorsementOngoingOps,Additional Insured - Ongoing Operations,"---prompt---
Verify that additional insured coverage specifically includes ongoing operations. Look in the Description of Operations section for language like ""additional insured for ongoing operations"", ""CG 20 10"", ""CG 20 37"", or ""operations performed by or on behalf of the named insured"". The coverage should explicitly reference ongoing work, not just completed operations.",matchOnce,must be present,,Present,compliant,Standard 7,,,false,1,,2026-08-16
QTS Data Centers,6a15b733bd30da3db41030eb,69f0f3c5beb6279e947be0ee,"HITT Contracting, Inc.",69f10c28beb6279e947be4db,"RIC3DC2 - QTS Richmond III DC2, LLC",evidenceOfInsurance,Evidence of Insurance,commercialGeneralLiability,Commercial General Liability,evidenceOfInsuranceCommercialGeneralLiabilityAdditionalInsuredEndorsementCompletedOps,Additional Insured - Completed Operations,"---prompt---
Verify that additional insured coverage specifically includes completed operations. Look in the Description of Operations section for language like ""additional insured for completed operations"", ""CG 20 37"", ""products-completed operations"", or similar. This coverage protects the certificate holder for claims arising after work is finished.",matchOnce,must be present,,Present,compliant,Standard 7,,,false,1,,2026-08-16
QTS Data Centers,6a15b733bd30da3db41030eb,69f0f3c5beb6279e947be0ee,"HITT Contracting, Inc.",69f10c28beb6279e947be4db,"RIC3DC2 - QTS Richmond III DC2, LLC",evidenceOfInsurance,Evidence of Insurance,commercialGeneralLiability,Commercial General Liability,evidenceOfInsuranceCommercialGeneralLiabilityWaiverOfSubrogationEndorsement,Waiver of Subrogation,"---prompt---
Determine if the insurer has waived their right of subrogation in favor of the certificate holder under the Commercial General Liability policy. Evidence may include: a checked ""Waiver of Subrogation"" box on the certificate, mention in the Description of Operations section stating ""waiver of subrogation applies"", or reference to form CG 24 04. Look for language like ""subrogation is waived"" or ""per written contract"".",matchOnce,must be present,,Present,compliant,Standard 7,,,false,1,,2026-08-16
QTS Data Centers,6a15b733bd30da3db41030eb,69f0f3c5beb6279e947be0ee,"HITT Contracting, Inc.",69f10c28beb6279e947be4db,"RIC3DC2 - QTS Richmond III DC2, LLC",evidenceOfInsurance,Evidence of Insurance,commercialGeneralLiability,Commercial General Liability,evidenceOfInsuranceCommercialGeneralLiabilityPrimaryAndNonContributoryEndorsement,Primary and Non-Contributory,"---prompt---
Determine if the Commercial General Liability policy provides primary and non-contributory coverage for the certificate holder. Evidence may include: a checked ""Primary"" box on the certificate, mention in the Description of Operations section stating ""primary and non-contributory"", or reference to endorsement CG 20 01. Look for language indicating this policy will pay first before other applicable insurance and will not seek contribution.",matchOnce,must be present,,Present,compliant,Standard 7,,,false,1,,2026-08-16
QTS Data Centers,6a15b733bd30da3db41030eb,69f0f3c5beb6279e947be0ee,"HITT Contracting, Inc.",69f10c28beb6279e947be4db,"RIC3DC2 - QTS Richmond III DC2, LLC",evidenceOfInsurance,Evidence of Insurance,commercialGeneralLiability,Commercial General Liability,9c28ed56-e307-5cf9-88e9-0ada1f283104,Physical 30 Days Notice of Cancellation - 10 Days Notice for Non Payment Endorsement must be present,,matchOnce,must be present,,,non_compliant,Standard 7,,,true,0,,2026-08-16
QTS Data Centers,6a15b733bd30da3db41030eb,69f0f3c5beb6279e947be0ee,"HITT Contracting, Inc.",69f10c28beb6279e947be4db,"RIC3DC2 - QTS Richmond III DC2, LLC",evidenceOfInsurance,Evidence of Insurance,automobileLiability,Automobile Liability,evidenceOfInsuranceAutomobileLiabilityCombinedSingleLimitEachAccident,Combined Single Limit (each accident),,matchOnce,must be greater or equal to,1000000,2000000,compliant,Standard 7,,,false,1,,2026-08-16
QTS Data Centers,6a15b733bd30da3db41030eb,69f0f3c5beb6279e947be0ee,"HITT Contracting, Inc.",69f10c28beb6279e947be4db,"RIC3DC2 - QTS Richmond III DC2, LLC",evidenceOfInsurance,Evidence of Insurance,automobileLiability,Automobile Liability,evidenceOfInsuranceAutomobileLiabilityCoverageAppliesToOwnedAutosOnly,Coverage Applies To: Owned Autos Only,,matchOnce,must be present,,Present,compliant,Standard 7,,,false,1,,2026-08-16
QTS Data Centers,6a15b733bd30da3db41030eb,69f0f3c5beb6279e947be0ee,"HITT Contracting, Inc.",69f10c28beb6279e947be4db,"RIC3DC2 - QTS Richmond III DC2, LLC",evidenceOfInsurance,Evidence of Insurance,automobileLiability,Automobile Liability,evidenceOfInsuranceAutomobileLiabilityCoverageAppliesToNonOwnedAutosOnly,Coverage Applies To: Non-Owned Autos Only,,matchOnce,must be present,,Present,compliant,Standard 7,,,false,1,,2026-08-16
QTS Data Centers,6a15b733bd30da3db41030eb,69f0f3c5beb6279e947be0ee,"HITT Contracting, Inc.",69f10c28beb6279e947be4db,"RIC3DC2 - QTS Richmond III DC2, LLC",evidenceOfInsurance,Evidence of Insurance,automobileLiability,Automobile Liability,evidenceOfInsuranceAutomobileLiabilityCoverageAppliesToHiredAutosOnly,Coverage Applies To: Hired Autos Only,,matchOnce,must be present,,Present,compliant,Standard 7,,,false,1,,2026-08-16
QTS Data Centers,6a15b733bd30da3db41030eb,69f0f3c5beb6279e947be0ee,"HITT Contracting, Inc.",69f10c28beb6279e947be4db,"RIC3DC2 - QTS Richmond III DC2, LLC",evidenceOfInsurance,Evidence of Insurance,automobileLiability,Automobile Liability,evidenceOfInsuranceAutomobileLiabilityAdditionalInsuredEndorsement,Additional Insured,"---prompt---
Determine if the certificate holder is covered as an additional insured under the Automobile Liability policy. Evidence may include: a checked ""Additional Insured"" box on the certificate for the auto section, mention in the Description of Operations section, or reference to blanket additional insured coverage. Look for form number CA 20 48 or language like ""certificate holder is additional insured"" or ""per written contract"".",matchOnce,must be present,,Present,compliant,Standard 7,,,false,1,,2026-08-16
QTS Data Centers,6a15b733bd30da3db41030eb,69f0f3c5beb6279e947be0ee,"HITT Contracting, Inc.",69f10c28beb6279e947be4db,"RIC3DC2 - QTS Richmond III DC2, LLC",evidenceOfInsurance,Evidence of Insurance,automobileLiability,Automobile Liability,evidenceOfInsuranceAutomobileLiabilityWaiverOfSubrogationEndorsement,Waiver of Subrogation,"---prompt---
Determine if the insurer has waived their right of subrogation in favor of the certificate holder under the Automobile Liability policy. Evidence may include: a checked ""Waiver of Subrogation"" box on the certificate, mention in the Description of Operations section stating ""waiver of subrogation applies"", or reference to form CA 04 44. Look for language like ""subrogation is waived"" or ""per written contract"".",matchOnce,must be present,,Present,compliant,Standard 7,,,false,1,,2026-08-16
QTS Data Centers,6a15b733bd30da3db41030eb,69f0f3c5beb6279e947be0ee,"HITT Contracting, Inc.",69f10c28beb6279e947be4db,"RIC3DC2 - QTS Richmond III DC2, LLC",evidenceOfInsurance,Evidence of Insurance,automobileLiability,Automobile Liability,evidenceOfInsuranceAutomobileLiabilityPrimaryAndNonContributoryEndorsement,Primary and Non-Contributory,"---prompt---
Determine if the Automobile Liability policy provides primary and non-contributory coverage for the certificate holder. Evidence may include: a checked ""Primary"" box on the certificate, mention in the Description of Operations section stating ""primary and non-contributory"". Look for language indicating this policy will pay first before other applicable insurance and will not seek contribution.",matchOnce,must be present,,Present,compliant,Standard 7,,,false,1,,2026-08-16
QTS Data Centers,6a15b733bd30da3db41030eb,69f0f3c5beb6279e947be0ee,"HITT Contracting, Inc.",69f10c28beb6279e947be4db,"RIC3DC2 - QTS Richmond III DC2, LLC",evidenceOfInsurance,Evidence of Insurance,automobileLiability,Automobile Liability,0e6f6daa-effc-5c25-af03-4f7e657ae801,Physical MCS-90 Endorsement must be present,,matchOnce,must be present,,,non_compliant,Standard 7,,,true,0,,2026-08-16
QTS Data Centers,6a15b733bd30da3db41030eb,69f0f3c5beb6279e947be0ee,"HITT Contracting, Inc.",69f10c28beb6279e947be4db,"RIC3DC2 - QTS Richmond III DC2, LLC",evidenceOfInsurance,Evidence of Insurance,excessOrUmbrellaLiability,Umbrella/Excess Liability,evidenceOfInsuranceExcessOrUmbrellaLiabilityOccurence,Coverage Trigger: Occurrence,,matchOnce,must be present,,Present,compliant,Standard 7,,,false,1,,2026-08-16
QTS Data Centers,6a15b733bd30da3db41030eb,69f0f3c5beb6279e947be0ee,"HITT Contracting, Inc.",69f10c28beb6279e947be4db,"RIC3DC2 - QTS Richmond III DC2, LLC",evidenceOfInsurance,Evidence of Insurance,excessOrUmbrellaLiability,Umbrella/Excess Liability,evidenceOfInsuranceExcessOrUmbrellaLiabilityEachOccurrence,Each Occurrence,,matchOnce,must be greater or equal to,25000000,25000000,compliant,Standard 7,,,false,1,,2026-08-16
QTS Data Centers,6a15b733bd30da3db41030eb,69f0f3c5beb6279e947be0ee,"HITT Contracting, Inc.",69f10c28beb6279e947be4db,"RIC3DC2 - QTS Richmond III DC2, LLC",evidenceOfInsurance,Evidence of Insurance,excessOrUmbrellaLiability,Umbrella/Excess Liability,evidenceOfInsuranceExcessOrUmbrellaLiabilityAdditionalInsuredEndorsement,Additional Insured,"---prompt---
Determine if the certificate holder is covered as an additional insured under the Umbrella/Excess Liability policy. Evidence may include: a checked ""Additional Insured"" box on the certificate for the umbrella section, mention in the Description of Operations section, reference to ""follow form"" status (which would extend underlying additional insured status), or explicit language naming the certificate holder as additional insured on the umbrella.",matchOnce,must be present,,Present,compliant,Standard 7,,,false,1,,2026-08-16
QTS Data Centers,6a15b733bd30da3db41030eb,69f0f3c5beb6279e947be0ee,"HITT Contracting, Inc.",69f10c28beb6279e947be4db,"RIC3DC2 - QTS Richmond III DC2, LLC",evidenceOfInsurance,Evidence of Insurance,excessOrUmbrellaLiability,Umbrella/Excess Liability,evidenceOfInsuranceExcessOrUmbrellaLiabilityWaiverOfSubrogationEndorsement,Waiver of Subrogation,"---prompt---
Determine if the insurer has waived their right of subrogation in favor of the certificate holder under the Umbrella/Excess Liability policy. Evidence may include: a checked ""Waiver of Subrogation"" box on the certificate, mention in the Description of Operations section stating ""waiver of subrogation applies"", or reference to ""follow form"" status (which would extend underlying waiver). Look for language like ""subrogation is waived"" or ""per written contract"".",matchOnce,must be present,,Present,compliant,Standard 7,,,false,1,,2026-08-16
QTS Data Centers,6a15b733bd30da3db41030eb,69f0f3c5beb6279e947be0ee,"HITT Contracting, Inc.",69f10c28beb6279e947be4db,"RIC3DC2 - QTS Richmond III DC2, LLC",evidenceOfInsurance,Evidence of Insurance,excessOrUmbrellaLiability,Umbrella/Excess Liability,evidenceOfInsuranceExcessOrUmbrellaLiabilityPrimaryAndNonContributoryEndorsement,Primary and Non-Contributory,"---prompt---
Determine if the Umbrella/Excess Liability policy provides primary and non-contributory coverage for the certificate holder. Evidence may include: a checked ""Primary"" box on the certificate, mention in the Description of Operations section stating ""primary and non-contributory"", or reference to ""follow form"" status (which would extend underlying primary status). Look for language indicating this policy will pay first before other applicable insurance and will not seek contribution.",matchOnce,must be present,,Present,compliant,Standard 7,,,false,1,,2026-08-16
QTS Data Centers,6a15b733bd30da3db41030eb,69f0f3c5beb6279e947be0ee,"HITT Contracting, Inc.",69f10c28beb6279e947be4db,"RIC3DC2 - QTS Richmond III DC2, LLC",evidenceOfInsurance,Evidence of Insurance,workersCompensation,Workers' Compensation and Employer's Liability,evidenceOfInsuranceWorkersCompensationStatutoryLimits,Statutory Limits,,matchOnce,must be present,,Present,compliant,Standard 7,,,false,1,,2026-08-16
QTS Data Centers,6a15b733bd30da3db41030eb,69f0f3c5beb6279e947be0ee,"HITT Contracting, Inc.",69f10c28beb6279e947be4db,"RIC3DC2 - QTS Richmond III DC2, LLC",evidenceOfInsurance,Evidence of Insurance,workersCompensation,Workers' Compensation and Employer's Liability,evidenceOfInsuranceWorkersCompensationEmployersLiabilityDiseaseEachEmployee,Employer's Liability Disease - each employee,,matchOnce,must be greater or equal to,1000000,1000000,compliant,Standard 7,,,false,1,,2026-08-16
QTS Data Centers,6a15b733bd30da3db41030eb,69f0f3c5beb6279e947be0ee,"HITT Contracting, Inc.",69f10c28beb6279e947be4db,"RIC3DC2 - QTS Richmond III DC2, LLC",evidenceOfInsurance,Evidence of Insurance,workersCompensation,Workers' Compensation and Employer's Liability,evidenceOfInsuranceWorkersCompensationEmployersLiabilityDiseasePolicyLimit,Employer's Liability Disease - policy limit,,matchOnce,must be greater or equal to,1000000,1000000,compliant,Standard 7,,,false,1,,2026-08-16
QTS Data Centers,6a15b733bd30da3db41030eb,69f0f3c5beb6279e947be0ee,"HITT Contracting, Inc.",69f10c28beb6279e947be4db,"RIC3DC2 - QTS Richmond III DC2, LLC",evidenceOfInsurance,Evidence of Insurance,workersCompensation,Workers' Compensation and Employer's Liability,evidenceOfInsuranceWorkersCompensationEmployersLiabilityEachAccident,Employer's Liability Each Accident,,matchOnce,must be greater or equal to,1000000,1000000,compliant,Standard 7,,,false,1,,2026-08-16
QTS Data Centers,6a15b733bd30da3db41030eb,69f0f3c5beb6279e947be0ee,"HITT Contracting, Inc.",69f10c28beb6279e947be4db,"RIC3DC2 - QTS Richmond III DC2, LLC",evidenceOfInsurance,Evidence of Insurance,workersCompensation,Workers' Compensation and Employer's Liability,evidenceOfInsuranceWorkersCompensationWaiverOfSubrogationEndorsement,Waiver of Subrogation,"---prompt---
Determine if the insurer has waived their right of subrogation in favor of the certificate holder under the Workers' Compensation policy. Evidence may include: a checked ""Waiver of Subrogation"" box on the certificate, mention in the Description of Operations section stating ""waiver of subrogation applies"", or reference to form WC 00 03 13. Look for language like ""subrogation is waived"" or ""per written contract"".",matchOnce,must be present,,Present,compliant,Standard 7,,,false,1,,2026-08-16
QTS Data Centers,6a15b733bd30da3db41030eb,69f0f3c5beb6279e947be0ee,"HITT Contracting, Inc.",69f10c28beb6279e947be4db,"RIC3DC2 - QTS Richmond III DC2, LLC",evidenceOfInsurance,Evidence of Insurance,6ac20aae-5728-5d57-b364-aeba38527dba,Additional Requirements,655cb50e-155d-5f8c-af5e-e7386263aa58,"Certificate Holder must read as: ""Quality Technology Services, LLC, 
Attention: Procurement Department
300 Satellite Blvd NW, Suwanee, GA 30024.""",,matchOnce,must be present,,Present,compliant,Standard 7,,,true,1,,2026-08-16
QTS Data Centers,6a15b733bd30da3db41030eb,69f0f3c5beb6279e947be0ee,"HITT Contracting, Inc.",69f10c28beb6279e947be4db,"RIC3DC2 - QTS Richmond III DC2, LLC",evidenceOfInsurance,Evidence of Insurance,6ac20aae-5728-5d57-b364-aeba38527dba,Additional Requirements,25da7a11-b805-5d7d-8deb-65519e743757,"Description of Operations must read: Quality Tech, LP, and its officers, directors, employees, parents, subsidiaries, affiliates, and related companies, successors, and permitted assigns",,matchOnce,must be present,,Present,compliant,Standard 7,,,true,1,,2026-08-16
QTS Data Centers,6a15b733bd30da3db41030eb,69f0f3c5beb6279e947be0ee,"HITT Contracting, Inc.",69f10c28beb6279e947be4db,"RIC3DC2 - QTS Richmond III DC2, LLC",evidenceOfInsurance,Evidence of Insurance,6ac20aae-5728-5d57-b364-aeba38527dba,Additional Requirements,03d7ddc3-a527-5f18-bdf6-355eb23cd9de,30-Day Notice of Cancellation must be present,,matchOnce,must be present,,Present,compliant,Standard 7,,,true,1,,2026-08-16
QTS Data Centers,6a15b733bd30da3db41030eb,69f0f3c5beb6279e947be0ee,"HITT Contracting, Inc.",69f10c28beb6279e947be4db,"RIC3DC2 - QTS Richmond III DC2, LLC",evidenceOfInsurance,Evidence of Insurance,6ac20aae-5728-5d57-b364-aeba38527dba,Additional Requirements,8d7b12d5-c6dc-5efe-8cbd-acd9adedde5b,"Description of Operations must read: RIC3-DC2 – Core, Shell & Office, located at 3501 Portugee Road, Sandston, VA 23150",,matchOnce,must be present,,,non_compliant,Standard 7,,,true,0,,2026-08-16
QTS Data Centers,6a15b733bd30da3db41030eb,69f0f3c5beb6279e947be0ee,"HITT Contracting, Inc.",69f10c28beb6279e947be4db,"RIC3DC2 - QTS Richmond III DC2, LLC",evidenceOfInsurance,Evidence of Insurance,6ac20aae-5728-5d57-b364-aeba38527dba,Additional Requirements,24a2347c-ab39-5dea-a6af-ad750440dde1,"Description of Operations must read: Commercial General Liability shall not include the following endorsements/exclusions or equivalent:

1. CG 2149 or CG 2155 o CG 2198 (Absolute Pollution Exclusion)
2. CG 2294 or CG 2295 (Damage to Work Performed by Contractors Exclusion)
3. CG 2139 (Contractual Limitation Endorsement)
4. CG 2196 (Silica or Silica Dust Exclusion), unless otherwise covered under an applicable pollution policy.
5. CG 2142 (Explosion, Collapse or Underground Exclusion)",,matchOnce,must be present,,,non_compliant,Standard 7,,,true,0,,2026-08-16
QTS Data Centers,6a15b733bd30da3db41030eb,69f0f3c5beb6279e947be0ee,"HITT Contracting, Inc.",69f10c28beb6279e947be4db,"RIC3DC2 - QTS Richmond III DC2, LLC",evidenceOfInsurance,Evidence of Insurance,6ac20aae-5728-5d57-b364-aeba38527dba,Additional Requirements,71685e25-c6d0-5692-aaaf-30f59a2f9a83,"Description of Operations must read: Workers Compensation shall include ""all states"" coverage",,matchOnce,must be present,,,non_compliant,Standard 7,,,true,0,,2026-08-16
QTS Data Centers,6a15b733bd30da3db41030ed,69f0f3c5beb6279e947be0ee,"HITT Contracting, Inc.",6a05d6c2b65dbfe9915cfa12,"RIC3DC4 - QTS Richmond III DC4, LLC",evidenceOfInsurance,Evidence of Insurance,commercialGeneralLiability,Commercial General Liability,evidenceOfInsuranceCommercialGeneralLiabilityAMBestRating,AM Best Rating,,matchOnce,must be greater or equal to,140,140,compliant,Standard 7,,,false,1,,2026-08-16
QTS Data Centers,6a15b733bd30da3db41030ed,69f0f3c5beb6279e947be0ee,"HITT Contracting, Inc.",6a05d6c2b65dbfe9915cfa12,"RIC3DC4 - QTS Richmond III DC4, LLC",evidenceOfInsurance,Evidence of Insurance,commercialGeneralLiability,Commercial General Liability,evidenceOfInsuranceCommercialGeneralLiabilityAMBestFinancialStrength,AM Best Financial Strength,,matchOnce,must be greater or equal to,100,150,compliant,Standard 7,,,false,1,,2026-08-16
QTS Data Centers,6a15b733bd30da3db41030ed,69f0f3c5beb6279e947be0ee,"HITT Contracting, Inc.",6a05d6c2b65dbfe9915cfa12,"RIC3DC4 - QTS Richmond III DC4, LLC",evidenceOfInsurance,Evidence of Insurance,commercialGeneralLiability,Commercial General Liability,evidenceOfInsuranceCommercialGeneralLiabilityCoverageTriggerOccurrence,Coverage Trigger: Occurrence,,matchOnce,must be present,,Present,compliant,Standard 7,,,false,1,,2026-08-16
QTS Data Centers,6a15b733bd30da3db41030ed,69f0f3c5beb6279e947be0ee,"HITT Contracting, Inc.",6a05d6c2b65dbfe9915cfa12,"RIC3DC4 - QTS Richmond III DC4, LLC",evidenceOfInsurance,Evidence of Insurance,commercialGeneralLiability,Commercial General Liability,evidenceOfInsuranceCommercialGeneralLiabilityGeneralAggregateLimitAppliesPerProject,General Aggregate Limit Applies per: Project,,matchOnce,must be present,,Present,compliant,Standard 7,,,false,1,,2026-08-16
QTS Data Centers,6a15b733bd30da3db41030ed,69f0f3c5beb6279e947be0ee,"HITT Contracting, Inc.",6a05d6c2b65dbfe9915cfa12,"RIC3DC4 - QTS Richmond III DC4, LLC",evidenceOfInsurance,Evidence of Insurance,commercialGeneralLiability,Commercial General Liability,evidenceOfInsuranceCommercialGeneralLiabilityEachOccurrence,Each Occurrence,,matchOnce,must be greater or equal to,2000000,2000000,compliant,Standard 7,,,false,1,,2026-08-16
QTS Data Centers,6a15b733bd30da3db41030ed,69f0f3c5beb6279e947be0ee,"HITT Contracting, Inc.",6a05d6c2b65dbfe9915cfa12,"RIC3DC4 - QTS Richmond III DC4, LLC",evidenceOfInsurance,Evidence of Insurance,commercialGeneralLiability,Commercial General Liability,evidenceOfInsuranceCommercialGeneralLiabilityGeneralAggregate,General Aggregate,,matchOnce,must be greater or equal to,5000000,4000000,non_compliant,Standard 7,,,false,1,,2026-08-16
QTS Data Centers,6a15b733bd30da3db41030ed,69f0f3c5beb6279e947be0ee,"HITT Contracting, Inc.",6a05d6c2b65dbfe9915cfa12,"RIC3DC4 - QTS Richmond III DC4, LLC",evidenceOfInsurance,Evidence of Insurance,commercialGeneralLiability,Commercial General Liability,evidenceOfInsuranceCommercialGeneralLiabilityProducsCompletedOperationsAggregate,Products/Completed Operations Aggregate,,matchOnce,must be greater or equal to,5000000,4000000,non_compliant,Standard 7,,,false,1,,2026-08-16
QTS Data Centers,6a15b733bd30da3db41030ed,69f0f3c5beb6279e947be0ee,"HITT Contracting, Inc.",6a05d6c2b65dbfe9915cfa12,"RIC3DC4 - QTS Richmond III DC4, LLC",evidenceOfInsurance,Evidence of Insurance,commercialGeneralLiability,Commercial General Liability,evidenceOfInsuranceCommercialGeneralLiabilityAdditionalInsuredEndorsementOngoingOps,Additional Insured - Ongoing Operations,"---prompt---
Verify that additional insured coverage specifically includes ongoing operations. Look in the Description of Operations section for language like ""additional insured for ongoing operations"", ""CG 20 10"", ""CG 20 37"", or ""operations performed by or on behalf of the named insured"". The coverage should explicitly reference ongoing work, not just completed operations.",matchOnce,must be present,,Present,compliant,Standard 7,,,false,1,,2026-08-16
QTS Data Centers,6a15b733bd30da3db41030ed,69f0f3c5beb6279e947be0ee,"HITT Contracting, Inc.",6a05d6c2b65dbfe9915cfa12,"RIC3DC4 - QTS Richmond III DC4, LLC",evidenceOfInsurance,Evidence of Insurance,commercialGeneralLiability,Commercial General Liability,evidenceOfInsuranceCommercialGeneralLiabilityAdditionalInsuredEndorsementCompletedOps,Additional Insured - Completed Operations,"---prompt---
Verify that additional insured coverage specifically includes completed operations. Look in the Description of Operations section for language like ""additional insured for completed operations"", ""CG 20 37"", ""products-completed operations"", or similar. This coverage protects the certificate holder for claims arising after work is finished.",matchOnce,must be present,,,non_compliant,Standard 7,,,false,0,,2026-08-16
QTS Data Centers,6a15b733bd30da3db41030ed,69f0f3c5beb6279e947be0ee,"HITT Contracting, Inc.",6a05d6c2b65dbfe9915cfa12,"RIC3DC4 - QTS Richmond III DC4, LLC",evidenceOfInsurance,Evidence of Insurance,commercialGeneralLiability,Commercial General Liability,evidenceOfInsuranceCommercialGeneralLiabilityWaiverOfSubrogationEndorsement,Waiver of Subrogation,"---prompt---
Determine if the insurer has waived their right of subrogation in favor of the certificate holder under the Commercial General Liability policy. Evidence may include: a checked ""Waiver of Subrogation"" box on the certificate, mention in the Description of Operations section stating ""waiver of subrogation applies"", or reference to form CG 24 04. Look for language like ""subrogation is waived"" or ""per written contract"".",matchOnce,must be present,,Present,compliant,Standard 7,,,false,1,,2026-08-16
QTS Data Centers,6a15b733bd30da3db41030ed,69f0f3c5beb6279e947be0ee,"HITT Contracting, Inc.",6a05d6c2b65dbfe9915cfa12,"RIC3DC4 - QTS Richmond III DC4, LLC",evidenceOfInsurance,Evidence of Insurance,commercialGeneralLiability,Commercial General Liability,evidenceOfInsuranceCommercialGeneralLiabilityPrimaryAndNonContributoryEndorsement,Primary and Non-Contributory,"---prompt---
Determine if the Commercial General Liability policy provides primary and non-contributory coverage for the certificate holder. Evidence may include: a checked ""Primary"" box on the certificate, mention in the Description of Operations section stating ""primary and non-contributory"", or reference to endorsement CG 20 01. Look for language indicating this policy will pay first before other applicable insurance and will not seek contribution.",matchOnce,must be present,,Present,compliant,Standard 7,,,false,1,,2026-08-16
QTS Data Centers,6a15b733bd30da3db41030ed,69f0f3c5beb6279e947be0ee,"HITT Contracting, Inc.",6a05d6c2b65dbfe9915cfa12,"RIC3DC4 - QTS Richmond III DC4, LLC",evidenceOfInsurance,Evidence of Insurance,commercialGeneralLiability,Commercial General Liability,9c28ed56-e307-5cf9-88e9-0ada1f283104,Physical 30 Days Notice of Cancellation - 10 Days Notice for Non Payment Endorsement must be present,,matchOnce,must be present,,,non_compliant,Standard 7,,,true,0,,2026-08-16
QTS Data Centers,6a15b733bd30da3db41030ed,69f0f3c5beb6279e947be0ee,"HITT Contracting, Inc.",6a05d6c2b65dbfe9915cfa12,"RIC3DC4 - QTS Richmond III DC4, LLC",evidenceOfInsurance,Evidence of Insurance,automobileLiability,Automobile Liability,evidenceOfInsuranceAutomobileLiabilityCombinedSingleLimitEachAccident,Combined Single Limit (each accident),,matchOnce,must be greater or equal to,1000000,2000000,compliant,Standard 7,,,false,1,,2026-08-16
QTS Data Centers,6a15b733bd30da3db41030ed,69f0f3c5beb6279e947be0ee,"HITT Contracting, Inc.",6a05d6c2b65dbfe9915cfa12,"RIC3DC4 - QTS Richmond III DC4, LLC",evidenceOfInsurance,Evidence of Insurance,automobileLiability,Automobile Liability,evidenceOfInsuranceAutomobileLiabilityCoverageAppliesToOwnedAutosOnly,Coverage Applies To: Owned Autos Only,,matchOnce,must be present,,Present,compliant,Standard 7,,,false,1,,2026-08-16
QTS Data Centers,6a15b733bd30da3db41030ed,69f0f3c5beb6279e947be0ee,"HITT Contracting, Inc.",6a05d6c2b65dbfe9915cfa12,"RIC3DC4 - QTS Richmond III DC4, LLC",evidenceOfInsurance,Evidence of Insurance,automobileLiability,Automobile Liability,evidenceOfInsuranceAutomobileLiabilityCoverageAppliesToNonOwnedAutosOnly,Coverage Applies To: Non-Owned Autos Only,,matchOnce,must be present,,Present,compliant,Standard 7,,,false,1,,2026-08-16
QTS Data Centers,6a15b733bd30da3db41030ed,69f0f3c5beb6279e947be0ee,"HITT Contracting, Inc.",6a05d6c2b65dbfe9915cfa12,"RIC3DC4 - QTS Richmond III DC4, LLC",evidenceOfInsurance,Evidence of Insurance,automobileLiability,Automobile Liability,evidenceOfInsuranceAutomobileLiabilityCoverageAppliesToHiredAutosOnly,Coverage Applies To: Hired Autos Only,,matchOnce,must be present,,Present,compliant,Standard 7,,,false,1,,2026-08-16
QTS Data Centers,6a15b733bd30da3db41030ed,69f0f3c5beb6279e947be0ee,"HITT Contracting, Inc.",6a05d6c2b65dbfe9915cfa12,"RIC3DC4 - QTS Richmond III DC4, LLC",evidenceOfInsurance,Evidence of Insurance,automobileLiability,Automobile Liability,evidenceOfInsuranceAutomobileLiabilityAdditionalInsuredEndorsement,Additional Insured,"---prompt---
Determine if the certificate holder is covered as an additional insured under the Automobile Liability policy. Evidence may include: a checked ""Additional Insured"" box on the certificate for the auto section, mention in the Description of Operations section, or reference to blanket additional insured coverage. Look for form number CA 20 48 or language like ""certificate holder is additional insured"" or ""per written contract"".",matchOnce,must be present,,Present,compliant,Standard 7,,,false,1,,2026-08-16
QTS Data Centers,6a15b733bd30da3db41030ed,69f0f3c5beb6279e947be0ee,"HITT Contracting, Inc.",6a05d6c2b65dbfe9915cfa12,"RIC3DC4 - QTS Richmond III DC4, LLC",evidenceOfInsurance,Evidence of Insurance,automobileLiability,Automobile Liability,evidenceOfInsuranceAutomobileLiabilityWaiverOfSubrogationEndorsement,Waiver of Subrogation,"---prompt---
Determine if the insurer has waived their right of subrogation in favor of the certificate holder under the Automobile Liability policy. Evidence may include: a checked ""Waiver of Subrogation"" box on the certificate, mention in the Description of Operations section stating ""waiver of subrogation applies"", or reference to form CA 04 44. Look for language like ""subrogation is waived"" or ""per written contract"".",matchOnce,must be present,,Present,compliant,Standard 7,,,false,1,,2026-08-16
QTS Data Centers,6a15b733bd30da3db41030ed,69f0f3c5beb6279e947be0ee,"HITT Contracting, Inc.",6a05d6c2b65dbfe9915cfa12,"RIC3DC4 - QTS Richmond III DC4, LLC",evidenceOfInsurance,Evidence of Insurance,automobileLiability,Automobile Liability,evidenceOfInsuranceAutomobileLiabilityPrimaryAndNonContributoryEndorsement,Primary and Non-Contributory,"---prompt---
Determine if the Automobile Liability policy provides primary and non-contributory coverage for the certificate holder. Evidence may include: a checked ""Primary"" box on the certificate, mention in the Description of Operations section stating ""primary and non-contributory"". Look for language indicating this policy will pay first before other applicable insurance and will not seek contribution.",matchOnce,must be present,,Present,compliant,Standard 7,,,false,1,,2026-08-16
QTS Data Centers,6a15b733bd30da3db41030ed,69f0f3c5beb6279e947be0ee,"HITT Contracting, Inc.",6a05d6c2b65dbfe9915cfa12,"RIC3DC4 - QTS Richmond III DC4, LLC",evidenceOfInsurance,Evidence of Insurance,automobileLiability,Automobile Liability,0e6f6daa-effc-5c25-af03-4f7e657ae801,Physical MCS-90 Endorsement must be present,,matchOnce,must be present,,,non_compliant,Standard 7,,,true,0,,2026-08-16
QTS Data Centers,6a15b733bd30da3db41030ed,69f0f3c5beb6279e947be0ee,"HITT Contracting, Inc.",6a05d6c2b65dbfe9915cfa12,"RIC3DC4 - QTS Richmond III DC4, LLC",evidenceOfInsurance,Evidence of Insurance,excessOrUmbrellaLiability,Umbrella/Excess Liability,evidenceOfInsuranceExcessOrUmbrellaLiabilityOccurence,Coverage Trigger: Occurrence,,matchOnce,must be present,,Present,compliant,Standard 7,,,false,1,,2026-08-16
QTS Data Centers,6a15b733bd30da3db41030ed,69f0f3c5beb6279e947be0ee,"HITT Contracting, Inc.",6a05d6c2b65dbfe9915cfa12,"RIC3DC4 - QTS Richmond III DC4, LLC",evidenceOfInsurance,Evidence of Insurance,excessOrUmbrellaLiability,Umbrella/Excess Liability,evidenceOfInsuranceExcessOrUmbrellaLiabilityEachOccurrence,Each Occurrence,,matchOnce,must be greater or equal to,25000000,25000000,compliant,Standard 7,,,false,1,,2026-08-16
QTS Data Centers,6a15b733bd30da3db41030ed,69f0f3c5beb6279e947be0ee,"HITT Contracting, Inc.",6a05d6c2b65dbfe9915cfa12,"RIC3DC4 - QTS Richmond III DC4, LLC",evidenceOfInsurance,Evidence of Insurance,excessOrUmbrellaLiability,Umbrella/Excess Liability,evidenceOfInsuranceExcessOrUmbrellaLiabilityAdditionalInsuredEndorsement,Additional Insured,"---prompt---
Determine if the certificate holder is covered as an additional insured under the Umbrella/Excess Liability policy. Evidence may include: a checked ""Additional Insured"" box on the certificate for the umbrella section, mention in the Description of Operations section, reference to ""follow form"" status (which would extend underlying additional insured status), or explicit language naming the certificate holder as additional insured on the umbrella.",matchOnce,must be present,,Present,compliant,Standard 7,,,false,1,,2026-08-16
QTS Data Centers,6a15b733bd30da3db41030ed,69f0f3c5beb6279e947be0ee,"HITT Contracting, Inc.",6a05d6c2b65dbfe9915cfa12,"RIC3DC4 - QTS Richmond III DC4, LLC",evidenceOfInsurance,Evidence of Insurance,excessOrUmbrellaLiability,Umbrella/Excess Liability,evidenceOfInsuranceExcessOrUmbrellaLiabilityWaiverOfSubrogationEndorsement,Waiver of Subrogation,"---prompt---
Determine if the insurer has waived their right of subrogation in favor of the certificate holder under the Umbrella/Excess Liability policy. Evidence may include: a checked ""Waiver of Subrogation"" box on the certificate, mention in the Description of Operations section stating ""waiver of subrogation applies"", or reference to ""follow form"" status (which would extend underlying waiver). Look for language like ""subrogation is waived"" or ""per written contract"".",matchOnce,must be present,,Present,compliant,Standard 7,,,false,1,,2026-08-16
QTS Data Centers,6a15b733bd30da3db41030ed,69f0f3c5beb6279e947be0ee,"HITT Contracting, Inc.",6a05d6c2b65dbfe9915cfa12,"RIC3DC4 - QTS Richmond III DC4, LLC",evidenceOfInsurance,Evidence of Insurance,excessOrUmbrellaLiability,Umbrella/Excess Liability,evidenceOfInsuranceExcessOrUmbrellaLiabilityPrimaryAndNonContributoryEndorsement,Primary and Non-Contributory,"---prompt---
Determine if the Umbrella/Excess Liability policy provides primary and non-contributory coverage for the certificate holder. Evidence may include: a checked ""Primary"" box on the certificate, mention in the Description of Operations section stating ""primary and non-contributory"", or reference to ""follow form"" status (which would extend underlying primary status). Look for language indicating this policy will pay first before other applicable insurance and will not seek contribution.",matchOnce,must be present,,Present,compliant,Standard 7,,,false,1,,2026-08-16
QTS Data Centers,6a15b733bd30da3db41030ed,69f0f3c5beb6279e947be0ee,"HITT Contracting, Inc.",6a05d6c2b65dbfe9915cfa12,"RIC3DC4 - QTS Richmond III DC4, LLC",evidenceOfInsurance,Evidence of Insurance,workersCompensation,Workers' Compensation and Employer's Liability,evidenceOfInsuranceWorkersCompensationStatutoryLimits,Statutory Limits,,matchOnce,must be present,,Present,compliant,Standard 7,,,false,1,,2026-08-16
QTS Data Centers,6a15b733bd30da3db41030ed,69f0f3c5beb6279e947be0ee,"HITT Contracting, Inc.",6a05d6c2b65dbfe9915cfa12,"RIC3DC4 - QTS Richmond III DC4, LLC",evidenceOfInsurance,Evidence of Insurance,workersCompensation,Workers' Compensation and Employer's Liability,evidenceOfInsuranceWorkersCompensationEmployersLiabilityDiseaseEachEmployee,Employer's Liability Disease - each employee,,matchOnce,must be greater or equal to,1000000,1000000,compliant,Standard 7,,,false,1,,2026-08-16
QTS Data Centers,6a15b733bd30da3db41030ed,69f0f3c5beb6279e947be0ee,"HITT Contracting, Inc.",6a05d6c2b65dbfe9915cfa12,"RIC3DC4 - QTS Richmond III DC4, LLC",evidenceOfInsurance,Evidence of Insurance,workersCompensation,Workers' Compensation and Employer's Liability,evidenceOfInsuranceWorkersCompensationEmployersLiabilityDiseasePolicyLimit,Employer's Liability Disease - policy limit,,matchOnce,must be greater or equal to,1000000,1000000,compliant,Standard 7,,,false,1,,2026-08-16
QTS Data Centers,6a15b733bd30da3db41030ed,69f0f3c5beb6279e947be0ee,"HITT Contracting, Inc.",6a05d6c2b65dbfe9915cfa12,"RIC3DC4 - QTS Richmond III DC4, LLC",evidenceOfInsurance,Evidence of Insurance,workersCompensation,Workers' Compensation and Employer's Liability,evidenceOfInsuranceWorkersCompensationEmployersLiabilityEachAccident,Employer's Liability Each Accident,,matchOnce,must be greater or equal to,1000000,1000000,compliant,Standard 7,,,false,1,,2026-08-16
QTS Data Centers,6a15b733bd30da3db41030ed,69f0f3c5beb6279e947be0ee,"HITT Contracting, Inc.",6a05d6c2b65dbfe9915cfa12,"RIC3DC4 - QTS Richmond III DC4, LLC",evidenceOfInsurance,Evidence of Insurance,workersCompensation,Workers' Compensation and Employer's Liability,evidenceOfInsuranceWorkersCompensationWaiverOfSubrogationEndorsement,Waiver of Subrogation,"---prompt---
Determine if the insurer has waived their right of subrogation in favor of the certificate holder under the Workers' Compensation policy. Evidence may include: a checked ""Waiver of Subrogation"" box on the certificate, mention in the Description of Operations section stating ""waiver of subrogation applies"", or reference to form WC 00 03 13. Look for language like ""subrogation is waived"" or ""per written contract"".",matchOnce,must be present,,Present,compliant,Standard 7,,,false,1,,2026-08-16
QTS Data Centers,6a15b733bd30da3db41030ed,69f0f3c5beb6279e947be0ee,"HITT Contracting, Inc.",6a05d6c2b65dbfe9915cfa12,"RIC3DC4 - QTS Richmond III DC4, LLC",evidenceOfInsurance,Evidence of Insurance,6ac20aae-5728-5d57-b364-aeba38527dba,Additional Requirements,655cb50e-155d-5f8c-af5e-e7386263aa58,"Certificate Holder must read as: ""Quality Technology Services, LLC, 
Attention: Procurement Department
300 Satellite Blvd NW, Suwanee, GA 30024.""",,matchOnce,must be present,,Present,compliant,Standard 7,,,true,1,,2026-08-16
QTS Data Centers,6a15b733bd30da3db41030ed,69f0f3c5beb6279e947be0ee,"HITT Contracting, Inc.",6a05d6c2b65dbfe9915cfa12,"RIC3DC4 - QTS Richmond III DC4, LLC",evidenceOfInsurance,Evidence of Insurance,6ac20aae-5728-5d57-b364-aeba38527dba,Additional Requirements,25da7a11-b805-5d7d-8deb-65519e743757,"Description of Operations must read: Quality Tech, LP, and its officers, directors, employees, parents, subsidiaries, affiliates, and related companies, successors, and permitted assigns",,matchOnce,must be present,,Present,compliant,Standard 7,,,true,1,,2026-08-16
QTS Data Centers,6a15b733bd30da3db41030ed,69f0f3c5beb6279e947be0ee,"HITT Contracting, Inc.",6a05d6c2b65dbfe9915cfa12,"RIC3DC4 - QTS Richmond III DC4, LLC",evidenceOfInsurance,Evidence of Insurance,6ac20aae-5728-5d57-b364-aeba38527dba,Additional Requirements,03d7ddc3-a527-5f18-bdf6-355eb23cd9de,30-Day Notice of Cancellation must be present,,matchOnce,must be present,,Present,compliant,Standard 7,,,true,1,,2026-08-16
QTS Data Centers,6a15b733bd30da3db41030ed,69f0f3c5beb6279e947be0ee,"HITT Contracting, Inc.",6a05d6c2b65dbfe9915cfa12,"RIC3DC4 - QTS Richmond III DC4, LLC",evidenceOfInsurance,Evidence of Insurance,6ac20aae-5728-5d57-b364-aeba38527dba,Additional Requirements,8d7b12d5-c6dc-5efe-8cbd-acd9adedde5b,"Description of Operations must read: RIC3-DC4 – Core, Shell, Office and Critical, located at 3539 Portugee Road, Sandston, VA 23150",,matchOnce,must be present,,,non_compliant,Standard 7,,,true,0,,2026-08-16
QTS Data Centers,6a15b733bd30da3db41030ed,69f0f3c5beb6279e947be0ee,"HITT Contracting, Inc.",6a05d6c2b65dbfe9915cfa12,"RIC3DC4 - QTS Richmond III DC4, LLC",evidenceOfInsurance,Evidence of Insurance,6ac20aae-5728-5d57-b364-aeba38527dba,Additional Requirements,24a2347c-ab39-5dea-a6af-ad750440dde1,"Description of Operations must read: Commercial General Liability shall not include the following endorsements/exclusions or equivalent:

1. CG 2149 or CG 2155 o CG 2198 (Absolute Pollution Exclusion)
2. CG 2294 or CG 2295 (Damage to Work Performed by Contractors Exclusion)
3. CG 2139 (Contractual Limitation Endorsement)
4. CG 2196 (Silica or Silica Dust Exclusion), unless otherwise covered under an applicable pollution policy.
5. CG 2142 (Explosion, Collapse or Underground Exclusion)",,matchOnce,must be present,,,non_compliant,Standard 7,,,true,0,,2026-08-16
QTS Data Centers,6a15b733bd30da3db41030ed,69f0f3c5beb6279e947be0ee,"HITT Contracting, Inc.",6a05d6c2b65dbfe9915cfa12,"RIC3DC4 - QTS Richmond III DC4, LLC",evidenceOfInsurance,Evidence of Insurance,6ac20aae-5728-5d57-b364-aeba38527dba,Additional Requirements,71685e25-c6d0-5692-aaaf-30f59a2f9a83,"Description of Operations must read: Workers Compensation shall include ""all states"" coverage",,matchOnce,must be present,,,non_compliant,Standard 7,,,true,0,,2026-08-16
QTS Data Centers,6a15b733bd30da3db41030ee,69f0f3c5beb6279e947be0ee,"HITT Contracting, Inc.",6a05d77b8b5928c024a9c975,"RIC3DC5 - QTS Richmond III DC5, LLC",evidenceOfInsurance,Evidence of Insurance,commercialGeneralLiability,Commercial General Liability,evidenceOfInsuranceCommercialGeneralLiabilityAMBestRating,AM Best Rating,,matchOnce,must be greater or equal to,140,140,compliant,Standard 7,,,false,1,,2026-08-16
QTS Data Centers,6a15b733bd30da3db41030ee,69f0f3c5beb6279e947be0ee,"HITT Contracting, Inc.",6a05d77b8b5928c024a9c975,"RIC3DC5 - QTS Richmond III DC5, LLC",evidenceOfInsurance,Evidence of Insurance,commercialGeneralLiability,Commercial General Liability,evidenceOfInsuranceCommercialGeneralLiabilityAMBestFinancialStrength,AM Best Financial Strength,,matchOnce,must be greater or equal to,100,150,compliant,Standard 7,,,false,1,,2026-08-16
QTS Data Centers,6a15b733bd30da3db41030ee,69f0f3c5beb6279e947be0ee,"HITT Contracting, Inc.",6a05d77b8b5928c024a9c975,"RIC3DC5 - QTS Richmond III DC5, LLC",evidenceOfInsurance,Evidence of Insurance,commercialGeneralLiability,Commercial General Liability,evidenceOfInsuranceCommercialGeneralLiabilityCoverageTriggerOccurrence,Coverage Trigger: Occurrence,,matchOnce,must be present,,Present,compliant,Standard 7,,,false,1,,2026-08-16
QTS Data Centers,6a15b733bd30da3db41030ee,69f0f3c5beb6279e947be0ee,"HITT Contracting, Inc.",6a05d77b8b5928c024a9c975,"RIC3DC5 - QTS Richmond III DC5, LLC",evidenceOfInsurance,Evidence of Insurance,commercialGeneralLiability,Commercial General Liability,evidenceOfInsuranceCommercialGeneralLiabilityGeneralAggregateLimitAppliesPerProject,General Aggregate Limit Applies per: Project,,matchOnce,must be present,,Present,compliant,Standard 7,,,false,1,,2026-08-16
QTS Data Centers,6a15b733bd30da3db41030ee,69f0f3c5beb6279e947be0ee,"HITT Contracting, Inc.",6a05d77b8b5928c024a9c975,"RIC3DC5 - QTS Richmond III DC5, LLC",evidenceOfInsurance,Evidence of Insurance,commercialGeneralLiability,Commercial General Liability,evidenceOfInsuranceCommercialGeneralLiabilityEachOccurrence,Each Occurrence,,matchOnce,must be greater or equal to,2000000,2000000,compliant,Standard 7,,,false,1,,2026-08-16
QTS Data Centers,6a15b733bd30da3db41030ee,69f0f3c5beb6279e947be0ee,"HITT Contracting, Inc.",6a05d77b8b5928c024a9c975,"RIC3DC5 - QTS Richmond III DC5, LLC",evidenceOfInsurance,Evidence of Insurance,commercialGeneralLiability,Commercial General Liability,evidenceOfInsuranceCommercialGeneralLiabilityGeneralAggregate,General Aggregate,,matchOnce,must be greater or equal to,5000000,4000000,non_compliant,Standard 7,,,false,1,,2026-08-16
QTS Data Centers,6a15b733bd30da3db41030ee,69f0f3c5beb6279e947be0ee,"HITT Contracting, Inc.",6a05d77b8b5928c024a9c975,"RIC3DC5 - QTS Richmond III DC5, LLC",evidenceOfInsurance,Evidence of Insurance,commercialGeneralLiability,Commercial General Liability,evidenceOfInsuranceCommercialGeneralLiabilityProducsCompletedOperationsAggregate,Products/Completed Operations Aggregate,,matchOnce,must be greater or equal to,5000000,4000000,non_compliant,Standard 7,,,false,1,,2026-08-16
QTS Data Centers,6a15b733bd30da3db41030ee,69f0f3c5beb6279e947be0ee,"HITT Contracting, Inc.",6a05d77b8b5928c024a9c975,"RIC3DC5 - QTS Richmond III DC5, LLC",evidenceOfInsurance,Evidence of Insurance,commercialGeneralLiability,Commercial General Liability,evidenceOfInsuranceCommercialGeneralLiabilityAdditionalInsuredEndorsementOngoingOps,Additional Insured - Ongoing Operations,"---prompt---
Verify that additional insured coverage specifically includes ongoing operations. Look in the Description of Operations section for language like ""additional insured for ongoing operations"", ""CG 20 10"", ""CG 20 37"", or ""operations performed by or on behalf of the named insured"". The coverage should explicitly reference ongoing work, not just completed operations.",matchOnce,must be present,,Present,compliant,Standard 7,,,false,1,,2026-08-16
QTS Data Centers,6a15b733bd30da3db41030ee,69f0f3c5beb6279e947be0ee,"HITT Contracting, Inc.",6a05d77b8b5928c024a9c975,"RIC3DC5 - QTS Richmond III DC5, LLC",evidenceOfInsurance,Evidence of Insurance,commercialGeneralLiability,Commercial General Liability,evidenceOfInsuranceCommercialGeneralLiabilityAdditionalInsuredEndorsementCompletedOps,Additional Insured - Completed Operations,"---prompt---
Verify that additional insured coverage specifically includes completed operations. Look in the Description of Operations section for language like ""additional insured for completed operations"", ""CG 20 37"", ""products-completed operations"", or similar. This coverage protects the certificate holder for claims arising after work is finished.",matchOnce,must be present,,,non_compliant,Standard 7,,,false,0,,2026-08-16
QTS Data Centers,6a15b733bd30da3db41030ee,69f0f3c5beb6279e947be0ee,"HITT Contracting, Inc.",6a05d77b8b5928c024a9c975,"RIC3DC5 - QTS Richmond III DC5, LLC",evidenceOfInsurance,Evidence of Insurance,commercialGeneralLiability,Commercial General Liability,evidenceOfInsuranceCommercialGeneralLiabilityWaiverOfSubrogationEndorsement,Waiver of Subrogation,"---prompt---
Determine if the insurer has waived their right of subrogation in favor of the certificate holder under the Commercial General Liability policy. Evidence may include: a checked ""Waiver of Subrogation"" box on the certificate, mention in the Description of Operations section stating ""waiver of subrogation applies"", or reference to form CG 24 04. Look for language like ""subrogation is waived"" or ""per written contract"".",matchOnce,must be present,,Present,compliant,Standard 7,,,false,1,,2026-08-16
QTS Data Centers,6a15b733bd30da3db41030ee,69f0f3c5beb6279e947be0ee,"HITT Contracting, Inc.",6a05d77b8b5928c024a9c975,"RIC3DC5 - QTS Richmond III DC5, LLC",evidenceOfInsurance,Evidence of Insurance,commercialGeneralLiability,Commercial General Liability,evidenceOfInsuranceCommercialGeneralLiabilityPrimaryAndNonContributoryEndorsement,Primary and Non-Contributory,"---prompt---
Determine if the Commercial General Liability policy provides primary and non-contributory coverage for the certificate holder. Evidence may include: a checked ""Primary"" box on the certificate, mention in the Description of Operations section stating ""primary and non-contributory"", or reference to endorsement CG 20 01. Look for language indicating this policy will pay first before other applicable insurance and will not seek contribution.",matchOnce,must be present,,Present,compliant,Standard 7,,,false,1,,2026-08-16
QTS Data Centers,6a15b733bd30da3db41030ee,69f0f3c5beb6279e947be0ee,"HITT Contracting, Inc.",6a05d77b8b5928c024a9c975,"RIC3DC5 - QTS Richmond III DC5, LLC",evidenceOfInsurance,Evidence of Insurance,commercialGeneralLiability,Commercial General Liability,9c28ed56-e307-5cf9-88e9-0ada1f283104,Physical 30 Days Notice of Cancellation - 10 Days Notice for Non Payment Endorsement must be present,,matchOnce,must be present,,Present,compliant,Standard 7,,,true,1,,2026-08-16
QTS Data Centers,6a15b733bd30da3db41030ee,69f0f3c5beb6279e947be0ee,"HITT Contracting, Inc.",6a05d77b8b5928c024a9c975,"RIC3DC5 - QTS Richmond III DC5, LLC",evidenceOfInsurance,Evidence of Insurance,automobileLiability,Automobile Liability,evidenceOfInsuranceAutomobileLiabilityCombinedSingleLimitEachAccident,Combined Single Limit (each accident),,matchOnce,must be greater or equal to,1000000,2000000,compliant,Standard 7,,,false,1,,2026-08-16
QTS Data Centers,6a15b733bd30da3db41030ee,69f0f3c5beb6279e947be0ee,"HITT Contracting, Inc.",6a05d77b8b5928c024a9c975,"RIC3DC5 - QTS Richmond III DC5, LLC",evidenceOfInsurance,Evidence of Insurance,automobileLiability,Automobile Liability,evidenceOfInsuranceAutomobileLiabilityCoverageAppliesToOwnedAutosOnly,Coverage Applies To: Owned Autos Only,,matchOnce,must be present,,Present,compliant,Standard 7,,,false,1,,2026-08-16
QTS Data Centers,6a15b733bd30da3db41030ee,69f0f3c5beb6279e947be0ee,"HITT Contracting, Inc.",6a05d77b8b5928c024a9c975,"RIC3DC5 - QTS Richmond III DC5, LLC",evidenceOfInsurance,Evidence of Insurance,automobileLiability,Automobile Liability,evidenceOfInsuranceAutomobileLiabilityCoverageAppliesToNonOwnedAutosOnly,Coverage Applies To: Non-Owned Autos Only,,matchOnce,must be present,,Present,compliant,Standard 7,,,false,1,,2026-08-16
QTS Data Centers,6a15b733bd30da3db41030ee,69f0f3c5beb6279e947be0ee,"HITT Contracting, Inc.",6a05d77b8b5928c024a9c975,"RIC3DC5 - QTS Richmond III DC5, LLC",evidenceOfInsurance,Evidence of Insurance,automobileLiability,Automobile Liability,evidenceOfInsuranceAutomobileLiabilityCoverageAppliesToHiredAutosOnly,Coverage Applies To: Hired Autos Only,,matchOnce,must be present,,Present,compliant,Standard 7,,,false,1,,2026-08-16
QTS Data Centers,6a15b733bd30da3db41030ee,69f0f3c5beb6279e947be0ee,"HITT Contracting, Inc.",6a05d77b8b5928c024a9c975,"RIC3DC5 - QTS Richmond III DC5, LLC",evidenceOfInsurance,Evidence of Insurance,automobileLiability,Automobile Liability,evidenceOfInsuranceAutomobileLiabilityAdditionalInsuredEndorsement,Additional Insured,"---prompt---
Determine if the certificate holder is covered as an additional insured under the Automobile Liability policy. Evidence may include: a checked ""Additional Insured"" box on the certificate for the auto section, mention in the Description of Operations section, or reference to blanket additional insured coverage. Look for form number CA 20 48 or language like ""certificate holder is additional insured"" or ""per written contract"".",matchOnce,must be present,,Present,compliant,Standard 7,,,false,1,,2026-08-16
QTS Data Centers,6a15b733bd30da3db41030ee,69f0f3c5beb6279e947be0ee,"HITT Contracting, Inc.",6a05d77b8b5928c024a9c975,"RIC3DC5 - QTS Richmond III DC5, LLC",evidenceOfInsurance,Evidence of Insurance,automobileLiability,Automobile Liability,evidenceOfInsuranceAutomobileLiabilityWaiverOfSubrogationEndorsement,Waiver of Subrogation,"---prompt---
Determine if the insurer has waived their right of subrogation in favor of the certificate holder under the Automobile Liability policy. Evidence may include: a checked ""Waiver of Subrogation"" box on the certificate, mention in the Description of Operations section stating ""waiver of subrogation applies"", or reference to form CA 04 44. Look for language like ""subrogation is waived"" or ""per written contract"".",matchOnce,must be present,,Present,compliant,Standard 7,,,false,1,,2026-08-16
QTS Data Centers,6a15b733bd30da3db41030ee,69f0f3c5beb6279e947be0ee,"HITT Contracting, Inc.",6a05d77b8b5928c024a9c975,"RIC3DC5 - QTS Richmond III DC5, LLC",evidenceOfInsurance,Evidence of Insurance,automobileLiability,Automobile Liability,evidenceOfInsuranceAutomobileLiabilityPrimaryAndNonContributoryEndorsement,Primary and Non-Contributory,"---prompt---
Determine if the Automobile Liability policy provides primary and non-contributory coverage for the certificate holder. Evidence may include: a checked ""Primary"" box on the certificate, mention in the Description of Operations section stating ""primary and non-contributory"". Look for language indicating this policy will pay first before other applicable insurance and will not seek contribution.",matchOnce,must be present,,Present,compliant,Standard 7,,,false,1,,2026-08-16
QTS Data Centers,6a15b733bd30da3db41030ee,69f0f3c5beb6279e947be0ee,"HITT Contracting, Inc.",6a05d77b8b5928c024a9c975,"RIC3DC5 - QTS Richmond III DC5, LLC",evidenceOfInsurance,Evidence of Insurance,automobileLiability,Automobile Liability,0e6f6daa-effc-5c25-af03-4f7e657ae801,Physical MCS-90 Endorsement must be present,,matchOnce,must be present,,,non_compliant,Standard 7,,,true,0,,2026-08-16
QTS Data Centers,6a15b733bd30da3db41030ee,69f0f3c5beb6279e947be0ee,"HITT Contracting, Inc.",6a05d77b8b5928c024a9c975,"RIC3DC5 - QTS Richmond III DC5, LLC",evidenceOfInsurance,Evidence of Insurance,excessOrUmbrellaLiability,Umbrella/Excess Liability,evidenceOfInsuranceExcessOrUmbrellaLiabilityOccurence,Coverage Trigger: Occurrence,,matchOnce,must be present,,Present,compliant,Standard 7,,,false,1,,2026-08-16
QTS Data Centers,6a15b733bd30da3db41030ee,69f0f3c5beb6279e947be0ee,"HITT Contracting, Inc.",6a05d77b8b5928c024a9c975,"RIC3DC5 - QTS Richmond III DC5, LLC",evidenceOfInsurance,Evidence of Insurance,excessOrUmbrellaLiability,Umbrella/Excess Liability,evidenceOfInsuranceExcessOrUmbrellaLiabilityEachOccurrence,Each Occurrence,,matchOnce,must be greater or equal to,25000000,25000000,compliant,Standard 7,,,false,1,,2026-08-16
QTS Data Centers,6a15b733bd30da3db41030ee,69f0f3c5beb6279e947be0ee,"HITT Contracting, Inc.",6a05d77b8b5928c024a9c975,"RIC3DC5 - QTS Richmond III DC5, LLC",evidenceOfInsurance,Evidence of Insurance,excessOrUmbrellaLiability,Umbrella/Excess Liability,evidenceOfInsuranceExcessOrUmbrellaLiabilityAdditionalInsuredEndorsement,Additional Insured,"---prompt---
Determine if the certificate holder is covered as an additional insured under the Umbrella/Excess Liability policy. Evidence may include: a checked ""Additional Insured"" box on the certificate for the umbrella section, mention in the Description of Operations section, reference to ""follow form"" status (which would extend underlying additional insured status), or explicit language naming the certificate holder as additional insured on the umbrella.",matchOnce,must be present,,Present,compliant,Standard 7,,,false,1,,2026-08-16
QTS Data Centers,6a15b733bd30da3db41030ee,69f0f3c5beb6279e947be0ee,"HITT Contracting, Inc.",6a05d77b8b5928c024a9c975,"RIC3DC5 - QTS Richmond III DC5, LLC",evidenceOfInsurance,Evidence of Insurance,excessOrUmbrellaLiability,Umbrella/Excess Liability,evidenceOfInsuranceExcessOrUmbrellaLiabilityWaiverOfSubrogationEndorsement,Waiver of Subrogation,"---prompt---
Determine if the insurer has waived their right of subrogation in favor of the certificate holder under the Umbrella/Excess Liability policy. Evidence may include: a checked ""Waiver of Subrogation"" box on the certificate, mention in the Description of Operations section stating ""waiver of subrogation applies"", or reference to ""follow form"" status (which would extend underlying waiver). Look for language like ""subrogation is waived"" or ""per written contract"".",matchOnce,must be present,,Present,compliant,Standard 7,,,false,1,,2026-08-16
QTS Data Centers,6a15b733bd30da3db41030ee,69f0f3c5beb6279e947be0ee,"HITT Contracting, Inc.",6a05d77b8b5928c024a9c975,"RIC3DC5 - QTS Richmond III DC5, LLC",evidenceOfInsurance,Evidence of Insurance,excessOrUmbrellaLiability,Umbrella/Excess Liability,evidenceOfInsuranceExcessOrUmbrellaLiabilityPrimaryAndNonContributoryEndorsement,Primary and Non-Contributory,"---prompt---
Determine if the Umbrella/Excess Liability policy provides primary and non-contributory coverage for the certificate holder. Evidence may include: a checked ""Primary"" box on the certificate, mention in the Description of Operations section stating ""primary and non-contributory"", or reference to ""follow form"" status (which would extend underlying primary status). Look for language indicating this policy will pay first before other applicable insurance and will not seek contribution.",matchOnce,must be present,,Present,compliant,Standard 7,,,false,1,,2026-08-16
QTS Data Centers,6a15b733bd30da3db41030ee,69f0f3c5beb6279e947be0ee,"HITT Contracting, Inc.",6a05d77b8b5928c024a9c975,"RIC3DC5 - QTS Richmond III DC5, LLC",evidenceOfInsurance,Evidence of Insurance,workersCompensation,Workers' Compensation and Employer's Liability,evidenceOfInsuranceWorkersCompensationStatutoryLimits,Statutory Limits,,matchOnce,must be present,,Present,compliant,Standard 7,,,false,1,,2026-08-16
QTS Data Centers,6a15b733bd30da3db41030ee,69f0f3c5beb6279e947be0ee,"HITT Contracting, Inc.",6a05d77b8b5928c024a9c975,"RIC3DC5 - QTS Richmond III DC5, LLC",evidenceOfInsurance,Evidence of Insurance,workersCompensation,Workers' Compensation and Employer's Liability,evidenceOfInsuranceWorkersCompensationEmployersLiabilityDiseaseEachEmployee,Employer's Liability Disease - each employee,,matchOnce,must be greater or equal to,1000000,1000000,compliant,Standard 7,,,false,1,,2026-08-16
QTS Data Centers,6a15b733bd30da3db41030ee,69f0f3c5beb6279e947be0ee,"HITT Contracting, Inc.",6a05d77b8b5928c024a9c975,"RIC3DC5 - QTS Richmond III DC5, LLC",evidenceOfInsurance,Evidence of Insurance,workersCompensation,Workers' Compensation and Employer's Liability,evidenceOfInsuranceWorkersCompensationEmployersLiabilityDiseasePolicyLimit,Employer's Liability Disease - policy limit,,matchOnce,must be greater or equal to,1000000,1000000,compliant,Standard 7,,,false,1,,2026-08-16
QTS Data Centers,6a15b733bd30da3db41030ee,69f0f3c5beb6279e947be0ee,"HITT Contracting, Inc.",6a05d77b8b5928c024a9c975,"RIC3DC5 - QTS Richmond III DC5, LLC",evidenceOfInsurance,Evidence of Insurance,workersCompensation,Workers' Compensation and Employer's Liability,evidenceOfInsuranceWorkersCompensationEmployersLiabilityEachAccident,Employer's Liability Each Accident,,matchOnce,must be greater or equal to,1000000,1000000,compliant,Standard 7,,,false,1,,2026-08-16
QTS Data Centers,6a15b733bd30da3db41030ee,69f0f3c5beb6279e947be0ee,"HITT Contracting, Inc.",6a05d77b8b5928c024a9c975,"RIC3DC5 - QTS Richmond III DC5, LLC",evidenceOfInsurance,Evidence of Insurance,workersCompensation,Workers' Compensation and Employer's Liability,evidenceOfInsuranceWorkersCompensationWaiverOfSubrogationEndorsement,Waiver of Subrogation,"---prompt---
Determine if the insurer has waived their right of subrogation in favor of the certificate holder under the Workers' Compensation policy. Evidence may include: a checked ""Waiver of Subrogation"" box on the certificate, mention in the Description of Operations section stating ""waiver of subrogation applies"", or reference to form WC 00 03 13. Look for language like ""subrogation is waived"" or ""per written contract"".",matchOnce,must be present,,Present,compliant,Standard 7,,,false,1,,2026-08-16
QTS Data Centers,6a15b733bd30da3db41030ee,69f0f3c5beb6279e947be0ee,"HITT Contracting, Inc.",6a05d77b8b5928c024a9c975,"RIC3DC5 - QTS Richmond III DC5, LLC",evidenceOfInsurance,Evidence of Insurance,6ac20aae-5728-5d57-b364-aeba38527dba,Additional Requirements,655cb50e-155d-5f8c-af5e-e7386263aa58,"Certificate Holder must read as: ""Quality Technology Services, LLC, 
Attention: Procurement Department
300 Satellite Blvd NW, Suwanee, GA 30024.""",,matchOnce,must be present,,Present,compliant,Standard 7,,,true,1,,2026-08-16
QTS Data Centers,6a15b733bd30da3db41030ee,69f0f3c5beb6279e947be0ee,"HITT Contracting, Inc.",6a05d77b8b5928c024a9c975,"RIC3DC5 - QTS Richmond III DC5, LLC",evidenceOfInsurance,Evidence of Insurance,6ac20aae-5728-5d57-b364-aeba38527dba,Additional Requirements,25da7a11-b805-5d7d-8deb-65519e743757,"Description of Operations must read: Quality Tech, LP, and its officers, directors, employees, parents, subsidiaries, affiliates, and related companies, successors, and permitted assigns",,matchOnce,must be present,,Present,compliant,Standard 7,,,true,1,,2026-08-16
QTS Data Centers,6a15b733bd30da3db41030ee,69f0f3c5beb6279e947be0ee,"HITT Contracting, Inc.",6a05d77b8b5928c024a9c975,"RIC3DC5 - QTS Richmond III DC5, LLC",evidenceOfInsurance,Evidence of Insurance,6ac20aae-5728-5d57-b364-aeba38527dba,Additional Requirements,03d7ddc3-a527-5f18-bdf6-355eb23cd9de,30-Day Notice of Cancellation must be present,,matchOnce,must be present,,Present,compliant,Standard 7,,,true,1,,2026-08-16
QTS Data Centers,6a15b733bd30da3db41030ee,69f0f3c5beb6279e947be0ee,"HITT Contracting, Inc.",6a05d77b8b5928c024a9c975,"RIC3DC5 - QTS Richmond III DC5, LLC",evidenceOfInsurance,Evidence of Insurance,6ac20aae-5728-5d57-b364-aeba38527dba,Additional Requirements,8d7b12d5-c6dc-5efe-8cbd-acd9adedde5b,"Description of Operations must read: RIC3-DC5 – Core, Shell, Office and Critical, located at 3543 Portugee Road, Sandston, VA 23150",,matchOnce,must be present,,,non_compliant,Standard 7,,,true,0,,2026-08-16
QTS Data Centers,6a15b733bd30da3db41030ee,69f0f3c5beb6279e947be0ee,"HITT Contracting, Inc.",6a05d77b8b5928c024a9c975,"RIC3DC5 - QTS Richmond III DC5, LLC",evidenceOfInsurance,Evidence of Insurance,6ac20aae-5728-5d57-b364-aeba38527dba,Additional Requirements,24a2347c-ab39-5dea-a6af-ad750440dde1,"Description of Operations must read: Commercial General Liability shall not include the following endorsements/exclusions or equivalent:

1. CG 2149 or CG 2155 o CG 2198 (Absolute Pollution Exclusion)
2. CG 2294 or CG 2295 (Damage to Work Performed by Contractors Exclusion)
3. CG 2139 (Contractual Limitation Endorsement)
4. CG 2196 (Silica or Silica Dust Exclusion), unless otherwise covered under an applicable pollution policy.
5. CG 2142 (Explosion, Collapse or Underground Exclusion)",,matchOnce,must be present,,,non_compliant,Standard 7,,,true,0,,2026-08-16
QTS Data Centers,6a15b733bd30da3db41030ee,69f0f3c5beb6279e947be0ee,"HITT Contracting, Inc.",6a05d77b8b5928c024a9c975,"RIC3DC5 - QTS Richmond III DC5, LLC",evidenceOfInsurance,Evidence of Insurance,6ac20aae-5728-5d57-b364-aeba38527dba,Additional Requirements,71685e25-c6d0-5692-aaaf-30f59a2f9a83,"Description of Operations must read: Workers Compensation shall include ""all states"" coverage",,matchOnce,must be present,,,non_compliant,Standard 7,,,true,0,,2026-08-16
QTS Data Centers,6a15b733bd30da3db41030f0,69f0f3c5beb6279e947be0f8,"Layton Construction Company, LLC",69f10c28beb6279e947be4f2,"PHX3DC13 - QTS Glendale I DC13, LLC",evidenceOfInsurance,Evidence of Insurance,commercialGeneralLiability,Commercial General Liability,evidenceOfInsuranceCommercialGeneralLiabilityAMBestRating,AM Best Rating,,matchOnce,must be greater or equal to,140,,non_compliant,Standard 8,,,false,0,,2026-08-16
QTS Data Centers,6a15b733bd30da3db41030f0,69f0f3c5beb6279e947be0f8,"Layton Construction Company, LLC",69f10c28beb6279e947be4f2,"PHX3DC13 - QTS Glendale I DC13, LLC",evidenceOfInsurance,Evidence of Insurance,commercialGeneralLiability,Commercial General Liability,evidenceOfInsuranceCommercialGeneralLiabilityAMBestFinancialStrength,AM Best Financial Strength,,matchOnce,must be greater or equal to,100,,non_compliant,Standard 8,,,false,0,,2026-08-16
QTS Data Centers,6a15b733bd30da3db41030f0,69f0f3c5beb6279e947be0f8,"Layton Construction Company, LLC",69f10c28beb6279e947be4f2,"PHX3DC13 - QTS Glendale I DC13, LLC",evidenceOfInsurance,Evidence of Insurance,commercialGeneralLiability,Commercial General Liability,evidenceOfInsuranceCommercialGeneralLiabilityCoverageTriggerOccurrence,Coverage Trigger: Occurrence,,matchOnce,must be present,,,non_compliant,Standard 8,,,false,0,,2026-08-16
QTS Data Centers,6a15b733bd30da3db41030f0,69f0f3c5beb6279e947be0f8,"Layton Construction Company, LLC",69f10c28beb6279e947be4f2,"PHX3DC13 - QTS Glendale I DC13, LLC",evidenceOfInsurance,Evidence of Insurance,commercialGeneralLiability,Commercial General Liability,evidenceOfInsuranceCommercialGeneralLiabilityGeneralAggregateLimitAppliesPerProject,General Aggregate Limit Applies per: Project,,matchOnce,must be present,,,non_compliant,Standard 8,,,false,0,,2026-08-16
QTS Data Centers,6a15b733bd30da3db41030f0,69f0f3c5beb6279e947be0f8,"Layton Construction Company, LLC",69f10c28beb6279e947be4f2,"PHX3DC13 - QTS Glendale I DC13, LLC",evidenceOfInsurance,Evidence of Insurance,commercialGeneralLiability,Commercial General Liability,evidenceOfInsuranceCommercialGeneralLiabilityEachOccurrence,Each Occurrence,,matchOnce,must be greater or equal to,2000000,,non_compliant,Standard 8,,,false,0,,2026-08-16
QTS Data Centers,6a15b733bd30da3db41030f0,69f0f3c5beb6279e947be0f8,"Layton Construction Company, LLC",69f10c28beb6279e947be4f2,"PHX3DC13 - QTS Glendale I DC13, LLC",evidenceOfInsurance,Evidence of Insurance,commercialGeneralLiability,Commercial General Liability,evidenceOfInsuranceCommercialGeneralLiabilityGeneralAggregate,General Aggregate,,matchOnce,must be greater or equal to,5000000,,non_compliant,Standard 8,,,false,0,,2026-08-16
QTS Data Centers,6a15b733bd30da3db41030f0,69f0f3c5beb6279e947be0f8,"Layton Construction Company, LLC",69f10c28beb6279e947be4f2,"PHX3DC13 - QTS Glendale I DC13, LLC",evidenceOfInsurance,Evidence of Insurance,commercialGeneralLiability,Commercial General Liability,evidenceOfInsuranceCommercialGeneralLiabilityProducsCompletedOperationsAggregate,Products/Completed Operations Aggregate,,matchOnce,must be greater or equal to,5000000,,non_compliant,Standard 8,,,false,0,,2026-08-16
QTS Data Centers,6a15b733bd30da3db41030f0,69f0f3c5beb6279e947be0f8,"Layton Construction Company, LLC",69f10c28beb6279e947be4f2,"PHX3DC13 - QTS Glendale I DC13, LLC",evidenceOfInsurance,Evidence of Insurance,commercialGeneralLiability,Commercial General Liability,evidenceOfInsuranceCommercialGeneralLiabilityAdditionalInsuredEndorsementOngoingOps,Additional Insured - Ongoing Operations,"---prompt---
Verify that additional insured coverage specifically includes ongoing operations. Look in the Description of Operations section for language like ""additional insured for ongoing operations"", ""CG 20 10"", ""CG 20 37"", or ""operations performed by or on behalf of the named insured"". The coverage should explicitly reference ongoing work, not just completed operations.",matchOnce,must be present,,,non_compliant,Standard 8,,,false,0,,2026-08-16
QTS Data Centers,6a15b733bd30da3db41030f0,69f0f3c5beb6279e947be0f8,"Layton Construction Company, LLC",69f10c28beb6279e947be4f2,"PHX3DC13 - QTS Glendale I DC13, LLC",evidenceOfInsurance,Evidence of Insurance,commercialGeneralLiability,Commercial General Liability,evidenceOfInsuranceCommercialGeneralLiabilityAdditionalInsuredEndorsementCompletedOps,Additional Insured - Completed Operations,"---prompt---
Verify that additional insured coverage specifically includes completed operations. Look in the Description of Operations section for language like ""additional insured for completed operations"", ""CG 20 37"", ""products-completed operations"", or similar. This coverage protects the certificate holder for claims arising after work is finished.",matchOnce,must be present,,,non_compliant,Standard 8,,,false,0,,2026-08-16
QTS Data Centers,6a15b733bd30da3db41030f0,69f0f3c5beb6279e947be0f8,"Layton Construction Company, LLC",69f10c28beb6279e947be4f2,"PHX3DC13 - QTS Glendale I DC13, LLC",evidenceOfInsurance,Evidence of Insurance,commercialGeneralLiability,Commercial General Liability,evidenceOfInsuranceCommercialGeneralLiabilityWaiverOfSubrogationEndorsement,Waiver of Subrogation,"---prompt---
Determine if the insurer has waived their right of subrogation in favor of the certificate holder under the Commercial General Liability policy. Evidence may include: a checked ""Waiver of Subrogation"" box on the certificate, mention in the Description of Operations section stating ""waiver of subrogation applies"", or reference to form CG 24 04. Look for language like ""subrogation is waived"" or ""per written contract"".",matchOnce,must be present,,,non_compliant,Standard 8,,,false,0,,2026-08-16
QTS Data Centers,6a15b733bd30da3db41030f0,69f0f3c5beb6279e947be0f8,"Layton Construction Company, LLC",69f10c28beb6279e947be4f2,"PHX3DC13 - QTS Glendale I DC13, LLC",evidenceOfInsurance,Evidence of Insurance,commercialGeneralLiability,Commercial General Liability,evidenceOfInsuranceCommercialGeneralLiabilityPrimaryAndNonContributoryEndorsement,Primary and Non-Contributory,"---prompt---
Determine if the Commercial General Liability policy provides primary and non-contributory coverage for the certificate holder. Evidence may include: a checked ""Primary"" box on the certificate, mention in the Description of Operations section stating ""primary and non-contributory"", or reference to endorsement CG 20 01. Look for language indicating this policy will pay first before other applicable insurance and will not seek contribution.",matchOnce,must be present,,,non_compliant,Standard 8,,,false,0,,2026-08-16
QTS Data Centers,6a15b733bd30da3db41030f0,69f0f3c5beb6279e947be0f8,"Layton Construction Company, LLC",69f10c28beb6279e947be4f2,"PHX3DC13 - QTS Glendale I DC13, LLC",evidenceOfInsurance,Evidence of Insurance,commercialGeneralLiability,Commercial General Liability,9c28ed56-e307-5cf9-88e9-0ada1f283104,Physical 30 Days Notice of Cancellation - 10 Days Notice for Non Payment Endorsement must be present,,matchOnce,must be present,,,non_compliant,Standard 8,,,true,0,,2026-08-16
QTS Data Centers,6a15b733bd30da3db41030f0,69f0f3c5beb6279e947be0f8,"Layton Construction Company, LLC",69f10c28beb6279e947be4f2,"PHX3DC13 - QTS Glendale I DC13, LLC",evidenceOfInsurance,Evidence of Insurance,automobileLiability,Automobile Liability,evidenceOfInsuranceAutomobileLiabilityCombinedSingleLimitEachAccident,Combined Single Limit (each accident),,matchOnce,must be greater or equal to,1000000,,non_compliant,Standard 8,,,false,0,,2026-08-16
QTS Data Centers,6a15b733bd30da3db41030f0,69f0f3c5beb6279e947be0f8,"Layton Construction Company, LLC",69f10c28beb6279e947be4f2,"PHX3DC13 - QTS Glendale I DC13, LLC",evidenceOfInsurance,Evidence of Insurance,automobileLiability,Automobile Liability,evidenceOfInsuranceAutomobileLiabilityCoverageAppliesToOwnedAutosOnly,Coverage Applies To: Owned Autos Only,,matchOnce,must be present,,,non_compliant,Standard 8,,,false,0,,2026-08-16
QTS Data Centers,6a15b733bd30da3db41030f0,69f0f3c5beb6279e947be0f8,"Layton Construction Company, LLC",69f10c28beb6279e947be4f2,"PHX3DC13 - QTS Glendale I DC13, LLC",evidenceOfInsurance,Evidence of Insurance,automobileLiability,Automobile Liability,evidenceOfInsuranceAutomobileLiabilityCoverageAppliesToNonOwnedAutosOnly,Coverage Applies To: Non-Owned Autos Only,,matchOnce,must be present,,,non_compliant,Standard 8,,,false,0,,2026-08-16
QTS Data Centers,6a15b733bd30da3db41030f0,69f0f3c5beb6279e947be0f8,"Layton Construction Company, LLC",69f10c28beb6279e947be4f2,"PHX3DC13 - QTS Glendale I DC13, LLC",evidenceOfInsurance,Evidence of Insurance,automobileLiability,Automobile Liability,evidenceOfInsuranceAutomobileLiabilityCoverageAppliesToHiredAutosOnly,Coverage Applies To: Hired Autos Only,,matchOnce,must be present,,,non_compliant,Standard 8,,,false,0,,2026-08-16
QTS Data Centers,6a15b733bd30da3db41030f0,69f0f3c5beb6279e947be0f8,"Layton Construction Company, LLC",69f10c28beb6279e947be4f2,"PHX3DC13 - QTS Glendale I DC13, LLC",evidenceOfInsurance,Evidence of Insurance,automobileLiability,Automobile Liability,evidenceOfInsuranceAutomobileLiabilityAdditionalInsuredEndorsement,Additional Insured,"---prompt---
Determine if the certificate holder is covered as an additional insured under the Automobile Liability policy. Evidence may include: a checked ""Additional Insured"" box on the certificate for the auto section, mention in the Description of Operations section, or reference to blanket additional insured coverage. Look for form number CA 20 48 or language like ""certificate holder is additional insured"" or ""per written contract"".",matchOnce,must be present,,,non_compliant,Standard 8,,,false,0,,2026-08-16
QTS Data Centers,6a15b733bd30da3db41030f0,69f0f3c5beb6279e947be0f8,"Layton Construction Company, LLC",69f10c28beb6279e947be4f2,"PHX3DC13 - QTS Glendale I DC13, LLC",evidenceOfInsurance,Evidence of Insurance,automobileLiability,Automobile Liability,evidenceOfInsuranceAutomobileLiabilityWaiverOfSubrogationEndorsement,Waiver of Subrogation,"---prompt---
Determine if the insurer has waived their right of subrogation in favor of the certificate holder under the Automobile Liability policy. Evidence may include: a checked ""Waiver of Subrogation"" box on the certificate, mention in the Description of Operations section stating ""waiver of subrogation applies"", or reference to form CA 04 44. Look for language like ""subrogation is waived"" or ""per written contract"".",matchOnce,must be present,,,non_compliant,Standard 8,,,false,0,,2026-08-16
QTS Data Centers,6a15b733bd30da3db41030f0,69f0f3c5beb6279e947be0f8,"Layton Construction Company, LLC",69f10c28beb6279e947be4f2,"PHX3DC13 - QTS Glendale I DC13, LLC",evidenceOfInsurance,Evidence of Insurance,automobileLiability,Automobile Liability,evidenceOfInsuranceAutomobileLiabilityPrimaryAndNonContributoryEndorsement,Primary and Non-Contributory,"---prompt---
Determine if the Automobile Liability policy provides primary and non-contributory coverage for the certificate holder. Evidence may include: a checked ""Primary"" box on the certificate, mention in the Description of Operations section stating ""primary and non-contributory"". Look for language indicating this policy will pay first before other applicable insurance and will not seek contribution.",matchOnce,must be present,,,non_compliant,Standard 8,,,false,0,,2026-08-16
QTS Data Centers,6a15b733bd30da3db41030f0,69f0f3c5beb6279e947be0f8,"Layton Construction Company, LLC",69f10c28beb6279e947be4f2,"PHX3DC13 - QTS Glendale I DC13, LLC",evidenceOfInsurance,Evidence of Insurance,automobileLiability,Automobile Liability,0e6f6daa-effc-5c25-af03-4f7e657ae801,Physical MCS-90 Endorsement must be present,,matchOnce,must be present,,,non_compliant,Standard 8,,,true,0,,2026-08-16
QTS Data Centers,6a15b733bd30da3db41030f0,69f0f3c5beb6279e947be0f8,"Layton Construction Company, LLC",69f10c28beb6279e947be4f2,"PHX3DC13 - QTS Glendale I DC13, LLC",evidenceOfInsurance,Evidence of Insurance,excessOrUmbrellaLiability,Umbrella/Excess Liability,evidenceOfInsuranceExcessOrUmbrellaLiabilityOccurence,Coverage Trigger: Occurrence,,matchOnce,must be present,,,non_compliant,Standard 8,,,false,0,,2026-08-16
QTS Data Centers,6a15b733bd30da3db41030f0,69f0f3c5beb6279e947be0f8,"Layton Construction Company, LLC",69f10c28beb6279e947be4f2,"PHX3DC13 - QTS Glendale I DC13, LLC",evidenceOfInsurance,Evidence of Insurance,excessOrUmbrellaLiability,Umbrella/Excess Liability,evidenceOfInsuranceExcessOrUmbrellaLiabilityEachOccurrence,Each Occurrence,,matchOnce,must be greater or equal to,25000000,,non_compliant,Standard 8,,,false,0,,2026-08-16
QTS Data Centers,6a15b733bd30da3db41030f0,69f0f3c5beb6279e947be0f8,"Layton Construction Company, LLC",69f10c28beb6279e947be4f2,"PHX3DC13 - QTS Glendale I DC13, LLC",evidenceOfInsurance,Evidence of Insurance,excessOrUmbrellaLiability,Umbrella/Excess Liability,evidenceOfInsuranceExcessOrUmbrellaLiabilityAdditionalInsuredEndorsement,Additional Insured,"---prompt---
Determine if the certificate holder is covered as an additional insured under the Umbrella/Excess Liability policy. Evidence may include: a checked ""Additional Insured"" box on the certificate for the umbrella section, mention in the Description of Operations section, reference to ""follow form"" status (which would extend underlying additional insured status), or explicit language naming the certificate holder as additional insured on the umbrella.",matchOnce,must be present,,,non_compliant,Standard 8,,,false,0,,2026-08-16
QTS Data Centers,6a15b733bd30da3db41030f0,69f0f3c5beb6279e947be0f8,"Layton Construction Company, LLC",69f10c28beb6279e947be4f2,"PHX3DC13 - QTS Glendale I DC13, LLC",evidenceOfInsurance,Evidence of Insurance,excessOrUmbrellaLiability,Umbrella/Excess Liability,evidenceOfInsuranceExcessOrUmbrellaLiabilityWaiverOfSubrogationEndorsement,Waiver of Subrogation,"---prompt---
Determine if the insurer has waived their right of subrogation in favor of the certificate holder under the Umbrella/Excess Liability policy. Evidence may include: a checked ""Waiver of Subrogation"" box on the certificate, mention in the Description of Operations section stating ""waiver of subrogation applies"", or reference to ""follow form"" status (which would extend underlying waiver). Look for language like ""subrogation is waived"" or ""per written contract"".",matchOnce,must be present,,,non_compliant,Standard 8,,,false,0,,2026-08-16
QTS Data Centers,6a15b733bd30da3db41030f0,69f0f3c5beb6279e947be0f8,"Layton Construction Company, LLC",69f10c28beb6279e947be4f2,"PHX3DC13 - QTS Glendale I DC13, LLC",evidenceOfInsurance,Evidence of Insurance,excessOrUmbrellaLiability,Umbrella/Excess Liability,evidenceOfInsuranceExcessOrUmbrellaLiabilityPrimaryAndNonContributoryEndorsement,Primary and Non-Contributory,"---prompt---
Determine if the Umbrella/Excess Liability policy provides primary and non-contributory coverage for the certificate holder. Evidence may include: a checked ""Primary"" box on the certificate, mention in the Description of Operations section stating ""primary and non-contributory"", or reference to ""follow form"" status (which would extend underlying primary status). Look for language indicating this policy will pay first before other applicable insurance and will not seek contribution.",matchOnce,must be present,,,non_compliant,Standard 8,,,false,0,,2026-08-16
QTS Data Centers,6a15b733bd30da3db41030f0,69f0f3c5beb6279e947be0f8,"Layton Construction Company, LLC",69f10c28beb6279e947be4f2,"PHX3DC13 - QTS Glendale I DC13, LLC",evidenceOfInsurance,Evidence of Insurance,workersCompensation,Workers' Compensation and Employer's Liability,evidenceOfInsuranceWorkersCompensationStatutoryLimits,Statutory Limits,,matchOnce,must be present,,,non_compliant,Standard 8,,,false,0,,2026-08-16
QTS Data Centers,6a15b733bd30da3db41030f0,69f0f3c5beb6279e947be0f8,"Layton Construction Company, LLC",69f10c28beb6279e947be4f2,"PHX3DC13 - QTS Glendale I DC13, LLC",evidenceOfInsurance,Evidence of Insurance,workersCompensation,Workers' Compensation and Employer's Liability,evidenceOfInsuranceWorkersCompensationEmployersLiabilityDiseaseEachEmployee,Employer's Liability Disease - each employee,,matchOnce,must be greater or equal to,500000,,non_compliant,Standard 8,,,false,0,,2026-08-16
QTS Data Centers,6a15b733bd30da3db41030f0,69f0f3c5beb6279e947be0f8,"Layton Construction Company, LLC",69f10c28beb6279e947be4f2,"PHX3DC13 - QTS Glendale I DC13, LLC",evidenceOfInsurance,Evidence of Insurance,workersCompensation,Workers' Compensation and Employer's Liability,evidenceOfInsuranceWorkersCompensationEmployersLiabilityDiseasePolicyLimit,Employer's Liability Disease - policy limit,,matchOnce,must be greater or equal to,500000,,non_compliant,Standard 8,,,false,0,,2026-08-16
QTS Data Centers,6a15b733bd30da3db41030f0,69f0f3c5beb6279e947be0f8,"Layton Construction Company, LLC",69f10c28beb6279e947be4f2,"PHX3DC13 - QTS Glendale I DC13, LLC",evidenceOfInsurance,Evidence of Insurance,workersCompensation,Workers' Compensation and Employer's Liability,evidenceOfInsuranceWorkersCompensationEmployersLiabilityEachAccident,Employer's Liability Each Accident,,matchOnce,must be greater or equal to,500000,,non_compliant,Standard 8,,,false,0,,2026-08-16
QTS Data Centers,6a15b733bd30da3db41030f0,69f0f3c5beb6279e947be0f8,"Layton Construction Company, LLC",69f10c28beb6279e947be4f2,"PHX3DC13 - QTS Glendale I DC13, LLC",evidenceOfInsurance,Evidence of Insurance,workersCompensation,Workers' Compensation and Employer's Liability,evidenceOfInsuranceWorkersCompensationWaiverOfSubrogationEndorsement,Waiver of Subrogation,"---prompt---
Determine if the insurer has waived their right of subrogation in favor of the certificate holder under the Workers' Compensation policy. Evidence may include: a checked ""Waiver of Subrogation"" box on the certificate, mention in the Description of Operations section stating ""waiver of subrogation applies"", or reference to form WC 00 03 13. Look for language like ""subrogation is waived"" or ""per written contract"".",matchOnce,must be present,,,non_compliant,Standard 8,,,false,0,,2026-08-16
QTS Data Centers,6a15b733bd30da3db41030f0,69f0f3c5beb6279e947be0f8,"Layton Construction Company, LLC",69f10c28beb6279e947be4f2,"PHX3DC13 - QTS Glendale I DC13, LLC",evidenceOfInsurance,Evidence of Insurance,professional,Professional Liability,evidenceOfInsuranceProfessionalLimitsEachClaim,Each Claim,,matchOnce,must be greater or equal to,2000000,,non_compliant,Standard 8,,,false,0,,2026-08-16
QTS Data Centers,6a15b733bd30da3db41030f0,69f0f3c5beb6279e947be0f8,"Layton Construction Company, LLC",69f10c28beb6279e947be4f2,"PHX3DC13 - QTS Glendale I DC13, LLC",evidenceOfInsurance,Evidence of Insurance,professional,Professional Liability,d672162b-0115-567e-ac40-48cb8d46cdc0,"Professional Liability Coverage Deductible must be less than or equal to $100,000",,matchOnce,must be present,,,non_compliant,Standard 8,,,true,0,,2026-08-16
QTS Data Centers,6a15b733bd30da3db41030f0,69f0f3c5beb6279e947be0f8,"Layton Construction Company, LLC",69f10c28beb6279e947be4f2,"PHX3DC13 - QTS Glendale I DC13, LLC",evidenceOfInsurance,Evidence of Insurance,6ac20aae-5728-5d57-b364-aeba38527dba,Additional Requirements,655cb50e-155d-5f8c-af5e-e7386263aa58,"Certificate Holder must read as: ""Quality Technology Services, LLC, 
Attention: Procurement Department
300 Satellite Blvd NW, Suwanee, GA 30024.""",,matchOnce,must be present,,,non_compliant,Standard 8,,,true,0,,2026-08-16
QTS Data Centers,6a15b733bd30da3db41030f0,69f0f3c5beb6279e947be0f8,"Layton Construction Company, LLC",69f10c28beb6279e947be4f2,"PHX3DC13 - QTS Glendale I DC13, LLC",evidenceOfInsurance,Evidence of Insurance,6ac20aae-5728-5d57-b364-aeba38527dba,Additional Requirements,25da7a11-b805-5d7d-8deb-65519e743757,"Description of Operations must read: Quality Tech, LP, and its officers, directors, employees, parents, subsidiaries, affiliates, and related companies, successors, and permitted assigns",,matchOnce,must be present,,,non_compliant,Standard 8,,,true,0,,2026-08-16
QTS Data Centers,6a15b733bd30da3db41030f0,69f0f3c5beb6279e947be0f8,"Layton Construction Company, LLC",69f10c28beb6279e947be4f2,"PHX3DC13 - QTS Glendale I DC13, LLC",evidenceOfInsurance,Evidence of Insurance,6ac20aae-5728-5d57-b364-aeba38527dba,Additional Requirements,03d7ddc3-a527-5f18-bdf6-355eb23cd9de,30-Day Notice of Cancellation must be present,,matchOnce,must be present,,,non_compliant,Standard 8,,,true,0,,2026-08-16
QTS Data Centers,6a15b733bd30da3db41030f0,69f0f3c5beb6279e947be0f8,"Layton Construction Company, LLC",69f10c28beb6279e947be4f2,"PHX3DC13 - QTS Glendale I DC13, LLC",evidenceOfInsurance,Evidence of Insurance,6ac20aae-5728-5d57-b364-aeba38527dba,Additional Requirements,8d7b12d5-c6dc-5efe-8cbd-acd9adedde5b,"Description of Operations must read: PHX3-DC13, located at 17336 W. Camelback Road, Litchfield Park, AZ 85340",,matchOnce,must be present,,,non_compliant,Standard 8,,,true,0,,2026-08-16
QTS Data Centers,6a15b733bd30da3db41030f0,69f0f3c5beb6279e947be0f8,"Layton Construction Company, LLC",69f10c28beb6279e947be4f2,"PHX3DC13 - QTS Glendale I DC13, LLC",evidenceOfInsurance,Evidence of Insurance,6ac20aae-5728-5d57-b364-aeba38527dba,Additional Requirements,24a2347c-ab39-5dea-a6af-ad750440dde1,"Description of Operations must read: Commercial General Liability shall not include the following endorsements/exclusions or equivalent:

1. CG 2149 or CG 2155 o CG 2198 (Absolute Pollution Exclusion)
2. CG 2294 or CG 2295 (Damage to Work Performed by Contractors Exclusion)
3. CG 2139 (Contractual Limitation Endorsement)
4. CG 2196 (Silica or Silica Dust Exclusion), unless otherwise covered under an applicable pollution policy.
5. CG 2142 (Explosion, Collapse or Underground Exclusion)",,matchOnce,must be present,,,non_compliant,Standard 8,,,true,0,,2026-08-16
QTS Data Centers,6a15b733bd30da3db41030f0,69f0f3c5beb6279e947be0f8,"Layton Construction Company, LLC",69f10c28beb6279e947be4f2,"PHX3DC13 - QTS Glendale I DC13, LLC",evidenceOfInsurance,Evidence of Insurance,6ac20aae-5728-5d57-b364-aeba38527dba,Additional Requirements,71685e25-c6d0-5692-aaaf-30f59a2f9a83,"Description of Operations must read: Workers Compensation shall include ""all states"" coverage",,matchOnce,must be present,,,non_compliant,Standard 8,,,true,0,,2026-08-16
QTS Data Centers,6a15b733bd30da3db41030f1,69f0f3c5beb6279e947be0f8,"Layton Construction Company, LLC",69f10c28beb6279e947be4f3,"PHX3DC14 - QTS Glendale I DC14, LLC",evidenceOfInsurance,Evidence of Insurance,commercialGeneralLiability,Commercial General Liability,evidenceOfInsuranceCommercialGeneralLiabilityAMBestRating,AM Best Rating,,matchOnce,must be greater or equal to,140,,non_compliant,Standard 8,,,false,0,,2026-08-16
QTS Data Centers,6a15b733bd30da3db41030f1,69f0f3c5beb6279e947be0f8,"Layton Construction Company, LLC",69f10c28beb6279e947be4f3,"PHX3DC14 - QTS Glendale I DC14, LLC",evidenceOfInsurance,Evidence of Insurance,commercialGeneralLiability,Commercial General Liability,evidenceOfInsuranceCommercialGeneralLiabilityAMBestFinancialStrength,AM Best Financial Strength,,matchOnce,must be greater or equal to,100,,non_compliant,Standard 8,,,false,0,,2026-08-16
QTS Data Centers,6a15b733bd30da3db41030f1,69f0f3c5beb6279e947be0f8,"Layton Construction Company, LLC",69f10c28beb6279e947be4f3,"PHX3DC14 - QTS Glendale I DC14, LLC",evidenceOfInsurance,Evidence of Insurance,commercialGeneralLiability,Commercial General Liability,evidenceOfInsuranceCommercialGeneralLiabilityCoverageTriggerOccurrence,Coverage Trigger: Occurrence,,matchOnce,must be present,,,non_compliant,Standard 8,,,false,0,,2026-08-16
QTS Data Centers,6a15b733bd30da3db41030f1,69f0f3c5beb6279e947be0f8,"Layton Construction Company, LLC",69f10c28beb6279e947be4f3,"PHX3DC14 - QTS Glendale I DC14, LLC",evidenceOfInsurance,Evidence of Insurance,commercialGeneralLiability,Commercial General Liability,evidenceOfInsuranceCommercialGeneralLiabilityGeneralAggregateLimitAppliesPerProject,General Aggregate Limit Applies per: Project,,matchOnce,must be present,,,non_compliant,Standard 8,,,false,0,,2026-08-16
QTS Data Centers,6a15b733bd30da3db41030f1,69f0f3c5beb6279e947be0f8,"Layton Construction Company, LLC",69f10c28beb6279e947be4f3,"PHX3DC14 - QTS Glendale I DC14, LLC",evidenceOfInsurance,Evidence of Insurance,commercialGeneralLiability,Commercial General Liability,evidenceOfInsuranceCommercialGeneralLiabilityEachOccurrence,Each Occurrence,,matchOnce,must be greater or equal to,2000000,,non_compliant,Standard 8,,,false,0,,2026-08-16
QTS Data Centers,6a15b733bd30da3db41030f1,69f0f3c5beb6279e947be0f8,"Layton Construction Company, LLC",69f10c28beb6279e947be4f3,"PHX3DC14 - QTS Glendale I DC14, LLC",evidenceOfInsurance,Evidence of Insurance,commercialGeneralLiability,Commercial General Liability,evidenceOfInsuranceCommercialGeneralLiabilityGeneralAggregate,General Aggregate,,matchOnce,must be greater or equal to,5000000,,non_compliant,Standard 8,,,false,0,,2026-08-16
QTS Data Centers,6a15b733bd30da3db41030f1,69f0f3c5beb6279e947be0f8,"Layton Construction Company, LLC",69f10c28beb6279e947be4f3,"PHX3DC14 - QTS Glendale I DC14, LLC",evidenceOfInsurance,Evidence of Insurance,commercialGeneralLiability,Commercial General Liability,evidenceOfInsuranceCommercialGeneralLiabilityProducsCompletedOperationsAggregate,Products/Completed Operations Aggregate,,matchOnce,must be greater or equal to,5000000,,non_compliant,Standard 8,,,false,0,,2026-08-16
QTS Data Centers,6a15b733bd30da3db41030f1,69f0f3c5beb6279e947be0f8,"Layton Construction Company, LLC",69f10c28beb6279e947be4f3,"PHX3DC14 - QTS Glendale I DC14, LLC",evidenceOfInsurance,Evidence of Insurance,commercialGeneralLiability,Commercial General Liability,evidenceOfInsuranceCommercialGeneralLiabilityAdditionalInsuredEndorsementOngoingOps,Additional Insured - Ongoing Operations,"---prompt---
Verify that additional insured coverage specifically includes ongoing operations. Look in the Description of Operations section for language like ""additional insured for ongoing operations"", ""CG 20 10"", ""CG 20 37"", or ""operations performed by or on behalf of the named insured"". The coverage should explicitly reference ongoing work, not just completed operations.",matchOnce,must be present,,,non_compliant,Standard 8,,,false,0,,2026-08-16
QTS Data Centers,6a15b733bd30da3db41030f1,69f0f3c5beb6279e947be0f8,"Layton Construction Company, LLC",69f10c28beb6279e947be4f3,"PHX3DC14 - QTS Glendale I DC14, LLC",evidenceOfInsurance,Evidence of Insurance,commercialGeneralLiability,Commercial General Liability,evidenceOfInsuranceCommercialGeneralLiabilityAdditionalInsuredEndorsementCompletedOps,Additional Insured - Completed Operations,"---prompt---
Verify that additional insured coverage specifically includes completed operations. Look in the Description of Operations section for language like ""additional insured for completed operations"", ""CG 20 37"", ""products-completed operations"", or similar. This coverage protects the certificate holder for claims arising after work is finished.",matchOnce,must be present,,,non_compliant,Standard 8,,,false,0,,2026-08-16
QTS Data Centers,6a15b733bd30da3db41030f1,69f0f3c5beb6279e947be0f8,"Layton Construction Company, LLC",69f10c28beb6279e947be4f3,"PHX3DC14 - QTS Glendale I DC14, LLC",evidenceOfInsurance,Evidence of Insurance,commercialGeneralLiability,Commercial General Liability,evidenceOfInsuranceCommercialGeneralLiabilityWaiverOfSubrogationEndorsement,Waiver of Subrogation,"---prompt---
Determine if the insurer has waived their right of subrogation in favor of the certificate holder under the Commercial General Liability policy. Evidence may include: a checked ""Waiver of Subrogation"" box on the certificate, mention in the Description of Operations section stating ""waiver of subrogation applies"", or reference to form CG 24 04. Look for language like ""subrogation is waived"" or ""per written contract"".",matchOnce,must be present,,,non_compliant,Standard 8,,,false,0,,2026-08-16
QTS Data Centers,6a15b733bd30da3db41030f1,69f0f3c5beb6279e947be0f8,"Layton Construction Company, LLC",69f10c28beb6279e947be4f3,"PHX3DC14 - QTS Glendale I DC14, LLC",evidenceOfInsurance,Evidence of Insurance,commercialGeneralLiability,Commercial General Liability,evidenceOfInsuranceCommercialGeneralLiabilityPrimaryAndNonContributoryEndorsement,Primary and Non-Contributory,"---prompt---
Determine if the Commercial General Liability policy provides primary and non-contributory coverage for the certificate holder. Evidence may include: a checked ""Primary"" box on the certificate, mention in the Description of Operations section stating ""primary and non-contributory"", or reference to endorsement CG 20 01. Look for language indicating this policy will pay first before other applicable insurance and will not seek contribution.",matchOnce,must be present,,,non_compliant,Standard 8,,,false,0,,2026-08-16
QTS Data Centers,6a15b733bd30da3db41030f1,69f0f3c5beb6279e947be0f8,"Layton Construction Company, LLC",69f10c28beb6279e947be4f3,"PHX3DC14 - QTS Glendale I DC14, LLC",evidenceOfInsurance,Evidence of Insurance,commercialGeneralLiability,Commercial General Liability,9c28ed56-e307-5cf9-88e9-0ada1f283104,Physical 30 Days Notice of Cancellation - 10 Days Notice for Non Payment Endorsement must be present,,matchOnce,must be present,,,non_compliant,Standard 8,,,true,0,,2026-08-16
QTS Data Centers,6a15b733bd30da3db41030f1,69f0f3c5beb6279e947be0f8,"Layton Construction Company, LLC",69f10c28beb6279e947be4f3,"PHX3DC14 - QTS Glendale I DC14, LLC",evidenceOfInsurance,Evidence of Insurance,automobileLiability,Automobile Liability,evidenceOfInsuranceAutomobileLiabilityCombinedSingleLimitEachAccident,Combined Single Limit (each accident),,matchOnce,must be greater or equal to,1000000,,non_compliant,Standard 8,,,false,0,,2026-08-16
QTS Data Centers,6a15b733bd30da3db41030f1,69f0f3c5beb6279e947be0f8,"Layton Construction Company, LLC",69f10c28beb6279e947be4f3,"PHX3DC14 - QTS Glendale I DC14, LLC",evidenceOfInsurance,Evidence of Insurance,automobileLiability,Automobile Liability,evidenceOfInsuranceAutomobileLiabilityCoverageAppliesToOwnedAutosOnly,Coverage Applies To: Owned Autos Only,,matchOnce,must be present,,,non_compliant,Standard 8,,,false,0,,2026-08-16
QTS Data Centers,6a15b733bd30da3db41030f1,69f0f3c5beb6279e947be0f8,"Layton Construction Company, LLC",69f10c28beb6279e947be4f3,"PHX3DC14 - QTS Glendale I DC14, LLC",evidenceOfInsurance,Evidence of Insurance,automobileLiability,Automobile Liability,evidenceOfInsuranceAutomobileLiabilityCoverageAppliesToNonOwnedAutosOnly,Coverage Applies To: Non-Owned Autos Only,,matchOnce,must be present,,,non_compliant,Standard 8,,,false,0,,2026-08-16
QTS Data Centers,6a15b733bd30da3db41030f1,69f0f3c5beb6279e947be0f8,"Layton Construction Company, LLC",69f10c28beb6279e947be4f3,"PHX3DC14 - QTS Glendale I DC14, LLC",evidenceOfInsurance,Evidence of Insurance,automobileLiability,Automobile Liability,evidenceOfInsuranceAutomobileLiabilityCoverageAppliesToHiredAutosOnly,Coverage Applies To: Hired Autos Only,,matchOnce,must be present,,,non_compliant,Standard 8,,,false,0,,2026-08-16
QTS Data Centers,6a15b733bd30da3db41030f1,69f0f3c5beb6279e947be0f8,"Layton Construction Company, LLC",69f10c28beb6279e947be4f3,"PHX3DC14 - QTS Glendale I DC14, LLC",evidenceOfInsurance,Evidence of Insurance,automobileLiability,Automobile Liability,evidenceOfInsuranceAutomobileLiabilityAdditionalInsuredEndorsement,Additional Insured,"---prompt---
Determine if the certificate holder is covered as an additional insured under the Automobile Liability policy. Evidence may include: a checked ""Additional Insured"" box on the certificate for the auto section, mention in the Description of Operations section, or reference to blanket additional insured coverage. Look for form number CA 20 48 or language like ""certificate holder is additional insured"" or ""per written contract"".",matchOnce,must be present,,,non_compliant,Standard 8,,,false,0,,2026-08-16
QTS Data Centers,6a15b733bd30da3db41030f1,69f0f3c5beb6279e947be0f8,"Layton Construction Company, LLC",69f10c28beb6279e947be4f3,"PHX3DC14 - QTS Glendale I DC14, LLC",evidenceOfInsurance,Evidence of Insurance,automobileLiability,Automobile Liability,evidenceOfInsuranceAutomobileLiabilityWaiverOfSubrogationEndorsement,Waiver of Subrogation,"---prompt---
Determine if the insurer has waived their right of subrogation in favor of the certificate holder under the Automobile Liability policy. Evidence may include: a checked ""Waiver of Subrogation"" box on the certificate, mention in the Description of Operations section stating ""waiver of subrogation applies"", or reference to form CA 04 44. Look for language like ""subrogation is waived"" or ""per written contract"".",matchOnce,must be present,,,non_compliant,Standard 8,,,false,0,,2026-08-16
QTS Data Centers,6a15b733bd30da3db41030f1,69f0f3c5beb6279e947be0f8,"Layton Construction Company, LLC",69f10c28beb6279e947be4f3,"PHX3DC14 - QTS Glendale I DC14, LLC",evidenceOfInsurance,Evidence of Insurance,automobileLiability,Automobile Liability,evidenceOfInsuranceAutomobileLiabilityPrimaryAndNonContributoryEndorsement,Primary and Non-Contributory,"---prompt---
Determine if the Automobile Liability policy provides primary and non-contributory coverage for the certificate holder. Evidence may include: a checked ""Primary"" box on the certificate, mention in the Description of Operations section stating ""primary and non-contributory"". Look for language indicating this policy will pay first before other applicable insurance and will not seek contribution.",matchOnce,must be present,,,non_compliant,Standard 8,,,false,0,,2026-08-16
QTS Data Centers,6a15b733bd30da3db41030f1,69f0f3c5beb6279e947be0f8,"Layton Construction Company, LLC",69f10c28beb6279e947be4f3,"PHX3DC14 - QTS Glendale I DC14, LLC",evidenceOfInsurance,Evidence of Insurance,automobileLiability,Automobile Liability,0e6f6daa-effc-5c25-af03-4f7e657ae801,Physical MCS-90 Endorsement must be present,,matchOnce,must be present,,,non_compliant,Standard 8,,,true,0,,2026-08-16
QTS Data Centers,6a15b733bd30da3db41030f1,69f0f3c5beb6279e947be0f8,"Layton Construction Company, LLC",69f10c28beb6279e947be4f3,"PHX3DC14 - QTS Glendale I DC14, LLC",evidenceOfInsurance,Evidence of Insurance,excessOrUmbrellaLiability,Umbrella/Excess Liability,evidenceOfInsuranceExcessOrUmbrellaLiabilityOccurence,Coverage Trigger: Occurrence,,matchOnce,must be present,,,non_compliant,Standard 8,,,false,0,,2026-08-16
QTS Data Centers,6a15b733bd30da3db41030f1,69f0f3c5beb6279e947be0f8,"Layton Construction Company, LLC",69f10c28beb6279e947be4f3,"PHX3DC14 - QTS Glendale I DC14, LLC",evidenceOfInsurance,Evidence of Insurance,excessOrUmbrellaLiability,Umbrella/Excess Liability,evidenceOfInsuranceExcessOrUmbrellaLiabilityEachOccurrence,Each Occurrence,,matchOnce,must be greater or equal to,25000000,,non_compliant,Standard 8,,,false,0,,2026-08-16
QTS Data Centers,6a15b733bd30da3db41030f1,69f0f3c5beb6279e947be0f8,"Layton Construction Company, LLC",69f10c28beb6279e947be4f3,"PHX3DC14 - QTS Glendale I DC14, LLC",evidenceOfInsurance,Evidence of Insurance,excessOrUmbrellaLiability,Umbrella/Excess Liability,evidenceOfInsuranceExcessOrUmbrellaLiabilityAdditionalInsuredEndorsement,Additional Insured,"---prompt---
Determine if the certificate holder is covered as an additional insured under the Umbrella/Excess Liability policy. Evidence may include: a checked ""Additional Insured"" box on the certificate for the umbrella section, mention in the Description of Operations section, reference to ""follow form"" status (which would extend underlying additional insured status), or explicit language naming the certificate holder as additional insured on the umbrella.",matchOnce,must be present,,,non_compliant,Standard 8,,,false,0,,2026-08-16
QTS Data Centers,6a15b733bd30da3db41030f1,69f0f3c5beb6279e947be0f8,"Layton Construction Company, LLC",69f10c28beb6279e947be4f3,"PHX3DC14 - QTS Glendale I DC14, LLC",evidenceOfInsurance,Evidence of Insurance,excessOrUmbrellaLiability,Umbrella/Excess Liability,evidenceOfInsuranceExcessOrUmbrellaLiabilityWaiverOfSubrogationEndorsement,Waiver of Subrogation,"---prompt---
Determine if the insurer has waived their right of subrogation in favor of the certificate holder under the Umbrella/Excess Liability policy. Evidence may include: a checked ""Waiver of Subrogation"" box on the certificate, mention in the Description of Operations section stating ""waiver of subrogation applies"", or reference to ""follow form"" status (which would extend underlying waiver). Look for language like ""subrogation is waived"" or ""per written contract"".",matchOnce,must be present,,,non_compliant,Standard 8,,,false,0,,2026-08-16
QTS Data Centers,6a15b733bd30da3db41030f1,69f0f3c5beb6279e947be0f8,"Layton Construction Company, LLC",69f10c28beb6279e947be4f3,"PHX3DC14 - QTS Glendale I DC14, LLC",evidenceOfInsurance,Evidence of Insurance,excessOrUmbrellaLiability,Umbrella/Excess Liability,evidenceOfInsuranceExcessOrUmbrellaLiabilityPrimaryAndNonContributoryEndorsement,Primary and Non-Contributory,"---prompt---
Determine if the Umbrella/Excess Liability policy provides primary and non-contributory coverage for the certificate holder. Evidence may include: a checked ""Primary"" box on the certificate, mention in the Description of Operations section stating ""primary and non-contributory"", or reference to ""follow form"" status (which would extend underlying primary status). Look for language indicating this policy will pay first before other applicable insurance and will not seek contribution.",matchOnce,must be present,,,non_compliant,Standard 8,,,false,0,,2026-08-16
QTS Data Centers,6a15b733bd30da3db41030f1,69f0f3c5beb6279e947be0f8,"Layton Construction Company, LLC",69f10c28beb6279e947be4f3,"PHX3DC14 - QTS Glendale I DC14, LLC",evidenceOfInsurance,Evidence of Insurance,workersCompensation,Workers' Compensation and Employer's Liability,evidenceOfInsuranceWorkersCompensationStatutoryLimits,Statutory Limits,,matchOnce,must be present,,,non_compliant,Standard 8,,,false,0,,2026-08-16
QTS Data Centers,6a15b733bd30da3db41030f1,69f0f3c5beb6279e947be0f8,"Layton Construction Company, LLC",69f10c28beb6279e947be4f3,"PHX3DC14 - QTS Glendale I DC14, LLC",evidenceOfInsurance,Evidence of Insurance,workersCompensation,Workers' Compensation and Employer's Liability,evidenceOfInsuranceWorkersCompensationEmployersLiabilityDiseaseEachEmployee,Employer's Liability Disease - each employee,,matchOnce,must be greater or equal to,500000,,non_compliant,Standard 8,,,false,0,,2026-08-16
QTS Data Centers,6a15b733bd30da3db41030f1,69f0f3c5beb6279e947be0f8,"Layton Construction Company, LLC",69f10c28beb6279e947be4f3,"PHX3DC14 - QTS Glendale I DC14, LLC",evidenceOfInsurance,Evidence of Insurance,workersCompensation,Workers' Compensation and Employer's Liability,evidenceOfInsuranceWorkersCompensationEmployersLiabilityDiseasePolicyLimit,Employer's Liability Disease - policy limit,,matchOnce,must be greater or equal to,500000,,non_compliant,Standard 8,,,false,0,,2026-08-16
QTS Data Centers,6a15b733bd30da3db41030f1,69f0f3c5beb6279e947be0f8,"Layton Construction Company, LLC",69f10c28beb6279e947be4f3,"PHX3DC14 - QTS Glendale I DC14, LLC",evidenceOfInsurance,Evidence of Insurance,workersCompensation,Workers' Compensation and Employer's Liability,evidenceOfInsuranceWorkersCompensationEmployersLiabilityEachAccident,Employer's Liability Each Accident,,matchOnce,must be greater or equal to,500000,,non_compliant,Standard 8,,,false,0,,2026-08-16
QTS Data Centers,6a15b733bd30da3db41030f1,69f0f3c5beb6279e947be0f8,"Layton Construction Company, LLC",69f10c28beb6279e947be4f3,"PHX3DC14 - QTS Glendale I DC14, LLC",evidenceOfInsurance,Evidence of Insurance,workersCompensation,Workers' Compensation and Employer's Liability,evidenceOfInsuranceWorkersCompensationWaiverOfSubrogationEndorsement,Waiver of Subrogation,"---prompt---
Determine if the insurer has waived their right of subrogation in favor of the certificate holder under the Workers' Compensation policy. Evidence may include: a checked ""Waiver of Subrogation"" box on the certificate, mention in the Description of Operations section stating ""waiver of subrogation applies"", or reference to form WC 00 03 13. Look for language like ""subrogation is waived"" or ""per written contract"".",matchOnce,must be present,,,non_compliant,Standard 8,,,false,0,,2026-08-16
QTS Data Centers,6a15b733bd30da3db41030f1,69f0f3c5beb6279e947be0f8,"Layton Construction Company, LLC",69f10c28beb6279e947be4f3,"PHX3DC14 - QTS Glendale I DC14, LLC",evidenceOfInsurance,Evidence of Insurance,professional,Professional Liability,evidenceOfInsuranceProfessionalLimitsEachClaim,Each Claim,,matchOnce,must be greater or equal to,2000000,,non_compliant,Standard 8,,,false,0,,2026-08-16
QTS Data Centers,6a15b733bd30da3db41030f1,69f0f3c5beb6279e947be0f8,"Layton Construction Company, LLC",69f10c28beb6279e947be4f3,"PHX3DC14 - QTS Glendale I DC14, LLC",evidenceOfInsurance,Evidence of Insurance,professional,Professional Liability,d672162b-0115-567e-ac40-48cb8d46cdc0,"Professional Liability Coverage Deductible must be less than or equal to $100,000",,matchOnce,must be present,,,non_compliant,Standard 8,,,true,0,,2026-08-16
QTS Data Centers,6a15b733bd30da3db41030f1,69f0f3c5beb6279e947be0f8,"Layton Construction Company, LLC",69f10c28beb6279e947be4f3,"PHX3DC14 - QTS Glendale I DC14, LLC",evidenceOfInsurance,Evidence of Insurance,6ac20aae-5728-5d57-b364-aeba38527dba,Additional Requirements,655cb50e-155d-5f8c-af5e-e7386263aa58,"Certificate Holder must read as: ""Quality Technology Services, LLC, 
Attention: Procurement Department
300 Satellite Blvd NW, Suwanee, GA 30024.""",,matchOnce,must be present,,,non_compliant,Standard 8,,,true,0,,2026-08-16
QTS Data Centers,6a15b733bd30da3db41030f1,69f0f3c5beb6279e947be0f8,"Layton Construction Company, LLC",69f10c28beb6279e947be4f3,"PHX3DC14 - QTS Glendale I DC14, LLC",evidenceOfInsurance,Evidence of Insurance,6ac20aae-5728-5d57-b364-aeba38527dba,Additional Requirements,25da7a11-b805-5d7d-8deb-65519e743757,"Description of Operations must read: Quality Tech, LP, and its officers, directors, employees, parents, subsidiaries, affiliates, and related companies, successors, and permitted assigns",,matchOnce,must be present,,,non_compliant,Standard 8,,,true,0,,2026-08-16
QTS Data Centers,6a15b733bd30da3db41030f1,69f0f3c5beb6279e947be0f8,"Layton Construction Company, LLC",69f10c28beb6279e947be4f3,"PHX3DC14 - QTS Glendale I DC14, LLC",evidenceOfInsurance,Evidence of Insurance,6ac20aae-5728-5d57-b364-aeba38527dba,Additional Requirements,03d7ddc3-a527-5f18-bdf6-355eb23cd9de,30-Day Notice of Cancellation must be present,,matchOnce,must be present,,,non_compliant,Standard 8,,,true,0,,2026-08-16
QTS Data Centers,6a15b733bd30da3db41030f1,69f0f3c5beb6279e947be0f8,"Layton Construction Company, LLC",69f10c28beb6279e947be4f3,"PHX3DC14 - QTS Glendale I DC14, LLC",evidenceOfInsurance,Evidence of Insurance,6ac20aae-5728-5d57-b364-aeba38527dba,Additional Requirements,8d7b12d5-c6dc-5efe-8cbd-acd9adedde5b,"Description of Operations must read: PHX3-DC14, located at 17336 W. Camelback Road, Litchfield Park, AZ 85340",,matchOnce,must be present,,,non_compliant,Standard 8,,,true,0,,2026-08-16
QTS Data Centers,6a15b733bd30da3db41030f1,69f0f3c5beb6279e947be0f8,"Layton Construction Company, LLC",69f10c28beb6279e947be4f3,"PHX3DC14 - QTS Glendale I DC14, LLC",evidenceOfInsurance,Evidence of Insurance,6ac20aae-5728-5d57-b364-aeba38527dba,Additional Requirements,24a2347c-ab39-5dea-a6af-ad750440dde1,"Description of Operations must read: Commercial General Liability shall not include the following endorsements/exclusions or equivalent:

1. CG 2149 or CG 2155 o CG 2198 (Absolute Pollution Exclusion)
2. CG 2294 or CG 2295 (Damage to Work Performed by Contractors Exclusion)
3. CG 2139 (Contractual Limitation Endorsement)
4. CG 2196 (Silica or Silica Dust Exclusion), unless otherwise covered under an applicable pollution policy.
5. CG 2142 (Explosion, Collapse or Underground Exclusion)",,matchOnce,must be present,,,non_compliant,Standard 8,,,true,0,,2026-08-16
QTS Data Centers,6a15b733bd30da3db41030f1,69f0f3c5beb6279e947be0f8,"Layton Construction Company, LLC",69f10c28beb6279e947be4f3,"PHX3DC14 - QTS Glendale I DC14, LLC",evidenceOfInsurance,Evidence of Insurance,6ac20aae-5728-5d57-b364-aeba38527dba,Additional Requirements,71685e25-c6d0-5692-aaaf-30f59a2f9a83,"Description of Operations must read: Workers Compensation shall include ""all states"" coverage",,matchOnce,must be present,,,non_compliant,Standard 8,,,true,0,,2026-08-16
QTS Data Centers,6a15b733bd30da3db41030cd,69f0f3c4beb6279e947be0df,Evans General Contractors LLC,69f10c28beb6279e947be4e5,"CLT1DC2 - QTS York I, LLC",evidenceOfInsurance,Evidence of Insurance,commercialGeneralLiability,Commercial General Liability,evidenceOfInsuranceCommercialGeneralLiabilityAMBestRating,AM Best Rating,,matchOnce,must be greater or equal to,140,,non_compliant,Standard 10 - UMB 50M,,,false,0,,2026-08-16
QTS Data Centers,6a15b733bd30da3db41030cd,69f0f3c4beb6279e947be0df,Evans General Contractors LLC,69f10c28beb6279e947be4e5,"CLT1DC2 - QTS York I, LLC",evidenceOfInsurance,Evidence of Insurance,commercialGeneralLiability,Commercial General Liability,evidenceOfInsuranceCommercialGeneralLiabilityAMBestFinancialStrength,AM Best Financial Strength,,matchOnce,must be greater or equal to,100,,non_compliant,Standard 10 - UMB 50M,,,false,0,,2026-08-16
QTS Data Centers,6a15b733bd30da3db41030cd,69f0f3c4beb6279e947be0df,Evans General Contractors LLC,69f10c28beb6279e947be4e5,"CLT1DC2 - QTS York I, LLC",evidenceOfInsurance,Evidence of Insurance,commercialGeneralLiability,Commercial General Liability,evidenceOfInsuranceCommercialGeneralLiabilityCoverageTriggerOccurrence,Coverage Trigger: Occurrence,,matchOnce,must be present,,,non_compliant,Standard 10 - UMB 50M,,,false,0,,2026-08-16
QTS Data Centers,6a15b733bd30da3db41030cd,69f0f3c4beb6279e947be0df,Evans General Contractors LLC,69f10c28beb6279e947be4e5,"CLT1DC2 - QTS York I, LLC",evidenceOfInsurance,Evidence of Insurance,commercialGeneralLiability,Commercial General Liability,evidenceOfInsuranceCommercialGeneralLiabilityGeneralAggregateLimitAppliesPerProject,General Aggregate Limit Applies per: Project,,matchOnce,must be present,,,non_compliant,Standard 10 - UMB 50M,,,false,0,,2026-08-16
QTS Data Centers,6a15b733bd30da3db41030cd,69f0f3c4beb6279e947be0df,Evans General Contractors LLC,69f10c28beb6279e947be4e5,"CLT1DC2 - QTS York I, LLC",evidenceOfInsurance,Evidence of Insurance,commercialGeneralLiability,Commercial General Liability,evidenceOfInsuranceCommercialGeneralLiabilityEachOccurrence,Each Occurrence,,matchOnce,must be greater or equal to,2000000,,non_compliant,Standard 10 - UMB 50M,,,false,0,,2026-08-16
QTS Data Centers,6a15b733bd30da3db41030cd,69f0f3c4beb6279e947be0df,Evans General Contractors LLC,69f10c28beb6279e947be4e5,"CLT1DC2 - QTS York I, LLC",evidenceOfInsurance,Evidence of Insurance,commercialGeneralLiability,Commercial General Liability,evidenceOfInsuranceCommercialGeneralLiabilityGeneralAggregate,General Aggregate,,matchOnce,must be greater or equal to,5000000,,non_compliant,Standard 10 - UMB 50M,,,false,0,,2026-08-16
QTS Data Centers,6a15b733bd30da3db41030cd,69f0f3c4beb6279e947be0df,Evans General Contractors LLC,69f10c28beb6279e947be4e5,"CLT1DC2 - QTS York I, LLC",evidenceOfInsurance,Evidence of Insurance,commercialGeneralLiability,Commercial General Liability,evidenceOfInsuranceCommercialGeneralLiabilityProducsCompletedOperationsAggregate,Products/Completed Operations Aggregate,,matchOnce,must be greater or equal to,5000000,,non_compliant,Standard 10 - UMB 50M,,,false,0,,2026-08-16
QTS Data Centers,6a15b733bd30da3db41030cd,69f0f3c4beb6279e947be0df,Evans General Contractors LLC,69f10c28beb6279e947be4e5,"CLT1DC2 - QTS York I, LLC",evidenceOfInsurance,Evidence of Insurance,commercialGeneralLiability,Commercial General Liability,evidenceOfInsuranceCommercialGeneralLiabilityAdditionalInsuredEndorsementOngoingOps,Additional Insured - Ongoing Operations,"---prompt---
Verify that additional insured coverage specifically includes ongoing operations. Look in the Description of Operations section for language like ""additional insured for ongoing operations"", ""CG 20 10"", ""CG 20 37"", or ""operations performed by or on behalf of the named insured"". The coverage should explicitly reference ongoing work, not just completed operations.",matchOnce,must be present,,,non_compliant,Standard 10 - UMB 50M,,,false,0,,2026-08-16
QTS Data Centers,6a15b733bd30da3db41030cd,69f0f3c4beb6279e947be0df,Evans General Contractors LLC,69f10c28beb6279e947be4e5,"CLT1DC2 - QTS York I, LLC",evidenceOfInsurance,Evidence of Insurance,commercialGeneralLiability,Commercial General Liability,evidenceOfInsuranceCommercialGeneralLiabilityAdditionalInsuredEndorsementCompletedOps,Additional Insured - Completed Operations,"---prompt---
Verify that additional insured coverage specifically includes completed operations. Look in the Description of Operations section for language like ""additional insured for completed operations"", ""CG 20 37"", ""products-completed operations"", or similar. This coverage protects the certificate holder for claims arising after work is finished.",matchOnce,must be present,,,non_compliant,Standard 10 - UMB 50M,,,false,0,,2026-08-16
QTS Data Centers,6a15b733bd30da3db41030cd,69f0f3c4beb6279e947be0df,Evans General Contractors LLC,69f10c28beb6279e947be4e5,"CLT1DC2 - QTS York I, LLC",evidenceOfInsurance,Evidence of Insurance,commercialGeneralLiability,Commercial General Liability,evidenceOfInsuranceCommercialGeneralLiabilityWaiverOfSubrogationEndorsement,Waiver of Subrogation,"---prompt---
Determine if the insurer has waived their right of subrogation in favor of the certificate holder under the Commercial General Liability policy. Evidence may include: a checked ""Waiver of Subrogation"" box on the certificate, mention in the Description of Operations section stating ""waiver of subrogation applies"", or reference to form CG 24 04. Look for language like ""subrogation is waived"" or ""per written contract"".",matchOnce,must be present,,,non_compliant,Standard 10 - UMB 50M,,,false,0,,2026-08-16
QTS Data Centers,6a15b733bd30da3db41030cd,69f0f3c4beb6279e947be0df,Evans General Contractors LLC,69f10c28beb6279e947be4e5,"CLT1DC2 - QTS York I, LLC",evidenceOfInsurance,Evidence of Insurance,commercialGeneralLiability,Commercial General Liability,evidenceOfInsuranceCommercialGeneralLiabilityPrimaryAndNonContributoryEndorsement,Primary and Non-Contributory,"---prompt---
Determine if the Commercial General Liability policy provides primary and non-contributory coverage for the certificate holder. Evidence may include: a checked ""Primary"" box on the certificate, mention in the Description of Operations section stating ""primary and non-contributory"", or reference to endorsement CG 20 01. Look for language indicating this policy will pay first before other applicable insurance and will not seek contribution.",matchOnce,must be present,,,non_compliant,Standard 10 - UMB 50M,,,false,0,,2026-08-16
QTS Data Centers,6a15b733bd30da3db41030cd,69f0f3c4beb6279e947be0df,Evans General Contractors LLC,69f10c28beb6279e947be4e5,"CLT1DC2 - QTS York I, LLC",evidenceOfInsurance,Evidence of Insurance,commercialGeneralLiability,Commercial General Liability,9c28ed56-e307-5cf9-88e9-0ada1f283104,Physical 30 Days Notice of Cancellation - 10 Days Notice for Non Payment Endorsement must be present,,matchOnce,must be present,,,non_compliant,Standard 10 - UMB 50M,,,true,0,,2026-08-16
QTS Data Centers,6a15b733bd30da3db41030cd,69f0f3c4beb6279e947be0df,Evans General Contractors LLC,69f10c28beb6279e947be4e5,"CLT1DC2 - QTS York I, LLC",evidenceOfInsurance,Evidence of Insurance,automobileLiability,Automobile Liability,evidenceOfInsuranceAutomobileLiabilityCombinedSingleLimitEachAccident,Combined Single Limit (each accident),,matchOnce,must be greater or equal to,1000000,,non_compliant,Standard 10 - UMB 50M,,,false,0,,2026-08-16
QTS Data Centers,6a15b733bd30da3db41030cd,69f0f3c4beb6279e947be0df,Evans General Contractors LLC,69f10c28beb6279e947be4e5,"CLT1DC2 - QTS York I, LLC",evidenceOfInsurance,Evidence of Insurance,automobileLiability,Automobile Liability,evidenceOfInsuranceAutomobileLiabilityCoverageAppliesToOwnedAutosOnly,Coverage Applies To: Owned Autos Only,,matchOnce,must be present,,,non_compliant,Standard 10 - UMB 50M,,,false,0,,2026-08-16
QTS Data Centers,6a15b733bd30da3db41030cd,69f0f3c4beb6279e947be0df,Evans General Contractors LLC,69f10c28beb6279e947be4e5,"CLT1DC2 - QTS York I, LLC",evidenceOfInsurance,Evidence of Insurance,automobileLiability,Automobile Liability,evidenceOfInsuranceAutomobileLiabilityCoverageAppliesToNonOwnedAutosOnly,Coverage Applies To: Non-Owned Autos Only,,matchOnce,must be present,,,non_compliant,Standard 10 - UMB 50M,,,false,0,,2026-08-16
QTS Data Centers,6a15b733bd30da3db41030cd,69f0f3c4beb6279e947be0df,Evans General Contractors LLC,69f10c28beb6279e947be4e5,"CLT1DC2 - QTS York I, LLC",evidenceOfInsurance,Evidence of Insurance,automobileLiability,Automobile Liability,evidenceOfInsuranceAutomobileLiabilityCoverageAppliesToHiredAutosOnly,Coverage Applies To: Hired Autos Only,,matchOnce,must be present,,,non_compliant,Standard 10 - UMB 50M,,,false,0,,2026-08-16
QTS Data Centers,6a15b733bd30da3db41030cd,69f0f3c4beb6279e947be0df,Evans General Contractors LLC,69f10c28beb6279e947be4e5,"CLT1DC2 - QTS York I, LLC",evidenceOfInsurance,Evidence of Insurance,automobileLiability,Automobile Liability,evidenceOfInsuranceAutomobileLiabilityAdditionalInsuredEndorsement,Additional Insured,"---prompt---
Determine if the certificate holder is covered as an additional insured under the Automobile Liability policy. Evidence may include: a checked ""Additional Insured"" box on the certificate for the auto section, mention in the Description of Operations section, or reference to blanket additional insured coverage. Look for form number CA 20 48 or language like ""certificate holder is additional insured"" or ""per written contract"".",matchOnce,must be present,,,non_compliant,Standard 10 - UMB 50M,,,false,0,,2026-08-16
QTS Data Centers,6a15b733bd30da3db41030cd,69f0f3c4beb6279e947be0df,Evans General Contractors LLC,69f10c28beb6279e947be4e5,"CLT1DC2 - QTS York I, LLC",evidenceOfInsurance,Evidence of Insurance,automobileLiability,Automobile Liability,evidenceOfInsuranceAutomobileLiabilityWaiverOfSubrogationEndorsement,Waiver of Subrogation,"---prompt---
Determine if the insurer has waived their right of subrogation in favor of the certificate holder under the Automobile Liability policy. Evidence may include: a checked ""Waiver of Subrogation"" box on the certificate, mention in the Description of Operations section stating ""waiver of subrogation applies"", or reference to form CA 04 44. Look for language like ""subrogation is waived"" or ""per written contract"".",matchOnce,must be present,,,non_compliant,Standard 10 - UMB 50M,,,false,0,,2026-08-16
QTS Data Centers,6a15b733bd30da3db41030cd,69f0f3c4beb6279e947be0df,Evans General Contractors LLC,69f10c28beb6279e947be4e5,"CLT1DC2 - QTS York I, LLC",evidenceOfInsurance,Evidence of Insurance,automobileLiability,Automobile Liability,evidenceOfInsuranceAutomobileLiabilityPrimaryAndNonContributoryEndorsement,Primary and Non-Contributory,"---prompt---
Determine if the Automobile Liability policy provides primary and non-contributory coverage for the certificate holder. Evidence may include: a checked ""Primary"" box on the certificate, mention in the Description of Operations section stating ""primary and non-contributory"". Look for language indicating this policy will pay first before other applicable insurance and will not seek contribution.",matchOnce,must be present,,,non_compliant,Standard 10 - UMB 50M,,,false,0,,2026-08-16
QTS Data Centers,6a15b733bd30da3db41030cd,69f0f3c4beb6279e947be0df,Evans General Contractors LLC,69f10c28beb6279e947be4e5,"CLT1DC2 - QTS York I, LLC",evidenceOfInsurance,Evidence of Insurance,automobileLiability,Automobile Liability,0e6f6daa-effc-5c25-af03-4f7e657ae801,Physical MCS-90 Endorsement must be present,,matchOnce,must be present,,,non_compliant,Standard 10 - UMB 50M,,,true,0,,2026-08-16
QTS Data Centers,6a15b733bd30da3db41030cd,69f0f3c4beb6279e947be0df,Evans General Contractors LLC,69f10c28beb6279e947be4e5,"CLT1DC2 - QTS York I, LLC",evidenceOfInsurance,Evidence of Insurance,excessOrUmbrellaLiability,Umbrella/Excess Liability,evidenceOfInsuranceExcessOrUmbrellaLiabilityOccurence,Coverage Trigger: Occurrence,,matchOnce,must be present,,,non_compliant,Standard 10 - UMB 50M,,,false,0,,2026-08-16
QTS Data Centers,6a15b733bd30da3db41030cd,69f0f3c4beb6279e947be0df,Evans General Contractors LLC,69f10c28beb6279e947be4e5,"CLT1DC2 - QTS York I, LLC",evidenceOfInsurance,Evidence of Insurance,excessOrUmbrellaLiability,Umbrella/Excess Liability,evidenceOfInsuranceExcessOrUmbrellaLiabilityEachOccurrence,Each Occurrence,,matchOnce,must be greater or equal to,50000000,,non_compliant,Standard 10 - UMB 50M,,,false,0,,2026-08-16
QTS Data Centers,6a15b733bd30da3db41030cd,69f0f3c4beb6279e947be0df,Evans General Contractors LLC,69f10c28beb6279e947be4e5,"CLT1DC2 - QTS York I, LLC",evidenceOfInsurance,Evidence of Insurance,excessOrUmbrellaLiability,Umbrella/Excess Liability,evidenceOfInsuranceExcessOrUmbrellaLiabilityAdditionalInsuredEndorsement,Additional Insured,"---prompt---
Determine if the certificate holder is covered as an additional insured under the Umbrella/Excess Liability policy. Evidence may include: a checked ""Additional Insured"" box on the certificate for the umbrella section, mention in the Description of Operations section, reference to ""follow form"" status (which would extend underlying additional insured status), or explicit language naming the certificate holder as additional insured on the umbrella.",matchOnce,must be present,,,non_compliant,Standard 10 - UMB 50M,,,false,0,,2026-08-16
QTS Data Centers,6a15b733bd30da3db41030cd,69f0f3c4beb6279e947be0df,Evans General Contractors LLC,69f10c28beb6279e947be4e5,"CLT1DC2 - QTS York I, LLC",evidenceOfInsurance,Evidence of Insurance,excessOrUmbrellaLiability,Umbrella/Excess Liability,evidenceOfInsuranceExcessOrUmbrellaLiabilityWaiverOfSubrogationEndorsement,Waiver of Subrogation,"---prompt---
Determine if the insurer has waived their right of subrogation in favor of the certificate holder under the Umbrella/Excess Liability policy. Evidence may include: a checked ""Waiver of Subrogation"" box on the certificate, mention in the Description of Operations section stating ""waiver of subrogation applies"", or reference to ""follow form"" status (which would extend underlying waiver). Look for language like ""subrogation is waived"" or ""per written contract"".",matchOnce,must be present,,,non_compliant,Standard 10 - UMB 50M,,,false,0,,2026-08-16
QTS Data Centers,6a15b733bd30da3db41030cd,69f0f3c4beb6279e947be0df,Evans General Contractors LLC,69f10c28beb6279e947be4e5,"CLT1DC2 - QTS York I, LLC",evidenceOfInsurance,Evidence of Insurance,excessOrUmbrellaLiability,Umbrella/Excess Liability,evidenceOfInsuranceExcessOrUmbrellaLiabilityPrimaryAndNonContributoryEndorsement,Primary and Non-Contributory,"---prompt---
Determine if the Umbrella/Excess Liability policy provides primary and non-contributory coverage for the certificate holder. Evidence may include: a checked ""Primary"" box on the certificate, mention in the Description of Operations section stating ""primary and non-contributory"", or reference to ""follow form"" status (which would extend underlying primary status). Look for language indicating this policy will pay first before other applicable insurance and will not seek contribution.",matchOnce,must be present,,,non_compliant,Standard 10 - UMB 50M,,,false,0,,2026-08-16
QTS Data Centers,6a15b733bd30da3db41030cd,69f0f3c4beb6279e947be0df,Evans General Contractors LLC,69f10c28beb6279e947be4e5,"CLT1DC2 - QTS York I, LLC",evidenceOfInsurance,Evidence of Insurance,workersCompensation,Workers' Compensation and Employer's Liability,evidenceOfInsuranceWorkersCompensationStatutoryLimits,Statutory Limits,,matchOnce,must be present,,,non_compliant,Standard 10 - UMB 50M,,,false,0,,2026-08-16
QTS Data Centers,6a15b733bd30da3db41030cd,69f0f3c4beb6279e947be0df,Evans General Contractors LLC,69f10c28beb6279e947be4e5,"CLT1DC2 - QTS York I, LLC",evidenceOfInsurance,Evidence of Insurance,workersCompensation,Workers' Compensation and Employer's Liability,evidenceOfInsuranceWorkersCompensationEmployersLiabilityDiseaseEachEmployee,Employer's Liability Disease - each employee,,matchOnce,must be greater or equal to,500000,,non_compliant,Standard 10 - UMB 50M,,,false,0,,2026-08-16
QTS Data Centers,6a15b733bd30da3db41030cd,69f0f3c4beb6279e947be0df,Evans General Contractors LLC,69f10c28beb6279e947be4e5,"CLT1DC2 - QTS York I, LLC",evidenceOfInsurance,Evidence of Insurance,workersCompensation,Workers' Compensation and Employer's Liability,evidenceOfInsuranceWorkersCompensationEmployersLiabilityDiseasePolicyLimit,Employer's Liability Disease - policy limit,,matchOnce,must be greater or equal to,500000,,non_compliant,Standard 10 - UMB 50M,,,false,0,,2026-08-16
QTS Data Centers,6a15b733bd30da3db41030cd,69f0f3c4beb6279e947be0df,Evans General Contractors LLC,69f10c28beb6279e947be4e5,"CLT1DC2 - QTS York I, LLC",evidenceOfInsurance,Evidence of Insurance,workersCompensation,Workers' Compensation and Employer's Liability,evidenceOfInsuranceWorkersCompensationEmployersLiabilityEachAccident,Employer's Liability Each Accident,,matchOnce,must be greater or equal to,500000,,non_compliant,Standard 10 - UMB 50M,,,false,0,,2026-08-16
QTS Data Centers,6a15b733bd30da3db41030cd,69f0f3c4beb6279e947be0df,Evans General Contractors LLC,69f10c28beb6279e947be4e5,"CLT1DC2 - QTS York I, LLC",evidenceOfInsurance,Evidence of Insurance,workersCompensation,Workers' Compensation and Employer's Liability,evidenceOfInsuranceWorkersCompensationWaiverOfSubrogationEndorsement,Waiver of Subrogation,"---prompt---
Determine if the insurer has waived their right of subrogation in favor of the certificate holder under the Workers' Compensation policy. Evidence may include: a checked ""Waiver of Subrogation"" box on the certificate, mention in the Description of Operations section stating ""waiver of subrogation applies"", or reference to form WC 00 03 13. Look for language like ""subrogation is waived"" or ""per written contract"".",matchOnce,must be present,,,non_compliant,Standard 10 - UMB 50M,,,false,0,,2026-08-16
QTS Data Centers,6a15b733bd30da3db41030cd,69f0f3c4beb6279e947be0df,Evans General Contractors LLC,69f10c28beb6279e947be4e5,"CLT1DC2 - QTS York I, LLC",evidenceOfInsurance,Evidence of Insurance,professional,Professional Liability,evidenceOfInsuranceProfessionalLimitsEachClaim,Each Claim,,matchOnce,must be greater or equal to,2000000,,non_compliant,Standard 10 - UMB 50M,,,false,0,,2026-08-16
QTS Data Centers,6a15b733bd30da3db41030cd,69f0f3c4beb6279e947be0df,Evans General Contractors LLC,69f10c28beb6279e947be4e5,"CLT1DC2 - QTS York I, LLC",evidenceOfInsurance,Evidence of Insurance,professional,Professional Liability,d672162b-0115-567e-ac40-48cb8d46cdc0,"Professional Liability Coverage Deductible must be less than or equal to $100,000",,matchOnce,must be present,,,non_compliant,Standard 10 - UMB 50M,,,true,0,,2026-08-16
QTS Data Centers,6a15b733bd30da3db41030cd,69f0f3c4beb6279e947be0df,Evans General Contractors LLC,69f10c28beb6279e947be4e5,"CLT1DC2 - QTS York I, LLC",evidenceOfInsurance,Evidence of Insurance,6ac20aae-5728-5d57-b364-aeba38527dba,Additional Requirements,655cb50e-155d-5f8c-af5e-e7386263aa58,"Certificate Holder must read as: ""Quality Technology Services, LLC, 
Attention: Procurement Department
300 Satellite Blvd NW, Suwanee, GA 30024.""",,matchOnce,must be present,,,non_compliant,Standard 10 - UMB 50M,,,true,0,,2026-08-16
QTS Data Centers,6a15b733bd30da3db41030cd,69f0f3c4beb6279e947be0df,Evans General Contractors LLC,69f10c28beb6279e947be4e5,"CLT1DC2 - QTS York I, LLC",evidenceOfInsurance,Evidence of Insurance,6ac20aae-5728-5d57-b364-aeba38527dba,Additional Requirements,25da7a11-b805-5d7d-8deb-65519e743757,"Description of Operations must read: Quality Tech, LP, and its officers, directors, employees, parents, subsidiaries, affiliates, and related companies, successors, and permitted assigns",,matchOnce,must be present,,,non_compliant,Standard 10 - UMB 50M,,,true,0,,2026-08-16
QTS Data Centers,6a15b733bd30da3db41030cd,69f0f3c4beb6279e947be0df,Evans General Contractors LLC,69f10c28beb6279e947be4e5,"CLT1DC2 - QTS York I, LLC",evidenceOfInsurance,Evidence of Insurance,6ac20aae-5728-5d57-b364-aeba38527dba,Additional Requirements,03d7ddc3-a527-5f18-bdf6-355eb23cd9de,30-Day Notice of Cancellation must be present,,matchOnce,must be present,,,non_compliant,Standard 10 - UMB 50M,,,true,0,,2026-08-16
QTS Data Centers,6a15b733bd30da3db41030cd,69f0f3c4beb6279e947be0df,Evans General Contractors LLC,69f10c28beb6279e947be4e5,"CLT1DC2 - QTS York I, LLC",evidenceOfInsurance,Evidence of Insurance,6ac20aae-5728-5d57-b364-aeba38527dba,Additional Requirements,8d7b12d5-c6dc-5efe-8cbd-acd9adedde5b,"Description of Operations must read: CLT1DC2, located at 2143 Hands Mill Hwy York, SC 29745",,matchOnce,must be present,,,non_compliant,Standard 10 - UMB 50M,,,true,0,,2026-08-16
QTS Data Centers,6a15b733bd30da3db41030cd,69f0f3c4beb6279e947be0df,Evans General Contractors LLC,69f10c28beb6279e947be4e5,"CLT1DC2 - QTS York I, LLC",evidenceOfInsurance,Evidence of Insurance,6ac20aae-5728-5d57-b364-aeba38527dba,Additional Requirements,cb1f16de-3a25-5909-ae3c-7feb6bab04f2,"Description of Operations must read: Commercial General Liability shall not include the following endorsements/exclusions or equivalent:

1. CG 2149 or CG 2155 o CG 2198 (Absolute Pollution Exclusion)
2. CG 2294 or CG 2295 (Damage to Work Performed by Contractors Exclusion)
3. CG 2139 (Contractual Limitation Endorsement)
4. CG 2142 (Explosion, Collapse or Underground Exclusion)",,matchOnce,must be present,,,non_compliant,Standard 10 - UMB 50M,,,true,0,,2026-08-16
QTS Data Centers,6a15b733bd30da3db41030cd,69f0f3c4beb6279e947be0df,Evans General Contractors LLC,69f10c28beb6279e947be4e5,"CLT1DC2 - QTS York I, LLC",evidenceOfInsurance,Evidence of Insurance,6ac20aae-5728-5d57-b364-aeba38527dba,Additional Requirements,71685e25-c6d0-5692-aaaf-30f59a2f9a83,"Description of Operations must read: Workers Compensation shall include ""all states"" coverage",,matchOnce,must be present,,,non_compliant,Standard 10 - UMB 50M,,,true,0,,2026-08-16
QTS Data Centers,6a15b733bd30da3db41030cf,69f0f3c4beb6279e947be0df,Evans General Contractors LLC,69f10c28beb6279e947be4e4,"DEN1DC2 - QTS Aurora I DC2, LLC",evidenceOfInsurance,Evidence of Insurance,commercialGeneralLiability,Commercial General Liability,evidenceOfInsuranceCommercialGeneralLiabilityAMBestRating,AM Best Rating,,matchOnce,must be greater or equal to,140,,non_compliant,Standard 10 - UMB 50M,,,false,0,,2026-08-16
QTS Data Centers,6a15b733bd30da3db41030cf,69f0f3c4beb6279e947be0df,Evans General Contractors LLC,69f10c28beb6279e947be4e4,"DEN1DC2 - QTS Aurora I DC2, LLC",evidenceOfInsurance,Evidence of Insurance,commercialGeneralLiability,Commercial General Liability,evidenceOfInsuranceCommercialGeneralLiabilityAMBestFinancialStrength,AM Best Financial Strength,,matchOnce,must be greater or equal to,100,,non_compliant,Standard 10 - UMB 50M,,,false,0,,2026-08-16
QTS Data Centers,6a15b733bd30da3db41030cf,69f0f3c4beb6279e947be0df,Evans General Contractors LLC,69f10c28beb6279e947be4e4,"DEN1DC2 - QTS Aurora I DC2, LLC",evidenceOfInsurance,Evidence of Insurance,commercialGeneralLiability,Commercial General Liability,evidenceOfInsuranceCommercialGeneralLiabilityCoverageTriggerOccurrence,Coverage Trigger: Occurrence,,matchOnce,must be present,,,non_compliant,Standard 10 - UMB 50M,,,false,0,,2026-08-16
QTS Data Centers,6a15b733bd30da3db41030cf,69f0f3c4beb6279e947be0df,Evans General Contractors LLC,69f10c28beb6279e947be4e4,"DEN1DC2 - QTS Aurora I DC2, LLC",evidenceOfInsurance,Evidence of Insurance,commercialGeneralLiability,Commercial General Liability,evidenceOfInsuranceCommercialGeneralLiabilityGeneralAggregateLimitAppliesPerProject,General Aggregate Limit Applies per: Project,,matchOnce,must be present,,,non_compliant,Standard 10 - UMB 50M,,,false,0,,2026-08-16
QTS Data Centers,6a15b733bd30da3db41030cf,69f0f3c4beb6279e947be0df,Evans General Contractors LLC,69f10c28beb6279e947be4e4,"DEN1DC2 - QTS Aurora I DC2, LLC",evidenceOfInsurance,Evidence of Insurance,commercialGeneralLiability,Commercial General Liability,evidenceOfInsuranceCommercialGeneralLiabilityEachOccurrence,Each Occurrence,,matchOnce,must be greater or equal to,2000000,,non_compliant,Standard 10 - UMB 50M,,,false,0,,2026-08-16
QTS Data Centers,6a15b733bd30da3db41030cf,69f0f3c4beb6279e947be0df,Evans General Contractors LLC,69f10c28beb6279e947be4e4,"DEN1DC2 - QTS Aurora I DC2, LLC",evidenceOfInsurance,Evidence of Insurance,commercialGeneralLiability,Commercial General Liability,evidenceOfInsuranceCommercialGeneralLiabilityGeneralAggregate,General Aggregate,,matchOnce,must be greater or equal to,5000000,,non_compliant,Standard 10 - UMB 50M,,,false,0,,2026-08-16
QTS Data Centers,6a15b733bd30da3db41030cf,69f0f3c4beb6279e947be0df,Evans General Contractors LLC,69f10c28beb6279e947be4e4,"DEN1DC2 - QTS Aurora I DC2, LLC",evidenceOfInsurance,Evidence of Insurance,commercialGeneralLiability,Commercial General Liability,evidenceOfInsuranceCommercialGeneralLiabilityProducsCompletedOperationsAggregate,Products/Completed Operations Aggregate,,matchOnce,must be greater or equal to,5000000,,non_compliant,Standard 10 - UMB 50M,,,false,0,,2026-08-16
QTS Data Centers,6a15b733bd30da3db41030cf,69f0f3c4beb6279e947be0df,Evans General Contractors LLC,69f10c28beb6279e947be4e4,"DEN1DC2 - QTS Aurora I DC2, LLC",evidenceOfInsurance,Evidence of Insurance,commercialGeneralLiability,Commercial General Liability,evidenceOfInsuranceCommercialGeneralLiabilityAdditionalInsuredEndorsementOngoingOps,Additional Insured - Ongoing Operations,"---prompt---
Verify that additional insured coverage specifically includes ongoing operations. Look in the Description of Operations section for language like ""additional insured for ongoing operations"", ""CG 20 10"", ""CG 20 37"", or ""operations performed by or on behalf of the named insured"". The coverage should explicitly reference ongoing work, not just completed operations.",matchOnce,must be present,,,non_compliant,Standard 10 - UMB 50M,,,false,0,,2026-08-16
QTS Data Centers,6a15b733bd30da3db41030cf,69f0f3c4beb6279e947be0df,Evans General Contractors LLC,69f10c28beb6279e947be4e4,"DEN1DC2 - QTS Aurora I DC2, LLC",evidenceOfInsurance,Evidence of Insurance,commercialGeneralLiability,Commercial General Liability,evidenceOfInsuranceCommercialGeneralLiabilityAdditionalInsuredEndorsementCompletedOps,Additional Insured - Completed Operations,"---prompt---
Verify that additional insured coverage specifically includes completed operations. Look in the Description of Operations section for language like ""additional insured for completed operations"", ""CG 20 37"", ""products-completed operations"", or similar. This coverage protects the certificate holder for claims arising after work is finished.",matchOnce,must be present,,,non_compliant,Standard 10 - UMB 50M,,,false,0,,2026-08-16
QTS Data Centers,6a15b733bd30da3db41030cf,69f0f3c4beb6279e947be0df,Evans General Contractors LLC,69f10c28beb6279e947be4e4,"DEN1DC2 - QTS Aurora I DC2, LLC",evidenceOfInsurance,Evidence of Insurance,commercialGeneralLiability,Commercial General Liability,evidenceOfInsuranceCommercialGeneralLiabilityWaiverOfSubrogationEndorsement,Waiver of Subrogation,"---prompt---
Determine if the insurer has waived their right of subrogation in favor of the certificate holder under the Commercial General Liability policy. Evidence may include: a checked ""Waiver of Subrogation"" box on the certificate, mention in the Description of Operations section stating ""waiver of subrogation applies"", or reference to form CG 24 04. Look for language like ""subrogation is waived"" or ""per written contract"".",matchOnce,must be present,,,non_compliant,Standard 10 - UMB 50M,,,false,0,,2026-08-16
QTS Data Centers,6a15b733bd30da3db41030cf,69f0f3c4beb6279e947be0df,Evans General Contractors LLC,69f10c28beb6279e947be4e4,"DEN1DC2 - QTS Aurora I DC2, LLC",evidenceOfInsurance,Evidence of Insurance,commercialGeneralLiability,Commercial General Liability,evidenceOfInsuranceCommercialGeneralLiabilityPrimaryAndNonContributoryEndorsement,Primary and Non-Contributory,"---prompt---
Determine if the Commercial General Liability policy provides primary and non-contributory coverage for the certificate holder. Evidence may include: a checked ""Primary"" box on the certificate, mention in the Description of Operations section stating ""primary and non-contributory"", or reference to endorsement CG 20 01. Look for language indicating this policy will pay first before other applicable insurance and will not seek contribution.",matchOnce,must be present,,,non_compliant,Standard 10 - UMB 50M,,,false,0,,2026-08-16
QTS Data Centers,6a15b733bd30da3db41030cf,69f0f3c4beb6279e947be0df,Evans General Contractors LLC,69f10c28beb6279e947be4e4,"DEN1DC2 - QTS Aurora I DC2, LLC",evidenceOfInsurance,Evidence of Insurance,commercialGeneralLiability,Commercial General Liability,9c28ed56-e307-5cf9-88e9-0ada1f283104,Physical 30 Days Notice of Cancellation - 10 Days Notice for Non Payment Endorsement must be present,,matchOnce,must be present,,,non_compliant,Standard 10 - UMB 50M,,,true,0,,2026-08-16
QTS Data Centers,6a15b733bd30da3db41030cf,69f0f3c4beb6279e947be0df,Evans General Contractors LLC,69f10c28beb6279e947be4e4,"DEN1DC2 - QTS Aurora I DC2, LLC",evidenceOfInsurance,Evidence of Insurance,automobileLiability,Automobile Liability,evidenceOfInsuranceAutomobileLiabilityCombinedSingleLimitEachAccident,Combined Single Limit (each accident),,matchOnce,must be greater or equal to,1000000,,non_compliant,Standard 10 - UMB 50M,,,false,0,,2026-08-16
QTS Data Centers,6a15b733bd30da3db41030cf,69f0f3c4beb6279e947be0df,Evans General Contractors LLC,69f10c28beb6279e947be4e4,"DEN1DC2 - QTS Aurora I DC2, LLC",evidenceOfInsurance,Evidence of Insurance,automobileLiability,Automobile Liability,evidenceOfInsuranceAutomobileLiabilityCoverageAppliesToOwnedAutosOnly,Coverage Applies To: Owned Autos Only,,matchOnce,must be present,,,non_compliant,Standard 10 - UMB 50M,,,false,0,,2026-08-16
QTS Data Centers,6a15b733bd30da3db41030cf,69f0f3c4beb6279e947be0df,Evans General Contractors LLC,69f10c28beb6279e947be4e4,"DEN1DC2 - QTS Aurora I DC2, LLC",evidenceOfInsurance,Evidence of Insurance,automobileLiability,Automobile Liability,evidenceOfInsuranceAutomobileLiabilityCoverageAppliesToNonOwnedAutosOnly,Coverage Applies To: Non-Owned Autos Only,,matchOnce,must be present,,,non_compliant,Standard 10 - UMB 50M,,,false,0,,2026-08-16
QTS Data Centers,6a15b733bd30da3db41030cf,69f0f3c4beb6279e947be0df,Evans General Contractors LLC,69f10c28beb6279e947be4e4,"DEN1DC2 - QTS Aurora I DC2, LLC",evidenceOfInsurance,Evidence of Insurance,automobileLiability,Automobile Liability,evidenceOfInsuranceAutomobileLiabilityCoverageAppliesToHiredAutosOnly,Coverage Applies To: Hired Autos Only,,matchOnce,must be present,,,non_compliant,Standard 10 - UMB 50M,,,false,0,,2026-08-16
QTS Data Centers,6a15b733bd30da3db41030cf,69f0f3c4beb6279e947be0df,Evans General Contractors LLC,69f10c28beb6279e947be4e4,"DEN1DC2 - QTS Aurora I DC2, LLC",evidenceOfInsurance,Evidence of Insurance,automobileLiability,Automobile Liability,evidenceOfInsuranceAutomobileLiabilityAdditionalInsuredEndorsement,Additional Insured,"---prompt---
Determine if the certificate holder is covered as an additional insured under the Automobile Liability policy. Evidence may include: a checked ""Additional Insured"" box on the certificate for the auto section, mention in the Description of Operations section, or reference to blanket additional insured coverage. Look for form number CA 20 48 or language like ""certificate holder is additional insured"" or ""per written contract"".",matchOnce,must be present,,,non_compliant,Standard 10 - UMB 50M,,,false,0,,2026-08-16
QTS Data Centers,6a15b733bd30da3db41030cf,69f0f3c4beb6279e947be0df,Evans General Contractors LLC,69f10c28beb6279e947be4e4,"DEN1DC2 - QTS Aurora I DC2, LLC",evidenceOfInsurance,Evidence of Insurance,automobileLiability,Automobile Liability,evidenceOfInsuranceAutomobileLiabilityWaiverOfSubrogationEndorsement,Waiver of Subrogation,"---prompt---
Determine if the insurer has waived their right of subrogation in favor of the certificate holder under the Automobile Liability policy. Evidence may include: a checked ""Waiver of Subrogation"" box on the certificate, mention in the Description of Operations section stating ""waiver of subrogation applies"", or reference to form CA 04 44. Look for language like ""subrogation is waived"" or ""per written contract"".",matchOnce,must be present,,,non_compliant,Standard 10 - UMB 50M,,,false,0,,2026-08-16
QTS Data Centers,6a15b733bd30da3db41030cf,69f0f3c4beb6279e947be0df,Evans General Contractors LLC,69f10c28beb6279e947be4e4,"DEN1DC2 - QTS Aurora I DC2, LLC",evidenceOfInsurance,Evidence of Insurance,automobileLiability,Automobile Liability,evidenceOfInsuranceAutomobileLiabilityPrimaryAndNonContributoryEndorsement,Primary and Non-Contributory,"---prompt---
Determine if the Automobile Liability policy provides primary and non-contributory coverage for the certificate holder. Evidence may include: a checked ""Primary"" box on the certificate, mention in the Description of Operations section stating ""primary and non-contributory"". Look for language indicating this policy will pay first before other applicable insurance and will not seek contribution.",matchOnce,must be present,,,non_compliant,Standard 10 - UMB 50M,,,false,0,,2026-08-16
QTS Data Centers,6a15b733bd30da3db41030cf,69f0f3c4beb6279e947be0df,Evans General Contractors LLC,69f10c28beb6279e947be4e4,"DEN1DC2 - QTS Aurora I DC2, LLC",evidenceOfInsurance,Evidence of Insurance,automobileLiability,Automobile Liability,0e6f6daa-effc-5c25-af03-4f7e657ae801,Physical MCS-90 Endorsement must be present,,matchOnce,must be present,,,non_compliant,Standard 10 - UMB 50M,,,true,0,,2026-08-16
QTS Data Centers,6a15b733bd30da3db41030cf,69f0f3c4beb6279e947be0df,Evans General Contractors LLC,69f10c28beb6279e947be4e4,"DEN1DC2 - QTS Aurora I DC2, LLC",evidenceOfInsurance,Evidence of Insurance,excessOrUmbrellaLiability,Umbrella/Excess Liability,evidenceOfInsuranceExcessOrUmbrellaLiabilityOccurence,Coverage Trigger: Occurrence,,matchOnce,must be present,,,non_compliant,Standard 10 - UMB 50M,,,false,0,,2026-08-16
QTS Data Centers,6a15b733bd30da3db41030cf,69f0f3c4beb6279e947be0df,Evans General Contractors LLC,69f10c28beb6279e947be4e4,"DEN1DC2 - QTS Aurora I DC2, LLC",evidenceOfInsurance,Evidence of Insurance,excessOrUmbrellaLiability,Umbrella/Excess Liability,evidenceOfInsuranceExcessOrUmbrellaLiabilityEachOccurrence,Each Occurrence,,matchOnce,must be greater or equal to,50000000,,non_compliant,Standard 10 - UMB 50M,,,false,0,,2026-08-16
QTS Data Centers,6a15b733bd30da3db41030cf,69f0f3c4beb6279e947be0df,Evans General Contractors LLC,69f10c28beb6279e947be4e4,"DEN1DC2 - QTS Aurora I DC2, LLC",evidenceOfInsurance,Evidence of Insurance,excessOrUmbrellaLiability,Umbrella/Excess Liability,evidenceOfInsuranceExcessOrUmbrellaLiabilityAdditionalInsuredEndorsement,Additional Insured,"---prompt---
Determine if the certificate holder is covered as an additional insured under the Umbrella/Excess Liability policy. Evidence may include: a checked ""Additional Insured"" box on the certificate for the umbrella section, mention in the Description of Operations section, reference to ""follow form"" status (which would extend underlying additional insured status), or explicit language naming the certificate holder as additional insured on the umbrella.",matchOnce,must be present,,,non_compliant,Standard 10 - UMB 50M,,,false,0,,2026-08-16
QTS Data Centers,6a15b733bd30da3db41030cf,69f0f3c4beb6279e947be0df,Evans General Contractors LLC,69f10c28beb6279e947be4e4,"DEN1DC2 - QTS Aurora I DC2, LLC",evidenceOfInsurance,Evidence of Insurance,excessOrUmbrellaLiability,Umbrella/Excess Liability,evidenceOfInsuranceExcessOrUmbrellaLiabilityWaiverOfSubrogationEndorsement,Waiver of Subrogation,"---prompt---
Determine if the insurer has waived their right of subrogation in favor of the certificate holder under the Umbrella/Excess Liability policy. Evidence may include: a checked ""Waiver of Subrogation"" box on the certificate, mention in the Description of Operations section stating ""waiver of subrogation applies"", or reference to ""follow form"" status (which would extend underlying waiver). Look for language like ""subrogation is waived"" or ""per written contract"".",matchOnce,must be present,,,non_compliant,Standard 10 - UMB 50M,,,false,0,,2026-08-16
QTS Data Centers,6a15b733bd30da3db41030cf,69f0f3c4beb6279e947be0df,Evans General Contractors LLC,69f10c28beb6279e947be4e4,"DEN1DC2 - QTS Aurora I DC2, LLC",evidenceOfInsurance,Evidence of Insurance,excessOrUmbrellaLiability,Umbrella/Excess Liability,evidenceOfInsuranceExcessOrUmbrellaLiabilityPrimaryAndNonContributoryEndorsement,Primary and Non-Contributory,"---prompt---
Determine if the Umbrella/Excess Liability policy provides primary and non-contributory coverage for the certificate holder. Evidence may include: a checked ""Primary"" box on the certificate, mention in the Description of Operations section stating ""primary and non-contributory"", or reference to ""follow form"" status (which would extend underlying primary status). Look for language indicating this policy will pay first before other applicable insurance and will not seek contribution.",matchOnce,must be present,,,non_compliant,Standard 10 - UMB 50M,,,false,0,,2026-08-16
QTS Data Centers,6a15b733bd30da3db41030cf,69f0f3c4beb6279e947be0df,Evans General Contractors LLC,69f10c28beb6279e947be4e4,"DEN1DC2 - QTS Aurora I DC2, LLC",evidenceOfInsurance,Evidence of Insurance,workersCompensation,Workers' Compensation and Employer's Liability,evidenceOfInsuranceWorkersCompensationStatutoryLimits,Statutory Limits,,matchOnce,must be present,,,non_compliant,Standard 10 - UMB 50M,,,false,0,,2026-08-16
QTS Data Centers,6a15b733bd30da3db41030cf,69f0f3c4beb6279e947be0df,Evans General Contractors LLC,69f10c28beb6279e947be4e4,"DEN1DC2 - QTS Aurora I DC2, LLC",evidenceOfInsurance,Evidence of Insurance,workersCompensation,Workers' Compensation and Employer's Liability,evidenceOfInsuranceWorkersCompensationEmployersLiabilityDiseaseEachEmployee,Employer's Liability Disease - each employee,,matchOnce,must be greater or equal to,500000,,non_compliant,Standard 10 - UMB 50M,,,false,0,,2026-08-16
QTS Data Centers,6a15b733bd30da3db41030cf,69f0f3c4beb6279e947be0df,Evans General Contractors LLC,69f10c28beb6279e947be4e4,"DEN1DC2 - QTS Aurora I DC2, LLC",evidenceOfInsurance,Evidence of Insurance,workersCompensation,Workers' Compensation and Employer's Liability,evidenceOfInsuranceWorkersCompensationEmployersLiabilityDiseasePolicyLimit,Employer's Liability Disease - policy limit,,matchOnce,must be greater or equal to,500000,,non_compliant,Standard 10 - UMB 50M,,,false,0,,2026-08-16
QTS Data Centers,6a15b733bd30da3db41030cf,69f0f3c4beb6279e947be0df,Evans General Contractors LLC,69f10c28beb6279e947be4e4,"DEN1DC2 - QTS Aurora I DC2, LLC",evidenceOfInsurance,Evidence of Insurance,workersCompensation,Workers' Compensation and Employer's Liability,evidenceOfInsuranceWorkersCompensationEmployersLiabilityEachAccident,Employer's Liability Each Accident,,matchOnce,must be greater or equal to,500000,,non_compliant,Standard 10 - UMB 50M,,,false,0,,2026-08-16
QTS Data Centers,6a15b733bd30da3db41030cf,69f0f3c4beb6279e947be0df,Evans General Contractors LLC,69f10c28beb6279e947be4e4,"DEN1DC2 - QTS Aurora I DC2, LLC",evidenceOfInsurance,Evidence of Insurance,workersCompensation,Workers' Compensation and Employer's Liability,evidenceOfInsuranceWorkersCompensationWaiverOfSubrogationEndorsement,Waiver of Subrogation,"---prompt---
Determine if the insurer has waived their right of subrogation in favor of the certificate holder under the Workers' Compensation policy. Evidence may include: a checked ""Waiver of Subrogation"" box on the certificate, mention in the Description of Operations section stating ""waiver of subrogation applies"", or reference to form WC 00 03 13. Look for language like ""subrogation is waived"" or ""per written contract"".",matchOnce,must be present,,,non_compliant,Standard 10 - UMB 50M,,,false,0,,2026-08-16
QTS Data Centers,6a15b733bd30da3db41030cf,69f0f3c4beb6279e947be0df,Evans General Contractors LLC,69f10c28beb6279e947be4e4,"DEN1DC2 - QTS Aurora I DC2, LLC",evidenceOfInsurance,Evidence of Insurance,professional,Professional Liability,evidenceOfInsuranceProfessionalLimitsEachClaim,Each Claim,,matchOnce,must be greater or equal to,2000000,,non_compliant,Standard 10 - UMB 50M,,,false,0,,2026-08-16
QTS Data Centers,6a15b733bd30da3db41030cf,69f0f3c4beb6279e947be0df,Evans General Contractors LLC,69f10c28beb6279e947be4e4,"DEN1DC2 - QTS Aurora I DC2, LLC",evidenceOfInsurance,Evidence of Insurance,professional,Professional Liability,d672162b-0115-567e-ac40-48cb8d46cdc0,"Professional Liability Coverage Deductible must be less than or equal to $100,000",,matchOnce,must be present,,,non_compliant,Standard 10 - UMB 50M,,,true,0,,2026-08-16
QTS Data Centers,6a15b733bd30da3db41030cf,69f0f3c4beb6279e947be0df,Evans General Contractors LLC,69f10c28beb6279e947be4e4,"DEN1DC2 - QTS Aurora I DC2, LLC",evidenceOfInsurance,Evidence of Insurance,6ac20aae-5728-5d57-b364-aeba38527dba,Additional Requirements,655cb50e-155d-5f8c-af5e-e7386263aa58,"Certificate Holder must read as: ""Quality Technology Services, LLC, 
Attention: Procurement Department
300 Satellite Blvd NW, Suwanee, GA 30024.""",,matchOnce,must be present,,,non_compliant,Standard 10 - UMB 50M,,,true,0,,2026-08-16
QTS Data Centers,6a15b733bd30da3db41030cf,69f0f3c4beb6279e947be0df,Evans General Contractors LLC,69f10c28beb6279e947be4e4,"DEN1DC2 - QTS Aurora I DC2, LLC",evidenceOfInsurance,Evidence of Insurance,6ac20aae-5728-5d57-b364-aeba38527dba,Additional Requirements,25da7a11-b805-5d7d-8deb-65519e743757,"Description of Operations must read: Quality Tech, LP, and its officers, directors, employees, parents, subsidiaries, affiliates, and related companies, successors, and permitted assigns",,matchOnce,must be present,,,non_compliant,Standard 10 - UMB 50M,,,true,0,,2026-08-16
QTS Data Centers,6a15b733bd30da3db41030cf,69f0f3c4beb6279e947be0df,Evans General Contractors LLC,69f10c28beb6279e947be4e4,"DEN1DC2 - QTS Aurora I DC2, LLC",evidenceOfInsurance,Evidence of Insurance,6ac20aae-5728-5d57-b364-aeba38527dba,Additional Requirements,03d7ddc3-a527-5f18-bdf6-355eb23cd9de,30-Day Notice of Cancellation must be present,,matchOnce,must be present,,,non_compliant,Standard 10 - UMB 50M,,,true,0,,2026-08-16
QTS Data Centers,6a15b733bd30da3db41030cf,69f0f3c4beb6279e947be0df,Evans General Contractors LLC,69f10c28beb6279e947be4e4,"DEN1DC2 - QTS Aurora I DC2, LLC",evidenceOfInsurance,Evidence of Insurance,6ac20aae-5728-5d57-b364-aeba38527dba,Additional Requirements,8d7b12d5-c6dc-5efe-8cbd-acd9adedde5b,"Description of Operations must read: DEN1DC2, located at 1140 N. Gun Club Road, Aurora, CO 80018",,matchOnce,must be present,,,non_compliant,Standard 10 - UMB 50M,,,true,0,,2026-08-16
QTS Data Centers,6a15b733bd30da3db41030cf,69f0f3c4beb6279e947be0df,Evans General Contractors LLC,69f10c28beb6279e947be4e4,"DEN1DC2 - QTS Aurora I DC2, LLC",evidenceOfInsurance,Evidence of Insurance,6ac20aae-5728-5d57-b364-aeba38527dba,Additional Requirements,cb1f16de-3a25-5909-ae3c-7feb6bab04f2,"Description of Operations must read: Commercial General Liability shall not include the following endorsements/exclusions or equivalent:

1. CG 2149 or CG 2155 o CG 2198 (Absolute Pollution Exclusion)
2. CG 2294 or CG 2295 (Damage to Work Performed by Contractors Exclusion)
3. CG 2139 (Contractual Limitation Endorsement)
4. CG 2142 (Explosion, Collapse or Underground Exclusion)",,matchOnce,must be present,,,non_compliant,Standard 10 - UMB 50M,,,true,0,,2026-08-16
QTS Data Centers,6a15b733bd30da3db41030cf,69f0f3c4beb6279e947be0df,Evans General Contractors LLC,69f10c28beb6279e947be4e4,"DEN1DC2 - QTS Aurora I DC2, LLC",evidenceOfInsurance,Evidence of Insurance,6ac20aae-5728-5d57-b364-aeba38527dba,Additional Requirements,71685e25-c6d0-5692-aaaf-30f59a2f9a83,"Description of Operations must read: Workers Compensation shall include ""all states"" coverage",,matchOnce,must be present,,,non_compliant,Standard 10 - UMB 50M,,,true,0,,2026-08-16
QTS Data Centers,6a15b733bd30da3db41030d1,69f0f3c5beb6279e947be0f8,"Layton Construction Company, LLC",69f10c28beb6279e947be4f1,"PHX3DC1 - QTS Glendale I DC1, LLC",evidenceOfInsurance,Evidence of Insurance,commercialGeneralLiability,Commercial General Liability,evidenceOfInsuranceCommercialGeneralLiabilityAMBestRating,AM Best Rating,,matchOnce,must be greater or equal to,140,,non_compliant,Standard 10 - UMB 50M,,,false,0,,2026-08-16
QTS Data Centers,6a15b733bd30da3db41030d1,69f0f3c5beb6279e947be0f8,"Layton Construction Company, LLC",69f10c28beb6279e947be4f1,"PHX3DC1 - QTS Glendale I DC1, LLC",evidenceOfInsurance,Evidence of Insurance,commercialGeneralLiability,Commercial General Liability,evidenceOfInsuranceCommercialGeneralLiabilityAMBestFinancialStrength,AM Best Financial Strength,,matchOnce,must be greater or equal to,100,,non_compliant,Standard 10 - UMB 50M,,,false,0,,2026-08-16
QTS Data Centers,6a15b733bd30da3db41030d1,69f0f3c5beb6279e947be0f8,"Layton Construction Company, LLC",69f10c28beb6279e947be4f1,"PHX3DC1 - QTS Glendale I DC1, LLC",evidenceOfInsurance,Evidence of Insurance,commercialGeneralLiability,Commercial General Liability,evidenceOfInsuranceCommercialGeneralLiabilityCoverageTriggerOccurrence,Coverage Trigger: Occurrence,,matchOnce,must be present,,,non_compliant,Standard 10 - UMB 50M,,,false,0,,2026-08-16
QTS Data Centers,6a15b733bd30da3db41030d1,69f0f3c5beb6279e947be0f8,"Layton Construction Company, LLC",69f10c28beb6279e947be4f1,"PHX3DC1 - QTS Glendale I DC1, LLC",evidenceOfInsurance,Evidence of Insurance,commercialGeneralLiability,Commercial General Liability,evidenceOfInsuranceCommercialGeneralLiabilityGeneralAggregateLimitAppliesPerProject,General Aggregate Limit Applies per: Project,,matchOnce,must be present,,,non_compliant,Standard 10 - UMB 50M,,,false,0,,2026-08-16
QTS Data Centers,6a15b733bd30da3db41030d1,69f0f3c5beb6279e947be0f8,"Layton Construction Company, LLC",69f10c28beb6279e947be4f1,"PHX3DC1 - QTS Glendale I DC1, LLC",evidenceOfInsurance,Evidence of Insurance,commercialGeneralLiability,Commercial General Liability,evidenceOfInsuranceCommercialGeneralLiabilityEachOccurrence,Each Occurrence,,matchOnce,must be greater or equal to,2000000,,non_compliant,Standard 10 - UMB 50M,,,false,0,,2026-08-16
QTS Data Centers,6a15b733bd30da3db41030d1,69f0f3c5beb6279e947be0f8,"Layton Construction Company, LLC",69f10c28beb6279e947be4f1,"PHX3DC1 - QTS Glendale I DC1, LLC",evidenceOfInsurance,Evidence of Insurance,commercialGeneralLiability,Commercial General Liability,evidenceOfInsuranceCommercialGeneralLiabilityGeneralAggregate,General Aggregate,,matchOnce,must be greater or equal to,5000000,,non_compliant,Standard 10 - UMB 50M,,,false,0,,2026-08-16
QTS Data Centers,6a15b733bd30da3db41030d1,69f0f3c5beb6279e947be0f8,"Layton Construction Company, LLC",69f10c28beb6279e947be4f1,"PHX3DC1 - QTS Glendale I DC1, LLC",evidenceOfInsurance,Evidence of Insurance,commercialGeneralLiability,Commercial General Liability,evidenceOfInsuranceCommercialGeneralLiabilityProducsCompletedOperationsAggregate,Products/Completed Operations Aggregate,,matchOnce,must be greater or equal to,5000000,,non_compliant,Standard 10 - UMB 50M,,,false,0,,2026-08-16
QTS Data Centers,6a15b733bd30da3db41030d1,69f0f3c5beb6279e947be0f8,"Layton Construction Company, LLC",69f10c28beb6279e947be4f1,"PHX3DC1 - QTS Glendale I DC1, LLC",evidenceOfInsurance,Evidence of Insurance,commercialGeneralLiability,Commercial General Liability,evidenceOfInsuranceCommercialGeneralLiabilityAdditionalInsuredEndorsementOngoingOps,Additional Insured - Ongoing Operations,"---prompt---
Verify that additional insured coverage specifically includes ongoing operations. Look in the Description of Operations section for language like ""additional insured for ongoing operations"", ""CG 20 10"", ""CG 20 37"", or ""operations performed by or on behalf of the named insured"". The coverage should explicitly reference ongoing work, not just completed operations.",matchOnce,must be present,,,non_compliant,Standard 10 - UMB 50M,,,false,0,,2026-08-16
QTS Data Centers,6a15b733bd30da3db41030d1,69f0f3c5beb6279e947be0f8,"Layton Construction Company, LLC",69f10c28beb6279e947be4f1,"PHX3DC1 - QTS Glendale I DC1, LLC",evidenceOfInsurance,Evidence of Insurance,commercialGeneralLiability,Commercial General Liability,evidenceOfInsuranceCommercialGeneralLiabilityAdditionalInsuredEndorsementCompletedOps,Additional Insured - Completed Operations,"---prompt---
Verify that additional insured coverage specifically includes completed operations. Look in the Description of Operations section for language like ""additional insured for completed operations"", ""CG 20 37"", ""products-completed operations"", or similar. This coverage protects the certificate holder for claims arising after work is finished.",matchOnce,must be present,,,non_compliant,Standard 10 - UMB 50M,,,false,0,,2026-08-16
QTS Data Centers,6a15b733bd30da3db41030d1,69f0f3c5beb6279e947be0f8,"Layton Construction Company, LLC",69f10c28beb6279e947be4f1,"PHX3DC1 - QTS Glendale I DC1, LLC",evidenceOfInsurance,Evidence of Insurance,commercialGeneralLiability,Commercial General Liability,evidenceOfInsuranceCommercialGeneralLiabilityWaiverOfSubrogationEndorsement,Waiver of Subrogation,"---prompt---
Determine if the insurer has waived their right of subrogation in favor of the certificate holder under the Commercial General Liability policy. Evidence may include: a checked ""Waiver of Subrogation"" box on the certificate, mention in the Description of Operations section stating ""waiver of subrogation applies"", or reference to form CG 24 04. Look for language like ""subrogation is waived"" or ""per written contract"".",matchOnce,must be present,,,non_compliant,Standard 10 - UMB 50M,,,false,0,,2026-08-16
QTS Data Centers,6a15b733bd30da3db41030d1,69f0f3c5beb6279e947be0f8,"Layton Construction Company, LLC",69f10c28beb6279e947be4f1,"PHX3DC1 - QTS Glendale I DC1, LLC",evidenceOfInsurance,Evidence of Insurance,commercialGeneralLiability,Commercial General Liability,evidenceOfInsuranceCommercialGeneralLiabilityPrimaryAndNonContributoryEndorsement,Primary and Non-Contributory,"---prompt---
Determine if the Commercial General Liability policy provides primary and non-contributory coverage for the certificate holder. Evidence may include: a checked ""Primary"" box on the certificate, mention in the Description of Operations section stating ""primary and non-contributory"", or reference to endorsement CG 20 01. Look for language indicating this policy will pay first before other applicable insurance and will not seek contribution.",matchOnce,must be present,,,non_compliant,Standard 10 - UMB 50M,,,false,0,,2026-08-16
QTS Data Centers,6a15b733bd30da3db41030d1,69f0f3c5beb6279e947be0f8,"Layton Construction Company, LLC",69f10c28beb6279e947be4f1,"PHX3DC1 - QTS Glendale I DC1, LLC",evidenceOfInsurance,Evidence of Insurance,commercialGeneralLiability,Commercial General Liability,9c28ed56-e307-5cf9-88e9-0ada1f283104,Physical 30 Days Notice of Cancellation - 10 Days Notice for Non Payment Endorsement must be present,,matchOnce,must be present,,,non_compliant,Standard 10 - UMB 50M,,,true,0,,2026-08-16
QTS Data Centers,6a15b733bd30da3db41030d1,69f0f3c5beb6279e947be0f8,"Layton Construction Company, LLC",69f10c28beb6279e947be4f1,"PHX3DC1 - QTS Glendale I DC1, LLC",evidenceOfInsurance,Evidence of Insurance,automobileLiability,Automobile Liability,evidenceOfInsuranceAutomobileLiabilityCombinedSingleLimitEachAccident,Combined Single Limit (each accident),,matchOnce,must be greater or equal to,1000000,,non_compliant,Standard 10 - UMB 50M,,,false,0,,2026-08-16
QTS Data Centers,6a15b733bd30da3db41030d1,69f0f3c5beb6279e947be0f8,"Layton Construction Company, LLC",69f10c28beb6279e947be4f1,"PHX3DC1 - QTS Glendale I DC1, LLC",evidenceOfInsurance,Evidence of Insurance,automobileLiability,Automobile Liability,evidenceOfInsuranceAutomobileLiabilityCoverageAppliesToOwnedAutosOnly,Coverage Applies To: Owned Autos Only,,matchOnce,must be present,,,non_compliant,Standard 10 - UMB 50M,,,false,0,,2026-08-16
QTS Data Centers,6a15b733bd30da3db41030d1,69f0f3c5beb6279e947be0f8,"Layton Construction Company, LLC",69f10c28beb6279e947be4f1,"PHX3DC1 - QTS Glendale I DC1, LLC",evidenceOfInsurance,Evidence of Insurance,automobileLiability,Automobile Liability,evidenceOfInsuranceAutomobileLiabilityCoverageAppliesToNonOwnedAutosOnly,Coverage Applies To: Non-Owned Autos Only,,matchOnce,must be present,,,non_compliant,Standard 10 - UMB 50M,,,false,0,,2026-08-16
QTS Data Centers,6a15b733bd30da3db41030d1,69f0f3c5beb6279e947be0f8,"Layton Construction Company, LLC",69f10c28beb6279e947be4f1,"PHX3DC1 - QTS Glendale I DC1, LLC",evidenceOfInsurance,Evidence of Insurance,automobileLiability,Automobile Liability,evidenceOfInsuranceAutomobileLiabilityCoverageAppliesToHiredAutosOnly,Coverage Applies To: Hired Autos Only,,matchOnce,must be present,,,non_compliant,Standard 10 - UMB 50M,,,false,0,,2026-08-16
QTS Data Centers,6a15b733bd30da3db41030d1,69f0f3c5beb6279e947be0f8,"Layton Construction Company, LLC",69f10c28beb6279e947be4f1,"PHX3DC1 - QTS Glendale I DC1, LLC",evidenceOfInsurance,Evidence of Insurance,automobileLiability,Automobile Liability,evidenceOfInsuranceAutomobileLiabilityAdditionalInsuredEndorsement,Additional Insured,"---prompt---
Determine if the certificate holder is covered as an additional insured under the Automobile Liability policy. Evidence may include: a checked ""Additional Insured"" box on the certificate for the auto section, mention in the Description of Operations section, or reference to blanket additional insured coverage. Look for form number CA 20 48 or language like ""certificate holder is additional insured"" or ""per written contract"".",matchOnce,must be present,,,non_compliant,Standard 10 - UMB 50M,,,false,0,,2026-08-16
QTS Data Centers,6a15b733bd30da3db41030d1,69f0f3c5beb6279e947be0f8,"Layton Construction Company, LLC",69f10c28beb6279e947be4f1,"PHX3DC1 - QTS Glendale I DC1, LLC",evidenceOfInsurance,Evidence of Insurance,automobileLiability,Automobile Liability,evidenceOfInsuranceAutomobileLiabilityWaiverOfSubrogationEndorsement,Waiver of Subrogation,"---prompt---
Determine if the insurer has waived their right of subrogation in favor of the certificate holder under the Automobile Liability policy. Evidence may include: a checked ""Waiver of Subrogation"" box on the certificate, mention in the Description of Operations section stating ""waiver of subrogation applies"", or reference to form CA 04 44. Look for language like ""subrogation is waived"" or ""per written contract"".",matchOnce,must be present,,,non_compliant,Standard 10 - UMB 50M,,,false,0,,2026-08-16
QTS Data Centers,6a15b733bd30da3db41030d1,69f0f3c5beb6279e947be0f8,"Layton Construction Company, LLC",69f10c28beb6279e947be4f1,"PHX3DC1 - QTS Glendale I DC1, LLC",evidenceOfInsurance,Evidence of Insurance,automobileLiability,Automobile Liability,evidenceOfInsuranceAutomobileLiabilityPrimaryAndNonContributoryEndorsement,Primary and Non-Contributory,"---prompt---
Determine if the Automobile Liability policy provides primary and non-contributory coverage for the certificate holder. Evidence may include: a checked ""Primary"" box on the certificate, mention in the Description of Operations section stating ""primary and non-contributory"". Look for language indicating this policy will pay first before other applicable insurance and will not seek contribution.",matchOnce,must be present,,,non_compliant,Standard 10 - UMB 50M,,,false,0,,2026-08-16
QTS Data Centers,6a15b733bd30da3db41030d1,69f0f3c5beb6279e947be0f8,"Layton Construction Company, LLC",69f10c28beb6279e947be4f1,"PHX3DC1 - QTS Glendale I DC1, LLC",evidenceOfInsurance,Evidence of Insurance,automobileLiability,Automobile Liability,0e6f6daa-effc-5c25-af03-4f7e657ae801,Physical MCS-90 Endorsement must be present,,matchOnce,must be present,,,non_compliant,Standard 10 - UMB 50M,,,true,0,,2026-08-16
QTS Data Centers,6a15b733bd30da3db41030d1,69f0f3c5beb6279e947be0f8,"Layton Construction Company, LLC",69f10c28beb6279e947be4f1,"PHX3DC1 - QTS Glendale I DC1, LLC",evidenceOfInsurance,Evidence of Insurance,excessOrUmbrellaLiability,Umbrella/Excess Liability,evidenceOfInsuranceExcessOrUmbrellaLiabilityOccurence,Coverage Trigger: Occurrence,,matchOnce,must be present,,,non_compliant,Standard 10 - UMB 50M,,,false,0,,2026-08-16
QTS Data Centers,6a15b733bd30da3db41030d1,69f0f3c5beb6279e947be0f8,"Layton Construction Company, LLC",69f10c28beb6279e947be4f1,"PHX3DC1 - QTS Glendale I DC1, LLC",evidenceOfInsurance,Evidence of Insurance,excessOrUmbrellaLiability,Umbrella/Excess Liability,evidenceOfInsuranceExcessOrUmbrellaLiabilityEachOccurrence,Each Occurrence,,matchOnce,must be greater or equal to,50000000,,non_compliant,Standard 10 - UMB 50M,,,false,0,,2026-08-16
QTS Data Centers,6a15b733bd30da3db41030d1,69f0f3c5beb6279e947be0f8,"Layton Construction Company, LLC",69f10c28beb6279e947be4f1,"PHX3DC1 - QTS Glendale I DC1, LLC",evidenceOfInsurance,Evidence of Insurance,excessOrUmbrellaLiability,Umbrella/Excess Liability,evidenceOfInsuranceExcessOrUmbrellaLiabilityAdditionalInsuredEndorsement,Additional Insured,"---prompt---
Determine if the certificate holder is covered as an additional insured under the Umbrella/Excess Liability policy. Evidence may include: a checked ""Additional Insured"" box on the certificate for the umbrella section, mention in the Description of Operations section, reference to ""follow form"" status (which would extend underlying additional insured status), or explicit language naming the certificate holder as additional insured on the umbrella.",matchOnce,must be present,,,non_compliant,Standard 10 - UMB 50M,,,false,0,,2026-08-16
QTS Data Centers,6a15b733bd30da3db41030d1,69f0f3c5beb6279e947be0f8,"Layton Construction Company, LLC",69f10c28beb6279e947be4f1,"PHX3DC1 - QTS Glendale I DC1, LLC",evidenceOfInsurance,Evidence of Insurance,excessOrUmbrellaLiability,Umbrella/Excess Liability,evidenceOfInsuranceExcessOrUmbrellaLiabilityWaiverOfSubrogationEndorsement,Waiver of Subrogation,"---prompt---
Determine if the insurer has waived their right of subrogation in favor of the certificate holder under the Umbrella/Excess Liability policy. Evidence may include: a checked ""Waiver of Subrogation"" box on the certificate, mention in the Description of Operations section stating ""waiver of subrogation applies"", or reference to ""follow form"" status (which would extend underlying waiver). Look for language like ""subrogation is waived"" or ""per written contract"".",matchOnce,must be present,,,non_compliant,Standard 10 - UMB 50M,,,false,0,,2026-08-16
QTS Data Centers,6a15b733bd30da3db41030d1,69f0f3c5beb6279e947be0f8,"Layton Construction Company, LLC",69f10c28beb6279e947be4f1,"PHX3DC1 - QTS Glendale I DC1, LLC",evidenceOfInsurance,Evidence of Insurance,excessOrUmbrellaLiability,Umbrella/Excess Liability,evidenceOfInsuranceExcessOrUmbrellaLiabilityPrimaryAndNonContributoryEndorsement,Primary and Non-Contributory,"---prompt---
Determine if the Umbrella/Excess Liability policy provides primary and non-contributory coverage for the certificate holder. Evidence may include: a checked ""Primary"" box on the certificate, mention in the Description of Operations section stating ""primary and non-contributory"", or reference to ""follow form"" status (which would extend underlying primary status). Look for language indicating this policy will pay first before other applicable insurance and will not seek contribution.",matchOnce,must be present,,,non_compliant,Standard 10 - UMB 50M,,,false,0,,2026-08-16
QTS Data Centers,6a15b733bd30da3db41030d1,69f0f3c5beb6279e947be0f8,"Layton Construction Company, LLC",69f10c28beb6279e947be4f1,"PHX3DC1 - QTS Glendale I DC1, LLC",evidenceOfInsurance,Evidence of Insurance,workersCompensation,Workers' Compensation and Employer's Liability,evidenceOfInsuranceWorkersCompensationStatutoryLimits,Statutory Limits,,matchOnce,must be present,,,non_compliant,Standard 10 - UMB 50M,,,false,0,,2026-08-16
QTS Data Centers,6a15b733bd30da3db41030d1,69f0f3c5beb6279e947be0f8,"Layton Construction Company, LLC",69f10c28beb6279e947be4f1,"PHX3DC1 - QTS Glendale I DC1, LLC",evidenceOfInsurance,Evidence of Insurance,workersCompensation,Workers' Compensation and Employer's Liability,evidenceOfInsuranceWorkersCompensationEmployersLiabilityDiseaseEachEmployee,Employer's Liability Disease - each employee,,matchOnce,must be greater or equal to,500000,,non_compliant,Standard 10 - UMB 50M,,,false,0,,2026-08-16
QTS Data Centers,6a15b733bd30da3db41030d1,69f0f3c5beb6279e947be0f8,"Layton Construction Company, LLC",69f10c28beb6279e947be4f1,"PHX3DC1 - QTS Glendale I DC1, LLC",evidenceOfInsurance,Evidence of Insurance,workersCompensation,Workers' Compensation and Employer's Liability,evidenceOfInsuranceWorkersCompensationEmployersLiabilityDiseasePolicyLimit,Employer's Liability Disease - policy limit,,matchOnce,must be greater or equal to,500000,,non_compliant,Standard 10 - UMB 50M,,,false,0,,2026-08-16
QTS Data Centers,6a15b733bd30da3db41030d1,69f0f3c5beb6279e947be0f8,"Layton Construction Company, LLC",69f10c28beb6279e947be4f1,"PHX3DC1 - QTS Glendale I DC1, LLC",evidenceOfInsurance,Evidence of Insurance,workersCompensation,Workers' Compensation and Employer's Liability,evidenceOfInsuranceWorkersCompensationEmployersLiabilityEachAccident,Employer's Liability Each Accident,,matchOnce,must be greater or equal to,500000,,non_compliant,Standard 10 - UMB 50M,,,false,0,,2026-08-16
QTS Data Centers,6a15b733bd30da3db41030d1,69f0f3c5beb6279e947be0f8,"Layton Construction Company, LLC",69f10c28beb6279e947be4f1,"PHX3DC1 - QTS Glendale I DC1, LLC",evidenceOfInsurance,Evidence of Insurance,workersCompensation,Workers' Compensation and Employer's Liability,evidenceOfInsuranceWorkersCompensationWaiverOfSubrogationEndorsement,Waiver of Subrogation,"---prompt---
Determine if the insurer has waived their right of subrogation in favor of the certificate holder under the Workers' Compensation policy. Evidence may include: a checked ""Waiver of Subrogation"" box on the certificate, mention in the Description of Operations section stating ""waiver of subrogation applies"", or reference to form WC 00 03 13. Look for language like ""subrogation is waived"" or ""per written contract"".",matchOnce,must be present,,,non_compliant,Standard 10 - UMB 50M,,,false,0,,2026-08-16
QTS Data Centers,6a15b733bd30da3db41030d1,69f0f3c5beb6279e947be0f8,"Layton Construction Company, LLC",69f10c28beb6279e947be4f1,"PHX3DC1 - QTS Glendale I DC1, LLC",evidenceOfInsurance,Evidence of Insurance,professional,Professional Liability,evidenceOfInsuranceProfessionalLimitsEachClaim,Each Claim,,matchOnce,must be greater or equal to,2000000,,non_compliant,Standard 10 - UMB 50M,,,false,0,,2026-08-16
QTS Data Centers,6a15b733bd30da3db41030d1,69f0f3c5beb6279e947be0f8,"Layton Construction Company, LLC",69f10c28beb6279e947be4f1,"PHX3DC1 - QTS Glendale I DC1, LLC",evidenceOfInsurance,Evidence of Insurance,professional,Professional Liability,d672162b-0115-567e-ac40-48cb8d46cdc0,"Professional Liability Coverage Deductible must be less than or equal to $100,000",,matchOnce,must be present,,,non_compliant,Standard 10 - UMB 50M,,,true,0,,2026-08-16
QTS Data Centers,6a15b733bd30da3db41030d1,69f0f3c5beb6279e947be0f8,"Layton Construction Company, LLC",69f10c28beb6279e947be4f1,"PHX3DC1 - QTS Glendale I DC1, LLC",evidenceOfInsurance,Evidence of Insurance,6ac20aae-5728-5d57-b364-aeba38527dba,Additional Requirements,655cb50e-155d-5f8c-af5e-e7386263aa58,"Certificate Holder must read as: ""Quality Technology Services, LLC, 
Attention: Procurement Department
300 Satellite Blvd NW, Suwanee, GA 30024.""",,matchOnce,must be present,,,non_compliant,Standard 10 - UMB 50M,,,true,0,,2026-08-16
QTS Data Centers,6a15b733bd30da3db41030d1,69f0f3c5beb6279e947be0f8,"Layton Construction Company, LLC",69f10c28beb6279e947be4f1,"PHX3DC1 - QTS Glendale I DC1, LLC",evidenceOfInsurance,Evidence of Insurance,6ac20aae-5728-5d57-b364-aeba38527dba,Additional Requirements,25da7a11-b805-5d7d-8deb-65519e743757,"Description of Operations must read: Quality Tech, LP, and its officers, directors, employees, parents, subsidiaries, affiliates, and related companies, successors, and permitted assigns",,matchOnce,must be present,,,non_compliant,Standard 10 - UMB 50M,,,true,0,,2026-08-16
QTS Data Centers,6a15b733bd30da3db41030d1,69f0f3c5beb6279e947be0f8,"Layton Construction Company, LLC",69f10c28beb6279e947be4f1,"PHX3DC1 - QTS Glendale I DC1, LLC",evidenceOfInsurance,Evidence of Insurance,6ac20aae-5728-5d57-b364-aeba38527dba,Additional Requirements,03d7ddc3-a527-5f18-bdf6-355eb23cd9de,30-Day Notice of Cancellation must be present,,matchOnce,must be present,,,non_compliant,Standard 10 - UMB 50M,,,true,0,,2026-08-16
QTS Data Centers,6a15b733bd30da3db41030d1,69f0f3c5beb6279e947be0f8,"Layton Construction Company, LLC",69f10c28beb6279e947be4f1,"PHX3DC1 - QTS Glendale I DC1, LLC",evidenceOfInsurance,Evidence of Insurance,6ac20aae-5728-5d57-b364-aeba38527dba,Additional Requirements,8d7b12d5-c6dc-5efe-8cbd-acd9adedde5b,"Description of Operations must read: PHX3-DC1, located at 17408 W. Camelback Road, Litchfield Park, AZ 85340",,matchOnce,must be present,,,non_compliant,Standard 10 - UMB 50M,,,true,0,,2026-08-16
QTS Data Centers,6a15b733bd30da3db41030d1,69f0f3c5beb6279e947be0f8,"Layton Construction Company, LLC",69f10c28beb6279e947be4f1,"PHX3DC1 - QTS Glendale I DC1, LLC",evidenceOfInsurance,Evidence of Insurance,6ac20aae-5728-5d57-b364-aeba38527dba,Additional Requirements,cb1f16de-3a25-5909-ae3c-7feb6bab04f2,"Description of Operations must read: Commercial General Liability shall not include the following endorsements/exclusions or equivalent:

1. CG 2149 or CG 2155 o CG 2198 (Absolute Pollution Exclusion)
2. CG 2294 or CG 2295 (Damage to Work Performed by Contractors Exclusion)
3. CG 2139 (Contractual Limitation Endorsement)
4. CG 2142 (Explosion, Collapse or Underground Exclusion)",,matchOnce,must be present,,,non_compliant,Standard 10 - UMB 50M,,,true,0,,2026-08-16
QTS Data Centers,6a15b733bd30da3db41030d1,69f0f3c5beb6279e947be0f8,"Layton Construction Company, LLC",69f10c28beb6279e947be4f1,"PHX3DC1 - QTS Glendale I DC1, LLC",evidenceOfInsurance,Evidence of Insurance,6ac20aae-5728-5d57-b364-aeba38527dba,Additional Requirements,71685e25-c6d0-5692-aaaf-30f59a2f9a83,"Description of Operations must read: Workers Compensation shall include ""all states"" coverage",,matchOnce,must be present,,,non_compliant,Standard 10 - UMB 50M,,,true,0,,2026-08-16
QTS Data Centers,6a15b733bd30da3db41030d2,69f0f3c5beb6279e947be0f8,"Layton Construction Company, LLC",69f10c28beb6279e947be4ed,"PHX3DC2 - QTS Glendale I DC2, LLC",evidenceOfInsurance,Evidence of Insurance,commercialGeneralLiability,Commercial General Liability,evidenceOfInsuranceCommercialGeneralLiabilityAMBestRating,AM Best Rating,,matchOnce,must be greater or equal to,140,,non_compliant,Standard 10 - UMB 50M,,,false,0,,2026-08-16
QTS Data Centers,6a15b733bd30da3db41030d2,69f0f3c5beb6279e947be0f8,"Layton Construction Company, LLC",69f10c28beb6279e947be4ed,"PHX3DC2 - QTS Glendale I DC2, LLC",evidenceOfInsurance,Evidence of Insurance,commercialGeneralLiability,Commercial General Liability,evidenceOfInsuranceCommercialGeneralLiabilityAMBestFinancialStrength,AM Best Financial Strength,,matchOnce,must be greater or equal to,100,,non_compliant,Standard 10 - UMB 50M,,,false,0,,2026-08-16
QTS Data Centers,6a15b733bd30da3db41030d2,69f0f3c5beb6279e947be0f8,"Layton Construction Company, LLC",69f10c28beb6279e947be4ed,"PHX3DC2 - QTS Glendale I DC2, LLC",evidenceOfInsurance,Evidence of Insurance,commercialGeneralLiability,Commercial General Liability,evidenceOfInsuranceCommercialGeneralLiabilityCoverageTriggerOccurrence,Coverage Trigger: Occurrence,,matchOnce,must be present,,,non_compliant,Standard 10 - UMB 50M,,,false,0,,2026-08-16
QTS Data Centers,6a15b733bd30da3db41030d2,69f0f3c5beb6279e947be0f8,"Layton Construction Company, LLC",69f10c28beb6279e947be4ed,"PHX3DC2 - QTS Glendale I DC2, LLC",evidenceOfInsurance,Evidence of Insurance,commercialGeneralLiability,Commercial General Liability,evidenceOfInsuranceCommercialGeneralLiabilityGeneralAggregateLimitAppliesPerProject,General Aggregate Limit Applies per: Project,,matchOnce,must be present,,,non_compliant,Standard 10 - UMB 50M,,,false,0,,2026-08-16
QTS Data Centers,6a15b733bd30da3db41030d2,69f0f3c5beb6279e947be0f8,"Layton Construction Company, LLC",69f10c28beb6279e947be4ed,"PHX3DC2 - QTS Glendale I DC2, LLC",evidenceOfInsurance,Evidence of Insurance,commercialGeneralLiability,Commercial General Liability,evidenceOfInsuranceCommercialGeneralLiabilityEachOccurrence,Each Occurrence,,matchOnce,must be greater or equal to,2000000,,non_compliant,Standard 10 - UMB 50M,,,false,0,,2026-08-16
QTS Data Centers,6a15b733bd30da3db41030d2,69f0f3c5beb6279e947be0f8,"Layton Construction Company, LLC",69f10c28beb6279e947be4ed,"PHX3DC2 - QTS Glendale I DC2, LLC",evidenceOfInsurance,Evidence of Insurance,commercialGeneralLiability,Commercial General Liability,evidenceOfInsuranceCommercialGeneralLiabilityGeneralAggregate,General Aggregate,,matchOnce,must be greater or equal to,5000000,,non_compliant,Standard 10 - UMB 50M,,,false,0,,2026-08-16
QTS Data Centers,6a15b733bd30da3db41030d2,69f0f3c5beb6279e947be0f8,"Layton Construction Company, LLC",69f10c28beb6279e947be4ed,"PHX3DC2 - QTS Glendale I DC2, LLC",evidenceOfInsurance,Evidence of Insurance,commercialGeneralLiability,Commercial General Liability,evidenceOfInsuranceCommercialGeneralLiabilityProducsCompletedOperationsAggregate,Products/Completed Operations Aggregate,,matchOnce,must be greater or equal to,5000000,,non_compliant,Standard 10 - UMB 50M,,,false,0,,2026-08-16
QTS Data Centers,6a15b733bd30da3db41030d2,69f0f3c5beb6279e947be0f8,"Layton Construction Company, LLC",69f10c28beb6279e947be4ed,"PHX3DC2 - QTS Glendale I DC2, LLC",evidenceOfInsurance,Evidence of Insurance,commercialGeneralLiability,Commercial General Liability,evidenceOfInsuranceCommercialGeneralLiabilityAdditionalInsuredEndorsementOngoingOps,Additional Insured - Ongoing Operations,"---prompt---
Verify that additional insured coverage specifically includes ongoing operations. Look in the Description of Operations section for language like ""additional insured for ongoing operations"", ""CG 20 10"", ""CG 20 37"", or ""operations performed by or on behalf of the named insured"". The coverage should explicitly reference ongoing work, not just completed operations.",matchOnce,must be present,,,non_compliant,Standard 10 - UMB 50M,,,false,0,,2026-08-16
QTS Data Centers,6a15b733bd30da3db41030d2,69f0f3c5beb6279e947be0f8,"Layton Construction Company, LLC",69f10c28beb6279e947be4ed,"PHX3DC2 - QTS Glendale I DC2, LLC",evidenceOfInsurance,Evidence of Insurance,commercialGeneralLiability,Commercial General Liability,evidenceOfInsuranceCommercialGeneralLiabilityAdditionalInsuredEndorsementCompletedOps,Additional Insured - Completed Operations,"---prompt---
Verify that additional insured coverage specifically includes completed operations. Look in the Description of Operations section for language like ""additional insured for completed operations"", ""CG 20 37"", ""products-completed operations"", or similar. This coverage protects the certificate holder for claims arising after work is finished.",matchOnce,must be present,,,non_compliant,Standard 10 - UMB 50M,,,false,0,,2026-08-16
QTS Data Centers,6a15b733bd30da3db41030d2,69f0f3c5beb6279e947be0f8,"Layton Construction Company, LLC",69f10c28beb6279e947be4ed,"PHX3DC2 - QTS Glendale I DC2, LLC",evidenceOfInsurance,Evidence of Insurance,commercialGeneralLiability,Commercial General Liability,evidenceOfInsuranceCommercialGeneralLiabilityWaiverOfSubrogationEndorsement,Waiver of Subrogation,"---prompt---
Determine if the insurer has waived their right of subrogation in favor of the certificate holder under the Commercial General Liability policy. Evidence may include: a checked ""Waiver of Subrogation"" box on the certificate, mention in the Description of Operations section stating ""waiver of subrogation applies"", or reference to form CG 24 04. Look for language like ""subrogation is waived"" or ""per written contract"".",matchOnce,must be present,,,non_compliant,Standard 10 - UMB 50M,,,false,0,,2026-08-16
QTS Data Centers,6a15b733bd30da3db41030d2,69f0f3c5beb6279e947be0f8,"Layton Construction Company, LLC",69f10c28beb6279e947be4ed,"PHX3DC2 - QTS Glendale I DC2, LLC",evidenceOfInsurance,Evidence of Insurance,commercialGeneralLiability,Commercial General Liability,evidenceOfInsuranceCommercialGeneralLiabilityPrimaryAndNonContributoryEndorsement,Primary and Non-Contributory,"---prompt---
Determine if the Commercial General Liability policy provides primary and non-contributory coverage for the certificate holder. Evidence may include: a checked ""Primary"" box on the certificate, mention in the Description of Operations section stating ""primary and non-contributory"", or reference to endorsement CG 20 01. Look for language indicating this policy will pay first before other applicable insurance and will not seek contribution.",matchOnce,must be present,,,non_compliant,Standard 10 - UMB 50M,,,false,0,,2026-08-16
QTS Data Centers,6a15b733bd30da3db41030d2,69f0f3c5beb6279e947be0f8,"Layton Construction Company, LLC",69f10c28beb6279e947be4ed,"PHX3DC2 - QTS Glendale I DC2, LLC",evidenceOfInsurance,Evidence of Insurance,commercialGeneralLiability,Commercial General Liability,9c28ed56-e307-5cf9-88e9-0ada1f283104,Physical 30 Days Notice of Cancellation - 10 Days Notice for Non Payment Endorsement must be present,,matchOnce,must be present,,,non_compliant,Standard 10 - UMB 50M,,,true,0,,2026-08-16
QTS Data Centers,6a15b733bd30da3db41030d2,69f0f3c5beb6279e947be0f8,"Layton Construction Company, LLC",69f10c28beb6279e947be4ed,"PHX3DC2 - QTS Glendale I DC2, LLC",evidenceOfInsurance,Evidence of Insurance,automobileLiability,Automobile Liability,evidenceOfInsuranceAutomobileLiabilityCombinedSingleLimitEachAccident,Combined Single Limit (each accident),,matchOnce,must be greater or equal to,1000000,,non_compliant,Standard 10 - UMB 50M,,,false,0,,2026-08-16
QTS Data Centers,6a15b733bd30da3db41030d2,69f0f3c5beb6279e947be0f8,"Layton Construction Company, LLC",69f10c28beb6279e947be4ed,"PHX3DC2 - QTS Glendale I DC2, LLC",evidenceOfInsurance,Evidence of Insurance,automobileLiability,Automobile Liability,evidenceOfInsuranceAutomobileLiabilityCoverageAppliesToOwnedAutosOnly,Coverage Applies To: Owned Autos Only,,matchOnce,must be present,,,non_compliant,Standard 10 - UMB 50M,,,false,0,,2026-08-16
QTS Data Centers,6a15b733bd30da3db41030d2,69f0f3c5beb6279e947be0f8,"Layton Construction Company, LLC",69f10c28beb6279e947be4ed,"PHX3DC2 - QTS Glendale I DC2, LLC",evidenceOfInsurance,Evidence of Insurance,automobileLiability,Automobile Liability,evidenceOfInsuranceAutomobileLiabilityCoverageAppliesToNonOwnedAutosOnly,Coverage Applies To: Non-Owned Autos Only,,matchOnce,must be present,,,non_compliant,Standard 10 - UMB 50M,,,false,0,,2026-08-16
QTS Data Centers,6a15b733bd30da3db41030d2,69f0f3c5beb6279e947be0f8,"Layton Construction Company, LLC",69f10c28beb6279e947be4ed,"PHX3DC2 - QTS Glendale I DC2, LLC",evidenceOfInsurance,Evidence of Insurance,automobileLiability,Automobile Liability,evidenceOfInsuranceAutomobileLiabilityCoverageAppliesToHiredAutosOnly,Coverage Applies To: Hired Autos Only,,matchOnce,must be present,,,non_compliant,Standard 10 - UMB 50M,,,false,0,,2026-08-16
QTS Data Centers,6a15b733bd30da3db41030d2,69f0f3c5beb6279e947be0f8,"Layton Construction Company, LLC",69f10c28beb6279e947be4ed,"PHX3DC2 - QTS Glendale I DC2, LLC",evidenceOfInsurance,Evidence of Insurance,automobileLiability,Automobile Liability,evidenceOfInsuranceAutomobileLiabilityAdditionalInsuredEndorsement,Additional Insured,"---prompt---
Determine if the certificate holder is covered as an additional insured under the Automobile Liability policy. Evidence may include: a checked ""Additional Insured"" box on the certificate for the auto section, mention in the Description of Operations section, or reference to blanket additional insured coverage. Look for form number CA 20 48 or language like ""certificate holder is additional insured"" or ""per written contract"".",matchOnce,must be present,,,non_compliant,Standard 10 - UMB 50M,,,false,0,,2026-08-16
QTS Data Centers,6a15b733bd30da3db41030d2,69f0f3c5beb6279e947be0f8,"Layton Construction Company, LLC",69f10c28beb6279e947be4ed,"PHX3DC2 - QTS Glendale I DC2, LLC",evidenceOfInsurance,Evidence of Insurance,automobileLiability,Automobile Liability,evidenceOfInsuranceAutomobileLiabilityWaiverOfSubrogationEndorsement,Waiver of Subrogation,"---prompt---
Determine if the insurer has waived their right of subrogation in favor of the certificate holder under the Automobile Liability policy. Evidence may include: a checked ""Waiver of Subrogation"" box on the certificate, mention in the Description of Operations section stating ""waiver of subrogation applies"", or reference to form CA 04 44. Look for language like ""subrogation is waived"" or ""per written contract"".",matchOnce,must be present,,,non_compliant,Standard 10 - UMB 50M,,,false,0,,2026-08-16
QTS Data Centers,6a15b733bd30da3db41030d2,69f0f3c5beb6279e947be0f8,"Layton Construction Company, LLC",69f10c28beb6279e947be4ed,"PHX3DC2 - QTS Glendale I DC2, LLC",evidenceOfInsurance,Evidence of Insurance,automobileLiability,Automobile Liability,evidenceOfInsuranceAutomobileLiabilityPrimaryAndNonContributoryEndorsement,Primary and Non-Contributory,"---prompt---
Determine if the Automobile Liability policy provides primary and non-contributory coverage for the certificate holder. Evidence may include: a checked ""Primary"" box on the certificate, mention in the Description of Operations section stating ""primary and non-contributory"". Look for language indicating this policy will pay first before other applicable insurance and will not seek contribution.",matchOnce,must be present,,,non_compliant,Standard 10 - UMB 50M,,,false,0,,2026-08-16
QTS Data Centers,6a15b733bd30da3db41030d2,69f0f3c5beb6279e947be0f8,"Layton Construction Company, LLC",69f10c28beb6279e947be4ed,"PHX3DC2 - QTS Glendale I DC2, LLC",evidenceOfInsurance,Evidence of Insurance,automobileLiability,Automobile Liability,0e6f6daa-effc-5c25-af03-4f7e657ae801,Physical MCS-90 Endorsement must be present,,matchOnce,must be present,,,non_compliant,Standard 10 - UMB 50M,,,true,0,,2026-08-16
QTS Data Centers,6a15b733bd30da3db41030d2,69f0f3c5beb6279e947be0f8,"Layton Construction Company, LLC",69f10c28beb6279e947be4ed,"PHX3DC2 - QTS Glendale I DC2, LLC",evidenceOfInsurance,Evidence of Insurance,excessOrUmbrellaLiability,Umbrella/Excess Liability,evidenceOfInsuranceExcessOrUmbrellaLiabilityOccurence,Coverage Trigger: Occurrence,,matchOnce,must be present,,,non_compliant,Standard 10 - UMB 50M,,,false,0,,2026-08-16
QTS Data Centers,6a15b733bd30da3db41030d2,69f0f3c5beb6279e947be0f8,"Layton Construction Company, LLC",69f10c28beb6279e947be4ed,"PHX3DC2 - QTS Glendale I DC2, LLC",evidenceOfInsurance,Evidence of Insurance,excessOrUmbrellaLiability,Umbrella/Excess Liability,evidenceOfInsuranceExcessOrUmbrellaLiabilityEachOccurrence,Each Occurrence,,matchOnce,must be greater or equal to,50000000,,non_compliant,Standard 10 - UMB 50M,,,false,0,,2026-08-16
QTS Data Centers,6a15b733bd30da3db41030d2,69f0f3c5beb6279e947be0f8,"Layton Construction Company, LLC",69f10c28beb6279e947be4ed,"PHX3DC2 - QTS Glendale I DC2, LLC",evidenceOfInsurance,Evidence of Insurance,excessOrUmbrellaLiability,Umbrella/Excess Liability,evidenceOfInsuranceExcessOrUmbrellaLiabilityAdditionalInsuredEndorsement,Additional Insured,"---prompt---
Determine if the certificate holder is covered as an additional insured under the Umbrella/Excess Liability policy. Evidence may include: a checked ""Additional Insured"" box on the certificate for the umbrella section, mention in the Description of Operations section, reference to ""follow form"" status (which would extend underlying additional insured status), or explicit language naming the certificate holder as additional insured on the umbrella.",matchOnce,must be present,,,non_compliant,Standard 10 - UMB 50M,,,false,0,,2026-08-16
QTS Data Centers,6a15b733bd30da3db41030d2,69f0f3c5beb6279e947be0f8,"Layton Construction Company, LLC",69f10c28beb6279e947be4ed,"PHX3DC2 - QTS Glendale I DC2, LLC",evidenceOfInsurance,Evidence of Insurance,excessOrUmbrellaLiability,Umbrella/Excess Liability,evidenceOfInsuranceExcessOrUmbrellaLiabilityWaiverOfSubrogationEndorsement,Waiver of Subrogation,"---prompt---
Determine if the insurer has waived their right of subrogation in favor of the certificate holder under the Umbrella/Excess Liability policy. Evidence may include: a checked ""Waiver of Subrogation"" box on the certificate, mention in the Description of Operations section stating ""waiver of subrogation applies"", or reference to ""follow form"" status (which would extend underlying waiver). Look for language like ""subrogation is waived"" or ""per written contract"".",matchOnce,must be present,,,non_compliant,Standard 10 - UMB 50M,,,false,0,,2026-08-16
QTS Data Centers,6a15b733bd30da3db41030d2,69f0f3c5beb6279e947be0f8,"Layton Construction Company, LLC",69f10c28beb6279e947be4ed,"PHX3DC2 - QTS Glendale I DC2, LLC",evidenceOfInsurance,Evidence of Insurance,excessOrUmbrellaLiability,Umbrella/Excess Liability,evidenceOfInsuranceExcessOrUmbrellaLiabilityPrimaryAndNonContributoryEndorsement,Primary and Non-Contributory,"---prompt---
Determine if the Umbrella/Excess Liability policy provides primary and non-contributory coverage for the certificate holder. Evidence may include: a checked ""Primary"" box on the certificate, mention in the Description of Operations section stating ""primary and non-contributory"", or reference to ""follow form"" status (which would extend underlying primary status). Look for language indicating this policy will pay first before other applicable insurance and will not seek contribution.",matchOnce,must be present,,,non_compliant,Standard 10 - UMB 50M,,,false,0,,2026-08-16
QTS Data Centers,6a15b733bd30da3db41030d2,69f0f3c5beb6279e947be0f8,"Layton Construction Company, LLC",69f10c28beb6279e947be4ed,"PHX3DC2 - QTS Glendale I DC2, LLC",evidenceOfInsurance,Evidence of Insurance,workersCompensation,Workers' Compensation and Employer's Liability,evidenceOfInsuranceWorkersCompensationStatutoryLimits,Statutory Limits,,matchOnce,must be present,,,non_compliant,Standard 10 - UMB 50M,,,false,0,,2026-08-16
QTS Data Centers,6a15b733bd30da3db41030d2,69f0f3c5beb6279e947be0f8,"Layton Construction Company, LLC",69f10c28beb6279e947be4ed,"PHX3DC2 - QTS Glendale I DC2, LLC",evidenceOfInsurance,Evidence of Insurance,workersCompensation,Workers' Compensation and Employer's Liability,evidenceOfInsuranceWorkersCompensationEmployersLiabilityDiseaseEachEmployee,Employer's Liability Disease - each employee,,matchOnce,must be greater or equal to,500000,,non_compliant,Standard 10 - UMB 50M,,,false,0,,2026-08-16
QTS Data Centers,6a15b733bd30da3db41030d2,69f0f3c5beb6279e947be0f8,"Layton Construction Company, LLC",69f10c28beb6279e947be4ed,"PHX3DC2 - QTS Glendale I DC2, LLC",evidenceOfInsurance,Evidence of Insurance,workersCompensation,Workers' Compensation and Employer's Liability,evidenceOfInsuranceWorkersCompensationEmployersLiabilityDiseasePolicyLimit,Employer's Liability Disease - policy limit,,matchOnce,must be greater or equal to,500000,,non_compliant,Standard 10 - UMB 50M,,,false,0,,2026-08-16
QTS Data Centers,6a15b733bd30da3db41030d2,69f0f3c5beb6279e947be0f8,"Layton Construction Company, LLC",69f10c28beb6279e947be4ed,"PHX3DC2 - QTS Glendale I DC2, LLC",evidenceOfInsurance,Evidence of Insurance,workersCompensation,Workers' Compensation and Employer's Liability,evidenceOfInsuranceWorkersCompensationEmployersLiabilityEachAccident,Employer's Liability Each Accident,,matchOnce,must be greater or equal to,500000,,non_compliant,Standard 10 - UMB 50M,,,false,0,,2026-08-16
QTS Data Centers,6a15b733bd30da3db41030d2,69f0f3c5beb6279e947be0f8,"Layton Construction Company, LLC",69f10c28beb6279e947be4ed,"PHX3DC2 - QTS Glendale I DC2, LLC",evidenceOfInsurance,Evidence of Insurance,workersCompensation,Workers' Compensation and Employer's Liability,evidenceOfInsuranceWorkersCompensationWaiverOfSubrogationEndorsement,Waiver of Subrogation,"---prompt---
Determine if the insurer has waived their right of subrogation in favor of the certificate holder under the Workers' Compensation policy. Evidence may include: a checked ""Waiver of Subrogation"" box on the certificate, mention in the Description of Operations section stating ""waiver of subrogation applies"", or reference to form WC 00 03 13. Look for language like ""subrogation is waived"" or ""per written contract"".",matchOnce,must be present,,,non_compliant,Standard 10 - UMB 50M,,,false,0,,2026-08-16
QTS Data Centers,6a15b733bd30da3db41030d2,69f0f3c5beb6279e947be0f8,"Layton Construction Company, LLC",69f10c28beb6279e947be4ed,"PHX3DC2 - QTS Glendale I DC2, LLC",evidenceOfInsurance,Evidence of Insurance,professional,Professional Liability,evidenceOfInsuranceProfessionalLimitsEachClaim,Each Claim,,matchOnce,must be greater or equal to,2000000,,non_compliant,Standard 10 - UMB 50M,,,false,0,,2026-08-16
QTS Data Centers,6a15b733bd30da3db41030d2,69f0f3c5beb6279e947be0f8,"Layton Construction Company, LLC",69f10c28beb6279e947be4ed,"PHX3DC2 - QTS Glendale I DC2, LLC",evidenceOfInsurance,Evidence of Insurance,professional,Professional Liability,d672162b-0115-567e-ac40-48cb8d46cdc0,"Professional Liability Coverage Deductible must be less than or equal to $100,000",,matchOnce,must be present,,,non_compliant,Standard 10 - UMB 50M,,,true,0,,2026-08-16
QTS Data Centers,6a15b733bd30da3db41030d2,69f0f3c5beb6279e947be0f8,"Layton Construction Company, LLC",69f10c28beb6279e947be4ed,"PHX3DC2 - QTS Glendale I DC2, LLC",evidenceOfInsurance,Evidence of Insurance,6ac20aae-5728-5d57-b364-aeba38527dba,Additional Requirements,655cb50e-155d-5f8c-af5e-e7386263aa58,"Certificate Holder must read as: ""Quality Technology Services, LLC, 
Attention: Procurement Department
300 Satellite Blvd NW, Suwanee, GA 30024.""",,matchOnce,must be present,,,non_compliant,Standard 10 - UMB 50M,,,true,0,,2026-08-16
QTS Data Centers,6a15b733bd30da3db41030d2,69f0f3c5beb6279e947be0f8,"Layton Construction Company, LLC",69f10c28beb6279e947be4ed,"PHX3DC2 - QTS Glendale I DC2, LLC",evidenceOfInsurance,Evidence of Insurance,6ac20aae-5728-5d57-b364-aeba38527dba,Additional Requirements,25da7a11-b805-5d7d-8deb-65519e743757,"Description of Operations must read: Quality Tech, LP, and its officers, directors, employees, parents, subsidiaries, affiliates, and related companies, successors, and permitted assigns",,matchOnce,must be present,,,non_compliant,Standard 10 - UMB 50M,,,true,0,,2026-08-16
QTS Data Centers,6a15b733bd30da3db41030d2,69f0f3c5beb6279e947be0f8,"Layton Construction Company, LLC",69f10c28beb6279e947be4ed,"PHX3DC2 - QTS Glendale I DC2, LLC",evidenceOfInsurance,Evidence of Insurance,6ac20aae-5728-5d57-b364-aeba38527dba,Additional Requirements,03d7ddc3-a527-5f18-bdf6-355eb23cd9de,30-Day Notice of Cancellation must be present,,matchOnce,must be present,,,non_compliant,Standard 10 - UMB 50M,,,true,0,,2026-08-16
QTS Data Centers,6a15b733bd30da3db41030d2,69f0f3c5beb6279e947be0f8,"Layton Construction Company, LLC",69f10c28beb6279e947be4ed,"PHX3DC2 - QTS Glendale I DC2, LLC",evidenceOfInsurance,Evidence of Insurance,6ac20aae-5728-5d57-b364-aeba38527dba,Additional Requirements,8d7b12d5-c6dc-5efe-8cbd-acd9adedde5b,"Description of Operations must read: PHX3-DC2, located at 17426 W. Camelback Road, Litchfield Park, AZ 85340",,matchOnce,must be present,,,non_compliant,Standard 10 - UMB 50M,,,true,0,,2026-08-16
QTS Data Centers,6a15b733bd30da3db41030d2,69f0f3c5beb6279e947be0f8,"Layton Construction Company, LLC",69f10c28beb6279e947be4ed,"PHX3DC2 - QTS Glendale I DC2, LLC",evidenceOfInsurance,Evidence of Insurance,6ac20aae-5728-5d57-b364-aeba38527dba,Additional Requirements,cb1f16de-3a25-5909-ae3c-7feb6bab04f2,"Description of Operations must read: Commercial General Liability shall not include the following endorsements/exclusions or equivalent:

1. CG 2149 or CG 2155 o CG 2198 (Absolute Pollution Exclusion)
2. CG 2294 or CG 2295 (Damage to Work Performed by Contractors Exclusion)
3. CG 2139 (Contractual Limitation Endorsement)
4. CG 2142 (Explosion, Collapse or Underground Exclusion)",,matchOnce,must be present,,,non_compliant,Standard 10 - UMB 50M,,,true,0,,2026-08-16
QTS Data Centers,6a15b733bd30da3db41030d2,69f0f3c5beb6279e947be0f8,"Layton Construction Company, LLC",69f10c28beb6279e947be4ed,"PHX3DC2 - QTS Glendale I DC2, LLC",evidenceOfInsurance,Evidence of Insurance,6ac20aae-5728-5d57-b364-aeba38527dba,Additional Requirements,71685e25-c6d0-5692-aaaf-30f59a2f9a83,"Description of Operations must read: Workers Compensation shall include ""all states"" coverage",,matchOnce,must be present,,,non_compliant,Standard 10 - UMB 50M,,,true,0,,2026-08-16
QTS Data Centers,6a15b733bd30da3db41030d3,69f0f3c5beb6279e947be0f8,"Layton Construction Company, LLC",69f10c28beb6279e947be4ee,"PHX3DC9 - QTS Glendale I DC9, LLC",evidenceOfInsurance,Evidence of Insurance,commercialGeneralLiability,Commercial General Liability,evidenceOfInsuranceCommercialGeneralLiabilityAMBestRating,AM Best Rating,,matchOnce,must be greater or equal to,140,,non_compliant,Standard 10 - UMB 50M,,,false,0,,2026-08-16
QTS Data Centers,6a15b733bd30da3db41030d3,69f0f3c5beb6279e947be0f8,"Layton Construction Company, LLC",69f10c28beb6279e947be4ee,"PHX3DC9 - QTS Glendale I DC9, LLC",evidenceOfInsurance,Evidence of Insurance,commercialGeneralLiability,Commercial General Liability,evidenceOfInsuranceCommercialGeneralLiabilityAMBestFinancialStrength,AM Best Financial Strength,,matchOnce,must be greater or equal to,100,,non_compliant,Standard 10 - UMB 50M,,,false,0,,2026-08-16
QTS Data Centers,6a15b733bd30da3db41030d3,69f0f3c5beb6279e947be0f8,"Layton Construction Company, LLC",69f10c28beb6279e947be4ee,"PHX3DC9 - QTS Glendale I DC9, LLC",evidenceOfInsurance,Evidence of Insurance,commercialGeneralLiability,Commercial General Liability,evidenceOfInsuranceCommercialGeneralLiabilityCoverageTriggerOccurrence,Coverage Trigger: Occurrence,,matchOnce,must be present,,,non_compliant,Standard 10 - UMB 50M,,,false,0,,2026-08-16
QTS Data Centers,6a15b733bd30da3db41030d3,69f0f3c5beb6279e947be0f8,"Layton Construction Company, LLC",69f10c28beb6279e947be4ee,"PHX3DC9 - QTS Glendale I DC9, LLC",evidenceOfInsurance,Evidence of Insurance,commercialGeneralLiability,Commercial General Liability,evidenceOfInsuranceCommercialGeneralLiabilityGeneralAggregateLimitAppliesPerProject,General Aggregate Limit Applies per: Project,,matchOnce,must be present,,,non_compliant,Standard 10 - UMB 50M,,,false,0,,2026-08-16
QTS Data Centers,6a15b733bd30da3db41030d3,69f0f3c5beb6279e947be0f8,"Layton Construction Company, LLC",69f10c28beb6279e947be4ee,"PHX3DC9 - QTS Glendale I DC9, LLC",evidenceOfInsurance,Evidence of Insurance,commercialGeneralLiability,Commercial General Liability,evidenceOfInsuranceCommercialGeneralLiabilityEachOccurrence,Each Occurrence,,matchOnce,must be greater or equal to,2000000,,non_compliant,Standard 10 - UMB 50M,,,false,0,,2026-08-16
QTS Data Centers,6a15b733bd30da3db41030d3,69f0f3c5beb6279e947be0f8,"Layton Construction Company, LLC",69f10c28beb6279e947be4ee,"PHX3DC9 - QTS Glendale I DC9, LLC",evidenceOfInsurance,Evidence of Insurance,commercialGeneralLiability,Commercial General Liability,evidenceOfInsuranceCommercialGeneralLiabilityGeneralAggregate,General Aggregate,,matchOnce,must be greater or equal to,5000000,,non_compliant,Standard 10 - UMB 50M,,,false,0,,2026-08-16
QTS Data Centers,6a15b733bd30da3db41030d3,69f0f3c5beb6279e947be0f8,"Layton Construction Company, LLC",69f10c28beb6279e947be4ee,"PHX3DC9 - QTS Glendale I DC9, LLC",evidenceOfInsurance,Evidence of Insurance,commercialGeneralLiability,Commercial General Liability,evidenceOfInsuranceCommercialGeneralLiabilityProducsCompletedOperationsAggregate,Products/Completed Operations Aggregate,,matchOnce,must be greater or equal to,5000000,,non_compliant,Standard 10 - UMB 50M,,,false,0,,2026-08-16
QTS Data Centers,6a15b733bd30da3db41030d3,69f0f3c5beb6279e947be0f8,"Layton Construction Company, LLC",69f10c28beb6279e947be4ee,"PHX3DC9 - QTS Glendale I DC9, LLC",evidenceOfInsurance,Evidence of Insurance,commercialGeneralLiability,Commercial General Liability,evidenceOfInsuranceCommercialGeneralLiabilityAdditionalInsuredEndorsementOngoingOps,Additional Insured - Ongoing Operations,"---prompt---
Verify that additional insured coverage specifically includes ongoing operations. Look in the Description of Operations section for language like ""additional insured for ongoing operations"", ""CG 20 10"", ""CG 20 37"", or ""operations performed by or on behalf of the named insured"". The coverage should explicitly reference ongoing work, not just completed operations.",matchOnce,must be present,,,non_compliant,Standard 10 - UMB 50M,,,false,0,,2026-08-16
QTS Data Centers,6a15b733bd30da3db41030d3,69f0f3c5beb6279e947be0f8,"Layton Construction Company, LLC",69f10c28beb6279e947be4ee,"PHX3DC9 - QTS Glendale I DC9, LLC",evidenceOfInsurance,Evidence of Insurance,commercialGeneralLiability,Commercial General Liability,evidenceOfInsuranceCommercialGeneralLiabilityAdditionalInsuredEndorsementCompletedOps,Additional Insured - Completed Operations,"---prompt---
Verify that additional insured coverage specifically includes completed operations. Look in the Description of Operations section for language like ""additional insured for completed operations"", ""CG 20 37"", ""products-completed operations"", or similar. This coverage protects the certificate holder for claims arising after work is finished.",matchOnce,must be present,,,non_compliant,Standard 10 - UMB 50M,,,false,0,,2026-08-16
QTS Data Centers,6a15b733bd30da3db41030d3,69f0f3c5beb6279e947be0f8,"Layton Construction Company, LLC",69f10c28beb6279e947be4ee,"PHX3DC9 - QTS Glendale I DC9, LLC",evidenceOfInsurance,Evidence of Insurance,commercialGeneralLiability,Commercial General Liability,evidenceOfInsuranceCommercialGeneralLiabilityWaiverOfSubrogationEndorsement,Waiver of Subrogation,"---prompt---
Determine if the insurer has waived their right of subrogation in favor of the certificate holder under the Commercial General Liability policy. Evidence may include: a checked ""Waiver of Subrogation"" box on the certificate, mention in the Description of Operations section stating ""waiver of subrogation applies"", or reference to form CG 24 04. Look for language like ""subrogation is waived"" or ""per written contract"".",matchOnce,must be present,,,non_compliant,Standard 10 - UMB 50M,,,false,0,,2026-08-16
QTS Data Centers,6a15b733bd30da3db41030d3,69f0f3c5beb6279e947be0f8,"Layton Construction Company, LLC",69f10c28beb6279e947be4ee,"PHX3DC9 - QTS Glendale I DC9, LLC",evidenceOfInsurance,Evidence of Insurance,commercialGeneralLiability,Commercial General Liability,evidenceOfInsuranceCommercialGeneralLiabilityPrimaryAndNonContributoryEndorsement,Primary and Non-Contributory,"---prompt---
Determine if the Commercial General Liability policy provides primary and non-contributory coverage for the certificate holder. Evidence may include: a checked ""Primary"" box on the certificate, mention in the Description of Operations section stating ""primary and non-contributory"", or reference to endorsement CG 20 01. Look for language indicating this policy will pay first before other applicable insurance and will not seek contribution.",matchOnce,must be present,,,non_compliant,Standard 10 - UMB 50M,,,false,0,,2026-08-16
QTS Data Centers,6a15b733bd30da3db41030d3,69f0f3c5beb6279e947be0f8,"Layton Construction Company, LLC",69f10c28beb6279e947be4ee,"PHX3DC9 - QTS Glendale I DC9, LLC",evidenceOfInsurance,Evidence of Insurance,commercialGeneralLiability,Commercial General Liability,9c28ed56-e307-5cf9-88e9-0ada1f283104,Physical 30 Days Notice of Cancellation - 10 Days Notice for Non Payment Endorsement must be present,,matchOnce,must be present,,,non_compliant,Standard 10 - UMB 50M,,,true,0,,2026-08-16
QTS Data Centers,6a15b733bd30da3db41030d3,69f0f3c5beb6279e947be0f8,"Layton Construction Company, LLC",69f10c28beb6279e947be4ee,"PHX3DC9 - QTS Glendale I DC9, LLC",evidenceOfInsurance,Evidence of Insurance,automobileLiability,Automobile Liability,evidenceOfInsuranceAutomobileLiabilityCombinedSingleLimitEachAccident,Combined Single Limit (each accident),,matchOnce,must be greater or equal to,1000000,,non_compliant,Standard 10 - UMB 50M,,,false,0,,2026-08-16
QTS Data Centers,6a15b733bd30da3db41030d3,69f0f3c5beb6279e947be0f8,"Layton Construction Company, LLC",69f10c28beb6279e947be4ee,"PHX3DC9 - QTS Glendale I DC9, LLC",evidenceOfInsurance,Evidence of Insurance,automobileLiability,Automobile Liability,evidenceOfInsuranceAutomobileLiabilityCoverageAppliesToOwnedAutosOnly,Coverage Applies To: Owned Autos Only,,matchOnce,must be present,,,non_compliant,Standard 10 - UMB 50M,,,false,0,,2026-08-16
QTS Data Centers,6a15b733bd30da3db41030d3,69f0f3c5beb6279e947be0f8,"Layton Construction Company, LLC",69f10c28beb6279e947be4ee,"PHX3DC9 - QTS Glendale I DC9, LLC",evidenceOfInsurance,Evidence of Insurance,automobileLiability,Automobile Liability,evidenceOfInsuranceAutomobileLiabilityCoverageAppliesToNonOwnedAutosOnly,Coverage Applies To: Non-Owned Autos Only,,matchOnce,must be present,,,non_compliant,Standard 10 - UMB 50M,,,false,0,,2026-08-16
QTS Data Centers,6a15b733bd30da3db41030d3,69f0f3c5beb6279e947be0f8,"Layton Construction Company, LLC",69f10c28beb6279e947be4ee,"PHX3DC9 - QTS Glendale I DC9, LLC",evidenceOfInsurance,Evidence of Insurance,automobileLiability,Automobile Liability,evidenceOfInsuranceAutomobileLiabilityCoverageAppliesToHiredAutosOnly,Coverage Applies To: Hired Autos Only,,matchOnce,must be present,,,non_compliant,Standard 10 - UMB 50M,,,false,0,,2026-08-16
QTS Data Centers,6a15b733bd30da3db41030d3,69f0f3c5beb6279e947be0f8,"Layton Construction Company, LLC",69f10c28beb6279e947be4ee,"PHX3DC9 - QTS Glendale I DC9, LLC",evidenceOfInsurance,Evidence of Insurance,automobileLiability,Automobile Liability,evidenceOfInsuranceAutomobileLiabilityAdditionalInsuredEndorsement,Additional Insured,"---prompt---
Determine if the certificate holder is covered as an additional insured under the Automobile Liability policy. Evidence may include: a checked ""Additional Insured"" box on the certificate for the auto section, mention in the Description of Operations section, or reference to blanket additional insured coverage. Look for form number CA 20 48 or language like ""certificate holder is additional insured"" or ""per written contract"".",matchOnce,must be present,,,non_compliant,Standard 10 - UMB 50M,,,false,0,,2026-08-16
QTS Data Centers,6a15b733bd30da3db41030d3,69f0f3c5beb6279e947be0f8,"Layton Construction Company, LLC",69f10c28beb6279e947be4ee,"PHX3DC9 - QTS Glendale I DC9, LLC",evidenceOfInsurance,Evidence of Insurance,automobileLiability,Automobile Liability,evidenceOfInsuranceAutomobileLiabilityWaiverOfSubrogationEndorsement,Waiver of Subrogation,"---prompt---
Determine if the insurer has waived their right of subrogation in favor of the certificate holder under the Automobile Liability policy. Evidence may include: a checked ""Waiver of Subrogation"" box on the certificate, mention in the Description of Operations section stating ""waiver of subrogation applies"", or reference to form CA 04 44. Look for language like ""subrogation is waived"" or ""per written contract"".",matchOnce,must be present,,,non_compliant,Standard 10 - UMB 50M,,,false,0,,2026-08-16
QTS Data Centers,6a15b733bd30da3db41030d3,69f0f3c5beb6279e947be0f8,"Layton Construction Company, LLC",69f10c28beb6279e947be4ee,"PHX3DC9 - QTS Glendale I DC9, LLC",evidenceOfInsurance,Evidence of Insurance,automobileLiability,Automobile Liability,evidenceOfInsuranceAutomobileLiabilityPrimaryAndNonContributoryEndorsement,Primary and Non-Contributory,"---prompt---
Determine if the Automobile Liability policy provides primary and non-contributory coverage for the certificate holder. Evidence may include: a checked ""Primary"" box on the certificate, mention in the Description of Operations section stating ""primary and non-contributory"". Look for language indicating this policy will pay first before other applicable insurance and will not seek contribution.",matchOnce,must be present,,,non_compliant,Standard 10 - UMB 50M,,,false,0,,2026-08-16
QTS Data Centers,6a15b733bd30da3db41030d3,69f0f3c5beb6279e947be0f8,"Layton Construction Company, LLC",69f10c28beb6279e947be4ee,"PHX3DC9 - QTS Glendale I DC9, LLC",evidenceOfInsurance,Evidence of Insurance,automobileLiability,Automobile Liability,0e6f6daa-effc-5c25-af03-4f7e657ae801,Physical MCS-90 Endorsement must be present,,matchOnce,must be present,,,non_compliant,Standard 10 - UMB 50M,,,true,0,,2026-08-16
QTS Data Centers,6a15b733bd30da3db41030d3,69f0f3c5beb6279e947be0f8,"Layton Construction Company, LLC",69f10c28beb6279e947be4ee,"PHX3DC9 - QTS Glendale I DC9, LLC",evidenceOfInsurance,Evidence of Insurance,excessOrUmbrellaLiability,Umbrella/Excess Liability,evidenceOfInsuranceExcessOrUmbrellaLiabilityOccurence,Coverage Trigger: Occurrence,,matchOnce,must be present,,,non_compliant,Standard 10 - UMB 50M,,,false,0,,2026-08-16
QTS Data Centers,6a15b733bd30da3db41030d3,69f0f3c5beb6279e947be0f8,"Layton Construction Company, LLC",69f10c28beb6279e947be4ee,"PHX3DC9 - QTS Glendale I DC9, LLC",evidenceOfInsurance,Evidence of Insurance,excessOrUmbrellaLiability,Umbrella/Excess Liability,evidenceOfInsuranceExcessOrUmbrellaLiabilityEachOccurrence,Each Occurrence,,matchOnce,must be greater or equal to,50000000,,non_compliant,Standard 10 - UMB 50M,,,false,0,,2026-08-16
QTS Data Centers,6a15b733bd30da3db41030d3,69f0f3c5beb6279e947be0f8,"Layton Construction Company, LLC",69f10c28beb6279e947be4ee,"PHX3DC9 - QTS Glendale I DC9, LLC",evidenceOfInsurance,Evidence of Insurance,excessOrUmbrellaLiability,Umbrella/Excess Liability,evidenceOfInsuranceExcessOrUmbrellaLiabilityAdditionalInsuredEndorsement,Additional Insured,"---prompt---
Determine if the certificate holder is covered as an additional insured under the Umbrella/Excess Liability policy. Evidence may include: a checked ""Additional Insured"" box on the certificate for the umbrella section, mention in the Description of Operations section, reference to ""follow form"" status (which would extend underlying additional insured status), or explicit language naming the certificate holder as additional insured on the umbrella.",matchOnce,must be present,,,non_compliant,Standard 10 - UMB 50M,,,false,0,,2026-08-16
QTS Data Centers,6a15b733bd30da3db41030d3,69f0f3c5beb6279e947be0f8,"Layton Construction Company, LLC",69f10c28beb6279e947be4ee,"PHX3DC9 - QTS Glendale I DC9, LLC",evidenceOfInsurance,Evidence of Insurance,excessOrUmbrellaLiability,Umbrella/Excess Liability,evidenceOfInsuranceExcessOrUmbrellaLiabilityWaiverOfSubrogationEndorsement,Waiver of Subrogation,"---prompt---
Determine if the insurer has waived their right of subrogation in favor of the certificate holder under the Umbrella/Excess Liability policy. Evidence may include: a checked ""Waiver of Subrogation"" box on the certificate, mention in the Description of Operations section stating ""waiver of subrogation applies"", or reference to ""follow form"" status (which would extend underlying waiver). Look for language like ""subrogation is waived"" or ""per written contract"".",matchOnce,must be present,,,non_compliant,Standard 10 - UMB 50M,,,false,0,,2026-08-16
QTS Data Centers,6a15b733bd30da3db41030d3,69f0f3c5beb6279e947be0f8,"Layton Construction Company, LLC",69f10c28beb6279e947be4ee,"PHX3DC9 - QTS Glendale I DC9, LLC",evidenceOfInsurance,Evidence of Insurance,excessOrUmbrellaLiability,Umbrella/Excess Liability,evidenceOfInsuranceExcessOrUmbrellaLiabilityPrimaryAndNonContributoryEndorsement,Primary and Non-Contributory,"---prompt---
Determine if the Umbrella/Excess Liability policy provides primary and non-contributory coverage for the certificate holder. Evidence may include: a checked ""Primary"" box on the certificate, mention in the Description of Operations section stating ""primary and non-contributory"", or reference to ""follow form"" status (which would extend underlying primary status). Look for language indicating this policy will pay first before other applicable insurance and will not seek contribution.",matchOnce,must be present,,,non_compliant,Standard 10 - UMB 50M,,,false,0,,2026-08-16
QTS Data Centers,6a15b733bd30da3db41030d3,69f0f3c5beb6279e947be0f8,"Layton Construction Company, LLC",69f10c28beb6279e947be4ee,"PHX3DC9 - QTS Glendale I DC9, LLC",evidenceOfInsurance,Evidence of Insurance,workersCompensation,Workers' Compensation and Employer's Liability,evidenceOfInsuranceWorkersCompensationStatutoryLimits,Statutory Limits,,matchOnce,must be present,,,non_compliant,Standard 10 - UMB 50M,,,false,0,,2026-08-16
QTS Data Centers,6a15b733bd30da3db41030d3,69f0f3c5beb6279e947be0f8,"Layton Construction Company, LLC",69f10c28beb6279e947be4ee,"PHX3DC9 - QTS Glendale I DC9, LLC",evidenceOfInsurance,Evidence of Insurance,workersCompensation,Workers' Compensation and Employer's Liability,evidenceOfInsuranceWorkersCompensationEmployersLiabilityDiseaseEachEmployee,Employer's Liability Disease - each employee,,matchOnce,must be greater or equal to,500000,,non_compliant,Standard 10 - UMB 50M,,,false,0,,2026-08-16
QTS Data Centers,6a15b733bd30da3db41030d3,69f0f3c5beb6279e947be0f8,"Layton Construction Company, LLC",69f10c28beb6279e947be4ee,"PHX3DC9 - QTS Glendale I DC9, LLC",evidenceOfInsurance,Evidence of Insurance,workersCompensation,Workers' Compensation and Employer's Liability,evidenceOfInsuranceWorkersCompensationEmployersLiabilityDiseasePolicyLimit,Employer's Liability Disease - policy limit,,matchOnce,must be greater or equal to,500000,,non_compliant,Standard 10 - UMB 50M,,,false,0,,2026-08-16
QTS Data Centers,6a15b733bd30da3db41030d3,69f0f3c5beb6279e947be0f8,"Layton Construction Company, LLC",69f10c28beb6279e947be4ee,"PHX3DC9 - QTS Glendale I DC9, LLC",evidenceOfInsurance,Evidence of Insurance,workersCompensation,Workers' Compensation and Employer's Liability,evidenceOfInsuranceWorkersCompensationEmployersLiabilityEachAccident,Employer's Liability Each Accident,,matchOnce,must be greater or equal to,500000,,non_compliant,Standard 10 - UMB 50M,,,false,0,,2026-08-16
QTS Data Centers,6a15b733bd30da3db41030d3,69f0f3c5beb6279e947be0f8,"Layton Construction Company, LLC",69f10c28beb6279e947be4ee,"PHX3DC9 - QTS Glendale I DC9, LLC",evidenceOfInsurance,Evidence of Insurance,workersCompensation,Workers' Compensation and Employer's Liability,evidenceOfInsuranceWorkersCompensationWaiverOfSubrogationEndorsement,Waiver of Subrogation,"---prompt---
Determine if the insurer has waived their right of subrogation in favor of the certificate holder under the Workers' Compensation policy. Evidence may include: a checked ""Waiver of Subrogation"" box on the certificate, mention in the Description of Operations section stating ""waiver of subrogation applies"", or reference to form WC 00 03 13. Look for language like ""subrogation is waived"" or ""per written contract"".",matchOnce,must be present,,,non_compliant,Standard 10 - UMB 50M,,,false,0,,2026-08-16
QTS Data Centers,6a15b733bd30da3db41030d3,69f0f3c5beb6279e947be0f8,"Layton Construction Company, LLC",69f10c28beb6279e947be4ee,"PHX3DC9 - QTS Glendale I DC9, LLC",evidenceOfInsurance,Evidence of Insurance,professional,Professional Liability,evidenceOfInsuranceProfessionalLimitsEachClaim,Each Claim,,matchOnce,must be greater or equal to,2000000,,non_compliant,Standard 10 - UMB 50M,,,false,0,,2026-08-16
QTS Data Centers,6a15b733bd30da3db41030d3,69f0f3c5beb6279e947be0f8,"Layton Construction Company, LLC",69f10c28beb6279e947be4ee,"PHX3DC9 - QTS Glendale I DC9, LLC",evidenceOfInsurance,Evidence of Insurance,professional,Professional Liability,d672162b-0115-567e-ac40-48cb8d46cdc0,"Professional Liability Coverage Deductible must be less than or equal to $100,000",,matchOnce,must be present,,,non_compliant,Standard 10 - UMB 50M,,,true,0,,2026-08-16
QTS Data Centers,6a15b733bd30da3db41030d3,69f0f3c5beb6279e947be0f8,"Layton Construction Company, LLC",69f10c28beb6279e947be4ee,"PHX3DC9 - QTS Glendale I DC9, LLC",evidenceOfInsurance,Evidence of Insurance,6ac20aae-5728-5d57-b364-aeba38527dba,Additional Requirements,655cb50e-155d-5f8c-af5e-e7386263aa58,"Certificate Holder must read as: ""Quality Technology Services, LLC, 
Attention: Procurement Department
300 Satellite Blvd NW, Suwanee, GA 30024.""",,matchOnce,must be present,,,non_compliant,Standard 10 - UMB 50M,,,true,0,,2026-08-16
QTS Data Centers,6a15b733bd30da3db41030d3,69f0f3c5beb6279e947be0f8,"Layton Construction Company, LLC",69f10c28beb6279e947be4ee,"PHX3DC9 - QTS Glendale I DC9, LLC",evidenceOfInsurance,Evidence of Insurance,6ac20aae-5728-5d57-b364-aeba38527dba,Additional Requirements,25da7a11-b805-5d7d-8deb-65519e743757,"Description of Operations must read: Quality Tech, LP, and its officers, directors, employees, parents, subsidiaries, affiliates, and related companies, successors, and permitted assigns",,matchOnce,must be present,,,non_compliant,Standard 10 - UMB 50M,,,true,0,,2026-08-16
QTS Data Centers,6a15b733bd30da3db41030d3,69f0f3c5beb6279e947be0f8,"Layton Construction Company, LLC",69f10c28beb6279e947be4ee,"PHX3DC9 - QTS Glendale I DC9, LLC",evidenceOfInsurance,Evidence of Insurance,6ac20aae-5728-5d57-b364-aeba38527dba,Additional Requirements,03d7ddc3-a527-5f18-bdf6-355eb23cd9de,30-Day Notice of Cancellation must be present,,matchOnce,must be present,,,non_compliant,Standard 10 - UMB 50M,,,true,0,,2026-08-16
QTS Data Centers,6a15b733bd30da3db41030d3,69f0f3c5beb6279e947be0f8,"Layton Construction Company, LLC",69f10c28beb6279e947be4ee,"PHX3DC9 - QTS Glendale I DC9, LLC",evidenceOfInsurance,Evidence of Insurance,6ac20aae-5728-5d57-b364-aeba38527dba,Additional Requirements,8d7b12d5-c6dc-5efe-8cbd-acd9adedde5b,"Description of Operations must read: PHX3-DC9, located at 17236 W. Camelback Road, Litchfield Park, AZ 85340",,matchOnce,must be present,,,non_compliant,Standard 10 - UMB 50M,,,true,0,,2026-08-16
QTS Data Centers,6a15b733bd30da3db41030d3,69f0f3c5beb6279e947be0f8,"Layton Construction Company, LLC",69f10c28beb6279e947be4ee,"PHX3DC9 - QTS Glendale I DC9, LLC",evidenceOfInsurance,Evidence of Insurance,6ac20aae-5728-5d57-b364-aeba38527dba,Additional Requirements,cb1f16de-3a25-5909-ae3c-7feb6bab04f2,"Description of Operations must read: Commercial General Liability shall not include the following endorsements/exclusions or equivalent:

1. CG 2149 or CG 2155 o CG 2198 (Absolute Pollution Exclusion)
2. CG 2294 or CG 2295 (Damage to Work Performed by Contractors Exclusion)
3. CG 2139 (Contractual Limitation Endorsement)
4. CG 2142 (Explosion, Collapse or Underground Exclusion)",,matchOnce,must be present,,,non_compliant,Standard 10 - UMB 50M,,,true,0,,2026-08-16
QTS Data Centers,6a15b733bd30da3db41030d3,69f0f3c5beb6279e947be0f8,"Layton Construction Company, LLC",69f10c28beb6279e947be4ee,"PHX3DC9 - QTS Glendale I DC9, LLC",evidenceOfInsurance,Evidence of Insurance,6ac20aae-5728-5d57-b364-aeba38527dba,Additional Requirements,71685e25-c6d0-5692-aaaf-30f59a2f9a83,"Description of Operations must read: Workers Compensation shall include ""all states"" coverage",,matchOnce,must be present,,,non_compliant,Standard 10 - UMB 50M,,,true,0,,2026-08-16
QTS Data Centers,6a15b733bd30da3db41030d4,69f0f3c5beb6279e947be0ee,"HITT Contracting, Inc.",69f10c28beb6279e947be4d8,"MAN1DC4 - QTS Manassas I DC4, LLC",evidenceOfInsurance,Evidence of Insurance,commercialGeneralLiability,Commercial General Liability,evidenceOfInsuranceCommercialGeneralLiabilityAMBestRating,AM Best Rating,,matchOnce,must be greater or equal to,140,140,compliant,Standard 11,,,false,1,,2026-08-16
QTS Data Centers,6a15b733bd30da3db41030d4,69f0f3c5beb6279e947be0ee,"HITT Contracting, Inc.",69f10c28beb6279e947be4d8,"MAN1DC4 - QTS Manassas I DC4, LLC",evidenceOfInsurance,Evidence of Insurance,commercialGeneralLiability,Commercial General Liability,evidenceOfInsuranceCommercialGeneralLiabilityAMBestFinancialStrength,AM Best Financial Strength,,matchOnce,must be greater or equal to,100,150,compliant,Standard 11,,,false,1,,2026-08-16
QTS Data Centers,6a15b733bd30da3db41030d4,69f0f3c5beb6279e947be0ee,"HITT Contracting, Inc.",69f10c28beb6279e947be4d8,"MAN1DC4 - QTS Manassas I DC4, LLC",evidenceOfInsurance,Evidence of Insurance,commercialGeneralLiability,Commercial General Liability,evidenceOfInsuranceCommercialGeneralLiabilityCoverageTriggerOccurrence,Coverage Trigger: Occurrence,,matchOnce,must be present,,Present,compliant,Standard 11,,,false,1,,2026-08-16
QTS Data Centers,6a15b733bd30da3db41030d4,69f0f3c5beb6279e947be0ee,"HITT Contracting, Inc.",69f10c28beb6279e947be4d8,"MAN1DC4 - QTS Manassas I DC4, LLC",evidenceOfInsurance,Evidence of Insurance,commercialGeneralLiability,Commercial General Liability,evidenceOfInsuranceCommercialGeneralLiabilityGeneralAggregateLimitAppliesPerProject,General Aggregate Limit Applies per: Project,,matchOnce,must be present,,Present,compliant,Standard 11,,,false,1,,2026-08-16
QTS Data Centers,6a15b733bd30da3db41030d4,69f0f3c5beb6279e947be0ee,"HITT Contracting, Inc.",69f10c28beb6279e947be4d8,"MAN1DC4 - QTS Manassas I DC4, LLC",evidenceOfInsurance,Evidence of Insurance,commercialGeneralLiability,Commercial General Liability,evidenceOfInsuranceCommercialGeneralLiabilityEachOccurrence,Each Occurrence,,matchOnce,must be greater or equal to,2000000,2000000,compliant,Standard 11,,,false,1,,2026-08-16
QTS Data Centers,6a15b733bd30da3db41030d4,69f0f3c5beb6279e947be0ee,"HITT Contracting, Inc.",69f10c28beb6279e947be4d8,"MAN1DC4 - QTS Manassas I DC4, LLC",evidenceOfInsurance,Evidence of Insurance,commercialGeneralLiability,Commercial General Liability,evidenceOfInsuranceCommercialGeneralLiabilityGeneralAggregate,General Aggregate,,matchOnce,must be greater or equal to,5000000,4000000,non_compliant,Standard 11,,,false,1,,2026-08-16
QTS Data Centers,6a15b733bd30da3db41030d4,69f0f3c5beb6279e947be0ee,"HITT Contracting, Inc.",69f10c28beb6279e947be4d8,"MAN1DC4 - QTS Manassas I DC4, LLC",evidenceOfInsurance,Evidence of Insurance,commercialGeneralLiability,Commercial General Liability,evidenceOfInsuranceCommercialGeneralLiabilityProducsCompletedOperationsAggregate,Products/Completed Operations Aggregate,,matchOnce,must be greater or equal to,5000000,4000000,non_compliant,Standard 11,,,false,1,,2026-08-16
QTS Data Centers,6a15b733bd30da3db41030d4,69f0f3c5beb6279e947be0ee,"HITT Contracting, Inc.",69f10c28beb6279e947be4d8,"MAN1DC4 - QTS Manassas I DC4, LLC",evidenceOfInsurance,Evidence of Insurance,commercialGeneralLiability,Commercial General Liability,evidenceOfInsuranceCommercialGeneralLiabilityAdditionalInsuredEndorsementOngoingOps,Additional Insured - Ongoing Operations,"---prompt---
Verify that additional insured coverage specifically includes ongoing operations. Look in the Description of Operations section for language like ""additional insured for ongoing operations"", ""CG 20 10"", ""CG 20 37"", or ""operations performed by or on behalf of the named insured"". The coverage should explicitly reference ongoing work, not just completed operations.",matchOnce,must be present,,Present,compliant,Standard 11,,,false,1,,2026-08-16
QTS Data Centers,6a15b733bd30da3db41030d4,69f0f3c5beb6279e947be0ee,"HITT Contracting, Inc.",69f10c28beb6279e947be4d8,"MAN1DC4 - QTS Manassas I DC4, LLC",evidenceOfInsurance,Evidence of Insurance,commercialGeneralLiability,Commercial General Liability,evidenceOfInsuranceCommercialGeneralLiabilityAdditionalInsuredEndorsementCompletedOps,Additional Insured - Completed Operations,"---prompt---
Verify that additional insured coverage specifically includes completed operations. Look in the Description of Operations section for language like ""additional insured for completed operations"", ""CG 20 37"", ""products-completed operations"", or similar. This coverage protects the certificate holder for claims arising after work is finished.",matchOnce,must be present,,Present,compliant,Standard 11,,,false,1,,2026-08-16
QTS Data Centers,6a15b733bd30da3db41030d4,69f0f3c5beb6279e947be0ee,"HITT Contracting, Inc.",69f10c28beb6279e947be4d8,"MAN1DC4 - QTS Manassas I DC4, LLC",evidenceOfInsurance,Evidence of Insurance,commercialGeneralLiability,Commercial General Liability,evidenceOfInsuranceCommercialGeneralLiabilityWaiverOfSubrogationEndorsement,Waiver of Subrogation,"---prompt---
Determine if the insurer has waived their right of subrogation in favor of the certificate holder under the Commercial General Liability policy. Evidence may include: a checked ""Waiver of Subrogation"" box on the certificate, mention in the Description of Operations section stating ""waiver of subrogation applies"", or reference to form CG 24 04. Look for language like ""subrogation is waived"" or ""per written contract"".",matchOnce,must be present,,Present,compliant,Standard 11,,,false,1,,2026-08-16
QTS Data Centers,6a15b733bd30da3db41030d4,69f0f3c5beb6279e947be0ee,"HITT Contracting, Inc.",69f10c28beb6279e947be4d8,"MAN1DC4 - QTS Manassas I DC4, LLC",evidenceOfInsurance,Evidence of Insurance,commercialGeneralLiability,Commercial General Liability,evidenceOfInsuranceCommercialGeneralLiabilityPrimaryAndNonContributoryEndorsement,Primary and Non-Contributory,"---prompt---
Determine if the Commercial General Liability policy provides primary and non-contributory coverage for the certificate holder. Evidence may include: a checked ""Primary"" box on the certificate, mention in the Description of Operations section stating ""primary and non-contributory"", or reference to endorsement CG 20 01. Look for language indicating this policy will pay first before other applicable insurance and will not seek contribution.",matchOnce,must be present,,Present,compliant,Standard 11,,,false,1,,2026-08-16
QTS Data Centers,6a15b733bd30da3db41030d4,69f0f3c5beb6279e947be0ee,"HITT Contracting, Inc.",69f10c28beb6279e947be4d8,"MAN1DC4 - QTS Manassas I DC4, LLC",evidenceOfInsurance,Evidence of Insurance,commercialGeneralLiability,Commercial General Liability,9c28ed56-e307-5cf9-88e9-0ada1f283104,Physical 30 Days Notice of Cancellation - 10 Days Notice for Non Payment Endorsement must be present,,matchOnce,must be present,,,non_compliant,Standard 11,,,true,0,,2026-08-16
QTS Data Centers,6a15b733bd30da3db41030d4,69f0f3c5beb6279e947be0ee,"HITT Contracting, Inc.",69f10c28beb6279e947be4d8,"MAN1DC4 - QTS Manassas I DC4, LLC",evidenceOfInsurance,Evidence of Insurance,automobileLiability,Automobile Liability,evidenceOfInsuranceAutomobileLiabilityCombinedSingleLimitEachAccident,Combined Single Limit (each accident),,matchOnce,must be greater or equal to,1000000,2000000,compliant,Standard 11,,,false,1,,2026-08-16
QTS Data Centers,6a15b733bd30da3db41030d4,69f0f3c5beb6279e947be0ee,"HITT Contracting, Inc.",69f10c28beb6279e947be4d8,"MAN1DC4 - QTS Manassas I DC4, LLC",evidenceOfInsurance,Evidence of Insurance,automobileLiability,Automobile Liability,evidenceOfInsuranceAutomobileLiabilityCoverageAppliesToOwnedAutosOnly,Coverage Applies To: Owned Autos Only,,matchOnce,must be present,,Present,compliant,Standard 11,,,false,1,,2026-08-16
QTS Data Centers,6a15b733bd30da3db41030d4,69f0f3c5beb6279e947be0ee,"HITT Contracting, Inc.",69f10c28beb6279e947be4d8,"MAN1DC4 - QTS Manassas I DC4, LLC",evidenceOfInsurance,Evidence of Insurance,automobileLiability,Automobile Liability,evidenceOfInsuranceAutomobileLiabilityCoverageAppliesToNonOwnedAutosOnly,Coverage Applies To: Non-Owned Autos Only,,matchOnce,must be present,,Present,compliant,Standard 11,,,false,1,,2026-08-16
QTS Data Centers,6a15b733bd30da3db41030d4,69f0f3c5beb6279e947be0ee,"HITT Contracting, Inc.",69f10c28beb6279e947be4d8,"MAN1DC4 - QTS Manassas I DC4, LLC",evidenceOfInsurance,Evidence of Insurance,automobileLiability,Automobile Liability,evidenceOfInsuranceAutomobileLiabilityCoverageAppliesToHiredAutosOnly,Coverage Applies To: Hired Autos Only,,matchOnce,must be present,,Present,compliant,Standard 11,,,false,1,,2026-08-16
QTS Data Centers,6a15b733bd30da3db41030d4,69f0f3c5beb6279e947be0ee,"HITT Contracting, Inc.",69f10c28beb6279e947be4d8,"MAN1DC4 - QTS Manassas I DC4, LLC",evidenceOfInsurance,Evidence of Insurance,automobileLiability,Automobile Liability,evidenceOfInsuranceAutomobileLiabilityAdditionalInsuredEndorsement,Additional Insured,"---prompt---
Determine if the certificate holder is covered as an additional insured under the Automobile Liability policy. Evidence may include: a checked ""Additional Insured"" box on the certificate for the auto section, mention in the Description of Operations section, or reference to blanket additional insured coverage. Look for form number CA 20 48 or language like ""certificate holder is additional insured"" or ""per written contract"".",matchOnce,must be present,,Present,compliant,Standard 11,,,false,1,,2026-08-16
QTS Data Centers,6a15b733bd30da3db41030d4,69f0f3c5beb6279e947be0ee,"HITT Contracting, Inc.",69f10c28beb6279e947be4d8,"MAN1DC4 - QTS Manassas I DC4, LLC",evidenceOfInsurance,Evidence of Insurance,automobileLiability,Automobile Liability,evidenceOfInsuranceAutomobileLiabilityWaiverOfSubrogationEndorsement,Waiver of Subrogation,"---prompt---
Determine if the insurer has waived their right of subrogation in favor of the certificate holder under the Automobile Liability policy. Evidence may include: a checked ""Waiver of Subrogation"" box on the certificate, mention in the Description of Operations section stating ""waiver of subrogation applies"", or reference to form CA 04 44. Look for language like ""subrogation is waived"" or ""per written contract"".",matchOnce,must be present,,Present,compliant,Standard 11,,,false,1,,2026-08-16
QTS Data Centers,6a15b733bd30da3db41030d4,69f0f3c5beb6279e947be0ee,"HITT Contracting, Inc.",69f10c28beb6279e947be4d8,"MAN1DC4 - QTS Manassas I DC4, LLC",evidenceOfInsurance,Evidence of Insurance,automobileLiability,Automobile Liability,evidenceOfInsuranceAutomobileLiabilityPrimaryAndNonContributoryEndorsement,Primary and Non-Contributory,"---prompt---
Determine if the Automobile Liability policy provides primary and non-contributory coverage for the certificate holder. Evidence may include: a checked ""Primary"" box on the certificate, mention in the Description of Operations section stating ""primary and non-contributory"". Look for language indicating this policy will pay first before other applicable insurance and will not seek contribution.",matchOnce,must be present,,Present,compliant,Standard 11,,,false,1,,2026-08-16
QTS Data Centers,6a15b733bd30da3db41030d4,69f0f3c5beb6279e947be0ee,"HITT Contracting, Inc.",69f10c28beb6279e947be4d8,"MAN1DC4 - QTS Manassas I DC4, LLC",evidenceOfInsurance,Evidence of Insurance,automobileLiability,Automobile Liability,0e6f6daa-effc-5c25-af03-4f7e657ae801,Physical MCS-90 Endorsement must be present,,matchOnce,must be present,,,non_compliant,Standard 11,,,true,0,,2026-08-16
QTS Data Centers,6a15b733bd30da3db41030d4,69f0f3c5beb6279e947be0ee,"HITT Contracting, Inc.",69f10c28beb6279e947be4d8,"MAN1DC4 - QTS Manassas I DC4, LLC",evidenceOfInsurance,Evidence of Insurance,excessOrUmbrellaLiability,Umbrella/Excess Liability,evidenceOfInsuranceExcessOrUmbrellaLiabilityOccurence,Coverage Trigger: Occurrence,,matchOnce,must be present,,Present,compliant,Standard 11,,,false,1,,2026-08-16
QTS Data Centers,6a15b733bd30da3db41030d4,69f0f3c5beb6279e947be0ee,"HITT Contracting, Inc.",69f10c28beb6279e947be4d8,"MAN1DC4 - QTS Manassas I DC4, LLC",evidenceOfInsurance,Evidence of Insurance,excessOrUmbrellaLiability,Umbrella/Excess Liability,evidenceOfInsuranceExcessOrUmbrellaLiabilityEachOccurrence,Each Occurrence,,matchOnce,must be greater or equal to,75000000,25000000,non_compliant,Standard 11,,,false,1,,2026-08-16
QTS Data Centers,6a15b733bd30da3db41030d4,69f0f3c5beb6279e947be0ee,"HITT Contracting, Inc.",69f10c28beb6279e947be4d8,"MAN1DC4 - QTS Manassas I DC4, LLC",evidenceOfInsurance,Evidence of Insurance,excessOrUmbrellaLiability,Umbrella/Excess Liability,evidenceOfInsuranceExcessOrUmbrellaLiabilityAdditionalInsuredEndorsement,Additional Insured,"---prompt---
Determine if the certificate holder is covered as an additional insured under the Umbrella/Excess Liability policy. Evidence may include: a checked ""Additional Insured"" box on the certificate for the umbrella section, mention in the Description of Operations section, reference to ""follow form"" status (which would extend underlying additional insured status), or explicit language naming the certificate holder as additional insured on the umbrella.",matchOnce,must be present,,Present,compliant,Standard 11,,,false,1,,2026-08-16
QTS Data Centers,6a15b733bd30da3db41030d4,69f0f3c5beb6279e947be0ee,"HITT Contracting, Inc.",69f10c28beb6279e947be4d8,"MAN1DC4 - QTS Manassas I DC4, LLC",evidenceOfInsurance,Evidence of Insurance,excessOrUmbrellaLiability,Umbrella/Excess Liability,evidenceOfInsuranceExcessOrUmbrellaLiabilityWaiverOfSubrogationEndorsement,Waiver of Subrogation,"---prompt---
Determine if the insurer has waived their right of subrogation in favor of the certificate holder under the Umbrella/Excess Liability policy. Evidence may include: a checked ""Waiver of Subrogation"" box on the certificate, mention in the Description of Operations section stating ""waiver of subrogation applies"", or reference to ""follow form"" status (which would extend underlying waiver). Look for language like ""subrogation is waived"" or ""per written contract"".",matchOnce,must be present,,Present,compliant,Standard 11,,,false,1,,2026-08-16
QTS Data Centers,6a15b733bd30da3db41030d4,69f0f3c5beb6279e947be0ee,"HITT Contracting, Inc.",69f10c28beb6279e947be4d8,"MAN1DC4 - QTS Manassas I DC4, LLC",evidenceOfInsurance,Evidence of Insurance,excessOrUmbrellaLiability,Umbrella/Excess Liability,evidenceOfInsuranceExcessOrUmbrellaLiabilityPrimaryAndNonContributoryEndorsement,Primary and Non-Contributory,"---prompt---
Determine if the Umbrella/Excess Liability policy provides primary and non-contributory coverage for the certificate holder. Evidence may include: a checked ""Primary"" box on the certificate, mention in the Description of Operations section stating ""primary and non-contributory"", or reference to ""follow form"" status (which would extend underlying primary status). Look for language indicating this policy will pay first before other applicable insurance and will not seek contribution.",matchOnce,must be present,,Present,compliant,Standard 11,,,false,1,,2026-08-16
QTS Data Centers,6a15b733bd30da3db41030d4,69f0f3c5beb6279e947be0ee,"HITT Contracting, Inc.",69f10c28beb6279e947be4d8,"MAN1DC4 - QTS Manassas I DC4, LLC",evidenceOfInsurance,Evidence of Insurance,workersCompensation,Workers' Compensation and Employer's Liability,evidenceOfInsuranceWorkersCompensationStatutoryLimits,Statutory Limits,,matchOnce,must be present,,Present,compliant,Standard 11,,,false,1,,2026-08-16
QTS Data Centers,6a15b733bd30da3db41030d4,69f0f3c5beb6279e947be0ee,"HITT Contracting, Inc.",69f10c28beb6279e947be4d8,"MAN1DC4 - QTS Manassas I DC4, LLC",evidenceOfInsurance,Evidence of Insurance,workersCompensation,Workers' Compensation and Employer's Liability,evidenceOfInsuranceWorkersCompensationEmployersLiabilityDiseaseEachEmployee,Employer's Liability Disease - each employee,,matchOnce,must be greater or equal to,1000000,1000000,compliant,Standard 11,,,false,1,,2026-08-16
QTS Data Centers,6a15b733bd30da3db41030d4,69f0f3c5beb6279e947be0ee,"HITT Contracting, Inc.",69f10c28beb6279e947be4d8,"MAN1DC4 - QTS Manassas I DC4, LLC",evidenceOfInsurance,Evidence of Insurance,workersCompensation,Workers' Compensation and Employer's Liability,evidenceOfInsuranceWorkersCompensationEmployersLiabilityDiseasePolicyLimit,Employer's Liability Disease - policy limit,,matchOnce,must be greater or equal to,1000000,1000000,compliant,Standard 11,,,false,1,,2026-08-16
QTS Data Centers,6a15b733bd30da3db41030d4,69f0f3c5beb6279e947be0ee,"HITT Contracting, Inc.",69f10c28beb6279e947be4d8,"MAN1DC4 - QTS Manassas I DC4, LLC",evidenceOfInsurance,Evidence of Insurance,workersCompensation,Workers' Compensation and Employer's Liability,evidenceOfInsuranceWorkersCompensationEmployersLiabilityEachAccident,Employer's Liability Each Accident,,matchOnce,must be greater or equal to,1000000,1000000,compliant,Standard 11,,,false,1,,2026-08-16
QTS Data Centers,6a15b733bd30da3db41030d4,69f0f3c5beb6279e947be0ee,"HITT Contracting, Inc.",69f10c28beb6279e947be4d8,"MAN1DC4 - QTS Manassas I DC4, LLC",evidenceOfInsurance,Evidence of Insurance,workersCompensation,Workers' Compensation and Employer's Liability,evidenceOfInsuranceWorkersCompensationWaiverOfSubrogationEndorsement,Waiver of Subrogation,"---prompt---
Determine if the insurer has waived their right of subrogation in favor of the certificate holder under the Workers' Compensation policy. Evidence may include: a checked ""Waiver of Subrogation"" box on the certificate, mention in the Description of Operations section stating ""waiver of subrogation applies"", or reference to form WC 00 03 13. Look for language like ""subrogation is waived"" or ""per written contract"".",matchOnce,must be present,,Present,compliant,Standard 11,,,false,1,,2026-08-16
QTS Data Centers,6a15b733bd30da3db41030d4,69f0f3c5beb6279e947be0ee,"HITT Contracting, Inc.",69f10c28beb6279e947be4d8,"MAN1DC4 - QTS Manassas I DC4, LLC",evidenceOfInsurance,Evidence of Insurance,6ac20aae-5728-5d57-b364-aeba38527dba,Additional Requirements,655cb50e-155d-5f8c-af5e-e7386263aa58,"Certificate Holder must read as: ""Quality Technology Services, LLC, 
Attention: Procurement Department
300 Satellite Blvd NW, Suwanee, GA 30024.""",,matchOnce,must be present,,Present,compliant,Standard 11,,,true,1,,2026-08-16
QTS Data Centers,6a15b733bd30da3db41030d4,69f0f3c5beb6279e947be0ee,"HITT Contracting, Inc.",69f10c28beb6279e947be4d8,"MAN1DC4 - QTS Manassas I DC4, LLC",evidenceOfInsurance,Evidence of Insurance,6ac20aae-5728-5d57-b364-aeba38527dba,Additional Requirements,25da7a11-b805-5d7d-8deb-65519e743757,"Description of Operations must read: Quality Tech, LP, and its officers, directors, employees, parents, subsidiaries, affiliates, and related companies, successors, and permitted assigns",,matchOnce,must be present,,Present,compliant,Standard 11,,,true,1,,2026-08-16
QTS Data Centers,6a15b733bd30da3db41030d4,69f0f3c5beb6279e947be0ee,"HITT Contracting, Inc.",69f10c28beb6279e947be4d8,"MAN1DC4 - QTS Manassas I DC4, LLC",evidenceOfInsurance,Evidence of Insurance,6ac20aae-5728-5d57-b364-aeba38527dba,Additional Requirements,03d7ddc3-a527-5f18-bdf6-355eb23cd9de,30-Day Notice of Cancellation must be present,,matchOnce,must be present,,Present,compliant,Standard 11,,,true,1,,2026-08-16
QTS Data Centers,6a15b733bd30da3db41030d4,69f0f3c5beb6279e947be0ee,"HITT Contracting, Inc.",69f10c28beb6279e947be4d8,"MAN1DC4 - QTS Manassas I DC4, LLC",evidenceOfInsurance,Evidence of Insurance,6ac20aae-5728-5d57-b364-aeba38527dba,Additional Requirements,8d7b12d5-c6dc-5efe-8cbd-acd9adedde5b,"Description of Operations must read: MAN1-DC4, located at 9351 Freedom Center Blvd. Manassas, VA 20109",,matchOnce,must be present,,,non_compliant,Standard 11,,,true,0,,2026-08-16
QTS Data Centers,6a15b733bd30da3db41030d4,69f0f3c5beb6279e947be0ee,"HITT Contracting, Inc.",69f10c28beb6279e947be4d8,"MAN1DC4 - QTS Manassas I DC4, LLC",evidenceOfInsurance,Evidence of Insurance,6ac20aae-5728-5d57-b364-aeba38527dba,Additional Requirements,24a2347c-ab39-5dea-a6af-ad750440dde1,"Description of Operations must read: Commercial General Liability shall not include the following endorsements/exclusions or equivalent:

1. CG 2149 or CG 2155 o CG 2198 (Absolute Pollution Exclusion)
2. CG 2294 or CG 2295 (Damage to Work Performed by Contractors Exclusion)
3. CG 2139 (Contractual Limitation Endorsement)
4. CG 2196 (Silica or Silica Dust Exclusion), unless otherwise covered under an applicable pollution policy.
5. CG 2142 (Explosion, Collapse or Underground Exclusion)",,matchOnce,must be present,,,non_compliant,Standard 11,,,true,0,,2026-08-16
QTS Data Centers,6a15b733bd30da3db41030d4,69f0f3c5beb6279e947be0ee,"HITT Contracting, Inc.",69f10c28beb6279e947be4d8,"MAN1DC4 - QTS Manassas I DC4, LLC",evidenceOfInsurance,Evidence of Insurance,6ac20aae-5728-5d57-b364-aeba38527dba,Additional Requirements,71685e25-c6d0-5692-aaaf-30f59a2f9a83,"Description of Operations must read: Workers Compensation shall include ""all states"" coverage",,matchOnce,must be present,,,non_compliant,Standard 11,,,true,0,,2026-08-16
QTS Data Centers,6a15b733bd30da3db41030d5,69f0f3c5beb6279e947be107,"Structure Tone, LLC",69f10c28beb6279e947be4e6,"DFW2DC2 - QTS Dallas I DC2, LLC",evidenceOfInsurance,Evidence of Insurance,commercialGeneralLiability,Commercial General Liability,evidenceOfInsuranceCommercialGeneralLiabilityAMBestRating,AM Best Rating,,matchOnce,must be greater or equal to,140,150,compliant,Standard 12,,,false,1,,2026-08-16
QTS Data Centers,6a15b733bd30da3db41030d5,69f0f3c5beb6279e947be107,"Structure Tone, LLC",69f10c28beb6279e947be4e6,"DFW2DC2 - QTS Dallas I DC2, LLC",evidenceOfInsurance,Evidence of Insurance,commercialGeneralLiability,Commercial General Liability,evidenceOfInsuranceCommercialGeneralLiabilityAMBestFinancialStrength,AM Best Financial Strength,,matchOnce,must be greater or equal to,100,150,compliant,Standard 12,,,false,1,,2026-08-16
QTS Data Centers,6a15b733bd30da3db41030d5,69f0f3c5beb6279e947be107,"Structure Tone, LLC",69f10c28beb6279e947be4e6,"DFW2DC2 - QTS Dallas I DC2, LLC",evidenceOfInsurance,Evidence of Insurance,commercialGeneralLiability,Commercial General Liability,evidenceOfInsuranceCommercialGeneralLiabilityCoverageTriggerOccurrence,Coverage Trigger: Occurrence,,matchOnce,must be present,,Present,compliant,Standard 12,,,false,1,,2026-08-16
QTS Data Centers,6a15b733bd30da3db41030d5,69f0f3c5beb6279e947be107,"Structure Tone, LLC",69f10c28beb6279e947be4e6,"DFW2DC2 - QTS Dallas I DC2, LLC",evidenceOfInsurance,Evidence of Insurance,commercialGeneralLiability,Commercial General Liability,evidenceOfInsuranceCommercialGeneralLiabilityGeneralAggregateLimitAppliesPerProject,General Aggregate Limit Applies per: Project,,matchOnce,must be present,,Present,compliant,Standard 12,,,false,1,,2026-08-16
QTS Data Centers,6a15b733bd30da3db41030d5,69f0f3c5beb6279e947be107,"Structure Tone, LLC",69f10c28beb6279e947be4e6,"DFW2DC2 - QTS Dallas I DC2, LLC",evidenceOfInsurance,Evidence of Insurance,commercialGeneralLiability,Commercial General Liability,evidenceOfInsuranceCommercialGeneralLiabilityEachOccurrence,Each Occurrence,,matchOnce,must be greater or equal to,2000000,5000000,compliant,Standard 12,,,false,1,,2026-08-16
QTS Data Centers,6a15b733bd30da3db41030d5,69f0f3c5beb6279e947be107,"Structure Tone, LLC",69f10c28beb6279e947be4e6,"DFW2DC2 - QTS Dallas I DC2, LLC",evidenceOfInsurance,Evidence of Insurance,commercialGeneralLiability,Commercial General Liability,evidenceOfInsuranceCommercialGeneralLiabilityGeneralAggregate,General Aggregate,,matchOnce,must be greater or equal to,5000000,10000000,compliant,Standard 12,,,false,1,,2026-08-16
QTS Data Centers,6a15b733bd30da3db41030d5,69f0f3c5beb6279e947be107,"Structure Tone, LLC",69f10c28beb6279e947be4e6,"DFW2DC2 - QTS Dallas I DC2, LLC",evidenceOfInsurance,Evidence of Insurance,commercialGeneralLiability,Commercial General Liability,evidenceOfInsuranceCommercialGeneralLiabilityProducsCompletedOperationsAggregate,Products/Completed Operations Aggregate,,matchOnce,must be greater or equal to,5000000,10000000,compliant,Standard 12,,,false,1,,2026-08-16
QTS Data Centers,6a15b733bd30da3db41030d5,69f0f3c5beb6279e947be107,"Structure Tone, LLC",69f10c28beb6279e947be4e6,"DFW2DC2 - QTS Dallas I DC2, LLC",evidenceOfInsurance,Evidence of Insurance,commercialGeneralLiability,Commercial General Liability,evidenceOfInsuranceCommercialGeneralLiabilityAdditionalInsuredEndorsementOngoingOps,Additional Insured - Ongoing Operations,"---prompt---
Verify that additional insured coverage specifically includes ongoing operations. Look in the Description of Operations section for language like ""additional insured for ongoing operations"", ""CG 20 10"", ""CG 20 37"", or ""operations performed by or on behalf of the named insured"". The coverage should explicitly reference ongoing work, not just completed operations.",matchOnce,must be present,,Present,compliant,Standard 12,,,false,1,,2026-08-16
QTS Data Centers,6a15b733bd30da3db41030d5,69f0f3c5beb6279e947be107,"Structure Tone, LLC",69f10c28beb6279e947be4e6,"DFW2DC2 - QTS Dallas I DC2, LLC",evidenceOfInsurance,Evidence of Insurance,commercialGeneralLiability,Commercial General Liability,evidenceOfInsuranceCommercialGeneralLiabilityAdditionalInsuredEndorsementCompletedOps,Additional Insured - Completed Operations,"---prompt---
Verify that additional insured coverage specifically includes completed operations. Look in the Description of Operations section for language like ""additional insured for completed operations"", ""CG 20 37"", ""products-completed operations"", or similar. This coverage protects the certificate holder for claims arising after work is finished.",matchOnce,must be present,,Present,compliant,Standard 12,,,false,1,,2026-08-16
QTS Data Centers,6a15b733bd30da3db41030d5,69f0f3c5beb6279e947be107,"Structure Tone, LLC",69f10c28beb6279e947be4e6,"DFW2DC2 - QTS Dallas I DC2, LLC",evidenceOfInsurance,Evidence of Insurance,commercialGeneralLiability,Commercial General Liability,evidenceOfInsuranceCommercialGeneralLiabilityWaiverOfSubrogationEndorsement,Waiver of Subrogation,"---prompt---
Determine if the insurer has waived their right of subrogation in favor of the certificate holder under the Commercial General Liability policy. Evidence may include: a checked ""Waiver of Subrogation"" box on the certificate, mention in the Description of Operations section stating ""waiver of subrogation applies"", or reference to form CG 24 04. Look for language like ""subrogation is waived"" or ""per written contract"".",matchOnce,must be present,,Present,compliant,Standard 12,,,false,1,,2026-08-16
QTS Data Centers,6a15b733bd30da3db41030d5,69f0f3c5beb6279e947be107,"Structure Tone, LLC",69f10c28beb6279e947be4e6,"DFW2DC2 - QTS Dallas I DC2, LLC",evidenceOfInsurance,Evidence of Insurance,commercialGeneralLiability,Commercial General Liability,evidenceOfInsuranceCommercialGeneralLiabilityPrimaryAndNonContributoryEndorsement,Primary and Non-Contributory,"---prompt---
Determine if the Commercial General Liability policy provides primary and non-contributory coverage for the certificate holder. Evidence may include: a checked ""Primary"" box on the certificate, mention in the Description of Operations section stating ""primary and non-contributory"", or reference to endorsement CG 20 01. Look for language indicating this policy will pay first before other applicable insurance and will not seek contribution.",matchOnce,must be present,,Present,compliant,Standard 12,,,false,1,,2026-08-16
QTS Data Centers,6a15b733bd30da3db41030d5,69f0f3c5beb6279e947be107,"Structure Tone, LLC",69f10c28beb6279e947be4e6,"DFW2DC2 - QTS Dallas I DC2, LLC",evidenceOfInsurance,Evidence of Insurance,commercialGeneralLiability,Commercial General Liability,9c28ed56-e307-5cf9-88e9-0ada1f283104,Physical 30 Days Notice of Cancellation - 10 Days Notice for Non Payment Endorsement must be present,,matchOnce,must be present,,Present,compliant,Standard 12,,,true,1,,2026-08-16
QTS Data Centers,6a15b733bd30da3db41030d5,69f0f3c5beb6279e947be107,"Structure Tone, LLC",69f10c28beb6279e947be4e6,"DFW2DC2 - QTS Dallas I DC2, LLC",evidenceOfInsurance,Evidence of Insurance,automobileLiability,Automobile Liability,evidenceOfInsuranceAutomobileLiabilityCombinedSingleLimitEachAccident,Combined Single Limit (each accident),,matchOnce,must be greater or equal to,1000000,2000000,compliant,Standard 12,,,false,1,,2026-08-16
QTS Data Centers,6a15b733bd30da3db41030d5,69f0f3c5beb6279e947be107,"Structure Tone, LLC",69f10c28beb6279e947be4e6,"DFW2DC2 - QTS Dallas I DC2, LLC",evidenceOfInsurance,Evidence of Insurance,automobileLiability,Automobile Liability,evidenceOfInsuranceAutomobileLiabilityCoverageAppliesToOwnedAutosOnly,Coverage Applies To: Owned Autos Only,,matchOnce,must be present,,Present,compliant,Standard 12,,,false,1,,2026-08-16
QTS Data Centers,6a15b733bd30da3db41030d5,69f0f3c5beb6279e947be107,"Structure Tone, LLC",69f10c28beb6279e947be4e6,"DFW2DC2 - QTS Dallas I DC2, LLC",evidenceOfInsurance,Evidence of Insurance,automobileLiability,Automobile Liability,evidenceOfInsuranceAutomobileLiabilityCoverageAppliesToNonOwnedAutosOnly,Coverage Applies To: Non-Owned Autos Only,,matchOnce,must be present,,Present,compliant,Standard 12,,,false,1,,2026-08-16
QTS Data Centers,6a15b733bd30da3db41030d5,69f0f3c5beb6279e947be107,"Structure Tone, LLC",69f10c28beb6279e947be4e6,"DFW2DC2 - QTS Dallas I DC2, LLC",evidenceOfInsurance,Evidence of Insurance,automobileLiability,Automobile Liability,evidenceOfInsuranceAutomobileLiabilityCoverageAppliesToHiredAutosOnly,Coverage Applies To: Hired Autos Only,,matchOnce,must be present,,Present,compliant,Standard 12,,,false,1,,2026-08-16
QTS Data Centers,6a15b733bd30da3db41030d5,69f0f3c5beb6279e947be107,"Structure Tone, LLC",69f10c28beb6279e947be4e6,"DFW2DC2 - QTS Dallas I DC2, LLC",evidenceOfInsurance,Evidence of Insurance,automobileLiability,Automobile Liability,evidenceOfInsuranceAutomobileLiabilityAdditionalInsuredEndorsement,Additional Insured,"---prompt---
Determine if the certificate holder is covered as an additional insured under the Automobile Liability policy. Evidence may include: a checked ""Additional Insured"" box on the certificate for the auto section, mention in the Description of Operations section, or reference to blanket additional insured coverage. Look for form number CA 20 48 or language like ""certificate holder is additional insured"" or ""per written contract"".",matchOnce,must be present,,Present,compliant,Standard 12,,,false,1,,2026-08-16
QTS Data Centers,6a15b733bd30da3db41030d5,69f0f3c5beb6279e947be107,"Structure Tone, LLC",69f10c28beb6279e947be4e6,"DFW2DC2 - QTS Dallas I DC2, LLC",evidenceOfInsurance,Evidence of Insurance,automobileLiability,Automobile Liability,evidenceOfInsuranceAutomobileLiabilityWaiverOfSubrogationEndorsement,Waiver of Subrogation,"---prompt---
Determine if the insurer has waived their right of subrogation in favor of the certificate holder under the Automobile Liability policy. Evidence may include: a checked ""Waiver of Subrogation"" box on the certificate, mention in the Description of Operations section stating ""waiver of subrogation applies"", or reference to form CA 04 44. Look for language like ""subrogation is waived"" or ""per written contract"".",matchOnce,must be present,,Present,compliant,Standard 12,,,false,1,,2026-08-16
QTS Data Centers,6a15b733bd30da3db41030d5,69f0f3c5beb6279e947be107,"Structure Tone, LLC",69f10c28beb6279e947be4e6,"DFW2DC2 - QTS Dallas I DC2, LLC",evidenceOfInsurance,Evidence of Insurance,automobileLiability,Automobile Liability,evidenceOfInsuranceAutomobileLiabilityPrimaryAndNonContributoryEndorsement,Primary and Non-Contributory,"---prompt---
Determine if the Automobile Liability policy provides primary and non-contributory coverage for the certificate holder. Evidence may include: a checked ""Primary"" box on the certificate, mention in the Description of Operations section stating ""primary and non-contributory"". Look for language indicating this policy will pay first before other applicable insurance and will not seek contribution.",matchOnce,must be present,,Present,compliant,Standard 12,,,false,1,,2026-08-16
QTS Data Centers,6a15b733bd30da3db41030d5,69f0f3c5beb6279e947be107,"Structure Tone, LLC",69f10c28beb6279e947be4e6,"DFW2DC2 - QTS Dallas I DC2, LLC",evidenceOfInsurance,Evidence of Insurance,automobileLiability,Automobile Liability,0e6f6daa-effc-5c25-af03-4f7e657ae801,Physical MCS-90 Endorsement must be present,,matchOnce,must be present,,,waived,Standard 12,Per client (Mary Sparling) - exception granted for MCS-90 endorsement as Structure Tone does not haul. Exception applies to all projects. 2026-08-14 (LM),,true,0,,2026-08-16
QTS Data Centers,6a15b733bd30da3db41030d5,69f0f3c5beb6279e947be107,"Structure Tone, LLC",69f10c28beb6279e947be4e6,"DFW2DC2 - QTS Dallas I DC2, LLC",evidenceOfInsurance,Evidence of Insurance,excessOrUmbrellaLiability,Umbrella/Excess Liability,evidenceOfInsuranceExcessOrUmbrellaLiabilityOccurence,Coverage Trigger: Occurrence,,matchOnce,must be present,,Present,compliant,Standard 12,,,false,1,,2026-08-16
QTS Data Centers,6a15b733bd30da3db41030d5,69f0f3c5beb6279e947be107,"Structure Tone, LLC",69f10c28beb6279e947be4e6,"DFW2DC2 - QTS Dallas I DC2, LLC",evidenceOfInsurance,Evidence of Insurance,excessOrUmbrellaLiability,Umbrella/Excess Liability,evidenceOfInsuranceExcessOrUmbrellaLiabilityEachOccurrence,Each Occurrence,,matchOnce,must be greater or equal to,75000000,75000000,compliant,Standard 12,,,false,1,,2026-08-16
QTS Data Centers,6a15b733bd30da3db41030d5,69f0f3c5beb6279e947be107,"Structure Tone, LLC",69f10c28beb6279e947be4e6,"DFW2DC2 - QTS Dallas I DC2, LLC",evidenceOfInsurance,Evidence of Insurance,excessOrUmbrellaLiability,Umbrella/Excess Liability,evidenceOfInsuranceExcessOrUmbrellaLiabilityAdditionalInsuredEndorsement,Additional Insured,"---prompt---
Determine if the certificate holder is covered as an additional insured under the Umbrella/Excess Liability policy. Evidence may include: a checked ""Additional Insured"" box on the certificate for the umbrella section, mention in the Description of Operations section, reference to ""follow form"" status (which would extend underlying additional insured status), or explicit language naming the certificate holder as additional insured on the umbrella.",matchOnce,must be present,,Present,compliant,Standard 12,,,false,1,,2026-08-16
QTS Data Centers,6a15b733bd30da3db41030d5,69f0f3c5beb6279e947be107,"Structure Tone, LLC",69f10c28beb6279e947be4e6,"DFW2DC2 - QTS Dallas I DC2, LLC",evidenceOfInsurance,Evidence of Insurance,excessOrUmbrellaLiability,Umbrella/Excess Liability,evidenceOfInsuranceExcessOrUmbrellaLiabilityWaiverOfSubrogationEndorsement,Waiver of Subrogation,"---prompt---
Determine if the insurer has waived their right of subrogation in favor of the certificate holder under the Umbrella/Excess Liability policy. Evidence may include: a checked ""Waiver of Subrogation"" box on the certificate, mention in the Description of Operations section stating ""waiver of subrogation applies"", or reference to ""follow form"" status (which would extend underlying waiver). Look for language like ""subrogation is waived"" or ""per written contract"".",matchOnce,must be present,,Present,compliant,Standard 12,,,false,1,,2026-08-16
QTS Data Centers,6a15b733bd30da3db41030d5,69f0f3c5beb6279e947be107,"Structure Tone, LLC",69f10c28beb6279e947be4e6,"DFW2DC2 - QTS Dallas I DC2, LLC",evidenceOfInsurance,Evidence of Insurance,excessOrUmbrellaLiability,Umbrella/Excess Liability,evidenceOfInsuranceExcessOrUmbrellaLiabilityPrimaryAndNonContributoryEndorsement,Primary and Non-Contributory,"---prompt---
Determine if the Umbrella/Excess Liability policy provides primary and non-contributory coverage for the certificate holder. Evidence may include: a checked ""Primary"" box on the certificate, mention in the Description of Operations section stating ""primary and non-contributory"", or reference to ""follow form"" status (which would extend underlying primary status). Look for language indicating this policy will pay first before other applicable insurance and will not seek contribution.",matchOnce,must be present,,Present,compliant,Standard 12,,,false,1,,2026-08-16
QTS Data Centers,6a15b733bd30da3db41030d5,69f0f3c5beb6279e947be107,"Structure Tone, LLC",69f10c28beb6279e947be4e6,"DFW2DC2 - QTS Dallas I DC2, LLC",evidenceOfInsurance,Evidence of Insurance,workersCompensation,Workers' Compensation and Employer's Liability,evidenceOfInsuranceWorkersCompensationStatutoryLimits,Statutory Limits,,matchOnce,must be present,,Present,compliant,Standard 12,,,false,1,,2026-08-16
QTS Data Centers,6a15b733bd30da3db41030d5,69f0f3c5beb6279e947be107,"Structure Tone, LLC",69f10c28beb6279e947be4e6,"DFW2DC2 - QTS Dallas I DC2, LLC",evidenceOfInsurance,Evidence of Insurance,workersCompensation,Workers' Compensation and Employer's Liability,evidenceOfInsuranceWorkersCompensationEmployersLiabilityDiseaseEachEmployee,Employer's Liability Disease - each employee,,matchOnce,must be greater or equal to,500000,2000000,compliant,Standard 12,,,false,1,,2026-08-16
QTS Data Centers,6a15b733bd30da3db41030d5,69f0f3c5beb6279e947be107,"Structure Tone, LLC",69f10c28beb6279e947be4e6,"DFW2DC2 - QTS Dallas I DC2, LLC",evidenceOfInsurance,Evidence of Insurance,workersCompensation,Workers' Compensation and Employer's Liability,evidenceOfInsuranceWorkersCompensationEmployersLiabilityDiseasePolicyLimit,Employer's Liability Disease - policy limit,,matchOnce,must be greater or equal to,500000,2000000,compliant,Standard 12,,,false,1,,2026-08-16
QTS Data Centers,6a15b733bd30da3db41030d5,69f0f3c5beb6279e947be107,"Structure Tone, LLC",69f10c28beb6279e947be4e6,"DFW2DC2 - QTS Dallas I DC2, LLC",evidenceOfInsurance,Evidence of Insurance,workersCompensation,Workers' Compensation and Employer's Liability,evidenceOfInsuranceWorkersCompensationEmployersLiabilityEachAccident,Employer's Liability Each Accident,,matchOnce,must be greater or equal to,500000,2000000,compliant,Standard 12,,,false,1,,2026-08-16
QTS Data Centers,6a15b733bd30da3db41030d5,69f0f3c5beb6279e947be107,"Structure Tone, LLC",69f10c28beb6279e947be4e6,"DFW2DC2 - QTS Dallas I DC2, LLC",evidenceOfInsurance,Evidence of Insurance,workersCompensation,Workers' Compensation and Employer's Liability,evidenceOfInsuranceWorkersCompensationWaiverOfSubrogationEndorsement,Waiver of Subrogation,"---prompt---
Determine if the insurer has waived their right of subrogation in favor of the certificate holder under the Workers' Compensation policy. Evidence may include: a checked ""Waiver of Subrogation"" box on the certificate, mention in the Description of Operations section stating ""waiver of subrogation applies"", or reference to form WC 00 03 13. Look for language like ""subrogation is waived"" or ""per written contract"".",matchOnce,must be present,,Present,compliant,Standard 12,,,false,1,,2026-08-16
QTS Data Centers,6a15b733bd30da3db41030d5,69f0f3c5beb6279e947be107,"Structure Tone, LLC",69f10c28beb6279e947be4e6,"DFW2DC2 - QTS Dallas I DC2, LLC",evidenceOfInsurance,Evidence of Insurance,professional,Professional Liability,evidenceOfInsuranceProfessionalLimitsEachClaim,Each Claim,,matchOnce,must be greater or equal to,2000000,,non_compliant,Standard 12,,,false,0,,2026-08-16
QTS Data Centers,6a15b733bd30da3db41030d5,69f0f3c5beb6279e947be107,"Structure Tone, LLC",69f10c28beb6279e947be4e6,"DFW2DC2 - QTS Dallas I DC2, LLC",evidenceOfInsurance,Evidence of Insurance,professional,Professional Liability,d672162b-0115-567e-ac40-48cb8d46cdc0,"Professional Liability Coverage Deductible must be less than or equal to $100,000",,matchOnce,must be present,,,waived,Standard 12,Per client (Mary Sparling) - exception granted for Professional Liab $100k deductible max. $1M deductible is acceptable per $10M Professional Liability limit. 2026-08-14 (LM),,true,0,,2026-08-16
QTS Data Centers,6a15b733bd30da3db41030d5,69f0f3c5beb6279e947be107,"Structure Tone, LLC",69f10c28beb6279e947be4e6,"DFW2DC2 - QTS Dallas I DC2, LLC",evidenceOfInsurance,Evidence of Insurance,6ac20aae-5728-5d57-b364-aeba38527dba,Additional Requirements,655cb50e-155d-5f8c-af5e-e7386263aa58,"Certificate Holder must read as: ""Quality Technology Services, LLC, 
Attention: Procurement Department
300 Satellite Blvd NW, Suwanee, GA 30024.""",,matchOnce,must be present,,,non_compliant,Standard 12,,,true,0,,2026-08-16
QTS Data Centers,6a15b733bd30da3db41030d5,69f0f3c5beb6279e947be107,"Structure Tone, LLC",69f10c28beb6279e947be4e6,"DFW2DC2 - QTS Dallas I DC2, LLC",evidenceOfInsurance,Evidence of Insurance,6ac20aae-5728-5d57-b364-aeba38527dba,Additional Requirements,25da7a11-b805-5d7d-8deb-65519e743757,"Description of Operations must read: Quality Tech, LP, and its officers, directors, employees, parents, subsidiaries, affiliates, and related companies, successors, and permitted assigns",,matchOnce,must be present,,,non_compliant,Standard 12,,,true,0,,2026-08-16
QTS Data Centers,6a15b733bd30da3db41030d5,69f0f3c5beb6279e947be107,"Structure Tone, LLC",69f10c28beb6279e947be4e6,"DFW2DC2 - QTS Dallas I DC2, LLC",evidenceOfInsurance,Evidence of Insurance,6ac20aae-5728-5d57-b364-aeba38527dba,Additional Requirements,03d7ddc3-a527-5f18-bdf6-355eb23cd9de,30-Day Notice of Cancellation must be present,,matchOnce,must be present,,Present,compliant,Standard 12,,,true,1,,2026-08-16
QTS Data Centers,6a15b733bd30da3db41030d5,69f0f3c5beb6279e947be107,"Structure Tone, LLC",69f10c28beb6279e947be4e6,"DFW2DC2 - QTS Dallas I DC2, LLC",evidenceOfInsurance,Evidence of Insurance,6ac20aae-5728-5d57-b364-aeba38527dba,Additional Requirements,8d7b12d5-c6dc-5efe-8cbd-acd9adedde5b,"Description of Operations must read: DFW2-DC2, located at 303 Mason Road, Wilmer, TX 75146",,matchOnce,must be present,,,non_compliant,Standard 12,,,true,0,,2026-08-16
QTS Data Centers,6a15b733bd30da3db41030d5,69f0f3c5beb6279e947be107,"Structure Tone, LLC",69f10c28beb6279e947be4e6,"DFW2DC2 - QTS Dallas I DC2, LLC",evidenceOfInsurance,Evidence of Insurance,6ac20aae-5728-5d57-b364-aeba38527dba,Additional Requirements,24a2347c-ab39-5dea-a6af-ad750440dde1,"Description of Operations must read: Commercial General Liability shall not include the following endorsements/exclusions or equivalent:

1. CG 2149 or CG 2155 o CG 2198 (Absolute Pollution Exclusion)
2. CG 2294 or CG 2295 (Damage to Work Performed by Contractors Exclusion)
3. CG 2139 (Contractual Limitation Endorsement)
4. CG 2196 (Silica or Silica Dust Exclusion), unless otherwise covered under an applicable pollution policy.
5. CG 2142 (Explosion, Collapse or Underground Exclusion)",,matchOnce,must be present,,,non_compliant,Standard 12,,,true,0,,2026-08-16
QTS Data Centers,6a15b733bd30da3db41030d5,69f0f3c5beb6279e947be107,"Structure Tone, LLC",69f10c28beb6279e947be4e6,"DFW2DC2 - QTS Dallas I DC2, LLC",evidenceOfInsurance,Evidence of Insurance,6ac20aae-5728-5d57-b364-aeba38527dba,Additional Requirements,71685e25-c6d0-5692-aaaf-30f59a2f9a83,"Description of Operations must read: Workers Compensation shall include ""all states"" coverage",,matchOnce,must be present,,,non_compliant,Standard 12,,,true,0,,2026-08-16
QTS Data Centers,6a15b733bd30da3db41030d6,69f0f3c5beb6279e947be107,"Structure Tone, LLC",69f10c28beb6279e947be4e7,"DFW2DC4 - QTS Dallas I DC4, LLC",evidenceOfInsurance,Evidence of Insurance,commercialGeneralLiability,Commercial General Liability,evidenceOfInsuranceCommercialGeneralLiabilityAMBestRating,AM Best Rating,,matchOnce,must be greater or equal to,140,150,compliant,Standard 12,,,false,3,,2026-08-16
QTS Data Centers,6a15b733bd30da3db41030d6,69f0f3c5beb6279e947be107,"Structure Tone, LLC",69f10c28beb6279e947be4e7,"DFW2DC4 - QTS Dallas I DC4, LLC",evidenceOfInsurance,Evidence of Insurance,commercialGeneralLiability,Commercial General Liability,evidenceOfInsuranceCommercialGeneralLiabilityAMBestFinancialStrength,AM Best Financial Strength,,matchOnce,must be greater or equal to,100,150,compliant,Standard 12,,,false,3,,2026-08-16
QTS Data Centers,6a15b733bd30da3db41030d6,69f0f3c5beb6279e947be107,"Structure Tone, LLC",69f10c28beb6279e947be4e7,"DFW2DC4 - QTS Dallas I DC4, LLC",evidenceOfInsurance,Evidence of Insurance,commercialGeneralLiability,Commercial General Liability,evidenceOfInsuranceCommercialGeneralLiabilityCoverageTriggerOccurrence,Coverage Trigger: Occurrence,,matchOnce,must be present,,Present,compliant,Standard 12,,,false,3,,2026-08-16
QTS Data Centers,6a15b733bd30da3db41030d6,69f0f3c5beb6279e947be107,"Structure Tone, LLC",69f10c28beb6279e947be4e7,"DFW2DC4 - QTS Dallas I DC4, LLC",evidenceOfInsurance,Evidence of Insurance,commercialGeneralLiability,Commercial General Liability,evidenceOfInsuranceCommercialGeneralLiabilityGeneralAggregateLimitAppliesPerProject,General Aggregate Limit Applies per: Project,,matchOnce,must be present,,Present,compliant,Standard 12,,,false,3,,2026-08-16
QTS Data Centers,6a15b733bd30da3db41030d6,69f0f3c5beb6279e947be107,"Structure Tone, LLC",69f10c28beb6279e947be4e7,"DFW2DC4 - QTS Dallas I DC4, LLC",evidenceOfInsurance,Evidence of Insurance,commercialGeneralLiability,Commercial General Liability,evidenceOfInsuranceCommercialGeneralLiabilityEachOccurrence,Each Occurrence,,matchOnce,must be greater or equal to,2000000,5000000,compliant,Standard 12,,,false,3,,2026-08-16
QTS Data Centers,6a15b733bd30da3db41030d6,69f0f3c5beb6279e947be107,"Structure Tone, LLC",69f10c28beb6279e947be4e7,"DFW2DC4 - QTS Dallas I DC4, LLC",evidenceOfInsurance,Evidence of Insurance,commercialGeneralLiability,Commercial General Liability,evidenceOfInsuranceCommercialGeneralLiabilityGeneralAggregate,General Aggregate,,matchOnce,must be greater or equal to,5000000,10000000,compliant,Standard 12,,,false,3,,2026-08-16
QTS Data Centers,6a15b733bd30da3db41030d6,69f0f3c5beb6279e947be107,"Structure Tone, LLC",69f10c28beb6279e947be4e7,"DFW2DC4 - QTS Dallas I DC4, LLC",evidenceOfInsurance,Evidence of Insurance,commercialGeneralLiability,Commercial General Liability,evidenceOfInsuranceCommercialGeneralLiabilityProducsCompletedOperationsAggregate,Products/Completed Operations Aggregate,,matchOnce,must be greater or equal to,5000000,10000000,compliant,Standard 12,,,false,3,,2026-08-16
QTS Data Centers,6a15b733bd30da3db41030d6,69f0f3c5beb6279e947be107,"Structure Tone, LLC",69f10c28beb6279e947be4e7,"DFW2DC4 - QTS Dallas I DC4, LLC",evidenceOfInsurance,Evidence of Insurance,commercialGeneralLiability,Commercial General Liability,evidenceOfInsuranceCommercialGeneralLiabilityAdditionalInsuredEndorsementOngoingOps,Additional Insured - Ongoing Operations,"---prompt---
Verify that additional insured coverage specifically includes ongoing operations. Look in the Description of Operations section for language like ""additional insured for ongoing operations"", ""CG 20 10"", ""CG 20 37"", or ""operations performed by or on behalf of the named insured"". The coverage should explicitly reference ongoing work, not just completed operations.",matchOnce,must be present,,Present,compliant,Standard 12,,,false,3,,2026-08-16
QTS Data Centers,6a15b733bd30da3db41030d6,69f0f3c5beb6279e947be107,"Structure Tone, LLC",69f10c28beb6279e947be4e7,"DFW2DC4 - QTS Dallas I DC4, LLC",evidenceOfInsurance,Evidence of Insurance,commercialGeneralLiability,Commercial General Liability,evidenceOfInsuranceCommercialGeneralLiabilityAdditionalInsuredEndorsementCompletedOps,Additional Insured - Completed Operations,"---prompt---
Verify that additional insured coverage specifically includes completed operations. Look in the Description of Operations section for language like ""additional insured for completed operations"", ""CG 20 37"", ""products-completed operations"", or similar. This coverage protects the certificate holder for claims arising after work is finished.",matchOnce,must be present,,Present,compliant,Standard 12,,,false,2,,2026-08-16
QTS Data Centers,6a15b733bd30da3db41030d6,69f0f3c5beb6279e947be107,"Structure Tone, LLC",69f10c28beb6279e947be4e7,"DFW2DC4 - QTS Dallas I DC4, LLC",evidenceOfInsurance,Evidence of Insurance,commercialGeneralLiability,Commercial General Liability,evidenceOfInsuranceCommercialGeneralLiabilityWaiverOfSubrogationEndorsement,Waiver of Subrogation,"---prompt---
Determine if the insurer has waived their right of subrogation in favor of the certificate holder under the Commercial General Liability policy. Evidence may include: a checked ""Waiver of Subrogation"" box on the certificate, mention in the Description of Operations section stating ""waiver of subrogation applies"", or reference to form CG 24 04. Look for language like ""subrogation is waived"" or ""per written contract"".",matchOnce,must be present,,Present,compliant,Standard 12,,,false,3,,2026-08-16
QTS Data Centers,6a15b733bd30da3db41030d6,69f0f3c5beb6279e947be107,"Structure Tone, LLC",69f10c28beb6279e947be4e7,"DFW2DC4 - QTS Dallas I DC4, LLC",evidenceOfInsurance,Evidence of Insurance,commercialGeneralLiability,Commercial General Liability,evidenceOfInsuranceCommercialGeneralLiabilityPrimaryAndNonContributoryEndorsement,Primary and Non-Contributory,"---prompt---
Determine if the Commercial General Liability policy provides primary and non-contributory coverage for the certificate holder. Evidence may include: a checked ""Primary"" box on the certificate, mention in the Description of Operations section stating ""primary and non-contributory"", or reference to endorsement CG 20 01. Look for language indicating this policy will pay first before other applicable insurance and will not seek contribution.",matchOnce,must be present,,Present,compliant,Standard 12,,,false,3,,2026-08-16
QTS Data Centers,6a15b733bd30da3db41030d6,69f0f3c5beb6279e947be107,"Structure Tone, LLC",69f10c28beb6279e947be4e7,"DFW2DC4 - QTS Dallas I DC4, LLC",evidenceOfInsurance,Evidence of Insurance,commercialGeneralLiability,Commercial General Liability,9c28ed56-e307-5cf9-88e9-0ada1f283104,Physical 30 Days Notice of Cancellation - 10 Days Notice for Non Payment Endorsement must be present,,matchOnce,must be present,,Present,compliant,Standard 12,,,true,1,,2026-08-16
QTS Data Centers,6a15b733bd30da3db41030d6,69f0f3c5beb6279e947be107,"Structure Tone, LLC",69f10c28beb6279e947be4e7,"DFW2DC4 - QTS Dallas I DC4, LLC",evidenceOfInsurance,Evidence of Insurance,automobileLiability,Automobile Liability,evidenceOfInsuranceAutomobileLiabilityCombinedSingleLimitEachAccident,Combined Single Limit (each accident),,matchOnce,must be greater or equal to,1000000,2000000,compliant,Standard 12,,,false,3,,2026-08-16
QTS Data Centers,6a15b733bd30da3db41030d6,69f0f3c5beb6279e947be107,"Structure Tone, LLC",69f10c28beb6279e947be4e7,"DFW2DC4 - QTS Dallas I DC4, LLC",evidenceOfInsurance,Evidence of Insurance,automobileLiability,Automobile Liability,evidenceOfInsuranceAutomobileLiabilityCoverageAppliesToOwnedAutosOnly,Coverage Applies To: Owned Autos Only,,matchOnce,must be present,,Present,compliant,Standard 12,,,false,3,,2026-08-16
QTS Data Centers,6a15b733bd30da3db41030d6,69f0f3c5beb6279e947be107,"Structure Tone, LLC",69f10c28beb6279e947be4e7,"DFW2DC4 - QTS Dallas I DC4, LLC",evidenceOfInsurance,Evidence of Insurance,automobileLiability,Automobile Liability,evidenceOfInsuranceAutomobileLiabilityCoverageAppliesToNonOwnedAutosOnly,Coverage Applies To: Non-Owned Autos Only,,matchOnce,must be present,,Present,compliant,Standard 12,,,false,3,,2026-08-16
QTS Data Centers,6a15b733bd30da3db41030d6,69f0f3c5beb6279e947be107,"Structure Tone, LLC",69f10c28beb6279e947be4e7,"DFW2DC4 - QTS Dallas I DC4, LLC",evidenceOfInsurance,Evidence of Insurance,automobileLiability,Automobile Liability,evidenceOfInsuranceAutomobileLiabilityCoverageAppliesToHiredAutosOnly,Coverage Applies To: Hired Autos Only,,matchOnce,must be present,,Present,compliant,Standard 12,,,false,3,,2026-08-16
QTS Data Centers,6a15b733bd30da3db41030d6,69f0f3c5beb6279e947be107,"Structure Tone, LLC",69f10c28beb6279e947be4e7,"DFW2DC4 - QTS Dallas I DC4, LLC",evidenceOfInsurance,Evidence of Insurance,automobileLiability,Automobile Liability,evidenceOfInsuranceAutomobileLiabilityAdditionalInsuredEndorsement,Additional Insured,"---prompt---
Determine if the certificate holder is covered as an additional insured under the Automobile Liability policy. Evidence may include: a checked ""Additional Insured"" box on the certificate for the auto section, mention in the Description of Operations section, or reference to blanket additional insured coverage. Look for form number CA 20 48 or language like ""certificate holder is additional insured"" or ""per written contract"".",matchOnce,must be present,,Present,compliant,Standard 12,,,false,3,,2026-08-16
QTS Data Centers,6a15b733bd30da3db41030d6,69f0f3c5beb6279e947be107,"Structure Tone, LLC",69f10c28beb6279e947be4e7,"DFW2DC4 - QTS Dallas I DC4, LLC",evidenceOfInsurance,Evidence of Insurance,automobileLiability,Automobile Liability,evidenceOfInsuranceAutomobileLiabilityWaiverOfSubrogationEndorsement,Waiver of Subrogation,"---prompt---
Determine if the insurer has waived their right of subrogation in favor of the certificate holder under the Automobile Liability policy. Evidence may include: a checked ""Waiver of Subrogation"" box on the certificate, mention in the Description of Operations section stating ""waiver of subrogation applies"", or reference to form CA 04 44. Look for language like ""subrogation is waived"" or ""per written contract"".",matchOnce,must be present,,Present,compliant,Standard 12,,,false,3,,2026-08-16
QTS Data Centers,6a15b733bd30da3db41030d6,69f0f3c5beb6279e947be107,"Structure Tone, LLC",69f10c28beb6279e947be4e7,"DFW2DC4 - QTS Dallas I DC4, LLC",evidenceOfInsurance,Evidence of Insurance,automobileLiability,Automobile Liability,evidenceOfInsuranceAutomobileLiabilityPrimaryAndNonContributoryEndorsement,Primary and Non-Contributory,"---prompt---
Determine if the Automobile Liability policy provides primary and non-contributory coverage for the certificate holder. Evidence may include: a checked ""Primary"" box on the certificate, mention in the Description of Operations section stating ""primary and non-contributory"". Look for language indicating this policy will pay first before other applicable insurance and will not seek contribution.",matchOnce,must be present,,Present,compliant,Standard 12,,,false,3,,2026-08-16
QTS Data Centers,6a15b733bd30da3db41030d6,69f0f3c5beb6279e947be107,"Structure Tone, LLC",69f10c28beb6279e947be4e7,"DFW2DC4 - QTS Dallas I DC4, LLC",evidenceOfInsurance,Evidence of Insurance,automobileLiability,Automobile Liability,0e6f6daa-effc-5c25-af03-4f7e657ae801,Physical MCS-90 Endorsement must be present,,matchOnce,must be present,,,waived,Standard 12,Per client (Mary Sparling) - exception granted for MCS-90 endorsement as Structure Tone does not haul. Exception applies to all projects. 2026-08-14 (LM),,true,0,,2026-08-16
QTS Data Centers,6a15b733bd30da3db41030d6,69f0f3c5beb6279e947be107,"Structure Tone, LLC",69f10c28beb6279e947be4e7,"DFW2DC4 - QTS Dallas I DC4, LLC",evidenceOfInsurance,Evidence of Insurance,excessOrUmbrellaLiability,Umbrella/Excess Liability,evidenceOfInsuranceExcessOrUmbrellaLiabilityOccurence,Coverage Trigger: Occurrence,,matchOnce,must be present,,Present,compliant,Standard 12,,,false,3,,2026-08-16
QTS Data Centers,6a15b733bd30da3db41030d6,69f0f3c5beb6279e947be107,"Structure Tone, LLC",69f10c28beb6279e947be4e7,"DFW2DC4 - QTS Dallas I DC4, LLC",evidenceOfInsurance,Evidence of Insurance,excessOrUmbrellaLiability,Umbrella/Excess Liability,evidenceOfInsuranceExcessOrUmbrellaLiabilityEachOccurrence,Each Occurrence,,matchOnce,must be greater or equal to,75000000,75000000,compliant,Standard 12,,,false,3,,2026-08-16
QTS Data Centers,6a15b733bd30da3db41030d6,69f0f3c5beb6279e947be107,"Structure Tone, LLC",69f10c28beb6279e947be4e7,"DFW2DC4 - QTS Dallas I DC4, LLC",evidenceOfInsurance,Evidence of Insurance,excessOrUmbrellaLiability,Umbrella/Excess Liability,evidenceOfInsuranceExcessOrUmbrellaLiabilityAdditionalInsuredEndorsement,Additional Insured,"---prompt---
Determine if the certificate holder is covered as an additional insured under the Umbrella/Excess Liability policy. Evidence may include: a checked ""Additional Insured"" box on the certificate for the umbrella section, mention in the Description of Operations section, reference to ""follow form"" status (which would extend underlying additional insured status), or explicit language naming the certificate holder as additional insured on the umbrella.",matchOnce,must be present,,Present,compliant,Standard 12,,,false,3,,2026-08-16
QTS Data Centers,6a15b733bd30da3db41030d6,69f0f3c5beb6279e947be107,"Structure Tone, LLC",69f10c28beb6279e947be4e7,"DFW2DC4 - QTS Dallas I DC4, LLC",evidenceOfInsurance,Evidence of Insurance,excessOrUmbrellaLiability,Umbrella/Excess Liability,evidenceOfInsuranceExcessOrUmbrellaLiabilityWaiverOfSubrogationEndorsement,Waiver of Subrogation,"---prompt---
Determine if the insurer has waived their right of subrogation in favor of the certificate holder under the Umbrella/Excess Liability policy. Evidence may include: a checked ""Waiver of Subrogation"" box on the certificate, mention in the Description of Operations section stating ""waiver of subrogation applies"", or reference to ""follow form"" status (which would extend underlying waiver). Look for language like ""subrogation is waived"" or ""per written contract"".",matchOnce,must be present,,Present,compliant,Standard 12,,,false,3,,2026-08-16
QTS Data Centers,6a15b733bd30da3db41030d6,69f0f3c5beb6279e947be107,"Structure Tone, LLC",69f10c28beb6279e947be4e7,"DFW2DC4 - QTS Dallas I DC4, LLC",evidenceOfInsurance,Evidence of Insurance,excessOrUmbrellaLiability,Umbrella/Excess Liability,evidenceOfInsuranceExcessOrUmbrellaLiabilityPrimaryAndNonContributoryEndorsement,Primary and Non-Contributory,"---prompt---
Determine if the Umbrella/Excess Liability policy provides primary and non-contributory coverage for the certificate holder. Evidence may include: a checked ""Primary"" box on the certificate, mention in the Description of Operations section stating ""primary and non-contributory"", or reference to ""follow form"" status (which would extend underlying primary status). Look for language indicating this policy will pay first before other applicable insurance and will not seek contribution.",matchOnce,must be present,,Present,compliant,Standard 12,,,false,3,,2026-08-16
QTS Data Centers,6a15b733bd30da3db41030d6,69f0f3c5beb6279e947be107,"Structure Tone, LLC",69f10c28beb6279e947be4e7,"DFW2DC4 - QTS Dallas I DC4, LLC",evidenceOfInsurance,Evidence of Insurance,workersCompensation,Workers' Compensation and Employer's Liability,evidenceOfInsuranceWorkersCompensationStatutoryLimits,Statutory Limits,,matchOnce,must be present,,Present,compliant,Standard 12,,,false,3,,2026-08-16
QTS Data Centers,6a15b733bd30da3db41030d6,69f0f3c5beb6279e947be107,"Structure Tone, LLC",69f10c28beb6279e947be4e7,"DFW2DC4 - QTS Dallas I DC4, LLC",evidenceOfInsurance,Evidence of Insurance,workersCompensation,Workers' Compensation and Employer's Liability,evidenceOfInsuranceWorkersCompensationEmployersLiabilityDiseaseEachEmployee,Employer's Liability Disease - each employee,,matchOnce,must be greater or equal to,500000,2000000,compliant,Standard 12,,,false,3,,2026-08-16
QTS Data Centers,6a15b733bd30da3db41030d6,69f0f3c5beb6279e947be107,"Structure Tone, LLC",69f10c28beb6279e947be4e7,"DFW2DC4 - QTS Dallas I DC4, LLC",evidenceOfInsurance,Evidence of Insurance,workersCompensation,Workers' Compensation and Employer's Liability,evidenceOfInsuranceWorkersCompensationEmployersLiabilityDiseasePolicyLimit,Employer's Liability Disease - policy limit,,matchOnce,must be greater or equal to,500000,2000000,compliant,Standard 12,,,false,3,,2026-08-16
QTS Data Centers,6a15b733bd30da3db41030d6,69f0f3c5beb6279e947be107,"Structure Tone, LLC",69f10c28beb6279e947be4e7,"DFW2DC4 - QTS Dallas I DC4, LLC",evidenceOfInsurance,Evidence of Insurance,workersCompensation,Workers' Compensation and Employer's Liability,evidenceOfInsuranceWorkersCompensationEmployersLiabilityEachAccident,Employer's Liability Each Accident,,matchOnce,must be greater or equal to,500000,2000000,compliant,Standard 12,,,false,3,,2026-08-16
QTS Data Centers,6a15b733bd30da3db41030d6,69f0f3c5beb6279e947be107,"Structure Tone, LLC",69f10c28beb6279e947be4e7,"DFW2DC4 - QTS Dallas I DC4, LLC",evidenceOfInsurance,Evidence of Insurance,workersCompensation,Workers' Compensation and Employer's Liability,evidenceOfInsuranceWorkersCompensationWaiverOfSubrogationEndorsement,Waiver of Subrogation,"---prompt---
Determine if the insurer has waived their right of subrogation in favor of the certificate holder under the Workers' Compensation policy. Evidence may include: a checked ""Waiver of Subrogation"" box on the certificate, mention in the Description of Operations section stating ""waiver of subrogation applies"", or reference to form WC 00 03 13. Look for language like ""subrogation is waived"" or ""per written contract"".",matchOnce,must be present,,Present,compliant,Standard 12,,,false,2,,2026-08-16
QTS Data Centers,6a15b733bd30da3db41030d6,69f0f3c5beb6279e947be107,"Structure Tone, LLC",69f10c28beb6279e947be4e7,"DFW2DC4 - QTS Dallas I DC4, LLC",evidenceOfInsurance,Evidence of Insurance,professional,Professional Liability,evidenceOfInsuranceProfessionalLimitsEachClaim,Each Claim,,matchOnce,must be greater or equal to,2000000,10000000,compliant,Standard 12,,,false,1,,2026-08-16
QTS Data Centers,6a15b733bd30da3db41030d6,69f0f3c5beb6279e947be107,"Structure Tone, LLC",69f10c28beb6279e947be4e7,"DFW2DC4 - QTS Dallas I DC4, LLC",evidenceOfInsurance,Evidence of Insurance,professional,Professional Liability,d672162b-0115-567e-ac40-48cb8d46cdc0,"Professional Liability Coverage Deductible must be less than or equal to $100,000",,matchOnce,must be present,,,waived,Standard 12,Per client (Mary Sparling) - exception granted for Professional Liab $100k deductible max. $1M deductible is acceptable per $10M Professional Liability limit. 2026-08-14 (LM),,true,0,,2026-08-16
QTS Data Centers,6a15b733bd30da3db41030d6,69f0f3c5beb6279e947be107,"Structure Tone, LLC",69f10c28beb6279e947be4e7,"DFW2DC4 - QTS Dallas I DC4, LLC",evidenceOfInsurance,Evidence of Insurance,6ac20aae-5728-5d57-b364-aeba38527dba,Additional Requirements,655cb50e-155d-5f8c-af5e-e7386263aa58,"Certificate Holder must read as: ""Quality Technology Services, LLC, 
Attention: Procurement Department
300 Satellite Blvd NW, Suwanee, GA 30024.""",,matchOnce,must be present,,Present,compliant,Standard 12,,,true,2,,2026-08-16
QTS Data Centers,6a15b733bd30da3db41030d6,69f0f3c5beb6279e947be107,"Structure Tone, LLC",69f10c28beb6279e947be4e7,"DFW2DC4 - QTS Dallas I DC4, LLC",evidenceOfInsurance,Evidence of Insurance,6ac20aae-5728-5d57-b364-aeba38527dba,Additional Requirements,25da7a11-b805-5d7d-8deb-65519e743757,"Description of Operations must read: Quality Tech, LP, and its officers, directors, employees, parents, subsidiaries, affiliates, and related companies, successors, and permitted assigns",,matchOnce,must be present,,Present,compliant,Standard 12,,,true,2,,2026-08-16
QTS Data Centers,6a15b733bd30da3db41030d6,69f0f3c5beb6279e947be107,"Structure Tone, LLC",69f10c28beb6279e947be4e7,"DFW2DC4 - QTS Dallas I DC4, LLC",evidenceOfInsurance,Evidence of Insurance,6ac20aae-5728-5d57-b364-aeba38527dba,Additional Requirements,03d7ddc3-a527-5f18-bdf6-355eb23cd9de,30-Day Notice of Cancellation must be present,,matchOnce,must be present,,Present,compliant,Standard 12,,,true,1,,2026-08-16
QTS Data Centers,6a15b733bd30da3db41030d6,69f0f3c5beb6279e947be107,"Structure Tone, LLC",69f10c28beb6279e947be4e7,"DFW2DC4 - QTS Dallas I DC4, LLC",evidenceOfInsurance,Evidence of Insurance,6ac20aae-5728-5d57-b364-aeba38527dba,Additional Requirements,8d7b12d5-c6dc-5efe-8cbd-acd9adedde5b,"Description of Operations must read: DFW2–DC4, located at 794 W Belt Line Road, Wilmer, TX 75172",,matchOnce,must be present,,,non_compliant,Standard 12,,,true,0,,2026-08-16
QTS Data Centers,6a15b733bd30da3db41030d6,69f0f3c5beb6279e947be107,"Structure Tone, LLC",69f10c28beb6279e947be4e7,"DFW2DC4 - QTS Dallas I DC4, LLC",evidenceOfInsurance,Evidence of Insurance,6ac20aae-5728-5d57-b364-aeba38527dba,Additional Requirements,24a2347c-ab39-5dea-a6af-ad750440dde1,"Description of Operations must read: Commercial General Liability shall not include the following endorsements/exclusions or equivalent:

1. CG 2149 or CG 2155 o CG 2198 (Absolute Pollution Exclusion)
2. CG 2294 or CG 2295 (Damage to Work Performed by Contractors Exclusion)
3. CG 2139 (Contractual Limitation Endorsement)
4. CG 2196 (Silica or Silica Dust Exclusion), unless otherwise covered under an applicable pollution policy.
5. CG 2142 (Explosion, Collapse or Underground Exclusion)",,matchOnce,must be present,,,non_compliant,Standard 12,,,true,0,,2026-08-16
QTS Data Centers,6a15b733bd30da3db41030d6,69f0f3c5beb6279e947be107,"Structure Tone, LLC",69f10c28beb6279e947be4e7,"DFW2DC4 - QTS Dallas I DC4, LLC",evidenceOfInsurance,Evidence of Insurance,6ac20aae-5728-5d57-b364-aeba38527dba,Additional Requirements,71685e25-c6d0-5692-aaaf-30f59a2f9a83,"Description of Operations must read: Workers Compensation shall include ""all states"" coverage",,matchOnce,must be present,,,non_compliant,Standard 12,,,true,0,,2026-08-16
QTS Data Centers,6a15b733bd30da3db41030d7,69f0f3c5beb6279e947be0f8,"Layton Construction Company, LLC",69f10c28beb6279e947be4f4,"CDR1DC1 - QTS Cedar Rapids I DC1, LLC",evidenceOfInsurance,Evidence of Insurance,commercialGeneralLiability,Commercial General Liability,evidenceOfInsuranceCommercialGeneralLiabilityAMBestRating,AM Best Rating,,matchOnce,must be greater or equal to,140,,non_compliant,Standard 13,,,false,0,,2026-08-16
QTS Data Centers,6a15b733bd30da3db41030d7,69f0f3c5beb6279e947be0f8,"Layton Construction Company, LLC",69f10c28beb6279e947be4f4,"CDR1DC1 - QTS Cedar Rapids I DC1, LLC",evidenceOfInsurance,Evidence of Insurance,commercialGeneralLiability,Commercial General Liability,evidenceOfInsuranceCommercialGeneralLiabilityAMBestFinancialStrength,AM Best Financial Strength,,matchOnce,must be greater or equal to,100,,non_compliant,Standard 13,,,false,0,,2026-08-16
QTS Data Centers,6a15b733bd30da3db41030d7,69f0f3c5beb6279e947be0f8,"Layton Construction Company, LLC",69f10c28beb6279e947be4f4,"CDR1DC1 - QTS Cedar Rapids I DC1, LLC",evidenceOfInsurance,Evidence of Insurance,commercialGeneralLiability,Commercial General Liability,evidenceOfInsuranceCommercialGeneralLiabilityCoverageTriggerOccurrence,Coverage Trigger: Occurrence,,matchOnce,must be present,,,non_compliant,Standard 13,,,false,0,,2026-08-16
QTS Data Centers,6a15b733bd30da3db41030d7,69f0f3c5beb6279e947be0f8,"Layton Construction Company, LLC",69f10c28beb6279e947be4f4,"CDR1DC1 - QTS Cedar Rapids I DC1, LLC",evidenceOfInsurance,Evidence of Insurance,commercialGeneralLiability,Commercial General Liability,evidenceOfInsuranceCommercialGeneralLiabilityGeneralAggregateLimitAppliesPerProject,General Aggregate Limit Applies per: Project,,matchOnce,must be present,,,non_compliant,Standard 13,,,false,0,,2026-08-16
QTS Data Centers,6a15b733bd30da3db41030d7,69f0f3c5beb6279e947be0f8,"Layton Construction Company, LLC",69f10c28beb6279e947be4f4,"CDR1DC1 - QTS Cedar Rapids I DC1, LLC",evidenceOfInsurance,Evidence of Insurance,commercialGeneralLiability,Commercial General Liability,evidenceOfInsuranceCommercialGeneralLiabilityEachOccurrence,Each Occurrence,,matchOnce,must be greater or equal to,2000000,,non_compliant,Standard 13,,,false,0,,2026-08-16
QTS Data Centers,6a15b733bd30da3db41030d7,69f0f3c5beb6279e947be0f8,"Layton Construction Company, LLC",69f10c28beb6279e947be4f4,"CDR1DC1 - QTS Cedar Rapids I DC1, LLC",evidenceOfInsurance,Evidence of Insurance,commercialGeneralLiability,Commercial General Liability,evidenceOfInsuranceCommercialGeneralLiabilityGeneralAggregate,General Aggregate,,matchOnce,must be greater or equal to,5000000,,non_compliant,Standard 13,,,false,0,,2026-08-16
QTS Data Centers,6a15b733bd30da3db41030d7,69f0f3c5beb6279e947be0f8,"Layton Construction Company, LLC",69f10c28beb6279e947be4f4,"CDR1DC1 - QTS Cedar Rapids I DC1, LLC",evidenceOfInsurance,Evidence of Insurance,commercialGeneralLiability,Commercial General Liability,evidenceOfInsuranceCommercialGeneralLiabilityProducsCompletedOperationsAggregate,Products/Completed Operations Aggregate,,matchOnce,must be greater or equal to,5000000,,non_compliant,Standard 13,,,false,0,,2026-08-16
QTS Data Centers,6a15b733bd30da3db41030d7,69f0f3c5beb6279e947be0f8,"Layton Construction Company, LLC",69f10c28beb6279e947be4f4,"CDR1DC1 - QTS Cedar Rapids I DC1, LLC",evidenceOfInsurance,Evidence of Insurance,commercialGeneralLiability,Commercial General Liability,evidenceOfInsuranceCommercialGeneralLiabilityAdditionalInsuredEndorsementOngoingOps,Additional Insured - Ongoing Operations,"---prompt---
Verify that additional insured coverage specifically includes ongoing operations. Look in the Description of Operations section for language like ""additional insured for ongoing operations"", ""CG 20 10"", ""CG 20 37"", or ""operations performed by or on behalf of the named insured"". The coverage should explicitly reference ongoing work, not just completed operations.",matchOnce,must be present,,,non_compliant,Standard 13,,,false,0,,2026-08-16
QTS Data Centers,6a15b733bd30da3db41030d7,69f0f3c5beb6279e947be0f8,"Layton Construction Company, LLC",69f10c28beb6279e947be4f4,"CDR1DC1 - QTS Cedar Rapids I DC1, LLC",evidenceOfInsurance,Evidence of Insurance,commercialGeneralLiability,Commercial General Liability,evidenceOfInsuranceCommercialGeneralLiabilityAdditionalInsuredEndorsementCompletedOps,Additional Insured - Completed Operations,"---prompt---
Verify that additional insured coverage specifically includes completed operations. Look in the Description of Operations section for language like ""additional insured for completed operations"", ""CG 20 37"", ""products-completed operations"", or similar. This coverage protects the certificate holder for claims arising after work is finished.",matchOnce,must be present,,,non_compliant,Standard 13,,,false,0,,2026-08-16
QTS Data Centers,6a15b733bd30da3db41030d7,69f0f3c5beb6279e947be0f8,"Layton Construction Company, LLC",69f10c28beb6279e947be4f4,"CDR1DC1 - QTS Cedar Rapids I DC1, LLC",evidenceOfInsurance,Evidence of Insurance,commercialGeneralLiability,Commercial General Liability,evidenceOfInsuranceCommercialGeneralLiabilityWaiverOfSubrogationEndorsement,Waiver of Subrogation,"---prompt---
Determine if the insurer has waived their right of subrogation in favor of the certificate holder under the Commercial General Liability policy. Evidence may include: a checked ""Waiver of Subrogation"" box on the certificate, mention in the Description of Operations section stating ""waiver of subrogation applies"", or reference to form CG 24 04. Look for language like ""subrogation is waived"" or ""per written contract"".",matchOnce,must be present,,,non_compliant,Standard 13,,,false,0,,2026-08-16
QTS Data Centers,6a15b733bd30da3db41030d7,69f0f3c5beb6279e947be0f8,"Layton Construction Company, LLC",69f10c28beb6279e947be4f4,"CDR1DC1 - QTS Cedar Rapids I DC1, LLC",evidenceOfInsurance,Evidence of Insurance,commercialGeneralLiability,Commercial General Liability,evidenceOfInsuranceCommercialGeneralLiabilityPrimaryAndNonContributoryEndorsement,Primary and Non-Contributory,"---prompt---
Determine if the Commercial General Liability policy provides primary and non-contributory coverage for the certificate holder. Evidence may include: a checked ""Primary"" box on the certificate, mention in the Description of Operations section stating ""primary and non-contributory"", or reference to endorsement CG 20 01. Look for language indicating this policy will pay first before other applicable insurance and will not seek contribution.",matchOnce,must be present,,,non_compliant,Standard 13,,,false,0,,2026-08-16
QTS Data Centers,6a15b733bd30da3db41030d7,69f0f3c5beb6279e947be0f8,"Layton Construction Company, LLC",69f10c28beb6279e947be4f4,"CDR1DC1 - QTS Cedar Rapids I DC1, LLC",evidenceOfInsurance,Evidence of Insurance,commercialGeneralLiability,Commercial General Liability,9c28ed56-e307-5cf9-88e9-0ada1f283104,Physical 30 Days Notice of Cancellation - 10 Days Notice for Non Payment Endorsement must be present,,matchOnce,must be present,,,non_compliant,Standard 13,,,true,0,,2026-08-16
QTS Data Centers,6a15b733bd30da3db41030d7,69f0f3c5beb6279e947be0f8,"Layton Construction Company, LLC",69f10c28beb6279e947be4f4,"CDR1DC1 - QTS Cedar Rapids I DC1, LLC",evidenceOfInsurance,Evidence of Insurance,automobileLiability,Automobile Liability,evidenceOfInsuranceAutomobileLiabilityCombinedSingleLimitEachAccident,Combined Single Limit (each accident),,matchOnce,must be greater or equal to,1000000,,non_compliant,Standard 13,,,false,0,,2026-08-16
QTS Data Centers,6a15b733bd30da3db41030d7,69f0f3c5beb6279e947be0f8,"Layton Construction Company, LLC",69f10c28beb6279e947be4f4,"CDR1DC1 - QTS Cedar Rapids I DC1, LLC",evidenceOfInsurance,Evidence of Insurance,automobileLiability,Automobile Liability,evidenceOfInsuranceAutomobileLiabilityCoverageAppliesToOwnedAutosOnly,Coverage Applies To: Owned Autos Only,,matchOnce,must be present,,,non_compliant,Standard 13,,,false,0,,2026-08-16
QTS Data Centers,6a15b733bd30da3db41030d7,69f0f3c5beb6279e947be0f8,"Layton Construction Company, LLC",69f10c28beb6279e947be4f4,"CDR1DC1 - QTS Cedar Rapids I DC1, LLC",evidenceOfInsurance,Evidence of Insurance,automobileLiability,Automobile Liability,evidenceOfInsuranceAutomobileLiabilityCoverageAppliesToNonOwnedAutosOnly,Coverage Applies To: Non-Owned Autos Only,,matchOnce,must be present,,,non_compliant,Standard 13,,,false,0,,2026-08-16
QTS Data Centers,6a15b733bd30da3db41030d7,69f0f3c5beb6279e947be0f8,"Layton Construction Company, LLC",69f10c28beb6279e947be4f4,"CDR1DC1 - QTS Cedar Rapids I DC1, LLC",evidenceOfInsurance,Evidence of Insurance,automobileLiability,Automobile Liability,evidenceOfInsuranceAutomobileLiabilityCoverageAppliesToHiredAutosOnly,Coverage Applies To: Hired Autos Only,,matchOnce,must be present,,,non_compliant,Standard 13,,,false,0,,2026-08-16
QTS Data Centers,6a15b733bd30da3db41030d7,69f0f3c5beb6279e947be0f8,"Layton Construction Company, LLC",69f10c28beb6279e947be4f4,"CDR1DC1 - QTS Cedar Rapids I DC1, LLC",evidenceOfInsurance,Evidence of Insurance,automobileLiability,Automobile Liability,evidenceOfInsuranceAutomobileLiabilityAdditionalInsuredEndorsement,Additional Insured,"---prompt---
Determine if the certificate holder is covered as an additional insured under the Automobile Liability policy. Evidence may include: a checked ""Additional Insured"" box on the certificate for the auto section, mention in the Description of Operations section, or reference to blanket additional insured coverage. Look for form number CA 20 48 or language like ""certificate holder is additional insured"" or ""per written contract"".",matchOnce,must be present,,,non_compliant,Standard 13,,,false,0,,2026-08-16
QTS Data Centers,6a15b733bd30da3db41030d7,69f0f3c5beb6279e947be0f8,"Layton Construction Company, LLC",69f10c28beb6279e947be4f4,"CDR1DC1 - QTS Cedar Rapids I DC1, LLC",evidenceOfInsurance,Evidence of Insurance,automobileLiability,Automobile Liability,evidenceOfInsuranceAutomobileLiabilityWaiverOfSubrogationEndorsement,Waiver of Subrogation,"---prompt---
Determine if the insurer has waived their right of subrogation in favor of the certificate holder under the Automobile Liability policy. Evidence may include: a checked ""Waiver of Subrogation"" box on the certificate, mention in the Description of Operations section stating ""waiver of subrogation applies"", or reference to form CA 04 44. Look for language like ""subrogation is waived"" or ""per written contract"".",matchOnce,must be present,,,non_compliant,Standard 13,,,false,0,,2026-08-16
QTS Data Centers,6a15b733bd30da3db41030d7,69f0f3c5beb6279e947be0f8,"Layton Construction Company, LLC",69f10c28beb6279e947be4f4,"CDR1DC1 - QTS Cedar Rapids I DC1, LLC",evidenceOfInsurance,Evidence of Insurance,automobileLiability,Automobile Liability,evidenceOfInsuranceAutomobileLiabilityPrimaryAndNonContributoryEndorsement,Primary and Non-Contributory,"---prompt---
Determine if the Automobile Liability policy provides primary and non-contributory coverage for the certificate holder. Evidence may include: a checked ""Primary"" box on the certificate, mention in the Description of Operations section stating ""primary and non-contributory"". Look for language indicating this policy will pay first before other applicable insurance and will not seek contribution.",matchOnce,must be present,,,non_compliant,Standard 13,,,false,0,,2026-08-16
QTS Data Centers,6a15b733bd30da3db41030d7,69f0f3c5beb6279e947be0f8,"Layton Construction Company, LLC",69f10c28beb6279e947be4f4,"CDR1DC1 - QTS Cedar Rapids I DC1, LLC",evidenceOfInsurance,Evidence of Insurance,automobileLiability,Automobile Liability,0e6f6daa-effc-5c25-af03-4f7e657ae801,Physical MCS-90 Endorsement must be present,,matchOnce,must be present,,,non_compliant,Standard 13,,,true,0,,2026-08-16
QTS Data Centers,6a15b733bd30da3db41030d7,69f0f3c5beb6279e947be0f8,"Layton Construction Company, LLC",69f10c28beb6279e947be4f4,"CDR1DC1 - QTS Cedar Rapids I DC1, LLC",evidenceOfInsurance,Evidence of Insurance,excessOrUmbrellaLiability,Umbrella/Excess Liability,evidenceOfInsuranceExcessOrUmbrellaLiabilityOccurence,Coverage Trigger: Occurrence,,matchOnce,must be present,,,non_compliant,Standard 13,,,false,0,,2026-08-16
QTS Data Centers,6a15b733bd30da3db41030d7,69f0f3c5beb6279e947be0f8,"Layton Construction Company, LLC",69f10c28beb6279e947be4f4,"CDR1DC1 - QTS Cedar Rapids I DC1, LLC",evidenceOfInsurance,Evidence of Insurance,excessOrUmbrellaLiability,Umbrella/Excess Liability,evidenceOfInsuranceExcessOrUmbrellaLiabilityEachOccurrence,Each Occurrence,,matchOnce,must be greater or equal to,100000000,,non_compliant,Standard 13,,,false,0,,2026-08-16
QTS Data Centers,6a15b733bd30da3db41030d7,69f0f3c5beb6279e947be0f8,"Layton Construction Company, LLC",69f10c28beb6279e947be4f4,"CDR1DC1 - QTS Cedar Rapids I DC1, LLC",evidenceOfInsurance,Evidence of Insurance,excessOrUmbrellaLiability,Umbrella/Excess Liability,evidenceOfInsuranceExcessOrUmbrellaLiabilityAdditionalInsuredEndorsement,Additional Insured,"---prompt---
Determine if the certificate holder is covered as an additional insured under the Umbrella/Excess Liability policy. Evidence may include: a checked ""Additional Insured"" box on the certificate for the umbrella section, mention in the Description of Operations section, reference to ""follow form"" status (which would extend underlying additional insured status), or explicit language naming the certificate holder as additional insured on the umbrella.",matchOnce,must be present,,,non_compliant,Standard 13,,,false,0,,2026-08-16
QTS Data Centers,6a15b733bd30da3db41030d7,69f0f3c5beb6279e947be0f8,"Layton Construction Company, LLC",69f10c28beb6279e947be4f4,"CDR1DC1 - QTS Cedar Rapids I DC1, LLC",evidenceOfInsurance,Evidence of Insurance,excessOrUmbrellaLiability,Umbrella/Excess Liability,evidenceOfInsuranceExcessOrUmbrellaLiabilityWaiverOfSubrogationEndorsement,Waiver of Subrogation,"---prompt---
Determine if the insurer has waived their right of subrogation in favor of the certificate holder under the Umbrella/Excess Liability policy. Evidence may include: a checked ""Waiver of Subrogation"" box on the certificate, mention in the Description of Operations section stating ""waiver of subrogation applies"", or reference to ""follow form"" status (which would extend underlying waiver). Look for language like ""subrogation is waived"" or ""per written contract"".",matchOnce,must be present,,,non_compliant,Standard 13,,,false,0,,2026-08-16
QTS Data Centers,6a15b733bd30da3db41030d7,69f0f3c5beb6279e947be0f8,"Layton Construction Company, LLC",69f10c28beb6279e947be4f4,"CDR1DC1 - QTS Cedar Rapids I DC1, LLC",evidenceOfInsurance,Evidence of Insurance,excessOrUmbrellaLiability,Umbrella/Excess Liability,evidenceOfInsuranceExcessOrUmbrellaLiabilityPrimaryAndNonContributoryEndorsement,Primary and Non-Contributory,"---prompt---
Determine if the Umbrella/Excess Liability policy provides primary and non-contributory coverage for the certificate holder. Evidence may include: a checked ""Primary"" box on the certificate, mention in the Description of Operations section stating ""primary and non-contributory"", or reference to ""follow form"" status (which would extend underlying primary status). Look for language indicating this policy will pay first before other applicable insurance and will not seek contribution.",matchOnce,must be present,,,non_compliant,Standard 13,,,false,0,,2026-08-16
QTS Data Centers,6a15b733bd30da3db41030d7,69f0f3c5beb6279e947be0f8,"Layton Construction Company, LLC",69f10c28beb6279e947be4f4,"CDR1DC1 - QTS Cedar Rapids I DC1, LLC",evidenceOfInsurance,Evidence of Insurance,workersCompensation,Workers' Compensation and Employer's Liability,evidenceOfInsuranceWorkersCompensationStatutoryLimits,Statutory Limits,,matchOnce,must be present,,,non_compliant,Standard 13,,,false,0,,2026-08-16
QTS Data Centers,6a15b733bd30da3db41030d7,69f0f3c5beb6279e947be0f8,"Layton Construction Company, LLC",69f10c28beb6279e947be4f4,"CDR1DC1 - QTS Cedar Rapids I DC1, LLC",evidenceOfInsurance,Evidence of Insurance,workersCompensation,Workers' Compensation and Employer's Liability,evidenceOfInsuranceWorkersCompensationEmployersLiabilityDiseaseEachEmployee,Employer's Liability Disease - each employee,,matchOnce,must be greater or equal to,500000,,non_compliant,Standard 13,,,false,0,,2026-08-16
QTS Data Centers,6a15b733bd30da3db41030d7,69f0f3c5beb6279e947be0f8,"Layton Construction Company, LLC",69f10c28beb6279e947be4f4,"CDR1DC1 - QTS Cedar Rapids I DC1, LLC",evidenceOfInsurance,Evidence of Insurance,workersCompensation,Workers' Compensation and Employer's Liability,evidenceOfInsuranceWorkersCompensationEmployersLiabilityDiseasePolicyLimit,Employer's Liability Disease - policy limit,,matchOnce,must be greater or equal to,500000,,non_compliant,Standard 13,,,false,0,,2026-08-16
QTS Data Centers,6a15b733bd30da3db41030d7,69f0f3c5beb6279e947be0f8,"Layton Construction Company, LLC",69f10c28beb6279e947be4f4,"CDR1DC1 - QTS Cedar Rapids I DC1, LLC",evidenceOfInsurance,Evidence of Insurance,workersCompensation,Workers' Compensation and Employer's Liability,evidenceOfInsuranceWorkersCompensationEmployersLiabilityEachAccident,Employer's Liability Each Accident,,matchOnce,must be greater or equal to,500000,,non_compliant,Standard 13,,,false,0,,2026-08-16
QTS Data Centers,6a15b733bd30da3db41030d7,69f0f3c5beb6279e947be0f8,"Layton Construction Company, LLC",69f10c28beb6279e947be4f4,"CDR1DC1 - QTS Cedar Rapids I DC1, LLC",evidenceOfInsurance,Evidence of Insurance,workersCompensation,Workers' Compensation and Employer's Liability,evidenceOfInsuranceWorkersCompensationWaiverOfSubrogationEndorsement,Waiver of Subrogation,"---prompt---
Determine if the insurer has waived their right of subrogation in favor of the certificate holder under the Workers' Compensation policy. Evidence may include: a checked ""Waiver of Subrogation"" box on the certificate, mention in the Description of Operations section stating ""waiver of subrogation applies"", or reference to form WC 00 03 13. Look for language like ""subrogation is waived"" or ""per written contract"".",matchOnce,must be present,,,non_compliant,Standard 13,,,false,0,,2026-08-16
QTS Data Centers,6a15b733bd30da3db41030d7,69f0f3c5beb6279e947be0f8,"Layton Construction Company, LLC",69f10c28beb6279e947be4f4,"CDR1DC1 - QTS Cedar Rapids I DC1, LLC",evidenceOfInsurance,Evidence of Insurance,professional,Professional Liability,evidenceOfInsuranceProfessionalLimitsEachClaim,Each Claim,,matchOnce,must be greater or equal to,2000000,,non_compliant,Standard 13,,,false,0,,2026-08-16
QTS Data Centers,6a15b733bd30da3db41030d7,69f0f3c5beb6279e947be0f8,"Layton Construction Company, LLC",69f10c28beb6279e947be4f4,"CDR1DC1 - QTS Cedar Rapids I DC1, LLC",evidenceOfInsurance,Evidence of Insurance,professional,Professional Liability,d672162b-0115-567e-ac40-48cb8d46cdc0,"Professional Liability Coverage Deductible must be less than or equal to $100,000",,matchOnce,must be present,,,non_compliant,Standard 13,,,true,0,,2026-08-16
QTS Data Centers,6a15b733bd30da3db41030d7,69f0f3c5beb6279e947be0f8,"Layton Construction Company, LLC",69f10c28beb6279e947be4f4,"CDR1DC1 - QTS Cedar Rapids I DC1, LLC",evidenceOfInsurance,Evidence of Insurance,6ac20aae-5728-5d57-b364-aeba38527dba,Additional Requirements,655cb50e-155d-5f8c-af5e-e7386263aa58,"Certificate Holder must read as: ""Quality Technology Services, LLC, 
Attention: Procurement Department
300 Satellite Blvd NW, Suwanee, GA 30024.""",,matchOnce,must be present,,,non_compliant,Standard 13,,,true,0,,2026-08-16
QTS Data Centers,6a15b733bd30da3db41030d7,69f0f3c5beb6279e947be0f8,"Layton Construction Company, LLC",69f10c28beb6279e947be4f4,"CDR1DC1 - QTS Cedar Rapids I DC1, LLC",evidenceOfInsurance,Evidence of Insurance,6ac20aae-5728-5d57-b364-aeba38527dba,Additional Requirements,25da7a11-b805-5d7d-8deb-65519e743757,"Description of Operations must read: Quality Tech, LP, and its officers, directors, employees, parents, subsidiaries, affiliates, and related companies, successors, and permitted assigns",,matchOnce,must be present,,,non_compliant,Standard 13,,,true,0,,2026-08-16
QTS Data Centers,6a15b733bd30da3db41030d7,69f0f3c5beb6279e947be0f8,"Layton Construction Company, LLC",69f10c28beb6279e947be4f4,"CDR1DC1 - QTS Cedar Rapids I DC1, LLC",evidenceOfInsurance,Evidence of Insurance,6ac20aae-5728-5d57-b364-aeba38527dba,Additional Requirements,03d7ddc3-a527-5f18-bdf6-355eb23cd9de,30-Day Notice of Cancellation must be present,,matchOnce,must be present,,,non_compliant,Standard 13,,,true,0,,2026-08-16
QTS Data Centers,6a15b733bd30da3db41030d7,69f0f3c5beb6279e947be0f8,"Layton Construction Company, LLC",69f10c28beb6279e947be4f4,"CDR1DC1 - QTS Cedar Rapids I DC1, LLC",evidenceOfInsurance,Evidence of Insurance,6ac20aae-5728-5d57-b364-aeba38527dba,Additional Requirements,8d7b12d5-c6dc-5efe-8cbd-acd9adedde5b,"Description of Operations must read: CDR1-DC1, located near the intersection of 76th Avenue Southwest and Tissel Hollow Road Southwest, in Cedar Rapids, Linn County, IA",,matchOnce,must be present,,,non_compliant,Standard 13,,,true,0,,2026-08-16
QTS Data Centers,6a15b733bd30da3db41030d7,69f0f3c5beb6279e947be0f8,"Layton Construction Company, LLC",69f10c28beb6279e947be4f4,"CDR1DC1 - QTS Cedar Rapids I DC1, LLC",evidenceOfInsurance,Evidence of Insurance,6ac20aae-5728-5d57-b364-aeba38527dba,Additional Requirements,24a2347c-ab39-5dea-a6af-ad750440dde1,"Description of Operations must read: Commercial General Liability shall not include the following endorsements/exclusions or equivalent:

1. CG 2149 or CG 2155 o CG 2198 (Absolute Pollution Exclusion)
2. CG 2294 or CG 2295 (Damage to Work Performed by Contractors Exclusion)
3. CG 2139 (Contractual Limitation Endorsement)
4. CG 2196 (Silica or Silica Dust Exclusion), unless otherwise covered under an applicable pollution policy.
5. CG 2142 (Explosion, Collapse or Underground Exclusion)",,matchOnce,must be present,,,non_compliant,Standard 13,,,true,0,,2026-08-16
QTS Data Centers,6a15b733bd30da3db41030d7,69f0f3c5beb6279e947be0f8,"Layton Construction Company, LLC",69f10c28beb6279e947be4f4,"CDR1DC1 - QTS Cedar Rapids I DC1, LLC",evidenceOfInsurance,Evidence of Insurance,6ac20aae-5728-5d57-b364-aeba38527dba,Additional Requirements,71685e25-c6d0-5692-aaaf-30f59a2f9a83,"Description of Operations must read: Workers Compensation shall include ""all states"" coverage",,matchOnce,must be present,,,non_compliant,Standard 13,,,true,0,,2026-08-16
QTS Data Centers,6a15b733bd30da3db41030d8,69f0f3c5beb6279e947be0f8,"Layton Construction Company, LLC",69f10c28beb6279e947be4f5,"CDR1DC2 - QTS Cedar Rapids I DC2, LLC",evidenceOfInsurance,Evidence of Insurance,commercialGeneralLiability,Commercial General Liability,evidenceOfInsuranceCommercialGeneralLiabilityAMBestRating,AM Best Rating,,matchOnce,must be greater or equal to,140,,non_compliant,Standard 13,,,false,0,,2026-08-16
QTS Data Centers,6a15b733bd30da3db41030d8,69f0f3c5beb6279e947be0f8,"Layton Construction Company, LLC",69f10c28beb6279e947be4f5,"CDR1DC2 - QTS Cedar Rapids I DC2, LLC",evidenceOfInsurance,Evidence of Insurance,commercialGeneralLiability,Commercial General Liability,evidenceOfInsuranceCommercialGeneralLiabilityAMBestFinancialStrength,AM Best Financial Strength,,matchOnce,must be greater or equal to,100,,non_compliant,Standard 13,,,false,0,,2026-08-16
QTS Data Centers,6a15b733bd30da3db41030d8,69f0f3c5beb6279e947be0f8,"Layton Construction Company, LLC",69f10c28beb6279e947be4f5,"CDR1DC2 - QTS Cedar Rapids I DC2, LLC",evidenceOfInsurance,Evidence of Insurance,commercialGeneralLiability,Commercial General Liability,evidenceOfInsuranceCommercialGeneralLiabilityCoverageTriggerOccurrence,Coverage Trigger: Occurrence,,matchOnce,must be present,,,non_compliant,Standard 13,,,false,0,,2026-08-16
QTS Data Centers,6a15b733bd30da3db41030d8,69f0f3c5beb6279e947be0f8,"Layton Construction Company, LLC",69f10c28beb6279e947be4f5,"CDR1DC2 - QTS Cedar Rapids I DC2, LLC",evidenceOfInsurance,Evidence of Insurance,commercialGeneralLiability,Commercial General Liability,evidenceOfInsuranceCommercialGeneralLiabilityGeneralAggregateLimitAppliesPerProject,General Aggregate Limit Applies per: Project,,matchOnce,must be present,,,non_compliant,Standard 13,,,false,0,,2026-08-16
QTS Data Centers,6a15b733bd30da3db41030d8,69f0f3c5beb6279e947be0f8,"Layton Construction Company, LLC",69f10c28beb6279e947be4f5,"CDR1DC2 - QTS Cedar Rapids I DC2, LLC",evidenceOfInsurance,Evidence of Insurance,commercialGeneralLiability,Commercial General Liability,evidenceOfInsuranceCommercialGeneralLiabilityEachOccurrence,Each Occurrence,,matchOnce,must be greater or equal to,2000000,,non_compliant,Standard 13,,,false,0,,2026-08-16
QTS Data Centers,6a15b733bd30da3db41030d8,69f0f3c5beb6279e947be0f8,"Layton Construction Company, LLC",69f10c28beb6279e947be4f5,"CDR1DC2 - QTS Cedar Rapids I DC2, LLC",evidenceOfInsurance,Evidence of Insurance,commercialGeneralLiability,Commercial General Liability,evidenceOfInsuranceCommercialGeneralLiabilityGeneralAggregate,General Aggregate,,matchOnce,must be greater or equal to,5000000,,non_compliant,Standard 13,,,false,0,,2026-08-16
QTS Data Centers,6a15b733bd30da3db41030d8,69f0f3c5beb6279e947be0f8,"Layton Construction Company, LLC",69f10c28beb6279e947be4f5,"CDR1DC2 - QTS Cedar Rapids I DC2, LLC",evidenceOfInsurance,Evidence of Insurance,commercialGeneralLiability,Commercial General Liability,evidenceOfInsuranceCommercialGeneralLiabilityProducsCompletedOperationsAggregate,Products/Completed Operations Aggregate,,matchOnce,must be greater or equal to,5000000,,non_compliant,Standard 13,,,false,0,,2026-08-16
QTS Data Centers,6a15b733bd30da3db41030d8,69f0f3c5beb6279e947be0f8,"Layton Construction Company, LLC",69f10c28beb6279e947be4f5,"CDR1DC2 - QTS Cedar Rapids I DC2, LLC",evidenceOfInsurance,Evidence of Insurance,commercialGeneralLiability,Commercial General Liability,evidenceOfInsuranceCommercialGeneralLiabilityAdditionalInsuredEndorsementOngoingOps,Additional Insured - Ongoing Operations,"---prompt---
Verify that additional insured coverage specifically includes ongoing operations. Look in the Description of Operations section for language like ""additional insured for ongoing operations"", ""CG 20 10"", ""CG 20 37"", or ""operations performed by or on behalf of the named insured"". The coverage should explicitly reference ongoing work, not just completed operations.",matchOnce,must be present,,,non_compliant,Standard 13,,,false,0,,2026-08-16
QTS Data Centers,6a15b733bd30da3db41030d8,69f0f3c5beb6279e947be0f8,"Layton Construction Company, LLC",69f10c28beb6279e947be4f5,"CDR1DC2 - QTS Cedar Rapids I DC2, LLC",evidenceOfInsurance,Evidence of Insurance,commercialGeneralLiability,Commercial General Liability,evidenceOfInsuranceCommercialGeneralLiabilityAdditionalInsuredEndorsementCompletedOps,Additional Insured - Completed Operations,"---prompt---
Verify that additional insured coverage specifically includes completed operations. Look in the Description of Operations section for language like ""additional insured for completed operations"", ""CG 20 37"", ""products-completed operations"", or similar. This coverage protects the certificate holder for claims arising after work is finished.",matchOnce,must be present,,,non_compliant,Standard 13,,,false,0,,2026-08-16
QTS Data Centers,6a15b733bd30da3db41030d8,69f0f3c5beb6279e947be0f8,"Layton Construction Company, LLC",69f10c28beb6279e947be4f5,"CDR1DC2 - QTS Cedar Rapids I DC2, LLC",evidenceOfInsurance,Evidence of Insurance,commercialGeneralLiability,Commercial General Liability,evidenceOfInsuranceCommercialGeneralLiabilityWaiverOfSubrogationEndorsement,Waiver of Subrogation,"---prompt---
Determine if the insurer has waived their right of subrogation in favor of the certificate holder under the Commercial General Liability policy. Evidence may include: a checked ""Waiver of Subrogation"" box on the certificate, mention in the Description of Operations section stating ""waiver of subrogation applies"", or reference to form CG 24 04. Look for language like ""subrogation is waived"" or ""per written contract"".",matchOnce,must be present,,,non_compliant,Standard 13,,,false,0,,2026-08-16
QTS Data Centers,6a15b733bd30da3db41030d8,69f0f3c5beb6279e947be0f8,"Layton Construction Company, LLC",69f10c28beb6279e947be4f5,"CDR1DC2 - QTS Cedar Rapids I DC2, LLC",evidenceOfInsurance,Evidence of Insurance,commercialGeneralLiability,Commercial General Liability,evidenceOfInsuranceCommercialGeneralLiabilityPrimaryAndNonContributoryEndorsement,Primary and Non-Contributory,"---prompt---
Determine if the Commercial General Liability policy provides primary and non-contributory coverage for the certificate holder. Evidence may include: a checked ""Primary"" box on the certificate, mention in the Description of Operations section stating ""primary and non-contributory"", or reference to endorsement CG 20 01. Look for language indicating this policy will pay first before other applicable insurance and will not seek contribution.",matchOnce,must be present,,,non_compliant,Standard 13,,,false,0,,2026-08-16
QTS Data Centers,6a15b733bd30da3db41030d8,69f0f3c5beb6279e947be0f8,"Layton Construction Company, LLC",69f10c28beb6279e947be4f5,"CDR1DC2 - QTS Cedar Rapids I DC2, LLC",evidenceOfInsurance,Evidence of Insurance,commercialGeneralLiability,Commercial General Liability,9c28ed56-e307-5cf9-88e9-0ada1f283104,Physical 30 Days Notice of Cancellation - 10 Days Notice for Non Payment Endorsement must be present,,matchOnce,must be present,,,non_compliant,Standard 13,,,true,0,,2026-08-16
QTS Data Centers,6a15b733bd30da3db41030d8,69f0f3c5beb6279e947be0f8,"Layton Construction Company, LLC",69f10c28beb6279e947be4f5,"CDR1DC2 - QTS Cedar Rapids I DC2, LLC",evidenceOfInsurance,Evidence of Insurance,automobileLiability,Automobile Liability,evidenceOfInsuranceAutomobileLiabilityCombinedSingleLimitEachAccident,Combined Single Limit (each accident),,matchOnce,must be greater or equal to,1000000,,non_compliant,Standard 13,,,false,0,,2026-08-16
QTS Data Centers,6a15b733bd30da3db41030d8,69f0f3c5beb6279e947be0f8,"Layton Construction Company, LLC",69f10c28beb6279e947be4f5,"CDR1DC2 - QTS Cedar Rapids I DC2, LLC",evidenceOfInsurance,Evidence of Insurance,automobileLiability,Automobile Liability,evidenceOfInsuranceAutomobileLiabilityCoverageAppliesToOwnedAutosOnly,Coverage Applies To: Owned Autos Only,,matchOnce,must be present,,,non_compliant,Standard 13,,,false,0,,2026-08-16
QTS Data Centers,6a15b733bd30da3db41030d8,69f0f3c5beb6279e947be0f8,"Layton Construction Company, LLC",69f10c28beb6279e947be4f5,"CDR1DC2 - QTS Cedar Rapids I DC2, LLC",evidenceOfInsurance,Evidence of Insurance,automobileLiability,Automobile Liability,evidenceOfInsuranceAutomobileLiabilityCoverageAppliesToNonOwnedAutosOnly,Coverage Applies To: Non-Owned Autos Only,,matchOnce,must be present,,,non_compliant,Standard 13,,,false,0,,2026-08-16
QTS Data Centers,6a15b733bd30da3db41030d8,69f0f3c5beb6279e947be0f8,"Layton Construction Company, LLC",69f10c28beb6279e947be4f5,"CDR1DC2 - QTS Cedar Rapids I DC2, LLC",evidenceOfInsurance,Evidence of Insurance,automobileLiability,Automobile Liability,evidenceOfInsuranceAutomobileLiabilityCoverageAppliesToHiredAutosOnly,Coverage Applies To: Hired Autos Only,,matchOnce,must be present,,,non_compliant,Standard 13,,,false,0,,2026-08-16
QTS Data Centers,6a15b733bd30da3db41030d8,69f0f3c5beb6279e947be0f8,"Layton Construction Company, LLC",69f10c28beb6279e947be4f5,"CDR1DC2 - QTS Cedar Rapids I DC2, LLC",evidenceOfInsurance,Evidence of Insurance,automobileLiability,Automobile Liability,evidenceOfInsuranceAutomobileLiabilityAdditionalInsuredEndorsement,Additional Insured,"---prompt---
Determine if the certificate holder is covered as an additional insured under the Automobile Liability policy. Evidence may include: a checked ""Additional Insured"" box on the certificate for the auto section, mention in the Description of Operations section, or reference to blanket additional insured coverage. Look for form number CA 20 48 or language like ""certificate holder is additional insured"" or ""per written contract"".",matchOnce,must be present,,,non_compliant,Standard 13,,,false,0,,2026-08-16
QTS Data Centers,6a15b733bd30da3db41030d8,69f0f3c5beb6279e947be0f8,"Layton Construction Company, LLC",69f10c28beb6279e947be4f5,"CDR1DC2 - QTS Cedar Rapids I DC2, LLC",evidenceOfInsurance,Evidence of Insurance,automobileLiability,Automobile Liability,evidenceOfInsuranceAutomobileLiabilityWaiverOfSubrogationEndorsement,Waiver of Subrogation,"---prompt---
Determine if the insurer has waived their right of subrogation in favor of the certificate holder under the Automobile Liability policy. Evidence may include: a checked ""Waiver of Subrogation"" box on the certificate, mention in the Description of Operations section stating ""waiver of subrogation applies"", or reference to form CA 04 44. Look for language like ""subrogation is waived"" or ""per written contract"".",matchOnce,must be present,,,non_compliant,Standard 13,,,false,0,,2026-08-16
QTS Data Centers,6a15b733bd30da3db41030d8,69f0f3c5beb6279e947be0f8,"Layton Construction Company, LLC",69f10c28beb6279e947be4f5,"CDR1DC2 - QTS Cedar Rapids I DC2, LLC",evidenceOfInsurance,Evidence of Insurance,automobileLiability,Automobile Liability,evidenceOfInsuranceAutomobileLiabilityPrimaryAndNonContributoryEndorsement,Primary and Non-Contributory,"---prompt---
Determine if the Automobile Liability policy provides primary and non-contributory coverage for the certificate holder. Evidence may include: a checked ""Primary"" box on the certificate, mention in the Description of Operations section stating ""primary and non-contributory"". Look for language indicating this policy will pay first before other applicable insurance and will not seek contribution.",matchOnce,must be present,,,non_compliant,Standard 13,,,false,0,,2026-08-16
QTS Data Centers,6a15b733bd30da3db41030d8,69f0f3c5beb6279e947be0f8,"Layton Construction Company, LLC",69f10c28beb6279e947be4f5,"CDR1DC2 - QTS Cedar Rapids I DC2, LLC",evidenceOfInsurance,Evidence of Insurance,automobileLiability,Automobile Liability,0e6f6daa-effc-5c25-af03-4f7e657ae801,Physical MCS-90 Endorsement must be present,,matchOnce,must be present,,,non_compliant,Standard 13,,,true,0,,2026-08-16
QTS Data Centers,6a15b733bd30da3db41030d8,69f0f3c5beb6279e947be0f8,"Layton Construction Company, LLC",69f10c28beb6279e947be4f5,"CDR1DC2 - QTS Cedar Rapids I DC2, LLC",evidenceOfInsurance,Evidence of Insurance,excessOrUmbrellaLiability,Umbrella/Excess Liability,evidenceOfInsuranceExcessOrUmbrellaLiabilityOccurence,Coverage Trigger: Occurrence,,matchOnce,must be present,,,non_compliant,Standard 13,,,false,0,,2026-08-16
QTS Data Centers,6a15b733bd30da3db41030d8,69f0f3c5beb6279e947be0f8,"Layton Construction Company, LLC",69f10c28beb6279e947be4f5,"CDR1DC2 - QTS Cedar Rapids I DC2, LLC",evidenceOfInsurance,Evidence of Insurance,excessOrUmbrellaLiability,Umbrella/Excess Liability,evidenceOfInsuranceExcessOrUmbrellaLiabilityEachOccurrence,Each Occurrence,,matchOnce,must be greater or equal to,100000000,,non_compliant,Standard 13,,,false,0,,2026-08-16
QTS Data Centers,6a15b733bd30da3db41030d8,69f0f3c5beb6279e947be0f8,"Layton Construction Company, LLC",69f10c28beb6279e947be4f5,"CDR1DC2 - QTS Cedar Rapids I DC2, LLC",evidenceOfInsurance,Evidence of Insurance,excessOrUmbrellaLiability,Umbrella/Excess Liability,evidenceOfInsuranceExcessOrUmbrellaLiabilityAdditionalInsuredEndorsement,Additional Insured,"---prompt---
Determine if the certificate holder is covered as an additional insured under the Umbrella/Excess Liability policy. Evidence may include: a checked ""Additional Insured"" box on the certificate for the umbrella section, mention in the Description of Operations section, reference to ""follow form"" status (which would extend underlying additional insured status), or explicit language naming the certificate holder as additional insured on the umbrella.",matchOnce,must be present,,,non_compliant,Standard 13,,,false,0,,2026-08-16
QTS Data Centers,6a15b733bd30da3db41030d8,69f0f3c5beb6279e947be0f8,"Layton Construction Company, LLC",69f10c28beb6279e947be4f5,"CDR1DC2 - QTS Cedar Rapids I DC2, LLC",evidenceOfInsurance,Evidence of Insurance,excessOrUmbrellaLiability,Umbrella/Excess Liability,evidenceOfInsuranceExcessOrUmbrellaLiabilityWaiverOfSubrogationEndorsement,Waiver of Subrogation,"---prompt---
Determine if the insurer has waived their right of subrogation in favor of the certificate holder under the Umbrella/Excess Liability policy. Evidence may include: a checked ""Waiver of Subrogation"" box on the certificate, mention in the Description of Operations section stating ""waiver of subrogation applies"", or reference to ""follow form"" status (which would extend underlying waiver). Look for language like ""subrogation is waived"" or ""per written contract"".",matchOnce,must be present,,,non_compliant,Standard 13,,,false,0,,2026-08-16
QTS Data Centers,6a15b733bd30da3db41030d8,69f0f3c5beb6279e947be0f8,"Layton Construction Company, LLC",69f10c28beb6279e947be4f5,"CDR1DC2 - QTS Cedar Rapids I DC2, LLC",evidenceOfInsurance,Evidence of Insurance,excessOrUmbrellaLiability,Umbrella/Excess Liability,evidenceOfInsuranceExcessOrUmbrellaLiabilityPrimaryAndNonContributoryEndorsement,Primary and Non-Contributory,"---prompt---
Determine if the Umbrella/Excess Liability policy provides primary and non-contributory coverage for the certificate holder. Evidence may include: a checked ""Primary"" box on the certificate, mention in the Description of Operations section stating ""primary and non-contributory"", or reference to ""follow form"" status (which would extend underlying primary status). Look for language indicating this policy will pay first before other applicable insurance and will not seek contribution.",matchOnce,must be present,,,non_compliant,Standard 13,,,false,0,,2026-08-16
QTS Data Centers,6a15b733bd30da3db41030d8,69f0f3c5beb6279e947be0f8,"Layton Construction Company, LLC",69f10c28beb6279e947be4f5,"CDR1DC2 - QTS Cedar Rapids I DC2, LLC",evidenceOfInsurance,Evidence of Insurance,workersCompensation,Workers' Compensation and Employer's Liability,evidenceOfInsuranceWorkersCompensationStatutoryLimits,Statutory Limits,,matchOnce,must be present,,,non_compliant,Standard 13,,,false,0,,2026-08-16
QTS Data Centers,6a15b733bd30da3db41030d8,69f0f3c5beb6279e947be0f8,"Layton Construction Company, LLC",69f10c28beb6279e947be4f5,"CDR1DC2 - QTS Cedar Rapids I DC2, LLC",evidenceOfInsurance,Evidence of Insurance,workersCompensation,Workers' Compensation and Employer's Liability,evidenceOfInsuranceWorkersCompensationEmployersLiabilityDiseaseEachEmployee,Employer's Liability Disease - each employee,,matchOnce,must be greater or equal to,500000,,non_compliant,Standard 13,,,false,0,,2026-08-16
QTS Data Centers,6a15b733bd30da3db41030d8,69f0f3c5beb6279e947be0f8,"Layton Construction Company, LLC",69f10c28beb6279e947be4f5,"CDR1DC2 - QTS Cedar Rapids I DC2, LLC",evidenceOfInsurance,Evidence of Insurance,workersCompensation,Workers' Compensation and Employer's Liability,evidenceOfInsuranceWorkersCompensationEmployersLiabilityDiseasePolicyLimit,Employer's Liability Disease - policy limit,,matchOnce,must be greater or equal to,500000,,non_compliant,Standard 13,,,false,0,,2026-08-16
QTS Data Centers,6a15b733bd30da3db41030d8,69f0f3c5beb6279e947be0f8,"Layton Construction Company, LLC",69f10c28beb6279e947be4f5,"CDR1DC2 - QTS Cedar Rapids I DC2, LLC",evidenceOfInsurance,Evidence of Insurance,workersCompensation,Workers' Compensation and Employer's Liability,evidenceOfInsuranceWorkersCompensationEmployersLiabilityEachAccident,Employer's Liability Each Accident,,matchOnce,must be greater or equal to,500000,,non_compliant,Standard 13,,,false,0,,2026-08-16
QTS Data Centers,6a15b733bd30da3db41030d8,69f0f3c5beb6279e947be0f8,"Layton Construction Company, LLC",69f10c28beb6279e947be4f5,"CDR1DC2 - QTS Cedar Rapids I DC2, LLC",evidenceOfInsurance,Evidence of Insurance,workersCompensation,Workers' Compensation and Employer's Liability,evidenceOfInsuranceWorkersCompensationWaiverOfSubrogationEndorsement,Waiver of Subrogation,"---prompt---
Determine if the insurer has waived their right of subrogation in favor of the certificate holder under the Workers' Compensation policy. Evidence may include: a checked ""Waiver of Subrogation"" box on the certificate, mention in the Description of Operations section stating ""waiver of subrogation applies"", or reference to form WC 00 03 13. Look for language like ""subrogation is waived"" or ""per written contract"".",matchOnce,must be present,,,non_compliant,Standard 13,,,false,0,,2026-08-16
QTS Data Centers,6a15b733bd30da3db41030d8,69f0f3c5beb6279e947be0f8,"Layton Construction Company, LLC",69f10c28beb6279e947be4f5,"CDR1DC2 - QTS Cedar Rapids I DC2, LLC",evidenceOfInsurance,Evidence of Insurance,professional,Professional Liability,evidenceOfInsuranceProfessionalLimitsEachClaim,Each Claim,,matchOnce,must be greater or equal to,2000000,,non_compliant,Standard 13,,,false,0,,2026-08-16
QTS Data Centers,6a15b733bd30da3db41030d8,69f0f3c5beb6279e947be0f8,"Layton Construction Company, LLC",69f10c28beb6279e947be4f5,"CDR1DC2 - QTS Cedar Rapids I DC2, LLC",evidenceOfInsurance,Evidence of Insurance,professional,Professional Liability,d672162b-0115-567e-ac40-48cb8d46cdc0,"Professional Liability Coverage Deductible must be less than or equal to $100,000",,matchOnce,must be present,,,non_compliant,Standard 13,,,true,0,,2026-08-16
QTS Data Centers,6a15b733bd30da3db41030d8,69f0f3c5beb6279e947be0f8,"Layton Construction Company, LLC",69f10c28beb6279e947be4f5,"CDR1DC2 - QTS Cedar Rapids I DC2, LLC",evidenceOfInsurance,Evidence of Insurance,6ac20aae-5728-5d57-b364-aeba38527dba,Additional Requirements,655cb50e-155d-5f8c-af5e-e7386263aa58,"Certificate Holder must read as: ""Quality Technology Services, LLC, 
Attention: Procurement Department
300 Satellite Blvd NW, Suwanee, GA 30024.""",,matchOnce,must be present,,,non_compliant,Standard 13,,,true,0,,2026-08-16
QTS Data Centers,6a15b733bd30da3db41030d8,69f0f3c5beb6279e947be0f8,"Layton Construction Company, LLC",69f10c28beb6279e947be4f5,"CDR1DC2 - QTS Cedar Rapids I DC2, LLC",evidenceOfInsurance,Evidence of Insurance,6ac20aae-5728-5d57-b364-aeba38527dba,Additional Requirements,25da7a11-b805-5d7d-8deb-65519e743757,"Description of Operations must read: Quality Tech, LP, and its officers, directors, employees, parents, subsidiaries, affiliates, and related companies, successors, and permitted assigns",,matchOnce,must be present,,,non_compliant,Standard 13,,,true,0,,2026-08-16
QTS Data Centers,6a15b733bd30da3db41030d8,69f0f3c5beb6279e947be0f8,"Layton Construction Company, LLC",69f10c28beb6279e947be4f5,"CDR1DC2 - QTS Cedar Rapids I DC2, LLC",evidenceOfInsurance,Evidence of Insurance,6ac20aae-5728-5d57-b364-aeba38527dba,Additional Requirements,03d7ddc3-a527-5f18-bdf6-355eb23cd9de,30-Day Notice of Cancellation must be present,,matchOnce,must be present,,,non_compliant,Standard 13,,,true,0,,2026-08-16
QTS Data Centers,6a15b733bd30da3db41030d8,69f0f3c5beb6279e947be0f8,"Layton Construction Company, LLC",69f10c28beb6279e947be4f5,"CDR1DC2 - QTS Cedar Rapids I DC2, LLC",evidenceOfInsurance,Evidence of Insurance,6ac20aae-5728-5d57-b364-aeba38527dba,Additional Requirements,8d7b12d5-c6dc-5efe-8cbd-acd9adedde5b,"Description of Operations must read: CDR1-DC2, located near the intersection of 76th Avenue Southwest and Tissel Hollow Road Southwest, in Cedar Rapids, Linn County, IA",,matchOnce,must be present,,,non_compliant,Standard 13,,,true,0,,2026-08-16
QTS Data Centers,6a15b733bd30da3db41030d8,69f0f3c5beb6279e947be0f8,"Layton Construction Company, LLC",69f10c28beb6279e947be4f5,"CDR1DC2 - QTS Cedar Rapids I DC2, LLC",evidenceOfInsurance,Evidence of Insurance,6ac20aae-5728-5d57-b364-aeba38527dba,Additional Requirements,24a2347c-ab39-5dea-a6af-ad750440dde1,"Description of Operations must read: Commercial General Liability shall not include the following endorsements/exclusions or equivalent:

1. CG 2149 or CG 2155 o CG 2198 (Absolute Pollution Exclusion)
2. CG 2294 or CG 2295 (Damage to Work Performed by Contractors Exclusion)
3. CG 2139 (Contractual Limitation Endorsement)
4. CG 2196 (Silica or Silica Dust Exclusion), unless otherwise covered under an applicable pollution policy.
5. CG 2142 (Explosion, Collapse or Underground Exclusion)",,matchOnce,must be present,,,non_compliant,Standard 13,,,true,0,,2026-08-16
QTS Data Centers,6a15b733bd30da3db41030d8,69f0f3c5beb6279e947be0f8,"Layton Construction Company, LLC",69f10c28beb6279e947be4f5,"CDR1DC2 - QTS Cedar Rapids I DC2, LLC",evidenceOfInsurance,Evidence of Insurance,6ac20aae-5728-5d57-b364-aeba38527dba,Additional Requirements,71685e25-c6d0-5692-aaaf-30f59a2f9a83,"Description of Operations must read: Workers Compensation shall include ""all states"" coverage",,matchOnce,must be present,,,non_compliant,Standard 13,,,true,0,,2026-08-16
QTS Data Centers,6a15b733bd30da3db41030d9,69f0f3c5beb6279e947be0f8,"Layton Construction Company, LLC",69f10c28beb6279e947be4f6,"CDR1DC3 - QTS Cedar Rapids I DC3, LLC",evidenceOfInsurance,Evidence of Insurance,commercialGeneralLiability,Commercial General Liability,evidenceOfInsuranceCommercialGeneralLiabilityAMBestRating,AM Best Rating,,matchOnce,must be greater or equal to,140,,non_compliant,Standard 13,,,false,0,,2026-08-16
QTS Data Centers,6a15b733bd30da3db41030d9,69f0f3c5beb6279e947be0f8,"Layton Construction Company, LLC",69f10c28beb6279e947be4f6,"CDR1DC3 - QTS Cedar Rapids I DC3, LLC",evidenceOfInsurance,Evidence of Insurance,commercialGeneralLiability,Commercial General Liability,evidenceOfInsuranceCommercialGeneralLiabilityAMBestFinancialStrength,AM Best Financial Strength,,matchOnce,must be greater or equal to,100,,non_compliant,Standard 13,,,false,0,,2026-08-16
QTS Data Centers,6a15b733bd30da3db41030d9,69f0f3c5beb6279e947be0f8,"Layton Construction Company, LLC",69f10c28beb6279e947be4f6,"CDR1DC3 - QTS Cedar Rapids I DC3, LLC",evidenceOfInsurance,Evidence of Insurance,commercialGeneralLiability,Commercial General Liability,evidenceOfInsuranceCommercialGeneralLiabilityCoverageTriggerOccurrence,Coverage Trigger: Occurrence,,matchOnce,must be present,,,non_compliant,Standard 13,,,false,0,,2026-08-16
QTS Data Centers,6a15b733bd30da3db41030d9,69f0f3c5beb6279e947be0f8,"Layton Construction Company, LLC",69f10c28beb6279e947be4f6,"CDR1DC3 - QTS Cedar Rapids I DC3, LLC",evidenceOfInsurance,Evidence of Insurance,commercialGeneralLiability,Commercial General Liability,evidenceOfInsuranceCommercialGeneralLiabilityGeneralAggregateLimitAppliesPerProject,General Aggregate Limit Applies per: Project,,matchOnce,must be present,,,non_compliant,Standard 13,,,false,0,,2026-08-16
QTS Data Centers,6a15b733bd30da3db41030d9,69f0f3c5beb6279e947be0f8,"Layton Construction Company, LLC",69f10c28beb6279e947be4f6,"CDR1DC3 - QTS Cedar Rapids I DC3, LLC",evidenceOfInsurance,Evidence of Insurance,commercialGeneralLiability,Commercial General Liability,evidenceOfInsuranceCommercialGeneralLiabilityEachOccurrence,Each Occurrence,,matchOnce,must be greater or equal to,2000000,,non_compliant,Standard 13,,,false,0,,2026-08-16
QTS Data Centers,6a15b733bd30da3db41030d9,69f0f3c5beb6279e947be0f8,"Layton Construction Company, LLC",69f10c28beb6279e947be4f6,"CDR1DC3 - QTS Cedar Rapids I DC3, LLC",evidenceOfInsurance,Evidence of Insurance,commercialGeneralLiability,Commercial General Liability,evidenceOfInsuranceCommercialGeneralLiabilityGeneralAggregate,General Aggregate,,matchOnce,must be greater or equal to,5000000,,non_compliant,Standard 13,,,false,0,,2026-08-16
QTS Data Centers,6a15b733bd30da3db41030d9,69f0f3c5beb6279e947be0f8,"Layton Construction Company, LLC",69f10c28beb6279e947be4f6,"CDR1DC3 - QTS Cedar Rapids I DC3, LLC",evidenceOfInsurance,Evidence of Insurance,commercialGeneralLiability,Commercial General Liability,evidenceOfInsuranceCommercialGeneralLiabilityProducsCompletedOperationsAggregate,Products/Completed Operations Aggregate,,matchOnce,must be greater or equal to,5000000,,non_compliant,Standard 13,,,false,0,,2026-08-16
QTS Data Centers,6a15b733bd30da3db41030d9,69f0f3c5beb6279e947be0f8,"Layton Construction Company, LLC",69f10c28beb6279e947be4f6,"CDR1DC3 - QTS Cedar Rapids I DC3, LLC",evidenceOfInsurance,Evidence of Insurance,commercialGeneralLiability,Commercial General Liability,evidenceOfInsuranceCommercialGeneralLiabilityAdditionalInsuredEndorsementOngoingOps,Additional Insured - Ongoing Operations,"---prompt---
Verify that additional insured coverage specifically includes ongoing operations. Look in the Description of Operations section for language like ""additional insured for ongoing operations"", ""CG 20 10"", ""CG 20 37"", or ""operations performed by or on behalf of the named insured"". The coverage should explicitly reference ongoing work, not just completed operations.",matchOnce,must be present,,,non_compliant,Standard 13,,,false,0,,2026-08-16
QTS Data Centers,6a15b733bd30da3db41030d9,69f0f3c5beb6279e947be0f8,"Layton Construction Company, LLC",69f10c28beb6279e947be4f6,"CDR1DC3 - QTS Cedar Rapids I DC3, LLC",evidenceOfInsurance,Evidence of Insurance,commercialGeneralLiability,Commercial General Liability,evidenceOfInsuranceCommercialGeneralLiabilityAdditionalInsuredEndorsementCompletedOps,Additional Insured - Completed Operations,"---prompt---
Verify that additional insured coverage specifically includes completed operations. Look in the Description of Operations section for language like ""additional insured for completed operations"", ""CG 20 37"", ""products-completed operations"", or similar. This coverage protects the certificate holder for claims arising after work is finished.",matchOnce,must be present,,,non_compliant,Standard 13,,,false,0,,2026-08-16
QTS Data Centers,6a15b733bd30da3db41030d9,69f0f3c5beb6279e947be0f8,"Layton Construction Company, LLC",69f10c28beb6279e947be4f6,"CDR1DC3 - QTS Cedar Rapids I DC3, LLC",evidenceOfInsurance,Evidence of Insurance,commercialGeneralLiability,Commercial General Liability,evidenceOfInsuranceCommercialGeneralLiabilityWaiverOfSubrogationEndorsement,Waiver of Subrogation,"---prompt---
Determine if the insurer has waived their right of subrogation in favor of the certificate holder under the Commercial General Liability policy. Evidence may include: a checked ""Waiver of Subrogation"" box on the certificate, mention in the Description of Operations section stating ""waiver of subrogation applies"", or reference to form CG 24 04. Look for language like ""subrogation is waived"" or ""per written contract"".",matchOnce,must be present,,,non_compliant,Standard 13,,,false,0,,2026-08-16
QTS Data Centers,6a15b733bd30da3db41030d9,69f0f3c5beb6279e947be0f8,"Layton Construction Company, LLC",69f10c28beb6279e947be4f6,"CDR1DC3 - QTS Cedar Rapids I DC3, LLC",evidenceOfInsurance,Evidence of Insurance,commercialGeneralLiability,Commercial General Liability,evidenceOfInsuranceCommercialGeneralLiabilityPrimaryAndNonContributoryEndorsement,Primary and Non-Contributory,"---prompt---
Determine if the Commercial General Liability policy provides primary and non-contributory coverage for the certificate holder. Evidence may include: a checked ""Primary"" box on the certificate, mention in the Description of Operations section stating ""primary and non-contributory"", or reference to endorsement CG 20 01. Look for language indicating this policy will pay first before other applicable insurance and will not seek contribution.",matchOnce,must be present,,,non_compliant,Standard 13,,,false,0,,2026-08-16
QTS Data Centers,6a15b733bd30da3db41030d9,69f0f3c5beb6279e947be0f8,"Layton Construction Company, LLC",69f10c28beb6279e947be4f6,"CDR1DC3 - QTS Cedar Rapids I DC3, LLC",evidenceOfInsurance,Evidence of Insurance,commercialGeneralLiability,Commercial General Liability,9c28ed56-e307-5cf9-88e9-0ada1f283104,Physical 30 Days Notice of Cancellation - 10 Days Notice for Non Payment Endorsement must be present,,matchOnce,must be present,,,non_compliant,Standard 13,,,true,0,,2026-08-16
QTS Data Centers,6a15b733bd30da3db41030d9,69f0f3c5beb6279e947be0f8,"Layton Construction Company, LLC",69f10c28beb6279e947be4f6,"CDR1DC3 - QTS Cedar Rapids I DC3, LLC",evidenceOfInsurance,Evidence of Insurance,automobileLiability,Automobile Liability,evidenceOfInsuranceAutomobileLiabilityCombinedSingleLimitEachAccident,Combined Single Limit (each accident),,matchOnce,must be greater or equal to,1000000,,non_compliant,Standard 13,,,false,0,,2026-08-16
QTS Data Centers,6a15b733bd30da3db41030d9,69f0f3c5beb6279e947be0f8,"Layton Construction Company, LLC",69f10c28beb6279e947be4f6,"CDR1DC3 - QTS Cedar Rapids I DC3, LLC",evidenceOfInsurance,Evidence of Insurance,automobileLiability,Automobile Liability,evidenceOfInsuranceAutomobileLiabilityCoverageAppliesToOwnedAutosOnly,Coverage Applies To: Owned Autos Only,,matchOnce,must be present,,,non_compliant,Standard 13,,,false,0,,2026-08-16
QTS Data Centers,6a15b733bd30da3db41030d9,69f0f3c5beb6279e947be0f8,"Layton Construction Company, LLC",69f10c28beb6279e947be4f6,"CDR1DC3 - QTS Cedar Rapids I DC3, LLC",evidenceOfInsurance,Evidence of Insurance,automobileLiability,Automobile Liability,evidenceOfInsuranceAutomobileLiabilityCoverageAppliesToNonOwnedAutosOnly,Coverage Applies To: Non-Owned Autos Only,,matchOnce,must be present,,,non_compliant,Standard 13,,,false,0,,2026-08-16
QTS Data Centers,6a15b733bd30da3db41030d9,69f0f3c5beb6279e947be0f8,"Layton Construction Company, LLC",69f10c28beb6279e947be4f6,"CDR1DC3 - QTS Cedar Rapids I DC3, LLC",evidenceOfInsurance,Evidence of Insurance,automobileLiability,Automobile Liability,evidenceOfInsuranceAutomobileLiabilityCoverageAppliesToHiredAutosOnly,Coverage Applies To: Hired Autos Only,,matchOnce,must be present,,,non_compliant,Standard 13,,,false,0,,2026-08-16
QTS Data Centers,6a15b733bd30da3db41030d9,69f0f3c5beb6279e947be0f8,"Layton Construction Company, LLC",69f10c28beb6279e947be4f6,"CDR1DC3 - QTS Cedar Rapids I DC3, LLC",evidenceOfInsurance,Evidence of Insurance,automobileLiability,Automobile Liability,evidenceOfInsuranceAutomobileLiabilityAdditionalInsuredEndorsement,Additional Insured,"---prompt---
Determine if the certificate holder is covered as an additional insured under the Automobile Liability policy. Evidence may include: a checked ""Additional Insured"" box on the certificate for the auto section, mention in the Description of Operations section, or reference to blanket additional insured coverage. Look for form number CA 20 48 or language like ""certificate holder is additional insured"" or ""per written contract"".",matchOnce,must be present,,,non_compliant,Standard 13,,,false,0,,2026-08-16
QTS Data Centers,6a15b733bd30da3db41030d9,69f0f3c5beb6279e947be0f8,"Layton Construction Company, LLC",69f10c28beb6279e947be4f6,"CDR1DC3 - QTS Cedar Rapids I DC3, LLC",evidenceOfInsurance,Evidence of Insurance,automobileLiability,Automobile Liability,evidenceOfInsuranceAutomobileLiabilityWaiverOfSubrogationEndorsement,Waiver of Subrogation,"---prompt---
Determine if the insurer has waived their right of subrogation in favor of the certificate holder under the Automobile Liability policy. Evidence may include: a checked ""Waiver of Subrogation"" box on the certificate, mention in the Description of Operations section stating ""waiver of subrogation applies"", or reference to form CA 04 44. Look for language like ""subrogation is waived"" or ""per written contract"".",matchOnce,must be present,,,non_compliant,Standard 13,,,false,0,,2026-08-16
QTS Data Centers,6a15b733bd30da3db41030d9,69f0f3c5beb6279e947be0f8,"Layton Construction Company, LLC",69f10c28beb6279e947be4f6,"CDR1DC3 - QTS Cedar Rapids I DC3, LLC",evidenceOfInsurance,Evidence of Insurance,automobileLiability,Automobile Liability,evidenceOfInsuranceAutomobileLiabilityPrimaryAndNonContributoryEndorsement,Primary and Non-Contributory,"---prompt---
Determine if the Automobile Liability policy provides primary and non-contributory coverage for the certificate holder. Evidence may include: a checked ""Primary"" box on the certificate, mention in the Description of Operations section stating ""primary and non-contributory"". Look for language indicating this policy will pay first before other applicable insurance and will not seek contribution.",matchOnce,must be present,,,non_compliant,Standard 13,,,false,0,,2026-08-16
QTS Data Centers,6a15b733bd30da3db41030d9,69f0f3c5beb6279e947be0f8,"Layton Construction Company, LLC",69f10c28beb6279e947be4f6,"CDR1DC3 - QTS Cedar Rapids I DC3, LLC",evidenceOfInsurance,Evidence of Insurance,automobileLiability,Automobile Liability,0e6f6daa-effc-5c25-af03-4f7e657ae801,Physical MCS-90 Endorsement must be present,,matchOnce,must be present,,,non_compliant,Standard 13,,,true,0,,2026-08-16
QTS Data Centers,6a15b733bd30da3db41030d9,69f0f3c5beb6279e947be0f8,"Layton Construction Company, LLC",69f10c28beb6279e947be4f6,"CDR1DC3 - QTS Cedar Rapids I DC3, LLC",evidenceOfInsurance,Evidence of Insurance,excessOrUmbrellaLiability,Umbrella/Excess Liability,evidenceOfInsuranceExcessOrUmbrellaLiabilityOccurence,Coverage Trigger: Occurrence,,matchOnce,must be present,,,non_compliant,Standard 13,,,false,0,,2026-08-16
QTS Data Centers,6a15b733bd30da3db41030d9,69f0f3c5beb6279e947be0f8,"Layton Construction Company, LLC",69f10c28beb6279e947be4f6,"CDR1DC3 - QTS Cedar Rapids I DC3, LLC",evidenceOfInsurance,Evidence of Insurance,excessOrUmbrellaLiability,Umbrella/Excess Liability,evidenceOfInsuranceExcessOrUmbrellaLiabilityEachOccurrence,Each Occurrence,,matchOnce,must be greater or equal to,100000000,,non_compliant,Standard 13,,,false,0,,2026-08-16
QTS Data Centers,6a15b733bd30da3db41030d9,69f0f3c5beb6279e947be0f8,"Layton Construction Company, LLC",69f10c28beb6279e947be4f6,"CDR1DC3 - QTS Cedar Rapids I DC3, LLC",evidenceOfInsurance,Evidence of Insurance,excessOrUmbrellaLiability,Umbrella/Excess Liability,evidenceOfInsuranceExcessOrUmbrellaLiabilityAdditionalInsuredEndorsement,Additional Insured,"---prompt---
Determine if the certificate holder is covered as an additional insured under the Umbrella/Excess Liability policy. Evidence may include: a checked ""Additional Insured"" box on the certificate for the umbrella section, mention in the Description of Operations section, reference to ""follow form"" status (which would extend underlying additional insured status), or explicit language naming the certificate holder as additional insured on the umbrella.",matchOnce,must be present,,,non_compliant,Standard 13,,,false,0,,2026-08-16
QTS Data Centers,6a15b733bd30da3db41030d9,69f0f3c5beb6279e947be0f8,"Layton Construction Company, LLC",69f10c28beb6279e947be4f6,"CDR1DC3 - QTS Cedar Rapids I DC3, LLC",evidenceOfInsurance,Evidence of Insurance,excessOrUmbrellaLiability,Umbrella/Excess Liability,evidenceOfInsuranceExcessOrUmbrellaLiabilityWaiverOfSubrogationEndorsement,Waiver of Subrogation,"---prompt---
Determine if the insurer has waived their right of subrogation in favor of the certificate holder under the Umbrella/Excess Liability policy. Evidence may include: a checked ""Waiver of Subrogation"" box on the certificate, mention in the Description of Operations section stating ""waiver of subrogation applies"", or reference to ""follow form"" status (which would extend underlying waiver). Look for language like ""subrogation is waived"" or ""per written contract"".",matchOnce,must be present,,,non_compliant,Standard 13,,,false,0,,2026-08-16
QTS Data Centers,6a15b733bd30da3db41030d9,69f0f3c5beb6279e947be0f8,"Layton Construction Company, LLC",69f10c28beb6279e947be4f6,"CDR1DC3 - QTS Cedar Rapids I DC3, LLC",evidenceOfInsurance,Evidence of Insurance,excessOrUmbrellaLiability,Umbrella/Excess Liability,evidenceOfInsuranceExcessOrUmbrellaLiabilityPrimaryAndNonContributoryEndorsement,Primary and Non-Contributory,"---prompt---
Determine if the Umbrella/Excess Liability policy provides primary and non-contributory coverage for the certificate holder. Evidence may include: a checked ""Primary"" box on the certificate, mention in the Description of Operations section stating ""primary and non-contributory"", or reference to ""follow form"" status (which would extend underlying primary status). Look for language indicating this policy will pay first before other applicable insurance and will not seek contribution.",matchOnce,must be present,,,non_compliant,Standard 13,,,false,0,,2026-08-16
QTS Data Centers,6a15b733bd30da3db41030d9,69f0f3c5beb6279e947be0f8,"Layton Construction Company, LLC",69f10c28beb6279e947be4f6,"CDR1DC3 - QTS Cedar Rapids I DC3, LLC",evidenceOfInsurance,Evidence of Insurance,workersCompensation,Workers' Compensation and Employer's Liability,evidenceOfInsuranceWorkersCompensationStatutoryLimits,Statutory Limits,,matchOnce,must be present,,,non_compliant,Standard 13,,,false,0,,2026-08-16
QTS Data Centers,6a15b733bd30da3db41030d9,69f0f3c5beb6279e947be0f8,"Layton Construction Company, LLC",69f10c28beb6279e947be4f6,"CDR1DC3 - QTS Cedar Rapids I DC3, LLC",evidenceOfInsurance,Evidence of Insurance,workersCompensation,Workers' Compensation and Employer's Liability,evidenceOfInsuranceWorkersCompensationEmployersLiabilityDiseaseEachEmployee,Employer's Liability Disease - each employee,,matchOnce,must be greater or equal to,500000,,non_compliant,Standard 13,,,false,0,,2026-08-16
QTS Data Centers,6a15b733bd30da3db41030d9,69f0f3c5beb6279e947be0f8,"Layton Construction Company, LLC",69f10c28beb6279e947be4f6,"CDR1DC3 - QTS Cedar Rapids I DC3, LLC",evidenceOfInsurance,Evidence of Insurance,workersCompensation,Workers' Compensation and Employer's Liability,evidenceOfInsuranceWorkersCompensationEmployersLiabilityDiseasePolicyLimit,Employer's Liability Disease - policy limit,,matchOnce,must be greater or equal to,500000,,non_compliant,Standard 13,,,false,0,,2026-08-16
QTS Data Centers,6a15b733bd30da3db41030d9,69f0f3c5beb6279e947be0f8,"Layton Construction Company, LLC",69f10c28beb6279e947be4f6,"CDR1DC3 - QTS Cedar Rapids I DC3, LLC",evidenceOfInsurance,Evidence of Insurance,workersCompensation,Workers' Compensation and Employer's Liability,evidenceOfInsuranceWorkersCompensationEmployersLiabilityEachAccident,Employer's Liability Each Accident,,matchOnce,must be greater or equal to,500000,,non_compliant,Standard 13,,,false,0,,2026-08-16
QTS Data Centers,6a15b733bd30da3db41030d9,69f0f3c5beb6279e947be0f8,"Layton Construction Company, LLC",69f10c28beb6279e947be4f6,"CDR1DC3 - QTS Cedar Rapids I DC3, LLC",evidenceOfInsurance,Evidence of Insurance,workersCompensation,Workers' Compensation and Employer's Liability,evidenceOfInsuranceWorkersCompensationWaiverOfSubrogationEndorsement,Waiver of Subrogation,"---prompt---
Determine if the insurer has waived their right of subrogation in favor of the certificate holder under the Workers' Compensation policy. Evidence may include: a checked ""Waiver of Subrogation"" box on the certificate, mention in the Description of Operations section stating ""waiver of subrogation applies"", or reference to form WC 00 03 13. Look for language like ""subrogation is waived"" or ""per written contract"".",matchOnce,must be present,,,non_compliant,Standard 13,,,false,0,,2026-08-16
QTS Data Centers,6a15b733bd30da3db41030d9,69f0f3c5beb6279e947be0f8,"Layton Construction Company, LLC",69f10c28beb6279e947be4f6,"CDR1DC3 - QTS Cedar Rapids I DC3, LLC",evidenceOfInsurance,Evidence of Insurance,professional,Professional Liability,evidenceOfInsuranceProfessionalLimitsEachClaim,Each Claim,,matchOnce,must be greater or equal to,2000000,,non_compliant,Standard 13,,,false,0,,2026-08-16
QTS Data Centers,6a15b733bd30da3db41030d9,69f0f3c5beb6279e947be0f8,"Layton Construction Company, LLC",69f10c28beb6279e947be4f6,"CDR1DC3 - QTS Cedar Rapids I DC3, LLC",evidenceOfInsurance,Evidence of Insurance,professional,Professional Liability,d672162b-0115-567e-ac40-48cb8d46cdc0,"Professional Liability Coverage Deductible must be less than or equal to $100,000",,matchOnce,must be present,,,non_compliant,Standard 13,,,true,0,,2026-08-16
QTS Data Centers,6a15b733bd30da3db41030d9,69f0f3c5beb6279e947be0f8,"Layton Construction Company, LLC",69f10c28beb6279e947be4f6,"CDR1DC3 - QTS Cedar Rapids I DC3, LLC",evidenceOfInsurance,Evidence of Insurance,6ac20aae-5728-5d57-b364-aeba38527dba,Additional Requirements,655cb50e-155d-5f8c-af5e-e7386263aa58,"Certificate Holder must read as: ""Quality Technology Services, LLC, 
Attention: Procurement Department
300 Satellite Blvd NW, Suwanee, GA 30024.""",,matchOnce,must be present,,,non_compliant,Standard 13,,,true,0,,2026-08-16
QTS Data Centers,6a15b733bd30da3db41030d9,69f0f3c5beb6279e947be0f8,"Layton Construction Company, LLC",69f10c28beb6279e947be4f6,"CDR1DC3 - QTS Cedar Rapids I DC3, LLC",evidenceOfInsurance,Evidence of Insurance,6ac20aae-5728-5d57-b364-aeba38527dba,Additional Requirements,25da7a11-b805-5d7d-8deb-65519e743757,"Description of Operations must read: Quality Tech, LP, and its officers, directors, employees, parents, subsidiaries, affiliates, and related companies, successors, and permitted assigns",,matchOnce,must be present,,,non_compliant,Standard 13,,,true,0,,2026-08-16
QTS Data Centers,6a15b733bd30da3db41030d9,69f0f3c5beb6279e947be0f8,"Layton Construction Company, LLC",69f10c28beb6279e947be4f6,"CDR1DC3 - QTS Cedar Rapids I DC3, LLC",evidenceOfInsurance,Evidence of Insurance,6ac20aae-5728-5d57-b364-aeba38527dba,Additional Requirements,03d7ddc3-a527-5f18-bdf6-355eb23cd9de,30-Day Notice of Cancellation must be present,,matchOnce,must be present,,,non_compliant,Standard 13,,,true,0,,2026-08-16
QTS Data Centers,6a15b733bd30da3db41030d9,69f0f3c5beb6279e947be0f8,"Layton Construction Company, LLC",69f10c28beb6279e947be4f6,"CDR1DC3 - QTS Cedar Rapids I DC3, LLC",evidenceOfInsurance,Evidence of Insurance,6ac20aae-5728-5d57-b364-aeba38527dba,Additional Requirements,8d7b12d5-c6dc-5efe-8cbd-acd9adedde5b,"Description of Operations must read: CDR1-DC3, located near the intersection of 76th Avenue Southwest and Tissel Hollow Road Southwest, in Cedar Rapids, Linn County, IA",,matchOnce,must be present,,,non_compliant,Standard 13,,,true,0,,2026-08-16
QTS Data Centers,6a15b733bd30da3db41030d9,69f0f3c5beb6279e947be0f8,"Layton Construction Company, LLC",69f10c28beb6279e947be4f6,"CDR1DC3 - QTS Cedar Rapids I DC3, LLC",evidenceOfInsurance,Evidence of Insurance,6ac20aae-5728-5d57-b364-aeba38527dba,Additional Requirements,24a2347c-ab39-5dea-a6af-ad750440dde1,"Description of Operations must read: Commercial General Liability shall not include the following endorsements/exclusions or equivalent:

1. CG 2149 or CG 2155 o CG 2198 (Absolute Pollution Exclusion)
2. CG 2294 or CG 2295 (Damage to Work Performed by Contractors Exclusion)
3. CG 2139 (Contractual Limitation Endorsement)
4. CG 2196 (Silica or Silica Dust Exclusion), unless otherwise covered under an applicable pollution policy.
5. CG 2142 (Explosion, Collapse or Underground Exclusion)",,matchOnce,must be present,,,non_compliant,Standard 13,,,true,0,,2026-08-16
QTS Data Centers,6a15b733bd30da3db41030d9,69f0f3c5beb6279e947be0f8,"Layton Construction Company, LLC",69f10c28beb6279e947be4f6,"CDR1DC3 - QTS Cedar Rapids I DC3, LLC",evidenceOfInsurance,Evidence of Insurance,6ac20aae-5728-5d57-b364-aeba38527dba,Additional Requirements,71685e25-c6d0-5692-aaaf-30f59a2f9a83,"Description of Operations must read: Workers Compensation shall include ""all states"" coverage",,matchOnce,must be present,,,non_compliant,Standard 13,,,true,0,,2026-08-16
QTS Data Centers,6a15b733bd30da3db41030db,69f0f3c5beb6279e947be0f8,"Layton Construction Company, LLC",69f10c28beb6279e947be4e9,"SLC1DC1 - QTS Eagle Mountain 1, LLC",evidenceOfInsurance,Evidence of Insurance,commercialGeneralLiability,Commercial General Liability,evidenceOfInsuranceCommercialGeneralLiabilityAMBestRating,AM Best Rating,,matchOnce,must be greater or equal to,140,150,compliant,Standard 14 with Cyber Liability,,,false,1,,2026-08-16
QTS Data Centers,6a15b733bd30da3db41030db,69f0f3c5beb6279e947be0f8,"Layton Construction Company, LLC",69f10c28beb6279e947be4e9,"SLC1DC1 - QTS Eagle Mountain 1, LLC",evidenceOfInsurance,Evidence of Insurance,commercialGeneralLiability,Commercial General Liability,evidenceOfInsuranceCommercialGeneralLiabilityAMBestFinancialStrength,AM Best Financial Strength,,matchOnce,must be greater or equal to,100,150,compliant,Standard 14 with Cyber Liability,,,false,1,,2026-08-16
QTS Data Centers,6a15b733bd30da3db41030db,69f0f3c5beb6279e947be0f8,"Layton Construction Company, LLC",69f10c28beb6279e947be4e9,"SLC1DC1 - QTS Eagle Mountain 1, LLC",evidenceOfInsurance,Evidence of Insurance,commercialGeneralLiability,Commercial General Liability,evidenceOfInsuranceCommercialGeneralLiabilityCoverageTriggerOccurrence,Coverage Trigger: Occurrence,,matchOnce,must be present,,Present,compliant,Standard 14 with Cyber Liability,,,false,1,,2026-08-16
QTS Data Centers,6a15b733bd30da3db41030db,69f0f3c5beb6279e947be0f8,"Layton Construction Company, LLC",69f10c28beb6279e947be4e9,"SLC1DC1 - QTS Eagle Mountain 1, LLC",evidenceOfInsurance,Evidence of Insurance,commercialGeneralLiability,Commercial General Liability,evidenceOfInsuranceCommercialGeneralLiabilityGeneralAggregateLimitAppliesPerProject,General Aggregate Limit Applies per: Project,,matchOnce,must be present,,Present,compliant,Standard 14 with Cyber Liability,,,false,1,,2026-08-16
QTS Data Centers,6a15b733bd30da3db41030db,69f0f3c5beb6279e947be0f8,"Layton Construction Company, LLC",69f10c28beb6279e947be4e9,"SLC1DC1 - QTS Eagle Mountain 1, LLC",evidenceOfInsurance,Evidence of Insurance,commercialGeneralLiability,Commercial General Liability,evidenceOfInsuranceCommercialGeneralLiabilityEachOccurrence,Each Occurrence,,matchOnce,must be greater or equal to,2000000,5000000,compliant,Standard 14 with Cyber Liability,,,false,1,,2026-08-16
QTS Data Centers,6a15b733bd30da3db41030db,69f0f3c5beb6279e947be0f8,"Layton Construction Company, LLC",69f10c28beb6279e947be4e9,"SLC1DC1 - QTS Eagle Mountain 1, LLC",evidenceOfInsurance,Evidence of Insurance,commercialGeneralLiability,Commercial General Liability,evidenceOfInsuranceCommercialGeneralLiabilityGeneralAggregate,General Aggregate,,matchOnce,must be greater or equal to,5000000,10000000,compliant,Standard 14 with Cyber Liability,,,false,1,,2026-08-16
QTS Data Centers,6a15b733bd30da3db41030db,69f0f3c5beb6279e947be0f8,"Layton Construction Company, LLC",69f10c28beb6279e947be4e9,"SLC1DC1 - QTS Eagle Mountain 1, LLC",evidenceOfInsurance,Evidence of Insurance,commercialGeneralLiability,Commercial General Liability,evidenceOfInsuranceCommercialGeneralLiabilityProducsCompletedOperationsAggregate,Products/Completed Operations Aggregate,,matchOnce,must be greater or equal to,5000000,10000000,compliant,Standard 14 with Cyber Liability,,,false,1,,2026-08-16
QTS Data Centers,6a15b733bd30da3db41030db,69f0f3c5beb6279e947be0f8,"Layton Construction Company, LLC",69f10c28beb6279e947be4e9,"SLC1DC1 - QTS Eagle Mountain 1, LLC",evidenceOfInsurance,Evidence of Insurance,commercialGeneralLiability,Commercial General Liability,evidenceOfInsuranceCommercialGeneralLiabilityAdditionalInsuredEndorsementOngoingOps,Additional Insured - Ongoing Operations,"---prompt---
Verify that additional insured coverage specifically includes ongoing operations. Look in the Description of Operations section for language like ""additional insured for ongoing operations"", ""CG 20 10"", ""CG 20 37"", or ""operations performed by or on behalf of the named insured"". The coverage should explicitly reference ongoing work, not just completed operations.",matchOnce,must be present,,Present,compliant,Standard 14 with Cyber Liability,,,false,1,,2026-08-16
QTS Data Centers,6a15b733bd30da3db41030db,69f0f3c5beb6279e947be0f8,"Layton Construction Company, LLC",69f10c28beb6279e947be4e9,"SLC1DC1 - QTS Eagle Mountain 1, LLC",evidenceOfInsurance,Evidence of Insurance,commercialGeneralLiability,Commercial General Liability,evidenceOfInsuranceCommercialGeneralLiabilityAdditionalInsuredEndorsementCompletedOps,Additional Insured - Completed Operations,"---prompt---
Verify that additional insured coverage specifically includes completed operations. Look in the Description of Operations section for language like ""additional insured for completed operations"", ""CG 20 37"", ""products-completed operations"", or similar. This coverage protects the certificate holder for claims arising after work is finished.",matchOnce,must be present,,Present,compliant,Standard 14 with Cyber Liability,,,false,1,,2026-08-16
QTS Data Centers,6a15b733bd30da3db41030db,69f0f3c5beb6279e947be0f8,"Layton Construction Company, LLC",69f10c28beb6279e947be4e9,"SLC1DC1 - QTS Eagle Mountain 1, LLC",evidenceOfInsurance,Evidence of Insurance,commercialGeneralLiability,Commercial General Liability,evidenceOfInsuranceCommercialGeneralLiabilityWaiverOfSubrogationEndorsement,Waiver of Subrogation,"---prompt---
Determine if the insurer has waived their right of subrogation in favor of the certificate holder under the Commercial General Liability policy. Evidence may include: a checked ""Waiver of Subrogation"" box on the certificate, mention in the Description of Operations section stating ""waiver of subrogation applies"", or reference to form CG 24 04. Look for language like ""subrogation is waived"" or ""per written contract"".",matchOnce,must be present,,Present,compliant,Standard 14 with Cyber Liability,,,false,1,,2026-08-16
QTS Data Centers,6a15b733bd30da3db41030db,69f0f3c5beb6279e947be0f8,"Layton Construction Company, LLC",69f10c28beb6279e947be4e9,"SLC1DC1 - QTS Eagle Mountain 1, LLC",evidenceOfInsurance,Evidence of Insurance,commercialGeneralLiability,Commercial General Liability,evidenceOfInsuranceCommercialGeneralLiabilityPrimaryAndNonContributoryEndorsement,Primary and Non-Contributory,"---prompt---
Determine if the Commercial General Liability policy provides primary and non-contributory coverage for the certificate holder. Evidence may include: a checked ""Primary"" box on the certificate, mention in the Description of Operations section stating ""primary and non-contributory"", or reference to endorsement CG 20 01. Look for language indicating this policy will pay first before other applicable insurance and will not seek contribution.",matchOnce,must be present,,Present,compliant,Standard 14 with Cyber Liability,,,false,1,,2026-08-16
QTS Data Centers,6a15b733bd30da3db41030db,69f0f3c5beb6279e947be0f8,"Layton Construction Company, LLC",69f10c28beb6279e947be4e9,"SLC1DC1 - QTS Eagle Mountain 1, LLC",evidenceOfInsurance,Evidence of Insurance,commercialGeneralLiability,Commercial General Liability,9c28ed56-e307-5cf9-88e9-0ada1f283104,Physical 30 Days Notice of Cancellation - 10 Days Notice for Non Payment Endorsement must be present,,matchOnce,must be present,,Present,compliant,Standard 14 with Cyber Liability,,,true,1,,2026-08-16
QTS Data Centers,6a15b733bd30da3db41030db,69f0f3c5beb6279e947be0f8,"Layton Construction Company, LLC",69f10c28beb6279e947be4e9,"SLC1DC1 - QTS Eagle Mountain 1, LLC",evidenceOfInsurance,Evidence of Insurance,automobileLiability,Automobile Liability,evidenceOfInsuranceAutomobileLiabilityCombinedSingleLimitEachAccident,Combined Single Limit (each accident),,matchOnce,must be greater or equal to,1000000,2000000,compliant,Standard 14 with Cyber Liability,,,false,1,,2026-08-16
QTS Data Centers,6a15b733bd30da3db41030db,69f0f3c5beb6279e947be0f8,"Layton Construction Company, LLC",69f10c28beb6279e947be4e9,"SLC1DC1 - QTS Eagle Mountain 1, LLC",evidenceOfInsurance,Evidence of Insurance,automobileLiability,Automobile Liability,evidenceOfInsuranceAutomobileLiabilityCoverageAppliesToOwnedAutosOnly,Coverage Applies To: Owned Autos Only,,matchOnce,must be present,,Present,compliant,Standard 14 with Cyber Liability,,,false,1,,2026-08-16
QTS Data Centers,6a15b733bd30da3db41030db,69f0f3c5beb6279e947be0f8,"Layton Construction Company, LLC",69f10c28beb6279e947be4e9,"SLC1DC1 - QTS Eagle Mountain 1, LLC",evidenceOfInsurance,Evidence of Insurance,automobileLiability,Automobile Liability,evidenceOfInsuranceAutomobileLiabilityCoverageAppliesToNonOwnedAutosOnly,Coverage Applies To: Non-Owned Autos Only,,matchOnce,must be present,,Present,compliant,Standard 14 with Cyber Liability,,,false,1,,2026-08-16
QTS Data Centers,6a15b733bd30da3db41030db,69f0f3c5beb6279e947be0f8,"Layton Construction Company, LLC",69f10c28beb6279e947be4e9,"SLC1DC1 - QTS Eagle Mountain 1, LLC",evidenceOfInsurance,Evidence of Insurance,automobileLiability,Automobile Liability,evidenceOfInsuranceAutomobileLiabilityCoverageAppliesToHiredAutosOnly,Coverage Applies To: Hired Autos Only,,matchOnce,must be present,,Present,compliant,Standard 14 with Cyber Liability,,,false,1,,2026-08-16
QTS Data Centers,6a15b733bd30da3db41030db,69f0f3c5beb6279e947be0f8,"Layton Construction Company, LLC",69f10c28beb6279e947be4e9,"SLC1DC1 - QTS Eagle Mountain 1, LLC",evidenceOfInsurance,Evidence of Insurance,automobileLiability,Automobile Liability,evidenceOfInsuranceAutomobileLiabilityAdditionalInsuredEndorsement,Additional Insured,"---prompt---
Determine if the certificate holder is covered as an additional insured under the Automobile Liability policy. Evidence may include: a checked ""Additional Insured"" box on the certificate for the auto section, mention in the Description of Operations section, or reference to blanket additional insured coverage. Look for form number CA 20 48 or language like ""certificate holder is additional insured"" or ""per written contract"".",matchOnce,must be present,,Present,compliant,Standard 14 with Cyber Liability,,,false,1,,2026-08-16
QTS Data Centers,6a15b733bd30da3db41030db,69f0f3c5beb6279e947be0f8,"Layton Construction Company, LLC",69f10c28beb6279e947be4e9,"SLC1DC1 - QTS Eagle Mountain 1, LLC",evidenceOfInsurance,Evidence of Insurance,automobileLiability,Automobile Liability,evidenceOfInsuranceAutomobileLiabilityWaiverOfSubrogationEndorsement,Waiver of Subrogation,"---prompt---
Determine if the insurer has waived their right of subrogation in favor of the certificate holder under the Automobile Liability policy. Evidence may include: a checked ""Waiver of Subrogation"" box on the certificate, mention in the Description of Operations section stating ""waiver of subrogation applies"", or reference to form CA 04 44. Look for language like ""subrogation is waived"" or ""per written contract"".",matchOnce,must be present,,Present,compliant,Standard 14 with Cyber Liability,,,false,1,,2026-08-16
QTS Data Centers,6a15b733bd30da3db41030db,69f0f3c5beb6279e947be0f8,"Layton Construction Company, LLC",69f10c28beb6279e947be4e9,"SLC1DC1 - QTS Eagle Mountain 1, LLC",evidenceOfInsurance,Evidence of Insurance,automobileLiability,Automobile Liability,evidenceOfInsuranceAutomobileLiabilityPrimaryAndNonContributoryEndorsement,Primary and Non-Contributory,"---prompt---
Determine if the Automobile Liability policy provides primary and non-contributory coverage for the certificate holder. Evidence may include: a checked ""Primary"" box on the certificate, mention in the Description of Operations section stating ""primary and non-contributory"". Look for language indicating this policy will pay first before other applicable insurance and will not seek contribution.",matchOnce,must be present,,Present,compliant,Standard 14 with Cyber Liability,,,false,1,,2026-08-16
QTS Data Centers,6a15b733bd30da3db41030db,69f0f3c5beb6279e947be0f8,"Layton Construction Company, LLC",69f10c28beb6279e947be4e9,"SLC1DC1 - QTS Eagle Mountain 1, LLC",evidenceOfInsurance,Evidence of Insurance,automobileLiability,Automobile Liability,0e6f6daa-effc-5c25-af03-4f7e657ae801,Physical MCS-90 Endorsement must be present,,matchOnce,must be present,,,non_compliant,Standard 14 with Cyber Liability,,,true,0,,2026-08-16
QTS Data Centers,6a15b733bd30da3db41030db,69f0f3c5beb6279e947be0f8,"Layton Construction Company, LLC",69f10c28beb6279e947be4e9,"SLC1DC1 - QTS Eagle Mountain 1, LLC",evidenceOfInsurance,Evidence of Insurance,excessOrUmbrellaLiability,Umbrella/Excess Liability,evidenceOfInsuranceExcessOrUmbrellaLiabilityOccurence,Coverage Trigger: Occurrence,,matchOnce,must be present,,Present,compliant,Standard 14 with Cyber Liability,,,false,1,,2026-08-16
QTS Data Centers,6a15b733bd30da3db41030db,69f0f3c5beb6279e947be0f8,"Layton Construction Company, LLC",69f10c28beb6279e947be4e9,"SLC1DC1 - QTS Eagle Mountain 1, LLC",evidenceOfInsurance,Evidence of Insurance,excessOrUmbrellaLiability,Umbrella/Excess Liability,evidenceOfInsuranceExcessOrUmbrellaLiabilityEachOccurrence,Each Occurrence,,matchOnce,must be greater or equal to,100000000,25000000,non_compliant,Standard 14 with Cyber Liability,,,false,1,,2026-08-16
QTS Data Centers,6a15b733bd30da3db41030db,69f0f3c5beb6279e947be0f8,"Layton Construction Company, LLC",69f10c28beb6279e947be4e9,"SLC1DC1 - QTS Eagle Mountain 1, LLC",evidenceOfInsurance,Evidence of Insurance,excessOrUmbrellaLiability,Umbrella/Excess Liability,evidenceOfInsuranceExcessOrUmbrellaLiabilityAdditionalInsuredEndorsement,Additional Insured,"---prompt---
Determine if the certificate holder is covered as an additional insured under the Umbrella/Excess Liability policy. Evidence may include: a checked ""Additional Insured"" box on the certificate for the umbrella section, mention in the Description of Operations section, reference to ""follow form"" status (which would extend underlying additional insured status), or explicit language naming the certificate holder as additional insured on the umbrella.",matchOnce,must be present,,Present,compliant,Standard 14 with Cyber Liability,,,false,1,,2026-08-16
QTS Data Centers,6a15b733bd30da3db41030db,69f0f3c5beb6279e947be0f8,"Layton Construction Company, LLC",69f10c28beb6279e947be4e9,"SLC1DC1 - QTS Eagle Mountain 1, LLC",evidenceOfInsurance,Evidence of Insurance,excessOrUmbrellaLiability,Umbrella/Excess Liability,evidenceOfInsuranceExcessOrUmbrellaLiabilityWaiverOfSubrogationEndorsement,Waiver of Subrogation,"---prompt---
Determine if the insurer has waived their right of subrogation in favor of the certificate holder under the Umbrella/Excess Liability policy. Evidence may include: a checked ""Waiver of Subrogation"" box on the certificate, mention in the Description of Operations section stating ""waiver of subrogation applies"", or reference to ""follow form"" status (which would extend underlying waiver). Look for language like ""subrogation is waived"" or ""per written contract"".",matchOnce,must be present,,Present,compliant,Standard 14 with Cyber Liability,,,false,1,,2026-08-16
QTS Data Centers,6a15b733bd30da3db41030db,69f0f3c5beb6279e947be0f8,"Layton Construction Company, LLC",69f10c28beb6279e947be4e9,"SLC1DC1 - QTS Eagle Mountain 1, LLC",evidenceOfInsurance,Evidence of Insurance,excessOrUmbrellaLiability,Umbrella/Excess Liability,evidenceOfInsuranceExcessOrUmbrellaLiabilityPrimaryAndNonContributoryEndorsement,Primary and Non-Contributory,"---prompt---
Determine if the Umbrella/Excess Liability policy provides primary and non-contributory coverage for the certificate holder. Evidence may include: a checked ""Primary"" box on the certificate, mention in the Description of Operations section stating ""primary and non-contributory"", or reference to ""follow form"" status (which would extend underlying primary status). Look for language indicating this policy will pay first before other applicable insurance and will not seek contribution.",matchOnce,must be present,,Present,compliant,Standard 14 with Cyber Liability,,,false,1,,2026-08-16
QTS Data Centers,6a15b733bd30da3db41030db,69f0f3c5beb6279e947be0f8,"Layton Construction Company, LLC",69f10c28beb6279e947be4e9,"SLC1DC1 - QTS Eagle Mountain 1, LLC",evidenceOfInsurance,Evidence of Insurance,workersCompensation,Workers' Compensation and Employer's Liability,evidenceOfInsuranceWorkersCompensationStatutoryLimits,Statutory Limits,,matchOnce,must be present,,Present,compliant,Standard 14 with Cyber Liability,,,false,1,,2026-08-16
QTS Data Centers,6a15b733bd30da3db41030db,69f0f3c5beb6279e947be0f8,"Layton Construction Company, LLC",69f10c28beb6279e947be4e9,"SLC1DC1 - QTS Eagle Mountain 1, LLC",evidenceOfInsurance,Evidence of Insurance,workersCompensation,Workers' Compensation and Employer's Liability,evidenceOfInsuranceWorkersCompensationEmployersLiabilityDiseaseEachEmployee,Employer's Liability Disease - each employee,,matchOnce,must be greater or equal to,500000,2000000,compliant,Standard 14 with Cyber Liability,,,false,1,,2026-08-16
QTS Data Centers,6a15b733bd30da3db41030db,69f0f3c5beb6279e947be0f8,"Layton Construction Company, LLC",69f10c28beb6279e947be4e9,"SLC1DC1 - QTS Eagle Mountain 1, LLC",evidenceOfInsurance,Evidence of Insurance,workersCompensation,Workers' Compensation and Employer's Liability,evidenceOfInsuranceWorkersCompensationEmployersLiabilityDiseasePolicyLimit,Employer's Liability Disease - policy limit,,matchOnce,must be greater or equal to,500000,2000000,compliant,Standard 14 with Cyber Liability,,,false,1,,2026-08-16
QTS Data Centers,6a15b733bd30da3db41030db,69f0f3c5beb6279e947be0f8,"Layton Construction Company, LLC",69f10c28beb6279e947be4e9,"SLC1DC1 - QTS Eagle Mountain 1, LLC",evidenceOfInsurance,Evidence of Insurance,workersCompensation,Workers' Compensation and Employer's Liability,evidenceOfInsuranceWorkersCompensationEmployersLiabilityEachAccident,Employer's Liability Each Accident,,matchOnce,must be greater or equal to,500000,2000000,compliant,Standard 14 with Cyber Liability,,,false,1,,2026-08-16
QTS Data Centers,6a15b733bd30da3db41030db,69f0f3c5beb6279e947be0f8,"Layton Construction Company, LLC",69f10c28beb6279e947be4e9,"SLC1DC1 - QTS Eagle Mountain 1, LLC",evidenceOfInsurance,Evidence of Insurance,workersCompensation,Workers' Compensation and Employer's Liability,evidenceOfInsuranceWorkersCompensationWaiverOfSubrogationEndorsement,Waiver of Subrogation,"---prompt---
Determine if the insurer has waived their right of subrogation in favor of the certificate holder under the Workers' Compensation policy. Evidence may include: a checked ""Waiver of Subrogation"" box on the certificate, mention in the Description of Operations section stating ""waiver of subrogation applies"", or reference to form WC 00 03 13. Look for language like ""subrogation is waived"" or ""per written contract"".",matchOnce,must be present,,Present,compliant,Standard 14 with Cyber Liability,,,false,1,,2026-08-16
QTS Data Centers,6a15b733bd30da3db41030db,69f0f3c5beb6279e947be0f8,"Layton Construction Company, LLC",69f10c28beb6279e947be4e9,"SLC1DC1 - QTS Eagle Mountain 1, LLC",evidenceOfInsurance,Evidence of Insurance,professional,Professional Liability,evidenceOfInsuranceProfessionalLimitsEachClaim,Each Claim,,matchOnce,must be greater or equal to,2000000,10000000,compliant,Standard 14 with Cyber Liability,,,false,1,,2026-08-16
QTS Data Centers,6a15b733bd30da3db41030db,69f0f3c5beb6279e947be0f8,"Layton Construction Company, LLC",69f10c28beb6279e947be4e9,"SLC1DC1 - QTS Eagle Mountain 1, LLC",evidenceOfInsurance,Evidence of Insurance,professional,Professional Liability,c5cfb462-ffda-5d99-956f-56a318f6412c,"Professional Liability Coverage Deductible must be less than or equal to $100,000",,matchOnce,must be present,,,non_compliant,Standard 14 with Cyber Liability,,,true,0,,2026-08-16
QTS Data Centers,6a15b733bd30da3db41030db,69f0f3c5beb6279e947be0f8,"Layton Construction Company, LLC",69f10c28beb6279e947be4e9,"SLC1DC1 - QTS Eagle Mountain 1, LLC",evidenceOfInsurance,Evidence of Insurance,cyber,Cyber Liability,evidenceOfInsuranceCyberLimitsEachClaim,Each Claim,,matchOnce,must be greater or equal to,5000000,,non_compliant,Standard 14 with Cyber Liability,,,false,0,,2026-08-16
QTS Data Centers,6a15b733bd30da3db41030db,69f0f3c5beb6279e947be0f8,"Layton Construction Company, LLC",69f10c28beb6279e947be4e9,"SLC1DC1 - QTS Eagle Mountain 1, LLC",evidenceOfInsurance,Evidence of Insurance,cyber,Cyber Liability,evidenceOfInsuranceCyberLimitsAggregate,Aggregate,,matchOnce,must be greater or equal to,10000000,,non_compliant,Standard 14 with Cyber Liability,,,false,0,,2026-08-16
QTS Data Centers,6a15b733bd30da3db41030db,69f0f3c5beb6279e947be0f8,"Layton Construction Company, LLC",69f10c28beb6279e947be4e9,"SLC1DC1 - QTS Eagle Mountain 1, LLC",evidenceOfInsurance,Evidence of Insurance,6ac20aae-5728-5d57-b364-aeba38527dba,Additional Requirements,655cb50e-155d-5f8c-af5e-e7386263aa58,"Certificate Holder must read as: ""Quality Technology Services, LLC, 
Attention: Procurement Department
300 Satellite Blvd NW, Suwanee, GA 30024.""",,matchOnce,must be present,,,non_compliant,Standard 14 with Cyber Liability,,,true,0,,2026-08-16
QTS Data Centers,6a15b733bd30da3db41030db,69f0f3c5beb6279e947be0f8,"Layton Construction Company, LLC",69f10c28beb6279e947be4e9,"SLC1DC1 - QTS Eagle Mountain 1, LLC",evidenceOfInsurance,Evidence of Insurance,6ac20aae-5728-5d57-b364-aeba38527dba,Additional Requirements,25da7a11-b805-5d7d-8deb-65519e743757,"Description of Operations must read: Quality Tech, LP, and its officers, directors, employees, parents, subsidiaries, affiliates, and related companies, successors, and permitted assigns",,matchOnce,must be present,,,non_compliant,Standard 14 with Cyber Liability,,,true,0,,2026-08-16
QTS Data Centers,6a15b733bd30da3db41030db,69f0f3c5beb6279e947be0f8,"Layton Construction Company, LLC",69f10c28beb6279e947be4e9,"SLC1DC1 - QTS Eagle Mountain 1, LLC",evidenceOfInsurance,Evidence of Insurance,6ac20aae-5728-5d57-b364-aeba38527dba,Additional Requirements,03d7ddc3-a527-5f18-bdf6-355eb23cd9de,30-Day Notice of Cancellation must be present,,matchOnce,must be present,,Present,compliant,Standard 14 with Cyber Liability,,,true,1,,2026-08-16
QTS Data Centers,6a15b733bd30da3db41030db,69f0f3c5beb6279e947be0f8,"Layton Construction Company, LLC",69f10c28beb6279e947be4e9,"SLC1DC1 - QTS Eagle Mountain 1, LLC",evidenceOfInsurance,Evidence of Insurance,6ac20aae-5728-5d57-b364-aeba38527dba,Additional Requirements,8d7b12d5-c6dc-5efe-8cbd-acd9adedde5b,"Description of Operations must read: SLC1-DC1, located at 1043 North Virtual Drive, Eagle Mountain, UT 84005",,matchOnce,must be present,,,non_compliant,Standard 14 with Cyber Liability,,,true,0,,2026-08-16
QTS Data Centers,6a15b733bd30da3db41030db,69f0f3c5beb6279e947be0f8,"Layton Construction Company, LLC",69f10c28beb6279e947be4e9,"SLC1DC1 - QTS Eagle Mountain 1, LLC",evidenceOfInsurance,Evidence of Insurance,6ac20aae-5728-5d57-b364-aeba38527dba,Additional Requirements,24a2347c-ab39-5dea-a6af-ad750440dde1,"Description of Operations must read: Commercial General Liability shall not include the following endorsements/exclusions or equivalent:

1. CG 2149 or CG 2155 o CG 2198 (Absolute Pollution Exclusion)
2. CG 2294 or CG 2295 (Damage to Work Performed by Contractors Exclusion)
3. CG 2139 (Contractual Limitation Endorsement)
4. CG 2196 (Silica or Silica Dust Exclusion), unless otherwise covered under an applicable pollution policy.
5. CG 2142 (Explosion, Collapse or Underground Exclusion)",,matchOnce,must be present,,,non_compliant,Standard 14 with Cyber Liability,,,true,0,,2026-08-16
QTS Data Centers,6a15b733bd30da3db41030db,69f0f3c5beb6279e947be0f8,"Layton Construction Company, LLC",69f10c28beb6279e947be4e9,"SLC1DC1 - QTS Eagle Mountain 1, LLC",evidenceOfInsurance,Evidence of Insurance,6ac20aae-5728-5d57-b364-aeba38527dba,Additional Requirements,71685e25-c6d0-5692-aaaf-30f59a2f9a83,"Description of Operations must read: Workers Compensation shall include ""all states"" coverage",,matchOnce,must be present,,,non_compliant,Standard 14 with Cyber Liability,,,true,0,,2026-08-16
QTS Data Centers,6a15b733bd30da3db41030dc,69f0f3c5beb6279e947be0f8,"Layton Construction Company, LLC",69f10c28beb6279e947be4ef,"SLC1DC2 - QTS Eagle Mountain 1, LLC",evidenceOfInsurance,Evidence of Insurance,commercialGeneralLiability,Commercial General Liability,evidenceOfInsuranceCommercialGeneralLiabilityAMBestRating,AM Best Rating,,matchOnce,must be greater or equal to,140,150,compliant,Standard 14 with Cyber Liability,,,false,1,,2026-08-16
QTS Data Centers,6a15b733bd30da3db41030dc,69f0f3c5beb6279e947be0f8,"Layton Construction Company, LLC",69f10c28beb6279e947be4ef,"SLC1DC2 - QTS Eagle Mountain 1, LLC",evidenceOfInsurance,Evidence of Insurance,commercialGeneralLiability,Commercial General Liability,evidenceOfInsuranceCommercialGeneralLiabilityAMBestFinancialStrength,AM Best Financial Strength,,matchOnce,must be greater or equal to,100,150,compliant,Standard 14 with Cyber Liability,,,false,1,,2026-08-16
QTS Data Centers,6a15b733bd30da3db41030dc,69f0f3c5beb6279e947be0f8,"Layton Construction Company, LLC",69f10c28beb6279e947be4ef,"SLC1DC2 - QTS Eagle Mountain 1, LLC",evidenceOfInsurance,Evidence of Insurance,commercialGeneralLiability,Commercial General Liability,evidenceOfInsuranceCommercialGeneralLiabilityCoverageTriggerOccurrence,Coverage Trigger: Occurrence,,matchOnce,must be present,,Present,compliant,Standard 14 with Cyber Liability,,,false,1,,2026-08-16
QTS Data Centers,6a15b733bd30da3db41030dc,69f0f3c5beb6279e947be0f8,"Layton Construction Company, LLC",69f10c28beb6279e947be4ef,"SLC1DC2 - QTS Eagle Mountain 1, LLC",evidenceOfInsurance,Evidence of Insurance,commercialGeneralLiability,Commercial General Liability,evidenceOfInsuranceCommercialGeneralLiabilityGeneralAggregateLimitAppliesPerProject,General Aggregate Limit Applies per: Project,,matchOnce,must be present,,Present,compliant,Standard 14 with Cyber Liability,,,false,1,,2026-08-16
QTS Data Centers,6a15b733bd30da3db41030dc,69f0f3c5beb6279e947be0f8,"Layton Construction Company, LLC",69f10c28beb6279e947be4ef,"SLC1DC2 - QTS Eagle Mountain 1, LLC",evidenceOfInsurance,Evidence of Insurance,commercialGeneralLiability,Commercial General Liability,evidenceOfInsuranceCommercialGeneralLiabilityEachOccurrence,Each Occurrence,,matchOnce,must be greater or equal to,2000000,5000000,compliant,Standard 14 with Cyber Liability,,,false,1,,2026-08-16
QTS Data Centers,6a15b733bd30da3db41030dc,69f0f3c5beb6279e947be0f8,"Layton Construction Company, LLC",69f10c28beb6279e947be4ef,"SLC1DC2 - QTS Eagle Mountain 1, LLC",evidenceOfInsurance,Evidence of Insurance,commercialGeneralLiability,Commercial General Liability,evidenceOfInsuranceCommercialGeneralLiabilityGeneralAggregate,General Aggregate,,matchOnce,must be greater or equal to,5000000,10000000,compliant,Standard 14 with Cyber Liability,,,false,1,,2026-08-16
QTS Data Centers,6a15b733bd30da3db41030dc,69f0f3c5beb6279e947be0f8,"Layton Construction Company, LLC",69f10c28beb6279e947be4ef,"SLC1DC2 - QTS Eagle Mountain 1, LLC",evidenceOfInsurance,Evidence of Insurance,commercialGeneralLiability,Commercial General Liability,evidenceOfInsuranceCommercialGeneralLiabilityProducsCompletedOperationsAggregate,Products/Completed Operations Aggregate,,matchOnce,must be greater or equal to,5000000,10000000,compliant,Standard 14 with Cyber Liability,,,false,1,,2026-08-16
QTS Data Centers,6a15b733bd30da3db41030dc,69f0f3c5beb6279e947be0f8,"Layton Construction Company, LLC",69f10c28beb6279e947be4ef,"SLC1DC2 - QTS Eagle Mountain 1, LLC",evidenceOfInsurance,Evidence of Insurance,commercialGeneralLiability,Commercial General Liability,evidenceOfInsuranceCommercialGeneralLiabilityAdditionalInsuredEndorsementOngoingOps,Additional Insured - Ongoing Operations,"---prompt---
Verify that additional insured coverage specifically includes ongoing operations. Look in the Description of Operations section for language like ""additional insured for ongoing operations"", ""CG 20 10"", ""CG 20 37"", or ""operations performed by or on behalf of the named insured"". The coverage should explicitly reference ongoing work, not just completed operations.",matchOnce,must be present,,Present,compliant,Standard 14 with Cyber Liability,,,false,1,,2026-08-16
QTS Data Centers,6a15b733bd30da3db41030dc,69f0f3c5beb6279e947be0f8,"Layton Construction Company, LLC",69f10c28beb6279e947be4ef,"SLC1DC2 - QTS Eagle Mountain 1, LLC",evidenceOfInsurance,Evidence of Insurance,commercialGeneralLiability,Commercial General Liability,evidenceOfInsuranceCommercialGeneralLiabilityAdditionalInsuredEndorsementCompletedOps,Additional Insured - Completed Operations,"---prompt---
Verify that additional insured coverage specifically includes completed operations. Look in the Description of Operations section for language like ""additional insured for completed operations"", ""CG 20 37"", ""products-completed operations"", or similar. This coverage protects the certificate holder for claims arising after work is finished.",matchOnce,must be present,,Present,compliant,Standard 14 with Cyber Liability,,,false,1,,2026-08-16
QTS Data Centers,6a15b733bd30da3db41030dc,69f0f3c5beb6279e947be0f8,"Layton Construction Company, LLC",69f10c28beb6279e947be4ef,"SLC1DC2 - QTS Eagle Mountain 1, LLC",evidenceOfInsurance,Evidence of Insurance,commercialGeneralLiability,Commercial General Liability,evidenceOfInsuranceCommercialGeneralLiabilityWaiverOfSubrogationEndorsement,Waiver of Subrogation,"---prompt---
Determine if the insurer has waived their right of subrogation in favor of the certificate holder under the Commercial General Liability policy. Evidence may include: a checked ""Waiver of Subrogation"" box on the certificate, mention in the Description of Operations section stating ""waiver of subrogation applies"", or reference to form CG 24 04. Look for language like ""subrogation is waived"" or ""per written contract"".",matchOnce,must be present,,Present,compliant,Standard 14 with Cyber Liability,,,false,1,,2026-08-16
QTS Data Centers,6a15b733bd30da3db41030dc,69f0f3c5beb6279e947be0f8,"Layton Construction Company, LLC",69f10c28beb6279e947be4ef,"SLC1DC2 - QTS Eagle Mountain 1, LLC",evidenceOfInsurance,Evidence of Insurance,commercialGeneralLiability,Commercial General Liability,evidenceOfInsuranceCommercialGeneralLiabilityPrimaryAndNonContributoryEndorsement,Primary and Non-Contributory,"---prompt---
Determine if the Commercial General Liability policy provides primary and non-contributory coverage for the certificate holder. Evidence may include: a checked ""Primary"" box on the certificate, mention in the Description of Operations section stating ""primary and non-contributory"", or reference to endorsement CG 20 01. Look for language indicating this policy will pay first before other applicable insurance and will not seek contribution.",matchOnce,must be present,,Present,compliant,Standard 14 with Cyber Liability,,,false,1,,2026-08-16
QTS Data Centers,6a15b733bd30da3db41030dc,69f0f3c5beb6279e947be0f8,"Layton Construction Company, LLC",69f10c28beb6279e947be4ef,"SLC1DC2 - QTS Eagle Mountain 1, LLC",evidenceOfInsurance,Evidence of Insurance,commercialGeneralLiability,Commercial General Liability,9c28ed56-e307-5cf9-88e9-0ada1f283104,Physical 30 Days Notice of Cancellation - 10 Days Notice for Non Payment Endorsement must be present,,matchOnce,must be present,,Present,compliant,Standard 14 with Cyber Liability,,,true,1,,2026-08-16
QTS Data Centers,6a15b733bd30da3db41030dc,69f0f3c5beb6279e947be0f8,"Layton Construction Company, LLC",69f10c28beb6279e947be4ef,"SLC1DC2 - QTS Eagle Mountain 1, LLC",evidenceOfInsurance,Evidence of Insurance,automobileLiability,Automobile Liability,evidenceOfInsuranceAutomobileLiabilityCombinedSingleLimitEachAccident,Combined Single Limit (each accident),,matchOnce,must be greater or equal to,1000000,2000000,compliant,Standard 14 with Cyber Liability,,,false,1,,2026-08-16
QTS Data Centers,6a15b733bd30da3db41030dc,69f0f3c5beb6279e947be0f8,"Layton Construction Company, LLC",69f10c28beb6279e947be4ef,"SLC1DC2 - QTS Eagle Mountain 1, LLC",evidenceOfInsurance,Evidence of Insurance,automobileLiability,Automobile Liability,evidenceOfInsuranceAutomobileLiabilityCoverageAppliesToOwnedAutosOnly,Coverage Applies To: Owned Autos Only,,matchOnce,must be present,,Present,compliant,Standard 14 with Cyber Liability,,,false,1,,2026-08-16
QTS Data Centers,6a15b733bd30da3db41030dc,69f0f3c5beb6279e947be0f8,"Layton Construction Company, LLC",69f10c28beb6279e947be4ef,"SLC1DC2 - QTS Eagle Mountain 1, LLC",evidenceOfInsurance,Evidence of Insurance,automobileLiability,Automobile Liability,evidenceOfInsuranceAutomobileLiabilityCoverageAppliesToNonOwnedAutosOnly,Coverage Applies To: Non-Owned Autos Only,,matchOnce,must be present,,Present,compliant,Standard 14 with Cyber Liability,,,false,1,,2026-08-16
QTS Data Centers,6a15b733bd30da3db41030dc,69f0f3c5beb6279e947be0f8,"Layton Construction Company, LLC",69f10c28beb6279e947be4ef,"SLC1DC2 - QTS Eagle Mountain 1, LLC",evidenceOfInsurance,Evidence of Insurance,automobileLiability,Automobile Liability,evidenceOfInsuranceAutomobileLiabilityCoverageAppliesToHiredAutosOnly,Coverage Applies To: Hired Autos Only,,matchOnce,must be present,,Present,compliant,Standard 14 with Cyber Liability,,,false,1,,2026-08-16
QTS Data Centers,6a15b733bd30da3db41030dc,69f0f3c5beb6279e947be0f8,"Layton Construction Company, LLC",69f10c28beb6279e947be4ef,"SLC1DC2 - QTS Eagle Mountain 1, LLC",evidenceOfInsurance,Evidence of Insurance,automobileLiability,Automobile Liability,evidenceOfInsuranceAutomobileLiabilityAdditionalInsuredEndorsement,Additional Insured,"---prompt---
Determine if the certificate holder is covered as an additional insured under the Automobile Liability policy. Evidence may include: a checked ""Additional Insured"" box on the certificate for the auto section, mention in the Description of Operations section, or reference to blanket additional insured coverage. Look for form number CA 20 48 or language like ""certificate holder is additional insured"" or ""per written contract"".",matchOnce,must be present,,Present,compliant,Standard 14 with Cyber Liability,,,false,1,,2026-08-16
QTS Data Centers,6a15b733bd30da3db41030dc,69f0f3c5beb6279e947be0f8,"Layton Construction Company, LLC",69f10c28beb6279e947be4ef,"SLC1DC2 - QTS Eagle Mountain 1, LLC",evidenceOfInsurance,Evidence of Insurance,automobileLiability,Automobile Liability,evidenceOfInsuranceAutomobileLiabilityWaiverOfSubrogationEndorsement,Waiver of Subrogation,"---prompt---
Determine if the insurer has waived their right of subrogation in favor of the certificate holder under the Automobile Liability policy. Evidence may include: a checked ""Waiver of Subrogation"" box on the certificate, mention in the Description of Operations section stating ""waiver of subrogation applies"", or reference to form CA 04 44. Look for language like ""subrogation is waived"" or ""per written contract"".",matchOnce,must be present,,Present,compliant,Standard 14 with Cyber Liability,,,false,1,,2026-08-16
QTS Data Centers,6a15b733bd30da3db41030dc,69f0f3c5beb6279e947be0f8,"Layton Construction Company, LLC",69f10c28beb6279e947be4ef,"SLC1DC2 - QTS Eagle Mountain 1, LLC",evidenceOfInsurance,Evidence of Insurance,automobileLiability,Automobile Liability,evidenceOfInsuranceAutomobileLiabilityPrimaryAndNonContributoryEndorsement,Primary and Non-Contributory,"---prompt---
Determine if the Automobile Liability policy provides primary and non-contributory coverage for the certificate holder. Evidence may include: a checked ""Primary"" box on the certificate, mention in the Description of Operations section stating ""primary and non-contributory"". Look for language indicating this policy will pay first before other applicable insurance and will not seek contribution.",matchOnce,must be present,,,non_compliant,Standard 14 with Cyber Liability,,,false,0,,2026-08-16
QTS Data Centers,6a15b733bd30da3db41030dc,69f0f3c5beb6279e947be0f8,"Layton Construction Company, LLC",69f10c28beb6279e947be4ef,"SLC1DC2 - QTS Eagle Mountain 1, LLC",evidenceOfInsurance,Evidence of Insurance,automobileLiability,Automobile Liability,0e6f6daa-effc-5c25-af03-4f7e657ae801,Physical MCS-90 Endorsement must be present,,matchOnce,must be present,,,non_compliant,Standard 14 with Cyber Liability,,,true,0,,2026-08-16
QTS Data Centers,6a15b733bd30da3db41030dc,69f0f3c5beb6279e947be0f8,"Layton Construction Company, LLC",69f10c28beb6279e947be4ef,"SLC1DC2 - QTS Eagle Mountain 1, LLC",evidenceOfInsurance,Evidence of Insurance,excessOrUmbrellaLiability,Umbrella/Excess Liability,evidenceOfInsuranceExcessOrUmbrellaLiabilityOccurence,Coverage Trigger: Occurrence,,matchOnce,must be present,,Present,compliant,Standard 14 with Cyber Liability,,,false,1,,2026-08-16
QTS Data Centers,6a15b733bd30da3db41030dc,69f0f3c5beb6279e947be0f8,"Layton Construction Company, LLC",69f10c28beb6279e947be4ef,"SLC1DC2 - QTS Eagle Mountain 1, LLC",evidenceOfInsurance,Evidence of Insurance,excessOrUmbrellaLiability,Umbrella/Excess Liability,evidenceOfInsuranceExcessOrUmbrellaLiabilityEachOccurrence,Each Occurrence,,matchOnce,must be greater or equal to,100000000,25000000,non_compliant,Standard 14 with Cyber Liability,,,false,1,,2026-08-16
QTS Data Centers,6a15b733bd30da3db41030dc,69f0f3c5beb6279e947be0f8,"Layton Construction Company, LLC",69f10c28beb6279e947be4ef,"SLC1DC2 - QTS Eagle Mountain 1, LLC",evidenceOfInsurance,Evidence of Insurance,excessOrUmbrellaLiability,Umbrella/Excess Liability,evidenceOfInsuranceExcessOrUmbrellaLiabilityAdditionalInsuredEndorsement,Additional Insured,"---prompt---
Determine if the certificate holder is covered as an additional insured under the Umbrella/Excess Liability policy. Evidence may include: a checked ""Additional Insured"" box on the certificate for the umbrella section, mention in the Description of Operations section, reference to ""follow form"" status (which would extend underlying additional insured status), or explicit language naming the certificate holder as additional insured on the umbrella.",matchOnce,must be present,,Present,compliant,Standard 14 with Cyber Liability,,,false,1,,2026-08-16
QTS Data Centers,6a15b733bd30da3db41030dc,69f0f3c5beb6279e947be0f8,"Layton Construction Company, LLC",69f10c28beb6279e947be4ef,"SLC1DC2 - QTS Eagle Mountain 1, LLC",evidenceOfInsurance,Evidence of Insurance,excessOrUmbrellaLiability,Umbrella/Excess Liability,evidenceOfInsuranceExcessOrUmbrellaLiabilityWaiverOfSubrogationEndorsement,Waiver of Subrogation,"---prompt---
Determine if the insurer has waived their right of subrogation in favor of the certificate holder under the Umbrella/Excess Liability policy. Evidence may include: a checked ""Waiver of Subrogation"" box on the certificate, mention in the Description of Operations section stating ""waiver of subrogation applies"", or reference to ""follow form"" status (which would extend underlying waiver). Look for language like ""subrogation is waived"" or ""per written contract"".",matchOnce,must be present,,Present,compliant,Standard 14 with Cyber Liability,,,false,1,,2026-08-16
QTS Data Centers,6a15b733bd30da3db41030dc,69f0f3c5beb6279e947be0f8,"Layton Construction Company, LLC",69f10c28beb6279e947be4ef,"SLC1DC2 - QTS Eagle Mountain 1, LLC",evidenceOfInsurance,Evidence of Insurance,excessOrUmbrellaLiability,Umbrella/Excess Liability,evidenceOfInsuranceExcessOrUmbrellaLiabilityPrimaryAndNonContributoryEndorsement,Primary and Non-Contributory,"---prompt---
Determine if the Umbrella/Excess Liability policy provides primary and non-contributory coverage for the certificate holder. Evidence may include: a checked ""Primary"" box on the certificate, mention in the Description of Operations section stating ""primary and non-contributory"", or reference to ""follow form"" status (which would extend underlying primary status). Look for language indicating this policy will pay first before other applicable insurance and will not seek contribution.",matchOnce,must be present,,Present,compliant,Standard 14 with Cyber Liability,,,false,1,,2026-08-16
QTS Data Centers,6a15b733bd30da3db41030dc,69f0f3c5beb6279e947be0f8,"Layton Construction Company, LLC",69f10c28beb6279e947be4ef,"SLC1DC2 - QTS Eagle Mountain 1, LLC",evidenceOfInsurance,Evidence of Insurance,workersCompensation,Workers' Compensation and Employer's Liability,evidenceOfInsuranceWorkersCompensationStatutoryLimits,Statutory Limits,,matchOnce,must be present,,Present,compliant,Standard 14 with Cyber Liability,,,false,1,,2026-08-16
QTS Data Centers,6a15b733bd30da3db41030dc,69f0f3c5beb6279e947be0f8,"Layton Construction Company, LLC",69f10c28beb6279e947be4ef,"SLC1DC2 - QTS Eagle Mountain 1, LLC",evidenceOfInsurance,Evidence of Insurance,workersCompensation,Workers' Compensation and Employer's Liability,evidenceOfInsuranceWorkersCompensationEmployersLiabilityDiseaseEachEmployee,Employer's Liability Disease - each employee,,matchOnce,must be greater or equal to,500000,2000000,compliant,Standard 14 with Cyber Liability,,,false,1,,2026-08-16
QTS Data Centers,6a15b733bd30da3db41030dc,69f0f3c5beb6279e947be0f8,"Layton Construction Company, LLC",69f10c28beb6279e947be4ef,"SLC1DC2 - QTS Eagle Mountain 1, LLC",evidenceOfInsurance,Evidence of Insurance,workersCompensation,Workers' Compensation and Employer's Liability,evidenceOfInsuranceWorkersCompensationEmployersLiabilityDiseasePolicyLimit,Employer's Liability Disease - policy limit,,matchOnce,must be greater or equal to,500000,2000000,compliant,Standard 14 with Cyber Liability,,,false,1,,2026-08-16
QTS Data Centers,6a15b733bd30da3db41030dc,69f0f3c5beb6279e947be0f8,"Layton Construction Company, LLC",69f10c28beb6279e947be4ef,"SLC1DC2 - QTS Eagle Mountain 1, LLC",evidenceOfInsurance,Evidence of Insurance,workersCompensation,Workers' Compensation and Employer's Liability,evidenceOfInsuranceWorkersCompensationEmployersLiabilityEachAccident,Employer's Liability Each Accident,,matchOnce,must be greater or equal to,500000,2000000,compliant,Standard 14 with Cyber Liability,,,false,1,,2026-08-16
QTS Data Centers,6a15b733bd30da3db41030dc,69f0f3c5beb6279e947be0f8,"Layton Construction Company, LLC",69f10c28beb6279e947be4ef,"SLC1DC2 - QTS Eagle Mountain 1, LLC",evidenceOfInsurance,Evidence of Insurance,workersCompensation,Workers' Compensation and Employer's Liability,evidenceOfInsuranceWorkersCompensationWaiverOfSubrogationEndorsement,Waiver of Subrogation,"---prompt---
Determine if the insurer has waived their right of subrogation in favor of the certificate holder under the Workers' Compensation policy. Evidence may include: a checked ""Waiver of Subrogation"" box on the certificate, mention in the Description of Operations section stating ""waiver of subrogation applies"", or reference to form WC 00 03 13. Look for language like ""subrogation is waived"" or ""per written contract"".",matchOnce,must be present,,Present,compliant,Standard 14 with Cyber Liability,,,false,1,,2026-08-16
QTS Data Centers,6a15b733bd30da3db41030dc,69f0f3c5beb6279e947be0f8,"Layton Construction Company, LLC",69f10c28beb6279e947be4ef,"SLC1DC2 - QTS Eagle Mountain 1, LLC",evidenceOfInsurance,Evidence of Insurance,professional,Professional Liability,evidenceOfInsuranceProfessionalLimitsEachClaim,Each Claim,,matchOnce,must be greater or equal to,2000000,25000000,compliant,Standard 14 with Cyber Liability,,,false,1,,2026-08-16
QTS Data Centers,6a15b733bd30da3db41030dc,69f0f3c5beb6279e947be0f8,"Layton Construction Company, LLC",69f10c28beb6279e947be4ef,"SLC1DC2 - QTS Eagle Mountain 1, LLC",evidenceOfInsurance,Evidence of Insurance,professional,Professional Liability,c5cfb462-ffda-5d99-956f-56a318f6412c,"Professional Liability Coverage Deductible must be less than or equal to $100,000",,matchOnce,must be present,,,non_compliant,Standard 14 with Cyber Liability,,,true,0,,2026-08-16
QTS Data Centers,6a15b733bd30da3db41030dc,69f0f3c5beb6279e947be0f8,"Layton Construction Company, LLC",69f10c28beb6279e947be4ef,"SLC1DC2 - QTS Eagle Mountain 1, LLC",evidenceOfInsurance,Evidence of Insurance,cyber,Cyber Liability,evidenceOfInsuranceCyberLimitsEachClaim,Each Claim,,matchOnce,must be greater or equal to,5000000,,non_compliant,Standard 14 with Cyber Liability,,,false,0,,2026-08-16
QTS Data Centers,6a15b733bd30da3db41030dc,69f0f3c5beb6279e947be0f8,"Layton Construction Company, LLC",69f10c28beb6279e947be4ef,"SLC1DC2 - QTS Eagle Mountain 1, LLC",evidenceOfInsurance,Evidence of Insurance,cyber,Cyber Liability,evidenceOfInsuranceCyberLimitsAggregate,Aggregate,,matchOnce,must be greater or equal to,10000000,,non_compliant,Standard 14 with Cyber Liability,,,false,0,,2026-08-16
QTS Data Centers,6a15b733bd30da3db41030dc,69f0f3c5beb6279e947be0f8,"Layton Construction Company, LLC",69f10c28beb6279e947be4ef,"SLC1DC2 - QTS Eagle Mountain 1, LLC",evidenceOfInsurance,Evidence of Insurance,6ac20aae-5728-5d57-b364-aeba38527dba,Additional Requirements,655cb50e-155d-5f8c-af5e-e7386263aa58,"Certificate Holder must read as: ""Quality Technology Services, LLC, 
Attention: Procurement Department
300 Satellite Blvd NW, Suwanee, GA 30024.""",,matchOnce,must be present,,,non_compliant,Standard 14 with Cyber Liability,,,true,0,,2026-08-16
QTS Data Centers,6a15b733bd30da3db41030dc,69f0f3c5beb6279e947be0f8,"Layton Construction Company, LLC",69f10c28beb6279e947be4ef,"SLC1DC2 - QTS Eagle Mountain 1, LLC",evidenceOfInsurance,Evidence of Insurance,6ac20aae-5728-5d57-b364-aeba38527dba,Additional Requirements,25da7a11-b805-5d7d-8deb-65519e743757,"Description of Operations must read: Quality Tech, LP, and its officers, directors, employees, parents, subsidiaries, affiliates, and related companies, successors, and permitted assigns",,matchOnce,must be present,,,non_compliant,Standard 14 with Cyber Liability,,,true,0,,2026-08-16
QTS Data Centers,6a15b733bd30da3db41030dc,69f0f3c5beb6279e947be0f8,"Layton Construction Company, LLC",69f10c28beb6279e947be4ef,"SLC1DC2 - QTS Eagle Mountain 1, LLC",evidenceOfInsurance,Evidence of Insurance,6ac20aae-5728-5d57-b364-aeba38527dba,Additional Requirements,03d7ddc3-a527-5f18-bdf6-355eb23cd9de,30-Day Notice of Cancellation must be present,,matchOnce,must be present,,Present,compliant,Standard 14 with Cyber Liability,,,true,1,,2026-08-16
QTS Data Centers,6a15b733bd30da3db41030dc,69f0f3c5beb6279e947be0f8,"Layton Construction Company, LLC",69f10c28beb6279e947be4ef,"SLC1DC2 - QTS Eagle Mountain 1, LLC",evidenceOfInsurance,Evidence of Insurance,6ac20aae-5728-5d57-b364-aeba38527dba,Additional Requirements,8d7b12d5-c6dc-5efe-8cbd-acd9adedde5b,"Description of Operations must read: SLC1-DC2, located at 1043 North Virtual Drive, Eagle Mountain, UT 84005",,matchOnce,must be present,,,non_compliant,Standard 14 with Cyber Liability,,,true,0,,2026-08-16
QTS Data Centers,6a15b733bd30da3db41030dc,69f0f3c5beb6279e947be0f8,"Layton Construction Company, LLC",69f10c28beb6279e947be4ef,"SLC1DC2 - QTS Eagle Mountain 1, LLC",evidenceOfInsurance,Evidence of Insurance,6ac20aae-5728-5d57-b364-aeba38527dba,Additional Requirements,24a2347c-ab39-5dea-a6af-ad750440dde1,"Description of Operations must read: Commercial General Liability shall not include the following endorsements/exclusions or equivalent:

1. CG 2149 or CG 2155 o CG 2198 (Absolute Pollution Exclusion)
2. CG 2294 or CG 2295 (Damage to Work Performed by Contractors Exclusion)
3. CG 2139 (Contractual Limitation Endorsement)
4. CG 2196 (Silica or Silica Dust Exclusion), unless otherwise covered under an applicable pollution policy.
5. CG 2142 (Explosion, Collapse or Underground Exclusion)",,matchOnce,must be present,,,non_compliant,Standard 14 with Cyber Liability,,,true,0,,2026-08-16
QTS Data Centers,6a15b733bd30da3db41030dc,69f0f3c5beb6279e947be0f8,"Layton Construction Company, LLC",69f10c28beb6279e947be4ef,"SLC1DC2 - QTS Eagle Mountain 1, LLC",evidenceOfInsurance,Evidence of Insurance,6ac20aae-5728-5d57-b364-aeba38527dba,Additional Requirements,71685e25-c6d0-5692-aaaf-30f59a2f9a83,"Description of Operations must read: Workers Compensation shall include ""all states"" coverage",,matchOnce,must be present,,,non_compliant,Standard 14 with Cyber Liability,,,true,0,,2026-08-16
QTS Data Centers,6a15b733bd30da3db41030dd,69f0f3c5beb6279e947be0f8,"Layton Construction Company, LLC",69f10c28beb6279e947be4f0,"SLC1DC3 - QTS Eagle Mountain 1, LLC",evidenceOfInsurance,Evidence of Insurance,commercialGeneralLiability,Commercial General Liability,evidenceOfInsuranceCommercialGeneralLiabilityAMBestRating,AM Best Rating,,matchOnce,must be greater or equal to,140,150,compliant,Standard 14 with Cyber Liability,,,false,1,,2026-08-16
QTS Data Centers,6a15b733bd30da3db41030dd,69f0f3c5beb6279e947be0f8,"Layton Construction Company, LLC",69f10c28beb6279e947be4f0,"SLC1DC3 - QTS Eagle Mountain 1, LLC",evidenceOfInsurance,Evidence of Insurance,commercialGeneralLiability,Commercial General Liability,evidenceOfInsuranceCommercialGeneralLiabilityAMBestFinancialStrength,AM Best Financial Strength,,matchOnce,must be greater or equal to,100,150,compliant,Standard 14 with Cyber Liability,,,false,1,,2026-08-16
QTS Data Centers,6a15b733bd30da3db41030dd,69f0f3c5beb6279e947be0f8,"Layton Construction Company, LLC",69f10c28beb6279e947be4f0,"SLC1DC3 - QTS Eagle Mountain 1, LLC",evidenceOfInsurance,Evidence of Insurance,commercialGeneralLiability,Commercial General Liability,evidenceOfInsuranceCommercialGeneralLiabilityCoverageTriggerOccurrence,Coverage Trigger: Occurrence,,matchOnce,must be present,,Present,compliant,Standard 14 with Cyber Liability,,,false,1,,2026-08-16
QTS Data Centers,6a15b733bd30da3db41030dd,69f0f3c5beb6279e947be0f8,"Layton Construction Company, LLC",69f10c28beb6279e947be4f0,"SLC1DC3 - QTS Eagle Mountain 1, LLC",evidenceOfInsurance,Evidence of Insurance,commercialGeneralLiability,Commercial General Liability,evidenceOfInsuranceCommercialGeneralLiabilityGeneralAggregateLimitAppliesPerProject,General Aggregate Limit Applies per: Project,,matchOnce,must be present,,Present,compliant,Standard 14 with Cyber Liability,,,false,1,,2026-08-16
QTS Data Centers,6a15b733bd30da3db41030dd,69f0f3c5beb6279e947be0f8,"Layton Construction Company, LLC",69f10c28beb6279e947be4f0,"SLC1DC3 - QTS Eagle Mountain 1, LLC",evidenceOfInsurance,Evidence of Insurance,commercialGeneralLiability,Commercial General Liability,evidenceOfInsuranceCommercialGeneralLiabilityEachOccurrence,Each Occurrence,,matchOnce,must be greater or equal to,2000000,5000000,compliant,Standard 14 with Cyber Liability,,,false,1,,2026-08-16
QTS Data Centers,6a15b733bd30da3db41030dd,69f0f3c5beb6279e947be0f8,"Layton Construction Company, LLC",69f10c28beb6279e947be4f0,"SLC1DC3 - QTS Eagle Mountain 1, LLC",evidenceOfInsurance,Evidence of Insurance,commercialGeneralLiability,Commercial General Liability,evidenceOfInsuranceCommercialGeneralLiabilityGeneralAggregate,General Aggregate,,matchOnce,must be greater or equal to,5000000,10000000,compliant,Standard 14 with Cyber Liability,,,false,1,,2026-08-16
QTS Data Centers,6a15b733bd30da3db41030dd,69f0f3c5beb6279e947be0f8,"Layton Construction Company, LLC",69f10c28beb6279e947be4f0,"SLC1DC3 - QTS Eagle Mountain 1, LLC",evidenceOfInsurance,Evidence of Insurance,commercialGeneralLiability,Commercial General Liability,evidenceOfInsuranceCommercialGeneralLiabilityProducsCompletedOperationsAggregate,Products/Completed Operations Aggregate,,matchOnce,must be greater or equal to,5000000,10000000,compliant,Standard 14 with Cyber Liability,,,false,1,,2026-08-16
QTS Data Centers,6a15b733bd30da3db41030dd,69f0f3c5beb6279e947be0f8,"Layton Construction Company, LLC",69f10c28beb6279e947be4f0,"SLC1DC3 - QTS Eagle Mountain 1, LLC",evidenceOfInsurance,Evidence of Insurance,commercialGeneralLiability,Commercial General Liability,evidenceOfInsuranceCommercialGeneralLiabilityAdditionalInsuredEndorsementOngoingOps,Additional Insured - Ongoing Operations,"---prompt---
Verify that additional insured coverage specifically includes ongoing operations. Look in the Description of Operations section for language like ""additional insured for ongoing operations"", ""CG 20 10"", ""CG 20 37"", or ""operations performed by or on behalf of the named insured"". The coverage should explicitly reference ongoing work, not just completed operations.",matchOnce,must be present,,Present,compliant,Standard 14 with Cyber Liability,,,false,1,,2026-08-16
QTS Data Centers,6a15b733bd30da3db41030dd,69f0f3c5beb6279e947be0f8,"Layton Construction Company, LLC",69f10c28beb6279e947be4f0,"SLC1DC3 - QTS Eagle Mountain 1, LLC",evidenceOfInsurance,Evidence of Insurance,commercialGeneralLiability,Commercial General Liability,evidenceOfInsuranceCommercialGeneralLiabilityAdditionalInsuredEndorsementCompletedOps,Additional Insured - Completed Operations,"---prompt---
Verify that additional insured coverage specifically includes completed operations. Look in the Description of Operations section for language like ""additional insured for completed operations"", ""CG 20 37"", ""products-completed operations"", or similar. This coverage protects the certificate holder for claims arising after work is finished.",matchOnce,must be present,,Present,compliant,Standard 14 with Cyber Liability,,,false,1,,2026-08-16
QTS Data Centers,6a15b733bd30da3db41030dd,69f0f3c5beb6279e947be0f8,"Layton Construction Company, LLC",69f10c28beb6279e947be4f0,"SLC1DC3 - QTS Eagle Mountain 1, LLC",evidenceOfInsurance,Evidence of Insurance,commercialGeneralLiability,Commercial General Liability,evidenceOfInsuranceCommercialGeneralLiabilityWaiverOfSubrogationEndorsement,Waiver of Subrogation,"---prompt---
Determine if the insurer has waived their right of subrogation in favor of the certificate holder under the Commercial General Liability policy. Evidence may include: a checked ""Waiver of Subrogation"" box on the certificate, mention in the Description of Operations section stating ""waiver of subrogation applies"", or reference to form CG 24 04. Look for language like ""subrogation is waived"" or ""per written contract"".",matchOnce,must be present,,Present,compliant,Standard 14 with Cyber Liability,,,false,1,,2026-08-16
QTS Data Centers,6a15b733bd30da3db41030dd,69f0f3c5beb6279e947be0f8,"Layton Construction Company, LLC",69f10c28beb6279e947be4f0,"SLC1DC3 - QTS Eagle Mountain 1, LLC",evidenceOfInsurance,Evidence of Insurance,commercialGeneralLiability,Commercial General Liability,evidenceOfInsuranceCommercialGeneralLiabilityPrimaryAndNonContributoryEndorsement,Primary and Non-Contributory,"---prompt---
Determine if the Commercial General Liability policy provides primary and non-contributory coverage for the certificate holder. Evidence may include: a checked ""Primary"" box on the certificate, mention in the Description of Operations section stating ""primary and non-contributory"", or reference to endorsement CG 20 01. Look for language indicating this policy will pay first before other applicable insurance and will not seek contribution.",matchOnce,must be present,,Present,compliant,Standard 14 with Cyber Liability,,,false,1,,2026-08-16
QTS Data Centers,6a15b733bd30da3db41030dd,69f0f3c5beb6279e947be0f8,"Layton Construction Company, LLC",69f10c28beb6279e947be4f0,"SLC1DC3 - QTS Eagle Mountain 1, LLC",evidenceOfInsurance,Evidence of Insurance,commercialGeneralLiability,Commercial General Liability,9c28ed56-e307-5cf9-88e9-0ada1f283104,Physical 30 Days Notice of Cancellation - 10 Days Notice for Non Payment Endorsement must be present,,matchOnce,must be present,,Present,compliant,Standard 14 with Cyber Liability,,,true,1,,2026-08-16
QTS Data Centers,6a15b733bd30da3db41030dd,69f0f3c5beb6279e947be0f8,"Layton Construction Company, LLC",69f10c28beb6279e947be4f0,"SLC1DC3 - QTS Eagle Mountain 1, LLC",evidenceOfInsurance,Evidence of Insurance,automobileLiability,Automobile Liability,evidenceOfInsuranceAutomobileLiabilityCombinedSingleLimitEachAccident,Combined Single Limit (each accident),,matchOnce,must be greater or equal to,1000000,2000000,compliant,Standard 14 with Cyber Liability,,,false,1,,2026-08-16
QTS Data Centers,6a15b733bd30da3db41030dd,69f0f3c5beb6279e947be0f8,"Layton Construction Company, LLC",69f10c28beb6279e947be4f0,"SLC1DC3 - QTS Eagle Mountain 1, LLC",evidenceOfInsurance,Evidence of Insurance,automobileLiability,Automobile Liability,evidenceOfInsuranceAutomobileLiabilityCoverageAppliesToOwnedAutosOnly,Coverage Applies To: Owned Autos Only,,matchOnce,must be present,,Present,compliant,Standard 14 with Cyber Liability,,,false,1,,2026-08-16
QTS Data Centers,6a15b733bd30da3db41030dd,69f0f3c5beb6279e947be0f8,"Layton Construction Company, LLC",69f10c28beb6279e947be4f0,"SLC1DC3 - QTS Eagle Mountain 1, LLC",evidenceOfInsurance,Evidence of Insurance,automobileLiability,Automobile Liability,evidenceOfInsuranceAutomobileLiabilityCoverageAppliesToNonOwnedAutosOnly,Coverage Applies To: Non-Owned Autos Only,,matchOnce,must be present,,Present,compliant,Standard 14 with Cyber Liability,,,false,1,,2026-08-16
QTS Data Centers,6a15b733bd30da3db41030dd,69f0f3c5beb6279e947be0f8,"Layton Construction Company, LLC",69f10c28beb6279e947be4f0,"SLC1DC3 - QTS Eagle Mountain 1, LLC",evidenceOfInsurance,Evidence of Insurance,automobileLiability,Automobile Liability,evidenceOfInsuranceAutomobileLiabilityCoverageAppliesToHiredAutosOnly,Coverage Applies To: Hired Autos Only,,matchOnce,must be present,,Present,compliant,Standard 14 with Cyber Liability,,,false,1,,2026-08-16
QTS Data Centers,6a15b733bd30da3db41030dd,69f0f3c5beb6279e947be0f8,"Layton Construction Company, LLC",69f10c28beb6279e947be4f0,"SLC1DC3 - QTS Eagle Mountain 1, LLC",evidenceOfInsurance,Evidence of Insurance,automobileLiability,Automobile Liability,evidenceOfInsuranceAutomobileLiabilityAdditionalInsuredEndorsement,Additional Insured,"---prompt---
Determine if the certificate holder is covered as an additional insured under the Automobile Liability policy. Evidence may include: a checked ""Additional Insured"" box on the certificate for the auto section, mention in the Description of Operations section, or reference to blanket additional insured coverage. Look for form number CA 20 48 or language like ""certificate holder is additional insured"" or ""per written contract"".",matchOnce,must be present,,Present,compliant,Standard 14 with Cyber Liability,,,false,1,,2026-08-16
QTS Data Centers,6a15b733bd30da3db41030dd,69f0f3c5beb6279e947be0f8,"Layton Construction Company, LLC",69f10c28beb6279e947be4f0,"SLC1DC3 - QTS Eagle Mountain 1, LLC",evidenceOfInsurance,Evidence of Insurance,automobileLiability,Automobile Liability,evidenceOfInsuranceAutomobileLiabilityWaiverOfSubrogationEndorsement,Waiver of Subrogation,"---prompt---
Determine if the insurer has waived their right of subrogation in favor of the certificate holder under the Automobile Liability policy. Evidence may include: a checked ""Waiver of Subrogation"" box on the certificate, mention in the Description of Operations section stating ""waiver of subrogation applies"", or reference to form CA 04 44. Look for language like ""subrogation is waived"" or ""per written contract"".",matchOnce,must be present,,Present,compliant,Standard 14 with Cyber Liability,,,false,1,,2026-08-16
QTS Data Centers,6a15b733bd30da3db41030dd,69f0f3c5beb6279e947be0f8,"Layton Construction Company, LLC",69f10c28beb6279e947be4f0,"SLC1DC3 - QTS Eagle Mountain 1, LLC",evidenceOfInsurance,Evidence of Insurance,automobileLiability,Automobile Liability,evidenceOfInsuranceAutomobileLiabilityPrimaryAndNonContributoryEndorsement,Primary and Non-Contributory,"---prompt---
Determine if the Automobile Liability policy provides primary and non-contributory coverage for the certificate holder. Evidence may include: a checked ""Primary"" box on the certificate, mention in the Description of Operations section stating ""primary and non-contributory"". Look for language indicating this policy will pay first before other applicable insurance and will not seek contribution.",matchOnce,must be present,,Present,compliant,Standard 14 with Cyber Liability,,,false,1,,2026-08-16
QTS Data Centers,6a15b733bd30da3db41030dd,69f0f3c5beb6279e947be0f8,"Layton Construction Company, LLC",69f10c28beb6279e947be4f0,"SLC1DC3 - QTS Eagle Mountain 1, LLC",evidenceOfInsurance,Evidence of Insurance,automobileLiability,Automobile Liability,0e6f6daa-effc-5c25-af03-4f7e657ae801,Physical MCS-90 Endorsement must be present,,matchOnce,must be present,,,non_compliant,Standard 14 with Cyber Liability,,,true,0,,2026-08-16
QTS Data Centers,6a15b733bd30da3db41030dd,69f0f3c5beb6279e947be0f8,"Layton Construction Company, LLC",69f10c28beb6279e947be4f0,"SLC1DC3 - QTS Eagle Mountain 1, LLC",evidenceOfInsurance,Evidence of Insurance,excessOrUmbrellaLiability,Umbrella/Excess Liability,evidenceOfInsuranceExcessOrUmbrellaLiabilityOccurence,Coverage Trigger: Occurrence,,matchOnce,must be present,,Present,compliant,Standard 14 with Cyber Liability,,,false,1,,2026-08-16
QTS Data Centers,6a15b733bd30da3db41030dd,69f0f3c5beb6279e947be0f8,"Layton Construction Company, LLC",69f10c28beb6279e947be4f0,"SLC1DC3 - QTS Eagle Mountain 1, LLC",evidenceOfInsurance,Evidence of Insurance,excessOrUmbrellaLiability,Umbrella/Excess Liability,evidenceOfInsuranceExcessOrUmbrellaLiabilityEachOccurrence,Each Occurrence,,matchOnce,must be greater or equal to,100000000,25000000,non_compliant,Standard 14 with Cyber Liability,,,false,1,,2026-08-16
QTS Data Centers,6a15b733bd30da3db41030dd,69f0f3c5beb6279e947be0f8,"Layton Construction Company, LLC",69f10c28beb6279e947be4f0,"SLC1DC3 - QTS Eagle Mountain 1, LLC",evidenceOfInsurance,Evidence of Insurance,excessOrUmbrellaLiability,Umbrella/Excess Liability,evidenceOfInsuranceExcessOrUmbrellaLiabilityAdditionalInsuredEndorsement,Additional Insured,"---prompt---
Determine if the certificate holder is covered as an additional insured under the Umbrella/Excess Liability policy. Evidence may include: a checked ""Additional Insured"" box on the certificate for the umbrella section, mention in the Description of Operations section, reference to ""follow form"" status (which would extend underlying additional insured status), or explicit language naming the certificate holder as additional insured on the umbrella.",matchOnce,must be present,,Present,compliant,Standard 14 with Cyber Liability,,,false,1,,2026-08-16
QTS Data Centers,6a15b733bd30da3db41030dd,69f0f3c5beb6279e947be0f8,"Layton Construction Company, LLC",69f10c28beb6279e947be4f0,"SLC1DC3 - QTS Eagle Mountain 1, LLC",evidenceOfInsurance,Evidence of Insurance,excessOrUmbrellaLiability,Umbrella/Excess Liability,evidenceOfInsuranceExcessOrUmbrellaLiabilityWaiverOfSubrogationEndorsement,Waiver of Subrogation,"---prompt---
Determine if the insurer has waived their right of subrogation in favor of the certificate holder under the Umbrella/Excess Liability policy. Evidence may include: a checked ""Waiver of Subrogation"" box on the certificate, mention in the Description of Operations section stating ""waiver of subrogation applies"", or reference to ""follow form"" status (which would extend underlying waiver). Look for language like ""subrogation is waived"" or ""per written contract"".",matchOnce,must be present,,Present,compliant,Standard 14 with Cyber Liability,,,false,1,,2026-08-16
QTS Data Centers,6a15b733bd30da3db41030dd,69f0f3c5beb6279e947be0f8,"Layton Construction Company, LLC",69f10c28beb6279e947be4f0,"SLC1DC3 - QTS Eagle Mountain 1, LLC",evidenceOfInsurance,Evidence of Insurance,excessOrUmbrellaLiability,Umbrella/Excess Liability,evidenceOfInsuranceExcessOrUmbrellaLiabilityPrimaryAndNonContributoryEndorsement,Primary and Non-Contributory,"---prompt---
Determine if the Umbrella/Excess Liability policy provides primary and non-contributory coverage for the certificate holder. Evidence may include: a checked ""Primary"" box on the certificate, mention in the Description of Operations section stating ""primary and non-contributory"", or reference to ""follow form"" status (which would extend underlying primary status). Look for language indicating this policy will pay first before other applicable insurance and will not seek contribution.",matchOnce,must be present,,Present,compliant,Standard 14 with Cyber Liability,,,false,1,,2026-08-16
QTS Data Centers,6a15b733bd30da3db41030dd,69f0f3c5beb6279e947be0f8,"Layton Construction Company, LLC",69f10c28beb6279e947be4f0,"SLC1DC3 - QTS Eagle Mountain 1, LLC",evidenceOfInsurance,Evidence of Insurance,workersCompensation,Workers' Compensation and Employer's Liability,evidenceOfInsuranceWorkersCompensationStatutoryLimits,Statutory Limits,,matchOnce,must be present,,Present,compliant,Standard 14 with Cyber Liability,,,false,1,,2026-08-16
QTS Data Centers,6a15b733bd30da3db41030dd,69f0f3c5beb6279e947be0f8,"Layton Construction Company, LLC",69f10c28beb6279e947be4f0,"SLC1DC3 - QTS Eagle Mountain 1, LLC",evidenceOfInsurance,Evidence of Insurance,workersCompensation,Workers' Compensation and Employer's Liability,evidenceOfInsuranceWorkersCompensationEmployersLiabilityDiseaseEachEmployee,Employer's Liability Disease - each employee,,matchOnce,must be greater or equal to,500000,2000000,compliant,Standard 14 with Cyber Liability,,,false,1,,2026-08-16
QTS Data Centers,6a15b733bd30da3db41030dd,69f0f3c5beb6279e947be0f8,"Layton Construction Company, LLC",69f10c28beb6279e947be4f0,"SLC1DC3 - QTS Eagle Mountain 1, LLC",evidenceOfInsurance,Evidence of Insurance,workersCompensation,Workers' Compensation and Employer's Liability,evidenceOfInsuranceWorkersCompensationEmployersLiabilityDiseasePolicyLimit,Employer's Liability Disease - policy limit,,matchOnce,must be greater or equal to,500000,2000000,compliant,Standard 14 with Cyber Liability,,,false,1,,2026-08-16
QTS Data Centers,6a15b733bd30da3db41030dd,69f0f3c5beb6279e947be0f8,"Layton Construction Company, LLC",69f10c28beb6279e947be4f0,"SLC1DC3 - QTS Eagle Mountain 1, LLC",evidenceOfInsurance,Evidence of Insurance,workersCompensation,Workers' Compensation and Employer's Liability,evidenceOfInsuranceWorkersCompensationEmployersLiabilityEachAccident,Employer's Liability Each Accident,,matchOnce,must be greater or equal to,500000,2000000,compliant,Standard 14 with Cyber Liability,,,false,1,,2026-08-16
QTS Data Centers,6a15b733bd30da3db41030dd,69f0f3c5beb6279e947be0f8,"Layton Construction Company, LLC",69f10c28beb6279e947be4f0,"SLC1DC3 - QTS Eagle Mountain 1, LLC",evidenceOfInsurance,Evidence of Insurance,workersCompensation,Workers' Compensation and Employer's Liability,evidenceOfInsuranceWorkersCompensationWaiverOfSubrogationEndorsement,Waiver of Subrogation,"---prompt---
Determine if the insurer has waived their right of subrogation in favor of the certificate holder under the Workers' Compensation policy. Evidence may include: a checked ""Waiver of Subrogation"" box on the certificate, mention in the Description of Operations section stating ""waiver of subrogation applies"", or reference to form WC 00 03 13. Look for language like ""subrogation is waived"" or ""per written contract"".",matchOnce,must be present,,Present,compliant,Standard 14 with Cyber Liability,,,false,1,,2026-08-16
QTS Data Centers,6a15b733bd30da3db41030dd,69f0f3c5beb6279e947be0f8,"Layton Construction Company, LLC",69f10c28beb6279e947be4f0,"SLC1DC3 - QTS Eagle Mountain 1, LLC",evidenceOfInsurance,Evidence of Insurance,professional,Professional Liability,evidenceOfInsuranceProfessionalLimitsEachClaim,Each Claim,,matchOnce,must be greater or equal to,2000000,10000000,compliant,Standard 14 with Cyber Liability,,,false,1,,2026-08-16
QTS Data Centers,6a15b733bd30da3db41030dd,69f0f3c5beb6279e947be0f8,"Layton Construction Company, LLC",69f10c28beb6279e947be4f0,"SLC1DC3 - QTS Eagle Mountain 1, LLC",evidenceOfInsurance,Evidence of Insurance,professional,Professional Liability,c5cfb462-ffda-5d99-956f-56a318f6412c,"Professional Liability Coverage Deductible must be less than or equal to $100,000",,matchOnce,must be present,,,non_compliant,Standard 14 with Cyber Liability,,,true,0,,2026-08-16
QTS Data Centers,6a15b733bd30da3db41030dd,69f0f3c5beb6279e947be0f8,"Layton Construction Company, LLC",69f10c28beb6279e947be4f0,"SLC1DC3 - QTS Eagle Mountain 1, LLC",evidenceOfInsurance,Evidence of Insurance,cyber,Cyber Liability,evidenceOfInsuranceCyberLimitsEachClaim,Each Claim,,matchOnce,must be greater or equal to,5000000,,non_compliant,Standard 14 with Cyber Liability,,,false,0,,2026-08-16
QTS Data Centers,6a15b733bd30da3db41030dd,69f0f3c5beb6279e947be0f8,"Layton Construction Company, LLC",69f10c28beb6279e947be4f0,"SLC1DC3 - QTS Eagle Mountain 1, LLC",evidenceOfInsurance,Evidence of Insurance,cyber,Cyber Liability,evidenceOfInsuranceCyberLimitsAggregate,Aggregate,,matchOnce,must be greater or equal to,10000000,,non_compliant,Standard 14 with Cyber Liability,,,false,0,,2026-08-16
QTS Data Centers,6a15b733bd30da3db41030dd,69f0f3c5beb6279e947be0f8,"Layton Construction Company, LLC",69f10c28beb6279e947be4f0,"SLC1DC3 - QTS Eagle Mountain 1, LLC",evidenceOfInsurance,Evidence of Insurance,6ac20aae-5728-5d57-b364-aeba38527dba,Additional Requirements,655cb50e-155d-5f8c-af5e-e7386263aa58,"Certificate Holder must read as: ""Quality Technology Services, LLC, 
Attention: Procurement Department
300 Satellite Blvd NW, Suwanee, GA 30024.""",,matchOnce,must be present,,,non_compliant,Standard 14 with Cyber Liability,,,true,0,,2026-08-16
QTS Data Centers,6a15b733bd30da3db41030dd,69f0f3c5beb6279e947be0f8,"Layton Construction Company, LLC",69f10c28beb6279e947be4f0,"SLC1DC3 - QTS Eagle Mountain 1, LLC",evidenceOfInsurance,Evidence of Insurance,6ac20aae-5728-5d57-b364-aeba38527dba,Additional Requirements,25da7a11-b805-5d7d-8deb-65519e743757,"Description of Operations must read: Quality Tech, LP, and its officers, directors, employees, parents, subsidiaries, affiliates, and related companies, successors, and permitted assigns",,matchOnce,must be present,,,non_compliant,Standard 14 with Cyber Liability,,,true,0,,2026-08-16
QTS Data Centers,6a15b733bd30da3db41030dd,69f0f3c5beb6279e947be0f8,"Layton Construction Company, LLC",69f10c28beb6279e947be4f0,"SLC1DC3 - QTS Eagle Mountain 1, LLC",evidenceOfInsurance,Evidence of Insurance,6ac20aae-5728-5d57-b364-aeba38527dba,Additional Requirements,03d7ddc3-a527-5f18-bdf6-355eb23cd9de,30-Day Notice of Cancellation must be present,,matchOnce,must be present,,Present,compliant,Standard 14 with Cyber Liability,,,true,1,,2026-08-16
QTS Data Centers,6a15b733bd30da3db41030dd,69f0f3c5beb6279e947be0f8,"Layton Construction Company, LLC",69f10c28beb6279e947be4f0,"SLC1DC3 - QTS Eagle Mountain 1, LLC",evidenceOfInsurance,Evidence of Insurance,6ac20aae-5728-5d57-b364-aeba38527dba,Additional Requirements,8d7b12d5-c6dc-5efe-8cbd-acd9adedde5b,"Description of Operations must read: SLC1-DC3, located at 1043 North Virtual Drive, Eagle Mountain, UT 84005",,matchOnce,must be present,,,non_compliant,Standard 14 with Cyber Liability,,,true,0,,2026-08-16
QTS Data Centers,6a15b733bd30da3db41030dd,69f0f3c5beb6279e947be0f8,"Layton Construction Company, LLC",69f10c28beb6279e947be4f0,"SLC1DC3 - QTS Eagle Mountain 1, LLC",evidenceOfInsurance,Evidence of Insurance,6ac20aae-5728-5d57-b364-aeba38527dba,Additional Requirements,24a2347c-ab39-5dea-a6af-ad750440dde1,"Description of Operations must read: Commercial General Liability shall not include the following endorsements/exclusions or equivalent:

1. CG 2149 or CG 2155 o CG 2198 (Absolute Pollution Exclusion)
2. CG 2294 or CG 2295 (Damage to Work Performed by Contractors Exclusion)
3. CG 2139 (Contractual Limitation Endorsement)
4. CG 2196 (Silica or Silica Dust Exclusion), unless otherwise covered under an applicable pollution policy.
5. CG 2142 (Explosion, Collapse or Underground Exclusion)",,matchOnce,must be present,,,non_compliant,Standard 14 with Cyber Liability,,,true,0,,2026-08-16
QTS Data Centers,6a15b733bd30da3db41030dd,69f0f3c5beb6279e947be0f8,"Layton Construction Company, LLC",69f10c28beb6279e947be4f0,"SLC1DC3 - QTS Eagle Mountain 1, LLC",evidenceOfInsurance,Evidence of Insurance,6ac20aae-5728-5d57-b364-aeba38527dba,Additional Requirements,71685e25-c6d0-5692-aaaf-30f59a2f9a83,"Description of Operations must read: Workers Compensation shall include ""all states"" coverage",,matchOnce,must be present,,,non_compliant,Standard 14 with Cyber Liability,,,true,0,,2026-08-16
QTS Data Centers,6a15b733bd30da3db41030de,69f0f3c4beb6279e947be0da,"Clayco, Inc.",69f10c28beb6279e947be4e2,"ATL2DC9 - QTS Fayetteville II, DC9-10, LLC",evidenceOfInsurance,Evidence of Insurance,commercialGeneralLiability,Commercial General Liability,evidenceOfInsuranceCommercialGeneralLiabilityAMBestRating,AM Best Rating,,matchOnce,must be greater or equal to,140,150,compliant,Standard 15,,,false,1,,2026-08-16
QTS Data Centers,6a15b733bd30da3db41030de,69f0f3c4beb6279e947be0da,"Clayco, Inc.",69f10c28beb6279e947be4e2,"ATL2DC9 - QTS Fayetteville II, DC9-10, LLC",evidenceOfInsurance,Evidence of Insurance,commercialGeneralLiability,Commercial General Liability,evidenceOfInsuranceCommercialGeneralLiabilityAMBestFinancialStrength,AM Best Financial Strength,,matchOnce,must be greater or equal to,100,150,compliant,Standard 15,,,false,1,,2026-08-16
QTS Data Centers,6a15b733bd30da3db41030de,69f0f3c4beb6279e947be0da,"Clayco, Inc.",69f10c28beb6279e947be4e2,"ATL2DC9 - QTS Fayetteville II, DC9-10, LLC",evidenceOfInsurance,Evidence of Insurance,commercialGeneralLiability,Commercial General Liability,evidenceOfInsuranceCommercialGeneralLiabilityCoverageTriggerOccurrence,Coverage Trigger: Occurrence,,matchOnce,must be present,,Present,compliant,Standard 15,,,false,1,,2026-08-16
QTS Data Centers,6a15b733bd30da3db41030de,69f0f3c4beb6279e947be0da,"Clayco, Inc.",69f10c28beb6279e947be4e2,"ATL2DC9 - QTS Fayetteville II, DC9-10, LLC",evidenceOfInsurance,Evidence of Insurance,commercialGeneralLiability,Commercial General Liability,evidenceOfInsuranceCommercialGeneralLiabilityGeneralAggregateLimitAppliesPerProject,General Aggregate Limit Applies per: Project,,matchOnce,must be present,,Present,compliant,Standard 15,,,false,1,,2026-08-16
QTS Data Centers,6a15b733bd30da3db41030de,69f0f3c4beb6279e947be0da,"Clayco, Inc.",69f10c28beb6279e947be4e2,"ATL2DC9 - QTS Fayetteville II, DC9-10, LLC",evidenceOfInsurance,Evidence of Insurance,commercialGeneralLiability,Commercial General Liability,evidenceOfInsuranceCommercialGeneralLiabilityEachOccurrence,Each Occurrence,,matchOnce,must be greater or equal to,5000000,5000000,compliant,Standard 15,,,false,1,,2026-08-16
QTS Data Centers,6a15b733bd30da3db41030de,69f0f3c4beb6279e947be0da,"Clayco, Inc.",69f10c28beb6279e947be4e2,"ATL2DC9 - QTS Fayetteville II, DC9-10, LLC",evidenceOfInsurance,Evidence of Insurance,commercialGeneralLiability,Commercial General Liability,evidenceOfInsuranceCommercialGeneralLiabilityGeneralAggregate,General Aggregate,,matchOnce,must be greater or equal to,10000000,10000000,compliant,Standard 15,,,false,1,,2026-08-16
QTS Data Centers,6a15b733bd30da3db41030de,69f0f3c4beb6279e947be0da,"Clayco, Inc.",69f10c28beb6279e947be4e2,"ATL2DC9 - QTS Fayetteville II, DC9-10, LLC",evidenceOfInsurance,Evidence of Insurance,commercialGeneralLiability,Commercial General Liability,evidenceOfInsuranceCommercialGeneralLiabilityProducsCompletedOperationsAggregate,Products/Completed Operations Aggregate,,matchOnce,must be greater or equal to,5000000,10000000,compliant,Standard 15,,,false,1,,2026-08-16
QTS Data Centers,6a15b733bd30da3db41030de,69f0f3c4beb6279e947be0da,"Clayco, Inc.",69f10c28beb6279e947be4e2,"ATL2DC9 - QTS Fayetteville II, DC9-10, LLC",evidenceOfInsurance,Evidence of Insurance,commercialGeneralLiability,Commercial General Liability,evidenceOfInsuranceCommercialGeneralLiabilityAdditionalInsuredEndorsementOngoingOps,Additional Insured - Ongoing Operations,"---prompt---
Verify that additional insured coverage specifically includes ongoing operations. Look in the Description of Operations section for language like ""additional insured for ongoing operations"", ""CG 20 10"", ""CG 20 37"", or ""operations performed by or on behalf of the named insured"". The coverage should explicitly reference ongoing work, not just completed operations.",matchOnce,must be present,,Present,compliant,Standard 15,,,false,1,,2026-08-16
QTS Data Centers,6a15b733bd30da3db41030de,69f0f3c4beb6279e947be0da,"Clayco, Inc.",69f10c28beb6279e947be4e2,"ATL2DC9 - QTS Fayetteville II, DC9-10, LLC",evidenceOfInsurance,Evidence of Insurance,commercialGeneralLiability,Commercial General Liability,evidenceOfInsuranceCommercialGeneralLiabilityAdditionalInsuredEndorsementCompletedOps,Additional Insured - Completed Operations,"---prompt---
Verify that additional insured coverage specifically includes completed operations. Look in the Description of Operations section for language like ""additional insured for completed operations"", ""CG 20 37"", ""products-completed operations"", or similar. This coverage protects the certificate holder for claims arising after work is finished.",matchOnce,must be present,,Present,compliant,Standard 15,,,false,1,,2026-08-16
QTS Data Centers,6a15b733bd30da3db41030de,69f0f3c4beb6279e947be0da,"Clayco, Inc.",69f10c28beb6279e947be4e2,"ATL2DC9 - QTS Fayetteville II, DC9-10, LLC",evidenceOfInsurance,Evidence of Insurance,commercialGeneralLiability,Commercial General Liability,evidenceOfInsuranceCommercialGeneralLiabilityWaiverOfSubrogationEndorsement,Waiver of Subrogation,"---prompt---
Determine if the insurer has waived their right of subrogation in favor of the certificate holder under the Commercial General Liability policy. Evidence may include: a checked ""Waiver of Subrogation"" box on the certificate, mention in the Description of Operations section stating ""waiver of subrogation applies"", or reference to form CG 24 04. Look for language like ""subrogation is waived"" or ""per written contract"".",matchOnce,must be present,,Present,compliant,Standard 15,,,false,1,,2026-08-16
QTS Data Centers,6a15b733bd30da3db41030de,69f0f3c4beb6279e947be0da,"Clayco, Inc.",69f10c28beb6279e947be4e2,"ATL2DC9 - QTS Fayetteville II, DC9-10, LLC",evidenceOfInsurance,Evidence of Insurance,commercialGeneralLiability,Commercial General Liability,evidenceOfInsuranceCommercialGeneralLiabilityPrimaryAndNonContributoryEndorsement,Primary and Non-Contributory,"---prompt---
Determine if the Commercial General Liability policy provides primary and non-contributory coverage for the certificate holder. Evidence may include: a checked ""Primary"" box on the certificate, mention in the Description of Operations section stating ""primary and non-contributory"", or reference to endorsement CG 20 01. Look for language indicating this policy will pay first before other applicable insurance and will not seek contribution.",matchOnce,must be present,,Present,compliant,Standard 15,,,false,1,,2026-08-16
QTS Data Centers,6a15b733bd30da3db41030de,69f0f3c4beb6279e947be0da,"Clayco, Inc.",69f10c28beb6279e947be4e2,"ATL2DC9 - QTS Fayetteville II, DC9-10, LLC",evidenceOfInsurance,Evidence of Insurance,commercialGeneralLiability,Commercial General Liability,9c28ed56-e307-5cf9-88e9-0ada1f283104,Physical 30 Days Notice of Cancellation - 10 Days Notice for Non Payment Endorsement must be present,,matchOnce,must be present,,Present,compliant,Standard 15,,,true,1,,2026-08-16
QTS Data Centers,6a15b733bd30da3db41030de,69f0f3c4beb6279e947be0da,"Clayco, Inc.",69f10c28beb6279e947be4e2,"ATL2DC9 - QTS Fayetteville II, DC9-10, LLC",evidenceOfInsurance,Evidence of Insurance,automobileLiability,Automobile Liability,evidenceOfInsuranceAutomobileLiabilityCombinedSingleLimitEachAccident,Combined Single Limit (each accident),,matchOnce,must be greater or equal to,1000000,2000000,compliant,Standard 15,,,false,1,,2026-08-16
QTS Data Centers,6a15b733bd30da3db41030de,69f0f3c4beb6279e947be0da,"Clayco, Inc.",69f10c28beb6279e947be4e2,"ATL2DC9 - QTS Fayetteville II, DC9-10, LLC",evidenceOfInsurance,Evidence of Insurance,automobileLiability,Automobile Liability,evidenceOfInsuranceAutomobileLiabilityCoverageAppliesToOwnedAutosOnly,Coverage Applies To: Owned Autos Only,,matchOnce,must be present,,Present,compliant,Standard 15,,,false,1,,2026-08-16
QTS Data Centers,6a15b733bd30da3db41030de,69f0f3c4beb6279e947be0da,"Clayco, Inc.",69f10c28beb6279e947be4e2,"ATL2DC9 - QTS Fayetteville II, DC9-10, LLC",evidenceOfInsurance,Evidence of Insurance,automobileLiability,Automobile Liability,evidenceOfInsuranceAutomobileLiabilityCoverageAppliesToNonOwnedAutosOnly,Coverage Applies To: Non-Owned Autos Only,,matchOnce,must be present,,Present,compliant,Standard 15,,,false,1,,2026-08-16
QTS Data Centers,6a15b733bd30da3db41030de,69f0f3c4beb6279e947be0da,"Clayco, Inc.",69f10c28beb6279e947be4e2,"ATL2DC9 - QTS Fayetteville II, DC9-10, LLC",evidenceOfInsurance,Evidence of Insurance,automobileLiability,Automobile Liability,evidenceOfInsuranceAutomobileLiabilityCoverageAppliesToHiredAutosOnly,Coverage Applies To: Hired Autos Only,,matchOnce,must be present,,Present,compliant,Standard 15,,,false,1,,2026-08-16
QTS Data Centers,6a15b733bd30da3db41030de,69f0f3c4beb6279e947be0da,"Clayco, Inc.",69f10c28beb6279e947be4e2,"ATL2DC9 - QTS Fayetteville II, DC9-10, LLC",evidenceOfInsurance,Evidence of Insurance,automobileLiability,Automobile Liability,evidenceOfInsuranceAutomobileLiabilityAdditionalInsuredEndorsement,Additional Insured,"---prompt---
Determine if the certificate holder is covered as an additional insured under the Automobile Liability policy. Evidence may include: a checked ""Additional Insured"" box on the certificate for the auto section, mention in the Description of Operations section, or reference to blanket additional insured coverage. Look for form number CA 20 48 or language like ""certificate holder is additional insured"" or ""per written contract"".",matchOnce,must be present,,Present,compliant,Standard 15,,,false,1,,2026-08-16
QTS Data Centers,6a15b733bd30da3db41030de,69f0f3c4beb6279e947be0da,"Clayco, Inc.",69f10c28beb6279e947be4e2,"ATL2DC9 - QTS Fayetteville II, DC9-10, LLC",evidenceOfInsurance,Evidence of Insurance,automobileLiability,Automobile Liability,evidenceOfInsuranceAutomobileLiabilityWaiverOfSubrogationEndorsement,Waiver of Subrogation,"---prompt---
Determine if the insurer has waived their right of subrogation in favor of the certificate holder under the Automobile Liability policy. Evidence may include: a checked ""Waiver of Subrogation"" box on the certificate, mention in the Description of Operations section stating ""waiver of subrogation applies"", or reference to form CA 04 44. Look for language like ""subrogation is waived"" or ""per written contract"".",matchOnce,must be present,,Present,compliant,Standard 15,,,false,1,,2026-08-16
QTS Data Centers,6a15b733bd30da3db41030de,69f0f3c4beb6279e947be0da,"Clayco, Inc.",69f10c28beb6279e947be4e2,"ATL2DC9 - QTS Fayetteville II, DC9-10, LLC",evidenceOfInsurance,Evidence of Insurance,automobileLiability,Automobile Liability,evidenceOfInsuranceAutomobileLiabilityPrimaryAndNonContributoryEndorsement,Primary and Non-Contributory,"---prompt---
Determine if the Automobile Liability policy provides primary and non-contributory coverage for the certificate holder. Evidence may include: a checked ""Primary"" box on the certificate, mention in the Description of Operations section stating ""primary and non-contributory"". Look for language indicating this policy will pay first before other applicable insurance and will not seek contribution.",matchOnce,must be present,,Present,compliant,Standard 15,,,false,1,,2026-08-16
QTS Data Centers,6a15b733bd30da3db41030de,69f0f3c4beb6279e947be0da,"Clayco, Inc.",69f10c28beb6279e947be4e2,"ATL2DC9 - QTS Fayetteville II, DC9-10, LLC",evidenceOfInsurance,Evidence of Insurance,automobileLiability,Automobile Liability,0e6f6daa-effc-5c25-af03-4f7e657ae801,Physical MCS-90 Endorsement must be present,,matchOnce,must be present,,Present,compliant,Standard 15,,,true,1,,2026-08-16
QTS Data Centers,6a15b733bd30da3db41030de,69f0f3c4beb6279e947be0da,"Clayco, Inc.",69f10c28beb6279e947be4e2,"ATL2DC9 - QTS Fayetteville II, DC9-10, LLC",evidenceOfInsurance,Evidence of Insurance,excessOrUmbrellaLiability,Umbrella/Excess Liability,evidenceOfInsuranceExcessOrUmbrellaLiabilityOccurence,Coverage Trigger: Occurrence,,matchOnce,must be present,,Present,compliant,Standard 15,,,false,1,,2026-08-16
QTS Data Centers,6a15b733bd30da3db41030de,69f0f3c4beb6279e947be0da,"Clayco, Inc.",69f10c28beb6279e947be4e2,"ATL2DC9 - QTS Fayetteville II, DC9-10, LLC",evidenceOfInsurance,Evidence of Insurance,excessOrUmbrellaLiability,Umbrella/Excess Liability,evidenceOfInsuranceExcessOrUmbrellaLiabilityEachOccurrence,Each Occurrence,,matchOnce,must be greater or equal to,25000000,25000000,compliant,Standard 15,,,false,1,,2026-08-16
QTS Data Centers,6a15b733bd30da3db41030de,69f0f3c4beb6279e947be0da,"Clayco, Inc.",69f10c28beb6279e947be4e2,"ATL2DC9 - QTS Fayetteville II, DC9-10, LLC",evidenceOfInsurance,Evidence of Insurance,excessOrUmbrellaLiability,Umbrella/Excess Liability,evidenceOfInsuranceExcessOrUmbrellaLiabilityAdditionalInsuredEndorsement,Additional Insured,"---prompt---
Determine if the certificate holder is covered as an additional insured under the Umbrella/Excess Liability policy. Evidence may include: a checked ""Additional Insured"" box on the certificate for the umbrella section, mention in the Description of Operations section, reference to ""follow form"" status (which would extend underlying additional insured status), or explicit language naming the certificate holder as additional insured on the umbrella.",matchOnce,must be present,,Present,compliant,Standard 15,,,false,1,,2026-08-16
QTS Data Centers,6a15b733bd30da3db41030de,69f0f3c4beb6279e947be0da,"Clayco, Inc.",69f10c28beb6279e947be4e2,"ATL2DC9 - QTS Fayetteville II, DC9-10, LLC",evidenceOfInsurance,Evidence of Insurance,excessOrUmbrellaLiability,Umbrella/Excess Liability,evidenceOfInsuranceExcessOrUmbrellaLiabilityWaiverOfSubrogationEndorsement,Waiver of Subrogation,"---prompt---
Determine if the insurer has waived their right of subrogation in favor of the certificate holder under the Umbrella/Excess Liability policy. Evidence may include: a checked ""Waiver of Subrogation"" box on the certificate, mention in the Description of Operations section stating ""waiver of subrogation applies"", or reference to ""follow form"" status (which would extend underlying waiver). Look for language like ""subrogation is waived"" or ""per written contract"".",matchOnce,must be present,,Present,compliant,Standard 15,,,false,1,,2026-08-16
QTS Data Centers,6a15b733bd30da3db41030de,69f0f3c4beb6279e947be0da,"Clayco, Inc.",69f10c28beb6279e947be4e2,"ATL2DC9 - QTS Fayetteville II, DC9-10, LLC",evidenceOfInsurance,Evidence of Insurance,excessOrUmbrellaLiability,Umbrella/Excess Liability,evidenceOfInsuranceExcessOrUmbrellaLiabilityPrimaryAndNonContributoryEndorsement,Primary and Non-Contributory,"---prompt---
Determine if the Umbrella/Excess Liability policy provides primary and non-contributory coverage for the certificate holder. Evidence may include: a checked ""Primary"" box on the certificate, mention in the Description of Operations section stating ""primary and non-contributory"", or reference to ""follow form"" status (which would extend underlying primary status). Look for language indicating this policy will pay first before other applicable insurance and will not seek contribution.",matchOnce,must be present,,Present,compliant,Standard 15,,,false,1,,2026-08-16
QTS Data Centers,6a15b733bd30da3db41030de,69f0f3c4beb6279e947be0da,"Clayco, Inc.",69f10c28beb6279e947be4e2,"ATL2DC9 - QTS Fayetteville II, DC9-10, LLC",evidenceOfInsurance,Evidence of Insurance,workersCompensation,Workers' Compensation and Employer's Liability,evidenceOfInsuranceWorkersCompensationStatutoryLimits,Statutory Limits,,matchOnce,must be present,,Present,compliant,Standard 15,,,false,1,,2026-08-16
QTS Data Centers,6a15b733bd30da3db41030de,69f0f3c4beb6279e947be0da,"Clayco, Inc.",69f10c28beb6279e947be4e2,"ATL2DC9 - QTS Fayetteville II, DC9-10, LLC",evidenceOfInsurance,Evidence of Insurance,workersCompensation,Workers' Compensation and Employer's Liability,evidenceOfInsuranceWorkersCompensationEmployersLiabilityDiseaseEachEmployee,Employer's Liability Disease - each employee,,matchOnce,must be greater or equal to,500000,1000000,compliant,Standard 15,,,false,1,,2026-08-16
QTS Data Centers,6a15b733bd30da3db41030de,69f0f3c4beb6279e947be0da,"Clayco, Inc.",69f10c28beb6279e947be4e2,"ATL2DC9 - QTS Fayetteville II, DC9-10, LLC",evidenceOfInsurance,Evidence of Insurance,workersCompensation,Workers' Compensation and Employer's Liability,evidenceOfInsuranceWorkersCompensationEmployersLiabilityDiseasePolicyLimit,Employer's Liability Disease - policy limit,,matchOnce,must be greater or equal to,500000,1000000,compliant,Standard 15,,,false,1,,2026-08-16
QTS Data Centers,6a15b733bd30da3db41030de,69f0f3c4beb6279e947be0da,"Clayco, Inc.",69f10c28beb6279e947be4e2,"ATL2DC9 - QTS Fayetteville II, DC9-10, LLC",evidenceOfInsurance,Evidence of Insurance,workersCompensation,Workers' Compensation and Employer's Liability,evidenceOfInsuranceWorkersCompensationEmployersLiabilityEachAccident,Employer's Liability Each Accident,,matchOnce,must be greater or equal to,500000,1000000,compliant,Standard 15,,,false,1,,2026-08-16
QTS Data Centers,6a15b733bd30da3db41030de,69f0f3c4beb6279e947be0da,"Clayco, Inc.",69f10c28beb6279e947be4e2,"ATL2DC9 - QTS Fayetteville II, DC9-10, LLC",evidenceOfInsurance,Evidence of Insurance,workersCompensation,Workers' Compensation and Employer's Liability,evidenceOfInsuranceWorkersCompensationWaiverOfSubrogationEndorsement,Waiver of Subrogation,"---prompt---
Determine if the insurer has waived their right of subrogation in favor of the certificate holder under the Workers' Compensation policy. Evidence may include: a checked ""Waiver of Subrogation"" box on the certificate, mention in the Description of Operations section stating ""waiver of subrogation applies"", or reference to form WC 00 03 13. Look for language like ""subrogation is waived"" or ""per written contract"".",matchOnce,must be present,,Present,compliant,Standard 15,,,false,1,,2026-08-16
QTS Data Centers,6a15b733bd30da3db41030de,69f0f3c4beb6279e947be0da,"Clayco, Inc.",69f10c28beb6279e947be4e2,"ATL2DC9 - QTS Fayetteville II, DC9-10, LLC",evidenceOfInsurance,Evidence of Insurance,professional,Professional Liability,evidenceOfInsuranceProfessionalLimitsEachClaim,Each Claim,,matchOnce,must be greater or equal to,2000000,5000000,compliant,Standard 15,,,false,1,,2026-08-16
QTS Data Centers,6a15b733bd30da3db41030de,69f0f3c4beb6279e947be0da,"Clayco, Inc.",69f10c28beb6279e947be4e2,"ATL2DC9 - QTS Fayetteville II, DC9-10, LLC",evidenceOfInsurance,Evidence of Insurance,professional,Professional Liability,d672162b-0115-567e-ac40-48cb8d46cdc0,"Professional Liability Coverage Deductible must be less than or equal to $100,000",,matchOnce,must be present,,Present,compliant,Standard 15,,,true,1,,2026-08-16
QTS Data Centers,6a15b733bd30da3db41030de,69f0f3c4beb6279e947be0da,"Clayco, Inc.",69f10c28beb6279e947be4e2,"ATL2DC9 - QTS Fayetteville II, DC9-10, LLC",evidenceOfInsurance,Evidence of Insurance,6ac20aae-5728-5d57-b364-aeba38527dba,Additional Requirements,655cb50e-155d-5f8c-af5e-e7386263aa58,"Certificate Holder must read as: ""Quality Technology Services, LLC, 
Attention: Procurement Department
300 Satellite Blvd NW, Suwanee, GA 30024.""",,matchOnce,must be present,,Present,compliant,Standard 15,,,true,1,,2026-08-16
QTS Data Centers,6a15b733bd30da3db41030de,69f0f3c4beb6279e947be0da,"Clayco, Inc.",69f10c28beb6279e947be4e2,"ATL2DC9 - QTS Fayetteville II, DC9-10, LLC",evidenceOfInsurance,Evidence of Insurance,6ac20aae-5728-5d57-b364-aeba38527dba,Additional Requirements,25da7a11-b805-5d7d-8deb-65519e743757,"Description of Operations must read: Quality Tech, LP, and its officers, directors, employees, parents, subsidiaries, affiliates, and related companies, successors, and permitted assigns",,matchOnce,must be present,,Present,compliant,Standard 15,,,true,1,,2026-08-16
QTS Data Centers,6a15b733bd30da3db41030de,69f0f3c4beb6279e947be0da,"Clayco, Inc.",69f10c28beb6279e947be4e2,"ATL2DC9 - QTS Fayetteville II, DC9-10, LLC",evidenceOfInsurance,Evidence of Insurance,6ac20aae-5728-5d57-b364-aeba38527dba,Additional Requirements,03d7ddc3-a527-5f18-bdf6-355eb23cd9de,30-Day Notice of Cancellation must be present,,matchOnce,must be present,,Present,compliant,Standard 15,,,true,1,,2026-08-16
QTS Data Centers,6a15b733bd30da3db41030de,69f0f3c4beb6279e947be0da,"Clayco, Inc.",69f10c28beb6279e947be4e2,"ATL2DC9 - QTS Fayetteville II, DC9-10, LLC",evidenceOfInsurance,Evidence of Insurance,6ac20aae-5728-5d57-b364-aeba38527dba,Additional Requirements,8d7b12d5-c6dc-5efe-8cbd-acd9adedde5b,"Description of Operations must read: ATL2 Central Campus Infrastructure, located at 1435 Hwy 54 W, Fayetteville, GA 30214",,matchOnce,must be present,,Present,compliant,Standard 15,,,true,1,,2026-08-16
QTS Data Centers,6a15b733bd30da3db41030de,69f0f3c4beb6279e947be0da,"Clayco, Inc.",69f10c28beb6279e947be4e2,"ATL2DC9 - QTS Fayetteville II, DC9-10, LLC",evidenceOfInsurance,Evidence of Insurance,6ac20aae-5728-5d57-b364-aeba38527dba,Additional Requirements,24a2347c-ab39-5dea-a6af-ad750440dde1,"Description of Operations must read: Commercial General Liability shall not include the following endorsements/exclusions or equivalent:

1. CG 2149 or CG 2155 o CG 2198 (Absolute Pollution Exclusion)
2. CG 2294 or CG 2295 (Damage to Work Performed by Contractors Exclusion)
3. CG 2139 (Contractual Limitation Endorsement)
4. CG 2196 (Silica or Silica Dust Exclusion), unless otherwise covered under an applicable pollution policy.
5. CG 2142 (Explosion, Collapse or Underground Exclusion)",,matchOnce,must be present,,Present,compliant,Standard 15,,,true,1,,2026-08-16
QTS Data Centers,6a15b733bd30da3db41030de,69f0f3c4beb6279e947be0da,"Clayco, Inc.",69f10c28beb6279e947be4e2,"ATL2DC9 - QTS Fayetteville II, DC9-10, LLC",evidenceOfInsurance,Evidence of Insurance,6ac20aae-5728-5d57-b364-aeba38527dba,Additional Requirements,71685e25-c6d0-5692-aaaf-30f59a2f9a83,"Description of Operations must read: Workers Compensation shall include ""all states"" coverage",,matchOnce,must be present,,Present,compliant,Standard 15,,,true,1,,2026-08-16
QTS Data Centers,6a15b733bd30da3db41030df,69f0f3c5beb6279e947be0ee,"HITT Contracting, Inc.",69f10c28beb6279e947be4d2,"ATL2DC10 - QTS Fayetteville II, DC9-10, LLC",evidenceOfInsurance,Evidence of Insurance,commercialGeneralLiability,Commercial General Liability,evidenceOfInsuranceCommercialGeneralLiabilityAMBestRating,AM Best Rating,,matchOnce,must be greater or equal to,140,140,compliant,Standard 16,,,false,1,,2026-08-16
QTS Data Centers,6a15b733bd30da3db41030df,69f0f3c5beb6279e947be0ee,"HITT Contracting, Inc.",69f10c28beb6279e947be4d2,"ATL2DC10 - QTS Fayetteville II, DC9-10, LLC",evidenceOfInsurance,Evidence of Insurance,commercialGeneralLiability,Commercial General Liability,evidenceOfInsuranceCommercialGeneralLiabilityAMBestFinancialStrength,AM Best Financial Strength,,matchOnce,must be greater or equal to,100,150,compliant,Standard 16,,,false,1,,2026-08-16
QTS Data Centers,6a15b733bd30da3db41030df,69f0f3c5beb6279e947be0ee,"HITT Contracting, Inc.",69f10c28beb6279e947be4d2,"ATL2DC10 - QTS Fayetteville II, DC9-10, LLC",evidenceOfInsurance,Evidence of Insurance,commercialGeneralLiability,Commercial General Liability,evidenceOfInsuranceCommercialGeneralLiabilityCoverageTriggerOccurrence,Coverage Trigger: Occurrence,,matchOnce,must be present,,Present,compliant,Standard 16,,,false,1,,2026-08-16
QTS Data Centers,6a15b733bd30da3db41030df,69f0f3c5beb6279e947be0ee,"HITT Contracting, Inc.",69f10c28beb6279e947be4d2,"ATL2DC10 - QTS Fayetteville II, DC9-10, LLC",evidenceOfInsurance,Evidence of Insurance,commercialGeneralLiability,Commercial General Liability,evidenceOfInsuranceCommercialGeneralLiabilityGeneralAggregateLimitAppliesPerProject,General Aggregate Limit Applies per: Project,,matchOnce,must be present,,Present,compliant,Standard 16,,,false,1,,2026-08-16
QTS Data Centers,6a15b733bd30da3db41030df,69f0f3c5beb6279e947be0ee,"HITT Contracting, Inc.",69f10c28beb6279e947be4d2,"ATL2DC10 - QTS Fayetteville II, DC9-10, LLC",evidenceOfInsurance,Evidence of Insurance,commercialGeneralLiability,Commercial General Liability,evidenceOfInsuranceCommercialGeneralLiabilityEachOccurrence,Each Occurrence,,matchOnce,must be greater or equal to,5000000,2000000,non_compliant,Standard 16,,,false,1,,2026-08-16
QTS Data Centers,6a15b733bd30da3db41030df,69f0f3c5beb6279e947be0ee,"HITT Contracting, Inc.",69f10c28beb6279e947be4d2,"ATL2DC10 - QTS Fayetteville II, DC9-10, LLC",evidenceOfInsurance,Evidence of Insurance,commercialGeneralLiability,Commercial General Liability,evidenceOfInsuranceCommercialGeneralLiabilityGeneralAggregate,General Aggregate,,matchOnce,must be greater or equal to,10000000,4000000,non_compliant,Standard 16,,,false,1,,2026-08-16
QTS Data Centers,6a15b733bd30da3db41030df,69f0f3c5beb6279e947be0ee,"HITT Contracting, Inc.",69f10c28beb6279e947be4d2,"ATL2DC10 - QTS Fayetteville II, DC9-10, LLC",evidenceOfInsurance,Evidence of Insurance,commercialGeneralLiability,Commercial General Liability,evidenceOfInsuranceCommercialGeneralLiabilityProducsCompletedOperationsAggregate,Products/Completed Operations Aggregate,,matchOnce,must be greater or equal to,5000000,4000000,non_compliant,Standard 16,,,false,1,,2026-08-16
QTS Data Centers,6a15b733bd30da3db41030df,69f0f3c5beb6279e947be0ee,"HITT Contracting, Inc.",69f10c28beb6279e947be4d2,"ATL2DC10 - QTS Fayetteville II, DC9-10, LLC",evidenceOfInsurance,Evidence of Insurance,commercialGeneralLiability,Commercial General Liability,evidenceOfInsuranceCommercialGeneralLiabilityAdditionalInsuredEndorsementOngoingOps,Additional Insured - Ongoing Operations,"---prompt---
Verify that additional insured coverage specifically includes ongoing operations. Look in the Description of Operations section for language like ""additional insured for ongoing operations"", ""CG 20 10"", ""CG 20 37"", or ""operations performed by or on behalf of the named insured"". The coverage should explicitly reference ongoing work, not just completed operations.",matchOnce,must be present,,Present,compliant,Standard 16,,,false,1,,2026-08-16
QTS Data Centers,6a15b733bd30da3db41030df,69f0f3c5beb6279e947be0ee,"HITT Contracting, Inc.",69f10c28beb6279e947be4d2,"ATL2DC10 - QTS Fayetteville II, DC9-10, LLC",evidenceOfInsurance,Evidence of Insurance,commercialGeneralLiability,Commercial General Liability,evidenceOfInsuranceCommercialGeneralLiabilityAdditionalInsuredEndorsementCompletedOps,Additional Insured - Completed Operations,"---prompt---
Verify that additional insured coverage specifically includes completed operations. Look in the Description of Operations section for language like ""additional insured for completed operations"", ""CG 20 37"", ""products-completed operations"", or similar. This coverage protects the certificate holder for claims arising after work is finished.",matchOnce,must be present,,Present,compliant,Standard 16,,,false,1,,2026-08-16
QTS Data Centers,6a15b733bd30da3db41030df,69f0f3c5beb6279e947be0ee,"HITT Contracting, Inc.",69f10c28beb6279e947be4d2,"ATL2DC10 - QTS Fayetteville II, DC9-10, LLC",evidenceOfInsurance,Evidence of Insurance,commercialGeneralLiability,Commercial General Liability,evidenceOfInsuranceCommercialGeneralLiabilityWaiverOfSubrogationEndorsement,Waiver of Subrogation,"---prompt---
Determine if the insurer has waived their right of subrogation in favor of the certificate holder under the Commercial General Liability policy. Evidence may include: a checked ""Waiver of Subrogation"" box on the certificate, mention in the Description of Operations section stating ""waiver of subrogation applies"", or reference to form CG 24 04. Look for language like ""subrogation is waived"" or ""per written contract"".",matchOnce,must be present,,Present,compliant,Standard 16,,,false,1,,2026-08-16
QTS Data Centers,6a15b733bd30da3db41030df,69f0f3c5beb6279e947be0ee,"HITT Contracting, Inc.",69f10c28beb6279e947be4d2,"ATL2DC10 - QTS Fayetteville II, DC9-10, LLC",evidenceOfInsurance,Evidence of Insurance,commercialGeneralLiability,Commercial General Liability,evidenceOfInsuranceCommercialGeneralLiabilityPrimaryAndNonContributoryEndorsement,Primary and Non-Contributory,"---prompt---
Determine if the Commercial General Liability policy provides primary and non-contributory coverage for the certificate holder. Evidence may include: a checked ""Primary"" box on the certificate, mention in the Description of Operations section stating ""primary and non-contributory"", or reference to endorsement CG 20 01. Look for language indicating this policy will pay first before other applicable insurance and will not seek contribution.",matchOnce,must be present,,Present,compliant,Standard 16,,,false,1,,2026-08-16
QTS Data Centers,6a15b733bd30da3db41030df,69f0f3c5beb6279e947be0ee,"HITT Contracting, Inc.",69f10c28beb6279e947be4d2,"ATL2DC10 - QTS Fayetteville II, DC9-10, LLC",evidenceOfInsurance,Evidence of Insurance,commercialGeneralLiability,Commercial General Liability,9c28ed56-e307-5cf9-88e9-0ada1f283104,Physical 30 Days Notice of Cancellation - 10 Days Notice for Non Payment Endorsement must be present,,matchOnce,must be present,,,non_compliant,Standard 16,,,true,0,,2026-08-16
QTS Data Centers,6a15b733bd30da3db41030df,69f0f3c5beb6279e947be0ee,"HITT Contracting, Inc.",69f10c28beb6279e947be4d2,"ATL2DC10 - QTS Fayetteville II, DC9-10, LLC",evidenceOfInsurance,Evidence of Insurance,automobileLiability,Automobile Liability,evidenceOfInsuranceAutomobileLiabilityCombinedSingleLimitEachAccident,Combined Single Limit (each accident),,matchOnce,must be greater or equal to,1000000,2000000,compliant,Standard 16,,,false,1,,2026-08-16
QTS Data Centers,6a15b733bd30da3db41030df,69f0f3c5beb6279e947be0ee,"HITT Contracting, Inc.",69f10c28beb6279e947be4d2,"ATL2DC10 - QTS Fayetteville II, DC9-10, LLC",evidenceOfInsurance,Evidence of Insurance,automobileLiability,Automobile Liability,evidenceOfInsuranceAutomobileLiabilityCoverageAppliesToOwnedAutosOnly,Coverage Applies To: Owned Autos Only,,matchOnce,must be present,,Present,compliant,Standard 16,,,false,1,,2026-08-16
QTS Data Centers,6a15b733bd30da3db41030df,69f0f3c5beb6279e947be0ee,"HITT Contracting, Inc.",69f10c28beb6279e947be4d2,"ATL2DC10 - QTS Fayetteville II, DC9-10, LLC",evidenceOfInsurance,Evidence of Insurance,automobileLiability,Automobile Liability,evidenceOfInsuranceAutomobileLiabilityCoverageAppliesToNonOwnedAutosOnly,Coverage Applies To: Non-Owned Autos Only,,matchOnce,must be present,,Present,compliant,Standard 16,,,false,1,,2026-08-16
QTS Data Centers,6a15b733bd30da3db41030df,69f0f3c5beb6279e947be0ee,"HITT Contracting, Inc.",69f10c28beb6279e947be4d2,"ATL2DC10 - QTS Fayetteville II, DC9-10, LLC",evidenceOfInsurance,Evidence of Insurance,automobileLiability,Automobile Liability,evidenceOfInsuranceAutomobileLiabilityCoverageAppliesToHiredAutosOnly,Coverage Applies To: Hired Autos Only,,matchOnce,must be present,,Present,compliant,Standard 16,,,false,1,,2026-08-16
QTS Data Centers,6a15b733bd30da3db41030df,69f0f3c5beb6279e947be0ee,"HITT Contracting, Inc.",69f10c28beb6279e947be4d2,"ATL2DC10 - QTS Fayetteville II, DC9-10, LLC",evidenceOfInsurance,Evidence of Insurance,automobileLiability,Automobile Liability,evidenceOfInsuranceAutomobileLiabilityAdditionalInsuredEndorsement,Additional Insured,"---prompt---
Determine if the certificate holder is covered as an additional insured under the Automobile Liability policy. Evidence may include: a checked ""Additional Insured"" box on the certificate for the auto section, mention in the Description of Operations section, or reference to blanket additional insured coverage. Look for form number CA 20 48 or language like ""certificate holder is additional insured"" or ""per written contract"".",matchOnce,must be present,,Present,compliant,Standard 16,,,false,1,,2026-08-16
QTS Data Centers,6a15b733bd30da3db41030df,69f0f3c5beb6279e947be0ee,"HITT Contracting, Inc.",69f10c28beb6279e947be4d2,"ATL2DC10 - QTS Fayetteville II, DC9-10, LLC",evidenceOfInsurance,Evidence of Insurance,automobileLiability,Automobile Liability,evidenceOfInsuranceAutomobileLiabilityWaiverOfSubrogationEndorsement,Waiver of Subrogation,"---prompt---
Determine if the insurer has waived their right of subrogation in favor of the certificate holder under the Automobile Liability policy. Evidence may include: a checked ""Waiver of Subrogation"" box on the certificate, mention in the Description of Operations section stating ""waiver of subrogation applies"", or reference to form CA 04 44. Look for language like ""subrogation is waived"" or ""per written contract"".",matchOnce,must be present,,Present,compliant,Standard 16,,,false,1,,2026-08-16
QTS Data Centers,6a15b733bd30da3db41030df,69f0f3c5beb6279e947be0ee,"HITT Contracting, Inc.",69f10c28beb6279e947be4d2,"ATL2DC10 - QTS Fayetteville II, DC9-10, LLC",evidenceOfInsurance,Evidence of Insurance,automobileLiability,Automobile Liability,evidenceOfInsuranceAutomobileLiabilityPrimaryAndNonContributoryEndorsement,Primary and Non-Contributory,"---prompt---
Determine if the Automobile Liability policy provides primary and non-contributory coverage for the certificate holder. Evidence may include: a checked ""Primary"" box on the certificate, mention in the Description of Operations section stating ""primary and non-contributory"". Look for language indicating this policy will pay first before other applicable insurance and will not seek contribution.",matchOnce,must be present,,,non_compliant,Standard 16,,,false,0,,2026-08-16
QTS Data Centers,6a15b733bd30da3db41030df,69f0f3c5beb6279e947be0ee,"HITT Contracting, Inc.",69f10c28beb6279e947be4d2,"ATL2DC10 - QTS Fayetteville II, DC9-10, LLC",evidenceOfInsurance,Evidence of Insurance,automobileLiability,Automobile Liability,0e6f6daa-effc-5c25-af03-4f7e657ae801,Physical MCS-90 Endorsement must be present,,matchOnce,must be present,,,non_compliant,Standard 16,,,true,0,,2026-08-16
QTS Data Centers,6a15b733bd30da3db41030df,69f0f3c5beb6279e947be0ee,"HITT Contracting, Inc.",69f10c28beb6279e947be4d2,"ATL2DC10 - QTS Fayetteville II, DC9-10, LLC",evidenceOfInsurance,Evidence of Insurance,excessOrUmbrellaLiability,Umbrella/Excess Liability,evidenceOfInsuranceExcessOrUmbrellaLiabilityOccurence,Coverage Trigger: Occurrence,,matchOnce,must be present,,Present,compliant,Standard 16,,,false,1,,2026-08-16
QTS Data Centers,6a15b733bd30da3db41030df,69f0f3c5beb6279e947be0ee,"HITT Contracting, Inc.",69f10c28beb6279e947be4d2,"ATL2DC10 - QTS Fayetteville II, DC9-10, LLC",evidenceOfInsurance,Evidence of Insurance,excessOrUmbrellaLiability,Umbrella/Excess Liability,evidenceOfInsuranceExcessOrUmbrellaLiabilityEachOccurrence,Each Occurrence,,matchOnce,must be greater or equal to,25000000,25000000,compliant,Standard 16,,,false,1,,2026-08-16
QTS Data Centers,6a15b733bd30da3db41030df,69f0f3c5beb6279e947be0ee,"HITT Contracting, Inc.",69f10c28beb6279e947be4d2,"ATL2DC10 - QTS Fayetteville II, DC9-10, LLC",evidenceOfInsurance,Evidence of Insurance,excessOrUmbrellaLiability,Umbrella/Excess Liability,evidenceOfInsuranceExcessOrUmbrellaLiabilityAdditionalInsuredEndorsement,Additional Insured,"---prompt---
Determine if the certificate holder is covered as an additional insured under the Umbrella/Excess Liability policy. Evidence may include: a checked ""Additional Insured"" box on the certificate for the umbrella section, mention in the Description of Operations section, reference to ""follow form"" status (which would extend underlying additional insured status), or explicit language naming the certificate holder as additional insured on the umbrella.",matchOnce,must be present,,Present,compliant,Standard 16,,,false,1,,2026-08-16
QTS Data Centers,6a15b733bd30da3db41030df,69f0f3c5beb6279e947be0ee,"HITT Contracting, Inc.",69f10c28beb6279e947be4d2,"ATL2DC10 - QTS Fayetteville II, DC9-10, LLC",evidenceOfInsurance,Evidence of Insurance,excessOrUmbrellaLiability,Umbrella/Excess Liability,evidenceOfInsuranceExcessOrUmbrellaLiabilityWaiverOfSubrogationEndorsement,Waiver of Subrogation,"---prompt---
Determine if the insurer has waived their right of subrogation in favor of the certificate holder under the Umbrella/Excess Liability policy. Evidence may include: a checked ""Waiver of Subrogation"" box on the certificate, mention in the Description of Operations section stating ""waiver of subrogation applies"", or reference to ""follow form"" status (which would extend underlying waiver). Look for language like ""subrogation is waived"" or ""per written contract"".",matchOnce,must be present,,Present,compliant,Standard 16,,,false,1,,2026-08-16
QTS Data Centers,6a15b733bd30da3db41030df,69f0f3c5beb6279e947be0ee,"HITT Contracting, Inc.",69f10c28beb6279e947be4d2,"ATL2DC10 - QTS Fayetteville II, DC9-10, LLC",evidenceOfInsurance,Evidence of Insurance,excessOrUmbrellaLiability,Umbrella/Excess Liability,evidenceOfInsuranceExcessOrUmbrellaLiabilityPrimaryAndNonContributoryEndorsement,Primary and Non-Contributory,"---prompt---
Determine if the Umbrella/Excess Liability policy provides primary and non-contributory coverage for the certificate holder. Evidence may include: a checked ""Primary"" box on the certificate, mention in the Description of Operations section stating ""primary and non-contributory"", or reference to ""follow form"" status (which would extend underlying primary status). Look for language indicating this policy will pay first before other applicable insurance and will not seek contribution.",matchOnce,must be present,,,non_compliant,Standard 16,,,false,0,,2026-08-16
QTS Data Centers,6a15b733bd30da3db41030df,69f0f3c5beb6279e947be0ee,"HITT Contracting, Inc.",69f10c28beb6279e947be4d2,"ATL2DC10 - QTS Fayetteville II, DC9-10, LLC",evidenceOfInsurance,Evidence of Insurance,workersCompensation,Workers' Compensation and Employer's Liability,evidenceOfInsuranceWorkersCompensationStatutoryLimits,Statutory Limits,,matchOnce,must be present,,Present,compliant,Standard 16,,,false,1,,2026-08-16
QTS Data Centers,6a15b733bd30da3db41030df,69f0f3c5beb6279e947be0ee,"HITT Contracting, Inc.",69f10c28beb6279e947be4d2,"ATL2DC10 - QTS Fayetteville II, DC9-10, LLC",evidenceOfInsurance,Evidence of Insurance,workersCompensation,Workers' Compensation and Employer's Liability,evidenceOfInsuranceWorkersCompensationEmployersLiabilityDiseaseEachEmployee,Employer's Liability Disease - each employee,,matchOnce,must be greater or equal to,1000000,1000000,compliant,Standard 16,,,false,1,,2026-08-16
QTS Data Centers,6a15b733bd30da3db41030df,69f0f3c5beb6279e947be0ee,"HITT Contracting, Inc.",69f10c28beb6279e947be4d2,"ATL2DC10 - QTS Fayetteville II, DC9-10, LLC",evidenceOfInsurance,Evidence of Insurance,workersCompensation,Workers' Compensation and Employer's Liability,evidenceOfInsuranceWorkersCompensationEmployersLiabilityDiseasePolicyLimit,Employer's Liability Disease - policy limit,,matchOnce,must be greater or equal to,1000000,1000000,compliant,Standard 16,,,false,1,,2026-08-16
QTS Data Centers,6a15b733bd30da3db41030df,69f0f3c5beb6279e947be0ee,"HITT Contracting, Inc.",69f10c28beb6279e947be4d2,"ATL2DC10 - QTS Fayetteville II, DC9-10, LLC",evidenceOfInsurance,Evidence of Insurance,workersCompensation,Workers' Compensation and Employer's Liability,evidenceOfInsuranceWorkersCompensationEmployersLiabilityEachAccident,Employer's Liability Each Accident,,matchOnce,must be greater or equal to,1000000,1000000,compliant,Standard 16,,,false,1,,2026-08-16
QTS Data Centers,6a15b733bd30da3db41030df,69f0f3c5beb6279e947be0ee,"HITT Contracting, Inc.",69f10c28beb6279e947be4d2,"ATL2DC10 - QTS Fayetteville II, DC9-10, LLC",evidenceOfInsurance,Evidence of Insurance,workersCompensation,Workers' Compensation and Employer's Liability,evidenceOfInsuranceWorkersCompensationWaiverOfSubrogationEndorsement,Waiver of Subrogation,"---prompt---
Determine if the insurer has waived their right of subrogation in favor of the certificate holder under the Workers' Compensation policy. Evidence may include: a checked ""Waiver of Subrogation"" box on the certificate, mention in the Description of Operations section stating ""waiver of subrogation applies"", or reference to form WC 00 03 13. Look for language like ""subrogation is waived"" or ""per written contract"".",matchOnce,must be present,,Present,compliant,Standard 16,,,false,1,,2026-08-16
QTS Data Centers,6a15b733bd30da3db41030df,69f0f3c5beb6279e947be0ee,"HITT Contracting, Inc.",69f10c28beb6279e947be4d2,"ATL2DC10 - QTS Fayetteville II, DC9-10, LLC",evidenceOfInsurance,Evidence of Insurance,6ac20aae-5728-5d57-b364-aeba38527dba,Additional Requirements,655cb50e-155d-5f8c-af5e-e7386263aa58,"Certificate Holder must read as: ""Quality Technology Services, LLC, 
Attention: Procurement Department
300 Satellite Blvd NW, Suwanee, GA 30024.""",,matchOnce,must be present,,Present,compliant,Standard 16,,,true,1,,2026-08-16
QTS Data Centers,6a15b733bd30da3db41030df,69f0f3c5beb6279e947be0ee,"HITT Contracting, Inc.",69f10c28beb6279e947be4d2,"ATL2DC10 - QTS Fayetteville II, DC9-10, LLC",evidenceOfInsurance,Evidence of Insurance,6ac20aae-5728-5d57-b364-aeba38527dba,Additional Requirements,25da7a11-b805-5d7d-8deb-65519e743757,"Description of Operations must read: Quality Tech, LP, and its officers, directors, employees, parents, subsidiaries, affiliates, and related companies, successors, and permitted assigns",,matchOnce,must be present,,Present,compliant,Standard 16,,,true,1,,2026-08-16
QTS Data Centers,6a15b733bd30da3db41030df,69f0f3c5beb6279e947be0ee,"HITT Contracting, Inc.",69f10c28beb6279e947be4d2,"ATL2DC10 - QTS Fayetteville II, DC9-10, LLC",evidenceOfInsurance,Evidence of Insurance,6ac20aae-5728-5d57-b364-aeba38527dba,Additional Requirements,03d7ddc3-a527-5f18-bdf6-355eb23cd9de,30-Day Notice of Cancellation must be present,,matchOnce,must be present,,Present,compliant,Standard 16,,,true,1,,2026-08-16
QTS Data Centers,6a15b733bd30da3db41030df,69f0f3c5beb6279e947be0ee,"HITT Contracting, Inc.",69f10c28beb6279e947be4d2,"ATL2DC10 - QTS Fayetteville II, DC9-10, LLC",evidenceOfInsurance,Evidence of Insurance,6ac20aae-5728-5d57-b364-aeba38527dba,Additional Requirements,8d7b12d5-c6dc-5efe-8cbd-acd9adedde5b,"Description of Operations must read: ATL2-DC10 TFO, located at 167 Tyrone Road, Building 1000, Fayetteville, GA 30214",,matchOnce,must be present,,,non_compliant,Standard 16,,,true,0,,2026-08-16
QTS Data Centers,6a15b733bd30da3db41030df,69f0f3c5beb6279e947be0ee,"HITT Contracting, Inc.",69f10c28beb6279e947be4d2,"ATL2DC10 - QTS Fayetteville II, DC9-10, LLC",evidenceOfInsurance,Evidence of Insurance,6ac20aae-5728-5d57-b364-aeba38527dba,Additional Requirements,24a2347c-ab39-5dea-a6af-ad750440dde1,"Description of Operations must read: Commercial General Liability shall not include the following endorsements/exclusions or equivalent:

1. CG 2149 or CG 2155 o CG 2198 (Absolute Pollution Exclusion)
2. CG 2294 or CG 2295 (Damage to Work Performed by Contractors Exclusion)
3. CG 2139 (Contractual Limitation Endorsement)
4. CG 2196 (Silica or Silica Dust Exclusion), unless otherwise covered under an applicable pollution policy.
5. CG 2142 (Explosion, Collapse or Underground Exclusion)",,matchOnce,must be present,,,non_compliant,Standard 16,,,true,0,,2026-08-16
QTS Data Centers,6a15b733bd30da3db41030df,69f0f3c5beb6279e947be0ee,"HITT Contracting, Inc.",69f10c28beb6279e947be4d2,"ATL2DC10 - QTS Fayetteville II, DC9-10, LLC",evidenceOfInsurance,Evidence of Insurance,6ac20aae-5728-5d57-b364-aeba38527dba,Additional Requirements,71685e25-c6d0-5692-aaaf-30f59a2f9a83,"Description of Operations must read: Workers Compensation shall include ""all states"" coverage",,matchOnce,must be present,,,non_compliant,Standard 16,,,true,0,,2026-08-16
QTS Data Centers,6a15b733bd30da3db41030e0,69f0f3c5beb6279e947be0ee,"HITT Contracting, Inc.",69f10c28beb6279e947be4d9,"ATL2DC5 - QTS Fayetteville II DC5, LLC",evidenceOfInsurance,Evidence of Insurance,commercialGeneralLiability,Commercial General Liability,evidenceOfInsuranceCommercialGeneralLiabilityAMBestRating,AM Best Rating,,matchOnce,must be greater or equal to,140,140,compliant,Standard 17,,,false,1,,2026-08-16
QTS Data Centers,6a15b733bd30da3db41030e0,69f0f3c5beb6279e947be0ee,"HITT Contracting, Inc.",69f10c28beb6279e947be4d9,"ATL2DC5 - QTS Fayetteville II DC5, LLC",evidenceOfInsurance,Evidence of Insurance,commercialGeneralLiability,Commercial General Liability,evidenceOfInsuranceCommercialGeneralLiabilityAMBestFinancialStrength,AM Best Financial Strength,,matchOnce,must be greater or equal to,100,150,compliant,Standard 17,,,false,1,,2026-08-16
QTS Data Centers,6a15b733bd30da3db41030e0,69f0f3c5beb6279e947be0ee,"HITT Contracting, Inc.",69f10c28beb6279e947be4d9,"ATL2DC5 - QTS Fayetteville II DC5, LLC",evidenceOfInsurance,Evidence of Insurance,commercialGeneralLiability,Commercial General Liability,evidenceOfInsuranceCommercialGeneralLiabilityCoverageTriggerOccurrence,Coverage Trigger: Occurrence,,matchOnce,must be present,,Present,compliant,Standard 17,,,false,1,,2026-08-16
QTS Data Centers,6a15b733bd30da3db41030e0,69f0f3c5beb6279e947be0ee,"HITT Contracting, Inc.",69f10c28beb6279e947be4d9,"ATL2DC5 - QTS Fayetteville II DC5, LLC",evidenceOfInsurance,Evidence of Insurance,commercialGeneralLiability,Commercial General Liability,evidenceOfInsuranceCommercialGeneralLiabilityGeneralAggregateLimitAppliesPerProject,General Aggregate Limit Applies per: Project,,matchOnce,must be present,,Present,compliant,Standard 17,,,false,1,,2026-08-16
QTS Data Centers,6a15b733bd30da3db41030e0,69f0f3c5beb6279e947be0ee,"HITT Contracting, Inc.",69f10c28beb6279e947be4d9,"ATL2DC5 - QTS Fayetteville II DC5, LLC",evidenceOfInsurance,Evidence of Insurance,commercialGeneralLiability,Commercial General Liability,evidenceOfInsuranceCommercialGeneralLiabilityEachOccurrence,Each Occurrence,,matchOnce,must be greater or equal to,5000000,2000000,non_compliant,Standard 17,,,false,1,,2026-08-16
QTS Data Centers,6a15b733bd30da3db41030e0,69f0f3c5beb6279e947be0ee,"HITT Contracting, Inc.",69f10c28beb6279e947be4d9,"ATL2DC5 - QTS Fayetteville II DC5, LLC",evidenceOfInsurance,Evidence of Insurance,commercialGeneralLiability,Commercial General Liability,evidenceOfInsuranceCommercialGeneralLiabilityGeneralAggregate,General Aggregate,,matchOnce,must be greater or equal to,10000000,4000000,non_compliant,Standard 17,,,false,1,,2026-08-16
QTS Data Centers,6a15b733bd30da3db41030e0,69f0f3c5beb6279e947be0ee,"HITT Contracting, Inc.",69f10c28beb6279e947be4d9,"ATL2DC5 - QTS Fayetteville II DC5, LLC",evidenceOfInsurance,Evidence of Insurance,commercialGeneralLiability,Commercial General Liability,evidenceOfInsuranceCommercialGeneralLiabilityProducsCompletedOperationsAggregate,Products/Completed Operations Aggregate,,matchOnce,must be greater or equal to,5000000,4000000,non_compliant,Standard 17,,,false,1,,2026-08-16
QTS Data Centers,6a15b733bd30da3db41030e0,69f0f3c5beb6279e947be0ee,"HITT Contracting, Inc.",69f10c28beb6279e947be4d9,"ATL2DC5 - QTS Fayetteville II DC5, LLC",evidenceOfInsurance,Evidence of Insurance,commercialGeneralLiability,Commercial General Liability,evidenceOfInsuranceCommercialGeneralLiabilityAdditionalInsuredEndorsementOngoingOps,Additional Insured - Ongoing Operations,"---prompt---
Verify that additional insured coverage specifically includes ongoing operations. Look in the Description of Operations section for language like ""additional insured for ongoing operations"", ""CG 20 10"", ""CG 20 37"", or ""operations performed by or on behalf of the named insured"". The coverage should explicitly reference ongoing work, not just completed operations.",matchOnce,must be present,,Present,compliant,Standard 17,,,false,1,,2026-08-16
QTS Data Centers,6a15b733bd30da3db41030e0,69f0f3c5beb6279e947be0ee,"HITT Contracting, Inc.",69f10c28beb6279e947be4d9,"ATL2DC5 - QTS Fayetteville II DC5, LLC",evidenceOfInsurance,Evidence of Insurance,commercialGeneralLiability,Commercial General Liability,evidenceOfInsuranceCommercialGeneralLiabilityAdditionalInsuredEndorsementCompletedOps,Additional Insured - Completed Operations,"---prompt---
Verify that additional insured coverage specifically includes completed operations. Look in the Description of Operations section for language like ""additional insured for completed operations"", ""CG 20 37"", ""products-completed operations"", or similar. This coverage protects the certificate holder for claims arising after work is finished.",matchOnce,must be present,,Present,compliant,Standard 17,,,false,1,,2026-08-16
QTS Data Centers,6a15b733bd30da3db41030e0,69f0f3c5beb6279e947be0ee,"HITT Contracting, Inc.",69f10c28beb6279e947be4d9,"ATL2DC5 - QTS Fayetteville II DC5, LLC",evidenceOfInsurance,Evidence of Insurance,commercialGeneralLiability,Commercial General Liability,evidenceOfInsuranceCommercialGeneralLiabilityWaiverOfSubrogationEndorsement,Waiver of Subrogation,"---prompt---
Determine if the insurer has waived their right of subrogation in favor of the certificate holder under the Commercial General Liability policy. Evidence may include: a checked ""Waiver of Subrogation"" box on the certificate, mention in the Description of Operations section stating ""waiver of subrogation applies"", or reference to form CG 24 04. Look for language like ""subrogation is waived"" or ""per written contract"".",matchOnce,must be present,,Present,compliant,Standard 17,,,false,1,,2026-08-16
QTS Data Centers,6a15b733bd30da3db41030e0,69f0f3c5beb6279e947be0ee,"HITT Contracting, Inc.",69f10c28beb6279e947be4d9,"ATL2DC5 - QTS Fayetteville II DC5, LLC",evidenceOfInsurance,Evidence of Insurance,commercialGeneralLiability,Commercial General Liability,evidenceOfInsuranceCommercialGeneralLiabilityPrimaryAndNonContributoryEndorsement,Primary and Non-Contributory,"---prompt---
Determine if the Commercial General Liability policy provides primary and non-contributory coverage for the certificate holder. Evidence may include: a checked ""Primary"" box on the certificate, mention in the Description of Operations section stating ""primary and non-contributory"", or reference to endorsement CG 20 01. Look for language indicating this policy will pay first before other applicable insurance and will not seek contribution.",matchOnce,must be present,,Present,compliant,Standard 17,,,false,1,,2026-08-16
QTS Data Centers,6a15b733bd30da3db41030e0,69f0f3c5beb6279e947be0ee,"HITT Contracting, Inc.",69f10c28beb6279e947be4d9,"ATL2DC5 - QTS Fayetteville II DC5, LLC",evidenceOfInsurance,Evidence of Insurance,commercialGeneralLiability,Commercial General Liability,9c28ed56-e307-5cf9-88e9-0ada1f283104,Physical 30 Days Notice of Cancellation - 10 Days Notice for Non Payment Endorsement must be present,,matchOnce,must be present,,,non_compliant,Standard 17,,,true,0,,2026-08-16
QTS Data Centers,6a15b733bd30da3db41030e0,69f0f3c5beb6279e947be0ee,"HITT Contracting, Inc.",69f10c28beb6279e947be4d9,"ATL2DC5 - QTS Fayetteville II DC5, LLC",evidenceOfInsurance,Evidence of Insurance,automobileLiability,Automobile Liability,evidenceOfInsuranceAutomobileLiabilityCombinedSingleLimitEachAccident,Combined Single Limit (each accident),,matchOnce,must be greater or equal to,1000000,2000000,compliant,Standard 17,,,false,1,,2026-08-16
QTS Data Centers,6a15b733bd30da3db41030e0,69f0f3c5beb6279e947be0ee,"HITT Contracting, Inc.",69f10c28beb6279e947be4d9,"ATL2DC5 - QTS Fayetteville II DC5, LLC",evidenceOfInsurance,Evidence of Insurance,automobileLiability,Automobile Liability,evidenceOfInsuranceAutomobileLiabilityCoverageAppliesToOwnedAutosOnly,Coverage Applies To: Owned Autos Only,,matchOnce,must be present,,Present,compliant,Standard 17,,,false,1,,2026-08-16
QTS Data Centers,6a15b733bd30da3db41030e0,69f0f3c5beb6279e947be0ee,"HITT Contracting, Inc.",69f10c28beb6279e947be4d9,"ATL2DC5 - QTS Fayetteville II DC5, LLC",evidenceOfInsurance,Evidence of Insurance,automobileLiability,Automobile Liability,evidenceOfInsuranceAutomobileLiabilityCoverageAppliesToNonOwnedAutosOnly,Coverage Applies To: Non-Owned Autos Only,,matchOnce,must be present,,Present,compliant,Standard 17,,,false,1,,2026-08-16
QTS Data Centers,6a15b733bd30da3db41030e0,69f0f3c5beb6279e947be0ee,"HITT Contracting, Inc.",69f10c28beb6279e947be4d9,"ATL2DC5 - QTS Fayetteville II DC5, LLC",evidenceOfInsurance,Evidence of Insurance,automobileLiability,Automobile Liability,evidenceOfInsuranceAutomobileLiabilityCoverageAppliesToHiredAutosOnly,Coverage Applies To: Hired Autos Only,,matchOnce,must be present,,Present,compliant,Standard 17,,,false,1,,2026-08-16
QTS Data Centers,6a15b733bd30da3db41030e0,69f0f3c5beb6279e947be0ee,"HITT Contracting, Inc.",69f10c28beb6279e947be4d9,"ATL2DC5 - QTS Fayetteville II DC5, LLC",evidenceOfInsurance,Evidence of Insurance,automobileLiability,Automobile Liability,evidenceOfInsuranceAutomobileLiabilityAdditionalInsuredEndorsement,Additional Insured,"---prompt---
Determine if the certificate holder is covered as an additional insured under the Automobile Liability policy. Evidence may include: a checked ""Additional Insured"" box on the certificate for the auto section, mention in the Description of Operations section, or reference to blanket additional insured coverage. Look for form number CA 20 48 or language like ""certificate holder is additional insured"" or ""per written contract"".",matchOnce,must be present,,Present,compliant,Standard 17,,,false,1,,2026-08-16
QTS Data Centers,6a15b733bd30da3db41030e0,69f0f3c5beb6279e947be0ee,"HITT Contracting, Inc.",69f10c28beb6279e947be4d9,"ATL2DC5 - QTS Fayetteville II DC5, LLC",evidenceOfInsurance,Evidence of Insurance,automobileLiability,Automobile Liability,evidenceOfInsuranceAutomobileLiabilityWaiverOfSubrogationEndorsement,Waiver of Subrogation,"---prompt---
Determine if the insurer has waived their right of subrogation in favor of the certificate holder under the Automobile Liability policy. Evidence may include: a checked ""Waiver of Subrogation"" box on the certificate, mention in the Description of Operations section stating ""waiver of subrogation applies"", or reference to form CA 04 44. Look for language like ""subrogation is waived"" or ""per written contract"".",matchOnce,must be present,,Present,compliant,Standard 17,,,false,1,,2026-08-16
QTS Data Centers,6a15b733bd30da3db41030e0,69f0f3c5beb6279e947be0ee,"HITT Contracting, Inc.",69f10c28beb6279e947be4d9,"ATL2DC5 - QTS Fayetteville II DC5, LLC",evidenceOfInsurance,Evidence of Insurance,automobileLiability,Automobile Liability,evidenceOfInsuranceAutomobileLiabilityPrimaryAndNonContributoryEndorsement,Primary and Non-Contributory,"---prompt---
Determine if the Automobile Liability policy provides primary and non-contributory coverage for the certificate holder. Evidence may include: a checked ""Primary"" box on the certificate, mention in the Description of Operations section stating ""primary and non-contributory"". Look for language indicating this policy will pay first before other applicable insurance and will not seek contribution.",matchOnce,must be present,,Present,compliant,Standard 17,,,false,1,,2026-08-16
QTS Data Centers,6a15b733bd30da3db41030e0,69f0f3c5beb6279e947be0ee,"HITT Contracting, Inc.",69f10c28beb6279e947be4d9,"ATL2DC5 - QTS Fayetteville II DC5, LLC",evidenceOfInsurance,Evidence of Insurance,automobileLiability,Automobile Liability,0e6f6daa-effc-5c25-af03-4f7e657ae801,Physical MCS-90 Endorsement must be present,,matchOnce,must be present,,,non_compliant,Standard 17,,,true,0,,2026-08-16
QTS Data Centers,6a15b733bd30da3db41030e0,69f0f3c5beb6279e947be0ee,"HITT Contracting, Inc.",69f10c28beb6279e947be4d9,"ATL2DC5 - QTS Fayetteville II DC5, LLC",evidenceOfInsurance,Evidence of Insurance,excessOrUmbrellaLiability,Umbrella/Excess Liability,evidenceOfInsuranceExcessOrUmbrellaLiabilityOccurence,Coverage Trigger: Occurrence,,matchOnce,must be present,,Present,compliant,Standard 17,,,false,1,,2026-08-16
QTS Data Centers,6a15b733bd30da3db41030e0,69f0f3c5beb6279e947be0ee,"HITT Contracting, Inc.",69f10c28beb6279e947be4d9,"ATL2DC5 - QTS Fayetteville II DC5, LLC",evidenceOfInsurance,Evidence of Insurance,excessOrUmbrellaLiability,Umbrella/Excess Liability,evidenceOfInsuranceExcessOrUmbrellaLiabilityEachOccurrence,Each Occurrence,,matchOnce,must be greater or equal to,75000000,25000000,non_compliant,Standard 17,,,false,1,,2026-08-16
QTS Data Centers,6a15b733bd30da3db41030e0,69f0f3c5beb6279e947be0ee,"HITT Contracting, Inc.",69f10c28beb6279e947be4d9,"ATL2DC5 - QTS Fayetteville II DC5, LLC",evidenceOfInsurance,Evidence of Insurance,excessOrUmbrellaLiability,Umbrella/Excess Liability,evidenceOfInsuranceExcessOrUmbrellaLiabilityAdditionalInsuredEndorsement,Additional Insured,"---prompt---
Determine if the certificate holder is covered as an additional insured under the Umbrella/Excess Liability policy. Evidence may include: a checked ""Additional Insured"" box on the certificate for the umbrella section, mention in the Description of Operations section, reference to ""follow form"" status (which would extend underlying additional insured status), or explicit language naming the certificate holder as additional insured on the umbrella.",matchOnce,must be present,,Present,compliant,Standard 17,,,false,1,,2026-08-16
QTS Data Centers,6a15b733bd30da3db41030e0,69f0f3c5beb6279e947be0ee,"HITT Contracting, Inc.",69f10c28beb6279e947be4d9,"ATL2DC5 - QTS Fayetteville II DC5, LLC",evidenceOfInsurance,Evidence of Insurance,excessOrUmbrellaLiability,Umbrella/Excess Liability,evidenceOfInsuranceExcessOrUmbrellaLiabilityWaiverOfSubrogationEndorsement,Waiver of Subrogation,"---prompt---
Determine if the insurer has waived their right of subrogation in favor of the certificate holder under the Umbrella/Excess Liability policy. Evidence may include: a checked ""Waiver of Subrogation"" box on the certificate, mention in the Description of Operations section stating ""waiver of subrogation applies"", or reference to ""follow form"" status (which would extend underlying waiver). Look for language like ""subrogation is waived"" or ""per written contract"".",matchOnce,must be present,,Present,compliant,Standard 17,,,false,1,,2026-08-16
QTS Data Centers,6a15b733bd30da3db41030e0,69f0f3c5beb6279e947be0ee,"HITT Contracting, Inc.",69f10c28beb6279e947be4d9,"ATL2DC5 - QTS Fayetteville II DC5, LLC",evidenceOfInsurance,Evidence of Insurance,excessOrUmbrellaLiability,Umbrella/Excess Liability,evidenceOfInsuranceExcessOrUmbrellaLiabilityPrimaryAndNonContributoryEndorsement,Primary and Non-Contributory,"---prompt---
Determine if the Umbrella/Excess Liability policy provides primary and non-contributory coverage for the certificate holder. Evidence may include: a checked ""Primary"" box on the certificate, mention in the Description of Operations section stating ""primary and non-contributory"", or reference to ""follow form"" status (which would extend underlying primary status). Look for language indicating this policy will pay first before other applicable insurance and will not seek contribution.",matchOnce,must be present,,Present,compliant,Standard 17,,,false,1,,2026-08-16
QTS Data Centers,6a15b733bd30da3db41030e0,69f0f3c5beb6279e947be0ee,"HITT Contracting, Inc.",69f10c28beb6279e947be4d9,"ATL2DC5 - QTS Fayetteville II DC5, LLC",evidenceOfInsurance,Evidence of Insurance,workersCompensation,Workers' Compensation and Employer's Liability,evidenceOfInsuranceWorkersCompensationStatutoryLimits,Statutory Limits,,matchOnce,must be present,,Present,compliant,Standard 17,,,false,1,,2026-08-16
QTS Data Centers,6a15b733bd30da3db41030e0,69f0f3c5beb6279e947be0ee,"HITT Contracting, Inc.",69f10c28beb6279e947be4d9,"ATL2DC5 - QTS Fayetteville II DC5, LLC",evidenceOfInsurance,Evidence of Insurance,workersCompensation,Workers' Compensation and Employer's Liability,evidenceOfInsuranceWorkersCompensationEmployersLiabilityDiseaseEachEmployee,Employer's Liability Disease - each employee,,matchOnce,must be greater or equal to,1000000,1000000,compliant,Standard 17,,,false,1,,2026-08-16
QTS Data Centers,6a15b733bd30da3db41030e0,69f0f3c5beb6279e947be0ee,"HITT Contracting, Inc.",69f10c28beb6279e947be4d9,"ATL2DC5 - QTS Fayetteville II DC5, LLC",evidenceOfInsurance,Evidence of Insurance,workersCompensation,Workers' Compensation and Employer's Liability,evidenceOfInsuranceWorkersCompensationEmployersLiabilityDiseasePolicyLimit,Employer's Liability Disease - policy limit,,matchOnce,must be greater or equal to,1000000,1000000,compliant,Standard 17,,,false,1,,2026-08-16
QTS Data Centers,6a15b733bd30da3db41030e0,69f0f3c5beb6279e947be0ee,"HITT Contracting, Inc.",69f10c28beb6279e947be4d9,"ATL2DC5 - QTS Fayetteville II DC5, LLC",evidenceOfInsurance,Evidence of Insurance,workersCompensation,Workers' Compensation and Employer's Liability,evidenceOfInsuranceWorkersCompensationEmployersLiabilityEachAccident,Employer's Liability Each Accident,,matchOnce,must be greater or equal to,1000000,1000000,compliant,Standard 17,,,false,1,,2026-08-16
QTS Data Centers,6a15b733bd30da3db41030e0,69f0f3c5beb6279e947be0ee,"HITT Contracting, Inc.",69f10c28beb6279e947be4d9,"ATL2DC5 - QTS Fayetteville II DC5, LLC",evidenceOfInsurance,Evidence of Insurance,workersCompensation,Workers' Compensation and Employer's Liability,evidenceOfInsuranceWorkersCompensationWaiverOfSubrogationEndorsement,Waiver of Subrogation,"---prompt---
Determine if the insurer has waived their right of subrogation in favor of the certificate holder under the Workers' Compensation policy. Evidence may include: a checked ""Waiver of Subrogation"" box on the certificate, mention in the Description of Operations section stating ""waiver of subrogation applies"", or reference to form WC 00 03 13. Look for language like ""subrogation is waived"" or ""per written contract"".",matchOnce,must be present,,Present,compliant,Standard 17,,,false,1,,2026-08-16
QTS Data Centers,6a15b733bd30da3db41030e0,69f0f3c5beb6279e947be0ee,"HITT Contracting, Inc.",69f10c28beb6279e947be4d9,"ATL2DC5 - QTS Fayetteville II DC5, LLC",evidenceOfInsurance,Evidence of Insurance,6ac20aae-5728-5d57-b364-aeba38527dba,Additional Requirements,655cb50e-155d-5f8c-af5e-e7386263aa58,"Certificate Holder must read as: ""Quality Technology Services, LLC, 
Attention: Procurement Department
300 Satellite Blvd NW, Suwanee, GA 30024.""",,matchOnce,must be present,,Present,compliant,Standard 17,,,true,1,,2026-08-16
QTS Data Centers,6a15b733bd30da3db41030e0,69f0f3c5beb6279e947be0ee,"HITT Contracting, Inc.",69f10c28beb6279e947be4d9,"ATL2DC5 - QTS Fayetteville II DC5, LLC",evidenceOfInsurance,Evidence of Insurance,6ac20aae-5728-5d57-b364-aeba38527dba,Additional Requirements,25da7a11-b805-5d7d-8deb-65519e743757,"Description of Operations must read: Quality Tech, LP, and its officers, directors, employees, parents, subsidiaries, affiliates, and related companies, successors, and permitted assigns",,matchOnce,must be present,,Present,compliant,Standard 17,,,true,1,,2026-08-16
QTS Data Centers,6a15b733bd30da3db41030e0,69f0f3c5beb6279e947be0ee,"HITT Contracting, Inc.",69f10c28beb6279e947be4d9,"ATL2DC5 - QTS Fayetteville II DC5, LLC",evidenceOfInsurance,Evidence of Insurance,6ac20aae-5728-5d57-b364-aeba38527dba,Additional Requirements,03d7ddc3-a527-5f18-bdf6-355eb23cd9de,30-Day Notice of Cancellation must be present,,matchOnce,must be present,,Present,compliant,Standard 17,,,true,1,,2026-08-16
QTS Data Centers,6a15b733bd30da3db41030e0,69f0f3c5beb6279e947be0ee,"HITT Contracting, Inc.",69f10c28beb6279e947be4d9,"ATL2DC5 - QTS Fayetteville II DC5, LLC",evidenceOfInsurance,Evidence of Insurance,6ac20aae-5728-5d57-b364-aeba38527dba,Additional Requirements,8d7b12d5-c6dc-5efe-8cbd-acd9adedde5b,"Description of Operations must read: ATL2-DC5 Campus, located at 167 Tyrone Road, Building 500, Fayetteville, GA 30214",,matchOnce,must be present,,,non_compliant,Standard 17,,,true,0,,2026-08-16
QTS Data Centers,6a15b733bd30da3db41030e0,69f0f3c5beb6279e947be0ee,"HITT Contracting, Inc.",69f10c28beb6279e947be4d9,"ATL2DC5 - QTS Fayetteville II DC5, LLC",evidenceOfInsurance,Evidence of Insurance,6ac20aae-5728-5d57-b364-aeba38527dba,Additional Requirements,24a2347c-ab39-5dea-a6af-ad750440dde1,"Description of Operations must read: Commercial General Liability shall not include the following endorsements/exclusions or equivalent:

1. CG 2149 or CG 2155 o CG 2198 (Absolute Pollution Exclusion)
2. CG 2294 or CG 2295 (Damage to Work Performed by Contractors Exclusion)
3. CG 2139 (Contractual Limitation Endorsement)
4. CG 2196 (Silica or Silica Dust Exclusion), unless otherwise covered under an applicable pollution policy.
5. CG 2142 (Explosion, Collapse or Underground Exclusion)",,matchOnce,must be present,,,non_compliant,Standard 17,,,true,0,,2026-08-16
QTS Data Centers,6a15b733bd30da3db41030e0,69f0f3c5beb6279e947be0ee,"HITT Contracting, Inc.",69f10c28beb6279e947be4d9,"ATL2DC5 - QTS Fayetteville II DC5, LLC",evidenceOfInsurance,Evidence of Insurance,6ac20aae-5728-5d57-b364-aeba38527dba,Additional Requirements,71685e25-c6d0-5692-aaaf-30f59a2f9a83,"Description of Operations must read: Workers Compensation shall include ""all states"" coverage",,matchOnce,must be present,,,non_compliant,Standard 17,,,true,0,,2026-08-16
QTS Data Centers,6a15b733bd30da3db41030e7,69f0f3c5beb6279e947be0ee,"HITT Contracting, Inc.",69f10c28beb6279e947be4e8,"ASH2DC2 - QTS Lockridge DC2, LLC",evidenceOfInsurance,Evidence of Insurance,commercialGeneralLiability,Commercial General Liability,evidenceOfInsuranceCommercialGeneralLiabilityAMBestRating,AM Best Rating,,matchOnce,must be greater or equal to,140,140,compliant,Standard 7,,,false,2,,2026-08-16
QTS Data Centers,6a15b733bd30da3db41030e7,69f0f3c5beb6279e947be0ee,"HITT Contracting, Inc.",69f10c28beb6279e947be4e8,"ASH2DC2 - QTS Lockridge DC2, LLC",evidenceOfInsurance,Evidence of Insurance,commercialGeneralLiability,Commercial General Liability,evidenceOfInsuranceCommercialGeneralLiabilityAMBestFinancialStrength,AM Best Financial Strength,,matchOnce,must be greater or equal to,100,150,compliant,Standard 7,,,false,2,,2026-08-16
QTS Data Centers,6a15b733bd30da3db41030e7,69f0f3c5beb6279e947be0ee,"HITT Contracting, Inc.",69f10c28beb6279e947be4e8,"ASH2DC2 - QTS Lockridge DC2, LLC",evidenceOfInsurance,Evidence of Insurance,commercialGeneralLiability,Commercial General Liability,evidenceOfInsuranceCommercialGeneralLiabilityCoverageTriggerOccurrence,Coverage Trigger: Occurrence,,matchOnce,must be present,,Present,compliant,Standard 7,,,false,2,,2026-08-16
QTS Data Centers,6a15b733bd30da3db41030e7,69f0f3c5beb6279e947be0ee,"HITT Contracting, Inc.",69f10c28beb6279e947be4e8,"ASH2DC2 - QTS Lockridge DC2, LLC",evidenceOfInsurance,Evidence of Insurance,commercialGeneralLiability,Commercial General Liability,evidenceOfInsuranceCommercialGeneralLiabilityGeneralAggregateLimitAppliesPerProject,General Aggregate Limit Applies per: Project,,matchOnce,must be present,,Present,compliant,Standard 7,,,false,2,,2026-08-16
QTS Data Centers,6a15b733bd30da3db41030e7,69f0f3c5beb6279e947be0ee,"HITT Contracting, Inc.",69f10c28beb6279e947be4e8,"ASH2DC2 - QTS Lockridge DC2, LLC",evidenceOfInsurance,Evidence of Insurance,commercialGeneralLiability,Commercial General Liability,evidenceOfInsuranceCommercialGeneralLiabilityEachOccurrence,Each Occurrence,,matchOnce,must be greater or equal to,2000000,2000000,compliant,Standard 7,,,false,2,,2026-08-16
QTS Data Centers,6a15b733bd30da3db41030e7,69f0f3c5beb6279e947be0ee,"HITT Contracting, Inc.",69f10c28beb6279e947be4e8,"ASH2DC2 - QTS Lockridge DC2, LLC",evidenceOfInsurance,Evidence of Insurance,commercialGeneralLiability,Commercial General Liability,evidenceOfInsuranceCommercialGeneralLiabilityGeneralAggregate,General Aggregate,,matchOnce,must be greater or equal to,5000000,4000000,non_compliant,Standard 7,,,false,2,,2026-08-16
QTS Data Centers,6a15b733bd30da3db41030e7,69f0f3c5beb6279e947be0ee,"HITT Contracting, Inc.",69f10c28beb6279e947be4e8,"ASH2DC2 - QTS Lockridge DC2, LLC",evidenceOfInsurance,Evidence of Insurance,commercialGeneralLiability,Commercial General Liability,evidenceOfInsuranceCommercialGeneralLiabilityProducsCompletedOperationsAggregate,Products/Completed Operations Aggregate,,matchOnce,must be greater or equal to,5000000,4000000,non_compliant,Standard 7,,,false,2,,2026-08-16
QTS Data Centers,6a15b733bd30da3db41030e7,69f0f3c5beb6279e947be0ee,"HITT Contracting, Inc.",69f10c28beb6279e947be4e8,"ASH2DC2 - QTS Lockridge DC2, LLC",evidenceOfInsurance,Evidence of Insurance,commercialGeneralLiability,Commercial General Liability,evidenceOfInsuranceCommercialGeneralLiabilityAdditionalInsuredEndorsementOngoingOps,Additional Insured - Ongoing Operations,"---prompt---
Verify that additional insured coverage specifically includes ongoing operations. Look in the Description of Operations section for language like ""additional insured for ongoing operations"", ""CG 20 10"", ""CG 20 37"", or ""operations performed by or on behalf of the named insured"". The coverage should explicitly reference ongoing work, not just completed operations.",matchOnce,must be present,,Present,compliant,Standard 7,,,false,2,,2026-08-16
QTS Data Centers,6a15b733bd30da3db41030e7,69f0f3c5beb6279e947be0ee,"HITT Contracting, Inc.",69f10c28beb6279e947be4e8,"ASH2DC2 - QTS Lockridge DC2, LLC",evidenceOfInsurance,Evidence of Insurance,commercialGeneralLiability,Commercial General Liability,evidenceOfInsuranceCommercialGeneralLiabilityAdditionalInsuredEndorsementCompletedOps,Additional Insured - Completed Operations,"---prompt---
Verify that additional insured coverage specifically includes completed operations. Look in the Description of Operations section for language like ""additional insured for completed operations"", ""CG 20 37"", ""products-completed operations"", or similar. This coverage protects the certificate holder for claims arising after work is finished.",matchOnce,must be present,,Present,compliant,Standard 7,,,false,2,,2026-08-16
QTS Data Centers,6a15b733bd30da3db41030e7,69f0f3c5beb6279e947be0ee,"HITT Contracting, Inc.",69f10c28beb6279e947be4e8,"ASH2DC2 - QTS Lockridge DC2, LLC",evidenceOfInsurance,Evidence of Insurance,commercialGeneralLiability,Commercial General Liability,evidenceOfInsuranceCommercialGeneralLiabilityWaiverOfSubrogationEndorsement,Waiver of Subrogation,"---prompt---
Determine if the insurer has waived their right of subrogation in favor of the certificate holder under the Commercial General Liability policy. Evidence may include: a checked ""Waiver of Subrogation"" box on the certificate, mention in the Description of Operations section stating ""waiver of subrogation applies"", or reference to form CG 24 04. Look for language like ""subrogation is waived"" or ""per written contract"".",matchOnce,must be present,,Present,compliant,Standard 7,,,false,2,,2026-08-16
QTS Data Centers,6a15b733bd30da3db41030e7,69f0f3c5beb6279e947be0ee,"HITT Contracting, Inc.",69f10c28beb6279e947be4e8,"ASH2DC2 - QTS Lockridge DC2, LLC",evidenceOfInsurance,Evidence of Insurance,commercialGeneralLiability,Commercial General Liability,evidenceOfInsuranceCommercialGeneralLiabilityPrimaryAndNonContributoryEndorsement,Primary and Non-Contributory,"---prompt---
Determine if the Commercial General Liability policy provides primary and non-contributory coverage for the certificate holder. Evidence may include: a checked ""Primary"" box on the certificate, mention in the Description of Operations section stating ""primary and non-contributory"", or reference to endorsement CG 20 01. Look for language indicating this policy will pay first before other applicable insurance and will not seek contribution.",matchOnce,must be present,,Present,compliant,Standard 7,,,false,2,,2026-08-16
QTS Data Centers,6a15b733bd30da3db41030e7,69f0f3c5beb6279e947be0ee,"HITT Contracting, Inc.",69f10c28beb6279e947be4e8,"ASH2DC2 - QTS Lockridge DC2, LLC",evidenceOfInsurance,Evidence of Insurance,commercialGeneralLiability,Commercial General Liability,9c28ed56-e307-5cf9-88e9-0ada1f283104,Physical 30 Days Notice of Cancellation - 10 Days Notice for Non Payment Endorsement must be present,,matchOnce,must be present,,,non_compliant,Standard 7,,,true,0,,2026-08-16
QTS Data Centers,6a15b733bd30da3db41030e7,69f0f3c5beb6279e947be0ee,"HITT Contracting, Inc.",69f10c28beb6279e947be4e8,"ASH2DC2 - QTS Lockridge DC2, LLC",evidenceOfInsurance,Evidence of Insurance,automobileLiability,Automobile Liability,evidenceOfInsuranceAutomobileLiabilityCombinedSingleLimitEachAccident,Combined Single Limit (each accident),,matchOnce,must be greater or equal to,1000000,2000000,compliant,Standard 7,,,false,2,,2026-08-16
QTS Data Centers,6a15b733bd30da3db41030e7,69f0f3c5beb6279e947be0ee,"HITT Contracting, Inc.",69f10c28beb6279e947be4e8,"ASH2DC2 - QTS Lockridge DC2, LLC",evidenceOfInsurance,Evidence of Insurance,automobileLiability,Automobile Liability,evidenceOfInsuranceAutomobileLiabilityCoverageAppliesToOwnedAutosOnly,Coverage Applies To: Owned Autos Only,,matchOnce,must be present,,Present,compliant,Standard 7,,,false,2,,2026-08-16
QTS Data Centers,6a15b733bd30da3db41030e7,69f0f3c5beb6279e947be0ee,"HITT Contracting, Inc.",69f10c28beb6279e947be4e8,"ASH2DC2 - QTS Lockridge DC2, LLC",evidenceOfInsurance,Evidence of Insurance,automobileLiability,Automobile Liability,evidenceOfInsuranceAutomobileLiabilityCoverageAppliesToNonOwnedAutosOnly,Coverage Applies To: Non-Owned Autos Only,,matchOnce,must be present,,Present,compliant,Standard 7,,,false,2,,2026-08-16
QTS Data Centers,6a15b733bd30da3db41030e7,69f0f3c5beb6279e947be0ee,"HITT Contracting, Inc.",69f10c28beb6279e947be4e8,"ASH2DC2 - QTS Lockridge DC2, LLC",evidenceOfInsurance,Evidence of Insurance,automobileLiability,Automobile Liability,evidenceOfInsuranceAutomobileLiabilityCoverageAppliesToHiredAutosOnly,Coverage Applies To: Hired Autos Only,,matchOnce,must be present,,Present,compliant,Standard 7,,,false,2,,2026-08-16
QTS Data Centers,6a15b733bd30da3db41030e7,69f0f3c5beb6279e947be0ee,"HITT Contracting, Inc.",69f10c28beb6279e947be4e8,"ASH2DC2 - QTS Lockridge DC2, LLC",evidenceOfInsurance,Evidence of Insurance,automobileLiability,Automobile Liability,evidenceOfInsuranceAutomobileLiabilityAdditionalInsuredEndorsement,Additional Insured,"---prompt---
Determine if the certificate holder is covered as an additional insured under the Automobile Liability policy. Evidence may include: a checked ""Additional Insured"" box on the certificate for the auto section, mention in the Description of Operations section, or reference to blanket additional insured coverage. Look for form number CA 20 48 or language like ""certificate holder is additional insured"" or ""per written contract"".",matchOnce,must be present,,Present,compliant,Standard 7,,,false,2,,2026-08-16
QTS Data Centers,6a15b733bd30da3db41030e7,69f0f3c5beb6279e947be0ee,"HITT Contracting, Inc.",69f10c28beb6279e947be4e8,"ASH2DC2 - QTS Lockridge DC2, LLC",evidenceOfInsurance,Evidence of Insurance,automobileLiability,Automobile Liability,evidenceOfInsuranceAutomobileLiabilityWaiverOfSubrogationEndorsement,Waiver of Subrogation,"---prompt---
Determine if the insurer has waived their right of subrogation in favor of the certificate holder under the Automobile Liability policy. Evidence may include: a checked ""Waiver of Subrogation"" box on the certificate, mention in the Description of Operations section stating ""waiver of subrogation applies"", or reference to form CA 04 44. Look for language like ""subrogation is waived"" or ""per written contract"".",matchOnce,must be present,,Present,compliant,Standard 7,,,false,2,,2026-08-16
QTS Data Centers,6a15b733bd30da3db41030e7,69f0f3c5beb6279e947be0ee,"HITT Contracting, Inc.",69f10c28beb6279e947be4e8,"ASH2DC2 - QTS Lockridge DC2, LLC",evidenceOfInsurance,Evidence of Insurance,automobileLiability,Automobile Liability,evidenceOfInsuranceAutomobileLiabilityPrimaryAndNonContributoryEndorsement,Primary and Non-Contributory,"---prompt---
Determine if the Automobile Liability policy provides primary and non-contributory coverage for the certificate holder. Evidence may include: a checked ""Primary"" box on the certificate, mention in the Description of Operations section stating ""primary and non-contributory"". Look for language indicating this policy will pay first before other applicable insurance and will not seek contribution.",matchOnce,must be present,,Present,compliant,Standard 7,,,false,2,,2026-08-16
QTS Data Centers,6a15b733bd30da3db41030e7,69f0f3c5beb6279e947be0ee,"HITT Contracting, Inc.",69f10c28beb6279e947be4e8,"ASH2DC2 - QTS Lockridge DC2, LLC",evidenceOfInsurance,Evidence of Insurance,automobileLiability,Automobile Liability,0e6f6daa-effc-5c25-af03-4f7e657ae801,Physical MCS-90 Endorsement must be present,,matchOnce,must be present,,,non_compliant,Standard 7,,,true,0,,2026-08-16
QTS Data Centers,6a15b733bd30da3db41030e7,69f0f3c5beb6279e947be0ee,"HITT Contracting, Inc.",69f10c28beb6279e947be4e8,"ASH2DC2 - QTS Lockridge DC2, LLC",evidenceOfInsurance,Evidence of Insurance,excessOrUmbrellaLiability,Umbrella/Excess Liability,evidenceOfInsuranceExcessOrUmbrellaLiabilityOccurence,Coverage Trigger: Occurrence,,matchOnce,must be present,,Present,compliant,Standard 7,,,false,2,,2026-08-16
QTS Data Centers,6a15b733bd30da3db41030e7,69f0f3c5beb6279e947be0ee,"HITT Contracting, Inc.",69f10c28beb6279e947be4e8,"ASH2DC2 - QTS Lockridge DC2, LLC",evidenceOfInsurance,Evidence of Insurance,excessOrUmbrellaLiability,Umbrella/Excess Liability,evidenceOfInsuranceExcessOrUmbrellaLiabilityEachOccurrence,Each Occurrence,,matchOnce,must be greater or equal to,25000000,25000000,compliant,Standard 7,,,false,2,,2026-08-16
QTS Data Centers,6a15b733bd30da3db41030e7,69f0f3c5beb6279e947be0ee,"HITT Contracting, Inc.",69f10c28beb6279e947be4e8,"ASH2DC2 - QTS Lockridge DC2, LLC",evidenceOfInsurance,Evidence of Insurance,excessOrUmbrellaLiability,Umbrella/Excess Liability,evidenceOfInsuranceExcessOrUmbrellaLiabilityAdditionalInsuredEndorsement,Additional Insured,"---prompt---
Determine if the certificate holder is covered as an additional insured under the Umbrella/Excess Liability policy. Evidence may include: a checked ""Additional Insured"" box on the certificate for the umbrella section, mention in the Description of Operations section, reference to ""follow form"" status (which would extend underlying additional insured status), or explicit language naming the certificate holder as additional insured on the umbrella.",matchOnce,must be present,,Present,compliant,Standard 7,,,false,2,,2026-08-16
QTS Data Centers,6a15b733bd30da3db41030e7,69f0f3c5beb6279e947be0ee,"HITT Contracting, Inc.",69f10c28beb6279e947be4e8,"ASH2DC2 - QTS Lockridge DC2, LLC",evidenceOfInsurance,Evidence of Insurance,excessOrUmbrellaLiability,Umbrella/Excess Liability,evidenceOfInsuranceExcessOrUmbrellaLiabilityWaiverOfSubrogationEndorsement,Waiver of Subrogation,"---prompt---
Determine if the insurer has waived their right of subrogation in favor of the certificate holder under the Umbrella/Excess Liability policy. Evidence may include: a checked ""Waiver of Subrogation"" box on the certificate, mention in the Description of Operations section stating ""waiver of subrogation applies"", or reference to ""follow form"" status (which would extend underlying waiver). Look for language like ""subrogation is waived"" or ""per written contract"".",matchOnce,must be present,,Present,compliant,Standard 7,,,false,2,,2026-08-16
QTS Data Centers,6a15b733bd30da3db41030e7,69f0f3c5beb6279e947be0ee,"HITT Contracting, Inc.",69f10c28beb6279e947be4e8,"ASH2DC2 - QTS Lockridge DC2, LLC",evidenceOfInsurance,Evidence of Insurance,excessOrUmbrellaLiability,Umbrella/Excess Liability,evidenceOfInsuranceExcessOrUmbrellaLiabilityPrimaryAndNonContributoryEndorsement,Primary and Non-Contributory,"---prompt---
Determine if the Umbrella/Excess Liability policy provides primary and non-contributory coverage for the certificate holder. Evidence may include: a checked ""Primary"" box on the certificate, mention in the Description of Operations section stating ""primary and non-contributory"", or reference to ""follow form"" status (which would extend underlying primary status). Look for language indicating this policy will pay first before other applicable insurance and will not seek contribution.",matchOnce,must be present,,Present,compliant,Standard 7,,,false,2,,2026-08-16
QTS Data Centers,6a15b733bd30da3db41030e7,69f0f3c5beb6279e947be0ee,"HITT Contracting, Inc.",69f10c28beb6279e947be4e8,"ASH2DC2 - QTS Lockridge DC2, LLC",evidenceOfInsurance,Evidence of Insurance,workersCompensation,Workers' Compensation and Employer's Liability,evidenceOfInsuranceWorkersCompensationStatutoryLimits,Statutory Limits,,matchOnce,must be present,,Present,compliant,Standard 7,,,false,2,,2026-08-16
QTS Data Centers,6a15b733bd30da3db41030e7,69f0f3c5beb6279e947be0ee,"HITT Contracting, Inc.",69f10c28beb6279e947be4e8,"ASH2DC2 - QTS Lockridge DC2, LLC",evidenceOfInsurance,Evidence of Insurance,workersCompensation,Workers' Compensation and Employer's Liability,evidenceOfInsuranceWorkersCompensationEmployersLiabilityDiseaseEachEmployee,Employer's Liability Disease - each employee,,matchOnce,must be greater or equal to,1000000,1000000,compliant,Standard 7,,,false,2,,2026-08-16
QTS Data Centers,6a15b733bd30da3db41030e7,69f0f3c5beb6279e947be0ee,"HITT Contracting, Inc.",69f10c28beb6279e947be4e8,"ASH2DC2 - QTS Lockridge DC2, LLC",evidenceOfInsurance,Evidence of Insurance,workersCompensation,Workers' Compensation and Employer's Liability,evidenceOfInsuranceWorkersCompensationEmployersLiabilityDiseasePolicyLimit,Employer's Liability Disease - policy limit,,matchOnce,must be greater or equal to,1000000,1000000,compliant,Standard 7,,,false,2,,2026-08-16
QTS Data Centers,6a15b733bd30da3db41030e7,69f0f3c5beb6279e947be0ee,"HITT Contracting, Inc.",69f10c28beb6279e947be4e8,"ASH2DC2 - QTS Lockridge DC2, LLC",evidenceOfInsurance,Evidence of Insurance,workersCompensation,Workers' Compensation and Employer's Liability,evidenceOfInsuranceWorkersCompensationEmployersLiabilityEachAccident,Employer's Liability Each Accident,,matchOnce,must be greater or equal to,1000000,1000000,compliant,Standard 7,,,false,2,,2026-08-16
QTS Data Centers,6a15b733bd30da3db41030e7,69f0f3c5beb6279e947be0ee,"HITT Contracting, Inc.",69f10c28beb6279e947be4e8,"ASH2DC2 - QTS Lockridge DC2, LLC",evidenceOfInsurance,Evidence of Insurance,workersCompensation,Workers' Compensation and Employer's Liability,evidenceOfInsuranceWorkersCompensationWaiverOfSubrogationEndorsement,Waiver of Subrogation,"---prompt---
Determine if the insurer has waived their right of subrogation in favor of the certificate holder under the Workers' Compensation policy. Evidence may include: a checked ""Waiver of Subrogation"" box on the certificate, mention in the Description of Operations section stating ""waiver of subrogation applies"", or reference to form WC 00 03 13. Look for language like ""subrogation is waived"" or ""per written contract"".",matchOnce,must be present,,Present,compliant,Standard 7,,,false,2,,2026-08-16
QTS Data Centers,6a15b733bd30da3db41030e7,69f0f3c5beb6279e947be0ee,"HITT Contracting, Inc.",69f10c28beb6279e947be4e8,"ASH2DC2 - QTS Lockridge DC2, LLC",evidenceOfInsurance,Evidence of Insurance,6ac20aae-5728-5d57-b364-aeba38527dba,Additional Requirements,655cb50e-155d-5f8c-af5e-e7386263aa58,"Certificate Holder must read as: ""Quality Technology Services, LLC, 
Attention: Procurement Department
300 Satellite Blvd NW, Suwanee, GA 30024.""",,matchOnce,must be present,,Present,compliant,Standard 7,,,true,2,,2026-08-16
QTS Data Centers,6a15b733bd30da3db41030e7,69f0f3c5beb6279e947be0ee,"HITT Contracting, Inc.",69f10c28beb6279e947be4e8,"ASH2DC2 - QTS Lockridge DC2, LLC",evidenceOfInsurance,Evidence of Insurance,6ac20aae-5728-5d57-b364-aeba38527dba,Additional Requirements,25da7a11-b805-5d7d-8deb-65519e743757,"Description of Operations must read: Quality Tech, LP, and its officers, directors, employees, parents, subsidiaries, affiliates, and related companies, successors, and permitted assigns",,matchOnce,must be present,,Present,compliant,Standard 7,,,true,1,,2026-08-16
QTS Data Centers,6a15b733bd30da3db41030e7,69f0f3c5beb6279e947be0ee,"HITT Contracting, Inc.",69f10c28beb6279e947be4e8,"ASH2DC2 - QTS Lockridge DC2, LLC",evidenceOfInsurance,Evidence of Insurance,6ac20aae-5728-5d57-b364-aeba38527dba,Additional Requirements,03d7ddc3-a527-5f18-bdf6-355eb23cd9de,30-Day Notice of Cancellation must be present,,matchOnce,must be present,,Present,compliant,Standard 7,,,true,2,,2026-08-16
QTS Data Centers,6a15b733bd30da3db41030e7,69f0f3c5beb6279e947be0ee,"HITT Contracting, Inc.",69f10c28beb6279e947be4e8,"ASH2DC2 - QTS Lockridge DC2, LLC",evidenceOfInsurance,Evidence of Insurance,6ac20aae-5728-5d57-b364-aeba38527dba,Additional Requirements,8d7b12d5-c6dc-5efe-8cbd-acd9adedde5b,"Description of Operations must read: ASH2-DC2, located at Lockridge Road, Sterling, VA 20166",,matchOnce,must be present,,,non_compliant,Standard 7,,,true,0,,2026-08-16
QTS Data Centers,6a15b733bd30da3db41030e7,69f0f3c5beb6279e947be0ee,"HITT Contracting, Inc.",69f10c28beb6279e947be4e8,"ASH2DC2 - QTS Lockridge DC2, LLC",evidenceOfInsurance,Evidence of Insurance,6ac20aae-5728-5d57-b364-aeba38527dba,Additional Requirements,24a2347c-ab39-5dea-a6af-ad750440dde1,"Description of Operations must read: Commercial General Liability shall not include the following endorsements/exclusions or equivalent:

1. CG 2149 or CG 2155 o CG 2198 (Absolute Pollution Exclusion)
2. CG 2294 or CG 2295 (Damage to Work Performed by Contractors Exclusion)
3. CG 2139 (Contractual Limitation Endorsement)
4. CG 2196 (Silica or Silica Dust Exclusion), unless otherwise covered under an applicable pollution policy.
5. CG 2142 (Explosion, Collapse or Underground Exclusion)",,matchOnce,must be present,,,non_compliant,Standard 7,,,true,0,,2026-08-16
QTS Data Centers,6a15b733bd30da3db41030e7,69f0f3c5beb6279e947be0ee,"HITT Contracting, Inc.",69f10c28beb6279e947be4e8,"ASH2DC2 - QTS Lockridge DC2, LLC",evidenceOfInsurance,Evidence of Insurance,6ac20aae-5728-5d57-b364-aeba38527dba,Additional Requirements,71685e25-c6d0-5692-aaaf-30f59a2f9a83,"Description of Operations must read: Workers Compensation shall include ""all states"" coverage",,matchOnce,must be present,,,non_compliant,Standard 7,,,true,0,,2026-08-16
QTS Data Centers,6a15b733bd30da3db41030f2,69f0f3c5beb6279e947be0fd,M. A. Mortenson Company,69f10c28beb6279e947be4d7,"CHI1DC1 - QTS Chicago I DC1, LLC",evidenceOfInsurance,Evidence of Insurance,commercialGeneralLiability,Commercial General Liability,evidenceOfInsuranceCommercialGeneralLiabilityAMBestRating,AM Best Rating,,matchOnce,must be greater or equal to,140,150,compliant,Standard 9,,,false,2,,2026-08-16
QTS Data Centers,6a15b733bd30da3db41030f2,69f0f3c5beb6279e947be0fd,M. A. Mortenson Company,69f10c28beb6279e947be4d7,"CHI1DC1 - QTS Chicago I DC1, LLC",evidenceOfInsurance,Evidence of Insurance,commercialGeneralLiability,Commercial General Liability,evidenceOfInsuranceCommercialGeneralLiabilityAMBestFinancialStrength,AM Best Financial Strength,,matchOnce,must be greater or equal to,100,150,compliant,Standard 9,,,false,2,,2026-08-16
QTS Data Centers,6a15b733bd30da3db41030f2,69f0f3c5beb6279e947be0fd,M. A. Mortenson Company,69f10c28beb6279e947be4d7,"CHI1DC1 - QTS Chicago I DC1, LLC",evidenceOfInsurance,Evidence of Insurance,commercialGeneralLiability,Commercial General Liability,evidenceOfInsuranceCommercialGeneralLiabilityCoverageTriggerOccurrence,Coverage Trigger: Occurrence,,matchOnce,must be present,,Present,compliant,Standard 9,,,false,2,,2026-08-16
QTS Data Centers,6a15b733bd30da3db41030f2,69f0f3c5beb6279e947be0fd,M. A. Mortenson Company,69f10c28beb6279e947be4d7,"CHI1DC1 - QTS Chicago I DC1, LLC",evidenceOfInsurance,Evidence of Insurance,commercialGeneralLiability,Commercial General Liability,evidenceOfInsuranceCommercialGeneralLiabilityGeneralAggregateLimitAppliesPerProject,General Aggregate Limit Applies per: Project,,matchOnce,must be present,,Present,compliant,Standard 9,,,false,2,,2026-08-16
QTS Data Centers,6a15b733bd30da3db41030f2,69f0f3c5beb6279e947be0fd,M. A. Mortenson Company,69f10c28beb6279e947be4d7,"CHI1DC1 - QTS Chicago I DC1, LLC",evidenceOfInsurance,Evidence of Insurance,commercialGeneralLiability,Commercial General Liability,evidenceOfInsuranceCommercialGeneralLiabilityEachOccurrence,Each Occurrence,,matchOnce,must be greater or equal to,2000000,2000000,compliant,Standard 9,,,false,2,,2026-08-16
QTS Data Centers,6a15b733bd30da3db41030f2,69f0f3c5beb6279e947be0fd,M. A. Mortenson Company,69f10c28beb6279e947be4d7,"CHI1DC1 - QTS Chicago I DC1, LLC",evidenceOfInsurance,Evidence of Insurance,commercialGeneralLiability,Commercial General Liability,evidenceOfInsuranceCommercialGeneralLiabilityGeneralAggregate,General Aggregate,,matchOnce,must be greater or equal to,5000000,4000000,non_compliant,Standard 9,,,false,2,,2026-08-16
QTS Data Centers,6a15b733bd30da3db41030f2,69f0f3c5beb6279e947be0fd,M. A. Mortenson Company,69f10c28beb6279e947be4d7,"CHI1DC1 - QTS Chicago I DC1, LLC",evidenceOfInsurance,Evidence of Insurance,commercialGeneralLiability,Commercial General Liability,evidenceOfInsuranceCommercialGeneralLiabilityProducsCompletedOperationsAggregate,Products/Completed Operations Aggregate,,matchOnce,must be greater or equal to,5000000,4000000,non_compliant,Standard 9,,,false,2,,2026-08-16
QTS Data Centers,6a15b733bd30da3db41030f2,69f0f3c5beb6279e947be0fd,M. A. Mortenson Company,69f10c28beb6279e947be4d7,"CHI1DC1 - QTS Chicago I DC1, LLC",evidenceOfInsurance,Evidence of Insurance,commercialGeneralLiability,Commercial General Liability,evidenceOfInsuranceCommercialGeneralLiabilityAdditionalInsuredEndorsementOngoingOps,Additional Insured - Ongoing Operations,"---prompt---
Verify that additional insured coverage specifically includes ongoing operations. Look in the Description of Operations section for language like ""additional insured for ongoing operations"", ""CG 20 10"", ""CG 20 37"", or ""operations performed by or on behalf of the named insured"". The coverage should explicitly reference ongoing work, not just completed operations.",matchOnce,must be present,,Present,compliant,Standard 9,,,false,2,,2026-08-16
QTS Data Centers,6a15b733bd30da3db41030f2,69f0f3c5beb6279e947be0fd,M. A. Mortenson Company,69f10c28beb6279e947be4d7,"CHI1DC1 - QTS Chicago I DC1, LLC",evidenceOfInsurance,Evidence of Insurance,commercialGeneralLiability,Commercial General Liability,evidenceOfInsuranceCommercialGeneralLiabilityAdditionalInsuredEndorsementCompletedOps,Additional Insured - Completed Operations,"---prompt---
Verify that additional insured coverage specifically includes completed operations. Look in the Description of Operations section for language like ""additional insured for completed operations"", ""CG 20 37"", ""products-completed operations"", or similar. This coverage protects the certificate holder for claims arising after work is finished.",matchOnce,must be present,,Present,compliant,Standard 9,,,false,1,,2026-08-16
QTS Data Centers,6a15b733bd30da3db41030f2,69f0f3c5beb6279e947be0fd,M. A. Mortenson Company,69f10c28beb6279e947be4d7,"CHI1DC1 - QTS Chicago I DC1, LLC",evidenceOfInsurance,Evidence of Insurance,commercialGeneralLiability,Commercial General Liability,evidenceOfInsuranceCommercialGeneralLiabilityWaiverOfSubrogationEndorsement,Waiver of Subrogation,"---prompt---
Determine if the insurer has waived their right of subrogation in favor of the certificate holder under the Commercial General Liability policy. Evidence may include: a checked ""Waiver of Subrogation"" box on the certificate, mention in the Description of Operations section stating ""waiver of subrogation applies"", or reference to form CG 24 04. Look for language like ""subrogation is waived"" or ""per written contract"".",matchOnce,must be present,,Present,compliant,Standard 9,,,false,2,,2026-08-16
QTS Data Centers,6a15b733bd30da3db41030f2,69f0f3c5beb6279e947be0fd,M. A. Mortenson Company,69f10c28beb6279e947be4d7,"CHI1DC1 - QTS Chicago I DC1, LLC",evidenceOfInsurance,Evidence of Insurance,commercialGeneralLiability,Commercial General Liability,evidenceOfInsuranceCommercialGeneralLiabilityPrimaryAndNonContributoryEndorsement,Primary and Non-Contributory,"---prompt---
Determine if the Commercial General Liability policy provides primary and non-contributory coverage for the certificate holder. Evidence may include: a checked ""Primary"" box on the certificate, mention in the Description of Operations section stating ""primary and non-contributory"", or reference to endorsement CG 20 01. Look for language indicating this policy will pay first before other applicable insurance and will not seek contribution.",matchOnce,must be present,,Present,compliant,Standard 9,,,false,2,,2026-08-16
QTS Data Centers,6a15b733bd30da3db41030f2,69f0f3c5beb6279e947be0fd,M. A. Mortenson Company,69f10c28beb6279e947be4d7,"CHI1DC1 - QTS Chicago I DC1, LLC",evidenceOfInsurance,Evidence of Insurance,commercialGeneralLiability,Commercial General Liability,9c28ed56-e307-5cf9-88e9-0ada1f283104,Physical 30 Days Notice of Cancellation - 10 Days Notice for Non Payment Endorsement must be present,,matchOnce,must be present,,Present,compliant,Standard 9,,,true,1,,2026-08-16
QTS Data Centers,6a15b733bd30da3db41030f2,69f0f3c5beb6279e947be0fd,M. A. Mortenson Company,69f10c28beb6279e947be4d7,"CHI1DC1 - QTS Chicago I DC1, LLC",evidenceOfInsurance,Evidence of Insurance,automobileLiability,Automobile Liability,evidenceOfInsuranceAutomobileLiabilityCombinedSingleLimitEachAccident,Combined Single Limit (each accident),,matchOnce,must be greater or equal to,1000000,5000000,compliant,Standard 9,,,false,2,,2026-08-16
QTS Data Centers,6a15b733bd30da3db41030f2,69f0f3c5beb6279e947be0fd,M. A. Mortenson Company,69f10c28beb6279e947be4d7,"CHI1DC1 - QTS Chicago I DC1, LLC",evidenceOfInsurance,Evidence of Insurance,automobileLiability,Automobile Liability,evidenceOfInsuranceAutomobileLiabilityCoverageAppliesToOwnedAutosOnly,Coverage Applies To: Owned Autos Only,,matchOnce,must be present,,Present,compliant,Standard 9,,,false,2,,2026-08-16
QTS Data Centers,6a15b733bd30da3db41030f2,69f0f3c5beb6279e947be0fd,M. A. Mortenson Company,69f10c28beb6279e947be4d7,"CHI1DC1 - QTS Chicago I DC1, LLC",evidenceOfInsurance,Evidence of Insurance,automobileLiability,Automobile Liability,evidenceOfInsuranceAutomobileLiabilityCoverageAppliesToNonOwnedAutosOnly,Coverage Applies To: Non-Owned Autos Only,,matchOnce,must be present,,Present,compliant,Standard 9,,,false,2,,2026-08-16
QTS Data Centers,6a15b733bd30da3db41030f2,69f0f3c5beb6279e947be0fd,M. A. Mortenson Company,69f10c28beb6279e947be4d7,"CHI1DC1 - QTS Chicago I DC1, LLC",evidenceOfInsurance,Evidence of Insurance,automobileLiability,Automobile Liability,evidenceOfInsuranceAutomobileLiabilityCoverageAppliesToHiredAutosOnly,Coverage Applies To: Hired Autos Only,,matchOnce,must be present,,Present,compliant,Standard 9,,,false,2,,2026-08-16
QTS Data Centers,6a15b733bd30da3db41030f2,69f0f3c5beb6279e947be0fd,M. A. Mortenson Company,69f10c28beb6279e947be4d7,"CHI1DC1 - QTS Chicago I DC1, LLC",evidenceOfInsurance,Evidence of Insurance,automobileLiability,Automobile Liability,evidenceOfInsuranceAutomobileLiabilityAdditionalInsuredEndorsement,Additional Insured,"---prompt---
Determine if the certificate holder is covered as an additional insured under the Automobile Liability policy. Evidence may include: a checked ""Additional Insured"" box on the certificate for the auto section, mention in the Description of Operations section, or reference to blanket additional insured coverage. Look for form number CA 20 48 or language like ""certificate holder is additional insured"" or ""per written contract"".",matchOnce,must be present,,Present,compliant,Standard 9,,,false,2,,2026-08-16
QTS Data Centers,6a15b733bd30da3db41030f2,69f0f3c5beb6279e947be0fd,M. A. Mortenson Company,69f10c28beb6279e947be4d7,"CHI1DC1 - QTS Chicago I DC1, LLC",evidenceOfInsurance,Evidence of Insurance,automobileLiability,Automobile Liability,evidenceOfInsuranceAutomobileLiabilityWaiverOfSubrogationEndorsement,Waiver of Subrogation,"---prompt---
Determine if the insurer has waived their right of subrogation in favor of the certificate holder under the Automobile Liability policy. Evidence may include: a checked ""Waiver of Subrogation"" box on the certificate, mention in the Description of Operations section stating ""waiver of subrogation applies"", or reference to form CA 04 44. Look for language like ""subrogation is waived"" or ""per written contract"".",matchOnce,must be present,,Present,compliant,Standard 9,,,false,2,,2026-08-16
QTS Data Centers,6a15b733bd30da3db41030f2,69f0f3c5beb6279e947be0fd,M. A. Mortenson Company,69f10c28beb6279e947be4d7,"CHI1DC1 - QTS Chicago I DC1, LLC",evidenceOfInsurance,Evidence of Insurance,automobileLiability,Automobile Liability,evidenceOfInsuranceAutomobileLiabilityPrimaryAndNonContributoryEndorsement,Primary and Non-Contributory,"---prompt---
Determine if the Automobile Liability policy provides primary and non-contributory coverage for the certificate holder. Evidence may include: a checked ""Primary"" box on the certificate, mention in the Description of Operations section stating ""primary and non-contributory"". Look for language indicating this policy will pay first before other applicable insurance and will not seek contribution.",matchOnce,must be present,,Present,compliant,Standard 9,,,false,1,,2026-08-16
QTS Data Centers,6a15b733bd30da3db41030f2,69f0f3c5beb6279e947be0fd,M. A. Mortenson Company,69f10c28beb6279e947be4d7,"CHI1DC1 - QTS Chicago I DC1, LLC",evidenceOfInsurance,Evidence of Insurance,automobileLiability,Automobile Liability,0e6f6daa-effc-5c25-af03-4f7e657ae801,Physical MCS-90 Endorsement must be present,,matchOnce,must be present,,Present,compliant,Standard 9,,,true,1,,2026-08-16
QTS Data Centers,6a15b733bd30da3db41030f2,69f0f3c5beb6279e947be0fd,M. A. Mortenson Company,69f10c28beb6279e947be4d7,"CHI1DC1 - QTS Chicago I DC1, LLC",evidenceOfInsurance,Evidence of Insurance,excessOrUmbrellaLiability,Umbrella/Excess Liability,evidenceOfInsuranceExcessOrUmbrellaLiabilityOccurence,Coverage Trigger: Occurrence,,matchOnce,must be present,,Present,compliant,Standard 9,,,false,2,,2026-08-16
QTS Data Centers,6a15b733bd30da3db41030f2,69f0f3c5beb6279e947be0fd,M. A. Mortenson Company,69f10c28beb6279e947be4d7,"CHI1DC1 - QTS Chicago I DC1, LLC",evidenceOfInsurance,Evidence of Insurance,excessOrUmbrellaLiability,Umbrella/Excess Liability,evidenceOfInsuranceExcessOrUmbrellaLiabilityEachOccurrence,Each Occurrence,,matchOnce,must be greater or equal to,25000000,10000000,non_compliant,Standard 9,,,false,2,,2026-08-16
QTS Data Centers,6a15b733bd30da3db41030f2,69f0f3c5beb6279e947be0fd,M. A. Mortenson Company,69f10c28beb6279e947be4d7,"CHI1DC1 - QTS Chicago I DC1, LLC",evidenceOfInsurance,Evidence of Insurance,excessOrUmbrellaLiability,Umbrella/Excess Liability,evidenceOfInsuranceExcessOrUmbrellaLiabilityAdditionalInsuredEndorsement,Additional Insured,"---prompt---
Determine if the certificate holder is covered as an additional insured under the Umbrella/Excess Liability policy. Evidence may include: a checked ""Additional Insured"" box on the certificate for the umbrella section, mention in the Description of Operations section, reference to ""follow form"" status (which would extend underlying additional insured status), or explicit language naming the certificate holder as additional insured on the umbrella.",matchOnce,must be present,,Present,compliant,Standard 9,,,false,2,,2026-08-16
QTS Data Centers,6a15b733bd30da3db41030f2,69f0f3c5beb6279e947be0fd,M. A. Mortenson Company,69f10c28beb6279e947be4d7,"CHI1DC1 - QTS Chicago I DC1, LLC",evidenceOfInsurance,Evidence of Insurance,excessOrUmbrellaLiability,Umbrella/Excess Liability,evidenceOfInsuranceExcessOrUmbrellaLiabilityWaiverOfSubrogationEndorsement,Waiver of Subrogation,"---prompt---
Determine if the insurer has waived their right of subrogation in favor of the certificate holder under the Umbrella/Excess Liability policy. Evidence may include: a checked ""Waiver of Subrogation"" box on the certificate, mention in the Description of Operations section stating ""waiver of subrogation applies"", or reference to ""follow form"" status (which would extend underlying waiver). Look for language like ""subrogation is waived"" or ""per written contract"".",matchOnce,must be present,,Present,compliant,Standard 9,,,false,2,,2026-08-16
QTS Data Centers,6a15b733bd30da3db41030f2,69f0f3c5beb6279e947be0fd,M. A. Mortenson Company,69f10c28beb6279e947be4d7,"CHI1DC1 - QTS Chicago I DC1, LLC",evidenceOfInsurance,Evidence of Insurance,excessOrUmbrellaLiability,Umbrella/Excess Liability,evidenceOfInsuranceExcessOrUmbrellaLiabilityPrimaryAndNonContributoryEndorsement,Primary and Non-Contributory,"---prompt---
Determine if the Umbrella/Excess Liability policy provides primary and non-contributory coverage for the certificate holder. Evidence may include: a checked ""Primary"" box on the certificate, mention in the Description of Operations section stating ""primary and non-contributory"", or reference to ""follow form"" status (which would extend underlying primary status). Look for language indicating this policy will pay first before other applicable insurance and will not seek contribution.",matchOnce,must be present,,Present,compliant,Standard 9,,,false,1,,2026-08-16
QTS Data Centers,6a15b733bd30da3db41030f2,69f0f3c5beb6279e947be0fd,M. A. Mortenson Company,69f10c28beb6279e947be4d7,"CHI1DC1 - QTS Chicago I DC1, LLC",evidenceOfInsurance,Evidence of Insurance,workersCompensation,Workers' Compensation and Employer's Liability,evidenceOfInsuranceWorkersCompensationStatutoryLimits,Statutory Limits,,matchOnce,must be present,,Present,compliant,Standard 9,,,false,2,,2026-08-16
QTS Data Centers,6a15b733bd30da3db41030f2,69f0f3c5beb6279e947be0fd,M. A. Mortenson Company,69f10c28beb6279e947be4d7,"CHI1DC1 - QTS Chicago I DC1, LLC",evidenceOfInsurance,Evidence of Insurance,workersCompensation,Workers' Compensation and Employer's Liability,evidenceOfInsuranceWorkersCompensationEmployersLiabilityDiseaseEachEmployee,Employer's Liability Disease - each employee,,matchOnce,must be greater or equal to,1000000,2000000,compliant,Standard 9,,,false,2,,2026-08-16
QTS Data Centers,6a15b733bd30da3db41030f2,69f0f3c5beb6279e947be0fd,M. A. Mortenson Company,69f10c28beb6279e947be4d7,"CHI1DC1 - QTS Chicago I DC1, LLC",evidenceOfInsurance,Evidence of Insurance,workersCompensation,Workers' Compensation and Employer's Liability,evidenceOfInsuranceWorkersCompensationEmployersLiabilityDiseasePolicyLimit,Employer's Liability Disease - policy limit,,matchOnce,must be greater or equal to,1000000,2000000,compliant,Standard 9,,,false,2,,2026-08-16
QTS Data Centers,6a15b733bd30da3db41030f2,69f0f3c5beb6279e947be0fd,M. A. Mortenson Company,69f10c28beb6279e947be4d7,"CHI1DC1 - QTS Chicago I DC1, LLC",evidenceOfInsurance,Evidence of Insurance,workersCompensation,Workers' Compensation and Employer's Liability,evidenceOfInsuranceWorkersCompensationEmployersLiabilityEachAccident,Employer's Liability Each Accident,,matchOnce,must be greater or equal to,1000000,2000000,compliant,Standard 9,,,false,2,,2026-08-16
QTS Data Centers,6a15b733bd30da3db41030f2,69f0f3c5beb6279e947be0fd,M. A. Mortenson Company,69f10c28beb6279e947be4d7,"CHI1DC1 - QTS Chicago I DC1, LLC",evidenceOfInsurance,Evidence of Insurance,workersCompensation,Workers' Compensation and Employer's Liability,evidenceOfInsuranceWorkersCompensationWaiverOfSubrogationEndorsement,Waiver of Subrogation,"---prompt---
Determine if the insurer has waived their right of subrogation in favor of the certificate holder under the Workers' Compensation policy. Evidence may include: a checked ""Waiver of Subrogation"" box on the certificate, mention in the Description of Operations section stating ""waiver of subrogation applies"", or reference to form WC 00 03 13. Look for language like ""subrogation is waived"" or ""per written contract"".",matchOnce,must be present,,Present,compliant,Standard 9,,,false,2,,2026-08-16
QTS Data Centers,6a15b733bd30da3db41030f2,69f0f3c5beb6279e947be0fd,M. A. Mortenson Company,69f10c28beb6279e947be4d7,"CHI1DC1 - QTS Chicago I DC1, LLC",evidenceOfInsurance,Evidence of Insurance,6ac20aae-5728-5d57-b364-aeba38527dba,Additional Requirements,655cb50e-155d-5f8c-af5e-e7386263aa58,"Certificate Holder must read as: ""Quality Technology Services, LLC, 
Attention: Procurement Department
300 Satellite Blvd NW, Suwanee, GA 30024.""",,matchOnce,must be present,,Present,compliant,Standard 9,,,true,1,,2026-08-16
QTS Data Centers,6a15b733bd30da3db41030f2,69f0f3c5beb6279e947be0fd,M. A. Mortenson Company,69f10c28beb6279e947be4d7,"CHI1DC1 - QTS Chicago I DC1, LLC",evidenceOfInsurance,Evidence of Insurance,6ac20aae-5728-5d57-b364-aeba38527dba,Additional Requirements,25da7a11-b805-5d7d-8deb-65519e743757,"Description of Operations must read: Quality Tech, LP, and its officers, directors, employees, parents, subsidiaries, affiliates, and related companies, successors, and permitted assigns",,matchOnce,must be present,,Present,compliant,Standard 9,,,true,2,,2026-08-16
QTS Data Centers,6a15b733bd30da3db41030f2,69f0f3c5beb6279e947be0fd,M. A. Mortenson Company,69f10c28beb6279e947be4d7,"CHI1DC1 - QTS Chicago I DC1, LLC",evidenceOfInsurance,Evidence of Insurance,6ac20aae-5728-5d57-b364-aeba38527dba,Additional Requirements,03d7ddc3-a527-5f18-bdf6-355eb23cd9de,30-Day Notice of Cancellation must be present,,matchOnce,must be present,,Present,compliant,Standard 9,,,true,2,,2026-08-16
QTS Data Centers,6a15b733bd30da3db41030f2,69f0f3c5beb6279e947be0fd,M. A. Mortenson Company,69f10c28beb6279e947be4d7,"CHI1DC1 - QTS Chicago I DC1, LLC",evidenceOfInsurance,Evidence of Insurance,6ac20aae-5728-5d57-b364-aeba38527dba,Additional Requirements,8d7b12d5-c6dc-5efe-8cbd-acd9adedde5b,Description of Operations must read: CHI1DC1,,matchOnce,must be present,,Present,compliant,Standard 9,,,true,1,,2026-08-16
QTS Data Centers,6a15b733bd30da3db41030f2,69f0f3c5beb6279e947be0fd,M. A. Mortenson Company,69f10c28beb6279e947be4d7,"CHI1DC1 - QTS Chicago I DC1, LLC",evidenceOfInsurance,Evidence of Insurance,6ac20aae-5728-5d57-b364-aeba38527dba,Additional Requirements,24a2347c-ab39-5dea-a6af-ad750440dde1,"Description of Operations must read: Commercial General Liability shall not include the following endorsements/exclusions or equivalent:

1. CG 2149 or CG 2155 o CG 2198 (Absolute Pollution Exclusion)
2. CG 2294 or CG 2295 (Damage to Work Performed by Contractors Exclusion)
3. CG 2139 (Contractual Limitation Endorsement)
4. CG 2196 (Silica or Silica Dust Exclusion), unless otherwise covered under an applicable pollution policy.
5. CG 2142 (Explosion, Collapse or Underground Exclusion)",,matchOnce,must be present,,,non_compliant,Standard 9,,,true,0,,2026-08-16
QTS Data Centers,6a15b733bd30da3db41030f2,69f0f3c5beb6279e947be0fd,M. A. Mortenson Company,69f10c28beb6279e947be4d7,"CHI1DC1 - QTS Chicago I DC1, LLC",evidenceOfInsurance,Evidence of Insurance,6ac20aae-5728-5d57-b364-aeba38527dba,Additional Requirements,71685e25-c6d0-5692-aaaf-30f59a2f9a83,"Description of Operations must read: Workers Compensation shall include ""all states"" coverage",,matchOnce,must be present,,,non_compliant,Standard 9,,,true,0,,2026-08-16
QTS Data Centers,6a15b733bd30da3db41030c8,69f0f3c5beb6279e947be102,Rogers-O-Brien Construction Company Ltd.,69f10c28beb6279e947be4cb,"DFW1DC6 - QTS Irving DC6, LLC",evidenceOfInsurance,Evidence of Insurance,commercialGeneralLiability,Commercial General Liability,evidenceOfInsuranceCommercialGeneralLiabilityAMBestRating,AM Best Rating,,matchOnce,must be greater or equal to,140,,non_compliant,Standard 10 - UMB 25M,,,false,0,,2026-08-16
QTS Data Centers,6a15b733bd30da3db41030c8,69f0f3c5beb6279e947be102,Rogers-O-Brien Construction Company Ltd.,69f10c28beb6279e947be4cb,"DFW1DC6 - QTS Irving DC6, LLC",evidenceOfInsurance,Evidence of Insurance,commercialGeneralLiability,Commercial General Liability,evidenceOfInsuranceCommercialGeneralLiabilityAMBestFinancialStrength,AM Best Financial Strength,,matchOnce,must be greater or equal to,100,,non_compliant,Standard 10 - UMB 25M,,,false,0,,2026-08-16
QTS Data Centers,6a15b733bd30da3db41030c8,69f0f3c5beb6279e947be102,Rogers-O-Brien Construction Company Ltd.,69f10c28beb6279e947be4cb,"DFW1DC6 - QTS Irving DC6, LLC",evidenceOfInsurance,Evidence of Insurance,commercialGeneralLiability,Commercial General Liability,evidenceOfInsuranceCommercialGeneralLiabilityCoverageTriggerOccurrence,Coverage Trigger: Occurrence,,matchOnce,must be present,,,non_compliant,Standard 10 - UMB 25M,,,false,0,,2026-08-16
QTS Data Centers,6a15b733bd30da3db41030c8,69f0f3c5beb6279e947be102,Rogers-O-Brien Construction Company Ltd.,69f10c28beb6279e947be4cb,"DFW1DC6 - QTS Irving DC6, LLC",evidenceOfInsurance,Evidence of Insurance,commercialGeneralLiability,Commercial General Liability,evidenceOfInsuranceCommercialGeneralLiabilityGeneralAggregateLimitAppliesPerProject,General Aggregate Limit Applies per: Project,,matchOnce,must be present,,,non_compliant,Standard 10 - UMB 25M,,,false,0,,2026-08-16
QTS Data Centers,6a15b733bd30da3db41030c8,69f0f3c5beb6279e947be102,Rogers-O-Brien Construction Company Ltd.,69f10c28beb6279e947be4cb,"DFW1DC6 - QTS Irving DC6, LLC",evidenceOfInsurance,Evidence of Insurance,commercialGeneralLiability,Commercial General Liability,evidenceOfInsuranceCommercialGeneralLiabilityEachOccurrence,Each Occurrence,,matchOnce,must be greater or equal to,2000000,,non_compliant,Standard 10 - UMB 25M,,,false,0,,2026-08-16
QTS Data Centers,6a15b733bd30da3db41030c8,69f0f3c5beb6279e947be102,Rogers-O-Brien Construction Company Ltd.,69f10c28beb6279e947be4cb,"DFW1DC6 - QTS Irving DC6, LLC",evidenceOfInsurance,Evidence of Insurance,commercialGeneralLiability,Commercial General Liability,evidenceOfInsuranceCommercialGeneralLiabilityGeneralAggregate,General Aggregate,,matchOnce,must be greater or equal to,5000000,,non_compliant,Standard 10 - UMB 25M,,,false,0,,2026-08-16
QTS Data Centers,6a15b733bd30da3db41030c8,69f0f3c5beb6279e947be102,Rogers-O-Brien Construction Company Ltd.,69f10c28beb6279e947be4cb,"DFW1DC6 - QTS Irving DC6, LLC",evidenceOfInsurance,Evidence of Insurance,commercialGeneralLiability,Commercial General Liability,evidenceOfInsuranceCommercialGeneralLiabilityProducsCompletedOperationsAggregate,Products/Completed Operations Aggregate,,matchOnce,must be greater or equal to,5000000,,non_compliant,Standard 10 - UMB 25M,,,false,0,,2026-08-16
QTS Data Centers,6a15b733bd30da3db41030c8,69f0f3c5beb6279e947be102,Rogers-O-Brien Construction Company Ltd.,69f10c28beb6279e947be4cb,"DFW1DC6 - QTS Irving DC6, LLC",evidenceOfInsurance,Evidence of Insurance,commercialGeneralLiability,Commercial General Liability,evidenceOfInsuranceCommercialGeneralLiabilityAdditionalInsuredEndorsementOngoingOps,Additional Insured - Ongoing Operations,"---prompt---
Verify that additional insured coverage specifically includes ongoing operations. Look in the Description of Operations section for language like ""additional insured for ongoing operations"", ""CG 20 10"", ""CG 20 37"", or ""operations performed by or on behalf of the named insured"". The coverage should explicitly reference ongoing work, not just completed operations.",matchOnce,must be present,,Present,invalidated,Standard 10 - UMB 25M,,,false,1,,2026-08-16
QTS Data Centers,6a15b733bd30da3db41030c8,69f0f3c5beb6279e947be102,Rogers-O-Brien Construction Company Ltd.,69f10c28beb6279e947be4cb,"DFW1DC6 - QTS Irving DC6, LLC",evidenceOfInsurance,Evidence of Insurance,commercialGeneralLiability,Commercial General Liability,evidenceOfInsuranceCommercialGeneralLiabilityAdditionalInsuredEndorsementCompletedOps,Additional Insured - Completed Operations,"---prompt---
Verify that additional insured coverage specifically includes completed operations. Look in the Description of Operations section for language like ""additional insured for completed operations"", ""CG 20 37"", ""products-completed operations"", or similar. This coverage protects the certificate holder for claims arising after work is finished.",matchOnce,must be present,,Present,invalidated,Standard 10 - UMB 25M,,,false,1,,2026-08-16
QTS Data Centers,6a15b733bd30da3db41030c8,69f0f3c5beb6279e947be102,Rogers-O-Brien Construction Company Ltd.,69f10c28beb6279e947be4cb,"DFW1DC6 - QTS Irving DC6, LLC",evidenceOfInsurance,Evidence of Insurance,commercialGeneralLiability,Commercial General Liability,evidenceOfInsuranceCommercialGeneralLiabilityWaiverOfSubrogationEndorsement,Waiver of Subrogation,"---prompt---
Determine if the insurer has waived their right of subrogation in favor of the certificate holder under the Commercial General Liability policy. Evidence may include: a checked ""Waiver of Subrogation"" box on the certificate, mention in the Description of Operations section stating ""waiver of subrogation applies"", or reference to form CG 24 04. Look for language like ""subrogation is waived"" or ""per written contract"".",matchOnce,must be present,,Present,invalidated,Standard 10 - UMB 25M,,,false,1,,2026-08-16
QTS Data Centers,6a15b733bd30da3db41030c8,69f0f3c5beb6279e947be102,Rogers-O-Brien Construction Company Ltd.,69f10c28beb6279e947be4cb,"DFW1DC6 - QTS Irving DC6, LLC",evidenceOfInsurance,Evidence of Insurance,commercialGeneralLiability,Commercial General Liability,evidenceOfInsuranceCommercialGeneralLiabilityPrimaryAndNonContributoryEndorsement,Primary and Non-Contributory,"---prompt---
Determine if the Commercial General Liability policy provides primary and non-contributory coverage for the certificate holder. Evidence may include: a checked ""Primary"" box on the certificate, mention in the Description of Operations section stating ""primary and non-contributory"", or reference to endorsement CG 20 01. Look for language indicating this policy will pay first before other applicable insurance and will not seek contribution.",matchOnce,must be present,,Present,invalidated,Standard 10 - UMB 25M,,,false,1,,2026-08-16
QTS Data Centers,6a15b733bd30da3db41030c8,69f0f3c5beb6279e947be102,Rogers-O-Brien Construction Company Ltd.,69f10c28beb6279e947be4cb,"DFW1DC6 - QTS Irving DC6, LLC",evidenceOfInsurance,Evidence of Insurance,commercialGeneralLiability,Commercial General Liability,9c28ed56-e307-5cf9-88e9-0ada1f283104,Physical 30 Days Notice of Cancellation - 10 Days Notice for Non Payment Endorsement must be present,,matchOnce,must be present,,,non_compliant,Standard 10 - UMB 25M,,,true,0,,2026-08-16
QTS Data Centers,6a15b733bd30da3db41030c8,69f0f3c5beb6279e947be102,Rogers-O-Brien Construction Company Ltd.,69f10c28beb6279e947be4cb,"DFW1DC6 - QTS Irving DC6, LLC",evidenceOfInsurance,Evidence of Insurance,automobileLiability,Automobile Liability,evidenceOfInsuranceAutomobileLiabilityCombinedSingleLimitEachAccident,Combined Single Limit (each accident),,matchOnce,must be greater or equal to,1000000,,non_compliant,Standard 10 - UMB 25M,,,false,0,,2026-08-16
QTS Data Centers,6a15b733bd30da3db41030c8,69f0f3c5beb6279e947be102,Rogers-O-Brien Construction Company Ltd.,69f10c28beb6279e947be4cb,"DFW1DC6 - QTS Irving DC6, LLC",evidenceOfInsurance,Evidence of Insurance,automobileLiability,Automobile Liability,evidenceOfInsuranceAutomobileLiabilityCoverageAppliesToOwnedAutosOnly,Coverage Applies To: Owned Autos Only,,matchOnce,must be present,,,non_compliant,Standard 10 - UMB 25M,,,false,0,,2026-08-16
QTS Data Centers,6a15b733bd30da3db41030c8,69f0f3c5beb6279e947be102,Rogers-O-Brien Construction Company Ltd.,69f10c28beb6279e947be4cb,"DFW1DC6 - QTS Irving DC6, LLC",evidenceOfInsurance,Evidence of Insurance,automobileLiability,Automobile Liability,evidenceOfInsuranceAutomobileLiabilityCoverageAppliesToNonOwnedAutosOnly,Coverage Applies To: Non-Owned Autos Only,,matchOnce,must be present,,,non_compliant,Standard 10 - UMB 25M,,,false,0,,2026-08-16
QTS Data Centers,6a15b733bd30da3db41030c8,69f0f3c5beb6279e947be102,Rogers-O-Brien Construction Company Ltd.,69f10c28beb6279e947be4cb,"DFW1DC6 - QTS Irving DC6, LLC",evidenceOfInsurance,Evidence of Insurance,automobileLiability,Automobile Liability,evidenceOfInsuranceAutomobileLiabilityCoverageAppliesToHiredAutosOnly,Coverage Applies To: Hired Autos Only,,matchOnce,must be present,,,non_compliant,Standard 10 - UMB 25M,,,false,0,,2026-08-16
QTS Data Centers,6a15b733bd30da3db41030c8,69f0f3c5beb6279e947be102,Rogers-O-Brien Construction Company Ltd.,69f10c28beb6279e947be4cb,"DFW1DC6 - QTS Irving DC6, LLC",evidenceOfInsurance,Evidence of Insurance,automobileLiability,Automobile Liability,evidenceOfInsuranceAutomobileLiabilityAdditionalInsuredEndorsement,Additional Insured,"---prompt---
Determine if the certificate holder is covered as an additional insured under the Automobile Liability policy. Evidence may include: a checked ""Additional Insured"" box on the certificate for the auto section, mention in the Description of Operations section, or reference to blanket additional insured coverage. Look for form number CA 20 48 or language like ""certificate holder is additional insured"" or ""per written contract"".",matchOnce,must be present,,,non_compliant,Standard 10 - UMB 25M,,,false,0,,2026-08-16
QTS Data Centers,6a15b733bd30da3db41030c8,69f0f3c5beb6279e947be102,Rogers-O-Brien Construction Company Ltd.,69f10c28beb6279e947be4cb,"DFW1DC6 - QTS Irving DC6, LLC",evidenceOfInsurance,Evidence of Insurance,automobileLiability,Automobile Liability,evidenceOfInsuranceAutomobileLiabilityWaiverOfSubrogationEndorsement,Waiver of Subrogation,"---prompt---
Determine if the insurer has waived their right of subrogation in favor of the certificate holder under the Automobile Liability policy. Evidence may include: a checked ""Waiver of Subrogation"" box on the certificate, mention in the Description of Operations section stating ""waiver of subrogation applies"", or reference to form CA 04 44. Look for language like ""subrogation is waived"" or ""per written contract"".",matchOnce,must be present,,,non_compliant,Standard 10 - UMB 25M,,,false,0,,2026-08-16
QTS Data Centers,6a15b733bd30da3db41030c8,69f0f3c5beb6279e947be102,Rogers-O-Brien Construction Company Ltd.,69f10c28beb6279e947be4cb,"DFW1DC6 - QTS Irving DC6, LLC",evidenceOfInsurance,Evidence of Insurance,automobileLiability,Automobile Liability,evidenceOfInsuranceAutomobileLiabilityPrimaryAndNonContributoryEndorsement,Primary and Non-Contributory,"---prompt---
Determine if the Automobile Liability policy provides primary and non-contributory coverage for the certificate holder. Evidence may include: a checked ""Primary"" box on the certificate, mention in the Description of Operations section stating ""primary and non-contributory"". Look for language indicating this policy will pay first before other applicable insurance and will not seek contribution.",matchOnce,must be present,,,non_compliant,Standard 10 - UMB 25M,,,false,0,,2026-08-16
QTS Data Centers,6a15b733bd30da3db41030c8,69f0f3c5beb6279e947be102,Rogers-O-Brien Construction Company Ltd.,69f10c28beb6279e947be4cb,"DFW1DC6 - QTS Irving DC6, LLC",evidenceOfInsurance,Evidence of Insurance,automobileLiability,Automobile Liability,0e6f6daa-effc-5c25-af03-4f7e657ae801,Physical MCS-90 Endorsement must be present,,matchOnce,must be present,,,non_compliant,Standard 10 - UMB 25M,,,true,0,,2026-08-16
QTS Data Centers,6a15b733bd30da3db41030c8,69f0f3c5beb6279e947be102,Rogers-O-Brien Construction Company Ltd.,69f10c28beb6279e947be4cb,"DFW1DC6 - QTS Irving DC6, LLC",evidenceOfInsurance,Evidence of Insurance,excessOrUmbrellaLiability,Umbrella/Excess Liability,evidenceOfInsuranceExcessOrUmbrellaLiabilityOccurence,Coverage Trigger: Occurrence,,matchOnce,must be present,,,non_compliant,Standard 10 - UMB 25M,,,false,0,,2026-08-16
QTS Data Centers,6a15b733bd30da3db41030c8,69f0f3c5beb6279e947be102,Rogers-O-Brien Construction Company Ltd.,69f10c28beb6279e947be4cb,"DFW1DC6 - QTS Irving DC6, LLC",evidenceOfInsurance,Evidence of Insurance,excessOrUmbrellaLiability,Umbrella/Excess Liability,evidenceOfInsuranceExcessOrUmbrellaLiabilityEachOccurrence,Each Occurrence,,matchOnce,must be greater or equal to,25000000,,non_compliant,Standard 10 - UMB 25M,,,false,0,,2026-08-16
QTS Data Centers,6a15b733bd30da3db41030c8,69f0f3c5beb6279e947be102,Rogers-O-Brien Construction Company Ltd.,69f10c28beb6279e947be4cb,"DFW1DC6 - QTS Irving DC6, LLC",evidenceOfInsurance,Evidence of Insurance,excessOrUmbrellaLiability,Umbrella/Excess Liability,evidenceOfInsuranceExcessOrUmbrellaLiabilityAdditionalInsuredEndorsement,Additional Insured,"---prompt---
Determine if the certificate holder is covered as an additional insured under the Umbrella/Excess Liability policy. Evidence may include: a checked ""Additional Insured"" box on the certificate for the umbrella section, mention in the Description of Operations section, reference to ""follow form"" status (which would extend underlying additional insured status), or explicit language naming the certificate holder as additional insured on the umbrella.",matchOnce,must be present,,,non_compliant,Standard 10 - UMB 25M,,,false,0,,2026-08-16
QTS Data Centers,6a15b733bd30da3db41030c8,69f0f3c5beb6279e947be102,Rogers-O-Brien Construction Company Ltd.,69f10c28beb6279e947be4cb,"DFW1DC6 - QTS Irving DC6, LLC",evidenceOfInsurance,Evidence of Insurance,excessOrUmbrellaLiability,Umbrella/Excess Liability,evidenceOfInsuranceExcessOrUmbrellaLiabilityWaiverOfSubrogationEndorsement,Waiver of Subrogation,"---prompt---
Determine if the insurer has waived their right of subrogation in favor of the certificate holder under the Umbrella/Excess Liability policy. Evidence may include: a checked ""Waiver of Subrogation"" box on the certificate, mention in the Description of Operations section stating ""waiver of subrogation applies"", or reference to ""follow form"" status (which would extend underlying waiver). Look for language like ""subrogation is waived"" or ""per written contract"".",matchOnce,must be present,,,non_compliant,Standard 10 - UMB 25M,,,false,0,,2026-08-16
QTS Data Centers,6a15b733bd30da3db41030c8,69f0f3c5beb6279e947be102,Rogers-O-Brien Construction Company Ltd.,69f10c28beb6279e947be4cb,"DFW1DC6 - QTS Irving DC6, LLC",evidenceOfInsurance,Evidence of Insurance,excessOrUmbrellaLiability,Umbrella/Excess Liability,evidenceOfInsuranceExcessOrUmbrellaLiabilityPrimaryAndNonContributoryEndorsement,Primary and Non-Contributory,"---prompt---
Determine if the Umbrella/Excess Liability policy provides primary and non-contributory coverage for the certificate holder. Evidence may include: a checked ""Primary"" box on the certificate, mention in the Description of Operations section stating ""primary and non-contributory"", or reference to ""follow form"" status (which would extend underlying primary status). Look for language indicating this policy will pay first before other applicable insurance and will not seek contribution.",matchOnce,must be present,,,non_compliant,Standard 10 - UMB 25M,,,false,0,,2026-08-16
QTS Data Centers,6a15b733bd30da3db41030c8,69f0f3c5beb6279e947be102,Rogers-O-Brien Construction Company Ltd.,69f10c28beb6279e947be4cb,"DFW1DC6 - QTS Irving DC6, LLC",evidenceOfInsurance,Evidence of Insurance,workersCompensation,Workers' Compensation and Employer's Liability,evidenceOfInsuranceWorkersCompensationStatutoryLimits,Statutory Limits,,matchOnce,must be present,,,non_compliant,Standard 10 - UMB 25M,,,false,0,,2026-08-16
QTS Data Centers,6a15b733bd30da3db41030c8,69f0f3c5beb6279e947be102,Rogers-O-Brien Construction Company Ltd.,69f10c28beb6279e947be4cb,"DFW1DC6 - QTS Irving DC6, LLC",evidenceOfInsurance,Evidence of Insurance,workersCompensation,Workers' Compensation and Employer's Liability,evidenceOfInsuranceWorkersCompensationEmployersLiabilityDiseaseEachEmployee,Employer's Liability Disease - each employee,,matchOnce,must be greater or equal to,500000,,non_compliant,Standard 10 - UMB 25M,,,false,0,,2026-08-16
QTS Data Centers,6a15b733bd30da3db41030c8,69f0f3c5beb6279e947be102,Rogers-O-Brien Construction Company Ltd.,69f10c28beb6279e947be4cb,"DFW1DC6 - QTS Irving DC6, LLC",evidenceOfInsurance,Evidence of Insurance,workersCompensation,Workers' Compensation and Employer's Liability,evidenceOfInsuranceWorkersCompensationEmployersLiabilityDiseasePolicyLimit,Employer's Liability Disease - policy limit,,matchOnce,must be greater or equal to,500000,,non_compliant,Standard 10 - UMB 25M,,,false,0,,2026-08-16
QTS Data Centers,6a15b733bd30da3db41030c8,69f0f3c5beb6279e947be102,Rogers-O-Brien Construction Company Ltd.,69f10c28beb6279e947be4cb,"DFW1DC6 - QTS Irving DC6, LLC",evidenceOfInsurance,Evidence of Insurance,workersCompensation,Workers' Compensation and Employer's Liability,evidenceOfInsuranceWorkersCompensationEmployersLiabilityEachAccident,Employer's Liability Each Accident,,matchOnce,must be greater or equal to,500000,,non_compliant,Standard 10 - UMB 25M,,,false,0,,2026-08-16
QTS Data Centers,6a15b733bd30da3db41030c8,69f0f3c5beb6279e947be102,Rogers-O-Brien Construction Company Ltd.,69f10c28beb6279e947be4cb,"DFW1DC6 - QTS Irving DC6, LLC",evidenceOfInsurance,Evidence of Insurance,workersCompensation,Workers' Compensation and Employer's Liability,evidenceOfInsuranceWorkersCompensationWaiverOfSubrogationEndorsement,Waiver of Subrogation,"---prompt---
Determine if the insurer has waived their right of subrogation in favor of the certificate holder under the Workers' Compensation policy. Evidence may include: a checked ""Waiver of Subrogation"" box on the certificate, mention in the Description of Operations section stating ""waiver of subrogation applies"", or reference to form WC 00 03 13. Look for language like ""subrogation is waived"" or ""per written contract"".",matchOnce,must be present,,Present,compliant,Standard 10 - UMB 25M,,,false,1,,2026-08-16
QTS Data Centers,6a15b733bd30da3db41030c8,69f0f3c5beb6279e947be102,Rogers-O-Brien Construction Company Ltd.,69f10c28beb6279e947be4cb,"DFW1DC6 - QTS Irving DC6, LLC",evidenceOfInsurance,Evidence of Insurance,professional,Professional Liability,evidenceOfInsuranceProfessionalLimitsEachClaim,Each Claim,,matchOnce,must be greater or equal to,2000000,,non_compliant,Standard 10 - UMB 25M,,,false,0,,2026-08-16
QTS Data Centers,6a15b733bd30da3db41030c8,69f0f3c5beb6279e947be102,Rogers-O-Brien Construction Company Ltd.,69f10c28beb6279e947be4cb,"DFW1DC6 - QTS Irving DC6, LLC",evidenceOfInsurance,Evidence of Insurance,professional,Professional Liability,d672162b-0115-567e-ac40-48cb8d46cdc0,"Professional Liability Coverage Deductible must be less than or equal to $100,000",,matchOnce,must be present,,,non_compliant,Standard 10 - UMB 25M,,,true,0,,2026-08-16
QTS Data Centers,6a15b733bd30da3db41030c8,69f0f3c5beb6279e947be102,Rogers-O-Brien Construction Company Ltd.,69f10c28beb6279e947be4cb,"DFW1DC6 - QTS Irving DC6, LLC",evidenceOfInsurance,Evidence of Insurance,6ac20aae-5728-5d57-b364-aeba38527dba,Additional Requirements,655cb50e-155d-5f8c-af5e-e7386263aa58,"Certificate Holder must read as: ""Quality Technology Services, LLC, 
Attention: Procurement Department
300 Satellite Blvd NW, Suwanee, GA 30024.""",,matchOnce,must be present,,,non_compliant,Standard 10 - UMB 25M,,,true,0,,2026-08-16
QTS Data Centers,6a15b733bd30da3db41030c8,69f0f3c5beb6279e947be102,Rogers-O-Brien Construction Company Ltd.,69f10c28beb6279e947be4cb,"DFW1DC6 - QTS Irving DC6, LLC",evidenceOfInsurance,Evidence of Insurance,6ac20aae-5728-5d57-b364-aeba38527dba,Additional Requirements,25da7a11-b805-5d7d-8deb-65519e743757,"Description of Operations must read: Quality Tech, LP, and its officers, directors, employees, parents, subsidiaries, affiliates, and related companies, successors, and permitted assigns",,matchOnce,must be present,,,non_compliant,Standard 10 - UMB 25M,,,true,0,,2026-08-16
QTS Data Centers,6a15b733bd30da3db41030c8,69f0f3c5beb6279e947be102,Rogers-O-Brien Construction Company Ltd.,69f10c28beb6279e947be4cb,"DFW1DC6 - QTS Irving DC6, LLC",evidenceOfInsurance,Evidence of Insurance,6ac20aae-5728-5d57-b364-aeba38527dba,Additional Requirements,03d7ddc3-a527-5f18-bdf6-355eb23cd9de,30-Day Notice of Cancellation must be present,,matchOnce,must be present,,,non_compliant,Standard 10 - UMB 25M,,,true,0,,2026-08-16
QTS Data Centers,6a15b733bd30da3db41030c8,69f0f3c5beb6279e947be102,Rogers-O-Brien Construction Company Ltd.,69f10c28beb6279e947be4cb,"DFW1DC6 - QTS Irving DC6, LLC",evidenceOfInsurance,Evidence of Insurance,6ac20aae-5728-5d57-b364-aeba38527dba,Additional Requirements,8d7b12d5-c6dc-5efe-8cbd-acd9adedde5b,"Description of Operations must read: DFW1-DC6 - Critical Work, located at 6300 Longhorn Drive, Irving, TX 75063",,matchOnce,must be present,,,non_compliant,Standard 10 - UMB 25M,,,true,0,,2026-08-16
QTS Data Centers,6a15b733bd30da3db41030c8,69f0f3c5beb6279e947be102,Rogers-O-Brien Construction Company Ltd.,69f10c28beb6279e947be4cb,"DFW1DC6 - QTS Irving DC6, LLC",evidenceOfInsurance,Evidence of Insurance,6ac20aae-5728-5d57-b364-aeba38527dba,Additional Requirements,24a2347c-ab39-5dea-a6af-ad750440dde1,"Description of Operations must read: Commercial General Liability shall not include the following endorsements/exclusions or equivalent:

1. CG 2149 or CG 2155 o CG 2198 (Absolute Pollution Exclusion)
2. CG 2294 or CG 2295 (Damage to Work Performed by Contractors Exclusion)
3. CG 2139 (Contractual Limitation Endorsement)
4. CG 2196 (Silica or Silica Dust Exclusion), unless otherwise covered under an applicable pollution policy.
5. CG 2142 (Explosion, Collapse or Underground Exclusion)",,matchOnce,must be present,,,non_compliant,Standard 10 - UMB 25M,,,true,0,,2026-08-16
QTS Data Centers,6a15b733bd30da3db41030c8,69f0f3c5beb6279e947be102,Rogers-O-Brien Construction Company Ltd.,69f10c28beb6279e947be4cb,"DFW1DC6 - QTS Irving DC6, LLC",evidenceOfInsurance,Evidence of Insurance,6ac20aae-5728-5d57-b364-aeba38527dba,Additional Requirements,71685e25-c6d0-5692-aaaf-30f59a2f9a83,"Description of Operations must read: Workers Compensation shall include ""all states"" coverage",,matchOnce,must be present,,,non_compliant,Standard 10 - UMB 25M,,,true,0,,2026-08-16
QTS Data Centers,6a7ca744f08d6e4a3cf1fbe3,69f0f3c5beb6279e947be102,Rogers-O-Brien Construction Company Ltd.,69f10c28beb6279e947be4cb,"DFW1DC6 - QTS Irving DC6, LLC",evidenceOfInsurance,Evidence of Insurance,commercialGeneralLiability,Commercial General Liability,evidenceOfInsuranceCommercialGeneralLiabilityAMBestRating,AM Best Rating,,matchOnce,must be greater or equal to,140,,non_compliant,Standard 10 - UMB 25M,,,false,0,,2026-08-16
QTS Data Centers,6a7ca744f08d6e4a3cf1fbe3,69f0f3c5beb6279e947be102,Rogers-O-Brien Construction Company Ltd.,69f10c28beb6279e947be4cb,"DFW1DC6 - QTS Irving DC6, LLC",evidenceOfInsurance,Evidence of Insurance,commercialGeneralLiability,Commercial General Liability,evidenceOfInsuranceCommercialGeneralLiabilityAMBestFinancialStrength,AM Best Financial Strength,,matchOnce,must be greater or equal to,100,,non_compliant,Standard 10 - UMB 25M,,,false,0,,2026-08-16
QTS Data Centers,6a7ca744f08d6e4a3cf1fbe3,69f0f3c5beb6279e947be102,Rogers-O-Brien Construction Company Ltd.,69f10c28beb6279e947be4cb,"DFW1DC6 - QTS Irving DC6, LLC",evidenceOfInsurance,Evidence of Insurance,commercialGeneralLiability,Commercial General Liability,evidenceOfInsuranceCommercialGeneralLiabilityCoverageTriggerOccurrence,Coverage Trigger: Occurrence,,matchOnce,must be present,,,non_compliant,Standard 10 - UMB 25M,,,false,0,,2026-08-16
QTS Data Centers,6a7ca744f08d6e4a3cf1fbe3,69f0f3c5beb6279e947be102,Rogers-O-Brien Construction Company Ltd.,69f10c28beb6279e947be4cb,"DFW1DC6 - QTS Irving DC6, LLC",evidenceOfInsurance,Evidence of Insurance,commercialGeneralLiability,Commercial General Liability,evidenceOfInsuranceCommercialGeneralLiabilityGeneralAggregateLimitAppliesPerProject,General Aggregate Limit Applies per: Project,,matchOnce,must be present,,,non_compliant,Standard 10 - UMB 25M,,,false,0,,2026-08-16
QTS Data Centers,6a7ca744f08d6e4a3cf1fbe3,69f0f3c5beb6279e947be102,Rogers-O-Brien Construction Company Ltd.,69f10c28beb6279e947be4cb,"DFW1DC6 - QTS Irving DC6, LLC",evidenceOfInsurance,Evidence of Insurance,commercialGeneralLiability,Commercial General Liability,evidenceOfInsuranceCommercialGeneralLiabilityEachOccurrence,Each Occurrence,,matchOnce,must be greater or equal to,2000000,,non_compliant,Standard 10 - UMB 25M,,,false,0,,2026-08-16
QTS Data Centers,6a7ca744f08d6e4a3cf1fbe3,69f0f3c5beb6279e947be102,Rogers-O-Brien Construction Company Ltd.,69f10c28beb6279e947be4cb,"DFW1DC6 - QTS Irving DC6, LLC",evidenceOfInsurance,Evidence of Insurance,commercialGeneralLiability,Commercial General Liability,evidenceOfInsuranceCommercialGeneralLiabilityGeneralAggregate,General Aggregate,,matchOnce,must be greater or equal to,5000000,,non_compliant,Standard 10 - UMB 25M,,,false,0,,2026-08-16
QTS Data Centers,6a7ca744f08d6e4a3cf1fbe3,69f0f3c5beb6279e947be102,Rogers-O-Brien Construction Company Ltd.,69f10c28beb6279e947be4cb,"DFW1DC6 - QTS Irving DC6, LLC",evidenceOfInsurance,Evidence of Insurance,commercialGeneralLiability,Commercial General Liability,evidenceOfInsuranceCommercialGeneralLiabilityProducsCompletedOperationsAggregate,Products/Completed Operations Aggregate,,matchOnce,must be greater or equal to,5000000,,non_compliant,Standard 10 - UMB 25M,,,false,0,,2026-08-16
QTS Data Centers,6a7ca744f08d6e4a3cf1fbe3,69f0f3c5beb6279e947be102,Rogers-O-Brien Construction Company Ltd.,69f10c28beb6279e947be4cb,"DFW1DC6 - QTS Irving DC6, LLC",evidenceOfInsurance,Evidence of Insurance,commercialGeneralLiability,Commercial General Liability,evidenceOfInsuranceCommercialGeneralLiabilityAdditionalInsuredEndorsementOngoingOps,Additional Insured - Ongoing Operations,"---prompt---
Verify that additional insured coverage specifically includes ongoing operations. Look in the Description of Operations section for language like ""additional insured for ongoing operations"", ""CG 20 10"", ""CG 20 37"", or ""operations performed by or on behalf of the named insured"". The coverage should explicitly reference ongoing work, not just completed operations.",matchOnce,must be present,,,non_compliant,Standard 10 - UMB 25M,,,false,0,,2026-08-16
QTS Data Centers,6a7ca744f08d6e4a3cf1fbe3,69f0f3c5beb6279e947be102,Rogers-O-Brien Construction Company Ltd.,69f10c28beb6279e947be4cb,"DFW1DC6 - QTS Irving DC6, LLC",evidenceOfInsurance,Evidence of Insurance,commercialGeneralLiability,Commercial General Liability,evidenceOfInsuranceCommercialGeneralLiabilityAdditionalInsuredEndorsementCompletedOps,Additional Insured - Completed Operations,"---prompt---
Verify that additional insured coverage specifically includes completed operations. Look in the Description of Operations section for language like ""additional insured for completed operations"", ""CG 20 37"", ""products-completed operations"", or similar. This coverage protects the certificate holder for claims arising after work is finished.",matchOnce,must be present,,,non_compliant,Standard 10 - UMB 25M,,,false,0,,2026-08-16
QTS Data Centers,6a7ca744f08d6e4a3cf1fbe3,69f0f3c5beb6279e947be102,Rogers-O-Brien Construction Company Ltd.,69f10c28beb6279e947be4cb,"DFW1DC6 - QTS Irving DC6, LLC",evidenceOfInsurance,Evidence of Insurance,commercialGeneralLiability,Commercial General Liability,evidenceOfInsuranceCommercialGeneralLiabilityWaiverOfSubrogationEndorsement,Waiver of Subrogation,"---prompt---
Determine if the insurer has waived their right of subrogation in favor of the certificate holder under the Commercial General Liability policy. Evidence may include: a checked ""Waiver of Subrogation"" box on the certificate, mention in the Description of Operations section stating ""waiver of subrogation applies"", or reference to form CG 24 04. Look for language like ""subrogation is waived"" or ""per written contract"".",matchOnce,must be present,,,non_compliant,Standard 10 - UMB 25M,,,false,0,,2026-08-16
QTS Data Centers,6a7ca744f08d6e4a3cf1fbe3,69f0f3c5beb6279e947be102,Rogers-O-Brien Construction Company Ltd.,69f10c28beb6279e947be4cb,"DFW1DC6 - QTS Irving DC6, LLC",evidenceOfInsurance,Evidence of Insurance,commercialGeneralLiability,Commercial General Liability,evidenceOfInsuranceCommercialGeneralLiabilityPrimaryAndNonContributoryEndorsement,Primary and Non-Contributory,"---prompt---
Determine if the Commercial General Liability policy provides primary and non-contributory coverage for the certificate holder. Evidence may include: a checked ""Primary"" box on the certificate, mention in the Description of Operations section stating ""primary and non-contributory"", or reference to endorsement CG 20 01. Look for language indicating this policy will pay first before other applicable insurance and will not seek contribution.",matchOnce,must be present,,,non_compliant,Standard 10 - UMB 25M,,,false,0,,2026-08-16
QTS Data Centers,6a7ca744f08d6e4a3cf1fbe3,69f0f3c5beb6279e947be102,Rogers-O-Brien Construction Company Ltd.,69f10c28beb6279e947be4cb,"DFW1DC6 - QTS Irving DC6, LLC",evidenceOfInsurance,Evidence of Insurance,commercialGeneralLiability,Commercial General Liability,9c28ed56-e307-5cf9-88e9-0ada1f283104,Physical 30 Days Notice of Cancellation - 10 Days Notice for Non Payment Endorsement must be present,,matchOnce,must be present,,,non_compliant,Standard 10 - UMB 25M,,,true,0,,2026-08-16
QTS Data Centers,6a7ca744f08d6e4a3cf1fbe3,69f0f3c5beb6279e947be102,Rogers-O-Brien Construction Company Ltd.,69f10c28beb6279e947be4cb,"DFW1DC6 - QTS Irving DC6, LLC",evidenceOfInsurance,Evidence of Insurance,automobileLiability,Automobile Liability,evidenceOfInsuranceAutomobileLiabilityCombinedSingleLimitEachAccident,Combined Single Limit (each accident),,matchOnce,must be greater or equal to,1000000,,non_compliant,Standard 10 - UMB 25M,,,false,0,,2026-08-16
QTS Data Centers,6a7ca744f08d6e4a3cf1fbe3,69f0f3c5beb6279e947be102,Rogers-O-Brien Construction Company Ltd.,69f10c28beb6279e947be4cb,"DFW1DC6 - QTS Irving DC6, LLC",evidenceOfInsurance,Evidence of Insurance,automobileLiability,Automobile Liability,evidenceOfInsuranceAutomobileLiabilityCoverageAppliesToOwnedAutosOnly,Coverage Applies To: Owned Autos Only,,matchOnce,must be present,,,non_compliant,Standard 10 - UMB 25M,,,false,0,,2026-08-16
QTS Data Centers,6a7ca744f08d6e4a3cf1fbe3,69f0f3c5beb6279e947be102,Rogers-O-Brien Construction Company Ltd.,69f10c28beb6279e947be4cb,"DFW1DC6 - QTS Irving DC6, LLC",evidenceOfInsurance,Evidence of Insurance,automobileLiability,Automobile Liability,evidenceOfInsuranceAutomobileLiabilityCoverageAppliesToNonOwnedAutosOnly,Coverage Applies To: Non-Owned Autos Only,,matchOnce,must be present,,,non_compliant,Standard 10 - UMB 25M,,,false,0,,2026-08-16
QTS Data Centers,6a7ca744f08d6e4a3cf1fbe3,69f0f3c5beb6279e947be102,Rogers-O-Brien Construction Company Ltd.,69f10c28beb6279e947be4cb,"DFW1DC6 - QTS Irving DC6, LLC",evidenceOfInsurance,Evidence of Insurance,automobileLiability,Automobile Liability,evidenceOfInsuranceAutomobileLiabilityCoverageAppliesToHiredAutosOnly,Coverage Applies To: Hired Autos Only,,matchOnce,must be present,,,non_compliant,Standard 10 - UMB 25M,,,false,0,,2026-08-16
QTS Data Centers,6a7ca744f08d6e4a3cf1fbe3,69f0f3c5beb6279e947be102,Rogers-O-Brien Construction Company Ltd.,69f10c28beb6279e947be4cb,"DFW1DC6 - QTS Irving DC6, LLC",evidenceOfInsurance,Evidence of Insurance,automobileLiability,Automobile Liability,evidenceOfInsuranceAutomobileLiabilityAdditionalInsuredEndorsement,Additional Insured,"---prompt---
Determine if the certificate holder is covered as an additional insured under the Automobile Liability policy. Evidence may include: a checked ""Additional Insured"" box on the certificate for the auto section, mention in the Description of Operations section, or reference to blanket additional insured coverage. Look for form number CA 20 48 or language like ""certificate holder is additional insured"" or ""per written contract"".",matchOnce,must be present,,,non_compliant,Standard 10 - UMB 25M,,,false,0,,2026-08-16
QTS Data Centers,6a7ca744f08d6e4a3cf1fbe3,69f0f3c5beb6279e947be102,Rogers-O-Brien Construction Company Ltd.,69f10c28beb6279e947be4cb,"DFW1DC6 - QTS Irving DC6, LLC",evidenceOfInsurance,Evidence of Insurance,automobileLiability,Automobile Liability,evidenceOfInsuranceAutomobileLiabilityWaiverOfSubrogationEndorsement,Waiver of Subrogation,"---prompt---
Determine if the insurer has waived their right of subrogation in favor of the certificate holder under the Automobile Liability policy. Evidence may include: a checked ""Waiver of Subrogation"" box on the certificate, mention in the Description of Operations section stating ""waiver of subrogation applies"", or reference to form CA 04 44. Look for language like ""subrogation is waived"" or ""per written contract"".",matchOnce,must be present,,,non_compliant,Standard 10 - UMB 25M,,,false,0,,2026-08-16
QTS Data Centers,6a7ca744f08d6e4a3cf1fbe3,69f0f3c5beb6279e947be102,Rogers-O-Brien Construction Company Ltd.,69f10c28beb6279e947be4cb,"DFW1DC6 - QTS Irving DC6, LLC",evidenceOfInsurance,Evidence of Insurance,automobileLiability,Automobile Liability,evidenceOfInsuranceAutomobileLiabilityPrimaryAndNonContributoryEndorsement,Primary and Non-Contributory,"---prompt---
Determine if the Automobile Liability policy provides primary and non-contributory coverage for the certificate holder. Evidence may include: a checked ""Primary"" box on the certificate, mention in the Description of Operations section stating ""primary and non-contributory"". Look for language indicating this policy will pay first before other applicable insurance and will not seek contribution.",matchOnce,must be present,,,non_compliant,Standard 10 - UMB 25M,,,false,0,,2026-08-16
QTS Data Centers,6a7ca744f08d6e4a3cf1fbe3,69f0f3c5beb6279e947be102,Rogers-O-Brien Construction Company Ltd.,69f10c28beb6279e947be4cb,"DFW1DC6 - QTS Irving DC6, LLC",evidenceOfInsurance,Evidence of Insurance,automobileLiability,Automobile Liability,0e6f6daa-effc-5c25-af03-4f7e657ae801,Physical MCS-90 Endorsement must be present,,matchOnce,must be present,,,non_compliant,Standard 10 - UMB 25M,,,true,0,,2026-08-16
QTS Data Centers,6a7ca744f08d6e4a3cf1fbe3,69f0f3c5beb6279e947be102,Rogers-O-Brien Construction Company Ltd.,69f10c28beb6279e947be4cb,"DFW1DC6 - QTS Irving DC6, LLC",evidenceOfInsurance,Evidence of Insurance,excessOrUmbrellaLiability,Umbrella/Excess Liability,evidenceOfInsuranceExcessOrUmbrellaLiabilityOccurence,Coverage Trigger: Occurrence,,matchOnce,must be present,,,non_compliant,Standard 10 - UMB 25M,,,false,0,,2026-08-16
QTS Data Centers,6a7ca744f08d6e4a3cf1fbe3,69f0f3c5beb6279e947be102,Rogers-O-Brien Construction Company Ltd.,69f10c28beb6279e947be4cb,"DFW1DC6 - QTS Irving DC6, LLC",evidenceOfInsurance,Evidence of Insurance,excessOrUmbrellaLiability,Umbrella/Excess Liability,evidenceOfInsuranceExcessOrUmbrellaLiabilityEachOccurrence,Each Occurrence,,matchOnce,must be greater or equal to,25000000,,non_compliant,Standard 10 - UMB 25M,,,false,0,,2026-08-16
QTS Data Centers,6a7ca744f08d6e4a3cf1fbe3,69f0f3c5beb6279e947be102,Rogers-O-Brien Construction Company Ltd.,69f10c28beb6279e947be4cb,"DFW1DC6 - QTS Irving DC6, LLC",evidenceOfInsurance,Evidence of Insurance,excessOrUmbrellaLiability,Umbrella/Excess Liability,evidenceOfInsuranceExcessOrUmbrellaLiabilityAdditionalInsuredEndorsement,Additional Insured,"---prompt---
Determine if the certificate holder is covered as an additional insured under the Umbrella/Excess Liability policy. Evidence may include: a checked ""Additional Insured"" box on the certificate for the umbrella section, mention in the Description of Operations section, reference to ""follow form"" status (which would extend underlying additional insured status), or explicit language naming the certificate holder as additional insured on the umbrella.",matchOnce,must be present,,,non_compliant,Standard 10 - UMB 25M,,,false,0,,2026-08-16
QTS Data Centers,6a7ca744f08d6e4a3cf1fbe3,69f0f3c5beb6279e947be102,Rogers-O-Brien Construction Company Ltd.,69f10c28beb6279e947be4cb,"DFW1DC6 - QTS Irving DC6, LLC",evidenceOfInsurance,Evidence of Insurance,excessOrUmbrellaLiability,Umbrella/Excess Liability,evidenceOfInsuranceExcessOrUmbrellaLiabilityWaiverOfSubrogationEndorsement,Waiver of Subrogation,"---prompt---
Determine if the insurer has waived their right of subrogation in favor of the certificate holder under the Umbrella/Excess Liability policy. Evidence may include: a checked ""Waiver of Subrogation"" box on the certificate, mention in the Description of Operations section stating ""waiver of subrogation applies"", or reference to ""follow form"" status (which would extend underlying waiver). Look for language like ""subrogation is waived"" or ""per written contract"".",matchOnce,must be present,,,non_compliant,Standard 10 - UMB 25M,,,false,0,,2026-08-16
QTS Data Centers,6a7ca744f08d6e4a3cf1fbe3,69f0f3c5beb6279e947be102,Rogers-O-Brien Construction Company Ltd.,69f10c28beb6279e947be4cb,"DFW1DC6 - QTS Irving DC6, LLC",evidenceOfInsurance,Evidence of Insurance,excessOrUmbrellaLiability,Umbrella/Excess Liability,evidenceOfInsuranceExcessOrUmbrellaLiabilityPrimaryAndNonContributoryEndorsement,Primary and Non-Contributory,"---prompt---
Determine if the Umbrella/Excess Liability policy provides primary and non-contributory coverage for the certificate holder. Evidence may include: a checked ""Primary"" box on the certificate, mention in the Description of Operations section stating ""primary and non-contributory"", or reference to ""follow form"" status (which would extend underlying primary status). Look for language indicating this policy will pay first before other applicable insurance and will not seek contribution.",matchOnce,must be present,,,non_compliant,Standard 10 - UMB 25M,,,false,0,,2026-08-16
QTS Data Centers,6a7ca744f08d6e4a3cf1fbe3,69f0f3c5beb6279e947be102,Rogers-O-Brien Construction Company Ltd.,69f10c28beb6279e947be4cb,"DFW1DC6 - QTS Irving DC6, LLC",evidenceOfInsurance,Evidence of Insurance,workersCompensation,Workers' Compensation and Employer's Liability,evidenceOfInsuranceWorkersCompensationStatutoryLimits,Statutory Limits,,matchOnce,must be present,,,non_compliant,Standard 10 - UMB 25M,,,false,0,,2026-08-16
QTS Data Centers,6a7ca744f08d6e4a3cf1fbe3,69f0f3c5beb6279e947be102,Rogers-O-Brien Construction Company Ltd.,69f10c28beb6279e947be4cb,"DFW1DC6 - QTS Irving DC6, LLC",evidenceOfInsurance,Evidence of Insurance,workersCompensation,Workers' Compensation and Employer's Liability,evidenceOfInsuranceWorkersCompensationEmployersLiabilityDiseaseEachEmployee,Employer's Liability Disease - each employee,,matchOnce,must be greater or equal to,500000,,non_compliant,Standard 10 - UMB 25M,,,false,0,,2026-08-16
QTS Data Centers,6a7ca744f08d6e4a3cf1fbe3,69f0f3c5beb6279e947be102,Rogers-O-Brien Construction Company Ltd.,69f10c28beb6279e947be4cb,"DFW1DC6 - QTS Irving DC6, LLC",evidenceOfInsurance,Evidence of Insurance,workersCompensation,Workers' Compensation and Employer's Liability,evidenceOfInsuranceWorkersCompensationEmployersLiabilityDiseasePolicyLimit,Employer's Liability Disease - policy limit,,matchOnce,must be greater or equal to,500000,,non_compliant,Standard 10 - UMB 25M,,,false,0,,2026-08-16
QTS Data Centers,6a7ca744f08d6e4a3cf1fbe3,69f0f3c5beb6279e947be102,Rogers-O-Brien Construction Company Ltd.,69f10c28beb6279e947be4cb,"DFW1DC6 - QTS Irving DC6, LLC",evidenceOfInsurance,Evidence of Insurance,workersCompensation,Workers' Compensation and Employer's Liability,evidenceOfInsuranceWorkersCompensationEmployersLiabilityEachAccident,Employer's Liability Each Accident,,matchOnce,must be greater or equal to,500000,,non_compliant,Standard 10 - UMB 25M,,,false,0,,2026-08-16
QTS Data Centers,6a7ca744f08d6e4a3cf1fbe3,69f0f3c5beb6279e947be102,Rogers-O-Brien Construction Company Ltd.,69f10c28beb6279e947be4cb,"DFW1DC6 - QTS Irving DC6, LLC",evidenceOfInsurance,Evidence of Insurance,workersCompensation,Workers' Compensation and Employer's Liability,evidenceOfInsuranceWorkersCompensationWaiverOfSubrogationEndorsement,Waiver of Subrogation,"---prompt---
Determine if the insurer has waived their right of subrogation in favor of the certificate holder under the Workers' Compensation policy. Evidence may include: a checked ""Waiver of Subrogation"" box on the certificate, mention in the Description of Operations section stating ""waiver of subrogation applies"", or reference to form WC 00 03 13. Look for language like ""subrogation is waived"" or ""per written contract"".",matchOnce,must be present,,,non_compliant,Standard 10 - UMB 25M,,,false,0,,2026-08-16
QTS Data Centers,6a7ca744f08d6e4a3cf1fbe3,69f0f3c5beb6279e947be102,Rogers-O-Brien Construction Company Ltd.,69f10c28beb6279e947be4cb,"DFW1DC6 - QTS Irving DC6, LLC",evidenceOfInsurance,Evidence of Insurance,professional,Professional Liability,evidenceOfInsuranceProfessionalLimitsEachClaim,Each Claim,,matchOnce,must be greater or equal to,2000000,,non_compliant,Standard 10 - UMB 25M,,,false,0,,2026-08-16
QTS Data Centers,6a7ca744f08d6e4a3cf1fbe3,69f0f3c5beb6279e947be102,Rogers-O-Brien Construction Company Ltd.,69f10c28beb6279e947be4cb,"DFW1DC6 - QTS Irving DC6, LLC",evidenceOfInsurance,Evidence of Insurance,professional,Professional Liability,d672162b-0115-567e-ac40-48cb8d46cdc0,"Professional Liability Coverage Deductible must be less than or equal to $100,000",,matchOnce,must be present,,,non_compliant,Standard 10 - UMB 25M,,,true,0,,2026-08-16
QTS Data Centers,6a7ca744f08d6e4a3cf1fbe3,69f0f3c5beb6279e947be102,Rogers-O-Brien Construction Company Ltd.,69f10c28beb6279e947be4cb,"DFW1DC6 - QTS Irving DC6, LLC",evidenceOfInsurance,Evidence of Insurance,6ac20aae-5728-5d57-b364-aeba38527dba,Additional Requirements,655cb50e-155d-5f8c-af5e-e7386263aa58,"Certificate Holder must read as: ""Quality Technology Services, LLC, 
Attention: Procurement Department
300 Satellite Blvd NW, Suwanee, GA 30024.""",,matchOnce,must be present,,,non_compliant,Standard 10 - UMB 25M,,,true,0,,2026-08-16
QTS Data Centers,6a7ca744f08d6e4a3cf1fbe3,69f0f3c5beb6279e947be102,Rogers-O-Brien Construction Company Ltd.,69f10c28beb6279e947be4cb,"DFW1DC6 - QTS Irving DC6, LLC",evidenceOfInsurance,Evidence of Insurance,6ac20aae-5728-5d57-b364-aeba38527dba,Additional Requirements,25da7a11-b805-5d7d-8deb-65519e743757,"Description of Operations must read: Quality Tech, LP, and its officers, directors, employees, parents, subsidiaries, affiliates, and related companies, successors, and permitted assigns",,matchOnce,must be present,,,non_compliant,Standard 10 - UMB 25M,,,true,0,,2026-08-16
QTS Data Centers,6a7ca744f08d6e4a3cf1fbe3,69f0f3c5beb6279e947be102,Rogers-O-Brien Construction Company Ltd.,69f10c28beb6279e947be4cb,"DFW1DC6 - QTS Irving DC6, LLC",evidenceOfInsurance,Evidence of Insurance,6ac20aae-5728-5d57-b364-aeba38527dba,Additional Requirements,03d7ddc3-a527-5f18-bdf6-355eb23cd9de,30-Day Notice of Cancellation must be present,,matchOnce,must be present,,,non_compliant,Standard 10 - UMB 25M,,,true,0,,2026-08-16
QTS Data Centers,6a7ca744f08d6e4a3cf1fbe3,69f0f3c5beb6279e947be102,Rogers-O-Brien Construction Company Ltd.,69f10c28beb6279e947be4cb,"DFW1DC6 - QTS Irving DC6, LLC",evidenceOfInsurance,Evidence of Insurance,6ac20aae-5728-5d57-b364-aeba38527dba,Additional Requirements,8d7b12d5-c6dc-5efe-8cbd-acd9adedde5b,"Description of Operations must read: DFW1-DC6 - Critical Work, located at 6300 Longhorn Drive, Irving, TX 75063",,matchOnce,must be present,,,non_compliant,Standard 10 - UMB 25M,,,true,0,,2026-08-16
QTS Data Centers,6a7ca744f08d6e4a3cf1fbe3,69f0f3c5beb6279e947be102,Rogers-O-Brien Construction Company Ltd.,69f10c28beb6279e947be4cb,"DFW1DC6 - QTS Irving DC6, LLC",evidenceOfInsurance,Evidence of Insurance,6ac20aae-5728-5d57-b364-aeba38527dba,Additional Requirements,24a2347c-ab39-5dea-a6af-ad750440dde1,"Description of Operations must read: Commercial General Liability shall not include the following endorsements/exclusions or equivalent:

1. CG 2149 or CG 2155 o CG 2198 (Absolute Pollution Exclusion)
2. CG 2294 or CG 2295 (Damage to Work Performed by Contractors Exclusion)
3. CG 2139 (Contractual Limitation Endorsement)
4. CG 2196 (Silica or Silica Dust Exclusion), unless otherwise covered under an applicable pollution policy.
5. CG 2142 (Explosion, Collapse or Underground Exclusion)",,matchOnce,must be present,,,non_compliant,Standard 10 - UMB 25M,,,true,0,,2026-08-16
QTS Data Centers,6a7ca744f08d6e4a3cf1fbe3,69f0f3c5beb6279e947be102,Rogers-O-Brien Construction Company Ltd.,69f10c28beb6279e947be4cb,"DFW1DC6 - QTS Irving DC6, LLC",evidenceOfInsurance,Evidence of Insurance,6ac20aae-5728-5d57-b364-aeba38527dba,Additional Requirements,71685e25-c6d0-5692-aaaf-30f59a2f9a83,"Description of Operations must read: Workers Compensation shall include ""all states"" coverage",,matchOnce,must be present,,,non_compliant,Standard 10 - UMB 25M,,,true,0,,2026-08-16
QTS Data Centers,6a15b733bd30da3db41030da,69f0f3c4beb6279e947be0d5,Brasfield & Gorrie L.L.C.,69f10c28beb6279e947be4ea,"ATL2DC3 - QTS Fayetteville I DC3, LLC",evidenceOfInsurance,Evidence of Insurance,commercialGeneralLiability,Commercial General Liability,evidenceOfInsuranceCommercialGeneralLiabilityAMBestRating,AM Best Rating,,matchOnce,must be greater or equal to,130,160,compliant,Standard 14 with Drone Liability,,,false,2,,2026-08-16
QTS Data Centers,6a15b733bd30da3db41030da,69f0f3c4beb6279e947be0d5,Brasfield & Gorrie L.L.C.,69f10c28beb6279e947be4ea,"ATL2DC3 - QTS Fayetteville I DC3, LLC",evidenceOfInsurance,Evidence of Insurance,commercialGeneralLiability,Commercial General Liability,evidenceOfInsuranceCommercialGeneralLiabilityAMBestFinancialStrength,AM Best Financial Strength,,matchOnce,must be greater or equal to,100,150,compliant,Standard 14 with Drone Liability,,,false,2,,2026-08-16
QTS Data Centers,6a15b733bd30da3db41030da,69f0f3c4beb6279e947be0d5,Brasfield & Gorrie L.L.C.,69f10c28beb6279e947be4ea,"ATL2DC3 - QTS Fayetteville I DC3, LLC",evidenceOfInsurance,Evidence of Insurance,commercialGeneralLiability,Commercial General Liability,evidenceOfInsuranceCommercialGeneralLiabilityCoverageTriggerOccurrence,Coverage Trigger: Occurrence,,matchOnce,must be present,,Present,compliant,Standard 14 with Drone Liability,,,false,2,,2026-08-16
QTS Data Centers,6a15b733bd30da3db41030da,69f0f3c4beb6279e947be0d5,Brasfield & Gorrie L.L.C.,69f10c28beb6279e947be4ea,"ATL2DC3 - QTS Fayetteville I DC3, LLC",evidenceOfInsurance,Evidence of Insurance,commercialGeneralLiability,Commercial General Liability,evidenceOfInsuranceCommercialGeneralLiabilityGeneralAggregateLimitAppliesPerProject,General Aggregate Limit Applies per: Project,,matchOnce,must be present,,Present,compliant,Standard 14 with Drone Liability,,,false,2,,2026-08-16
QTS Data Centers,6a15b733bd30da3db41030da,69f0f3c4beb6279e947be0d5,Brasfield & Gorrie L.L.C.,69f10c28beb6279e947be4ea,"ATL2DC3 - QTS Fayetteville I DC3, LLC",evidenceOfInsurance,Evidence of Insurance,commercialGeneralLiability,Commercial General Liability,evidenceOfInsuranceCommercialGeneralLiabilityEachOccurrence,Each Occurrence,,matchOnce,must be greater or equal to,5000000,12000000,compliant,Standard 14 with Drone Liability,,,false,2,,2026-08-16
QTS Data Centers,6a15b733bd30da3db41030da,69f0f3c4beb6279e947be0d5,Brasfield & Gorrie L.L.C.,69f10c28beb6279e947be4ea,"ATL2DC3 - QTS Fayetteville I DC3, LLC",evidenceOfInsurance,Evidence of Insurance,commercialGeneralLiability,Commercial General Liability,evidenceOfInsuranceCommercialGeneralLiabilityGeneralAggregate,General Aggregate,,matchOnce,must be greater or equal to,10000000,14000000,compliant,Standard 14 with Drone Liability,,,false,2,,2026-08-16
QTS Data Centers,6a15b733bd30da3db41030da,69f0f3c4beb6279e947be0d5,Brasfield & Gorrie L.L.C.,69f10c28beb6279e947be4ea,"ATL2DC3 - QTS Fayetteville I DC3, LLC",evidenceOfInsurance,Evidence of Insurance,commercialGeneralLiability,Commercial General Liability,evidenceOfInsuranceCommercialGeneralLiabilityProducsCompletedOperationsAggregate,Products/Completed Operations Aggregate,,matchOnce,must be greater or equal to,5000000,14000000,compliant,Standard 14 with Drone Liability,,,false,2,,2026-08-16
QTS Data Centers,6a15b733bd30da3db41030da,69f0f3c4beb6279e947be0d5,Brasfield & Gorrie L.L.C.,69f10c28beb6279e947be4ea,"ATL2DC3 - QTS Fayetteville I DC3, LLC",evidenceOfInsurance,Evidence of Insurance,commercialGeneralLiability,Commercial General Liability,evidenceOfInsuranceCommercialGeneralLiabilityAdditionalInsuredEndorsementOngoingOps,Additional Insured - Ongoing Operations,"---prompt---
Verify that additional insured coverage specifically includes ongoing operations. Look in the Description of Operations section for language like ""additional insured for ongoing operations"", ""CG 20 10"", ""CG 20 37"", or ""operations performed by or on behalf of the named insured"". The coverage should explicitly reference ongoing work, not just completed operations.",matchOnce,must be present,,Present,compliant,Standard 14 with Drone Liability,,,false,2,,2026-08-16
QTS Data Centers,6a15b733bd30da3db41030da,69f0f3c4beb6279e947be0d5,Brasfield & Gorrie L.L.C.,69f10c28beb6279e947be4ea,"ATL2DC3 - QTS Fayetteville I DC3, LLC",evidenceOfInsurance,Evidence of Insurance,commercialGeneralLiability,Commercial General Liability,evidenceOfInsuranceCommercialGeneralLiabilityAdditionalInsuredEndorsementCompletedOps,Additional Insured - Completed Operations,"---prompt---
Verify that additional insured coverage specifically includes completed operations. Look in the Description of Operations section for language like ""additional insured for completed operations"", ""CG 20 37"", ""products-completed operations"", or similar. This coverage protects the certificate holder for claims arising after work is finished.",matchOnce,must be present,,Present,compliant,Standard 14 with Drone Liability,,,false,2,,2026-08-16
QTS Data Centers,6a15b733bd30da3db41030da,69f0f3c4beb6279e947be0d5,Brasfield & Gorrie L.L.C.,69f10c28beb6279e947be4ea,"ATL2DC3 - QTS Fayetteville I DC3, LLC",evidenceOfInsurance,Evidence of Insurance,commercialGeneralLiability,Commercial General Liability,evidenceOfInsuranceCommercialGeneralLiabilityWaiverOfSubrogationEndorsement,Waiver of Subrogation,"---prompt---
Determine if the insurer has waived their right of subrogation in favor of the certificate holder under the Commercial General Liability policy. Evidence may include: a checked ""Waiver of Subrogation"" box on the certificate, mention in the Description of Operations section stating ""waiver of subrogation applies"", or reference to form CG 24 04. Look for language like ""subrogation is waived"" or ""per written contract"".",matchOnce,must be present,,Present,compliant,Standard 14 with Drone Liability,,,false,2,,2026-08-16
QTS Data Centers,6a15b733bd30da3db41030da,69f0f3c4beb6279e947be0d5,Brasfield & Gorrie L.L.C.,69f10c28beb6279e947be4ea,"ATL2DC3 - QTS Fayetteville I DC3, LLC",evidenceOfInsurance,Evidence of Insurance,commercialGeneralLiability,Commercial General Liability,evidenceOfInsuranceCommercialGeneralLiabilityPrimaryAndNonContributoryEndorsement,Primary and Non-Contributory,"---prompt---
Determine if the Commercial General Liability policy provides primary and non-contributory coverage for the certificate holder. Evidence may include: a checked ""Primary"" box on the certificate, mention in the Description of Operations section stating ""primary and non-contributory"", or reference to endorsement CG 20 01. Look for language indicating this policy will pay first before other applicable insurance and will not seek contribution.",matchOnce,must be present,,Present,compliant,Standard 14 with Drone Liability,,,false,2,,2026-08-16
QTS Data Centers,6a15b733bd30da3db41030da,69f0f3c4beb6279e947be0d5,Brasfield & Gorrie L.L.C.,69f10c28beb6279e947be4ea,"ATL2DC3 - QTS Fayetteville I DC3, LLC",evidenceOfInsurance,Evidence of Insurance,commercialGeneralLiability,Commercial General Liability,9c28ed56-e307-5cf9-88e9-0ada1f283104,Physical 30 Days Notice of Cancellation - 10 Days Notice for Non Payment Endorsement must be present,,matchOnce,must be present,,,non_compliant,Standard 14 with Drone Liability,,,true,0,,2026-08-16
QTS Data Centers,6a15b733bd30da3db41030da,69f0f3c4beb6279e947be0d5,Brasfield & Gorrie L.L.C.,69f10c28beb6279e947be4ea,"ATL2DC3 - QTS Fayetteville I DC3, LLC",evidenceOfInsurance,Evidence of Insurance,automobileLiability,Automobile Liability,evidenceOfInsuranceAutomobileLiabilityCombinedSingleLimitEachAccident,Combined Single Limit (each accident),,matchOnce,must be greater or equal to,1000000,1000000,compliant,Standard 14 with Drone Liability,,,false,2,,2026-08-16
QTS Data Centers,6a15b733bd30da3db41030da,69f0f3c4beb6279e947be0d5,Brasfield & Gorrie L.L.C.,69f10c28beb6279e947be4ea,"ATL2DC3 - QTS Fayetteville I DC3, LLC",evidenceOfInsurance,Evidence of Insurance,automobileLiability,Automobile Liability,evidenceOfInsuranceAutomobileLiabilityCoverageAppliesToOwnedAutosOnly,Coverage Applies To: Owned Autos Only,,matchOnce,must be present,,Present,compliant,Standard 14 with Drone Liability,,,false,2,,2026-08-16
QTS Data Centers,6a15b733bd30da3db41030da,69f0f3c4beb6279e947be0d5,Brasfield & Gorrie L.L.C.,69f10c28beb6279e947be4ea,"ATL2DC3 - QTS Fayetteville I DC3, LLC",evidenceOfInsurance,Evidence of Insurance,automobileLiability,Automobile Liability,evidenceOfInsuranceAutomobileLiabilityCoverageAppliesToNonOwnedAutosOnly,Coverage Applies To: Non-Owned Autos Only,,matchOnce,must be present,,Present,compliant,Standard 14 with Drone Liability,,,false,2,,2026-08-16
QTS Data Centers,6a15b733bd30da3db41030da,69f0f3c4beb6279e947be0d5,Brasfield & Gorrie L.L.C.,69f10c28beb6279e947be4ea,"ATL2DC3 - QTS Fayetteville I DC3, LLC",evidenceOfInsurance,Evidence of Insurance,automobileLiability,Automobile Liability,evidenceOfInsuranceAutomobileLiabilityCoverageAppliesToHiredAutosOnly,Coverage Applies To: Hired Autos Only,,matchOnce,must be present,,Present,compliant,Standard 14 with Drone Liability,,,false,2,,2026-08-16
QTS Data Centers,6a15b733bd30da3db41030da,69f0f3c4beb6279e947be0d5,Brasfield & Gorrie L.L.C.,69f10c28beb6279e947be4ea,"ATL2DC3 - QTS Fayetteville I DC3, LLC",evidenceOfInsurance,Evidence of Insurance,automobileLiability,Automobile Liability,evidenceOfInsuranceAutomobileLiabilityAdditionalInsuredEndorsement,Additional Insured,"---prompt---
Determine if the certificate holder is covered as an additional insured under the Automobile Liability policy. Evidence may include: a checked ""Additional Insured"" box on the certificate for the auto section, mention in the Description of Operations section, or reference to blanket additional insured coverage. Look for form number CA 20 48 or language like ""certificate holder is additional insured"" or ""per written contract"".",matchOnce,must be present,,Present,compliant,Standard 14 with Drone Liability,,,false,2,,2026-08-16
QTS Data Centers,6a15b733bd30da3db41030da,69f0f3c4beb6279e947be0d5,Brasfield & Gorrie L.L.C.,69f10c28beb6279e947be4ea,"ATL2DC3 - QTS Fayetteville I DC3, LLC",evidenceOfInsurance,Evidence of Insurance,automobileLiability,Automobile Liability,evidenceOfInsuranceAutomobileLiabilityWaiverOfSubrogationEndorsement,Waiver of Subrogation,"---prompt---
Determine if the insurer has waived their right of subrogation in favor of the certificate holder under the Automobile Liability policy. Evidence may include: a checked ""Waiver of Subrogation"" box on the certificate, mention in the Description of Operations section stating ""waiver of subrogation applies"", or reference to form CA 04 44. Look for language like ""subrogation is waived"" or ""per written contract"".",matchOnce,must be present,,Present,compliant,Standard 14 with Drone Liability,,,false,2,,2026-08-16
QTS Data Centers,6a15b733bd30da3db41030da,69f0f3c4beb6279e947be0d5,Brasfield & Gorrie L.L.C.,69f10c28beb6279e947be4ea,"ATL2DC3 - QTS Fayetteville I DC3, LLC",evidenceOfInsurance,Evidence of Insurance,automobileLiability,Automobile Liability,evidenceOfInsuranceAutomobileLiabilityPrimaryAndNonContributoryEndorsement,Primary and Non-Contributory,"---prompt---
Determine if the Automobile Liability policy provides primary and non-contributory coverage for the certificate holder. Evidence may include: a checked ""Primary"" box on the certificate, mention in the Description of Operations section stating ""primary and non-contributory"". Look for language indicating this policy will pay first before other applicable insurance and will not seek contribution.",matchOnce,must be present,,Present,compliant,Standard 14 with Drone Liability,,,false,2,,2026-08-16
QTS Data Centers,6a15b733bd30da3db41030da,69f0f3c4beb6279e947be0d5,Brasfield & Gorrie L.L.C.,69f10c28beb6279e947be4ea,"ATL2DC3 - QTS Fayetteville I DC3, LLC",evidenceOfInsurance,Evidence of Insurance,automobileLiability,Automobile Liability,0e6f6daa-effc-5c25-af03-4f7e657ae801,Physical MCS-90 Endorsement must be present,,matchOnce,must be present,,Present,compliant,Standard 14 with Drone Liability,,,true,1,,2026-08-16
QTS Data Centers,6a15b733bd30da3db41030da,69f0f3c4beb6279e947be0d5,Brasfield & Gorrie L.L.C.,69f10c28beb6279e947be4ea,"ATL2DC3 - QTS Fayetteville I DC3, LLC",evidenceOfInsurance,Evidence of Insurance,excessOrUmbrellaLiability,Umbrella/Excess Liability,evidenceOfInsuranceExcessOrUmbrellaLiabilityOccurence,Coverage Trigger: Occurrence,,matchOnce,must be present,,Present,compliant,Standard 14 with Drone Liability,,,false,2,,2026-08-16
QTS Data Centers,6a15b733bd30da3db41030da,69f0f3c4beb6279e947be0d5,Brasfield & Gorrie L.L.C.,69f10c28beb6279e947be4ea,"ATL2DC3 - QTS Fayetteville I DC3, LLC",evidenceOfInsurance,Evidence of Insurance,excessOrUmbrellaLiability,Umbrella/Excess Liability,evidenceOfInsuranceExcessOrUmbrellaLiabilityEachOccurrence,Each Occurrence,,matchOnce,must be greater or equal to,50000000,60000000,compliant,Standard 14 with Drone Liability,,,false,2,,2026-08-16
QTS Data Centers,6a15b733bd30da3db41030da,69f0f3c4beb6279e947be0d5,Brasfield & Gorrie L.L.C.,69f10c28beb6279e947be4ea,"ATL2DC3 - QTS Fayetteville I DC3, LLC",evidenceOfInsurance,Evidence of Insurance,excessOrUmbrellaLiability,Umbrella/Excess Liability,evidenceOfInsuranceExcessOrUmbrellaLiabilityAdditionalInsuredEndorsement,Additional Insured,"---prompt---
Determine if the certificate holder is covered as an additional insured under the Umbrella/Excess Liability policy. Evidence may include: a checked ""Additional Insured"" box on the certificate for the umbrella section, mention in the Description of Operations section, reference to ""follow form"" status (which would extend underlying additional insured status), or explicit language naming the certificate holder as additional insured on the umbrella.",matchOnce,must be present,,Present,compliant,Standard 14 with Drone Liability,,,false,2,,2026-08-16
QTS Data Centers,6a15b733bd30da3db41030da,69f0f3c4beb6279e947be0d5,Brasfield & Gorrie L.L.C.,69f10c28beb6279e947be4ea,"ATL2DC3 - QTS Fayetteville I DC3, LLC",evidenceOfInsurance,Evidence of Insurance,excessOrUmbrellaLiability,Umbrella/Excess Liability,evidenceOfInsuranceExcessOrUmbrellaLiabilityWaiverOfSubrogationEndorsement,Waiver of Subrogation,"---prompt---
Determine if the insurer has waived their right of subrogation in favor of the certificate holder under the Umbrella/Excess Liability policy. Evidence may include: a checked ""Waiver of Subrogation"" box on the certificate, mention in the Description of Operations section stating ""waiver of subrogation applies"", or reference to ""follow form"" status (which would extend underlying waiver). Look for language like ""subrogation is waived"" or ""per written contract"".",matchOnce,must be present,,Present,compliant,Standard 14 with Drone Liability,,,false,2,,2026-08-16
QTS Data Centers,6a15b733bd30da3db41030da,69f0f3c4beb6279e947be0d5,Brasfield & Gorrie L.L.C.,69f10c28beb6279e947be4ea,"ATL2DC3 - QTS Fayetteville I DC3, LLC",evidenceOfInsurance,Evidence of Insurance,excessOrUmbrellaLiability,Umbrella/Excess Liability,evidenceOfInsuranceExcessOrUmbrellaLiabilityPrimaryAndNonContributoryEndorsement,Primary and Non-Contributory,"---prompt---
Determine if the Umbrella/Excess Liability policy provides primary and non-contributory coverage for the certificate holder. Evidence may include: a checked ""Primary"" box on the certificate, mention in the Description of Operations section stating ""primary and non-contributory"", or reference to ""follow form"" status (which would extend underlying primary status). Look for language indicating this policy will pay first before other applicable insurance and will not seek contribution.",matchOnce,must be present,,Present,compliant,Standard 14 with Drone Liability,,,false,2,,2026-08-16
QTS Data Centers,6a15b733bd30da3db41030da,69f0f3c4beb6279e947be0d5,Brasfield & Gorrie L.L.C.,69f10c28beb6279e947be4ea,"ATL2DC3 - QTS Fayetteville I DC3, LLC",evidenceOfInsurance,Evidence of Insurance,workersCompensation,Workers' Compensation and Employer's Liability,evidenceOfInsuranceWorkersCompensationStatutoryLimits,Statutory Limits,,matchOnce,must be present,,Present,compliant,Standard 14 with Drone Liability,,,false,2,,2026-08-16
QTS Data Centers,6a15b733bd30da3db41030da,69f0f3c4beb6279e947be0d5,Brasfield & Gorrie L.L.C.,69f10c28beb6279e947be4ea,"ATL2DC3 - QTS Fayetteville I DC3, LLC",evidenceOfInsurance,Evidence of Insurance,workersCompensation,Workers' Compensation and Employer's Liability,evidenceOfInsuranceWorkersCompensationEmployersLiabilityDiseaseEachEmployee,Employer's Liability Disease - each employee,,matchOnce,must be greater or equal to,1000000,1000000,compliant,Standard 14 with Drone Liability,,,false,2,,2026-08-16
QTS Data Centers,6a15b733bd30da3db41030da,69f0f3c4beb6279e947be0d5,Brasfield & Gorrie L.L.C.,69f10c28beb6279e947be4ea,"ATL2DC3 - QTS Fayetteville I DC3, LLC",evidenceOfInsurance,Evidence of Insurance,workersCompensation,Workers' Compensation and Employer's Liability,evidenceOfInsuranceWorkersCompensationEmployersLiabilityDiseasePolicyLimit,Employer's Liability Disease - policy limit,,matchOnce,must be greater or equal to,1000000,1000000,compliant,Standard 14 with Drone Liability,,,false,2,,2026-08-16
QTS Data Centers,6a15b733bd30da3db41030da,69f0f3c4beb6279e947be0d5,Brasfield & Gorrie L.L.C.,69f10c28beb6279e947be4ea,"ATL2DC3 - QTS Fayetteville I DC3, LLC",evidenceOfInsurance,Evidence of Insurance,workersCompensation,Workers' Compensation and Employer's Liability,evidenceOfInsuranceWorkersCompensationEmployersLiabilityEachAccident,Employer's Liability Each Accident,,matchOnce,must be greater or equal to,1000000,1000000,compliant,Standard 14 with Drone Liability,,,false,2,,2026-08-16
QTS Data Centers,6a15b733bd30da3db41030da,69f0f3c4beb6279e947be0d5,Brasfield & Gorrie L.L.C.,69f10c28beb6279e947be4ea,"ATL2DC3 - QTS Fayetteville I DC3, LLC",evidenceOfInsurance,Evidence of Insurance,workersCompensation,Workers' Compensation and Employer's Liability,evidenceOfInsuranceWorkersCompensationWaiverOfSubrogationEndorsement,Waiver of Subrogation,"---prompt---
Determine if the insurer has waived their right of subrogation in favor of the certificate holder under the Workers' Compensation policy. Evidence may include: a checked ""Waiver of Subrogation"" box on the certificate, mention in the Description of Operations section stating ""waiver of subrogation applies"", or reference to form WC 00 03 13. Look for language like ""subrogation is waived"" or ""per written contract"".",matchOnce,must be present,,Present,compliant,Standard 14 with Drone Liability,,,false,2,,2026-08-16
QTS Data Centers,6a15b733bd30da3db41030da,69f0f3c4beb6279e947be0d5,Brasfield & Gorrie L.L.C.,69f10c28beb6279e947be4ea,"ATL2DC3 - QTS Fayetteville I DC3, LLC",evidenceOfInsurance,Evidence of Insurance,professional,Professional Liability,evidenceOfInsuranceProfessionalLimitsEachClaim,Each Claim,,matchOnce,must be greater or equal to,5000000,5000000,compliant,Standard 14 with Drone Liability,,,false,2,,2026-08-16
QTS Data Centers,6a15b733bd30da3db41030da,69f0f3c4beb6279e947be0d5,Brasfield & Gorrie L.L.C.,69f10c28beb6279e947be4ea,"ATL2DC3 - QTS Fayetteville I DC3, LLC",evidenceOfInsurance,Evidence of Insurance,e54fdf78-f8fe-5b2e-a5f7-0ae05bbd7f66,Drone Liability,eec8a429-f600-558d-8fec-56d960319d19,Each Claim,,matchOnce,must be greater or equal to,5000000,1000000,non_compliant,Standard 14 with Drone Liability,,,true,1,,2026-08-16
QTS Data Centers,6a15b733bd30da3db41030da,69f0f3c4beb6279e947be0d5,Brasfield & Gorrie L.L.C.,69f10c28beb6279e947be4ea,"ATL2DC3 - QTS Fayetteville I DC3, LLC",evidenceOfInsurance,Evidence of Insurance,6ac20aae-5728-5d57-b364-aeba38527dba,Additional Requirements,655cb50e-155d-5f8c-af5e-e7386263aa58,"Certificate Holder must read as: ""Quality Technology Services, LLC, 
Attention: Procurement Department
300 Satellite Blvd NW, Suwanee, GA 30024.""",,matchOnce,must be present,,Present,compliant,Standard 14 with Drone Liability,,,true,1,,2026-08-16
QTS Data Centers,6a15b733bd30da3db41030da,69f0f3c4beb6279e947be0d5,Brasfield & Gorrie L.L.C.,69f10c28beb6279e947be4ea,"ATL2DC3 - QTS Fayetteville I DC3, LLC",evidenceOfInsurance,Evidence of Insurance,6ac20aae-5728-5d57-b364-aeba38527dba,Additional Requirements,25da7a11-b805-5d7d-8deb-65519e743757,"Description of Operations must read: Quality Tech, LP, and its officers, directors, employees, parents, subsidiaries, affiliates, and related companies, successors, and permitted assigns",,matchOnce,must be present,,,non_compliant,Standard 14 with Drone Liability,,,true,0,,2026-08-16
QTS Data Centers,6a15b733bd30da3db41030da,69f0f3c4beb6279e947be0d5,Brasfield & Gorrie L.L.C.,69f10c28beb6279e947be4ea,"ATL2DC3 - QTS Fayetteville I DC3, LLC",evidenceOfInsurance,Evidence of Insurance,6ac20aae-5728-5d57-b364-aeba38527dba,Additional Requirements,8d7b12d5-c6dc-5efe-8cbd-acd9adedde5b,"Description of Operations must read: ATL2-DC3 Campus, located at 167 Tyrone Road, Building 300, Fayetteville, GA 30214",,matchOnce,must be present,,Present,compliant,Standard 14 with Drone Liability,,,true,1,,2026-08-16
QTS Data Centers,6a15b733bd30da3db41030da,69f0f3c4beb6279e947be0d5,Brasfield & Gorrie L.L.C.,69f10c28beb6279e947be4ea,"ATL2DC3 - QTS Fayetteville I DC3, LLC",evidenceOfInsurance,Evidence of Insurance,6ac20aae-5728-5d57-b364-aeba38527dba,Additional Requirements,03d7ddc3-a527-5f18-bdf6-355eb23cd9de,30-Day Notice of Cancellation must be present,,matchOnce,must be present,,Present,compliant,Standard 14 with Drone Liability,,,true,2,,2026-08-16
QTS Data Centers,6a15b733bd30da3db41030da,69f0f3c4beb6279e947be0d5,Brasfield & Gorrie L.L.C.,69f10c28beb6279e947be4ea,"ATL2DC3 - QTS Fayetteville I DC3, LLC",evidenceOfInsurance,Evidence of Insurance,6ac20aae-5728-5d57-b364-aeba38527dba,Additional Requirements,24a2347c-ab39-5dea-a6af-ad750440dde1,"Description of Operations must read: Commercial General Liability shall not include the following endorsements/exclusions or equivalent:

1. CG 2149 or CG 2155 o CG 2198 (Absolute Pollution Exclusion)
2. CG 2294 or CG 2295 (Damage to Work Performed by Contractors Exclusion)
3. CG 2139 (Contractual Limitation Endorsement)
4. CG 2196 (Silica or Silica Dust Exclusion), unless otherwise covered under an applicable pollution policy.
5. CG 2142 (Explosion, Collapse or Underground Exclusion)",,matchOnce,must be present,,,non_compliant,Standard 14 with Drone Liability,,,true,0,,2026-08-16
QTS Data Centers,6a15b733bd30da3db41030da,69f0f3c4beb6279e947be0d5,Brasfield & Gorrie L.L.C.,69f10c28beb6279e947be4ea,"ATL2DC3 - QTS Fayetteville I DC3, LLC",evidenceOfInsurance,Evidence of Insurance,6ac20aae-5728-5d57-b364-aeba38527dba,Additional Requirements,71685e25-c6d0-5692-aaaf-30f59a2f9a83,"Description of Operations must read: Workers Compensation shall include ""all states"" coverage",,matchOnce,must be present,,,non_compliant,Standard 14 with Drone Liability,,,true,0,,2026-08-16
QTS Data Centers,6a15b733bd30da3db41030c6,69f0f3c4beb6279e947be0e4,Gilbane Building Company,69f10c28beb6279e947be4d6,"CLT1DC1 - QTS York I, LLC",evidenceOfInsurance,Evidence of Insurance,commercialGeneralLiability,Commercial General Liability,evidenceOfInsuranceCommercialGeneralLiabilityAMBestFinancialStrength,AM Best Financial Strength,,matchOnce,must be greater or equal to,70,150,compliant,Standard 1 with Drone Liability,,,false,3,,2026-08-16
QTS Data Centers,6a15b733bd30da3db41030c6,69f0f3c4beb6279e947be0e4,Gilbane Building Company,69f10c28beb6279e947be4d6,"CLT1DC1 - QTS York I, LLC",evidenceOfInsurance,Evidence of Insurance,commercialGeneralLiability,Commercial General Liability,evidenceOfInsuranceCommercialGeneralLiabilityAMBestRating,AM Best Rating,,matchOnce,must be greater or equal to,130,160,compliant,Standard 1 with Drone Liability,,,false,3,,2026-08-16
QTS Data Centers,6a15b733bd30da3db41030c6,69f0f3c4beb6279e947be0e4,Gilbane Building Company,69f10c28beb6279e947be4d6,"CLT1DC1 - QTS York I, LLC",evidenceOfInsurance,Evidence of Insurance,commercialGeneralLiability,Commercial General Liability,evidenceOfInsuranceCommercialGeneralLiabilityCoverageTriggerOccurrence,Coverage Trigger: Occurrence,,matchOnce,must be present,,Present,compliant,Standard 1 with Drone Liability,,,false,3,,2026-08-16
QTS Data Centers,6a15b733bd30da3db41030c6,69f0f3c4beb6279e947be0e4,Gilbane Building Company,69f10c28beb6279e947be4d6,"CLT1DC1 - QTS York I, LLC",evidenceOfInsurance,Evidence of Insurance,commercialGeneralLiability,Commercial General Liability,evidenceOfInsuranceCommercialGeneralLiabilityGeneralAggregateLimitAppliesPerProject,General Aggregate Limit Applies per: Project,,matchOnce,must be present,,Present,compliant,Standard 1 with Drone Liability,,,false,3,,2026-08-16
QTS Data Centers,6a15b733bd30da3db41030c6,69f0f3c4beb6279e947be0e4,Gilbane Building Company,69f10c28beb6279e947be4d6,"CLT1DC1 - QTS York I, LLC",evidenceOfInsurance,Evidence of Insurance,commercialGeneralLiability,Commercial General Liability,evidenceOfInsuranceCommercialGeneralLiabilityEachOccurrence,Each Occurrence,,matchOnce,must be greater or equal to,2000000,3000000,compliant,Standard 1 with Drone Liability,,,false,3,,2026-08-16
QTS Data Centers,6a15b733bd30da3db41030c6,69f0f3c4beb6279e947be0e4,Gilbane Building Company,69f10c28beb6279e947be4d6,"CLT1DC1 - QTS York I, LLC",evidenceOfInsurance,Evidence of Insurance,commercialGeneralLiability,Commercial General Liability,evidenceOfInsuranceCommercialGeneralLiabilityGeneralAggregate,General Aggregate,,matchOnce,must be greater or equal to,4000000,6000000,compliant,Standard 1 with Drone Liability,,,false,3,,2026-08-16
QTS Data Centers,6a15b733bd30da3db41030c6,69f0f3c4beb6279e947be0e4,Gilbane Building Company,69f10c28beb6279e947be4d6,"CLT1DC1 - QTS York I, LLC",evidenceOfInsurance,Evidence of Insurance,commercialGeneralLiability,Commercial General Liability,evidenceOfInsuranceCommercialGeneralLiabilityProducsCompletedOperationsAggregate,Products/Completed Operations Aggregate,,matchOnce,must be greater or equal to,4000000,6000000,compliant,Standard 1 with Drone Liability,,,false,3,,2026-08-16
QTS Data Centers,6a15b733bd30da3db41030c6,69f0f3c4beb6279e947be0e4,Gilbane Building Company,69f10c28beb6279e947be4d6,"CLT1DC1 - QTS York I, LLC",evidenceOfInsurance,Evidence of Insurance,commercialGeneralLiability,Commercial General Liability,evidenceOfInsuranceCommercialGeneralLiabilityAdditionalInsuredEndorsementOngoingOps,Additional Insured - Ongoing Operations,"---prompt---
Verify that additional insured coverage specifically includes ongoing operations. Look in the Description of Operations section for language like ""additional insured for ongoing operations"", ""CG 20 10"", ""CG 20 37"", or ""operations performed by or on behalf of the named insured"". The coverage should explicitly reference ongoing work, not just completed operations.",matchOnce,must be present,,Present,compliant,Standard 1 with Drone Liability,,,false,3,,2026-08-16
QTS Data Centers,6a15b733bd30da3db41030c6,69f0f3c4beb6279e947be0e4,Gilbane Building Company,69f10c28beb6279e947be4d6,"CLT1DC1 - QTS York I, LLC",evidenceOfInsurance,Evidence of Insurance,commercialGeneralLiability,Commercial General Liability,evidenceOfInsuranceCommercialGeneralLiabilityAdditionalInsuredEndorsementCompletedOps,Additional Insured - Completed Operations,"---prompt---
Verify that additional insured coverage specifically includes completed operations. Look in the Description of Operations section for language like ""additional insured for completed operations"", ""CG 20 37"", ""products-completed operations"", or similar. This coverage protects the certificate holder for claims arising after work is finished.",matchOnce,must be present,,Present,compliant,Standard 1 with Drone Liability,,,false,3,,2026-08-16
QTS Data Centers,6a15b733bd30da3db41030c6,69f0f3c4beb6279e947be0e4,Gilbane Building Company,69f10c28beb6279e947be4d6,"CLT1DC1 - QTS York I, LLC",evidenceOfInsurance,Evidence of Insurance,commercialGeneralLiability,Commercial General Liability,evidenceOfInsuranceCommercialGeneralLiabilityWaiverOfSubrogationEndorsement,Waiver of Subrogation,"---prompt---
Determine if the insurer has waived their right of subrogation in favor of the certificate holder under the Commercial General Liability policy. Evidence may include: a checked ""Waiver of Subrogation"" box on the certificate, mention in the Description of Operations section stating ""waiver of subrogation applies"", or reference to form CG 24 04. Look for language like ""subrogation is waived"" or ""per written contract"".",matchOnce,must be present,,Present,compliant,Standard 1 with Drone Liability,,,false,3,,2026-08-16
QTS Data Centers,6a15b733bd30da3db41030c6,69f0f3c4beb6279e947be0e4,Gilbane Building Company,69f10c28beb6279e947be4d6,"CLT1DC1 - QTS York I, LLC",evidenceOfInsurance,Evidence of Insurance,commercialGeneralLiability,Commercial General Liability,evidenceOfInsuranceCommercialGeneralLiabilityPrimaryAndNonContributoryEndorsement,Primary and Non-Contributory,"---prompt---
Determine if the Commercial General Liability policy provides primary and non-contributory coverage for the certificate holder. Evidence may include: a checked ""Primary"" box on the certificate, mention in the Description of Operations section stating ""primary and non-contributory"", or reference to endorsement CG 20 01. Look for language indicating this policy will pay first before other applicable insurance and will not seek contribution.",matchOnce,must be present,,Present,compliant,Standard 1 with Drone Liability,,,false,3,,2026-08-16
QTS Data Centers,6a15b733bd30da3db41030c6,69f0f3c4beb6279e947be0e4,Gilbane Building Company,69f10c28beb6279e947be4d6,"CLT1DC1 - QTS York I, LLC",evidenceOfInsurance,Evidence of Insurance,commercialGeneralLiability,Commercial General Liability,9c28ed56-e307-5cf9-88e9-0ada1f283104,Physical 30 Days Notice of Cancellation - 10 Days Notice for Non Payment Endorsement must be present,,matchOnce,must be present,,Present,compliant,Standard 1 with Drone Liability,,,true,1,,2026-08-16
QTS Data Centers,6a15b733bd30da3db41030c6,69f0f3c4beb6279e947be0e4,Gilbane Building Company,69f10c28beb6279e947be4d6,"CLT1DC1 - QTS York I, LLC",evidenceOfInsurance,Evidence of Insurance,automobileLiability,Automobile Liability,evidenceOfInsuranceAutomobileLiabilityCombinedSingleLimitEachAccident,Combined Single Limit (each accident),,matchOnce,must be greater or equal to,1000000,2000000,compliant,Standard 1 with Drone Liability,,,false,3,,2026-08-16
QTS Data Centers,6a15b733bd30da3db41030c6,69f0f3c4beb6279e947be0e4,Gilbane Building Company,69f10c28beb6279e947be4d6,"CLT1DC1 - QTS York I, LLC",evidenceOfInsurance,Evidence of Insurance,automobileLiability,Automobile Liability,evidenceOfInsuranceAutomobileLiabilityCoverageAppliesToOwnedAutosOnly,Coverage Applies To: Owned Autos Only,,matchOnce,must be present,,Present,compliant,Standard 1 with Drone Liability,,,false,3,,2026-08-16
QTS Data Centers,6a15b733bd30da3db41030c6,69f0f3c4beb6279e947be0e4,Gilbane Building Company,69f10c28beb6279e947be4d6,"CLT1DC1 - QTS York I, LLC",evidenceOfInsurance,Evidence of Insurance,automobileLiability,Automobile Liability,evidenceOfInsuranceAutomobileLiabilityCoverageAppliesToNonOwnedAutosOnly,Coverage Applies To: Non-Owned Autos Only,,matchOnce,must be present,,Present,compliant,Standard 1 with Drone Liability,,,false,3,,2026-08-16
QTS Data Centers,6a15b733bd30da3db41030c6,69f0f3c4beb6279e947be0e4,Gilbane Building Company,69f10c28beb6279e947be4d6,"CLT1DC1 - QTS York I, LLC",evidenceOfInsurance,Evidence of Insurance,automobileLiability,Automobile Liability,evidenceOfInsuranceAutomobileLiabilityCoverageAppliesToHiredAutosOnly,Coverage Applies To: Hired Autos Only,,matchOnce,must be present,,Present,compliant,Standard 1 with Drone Liability,,,false,3,,2026-08-16
QTS Data Centers,6a15b733bd30da3db41030c6,69f0f3c4beb6279e947be0e4,Gilbane Building Company,69f10c28beb6279e947be4d6,"CLT1DC1 - QTS York I, LLC",evidenceOfInsurance,Evidence of Insurance,automobileLiability,Automobile Liability,evidenceOfInsuranceAutomobileLiabilityAdditionalInsuredEndorsement,Additional Insured,"---prompt---
Determine if the certificate holder is covered as an additional insured under the Automobile Liability policy. Evidence may include: a checked ""Additional Insured"" box on the certificate for the auto section, mention in the Description of Operations section, or reference to blanket additional insured coverage. Look for form number CA 20 48 or language like ""certificate holder is additional insured"" or ""per written contract"".",matchOnce,must be present,,Present,compliant,Standard 1 with Drone Liability,,,false,3,,2026-08-16
QTS Data Centers,6a15b733bd30da3db41030c6,69f0f3c4beb6279e947be0e4,Gilbane Building Company,69f10c28beb6279e947be4d6,"CLT1DC1 - QTS York I, LLC",evidenceOfInsurance,Evidence of Insurance,automobileLiability,Automobile Liability,evidenceOfInsuranceAutomobileLiabilityWaiverOfSubrogationEndorsement,Waiver of Subrogation,"---prompt---
Determine if the insurer has waived their right of subrogation in favor of the certificate holder under the Automobile Liability policy. Evidence may include: a checked ""Waiver of Subrogation"" box on the certificate, mention in the Description of Operations section stating ""waiver of subrogation applies"", or reference to form CA 04 44. Look for language like ""subrogation is waived"" or ""per written contract"".",matchOnce,must be present,,Present,compliant,Standard 1 with Drone Liability,,,false,3,,2026-08-16
QTS Data Centers,6a15b733bd30da3db41030c6,69f0f3c4beb6279e947be0e4,Gilbane Building Company,69f10c28beb6279e947be4d6,"CLT1DC1 - QTS York I, LLC",evidenceOfInsurance,Evidence of Insurance,automobileLiability,Automobile Liability,evidenceOfInsuranceAutomobileLiabilityPrimaryAndNonContributoryEndorsement,Primary and Non-Contributory,"---prompt---
Determine if the Automobile Liability policy provides primary and non-contributory coverage for the certificate holder. Evidence may include: a checked ""Primary"" box on the certificate, mention in the Description of Operations section stating ""primary and non-contributory"". Look for language indicating this policy will pay first before other applicable insurance and will not seek contribution.",matchOnce,must be present,,Present,compliant,Standard 1 with Drone Liability,,,false,3,,2026-08-16
QTS Data Centers,6a15b733bd30da3db41030c6,69f0f3c4beb6279e947be0e4,Gilbane Building Company,69f10c28beb6279e947be4d6,"CLT1DC1 - QTS York I, LLC",evidenceOfInsurance,Evidence of Insurance,automobileLiability,Automobile Liability,0e6f6daa-effc-5c25-af03-4f7e657ae801,Physical MCS-90 Endorsement must be present,,matchOnce,must be present,,,non_compliant,Standard 1 with Drone Liability,,,true,0,,2026-08-16
QTS Data Centers,6a15b733bd30da3db41030c6,69f0f3c4beb6279e947be0e4,Gilbane Building Company,69f10c28beb6279e947be4d6,"CLT1DC1 - QTS York I, LLC",evidenceOfInsurance,Evidence of Insurance,excessOrUmbrellaLiability,Umbrella/Excess Liability,evidenceOfInsuranceExcessOrUmbrellaLiabilityOccurence,Coverage Trigger: Occurrence,,matchOnce,must be present,,Present,compliant,Standard 1 with Drone Liability,,,false,3,,2026-08-16
QTS Data Centers,6a15b733bd30da3db41030c6,69f0f3c4beb6279e947be0e4,Gilbane Building Company,69f10c28beb6279e947be4d6,"CLT1DC1 - QTS York I, LLC",evidenceOfInsurance,Evidence of Insurance,excessOrUmbrellaLiability,Umbrella/Excess Liability,evidenceOfInsuranceExcessOrUmbrellaLiabilityEachOccurrence,Each Occurrence,,matchOnce,must be greater or equal to,75000000,50000000,non_compliant,Standard 1 with Drone Liability,,,false,3,,2026-08-16
QTS Data Centers,6a15b733bd30da3db41030c6,69f0f3c4beb6279e947be0e4,Gilbane Building Company,69f10c28beb6279e947be4d6,"CLT1DC1 - QTS York I, LLC",evidenceOfInsurance,Evidence of Insurance,excessOrUmbrellaLiability,Umbrella/Excess Liability,evidenceOfInsuranceExcessOrUmbrellaLiabilityAdditionalInsuredEndorsement,Additional Insured,"---prompt---
Determine if the certificate holder is covered as an additional insured under the Umbrella/Excess Liability policy. Evidence may include: a checked ""Additional Insured"" box on the certificate for the umbrella section, mention in the Description of Operations section, reference to ""follow form"" status (which would extend underlying additional insured status), or explicit language naming the certificate holder as additional insured on the umbrella.",matchOnce,must be present,,Present,compliant,Standard 1 with Drone Liability,,,false,3,,2026-08-16
QTS Data Centers,6a15b733bd30da3db41030c6,69f0f3c4beb6279e947be0e4,Gilbane Building Company,69f10c28beb6279e947be4d6,"CLT1DC1 - QTS York I, LLC",evidenceOfInsurance,Evidence of Insurance,excessOrUmbrellaLiability,Umbrella/Excess Liability,evidenceOfInsuranceExcessOrUmbrellaLiabilityWaiverOfSubrogationEndorsement,Waiver of Subrogation,"---prompt---
Determine if the insurer has waived their right of subrogation in favor of the certificate holder under the Umbrella/Excess Liability policy. Evidence may include: a checked ""Waiver of Subrogation"" box on the certificate, mention in the Description of Operations section stating ""waiver of subrogation applies"", or reference to ""follow form"" status (which would extend underlying waiver). Look for language like ""subrogation is waived"" or ""per written contract"".",matchOnce,must be present,,Present,compliant,Standard 1 with Drone Liability,,,false,3,,2026-08-16
QTS Data Centers,6a15b733bd30da3db41030c6,69f0f3c4beb6279e947be0e4,Gilbane Building Company,69f10c28beb6279e947be4d6,"CLT1DC1 - QTS York I, LLC",evidenceOfInsurance,Evidence of Insurance,excessOrUmbrellaLiability,Umbrella/Excess Liability,evidenceOfInsuranceExcessOrUmbrellaLiabilityPrimaryAndNonContributoryEndorsement,Primary and Non-Contributory,"---prompt---
Determine if the Umbrella/Excess Liability policy provides primary and non-contributory coverage for the certificate holder. Evidence may include: a checked ""Primary"" box on the certificate, mention in the Description of Operations section stating ""primary and non-contributory"", or reference to ""follow form"" status (which would extend underlying primary status). Look for language indicating this policy will pay first before other applicable insurance and will not seek contribution.",matchOnce,must be present,,Present,compliant,Standard 1 with Drone Liability,,,false,3,,2026-08-16
QTS Data Centers,6a15b733bd30da3db41030c6,69f0f3c4beb6279e947be0e4,Gilbane Building Company,69f10c28beb6279e947be4d6,"CLT1DC1 - QTS York I, LLC",evidenceOfInsurance,Evidence of Insurance,workersCompensation,Workers' Compensation and Employer's Liability,evidenceOfInsuranceWorkersCompensationStatutoryLimits,Statutory Limits,,matchOnce,must be present,,Present,compliant,Standard 1 with Drone Liability,,,false,3,,2026-08-16
QTS Data Centers,6a15b733bd30da3db41030c6,69f0f3c4beb6279e947be0e4,Gilbane Building Company,69f10c28beb6279e947be4d6,"CLT1DC1 - QTS York I, LLC",evidenceOfInsurance,Evidence of Insurance,workersCompensation,Workers' Compensation and Employer's Liability,evidenceOfInsuranceWorkersCompensationEmployersLiabilityDiseaseEachEmployee,Employer's Liability Disease - each employee,,matchOnce,must be greater or equal to,1000000,1000000,compliant,Standard 1 with Drone Liability,,,false,3,,2026-08-16
QTS Data Centers,6a15b733bd30da3db41030c6,69f0f3c4beb6279e947be0e4,Gilbane Building Company,69f10c28beb6279e947be4d6,"CLT1DC1 - QTS York I, LLC",evidenceOfInsurance,Evidence of Insurance,workersCompensation,Workers' Compensation and Employer's Liability,evidenceOfInsuranceWorkersCompensationEmployersLiabilityDiseasePolicyLimit,Employer's Liability Disease - policy limit,,matchOnce,must be greater or equal to,1000000,1000000,compliant,Standard 1 with Drone Liability,,,false,3,,2026-08-16
QTS Data Centers,6a15b733bd30da3db41030c6,69f0f3c4beb6279e947be0e4,Gilbane Building Company,69f10c28beb6279e947be4d6,"CLT1DC1 - QTS York I, LLC",evidenceOfInsurance,Evidence of Insurance,workersCompensation,Workers' Compensation and Employer's Liability,evidenceOfInsuranceWorkersCompensationEmployersLiabilityEachAccident,Employer's Liability Each Accident,,matchOnce,must be greater or equal to,1000000,1000000,compliant,Standard 1 with Drone Liability,,,false,3,,2026-08-16
QTS Data Centers,6a15b733bd30da3db41030c6,69f0f3c4beb6279e947be0e4,Gilbane Building Company,69f10c28beb6279e947be4d6,"CLT1DC1 - QTS York I, LLC",evidenceOfInsurance,Evidence of Insurance,workersCompensation,Workers' Compensation and Employer's Liability,evidenceOfInsuranceWorkersCompensationWaiverOfSubrogationEndorsement,Waiver of Subrogation,"---prompt---
Determine if the insurer has waived their right of subrogation in favor of the certificate holder under the Workers' Compensation policy. Evidence may include: a checked ""Waiver of Subrogation"" box on the certificate, mention in the Description of Operations section stating ""waiver of subrogation applies"", or reference to form WC 00 03 13. Look for language like ""subrogation is waived"" or ""per written contract"".",matchOnce,must be present,,Present,compliant,Standard 1 with Drone Liability,,,false,3,,2026-08-16
QTS Data Centers,6a15b733bd30da3db41030c6,69f0f3c4beb6279e947be0e4,Gilbane Building Company,69f10c28beb6279e947be4d6,"CLT1DC1 - QTS York I, LLC",evidenceOfInsurance,Evidence of Insurance,pollution,Pollution Liability,evidenceOfInsurancePollutionLimitsEachClaim,Each Claim,,matchOnce,must be greater or equal to,5000000,10000000,compliant,Standard 1 with Drone Liability,,,false,3,,2026-08-16
QTS Data Centers,6a15b733bd30da3db41030c6,69f0f3c4beb6279e947be0e4,Gilbane Building Company,69f10c28beb6279e947be4d6,"CLT1DC1 - QTS York I, LLC",evidenceOfInsurance,Evidence of Insurance,pollution,Pollution Liability,11078834-6a06-5a62-ada1-e6a90abce9ba,Additional Insured Endorsement must be present,,matchOnce,must be present,,Present,compliant,Standard 1 with Drone Liability,,,true,1,,2026-08-16
QTS Data Centers,6a15b733bd30da3db41030c6,69f0f3c4beb6279e947be0e4,Gilbane Building Company,69f10c28beb6279e947be4d6,"CLT1DC1 - QTS York I, LLC",evidenceOfInsurance,Evidence of Insurance,professional,Professional Liability,evidenceOfInsuranceProfessionalLimitsEachClaim,Each Claim,,matchOnce,must be greater or equal to,5000000,10000000,compliant,Standard 1 with Drone Liability,,,false,3,,2026-08-16
QTS Data Centers,6a15b733bd30da3db41030c6,69f0f3c4beb6279e947be0e4,Gilbane Building Company,69f10c28beb6279e947be4d6,"CLT1DC1 - QTS York I, LLC",evidenceOfInsurance,Evidence of Insurance,e54fdf78-f8fe-5b2e-a5f7-0ae05bbd7f66,Drone Liability,eec8a429-f600-558d-8fec-56d960319d19,Each Claim,,matchOnce,must be greater or equal to,5000000,,non_compliant,Standard 1 with Drone Liability,,,true,0,,2026-08-16
QTS Data Centers,6a15b733bd30da3db41030c6,69f0f3c4beb6279e947be0e4,Gilbane Building Company,69f10c28beb6279e947be4d6,"CLT1DC1 - QTS York I, LLC",evidenceOfInsurance,Evidence of Insurance,6ac20aae-5728-5d57-b364-aeba38527dba,Additional Requirements,655cb50e-155d-5f8c-af5e-e7386263aa58,"Certificate Holder must read as: ""Quality Technology Services, LLC, 
Attention: Procurement Department
300 Satellite Blvd NW, Suwanee, GA 30024.""",,matchOnce,must be present,,Present,compliant,Standard 1 with Drone Liability,,,true,1,,2026-08-16
QTS Data Centers,6a15b733bd30da3db41030c6,69f0f3c4beb6279e947be0e4,Gilbane Building Company,69f10c28beb6279e947be4d6,"CLT1DC1 - QTS York I, LLC",evidenceOfInsurance,Evidence of Insurance,6ac20aae-5728-5d57-b364-aeba38527dba,Additional Requirements,25da7a11-b805-5d7d-8deb-65519e743757,"Description of Operations must read: Quality Tech, LP, and its officers, directors, employees, parents, subsidiaries, affiliates, and related companies, successors, and permitted assigns",,matchOnce,must be present,,Present,compliant,Standard 1 with Drone Liability,,,true,1,,2026-08-16
QTS Data Centers,6a15b733bd30da3db41030c6,69f0f3c4beb6279e947be0e4,Gilbane Building Company,69f10c28beb6279e947be4d6,"CLT1DC1 - QTS York I, LLC",evidenceOfInsurance,Evidence of Insurance,6ac20aae-5728-5d57-b364-aeba38527dba,Additional Requirements,8d7b12d5-c6dc-5efe-8cbd-acd9adedde5b,"Description of Operations must read: CLT1DC1, located at 2143 Hands Mill Hwy York, SC 29745",,matchOnce,must be present,,Present,compliant,Standard 1 with Drone Liability,,,true,2,,2026-08-16
QTS Data Centers,6a15b733bd30da3db41030c6,69f0f3c4beb6279e947be0e4,Gilbane Building Company,69f10c28beb6279e947be4d6,"CLT1DC1 - QTS York I, LLC",evidenceOfInsurance,Evidence of Insurance,6ac20aae-5728-5d57-b364-aeba38527dba,Additional Requirements,03d7ddc3-a527-5f18-bdf6-355eb23cd9de,30-Day Notice of Cancellation must be present,,matchOnce,must be present,,Present,compliant,Standard 1 with Drone Liability,,,true,1,,2026-08-16
QTS Data Centers,6a15b733bd30da3db41030c6,69f0f3c4beb6279e947be0e4,Gilbane Building Company,69f10c28beb6279e947be4d6,"CLT1DC1 - QTS York I, LLC",evidenceOfInsurance,Evidence of Insurance,6ac20aae-5728-5d57-b364-aeba38527dba,Additional Requirements,c98524c9-84cb-521a-bd63-4ad3494539f8,"Description of Operations must read: Commercial General Liability shall not include the following endorsements/exclusions or equivalent:

1. CG 2294 or CG 2295 (Damage to Work Performed by Contractors Exclusion)
2. CG 2139 (Contractual Limitation Endorsement)
3. CG 2196 (Silica or Silica Dust Exclusion), unless otherwise covered under an applicable pollution policy.
4. CG 2142 (Explosion, Collapse or Underground Exclusion)",,matchOnce,must be present,,Present,compliant,Standard 1 with Drone Liability,,,true,1,,2026-08-16
QTS Data Centers,6a15b733bd30da3db41030c6,69f0f3c4beb6279e947be0e4,Gilbane Building Company,69f10c28beb6279e947be4d6,"CLT1DC1 - QTS York I, LLC",evidenceOfInsurance,Evidence of Insurance,6ac20aae-5728-5d57-b364-aeba38527dba,Additional Requirements,71685e25-c6d0-5692-aaaf-30f59a2f9a83,"Description of Operations must read: Workers Compensation shall include ""all states"" coverage",,matchOnce,must be present,,,non_compliant,Standard 1 with Drone Liability,,,true,0,,2026-08-16
QTS Data Centers,6a15b733bd30da3db41030e1,69f0f3c5beb6279e947be10c,"Suffolk Construction Company, Inc.",6a071cf97ee88c9e3617f343,"CDR1DC4 - QTS Cedar Rapids I DC4, LLC",evidenceOfInsurance,Evidence of Insurance,commercialGeneralLiability,Commercial General Liability,evidenceOfInsuranceCommercialGeneralLiabilityAMBestRating,AM Best Rating,,matchOnce,must be greater or equal to,130,140,compliant,Standard 3 with Drone Liability,,,false,2,,2026-08-16
QTS Data Centers,6a15b733bd30da3db41030e1,69f0f3c5beb6279e947be10c,"Suffolk Construction Company, Inc.",6a071cf97ee88c9e3617f343,"CDR1DC4 - QTS Cedar Rapids I DC4, LLC",evidenceOfInsurance,Evidence of Insurance,commercialGeneralLiability,Commercial General Liability,evidenceOfInsuranceCommercialGeneralLiabilityAMBestFinancialStrength,AM Best Financial Strength,,matchOnce,must be greater or equal to,70,150,compliant,Standard 3 with Drone Liability,,,false,2,,2026-08-16
QTS Data Centers,6a15b733bd30da3db41030e1,69f0f3c5beb6279e947be10c,"Suffolk Construction Company, Inc.",6a071cf97ee88c9e3617f343,"CDR1DC4 - QTS Cedar Rapids I DC4, LLC",evidenceOfInsurance,Evidence of Insurance,commercialGeneralLiability,Commercial General Liability,evidenceOfInsuranceCommercialGeneralLiabilityCoverageTriggerOccurrence,Coverage Trigger: Occurrence,,matchOnce,must be present,,Present,compliant,Standard 3 with Drone Liability,,,false,2,,2026-08-16
QTS Data Centers,6a15b733bd30da3db41030e1,69f0f3c5beb6279e947be10c,"Suffolk Construction Company, Inc.",6a071cf97ee88c9e3617f343,"CDR1DC4 - QTS Cedar Rapids I DC4, LLC",evidenceOfInsurance,Evidence of Insurance,commercialGeneralLiability,Commercial General Liability,evidenceOfInsuranceCommercialGeneralLiabilityGeneralAggregateLimitAppliesPerProject,General Aggregate Limit Applies per: Project,,matchOnce,must be present,,Present,compliant,Standard 3 with Drone Liability,,,false,2,,2026-08-16
QTS Data Centers,6a15b733bd30da3db41030e1,69f0f3c5beb6279e947be10c,"Suffolk Construction Company, Inc.",6a071cf97ee88c9e3617f343,"CDR1DC4 - QTS Cedar Rapids I DC4, LLC",evidenceOfInsurance,Evidence of Insurance,commercialGeneralLiability,Commercial General Liability,evidenceOfInsuranceCommercialGeneralLiabilityEachOccurrence,Each Occurrence,,matchOnce,must be greater or equal to,2000000,3000000,compliant,Standard 3 with Drone Liability,,,false,2,,2026-08-16
QTS Data Centers,6a15b733bd30da3db41030e1,69f0f3c5beb6279e947be10c,"Suffolk Construction Company, Inc.",6a071cf97ee88c9e3617f343,"CDR1DC4 - QTS Cedar Rapids I DC4, LLC",evidenceOfInsurance,Evidence of Insurance,commercialGeneralLiability,Commercial General Liability,evidenceOfInsuranceCommercialGeneralLiabilityGeneralAggregate,General Aggregate,,matchOnce,must be greater or equal to,4000000,6000000,compliant,Standard 3 with Drone Liability,,,false,2,,2026-08-16
QTS Data Centers,6a15b733bd30da3db41030e1,69f0f3c5beb6279e947be10c,"Suffolk Construction Company, Inc.",6a071cf97ee88c9e3617f343,"CDR1DC4 - QTS Cedar Rapids I DC4, LLC",evidenceOfInsurance,Evidence of Insurance,commercialGeneralLiability,Commercial General Liability,evidenceOfInsuranceCommercialGeneralLiabilityProducsCompletedOperationsAggregate,Products/Completed Operations Aggregate,,matchOnce,must be greater or equal to,4000000,6000000,compliant,Standard 3 with Drone Liability,,,false,2,,2026-08-16
QTS Data Centers,6a15b733bd30da3db41030e1,69f0f3c5beb6279e947be10c,"Suffolk Construction Company, Inc.",6a071cf97ee88c9e3617f343,"CDR1DC4 - QTS Cedar Rapids I DC4, LLC",evidenceOfInsurance,Evidence of Insurance,commercialGeneralLiability,Commercial General Liability,evidenceOfInsuranceCommercialGeneralLiabilityAdditionalInsuredEndorsementOngoingOps,Additional Insured - Ongoing Operations,"---prompt---
Verify that additional insured coverage specifically includes ongoing operations. Look in the Description of Operations section for language like ""additional insured for ongoing operations"", ""CG 20 10"", ""CG 20 37"", or ""operations performed by or on behalf of the named insured"". The coverage should explicitly reference ongoing work, not just completed operations.",matchOnce,must be present,,Present,compliant,Standard 3 with Drone Liability,,,false,2,,2026-08-16
QTS Data Centers,6a15b733bd30da3db41030e1,69f0f3c5beb6279e947be10c,"Suffolk Construction Company, Inc.",6a071cf97ee88c9e3617f343,"CDR1DC4 - QTS Cedar Rapids I DC4, LLC",evidenceOfInsurance,Evidence of Insurance,commercialGeneralLiability,Commercial General Liability,evidenceOfInsuranceCommercialGeneralLiabilityAdditionalInsuredEndorsementCompletedOps,Additional Insured - Completed Operations,"---prompt---
Verify that additional insured coverage specifically includes completed operations. Look in the Description of Operations section for language like ""additional insured for completed operations"", ""CG 20 37"", ""products-completed operations"", or similar. This coverage protects the certificate holder for claims arising after work is finished.",matchOnce,must be present,,Present,compliant,Standard 3 with Drone Liability,,,false,1,,2026-08-16
QTS Data Centers,6a15b733bd30da3db41030e1,69f0f3c5beb6279e947be10c,"Suffolk Construction Company, Inc.",6a071cf97ee88c9e3617f343,"CDR1DC4 - QTS Cedar Rapids I DC4, LLC",evidenceOfInsurance,Evidence of Insurance,commercialGeneralLiability,Commercial General Liability,evidenceOfInsuranceCommercialGeneralLiabilityWaiverOfSubrogationEndorsement,Waiver of Subrogation,"---prompt---
Determine if the insurer has waived their right of subrogation in favor of the certificate holder under the Commercial General Liability policy. Evidence may include: a checked ""Waiver of Subrogation"" box on the certificate, mention in the Description of Operations section stating ""waiver of subrogation applies"", or reference to form CG 24 04. Look for language like ""subrogation is waived"" or ""per written contract"".",matchOnce,must be present,,Present,compliant,Standard 3 with Drone Liability,,,false,2,,2026-08-16
QTS Data Centers,6a15b733bd30da3db41030e1,69f0f3c5beb6279e947be10c,"Suffolk Construction Company, Inc.",6a071cf97ee88c9e3617f343,"CDR1DC4 - QTS Cedar Rapids I DC4, LLC",evidenceOfInsurance,Evidence of Insurance,commercialGeneralLiability,Commercial General Liability,evidenceOfInsuranceCommercialGeneralLiabilityPrimaryAndNonContributoryEndorsement,Primary and Non-Contributory,"---prompt---
Determine if the Commercial General Liability policy provides primary and non-contributory coverage for the certificate holder. Evidence may include: a checked ""Primary"" box on the certificate, mention in the Description of Operations section stating ""primary and non-contributory"", or reference to endorsement CG 20 01. Look for language indicating this policy will pay first before other applicable insurance and will not seek contribution.",matchOnce,must be present,,Present,compliant,Standard 3 with Drone Liability,,,false,2,,2026-08-16
QTS Data Centers,6a15b733bd30da3db41030e1,69f0f3c5beb6279e947be10c,"Suffolk Construction Company, Inc.",6a071cf97ee88c9e3617f343,"CDR1DC4 - QTS Cedar Rapids I DC4, LLC",evidenceOfInsurance,Evidence of Insurance,commercialGeneralLiability,Commercial General Liability,9c28ed56-e307-5cf9-88e9-0ada1f283104,Physical 30 Days Notice of Cancellation - 10 Days Notice for Non Payment Endorsement must be present,,matchOnce,must be present,,Present,compliant,Standard 3 with Drone Liability,,,true,2,,2026-08-16
QTS Data Centers,6a15b733bd30da3db41030e1,69f0f3c5beb6279e947be10c,"Suffolk Construction Company, Inc.",6a071cf97ee88c9e3617f343,"CDR1DC4 - QTS Cedar Rapids I DC4, LLC",evidenceOfInsurance,Evidence of Insurance,automobileLiability,Automobile Liability,evidenceOfInsuranceAutomobileLiabilityCombinedSingleLimitEachAccident,Combined Single Limit (each accident),,matchOnce,must be greater or equal to,1000000,2000000,compliant,Standard 3 with Drone Liability,,,false,2,,2026-08-16
QTS Data Centers,6a15b733bd30da3db41030e1,69f0f3c5beb6279e947be10c,"Suffolk Construction Company, Inc.",6a071cf97ee88c9e3617f343,"CDR1DC4 - QTS Cedar Rapids I DC4, LLC",evidenceOfInsurance,Evidence of Insurance,automobileLiability,Automobile Liability,evidenceOfInsuranceAutomobileLiabilityCoverageAppliesToOwnedAutosOnly,Coverage Applies To: Owned Autos Only,,matchOnce,must be present,,Present,compliant,Standard 3 with Drone Liability,,,false,2,,2026-08-16
QTS Data Centers,6a15b733bd30da3db41030e1,69f0f3c5beb6279e947be10c,"Suffolk Construction Company, Inc.",6a071cf97ee88c9e3617f343,"CDR1DC4 - QTS Cedar Rapids I DC4, LLC",evidenceOfInsurance,Evidence of Insurance,automobileLiability,Automobile Liability,evidenceOfInsuranceAutomobileLiabilityCoverageAppliesToNonOwnedAutosOnly,Coverage Applies To: Non-Owned Autos Only,,matchOnce,must be present,,Present,compliant,Standard 3 with Drone Liability,,,false,2,,2026-08-16
QTS Data Centers,6a15b733bd30da3db41030e1,69f0f3c5beb6279e947be10c,"Suffolk Construction Company, Inc.",6a071cf97ee88c9e3617f343,"CDR1DC4 - QTS Cedar Rapids I DC4, LLC",evidenceOfInsurance,Evidence of Insurance,automobileLiability,Automobile Liability,evidenceOfInsuranceAutomobileLiabilityCoverageAppliesToHiredAutosOnly,Coverage Applies To: Hired Autos Only,,matchOnce,must be present,,Present,compliant,Standard 3 with Drone Liability,,,false,2,,2026-08-16
QTS Data Centers,6a15b733bd30da3db41030e1,69f0f3c5beb6279e947be10c,"Suffolk Construction Company, Inc.",6a071cf97ee88c9e3617f343,"CDR1DC4 - QTS Cedar Rapids I DC4, LLC",evidenceOfInsurance,Evidence of Insurance,automobileLiability,Automobile Liability,evidenceOfInsuranceAutomobileLiabilityAdditionalInsuredEndorsement,Additional Insured,"---prompt---
Determine if the certificate holder is covered as an additional insured under the Automobile Liability policy. Evidence may include: a checked ""Additional Insured"" box on the certificate for the auto section, mention in the Description of Operations section, or reference to blanket additional insured coverage. Look for form number CA 20 48 or language like ""certificate holder is additional insured"" or ""per written contract"".",matchOnce,must be present,,Present,compliant,Standard 3 with Drone Liability,,,false,2,,2026-08-16
QTS Data Centers,6a15b733bd30da3db41030e1,69f0f3c5beb6279e947be10c,"Suffolk Construction Company, Inc.",6a071cf97ee88c9e3617f343,"CDR1DC4 - QTS Cedar Rapids I DC4, LLC",evidenceOfInsurance,Evidence of Insurance,automobileLiability,Automobile Liability,evidenceOfInsuranceAutomobileLiabilityPrimaryAndNonContributoryEndorsement,Primary and Non-Contributory,"---prompt---
Determine if the Automobile Liability policy provides primary and non-contributory coverage for the certificate holder. Evidence may include: a checked ""Primary"" box on the certificate, mention in the Description of Operations section stating ""primary and non-contributory"". Look for language indicating this policy will pay first before other applicable insurance and will not seek contribution.",matchOnce,must be present,,Present,compliant,Standard 3 with Drone Liability,,,false,2,,2026-08-16
QTS Data Centers,6a15b733bd30da3db41030e1,69f0f3c5beb6279e947be10c,"Suffolk Construction Company, Inc.",6a071cf97ee88c9e3617f343,"CDR1DC4 - QTS Cedar Rapids I DC4, LLC",evidenceOfInsurance,Evidence of Insurance,automobileLiability,Automobile Liability,evidenceOfInsuranceAutomobileLiabilityWaiverOfSubrogationEndorsement,Waiver of Subrogation,"---prompt---
Determine if the insurer has waived their right of subrogation in favor of the certificate holder under the Automobile Liability policy. Evidence may include: a checked ""Waiver of Subrogation"" box on the certificate, mention in the Description of Operations section stating ""waiver of subrogation applies"", or reference to form CA 04 44. Look for language like ""subrogation is waived"" or ""per written contract"".",matchOnce,must be present,,Present,compliant,Standard 3 with Drone Liability,,,false,2,,2026-08-16
QTS Data Centers,6a15b733bd30da3db41030e1,69f0f3c5beb6279e947be10c,"Suffolk Construction Company, Inc.",6a071cf97ee88c9e3617f343,"CDR1DC4 - QTS Cedar Rapids I DC4, LLC",evidenceOfInsurance,Evidence of Insurance,automobileLiability,Automobile Liability,0e6f6daa-effc-5c25-af03-4f7e657ae801,Physical MCS-90 Endorsement must be present,,matchOnce,must be present,,,waived,Standard 3 with Drone Liability,"Known exposure, not required per Deniese on 2026/07/22",,true,0,,2026-08-16
QTS Data Centers,6a15b733bd30da3db41030e1,69f0f3c5beb6279e947be10c,"Suffolk Construction Company, Inc.",6a071cf97ee88c9e3617f343,"CDR1DC4 - QTS Cedar Rapids I DC4, LLC",evidenceOfInsurance,Evidence of Insurance,excessOrUmbrellaLiability,Umbrella/Excess Liability,evidenceOfInsuranceExcessOrUmbrellaLiabilityOccurence,Coverage Trigger: Occurrence,,matchOnce,must be present,,Present,compliant,Standard 3 with Drone Liability,,,false,2,,2026-08-16
QTS Data Centers,6a15b733bd30da3db41030e1,69f0f3c5beb6279e947be10c,"Suffolk Construction Company, Inc.",6a071cf97ee88c9e3617f343,"CDR1DC4 - QTS Cedar Rapids I DC4, LLC",evidenceOfInsurance,Evidence of Insurance,excessOrUmbrellaLiability,Umbrella/Excess Liability,evidenceOfInsuranceExcessOrUmbrellaLiabilityEachOccurrence,Each Occurrence,,matchOnce,must be greater or equal to,50000000,50000000,compliant,Standard 3 with Drone Liability,,,false,2,,2026-08-16
QTS Data Centers,6a15b733bd30da3db41030e1,69f0f3c5beb6279e947be10c,"Suffolk Construction Company, Inc.",6a071cf97ee88c9e3617f343,"CDR1DC4 - QTS Cedar Rapids I DC4, LLC",evidenceOfInsurance,Evidence of Insurance,excessOrUmbrellaLiability,Umbrella/Excess Liability,evidenceOfInsuranceExcessOrUmbrellaLiabilityAdditionalInsuredEndorsement,Additional Insured,"---prompt---
Determine if the certificate holder is covered as an additional insured under the Umbrella/Excess Liability policy. Evidence may include: a checked ""Additional Insured"" box on the certificate for the umbrella section, mention in the Description of Operations section, reference to ""follow form"" status (which would extend underlying additional insured status), or explicit language naming the certificate holder as additional insured on the umbrella.",matchOnce,must be present,,Present,compliant,Standard 3 with Drone Liability,,,false,2,,2026-08-16
QTS Data Centers,6a15b733bd30da3db41030e1,69f0f3c5beb6279e947be10c,"Suffolk Construction Company, Inc.",6a071cf97ee88c9e3617f343,"CDR1DC4 - QTS Cedar Rapids I DC4, LLC",evidenceOfInsurance,Evidence of Insurance,excessOrUmbrellaLiability,Umbrella/Excess Liability,evidenceOfInsuranceExcessOrUmbrellaLiabilityPrimaryAndNonContributoryEndorsement,Primary and Non-Contributory,"---prompt---
Determine if the Umbrella/Excess Liability policy provides primary and non-contributory coverage for the certificate holder. Evidence may include: a checked ""Primary"" box on the certificate, mention in the Description of Operations section stating ""primary and non-contributory"", or reference to ""follow form"" status (which would extend underlying primary status). Look for language indicating this policy will pay first before other applicable insurance and will not seek contribution.",matchOnce,must be present,,Present,compliant,Standard 3 with Drone Liability,,,false,2,,2026-08-16
QTS Data Centers,6a15b733bd30da3db41030e1,69f0f3c5beb6279e947be10c,"Suffolk Construction Company, Inc.",6a071cf97ee88c9e3617f343,"CDR1DC4 - QTS Cedar Rapids I DC4, LLC",evidenceOfInsurance,Evidence of Insurance,excessOrUmbrellaLiability,Umbrella/Excess Liability,evidenceOfInsuranceExcessOrUmbrellaLiabilityWaiverOfSubrogationEndorsement,Waiver of Subrogation,"---prompt---
Determine if the insurer has waived their right of subrogation in favor of the certificate holder under the Umbrella/Excess Liability policy. Evidence may include: a checked ""Waiver of Subrogation"" box on the certificate, mention in the Description of Operations section stating ""waiver of subrogation applies"", or reference to ""follow form"" status (which would extend underlying waiver). Look for language like ""subrogation is waived"" or ""per written contract"".",matchOnce,must be present,,Present,compliant,Standard 3 with Drone Liability,,,false,2,,2026-08-16
QTS Data Centers,6a15b733bd30da3db41030e1,69f0f3c5beb6279e947be10c,"Suffolk Construction Company, Inc.",6a071cf97ee88c9e3617f343,"CDR1DC4 - QTS Cedar Rapids I DC4, LLC",evidenceOfInsurance,Evidence of Insurance,workersCompensation,Workers' Compensation and Employer's Liability,evidenceOfInsuranceWorkersCompensationStatutoryLimits,Statutory Limits,,matchOnce,must be present,,Present,compliant,Standard 3 with Drone Liability,,,false,2,,2026-08-16
QTS Data Centers,6a15b733bd30da3db41030e1,69f0f3c5beb6279e947be10c,"Suffolk Construction Company, Inc.",6a071cf97ee88c9e3617f343,"CDR1DC4 - QTS Cedar Rapids I DC4, LLC",evidenceOfInsurance,Evidence of Insurance,workersCompensation,Workers' Compensation and Employer's Liability,evidenceOfInsuranceWorkersCompensationEmployersLiabilityDiseaseEachEmployee,Employer's Liability Disease - each employee,,matchOnce,must be greater or equal to,1000000,1000000,compliant,Standard 3 with Drone Liability,,,false,2,,2026-08-16
QTS Data Centers,6a15b733bd30da3db41030e1,69f0f3c5beb6279e947be10c,"Suffolk Construction Company, Inc.",6a071cf97ee88c9e3617f343,"CDR1DC4 - QTS Cedar Rapids I DC4, LLC",evidenceOfInsurance,Evidence of Insurance,workersCompensation,Workers' Compensation and Employer's Liability,evidenceOfInsuranceWorkersCompensationEmployersLiabilityDiseasePolicyLimit,Employer's Liability Disease - policy limit,,matchOnce,must be greater or equal to,1000000,1000000,compliant,Standard 3 with Drone Liability,,,false,2,,2026-08-16
QTS Data Centers,6a15b733bd30da3db41030e1,69f0f3c5beb6279e947be10c,"Suffolk Construction Company, Inc.",6a071cf97ee88c9e3617f343,"CDR1DC4 - QTS Cedar Rapids I DC4, LLC",evidenceOfInsurance,Evidence of Insurance,workersCompensation,Workers' Compensation and Employer's Liability,evidenceOfInsuranceWorkersCompensationEmployersLiabilityEachAccident,Employer's Liability Each Accident,,matchOnce,must be greater or equal to,1000000,1000000,compliant,Standard 3 with Drone Liability,,,false,2,,2026-08-16
QTS Data Centers,6a15b733bd30da3db41030e1,69f0f3c5beb6279e947be10c,"Suffolk Construction Company, Inc.",6a071cf97ee88c9e3617f343,"CDR1DC4 - QTS Cedar Rapids I DC4, LLC",evidenceOfInsurance,Evidence of Insurance,workersCompensation,Workers' Compensation and Employer's Liability,evidenceOfInsuranceWorkersCompensationWaiverOfSubrogationEndorsement,Waiver of Subrogation,"---prompt---
Determine if the insurer has waived their right of subrogation in favor of the certificate holder under the Workers' Compensation policy. Evidence may include: a checked ""Waiver of Subrogation"" box on the certificate, mention in the Description of Operations section stating ""waiver of subrogation applies"", or reference to form WC 00 03 13. Look for language like ""subrogation is waived"" or ""per written contract"".",matchOnce,must be present,,Present,compliant,Standard 3 with Drone Liability,,,false,2,,2026-08-16
QTS Data Centers,6a15b733bd30da3db41030e1,69f0f3c5beb6279e947be10c,"Suffolk Construction Company, Inc.",6a071cf97ee88c9e3617f343,"CDR1DC4 - QTS Cedar Rapids I DC4, LLC",evidenceOfInsurance,Evidence of Insurance,pollution,Pollution Liability,evidenceOfInsurancePollutionLimitsEachClaim,Each Claim,,matchOnce,must be greater or equal to,5000000,100000000,compliant,Standard 3 with Drone Liability,,,false,2,,2026-08-16
QTS Data Centers,6a15b733bd30da3db41030e1,69f0f3c5beb6279e947be10c,"Suffolk Construction Company, Inc.",6a071cf97ee88c9e3617f343,"CDR1DC4 - QTS Cedar Rapids I DC4, LLC",evidenceOfInsurance,Evidence of Insurance,pollution,Pollution Liability,11078834-6a06-5a62-ada1-e6a90abce9ba,Additional Insured Endorsement must be present,,matchOnce,must be present,,Present,compliant,Standard 3 with Drone Liability,,,true,1,,2026-08-16
QTS Data Centers,6a15b733bd30da3db41030e1,69f0f3c5beb6279e947be10c,"Suffolk Construction Company, Inc.",6a071cf97ee88c9e3617f343,"CDR1DC4 - QTS Cedar Rapids I DC4, LLC",evidenceOfInsurance,Evidence of Insurance,professional,Professional Liability,evidenceOfInsuranceProfessionalLimitsEachClaim,Each Claim,,matchOnce,must be greater or equal to,5000000,25000000,compliant,Standard 3 with Drone Liability,,,false,2,,2026-08-16
QTS Data Centers,6a15b733bd30da3db41030e1,69f0f3c5beb6279e947be10c,"Suffolk Construction Company, Inc.",6a071cf97ee88c9e3617f343,"CDR1DC4 - QTS Cedar Rapids I DC4, LLC",evidenceOfInsurance,Evidence of Insurance,professional,Professional Liability,d672162b-0115-567e-ac40-48cb8d46cdc0,"Professional Liability Coverage Deductible must be less than or equal to $100,000",,matchOnce,must be present,,Present,compliant,Standard 3 with Drone Liability,,,true,1,,2026-08-16
QTS Data Centers,6a15b733bd30da3db41030e1,69f0f3c5beb6279e947be10c,"Suffolk Construction Company, Inc.",6a071cf97ee88c9e3617f343,"CDR1DC4 - QTS Cedar Rapids I DC4, LLC",evidenceOfInsurance,Evidence of Insurance,e54fdf78-f8fe-5b2e-a5f7-0ae05bbd7f66,Drone Liability,eec8a429-f600-558d-8fec-56d960319d19,Each Claim,,matchOnce,must be greater or equal to,5000000,5000000,compliant,Standard 3 with Drone Liability,,,true,1,,2026-08-16
QTS Data Centers,6a15b733bd30da3db41030e1,69f0f3c5beb6279e947be10c,"Suffolk Construction Company, Inc.",6a071cf97ee88c9e3617f343,"CDR1DC4 - QTS Cedar Rapids I DC4, LLC",evidenceOfInsurance,Evidence of Insurance,6ac20aae-5728-5d57-b364-aeba38527dba,Additional Requirements,655cb50e-155d-5f8c-af5e-e7386263aa58,"Certificate Holder must read as: ""Quality Technology Services, LLC, 
Attention: Procurement Department
300 Satellite Blvd NW, Suwanee, GA 30024.""",,matchOnce,must be present,,Present,compliant,Standard 3 with Drone Liability,,,true,1,,2026-08-16
QTS Data Centers,6a15b733bd30da3db41030e1,69f0f3c5beb6279e947be10c,"Suffolk Construction Company, Inc.",6a071cf97ee88c9e3617f343,"CDR1DC4 - QTS Cedar Rapids I DC4, LLC",evidenceOfInsurance,Evidence of Insurance,6ac20aae-5728-5d57-b364-aeba38527dba,Additional Requirements,25da7a11-b805-5d7d-8deb-65519e743757,"Description of Operations must read: Quality Tech, LP, and its officers, directors, employees, parents, subsidiaries, affiliates, and related companies, successors, and permitted assigns",,matchOnce,must be present,,Present,compliant,Standard 3 with Drone Liability,,,true,1,,2026-08-16
QTS Data Centers,6a15b733bd30da3db41030e1,69f0f3c5beb6279e947be10c,"Suffolk Construction Company, Inc.",6a071cf97ee88c9e3617f343,"CDR1DC4 - QTS Cedar Rapids I DC4, LLC",evidenceOfInsurance,Evidence of Insurance,6ac20aae-5728-5d57-b364-aeba38527dba,Additional Requirements,8d7b12d5-c6dc-5efe-8cbd-acd9adedde5b,"Description of Operations must read: CDR1-DC4, located near the intersection of 76th Avenue Southwest and Tissel Hollow Road Southwest, in Cedar Rapids, Linn County, Iowa",,matchOnce,must be present,,Present,compliant,Standard 3 with Drone Liability,,,true,1,,2026-08-16
QTS Data Centers,6a15b733bd30da3db41030e1,69f0f3c5beb6279e947be10c,"Suffolk Construction Company, Inc.",6a071cf97ee88c9e3617f343,"CDR1DC4 - QTS Cedar Rapids I DC4, LLC",evidenceOfInsurance,Evidence of Insurance,6ac20aae-5728-5d57-b364-aeba38527dba,Additional Requirements,03d7ddc3-a527-5f18-bdf6-355eb23cd9de,30-Day Notice of Cancellation must be present,,matchOnce,must be present,,Present,compliant,Standard 3 with Drone Liability,,,true,2,,2026-08-16
QTS Data Centers,6a15b733bd30da3db41030e1,69f0f3c5beb6279e947be10c,"Suffolk Construction Company, Inc.",6a071cf97ee88c9e3617f343,"CDR1DC4 - QTS Cedar Rapids I DC4, LLC",evidenceOfInsurance,Evidence of Insurance,6ac20aae-5728-5d57-b364-aeba38527dba,Additional Requirements,24a2347c-ab39-5dea-a6af-ad750440dde1,"Description of Operations must read: Commercial General Liability shall not include the following endorsements/exclusions or equivalent:

1. CG 2149 or CG 2155 o CG 2198 (Absolute Pollution Exclusion)
2. CG 2294 or CG 2295 (Damage to Work Performed by Contractors Exclusion)
3. CG 2139 (Contractual Limitation Endorsement)
4. CG 2196 (Silica or Silica Dust Exclusion), unless otherwise covered under an applicable pollution policy.
5. CG 2142 (Explosion, Collapse or Underground Exclusion)",,matchOnce,must be present,,,waived,Standard 3 with Drone Liability,Client (Deniese/Mary) approved exception for Exclusion Language requirement through renewal - 2026-07-28,,true,0,2026-08-31,2026-08-16
QTS Data Centers,6a15b733bd30da3db41030e1,69f0f3c5beb6279e947be10c,"Suffolk Construction Company, Inc.",6a071cf97ee88c9e3617f343,"CDR1DC4 - QTS Cedar Rapids I DC4, LLC",evidenceOfInsurance,Evidence of Insurance,6ac20aae-5728-5d57-b364-aeba38527dba,Additional Requirements,71685e25-c6d0-5692-aaaf-30f59a2f9a83,"Description of Operations must read: Workers Compensation shall include ""all states"" coverage",,matchOnce,must be present,,,waived,Standard 3 with Drone Liability,"Client (Deniese/Mary) approved exception for ""All States"" WC Language requirement through renewal - 2026-07-28",,true,0,2026-08-31,2026-08-16
QTS Data Centers,6a15b733bd30da3db41030ce,69f0f3c4beb6279e947be0df,Evans General Contractors LLC,69f10c28beb6279e947be4df,"DEN1DC1 - QTS Aurora, LLC",evidenceOfInsurance,Evidence of Insurance,commercialGeneralLiability,Commercial General Liability,evidenceOfInsuranceCommercialGeneralLiabilityAMBestRating,AM Best Rating,,matchOnce,must be greater or equal to,140,,non_compliant,Standard 10 - UMB 50M,,,false,0,,2026-08-16
QTS Data Centers,6a15b733bd30da3db41030ce,69f0f3c4beb6279e947be0df,Evans General Contractors LLC,69f10c28beb6279e947be4df,"DEN1DC1 - QTS Aurora, LLC",evidenceOfInsurance,Evidence of Insurance,commercialGeneralLiability,Commercial General Liability,evidenceOfInsuranceCommercialGeneralLiabilityAMBestFinancialStrength,AM Best Financial Strength,,matchOnce,must be greater or equal to,100,,non_compliant,Standard 10 - UMB 50M,,,false,0,,2026-08-16
QTS Data Centers,6a15b733bd30da3db41030ce,69f0f3c4beb6279e947be0df,Evans General Contractors LLC,69f10c28beb6279e947be4df,"DEN1DC1 - QTS Aurora, LLC",evidenceOfInsurance,Evidence of Insurance,commercialGeneralLiability,Commercial General Liability,evidenceOfInsuranceCommercialGeneralLiabilityCoverageTriggerOccurrence,Coverage Trigger: Occurrence,,matchOnce,must be present,,,non_compliant,Standard 10 - UMB 50M,,,false,0,,2026-08-16
QTS Data Centers,6a15b733bd30da3db41030ce,69f0f3c4beb6279e947be0df,Evans General Contractors LLC,69f10c28beb6279e947be4df,"DEN1DC1 - QTS Aurora, LLC",evidenceOfInsurance,Evidence of Insurance,commercialGeneralLiability,Commercial General Liability,evidenceOfInsuranceCommercialGeneralLiabilityGeneralAggregateLimitAppliesPerProject,General Aggregate Limit Applies per: Project,,matchOnce,must be present,,,non_compliant,Standard 10 - UMB 50M,,,false,0,,2026-08-16
QTS Data Centers,6a15b733bd30da3db41030ce,69f0f3c4beb6279e947be0df,Evans General Contractors LLC,69f10c28beb6279e947be4df,"DEN1DC1 - QTS Aurora, LLC",evidenceOfInsurance,Evidence of Insurance,commercialGeneralLiability,Commercial General Liability,evidenceOfInsuranceCommercialGeneralLiabilityEachOccurrence,Each Occurrence,,matchOnce,must be greater or equal to,2000000,,non_compliant,Standard 10 - UMB 50M,,,false,0,,2026-08-16
QTS Data Centers,6a15b733bd30da3db41030ce,69f0f3c4beb6279e947be0df,Evans General Contractors LLC,69f10c28beb6279e947be4df,"DEN1DC1 - QTS Aurora, LLC",evidenceOfInsurance,Evidence of Insurance,commercialGeneralLiability,Commercial General Liability,evidenceOfInsuranceCommercialGeneralLiabilityGeneralAggregate,General Aggregate,,matchOnce,must be greater or equal to,5000000,,non_compliant,Standard 10 - UMB 50M,,,false,0,,2026-08-16
QTS Data Centers,6a15b733bd30da3db41030ce,69f0f3c4beb6279e947be0df,Evans General Contractors LLC,69f10c28beb6279e947be4df,"DEN1DC1 - QTS Aurora, LLC",evidenceOfInsurance,Evidence of Insurance,commercialGeneralLiability,Commercial General Liability,evidenceOfInsuranceCommercialGeneralLiabilityProducsCompletedOperationsAggregate,Products/Completed Operations Aggregate,,matchOnce,must be greater or equal to,5000000,,non_compliant,Standard 10 - UMB 50M,,,false,0,,2026-08-16
QTS Data Centers,6a15b733bd30da3db41030ce,69f0f3c4beb6279e947be0df,Evans General Contractors LLC,69f10c28beb6279e947be4df,"DEN1DC1 - QTS Aurora, LLC",evidenceOfInsurance,Evidence of Insurance,commercialGeneralLiability,Commercial General Liability,evidenceOfInsuranceCommercialGeneralLiabilityAdditionalInsuredEndorsementOngoingOps,Additional Insured - Ongoing Operations,"---prompt---
Verify that additional insured coverage specifically includes ongoing operations. Look in the Description of Operations section for language like ""additional insured for ongoing operations"", ""CG 20 10"", ""CG 20 37"", or ""operations performed by or on behalf of the named insured"". The coverage should explicitly reference ongoing work, not just completed operations.",matchOnce,must be present,,,non_compliant,Standard 10 - UMB 50M,,,false,0,,2026-08-16
QTS Data Centers,6a15b733bd30da3db41030ce,69f0f3c4beb6279e947be0df,Evans General Contractors LLC,69f10c28beb6279e947be4df,"DEN1DC1 - QTS Aurora, LLC",evidenceOfInsurance,Evidence of Insurance,commercialGeneralLiability,Commercial General Liability,evidenceOfInsuranceCommercialGeneralLiabilityAdditionalInsuredEndorsementCompletedOps,Additional Insured - Completed Operations,"---prompt---
Verify that additional insured coverage specifically includes completed operations. Look in the Description of Operations section for language like ""additional insured for completed operations"", ""CG 20 37"", ""products-completed operations"", or similar. This coverage protects the certificate holder for claims arising after work is finished.",matchOnce,must be present,,,non_compliant,Standard 10 - UMB 50M,,,false,0,,2026-08-16
QTS Data Centers,6a15b733bd30da3db41030ce,69f0f3c4beb6279e947be0df,Evans General Contractors LLC,69f10c28beb6279e947be4df,"DEN1DC1 - QTS Aurora, LLC",evidenceOfInsurance,Evidence of Insurance,commercialGeneralLiability,Commercial General Liability,evidenceOfInsuranceCommercialGeneralLiabilityWaiverOfSubrogationEndorsement,Waiver of Subrogation,"---prompt---
Determine if the insurer has waived their right of subrogation in favor of the certificate holder under the Commercial General Liability policy. Evidence may include: a checked ""Waiver of Subrogation"" box on the certificate, mention in the Description of Operations section stating ""waiver of subrogation applies"", or reference to form CG 24 04. Look for language like ""subrogation is waived"" or ""per written contract"".",matchOnce,must be present,,,non_compliant,Standard 10 - UMB 50M,,,false,0,,2026-08-16
QTS Data Centers,6a15b733bd30da3db41030ce,69f0f3c4beb6279e947be0df,Evans General Contractors LLC,69f10c28beb6279e947be4df,"DEN1DC1 - QTS Aurora, LLC",evidenceOfInsurance,Evidence of Insurance,commercialGeneralLiability,Commercial General Liability,evidenceOfInsuranceCommercialGeneralLiabilityPrimaryAndNonContributoryEndorsement,Primary and Non-Contributory,"---prompt---
Determine if the Commercial General Liability policy provides primary and non-contributory coverage for the certificate holder. Evidence may include: a checked ""Primary"" box on the certificate, mention in the Description of Operations section stating ""primary and non-contributory"", or reference to endorsement CG 20 01. Look for language indicating this policy will pay first before other applicable insurance and will not seek contribution.",matchOnce,must be present,,,non_compliant,Standard 10 - UMB 50M,,,false,0,,2026-08-16
QTS Data Centers,6a15b733bd30da3db41030ce,69f0f3c4beb6279e947be0df,Evans General Contractors LLC,69f10c28beb6279e947be4df,"DEN1DC1 - QTS Aurora, LLC",evidenceOfInsurance,Evidence of Insurance,commercialGeneralLiability,Commercial General Liability,9c28ed56-e307-5cf9-88e9-0ada1f283104,Physical 30 Days Notice of Cancellation - 10 Days Notice for Non Payment Endorsement must be present,,matchOnce,must be present,,,non_compliant,Standard 10 - UMB 50M,,,true,0,,2026-08-16
QTS Data Centers,6a15b733bd30da3db41030ce,69f0f3c4beb6279e947be0df,Evans General Contractors LLC,69f10c28beb6279e947be4df,"DEN1DC1 - QTS Aurora, LLC",evidenceOfInsurance,Evidence of Insurance,automobileLiability,Automobile Liability,evidenceOfInsuranceAutomobileLiabilityCombinedSingleLimitEachAccident,Combined Single Limit (each accident),,matchOnce,must be greater or equal to,1000000,,non_compliant,Standard 10 - UMB 50M,,,false,0,,2026-08-16
QTS Data Centers,6a15b733bd30da3db41030ce,69f0f3c4beb6279e947be0df,Evans General Contractors LLC,69f10c28beb6279e947be4df,"DEN1DC1 - QTS Aurora, LLC",evidenceOfInsurance,Evidence of Insurance,automobileLiability,Automobile Liability,evidenceOfInsuranceAutomobileLiabilityCoverageAppliesToOwnedAutosOnly,Coverage Applies To: Owned Autos Only,,matchOnce,must be present,,,non_compliant,Standard 10 - UMB 50M,,,false,0,,2026-08-16
QTS Data Centers,6a15b733bd30da3db41030ce,69f0f3c4beb6279e947be0df,Evans General Contractors LLC,69f10c28beb6279e947be4df,"DEN1DC1 - QTS Aurora, LLC",evidenceOfInsurance,Evidence of Insurance,automobileLiability,Automobile Liability,evidenceOfInsuranceAutomobileLiabilityCoverageAppliesToNonOwnedAutosOnly,Coverage Applies To: Non-Owned Autos Only,,matchOnce,must be present,,,non_compliant,Standard 10 - UMB 50M,,,false,0,,2026-08-16
QTS Data Centers,6a15b733bd30da3db41030ce,69f0f3c4beb6279e947be0df,Evans General Contractors LLC,69f10c28beb6279e947be4df,"DEN1DC1 - QTS Aurora, LLC",evidenceOfInsurance,Evidence of Insurance,automobileLiability,Automobile Liability,evidenceOfInsuranceAutomobileLiabilityCoverageAppliesToHiredAutosOnly,Coverage Applies To: Hired Autos Only,,matchOnce,must be present,,,non_compliant,Standard 10 - UMB 50M,,,false,0,,2026-08-16
QTS Data Centers,6a15b733bd30da3db41030ce,69f0f3c4beb6279e947be0df,Evans General Contractors LLC,69f10c28beb6279e947be4df,"DEN1DC1 - QTS Aurora, LLC",evidenceOfInsurance,Evidence of Insurance,automobileLiability,Automobile Liability,evidenceOfInsuranceAutomobileLiabilityAdditionalInsuredEndorsement,Additional Insured,"---prompt---
Determine if the certificate holder is covered as an additional insured under the Automobile Liability policy. Evidence may include: a checked ""Additional Insured"" box on the certificate for the auto section, mention in the Description of Operations section, or reference to blanket additional insured coverage. Look for form number CA 20 48 or language like ""certificate holder is additional insured"" or ""per written contract"".",matchOnce,must be present,,,non_compliant,Standard 10 - UMB 50M,,,false,0,,2026-08-16
QTS Data Centers,6a15b733bd30da3db41030ce,69f0f3c4beb6279e947be0df,Evans General Contractors LLC,69f10c28beb6279e947be4df,"DEN1DC1 - QTS Aurora, LLC",evidenceOfInsurance,Evidence of Insurance,automobileLiability,Automobile Liability,evidenceOfInsuranceAutomobileLiabilityWaiverOfSubrogationEndorsement,Waiver of Subrogation,"---prompt---
Determine if the insurer has waived their right of subrogation in favor of the certificate holder under the Automobile Liability policy. Evidence may include: a checked ""Waiver of Subrogation"" box on the certificate, mention in the Description of Operations section stating ""waiver of subrogation applies"", or reference to form CA 04 44. Look for language like ""subrogation is waived"" or ""per written contract"".",matchOnce,must be present,,,non_compliant,Standard 10 - UMB 50M,,,false,0,,2026-08-16
QTS Data Centers,6a15b733bd30da3db41030ce,69f0f3c4beb6279e947be0df,Evans General Contractors LLC,69f10c28beb6279e947be4df,"DEN1DC1 - QTS Aurora, LLC",evidenceOfInsurance,Evidence of Insurance,automobileLiability,Automobile Liability,evidenceOfInsuranceAutomobileLiabilityPrimaryAndNonContributoryEndorsement,Primary and Non-Contributory,"---prompt---
Determine if the Automobile Liability policy provides primary and non-contributory coverage for the certificate holder. Evidence may include: a checked ""Primary"" box on the certificate, mention in the Description of Operations section stating ""primary and non-contributory"". Look for language indicating this policy will pay first before other applicable insurance and will not seek contribution.",matchOnce,must be present,,,non_compliant,Standard 10 - UMB 50M,,,false,0,,2026-08-16
QTS Data Centers,6a15b733bd30da3db41030ce,69f0f3c4beb6279e947be0df,Evans General Contractors LLC,69f10c28beb6279e947be4df,"DEN1DC1 - QTS Aurora, LLC",evidenceOfInsurance,Evidence of Insurance,automobileLiability,Automobile Liability,0e6f6daa-effc-5c25-af03-4f7e657ae801,Physical MCS-90 Endorsement must be present,,matchOnce,must be present,,,non_compliant,Standard 10 - UMB 50M,,,true,0,,2026-08-16
QTS Data Centers,6a15b733bd30da3db41030ce,69f0f3c4beb6279e947be0df,Evans General Contractors LLC,69f10c28beb6279e947be4df,"DEN1DC1 - QTS Aurora, LLC",evidenceOfInsurance,Evidence of Insurance,excessOrUmbrellaLiability,Umbrella/Excess Liability,evidenceOfInsuranceExcessOrUmbrellaLiabilityOccurence,Coverage Trigger: Occurrence,,matchOnce,must be present,,,non_compliant,Standard 10 - UMB 50M,,,false,0,,2026-08-16
QTS Data Centers,6a15b733bd30da3db41030ce,69f0f3c4beb6279e947be0df,Evans General Contractors LLC,69f10c28beb6279e947be4df,"DEN1DC1 - QTS Aurora, LLC",evidenceOfInsurance,Evidence of Insurance,excessOrUmbrellaLiability,Umbrella/Excess Liability,evidenceOfInsuranceExcessOrUmbrellaLiabilityEachOccurrence,Each Occurrence,,matchOnce,must be greater or equal to,50000000,,non_compliant,Standard 10 - UMB 50M,,,false,0,,2026-08-16
QTS Data Centers,6a15b733bd30da3db41030ce,69f0f3c4beb6279e947be0df,Evans General Contractors LLC,69f10c28beb6279e947be4df,"DEN1DC1 - QTS Aurora, LLC",evidenceOfInsurance,Evidence of Insurance,excessOrUmbrellaLiability,Umbrella/Excess Liability,evidenceOfInsuranceExcessOrUmbrellaLiabilityAdditionalInsuredEndorsement,Additional Insured,"---prompt---
Determine if the certificate holder is covered as an additional insured under the Umbrella/Excess Liability policy. Evidence may include: a checked ""Additional Insured"" box on the certificate for the umbrella section, mention in the Description of Operations section, reference to ""follow form"" status (which would extend underlying additional insured status), or explicit language naming the certificate holder as additional insured on the umbrella.",matchOnce,must be present,,,non_compliant,Standard 10 - UMB 50M,,,false,0,,2026-08-16
QTS Data Centers,6a15b733bd30da3db41030ce,69f0f3c4beb6279e947be0df,Evans General Contractors LLC,69f10c28beb6279e947be4df,"DEN1DC1 - QTS Aurora, LLC",evidenceOfInsurance,Evidence of Insurance,excessOrUmbrellaLiability,Umbrella/Excess Liability,evidenceOfInsuranceExcessOrUmbrellaLiabilityWaiverOfSubrogationEndorsement,Waiver of Subrogation,"---prompt---
Determine if the insurer has waived their right of subrogation in favor of the certificate holder under the Umbrella/Excess Liability policy. Evidence may include: a checked ""Waiver of Subrogation"" box on the certificate, mention in the Description of Operations section stating ""waiver of subrogation applies"", or reference to ""follow form"" status (which would extend underlying waiver). Look for language like ""subrogation is waived"" or ""per written contract"".",matchOnce,must be present,,,non_compliant,Standard 10 - UMB 50M,,,false,0,,2026-08-16
QTS Data Centers,6a15b733bd30da3db41030ce,69f0f3c4beb6279e947be0df,Evans General Contractors LLC,69f10c28beb6279e947be4df,"DEN1DC1 - QTS Aurora, LLC",evidenceOfInsurance,Evidence of Insurance,excessOrUmbrellaLiability,Umbrella/Excess Liability,evidenceOfInsuranceExcessOrUmbrellaLiabilityPrimaryAndNonContributoryEndorsement,Primary and Non-Contributory,"---prompt---
Determine if the Umbrella/Excess Liability policy provides primary and non-contributory coverage for the certificate holder. Evidence may include: a checked ""Primary"" box on the certificate, mention in the Description of Operations section stating ""primary and non-contributory"", or reference to ""follow form"" status (which would extend underlying primary status). Look for language indicating this policy will pay first before other applicable insurance and will not seek contribution.",matchOnce,must be present,,,non_compliant,Standard 10 - UMB 50M,,,false,0,,2026-08-16
QTS Data Centers,6a15b733bd30da3db41030ce,69f0f3c4beb6279e947be0df,Evans General Contractors LLC,69f10c28beb6279e947be4df,"DEN1DC1 - QTS Aurora, LLC",evidenceOfInsurance,Evidence of Insurance,workersCompensation,Workers' Compensation and Employer's Liability,evidenceOfInsuranceWorkersCompensationStatutoryLimits,Statutory Limits,,matchOnce,must be present,,,non_compliant,Standard 10 - UMB 50M,,,false,0,,2026-08-16
QTS Data Centers,6a15b733bd30da3db41030ce,69f0f3c4beb6279e947be0df,Evans General Contractors LLC,69f10c28beb6279e947be4df,"DEN1DC1 - QTS Aurora, LLC",evidenceOfInsurance,Evidence of Insurance,workersCompensation,Workers' Compensation and Employer's Liability,evidenceOfInsuranceWorkersCompensationEmployersLiabilityDiseaseEachEmployee,Employer's Liability Disease - each employee,,matchOnce,must be greater or equal to,500000,,non_compliant,Standard 10 - UMB 50M,,,false,0,,2026-08-16
QTS Data Centers,6a15b733bd30da3db41030ce,69f0f3c4beb6279e947be0df,Evans General Contractors LLC,69f10c28beb6279e947be4df,"DEN1DC1 - QTS Aurora, LLC",evidenceOfInsurance,Evidence of Insurance,workersCompensation,Workers' Compensation and Employer's Liability,evidenceOfInsuranceWorkersCompensationEmployersLiabilityDiseasePolicyLimit,Employer's Liability Disease - policy limit,,matchOnce,must be greater or equal to,500000,,non_compliant,Standard 10 - UMB 50M,,,false,0,,2026-08-16
QTS Data Centers,6a15b733bd30da3db41030ce,69f0f3c4beb6279e947be0df,Evans General Contractors LLC,69f10c28beb6279e947be4df,"DEN1DC1 - QTS Aurora, LLC",evidenceOfInsurance,Evidence of Insurance,workersCompensation,Workers' Compensation and Employer's Liability,evidenceOfInsuranceWorkersCompensationEmployersLiabilityEachAccident,Employer's Liability Each Accident,,matchOnce,must be greater or equal to,500000,,non_compliant,Standard 10 - UMB 50M,,,false,0,,2026-08-16
QTS Data Centers,6a15b733bd30da3db41030ce,69f0f3c4beb6279e947be0df,Evans General Contractors LLC,69f10c28beb6279e947be4df,"DEN1DC1 - QTS Aurora, LLC",evidenceOfInsurance,Evidence of Insurance,workersCompensation,Workers' Compensation and Employer's Liability,evidenceOfInsuranceWorkersCompensationWaiverOfSubrogationEndorsement,Waiver of Subrogation,"---prompt---
Determine if the insurer has waived their right of subrogation in favor of the certificate holder under the Workers' Compensation policy. Evidence may include: a checked ""Waiver of Subrogation"" box on the certificate, mention in the Description of Operations section stating ""waiver of subrogation applies"", or reference to form WC 00 03 13. Look for language like ""subrogation is waived"" or ""per written contract"".",matchOnce,must be present,,,non_compliant,Standard 10 - UMB 50M,,,false,0,,2026-08-16
QTS Data Centers,6a15b733bd30da3db41030ce,69f0f3c4beb6279e947be0df,Evans General Contractors LLC,69f10c28beb6279e947be4df,"DEN1DC1 - QTS Aurora, LLC",evidenceOfInsurance,Evidence of Insurance,professional,Professional Liability,evidenceOfInsuranceProfessionalLimitsEachClaim,Each Claim,,matchOnce,must be greater or equal to,2000000,,non_compliant,Standard 10 - UMB 50M,,,false,0,,2026-08-16
QTS Data Centers,6a15b733bd30da3db41030ce,69f0f3c4beb6279e947be0df,Evans General Contractors LLC,69f10c28beb6279e947be4df,"DEN1DC1 - QTS Aurora, LLC",evidenceOfInsurance,Evidence of Insurance,professional,Professional Liability,d672162b-0115-567e-ac40-48cb8d46cdc0,"Professional Liability Coverage Deductible must be less than or equal to $100,000",,matchOnce,must be present,,,non_compliant,Standard 10 - UMB 50M,,,true,0,,2026-08-16
QTS Data Centers,6a15b733bd30da3db41030ce,69f0f3c4beb6279e947be0df,Evans General Contractors LLC,69f10c28beb6279e947be4df,"DEN1DC1 - QTS Aurora, LLC",evidenceOfInsurance,Evidence of Insurance,6ac20aae-5728-5d57-b364-aeba38527dba,Additional Requirements,655cb50e-155d-5f8c-af5e-e7386263aa58,"Certificate Holder must read as: ""Quality Technology Services, LLC, 
Attention: Procurement Department
300 Satellite Blvd NW, Suwanee, GA 30024.""",,matchOnce,must be present,,,non_compliant,Standard 10 - UMB 50M,,,true,0,,2026-08-16
QTS Data Centers,6a15b733bd30da3db41030ce,69f0f3c4beb6279e947be0df,Evans General Contractors LLC,69f10c28beb6279e947be4df,"DEN1DC1 - QTS Aurora, LLC",evidenceOfInsurance,Evidence of Insurance,6ac20aae-5728-5d57-b364-aeba38527dba,Additional Requirements,25da7a11-b805-5d7d-8deb-65519e743757,"Description of Operations must read: Quality Tech, LP, and its officers, directors, employees, parents, subsidiaries, affiliates, and related companies, successors, and permitted assigns",,matchOnce,must be present,,,non_compliant,Standard 10 - UMB 50M,,,true,0,,2026-08-16
QTS Data Centers,6a15b733bd30da3db41030ce,69f0f3c4beb6279e947be0df,Evans General Contractors LLC,69f10c28beb6279e947be4df,"DEN1DC1 - QTS Aurora, LLC",evidenceOfInsurance,Evidence of Insurance,6ac20aae-5728-5d57-b364-aeba38527dba,Additional Requirements,8d7b12d5-c6dc-5efe-8cbd-acd9adedde5b,"Description of Operations must read: DEN1-DC1, located at 1164 Gun Club Road, Aurora, CO 80018",,matchOnce,must be present,,,non_compliant,Standard 10 - UMB 50M,,,true,0,,2026-08-16
QTS Data Centers,6a15b733bd30da3db41030ce,69f0f3c4beb6279e947be0df,Evans General Contractors LLC,69f10c28beb6279e947be4df,"DEN1DC1 - QTS Aurora, LLC",evidenceOfInsurance,Evidence of Insurance,6ac20aae-5728-5d57-b364-aeba38527dba,Additional Requirements,03d7ddc3-a527-5f18-bdf6-355eb23cd9de,30-Day Notice of Cancellation must be present,,matchOnce,must be present,,,non_compliant,Standard 10 - UMB 50M,,,true,0,,2026-08-16
QTS Data Centers,6a15b733bd30da3db41030ce,69f0f3c4beb6279e947be0df,Evans General Contractors LLC,69f10c28beb6279e947be4df,"DEN1DC1 - QTS Aurora, LLC",evidenceOfInsurance,Evidence of Insurance,6ac20aae-5728-5d57-b364-aeba38527dba,Additional Requirements,cb1f16de-3a25-5909-ae3c-7feb6bab04f2,"Description of Operations must read: Commercial General Liability shall not include the following endorsements/exclusions or equivalent:

1. CG 2149 or CG 2155 o CG 2198 (Absolute Pollution Exclusion)
2. CG 2294 or CG 2295 (Damage to Work Performed by Contractors Exclusion)
3. CG 2139 (Contractual Limitation Endorsement)
4. CG 2142 (Explosion, Collapse or Underground Exclusion)",,matchOnce,must be present,,,non_compliant,Standard 10 - UMB 50M,,,true,0,,2026-08-16
QTS Data Centers,6a15b733bd30da3db41030ce,69f0f3c4beb6279e947be0df,Evans General Contractors LLC,69f10c28beb6279e947be4df,"DEN1DC1 - QTS Aurora, LLC",evidenceOfInsurance,Evidence of Insurance,6ac20aae-5728-5d57-b364-aeba38527dba,Additional Requirements,71685e25-c6d0-5692-aaaf-30f59a2f9a83,"Description of Operations must read: Workers Compensation shall include ""all states"" coverage",,matchOnce,must be present,,,non_compliant,Standard 10 - UMB 50M,,,true,0,,2026-08-16
QTS Data Centers,6a15b733bd30da3db41030d0,69f0f3c4beb6279e947be0df,Evans General Contractors LLC,6a15ab87c2b6428acbd44c69,DEN1DC3 -,evidenceOfInsurance,Evidence of Insurance,commercialGeneralLiability,Commercial General Liability,evidenceOfInsuranceCommercialGeneralLiabilityAMBestRating,AM Best Rating,,matchOnce,must be greater or equal to,140,,non_compliant,Standard 10 - UMB 50M,,,false,0,,2026-08-16
QTS Data Centers,6a15b733bd30da3db41030d0,69f0f3c4beb6279e947be0df,Evans General Contractors LLC,6a15ab87c2b6428acbd44c69,DEN1DC3 -,evidenceOfInsurance,Evidence of Insurance,commercialGeneralLiability,Commercial General Liability,evidenceOfInsuranceCommercialGeneralLiabilityAMBestFinancialStrength,AM Best Financial Strength,,matchOnce,must be greater or equal to,100,,non_compliant,Standard 10 - UMB 50M,,,false,0,,2026-08-16
QTS Data Centers,6a15b733bd30da3db41030d0,69f0f3c4beb6279e947be0df,Evans General Contractors LLC,6a15ab87c2b6428acbd44c69,DEN1DC3 -,evidenceOfInsurance,Evidence of Insurance,commercialGeneralLiability,Commercial General Liability,evidenceOfInsuranceCommercialGeneralLiabilityCoverageTriggerOccurrence,Coverage Trigger: Occurrence,,matchOnce,must be present,,,non_compliant,Standard 10 - UMB 50M,,,false,0,,2026-08-16
QTS Data Centers,6a15b733bd30da3db41030d0,69f0f3c4beb6279e947be0df,Evans General Contractors LLC,6a15ab87c2b6428acbd44c69,DEN1DC3 -,evidenceOfInsurance,Evidence of Insurance,commercialGeneralLiability,Commercial General Liability,evidenceOfInsuranceCommercialGeneralLiabilityGeneralAggregateLimitAppliesPerProject,General Aggregate Limit Applies per: Project,,matchOnce,must be present,,,non_compliant,Standard 10 - UMB 50M,,,false,0,,2026-08-16
QTS Data Centers,6a15b733bd30da3db41030d0,69f0f3c4beb6279e947be0df,Evans General Contractors LLC,6a15ab87c2b6428acbd44c69,DEN1DC3 -,evidenceOfInsurance,Evidence of Insurance,commercialGeneralLiability,Commercial General Liability,evidenceOfInsuranceCommercialGeneralLiabilityEachOccurrence,Each Occurrence,,matchOnce,must be greater or equal to,2000000,,non_compliant,Standard 10 - UMB 50M,,,false,0,,2026-08-16
QTS Data Centers,6a15b733bd30da3db41030d0,69f0f3c4beb6279e947be0df,Evans General Contractors LLC,6a15ab87c2b6428acbd44c69,DEN1DC3 -,evidenceOfInsurance,Evidence of Insurance,commercialGeneralLiability,Commercial General Liability,evidenceOfInsuranceCommercialGeneralLiabilityGeneralAggregate,General Aggregate,,matchOnce,must be greater or equal to,5000000,,non_compliant,Standard 10 - UMB 50M,,,false,0,,2026-08-16
QTS Data Centers,6a15b733bd30da3db41030d0,69f0f3c4beb6279e947be0df,Evans General Contractors LLC,6a15ab87c2b6428acbd44c69,DEN1DC3 -,evidenceOfInsurance,Evidence of Insurance,commercialGeneralLiability,Commercial General Liability,evidenceOfInsuranceCommercialGeneralLiabilityProducsCompletedOperationsAggregate,Products/Completed Operations Aggregate,,matchOnce,must be greater or equal to,5000000,,non_compliant,Standard 10 - UMB 50M,,,false,0,,2026-08-16
QTS Data Centers,6a15b733bd30da3db41030d0,69f0f3c4beb6279e947be0df,Evans General Contractors LLC,6a15ab87c2b6428acbd44c69,DEN1DC3 -,evidenceOfInsurance,Evidence of Insurance,commercialGeneralLiability,Commercial General Liability,evidenceOfInsuranceCommercialGeneralLiabilityAdditionalInsuredEndorsementOngoingOps,Additional Insured - Ongoing Operations,"---prompt---
Verify that additional insured coverage specifically includes ongoing operations. Look in the Description of Operations section for language like ""additional insured for ongoing operations"", ""CG 20 10"", ""CG 20 37"", or ""operations performed by or on behalf of the named insured"". The coverage should explicitly reference ongoing work, not just completed operations.",matchOnce,must be present,,,non_compliant,Standard 10 - UMB 50M,,,false,0,,2026-08-16
QTS Data Centers,6a15b733bd30da3db41030d0,69f0f3c4beb6279e947be0df,Evans General Contractors LLC,6a15ab87c2b6428acbd44c69,DEN1DC3 -,evidenceOfInsurance,Evidence of Insurance,commercialGeneralLiability,Commercial General Liability,evidenceOfInsuranceCommercialGeneralLiabilityAdditionalInsuredEndorsementCompletedOps,Additional Insured - Completed Operations,"---prompt---
Verify that additional insured coverage specifically includes completed operations. Look in the Description of Operations section for language like ""additional insured for completed operations"", ""CG 20 37"", ""products-completed operations"", or similar. This coverage protects the certificate holder for claims arising after work is finished.",matchOnce,must be present,,,non_compliant,Standard 10 - UMB 50M,,,false,0,,2026-08-16
QTS Data Centers,6a15b733bd30da3db41030d0,69f0f3c4beb6279e947be0df,Evans General Contractors LLC,6a15ab87c2b6428acbd44c69,DEN1DC3 -,evidenceOfInsurance,Evidence of Insurance,commercialGeneralLiability,Commercial General Liability,evidenceOfInsuranceCommercialGeneralLiabilityWaiverOfSubrogationEndorsement,Waiver of Subrogation,"---prompt---
Determine if the insurer has waived their right of subrogation in favor of the certificate holder under the Commercial General Liability policy. Evidence may include: a checked ""Waiver of Subrogation"" box on the certificate, mention in the Description of Operations section stating ""waiver of subrogation applies"", or reference to form CG 24 04. Look for language like ""subrogation is waived"" or ""per written contract"".",matchOnce,must be present,,,non_compliant,Standard 10 - UMB 50M,,,false,0,,2026-08-16
QTS Data Centers,6a15b733bd30da3db41030d0,69f0f3c4beb6279e947be0df,Evans General Contractors LLC,6a15ab87c2b6428acbd44c69,DEN1DC3 -,evidenceOfInsurance,Evidence of Insurance,commercialGeneralLiability,Commercial General Liability,evidenceOfInsuranceCommercialGeneralLiabilityPrimaryAndNonContributoryEndorsement,Primary and Non-Contributory,"---prompt---
Determine if the Commercial General Liability policy provides primary and non-contributory coverage for the certificate holder. Evidence may include: a checked ""Primary"" box on the certificate, mention in the Description of Operations section stating ""primary and non-contributory"", or reference to endorsement CG 20 01. Look for language indicating this policy will pay first before other applicable insurance and will not seek contribution.",matchOnce,must be present,,,non_compliant,Standard 10 - UMB 50M,,,false,0,,2026-08-16
QTS Data Centers,6a15b733bd30da3db41030d0,69f0f3c4beb6279e947be0df,Evans General Contractors LLC,6a15ab87c2b6428acbd44c69,DEN1DC3 -,evidenceOfInsurance,Evidence of Insurance,commercialGeneralLiability,Commercial General Liability,9c28ed56-e307-5cf9-88e9-0ada1f283104,Physical 30 Days Notice of Cancellation - 10 Days Notice for Non Payment Endorsement must be present,,matchOnce,must be present,,,non_compliant,Standard 10 - UMB 50M,,,true,0,,2026-08-16
QTS Data Centers,6a15b733bd30da3db41030d0,69f0f3c4beb6279e947be0df,Evans General Contractors LLC,6a15ab87c2b6428acbd44c69,DEN1DC3 -,evidenceOfInsurance,Evidence of Insurance,automobileLiability,Automobile Liability,evidenceOfInsuranceAutomobileLiabilityCombinedSingleLimitEachAccident,Combined Single Limit (each accident),,matchOnce,must be greater or equal to,1000000,,non_compliant,Standard 10 - UMB 50M,,,false,0,,2026-08-16
QTS Data Centers,6a15b733bd30da3db41030d0,69f0f3c4beb6279e947be0df,Evans General Contractors LLC,6a15ab87c2b6428acbd44c69,DEN1DC3 -,evidenceOfInsurance,Evidence of Insurance,automobileLiability,Automobile Liability,evidenceOfInsuranceAutomobileLiabilityCoverageAppliesToOwnedAutosOnly,Coverage Applies To: Owned Autos Only,,matchOnce,must be present,,,non_compliant,Standard 10 - UMB 50M,,,false,0,,2026-08-16
QTS Data Centers,6a15b733bd30da3db41030d0,69f0f3c4beb6279e947be0df,Evans General Contractors LLC,6a15ab87c2b6428acbd44c69,DEN1DC3 -,evidenceOfInsurance,Evidence of Insurance,automobileLiability,Automobile Liability,evidenceOfInsuranceAutomobileLiabilityCoverageAppliesToNonOwnedAutosOnly,Coverage Applies To: Non-Owned Autos Only,,matchOnce,must be present,,,non_compliant,Standard 10 - UMB 50M,,,false,0,,2026-08-16
QTS Data Centers,6a15b733bd30da3db41030d0,69f0f3c4beb6279e947be0df,Evans General Contractors LLC,6a15ab87c2b6428acbd44c69,DEN1DC3 -,evidenceOfInsurance,Evidence of Insurance,automobileLiability,Automobile Liability,evidenceOfInsuranceAutomobileLiabilityCoverageAppliesToHiredAutosOnly,Coverage Applies To: Hired Autos Only,,matchOnce,must be present,,,non_compliant,Standard 10 - UMB 50M,,,false,0,,2026-08-16
QTS Data Centers,6a15b733bd30da3db41030d0,69f0f3c4beb6279e947be0df,Evans General Contractors LLC,6a15ab87c2b6428acbd44c69,DEN1DC3 -,evidenceOfInsurance,Evidence of Insurance,automobileLiability,Automobile Liability,evidenceOfInsuranceAutomobileLiabilityAdditionalInsuredEndorsement,Additional Insured,"---prompt---
Determine if the certificate holder is covered as an additional insured under the Automobile Liability policy. Evidence may include: a checked ""Additional Insured"" box on the certificate for the auto section, mention in the Description of Operations section, or reference to blanket additional insured coverage. Look for form number CA 20 48 or language like ""certificate holder is additional insured"" or ""per written contract"".",matchOnce,must be present,,,non_compliant,Standard 10 - UMB 50M,,,false,0,,2026-08-16
QTS Data Centers,6a15b733bd30da3db41030d0,69f0f3c4beb6279e947be0df,Evans General Contractors LLC,6a15ab87c2b6428acbd44c69,DEN1DC3 -,evidenceOfInsurance,Evidence of Insurance,automobileLiability,Automobile Liability,evidenceOfInsuranceAutomobileLiabilityWaiverOfSubrogationEndorsement,Waiver of Subrogation,"---prompt---
Determine if the insurer has waived their right of subrogation in favor of the certificate holder under the Automobile Liability policy. Evidence may include: a checked ""Waiver of Subrogation"" box on the certificate, mention in the Description of Operations section stating ""waiver of subrogation applies"", or reference to form CA 04 44. Look for language like ""subrogation is waived"" or ""per written contract"".",matchOnce,must be present,,,non_compliant,Standard 10 - UMB 50M,,,false,0,,2026-08-16
QTS Data Centers,6a15b733bd30da3db41030d0,69f0f3c4beb6279e947be0df,Evans General Contractors LLC,6a15ab87c2b6428acbd44c69,DEN1DC3 -,evidenceOfInsurance,Evidence of Insurance,automobileLiability,Automobile Liability,evidenceOfInsuranceAutomobileLiabilityPrimaryAndNonContributoryEndorsement,Primary and Non-Contributory,"---prompt---
Determine if the Automobile Liability policy provides primary and non-contributory coverage for the certificate holder. Evidence may include: a checked ""Primary"" box on the certificate, mention in the Description of Operations section stating ""primary and non-contributory"". Look for language indicating this policy will pay first before other applicable insurance and will not seek contribution.",matchOnce,must be present,,,non_compliant,Standard 10 - UMB 50M,,,false,0,,2026-08-16
QTS Data Centers,6a15b733bd30da3db41030d0,69f0f3c4beb6279e947be0df,Evans General Contractors LLC,6a15ab87c2b6428acbd44c69,DEN1DC3 -,evidenceOfInsurance,Evidence of Insurance,automobileLiability,Automobile Liability,0e6f6daa-effc-5c25-af03-4f7e657ae801,Physical MCS-90 Endorsement must be present,,matchOnce,must be present,,,non_compliant,Standard 10 - UMB 50M,,,true,0,,2026-08-16
QTS Data Centers,6a15b733bd30da3db41030d0,69f0f3c4beb6279e947be0df,Evans General Contractors LLC,6a15ab87c2b6428acbd44c69,DEN1DC3 -,evidenceOfInsurance,Evidence of Insurance,excessOrUmbrellaLiability,Umbrella/Excess Liability,evidenceOfInsuranceExcessOrUmbrellaLiabilityOccurence,Coverage Trigger: Occurrence,,matchOnce,must be present,,,non_compliant,Standard 10 - UMB 50M,,,false,0,,2026-08-16
QTS Data Centers,6a15b733bd30da3db41030d0,69f0f3c4beb6279e947be0df,Evans General Contractors LLC,6a15ab87c2b6428acbd44c69,DEN1DC3 -,evidenceOfInsurance,Evidence of Insurance,excessOrUmbrellaLiability,Umbrella/Excess Liability,evidenceOfInsuranceExcessOrUmbrellaLiabilityEachOccurrence,Each Occurrence,,matchOnce,must be greater or equal to,50000000,,non_compliant,Standard 10 - UMB 50M,,,false,0,,2026-08-16
QTS Data Centers,6a15b733bd30da3db41030d0,69f0f3c4beb6279e947be0df,Evans General Contractors LLC,6a15ab87c2b6428acbd44c69,DEN1DC3 -,evidenceOfInsurance,Evidence of Insurance,excessOrUmbrellaLiability,Umbrella/Excess Liability,evidenceOfInsuranceExcessOrUmbrellaLiabilityAdditionalInsuredEndorsement,Additional Insured,"---prompt---
Determine if the certificate holder is covered as an additional insured under the Umbrella/Excess Liability policy. Evidence may include: a checked ""Additional Insured"" box on the certificate for the umbrella section, mention in the Description of Operations section, reference to ""follow form"" status (which would extend underlying additional insured status), or explicit language naming the certificate holder as additional insured on the umbrella.",matchOnce,must be present,,,non_compliant,Standard 10 - UMB 50M,,,false,0,,2026-08-16
QTS Data Centers,6a15b733bd30da3db41030d0,69f0f3c4beb6279e947be0df,Evans General Contractors LLC,6a15ab87c2b6428acbd44c69,DEN1DC3 -,evidenceOfInsurance,Evidence of Insurance,excessOrUmbrellaLiability,Umbrella/Excess Liability,evidenceOfInsuranceExcessOrUmbrellaLiabilityWaiverOfSubrogationEndorsement,Waiver of Subrogation,"---prompt---
Determine if the insurer has waived their right of subrogation in favor of the certificate holder under the Umbrella/Excess Liability policy. Evidence may include: a checked ""Waiver of Subrogation"" box on the certificate, mention in the Description of Operations section stating ""waiver of subrogation applies"", or reference to ""follow form"" status (which would extend underlying waiver). Look for language like ""subrogation is waived"" or ""per written contract"".",matchOnce,must be present,,,non_compliant,Standard 10 - UMB 50M,,,false,0,,2026-08-16
QTS Data Centers,6a15b733bd30da3db41030d0,69f0f3c4beb6279e947be0df,Evans General Contractors LLC,6a15ab87c2b6428acbd44c69,DEN1DC3 -,evidenceOfInsurance,Evidence of Insurance,excessOrUmbrellaLiability,Umbrella/Excess Liability,evidenceOfInsuranceExcessOrUmbrellaLiabilityPrimaryAndNonContributoryEndorsement,Primary and Non-Contributory,"---prompt---
Determine if the Umbrella/Excess Liability policy provides primary and non-contributory coverage for the certificate holder. Evidence may include: a checked ""Primary"" box on the certificate, mention in the Description of Operations section stating ""primary and non-contributory"", or reference to ""follow form"" status (which would extend underlying primary status). Look for language indicating this policy will pay first before other applicable insurance and will not seek contribution.",matchOnce,must be present,,,non_compliant,Standard 10 - UMB 50M,,,false,0,,2026-08-16
QTS Data Centers,6a15b733bd30da3db41030d0,69f0f3c4beb6279e947be0df,Evans General Contractors LLC,6a15ab87c2b6428acbd44c69,DEN1DC3 -,evidenceOfInsurance,Evidence of Insurance,workersCompensation,Workers' Compensation and Employer's Liability,evidenceOfInsuranceWorkersCompensationStatutoryLimits,Statutory Limits,,matchOnce,must be present,,,non_compliant,Standard 10 - UMB 50M,,,false,0,,2026-08-16
QTS Data Centers,6a15b733bd30da3db41030d0,69f0f3c4beb6279e947be0df,Evans General Contractors LLC,6a15ab87c2b6428acbd44c69,DEN1DC3 -,evidenceOfInsurance,Evidence of Insurance,workersCompensation,Workers' Compensation and Employer's Liability,evidenceOfInsuranceWorkersCompensationEmployersLiabilityDiseaseEachEmployee,Employer's Liability Disease - each employee,,matchOnce,must be greater or equal to,500000,,non_compliant,Standard 10 - UMB 50M,,,false,0,,2026-08-16
QTS Data Centers,6a15b733bd30da3db41030d0,69f0f3c4beb6279e947be0df,Evans General Contractors LLC,6a15ab87c2b6428acbd44c69,DEN1DC3 -,evidenceOfInsurance,Evidence of Insurance,workersCompensation,Workers' Compensation and Employer's Liability,evidenceOfInsuranceWorkersCompensationEmployersLiabilityDiseasePolicyLimit,Employer's Liability Disease - policy limit,,matchOnce,must be greater or equal to,500000,,non_compliant,Standard 10 - UMB 50M,,,false,0,,2026-08-16
QTS Data Centers,6a15b733bd30da3db41030d0,69f0f3c4beb6279e947be0df,Evans General Contractors LLC,6a15ab87c2b6428acbd44c69,DEN1DC3 -,evidenceOfInsurance,Evidence of Insurance,workersCompensation,Workers' Compensation and Employer's Liability,evidenceOfInsuranceWorkersCompensationEmployersLiabilityEachAccident,Employer's Liability Each Accident,,matchOnce,must be greater or equal to,500000,,non_compliant,Standard 10 - UMB 50M,,,false,0,,2026-08-16
QTS Data Centers,6a15b733bd30da3db41030d0,69f0f3c4beb6279e947be0df,Evans General Contractors LLC,6a15ab87c2b6428acbd44c69,DEN1DC3 -,evidenceOfInsurance,Evidence of Insurance,workersCompensation,Workers' Compensation and Employer's Liability,evidenceOfInsuranceWorkersCompensationWaiverOfSubrogationEndorsement,Waiver of Subrogation,"---prompt---
Determine if the insurer has waived their right of subrogation in favor of the certificate holder under the Workers' Compensation policy. Evidence may include: a checked ""Waiver of Subrogation"" box on the certificate, mention in the Description of Operations section stating ""waiver of subrogation applies"", or reference to form WC 00 03 13. Look for language like ""subrogation is waived"" or ""per written contract"".",matchOnce,must be present,,,non_compliant,Standard 10 - UMB 50M,,,false,0,,2026-08-16
QTS Data Centers,6a15b733bd30da3db41030d0,69f0f3c4beb6279e947be0df,Evans General Contractors LLC,6a15ab87c2b6428acbd44c69,DEN1DC3 -,evidenceOfInsurance,Evidence of Insurance,professional,Professional Liability,evidenceOfInsuranceProfessionalLimitsEachClaim,Each Claim,,matchOnce,must be greater or equal to,2000000,,non_compliant,Standard 10 - UMB 50M,,,false,0,,2026-08-16
QTS Data Centers,6a15b733bd30da3db41030d0,69f0f3c4beb6279e947be0df,Evans General Contractors LLC,6a15ab87c2b6428acbd44c69,DEN1DC3 -,evidenceOfInsurance,Evidence of Insurance,professional,Professional Liability,d672162b-0115-567e-ac40-48cb8d46cdc0,"Professional Liability Coverage Deductible must be less than or equal to $100,000",,matchOnce,must be present,,,non_compliant,Standard 10 - UMB 50M,,,true,0,,2026-08-16
QTS Data Centers,6a15b733bd30da3db41030d0,69f0f3c4beb6279e947be0df,Evans General Contractors LLC,6a15ab87c2b6428acbd44c69,DEN1DC3 -,evidenceOfInsurance,Evidence of Insurance,6ac20aae-5728-5d57-b364-aeba38527dba,Additional Requirements,655cb50e-155d-5f8c-af5e-e7386263aa58,"Certificate Holder must read as: ""Quality Technology Services, LLC, 
Attention: Procurement Department
300 Satellite Blvd NW, Suwanee, GA 30024.""",,matchOnce,must be present,,,non_compliant,Standard 10 - UMB 50M,,,true,0,,2026-08-16
QTS Data Centers,6a15b733bd30da3db41030d0,69f0f3c4beb6279e947be0df,Evans General Contractors LLC,6a15ab87c2b6428acbd44c69,DEN1DC3 -,evidenceOfInsurance,Evidence of Insurance,6ac20aae-5728-5d57-b364-aeba38527dba,Additional Requirements,25da7a11-b805-5d7d-8deb-65519e743757,"Description of Operations must read: Quality Tech, LP, and its officers, directors, employees, parents, subsidiaries, affiliates, and related companies, successors, and permitted assigns",,matchOnce,must be present,,,non_compliant,Standard 10 - UMB 50M,,,true,0,,2026-08-16
QTS Data Centers,6a15b733bd30da3db41030d0,69f0f3c4beb6279e947be0df,Evans General Contractors LLC,6a15ab87c2b6428acbd44c69,DEN1DC3 -,evidenceOfInsurance,Evidence of Insurance,6ac20aae-5728-5d57-b364-aeba38527dba,Additional Requirements,8d7b12d5-c6dc-5efe-8cbd-acd9adedde5b,Description of Operations must read: DEN1DC3,,matchOnce,must be present,,,non_compliant,Standard 10 - UMB 50M,,,true,0,,2026-08-16
QTS Data Centers,6a15b733bd30da3db41030d0,69f0f3c4beb6279e947be0df,Evans General Contractors LLC,6a15ab87c2b6428acbd44c69,DEN1DC3 -,evidenceOfInsurance,Evidence of Insurance,6ac20aae-5728-5d57-b364-aeba38527dba,Additional Requirements,03d7ddc3-a527-5f18-bdf6-355eb23cd9de,30-Day Notice of Cancellation must be present,,matchOnce,must be present,,,non_compliant,Standard 10 - UMB 50M,,,true,0,,2026-08-16
QTS Data Centers,6a15b733bd30da3db41030d0,69f0f3c4beb6279e947be0df,Evans General Contractors LLC,6a15ab87c2b6428acbd44c69,DEN1DC3 -,evidenceOfInsurance,Evidence of Insurance,6ac20aae-5728-5d57-b364-aeba38527dba,Additional Requirements,cb1f16de-3a25-5909-ae3c-7feb6bab04f2,"Description of Operations must read: Commercial General Liability shall not include the following endorsements/exclusions or equivalent:

1. CG 2149 or CG 2155 o CG 2198 (Absolute Pollution Exclusion)
2. CG 2294 or CG 2295 (Damage to Work Performed by Contractors Exclusion)
3. CG 2139 (Contractual Limitation Endorsement)
4. CG 2142 (Explosion, Collapse or Underground Exclusion)",,matchOnce,must be present,,,non_compliant,Standard 10 - UMB 50M,,,true,0,,2026-08-16
QTS Data Centers,6a15b733bd30da3db41030d0,69f0f3c4beb6279e947be0df,Evans General Contractors LLC,6a15ab87c2b6428acbd44c69,DEN1DC3 -,evidenceOfInsurance,Evidence of Insurance,6ac20aae-5728-5d57-b364-aeba38527dba,Additional Requirements,71685e25-c6d0-5692-aaaf-30f59a2f9a83,"Description of Operations must read: Workers Compensation shall include ""all states"" coverage",,matchOnce,must be present,,,non_compliant,Standard 10 - UMB 50M,,,true,0,,2026-08-16
QTS Data Centers,6a15b733bd30da3db41030e3,69f0f3c5beb6279e947be111,Whitting-Turner Contracting Company,69f10c28beb6279e947be4e0,"NAL1DC1 - QTS New Albany I DC1, LLC",evidenceOfInsurance,Evidence of Insurance,commercialGeneralLiability,Commercial General Liability,evidenceOfInsuranceCommercialGeneralLiabilityAMBestRating,AM Best Rating,,matchOnce,must be greater or equal to,140,160,compliant,Standard 4,,,false,1,,2026-08-16
QTS Data Centers,6a15b733bd30da3db41030e3,69f0f3c5beb6279e947be111,Whitting-Turner Contracting Company,69f10c28beb6279e947be4e0,"NAL1DC1 - QTS New Albany I DC1, LLC",evidenceOfInsurance,Evidence of Insurance,commercialGeneralLiability,Commercial General Liability,evidenceOfInsuranceCommercialGeneralLiabilityAMBestFinancialStrength,AM Best Financial Strength,,matchOnce,must be greater or equal to,100,150,compliant,Standard 4,,,false,1,,2026-08-16
QTS Data Centers,6a15b733bd30da3db41030e3,69f0f3c5beb6279e947be111,Whitting-Turner Contracting Company,69f10c28beb6279e947be4e0,"NAL1DC1 - QTS New Albany I DC1, LLC",evidenceOfInsurance,Evidence of Insurance,commercialGeneralLiability,Commercial General Liability,evidenceOfInsuranceCommercialGeneralLiabilityCoverageTriggerOccurrence,Coverage Trigger: Occurrence,,matchOnce,must be present,,Present,compliant,Standard 4,,,false,1,,2026-08-16
QTS Data Centers,6a15b733bd30da3db41030e3,69f0f3c5beb6279e947be111,Whitting-Turner Contracting Company,69f10c28beb6279e947be4e0,"NAL1DC1 - QTS New Albany I DC1, LLC",evidenceOfInsurance,Evidence of Insurance,commercialGeneralLiability,Commercial General Liability,evidenceOfInsuranceCommercialGeneralLiabilityGeneralAggregateLimitAppliesPerProject,General Aggregate Limit Applies per: Project,,matchOnce,must be present,,Present,compliant,Standard 4,,,false,1,,2026-08-16
QTS Data Centers,6a15b733bd30da3db41030e3,69f0f3c5beb6279e947be111,Whitting-Turner Contracting Company,69f10c28beb6279e947be4e0,"NAL1DC1 - QTS New Albany I DC1, LLC",evidenceOfInsurance,Evidence of Insurance,commercialGeneralLiability,Commercial General Liability,evidenceOfInsuranceCommercialGeneralLiabilityEachOccurrence,Each Occurrence,,matchOnce,must be greater or equal to,2000000,2000000,compliant,Standard 4,,,false,1,,2026-08-16
QTS Data Centers,6a15b733bd30da3db41030e3,69f0f3c5beb6279e947be111,Whitting-Turner Contracting Company,69f10c28beb6279e947be4e0,"NAL1DC1 - QTS New Albany I DC1, LLC",evidenceOfInsurance,Evidence of Insurance,commercialGeneralLiability,Commercial General Liability,evidenceOfInsuranceCommercialGeneralLiabilityGeneralAggregate,General Aggregate,,matchOnce,must be greater or equal to,5000000,25000000,compliant,Standard 4,,,false,1,,2026-08-16
QTS Data Centers,6a15b733bd30da3db41030e3,69f0f3c5beb6279e947be111,Whitting-Turner Contracting Company,69f10c28beb6279e947be4e0,"NAL1DC1 - QTS New Albany I DC1, LLC",evidenceOfInsurance,Evidence of Insurance,commercialGeneralLiability,Commercial General Liability,evidenceOfInsuranceCommercialGeneralLiabilityProducsCompletedOperationsAggregate,Products/Completed Operations Aggregate,,matchOnce,must be greater or equal to,5000000,25000000,compliant,Standard 4,,,false,1,,2026-08-16
QTS Data Centers,6a15b733bd30da3db41030e3,69f0f3c5beb6279e947be111,Whitting-Turner Contracting Company,69f10c28beb6279e947be4e0,"NAL1DC1 - QTS New Albany I DC1, LLC",evidenceOfInsurance,Evidence of Insurance,commercialGeneralLiability,Commercial General Liability,evidenceOfInsuranceCommercialGeneralLiabilityAdditionalInsuredEndorsementOngoingOps,Additional Insured - Ongoing Operations,"---prompt---
Verify that additional insured coverage specifically includes ongoing operations. Look in the Description of Operations section for language like ""additional insured for ongoing operations"", ""CG 20 10"", ""CG 20 37"", or ""operations performed by or on behalf of the named insured"". The coverage should explicitly reference ongoing work, not just completed operations.",matchOnce,must be present,,Present,compliant,Standard 4,,,false,1,,2026-08-16
QTS Data Centers,6a15b733bd30da3db41030e3,69f0f3c5beb6279e947be111,Whitting-Turner Contracting Company,69f10c28beb6279e947be4e0,"NAL1DC1 - QTS New Albany I DC1, LLC",evidenceOfInsurance,Evidence of Insurance,commercialGeneralLiability,Commercial General Liability,evidenceOfInsuranceCommercialGeneralLiabilityAdditionalInsuredEndorsementCompletedOps,Additional Insured - Completed Operations,"---prompt---
Verify that additional insured coverage specifically includes completed operations. Look in the Description of Operations section for language like ""additional insured for completed operations"", ""CG 20 37"", ""products-completed operations"", or similar. This coverage protects the certificate holder for claims arising after work is finished.",matchOnce,must be present,,Present,compliant,Standard 4,,,false,1,,2026-08-16
QTS Data Centers,6a15b733bd30da3db41030e3,69f0f3c5beb6279e947be111,Whitting-Turner Contracting Company,69f10c28beb6279e947be4e0,"NAL1DC1 - QTS New Albany I DC1, LLC",evidenceOfInsurance,Evidence of Insurance,commercialGeneralLiability,Commercial General Liability,evidenceOfInsuranceCommercialGeneralLiabilityWaiverOfSubrogationEndorsement,Waiver of Subrogation,"---prompt---
Determine if the insurer has waived their right of subrogation in favor of the certificate holder under the Commercial General Liability policy. Evidence may include: a checked ""Waiver of Subrogation"" box on the certificate, mention in the Description of Operations section stating ""waiver of subrogation applies"", or reference to form CG 24 04. Look for language like ""subrogation is waived"" or ""per written contract"".",matchOnce,must be present,,Present,compliant,Standard 4,,,false,1,,2026-08-16
QTS Data Centers,6a15b733bd30da3db41030e3,69f0f3c5beb6279e947be111,Whitting-Turner Contracting Company,69f10c28beb6279e947be4e0,"NAL1DC1 - QTS New Albany I DC1, LLC",evidenceOfInsurance,Evidence of Insurance,commercialGeneralLiability,Commercial General Liability,evidenceOfInsuranceCommercialGeneralLiabilityPrimaryAndNonContributoryEndorsement,Primary and Non-Contributory,"---prompt---
Determine if the Commercial General Liability policy provides primary and non-contributory coverage for the certificate holder. Evidence may include: a checked ""Primary"" box on the certificate, mention in the Description of Operations section stating ""primary and non-contributory"", or reference to endorsement CG 20 01. Look for language indicating this policy will pay first before other applicable insurance and will not seek contribution.",matchOnce,must be present,,Present,compliant,Standard 4,,,false,1,,2026-08-16
QTS Data Centers,6a15b733bd30da3db41030e3,69f0f3c5beb6279e947be111,Whitting-Turner Contracting Company,69f10c28beb6279e947be4e0,"NAL1DC1 - QTS New Albany I DC1, LLC",evidenceOfInsurance,Evidence of Insurance,commercialGeneralLiability,Commercial General Liability,9c28ed56-e307-5cf9-88e9-0ada1f283104,Physical 30 Days Notice of Cancellation - 10 Days Notice for Non Payment Endorsement must be present,,matchOnce,must be present,,,non_compliant,Standard 4,,,true,0,,2026-08-16
QTS Data Centers,6a15b733bd30da3db41030e3,69f0f3c5beb6279e947be111,Whitting-Turner Contracting Company,69f10c28beb6279e947be4e0,"NAL1DC1 - QTS New Albany I DC1, LLC",evidenceOfInsurance,Evidence of Insurance,automobileLiability,Automobile Liability,evidenceOfInsuranceAutomobileLiabilityCombinedSingleLimitEachAccident,Combined Single Limit (each accident),,matchOnce,must be greater or equal to,1000000,2000000,compliant,Standard 4,,,false,1,,2026-08-16
QTS Data Centers,6a15b733bd30da3db41030e3,69f0f3c5beb6279e947be111,Whitting-Turner Contracting Company,69f10c28beb6279e947be4e0,"NAL1DC1 - QTS New Albany I DC1, LLC",evidenceOfInsurance,Evidence of Insurance,automobileLiability,Automobile Liability,evidenceOfInsuranceAutomobileLiabilityCoverageAppliesToOwnedAutosOnly,Coverage Applies To: Owned Autos Only,,matchOnce,must be present,,Present,compliant,Standard 4,,,false,1,,2026-08-16
QTS Data Centers,6a15b733bd30da3db41030e3,69f0f3c5beb6279e947be111,Whitting-Turner Contracting Company,69f10c28beb6279e947be4e0,"NAL1DC1 - QTS New Albany I DC1, LLC",evidenceOfInsurance,Evidence of Insurance,automobileLiability,Automobile Liability,evidenceOfInsuranceAutomobileLiabilityCoverageAppliesToNonOwnedAutosOnly,Coverage Applies To: Non-Owned Autos Only,,matchOnce,must be present,,Present,compliant,Standard 4,,,false,1,,2026-08-16
QTS Data Centers,6a15b733bd30da3db41030e3,69f0f3c5beb6279e947be111,Whitting-Turner Contracting Company,69f10c28beb6279e947be4e0,"NAL1DC1 - QTS New Albany I DC1, LLC",evidenceOfInsurance,Evidence of Insurance,automobileLiability,Automobile Liability,evidenceOfInsuranceAutomobileLiabilityCoverageAppliesToHiredAutosOnly,Coverage Applies To: Hired Autos Only,,matchOnce,must be present,,Present,compliant,Standard 4,,,false,1,,2026-08-16
QTS Data Centers,6a15b733bd30da3db41030e3,69f0f3c5beb6279e947be111,Whitting-Turner Contracting Company,69f10c28beb6279e947be4e0,"NAL1DC1 - QTS New Albany I DC1, LLC",evidenceOfInsurance,Evidence of Insurance,automobileLiability,Automobile Liability,evidenceOfInsuranceAutomobileLiabilityAdditionalInsuredEndorsement,Additional Insured,"---prompt---
Determine if the certificate holder is covered as an additional insured under the Automobile Liability policy. Evidence may include: a checked ""Additional Insured"" box on the certificate for the auto section, mention in the Description of Operations section, or reference to blanket additional insured coverage. Look for form number CA 20 48 or language like ""certificate holder is additional insured"" or ""per written contract"".",matchOnce,must be present,,Present,compliant,Standard 4,,,false,1,,2026-08-16
QTS Data Centers,6a15b733bd30da3db41030e3,69f0f3c5beb6279e947be111,Whitting-Turner Contracting Company,69f10c28beb6279e947be4e0,"NAL1DC1 - QTS New Albany I DC1, LLC",evidenceOfInsurance,Evidence of Insurance,automobileLiability,Automobile Liability,evidenceOfInsuranceAutomobileLiabilityWaiverOfSubrogationEndorsement,Waiver of Subrogation,"---prompt---
Determine if the insurer has waived their right of subrogation in favor of the certificate holder under the Automobile Liability policy. Evidence may include: a checked ""Waiver of Subrogation"" box on the certificate, mention in the Description of Operations section stating ""waiver of subrogation applies"", or reference to form CA 04 44. Look for language like ""subrogation is waived"" or ""per written contract"".",matchOnce,must be present,,Present,compliant,Standard 4,,,false,1,,2026-08-16
QTS Data Centers,6a15b733bd30da3db41030e3,69f0f3c5beb6279e947be111,Whitting-Turner Contracting Company,69f10c28beb6279e947be4e0,"NAL1DC1 - QTS New Albany I DC1, LLC",evidenceOfInsurance,Evidence of Insurance,automobileLiability,Automobile Liability,evidenceOfInsuranceAutomobileLiabilityPrimaryAndNonContributoryEndorsement,Primary and Non-Contributory,"---prompt---
Determine if the Automobile Liability policy provides primary and non-contributory coverage for the certificate holder. Evidence may include: a checked ""Primary"" box on the certificate, mention in the Description of Operations section stating ""primary and non-contributory"". Look for language indicating this policy will pay first before other applicable insurance and will not seek contribution.",matchOnce,must be present,,,non_compliant,Standard 4,,,false,0,,2026-08-16
QTS Data Centers,6a15b733bd30da3db41030e3,69f0f3c5beb6279e947be111,Whitting-Turner Contracting Company,69f10c28beb6279e947be4e0,"NAL1DC1 - QTS New Albany I DC1, LLC",evidenceOfInsurance,Evidence of Insurance,automobileLiability,Automobile Liability,0e6f6daa-effc-5c25-af03-4f7e657ae801,Physical MCS-90 Endorsement must be present,,matchOnce,must be present,,,non_compliant,Standard 4,,,true,0,,2026-08-16
QTS Data Centers,6a15b733bd30da3db41030e3,69f0f3c5beb6279e947be111,Whitting-Turner Contracting Company,69f10c28beb6279e947be4e0,"NAL1DC1 - QTS New Albany I DC1, LLC",evidenceOfInsurance,Evidence of Insurance,excessOrUmbrellaLiability,Umbrella/Excess Liability,evidenceOfInsuranceExcessOrUmbrellaLiabilityOccurence,Coverage Trigger: Occurrence,,matchOnce,must be present,,Present,compliant,Standard 4,,,false,1,,2026-08-16
QTS Data Centers,6a15b733bd30da3db41030e3,69f0f3c5beb6279e947be111,Whitting-Turner Contracting Company,69f10c28beb6279e947be4e0,"NAL1DC1 - QTS New Albany I DC1, LLC",evidenceOfInsurance,Evidence of Insurance,excessOrUmbrellaLiability,Umbrella/Excess Liability,evidenceOfInsuranceExcessOrUmbrellaLiabilityEachOccurrence,Each Occurrence,,matchOnce,must be greater or equal to,5000000,125000000,compliant,Standard 4,,,false,1,,2026-08-16
QTS Data Centers,6a15b733bd30da3db41030e3,69f0f3c5beb6279e947be111,Whitting-Turner Contracting Company,69f10c28beb6279e947be4e0,"NAL1DC1 - QTS New Albany I DC1, LLC",evidenceOfInsurance,Evidence of Insurance,excessOrUmbrellaLiability,Umbrella/Excess Liability,evidenceOfInsuranceExcessOrUmbrellaLiabilityAdditionalInsuredEndorsement,Additional Insured,"---prompt---
Determine if the certificate holder is covered as an additional insured under the Umbrella/Excess Liability policy. Evidence may include: a checked ""Additional Insured"" box on the certificate for the umbrella section, mention in the Description of Operations section, reference to ""follow form"" status (which would extend underlying additional insured status), or explicit language naming the certificate holder as additional insured on the umbrella.",matchOnce,must be present,,Present,compliant,Standard 4,,,false,1,,2026-08-16
QTS Data Centers,6a15b733bd30da3db41030e3,69f0f3c5beb6279e947be111,Whitting-Turner Contracting Company,69f10c28beb6279e947be4e0,"NAL1DC1 - QTS New Albany I DC1, LLC",evidenceOfInsurance,Evidence of Insurance,excessOrUmbrellaLiability,Umbrella/Excess Liability,evidenceOfInsuranceExcessOrUmbrellaLiabilityWaiverOfSubrogationEndorsement,Waiver of Subrogation,"---prompt---
Determine if the insurer has waived their right of subrogation in favor of the certificate holder under the Umbrella/Excess Liability policy. Evidence may include: a checked ""Waiver of Subrogation"" box on the certificate, mention in the Description of Operations section stating ""waiver of subrogation applies"", or reference to ""follow form"" status (which would extend underlying waiver). Look for language like ""subrogation is waived"" or ""per written contract"".",matchOnce,must be present,,Present,compliant,Standard 4,,,false,1,,2026-08-16
QTS Data Centers,6a15b733bd30da3db41030e3,69f0f3c5beb6279e947be111,Whitting-Turner Contracting Company,69f10c28beb6279e947be4e0,"NAL1DC1 - QTS New Albany I DC1, LLC",evidenceOfInsurance,Evidence of Insurance,excessOrUmbrellaLiability,Umbrella/Excess Liability,evidenceOfInsuranceExcessOrUmbrellaLiabilityPrimaryAndNonContributoryEndorsement,Primary and Non-Contributory,"---prompt---
Determine if the Umbrella/Excess Liability policy provides primary and non-contributory coverage for the certificate holder. Evidence may include: a checked ""Primary"" box on the certificate, mention in the Description of Operations section stating ""primary and non-contributory"", or reference to ""follow form"" status (which would extend underlying primary status). Look for language indicating this policy will pay first before other applicable insurance and will not seek contribution.",matchOnce,must be present,,Present,compliant,Standard 4,,,false,1,,2026-08-16
QTS Data Centers,6a15b733bd30da3db41030e3,69f0f3c5beb6279e947be111,Whitting-Turner Contracting Company,69f10c28beb6279e947be4e0,"NAL1DC1 - QTS New Albany I DC1, LLC",evidenceOfInsurance,Evidence of Insurance,workersCompensation,Workers' Compensation and Employer's Liability,evidenceOfInsuranceWorkersCompensationStatutoryLimits,Statutory Limits,,matchOnce,must be present,,Present,compliant,Standard 4,,,false,1,,2026-08-16
QTS Data Centers,6a15b733bd30da3db41030e3,69f0f3c5beb6279e947be111,Whitting-Turner Contracting Company,69f10c28beb6279e947be4e0,"NAL1DC1 - QTS New Albany I DC1, LLC",evidenceOfInsurance,Evidence of Insurance,workersCompensation,Workers' Compensation and Employer's Liability,evidenceOfInsuranceWorkersCompensationEmployersLiabilityDiseaseEachEmployee,Employer's Liability Disease - each employee,,matchOnce,must be greater or equal to,500000,1000000,compliant,Standard 4,,,false,1,,2026-08-16
QTS Data Centers,6a15b733bd30da3db41030e3,69f0f3c5beb6279e947be111,Whitting-Turner Contracting Company,69f10c28beb6279e947be4e0,"NAL1DC1 - QTS New Albany I DC1, LLC",evidenceOfInsurance,Evidence of Insurance,workersCompensation,Workers' Compensation and Employer's Liability,evidenceOfInsuranceWorkersCompensationEmployersLiabilityDiseasePolicyLimit,Employer's Liability Disease - policy limit,,matchOnce,must be greater or equal to,500000,1000000,compliant,Standard 4,,,false,1,,2026-08-16
QTS Data Centers,6a15b733bd30da3db41030e3,69f0f3c5beb6279e947be111,Whitting-Turner Contracting Company,69f10c28beb6279e947be4e0,"NAL1DC1 - QTS New Albany I DC1, LLC",evidenceOfInsurance,Evidence of Insurance,workersCompensation,Workers' Compensation and Employer's Liability,evidenceOfInsuranceWorkersCompensationEmployersLiabilityEachAccident,Employer's Liability Each Accident,,matchOnce,must be greater or equal to,500000,1000000,compliant,Standard 4,,,false,1,,2026-08-16
QTS Data Centers,6a15b733bd30da3db41030e3,69f0f3c5beb6279e947be111,Whitting-Turner Contracting Company,69f10c28beb6279e947be4e0,"NAL1DC1 - QTS New Albany I DC1, LLC",evidenceOfInsurance,Evidence of Insurance,workersCompensation,Workers' Compensation and Employer's Liability,evidenceOfInsuranceWorkersCompensationWaiverOfSubrogationEndorsement,Waiver of Subrogation,"---prompt---
Determine if the insurer has waived their right of subrogation in favor of the certificate holder under the Workers' Compensation policy. Evidence may include: a checked ""Waiver of Subrogation"" box on the certificate, mention in the Description of Operations section stating ""waiver of subrogation applies"", or reference to form WC 00 03 13. Look for language like ""subrogation is waived"" or ""per written contract"".",matchOnce,must be present,,Present,compliant,Standard 4,,,false,1,,2026-08-16
QTS Data Centers,6a15b733bd30da3db41030e3,69f0f3c5beb6279e947be111,Whitting-Turner Contracting Company,69f10c28beb6279e947be4e0,"NAL1DC1 - QTS New Albany I DC1, LLC",evidenceOfInsurance,Evidence of Insurance,professional,Professional Liability,evidenceOfInsuranceProfessionalLimitsEachClaim,Each Claim,,matchOnce,must be greater or equal to,2000000,,non_compliant,Standard 4,,,false,0,,2026-08-16
QTS Data Centers,6a15b733bd30da3db41030e3,69f0f3c5beb6279e947be111,Whitting-Turner Contracting Company,69f10c28beb6279e947be4e0,"NAL1DC1 - QTS New Albany I DC1, LLC",evidenceOfInsurance,Evidence of Insurance,professional,Professional Liability,d672162b-0115-567e-ac40-48cb8d46cdc0,"Professional Liability Coverage Deductible must be less than or equal to $100,000",,matchOnce,must be present,,,non_compliant,Standard 4,,,true,0,,2026-08-16
QTS Data Centers,6a15b733bd30da3db41030e3,69f0f3c5beb6279e947be111,Whitting-Turner Contracting Company,69f10c28beb6279e947be4e0,"NAL1DC1 - QTS New Albany I DC1, LLC",evidenceOfInsurance,Evidence of Insurance,6ac20aae-5728-5d57-b364-aeba38527dba,Additional Requirements,655cb50e-155d-5f8c-af5e-e7386263aa58,"Certificate Holder must read as: ""Quality Technology Services, LLC, 
Attention: Procurement Department
300 Satellite Blvd NW, Suwanee, GA 30024.""",,matchOnce,must be present,,,non_compliant,Standard 4,,,true,0,,2026-08-16
QTS Data Centers,6a15b733bd30da3db41030e3,69f0f3c5beb6279e947be111,Whitting-Turner Contracting Company,69f10c28beb6279e947be4e0,"NAL1DC1 - QTS New Albany I DC1, LLC",evidenceOfInsurance,Evidence of Insurance,6ac20aae-5728-5d57-b364-aeba38527dba,Additional Requirements,25da7a11-b805-5d7d-8deb-65519e743757,"Description of Operations must read: Quality Tech, LP, and its officers, directors, employees, parents, subsidiaries, affiliates, and related companies, successors, and permitted assigns",,matchOnce,must be present,,,non_compliant,Standard 4,,,true,0,,2026-08-16
QTS Data Centers,6a15b733bd30da3db41030e3,69f0f3c5beb6279e947be111,Whitting-Turner Contracting Company,69f10c28beb6279e947be4e0,"NAL1DC1 - QTS New Albany I DC1, LLC",evidenceOfInsurance,Evidence of Insurance,6ac20aae-5728-5d57-b364-aeba38527dba,Additional Requirements,8d7b12d5-c6dc-5efe-8cbd-acd9adedde5b,"Description of Operations must read: NAL1-DC1 24MW - Sitework, Core & Shell, located at 1275 Beech Rd. SW, New Albany, OH 43054",,matchOnce,must be present,,Present,compliant,Standard 4,,,true,1,,2026-08-16
QTS Data Centers,6a15b733bd30da3db41030e3,69f0f3c5beb6279e947be111,Whitting-Turner Contracting Company,69f10c28beb6279e947be4e0,"NAL1DC1 - QTS New Albany I DC1, LLC",evidenceOfInsurance,Evidence of Insurance,6ac20aae-5728-5d57-b364-aeba38527dba,Additional Requirements,03d7ddc3-a527-5f18-bdf6-355eb23cd9de,30-Day Notice of Cancellation must be present,,matchOnce,must be present,,Present,compliant,Standard 4,,,true,1,,2026-08-16
QTS Data Centers,6a15b733bd30da3db41030e3,69f0f3c5beb6279e947be111,Whitting-Turner Contracting Company,69f10c28beb6279e947be4e0,"NAL1DC1 - QTS New Albany I DC1, LLC",evidenceOfInsurance,Evidence of Insurance,6ac20aae-5728-5d57-b364-aeba38527dba,Additional Requirements,24a2347c-ab39-5dea-a6af-ad750440dde1,"Description of Operations must read: Commercial General Liability shall not include the following endorsements/exclusions or equivalent:

1. CG 2149 or CG 2155 o CG 2198 (Absolute Pollution Exclusion)
2. CG 2294 or CG 2295 (Damage to Work Performed by Contractors Exclusion)
3. CG 2139 (Contractual Limitation Endorsement)
4. CG 2196 (Silica or Silica Dust Exclusion), unless otherwise covered under an applicable pollution policy.
5. CG 2142 (Explosion, Collapse or Underground Exclusion)",,matchOnce,must be present,,,non_compliant,Standard 4,,,true,0,,2026-08-16
QTS Data Centers,6a15b733bd30da3db41030e3,69f0f3c5beb6279e947be111,Whitting-Turner Contracting Company,69f10c28beb6279e947be4e0,"NAL1DC1 - QTS New Albany I DC1, LLC",evidenceOfInsurance,Evidence of Insurance,6ac20aae-5728-5d57-b364-aeba38527dba,Additional Requirements,71685e25-c6d0-5692-aaaf-30f59a2f9a83,"Description of Operations must read: Workers Compensation shall include ""all states"" coverage",,matchOnce,must be present,,,non_compliant,Standard 4,,,true,0,,2026-08-16
QTS Data Centers,6a15b733bd30da3db41030ea,69f0f3c5beb6279e947be0ee,"HITT Contracting, Inc.",6a071a1ab333109abbeb3dab,"RIC1DC6 - QTS Richmond I DC6, LLC",evidenceOfInsurance,Evidence of Insurance,commercialGeneralLiability,Commercial General Liability,evidenceOfInsuranceCommercialGeneralLiabilityAMBestRating,AM Best Rating,,matchOnce,must be greater or equal to,140,140,compliant,Standard 7,,,false,1,,2026-08-16
QTS Data Centers,6a15b733bd30da3db41030ea,69f0f3c5beb6279e947be0ee,"HITT Contracting, Inc.",6a071a1ab333109abbeb3dab,"RIC1DC6 - QTS Richmond I DC6, LLC",evidenceOfInsurance,Evidence of Insurance,commercialGeneralLiability,Commercial General Liability,evidenceOfInsuranceCommercialGeneralLiabilityAMBestFinancialStrength,AM Best Financial Strength,,matchOnce,must be greater or equal to,100,150,compliant,Standard 7,,,false,1,,2026-08-16
QTS Data Centers,6a15b733bd30da3db41030ea,69f0f3c5beb6279e947be0ee,"HITT Contracting, Inc.",6a071a1ab333109abbeb3dab,"RIC1DC6 - QTS Richmond I DC6, LLC",evidenceOfInsurance,Evidence of Insurance,commercialGeneralLiability,Commercial General Liability,evidenceOfInsuranceCommercialGeneralLiabilityCoverageTriggerOccurrence,Coverage Trigger: Occurrence,,matchOnce,must be present,,Present,compliant,Standard 7,,,false,1,,2026-08-16
QTS Data Centers,6a15b733bd30da3db41030ea,69f0f3c5beb6279e947be0ee,"HITT Contracting, Inc.",6a071a1ab333109abbeb3dab,"RIC1DC6 - QTS Richmond I DC6, LLC",evidenceOfInsurance,Evidence of Insurance,commercialGeneralLiability,Commercial General Liability,evidenceOfInsuranceCommercialGeneralLiabilityGeneralAggregateLimitAppliesPerProject,General Aggregate Limit Applies per: Project,,matchOnce,must be present,,Present,compliant,Standard 7,,,false,1,,2026-08-16
QTS Data Centers,6a15b733bd30da3db41030ea,69f0f3c5beb6279e947be0ee,"HITT Contracting, Inc.",6a071a1ab333109abbeb3dab,"RIC1DC6 - QTS Richmond I DC6, LLC",evidenceOfInsurance,Evidence of Insurance,commercialGeneralLiability,Commercial General Liability,evidenceOfInsuranceCommercialGeneralLiabilityEachOccurrence,Each Occurrence,,matchOnce,must be greater or equal to,2000000,2000000,compliant,Standard 7,,,false,1,,2026-08-16
QTS Data Centers,6a15b733bd30da3db41030ea,69f0f3c5beb6279e947be0ee,"HITT Contracting, Inc.",6a071a1ab333109abbeb3dab,"RIC1DC6 - QTS Richmond I DC6, LLC",evidenceOfInsurance,Evidence of Insurance,commercialGeneralLiability,Commercial General Liability,evidenceOfInsuranceCommercialGeneralLiabilityGeneralAggregate,General Aggregate,,matchOnce,must be greater or equal to,5000000,4000000,non_compliant,Standard 7,,,false,1,,2026-08-16
QTS Data Centers,6a15b733bd30da3db41030ea,69f0f3c5beb6279e947be0ee,"HITT Contracting, Inc.",6a071a1ab333109abbeb3dab,"RIC1DC6 - QTS Richmond I DC6, LLC",evidenceOfInsurance,Evidence of Insurance,commercialGeneralLiability,Commercial General Liability,evidenceOfInsuranceCommercialGeneralLiabilityProducsCompletedOperationsAggregate,Products/Completed Operations Aggregate,,matchOnce,must be greater or equal to,5000000,4000000,non_compliant,Standard 7,,,false,1,,2026-08-16
QTS Data Centers,6a15b733bd30da3db41030ea,69f0f3c5beb6279e947be0ee,"HITT Contracting, Inc.",6a071a1ab333109abbeb3dab,"RIC1DC6 - QTS Richmond I DC6, LLC",evidenceOfInsurance,Evidence of Insurance,commercialGeneralLiability,Commercial General Liability,evidenceOfInsuranceCommercialGeneralLiabilityAdditionalInsuredEndorsementOngoingOps,Additional Insured - Ongoing Operations,"---prompt---
Verify that additional insured coverage specifically includes ongoing operations. Look in the Description of Operations section for language like ""additional insured for ongoing operations"", ""CG 20 10"", ""CG 20 37"", or ""operations performed by or on behalf of the named insured"". The coverage should explicitly reference ongoing work, not just completed operations.",matchOnce,must be present,,Present,compliant,Standard 7,,,false,1,,2026-08-16
QTS Data Centers,6a15b733bd30da3db41030ea,69f0f3c5beb6279e947be0ee,"HITT Contracting, Inc.",6a071a1ab333109abbeb3dab,"RIC1DC6 - QTS Richmond I DC6, LLC",evidenceOfInsurance,Evidence of Insurance,commercialGeneralLiability,Commercial General Liability,evidenceOfInsuranceCommercialGeneralLiabilityAdditionalInsuredEndorsementCompletedOps,Additional Insured - Completed Operations,"---prompt---
Verify that additional insured coverage specifically includes completed operations. Look in the Description of Operations section for language like ""additional insured for completed operations"", ""CG 20 37"", ""products-completed operations"", or similar. This coverage protects the certificate holder for claims arising after work is finished.",matchOnce,must be present,,Present,compliant,Standard 7,,,false,1,,2026-08-16
QTS Data Centers,6a15b733bd30da3db41030ea,69f0f3c5beb6279e947be0ee,"HITT Contracting, Inc.",6a071a1ab333109abbeb3dab,"RIC1DC6 - QTS Richmond I DC6, LLC",evidenceOfInsurance,Evidence of Insurance,commercialGeneralLiability,Commercial General Liability,evidenceOfInsuranceCommercialGeneralLiabilityWaiverOfSubrogationEndorsement,Waiver of Subrogation,"---prompt---
Determine if the insurer has waived their right of subrogation in favor of the certificate holder under the Commercial General Liability policy. Evidence may include: a checked ""Waiver of Subrogation"" box on the certificate, mention in the Description of Operations section stating ""waiver of subrogation applies"", or reference to form CG 24 04. Look for language like ""subrogation is waived"" or ""per written contract"".",matchOnce,must be present,,Present,compliant,Standard 7,,,false,1,,2026-08-16
QTS Data Centers,6a15b733bd30da3db41030ea,69f0f3c5beb6279e947be0ee,"HITT Contracting, Inc.",6a071a1ab333109abbeb3dab,"RIC1DC6 - QTS Richmond I DC6, LLC",evidenceOfInsurance,Evidence of Insurance,commercialGeneralLiability,Commercial General Liability,evidenceOfInsuranceCommercialGeneralLiabilityPrimaryAndNonContributoryEndorsement,Primary and Non-Contributory,"---prompt---
Determine if the Commercial General Liability policy provides primary and non-contributory coverage for the certificate holder. Evidence may include: a checked ""Primary"" box on the certificate, mention in the Description of Operations section stating ""primary and non-contributory"", or reference to endorsement CG 20 01. Look for language indicating this policy will pay first before other applicable insurance and will not seek contribution.",matchOnce,must be present,,Present,compliant,Standard 7,,,false,1,,2026-08-16
QTS Data Centers,6a15b733bd30da3db41030ea,69f0f3c5beb6279e947be0ee,"HITT Contracting, Inc.",6a071a1ab333109abbeb3dab,"RIC1DC6 - QTS Richmond I DC6, LLC",evidenceOfInsurance,Evidence of Insurance,commercialGeneralLiability,Commercial General Liability,9c28ed56-e307-5cf9-88e9-0ada1f283104,Physical 30 Days Notice of Cancellation - 10 Days Notice for Non Payment Endorsement must be present,,matchOnce,must be present,,Present,compliant,Standard 7,,,true,1,,2026-08-16
QTS Data Centers,6a15b733bd30da3db41030ea,69f0f3c5beb6279e947be0ee,"HITT Contracting, Inc.",6a071a1ab333109abbeb3dab,"RIC1DC6 - QTS Richmond I DC6, LLC",evidenceOfInsurance,Evidence of Insurance,automobileLiability,Automobile Liability,evidenceOfInsuranceAutomobileLiabilityCombinedSingleLimitEachAccident,Combined Single Limit (each accident),,matchOnce,must be greater or equal to,1000000,2000000,compliant,Standard 7,,,false,1,,2026-08-16
QTS Data Centers,6a15b733bd30da3db41030ea,69f0f3c5beb6279e947be0ee,"HITT Contracting, Inc.",6a071a1ab333109abbeb3dab,"RIC1DC6 - QTS Richmond I DC6, LLC",evidenceOfInsurance,Evidence of Insurance,automobileLiability,Automobile Liability,evidenceOfInsuranceAutomobileLiabilityCoverageAppliesToOwnedAutosOnly,Coverage Applies To: Owned Autos Only,,matchOnce,must be present,,Present,compliant,Standard 7,,,false,1,,2026-08-16
QTS Data Centers,6a15b733bd30da3db41030ea,69f0f3c5beb6279e947be0ee,"HITT Contracting, Inc.",6a071a1ab333109abbeb3dab,"RIC1DC6 - QTS Richmond I DC6, LLC",evidenceOfInsurance,Evidence of Insurance,automobileLiability,Automobile Liability,evidenceOfInsuranceAutomobileLiabilityCoverageAppliesToNonOwnedAutosOnly,Coverage Applies To: Non-Owned Autos Only,,matchOnce,must be present,,Present,compliant,Standard 7,,,false,1,,2026-08-16
QTS Data Centers,6a15b733bd30da3db41030ea,69f0f3c5beb6279e947be0ee,"HITT Contracting, Inc.",6a071a1ab333109abbeb3dab,"RIC1DC6 - QTS Richmond I DC6, LLC",evidenceOfInsurance,Evidence of Insurance,automobileLiability,Automobile Liability,evidenceOfInsuranceAutomobileLiabilityCoverageAppliesToHiredAutosOnly,Coverage Applies To: Hired Autos Only,,matchOnce,must be present,,Present,compliant,Standard 7,,,false,1,,2026-08-16
QTS Data Centers,6a15b733bd30da3db41030ea,69f0f3c5beb6279e947be0ee,"HITT Contracting, Inc.",6a071a1ab333109abbeb3dab,"RIC1DC6 - QTS Richmond I DC6, LLC",evidenceOfInsurance,Evidence of Insurance,automobileLiability,Automobile Liability,evidenceOfInsuranceAutomobileLiabilityAdditionalInsuredEndorsement,Additional Insured,"---prompt---
Determine if the certificate holder is covered as an additional insured under the Automobile Liability policy. Evidence may include: a checked ""Additional Insured"" box on the certificate for the auto section, mention in the Description of Operations section, or reference to blanket additional insured coverage. Look for form number CA 20 48 or language like ""certificate holder is additional insured"" or ""per written contract"".",matchOnce,must be present,,Present,compliant,Standard 7,,,false,1,,2026-08-16
QTS Data Centers,6a15b733bd30da3db41030ea,69f0f3c5beb6279e947be0ee,"HITT Contracting, Inc.",6a071a1ab333109abbeb3dab,"RIC1DC6 - QTS Richmond I DC6, LLC",evidenceOfInsurance,Evidence of Insurance,automobileLiability,Automobile Liability,evidenceOfInsuranceAutomobileLiabilityWaiverOfSubrogationEndorsement,Waiver of Subrogation,"---prompt---
Determine if the insurer has waived their right of subrogation in favor of the certificate holder under the Automobile Liability policy. Evidence may include: a checked ""Waiver of Subrogation"" box on the certificate, mention in the Description of Operations section stating ""waiver of subrogation applies"", or reference to form CA 04 44. Look for language like ""subrogation is waived"" or ""per written contract"".",matchOnce,must be present,,Present,compliant,Standard 7,,,false,1,,2026-08-16
QTS Data Centers,6a15b733bd30da3db41030ea,69f0f3c5beb6279e947be0ee,"HITT Contracting, Inc.",6a071a1ab333109abbeb3dab,"RIC1DC6 - QTS Richmond I DC6, LLC",evidenceOfInsurance,Evidence of Insurance,automobileLiability,Automobile Liability,evidenceOfInsuranceAutomobileLiabilityPrimaryAndNonContributoryEndorsement,Primary and Non-Contributory,"---prompt---
Determine if the Automobile Liability policy provides primary and non-contributory coverage for the certificate holder. Evidence may include: a checked ""Primary"" box on the certificate, mention in the Description of Operations section stating ""primary and non-contributory"". Look for language indicating this policy will pay first before other applicable insurance and will not seek contribution.",matchOnce,must be present,,Present,compliant,Standard 7,,,false,1,,2026-08-16
QTS Data Centers,6a15b733bd30da3db41030ea,69f0f3c5beb6279e947be0ee,"HITT Contracting, Inc.",6a071a1ab333109abbeb3dab,"RIC1DC6 - QTS Richmond I DC6, LLC",evidenceOfInsurance,Evidence of Insurance,automobileLiability,Automobile Liability,0e6f6daa-effc-5c25-af03-4f7e657ae801,Physical MCS-90 Endorsement must be present,,matchOnce,must be present,,,non_compliant,Standard 7,,,true,0,,2026-08-16
QTS Data Centers,6a15b733bd30da3db41030ea,69f0f3c5beb6279e947be0ee,"HITT Contracting, Inc.",6a071a1ab333109abbeb3dab,"RIC1DC6 - QTS Richmond I DC6, LLC",evidenceOfInsurance,Evidence of Insurance,excessOrUmbrellaLiability,Umbrella/Excess Liability,evidenceOfInsuranceExcessOrUmbrellaLiabilityOccurence,Coverage Trigger: Occurrence,,matchOnce,must be present,,Present,compliant,Standard 7,,,false,1,,2026-08-16
QTS Data Centers,6a15b733bd30da3db41030ea,69f0f3c5beb6279e947be0ee,"HITT Contracting, Inc.",6a071a1ab333109abbeb3dab,"RIC1DC6 - QTS Richmond I DC6, LLC",evidenceOfInsurance,Evidence of Insurance,excessOrUmbrellaLiability,Umbrella/Excess Liability,evidenceOfInsuranceExcessOrUmbrellaLiabilityEachOccurrence,Each Occurrence,,matchOnce,must be greater or equal to,25000000,25000000,compliant,Standard 7,,,false,1,,2026-08-16
QTS Data Centers,6a15b733bd30da3db41030ea,69f0f3c5beb6279e947be0ee,"HITT Contracting, Inc.",6a071a1ab333109abbeb3dab,"RIC1DC6 - QTS Richmond I DC6, LLC",evidenceOfInsurance,Evidence of Insurance,excessOrUmbrellaLiability,Umbrella/Excess Liability,evidenceOfInsuranceExcessOrUmbrellaLiabilityAdditionalInsuredEndorsement,Additional Insured,"---prompt---
Determine if the certificate holder is covered as an additional insured under the Umbrella/Excess Liability policy. Evidence may include: a checked ""Additional Insured"" box on the certificate for the umbrella section, mention in the Description of Operations section, reference to ""follow form"" status (which would extend underlying additional insured status), or explicit language naming the certificate holder as additional insured on the umbrella.",matchOnce,must be present,,Present,compliant,Standard 7,,,false,1,,2026-08-16
QTS Data Centers,6a15b733bd30da3db41030ea,69f0f3c5beb6279e947be0ee,"HITT Contracting, Inc.",6a071a1ab333109abbeb3dab,"RIC1DC6 - QTS Richmond I DC6, LLC",evidenceOfInsurance,Evidence of Insurance,excessOrUmbrellaLiability,Umbrella/Excess Liability,evidenceOfInsuranceExcessOrUmbrellaLiabilityWaiverOfSubrogationEndorsement,Waiver of Subrogation,"---prompt---
Determine if the insurer has waived their right of subrogation in favor of the certificate holder under the Umbrella/Excess Liability policy. Evidence may include: a checked ""Waiver of Subrogation"" box on the certificate, mention in the Description of Operations section stating ""waiver of subrogation applies"", or reference to ""follow form"" status (which would extend underlying waiver). Look for language like ""subrogation is waived"" or ""per written contract"".",matchOnce,must be present,,Present,compliant,Standard 7,,,false,1,,2026-08-16
QTS Data Centers,6a15b733bd30da3db41030ea,69f0f3c5beb6279e947be0ee,"HITT Contracting, Inc.",6a071a1ab333109abbeb3dab,"RIC1DC6 - QTS Richmond I DC6, LLC",evidenceOfInsurance,Evidence of Insurance,excessOrUmbrellaLiability,Umbrella/Excess Liability,evidenceOfInsuranceExcessOrUmbrellaLiabilityPrimaryAndNonContributoryEndorsement,Primary and Non-Contributory,"---prompt---
Determine if the Umbrella/Excess Liability policy provides primary and non-contributory coverage for the certificate holder. Evidence may include: a checked ""Primary"" box on the certificate, mention in the Description of Operations section stating ""primary and non-contributory"", or reference to ""follow form"" status (which would extend underlying primary status). Look for language indicating this policy will pay first before other applicable insurance and will not seek contribution.",matchOnce,must be present,,Present,compliant,Standard 7,,,false,1,,2026-08-16
QTS Data Centers,6a15b733bd30da3db41030ea,69f0f3c5beb6279e947be0ee,"HITT Contracting, Inc.",6a071a1ab333109abbeb3dab,"RIC1DC6 - QTS Richmond I DC6, LLC",evidenceOfInsurance,Evidence of Insurance,workersCompensation,Workers' Compensation and Employer's Liability,evidenceOfInsuranceWorkersCompensationStatutoryLimits,Statutory Limits,,matchOnce,must be present,,Present,compliant,Standard 7,,,false,1,,2026-08-16
QTS Data Centers,6a15b733bd30da3db41030ea,69f0f3c5beb6279e947be0ee,"HITT Contracting, Inc.",6a071a1ab333109abbeb3dab,"RIC1DC6 - QTS Richmond I DC6, LLC",evidenceOfInsurance,Evidence of Insurance,workersCompensation,Workers' Compensation and Employer's Liability,evidenceOfInsuranceWorkersCompensationEmployersLiabilityDiseaseEachEmployee,Employer's Liability Disease - each employee,,matchOnce,must be greater or equal to,1000000,1000000,compliant,Standard 7,,,false,1,,2026-08-16
QTS Data Centers,6a15b733bd30da3db41030ea,69f0f3c5beb6279e947be0ee,"HITT Contracting, Inc.",6a071a1ab333109abbeb3dab,"RIC1DC6 - QTS Richmond I DC6, LLC",evidenceOfInsurance,Evidence of Insurance,workersCompensation,Workers' Compensation and Employer's Liability,evidenceOfInsuranceWorkersCompensationEmployersLiabilityDiseasePolicyLimit,Employer's Liability Disease - policy limit,,matchOnce,must be greater or equal to,1000000,1000000,compliant,Standard 7,,,false,1,,2026-08-16
QTS Data Centers,6a15b733bd30da3db41030ea,69f0f3c5beb6279e947be0ee,"HITT Contracting, Inc.",6a071a1ab333109abbeb3dab,"RIC1DC6 - QTS Richmond I DC6, LLC",evidenceOfInsurance,Evidence of Insurance,workersCompensation,Workers' Compensation and Employer's Liability,evidenceOfInsuranceWorkersCompensationEmployersLiabilityEachAccident,Employer's Liability Each Accident,,matchOnce,must be greater or equal to,1000000,1000000,compliant,Standard 7,,,false,1,,2026-08-16
QTS Data Centers,6a15b733bd30da3db41030ea,69f0f3c5beb6279e947be0ee,"HITT Contracting, Inc.",6a071a1ab333109abbeb3dab,"RIC1DC6 - QTS Richmond I DC6, LLC",evidenceOfInsurance,Evidence of Insurance,workersCompensation,Workers' Compensation and Employer's Liability,evidenceOfInsuranceWorkersCompensationWaiverOfSubrogationEndorsement,Waiver of Subrogation,"---prompt---
Determine if the insurer has waived their right of subrogation in favor of the certificate holder under the Workers' Compensation policy. Evidence may include: a checked ""Waiver of Subrogation"" box on the certificate, mention in the Description of Operations section stating ""waiver of subrogation applies"", or reference to form WC 00 03 13. Look for language like ""subrogation is waived"" or ""per written contract"".",matchOnce,must be present,,Present,compliant,Standard 7,,,false,1,,2026-08-16
QTS Data Centers,6a15b733bd30da3db41030ea,69f0f3c5beb6279e947be0ee,"HITT Contracting, Inc.",6a071a1ab333109abbeb3dab,"RIC1DC6 - QTS Richmond I DC6, LLC",evidenceOfInsurance,Evidence of Insurance,6ac20aae-5728-5d57-b364-aeba38527dba,Additional Requirements,655cb50e-155d-5f8c-af5e-e7386263aa58,"Certificate Holder must read as: ""Quality Technology Services, LLC, 
Attention: Procurement Department
300 Satellite Blvd NW, Suwanee, GA 30024.""",,matchOnce,must be present,,Present,compliant,Standard 7,,,true,1,,2026-08-16
QTS Data Centers,6a15b733bd30da3db41030ea,69f0f3c5beb6279e947be0ee,"HITT Contracting, Inc.",6a071a1ab333109abbeb3dab,"RIC1DC6 - QTS Richmond I DC6, LLC",evidenceOfInsurance,Evidence of Insurance,6ac20aae-5728-5d57-b364-aeba38527dba,Additional Requirements,25da7a11-b805-5d7d-8deb-65519e743757,"Description of Operations must read: Quality Tech, LP, and its officers, directors, employees, parents, subsidiaries, affiliates, and related companies, successors, and permitted assigns",,matchOnce,must be present,,Present,compliant,Standard 7,,,true,1,,2026-08-16
QTS Data Centers,6a15b733bd30da3db41030ea,69f0f3c5beb6279e947be0ee,"HITT Contracting, Inc.",6a071a1ab333109abbeb3dab,"RIC1DC6 - QTS Richmond I DC6, LLC",evidenceOfInsurance,Evidence of Insurance,6ac20aae-5728-5d57-b364-aeba38527dba,Additional Requirements,8d7b12d5-c6dc-5efe-8cbd-acd9adedde5b,"Description of Operations must read: RIC2-DC6, located at 6070 Technology Blvd, Sandston, VA 23150",,matchOnce,must be present,,,non_compliant,Standard 7,,,true,0,,2026-08-16
QTS Data Centers,6a15b733bd30da3db41030ea,69f0f3c5beb6279e947be0ee,"HITT Contracting, Inc.",6a071a1ab333109abbeb3dab,"RIC1DC6 - QTS Richmond I DC6, LLC",evidenceOfInsurance,Evidence of Insurance,6ac20aae-5728-5d57-b364-aeba38527dba,Additional Requirements,03d7ddc3-a527-5f18-bdf6-355eb23cd9de,30-Day Notice of Cancellation must be present,,matchOnce,must be present,,Present,compliant,Standard 7,,,true,1,,2026-08-16
QTS Data Centers,6a15b733bd30da3db41030ea,69f0f3c5beb6279e947be0ee,"HITT Contracting, Inc.",6a071a1ab333109abbeb3dab,"RIC1DC6 - QTS Richmond I DC6, LLC",evidenceOfInsurance,Evidence of Insurance,6ac20aae-5728-5d57-b364-aeba38527dba,Additional Requirements,24a2347c-ab39-5dea-a6af-ad750440dde1,"Description of Operations must read: Commercial General Liability shall not include the following endorsements/exclusions or equivalent:

1. CG 2149 or CG 2155 o CG 2198 (Absolute Pollution Exclusion)
2. CG 2294 or CG 2295 (Damage to Work Performed by Contractors Exclusion)
3. CG 2139 (Contractual Limitation Endorsement)
4. CG 2196 (Silica or Silica Dust Exclusion), unless otherwise covered under an applicable pollution policy.
5. CG 2142 (Explosion, Collapse or Underground Exclusion)",,matchOnce,must be present,,,non_compliant,Standard 7,,,true,0,,2026-08-16
QTS Data Centers,6a15b733bd30da3db41030ea,69f0f3c5beb6279e947be0ee,"HITT Contracting, Inc.",6a071a1ab333109abbeb3dab,"RIC1DC6 - QTS Richmond I DC6, LLC",evidenceOfInsurance,Evidence of Insurance,6ac20aae-5728-5d57-b364-aeba38527dba,Additional Requirements,71685e25-c6d0-5692-aaaf-30f59a2f9a83,"Description of Operations must read: Workers Compensation shall include ""all states"" coverage",,matchOnce,must be present,,,non_compliant,Standard 7,,,true,0,,2026-08-16
QTS Data Centers,6a15b733bd30da3db41030f3,69f0f3c4beb6279e947be0e4,Gilbane Building Company,6a15ab64f954928d4d5237e3,CLT1DC4 -,evidenceOfInsurance,Evidence of Insurance,commercialGeneralLiability,Commercial General Liability,evidenceOfInsuranceCommercialGeneralLiabilityAMBestFinancialStrength,AM Best Financial Strength,,matchOnce,must be greater or equal to,70,150,compliant,Standard 1,,,false,1,,2026-08-16
QTS Data Centers,6a15b733bd30da3db41030f3,69f0f3c4beb6279e947be0e4,Gilbane Building Company,6a15ab64f954928d4d5237e3,CLT1DC4 -,evidenceOfInsurance,Evidence of Insurance,commercialGeneralLiability,Commercial General Liability,evidenceOfInsuranceCommercialGeneralLiabilityAMBestRating,AM Best Rating,,matchOnce,must be greater or equal to,130,160,compliant,Standard 1,,,false,1,,2026-08-16
QTS Data Centers,6a15b733bd30da3db41030f3,69f0f3c4beb6279e947be0e4,Gilbane Building Company,6a15ab64f954928d4d5237e3,CLT1DC4 -,evidenceOfInsurance,Evidence of Insurance,commercialGeneralLiability,Commercial General Liability,evidenceOfInsuranceCommercialGeneralLiabilityCoverageTriggerOccurrence,Coverage Trigger: Occurrence,,matchOnce,must be present,,Present,compliant,Standard 1,,,false,1,,2026-08-16
QTS Data Centers,6a15b733bd30da3db41030f3,69f0f3c4beb6279e947be0e4,Gilbane Building Company,6a15ab64f954928d4d5237e3,CLT1DC4 -,evidenceOfInsurance,Evidence of Insurance,commercialGeneralLiability,Commercial General Liability,evidenceOfInsuranceCommercialGeneralLiabilityGeneralAggregateLimitAppliesPerProject,General Aggregate Limit Applies per: Project,,matchOnce,must be present,,Present,compliant,Standard 1,,,false,1,,2026-08-16
QTS Data Centers,6a15b733bd30da3db41030f3,69f0f3c4beb6279e947be0e4,Gilbane Building Company,6a15ab64f954928d4d5237e3,CLT1DC4 -,evidenceOfInsurance,Evidence of Insurance,commercialGeneralLiability,Commercial General Liability,evidenceOfInsuranceCommercialGeneralLiabilityEachOccurrence,Each Occurrence,,matchOnce,must be greater or equal to,2000000,3000000,compliant,Standard 1,,,false,1,,2026-08-16
QTS Data Centers,6a15b733bd30da3db41030f3,69f0f3c4beb6279e947be0e4,Gilbane Building Company,6a15ab64f954928d4d5237e3,CLT1DC4 -,evidenceOfInsurance,Evidence of Insurance,commercialGeneralLiability,Commercial General Liability,evidenceOfInsuranceCommercialGeneralLiabilityGeneralAggregate,General Aggregate,,matchOnce,must be greater or equal to,4000000,6000000,compliant,Standard 1,,,false,1,,2026-08-16
QTS Data Centers,6a15b733bd30da3db41030f3,69f0f3c4beb6279e947be0e4,Gilbane Building Company,6a15ab64f954928d4d5237e3,CLT1DC4 -,evidenceOfInsurance,Evidence of Insurance,commercialGeneralLiability,Commercial General Liability,evidenceOfInsuranceCommercialGeneralLiabilityProducsCompletedOperationsAggregate,Products/Completed Operations Aggregate,,matchOnce,must be greater or equal to,4000000,6000000,compliant,Standard 1,,,false,1,,2026-08-16
QTS Data Centers,6a15b733bd30da3db41030f3,69f0f3c4beb6279e947be0e4,Gilbane Building Company,6a15ab64f954928d4d5237e3,CLT1DC4 -,evidenceOfInsurance,Evidence of Insurance,commercialGeneralLiability,Commercial General Liability,evidenceOfInsuranceCommercialGeneralLiabilityAdditionalInsuredEndorsementOngoingOps,Additional Insured - Ongoing Operations,"---prompt---
Verify that additional insured coverage specifically includes ongoing operations. Look in the Description of Operations section for language like ""additional insured for ongoing operations"", ""CG 20 10"", ""CG 20 37"", or ""operations performed by or on behalf of the named insured"". The coverage should explicitly reference ongoing work, not just completed operations.",matchOnce,must be present,,Present,compliant,Standard 1,,,false,1,,2026-08-16
QTS Data Centers,6a15b733bd30da3db41030f3,69f0f3c4beb6279e947be0e4,Gilbane Building Company,6a15ab64f954928d4d5237e3,CLT1DC4 -,evidenceOfInsurance,Evidence of Insurance,commercialGeneralLiability,Commercial General Liability,evidenceOfInsuranceCommercialGeneralLiabilityAdditionalInsuredEndorsementCompletedOps,Additional Insured - Completed Operations,"---prompt---
Verify that additional insured coverage specifically includes completed operations. Look in the Description of Operations section for language like ""additional insured for completed operations"", ""CG 20 37"", ""products-completed operations"", or similar. This coverage protects the certificate holder for claims arising after work is finished.",matchOnce,must be present,,Present,compliant,Standard 1,,,false,1,,2026-08-16
QTS Data Centers,6a15b733bd30da3db41030f3,69f0f3c4beb6279e947be0e4,Gilbane Building Company,6a15ab64f954928d4d5237e3,CLT1DC4 -,evidenceOfInsurance,Evidence of Insurance,commercialGeneralLiability,Commercial General Liability,evidenceOfInsuranceCommercialGeneralLiabilityWaiverOfSubrogationEndorsement,Waiver of Subrogation,"---prompt---
Determine if the insurer has waived their right of subrogation in favor of the certificate holder under the Commercial General Liability policy. Evidence may include: a checked ""Waiver of Subrogation"" box on the certificate, mention in the Description of Operations section stating ""waiver of subrogation applies"", or reference to form CG 24 04. Look for language like ""subrogation is waived"" or ""per written contract"".",matchOnce,must be present,,Present,compliant,Standard 1,,,false,1,,2026-08-16
QTS Data Centers,6a15b733bd30da3db41030f3,69f0f3c4beb6279e947be0e4,Gilbane Building Company,6a15ab64f954928d4d5237e3,CLT1DC4 -,evidenceOfInsurance,Evidence of Insurance,commercialGeneralLiability,Commercial General Liability,evidenceOfInsuranceCommercialGeneralLiabilityPrimaryAndNonContributoryEndorsement,Primary and Non-Contributory,"---prompt---
Determine if the Commercial General Liability policy provides primary and non-contributory coverage for the certificate holder. Evidence may include: a checked ""Primary"" box on the certificate, mention in the Description of Operations section stating ""primary and non-contributory"", or reference to endorsement CG 20 01. Look for language indicating this policy will pay first before other applicable insurance and will not seek contribution.",matchOnce,must be present,,Present,compliant,Standard 1,,,false,1,,2026-08-16
QTS Data Centers,6a15b733bd30da3db41030f3,69f0f3c4beb6279e947be0e4,Gilbane Building Company,6a15ab64f954928d4d5237e3,CLT1DC4 -,evidenceOfInsurance,Evidence of Insurance,commercialGeneralLiability,Commercial General Liability,9c28ed56-e307-5cf9-88e9-0ada1f283104,Physical 30 Days Notice of Cancellation - 10 Days Notice for Non Payment Endorsement must be present,,matchOnce,must be present,,,non_compliant,Standard 1,,,true,0,,2026-08-16
QTS Data Centers,6a15b733bd30da3db41030f3,69f0f3c4beb6279e947be0e4,Gilbane Building Company,6a15ab64f954928d4d5237e3,CLT1DC4 -,evidenceOfInsurance,Evidence of Insurance,automobileLiability,Automobile Liability,evidenceOfInsuranceAutomobileLiabilityCombinedSingleLimitEachAccident,Combined Single Limit (each accident),,matchOnce,must be greater or equal to,1000000,2000000,compliant,Standard 1,,,false,1,,2026-08-16
QTS Data Centers,6a15b733bd30da3db41030f3,69f0f3c4beb6279e947be0e4,Gilbane Building Company,6a15ab64f954928d4d5237e3,CLT1DC4 -,evidenceOfInsurance,Evidence of Insurance,automobileLiability,Automobile Liability,evidenceOfInsuranceAutomobileLiabilityCoverageAppliesToOwnedAutosOnly,Coverage Applies To: Owned Autos Only,,matchOnce,must be present,,Present,compliant,Standard 1,,,false,1,,2026-08-16
QTS Data Centers,6a15b733bd30da3db41030f3,69f0f3c4beb6279e947be0e4,Gilbane Building Company,6a15ab64f954928d4d5237e3,CLT1DC4 -,evidenceOfInsurance,Evidence of Insurance,automobileLiability,Automobile Liability,evidenceOfInsuranceAutomobileLiabilityCoverageAppliesToNonOwnedAutosOnly,Coverage Applies To: Non-Owned Autos Only,,matchOnce,must be present,,Present,compliant,Standard 1,,,false,1,,2026-08-16
QTS Data Centers,6a15b733bd30da3db41030f3,69f0f3c4beb6279e947be0e4,Gilbane Building Company,6a15ab64f954928d4d5237e3,CLT1DC4 -,evidenceOfInsurance,Evidence of Insurance,automobileLiability,Automobile Liability,evidenceOfInsuranceAutomobileLiabilityCoverageAppliesToHiredAutosOnly,Coverage Applies To: Hired Autos Only,,matchOnce,must be present,,Present,compliant,Standard 1,,,false,1,,2026-08-16
QTS Data Centers,6a15b733bd30da3db41030f3,69f0f3c4beb6279e947be0e4,Gilbane Building Company,6a15ab64f954928d4d5237e3,CLT1DC4 -,evidenceOfInsurance,Evidence of Insurance,automobileLiability,Automobile Liability,evidenceOfInsuranceAutomobileLiabilityAdditionalInsuredEndorsement,Additional Insured,"---prompt---
Determine if the certificate holder is covered as an additional insured under the Automobile Liability policy. Evidence may include: a checked ""Additional Insured"" box on the certificate for the auto section, mention in the Description of Operations section, or reference to blanket additional insured coverage. Look for form number CA 20 48 or language like ""certificate holder is additional insured"" or ""per written contract"".",matchOnce,must be present,,Present,compliant,Standard 1,,,false,1,,2026-08-16
QTS Data Centers,6a15b733bd30da3db41030f3,69f0f3c4beb6279e947be0e4,Gilbane Building Company,6a15ab64f954928d4d5237e3,CLT1DC4 -,evidenceOfInsurance,Evidence of Insurance,automobileLiability,Automobile Liability,evidenceOfInsuranceAutomobileLiabilityWaiverOfSubrogationEndorsement,Waiver of Subrogation,"---prompt---
Determine if the insurer has waived their right of subrogation in favor of the certificate holder under the Automobile Liability policy. Evidence may include: a checked ""Waiver of Subrogation"" box on the certificate, mention in the Description of Operations section stating ""waiver of subrogation applies"", or reference to form CA 04 44. Look for language like ""subrogation is waived"" or ""per written contract"".",matchOnce,must be present,,Present,compliant,Standard 1,,,false,1,,2026-08-16
QTS Data Centers,6a15b733bd30da3db41030f3,69f0f3c4beb6279e947be0e4,Gilbane Building Company,6a15ab64f954928d4d5237e3,CLT1DC4 -,evidenceOfInsurance,Evidence of Insurance,automobileLiability,Automobile Liability,evidenceOfInsuranceAutomobileLiabilityPrimaryAndNonContributoryEndorsement,Primary and Non-Contributory,"---prompt---
Determine if the Automobile Liability policy provides primary and non-contributory coverage for the certificate holder. Evidence may include: a checked ""Primary"" box on the certificate, mention in the Description of Operations section stating ""primary and non-contributory"". Look for language indicating this policy will pay first before other applicable insurance and will not seek contribution.",matchOnce,must be present,,Present,compliant,Standard 1,,,false,1,,2026-08-16
QTS Data Centers,6a15b733bd30da3db41030f3,69f0f3c4beb6279e947be0e4,Gilbane Building Company,6a15ab64f954928d4d5237e3,CLT1DC4 -,evidenceOfInsurance,Evidence of Insurance,automobileLiability,Automobile Liability,0e6f6daa-effc-5c25-af03-4f7e657ae801,Physical MCS-90 Endorsement must be present,,matchOnce,must be present,,,non_compliant,Standard 1,,,true,0,,2026-08-16
QTS Data Centers,6a15b733bd30da3db41030f3,69f0f3c4beb6279e947be0e4,Gilbane Building Company,6a15ab64f954928d4d5237e3,CLT1DC4 -,evidenceOfInsurance,Evidence of Insurance,excessOrUmbrellaLiability,Umbrella/Excess Liability,evidenceOfInsuranceExcessOrUmbrellaLiabilityOccurence,Coverage Trigger: Occurrence,,matchOnce,must be present,,Present,compliant,Standard 1,,,false,1,,2026-08-16
QTS Data Centers,6a15b733bd30da3db41030f3,69f0f3c4beb6279e947be0e4,Gilbane Building Company,6a15ab64f954928d4d5237e3,CLT1DC4 -,evidenceOfInsurance,Evidence of Insurance,excessOrUmbrellaLiability,Umbrella/Excess Liability,evidenceOfInsuranceExcessOrUmbrellaLiabilityEachOccurrence,Each Occurrence,,matchOnce,must be greater or equal to,75000000,50000000,non_compliant,Standard 1,,,false,1,,2026-08-16
QTS Data Centers,6a15b733bd30da3db41030f3,69f0f3c4beb6279e947be0e4,Gilbane Building Company,6a15ab64f954928d4d5237e3,CLT1DC4 -,evidenceOfInsurance,Evidence of Insurance,excessOrUmbrellaLiability,Umbrella/Excess Liability,evidenceOfInsuranceExcessOrUmbrellaLiabilityAdditionalInsuredEndorsement,Additional Insured,"---prompt---
Determine if the certificate holder is covered as an additional insured under the Umbrella/Excess Liability policy. Evidence may include: a checked ""Additional Insured"" box on the certificate for the umbrella section, mention in the Description of Operations section, reference to ""follow form"" status (which would extend underlying additional insured status), or explicit language naming the certificate holder as additional insured on the umbrella.",matchOnce,must be present,,Present,compliant,Standard 1,,,false,1,,2026-08-16
QTS Data Centers,6a15b733bd30da3db41030f3,69f0f3c4beb6279e947be0e4,Gilbane Building Company,6a15ab64f954928d4d5237e3,CLT1DC4 -,evidenceOfInsurance,Evidence of Insurance,excessOrUmbrellaLiability,Umbrella/Excess Liability,evidenceOfInsuranceExcessOrUmbrellaLiabilityWaiverOfSubrogationEndorsement,Waiver of Subrogation,"---prompt---
Determine if the insurer has waived their right of subrogation in favor of the certificate holder under the Umbrella/Excess Liability policy. Evidence may include: a checked ""Waiver of Subrogation"" box on the certificate, mention in the Description of Operations section stating ""waiver of subrogation applies"", or reference to ""follow form"" status (which would extend underlying waiver). Look for language like ""subrogation is waived"" or ""per written contract"".",matchOnce,must be present,,Present,compliant,Standard 1,,,false,1,,2026-08-16
QTS Data Centers,6a15b733bd30da3db41030f3,69f0f3c4beb6279e947be0e4,Gilbane Building Company,6a15ab64f954928d4d5237e3,CLT1DC4 -,evidenceOfInsurance,Evidence of Insurance,excessOrUmbrellaLiability,Umbrella/Excess Liability,evidenceOfInsuranceExcessOrUmbrellaLiabilityPrimaryAndNonContributoryEndorsement,Primary and Non-Contributory,"---prompt---
Determine if the Umbrella/Excess Liability policy provides primary and non-contributory coverage for the certificate holder. Evidence may include: a checked ""Primary"" box on the certificate, mention in the Description of Operations section stating ""primary and non-contributory"", or reference to ""follow form"" status (which would extend underlying primary status). Look for language indicating this policy will pay first before other applicable insurance and will not seek contribution.",matchOnce,must be present,,Present,compliant,Standard 1,,,false,1,,2026-08-16
QTS Data Centers,6a15b733bd30da3db41030f3,69f0f3c4beb6279e947be0e4,Gilbane Building Company,6a15ab64f954928d4d5237e3,CLT1DC4 -,evidenceOfInsurance,Evidence of Insurance,workersCompensation,Workers' Compensation and Employer's Liability,evidenceOfInsuranceWorkersCompensationStatutoryLimits,Statutory Limits,,matchOnce,must be present,,Present,compliant,Standard 1,,,false,1,,2026-08-16
QTS Data Centers,6a15b733bd30da3db41030f3,69f0f3c4beb6279e947be0e4,Gilbane Building Company,6a15ab64f954928d4d5237e3,CLT1DC4 -,evidenceOfInsurance,Evidence of Insurance,workersCompensation,Workers' Compensation and Employer's Liability,evidenceOfInsuranceWorkersCompensationEmployersLiabilityDiseaseEachEmployee,Employer's Liability Disease - each employee,,matchOnce,must be greater or equal to,1000000,1000000,compliant,Standard 1,,,false,1,,2026-08-16
QTS Data Centers,6a15b733bd30da3db41030f3,69f0f3c4beb6279e947be0e4,Gilbane Building Company,6a15ab64f954928d4d5237e3,CLT1DC4 -,evidenceOfInsurance,Evidence of Insurance,workersCompensation,Workers' Compensation and Employer's Liability,evidenceOfInsuranceWorkersCompensationEmployersLiabilityDiseasePolicyLimit,Employer's Liability Disease - policy limit,,matchOnce,must be greater or equal to,1000000,1000000,compliant,Standard 1,,,false,1,,2026-08-16
QTS Data Centers,6a15b733bd30da3db41030f3,69f0f3c4beb6279e947be0e4,Gilbane Building Company,6a15ab64f954928d4d5237e3,CLT1DC4 -,evidenceOfInsurance,Evidence of Insurance,workersCompensation,Workers' Compensation and Employer's Liability,evidenceOfInsuranceWorkersCompensationEmployersLiabilityEachAccident,Employer's Liability Each Accident,,matchOnce,must be greater or equal to,1000000,1000000,compliant,Standard 1,,,false,1,,2026-08-16
QTS Data Centers,6a15b733bd30da3db41030f3,69f0f3c4beb6279e947be0e4,Gilbane Building Company,6a15ab64f954928d4d5237e3,CLT1DC4 -,evidenceOfInsurance,Evidence of Insurance,workersCompensation,Workers' Compensation and Employer's Liability,evidenceOfInsuranceWorkersCompensationWaiverOfSubrogationEndorsement,Waiver of Subrogation,"---prompt---
Determine if the insurer has waived their right of subrogation in favor of the certificate holder under the Workers' Compensation policy. Evidence may include: a checked ""Waiver of Subrogation"" box on the certificate, mention in the Description of Operations section stating ""waiver of subrogation applies"", or reference to form WC 00 03 13. Look for language like ""subrogation is waived"" or ""per written contract"".",matchOnce,must be present,,Present,compliant,Standard 1,,,false,1,,2026-08-16
QTS Data Centers,6a15b733bd30da3db41030f3,69f0f3c4beb6279e947be0e4,Gilbane Building Company,6a15ab64f954928d4d5237e3,CLT1DC4 -,evidenceOfInsurance,Evidence of Insurance,pollution,Pollution Liability,evidenceOfInsurancePollutionLimitsEachClaim,Each Claim,,matchOnce,must be greater or equal to,5000000,10000000,compliant,Standard 1,,,false,1,,2026-08-16
QTS Data Centers,6a15b733bd30da3db41030f3,69f0f3c4beb6279e947be0e4,Gilbane Building Company,6a15ab64f954928d4d5237e3,CLT1DC4 -,evidenceOfInsurance,Evidence of Insurance,pollution,Pollution Liability,11078834-6a06-5a62-ada1-e6a90abce9ba,Additional Insured Endorsement must be present,,matchOnce,must be present,,,non_compliant,Standard 1,,,true,0,,2026-08-16
QTS Data Centers,6a15b733bd30da3db41030f3,69f0f3c4beb6279e947be0e4,Gilbane Building Company,6a15ab64f954928d4d5237e3,CLT1DC4 -,evidenceOfInsurance,Evidence of Insurance,professional,Professional Liability,evidenceOfInsuranceProfessionalLimitsEachClaim,Each Claim,,matchOnce,must be greater or equal to,5000000,10000000,compliant,Standard 1,,,false,1,,2026-08-16
QTS Data Centers,6a15b733bd30da3db41030f3,69f0f3c4beb6279e947be0e4,Gilbane Building Company,6a15ab64f954928d4d5237e3,CLT1DC4 -,evidenceOfInsurance,Evidence of Insurance,6ac20aae-5728-5d57-b364-aeba38527dba,Additional Requirements,655cb50e-155d-5f8c-af5e-e7386263aa58,"Certificate Holder must read as: ""Quality Technology Services, LLC, 
Attention: Procurement Department
300 Satellite Blvd NW, Suwanee, GA 30024.""",,matchOnce,must be present,,,non_compliant,Standard 1,,,true,0,,2026-08-16
QTS Data Centers,6a15b733bd30da3db41030f3,69f0f3c4beb6279e947be0e4,Gilbane Building Company,6a15ab64f954928d4d5237e3,CLT1DC4 -,evidenceOfInsurance,Evidence of Insurance,6ac20aae-5728-5d57-b364-aeba38527dba,Additional Requirements,25da7a11-b805-5d7d-8deb-65519e743757,"Description of Operations must read: Quality Tech, LP, and its officers, directors, employees, parents, subsidiaries, affiliates, and related companies, successors, and permitted assigns",,matchOnce,must be present,,,non_compliant,Standard 1,,,true,0,,2026-08-16
QTS Data Centers,6a15b733bd30da3db41030f3,69f0f3c4beb6279e947be0e4,Gilbane Building Company,6a15ab64f954928d4d5237e3,CLT1DC4 -,evidenceOfInsurance,Evidence of Insurance,6ac20aae-5728-5d57-b364-aeba38527dba,Additional Requirements,8d7b12d5-c6dc-5efe-8cbd-acd9adedde5b,Description of Operations must read: CLT1DC4,,matchOnce,must be present,,,non_compliant,Standard 1,,,true,0,,2026-08-16
QTS Data Centers,6a15b733bd30da3db41030f3,69f0f3c4beb6279e947be0e4,Gilbane Building Company,6a15ab64f954928d4d5237e3,CLT1DC4 -,evidenceOfInsurance,Evidence of Insurance,6ac20aae-5728-5d57-b364-aeba38527dba,Additional Requirements,03d7ddc3-a527-5f18-bdf6-355eb23cd9de,30-Day Notice of Cancellation must be present,,matchOnce,must be present,,,non_compliant,Standard 1,,,true,0,,2026-08-16
QTS Data Centers,6a15b733bd30da3db41030f3,69f0f3c4beb6279e947be0e4,Gilbane Building Company,6a15ab64f954928d4d5237e3,CLT1DC4 -,evidenceOfInsurance,Evidence of Insurance,6ac20aae-5728-5d57-b364-aeba38527dba,Additional Requirements,24a2347c-ab39-5dea-a6af-ad750440dde1,"Description of Operations must read: Commercial General Liability shall not include the following endorsements/exclusions or equivalent:

1. CG 2149 or CG 2155 o CG 2198 (Absolute Pollution Exclusion)
2. CG 2294 or CG 2295 (Damage to Work Performed by Contractors Exclusion)
3. CG 2139 (Contractual Limitation Endorsement)
4. CG 2196 (Silica or Silica Dust Exclusion), unless otherwise covered under an applicable pollution policy.
5. CG 2142 (Explosion, Collapse or Underground Exclusion)",,matchOnce,must be present,,,non_compliant,Standard 1,,,true,0,,2026-08-16
QTS Data Centers,6a15b733bd30da3db41030f3,69f0f3c4beb6279e947be0e4,Gilbane Building Company,6a15ab64f954928d4d5237e3,CLT1DC4 -,evidenceOfInsurance,Evidence of Insurance,6ac20aae-5728-5d57-b364-aeba38527dba,Additional Requirements,71685e25-c6d0-5692-aaaf-30f59a2f9a83,"Description of Operations must read: Workers Compensation shall include ""all states"" coverage",,matchOnce,must be present,,,non_compliant,Standard 1,,,true,0,,2026-08-16
QTS Data Centers,6a15b733bd30da3db41030f4,69f0f3c5beb6279e947be0f8,"Layton Construction Company, LLC",6a15ab19fd91891a7796b9d0,SLC1DC4 -,evidenceOfInsurance,Evidence of Insurance,commercialGeneralLiability,Commercial General Liability,evidenceOfInsuranceCommercialGeneralLiabilityAMBestFinancialStrength,AM Best Financial Strength,,matchOnce,must be greater or equal to,70,,non_compliant,Standard 1,,,false,0,,2026-08-16
QTS Data Centers,6a15b733bd30da3db41030f4,69f0f3c5beb6279e947be0f8,"Layton Construction Company, LLC",6a15ab19fd91891a7796b9d0,SLC1DC4 -,evidenceOfInsurance,Evidence of Insurance,commercialGeneralLiability,Commercial General Liability,evidenceOfInsuranceCommercialGeneralLiabilityAMBestRating,AM Best Rating,,matchOnce,must be greater or equal to,130,,non_compliant,Standard 1,,,false,0,,2026-08-16
QTS Data Centers,6a15b733bd30da3db41030f4,69f0f3c5beb6279e947be0f8,"Layton Construction Company, LLC",6a15ab19fd91891a7796b9d0,SLC1DC4 -,evidenceOfInsurance,Evidence of Insurance,commercialGeneralLiability,Commercial General Liability,evidenceOfInsuranceCommercialGeneralLiabilityCoverageTriggerOccurrence,Coverage Trigger: Occurrence,,matchOnce,must be present,,,non_compliant,Standard 1,,,false,0,,2026-08-16
QTS Data Centers,6a15b733bd30da3db41030f4,69f0f3c5beb6279e947be0f8,"Layton Construction Company, LLC",6a15ab19fd91891a7796b9d0,SLC1DC4 -,evidenceOfInsurance,Evidence of Insurance,commercialGeneralLiability,Commercial General Liability,evidenceOfInsuranceCommercialGeneralLiabilityGeneralAggregateLimitAppliesPerProject,General Aggregate Limit Applies per: Project,,matchOnce,must be present,,,non_compliant,Standard 1,,,false,0,,2026-08-16
QTS Data Centers,6a15b733bd30da3db41030f4,69f0f3c5beb6279e947be0f8,"Layton Construction Company, LLC",6a15ab19fd91891a7796b9d0,SLC1DC4 -,evidenceOfInsurance,Evidence of Insurance,commercialGeneralLiability,Commercial General Liability,evidenceOfInsuranceCommercialGeneralLiabilityEachOccurrence,Each Occurrence,,matchOnce,must be greater or equal to,2000000,,non_compliant,Standard 1,,,false,0,,2026-08-16
QTS Data Centers,6a15b733bd30da3db41030f4,69f0f3c5beb6279e947be0f8,"Layton Construction Company, LLC",6a15ab19fd91891a7796b9d0,SLC1DC4 -,evidenceOfInsurance,Evidence of Insurance,commercialGeneralLiability,Commercial General Liability,evidenceOfInsuranceCommercialGeneralLiabilityGeneralAggregate,General Aggregate,,matchOnce,must be greater or equal to,4000000,,non_compliant,Standard 1,,,false,0,,2026-08-16
QTS Data Centers,6a15b733bd30da3db41030f4,69f0f3c5beb6279e947be0f8,"Layton Construction Company, LLC",6a15ab19fd91891a7796b9d0,SLC1DC4 -,evidenceOfInsurance,Evidence of Insurance,commercialGeneralLiability,Commercial General Liability,evidenceOfInsuranceCommercialGeneralLiabilityProducsCompletedOperationsAggregate,Products/Completed Operations Aggregate,,matchOnce,must be greater or equal to,4000000,,non_compliant,Standard 1,,,false,0,,2026-08-16
QTS Data Centers,6a15b733bd30da3db41030f4,69f0f3c5beb6279e947be0f8,"Layton Construction Company, LLC",6a15ab19fd91891a7796b9d0,SLC1DC4 -,evidenceOfInsurance,Evidence of Insurance,commercialGeneralLiability,Commercial General Liability,evidenceOfInsuranceCommercialGeneralLiabilityAdditionalInsuredEndorsementOngoingOps,Additional Insured - Ongoing Operations,"---prompt---
Verify that additional insured coverage specifically includes ongoing operations. Look in the Description of Operations section for language like ""additional insured for ongoing operations"", ""CG 20 10"", ""CG 20 37"", or ""operations performed by or on behalf of the named insured"". The coverage should explicitly reference ongoing work, not just completed operations.",matchOnce,must be present,,,non_compliant,Standard 1,,,false,0,,2026-08-16
QTS Data Centers,6a15b733bd30da3db41030f4,69f0f3c5beb6279e947be0f8,"Layton Construction Company, LLC",6a15ab19fd91891a7796b9d0,SLC1DC4 -,evidenceOfInsurance,Evidence of Insurance,commercialGeneralLiability,Commercial General Liability,evidenceOfInsuranceCommercialGeneralLiabilityAdditionalInsuredEndorsementCompletedOps,Additional Insured - Completed Operations,"---prompt---
Verify that additional insured coverage specifically includes completed operations. Look in the Description of Operations section for language like ""additional insured for completed operations"", ""CG 20 37"", ""products-completed operations"", or similar. This coverage protects the certificate holder for claims arising after work is finished.",matchOnce,must be present,,,non_compliant,Standard 1,,,false,0,,2026-08-16
QTS Data Centers,6a15b733bd30da3db41030f4,69f0f3c5beb6279e947be0f8,"Layton Construction Company, LLC",6a15ab19fd91891a7796b9d0,SLC1DC4 -,evidenceOfInsurance,Evidence of Insurance,commercialGeneralLiability,Commercial General Liability,evidenceOfInsuranceCommercialGeneralLiabilityWaiverOfSubrogationEndorsement,Waiver of Subrogation,"---prompt---
Determine if the insurer has waived their right of subrogation in favor of the certificate holder under the Commercial General Liability policy. Evidence may include: a checked ""Waiver of Subrogation"" box on the certificate, mention in the Description of Operations section stating ""waiver of subrogation applies"", or reference to form CG 24 04. Look for language like ""subrogation is waived"" or ""per written contract"".",matchOnce,must be present,,,non_compliant,Standard 1,,,false,0,,2026-08-16
QTS Data Centers,6a15b733bd30da3db41030f4,69f0f3c5beb6279e947be0f8,"Layton Construction Company, LLC",6a15ab19fd91891a7796b9d0,SLC1DC4 -,evidenceOfInsurance,Evidence of Insurance,commercialGeneralLiability,Commercial General Liability,evidenceOfInsuranceCommercialGeneralLiabilityPrimaryAndNonContributoryEndorsement,Primary and Non-Contributory,"---prompt---
Determine if the Commercial General Liability policy provides primary and non-contributory coverage for the certificate holder. Evidence may include: a checked ""Primary"" box on the certificate, mention in the Description of Operations section stating ""primary and non-contributory"", or reference to endorsement CG 20 01. Look for language indicating this policy will pay first before other applicable insurance and will not seek contribution.",matchOnce,must be present,,,non_compliant,Standard 1,,,false,0,,2026-08-16
QTS Data Centers,6a15b733bd30da3db41030f4,69f0f3c5beb6279e947be0f8,"Layton Construction Company, LLC",6a15ab19fd91891a7796b9d0,SLC1DC4 -,evidenceOfInsurance,Evidence of Insurance,commercialGeneralLiability,Commercial General Liability,9c28ed56-e307-5cf9-88e9-0ada1f283104,Physical 30 Days Notice of Cancellation - 10 Days Notice for Non Payment Endorsement must be present,,matchOnce,must be present,,,non_compliant,Standard 1,,,true,0,,2026-08-16
QTS Data Centers,6a15b733bd30da3db41030f4,69f0f3c5beb6279e947be0f8,"Layton Construction Company, LLC",6a15ab19fd91891a7796b9d0,SLC1DC4 -,evidenceOfInsurance,Evidence of Insurance,automobileLiability,Automobile Liability,evidenceOfInsuranceAutomobileLiabilityCombinedSingleLimitEachAccident,Combined Single Limit (each accident),,matchOnce,must be greater or equal to,1000000,,non_compliant,Standard 1,,,false,0,,2026-08-16
QTS Data Centers,6a15b733bd30da3db41030f4,69f0f3c5beb6279e947be0f8,"Layton Construction Company, LLC",6a15ab19fd91891a7796b9d0,SLC1DC4 -,evidenceOfInsurance,Evidence of Insurance,automobileLiability,Automobile Liability,evidenceOfInsuranceAutomobileLiabilityCoverageAppliesToOwnedAutosOnly,Coverage Applies To: Owned Autos Only,,matchOnce,must be present,,,non_compliant,Standard 1,,,false,0,,2026-08-16
QTS Data Centers,6a15b733bd30da3db41030f4,69f0f3c5beb6279e947be0f8,"Layton Construction Company, LLC",6a15ab19fd91891a7796b9d0,SLC1DC4 -,evidenceOfInsurance,Evidence of Insurance,automobileLiability,Automobile Liability,evidenceOfInsuranceAutomobileLiabilityCoverageAppliesToNonOwnedAutosOnly,Coverage Applies To: Non-Owned Autos Only,,matchOnce,must be present,,,non_compliant,Standard 1,,,false,0,,2026-08-16
QTS Data Centers,6a15b733bd30da3db41030f4,69f0f3c5beb6279e947be0f8,"Layton Construction Company, LLC",6a15ab19fd91891a7796b9d0,SLC1DC4 -,evidenceOfInsurance,Evidence of Insurance,automobileLiability,Automobile Liability,evidenceOfInsuranceAutomobileLiabilityCoverageAppliesToHiredAutosOnly,Coverage Applies To: Hired Autos Only,,matchOnce,must be present,,,non_compliant,Standard 1,,,false,0,,2026-08-16
QTS Data Centers,6a15b733bd30da3db41030f4,69f0f3c5beb6279e947be0f8,"Layton Construction Company, LLC",6a15ab19fd91891a7796b9d0,SLC1DC4 -,evidenceOfInsurance,Evidence of Insurance,automobileLiability,Automobile Liability,evidenceOfInsuranceAutomobileLiabilityAdditionalInsuredEndorsement,Additional Insured,"---prompt---
Determine if the certificate holder is covered as an additional insured under the Automobile Liability policy. Evidence may include: a checked ""Additional Insured"" box on the certificate for the auto section, mention in the Description of Operations section, or reference to blanket additional insured coverage. Look for form number CA 20 48 or language like ""certificate holder is additional insured"" or ""per written contract"".",matchOnce,must be present,,,non_compliant,Standard 1,,,false,0,,2026-08-16
QTS Data Centers,6a15b733bd30da3db41030f4,69f0f3c5beb6279e947be0f8,"Layton Construction Company, LLC",6a15ab19fd91891a7796b9d0,SLC1DC4 -,evidenceOfInsurance,Evidence of Insurance,automobileLiability,Automobile Liability,evidenceOfInsuranceAutomobileLiabilityWaiverOfSubrogationEndorsement,Waiver of Subrogation,"---prompt---
Determine if the insurer has waived their right of subrogation in favor of the certificate holder under the Automobile Liability policy. Evidence may include: a checked ""Waiver of Subrogation"" box on the certificate, mention in the Description of Operations section stating ""waiver of subrogation applies"", or reference to form CA 04 44. Look for language like ""subrogation is waived"" or ""per written contract"".",matchOnce,must be present,,,non_compliant,Standard 1,,,false,0,,2026-08-16
QTS Data Centers,6a15b733bd30da3db41030f4,69f0f3c5beb6279e947be0f8,"Layton Construction Company, LLC",6a15ab19fd91891a7796b9d0,SLC1DC4 -,evidenceOfInsurance,Evidence of Insurance,automobileLiability,Automobile Liability,evidenceOfInsuranceAutomobileLiabilityPrimaryAndNonContributoryEndorsement,Primary and Non-Contributory,"---prompt---
Determine if the Automobile Liability policy provides primary and non-contributory coverage for the certificate holder. Evidence may include: a checked ""Primary"" box on the certificate, mention in the Description of Operations section stating ""primary and non-contributory"". Look for language indicating this policy will pay first before other applicable insurance and will not seek contribution.",matchOnce,must be present,,,non_compliant,Standard 1,,,false,0,,2026-08-16
QTS Data Centers,6a15b733bd30da3db41030f4,69f0f3c5beb6279e947be0f8,"Layton Construction Company, LLC",6a15ab19fd91891a7796b9d0,SLC1DC4 -,evidenceOfInsurance,Evidence of Insurance,automobileLiability,Automobile Liability,0e6f6daa-effc-5c25-af03-4f7e657ae801,Physical MCS-90 Endorsement must be present,,matchOnce,must be present,,,non_compliant,Standard 1,,,true,0,,2026-08-16
QTS Data Centers,6a15b733bd30da3db41030f4,69f0f3c5beb6279e947be0f8,"Layton Construction Company, LLC",6a15ab19fd91891a7796b9d0,SLC1DC4 -,evidenceOfInsurance,Evidence of Insurance,excessOrUmbrellaLiability,Umbrella/Excess Liability,evidenceOfInsuranceExcessOrUmbrellaLiabilityOccurence,Coverage Trigger: Occurrence,,matchOnce,must be present,,,non_compliant,Standard 1,,,false,0,,2026-08-16
QTS Data Centers,6a15b733bd30da3db41030f4,69f0f3c5beb6279e947be0f8,"Layton Construction Company, LLC",6a15ab19fd91891a7796b9d0,SLC1DC4 -,evidenceOfInsurance,Evidence of Insurance,excessOrUmbrellaLiability,Umbrella/Excess Liability,evidenceOfInsuranceExcessOrUmbrellaLiabilityEachOccurrence,Each Occurrence,,matchOnce,must be greater or equal to,75000000,,non_compliant,Standard 1,,,false,0,,2026-08-16
QTS Data Centers,6a15b733bd30da3db41030f4,69f0f3c5beb6279e947be0f8,"Layton Construction Company, LLC",6a15ab19fd91891a7796b9d0,SLC1DC4 -,evidenceOfInsurance,Evidence of Insurance,excessOrUmbrellaLiability,Umbrella/Excess Liability,evidenceOfInsuranceExcessOrUmbrellaLiabilityAdditionalInsuredEndorsement,Additional Insured,"---prompt---
Determine if the certificate holder is covered as an additional insured under the Umbrella/Excess Liability policy. Evidence may include: a checked ""Additional Insured"" box on the certificate for the umbrella section, mention in the Description of Operations section, reference to ""follow form"" status (which would extend underlying additional insured status), or explicit language naming the certificate holder as additional insured on the umbrella.",matchOnce,must be present,,,non_compliant,Standard 1,,,false,0,,2026-08-16
QTS Data Centers,6a15b733bd30da3db41030f4,69f0f3c5beb6279e947be0f8,"Layton Construction Company, LLC",6a15ab19fd91891a7796b9d0,SLC1DC4 -,evidenceOfInsurance,Evidence of Insurance,excessOrUmbrellaLiability,Umbrella/Excess Liability,evidenceOfInsuranceExcessOrUmbrellaLiabilityWaiverOfSubrogationEndorsement,Waiver of Subrogation,"---prompt---
Determine if the insurer has waived their right of subrogation in favor of the certificate holder under the Umbrella/Excess Liability policy. Evidence may include: a checked ""Waiver of Subrogation"" box on the certificate, mention in the Description of Operations section stating ""waiver of subrogation applies"", or reference to ""follow form"" status (which would extend underlying waiver). Look for language like ""subrogation is waived"" or ""per written contract"".",matchOnce,must be present,,,non_compliant,Standard 1,,,false,0,,2026-08-16
QTS Data Centers,6a15b733bd30da3db41030f4,69f0f3c5beb6279e947be0f8,"Layton Construction Company, LLC",6a15ab19fd91891a7796b9d0,SLC1DC4 -,evidenceOfInsurance,Evidence of Insurance,excessOrUmbrellaLiability,Umbrella/Excess Liability,evidenceOfInsuranceExcessOrUmbrellaLiabilityPrimaryAndNonContributoryEndorsement,Primary and Non-Contributory,"---prompt---
Determine if the Umbrella/Excess Liability policy provides primary and non-contributory coverage for the certificate holder. Evidence may include: a checked ""Primary"" box on the certificate, mention in the Description of Operations section stating ""primary and non-contributory"", or reference to ""follow form"" status (which would extend underlying primary status). Look for language indicating this policy will pay first before other applicable insurance and will not seek contribution.",matchOnce,must be present,,,non_compliant,Standard 1,,,false,0,,2026-08-16
QTS Data Centers,6a15b733bd30da3db41030f4,69f0f3c5beb6279e947be0f8,"Layton Construction Company, LLC",6a15ab19fd91891a7796b9d0,SLC1DC4 -,evidenceOfInsurance,Evidence of Insurance,workersCompensation,Workers' Compensation and Employer's Liability,evidenceOfInsuranceWorkersCompensationStatutoryLimits,Statutory Limits,,matchOnce,must be present,,,non_compliant,Standard 1,,,false,0,,2026-08-16
QTS Data Centers,6a15b733bd30da3db41030f4,69f0f3c5beb6279e947be0f8,"Layton Construction Company, LLC",6a15ab19fd91891a7796b9d0,SLC1DC4 -,evidenceOfInsurance,Evidence of Insurance,workersCompensation,Workers' Compensation and Employer's Liability,evidenceOfInsuranceWorkersCompensationEmployersLiabilityDiseaseEachEmployee,Employer's Liability Disease - each employee,,matchOnce,must be greater or equal to,1000000,,non_compliant,Standard 1,,,false,0,,2026-08-16
QTS Data Centers,6a15b733bd30da3db41030f4,69f0f3c5beb6279e947be0f8,"Layton Construction Company, LLC",6a15ab19fd91891a7796b9d0,SLC1DC4 -,evidenceOfInsurance,Evidence of Insurance,workersCompensation,Workers' Compensation and Employer's Liability,evidenceOfInsuranceWorkersCompensationEmployersLiabilityDiseasePolicyLimit,Employer's Liability Disease - policy limit,,matchOnce,must be greater or equal to,1000000,,non_compliant,Standard 1,,,false,0,,2026-08-16
QTS Data Centers,6a15b733bd30da3db41030f4,69f0f3c5beb6279e947be0f8,"Layton Construction Company, LLC",6a15ab19fd91891a7796b9d0,SLC1DC4 -,evidenceOfInsurance,Evidence of Insurance,workersCompensation,Workers' Compensation and Employer's Liability,evidenceOfInsuranceWorkersCompensationEmployersLiabilityEachAccident,Employer's Liability Each Accident,,matchOnce,must be greater or equal to,1000000,,non_compliant,Standard 1,,,false,0,,2026-08-16
QTS Data Centers,6a15b733bd30da3db41030f4,69f0f3c5beb6279e947be0f8,"Layton Construction Company, LLC",6a15ab19fd91891a7796b9d0,SLC1DC4 -,evidenceOfInsurance,Evidence of Insurance,workersCompensation,Workers' Compensation and Employer's Liability,evidenceOfInsuranceWorkersCompensationWaiverOfSubrogationEndorsement,Waiver of Subrogation,"---prompt---
Determine if the insurer has waived their right of subrogation in favor of the certificate holder under the Workers' Compensation policy. Evidence may include: a checked ""Waiver of Subrogation"" box on the certificate, mention in the Description of Operations section stating ""waiver of subrogation applies"", or reference to form WC 00 03 13. Look for language like ""subrogation is waived"" or ""per written contract"".",matchOnce,must be present,,,non_compliant,Standard 1,,,false,0,,2026-08-16
QTS Data Centers,6a15b733bd30da3db41030f4,69f0f3c5beb6279e947be0f8,"Layton Construction Company, LLC",6a15ab19fd91891a7796b9d0,SLC1DC4 -,evidenceOfInsurance,Evidence of Insurance,pollution,Pollution Liability,evidenceOfInsurancePollutionLimitsEachClaim,Each Claim,,matchOnce,must be greater or equal to,5000000,,non_compliant,Standard 1,,,false,0,,2026-08-16
QTS Data Centers,6a15b733bd30da3db41030f4,69f0f3c5beb6279e947be0f8,"Layton Construction Company, LLC",6a15ab19fd91891a7796b9d0,SLC1DC4 -,evidenceOfInsurance,Evidence of Insurance,pollution,Pollution Liability,11078834-6a06-5a62-ada1-e6a90abce9ba,Additional Insured Endorsement must be present,,matchOnce,must be present,,,non_compliant,Standard 1,,,true,0,,2026-08-16
QTS Data Centers,6a15b733bd30da3db41030f4,69f0f3c5beb6279e947be0f8,"Layton Construction Company, LLC",6a15ab19fd91891a7796b9d0,SLC1DC4 -,evidenceOfInsurance,Evidence of Insurance,professional,Professional Liability,evidenceOfInsuranceProfessionalLimitsEachClaim,Each Claim,,matchOnce,must be greater or equal to,5000000,,non_compliant,Standard 1,,,false,0,,2026-08-16
QTS Data Centers,6a15b733bd30da3db41030f4,69f0f3c5beb6279e947be0f8,"Layton Construction Company, LLC",6a15ab19fd91891a7796b9d0,SLC1DC4 -,evidenceOfInsurance,Evidence of Insurance,6ac20aae-5728-5d57-b364-aeba38527dba,Additional Requirements,655cb50e-155d-5f8c-af5e-e7386263aa58,"Certificate Holder must read as: ""Quality Technology Services, LLC, 
Attention: Procurement Department
300 Satellite Blvd NW, Suwanee, GA 30024.""",,matchOnce,must be present,,,non_compliant,Standard 1,,,true,0,,2026-08-16
QTS Data Centers,6a15b733bd30da3db41030f4,69f0f3c5beb6279e947be0f8,"Layton Construction Company, LLC",6a15ab19fd91891a7796b9d0,SLC1DC4 -,evidenceOfInsurance,Evidence of Insurance,6ac20aae-5728-5d57-b364-aeba38527dba,Additional Requirements,25da7a11-b805-5d7d-8deb-65519e743757,"Description of Operations must read: Quality Tech, LP, and its officers, directors, employees, parents, subsidiaries, affiliates, and related companies, successors, and permitted assigns",,matchOnce,must be present,,,non_compliant,Standard 1,,,true,0,,2026-08-16
QTS Data Centers,6a15b733bd30da3db41030f4,69f0f3c5beb6279e947be0f8,"Layton Construction Company, LLC",6a15ab19fd91891a7796b9d0,SLC1DC4 -,evidenceOfInsurance,Evidence of Insurance,6ac20aae-5728-5d57-b364-aeba38527dba,Additional Requirements,8d7b12d5-c6dc-5efe-8cbd-acd9adedde5b,Description of Operations must read:,,matchOnce,must be present,,,non_compliant,Standard 1,,,true,0,,2026-08-16
QTS Data Centers,6a15b733bd30da3db41030f4,69f0f3c5beb6279e947be0f8,"Layton Construction Company, LLC",6a15ab19fd91891a7796b9d0,SLC1DC4 -,evidenceOfInsurance,Evidence of Insurance,6ac20aae-5728-5d57-b364-aeba38527dba,Additional Requirements,03d7ddc3-a527-5f18-bdf6-355eb23cd9de,30-Day Notice of Cancellation must be present,,matchOnce,must be present,,,non_compliant,Standard 1,,,true,0,,2026-08-16
QTS Data Centers,6a15b733bd30da3db41030f4,69f0f3c5beb6279e947be0f8,"Layton Construction Company, LLC",6a15ab19fd91891a7796b9d0,SLC1DC4 -,evidenceOfInsurance,Evidence of Insurance,6ac20aae-5728-5d57-b364-aeba38527dba,Additional Requirements,24a2347c-ab39-5dea-a6af-ad750440dde1,"Description of Operations must read: Commercial General Liability shall not include the following endorsements/exclusions or equivalent:

1. CG 2149 or CG 2155 o CG 2198 (Absolute Pollution Exclusion)
2. CG 2294 or CG 2295 (Damage to Work Performed by Contractors Exclusion)
3. CG 2139 (Contractual Limitation Endorsement)
4. CG 2196 (Silica or Silica Dust Exclusion), unless otherwise covered under an applicable pollution policy.
5. CG 2142 (Explosion, Collapse or Underground Exclusion)",,matchOnce,must be present,,,non_compliant,Standard 1,,,true,0,,2026-08-16
QTS Data Centers,6a15b733bd30da3db41030f4,69f0f3c5beb6279e947be0f8,"Layton Construction Company, LLC",6a15ab19fd91891a7796b9d0,SLC1DC4 -,evidenceOfInsurance,Evidence of Insurance,6ac20aae-5728-5d57-b364-aeba38527dba,Additional Requirements,71685e25-c6d0-5692-aaaf-30f59a2f9a83,"Description of Operations must read: Workers Compensation shall include ""all states"" coverage",,matchOnce,must be present,,,non_compliant,Standard 1,,,true,0,,2026-08-16
QTS Data Centers,6a206b67783fbe1102011c86,69f0f3c5beb6279e947be0ee,"HITT Contracting, Inc.",6a071a68b7c7740fe9c2f2e2,"RIC2DC3 - QTS Richmond II DC3, LLC",evidenceOfInsurance,Evidence of Insurance,commercialGeneralLiability,Commercial General Liability,evidenceOfInsuranceCommercialGeneralLiabilityAMBestRating,AM Best Rating,,matchOnce,must be greater or equal to,140,140,compliant,Standard 7,,,false,1,,2026-08-16
QTS Data Centers,6a206b67783fbe1102011c86,69f0f3c5beb6279e947be0ee,"HITT Contracting, Inc.",6a071a68b7c7740fe9c2f2e2,"RIC2DC3 - QTS Richmond II DC3, LLC",evidenceOfInsurance,Evidence of Insurance,commercialGeneralLiability,Commercial General Liability,evidenceOfInsuranceCommercialGeneralLiabilityAMBestFinancialStrength,AM Best Financial Strength,,matchOnce,must be greater or equal to,100,150,compliant,Standard 7,,,false,1,,2026-08-16
QTS Data Centers,6a206b67783fbe1102011c86,69f0f3c5beb6279e947be0ee,"HITT Contracting, Inc.",6a071a68b7c7740fe9c2f2e2,"RIC2DC3 - QTS Richmond II DC3, LLC",evidenceOfInsurance,Evidence of Insurance,commercialGeneralLiability,Commercial General Liability,evidenceOfInsuranceCommercialGeneralLiabilityCoverageTriggerOccurrence,Coverage Trigger: Occurrence,,matchOnce,must be present,,Present,compliant,Standard 7,,,false,1,,2026-08-16
QTS Data Centers,6a206b67783fbe1102011c86,69f0f3c5beb6279e947be0ee,"HITT Contracting, Inc.",6a071a68b7c7740fe9c2f2e2,"RIC2DC3 - QTS Richmond II DC3, LLC",evidenceOfInsurance,Evidence of Insurance,commercialGeneralLiability,Commercial General Liability,evidenceOfInsuranceCommercialGeneralLiabilityGeneralAggregateLimitAppliesPerProject,General Aggregate Limit Applies per: Project,,matchOnce,must be present,,Present,compliant,Standard 7,,,false,1,,2026-08-16
QTS Data Centers,6a206b67783fbe1102011c86,69f0f3c5beb6279e947be0ee,"HITT Contracting, Inc.",6a071a68b7c7740fe9c2f2e2,"RIC2DC3 - QTS Richmond II DC3, LLC",evidenceOfInsurance,Evidence of Insurance,commercialGeneralLiability,Commercial General Liability,evidenceOfInsuranceCommercialGeneralLiabilityEachOccurrence,Each Occurrence,,matchOnce,must be greater or equal to,2000000,2000000,compliant,Standard 7,,,false,1,,2026-08-16
QTS Data Centers,6a206b67783fbe1102011c86,69f0f3c5beb6279e947be0ee,"HITT Contracting, Inc.",6a071a68b7c7740fe9c2f2e2,"RIC2DC3 - QTS Richmond II DC3, LLC",evidenceOfInsurance,Evidence of Insurance,commercialGeneralLiability,Commercial General Liability,evidenceOfInsuranceCommercialGeneralLiabilityGeneralAggregate,General Aggregate,,matchOnce,must be greater or equal to,5000000,4000000,non_compliant,Standard 7,,,false,1,,2026-08-16
QTS Data Centers,6a206b67783fbe1102011c86,69f0f3c5beb6279e947be0ee,"HITT Contracting, Inc.",6a071a68b7c7740fe9c2f2e2,"RIC2DC3 - QTS Richmond II DC3, LLC",evidenceOfInsurance,Evidence of Insurance,commercialGeneralLiability,Commercial General Liability,evidenceOfInsuranceCommercialGeneralLiabilityProducsCompletedOperationsAggregate,Products/Completed Operations Aggregate,,matchOnce,must be greater or equal to,5000000,4000000,non_compliant,Standard 7,,,false,1,,2026-08-16
QTS Data Centers,6a206b67783fbe1102011c86,69f0f3c5beb6279e947be0ee,"HITT Contracting, Inc.",6a071a68b7c7740fe9c2f2e2,"RIC2DC3 - QTS Richmond II DC3, LLC",evidenceOfInsurance,Evidence of Insurance,commercialGeneralLiability,Commercial General Liability,evidenceOfInsuranceCommercialGeneralLiabilityAdditionalInsuredEndorsementOngoingOps,Additional Insured - Ongoing Operations,"---prompt---
Verify that additional insured coverage specifically includes ongoing operations. Look in the Description of Operations section for language like ""additional insured for ongoing operations"", ""CG 20 10"", ""CG 20 37"", or ""operations performed by or on behalf of the named insured"". The coverage should explicitly reference ongoing work, not just completed operations.",matchOnce,must be present,,Present,compliant,Standard 7,,,false,1,,2026-08-16
QTS Data Centers,6a206b67783fbe1102011c86,69f0f3c5beb6279e947be0ee,"HITT Contracting, Inc.",6a071a68b7c7740fe9c2f2e2,"RIC2DC3 - QTS Richmond II DC3, LLC",evidenceOfInsurance,Evidence of Insurance,commercialGeneralLiability,Commercial General Liability,evidenceOfInsuranceCommercialGeneralLiabilityAdditionalInsuredEndorsementCompletedOps,Additional Insured - Completed Operations,"---prompt---
Verify that additional insured coverage specifically includes completed operations. Look in the Description of Operations section for language like ""additional insured for completed operations"", ""CG 20 37"", ""products-completed operations"", or similar. This coverage protects the certificate holder for claims arising after work is finished.",matchOnce,must be present,,Present,compliant,Standard 7,,,false,1,,2026-08-16
QTS Data Centers,6a206b67783fbe1102011c86,69f0f3c5beb6279e947be0ee,"HITT Contracting, Inc.",6a071a68b7c7740fe9c2f2e2,"RIC2DC3 - QTS Richmond II DC3, LLC",evidenceOfInsurance,Evidence of Insurance,commercialGeneralLiability,Commercial General Liability,evidenceOfInsuranceCommercialGeneralLiabilityWaiverOfSubrogationEndorsement,Waiver of Subrogation,"---prompt---
Determine if the insurer has waived their right of subrogation in favor of the certificate holder under the Commercial General Liability policy. Evidence may include: a checked ""Waiver of Subrogation"" box on the certificate, mention in the Description of Operations section stating ""waiver of subrogation applies"", or reference to form CG 24 04. Look for language like ""subrogation is waived"" or ""per written contract"".",matchOnce,must be present,,Present,compliant,Standard 7,,,false,1,,2026-08-16
QTS Data Centers,6a206b67783fbe1102011c86,69f0f3c5beb6279e947be0ee,"HITT Contracting, Inc.",6a071a68b7c7740fe9c2f2e2,"RIC2DC3 - QTS Richmond II DC3, LLC",evidenceOfInsurance,Evidence of Insurance,commercialGeneralLiability,Commercial General Liability,evidenceOfInsuranceCommercialGeneralLiabilityPrimaryAndNonContributoryEndorsement,Primary and Non-Contributory,"---prompt---
Determine if the Commercial General Liability policy provides primary and non-contributory coverage for the certificate holder. Evidence may include: a checked ""Primary"" box on the certificate, mention in the Description of Operations section stating ""primary and non-contributory"", or reference to endorsement CG 20 01. Look for language indicating this policy will pay first before other applicable insurance and will not seek contribution.",matchOnce,must be present,,Present,compliant,Standard 7,,,false,1,,2026-08-16
QTS Data Centers,6a206b67783fbe1102011c86,69f0f3c5beb6279e947be0ee,"HITT Contracting, Inc.",6a071a68b7c7740fe9c2f2e2,"RIC2DC3 - QTS Richmond II DC3, LLC",evidenceOfInsurance,Evidence of Insurance,commercialGeneralLiability,Commercial General Liability,9c28ed56-e307-5cf9-88e9-0ada1f283104,Physical 30 Days Notice of Cancellation - 10 Days Notice for Non Payment Endorsement must be present,,matchOnce,must be present,,,non_compliant,Standard 7,,,true,0,,2026-08-16
QTS Data Centers,6a206b67783fbe1102011c86,69f0f3c5beb6279e947be0ee,"HITT Contracting, Inc.",6a071a68b7c7740fe9c2f2e2,"RIC2DC3 - QTS Richmond II DC3, LLC",evidenceOfInsurance,Evidence of Insurance,automobileLiability,Automobile Liability,evidenceOfInsuranceAutomobileLiabilityCombinedSingleLimitEachAccident,Combined Single Limit (each accident),,matchOnce,must be greater or equal to,1000000,2000000,compliant,Standard 7,,,false,1,,2026-08-16
QTS Data Centers,6a206b67783fbe1102011c86,69f0f3c5beb6279e947be0ee,"HITT Contracting, Inc.",6a071a68b7c7740fe9c2f2e2,"RIC2DC3 - QTS Richmond II DC3, LLC",evidenceOfInsurance,Evidence of Insurance,automobileLiability,Automobile Liability,evidenceOfInsuranceAutomobileLiabilityCoverageAppliesToOwnedAutosOnly,Coverage Applies To: Owned Autos Only,,matchOnce,must be present,,Present,compliant,Standard 7,,,false,1,,2026-08-16
QTS Data Centers,6a206b67783fbe1102011c86,69f0f3c5beb6279e947be0ee,"HITT Contracting, Inc.",6a071a68b7c7740fe9c2f2e2,"RIC2DC3 - QTS Richmond II DC3, LLC",evidenceOfInsurance,Evidence of Insurance,automobileLiability,Automobile Liability,evidenceOfInsuranceAutomobileLiabilityCoverageAppliesToNonOwnedAutosOnly,Coverage Applies To: Non-Owned Autos Only,,matchOnce,must be present,,Present,compliant,Standard 7,,,false,1,,2026-08-16
QTS Data Centers,6a206b67783fbe1102011c86,69f0f3c5beb6279e947be0ee,"HITT Contracting, Inc.",6a071a68b7c7740fe9c2f2e2,"RIC2DC3 - QTS Richmond II DC3, LLC",evidenceOfInsurance,Evidence of Insurance,automobileLiability,Automobile Liability,evidenceOfInsuranceAutomobileLiabilityCoverageAppliesToHiredAutosOnly,Coverage Applies To: Hired Autos Only,,matchOnce,must be present,,Present,compliant,Standard 7,,,false,1,,2026-08-16
QTS Data Centers,6a206b67783fbe1102011c86,69f0f3c5beb6279e947be0ee,"HITT Contracting, Inc.",6a071a68b7c7740fe9c2f2e2,"RIC2DC3 - QTS Richmond II DC3, LLC",evidenceOfInsurance,Evidence of Insurance,automobileLiability,Automobile Liability,evidenceOfInsuranceAutomobileLiabilityAdditionalInsuredEndorsement,Additional Insured,"---prompt---
Determine if the certificate holder is covered as an additional insured under the Automobile Liability policy. Evidence may include: a checked ""Additional Insured"" box on the certificate for the auto section, mention in the Description of Operations section, or reference to blanket additional insured coverage. Look for form number CA 20 48 or language like ""certificate holder is additional insured"" or ""per written contract"".",matchOnce,must be present,,Present,compliant,Standard 7,,,false,1,,2026-08-16
QTS Data Centers,6a206b67783fbe1102011c86,69f0f3c5beb6279e947be0ee,"HITT Contracting, Inc.",6a071a68b7c7740fe9c2f2e2,"RIC2DC3 - QTS Richmond II DC3, LLC",evidenceOfInsurance,Evidence of Insurance,automobileLiability,Automobile Liability,evidenceOfInsuranceAutomobileLiabilityWaiverOfSubrogationEndorsement,Waiver of Subrogation,"---prompt---
Determine if the insurer has waived their right of subrogation in favor of the certificate holder under the Automobile Liability policy. Evidence may include: a checked ""Waiver of Subrogation"" box on the certificate, mention in the Description of Operations section stating ""waiver of subrogation applies"", or reference to form CA 04 44. Look for language like ""subrogation is waived"" or ""per written contract"".",matchOnce,must be present,,Present,compliant,Standard 7,,,false,1,,2026-08-16
QTS Data Centers,6a206b67783fbe1102011c86,69f0f3c5beb6279e947be0ee,"HITT Contracting, Inc.",6a071a68b7c7740fe9c2f2e2,"RIC2DC3 - QTS Richmond II DC3, LLC",evidenceOfInsurance,Evidence of Insurance,automobileLiability,Automobile Liability,evidenceOfInsuranceAutomobileLiabilityPrimaryAndNonContributoryEndorsement,Primary and Non-Contributory,"---prompt---
Determine if the Automobile Liability policy provides primary and non-contributory coverage for the certificate holder. Evidence may include: a checked ""Primary"" box on the certificate, mention in the Description of Operations section stating ""primary and non-contributory"". Look for language indicating this policy will pay first before other applicable insurance and will not seek contribution.",matchOnce,must be present,,Present,compliant,Standard 7,,,false,1,,2026-08-16
QTS Data Centers,6a206b67783fbe1102011c86,69f0f3c5beb6279e947be0ee,"HITT Contracting, Inc.",6a071a68b7c7740fe9c2f2e2,"RIC2DC3 - QTS Richmond II DC3, LLC",evidenceOfInsurance,Evidence of Insurance,automobileLiability,Automobile Liability,0e6f6daa-effc-5c25-af03-4f7e657ae801,Physical MCS-90 Endorsement must be present,,matchOnce,must be present,,,non_compliant,Standard 7,,,true,0,,2026-08-16
QTS Data Centers,6a206b67783fbe1102011c86,69f0f3c5beb6279e947be0ee,"HITT Contracting, Inc.",6a071a68b7c7740fe9c2f2e2,"RIC2DC3 - QTS Richmond II DC3, LLC",evidenceOfInsurance,Evidence of Insurance,excessOrUmbrellaLiability,Umbrella/Excess Liability,evidenceOfInsuranceExcessOrUmbrellaLiabilityOccurence,Coverage Trigger: Occurrence,,matchOnce,must be present,,Present,compliant,Standard 7,,,false,1,,2026-08-16
QTS Data Centers,6a206b67783fbe1102011c86,69f0f3c5beb6279e947be0ee,"HITT Contracting, Inc.",6a071a68b7c7740fe9c2f2e2,"RIC2DC3 - QTS Richmond II DC3, LLC",evidenceOfInsurance,Evidence of Insurance,excessOrUmbrellaLiability,Umbrella/Excess Liability,evidenceOfInsuranceExcessOrUmbrellaLiabilityEachOccurrence,Each Occurrence,,matchOnce,must be greater or equal to,25000000,10000000,non_compliant,Standard 7,,,false,1,,2026-08-16
QTS Data Centers,6a206b67783fbe1102011c86,69f0f3c5beb6279e947be0ee,"HITT Contracting, Inc.",6a071a68b7c7740fe9c2f2e2,"RIC2DC3 - QTS Richmond II DC3, LLC",evidenceOfInsurance,Evidence of Insurance,excessOrUmbrellaLiability,Umbrella/Excess Liability,evidenceOfInsuranceExcessOrUmbrellaLiabilityAdditionalInsuredEndorsement,Additional Insured,"---prompt---
Determine if the certificate holder is covered as an additional insured under the Umbrella/Excess Liability policy. Evidence may include: a checked ""Additional Insured"" box on the certificate for the umbrella section, mention in the Description of Operations section, reference to ""follow form"" status (which would extend underlying additional insured status), or explicit language naming the certificate holder as additional insured on the umbrella.",matchOnce,must be present,,Present,compliant,Standard 7,,,false,1,,2026-08-16
QTS Data Centers,6a206b67783fbe1102011c86,69f0f3c5beb6279e947be0ee,"HITT Contracting, Inc.",6a071a68b7c7740fe9c2f2e2,"RIC2DC3 - QTS Richmond II DC3, LLC",evidenceOfInsurance,Evidence of Insurance,excessOrUmbrellaLiability,Umbrella/Excess Liability,evidenceOfInsuranceExcessOrUmbrellaLiabilityWaiverOfSubrogationEndorsement,Waiver of Subrogation,"---prompt---
Determine if the insurer has waived their right of subrogation in favor of the certificate holder under the Umbrella/Excess Liability policy. Evidence may include: a checked ""Waiver of Subrogation"" box on the certificate, mention in the Description of Operations section stating ""waiver of subrogation applies"", or reference to ""follow form"" status (which would extend underlying waiver). Look for language like ""subrogation is waived"" or ""per written contract"".",matchOnce,must be present,,Present,compliant,Standard 7,,,false,1,,2026-08-16
QTS Data Centers,6a206b67783fbe1102011c86,69f0f3c5beb6279e947be0ee,"HITT Contracting, Inc.",6a071a68b7c7740fe9c2f2e2,"RIC2DC3 - QTS Richmond II DC3, LLC",evidenceOfInsurance,Evidence of Insurance,excessOrUmbrellaLiability,Umbrella/Excess Liability,evidenceOfInsuranceExcessOrUmbrellaLiabilityPrimaryAndNonContributoryEndorsement,Primary and Non-Contributory,"---prompt---
Determine if the Umbrella/Excess Liability policy provides primary and non-contributory coverage for the certificate holder. Evidence may include: a checked ""Primary"" box on the certificate, mention in the Description of Operations section stating ""primary and non-contributory"", or reference to ""follow form"" status (which would extend underlying primary status). Look for language indicating this policy will pay first before other applicable insurance and will not seek contribution.",matchOnce,must be present,,Present,compliant,Standard 7,,,false,1,,2026-08-16
QTS Data Centers,6a206b67783fbe1102011c86,69f0f3c5beb6279e947be0ee,"HITT Contracting, Inc.",6a071a68b7c7740fe9c2f2e2,"RIC2DC3 - QTS Richmond II DC3, LLC",evidenceOfInsurance,Evidence of Insurance,workersCompensation,Workers' Compensation and Employer's Liability,evidenceOfInsuranceWorkersCompensationStatutoryLimits,Statutory Limits,,matchOnce,must be present,,Present,compliant,Standard 7,,,false,1,,2026-08-16
QTS Data Centers,6a206b67783fbe1102011c86,69f0f3c5beb6279e947be0ee,"HITT Contracting, Inc.",6a071a68b7c7740fe9c2f2e2,"RIC2DC3 - QTS Richmond II DC3, LLC",evidenceOfInsurance,Evidence of Insurance,workersCompensation,Workers' Compensation and Employer's Liability,evidenceOfInsuranceWorkersCompensationEmployersLiabilityDiseaseEachEmployee,Employer's Liability Disease - each employee,,matchOnce,must be greater or equal to,1000000,1000000,compliant,Standard 7,,,false,1,,2026-08-16
QTS Data Centers,6a206b67783fbe1102011c86,69f0f3c5beb6279e947be0ee,"HITT Contracting, Inc.",6a071a68b7c7740fe9c2f2e2,"RIC2DC3 - QTS Richmond II DC3, LLC",evidenceOfInsurance,Evidence of Insurance,workersCompensation,Workers' Compensation and Employer's Liability,evidenceOfInsuranceWorkersCompensationEmployersLiabilityDiseasePolicyLimit,Employer's Liability Disease - policy limit,,matchOnce,must be greater or equal to,1000000,1000000,compliant,Standard 7,,,false,1,,2026-08-16
QTS Data Centers,6a206b67783fbe1102011c86,69f0f3c5beb6279e947be0ee,"HITT Contracting, Inc.",6a071a68b7c7740fe9c2f2e2,"RIC2DC3 - QTS Richmond II DC3, LLC",evidenceOfInsurance,Evidence of Insurance,workersCompensation,Workers' Compensation and Employer's Liability,evidenceOfInsuranceWorkersCompensationEmployersLiabilityEachAccident,Employer's Liability Each Accident,,matchOnce,must be greater or equal to,1000000,1000000,compliant,Standard 7,,,false,1,,2026-08-16
QTS Data Centers,6a206b67783fbe1102011c86,69f0f3c5beb6279e947be0ee,"HITT Contracting, Inc.",6a071a68b7c7740fe9c2f2e2,"RIC2DC3 - QTS Richmond II DC3, LLC",evidenceOfInsurance,Evidence of Insurance,workersCompensation,Workers' Compensation and Employer's Liability,evidenceOfInsuranceWorkersCompensationWaiverOfSubrogationEndorsement,Waiver of Subrogation,"---prompt---
Determine if the insurer has waived their right of subrogation in favor of the certificate holder under the Workers' Compensation policy. Evidence may include: a checked ""Waiver of Subrogation"" box on the certificate, mention in the Description of Operations section stating ""waiver of subrogation applies"", or reference to form WC 00 03 13. Look for language like ""subrogation is waived"" or ""per written contract"".",matchOnce,must be present,,Present,compliant,Standard 7,,,false,1,,2026-08-16
QTS Data Centers,6a206b67783fbe1102011c86,69f0f3c5beb6279e947be0ee,"HITT Contracting, Inc.",6a071a68b7c7740fe9c2f2e2,"RIC2DC3 - QTS Richmond II DC3, LLC",evidenceOfInsurance,Evidence of Insurance,6ac20aae-5728-5d57-b364-aeba38527dba,Additional Requirements,655cb50e-155d-5f8c-af5e-e7386263aa58,"Certificate Holder must read as: ""Quality Technology Services, LLC, 
Attention: Procurement Department
300 Satellite Blvd NW, Suwanee, GA 30024.""",,matchOnce,must be present,,Present,compliant,Standard 7,,,true,1,,2026-08-16
QTS Data Centers,6a206b67783fbe1102011c86,69f0f3c5beb6279e947be0ee,"HITT Contracting, Inc.",6a071a68b7c7740fe9c2f2e2,"RIC2DC3 - QTS Richmond II DC3, LLC",evidenceOfInsurance,Evidence of Insurance,6ac20aae-5728-5d57-b364-aeba38527dba,Additional Requirements,25da7a11-b805-5d7d-8deb-65519e743757,"Description of Operations must read: Quality Tech, LP, and its officers, directors, employees, parents, subsidiaries, affiliates, and related companies, successors, and permitted assigns",,matchOnce,must be present,,Present,compliant,Standard 7,,,true,1,,2026-08-16
QTS Data Centers,6a206b67783fbe1102011c86,69f0f3c5beb6279e947be0ee,"HITT Contracting, Inc.",6a071a68b7c7740fe9c2f2e2,"RIC2DC3 - QTS Richmond II DC3, LLC",evidenceOfInsurance,Evidence of Insurance,6ac20aae-5728-5d57-b364-aeba38527dba,Additional Requirements,8d7b12d5-c6dc-5efe-8cbd-acd9adedde5b,Description of Operations must read: RIC2DC3,,matchOnce,must be present,,Present,compliant,Standard 7,,,true,1,,2026-08-16
QTS Data Centers,6a206b67783fbe1102011c86,69f0f3c5beb6279e947be0ee,"HITT Contracting, Inc.",6a071a68b7c7740fe9c2f2e2,"RIC2DC3 - QTS Richmond II DC3, LLC",evidenceOfInsurance,Evidence of Insurance,6ac20aae-5728-5d57-b364-aeba38527dba,Additional Requirements,03d7ddc3-a527-5f18-bdf6-355eb23cd9de,30-Day Notice of Cancellation must be present,,matchOnce,must be present,,Present,compliant,Standard 7,,,true,1,,2026-08-16
QTS Data Centers,6a206b67783fbe1102011c86,69f0f3c5beb6279e947be0ee,"HITT Contracting, Inc.",6a071a68b7c7740fe9c2f2e2,"RIC2DC3 - QTS Richmond II DC3, LLC",evidenceOfInsurance,Evidence of Insurance,6ac20aae-5728-5d57-b364-aeba38527dba,Additional Requirements,24a2347c-ab39-5dea-a6af-ad750440dde1,"Description of Operations must read: Commercial General Liability shall not include the following endorsements/exclusions or equivalent:

1. CG 2149 or CG 2155 o CG 2198 (Absolute Pollution Exclusion)
2. CG 2294 or CG 2295 (Damage to Work Performed by Contractors Exclusion)
3. CG 2139 (Contractual Limitation Endorsement)
4. CG 2196 (Silica or Silica Dust Exclusion), unless otherwise covered under an applicable pollution policy.
5. CG 2142 (Explosion, Collapse or Underground Exclusion)",,matchOnce,must be present,,,non_compliant,Standard 7,,,true,0,,2026-08-16
QTS Data Centers,6a206b67783fbe1102011c86,69f0f3c5beb6279e947be0ee,"HITT Contracting, Inc.",6a071a68b7c7740fe9c2f2e2,"RIC2DC3 - QTS Richmond II DC3, LLC",evidenceOfInsurance,Evidence of Insurance,6ac20aae-5728-5d57-b364-aeba38527dba,Additional Requirements,71685e25-c6d0-5692-aaaf-30f59a2f9a83,"Description of Operations must read: Workers Compensation shall include ""all states"" coverage",,matchOnce,must be present,,,non_compliant,Standard 7,,,true,0,,2026-08-16
QTS Data Centers,6a2ac7976be658d63abb4b6d,69f0f3c5beb6279e947be10c,"Suffolk Construction Company, Inc.",6a1891dbb517ae25a8862c83,CDR1DC5,evidenceOfInsurance,Evidence of Insurance,commercialGeneralLiability,Commercial General Liability,evidenceOfInsuranceCommercialGeneralLiabilityAMBestRating,AM Best Rating,,matchOnce,must be greater or equal to,130,140,compliant,Standard 3 with Drone Liability,,,false,2,,2026-08-16
QTS Data Centers,6a2ac7976be658d63abb4b6d,69f0f3c5beb6279e947be10c,"Suffolk Construction Company, Inc.",6a1891dbb517ae25a8862c83,CDR1DC5,evidenceOfInsurance,Evidence of Insurance,commercialGeneralLiability,Commercial General Liability,evidenceOfInsuranceCommercialGeneralLiabilityAMBestFinancialStrength,AM Best Financial Strength,,matchOnce,must be greater or equal to,70,150,compliant,Standard 3 with Drone Liability,,,false,2,,2026-08-16
QTS Data Centers,6a2ac7976be658d63abb4b6d,69f0f3c5beb6279e947be10c,"Suffolk Construction Company, Inc.",6a1891dbb517ae25a8862c83,CDR1DC5,evidenceOfInsurance,Evidence of Insurance,commercialGeneralLiability,Commercial General Liability,evidenceOfInsuranceCommercialGeneralLiabilityCoverageTriggerOccurrence,Coverage Trigger: Occurrence,,matchOnce,must be present,,Present,compliant,Standard 3 with Drone Liability,,,false,2,,2026-08-16
QTS Data Centers,6a2ac7976be658d63abb4b6d,69f0f3c5beb6279e947be10c,"Suffolk Construction Company, Inc.",6a1891dbb517ae25a8862c83,CDR1DC5,evidenceOfInsurance,Evidence of Insurance,commercialGeneralLiability,Commercial General Liability,evidenceOfInsuranceCommercialGeneralLiabilityGeneralAggregateLimitAppliesPerProject,General Aggregate Limit Applies per: Project,,matchOnce,must be present,,Present,compliant,Standard 3 with Drone Liability,,,false,2,,2026-08-16
QTS Data Centers,6a2ac7976be658d63abb4b6d,69f0f3c5beb6279e947be10c,"Suffolk Construction Company, Inc.",6a1891dbb517ae25a8862c83,CDR1DC5,evidenceOfInsurance,Evidence of Insurance,commercialGeneralLiability,Commercial General Liability,evidenceOfInsuranceCommercialGeneralLiabilityEachOccurrence,Each Occurrence,,matchOnce,must be greater or equal to,2000000,3000000,compliant,Standard 3 with Drone Liability,,,false,2,,2026-08-16
QTS Data Centers,6a2ac7976be658d63abb4b6d,69f0f3c5beb6279e947be10c,"Suffolk Construction Company, Inc.",6a1891dbb517ae25a8862c83,CDR1DC5,evidenceOfInsurance,Evidence of Insurance,commercialGeneralLiability,Commercial General Liability,evidenceOfInsuranceCommercialGeneralLiabilityGeneralAggregate,General Aggregate,,matchOnce,must be greater or equal to,4000000,6000000,compliant,Standard 3 with Drone Liability,,,false,2,,2026-08-16
QTS Data Centers,6a2ac7976be658d63abb4b6d,69f0f3c5beb6279e947be10c,"Suffolk Construction Company, Inc.",6a1891dbb517ae25a8862c83,CDR1DC5,evidenceOfInsurance,Evidence of Insurance,commercialGeneralLiability,Commercial General Liability,evidenceOfInsuranceCommercialGeneralLiabilityProducsCompletedOperationsAggregate,Products/Completed Operations Aggregate,,matchOnce,must be greater or equal to,4000000,6000000,compliant,Standard 3 with Drone Liability,,,false,2,,2026-08-16
QTS Data Centers,6a2ac7976be658d63abb4b6d,69f0f3c5beb6279e947be10c,"Suffolk Construction Company, Inc.",6a1891dbb517ae25a8862c83,CDR1DC5,evidenceOfInsurance,Evidence of Insurance,commercialGeneralLiability,Commercial General Liability,evidenceOfInsuranceCommercialGeneralLiabilityAdditionalInsuredEndorsementOngoingOps,Additional Insured - Ongoing Operations,"---prompt---
Verify that additional insured coverage specifically includes ongoing operations. Look in the Description of Operations section for language like ""additional insured for ongoing operations"", ""CG 20 10"", ""CG 20 37"", or ""operations performed by or on behalf of the named insured"". The coverage should explicitly reference ongoing work, not just completed operations.",matchOnce,must be present,,Present,compliant,Standard 3 with Drone Liability,,,false,2,,2026-08-16
QTS Data Centers,6a2ac7976be658d63abb4b6d,69f0f3c5beb6279e947be10c,"Suffolk Construction Company, Inc.",6a1891dbb517ae25a8862c83,CDR1DC5,evidenceOfInsurance,Evidence of Insurance,commercialGeneralLiability,Commercial General Liability,evidenceOfInsuranceCommercialGeneralLiabilityAdditionalInsuredEndorsementCompletedOps,Additional Insured - Completed Operations,"---prompt---
Verify that additional insured coverage specifically includes completed operations. Look in the Description of Operations section for language like ""additional insured for completed operations"", ""CG 20 37"", ""products-completed operations"", or similar. This coverage protects the certificate holder for claims arising after work is finished.",matchOnce,must be present,,Present,compliant,Standard 3 with Drone Liability,,,false,1,,2026-08-16
QTS Data Centers,6a2ac7976be658d63abb4b6d,69f0f3c5beb6279e947be10c,"Suffolk Construction Company, Inc.",6a1891dbb517ae25a8862c83,CDR1DC5,evidenceOfInsurance,Evidence of Insurance,commercialGeneralLiability,Commercial General Liability,evidenceOfInsuranceCommercialGeneralLiabilityWaiverOfSubrogationEndorsement,Waiver of Subrogation,"---prompt---
Determine if the insurer has waived their right of subrogation in favor of the certificate holder under the Commercial General Liability policy. Evidence may include: a checked ""Waiver of Subrogation"" box on the certificate, mention in the Description of Operations section stating ""waiver of subrogation applies"", or reference to form CG 24 04. Look for language like ""subrogation is waived"" or ""per written contract"".",matchOnce,must be present,,Present,compliant,Standard 3 with Drone Liability,,,false,2,,2026-08-16
QTS Data Centers,6a2ac7976be658d63abb4b6d,69f0f3c5beb6279e947be10c,"Suffolk Construction Company, Inc.",6a1891dbb517ae25a8862c83,CDR1DC5,evidenceOfInsurance,Evidence of Insurance,commercialGeneralLiability,Commercial General Liability,evidenceOfInsuranceCommercialGeneralLiabilityPrimaryAndNonContributoryEndorsement,Primary and Non-Contributory,"---prompt---
Determine if the Commercial General Liability policy provides primary and non-contributory coverage for the certificate holder. Evidence may include: a checked ""Primary"" box on the certificate, mention in the Description of Operations section stating ""primary and non-contributory"", or reference to endorsement CG 20 01. Look for language indicating this policy will pay first before other applicable insurance and will not seek contribution.",matchOnce,must be present,,Present,compliant,Standard 3 with Drone Liability,,,false,2,,2026-08-16
QTS Data Centers,6a2ac7976be658d63abb4b6d,69f0f3c5beb6279e947be10c,"Suffolk Construction Company, Inc.",6a1891dbb517ae25a8862c83,CDR1DC5,evidenceOfInsurance,Evidence of Insurance,commercialGeneralLiability,Commercial General Liability,9c28ed56-e307-5cf9-88e9-0ada1f283104,Physical 30 Days Notice of Cancellation - 10 Days Notice for Non Payment Endorsement must be present,,matchOnce,must be present,,Present,compliant,Standard 3 with Drone Liability,,,true,2,,2026-08-16
QTS Data Centers,6a2ac7976be658d63abb4b6d,69f0f3c5beb6279e947be10c,"Suffolk Construction Company, Inc.",6a1891dbb517ae25a8862c83,CDR1DC5,evidenceOfInsurance,Evidence of Insurance,automobileLiability,Automobile Liability,evidenceOfInsuranceAutomobileLiabilityCombinedSingleLimitEachAccident,Combined Single Limit (each accident),,matchOnce,must be greater or equal to,1000000,2000000,compliant,Standard 3 with Drone Liability,,,false,2,,2026-08-16
QTS Data Centers,6a2ac7976be658d63abb4b6d,69f0f3c5beb6279e947be10c,"Suffolk Construction Company, Inc.",6a1891dbb517ae25a8862c83,CDR1DC5,evidenceOfInsurance,Evidence of Insurance,automobileLiability,Automobile Liability,evidenceOfInsuranceAutomobileLiabilityCoverageAppliesToOwnedAutosOnly,Coverage Applies To: Owned Autos Only,,matchOnce,must be present,,Present,compliant,Standard 3 with Drone Liability,,,false,2,,2026-08-16
QTS Data Centers,6a2ac7976be658d63abb4b6d,69f0f3c5beb6279e947be10c,"Suffolk Construction Company, Inc.",6a1891dbb517ae25a8862c83,CDR1DC5,evidenceOfInsurance,Evidence of Insurance,automobileLiability,Automobile Liability,evidenceOfInsuranceAutomobileLiabilityCoverageAppliesToNonOwnedAutosOnly,Coverage Applies To: Non-Owned Autos Only,,matchOnce,must be present,,Present,compliant,Standard 3 with Drone Liability,,,false,2,,2026-08-16
QTS Data Centers,6a2ac7976be658d63abb4b6d,69f0f3c5beb6279e947be10c,"Suffolk Construction Company, Inc.",6a1891dbb517ae25a8862c83,CDR1DC5,evidenceOfInsurance,Evidence of Insurance,automobileLiability,Automobile Liability,evidenceOfInsuranceAutomobileLiabilityCoverageAppliesToHiredAutosOnly,Coverage Applies To: Hired Autos Only,,matchOnce,must be present,,Present,compliant,Standard 3 with Drone Liability,,,false,2,,2026-08-16
QTS Data Centers,6a2ac7976be658d63abb4b6d,69f0f3c5beb6279e947be10c,"Suffolk Construction Company, Inc.",6a1891dbb517ae25a8862c83,CDR1DC5,evidenceOfInsurance,Evidence of Insurance,automobileLiability,Automobile Liability,evidenceOfInsuranceAutomobileLiabilityAdditionalInsuredEndorsement,Additional Insured,"---prompt---
Determine if the certificate holder is covered as an additional insured under the Automobile Liability policy. Evidence may include: a checked ""Additional Insured"" box on the certificate for the auto section, mention in the Description of Operations section, or reference to blanket additional insured coverage. Look for form number CA 20 48 or language like ""certificate holder is additional insured"" or ""per written contract"".",matchOnce,must be present,,Present,compliant,Standard 3 with Drone Liability,,,false,2,,2026-08-16
QTS Data Centers,6a2ac7976be658d63abb4b6d,69f0f3c5beb6279e947be10c,"Suffolk Construction Company, Inc.",6a1891dbb517ae25a8862c83,CDR1DC5,evidenceOfInsurance,Evidence of Insurance,automobileLiability,Automobile Liability,evidenceOfInsuranceAutomobileLiabilityPrimaryAndNonContributoryEndorsement,Primary and Non-Contributory,"---prompt---
Determine if the Automobile Liability policy provides primary and non-contributory coverage for the certificate holder. Evidence may include: a checked ""Primary"" box on the certificate, mention in the Description of Operations section stating ""primary and non-contributory"". Look for language indicating this policy will pay first before other applicable insurance and will not seek contribution.",matchOnce,must be present,,Present,compliant,Standard 3 with Drone Liability,,,false,2,,2026-08-16
QTS Data Centers,6a2ac7976be658d63abb4b6d,69f0f3c5beb6279e947be10c,"Suffolk Construction Company, Inc.",6a1891dbb517ae25a8862c83,CDR1DC5,evidenceOfInsurance,Evidence of Insurance,automobileLiability,Automobile Liability,evidenceOfInsuranceAutomobileLiabilityWaiverOfSubrogationEndorsement,Waiver of Subrogation,"---prompt---
Determine if the insurer has waived their right of subrogation in favor of the certificate holder under the Automobile Liability policy. Evidence may include: a checked ""Waiver of Subrogation"" box on the certificate, mention in the Description of Operations section stating ""waiver of subrogation applies"", or reference to form CA 04 44. Look for language like ""subrogation is waived"" or ""per written contract"".",matchOnce,must be present,,Present,compliant,Standard 3 with Drone Liability,,,false,2,,2026-08-16
QTS Data Centers,6a2ac7976be658d63abb4b6d,69f0f3c5beb6279e947be10c,"Suffolk Construction Company, Inc.",6a1891dbb517ae25a8862c83,CDR1DC5,evidenceOfInsurance,Evidence of Insurance,automobileLiability,Automobile Liability,0e6f6daa-effc-5c25-af03-4f7e657ae801,Physical MCS-90 Endorsement must be present,,matchOnce,must be present,,,waived,Standard 3 with Drone Liability,"Known exposure, not required per Deniese on 2026/07/22",,true,0,,2026-08-16
QTS Data Centers,6a2ac7976be658d63abb4b6d,69f0f3c5beb6279e947be10c,"Suffolk Construction Company, Inc.",6a1891dbb517ae25a8862c83,CDR1DC5,evidenceOfInsurance,Evidence of Insurance,excessOrUmbrellaLiability,Umbrella/Excess Liability,evidenceOfInsuranceExcessOrUmbrellaLiabilityOccurence,Coverage Trigger: Occurrence,,matchOnce,must be present,,Present,compliant,Standard 3 with Drone Liability,,,false,2,,2026-08-16
QTS Data Centers,6a2ac7976be658d63abb4b6d,69f0f3c5beb6279e947be10c,"Suffolk Construction Company, Inc.",6a1891dbb517ae25a8862c83,CDR1DC5,evidenceOfInsurance,Evidence of Insurance,excessOrUmbrellaLiability,Umbrella/Excess Liability,evidenceOfInsuranceExcessOrUmbrellaLiabilityEachOccurrence,Each Occurrence,,matchOnce,must be greater or equal to,50000000,50000000,compliant,Standard 3 with Drone Liability,,,false,2,,2026-08-16
QTS Data Centers,6a2ac7976be658d63abb4b6d,69f0f3c5beb6279e947be10c,"Suffolk Construction Company, Inc.",6a1891dbb517ae25a8862c83,CDR1DC5,evidenceOfInsurance,Evidence of Insurance,excessOrUmbrellaLiability,Umbrella/Excess Liability,evidenceOfInsuranceExcessOrUmbrellaLiabilityAdditionalInsuredEndorsement,Additional Insured,"---prompt---
Determine if the certificate holder is covered as an additional insured under the Umbrella/Excess Liability policy. Evidence may include: a checked ""Additional Insured"" box on the certificate for the umbrella section, mention in the Description of Operations section, reference to ""follow form"" status (which would extend underlying additional insured status), or explicit language naming the certificate holder as additional insured on the umbrella.",matchOnce,must be present,,Present,compliant,Standard 3 with Drone Liability,,,false,2,,2026-08-16
QTS Data Centers,6a2ac7976be658d63abb4b6d,69f0f3c5beb6279e947be10c,"Suffolk Construction Company, Inc.",6a1891dbb517ae25a8862c83,CDR1DC5,evidenceOfInsurance,Evidence of Insurance,excessOrUmbrellaLiability,Umbrella/Excess Liability,evidenceOfInsuranceExcessOrUmbrellaLiabilityPrimaryAndNonContributoryEndorsement,Primary and Non-Contributory,"---prompt---
Determine if the Umbrella/Excess Liability policy provides primary and non-contributory coverage for the certificate holder. Evidence may include: a checked ""Primary"" box on the certificate, mention in the Description of Operations section stating ""primary and non-contributory"", or reference to ""follow form"" status (which would extend underlying primary status). Look for language indicating this policy will pay first before other applicable insurance and will not seek contribution.",matchOnce,must be present,,Present,compliant,Standard 3 with Drone Liability,,,false,2,,2026-08-16
QTS Data Centers,6a2ac7976be658d63abb4b6d,69f0f3c5beb6279e947be10c,"Suffolk Construction Company, Inc.",6a1891dbb517ae25a8862c83,CDR1DC5,evidenceOfInsurance,Evidence of Insurance,excessOrUmbrellaLiability,Umbrella/Excess Liability,evidenceOfInsuranceExcessOrUmbrellaLiabilityWaiverOfSubrogationEndorsement,Waiver of Subrogation,"---prompt---
Determine if the insurer has waived their right of subrogation in favor of the certificate holder under the Umbrella/Excess Liability policy. Evidence may include: a checked ""Waiver of Subrogation"" box on the certificate, mention in the Description of Operations section stating ""waiver of subrogation applies"", or reference to ""follow form"" status (which would extend underlying waiver). Look for language like ""subrogation is waived"" or ""per written contract"".",matchOnce,must be present,,Present,compliant,Standard 3 with Drone Liability,,,false,2,,2026-08-16
QTS Data Centers,6a2ac7976be658d63abb4b6d,69f0f3c5beb6279e947be10c,"Suffolk Construction Company, Inc.",6a1891dbb517ae25a8862c83,CDR1DC5,evidenceOfInsurance,Evidence of Insurance,workersCompensation,Workers' Compensation and Employer's Liability,evidenceOfInsuranceWorkersCompensationStatutoryLimits,Statutory Limits,,matchOnce,must be present,,Present,compliant,Standard 3 with Drone Liability,,,false,2,,2026-08-16
QTS Data Centers,6a2ac7976be658d63abb4b6d,69f0f3c5beb6279e947be10c,"Suffolk Construction Company, Inc.",6a1891dbb517ae25a8862c83,CDR1DC5,evidenceOfInsurance,Evidence of Insurance,workersCompensation,Workers' Compensation and Employer's Liability,evidenceOfInsuranceWorkersCompensationEmployersLiabilityDiseaseEachEmployee,Employer's Liability Disease - each employee,,matchOnce,must be greater or equal to,1000000,1000000,compliant,Standard 3 with Drone Liability,,,false,2,,2026-08-16
QTS Data Centers,6a2ac7976be658d63abb4b6d,69f0f3c5beb6279e947be10c,"Suffolk Construction Company, Inc.",6a1891dbb517ae25a8862c83,CDR1DC5,evidenceOfInsurance,Evidence of Insurance,workersCompensation,Workers' Compensation and Employer's Liability,evidenceOfInsuranceWorkersCompensationEmployersLiabilityDiseasePolicyLimit,Employer's Liability Disease - policy limit,,matchOnce,must be greater or equal to,1000000,1000000,compliant,Standard 3 with Drone Liability,,,false,2,,2026-08-16
QTS Data Centers,6a2ac7976be658d63abb4b6d,69f0f3c5beb6279e947be10c,"Suffolk Construction Company, Inc.",6a1891dbb517ae25a8862c83,CDR1DC5,evidenceOfInsurance,Evidence of Insurance,workersCompensation,Workers' Compensation and Employer's Liability,evidenceOfInsuranceWorkersCompensationEmployersLiabilityEachAccident,Employer's Liability Each Accident,,matchOnce,must be greater or equal to,1000000,1000000,compliant,Standard 3 with Drone Liability,,,false,2,,2026-08-16
QTS Data Centers,6a2ac7976be658d63abb4b6d,69f0f3c5beb6279e947be10c,"Suffolk Construction Company, Inc.",6a1891dbb517ae25a8862c83,CDR1DC5,evidenceOfInsurance,Evidence of Insurance,workersCompensation,Workers' Compensation and Employer's Liability,evidenceOfInsuranceWorkersCompensationWaiverOfSubrogationEndorsement,Waiver of Subrogation,"---prompt---
Determine if the insurer has waived their right of subrogation in favor of the certificate holder under the Workers' Compensation policy. Evidence may include: a checked ""Waiver of Subrogation"" box on the certificate, mention in the Description of Operations section stating ""waiver of subrogation applies"", or reference to form WC 00 03 13. Look for language like ""subrogation is waived"" or ""per written contract"".",matchOnce,must be present,,Present,compliant,Standard 3 with Drone Liability,,,false,2,,2026-08-16
QTS Data Centers,6a2ac7976be658d63abb4b6d,69f0f3c5beb6279e947be10c,"Suffolk Construction Company, Inc.",6a1891dbb517ae25a8862c83,CDR1DC5,evidenceOfInsurance,Evidence of Insurance,pollution,Pollution Liability,evidenceOfInsurancePollutionLimitsEachClaim,Each Claim,,matchOnce,must be greater or equal to,5000000,100000000,compliant,Standard 3 with Drone Liability,,,false,2,,2026-08-16
QTS Data Centers,6a2ac7976be658d63abb4b6d,69f0f3c5beb6279e947be10c,"Suffolk Construction Company, Inc.",6a1891dbb517ae25a8862c83,CDR1DC5,evidenceOfInsurance,Evidence of Insurance,pollution,Pollution Liability,11078834-6a06-5a62-ada1-e6a90abce9ba,Additional Insured Endorsement must be present,,matchOnce,must be present,,Present,compliant,Standard 3 with Drone Liability,,,true,1,,2026-08-16
QTS Data Centers,6a2ac7976be658d63abb4b6d,69f0f3c5beb6279e947be10c,"Suffolk Construction Company, Inc.",6a1891dbb517ae25a8862c83,CDR1DC5,evidenceOfInsurance,Evidence of Insurance,professional,Professional Liability,evidenceOfInsuranceProfessionalLimitsEachClaim,Each Claim,,matchOnce,must be greater or equal to,5000000,25000000,compliant,Standard 3 with Drone Liability,,,false,3,,2026-08-16
QTS Data Centers,6a2ac7976be658d63abb4b6d,69f0f3c5beb6279e947be10c,"Suffolk Construction Company, Inc.",6a1891dbb517ae25a8862c83,CDR1DC5,evidenceOfInsurance,Evidence of Insurance,professional,Professional Liability,d672162b-0115-567e-ac40-48cb8d46cdc0,"Professional Liability Coverage Deductible must be less than or equal to $100,000",,matchOnce,must be present,,Present,compliant,Standard 3 with Drone Liability,,,true,1,,2026-08-16
QTS Data Centers,6a2ac7976be658d63abb4b6d,69f0f3c5beb6279e947be10c,"Suffolk Construction Company, Inc.",6a1891dbb517ae25a8862c83,CDR1DC5,evidenceOfInsurance,Evidence of Insurance,e54fdf78-f8fe-5b2e-a5f7-0ae05bbd7f66,Drone Liability,eec8a429-f600-558d-8fec-56d960319d19,Each Claim,,matchOnce,must be greater or equal to,5000000,5000000,compliant,Standard 3 with Drone Liability,,,true,1,,2026-08-16
QTS Data Centers,6a2ac7976be658d63abb4b6d,69f0f3c5beb6279e947be10c,"Suffolk Construction Company, Inc.",6a1891dbb517ae25a8862c83,CDR1DC5,evidenceOfInsurance,Evidence of Insurance,6ac20aae-5728-5d57-b364-aeba38527dba,Additional Requirements,655cb50e-155d-5f8c-af5e-e7386263aa58,"Certificate Holder must read as: ""Quality Technology Services, LLC, 
Attention: Procurement Department
300 Satellite Blvd NW, Suwanee, GA 30024.""",,matchOnce,must be present,,Present,compliant,Standard 3 with Drone Liability,,,true,2,,2026-08-16
QTS Data Centers,6a2ac7976be658d63abb4b6d,69f0f3c5beb6279e947be10c,"Suffolk Construction Company, Inc.",6a1891dbb517ae25a8862c83,CDR1DC5,evidenceOfInsurance,Evidence of Insurance,6ac20aae-5728-5d57-b364-aeba38527dba,Additional Requirements,25da7a11-b805-5d7d-8deb-65519e743757,"Description of Operations must read: Quality Tech, LP, and its officers, directors, employees, parents, subsidiaries, affiliates, and related companies, successors, and permitted assigns",,matchOnce,must be present,,Present,compliant,Standard 3 with Drone Liability,,,true,1,,2026-08-16
QTS Data Centers,6a2ac7976be658d63abb4b6d,69f0f3c5beb6279e947be10c,"Suffolk Construction Company, Inc.",6a1891dbb517ae25a8862c83,CDR1DC5,evidenceOfInsurance,Evidence of Insurance,6ac20aae-5728-5d57-b364-aeba38527dba,Additional Requirements,8d7b12d5-c6dc-5efe-8cbd-acd9adedde5b,Description of Operations must read: CDR1DC5,,matchOnce,must be present,,Present,compliant,Standard 3 with Drone Liability,,,true,3,,2026-08-16
QTS Data Centers,6a2ac7976be658d63abb4b6d,69f0f3c5beb6279e947be10c,"Suffolk Construction Company, Inc.",6a1891dbb517ae25a8862c83,CDR1DC5,evidenceOfInsurance,Evidence of Insurance,6ac20aae-5728-5d57-b364-aeba38527dba,Additional Requirements,03d7ddc3-a527-5f18-bdf6-355eb23cd9de,30-Day Notice of Cancellation must be present,,matchOnce,must be present,,Present,compliant,Standard 3 with Drone Liability,,,true,2,,2026-08-16
QTS Data Centers,6a2ac7976be658d63abb4b6d,69f0f3c5beb6279e947be10c,"Suffolk Construction Company, Inc.",6a1891dbb517ae25a8862c83,CDR1DC5,evidenceOfInsurance,Evidence of Insurance,6ac20aae-5728-5d57-b364-aeba38527dba,Additional Requirements,24a2347c-ab39-5dea-a6af-ad750440dde1,"Description of Operations must read: Commercial General Liability shall not include the following endorsements/exclusions or equivalent:

1. CG 2149 or CG 2155 o CG 2198 (Absolute Pollution Exclusion)
2. CG 2294 or CG 2295 (Damage to Work Performed by Contractors Exclusion)
3. CG 2139 (Contractual Limitation Endorsement)
4. CG 2196 (Silica or Silica Dust Exclusion), unless otherwise covered under an applicable pollution policy.
5. CG 2142 (Explosion, Collapse or Underground Exclusion)",,matchOnce,must be present,,,waived,Standard 3 with Drone Liability,Client (Deniese/Mary) approved exception for Exclusion Language requirement through renewal - 2026-07-28,,true,0,2026-08-31,2026-08-16
QTS Data Centers,6a2ac7976be658d63abb4b6d,69f0f3c5beb6279e947be10c,"Suffolk Construction Company, Inc.",6a1891dbb517ae25a8862c83,CDR1DC5,evidenceOfInsurance,Evidence of Insurance,6ac20aae-5728-5d57-b364-aeba38527dba,Additional Requirements,71685e25-c6d0-5692-aaaf-30f59a2f9a83,"Description of Operations must read: Workers Compensation shall include ""all states"" coverage",,matchOnce,must be present,,,waived,Standard 3 with Drone Liability,"Client (Deniese/Mary) approved exception for ""All States"" WC Language requirement through renewal - 2026-07-28",,true,0,2026-08-31,2026-08-16
QTS Data Centers,6a2ac7c56be658d63abb4c13,69f0f3c5beb6279e947be0f8,"Layton Construction Company, LLC",6a1891e9da80b4370421136a,CDR1DC6,evidenceOfInsurance,Evidence of Insurance,commercialGeneralLiability,Commercial General Liability,evidenceOfInsuranceCommercialGeneralLiabilityAMBestRating,AM Best Rating,,matchOnce,must be greater or equal to,130,,non_compliant,Standard 14,,,false,0,,2026-08-16
QTS Data Centers,6a2ac7c56be658d63abb4c13,69f0f3c5beb6279e947be0f8,"Layton Construction Company, LLC",6a1891e9da80b4370421136a,CDR1DC6,evidenceOfInsurance,Evidence of Insurance,commercialGeneralLiability,Commercial General Liability,evidenceOfInsuranceCommercialGeneralLiabilityAMBestFinancialStrength,AM Best Financial Strength,,matchOnce,must be greater or equal to,100,,non_compliant,Standard 14,,,false,0,,2026-08-16
QTS Data Centers,6a2ac7c56be658d63abb4c13,69f0f3c5beb6279e947be0f8,"Layton Construction Company, LLC",6a1891e9da80b4370421136a,CDR1DC6,evidenceOfInsurance,Evidence of Insurance,commercialGeneralLiability,Commercial General Liability,evidenceOfInsuranceCommercialGeneralLiabilityCoverageTriggerOccurrence,Coverage Trigger: Occurrence,,matchOnce,must be present,,,non_compliant,Standard 14,,,false,0,,2026-08-16
QTS Data Centers,6a2ac7c56be658d63abb4c13,69f0f3c5beb6279e947be0f8,"Layton Construction Company, LLC",6a1891e9da80b4370421136a,CDR1DC6,evidenceOfInsurance,Evidence of Insurance,commercialGeneralLiability,Commercial General Liability,evidenceOfInsuranceCommercialGeneralLiabilityGeneralAggregateLimitAppliesPerProject,General Aggregate Limit Applies per: Project,,matchOnce,must be present,,,non_compliant,Standard 14,,,false,0,,2026-08-16
QTS Data Centers,6a2ac7c56be658d63abb4c13,69f0f3c5beb6279e947be0f8,"Layton Construction Company, LLC",6a1891e9da80b4370421136a,CDR1DC6,evidenceOfInsurance,Evidence of Insurance,commercialGeneralLiability,Commercial General Liability,evidenceOfInsuranceCommercialGeneralLiabilityEachOccurrence,Each Occurrence,,matchOnce,must be greater or equal to,5000000,,non_compliant,Standard 14,,,false,0,,2026-08-16
QTS Data Centers,6a2ac7c56be658d63abb4c13,69f0f3c5beb6279e947be0f8,"Layton Construction Company, LLC",6a1891e9da80b4370421136a,CDR1DC6,evidenceOfInsurance,Evidence of Insurance,commercialGeneralLiability,Commercial General Liability,evidenceOfInsuranceCommercialGeneralLiabilityGeneralAggregate,General Aggregate,,matchOnce,must be greater or equal to,10000000,,non_compliant,Standard 14,,,false,0,,2026-08-16
QTS Data Centers,6a2ac7c56be658d63abb4c13,69f0f3c5beb6279e947be0f8,"Layton Construction Company, LLC",6a1891e9da80b4370421136a,CDR1DC6,evidenceOfInsurance,Evidence of Insurance,commercialGeneralLiability,Commercial General Liability,evidenceOfInsuranceCommercialGeneralLiabilityProducsCompletedOperationsAggregate,Products/Completed Operations Aggregate,,matchOnce,must be greater or equal to,5000000,,non_compliant,Standard 14,,,false,0,,2026-08-16
QTS Data Centers,6a2ac7c56be658d63abb4c13,69f0f3c5beb6279e947be0f8,"Layton Construction Company, LLC",6a1891e9da80b4370421136a,CDR1DC6,evidenceOfInsurance,Evidence of Insurance,commercialGeneralLiability,Commercial General Liability,evidenceOfInsuranceCommercialGeneralLiabilityAdditionalInsuredEndorsementOngoingOps,Additional Insured - Ongoing Operations,"---prompt---
Verify that additional insured coverage specifically includes ongoing operations. Look in the Description of Operations section for language like ""additional insured for ongoing operations"", ""CG 20 10"", ""CG 20 37"", or ""operations performed by or on behalf of the named insured"". The coverage should explicitly reference ongoing work, not just completed operations.",matchOnce,must be present,,,non_compliant,Standard 14,,,false,0,,2026-08-16
QTS Data Centers,6a2ac7c56be658d63abb4c13,69f0f3c5beb6279e947be0f8,"Layton Construction Company, LLC",6a1891e9da80b4370421136a,CDR1DC6,evidenceOfInsurance,Evidence of Insurance,commercialGeneralLiability,Commercial General Liability,evidenceOfInsuranceCommercialGeneralLiabilityAdditionalInsuredEndorsementCompletedOps,Additional Insured - Completed Operations,"---prompt---
Verify that additional insured coverage specifically includes completed operations. Look in the Description of Operations section for language like ""additional insured for completed operations"", ""CG 20 37"", ""products-completed operations"", or similar. This coverage protects the certificate holder for claims arising after work is finished.",matchOnce,must be present,,,non_compliant,Standard 14,,,false,0,,2026-08-16
QTS Data Centers,6a2ac7c56be658d63abb4c13,69f0f3c5beb6279e947be0f8,"Layton Construction Company, LLC",6a1891e9da80b4370421136a,CDR1DC6,evidenceOfInsurance,Evidence of Insurance,commercialGeneralLiability,Commercial General Liability,evidenceOfInsuranceCommercialGeneralLiabilityWaiverOfSubrogationEndorsement,Waiver of Subrogation,"---prompt---
Determine if the insurer has waived their right of subrogation in favor of the certificate holder under the Commercial General Liability policy. Evidence may include: a checked ""Waiver of Subrogation"" box on the certificate, mention in the Description of Operations section stating ""waiver of subrogation applies"", or reference to form CG 24 04. Look for language like ""subrogation is waived"" or ""per written contract"".",matchOnce,must be present,,,non_compliant,Standard 14,,,false,0,,2026-08-16
QTS Data Centers,6a2ac7c56be658d63abb4c13,69f0f3c5beb6279e947be0f8,"Layton Construction Company, LLC",6a1891e9da80b4370421136a,CDR1DC6,evidenceOfInsurance,Evidence of Insurance,commercialGeneralLiability,Commercial General Liability,evidenceOfInsuranceCommercialGeneralLiabilityPrimaryAndNonContributoryEndorsement,Primary and Non-Contributory,"---prompt---
Determine if the Commercial General Liability policy provides primary and non-contributory coverage for the certificate holder. Evidence may include: a checked ""Primary"" box on the certificate, mention in the Description of Operations section stating ""primary and non-contributory"", or reference to endorsement CG 20 01. Look for language indicating this policy will pay first before other applicable insurance and will not seek contribution.",matchOnce,must be present,,,non_compliant,Standard 14,,,false,0,,2026-08-16
QTS Data Centers,6a2ac7c56be658d63abb4c13,69f0f3c5beb6279e947be0f8,"Layton Construction Company, LLC",6a1891e9da80b4370421136a,CDR1DC6,evidenceOfInsurance,Evidence of Insurance,commercialGeneralLiability,Commercial General Liability,9c28ed56-e307-5cf9-88e9-0ada1f283104,Physical 30 Days Notice of Cancellation - 10 Days Notice for Non Payment Endorsement must be present,,matchOnce,must be present,,,non_compliant,Standard 14,,,true,0,,2026-08-16
QTS Data Centers,6a2ac7c56be658d63abb4c13,69f0f3c5beb6279e947be0f8,"Layton Construction Company, LLC",6a1891e9da80b4370421136a,CDR1DC6,evidenceOfInsurance,Evidence of Insurance,automobileLiability,Automobile Liability,evidenceOfInsuranceAutomobileLiabilityCombinedSingleLimitEachAccident,Combined Single Limit (each accident),,matchOnce,must be greater or equal to,1000000,,non_compliant,Standard 14,,,false,0,,2026-08-16
QTS Data Centers,6a2ac7c56be658d63abb4c13,69f0f3c5beb6279e947be0f8,"Layton Construction Company, LLC",6a1891e9da80b4370421136a,CDR1DC6,evidenceOfInsurance,Evidence of Insurance,automobileLiability,Automobile Liability,evidenceOfInsuranceAutomobileLiabilityCoverageAppliesToOwnedAutosOnly,Coverage Applies To: Owned Autos Only,,matchOnce,must be present,,,non_compliant,Standard 14,,,false,0,,2026-08-16
QTS Data Centers,6a2ac7c56be658d63abb4c13,69f0f3c5beb6279e947be0f8,"Layton Construction Company, LLC",6a1891e9da80b4370421136a,CDR1DC6,evidenceOfInsurance,Evidence of Insurance,automobileLiability,Automobile Liability,evidenceOfInsuranceAutomobileLiabilityCoverageAppliesToNonOwnedAutosOnly,Coverage Applies To: Non-Owned Autos Only,,matchOnce,must be present,,,non_compliant,Standard 14,,,false,0,,2026-08-16
QTS Data Centers,6a2ac7c56be658d63abb4c13,69f0f3c5beb6279e947be0f8,"Layton Construction Company, LLC",6a1891e9da80b4370421136a,CDR1DC6,evidenceOfInsurance,Evidence of Insurance,automobileLiability,Automobile Liability,evidenceOfInsuranceAutomobileLiabilityCoverageAppliesToHiredAutosOnly,Coverage Applies To: Hired Autos Only,,matchOnce,must be present,,,non_compliant,Standard 14,,,false,0,,2026-08-16
QTS Data Centers,6a2ac7c56be658d63abb4c13,69f0f3c5beb6279e947be0f8,"Layton Construction Company, LLC",6a1891e9da80b4370421136a,CDR1DC6,evidenceOfInsurance,Evidence of Insurance,automobileLiability,Automobile Liability,evidenceOfInsuranceAutomobileLiabilityAdditionalInsuredEndorsement,Additional Insured,"---prompt---
Determine if the certificate holder is covered as an additional insured under the Automobile Liability policy. Evidence may include: a checked ""Additional Insured"" box on the certificate for the auto section, mention in the Description of Operations section, or reference to blanket additional insured coverage. Look for form number CA 20 48 or language like ""certificate holder is additional insured"" or ""per written contract"".",matchOnce,must be present,,,non_compliant,Standard 14,,,false,0,,2026-08-16
QTS Data Centers,6a2ac7c56be658d63abb4c13,69f0f3c5beb6279e947be0f8,"Layton Construction Company, LLC",6a1891e9da80b4370421136a,CDR1DC6,evidenceOfInsurance,Evidence of Insurance,automobileLiability,Automobile Liability,evidenceOfInsuranceAutomobileLiabilityWaiverOfSubrogationEndorsement,Waiver of Subrogation,"---prompt---
Determine if the insurer has waived their right of subrogation in favor of the certificate holder under the Automobile Liability policy. Evidence may include: a checked ""Waiver of Subrogation"" box on the certificate, mention in the Description of Operations section stating ""waiver of subrogation applies"", or reference to form CA 04 44. Look for language like ""subrogation is waived"" or ""per written contract"".",matchOnce,must be present,,,non_compliant,Standard 14,,,false,0,,2026-08-16
QTS Data Centers,6a2ac7c56be658d63abb4c13,69f0f3c5beb6279e947be0f8,"Layton Construction Company, LLC",6a1891e9da80b4370421136a,CDR1DC6,evidenceOfInsurance,Evidence of Insurance,automobileLiability,Automobile Liability,evidenceOfInsuranceAutomobileLiabilityPrimaryAndNonContributoryEndorsement,Primary and Non-Contributory,"---prompt---
Determine if the Automobile Liability policy provides primary and non-contributory coverage for the certificate holder. Evidence may include: a checked ""Primary"" box on the certificate, mention in the Description of Operations section stating ""primary and non-contributory"". Look for language indicating this policy will pay first before other applicable insurance and will not seek contribution.",matchOnce,must be present,,,non_compliant,Standard 14,,,false,0,,2026-08-16
QTS Data Centers,6a2ac7c56be658d63abb4c13,69f0f3c5beb6279e947be0f8,"Layton Construction Company, LLC",6a1891e9da80b4370421136a,CDR1DC6,evidenceOfInsurance,Evidence of Insurance,automobileLiability,Automobile Liability,0e6f6daa-effc-5c25-af03-4f7e657ae801,Physical MCS-90 Endorsement must be present,,matchOnce,must be present,,,non_compliant,Standard 14,,,true,0,,2026-08-16
QTS Data Centers,6a2ac7c56be658d63abb4c13,69f0f3c5beb6279e947be0f8,"Layton Construction Company, LLC",6a1891e9da80b4370421136a,CDR1DC6,evidenceOfInsurance,Evidence of Insurance,excessOrUmbrellaLiability,Umbrella/Excess Liability,evidenceOfInsuranceExcessOrUmbrellaLiabilityOccurence,Coverage Trigger: Occurrence,,matchOnce,must be present,,,non_compliant,Standard 14,,,false,0,,2026-08-16
QTS Data Centers,6a2ac7c56be658d63abb4c13,69f0f3c5beb6279e947be0f8,"Layton Construction Company, LLC",6a1891e9da80b4370421136a,CDR1DC6,evidenceOfInsurance,Evidence of Insurance,excessOrUmbrellaLiability,Umbrella/Excess Liability,evidenceOfInsuranceExcessOrUmbrellaLiabilityEachOccurrence,Each Occurrence,,matchOnce,must be greater or equal to,50000000,,non_compliant,Standard 14,,,false,0,,2026-08-16
QTS Data Centers,6a2ac7c56be658d63abb4c13,69f0f3c5beb6279e947be0f8,"Layton Construction Company, LLC",6a1891e9da80b4370421136a,CDR1DC6,evidenceOfInsurance,Evidence of Insurance,excessOrUmbrellaLiability,Umbrella/Excess Liability,evidenceOfInsuranceExcessOrUmbrellaLiabilityAdditionalInsuredEndorsement,Additional Insured,"---prompt---
Determine if the certificate holder is covered as an additional insured under the Umbrella/Excess Liability policy. Evidence may include: a checked ""Additional Insured"" box on the certificate for the umbrella section, mention in the Description of Operations section, reference to ""follow form"" status (which would extend underlying additional insured status), or explicit language naming the certificate holder as additional insured on the umbrella.",matchOnce,must be present,,,non_compliant,Standard 14,,,false,0,,2026-08-16
QTS Data Centers,6a2ac7c56be658d63abb4c13,69f0f3c5beb6279e947be0f8,"Layton Construction Company, LLC",6a1891e9da80b4370421136a,CDR1DC6,evidenceOfInsurance,Evidence of Insurance,excessOrUmbrellaLiability,Umbrella/Excess Liability,evidenceOfInsuranceExcessOrUmbrellaLiabilityWaiverOfSubrogationEndorsement,Waiver of Subrogation,"---prompt---
Determine if the insurer has waived their right of subrogation in favor of the certificate holder under the Umbrella/Excess Liability policy. Evidence may include: a checked ""Waiver of Subrogation"" box on the certificate, mention in the Description of Operations section stating ""waiver of subrogation applies"", or reference to ""follow form"" status (which would extend underlying waiver). Look for language like ""subrogation is waived"" or ""per written contract"".",matchOnce,must be present,,,non_compliant,Standard 14,,,false,0,,2026-08-16
QTS Data Centers,6a2ac7c56be658d63abb4c13,69f0f3c5beb6279e947be0f8,"Layton Construction Company, LLC",6a1891e9da80b4370421136a,CDR1DC6,evidenceOfInsurance,Evidence of Insurance,excessOrUmbrellaLiability,Umbrella/Excess Liability,evidenceOfInsuranceExcessOrUmbrellaLiabilityPrimaryAndNonContributoryEndorsement,Primary and Non-Contributory,"---prompt---
Determine if the Umbrella/Excess Liability policy provides primary and non-contributory coverage for the certificate holder. Evidence may include: a checked ""Primary"" box on the certificate, mention in the Description of Operations section stating ""primary and non-contributory"", or reference to ""follow form"" status (which would extend underlying primary status). Look for language indicating this policy will pay first before other applicable insurance and will not seek contribution.",matchOnce,must be present,,,non_compliant,Standard 14,,,false,0,,2026-08-16
QTS Data Centers,6a2ac7c56be658d63abb4c13,69f0f3c5beb6279e947be0f8,"Layton Construction Company, LLC",6a1891e9da80b4370421136a,CDR1DC6,evidenceOfInsurance,Evidence of Insurance,workersCompensation,Workers' Compensation and Employer's Liability,evidenceOfInsuranceWorkersCompensationStatutoryLimits,Statutory Limits,,matchOnce,must be present,,,non_compliant,Standard 14,,,false,0,,2026-08-16
QTS Data Centers,6a2ac7c56be658d63abb4c13,69f0f3c5beb6279e947be0f8,"Layton Construction Company, LLC",6a1891e9da80b4370421136a,CDR1DC6,evidenceOfInsurance,Evidence of Insurance,workersCompensation,Workers' Compensation and Employer's Liability,evidenceOfInsuranceWorkersCompensationEmployersLiabilityDiseaseEachEmployee,Employer's Liability Disease - each employee,,matchOnce,must be greater or equal to,1000000,,non_compliant,Standard 14,,,false,0,,2026-08-16
QTS Data Centers,6a2ac7c56be658d63abb4c13,69f0f3c5beb6279e947be0f8,"Layton Construction Company, LLC",6a1891e9da80b4370421136a,CDR1DC6,evidenceOfInsurance,Evidence of Insurance,workersCompensation,Workers' Compensation and Employer's Liability,evidenceOfInsuranceWorkersCompensationEmployersLiabilityDiseasePolicyLimit,Employer's Liability Disease - policy limit,,matchOnce,must be greater or equal to,1000000,,non_compliant,Standard 14,,,false,0,,2026-08-16
QTS Data Centers,6a2ac7c56be658d63abb4c13,69f0f3c5beb6279e947be0f8,"Layton Construction Company, LLC",6a1891e9da80b4370421136a,CDR1DC6,evidenceOfInsurance,Evidence of Insurance,workersCompensation,Workers' Compensation and Employer's Liability,evidenceOfInsuranceWorkersCompensationEmployersLiabilityEachAccident,Employer's Liability Each Accident,,matchOnce,must be greater or equal to,1000000,,non_compliant,Standard 14,,,false,0,,2026-08-16
QTS Data Centers,6a2ac7c56be658d63abb4c13,69f0f3c5beb6279e947be0f8,"Layton Construction Company, LLC",6a1891e9da80b4370421136a,CDR1DC6,evidenceOfInsurance,Evidence of Insurance,workersCompensation,Workers' Compensation and Employer's Liability,evidenceOfInsuranceWorkersCompensationWaiverOfSubrogationEndorsement,Waiver of Subrogation,"---prompt---
Determine if the insurer has waived their right of subrogation in favor of the certificate holder under the Workers' Compensation policy. Evidence may include: a checked ""Waiver of Subrogation"" box on the certificate, mention in the Description of Operations section stating ""waiver of subrogation applies"", or reference to form WC 00 03 13. Look for language like ""subrogation is waived"" or ""per written contract"".",matchOnce,must be present,,,non_compliant,Standard 14,,,false,0,,2026-08-16
QTS Data Centers,6a2ac7c56be658d63abb4c13,69f0f3c5beb6279e947be0f8,"Layton Construction Company, LLC",6a1891e9da80b4370421136a,CDR1DC6,evidenceOfInsurance,Evidence of Insurance,professional,Professional Liability,evidenceOfInsuranceProfessionalLimitsEachClaim,Each Claim,,matchOnce,must be greater or equal to,5000000,,non_compliant,Standard 14,,,false,0,,2026-08-16
QTS Data Centers,6a2ac7c56be658d63abb4c13,69f0f3c5beb6279e947be0f8,"Layton Construction Company, LLC",6a1891e9da80b4370421136a,CDR1DC6,evidenceOfInsurance,Evidence of Insurance,6ac20aae-5728-5d57-b364-aeba38527dba,Additional Requirements,655cb50e-155d-5f8c-af5e-e7386263aa58,"Certificate Holder must read as: ""Quality Technology Services, LLC, 
Attention: Procurement Department
300 Satellite Blvd NW, Suwanee, GA 30024.""",,matchOnce,must be present,,,non_compliant,Standard 14,,,true,0,,2026-08-16
QTS Data Centers,6a2ac7c56be658d63abb4c13,69f0f3c5beb6279e947be0f8,"Layton Construction Company, LLC",6a1891e9da80b4370421136a,CDR1DC6,evidenceOfInsurance,Evidence of Insurance,6ac20aae-5728-5d57-b364-aeba38527dba,Additional Requirements,25da7a11-b805-5d7d-8deb-65519e743757,"Description of Operations must read: Quality Tech, LP, and its officers, directors, employees, parents, subsidiaries, affiliates, and related companies, successors, and permitted assigns",,matchOnce,must be present,,,non_compliant,Standard 14,,,true,0,,2026-08-16
QTS Data Centers,6a2ac7c56be658d63abb4c13,69f0f3c5beb6279e947be0f8,"Layton Construction Company, LLC",6a1891e9da80b4370421136a,CDR1DC6,evidenceOfInsurance,Evidence of Insurance,6ac20aae-5728-5d57-b364-aeba38527dba,Additional Requirements,8d7b12d5-c6dc-5efe-8cbd-acd9adedde5b,Description of Operations must read: CDR1DC6,,matchOnce,must be present,,,non_compliant,Standard 14,,,true,0,,2026-08-16
QTS Data Centers,6a2ac7c56be658d63abb4c13,69f0f3c5beb6279e947be0f8,"Layton Construction Company, LLC",6a1891e9da80b4370421136a,CDR1DC6,evidenceOfInsurance,Evidence of Insurance,6ac20aae-5728-5d57-b364-aeba38527dba,Additional Requirements,03d7ddc3-a527-5f18-bdf6-355eb23cd9de,30-Day Notice of Cancellation must be present,,matchOnce,must be present,,,non_compliant,Standard 14,,,true,0,,2026-08-16
QTS Data Centers,6a2ac7c56be658d63abb4c13,69f0f3c5beb6279e947be0f8,"Layton Construction Company, LLC",6a1891e9da80b4370421136a,CDR1DC6,evidenceOfInsurance,Evidence of Insurance,6ac20aae-5728-5d57-b364-aeba38527dba,Additional Requirements,24a2347c-ab39-5dea-a6af-ad750440dde1,"Description of Operations must read: Commercial General Liability shall not include the following endorsements/exclusions or equivalent:

1. CG 2149 or CG 2155 o CG 2198 (Absolute Pollution Exclusion)
2. CG 2294 or CG 2295 (Damage to Work Performed by Contractors Exclusion)
3. CG 2139 (Contractual Limitation Endorsement)
4. CG 2196 (Silica or Silica Dust Exclusion), unless otherwise covered under an applicable pollution policy.
5. CG 2142 (Explosion, Collapse or Underground Exclusion)",,matchOnce,must be present,,,non_compliant,Standard 14,,,true,0,,2026-08-16
QTS Data Centers,6a2ac7c56be658d63abb4c13,69f0f3c5beb6279e947be0f8,"Layton Construction Company, LLC",6a1891e9da80b4370421136a,CDR1DC6,evidenceOfInsurance,Evidence of Insurance,6ac20aae-5728-5d57-b364-aeba38527dba,Additional Requirements,71685e25-c6d0-5692-aaaf-30f59a2f9a83,"Description of Operations must read: Workers Compensation shall include ""all states"" coverage",,matchOnce,must be present,,,non_compliant,Standard 14,,,true,0,,2026-08-16
QTS Data Centers,6a2ac7e97bfda7c6ee2ad6d5,69f0f3c5beb6279e947be10c,"Suffolk Construction Company, Inc.",6a189203462ef1e78eae99d3,CDR1DC7,evidenceOfInsurance,Evidence of Insurance,commercialGeneralLiability,Commercial General Liability,evidenceOfInsuranceCommercialGeneralLiabilityAMBestRating,AM Best Rating,,matchOnce,must be greater or equal to,130,140,compliant,Standard 18 with Drone Liability,,,false,2,,2026-08-16
QTS Data Centers,6a2ac7e97bfda7c6ee2ad6d5,69f0f3c5beb6279e947be10c,"Suffolk Construction Company, Inc.",6a189203462ef1e78eae99d3,CDR1DC7,evidenceOfInsurance,Evidence of Insurance,commercialGeneralLiability,Commercial General Liability,evidenceOfInsuranceCommercialGeneralLiabilityAMBestFinancialStrength,AM Best Financial Strength,,matchOnce,must be greater or equal to,70,150,compliant,Standard 18 with Drone Liability,,,false,2,,2026-08-16
QTS Data Centers,6a2ac7e97bfda7c6ee2ad6d5,69f0f3c5beb6279e947be10c,"Suffolk Construction Company, Inc.",6a189203462ef1e78eae99d3,CDR1DC7,evidenceOfInsurance,Evidence of Insurance,commercialGeneralLiability,Commercial General Liability,evidenceOfInsuranceCommercialGeneralLiabilityCoverageTriggerOccurrence,Coverage Trigger: Occurrence,,matchOnce,must be present,,Present,compliant,Standard 18 with Drone Liability,,,false,2,,2026-08-16
QTS Data Centers,6a2ac7e97bfda7c6ee2ad6d5,69f0f3c5beb6279e947be10c,"Suffolk Construction Company, Inc.",6a189203462ef1e78eae99d3,CDR1DC7,evidenceOfInsurance,Evidence of Insurance,commercialGeneralLiability,Commercial General Liability,evidenceOfInsuranceCommercialGeneralLiabilityGeneralAggregateLimitAppliesPerProject,General Aggregate Limit Applies per: Project,,matchOnce,must be present,,Present,compliant,Standard 18 with Drone Liability,,,false,2,,2026-08-16
QTS Data Centers,6a2ac7e97bfda7c6ee2ad6d5,69f0f3c5beb6279e947be10c,"Suffolk Construction Company, Inc.",6a189203462ef1e78eae99d3,CDR1DC7,evidenceOfInsurance,Evidence of Insurance,commercialGeneralLiability,Commercial General Liability,evidenceOfInsuranceCommercialGeneralLiabilityEachOccurrence,Each Occurrence,,matchOnce,must be greater or equal to,2000000,3000000,compliant,Standard 18 with Drone Liability,,,false,2,,2026-08-16
QTS Data Centers,6a2ac7e97bfda7c6ee2ad6d5,69f0f3c5beb6279e947be10c,"Suffolk Construction Company, Inc.",6a189203462ef1e78eae99d3,CDR1DC7,evidenceOfInsurance,Evidence of Insurance,commercialGeneralLiability,Commercial General Liability,evidenceOfInsuranceCommercialGeneralLiabilityGeneralAggregate,General Aggregate,,matchOnce,must be greater or equal to,4000000,6000000,compliant,Standard 18 with Drone Liability,,,false,2,,2026-08-16
QTS Data Centers,6a2ac7e97bfda7c6ee2ad6d5,69f0f3c5beb6279e947be10c,"Suffolk Construction Company, Inc.",6a189203462ef1e78eae99d3,CDR1DC7,evidenceOfInsurance,Evidence of Insurance,commercialGeneralLiability,Commercial General Liability,evidenceOfInsuranceCommercialGeneralLiabilityProducsCompletedOperationsAggregate,Products/Completed Operations Aggregate,,matchOnce,must be greater or equal to,4000000,6000000,compliant,Standard 18 with Drone Liability,,,false,2,,2026-08-16
QTS Data Centers,6a2ac7e97bfda7c6ee2ad6d5,69f0f3c5beb6279e947be10c,"Suffolk Construction Company, Inc.",6a189203462ef1e78eae99d3,CDR1DC7,evidenceOfInsurance,Evidence of Insurance,commercialGeneralLiability,Commercial General Liability,evidenceOfInsuranceCommercialGeneralLiabilityAdditionalInsuredEndorsementOngoingOps,Additional Insured - Ongoing Operations,"---prompt---
Verify that additional insured coverage specifically includes ongoing operations. Look in the Description of Operations section for language like ""additional insured for ongoing operations"", ""CG 20 10"", ""CG 20 37"", or ""operations performed by or on behalf of the named insured"". The coverage should explicitly reference ongoing work, not just completed operations.",matchOnce,must be present,,Present,compliant,Standard 18 with Drone Liability,,,false,2,,2026-08-16
QTS Data Centers,6a2ac7e97bfda7c6ee2ad6d5,69f0f3c5beb6279e947be10c,"Suffolk Construction Company, Inc.",6a189203462ef1e78eae99d3,CDR1DC7,evidenceOfInsurance,Evidence of Insurance,commercialGeneralLiability,Commercial General Liability,evidenceOfInsuranceCommercialGeneralLiabilityAdditionalInsuredEndorsementCompletedOps,Additional Insured - Completed Operations,"---prompt---
Verify that additional insured coverage specifically includes completed operations. Look in the Description of Operations section for language like ""additional insured for completed operations"", ""CG 20 37"", ""products-completed operations"", or similar. This coverage protects the certificate holder for claims arising after work is finished.",matchOnce,must be present,,Present,compliant,Standard 18 with Drone Liability,,,false,1,,2026-08-16
QTS Data Centers,6a2ac7e97bfda7c6ee2ad6d5,69f0f3c5beb6279e947be10c,"Suffolk Construction Company, Inc.",6a189203462ef1e78eae99d3,CDR1DC7,evidenceOfInsurance,Evidence of Insurance,commercialGeneralLiability,Commercial General Liability,evidenceOfInsuranceCommercialGeneralLiabilityWaiverOfSubrogationEndorsement,Waiver of Subrogation,"---prompt---
Determine if the insurer has waived their right of subrogation in favor of the certificate holder under the Commercial General Liability policy. Evidence may include: a checked ""Waiver of Subrogation"" box on the certificate, mention in the Description of Operations section stating ""waiver of subrogation applies"", or reference to form CG 24 04. Look for language like ""subrogation is waived"" or ""per written contract"".",matchOnce,must be present,,Present,compliant,Standard 18 with Drone Liability,,,false,2,,2026-08-16
QTS Data Centers,6a2ac7e97bfda7c6ee2ad6d5,69f0f3c5beb6279e947be10c,"Suffolk Construction Company, Inc.",6a189203462ef1e78eae99d3,CDR1DC7,evidenceOfInsurance,Evidence of Insurance,commercialGeneralLiability,Commercial General Liability,evidenceOfInsuranceCommercialGeneralLiabilityPrimaryAndNonContributoryEndorsement,Primary and Non-Contributory,"---prompt---
Determine if the Commercial General Liability policy provides primary and non-contributory coverage for the certificate holder. Evidence may include: a checked ""Primary"" box on the certificate, mention in the Description of Operations section stating ""primary and non-contributory"", or reference to endorsement CG 20 01. Look for language indicating this policy will pay first before other applicable insurance and will not seek contribution.",matchOnce,must be present,,Present,compliant,Standard 18 with Drone Liability,,,false,2,,2026-08-16
QTS Data Centers,6a2ac7e97bfda7c6ee2ad6d5,69f0f3c5beb6279e947be10c,"Suffolk Construction Company, Inc.",6a189203462ef1e78eae99d3,CDR1DC7,evidenceOfInsurance,Evidence of Insurance,commercialGeneralLiability,Commercial General Liability,9c28ed56-e307-5cf9-88e9-0ada1f283104,Physical 30 Days Notice of Cancellation - 10 Days Notice for Non Payment Endorsement must be present,,matchOnce,must be present,,Present,compliant,Standard 18 with Drone Liability,,,true,2,,2026-08-16
QTS Data Centers,6a2ac7e97bfda7c6ee2ad6d5,69f0f3c5beb6279e947be10c,"Suffolk Construction Company, Inc.",6a189203462ef1e78eae99d3,CDR1DC7,evidenceOfInsurance,Evidence of Insurance,automobileLiability,Automobile Liability,evidenceOfInsuranceAutomobileLiabilityCombinedSingleLimitEachAccident,Combined Single Limit (each accident),,matchOnce,must be greater or equal to,1000000,2000000,compliant,Standard 18 with Drone Liability,,,false,2,,2026-08-16
QTS Data Centers,6a2ac7e97bfda7c6ee2ad6d5,69f0f3c5beb6279e947be10c,"Suffolk Construction Company, Inc.",6a189203462ef1e78eae99d3,CDR1DC7,evidenceOfInsurance,Evidence of Insurance,automobileLiability,Automobile Liability,evidenceOfInsuranceAutomobileLiabilityCoverageAppliesToOwnedAutosOnly,Coverage Applies To: Owned Autos Only,,matchOnce,must be present,,Present,compliant,Standard 18 with Drone Liability,,,false,2,,2026-08-16
QTS Data Centers,6a2ac7e97bfda7c6ee2ad6d5,69f0f3c5beb6279e947be10c,"Suffolk Construction Company, Inc.",6a189203462ef1e78eae99d3,CDR1DC7,evidenceOfInsurance,Evidence of Insurance,automobileLiability,Automobile Liability,evidenceOfInsuranceAutomobileLiabilityCoverageAppliesToNonOwnedAutosOnly,Coverage Applies To: Non-Owned Autos Only,,matchOnce,must be present,,Present,compliant,Standard 18 with Drone Liability,,,false,2,,2026-08-16
QTS Data Centers,6a2ac7e97bfda7c6ee2ad6d5,69f0f3c5beb6279e947be10c,"Suffolk Construction Company, Inc.",6a189203462ef1e78eae99d3,CDR1DC7,evidenceOfInsurance,Evidence of Insurance,automobileLiability,Automobile Liability,evidenceOfInsuranceAutomobileLiabilityCoverageAppliesToHiredAutosOnly,Coverage Applies To: Hired Autos Only,,matchOnce,must be present,,Present,compliant,Standard 18 with Drone Liability,,,false,2,,2026-08-16
QTS Data Centers,6a2ac7e97bfda7c6ee2ad6d5,69f0f3c5beb6279e947be10c,"Suffolk Construction Company, Inc.",6a189203462ef1e78eae99d3,CDR1DC7,evidenceOfInsurance,Evidence of Insurance,automobileLiability,Automobile Liability,evidenceOfInsuranceAutomobileLiabilityAdditionalInsuredEndorsement,Additional Insured,"---prompt---
Determine if the certificate holder is covered as an additional insured under the Automobile Liability policy. Evidence may include: a checked ""Additional Insured"" box on the certificate for the auto section, mention in the Description of Operations section, or reference to blanket additional insured coverage. Look for form number CA 20 48 or language like ""certificate holder is additional insured"" or ""per written contract"".",matchOnce,must be present,,Present,compliant,Standard 18 with Drone Liability,,,false,2,,2026-08-16
QTS Data Centers,6a2ac7e97bfda7c6ee2ad6d5,69f0f3c5beb6279e947be10c,"Suffolk Construction Company, Inc.",6a189203462ef1e78eae99d3,CDR1DC7,evidenceOfInsurance,Evidence of Insurance,automobileLiability,Automobile Liability,evidenceOfInsuranceAutomobileLiabilityPrimaryAndNonContributoryEndorsement,Primary and Non-Contributory,"---prompt---
Determine if the Automobile Liability policy provides primary and non-contributory coverage for the certificate holder. Evidence may include: a checked ""Primary"" box on the certificate, mention in the Description of Operations section stating ""primary and non-contributory"". Look for language indicating this policy will pay first before other applicable insurance and will not seek contribution.",matchOnce,must be present,,Present,compliant,Standard 18 with Drone Liability,,,false,2,,2026-08-16
QTS Data Centers,6a2ac7e97bfda7c6ee2ad6d5,69f0f3c5beb6279e947be10c,"Suffolk Construction Company, Inc.",6a189203462ef1e78eae99d3,CDR1DC7,evidenceOfInsurance,Evidence of Insurance,automobileLiability,Automobile Liability,evidenceOfInsuranceAutomobileLiabilityWaiverOfSubrogationEndorsement,Waiver of Subrogation,"---prompt---
Determine if the insurer has waived their right of subrogation in favor of the certificate holder under the Automobile Liability policy. Evidence may include: a checked ""Waiver of Subrogation"" box on the certificate, mention in the Description of Operations section stating ""waiver of subrogation applies"", or reference to form CA 04 44. Look for language like ""subrogation is waived"" or ""per written contract"".",matchOnce,must be present,,Present,compliant,Standard 18 with Drone Liability,,,false,2,,2026-08-16
QTS Data Centers,6a2ac7e97bfda7c6ee2ad6d5,69f0f3c5beb6279e947be10c,"Suffolk Construction Company, Inc.",6a189203462ef1e78eae99d3,CDR1DC7,evidenceOfInsurance,Evidence of Insurance,automobileLiability,Automobile Liability,0e6f6daa-effc-5c25-af03-4f7e657ae801,Physical MCS-90 Endorsement must be present,,matchOnce,must be present,,,waived,Standard 18 with Drone Liability,"Known exposure, not required per Deniese on 2026/07/22",,true,0,,2026-08-16
QTS Data Centers,6a2ac7e97bfda7c6ee2ad6d5,69f0f3c5beb6279e947be10c,"Suffolk Construction Company, Inc.",6a189203462ef1e78eae99d3,CDR1DC7,evidenceOfInsurance,Evidence of Insurance,excessOrUmbrellaLiability,Umbrella/Excess Liability,evidenceOfInsuranceExcessOrUmbrellaLiabilityOccurence,Coverage Trigger: Occurrence,,matchOnce,must be present,,Present,compliant,Standard 18 with Drone Liability,,,false,2,,2026-08-16
QTS Data Centers,6a2ac7e97bfda7c6ee2ad6d5,69f0f3c5beb6279e947be10c,"Suffolk Construction Company, Inc.",6a189203462ef1e78eae99d3,CDR1DC7,evidenceOfInsurance,Evidence of Insurance,excessOrUmbrellaLiability,Umbrella/Excess Liability,evidenceOfInsuranceExcessOrUmbrellaLiabilityEachOccurrence,Each Occurrence,,matchOnce,must be greater or equal to,75000000,75000000,compliant,Standard 18 with Drone Liability,,,false,2,,2026-08-16
QTS Data Centers,6a2ac7e97bfda7c6ee2ad6d5,69f0f3c5beb6279e947be10c,"Suffolk Construction Company, Inc.",6a189203462ef1e78eae99d3,CDR1DC7,evidenceOfInsurance,Evidence of Insurance,excessOrUmbrellaLiability,Umbrella/Excess Liability,evidenceOfInsuranceExcessOrUmbrellaLiabilityAdditionalInsuredEndorsement,Additional Insured,"---prompt---
Determine if the certificate holder is covered as an additional insured under the Umbrella/Excess Liability policy. Evidence may include: a checked ""Additional Insured"" box on the certificate for the umbrella section, mention in the Description of Operations section, reference to ""follow form"" status (which would extend underlying additional insured status), or explicit language naming the certificate holder as additional insured on the umbrella.",matchOnce,must be present,,Present,compliant,Standard 18 with Drone Liability,,,false,2,,2026-08-16
QTS Data Centers,6a2ac7e97bfda7c6ee2ad6d5,69f0f3c5beb6279e947be10c,"Suffolk Construction Company, Inc.",6a189203462ef1e78eae99d3,CDR1DC7,evidenceOfInsurance,Evidence of Insurance,excessOrUmbrellaLiability,Umbrella/Excess Liability,evidenceOfInsuranceExcessOrUmbrellaLiabilityPrimaryAndNonContributoryEndorsement,Primary and Non-Contributory,"---prompt---
Determine if the Umbrella/Excess Liability policy provides primary and non-contributory coverage for the certificate holder. Evidence may include: a checked ""Primary"" box on the certificate, mention in the Description of Operations section stating ""primary and non-contributory"", or reference to ""follow form"" status (which would extend underlying primary status). Look for language indicating this policy will pay first before other applicable insurance and will not seek contribution.",matchOnce,must be present,,Present,compliant,Standard 18 with Drone Liability,,,false,2,,2026-08-16
QTS Data Centers,6a2ac7e97bfda7c6ee2ad6d5,69f0f3c5beb6279e947be10c,"Suffolk Construction Company, Inc.",6a189203462ef1e78eae99d3,CDR1DC7,evidenceOfInsurance,Evidence of Insurance,excessOrUmbrellaLiability,Umbrella/Excess Liability,evidenceOfInsuranceExcessOrUmbrellaLiabilityWaiverOfSubrogationEndorsement,Waiver of Subrogation,"---prompt---
Determine if the insurer has waived their right of subrogation in favor of the certificate holder under the Umbrella/Excess Liability policy. Evidence may include: a checked ""Waiver of Subrogation"" box on the certificate, mention in the Description of Operations section stating ""waiver of subrogation applies"", or reference to ""follow form"" status (which would extend underlying waiver). Look for language like ""subrogation is waived"" or ""per written contract"".",matchOnce,must be present,,Present,compliant,Standard 18 with Drone Liability,,,false,2,,2026-08-16
QTS Data Centers,6a2ac7e97bfda7c6ee2ad6d5,69f0f3c5beb6279e947be10c,"Suffolk Construction Company, Inc.",6a189203462ef1e78eae99d3,CDR1DC7,evidenceOfInsurance,Evidence of Insurance,workersCompensation,Workers' Compensation and Employer's Liability,evidenceOfInsuranceWorkersCompensationStatutoryLimits,Statutory Limits,,matchOnce,must be present,,Present,compliant,Standard 18 with Drone Liability,,,false,2,,2026-08-16
QTS Data Centers,6a2ac7e97bfda7c6ee2ad6d5,69f0f3c5beb6279e947be10c,"Suffolk Construction Company, Inc.",6a189203462ef1e78eae99d3,CDR1DC7,evidenceOfInsurance,Evidence of Insurance,workersCompensation,Workers' Compensation and Employer's Liability,evidenceOfInsuranceWorkersCompensationEmployersLiabilityDiseaseEachEmployee,Employer's Liability Disease - each employee,,matchOnce,must be greater or equal to,1000000,1000000,compliant,Standard 18 with Drone Liability,,,false,2,,2026-08-16
QTS Data Centers,6a2ac7e97bfda7c6ee2ad6d5,69f0f3c5beb6279e947be10c,"Suffolk Construction Company, Inc.",6a189203462ef1e78eae99d3,CDR1DC7,evidenceOfInsurance,Evidence of Insurance,workersCompensation,Workers' Compensation and Employer's Liability,evidenceOfInsuranceWorkersCompensationEmployersLiabilityDiseasePolicyLimit,Employer's Liability Disease - policy limit,,matchOnce,must be greater or equal to,1000000,1000000,compliant,Standard 18 with Drone Liability,,,false,2,,2026-08-16
QTS Data Centers,6a2ac7e97bfda7c6ee2ad6d5,69f0f3c5beb6279e947be10c,"Suffolk Construction Company, Inc.",6a189203462ef1e78eae99d3,CDR1DC7,evidenceOfInsurance,Evidence of Insurance,workersCompensation,Workers' Compensation and Employer's Liability,evidenceOfInsuranceWorkersCompensationEmployersLiabilityEachAccident,Employer's Liability Each Accident,,matchOnce,must be greater or equal to,1000000,1000000,compliant,Standard 18 with Drone Liability,,,false,2,,2026-08-16
QTS Data Centers,6a2ac7e97bfda7c6ee2ad6d5,69f0f3c5beb6279e947be10c,"Suffolk Construction Company, Inc.",6a189203462ef1e78eae99d3,CDR1DC7,evidenceOfInsurance,Evidence of Insurance,workersCompensation,Workers' Compensation and Employer's Liability,evidenceOfInsuranceWorkersCompensationWaiverOfSubrogationEndorsement,Waiver of Subrogation,"---prompt---
Determine if the insurer has waived their right of subrogation in favor of the certificate holder under the Workers' Compensation policy. Evidence may include: a checked ""Waiver of Subrogation"" box on the certificate, mention in the Description of Operations section stating ""waiver of subrogation applies"", or reference to form WC 00 03 13. Look for language like ""subrogation is waived"" or ""per written contract"".",matchOnce,must be present,,Present,compliant,Standard 18 with Drone Liability,,,false,2,,2026-08-16
QTS Data Centers,6a2ac7e97bfda7c6ee2ad6d5,69f0f3c5beb6279e947be10c,"Suffolk Construction Company, Inc.",6a189203462ef1e78eae99d3,CDR1DC7,evidenceOfInsurance,Evidence of Insurance,pollution,Pollution Liability,evidenceOfInsurancePollutionLimitsEachClaim,Each Claim,,matchOnce,must be greater or equal to,5000000,100000000,compliant,Standard 18 with Drone Liability,,,false,2,,2026-08-16
QTS Data Centers,6a2ac7e97bfda7c6ee2ad6d5,69f0f3c5beb6279e947be10c,"Suffolk Construction Company, Inc.",6a189203462ef1e78eae99d3,CDR1DC7,evidenceOfInsurance,Evidence of Insurance,pollution,Pollution Liability,11078834-6a06-5a62-ada1-e6a90abce9ba,Additional Insured Endorsement must be present,,matchOnce,must be present,,Present,compliant,Standard 18 with Drone Liability,,,true,1,,2026-08-16
QTS Data Centers,6a2ac7e97bfda7c6ee2ad6d5,69f0f3c5beb6279e947be10c,"Suffolk Construction Company, Inc.",6a189203462ef1e78eae99d3,CDR1DC7,evidenceOfInsurance,Evidence of Insurance,professional,Professional Liability,evidenceOfInsuranceProfessionalLimitsEachClaim,Each Claim,,matchOnce,must be greater or equal to,5000000,25000000,compliant,Standard 18 with Drone Liability,,,false,2,,2026-08-16
QTS Data Centers,6a2ac7e97bfda7c6ee2ad6d5,69f0f3c5beb6279e947be10c,"Suffolk Construction Company, Inc.",6a189203462ef1e78eae99d3,CDR1DC7,evidenceOfInsurance,Evidence of Insurance,professional,Professional Liability,d672162b-0115-567e-ac40-48cb8d46cdc0,"Professional Liability Coverage Deductible must be less than or equal to $100,000",,matchOnce,must be present,,Present,compliant,Standard 18 with Drone Liability,,,true,1,,2026-08-16
QTS Data Centers,6a2ac7e97bfda7c6ee2ad6d5,69f0f3c5beb6279e947be10c,"Suffolk Construction Company, Inc.",6a189203462ef1e78eae99d3,CDR1DC7,evidenceOfInsurance,Evidence of Insurance,e54fdf78-f8fe-5b2e-a5f7-0ae05bbd7f66,Drone Liability,eec8a429-f600-558d-8fec-56d960319d19,Each Claim,,matchOnce,must be greater or equal to,5000000,5000000,compliant,Standard 18 with Drone Liability,,,true,1,,2026-08-16
QTS Data Centers,6a2ac7e97bfda7c6ee2ad6d5,69f0f3c5beb6279e947be10c,"Suffolk Construction Company, Inc.",6a189203462ef1e78eae99d3,CDR1DC7,evidenceOfInsurance,Evidence of Insurance,6ac20aae-5728-5d57-b364-aeba38527dba,Additional Requirements,655cb50e-155d-5f8c-af5e-e7386263aa58,"Certificate Holder must read as: ""Quality Technology Services, LLC, 
Attention: Procurement Department
300 Satellite Blvd NW, Suwanee, GA 30024.""",,matchOnce,must be present,,Present,compliant,Standard 18 with Drone Liability,,,true,2,,2026-08-16
QTS Data Centers,6a2ac7e97bfda7c6ee2ad6d5,69f0f3c5beb6279e947be10c,"Suffolk Construction Company, Inc.",6a189203462ef1e78eae99d3,CDR1DC7,evidenceOfInsurance,Evidence of Insurance,6ac20aae-5728-5d57-b364-aeba38527dba,Additional Requirements,25da7a11-b805-5d7d-8deb-65519e743757,"Description of Operations must read: Quality Tech, LP, and its officers, directors, employees, parents, subsidiaries, affiliates, and related companies, successors, and permitted assigns",,matchOnce,must be present,,Present,compliant,Standard 18 with Drone Liability,,,true,1,,2026-08-16
QTS Data Centers,6a2ac7e97bfda7c6ee2ad6d5,69f0f3c5beb6279e947be10c,"Suffolk Construction Company, Inc.",6a189203462ef1e78eae99d3,CDR1DC7,evidenceOfInsurance,Evidence of Insurance,6ac20aae-5728-5d57-b364-aeba38527dba,Additional Requirements,8d7b12d5-c6dc-5efe-8cbd-acd9adedde5b,Description of Operations must read: CDR1DC7,,matchOnce,must be present,,Present,compliant,Standard 18 with Drone Liability,,,true,3,,2026-08-16
QTS Data Centers,6a2ac7e97bfda7c6ee2ad6d5,69f0f3c5beb6279e947be10c,"Suffolk Construction Company, Inc.",6a189203462ef1e78eae99d3,CDR1DC7,evidenceOfInsurance,Evidence of Insurance,6ac20aae-5728-5d57-b364-aeba38527dba,Additional Requirements,03d7ddc3-a527-5f18-bdf6-355eb23cd9de,30-Day Notice of Cancellation must be present,,matchOnce,must be present,,Present,compliant,Standard 18 with Drone Liability,,,true,2,,2026-08-16
QTS Data Centers,6a2ac7e97bfda7c6ee2ad6d5,69f0f3c5beb6279e947be10c,"Suffolk Construction Company, Inc.",6a189203462ef1e78eae99d3,CDR1DC7,evidenceOfInsurance,Evidence of Insurance,6ac20aae-5728-5d57-b364-aeba38527dba,Additional Requirements,24a2347c-ab39-5dea-a6af-ad750440dde1,"Description of Operations must read: Commercial General Liability shall not include the following endorsements/exclusions or equivalent:

1. CG 2149 or CG 2155 o CG 2198 (Absolute Pollution Exclusion)
2. CG 2294 or CG 2295 (Damage to Work Performed by Contractors Exclusion)
3. CG 2139 (Contractual Limitation Endorsement)
4. CG 2196 (Silica or Silica Dust Exclusion), unless otherwise covered under an applicable pollution policy.
5. CG 2142 (Explosion, Collapse or Underground Exclusion)",,matchOnce,must be present,,,waived,Standard 18 with Drone Liability,Client (Deniese/Mary) approved exception for Exclusion Language requirement through renewal - 2026-07-28,,true,0,2026-08-31,2026-08-16
QTS Data Centers,6a2ac7e97bfda7c6ee2ad6d5,69f0f3c5beb6279e947be10c,"Suffolk Construction Company, Inc.",6a189203462ef1e78eae99d3,CDR1DC7,evidenceOfInsurance,Evidence of Insurance,6ac20aae-5728-5d57-b364-aeba38527dba,Additional Requirements,71685e25-c6d0-5692-aaaf-30f59a2f9a83,"Description of Operations must read: Workers Compensation shall include ""all states"" coverage",,matchOnce,must be present,,,waived,Standard 18 with Drone Liability,"Client (Deniese/Mary) approved exception for ""All States"" WC Language requirement through renewal - 2026-07-28",,true,0,2026-08-31,2026-08-16
QTS Data Centers,6a4eb2f059ee21f6a806fa01,69f0f3c4beb6279e947be0d5,Brasfield & Gorrie L.L.C.,6a4eb23eef155a091f52b23d,"ATL2DC4 - QTS Fayetteville I DC4, LLC",evidenceOfInsurance,Evidence of Insurance,commercialGeneralLiability,Commercial General Liability,evidenceOfInsuranceCommercialGeneralLiabilityAMBestRating,AM Best Rating,,matchOnce,must be greater or equal to,130,,non_compliant,Standard 14,,,false,0,,2026-08-16
QTS Data Centers,6a4eb2f059ee21f6a806fa01,69f0f3c4beb6279e947be0d5,Brasfield & Gorrie L.L.C.,6a4eb23eef155a091f52b23d,"ATL2DC4 - QTS Fayetteville I DC4, LLC",evidenceOfInsurance,Evidence of Insurance,commercialGeneralLiability,Commercial General Liability,evidenceOfInsuranceCommercialGeneralLiabilityAMBestFinancialStrength,AM Best Financial Strength,,matchOnce,must be greater or equal to,100,,non_compliant,Standard 14,,,false,0,,2026-08-16
QTS Data Centers,6a4eb2f059ee21f6a806fa01,69f0f3c4beb6279e947be0d5,Brasfield & Gorrie L.L.C.,6a4eb23eef155a091f52b23d,"ATL2DC4 - QTS Fayetteville I DC4, LLC",evidenceOfInsurance,Evidence of Insurance,commercialGeneralLiability,Commercial General Liability,evidenceOfInsuranceCommercialGeneralLiabilityCoverageTriggerOccurrence,Coverage Trigger: Occurrence,,matchOnce,must be present,,,non_compliant,Standard 14,,,false,0,,2026-08-16
QTS Data Centers,6a4eb2f059ee21f6a806fa01,69f0f3c4beb6279e947be0d5,Brasfield & Gorrie L.L.C.,6a4eb23eef155a091f52b23d,"ATL2DC4 - QTS Fayetteville I DC4, LLC",evidenceOfInsurance,Evidence of Insurance,commercialGeneralLiability,Commercial General Liability,evidenceOfInsuranceCommercialGeneralLiabilityGeneralAggregateLimitAppliesPerProject,General Aggregate Limit Applies per: Project,,matchOnce,must be present,,,non_compliant,Standard 14,,,false,0,,2026-08-16
QTS Data Centers,6a4eb2f059ee21f6a806fa01,69f0f3c4beb6279e947be0d5,Brasfield & Gorrie L.L.C.,6a4eb23eef155a091f52b23d,"ATL2DC4 - QTS Fayetteville I DC4, LLC",evidenceOfInsurance,Evidence of Insurance,commercialGeneralLiability,Commercial General Liability,evidenceOfInsuranceCommercialGeneralLiabilityEachOccurrence,Each Occurrence,,matchOnce,must be greater or equal to,5000000,,non_compliant,Standard 14,,,false,0,,2026-08-16
QTS Data Centers,6a4eb2f059ee21f6a806fa01,69f0f3c4beb6279e947be0d5,Brasfield & Gorrie L.L.C.,6a4eb23eef155a091f52b23d,"ATL2DC4 - QTS Fayetteville I DC4, LLC",evidenceOfInsurance,Evidence of Insurance,commercialGeneralLiability,Commercial General Liability,evidenceOfInsuranceCommercialGeneralLiabilityGeneralAggregate,General Aggregate,,matchOnce,must be greater or equal to,10000000,,non_compliant,Standard 14,,,false,0,,2026-08-16
QTS Data Centers,6a4eb2f059ee21f6a806fa01,69f0f3c4beb6279e947be0d5,Brasfield & Gorrie L.L.C.,6a4eb23eef155a091f52b23d,"ATL2DC4 - QTS Fayetteville I DC4, LLC",evidenceOfInsurance,Evidence of Insurance,commercialGeneralLiability,Commercial General Liability,evidenceOfInsuranceCommercialGeneralLiabilityProducsCompletedOperationsAggregate,Products/Completed Operations Aggregate,,matchOnce,must be greater or equal to,5000000,,non_compliant,Standard 14,,,false,0,,2026-08-16
QTS Data Centers,6a4eb2f059ee21f6a806fa01,69f0f3c4beb6279e947be0d5,Brasfield & Gorrie L.L.C.,6a4eb23eef155a091f52b23d,"ATL2DC4 - QTS Fayetteville I DC4, LLC",evidenceOfInsurance,Evidence of Insurance,commercialGeneralLiability,Commercial General Liability,evidenceOfInsuranceCommercialGeneralLiabilityAdditionalInsuredEndorsementOngoingOps,Additional Insured - Ongoing Operations,"---prompt---
Verify that additional insured coverage specifically includes ongoing operations. Look in the Description of Operations section for language like ""additional insured for ongoing operations"", ""CG 20 10"", ""CG 20 37"", or ""operations performed by or on behalf of the named insured"". The coverage should explicitly reference ongoing work, not just completed operations.",matchOnce,must be present,,,non_compliant,Standard 14,,,false,0,,2026-08-16
QTS Data Centers,6a4eb2f059ee21f6a806fa01,69f0f3c4beb6279e947be0d5,Brasfield & Gorrie L.L.C.,6a4eb23eef155a091f52b23d,"ATL2DC4 - QTS Fayetteville I DC4, LLC",evidenceOfInsurance,Evidence of Insurance,commercialGeneralLiability,Commercial General Liability,evidenceOfInsuranceCommercialGeneralLiabilityAdditionalInsuredEndorsementCompletedOps,Additional Insured - Completed Operations,"---prompt---
Verify that additional insured coverage specifically includes completed operations. Look in the Description of Operations section for language like ""additional insured for completed operations"", ""CG 20 37"", ""products-completed operations"", or similar. This coverage protects the certificate holder for claims arising after work is finished.",matchOnce,must be present,,,non_compliant,Standard 14,,,false,0,,2026-08-16
QTS Data Centers,6a4eb2f059ee21f6a806fa01,69f0f3c4beb6279e947be0d5,Brasfield & Gorrie L.L.C.,6a4eb23eef155a091f52b23d,"ATL2DC4 - QTS Fayetteville I DC4, LLC",evidenceOfInsurance,Evidence of Insurance,commercialGeneralLiability,Commercial General Liability,evidenceOfInsuranceCommercialGeneralLiabilityWaiverOfSubrogationEndorsement,Waiver of Subrogation,"---prompt---
Determine if the insurer has waived their right of subrogation in favor of the certificate holder under the Commercial General Liability policy. Evidence may include: a checked ""Waiver of Subrogation"" box on the certificate, mention in the Description of Operations section stating ""waiver of subrogation applies"", or reference to form CG 24 04. Look for language like ""subrogation is waived"" or ""per written contract"".",matchOnce,must be present,,,non_compliant,Standard 14,,,false,0,,2026-08-16
QTS Data Centers,6a4eb2f059ee21f6a806fa01,69f0f3c4beb6279e947be0d5,Brasfield & Gorrie L.L.C.,6a4eb23eef155a091f52b23d,"ATL2DC4 - QTS Fayetteville I DC4, LLC",evidenceOfInsurance,Evidence of Insurance,commercialGeneralLiability,Commercial General Liability,evidenceOfInsuranceCommercialGeneralLiabilityPrimaryAndNonContributoryEndorsement,Primary and Non-Contributory,"---prompt---
Determine if the Commercial General Liability policy provides primary and non-contributory coverage for the certificate holder. Evidence may include: a checked ""Primary"" box on the certificate, mention in the Description of Operations section stating ""primary and non-contributory"", or reference to endorsement CG 20 01. Look for language indicating this policy will pay first before other applicable insurance and will not seek contribution.",matchOnce,must be present,,,non_compliant,Standard 14,,,false,0,,2026-08-16
QTS Data Centers,6a4eb2f059ee21f6a806fa01,69f0f3c4beb6279e947be0d5,Brasfield & Gorrie L.L.C.,6a4eb23eef155a091f52b23d,"ATL2DC4 - QTS Fayetteville I DC4, LLC",evidenceOfInsurance,Evidence of Insurance,commercialGeneralLiability,Commercial General Liability,9c28ed56-e307-5cf9-88e9-0ada1f283104,Physical 30 Days Notice of Cancellation - 10 Days Notice for Non Payment Endorsement must be present,,matchOnce,must be present,,,non_compliant,Standard 14,,,true,0,,2026-08-16
QTS Data Centers,6a4eb2f059ee21f6a806fa01,69f0f3c4beb6279e947be0d5,Brasfield & Gorrie L.L.C.,6a4eb23eef155a091f52b23d,"ATL2DC4 - QTS Fayetteville I DC4, LLC",evidenceOfInsurance,Evidence of Insurance,automobileLiability,Automobile Liability,evidenceOfInsuranceAutomobileLiabilityCombinedSingleLimitEachAccident,Combined Single Limit (each accident),,matchOnce,must be greater or equal to,1000000,,non_compliant,Standard 14,,,false,0,,2026-08-16
QTS Data Centers,6a4eb2f059ee21f6a806fa01,69f0f3c4beb6279e947be0d5,Brasfield & Gorrie L.L.C.,6a4eb23eef155a091f52b23d,"ATL2DC4 - QTS Fayetteville I DC4, LLC",evidenceOfInsurance,Evidence of Insurance,automobileLiability,Automobile Liability,evidenceOfInsuranceAutomobileLiabilityCoverageAppliesToOwnedAutosOnly,Coverage Applies To: Owned Autos Only,,matchOnce,must be present,,,non_compliant,Standard 14,,,false,0,,2026-08-16
QTS Data Centers,6a4eb2f059ee21f6a806fa01,69f0f3c4beb6279e947be0d5,Brasfield & Gorrie L.L.C.,6a4eb23eef155a091f52b23d,"ATL2DC4 - QTS Fayetteville I DC4, LLC",evidenceOfInsurance,Evidence of Insurance,automobileLiability,Automobile Liability,evidenceOfInsuranceAutomobileLiabilityCoverageAppliesToNonOwnedAutosOnly,Coverage Applies To: Non-Owned Autos Only,,matchOnce,must be present,,,non_compliant,Standard 14,,,false,0,,2026-08-16
QTS Data Centers,6a4eb2f059ee21f6a806fa01,69f0f3c4beb6279e947be0d5,Brasfield & Gorrie L.L.C.,6a4eb23eef155a091f52b23d,"ATL2DC4 - QTS Fayetteville I DC4, LLC",evidenceOfInsurance,Evidence of Insurance,automobileLiability,Automobile Liability,evidenceOfInsuranceAutomobileLiabilityCoverageAppliesToHiredAutosOnly,Coverage Applies To: Hired Autos Only,,matchOnce,must be present,,,non_compliant,Standard 14,,,false,0,,2026-08-16
QTS Data Centers,6a4eb2f059ee21f6a806fa01,69f0f3c4beb6279e947be0d5,Brasfield & Gorrie L.L.C.,6a4eb23eef155a091f52b23d,"ATL2DC4 - QTS Fayetteville I DC4, LLC",evidenceOfInsurance,Evidence of Insurance,automobileLiability,Automobile Liability,evidenceOfInsuranceAutomobileLiabilityAdditionalInsuredEndorsement,Additional Insured,"---prompt---
Determine if the certificate holder is covered as an additional insured under the Automobile Liability policy. Evidence may include: a checked ""Additional Insured"" box on the certificate for the auto section, mention in the Description of Operations section, or reference to blanket additional insured coverage. Look for form number CA 20 48 or language like ""certificate holder is additional insured"" or ""per written contract"".",matchOnce,must be present,,,non_compliant,Standard 14,,,false,0,,2026-08-16
QTS Data Centers,6a4eb2f059ee21f6a806fa01,69f0f3c4beb6279e947be0d5,Brasfield & Gorrie L.L.C.,6a4eb23eef155a091f52b23d,"ATL2DC4 - QTS Fayetteville I DC4, LLC",evidenceOfInsurance,Evidence of Insurance,automobileLiability,Automobile Liability,evidenceOfInsuranceAutomobileLiabilityWaiverOfSubrogationEndorsement,Waiver of Subrogation,"---prompt---
Determine if the insurer has waived their right of subrogation in favor of the certificate holder under the Automobile Liability policy. Evidence may include: a checked ""Waiver of Subrogation"" box on the certificate, mention in the Description of Operations section stating ""waiver of subrogation applies"", or reference to form CA 04 44. Look for language like ""subrogation is waived"" or ""per written contract"".",matchOnce,must be present,,,non_compliant,Standard 14,,,false,0,,2026-08-16
QTS Data Centers,6a4eb2f059ee21f6a806fa01,69f0f3c4beb6279e947be0d5,Brasfield & Gorrie L.L.C.,6a4eb23eef155a091f52b23d,"ATL2DC4 - QTS Fayetteville I DC4, LLC",evidenceOfInsurance,Evidence of Insurance,automobileLiability,Automobile Liability,evidenceOfInsuranceAutomobileLiabilityPrimaryAndNonContributoryEndorsement,Primary and Non-Contributory,"---prompt---
Determine if the Automobile Liability policy provides primary and non-contributory coverage for the certificate holder. Evidence may include: a checked ""Primary"" box on the certificate, mention in the Description of Operations section stating ""primary and non-contributory"". Look for language indicating this policy will pay first before other applicable insurance and will not seek contribution.",matchOnce,must be present,,,non_compliant,Standard 14,,,false,0,,2026-08-16
QTS Data Centers,6a4eb2f059ee21f6a806fa01,69f0f3c4beb6279e947be0d5,Brasfield & Gorrie L.L.C.,6a4eb23eef155a091f52b23d,"ATL2DC4 - QTS Fayetteville I DC4, LLC",evidenceOfInsurance,Evidence of Insurance,automobileLiability,Automobile Liability,0e6f6daa-effc-5c25-af03-4f7e657ae801,Physical MCS-90 Endorsement must be present,,matchOnce,must be present,,,non_compliant,Standard 14,,,true,0,,2026-08-16
QTS Data Centers,6a4eb2f059ee21f6a806fa01,69f0f3c4beb6279e947be0d5,Brasfield & Gorrie L.L.C.,6a4eb23eef155a091f52b23d,"ATL2DC4 - QTS Fayetteville I DC4, LLC",evidenceOfInsurance,Evidence of Insurance,excessOrUmbrellaLiability,Umbrella/Excess Liability,evidenceOfInsuranceExcessOrUmbrellaLiabilityOccurence,Coverage Trigger: Occurrence,,matchOnce,must be present,,,non_compliant,Standard 14,,,false,0,,2026-08-16
QTS Data Centers,6a4eb2f059ee21f6a806fa01,69f0f3c4beb6279e947be0d5,Brasfield & Gorrie L.L.C.,6a4eb23eef155a091f52b23d,"ATL2DC4 - QTS Fayetteville I DC4, LLC",evidenceOfInsurance,Evidence of Insurance,excessOrUmbrellaLiability,Umbrella/Excess Liability,evidenceOfInsuranceExcessOrUmbrellaLiabilityEachOccurrence,Each Occurrence,,matchOnce,must be greater or equal to,50000000,,non_compliant,Standard 14,,,false,0,,2026-08-16
QTS Data Centers,6a4eb2f059ee21f6a806fa01,69f0f3c4beb6279e947be0d5,Brasfield & Gorrie L.L.C.,6a4eb23eef155a091f52b23d,"ATL2DC4 - QTS Fayetteville I DC4, LLC",evidenceOfInsurance,Evidence of Insurance,excessOrUmbrellaLiability,Umbrella/Excess Liability,evidenceOfInsuranceExcessOrUmbrellaLiabilityAdditionalInsuredEndorsement,Additional Insured,"---prompt---
Determine if the certificate holder is covered as an additional insured under the Umbrella/Excess Liability policy. Evidence may include: a checked ""Additional Insured"" box on the certificate for the umbrella section, mention in the Description of Operations section, reference to ""follow form"" status (which would extend underlying additional insured status), or explicit language naming the certificate holder as additional insured on the umbrella.",matchOnce,must be present,,,non_compliant,Standard 14,,,false,0,,2026-08-16
QTS Data Centers,6a4eb2f059ee21f6a806fa01,69f0f3c4beb6279e947be0d5,Brasfield & Gorrie L.L.C.,6a4eb23eef155a091f52b23d,"ATL2DC4 - QTS Fayetteville I DC4, LLC",evidenceOfInsurance,Evidence of Insurance,excessOrUmbrellaLiability,Umbrella/Excess Liability,evidenceOfInsuranceExcessOrUmbrellaLiabilityWaiverOfSubrogationEndorsement,Waiver of Subrogation,"---prompt---
Determine if the insurer has waived their right of subrogation in favor of the certificate holder under the Umbrella/Excess Liability policy. Evidence may include: a checked ""Waiver of Subrogation"" box on the certificate, mention in the Description of Operations section stating ""waiver of subrogation applies"", or reference to ""follow form"" status (which would extend underlying waiver). Look for language like ""subrogation is waived"" or ""per written contract"".",matchOnce,must be present,,,non_compliant,Standard 14,,,false,0,,2026-08-16
QTS Data Centers,6a4eb2f059ee21f6a806fa01,69f0f3c4beb6279e947be0d5,Brasfield & Gorrie L.L.C.,6a4eb23eef155a091f52b23d,"ATL2DC4 - QTS Fayetteville I DC4, LLC",evidenceOfInsurance,Evidence of Insurance,excessOrUmbrellaLiability,Umbrella/Excess Liability,evidenceOfInsuranceExcessOrUmbrellaLiabilityPrimaryAndNonContributoryEndorsement,Primary and Non-Contributory,"---prompt---
Determine if the Umbrella/Excess Liability policy provides primary and non-contributory coverage for the certificate holder. Evidence may include: a checked ""Primary"" box on the certificate, mention in the Description of Operations section stating ""primary and non-contributory"", or reference to ""follow form"" status (which would extend underlying primary status). Look for language indicating this policy will pay first before other applicable insurance and will not seek contribution.",matchOnce,must be present,,,non_compliant,Standard 14,,,false,0,,2026-08-16
QTS Data Centers,6a4eb2f059ee21f6a806fa01,69f0f3c4beb6279e947be0d5,Brasfield & Gorrie L.L.C.,6a4eb23eef155a091f52b23d,"ATL2DC4 - QTS Fayetteville I DC4, LLC",evidenceOfInsurance,Evidence of Insurance,workersCompensation,Workers' Compensation and Employer's Liability,evidenceOfInsuranceWorkersCompensationStatutoryLimits,Statutory Limits,,matchOnce,must be present,,,non_compliant,Standard 14,,,false,0,,2026-08-16
QTS Data Centers,6a4eb2f059ee21f6a806fa01,69f0f3c4beb6279e947be0d5,Brasfield & Gorrie L.L.C.,6a4eb23eef155a091f52b23d,"ATL2DC4 - QTS Fayetteville I DC4, LLC",evidenceOfInsurance,Evidence of Insurance,workersCompensation,Workers' Compensation and Employer's Liability,evidenceOfInsuranceWorkersCompensationEmployersLiabilityDiseaseEachEmployee,Employer's Liability Disease - each employee,,matchOnce,must be greater or equal to,1000000,,non_compliant,Standard 14,,,false,0,,2026-08-16
QTS Data Centers,6a4eb2f059ee21f6a806fa01,69f0f3c4beb6279e947be0d5,Brasfield & Gorrie L.L.C.,6a4eb23eef155a091f52b23d,"ATL2DC4 - QTS Fayetteville I DC4, LLC",evidenceOfInsurance,Evidence of Insurance,workersCompensation,Workers' Compensation and Employer's Liability,evidenceOfInsuranceWorkersCompensationEmployersLiabilityDiseasePolicyLimit,Employer's Liability Disease - policy limit,,matchOnce,must be greater or equal to,1000000,,non_compliant,Standard 14,,,false,0,,2026-08-16
QTS Data Centers,6a4eb2f059ee21f6a806fa01,69f0f3c4beb6279e947be0d5,Brasfield & Gorrie L.L.C.,6a4eb23eef155a091f52b23d,"ATL2DC4 - QTS Fayetteville I DC4, LLC",evidenceOfInsurance,Evidence of Insurance,workersCompensation,Workers' Compensation and Employer's Liability,evidenceOfInsuranceWorkersCompensationEmployersLiabilityEachAccident,Employer's Liability Each Accident,,matchOnce,must be greater or equal to,1000000,,non_compliant,Standard 14,,,false,0,,2026-08-16
QTS Data Centers,6a4eb2f059ee21f6a806fa01,69f0f3c4beb6279e947be0d5,Brasfield & Gorrie L.L.C.,6a4eb23eef155a091f52b23d,"ATL2DC4 - QTS Fayetteville I DC4, LLC",evidenceOfInsurance,Evidence of Insurance,workersCompensation,Workers' Compensation and Employer's Liability,evidenceOfInsuranceWorkersCompensationWaiverOfSubrogationEndorsement,Waiver of Subrogation,"---prompt---
Determine if the insurer has waived their right of subrogation in favor of the certificate holder under the Workers' Compensation policy. Evidence may include: a checked ""Waiver of Subrogation"" box on the certificate, mention in the Description of Operations section stating ""waiver of subrogation applies"", or reference to form WC 00 03 13. Look for language like ""subrogation is waived"" or ""per written contract"".",matchOnce,must be present,,,non_compliant,Standard 14,,,false,0,,2026-08-16
QTS Data Centers,6a4eb2f059ee21f6a806fa01,69f0f3c4beb6279e947be0d5,Brasfield & Gorrie L.L.C.,6a4eb23eef155a091f52b23d,"ATL2DC4 - QTS Fayetteville I DC4, LLC",evidenceOfInsurance,Evidence of Insurance,professional,Professional Liability,evidenceOfInsuranceProfessionalLimitsEachClaim,Each Claim,,matchOnce,must be greater or equal to,5000000,,non_compliant,Standard 14,,,false,0,,2026-08-16
QTS Data Centers,6a4eb2f059ee21f6a806fa01,69f0f3c4beb6279e947be0d5,Brasfield & Gorrie L.L.C.,6a4eb23eef155a091f52b23d,"ATL2DC4 - QTS Fayetteville I DC4, LLC",evidenceOfInsurance,Evidence of Insurance,6ac20aae-5728-5d57-b364-aeba38527dba,Additional Requirements,8d7b12d5-c6dc-5efe-8cbd-acd9adedde5b,"Description of Operations must read: ATL2-DC4 Campus, located at 167 Tyrone Road, Building 400, Fayetteville, GA 30214",,matchOnce,must be present,,,non_compliant,Standard 14,,,true,0,,2026-08-16
QTS Data Centers,6a4eb2f059ee21f6a806fa01,69f0f3c4beb6279e947be0d5,Brasfield & Gorrie L.L.C.,6a4eb23eef155a091f52b23d,"ATL2DC4 - QTS Fayetteville I DC4, LLC",evidenceOfInsurance,Evidence of Insurance,6ac20aae-5728-5d57-b364-aeba38527dba,Additional Requirements,25da7a11-b805-5d7d-8deb-65519e743757,"Description of Operations must read: Quality Tech, LP, and its officers, directors, employees, parents, subsidiaries, affiliates, and related companies, successors, and permitted assigns",,matchOnce,must be present,,,non_compliant,Standard 14,,,true,0,,2026-08-16
QTS Data Centers,6a4eb2f059ee21f6a806fa01,69f0f3c4beb6279e947be0d5,Brasfield & Gorrie L.L.C.,6a4eb23eef155a091f52b23d,"ATL2DC4 - QTS Fayetteville I DC4, LLC",evidenceOfInsurance,Evidence of Insurance,6ac20aae-5728-5d57-b364-aeba38527dba,Additional Requirements,24a2347c-ab39-5dea-a6af-ad750440dde1,"Description of Operations must read: Commercial General Liability shall not include the following endorsements/exclusions or equivalent:

1. CG 2149 or CG 2155 o CG 2198 (Absolute Pollution Exclusion)
2. CG 2294 or CG 2295 (Damage to Work Performed by Contractors Exclusion)
3. CG 2139 (Contractual Limitation Endorsement)
4. CG 2196 (Silica or Silica Dust Exclusion), unless otherwise covered under an applicable pollution policy.
5. CG 2142 (Explosion, Collapse or Underground Exclusion)",,matchOnce,must be present,,,non_compliant,Standard 14,,,true,0,,2026-08-16
QTS Data Centers,6a4eb2f059ee21f6a806fa01,69f0f3c4beb6279e947be0d5,Brasfield & Gorrie L.L.C.,6a4eb23eef155a091f52b23d,"ATL2DC4 - QTS Fayetteville I DC4, LLC",evidenceOfInsurance,Evidence of Insurance,6ac20aae-5728-5d57-b364-aeba38527dba,Additional Requirements,71685e25-c6d0-5692-aaaf-30f59a2f9a83,"Description of Operations must read: Workers Compensation shall include ""all states"" coverage",,matchOnce,must be present,,,non_compliant,Standard 14,,,true,0,,2026-08-16
QTS Data Centers,6a4eb2f059ee21f6a806fa01,69f0f3c4beb6279e947be0d5,Brasfield & Gorrie L.L.C.,6a4eb23eef155a091f52b23d,"ATL2DC4 - QTS Fayetteville I DC4, LLC",evidenceOfInsurance,Evidence of Insurance,6ac20aae-5728-5d57-b364-aeba38527dba,Additional Requirements,03d7ddc3-a527-5f18-bdf6-355eb23cd9de,30-Day Notice of Cancellation must be present,,matchOnce,must be present,,,non_compliant,Standard 14,,,true,0,,2026-08-16
QTS Data Centers,6a4eb2f059ee21f6a806fa01,69f0f3c4beb6279e947be0d5,Brasfield & Gorrie L.L.C.,6a4eb23eef155a091f52b23d,"ATL2DC4 - QTS Fayetteville I DC4, LLC",evidenceOfInsurance,Evidence of Insurance,6ac20aae-5728-5d57-b364-aeba38527dba,Additional Requirements,655cb50e-155d-5f8c-af5e-e7386263aa58,"Certificate Holder must read as: ""Quality Technology Services, LLC, 
Attention: Procurement Department
300 Satellite Blvd NW, Suwanee, GA 30024.""",,matchOnce,must be present,,,non_compliant,Standard 14,,,true,0,,2026-08-16
QTS Data Centers,6a7ca6d0f08d6e4a3cf1fae0,69f0f3c5beb6279e947be0ee,"HITT Contracting, Inc.",6a552d3a323f725a17ff1371,"ATL2DC6 - QTS Fayetteville II DC6, LLC",evidenceOfInsurance,Evidence of Insurance,commercialGeneralLiability,Commercial General Liability,evidenceOfInsuranceCommercialGeneralLiabilityAMBestRating,AM Best Rating,,matchOnce,must be greater or equal to,140,,non_compliant,Lender 7,,,false,0,,2026-08-16
QTS Data Centers,6a7ca6d0f08d6e4a3cf1fae0,69f0f3c5beb6279e947be0ee,"HITT Contracting, Inc.",6a552d3a323f725a17ff1371,"ATL2DC6 - QTS Fayetteville II DC6, LLC",evidenceOfInsurance,Evidence of Insurance,commercialGeneralLiability,Commercial General Liability,evidenceOfInsuranceCommercialGeneralLiabilityAMBestFinancialStrength,AM Best Financial Strength,,matchOnce,must be greater or equal to,100,,non_compliant,Lender 7,,,false,0,,2026-08-16
QTS Data Centers,6a7ca6d0f08d6e4a3cf1fae0,69f0f3c5beb6279e947be0ee,"HITT Contracting, Inc.",6a552d3a323f725a17ff1371,"ATL2DC6 - QTS Fayetteville II DC6, LLC",evidenceOfInsurance,Evidence of Insurance,commercialGeneralLiability,Commercial General Liability,evidenceOfInsuranceCommercialGeneralLiabilityCoverageTriggerOccurrence,Coverage Trigger: Occurrence,,matchOnce,must be present,,,non_compliant,Lender 7,,,false,0,,2026-08-16
QTS Data Centers,6a7ca6d0f08d6e4a3cf1fae0,69f0f3c5beb6279e947be0ee,"HITT Contracting, Inc.",6a552d3a323f725a17ff1371,"ATL2DC6 - QTS Fayetteville II DC6, LLC",evidenceOfInsurance,Evidence of Insurance,commercialGeneralLiability,Commercial General Liability,evidenceOfInsuranceCommercialGeneralLiabilityGeneralAggregateLimitAppliesPerProject,General Aggregate Limit Applies per: Project,,matchOnce,must be present,,,non_compliant,Lender 7,,,false,0,,2026-08-16
QTS Data Centers,6a7ca6d0f08d6e4a3cf1fae0,69f0f3c5beb6279e947be0ee,"HITT Contracting, Inc.",6a552d3a323f725a17ff1371,"ATL2DC6 - QTS Fayetteville II DC6, LLC",evidenceOfInsurance,Evidence of Insurance,commercialGeneralLiability,Commercial General Liability,evidenceOfInsuranceCommercialGeneralLiabilityEachOccurrence,Each Occurrence,,matchOnce,must be greater or equal to,2000000,,non_compliant,Lender 7,,,false,0,,2026-08-16
QTS Data Centers,6a7ca6d0f08d6e4a3cf1fae0,69f0f3c5beb6279e947be0ee,"HITT Contracting, Inc.",6a552d3a323f725a17ff1371,"ATL2DC6 - QTS Fayetteville II DC6, LLC",evidenceOfInsurance,Evidence of Insurance,commercialGeneralLiability,Commercial General Liability,evidenceOfInsuranceCommercialGeneralLiabilityGeneralAggregate,General Aggregate,,matchOnce,must be greater or equal to,5000000,,non_compliant,Lender 7,,,false,0,,2026-08-16
QTS Data Centers,6a7ca6d0f08d6e4a3cf1fae0,69f0f3c5beb6279e947be0ee,"HITT Contracting, Inc.",6a552d3a323f725a17ff1371,"ATL2DC6 - QTS Fayetteville II DC6, LLC",evidenceOfInsurance,Evidence of Insurance,commercialGeneralLiability,Commercial General Liability,evidenceOfInsuranceCommercialGeneralLiabilityProducsCompletedOperationsAggregate,Products/Completed Operations Aggregate,,matchOnce,must be greater or equal to,5000000,,non_compliant,Lender 7,,,false,0,,2026-08-16
QTS Data Centers,6a7ca6d0f08d6e4a3cf1fae0,69f0f3c5beb6279e947be0ee,"HITT Contracting, Inc.",6a552d3a323f725a17ff1371,"ATL2DC6 - QTS Fayetteville II DC6, LLC",evidenceOfInsurance,Evidence of Insurance,commercialGeneralLiability,Commercial General Liability,evidenceOfInsuranceCommercialGeneralLiabilityWaiverOfSubrogationEndorsement,Waiver of Subrogation,"---prompt---
Determine if the insurer has waived their right of subrogation in favor of the certificate holder under the Commercial General Liability policy. Evidence may include: a checked ""Waiver of Subrogation"" box on the certificate, mention in the Description of Operations section stating ""waiver of subrogation applies"", or reference to form CG 24 04. Look for language like ""subrogation is waived"" or ""per written contract"".",matchOnce,must be present,,,non_compliant,Lender 7,,,false,0,,2026-08-16
QTS Data Centers,6a7ca6d0f08d6e4a3cf1fae0,69f0f3c5beb6279e947be0ee,"HITT Contracting, Inc.",6a552d3a323f725a17ff1371,"ATL2DC6 - QTS Fayetteville II DC6, LLC",evidenceOfInsurance,Evidence of Insurance,commercialGeneralLiability,Commercial General Liability,9c28ed56-e307-5cf9-88e9-0ada1f283104,Physical 30 Days Notice of Cancellation - 10 Days Notice for Non Payment Endorsement must be present,,matchOnce,must be present,,,non_compliant,Lender 7,,,true,0,,2026-08-16
QTS Data Centers,6a7ca6d0f08d6e4a3cf1fae0,69f0f3c5beb6279e947be0ee,"HITT Contracting, Inc.",6a552d3a323f725a17ff1371,"ATL2DC6 - QTS Fayetteville II DC6, LLC",evidenceOfInsurance,Evidence of Insurance,commercialGeneralLiability,Commercial General Liability,evidenceOfInsuranceCommercialGeneralLiabilityAdditionalInsuredEndorsement,Additional Insured,"---prompt---
Determine if the certificate holder is covered as an additional insured under the Commercial General Liability policy. Evidence may include: a checked ""Additional Insured"" box on the certificate, mention in the Description of Operations section, or reference to blanket additional insured coverage. Look for form numbers CG 20 10, CG 20 26, CG 20 37, or language like ""certificate holder is additional insured"" or ""per written contract"".",matchOnce,must be present,,,non_compliant,Lender 7,,,false,0,,2026-08-16
QTS Data Centers,6a7ca6d0f08d6e4a3cf1fae0,69f0f3c5beb6279e947be0ee,"HITT Contracting, Inc.",6a552d3a323f725a17ff1371,"ATL2DC6 - QTS Fayetteville II DC6, LLC",evidenceOfInsurance,Evidence of Insurance,automobileLiability,Automobile Liability,evidenceOfInsuranceAutomobileLiabilityCombinedSingleLimitEachAccident,Combined Single Limit (each accident),,matchOnce,must be greater or equal to,1000000,,non_compliant,Lender 7,,,false,0,,2026-08-16
QTS Data Centers,6a7ca6d0f08d6e4a3cf1fae0,69f0f3c5beb6279e947be0ee,"HITT Contracting, Inc.",6a552d3a323f725a17ff1371,"ATL2DC6 - QTS Fayetteville II DC6, LLC",evidenceOfInsurance,Evidence of Insurance,automobileLiability,Automobile Liability,evidenceOfInsuranceAutomobileLiabilityCoverageAppliesToOwnedAutosOnly,Coverage Applies To: Owned Autos Only,,matchOnce,must be present,,,non_compliant,Lender 7,,,false,0,,2026-08-16
QTS Data Centers,6a7ca6d0f08d6e4a3cf1fae0,69f0f3c5beb6279e947be0ee,"HITT Contracting, Inc.",6a552d3a323f725a17ff1371,"ATL2DC6 - QTS Fayetteville II DC6, LLC",evidenceOfInsurance,Evidence of Insurance,automobileLiability,Automobile Liability,evidenceOfInsuranceAutomobileLiabilityCoverageAppliesToNonOwnedAutosOnly,Coverage Applies To: Non-Owned Autos Only,,matchOnce,must be present,,,non_compliant,Lender 7,,,false,0,,2026-08-16
QTS Data Centers,6a7ca6d0f08d6e4a3cf1fae0,69f0f3c5beb6279e947be0ee,"HITT Contracting, Inc.",6a552d3a323f725a17ff1371,"ATL2DC6 - QTS Fayetteville II DC6, LLC",evidenceOfInsurance,Evidence of Insurance,automobileLiability,Automobile Liability,evidenceOfInsuranceAutomobileLiabilityCoverageAppliesToHiredAutosOnly,Coverage Applies To: Hired Autos Only,,matchOnce,must be present,,,non_compliant,Lender 7,,,false,0,,2026-08-16
QTS Data Centers,6a7ca6d0f08d6e4a3cf1fae0,69f0f3c5beb6279e947be0ee,"HITT Contracting, Inc.",6a552d3a323f725a17ff1371,"ATL2DC6 - QTS Fayetteville II DC6, LLC",evidenceOfInsurance,Evidence of Insurance,automobileLiability,Automobile Liability,evidenceOfInsuranceAutomobileLiabilityAdditionalInsuredEndorsement,Additional Insured,"---prompt---
Determine if the certificate holder is covered as an additional insured under the Automobile Liability policy. Evidence may include: a checked ""Additional Insured"" box on the certificate for the auto section, mention in the Description of Operations section, or reference to blanket additional insured coverage. Look for form number CA 20 48 or language like ""certificate holder is additional insured"" or ""per written contract"".",matchOnce,must be present,,,non_compliant,Lender 7,,,false,0,,2026-08-16
QTS Data Centers,6a7ca6d0f08d6e4a3cf1fae0,69f0f3c5beb6279e947be0ee,"HITT Contracting, Inc.",6a552d3a323f725a17ff1371,"ATL2DC6 - QTS Fayetteville II DC6, LLC",evidenceOfInsurance,Evidence of Insurance,automobileLiability,Automobile Liability,evidenceOfInsuranceAutomobileLiabilityWaiverOfSubrogationEndorsement,Waiver of Subrogation,"---prompt---
Determine if the insurer has waived their right of subrogation in favor of the certificate holder under the Automobile Liability policy. Evidence may include: a checked ""Waiver of Subrogation"" box on the certificate, mention in the Description of Operations section stating ""waiver of subrogation applies"", or reference to form CA 04 44. Look for language like ""subrogation is waived"" or ""per written contract"".",matchOnce,must be present,,,non_compliant,Lender 7,,,false,0,,2026-08-16
QTS Data Centers,6a7ca6d0f08d6e4a3cf1fae0,69f0f3c5beb6279e947be0ee,"HITT Contracting, Inc.",6a552d3a323f725a17ff1371,"ATL2DC6 - QTS Fayetteville II DC6, LLC",evidenceOfInsurance,Evidence of Insurance,automobileLiability,Automobile Liability,9fe4fc34-7382-50a4-94e6-f4d5e73ef6c8,Physical 30 Days Notice of Cancellation - 10 Days Notice for Non Payment Endorsement must be present,,matchOnce,must be present,,,non_compliant,Lender 7,,,true,0,,2026-08-16
QTS Data Centers,6a7ca6d0f08d6e4a3cf1fae0,69f0f3c5beb6279e947be0ee,"HITT Contracting, Inc.",6a552d3a323f725a17ff1371,"ATL2DC6 - QTS Fayetteville II DC6, LLC",evidenceOfInsurance,Evidence of Insurance,excessOrUmbrellaLiability,Umbrella/Excess Liability,evidenceOfInsuranceExcessOrUmbrellaLiabilityOccurence,Coverage Trigger: Occurrence,,matchOnce,must be present,,,non_compliant,Lender 7,,,false,0,,2026-08-16
QTS Data Centers,6a7ca6d0f08d6e4a3cf1fae0,69f0f3c5beb6279e947be0ee,"HITT Contracting, Inc.",6a552d3a323f725a17ff1371,"ATL2DC6 - QTS Fayetteville II DC6, LLC",evidenceOfInsurance,Evidence of Insurance,excessOrUmbrellaLiability,Umbrella/Excess Liability,evidenceOfInsuranceExcessOrUmbrellaLiabilityEachOccurrence,Each Occurrence,,matchOnce,must be greater or equal to,25000000,,non_compliant,Lender 7,,,false,0,,2026-08-16
QTS Data Centers,6a7ca6d0f08d6e4a3cf1fae0,69f0f3c5beb6279e947be0ee,"HITT Contracting, Inc.",6a552d3a323f725a17ff1371,"ATL2DC6 - QTS Fayetteville II DC6, LLC",evidenceOfInsurance,Evidence of Insurance,excessOrUmbrellaLiability,Umbrella/Excess Liability,evidenceOfInsuranceExcessOrUmbrellaLiabilityAdditionalInsuredEndorsement,Additional Insured,"---prompt---
Determine if the certificate holder is covered as an additional insured under the Umbrella/Excess Liability policy. Evidence may include: a checked ""Additional Insured"" box on the certificate for the umbrella section, mention in the Description of Operations section, reference to ""follow form"" status (which would extend underlying additional insured status), or explicit language naming the certificate holder as additional insured on the umbrella.",matchOnce,must be present,,,non_compliant,Lender 7,,,false,0,,2026-08-16
QTS Data Centers,6a7ca6d0f08d6e4a3cf1fae0,69f0f3c5beb6279e947be0ee,"HITT Contracting, Inc.",6a552d3a323f725a17ff1371,"ATL2DC6 - QTS Fayetteville II DC6, LLC",evidenceOfInsurance,Evidence of Insurance,excessOrUmbrellaLiability,Umbrella/Excess Liability,evidenceOfInsuranceExcessOrUmbrellaLiabilityWaiverOfSubrogationEndorsement,Waiver of Subrogation,"---prompt---
Determine if the insurer has waived their right of subrogation in favor of the certificate holder under the Umbrella/Excess Liability policy. Evidence may include: a checked ""Waiver of Subrogation"" box on the certificate, mention in the Description of Operations section stating ""waiver of subrogation applies"", or reference to ""follow form"" status (which would extend underlying waiver). Look for language like ""subrogation is waived"" or ""per written contract"".",matchOnce,must be present,,,non_compliant,Lender 7,,,false,0,,2026-08-16
QTS Data Centers,6a7ca6d0f08d6e4a3cf1fae0,69f0f3c5beb6279e947be0ee,"HITT Contracting, Inc.",6a552d3a323f725a17ff1371,"ATL2DC6 - QTS Fayetteville II DC6, LLC",evidenceOfInsurance,Evidence of Insurance,workersCompensation,Workers' Compensation and Employer's Liability,evidenceOfInsuranceWorkersCompensationStatutoryLimits,Statutory Limits,,matchOnce,must be present,,,non_compliant,Lender 7,,,false,0,,2026-08-16
QTS Data Centers,6a7ca6d0f08d6e4a3cf1fae0,69f0f3c5beb6279e947be0ee,"HITT Contracting, Inc.",6a552d3a323f725a17ff1371,"ATL2DC6 - QTS Fayetteville II DC6, LLC",evidenceOfInsurance,Evidence of Insurance,workersCompensation,Workers' Compensation and Employer's Liability,evidenceOfInsuranceWorkersCompensationEmployersLiabilityDiseaseEachEmployee,Employer's Liability Disease - each employee,,matchOnce,must be greater or equal to,1000000,,non_compliant,Lender 7,,,false,0,,2026-08-16
QTS Data Centers,6a7ca6d0f08d6e4a3cf1fae0,69f0f3c5beb6279e947be0ee,"HITT Contracting, Inc.",6a552d3a323f725a17ff1371,"ATL2DC6 - QTS Fayetteville II DC6, LLC",evidenceOfInsurance,Evidence of Insurance,workersCompensation,Workers' Compensation and Employer's Liability,evidenceOfInsuranceWorkersCompensationEmployersLiabilityDiseasePolicyLimit,Employer's Liability Disease - policy limit,,matchOnce,must be greater or equal to,1000000,,non_compliant,Lender 7,,,false,0,,2026-08-16
QTS Data Centers,6a7ca6d0f08d6e4a3cf1fae0,69f0f3c5beb6279e947be0ee,"HITT Contracting, Inc.",6a552d3a323f725a17ff1371,"ATL2DC6 - QTS Fayetteville II DC6, LLC",evidenceOfInsurance,Evidence of Insurance,workersCompensation,Workers' Compensation and Employer's Liability,evidenceOfInsuranceWorkersCompensationEmployersLiabilityEachAccident,Employer's Liability Each Accident,,matchOnce,must be greater or equal to,1000000,,non_compliant,Lender 7,,,false,0,,2026-08-16
QTS Data Centers,6a7ca6d0f08d6e4a3cf1fae0,69f0f3c5beb6279e947be0ee,"HITT Contracting, Inc.",6a552d3a323f725a17ff1371,"ATL2DC6 - QTS Fayetteville II DC6, LLC",evidenceOfInsurance,Evidence of Insurance,workersCompensation,Workers' Compensation and Employer's Liability,evidenceOfInsuranceWorkersCompensationWaiverOfSubrogationEndorsement,Waiver of Subrogation,"---prompt---
Determine if the insurer has waived their right of subrogation in favor of the certificate holder under the Workers' Compensation policy. Evidence may include: a checked ""Waiver of Subrogation"" box on the certificate, mention in the Description of Operations section stating ""waiver of subrogation applies"", or reference to form WC 00 03 13. Look for language like ""subrogation is waived"" or ""per written contract"".",matchOnce,must be present,,,non_compliant,Lender 7,,,false,0,,2026-08-16
QTS Data Centers,6a7ca6d0f08d6e4a3cf1fae0,69f0f3c5beb6279e947be0ee,"HITT Contracting, Inc.",6a552d3a323f725a17ff1371,"ATL2DC6 - QTS Fayetteville II DC6, LLC",evidenceOfInsurance,Evidence of Insurance,workersCompensation,Workers' Compensation and Employer's Liability,488888b7-2012-5a08-bd6e-faaad3b6143d,Physical 30 Days Notice of Cancellation - 10 Days Notice for Non Payment Endorsement must be present,,matchOnce,must be present,,,non_compliant,Lender 7,,,true,0,,2026-08-16
QTS Data Centers,6a7ca6d0f08d6e4a3cf1fae0,69f0f3c5beb6279e947be0ee,"HITT Contracting, Inc.",6a552d3a323f725a17ff1371,"ATL2DC6 - QTS Fayetteville II DC6, LLC",evidenceOfInsurance,Evidence of Insurance,6ac20aae-5728-5d57-b364-aeba38527dba,Additional Requirements,8d7b12d5-c6dc-5efe-8cbd-acd9adedde5b,"Description of Operations must read: ATL2-DC6 Campus, located at 167 Tyrone Road, Bldg 600, Fayetteville, GA 30214",,matchOnce,must be present,,,non_compliant,Lender 7,,,true,0,,2026-08-16
QTS Data Centers,6a7ca6d0f08d6e4a3cf1fae0,69f0f3c5beb6279e947be0ee,"HITT Contracting, Inc.",6a552d3a323f725a17ff1371,"ATL2DC6 - QTS Fayetteville II DC6, LLC",evidenceOfInsurance,Evidence of Insurance,6ac20aae-5728-5d57-b364-aeba38527dba,Additional Requirements,25da7a11-b805-5d7d-8deb-65519e743757,"Description of Operations must read: Goldman Sachs Bank USA, as Collateral Agent, Wilmington Trust, National Association, as Indenture Trustee, QTS Fayetteville II DC6, LLC, its successors and assigns for the benefit of the Secured Parties under the term loans, is listed as a certificate holder, an additional insured and a loss payee, as applicable. Waiver of Subrogation in favor of Additional Insureds.",,matchOnce,must be present,,,non_compliant,Lender 7,,,true,0,,2026-08-16
QTS Data Centers,6a7ca6d0f08d6e4a3cf1fae0,69f0f3c5beb6279e947be0ee,"HITT Contracting, Inc.",6a552d3a323f725a17ff1371,"ATL2DC6 - QTS Fayetteville II DC6, LLC",evidenceOfInsurance,Evidence of Insurance,6ac20aae-5728-5d57-b364-aeba38527dba,Additional Requirements,24a2347c-ab39-5dea-a6af-ad750440dde1,"Description of Operations must read: Commercial General Liability shall not include the following endorsements/exclusions or equivalent:

1. CG 2149 or CG 2155 o CG 2198 (Absolute Pollution Exclusion)
2. CG 2294 or CG 2295 (Damage to Work Performed by Contractors Exclusion)
3. CG 2139 (Contractual Limitation Endorsement)
4. CG 2196 (Silica or Silica Dust Exclusion), unless otherwise covered under an applicable pollution policy.
5. CG 2142 (Explosion, Collapse or Underground Exclusion)",,matchOnce,must be present,,,non_compliant,Lender 7,,,true,0,,2026-08-16
QTS Data Centers,6a7ca6d0f08d6e4a3cf1fae0,69f0f3c5beb6279e947be0ee,"HITT Contracting, Inc.",6a552d3a323f725a17ff1371,"ATL2DC6 - QTS Fayetteville II DC6, LLC",evidenceOfInsurance,Evidence of Insurance,6ac20aae-5728-5d57-b364-aeba38527dba,Additional Requirements,71685e25-c6d0-5692-aaaf-30f59a2f9a83,"Description of Operations must read: Workers Compensation shall include ""all states"" coverage",,matchOnce,must be present,,,non_compliant,Lender 7,,,true,0,,2026-08-16
QTS Data Centers,6a7ca6d0f08d6e4a3cf1fae0,69f0f3c5beb6279e947be0ee,"HITT Contracting, Inc.",6a552d3a323f725a17ff1371,"ATL2DC6 - QTS Fayetteville II DC6, LLC",evidenceOfInsurance,Evidence of Insurance,6ac20aae-5728-5d57-b364-aeba38527dba,Additional Requirements,655cb50e-155d-5f8c-af5e-e7386263aa58,"Certificate Holder must read as: Goldman Sachs Bank USA c/o QTS Fayetteville II DC6, LLC, 200 West Street, New York, NY 10282",,matchOnce,must be present,,,non_compliant,Lender 7,,,true,0,,2026-08-16
QTS Data Centers,6a15b733bd30da3db41030c7,69f0f3c5beb6279e947be102,Rogers-O-Brien Construction Company Ltd.,69f10c28beb6279e947be4ca,"DFW1DC5 - QTS Irving DC5, LLC",evidenceOfInsurance,Evidence of Insurance,commercialGeneralLiability,Commercial General Liability,evidenceOfInsuranceCommercialGeneralLiabilityAMBestRating,AM Best Rating,,matchOnce,must be greater or equal to,140,140,compliant,Standard 10 - UMB 25M,,,false,2,,2026-08-16
QTS Data Centers,6a15b733bd30da3db41030c7,69f0f3c5beb6279e947be102,Rogers-O-Brien Construction Company Ltd.,69f10c28beb6279e947be4ca,"DFW1DC5 - QTS Irving DC5, LLC",evidenceOfInsurance,Evidence of Insurance,commercialGeneralLiability,Commercial General Liability,evidenceOfInsuranceCommercialGeneralLiabilityAMBestFinancialStrength,AM Best Financial Strength,,matchOnce,must be greater or equal to,90,90,compliant,Standard 10 - UMB 25M,,,false,2,,2026-08-16
QTS Data Centers,6a15b733bd30da3db41030c7,69f0f3c5beb6279e947be102,Rogers-O-Brien Construction Company Ltd.,69f10c28beb6279e947be4ca,"DFW1DC5 - QTS Irving DC5, LLC",evidenceOfInsurance,Evidence of Insurance,commercialGeneralLiability,Commercial General Liability,evidenceOfInsuranceCommercialGeneralLiabilityCoverageTriggerOccurrence,Coverage Trigger: Occurrence,,matchOnce,must be present,,Present,compliant,Standard 10 - UMB 25M,,,false,2,,2026-08-16
QTS Data Centers,6a15b733bd30da3db41030c7,69f0f3c5beb6279e947be102,Rogers-O-Brien Construction Company Ltd.,69f10c28beb6279e947be4ca,"DFW1DC5 - QTS Irving DC5, LLC",evidenceOfInsurance,Evidence of Insurance,commercialGeneralLiability,Commercial General Liability,evidenceOfInsuranceCommercialGeneralLiabilityGeneralAggregateLimitAppliesPerProject,General Aggregate Limit Applies per: Project,,matchOnce,must be present,,Present,compliant,Standard 10 - UMB 25M,,,false,2,,2026-08-16
QTS Data Centers,6a15b733bd30da3db41030c7,69f0f3c5beb6279e947be102,Rogers-O-Brien Construction Company Ltd.,69f10c28beb6279e947be4ca,"DFW1DC5 - QTS Irving DC5, LLC",evidenceOfInsurance,Evidence of Insurance,commercialGeneralLiability,Commercial General Liability,evidenceOfInsuranceCommercialGeneralLiabilityEachOccurrence,Each Occurrence,,matchOnce,must be greater or equal to,2000000,10000000,compliant,Standard 10 - UMB 25M,,,false,2,,2026-08-16
QTS Data Centers,6a15b733bd30da3db41030c7,69f0f3c5beb6279e947be102,Rogers-O-Brien Construction Company Ltd.,69f10c28beb6279e947be4ca,"DFW1DC5 - QTS Irving DC5, LLC",evidenceOfInsurance,Evidence of Insurance,commercialGeneralLiability,Commercial General Liability,evidenceOfInsuranceCommercialGeneralLiabilityGeneralAggregate,General Aggregate,,matchOnce,must be greater or equal to,5000000,10000000,compliant,Standard 10 - UMB 25M,,,false,2,,2026-08-16
QTS Data Centers,6a15b733bd30da3db41030c7,69f0f3c5beb6279e947be102,Rogers-O-Brien Construction Company Ltd.,69f10c28beb6279e947be4ca,"DFW1DC5 - QTS Irving DC5, LLC",evidenceOfInsurance,Evidence of Insurance,commercialGeneralLiability,Commercial General Liability,evidenceOfInsuranceCommercialGeneralLiabilityProducsCompletedOperationsAggregate,Products/Completed Operations Aggregate,,matchOnce,must be greater or equal to,5000000,10000000,compliant,Standard 10 - UMB 25M,,,false,2,,2026-08-16
QTS Data Centers,6a15b733bd30da3db41030c7,69f0f3c5beb6279e947be102,Rogers-O-Brien Construction Company Ltd.,69f10c28beb6279e947be4ca,"DFW1DC5 - QTS Irving DC5, LLC",evidenceOfInsurance,Evidence of Insurance,commercialGeneralLiability,Commercial General Liability,evidenceOfInsuranceCommercialGeneralLiabilityAdditionalInsuredEndorsementOngoingOps,Additional Insured - Ongoing Operations,"---prompt---
Verify that additional insured coverage specifically includes ongoing operations. Look in the Description of Operations section for language like ""additional insured for ongoing operations"", ""CG 20 10"", ""CG 20 37"", or ""operations performed by or on behalf of the named insured"". The coverage should explicitly reference ongoing work, not just completed operations.",matchOnce,must be present,,Present,compliant,Standard 10 - UMB 25M,,,false,2,,2026-08-16
QTS Data Centers,6a15b733bd30da3db41030c7,69f0f3c5beb6279e947be102,Rogers-O-Brien Construction Company Ltd.,69f10c28beb6279e947be4ca,"DFW1DC5 - QTS Irving DC5, LLC",evidenceOfInsurance,Evidence of Insurance,commercialGeneralLiability,Commercial General Liability,evidenceOfInsuranceCommercialGeneralLiabilityAdditionalInsuredEndorsementCompletedOps,Additional Insured - Completed Operations,"---prompt---
Verify that additional insured coverage specifically includes completed operations. Look in the Description of Operations section for language like ""additional insured for completed operations"", ""CG 20 37"", ""products-completed operations"", or similar. This coverage protects the certificate holder for claims arising after work is finished.",matchOnce,must be present,,Present,compliant,Standard 10 - UMB 25M,,,false,2,,2026-08-16
QTS Data Centers,6a15b733bd30da3db41030c7,69f0f3c5beb6279e947be102,Rogers-O-Brien Construction Company Ltd.,69f10c28beb6279e947be4ca,"DFW1DC5 - QTS Irving DC5, LLC",evidenceOfInsurance,Evidence of Insurance,commercialGeneralLiability,Commercial General Liability,evidenceOfInsuranceCommercialGeneralLiabilityWaiverOfSubrogationEndorsement,Waiver of Subrogation,"---prompt---
Determine if the insurer has waived their right of subrogation in favor of the certificate holder under the Commercial General Liability policy. Evidence may include: a checked ""Waiver of Subrogation"" box on the certificate, mention in the Description of Operations section stating ""waiver of subrogation applies"", or reference to form CG 24 04. Look for language like ""subrogation is waived"" or ""per written contract"".",matchOnce,must be present,,Present,compliant,Standard 10 - UMB 25M,,,false,3,,2026-08-16
QTS Data Centers,6a15b733bd30da3db41030c7,69f0f3c5beb6279e947be102,Rogers-O-Brien Construction Company Ltd.,69f10c28beb6279e947be4ca,"DFW1DC5 - QTS Irving DC5, LLC",evidenceOfInsurance,Evidence of Insurance,commercialGeneralLiability,Commercial General Liability,evidenceOfInsuranceCommercialGeneralLiabilityPrimaryAndNonContributoryEndorsement,Primary and Non-Contributory,"---prompt---
Determine if the Commercial General Liability policy provides primary and non-contributory coverage for the certificate holder. Evidence may include: a checked ""Primary"" box on the certificate, mention in the Description of Operations section stating ""primary and non-contributory"", or reference to endorsement CG 20 01. Look for language indicating this policy will pay first before other applicable insurance and will not seek contribution.",matchOnce,must be present,,Present,compliant,Standard 10 - UMB 25M,,,false,3,,2026-08-16
QTS Data Centers,6a15b733bd30da3db41030c7,69f0f3c5beb6279e947be102,Rogers-O-Brien Construction Company Ltd.,69f10c28beb6279e947be4ca,"DFW1DC5 - QTS Irving DC5, LLC",evidenceOfInsurance,Evidence of Insurance,commercialGeneralLiability,Commercial General Liability,9c28ed56-e307-5cf9-88e9-0ada1f283104,Physical 30 Days Notice of Cancellation - 10 Days Notice for Non Payment Endorsement must be present,,matchOnce,must be present,,Present,compliant,Standard 10 - UMB 25M,,,true,1,,2026-08-16
QTS Data Centers,6a15b733bd30da3db41030c7,69f0f3c5beb6279e947be102,Rogers-O-Brien Construction Company Ltd.,69f10c28beb6279e947be4ca,"DFW1DC5 - QTS Irving DC5, LLC",evidenceOfInsurance,Evidence of Insurance,automobileLiability,Automobile Liability,evidenceOfInsuranceAutomobileLiabilityCombinedSingleLimitEachAccident,Combined Single Limit (each accident),,matchOnce,must be greater or equal to,1000000,5000000,compliant,Standard 10 - UMB 25M,,,false,2,,2026-08-16
QTS Data Centers,6a15b733bd30da3db41030c7,69f0f3c5beb6279e947be102,Rogers-O-Brien Construction Company Ltd.,69f10c28beb6279e947be4ca,"DFW1DC5 - QTS Irving DC5, LLC",evidenceOfInsurance,Evidence of Insurance,automobileLiability,Automobile Liability,evidenceOfInsuranceAutomobileLiabilityCoverageAppliesToOwnedAutosOnly,Coverage Applies To: Owned Autos Only,,matchOnce,must be present,,Present,compliant,Standard 10 - UMB 25M,,,false,2,,2026-08-16
QTS Data Centers,6a15b733bd30da3db41030c7,69f0f3c5beb6279e947be102,Rogers-O-Brien Construction Company Ltd.,69f10c28beb6279e947be4ca,"DFW1DC5 - QTS Irving DC5, LLC",evidenceOfInsurance,Evidence of Insurance,automobileLiability,Automobile Liability,evidenceOfInsuranceAutomobileLiabilityCoverageAppliesToNonOwnedAutosOnly,Coverage Applies To: Non-Owned Autos Only,,matchOnce,must be present,,Present,compliant,Standard 10 - UMB 25M,,,false,2,,2026-08-16
QTS Data Centers,6a15b733bd30da3db41030c7,69f0f3c5beb6279e947be102,Rogers-O-Brien Construction Company Ltd.,69f10c28beb6279e947be4ca,"DFW1DC5 - QTS Irving DC5, LLC",evidenceOfInsurance,Evidence of Insurance,automobileLiability,Automobile Liability,evidenceOfInsuranceAutomobileLiabilityCoverageAppliesToHiredAutosOnly,Coverage Applies To: Hired Autos Only,,matchOnce,must be present,,Present,compliant,Standard 10 - UMB 25M,,,false,2,,2026-08-16
QTS Data Centers,6a15b733bd30da3db41030c7,69f0f3c5beb6279e947be102,Rogers-O-Brien Construction Company Ltd.,69f10c28beb6279e947be4ca,"DFW1DC5 - QTS Irving DC5, LLC",evidenceOfInsurance,Evidence of Insurance,automobileLiability,Automobile Liability,evidenceOfInsuranceAutomobileLiabilityAdditionalInsuredEndorsement,Additional Insured,"---prompt---
Determine if the certificate holder is covered as an additional insured under the Automobile Liability policy. Evidence may include: a checked ""Additional Insured"" box on the certificate for the auto section, mention in the Description of Operations section, or reference to blanket additional insured coverage. Look for form number CA 20 48 or language like ""certificate holder is additional insured"" or ""per written contract"".",matchOnce,must be present,,Present,compliant,Standard 10 - UMB 25M,,,false,2,,2026-08-16
QTS Data Centers,6a15b733bd30da3db41030c7,69f0f3c5beb6279e947be102,Rogers-O-Brien Construction Company Ltd.,69f10c28beb6279e947be4ca,"DFW1DC5 - QTS Irving DC5, LLC",evidenceOfInsurance,Evidence of Insurance,automobileLiability,Automobile Liability,evidenceOfInsuranceAutomobileLiabilityWaiverOfSubrogationEndorsement,Waiver of Subrogation,"---prompt---
Determine if the insurer has waived their right of subrogation in favor of the certificate holder under the Automobile Liability policy. Evidence may include: a checked ""Waiver of Subrogation"" box on the certificate, mention in the Description of Operations section stating ""waiver of subrogation applies"", or reference to form CA 04 44. Look for language like ""subrogation is waived"" or ""per written contract"".",matchOnce,must be present,,Present,compliant,Standard 10 - UMB 25M,,,false,2,,2026-08-16
QTS Data Centers,6a15b733bd30da3db41030c7,69f0f3c5beb6279e947be102,Rogers-O-Brien Construction Company Ltd.,69f10c28beb6279e947be4ca,"DFW1DC5 - QTS Irving DC5, LLC",evidenceOfInsurance,Evidence of Insurance,automobileLiability,Automobile Liability,evidenceOfInsuranceAutomobileLiabilityPrimaryAndNonContributoryEndorsement,Primary and Non-Contributory,"---prompt---
Determine if the Automobile Liability policy provides primary and non-contributory coverage for the certificate holder. Evidence may include: a checked ""Primary"" box on the certificate, mention in the Description of Operations section stating ""primary and non-contributory"". Look for language indicating this policy will pay first before other applicable insurance and will not seek contribution.",matchOnce,must be present,,Present,compliant,Standard 10 - UMB 25M,,,false,2,,2026-08-16
QTS Data Centers,6a15b733bd30da3db41030c7,69f0f3c5beb6279e947be102,Rogers-O-Brien Construction Company Ltd.,69f10c28beb6279e947be4ca,"DFW1DC5 - QTS Irving DC5, LLC",evidenceOfInsurance,Evidence of Insurance,automobileLiability,Automobile Liability,0e6f6daa-effc-5c25-af03-4f7e657ae801,Physical MCS-90 Endorsement must be present,,matchOnce,must be present,,Present,compliant,Standard 10 - UMB 25M,,,true,1,,2026-08-16
QTS Data Centers,6a15b733bd30da3db41030c7,69f0f3c5beb6279e947be102,Rogers-O-Brien Construction Company Ltd.,69f10c28beb6279e947be4ca,"DFW1DC5 - QTS Irving DC5, LLC",evidenceOfInsurance,Evidence of Insurance,excessOrUmbrellaLiability,Umbrella/Excess Liability,evidenceOfInsuranceExcessOrUmbrellaLiabilityOccurence,Coverage Trigger: Occurrence,,matchOnce,must be present,,Present,compliant,Standard 10 - UMB 25M,,,false,2,,2026-08-16
QTS Data Centers,6a15b733bd30da3db41030c7,69f0f3c5beb6279e947be102,Rogers-O-Brien Construction Company Ltd.,69f10c28beb6279e947be4ca,"DFW1DC5 - QTS Irving DC5, LLC",evidenceOfInsurance,Evidence of Insurance,excessOrUmbrellaLiability,Umbrella/Excess Liability,evidenceOfInsuranceExcessOrUmbrellaLiabilityEachOccurrence,Each Occurrence,,matchOnce,must be greater or equal to,25000000,25000000,compliant,Standard 10 - UMB 25M,,,false,2,,2026-08-16
QTS Data Centers,6a15b733bd30da3db41030c7,69f0f3c5beb6279e947be102,Rogers-O-Brien Construction Company Ltd.,69f10c28beb6279e947be4ca,"DFW1DC5 - QTS Irving DC5, LLC",evidenceOfInsurance,Evidence of Insurance,excessOrUmbrellaLiability,Umbrella/Excess Liability,evidenceOfInsuranceExcessOrUmbrellaLiabilityAdditionalInsuredEndorsement,Additional Insured,"---prompt---
Determine if the certificate holder is covered as an additional insured under the Umbrella/Excess Liability policy. Evidence may include: a checked ""Additional Insured"" box on the certificate for the umbrella section, mention in the Description of Operations section, reference to ""follow form"" status (which would extend underlying additional insured status), or explicit language naming the certificate holder as additional insured on the umbrella.",matchOnce,must be present,,Present,compliant,Standard 10 - UMB 25M,,,false,2,,2026-08-16
QTS Data Centers,6a15b733bd30da3db41030c7,69f0f3c5beb6279e947be102,Rogers-O-Brien Construction Company Ltd.,69f10c28beb6279e947be4ca,"DFW1DC5 - QTS Irving DC5, LLC",evidenceOfInsurance,Evidence of Insurance,excessOrUmbrellaLiability,Umbrella/Excess Liability,evidenceOfInsuranceExcessOrUmbrellaLiabilityWaiverOfSubrogationEndorsement,Waiver of Subrogation,"---prompt---
Determine if the insurer has waived their right of subrogation in favor of the certificate holder under the Umbrella/Excess Liability policy. Evidence may include: a checked ""Waiver of Subrogation"" box on the certificate, mention in the Description of Operations section stating ""waiver of subrogation applies"", or reference to ""follow form"" status (which would extend underlying waiver). Look for language like ""subrogation is waived"" or ""per written contract"".",matchOnce,must be present,,Present,compliant,Standard 10 - UMB 25M,,,false,2,,2026-08-16
QTS Data Centers,6a15b733bd30da3db41030c7,69f0f3c5beb6279e947be102,Rogers-O-Brien Construction Company Ltd.,69f10c28beb6279e947be4ca,"DFW1DC5 - QTS Irving DC5, LLC",evidenceOfInsurance,Evidence of Insurance,excessOrUmbrellaLiability,Umbrella/Excess Liability,evidenceOfInsuranceExcessOrUmbrellaLiabilityPrimaryAndNonContributoryEndorsement,Primary and Non-Contributory,"---prompt---
Determine if the Umbrella/Excess Liability policy provides primary and non-contributory coverage for the certificate holder. Evidence may include: a checked ""Primary"" box on the certificate, mention in the Description of Operations section stating ""primary and non-contributory"", or reference to ""follow form"" status (which would extend underlying primary status). Look for language indicating this policy will pay first before other applicable insurance and will not seek contribution.",matchOnce,must be present,,Present,compliant,Standard 10 - UMB 25M,,,false,2,,2026-08-16
QTS Data Centers,6a15b733bd30da3db41030c7,69f0f3c5beb6279e947be102,Rogers-O-Brien Construction Company Ltd.,69f10c28beb6279e947be4ca,"DFW1DC5 - QTS Irving DC5, LLC",evidenceOfInsurance,Evidence of Insurance,workersCompensation,Workers' Compensation and Employer's Liability,evidenceOfInsuranceWorkersCompensationStatutoryLimits,Statutory Limits,,matchOnce,must be present,,Present,compliant,Standard 10 - UMB 25M,,,false,2,,2026-08-16
QTS Data Centers,6a15b733bd30da3db41030c7,69f0f3c5beb6279e947be102,Rogers-O-Brien Construction Company Ltd.,69f10c28beb6279e947be4ca,"DFW1DC5 - QTS Irving DC5, LLC",evidenceOfInsurance,Evidence of Insurance,workersCompensation,Workers' Compensation and Employer's Liability,evidenceOfInsuranceWorkersCompensationEmployersLiabilityDiseaseEachEmployee,Employer's Liability Disease - each employee,,matchOnce,must be greater or equal to,500000,1000000,compliant,Standard 10 - UMB 25M,,,false,2,,2026-08-16
QTS Data Centers,6a15b733bd30da3db41030c7,69f0f3c5beb6279e947be102,Rogers-O-Brien Construction Company Ltd.,69f10c28beb6279e947be4ca,"DFW1DC5 - QTS Irving DC5, LLC",evidenceOfInsurance,Evidence of Insurance,workersCompensation,Workers' Compensation and Employer's Liability,evidenceOfInsuranceWorkersCompensationEmployersLiabilityDiseasePolicyLimit,Employer's Liability Disease - policy limit,,matchOnce,must be greater or equal to,500000,1000000,compliant,Standard 10 - UMB 25M,,,false,2,,2026-08-16
QTS Data Centers,6a15b733bd30da3db41030c7,69f0f3c5beb6279e947be102,Rogers-O-Brien Construction Company Ltd.,69f10c28beb6279e947be4ca,"DFW1DC5 - QTS Irving DC5, LLC",evidenceOfInsurance,Evidence of Insurance,workersCompensation,Workers' Compensation and Employer's Liability,evidenceOfInsuranceWorkersCompensationEmployersLiabilityEachAccident,Employer's Liability Each Accident,,matchOnce,must be greater or equal to,500000,1000000,compliant,Standard 10 - UMB 25M,,,false,2,,2026-08-16
QTS Data Centers,6a15b733bd30da3db41030c7,69f0f3c5beb6279e947be102,Rogers-O-Brien Construction Company Ltd.,69f10c28beb6279e947be4ca,"DFW1DC5 - QTS Irving DC5, LLC",evidenceOfInsurance,Evidence of Insurance,workersCompensation,Workers' Compensation and Employer's Liability,evidenceOfInsuranceWorkersCompensationWaiverOfSubrogationEndorsement,Waiver of Subrogation,"---prompt---
Determine if the insurer has waived their right of subrogation in favor of the certificate holder under the Workers' Compensation policy. Evidence may include: a checked ""Waiver of Subrogation"" box on the certificate, mention in the Description of Operations section stating ""waiver of subrogation applies"", or reference to form WC 00 03 13. Look for language like ""subrogation is waived"" or ""per written contract"".",matchOnce,must be present,,Present,compliant,Standard 10 - UMB 25M,,,false,3,,2026-08-16
QTS Data Centers,6a15b733bd30da3db41030c7,69f0f3c5beb6279e947be102,Rogers-O-Brien Construction Company Ltd.,69f10c28beb6279e947be4ca,"DFW1DC5 - QTS Irving DC5, LLC",evidenceOfInsurance,Evidence of Insurance,professional,Professional Liability,evidenceOfInsuranceProfessionalLimitsEachClaim,Each Claim,,matchOnce,must be greater or equal to,2000000,10000000,compliant,Standard 10 - UMB 25M,,,false,1,,2026-08-16
QTS Data Centers,6a15b733bd30da3db41030c7,69f0f3c5beb6279e947be102,Rogers-O-Brien Construction Company Ltd.,69f10c28beb6279e947be4ca,"DFW1DC5 - QTS Irving DC5, LLC",evidenceOfInsurance,Evidence of Insurance,professional,Professional Liability,d672162b-0115-567e-ac40-48cb8d46cdc0,"Professional Liability Coverage Deductible must be less than or equal to $100,000",,matchOnce,must be present,,Present,compliant,Standard 10 - UMB 25M,,,true,1,,2026-08-16
QTS Data Centers,6a15b733bd30da3db41030c7,69f0f3c5beb6279e947be102,Rogers-O-Brien Construction Company Ltd.,69f10c28beb6279e947be4ca,"DFW1DC5 - QTS Irving DC5, LLC",evidenceOfInsurance,Evidence of Insurance,6ac20aae-5728-5d57-b364-aeba38527dba,Additional Requirements,655cb50e-155d-5f8c-af5e-e7386263aa58,"Certificate Holder must read as: ""Quality Technology Services, LLC, 
Attention: Procurement Department
300 Satellite Blvd NW, Suwanee, GA 30024.""",,matchOnce,must be present,,Present,compliant,Standard 10 - UMB 25M,,,true,2,,2026-08-16
QTS Data Centers,6a15b733bd30da3db41030c7,69f0f3c5beb6279e947be102,Rogers-O-Brien Construction Company Ltd.,69f10c28beb6279e947be4ca,"DFW1DC5 - QTS Irving DC5, LLC",evidenceOfInsurance,Evidence of Insurance,6ac20aae-5728-5d57-b364-aeba38527dba,Additional Requirements,25da7a11-b805-5d7d-8deb-65519e743757,"Description of Operations must read: Quality Tech, LP, and its officers, directors, employees, parents, subsidiaries, affiliates, and related companies, successors, and permitted assigns",,matchOnce,must be present,,Present,compliant,Standard 10 - UMB 25M,,,true,1,,2026-08-16
QTS Data Centers,6a15b733bd30da3db41030c7,69f0f3c5beb6279e947be102,Rogers-O-Brien Construction Company Ltd.,69f10c28beb6279e947be4ca,"DFW1DC5 - QTS Irving DC5, LLC",evidenceOfInsurance,Evidence of Insurance,6ac20aae-5728-5d57-b364-aeba38527dba,Additional Requirements,03d7ddc3-a527-5f18-bdf6-355eb23cd9de,30-Day Notice of Cancellation must be present,,matchOnce,must be present,,Present,compliant,Standard 10 - UMB 25M,,,true,2,,2026-08-16
QTS Data Centers,6a15b733bd30da3db41030c7,69f0f3c5beb6279e947be102,Rogers-O-Brien Construction Company Ltd.,69f10c28beb6279e947be4ca,"DFW1DC5 - QTS Irving DC5, LLC",evidenceOfInsurance,Evidence of Insurance,6ac20aae-5728-5d57-b364-aeba38527dba,Additional Requirements,8d7b12d5-c6dc-5efe-8cbd-acd9adedde5b,"Description of Operations must read: DFW1-DC5 Critical Work, located at 6300 Longhorn Drive, Irving, TX 75063",,matchOnce,must be present,,Present,compliant,Standard 10 - UMB 25M,,,true,1,,2026-08-16
QTS Data Centers,6a15b733bd30da3db41030c7,69f0f3c5beb6279e947be102,Rogers-O-Brien Construction Company Ltd.,69f10c28beb6279e947be4ca,"DFW1DC5 - QTS Irving DC5, LLC",evidenceOfInsurance,Evidence of Insurance,6ac20aae-5728-5d57-b364-aeba38527dba,Additional Requirements,24a2347c-ab39-5dea-a6af-ad750440dde1,"Description of Operations must read: Commercial General Liability shall not include the following endorsements/exclusions or equivalent:

1. CG 2149 or CG 2155 o CG 2198 (Absolute Pollution Exclusion)
2. CG 2294 or CG 2295 (Damage to Work Performed by Contractors Exclusion)
3. CG 2139 (Contractual Limitation Endorsement)
4. CG 2196 (Silica or Silica Dust Exclusion), unless otherwise covered under an applicable pollution policy.
5. CG 2142 (Explosion, Collapse or Underground Exclusion)",,matchOnce,must be present,,Present,compliant,Standard 10 - UMB 25M,,,true,1,,2026-08-16
QTS Data Centers,6a15b733bd30da3db41030c7,69f0f3c5beb6279e947be102,Rogers-O-Brien Construction Company Ltd.,69f10c28beb6279e947be4ca,"DFW1DC5 - QTS Irving DC5, LLC",evidenceOfInsurance,Evidence of Insurance,6ac20aae-5728-5d57-b364-aeba38527dba,Additional Requirements,71685e25-c6d0-5692-aaaf-30f59a2f9a83,"Description of Operations must read: Workers Compensation shall include ""all states"" coverage",,matchOnce,must be present,,Present,compliant,Standard 10 - UMB 25M,,,true,1,,2026-08-16
QTS Data Centers,6a15b733bd30da3db41030c9,69f0f3c5beb6279e947be102,Rogers-O-Brien Construction Company Ltd.,69f10c28beb6279e947be4cc,"DFW2DC3 - QTS Dallas I DC3, LLC",evidenceOfInsurance,Evidence of Insurance,commercialGeneralLiability,Commercial General Liability,evidenceOfInsuranceCommercialGeneralLiabilityAMBestRating,AM Best Rating,,matchOnce,must be greater or equal to,140,140,compliant,Standard 10 - UMB 25M,,,false,4,,2026-08-16
QTS Data Centers,6a15b733bd30da3db41030c9,69f0f3c5beb6279e947be102,Rogers-O-Brien Construction Company Ltd.,69f10c28beb6279e947be4cc,"DFW2DC3 - QTS Dallas I DC3, LLC",evidenceOfInsurance,Evidence of Insurance,commercialGeneralLiability,Commercial General Liability,evidenceOfInsuranceCommercialGeneralLiabilityAMBestFinancialStrength,AM Best Financial Strength,,matchOnce,must be greater or equal to,90,90,compliant,Standard 10 - UMB 25M,,,false,4,,2026-08-16
QTS Data Centers,6a15b733bd30da3db41030c9,69f0f3c5beb6279e947be102,Rogers-O-Brien Construction Company Ltd.,69f10c28beb6279e947be4cc,"DFW2DC3 - QTS Dallas I DC3, LLC",evidenceOfInsurance,Evidence of Insurance,commercialGeneralLiability,Commercial General Liability,evidenceOfInsuranceCommercialGeneralLiabilityCoverageTriggerOccurrence,Coverage Trigger: Occurrence,,matchOnce,must be present,,Present,compliant,Standard 10 - UMB 25M,,,false,4,,2026-08-16
QTS Data Centers,6a15b733bd30da3db41030c9,69f0f3c5beb6279e947be102,Rogers-O-Brien Construction Company Ltd.,69f10c28beb6279e947be4cc,"DFW2DC3 - QTS Dallas I DC3, LLC",evidenceOfInsurance,Evidence of Insurance,commercialGeneralLiability,Commercial General Liability,evidenceOfInsuranceCommercialGeneralLiabilityGeneralAggregateLimitAppliesPerProject,General Aggregate Limit Applies per: Project,,matchOnce,must be present,,Present,compliant,Standard 10 - UMB 25M,,,false,4,,2026-08-16
QTS Data Centers,6a15b733bd30da3db41030c9,69f0f3c5beb6279e947be102,Rogers-O-Brien Construction Company Ltd.,69f10c28beb6279e947be4cc,"DFW2DC3 - QTS Dallas I DC3, LLC",evidenceOfInsurance,Evidence of Insurance,commercialGeneralLiability,Commercial General Liability,evidenceOfInsuranceCommercialGeneralLiabilityEachOccurrence,Each Occurrence,,matchOnce,must be greater or equal to,2000000,10000000,compliant,Standard 10 - UMB 25M,,,false,4,,2026-08-16
QTS Data Centers,6a15b733bd30da3db41030c9,69f0f3c5beb6279e947be102,Rogers-O-Brien Construction Company Ltd.,69f10c28beb6279e947be4cc,"DFW2DC3 - QTS Dallas I DC3, LLC",evidenceOfInsurance,Evidence of Insurance,commercialGeneralLiability,Commercial General Liability,evidenceOfInsuranceCommercialGeneralLiabilityGeneralAggregate,General Aggregate,,matchOnce,must be greater or equal to,5000000,10000000,compliant,Standard 10 - UMB 25M,,,false,4,,2026-08-16
QTS Data Centers,6a15b733bd30da3db41030c9,69f0f3c5beb6279e947be102,Rogers-O-Brien Construction Company Ltd.,69f10c28beb6279e947be4cc,"DFW2DC3 - QTS Dallas I DC3, LLC",evidenceOfInsurance,Evidence of Insurance,commercialGeneralLiability,Commercial General Liability,evidenceOfInsuranceCommercialGeneralLiabilityProducsCompletedOperationsAggregate,Products/Completed Operations Aggregate,,matchOnce,must be greater or equal to,5000000,10000000,compliant,Standard 10 - UMB 25M,,,false,4,,2026-08-16
QTS Data Centers,6a15b733bd30da3db41030c9,69f0f3c5beb6279e947be102,Rogers-O-Brien Construction Company Ltd.,69f10c28beb6279e947be4cc,"DFW2DC3 - QTS Dallas I DC3, LLC",evidenceOfInsurance,Evidence of Insurance,commercialGeneralLiability,Commercial General Liability,evidenceOfInsuranceCommercialGeneralLiabilityAdditionalInsuredEndorsementOngoingOps,Additional Insured - Ongoing Operations,"---prompt---
Verify that additional insured coverage specifically includes ongoing operations. Look in the Description of Operations section for language like ""additional insured for ongoing operations"", ""CG 20 10"", ""CG 20 37"", or ""operations performed by or on behalf of the named insured"". The coverage should explicitly reference ongoing work, not just completed operations.",matchOnce,must be present,,Present,compliant,Standard 10 - UMB 25M,,,false,2,,2026-08-16
QTS Data Centers,6a15b733bd30da3db41030c9,69f0f3c5beb6279e947be102,Rogers-O-Brien Construction Company Ltd.,69f10c28beb6279e947be4cc,"DFW2DC3 - QTS Dallas I DC3, LLC",evidenceOfInsurance,Evidence of Insurance,commercialGeneralLiability,Commercial General Liability,evidenceOfInsuranceCommercialGeneralLiabilityAdditionalInsuredEndorsementCompletedOps,Additional Insured - Completed Operations,"---prompt---
Verify that additional insured coverage specifically includes completed operations. Look in the Description of Operations section for language like ""additional insured for completed operations"", ""CG 20 37"", ""products-completed operations"", or similar. This coverage protects the certificate holder for claims arising after work is finished.",matchOnce,must be present,,Present,compliant,Standard 10 - UMB 25M,,,false,2,,2026-08-16
QTS Data Centers,6a15b733bd30da3db41030c9,69f0f3c5beb6279e947be102,Rogers-O-Brien Construction Company Ltd.,69f10c28beb6279e947be4cc,"DFW2DC3 - QTS Dallas I DC3, LLC",evidenceOfInsurance,Evidence of Insurance,commercialGeneralLiability,Commercial General Liability,evidenceOfInsuranceCommercialGeneralLiabilityWaiverOfSubrogationEndorsement,Waiver of Subrogation,"---prompt---
Determine if the insurer has waived their right of subrogation in favor of the certificate holder under the Commercial General Liability policy. Evidence may include: a checked ""Waiver of Subrogation"" box on the certificate, mention in the Description of Operations section stating ""waiver of subrogation applies"", or reference to form CG 24 04. Look for language like ""subrogation is waived"" or ""per written contract"".",matchOnce,must be present,,Present,compliant,Standard 10 - UMB 25M,,,false,5,,2026-08-16
QTS Data Centers,6a15b733bd30da3db41030c9,69f0f3c5beb6279e947be102,Rogers-O-Brien Construction Company Ltd.,69f10c28beb6279e947be4cc,"DFW2DC3 - QTS Dallas I DC3, LLC",evidenceOfInsurance,Evidence of Insurance,commercialGeneralLiability,Commercial General Liability,evidenceOfInsuranceCommercialGeneralLiabilityPrimaryAndNonContributoryEndorsement,Primary and Non-Contributory,"---prompt---
Determine if the Commercial General Liability policy provides primary and non-contributory coverage for the certificate holder. Evidence may include: a checked ""Primary"" box on the certificate, mention in the Description of Operations section stating ""primary and non-contributory"", or reference to endorsement CG 20 01. Look for language indicating this policy will pay first before other applicable insurance and will not seek contribution.",matchOnce,must be present,,Present,compliant,Standard 10 - UMB 25M,,,false,5,,2026-08-16
QTS Data Centers,6a15b733bd30da3db41030c9,69f0f3c5beb6279e947be102,Rogers-O-Brien Construction Company Ltd.,69f10c28beb6279e947be4cc,"DFW2DC3 - QTS Dallas I DC3, LLC",evidenceOfInsurance,Evidence of Insurance,commercialGeneralLiability,Commercial General Liability,9c28ed56-e307-5cf9-88e9-0ada1f283104,Physical 30 Days Notice of Cancellation - 10 Days Notice for Non Payment Endorsement must be present,,matchOnce,must be present,,Present,compliant,Standard 10 - UMB 25M,,,true,1,,2026-08-16
QTS Data Centers,6a15b733bd30da3db41030c9,69f0f3c5beb6279e947be102,Rogers-O-Brien Construction Company Ltd.,69f10c28beb6279e947be4cc,"DFW2DC3 - QTS Dallas I DC3, LLC",evidenceOfInsurance,Evidence of Insurance,automobileLiability,Automobile Liability,evidenceOfInsuranceAutomobileLiabilityCombinedSingleLimitEachAccident,Combined Single Limit (each accident),,matchOnce,must be greater or equal to,1000000,5000000,compliant,Standard 10 - UMB 25M,,,false,4,,2026-08-16
QTS Data Centers,6a15b733bd30da3db41030c9,69f0f3c5beb6279e947be102,Rogers-O-Brien Construction Company Ltd.,69f10c28beb6279e947be4cc,"DFW2DC3 - QTS Dallas I DC3, LLC",evidenceOfInsurance,Evidence of Insurance,automobileLiability,Automobile Liability,evidenceOfInsuranceAutomobileLiabilityCoverageAppliesToOwnedAutosOnly,Coverage Applies To: Owned Autos Only,,matchOnce,must be present,,Present,compliant,Standard 10 - UMB 25M,,,false,4,,2026-08-16
QTS Data Centers,6a15b733bd30da3db41030c9,69f0f3c5beb6279e947be102,Rogers-O-Brien Construction Company Ltd.,69f10c28beb6279e947be4cc,"DFW2DC3 - QTS Dallas I DC3, LLC",evidenceOfInsurance,Evidence of Insurance,automobileLiability,Automobile Liability,evidenceOfInsuranceAutomobileLiabilityCoverageAppliesToNonOwnedAutosOnly,Coverage Applies To: Non-Owned Autos Only,,matchOnce,must be present,,Present,compliant,Standard 10 - UMB 25M,,,false,4,,2026-08-16
QTS Data Centers,6a15b733bd30da3db41030c9,69f0f3c5beb6279e947be102,Rogers-O-Brien Construction Company Ltd.,69f10c28beb6279e947be4cc,"DFW2DC3 - QTS Dallas I DC3, LLC",evidenceOfInsurance,Evidence of Insurance,automobileLiability,Automobile Liability,evidenceOfInsuranceAutomobileLiabilityCoverageAppliesToHiredAutosOnly,Coverage Applies To: Hired Autos Only,,matchOnce,must be present,,Present,compliant,Standard 10 - UMB 25M,,,false,4,,2026-08-16
QTS Data Centers,6a15b733bd30da3db41030c9,69f0f3c5beb6279e947be102,Rogers-O-Brien Construction Company Ltd.,69f10c28beb6279e947be4cc,"DFW2DC3 - QTS Dallas I DC3, LLC",evidenceOfInsurance,Evidence of Insurance,automobileLiability,Automobile Liability,evidenceOfInsuranceAutomobileLiabilityAdditionalInsuredEndorsement,Additional Insured,"---prompt---
Determine if the certificate holder is covered as an additional insured under the Automobile Liability policy. Evidence may include: a checked ""Additional Insured"" box on the certificate for the auto section, mention in the Description of Operations section, or reference to blanket additional insured coverage. Look for form number CA 20 48 or language like ""certificate holder is additional insured"" or ""per written contract"".",matchOnce,must be present,,Present,compliant,Standard 10 - UMB 25M,,,false,5,,2026-08-16
QTS Data Centers,6a15b733bd30da3db41030c9,69f0f3c5beb6279e947be102,Rogers-O-Brien Construction Company Ltd.,69f10c28beb6279e947be4cc,"DFW2DC3 - QTS Dallas I DC3, LLC",evidenceOfInsurance,Evidence of Insurance,automobileLiability,Automobile Liability,evidenceOfInsuranceAutomobileLiabilityWaiverOfSubrogationEndorsement,Waiver of Subrogation,"---prompt---
Determine if the insurer has waived their right of subrogation in favor of the certificate holder under the Automobile Liability policy. Evidence may include: a checked ""Waiver of Subrogation"" box on the certificate, mention in the Description of Operations section stating ""waiver of subrogation applies"", or reference to form CA 04 44. Look for language like ""subrogation is waived"" or ""per written contract"".",matchOnce,must be present,,Present,compliant,Standard 10 - UMB 25M,,,false,5,,2026-08-16
QTS Data Centers,6a15b733bd30da3db41030c9,69f0f3c5beb6279e947be102,Rogers-O-Brien Construction Company Ltd.,69f10c28beb6279e947be4cc,"DFW2DC3 - QTS Dallas I DC3, LLC",evidenceOfInsurance,Evidence of Insurance,automobileLiability,Automobile Liability,evidenceOfInsuranceAutomobileLiabilityPrimaryAndNonContributoryEndorsement,Primary and Non-Contributory,"---prompt---
Determine if the Automobile Liability policy provides primary and non-contributory coverage for the certificate holder. Evidence may include: a checked ""Primary"" box on the certificate, mention in the Description of Operations section stating ""primary and non-contributory"". Look for language indicating this policy will pay first before other applicable insurance and will not seek contribution.",matchOnce,must be present,,Present,compliant,Standard 10 - UMB 25M,,,false,5,,2026-08-16
QTS Data Centers,6a15b733bd30da3db41030c9,69f0f3c5beb6279e947be102,Rogers-O-Brien Construction Company Ltd.,69f10c28beb6279e947be4cc,"DFW2DC3 - QTS Dallas I DC3, LLC",evidenceOfInsurance,Evidence of Insurance,automobileLiability,Automobile Liability,0e6f6daa-effc-5c25-af03-4f7e657ae801,Physical MCS-90 Endorsement must be present,,matchOnce,must be present,,Present,compliant,Standard 10 - UMB 25M,,,true,1,,2026-08-16
QTS Data Centers,6a15b733bd30da3db41030c9,69f0f3c5beb6279e947be102,Rogers-O-Brien Construction Company Ltd.,69f10c28beb6279e947be4cc,"DFW2DC3 - QTS Dallas I DC3, LLC",evidenceOfInsurance,Evidence of Insurance,excessOrUmbrellaLiability,Umbrella/Excess Liability,evidenceOfInsuranceExcessOrUmbrellaLiabilityOccurence,Coverage Trigger: Occurrence,,matchOnce,must be present,,Present,compliant,Standard 10 - UMB 25M,,,false,4,,2026-08-16
QTS Data Centers,6a15b733bd30da3db41030c9,69f0f3c5beb6279e947be102,Rogers-O-Brien Construction Company Ltd.,69f10c28beb6279e947be4cc,"DFW2DC3 - QTS Dallas I DC3, LLC",evidenceOfInsurance,Evidence of Insurance,excessOrUmbrellaLiability,Umbrella/Excess Liability,evidenceOfInsuranceExcessOrUmbrellaLiabilityEachOccurrence,Each Occurrence,,matchOnce,must be greater or equal to,25000000,50000000,compliant,Standard 10 - UMB 25M,,,false,4,,2026-08-16
QTS Data Centers,6a15b733bd30da3db41030c9,69f0f3c5beb6279e947be102,Rogers-O-Brien Construction Company Ltd.,69f10c28beb6279e947be4cc,"DFW2DC3 - QTS Dallas I DC3, LLC",evidenceOfInsurance,Evidence of Insurance,excessOrUmbrellaLiability,Umbrella/Excess Liability,evidenceOfInsuranceExcessOrUmbrellaLiabilityAdditionalInsuredEndorsement,Additional Insured,"---prompt---
Determine if the certificate holder is covered as an additional insured under the Umbrella/Excess Liability policy. Evidence may include: a checked ""Additional Insured"" box on the certificate for the umbrella section, mention in the Description of Operations section, reference to ""follow form"" status (which would extend underlying additional insured status), or explicit language naming the certificate holder as additional insured on the umbrella.",matchOnce,must be present,,Present,compliant,Standard 10 - UMB 25M,,,false,3,,2026-08-16
QTS Data Centers,6a15b733bd30da3db41030c9,69f0f3c5beb6279e947be102,Rogers-O-Brien Construction Company Ltd.,69f10c28beb6279e947be4cc,"DFW2DC3 - QTS Dallas I DC3, LLC",evidenceOfInsurance,Evidence of Insurance,excessOrUmbrellaLiability,Umbrella/Excess Liability,evidenceOfInsuranceExcessOrUmbrellaLiabilityWaiverOfSubrogationEndorsement,Waiver of Subrogation,"---prompt---
Determine if the insurer has waived their right of subrogation in favor of the certificate holder under the Umbrella/Excess Liability policy. Evidence may include: a checked ""Waiver of Subrogation"" box on the certificate, mention in the Description of Operations section stating ""waiver of subrogation applies"", or reference to ""follow form"" status (which would extend underlying waiver). Look for language like ""subrogation is waived"" or ""per written contract"".",matchOnce,must be present,,Present,compliant,Standard 10 - UMB 25M,,,false,2,,2026-08-16
QTS Data Centers,6a15b733bd30da3db41030c9,69f0f3c5beb6279e947be102,Rogers-O-Brien Construction Company Ltd.,69f10c28beb6279e947be4cc,"DFW2DC3 - QTS Dallas I DC3, LLC",evidenceOfInsurance,Evidence of Insurance,excessOrUmbrellaLiability,Umbrella/Excess Liability,evidenceOfInsuranceExcessOrUmbrellaLiabilityPrimaryAndNonContributoryEndorsement,Primary and Non-Contributory,"---prompt---
Determine if the Umbrella/Excess Liability policy provides primary and non-contributory coverage for the certificate holder. Evidence may include: a checked ""Primary"" box on the certificate, mention in the Description of Operations section stating ""primary and non-contributory"", or reference to ""follow form"" status (which would extend underlying primary status). Look for language indicating this policy will pay first before other applicable insurance and will not seek contribution.",matchOnce,must be present,,Present,compliant,Standard 10 - UMB 25M,,,false,2,,2026-08-16
QTS Data Centers,6a15b733bd30da3db41030c9,69f0f3c5beb6279e947be102,Rogers-O-Brien Construction Company Ltd.,69f10c28beb6279e947be4cc,"DFW2DC3 - QTS Dallas I DC3, LLC",evidenceOfInsurance,Evidence of Insurance,workersCompensation,Workers' Compensation and Employer's Liability,evidenceOfInsuranceWorkersCompensationStatutoryLimits,Statutory Limits,,matchOnce,must be present,,Present,compliant,Standard 10 - UMB 25M,,,false,4,,2026-08-16
QTS Data Centers,6a15b733bd30da3db41030c9,69f0f3c5beb6279e947be102,Rogers-O-Brien Construction Company Ltd.,69f10c28beb6279e947be4cc,"DFW2DC3 - QTS Dallas I DC3, LLC",evidenceOfInsurance,Evidence of Insurance,workersCompensation,Workers' Compensation and Employer's Liability,evidenceOfInsuranceWorkersCompensationEmployersLiabilityDiseaseEachEmployee,Employer's Liability Disease - each employee,,matchOnce,must be greater or equal to,500000,1000000,compliant,Standard 10 - UMB 25M,,,false,4,,2026-08-16
QTS Data Centers,6a15b733bd30da3db41030c9,69f0f3c5beb6279e947be102,Rogers-O-Brien Construction Company Ltd.,69f10c28beb6279e947be4cc,"DFW2DC3 - QTS Dallas I DC3, LLC",evidenceOfInsurance,Evidence of Insurance,workersCompensation,Workers' Compensation and Employer's Liability,evidenceOfInsuranceWorkersCompensationEmployersLiabilityDiseasePolicyLimit,Employer's Liability Disease - policy limit,,matchOnce,must be greater or equal to,500000,1000000,compliant,Standard 10 - UMB 25M,,,false,4,,2026-08-16
QTS Data Centers,6a15b733bd30da3db41030c9,69f0f3c5beb6279e947be102,Rogers-O-Brien Construction Company Ltd.,69f10c28beb6279e947be4cc,"DFW2DC3 - QTS Dallas I DC3, LLC",evidenceOfInsurance,Evidence of Insurance,workersCompensation,Workers' Compensation and Employer's Liability,evidenceOfInsuranceWorkersCompensationEmployersLiabilityEachAccident,Employer's Liability Each Accident,,matchOnce,must be greater or equal to,500000,1000000,compliant,Standard 10 - UMB 25M,,,false,4,,2026-08-16
QTS Data Centers,6a15b733bd30da3db41030c9,69f0f3c5beb6279e947be102,Rogers-O-Brien Construction Company Ltd.,69f10c28beb6279e947be4cc,"DFW2DC3 - QTS Dallas I DC3, LLC",evidenceOfInsurance,Evidence of Insurance,workersCompensation,Workers' Compensation and Employer's Liability,evidenceOfInsuranceWorkersCompensationWaiverOfSubrogationEndorsement,Waiver of Subrogation,"---prompt---
Determine if the insurer has waived their right of subrogation in favor of the certificate holder under the Workers' Compensation policy. Evidence may include: a checked ""Waiver of Subrogation"" box on the certificate, mention in the Description of Operations section stating ""waiver of subrogation applies"", or reference to form WC 00 03 13. Look for language like ""subrogation is waived"" or ""per written contract"".",matchOnce,must be present,,Present,compliant,Standard 10 - UMB 25M,,,false,5,,2026-08-16
QTS Data Centers,6a15b733bd30da3db41030c9,69f0f3c5beb6279e947be102,Rogers-O-Brien Construction Company Ltd.,69f10c28beb6279e947be4cc,"DFW2DC3 - QTS Dallas I DC3, LLC",evidenceOfInsurance,Evidence of Insurance,professional,Professional Liability,evidenceOfInsuranceProfessionalLimitsEachClaim,Each Claim,,matchOnce,must be greater or equal to,2000000,10000000,compliant,Standard 10 - UMB 25M,,,false,2,,2026-08-16
QTS Data Centers,6a15b733bd30da3db41030c9,69f0f3c5beb6279e947be102,Rogers-O-Brien Construction Company Ltd.,69f10c28beb6279e947be4cc,"DFW2DC3 - QTS Dallas I DC3, LLC",evidenceOfInsurance,Evidence of Insurance,professional,Professional Liability,d672162b-0115-567e-ac40-48cb8d46cdc0,"Professional Liability Coverage Deductible must be less than or equal to $100,000",,matchOnce,must be present,,Present,compliant,Standard 10 - UMB 25M,,,true,1,,2026-08-16
QTS Data Centers,6a15b733bd30da3db41030c9,69f0f3c5beb6279e947be102,Rogers-O-Brien Construction Company Ltd.,69f10c28beb6279e947be4cc,"DFW2DC3 - QTS Dallas I DC3, LLC",evidenceOfInsurance,Evidence of Insurance,6ac20aae-5728-5d57-b364-aeba38527dba,Additional Requirements,655cb50e-155d-5f8c-af5e-e7386263aa58,"Certificate Holder must read as: ""Quality Technology Services, LLC, 
Attention: Procurement Department
300 Satellite Blvd NW, Suwanee, GA 30024.""",,matchOnce,must be present,,Present,compliant,Standard 10 - UMB 25M,,,true,2,,2026-08-16
QTS Data Centers,6a15b733bd30da3db41030c9,69f0f3c5beb6279e947be102,Rogers-O-Brien Construction Company Ltd.,69f10c28beb6279e947be4cc,"DFW2DC3 - QTS Dallas I DC3, LLC",evidenceOfInsurance,Evidence of Insurance,6ac20aae-5728-5d57-b364-aeba38527dba,Additional Requirements,25da7a11-b805-5d7d-8deb-65519e743757,"Description of Operations must read: Quality Tech, LP, and its officers, directors, employees, parents, subsidiaries, affiliates, and related companies, successors, and permitted assigns",,matchOnce,must be present,,Present,compliant,Standard 10 - UMB 25M,,,true,2,,2026-08-16
QTS Data Centers,6a15b733bd30da3db41030c9,69f0f3c5beb6279e947be102,Rogers-O-Brien Construction Company Ltd.,69f10c28beb6279e947be4cc,"DFW2DC3 - QTS Dallas I DC3, LLC",evidenceOfInsurance,Evidence of Insurance,6ac20aae-5728-5d57-b364-aeba38527dba,Additional Requirements,03d7ddc3-a527-5f18-bdf6-355eb23cd9de,30-Day Notice of Cancellation must be present,,matchOnce,must be present,,Present,compliant,Standard 10 - UMB 25M,,,true,4,,2026-08-16
QTS Data Centers,6a15b733bd30da3db41030c9,69f0f3c5beb6279e947be102,Rogers-O-Brien Construction Company Ltd.,69f10c28beb6279e947be4cc,"DFW2DC3 - QTS Dallas I DC3, LLC",evidenceOfInsurance,Evidence of Insurance,6ac20aae-5728-5d57-b364-aeba38527dba,Additional Requirements,8d7b12d5-c6dc-5efe-8cbd-acd9adedde5b,"Description of Operations must read: DFW2 Campus (DC3), located at 790 W Belt Line Road Wilmer, TX 75172",,matchOnce,must be present,,Present,compliant,Standard 10 - UMB 25M,,,true,1,,2026-08-16
QTS Data Centers,6a15b733bd30da3db41030c9,69f0f3c5beb6279e947be102,Rogers-O-Brien Construction Company Ltd.,69f10c28beb6279e947be4cc,"DFW2DC3 - QTS Dallas I DC3, LLC",evidenceOfInsurance,Evidence of Insurance,6ac20aae-5728-5d57-b364-aeba38527dba,Additional Requirements,24a2347c-ab39-5dea-a6af-ad750440dde1,"Description of Operations must read: Commercial General Liability shall not include the following endorsements/exclusions or equivalent:

1. CG 2149 or CG 2155 o CG 2198 (Absolute Pollution Exclusion)
2. CG 2294 or CG 2295 (Damage to Work Performed by Contractors Exclusion)
3. CG 2139 (Contractual Limitation Endorsement)
4. CG 2196 (Silica or Silica Dust Exclusion), unless otherwise covered under an applicable pollution policy.
5. CG 2142 (Explosion, Collapse or Underground Exclusion)",,matchOnce,must be present,,Present,compliant,Standard 10 - UMB 25M,,,true,1,,2026-08-16
QTS Data Centers,6a15b733bd30da3db41030c9,69f0f3c5beb6279e947be102,Rogers-O-Brien Construction Company Ltd.,69f10c28beb6279e947be4cc,"DFW2DC3 - QTS Dallas I DC3, LLC",evidenceOfInsurance,Evidence of Insurance,6ac20aae-5728-5d57-b364-aeba38527dba,Additional Requirements,71685e25-c6d0-5692-aaaf-30f59a2f9a83,"Description of Operations must read: Workers Compensation shall include ""all states"" coverage",,matchOnce,must be present,,Present,compliant,Standard 10 - UMB 25M,,,true,1,,2026-08-16
QTS Data Centers,6a7ca620f08d6e4a3cf1fa04,69f0f3c5beb6279e947be0ee,"HITT Contracting, Inc.",69fc9b6f2c4b2730d63db1d4,"RIC2DC5 - QTS Richmond II DC5, LLC",evidenceOfInsurance,Evidence of Insurance,commercialGeneralLiability,Commercial General Liability,evidenceOfInsuranceCommercialGeneralLiabilityAMBestRating,AM Best Rating,,matchOnce,must be greater or equal to,140,,non_compliant,Standard 7,,,false,0,,2026-08-16
QTS Data Centers,6a7ca620f08d6e4a3cf1fa04,69f0f3c5beb6279e947be0ee,"HITT Contracting, Inc.",69fc9b6f2c4b2730d63db1d4,"RIC2DC5 - QTS Richmond II DC5, LLC",evidenceOfInsurance,Evidence of Insurance,commercialGeneralLiability,Commercial General Liability,evidenceOfInsuranceCommercialGeneralLiabilityAMBestFinancialStrength,AM Best Financial Strength,,matchOnce,must be greater or equal to,100,,non_compliant,Standard 7,,,false,0,,2026-08-16
QTS Data Centers,6a7ca620f08d6e4a3cf1fa04,69f0f3c5beb6279e947be0ee,"HITT Contracting, Inc.",69fc9b6f2c4b2730d63db1d4,"RIC2DC5 - QTS Richmond II DC5, LLC",evidenceOfInsurance,Evidence of Insurance,commercialGeneralLiability,Commercial General Liability,evidenceOfInsuranceCommercialGeneralLiabilityCoverageTriggerOccurrence,Coverage Trigger: Occurrence,,matchOnce,must be present,,,non_compliant,Standard 7,,,false,0,,2026-08-16
QTS Data Centers,6a7ca620f08d6e4a3cf1fa04,69f0f3c5beb6279e947be0ee,"HITT Contracting, Inc.",69fc9b6f2c4b2730d63db1d4,"RIC2DC5 - QTS Richmond II DC5, LLC",evidenceOfInsurance,Evidence of Insurance,commercialGeneralLiability,Commercial General Liability,evidenceOfInsuranceCommercialGeneralLiabilityGeneralAggregateLimitAppliesPerProject,General Aggregate Limit Applies per: Project,,matchOnce,must be present,,,non_compliant,Standard 7,,,false,0,,2026-08-16
QTS Data Centers,6a7ca620f08d6e4a3cf1fa04,69f0f3c5beb6279e947be0ee,"HITT Contracting, Inc.",69fc9b6f2c4b2730d63db1d4,"RIC2DC5 - QTS Richmond II DC5, LLC",evidenceOfInsurance,Evidence of Insurance,commercialGeneralLiability,Commercial General Liability,evidenceOfInsuranceCommercialGeneralLiabilityEachOccurrence,Each Occurrence,,matchOnce,must be greater or equal to,2000000,,non_compliant,Standard 7,,,false,0,,2026-08-16
QTS Data Centers,6a7ca620f08d6e4a3cf1fa04,69f0f3c5beb6279e947be0ee,"HITT Contracting, Inc.",69fc9b6f2c4b2730d63db1d4,"RIC2DC5 - QTS Richmond II DC5, LLC",evidenceOfInsurance,Evidence of Insurance,commercialGeneralLiability,Commercial General Liability,evidenceOfInsuranceCommercialGeneralLiabilityGeneralAggregate,General Aggregate,,matchOnce,must be greater or equal to,5000000,,non_compliant,Standard 7,,,false,0,,2026-08-16
QTS Data Centers,6a7ca620f08d6e4a3cf1fa04,69f0f3c5beb6279e947be0ee,"HITT Contracting, Inc.",69fc9b6f2c4b2730d63db1d4,"RIC2DC5 - QTS Richmond II DC5, LLC",evidenceOfInsurance,Evidence of Insurance,commercialGeneralLiability,Commercial General Liability,evidenceOfInsuranceCommercialGeneralLiabilityProducsCompletedOperationsAggregate,Products/Completed Operations Aggregate,,matchOnce,must be greater or equal to,5000000,,non_compliant,Standard 7,,,false,0,,2026-08-16
QTS Data Centers,6a7ca620f08d6e4a3cf1fa04,69f0f3c5beb6279e947be0ee,"HITT Contracting, Inc.",69fc9b6f2c4b2730d63db1d4,"RIC2DC5 - QTS Richmond II DC5, LLC",evidenceOfInsurance,Evidence of Insurance,commercialGeneralLiability,Commercial General Liability,evidenceOfInsuranceCommercialGeneralLiabilityAdditionalInsuredEndorsementOngoingOps,Additional Insured - Ongoing Operations,"---prompt---
Verify that additional insured coverage specifically includes ongoing operations. Look in the Description of Operations section for language like ""additional insured for ongoing operations"", ""CG 20 10"", ""CG 20 37"", or ""operations performed by or on behalf of the named insured"". The coverage should explicitly reference ongoing work, not just completed operations.",matchOnce,must be present,,,non_compliant,Standard 7,,,false,0,,2026-08-16
QTS Data Centers,6a7ca620f08d6e4a3cf1fa04,69f0f3c5beb6279e947be0ee,"HITT Contracting, Inc.",69fc9b6f2c4b2730d63db1d4,"RIC2DC5 - QTS Richmond II DC5, LLC",evidenceOfInsurance,Evidence of Insurance,commercialGeneralLiability,Commercial General Liability,evidenceOfInsuranceCommercialGeneralLiabilityAdditionalInsuredEndorsementCompletedOps,Additional Insured - Completed Operations,"---prompt---
Verify that additional insured coverage specifically includes completed operations. Look in the Description of Operations section for language like ""additional insured for completed operations"", ""CG 20 37"", ""products-completed operations"", or similar. This coverage protects the certificate holder for claims arising after work is finished.",matchOnce,must be present,,,non_compliant,Standard 7,,,false,0,,2026-08-16
QTS Data Centers,6a7ca620f08d6e4a3cf1fa04,69f0f3c5beb6279e947be0ee,"HITT Contracting, Inc.",69fc9b6f2c4b2730d63db1d4,"RIC2DC5 - QTS Richmond II DC5, LLC",evidenceOfInsurance,Evidence of Insurance,commercialGeneralLiability,Commercial General Liability,evidenceOfInsuranceCommercialGeneralLiabilityWaiverOfSubrogationEndorsement,Waiver of Subrogation,"---prompt---
Determine if the insurer has waived their right of subrogation in favor of the certificate holder under the Commercial General Liability policy. Evidence may include: a checked ""Waiver of Subrogation"" box on the certificate, mention in the Description of Operations section stating ""waiver of subrogation applies"", or reference to form CG 24 04. Look for language like ""subrogation is waived"" or ""per written contract"".",matchOnce,must be present,,,non_compliant,Standard 7,,,false,0,,2026-08-16
QTS Data Centers,6a7ca620f08d6e4a3cf1fa04,69f0f3c5beb6279e947be0ee,"HITT Contracting, Inc.",69fc9b6f2c4b2730d63db1d4,"RIC2DC5 - QTS Richmond II DC5, LLC",evidenceOfInsurance,Evidence of Insurance,commercialGeneralLiability,Commercial General Liability,evidenceOfInsuranceCommercialGeneralLiabilityPrimaryAndNonContributoryEndorsement,Primary and Non-Contributory,"---prompt---
Determine if the Commercial General Liability policy provides primary and non-contributory coverage for the certificate holder. Evidence may include: a checked ""Primary"" box on the certificate, mention in the Description of Operations section stating ""primary and non-contributory"", or reference to endorsement CG 20 01. Look for language indicating this policy will pay first before other applicable insurance and will not seek contribution.",matchOnce,must be present,,,non_compliant,Standard 7,,,false,0,,2026-08-16
QTS Data Centers,6a7ca620f08d6e4a3cf1fa04,69f0f3c5beb6279e947be0ee,"HITT Contracting, Inc.",69fc9b6f2c4b2730d63db1d4,"RIC2DC5 - QTS Richmond II DC5, LLC",evidenceOfInsurance,Evidence of Insurance,commercialGeneralLiability,Commercial General Liability,9c28ed56-e307-5cf9-88e9-0ada1f283104,Physical 30 Days Notice of Cancellation - 10 Days Notice for Non Payment Endorsement must be present,,matchOnce,must be present,,,non_compliant,Standard 7,,,true,0,,2026-08-16
QTS Data Centers,6a7ca620f08d6e4a3cf1fa04,69f0f3c5beb6279e947be0ee,"HITT Contracting, Inc.",69fc9b6f2c4b2730d63db1d4,"RIC2DC5 - QTS Richmond II DC5, LLC",evidenceOfInsurance,Evidence of Insurance,automobileLiability,Automobile Liability,evidenceOfInsuranceAutomobileLiabilityCombinedSingleLimitEachAccident,Combined Single Limit (each accident),,matchOnce,must be greater or equal to,1000000,,non_compliant,Standard 7,,,false,0,,2026-08-16
QTS Data Centers,6a7ca620f08d6e4a3cf1fa04,69f0f3c5beb6279e947be0ee,"HITT Contracting, Inc.",69fc9b6f2c4b2730d63db1d4,"RIC2DC5 - QTS Richmond II DC5, LLC",evidenceOfInsurance,Evidence of Insurance,automobileLiability,Automobile Liability,evidenceOfInsuranceAutomobileLiabilityCoverageAppliesToOwnedAutosOnly,Coverage Applies To: Owned Autos Only,,matchOnce,must be present,,,non_compliant,Standard 7,,,false,0,,2026-08-16
QTS Data Centers,6a7ca620f08d6e4a3cf1fa04,69f0f3c5beb6279e947be0ee,"HITT Contracting, Inc.",69fc9b6f2c4b2730d63db1d4,"RIC2DC5 - QTS Richmond II DC5, LLC",evidenceOfInsurance,Evidence of Insurance,automobileLiability,Automobile Liability,evidenceOfInsuranceAutomobileLiabilityCoverageAppliesToNonOwnedAutosOnly,Coverage Applies To: Non-Owned Autos Only,,matchOnce,must be present,,,non_compliant,Standard 7,,,false,0,,2026-08-16
QTS Data Centers,6a7ca620f08d6e4a3cf1fa04,69f0f3c5beb6279e947be0ee,"HITT Contracting, Inc.",69fc9b6f2c4b2730d63db1d4,"RIC2DC5 - QTS Richmond II DC5, LLC",evidenceOfInsurance,Evidence of Insurance,automobileLiability,Automobile Liability,evidenceOfInsuranceAutomobileLiabilityCoverageAppliesToHiredAutosOnly,Coverage Applies To: Hired Autos Only,,matchOnce,must be present,,,non_compliant,Standard 7,,,false,0,,2026-08-16
QTS Data Centers,6a7ca620f08d6e4a3cf1fa04,69f0f3c5beb6279e947be0ee,"HITT Contracting, Inc.",69fc9b6f2c4b2730d63db1d4,"RIC2DC5 - QTS Richmond II DC5, LLC",evidenceOfInsurance,Evidence of Insurance,automobileLiability,Automobile Liability,evidenceOfInsuranceAutomobileLiabilityAdditionalInsuredEndorsement,Additional Insured,"---prompt---
Determine if the certificate holder is covered as an additional insured under the Automobile Liability policy. Evidence may include: a checked ""Additional Insured"" box on the certificate for the auto section, mention in the Description of Operations section, or reference to blanket additional insured coverage. Look for form number CA 20 48 or language like ""certificate holder is additional insured"" or ""per written contract"".",matchOnce,must be present,,,non_compliant,Standard 7,,,false,0,,2026-08-16
QTS Data Centers,6a7ca620f08d6e4a3cf1fa04,69f0f3c5beb6279e947be0ee,"HITT Contracting, Inc.",69fc9b6f2c4b2730d63db1d4,"RIC2DC5 - QTS Richmond II DC5, LLC",evidenceOfInsurance,Evidence of Insurance,automobileLiability,Automobile Liability,evidenceOfInsuranceAutomobileLiabilityWaiverOfSubrogationEndorsement,Waiver of Subrogation,"---prompt---
Determine if the insurer has waived their right of subrogation in favor of the certificate holder under the Automobile Liability policy. Evidence may include: a checked ""Waiver of Subrogation"" box on the certificate, mention in the Description of Operations section stating ""waiver of subrogation applies"", or reference to form CA 04 44. Look for language like ""subrogation is waived"" or ""per written contract"".",matchOnce,must be present,,,non_compliant,Standard 7,,,false,0,,2026-08-16
QTS Data Centers,6a7ca620f08d6e4a3cf1fa04,69f0f3c5beb6279e947be0ee,"HITT Contracting, Inc.",69fc9b6f2c4b2730d63db1d4,"RIC2DC5 - QTS Richmond II DC5, LLC",evidenceOfInsurance,Evidence of Insurance,automobileLiability,Automobile Liability,evidenceOfInsuranceAutomobileLiabilityPrimaryAndNonContributoryEndorsement,Primary and Non-Contributory,"---prompt---
Determine if the Automobile Liability policy provides primary and non-contributory coverage for the certificate holder. Evidence may include: a checked ""Primary"" box on the certificate, mention in the Description of Operations section stating ""primary and non-contributory"". Look for language indicating this policy will pay first before other applicable insurance and will not seek contribution.",matchOnce,must be present,,,non_compliant,Standard 7,,,false,0,,2026-08-16
QTS Data Centers,6a7ca620f08d6e4a3cf1fa04,69f0f3c5beb6279e947be0ee,"HITT Contracting, Inc.",69fc9b6f2c4b2730d63db1d4,"RIC2DC5 - QTS Richmond II DC5, LLC",evidenceOfInsurance,Evidence of Insurance,automobileLiability,Automobile Liability,0e6f6daa-effc-5c25-af03-4f7e657ae801,Physical MCS-90 Endorsement must be present,,matchOnce,must be present,,,non_compliant,Standard 7,,,true,0,,2026-08-16
QTS Data Centers,6a7ca620f08d6e4a3cf1fa04,69f0f3c5beb6279e947be0ee,"HITT Contracting, Inc.",69fc9b6f2c4b2730d63db1d4,"RIC2DC5 - QTS Richmond II DC5, LLC",evidenceOfInsurance,Evidence of Insurance,excessOrUmbrellaLiability,Umbrella/Excess Liability,evidenceOfInsuranceExcessOrUmbrellaLiabilityOccurence,Coverage Trigger: Occurrence,,matchOnce,must be present,,,non_compliant,Standard 7,,,false,0,,2026-08-16
QTS Data Centers,6a7ca620f08d6e4a3cf1fa04,69f0f3c5beb6279e947be0ee,"HITT Contracting, Inc.",69fc9b6f2c4b2730d63db1d4,"RIC2DC5 - QTS Richmond II DC5, LLC",evidenceOfInsurance,Evidence of Insurance,excessOrUmbrellaLiability,Umbrella/Excess Liability,evidenceOfInsuranceExcessOrUmbrellaLiabilityEachOccurrence,Each Occurrence,,matchOnce,must be greater or equal to,25000000,,non_compliant,Standard 7,,,false,0,,2026-08-16
QTS Data Centers,6a7ca620f08d6e4a3cf1fa04,69f0f3c5beb6279e947be0ee,"HITT Contracting, Inc.",69fc9b6f2c4b2730d63db1d4,"RIC2DC5 - QTS Richmond II DC5, LLC",evidenceOfInsurance,Evidence of Insurance,excessOrUmbrellaLiability,Umbrella/Excess Liability,evidenceOfInsuranceExcessOrUmbrellaLiabilityAdditionalInsuredEndorsement,Additional Insured,"---prompt---
Determine if the certificate holder is covered as an additional insured under the Umbrella/Excess Liability policy. Evidence may include: a checked ""Additional Insured"" box on the certificate for the umbrella section, mention in the Description of Operations section, reference to ""follow form"" status (which would extend underlying additional insured status), or explicit language naming the certificate holder as additional insured on the umbrella.",matchOnce,must be present,,,non_compliant,Standard 7,,,false,0,,2026-08-16
QTS Data Centers,6a7ca620f08d6e4a3cf1fa04,69f0f3c5beb6279e947be0ee,"HITT Contracting, Inc.",69fc9b6f2c4b2730d63db1d4,"RIC2DC5 - QTS Richmond II DC5, LLC",evidenceOfInsurance,Evidence of Insurance,excessOrUmbrellaLiability,Umbrella/Excess Liability,evidenceOfInsuranceExcessOrUmbrellaLiabilityWaiverOfSubrogationEndorsement,Waiver of Subrogation,"---prompt---
Determine if the insurer has waived their right of subrogation in favor of the certificate holder under the Umbrella/Excess Liability policy. Evidence may include: a checked ""Waiver of Subrogation"" box on the certificate, mention in the Description of Operations section stating ""waiver of subrogation applies"", or reference to ""follow form"" status (which would extend underlying waiver). Look for language like ""subrogation is waived"" or ""per written contract"".",matchOnce,must be present,,,non_compliant,Standard 7,,,false,0,,2026-08-16
QTS Data Centers,6a7ca620f08d6e4a3cf1fa04,69f0f3c5beb6279e947be0ee,"HITT Contracting, Inc.",69fc9b6f2c4b2730d63db1d4,"RIC2DC5 - QTS Richmond II DC5, LLC",evidenceOfInsurance,Evidence of Insurance,excessOrUmbrellaLiability,Umbrella/Excess Liability,evidenceOfInsuranceExcessOrUmbrellaLiabilityPrimaryAndNonContributoryEndorsement,Primary and Non-Contributory,"---prompt---
Determine if the Umbrella/Excess Liability policy provides primary and non-contributory coverage for the certificate holder. Evidence may include: a checked ""Primary"" box on the certificate, mention in the Description of Operations section stating ""primary and non-contributory"", or reference to ""follow form"" status (which would extend underlying primary status). Look for language indicating this policy will pay first before other applicable insurance and will not seek contribution.",matchOnce,must be present,,,non_compliant,Standard 7,,,false,0,,2026-08-16
QTS Data Centers,6a7ca620f08d6e4a3cf1fa04,69f0f3c5beb6279e947be0ee,"HITT Contracting, Inc.",69fc9b6f2c4b2730d63db1d4,"RIC2DC5 - QTS Richmond II DC5, LLC",evidenceOfInsurance,Evidence of Insurance,workersCompensation,Workers' Compensation and Employer's Liability,evidenceOfInsuranceWorkersCompensationStatutoryLimits,Statutory Limits,,matchOnce,must be present,,,non_compliant,Standard 7,,,false,0,,2026-08-16
QTS Data Centers,6a7ca620f08d6e4a3cf1fa04,69f0f3c5beb6279e947be0ee,"HITT Contracting, Inc.",69fc9b6f2c4b2730d63db1d4,"RIC2DC5 - QTS Richmond II DC5, LLC",evidenceOfInsurance,Evidence of Insurance,workersCompensation,Workers' Compensation and Employer's Liability,evidenceOfInsuranceWorkersCompensationEmployersLiabilityDiseaseEachEmployee,Employer's Liability Disease - each employee,,matchOnce,must be greater or equal to,1000000,,non_compliant,Standard 7,,,false,0,,2026-08-16
QTS Data Centers,6a7ca620f08d6e4a3cf1fa04,69f0f3c5beb6279e947be0ee,"HITT Contracting, Inc.",69fc9b6f2c4b2730d63db1d4,"RIC2DC5 - QTS Richmond II DC5, LLC",evidenceOfInsurance,Evidence of Insurance,workersCompensation,Workers' Compensation and Employer's Liability,evidenceOfInsuranceWorkersCompensationEmployersLiabilityDiseasePolicyLimit,Employer's Liability Disease - policy limit,,matchOnce,must be greater or equal to,1000000,,non_compliant,Standard 7,,,false,0,,2026-08-16
QTS Data Centers,6a7ca620f08d6e4a3cf1fa04,69f0f3c5beb6279e947be0ee,"HITT Contracting, Inc.",69fc9b6f2c4b2730d63db1d4,"RIC2DC5 - QTS Richmond II DC5, LLC",evidenceOfInsurance,Evidence of Insurance,workersCompensation,Workers' Compensation and Employer's Liability,evidenceOfInsuranceWorkersCompensationEmployersLiabilityEachAccident,Employer's Liability Each Accident,,matchOnce,must be greater or equal to,1000000,,non_compliant,Standard 7,,,false,0,,2026-08-16
QTS Data Centers,6a7ca620f08d6e4a3cf1fa04,69f0f3c5beb6279e947be0ee,"HITT Contracting, Inc.",69fc9b6f2c4b2730d63db1d4,"RIC2DC5 - QTS Richmond II DC5, LLC",evidenceOfInsurance,Evidence of Insurance,workersCompensation,Workers' Compensation and Employer's Liability,evidenceOfInsuranceWorkersCompensationWaiverOfSubrogationEndorsement,Waiver of Subrogation,"---prompt---
Determine if the insurer has waived their right of subrogation in favor of the certificate holder under the Workers' Compensation policy. Evidence may include: a checked ""Waiver of Subrogation"" box on the certificate, mention in the Description of Operations section stating ""waiver of subrogation applies"", or reference to form WC 00 03 13. Look for language like ""subrogation is waived"" or ""per written contract"".",matchOnce,must be present,,,non_compliant,Standard 7,,,false,0,,2026-08-16
QTS Data Centers,6a7ca620f08d6e4a3cf1fa04,69f0f3c5beb6279e947be0ee,"HITT Contracting, Inc.",69fc9b6f2c4b2730d63db1d4,"RIC2DC5 - QTS Richmond II DC5, LLC",evidenceOfInsurance,Evidence of Insurance,6ac20aae-5728-5d57-b364-aeba38527dba,Additional Requirements,8d7b12d5-c6dc-5efe-8cbd-acd9adedde5b,Description of Operations must read: RIC2DC5,,matchOnce,must be present,,,non_compliant,Standard 7,,,true,0,,2026-08-16
QTS Data Centers,6a7ca620f08d6e4a3cf1fa04,69f0f3c5beb6279e947be0ee,"HITT Contracting, Inc.",69fc9b6f2c4b2730d63db1d4,"RIC2DC5 - QTS Richmond II DC5, LLC",evidenceOfInsurance,Evidence of Insurance,6ac20aae-5728-5d57-b364-aeba38527dba,Additional Requirements,25da7a11-b805-5d7d-8deb-65519e743757,"Description of Operations must read: Quality Tech, LP, and its officers, directors, employees, parents, subsidiaries, affiliates, and related companies, successors, and permitted assigns",,matchOnce,must be present,,,non_compliant,Standard 7,,,true,0,,2026-08-16
QTS Data Centers,6a7ca620f08d6e4a3cf1fa04,69f0f3c5beb6279e947be0ee,"HITT Contracting, Inc.",69fc9b6f2c4b2730d63db1d4,"RIC2DC5 - QTS Richmond II DC5, LLC",evidenceOfInsurance,Evidence of Insurance,6ac20aae-5728-5d57-b364-aeba38527dba,Additional Requirements,24a2347c-ab39-5dea-a6af-ad750440dde1,"Description of Operations must read: Commercial General Liability shall not include the following endorsements/exclusions or equivalent:

1. CG 2149 or CG 2155 o CG 2198 (Absolute Pollution Exclusion)
2. CG 2294 or CG 2295 (Damage to Work Performed by Contractors Exclusion)
3. CG 2139 (Contractual Limitation Endorsement)
4. CG 2196 (Silica or Silica Dust Exclusion), unless otherwise covered under an applicable pollution policy.
5. CG 2142 (Explosion, Collapse or Underground Exclusion)",,matchOnce,must be present,,,non_compliant,Standard 7,,,true,0,,2026-08-16
QTS Data Centers,6a7ca620f08d6e4a3cf1fa04,69f0f3c5beb6279e947be0ee,"HITT Contracting, Inc.",69fc9b6f2c4b2730d63db1d4,"RIC2DC5 - QTS Richmond II DC5, LLC",evidenceOfInsurance,Evidence of Insurance,6ac20aae-5728-5d57-b364-aeba38527dba,Additional Requirements,71685e25-c6d0-5692-aaaf-30f59a2f9a83,"Description of Operations must read: Workers Compensation shall include ""all states"" coverage",,matchOnce,must be present,,,non_compliant,Standard 7,,,true,0,,2026-08-16
QTS Data Centers,6a7ca620f08d6e4a3cf1fa04,69f0f3c5beb6279e947be0ee,"HITT Contracting, Inc.",69fc9b6f2c4b2730d63db1d4,"RIC2DC5 - QTS Richmond II DC5, LLC",evidenceOfInsurance,Evidence of Insurance,6ac20aae-5728-5d57-b364-aeba38527dba,Additional Requirements,03d7ddc3-a527-5f18-bdf6-355eb23cd9de,30-Day Notice of Cancellation must be present,,matchOnce,must be present,,,non_compliant,Standard 7,,,true,0,,2026-08-16
QTS Data Centers,6a7ca620f08d6e4a3cf1fa04,69f0f3c5beb6279e947be0ee,"HITT Contracting, Inc.",69fc9b6f2c4b2730d63db1d4,"RIC2DC5 - QTS Richmond II DC5, LLC",evidenceOfInsurance,Evidence of Insurance,6ac20aae-5728-5d57-b364-aeba38527dba,Additional Requirements,655cb50e-155d-5f8c-af5e-e7386263aa58,"Certificate Holder must read as: ""Quality Technology Services, LLC, 
Attention: Procurement Department
300 Satellite Blvd NW, Suwanee, GA 30024.""",,matchOnce,must be present,,,non_compliant,Standard 7,,,true,0,,2026-08-16
QTS Data Centers,6a7ca6e3f08d6e4a3cf1fb34,69f0f3c5beb6279e947be0ee,"HITT Contracting, Inc.",6a552da583bb3f301e9fb881,"ATL2DC7 - QTS Fayetteville II DC7, LLC",evidenceOfInsurance,Evidence of Insurance,commercialGeneralLiability,Commercial General Liability,evidenceOfInsuranceCommercialGeneralLiabilityAMBestRating,AM Best Rating,,matchOnce,must be greater or equal to,140,,non_compliant,Lender 7,,,false,0,,2026-08-16
QTS Data Centers,6a7ca6e3f08d6e4a3cf1fb34,69f0f3c5beb6279e947be0ee,"HITT Contracting, Inc.",6a552da583bb3f301e9fb881,"ATL2DC7 - QTS Fayetteville II DC7, LLC",evidenceOfInsurance,Evidence of Insurance,commercialGeneralLiability,Commercial General Liability,evidenceOfInsuranceCommercialGeneralLiabilityAMBestFinancialStrength,AM Best Financial Strength,,matchOnce,must be greater or equal to,100,,non_compliant,Lender 7,,,false,0,,2026-08-16
QTS Data Centers,6a7ca6e3f08d6e4a3cf1fb34,69f0f3c5beb6279e947be0ee,"HITT Contracting, Inc.",6a552da583bb3f301e9fb881,"ATL2DC7 - QTS Fayetteville II DC7, LLC",evidenceOfInsurance,Evidence of Insurance,commercialGeneralLiability,Commercial General Liability,evidenceOfInsuranceCommercialGeneralLiabilityCoverageTriggerOccurrence,Coverage Trigger: Occurrence,,matchOnce,must be present,,,non_compliant,Lender 7,,,false,0,,2026-08-16
QTS Data Centers,6a7ca6e3f08d6e4a3cf1fb34,69f0f3c5beb6279e947be0ee,"HITT Contracting, Inc.",6a552da583bb3f301e9fb881,"ATL2DC7 - QTS Fayetteville II DC7, LLC",evidenceOfInsurance,Evidence of Insurance,commercialGeneralLiability,Commercial General Liability,evidenceOfInsuranceCommercialGeneralLiabilityGeneralAggregateLimitAppliesPerProject,General Aggregate Limit Applies per: Project,,matchOnce,must be present,,,non_compliant,Lender 7,,,false,0,,2026-08-16
QTS Data Centers,6a7ca6e3f08d6e4a3cf1fb34,69f0f3c5beb6279e947be0ee,"HITT Contracting, Inc.",6a552da583bb3f301e9fb881,"ATL2DC7 - QTS Fayetteville II DC7, LLC",evidenceOfInsurance,Evidence of Insurance,commercialGeneralLiability,Commercial General Liability,evidenceOfInsuranceCommercialGeneralLiabilityEachOccurrence,Each Occurrence,,matchOnce,must be greater or equal to,2000000,,non_compliant,Lender 7,,,false,0,,2026-08-16
QTS Data Centers,6a7ca6e3f08d6e4a3cf1fb34,69f0f3c5beb6279e947be0ee,"HITT Contracting, Inc.",6a552da583bb3f301e9fb881,"ATL2DC7 - QTS Fayetteville II DC7, LLC",evidenceOfInsurance,Evidence of Insurance,commercialGeneralLiability,Commercial General Liability,evidenceOfInsuranceCommercialGeneralLiabilityGeneralAggregate,General Aggregate,,matchOnce,must be greater or equal to,5000000,,non_compliant,Lender 7,,,false,0,,2026-08-16
QTS Data Centers,6a7ca6e3f08d6e4a3cf1fb34,69f0f3c5beb6279e947be0ee,"HITT Contracting, Inc.",6a552da583bb3f301e9fb881,"ATL2DC7 - QTS Fayetteville II DC7, LLC",evidenceOfInsurance,Evidence of Insurance,commercialGeneralLiability,Commercial General Liability,evidenceOfInsuranceCommercialGeneralLiabilityProducsCompletedOperationsAggregate,Products/Completed Operations Aggregate,,matchOnce,must be greater or equal to,5000000,,non_compliant,Lender 7,,,false,0,,2026-08-16
QTS Data Centers,6a7ca6e3f08d6e4a3cf1fb34,69f0f3c5beb6279e947be0ee,"HITT Contracting, Inc.",6a552da583bb3f301e9fb881,"ATL2DC7 - QTS Fayetteville II DC7, LLC",evidenceOfInsurance,Evidence of Insurance,commercialGeneralLiability,Commercial General Liability,evidenceOfInsuranceCommercialGeneralLiabilityAdditionalInsuredEndorsement,Additional Insured,"---prompt---
Determine if the certificate holder is covered as an additional insured under the Commercial General Liability policy. Evidence may include: a checked ""Additional Insured"" box on the certificate, mention in the Description of Operations section, or reference to blanket additional insured coverage. Look for form numbers CG 20 10, CG 20 26, CG 20 37, or language like ""certificate holder is additional insured"" or ""per written contract"".",matchOnce,must be present,,,non_compliant,Lender 7,,,false,0,,2026-08-16
QTS Data Centers,6a7ca6e3f08d6e4a3cf1fb34,69f0f3c5beb6279e947be0ee,"HITT Contracting, Inc.",6a552da583bb3f301e9fb881,"ATL2DC7 - QTS Fayetteville II DC7, LLC",evidenceOfInsurance,Evidence of Insurance,commercialGeneralLiability,Commercial General Liability,evidenceOfInsuranceCommercialGeneralLiabilityWaiverOfSubrogationEndorsement,Waiver of Subrogation,"---prompt---
Determine if the insurer has waived their right of subrogation in favor of the certificate holder under the Commercial General Liability policy. Evidence may include: a checked ""Waiver of Subrogation"" box on the certificate, mention in the Description of Operations section stating ""waiver of subrogation applies"", or reference to form CG 24 04. Look for language like ""subrogation is waived"" or ""per written contract"".",matchOnce,must be present,,,non_compliant,Lender 7,,,false,0,,2026-08-16
QTS Data Centers,6a7ca6e3f08d6e4a3cf1fb34,69f0f3c5beb6279e947be0ee,"HITT Contracting, Inc.",6a552da583bb3f301e9fb881,"ATL2DC7 - QTS Fayetteville II DC7, LLC",evidenceOfInsurance,Evidence of Insurance,commercialGeneralLiability,Commercial General Liability,9c28ed56-e307-5cf9-88e9-0ada1f283104,Physical 30 Days Notice of Cancellation - 10 Days Notice for Non Payment Endorsement must be present,,matchOnce,must be present,,,non_compliant,Lender 7,,,true,0,,2026-08-16
QTS Data Centers,6a7ca6e3f08d6e4a3cf1fb34,69f0f3c5beb6279e947be0ee,"HITT Contracting, Inc.",6a552da583bb3f301e9fb881,"ATL2DC7 - QTS Fayetteville II DC7, LLC",evidenceOfInsurance,Evidence of Insurance,automobileLiability,Automobile Liability,evidenceOfInsuranceAutomobileLiabilityCombinedSingleLimitEachAccident,Combined Single Limit (each accident),,matchOnce,must be greater or equal to,1000000,,non_compliant,Lender 7,,,false,0,,2026-08-16
QTS Data Centers,6a7ca6e3f08d6e4a3cf1fb34,69f0f3c5beb6279e947be0ee,"HITT Contracting, Inc.",6a552da583bb3f301e9fb881,"ATL2DC7 - QTS Fayetteville II DC7, LLC",evidenceOfInsurance,Evidence of Insurance,automobileLiability,Automobile Liability,evidenceOfInsuranceAutomobileLiabilityCoverageAppliesToOwnedAutosOnly,Coverage Applies To: Owned Autos Only,,matchOnce,must be present,,,non_compliant,Lender 7,,,false,0,,2026-08-16
QTS Data Centers,6a7ca6e3f08d6e4a3cf1fb34,69f0f3c5beb6279e947be0ee,"HITT Contracting, Inc.",6a552da583bb3f301e9fb881,"ATL2DC7 - QTS Fayetteville II DC7, LLC",evidenceOfInsurance,Evidence of Insurance,automobileLiability,Automobile Liability,evidenceOfInsuranceAutomobileLiabilityCoverageAppliesToNonOwnedAutosOnly,Coverage Applies To: Non-Owned Autos Only,,matchOnce,must be present,,,non_compliant,Lender 7,,,false,0,,2026-08-16
QTS Data Centers,6a7ca6e3f08d6e4a3cf1fb34,69f0f3c5beb6279e947be0ee,"HITT Contracting, Inc.",6a552da583bb3f301e9fb881,"ATL2DC7 - QTS Fayetteville II DC7, LLC",evidenceOfInsurance,Evidence of Insurance,automobileLiability,Automobile Liability,evidenceOfInsuranceAutomobileLiabilityCoverageAppliesToHiredAutosOnly,Coverage Applies To: Hired Autos Only,,matchOnce,must be present,,,non_compliant,Lender 7,,,false,0,,2026-08-16
QTS Data Centers,6a7ca6e3f08d6e4a3cf1fb34,69f0f3c5beb6279e947be0ee,"HITT Contracting, Inc.",6a552da583bb3f301e9fb881,"ATL2DC7 - QTS Fayetteville II DC7, LLC",evidenceOfInsurance,Evidence of Insurance,automobileLiability,Automobile Liability,evidenceOfInsuranceAutomobileLiabilityAdditionalInsuredEndorsement,Additional Insured,"---prompt---
Determine if the certificate holder is covered as an additional insured under the Automobile Liability policy. Evidence may include: a checked ""Additional Insured"" box on the certificate for the auto section, mention in the Description of Operations section, or reference to blanket additional insured coverage. Look for form number CA 20 48 or language like ""certificate holder is additional insured"" or ""per written contract"".",matchOnce,must be present,,,non_compliant,Lender 7,,,false,0,,2026-08-16
QTS Data Centers,6a7ca6e3f08d6e4a3cf1fb34,69f0f3c5beb6279e947be0ee,"HITT Contracting, Inc.",6a552da583bb3f301e9fb881,"ATL2DC7 - QTS Fayetteville II DC7, LLC",evidenceOfInsurance,Evidence of Insurance,automobileLiability,Automobile Liability,evidenceOfInsuranceAutomobileLiabilityWaiverOfSubrogationEndorsement,Waiver of Subrogation,"---prompt---
Determine if the insurer has waived their right of subrogation in favor of the certificate holder under the Automobile Liability policy. Evidence may include: a checked ""Waiver of Subrogation"" box on the certificate, mention in the Description of Operations section stating ""waiver of subrogation applies"", or reference to form CA 04 44. Look for language like ""subrogation is waived"" or ""per written contract"".",matchOnce,must be present,,,non_compliant,Lender 7,,,false,0,,2026-08-16
QTS Data Centers,6a7ca6e3f08d6e4a3cf1fb34,69f0f3c5beb6279e947be0ee,"HITT Contracting, Inc.",6a552da583bb3f301e9fb881,"ATL2DC7 - QTS Fayetteville II DC7, LLC",evidenceOfInsurance,Evidence of Insurance,automobileLiability,Automobile Liability,9fe4fc34-7382-50a4-94e6-f4d5e73ef6c8,Physical 30 Days Notice of Cancellation - 10 Days Notice for Non Payment Endorsement must be present,,matchOnce,must be present,,,non_compliant,Lender 7,,,true,0,,2026-08-16
QTS Data Centers,6a7ca6e3f08d6e4a3cf1fb34,69f0f3c5beb6279e947be0ee,"HITT Contracting, Inc.",6a552da583bb3f301e9fb881,"ATL2DC7 - QTS Fayetteville II DC7, LLC",evidenceOfInsurance,Evidence of Insurance,excessOrUmbrellaLiability,Umbrella/Excess Liability,evidenceOfInsuranceExcessOrUmbrellaLiabilityOccurence,Coverage Trigger: Occurrence,,matchOnce,must be present,,,non_compliant,Lender 7,,,false,0,,2026-08-16
QTS Data Centers,6a7ca6e3f08d6e4a3cf1fb34,69f0f3c5beb6279e947be0ee,"HITT Contracting, Inc.",6a552da583bb3f301e9fb881,"ATL2DC7 - QTS Fayetteville II DC7, LLC",evidenceOfInsurance,Evidence of Insurance,excessOrUmbrellaLiability,Umbrella/Excess Liability,evidenceOfInsuranceExcessOrUmbrellaLiabilityEachOccurrence,Each Occurrence,,matchOnce,must be greater or equal to,25000000,,non_compliant,Lender 7,,,false,0,,2026-08-16
QTS Data Centers,6a7ca6e3f08d6e4a3cf1fb34,69f0f3c5beb6279e947be0ee,"HITT Contracting, Inc.",6a552da583bb3f301e9fb881,"ATL2DC7 - QTS Fayetteville II DC7, LLC",evidenceOfInsurance,Evidence of Insurance,excessOrUmbrellaLiability,Umbrella/Excess Liability,evidenceOfInsuranceExcessOrUmbrellaLiabilityAdditionalInsuredEndorsement,Additional Insured,"---prompt---
Determine if the certificate holder is covered as an additional insured under the Umbrella/Excess Liability policy. Evidence may include: a checked ""Additional Insured"" box on the certificate for the umbrella section, mention in the Description of Operations section, reference to ""follow form"" status (which would extend underlying additional insured status), or explicit language naming the certificate holder as additional insured on the umbrella.",matchOnce,must be present,,,non_compliant,Lender 7,,,false,0,,2026-08-16
QTS Data Centers,6a7ca6e3f08d6e4a3cf1fb34,69f0f3c5beb6279e947be0ee,"HITT Contracting, Inc.",6a552da583bb3f301e9fb881,"ATL2DC7 - QTS Fayetteville II DC7, LLC",evidenceOfInsurance,Evidence of Insurance,excessOrUmbrellaLiability,Umbrella/Excess Liability,evidenceOfInsuranceExcessOrUmbrellaLiabilityWaiverOfSubrogationEndorsement,Waiver of Subrogation,"---prompt---
Determine if the insurer has waived their right of subrogation in favor of the certificate holder under the Umbrella/Excess Liability policy. Evidence may include: a checked ""Waiver of Subrogation"" box on the certificate, mention in the Description of Operations section stating ""waiver of subrogation applies"", or reference to ""follow form"" status (which would extend underlying waiver). Look for language like ""subrogation is waived"" or ""per written contract"".",matchOnce,must be present,,,non_compliant,Lender 7,,,false,0,,2026-08-16
QTS Data Centers,6a7ca6e3f08d6e4a3cf1fb34,69f0f3c5beb6279e947be0ee,"HITT Contracting, Inc.",6a552da583bb3f301e9fb881,"ATL2DC7 - QTS Fayetteville II DC7, LLC",evidenceOfInsurance,Evidence of Insurance,workersCompensation,Workers' Compensation and Employer's Liability,evidenceOfInsuranceWorkersCompensationStatutoryLimits,Statutory Limits,,matchOnce,must be present,,,non_compliant,Lender 7,,,false,0,,2026-08-16
QTS Data Centers,6a7ca6e3f08d6e4a3cf1fb34,69f0f3c5beb6279e947be0ee,"HITT Contracting, Inc.",6a552da583bb3f301e9fb881,"ATL2DC7 - QTS Fayetteville II DC7, LLC",evidenceOfInsurance,Evidence of Insurance,workersCompensation,Workers' Compensation and Employer's Liability,evidenceOfInsuranceWorkersCompensationEmployersLiabilityDiseaseEachEmployee,Employer's Liability Disease - each employee,,matchOnce,must be greater or equal to,1000000,,non_compliant,Lender 7,,,false,0,,2026-08-16
QTS Data Centers,6a7ca6e3f08d6e4a3cf1fb34,69f0f3c5beb6279e947be0ee,"HITT Contracting, Inc.",6a552da583bb3f301e9fb881,"ATL2DC7 - QTS Fayetteville II DC7, LLC",evidenceOfInsurance,Evidence of Insurance,workersCompensation,Workers' Compensation and Employer's Liability,evidenceOfInsuranceWorkersCompensationEmployersLiabilityDiseasePolicyLimit,Employer's Liability Disease - policy limit,,matchOnce,must be greater or equal to,1000000,,non_compliant,Lender 7,,,false,0,,2026-08-16
QTS Data Centers,6a7ca6e3f08d6e4a3cf1fb34,69f0f3c5beb6279e947be0ee,"HITT Contracting, Inc.",6a552da583bb3f301e9fb881,"ATL2DC7 - QTS Fayetteville II DC7, LLC",evidenceOfInsurance,Evidence of Insurance,workersCompensation,Workers' Compensation and Employer's Liability,evidenceOfInsuranceWorkersCompensationEmployersLiabilityEachAccident,Employer's Liability Each Accident,,matchOnce,must be greater or equal to,1000000,,non_compliant,Lender 7,,,false,0,,2026-08-16
QTS Data Centers,6a7ca6e3f08d6e4a3cf1fb34,69f0f3c5beb6279e947be0ee,"HITT Contracting, Inc.",6a552da583bb3f301e9fb881,"ATL2DC7 - QTS Fayetteville II DC7, LLC",evidenceOfInsurance,Evidence of Insurance,workersCompensation,Workers' Compensation and Employer's Liability,evidenceOfInsuranceWorkersCompensationWaiverOfSubrogationEndorsement,Waiver of Subrogation,"---prompt---
Determine if the insurer has waived their right of subrogation in favor of the certificate holder under the Workers' Compensation policy. Evidence may include: a checked ""Waiver of Subrogation"" box on the certificate, mention in the Description of Operations section stating ""waiver of subrogation applies"", or reference to form WC 00 03 13. Look for language like ""subrogation is waived"" or ""per written contract"".",matchOnce,must be present,,,non_compliant,Lender 7,,,false,0,,2026-08-16
QTS Data Centers,6a7ca6e3f08d6e4a3cf1fb34,69f0f3c5beb6279e947be0ee,"HITT Contracting, Inc.",6a552da583bb3f301e9fb881,"ATL2DC7 - QTS Fayetteville II DC7, LLC",evidenceOfInsurance,Evidence of Insurance,workersCompensation,Workers' Compensation and Employer's Liability,488888b7-2012-5a08-bd6e-faaad3b6143d,Physical 30 Days Notice of Cancellation - 10 Days Notice for Non Payment Endorsement must be present,,matchOnce,must be present,,,non_compliant,Lender 7,,,true,0,,2026-08-16
QTS Data Centers,6a7ca6e3f08d6e4a3cf1fb34,69f0f3c5beb6279e947be0ee,"HITT Contracting, Inc.",6a552da583bb3f301e9fb881,"ATL2DC7 - QTS Fayetteville II DC7, LLC",evidenceOfInsurance,Evidence of Insurance,6ac20aae-5728-5d57-b364-aeba38527dba,Additional Requirements,8d7b12d5-c6dc-5efe-8cbd-acd9adedde5b,"Description of Operations must read: ATL2-DC7 Campus, located at 167 Tyrone Road, Bldg 600, Fayetteville, GA 30214",,matchOnce,must be present,,,non_compliant,Lender 7,,,true,0,,2026-08-16
QTS Data Centers,6a7ca6e3f08d6e4a3cf1fb34,69f0f3c5beb6279e947be0ee,"HITT Contracting, Inc.",6a552da583bb3f301e9fb881,"ATL2DC7 - QTS Fayetteville II DC7, LLC",evidenceOfInsurance,Evidence of Insurance,6ac20aae-5728-5d57-b364-aeba38527dba,Additional Requirements,25da7a11-b805-5d7d-8deb-65519e743757,"Description of Operations must read: Goldman Sachs Bank USA, as Collateral Agent, Wilmington Trust, National Association, as Indenture Trustee, QTS Fayetteville II DC7, LLC, its successors and assigns for the benefit of the Secured Parties under the term loans, is listed as a certificate holder, an additional insured and a loss payee, as applicable. Waiver of Subrogation in favor of Additional Insureds.",,matchOnce,must be present,,,non_compliant,Lender 7,,,true,0,,2026-08-16
QTS Data Centers,6a7ca6e3f08d6e4a3cf1fb34,69f0f3c5beb6279e947be0ee,"HITT Contracting, Inc.",6a552da583bb3f301e9fb881,"ATL2DC7 - QTS Fayetteville II DC7, LLC",evidenceOfInsurance,Evidence of Insurance,6ac20aae-5728-5d57-b364-aeba38527dba,Additional Requirements,24a2347c-ab39-5dea-a6af-ad750440dde1,"Description of Operations must read: Commercial General Liability shall not include the following endorsements/exclusions or equivalent:

1. CG 2149 or CG 2155 o CG 2198 (Absolute Pollution Exclusion)
2. CG 2294 or CG 2295 (Damage to Work Performed by Contractors Exclusion)
3. CG 2139 (Contractual Limitation Endorsement)
4. CG 2196 (Silica or Silica Dust Exclusion), unless otherwise covered under an applicable pollution policy.
5. CG 2142 (Explosion, Collapse or Underground Exclusion)",,matchOnce,must be present,,,non_compliant,Lender 7,,,true,0,,2026-08-16
QTS Data Centers,6a7ca6e3f08d6e4a3cf1fb34,69f0f3c5beb6279e947be0ee,"HITT Contracting, Inc.",6a552da583bb3f301e9fb881,"ATL2DC7 - QTS Fayetteville II DC7, LLC",evidenceOfInsurance,Evidence of Insurance,6ac20aae-5728-5d57-b364-aeba38527dba,Additional Requirements,71685e25-c6d0-5692-aaaf-30f59a2f9a83,"Description of Operations must read: Workers Compensation shall include ""all states"" coverage",,matchOnce,must be present,,,non_compliant,Lender 7,,,true,0,,2026-08-16
QTS Data Centers,6a7ca6e3f08d6e4a3cf1fb34,69f0f3c5beb6279e947be0ee,"HITT Contracting, Inc.",6a552da583bb3f301e9fb881,"ATL2DC7 - QTS Fayetteville II DC7, LLC",evidenceOfInsurance,Evidence of Insurance,6ac20aae-5728-5d57-b364-aeba38527dba,Additional Requirements,655cb50e-155d-5f8c-af5e-e7386263aa58,"Certificate Holder must read as: Goldman Sachs Bank USA c/o QTS Fayetteville II DC7, LLC, 200 West Street, New York, NY 10282",,matchOnce,must be present,,,non_compliant,Lender 7,,,true,0,,2026-08-16
QTS Data Centers,6a7ca724121e6d2c7dfac157,69f0f3c5beb6279e947be10c,"Suffolk Construction Company, Inc.",69fc9b6f2c4b2730d63db1d5,"DFW2DC1 - QTS Dallas I DC1, LLC",evidenceOfInsurance,Evidence of Insurance,commercialGeneralLiability,Commercial General Liability,evidenceOfInsuranceCommercialGeneralLiabilityAMBestRating,AM Best Rating,,matchOnce,must be greater or equal to,130,,non_compliant,Standard 3 with Drone Liability,,,false,0,,2026-08-16
QTS Data Centers,6a7ca724121e6d2c7dfac157,69f0f3c5beb6279e947be10c,"Suffolk Construction Company, Inc.",69fc9b6f2c4b2730d63db1d5,"DFW2DC1 - QTS Dallas I DC1, LLC",evidenceOfInsurance,Evidence of Insurance,commercialGeneralLiability,Commercial General Liability,evidenceOfInsuranceCommercialGeneralLiabilityAMBestFinancialStrength,AM Best Financial Strength,,matchOnce,must be greater or equal to,70,,non_compliant,Standard 3 with Drone Liability,,,false,0,,2026-08-16
QTS Data Centers,6a7ca724121e6d2c7dfac157,69f0f3c5beb6279e947be10c,"Suffolk Construction Company, Inc.",69fc9b6f2c4b2730d63db1d5,"DFW2DC1 - QTS Dallas I DC1, LLC",evidenceOfInsurance,Evidence of Insurance,commercialGeneralLiability,Commercial General Liability,evidenceOfInsuranceCommercialGeneralLiabilityCoverageTriggerOccurrence,Coverage Trigger: Occurrence,,matchOnce,must be present,,,non_compliant,Standard 3 with Drone Liability,,,false,0,,2026-08-16
QTS Data Centers,6a7ca724121e6d2c7dfac157,69f0f3c5beb6279e947be10c,"Suffolk Construction Company, Inc.",69fc9b6f2c4b2730d63db1d5,"DFW2DC1 - QTS Dallas I DC1, LLC",evidenceOfInsurance,Evidence of Insurance,commercialGeneralLiability,Commercial General Liability,evidenceOfInsuranceCommercialGeneralLiabilityGeneralAggregateLimitAppliesPerProject,General Aggregate Limit Applies per: Project,,matchOnce,must be present,,,non_compliant,Standard 3 with Drone Liability,,,false,0,,2026-08-16
QTS Data Centers,6a7ca724121e6d2c7dfac157,69f0f3c5beb6279e947be10c,"Suffolk Construction Company, Inc.",69fc9b6f2c4b2730d63db1d5,"DFW2DC1 - QTS Dallas I DC1, LLC",evidenceOfInsurance,Evidence of Insurance,commercialGeneralLiability,Commercial General Liability,evidenceOfInsuranceCommercialGeneralLiabilityEachOccurrence,Each Occurrence,,matchOnce,must be greater or equal to,2000000,,non_compliant,Standard 3 with Drone Liability,,,false,0,,2026-08-16
QTS Data Centers,6a7ca724121e6d2c7dfac157,69f0f3c5beb6279e947be10c,"Suffolk Construction Company, Inc.",69fc9b6f2c4b2730d63db1d5,"DFW2DC1 - QTS Dallas I DC1, LLC",evidenceOfInsurance,Evidence of Insurance,commercialGeneralLiability,Commercial General Liability,evidenceOfInsuranceCommercialGeneralLiabilityGeneralAggregate,General Aggregate,,matchOnce,must be greater or equal to,4000000,,non_compliant,Standard 3 with Drone Liability,,,false,0,,2026-08-16
QTS Data Centers,6a7ca724121e6d2c7dfac157,69f0f3c5beb6279e947be10c,"Suffolk Construction Company, Inc.",69fc9b6f2c4b2730d63db1d5,"DFW2DC1 - QTS Dallas I DC1, LLC",evidenceOfInsurance,Evidence of Insurance,commercialGeneralLiability,Commercial General Liability,evidenceOfInsuranceCommercialGeneralLiabilityProducsCompletedOperationsAggregate,Products/Completed Operations Aggregate,,matchOnce,must be greater or equal to,4000000,,non_compliant,Standard 3 with Drone Liability,,,false,0,,2026-08-16
QTS Data Centers,6a7ca724121e6d2c7dfac157,69f0f3c5beb6279e947be10c,"Suffolk Construction Company, Inc.",69fc9b6f2c4b2730d63db1d5,"DFW2DC1 - QTS Dallas I DC1, LLC",evidenceOfInsurance,Evidence of Insurance,commercialGeneralLiability,Commercial General Liability,evidenceOfInsuranceCommercialGeneralLiabilityAdditionalInsuredEndorsementOngoingOps,Additional Insured - Ongoing Operations,"---prompt---
Verify that additional insured coverage specifically includes ongoing operations. Look in the Description of Operations section for language like ""additional insured for ongoing operations"", ""CG 20 10"", ""CG 20 37"", or ""operations performed by or on behalf of the named insured"". The coverage should explicitly reference ongoing work, not just completed operations.",matchOnce,must be present,,,non_compliant,Standard 3 with Drone Liability,,,false,0,,2026-08-16
QTS Data Centers,6a7ca724121e6d2c7dfac157,69f0f3c5beb6279e947be10c,"Suffolk Construction Company, Inc.",69fc9b6f2c4b2730d63db1d5,"DFW2DC1 - QTS Dallas I DC1, LLC",evidenceOfInsurance,Evidence of Insurance,commercialGeneralLiability,Commercial General Liability,evidenceOfInsuranceCommercialGeneralLiabilityAdditionalInsuredEndorsementCompletedOps,Additional Insured - Completed Operations,"---prompt---
Verify that additional insured coverage specifically includes completed operations. Look in the Description of Operations section for language like ""additional insured for completed operations"", ""CG 20 37"", ""products-completed operations"", or similar. This coverage protects the certificate holder for claims arising after work is finished.",matchOnce,must be present,,,non_compliant,Standard 3 with Drone Liability,,,false,0,,2026-08-16
QTS Data Centers,6a7ca724121e6d2c7dfac157,69f0f3c5beb6279e947be10c,"Suffolk Construction Company, Inc.",69fc9b6f2c4b2730d63db1d5,"DFW2DC1 - QTS Dallas I DC1, LLC",evidenceOfInsurance,Evidence of Insurance,commercialGeneralLiability,Commercial General Liability,evidenceOfInsuranceCommercialGeneralLiabilityWaiverOfSubrogationEndorsement,Waiver of Subrogation,"---prompt---
Determine if the insurer has waived their right of subrogation in favor of the certificate holder under the Commercial General Liability policy. Evidence may include: a checked ""Waiver of Subrogation"" box on the certificate, mention in the Description of Operations section stating ""waiver of subrogation applies"", or reference to form CG 24 04. Look for language like ""subrogation is waived"" or ""per written contract"".",matchOnce,must be present,,,non_compliant,Standard 3 with Drone Liability,,,false,0,,2026-08-16
QTS Data Centers,6a7ca724121e6d2c7dfac157,69f0f3c5beb6279e947be10c,"Suffolk Construction Company, Inc.",69fc9b6f2c4b2730d63db1d5,"DFW2DC1 - QTS Dallas I DC1, LLC",evidenceOfInsurance,Evidence of Insurance,commercialGeneralLiability,Commercial General Liability,evidenceOfInsuranceCommercialGeneralLiabilityPrimaryAndNonContributoryEndorsement,Primary and Non-Contributory,"---prompt---
Determine if the Commercial General Liability policy provides primary and non-contributory coverage for the certificate holder. Evidence may include: a checked ""Primary"" box on the certificate, mention in the Description of Operations section stating ""primary and non-contributory"", or reference to endorsement CG 20 01. Look for language indicating this policy will pay first before other applicable insurance and will not seek contribution.",matchOnce,must be present,,,non_compliant,Standard 3 with Drone Liability,,,false,0,,2026-08-16
QTS Data Centers,6a7ca724121e6d2c7dfac157,69f0f3c5beb6279e947be10c,"Suffolk Construction Company, Inc.",69fc9b6f2c4b2730d63db1d5,"DFW2DC1 - QTS Dallas I DC1, LLC",evidenceOfInsurance,Evidence of Insurance,commercialGeneralLiability,Commercial General Liability,9c28ed56-e307-5cf9-88e9-0ada1f283104,Physical 30 Days Notice of Cancellation - 10 Days Notice for Non Payment Endorsement must be present,,matchOnce,must be present,,,non_compliant,Standard 3 with Drone Liability,,,true,0,,2026-08-16
QTS Data Centers,6a7ca724121e6d2c7dfac157,69f0f3c5beb6279e947be10c,"Suffolk Construction Company, Inc.",69fc9b6f2c4b2730d63db1d5,"DFW2DC1 - QTS Dallas I DC1, LLC",evidenceOfInsurance,Evidence of Insurance,automobileLiability,Automobile Liability,evidenceOfInsuranceAutomobileLiabilityCombinedSingleLimitEachAccident,Combined Single Limit (each accident),,matchOnce,must be greater or equal to,1000000,,non_compliant,Standard 3 with Drone Liability,,,false,0,,2026-08-16
QTS Data Centers,6a7ca724121e6d2c7dfac157,69f0f3c5beb6279e947be10c,"Suffolk Construction Company, Inc.",69fc9b6f2c4b2730d63db1d5,"DFW2DC1 - QTS Dallas I DC1, LLC",evidenceOfInsurance,Evidence of Insurance,automobileLiability,Automobile Liability,evidenceOfInsuranceAutomobileLiabilityCoverageAppliesToOwnedAutosOnly,Coverage Applies To: Owned Autos Only,,matchOnce,must be present,,,non_compliant,Standard 3 with Drone Liability,,,false,0,,2026-08-16
QTS Data Centers,6a7ca724121e6d2c7dfac157,69f0f3c5beb6279e947be10c,"Suffolk Construction Company, Inc.",69fc9b6f2c4b2730d63db1d5,"DFW2DC1 - QTS Dallas I DC1, LLC",evidenceOfInsurance,Evidence of Insurance,automobileLiability,Automobile Liability,evidenceOfInsuranceAutomobileLiabilityCoverageAppliesToNonOwnedAutosOnly,Coverage Applies To: Non-Owned Autos Only,,matchOnce,must be present,,,non_compliant,Standard 3 with Drone Liability,,,false,0,,2026-08-16
QTS Data Centers,6a7ca724121e6d2c7dfac157,69f0f3c5beb6279e947be10c,"Suffolk Construction Company, Inc.",69fc9b6f2c4b2730d63db1d5,"DFW2DC1 - QTS Dallas I DC1, LLC",evidenceOfInsurance,Evidence of Insurance,automobileLiability,Automobile Liability,evidenceOfInsuranceAutomobileLiabilityCoverageAppliesToHiredAutosOnly,Coverage Applies To: Hired Autos Only,,matchOnce,must be present,,,non_compliant,Standard 3 with Drone Liability,,,false,0,,2026-08-16
QTS Data Centers,6a7ca724121e6d2c7dfac157,69f0f3c5beb6279e947be10c,"Suffolk Construction Company, Inc.",69fc9b6f2c4b2730d63db1d5,"DFW2DC1 - QTS Dallas I DC1, LLC",evidenceOfInsurance,Evidence of Insurance,automobileLiability,Automobile Liability,evidenceOfInsuranceAutomobileLiabilityAdditionalInsuredEndorsement,Additional Insured,"---prompt---
Determine if the certificate holder is covered as an additional insured under the Automobile Liability policy. Evidence may include: a checked ""Additional Insured"" box on the certificate for the auto section, mention in the Description of Operations section, or reference to blanket additional insured coverage. Look for form number CA 20 48 or language like ""certificate holder is additional insured"" or ""per written contract"".",matchOnce,must be present,,,non_compliant,Standard 3 with Drone Liability,,,false,0,,2026-08-16
QTS Data Centers,6a7ca724121e6d2c7dfac157,69f0f3c5beb6279e947be10c,"Suffolk Construction Company, Inc.",69fc9b6f2c4b2730d63db1d5,"DFW2DC1 - QTS Dallas I DC1, LLC",evidenceOfInsurance,Evidence of Insurance,automobileLiability,Automobile Liability,evidenceOfInsuranceAutomobileLiabilityPrimaryAndNonContributoryEndorsement,Primary and Non-Contributory,"---prompt---
Determine if the Automobile Liability policy provides primary and non-contributory coverage for the certificate holder. Evidence may include: a checked ""Primary"" box on the certificate, mention in the Description of Operations section stating ""primary and non-contributory"". Look for language indicating this policy will pay first before other applicable insurance and will not seek contribution.",matchOnce,must be present,,,non_compliant,Standard 3 with Drone Liability,,,false,0,,2026-08-16
QTS Data Centers,6a7ca724121e6d2c7dfac157,69f0f3c5beb6279e947be10c,"Suffolk Construction Company, Inc.",69fc9b6f2c4b2730d63db1d5,"DFW2DC1 - QTS Dallas I DC1, LLC",evidenceOfInsurance,Evidence of Insurance,automobileLiability,Automobile Liability,evidenceOfInsuranceAutomobileLiabilityWaiverOfSubrogationEndorsement,Waiver of Subrogation,"---prompt---
Determine if the insurer has waived their right of subrogation in favor of the certificate holder under the Automobile Liability policy. Evidence may include: a checked ""Waiver of Subrogation"" box on the certificate, mention in the Description of Operations section stating ""waiver of subrogation applies"", or reference to form CA 04 44. Look for language like ""subrogation is waived"" or ""per written contract"".",matchOnce,must be present,,,non_compliant,Standard 3 with Drone Liability,,,false,0,,2026-08-16
QTS Data Centers,6a7ca724121e6d2c7dfac157,69f0f3c5beb6279e947be10c,"Suffolk Construction Company, Inc.",69fc9b6f2c4b2730d63db1d5,"DFW2DC1 - QTS Dallas I DC1, LLC",evidenceOfInsurance,Evidence of Insurance,automobileLiability,Automobile Liability,0e6f6daa-effc-5c25-af03-4f7e657ae801,Physical MCS-90 Endorsement must be present,,matchOnce,must be present,,,non_compliant,Standard 3 with Drone Liability,,,true,0,,2026-08-16
QTS Data Centers,6a7ca724121e6d2c7dfac157,69f0f3c5beb6279e947be10c,"Suffolk Construction Company, Inc.",69fc9b6f2c4b2730d63db1d5,"DFW2DC1 - QTS Dallas I DC1, LLC",evidenceOfInsurance,Evidence of Insurance,excessOrUmbrellaLiability,Umbrella/Excess Liability,evidenceOfInsuranceExcessOrUmbrellaLiabilityOccurence,Coverage Trigger: Occurrence,,matchOnce,must be present,,,non_compliant,Standard 3 with Drone Liability,,,false,0,,2026-08-16
QTS Data Centers,6a7ca724121e6d2c7dfac157,69f0f3c5beb6279e947be10c,"Suffolk Construction Company, Inc.",69fc9b6f2c4b2730d63db1d5,"DFW2DC1 - QTS Dallas I DC1, LLC",evidenceOfInsurance,Evidence of Insurance,excessOrUmbrellaLiability,Umbrella/Excess Liability,evidenceOfInsuranceExcessOrUmbrellaLiabilityEachOccurrence,Each Occurrence,,matchOnce,must be greater or equal to,50000000,,non_compliant,Standard 3 with Drone Liability,,,false,0,,2026-08-16
QTS Data Centers,6a7ca724121e6d2c7dfac157,69f0f3c5beb6279e947be10c,"Suffolk Construction Company, Inc.",69fc9b6f2c4b2730d63db1d5,"DFW2DC1 - QTS Dallas I DC1, LLC",evidenceOfInsurance,Evidence of Insurance,excessOrUmbrellaLiability,Umbrella/Excess Liability,evidenceOfInsuranceExcessOrUmbrellaLiabilityAdditionalInsuredEndorsement,Additional Insured,"---prompt---
Determine if the certificate holder is covered as an additional insured under the Umbrella/Excess Liability policy. Evidence may include: a checked ""Additional Insured"" box on the certificate for the umbrella section, mention in the Description of Operations section, reference to ""follow form"" status (which would extend underlying additional insured status), or explicit language naming the certificate holder as additional insured on the umbrella.",matchOnce,must be present,,,non_compliant,Standard 3 with Drone Liability,,,false,0,,2026-08-16
QTS Data Centers,6a7ca724121e6d2c7dfac157,69f0f3c5beb6279e947be10c,"Suffolk Construction Company, Inc.",69fc9b6f2c4b2730d63db1d5,"DFW2DC1 - QTS Dallas I DC1, LLC",evidenceOfInsurance,Evidence of Insurance,excessOrUmbrellaLiability,Umbrella/Excess Liability,evidenceOfInsuranceExcessOrUmbrellaLiabilityPrimaryAndNonContributoryEndorsement,Primary and Non-Contributory,"---prompt---
Determine if the Umbrella/Excess Liability policy provides primary and non-contributory coverage for the certificate holder. Evidence may include: a checked ""Primary"" box on the certificate, mention in the Description of Operations section stating ""primary and non-contributory"", or reference to ""follow form"" status (which would extend underlying primary status). Look for language indicating this policy will pay first before other applicable insurance and will not seek contribution.",matchOnce,must be present,,,non_compliant,Standard 3 with Drone Liability,,,false,0,,2026-08-16
QTS Data Centers,6a7ca724121e6d2c7dfac157,69f0f3c5beb6279e947be10c,"Suffolk Construction Company, Inc.",69fc9b6f2c4b2730d63db1d5,"DFW2DC1 - QTS Dallas I DC1, LLC",evidenceOfInsurance,Evidence of Insurance,excessOrUmbrellaLiability,Umbrella/Excess Liability,evidenceOfInsuranceExcessOrUmbrellaLiabilityWaiverOfSubrogationEndorsement,Waiver of Subrogation,"---prompt---
Determine if the insurer has waived their right of subrogation in favor of the certificate holder under the Umbrella/Excess Liability policy. Evidence may include: a checked ""Waiver of Subrogation"" box on the certificate, mention in the Description of Operations section stating ""waiver of subrogation applies"", or reference to ""follow form"" status (which would extend underlying waiver). Look for language like ""subrogation is waived"" or ""per written contract"".",matchOnce,must be present,,,non_compliant,Standard 3 with Drone Liability,,,false,0,,2026-08-16
QTS Data Centers,6a7ca724121e6d2c7dfac157,69f0f3c5beb6279e947be10c,"Suffolk Construction Company, Inc.",69fc9b6f2c4b2730d63db1d5,"DFW2DC1 - QTS Dallas I DC1, LLC",evidenceOfInsurance,Evidence of Insurance,workersCompensation,Workers' Compensation and Employer's Liability,evidenceOfInsuranceWorkersCompensationStatutoryLimits,Statutory Limits,,matchOnce,must be present,,,non_compliant,Standard 3 with Drone Liability,,,false,0,,2026-08-16
QTS Data Centers,6a7ca724121e6d2c7dfac157,69f0f3c5beb6279e947be10c,"Suffolk Construction Company, Inc.",69fc9b6f2c4b2730d63db1d5,"DFW2DC1 - QTS Dallas I DC1, LLC",evidenceOfInsurance,Evidence of Insurance,workersCompensation,Workers' Compensation and Employer's Liability,evidenceOfInsuranceWorkersCompensationEmployersLiabilityDiseaseEachEmployee,Employer's Liability Disease - each employee,,matchOnce,must be greater or equal to,1000000,,non_compliant,Standard 3 with Drone Liability,,,false,0,,2026-08-16
QTS Data Centers,6a7ca724121e6d2c7dfac157,69f0f3c5beb6279e947be10c,"Suffolk Construction Company, Inc.",69fc9b6f2c4b2730d63db1d5,"DFW2DC1 - QTS Dallas I DC1, LLC",evidenceOfInsurance,Evidence of Insurance,workersCompensation,Workers' Compensation and Employer's Liability,evidenceOfInsuranceWorkersCompensationEmployersLiabilityDiseasePolicyLimit,Employer's Liability Disease - policy limit,,matchOnce,must be greater or equal to,1000000,,non_compliant,Standard 3 with Drone Liability,,,false,0,,2026-08-16
QTS Data Centers,6a7ca724121e6d2c7dfac157,69f0f3c5beb6279e947be10c,"Suffolk Construction Company, Inc.",69fc9b6f2c4b2730d63db1d5,"DFW2DC1 - QTS Dallas I DC1, LLC",evidenceOfInsurance,Evidence of Insurance,workersCompensation,Workers' Compensation and Employer's Liability,evidenceOfInsuranceWorkersCompensationEmployersLiabilityEachAccident,Employer's Liability Each Accident,,matchOnce,must be greater or equal to,1000000,,non_compliant,Standard 3 with Drone Liability,,,false,0,,2026-08-16
QTS Data Centers,6a7ca724121e6d2c7dfac157,69f0f3c5beb6279e947be10c,"Suffolk Construction Company, Inc.",69fc9b6f2c4b2730d63db1d5,"DFW2DC1 - QTS Dallas I DC1, LLC",evidenceOfInsurance,Evidence of Insurance,workersCompensation,Workers' Compensation and Employer's Liability,evidenceOfInsuranceWorkersCompensationWaiverOfSubrogationEndorsement,Waiver of Subrogation,"---prompt---
Determine if the insurer has waived their right of subrogation in favor of the certificate holder under the Workers' Compensation policy. Evidence may include: a checked ""Waiver of Subrogation"" box on the certificate, mention in the Description of Operations section stating ""waiver of subrogation applies"", or reference to form WC 00 03 13. Look for language like ""subrogation is waived"" or ""per written contract"".",matchOnce,must be present,,,non_compliant,Standard 3 with Drone Liability,,,false,0,,2026-08-16
QTS Data Centers,6a7ca724121e6d2c7dfac157,69f0f3c5beb6279e947be10c,"Suffolk Construction Company, Inc.",69fc9b6f2c4b2730d63db1d5,"DFW2DC1 - QTS Dallas I DC1, LLC",evidenceOfInsurance,Evidence of Insurance,pollution,Pollution Liability,evidenceOfInsurancePollutionLimitsEachClaim,Each Claim,,matchOnce,must be greater or equal to,5000000,,non_compliant,Standard 3 with Drone Liability,,,false,0,,2026-08-16
QTS Data Centers,6a7ca724121e6d2c7dfac157,69f0f3c5beb6279e947be10c,"Suffolk Construction Company, Inc.",69fc9b6f2c4b2730d63db1d5,"DFW2DC1 - QTS Dallas I DC1, LLC",evidenceOfInsurance,Evidence of Insurance,pollution,Pollution Liability,11078834-6a06-5a62-ada1-e6a90abce9ba,Additional Insured Endorsement must be present,,matchOnce,must be present,,,non_compliant,Standard 3 with Drone Liability,,,true,0,,2026-08-16
QTS Data Centers,6a7ca724121e6d2c7dfac157,69f0f3c5beb6279e947be10c,"Suffolk Construction Company, Inc.",69fc9b6f2c4b2730d63db1d5,"DFW2DC1 - QTS Dallas I DC1, LLC",evidenceOfInsurance,Evidence of Insurance,professional,Professional Liability,evidenceOfInsuranceProfessionalLimitsEachClaim,Each Claim,,matchOnce,must be greater or equal to,5000000,,non_compliant,Standard 3 with Drone Liability,,,false,0,,2026-08-16
QTS Data Centers,6a7ca724121e6d2c7dfac157,69f0f3c5beb6279e947be10c,"Suffolk Construction Company, Inc.",69fc9b6f2c4b2730d63db1d5,"DFW2DC1 - QTS Dallas I DC1, LLC",evidenceOfInsurance,Evidence of Insurance,professional,Professional Liability,d672162b-0115-567e-ac40-48cb8d46cdc0,"Professional Liability Coverage Deductible must be less than or equal to $100,000",,matchOnce,must be present,,,non_compliant,Standard 3 with Drone Liability,,,true,0,,2026-08-16
QTS Data Centers,6a7ca724121e6d2c7dfac157,69f0f3c5beb6279e947be10c,"Suffolk Construction Company, Inc.",69fc9b6f2c4b2730d63db1d5,"DFW2DC1 - QTS Dallas I DC1, LLC",evidenceOfInsurance,Evidence of Insurance,e54fdf78-f8fe-5b2e-a5f7-0ae05bbd7f66,Drone Liability,eec8a429-f600-558d-8fec-56d960319d19,Each Claim,,matchOnce,must be greater or equal to,5000000,,non_compliant,Standard 3 with Drone Liability,,,true,0,,2026-08-16
QTS Data Centers,6a7ca724121e6d2c7dfac157,69f0f3c5beb6279e947be10c,"Suffolk Construction Company, Inc.",69fc9b6f2c4b2730d63db1d5,"DFW2DC1 - QTS Dallas I DC1, LLC",evidenceOfInsurance,Evidence of Insurance,6ac20aae-5728-5d57-b364-aeba38527dba,Additional Requirements,8d7b12d5-c6dc-5efe-8cbd-acd9adedde5b,Description of Operations must read: DFW2DC1,,matchOnce,must be present,,,non_compliant,Standard 3 with Drone Liability,,,true,0,,2026-08-16
QTS Data Centers,6a7ca724121e6d2c7dfac157,69f0f3c5beb6279e947be10c,"Suffolk Construction Company, Inc.",69fc9b6f2c4b2730d63db1d5,"DFW2DC1 - QTS Dallas I DC1, LLC",evidenceOfInsurance,Evidence of Insurance,6ac20aae-5728-5d57-b364-aeba38527dba,Additional Requirements,25da7a11-b805-5d7d-8deb-65519e743757,"Description of Operations must read: Quality Tech, LP, and its officers, directors, employees, parents, subsidiaries, affiliates, and related companies, successors, and permitted assigns",,matchOnce,must be present,,,non_compliant,Standard 3 with Drone Liability,,,true,0,,2026-08-16
QTS Data Centers,6a7ca724121e6d2c7dfac157,69f0f3c5beb6279e947be10c,"Suffolk Construction Company, Inc.",69fc9b6f2c4b2730d63db1d5,"DFW2DC1 - QTS Dallas I DC1, LLC",evidenceOfInsurance,Evidence of Insurance,6ac20aae-5728-5d57-b364-aeba38527dba,Additional Requirements,24a2347c-ab39-5dea-a6af-ad750440dde1,"Description of Operations must read: Commercial General Liability shall not include the following endorsements/exclusions or equivalent:

1. CG 2149 or CG 2155 o CG 2198 (Absolute Pollution Exclusion)
2. CG 2294 or CG 2295 (Damage to Work Performed by Contractors Exclusion)
3. CG 2139 (Contractual Limitation Endorsement)
4. CG 2196 (Silica or Silica Dust Exclusion), unless otherwise covered under an applicable pollution policy.
5. CG 2142 (Explosion, Collapse or Underground Exclusion)",,matchOnce,must be present,,,non_compliant,Standard 3 with Drone Liability,,,true,0,,2026-08-16
QTS Data Centers,6a7ca724121e6d2c7dfac157,69f0f3c5beb6279e947be10c,"Suffolk Construction Company, Inc.",69fc9b6f2c4b2730d63db1d5,"DFW2DC1 - QTS Dallas I DC1, LLC",evidenceOfInsurance,Evidence of Insurance,6ac20aae-5728-5d57-b364-aeba38527dba,Additional Requirements,71685e25-c6d0-5692-aaaf-30f59a2f9a83,"Description of Operations must read: Workers Compensation shall include ""all states"" coverage",,matchOnce,must be present,,,non_compliant,Standard 3 with Drone Liability,,,true,0,,2026-08-16
QTS Data Centers,6a7ca724121e6d2c7dfac157,69f0f3c5beb6279e947be10c,"Suffolk Construction Company, Inc.",69fc9b6f2c4b2730d63db1d5,"DFW2DC1 - QTS Dallas I DC1, LLC",evidenceOfInsurance,Evidence of Insurance,6ac20aae-5728-5d57-b364-aeba38527dba,Additional Requirements,03d7ddc3-a527-5f18-bdf6-355eb23cd9de,30-Day Notice of Cancellation must be present,,matchOnce,must be present,,,non_compliant,Standard 3 with Drone Liability,,,true,0,,2026-08-16
QTS Data Centers,6a7ca724121e6d2c7dfac157,69f0f3c5beb6279e947be10c,"Suffolk Construction Company, Inc.",69fc9b6f2c4b2730d63db1d5,"DFW2DC1 - QTS Dallas I DC1, LLC",evidenceOfInsurance,Evidence of Insurance,6ac20aae-5728-5d57-b364-aeba38527dba,Additional Requirements,655cb50e-155d-5f8c-af5e-e7386263aa58,"Certificate Holder must read as: ""Quality Technology Services, LLC, 
Attention: Procurement Department
300 Satellite Blvd NW, Suwanee, GA 30024.""",,matchOnce,must be present,,,non_compliant,Standard 3 with Drone Liability,,,true,0,,2026-08-16
QTS Data Centers,6a7ca816f08d6e4a3cf201de,69f0f3c5beb6279e947be0f8,"Layton Construction Company, LLC",6a18927fe701796d85e5de5c,DFW2DC5,evidenceOfInsurance,Evidence of Insurance,commercialGeneralLiability,Commercial General Liability,evidenceOfInsuranceCommercialGeneralLiabilityAMBestRating,AM Best Rating,,matchOnce,must be greater or equal to,130,,non_compliant,Standard 14,,,false,0,,2026-08-16
QTS Data Centers,6a7ca816f08d6e4a3cf201de,69f0f3c5beb6279e947be0f8,"Layton Construction Company, LLC",6a18927fe701796d85e5de5c,DFW2DC5,evidenceOfInsurance,Evidence of Insurance,commercialGeneralLiability,Commercial General Liability,evidenceOfInsuranceCommercialGeneralLiabilityAMBestFinancialStrength,AM Best Financial Strength,,matchOnce,must be greater or equal to,100,,non_compliant,Standard 14,,,false,0,,2026-08-16
QTS Data Centers,6a7ca816f08d6e4a3cf201de,69f0f3c5beb6279e947be0f8,"Layton Construction Company, LLC",6a18927fe701796d85e5de5c,DFW2DC5,evidenceOfInsurance,Evidence of Insurance,commercialGeneralLiability,Commercial General Liability,evidenceOfInsuranceCommercialGeneralLiabilityCoverageTriggerOccurrence,Coverage Trigger: Occurrence,,matchOnce,must be present,,,non_compliant,Standard 14,,,false,0,,2026-08-16
QTS Data Centers,6a7ca816f08d6e4a3cf201de,69f0f3c5beb6279e947be0f8,"Layton Construction Company, LLC",6a18927fe701796d85e5de5c,DFW2DC5,evidenceOfInsurance,Evidence of Insurance,commercialGeneralLiability,Commercial General Liability,evidenceOfInsuranceCommercialGeneralLiabilityGeneralAggregateLimitAppliesPerProject,General Aggregate Limit Applies per: Project,,matchOnce,must be present,,,non_compliant,Standard 14,,,false,0,,2026-08-16
QTS Data Centers,6a7ca816f08d6e4a3cf201de,69f0f3c5beb6279e947be0f8,"Layton Construction Company, LLC",6a18927fe701796d85e5de5c,DFW2DC5,evidenceOfInsurance,Evidence of Insurance,commercialGeneralLiability,Commercial General Liability,evidenceOfInsuranceCommercialGeneralLiabilityEachOccurrence,Each Occurrence,,matchOnce,must be greater or equal to,5000000,,non_compliant,Standard 14,,,false,0,,2026-08-16
QTS Data Centers,6a7ca816f08d6e4a3cf201de,69f0f3c5beb6279e947be0f8,"Layton Construction Company, LLC",6a18927fe701796d85e5de5c,DFW2DC5,evidenceOfInsurance,Evidence of Insurance,commercialGeneralLiability,Commercial General Liability,evidenceOfInsuranceCommercialGeneralLiabilityGeneralAggregate,General Aggregate,,matchOnce,must be greater or equal to,10000000,,non_compliant,Standard 14,,,false,0,,2026-08-16
QTS Data Centers,6a7ca816f08d6e4a3cf201de,69f0f3c5beb6279e947be0f8,"Layton Construction Company, LLC",6a18927fe701796d85e5de5c,DFW2DC5,evidenceOfInsurance,Evidence of Insurance,commercialGeneralLiability,Commercial General Liability,evidenceOfInsuranceCommercialGeneralLiabilityProducsCompletedOperationsAggregate,Products/Completed Operations Aggregate,,matchOnce,must be greater or equal to,5000000,,non_compliant,Standard 14,,,false,0,,2026-08-16
QTS Data Centers,6a7ca816f08d6e4a3cf201de,69f0f3c5beb6279e947be0f8,"Layton Construction Company, LLC",6a18927fe701796d85e5de5c,DFW2DC5,evidenceOfInsurance,Evidence of Insurance,commercialGeneralLiability,Commercial General Liability,evidenceOfInsuranceCommercialGeneralLiabilityAdditionalInsuredEndorsementOngoingOps,Additional Insured - Ongoing Operations,"---prompt---
Verify that additional insured coverage specifically includes ongoing operations. Look in the Description of Operations section for language like ""additional insured for ongoing operations"", ""CG 20 10"", ""CG 20 37"", or ""operations performed by or on behalf of the named insured"". The coverage should explicitly reference ongoing work, not just completed operations.",matchOnce,must be present,,,non_compliant,Standard 14,,,false,0,,2026-08-16
QTS Data Centers,6a7ca816f08d6e4a3cf201de,69f0f3c5beb6279e947be0f8,"Layton Construction Company, LLC",6a18927fe701796d85e5de5c,DFW2DC5,evidenceOfInsurance,Evidence of Insurance,commercialGeneralLiability,Commercial General Liability,evidenceOfInsuranceCommercialGeneralLiabilityAdditionalInsuredEndorsementCompletedOps,Additional Insured - Completed Operations,"---prompt---
Verify that additional insured coverage specifically includes completed operations. Look in the Description of Operations section for language like ""additional insured for completed operations"", ""CG 20 37"", ""products-completed operations"", or similar. This coverage protects the certificate holder for claims arising after work is finished.",matchOnce,must be present,,,non_compliant,Standard 14,,,false,0,,2026-08-16
QTS Data Centers,6a7ca816f08d6e4a3cf201de,69f0f3c5beb6279e947be0f8,"Layton Construction Company, LLC",6a18927fe701796d85e5de5c,DFW2DC5,evidenceOfInsurance,Evidence of Insurance,commercialGeneralLiability,Commercial General Liability,evidenceOfInsuranceCommercialGeneralLiabilityWaiverOfSubrogationEndorsement,Waiver of Subrogation,"---prompt---
Determine if the insurer has waived their right of subrogation in favor of the certificate holder under the Commercial General Liability policy. Evidence may include: a checked ""Waiver of Subrogation"" box on the certificate, mention in the Description of Operations section stating ""waiver of subrogation applies"", or reference to form CG 24 04. Look for language like ""subrogation is waived"" or ""per written contract"".",matchOnce,must be present,,,non_compliant,Standard 14,,,false,0,,2026-08-16
QTS Data Centers,6a7ca816f08d6e4a3cf201de,69f0f3c5beb6279e947be0f8,"Layton Construction Company, LLC",6a18927fe701796d85e5de5c,DFW2DC5,evidenceOfInsurance,Evidence of Insurance,commercialGeneralLiability,Commercial General Liability,evidenceOfInsuranceCommercialGeneralLiabilityPrimaryAndNonContributoryEndorsement,Primary and Non-Contributory,"---prompt---
Determine if the Commercial General Liability policy provides primary and non-contributory coverage for the certificate holder. Evidence may include: a checked ""Primary"" box on the certificate, mention in the Description of Operations section stating ""primary and non-contributory"", or reference to endorsement CG 20 01. Look for language indicating this policy will pay first before other applicable insurance and will not seek contribution.",matchOnce,must be present,,,non_compliant,Standard 14,,,false,0,,2026-08-16
QTS Data Centers,6a7ca816f08d6e4a3cf201de,69f0f3c5beb6279e947be0f8,"Layton Construction Company, LLC",6a18927fe701796d85e5de5c,DFW2DC5,evidenceOfInsurance,Evidence of Insurance,commercialGeneralLiability,Commercial General Liability,9c28ed56-e307-5cf9-88e9-0ada1f283104,Physical 30 Days Notice of Cancellation - 10 Days Notice for Non Payment Endorsement must be present,,matchOnce,must be present,,,non_compliant,Standard 14,,,true,0,,2026-08-16
QTS Data Centers,6a7ca816f08d6e4a3cf201de,69f0f3c5beb6279e947be0f8,"Layton Construction Company, LLC",6a18927fe701796d85e5de5c,DFW2DC5,evidenceOfInsurance,Evidence of Insurance,automobileLiability,Automobile Liability,evidenceOfInsuranceAutomobileLiabilityCombinedSingleLimitEachAccident,Combined Single Limit (each accident),,matchOnce,must be greater or equal to,1000000,,non_compliant,Standard 14,,,false,0,,2026-08-16
QTS Data Centers,6a7ca816f08d6e4a3cf201de,69f0f3c5beb6279e947be0f8,"Layton Construction Company, LLC",6a18927fe701796d85e5de5c,DFW2DC5,evidenceOfInsurance,Evidence of Insurance,automobileLiability,Automobile Liability,evidenceOfInsuranceAutomobileLiabilityCoverageAppliesToOwnedAutosOnly,Coverage Applies To: Owned Autos Only,,matchOnce,must be present,,,non_compliant,Standard 14,,,false,0,,2026-08-16
QTS Data Centers,6a7ca816f08d6e4a3cf201de,69f0f3c5beb6279e947be0f8,"Layton Construction Company, LLC",6a18927fe701796d85e5de5c,DFW2DC5,evidenceOfInsurance,Evidence of Insurance,automobileLiability,Automobile Liability,evidenceOfInsuranceAutomobileLiabilityCoverageAppliesToNonOwnedAutosOnly,Coverage Applies To: Non-Owned Autos Only,,matchOnce,must be present,,,non_compliant,Standard 14,,,false,0,,2026-08-16
QTS Data Centers,6a7ca816f08d6e4a3cf201de,69f0f3c5beb6279e947be0f8,"Layton Construction Company, LLC",6a18927fe701796d85e5de5c,DFW2DC5,evidenceOfInsurance,Evidence of Insurance,automobileLiability,Automobile Liability,evidenceOfInsuranceAutomobileLiabilityCoverageAppliesToHiredAutosOnly,Coverage Applies To: Hired Autos Only,,matchOnce,must be present,,,non_compliant,Standard 14,,,false,0,,2026-08-16
QTS Data Centers,6a7ca816f08d6e4a3cf201de,69f0f3c5beb6279e947be0f8,"Layton Construction Company, LLC",6a18927fe701796d85e5de5c,DFW2DC5,evidenceOfInsurance,Evidence of Insurance,automobileLiability,Automobile Liability,evidenceOfInsuranceAutomobileLiabilityAdditionalInsuredEndorsement,Additional Insured,"---prompt---
Determine if the certificate holder is covered as an additional insured under the Automobile Liability policy. Evidence may include: a checked ""Additional Insured"" box on the certificate for the auto section, mention in the Description of Operations section, or reference to blanket additional insured coverage. Look for form number CA 20 48 or language like ""certificate holder is additional insured"" or ""per written contract"".",matchOnce,must be present,,,non_compliant,Standard 14,,,false,0,,2026-08-16
QTS Data Centers,6a7ca816f08d6e4a3cf201de,69f0f3c5beb6279e947be0f8,"Layton Construction Company, LLC",6a18927fe701796d85e5de5c,DFW2DC5,evidenceOfInsurance,Evidence of Insurance,automobileLiability,Automobile Liability,evidenceOfInsuranceAutomobileLiabilityWaiverOfSubrogationEndorsement,Waiver of Subrogation,"---prompt---
Determine if the insurer has waived their right of subrogation in favor of the certificate holder under the Automobile Liability policy. Evidence may include: a checked ""Waiver of Subrogation"" box on the certificate, mention in the Description of Operations section stating ""waiver of subrogation applies"", or reference to form CA 04 44. Look for language like ""subrogation is waived"" or ""per written contract"".",matchOnce,must be present,,,non_compliant,Standard 14,,,false,0,,2026-08-16
QTS Data Centers,6a7ca816f08d6e4a3cf201de,69f0f3c5beb6279e947be0f8,"Layton Construction Company, LLC",6a18927fe701796d85e5de5c,DFW2DC5,evidenceOfInsurance,Evidence of Insurance,automobileLiability,Automobile Liability,evidenceOfInsuranceAutomobileLiabilityPrimaryAndNonContributoryEndorsement,Primary and Non-Contributory,"---prompt---
Determine if the Automobile Liability policy provides primary and non-contributory coverage for the certificate holder. Evidence may include: a checked ""Primary"" box on the certificate, mention in the Description of Operations section stating ""primary and non-contributory"". Look for language indicating this policy will pay first before other applicable insurance and will not seek contribution.",matchOnce,must be present,,,non_compliant,Standard 14,,,false,0,,2026-08-16
QTS Data Centers,6a7ca816f08d6e4a3cf201de,69f0f3c5beb6279e947be0f8,"Layton Construction Company, LLC",6a18927fe701796d85e5de5c,DFW2DC5,evidenceOfInsurance,Evidence of Insurance,automobileLiability,Automobile Liability,0e6f6daa-effc-5c25-af03-4f7e657ae801,Physical MCS-90 Endorsement must be present,,matchOnce,must be present,,,non_compliant,Standard 14,,,true,0,,2026-08-16
QTS Data Centers,6a7ca816f08d6e4a3cf201de,69f0f3c5beb6279e947be0f8,"Layton Construction Company, LLC",6a18927fe701796d85e5de5c,DFW2DC5,evidenceOfInsurance,Evidence of Insurance,excessOrUmbrellaLiability,Umbrella/Excess Liability,evidenceOfInsuranceExcessOrUmbrellaLiabilityOccurence,Coverage Trigger: Occurrence,,matchOnce,must be present,,,non_compliant,Standard 14,,,false,0,,2026-08-16
QTS Data Centers,6a7ca816f08d6e4a3cf201de,69f0f3c5beb6279e947be0f8,"Layton Construction Company, LLC",6a18927fe701796d85e5de5c,DFW2DC5,evidenceOfInsurance,Evidence of Insurance,excessOrUmbrellaLiability,Umbrella/Excess Liability,evidenceOfInsuranceExcessOrUmbrellaLiabilityEachOccurrence,Each Occurrence,,matchOnce,must be greater or equal to,50000000,,non_compliant,Standard 14,,,false,0,,2026-08-16
QTS Data Centers,6a7ca816f08d6e4a3cf201de,69f0f3c5beb6279e947be0f8,"Layton Construction Company, LLC",6a18927fe701796d85e5de5c,DFW2DC5,evidenceOfInsurance,Evidence of Insurance,excessOrUmbrellaLiability,Umbrella/Excess Liability,evidenceOfInsuranceExcessOrUmbrellaLiabilityAdditionalInsuredEndorsement,Additional Insured,"---prompt---
Determine if the certificate holder is covered as an additional insured under the Umbrella/Excess Liability policy. Evidence may include: a checked ""Additional Insured"" box on the certificate for the umbrella section, mention in the Description of Operations section, reference to ""follow form"" status (which would extend underlying additional insured status), or explicit language naming the certificate holder as additional insured on the umbrella.",matchOnce,must be present,,,non_compliant,Standard 14,,,false,0,,2026-08-16
QTS Data Centers,6a7ca816f08d6e4a3cf201de,69f0f3c5beb6279e947be0f8,"Layton Construction Company, LLC",6a18927fe701796d85e5de5c,DFW2DC5,evidenceOfInsurance,Evidence of Insurance,excessOrUmbrellaLiability,Umbrella/Excess Liability,evidenceOfInsuranceExcessOrUmbrellaLiabilityWaiverOfSubrogationEndorsement,Waiver of Subrogation,"---prompt---
Determine if the insurer has waived their right of subrogation in favor of the certificate holder under the Umbrella/Excess Liability policy. Evidence may include: a checked ""Waiver of Subrogation"" box on the certificate, mention in the Description of Operations section stating ""waiver of subrogation applies"", or reference to ""follow form"" status (which would extend underlying waiver). Look for language like ""subrogation is waived"" or ""per written contract"".",matchOnce,must be present,,,non_compliant,Standard 14,,,false,0,,2026-08-16
QTS Data Centers,6a7ca816f08d6e4a3cf201de,69f0f3c5beb6279e947be0f8,"Layton Construction Company, LLC",6a18927fe701796d85e5de5c,DFW2DC5,evidenceOfInsurance,Evidence of Insurance,excessOrUmbrellaLiability,Umbrella/Excess Liability,evidenceOfInsuranceExcessOrUmbrellaLiabilityPrimaryAndNonContributoryEndorsement,Primary and Non-Contributory,"---prompt---
Determine if the Umbrella/Excess Liability policy provides primary and non-contributory coverage for the certificate holder. Evidence may include: a checked ""Primary"" box on the certificate, mention in the Description of Operations section stating ""primary and non-contributory"", or reference to ""follow form"" status (which would extend underlying primary status). Look for language indicating this policy will pay first before other applicable insurance and will not seek contribution.",matchOnce,must be present,,,non_compliant,Standard 14,,,false,0,,2026-08-16
QTS Data Centers,6a7ca816f08d6e4a3cf201de,69f0f3c5beb6279e947be0f8,"Layton Construction Company, LLC",6a18927fe701796d85e5de5c,DFW2DC5,evidenceOfInsurance,Evidence of Insurance,workersCompensation,Workers' Compensation and Employer's Liability,evidenceOfInsuranceWorkersCompensationStatutoryLimits,Statutory Limits,,matchOnce,must be present,,,non_compliant,Standard 14,,,false,0,,2026-08-16
QTS Data Centers,6a7ca816f08d6e4a3cf201de,69f0f3c5beb6279e947be0f8,"Layton Construction Company, LLC",6a18927fe701796d85e5de5c,DFW2DC5,evidenceOfInsurance,Evidence of Insurance,workersCompensation,Workers' Compensation and Employer's Liability,evidenceOfInsuranceWorkersCompensationEmployersLiabilityDiseaseEachEmployee,Employer's Liability Disease - each employee,,matchOnce,must be greater or equal to,1000000,,non_compliant,Standard 14,,,false,0,,2026-08-16
QTS Data Centers,6a7ca816f08d6e4a3cf201de,69f0f3c5beb6279e947be0f8,"Layton Construction Company, LLC",6a18927fe701796d85e5de5c,DFW2DC5,evidenceOfInsurance,Evidence of Insurance,workersCompensation,Workers' Compensation and Employer's Liability,evidenceOfInsuranceWorkersCompensationEmployersLiabilityDiseasePolicyLimit,Employer's Liability Disease - policy limit,,matchOnce,must be greater or equal to,1000000,,non_compliant,Standard 14,,,false,0,,2026-08-16
QTS Data Centers,6a7ca816f08d6e4a3cf201de,69f0f3c5beb6279e947be0f8,"Layton Construction Company, LLC",6a18927fe701796d85e5de5c,DFW2DC5,evidenceOfInsurance,Evidence of Insurance,workersCompensation,Workers' Compensation and Employer's Liability,evidenceOfInsuranceWorkersCompensationEmployersLiabilityEachAccident,Employer's Liability Each Accident,,matchOnce,must be greater or equal to,1000000,,non_compliant,Standard 14,,,false,0,,2026-08-16
QTS Data Centers,6a7ca816f08d6e4a3cf201de,69f0f3c5beb6279e947be0f8,"Layton Construction Company, LLC",6a18927fe701796d85e5de5c,DFW2DC5,evidenceOfInsurance,Evidence of Insurance,workersCompensation,Workers' Compensation and Employer's Liability,evidenceOfInsuranceWorkersCompensationWaiverOfSubrogationEndorsement,Waiver of Subrogation,"---prompt---
Determine if the insurer has waived their right of subrogation in favor of the certificate holder under the Workers' Compensation policy. Evidence may include: a checked ""Waiver of Subrogation"" box on the certificate, mention in the Description of Operations section stating ""waiver of subrogation applies"", or reference to form WC 00 03 13. Look for language like ""subrogation is waived"" or ""per written contract"".",matchOnce,must be present,,,non_compliant,Standard 14,,,false,0,,2026-08-16
QTS Data Centers,6a7ca816f08d6e4a3cf201de,69f0f3c5beb6279e947be0f8,"Layton Construction Company, LLC",6a18927fe701796d85e5de5c,DFW2DC5,evidenceOfInsurance,Evidence of Insurance,professional,Professional Liability,evidenceOfInsuranceProfessionalLimitsEachClaim,Each Claim,,matchOnce,must be greater or equal to,5000000,,non_compliant,Standard 14,,,false,0,,2026-08-16
QTS Data Centers,6a7ca816f08d6e4a3cf201de,69f0f3c5beb6279e947be0f8,"Layton Construction Company, LLC",6a18927fe701796d85e5de5c,DFW2DC5,evidenceOfInsurance,Evidence of Insurance,6ac20aae-5728-5d57-b364-aeba38527dba,Additional Requirements,8d7b12d5-c6dc-5efe-8cbd-acd9adedde5b,Description of Operations must read: DFW2DC5,,matchOnce,must be present,,,non_compliant,Standard 14,,,true,0,,2026-08-16
QTS Data Centers,6a7ca816f08d6e4a3cf201de,69f0f3c5beb6279e947be0f8,"Layton Construction Company, LLC",6a18927fe701796d85e5de5c,DFW2DC5,evidenceOfInsurance,Evidence of Insurance,6ac20aae-5728-5d57-b364-aeba38527dba,Additional Requirements,25da7a11-b805-5d7d-8deb-65519e743757,"Description of Operations must read: Quality Tech, LP, and its officers, directors, employees, parents, subsidiaries, affiliates, and related companies, successors, and permitted assigns",,matchOnce,must be present,,,non_compliant,Standard 14,,,true,0,,2026-08-16
QTS Data Centers,6a7ca816f08d6e4a3cf201de,69f0f3c5beb6279e947be0f8,"Layton Construction Company, LLC",6a18927fe701796d85e5de5c,DFW2DC5,evidenceOfInsurance,Evidence of Insurance,6ac20aae-5728-5d57-b364-aeba38527dba,Additional Requirements,24a2347c-ab39-5dea-a6af-ad750440dde1,"Description of Operations must read: Commercial General Liability shall not include the following endorsements/exclusions or equivalent:

1. CG 2149 or CG 2155 o CG 2198 (Absolute Pollution Exclusion)
2. CG 2294 or CG 2295 (Damage to Work Performed by Contractors Exclusion)
3. CG 2139 (Contractual Limitation Endorsement)
4. CG 2196 (Silica or Silica Dust Exclusion), unless otherwise covered under an applicable pollution policy.
5. CG 2142 (Explosion, Collapse or Underground Exclusion)",,matchOnce,must be present,,,non_compliant,Standard 14,,,true,0,,2026-08-16
QTS Data Centers,6a7ca816f08d6e4a3cf201de,69f0f3c5beb6279e947be0f8,"Layton Construction Company, LLC",6a18927fe701796d85e5de5c,DFW2DC5,evidenceOfInsurance,Evidence of Insurance,6ac20aae-5728-5d57-b364-aeba38527dba,Additional Requirements,71685e25-c6d0-5692-aaaf-30f59a2f9a83,"Description of Operations must read: Workers Compensation shall include ""all states"" coverage",,matchOnce,must be present,,,non_compliant,Standard 14,,,true,0,,2026-08-16
QTS Data Centers,6a7ca816f08d6e4a3cf201de,69f0f3c5beb6279e947be0f8,"Layton Construction Company, LLC",6a18927fe701796d85e5de5c,DFW2DC5,evidenceOfInsurance,Evidence of Insurance,6ac20aae-5728-5d57-b364-aeba38527dba,Additional Requirements,03d7ddc3-a527-5f18-bdf6-355eb23cd9de,30-Day Notice of Cancellation must be present,,matchOnce,must be present,,,non_compliant,Standard 14,,,true,0,,2026-08-16
QTS Data Centers,6a7ca816f08d6e4a3cf201de,69f0f3c5beb6279e947be0f8,"Layton Construction Company, LLC",6a18927fe701796d85e5de5c,DFW2DC5,evidenceOfInsurance,Evidence of Insurance,6ac20aae-5728-5d57-b364-aeba38527dba,Additional Requirements,655cb50e-155d-5f8c-af5e-e7386263aa58,"Certificate Holder must read as: ""Quality Technology Services, LLC, 
Attention: Procurement Department
300 Satellite Blvd NW, Suwanee, GA 30024.""",,matchOnce,must be present,,,non_compliant,Standard 14,,,true,0,,2026-08-16